EcoFOCI/data/1_SampleCollection/2023_SikuliaqDBO_CruiseData/CTD_raw_BottleFile_SKQ23-12S/proc/skq202312s_016.ros
* Sea-Bird SBE 9 Data File:
* FileName = D:\CTD\SKQ202312S\SKQ202312S_016.hex
* Software Version Seasave V 7.26.7.121
* Temperature SN = 6177
* Conductivity SN = 0369
* Number of Bytes Per Scan = 41
* Number of Voltage Words = 4
* Number of Scans Averaged by the Deck Unit = 1
* NMEA Latitude = 64 40.76 N
* NMEA Longitude = 169 06.00 W
* NMEA UTC (Time) = Sep 17 2023  13:39:04
* NMEA baud rate = 4800
** Ship: R/V Sikuliaq
** Station Number: 016
** Station Name: DBO2.2
** Bottom Depth: 45
** Operator: SD
# nquan = 22
# nvalues = 882                                   
# units = specified
# name 0 = depSM: Depth [salt water, m]
# name 1 = latitude: Latitude [deg]
# name 2 = longitude: Longitude [deg]
# name 3 = prDM: Pressure, Digiquartz [db]
# name 4 = t090C: Temperature [ITS-90, deg C]
# name 5 = t190C: Temperature, 2 [ITS-90, deg C]
# name 6 = potemp090C: Potential Temperature [ITS-90, deg C]
# name 7 = sal00: Salinity, Practical [PSU]
# name 8 = sal11: Salinity, Practical, 2 [PSU]
# name 9 = density00: Density [density, kg/m^3]
# name 10 = sigma-é00: Density [sigma-theta, kg/m^3]
# name 11 = sbox0Mm/Kg: Oxygen, SBE 43 [umol/kg]
# name 12 = sbox1Mm/Kg: Oxygen, SBE 43, 2 [umol/kg]
# name 13 = oxsolMm/Kg: Oxygen Saturation, Garcia & Gordon [umol/kg]
# name 14 = sbeox0PS: Oxygen, SBE 43 [% saturation]
# name 15 = v0: Voltage 0
# name 16 = flECO-AFL: Fluorescence, WET Labs ECO-AFL/FL [mg/m^3]
# name 17 = CStarAt0: Beam Attenuation, WET Labs C-Star [1/m]
# name 18 = par: PAR/Irradiance, Biospherical/Licor
# name 19 = scan: Scan Count
# name 20 = nbf: Bottles Fired
# name 21 = flag:  0.000e+00
# interval = seconds: 0.0416667
# start_time = Sep 17 2023 13:42:59 [NMEA time, first data scan]
# bad_flag = -9.990e-29
*END*
[from data line 659]
     10.433   64.67936 -169.10008     10.537     2.6194     2.6197     2.6188    32.4490    32.4592  1025.9303    25.8807    298.249    284.883  331.97769     89.840     0.2662     1.2491     0.7446 1.0000e-12      19772         14  0.000e+00
     10.433   64.67936 -169.10008     10.537     2.6194     2.6197     2.6188    32.4491    32.4592  1025.9304    25.8808    298.250    284.896  331.97748     89.841     0.2637     1.2344     0.7446 1.0000e-12      19773         14  0.000e+00
     10.433   64.67936 -169.10008     10.537     2.6193     2.6200     2.6187    32.4492    32.4589  1025.9305    25.8809    298.473    284.934  331.97759     89.908     0.2650     1.2417     0.7446 1.0000e-12      19774         14  0.000e+00
     10.433   64.67936 -169.10008     10.537     2.6190     2.6197     2.6185    32.4495    32.4593  1025.9307    25.8812    298.294    284.978  331.97912     89.853     0.2650     1.2417     0.7446 1.0000e-12      19775         14  0.000e+00
     10.464   64.67938 -169.10008     10.568     2.6191     2.6197     2.6186    32.4495    32.4590  1025.9309    25.8812    298.298    285.001  331.97804     89.855     0.2650     1.2417     0.7446 1.0000e-12      19776         14  0.000e+00
     10.433   64.67938 -169.10008     10.537     2.6192     2.6198     2.6186    32.4496    32.4588  1025.9308    25.8812    298.303    285.023  331.97749     89.856     0.2637     1.2344     0.7446 1.0000e-12      19777         14  0.000e+00
     10.433   64.67938 -169.10008     10.537     2.6190     2.6198     2.6185    32.4493    32.4592  1025.9306    25.8810    298.752    285.047  331.97953     89.991     0.2650     1.2417     0.7446 1.0131e-03      19778         14  0.000e+00
     10.487   64.67938 -169.10008     10.591     2.6191     2.6200     2.6186    32.4489    32.4594  1025.9306    25.8807    298.612    285.074  331.97960     89.949     0.2637     1.2344     0.7446 2.7065e-03      19779         14  0.000e+00
     10.487   64.67938 -169.10008     10.591     2.6190     2.6203     2.6185    32.4489    32.4593  1025.9305    25.8807    298.397    285.101  331.98062     89.884     0.2650     1.2417     0.7446 3.0480e-03      19780         14  0.000e+00
     10.487   64.67938 -169.10008     10.591     2.6188     2.6203     2.6182    32.4491    32.4593  1025.9307    25.8809    298.404    285.132  331.98185     89.886     0.2637     1.2344     0.7446 1.0131e-03      19781         14  0.000e+00
     10.487   64.67938 -169.10008     10.591     2.6187     2.6206     2.6181    32.4487    32.4591  1025.9305    25.8806    298.376    285.162  331.98359     89.877     0.2650     1.2417     0.7408 1.0000e-12      19782         14  0.000e+00
     10.487   64.67938 -169.10008     10.591     2.6185     2.6206     2.6180    32.4483    32.4591  1025.9302    25.8803    298.606    284.977  331.98594     89.945     0.2650     1.2417     0.7396 1.0000e-12      19783         14  0.000e+00
     10.541   64.67938 -169.10008     10.646     2.6184     2.6206     2.6178    32.4486    32.4594  1025.9306    25.8805    298.432    285.164  331.98673     89.893     0.2637     1.2344     0.7396 1.0000e-12      19784         14  0.000e+00
     10.464   64.67938 -169.10008     10.568     2.6181     2.6210     2.6175    32.4490    32.4594  1025.9306    25.8809    298.440    284.974  331.98826     89.895     0.2650     1.2417     0.7408 1.0000e-12      19785         14  0.000e+00
     10.541   64.67938 -169.10008     10.646     2.6175     2.6212     2.6169    32.4496    32.4595  1025.9315    25.8814    298.640    284.968  331.99174     89.954     0.2637     1.2344     0.7408 8.4714e-06      19786         14  0.000e+00
     10.541   64.67938 -169.10008     10.646     2.6174     2.6217     2.6168    32.4490    32.4592  1025.9310    25.8809    298.466    284.959  331.99368     89.901     0.2650     1.2417     0.7408 1.0000e-12      19787         14  0.000e+00
     10.487   64.67938 -169.10008     10.591     2.6178     2.6223     2.6172    32.4490    32.4590  1025.9308    25.8809    298.471    284.948  331.99044     89.904     0.2637     1.2344     0.7408 1.0000e-12      19788         14  0.000e+00
     10.541   64.67938 -169.10008     10.646     2.6179     2.6221     2.6173    32.4493    32.4591  1025.9313    25.8811    298.484    284.949  331.98877     89.908     0.2650     1.2417     0.7396 1.0000e-12      19789         14  0.000e+00
     10.603   64.67938 -169.10008     10.708     2.6182     2.6215     2.6176    32.4491    32.4586  1025.9313    25.8809    298.498    284.958  331.98681     89.912     0.2637     1.2344     0.7408 1.0000e-12      19790         14  0.000e+00
     10.541   64.67938 -169.10008     10.646     2.6181     2.6210     2.6175    32.4490    32.4580  1025.9310    25.8809    298.474    284.963  331.98826     89.905     0.2650     1.2417     0.7408 1.0000e-12      19791         14  0.000e+00
     10.541   64.67938 -169.10008     10.646     2.6182     2.6203     2.6177    32.4490    32.4586  1025.9310    25.8809    298.488    284.971  331.98693     89.909     0.2650     1.2417     0.7396 1.0000e-12      19792         14  0.000e+00
     10.603   64.67938 -169.10008     10.708     2.6180     2.6201     2.6174    32.4495    32.4586  1025.9317    25.8813    298.690    284.956  331.98784     89.970     0.2637     1.2344     0.7408 1.0000e-12      19793         14  0.000e+00
     10.518   64.67938 -169.10008     10.622     2.6182     2.6200     2.6177    32.4489    32.4584  1025.9308    25.8808    298.737    284.741  331.98710     89.984     0.2637     1.2344     0.7408 1.0000e-12      19794         14  0.000e+00
     10.603   64.67938 -169.10008     10.708     2.6184     2.6200     2.6178    32.4492    32.4587  1025.9314    25.8810    298.532    284.729  331.98508     89.923     0.2637     1.2344     0.7396 4.7702e-03      19795         14  0.000e+00
     10.603   64.67938 -169.10008     10.708     2.6182     2.6205     2.6176    32.4490    32.4586  1025.9312    25.8808    298.731    284.713  331.98702     89.983     0.2650     1.2417     0.7396 1.0810e-02      19796         14  0.000e+00
     10.541   64.67938 -169.10008     10.646     2.6182     2.6203     2.6177    32.4488    32.4594  1025.9308    25.8807    298.816    284.899  331.98744     90.008     0.2650     1.2417     0.7408 1.2274e-02      19797         14  0.000e+00
     10.603   64.67938 -169.10008     10.708     2.6178     2.6204     2.6172    32.4496    32.4596  1025.9318    25.8814    298.833    284.892  331.98896     90.013     0.2686     1.2637     0.7408 1.1540e-02      19798         14  0.000e+00
      2.313   64.67936 -169.10010      2.336     2.6057     2.6069     2.6055    32.4470    32.4571  1025.8913    25.8803    300.071    288.007  332.09569     90.357     0.2491     1.1465     0.7508 5.1326e-01      23489         15  0.000e+00
      2.375   64.67936 -169.10010      2.398     2.6058     2.6066     2.6057    32.4467    32.4570  1025.8912    25.8800    300.073    287.873  332.09527     90.357     0.2491     1.1465     0.7508 3.8176e-01      23490         15  0.000e+00
      2.375   64.67936 -169.10010      2.398     2.6056     2.6067     2.6054    32.4474    32.4568  1025.8918    25.8805    300.293    287.705  332.09578     90.424     0.2503     1.1538     0.7508 2.9468e-01      23491         15  0.000e+00
      2.429   64.67936 -169.10010      2.453     2.6055     2.6064     2.6054    32.4469    32.4566  1025.8917    25.8801    300.331    287.738  332.09749     90.435     0.2503     1.1538     0.7508 2.8210e-01      23492         15  0.000e+00
      2.490   64.67936 -169.10010      2.515     2.6057     2.6062     2.6055    32.4469    32.4566  1025.8920    25.8801    300.365    287.744  332.09614     90.445     0.2491     1.1465     0.7508 2.6340e-01      23493         15  0.000e+00
      2.375   64.67936 -169.10010      2.398     2.6057     2.6064     2.6056    32.4473    32.4569  1025.8917    25.8804    300.171    287.736  332.09465     90.387     0.2503     1.1538     0.7508 2.4251e-01      23494         15  0.000e+00
      2.490   64.67936 -169.10010      2.515     2.6058     2.6062     2.6057    32.4469    32.4572  1025.8920    25.8802    300.171    287.738  332.09461     90.387     0.2491     1.1465     0.7508 2.3747e-01      23495         15  0.000e+00
      2.490   64.67936 -169.10010      2.515     2.6058     2.6066     2.6057    32.4469    32.4568  1025.8919    25.8801    300.166    287.926  332.09481     90.386     0.2503     1.1538     0.7508 2.6019e-01      23496         15  0.000e+00
      2.452   64.67936 -169.10010      2.476     2.6059     2.6066     2.6058    32.4473    32.4569  1025.8921    25.8804    300.379    288.133  332.09333     90.450     0.2491     1.1465     0.7508 2.9819e-01      23497         15  0.000e+00
      2.544   64.67936 -169.10010      2.569     2.6060     2.6067     2.6059    32.4471    32.4570  1025.8924    25.8803    300.374    287.994  332.09294     90.449     0.2503     1.1538     0.7508 3.1007e-01      23498         15  0.000e+00
      2.490   64.67936 -169.10010      2.515     2.6057     2.6072     2.6055    32.4473    32.4566  1025.8923    25.8805    300.401    287.796  332.09492     90.456     0.2491     1.1465     0.7508 2.9468e-01      23499         15  0.000e+00
      2.490   64.67936 -169.10010      2.515     2.6060     2.6071     2.6059    32.4470    32.4573  1025.8920    25.8802    300.424    287.774  332.09277     90.464     0.2503     1.1538     0.7508 2.6233e-01      23500         15  0.000e+00
      2.544   64.67936 -169.10010      2.569     2.6058     2.6072     2.6057    32.4474    32.4571  1025.8926    25.8805    300.451    287.949  332.09356     90.472     0.2503     1.1538     0.7508 2.5281e-01      23501         15  0.000e+00
      2.544   64.67936 -169.10010      2.569     2.6057     2.6071     2.6055    32.4474    32.4568  1025.8926    25.8805    300.255    288.167  332.09489     90.412     0.2503     1.1538     0.7508 2.7651e-01      23502         15  0.000e+00
      2.544   64.67936 -169.10010      2.569     2.6059     2.6069     2.6057    32.4471    32.4573  1025.8924    25.8803    300.460    287.985  332.09376     90.475     0.2515     1.1612     0.7508 3.7339e-01      23503         15  0.000e+00
      2.606   64.67936 -169.10010      2.632     2.6057     2.6072     2.6055    32.4470    32.4572  1025.8927    25.8803    300.523    287.776  332.09569     90.493     0.2503     1.1538     0.7508 4.1819e-01      23504         15  0.000e+00
      2.544   64.67936 -169.10010      2.569     2.6058     2.6071     2.6057    32.4466    32.4570  1025.8920    25.8799    300.541    287.933  332.09550     90.498     0.2515     1.1612     0.7508 4.1819e-01      23505         15  0.000e+00
      2.606   64.67936 -169.10010      2.632     2.6056     2.6074     2.6054    32.4472    32.4569  1025.8928    25.8804    300.563    288.111  332.09610     90.505     0.2503     1.1538     0.7508 4.0331e-01      23506         15  0.000e+00
      2.606   64.67936 -169.10010      2.632     2.6057     2.6073     2.6055    32.4475    32.4573  1025.8930    25.8806    300.580    287.913  332.09456     90.510     0.2515     1.1612     0.7496 3.9747e-01      23507         15  0.000e+00
      2.606   64.67936 -169.10010      2.632     2.6058     2.6074     2.6057    32.4474    32.4571  1025.8930    25.8806    300.595    287.688  332.09334     90.515     0.2503     1.1538     0.7508 4.0038e-01      23508         15  0.000e+00
      2.544   64.67936 -169.10010      2.570     2.6059     2.6071     2.6057    32.4476    32.4571  1025.8928    25.8807    300.606    287.633  332.09254     90.519     0.2515     1.1612     0.7508 4.5728e-01      23509         15  0.000e+00
      2.660   64.67936 -169.10010      2.686     2.6057     2.6072     2.6055    32.4480    32.4570  1025.8937    25.8810    300.625    287.580  332.09321     90.524     0.2503     1.1538     0.7496 4.9230e-01      23510         15  0.000e+00
      2.606   64.67936 -169.10010      2.632     2.6058     2.6074     2.6057    32.4475    32.4569  1025.8930    25.8806    300.598    287.517  332.09313     90.516     0.2515     1.1612     0.7508 4.9747e-01      23511         15  0.000e+00
      2.606   64.67936 -169.10010      2.632     2.6060     2.6073     2.6059    32.4472    32.4571  1025.8927    25.8803    300.568    287.873  332.09221     90.507     0.2503     1.1538     0.7508 4.3040e-01      23512         15  0.000e+00
      2.660   64.67936 -169.10010      2.686     2.6058     2.6070     2.6057    32.4471    32.4571  1025.8930    25.8803    300.578    287.684  332.09412     90.510     0.2515     1.1612     0.7496 3.8458e-01      23513         15  0.000e+00
      2.660   64.67936 -169.10010      2.686     2.6058     2.6074     2.6057    32.4468    32.4569  1025.8927    25.8801    300.583    287.462  332.09484     90.511     0.2515     1.1612     0.7508 3.7755e-01      23514         15  0.000e+00
      2.621   64.67936 -169.10010      2.647     2.6057     2.6070     2.6056    32.4469    32.4570  1025.8926    25.8801    300.366    287.416  332.09561     90.446     0.2503     1.1538     0.7496 3.0767e-01      23515         15  0.000e+00
      2.660   64.67936 -169.10010      2.686     2.6055     2.6074     2.6054    32.4475    32.4566  1025.8933    25.8807    300.555    287.366  332.09576     90.502     0.2515     1.1612     0.7496 2.4455e-01      23516         15  0.000e+00
      2.660   64.67936 -169.10010      2.686     2.6058     2.6072     2.6057    32.4471    32.4569  1025.8930    25.8803    300.554    287.316  332.09412     90.503     0.2503     1.1538     0.7496 2.3349e-01      23517         15  0.000e+00
      2.660   64.67936 -169.10010      2.686     2.6057     2.6071     2.6056    32.4470    32.4572  1025.8929    25.8802    300.556    287.288  332.09535     90.503     0.2515     1.1612     0.7508 2.2085e-01      23518         15  0.000e+00
      2.660   64.67936 -169.10010      2.686     2.6057     2.6074     2.6055    32.4469    32.4568  1025.8928    25.8802    300.555    287.036  332.09597     90.502     0.2503     1.1538     0.7508 2.0139e-01      23519         15  0.000e+00
      2.660   64.67936 -169.10010      2.686     2.6057     2.6070     2.6055    32.4474    32.4569  1025.8932    25.8805    300.551    286.787  332.09484     90.502     0.2515     1.1612     0.7508 1.9604e-01      23520         15  0.000e+00
      2.714   64.67936 -169.10010      2.741     2.6054     2.6071     2.6053    32.4473    32.4566  1025.8934    25.8805    300.551    287.083  332.09727     90.501     0.2503     1.1538     0.7496 2.3053e-01      23521         15  0.000e+00
      2.660   64.67936 -169.10010      2.686     2.6057     2.6069     2.6055    32.4469    32.4568  1025.8928    25.8802    300.541    287.026  332.09597     90.498     0.2515     1.1612     0.7496 3.1370e-01      23522         15  0.000e+00
      2.714   64.67936 -169.10010      2.741     2.6059     2.6069     2.6057    32.4469    32.4565  1025.8931    25.8802    300.534    286.995  332.09420     90.497     0.2503     1.1538     0.7483 3.4258e-01      23523         15  0.000e+00
      2.660   64.67936 -169.10010      2.686     2.6055     2.6067     2.6054    32.4474    32.4569  1025.8932    25.8806    300.525    286.589  332.09607     90.493     0.2515     1.1612     0.7496 3.2478e-01      23524         15  0.000e+00
      2.660   64.67936 -169.10010      2.686     2.6058     2.6067     2.6057    32.4471    32.4569  1025.8929    25.8803    300.513    286.904  332.09423     90.490     0.2601     1.2124     0.7496 2.7209e-01      23525         15  0.000e+00
      2.714   64.67936 -169.10010      2.741     2.6060     2.6067     2.6059    32.4472    32.4566  1025.8933    25.8804    300.501    286.676  332.09205     90.487     0.2698     1.2710     0.7496 2.5595e-01      23526         15  0.000e+00
