EcoFOCI/data/1_SampleCollection/2023_SikuliaqDBO_CruiseData/CTD_raw_BottleFile_SKQ23-12S/proc/skq202312s_016.ros
* Sea-Bird SBE 9 Data File:
* FileName = D:\CTD\SKQ202312S\SKQ202312S_016.hex
* Software Version Seasave V 7.26.7.121
* Temperature SN = 6177
* Conductivity SN = 0369
* Number of Bytes Per Scan = 41
* Number of Voltage Words = 4
* Number of Scans Averaged by the Deck Unit = 1
* NMEA Latitude = 64 40.76 N
* NMEA Longitude = 169 06.00 W
* NMEA UTC (Time) = Sep 17 2023  13:39:04
* NMEA baud rate = 4800
** Ship: R/V Sikuliaq
** Station Number: 016
** Station Name: DBO2.2
** Bottom Depth: 45
** Operator: SD
# nquan = 22
# nvalues = 882                                   
# units = specified
# name 0 = depSM: Depth [salt water, m]
# name 1 = latitude: Latitude [deg]
# name 2 = longitude: Longitude [deg]
# name 3 = prDM: Pressure, Digiquartz [db]
# name 4 = t090C: Temperature [ITS-90, deg C]
# name 5 = t190C: Temperature, 2 [ITS-90, deg C]
# name 6 = potemp090C: Potential Temperature [ITS-90, deg C]
# name 7 = sal00: Salinity, Practical [PSU]
# name 8 = sal11: Salinity, Practical, 2 [PSU]
# name 9 = density00: Density [density, kg/m^3]
# name 10 = sigma-é00: Density [sigma-theta, kg/m^3]
# name 11 = sbox0Mm/Kg: Oxygen, SBE 43 [umol/kg]
# name 12 = sbox1Mm/Kg: Oxygen, SBE 43, 2 [umol/kg]
# name 13 = oxsolMm/Kg: Oxygen Saturation, Garcia & Gordon [umol/kg]
# name 14 = sbeox0PS: Oxygen, SBE 43 [% saturation]
# name 15 = v0: Voltage 0
# name 16 = flECO-AFL: Fluorescence, WET Labs ECO-AFL/FL [mg/m^3]
# name 17 = CStarAt0: Beam Attenuation, WET Labs C-Star [1/m]
# name 18 = par: PAR/Irradiance, Biospherical/Licor
# name 19 = scan: Scan Count
# name 20 = nbf: Bottles Fired
# name 21 = flag:  0.000e+00
# interval = seconds: 0.0416667
# start_time = Sep 17 2023 13:42:59 [NMEA time, first data scan]
# bad_flag = -9.990e-29
*END*
[from data line 132]
     39.646   64.67944 -169.10000     40.042     2.9536     2.9543     2.9513    32.8430    32.8526  1026.3556    26.1676    263.567    250.812  328.25145     80.294     0.1819     0.7436     0.8253 1.0000e-12       6757          3  0.000e+00
     39.654   64.67944 -169.10000     40.049     2.9535     2.9542     2.9512    32.8430    32.8527  1026.3556    26.1677    263.577    250.983  328.25276     80.297     0.1807     0.7362     0.8253 1.0000e-12       6758          3  0.000e+00
     39.600   64.67944 -169.10000     39.995     2.9535     2.9542     2.9512    32.8430    32.8530  1026.3553    26.1676    263.547    250.979  328.25279     80.288     0.1819     0.7436     0.8253 1.0000e-12       6759          3  0.000e+00
     39.654   64.67944 -169.10000     40.049     2.9535     2.9544     2.9512    32.8425    32.8526  1026.3552    26.1673    263.558    251.002  328.25397     80.291     0.1807     0.7362     0.8253 1.0000e-12       6760          3  0.000e+00
     39.646   64.67944 -169.10000     40.042     2.9523     2.9542     2.9501    32.8438    32.8530  1026.3563    26.1684    263.571    251.001  328.26002     80.293     0.1807     0.7362     0.8253 1.0000e-12       6761          3  0.000e+00
     39.600   64.67944 -169.10000     39.995     2.9520     2.9542     2.9497    32.8437    32.8531  1026.3560    26.1683    263.579    250.803  328.26275     80.295     0.1807     0.7362     0.8253 1.0000e-12       6762          3  0.000e+00
     39.654   64.67944 -169.10000     40.049     2.9526     2.9542     2.9503    32.8437    32.8528  1026.3562    26.1683    263.584    250.783  328.25853     80.298     0.1807     0.7362     0.8253 1.0000e-12       6763          3  0.000e+00
     39.646   64.67944 -169.10000     40.042     2.9528     2.9545     2.9505    32.8434    32.8526  1026.3559    26.1680    263.807    250.759  328.25703     80.366     0.1819     0.7436     0.8215 1.0000e-12       6764          3  0.000e+00
     39.654   64.67944 -169.10000     40.049     2.9531     2.9546     2.9509    32.8434    32.8526  1026.3560    26.1680    263.665    250.737  328.25435     80.323     0.1807     0.7362     0.8202 1.0000e-12       6765          3  0.000e+00
     39.600   64.67944 -169.10000     39.995     2.9530     2.9545     2.9507    32.8431    32.8528  1026.3555    26.1678    263.672    250.716  328.25638     80.325     0.1819     0.7436     0.8190 1.0000e-12       6766          3  0.000e+00
     39.654   64.67944 -169.10000     40.049     2.9531     2.9548     2.9509    32.8433    32.8522  1026.3559    26.1679    263.680    250.698  328.25455     80.328     0.1807     0.7362     0.8202 1.0000e-12       6767          3  0.000e+00
     39.646   64.67944 -169.10000     40.042     2.9533     2.9548     2.9510    32.8434    32.8526  1026.3559    26.1680    263.686    250.679  328.25304     80.330     0.1807     0.7362     0.8202 1.0000e-12       6768          3  0.000e+00
     39.654   64.67944 -169.10000     40.049     2.9533     2.9548     2.9510    32.8432    32.8525  1026.3557    26.1678    263.730    250.663  328.25365     80.343     0.1807     0.7362     0.8202 1.0000e-12       6769          3  0.000e+00
     39.600   64.67944 -169.10000     39.995     2.9529     2.9547     2.9506    32.8434    32.8526  1026.3557    26.1680    263.740    250.645  328.25667     80.346     0.1807     0.7362     0.8202 1.0000e-12       6770          3  0.000e+00
     39.654   64.67944 -169.10000     40.049     2.9528     2.9548     2.9505    32.8437    32.8522  1026.3562    26.1683    263.750    250.632  328.25613     80.349     0.1795     0.7289     0.8190 1.0000e-12       6771          3  0.000e+00
     39.770   64.67944 -169.10000     40.166     2.9525     2.9506     2.9502    32.8433    32.8545  1026.3565    26.1680    263.670    251.493  328.25979     80.324     0.1343     0.4579     0.8368 1.0000e-12       7006          4  0.000e+00
     39.770   64.67944 -169.10000     40.166     2.9524     2.9510     2.9501    32.8434    32.8547  1026.3566    26.1681    263.641    251.463  328.26039     80.315     0.1294     0.4286     0.8330 1.0000e-12       7007          4  0.000e+00
     39.762   64.67944 -169.10000     40.158     2.9523     2.9518     2.9501    32.8435    32.8541  1026.3566    26.1681    263.647    251.429  328.26068     80.316     0.1319     0.4432     0.8330 1.0000e-12       7008          4  0.000e+00
     39.831   64.67944 -169.10000     40.229     2.9524     2.9525     2.9501    32.8438    32.8538  1026.3572    26.1684    263.655    251.203  328.25946     80.319     0.1306     0.4359     0.8330 1.0000e-12       7009          4  0.000e+00
     39.716   64.67944 -169.10000     40.112     2.9523     2.9531     2.9501    32.8434    32.8538  1026.3563    26.1681    263.658    251.143  328.26092     80.320     0.1319     0.4432     0.8330 1.0000e-12       7010          4  0.000e+00
     39.762   64.67944 -169.10000     40.158     2.9523     2.9542     2.9501    32.8434    32.8529  1026.3565    26.1681    263.665    251.086  328.26088     80.322     0.1306     0.4359     0.8330 1.0000e-12       7011          4  0.000e+00
     39.831   64.67944 -169.10000     40.229     2.9512     2.9553     2.9489    32.8435    32.8519  1026.3571    26.1683    263.682    251.031  328.27015     80.325     0.1319     0.4432     0.8330 1.0000e-12       7012          4  0.000e+00
     39.770   64.67944 -169.10000     40.166     2.9497     2.9560     2.9474    32.8448    32.8514  1026.3579    26.1694    263.694    250.996  328.27922     80.326     0.1306     0.4359     0.8317 1.0000e-12       7013          4  0.000e+00
     39.770   64.67944 -169.10000     40.166     2.9494     2.9556     2.9471    32.8446    32.8514  1026.3578    26.1693    263.666    250.948  328.28182     80.317     0.1319     0.4432     0.8330 1.0000e-12       7014          4  0.000e+00
     39.816   64.67944 -169.10000     40.213     2.9498     2.9542     2.9475    32.8442    32.8521  1026.3577    26.1689    263.633    250.906  328.27929     80.307     0.1331     0.4505     0.8330 1.0000e-12       7015          4  0.000e+00
     39.716   64.67944 -169.10000     40.112     2.9490     2.9535     2.9467    32.8454    32.8527  1026.3582    26.1699    263.599    251.050  328.28293     80.296     0.1306     0.4359     0.8330 1.0000e-12       7016          4  0.000e+00
     39.831   64.67944 -169.10000     40.229     2.9486     2.9527     2.9464    32.8451    32.8530  1026.3585    26.1697    263.645    251.054  328.28668     80.309     0.1319     0.4432     0.8330 1.0000e-12       7017          4  0.000e+00
     39.770   64.67944 -169.10000     40.166     2.9483     2.9514     2.9460    32.8455    32.8537  1026.3586    26.1701    263.647    250.859  328.28858     80.310     0.1319     0.4432     0.8330 1.0000e-12       7018          4  0.000e+00
     39.762   64.67944 -169.10000     40.158     2.9479     2.9502     2.9457    32.8460    32.8545  1026.3590    26.1705    263.652    251.033  328.29016     80.311     0.1319     0.4432     0.8330 1.0000e-12       7019          4  0.000e+00
     39.770   64.67944 -169.10000     40.166     2.9482     2.9496     2.9459    32.8457    32.8545  1026.3588    26.1703    263.654    251.032  328.28898     80.311     0.1306     0.4359     0.8330 1.0000e-12       7020          4  0.000e+00
     39.770   64.67944 -169.10000     40.166     2.9479     2.9493     2.9457    32.8460    32.8547  1026.3590    26.1705    263.876    251.030  328.29017     80.379     0.1319     0.4432     0.8330 1.0000e-12       7021          4  0.000e+00
     39.816   64.67944 -169.10000     40.213     2.9478     2.9492     2.9455    32.8462    32.8548  1026.3594    26.1707    263.478    250.832  328.29033     80.258     0.1306     0.4359     0.8330 1.0000e-12       7022          4  0.000e+00
     39.716   64.67944 -169.10000     40.112     2.9495     2.9486     2.9472    32.8457    32.8556  1026.3584    26.1702    263.431    250.804  328.27813     80.246     0.1319     0.4432     0.8330 1.0000e-12       7023          4  0.000e+00
     39.770   64.67944 -169.10000     40.166     2.9519     2.9487     2.9496    32.8441    32.8554  1026.3572    26.1687    263.388    250.780  328.26307     80.237     0.1331     0.4505     0.8330 1.0000e-12       7024          4  0.000e+00
     39.770   64.67944 -169.10000     40.166     2.9538     2.9488     2.9515    32.8429    32.8549  1026.3560    26.1675    263.783    250.780  328.25042     80.360     0.1306     0.4359     0.8330 1.0000e-12       7025          4  0.000e+00
     39.762   64.67944 -169.10000     40.158     2.9544     2.9492     2.9521    32.8425    32.8549  1026.3557    26.1672    263.600    250.973  328.24653     80.306     0.1319     0.4432     0.8342 1.0000e-12       7026          4  0.000e+00
     39.770   64.67944 -169.10000     40.166     2.9545     2.9494     2.9522    32.8430    32.8546  1026.3561    26.1676    263.603    250.973  328.24403     80.307     0.1306     0.4359     0.8406 1.0000e-12       7027          4  0.000e+00
     39.716   64.67944 -169.10000     40.112     2.9543     2.9495     2.9520    32.8427    32.8546  1026.3556    26.1673    263.608    250.972  328.24706     80.308     0.1319     0.4432     0.8432 8.4714e-06       7028          4  0.000e+00
     39.716   64.67944 -169.10000     40.112     2.9533     2.9496     2.9510    32.8434    32.8544  1026.3562    26.1680    263.618    250.777  328.25313     80.309     0.1306     0.4359     0.8432 1.0000e-12       7029          4  0.000e+00
     39.762   64.67944 -169.10000     40.158     2.9535     2.9499     2.9512    32.8436    32.8543  1026.3566    26.1681    263.623    250.974  328.25129     80.311     0.1319     0.4432     0.8432 1.0000e-12       7030          4  0.000e+00
     39.716   64.67944 -169.10000     40.112     2.9542     2.9499     2.9519    32.8430    32.8542  1026.3558    26.1676    263.621    251.000  328.24665     80.312     0.1429     0.5091     0.8432 1.0000e-12       7031          4  0.000e+00
     39.716   64.67944 -169.10000     40.112     2.9552     2.9498     2.9529    32.8420    32.8547  1026.3550    26.1667    263.620    251.027  328.24129     80.313     0.1514     0.5604     0.8432 1.0000e-12       7032          4  0.000e+00
     39.762   64.67944 -169.10000     40.158     2.9558     2.9514     2.9535    32.8416    32.8539  1026.3548    26.1663    263.622    251.048  328.23727     80.315     0.1538     0.5751     0.8432 1.0000e-12       7033          4  0.000e+00
     39.716   64.67944 -169.10000     40.112     2.9557     2.9539     2.9534    32.8416    32.8529  1026.3546    26.1663    263.409    250.865  328.23850     80.249     0.1514     0.5604     0.8432 1.0000e-12       7034          4  0.000e+00
     39.654   64.67944 -169.10000     40.049     2.9558     2.9555     2.9535    32.8421    32.8523  1026.3546    26.1667    263.811    251.033  328.23602     80.372     0.1514     0.5604     0.8432 1.0000e-12       7035          4  0.000e+00
     39.716   64.67944 -169.10000     40.112     2.9561     2.9559     2.9539    32.8417    32.8522  1026.3546    26.1664    263.851    251.063  328.23431     80.385     0.1514     0.5604     0.8432 1.0000e-12       7036          4  0.000e+00
     39.708   64.67944 -169.10000     40.104     2.9560     2.9568     2.9537    32.8420    32.8518  1026.3549    26.1667    263.889    251.089  328.23479     80.396     0.1514     0.5604     0.8432 1.0000e-12       7037          4  0.000e+00
     39.654   64.67944 -169.10000     40.049     2.9561     2.9572     2.9539    32.8417    32.8515  1026.3543    26.1664    263.705    251.314  328.23423     80.341     0.1514     0.5604     0.8432 1.0000e-12       7038          4  0.000e+00
     39.654   64.67944 -169.10000     40.049     2.9560     2.9575     2.9537    32.8421    32.8513  1026.3546    26.1667    263.925    251.368  328.23472     80.407     0.1514     0.5604     0.8432 1.0000e-12       7039          4  0.000e+00
     39.654   64.67944 -169.10000     40.049     2.9560     2.9579     2.9537    32.8421    32.8507  1026.3547    26.1667    263.960    251.227  328.23452     80.418     0.1526     0.5678     0.8432 1.0000e-12       7040          4  0.000e+00
     39.708   64.67944 -169.10000     40.104     2.9565     2.9578     2.9542    32.8420    32.8509  1026.3548    26.1666    263.738    251.240  328.23090     80.351     0.1514     0.5604     0.8432 1.0000e-12       7041          4  0.000e+00
     39.600   64.67944 -169.10000     39.995     2.9565     2.9579     2.9542    32.8420    32.8510  1026.3543    26.1666    263.731    251.246  328.23096     80.349     0.1526     0.5678     0.8432 1.0000e-12       7042          4  0.000e+00
     39.654   64.67944 -169.10000     40.049     2.9566     2.9584     2.9543    32.8418    32.8504  1026.3543    26.1664    263.729    251.451  328.23024     80.349     0.1514     0.5604     0.8432 1.0000e-12       7043          4  0.000e+00
     39.646   64.67944 -169.10000     40.042     2.9566     2.9581     2.9543    32.8415    32.8510  1026.3541    26.1662    263.727    251.484  328.23083     80.348     0.1514     0.5604     0.8432 1.0000e-12       7044          4  0.000e+00
     39.600   64.67944 -169.10000     39.995     2.9569     2.9580     2.9547    32.8416    32.8510  1026.3539    26.1662    263.756    251.514  328.22807     80.358     0.1502     0.5531     0.8432 1.0000e-12       7045          4  0.000e+00
     39.600   64.67944 -169.10000     39.995     2.9565     2.9577     2.9542    32.8420    32.8512  1026.3543    26.1666    263.975    251.546  328.23096     80.424     0.1514     0.5604     0.8445 8.4714e-06       7046          4  0.000e+00
     39.600   64.67944 -169.10000     39.995     2.9565     2.9578     2.9542    32.8417    32.8511  1026.3541    26.1664    263.790    251.575  328.23166     80.367     0.1514     0.5604     0.8509 1.0000e-12       7047          4  0.000e+00
     39.646   64.67944 -169.10000     40.042     2.9565     2.9579     2.9542    32.8418    32.8512  1026.3544    26.1665    264.006    251.604  328.23132     80.433     0.1514     0.5604     0.8560 1.0000e-12       7048          4  0.000e+00
     39.538   64.67944 -169.10000     39.932     2.9560     2.9578     2.9537    32.8420    32.8512  1026.3541    26.1667    264.037    251.434  328.23477     80.441     0.1526     0.5678     0.8560 1.0000e-12       7049          4  0.000e+00
     39.600   64.67944 -169.10000     39.995     2.9561     2.9579     2.9539    32.8419    32.8510  1026.3542    26.1666    264.067    251.659  328.23375     80.451     0.1514     0.5604     0.8547 8.4714e-06       7050          4  0.000e+00
     39.538   64.67944 -169.10000     39.932     2.9561     2.9576     2.9539    32.8420    32.8510  1026.3540    26.1666    264.093    251.686  328.23347     80.459     0.1526     0.5678     0.8560 1.0000e-12       7051          4  0.000e+00
     39.592   64.67944 -169.10000     39.987     2.9557     2.9577     2.9534    32.8420    32.8510  1026.3543    26.1667    264.124    251.714  328.23743     80.467     0.1514     0.5604     0.8547 1.0000e-12       7052          4  0.000e+00
     39.538   64.67944 -169.10000     39.932     2.9557     2.9575     2.9534    32.8422    32.8515  1026.3542    26.1668    263.856    251.739  328.23706     80.386     0.1514     0.5604     0.8560 8.4714e-06       7053          4  0.000e+00
     39.538   64.67944 -169.10000     39.932     2.9557     2.9574     2.9534    32.8422    32.8515  1026.3543    26.1669    263.843    251.764  328.23686     80.382     0.1502     0.5531     0.8560 1.0000e-12       7054          4  0.000e+00
     29.855   64.67940 -169.10002     30.152     2.7000     2.7118     2.6984    32.7053    32.7218  1026.2208    26.0790    260.718    250.078  330.66607     78.846     0.1526     0.5678     0.7521 1.0000e-12      11232          5  0.000e+00
