EcoFOCI/data/1_SampleCollection/2023_SikuliaqDBO_CruiseData/CTD_raw_BottleFile_SKQ23-12S/proc/skq202312s_038svp.cnv
* Sea-Bird SBE 9 Data File:
* FileName = D:\CTD\SKQ202312S\SKQ202312S_038.hex
* Software Version Seasave V 7.26.7.121
* Temperature SN = 6177
* Conductivity SN = 0369
* Number of Bytes Per Scan = 41
* Number of Voltage Words = 4
* Number of Scans Averaged by the Deck Unit = 1
* NMEA Latitude = 71 15.45 N
* NMEA Longitude = 160 27.73 W
* NMEA UTC (Time) = Sep 23 2023  10:47:29
* NMEA baud rate = 4800
** Ship: R/V Sikuliaq
** Station Number: 038
** Station Name: DBO4.1na
** Bottom Depth: 51
** Operator: SS
# nquan = 7
# nvalues = 4735                                  
# units = specified
# name 0 = depSM: Depth [salt water, m]
# name 1 = latitude: Latitude [deg]
# name 2 = longitude: Longitude [deg]
# name 3 = t090C: Temperature [ITS-90, deg C]
# name 4 = sal00: Salinity, Practical [PSU]
# name 5 = svCM: Sound Velocity [Chen-Millero, m/s]
# name 6 = flag:  0.000e+00
# span 0 =      1.549,     46.173                 
# span 1 =   71.25746,   71.25746                 
# span 2 = -160.46242, -160.46232                 
# span 3 =    -1.6715,     2.4743                 
# span 4 =    27.5998,    32.6456                 
# span 5 =    1438.52,    1450.73                 
# span 6 = 0.0000e+00, 0.0000e+00                 
# interval = seconds: 0.0416667
# start_time = Sep 23 2023 10:50:45 [NMEA time, first data scan]
# bad_flag = -9.990e-29
*END*
[from data line 1026]
      6.677   71.25746 -160.46238     2.4702    27.6085    1450.61  0.000e+00
      6.677   71.25746 -160.46238     2.4702    27.6090    1450.61  0.000e+00
      6.731   71.25746 -160.46238     2.4704    27.6087    1450.61  0.000e+00
      6.677   71.25746 -160.46238     2.4704    27.6084    1450.61  0.000e+00
      6.731   71.25746 -160.46238     2.4704    27.6081    1450.61  0.000e+00
      6.731   71.25746 -160.46238     2.4702    27.6082    1450.61  0.000e+00
      6.731   71.25746 -160.46238     2.4702    27.6084    1450.61  0.000e+00
      6.731   71.25746 -160.46238     2.4704    27.6089    1450.61  0.000e+00
      6.762   71.25746 -160.46238     2.4703    27.6089    1450.61  0.000e+00
      6.731   71.25746 -160.46238     2.4702    27.6089    1450.61  0.000e+00
      6.793   71.25746 -160.46238     2.4702    27.6087    1450.61  0.000e+00
      6.731   71.25746 -160.46238     2.4704    27.6091    1450.61  0.000e+00
      6.792   71.25746 -160.46238     2.4707    27.6093    1450.61  0.000e+00
      6.792   71.25746 -160.46238     2.4708    27.6094    1450.61  0.000e+00
      6.846   71.25746 -160.46238     2.4707    27.6091    1450.61  0.000e+00
      6.792   71.25746 -160.46238     2.4707    27.6093    1450.61  0.000e+00
      6.792   71.25746 -160.46238     2.4705    27.6094    1450.61  0.000e+00
      6.846   71.25746 -160.46238     2.4707    27.6095    1450.61  0.000e+00
      6.846   71.25746 -160.46238     2.4708    27.6096    1450.61  0.000e+00
      6.792   71.25746 -160.46238     2.4707    27.6099    1450.61  0.000e+00
      6.846   71.25746 -160.46238     2.4707    27.6097    1450.61  0.000e+00
      6.900   71.25746 -160.46238     2.4708    27.6095    1450.61  0.000e+00
      6.846   71.25746 -160.46238     2.4707    27.6095    1450.61  0.000e+00
      6.846   71.25746 -160.46238     2.4707    27.6096    1450.61  0.000e+00
      6.900   71.25746 -160.46238     2.4708    27.6095    1450.61  0.000e+00
      6.900   71.25746 -160.46238     2.4707    27.6095    1450.61  0.000e+00
      6.900   71.25746 -160.46238     2.4707    27.6098    1450.61  0.000e+00
      6.900   71.25746 -160.46238     2.4707    27.6096    1450.61  0.000e+00
      6.900   71.25746 -160.46238     2.4708    27.6096    1450.61  0.000e+00
      6.962   71.25746 -160.46238     2.4708    27.6095    1450.61  0.000e+00
      6.900   71.25746 -160.46238     2.4708    27.6099    1450.61  0.000e+00
      6.962   71.25746 -160.46238     2.4708    27.6100    1450.62  0.000e+00
      6.962   71.25746 -160.46238     2.4708    27.6100    1450.62  0.000e+00
      6.962   71.25746 -160.46238     2.4707    27.6098    1450.61  0.000e+00
      6.962   71.25746 -160.46238     2.4710    27.6092    1450.61  0.000e+00
      7.016   71.25746 -160.46238     2.4707    27.6086    1450.61  0.000e+00
      6.962   71.25746 -160.46238     2.4705    27.6091    1450.61  0.000e+00
      7.016   71.25746 -160.46238     2.4707    27.6091    1450.61  0.000e+00
      7.016   71.25746 -160.46238     2.4706    27.6092    1450.61  0.000e+00
      6.992   71.25746 -160.46238     2.4705    27.6093    1450.61  0.000e+00
      7.015   71.25746 -160.46238     2.4708    27.6090    1450.61  0.000e+00
      7.015   71.25746 -160.46238     2.4707    27.6093    1450.61  0.000e+00
      7.015   71.25746 -160.46238     2.4707    27.6092    1450.61  0.000e+00
      7.077   71.25746 -160.46238     2.4707    27.6094    1450.62  0.000e+00
      7.015   71.25746 -160.46238     2.4710    27.6093    1450.62  0.000e+00
      7.077   71.25746 -160.46238     2.4707    27.6100    1450.62  0.000e+00
      7.015   71.25746 -160.46238     2.4710    27.6094    1450.62  0.000e+00
      7.077   71.25746 -160.46238     2.4708    27.6096    1450.62  0.000e+00
      7.077   71.25746 -160.46238     2.4710    27.6099    1450.62  0.000e+00
      7.077   71.25746 -160.46238     2.4710    27.6093    1450.62  0.000e+00
      7.131   71.25746 -160.46238     2.4710    27.6098    1450.62  0.000e+00
      7.077   71.25746 -160.46238     2.4710    27.6098    1450.62  0.000e+00
      7.077   71.25746 -160.46238     2.4712    27.6094    1450.62  0.000e+00
      7.131   71.25746 -160.46238     2.4710    27.6093    1450.62  0.000e+00
      7.131   71.25746 -160.46238     2.4708    27.6098    1450.62  0.000e+00
      7.077   71.25746 -160.46238     2.4708    27.6097    1450.62  0.000e+00
      7.131   71.25746 -160.46238     2.4710    27.6101    1450.62  0.000e+00
      7.131   71.25746 -160.46238     2.4708    27.6108    1450.62  0.000e+00
      7.131   71.25746 -160.46238     2.4708    27.6115    1450.62  0.000e+00
      7.131   71.25746 -160.46238     2.4710    27.6110    1450.62  0.000e+00
      7.131   71.25746 -160.46238     2.4710    27.6111    1450.62  0.000e+00
      7.131   71.25746 -160.46238     2.4710    27.6105    1450.62  0.000e+00
      7.192   71.25746 -160.46238     2.4710    27.6100    1450.62  0.000e+00
      7.131   71.25746 -160.46238     2.4710    27.6102    1450.62  0.000e+00
      7.192   71.25746 -160.46238     2.4712    27.6101    1450.62  0.000e+00
      7.131   71.25746 -160.46238     2.4712    27.6099    1450.62  0.000e+00
      7.161   71.25746 -160.46238     2.4713    27.6099    1450.62  0.000e+00
      7.192   71.25746 -160.46238     2.4712    27.6097    1450.62  0.000e+00
      7.192   71.25746 -160.46238     2.4710    27.6098    1450.62  0.000e+00
      7.192   71.25746 -160.46238     2.4712    27.6092    1450.62  0.000e+00
      7.192   71.25746 -160.46238     2.4712    27.6093    1450.62  0.000e+00
      7.246   71.25746 -160.46238     2.4710    27.6093    1450.62  0.000e+00
      7.192   71.25746 -160.46238     2.4710    27.6092    1450.62  0.000e+00
      7.192   71.25746 -160.46238     2.4710    27.6092    1450.62  0.000e+00
      7.192   71.25746 -160.46238     2.4712    27.6089    1450.62  0.000e+00
      7.246   71.25746 -160.46238     2.4708    27.6091    1450.62  0.000e+00
      7.192   71.25746 -160.46238     2.4710    27.6092    1450.62  0.000e+00
      7.246   71.25746 -160.46238     2.4707    27.6095    1450.62  0.000e+00
      7.246   71.25746 -160.46238     2.4710    27.6092    1450.62  0.000e+00
      7.246   71.25746 -160.46238     2.4708    27.6095    1450.62  0.000e+00
      7.246   71.25746 -160.46238     2.4708    27.6094    1450.62  0.000e+00
      7.192   71.25746 -160.46238     2.4710    27.6096    1450.62  0.000e+00
      7.300   71.25746 -160.46238     2.4709    27.6094    1450.62  0.000e+00
      7.246   71.25746 -160.46238     2.4712    27.6093    1450.62  0.000e+00
      7.246   71.25746 -160.46238     2.4710    27.6095    1450.62  0.000e+00
      7.246   71.25746 -160.46238     2.4710    27.6097    1450.62  0.000e+00
      7.300   71.25746 -160.46238     2.4708    27.6096    1450.62  0.000e+00
      7.246   71.25746 -160.46238     2.4707    27.6099    1450.62  0.000e+00
      7.300   71.25746 -160.46238     2.4710    27.6097    1450.62  0.000e+00
      7.300   71.25746 -160.46238     2.4708    27.6100    1450.62  0.000e+00
      7.300   71.25746 -160.46238     2.4710    27.6101    1450.62  0.000e+00
      7.276   71.25746 -160.46238     2.4713    27.6097    1450.62  0.000e+00
      7.361   71.25746 -160.46238     2.4713    27.6098    1450.62  0.000e+00
      7.300   71.25746 -160.46238     2.4712    27.6101    1450.62  0.000e+00
      7.300   71.25746 -160.46238     2.4712    27.6101    1450.62  0.000e+00
      7.361   71.25746 -160.46238     2.4710    27.6102    1450.62  0.000e+00
      7.300   71.25746 -160.46238     2.4712    27.6098    1450.62  0.000e+00
      7.361   71.25746 -160.46238     2.4711    27.6099    1450.62  0.000e+00
      7.361   71.25746 -160.46238     2.4712    27.6098    1450.62  0.000e+00
      7.361   71.25746 -160.46238     2.4708    27.6101    1450.62  0.000e+00
      7.361   71.25746 -160.46238     2.4712    27.6094    1450.62  0.000e+00
      7.361   71.25746 -160.46238     2.4710    27.6094    1450.62  0.000e+00
      7.415   71.25746 -160.46238     2.4710    27.6092    1450.62  0.000e+00
      7.361   71.25746 -160.46238     2.4708    27.6099    1450.62  0.000e+00
      7.415   71.25746 -160.46238     2.4710    27.6098    1450.62  0.000e+00
      7.415   71.25746 -160.46238     2.4710    27.6097    1450.62  0.000e+00
      7.415   71.25746 -160.46238     2.4710    27.6100    1450.62  0.000e+00
      7.477   71.25746 -160.46238     2.4708    27.6103    1450.62  0.000e+00
      7.415   71.25746 -160.46238     2.4710    27.6098    1450.62  0.000e+00
      7.477   71.25746 -160.46238     2.4710    27.6098    1450.62  0.000e+00
      7.477   71.25746 -160.46238     2.4710    27.6100    1450.62  0.000e+00
      7.415   71.25746 -160.46238     2.4708    27.6101    1450.62  0.000e+00
      7.476   71.25746 -160.46238     2.4707    27.6101    1450.62  0.000e+00
      7.530   71.25746 -160.46238     2.4708    27.6102    1450.62  0.000e+00
      7.415   71.25746 -160.46238     2.4708    27.6101    1450.62  0.000e+00
      7.561   71.25746 -160.46238     2.4710    27.6096    1450.63  0.000e+00
      7.530   71.25746 -160.46238     2.4710    27.6096    1450.62  0.000e+00
      7.592   71.25746 -160.46238     2.4708    27.6097    1450.63  0.000e+00
      7.530   71.25746 -160.46238     2.4710    27.6094    1450.62  0.000e+00
      7.592   71.25746 -160.46238     2.4705    27.6097    1450.62  0.000e+00
      7.592   71.25746 -160.46238     2.4707    27.6096    1450.62  0.000e+00
      7.530   71.25746 -160.46238     2.4707    27.6100    1450.62  0.000e+00
      7.646   71.25746 -160.46238     2.4708    27.6104    1450.63  0.000e+00
      7.592   71.25746 -160.46238     2.4707    27.6113    1450.63  0.000e+00
      7.646   71.25746 -160.46238     2.4710    27.6122    1450.63  0.000e+00
      7.646   71.25746 -160.46238     2.4713    27.6124    1450.63  0.000e+00
      7.646   71.25746 -160.46238     2.4715    27.6125    1450.63  0.000e+00
      7.646   71.25746 -160.46238     2.4716    27.6125    1450.63  0.000e+00
      7.700   71.25746 -160.46238     2.4716    27.6128    1450.63  0.000e+00
      7.700   71.25746 -160.46238     2.4718    27.6128    1450.63  0.000e+00
      7.700   71.25746 -160.46238     2.4719    27.6121    1450.63  0.000e+00
      7.700   71.25746 -160.46238     2.4719    27.6125    1450.64  0.000e+00
      7.761   71.25746 -160.46238     2.4721    27.6128    1450.64  0.000e+00
      7.761   71.25746 -160.46238     2.4721    27.6135    1450.64  0.000e+00
      7.761   71.25746 -160.46238     2.4721    27.6137    1450.64  0.000e+00
      7.738   71.25746 -160.46238     2.4722    27.6138    1450.64  0.000e+00
      7.815   71.25746 -160.46238     2.4724    27.6138    1450.64  0.000e+00
      7.815   71.25746 -160.46238     2.4724    27.6146    1450.64  0.000e+00
      7.815   71.25746 -160.46238     2.4726    27.6148    1450.64  0.000e+00
      7.815   71.25746 -160.46238     2.4724    27.6152    1450.64  0.000e+00
      7.815   71.25746 -160.46238     2.4726    27.6154    1450.64  0.000e+00
      7.877   71.25746 -160.46238     2.4727    27.6153    1450.65  0.000e+00
      7.877   71.25746 -160.46238     2.4726    27.6152    1450.64  0.000e+00
      7.877   71.25746 -160.46238     2.4727    27.6147    1450.64  0.000e+00
      7.877   71.25746 -160.46238     2.4727    27.6147    1450.64  0.000e+00
      7.931   71.25746 -160.46238     2.4727    27.6148    1450.65  0.000e+00
      7.877   71.25746 -160.46238     2.4727    27.6152    1450.65  0.000e+00
      7.931   71.25746 -160.46238     2.4727    27.6154    1450.65  0.000e+00
      7.931   71.25746 -160.46238     2.4729    27.6152    1450.65  0.000e+00
      7.931   71.25746 -160.46238     2.4727    27.6155    1450.65  0.000e+00
      7.992   71.25746 -160.46238     2.4729    27.6154    1450.65  0.000e+00
      7.931   71.25746 -160.46238     2.4729    27.6156    1450.65  0.000e+00
      7.992   71.25746 -160.46238     2.4729    27.6160    1450.65  0.000e+00
      7.992   71.25746 -160.46238     2.4731    27.6162    1450.65  0.000e+00
      8.023   71.25746 -160.46238     2.4732    27.6161    1450.65  0.000e+00
      7.992   71.25746 -160.46238     2.4731    27.6162    1450.65  0.000e+00
      7.992   71.25746 -160.46238     2.4731    27.6159    1450.65  0.000e+00
      8.046   71.25746 -160.46238     2.4729    27.6160    1450.65  0.000e+00
      7.992   71.25746 -160.46238     2.4733    27.6161    1450.65  0.000e+00
      8.046   71.25746 -160.46238     2.4731    27.6161    1450.65  0.000e+00
      8.046   71.25746 -160.46238     2.4731    27.6158    1450.65  0.000e+00
      8.046   71.25746 -160.46238     2.4732    27.6154    1450.65  0.000e+00
      8.046   71.25746 -160.46238     2.4731    27.6155    1450.65  0.000e+00
      8.046   71.25746 -160.46238     2.4732    27.6154    1450.65  0.000e+00
      8.046   71.25746 -160.46238     2.4729    27.6159    1450.65  0.000e+00
      8.046   71.25746 -160.46238     2.4731    27.6161    1450.65  0.000e+00
      8.100   71.25746 -160.46238     2.4729    27.6160    1450.65  0.000e+00
      8.046   71.25746 -160.46238     2.4729    27.6160    1450.65  0.000e+00
      8.046   71.25746 -160.46238     2.4731    27.6158    1450.65  0.000e+00
      8.100   71.25746 -160.46238     2.4729    27.6158    1450.65  0.000e+00
      8.046   71.25746 -160.46238     2.4731    27.6153    1450.65  0.000e+00
      8.046   71.25746 -160.46238     2.4729    27.6155    1450.65  0.000e+00
      8.131   71.25746 -160.46238     2.4729    27.6153    1450.65  0.000e+00
      8.100   71.25746 -160.46238     2.4729    27.6151    1450.65  0.000e+00
      8.100   71.25746 -160.46238     2.4730    27.6146    1450.65  0.000e+00
      8.046   71.25746 -160.46238     2.4729    27.6142    1450.65  0.000e+00
      8.100   71.25746 -160.46238     2.4729    27.6141    1450.65  0.000e+00
      8.100   71.25746 -160.46238     2.4727    27.6137    1450.65  0.000e+00
      8.100   71.25746 -160.46238     2.4726    27.6136    1450.65  0.000e+00
      8.046   71.25746 -160.46238     2.4724    27.6138    1450.64  0.000e+00
      8.100   71.25746 -160.46238     2.4726    27.6136    1450.65  0.000e+00
      8.100   71.25746 -160.46238     2.4724    27.6134    1450.64  0.000e+00
      8.046   71.25746 -160.46238     2.4721    27.6139    1450.64  0.000e+00
      8.100   71.25746 -160.46238     2.4726    27.6136    1450.65  0.000e+00
      8.099   71.25746 -160.46238     2.4722    27.6135    1450.64  0.000e+00
      8.099   71.25746 -160.46238     2.4724    27.6138    1450.65  0.000e+00
      8.099   71.25746 -160.46238     2.4721    27.6141    1450.64  0.000e+00
      8.099   71.25746 -160.46238     2.4724    27.6136    1450.65  0.000e+00
      8.045   71.25746 -160.46238     2.4721    27.6139    1450.64  0.000e+00
      8.076   71.25746 -160.46238     2.4722    27.6133    1450.64  0.000e+00
      8.099   71.25746 -160.46238     2.4721    27.6133    1450.64  0.000e+00
      8.099   71.25746 -160.46238     2.4722    27.6132    1450.64  0.000e+00
      8.045   71.25746 -160.46238     2.4721    27.6133    1450.64  0.000e+00
      8.099   71.25746 -160.46238     2.4721    27.6138    1450.64  0.000e+00
      8.099   71.25746 -160.46238     2.4722    27.6135    1450.64  0.000e+00
      8.099   71.25746 -160.46238     2.4724    27.6135    1450.65  0.000e+00
      8.045   71.25746 -160.46238     2.4722    27.6137    1450.64  0.000e+00
      8.099   71.25746 -160.46238     2.4724    27.6135    1450.65  0.000e+00
      8.099   71.25746 -160.46238     2.4726    27.6137    1450.65  0.000e+00
      8.045   71.25746 -160.46238     2.4726    27.6141    1450.65  0.000e+00
      8.099   71.25746 -160.46238     2.4726    27.6137    1450.65  0.000e+00
      8.045   71.25746 -160.46238     2.4726    27.6137    1450.65  0.000e+00
      8.099   71.25746 -160.46238     2.4726    27.6136    1450.65  0.000e+00
      8.099   71.25746 -160.46238     2.4726    27.6134    1450.65  0.000e+00
