EcoFOCI/data/1_SampleCollection/2023_SikuliaqDBO_CruiseData/CTD_raw_BottleFile_SKQ23-12S/proc/skq202312s_020svp.cnv
* Sea-Bird SBE 9 Data File:
* FileName = D:\CTD\SKQ202312S\SKQ202312S_020.hex
* Software Version Seasave V 7.26.7.121
* Temperature SN = 6177
* Conductivity SN = 0369
* Number of Bytes Per Scan = 41
* Number of Voltage Words = 4
* Number of Scans Averaged by the Deck Unit = 1
* NMEA Latitude = 65 00.05 N
* NMEA Longitude = 168 39.16 W
* NMEA UTC (Time) = Sep 18 2023  01:15:09
* NMEA baud rate = 4800
** Ship: R/V Sikuliaq
** Station Number: 020
** Station Name: DBO2.6
** Bottom Depth: 47
** Operator: SS
# nquan = 7
# nvalues = 4927                                  
# units = specified
# name 0 = depSM: Depth [salt water, m]
# name 1 = latitude: Latitude [deg]
# name 2 = longitude: Longitude [deg]
# name 3 = t090C: Temperature [ITS-90, deg C]
# name 4 = sal00: Salinity, Practical [PSU]
# name 5 = svCM: Sound Velocity [Chen-Millero, m/s]
# name 6 = flag:  0.000e+00
# span 0 =      1.495,     42.138                 
# span 1 =   65.00090,   65.00110                 
# span 2 = -168.65348, -168.65326                 
# span 3 =     2.9520,     4.5454                 
# span 4 =    32.0457,    32.6975                 
# span 5 =    1459.29,    1465.24                 
# span 6 = 0.0000e+00, 0.0000e+00                 
# interval = seconds: 0.0416667
# start_time = Sep 18 2023 01:19:33 [NMEA time, first data scan]
# bad_flag = -9.990e-29
*END*
[from data line 821]
      4.931   65.00092 -168.65334     4.5064    32.0726    1465.05  0.000e+00
      4.985   65.00092 -168.65334     4.5038    32.0732    1465.04  0.000e+00
      4.985   65.00092 -168.65334     4.4965    32.0746    1465.01  0.000e+00
      4.985   65.00092 -168.65334     4.4890    32.0754    1464.98  0.000e+00
      5.046   65.00092 -168.65334     4.4820    32.0769    1464.96  0.000e+00
      5.046   65.00092 -168.65334     4.4780    32.0761    1464.94  0.000e+00
      4.985   65.00092 -168.65334     4.4754    32.0753    1464.93  0.000e+00
      5.046   65.00092 -168.65334     4.4710    32.0776    1464.91  0.000e+00
      5.046   65.00092 -168.65334     4.4677    32.0808    1464.90  0.000e+00
      5.046   65.00092 -168.65334     4.4678    32.0832    1464.90  0.000e+00
      5.077   65.00092 -168.65334     4.4708    32.0844    1464.92  0.000e+00
      5.046   65.00092 -168.65334     4.4749    32.0851    1464.94  0.000e+00
      5.100   65.00092 -168.65334     4.4797    32.0842    1464.96  0.000e+00
      5.046   65.00092 -168.65334     4.4835    32.0839    1464.97  0.000e+00
      5.100   65.00092 -168.65334     4.4860    32.0842    1464.98  0.000e+00
      5.100   65.00092 -168.65334     4.4878    32.0843    1464.99  0.000e+00
      5.100   65.00092 -168.65334     4.4894    32.0837    1465.00  0.000e+00
      5.100   65.00092 -168.65334     4.4889    32.0807    1464.99  0.000e+00
      5.100   65.00092 -168.65334     4.4868    32.0779    1464.98  0.000e+00
      5.154   65.00092 -168.65334     4.4840    32.0767    1464.97  0.000e+00
      5.100   65.00092 -168.65334     4.4789    32.0794    1464.95  0.000e+00
      5.154   65.00092 -168.65334     4.4759    32.0826    1464.94  0.000e+00
      5.100   65.00092 -168.65334     4.4756    32.0836    1464.94  0.000e+00
      5.154   65.00092 -168.65334     4.4787    32.0816    1464.95  0.000e+00
      5.154   65.00092 -168.65334     4.4834    32.0792    1464.97  0.000e+00
      5.154   65.00092 -168.65334     4.4889    32.0771    1464.99  0.000e+00
      5.154   65.00092 -168.65334     4.4927    32.0765    1465.00  0.000e+00
      5.154   65.00092 -168.65334     4.4935    32.0787    1465.01  0.000e+00
      5.154   65.00092 -168.65334     4.4930    32.0804    1465.01  0.000e+00
      5.154   65.00092 -168.65334     4.4887    32.0849    1465.00  0.000e+00
      5.154   65.00092 -168.65334     4.4860    32.0874    1464.99  0.000e+00
      5.154   65.00092 -168.65334     4.4859    32.0879    1464.99  0.000e+00
      5.216   65.00092 -168.65334     4.4871    32.0885    1464.99  0.000e+00
      5.154   65.00092 -168.65334     4.4894    32.0879    1465.00  0.000e+00
      5.216   65.00092 -168.65334     4.4918    32.0861    1465.01  0.000e+00
      5.131   65.00092 -168.65334     4.4927    32.0845    1465.01  0.000e+00
      5.215   65.00092 -168.65334     4.4935    32.0834    1465.01  0.000e+00
      5.154   65.00092 -168.65334     4.4954    32.0824    1465.02  0.000e+00
      5.215   65.00092 -168.65334     4.4964    32.0834    1465.03  0.000e+00
      5.154   65.00092 -168.65334     4.4965    32.0849    1465.03  0.000e+00
      5.215   65.00092 -168.65334     4.4993    32.0823    1465.04  0.000e+00
      5.215   65.00092 -168.65334     4.5018    32.0797    1465.04  0.000e+00
      5.215   65.00092 -168.65334     4.5004    32.0813    1465.04  0.000e+00
      5.215   65.00092 -168.65334     4.5022    32.0798    1465.05  0.000e+00
      5.154   65.00092 -168.65334     4.5056    32.0784    1465.06  0.000e+00
      5.215   65.00092 -168.65334     4.5099    32.0778    1465.08  0.000e+00
      5.215   65.00092 -168.65334     4.5099    32.0789    1465.08  0.000e+00
      5.269   65.00092 -168.65334     4.5035    32.0829    1465.06  0.000e+00
      5.154   65.00092 -168.65334     4.4957    32.0872    1465.03  0.000e+00
      5.269   65.00092 -168.65334     4.4924    32.0895    1465.02  0.000e+00
      5.154   65.00092 -168.65334     4.4937    32.0896    1465.02  0.000e+00
      5.269   65.00092 -168.65334     4.4943    32.0902    1465.03  0.000e+00
      5.215   65.00092 -168.65334     4.4937    32.0905    1465.02  0.000e+00
      5.215   65.00092 -168.65334     4.4940    32.0895    1465.02  0.000e+00
      5.215   65.00092 -168.65334     4.4949    32.0874    1465.03  0.000e+00
      5.215   65.00092 -168.65334     4.4993    32.0825    1465.04  0.000e+00
      5.215   65.00092 -168.65334     4.5036    32.0768    1465.05  0.000e+00
      5.215   65.00092 -168.65334     4.5008    32.0785    1465.04  0.000e+00
      5.246   65.00092 -168.65334     4.4932    32.0852    1465.02  0.000e+00
      5.215   65.00092 -168.65334     4.4851    32.0924    1464.99  0.000e+00
      5.269   65.00092 -168.65334     4.4787    32.0966    1464.97  0.000e+00
      5.215   65.00092 -168.65334     4.4741    32.0992    1464.95  0.000e+00
      5.269   65.00092 -168.65334     4.4717    32.1001    1464.95  0.000e+00
      5.215   65.00092 -168.65334     4.4708    32.1009    1464.94  0.000e+00
      5.269   65.00092 -168.65334     4.4700    32.1021    1464.94  0.000e+00
      5.215   65.00092 -168.65334     4.4726    32.1002    1464.95  0.000e+00
      5.269   65.00092 -168.65334     4.4797    32.0947    1464.97  0.000e+00
      5.215   65.00092 -168.65334     4.4872    32.0885    1464.99  0.000e+00
      5.269   65.00092 -168.65334     4.4935    32.0836    1465.02  0.000e+00
      5.215   65.00092 -168.65334     4.4962    32.0827    1465.02  0.000e+00
      5.269   65.00092 -168.65334     4.4952    32.0848    1465.02  0.000e+00
      5.269   65.00092 -168.65334     4.4949    32.0862    1465.02  0.000e+00
      5.269   65.00092 -168.65334     4.4989    32.0839    1465.04  0.000e+00
      5.269   65.00092 -168.65334     4.5016    32.0821    1465.05  0.000e+00
      5.330   65.00092 -168.65334     4.5027    32.0814    1465.05  0.000e+00
      5.269   65.00092 -168.65334     4.5044    32.0804    1465.06  0.000e+00
      5.269   65.00092 -168.65334     4.5073    32.0785    1465.07  0.000e+00
      5.330   65.00092 -168.65334     4.5097    32.0773    1465.08  0.000e+00
      5.269   65.00092 -168.65334     4.5125    32.0757    1465.08  0.000e+00
      5.330   65.00092 -168.65334     4.5146    32.0751    1465.09  0.000e+00
      5.330   65.00092 -168.65334     4.5184    32.0735    1465.11  0.000e+00
      5.299   65.00092 -168.65334     4.5194    32.0737    1465.11  0.000e+00
      5.330   65.00092 -168.65334     4.5184    32.0738    1465.11  0.000e+00
      5.330   65.00092 -168.65334     4.5169    32.0718    1465.10  0.000e+00
      5.384   65.00092 -168.65334     4.5141    32.0676    1465.08  0.000e+00
      5.384   65.00092 -168.65334     4.5076    32.0673    1465.06  0.000e+00
      5.330   65.00092 -168.65334     4.5004    32.0710    1465.03  0.000e+00
      5.384   65.00092 -168.65334     4.4965    32.0782    1465.02  0.000e+00
      5.384   65.00092 -168.65334     4.4968    32.0847    1465.03  0.000e+00
      5.446   65.00092 -168.65334     4.5033    32.0838    1465.06  0.000e+00
      5.384   65.00092 -168.65334     4.5113    32.0790    1465.09  0.000e+00
      5.446   65.00092 -168.65334     4.5149    32.0763    1465.10  0.000e+00
      5.446   65.00092 -168.65334     4.5162    32.0755    1465.10  0.000e+00
      5.446   65.00092 -168.65334     4.5170    32.0753    1465.11  0.000e+00
      5.446   65.00092 -168.65334     4.5175    32.0753    1465.11  0.000e+00
      5.500   65.00092 -168.65334     4.5184    32.0747    1465.11  0.000e+00
      5.500   65.00092 -168.65334     4.5191    32.0739    1465.11  0.000e+00
      5.554   65.00092 -168.65334     4.5191    32.0732    1465.11  0.000e+00
      5.500   65.00092 -168.65334     4.5187    32.0731    1465.11  0.000e+00
      5.554   65.00092 -168.65334     4.5180    32.0736    1465.11  0.000e+00
      5.554   65.00092 -168.65334     4.5171    32.0739    1465.11  0.000e+00
      5.615   65.00092 -168.65334     4.5159    32.0745    1465.10  0.000e+00
      5.500   65.00092 -168.65334     4.5141    32.0745    1465.09  0.000e+00
      5.646   65.00092 -168.65334     4.5119    32.0753    1465.09  0.000e+00
      5.615   65.00092 -168.65334     4.5134    32.0754    1465.09  0.000e+00
      5.669   65.00092 -168.65334     4.5152    32.0754    1465.10  0.000e+00
      5.669   65.00092 -168.65334     4.5157    32.0758    1465.10  0.000e+00
      5.669   65.00092 -168.65334     4.5154    32.0748    1465.10  0.000e+00
      5.731   65.00092 -168.65334     4.5122    32.0750    1465.09  0.000e+00
      5.669   65.00092 -168.65334     4.5109    32.0749    1465.08  0.000e+00
      5.731   65.00092 -168.65334     4.5100    32.0746    1465.08  0.000e+00
      5.785   65.00092 -168.65334     4.5092    32.0747    1465.08  0.000e+00
      5.785   65.00092 -168.65334     4.5105    32.0750    1465.08  0.000e+00
      5.785   65.00092 -168.65334     4.5116    32.0752    1465.09  0.000e+00
      5.785   65.00092 -168.65334     4.5129    32.0751    1465.09  0.000e+00
      5.785   65.00092 -168.65334     4.5143    32.0752    1465.10  0.000e+00
      5.846   65.00092 -168.65334     4.5157    32.0748    1465.11  0.000e+00
      5.846   65.00092 -168.65334     4.5173    32.0742    1465.11  0.000e+00
      5.900   65.00092 -168.65334     4.5183    32.0738    1465.12  0.000e+00
      5.846   65.00092 -168.65334     4.5187    32.0735    1465.12  0.000e+00
      5.954   65.00092 -168.65334     4.5212    32.0731    1465.13  0.000e+00
      5.877   65.00092 -168.65334     4.5262    32.0728    1465.15  0.000e+00
      5.954   65.00092 -168.65334     4.5286    32.0738    1465.16  0.000e+00
      5.900   65.00092 -168.65334     4.5293    32.0734    1465.16  0.000e+00
      5.954   65.00092 -168.65334     4.5315    32.0722    1465.17  0.000e+00
      6.016   65.00092 -168.65334     4.5324    32.0719    1465.17  0.000e+00
      5.954   65.00092 -168.65334     4.5316    32.0711    1465.17  0.000e+00
      6.016   65.00092 -168.65334     4.5308    32.0709    1465.17  0.000e+00
      6.016   65.00092 -168.65334     4.5322    32.0705    1465.17  0.000e+00
      6.070   65.00092 -168.65334     4.5343    32.0695    1465.18  0.000e+00
      6.016   65.00092 -168.65334     4.5352    32.0695    1465.18  0.000e+00
      6.070   65.00092 -168.65334     4.5345    32.0694    1465.18  0.000e+00
      6.070   65.00092 -168.65334     4.5325    32.0692    1465.17  0.000e+00
      6.132   65.00092 -168.65334     4.5297    32.0695    1465.16  0.000e+00
      6.070   65.00092 -168.65334     4.5279    32.0702    1465.15  0.000e+00
      6.132   65.00092 -168.65334     4.5272    32.0701    1465.15  0.000e+00
      6.131   65.00092 -168.65334     4.5271    32.0715    1465.15  0.000e+00
      6.131   65.00092 -168.65334     4.5276    32.0733    1465.16  0.000e+00
      6.101   65.00092 -168.65334     4.5287    32.0744    1465.16  0.000e+00
      6.185   65.00092 -168.65334     4.5303    32.0735    1465.17  0.000e+00
      6.131   65.00092 -168.65334     4.5304    32.0722    1465.17  0.000e+00
      6.185   65.00092 -168.65334     4.5297    32.0715    1465.17  0.000e+00
      6.185   65.00092 -168.65334     4.5292    32.0715    1465.16  0.000e+00
      6.185   65.00092 -168.65334     4.5289    32.0710    1465.16  0.000e+00
      6.185   65.00092 -168.65334     4.5284    32.0715    1465.16  0.000e+00
      6.239   65.00092 -168.65334     4.5278    32.0715    1465.16  0.000e+00
      6.185   65.00092 -168.65334     4.5272    32.0715    1465.15  0.000e+00
      6.185   65.00092 -168.65334     4.5268    32.0713    1465.15  0.000e+00
      6.239   65.00092 -168.65334     4.5266    32.0713    1465.15  0.000e+00
      6.239   65.00094 -168.65334     4.5265    32.0711    1465.15  0.000e+00
      6.239   65.00094 -168.65334     4.5262    32.0714    1465.15  0.000e+00
      6.185   65.00094 -168.65334     4.5262    32.0709    1465.15  0.000e+00
      6.239   65.00094 -168.65334     4.5257    32.0714    1465.15  0.000e+00
      6.239   65.00094 -168.65334     4.5258    32.0714    1465.15  0.000e+00
      6.278   65.00094 -168.65334     4.5255    32.0717    1465.15  0.000e+00
      6.239   65.00094 -168.65334     4.5257    32.0714    1465.15  0.000e+00
      6.185   65.00094 -168.65334     4.5255    32.0712    1465.15  0.000e+00
      6.239   65.00094 -168.65334     4.5255    32.0708    1465.15  0.000e+00
      6.239   65.00094 -168.65334     4.5240    32.0706    1465.14  0.000e+00
      6.239   65.00094 -168.65334     4.5209    32.0714    1465.13  0.000e+00
      6.239   65.00094 -168.65334     4.5191    32.0720    1465.12  0.000e+00
      6.239   65.00094 -168.65334     4.5181    32.0728    1465.12  0.000e+00
      6.239   65.00094 -168.65334     4.5184    32.0720    1465.12  0.000e+00
      6.239   65.00094 -168.65334     4.5173    32.0724    1465.12  0.000e+00
      6.239   65.00094 -168.65334     4.5149    32.0733    1465.11  0.000e+00
      6.239   65.00094 -168.65334     4.5122    32.0739    1465.10  0.000e+00
      6.239   65.00094 -168.65334     4.5106    32.0750    1465.09  0.000e+00
      6.185   65.00094 -168.65334     4.5102    32.0752    1465.09  0.000e+00
      6.239   65.00094 -168.65334     4.5102    32.0753    1465.09  0.000e+00
      6.216   65.00094 -168.65334     4.5102    32.0754    1465.09  0.000e+00
      6.239   65.00094 -168.65334     4.5105    32.0755    1465.09  0.000e+00
      6.185   65.00094 -168.65334     4.5106    32.0759    1465.09  0.000e+00
      6.239   65.00094 -168.65334     4.5112    32.0751    1465.09  0.000e+00
      6.185   65.00094 -168.65336     4.5113    32.0753    1465.09  0.000e+00
      6.185   65.00094 -168.65336     4.5119    32.0755    1465.10  0.000e+00
      6.185   65.00094 -168.65336     4.5128    32.0757    1465.10  0.000e+00
      6.185   65.00094 -168.65336     4.5148    32.0753    1465.11  0.000e+00
      6.185   65.00094 -168.65336     4.5163    32.0748    1465.11  0.000e+00
      6.185   65.00094 -168.65336     4.5169    32.0747    1465.12  0.000e+00
      6.131   65.00094 -168.65336     4.5173    32.0746    1465.12  0.000e+00
      6.185   65.00094 -168.65336     4.5183    32.0735    1465.12  0.000e+00
      6.131   65.00094 -168.65336     4.5198    32.0728    1465.13  0.000e+00
      6.185   65.00094 -168.65336     4.5218    32.0729    1465.13  0.000e+00
      6.131   65.00094 -168.65336     4.5238    32.0732    1465.14  0.000e+00
      6.130   65.00094 -168.65336     4.5233    32.0731    1465.14  0.000e+00
      6.161   65.00094 -168.65336     4.5216    32.0732    1465.13  0.000e+00
      6.130   65.00094 -168.65336     4.5214    32.0734    1465.13  0.000e+00
      6.130   65.00094 -168.65336     4.5213    32.0730    1465.13  0.000e+00
      6.130   65.00094 -168.65336     4.5209    32.0734    1465.13  0.000e+00
      6.069   65.00094 -168.65336     4.5219    32.0733    1465.13  0.000e+00
      6.130   65.00094 -168.65336     4.5233    32.0731    1465.14  0.000e+00
      6.130   65.00094 -168.65336     4.5246    32.0730    1465.15  0.000e+00
      6.069   65.00094 -168.65336     4.5268    32.0729    1465.15  0.000e+00
      6.130   65.00094 -168.65336     4.5292    32.0729    1465.16  0.000e+00
      6.069   65.00094 -168.65336     4.5314    32.0728    1465.17  0.000e+00
      6.069   65.00094 -168.65336     4.5345    32.0719    1465.18  0.000e+00
      6.069   65.00094 -168.65336     4.5379    32.0702    1465.20  0.000e+00
      6.130   65.00094 -168.65336     4.5400    32.0691    1465.20  0.000e+00
      6.068   65.00094 -168.65336     4.5411    32.0683    1465.21  0.000e+00
      6.068   65.00094 -168.65336     4.5419    32.0684    1465.21  0.000e+00
      6.068   65.00094 -168.65336     4.5422    32.0700    1465.21  0.000e+00
      6.068   65.00094 -168.65336     4.5427    32.0707    1465.22  0.000e+00
      6.099   65.00094 -168.65336     4.5427    32.0700    1465.22  0.000e+00
      6.068   65.00094 -168.65336     4.5430    32.0694    1465.22  0.000e+00
