EcoFOCI/data/1_SampleCollection/2023_SikuliaqDBO_CruiseData/CTD_raw_BottleFile_SKQ23-12S/proc/skq202312s_043svp.cnv
* Sea-Bird SBE 9 Data File:
* FileName = D:\CTD\SKQ202312S\SKQ202312S_043.hex
* Software Version Seasave V 7.26.7.121
* Temperature SN = 6177
* Conductivity SN = 0369
* Number of Bytes Per Scan = 41
* Number of Voltage Words = 4
* Number of Scans Averaged by the Deck Unit = 1
* NMEA Latitude = 71 31.26 N
* NMEA Longitude = 161 13.81 W
* NMEA UTC (Time) = Sep 24 2023  07:15:57
* NMEA baud rate = 4800
** Ship: R/V Sikuliaq
** Station Number: 043
** Station Name: DBO4.3na
** Bottom Depth: 47
** Operator: SS
# nquan = 7
# nvalues = 4100                                  
# units = specified
# name 0 = depSM: Depth [salt water, m]
# name 1 = latitude: Latitude [deg]
# name 2 = longitude: Longitude [deg]
# name 3 = t090C: Temperature [ITS-90, deg C]
# name 4 = sal00: Salinity, Practical [PSU]
# name 5 = svCM: Sound Velocity [Chen-Millero, m/s]
# name 6 = flag:  0.000e+00
# span 0 =      2.576,     41.910                 
# span 1 =   71.52086,   71.52090                 
# span 2 = -161.23048, -161.23030                 
# span 3 =    -1.6141,     2.1079                 
# span 4 =    27.1651,    32.5902                 
# span 5 =    1438.83,    1448.46                 
# span 6 = 0.0000e+00, 0.0000e+00                 
# interval = seconds: 0.0416667
# start_time = Sep 24 2023 07:19:11 [NMEA time, first data scan]
# bad_flag = -9.990e-29
*END*
[from data line 1847]
     14.244   71.52090 -161.23032     0.7376    30.9318    1447.32  0.000e+00
     14.298   71.52090 -161.23032     0.7349    30.9341    1447.31  0.000e+00
     14.267   71.52090 -161.23032     0.7323    30.9363    1447.31  0.000e+00
     14.360   71.52090 -161.23032     0.7291    30.9384    1447.30  0.000e+00
     14.298   71.52090 -161.23032     0.7256    30.9403    1447.28  0.000e+00
     14.360   71.52090 -161.23032     0.7213    30.9431    1447.27  0.000e+00
     14.360   71.52090 -161.23032     0.7161    30.9470    1447.25  0.000e+00
     14.329   71.52090 -161.23032     0.7111    30.9510    1447.23  0.000e+00
     14.414   71.52090 -161.23032     0.7075    30.9538    1447.22  0.000e+00
     14.414   71.52090 -161.23032     0.7038    30.9564    1447.20  0.000e+00
     14.414   71.52090 -161.23032     0.7011    30.9580    1447.19  0.000e+00
     14.414   71.52090 -161.23032     0.6984    30.9602    1447.19  0.000e+00
     14.445   71.52090 -161.23032     0.6953    30.9628    1447.18  0.000e+00
     14.468   71.52090 -161.23032     0.6932    30.9642    1447.17  0.000e+00
     14.468   71.52090 -161.23032     0.6913    30.9659    1447.16  0.000e+00
     14.468   71.52090 -161.23032     0.6900    30.9674    1447.16  0.000e+00
     14.529   71.52090 -161.23032     0.6887    30.9681    1447.15  0.000e+00
     14.498   71.52090 -161.23032     0.6871    30.9697    1447.15  0.000e+00
     14.529   71.52090 -161.23032     0.6850    30.9719    1447.14  0.000e+00
     14.583   71.52090 -161.23032     0.6828    30.9748    1447.14  0.000e+00
     14.583   71.52090 -161.23032     0.6810    30.9765    1447.13  0.000e+00
     14.529   71.52090 -161.23032     0.6791    30.9789    1447.12  0.000e+00
     14.645   71.52090 -161.23032     0.6771    30.9811    1447.12  0.000e+00
     14.614   71.52090 -161.23032     0.6750    30.9839    1447.11  0.000e+00
     14.645   71.52090 -161.23032     0.6735    30.9854    1447.11  0.000e+00
     14.583   71.52090 -161.23032     0.6720    30.9875    1447.10  0.000e+00
     14.699   71.52090 -161.23032     0.6716    30.9880    1447.10  0.000e+00
     14.645   71.52090 -161.23032     0.6704    30.9892    1447.10  0.000e+00
     14.730   71.52090 -161.23032     0.6693    30.9911    1447.10  0.000e+00
     14.699   71.52090 -161.23032     0.6684    30.9927    1447.10  0.000e+00
     14.699   71.52090 -161.23032     0.6674    30.9942    1447.09  0.000e+00
     14.760   71.52090 -161.23032     0.6666    30.9951    1447.09  0.000e+00
     14.699   71.52090 -161.23032     0.6662    30.9958    1447.09  0.000e+00
     14.783   71.52090 -161.23032     0.6659    30.9970    1447.09  0.000e+00
     14.760   71.52090 -161.23032     0.6650    30.9985    1447.09  0.000e+00
     14.760   71.52090 -161.23032     0.6642    31.0001    1447.09  0.000e+00
     14.868   71.52090 -161.23032     0.6633    31.0018    1447.09  0.000e+00
     14.814   71.52090 -161.23032     0.6626    31.0033    1447.09  0.000e+00
     14.783   71.52090 -161.23032     0.6620    31.0043    1447.08  0.000e+00
     14.868   71.52090 -161.23032     0.6616    31.0054    1447.08  0.000e+00
     14.868   71.52090 -161.23032     0.6608    31.0073    1447.08  0.000e+00
     14.868   71.52090 -161.23032     0.6604    31.0082    1447.08  0.000e+00
     14.814   71.52090 -161.23032     0.6602    31.0095    1447.08  0.000e+00
     14.953   71.52090 -161.23032     0.6598    31.0105    1447.08  0.000e+00
     14.930   71.52090 -161.23032     0.6597    31.0116    1447.09  0.000e+00
     14.930   71.52090 -161.23032     0.6591    31.0131    1447.08  0.000e+00
     14.930   71.52090 -161.23032     0.6591    31.0140    1447.09  0.000e+00
     14.953   71.52090 -161.23032     0.6589    31.0148    1447.09  0.000e+00
     14.984   71.52090 -161.23032     0.6584    31.0164    1447.09  0.000e+00
     14.984   71.52090 -161.23032     0.6582    31.0184    1447.09  0.000e+00
     14.984   71.52090 -161.23032     0.6577    31.0206    1447.09  0.000e+00
     15.045   71.52090 -161.23032     0.6572    31.0225    1447.09  0.000e+00
     15.015   71.52090 -161.23032     0.6569    31.0242    1447.09  0.000e+00
     15.045   71.52090 -161.23032     0.6562    31.0263    1447.09  0.000e+00
     15.099   71.52090 -161.23032     0.6555    31.0283    1447.09  0.000e+00
     15.045   71.52090 -161.23032     0.6552    31.0300    1447.09  0.000e+00
     15.099   71.52090 -161.23032     0.6547    31.0325    1447.09  0.000e+00
     15.130   71.52090 -161.23032     0.6544    31.0343    1447.09  0.000e+00
     15.161   71.52090 -161.23032     0.6538    31.0370    1447.10  0.000e+00
     15.099   71.52090 -161.23032     0.6532    31.0387    1447.09  0.000e+00
     15.161   71.52090 -161.23032     0.6519    31.0410    1447.09  0.000e+00
     15.215   71.52090 -161.23032     0.6508    31.0441    1447.09  0.000e+00
     15.184   71.52090 -161.23032     0.6495    31.0474    1447.09  0.000e+00
     15.215   71.52090 -161.23032     0.6488    31.0494    1447.09  0.000e+00
     15.215   71.52090 -161.23032     0.6475    31.0522    1447.09  0.000e+00
     15.269   71.52090 -161.23032     0.6459    31.0540    1447.08  0.000e+00
     15.269   71.52090 -161.23032     0.6447    31.0558    1447.08  0.000e+00
     15.238   71.52090 -161.23032     0.6424    31.0599    1447.08  0.000e+00
     15.331   71.52090 -161.23032     0.6403    31.0626    1447.07  0.000e+00
     15.269   71.52090 -161.23032     0.6367    31.0663    1447.06  0.000e+00
     15.331   71.52090 -161.23032     0.6335    31.0693    1447.05  0.000e+00
     15.300   71.52090 -161.23032     0.6308    31.0711    1447.04  0.000e+00
     15.385   71.52090 -161.23032     0.6274    31.0736    1447.03  0.000e+00
     15.331   71.52090 -161.23032     0.6237    31.0753    1447.01  0.000e+00
     15.446   71.52090 -161.23032     0.6189    31.0782    1447.00  0.000e+00
     15.385   71.52090 -161.23032     0.6137    31.0815    1446.98  0.000e+00
     15.415   71.52090 -161.23032     0.6081    31.0855    1446.96  0.000e+00
     15.500   71.52090 -161.23032     0.6033    31.0888    1446.94  0.000e+00
     15.446   71.52090 -161.23032     0.5988    31.0913    1446.92  0.000e+00
     15.500   71.52090 -161.23032     0.5948    31.0933    1446.91  0.000e+00
     15.500   71.52090 -161.23032     0.5913    31.0949    1446.89  0.000e+00
     15.523   71.52090 -161.23032     0.5885    31.0959    1446.88  0.000e+00
     15.500   71.52090 -161.23032     0.5855    31.0973    1446.87  0.000e+00
     15.562   71.52090 -161.23032     0.5811    31.0988    1446.85  0.000e+00
     15.562   71.52090 -161.23032     0.5769    31.1006    1446.84  0.000e+00
     15.585   71.52090 -161.23032     0.5727    31.1013    1446.82  0.000e+00
     15.616   71.52090 -161.23032     0.5675    31.1018    1446.79  0.000e+00
     15.616   71.52090 -161.23032     0.5600    31.1046    1446.76  0.000e+00
     15.670   71.52090 -161.23032     0.5518    31.1072    1446.73  0.000e+00
     15.670   71.52090 -161.23032     0.5406    31.1125    1446.69  0.000e+00
     15.701   71.52090 -161.23032     0.5315    31.1161    1446.65  0.000e+00
     15.670   71.52090 -161.23032     0.5228    31.1198    1446.61  0.000e+00
     15.731   71.52090 -161.23032     0.5138    31.1238    1446.58  0.000e+00
     15.731   71.52090 -161.23032     0.5043    31.1269    1446.54  0.000e+00
     15.755   71.52090 -161.23032     0.4931    31.1295    1446.49  0.000e+00
     15.785   71.52090 -161.23032     0.4812    31.1311    1446.44  0.000e+00
     15.847   71.52090 -161.23032     0.4662    31.1332    1446.38  0.000e+00
     15.785   71.52090 -161.23032     0.4472    31.1377    1446.29  0.000e+00
     15.847   71.52090 -161.23032     0.4265    31.1462    1446.21  0.000e+00
     15.870   71.52090 -161.23032     0.4057    31.1559    1446.13  0.000e+00
     15.847   71.52090 -161.23032     0.3893    31.1607    1446.06  0.000e+00
     15.963   71.52090 -161.23032     0.3694    31.1662    1445.98  0.000e+00
     15.901   71.52090 -161.23032     0.3421    31.1780    1445.87  0.000e+00
     15.924   71.52090 -161.23032     0.3195    31.1868    1445.77  0.000e+00
     16.017   71.52090 -161.23032     0.3016    31.1946    1445.70  0.000e+00
     15.963   71.52090 -161.23032     0.2846    31.2038    1445.64  0.000e+00
     16.017   71.52090 -161.23032     0.2701    31.2113    1445.58  0.000e+00
     16.071   71.52090 -161.23032     0.2611    31.2160    1445.55  0.000e+00
     15.986   71.52090 -161.23032     0.2531    31.2193    1445.51  0.000e+00
     16.132   71.52090 -161.23032     0.2459    31.2228    1445.49  0.000e+00
     16.071   71.52090 -161.23032     0.2390    31.2269    1445.46  0.000e+00
     16.071   71.52090 -161.23032     0.2327    31.2302    1445.44  0.000e+00
     16.155   71.52090 -161.23032     0.2275    31.2326    1445.42  0.000e+00
     16.186   71.52090 -161.23032     0.2242    31.2339    1445.40  0.000e+00
     16.132   71.52090 -161.23032     0.2203    31.2355    1445.39  0.000e+00
     16.248   71.52090 -161.23032     0.2157    31.2366    1445.37  0.000e+00
     16.217   71.52090 -161.23032     0.2092    31.2380    1445.34  0.000e+00
     16.186   71.52090 -161.23032     0.2023    31.2409    1445.31  0.000e+00
     16.302   71.52090 -161.23032     0.1951    31.2443    1445.28  0.000e+00
     16.248   71.52090 -161.23032     0.1861    31.2487    1445.25  0.000e+00
     16.302   71.52090 -161.23032     0.1764    31.2535    1445.21  0.000e+00
     16.325   71.52090 -161.23032     0.1668    31.2581    1445.17  0.000e+00
     16.356   71.52090 -161.23032     0.1577    31.2633    1445.14  0.000e+00
     16.356   71.52090 -161.23032     0.1487    31.2683    1445.10  0.000e+00
     16.417   71.52090 -161.23032     0.1399    31.2742    1445.07  0.000e+00
     16.387   71.52090 -161.23032     0.1319    31.2793    1445.04  0.000e+00
     16.417   71.52090 -161.23032     0.1246    31.2828    1445.01  0.000e+00
     16.417   71.52090 -161.23032     0.1184    31.2857    1444.99  0.000e+00
     16.471   71.52090 -161.23032     0.1135    31.2881    1444.97  0.000e+00
     16.502   71.52090 -161.23032     0.1100    31.2886    1444.95  0.000e+00
     16.471   71.52090 -161.23032     0.1055    31.2894    1444.93  0.000e+00
     16.533   71.52090 -161.23032     0.0995    31.2919    1444.91  0.000e+00
     16.533   71.52090 -161.23032     0.0932    31.2940    1444.88  0.000e+00
     16.556   71.52090 -161.23032     0.0861    31.2960    1444.85  0.000e+00
     16.587   71.52090 -161.23032     0.0779    31.2985    1444.82  0.000e+00
     16.649   71.52090 -161.23032     0.0671    31.3031    1444.78  0.000e+00
     16.587   71.52090 -161.23032     0.0514    31.3114    1444.71  0.000e+00
     16.703   71.52090 -161.23032     0.0348    31.3183    1444.65  0.000e+00
     16.610   71.52090 -161.23032     0.0151    31.3241    1444.56  0.000e+00
     16.703   71.52090 -161.23032    -0.0091    31.3332    1444.47  0.000e+00
     16.757   71.52090 -161.23032    -0.0336    31.3421    1444.36  0.000e+00
     16.757   71.52090 -161.23032    -0.0571    31.3511    1444.27  0.000e+00
     16.726   71.52090 -161.23032    -0.0805    31.3581    1444.17  0.000e+00
     16.757   71.52090 -161.23032    -0.1052    31.3696    1444.07  0.000e+00
     16.818   71.52090 -161.23032    -0.1281    31.3807    1443.98  0.000e+00
     16.818   71.52090 -161.23032    -0.1482    31.3903    1443.90  0.000e+00
     16.787   71.52090 -161.23032    -0.1655    31.3985    1443.83  0.000e+00
     16.872   71.52090 -161.23032    -0.1800    31.4035    1443.77  0.000e+00
     16.872   71.52090 -161.23032    -0.1914    31.4050    1443.72  0.000e+00
     16.872   71.52090 -161.23032    -0.2034    31.4082    1443.66  0.000e+00
     16.903   71.52090 -161.23032    -0.2161    31.4115    1443.61  0.000e+00
     16.934   71.52090 -161.23032    -0.2258    31.4140    1443.57  0.000e+00
     16.988   71.52090 -161.23032    -0.2331    31.4134    1443.54  0.000e+00
     16.988   71.52090 -161.23032    -0.2433    31.4144    1443.49  0.000e+00
     16.957   71.52090 -161.23032    -0.2567    31.4183    1443.43  0.000e+00
     16.988   71.52090 -161.23032    -0.2701    31.4233    1443.38  0.000e+00
     17.050   71.52090 -161.23032    -0.2805    31.4254    1443.33  0.000e+00
     17.050   71.52090 -161.23032    -0.2927    31.4304    1443.28  0.000e+00
     17.073   71.52090 -161.23032    -0.3067    31.4371    1443.23  0.000e+00
     17.050   71.52090 -161.23032    -0.3185    31.4432    1443.18  0.000e+00
     17.104   71.52090 -161.23032    -0.3275    31.4467    1443.14  0.000e+00
     17.104   71.52090 -161.23032    -0.3360    31.4484    1443.10  0.000e+00
     17.127   71.52090 -161.23032    -0.3464    31.4507    1443.06  0.000e+00
     17.157   71.52090 -161.23032    -0.3604    31.4564    1443.00  0.000e+00
     17.157   71.52090 -161.23032    -0.3757    31.4646    1442.94  0.000e+00
     17.157   71.52090 -161.23032    -0.3889    31.4707    1442.89  0.000e+00
     17.188   71.52090 -161.23032    -0.4001    31.4745    1442.84  0.000e+00
     17.219   71.52090 -161.23032    -0.4094    31.4763    1442.80  0.000e+00
     17.273   71.52090 -161.23032    -0.4166    31.4739    1442.76  0.000e+00
     17.219   71.52090 -161.23032    -0.4288    31.4753    1442.71  0.000e+00
     17.304   71.52090 -161.23032    -0.4416    31.4785    1442.65  0.000e+00
     17.273   71.52090 -161.23032    -0.4536    31.4832    1442.60  0.000e+00
     17.273   71.52090 -161.23032    -0.4651    31.4881    1442.56  0.000e+00
     17.335   71.52090 -161.23032    -0.4741    31.4904    1442.52  0.000e+00
     17.358   71.52090 -161.23032    -0.4844    31.4945    1442.48  0.000e+00
     17.335   71.52090 -161.23032    -0.4923    31.4950    1442.44  0.000e+00
     17.389   71.52090 -161.23032    -0.5015    31.4978    1442.40  0.000e+00
     17.389   71.52090 -161.23032    -0.5114    31.5024    1442.36  0.000e+00
     17.358   71.52090 -161.23032    -0.5205    31.5048    1442.32  0.000e+00
     17.450   71.52090 -161.23032    -0.5303    31.5085    1442.28  0.000e+00
     17.450   71.52090 -161.23032    -0.5408    31.5149    1442.24  0.000e+00
     17.450   71.52090 -161.23032    -0.5486    31.5202    1442.21  0.000e+00
     17.474   71.52090 -161.23032    -0.5540    31.5227    1442.19  0.000e+00
     17.450   71.52090 -161.23032    -0.5606    31.5253    1442.16  0.000e+00
     17.504   71.52090 -161.23034    -0.5666    31.5273    1442.14  0.000e+00
     17.528   71.52090 -161.23034    -0.5714    31.5293    1442.12  0.000e+00
     17.620   71.52090 -161.23034    -0.5754    31.5319    1442.10  0.000e+00
     17.558   71.52090 -161.23034    -0.5784    31.5343    1442.09  0.000e+00
     17.558   71.52090 -161.23034    -0.5810    31.5359    1442.08  0.000e+00
     17.589   71.52090 -161.23034    -0.5827    31.5376    1442.08  0.000e+00
     17.620   71.52090 -161.23034    -0.5838    31.5391    1442.07  0.000e+00
     17.674   71.52090 -161.23034    -0.5836    31.5400    1442.08  0.000e+00
     17.620   71.52090 -161.23034    -0.5840    31.5419    1442.08  0.000e+00
     17.705   71.52090 -161.23034    -0.5849    31.5442    1442.08  0.000e+00
     17.674   71.52090 -161.23034    -0.5855    31.5470    1442.08  0.000e+00
     17.736   71.52090 -161.23034    -0.5860    31.5490    1442.08  0.000e+00
     17.674   71.52090 -161.23034    -0.5863    31.5508    1442.08  0.000e+00
     17.759   71.52090 -161.23034    -0.5863    31.5532    1442.08  0.000e+00
     17.790   71.52090 -161.23034    -0.5861    31.5547    1442.09  0.000e+00
     17.736   71.52090 -161.23034    -0.5861    31.5566    1442.09  0.000e+00
     17.790   71.52090 -161.23034    -0.5868    31.5588    1442.09  0.000e+00
     17.813   71.52090 -161.23034    -0.5875    31.5605    1442.09  0.000e+00
     17.851   71.52090 -161.23034    -0.5886    31.5621    1442.09  0.000e+00
     17.851   71.52090 -161.23034    -0.5906    31.5634    1442.08  0.000e+00
