EcoFOCI/data/1_SampleCollection/2023_SikuliaqDBO_CruiseData/CTD_raw_BottleFile_SKQ23-12S/proc/skq202312s_025svp.cnv
* Sea-Bird SBE 9 Data File:
* FileName = D:\CTD\SKQ202312S\SKQ202312S_025.hex
* Software Version Seasave V 7.26.7.121
* Temperature SN = 6177
* Conductivity SN = 0369
* Number of Bytes Per Scan = 41
* Number of Voltage Words = 4
* Number of Scans Averaged by the Deck Unit = 1
* NMEA Latitude = 71 14.81 N
* NMEA Longitude = 157 09.84 W
* NMEA UTC (Time) = Sep 20 2023  21:07:47
* NMEA baud rate = 4800
** Ship: R/V Sikuliaq
** Station Number: 025
** Station Name: DBO5.1
** Bottom Depth: 46
** Operator: SD
# nquan = 7
# nvalues = 4850                                  
# units = specified
# name 0 = depSM: Depth [salt water, m]
# name 1 = latitude: Latitude [deg]
# name 2 = longitude: Longitude [deg]
# name 3 = t090C: Temperature [ITS-90, deg C]
# name 4 = sal00: Salinity, Practical [PSU]
# name 5 = svCM: Sound Velocity [Chen-Millero, m/s]
# name 6 = flag:  0.000e+00
# span 0 =      1.605,     41.238                 
# span 1 =   71.24684,   71.24686                 
# span 2 = -157.16436, -157.16418                 
# span 3 =     2.4755,     4.5770                 
# span 4 =    30.1353,    31.6743                 
# span 5 =    1456.48,    1463.44                 
# span 6 = 0.0000e+00, 0.0000e+00                 
# interval = seconds: 0.0416667
# start_time = Sep 20 2023 21:11:24 [NMEA time, first data scan]
# bad_flag = -9.990e-29
*END*
[from data line 2872]
     32.477   71.24684 -157.16424     3.8310    31.2571    1461.63  0.000e+00
     32.531   71.24684 -157.16424     3.8307    31.2574    1461.63  0.000e+00
     32.639   71.24684 -157.16424     3.8307    31.2577    1461.63  0.000e+00
     32.531   71.24684 -157.16424     3.8310    31.2582    1461.63  0.000e+00
     32.592   71.24684 -157.16424     3.8314    31.2577    1461.63  0.000e+00
     32.577   71.24684 -157.16424     3.8318    31.2580    1461.64  0.000e+00
     32.592   71.24684 -157.16424     3.8321    31.2575    1461.64  0.000e+00
     32.592   71.24684 -157.16424     3.8321    31.2574    1461.64  0.000e+00
     32.639   71.24684 -157.16424     3.8321    31.2571    1461.64  0.000e+00
     32.592   71.24684 -157.16424     3.8318    31.2574    1461.63  0.000e+00
     32.646   71.24684 -157.16424     3.8314    31.2574    1461.63  0.000e+00
     32.639   71.24684 -157.16424     3.8310    31.2574    1461.63  0.000e+00
     32.700   71.24684 -157.16424     3.8308    31.2573    1461.63  0.000e+00
     32.646   71.24684 -157.16424     3.8303    31.2578    1461.63  0.000e+00
     32.693   71.24684 -157.16424     3.8302    31.2582    1461.63  0.000e+00
     32.700   71.24684 -157.16424     3.8302    31.2575    1461.63  0.000e+00
     32.700   71.24684 -157.16424     3.8303    31.2576    1461.63  0.000e+00
     32.693   71.24684 -157.16424     3.8299    31.2581    1461.63  0.000e+00
     32.700   71.24684 -157.16424     3.8302    31.2579    1461.63  0.000e+00
     32.762   71.24684 -157.16424     3.8303    31.2580    1461.63  0.000e+00
     32.747   71.24684 -157.16424     3.8308    31.2578    1461.63  0.000e+00
     32.700   71.24684 -157.16424     3.8307    31.2581    1461.63  0.000e+00
     32.816   71.24684 -157.16424     3.8308    31.2577    1461.63  0.000e+00
     32.747   71.24684 -157.16424     3.8308    31.2574    1461.63  0.000e+00
     32.762   71.24684 -157.16424     3.8305    31.2579    1461.63  0.000e+00
     32.816   71.24684 -157.16424     3.8302    31.2574    1461.63  0.000e+00
     32.808   71.24684 -157.16424     3.8294    31.2571    1461.63  0.000e+00
     32.762   71.24684 -157.16424     3.8283    31.2577    1461.62  0.000e+00
     32.878   71.24684 -157.16424     3.8275    31.2585    1461.62  0.000e+00
     32.808   71.24684 -157.16424     3.8272    31.2587    1461.62  0.000e+00
     32.878   71.24684 -157.16424     3.8268    31.2587    1461.62  0.000e+00
     32.816   71.24684 -157.16424     3.8265    31.2590    1461.62  0.000e+00
     32.808   71.24684 -157.16424     3.8261    31.2598    1461.62  0.000e+00
     32.993   71.24684 -157.16424     3.8262    31.2595    1461.62  0.000e+00
     32.878   71.24684 -157.16424     3.8264    31.2592    1461.62  0.000e+00
     32.878   71.24684 -157.16424     3.8261    31.2596    1461.62  0.000e+00
     32.924   71.24684 -157.16424     3.8261    31.2594    1461.62  0.000e+00
     32.878   71.24684 -157.16424     3.8264    31.2591    1461.62  0.000e+00
     32.932   71.24684 -157.16424     3.8262    31.2592    1461.62  0.000e+00
     32.978   71.24684 -157.16424     3.8261    31.2596    1461.62  0.000e+00
     32.932   71.24684 -157.16424     3.8259    31.2598    1461.62  0.000e+00
     32.993   71.24684 -157.16424     3.8261    31.2594    1461.62  0.000e+00
     32.924   71.24684 -157.16424     3.8259    31.2598    1461.62  0.000e+00
     32.993   71.24684 -157.16424     3.8259    31.2596    1461.62  0.000e+00
     32.993   71.24684 -157.16424     3.8256    31.2600    1461.62  0.000e+00
     33.040   71.24684 -157.16424     3.8259    31.2595    1461.62  0.000e+00
     32.993   71.24684 -157.16424     3.8257    31.2594    1461.62  0.000e+00
     32.993   71.24684 -157.16424     3.8257    31.2594    1461.62  0.000e+00
     33.094   71.24684 -157.16424     3.8259    31.2595    1461.62  0.000e+00
     33.047   71.24684 -157.16424     3.8257    31.2597    1461.62  0.000e+00
     33.047   71.24684 -157.16424     3.8254    31.2599    1461.62  0.000e+00
     33.094   71.24684 -157.16424     3.8256    31.2600    1461.62  0.000e+00
     33.047   71.24684 -157.16424     3.8256    31.2598    1461.62  0.000e+00
     33.101   71.24684 -157.16424     3.8256    31.2595    1461.62  0.000e+00
     33.094   71.24684 -157.16424     3.8253    31.2595    1461.62  0.000e+00
     33.101   71.24684 -157.16424     3.8251    31.2596    1461.62  0.000e+00
     33.163   71.24684 -157.16426     3.8248    31.2595    1461.62  0.000e+00
     33.148   71.24684 -157.16426     3.8245    31.2599    1461.62  0.000e+00
     33.163   71.24684 -157.16426     3.8248    31.2598    1461.62  0.000e+00
     33.163   71.24684 -157.16426     3.8249    31.2599    1461.62  0.000e+00
     33.209   71.24684 -157.16426     3.8249    31.2600    1461.62  0.000e+00
     33.163   71.24684 -157.16426     3.8246    31.2601    1461.62  0.000e+00
     33.217   71.24684 -157.16426     3.8248    31.2595    1461.62  0.000e+00
     33.209   71.24684 -157.16426     3.8243    31.2596    1461.62  0.000e+00
     33.217   71.24684 -157.16426     3.8240    31.2598    1461.62  0.000e+00
     33.279   71.24684 -157.16426     3.8236    31.2602    1461.61  0.000e+00
     33.263   71.24684 -157.16426     3.8235    31.2596    1461.61  0.000e+00
     33.279   71.24684 -157.16426     3.8223    31.2598    1461.61  0.000e+00
     33.279   71.24684 -157.16426     3.8213    31.2594    1461.60  0.000e+00
     33.325   71.24684 -157.16426     3.8197    31.2601    1461.60  0.000e+00
     33.279   71.24684 -157.16426     3.8188    31.2605    1461.60  0.000e+00
     33.279   71.24684 -157.16426     3.8183    31.2608    1461.59  0.000e+00
     33.394   71.24684 -157.16426     3.8179    31.2606    1461.59  0.000e+00
     33.325   71.24684 -157.16426     3.8172    31.2606    1461.59  0.000e+00
     33.394   71.24684 -157.16426     3.8163    31.2611    1461.59  0.000e+00
     33.333   71.24684 -157.16426     3.8156    31.2611    1461.58  0.000e+00
     33.379   71.24684 -157.16426     3.8150    31.2617    1461.58  0.000e+00
     33.448   71.24684 -157.16426     3.8152    31.2619    1461.58  0.000e+00
     33.394   71.24684 -157.16426     3.8150    31.2618    1461.58  0.000e+00
     33.441   71.24684 -157.16426     3.8149    31.2619    1461.58  0.000e+00
     33.448   71.24684 -157.16426     3.8147    31.2618    1461.58  0.000e+00
     33.448   71.24684 -157.16426     3.8144    31.2624    1461.58  0.000e+00
     33.441   71.24684 -157.16426     3.8137    31.2632    1461.58  0.000e+00
     33.502   71.24684 -157.16426     3.8130    31.2637    1461.58  0.000e+00
     33.502   71.24684 -157.16426     3.8125    31.2639    1461.58  0.000e+00
     33.495   71.24684 -157.16426     3.8123    31.2640    1461.58  0.000e+00
     33.502   71.24684 -157.16426     3.8118    31.2646    1461.57  0.000e+00
     33.564   71.24684 -157.16426     3.8117    31.2650    1461.58  0.000e+00
     33.549   71.24684 -157.16426     3.8114    31.2652    1461.57  0.000e+00
     33.564   71.24684 -157.16426     3.8109    31.2662    1461.57  0.000e+00
     33.564   71.24684 -157.16426     3.8109    31.2670    1461.57  0.000e+00
     33.564   71.24684 -157.16426     3.8115    31.2680    1461.58  0.000e+00
     33.610   71.24684 -157.16426     3.8122    31.2690    1461.58  0.000e+00
     33.618   71.24684 -157.16426     3.8130    31.2706    1461.59  0.000e+00
     33.618   71.24684 -157.16426     3.8141    31.2725    1461.60  0.000e+00
     33.610   71.24684 -157.16426     3.8161    31.2733    1461.61  0.000e+00
     33.680   71.24684 -157.16426     3.8174    31.2734    1461.61  0.000e+00
     33.680   71.24684 -157.16426     3.8185    31.2738    1461.62  0.000e+00
     33.664   71.24684 -157.16426     3.8195    31.2747    1461.62  0.000e+00
     33.680   71.24684 -157.16426     3.8205    31.2756    1461.63  0.000e+00
     33.734   71.24684 -157.16426     3.8215    31.2763    1461.63  0.000e+00
     33.664   71.24684 -157.16426     3.8224    31.2755    1461.64  0.000e+00
     33.734   71.24684 -157.16426     3.8229    31.2758    1461.64  0.000e+00
     33.734   71.24684 -157.16426     3.8234    31.2758    1461.64  0.000e+00
     33.780   71.24684 -157.16426     3.8237    31.2755    1461.64  0.000e+00
     33.734   71.24684 -157.16426     3.8234    31.2756    1461.64  0.000e+00
     33.795   71.24684 -157.16426     3.8235    31.2748    1461.64  0.000e+00
     33.795   71.24684 -157.16426     3.8230    31.2746    1461.64  0.000e+00
     33.780   71.24684 -157.16426     3.8227    31.2752    1461.64  0.000e+00
     33.795   71.24684 -157.16426     3.8229    31.2756    1461.64  0.000e+00
     33.849   71.24684 -157.16426     3.8234    31.2765    1461.64  0.000e+00
     33.842   71.24684 -157.16426     3.8240    31.2773    1461.65  0.000e+00
     33.849   71.24684 -157.16426     3.8246    31.2775    1461.65  0.000e+00
     33.849   71.24684 -157.16426     3.8248    31.2781    1461.65  0.000e+00
     33.896   71.24684 -157.16426     3.8249    31.2792    1461.66  0.000e+00
     33.849   71.24684 -157.16426     3.8249    31.2799    1461.66  0.000e+00
     33.903   71.24684 -157.16426     3.8249    31.2803    1461.66  0.000e+00
     33.896   71.24684 -157.16426     3.8250    31.2800    1461.66  0.000e+00
     33.903   71.24684 -157.16426     3.8245    31.2803    1461.65  0.000e+00
     33.903   71.24684 -157.16426     3.8235    31.2815    1461.65  0.000e+00
     33.903   71.24684 -157.16426     3.8221    31.2831    1461.65  0.000e+00
     33.957   71.24684 -157.16426     3.8202    31.2840    1461.64  0.000e+00
     33.965   71.24684 -157.16426     3.8185    31.2854    1461.64  0.000e+00
     33.965   71.24684 -157.16426     3.8164    31.2867    1461.63  0.000e+00
     33.957   71.24684 -157.16426     3.8152    31.2869    1461.63  0.000e+00
     33.965   71.24684 -157.16426     3.8137    31.2874    1461.62  0.000e+00
     34.019   71.24684 -157.16426     3.8130    31.2881    1461.62  0.000e+00
     34.011   71.24684 -157.16426     3.8118    31.2882    1461.61  0.000e+00
     33.965   71.24684 -157.16426     3.8109    31.2888    1461.61  0.000e+00
     34.019   71.24684 -157.16426     3.8099    31.2894    1461.61  0.000e+00
     34.011   71.24684 -157.16426     3.8093    31.2896    1461.60  0.000e+00
     34.019   71.24684 -157.16426     3.8085    31.2896    1461.60  0.000e+00
     34.081   71.24684 -157.16426     3.8077    31.2889    1461.60  0.000e+00
     34.019   71.24684 -157.16426     3.8060    31.2895    1461.59  0.000e+00
     34.065   71.24684 -157.16426     3.8044    31.2906    1461.59  0.000e+00
     34.081   71.24684 -157.16426     3.8040    31.2907    1461.58  0.000e+00
     34.081   71.24684 -157.16426     3.8037    31.2904    1461.58  0.000e+00
     34.065   71.24684 -157.16426     3.8025    31.2904    1461.58  0.000e+00
     34.081   71.24684 -157.16426     3.8011    31.2896    1461.57  0.000e+00
     34.081   71.24684 -157.16426     3.7987    31.2905    1461.56  0.000e+00
     34.181   71.24684 -157.16426     3.7973    31.2919    1461.56  0.000e+00
     34.081   71.24684 -157.16426     3.7970    31.2920    1461.56  0.000e+00
     34.081   71.24684 -157.16426     3.7945    31.2918    1461.55  0.000e+00
     34.189   71.24684 -157.16426     3.7917    31.2915    1461.54  0.000e+00
     34.127   71.24684 -157.16426     3.7891    31.2908    1461.52  0.000e+00
     34.135   71.24684 -157.16426     3.7853    31.2883    1461.50  0.000e+00
     34.135   71.24684 -157.16426     3.7781    31.2874    1461.47  0.000e+00
     34.181   71.24684 -157.16426     3.7713    31.2888    1461.45  0.000e+00
     34.189   71.24684 -157.16426     3.7661    31.2917    1461.43  0.000e+00
     34.135   71.24684 -157.16426     3.7628    31.2938    1461.42  0.000e+00
     34.243   71.24684 -157.16426     3.7604    31.2971    1461.41  0.000e+00
     34.135   71.24684 -157.16426     3.7636    31.3003    1461.43  0.000e+00
     34.250   71.24684 -157.16426     3.7688    31.2987    1461.45  0.000e+00
     34.189   71.24684 -157.16426     3.7684    31.2963    1461.44  0.000e+00
     34.243   71.24684 -157.16426     3.7652    31.2948    1461.43  0.000e+00
     34.250   71.24684 -157.16426     3.7626    31.2952    1461.42  0.000e+00
     34.250   71.24684 -157.16426     3.7612    31.2972    1461.41  0.000e+00
     34.243   71.24684 -157.16426     3.7615    31.2978    1461.42  0.000e+00
     34.250   71.24684 -157.16426     3.7615    31.2974    1461.42  0.000e+00
     34.250   71.24684 -157.16426     3.7609    31.2969    1461.41  0.000e+00
     34.297   71.24684 -157.16426     3.7602    31.2974    1461.41  0.000e+00
     34.250   71.24684 -157.16426     3.7598    31.2994    1461.41  0.000e+00
     34.304   71.24684 -157.16426     3.7614    31.3006    1461.42  0.000e+00
     34.304   71.24684 -157.16426     3.7642    31.2991    1461.43  0.000e+00
     34.358   71.24684 -157.16426     3.7650    31.2974    1461.43  0.000e+00
     34.304   71.24684 -157.16426     3.7644    31.2966    1461.43  0.000e+00
     34.304   71.24684 -157.16426     3.7634    31.2962    1461.42  0.000e+00
     34.358   71.24684 -157.16426     3.7623    31.2958    1461.42  0.000e+00
     34.420   71.24684 -157.16426     3.7612    31.2961    1461.42  0.000e+00
     34.304   71.24684 -157.16426     3.7604    31.2966    1461.41  0.000e+00
     34.412   71.24684 -157.16426     3.7601    31.2976    1461.41  0.000e+00
     34.366   71.24684 -157.16426     3.7601    31.2981    1461.41  0.000e+00
     34.482   71.24684 -157.16426     3.7602    31.2970    1461.41  0.000e+00
     34.366   71.24684 -157.16426     3.7602    31.2967    1461.41  0.000e+00
     34.466   71.24684 -157.16426     3.7595    31.2969    1461.41  0.000e+00
     34.420   71.24684 -157.16426     3.7590    31.2965    1461.41  0.000e+00
     34.482   71.24684 -157.16426     3.7581    31.2970    1461.41  0.000e+00
     34.466   71.24684 -157.16426     3.7579    31.2976    1461.40  0.000e+00
     34.482   71.24684 -157.16426     3.7581    31.2982    1461.41  0.000e+00
     34.482   71.24684 -157.16426     3.7587    31.2980    1461.41  0.000e+00
     34.582   71.24684 -157.16426     3.7588    31.2975    1461.41  0.000e+00
     34.482   71.24684 -157.16426     3.7590    31.2977    1461.41  0.000e+00
     34.590   71.24684 -157.16426     3.7591    31.2980    1461.41  0.000e+00
     34.536   71.24684 -157.16426     3.7596    31.2977    1461.41  0.000e+00
     34.582   71.24684 -157.16426     3.7601    31.2976    1461.42  0.000e+00
     34.590   71.24684 -157.16426     3.7604    31.2976    1461.42  0.000e+00
     34.590   71.24684 -157.16426     3.7607    31.2974    1461.42  0.000e+00
     34.644   71.24684 -157.16426     3.7609    31.2973    1461.42  0.000e+00
     34.652   71.24684 -157.16426     3.7609    31.2977    1461.42  0.000e+00
     34.652   71.24684 -157.16426     3.7612    31.2969    1461.42  0.000e+00
     34.652   71.24684 -157.16426     3.7602    31.2959    1461.42  0.000e+00
     34.698   71.24684 -157.16426     3.7575    31.2947    1461.40  0.000e+00
     34.767   71.24684 -157.16426     3.7551    31.2943    1461.39  0.000e+00
     34.706   71.24684 -157.16426     3.7525    31.2949    1461.38  0.000e+00
     34.760   71.24684 -157.16426     3.7502    31.2955    1461.37  0.000e+00
     34.767   71.24684 -157.16426     3.7477    31.2960    1461.36  0.000e+00
     34.767   71.24684 -157.16426     3.7451    31.2968    1461.35  0.000e+00
     34.821   71.24684 -157.16426     3.7439    31.2975    1461.35  0.000e+00
     34.814   71.24684 -157.16426     3.7426    31.2985    1461.35  0.000e+00
     34.821   71.24684 -157.16426     3.7418    31.2988    1461.34  0.000e+00
     34.883   71.24684 -157.16426     3.7412    31.2993    1461.34  0.000e+00
     34.867   71.24684 -157.16426     3.7406    31.2992    1461.34  0.000e+00
     34.883   71.24684 -157.16426     3.7402    31.2993    1461.34  0.000e+00
     34.937   71.24684 -157.16426     3.7401    31.2993    1461.34  0.000e+00
