EcoFOCI/data/1_SampleCollection/2023_SikuliaqDBO_CruiseData/CTD_raw_BottleFile_SKQ23-12S/proc/skq202312s_023.cnv
* Sea-Bird SBE 9 Data File:
* FileName = D:\CTD\SKQ202312S\SKQ202312S_023.hex
* Software Version Seasave V 7.26.7.121
* Temperature SN = 6177
* Conductivity SN = 0369
* Number of Bytes Per Scan = 41
* Number of Voltage Words = 4
* Number of Scans Averaged by the Deck Unit = 1
* NMEA Latitude = 64 57.70 N
* NMEA Longitude = 169 53.01 W
* NMEA UTC (Time) = Sep 18 2023  07:03:01
* NMEA baud rate = 4800
** Ship: R/V Sikuliaq
** Station Number: 023
** Station Name: DBO2.4
** Bottom Depth: 48
** Operator: SD
# nquan = 24
# nvalues = 5745                                  
# units = specified
# name 0 = depSM: Depth [salt water, m]
# name 1 = latitude: Latitude [deg]
# name 2 = longitude: Longitude [deg]
# name 3 = prDM: Pressure, Digiquartz [db]
# name 4 = t090C: Temperature [ITS-90, deg C]
# name 5 = t190C: Temperature, 2 [ITS-90, deg C]
# name 6 = potemp090C: Potential Temperature [ITS-90, deg C]
# name 7 = sal00: Salinity, Practical [PSU]
# name 8 = sal11: Salinity, Practical, 2 [PSU]
# name 9 = density00: Density [density, kg/m^3]
# name 10 = sigma-é00: Density [sigma-theta, kg/m^3]
# name 11 = sbox0Mm/Kg: Oxygen, SBE 43 [umol/kg]
# name 12 = sbox1Mm/Kg: Oxygen, SBE 43, 2 [umol/kg]
# name 13 = oxsolMm/Kg: Oxygen Saturation, Garcia & Gordon [umol/kg]
# name 14 = sbeox0PS: Oxygen, SBE 43 [% saturation]
# name 15 = sbeox1PS: Oxygen, SBE 43, 2 [% saturation]
# name 16 = v0: Voltage 0
# name 17 = flECO-AFL: Fluorescence, WET Labs ECO-AFL/FL [mg/m^3]
# name 18 = v1: Voltage 1
# name 19 = CStarAt0: Beam Attenuation, WET Labs C-Star [1/m]
# name 20 = par: PAR/Irradiance, Biospherical/Licor
# name 21 = scan: Scan Count
# name 22 = timeM: Time, Elapsed [minutes]
# name 23 = flag:  0.000e+00
# span 0 =      2.982,     42.925                 
# span 1 =   64.96160,   64.96168                 
# span 2 = -169.88358, -169.88352                 
# span 3 =      3.012,     43.354                 
# span 4 =     1.2940,     3.3595                 
# span 5 =     1.2953,     3.3612                 
# span 6 =     1.2931,     3.3576                 
# span 7 =    31.7597,    32.8509                 
# span 8 =    32.1244,    32.8234                 
# span 9 =  1025.4330,  1026.3945                 
# span 10 =    25.4180,    26.2163                
# span 11 =    241.886,    315.274                
# span 12 =    230.917,    303.333                
# span 13 =  325.19330,  344.38432                
# span 14 =     72.332,     91.801                
# span 15 =     69.041,     88.334                
# span 16 =     0.1123,     0.4750                
# span 17 =     0.3260,     2.5018                
# span 18 =     3.3663,     4.0733                
# span 19 =     0.5830,     1.3458                
# span 20 = 1.0000e-12, 5.6694e-01                
# span 21 =          1,       5745                
# span 22 =     0.0000,     3.9889                
# span 23 = 0.0000e+00, 0.0000e+00                
# interval = seconds: 0.0416667
# start_time = Sep 18 2023 07:06:42 [NMEA time, first data scan]
# bad_flag = -9.990e-29
*END*
[from data line 3865]
     38.635   64.96166 -169.88358     39.021     2.2773     2.2917     2.2753    32.7886    32.8032  1026.3633    26.1794    258.871    250.731  333.95780     77.516     75.114     0.3223     1.5861     3.6203     1.0548 1.0000e-12       3866     2.6840  0.000e+00
     38.635   64.96166 -169.88358     39.021     2.2771     2.2917     2.2751    32.7862    32.8015  1026.3614    26.1775    258.458    250.594  333.96612     77.391     75.072     0.3211     1.5787     3.6203     1.0548 1.0000e-12       3867     2.6847  0.000e+00
     38.635   64.96166 -169.88358     39.021     2.2753     2.2936     2.2733    32.7824    32.8008  1026.3584    26.1746    258.203    250.261  333.99051     77.308     74.975     0.3223     1.5861     3.6203     1.0548 1.0000e-12       3868     2.6854  0.000e+00
     38.681   64.96166 -169.88358     39.068     2.2728     2.2955     2.2708    32.7825    32.8013  1026.3589    26.1748    257.792    249.921  334.01110     77.181     74.877     0.3040     1.4762     3.6203     1.0548 1.0000e-12       3869     2.6861  0.000e+00
     38.689   64.96166 -169.88358     39.076     2.2717     2.2968     2.2697    32.7820    32.8018  1026.3587    26.1745    257.815    249.804  334.02138     77.185     74.845     0.2466     1.1319     3.6203     1.0548 1.0000e-12       3870     2.6868  0.000e+00
     38.689   64.96166 -169.88358     39.076     2.2711     2.2988     2.2691    32.7790    32.8019  1026.3563    26.1722    257.238    249.680  334.03447     77.009     74.812     0.2247     1.0000     3.6203     1.0548 1.0000e-12       3871     2.6875  0.000e+00
     38.689   64.96166 -169.88358     39.076     2.2688     2.3015     2.2668    32.7758    32.8026  1026.3539    26.1698    257.082    249.370  334.06218     76.956     74.724     0.2247     1.0000     3.6203     1.0548 1.0000e-12       3872     2.6882  0.000e+00
     38.681   64.96166 -169.88358     39.068     2.2641     2.3049     2.2621    32.7734    32.8025  1026.3524    26.1683    256.976    249.054  334.10751     76.914     74.636     0.2271     1.0146     3.6203     1.0548 1.0000e-12       3873     2.6889  0.000e+00
     38.689   64.96166 -169.88358     39.076     2.2550     2.3069     2.2530    32.7743    32.8022  1026.3538    26.1696    256.484    248.945  334.18159     76.750     74.607     0.2283     1.0220     3.6117     1.0642 1.0000e-12       3874     2.6896  0.000e+00
     38.689   64.96166 -169.88358     39.076     2.2453     2.3077     2.2433    32.7777    32.8016  1026.3573    26.1731    256.177    248.668  334.25359     76.642     74.525     0.2295     1.0293     3.6056     1.0710 1.0000e-12       3875     2.6903  0.000e+00
     38.681   64.96166 -169.88358     39.068     2.2399     2.3068     2.2379    32.7801    32.8022  1026.3596    26.1755    256.031    248.399  334.29281     76.589     74.443     0.2283     1.0220     3.6044     1.0724 1.0000e-12       3876     2.6910  0.000e+00
     38.689   64.96166 -169.88358     39.076     2.2384     2.3070     2.2364    32.7813    32.8021  1026.3607    26.1765    255.714    248.323  334.30246     76.492     74.421     0.2283     1.0220     3.6044     1.0724 1.0000e-12       3877     2.6917  0.000e+00
     38.751   64.96166 -169.88358     39.138     2.2374     2.3085     2.2354    32.7832    32.8019  1026.3626    26.1781    255.545    248.040  334.30575     76.440     74.338     0.2283     1.0220     3.6044     1.0724 1.0000e-12       3878     2.6924  0.000e+00
     38.689   64.96166 -169.88358     39.076     2.2372     2.3112     2.2352    32.7845    32.8015  1026.3634    26.1792    255.220    247.945  334.30368     76.344     74.315     0.2283     1.0220     3.6044     1.0724 1.0000e-12       3879     2.6931  0.000e+00
     38.735   64.96166 -169.88358     39.122     2.2366     2.3133     2.2346    32.7863    32.8020  1026.3651    26.1807    254.868    247.655  334.30424     76.238     74.232     0.2271     1.0146     3.6044     1.0724 1.0000e-12       3880     2.6938  0.000e+00
     38.751   64.96166 -169.88358     39.138     2.2366     2.3149     2.2346    32.7870    32.8019  1026.3657    26.1812    254.740    247.568  334.30239     76.200     74.209     0.2283     1.0220     3.6044     1.0724 1.0000e-12       3881     2.6944  0.000e+00
     38.751   64.96166 -169.88358     39.138     2.2371     2.3174     2.2351    32.7869    32.8019  1026.3656    26.1811    254.205    247.300  334.29896     76.041     74.133     0.2271     1.0146     3.6044     1.0724 1.0000e-12       3882     2.6951  0.000e+00
     38.751   64.96166 -169.88358     39.138     2.2370     2.3196     2.2350    32.7899    32.8020  1026.3680    26.1836    253.862    247.034  334.29218     75.940     74.057     0.2283     1.0220     3.6044     1.0724 1.0000e-12       3883     2.6958  0.000e+00
     38.797   64.96166 -169.88358     39.185     2.2369     2.3205     2.2349    32.7974    32.8019  1026.3742    26.1895    253.706    246.780  334.27358     75.898     73.983     0.2295     1.0293     3.6044     1.0724 1.0000e-12       3884     2.6965  0.000e+00
     38.805   64.96166 -169.88358     39.192     2.2393     2.3197     2.2373    32.8025    32.8023  1026.3782    26.1934    253.581    246.738  334.24052     75.868     73.969     0.2283     1.0220     3.6056     1.0710 1.0000e-12       3885     2.6972  0.000e+00
     38.805   64.96166 -169.88358     39.192     2.2446     2.3191     2.2426    32.8018    32.8012  1026.3772    26.1925    253.268    246.500  334.19776     75.784     73.896     0.2295     1.0293     3.6044     1.0724 1.0000e-12       3886     2.6979  0.000e+00
     38.805   64.96166 -169.88358     39.192     2.2504     2.3187     2.2484    32.8012    32.8004  1026.3763    26.1915    253.147    246.463  334.15087     75.758     73.884     0.2283     1.0220     3.6044     1.0724 1.0000e-12       3887     2.6986  0.000e+00
     38.797   64.96166 -169.88358     39.185     2.2564     2.3182     2.2544    32.7995    32.7999  1026.3744    26.1898    252.847    246.253  334.10523     75.679     73.819     0.2283     1.0220     3.6044     1.0724 1.0000e-12       3888     2.6993  0.000e+00
     38.805   64.96166 -169.88358     39.192     2.2616     2.3185     2.2596    32.7956    32.7996  1026.3709    26.1862    252.752    246.016  334.07178     75.658     73.749     0.2283     1.0220     3.6044     1.0724 1.0000e-12       3889     2.7000  0.000e+00
     38.805   64.96166 -169.88358     39.192     2.2639     2.3193     2.2619    32.7931    32.7994  1026.3687    26.1840    252.494    245.980  334.05864     75.584     73.739     0.2283     1.0220     3.6044     1.0724 1.0000e-12       3890     2.7007  0.000e+00
     38.797   64.96166 -169.88358     39.185     2.2650     2.3204     2.2630    32.7934    32.7989  1026.3689    26.1842    252.249    245.969  334.04836     75.513     73.738     0.2271     1.0146     3.6044     1.0724 1.0000e-12       3891     2.7014  0.000e+00
     38.805   64.96166 -169.88358     39.192     2.2670     2.3205     2.2650    32.7951    32.7990  1026.3701    26.1854    252.229    245.768  334.02731     75.511     73.678     0.2283     1.0220     3.6044     1.0724 1.0000e-12       3892     2.7021  0.000e+00
     38.859   64.96166 -169.88358     39.247     2.2716     2.3194     2.2696    32.7971    32.7993  1026.3716    26.1866    251.979    245.580  333.98414     75.446     73.620     0.2295     1.0293     3.6044     1.0724 1.0000e-12       3893     2.7028  0.000e+00
     38.804   64.96166 -169.88358     39.192     2.2748     2.3188     2.2728    32.7997    32.7992  1026.3732    26.1885    251.967    245.566  333.95025     75.450     73.614     0.2283     1.0220     3.5958     1.0819 1.0000e-12       3894     2.7035  0.000e+00
     38.797   64.96166 -169.88358     39.184     2.2774     2.3174     2.2754    32.7998    32.7988  1026.3730    26.1884    251.752    245.387  333.92879     75.391     73.558     0.2320     1.0439     3.5849     1.0941 1.0000e-12       3895     2.7042  0.000e+00
     38.858   64.96166 -169.88358     39.247     2.2807     2.3148     2.2787    32.7983    32.7988  1026.3718    26.1869    251.510    245.223  333.90497     75.324     73.504     0.2357     1.0659     3.5824     1.0968 1.0000e-12       3896     2.7049  0.000e+00
     38.858   64.96166 -169.88358     39.247     2.2837     2.3130     2.2817    32.7950    32.7982  1026.3690    26.1840    251.505    245.034  333.88801     75.326     73.444     0.2369     1.0732     3.5836     1.0955 1.0000e-12       3897     2.7056  0.000e+00
     38.858   64.96166 -169.88358     39.247     2.2838     2.3130     2.2818    32.7923    32.7988  1026.3668    26.1819    251.343    245.036  333.89405     75.276     73.445     0.2357     1.0659     3.5836     1.0955 1.0000e-12       3898     2.7062  0.000e+00
     38.851   64.96166 -169.88358     39.239     2.2833     2.3146     2.2813    32.7901    32.8004  1026.3650    26.1801    251.158    244.855  333.90380     75.219     73.394     0.2369     1.0732     3.5836     1.0955 1.0000e-12       3899     2.7069  0.000e+00
     38.858   64.96166 -169.88358     39.247     2.2828     2.3160     2.2808    32.7900    32.8022  1026.3650    26.1801    251.205    244.659  333.90847     75.232     73.339     0.2357     1.0659     3.5836     1.0955 1.0000e-12       3900     2.7076  0.000e+00
     38.920   64.96166 -169.88358     39.309     2.2818     2.3174     2.2797    32.7899    32.8021  1026.3653    26.1801    251.045    244.449  333.91737     75.182     73.279     0.2369     1.0732     3.5836     1.0955 1.0000e-12       3901     2.7083  0.000e+00
     38.912   64.96166 -169.88358     39.301     2.2815     2.3191     2.2795    32.7887    32.8021  1026.3643    26.1792    251.115    244.417  333.92224     75.202     73.272     0.2369     1.0732     3.5836     1.0955 1.0000e-12       3902     2.7090  0.000e+00
     38.858   64.96166 -169.88358     39.247     2.2816     2.3202     2.2796    32.7879    32.8012  1026.3634    26.1785    250.968    244.219  333.92383     75.157     73.214     0.2357     1.0659     3.5836     1.0955 1.0000e-12       3903     2.7097  0.000e+00
     38.920   64.96166 -169.88358     39.309     2.2816     2.3199     2.2796    32.7875    32.8015  1026.3634    26.1782    250.798    244.014  333.92485     75.106     73.152     0.2369     1.0732     3.5836     1.0955 1.0000e-12       3904     2.7104  0.000e+00
     38.858   64.96166 -169.88358     39.247     2.2811     2.3182     2.2790    32.7872    32.8006  1026.3629    26.1780    250.825    243.824  333.93026     75.113     73.092     0.2357     1.0659     3.5836     1.0955 1.0000e-12       3905     2.7111  0.000e+00
     38.912   64.96166 -169.88358     39.301     2.2808     2.3143     2.2788    32.7869    32.7985  1026.3629    26.1778    250.679    244.036  333.93324     75.068     73.147     0.2369     1.0732     3.5836     1.0955 1.0000e-12       3906     2.7118  0.000e+00
     38.920   64.96166 -169.88358     39.309     2.2807     2.3094     2.2787    32.7869    32.7969  1026.3630    26.1778    250.502    243.907  333.93397     75.016     73.098     0.2357     1.0659     3.5836     1.0955 1.0000e-12       3907     2.7125  0.000e+00
     38.920   64.96166 -169.88358     39.309     2.2808     2.3077     2.2788    32.7864    32.7939  1026.3626    26.1774    250.561    243.542  333.93450     75.033     72.984     0.2369     1.0732     3.5836     1.0955 1.0000e-12       3908     2.7132  0.000e+00
     38.974   64.96166 -169.88358     39.364     2.2810     2.3049     2.2789    32.7861    32.7925  1026.3626    26.1771    250.409    243.341  333.93396     74.987     72.918     0.2357     1.0659     3.5836     1.0955 1.0000e-12       3909     2.7139  0.000e+00
     38.912   64.96166 -169.88358     39.301     2.2808     2.3010     2.2788    32.7858    32.7922  1026.3621    26.1769    250.267    243.325  333.93594     74.944     72.906     0.2357     1.0659     3.5836     1.0955 1.0000e-12       3910     2.7146  0.000e+00
     38.974   64.96166 -169.88358     39.364     2.2805     2.2974     2.2784    32.7851    32.7935  1026.3618    26.1764    250.368    243.138  333.94049     74.974     72.845     0.2369     1.0732     3.5836     1.0955 1.0000e-12       3911     2.7153  0.000e+00
     38.974   64.96166 -169.88358     39.364     2.2795     2.2942     2.2775    32.7853    32.7944  1026.3621    26.1766    250.181    242.932  333.94764     74.916     72.777     0.2357     1.0659     3.5836     1.0955 1.0000e-12       3912     2.7160  0.000e+00
     38.974   64.96166 -169.88358     39.364     2.2791     2.2911     2.2770    32.7859    32.7957  1026.3626    26.1771    250.186    242.906  333.95022     74.917     72.765     0.2369     1.0732     3.5836     1.0955 1.0000e-12       3913     2.7167  0.000e+00
     38.966   64.96166 -169.88358     39.356     2.2788     2.2884     2.2768    32.7856    32.7967  1026.3623    26.1769    250.014    242.709  333.95322     74.865     72.701     0.2357     1.0659     3.5849     1.0941 1.0000e-12       3914     2.7174  0.000e+00
     39.036   64.96166 -169.88358     39.426     2.2785     2.2862     2.2764    32.7846    32.7980  1026.3619    26.1761    250.042    242.494  333.95851     74.872     72.634     0.2357     1.0659     3.5873     1.0914 1.0000e-12       3915     2.7181  0.000e+00
     38.974   64.96166 -169.88358     39.363     2.2766     2.2847     2.2745    32.7811    32.7985  1026.3589    26.1734    249.866    242.280  333.98343     74.814     72.567     0.2357     1.0659     3.5885     1.0900 1.0000e-12       3916     2.7188  0.000e+00
     39.036   64.96166 -169.88358     39.426     2.2734     2.2840     2.2714    32.7756    32.7976  1026.3551    26.1693    249.938    242.050  334.02369     74.826     72.496     0.2369     1.0732     3.5885     1.0900 1.0000e-12       3917     2.7194  0.000e+00
     39.028   64.96166 -169.88358     39.418     2.2690     2.2830     2.2670    32.7724    32.7978  1026.3528    26.1670    249.796    242.003  334.06860     74.774     72.480     0.2357     1.0659     3.5885     1.0900 1.0000e-12       3918     2.7201  0.000e+00
     38.974   64.96166 -169.88358     39.363     2.2627     2.2818     2.2607    32.7741    32.7979  1026.3544    26.1689    249.928    241.787  334.11715     74.802     72.414     0.2357     1.0659     3.5873     1.0914 1.0000e-12       3919     2.7208  0.000e+00
     39.036   64.96166 -169.88358     39.426     2.2586     2.2805     2.2566    32.7789    32.7978  1026.3589    26.1731    250.013    241.585  334.13939     74.823     72.351     0.2344     1.0586     3.5873     1.0914 1.0000e-12       3920     2.7215  0.000e+00
     39.082   64.96166 -169.88358     39.473     2.2565     2.2799     2.2545    32.7801    32.7978  1026.3602    26.1742    249.689    241.363  334.15345     74.723     72.283     0.2247     1.0000     3.5885     1.0900 1.0000e-12       3921     2.7222  0.000e+00
     39.036   64.96166 -169.88358     39.426     2.2526     2.2782     2.2506    32.7790    32.7984  1026.3594    26.1736    249.799    241.129  334.18898     74.748     72.210     0.2210     0.9780     3.5885     1.0900 1.0000e-12       3922     2.7229  0.000e+00
     39.090   64.96166 -169.88358     39.480     2.2476     2.2761     2.2456    32.7775    32.7982  1026.3589    26.1728    249.668    240.912  334.23443     74.698     72.142     0.2198     0.9707     3.5885     1.0900 1.0000e-12       3923     2.7236  0.000e+00
     39.036   64.96166 -169.88358     39.426     2.2435     2.2754     2.2415    32.7760    32.7968  1026.3578    26.1719    249.498    240.871  334.27278     74.639     72.127     0.2210     0.9780     3.5885     1.0900 1.0000e-12       3924     2.7243  0.000e+00
