EcoFOCI/data/1_SampleCollection/2023_SikuliaqDBO_CruiseData/CTD_raw_BottleFile_SKQ23-12S/proc/skq202312s_056.ros
* Sea-Bird SBE 9 Data File:
* FileName = D:\CTD\SKQ202312S\SKQ202312S_056.hex
* Software Version Seasave V 7.26.7.121
* Temperature SN = 6177
* Conductivity SN = 0369
* Number of Bytes Per Scan = 41
* Number of Voltage Words = 4
* Number of Scans Averaged by the Deck Unit = 1
* NMEA Latitude = 71 11.69 N
* NMEA Longitude = 164 11.92 W
* NMEA UTC (Time) = Sep 27 2023  06:41:16
* NMEA baud rate = 4800
** Ship: R/V Sikuliaq
** Station Number: 056
** Station Name: IC6
** Bottom Depth: 44
** Operator: SD
# nquan = 22
# nvalues = 784                                   
# units = specified
# name 0 = depSM: Depth [salt water, m]
# name 1 = latitude: Latitude [deg]
# name 2 = longitude: Longitude [deg]
# name 3 = prDM: Pressure, Digiquartz [db]
# name 4 = t090C: Temperature [ITS-90, deg C]
# name 5 = t190C: Temperature, 2 [ITS-90, deg C]
# name 6 = potemp090C: Potential Temperature [ITS-90, deg C]
# name 7 = sal00: Salinity, Practical [PSU]
# name 8 = sal11: Salinity, Practical, 2 [PSU]
# name 9 = density00: Density [density, kg/m^3]
# name 10 = sigma-é00: Density [sigma-theta, kg/m^3]
# name 11 = sbox0Mm/Kg: Oxygen, SBE 43 [umol/kg]
# name 12 = sbox1Mm/Kg: Oxygen, SBE 43, 2 [umol/kg]
# name 13 = oxsolMm/Kg: Oxygen Saturation, Garcia & Gordon [umol/kg]
# name 14 = sbeox0PS: Oxygen, SBE 43 [% saturation]
# name 15 = v0: Voltage 0
# name 16 = flECO-AFL: Fluorescence, WET Labs ECO-AFL/FL [mg/m^3]
# name 17 = CStarAt0: Beam Attenuation, WET Labs C-Star [1/m]
# name 18 = par: PAR/Irradiance, Biospherical/Licor
# name 19 = scan: Scan Count
# name 20 = nbf: Bottles Fired
# name 21 = flag:  0.000e+00
# interval = seconds: 0.0416667
# start_time = Sep 27 2023 06:45:52 [NMEA time, first data scan]
# bad_flag = -9.990e-29
*END*
[from data line 461]
     12.223   71.19488 -164.19864     12.349     3.9086     3.9061     3.9078    31.0904    31.1000  1024.7439    24.6860    312.778    297.924  324.92891     96.260     0.1685     0.6630     0.5294 2.7065e-03      15553         10  0.000e+00
     12.161   71.19488 -164.19864     12.287     3.9087     3.9061     3.9080    31.0902    31.1001  1024.7434    24.6859    312.769    298.085  324.92813     96.258     0.1685     0.6630     0.5294 1.0000e-12      15554         10  0.000e+00
     12.107   71.19488 -164.19864     12.232     3.9084     3.9056     3.9076    31.0906    31.1005  1024.7435    24.6862    312.764    297.892  324.93004     96.256     0.1685     0.6630     0.5306 1.0000e-12      15555         10  0.000e+00
     12.161   71.19488 -164.19864     12.287     3.9084     3.9052     3.9077    31.0910    31.1005  1024.7441    24.6866    312.759    298.066  324.92858     96.255     0.1697     0.6703     0.5294 3.3905e-03      15556         10  0.000e+00
     12.161   71.19488 -164.19864     12.287     3.9084     3.9052     3.9077    31.0909    31.1005  1024.7440    24.6865    312.754    298.045  324.92896     96.253     0.1685     0.6630     0.5294 9.3628e-03      15557         10  0.000e+00
     12.161   71.19488 -164.19864     12.287     3.9087     3.9052     3.9079    31.0900    31.1000  1024.7433    24.6857    312.748    298.025  324.92900     96.251     0.1685     0.6630     0.5306 1.0810e-02      15558         10  0.000e+00
     12.130   71.19488 -164.19864     12.256     3.9086     3.9048     3.9078    31.0897    31.1003  1024.7429    24.6855    312.956    298.029  324.93069     96.315     0.1685     0.6630     0.5294 9.3628e-03      15559         10  0.000e+00
     12.161   71.19488 -164.19864     12.287     3.9083     3.9045     3.9075    31.0893    31.1003  1024.7427    24.6852    312.740    298.037  324.93420     96.247     0.1685     0.6630     0.5306 6.5167e-03      15560         10  0.000e+00
     12.107   71.19488 -164.19864     12.232     3.9079     3.9044     3.9072    31.0890    31.1000  1024.7423    24.6850    312.733    298.043  324.93723     96.244     0.1685     0.6630     0.5294 5.4659e-03      15561         10  0.000e+00
     12.161   71.19488 -164.19864     12.287     3.9077     3.9042     3.9070    31.0895    31.0998  1024.7429    24.6854    312.728    298.055  324.93791     96.242     0.1685     0.6630     0.5294 7.2223e-03      15562         10  0.000e+00
     12.161   71.19488 -164.19864     12.287     3.9075     3.9042     3.9067    31.0895    31.0998  1024.7429    24.6854    312.934    298.042  324.93995     96.305     0.1673     0.6557     0.5294 1.3382e-02      15563         10  0.000e+00
     12.107   71.19488 -164.19864     12.232     3.9068     3.9039     3.9061    31.0903    31.1000  1024.7434    24.6862    312.746    298.053  324.94286     96.246     0.1685     0.6630     0.5306 1.5627e-02      15564         10  0.000e+00
     12.161   71.19488 -164.19864     12.287     3.9069     3.9036     3.9062    31.0899    31.1001  1024.7433    24.6858    312.739    298.070  324.94309     96.244     0.1697     0.6703     0.5294 1.6005e-02      15565         10  0.000e+00
     12.130   71.19488 -164.19864     12.256     3.9068     3.9038     3.9061    31.0895    31.1002  1024.7429    24.6855    312.730    298.081  324.94478     96.241     0.1685     0.6630     0.5306 1.9455e-02      15566         10  0.000e+00
     12.161   71.19488 -164.19864     12.287     3.9067     3.9038     3.9059    31.0897    31.0999  1024.7432    24.6857    312.935    298.099  324.94561     96.304     0.1697     0.6703     0.5306 2.1016e-02      15567         10  0.000e+00
     12.107   71.19488 -164.19864     12.232     3.9069     3.9038     3.9062    31.0888    31.0999  1024.7422    24.6849    312.742    297.902  324.94587     96.244     0.1685     0.6630     0.5306 1.9844e-02      15568         10  0.000e+00
     12.161   71.19488 -164.19864     12.287     3.9067     3.9039     3.9059    31.0889    31.0999  1024.7425    24.6850    312.948    297.901  324.94769     96.307     0.1697     0.6703     0.5294 7.5765e-03      15569         10  0.000e+00
     12.107   71.19488 -164.19864     12.232     3.9068     3.9038     3.9061    31.0884    31.1000  1024.7419    24.6846    312.753    298.092  324.94750     96.247     0.1685     0.6630     0.5306 1.3499e-03      15570         10  0.000e+00
     12.107   71.19488 -164.19864     12.232     3.9063     3.9036     3.9056    31.0890    31.1002  1024.7424    24.6851    312.744    297.926  324.95036     96.244     0.1697     0.6703     0.5294 6.7730e-04      15571         10  0.000e+00
     12.192   71.19488 -164.19864     12.318     3.9060     3.9036     3.9053    31.0890    31.1000  1024.7428    24.6852    312.984    298.103  324.95241     96.317     0.1685     0.6630     0.5306 4.0784e-03      15572         10  0.000e+00
     12.107   71.19488 -164.19864     12.232     3.9057     3.9038     3.9050    31.0884    31.1001  1024.7420    24.6847    313.006    298.104  324.95644     96.322     0.1685     0.6630     0.5283 6.5167e-03      15573         10  0.000e+00
     12.107   71.19488 -164.19864     12.232     3.9057     3.9036     3.9049    31.0888    31.1001  1024.7423    24.6850    313.024    298.111  324.95579     96.328     0.1685     0.6630     0.5271 5.4659e-03      15574         10  0.000e+00
     12.107   71.19488 -164.19864     12.232     3.9054     3.9041     3.9047    31.0890    31.1001  1024.7425    24.6852    313.078    298.114  324.95746     96.344     0.1685     0.6630     0.5271 1.0131e-03      15575         10  0.000e+00
     12.161   71.19488 -164.19864     12.287     3.9053     3.9039     3.9045    31.0883    31.1004  1024.7422    24.6847    312.889    298.147  324.96030     96.285     0.1697     0.6703     0.5259 1.0000e-12      15576         10  0.000e+00
     12.107   71.19488 -164.19864     12.232     3.9051     3.9044     3.9043    31.0887    31.0999  1024.7423    24.6850    312.906    298.175  324.96074     96.290     0.1685     0.6630     0.5271 1.0000e-12      15577         10  0.000e+00
     12.107   71.19488 -164.19864     12.232     3.9049     3.9042     3.9041    31.0893    31.1004  1024.7428    24.6855    313.105    298.018  324.96088     96.352     0.1697     0.6703     0.5271 2.7065e-03      15578         10  0.000e+00
     12.130   71.19488 -164.19864     12.256     3.9048     3.9047     3.9040    31.0896    31.1001  1024.7432    24.6858    312.912    298.199  324.96093     96.292     0.1685     0.6630     0.5271 4.7702e-03      15579         10  0.000e+00
     12.161   71.19488 -164.19864     12.287     3.9046     3.9048     3.9039    31.0899    31.0998  1024.7435    24.6860    312.899    298.237  324.96157     96.288     0.1697     0.6703     0.5271 3.3905e-03      15580         10  0.000e+00
     12.107   71.19488 -164.19864     12.232     3.9047     3.9047     3.9040    31.0899    31.1002  1024.7433    24.6860    312.880    298.252  324.96053     96.283     0.1685     0.6630     0.5271 3.4241e-04      15581         10  0.000e+00
     10.399   71.19488 -164.19862     10.506     4.4554     4.4550     4.4547    31.1228    31.1335  1024.7080    24.6590    305.796    290.850  320.57188     95.391     0.1734     0.6923     0.5437 2.0233e-02      17776         11  0.000e+00
     10.283   71.19488 -164.19862     10.390     4.4553     4.4556     4.4546    31.1228    31.1335  1024.7075    24.6590    305.601    290.816  320.57288     95.330     0.1722     0.6850     0.5425 2.6214e-02      17777         11  0.000e+00
     10.337   71.19488 -164.19862     10.444     4.4551     4.4562     4.4544    31.1227    31.1339  1024.7077    24.6590    305.800    290.789  320.57435     95.391     0.1722     0.6850     0.5437 2.8677e-02      17778         11  0.000e+00
     10.283   71.19488 -164.19862     10.390     4.4543     4.4567     4.4536    31.1237    31.1338  1024.7083    24.6598    305.613    290.763  320.57820     95.332     0.1734     0.6923     0.5437 2.9508e-02      17779         11  0.000e+00
     10.337   71.19488 -164.19862     10.444     4.4543     4.4564     4.4536    31.1237    31.1340  1024.7086    24.6598    305.811    290.768  320.57808     95.394     0.1722     0.6850     0.5437 3.2451e-02      17780         11  0.000e+00
     10.283   71.19488 -164.19862     10.390     4.4546     4.4555     4.4540    31.1246    31.1346  1024.7090    24.6605    305.791    290.776  320.57353     95.389     0.1734     0.6923     0.5437 3.4160e-02      17781         11  0.000e+00
     10.229   71.19488 -164.19864     10.335     4.4550     4.4542     4.4543    31.1250    31.1344  1024.7090    24.6608    305.804    290.770  320.57019     95.394     0.1722     0.6850     0.5437 3.4160e-02      17782         11  0.000e+00
     10.430   71.19488 -164.19864     10.538     4.4553     4.4531     4.4546    31.1251    31.1343  1024.7100    24.6608    305.795    290.795  320.56751     95.392     0.1722     0.6850     0.5425 3.6322e-02      17783         11  0.000e+00
     10.283   71.19488 -164.19864     10.390     4.4557     4.4523     4.4551    31.1242    31.1340  1024.7086    24.6601    305.804    290.807  320.56587     95.395     0.1722     0.6850     0.5437 3.7196e-02      17784         11  0.000e+00
     10.283   71.19488 -164.19864     10.390     4.4559     4.4523     4.4552    31.1237    31.1337  1024.7081    24.6596    305.821    290.634  320.56603     95.400     0.1734     0.6923     0.5437 3.7196e-02      17785         11  0.000e+00
     10.283   71.19488 -164.19864     10.390     4.4562     4.4525     4.4555    31.1237    31.1337  1024.7081    24.6597    305.835    290.816  320.56348     95.406     0.1722     0.6850     0.5437 2.7851e-02      17786         11  0.000e+00
     10.337   71.19488 -164.19864     10.444     4.4562     4.4532     4.4555    31.1228    31.1336  1024.7077    24.6589    305.857    290.833  320.56567     95.412     0.1734     0.6923     0.5437 2.2199e-02      17787         11  0.000e+00
     10.283   71.19488 -164.19864     10.390     4.4559     4.4535     4.4552    31.1209    31.1337  1024.7060    24.6575    305.846    290.829  320.57259     95.406     0.1722     0.6850     0.5437 2.1409e-02      17788         11  0.000e+00
     10.283   71.19488 -164.19864     10.390     4.4554     4.4538     4.4547    31.1202    31.1333  1024.7054    24.6569    305.834    290.851  320.57812     95.401     0.1722     0.6850     0.5437 2.6621e-02      17789         11  0.000e+00
     10.337   71.19488 -164.19864     10.444     4.4548     4.4537     4.4541    31.1216    31.1329  1024.7068    24.6581    305.853    290.695  320.57958     95.406     0.1709     0.6776     0.5437 3.1183e-02      17790         11  0.000e+00
     10.314   71.19488 -164.19864     10.421     4.4540     4.4533     4.4533    31.1231    31.1331  1024.7080    24.6593    305.837    290.893  320.58208     95.400     0.1722     0.6850     0.5425 3.2027e-02      17791         11  0.000e+00
     10.283   71.19488 -164.19864     10.390     4.4531     4.4531     4.4524    31.1241    31.1335  1024.7088    24.6603    306.062    290.925  320.58682     95.469     0.1734     0.6923     0.5437 3.3303e-02      17792         11  0.000e+00
     10.283   71.19488 -164.19864     10.390     4.4535     4.4528     4.4529    31.1240    31.1340  1024.7087    24.6602    305.894    290.961  320.58332     95.418     0.1722     0.6850     0.5437 3.5454e-02      17793         11  0.000e+00
     10.284   71.19488 -164.19864     10.390     4.4537     4.4518     4.4530    31.1247    31.1343  1024.7092    24.6607    305.902    291.005  320.58043     95.421     0.1734     0.6923     0.5425 3.5454e-02      17794         11  0.000e+00
     10.284   71.19488 -164.19864     10.390     4.4546     4.4509     4.4540    31.1242    31.1346  1024.7087    24.6602    305.908    290.865  320.57437     95.425     0.1722     0.6850     0.5437 2.7440e-02      17795         11  0.000e+00
     10.338   71.19488 -164.19864     10.444     4.4551     4.4496     4.4544    31.1246    31.1354  1024.7092    24.6605    305.917    291.085  320.56983     95.429     0.1722     0.6850     0.5437 1.5251e-02      17796         11  0.000e+00
     10.284   71.19488 -164.19864     10.390     4.4557     4.4484     4.4551    31.1239    31.1360  1024.7083    24.6598    305.923    291.116  320.56670     95.432     0.1722     0.6850     0.5448 1.2274e-02      17797         11  0.000e+00
     10.284   71.19488 -164.19864     10.390     4.4562     4.4483     4.4555    31.1239    31.1354  1024.7083    24.6598    305.931    291.144  320.56302     95.435     0.1734     0.6923     0.5448 1.1174e-02      17798         11  0.000e+00
     10.284   71.19488 -164.19864     10.390     4.4565     4.4490     4.4558    31.1245    31.1343  1024.7087    24.6602    306.147    291.169  320.55928     95.504     0.1709     0.6776     0.5448 7.9318e-03      17799         11  0.000e+00
     10.314   71.19488 -164.19864     10.421     4.4567     4.4493     4.4560    31.1241    31.1340  1024.7085    24.6599    305.949    291.199  320.55901     95.442     0.1709     0.6776     0.5448 7.2223e-03      17800         11  0.000e+00
     10.284   71.19488 -164.19864     10.390     4.4570     4.4501     4.4563    31.1234    31.1339  1024.7078    24.6594    305.956    291.202  320.55809     95.445     0.1709     0.6776     0.5448 5.8152e-03      17801         11  0.000e+00
     10.338   71.19488 -164.19864     10.444     4.4570     4.4503     4.4563    31.1228    31.1344  1024.7076    24.6588    305.968    291.421  320.55972     95.448     0.1709     0.6776     0.5448 3.0480e-03      17802         11  0.000e+00
     10.230   71.19488 -164.19864     10.335     4.4565     4.4510     4.4558    31.1218    31.1338  1024.7063    24.6581    305.947    291.445  320.56568     95.440     0.1709     0.6776     0.5448 1.6876e-03      17803         11  0.000e+00
     10.338   71.19488 -164.19864     10.444     4.4554     4.4513     4.4547    31.1224    31.1333  1024.7074    24.6587    306.175    291.314  320.57273     95.509     0.1709     0.6776     0.5448 2.3659e-03      17804         11  0.000e+00
     10.284   71.19488 -164.19864     10.390     4.4553     4.4516     4.4546    31.1226    31.1331  1024.7073    24.6588    305.971    291.324  320.57352     95.445     0.1722     0.6850     0.5448 7.9318e-03      17805         11  0.000e+00
     10.338   71.19488 -164.19864     10.444     4.4551     4.4516     4.4544    31.1229    31.1330  1024.7079    24.6591    305.946    291.362  320.57398     95.437     0.1709     0.6776     0.5448 1.0810e-02      17806         11  0.000e+00
     10.284   71.19488 -164.19864     10.390     4.4548     4.4523     4.4541    31.1229    31.1326  1024.7076    24.6591    306.126    291.372  320.57646     95.492     0.1722     0.6850     0.5448 1.1174e-02      17807         11  0.000e+00
     10.338   71.19488 -164.19864     10.444     4.4546     4.4525     4.4540    31.1223    31.1328  1024.7075    24.6587    306.163    291.576  320.57896     95.503     0.1709     0.6776     0.5448 1.5627e-02      17808         11  0.000e+00
     10.260   71.19488 -164.19864     10.366     4.4543     4.4531     4.4536    31.1230    31.1326  1024.7077    24.6593    306.160    291.607  320.57975     95.502     0.1722     0.6850     0.5448 1.8681e-02      17809         11  0.000e+00
     10.338   71.19488 -164.19864     10.444     4.4542     4.4534     4.4535    31.1237    31.1325  1024.7086    24.6598    305.983    291.457  320.57931     95.447     0.1709     0.6776     0.5437 1.9067e-02      17810         11  0.000e+00
     10.284   71.19488 -164.19864     10.390     4.4543     4.4535     4.4536    31.1231    31.1326  1024.7079    24.6594    306.154    291.472  320.57950     95.500     0.1722     0.6850     0.5448 3.2027e-02      17811         11  0.000e+00
