EcoFOCI/data/1_SampleCollection/2023_SikuliaqDBO_CruiseData/CTD_raw_BottleFile_SKQ23-12S/proc/skq202312s_072svp.cnv
* Sea-Bird SBE 9 Data File:
* FileName = D:\CTD\SKQ202312S\SKQ202312S_072.hex
* Software Version Seasave V 7.26.7.121
* Temperature SN = 6177
* Conductivity SN = 0369
* Number of Bytes Per Scan = 41
* Number of Voltage Words = 4
* Number of Scans Averaged by the Deck Unit = 1
* NMEA Latitude = 68 00.76 N
* NMEA Longitude = 167 52.45 W
* NMEA UTC (Time) = Oct 01 2023  18:46:53
* NMEA baud rate = 4800
** Ship: R/V Sikuliaq
** Station Number: 072
** Station Name: DBO3.5
** Bottom Depth: 52
** Operator: SD
# nquan = 7
# nvalues = 7252                                  
# units = specified
# name 0 = depSM: Depth [salt water, m]
# name 1 = latitude: Latitude [deg]
# name 2 = longitude: Longitude [deg]
# name 3 = t090C: Temperature [ITS-90, deg C]
# name 4 = sal00: Salinity, Practical [PSU]
# name 5 = svCM: Sound Velocity [Chen-Millero, m/s]
# name 6 = flag:  0.000e+00
# span 0 =      2.833,     47.830                 
# span 1 =   68.01172,   68.01234                 
# span 2 = -167.87380, -167.87292                 
# span 3 =     2.7499,     5.4276                 
# span 4 =    29.1809,    32.3130                 
# span 5 =    1457.36,    1467.24                 
# span 6 = 0.0000e+00, 0.0000e+00                 
# interval = seconds: 0.0416667
# start_time = Oct 01 2023 18:50:54 [NMEA time, first data scan]
# bad_flag = -9.990e-29
*END*
[from data line 6770]
     46.568   68.01176 -167.87296     2.9990    32.2729    1459.63  0.000e+00
     46.514   68.01176 -167.87296     2.9991    32.2725    1459.63  0.000e+00
     46.513   68.01176 -167.87296     2.9991    32.2726    1459.63  0.000e+00
     46.568   68.01176 -167.87296     2.9991    32.2729    1459.63  0.000e+00
     46.513   68.01176 -167.87296     2.9993    32.2731    1459.63  0.000e+00
     46.513   68.01176 -167.87296     2.9991    32.2739    1459.63  0.000e+00
     46.513   68.01176 -167.87296     2.9996    32.2737    1459.63  0.000e+00
     46.452   68.01176 -167.87296     2.9993    32.2740    1459.63  0.000e+00
     46.513   68.01176 -167.87296     2.9996    32.2737    1459.63  0.000e+00
     46.452   68.01176 -167.87296     2.9995    32.2739    1459.63  0.000e+00
     46.506   68.01176 -167.87296     2.9996    32.2739    1459.63  0.000e+00
     46.452   68.01176 -167.87296     2.9998    32.2740    1459.63  0.000e+00
     46.452   68.01176 -167.87296     2.9996    32.2747    1459.63  0.000e+00
     46.513   68.01176 -167.87296     2.9998    32.2746    1459.63  0.000e+00
     46.452   68.01176 -167.87296     3.0001    32.2745    1459.63  0.000e+00
     46.452   68.01176 -167.87296     3.0001    32.2742    1459.63  0.000e+00
     46.452   68.01176 -167.87296     3.0001    32.2747    1459.63  0.000e+00
     46.452   68.01176 -167.87294     3.0003    32.2752    1459.63  0.000e+00
     46.452   68.01176 -167.87294     3.0003    32.2751    1459.63  0.000e+00
     46.452   68.01176 -167.87294     3.0004    32.2749    1459.64  0.000e+00
     46.452   68.01176 -167.87294     3.0006    32.2749    1459.64  0.000e+00
     46.452   68.01176 -167.87294     3.0006    32.2743    1459.63  0.000e+00
     46.452   68.01176 -167.87294     3.0004    32.2743    1459.63  0.000e+00
     46.452   68.01176 -167.87294     3.0006    32.2739    1459.63  0.000e+00
     46.452   68.01176 -167.87294     3.0004    32.2734    1459.63  0.000e+00
     46.452   68.01176 -167.87294     3.0004    32.2733    1459.63  0.000e+00
     46.452   68.01176 -167.87294     3.0006    32.2722    1459.63  0.000e+00
     46.513   68.01176 -167.87294     3.0001    32.2719    1459.63  0.000e+00
     46.452   68.01176 -167.87294     2.9998    32.2719    1459.63  0.000e+00
     46.452   68.01176 -167.87294     2.9999    32.2719    1459.63  0.000e+00
     46.506   68.01176 -167.87294     2.9998    32.2721    1459.63  0.000e+00
     46.513   68.01176 -167.87294     2.9996    32.2716    1459.63  0.000e+00
     46.513   68.01176 -167.87294     2.9993    32.2719    1459.63  0.000e+00
     46.513   68.01176 -167.87294     2.9995    32.2714    1459.63  0.000e+00
     46.567   68.01176 -167.87294     2.9993    32.2709    1459.63  0.000e+00
     46.513   68.01176 -167.87294     2.9993    32.2713    1459.63  0.000e+00
     46.567   68.01176 -167.87294     2.9993    32.2710    1459.63  0.000e+00
     46.513   68.01176 -167.87294     2.9990    32.2712    1459.63  0.000e+00
     46.567   68.01176 -167.87294     2.9990    32.2712    1459.63  0.000e+00
     46.629   68.01176 -167.87294     2.9988    32.2715    1459.63  0.000e+00
     46.567   68.01176 -167.87294     2.9988    32.2714    1459.63  0.000e+00
     46.567   68.01176 -167.87294     2.9988    32.2715    1459.63  0.000e+00
     46.629   68.01176 -167.87294     2.9987    32.2715    1459.63  0.000e+00
     46.629   68.01176 -167.87294     2.9988    32.2708    1459.63  0.000e+00
     46.683   68.01176 -167.87294     2.9987    32.2713    1459.63  0.000e+00
     46.629   68.01176 -167.87294     2.9986    32.2713    1459.63  0.000e+00
     46.683   68.01176 -167.87294     2.9985    32.2709    1459.63  0.000e+00
     46.683   68.01176 -167.87294     2.9984    32.2713    1459.63  0.000e+00
     46.683   68.01176 -167.87294     2.9985    32.2719    1459.63  0.000e+00
     46.737   68.01176 -167.87294     2.9984    32.2724    1459.63  0.000e+00
     46.737   68.01176 -167.87294     2.9985    32.2732    1459.63  0.000e+00
     46.737   68.01176 -167.87294     2.9987    32.2744    1459.63  0.000e+00
     46.737   68.01176 -167.87294     2.9988    32.2750    1459.63  0.000e+00
     46.799   68.01176 -167.87294     2.9988    32.2749    1459.63  0.000e+00
     46.799   68.01176 -167.87294     2.9991    32.2750    1459.64  0.000e+00
     46.799   68.01176 -167.87294     2.9995    32.2750    1459.64  0.000e+00
     46.799   68.01176 -167.87294     2.9996    32.2747    1459.64  0.000e+00
     46.853   68.01176 -167.87294     2.9995    32.2750    1459.64  0.000e+00
     46.853   68.01176 -167.87294     2.9998    32.2747    1459.64  0.000e+00
     46.853   68.01176 -167.87294     2.9996    32.2749    1459.64  0.000e+00
     46.914   68.01176 -167.87294     2.9996    32.2746    1459.64  0.000e+00
     46.853   68.01176 -167.87294     2.9998    32.2749    1459.64  0.000e+00
     46.907   68.01176 -167.87294     2.9999    32.2746    1459.64  0.000e+00
     46.914   68.01176 -167.87294     2.9999    32.2749    1459.64  0.000e+00
     46.968   68.01176 -167.87294     2.9998    32.2757    1459.64  0.000e+00
     46.914   68.01176 -167.87294     3.0001    32.2761    1459.64  0.000e+00
     47.030   68.01176 -167.87294     3.0001    32.2765    1459.65  0.000e+00
     46.968   68.01176 -167.87294     3.0006    32.2764    1459.65  0.000e+00
     46.968   68.01176 -167.87294     3.0006    32.2762    1459.65  0.000e+00
     47.030   68.01176 -167.87294     3.0009    32.2765    1459.65  0.000e+00
     47.030   68.01176 -167.87294     3.0007    32.2772    1459.65  0.000e+00
     47.030   68.01176 -167.87294     3.0009    32.2775    1459.65  0.000e+00
     47.030   68.01176 -167.87294     3.0010    32.2776    1459.65  0.000e+00
     47.030   68.01176 -167.87294     3.0012    32.2794    1459.65  0.000e+00
     47.084   68.01176 -167.87294     3.0018    32.2798    1459.66  0.000e+00
     47.084   68.01176 -167.87294     3.0021    32.2805    1459.66  0.000e+00
     47.084   68.01176 -167.87294     3.0028    32.2806    1459.66  0.000e+00
     47.030   68.01176 -167.87294     3.0032    32.2805    1459.66  0.000e+00
     47.138   68.01176 -167.87294     3.0034    32.2807    1459.67  0.000e+00
     47.084   68.01176 -167.87294     3.0039    32.2803    1459.67  0.000e+00
     47.138   68.01176 -167.87294     3.0040    32.2811    1459.67  0.000e+00
     47.084   68.01176 -167.87294     3.0042    32.2817    1459.67  0.000e+00
     47.138   68.01176 -167.87294     3.0045    32.2826    1459.67  0.000e+00
     47.138   68.01176 -167.87294     3.0049    32.2836    1459.68  0.000e+00
     47.084   68.01176 -167.87294     3.0052    32.2839    1459.68  0.000e+00
     47.138   68.01176 -167.87294     3.0059    32.2847    1459.68  0.000e+00
     47.138   68.01176 -167.87294     3.0067    32.2851    1459.69  0.000e+00
     47.138   68.01176 -167.87294     3.0072    32.2861    1459.69  0.000e+00
     47.138   68.01176 -167.87294     3.0078    32.2864    1459.69  0.000e+00
     47.138   68.01176 -167.87294     3.0081    32.2865    1459.69  0.000e+00
     47.138   68.01176 -167.87294     3.0086    32.2865    1459.70  0.000e+00
     47.138   68.01176 -167.87294     3.0086    32.2867    1459.70  0.000e+00
     47.200   68.01176 -167.87294     3.0095    32.2865    1459.70  0.000e+00
     47.084   68.01176 -167.87294     3.0095    32.2870    1459.70  0.000e+00
     47.200   68.01176 -167.87294     3.0100    32.2869    1459.70  0.000e+00
     47.138   68.01176 -167.87294     3.0100    32.2869    1459.70  0.000e+00
     47.138   68.01176 -167.87294     3.0102    32.2864    1459.70  0.000e+00
     47.138   68.01176 -167.87294     3.0104    32.2863    1459.70  0.000e+00
     47.138   68.01176 -167.87294     3.0103    32.2860    1459.70  0.000e+00
     47.138   68.01176 -167.87294     3.0106    32.2854    1459.70  0.000e+00
     47.138   68.01176 -167.87294     3.0103    32.2839    1459.70  0.000e+00
     47.138   68.01176 -167.87294     3.0100    32.2822    1459.70  0.000e+00
     47.138   68.01176 -167.87294     3.0095    32.2805    1459.69  0.000e+00
     47.084   68.01176 -167.87294     3.0091    32.2792    1459.69  0.000e+00
     47.138   68.01176 -167.87294     3.0087    32.2784    1459.69  0.000e+00
     47.084   68.01176 -167.87294     3.0080    32.2785    1459.68  0.000e+00
     47.138   68.01176 -167.87294     3.0076    32.2780    1459.68  0.000e+00
     47.084   68.01176 -167.87294     3.0068    32.2778    1459.68  0.000e+00
     47.084   68.01176 -167.87294     3.0064    32.2769    1459.67  0.000e+00
     47.084   68.01176 -167.87294     3.0057    32.2772    1459.67  0.000e+00
     47.022   68.01176 -167.87294     3.0055    32.2788    1459.67  0.000e+00
     47.084   68.01176 -167.87294     3.0054    32.2809    1459.67  0.000e+00
     47.084   68.01176 -167.87294     3.0056    32.2825    1459.68  0.000e+00
     47.030   68.01176 -167.87294     3.0059    32.2821    1459.68  0.000e+00
     47.030   68.01176 -167.87294     3.0059    32.2812    1459.68  0.000e+00
     47.030   68.01176 -167.87294     3.0059    32.2804    1459.68  0.000e+00
     47.030   68.01176 -167.87294     3.0058    32.2801    1459.67  0.000e+00
     47.030   68.01176 -167.87294     3.0054    32.2801    1459.67  0.000e+00
     46.968   68.01176 -167.87294     3.0053    32.2798    1459.67  0.000e+00
     46.968   68.01176 -167.87294     3.0052    32.2795    1459.67  0.000e+00
     46.968   68.01176 -167.87294     3.0048    32.2799    1459.67  0.000e+00
     46.968   68.01176 -167.87294     3.0050    32.2786    1459.67  0.000e+00
     46.968   68.01176 -167.87294     3.0043    32.2778    1459.66  0.000e+00
     46.914   68.01176 -167.87294     3.0040    32.2763    1459.66  0.000e+00
     46.914   68.01176 -167.87294     3.0039    32.2743    1459.66  0.000e+00
     46.914   68.01176 -167.87294     3.0031    32.2741    1459.65  0.000e+00
     46.914   68.01176 -167.87294     3.0026    32.2736    1459.65  0.000e+00
     46.914   68.01176 -167.87294     3.0018    32.2733    1459.65  0.000e+00
     46.852   68.01176 -167.87294     3.0015    32.2731    1459.64  0.000e+00
     46.852   68.01176 -167.87294     3.0012    32.2733    1459.64  0.000e+00
     46.852   68.01176 -167.87294     3.0007    32.2735    1459.64  0.000e+00
     46.798   68.01176 -167.87294     3.0007    32.2733    1459.64  0.000e+00
     46.852   68.01176 -167.87294     3.0004    32.2731    1459.64  0.000e+00
     46.790   68.01176 -167.87294     3.0003    32.2729    1459.64  0.000e+00
     46.798   68.01176 -167.87294     3.0001    32.2732    1459.64  0.000e+00
     46.736   68.01176 -167.87294     2.9999    32.2739    1459.64  0.000e+00
     46.798   68.01176 -167.87294     3.0001    32.2739    1459.64  0.000e+00
     46.736   68.01174 -167.87296     3.0001    32.2724    1459.64  0.000e+00
     46.682   68.01174 -167.87296     2.9999    32.2723    1459.63  0.000e+00
     46.736   68.01174 -167.87296     2.9995    32.2737    1459.63  0.000e+00
     46.736   68.01174 -167.87296     2.9998    32.2743    1459.64  0.000e+00
     46.682   68.01174 -167.87296     2.9998    32.2754    1459.64  0.000e+00
     46.682   68.01174 -167.87296     3.0001    32.2758    1459.64  0.000e+00
     46.620   68.01174 -167.87296     3.0004    32.2759    1459.64  0.000e+00
     46.682   68.01174 -167.87296     3.0007    32.2756    1459.64  0.000e+00
     46.682   68.01174 -167.87296     3.0006    32.2753    1459.64  0.000e+00
     46.628   68.01174 -167.87296     3.0009    32.2753    1459.64  0.000e+00
     46.566   68.01174 -167.87296     3.0007    32.2750    1459.64  0.000e+00
     46.628   68.01174 -167.87296     3.0007    32.2750    1459.64  0.000e+00
     46.628   68.01174 -167.87296     3.0007    32.2751    1459.64  0.000e+00
     46.566   68.01174 -167.87296     3.0009    32.2749    1459.64  0.000e+00
     46.566   68.01174 -167.87296     3.0007    32.2746    1459.64  0.000e+00
     46.566   68.01174 -167.87296     3.0006    32.2740    1459.64  0.000e+00
     46.566   68.01174 -167.87296     3.0004    32.2735    1459.64  0.000e+00
     46.505   68.01174 -167.87296     3.0004    32.2734    1459.63  0.000e+00
     46.566   68.01174 -167.87296     3.0006    32.2734    1459.64  0.000e+00
     46.512   68.01174 -167.87296     3.0001    32.2736    1459.63  0.000e+00
     46.512   68.01174 -167.87296     3.0003    32.2727    1459.63  0.000e+00
     46.512   68.01174 -167.87296     2.9999    32.2726    1459.63  0.000e+00
     46.451   68.01174 -167.87296     2.9998    32.2718    1459.63  0.000e+00
     46.512   68.01174 -167.87296     2.9998    32.2713    1459.63  0.000e+00
     46.451   68.01174 -167.87296     2.9996    32.2708    1459.63  0.000e+00
     46.512   68.01174 -167.87296     2.9995    32.2698    1459.63  0.000e+00
     46.451   68.01174 -167.87296     2.9993    32.2700    1459.62  0.000e+00
     46.505   68.01174 -167.87296     2.9990    32.2708    1459.62  0.000e+00
     46.397   68.01174 -167.87296     2.9991    32.2704    1459.62  0.000e+00
     46.451   68.01174 -167.87296     2.9988    32.2710    1459.62  0.000e+00
     46.451   68.01174 -167.87296     2.9988    32.2711    1459.62  0.000e+00
     46.451   68.01174 -167.87296     2.9988    32.2713    1459.62  0.000e+00
     46.397   68.01174 -167.87296     2.9990    32.2710    1459.62  0.000e+00
     46.451   68.01174 -167.87296     2.9988    32.2715    1459.62  0.000e+00
     46.451   68.01174 -167.87296     2.9990    32.2721    1459.63  0.000e+00
     46.396   68.01174 -167.87296     2.9988    32.2729    1459.62  0.000e+00
     46.396   68.01174 -167.87296     2.9991    32.2723    1459.63  0.000e+00
     46.451   68.01174 -167.87296     2.9991    32.2724    1459.63  0.000e+00
     46.389   68.01174 -167.87296     2.9995    32.2719    1459.63  0.000e+00
     46.396   68.01174 -167.87296     2.9991    32.2716    1459.62  0.000e+00
     46.450   68.01174 -167.87296     2.9993    32.2714    1459.63  0.000e+00
     46.396   68.01174 -167.87296     2.9991    32.2717    1459.62  0.000e+00
     46.450   68.01174 -167.87296     2.9993    32.2710    1459.63  0.000e+00
     46.396   68.01174 -167.87296     2.9993    32.2711    1459.62  0.000e+00
     46.396   68.01174 -167.87296     2.9995    32.2713    1459.63  0.000e+00
     46.450   68.01174 -167.87296     2.9995    32.2719    1459.63  0.000e+00
     46.450   68.01174 -167.87296     2.9996    32.2722    1459.63  0.000e+00
     46.396   68.01174 -167.87296     2.9996    32.2727    1459.63  0.000e+00
     46.450   68.01174 -167.87294     2.9998    32.2727    1459.63  0.000e+00
     46.450   68.01174 -167.87294     2.9998    32.2727    1459.63  0.000e+00
     46.450   68.01174 -167.87294     2.9998    32.2729    1459.63  0.000e+00
     46.450   68.01174 -167.87294     2.9998    32.2725    1459.63  0.000e+00
     46.450   68.01174 -167.87294     2.9998    32.2730    1459.63  0.000e+00
     46.450   68.01174 -167.87294     2.9999    32.2735    1459.63  0.000e+00
     46.450   68.01174 -167.87294     2.9999    32.2737    1459.63  0.000e+00
     46.512   68.01174 -167.87294     3.0001    32.2735    1459.63  0.000e+00
     46.512   68.01174 -167.87294     2.9999    32.2730    1459.63  0.000e+00
     46.512   68.01174 -167.87294     3.0001    32.2726    1459.63  0.000e+00
     46.504   68.01174 -167.87294     2.9998    32.2730    1459.63  0.000e+00
     46.512   68.01174 -167.87294     2.9998    32.2725    1459.63  0.000e+00
     46.566   68.01174 -167.87294     2.9999    32.2724    1459.63  0.000e+00
     46.512   68.01174 -167.87294     2.9996    32.2730    1459.63  0.000e+00
     46.566   68.01174 -167.87294     2.9998    32.2722    1459.63  0.000e+00
     46.566   68.01174 -167.87294     2.9995    32.2728    1459.63  0.000e+00
     46.566   68.01174 -167.87294     2.9996    32.2728    1459.63  0.000e+00
     46.628   68.01174 -167.87294     2.9993    32.2726    1459.63  0.000e+00
     46.566   68.01174 -167.87294     2.9993    32.2730    1459.63  0.000e+00
