EcoFOCI/data/1_SampleCollection/2023_SikuliaqDBO_CruiseData/CTD_raw_BottleFile_SKQ23-12S/proc/skq202312s_048svp.cnv
* Sea-Bird SBE 9 Data File:
* FileName = D:\CTD\SKQ202312S\SKQ202312S_048.hex
* Software Version Seasave V 7.26.7.121
* Temperature SN = 6177
* Conductivity SN = 0369
* Number of Bytes Per Scan = 41
* Number of Voltage Words = 4
* Number of Scans Averaged by the Deck Unit = 1
* NMEA Latitude = 71 47.13 N
* NMEA Longitude = 161 57.91 W
* NMEA UTC (Time) = Sep 25 2023  05:45:53
* NMEA baud rate = 4800
** Ship: R/V Sikuliaq
** Station Number: 048
** Station Name: DBO4.5na
** Bottom Depth: 42
** Operator: SS
# nquan = 7
# nvalues = 4049                                  
# units = specified
# name 0 = depSM: Depth [salt water, m]
# name 1 = latitude: Latitude [deg]
# name 2 = longitude: Longitude [deg]
# name 3 = t090C: Temperature [ITS-90, deg C]
# name 4 = sal00: Salinity, Practical [PSU]
# name 5 = svCM: Sound Velocity [Chen-Millero, m/s]
# name 6 = flag:  0.000e+00
# span 0 =      2.090,     36.939                 
# span 1 =   71.78546,   71.78546                 
# span 2 = -161.96522, -161.96520                 
# span 3 =    -0.6879,     2.1019                 
# span 4 =    27.4668,    32.6637                 
# span 5 =    1443.17,    1451.49                 
# span 6 = 0.0000e+00, 0.0000e+00                 
# interval = seconds: 0.0416667
# start_time = Sep 25 2023 05:49:13 [NMEA time, first data scan]
# bad_flag = -9.990e-29
*END*
[from data line 2667]
     28.741   71.78546 -161.96522    -0.6877    32.6476    1443.26  0.000e+00
     28.818   71.78546 -161.96522    -0.6875    32.6477    1443.26  0.000e+00
     28.803   71.78546 -161.96522    -0.6877    32.6481    1443.26  0.000e+00
     28.872   71.78546 -161.96522    -0.6877    32.6480    1443.26  0.000e+00
     28.803   71.78546 -161.96522    -0.6875    32.6474    1443.26  0.000e+00
     28.872   71.78546 -161.96522    -0.6877    32.6476    1443.26  0.000e+00
     28.918   71.78546 -161.96522    -0.6875    32.6475    1443.26  0.000e+00
     28.934   71.78546 -161.96522    -0.6877    32.6475    1443.26  0.000e+00
     28.972   71.78546 -161.96522    -0.6877    32.6475    1443.26  0.000e+00
     28.934   71.78546 -161.96522    -0.6875    32.6477    1443.26  0.000e+00
     29.026   71.78546 -161.96522    -0.6875    32.6472    1443.26  0.000e+00
     28.988   71.78546 -161.96522    -0.6877    32.6475    1443.26  0.000e+00
     29.026   71.78546 -161.96522    -0.6875    32.6474    1443.26  0.000e+00
     29.050   71.78546 -161.96522    -0.6875    32.6472    1443.26  0.000e+00
     29.088   71.78546 -161.96522    -0.6877    32.6477    1443.26  0.000e+00
     29.103   71.78546 -161.96522    -0.6875    32.6474    1443.26  0.000e+00
     29.142   71.78546 -161.96522    -0.6875    32.6475    1443.27  0.000e+00
     29.103   71.78546 -161.96522    -0.6877    32.6481    1443.26  0.000e+00
     29.204   71.78546 -161.96522    -0.6877    32.6479    1443.27  0.000e+00
     29.165   71.78546 -161.96522    -0.6873    32.6472    1443.27  0.000e+00
     29.204   71.78546 -161.96522    -0.6877    32.6479    1443.27  0.000e+00
     29.219   71.78546 -161.96522    -0.6875    32.6476    1443.27  0.000e+00
     29.258   71.78546 -161.96522    -0.6877    32.6473    1443.27  0.000e+00
     29.258   71.78546 -161.96522    -0.6877    32.6479    1443.27  0.000e+00
     29.273   71.78546 -161.96522    -0.6877    32.6476    1443.27  0.000e+00
     29.258   71.78546 -161.96522    -0.6875    32.6475    1443.27  0.000e+00
     29.389   71.78546 -161.96522    -0.6878    32.6478    1443.27  0.000e+00
     29.319   71.78546 -161.96522    -0.6875    32.6473    1443.27  0.000e+00
     29.335   71.78546 -161.96522    -0.6877    32.6477    1443.27  0.000e+00
     29.427   71.78546 -161.96522    -0.6875    32.6472    1443.27  0.000e+00
     29.389   71.78546 -161.96522    -0.6877    32.6476    1443.27  0.000e+00
     29.427   71.78546 -161.96522    -0.6877    32.6476    1443.27  0.000e+00
     29.450   71.78546 -161.96522    -0.6877    32.6472    1443.27  0.000e+00
     29.427   71.78546 -161.96522    -0.6877    32.6476    1443.27  0.000e+00
     29.504   71.78546 -161.96522    -0.6875    32.6472    1443.27  0.000e+00
     29.489   71.78546 -161.96522    -0.6875    32.6473    1443.27  0.000e+00
     29.504   71.78546 -161.96522    -0.6875    32.6474    1443.27  0.000e+00
     29.543   71.78546 -161.96522    -0.6875    32.6471    1443.27  0.000e+00
     29.566   71.78546 -161.96522    -0.6875    32.6473    1443.27  0.000e+00
     29.605   71.78546 -161.96522    -0.6878    32.6474    1443.27  0.000e+00
     29.566   71.78546 -161.96522    -0.6875    32.6473    1443.27  0.000e+00
     29.605   71.78546 -161.96522    -0.6877    32.6475    1443.27  0.000e+00
     29.674   71.78546 -161.96522    -0.6877    32.6475    1443.27  0.000e+00
     29.659   71.78546 -161.96522    -0.6877    32.6471    1443.27  0.000e+00
     29.620   71.78546 -161.96522    -0.6875    32.6474    1443.27  0.000e+00
     29.720   71.78546 -161.96522    -0.6877    32.6475    1443.27  0.000e+00
     29.674   71.78546 -161.96522    -0.6877    32.6477    1443.27  0.000e+00
     29.774   71.78546 -161.96522    -0.6877    32.6471    1443.27  0.000e+00
     29.736   71.78546 -161.96522    -0.6877    32.6471    1443.27  0.000e+00
     29.774   71.78546 -161.96522    -0.6873    32.6468    1443.28  0.000e+00
     29.790   71.78546 -161.96522    -0.6878    32.6475    1443.27  0.000e+00
     29.774   71.78546 -161.96522    -0.6877    32.6474    1443.28  0.000e+00
     29.851   71.78546 -161.96522    -0.6875    32.6467    1443.28  0.000e+00
     29.828   71.78546 -161.96522    -0.6875    32.6470    1443.28  0.000e+00
     29.851   71.78546 -161.96522    -0.6875    32.6472    1443.28  0.000e+00
     29.890   71.78546 -161.96522    -0.6878    32.6475    1443.28  0.000e+00
     29.905   71.78546 -161.96522    -0.6875    32.6472    1443.28  0.000e+00
     29.890   71.78546 -161.96522    -0.6877    32.6471    1443.28  0.000e+00
     29.967   71.78546 -161.96522    -0.6875    32.6468    1443.28  0.000e+00
     29.944   71.78546 -161.96522    -0.6877    32.6473    1443.28  0.000e+00
     29.967   71.78546 -161.96522    -0.6877    32.6471    1443.28  0.000e+00
     30.005   71.78546 -161.96522    -0.6878    32.6475    1443.28  0.000e+00
     29.967   71.78546 -161.96522    -0.6877    32.6471    1443.28  0.000e+00
     30.005   71.78546 -161.96522    -0.6875    32.6468    1443.28  0.000e+00
     30.075   71.78546 -161.96522    -0.6877    32.6470    1443.28  0.000e+00
     30.059   71.78546 -161.96522    -0.6875    32.6468    1443.28  0.000e+00
     30.075   71.78546 -161.96522    -0.6873    32.6466    1443.28  0.000e+00
     30.059   71.78546 -161.96522    -0.6878    32.6468    1443.28  0.000e+00
     30.136   71.78546 -161.96522    -0.6877    32.6473    1443.28  0.000e+00
     30.121   71.78546 -161.96522    -0.6873    32.6468    1443.28  0.000e+00
     30.190   71.78546 -161.96522    -0.6875    32.6467    1443.28  0.000e+00
     30.175   71.78546 -161.96522    -0.6875    32.6469    1443.28  0.000e+00
     30.190   71.78546 -161.96522    -0.6875    32.6470    1443.28  0.000e+00
     30.175   71.78546 -161.96522    -0.6877    32.6472    1443.28  0.000e+00
     30.252   71.78546 -161.96522    -0.6878    32.6471    1443.28  0.000e+00
     30.229   71.78546 -161.96522    -0.6875    32.6471    1443.28  0.000e+00
     30.252   71.78546 -161.96522    -0.6875    32.6468    1443.28  0.000e+00
     30.291   71.78546 -161.96522    -0.6877    32.6468    1443.28  0.000e+00
     30.306   71.78546 -161.96522    -0.6878    32.6467    1443.28  0.000e+00
     30.345   71.78546 -161.96522    -0.6877    32.6468    1443.28  0.000e+00
     30.306   71.78546 -161.96522    -0.6875    32.6471    1443.28  0.000e+00
     30.345   71.78546 -161.96522    -0.6873    32.6468    1443.29  0.000e+00
     30.360   71.78546 -161.96522    -0.6875    32.6466    1443.28  0.000e+00
     30.406   71.78546 -161.96522    -0.6878    32.6471    1443.28  0.000e+00
     30.422   71.78546 -161.96522    -0.6877    32.6471    1443.29  0.000e+00
     30.406   71.78546 -161.96522    -0.6875    32.6467    1443.29  0.000e+00
     30.422   71.78546 -161.96522    -0.6877    32.6467    1443.28  0.000e+00
     30.460   71.78546 -161.96522    -0.6875    32.6465    1443.29  0.000e+00
     30.422   71.78546 -161.96522    -0.6878    32.6471    1443.28  0.000e+00
     30.522   71.78546 -161.96522    -0.6873    32.6466    1443.29  0.000e+00
     30.537   71.78546 -161.96522    -0.6877    32.6472    1443.29  0.000e+00
     30.522   71.78546 -161.96522    -0.6877    32.6473    1443.29  0.000e+00
     30.476   71.78546 -161.96522    -0.6877    32.6466    1443.29  0.000e+00
     30.576   71.78546 -161.96522    -0.6875    32.6466    1443.29  0.000e+00
     30.591   71.78546 -161.96522    -0.6873    32.6463    1443.29  0.000e+00
     30.576   71.78546 -161.96522    -0.6877    32.6467    1443.29  0.000e+00
     30.591   71.78546 -161.96522    -0.6877    32.6469    1443.29  0.000e+00
     30.638   71.78546 -161.96522    -0.6875    32.6467    1443.29  0.000e+00
     30.591   71.78546 -161.96522    -0.6877    32.6469    1443.29  0.000e+00
     30.692   71.78546 -161.96522    -0.6875    32.6467    1443.29  0.000e+00
     30.653   71.78546 -161.96522    -0.6875    32.6470    1443.29  0.000e+00
     30.691   71.78546 -161.96522    -0.6877    32.6468    1443.29  0.000e+00
     30.707   71.78546 -161.96522    -0.6877    32.6470    1443.29  0.000e+00
     30.745   71.78546 -161.96522    -0.6877    32.6467    1443.29  0.000e+00
     30.707   71.78546 -161.96522    -0.6875    32.6464    1443.29  0.000e+00
     30.807   71.78546 -161.96522    -0.6877    32.6472    1443.29  0.000e+00
     30.761   71.78546 -161.96522    -0.6875    32.6466    1443.29  0.000e+00
     30.745   71.78546 -161.96522    -0.6878    32.6471    1443.29  0.000e+00
     30.823   71.78546 -161.96522    -0.6875    32.6462    1443.29  0.000e+00
     30.807   71.78546 -161.96522    -0.6877    32.6466    1443.29  0.000e+00
     30.823   71.78546 -161.96522    -0.6877    32.6471    1443.29  0.000e+00
     30.807   71.78546 -161.96522    -0.6875    32.6465    1443.29  0.000e+00
     30.877   71.78546 -161.96522    -0.6877    32.6467    1443.29  0.000e+00
     30.923   71.78546 -161.96522    -0.6875    32.6463    1443.29  0.000e+00
     30.876   71.78546 -161.96522    -0.6877    32.6467    1443.29  0.000e+00
     30.876   71.78546 -161.96522    -0.6875    32.6468    1443.29  0.000e+00
     30.977   71.78546 -161.96522    -0.6877    32.6466    1443.29  0.000e+00
     30.938   71.78546 -161.96522    -0.6877    32.6464    1443.29  0.000e+00
     30.977   71.78546 -161.96522    -0.6877    32.6466    1443.29  0.000e+00
     30.992   71.78546 -161.96522    -0.6877    32.6467    1443.29  0.000e+00
     30.977   71.78546 -161.96522    -0.6877    32.6468    1443.29  0.000e+00
     30.992   71.78546 -161.96522    -0.6877    32.6467    1443.29  0.000e+00
     30.977   71.78546 -161.96522    -0.6875    32.6465    1443.29  0.000e+00
     31.054   71.78546 -161.96522    -0.6875    32.6467    1443.30  0.000e+00
     31.038   71.78546 -161.96522    -0.6878    32.6468    1443.29  0.000e+00
     31.054   71.78546 -161.96522    -0.6877    32.6467    1443.30  0.000e+00
     31.038   71.78546 -161.96522    -0.6878    32.6466    1443.29  0.000e+00
     31.108   71.78546 -161.96522    -0.6875    32.6462    1443.30  0.000e+00
     31.092   71.78546 -161.96522    -0.6877    32.6466    1443.30  0.000e+00
     31.108   71.78546 -161.96522    -0.6877    32.6468    1443.30  0.000e+00
     31.146   71.78546 -161.96522    -0.6878    32.6466    1443.30  0.000e+00
     31.162   71.78546 -161.96522    -0.6877    32.6466    1443.30  0.000e+00
     31.146   71.78546 -161.96522    -0.6877    32.6466    1443.30  0.000e+00
     31.162   71.78546 -161.96522    -0.6875    32.6462    1443.30  0.000e+00
     31.208   71.78546 -161.96522    -0.6875    32.6463    1443.30  0.000e+00
     31.162   71.78546 -161.96522    -0.6877    32.6463    1443.30  0.000e+00
     31.208   71.78546 -161.96522    -0.6877    32.6465    1443.30  0.000e+00
     31.223   71.78546 -161.96522    -0.6878    32.6465    1443.30  0.000e+00
     31.223   71.78546 -161.96522    -0.6877    32.6467    1443.30  0.000e+00
     31.262   71.78546 -161.96522    -0.6875    32.6464    1443.30  0.000e+00
     31.223   71.78546 -161.96522    -0.6878    32.6467    1443.30  0.000e+00
     31.262   71.78546 -161.96522    -0.6875    32.6466    1443.30  0.000e+00
     31.277   71.78546 -161.96522    -0.6878    32.6467    1443.30  0.000e+00
     31.262   71.78546 -161.96522    -0.6875    32.6461    1443.30  0.000e+00
     31.339   71.78546 -161.96522    -0.6878    32.6465    1443.30  0.000e+00
     31.324   71.78546 -161.96522    -0.6875    32.6463    1443.30  0.000e+00
     31.277   71.78546 -161.96522    -0.6878    32.6467    1443.30  0.000e+00
     31.378   71.78546 -161.96522    -0.6877    32.6460    1443.30  0.000e+00
     31.339   71.78546 -161.96522    -0.6875    32.6459    1443.30  0.000e+00
     31.324   71.78546 -161.96522    -0.6875    32.6462    1443.30  0.000e+00
     31.339   71.78546 -161.96522    -0.6877    32.6467    1443.30  0.000e+00
     31.378   71.78546 -161.96522    -0.6878    32.6467    1443.30  0.000e+00
     31.393   71.78546 -161.96522    -0.6877    32.6467    1443.30  0.000e+00
     31.377   71.78546 -161.96522    -0.6879    32.6466    1443.30  0.000e+00
     31.393   71.78546 -161.96522    -0.6877    32.6464    1443.30  0.000e+00
     31.439   71.78546 -161.96522    -0.6877    32.6462    1443.30  0.000e+00
     31.393   71.78546 -161.96522    -0.6875    32.6465    1443.30  0.000e+00
     31.377   71.78546 -161.96522    -0.6877    32.6468    1443.30  0.000e+00
     31.455   71.78546 -161.96522    -0.6875    32.6461    1443.30  0.000e+00
     31.509   71.78546 -161.96522    -0.6875    32.6463    1443.30  0.000e+00
     31.377   71.78546 -161.96522    -0.6877    32.6465    1443.30  0.000e+00
     31.509   71.78546 -161.96522    -0.6875    32.6465    1443.30  0.000e+00
     31.493   71.78546 -161.96522    -0.6877    32.6463    1443.30  0.000e+00
     31.393   71.78546 -161.96522    -0.6873    32.6464    1443.30  0.000e+00
     31.547   71.78546 -161.96522    -0.6873    32.6457    1443.30  0.000e+00
     31.455   71.78546 -161.96522    -0.6873    32.6457    1443.30  0.000e+00
     31.493   71.78546 -161.96522    -0.6875    32.6462    1443.30  0.000e+00
     31.509   71.78546 -161.96522    -0.6875    32.6467    1443.30  0.000e+00
     31.493   71.78546 -161.96522    -0.6872    32.6464    1443.30  0.000e+00
     31.509   71.78546 -161.96522    -0.6872    32.6464    1443.30  0.000e+00
     31.493   71.78546 -161.96522    -0.6870    32.6467    1443.31  0.000e+00
     31.508   71.78546 -161.96522    -0.6870    32.6471    1443.31  0.000e+00
     31.547   71.78546 -161.96522    -0.6869    32.6474    1443.31  0.000e+00
     31.508   71.78546 -161.96522    -0.6870    32.6475    1443.31  0.000e+00
     31.493   71.78546 -161.96522    -0.6864    32.6470    1443.31  0.000e+00
     31.562   71.78546 -161.96522    -0.6861    32.6467    1443.31  0.000e+00
     31.624   71.78546 -161.96522    -0.6862    32.6468    1443.31  0.000e+00
     31.493   71.78546 -161.96522    -0.6861    32.6465    1443.31  0.000e+00
     31.562   71.78546 -161.96522    -0.6864    32.6468    1443.31  0.000e+00
     31.609   71.78546 -161.96522    -0.6861    32.6464    1443.31  0.000e+00
     31.508   71.78546 -161.96522    -0.6860    32.6463    1443.31  0.000e+00
     31.609   71.78546 -161.96522    -0.6860    32.6461    1443.31  0.000e+00
     31.508   71.78546 -161.96522    -0.6861    32.6466    1443.31  0.000e+00
     31.609   71.78546 -161.96522    -0.6857    32.6464    1443.31  0.000e+00
     31.562   71.78546 -161.96522    -0.6861    32.6470    1443.31  0.000e+00
     31.547   71.78546 -161.96522    -0.6861    32.6476    1443.31  0.000e+00
     31.562   71.78546 -161.96522    -0.6861    32.6477    1443.31  0.000e+00
     31.547   71.78546 -161.96522    -0.6857    32.6480    1443.31  0.000e+00
     31.624   71.78546 -161.96522    -0.6853    32.6481    1443.32  0.000e+00
     31.547   71.78546 -161.96522    -0.6851    32.6479    1443.32  0.000e+00
     31.624   71.78546 -161.96522    -0.6844    32.6476    1443.32  0.000e+00
     31.562   71.78546 -161.96522    -0.6839    32.6471    1443.32  0.000e+00
     31.609   71.78546 -161.96522    -0.6838    32.6466    1443.32  0.000e+00
     31.562   71.78546 -161.96522    -0.6835    32.6469    1443.32  0.000e+00
     31.609   71.78546 -161.96522    -0.6835    32.6470    1443.32  0.000e+00
     31.562   71.78546 -161.96522    -0.6832    32.6467    1443.32  0.000e+00
     31.609   71.78546 -161.96522    -0.6823    32.6460    1443.33  0.000e+00
     31.562   71.78546 -161.96522    -0.6816    32.6460    1443.33  0.000e+00
     31.609   71.78546 -161.96522    -0.6811    32.6456    1443.33  0.000e+00
     31.624   71.78546 -161.96522    -0.6807    32.6450    1443.33  0.000e+00
     31.609   71.78546 -161.96522    -0.6804    32.6446    1443.34  0.000e+00
     31.624   71.78546 -161.96522    -0.6803    32.6444    1443.34  0.000e+00
     31.609   71.78546 -161.96522    -0.6798    32.5936    1443.27  0.000e+00
     31.562   71.78546 -161.96522    -0.6798    32.6105    1443.29  0.000e+00
