EcoFOCI/data/1_SampleCollection/2023_SikuliaqDBO_CruiseData/CTD_raw_BottleFile_SKQ23-12S/proc/skq202312s_009.ros
* Sea-Bird SBE 9 Data File:
* FileName = D:\CTD\SKQ202312S\SKQ202312S_009.hex
* Software Version Seasave V 7.26.7.121
* Temperature SN = 6177
* Conductivity SN = 0369
* Number of Bytes Per Scan = 41
* Number of Voltage Words = 4
* Number of Scans Averaged by the Deck Unit = 1
* NMEA Latitude = 63 01.70 N
* NMEA Longitude = 173 27.64 W
* NMEA UTC (Time) = Sep 16 2023  10:53:46
* NMEA baud rate = 4800
** Ship: R/V Sikuliaq
** Station Number: 009
** Station Name: DBO1.8
** Bottom Depth: 71
** Operator: SD
# nquan = 22
# nvalues = 1029                                  
# units = specified
# name 0 = depSM: Depth [salt water, m]
# name 1 = latitude: Latitude [deg]
# name 2 = longitude: Longitude [deg]
# name 3 = prDM: Pressure, Digiquartz [db]
# name 4 = t090C: Temperature [ITS-90, deg C]
# name 5 = t190C: Temperature, 2 [ITS-90, deg C]
# name 6 = potemp090C: Potential Temperature [ITS-90, deg C]
# name 7 = sal00: Salinity, Practical [PSU]
# name 8 = sal11: Salinity, Practical, 2 [PSU]
# name 9 = density00: Density [density, kg/m^3]
# name 10 = sigma-é00: Density [sigma-theta, kg/m^3]
# name 11 = sbox0Mm/Kg: Oxygen, SBE 43 [umol/kg]
# name 12 = sbox1Mm/Kg: Oxygen, SBE 43, 2 [umol/kg]
# name 13 = oxsolMm/Kg: Oxygen Saturation, Garcia & Gordon [umol/kg]
# name 14 = sbeox0PS: Oxygen, SBE 43 [% saturation]
# name 15 = v0: Voltage 0
# name 16 = flECO-AFL: Fluorescence, WET Labs ECO-AFL/FL [mg/m^3]
# name 17 = CStarAt0: Beam Attenuation, WET Labs C-Star [1/m]
# name 18 = par: PAR/Irradiance, Biospherical/Licor
# name 19 = scan: Scan Count
# name 20 = nbf: Bottles Fired
# name 21 = flag:  0.000e+00
# interval = seconds: 0.0416667
# start_time = Sep 16 2023 10:56:36 [NMEA time, first data scan]
# bad_flag = -9.990e-29
*END*
[from data line 66]
     66.250   63.02840 -173.46060     66.907    -1.3797    -1.3783    -1.3810    32.0939    32.1038  1026.1319    25.8090    258.586    246.288  369.21261     70.037     0.0879     0.1795     1.1311 8.4714e-06       7106          2  0.000e+00
     66.188   63.02840 -173.46060     66.845    -1.3795    -1.3782    -1.3808    32.0943    32.1040  1026.1319    25.8092    258.549    246.293  369.20996     70.028     0.0879     0.1795     1.1311 1.0000e-12       7107          2  0.000e+00
     66.181   63.02840 -173.46060     66.837    -1.3792    -1.3785    -1.3805    32.0945    32.1041  1026.1320    25.8094    258.511    246.304  369.20638     70.018     0.0891     0.1868     1.1311 1.0000e-12       7108          2  0.000e+00
     66.188   63.02840 -173.46060     66.845    -1.3789    -1.3785    -1.3801    32.0946    32.1038  1026.1321    25.8095    258.522    246.315  369.20280     70.022     0.0879     0.1795     1.1311 1.0000e-12       7109          2  0.000e+00
     66.188   63.02840 -173.46060     66.845    -1.3786    -1.3785    -1.3799    32.0941    32.1040  1026.1317    25.8091    258.536    246.327  369.20134     70.026     0.0891     0.1868     1.1311 1.0000e-12       7110          2  0.000e+00
     66.180   63.02840 -173.46060     66.837    -1.3782    -1.3783    -1.3795    32.0940    32.1039  1026.1316    25.8090    258.547    246.339  369.19811     70.029     0.0879     0.1795     1.1311 8.4714e-06       7111          2  0.000e+00
     66.134   63.02840 -173.46060     66.790    -1.3786    -1.3781    -1.3799    32.0946    32.1041  1026.1319    25.8095    258.562    246.350  369.19975     70.033     0.0879     0.1795     1.1311 1.0000e-12       7112          2  0.000e+00
     66.188   63.02840 -173.46060     66.845    -1.3783    -1.3781    -1.3796    32.0942    32.1045  1026.1318    25.8092    258.576    246.367  369.19802     70.037     0.0867     0.1721     1.1311 8.4714e-06       7113          2  0.000e+00
     66.119   63.02840 -173.46060     66.774    -1.3780    -1.3776    -1.3793    32.0944    32.1041  1026.1316    25.8093    258.586    246.379  369.19470     70.040     0.0879     0.1795     1.1311 1.0000e-12       7114          2  0.000e+00
     66.188   63.02840 -173.46060     66.845    -1.3778    -1.3777    -1.3791    32.0941    32.1043  1026.1317    25.8091    258.601    246.401  369.19325     70.045     0.0867     0.1721     1.1324 8.4714e-06       7115          2  0.000e+00
     66.072   63.02840 -173.46060     66.728    -1.3774    -1.3776    -1.3786    32.0941    32.1044  1026.1311    25.8090    258.609    246.416  369.18944     70.048     0.0879     0.1795     1.1311 1.0000e-12       7116          2  0.000e+00
     66.119   63.02840 -173.46060     66.774    -1.3774    -1.3773    -1.3786    32.0939    32.1043  1026.1312    25.8089    258.884    246.436  369.18977     70.122     0.0891     0.1868     1.1324 8.4714e-06       7117          2  0.000e+00
     66.134   63.02840 -173.46060     66.790    -1.3775    -1.3770    -1.3788    32.0940    32.1046  1026.1313    25.8090    258.688    246.457  369.19070     70.069     0.0879     0.1795     1.1311 1.0000e-12       7118          2  0.000e+00
     66.072   63.02840 -173.46060     66.728    -1.3772    -1.3764    -1.3785    32.0937    32.1042  1026.1308    25.8087    258.697    246.475  369.18864     70.072     0.0879     0.1795     1.1311 1.0000e-12       7119          2  0.000e+00
     66.065   63.02840 -173.46060     66.720    -1.3776    -1.3759    -1.3788    32.0939    32.1037  1026.1309    25.8089    258.452    246.727  369.19160     70.005     0.0879     0.1795     1.1311 1.0000e-12       7120          2  0.000e+00
     66.134   63.02840 -173.46060     66.790    -1.3775    -1.3758    -1.3788    32.0935    32.1038  1026.1309    25.8085    258.679    246.786  369.19232     70.066     0.0879     0.1795     1.1311 8.4714e-06       7121          2  0.000e+00
     66.018   63.02840 -173.46060     66.673    -1.3777    -1.3755    -1.3789    32.0939    32.1038  1026.1307    25.8089    258.690    246.607  369.19267     70.069     0.0879     0.1795     1.1311 1.0000e-12       7122          2  0.000e+00
     66.119   63.02840 -173.46060     66.774    -1.3776    -1.3756    -1.3788    32.0938    32.1040  1026.1311    25.8088    258.188    246.835  369.19194     69.933     0.0879     0.1795     1.1311 1.0000e-12       7123          2  0.000e+00
     66.018   63.02840 -173.46060     66.673    -1.3778    -1.3753    -1.3790    32.0941    32.1035  1026.1308    25.8090    258.624    246.624  369.19333     70.051     0.0879     0.1795     1.1311 1.0000e-12       7124          2  0.000e+00
     66.072   63.02840 -173.46060     66.728    -1.3780    -1.3755    -1.3793    32.0941    32.1038  1026.1311    25.8091    258.647    246.619  369.19548     70.057     0.0879     0.1795     1.1311 8.4714e-06       7125          2  0.000e+00
     66.018   63.02840 -173.46060     66.673    -1.3778    -1.3753    -1.3791    32.0943    32.1035  1026.1310    25.8092    258.662    246.608  369.19322     70.061     0.0867     0.1721     1.1311 1.0000e-12       7126          2  0.000e+00
     66.065   63.02840 -173.46060     66.720    -1.3778    -1.3755    -1.3791    32.0941    32.1038  1026.1311    25.8091    258.422    246.602  369.19328     69.996     0.0879     0.1795     1.1311 1.0000e-12       7127          2  0.000e+00
     66.018   63.02840 -173.46060     66.673    -1.3772    -1.3752    -1.3785    32.0939    32.1033  1026.1307    25.8089    258.595    246.591  369.18805     70.044     0.0891     0.1868     1.1311 8.4714e-06       7128          2  0.000e+00
     66.018   63.02840 -173.46060     66.673    -1.3766    -1.3755    -1.3779    32.0939    32.1038  1026.1306    25.8088    258.609    246.814  369.18252     70.049     0.0867     0.1721     1.1311 1.0000e-12       7129          2  0.000e+00
     66.003   63.02840 -173.46060     66.657    -1.3766    -1.3752    -1.3778    32.0943    32.1037  1026.1309    25.8092    258.626    246.605  369.18061     70.054     0.0879     0.1795     1.1311 8.4714e-06       7130          2  0.000e+00
     66.018   63.02840 -173.46060     66.673    -1.3765    -1.3755    -1.3777    32.0938    32.1037  1026.1306    25.8088    258.645    246.632  369.18110     70.059     0.0879     0.1795     1.1311 1.0000e-12       7131          2  0.000e+00
     66.018   63.02840 -173.46060     66.673    -1.3758    -1.3755    -1.3771    32.0940    32.1036  1026.1307    25.8089    258.607    246.657  369.17431     70.050     0.0879     0.1795     1.1311 8.4714e-06       7132          2  0.000e+00
     65.949   63.02840 -173.46060     66.603    -1.3754    -1.3755    -1.3766    32.0942    32.1038  1026.1305    25.8091    258.617    246.911  369.16895     70.054     0.0879     0.1795     1.1311 1.0000e-12       7133          2  0.000e+00
     66.018   63.02840 -173.46060     66.673    -1.3749    -1.3755    -1.3762    32.0943    32.1037  1026.1310    25.8092    258.632    246.939  369.16408     70.059     0.0879     0.1795     1.1311 1.0000e-12       7134          2  0.000e+00
     65.956   63.02840 -173.46060     66.611    -1.3751    -1.3756    -1.3763    32.0947    32.1040  1026.1309    25.8094    258.595    246.962  369.16477     70.049     0.0879     0.1795     1.1311 1.0000e-12       7135          2  0.000e+00
     65.949   63.02840 -173.46060     66.603    -1.3745    -1.3758    -1.3757    32.0937    32.1038  1026.1301    25.8087    258.606    246.986  369.16120     70.052     0.0879     0.1795     1.1311 1.0000e-12       7136          2  0.000e+00
     66.018   63.02840 -173.46060     66.673    -1.3743    -1.3761    -1.3755    32.0935    32.1042  1026.1302    25.8085    258.622    246.781  369.16027     70.057     0.0879     0.1795     1.1311 1.0000e-12       7137          2  0.000e+00
     66.418   63.02840 -173.46060     67.077    -1.3782    -1.3773    -1.3795    32.0941    32.1042  1026.1328    25.8090    257.921    245.732  369.19791     69.860     0.0842     0.1575     1.1504 8.4714e-06       7265          3  0.000e+00
     66.357   63.02840 -173.46060     67.015    -1.3783    -1.3771    -1.3796    32.0946    32.1041  1026.1329    25.8095    258.107    245.735  369.19695     69.910     0.0855     0.1648     1.1504 8.4714e-06       7266          3  0.000e+00
     66.403   63.02840 -173.46060     67.062    -1.3783    -1.3774    -1.3796    32.0942    32.1047  1026.1329    25.8092    258.039    245.714  369.19802     69.892     0.0855     0.1648     1.1504 8.4714e-06       7267          3  0.000e+00
     66.418   63.02840 -173.46060     67.077    -1.3780    -1.3771    -1.3793    32.0940    32.1040  1026.1327    25.8090    258.020    245.461  369.19584     69.887     0.0855     0.1648     1.1504 8.4714e-06       7268          3  0.000e+00
     66.418   63.02840 -173.46060     67.077    -1.3781    -1.3773    -1.3794    32.0941    32.1039  1026.1328    25.8090    258.004    245.410  369.19688     69.882     0.0842     0.1575     1.1504 1.0000e-12       7269          3  0.000e+00
     66.472   63.02840 -173.46060     67.132    -1.3783    -1.3774    -1.3796    32.0939    32.1045  1026.1329    25.8089    257.993    245.396  369.19901     69.879     0.0855     0.1648     1.1504 1.0000e-12       7270          3  0.000e+00
     66.403   63.02840 -173.46060     67.062    -1.3781    -1.3771    -1.3794    32.0938    32.1042  1026.1325    25.8088    257.925    245.380  369.19747     69.861     0.0867     0.1721     1.1504 8.4714e-06       7271          3  0.000e+00
     66.418   63.02840 -173.46060     67.077    -1.3782    -1.3773    -1.3795    32.0939    32.1041  1026.1326    25.8089    257.914    245.144  369.19853     69.858     0.0867     0.1721     1.1504 8.4714e-06       7272          3  0.000e+00
     66.418   63.02840 -173.46060     67.077    -1.3781    -1.3773    -1.3794    32.0938    32.1039  1026.1326    25.8088    257.851    245.339  369.19750     69.841     0.0879     0.1795     1.1504 1.0000e-12       7273          3  0.000e+00
     66.403   63.02840 -173.46060     67.062    -1.3783    -1.3773    -1.3796    32.0943    32.1042  1026.1329    25.8092    257.841    245.306  369.19777     69.838     0.0879     0.1795     1.1504 1.0000e-12       7274          3  0.000e+00
     66.472   63.02840 -173.46060     67.132    -1.3780    -1.3774    -1.3792    32.0934    32.1045  1026.1325    25.8085    257.834    245.313  369.19704     69.836     0.0879     0.1795     1.1504 8.4714e-06       7275          3  0.000e+00
     66.472   63.02840 -173.46060     67.132    -1.3781    -1.3773    -1.3794    32.0940    32.1042  1026.1330    25.8090    257.828    245.517  369.19709     69.835     0.0879     0.1795     1.1504 8.4714e-06       7276          3  0.000e+00
     66.403   63.02840 -173.46060     67.062    -1.3780    -1.3774    -1.3793    32.0937    32.1044  1026.1324    25.8087    257.821    245.293  369.19681     69.833     0.0879     0.1795     1.1504 8.4714e-06       7277          3  0.000e+00
     66.472   63.02840 -173.46060     67.132    -1.3781    -1.3771    -1.3794    32.0943    32.1042  1026.1332    25.8092    257.821    245.306  369.19622     69.833     0.0867     0.1721     1.1504 1.0000e-12       7278          3  0.000e+00
     66.418   63.02840 -173.46060     67.077    -1.3781    -1.3774    -1.3794    32.0939    32.1045  1026.1326    25.8089    258.080    245.322  369.19737     69.903     0.0879     0.1795     1.1531 8.4714e-06       7279          3  0.000e+00
     66.465   63.02840 -173.46060     67.124    -1.3781    -1.3773    -1.3794    32.0940    32.1046  1026.1330    25.8090    257.871    245.309  369.19696     69.846     0.0867     0.1721     1.1545 1.0000e-12       7280          3  0.000e+00
     66.472   63.02840 -173.46060     67.132    -1.3780    -1.3770    -1.3792    32.0936    32.1042  1026.1327    25.8087    257.873    245.330  369.19642     69.847     0.0879     0.1795     1.1545 1.0000e-12       7281          3  0.000e+00
     66.418   63.02840 -173.46060     67.077    -1.3781    -1.3773    -1.3794    32.0941    32.1046  1026.1328    25.8090    257.876    245.093  369.19675     69.848     0.0879     0.1795     1.1545 8.4714e-06       7282          3  0.000e+00
     66.465   63.02840 -173.46060     67.124    -1.3780    -1.3770    -1.3793    32.0936    32.1045  1026.1327    25.8087    257.883    245.321  369.19692     69.850     0.0879     0.1795     1.1545 1.0000e-12       7283          3  0.000e+00
     66.418   63.02840 -173.46060     67.077    -1.3781    -1.3771    -1.3794    32.0939    32.1046  1026.1327    25.8089    257.890    245.322  369.19725     69.852     0.0879     0.1795     1.1531 8.4714e-06       7284          3  0.000e+00
     66.472   63.02840 -173.46060     67.132    -1.3783    -1.3769    -1.3796    32.0943    32.1044  1026.1332    25.8092    257.903    245.326  369.19790     69.855     0.0879     0.1795     1.1545 1.0000e-12       7285          3  0.000e+00
     66.465   63.02840 -173.46060     67.124    -1.3781    -1.3770    -1.3794    32.0939    32.1043  1026.1329    25.8089    257.915    245.104  369.19720     69.858     0.0879     0.1795     1.1545 1.0000e-12       7286          3  0.000e+00
     66.418   63.02840 -173.46060     67.077    -1.3784    -1.3771    -1.3797    32.0943    32.1044  1026.1330    25.8092    257.670    245.312  369.19908     69.792     0.0867     0.1721     1.1545 1.0000e-12       7287          3  0.000e+00
     66.472   63.02840 -173.46060     67.132    -1.3782    -1.3771    -1.3795    32.0940    32.1045  1026.1330    25.8090    257.899    245.097  369.19813     69.854     0.0879     0.1795     1.1545 1.0000e-12       7288          3  0.000e+00
     66.403   63.02840 -173.46060     67.061    -1.3781    -1.3770    -1.3794    32.0939    32.1045  1026.1326    25.8089    257.917    245.308  369.19722     69.859     0.0879     0.1795     1.1545 8.4714e-06       7289          3  0.000e+00
     66.418   63.02840 -173.46060     67.077    -1.3786    -1.3770    -1.3799    32.0942    32.1044  1026.1329    25.8092    257.891    245.066  369.20087     69.851     0.0879     0.1795     1.1545 1.0000e-12       7290          3  0.000e+00
     66.472   63.02840 -173.46060     67.132    -1.3784    -1.3773    -1.3797    32.0941    32.1045  1026.1331    25.8091    258.123    245.290  369.19955     69.914     0.0879     0.1795     1.1545 1.0000e-12       7291          3  0.000e+00
     66.464   63.02840 -173.46060     67.124    -1.3784    -1.3771    -1.3797    32.0942    32.1047  1026.1331    25.8091    257.881    245.084  369.19929     69.849     0.0879     0.1795     1.1545 1.0000e-12       7292          3  0.000e+00
     66.418   63.02840 -173.46060     67.077    -1.3784    -1.3773    -1.3797    32.0940    32.1039  1026.1327    25.8090    258.680    245.312  369.19983     70.065     0.0879     0.1795     1.1545 8.4714e-06       7293          3  0.000e+00
     66.418   63.02840 -173.46060     67.077    -1.3784    -1.3773    -1.3797    32.0938    32.1041  1026.1326    25.8088    258.326    245.114  369.20045     69.969     0.0879     0.1795     1.1545 1.0000e-12       7294          3  0.000e+00
     66.403   63.02840 -173.46060     67.061    -1.3783    -1.3771    -1.3796    32.0938    32.1042  1026.1325    25.8088    258.651    245.346  369.19939     70.057     0.0891     0.1868     1.1545 1.0000e-12       7295          3  0.000e+00
     66.418   63.02840 -173.46060     67.077    -1.3783    -1.3773    -1.3796    32.0940    32.1042  1026.1328    25.8090    258.505    245.353  369.19867     70.018     0.0879     0.1795     1.1545 1.0000e-12       7296          3  0.000e+00
     66.418   63.02840 -173.46060     67.077    -1.3784    -1.3770    -1.3797    32.0943    32.1037  1026.1330    25.8092    258.569    245.392  369.19908     70.035     0.0928     0.2088     1.1545 8.4714e-06       7297          3  0.000e+00
