EcoFOCI/data/1_SampleCollection/2023_SikuliaqDBO_CruiseData/CTD_raw_BottleFile_SKQ23-12S/proc/skq202312s_066svp.cnv
* Sea-Bird SBE 9 Data File:
* FileName = D:\CTD\SKQ202312S\SKQ202312S_066.hex
* Software Version Seasave V 7.26.7.121
* Temperature SN = 6177
* Conductivity SN = 0369
* Number of Bytes Per Scan = 41
* Number of Voltage Words = 4
* Number of Scans Averaged by the Deck Unit = 1
* NMEA Latitude = 72 12.41 N
* NMEA Longitude = 166 57.30 W
* NMEA UTC (Time) = Sep 28 2023  13:08:17
* NMEA baud rate = 4800
** Ship: R/V Sikuliaq
** Station Number: 066
** Station Name: IC0.3
** Bottom Depth: 47
** Operator: SD
# nquan = 7
# nvalues = 4842                                  
# units = specified
# name 0 = depSM: Depth [salt water, m]
# name 1 = latitude: Latitude [deg]
# name 2 = longitude: Longitude [deg]
# name 3 = t090C: Temperature [ITS-90, deg C]
# name 4 = sal00: Salinity, Practical [PSU]
# name 5 = svCM: Sound Velocity [Chen-Millero, m/s]
# name 6 = flag:  0.000e+00
# span 0 =      2.489,     42.256                 
# span 1 =   72.20680,   72.20682                 
# span 2 = -166.95580, -166.95532                 
# span 3 =     0.2306,     4.3186                 
# span 4 =    30.9114,    32.4398                 
# span 5 =    1447.30,    1463.43                 
# span 6 = 0.0000e+00, 0.0000e+00                 
# interval = seconds: 0.0416667
# start_time = Sep 28 2023 13:12:40 [NMEA time, first data scan]
# bad_flag = -9.990e-29
*END*
[from data line 1231]
      8.484   72.20680 -166.95540     4.1253    30.9125    1462.03  0.000e+00
      8.484   72.20680 -166.95540     4.1253    30.9124    1462.03  0.000e+00
      8.546   72.20680 -166.95540     4.1254    30.9123    1462.03  0.000e+00
      8.546   72.20680 -166.95540     4.1253    30.9128    1462.03  0.000e+00
      8.546   72.20680 -166.95540     4.1253    30.9125    1462.03  0.000e+00
      8.515   72.20680 -166.95540     4.1254    30.9123    1462.03  0.000e+00
      8.600   72.20680 -166.95540     4.1253    30.9126    1462.03  0.000e+00
      8.546   72.20680 -166.95540     4.1254    30.9123    1462.03  0.000e+00
      8.599   72.20680 -166.95540     4.1253    30.9124    1462.03  0.000e+00
      8.599   72.20680 -166.95540     4.1254    30.9123    1462.03  0.000e+00
      8.599   72.20680 -166.95540     4.1254    30.9122    1462.03  0.000e+00
      8.599   72.20680 -166.95540     4.1253    30.9128    1462.03  0.000e+00
      8.545   72.20680 -166.95540     4.1253    30.9125    1462.03  0.000e+00
      8.661   72.20680 -166.95540     4.1254    30.9125    1462.03  0.000e+00
      8.599   72.20680 -166.95540     4.1253    30.9124    1462.03  0.000e+00
      8.661   72.20680 -166.95540     4.1254    30.9122    1462.03  0.000e+00
      8.599   72.20680 -166.95540     4.1253    30.9124    1462.03  0.000e+00
      8.661   72.20682 -166.95542     4.1254    30.9124    1462.03  0.000e+00
      8.661   72.20682 -166.95542     4.1253    30.9126    1462.03  0.000e+00
      8.661   72.20682 -166.95542     4.1253    30.9127    1462.03  0.000e+00
      8.630   72.20682 -166.95542     4.1254    30.9125    1462.03  0.000e+00
      8.715   72.20682 -166.95542     4.1253    30.9126    1462.04  0.000e+00
      8.661   72.20682 -166.95542     4.1254    30.9127    1462.03  0.000e+00
      8.661   72.20682 -166.95542     4.1253    30.9130    1462.03  0.000e+00
      8.715   72.20682 -166.95542     4.1254    30.9123    1462.04  0.000e+00
      8.661   72.20682 -166.95542     4.1256    30.9123    1462.04  0.000e+00
      8.715   72.20682 -166.95542     4.1253    30.9124    1462.03  0.000e+00
      8.715   72.20682 -166.95542     4.1254    30.9128    1462.04  0.000e+00
      8.715   72.20682 -166.95542     4.1254    30.9128    1462.04  0.000e+00
      8.715   72.20682 -166.95542     4.1256    30.9124    1462.04  0.000e+00
      8.715   72.20682 -166.95542     4.1256    30.9127    1462.04  0.000e+00
      8.715   72.20682 -166.95542     4.1256    30.9122    1462.04  0.000e+00
      8.715   72.20682 -166.95542     4.1256    30.9122    1462.04  0.000e+00
      8.769   72.20682 -166.95542     4.1254    30.9127    1462.04  0.000e+00
      8.691   72.20682 -166.95542     4.1254    30.9123    1462.04  0.000e+00
      8.769   72.20682 -166.95542     4.1256    30.9124    1462.04  0.000e+00
      8.715   72.20682 -166.95542     4.1254    30.9125    1462.04  0.000e+00
      8.768   72.20682 -166.95542     4.1253    30.9124    1462.04  0.000e+00
      8.768   72.20682 -166.95542     4.1253    30.9125    1462.04  0.000e+00
      8.768   72.20682 -166.95542     4.1254    30.9124    1462.04  0.000e+00
      8.714   72.20682 -166.95542     4.1251    30.9126    1462.03  0.000e+00
      8.830   72.20682 -166.95542     4.1253    30.9125    1462.04  0.000e+00
      8.714   72.20682 -166.95542     4.1251    30.9129    1462.03  0.000e+00
      8.768   72.20682 -166.95542     4.1251    30.9130    1462.04  0.000e+00
      8.768   72.20682 -166.95542     4.1253    30.9124    1462.04  0.000e+00
      8.830   72.20682 -166.95542     4.1253    30.9123    1462.04  0.000e+00
      8.768   72.20682 -166.95542     4.1253    30.9125    1462.04  0.000e+00
      8.714   72.20682 -166.95542     4.1251    30.9130    1462.03  0.000e+00
      8.915   72.20682 -166.95542     4.1254    30.9124    1462.04  0.000e+00
      8.768   72.20682 -166.95542     4.1254    30.9122    1462.04  0.000e+00
      8.768   72.20682 -166.95542     4.1253    30.9125    1462.04  0.000e+00
      8.830   72.20682 -166.95542     4.1254    30.9124    1462.04  0.000e+00
      8.830   72.20682 -166.95542     4.1254    30.9124    1462.04  0.000e+00
      8.768   72.20682 -166.95542     4.1254    30.9124    1462.04  0.000e+00
      8.830   72.20682 -166.95542     4.1256    30.9123    1462.04  0.000e+00
      8.830   72.20682 -166.95542     4.1256    30.9123    1462.04  0.000e+00
      8.830   72.20682 -166.95542     4.1253    30.9125    1462.04  0.000e+00
      8.884   72.20682 -166.95542     4.1254    30.9128    1462.04  0.000e+00
      8.830   72.20682 -166.95542     4.1253    30.9127    1462.04  0.000e+00
      8.830   72.20682 -166.95542     4.1253    30.9123    1462.04  0.000e+00
      8.830   72.20682 -166.95542     4.1251    30.9126    1462.04  0.000e+00
      8.860   72.20682 -166.95542     4.1253    30.9124    1462.04  0.000e+00
      8.830   72.20682 -166.95542     4.1251    30.9122    1462.04  0.000e+00
      8.884   72.20682 -166.95542     4.1251    30.9123    1462.04  0.000e+00
      8.884   72.20682 -166.95542     4.1253    30.9122    1462.04  0.000e+00
      8.830   72.20682 -166.95542     4.1251    30.9127    1462.04  0.000e+00
      8.884   72.20682 -166.95542     4.1253    30.9125    1462.04  0.000e+00
      8.884   72.20682 -166.95542     4.1250    30.9130    1462.04  0.000e+00
      8.884   72.20682 -166.95542     4.1250    30.9125    1462.04  0.000e+00
      8.830   72.20682 -166.95542     4.1253    30.9126    1462.04  0.000e+00
      8.945   72.20682 -166.95542     4.1253    30.9126    1462.04  0.000e+00
      8.883   72.20682 -166.95542     4.1251    30.9127    1462.04  0.000e+00
      8.883   72.20682 -166.95542     4.1253    30.9126    1462.04  0.000e+00
      8.945   72.20682 -166.95542     4.1251    30.9124    1462.04  0.000e+00
      8.829   72.20682 -166.95542     4.1251    30.9124    1462.04  0.000e+00
      8.976   72.20682 -166.95542     4.1251    30.9121    1462.04  0.000e+00
      8.945   72.20682 -166.95542     4.1250    30.9120    1462.04  0.000e+00
      8.945   72.20682 -166.95542     4.1248    30.9121    1462.04  0.000e+00
      8.883   72.20682 -166.95542     4.1248    30.9122    1462.04  0.000e+00
      8.945   72.20682 -166.95542     4.1245    30.9120    1462.03  0.000e+00
      8.945   72.20682 -166.95542     4.1248    30.9124    1462.04  0.000e+00
      8.945   72.20682 -166.95542     4.1246    30.9124    1462.04  0.000e+00
      8.945   72.20682 -166.95542     4.1246    30.9123    1462.04  0.000e+00
      8.999   72.20682 -166.95542     4.1245    30.9123    1462.04  0.000e+00
      8.945   72.20682 -166.95542     4.1245    30.9118    1462.03  0.000e+00
      8.999   72.20682 -166.95542     4.1243    30.9121    1462.04  0.000e+00
      8.945   72.20682 -166.95542     4.1243    30.9121    1462.03  0.000e+00
      8.999   72.20682 -166.95542     4.1242    30.9121    1462.03  0.000e+00
      8.976   72.20682 -166.95542     4.1242    30.9123    1462.03  0.000e+00
      8.999   72.20682 -166.95542     4.1240    30.9120    1462.03  0.000e+00
      8.999   72.20682 -166.95542     4.1240    30.9121    1462.03  0.000e+00
      8.999   72.20682 -166.95542     4.1240    30.9125    1462.03  0.000e+00
      9.060   72.20682 -166.95542     4.1240    30.9126    1462.04  0.000e+00
      8.999   72.20682 -166.95542     4.1242    30.9128    1462.04  0.000e+00
      9.060   72.20682 -166.95542     4.1242    30.9125    1462.04  0.000e+00
      8.999   72.20682 -166.95542     4.1243    30.9123    1462.04  0.000e+00
      9.060   72.20682 -166.95542     4.1242    30.9122    1462.04  0.000e+00
      9.060   72.20682 -166.95542     4.1240    30.9129    1462.04  0.000e+00
      9.060   72.20682 -166.95542     4.1242    30.9121    1462.04  0.000e+00
      9.060   72.20682 -166.95542     4.1240    30.9124    1462.04  0.000e+00
      9.091   72.20682 -166.95542     4.1240    30.9125    1462.04  0.000e+00
      9.060   72.20682 -166.95542     4.1240    30.9127    1462.04  0.000e+00
      9.114   72.20682 -166.95542     4.1242    30.9122    1462.04  0.000e+00
      9.060   72.20682 -166.95542     4.1242    30.9123    1462.04  0.000e+00
      9.114   72.20682 -166.95542     4.1240    30.9125    1462.04  0.000e+00
      9.114   72.20682 -166.95542     4.1242    30.9118    1462.04  0.000e+00
      9.114   72.20682 -166.95542     4.1240    30.9121    1462.04  0.000e+00
      9.114   72.20682 -166.95542     4.1240    30.9122    1462.04  0.000e+00
      9.114   72.20682 -166.95542     4.1242    30.9121    1462.04  0.000e+00
      9.168   72.20682 -166.95542     4.1240    30.9122    1462.04  0.000e+00
      9.168   72.20682 -166.95542     4.1240    30.9122    1462.04  0.000e+00
      9.114   72.20682 -166.95542     4.1239    30.9119    1462.03  0.000e+00
      9.168   72.20682 -166.95542     4.1239    30.9118    1462.04  0.000e+00
      9.145   72.20680 -166.95542     4.1237    30.9120    1462.03  0.000e+00
      9.230   72.20680 -166.95542     4.1237    30.9117    1462.04  0.000e+00
      9.168   72.20680 -166.95542     4.1237    30.9121    1462.04  0.000e+00
      9.168   72.20680 -166.95542     4.1239    30.9117    1462.04  0.000e+00
      9.229   72.20680 -166.95542     4.1237    30.9114    1462.04  0.000e+00
      9.229   72.20680 -166.95542     4.1237    30.9120    1462.04  0.000e+00
      9.168   72.20680 -166.95542     4.1235    30.9122    1462.03  0.000e+00
      9.283   72.20680 -166.95542     4.1235    30.9121    1462.04  0.000e+00
      9.229   72.20680 -166.95542     4.1237    30.9119    1462.04  0.000e+00
      9.229   72.20680 -166.95542     4.1239    30.9118    1462.04  0.000e+00
      9.229   72.20680 -166.95542     4.1239    30.9122    1462.04  0.000e+00
      9.283   72.20680 -166.95542     4.1239    30.9122    1462.04  0.000e+00
      9.260   72.20680 -166.95542     4.1239    30.9127    1462.04  0.000e+00
      9.283   72.20680 -166.95542     4.1239    30.9124    1462.04  0.000e+00
      9.283   72.20680 -166.95542     4.1239    30.9123    1462.04  0.000e+00
      9.283   72.20680 -166.95542     4.1242    30.9120    1462.04  0.000e+00
      9.345   72.20680 -166.95542     4.1240    30.9123    1462.04  0.000e+00
      9.283   72.20680 -166.95542     4.1243    30.9119    1462.04  0.000e+00
      9.345   72.20680 -166.95542     4.1240    30.9123    1462.04  0.000e+00
      9.283   72.20680 -166.95542     4.1243    30.9119    1462.04  0.000e+00
      9.345   72.20680 -166.95542     4.1242    30.9120    1462.04  0.000e+00
      9.399   72.20680 -166.95542     4.1242    30.9122    1462.04  0.000e+00
      9.345   72.20680 -166.95542     4.1242    30.9118    1462.04  0.000e+00
      9.345   72.20680 -166.95542     4.1240    30.9123    1462.04  0.000e+00
      9.376   72.20682 -166.95542     4.1240    30.9124    1462.04  0.000e+00
      9.399   72.20682 -166.95542     4.1237    30.9122    1462.04  0.000e+00
      9.399   72.20682 -166.95542     4.1239    30.9124    1462.04  0.000e+00
      9.399   72.20682 -166.95542     4.1241    30.9119    1462.04  0.000e+00
      9.399   72.20682 -166.95542     4.1237    30.9119    1462.04  0.000e+00
      9.460   72.20682 -166.95542     4.1239    30.9119    1462.04  0.000e+00
      9.399   72.20682 -166.95542     4.1237    30.9121    1462.04  0.000e+00
      9.460   72.20682 -166.95542     4.1237    30.9119    1462.04  0.000e+00
      9.460   72.20682 -166.95542     4.1235    30.9121    1462.04  0.000e+00
      9.460   72.20682 -166.95542     4.1237    30.9123    1462.04  0.000e+00
      9.460   72.20682 -166.95542     4.1237    30.9120    1462.04  0.000e+00
      9.460   72.20682 -166.95542     4.1237    30.9122    1462.04  0.000e+00
      9.491   72.20682 -166.95542     4.1237    30.9125    1462.04  0.000e+00
      9.514   72.20682 -166.95542     4.1239    30.9121    1462.04  0.000e+00
      9.514   72.20682 -166.95542     4.1237    30.9119    1462.04  0.000e+00
      9.514   72.20682 -166.95542     4.1235    30.9125    1462.04  0.000e+00
      9.514   72.20682 -166.95542     4.1237    30.9118    1462.04  0.000e+00
      9.568   72.20682 -166.95542     4.1239    30.9120    1462.04  0.000e+00
      9.514   72.20682 -166.95542     4.1237    30.9119    1462.04  0.000e+00
      9.568   72.20682 -166.95542     4.1237    30.9122    1462.04  0.000e+00
      9.568   72.20682 -166.95542     4.1237    30.9117    1462.04  0.000e+00
      9.568   72.20682 -166.95542     4.1234    30.9124    1462.04  0.000e+00
      9.568   72.20682 -166.95542     4.1239    30.9121    1462.04  0.000e+00
      9.599   72.20682 -166.95542     4.1235    30.9120    1462.04  0.000e+00
      9.568   72.20682 -166.95544     4.1237    30.9120    1462.04  0.000e+00
      9.630   72.20682 -166.95544     4.1237    30.9120    1462.04  0.000e+00
      9.630   72.20682 -166.95544     4.1235    30.9121    1462.04  0.000e+00
      9.630   72.20682 -166.95544     4.1237    30.9122    1462.04  0.000e+00
      9.630   72.20682 -166.95544     4.1237    30.9118    1462.04  0.000e+00
      9.683   72.20682 -166.95544     4.1239    30.9117    1462.04  0.000e+00
      9.629   72.20682 -166.95544     4.1235    30.9126    1462.04  0.000e+00
      9.683   72.20682 -166.95544     4.1237    30.9121    1462.04  0.000e+00
      9.683   72.20682 -166.95544     4.1235    30.9121    1462.04  0.000e+00
      9.683   72.20682 -166.95544     4.1239    30.9122    1462.04  0.000e+00
      9.714   72.20682 -166.95544     4.1237    30.9121    1462.04  0.000e+00
      9.683   72.20682 -166.95544     4.1237    30.9119    1462.04  0.000e+00
      9.745   72.20682 -166.95544     4.1237    30.9126    1462.05  0.000e+00
      9.683   72.20682 -166.95544     4.1237    30.9122    1462.04  0.000e+00
      9.683   72.20682 -166.95544     4.1235    30.9123    1462.04  0.000e+00
      9.799   72.20682 -166.95544     4.1239    30.9118    1462.05  0.000e+00
      9.745   72.20682 -166.95544     4.1235    30.9123    1462.04  0.000e+00
      9.745   72.20682 -166.95544     4.1239    30.9121    1462.05  0.000e+00
      9.745   72.20682 -166.95544     4.1235    30.9127    1462.04  0.000e+00
      9.799   72.20682 -166.95544     4.1239    30.9120    1462.05  0.000e+00
      9.745   72.20682 -166.95544     4.1237    30.9122    1462.04  0.000e+00
      9.776   72.20682 -166.95544     4.1237    30.9120    1462.05  0.000e+00
      9.799   72.20682 -166.95544     4.1239    30.9120    1462.05  0.000e+00
      9.799   72.20682 -166.95544     4.1237    30.9120    1462.05  0.000e+00
      9.799   72.20682 -166.95544     4.1237    30.9119    1462.05  0.000e+00
      9.799   72.20682 -166.95544     4.1239    30.9121    1462.05  0.000e+00
      9.860   72.20682 -166.95544     4.1239    30.9123    1462.05  0.000e+00
      9.799   72.20682 -166.95544     4.1239    30.9123    1462.05  0.000e+00
      9.860   72.20682 -166.95544     4.1239    30.9125    1462.05  0.000e+00
      9.860   72.20682 -166.95544     4.1240    30.9120    1462.05  0.000e+00
      9.799   72.20682 -166.95544     4.1240    30.9123    1462.05  0.000e+00
      9.884   72.20682 -166.95544     4.1237    30.9125    1462.05  0.000e+00
      9.860   72.20682 -166.95544     4.1239    30.9120    1462.05  0.000e+00
      9.860   72.20682 -166.95544     4.1239    30.9120    1462.05  0.000e+00
      9.860   72.20682 -166.95544     4.1239    30.9122    1462.05  0.000e+00
      9.914   72.20682 -166.95544     4.1239    30.9122    1462.05  0.000e+00
      9.860   72.20682 -166.95544     4.1240    30.9119    1462.05  0.000e+00
      9.914   72.20682 -166.95544     4.1240    30.9119    1462.05  0.000e+00
      9.914   72.20682 -166.95544     4.1239    30.9119    1462.05  0.000e+00
      9.914   72.20682 -166.95544     4.1239    30.9122    1462.05  0.000e+00
      9.914   72.20682 -166.95544     4.1239    30.9123    1462.05  0.000e+00
      9.860   72.20682 -166.95544     4.1242    30.9118    1462.05  0.000e+00
      9.945   72.20682 -166.95544     4.1239    30.9123    1462.05  0.000e+00
