EcoFOCI/data/1_SampleCollection/2023_SikuliaqDBO_CruiseData/CTD_raw_BottleFile_SKQ23-12S/proc/skq202312s_018.cnv
* Sea-Bird SBE 9 Data File:
* FileName = D:\CTD\SKQ202312S\SKQ202312S_018.hex
* Software Version Seasave V 7.26.7.121
* Temperature SN = 6177
* Conductivity SN = 0369
* Number of Bytes Per Scan = 41
* Number of Voltage Words = 4
* Number of Scans Averaged by the Deck Unit = 1
* NMEA Latitude = 64 40.12 N
* NMEA Longitude = 168 14.25 W
* NMEA UTC (Time) = Sep 17 2023  18:54:46
* NMEA baud rate = 4800
** Ship: R/V Sikuliaq
** Station Number: 018
** Station Name: DBO2.3
** Bottom Depth: 38
** Operator: SD
# nquan = 24
# nvalues = 4087                                  
# units = specified
# name 0 = depSM: Depth [salt water, m]
# name 1 = latitude: Latitude [deg]
# name 2 = longitude: Longitude [deg]
# name 3 = prDM: Pressure, Digiquartz [db]
# name 4 = t090C: Temperature [ITS-90, deg C]
# name 5 = t190C: Temperature, 2 [ITS-90, deg C]
# name 6 = potemp090C: Potential Temperature [ITS-90, deg C]
# name 7 = sal00: Salinity, Practical [PSU]
# name 8 = sal11: Salinity, Practical, 2 [PSU]
# name 9 = density00: Density [density, kg/m^3]
# name 10 = sigma-é00: Density [sigma-theta, kg/m^3]
# name 11 = sbox0Mm/Kg: Oxygen, SBE 43 [umol/kg]
# name 12 = sbox1Mm/Kg: Oxygen, SBE 43, 2 [umol/kg]
# name 13 = oxsolMm/Kg: Oxygen Saturation, Garcia & Gordon [umol/kg]
# name 14 = sbeox0PS: Oxygen, SBE 43 [% saturation]
# name 15 = sbeox1PS: Oxygen, SBE 43, 2 [% saturation]
# name 16 = v0: Voltage 0
# name 17 = flECO-AFL: Fluorescence, WET Labs ECO-AFL/FL [mg/m^3]
# name 18 = v1: Voltage 1
# name 19 = CStarAt0: Beam Attenuation, WET Labs C-Star [1/m]
# name 20 = par: PAR/Irradiance, Biospherical/Licor
# name 21 = scan: Scan Count
# name 22 = timeM: Time, Elapsed [minutes]
# name 23 = flag:  0.000e+00
# span 0 =      3.209,     33.032                 
# span 1 =   64.66886,   64.66890                 
# span 2 = -168.23718, -168.23714                 
# span 3 =      3.241,     33.361                 
# span 4 =     5.3066,     6.2563                 
# span 5 =     5.3161,     6.2392                 
# span 6 =     5.3042,     6.2559                 
# span 7 =    31.7797,    31.8869                 
# span 8 =    31.6612,    31.8934                 
# span 9 =  1025.0101,  1025.3283                 
# span 10 =    24.9912,    25.1743                
# span 11 =    285.566,    295.994                
# span 12 =    272.152,    281.018                
# span 13 =  305.61799,  312.34072                
# span 14 =     92.201,     95.708                
# span 15 =     87.543,     91.429                
# span 16 =     0.2613,     0.3980                
# span 17 =     1.2198,     2.0403                
# span 18 =     3.7045,     3.8706                
# span 19 =     0.7873,     0.9627                
# span 20 = 5.6694e-01, 7.6165e+01                
# span 21 =          1,       4087                
# span 22 =     0.0000,     2.8375                
# span 23 = 0.0000e+00, 0.0000e+00                
# interval = seconds: 0.0416667
# start_time = Sep 17 2023 18:58:23 [NMEA time, first data scan]
# bad_flag = -9.990e-29
*END*
[from data line 1751]
     12.981   64.66890 -168.23718     13.110     6.0802     6.0626     6.0792    31.8153    31.8271  1025.0879    25.0273    291.689    277.517  306.86288     95.055     90.407     0.3516     1.7619     3.8571     0.8012 1.2047e+01       1752     1.2160  0.000e+00
     12.927   64.66890 -168.23718     13.055     6.0797     6.0622     6.0786    31.8154    31.8277  1025.0878    25.0275    291.705    277.501  306.86659     95.059     90.402     0.3504     1.7546     3.8571     0.8012 1.2047e+01       1753     1.2167  0.000e+00
     12.981   64.66890 -168.23718     13.110     6.0792     6.0624     6.0781    31.8164    31.8274  1025.0889    25.0284    291.724    277.489  306.86792     95.065     90.398     0.3516     1.7619     3.8571     0.8012 1.2012e+01       1754     1.2174  0.000e+00
     12.981   64.66890 -168.23718     13.110     6.0792     6.0616     6.0781    31.8187    31.8278  1025.0907    25.0301    291.735    277.480  306.86283     95.070     90.394     0.3504     1.7546     3.8584     0.7999 1.1978e+01       1755     1.2181  0.000e+00
     13.012   64.66890 -168.23718     13.141     6.0797     6.0617     6.0786    31.8191    31.8276  1025.0911    25.0304    291.749    277.487  306.85823     95.076     90.396     0.3516     1.7619     3.8596     0.7986 1.2012e+01       1756     1.2188  0.000e+00
     12.981   64.66890 -168.23718     13.110     6.0800     6.0612     6.0789    31.8195    31.8276  1025.0913    25.0307    291.763    277.674  306.85510     95.082     90.456     0.3504     1.7546     3.8608     0.7974 1.1978e+01       1757     1.2194  0.000e+00
     13.043   64.66890 -168.23718     13.172     6.0804     6.0603     6.0794    31.8193    31.8278  1025.0913    25.0304    291.753    277.531  306.85234     95.079     90.408     0.3504     1.7546     3.8608     0.7974 1.1944e+01       1758     1.2201  0.000e+00
     12.981   64.66890 -168.23718     13.110     6.0813     6.0599     6.0802    31.8182    31.8277  1025.0900    25.0295    291.570    277.541  306.84903     95.021     90.410     0.3516     1.7619     3.8608     0.7974 1.1978e+01       1759     1.2208  0.000e+00
     13.043   64.66890 -168.23718     13.172     6.0812     6.0595     6.0801    31.8180    31.8271  1025.0902    25.0293    291.764    277.559  306.85013     95.084     90.415     0.3516     1.7619     3.8608     0.7974 1.1944e+01       1760     1.2215  0.000e+00
     12.981   64.66890 -168.23718     13.110     6.0813     6.0588     6.0802    31.8159    31.8273  1025.0882    25.0277    291.789    277.752  306.85421     95.090     90.476     0.3516     1.7619     3.8608     0.7974 1.1911e+01       1761     1.2222  0.000e+00
     13.097   64.66890 -168.23718     13.227     6.0795     6.0587     6.0785    31.8148    31.8272  1025.0882    25.0270    291.833    277.789  306.86901     95.100     90.488     0.3516     1.7619     3.8608     0.7974 1.1911e+01       1762     1.2229  0.000e+00
     13.012   64.66890 -168.23718     13.141     6.0774     6.0583     6.0764    31.8142    31.8271  1025.0875    25.0268    291.844    277.802  306.88548     95.099     90.491     0.3578     1.7985     3.8608     0.7974 1.1944e+01       1763     1.2236  0.000e+00
     13.043   64.66890 -168.23718     13.172     6.0750     6.0578     6.0740    31.8137    31.8272  1025.0875    25.0267    291.664    277.839  306.90379     95.034     90.502     0.3578     1.7985     3.8608     0.7974 1.1911e+01       1764     1.2243  0.000e+00
     13.043   64.66890 -168.23718     13.172     6.0745     6.0574     6.0735    31.8118    31.8272  1025.0861    25.0252    291.642    277.875  306.91179     95.025     90.513     0.3590     1.8058     3.8608     0.7974 1.1911e+01       1765     1.2250  0.000e+00
     13.097   64.66890 -168.23718     13.227     6.0750     6.0569     6.0740    31.8109    31.8270  1025.0856    25.0245    291.810    277.915  306.91006     95.080     90.525     0.3565     1.7912     3.8608     0.7974 1.1944e+01       1766     1.2257  0.000e+00
     13.043   64.66890 -168.23718     13.172     6.0755     6.0567     6.0744    31.8127    31.8271  1025.0867    25.0258    291.799    277.930  306.90277     95.079     90.530     0.3578     1.7985     3.8608     0.7974 1.1911e+01       1767     1.2264  0.000e+00
     13.043   64.66890 -168.23718     13.172     6.0753     6.0564     6.0742    31.8139    31.8274  1025.0877    25.0268    291.600    277.966  306.90138     95.014     90.541     0.3590     1.8058     3.8608     0.7974 1.1911e+01       1768     1.2271  0.000e+00
     13.128   64.66890 -168.23718     13.258     6.0721     6.0564     6.0711    31.8145    31.8274  1025.0889    25.0277    291.824    278.005  306.92274     95.081     90.554     0.3578     1.7985     3.8608     0.7974 1.1911e+01       1769     1.2278  0.000e+00
     13.043   64.66890 -168.23718     13.172     6.0696     6.0566     6.0685    31.8142    31.8275  1025.0886    25.0278    291.674    277.859  306.94161     95.026     90.507     0.3590     1.8058     3.8608     0.7974 1.1944e+01       1770     1.2285  0.000e+00
     13.097   64.66890 -168.23718     13.227     6.0654     6.0566     6.0643    31.8156    31.8273  1025.0905    25.0293    291.288    278.059  306.96850     94.892     90.571     0.3578     1.7985     3.8608     0.7974 1.1944e+01       1771     1.2292  0.000e+00
     13.097   64.66890 -168.23718     13.227     6.0635     6.0566     6.0625    31.8157    31.8272  1025.0908    25.0297    291.647    278.097  306.98171     95.005     90.584     0.3578     1.7985     3.8608     0.7974 1.1944e+01       1772     1.2299  0.000e+00
     13.097   64.66890 -168.23718     13.227     6.0643     6.0564     6.0632    31.8147    31.8276  1025.0899    25.0288    291.654    277.959  306.97855     95.008     90.539     0.3578     1.7985     3.8608     0.7974 1.1944e+01       1773     1.2306  0.000e+00
     13.097   64.66890 -168.23718     13.226     6.0644     6.0564     6.0634    31.8147    31.8278  1025.0899    25.0288    291.833    277.963  306.97744     95.067     90.540     0.3578     1.7985     3.8608     0.7974 1.1944e+01       1774     1.2313  0.000e+00
     13.128   64.66890 -168.23718     13.258     6.0641     6.0563     6.0631    31.8146    31.8280  1025.0900    25.0288    291.652    278.165  306.97979     95.007     90.606     0.3590     1.8058     3.8608     0.7974 1.1944e+01       1775     1.2319  0.000e+00
     13.097   64.66890 -168.23718     13.226     6.0632     6.0566     6.0621    31.8146    31.8276  1025.0900    25.0289    291.672    278.186  306.98679     95.011     90.613     0.3578     1.7985     3.8584     0.7999 1.1978e+01       1776     1.2326  0.000e+00
     13.097   64.66890 -168.23718     13.226     6.0617     6.0567     6.0607    31.8152    31.8274  1025.0906    25.0295    291.669    278.032  306.99562     95.007     90.563     0.3590     1.8058     3.8584     0.7999 1.2012e+01       1777     1.2333  0.000e+00
     13.158   64.66890 -168.23718     13.289     6.0590     6.0568     6.0580    31.8172    31.8276  1025.0928    25.0314    291.676    278.039  307.01051     95.005     90.566     0.3578     1.7985     3.8584     0.7999 1.1978e+01       1778     1.2340  0.000e+00
     13.097   64.66890 -168.23718     13.226     6.0574     6.0572     6.0563    31.8180    31.8275  1025.0933    25.0322    291.673    278.041  307.02039     95.001     90.567     0.3590     1.8058     3.8584     0.7999 1.2012e+01       1779     1.2347  0.000e+00
     13.158   64.66890 -168.23718     13.289     6.0588     6.0575     6.0577    31.8166    31.8273  1025.0924    25.0310    291.659    278.049  307.01361     94.999     90.570     0.3578     1.7985     3.8584     0.7999 1.2012e+01       1780     1.2354  0.000e+00
     13.127   64.66890 -168.23718     13.258     6.0595     6.0579     6.0584    31.8161    31.8269  1025.0917    25.0304    291.645    278.054  307.00981     94.995     90.572     0.3590     1.8058     3.8584     0.7999 1.2047e+01       1781     1.2361  0.000e+00
     13.158   64.66890 -168.23718     13.289     6.0596     6.0577     6.0586    31.8155    31.8273  1025.0914    25.0300    291.640    277.868  307.00993     94.994     90.512     0.3578     1.7985     3.8584     0.7999 1.2047e+01       1782     1.2368  0.000e+00
     13.158   64.66890 -168.23718     13.289     6.0606     6.0575     6.0595    31.8145    31.8276  1025.0905    25.0291    291.825    277.861  307.00531     95.055     90.509     0.3578     1.7985     3.8584     0.7999 1.2047e+01       1783     1.2375  0.000e+00
     13.158   64.66890 -168.23718     13.289     6.0609     6.0576     6.0598    31.8138    31.8273  1025.0899    25.0285    291.847    277.854  307.00481     95.063     90.507     0.3590     1.8058     3.8584     0.7999 1.2081e+01       1784     1.2382  0.000e+00
     13.158   64.66890 -168.23718     13.289     6.0600     6.0572     6.0589    31.8147    31.8281  1025.0907    25.0293    291.874    277.850  307.00926     95.070     90.505     0.3578     1.7985     3.8584     0.7999 1.2081e+01       1785     1.2389  0.000e+00
     13.158   64.66890 -168.23718     13.289     6.0595     6.0572     6.0584    31.8153    31.8277  1025.0912    25.0298    291.702    277.829  307.01165     95.013     90.498     0.3590     1.8058     3.8584     0.7999 1.2081e+01       1786     1.2396  0.000e+00
     13.127   64.66890 -168.23718     13.257     6.0585     6.0572     6.0575    31.8164    31.8273  1025.0921    25.0308    291.898    277.610  307.01607     95.076     90.427     0.3578     1.7985     3.8584     0.7999 1.2115e+01       1787     1.2403  0.000e+00
     13.158   64.66890 -168.23718     13.289     6.0575     6.0572     6.0565    31.8169    31.8275  1025.0928    25.0314    291.928    277.552  307.02176     95.084     90.408     0.3602     1.8132     3.8584     0.7999 1.2115e+01       1788     1.2410  0.000e+00
     13.212   64.66890 -168.23718     13.343     6.0563     6.0575     6.0552    31.8178    31.8280  1025.0938    25.0322    291.961    277.513  307.02902     95.092     90.396     0.3614     1.8205     3.8584     0.7999 1.2115e+01       1789     1.2417  0.000e+00
     13.158   64.66890 -168.23718     13.289     6.0555     6.0577     6.0544    31.8182    31.8279  1025.0940    25.0326    291.987    277.473  307.03342     95.100     90.383     0.3614     1.8205     3.8584     0.7999 1.2115e+01       1790     1.2424  0.000e+00
     13.212   64.66890 -168.23718     13.343     6.0557     6.0576     6.0546    31.8188    31.8276  1025.0947    25.0331    292.010    277.263  307.03098     95.108     90.315     0.3626     1.8278     3.8584     0.7999 1.2150e+01       1791     1.2431  0.000e+00
     13.158   64.66890 -168.23718     13.289     6.0575     6.0575     6.0565    31.8186    31.8279  1025.0941    25.0327    292.018    277.210  307.01787     95.114     90.297     0.3614     1.8205     3.8584     0.7999 1.2150e+01       1792     1.2437  0.000e+00
     13.181   64.66890 -168.23718     13.312     6.0596     6.0576     6.0586    31.8179    31.8277  1025.0934    25.0319    292.027    276.984  307.00460     95.122     90.224     0.3626     1.8278     3.8584     0.7999 1.2150e+01       1793     1.2444  0.000e+00
     13.158   64.66890 -168.23718     13.289     6.0598     6.0580     6.0587    31.8174    31.8274  1025.0929    25.0315    292.050    276.917  307.00459     95.129     90.202     0.3614     1.8205     3.8584     0.7999 1.2150e+01       1794     1.2451  0.000e+00
     13.212   64.66890 -168.23718     13.343     6.0585     6.0581     6.0574    31.8175    31.8273  1025.0934    25.0317    292.084    276.838  307.01340     95.137     90.177     0.3614     1.8205     3.8584     0.7999 1.2150e+01       1795     1.2458  0.000e+00
     13.212   64.66890 -168.23718     13.343     6.0573     6.0582     6.0562    31.8180    31.8273  1025.0939    25.0322    292.116    276.760  307.02120     95.145     90.152     0.3614     1.8205     3.8571     0.8012 1.2184e+01       1796     1.2465  0.000e+00
     13.212   64.66890 -168.23718     13.343     6.0569     6.0585     6.0559    31.8180    31.8270  1025.0939    25.0323    292.142    276.701  307.02378     95.153     90.133     0.3614     1.8205     3.8571     0.8012 1.2150e+01       1797     1.2472  0.000e+00
     13.212   64.66890 -168.23718     13.343     6.0564     6.0586     6.0554    31.8179    31.8271  1025.0940    25.0323    292.169    276.647  307.02747     95.161     90.116     0.3626     1.8278     3.8571     0.8012 1.2184e+01       1798     1.2479  0.000e+00
     13.181   64.66890 -168.23718     13.312     6.0560     6.0587     6.0549    31.8185    31.8269  1025.0943    25.0328    292.194    276.595  307.02957     95.168     90.099     0.3614     1.8205     3.8559     0.8024 1.2184e+01       1799     1.2486  0.000e+00
     13.212   64.66890 -168.23718     13.343     6.0558     6.0585     6.0547    31.8186    31.8265  1025.0946    25.0329    292.190    276.551  307.03029     95.166     90.084     0.3626     1.8278     3.8571     0.8012 1.2184e+01       1800     1.2493  0.000e+00
     13.212   64.66890 -168.23718     13.343     6.0558     6.0573     6.0547    31.8186    31.8272  1025.0946    25.0329    292.212    276.513  307.03029     95.174     90.069     0.3614     1.8205     3.8559     0.8024 1.2150e+01       1801     1.2500  0.000e+00
     13.212   64.66890 -168.23718     13.343     6.0558     6.0563     6.0547    31.8183    31.8271  1025.0943    25.0326    292.235    276.479  307.03116     95.181     90.056     0.3626     1.8278     3.8559     0.8024 1.2150e+01       1802     1.2507  0.000e+00
     13.266   64.66890 -168.23718     13.398     6.0554     6.0550     6.0543    31.8185    31.8270  1025.0948    25.0329    292.262    276.452  307.03387     95.189     90.044     0.3614     1.8205     3.8571     0.8012 1.2150e+01       1803     1.2514  0.000e+00
     13.212   64.66890 -168.23718     13.343     6.0550     6.0542     6.0539    31.8189    31.8270  1025.0949    25.0332    292.284    276.243  307.03561     95.196     89.975     0.3614     1.8205     3.8571     0.8012 1.2150e+01       1804     1.2521  0.000e+00
     13.243   64.66890 -168.23718     13.374     6.0550     6.0536     6.0539    31.8189    31.8270  1025.0950    25.0332    292.111    276.376  307.03556     95.139     90.017     0.3614     1.8205     3.8571     0.8012 1.2150e+01       1805     1.2528  0.000e+00
     13.212   64.66890 -168.23718     13.343     6.0548     6.0520     6.0538    31.8186    31.8275  1025.0947    25.0330    292.303    276.197  307.03733     95.201     89.956     0.3626     1.8278     3.8571     0.8012 1.2150e+01       1806     1.2535  0.000e+00
     13.266   64.66890 -168.23718     13.397     6.0545     6.0507     6.0535    31.8187    31.8280  1025.0950    25.0331    292.527    276.343  307.03928     95.274     90.001     0.3626     1.8278     3.8571     0.8012 1.2115e+01       1807     1.2542  0.000e+00
     13.266   64.66890 -168.23718     13.397     6.0544     6.0485     6.0533    31.8187    31.8289  1025.0950    25.0331    292.353    276.158  307.04048     95.216     89.936     0.3614     1.8205     3.8571     0.8012 1.2115e+01       1808     1.2549  0.000e+00
     13.266   64.66888 -168.23718     13.397     6.0545     6.0468     6.0535    31.8185    31.8296  1025.0949    25.0330    292.373    276.133  307.03980     95.223     89.925     0.3626     1.8278     3.8571     0.8012 1.2081e+01       1809     1.2556  0.000e+00
     13.266   64.66888 -168.23718     13.397     6.0548     6.0471     6.0538    31.8175    31.8298  1025.0941    25.0321    292.394    276.295  307.03981     95.230     89.979     0.3614     1.8205     3.8571     0.8012 1.2115e+01       1810     1.2563  0.000e+00
     13.243   64.66888 -168.23718     13.374     6.0547     6.0484     6.0536    31.8169    31.8295  1025.0935    25.0317    292.416    276.295  307.04237     95.237     89.981     0.3626     1.8278     3.8571     0.8012 1.2081e+01       1811     1.2569  0.000e+00
