EcoFOCI/data/1_SampleCollection/2023_SikuliaqDBO_CruiseData/CTD_raw_BottleFile_SKQ23-12S/proc/skq202312s_076svp.cnv
* Sea-Bird SBE 9 Data File:
* FileName = D:\CTD\SKQ202312S\SKQ202312S_076.hex
* Software Version Seasave V 7.26.7.121
* Temperature SN = 6177
* Conductivity SN = 0369
* Number of Bytes Per Scan = 41
* Number of Voltage Words = 4
* Number of Scans Averaged by the Deck Unit = 1
* NMEA Latitude = 68 18.13 N
* NMEA Longitude = 166 55.58 W
* NMEA UTC (Time) = Oct 02 2023  08:17:28
* NMEA baud rate = 4800
** Ship: R/V Sikuliaq
** Station Number: 076
** Station Name: DBO3.1
** Bottom Depth: 34
** Operator: SD
# nquan = 7
# nvalues = 4366                                  
# units = specified
# name 0 = depSM: Depth [salt water, m]
# name 1 = latitude: Latitude [deg]
# name 2 = longitude: Longitude [deg]
# name 3 = t090C: Temperature [ITS-90, deg C]
# name 4 = sal00: Salinity, Practical [PSU]
# name 5 = svCM: Sound Velocity [Chen-Millero, m/s]
# name 6 = flag:  0.000e+00
# span 0 =      1.782,     29.736                 
# span 1 =   68.30194,   68.30202                 
# span 2 = -166.92538, -166.92412                 
# span 3 =     4.8244,     8.0163                 
# span 4 =    25.4268,    31.8301                 
# span 5 =    1464.03,    1474.87                 
# span 6 = 0.0000e+00, 0.0000e+00                 
# interval = seconds: 0.0416667
# start_time = Oct 02 2023 08:20:24 [NMEA time, first data scan]
# bad_flag = -9.990e-29
*END*
[from data line 3693]
     29.458   68.30196 -166.92422     4.8304    31.8201    1466.47  0.000e+00
     29.559   68.30196 -166.92422     4.8299    31.8204    1466.47  0.000e+00
     29.566   68.30196 -166.92422     4.8296    31.8208    1466.47  0.000e+00
     29.497   68.30196 -166.92422     4.8295    31.8210    1466.47  0.000e+00
     29.566   68.30196 -166.92422     4.8293    31.8216    1466.47  0.000e+00
     29.559   68.30196 -166.92422     4.8291    31.8215    1466.47  0.000e+00
     29.566   68.30196 -166.92422     4.8290    31.8215    1466.47  0.000e+00
     29.559   68.30196 -166.92422     4.8288    31.8212    1466.47  0.000e+00
     29.566   68.30196 -166.92422     4.8283    31.8217    1466.46  0.000e+00
     29.566   68.30196 -166.92420     4.8284    31.8218    1466.47  0.000e+00
     29.613   68.30196 -166.92420     4.8283    31.8216    1466.47  0.000e+00
     29.566   68.30196 -166.92420     4.8282    31.8217    1466.46  0.000e+00
     29.613   68.30196 -166.92420     4.8282    31.8219    1466.47  0.000e+00
     29.566   68.30196 -166.92420     4.8283    31.8220    1466.47  0.000e+00
     29.612   68.30196 -166.92420     4.8282    31.8220    1466.47  0.000e+00
     29.566   68.30196 -166.92420     4.8282    31.8219    1466.46  0.000e+00
     29.612   68.30196 -166.92420     4.8282    31.8215    1466.46  0.000e+00
     29.628   68.30196 -166.92420     4.8280    31.8217    1466.46  0.000e+00
     29.612   68.30196 -166.92420     4.8283    31.8215    1466.47  0.000e+00
     29.628   68.30196 -166.92420     4.8280    31.8220    1466.47  0.000e+00
     29.566   68.30196 -166.92420     4.8282    31.8213    1466.46  0.000e+00
     29.612   68.30196 -166.92420     4.8282    31.8215    1466.46  0.000e+00
     29.628   68.30196 -166.92420     4.8283    31.8217    1466.47  0.000e+00
     29.612   68.30196 -166.92420     4.8280    31.8214    1466.46  0.000e+00
     29.628   68.30196 -166.92420     4.8282    31.8217    1466.47  0.000e+00
     29.612   68.30196 -166.92420     4.8278    31.8218    1466.46  0.000e+00
     29.566   68.30196 -166.92420     4.8278    31.8218    1466.46  0.000e+00
     29.612   68.30196 -166.92420     4.8278    31.8219    1466.46  0.000e+00
     29.628   68.30196 -166.92420     4.8277    31.8219    1466.46  0.000e+00
     29.558   68.30196 -166.92420     4.8280    31.8215    1466.46  0.000e+00
     29.628   68.30196 -166.92420     4.8280    31.8217    1466.46  0.000e+00
     29.566   68.30196 -166.92420     4.8280    31.8216    1466.46  0.000e+00
     29.558   68.30196 -166.92420     4.8281    31.8219    1466.46  0.000e+00
     29.628   68.30196 -166.92420     4.8282    31.8215    1466.47  0.000e+00
     29.558   68.30196 -166.92420     4.8280    31.8220    1466.46  0.000e+00
     29.566   68.30196 -166.92420     4.8282    31.8213    1466.46  0.000e+00
     29.558   68.30196 -166.92420     4.8282    31.8215    1466.46  0.000e+00
     29.566   68.30196 -166.92420     4.8280    31.8216    1466.46  0.000e+00
     29.558   68.30196 -166.92420     4.8279    31.8212    1466.46  0.000e+00
     29.566   68.30196 -166.92420     4.8277    31.8211    1466.46  0.000e+00
     29.496   68.30196 -166.92420     4.8272    31.8211    1466.46  0.000e+00
     29.512   68.30196 -166.92420     4.8272    31.8214    1466.46  0.000e+00
     29.512   68.30196 -166.92420     4.8269    31.8218    1466.46  0.000e+00
     29.558   68.30196 -166.92420     4.8269    31.8220    1466.46  0.000e+00
     29.458   68.30196 -166.92420     4.8268    31.8222    1466.46  0.000e+00
     29.496   68.30196 -166.92420     4.8270    31.8217    1466.46  0.000e+00
     29.512   68.30196 -166.92420     4.8270    31.8221    1466.46  0.000e+00
     29.442   68.30196 -166.92420     4.8273    31.8226    1466.46  0.000e+00
     29.512   68.30196 -166.92420     4.8277    31.8223    1466.46  0.000e+00
     29.442   68.30196 -166.92420     4.8279    31.8224    1466.46  0.000e+00
     29.396   68.30196 -166.92420     4.8280    31.8225    1466.46  0.000e+00
     29.442   68.30196 -166.92420     4.8285    31.8220    1466.46  0.000e+00
     29.396   68.30196 -166.92420     4.8286    31.8221    1466.46  0.000e+00
     29.458   68.30196 -166.92420     4.8286    31.8225    1466.47  0.000e+00
     29.380   68.30196 -166.92420     4.8290    31.8226    1466.47  0.000e+00
     29.342   68.30196 -166.92420     4.8292    31.8225    1466.47  0.000e+00
     29.380   68.30196 -166.92420     4.8296    31.8223    1466.47  0.000e+00
     29.396   68.30196 -166.92420     4.8301    31.8219    1466.47  0.000e+00
     29.326   68.30196 -166.92420     4.8302    31.8216    1466.47  0.000e+00
     29.342   68.30196 -166.92420     4.8302    31.8215    1466.47  0.000e+00
     29.326   68.30196 -166.92420     4.8302    31.8211    1466.47  0.000e+00
     29.342   68.30196 -166.92420     4.8302    31.8210    1466.47  0.000e+00
     29.265   68.30196 -166.92420     4.8299    31.8213    1466.47  0.000e+00
     29.280   68.30196 -166.92420     4.8297    31.8220    1466.47  0.000e+00
     29.326   68.30196 -166.92420     4.8301    31.8219    1466.47  0.000e+00
     29.280   68.30196 -166.92420     4.8302    31.8222    1466.47  0.000e+00
     29.226   68.30196 -166.92420     4.8306    31.8218    1466.47  0.000e+00
     29.265   68.30196 -166.92420     4.8307    31.8217    1466.47  0.000e+00
     29.226   68.30196 -166.92420     4.8310    31.8215    1466.47  0.000e+00
     29.265   68.30196 -166.92420     4.8310    31.8218    1466.47  0.000e+00
     29.226   68.30196 -166.92420     4.8315    31.8216    1466.47  0.000e+00
     29.211   68.30196 -166.92420     4.8315    31.8217    1466.47  0.000e+00
     29.172   68.30196 -166.92420     4.8317    31.8216    1466.47  0.000e+00
     29.211   68.30196 -166.92420     4.8320    31.8217    1466.47  0.000e+00
     29.172   68.30196 -166.92420     4.8323    31.8220    1466.48  0.000e+00
     29.211   68.30196 -166.92420     4.8326    31.8216    1466.48  0.000e+00
     29.172   68.30196 -166.92420     4.8328    31.8220    1466.48  0.000e+00
     29.156   68.30196 -166.92420     4.8334    31.8218    1466.48  0.000e+00
     29.172   68.30196 -166.92420     4.8337    31.8218    1466.48  0.000e+00
     29.110   68.30196 -166.92420     4.8339    31.8213    1466.48  0.000e+00
     29.156   68.30196 -166.92420     4.8341    31.8207    1466.48  0.000e+00
     29.172   68.30196 -166.92420     4.8342    31.8207    1466.48  0.000e+00
     29.095   68.30196 -166.92420     4.8344    31.8204    1466.48  0.000e+00
     29.172   68.30196 -166.92420     4.8342    31.8207    1466.48  0.000e+00
     29.095   68.30196 -166.92420     4.8341    31.8204    1466.48  0.000e+00
     29.110   68.30196 -166.92420     4.8336    31.8206    1466.48  0.000e+00
     29.095   68.30196 -166.92420     4.8336    31.8202    1466.48  0.000e+00
     29.110   68.30196 -166.92420     4.8334    31.8198    1466.48  0.000e+00
     29.156   68.30196 -166.92420     4.8329    31.8210    1466.48  0.000e+00
     29.056   68.30196 -166.92420     4.8331    31.8209    1466.48  0.000e+00
     29.095   68.30196 -166.92420     4.8329    31.8208    1466.47  0.000e+00
     29.110   68.30196 -166.92420     4.8331    31.8210    1466.48  0.000e+00
     29.110   68.30196 -166.92420     4.8332    31.8212    1466.48  0.000e+00
     29.095   68.30196 -166.92420     4.8334    31.8211    1466.48  0.000e+00
     29.056   68.30196 -166.92420     4.8336    31.8209    1466.48  0.000e+00
     29.156   68.30196 -166.92420     4.8336    31.8209    1466.48  0.000e+00
     29.056   68.30196 -166.92420     4.8336    31.8209    1466.48  0.000e+00
     29.095   68.30196 -166.92420     4.8334    31.8213    1466.48  0.000e+00
     29.110   68.30196 -166.92420     4.8336    31.8212    1466.48  0.000e+00
     29.095   68.30196 -166.92420     4.8337    31.8212    1466.48  0.000e+00
     29.110   68.30196 -166.92420     4.8337    31.8213    1466.48  0.000e+00
     29.094   68.30196 -166.92420     4.8342    31.8209    1466.48  0.000e+00
     29.110   68.30196 -166.92420     4.8341    31.8210    1466.48  0.000e+00
     29.094   68.30196 -166.92420     4.8344    31.8207    1466.48  0.000e+00
     29.110   68.30196 -166.92420     4.8345    31.8207    1466.48  0.000e+00
     29.094   68.30196 -166.92420     4.8348    31.8208    1466.48  0.000e+00
     29.110   68.30196 -166.92420     4.8351    31.8199    1466.48  0.000e+00
     29.172   68.30196 -166.92420     4.8353    31.8201    1466.49  0.000e+00
     29.094   68.30196 -166.92420     4.8352    31.8203    1466.48  0.000e+00
     29.110   68.30196 -166.92420     4.8351    31.8205    1466.48  0.000e+00
     29.156   68.30196 -166.92420     4.8355    31.8200    1466.49  0.000e+00
     29.171   68.30196 -166.92420     4.8356    31.8202    1466.49  0.000e+00
     29.156   68.30196 -166.92420     4.8356    31.8203    1466.49  0.000e+00
     29.171   68.30196 -166.92420     4.8357    31.8198    1466.49  0.000e+00
     29.210   68.30196 -166.92420     4.8356    31.8200    1466.49  0.000e+00
     29.171   68.30196 -166.92420     4.8358    31.8201    1466.49  0.000e+00
     29.156   68.30196 -166.92420     4.8359    31.8200    1466.49  0.000e+00
     29.171   68.30196 -166.92420     4.8358    31.8199    1466.49  0.000e+00
     29.210   68.30196 -166.92420     4.8358    31.8198    1466.49  0.000e+00
     29.279   68.30196 -166.92420     4.8356    31.8202    1466.49  0.000e+00
     29.171   68.30196 -166.92420     4.8358    31.8199    1466.49  0.000e+00
     29.264   68.30196 -166.92420     4.8358    31.8201    1466.49  0.000e+00
     29.225   68.30196 -166.92420     4.8359    31.8198    1466.49  0.000e+00
     29.264   68.30196 -166.92420     4.8358    31.8198    1466.49  0.000e+00
     29.279   68.30196 -166.92420     4.8356    31.8200    1466.49  0.000e+00
     29.264   68.30196 -166.92420     4.8358    31.8199    1466.49  0.000e+00
     29.279   68.30196 -166.92420     4.8355    31.8202    1466.49  0.000e+00
     29.326   68.30196 -166.92420     4.8356    31.8191    1466.49  0.000e+00
     29.279   68.30196 -166.92420     4.8355    31.8201    1466.49  0.000e+00
     29.325   68.30196 -166.92420     4.8350    31.8195    1466.49  0.000e+00
     29.341   68.30196 -166.92420     4.8348    31.8191    1466.48  0.000e+00
     29.325   68.30196 -166.92420     4.8345    31.8189    1466.48  0.000e+00
     29.341   68.30196 -166.92420     4.8337    31.8187    1466.48  0.000e+00
     29.395   68.30196 -166.92420     4.8328    31.8193    1466.48  0.000e+00
     29.379   68.30196 -166.92420     4.8319    31.8193    1466.47  0.000e+00
     29.395   68.30196 -166.92420     4.8310    31.8196    1466.47  0.000e+00
     29.379   68.30196 -166.92420     4.8302    31.8197    1466.47  0.000e+00
     29.395   68.30196 -166.92420     4.8297    31.8195    1466.47  0.000e+00
     29.441   68.30196 -166.92420     4.8291    31.8200    1466.46  0.000e+00
     29.456   68.30196 -166.92420     4.8284    31.8205    1466.46  0.000e+00
     29.441   68.30196 -166.92420     4.8282    31.8204    1466.46  0.000e+00
     29.456   68.30196 -166.92420     4.8277    31.8208    1466.46  0.000e+00
     29.441   68.30196 -166.92420     4.8270    31.8214    1466.46  0.000e+00
     29.456   68.30196 -166.92420     4.8272    31.8211    1466.46  0.000e+00
     29.510   68.30196 -166.92420     4.8269    31.8215    1466.46  0.000e+00
     29.495   68.30196 -166.92420     4.8268    31.8216    1466.46  0.000e+00
     29.510   68.30196 -166.92420     4.8267    31.8217    1466.46  0.000e+00
     29.495   68.30196 -166.92420     4.8264    31.8222    1466.46  0.000e+00
     29.510   68.30196 -166.92420     4.8266    31.8219    1466.46  0.000e+00
     29.557   68.30196 -166.92420     4.8264    31.8217    1466.46  0.000e+00
     29.510   68.30196 -166.92420     4.8263    31.8219    1466.46  0.000e+00
     29.557   68.30196 -166.92420     4.8262    31.8219    1466.46  0.000e+00
     29.510   68.30196 -166.92420     4.8261    31.8222    1466.46  0.000e+00
     29.557   68.30196 -166.92420     4.8263    31.8221    1466.46  0.000e+00
     29.564   68.30196 -166.92420     4.8261    31.8224    1466.46  0.000e+00
     29.564   68.30196 -166.92420     4.8263    31.8222    1466.46  0.000e+00
     29.611   68.30196 -166.92420     4.8261    31.8220    1466.46  0.000e+00
     29.510   68.30196 -166.92420     4.8262    31.8217    1466.46  0.000e+00
     29.611   68.30196 -166.92420     4.8263    31.8219    1466.46  0.000e+00
     29.564   68.30196 -166.92420     4.8259    31.8222    1466.46  0.000e+00
     29.611   68.30196 -166.92420     4.8261    31.8224    1466.46  0.000e+00
     29.626   68.30196 -166.92420     4.8261    31.8223    1466.46  0.000e+00
     29.556   68.30196 -166.92420     4.8261    31.8225    1466.46  0.000e+00
     29.626   68.30196 -166.92420     4.8262    31.8226    1466.46  0.000e+00
     29.610   68.30196 -166.92420     4.8261    31.8222    1466.46  0.000e+00
     29.564   68.30196 -166.92420     4.8261    31.8222    1466.46  0.000e+00
     29.626   68.30196 -166.92420     4.8258    31.8221    1466.46  0.000e+00
     29.610   68.30196 -166.92420     4.8256    31.8219    1466.45  0.000e+00
     29.626   68.30196 -166.92420     4.8258    31.8215    1466.46  0.000e+00
     29.664   68.30196 -166.92420     4.8253    31.8221    1466.45  0.000e+00
     29.564   68.30196 -166.92420     4.8250    31.8223    1466.45  0.000e+00
     29.610   68.30196 -166.92420     4.8250    31.8222    1466.45  0.000e+00
     29.626   68.30196 -166.92420     4.8250    31.8220    1466.45  0.000e+00
     29.664   68.30196 -166.92420     4.8248    31.8222    1466.45  0.000e+00
     29.564   68.30196 -166.92420     4.8248    31.8224    1466.45  0.000e+00
     29.664   68.30196 -166.92420     4.8244    31.8229    1466.45  0.000e+00
     29.564   68.30196 -166.92420     4.8246    31.8226    1466.45  0.000e+00
     29.626   68.30196 -166.92418     4.8246    31.8225    1466.45  0.000e+00
     29.610   68.30196 -166.92418     4.8246    31.8227    1466.45  0.000e+00
     29.626   68.30196 -166.92418     4.8246    31.8224    1466.45  0.000e+00
     29.664   68.30196 -166.92418     4.8248    31.8223    1466.45  0.000e+00
     29.564   68.30196 -166.92418     4.8247    31.8224    1466.45  0.000e+00
     29.610   68.30196 -166.92418     4.8248    31.8224    1466.45  0.000e+00
     29.564   68.30196 -166.92418     4.8248    31.8226    1466.45  0.000e+00
     29.610   68.30196 -166.92418     4.8250    31.8225    1466.45  0.000e+00
     29.564   68.30196 -166.92418     4.8248    31.8225    1466.45  0.000e+00
     29.610   68.30196 -166.92418     4.8248    31.8224    1466.45  0.000e+00
     29.626   68.30196 -166.92418     4.8249    31.8222    1466.45  0.000e+00
     29.564   68.30196 -166.92418     4.8248    31.8224    1466.45  0.000e+00
     29.556   68.30196 -166.92418     4.8251    31.8227    1466.45  0.000e+00
     29.564   68.30196 -166.92418     4.8253    31.8227    1466.45  0.000e+00
     29.556   68.30196 -166.92418     4.8258    31.8223    1466.46  0.000e+00
     29.564   68.30196 -166.92418     4.8263    31.8218    1466.46  0.000e+00
     29.556   68.30196 -166.92418     4.8259    31.8215    1466.45  0.000e+00
     29.510   68.30196 -166.92418     4.8259    31.8217    1466.45  0.000e+00
     29.556   68.30196 -166.92418     4.8259    31.8214    1466.45  0.000e+00
     29.510   68.30196 -166.92418     4.8259    31.8213    1466.45  0.000e+00
     29.556   68.30196 -166.92418     4.8258    31.8212    1466.45  0.000e+00
     29.456   68.30196 -166.92418     4.8255    31.8215    1466.45  0.000e+00
     29.510   68.30196 -166.92418     4.8254    31.8215    1466.45  0.000e+00
     29.494   68.30196 -166.92418     4.8255    31.8217    1466.45  0.000e+00
     29.456   68.30196 -166.92418     4.8253    31.8219    1466.45  0.000e+00
     29.494   68.30196 -166.92418     4.8251    31.8223    1466.45  0.000e+00
     29.456   68.30196 -166.92418     4.8253    31.8222    1466.45  0.000e+00
