EcoFOCI/data/1_SampleCollection/2023_SikuliaqDBO_CruiseData/CTD_raw_BottleFile_SKQ23-12S/proc/skq202312s_013.cnv
* Sea-Bird SBE 9 Data File:
* FileName = D:\CTD\SKQ202312S\SKQ202312S_013.hex
* Software Version Seasave V 7.26.7.121
* Temperature SN = 6177
* Conductivity SN = 0369
* Number of Bytes Per Scan = 41
* Number of Voltage Words = 4
* Number of Scans Averaged by the Deck Unit = 1
* NMEA Latitude = 64 40.35 N
* NMEA Longitude = 170 15.80 W
* NMEA UTC (Time) = Sep 17 2023  06:56:27
* NMEA baud rate = 4800
** Ship: R/V Sikuliaq
** Station Number: 013
** Station Name: DBO2.0a
** Bottom Depth: 48
** Operator: SS
# nquan = 24
# nvalues = 5338                                  
# units = specified
# name 0 = depSM: Depth [salt water, m]
# name 1 = latitude: Latitude [deg]
# name 2 = longitude: Longitude [deg]
# name 3 = prDM: Pressure, Digiquartz [db]
# name 4 = t090C: Temperature [ITS-90, deg C]
# name 5 = t190C: Temperature, 2 [ITS-90, deg C]
# name 6 = potemp090C: Potential Temperature [ITS-90, deg C]
# name 7 = sal00: Salinity, Practical [PSU]
# name 8 = sal11: Salinity, Practical, 2 [PSU]
# name 9 = density00: Density [density, kg/m^3]
# name 10 = sigma-é00: Density [sigma-theta, kg/m^3]
# name 11 = sbox0Mm/Kg: Oxygen, SBE 43 [umol/kg]
# name 12 = sbox1Mm/Kg: Oxygen, SBE 43, 2 [umol/kg]
# name 13 = oxsolMm/Kg: Oxygen Saturation, Garcia & Gordon [umol/kg]
# name 14 = sbeox0PS: Oxygen, SBE 43 [% saturation]
# name 15 = sbeox1PS: Oxygen, SBE 43, 2 [% saturation]
# name 16 = v0: Voltage 0
# name 17 = flECO-AFL: Fluorescence, WET Labs ECO-AFL/FL [mg/m^3]
# name 18 = v1: Voltage 1
# name 19 = CStarAt0: Beam Attenuation, WET Labs C-Star [1/m]
# name 20 = par: PAR/Irradiance, Biospherical/Licor
# name 21 = scan: Scan Count
# name 22 = timeM: Time, Elapsed [minutes]
# name 23 = flag:  0.000e+00
# span 0 =      2.165,     42.804                 
# span 1 =   64.67240,   64.67252                 
# span 2 = -170.26266, -170.26226                 
# span 3 =      2.187,     43.232                 
# span 4 =     2.5407,     3.0979                 
# span 5 =     2.5418,     3.0987                 
# span 6 =     2.5405,     3.0965                 
# span 7 =    32.7071,    33.0540                 
# span 8 =    32.7177,    33.0637                 
# span 9 =  1026.1044,  1026.5316                 
# span 10 =    26.0933,    26.3296                
# span 11 =    216.324,    306.337                
# span 12 =    204.806,    292.701                
# span 13 =  326.60286,  331.97288                
# span 14 =     66.127,     92.339                
# span 15 =     62.613,     88.186                
# span 16 =     0.1868,     1.3614                
# span 17 =     0.7729,     7.8205                
# span 18 =     3.3993,     3.8181                
# span 19 =     0.8419,     1.3068                
# span 20 = 1.0000e-12, 4.9402e-01                
# span 21 =          1,       5338                
# span 22 =     0.0000,     3.7062                
# span 23 = 0.0000e+00, 0.0000e+00                
# interval = seconds: 0.0416667
# start_time = Sep 17 2023 07:00:46 [NMEA time, first data scan]
# bad_flag = -9.990e-29
*END*
[from data line 2114]
     20.624   64.67242 -170.26244     20.828     3.0899     3.0909     3.0887    33.0227    33.0312  1026.3967    26.2991    254.286    243.951  326.70349     77.834     74.677     0.4908     2.5971     3.7546     0.9090 1.0000e-12       2115     1.4681  0.000e+00
     20.570   64.67242 -170.26244     20.774     3.0902     3.0914     3.0890    33.0230    33.0312  1026.3967    26.2993    254.143    243.868  326.70025     77.791     74.652     0.4908     2.5971     3.7558     0.9077 1.0000e-12       2116     1.4688  0.000e+00
     20.647   64.67242 -170.26244     20.852     3.0904     3.0916     3.0892    33.0234    33.0322  1026.3974    26.2996    254.039    243.792  326.69786     77.759     74.630     0.4908     2.5971     3.7546     0.9090 1.0000e-12       2117     1.4694  0.000e+00
     20.685   64.67242 -170.26244     20.891     3.0908     3.0917     3.0896    33.0238    33.0328  1026.3978    26.2999    253.930    243.697  326.69345     77.727     74.602     0.4908     2.5971     3.7546     0.9090 1.0000e-12       2118     1.4701  0.000e+00
     20.685   64.67242 -170.26244     20.891     3.0912     3.0922     3.0899    33.0240    33.0327  1026.3979    26.2999    254.035    243.602  326.69058     77.760     74.574     0.4908     2.5971     3.7546     0.9090 1.0000e-12       2119     1.4708  0.000e+00
     20.708   64.67242 -170.26244     20.914     3.0915     3.0923     3.0903    33.0242    33.0331  1026.3982    26.3001    253.921    243.489  326.68734     77.726     74.539     0.4908     2.5971     3.7546     0.9090 1.0000e-12       2120     1.4715  0.000e+00
     20.801   64.67242 -170.26244     21.007     3.0915     3.0928     3.0902    33.0247    33.0328  1026.3990    26.3005    253.842    243.402  326.68627     77.702     74.513     0.4908     2.5971     3.7546     0.9090 1.0000e-12       2121     1.4722  0.000e+00
     20.762   64.67242 -170.26244     20.969     3.0920     3.0928     3.0908    33.0240    33.0335  1026.3982    26.2999    253.720    243.292  326.68357     77.665     74.480     0.4908     2.5971     3.7546     0.9090 1.0000e-12       2122     1.4729  0.000e+00
     20.855   64.67242 -170.26244     21.062     3.0920     3.0931     3.0907    33.0249    33.0334  1026.3994    26.3007    253.597    243.404  326.68168     77.628     74.515     0.4908     2.5971     3.7546     0.9090 1.0000e-12       2123     1.4736  0.000e+00
     20.855   64.67242 -170.26244     21.062     3.0920     3.0931     3.0907    33.0251    33.0339  1026.3996    26.3008    253.685    243.322  326.68118     77.655     74.490     0.4908     2.5971     3.7546     0.9090 1.0000e-12       2124     1.4743  0.000e+00
     20.878   64.67242 -170.26244     21.085     3.0923     3.0933     3.0910    33.0248    33.0339  1026.3994    26.3005    253.585    243.241  326.67945     77.625     74.466     0.4579     2.3993     3.7546     0.9090 1.0000e-12       2125     1.4750  0.000e+00
     20.909   64.67242 -170.26244     21.117     3.0923     3.0934     3.0910    33.0245    33.0340  1026.3993    26.3003    253.481    243.354  326.68009     77.593     74.501     0.4261     2.2088     3.7643     0.8986 1.0000e-12       2126     1.4757  0.000e+00
     20.971   64.67242 -170.26244     21.179     3.0923     3.0934     3.0910    33.0246    33.0341  1026.3996    26.3003    253.156    243.492  326.68007     77.494     74.543     0.4200     2.1721     3.7705     0.8921 1.0000e-12       2127     1.4764  0.000e+00
     20.932   64.67242 -170.26244     21.140     3.0924     3.0933     3.0912    33.0250    33.0345  1026.3997    26.3006    253.435    243.455  326.67773     77.580     74.531     0.4212     2.1795     3.7717     0.8908 1.0000e-12       2128     1.4771  0.000e+00
     20.971   64.67242 -170.26244     21.179     3.0924     3.0934     3.0912    33.0254    33.0344  1026.4003    26.3010    253.348    243.395  326.67668     77.553     74.513     0.4237     2.1941     3.7705     0.8921 1.0000e-12       2129     1.4778  0.000e+00
     20.994   64.67242 -170.26244     21.202     3.0929     3.0939     3.0916    33.0254    33.0342  1026.4004    26.3010    253.251    243.332  326.67316     77.524     74.495     0.4225     2.1868     3.7705     0.8921 1.0000e-12       2130     1.4785  0.000e+00
     21.025   64.67242 -170.26244     21.233     3.0929     3.0940     3.0916    33.0257    33.0346  1026.4007    26.3011    253.149    243.267  326.67259     77.493     74.475     0.4237     2.1941     3.7705     0.8921 1.0000e-12       2131     1.4792  0.000e+00
     20.971   64.67242 -170.26244     21.179     3.0929     3.0943     3.0916    33.0261    33.0347  1026.4008    26.3015    253.037    243.198  326.67162     77.459     74.455     0.4225     2.1868     3.7705     0.8921 1.0000e-12       2132     1.4799  0.000e+00
     21.102   64.67242 -170.26244     21.311     3.0936     3.0943     3.0923    33.0256    33.0350  1026.4009    26.3010    253.137    243.134  326.66717     77.491     74.435     0.4225     2.1868     3.7705     0.8921 1.0000e-12       2133     1.4806  0.000e+00
     21.086   64.67242 -170.26244     21.296     3.0935     3.0943     3.0923    33.0262    33.0349  1026.4013    26.3015    253.045    243.234  326.66614     77.463     74.466     0.4225     2.1868     3.7705     0.8921 1.0000e-12       2134     1.4813  0.000e+00
     21.086   64.67242 -170.26244     21.296     3.0937     3.0945     3.0924    33.0263    33.0353  1026.4014    26.3016    253.160    243.158  326.66465     77.498     74.443     0.4225     2.1868     3.7705     0.8921 1.0000e-12       2135     1.4819  0.000e+00
     21.048   64.67242 -170.26244     21.257     3.0937     3.0945     3.0924    33.0262    33.0361  1026.4012    26.3015    253.084    243.271  326.66480     77.475     74.478     0.4237     2.1941     3.7705     0.8921 1.0000e-12       2136     1.4826  0.000e+00
     21.140   64.67242 -170.26244     21.350     3.0940     3.0949     3.0927    33.0264    33.0356  1026.4018    26.3017    253.215    243.212  326.66166     77.516     74.461     0.4225     2.1868     3.7705     0.8921 1.0000e-12       2137     1.4833  0.000e+00
     21.140   64.67242 -170.26244     21.350     3.0937     3.0950     3.0925    33.0273    33.0359  1026.4025    26.3024    253.153    243.316  326.66172     77.497     74.493     0.4225     2.1868     3.7705     0.8921 1.0000e-12       2138     1.4840  0.000e+00
     21.163   64.67242 -170.26244     21.374     3.0940     3.0951     3.0927    33.0272    33.0358  1026.4025    26.3023    253.079    243.244  326.65968     77.475     74.471     0.4225     2.1868     3.7705     0.8921 1.0000e-12       2139     1.4847  0.000e+00
     21.202   64.67242 -170.26244     21.412     3.0940     3.0950     3.0927    33.0270    33.0360  1026.4025    26.3021    253.211    243.167  326.66023     77.515     74.447     0.4225     2.1868     3.7705     0.8921 1.0000e-12       2140     1.4854  0.000e+00
     21.217   64.67242 -170.26244     21.428     3.0943     3.0954     3.0931    33.0268    33.0358  1026.4024    26.3019    253.147    243.080  326.65809     77.496     74.421     0.4225     2.1868     3.7705     0.8921 1.0000e-12       2141     1.4861  0.000e+00
     21.256   64.67242 -170.26244     21.467     3.0945     3.0956     3.0932    33.0270    33.0362  1026.4027    26.3021    253.286    243.181  326.65635     77.539     74.453     0.4237     2.1941     3.7705     0.8921 1.0000e-12       2142     1.4868  0.000e+00
     21.256   64.67242 -170.26244     21.467     3.0946     3.0954     3.0934    33.0275    33.0365  1026.4031    26.3024    253.012    243.104  326.65387     77.456     74.429     0.4225     2.1868     3.7705     0.8921 1.0000e-12       2143     1.4875  0.000e+00
     21.279   64.67242 -170.26244     21.490     3.0948     3.0958     3.0936    33.0275    33.0365  1026.4032    26.3024    252.944    243.019  326.65222     77.435     74.403     0.4225     2.1868     3.7705     0.8921 1.0000e-12       2144     1.4882  0.000e+00
     21.310   64.67242 -170.26244     21.522     3.0948     3.0961     3.0935    33.0278    33.0369  1026.4036    26.3027    253.045    242.925  326.65185     77.466     74.376     0.4225     2.1868     3.7705     0.8921 1.0000e-12       2145     1.4889  0.000e+00
     21.256   64.67242 -170.26244     21.467     3.0951     3.0962     3.0939    33.0284    33.0371  1026.4038    26.3031    252.945    242.799  326.64781     77.437     74.338     0.4225     2.1868     3.7741     0.8883 1.0000e-12       2146     1.4896  0.000e+00
     21.333   64.67242 -170.26244     21.545     3.0953     3.0964     3.0940    33.0282    33.0371  1026.4040    26.3030    253.053    242.863  326.64693     77.470     74.357     0.4237     2.1941     3.7778     0.8844 1.0000e-12       2147     1.4903  0.000e+00
     21.372   64.67242 -170.26244     21.584     3.0954     3.0964     3.0941    33.0282    33.0377  1026.4042    26.3030    252.963    242.939  326.64599     77.443     74.381     0.4225     2.1868     3.7790     0.8831 1.0000e-12       2148     1.4910  0.000e+00
     21.279   64.67242 -170.26244     21.490     3.0955     3.0964     3.0942    33.0287    33.0381  1026.4041    26.3034    253.283    242.829  326.64388     77.541     74.348     0.4225     2.1868     3.7790     0.8831 1.0000e-12       2149     1.4917  0.000e+00
     21.372   64.67242 -170.26244     21.584     3.0957     3.0964     3.0944    33.0288    33.0382  1026.4046    26.3034    253.013    242.716  326.64202     77.459     74.313     0.4164     2.1502     3.7790     0.8831 1.0000e-12       2150     1.4924  0.000e+00
     21.372   64.67242 -170.26244     21.584     3.0954     3.0962     3.0941    33.0294    33.0381  1026.4051    26.3039    253.122    242.808  326.64308     77.492     74.341     0.3871     1.9743     3.7790     0.8831 1.0000e-12       2151     1.4931  0.000e+00
     21.395   64.67242 -170.26244     21.607     3.0955     3.0964     3.0943    33.0296    33.0383  1026.4054    26.3041    253.029    242.716  326.64133     77.464     74.313     0.3736     1.8938     3.7790     0.8831 1.0000e-12       2152     1.4937  0.000e+00
     21.426   64.67242 -170.26244     21.638     3.0955     3.0967     3.0943    33.0296    33.0379  1026.4055    26.3040    253.171    242.785  326.64137     77.507     74.334     0.3736     1.8938     3.7790     0.8831 1.0000e-12       2153     1.4944  0.000e+00
     21.426   64.67242 -170.26244     21.638     3.0957     3.0965     3.0944    33.0292    33.0385  1026.4051    26.3037    253.111    242.670  326.64109     77.489     74.300     0.3748     1.9011     3.7790     0.8831 1.0000e-12       2154     1.4951  0.000e+00
     21.449   64.67242 -170.26244     21.662     3.0955     3.0969     3.0942    33.0298    33.0386  1026.4058    26.3042    253.214    242.543  326.64120     77.521     74.261     0.3761     1.9084     3.7790     0.8831 1.0000e-12       2155     1.4958  0.000e+00
     21.426   64.67242 -170.26244     21.638     3.0957     3.0967     3.0944    33.0297    33.0384  1026.4056    26.3041    253.148    242.405  326.63979     77.501     74.218     0.3761     1.9084     3.7778     0.8844 1.0000e-12       2156     1.4965  0.000e+00
     21.503   64.67242 -170.26244     21.716     3.0959     3.0965     3.0946    33.0295    33.0391  1026.4058    26.3039    253.064    242.450  326.63901     77.475     74.232     0.3761     1.9084     3.7790     0.8831 1.0000e-12       2157     1.4972  0.000e+00
     21.487   64.67242 -170.26244     21.701     3.0959     3.0967     3.0946    33.0295    33.0389  1026.4057    26.3039    252.959    242.308  326.63899     77.443     74.189     0.3761     1.9084     3.7790     0.8831 1.0000e-12       2158     1.4979  0.000e+00
     21.541   64.67242 -170.26244     21.755     3.0957     3.0969     3.0944    33.0299    33.0384  1026.4063    26.3043    253.051    242.372  326.63924     77.471     74.209     0.3748     1.9011     3.7790     0.8831 1.0000e-12       2159     1.4986  0.000e+00
     21.503   64.67242 -170.26244     21.716     3.0960     3.0967     3.0947    33.0299    33.0387  1026.4060    26.3042    253.152    242.226  326.63682     77.502     74.164     0.3748     1.9011     3.7790     0.8831 1.0000e-12       2160     1.4993  0.000e+00
     21.541   64.67242 -170.26244     21.755     3.0959     3.0969     3.0946    33.0304    33.0389  1026.4067    26.3047    253.052    242.090  326.63626     77.472     74.123     0.3748     1.9011     3.7790     0.8831 1.0000e-12       2161     1.5000  0.000e+00
     21.564   64.67242 -170.26244     21.779     3.0957     3.0965     3.0944    33.0304    33.0392  1026.4068    26.3047    253.146    242.137  326.63797     77.500     74.137     0.3761     1.9084     3.7778     0.8844 1.0000e-12       2162     1.5007  0.000e+00
     21.541   64.67242 -170.26244     21.755     3.0962     3.0965     3.0949    33.0300    33.0393  1026.4063    26.3043    253.065    241.996  326.63529     77.476     74.094     0.3748     1.9011     3.7790     0.8831 1.0000e-12       2163     1.5014  0.000e+00
     21.603   64.67242 -170.26244     21.817     3.0959     3.0965     3.0946    33.0309    33.0393  1026.4074    26.3051    253.182    241.867  326.63543     77.512     74.054     0.3761     1.9084     3.7790     0.8831 1.0000e-12       2164     1.5021  0.000e+00
     21.564   64.67242 -170.26244     21.778     3.0960     3.0965     3.0947    33.0305    33.0395  1026.4068    26.3047    253.090    241.722  326.63530     77.484     74.010     0.3761     1.9084     3.7790     0.8831 1.0000e-12       2165     1.5028  0.000e+00
     21.603   64.67242 -170.26244     21.817     3.0961     3.0969     3.0948    33.0306    33.0393  1026.4071    26.3048    252.976    241.758  326.63466     77.449     74.021     0.3748     1.9011     3.7863     0.8753 1.0000e-12       2166     1.5035  0.000e+00
     21.603   64.67242 -170.26244     21.817     3.0957     3.0967     3.0944    33.0306    33.0397  1026.4071    26.3048    253.054    241.803  326.63752     77.473     74.035     0.3761     1.9084     3.8022     0.8586 1.0000e-12       2167     1.5042  0.000e+00
     21.618   64.67242 -170.26244     21.833     3.0959     3.0967     3.0946    33.0306    33.0394  1026.4072    26.3048    252.959    241.662  326.63626     77.444     73.992     0.3748     1.9011     3.8071     0.8535 1.0000e-12       2168     1.5049  0.000e+00
     21.657   64.67242 -170.26244     21.872     3.0962     3.0969     3.0949    33.0303    33.0392  1026.4071    26.3045    252.408    241.507  326.63454     77.275     73.944     0.3761     1.9084     3.8059     0.8547 1.0000e-12       2169     1.5056  0.000e+00
     21.618   64.67242 -170.26244     21.833     3.0962     3.0969     3.0949    33.0305    33.0398  1026.4071    26.3047    252.843    241.527  326.63399     77.409     73.951     0.3748     1.9011     3.8059     0.8547 1.0000e-12       2170     1.5063  0.000e+00
     21.711   64.67242 -170.26244     21.926     3.0960     3.0969     3.0947    33.0307    33.0398  1026.4077    26.3049    252.715    241.559  326.63479     77.369     73.960     0.3761     1.9084     3.8059     0.8547 1.0000e-12       2171     1.5069  0.000e+00
     21.657   64.67242 -170.26244     21.872     3.0964     3.0970     3.0951    33.0304    33.0397  1026.4072    26.3046    252.768    241.421  326.63246     77.386     73.918     0.3748     1.9011     3.8059     0.8547 1.0000e-12       2172     1.5076  0.000e+00
     21.680   64.67242 -170.26244     21.895     3.0963     3.0973     3.0951    33.0304    33.0397  1026.4072    26.3046    252.654    241.461  326.63299     77.351     73.931     0.3761     1.9084     3.8059     0.8547 1.0000e-12       2173     1.5083  0.000e+00
