EcoFOCI/data/1_SampleCollection/2023_SikuliaqDBO_CruiseData/CTD_raw_BottleFile_SKQ23-12S/proc/skq202312s_069.ros
* Sea-Bird SBE 9 Data File:
* FileName = D:\CTD\SKQ202312S\SKQ202312S_069.hex
* Software Version Seasave V 7.26.7.121
* Temperature SN = 6177
* Conductivity SN = 0369
* Number of Bytes Per Scan = 41
* Number of Voltage Words = 4
* Number of Scans Averaged by the Deck Unit = 1
* NMEA Latitude = 67 46.99 N
* NMEA Longitude = 168 35.84 W
* NMEA UTC (Time) = Sep 30 2023  01:24:11
* NMEA baud rate = 4800
** Ship: R/V Sikuliaq
** Station Number: 069
** Station Name: DBO3.7
** Bottom Depth: 50
** Operator: SD
# nquan = 22
# nvalues = 882                                   
# units = specified
# name 0 = depSM: Depth [salt water, m]
# name 1 = latitude: Latitude [deg]
# name 2 = longitude: Longitude [deg]
# name 3 = prDM: Pressure, Digiquartz [db]
# name 4 = t090C: Temperature [ITS-90, deg C]
# name 5 = t190C: Temperature, 2 [ITS-90, deg C]
# name 6 = potemp090C: Potential Temperature [ITS-90, deg C]
# name 7 = sal00: Salinity, Practical [PSU]
# name 8 = sal11: Salinity, Practical, 2 [PSU]
# name 9 = density00: Density [density, kg/m^3]
# name 10 = sigma-é00: Density [sigma-theta, kg/m^3]
# name 11 = sbox0Mm/Kg: Oxygen, SBE 43 [umol/kg]
# name 12 = sbox1Mm/Kg: Oxygen, SBE 43, 2 [umol/kg]
# name 13 = oxsolMm/Kg: Oxygen Saturation, Garcia & Gordon [umol/kg]
# name 14 = sbeox0PS: Oxygen, SBE 43 [% saturation]
# name 15 = v0: Voltage 0
# name 16 = flECO-AFL: Fluorescence, WET Labs ECO-AFL/FL [mg/m^3]
# name 17 = CStarAt0: Beam Attenuation, WET Labs C-Star [1/m]
# name 18 = par: PAR/Irradiance, Biospherical/Licor
# name 19 = scan: Scan Count
# name 20 = nbf: Bottles Fired
# name 21 = flag:  0.000e+00
# interval = seconds: 0.0416667
# start_time = Sep 30 2023 01:27:32 [NMEA time, first data scan]
# bad_flag = -9.990e-29
*END*
[from data line 198]
     39.935   67.78284 -168.59766     40.342     3.2891     3.2903     3.2867    32.5328    32.5433  1026.0799    25.8908    221.843    211.631  326.31639     67.984     0.0879     0.1795     1.7534 3.4911e-01       8617          5  0.000e+00
     39.881   67.78284 -168.59766     40.287     3.2893     3.2901     3.2869    32.5327    32.5434  1026.0795    25.8907    222.036    211.418  326.31495     68.044     0.0879     0.1795     1.7534 3.5042e-01       8618          5  0.000e+00
     39.927   67.78284 -168.59766     40.334     3.2889     3.2900     3.2866    32.5328    32.5435  1026.0799    25.8909    221.838    211.379  326.31766     67.982     0.0879     0.1795     1.7534 3.5174e-01       8619          5  0.000e+00
     39.935   67.78284 -168.59766     40.342     3.2890     3.2903     3.2866    32.5329    32.5433  1026.0800    25.8909    221.784    211.338  326.31698     67.966     0.0879     0.1795     1.7534 3.5174e-01       8620          5  0.000e+00
     39.881   67.78284 -168.59766     40.287     3.2888     3.2902     3.2865    32.5327    32.5437  1026.0796    25.8908    221.765    211.512  326.31879     67.960     0.0867     0.1721     1.7550 3.4911e-01       8621          5  0.000e+00
     39.935   67.78284 -168.59766     40.342     3.2891     3.2900     3.2867    32.5325    32.5437  1026.0796    25.8906    221.748    211.519  326.31718     67.955     0.0879     0.1795     1.7550 3.4779e-01       8622          5  0.000e+00
     39.989   67.78284 -168.59766     40.396     3.2893     3.2902     3.2869    32.5328    32.5433  1026.0801    25.8908    221.732    211.525  326.31469     67.950     0.0867     0.1721     1.7534 3.4648e-01       8623          5  0.000e+00
     39.935   67.78284 -168.59766     40.342     3.2891     3.2903     3.2867    32.5332    32.5435  1026.0802    25.8911    221.717    211.334  326.31550     67.945     0.0879     0.1795     1.7550 3.4779e-01       8624          5  0.000e+00
     39.881   67.78284 -168.59766     40.287     3.2892     3.2903     3.2868    32.5332    32.5436  1026.0799    25.8911    221.702    211.508  326.31514     67.941     0.0867     0.1721     1.7534 3.4779e-01       8625          5  0.000e+00
     39.997   67.78284 -168.59766     40.404     3.2894     3.2904     3.2870    32.5323    32.5436  1026.0798    25.8904    221.694    211.323  326.31500     67.939     0.0879     0.1795     1.7534 3.4779e-01       8626          5  0.000e+00
     39.935   67.78284 -168.59766     40.342     3.2893     3.2904     3.2869    32.5326    32.5437  1026.0797    25.8906    221.898    211.282  326.31521     68.001     0.0879     0.1795     1.7534 3.4648e-01       8627          5  0.000e+00
     39.989   67.78284 -168.59766     40.396     3.2893     3.2902     3.2869    32.5327    32.5438  1026.0800    25.8907    221.708    211.269  326.31509     67.943     0.0879     0.1795     1.7534 3.4388e-01       8628          5  0.000e+00
     39.935   67.78284 -168.59766     40.342     3.2891     3.2903     3.2867    32.5329    32.5436  1026.0799    25.8909    221.483    211.230  326.31620     67.874     0.0879     0.1795     1.7534 3.4258e-01       8629          5  0.000e+00
     39.935   67.78284 -168.59766     40.342     3.2893     3.2903     3.2869    32.5329    32.5438  1026.0799    25.8909    221.693    211.214  326.31452     67.938     0.0879     0.1795     1.7550 3.4518e-01       8630          5  0.000e+00
     39.997   67.78284 -168.59766     40.404     3.2891     3.2904     3.2867    32.5330    32.5433  1026.0803    25.8910    221.693    211.395  326.31598     67.938     0.0879     0.1795     1.7534 3.4648e-01       8631          5  0.000e+00
     39.989   67.78284 -168.59766     40.396     3.2892     3.2903     3.2868    32.5330    32.5435  1026.0803    25.8910    221.691    211.211  326.31548     67.938     0.0879     0.1795     1.7534 3.4779e-01       8632          5  0.000e+00
     39.997   67.78284 -168.59766     40.404     3.2893     3.2903     3.2869    32.5327    32.5438  1026.0801    25.8907    221.691    211.198  326.31500     67.938     0.0879     0.1795     1.7534 3.4911e-01       8633          5  0.000e+00
     39.935   67.78284 -168.59766     40.342     3.2889     3.2905     3.2866    32.5328    32.5435  1026.0799    25.8908    221.692    211.183  326.31767     67.938     0.0879     0.1795     1.7534 3.5706e-01       8634          5  0.000e+00
     39.997   67.78284 -168.59766     40.404     3.2893     3.2901     3.2869    32.5323    32.5439  1026.0798    25.8904    221.696    211.175  326.31589     67.939     0.0879     0.1795     1.7550 3.6109e-01       8635          5  0.000e+00
     39.989   67.78284 -168.59766     40.396     3.2891     3.2903     3.2867    32.5330    32.5437  1026.0803    25.8910    221.700    211.357  326.31597     67.940     0.0879     0.1795     1.7550 3.5975e-01       8636          5  0.000e+00
     39.997   67.78284 -168.59766     40.404     3.2890     3.2901     3.2866    32.5333    32.5439  1026.0805    25.8912    221.706    211.177  326.31617     67.942     0.0879     0.1795     1.7566 3.5573e-01       8637          5  0.000e+00
     39.997   67.78284 -168.59766     40.404     3.2892     3.2903     3.2868    32.5326    32.5436  1026.0800    25.8907    221.713    211.167  326.31648     67.944     0.0867     0.1721     1.7582 3.5174e-01       8638          5  0.000e+00
     39.997   67.78284 -168.59766     40.404     3.2891     3.2902     3.2867    32.5326    32.5435  1026.0800    25.8907    221.722    211.330  326.31687     67.947     0.0867     0.1721     1.7566 3.5174e-01       8639          5  0.000e+00
     40.051   67.78284 -168.59766     40.459     3.2890     3.2903     3.2866    32.5329    32.5435  1026.0805    25.8909    221.770    211.344  326.31713     67.961     0.0879     0.1795     1.7566 3.4779e-01       8640          5  0.000e+00
     39.989   67.78284 -168.59766     40.396     3.2891     3.2902     3.2867    32.5329    32.5437  1026.0802    25.8909    221.996    211.355  326.31627     68.031     0.0867     0.1721     1.7566 3.4388e-01       8641          5  0.000e+00
     40.051   67.78284 -168.59766     40.459     3.2890     3.2901     3.2866    32.5327    32.5433  1026.0804    25.8908    222.046    211.178  326.31753     68.046     0.0879     0.1795     1.7566 3.4258e-01       8642          5  0.000e+00
     40.051   67.78284 -168.59766     40.459     3.2893     3.2903     3.2869    32.5326    32.5434  1026.0802    25.8906    221.876    211.168  326.31566     67.994     0.0867     0.1721     1.7566 3.4518e-01       8643          5  0.000e+00
     39.997   67.78284 -168.59766     40.404     3.2890     3.2901     3.2866    32.5327    32.5434  1026.0801    25.8908    221.890    211.183  326.31746     67.998     0.0867     0.1721     1.7566 3.4779e-01       8644          5  0.000e+00
     40.043   67.78284 -168.59766     40.451     3.2890     3.2900     3.2866    32.5326    32.5433  1026.0803    25.8907    221.907    211.180  326.31772     68.003     0.0867     0.1721     1.7566 3.4779e-01       8645          5  0.000e+00
     39.997   67.78284 -168.59766     40.404     3.2889     3.2901     3.2866    32.5327    32.5436  1026.0801    25.8908    221.923    211.173  326.31795     68.008     0.0867     0.1721     1.7566 3.4388e-01       8646          5  0.000e+00
     40.112   67.78284 -168.59766     40.521     3.2890     3.2900     3.2866    32.5329    32.5435  1026.0808    25.8909    221.945    211.173  326.31712     68.015     0.0867     0.1721     1.7566 3.3871e-01       8647          5  0.000e+00
     39.997   67.78284 -168.59766     40.404     3.2888     3.2900     3.2864    32.5329    32.5439  1026.0803    25.8910    221.927    211.167  326.31864     68.009     0.0867     0.1721     1.7566 3.3871e-01       8648          5  0.000e+00
     40.051   67.78284 -168.59766     40.459     3.2890     3.2900     3.2866    32.5326    32.5435  1026.0803    25.8907    222.164    211.167  326.31773     68.082     0.0867     0.1721     1.7566 3.3871e-01       8649          5  0.000e+00
     40.105   67.78284 -168.59766     40.513     3.2888     3.2901     3.2864    32.5328    32.5434  1026.0807    25.8908    222.004    211.167  326.31868     68.033     0.0867     0.1721     1.7566 3.3999e-01       8650          5  0.000e+00
     40.051   67.78284 -168.59766     40.459     3.2889     3.2900     3.2865    32.5327    32.5438  1026.0803    25.8907    221.952    211.166  326.31802     68.017     0.0867     0.1721     1.7566 3.3999e-01       8651          5  0.000e+00
     40.051   67.78284 -168.59766     40.459     3.2890     3.2900     3.2866    32.5326    32.5438  1026.0803    25.8907    221.972    211.360  326.31773     68.023     0.0867     0.1721     1.7566 3.3871e-01       8652          5  0.000e+00
     40.051   67.78284 -168.59766     40.459     3.2889     3.2901     3.2865    32.5327    32.5435  1026.0803    25.8907    222.210    211.189  326.31802     68.096     0.0879     0.1795     1.7566 3.3742e-01       8653          5  0.000e+00
     40.105   67.78284 -168.59766     40.513     3.2890     3.2899     3.2866    32.5328    32.5439  1026.0807    25.8909    222.015    211.194  326.31721     68.037     0.0867     0.1721     1.7566 3.3742e-01       8654          5  0.000e+00
     40.051   67.78284 -168.59766     40.459     3.2891     3.2900     3.2867    32.5327    32.5436  1026.0803    25.8907    221.999    211.195  326.31674     68.032     0.0879     0.1795     1.7582 3.3871e-01       8655          5  0.000e+00
     40.051   67.78284 -168.59766     40.459     3.2892     3.2900     3.2868    32.5325    32.5435  1026.0801    25.8905    221.984    211.198  326.31684     68.027     0.0867     0.1721     1.7582 3.4648e-01       8656          5  0.000e+00
     40.112   67.78284 -168.59766     40.521     3.2888     3.2900     3.2864    32.5332    32.5438  1026.0810    25.8912    222.188    211.205  326.31760     68.090     0.0879     0.1795     1.7598 3.4911e-01       8657          5  0.000e+00
     40.105   67.78284 -168.59766     40.513     3.2891     3.2900     3.2867    32.5326    32.5435  1026.0805    25.8907    221.990    211.210  326.31691     68.029     0.0867     0.1721     1.7582 3.4911e-01       8658          5  0.000e+00
     40.051   67.78284 -168.59766     40.459     3.2888     3.2898     3.2864    32.5328    32.5437  1026.0804    25.8908    222.190    211.216  326.31861     68.090     0.0867     0.1721     1.7582 3.4518e-01       8659          5  0.000e+00
     40.112   67.78284 -168.59766     40.521     3.2889     3.2899     3.2865    32.5326    32.5436  1026.0806    25.8907    222.244    211.225  326.31810     68.107     0.0867     0.1721     1.7582 3.4258e-01       8660          5  0.000e+00
     40.051   67.78284 -168.59766     40.459     3.2890     3.2900     3.2866    32.5329    32.5437  1026.0805    25.8909    222.115    211.037  326.31713     68.067     0.0867     0.1721     1.7582 3.4128e-01       8661          5  0.000e+00
     40.112   67.78284 -168.59766     40.521     3.2888     3.2900     3.2864    32.5328    32.5434  1026.0808    25.8909    222.103    211.221  326.31849     68.063     0.0867     0.1721     1.7582 3.3486e-01       8662          5  0.000e+00
     40.105   67.78284 -168.59766     40.513     3.2891     3.2899     3.2867    32.5326    32.5438  1026.0805    25.8906    222.339    211.232  326.31701     68.136     0.0867     0.1721     1.7598 3.2979e-01       8663          5  0.000e+00
     30.130   67.78278 -168.59786     30.436     3.9096     3.5568     3.9078    30.8328    31.0558  1024.6238    24.4813    293.182    277.432  325.55182     90.057     0.1013     0.2601     0.5567 1.5909e+00      11483          6  0.000e+00
     30.138   67.78278 -168.59786     30.444     3.9205     3.5629     3.9186    30.8265    31.0491  1024.6178    24.4752    293.156    277.465  325.48145     90.068     0.1001     0.2527     0.5579 1.5861e+00      11484          6  0.000e+00
     30.200   67.78278 -168.59786     30.507     3.9285     3.5770     3.9267    30.8185    31.0354  1024.6111    24.4682    292.978    277.455  325.43688     90.026     0.1001     0.2527     0.5567 1.5861e+00      11485          6  0.000e+00
     30.130   67.78278 -168.59786     30.436     3.9351     3.5880     3.9332    30.8093    31.0258  1024.6028    24.4602    292.960    277.433  325.40766     90.028     0.1001     0.2527     0.5579 1.5957e+00      11486          6  0.000e+00
     30.200   67.78278 -168.59788     30.507     3.9387     3.6066     3.9368    30.7985    31.0112  1024.5942    24.4514    292.974    277.174  325.40511     90.034     0.1013     0.2601     0.5579 1.6005e+00      11487          6  0.000e+00
     30.130   67.78278 -168.59788     30.436     3.9307     3.6444     3.9288    30.7958    30.9793  1024.5925    24.4499    293.062    277.167  325.47551     90.041     0.1001     0.2527     0.5579 1.6053e+00      11488          6  0.000e+00
     30.138   67.78278 -168.59788     30.444     3.9092     3.6611     3.9074    30.8055    30.9657  1024.6022    24.4596    293.235    277.113  325.62205     90.054     0.1013     0.2601     0.5579 1.6053e+00      11489          6  0.000e+00
     30.130   67.78278 -168.59788     30.436     3.8872     3.6338     3.8854    30.8171    30.9918  1024.6134    24.4709    293.410    277.311  325.76848     90.067     0.1001     0.2527     0.5579 1.6053e+00      11490          6  0.000e+00
     30.138   67.78278 -168.59788     30.444     3.8657     3.5979     3.8639    30.8303    31.0245  1024.6260    24.4834    293.578    277.561  325.90680     90.080     0.1001     0.2527     0.5579 1.6053e+00      11491          6  0.000e+00
     30.130   67.78278 -168.59788     30.436     3.8420     3.5727     3.8402    30.8472    31.0469  1024.6416    24.4989    293.689    277.751  326.05403     90.074     0.1001     0.2527     0.5591 1.6005e+00      11492          6  0.000e+00
     30.200   67.78278 -168.59788     30.507     3.8229     3.5663     3.8211    30.8598    31.0532  1024.6537    24.5107    293.842    277.811  326.17489     90.087     0.1001     0.2527     0.5591 1.5957e+00      11493          6  0.000e+00
     30.084   67.78278 -168.59788     30.390     3.8074     3.5748     3.8056    30.8689    31.0454  1024.6618    24.5194    293.934    277.780  326.27629     90.088     0.1001     0.2527     0.5579 1.5957e+00      11494          6  0.000e+00
     30.184   67.78278 -168.59788     30.491     3.7909     3.5847     3.7890    30.8792    31.0362  1024.6720    24.5291    294.040    277.554  326.38285     90.091     0.0989     0.2454     0.5579 1.5957e+00      11495          6  0.000e+00
     30.138   67.78278 -168.59788     30.444     3.7744     3.5870     3.7725    30.8895    31.0341  1024.6814    24.5388    294.140    277.537  326.48919     90.092     0.0977     0.2381     0.5591 1.5909e+00      11496          6  0.000e+00
     30.130   67.78278 -168.59788     30.436     3.7582     3.5884     3.7564    30.8989    31.0327  1024.6904    24.5477    294.241    277.527  326.59480     90.094     0.0977     0.2381     0.5579 1.5909e+00      11497          6  0.000e+00
     30.138   67.78278 -168.59788     30.444     3.7391     3.5833     3.7373    30.9100    31.0369  1024.7009    24.5582    294.363    277.555  326.72011     90.096     0.0989     0.2454     0.5579 1.5957e+00      11498          6  0.000e+00
     30.130   67.78278 -168.59788     30.436     3.7245     3.5760     3.7227    30.9190    31.0429  1024.7094    24.5667    294.452    277.596  326.81502     90.098     0.0977     0.2381     0.5579 1.5957e+00      11499          6  0.000e+00
     30.138   67.78278 -168.59788     30.444     3.7103     3.5665     3.7085    30.9298    31.0504  1024.7193    24.5766    294.535    277.846  326.90187     90.099     0.0989     0.2454     0.5579 1.5957e+00      11500          6  0.000e+00
