EcoFOCI/data/1_SampleCollection/2023_SikuliaqDBO_CruiseData/CTD_raw_BottleFile_SKQ23-12S/proc/skq202312s_053.cnv
* Sea-Bird SBE 9 Data File:
* FileName = D:\CTD\SKQ202312S\SKQ202312S_053.hex
* Software Version Seasave V 7.26.7.121
* Temperature SN = 6177
* Conductivity SN = 0369
* Number of Bytes Per Scan = 41
* Number of Voltage Words = 4
* Number of Scans Averaged by the Deck Unit = 1
* NMEA Latitude = 70 50.92 N
* NMEA Longitude = 163 11.04 W
* NMEA UTC (Time) = Sep 26 2023  23:34:43
* NMEA baud rate = 4800
** Ship: R/V Sikuliaq
** Station Number: 053
** Station Name: IC9
** Bottom Depth: 44
** Operator: SS
# nquan = 24
# nvalues = 4192                                  
# units = specified
# name 0 = depSM: Depth [salt water, m]
# name 1 = latitude: Latitude [deg]
# name 2 = longitude: Longitude [deg]
# name 3 = prDM: Pressure, Digiquartz [db]
# name 4 = t090C: Temperature [ITS-90, deg C]
# name 5 = t190C: Temperature, 2 [ITS-90, deg C]
# name 6 = potemp090C: Potential Temperature [ITS-90, deg C]
# name 7 = sal00: Salinity, Practical [PSU]
# name 8 = sal11: Salinity, Practical, 2 [PSU]
# name 9 = density00: Density [density, kg/m^3]
# name 10 = sigma-é00: Density [sigma-theta, kg/m^3]
# name 11 = sbox0Mm/Kg: Oxygen, SBE 43 [umol/kg]
# name 12 = sbox1Mm/Kg: Oxygen, SBE 43, 2 [umol/kg]
# name 13 = oxsolMm/Kg: Oxygen Saturation, Garcia & Gordon [umol/kg]
# name 14 = sbeox0PS: Oxygen, SBE 43 [% saturation]
# name 15 = sbeox1PS: Oxygen, SBE 43, 2 [% saturation]
# name 16 = v0: Voltage 0
# name 17 = flECO-AFL: Fluorescence, WET Labs ECO-AFL/FL [mg/m^3]
# name 18 = v1: Voltage 1
# name 19 = CStarAt0: Beam Attenuation, WET Labs C-Star [1/m]
# name 20 = par: PAR/Irradiance, Biospherical/Licor
# name 21 = scan: Scan Count
# name 22 = timeM: Time, Elapsed [minutes]
# name 23 = flag:  0.000e+00
# span 0 =      2.319,     38.959                 
# span 1 =   70.84866,   70.84870                 
# span 2 = -163.18456, -163.18434                 
# span 3 =      2.343,     39.363                 
# span 4 =     4.3929,     6.8622                 
# span 5 =     4.3935,     6.8575                 
# span 6 =     4.3908,     6.8610                 
# span 7 =    29.2773,    31.8033                 
# span 8 =    29.2885,    31.8251                 
# span 9 =  1023.0908,  1025.3775                 
# span 10 =    23.0785,    25.2017                
# span 11 =    234.045,    299.936                
# span 12 =    219.552,    281.234                
# span 13 =  302.16909,  319.55082                
# span 14 =     73.274,     95.266                
# span 15 =     68.739,     89.727                
# span 16 =     0.0781,     0.2271                
# span 17 =     0.1209,     1.0146                
# span 18 =     1.9035,     4.1746                
# span 19 =     0.4847,     3.6273                
# span 20 = 1.0000e-12, 1.1684e+02                
# span 21 =          1,       4192                
# span 22 =     0.0000,     2.9104                
# span 23 = 0.0000e+00, 0.0000e+00                
# interval = seconds: 0.0416667
# start_time = Sep 26 2023 23:38:01 [NMEA time, first data scan]
# bad_flag = -9.990e-29
*END*
[from data line 846]
      5.927   70.84866 -163.18438      5.988     5.6112     5.6029     5.6107    29.4965    29.4859  1023.2783    23.2504    298.766    280.927  315.64551     94.652     88.976     0.1893     0.7875     4.0269     0.6289 4.9777e+01        847     0.5875  0.000e+00
      5.989   70.84866 -163.18438      6.050     5.6119     5.6021     5.6115    29.4956    29.4851  1023.2777    23.2496    298.785    280.955  315.64228     94.659     88.983     0.1905     0.7949     4.0281     0.6277 4.9917e+01        848     0.5882  0.000e+00
      5.904   70.84866 -163.18438      5.965     5.6123     5.6021     5.6119    29.4910    29.4844  1023.2737    23.2459    298.606    280.942  315.64994     94.600     88.978     0.1880     0.7802     4.0281     0.6277 5.0058e+01        849     0.5889  0.000e+00
      5.989   70.84866 -163.18438      6.050     5.6119     5.6019     5.6115    29.4859    29.4837  1023.2701    23.2420    298.614    280.927  315.66492     94.598     88.973     0.1905     0.7949     4.0269     0.6289 5.0058e+01        850     0.5896  0.000e+00
      5.989   70.84866 -163.18438      6.050     5.6107     5.6018     5.6103    29.4830    29.4834  1023.2680    23.2398    298.620    280.919  315.68054     94.596     88.970     0.1893     0.7875     4.0269     0.6289 5.0058e+01        851     0.5903  0.000e+00
      5.989   70.84866 -163.18438      6.050     5.6093     5.6019     5.6088    29.4804    29.4830  1023.2660    23.2379    298.830    280.716  315.69756     94.657     88.906     0.1893     0.7875     4.0269     0.6289 5.0058e+01        852     0.5910  0.000e+00
      5.989   70.84866 -163.18438      6.050     5.6086     5.6021     5.6081    29.4772    29.4837  1023.2636    23.2355    298.861    280.668  315.71033     94.663     88.891     0.1880     0.7802     4.0281     0.6277 5.0058e+01        853     0.5917  0.000e+00
      5.989   70.84866 -163.18438      6.050     5.6069     5.6026     5.6065    29.4772    29.4846  1023.2638    23.2356    298.891    280.608  315.72269     94.669     88.874     0.1893     0.7875     4.0281     0.6277 4.9917e+01        854     0.5924  0.000e+00
      6.043   70.84866 -163.18438      6.105     5.6066     5.6032     5.6061    29.4816    29.4859  1023.2675    23.2391    298.902    280.541  315.71505     94.675     88.855     0.1905     0.7949     4.0269     0.6289 4.9777e+01        855     0.5931  0.000e+00
      6.043   70.84866 -163.18438      6.105     5.6074     5.6046     5.6070    29.4853    29.4871  1023.2704    23.2420    298.902    280.661  315.69972     94.679     88.897     0.1893     0.7875     4.0281     0.6277 4.9637e+01        856     0.5938  0.000e+00
      5.989   70.84866 -163.18438      6.050     5.6075     5.6065     5.6071    29.4912    29.4903  1023.2748    23.2466    298.697    280.600  315.68525     94.618     88.883     0.1905     0.7949     4.0281     0.6277 4.9637e+01        857     0.5944  0.000e+00
      6.043   70.84866 -163.18438      6.105     5.6090     5.6089     5.6085    29.4978    29.4939  1023.2800    23.2516    298.859    280.530  315.65907     94.678     88.868     0.1893     0.7875     4.0269     0.6289 4.9358e+01        858     0.5951  0.000e+00
      6.043   70.84866 -163.18438      6.105     5.6114     5.6110     5.6110    29.5031    29.4974  1023.2840    23.2556    298.840    280.453  315.62805     94.681     88.851     0.1905     0.7949     4.0269     0.6289 4.9219e+01        859     0.5958  0.000e+00
      6.097   70.84866 -163.18438      6.160     5.6139     5.6130     5.6135    29.5062    29.5006  1023.2864    23.2578    298.827    280.371  315.60234     94.685     88.831     0.1893     0.7875     4.0269     0.6289 4.9219e+01        860     0.5965  0.000e+00
      6.043   70.84866 -163.18438      6.105     5.6159     5.6153     5.6155    29.5085    29.5045  1023.2877    23.2593    298.611    280.293  315.58213     94.622     88.814     0.1893     0.7875     4.0281     0.6277 4.8804e+01        861     0.5972  0.000e+00
      6.097   70.84866 -163.18438      6.159     5.6179     5.6176     5.6175    29.5093    29.5072  1023.2884    23.2598    298.576    280.397  315.56521     94.616     88.854     0.1880     0.7802     4.0281     0.6277 4.8667e+01        862     0.5979  0.000e+00
      6.097   70.84866 -163.18438      6.159     5.6193     5.6193     5.6189    29.5089    29.5100  1023.2880    23.2593    298.780    280.149  315.55580     94.684     88.780     0.1893     0.7875     4.0281     0.6277 4.8667e+01        863     0.5986  0.000e+00
      6.097   70.84866 -163.18438      6.159     5.6203     5.6209     5.6198    29.5096    29.5121  1023.2884    23.2598    298.780    280.061  315.54681     94.686     88.757     0.1905     0.7949     4.0281     0.6277 4.8530e+01        864     0.5993  0.000e+00
      6.097   70.84866 -163.18438      6.159     5.6216     5.6214     5.6211    29.5112    29.5136  1023.2895    23.2609    298.542    279.994  315.53349     94.615     88.738     0.1893     0.7875     4.0281     0.6277 4.8394e+01        865     0.6000  0.000e+00
      6.158   70.84866 -163.18438      6.222     5.6227     5.6217     5.6222    29.5116    29.5144  1023.2900    23.2611    298.715    280.108  315.52407     94.673     88.775     0.1905     0.7949     4.0281     0.6277 4.8394e+01        866     0.6007  0.000e+00
      6.097   70.84866 -163.18438      6.159     5.6235     5.6216     5.6230    29.5107    29.5140  1023.2889    23.2603    298.715    280.053  315.52052     94.674     88.757     0.1893     0.7875     4.0281     0.6277 4.8122e+01        867     0.6014  0.000e+00
      6.158   70.84866 -163.18438      6.222     5.6238     5.6214     5.6233    29.5094    29.5140  1023.2881    23.2592    298.753    279.813  315.52124     94.685     88.681     0.1893     0.7875     4.0281     0.6277 4.7986e+01        868     0.6021  0.000e+00
      6.158   70.84866 -163.18438      6.222     5.6233     5.6213     5.6229    29.5089    29.5141  1023.2878    23.2589    298.560    279.746  315.52573     94.623     88.659     0.1905     0.7949     4.0281     0.6277 4.7986e+01        869     0.6028  0.000e+00
      6.158   70.84866 -163.18438      6.222     5.6233     5.6216     5.6229    29.5072    29.5145  1023.2865    23.2576    298.772    279.670  315.52977     94.689     88.636     0.1917     0.8022     4.0281     0.6277 4.7716e+01        870     0.6035  0.000e+00
      6.158   70.84866 -163.18438      6.222     5.6228     5.6214     5.6224    29.5036    29.5154  1023.2837    23.2547    298.789    279.774  315.54174     94.691     88.669     0.1929     0.8095     4.0281     0.6277 4.7448e+01        871     0.6042  0.000e+00
      6.212   70.84866 -163.18438      6.276     5.6220     5.6216     5.6216    29.5021    29.5153  1023.2829    23.2537    298.804    279.729  315.55125     94.693     88.655     0.1917     0.8022     4.0281     0.6277 4.7448e+01        872     0.6049  0.000e+00
      6.212   70.84866 -163.18438      6.276     5.6212     5.6209     5.6208    29.5023    29.5148  1023.2831    23.2539    298.812    279.684  315.55663     94.694     88.639     0.1917     0.8022     4.0281     0.6277 4.7181e+01        873     0.6056  0.000e+00
      6.158   70.84866 -163.18438      6.222     5.6204     5.6209     5.6200    29.5044    29.5137  1023.2846    23.2556    298.813    279.627  315.55792     94.694     88.621     0.1917     0.8022     4.0281     0.6277 4.7181e+01        874     0.6062  0.000e+00
      6.212   70.84866 -163.18438      6.276     5.6206     5.6202     5.6201    29.5060    29.5134  1023.2861    23.2569    298.811    279.592  315.55302     94.694     88.608     0.1917     0.8022     4.0281     0.6277 4.7049e+01        875     0.6069  0.000e+00
      6.212   70.84866 -163.18438      6.276     5.6209     5.6198     5.6204    29.5058    29.5119  1023.2859    23.2567    298.807    279.733  315.55109     94.694     88.651     0.1917     0.8022     4.0293     0.6265 4.6784e+01        876     0.6076  0.000e+00
      6.274   70.84866 -163.18438      6.339     5.6207     5.6190     5.6203    29.5038    29.5112  1023.2846    23.2552    298.610    279.729  315.55689     94.630     88.647     0.1917     0.8022     4.0281     0.6277 4.6390e+01        877     0.6083  0.000e+00
      6.212   70.84866 -163.18438      6.276     5.6201     5.6185     5.6197    29.5020    29.5102  1023.2830    23.2538    298.788    279.713  315.56585     94.683     88.641     0.1917     0.8022     4.0281     0.6277 4.6260e+01        878     0.6090  0.000e+00
      6.212   70.84866 -163.18438      6.276     5.6195     5.6179     5.6190    29.4996    29.5093  1023.2811    23.2519    298.825    279.696  315.57608     94.692     88.633     0.1917     0.8022     4.0281     0.6277 4.6129e+01        879     0.6097  0.000e+00
      6.243   70.84866 -163.18438      6.307     5.6180     5.6172     5.6176    29.4958    29.5090  1023.2784    23.2491    298.640    279.674  315.59606     94.627     88.625     0.1929     0.8095     4.0281     0.6277 4.5741e+01        880     0.6104  0.000e+00
      6.274   70.84866 -163.18438      6.339     5.6161     5.6171     5.6157    29.4937    29.5082  1023.2771    23.2477    298.628    279.664  315.61518     94.618     88.621     0.1917     0.8022     4.0281     0.6277 4.5612e+01        881     0.6111  0.000e+00
      6.274   70.84866 -163.18438      6.339     5.6152     5.6166     5.6147    29.4937    29.5087  1023.2773    23.2478    298.805    279.832  315.62200     94.672     88.673     0.1929     0.8095     4.0281     0.6277 4.5484e+01        882     0.6118  0.000e+00
      6.328   70.84866 -163.18438      6.393     5.6143     5.6166     5.6139    29.4935    29.5080  1023.2774    23.2477    298.607    279.832  315.62912     94.607     88.673     0.1917     0.8022     4.0281     0.6277 4.5101e+01        883     0.6125  0.000e+00
      6.274   70.84866 -163.18438      6.339     5.6141     5.6163     5.6136    29.4940    29.5081  1023.2776    23.2481    298.572    279.844  315.62985     94.596     88.676     0.1917     0.8022     4.0281     0.6277 4.4974e+01        884     0.6132  0.000e+00
      6.274   70.84866 -163.18438      6.339     5.6137     5.6163     5.6132    29.4948    29.5079  1023.2782    23.2488    298.539    279.852  315.63077     94.585     88.679     0.1917     0.8022     4.0281     0.6277 4.4974e+01        885     0.6139  0.000e+00
      6.328   70.84866 -163.18438      6.393     5.6133     5.6162     5.6128    29.4949    29.5077  1023.2787    23.2490    298.540    279.860  315.63340     94.584     88.681     0.1929     0.8095     4.0281     0.6277 4.4721e+01        886     0.6146  0.000e+00
      6.274   70.84866 -163.18438      6.339     5.6134     5.6159     5.6130    29.4951    29.5079  1023.2786    23.2491    298.503    279.860  315.63181     94.573     88.680     0.1905     0.7949     4.0281     0.6277 4.4721e+01        887     0.6153  0.000e+00
      6.390   70.84866 -163.18438      6.455     5.6135     5.6159     5.6131    29.4951    29.5079  1023.2791    23.2491    298.505    279.880  315.63104     94.574     88.686     0.1917     0.8022     4.0281     0.6277 4.4721e+01        888     0.6160  0.000e+00
      6.328   70.84866 -163.18438      6.393     5.6134     5.6155     5.6130    29.4957    29.5079  1023.2792    23.2495    298.703    279.892  315.63058     94.637     88.690     0.1929     0.8095     4.0281     0.6277 4.4595e+01        889     0.6167  0.000e+00
      6.274   70.84866 -163.18438      6.339     5.6136     5.6149     5.6131    29.4951    29.5079  1023.2785    23.2490    298.496    279.904  315.63072     94.571     88.692     0.1917     0.8022     4.0281     0.6277 4.4595e+01        890     0.6174  0.000e+00
      6.328   70.84866 -163.18438      6.393     5.6135     5.6149     5.6131    29.4949    29.5071  1023.2786    23.2489    298.670    280.097  315.63157     94.626     88.753     0.1929     0.8095     4.0281     0.6277 4.4595e+01        891     0.6181  0.000e+00
      6.390   70.84866 -163.18438      6.455     5.6134     5.6147     5.6130    29.4950    29.5072  1023.2790    23.2490    298.264    279.939  315.63220     94.497     88.702     0.1917     0.8022     4.0281     0.6277 4.4470e+01        892     0.6188  0.000e+00
      6.328   70.84866 -163.18438      6.393     5.6133     5.6147     5.6128    29.4941    29.5071  1023.2781    23.2483    298.609    280.119  315.63529     94.606     88.759     0.1917     0.8022     4.0281     0.6277 4.4470e+01        893     0.6194  0.000e+00
      6.390   70.84866 -163.18438      6.455     5.6127     5.6142     5.6123    29.4925    29.5068  1023.2771    23.2471    298.616    280.140  315.64324     94.605     88.765     0.1917     0.8022     4.0281     0.6277 4.4470e+01        894     0.6201  0.000e+00
      6.390   70.84866 -163.18438      6.455     5.6117     5.6135     5.6112    29.4901    29.5063  1023.2753    23.2453    298.624    280.177  315.65665     94.604     88.774     0.1917     0.8022     4.0281     0.6277 4.4470e+01        895     0.6208  0.000e+00
      6.390   70.84866 -163.18438      6.455     5.6104     5.6127     5.6099    29.4894    29.5060  1023.2749    23.2449    298.661    280.210  315.66792     94.612     88.783     0.1917     0.8022     4.0293     0.6265 4.4470e+01        896     0.6215  0.000e+00
      6.390   70.84866 -163.18438      6.455     5.6097     5.6128     5.6092    29.4901    29.5057  1023.2755    23.2455    298.689    280.233  315.67173     94.620     88.790     0.1917     0.8022     4.0281     0.6277 4.4344e+01        897     0.6222  0.000e+00
      6.390   70.84866 -163.18438      6.455     5.6090     5.6128     5.6085    29.4908    29.5061  1023.2762    23.2462    298.687    280.253  315.67529     94.618     88.797     0.1929     0.8095     4.0281     0.6277 4.4470e+01        898     0.6229  0.000e+00
      6.390   70.84866 -163.18438      6.455     5.6083     5.6129     5.6078    29.4909    29.5062  1023.2763    23.2463    298.685    280.270  315.68057     94.616     88.803     0.1917     0.8022     4.0281     0.6277 4.4470e+01        899     0.6236  0.000e+00
      6.444   70.84866 -163.18438      6.510     5.6080     5.6124     5.6075    29.4909    29.5062  1023.2766    23.2463    298.681    280.290  315.68245     94.614     88.808     0.1917     0.8022     4.0281     0.6277 4.4344e+01        900     0.6243  0.000e+00
      6.390   70.84866 -163.18438      6.455     5.6077     5.6119     5.6072    29.4912    29.5067  1023.2766    23.2466    298.499    280.282  315.68406     94.556     88.804     0.1917     0.8022     4.0281     0.6277 4.4344e+01        901     0.6250  0.000e+00
      6.444   70.84866 -163.18438      6.510     5.6079     5.6117     5.6074    29.4914    29.5058  1023.2770    23.2467    298.694    280.274  315.68214     94.619     88.801     0.1929     0.8095     4.0269     0.6289 4.4220e+01        902     0.6257  0.000e+00
      6.444   70.84866 -163.18438      6.510     5.6078     5.6114     5.6074    29.4925    29.5061  1023.2779    23.2476    298.714    280.259  315.67984     94.626     88.796     0.1917     0.8022     4.0281     0.6277 4.4220e+01        903     0.6264  0.000e+00
      6.390   70.84866 -163.18438      6.455     5.6080     5.6116     5.6075    29.4927    29.5060  1023.2778    23.2478    298.732    280.418  315.67817     94.632     88.847     0.1917     0.8022     4.0281     0.6277 4.4095e+01        904     0.6271  0.000e+00
      6.444   70.84866 -163.18438      6.510     5.6083     5.6113     5.6078    29.4935    29.5054  1023.2786    23.2483    298.752    280.437  315.67451     94.639     88.852     0.1917     0.8022     4.0269     0.6289 4.3971e+01        905     0.6278  0.000e+00
