EcoFOCI/data/1_SampleCollection/2023_SikuliaqDBO_CruiseData/CTD_raw_BottleFile_SKQ23-12S/proc/skq202312s_027.ros
* Sea-Bird SBE 9 Data File:
* FileName = D:\CTD\SKQ202312S\SKQ202312S_027.hex
* Software Version Seasave V 7.26.7.121
* Temperature SN = 6177
* Conductivity SN = 0369
* Number of Bytes Per Scan = 41
* Number of Voltage Words = 4
* Number of Scans Averaged by the Deck Unit = 1
* NMEA Latitude = 71 19.80 N
* NMEA Longitude = 157 19.91 W
* NMEA UTC (Time) = Sep 21 2023  01:08:33
* NMEA baud rate = 4800
** Ship: R/V Sikuliaq
** Station Number: 027
** Station Name: DBO5.3
** Bottom Depth: 91
** Operator: SD
# nquan = 22
# nvalues = 1078                                  
# units = specified
# name 0 = depSM: Depth [salt water, m]
# name 1 = latitude: Latitude [deg]
# name 2 = longitude: Longitude [deg]
# name 3 = prDM: Pressure, Digiquartz [db]
# name 4 = t090C: Temperature [ITS-90, deg C]
# name 5 = t190C: Temperature, 2 [ITS-90, deg C]
# name 6 = potemp090C: Potential Temperature [ITS-90, deg C]
# name 7 = sal00: Salinity, Practical [PSU]
# name 8 = sal11: Salinity, Practical, 2 [PSU]
# name 9 = density00: Density [density, kg/m^3]
# name 10 = sigma-é00: Density [sigma-theta, kg/m^3]
# name 11 = sbox0Mm/Kg: Oxygen, SBE 43 [umol/kg]
# name 12 = sbox1Mm/Kg: Oxygen, SBE 43, 2 [umol/kg]
# name 13 = oxsolMm/Kg: Oxygen Saturation, Garcia & Gordon [umol/kg]
# name 14 = sbeox0PS: Oxygen, SBE 43 [% saturation]
# name 15 = v0: Voltage 0
# name 16 = flECO-AFL: Fluorescence, WET Labs ECO-AFL/FL [mg/m^3]
# name 17 = CStarAt0: Beam Attenuation, WET Labs C-Star [1/m]
# name 18 = par: PAR/Irradiance, Biospherical/Licor
# name 19 = scan: Scan Count
# name 20 = nbf: Bottles Fired
# name 21 = flag:  0.000e+00
# interval = seconds: 0.0416667
# start_time = Sep 21 2023 01:12:36 [NMEA time, first data scan]
# bad_flag = -9.990e-29
*END*
[from data line 1054]
      2.165   71.32998 -157.33130      2.188     4.8449     4.8448     4.8447    30.1047    30.1259  1023.8228    23.8125    302.826    286.418  320.01245     94.629     0.1905     0.7949     0.7496 7.3634e+01      32981         22  0.000e+00
      2.165   71.32998 -157.33130      2.188     4.8447     4.8448     4.8446    30.1049    30.1260  1023.8229    23.8127    302.819    286.398  320.01331     94.627     0.1917     0.8022     0.7496 7.3427e+01      32982         22  0.000e+00
      2.219   71.32998 -157.33130      2.242     4.8447     4.8447     4.8445    30.1050    30.1261  1023.8233    23.8128    303.020    286.381  320.01330     94.690     0.1929     0.8095     0.7496 7.3221e+01      32983         22  0.000e+00
      2.219   71.32998 -157.33130      2.242     4.8446     4.8447     4.8444    30.1050    30.1259  1023.8233    23.8128    302.836    286.362  320.01414     94.632     0.1917     0.8022     0.7508 7.3221e+01      32984         22  0.000e+00
      2.281   71.32998 -157.33130      2.305     4.8446     4.8448     4.8444    30.1051    30.1257  1023.8237    23.8129    302.829    286.343  320.01385     94.630     0.1929     0.8095     0.7521 7.3015e+01      32985         22  0.000e+00
      2.281   71.32998 -157.33130      2.305     4.8446     4.8447     4.8444    30.1052    30.1258  1023.8237    23.8130    302.852    286.324  320.01367     94.637     0.1917     0.8022     0.7508 7.2810e+01      32986         22  0.000e+00
      2.281   71.32998 -157.33130      2.305     4.8447     4.8445     4.8446    30.1051    30.1257  1023.8236    23.8128    302.844    286.327  320.01281     94.635     0.1929     0.8095     0.7521 7.3015e+01      32987         22  0.000e+00
      2.335   71.32998 -157.33130      2.359     4.8448     4.8447     4.8447    30.1047    30.1255  1023.8236    23.8126    302.838    286.330  320.01284     94.633     0.1917     0.8022     0.7521 7.2401e+01      32988         22  0.000e+00
      2.358   71.32998 -157.33130      2.383     4.8446     4.8445     4.8444    30.1051    30.1258  1023.8240    23.8129    303.039    286.333  320.01394     94.696     0.1917     0.8022     0.7508 7.1792e+01      32989         22  0.000e+00
      2.451   71.32998 -157.33130      2.476     4.8446     4.8445     4.8444    30.1049    30.1256  1023.8243    23.8127    302.858    286.320  320.01440     94.639     0.1917     0.8022     0.7508 7.1792e+01      32990         22  0.000e+00
      2.397   71.32998 -157.33130      2.422     4.8442     4.8444     4.8441    30.1054    30.1257  1023.8244    23.8131    303.056    286.322  320.01570     94.700     0.1917     0.8022     0.7521 7.1188e+01      32991         22  0.000e+00
      2.513   71.32998 -157.33130      2.538     4.8445     4.8442     4.8443    30.1049    30.1260  1023.8246    23.8127    302.873    286.331  320.01476     94.643     0.1905     0.7949     0.7521 7.0589e+01      32992         22  0.000e+00
      2.513   71.32998 -157.33130      2.538     4.8444     4.8442     4.8442    30.1050    30.1256  1023.8246    23.8128    302.863    286.337  320.01542     94.640     0.1893     0.7875     0.7508 7.0390e+01      32993         22  0.000e+00
      2.513   71.32998 -157.33130      2.539     4.8442     4.8442     4.8441    30.1045    30.1255  1023.8243    23.8125    302.887    286.343  320.01772     94.647     0.1832     0.7509     0.7508 6.9211e+01      32994         22  0.000e+00
      2.621   71.32998 -157.33130      2.648     4.8439     4.8444     4.8437    30.1050    30.1255  1023.8252    23.8128    303.092    286.353  320.01949     94.710     0.1832     0.7509     0.7521 6.8051e+01      32995         22  0.000e+00
      2.567   71.32998 -157.33130      2.593     4.8437     4.8442     4.8436    30.1047    30.1258  1023.8248    23.8127    303.112    286.359  320.02127     94.716     0.1832     0.7509     0.7521 6.7669e+01      32996         22  0.000e+00
      2.682   71.32998 -157.33130      2.710     4.8439     4.8444     4.8437    30.1047    30.1258  1023.8253    23.8126    303.134    286.349  320.02010     94.724     0.1832     0.7509     0.7508 6.7100e+01      32997         22  0.000e+00
      2.682   71.32998 -157.33130      2.710     4.8436     4.8445     4.8434    30.1051    30.1260  1023.8257    23.8130    303.154    286.149  320.02146     94.729     0.1844     0.7582     0.7521 6.5790e+01      32998         22  0.000e+00
      2.682   71.32998 -157.33130      2.710     4.8434     4.8444     4.8432    30.1049    30.1257  1023.8255    23.8128    303.172    286.326  320.02331     94.734     0.1832     0.7509     0.7521 6.5420e+01      32999         22  0.000e+00
      2.736   71.32998 -157.33130      2.765     4.8436     4.8441     4.8434    30.1046    30.1260  1023.8255    23.8126    302.982    286.340  320.02278     94.675     0.1832     0.7509     0.7508 6.4870e+01      33000         22  0.000e+00
      2.798   71.32998 -157.33130      2.827     4.8434     4.8439     4.8432    30.1047    30.1256  1023.8259    23.8127    302.970    286.355  320.02371     94.671     0.1832     0.7509     0.7521 6.3424e+01      33001         22  0.000e+00
      2.798   71.32998 -157.33130      2.827     4.8434     4.8438     4.8432    30.1045    30.1252  1023.8257    23.8125    303.163    286.369  320.02424     94.731     0.1844     0.7582     0.7521 6.2891e+01      33002         22  0.000e+00
      2.852   71.32998 -157.33130      2.881     4.8433     4.8436     4.8431    30.1041    30.1253  1023.8257    23.8122    303.181    286.384  320.02624     94.736     0.1832     0.7509     0.7521 6.2537e+01      33003         22  0.000e+00
      2.914   71.32998 -157.33130      2.944     4.8431     4.8434     4.8429    30.1045    30.1249  1023.8263    23.8126    302.990    286.216  320.02654     94.676     0.1832     0.7509     0.7508 6.1144e+01      33004         22  0.000e+00
