EcoFOCI/data/1_SampleCollection/2023_SikuliaqDBO_CruiseData/CTD_raw_BottleFile_SKQ23-12S/proc/skq202312s_009svp.cnv
* Sea-Bird SBE 9 Data File:
* FileName = D:\CTD\SKQ202312S\SKQ202312S_009.hex
* Software Version Seasave V 7.26.7.121
* Temperature SN = 6177
* Conductivity SN = 0369
* Number of Bytes Per Scan = 41
* Number of Voltage Words = 4
* Number of Scans Averaged by the Deck Unit = 1
* NMEA Latitude = 63 01.70 N
* NMEA Longitude = 173 27.64 W
* NMEA UTC (Time) = Sep 16 2023  10:53:46
* NMEA baud rate = 4800
** Ship: R/V Sikuliaq
** Station Number: 009
** Station Name: DBO1.8
** Bottom Depth: 71
** Operator: SD
# nquan = 7
# nvalues = 6445                                  
# units = specified
# name 0 = depSM: Depth [salt water, m]
# name 1 = latitude: Latitude [deg]
# name 2 = longitude: Longitude [deg]
# name 3 = t090C: Temperature [ITS-90, deg C]
# name 4 = sal00: Salinity, Practical [PSU]
# name 5 = svCM: Sound Velocity [Chen-Millero, m/s]
# name 6 = flag:  0.000e+00
# span 0 =      1.077,     66.655                 
# span 1 =   63.02840,   63.02840                 
# span 2 = -173.46060, -173.46058                 
# span 3 =    -1.3989,     7.4412                 
# span 4 =    31.2990,    32.0983                 
# span 5 =    1439.48,    1475.89                 
# span 6 = 0.0000e+00, 0.0000e+00                 
# interval = seconds: 0.0416667
# start_time = Sep 16 2023 10:56:36 [NMEA time, first data scan]
# bad_flag = -9.990e-29
*END*
[from data line 4103]
     59.162   63.02840 -173.46060    -1.3938    32.0916    1439.66  0.000e+00
     59.216   63.02840 -173.46060    -1.3939    32.0915    1439.66  0.000e+00
     59.270   63.02840 -173.46060    -1.3940    32.0919    1439.66  0.000e+00
     59.216   63.02840 -173.46060    -1.3942    32.0923    1439.66  0.000e+00
     59.278   63.02840 -173.46060    -1.3939    32.0914    1439.66  0.000e+00
     59.216   63.02840 -173.46060    -1.3938    32.0913    1439.66  0.000e+00
     59.332   63.02840 -173.46060    -1.3938    32.0915    1439.66  0.000e+00
     59.332   63.02840 -173.46060    -1.3938    32.0919    1439.66  0.000e+00
     59.270   63.02840 -173.46060    -1.3938    32.0920    1439.66  0.000e+00
     59.332   63.02840 -173.46060    -1.3934    32.0914    1439.66  0.000e+00
     59.332   63.02840 -173.46060    -1.3937    32.0919    1439.66  0.000e+00
     59.393   63.02840 -173.46060    -1.3934    32.0915    1439.66  0.000e+00
     59.393   63.02840 -173.46060    -1.3935    32.0917    1439.66  0.000e+00
     59.386   63.02840 -173.46060    -1.3938    32.0919    1439.66  0.000e+00
     59.393   63.02840 -173.46060    -1.3935    32.0913    1439.66  0.000e+00
     59.447   63.02840 -173.46060    -1.3938    32.0917    1439.66  0.000e+00
     59.447   63.02840 -173.46060    -1.3935    32.0913    1439.66  0.000e+00
     59.447   63.02840 -173.46060    -1.3937    32.0912    1439.66  0.000e+00
     59.447   63.02840 -173.46060    -1.3938    32.0915    1439.66  0.000e+00
     59.501   63.02840 -173.46060    -1.3937    32.0914    1439.66  0.000e+00
     59.447   63.02840 -173.46060    -1.3937    32.0916    1439.66  0.000e+00
     59.563   63.02840 -173.46060    -1.3937    32.0913    1439.66  0.000e+00
     59.509   63.02840 -173.46060    -1.3937    32.0914    1439.66  0.000e+00
     59.509   63.02840 -173.46060    -1.3938    32.0919    1439.66  0.000e+00
     59.555   63.02840 -173.46060    -1.3933    32.0916    1439.67  0.000e+00
     59.563   63.02840 -173.46060    -1.3935    32.0918    1439.66  0.000e+00
     59.563   63.02840 -173.46060    -1.3933    32.0919    1439.67  0.000e+00
     59.563   63.02840 -173.46060    -1.3933    32.0916    1439.67  0.000e+00
     59.563   63.02840 -173.46060    -1.3933    32.0919    1439.67  0.000e+00
     59.617   63.02840 -173.46060    -1.3932    32.0919    1439.67  0.000e+00
     59.617   63.02840 -173.46060    -1.3928    32.0917    1439.67  0.000e+00
     59.563   63.02840 -173.46060    -1.3929    32.0919    1439.67  0.000e+00
     59.679   63.02840 -173.46060    -1.3927    32.0920    1439.67  0.000e+00
     59.617   63.02840 -173.46060    -1.3929    32.0924    1439.67  0.000e+00
     59.679   63.02840 -173.46060    -1.3923    32.0922    1439.67  0.000e+00
     59.671   63.02840 -173.46060    -1.3923    32.0921    1439.67  0.000e+00
     59.679   63.02840 -173.46060    -1.3923    32.0921    1439.67  0.000e+00
     59.679   63.02840 -173.46060    -1.3919    32.0920    1439.67  0.000e+00
     59.733   63.02840 -173.46060    -1.3920    32.0923    1439.67  0.000e+00
     59.679   63.02840 -173.46060    -1.3916    32.0923    1439.68  0.000e+00
     59.733   63.02840 -173.46060    -1.3918    32.0922    1439.68  0.000e+00
     59.725   63.02840 -173.46060    -1.3914    32.0928    1439.68  0.000e+00
     59.733   63.02840 -173.46060    -1.3914    32.0927    1439.68  0.000e+00
     59.794   63.02840 -173.46060    -1.3912    32.0920    1439.68  0.000e+00
     59.733   63.02840 -173.46060    -1.3914    32.0924    1439.68  0.000e+00
     59.794   63.02840 -173.46060    -1.3911    32.0920    1439.68  0.000e+00
     59.725   63.02840 -173.46060    -1.3912    32.0922    1439.68  0.000e+00
     59.794   63.02840 -173.46060    -1.3912    32.0923    1439.68  0.000e+00
     59.848   63.02840 -173.46060    -1.3911    32.0919    1439.68  0.000e+00
     59.794   63.02840 -173.46060    -1.3910    32.0919    1439.68  0.000e+00
     59.794   63.02840 -173.46060    -1.3914    32.0924    1439.68  0.000e+00
     59.841   63.02840 -173.46060    -1.3912    32.0924    1439.68  0.000e+00
     59.848   63.02840 -173.46060    -1.3911    32.0922    1439.68  0.000e+00
     59.848   63.02840 -173.46060    -1.3910    32.0920    1439.68  0.000e+00
     59.848   63.02840 -173.46060    -1.3912    32.0924    1439.68  0.000e+00
     59.848   63.02840 -173.46060    -1.3910    32.0922    1439.68  0.000e+00
     59.848   63.02840 -173.46060    -1.3911    32.0924    1439.68  0.000e+00
     59.956   63.02840 -173.46060    -1.3909    32.0924    1439.68  0.000e+00
     59.910   63.02840 -173.46060    -1.3910    32.0923    1439.68  0.000e+00
     59.910   63.02840 -173.46060    -1.3910    32.0926    1439.68  0.000e+00
     59.910   63.02840 -173.46060    -1.3909    32.0925    1439.68  0.000e+00
     59.910   63.02840 -173.46060    -1.3910    32.0924    1439.68  0.000e+00
     59.956   63.02840 -173.46060    -1.3911    32.0921    1439.68  0.000e+00
     59.910   63.02840 -173.46060    -1.3909    32.0923    1439.68  0.000e+00
     59.964   63.02840 -173.46060    -1.3908    32.0920    1439.68  0.000e+00
     59.964   63.02840 -173.46060    -1.3910    32.0922    1439.68  0.000e+00
     59.964   63.02840 -173.46060    -1.3910    32.0925    1439.68  0.000e+00
     59.956   63.02840 -173.46060    -1.3910    32.0925    1439.68  0.000e+00
     60.018   63.02840 -173.46060    -1.3910    32.0922    1439.68  0.000e+00
     60.018   63.02840 -173.46060    -1.3910    32.0920    1439.68  0.000e+00
     60.018   63.02840 -173.46060    -1.3911    32.0923    1439.68  0.000e+00
     60.018   63.02840 -173.46060    -1.3912    32.0921    1439.68  0.000e+00
     59.956   63.02840 -173.46060    -1.3911    32.0923    1439.68  0.000e+00
     60.018   63.02840 -173.46060    -1.3912    32.0919    1439.68  0.000e+00
     59.910   63.02840 -173.46060    -1.3910    32.0920    1439.68  0.000e+00
     59.964   63.02840 -173.46060    -1.3911    32.0921    1439.68  0.000e+00
     59.910   63.02840 -173.46060    -1.3910    32.0917    1439.68  0.000e+00
     59.902   63.02840 -173.46060    -1.3910    32.0918    1439.68  0.000e+00
     59.848   63.02840 -173.46060    -1.3910    32.0919    1439.68  0.000e+00
     59.910   63.02840 -173.46060    -1.3908    32.0923    1439.68  0.000e+00
     59.848   63.02840 -173.46060    -1.3906    32.0921    1439.68  0.000e+00
     59.848   63.02840 -173.46060    -1.3903    32.0920    1439.68  0.000e+00
     59.910   63.02840 -173.46060    -1.3902    32.0916    1439.69  0.000e+00
     59.840   63.02840 -173.46060    -1.3901    32.0913    1439.68  0.000e+00
     59.910   63.02840 -173.46060    -1.3902    32.0918    1439.69  0.000e+00
     59.848   63.02840 -173.46060    -1.3903    32.0916    1439.68  0.000e+00
     59.910   63.02840 -173.46060    -1.3905    32.0918    1439.68  0.000e+00
     59.910   63.02840 -173.46060    -1.3902    32.0916    1439.69  0.000e+00
     59.902   63.02840 -173.46060    -1.3900    32.0916    1439.69  0.000e+00
     59.910   63.02840 -173.46060    -1.3896    32.0913    1439.69  0.000e+00
     59.964   63.02840 -173.46060    -1.3891    32.0915    1439.69  0.000e+00
     59.910   63.02840 -173.46060    -1.3886    32.0909    1439.69  0.000e+00
     59.910   63.02840 -173.46060    -1.3884    32.0912    1439.69  0.000e+00
     59.902   63.02840 -173.46060    -1.3877    32.0907    1439.70  0.000e+00
     59.848   63.02840 -173.46060    -1.3875    32.0908    1439.70  0.000e+00
     59.910   63.02840 -173.46060    -1.3873    32.0914    1439.70  0.000e+00
     59.848   63.02840 -173.46060    -1.3870    32.0912    1439.70  0.000e+00
     59.848   63.02840 -173.46060    -1.3868    32.0914    1439.70  0.000e+00
     59.910   63.02840 -173.46060    -1.3865    32.0911    1439.70  0.000e+00
     59.840   63.02840 -173.46060    -1.3864    32.0907    1439.70  0.000e+00
     59.848   63.02840 -173.46060    -1.3868    32.0905    1439.70  0.000e+00
     59.848   63.02840 -173.46060    -1.3868    32.0904    1439.70  0.000e+00
     59.848   63.02840 -173.46060    -1.3873    32.0904    1439.70  0.000e+00
     59.848   63.02840 -173.46060    -1.3877    32.0911    1439.70  0.000e+00
     59.902   63.02840 -173.46060    -1.3879    32.0915    1439.70  0.000e+00
     59.848   63.02840 -173.46060    -1.3879    32.0907    1439.69  0.000e+00
     59.909   63.02840 -173.46060    -1.3880    32.0904    1439.69  0.000e+00
     59.909   63.02840 -173.46060    -1.3877    32.0904    1439.70  0.000e+00
     59.848   63.02840 -173.46060    -1.3876    32.0904    1439.70  0.000e+00
     59.902   63.02840 -173.46060    -1.3884    32.0908    1439.69  0.000e+00
     59.909   63.02840 -173.46060    -1.3885    32.0905    1439.69  0.000e+00
     59.848   63.02840 -173.46060    -1.3887    32.0907    1439.69  0.000e+00
     59.909   63.02840 -173.46060    -1.3887    32.0903    1439.69  0.000e+00
     59.909   63.02840 -173.46060    -1.3890    32.0909    1439.69  0.000e+00
     59.840   63.02840 -173.46060    -1.3892    32.0905    1439.69  0.000e+00
     59.909   63.02840 -173.46060    -1.3893    32.0906    1439.69  0.000e+00
     59.848   63.02840 -173.46060    -1.3896    32.0908    1439.69  0.000e+00
     59.848   63.02840 -173.46060    -1.3898    32.0909    1439.69  0.000e+00
     59.848   63.02840 -173.46060    -1.3900    32.0908    1439.68  0.000e+00
     59.909   63.02840 -173.46060    -1.3899    32.0913    1439.69  0.000e+00
     59.840   63.02840 -173.46060    -1.3893    32.0908    1439.69  0.000e+00
     59.909   63.02840 -173.46060    -1.3888    32.0901    1439.69  0.000e+00
     59.848   63.02840 -173.46060    -1.3890    32.0901    1439.69  0.000e+00
     59.909   63.02840 -173.46060    -1.3893    32.0907    1439.69  0.000e+00
     59.909   63.02840 -173.46060    -1.3896    32.0905    1439.69  0.000e+00
     59.902   63.02840 -173.46060    -1.3900    32.0912    1439.69  0.000e+00
     59.909   63.02840 -173.46060    -1.3898    32.0906    1439.69  0.000e+00
     59.909   63.02840 -173.46060    -1.3902    32.0912    1439.68  0.000e+00
     59.909   63.02840 -173.46060    -1.3903    32.0911    1439.68  0.000e+00
     59.847   63.02840 -173.46060    -1.3903    32.0916    1439.68  0.000e+00
     59.956   63.02840 -173.46060    -1.3900    32.0913    1439.69  0.000e+00
     59.909   63.02840 -173.46060    -1.3898    32.0910    1439.69  0.000e+00
     59.909   63.02840 -173.46060    -1.3900    32.0909    1439.69  0.000e+00
     59.909   63.02840 -173.46060    -1.3902    32.0911    1439.68  0.000e+00
     59.909   63.02840 -173.46060    -1.3901    32.0908    1439.68  0.000e+00
     59.909   63.02840 -173.46060    -1.3902    32.0910    1439.68  0.000e+00
     59.901   63.02840 -173.46060    -1.3902    32.0909    1439.68  0.000e+00
     59.847   63.02840 -173.46060    -1.3901    32.0909    1439.68  0.000e+00
     59.963   63.02840 -173.46060    -1.3900    32.0912    1439.69  0.000e+00
     59.909   63.02840 -173.46060    -1.3899    32.0910    1439.69  0.000e+00
     59.909   63.02840 -173.46060    -1.3900    32.0914    1439.69  0.000e+00
     59.901   63.02840 -173.46060    -1.3899    32.0911    1439.69  0.000e+00
     59.963   63.02840 -173.46060    -1.3899    32.0909    1439.69  0.000e+00
     59.909   63.02840 -173.46060    -1.3895    32.0906    1439.69  0.000e+00
     59.963   63.02840 -173.46060    -1.3897    32.0909    1439.69  0.000e+00
     59.909   63.02840 -173.46060    -1.3897    32.0909    1439.69  0.000e+00
     59.955   63.02840 -173.46060    -1.3898    32.0906    1439.69  0.000e+00
     59.963   63.02840 -173.46060    -1.3897    32.0903    1439.69  0.000e+00
     59.963   63.02840 -173.46060    -1.3900    32.0908    1439.69  0.000e+00
     59.963   63.02840 -173.46060    -1.3900    32.0908    1439.69  0.000e+00
     59.909   63.02840 -173.46060    -1.3902    32.0910    1439.68  0.000e+00
     59.955   63.02840 -173.46060    -1.3903    32.0911    1439.69  0.000e+00
     59.963   63.02840 -173.46060    -1.3905    32.0912    1439.68  0.000e+00
     59.963   63.02840 -173.46060    -1.3905    32.0915    1439.68  0.000e+00
     59.963   63.02840 -173.46060    -1.3906    32.0916    1439.68  0.000e+00
     59.963   63.02840 -173.46060    -1.3908    32.0917    1439.68  0.000e+00
     59.963   63.02840 -173.46060    -1.3910    32.0919    1439.68  0.000e+00
     59.955   63.02840 -173.46060    -1.3906    32.0919    1439.68  0.000e+00
     59.963   63.02840 -173.46060    -1.3905    32.0918    1439.69  0.000e+00
     59.963   63.02840 -173.46060    -1.3903    32.0917    1439.69  0.000e+00
     60.017   63.02840 -173.46060    -1.3903    32.0919    1439.69  0.000e+00
     59.963   63.02840 -173.46060    -1.3900    32.0917    1439.69  0.000e+00
     59.955   63.02840 -173.46060    -1.3903    32.0917    1439.69  0.000e+00
     60.017   63.02840 -173.46060    -1.3903    32.0914    1439.69  0.000e+00
     60.017   63.02840 -173.46060    -1.3903    32.0914    1439.69  0.000e+00
     60.017   63.02840 -173.46060    -1.3903    32.0914    1439.69  0.000e+00
     59.963   63.02840 -173.46060    -1.3906    32.0918    1439.68  0.000e+00
     60.017   63.02840 -173.46060    -1.3905    32.0919    1439.69  0.000e+00
     60.017   63.02840 -173.46060    -1.3901    32.0919    1439.69  0.000e+00
     60.017   63.02840 -173.46060    -1.3902    32.0922    1439.69  0.000e+00
     60.017   63.02840 -173.46060    -1.3905    32.0926    1439.69  0.000e+00
     60.017   63.02840 -173.46060    -1.3907    32.0925    1439.69  0.000e+00
     59.955   63.02840 -173.46060    -1.3907    32.0926    1439.69  0.000e+00
     60.078   63.02840 -173.46060    -1.3905    32.0928    1439.69  0.000e+00
     60.017   63.02840 -173.46060    -1.3898    32.0926    1439.69  0.000e+00
     60.017   63.02840 -173.46060    -1.3888    32.0920    1439.69  0.000e+00
     60.017   63.02840 -173.46060    -1.3887    32.0920    1439.70  0.000e+00
     60.071   63.02840 -173.46060    -1.3889    32.0913    1439.69  0.000e+00
     60.017   63.02840 -173.46060    -1.3887    32.0911    1439.69  0.000e+00
     60.078   63.02840 -173.46060    -1.3887    32.0911    1439.69  0.000e+00
     60.078   63.02840 -173.46060    -1.3892    32.0912    1439.69  0.000e+00
     60.017   63.02840 -173.46060    -1.3894    32.0911    1439.69  0.000e+00
     60.078   63.02840 -173.46060    -1.3894    32.0908    1439.69  0.000e+00
     60.071   63.02840 -173.46060    -1.3893    32.0909    1439.69  0.000e+00
     60.078   63.02840 -173.46060    -1.3896    32.0909    1439.69  0.000e+00
     60.078   63.02840 -173.46060    -1.3900    32.0914    1439.69  0.000e+00
     60.016   63.02840 -173.46060    -1.3903    32.0913    1439.69  0.000e+00
     60.132   63.02840 -173.46060    -1.3900    32.0908    1439.69  0.000e+00
     60.071   63.02840 -173.46060    -1.3898    32.0908    1439.69  0.000e+00
     60.078   63.02840 -173.46060    -1.3899    32.0907    1439.69  0.000e+00
     60.078   63.02840 -173.46060    -1.3899    32.0905    1439.69  0.000e+00
     60.078   63.02840 -173.46060    -1.3903    32.0912    1439.69  0.000e+00
     60.132   63.02840 -173.46060    -1.3903    32.0914    1439.69  0.000e+00
     60.070   63.02840 -173.46060    -1.3907    32.0914    1439.69  0.000e+00
     60.132   63.02840 -173.46060    -1.3904    32.0913    1439.69  0.000e+00
     60.078   63.02840 -173.46060    -1.3907    32.0914    1439.69  0.000e+00
     60.132   63.02840 -173.46060    -1.3907    32.0914    1439.69  0.000e+00
     60.132   63.02840 -173.46060    -1.3909    32.0915    1439.69  0.000e+00
     60.070   63.02840 -173.46060    -1.3908    32.0915    1439.69  0.000e+00
     60.132   63.02840 -173.46060    -1.3908    32.0914    1439.69  0.000e+00
     60.132   63.02840 -173.46060    -1.3910    32.0920    1439.69  0.000e+00
     60.132   63.02840 -173.46060    -1.3907    32.0918    1439.69  0.000e+00
     60.132   63.02840 -173.46060    -1.3905    32.0913    1439.69  0.000e+00
     60.124   63.02840 -173.46060    -1.3906    32.0916    1439.69  0.000e+00
