EcoFOCI/data/1_SampleCollection/2023_SikuliaqDBO_CruiseData/CTD_raw_BottleFile_SKQ23-12S/proc/skq202312s_047.ros
* Sea-Bird SBE 9 Data File:
* FileName = D:\CTD\SKQ202312S\SKQ202312S_047.hex
* Software Version Seasave V 7.26.7.121
* Temperature SN = 6177
* Conductivity SN = 0369
* Number of Bytes Per Scan = 41
* Number of Voltage Words = 4
* Number of Scans Averaged by the Deck Unit = 1
* NMEA Latitude = 71 43.16 N
* NMEA Longitude = 161 46.33 W
* NMEA UTC (Time) = Sep 25 2023  03:05:57
* NMEA baud rate = 4800
** Ship: R/V Sikuliaq
** Station Number: 047
** Station Name: DBO4.5n
** Bottom Depth: 44
** Operator: SS
# nquan = 22
# nvalues = 735                                   
# units = specified
# name 0 = depSM: Depth [salt water, m]
# name 1 = latitude: Latitude [deg]
# name 2 = longitude: Longitude [deg]
# name 3 = prDM: Pressure, Digiquartz [db]
# name 4 = t090C: Temperature [ITS-90, deg C]
# name 5 = t190C: Temperature, 2 [ITS-90, deg C]
# name 6 = potemp090C: Potential Temperature [ITS-90, deg C]
# name 7 = sal00: Salinity, Practical [PSU]
# name 8 = sal11: Salinity, Practical, 2 [PSU]
# name 9 = density00: Density [density, kg/m^3]
# name 10 = sigma-é00: Density [sigma-theta, kg/m^3]
# name 11 = sbox0Mm/Kg: Oxygen, SBE 43 [umol/kg]
# name 12 = sbox1Mm/Kg: Oxygen, SBE 43, 2 [umol/kg]
# name 13 = oxsolMm/Kg: Oxygen Saturation, Garcia & Gordon [umol/kg]
# name 14 = sbeox0PS: Oxygen, SBE 43 [% saturation]
# name 15 = v0: Voltage 0
# name 16 = flECO-AFL: Fluorescence, WET Labs ECO-AFL/FL [mg/m^3]
# name 17 = CStarAt0: Beam Attenuation, WET Labs C-Star [1/m]
# name 18 = par: PAR/Irradiance, Biospherical/Licor
# name 19 = scan: Scan Count
# name 20 = nbf: Bottles Fired
# name 21 = flag:  0.000e+00
# interval = seconds: 0.0416667
# start_time = Sep 25 2023 03:09:44 [NMEA time, first data scan]
# bad_flag = -9.990e-29
*END*
[from data line 132]
     37.734   71.71928 -161.77238     38.127    -0.6682    -0.6720    -0.6692    32.6495    32.6586  1026.4200    26.2370    290.462    274.808  360.67956     80.532     0.1111     0.3187     1.8774 4.0740e-02       6788          3  0.000e+00
     37.742   71.71928 -161.77238     38.135    -0.6669    -0.6726    -0.6679    32.6486    32.6593  1026.4192    26.2361    290.726    274.801  360.67036     80.607     0.1123     0.3260     1.8774 4.9483e-02       6789          3  0.000e+00
     37.742   71.71928 -161.77238     38.135    -0.6654    -0.6737    -0.6664    32.6477    32.6601  1026.4184    26.2354    290.531    274.801  360.65871     80.556     0.1111     0.3187     1.8774 5.3790e-02       6790          3  0.000e+00
     37.788   71.71928 -161.77238     38.182    -0.6639    -0.6747    -0.6649    32.6464    32.6615  1026.4176    26.2343    290.789    274.801  360.64760     80.630     0.1111     0.3187     1.8774 5.3790e-02       6791          3  0.000e+00
     37.688   71.71928 -161.77238     38.080    -0.6620    -0.6751    -0.6630    32.6447    32.6619  1026.4156    26.2328    290.581    274.793  360.63402     80.575     0.1111     0.3187     1.8774 5.1384e-02       6792          3  0.000e+00
     37.742   71.71928 -161.77238     38.135    -0.6613    -0.6749    -0.6623    32.6444    32.6615  1026.4156    26.2326    290.589    274.789  360.62836     80.579     0.1123     0.3260     1.8774 4.9956e-02       6793          3  0.000e+00
     37.734   71.71928 -161.77238     38.127    -0.6611    -0.6744    -0.6621    32.6447    32.6615  1026.4158    26.2327    290.597    274.781  360.62603     80.581     0.1099     0.3113     1.8774 4.9483e-02       6794          3  0.000e+00
     37.742   71.71928 -161.77238     38.135    -0.6607    -0.6741    -0.6617    32.6446    32.6611  1026.4158    26.2327    290.601    274.999  360.62176     80.583     0.1111     0.3187     1.8774 3.9401e-02       6795          3  0.000e+00
     37.742   71.71928 -161.77238     38.135    -0.6604    -0.6738    -0.6614    32.6443    32.6612  1026.4155    26.2324    290.605    275.024  360.62053     80.585     0.1111     0.3187     1.8774 3.2451e-02       6796          3  0.000e+00
     37.734   71.71928 -161.77238     38.127    -0.6604    -0.6734    -0.6614    32.6442    32.6605  1026.4154    26.2324    290.608    275.049  360.62026     80.586     0.1111     0.3187     1.8774 3.2027e-02       6797          3  0.000e+00
     37.688   71.71928 -161.77238     38.080    -0.6601    -0.6731    -0.6610    32.6441    32.6602  1026.4150    26.2322    290.606    274.851  360.61737     80.586     0.1123     0.3260     1.8774 3.7196e-02       6798          3  0.000e+00
     37.742   71.71928 -161.77238     38.135    -0.6602    -0.6729    -0.6612    32.6445    32.6597  1026.4156    26.2326    290.858    274.851  360.61735     80.656     0.1111     0.3187     1.8774 4.2542e-02       6799          3  0.000e+00
     37.688   71.71928 -161.77238     38.080    -0.6598    -0.6730    -0.6608    32.6445    32.6598  1026.4154    26.2326    290.596    274.850  360.61335     80.584     0.1123     0.3260     1.8774 4.3450e-02       6800          3  0.000e+00
     37.734   71.71928 -161.77238     38.127    -0.6599    -0.6741    -0.6609    32.6446    32.6610  1026.4157    26.2327    290.592    274.860  360.61466     80.582     0.1111     0.3187     1.8725 4.4364e-02       6801          3  0.000e+00
     37.688   71.71928 -161.77238     38.080    -0.6599    -0.6750    -0.6609    32.6446    32.6615  1026.4155    26.2327    290.580    274.866  360.61470     80.579     0.1123     0.3260     1.8461 4.6207e-02       6802          3  0.000e+00
     30.129   71.71928 -161.77240     30.442    -0.6369    -0.6358    -0.6377    32.6472    32.6580  1026.3800    26.2339    292.543    277.978  360.38765     81.174     0.1074     0.2967     1.7582 7.2075e-01       9811          4  0.000e+00
     30.167   71.71928 -161.77240     30.481    -0.6368    -0.6358    -0.6376    32.6470    32.6579  1026.3801    26.2338    292.543    277.963  360.38649     81.175     0.1074     0.2967     1.7502 7.1839e-01       9812          4  0.000e+00
     30.183   71.71928 -161.77240     30.497    -0.6369    -0.6359    -0.6377    32.6473    32.6580  1026.3804    26.2340    292.295    277.977  360.38726     81.106     0.1074     0.2967     1.7486 7.2075e-01       9813          4  0.000e+00
     30.167   71.71928 -161.77240     30.481    -0.6368    -0.6358    -0.6376    32.6466    32.6582  1026.3797    26.2334    292.251    277.955  360.38769     81.093     0.1074     0.2967     1.7486 7.2311e-01       9814          4  0.000e+00
     30.183   71.71928 -161.77240     30.497    -0.6368    -0.6357    -0.6376    32.6473    32.6582  1026.3803    26.2339    292.457    277.933  360.38641     81.151     0.1087     0.3040     1.7486 7.2311e-01       9815          4  0.000e+00
     30.129   71.71928 -161.77240     30.442    -0.6366    -0.6360    -0.6374    32.6467    32.6582  1026.3796    26.2335    292.209    277.908  360.38568     81.082     0.1074     0.2967     1.7486 7.2311e-01       9816          4  0.000e+00
     30.229   71.71928 -161.77240     30.544    -0.6368    -0.6361    -0.6376    32.6467    32.6582  1026.3801    26.2335    292.174    277.885  360.38744     81.072     0.1111     0.3187     1.7486 7.1839e-01       9817          4  0.000e+00
     30.129   71.71928 -161.77240     30.442    -0.6366    -0.6361    -0.6374    32.6469    32.6581  1026.3798    26.2337    292.130    277.884  360.38520     81.060     0.1123     0.3260     1.7486 7.1605e-01       9818          4  0.000e+00
     30.113   71.71928 -161.77240     30.427    -0.6368    -0.6360    -0.6376    32.6469    32.6578  1026.3797    26.2337    292.095    278.103  360.38737     81.050     0.1136     0.3333     1.7486 7.1605e-01       9819          4  0.000e+00
     30.298   71.71928 -161.77240     30.614    -0.6366    -0.6361    -0.6374    32.6466    32.6581  1026.3803    26.2334    292.066    277.917  360.38609     81.043     0.1123     0.3260     1.7486 7.1370e-01       9820          4  0.000e+00
     30.167   71.71928 -161.77240     30.481    -0.6366    -0.6359    -0.6374    32.6470    32.6580  1026.3800    26.2337    292.277    277.907  360.38502     81.101     0.1136     0.3333     1.7486 7.1137e-01       9821          4  0.000e+00
     30.183   71.71928 -161.77240     30.497    -0.6369    -0.6361    -0.6377    32.6477    32.6583  1026.3807    26.2343    292.043    277.873  360.38630     81.036     0.1123     0.3260     1.7486 7.1137e-01       9822          4  0.000e+00
     30.167   71.71928 -161.77240     30.481    -0.6366    -0.6358    -0.6374    32.6467    32.6577  1026.3798    26.2335    292.011    277.832  360.38587     81.027     0.1123     0.3260     1.7486 7.0671e-01       9823          4  0.000e+00
     30.183   71.71928 -161.77240     30.497    -0.6365    -0.6361    -0.6373    32.6464    32.6585  1026.3797    26.2333    292.031    277.793  360.38600     81.033     0.1136     0.3333     1.7486 7.0208e-01       9824          4  0.000e+00
     30.167   71.71928 -161.77240     30.481    -0.6368    -0.6363    -0.6376    32.6469    32.6585  1026.3799    26.2336    292.006    277.781  360.38697     81.026     0.1123     0.3260     1.7486 6.9978e-01       9825          4  0.000e+00
     30.183   71.71928 -161.77240     30.497    -0.6368    -0.6363    -0.6376    32.6468    32.6585  1026.3799    26.2335    291.984    277.768  360.38724     81.020     0.1136     0.3333     1.7486 7.0439e-01       9826          4  0.000e+00
     30.229   71.71928 -161.77240     30.544    -0.6366    -0.6363    -0.6374    32.6467    32.6582  1026.3801    26.2335    291.963    277.755  360.38573     81.014     0.1123     0.3260     1.7486 7.1137e-01       9827          4  0.000e+00
     30.183   71.71928 -161.77240     30.497    -0.6368    -0.6366    -0.6376    32.6469    32.6585  1026.3800    26.2336    291.943    277.739  360.38688     81.008     0.1123     0.3260     1.7486 7.1370e-01       9828          4  0.000e+00
     30.113   71.71928 -161.77240     30.427    -0.6370    -0.6363    -0.6378    32.6471    32.6584  1026.3798    26.2338    291.427    277.717  360.38860     80.865     0.1123     0.3260     1.7486 7.1137e-01       9829          4  0.000e+00
     30.299   71.71928 -161.77240     30.614    -0.6368    -0.6363    -0.6376    32.6466    32.6579  1026.3803    26.2334    291.828    277.706  360.38780     80.976     0.1123     0.3260     1.7486 7.0671e-01       9830          4  0.000e+00
     30.183   71.71928 -161.77240     30.497    -0.6369    -0.6361    -0.6377    32.6473    32.6581  1026.3804    26.2340    291.564    277.680  360.38739     80.903     0.1123     0.3260     1.7486 7.0439e-01       9831          4  0.000e+00
     30.229   71.71928 -161.77240     30.544    -0.6372    -0.6361    -0.6380    32.6473    32.6582  1026.3806    26.2340    291.766    277.660  360.39003     80.958     0.1123     0.3260     1.7502 7.0671e-01       9832          4  0.000e+00
     30.183   71.71928 -161.77240     30.497    -0.6368    -0.6360    -0.6376    32.6471    32.6581  1026.3802    26.2338    291.508    277.667  360.38640     80.888     0.1136     0.3333     1.7518 7.0903e-01       9833          4  0.000e+00
     30.229   71.71928 -161.77240     30.544    -0.6370    -0.6360    -0.6378    32.6470    32.6578  1026.3804    26.2338    291.465    277.647  360.38867     80.875     0.1123     0.3260     1.7518 7.0903e-01       9834          4  0.000e+00
     30.245   71.71928 -161.77240     30.559    -0.6369    -0.6358    -0.6377    32.6472    32.6576  1026.3806    26.2339    291.672    277.623  360.38761     80.933     0.1136     0.3333     1.7518 7.1137e-01       9835          4  0.000e+00
     30.167   71.71928 -161.77240     30.481    -0.6368    -0.6358    -0.6376    32.6471    32.6581  1026.3801    26.2338    291.424    277.593  360.38637     80.864     0.1123     0.3260     1.7518 7.1370e-01       9836          4  0.000e+00
     30.245   71.71928 -161.77240     30.559    -0.6369    -0.6360    -0.6377    32.6472    32.6581  1026.3806    26.2339    291.392    277.572  360.38773     80.855     0.1123     0.3260     1.7502 7.1370e-01       9837          4  0.000e+00
     30.229   71.71928 -161.77240     30.544    -0.6371    -0.6360    -0.6378    32.6468    32.6581  1026.3802    26.2336    291.361    277.575  360.38988     80.846     0.1123     0.3260     1.7518 7.1370e-01       9838          4  0.000e+00
     30.245   71.71928 -161.77240     30.559    -0.6370    -0.6358    -0.6378    32.6466    32.6579  1026.3801    26.2334    291.333    277.578  360.38990     80.838     0.1123     0.3260     1.7502 7.1370e-01       9839          4  0.000e+00
     30.229   71.71928 -161.77240     30.544    -0.6369    -0.6361    -0.6377    32.6467    32.6580  1026.3801    26.2335    291.556    277.553  360.38903     80.900     0.1136     0.3333     1.7518 7.1370e-01       9840          4  0.000e+00
     30.245   71.71928 -161.77240     30.559    -0.6369    -0.6358    -0.6377    32.6470    32.6573  1026.3805    26.2338    291.329    277.524  360.38809     80.838     0.1123     0.3260     1.7518 7.1605e-01       9841          4  0.000e+00
     30.229   71.71928 -161.77240     30.544    -0.6371    -0.6360    -0.6378    32.6472    32.6579  1026.3805    26.2339    291.511    277.493  360.38880     80.888     0.1136     0.3333     1.7518 7.0903e-01       9842          4  0.000e+00
     30.245   71.71928 -161.77240     30.559    -0.6368    -0.6357    -0.6376    32.6471    32.6581  1026.3805    26.2338    291.287    277.713  360.38626     80.826     0.1172     0.3553     1.7518 7.0208e-01       9843          4  0.000e+00
     30.245   71.71928 -161.77240     30.559    -0.6368    -0.6358    -0.6376    32.6469    32.6577  1026.3803    26.2336    291.321    277.743  360.38747     80.835     0.1197     0.3699     1.7518 7.0208e-01       9844          4  0.000e+00
     30.229   71.71928 -161.77240     30.544    -0.6369    -0.6358    -0.6377    32.6468    32.6576  1026.3802    26.2336    291.312    277.770  360.38879     80.833     0.1184     0.3626     1.7502 7.0439e-01       9845          4  0.000e+00
     30.299   71.71928 -161.77240     30.614    -0.6368    -0.6361    -0.6376    32.6468    32.6581  1026.3805    26.2336    291.556    277.579  360.38707     80.901     0.1184     0.3626     1.7518 7.0903e-01       9846          4  0.000e+00
     30.229   71.71928 -161.77240     30.544    -0.6368    -0.6360    -0.6376    32.6471    32.6578  1026.3804    26.2338    291.346    277.572  360.38624     80.843     0.1184     0.3626     1.7518 7.0903e-01       9847          4  0.000e+00
     30.245   71.71928 -161.77240     30.559    -0.6369    -0.6358    -0.6377    32.6467    32.6575  1026.3802    26.2335    291.349    277.568  360.38893     80.843     0.1197     0.3699     1.7518 7.0903e-01       9848          4  0.000e+00
     30.229   71.71928 -161.77240     30.544    -0.6368    -0.6360    -0.6376    32.6473    32.6580  1026.3806    26.2340    291.350    277.564  360.38624     80.844     0.1197     0.3699     1.7518 7.0439e-01       9849          4  0.000e+00
     30.299   71.71928 -161.77240     30.614    -0.6366    -0.6357    -0.6374    32.6470    32.6575  1026.3807    26.2337    291.110    277.562  360.38489     80.777     0.1184     0.3626     1.7518 7.0439e-01       9850          4  0.000e+00
     30.283   71.71928 -161.77240     30.598    -0.6369    -0.6359    -0.6377    32.6472    32.6577  1026.3808    26.2339    291.079    277.559  360.38768     80.768     0.1197     0.3699     1.7518 7.0439e-01       9851          4  0.000e+00
     30.245   71.71928 -161.77240     30.559    -0.6368    -0.6358    -0.6376    32.6469    32.6578  1026.3803    26.2336    291.050    277.774  360.38698     80.760     0.1184     0.3626     1.7582 7.0671e-01       9852          4  0.000e+00
     30.229   71.71928 -161.77240     30.544    -0.6371    -0.6360    -0.6379    32.6473    32.6578  1026.3806    26.2340    291.280    277.578  360.38893     80.824     0.1197     0.3699     1.7631 7.0671e-01       9853          4  0.000e+00
     30.299   71.71928 -161.77240     30.614    -0.6368    -0.6358    -0.6376    32.6470    32.6578  1026.3806    26.2337    291.558    277.543  360.38671     80.901     0.1184     0.3626     1.7647 7.0671e-01       9854          4  0.000e+00
     30.283   71.71928 -161.77240     30.598    -0.6368    -0.6361    -0.6376    32.6468    32.6582  1026.3805    26.2336    291.385    277.759  360.38705     80.853     0.1197     0.3699     1.7647 7.0903e-01       9855          4  0.000e+00
     30.245   71.71928 -161.77240     30.559    -0.6368    -0.6358    -0.6376    32.6467    32.6579  1026.3802    26.2335    291.371    277.779  360.38734     80.849     0.1184     0.3626     1.7631 7.0903e-01       9856          4  0.000e+00
     30.299   71.71928 -161.77240     30.614    -0.6366    -0.6360    -0.6374    32.6468    32.6580  1026.3805    26.2336    291.408    277.803  360.38549     80.860     0.1197     0.3699     1.7631 7.0903e-01       9857          4  0.000e+00
     30.283   71.71928 -161.77240     30.598    -0.6368    -0.6358    -0.6376    32.6471    32.6579  1026.3807    26.2338    291.449    277.821  360.38694     80.871     0.1197     0.3699     1.7631 6.9519e-01       9858          4  0.000e+00
     30.245   71.71928 -161.77240     30.559    -0.6366    -0.6358    -0.6374    32.6468    32.6578  1026.3803    26.2336    291.490    277.838  360.38552     80.883     0.1184     0.3626     1.7631 6.9063e-01       9859          4  0.000e+00
     30.245   71.71928 -161.77240     30.560    -0.6371    -0.6361    -0.6378    32.6467    32.6580  1026.3802    26.2335    292.705    277.886  360.39003     81.219     0.1123     0.3260     1.7310 7.0671e-01      10010          5  0.000e+00
