EcoFOCI/data/1_SampleCollection/2023_SikuliaqDBO_CruiseData/CTD_raw_BottleFile_SKQ23-12S/proc/skq202312s_028.ros
* Sea-Bird SBE 9 Data File:
* FileName = D:\CTD\SKQ202312S\SKQ202312S_028.hex
* Software Version Seasave V 7.26.7.121
* Temperature SN = 6177
* Conductivity SN = 0369
* Number of Bytes Per Scan = 41
* Number of Voltage Words = 4
* Number of Scans Averaged by the Deck Unit = 1
* NMEA Latitude = 71 22.34 N
* NMEA Longitude = 157 24.94 W
* NMEA UTC (Time) = Sep 21 2023  03:13:25
* NMEA baud rate = 4800
** Ship: R/V Sikuliaq
** Station Number: 028
** Station Name: DBO5.4
** Bottom Depth: 112
** Operator: SD
# nquan = 22
# nvalues = 1127                                  
# units = specified
# name 0 = depSM: Depth [salt water, m]
# name 1 = latitude: Latitude [deg]
# name 2 = longitude: Longitude [deg]
# name 3 = prDM: Pressure, Digiquartz [db]
# name 4 = t090C: Temperature [ITS-90, deg C]
# name 5 = t190C: Temperature, 2 [ITS-90, deg C]
# name 6 = potemp090C: Potential Temperature [ITS-90, deg C]
# name 7 = sal00: Salinity, Practical [PSU]
# name 8 = sal11: Salinity, Practical, 2 [PSU]
# name 9 = density00: Density [density, kg/m^3]
# name 10 = sigma-é00: Density [sigma-theta, kg/m^3]
# name 11 = sbox0Mm/Kg: Oxygen, SBE 43 [umol/kg]
# name 12 = sbox1Mm/Kg: Oxygen, SBE 43, 2 [umol/kg]
# name 13 = oxsolMm/Kg: Oxygen Saturation, Garcia & Gordon [umol/kg]
# name 14 = sbeox0PS: Oxygen, SBE 43 [% saturation]
# name 15 = v0: Voltage 0
# name 16 = flECO-AFL: Fluorescence, WET Labs ECO-AFL/FL [mg/m^3]
# name 17 = CStarAt0: Beam Attenuation, WET Labs C-Star [1/m]
# name 18 = par: PAR/Irradiance, Biospherical/Licor
# name 19 = scan: Scan Count
# name 20 = nbf: Bottles Fired
# name 21 = flag:  0.000e+00
# interval = seconds: 0.0416667
# start_time = Sep 21 2023 03:18:10 [NMEA time, first data scan]
# bad_flag = -9.990e-29
*END*
[from data line 593]
     29.602   71.37284 -157.41054     29.909     0.4657     0.3701     0.4647    31.9316    31.9749  1025.7503    25.6076    357.813    330.073  352.06802    101.632     0.0684     0.0623     0.5747 4.5283e-02      27355         13  0.000e+00
     29.617   71.37284 -157.41054     29.925     0.4642     0.3646     0.4632    31.9329    31.9769  1025.7515    25.6087    357.871    330.145  352.07870    101.645     0.0684     0.0623     0.5747 4.0292e-02      27356         13  0.000e+00
     29.664   71.37284 -157.41054     29.972     0.4637     0.3558     0.4627    31.9322    31.9807  1025.7512    25.6082    357.933    330.026  352.08464    101.661     0.0684     0.0623     0.5747 3.8074e-02      27357         13  0.000e+00
     29.617   71.37284 -157.41054     29.925     0.4617     0.3495     0.4607    31.9320    31.9841  1025.7510    25.6082    357.971    330.091  352.10346    101.666     0.0684     0.0623     0.5747 3.7635e-02      27358         13  0.000e+00
     29.602   71.37284 -157.41054     29.909     0.4582     0.3488     0.4571    31.9336    31.9861  1025.7524    25.6096    358.029    330.132  352.13187    101.675     0.0672     0.0549     0.5747 3.8074e-02      27359         13  0.000e+00
     29.617   71.37284 -157.41054     29.925     0.4563     0.3475     0.4553    31.9356    31.9902  1025.7541    25.6113    357.880    330.198  352.14318    101.629     0.0684     0.0623     0.5747 3.8516e-02      27360         13  0.000e+00
     29.664   71.37284 -157.41054     29.972     0.4568     0.3474     0.4557    31.9367    31.9908  1025.7552    25.6121    358.114    330.259  352.13626    101.698     0.0696     0.0696     0.5747 3.8516e-02      27361         13  0.000e+00
     29.617   71.37284 -157.41054     29.925     0.4583     0.3517     0.4573    31.9366    31.9845  1025.7548    25.6120    358.145    330.314  352.12225    101.711     0.0684     0.0623     0.5747 3.5454e-02      27362         13  0.000e+00
     29.664   71.37284 -157.41054     29.972     0.4609     0.3558     0.4599    31.9352    31.9767  1025.7538    25.6108    358.180    330.187  352.10192    101.726     0.0684     0.0623     0.5747 3.2877e-02      27363         13  0.000e+00
     29.617   71.37284 -157.41054     29.925     0.4640     0.3525     0.4630    31.9331    31.9768  1025.7517    25.6089    358.215    330.504  352.07976    101.743     0.0684     0.0623     0.5747 3.2451e-02      27364         13  0.000e+00
     29.602   71.37284 -157.41054     29.909     0.4680     0.3485     0.4670    31.9298    31.9788  1025.7488    25.6060    358.251    330.660  352.05200    101.761     0.0684     0.0623     0.5747 3.4160e-02      27365         13  0.000e+00
     29.679   71.37284 -157.41054     29.987     0.4719     0.3450     0.4709    31.9267    31.9802  1025.7464    25.6033    358.299    330.839  352.02475    101.782     0.0684     0.0623     0.5747 3.5887e-02      27366         13  0.000e+00
     29.617   71.37284 -157.41054     29.925     0.4727     0.3434     0.4716    31.9261    31.9805  1025.7456    25.6028    358.616    330.988  352.01974    101.874     0.0684     0.0623     0.5711 3.5887e-02      27367         13  0.000e+00
     29.664   71.37284 -157.41054     29.972     0.4724     0.3433     0.4713    31.9258    31.9806  1025.7457    25.6026    358.514    331.121  352.02293    101.844     0.0684     0.0623     0.5389 3.5021e-02      27368         13  0.000e+00
     29.617   71.37284 -157.41054     29.925     0.4714     0.3437     0.4704    31.9263    31.9801  1025.7459    25.6031    358.618    331.266  352.03031    101.871     0.0684     0.0623     0.5247 3.3731e-02      27369         13  0.000e+00
     29.664   71.37284 -157.41054     29.972     0.4698     0.3433     0.4687    31.9283    31.9804  1025.7478    25.6047    358.693    331.412  352.04027    101.890     0.0684     0.0623     0.5235 3.3303e-02      27370         13  0.000e+00
     29.617   71.37284 -157.41054     29.925     0.4699     0.3407     0.4689    31.9294    31.9829  1025.7484    25.6056    358.752    331.587  352.03576    101.908     0.0684     0.0623     0.5247 3.5021e-02      27371         13  0.000e+00
     29.664   71.37284 -157.41054     29.972     0.4718     0.3379     0.4707    31.9293    31.9854  1025.7485    25.6054    358.806    331.758  352.01912    101.928     0.0684     0.0623     0.5259 3.8958e-02      27372         13  0.000e+00
     29.617   71.37284 -157.41054     29.925     0.4753     0.3352     0.4743    31.9275    31.9864  1025.7466    25.6038    358.846    331.917  351.99143    101.947     0.0684     0.0623     0.5247 4.0740e-02      27373         13  0.000e+00
     29.602   71.37284 -157.41054     29.909     0.4787     0.3348     0.4777    31.9254    31.9840  1025.7447    25.6019    358.896    331.865  351.96610    101.969     0.0684     0.0623     0.5259 3.8958e-02      27374         13  0.000e+00
     29.679   71.37284 -157.41054     29.987     0.4796     0.3353     0.4786    31.9226    31.9814  1025.7428    25.5996    358.940    332.227  351.96555    101.982     0.0684     0.0623     0.5259 3.1604e-02      27375         13  0.000e+00
     29.602   71.37284 -157.41054     29.909     0.4728     0.3346     0.4718    31.9243    31.9825  1025.7441    25.6014    359.096    332.171  352.02306    102.009     0.0720     0.0842     0.5259 2.8677e-02      27376         13  0.000e+00
     29.679   71.37284 -157.41054     29.987     0.4671     0.3349     0.4661    31.9280    31.9838  1025.7477    25.6046    359.442    332.528  352.06509    102.095     0.0830     0.1502     0.5259 2.9925e-02      27377         13  0.000e+00
     29.602   71.37284 -157.41054     29.909     0.4679     0.3387     0.4669    31.9310    31.9853  1025.7498    25.6070    359.277    332.644  352.04965    102.053     0.0867     0.1721     0.5259 3.9401e-02      27378         13  0.000e+00
     29.679   71.37284 -157.41054     29.987     0.4718     0.3452     0.4707    31.9330    31.9838  1025.7515    25.6084    359.051    332.760  352.00910    102.000     0.0879     0.1795     0.5259 4.4364e-02      27379         13  0.000e+00
     29.664   71.37284 -157.41054     29.972     0.4795     0.3491     0.4785    31.9301    31.9845  1025.7488    25.6057    359.233    332.907  351.94592    102.071     0.0867     0.1721     0.5247 4.4364e-02      27380         13  0.000e+00
     29.617   71.37284 -157.41054     29.925     0.4860     0.3526     0.4849    31.9257    31.9830  1025.7447    25.6019    359.239    333.018  351.89881    102.086     0.0867     0.1721     0.5247 3.9846e-02      27381         13  0.000e+00
     29.602   71.37284 -157.41054     29.909     0.4912     0.3579     0.4902    31.9207    31.9809  1025.7403    25.5975    359.221    333.126  351.86469    102.091     0.0855     0.1648     0.5259 3.7635e-02      27382         13  0.000e+00
     29.679   71.37284 -157.41054     29.987     0.4933     0.3640     0.4922    31.9191    31.9823  1025.7392    25.5961    358.993    333.202  351.85033    102.030     0.0867     0.1721     0.5259 3.7196e-02      27383         13  0.000e+00
     29.602   71.37284 -157.41054     29.909     0.4884     0.3701     0.4874    31.9190    31.9865  1025.7391    25.5963    359.465    333.275  351.89469    102.151     0.0855     0.1648     0.5259 3.4160e-02      27384         13  0.000e+00
     29.618   71.37284 -157.41054     29.925     0.4786     0.3775     0.4775    31.9218    31.9883  1025.7419    25.5990    359.636    333.328  351.97744    102.176     0.0867     0.1721     0.5259 3.1604e-02      27385         13  0.000e+00
     29.664   71.37284 -157.41054     29.972     0.4724     0.3877     0.4713    31.9250    31.9837  1025.7450    25.6020    359.767    333.593  352.02518    102.199     0.0855     0.1648     0.5259 3.1183e-02      27386         13  0.000e+00
     29.618   71.37284 -157.41054     29.925     0.4702     0.3986     0.4692    31.9275    31.9770  1025.7469    25.6041    359.852    333.646  352.03828    102.220     0.0867     0.1721     0.5259 3.1604e-02      27387         13  0.000e+00
     29.602   71.37284 -157.41054     29.910     0.4704     0.4058     0.4693    31.9282    31.9704  1025.7474    25.6046    359.919    333.558  352.03495    102.239     0.0879     0.1795     0.5176 3.2027e-02      27388         13  0.000e+00
     29.618   71.37284 -157.41054     29.925     0.4718     0.4099     0.4707    31.9267    31.9654  1025.7462    25.6033    359.979    333.664  352.02628    102.259     0.0867     0.1721     0.5129 3.2027e-02      27389         13  0.000e+00
     29.664   71.37284 -157.41054     29.972     0.4728     0.4176     0.4718    31.9257    31.9593  1025.7456    25.6025    360.044    333.933  352.01921    102.280     0.0867     0.1721     0.5129 3.2027e-02      27390         13  0.000e+00
     29.618   71.37284 -157.41054     29.925     0.4732     0.4253     0.4721    31.9251    31.9536  1025.7448    25.6020    360.111    334.015  352.01792    102.299     0.0855     0.1648     0.5129 3.2027e-02      27391         13  0.000e+00
     29.602   71.37284 -157.41054     29.910     0.4700     0.4271     0.4690    31.9276    31.9524  1025.7469    25.6041    360.448    334.123  352.03966    102.388     0.0867     0.1721     0.5129 3.2027e-02      27392         13  0.000e+00
     29.618   71.37284 -157.41054     29.925     0.4679     0.4279     0.4669    31.9287    31.9527  1025.7480    25.6051    360.536    334.243  352.05600    102.409     0.0855     0.1648     0.5129 3.2027e-02      27393         13  0.000e+00
     29.664   71.37284 -157.41054     29.972     0.4654     0.4313     0.4644    31.9312    31.9535  1025.7503    25.6073    360.667    334.341  352.07215    102.441     0.0867     0.1721     0.5129 3.1604e-02      27394         13  0.000e+00
     29.564   71.37284 -157.41054     29.871     0.4660     0.4368     0.4650    31.9309    31.9531  1025.7496    25.6070    360.718    334.420  352.06733    102.457     0.0855     0.1648     0.5129 3.1604e-02      27395         13  0.000e+00
     29.664   71.37284 -157.41054     29.972     0.4674     0.4433     0.4664    31.9302    31.9508  1025.7495    25.6064    360.768    334.477  352.05631    102.474     0.0867     0.1721     0.5129 3.0762e-02      27396         13  0.000e+00
     29.618   71.37284 -157.41054     29.925     0.4693     0.4493     0.4682    31.9280    31.9483  1025.7474    25.6046    360.807    334.509  352.04551    102.489     0.0867     0.1721     0.5129 2.9508e-02      27397         13  0.000e+00
     29.602   71.37284 -157.41054     29.910     0.4684     0.4537     0.4673    31.9267    31.9458  1025.7462    25.6035    360.871    334.746  352.05745    102.503     0.0867     0.1721     0.5129 2.9092e-02      27398         13  0.000e+00
     20.041   71.37290 -157.41012     20.249     4.8130     4.8082     4.8117    30.5551    30.5654  1024.2671    24.1727    301.204    285.811  319.18043     94.368     0.1221     0.3846     0.6035 1.5943e-01      30506         14  0.000e+00
     20.064   71.37290 -157.41012     20.272     4.8120     4.8090     4.8106    30.5550    30.5654  1024.2672    24.1727    301.726    285.756  319.18867     94.529     0.1221     0.3846     0.6035 1.5401e-01      30507         14  0.000e+00
     20.041   71.37290 -157.41012     20.249     4.8108     4.8103     4.8094    30.5554    30.5653  1024.2676    24.1732    301.718    285.712  319.19680     94.524     0.1209     0.3773     0.6035 1.5248e-01      30508         14  0.000e+00
     20.103   71.37290 -157.41012     20.311     4.8097     4.8117     4.8083    30.5554    30.5655  1024.2680    24.1733    301.747    285.667  319.20509     94.531     0.1221     0.3846     0.6035 1.5401e-01      30509         14  0.000e+00
     20.064   71.37290 -157.41012     20.272     4.8089     4.8131     4.8076    30.5559    30.5656  1024.2683    24.1738    301.772    285.800  319.20994     94.537     0.1209     0.3773     0.6035 1.5555e-01      30510         14  0.000e+00
     20.103   71.37290 -157.41012     20.311     4.8085     4.8147     4.8071    30.5565    30.5654  1024.2690    24.1743    301.799    285.579  319.21200     94.545     0.1221     0.3846     0.6035 1.5555e-01      30511         14  0.000e+00
     20.103   71.37290 -157.41012     20.311     4.8079     4.8156     4.8066    30.5571    30.5655  1024.2695    24.1748    302.002    285.525  319.21466     94.608     0.1221     0.3846     0.6035 1.5324e-01      30512         14  0.000e+00
     20.064   71.37290 -157.41012     20.272     4.8078     4.8162     4.8064    30.5573    30.5657  1024.2695    24.1750    301.819    285.467  319.21547     94.550     0.1209     0.3773     0.6035 1.4945e-01      30513         14  0.000e+00
     20.103   71.37290 -157.41012     20.311     4.8073     4.8163     4.8059    30.5570    30.5658  1024.2695    24.1748    302.266    285.414  319.21960     94.689     0.1221     0.3846     0.6035 1.4870e-01      30514         14  0.000e+00
     20.157   71.37290 -157.41012     20.366     4.8069     4.8159     4.8055    30.5572    30.5659  1024.2700    24.1750    302.153    285.360  319.22239     94.653     0.1221     0.3846     0.6035 1.4870e-01      30515         14  0.000e+00
     20.103   71.37290 -157.41012     20.311     4.8065     4.8151     4.8052    30.5576    30.5663  1024.2700    24.1753    302.213    285.324  319.22432     94.671     0.1245     0.3993     0.6035 1.5020e-01      30516         14  0.000e+00
     20.180   71.37290 -157.41012     20.389     4.8064     4.8142     4.8050    30.5579    30.5665  1024.2707    24.1756    302.038    285.290  319.22481     94.616     0.1233     0.3919     0.6035 1.5020e-01      30517         14  0.000e+00
     20.157   71.37290 -157.41012     20.366     4.8065     4.8131     4.8052    30.5584    30.5663  1024.2710    24.1760    302.240    285.254  319.22230     94.680     0.1245     0.3993     0.6035 1.4945e-01      30518         14  0.000e+00
     20.157   71.37290 -157.41012     20.366     4.8069     4.8121     4.8055    30.5589    30.5667  1024.2713    24.1764    302.266    285.212  319.21870     94.689     0.1233     0.3919     0.6035 1.4571e-01      30519         14  0.000e+00
     20.180   71.37290 -157.41012     20.389     4.8075     4.8116     4.8061    30.5589    30.5670  1024.2714    24.1763    302.324    285.166  319.21387     94.709     0.1245     0.3993     0.6035 1.4422e-01      30520         14  0.000e+00
     20.211   71.37290 -157.41012     20.420     4.8075     4.8115     4.8061    30.5588    30.5670  1024.2715    24.1763    302.356    285.115  319.21409     94.719     0.1245     0.3993     0.6047 1.4496e-01      30521         14  0.000e+00
     20.211   71.37290 -157.41012     20.420     4.8076     4.8117     4.8062    30.5587    30.5672  1024.2713    24.1761    302.179    285.079  319.21333     94.664     0.1245     0.3993     0.6059 1.4795e-01      30522         14  0.000e+00
     20.180   71.37290 -157.41012     20.389     4.8075     4.8120     4.8061    30.5586    30.5671  1024.2711    24.1761    302.388    285.040  319.21468     94.729     0.1245     0.3993     0.6059 1.4945e-01      30523         14  0.000e+00
     20.273   71.37290 -157.41012     20.483     4.8076     4.8128     4.8062    30.5581    30.5667  1024.2712    24.1757    302.423    284.815  319.21457     94.740     0.1233     0.3919     0.6071 1.4945e-01      30524         14  0.000e+00
     20.273   71.37290 -157.41012     20.483     4.8077     4.8132     4.8063    30.5582    30.5665  1024.2712    24.1757    302.455    284.939  319.21364     94.750     0.1245     0.3993     0.6071 1.4496e-01      30525         14  0.000e+00
     20.234   71.37290 -157.41012     20.444     4.8079     4.8135     4.8066    30.5581    30.5666  1024.2709    24.1756    302.484    284.916  319.21228     94.759     0.1233     0.3919     0.6059 1.4202e-01      30526         14  0.000e+00
