EcoFOCI/data/1_SampleCollection/2023_SikuliaqDBO_CruiseData/CTD_raw_BottleFile_SKQ23-12S/proc/skq202312s_051svp.cnv
* Sea-Bird SBE 9 Data File:
* FileName = D:\CTD\SKQ202312S\SKQ202312S_051.hex
* Software Version Seasave V 7.26.7.121
* Temperature SN = 6177
* Conductivity SN = 0369
* Number of Bytes Per Scan = 41
* Number of Voltage Words = 4
* Number of Scans Averaged by the Deck Unit = 1
* NMEA Latitude = 70 43.03 N
* NMEA Longitude = 162 51.44 W
* NMEA UTC (Time) = Sep 26 2023  19:01:27
* NMEA baud rate = 4800
** Ship: R/V Sikuliaq
** Station Number: 051
** Station Name: IC10
** Bottom Depth: 42
** Operator: SD
# nquan = 7
# nvalues = 6154                                  
# units = specified
# name 0 = depSM: Depth [salt water, m]
# name 1 = latitude: Latitude [deg]
# name 2 = longitude: Longitude [deg]
# name 3 = t090C: Temperature [ITS-90, deg C]
# name 4 = sal00: Salinity, Practical [PSU]
# name 5 = svCM: Sound Velocity [Chen-Millero, m/s]
# name 6 = flag:  0.000e+00
# span 0 =      2.142,     36.901                 
# span 1 =   70.71704,   70.71714                 
# span 2 = -162.85630, -162.85552                 
# span 3 =     5.3511,     7.2761                 
# span 4 =    28.6250,    31.4787                 
# span 5 =    1468.18,    1474.66                 
# span 6 = 0.0000e+00, 0.0000e+00                 
# interval = seconds: 0.0416667
# start_time = Sep 26 2023 19:05:40 [NMEA time, first data scan]
# bad_flag = -9.990e-29
*END*
[from data line 206]
      2.320   70.71714 -162.85626     6.4400    28.6300    1468.52  0.000e+00
      2.320   70.71714 -162.85626     6.4401    28.6302    1468.52  0.000e+00
      2.320   70.71714 -162.85626     6.4400    28.6303    1468.52  0.000e+00
      2.258   70.71714 -162.85626     6.4402    28.6306    1468.52  0.000e+00
      2.320   70.71714 -162.85626     6.4402    28.6305    1468.52  0.000e+00
      2.258   70.71714 -162.85626     6.4401    28.6304    1468.52  0.000e+00
      2.320   70.71714 -162.85626     6.4404    28.6304    1468.52  0.000e+00
      2.320   70.71714 -162.85626     6.4405    28.6300    1468.52  0.000e+00
      2.258   70.71714 -162.85626     6.4402    28.6306    1468.52  0.000e+00
      2.281   70.71714 -162.85626     6.4405    28.6307    1468.52  0.000e+00
      2.258   70.71714 -162.85626     6.4407    28.6306    1468.52  0.000e+00
      2.320   70.71714 -162.85626     6.4405    28.6309    1468.52  0.000e+00
      2.258   70.71714 -162.85626     6.4406    28.6307    1468.52  0.000e+00
      2.258   70.71714 -162.85626     6.4408    28.6307    1468.52  0.000e+00
      2.258   70.71714 -162.85626     6.4410    28.6307    1468.52  0.000e+00
      2.258   70.71714 -162.85626     6.4412    28.6308    1468.52  0.000e+00
      2.258   70.71714 -162.85626     6.4418    28.6304    1468.52  0.000e+00
      2.258   70.71714 -162.85626     6.4418    28.6304    1468.52  0.000e+00
      2.258   70.71714 -162.85626     6.4421    28.6306    1468.52  0.000e+00
      2.258   70.71714 -162.85626     6.4426    28.6302    1468.53  0.000e+00
      2.204   70.71714 -162.85626     6.4427    28.6307    1468.53  0.000e+00
      2.258   70.71714 -162.85626     6.4427    28.6307    1468.53  0.000e+00
      2.258   70.71714 -162.85626     6.4432    28.6302    1468.53  0.000e+00
      2.204   70.71714 -162.85626     6.4432    28.6302    1468.53  0.000e+00
      2.258   70.71714 -162.85626     6.4431    28.6303    1468.53  0.000e+00
      2.204   70.71714 -162.85626     6.4432    28.6300    1468.53  0.000e+00
      2.258   70.71714 -162.85626     6.4434    28.6305    1468.53  0.000e+00
      2.204   70.71714 -162.85626     6.4432    28.6302    1468.53  0.000e+00
      2.204   70.71714 -162.85626     6.4432    28.6303    1468.53  0.000e+00
      2.204   70.71714 -162.85626     6.4434    28.6305    1468.53  0.000e+00
      2.258   70.71714 -162.85626     6.4432    28.6310    1468.53  0.000e+00
      2.204   70.71714 -162.85626     6.4436    28.6302    1468.53  0.000e+00
      2.204   70.71714 -162.85626     6.4436    28.6305    1468.53  0.000e+00
      2.204   70.71714 -162.85626     6.4437    28.6304    1468.53  0.000e+00
      2.204   70.71714 -162.85626     6.4439    28.6304    1468.53  0.000e+00
      2.204   70.71714 -162.85626     6.4439    28.6301    1468.53  0.000e+00
      2.204   70.71714 -162.85626     6.4441    28.6305    1468.53  0.000e+00
      2.204   70.71714 -162.85626     6.4439    28.6307    1468.53  0.000e+00
      2.204   70.71714 -162.85626     6.4439    28.6303    1468.53  0.000e+00
      2.204   70.71714 -162.85626     6.4441    28.6300    1468.53  0.000e+00
      2.142   70.71714 -162.85626     6.4441    28.6301    1468.53  0.000e+00
      2.204   70.71714 -162.85626     6.4441    28.6298    1468.53  0.000e+00
      2.204   70.71714 -162.85626     6.4439    28.6299    1468.53  0.000e+00
      2.204   70.71714 -162.85626     6.4437    28.6299    1468.53  0.000e+00
      2.204   70.71714 -162.85626     6.4437    28.6300    1468.53  0.000e+00
      2.204   70.71714 -162.85626     6.4437    28.6301    1468.53  0.000e+00
      2.204   70.71714 -162.85626     6.4436    28.6300    1468.53  0.000e+00
      2.227   70.71714 -162.85626     6.4434    28.6300    1468.53  0.000e+00
      2.204   70.71714 -162.85626     6.4432    28.6298    1468.53  0.000e+00
      2.204   70.71714 -162.85626     6.4429    28.6297    1468.53  0.000e+00
      2.204   70.71714 -162.85626     6.4427    28.6295    1468.52  0.000e+00
      2.204   70.71714 -162.85626     6.4424    28.6294    1468.52  0.000e+00
      2.258   70.71714 -162.85626     6.4418    28.6297    1468.52  0.000e+00
      2.204   70.71714 -162.85626     6.4417    28.6300    1468.52  0.000e+00
      2.319   70.71714 -162.85626     6.4412    28.6304    1468.52  0.000e+00
      2.204   70.71714 -162.85626     6.4410    28.6304    1468.52  0.000e+00
      2.204   70.71714 -162.85626     6.4410    28.6303    1468.52  0.000e+00
      2.319   70.71714 -162.85626     6.4410    28.6301    1468.52  0.000e+00
      2.258   70.71714 -162.85626     6.4410    28.6302    1468.52  0.000e+00
      2.258   70.71714 -162.85626     6.4408    28.6302    1468.52  0.000e+00
      2.258   70.71714 -162.85626     6.4407    28.6299    1468.52  0.000e+00
      2.258   70.71714 -162.85626     6.4405    28.6303    1468.52  0.000e+00
      2.319   70.71714 -162.85626     6.4407    28.6305    1468.52  0.000e+00
      2.319   70.71714 -162.85626     6.4406    28.6302    1468.52  0.000e+00
      2.319   70.71714 -162.85626     6.4404    28.6305    1468.52  0.000e+00
      2.373   70.71714 -162.85626     6.4405    28.6300    1468.52  0.000e+00
      2.258   70.71714 -162.85626     6.4407    28.6300    1468.52  0.000e+00
      2.373   70.71714 -162.85626     6.4406    28.6301    1468.52  0.000e+00
      2.319   70.71714 -162.85626     6.4405    28.6304    1468.52  0.000e+00
      2.373   70.71714 -162.85626     6.4405    28.6302    1468.52  0.000e+00
      2.319   70.71714 -162.85626     6.4406    28.6303    1468.52  0.000e+00
      2.373   70.71714 -162.85626     6.4405    28.6306    1468.52  0.000e+00
      2.373   70.71714 -162.85626     6.4405    28.6305    1468.52  0.000e+00
      2.373   70.71714 -162.85626     6.4405    28.6302    1468.52  0.000e+00
      2.373   70.71714 -162.85626     6.4404    28.6305    1468.52  0.000e+00
      2.373   70.71714 -162.85626     6.4404    28.6302    1468.52  0.000e+00
      2.427   70.71714 -162.85626     6.4402    28.6305    1468.52  0.000e+00
      2.373   70.71714 -162.85626     6.4404    28.6307    1468.52  0.000e+00
      2.427   70.71714 -162.85626     6.4405    28.6301    1468.52  0.000e+00
      2.427   70.71714 -162.85626     6.4404    28.6304    1468.52  0.000e+00
      2.427   70.71714 -162.85626     6.4402    28.6304    1468.52  0.000e+00
      2.427   70.71714 -162.85626     6.4404    28.6306    1468.52  0.000e+00
      2.373   70.71714 -162.85626     6.4405    28.6303    1468.52  0.000e+00
      2.489   70.71714 -162.85626     6.4404    28.6304    1468.52  0.000e+00
      2.427   70.71714 -162.85626     6.4404    28.6301    1468.52  0.000e+00
      2.489   70.71714 -162.85626     6.4404    28.6305    1468.52  0.000e+00
      2.427   70.71714 -162.85626     6.4404    28.6308    1468.52  0.000e+00
      2.489   70.71714 -162.85626     6.4404    28.6309    1468.52  0.000e+00
      2.427   70.71714 -162.85626     6.4406    28.6306    1468.52  0.000e+00
      2.396   70.71714 -162.85626     6.4405    28.6309    1468.52  0.000e+00
      2.605   70.71714 -162.85626     6.4407    28.6305    1468.52  0.000e+00
      2.427   70.71714 -162.85626     6.4407    28.6305    1468.52  0.000e+00
      2.489   70.71714 -162.85626     6.4405    28.6308    1468.52  0.000e+00
      2.489   70.71714 -162.85626     6.4407    28.6307    1468.52  0.000e+00
      2.489   70.71714 -162.85626     6.4405    28.6307    1468.52  0.000e+00
      2.489   70.71714 -162.85626     6.4406    28.6306    1468.52  0.000e+00
      2.489   70.71714 -162.85626     6.4407    28.6305    1468.52  0.000e+00
      2.489   70.71714 -162.85626     6.4407    28.6307    1468.52  0.000e+00
      2.543   70.71714 -162.85626     6.4407    28.6304    1468.52  0.000e+00
      2.489   70.71714 -162.85626     6.4407    28.6307    1468.52  0.000e+00
      2.489   70.71714 -162.85626     6.4407    28.6307    1468.52  0.000e+00
      2.543   70.71714 -162.85626     6.4407    28.6307    1468.52  0.000e+00
      2.489   70.71714 -162.85626     6.4410    28.6306    1468.52  0.000e+00
      2.543   70.71714 -162.85626     6.4408    28.6308    1468.52  0.000e+00
      2.489   70.71714 -162.85626     6.4413    28.6306    1468.52  0.000e+00
      2.489   70.71714 -162.85626     6.4410    28.6307    1468.52  0.000e+00
      2.543   70.71714 -162.85626     6.4413    28.6304    1468.53  0.000e+00
      2.543   70.71714 -162.85626     6.4413    28.6308    1468.53  0.000e+00
      2.489   70.71714 -162.85626     6.4415    28.6306    1468.53  0.000e+00
      2.543   70.71714 -162.85626     6.4413    28.6306    1468.53  0.000e+00
      2.489   70.71714 -162.85626     6.4413    28.6308    1468.52  0.000e+00
      2.543   70.71714 -162.85626     6.4413    28.6305    1468.53  0.000e+00
      2.543   70.71714 -162.85626     6.4415    28.6301    1468.53  0.000e+00
      2.489   70.71714 -162.85626     6.4412    28.6305    1468.52  0.000e+00
      2.489   70.71714 -162.85626     6.4413    28.6302    1468.52  0.000e+00
      2.543   70.71714 -162.85626     6.4415    28.6300    1468.53  0.000e+00
      2.543   70.71714 -162.85626     6.4413    28.6303    1468.53  0.000e+00
      2.543   70.71714 -162.85626     6.4412    28.6305    1468.52  0.000e+00
      2.489   70.71714 -162.85626     6.4413    28.6302    1468.52  0.000e+00
      2.543   70.71714 -162.85626     6.4410    28.6304    1468.52  0.000e+00
      2.543   70.71714 -162.85626     6.4410    28.6304    1468.52  0.000e+00
      2.543   70.71714 -162.85626     6.4410    28.6303    1468.52  0.000e+00
      2.489   70.71714 -162.85626     6.4408    28.6305    1468.52  0.000e+00
      2.605   70.71714 -162.85626     6.4412    28.6299    1468.52  0.000e+00
      2.543   70.71714 -162.85626     6.4410    28.6303    1468.52  0.000e+00
      2.543   70.71714 -162.85624     6.4413    28.6301    1468.52  0.000e+00
      2.543   70.71714 -162.85624     6.4412    28.6303    1468.52  0.000e+00
      2.543   70.71714 -162.85624     6.4407    28.6309    1468.52  0.000e+00
      2.605   70.71714 -162.85624     6.4410    28.6303    1468.52  0.000e+00
      2.543   70.71714 -162.85624     6.4410    28.6302    1468.52  0.000e+00
      2.605   70.71714 -162.85624     6.4410    28.6303    1468.52  0.000e+00
      2.605   70.71714 -162.85624     6.4410    28.6302    1468.52  0.000e+00
      2.605   70.71714 -162.85624     6.4408    28.6305    1468.52  0.000e+00
      2.543   70.71714 -162.85624     6.4410    28.6304    1468.52  0.000e+00
      2.605   70.71714 -162.85624     6.4410    28.6306    1468.53  0.000e+00
      2.658   70.71714 -162.85624     6.4410    28.6304    1468.53  0.000e+00
      2.605   70.71714 -162.85624     6.4410    28.6304    1468.52  0.000e+00
      2.605   70.71714 -162.85624     6.4410    28.6306    1468.53  0.000e+00
      2.605   70.71714 -162.85624     6.4410    28.6305    1468.52  0.000e+00
      2.658   70.71714 -162.85624     6.4412    28.6304    1468.53  0.000e+00
      2.605   70.71714 -162.85624     6.4410    28.6304    1468.53  0.000e+00
      2.682   70.71714 -162.85624     6.4410    28.6304    1468.53  0.000e+00
      2.605   70.71714 -162.85624     6.4410    28.6304    1468.52  0.000e+00
      2.658   70.71714 -162.85624     6.4410    28.6306    1468.53  0.000e+00
      2.658   70.71714 -162.85624     6.4410    28.6302    1468.53  0.000e+00
      2.658   70.71714 -162.85624     6.4407    28.6308    1468.52  0.000e+00
      2.658   70.71714 -162.85624     6.4410    28.6304    1468.53  0.000e+00
      2.658   70.71714 -162.85624     6.4410    28.6306    1468.53  0.000e+00
      2.712   70.71714 -162.85624     6.4410    28.6306    1468.53  0.000e+00
      2.658   70.71714 -162.85624     6.4410    28.6306    1468.53  0.000e+00
      2.712   70.71714 -162.85624     6.4410    28.6308    1468.53  0.000e+00
      2.658   70.71714 -162.85624     6.4412    28.6304    1468.53  0.000e+00
      2.712   70.71714 -162.85624     6.4412    28.6306    1468.53  0.000e+00
      2.712   70.71714 -162.85624     6.4412    28.6307    1468.53  0.000e+00
      2.712   70.71714 -162.85624     6.4412    28.6309    1468.53  0.000e+00
      2.658   70.71714 -162.85624     6.4413    28.6305    1468.53  0.000e+00
      2.774   70.71714 -162.85624     6.4415    28.6303    1468.53  0.000e+00
      2.658   70.71714 -162.85624     6.4412    28.6304    1468.53  0.000e+00
      2.774   70.71714 -162.85624     6.4413    28.6304    1468.53  0.000e+00
      2.658   70.71714 -162.85624     6.4415    28.6306    1468.53  0.000e+00
      2.774   70.71714 -162.85624     6.4413    28.6308    1468.53  0.000e+00
      2.712   70.71714 -162.85624     6.4413    28.6305    1468.53  0.000e+00
      2.774   70.71714 -162.85624     6.4413    28.6305    1468.53  0.000e+00
      2.774   70.71714 -162.85624     6.4413    28.6303    1468.53  0.000e+00
      2.712   70.71714 -162.85624     6.4413    28.6305    1468.53  0.000e+00
      2.774   70.71714 -162.85624     6.4415    28.6305    1468.53  0.000e+00
      2.774   70.71714 -162.85624     6.4413    28.6305    1468.53  0.000e+00
      2.774   70.71714 -162.85624     6.4413    28.6303    1468.53  0.000e+00
      2.774   70.71714 -162.85624     6.4413    28.6305    1468.53  0.000e+00
      2.712   70.71714 -162.85624     6.4413    28.6302    1468.53  0.000e+00
      2.828   70.71714 -162.85624     6.4413    28.6306    1468.53  0.000e+00
      2.774   70.71714 -162.85624     6.4412    28.6305    1468.53  0.000e+00
      2.828   70.71714 -162.85624     6.4413    28.6305    1468.53  0.000e+00
      2.774   70.71714 -162.85624     6.4412    28.6309    1468.53  0.000e+00
      2.890   70.71714 -162.85624     6.4413    28.6305    1468.53  0.000e+00
      2.774   70.71714 -162.85624     6.4413    28.6305    1468.53  0.000e+00
      2.828   70.71714 -162.85624     6.4412    28.6309    1468.53  0.000e+00
      2.828   70.71714 -162.85624     6.4413    28.6306    1468.53  0.000e+00
      2.890   70.71714 -162.85624     6.4415    28.6302    1468.53  0.000e+00
      2.828   70.71714 -162.85624     6.4413    28.6305    1468.53  0.000e+00
      2.828   70.71714 -162.85624     6.4415    28.6306    1468.53  0.000e+00
      2.828   70.71714 -162.85624     6.4415    28.6304    1468.53  0.000e+00
      2.890   70.71714 -162.85624     6.4415    28.6304    1468.53  0.000e+00
      2.890   70.71714 -162.85624     6.4415    28.6304    1468.53  0.000e+00
      2.828   70.71714 -162.85624     6.4413    28.6307    1468.53  0.000e+00
      2.944   70.71714 -162.85624     6.4417    28.6304    1468.53  0.000e+00
      2.890   70.71714 -162.85624     6.4413    28.6306    1468.53  0.000e+00
      2.890   70.71714 -162.85624     6.4415    28.6305    1468.53  0.000e+00
      2.944   70.71714 -162.85624     6.4416    28.6305    1468.53  0.000e+00
      2.890   70.71714 -162.85624     6.4413    28.6304    1468.53  0.000e+00
      2.944   70.71714 -162.85624     6.4415    28.6301    1468.53  0.000e+00
      2.890   70.71714 -162.85624     6.4413    28.6306    1468.53  0.000e+00
      2.944   70.71714 -162.85624     6.4413    28.6303    1468.53  0.000e+00
      2.944   70.71714 -162.85624     6.4413    28.6306    1468.53  0.000e+00
      2.944   70.71714 -162.85624     6.4412    28.6305    1468.53  0.000e+00
      2.944   70.71714 -162.85624     6.4413    28.6306    1468.53  0.000e+00
      2.944   70.71714 -162.85624     6.4413    28.6303    1468.53  0.000e+00
      2.944   70.71714 -162.85624     6.4413    28.6304    1468.53  0.000e+00
      3.005   70.71714 -162.85624     6.4415    28.6303    1468.53  0.000e+00
      3.005   70.71714 -162.85624     6.4413    28.6306    1468.53  0.000e+00
      2.944   70.71714 -162.85624     6.4413    28.6307    1468.53  0.000e+00
      3.005   70.71714 -162.85624     6.4415    28.6304    1468.53  0.000e+00
      3.005   70.71714 -162.85624     6.4415    28.6303    1468.53  0.000e+00
      3.005   70.71714 -162.85624     6.4415    28.6305    1468.53  0.000e+00
