EcoFOCI/data/1_SampleCollection/2023_SikuliaqDBO_CruiseData/CTD_raw_BottleFile_SKQ23-12S/proc/skq202312s_033.ros
* Sea-Bird SBE 9 Data File:
* FileName = D:\CTD\SKQ202312S\SKQ202312S_033.hex
* Software Version Seasave V 7.26.7.121
* Temperature SN = 6177
* Conductivity SN = 0369
* Number of Bytes Per Scan = 41
* Number of Voltage Words = 4
* Number of Scans Averaged by the Deck Unit = 1
* NMEA Latitude = 71 34.65 N
* NMEA Longitude = 157 50.24 W
* NMEA UTC (Time) = Sep 21 2023  14:22:10
* NMEA baud rate = 4800
** Ship: R/V Sikuliaq
** Station Number: 033
** Station Name: DBO5.9
** Bottom Depth: 66
** Operator: SD
# nquan = 22
# nvalues = 1029                                  
# units = specified
# name 0 = depSM: Depth [salt water, m]
# name 1 = latitude: Latitude [deg]
# name 2 = longitude: Longitude [deg]
# name 3 = prDM: Pressure, Digiquartz [db]
# name 4 = t090C: Temperature [ITS-90, deg C]
# name 5 = t190C: Temperature, 2 [ITS-90, deg C]
# name 6 = potemp090C: Potential Temperature [ITS-90, deg C]
# name 7 = sal00: Salinity, Practical [PSU]
# name 8 = sal11: Salinity, Practical, 2 [PSU]
# name 9 = density00: Density [density, kg/m^3]
# name 10 = sigma-é00: Density [sigma-theta, kg/m^3]
# name 11 = sbox0Mm/Kg: Oxygen, SBE 43 [umol/kg]
# name 12 = sbox1Mm/Kg: Oxygen, SBE 43, 2 [umol/kg]
# name 13 = oxsolMm/Kg: Oxygen Saturation, Garcia & Gordon [umol/kg]
# name 14 = sbeox0PS: Oxygen, SBE 43 [% saturation]
# name 15 = v0: Voltage 0
# name 16 = flECO-AFL: Fluorescence, WET Labs ECO-AFL/FL [mg/m^3]
# name 17 = CStarAt0: Beam Attenuation, WET Labs C-Star [1/m]
# name 18 = par: PAR/Irradiance, Biospherical/Licor
# name 19 = scan: Scan Count
# name 20 = nbf: Bottles Fired
# name 21 = flag:  0.000e+00
# interval = seconds: 0.0416667
# start_time = Sep 21 2023 14:28:00 [NMEA time, first data scan]
# bad_flag = -9.990e-29
*END*
[from data line 132]
     58.019   71.57750 -157.83746     58.626    -1.6313    -1.6310    -1.6324    32.8976    32.9083  1026.7507    26.4677    273.095    259.007  369.37362     73.935     0.0769     0.1135     2.1236 1.0000e-12       6483          3  0.000e+00
     58.019   71.57750 -157.83746     58.626    -1.6313    -1.6308    -1.6324    32.8977    32.9081  1026.7508    26.4678    273.095    258.808  369.37324     73.935     0.0757     0.1062     2.1236 1.0000e-12       6484          3  0.000e+00
     58.081   71.57750 -157.83746     58.688    -1.6312    -1.6308    -1.6322    32.8973    32.9083  1026.7508    26.4674    273.097    259.008  369.37333     73.935     0.0757     0.1062     2.1236 1.0000e-12       6485          3  0.000e+00
     58.081   71.57750 -157.83746     58.688    -1.6312    -1.6305    -1.6322    32.8974    32.9082  1026.7508    26.4675    273.097    259.005  369.37320     73.935     0.0781     0.1209     2.1236 1.0000e-12       6486          3  0.000e+00
     58.081   71.57750 -157.83746     58.688    -1.6312    -1.6308    -1.6322    32.8973    32.9085  1026.7508    26.4674    273.097    259.004  369.37346     73.935     0.0769     0.1135     2.1218 8.4714e-06       6487          3  0.000e+00
     58.135   71.57750 -157.83746     58.743    -1.6310    -1.6308    -1.6321    32.8974    32.9081  1026.7511    26.4675    273.097    259.002  369.37125     73.936     0.0769     0.1135     2.1148 8.4714e-06       6488          3  0.000e+00
     58.189   71.57750 -157.83746     58.798    -1.6312    -1.6305    -1.6322    32.8975    32.9082  1026.7515    26.4676    273.100    258.766  369.37277     73.936     0.0757     0.1062     2.1113 8.4714e-06       6489          3  0.000e+00
     58.135   71.57750 -157.83746     58.743    -1.6312    -1.6304    -1.6322    32.8976    32.9080  1026.7513    26.4677    273.098    258.759  369.37241     73.936     0.0769     0.1135     2.1113 8.4714e-06       6490          3  0.000e+00
     58.250   71.57750 -157.83746     58.860    -1.6310    -1.6303    -1.6321    32.8971    32.9077  1026.7514    26.4672    273.102    258.760  369.37234     73.937     0.0781     0.1209     2.1113 1.0000e-12       6491          3  0.000e+00
     58.250   71.57750 -157.83746     58.860    -1.6310    -1.6301    -1.6321    32.8974    32.9075  1026.7517    26.4675    273.101    258.757  369.37146     73.937     0.0757     0.1062     2.1113 8.4714e-06       6492          3  0.000e+00
     58.250   71.57750 -157.83746     58.860    -1.6309    -1.6301    -1.6320    32.8973    32.9075  1026.7516    26.4674    273.101    258.757  369.37055     73.937     0.0745     0.0989     2.1113 1.0000e-12       6493          3  0.000e+00
     58.304   71.57750 -157.83746     58.914    -1.6309    -1.6301    -1.6320    32.8969    32.9075  1026.7515    26.4671    273.103    258.991  369.37166     73.937     0.0733     0.0916     2.1113 1.0000e-12       6494          3  0.000e+00
     58.304   71.57750 -157.83746     58.914    -1.6309    -1.6303    -1.6320    32.8972    32.9079  1026.7518    26.4674    273.103    259.025  369.37078     73.937     0.0745     0.0989     2.1113 8.4714e-06       6495          3  0.000e+00
     58.250   71.57750 -157.83746     58.860    -1.6307    -1.6301    -1.6318    32.8971    32.9077  1026.7514    26.4673    273.099    259.023  369.36939     73.937     0.0733     0.0916     2.1113 1.0000e-12       6496          3  0.000e+00
     58.474   71.57750 -157.83746     59.086    -1.6309    -1.6304    -1.6320    32.8968    32.9074  1026.7523    26.4670    273.110    258.802  369.37197     73.939     0.0745     0.0989     2.1113 8.4714e-06       6497          3  0.000e+00
     50.385   71.57748 -157.83754     50.911    -1.5715    -1.5698    -1.5724    32.7685    32.7778  1026.6071    26.3613    286.934    274.211  369.15439     77.727     0.0708     0.0769     0.7696 8.4714e-06      10567          4  0.000e+00
     50.500   71.57748 -157.83754     51.028    -1.5711    -1.5697    -1.5721    32.7678    32.7778  1026.6071    26.3608    286.938    274.221  369.15277     77.729     0.0708     0.0769     0.7696 1.0000e-12      10568          4  0.000e+00
     50.500   71.57748 -157.83754     51.028    -1.5711    -1.5697    -1.5721    32.7678    32.7777  1026.6071    26.3608    286.941    274.225  369.15289     77.729     0.0696     0.0696     0.7696 1.0000e-12      10569          4  0.000e+00
     50.500   71.57748 -157.83754     51.028    -1.5716    -1.5697    -1.5725    32.7683    32.7780  1026.6075    26.3612    286.946    274.192  369.15600     77.730     0.0708     0.0769     0.7722 8.4714e-06      10570          4  0.000e+00
     50.500   71.57748 -157.83754     51.028    -1.5711    -1.5697    -1.5721    32.7675    32.7780  1026.6069    26.3605    286.945    274.189  369.15365     77.731     0.0720     0.0842     0.7734 1.0000e-12      10571          4  0.000e+00
     50.616   71.57748 -157.83754     51.145    -1.5713    -1.5697    -1.5722    32.7674    32.7779  1026.6073    26.3604    286.954    274.188  369.15578     77.732     0.0708     0.0769     0.7747 1.0000e-12      10572          4  0.000e+00
     50.554   71.57748 -157.83754     51.082    -1.5713    -1.5698    -1.5722    32.7674    32.7781  1026.6070    26.3604    286.954    274.179  369.15580     77.732     0.0708     0.0769     0.7747 1.0000e-12      10573          4  0.000e+00
     50.616   71.57748 -157.83754     51.145    -1.5713    -1.5695    -1.5722    32.7675    32.7779  1026.6074    26.3605    286.958    274.168  369.15540     77.734     0.0708     0.0769     0.7747 8.4714e-06      10574          4  0.000e+00
     50.616   71.57748 -157.83754     51.145    -1.5713    -1.5696    -1.5722    32.7678    32.7779  1026.6077    26.3608    286.959    274.156  369.15452     77.734     0.0696     0.0696     0.7747 1.0000e-12      10575          4  0.000e+00
     50.616   71.57748 -157.83754     51.145    -1.5713    -1.5693    -1.5722    32.7676    32.7778  1026.6076    26.3607    287.221    274.137  369.15503     77.805     0.0708     0.0769     0.7747 8.4714e-06      10576          4  0.000e+00
     50.616   71.57748 -157.83754     51.145    -1.5713    -1.5697    -1.5722    32.7680    32.7782  1026.6079    26.3610    287.011    274.120  369.15389     77.748     0.0696     0.0696     0.7747 8.4714e-06      10577          4  0.000e+00
     50.670   71.57748 -157.83754     51.199    -1.5715    -1.5698    -1.5724    32.7681    32.7781  1026.6082    26.3610    287.273    274.102  369.15541     77.819     0.0708     0.0769     0.7747 8.4714e-06      10578          4  0.000e+00
     50.732   71.57748 -157.83754     51.262    -1.5713    -1.5695    -1.5722    32.7677    32.7776  1026.6081    26.3607    287.064    274.079  369.15498     77.762     0.0684     0.0623     0.7747 1.0000e-12      10579          4  0.000e+00
     50.670   71.57748 -157.83754     51.199    -1.5713    -1.5698    -1.5722    32.7683    32.7782  1026.6083    26.3611    287.317    274.051  369.15323     77.831     0.0696     0.0696     0.7747 8.4714e-06      10580          4  0.000e+00
     50.670   71.57748 -157.83754     51.199    -1.5713    -1.5695    -1.5722    32.7678    32.7780  1026.6079    26.3608    287.105    274.019  369.15462     77.774     0.0696     0.0696     0.7747 8.4714e-06      10581          4  0.000e+00
     50.732   71.57748 -157.83754     51.262    -1.5715    -1.5695    -1.5724    32.7682    32.7782  1026.6085    26.3611    287.104    274.023  369.15527     77.773     0.0696     0.0696     0.7747 1.0000e-12      10582          4  0.000e+00
     50.786   71.57748 -157.83754     51.316    -1.5713    -1.5697    -1.5722    32.7683    32.7787  1026.6089    26.3612    287.359    274.025  369.15306     77.843     0.0708     0.0769     0.7747 8.4714e-06      10583          4  0.000e+00
     50.732   71.57748 -157.83754     51.262    -1.5715    -1.5695    -1.5724    32.7686    32.7789  1026.6089    26.3615    287.142    273.986  369.15388     77.784     0.0696     0.0696     0.7747 8.4714e-06      10584          4  0.000e+00
     50.732   71.57748 -157.83754     51.262    -1.5713    -1.5693    -1.5722    32.7684    32.7783  1026.6088    26.3613    286.875    273.982  369.15271     77.712     0.0708     0.0769     0.7747 1.0000e-12      10585          4  0.000e+00
     50.786   71.57748 -157.83754     51.316    -1.5715    -1.5697    -1.5724    32.7683    32.7789  1026.6089    26.3612    286.825    273.980  369.15473     77.698     0.0696     0.0696     0.7747 1.0000e-12      10586          4  0.000e+00
     50.732   71.57748 -157.83754     51.262    -1.5713    -1.5697    -1.5722    32.7688    32.7792  1026.6090    26.3616    286.768    273.971  369.15170     77.683     0.0696     0.0696     0.7747 1.0000e-12      10587          4  0.000e+00
     50.786   71.57748 -157.83754     51.316    -1.5713    -1.5693    -1.5722    32.7692    32.7788  1026.6096    26.3619    287.239    273.963  369.15054     77.811     0.0696     0.0696     0.7747 8.4714e-06      10588          4  0.000e+00
     50.786   71.57748 -157.83754     51.316    -1.5711    -1.5697    -1.5721    32.7693    32.7796  1026.6097    26.3620    287.025    273.954  369.14861     77.753     0.0696     0.0696     0.7747 8.4714e-06      10589          4  0.000e+00
     50.786   71.57748 -157.83754     51.316    -1.5715    -1.5695    -1.5724    32.7693    32.7791  1026.6097    26.3620    287.286    273.943  369.15196     77.823     0.0708     0.0769     0.7759 8.4714e-06      10590          4  0.000e+00
     50.840   71.57748 -157.83754     51.371    -1.5713    -1.5697    -1.5722    32.7692    32.7794  1026.6099    26.3619    287.332    273.900  369.15064     77.836     0.0696     0.0696     0.7810 8.4714e-06      10591          4  0.000e+00
     50.786   71.57748 -157.83754     51.316    -1.5713    -1.5697    -1.5722    32.7693    32.7789  1026.6097    26.3620    287.373    273.885  369.15029     77.847     0.0708     0.0769     0.7822 8.4714e-06      10592          4  0.000e+00
     50.840   71.57748 -157.83754     51.371    -1.5713    -1.5695    -1.5722    32.7696    32.7788  1026.6103    26.3623    287.157    273.869  369.14925     77.789     0.0696     0.0696     0.7810 1.0000e-12      10593          4  0.000e+00
     50.786   71.57748 -157.83754     51.316    -1.5715    -1.5695    -1.5724    32.7698    32.7792  1026.6101    26.3624    287.407    273.849  369.15057     77.856     0.0696     0.0696     0.7822 8.4714e-06      10594          4  0.000e+00
     50.840   71.57748 -157.83754     51.371    -1.5711    -1.5695    -1.5721    32.7693    32.7790  1026.6100    26.3620    287.447    273.832  369.14846     77.867     0.0684     0.0623     0.7810 1.0000e-12      10595          4  0.000e+00
     50.840   71.57748 -157.83754     51.371    -1.5713    -1.5697    -1.5722    32.7697    32.7791  1026.6103    26.3623    287.485    273.814  369.14899     77.878     0.0696     0.0696     0.7810 8.4714e-06      10596          4  0.000e+00
     50.840   71.57748 -157.83754     51.371    -1.5711    -1.5697    -1.5721    32.7692    32.7788  1026.6099    26.3619    287.520    273.563  369.14884     77.887     0.0708     0.0769     0.7810 8.4714e-06      10597          4  0.000e+00
     50.786   71.57748 -157.83754     51.316    -1.5715    -1.5697    -1.5724    32.7696    32.7788  1026.6100    26.3623    287.553    273.737  369.15095     77.896     0.0696     0.0696     0.7810 8.4714e-06      10598          4  0.000e+00
     50.840   71.57748 -157.83754     51.371    -1.5711    -1.5697    -1.5721    32.7691    32.7788  1026.6098    26.3618    287.325    273.716  369.14909     77.834     0.0696     0.0696     0.7810 1.0000e-12      10599          4  0.000e+00
     50.840   71.57748 -157.83754     51.371    -1.5713    -1.5696    -1.5722    32.7692    32.7785  1026.6099    26.3619    287.567    273.692  369.15038     77.900     0.0696     0.0696     0.7810 8.4714e-06      10600          4  0.000e+00
     50.840   71.57748 -157.83754     51.371    -1.5711    -1.5695    -1.5721    32.7690    32.7785  1026.6098    26.3618    287.543    273.666  369.14922     77.893     0.0696     0.0696     0.7810 8.4714e-06      10601          4  0.000e+00
     50.786   71.57748 -157.83754     51.316    -1.5711    -1.5697    -1.5721    32.7691    32.7786  1026.6095    26.3618    287.825    273.408  369.14912     77.970     0.0684     0.0623     0.7822 8.4714e-06      10602          4  0.000e+00
     50.840   71.57748 -157.83754     51.371    -1.5713    -1.5693    -1.5722    32.7692    32.7781  1026.6099    26.3619    287.899    273.579  369.15038     77.990     0.0696     0.0696     0.7810 1.0000e-12      10603          4  0.000e+00
     50.840   71.57748 -157.83754     51.371    -1.5711    -1.5695    -1.5721    32.7690    32.7783  1026.6098    26.3618    287.705    273.552  369.14922     77.937     0.0708     0.0769     0.7810 8.4714e-06      10604          4  0.000e+00
     50.840   71.57748 -157.83754     51.371    -1.5713    -1.5697    -1.5722    32.7688    32.7781  1026.6095    26.3616    287.203    273.524  369.15177     77.801     0.0696     0.0696     0.7810 8.4714e-06      10605          4  0.000e+00
     50.840   71.57748 -157.83754     51.371    -1.5711    -1.5697    -1.5721    32.7682    32.7785  1026.6091    26.3611    287.638    273.526  369.15161     77.919     0.0696     0.0696     0.7822 1.0000e-12      10606          4  0.000e+00
     50.786   71.57748 -157.83754     51.316    -1.5713    -1.5697    -1.5722    32.7684    32.7786  1026.6090    26.3613    287.392    273.526  369.15281     77.852     0.0684     0.0623     0.7822 1.0000e-12      10607          4  0.000e+00
     50.840   71.57748 -157.83754     51.371    -1.5711    -1.5697    -1.5721    32.7679    32.7781  1026.6089    26.3609    287.618    273.532  369.15250     77.913     0.0696     0.0696     0.7822 8.4714e-06      10608          4  0.000e+00
     50.840   71.57748 -157.83754     51.371    -1.5713    -1.5697    -1.5722    32.7678    32.7778  1026.6088    26.3608    287.632    273.535  369.15455     77.917     0.0696     0.0696     0.7810 8.4714e-06      10609          4  0.000e+00
     50.786   71.57748 -157.83754     51.316    -1.5715    -1.5695    -1.5724    32.7677    32.7778  1026.6085    26.3607    287.383    273.535  369.15650     77.849     0.0696     0.0696     0.7835 8.4714e-06      10610          4  0.000e+00
     50.840   71.57748 -157.83754     51.371    -1.5715    -1.5697    -1.5724    32.7677    32.7778  1026.6087    26.3607    287.605    273.541  369.15672     77.909     0.0708     0.0769     0.7936 8.4714e-06      10611          4  0.000e+00
     50.786   71.57748 -157.83754     51.316    -1.5715    -1.5693    -1.5724    32.7673    32.7774  1026.6081    26.3603    287.612    273.539  369.15789     77.910     0.0696     0.0696     0.7974 8.4714e-06      10612          4  0.000e+00
     50.840   71.57748 -157.83754     51.371    -1.5713    -1.5697    -1.5722    32.7664    32.7778  1026.6077    26.3597    287.361    273.546  369.15858     77.842     0.0696     0.0696     0.7974 1.0000e-12      10613          4  0.000e+00
     50.786   71.57748 -157.83754     51.316    -1.5713    -1.5695    -1.5722    32.7668    32.7773  1026.6077    26.3599    287.574    273.547  369.15760     77.900     0.0696     0.0696     0.7974 1.0000e-12      10614          4  0.000e+00
     50.786   71.57748 -157.83754     51.316    -1.5713    -1.5697    -1.5722    32.7669    32.7774  1026.6078    26.3601    287.578    273.550  369.15710     77.901     0.0696     0.0696     0.7974 1.0000e-12      10615          4  0.000e+00
     49.922   71.57748 -157.83752     50.443    -1.5711    -1.5698    -1.5720    32.7621    32.7740  1026.5997    26.3562    286.836    272.814  369.16939     77.698     0.0708     0.0769     0.7671 8.4714e-06      10713          5  0.000e+00
