EcoFOCI/data/1_SampleCollection/2023_SikuliaqDBO_CruiseData/CTD_raw_BottleFile_SKQ23-12S/proc/skq202312s_039.cnv
* Sea-Bird SBE 9 Data File:
* FileName = D:\CTD\SKQ202312S\SKQ202312S_039.hex
* Software Version Seasave V 7.26.7.121
* Temperature SN = 6177
* Conductivity SN = 0369
* Number of Bytes Per Scan = 41
* Number of Voltage Words = 4
* Number of Scans Averaged by the Deck Unit = 1
* NMEA Latitude = 71 19.31 N
* NMEA Longitude = 160 39.09 W
* NMEA UTC (Time) = Sep 23 2023  11:49:51
* NMEA baud rate = 4800
** Ship: R/V Sikuliaq
** Station Number: 039
** Station Name: DBO4.2n
** Bottom Depth: 48
** Operator: SD
# nquan = 24
# nvalues = 5872                                  
# units = specified
# name 0 = depSM: Depth [salt water, m]
# name 1 = latitude: Latitude [deg]
# name 2 = longitude: Longitude [deg]
# name 3 = prDM: Pressure, Digiquartz [db]
# name 4 = t090C: Temperature [ITS-90, deg C]
# name 5 = t190C: Temperature, 2 [ITS-90, deg C]
# name 6 = potemp090C: Potential Temperature [ITS-90, deg C]
# name 7 = sal00: Salinity, Practical [PSU]
# name 8 = sal11: Salinity, Practical, 2 [PSU]
# name 9 = density00: Density [density, kg/m^3]
# name 10 = sigma-é00: Density [sigma-theta, kg/m^3]
# name 11 = sbox0Mm/Kg: Oxygen, SBE 43 [umol/kg]
# name 12 = sbox1Mm/Kg: Oxygen, SBE 43, 2 [umol/kg]
# name 13 = oxsolMm/Kg: Oxygen Saturation, Garcia & Gordon [umol/kg]
# name 14 = sbeox0PS: Oxygen, SBE 43 [% saturation]
# name 15 = sbeox1PS: Oxygen, SBE 43, 2 [% saturation]
# name 16 = v0: Voltage 0
# name 17 = flECO-AFL: Fluorescence, WET Labs ECO-AFL/FL [mg/m^3]
# name 18 = v1: Voltage 1
# name 19 = CStarAt0: Beam Attenuation, WET Labs C-Star [1/m]
# name 20 = par: PAR/Irradiance, Biospherical/Licor
# name 21 = scan: Scan Count
# name 22 = timeM: Time, Elapsed [minutes]
# name 23 = flag:  0.000e+00
# span 0 =      2.663,     43.060                 
# span 1 =   71.32186,   71.32190                 
# span 2 = -160.65154, -160.65148                 
# span 3 =      2.691,     43.509                 
# span 4 =    -1.6695,     2.5696                 
# span 5 =    -1.6682,     2.5769                 
# span 6 =    -1.6702,     2.5692                 
# span 7 =    27.5123,    32.6614                 
# span 8 =    27.5271,    32.6724                 
# span 9 =  1021.9683,  1026.4864                 
# span 10 =    21.9438,    26.2767                
# span 11 =    249.625,    474.033                
# span 12 =    236.638,    448.684                
# span 13 =  345.01977,  370.72887                
# span 14 =     67.387,    129.538                
# span 15 =     63.890,    122.611                
# span 16 =     0.0635,     0.3492                
# span 17 =     0.0330,     1.7472                
# span 18 =     2.7473,     4.1770                
# span 19 =     0.4824,     2.1590                
# span 20 = 1.0000e-12, 7.7682e-01                
# span 21 =          1,       5872                
# span 22 =     0.0000,     4.0771                
# span 23 = 0.0000e+00, 0.0000e+00                
# interval = seconds: 0.0416667
# start_time = Sep 23 2023 11:54:34 [NMEA time, first data scan]
# bad_flag = -9.990e-29
*END*
[from data line 3865]
     37.675   71.32186 -160.65154     38.066    -1.6645    -1.6635    -1.6652    32.6514    32.6642  1026.4523    26.2684    256.841    243.249  370.42652     69.336     65.676     0.1038     0.2747     3.3797     1.3299 1.0000e-12       3866     2.6840  0.000e+00
     37.682   71.32186 -160.65154     38.074    -1.6649    -1.6633    -1.6655    32.6521    32.6637  1026.4530    26.2690    256.907    243.052  370.42787     69.354     65.623     0.1050     0.2820     3.3797     1.3299 1.0000e-12       3867     2.6847  0.000e+00
     37.682   71.32186 -160.65154     38.074    -1.6647    -1.6632    -1.6654    32.6518    32.6638  1026.4528    26.2688    256.925    243.285  370.42682     69.359     65.686     0.1038     0.2747     3.3797     1.3299 1.0000e-12       3868     2.6854  0.000e+00
     37.729   71.32186 -160.65154     38.121    -1.6649    -1.6632    -1.6655    32.6517    32.6640  1026.4529    26.2687    257.003    243.324  370.42897     69.380     65.696     0.1050     0.2820     3.3797     1.3299 1.0000e-12       3869     2.6861  0.000e+00
     37.682   71.32186 -160.65154     38.074    -1.6647    -1.6632    -1.6654    32.6512    32.6639  1026.4523    26.2683    257.030    243.362  370.42860     69.387     65.707     0.1038     0.2747     3.3797     1.3299 1.0000e-12       3870     2.6868  0.000e+00
     37.682   71.32186 -160.65154     38.074    -1.6649    -1.6636    -1.6655    32.6518    32.6641  1026.4528    26.2688    257.064    243.636  370.42863     69.396     65.780     0.1038     0.2747     3.3797     1.3299 1.0000e-12       3871     2.6875  0.000e+00
     37.729   71.32186 -160.65154     38.121    -1.6647    -1.6641    -1.6654    32.6513    32.6641  1026.4525    26.2683    257.103    243.483  370.42855     69.407     65.738     0.1050     0.2820     3.3797     1.3299 8.4714e-06       3872     2.6882  0.000e+00
     37.682   71.32186 -160.65154     38.074    -1.6647    -1.6641    -1.6654    32.6512    32.6644  1026.4522    26.2682    257.091    243.523  370.42885     69.404     65.749     0.1038     0.2747     3.3797     1.3299 1.0000e-12       3873     2.6889  0.000e+00
     37.744   71.32186 -160.65154     38.136    -1.6649    -1.6644    -1.6655    32.6516    32.6644  1026.4529    26.2686    257.137    243.570  370.42938     69.416     65.761     0.1038     0.2747     3.3773     1.3328 1.0000e-12       3874     2.6896  0.000e+00
     37.675   71.32186 -160.65154     38.066    -1.6650    -1.6645    -1.6657    32.6518    32.6641  1026.4527    26.2688    257.183    243.614  370.42978     69.428     65.773     0.1038     0.2747     3.3748     1.3357 1.0000e-12       3875     2.6903  0.000e+00
     37.744   71.32186 -160.65154     38.136    -1.6649    -1.6645    -1.6655    32.6517    32.6639  1026.4529    26.2686    257.497    243.629  370.42912     69.513     65.776     0.1050     0.2820     3.3736     1.3371 8.4714e-06       3876     2.6910  0.000e+00
     37.744   71.32186 -160.65154     38.136    -1.6649    -1.6644    -1.6655    32.6514    32.6640  1026.4527    26.2684    257.342    243.410  370.42988     69.471     65.718     0.1026     0.2674     3.3736     1.3371 1.0000e-12       3877     2.6917  0.000e+00
     37.729   71.32186 -160.65154     38.121    -1.6650    -1.6644    -1.6657    32.6521    32.6638  1026.4532    26.2690    257.139    243.424  370.42899     69.417     65.721     0.1050     0.2820     3.3736     1.3371 8.4714e-06       3878     2.6924  0.000e+00
     37.682   71.32186 -160.65154     38.074    -1.6649    -1.6643    -1.6655    32.6516    32.6633  1026.4525    26.2686    257.100    243.637  370.42939     69.406     65.779     0.1050     0.2820     3.3736     1.3371 1.0000e-12       3879     2.6931  0.000e+00
     37.744   71.32186 -160.65154     38.136    -1.6649    -1.6643    -1.6655    32.6513    32.6642  1026.4527    26.2684    257.382    243.653  370.43001     69.482     65.784     0.1038     0.2747     3.3736     1.3371 8.4714e-06       3880     2.6938  0.000e+00
     37.790   71.32186 -160.65154     38.183    -1.6649    -1.6643    -1.6655    32.6518    32.6641  1026.4532    26.2687    257.456    243.441  370.42883     69.502     65.726     0.1050     0.2820     3.3736     1.3371 8.4714e-06       3881     2.6944  0.000e+00
     37.744   71.32186 -160.65154     38.136    -1.6652    -1.6645    -1.6658    32.6520    32.6639  1026.4532    26.2689    257.481    243.657  370.43096     69.508     65.784     0.1038     0.2747     3.3736     1.3371 8.4714e-06       3882     2.6951  0.000e+00
     37.744   71.32186 -160.65154     38.136    -1.6650    -1.6647    -1.6657    32.6517    32.6641  1026.4530    26.2687    257.247    243.676  370.43016     69.446     65.789     0.1038     0.2747     3.3736     1.3371 8.4714e-06       3883     2.6958  0.000e+00
     37.790   71.32186 -160.65154     38.183    -1.6654    -1.6650    -1.6660    32.6523    32.6643  1026.4537    26.2692    257.232    243.467  370.43184     69.441     65.732     0.1026     0.2674     3.3736     1.3371 1.0000e-12       3884     2.6965  0.000e+00
     37.744   71.32186 -160.65154     38.136    -1.6654    -1.6651    -1.6660    32.6518    32.6644  1026.4530    26.2687    257.216    243.682  370.43340     69.437     65.790     0.0928     0.2088     3.3736     1.3371 8.4714e-06       3885     2.6972  0.000e+00
     37.798   71.32186 -160.65154     38.191    -1.6654    -1.6653    -1.6660    32.6522    32.6649  1026.4536    26.2691    257.207    243.704  370.43223     69.434     65.796     0.0891     0.1868     3.3736     1.3371 8.4714e-06       3886     2.6979  0.000e+00
     37.790   71.32186 -160.65154     38.183    -1.6654    -1.6653    -1.6660    32.6520    32.6647  1026.4534    26.2689    257.201    243.723  370.43285     69.433     65.801     0.0879     0.1795     3.3736     1.3371 8.4714e-06       3887     2.6986  0.000e+00
     37.798   71.32186 -160.65154     38.191    -1.6655    -1.6656    -1.6661    32.6522    32.6650  1026.4536    26.2691    257.148    243.744  370.43340     69.418     65.806     0.0891     0.1868     3.3736     1.3371 1.0000e-12       3888     2.6993  0.000e+00
     37.798   71.32186 -160.65154     38.191    -1.6652    -1.6655    -1.6658    32.6517    32.6648  1026.4532    26.2687    257.146    243.762  370.43194     69.418     65.811     0.0891     0.1868     3.3736     1.3371 8.4714e-06       3889     2.7000  0.000e+00
     37.844   71.32186 -160.65154     38.238    -1.6655    -1.6657    -1.6661    32.6521    32.6651  1026.4538    26.2690    257.101    243.553  370.43348     69.405     65.755     0.0891     0.1868     3.3736     1.3371 1.0000e-12       3890     2.7007  0.000e+00
     37.798   71.32186 -160.65154     38.191    -1.6654    -1.6655    -1.6660    32.6521    32.6653  1026.4536    26.2690    257.053    243.768  370.43236     69.393     65.813     0.0879     0.1795     3.3736     1.3371 8.4714e-06       3891     2.7014  0.000e+00
     37.860   71.32186 -160.65154     38.253    -1.6656    -1.6653    -1.6663    32.6519    32.6648  1026.4537    26.2689    257.066    243.559  370.43583     69.396     65.757     0.0891     0.1868     3.3736     1.3371 8.4714e-06       3892     2.7021  0.000e+00
     37.790   71.32186 -160.65154     38.183    -1.6654    -1.6650    -1.6660    32.6517    32.6648  1026.4532    26.2687    257.074    243.510  370.43349     69.398     65.744     0.0904     0.1941     3.3736     1.3371 1.0000e-12       3893     2.7028  0.000e+00
     37.860   71.32186 -160.65154     38.253    -1.6656    -1.6653    -1.6663    32.6525    32.6654  1026.4542    26.2693    257.094    243.470  370.43418     69.403     65.733     0.0891     0.1868     3.3700     1.3415 8.4714e-06       3894     2.7035  0.000e+00
     37.798   71.32186 -160.65154     38.191    -1.6655    -1.6653    -1.6661    32.6521    32.6651  1026.4535    26.2690    257.112    243.457  370.43365     69.408     65.729     0.0891     0.1868     3.3626     1.3502 1.0000e-12       3895     2.7042  0.000e+00
     37.844   71.32186 -160.65154     38.238    -1.6656    -1.6656    -1.6663    32.6523    32.6654  1026.4540    26.2692    256.828    243.451  370.43466     69.331     65.727     0.0891     0.1868     3.3590     1.3545 1.0000e-12       3896     2.7049  0.000e+00
     37.860   71.32186 -160.65154     38.253    -1.6656    -1.6657    -1.6663    32.6519    32.6652  1026.4537    26.2689    257.016    243.445  370.43583     69.382     65.725     0.0891     0.1868     3.3590     1.3545 8.4714e-06       3897     2.7056  0.000e+00
     37.860   71.32186 -160.65154     38.253    -1.6655    -1.6660    -1.6661    32.6520    32.6656  1026.4538    26.2690    256.786    243.439  370.43376     69.320     65.723     0.0879     0.1795     3.3602     1.3531 1.0000e-12       3898     2.7062  0.000e+00
     37.844   71.32186 -160.65154     38.238    -1.6655    -1.6659    -1.6661    32.6524    32.6654  1026.4541    26.2693    256.720    243.663  370.43259     69.303     65.784     0.0891     0.1868     3.3602     1.3531 1.0000e-12       3899     2.7069  0.000e+00
     37.860   71.32186 -160.65154     38.253    -1.6655    -1.6656    -1.6661    32.6520    32.6652  1026.4538    26.2689    256.713    243.425  370.43389     69.301     65.720     0.0904     0.1941     3.3602     1.3531 8.4714e-06       3900     2.7076  0.000e+00
     37.860   71.32186 -160.65154     38.253    -1.6656    -1.6659    -1.6663    32.6523    32.6657  1026.4540    26.2692    256.711    243.387  370.43469     69.300     65.710     0.0891     0.1868     3.3602     1.3531 8.4714e-06       3901     2.7083  0.000e+00
     37.906   71.32186 -160.65154     38.300    -1.6655    -1.6657    -1.6661    32.6522    32.6654  1026.4542    26.2691    256.664    243.348  370.43334     69.287     65.699     0.0904     0.1941     3.3602     1.3531 8.4714e-06       3902     2.7090  0.000e+00
     37.860   71.32186 -160.65154     38.253    -1.6656    -1.6657    -1.6663    32.6521    32.6657  1026.4539    26.2691    256.620    243.307  370.43519     69.275     65.688     0.0879     0.1795     3.3602     1.3531 1.0000e-12       3903     2.7097  0.000e+00
     37.860   71.32186 -160.65154     38.253    -1.6656    -1.6659    -1.6663    32.6523    32.6660  1026.4540    26.2692    256.580    243.269  370.43469     69.265     65.678     0.0891     0.1868     3.3602     1.3531 1.0000e-12       3904     2.7104  0.000e+00
     37.844   71.32186 -160.65154     38.238    -1.6658    -1.6656    -1.6665    32.6530    32.6652  1026.4545    26.2697    256.804    243.262  370.43444     69.325     65.676     0.0891     0.1868     3.3602     1.3531 8.4714e-06       3905     2.7111  0.000e+00
     37.914   71.32186 -160.65154     38.308    -1.6661    -1.6656    -1.6668    32.6534    32.6652  1026.4552    26.2701    257.085    243.227  370.43615     69.401     65.667     0.0891     0.1868     3.3602     1.3531 8.4714e-06       3906     2.7118  0.000e+00
     37.860   71.32186 -160.65154     38.253    -1.6659    -1.6653    -1.6666    32.6535    32.6651  1026.4550    26.2702    256.628    243.219  370.43411     69.278     65.665     0.0904     0.1941     3.3602     1.3531 1.0000e-12       3907     2.7125  0.000e+00
     37.906   71.32186 -160.65154     38.300    -1.6661    -1.6652    -1.6668    32.6537    32.6645  1026.4554    26.2704    256.601    242.954  370.43512     69.270     65.593     0.0891     0.1868     3.3602     1.3531 1.0000e-12       3908     2.7132  0.000e+00
     37.860   71.32186 -160.65154     38.253    -1.6664    -1.6655    -1.6671    32.6541    32.6653  1026.4555    26.2707    256.836    242.919  370.43700     69.333     65.584     0.0891     0.1868     3.3602     1.3531 1.0000e-12       3909     2.7139  0.000e+00
     37.914   71.32186 -160.65154     38.308    -1.6666    -1.6653    -1.6672    32.6542    32.6653  1026.4558    26.2707    256.606    243.119  370.43853     69.271     65.638     0.0891     0.1868     3.3602     1.3531 1.0000e-12       3910     2.7146  0.000e+00
     37.906   71.32186 -160.65154     38.300    -1.6666    -1.6657    -1.6672    32.6540    32.6659  1026.4557    26.2706    256.588    242.893  370.43902     69.266     65.577     0.0904     0.1941     3.3602     1.3531 8.4714e-06       3911     2.7153  0.000e+00
     37.914   71.32186 -160.65154     38.308    -1.6669    -1.6659    -1.6675    32.6545    32.6663  1026.4561    26.2710    256.575    243.097  370.44049     69.262     65.632     0.0916     0.2015     3.3602     1.3531 1.0000e-12       3912     2.7160  0.000e+00
     37.860   71.32186 -160.65154     38.253    -1.6669    -1.6657    -1.6675    32.6543    32.6662  1026.4557    26.2709    256.563    243.101  370.44090     69.259     65.633     0.0904     0.1941     3.3590     1.3545 1.0000e-12       3913     2.7167  0.000e+00
     37.906   71.32186 -160.65154     38.300    -1.6669    -1.6657    -1.6675    32.6541    32.6666  1026.4557    26.2706    256.559    242.846  370.44174     69.257     65.564     0.0904     0.1941     3.3578     1.3560 8.4714e-06       3914     2.7174  0.000e+00
     37.914   71.32186 -160.65154     38.308    -1.6670    -1.6655    -1.6677    32.6542    32.6666  1026.4559    26.2708    256.558    242.822  370.44306     69.257     65.558     0.0904     0.1941     3.3480     1.3676 1.0000e-12       3915     2.7181  0.000e+00
     37.914   71.32186 -160.65154     38.308    -1.6669    -1.6657    -1.6675    32.6539    32.6671  1026.4556    26.2705    256.559    242.768  370.44213     69.258     65.544     0.0904     0.1941     3.3431     1.3735 1.0000e-12       3916     2.7188  0.000e+00
     37.906   71.32186 -160.65154     38.300    -1.6669    -1.6659    -1.6675    32.6540    32.6671  1026.4556    26.2706    256.565    242.750  370.44199     69.259     65.538     0.0904     0.1941     3.3431     1.3735 1.0000e-12       3917     2.7194  0.000e+00
     37.914   71.32186 -160.65154     38.308    -1.6667    -1.6656    -1.6673    32.6536    32.6667  1026.4553    26.2702    256.575    242.733  370.44146     69.262     65.534     0.0904     0.1941     3.3431     1.3735 1.0000e-12       3918     2.7201  0.000e+00
     37.914   71.32186 -160.65154     38.308    -1.6669    -1.6655    -1.6675    32.6539    32.6670  1026.4556    26.2705    256.590    242.718  370.44213     69.266     65.530     0.0916     0.2015     3.3431     1.3735 1.0000e-12       3919     2.7208  0.000e+00
     37.906   71.32186 -160.65154     38.300    -1.6667    -1.6650    -1.6674    32.6536    32.6664  1026.4554    26.2703    256.609    242.738  370.44184     69.271     65.536     0.0904     0.1941     3.3431     1.3735 1.0000e-12       3920     2.7215  0.000e+00
     37.914   71.32186 -160.65154     38.308    -1.6669    -1.6653    -1.6675    32.6536    32.6666  1026.4554    26.2703    256.373    242.733  370.44302     69.207     65.535     0.0916     0.2015     3.3431     1.3735 1.0000e-12       3921     2.7222  0.000e+00
     37.914   71.32186 -160.65154     38.308    -1.6666    -1.6652    -1.6672    32.6538    32.6667  1026.4555    26.2704    256.609    242.728  370.43967     69.272     65.534     0.0904     0.1941     3.3443     1.3720 8.4714e-06       3922     2.7229  0.000e+00
     37.906   71.32186 -160.65154     38.300    -1.6667    -1.6652    -1.6673    32.6541    32.6669  1026.4557    26.2707    256.643    242.726  370.43993     69.281     65.533     0.0916     0.2015     3.3431     1.3735 8.4714e-06       3923     2.7236  0.000e+00
     37.914   71.32186 -160.65154     38.308    -1.6666    -1.6652    -1.6672    32.6537    32.6670  1026.4555    26.2704    256.680    242.728  370.43979     69.291     65.534     0.0904     0.1941     3.3431     1.3735 1.0000e-12       3924     2.7243  0.000e+00
