EcoFOCI/data/1_SampleCollection/2023_SikuliaqDBO_CruiseData/CTD_raw_BottleFile_SKQ23-12S/proc/skq202312s_064avg.cnv
* Sea-Bird SBE 9 Data File:
* FileName = D:\CTD\SKQ202312S\SKQ202312S_064.hex
* Software Version Seasave V 7.26.7.121
* Temperature SN = 6177
* Conductivity SN = 0369
* Number of Bytes Per Scan = 41
* Number of Voltage Words = 4
* Number of Scans Averaged by the Deck Unit = 1
* NMEA Latitude = 71 57.82 N
* NMEA Longitude = 166 18.97 W
* NMEA UTC (Time) = Sep 28 2023  10:18:40
* NMEA baud rate = 4800
** Ship: R/V Sikuliaq
** Station Number: 064
** Station Name: IC0.1
** Bottom Depth: 46
** Operator: Bern
# nquan = 25
# nvalues = 40                          
# units = specified
# name 0 = depSM: Depth [salt water, m]
# name 1 = latitude: Latitude [deg]
# name 2 = longitude: Longitude [deg]
# name 3 = prDM: Pressure, Digiquartz [db]
# name 4 = t090C: Temperature [ITS-90, deg C]
# name 5 = t190C: Temperature, 2 [ITS-90, deg C]
# name 6 = potemp090C: Potential Temperature [ITS-90, deg C]
# name 7 = sal00: Salinity, Practical [PSU]
# name 8 = sal11: Salinity, Practical, 2 [PSU]
# name 9 = density00: Density [density, kg/m^3]
# name 10 = sigma-é00: Density [sigma-theta, kg/m^3]
# name 11 = sbox0Mm/Kg: Oxygen, SBE 43 [umol/kg]
# name 12 = sbox1Mm/Kg: Oxygen, SBE 43, 2 [umol/kg]
# name 13 = oxsolMm/Kg: Oxygen Saturation, Garcia & Gordon [umol/kg]
# name 14 = sbeox0PS: Oxygen, SBE 43 [% saturation]
# name 15 = sbeox1PS: Oxygen, SBE 43, 2 [% saturation]
# name 16 = v0: Voltage 0
# name 17 = flECO-AFL: Fluorescence, WET Labs ECO-AFL/FL [mg/m^3]
# name 18 = v1: Voltage 1
# name 19 = CStarAt0: Beam Attenuation, WET Labs C-Star [1/m]
# name 20 = par: PAR/Irradiance, Biospherical/Licor
# name 21 = scan: Scan Count
# name 22 = timeM: Time, Elapsed [minutes]
# name 23 = nbin: number of scans per bin
# name 24 = flag: flag
# span 0 =      1.979,     40.577       
# span 1 =   71.96376,   71.96376       
# span 2 = -166.31569, -166.31550       
# span 3 =      2.000,     41.000       
# span 4 =    -0.5468,     3.9695       
# span 5 =    -0.5431,     3.9661       
# span 6 =    -0.5479,     3.9678       
# span 7 =    30.8652,    32.3174       
# span 8 =    30.8683,    32.3335       
# span 9 =  1024.5293,  1026.1606       
# span 10 =    24.5199,    25.9638      
# span 11 =    303.739,    328.331      
# span 12 =    287.584,    309.286      
# span 13 =  324.49981,  360.45863      
# span 14 =     85.403,     95.285      
# span 15 =     81.267,     90.328      
# span 16 =     0.0776,     0.1214      
# span 17 =     0.1180,     0.3802      
# span 18 =     3.4015,     4.2467      
# span 19 =     0.4163,     1.3040      
# span 20 = 1.2351e-06, 5.6687e-01      
# span 21 =       -387,       3413      
# span 22 =    -0.2693,     2.3697      
# span 23 =          5,        648      
# span 24 = 0.0000e+00, 0.0000e+00      
# interval = decibars: 1                
# start_time = Sep 28 2023 10:21:40 [NMEA time, first data scan]
# bad_flag = -9.990e-29
*END*
      1.979   71.96376 -166.31569      2.000     3.7675     3.7634     3.7673    30.8652    30.8683  1024.5293    24.5199    310.769    293.912  326.60394     95.152     89.983     0.1214     0.3802     4.2000     0.4605 5.6687e-01       -387    -0.2693         19 0.0000e+00
      2.969   71.96376 -166.31567      3.000     3.8052     3.8046     3.8050    30.8987    30.9088  1024.5572    24.5431    310.840    293.846  326.22055     95.285     90.081     0.1025     0.2674     4.2042     0.4564 2.9941e-01        427     0.2961        344 0.0000e+00
      3.959   71.96376 -166.31564      4.000     3.8140     3.8102     3.8138    30.9077    30.9155  1024.5682    24.5494    310.314    294.596  326.12843     95.151     90.328     0.0986     0.2438     4.2013     0.4592 2.4448e-01        567     0.3930         82 0.0000e+00
      4.949   71.96376 -166.31564      5.000     3.8469     3.8470     3.8466    30.9400    30.9470  1024.5956    24.5721    310.279    293.533  325.78719     95.240     90.105     0.0962     0.2295     4.2144     0.4468 1.9547e-01        638     0.4426         54 0.0000e+00
      5.938   71.96376 -166.31564      6.000     3.8666     3.8722     3.8663    30.9523    30.9662  1024.6082    24.5801    309.660    293.360  325.60021     95.104     90.120     0.0909     0.1976     4.2159     0.4454 1.5068e-01        713     0.4943         84 0.0000e+00
      6.928   71.96376 -166.31564      7.000     3.8647     3.8721     3.8643    30.9518    30.9673  1024.6127    24.5799    309.697    292.463  325.61671     95.111     89.845     0.0898     0.1909     4.2101     0.4509 1.1223e-01        773     0.5361         44 0.0000e+00
      7.918   71.96376 -166.31564      8.000     3.9040     3.9086     3.9035    30.9867    31.0005  1024.6415    24.6040    309.453    293.463  325.21900     95.152     90.255     0.0876     0.1773     4.2201     0.4414 6.8175e-02        820     0.5687         56 0.0000e+00
      8.908   71.96376 -166.31563      9.000     3.8873     3.9013     3.8868    30.9680    30.9947  1024.6329    24.5907    309.311    293.562  325.39730     95.057     90.265     0.0852     0.1633     4.2233     0.4383 3.9605e-02        889     0.6169         66 0.0000e+00
      9.897   71.96376 -166.31562     10.000     3.8843     3.8799     3.8837    30.9655    30.9748  1024.6358    24.5890    308.781    293.133  325.42769     94.885     90.073     0.0873     0.1756     4.2274     0.4345 2.0907e-02        935     0.6483         35 0.0000e+00
     10.887   71.96376 -166.31562     11.000     3.8785     3.8805     3.8779    30.9649    30.9761  1024.6406    24.5890    308.944    292.653  325.47486     94.921     89.927     0.0866     0.1714     4.2267     0.4351 1.6636e-02        972     0.6740         45 0.0000e+00
     11.877   71.96376 -166.31562     12.000     3.8653     3.8679     3.8645    30.9518    30.9653  1024.6361    24.5799    309.756    292.385  325.61219     95.130     89.810     0.0884     0.1820     4.2234     0.4383 6.0190e-03       1022     0.7090         50 0.0000e+00
     12.866   71.96376 -166.31562     13.000     3.8736     3.8706     3.8728    30.9580    30.9675  1024.6450    24.5841    309.386    293.324  325.53081     95.040     90.106     0.0869     0.1737     4.2211     0.4405 2.4539e-03       1067     0.7401         42 0.0000e+00
     13.856   71.96376 -166.31562     14.000     3.8563     3.8565     3.8554    30.9447    30.9546  1024.6407    24.5751    309.563    293.388  325.70093     95.045     90.086     0.0892     0.1872     4.2184     0.4430 1.8708e-03       1115     0.7739         52 0.0000e+00
     14.846   71.96376 -166.31561     15.000     3.8577     3.8617     3.8568    30.9442    30.9595  1024.6448    24.5745    309.236    292.948  325.69108     94.948     89.966     0.0913     0.1998     4.2174     0.4439 1.2398e-05       1164     0.8080         44 0.0000e+00
     15.835   71.96376 -166.31561     16.000     3.8593     3.8595     3.8583    30.9481    30.9559  1024.6524    24.5775    309.765    292.734  325.66856     95.117     89.893     0.0887     0.1841     4.2202     0.4413 4.1401e-06       1203     0.8346         34 0.0000e+00
     16.825   71.96376 -166.31562     17.000     3.8694     3.8664     3.8683    30.9532    30.9625  1024.6603    24.5806    309.892    293.025  325.57614     95.183     90.002     0.1041     0.2764     4.2112     0.4498 1.3448e-06       1247     0.8651         51 0.0000e+00
     17.815   71.96376 -166.31560     18.000     3.8551     3.8546     3.8540    30.9400    30.9516  1024.6558    24.5715    310.093    292.768  325.72188     95.202     89.890     0.0928     0.2091     4.2192     0.4422 3.7754e-06       1302     0.9036         53 0.0000e+00
     18.805   71.96376 -166.31560     19.000     3.8735     3.8746     3.8724    30.9605    30.9671  1024.6751    24.5861    309.561    293.182  325.52504     95.096     90.071     0.0894     0.1884     4.2127     0.4483 4.3417e-06       1349     0.9358         43 0.0000e+00
     19.794   71.96376 -166.31560     20.000     3.8775     3.8754     3.8763    30.9589    30.9677  1024.6781    24.5844    310.111    293.112  325.49735     95.273     90.052     0.0872     0.1751     4.2181     0.4432 3.8308e-06       1395     0.9683         44 0.0000e+00
     20.784   71.96376 -166.31560     21.000     3.9491     3.9428     3.9478    31.0193    31.0147  1024.7241    24.6258    308.992    293.091  324.78269     95.138     90.225     0.0887     0.1841     4.2248     0.4368 2.0069e-06       1433     0.9944         33 0.0000e+00
     21.774   71.96376 -166.31560     22.000     3.9597     3.9595     3.9583    31.0276    31.0382  1024.7344    24.6314    308.977    292.273  324.67795     95.164     90.026     0.0871     0.1748     4.2359     0.4265 3.2778e-06       1476     1.0240         58 0.0000e+00
     22.763   71.96376 -166.31558     23.000     3.9015     3.8998     3.9001    31.0266    31.0429  1024.7438    24.6360    308.208    290.906  325.14100     94.792     89.478     0.0847     0.1604     4.2398     0.4228 3.5419e-06       1542     1.0699         60 0.0000e+00
     23.753   71.96376 -166.31558     24.000     3.8527     3.8546     3.8513    31.0328    31.0424  1024.7579    24.6455    307.867    291.646  325.51289     94.579     89.606     0.0797     0.1298     4.2421     0.4207 4.1203e-06       1584     1.0996         29 0.0000e+00
     24.743   71.96376 -166.31558     25.000     3.8836     3.8840     3.8821    31.0347    31.0453  1024.7613    24.6442    307.966    291.322  325.26341     94.682     89.573     0.0791     0.1265     4.2390     0.4235 5.3221e-06       1616     1.1214         35 0.0000e+00
     25.732   71.96376 -166.31558     26.000     3.9586     3.9624     3.9570    31.0497    31.0545  1024.7708    24.6491    308.918    291.483  324.63265     95.159     89.800     0.0820     0.1439     4.2376     0.4248 4.2827e-06       1665     1.1558         68 0.0000e+00
     26.722   71.96376 -166.31556     27.000     3.9695     3.9661     3.9678    31.0690    31.0855  1024.7898    24.6634    308.871    292.147  324.49981     95.184     90.034     0.0885     0.1831     4.2361     0.4262 3.3386e-06       1728     1.1996         45 0.0000e+00
     27.712   71.96376 -166.31556     28.000     3.8459     3.8437     3.8442    31.3818    31.3953  1025.0548    24.9237    307.953    292.676  324.71167     94.839     90.138     0.1085     0.3033     4.2355     0.4268 2.6693e-06       1765     1.2247         35 0.0000e+00
     28.701   71.96376 -166.31556     29.000     3.6331     3.6233     3.6314    31.9081    31.9456  1025.4976    25.3618    306.788    291.159  325.11581     94.363     89.560     0.0973     0.2360     4.2351     0.4272 2.8189e-06       1802     1.2509         42 0.0000e+00
     29.691   71.96376 -166.31555     30.000     2.7295     2.6944     2.7279    32.0705    32.1391  1025.7102    25.5690    303.739    291.584  332.04221     91.491     87.795     0.0867     0.1723     4.2397     0.4228 3.6832e-06       1851     1.2849         57 0.0000e+00
     30.680   71.96376 -166.31554     31.000     1.7862     1.7822     1.7848    32.1419    32.2044  1025.8441    25.6974    311.828    287.584  339.79420     91.757     84.655     0.0822     0.1452     4.2437     0.4190 4.1477e-06       1924     1.3357         76 0.0000e+00
     31.670   71.96376 -166.31553     32.000     1.0071     0.9605     1.0058    32.2051    32.2781  1025.9497    25.7975    327.521    304.654  346.45611     94.532     87.874     0.0787     0.1245     4.2442     0.4185 4.4729e-06       1982     1.3756         51 0.0000e+00
     32.660   71.96376 -166.31552     33.000     0.8632     1.0400     0.8619    32.2098    32.1938  1025.9664    25.8094    328.331    309.286  347.73745     94.424     89.316     0.0776     0.1180     4.2467     0.4163 4.6060e-06       2096     1.4546        153 0.0000e+00
     33.649   71.96376 -166.31550     34.000     0.0468     0.0296     0.0457    32.3008    32.3335  1026.0880    25.9254    325.629    305.620  354.91817     91.749     86.095     0.0910     0.1980     4.1757     0.4838 3.9504e-06       2225     1.5443        129 0.0000e+00
     34.639   71.96376 -166.31551     35.000    -0.1559    -0.1416    -0.1569    32.2900    32.3062  1026.0933    25.9257    319.625    302.904  356.83923     89.573     84.929     0.0798     0.1308     4.1481     0.5103 4.3750e-06       2579     1.7906        648 0.0000e+00
     35.628   71.96376 -166.31556     36.000    -0.3890    -0.3954    -0.3900    32.2979    32.3190  1026.1145    25.9419    317.818    301.094  359.01208     88.526     83.867     0.0899     0.1912     3.8155     0.8456 3.3764e-06       3031     2.1042         83 0.0000e+00
     36.618   71.96376 -166.31556     37.000    -0.4556    -0.4574    -0.4566    32.3091    32.3253  1026.1310    25.9535    313.898    298.085  359.61329     87.288     82.897     0.1022     0.2654     3.5880     1.0899 1.2351e-06       3097     2.1503        103 0.0000e+00
     37.608   71.96376 -166.31558     38.000    -0.4862    -0.4855    -0.4872    32.3101    32.3256  1026.1378    25.9555    310.456    294.338  359.90146     86.262     81.794     0.1039     0.2753     3.5444     1.1397 1.7077e-06       3173     2.2028         69 0.0000e+00
     38.597   71.96376 -166.31559     39.000    -0.5070    -0.5066    -0.5080    32.3112    32.3259  1026.1444    25.9572    309.646    293.283  360.09605     85.990     81.456     0.1058     0.2868     3.4794     1.2136 1.9161e-06       3258     2.2620         93 0.0000e+00
     39.587   71.96376 -166.31560     40.000    -0.5257    -0.5232    -0.5267    32.3123    32.3265  1026.1508    25.9588    308.953    293.316  360.27139     85.756     81.430     0.1061     0.2887     3.4431     1.2556 1.6441e-06       3334     2.3149         73 0.0000e+00
     40.577   71.96376 -166.31560     41.000    -0.5468    -0.5431    -0.5479    32.3174    32.3280  1026.1606    25.9638    307.843    292.882  360.45863     85.403     81.267     0.1119     0.3229     3.4015     1.3040 1.7558e-06       3413     2.3697          5 0.0000e+00
