EcoFOCI/data/1_SampleCollection/2023_SikuliaqDBO_CruiseData/CTD_raw_BottleFile_SKQ23-12S/proc/skq202312s_045svpavg.cnv
* Sea-Bird SBE 9 Data File:
* FileName = D:\CTD\SKQ202312S\SKQ202312S_045.hex
* Software Version Seasave V 7.26.7.121
* Temperature SN = 6177
* Conductivity SN = 0369
* Number of Bytes Per Scan = 41
* Number of Voltage Words = 4
* Number of Scans Averaged by the Deck Unit = 1
* NMEA Latitude = 71 39.21 N
* NMEA Longitude = 161 35.21 W
* NMEA UTC (Time) = Sep 24 2023  11:43:57
* NMEA baud rate = 4800
** Ship: R/V Sikuliaq
** Station Number: 045
** Station Name: DBO4.4na
** Bottom Depth: 47
** Operator: Bern
# nquan = 7
# nvalues = 38                          
# units = specified
# name 0 = depSM: Depth [salt water, m]
# name 1 = latitude: Latitude [deg]
# name 2 = longitude: Longitude [deg]
# name 3 = t090C: Temperature [ITS-90, deg C]
# name 4 = sal00: Salinity, Practical [PSU]
# name 5 = svCM: Sound Velocity [Chen-Millero, m/s]
# name 6 = flag: flag
# span 0 =      3.000,     40.000       
# span 1 =   71.65350,   71.65352       
# span 2 = -161.58678, -161.58675       
# span 3 =    -1.4847,     2.2633       
# span 4 =    27.3150,    32.5733       
# span 5 =    1439.24,    1451.29       
# span 6 = 0.0000e+00, 0.0000e+00       
# interval = meters: 1                  
# start_time = Sep 24 2023 11:47:11 [NMEA time, first data scan]
# bad_flag = -9.990e-29
*END*
      3.000   71.65350 -161.58678     1.8212    27.3171    1447.28 0.0000e+00
      4.000   71.65352 -161.58678     1.8161    27.3150    1447.27 0.0000e+00
      5.000   71.65352 -161.58678     1.8183    27.3150    1447.29 0.0000e+00
      6.000   71.65352 -161.58678     1.8187    27.3152    1447.31 0.0000e+00
      7.000   71.65352 -161.58678     1.8195    27.3155    1447.33 0.0000e+00
      8.000   71.65352 -161.58676     1.8187    27.3156    1447.34 0.0000e+00
      9.000   71.65352 -161.58676     1.8198    27.3176    1447.37 0.0000e+00
     10.000   71.65352 -161.58676     1.8203    27.3221    1447.39 0.0000e+00
     11.000   71.65352 -161.58676     1.8465    27.4108    1447.64 0.0000e+00
     12.000   71.65352 -161.58676     2.2633    28.7730    1451.29 0.0000e+00
     13.000   71.65352 -161.58676     1.8185    29.7620    1450.63 0.0000e+00
     14.000   71.65352 -161.58676     1.6015    30.1816    1450.23 0.0000e+00
     15.000   71.65352 -161.58676     1.1251    30.6961    1448.78 0.0000e+00
     16.000   71.65352 -161.58676     0.6386    31.0987    1447.12 0.0000e+00
     17.000   71.65352 -161.58676     0.4729    31.2960    1446.64 0.0000e+00
     18.000   71.65352 -161.58676     0.1752    31.5320    1445.60 0.0000e+00
     19.000   71.65352 -161.58676    -0.1462    31.7425    1444.41 0.0000e+00
     20.000   71.65352 -161.58676    -0.9792    32.0728    1440.96 0.0000e+00
     21.000   71.65352 -161.58676    -1.3063    32.3926    1439.86 0.0000e+00
     22.000   71.65352 -161.58676    -1.4302    32.5096    1439.44 0.0000e+00
     23.000   71.65352 -161.58676    -1.4847    32.5384    1439.24 0.0000e+00
     24.000   71.65352 -161.58676    -1.4840    32.5469    1439.27 0.0000e+00
     25.000   71.65352 -161.58676    -1.4831    32.5476    1439.29 0.0000e+00
     26.000   71.65352 -161.58676    -1.4821    32.5526    1439.32 0.0000e+00
     27.000   71.65352 -161.58676    -1.4369    32.5522    1439.55 0.0000e+00
     28.000   71.65352 -161.58676    -1.4475    32.5496    1439.51 0.0000e+00
     29.000   71.65352 -161.58676    -1.4770    32.5542    1439.39 0.0000e+00
     30.000   71.65352 -161.58676    -1.4270    32.5619    1439.66 0.0000e+00
     31.000   71.65352 -161.58676    -1.3752    32.5647    1439.93 0.0000e+00
     32.000   71.65352 -161.58676    -1.3451    32.5711    1440.10 0.0000e+00
     33.000   71.65352 -161.58676    -1.3309    32.5726    1440.18 0.0000e+00
     34.000   71.65352 -161.58676    -1.3260    32.5733    1440.22 0.0000e+00
     35.000   71.65352 -161.58675    -1.3211    32.5726    1440.26 0.0000e+00
     36.000   71.65352 -161.58675    -1.3227    32.5726    1440.27 0.0000e+00
     37.000   71.65352 -161.58676    -1.3225    32.5726    1440.29 0.0000e+00
     38.000   71.65352 -161.58676    -1.3217    32.5728    1440.31 0.0000e+00
     39.000   71.65352 -161.58676    -1.3216    32.5729    1440.32 0.0000e+00
     40.000   71.65351 -161.58677    -1.3209    32.5727    1440.34 0.0000e+00
