EcoFOCI/data/1_SampleCollection/2023_SikuliaqDBO_CruiseData/CTD_raw_BottleFile_SKQ23-12S/proc/skq202312s_036svpavg.cnv
* Sea-Bird SBE 9 Data File:
* FileName = D:\CTD\SKQ202312S\SKQ202312S_036.hex
* Software Version Seasave V 7.26.7.121
* Temperature SN = 6177
* Conductivity SN = 0369
* Number of Bytes Per Scan = 41
* Number of Voltage Words = 4
* Number of Scans Averaged by the Deck Unit = 1
* NMEA Latitude = 72 27.93 N
* NMEA Longitude = 156 32.77 W
* NMEA UTC (Time) = Sep 22 2023  14:08:00
* NMEA baud rate = 4800
** Ship: R/V Sikuliaq
** Station Number: 036
** Station Name: CK9
** Bottom Depth: 990
** Operator: SD
# nquan = 7
# nvalues = 978                         
# units = specified
# name 0 = depSM: Depth [salt water, m]
# name 1 = latitude: Latitude [deg]
# name 2 = longitude: Longitude [deg]
# name 3 = t090C: Temperature [ITS-90, deg C]
# name 4 = sal00: Salinity, Practical [PSU]
# name 5 = svCM: Sound Velocity [Chen-Millero, m/s]
# name 6 = flag: flag
# span 0 =      4.000,    981.000       
# span 1 =   72.46518,   72.46554       
# span 2 = -156.54650, -156.54612       
# span 3 =    -1.6662,     3.5207       
# span 4 =    27.5795,    34.8588       
# span 5 =    1440.31,    1466.47       
# span 6 = 0.0000e+00, 0.0000e+00       
# interval = meters: 1                  
# start_time = Sep 22 2023 14:11:59 [NMEA time, first data scan]
# bad_flag = -9.990e-29
*END*
[from data line 411]
    415.000   72.46538 -156.54626     0.8874    34.8259    1459.78 0.0000e+00
    416.000   72.46538 -156.54626     0.8885    34.8263    1459.81 0.0000e+00
    417.000   72.46538 -156.54626     0.8907    34.8266    1459.84 0.0000e+00
    418.000   72.46538 -156.54626     0.8920    34.8271    1459.86 0.0000e+00
    419.000   72.46538 -156.54626     0.8924    34.8276    1459.88 0.0000e+00
    420.000   72.46538 -156.54626     0.8930    34.8279    1459.90 0.0000e+00
    421.000   72.46538 -156.54626     0.8930    34.8282    1459.92 0.0000e+00
    422.000   72.46538 -156.54626     0.8934    34.8286    1459.93 0.0000e+00
    423.000   72.46538 -156.54626     0.8934    34.8288    1459.95 0.0000e+00
    424.000   72.46538 -156.54626     0.8933    34.8291    1459.97 0.0000e+00
    425.000   72.46538 -156.54626     0.8928    34.8295    1459.98 0.0000e+00
    426.000   72.46538 -156.54626     0.8931    34.8296    1460.00 0.0000e+00
    427.000   72.46538 -156.54626     0.8923    34.8297    1460.01 0.0000e+00
    428.000   72.46538 -156.54626     0.8902    34.8300    1460.02 0.0000e+00
    429.000   72.46538 -156.54626     0.8888    34.8304    1460.03 0.0000e+00
    430.000   72.46538 -156.54626     0.8879    34.8305    1460.04 0.0000e+00
    431.000   72.46538 -156.54626     0.8874    34.8306    1460.06 0.0000e+00
    432.000   72.46538 -156.54626     0.8865    34.8310    1460.07 0.0000e+00
    433.000   72.46538 -156.54626     0.8862    34.8313    1460.09 0.0000e+00
    434.000   72.46538 -156.54626     0.8860    34.8318    1460.10 0.0000e+00
    435.000   72.46538 -156.54627     0.8860    34.8320    1460.12 0.0000e+00
    436.000   72.46538 -156.54628     0.8858    34.8322    1460.14 0.0000e+00
    437.000   72.46538 -156.54628     0.8853    34.8324    1460.15 0.0000e+00
    438.000   72.46538 -156.54628     0.8850    34.8326    1460.17 0.0000e+00
    439.000   72.46538 -156.54628     0.8848    34.8329    1460.18 0.0000e+00
    440.000   72.46538 -156.54628     0.8848    34.8328    1460.20 0.0000e+00
    441.000   72.46538 -156.54628     0.8846    34.8331    1460.22 0.0000e+00
    442.000   72.46538 -156.54628     0.8842    34.8334    1460.23 0.0000e+00
    443.000   72.46538 -156.54628     0.8841    34.8334    1460.25 0.0000e+00
    444.000   72.46538 -156.54628     0.8837    34.8336    1460.26 0.0000e+00
    445.000   72.46538 -156.54628     0.8835    34.8337    1460.28 0.0000e+00
    446.000   72.46538 -156.54628     0.8830    34.8338    1460.29 0.0000e+00
    447.000   72.46538 -156.54628     0.8817    34.8345    1460.30 0.0000e+00
    448.000   72.46538 -156.54628     0.8809    34.8348    1460.32 0.0000e+00
    449.000   72.46538 -156.54628     0.8807    34.8349    1460.33 0.0000e+00
    450.000   72.46538 -156.54628     0.8809    34.8348    1460.35 0.0000e+00
    451.000   72.46538 -156.54628     0.8809    34.8349    1460.37 0.0000e+00
    452.000   72.46538 -156.54628     0.8802    34.8349    1460.38 0.0000e+00
    453.000   72.46538 -156.54628     0.8786    34.8355    1460.39 0.0000e+00
    454.000   72.46538 -156.54628     0.8781    34.8356    1460.41 0.0000e+00
    455.000   72.46538 -156.54628     0.8771    34.8357    1460.42 0.0000e+00
    456.000   72.46538 -156.54628     0.8767    34.8359    1460.43 0.0000e+00
    457.000   72.46538 -156.54628     0.8769    34.8360    1460.45 0.0000e+00
    458.000   72.46538 -156.54628     0.8763    34.8361    1460.46 0.0000e+00
    459.000   72.46538 -156.54628     0.8750    34.8360    1460.47 0.0000e+00
    460.000   72.46538 -156.54628     0.8735    34.8363    1460.49 0.0000e+00
    461.000   72.46538 -156.54629     0.8720    34.8363    1460.49 0.0000e+00
    462.000   72.46538 -156.54628     0.8673    34.8369    1460.49 0.0000e+00
    463.000   72.46538 -156.54628     0.8664    34.8371    1460.50 0.0000e+00
    464.000   72.46538 -156.54628     0.8659    34.8371    1460.52 0.0000e+00
    465.000   72.46538 -156.54629     0.8640    34.8374    1460.53 0.0000e+00
    466.000   72.46538 -156.54630     0.8624    34.8374    1460.54 0.0000e+00
    467.000   72.46538 -156.54630     0.8598    34.8377    1460.54 0.0000e+00
    468.000   72.46538 -156.54630     0.8586    34.8379    1460.55 0.0000e+00
    469.000   72.46538 -156.54630     0.8588    34.8379    1460.57 0.0000e+00
    470.000   72.46538 -156.54630     0.8568    34.8381    1460.58 0.0000e+00
    471.000   72.46536 -156.54630     0.8566    34.8382    1460.59 0.0000e+00
    472.000   72.46537 -156.54630     0.8572    34.8382    1460.61 0.0000e+00
    473.000   72.46538 -156.54630     0.8579    34.8380    1460.63 0.0000e+00
    474.000   72.46538 -156.54630     0.8558    34.8379    1460.64 0.0000e+00
    475.000   72.46538 -156.54630     0.8537    34.8380    1460.65 0.0000e+00
    476.000   72.46537 -156.54630     0.8531    34.8382    1460.66 0.0000e+00
    477.000   72.46536 -156.54630     0.8540    34.8386    1460.68 0.0000e+00
    478.000   72.46536 -156.54630     0.8549    34.8387    1460.70 0.0000e+00
    479.000   72.46536 -156.54630     0.8555    34.8389    1460.72 0.0000e+00
    480.000   72.46536 -156.54630     0.8566    34.8390    1460.75 0.0000e+00
    481.000   72.46537 -156.54630     0.8580    34.8390    1460.77 0.0000e+00
    482.000   72.46538 -156.54630     0.8581    34.8389    1460.78 0.0000e+00
    483.000   72.46537 -156.54630     0.8581    34.8391    1460.80 0.0000e+00
    484.000   72.46536 -156.54630     0.8586    34.8391    1460.82 0.0000e+00
    485.000   72.46536 -156.54630     0.8585    34.8392    1460.84 0.0000e+00
    486.000   72.46536 -156.54630     0.8598    34.8394    1460.86 0.0000e+00
    487.000   72.46536 -156.54630     0.8602    34.8393    1460.88 0.0000e+00
    488.000   72.46536 -156.54630     0.8613    34.8392    1460.90 0.0000e+00
    489.000   72.46538 -156.54630     0.8604    34.8392    1460.91 0.0000e+00
    490.000   72.46537 -156.54630     0.8609    34.8394    1460.93 0.0000e+00
    491.000   72.46536 -156.54630     0.8598    34.8397    1460.94 0.0000e+00
    492.000   72.46536 -156.54630     0.8598    34.8403    1460.96 0.0000e+00
    493.000   72.46536 -156.54630     0.8595    34.8406    1460.98 0.0000e+00
    494.000   72.46536 -156.54630     0.8578    34.8406    1460.99 0.0000e+00
    495.000   72.46536 -156.54630     0.8562    34.8410    1461.00 0.0000e+00
    496.000   72.46536 -156.54630     0.8556    34.8411    1461.01 0.0000e+00
    497.000   72.46536 -156.54630     0.8536    34.8412    1461.02 0.0000e+00
    498.000   72.46536 -156.54630     0.8515    34.8414    1461.02 0.0000e+00
    499.000   72.46536 -156.54630     0.8499    34.8414    1461.03 0.0000e+00
    500.000   72.46536 -156.54630     0.8482    34.8415    1461.04 0.0000e+00
    501.000   72.46536 -156.54630     0.8473    34.8414    1461.06 0.0000e+00
    502.000   72.46536 -156.54630     0.8458    34.8415    1461.07 0.0000e+00
    503.000   72.46536 -156.54630     0.8433    34.8411    1461.07 0.0000e+00
    504.000   72.46536 -156.54630     0.8420    34.8415    1461.08 0.0000e+00
    505.000   72.46536 -156.54630     0.8427    34.8415    1461.10 0.0000e+00
    506.000   72.46536 -156.54630     0.8431    34.8415    1461.12 0.0000e+00
    507.000   72.46536 -156.54630     0.8427    34.8413    1461.13 0.0000e+00
    508.000   72.46536 -156.54630     0.8427    34.8416    1461.15 0.0000e+00
    509.000   72.46536 -156.54630     0.8430    34.8416    1461.17 0.0000e+00
    510.000   72.46536 -156.54630     0.8430    34.8416    1461.19 0.0000e+00
    511.000   72.46536 -156.54630     0.8434    34.8417    1461.21 0.0000e+00
    512.000   72.46536 -156.54630     0.8435    34.8417    1461.22 0.0000e+00
    513.000   72.46536 -156.54630     0.8428    34.8417    1461.23 0.0000e+00
    514.000   72.46536 -156.54630     0.8432    34.8419    1461.25 0.0000e+00
    515.000   72.46536 -156.54630     0.8384    34.8414    1461.25 0.0000e+00
    516.000   72.46536 -156.54630     0.8348    34.8417    1461.25 0.0000e+00
    517.000   72.46536 -156.54630     0.8342    34.8418    1461.26 0.0000e+00
    518.000   72.46536 -156.54630     0.8341    34.8419    1461.28 0.0000e+00
    519.000   72.46536 -156.54630     0.8329    34.8418    1461.29 0.0000e+00
    520.000   72.46536 -156.54630     0.8298    34.8420    1461.29 0.0000e+00
    521.000   72.46536 -156.54630     0.8288    34.8423    1461.31 0.0000e+00
    522.000   72.46536 -156.54630     0.8274    34.8424    1461.32 0.0000e+00
    523.000   72.46536 -156.54630     0.8260    34.8425    1461.33 0.0000e+00
    524.000   72.46536 -156.54630     0.8257    34.8427    1461.34 0.0000e+00
    525.000   72.46536 -156.54630     0.8255    34.8428    1461.36 0.0000e+00
    526.000   72.46536 -156.54630     0.8256    34.8428    1461.38 0.0000e+00
    527.000   72.46536 -156.54630     0.8232    34.8423    1461.38 0.0000e+00
    528.000   72.46536 -156.54631     0.8182    34.8428    1461.37 0.0000e+00
    529.000   72.46536 -156.54632     0.8175    34.8430    1461.39 0.0000e+00
    530.000   72.46536 -156.54632     0.8169    34.8430    1461.40 0.0000e+00
    531.000   72.46536 -156.54632     0.8153    34.8430    1461.41 0.0000e+00
    532.000   72.46536 -156.54632     0.8129    34.8435    1461.42 0.0000e+00
    533.000   72.46536 -156.54632     0.8119    34.8436    1461.43 0.0000e+00
    534.000   72.46536 -156.54632     0.8109    34.8436    1461.44 0.0000e+00
    535.000   72.46536 -156.54632     0.8096    34.8437    1461.45 0.0000e+00
    536.000   72.46536 -156.54632     0.8087    34.8439    1461.47 0.0000e+00
    537.000   72.46536 -156.54632     0.8075    34.8443    1461.48 0.0000e+00
    538.000   72.46536 -156.54632     0.8087    34.8445    1461.50 0.0000e+00
    539.000   72.46536 -156.54632     0.8078    34.8444    1461.51 0.0000e+00
    540.000   72.46536 -156.54632     0.8014    34.8442    1461.50 0.0000e+00
    541.000   72.46536 -156.54632     0.7990    34.8443    1461.51 0.0000e+00
    542.000   72.46536 -156.54632     0.7978    34.8445    1461.52 0.0000e+00
    543.000   72.46536 -156.54632     0.7968    34.8444    1461.53 0.0000e+00
    544.000   72.46536 -156.54632     0.7955    34.8442    1461.54 0.0000e+00
    545.000   72.46536 -156.54632     0.7927    34.8444    1461.54 0.0000e+00
    546.000   72.46536 -156.54632     0.7908    34.8444    1461.55 0.0000e+00
    547.000   72.46536 -156.54632     0.7889    34.8446    1461.56 0.0000e+00
    548.000   72.46536 -156.54632     0.7880    34.8448    1461.57 0.0000e+00
    549.000   72.46536 -156.54632     0.7873    34.8449    1461.59 0.0000e+00
    550.000   72.46536 -156.54632     0.7870    34.8452    1461.60 0.0000e+00
    551.000   72.46536 -156.54632     0.7865    34.8451    1461.62 0.0000e+00
    552.000   72.46536 -156.54632     0.7827    34.8458    1461.62 0.0000e+00
    553.000   72.46536 -156.54632     0.7822    34.8460    1461.63 0.0000e+00
    554.000   72.46536 -156.54632     0.7812    34.8460    1461.65 0.0000e+00
    555.000   72.46536 -156.54632     0.7806    34.8461    1461.66 0.0000e+00
    556.000   72.46535 -156.54632     0.7800    34.8460    1461.67 0.0000e+00
    557.000   72.46534 -156.54632     0.7776    34.8463    1461.68 0.0000e+00
    558.000   72.46534 -156.54632     0.7770    34.8462    1461.69 0.0000e+00
    559.000   72.46534 -156.54632     0.7765    34.8464    1461.71 0.0000e+00
    560.000   72.46534 -156.54632     0.7765    34.8463    1461.72 0.0000e+00
    561.000   72.46535 -156.54632     0.7736    34.8463    1461.73 0.0000e+00
    562.000   72.46534 -156.54632     0.7718    34.8463    1461.74 0.0000e+00
    563.000   72.46534 -156.54632     0.7697    34.8463    1461.74 0.0000e+00
    564.000   72.46534 -156.54634     0.7688    34.8464    1461.76 0.0000e+00
    565.000   72.46534 -156.54633     0.7686    34.8468    1461.77 0.0000e+00
    566.000   72.46534 -156.54632     0.7687    34.8467    1461.79 0.0000e+00
    567.000   72.46534 -156.54632     0.7684    34.8467    1461.81 0.0000e+00
    568.000   72.46534 -156.54632     0.7670    34.8466    1461.82 0.0000e+00
    569.000   72.46534 -156.54632     0.7661    34.8467    1461.83 0.0000e+00
    570.000   72.46534 -156.54634     0.7657    34.8468    1461.84 0.0000e+00
    571.000   72.46534 -156.54632     0.7660    34.8468    1461.86 0.0000e+00
    572.000   72.46534 -156.54632     0.7651    34.8467    1461.87 0.0000e+00
    573.000   72.46534 -156.54632     0.7633    34.8471    1461.88 0.0000e+00
    574.000   72.46534 -156.54632     0.7634    34.8469    1461.90 0.0000e+00
    575.000   72.46534 -156.54632     0.7630    34.8475    1461.91 0.0000e+00
    576.000   72.46534 -156.54632     0.7627    34.8475    1461.93 0.0000e+00
    577.000   72.46534 -156.54632     0.7617    34.8474    1461.94 0.0000e+00
    578.000   72.46534 -156.54632     0.7619    34.8474    1461.96 0.0000e+00
    579.000   72.46534 -156.54632     0.7620    34.8475    1461.98 0.0000e+00
    580.000   72.46534 -156.54632     0.7625    34.8477    1462.00 0.0000e+00
    581.000   72.46534 -156.54632     0.7617    34.8475    1462.01 0.0000e+00
    582.000   72.46534 -156.54632     0.7581    34.8477    1462.01 0.0000e+00
    583.000   72.46534 -156.54632     0.7553    34.8479    1462.01 0.0000e+00
    584.000   72.46534 -156.54632     0.7546    34.8479    1462.03 0.0000e+00
    585.000   72.46534 -156.54632     0.7544    34.8480    1462.04 0.0000e+00
    586.000   72.46534 -156.54632     0.7515    34.8475    1462.05 0.0000e+00
    587.000   72.46534 -156.54632     0.7492    34.8481    1462.05 0.0000e+00
    588.000   72.46534 -156.54632     0.7488    34.8479    1462.07 0.0000e+00
    589.000   72.46534 -156.54632     0.7474    34.8481    1462.08 0.0000e+00
    590.000   72.46534 -156.54632     0.7463    34.8483    1462.09 0.0000e+00
    591.000   72.46534 -156.54632     0.7457    34.8484    1462.11 0.0000e+00
    592.000   72.46534 -156.54632     0.7452    34.8483    1462.12 0.0000e+00
    593.000   72.46534 -156.54632     0.7443    34.8484    1462.13 0.0000e+00
    594.000   72.46534 -156.54632     0.7431    34.8484    1462.14 0.0000e+00
    595.000   72.46534 -156.54632     0.7404    34.8483    1462.15 0.0000e+00
    596.000   72.46534 -156.54632     0.7381    34.8489    1462.15 0.0000e+00
    597.000   72.46533 -156.54632     0.7373    34.8488    1462.17 0.0000e+00
    598.000   72.46532 -156.54632     0.7373    34.8488    1462.18 0.0000e+00
    599.000   72.46532 -156.54631     0.7378    34.8487    1462.20 0.0000e+00
    600.000   72.46532 -156.54630     0.7370    34.8486    1462.21 0.0000e+00
    601.000   72.46532 -156.54630     0.7371    34.8487    1462.23 0.0000e+00
    602.000   72.46532 -156.54630     0.7366    34.8487    1462.25 0.0000e+00
    603.000   72.46532 -156.54630     0.7359    34.8488    1462.26 0.0000e+00
    604.000   72.46532 -156.54630     0.7356    34.8488    1462.28 0.0000e+00
    605.000   72.46532 -156.54630     0.7353    34.8488    1462.29 0.0000e+00
    606.000   72.46532 -156.54630     0.7346    34.8488    1462.30 0.0000e+00
    607.000   72.46532 -156.54630     0.7339    34.8488    1462.32 0.0000e+00
    608.000   72.46532 -156.54630     0.7330    34.8488    1462.33 0.0000e+00
    609.000   72.46532 -156.54630     0.7319    34.8489    1462.34 0.0000e+00
    610.000   72.46532 -156.54630     0.7316    34.8489    1462.36 0.0000e+00
    611.000   72.46532 -156.54630     0.7274    34.8487    1462.35 0.0000e+00
    612.000   72.46532 -156.54630     0.7254    34.8493    1462.37 0.0000e+00
    613.000   72.46532 -156.54630     0.7247    34.8491    1462.38 0.0000e+00
    614.000   72.46532 -156.54630     0.7243    34.8492    1462.39 0.0000e+00
    615.000   72.46532 -156.54630     0.7241    34.8491    1462.41 0.0000e+00
    616.000   72.46532 -156.54630     0.7241    34.8492    1462.42 0.0000e+00
    617.000   72.46532 -156.54630     0.7242    34.8492    1462.44 0.0000e+00
    618.000   72.46532 -156.54630     0.7246    34.8490    1462.46 0.0000e+00
