EcoFOCI/data/1_SampleCollection/2023_SikuliaqDBO_CruiseData/CTD_raw_BottleFile_SKQ23-12S/proc/skq202312s_053.ros
* Sea-Bird SBE 9 Data File:
* FileName = D:\CTD\SKQ202312S\SKQ202312S_053.hex
* Software Version Seasave V 7.26.7.121
* Temperature SN = 6177
* Conductivity SN = 0369
* Number of Bytes Per Scan = 41
* Number of Voltage Words = 4
* Number of Scans Averaged by the Deck Unit = 1
* NMEA Latitude = 70 50.92 N
* NMEA Longitude = 163 11.04 W
* NMEA UTC (Time) = Sep 26 2023  23:34:43
* NMEA baud rate = 4800
** Ship: R/V Sikuliaq
** Station Number: 053
** Station Name: IC9
** Bottom Depth: 44
** Operator: SS
# nquan = 22
# nvalues = 833                                   
# units = specified
# name 0 = depSM: Depth [salt water, m]
# name 1 = latitude: Latitude [deg]
# name 2 = longitude: Longitude [deg]
# name 3 = prDM: Pressure, Digiquartz [db]
# name 4 = t090C: Temperature [ITS-90, deg C]
# name 5 = t190C: Temperature, 2 [ITS-90, deg C]
# name 6 = potemp090C: Potential Temperature [ITS-90, deg C]
# name 7 = sal00: Salinity, Practical [PSU]
# name 8 = sal11: Salinity, Practical, 2 [PSU]
# name 9 = density00: Density [density, kg/m^3]
# name 10 = sigma-é00: Density [sigma-theta, kg/m^3]
# name 11 = sbox0Mm/Kg: Oxygen, SBE 43 [umol/kg]
# name 12 = sbox1Mm/Kg: Oxygen, SBE 43, 2 [umol/kg]
# name 13 = oxsolMm/Kg: Oxygen Saturation, Garcia & Gordon [umol/kg]
# name 14 = sbeox0PS: Oxygen, SBE 43 [% saturation]
# name 15 = v0: Voltage 0
# name 16 = flECO-AFL: Fluorescence, WET Labs ECO-AFL/FL [mg/m^3]
# name 17 = CStarAt0: Beam Attenuation, WET Labs C-Star [1/m]
# name 18 = par: PAR/Irradiance, Biospherical/Licor
# name 19 = scan: Scan Count
# name 20 = nbf: Bottles Fired
# name 21 = flag:  0.000e+00
# interval = seconds: 0.0416667
# start_time = Sep 26 2023 23:38:01 [NMEA time, first data scan]
# bad_flag = -9.990e-29
*END*
[from data line 791]
      2.772   70.84874 -163.18490      2.801     5.5851     5.5841     5.5849    29.3075    29.3214  1023.1170    23.1039    298.163    282.884  316.28458     94.270     0.1697     0.6703     0.6313 1.0381e+02      23405         17  0.000e+00
      2.834   70.84874 -163.18490      2.863     5.5851     5.5830     5.5849    29.3075    29.3227  1023.1173    23.1040    298.134    282.908  316.28448     94.261     0.1709     0.6776     0.6313 1.0381e+02      23406         17  0.000e+00
      2.772   70.84874 -163.18490      2.801     5.5852     5.5818     5.5850    29.3074    29.3242  1023.1169    23.1038    298.102    282.908  316.28402     94.251     0.1697     0.6703     0.6313 1.0440e+02      23407         17  0.000e+00
      2.888   70.84874 -163.18490      2.918     5.5851     5.5814     5.5849    29.3075    29.3247  1023.1175    23.1039    298.079    282.913  316.28453     94.244     0.1697     0.6703     0.6301 1.0499e+02      23408         17  0.000e+00
      2.834   70.84874 -163.18490      2.863     5.5853     5.5804     5.5851    29.3072    29.3258  1023.1170    23.1037    298.049    282.913  316.28325     94.235     0.1697     0.6703     0.6313 1.0528e+02      23409         17  0.000e+00
      2.834   70.84874 -163.18490      2.863     5.5854     5.5802     5.5852    29.3066    29.3257  1023.1165    23.1032    298.023    282.729  316.28389     94.227     0.1697     0.6703     0.6313 1.0618e+02      23410         17  0.000e+00
      2.834   70.84874 -163.18490      2.863     5.5852     5.5798     5.5850    29.3074    29.3261  1023.1171    23.1038    297.999    282.894  316.28409     94.219     0.1685     0.6630     0.6313 1.0768e+02      23411         17  0.000e+00
      2.888   70.84874 -163.18490      2.918     5.5858     5.5796     5.5855    29.3069    29.3261  1023.1170    23.1034    298.005    282.896  316.28080     94.222     0.1697     0.6703     0.6313 1.0798e+02      23412         17  0.000e+00
      2.834   70.84874 -163.18490      2.863     5.5855     5.5796     5.5853    29.3067    29.3264  1023.1166    23.1033    298.016    282.892  316.28335     94.224     0.1685     0.6630     0.6337 1.0859e+02      23413         17  0.000e+00
      2.834   70.84874 -163.18490      2.863     5.5859     5.5798     5.5857    29.3063    29.3257  1023.1162    23.1029    298.025    282.707  316.28120     94.228     0.1697     0.6703     0.6374 1.0982e+02      23414         17  0.000e+00
      2.888   70.84874 -163.18490      2.918     5.5862     5.5807     5.5860    29.3063    29.3245  1023.1164    23.1029    298.040    282.502  316.27888     94.233     0.1685     0.6630     0.6374 1.1013e+02      23415         17  0.000e+00
      2.834   70.84874 -163.18490      2.863     5.5863     5.5810     5.5861    29.3060    29.3244  1023.1159    23.1026    298.258    282.461  316.27924     94.302     0.1685     0.6630     0.6374 1.1013e+02      23416         17  0.000e+00
      2.888   70.84874 -163.18490      2.918     5.5865     5.5809     5.5863    29.3055    29.3244  1023.1158    23.1022    298.104    282.408  316.27841     94.254     0.1697     0.6703     0.6374 1.0921e+02      23417         17  0.000e+00
      2.888   70.84874 -163.18490      2.918     5.5866     5.5807     5.5864    29.3061    29.3244  1023.1162    23.1026    298.326    282.355  316.27630     94.324     0.1685     0.6630     0.6374 1.0890e+02      23418         17  0.000e+00
      2.834   70.84874 -163.18490      2.863     5.5852     5.5807     5.5850    29.3080    29.3246  1023.1176    23.1043    298.178    282.298  316.28217     94.276     0.1697     0.6703     0.6374 1.0890e+02      23419         17  0.000e+00
      2.888   70.84874 -163.18490      2.918     5.5835     5.5809     5.5833    29.3097    29.3239  1023.1195    23.1059    298.215    282.267  316.29079     94.285     0.1685     0.6630     0.6374 1.0921e+02      23420         17  0.000e+00
      2.834   70.84874 -163.18490      2.863     5.5827     5.5814     5.5825    29.3106    29.3233  1023.1200    23.1066    298.244    282.231  316.29496     94.293     0.1697     0.6703     0.6374 1.0951e+02      23421         17  0.000e+00
      2.888   70.84874 -163.18490      2.918     5.5813     5.5817     5.5811    29.3121    29.3232  1023.1216    23.1080    298.283    282.201  316.30181     94.303     0.1685     0.6630     0.6374 1.0921e+02      23422         17  0.000e+00
      2.834   70.84874 -163.18490      2.863     5.5805     5.5824     5.5803    29.3130    29.3227  1023.1221    23.1088    298.317    282.166  316.30580     94.313     0.1697     0.6703     0.6374 1.0618e+02      23423         17  0.000e+00
      2.888   70.84874 -163.18490      2.918     5.5801     5.5831     5.5799    29.3131    29.3221  1023.1225    23.1089    298.356    281.954  316.30842     94.324     0.1685     0.6630     0.6374 1.0440e+02      23424         17  0.000e+00
      2.834   70.84874 -163.18490      2.863     5.5805     5.5837     5.5803    29.3120    29.3216  1023.1213    23.1080    298.593    281.905  316.30821     94.400     0.1685     0.6630     0.6374 1.0440e+02      23425         17  0.000e+00
      2.857   70.84874 -163.18490      2.887     5.5810     5.5848     5.5808    29.3109    29.3206  1023.1205    23.1070    298.457    281.859  316.30744     94.357     0.1685     0.6630     0.6374 1.0798e+02      23426         17  0.000e+00
      2.888   70.84874 -163.18490      2.918     5.5823     5.5859     5.5820    29.3095    29.3198  1023.1194    23.1058    298.522    281.815  316.30106     94.379     0.1685     0.6630     0.6374 1.1107e+02      23427         17  0.000e+00
      2.834   70.84874 -163.18490      2.863     5.5838     5.5879     5.5836    29.3082    29.3173  1023.1179    23.1046    298.727    281.767  316.29215     94.447     0.1685     0.6630     0.6374 1.1169e+02      23428         17  0.000e+00
      2.834   70.84874 -163.18490      2.863     5.5853     5.5893     5.5851    29.3070    29.3155  1023.1169    23.1035    298.761    281.726  316.28368     94.460     0.1685     0.6630     0.6374 1.1075e+02      23429         17  0.000e+00
      2.834   70.84874 -163.18490      2.863     5.5865     5.5901     5.5863    29.3059    29.3148  1023.1159    23.1025    298.594    281.690  316.27740     94.409     0.1685     0.6630     0.6374 1.1013e+02      23430         17  0.000e+00
      2.834   70.84874 -163.18490      2.863     5.5875     5.5902     5.5873    29.3045    29.3147  1023.1146    23.1013    298.603    281.660  316.27300     94.413     0.1697     0.6703     0.6374 1.0982e+02      23431         17  0.000e+00
      2.834   70.84874 -163.18490      2.863     5.5886     5.5904     5.5884    29.3034    29.3143  1023.1136    23.1003    298.613    281.633  316.26800     94.418     0.1685     0.6630     0.6374 1.0738e+02      23432         17  0.000e+00
      2.772   70.84874 -163.18490      2.801     5.5900     5.5907     5.5898    29.3022    29.3142  1023.1123    23.0992    298.619    281.604  316.25992     94.422     0.1685     0.6630     0.6374 1.0381e+02      23433         17  0.000e+00
      2.834   70.84874 -163.18490      2.863     5.5903     5.5901     5.5901    29.3021    29.3150  1023.1124    23.0991    298.841    281.770  316.25833     94.493     0.1685     0.6630     0.6362 1.0294e+02      23434         17  0.000e+00
      2.772   70.84874 -163.18490      2.801     5.5899     5.5902     5.5897    29.3024    29.3150  1023.1124    23.0994    298.686    281.785  316.26067     94.443     0.1697     0.6703     0.6362 1.0065e+02      23435         17  0.000e+00
      2.834   70.84874 -163.18490      2.863     5.5897     5.5904     5.5894    29.3026    29.3146  1023.1129    23.0996    298.912    281.807  316.26169     94.514     0.1697     0.6703     0.6362 9.5944e+01      23436         17  0.000e+00
      2.772   70.84874 -163.18490      2.801     5.5900     5.5907     5.5898    29.3024    29.3138  1023.1124    23.0994    298.957    281.828  316.25958     94.529     0.1673     0.6557     0.6362 9.4337e+01      23437         17  0.000e+00
      2.772   70.84874 -163.18490      2.801     5.5909     5.5911     5.5907    29.3012    29.3135  1023.1114    23.0984    298.970    281.850  316.25531     94.534     0.1685     0.6630     0.6362 9.3807e+01      23438         17  0.000e+00
      2.718   70.84874 -163.18490      2.746     5.5915     5.5919     5.5913    29.3008    29.3127  1023.1108    23.0980    298.982    281.852  316.25236     94.539     0.1673     0.6557     0.6362 9.1461e+01      23439         17  0.000e+00
      2.772   70.84874 -163.18490      2.801     5.5916     5.5930     5.5914    29.3006    29.3115  1023.1108    23.0978    298.593    281.878  316.25175     94.416     0.1685     0.6630     0.6362 9.0691e+01      23440         17  0.000e+00
      2.718   70.84874 -163.18490      2.746     5.5914     5.5934     5.5912    29.3009    29.3109  1023.1108    23.0980    298.956    281.887  316.25264     94.531     0.1673     0.6557     0.6362 9.0691e+01      23441         17  0.000e+00
      2.718   70.84874 -163.18490      2.746     5.5921     5.5929     5.5919    29.2998    29.3114  1023.1099    23.0971    298.969    281.922  316.24984     94.536     0.1685     0.6630     0.6362 9.0182e+01      23442         17  0.000e+00
      2.718   70.84874 -163.18490      2.746     5.5934     5.5928     5.5932    29.2983    29.3116  1023.1085    23.0958    298.977    281.939  316.24415     94.540     0.1673     0.6557     0.6362 9.0182e+01      23443         17  0.000e+00
      2.718   70.84874 -163.18490      2.746     5.5935     5.5939     5.5933    29.2983    29.3102  1023.1086    23.0958    298.989    281.951  316.24288     94.544     0.1685     0.6630     0.6362 9.0182e+01      23444         17  0.000e+00
      2.657   70.84874 -163.18490      2.684     5.5942     5.5977     5.5940    29.2974    29.3063  1023.1075    23.0950    298.996    281.948  316.24003     94.547     0.1673     0.6557     0.6362 9.0691e+01      23445         17  0.000e+00
      2.657   70.84874 -163.18490      2.684     5.5956     5.6018     5.5954    29.2959    29.3022  1023.1062    23.0937    298.999    281.947  316.23307     94.550     0.1685     0.6630     0.6362 9.0947e+01      23446         17  0.000e+00
