EcoFOCI/data/1_SampleCollection/2023_SikuliaqDBO_CruiseData/CTD_raw_BottleFile_SKQ23-12S/proc/skq202312s_029.cnv
* Sea-Bird SBE 9 Data File:
* FileName = D:\CTD\SKQ202312S\SKQ202312S_029.hex
* Software Version Seasave V 7.26.7.121
* Temperature SN = 6177
* Conductivity SN = 0369
* Number of Bytes Per Scan = 41
* Number of Voltage Words = 4
* Number of Scans Averaged by the Deck Unit = 1
* NMEA Latitude = 71 24.54 N
* NMEA Longitude = 157 29.66 W
* NMEA UTC (Time) = Sep 21 2023  04:58:57
* NMEA baud rate = 4800
** Ship: R/V Sikuliaq
** Station Number: 029
** Station Name: DBO5.5
** Bottom Depth: 124
** Operator: SS
# nquan = 24
# nvalues = 9233                                  
# units = specified
# name 0 = depSM: Depth [salt water, m]
# name 1 = latitude: Latitude [deg]
# name 2 = longitude: Longitude [deg]
# name 3 = prDM: Pressure, Digiquartz [db]
# name 4 = t090C: Temperature [ITS-90, deg C]
# name 5 = t190C: Temperature, 2 [ITS-90, deg C]
# name 6 = potemp090C: Potential Temperature [ITS-90, deg C]
# name 7 = sal00: Salinity, Practical [PSU]
# name 8 = sal11: Salinity, Practical, 2 [PSU]
# name 9 = density00: Density [density, kg/m^3]
# name 10 = sigma-é00: Density [sigma-theta, kg/m^3]
# name 11 = sbox0Mm/Kg: Oxygen, SBE 43 [umol/kg]
# name 12 = sbox1Mm/Kg: Oxygen, SBE 43, 2 [umol/kg]
# name 13 = oxsolMm/Kg: Oxygen Saturation, Garcia & Gordon [umol/kg]
# name 14 = sbeox0PS: Oxygen, SBE 43 [% saturation]
# name 15 = sbeox1PS: Oxygen, SBE 43, 2 [% saturation]
# name 16 = v0: Voltage 0
# name 17 = flECO-AFL: Fluorescence, WET Labs ECO-AFL/FL [mg/m^3]
# name 18 = v1: Voltage 1
# name 19 = CStarAt0: Beam Attenuation, WET Labs C-Star [1/m]
# name 20 = par: PAR/Irradiance, Biospherical/Licor
# name 21 = scan: Scan Count
# name 22 = timeM: Time, Elapsed [minutes]
# name 23 = flag:  0.000e+00
# span 0 =      2.734,    119.316                 
# span 1 =   71.40904,   71.40908                 
# span 2 = -157.49360, -157.49236                 
# span 3 =      2.762,    120.581                 
# span 4 =    -1.6681,     4.7481                 
# span 5 =    -1.6666,     4.7495                 
# span 6 =    -1.6703,     4.7472                 
# span 7 =    30.2602,    32.7515                 
# span 8 =    30.2736,    32.7618                 
# span 9 =  1023.9671,  1026.9319                 
# span 10 =    23.9498,    26.3499                
# span 11 =    243.763,    488.493                
# span 12 =    229.002,    448.643                
# span 13 =  319.53707,  370.32424                
# span 14 =     65.854,    133.038                
# span 15 =     61.873,    122.019                
# span 16 =     0.0659,     0.3504                
# span 17 =     0.0476,     1.7546                
# span 18 =     2.3834,     4.2234                
# span 19 =     0.4382,     2.7276                
# span 20 = 1.0000e-12, 1.5249e+00                
# span 21 =          1,       9233                
# span 22 =     0.0000,     6.4111                
# span 23 = 0.0000e+00, 0.0000e+00                
# interval = seconds: 0.0416667
# start_time = Sep 21 2023 05:03:15 [NMEA time, first data scan]
# bad_flag = -9.990e-29
*END*
[from data line 8755]
    118.834   71.40908 -157.49250    120.094    -1.6667    -1.6657    -1.6689    32.7499    32.7604  1026.9282    26.3485    244.820    230.118  370.15925     66.139     62.174     0.0965     0.2308     3.5824     1.0968 8.4714e-06       8756     6.0799  0.000e+00
    118.895   71.40908 -157.49250    120.156    -1.6667    -1.6657    -1.6689    32.7500    32.7603  1026.9286    26.3486    244.839    230.366  370.15885     66.144     62.241     0.0977     0.2381     3.5812     1.0982 1.0000e-12       8757     6.0806  0.000e+00
    118.841   71.40908 -157.49250    120.102    -1.6669    -1.6659    -1.6690    32.7499    32.7605  1026.9283    26.3486    244.856    230.409  370.16082     66.149     62.252     0.0965     0.2308     3.5812     1.0982 8.4714e-06       8758     6.0812  0.000e+00
    118.834   71.40908 -157.49250    120.094    -1.6667    -1.6657    -1.6689    32.7500    32.7605  1026.9283    26.3486    244.872    230.450  370.15887     66.153     62.264     0.0977     0.2381     3.5812     1.0982 1.0000e-12       8759     6.0819  0.000e+00
    118.903   71.40908 -157.49250    120.164    -1.6667    -1.6657    -1.6689    32.7495    32.7604  1026.9283    26.3482    244.892    230.495  370.16039     66.158     62.276     0.0965     0.2308     3.5812     1.0982 1.0000e-12       8760     6.0826  0.000e+00
    118.834   71.40908 -157.49250    120.094    -1.6667    -1.6656    -1.6689    32.7495    32.7605  1026.9279    26.3482    244.907    230.532  370.16091     66.162     62.286     0.0977     0.2381     3.5824     1.0968 1.0000e-12       8761     6.0833  0.000e+00
    118.895   71.40908 -157.49250    120.156    -1.6667    -1.6659    -1.6689    32.7498    32.7606  1026.9284    26.3484    244.926    230.341  370.15961     66.168     62.234     0.0965     0.2308     3.5812     1.0982 1.0000e-12       8762     6.0840  0.000e+00
    118.903   71.40908 -157.49250    120.164    -1.6667    -1.6658    -1.6689    32.7498    32.7604  1026.9285    26.3485    244.943    230.346  370.15937     66.172     62.236     0.0965     0.2308     3.5812     1.0982 1.0000e-12       8763     6.0847  0.000e+00
    118.895   71.40908 -157.49250    120.156    -1.6667    -1.6659    -1.6689    32.7499    32.7605  1026.9285    26.3485    244.960    230.352  370.15936     66.177     62.237     0.0965     0.2308     3.5812     1.0982 8.4714e-06       8764     6.0854  0.000e+00
    118.957   71.40908 -157.49250    120.219    -1.6669    -1.6659    -1.6690    32.7497    32.7607  1026.9287    26.3484    244.980    230.593  370.16141     66.182     62.302     0.0965     0.2308     3.5812     1.0982 1.0000e-12       8765     6.0861  0.000e+00
    118.895   71.40908 -157.49250    120.156    -1.6667    -1.6657    -1.6689    32.7500    32.7604  1026.9286    26.3486    244.994    230.593  370.15898     66.186     62.302     0.0977     0.2381     3.5812     1.0982 1.0000e-12       8766     6.0868  0.000e+00
    118.950   71.40908 -157.49250    120.211    -1.6667    -1.6658    -1.6689    32.7501    32.7603  1026.9290    26.3487    245.012    230.595  370.15857     66.191     62.303     0.0965     0.2308     3.5812     1.0982 8.4714e-06       8767     6.0875  0.000e+00
    118.903   71.40908 -157.49250    120.164    -1.6667    -1.6657    -1.6689    32.7500    32.7605  1026.9286    26.3486    245.029    230.590  370.15964     66.195     62.302     0.0977     0.2381     3.5812     1.0982 1.0000e-12       8768     6.0882  0.000e+00
    118.950   71.40908 -157.49250    120.211    -1.6669    -1.6659    -1.6690    32.7498    32.7605  1026.9287    26.3484    244.785    230.587  370.16139     66.129     62.301     0.0965     0.2308     3.5812     1.0982 1.0000e-12       8769     6.0889  0.000e+00
    118.957   71.40908 -157.49250    120.219    -1.6667    -1.6657    -1.6689    32.7495    32.7605  1026.9285    26.3482    245.016    230.578  370.16036     66.192     62.298     0.0977     0.2381     3.5775     1.1023 8.4714e-06       8770     6.0896  0.000e+00
    118.950   71.40908 -157.49250    120.211    -1.6667    -1.6659    -1.6689    32.7496    32.7609  1026.9285    26.3483    244.557    230.334  370.16022     66.068     62.232     0.0965     0.2308     3.5763     1.1037 1.0000e-12       8771     6.0903  0.000e+00
    118.950   71.40908 -157.49250    120.211    -1.6667    -1.6657    -1.6689    32.7497    32.7603  1026.9286    26.3484    244.728    230.555  370.15984     66.114     62.292     0.0977     0.2381     3.5763     1.1037 8.4714e-06       8772     6.0910  0.000e+00
    118.957   71.40908 -157.49250    120.219    -1.6669    -1.6656    -1.6690    32.7498    32.7604  1026.9288    26.3485    244.687    230.576  370.16128     66.103     62.298     0.0977     0.2381     3.5763     1.1037 8.4714e-06       8773     6.0917  0.000e+00
    118.950   71.40908 -157.49250    120.211    -1.6669    -1.6657    -1.6690    32.7499    32.7607  1026.9288    26.3486    244.641    230.595  370.16089     66.091     62.303     0.0977     0.2381     3.5763     1.1037 8.4714e-06       8774     6.0924  0.000e+00
    118.957   71.40908 -157.49250    120.219    -1.6669    -1.6656    -1.6690    32.7500    32.7605  1026.9289    26.3486    244.648    230.613  370.16065     66.092     62.308     0.0928     0.2088     3.5763     1.1037 1.0000e-12       8775     6.0931  0.000e+00
    119.004   71.40908 -157.49250    120.266    -1.6667    -1.6657    -1.6689    32.7494    32.7606  1026.9286    26.3481    244.656    230.597  370.16134     66.095     62.304     0.0842     0.1575     3.5763     1.1037 1.0000e-12       8776     6.0938  0.000e+00
    118.950   71.40908 -157.49250    120.211    -1.6669    -1.6655    -1.6690    32.7494    32.7600  1026.9284    26.3481    244.662    230.574  370.16241     66.096     62.297     0.0830     0.1502     3.5763     1.1037 1.0000e-12       8777     6.0944  0.000e+00
    118.957   71.40908 -157.49250    120.219    -1.6667    -1.6656    -1.6689    32.7496    32.7606  1026.9286    26.3483    244.667    230.585  370.15998     66.098     62.301     0.0818     0.1428     3.5763     1.1037 8.4714e-06       8778     6.0951  0.000e+00
    119.004   71.40908 -157.49250    120.266    -1.6667    -1.6656    -1.6689    32.7494    32.7606  1026.9286    26.3481    244.675    230.596  370.16082     66.100     62.304     0.0830     0.1502     3.5763     1.1037 1.0000e-12       8779     6.0958  0.000e+00
    118.895   71.40908 -157.49250    120.156    -1.6669    -1.6657    -1.6690    32.7499    32.7606  1026.9285    26.3485    243.834    230.567  370.16104     65.872     62.296     0.0830     0.1502     3.5763     1.1037 1.0000e-12       8780     6.0965  0.000e+00
    119.073   71.40908 -157.49248    120.336    -1.6666    -1.6655    -1.6688    32.7494    32.7603  1026.9290    26.3481    244.486    230.542  370.15953     66.049     62.289     0.0830     0.1502     3.5763     1.1037 8.4714e-06       8781     6.0972  0.000e+00
    118.949   71.40908 -157.49248    120.211    -1.6667    -1.6656    -1.6689    32.7497    32.7602  1026.9287    26.3484    244.493    230.543  370.15971     66.051     62.289     0.0830     0.1502     3.5763     1.1037 1.0000e-12       8782     6.0979  0.000e+00
    119.019   71.40908 -157.49248    120.281    -1.6667    -1.6655    -1.6689    32.7498    32.7604  1026.9290    26.3484    244.506    230.545  370.15958     66.054     62.290     0.0830     0.1502     3.5763     1.1037 1.0000e-12       8783     6.0986  0.000e+00
    118.949   71.40908 -157.49248    120.211    -1.6667    -1.6653    -1.6689    32.7496    32.7605  1026.9286    26.3483    244.515    230.541  370.16061     66.056     62.289     0.0830     0.1502     3.5763     1.1037 8.4714e-06       8784     6.0993  0.000e+00
    118.949   71.40908 -157.49248    120.211    -1.6669    -1.6655    -1.6690    32.7501    32.7607  1026.9290    26.3487    244.789    230.541  370.16025     66.131     62.289     0.0830     0.1502     3.5763     1.1037 1.0000e-12       8785     6.1000  0.000e+00
    119.019   71.40908 -157.49248    120.281    -1.6666    -1.6655    -1.6688    32.7495    32.7606  1026.9288    26.3482    244.533    230.307  370.15918     66.062     62.226     0.0830     0.1502     3.5763     1.1037 1.0000e-12       8786     6.1007  0.000e+00
    118.949   71.40908 -157.49248    120.211    -1.6666    -1.6653    -1.6688    32.7493    32.7602  1026.9284    26.3481    244.538    230.268  370.15969     66.063     62.215     0.0830     0.1502     3.5763     1.1037 1.0000e-12       8787     6.1014  0.000e+00
    118.957   71.40908 -157.49248    120.219    -1.6667    -1.6652    -1.6689    32.7497    32.7603  1026.9287    26.3484    244.544    230.465  370.15973     66.065     62.269     0.0830     0.1502     3.5763     1.1037 1.0000e-12       8788     6.1021  0.000e+00
    119.004   71.40908 -157.49248    120.266    -1.6666    -1.6655    -1.6688    32.7497    32.7607  1026.9289    26.3483    244.552    230.464  370.15877     66.067     62.268     0.0818     0.1428     3.5751     1.1050 8.4714e-06       8789     6.1028  0.000e+00
    118.949   71.40908 -157.49248    120.211    -1.6667    -1.6652    -1.6689    32.7500    32.7603  1026.9289    26.3487    244.557    230.455  370.15882     66.068     62.266     0.0830     0.1502     3.5775     1.1023 1.0000e-12       8790     6.1035  0.000e+00
    118.957   71.40908 -157.49248    120.219    -1.6666    -1.6653    -1.6688    32.7502    32.7602  1026.9291    26.3488    244.562    230.449  370.15730     66.070     62.264     0.0830     0.1502     3.5775     1.1023 1.0000e-12       8791     6.1042  0.000e+00
    118.949   71.40908 -157.49248    120.211    -1.6666    -1.6655    -1.6688    32.7503    32.7604  1026.9291    26.3488    244.622    230.442  370.15703     66.086     62.262     0.0830     0.1502     3.5775     1.1023 8.4714e-06       8792     6.1049  0.000e+00
    118.957   71.40908 -157.49248    120.219    -1.6666    -1.6652    -1.6688    32.7500    32.7601  1026.9290    26.3486    244.631    230.431  370.15768     66.088     62.259     0.0830     0.1502     3.5775     1.1023 1.0000e-12       8793     6.1056  0.000e+00
    118.949   71.40908 -157.49248    120.211    -1.6666    -1.6652    -1.6688    32.7502    32.7603  1026.9291    26.3488    244.639    230.419  370.15715     66.091     62.256     0.0830     0.1502     3.5775     1.1023 8.4714e-06       8794     6.1063  0.000e+00
    118.949   71.40908 -157.49248    120.211    -1.6664    -1.6652    -1.6686    32.7498    32.7601  1026.9288    26.3485    244.647    230.407  370.15649     66.093     62.253     0.0830     0.1502     3.5775     1.1023 8.4714e-06       8795     6.1069  0.000e+00
    118.903   71.40908 -157.49248    120.164    -1.6666    -1.6652    -1.6688    32.7500    32.7603  1026.9286    26.3486    244.655    230.426  370.15783     66.095     62.258     0.0818     0.1428     3.5775     1.1023 1.0000e-12       8796     6.1076  0.000e+00
    118.949   71.40908 -157.49248    120.211    -1.6662    -1.6652    -1.6684    32.7492    32.7602  1026.9282    26.3479    244.717    230.414  370.15671     66.112     62.255     0.0830     0.1502     3.5775     1.1023 8.4714e-06       8797     6.1083  0.000e+00
    118.957   71.40908 -157.49248    120.219    -1.6664    -1.6652    -1.6686    32.7496    32.7603  1026.9286    26.3483    244.729    230.398  370.15713     66.115     62.251     0.0830     0.1502     3.5775     1.1023 8.4714e-06       8798     6.1090  0.000e+00
    118.895   71.40908 -157.49248    120.156    -1.6666    -1.6655    -1.6688    32.7502    32.7605  1026.9288    26.3488    244.738    230.381  370.15718     66.117     62.246     0.0830     0.1502     3.5775     1.1023 8.4714e-06       8799     6.1097  0.000e+00
    118.895   71.40908 -157.49248    120.156    -1.6664    -1.6652    -1.6686    32.7497    32.7601  1026.9283    26.3483    244.748    230.362  370.15702     66.120     62.241     0.0830     0.1502     3.5775     1.1023 1.0000e-12       8800     6.1104  0.000e+00
    118.903   71.40908 -157.49248    120.164    -1.6666    -1.6652    -1.6688    32.7502    32.7604  1026.9288    26.3487    244.760    230.343  370.15732     66.123     62.236     0.0842     0.1575     3.5775     1.1023 8.4714e-06       8801     6.1111  0.000e+00
    118.895   71.40908 -157.49248    120.156    -1.6664    -1.6653    -1.6686    32.7501    32.7600  1026.9287    26.3487    244.769    230.323  370.15563     66.126     62.230     0.0867     0.1721     3.5788     1.1009 1.0000e-12       8802     6.1118  0.000e+00
    118.903   71.40908 -157.49248    120.164    -1.6664    -1.6655    -1.6686    32.7501    32.7602  1026.9287    26.3487    244.726    230.302  370.15577     66.114     62.224     0.0855     0.1648     3.5775     1.1023 8.4714e-06       8803     6.1125  0.000e+00
    118.834   71.40908 -157.49248    120.094    -1.6664    -1.6655    -1.6686    32.7501    32.7604  1026.9284    26.3487    244.732    230.276  370.15564     66.116     62.217     0.0867     0.1721     3.5775     1.1023 8.4714e-06       8804     6.1132  0.000e+00
    118.895   71.40908 -157.49248    120.156    -1.6664    -1.6653    -1.6686    32.7497    32.7599  1026.9283    26.3483    244.744    230.252  370.15702     66.119     62.211     0.0855     0.1648     3.5788     1.1009 1.0000e-12       8805     6.1139  0.000e+00
    118.841   71.40908 -157.49248    120.102    -1.6666    -1.6655    -1.6687    32.7499    32.7601  1026.9283    26.3486    244.752    230.260  370.15797     66.121     62.213     0.0867     0.1721     3.5775     1.1023 8.4714e-06       8806     6.1146  0.000e+00
    118.834   71.40908 -157.49248    120.094    -1.6662    -1.6655    -1.6684    32.7496    32.7605  1026.9280    26.3483    244.758    230.267  370.15536     66.123     62.215     0.0879     0.1795     3.5775     1.1023 1.0000e-12       8807     6.1153  0.000e+00
    118.718   71.40908 -157.49248    119.977    -1.6667    -1.6653    -1.6689    32.7498    32.7604  1026.9276    26.3485    244.766    230.271  370.15942     66.124     62.216     0.0867     0.1721     3.5775     1.1023 1.0000e-12       8808     6.1160  0.000e+00
    118.957   71.40908 -157.49248    120.219    -1.6664    -1.6653    -1.6686    32.7492    32.7604  1026.9283    26.3480    244.781    230.287  370.15828     66.129     62.220     0.0867     0.1721     3.5775     1.1023 8.4714e-06       8809     6.1167  0.000e+00
    118.779   71.40908 -157.49248    120.039    -1.6666    -1.6655    -1.6687    32.7495    32.7608  1026.9276    26.3482    244.521    230.290  370.15938     66.058     62.221     0.0855     0.1648     3.5812     1.0982 1.0000e-12       8810     6.1174  0.000e+00
    118.787   71.40908 -157.49248    120.047    -1.6667    -1.6653    -1.6689    32.7498    32.7603  1026.9280    26.3485    244.744    230.263  370.15942     66.119     62.214     0.0867     0.1721     3.5824     1.0968 8.4714e-06       8811     6.1181  0.000e+00
    118.834   71.40908 -157.49248    120.094    -1.6666    -1.6655    -1.6687    32.7498    32.7604  1026.9281    26.3484    244.756    230.238  370.15847     66.122     62.207     0.0855     0.1648     3.5836     1.0955 1.0000e-12       8812     6.1188  0.000e+00
    118.779   71.40908 -157.49248    120.039    -1.6669    -1.6655    -1.6690    32.7499    32.7602  1026.9280    26.3485    244.767    230.208  370.16096     66.124     62.199     0.0867     0.1721     3.5836     1.0955 8.4714e-06       8813     6.1194  0.000e+00
    118.787   71.40908 -157.49248    120.047    -1.6666    -1.6653    -1.6687    32.7493    32.7602  1026.9275    26.3480    244.777    230.212  370.15990     66.127     62.200     0.0879     0.1795     3.5836     1.0955 1.0000e-12       8814     6.1201  0.000e+00
    118.779   71.40908 -157.49248    120.039    -1.6669    -1.6653    -1.6690    32.7502    32.7600  1026.9282    26.3488    244.788    230.215  370.16020     66.130     62.201     0.0867     0.1721     3.5836     1.0955 1.0000e-12       8815     6.1208  0.000e+00
