EcoFOCI/data/1_SampleCollection/2023_SikuliaqDBO_CruiseData/CTD_raw_BottleFile_SKQ23-12S/proc/skq202312s_079.ros
* Sea-Bird SBE 9 Data File:
* FileName = D:\CTD\SKQ202312S\SKQ202312S_079.hex
* Software Version Seasave V 7.26.7.121
* Temperature SN = 6177
* Conductivity SN = 0369
* Number of Bytes Per Scan = 41
* Number of Voltage Words = 4
* Number of Scans Averaged by the Deck Unit = 1
* NMEA Latitude = 65 44.28 N
* NMEA Longitude = 168 38.83 W
* NMEA UTC (Time) = Oct 03 2023  07:05:08
* NMEA baud rate = 4800
** Ship: R/V Sikuliaq
** Station Number: 079
** Station Name: BS6
** Bottom Depth: 51
** Operator: SD
# nquan = 22
# nvalues = 784                                   
# units = specified
# name 0 = depSM: Depth [salt water, m]
# name 1 = latitude: Latitude [deg]
# name 2 = longitude: Longitude [deg]
# name 3 = prDM: Pressure, Digiquartz [db]
# name 4 = t090C: Temperature [ITS-90, deg C]
# name 5 = t190C: Temperature, 2 [ITS-90, deg C]
# name 6 = potemp090C: Potential Temperature [ITS-90, deg C]
# name 7 = sal00: Salinity, Practical [PSU]
# name 8 = sal11: Salinity, Practical, 2 [PSU]
# name 9 = density00: Density [density, kg/m^3]
# name 10 = sigma-é00: Density [sigma-theta, kg/m^3]
# name 11 = sbox0Mm/Kg: Oxygen, SBE 43 [umol/kg]
# name 12 = sbox1Mm/Kg: Oxygen, SBE 43, 2 [umol/kg]
# name 13 = oxsolMm/Kg: Oxygen Saturation, Garcia & Gordon [umol/kg]
# name 14 = sbeox0PS: Oxygen, SBE 43 [% saturation]
# name 15 = v0: Voltage 0
# name 16 = flECO-AFL: Fluorescence, WET Labs ECO-AFL/FL [mg/m^3]
# name 17 = CStarAt0: Beam Attenuation, WET Labs C-Star [1/m]
# name 18 = par: PAR/Irradiance, Biospherical/Licor
# name 19 = scan: Scan Count
# name 20 = nbf: Bottles Fired
# name 21 = flag:  0.000e+00
# interval = seconds: 0.0416667
# start_time = Oct 03 2023 07:08:37 [NMEA time, first data scan]
# bad_flag = -9.990e-29
*END*
[from data line 659]
      3.090   65.73754 -168.64900      3.121     6.1108     6.1109     6.1106    26.4235    26.5089  1020.7864    20.7719    298.057    281.653  319.11972     93.400     0.2967     1.4322     0.9522 2.7540e-01      18902         14  0.000e+00
      3.029   65.73754 -168.64900      3.059     6.1106     6.1108     6.1104    26.4229    26.5082  1020.7857    20.7714    298.066    281.639  319.12224     93.402     0.2955     1.4249     0.9535 2.3547e-01      18903         14  0.000e+00
      3.090   65.73754 -168.64900      3.121     6.1104     6.1107     6.1102    26.4223    26.5074  1020.7855    20.7709    298.079    281.632  319.12533     93.405     0.2955     1.4249     0.9522 1.7800e-01      18904         14  0.000e+00
      3.090   65.73754 -168.64900      3.121     6.1106     6.1106     6.1104    26.4215    26.5069  1020.7849    20.7703    298.085    281.440  319.12555     93.407     0.2955     1.4249     0.9522 1.6416e-01      18905         14  0.000e+00
      3.090   65.73754 -168.64900      3.121     6.1103     6.1107     6.1100    26.4206    26.5069  1020.7842    20.7697    298.094    281.412  319.13035     93.408     0.2955     1.4249     0.9522 1.6978e-01      18906         14  0.000e+00
      3.113   65.73754 -168.64900      3.144     6.1103     6.1105     6.1101    26.4200    26.5070  1020.7838    20.7692    298.100    281.391  319.13138     93.410     0.2943     1.4176     0.9522 1.8389e-01      18907         14  0.000e+00
      3.090   65.73754 -168.64900      3.121     6.1103     6.1107     6.1100    26.4197    26.5071  1020.7835    20.7689    298.102    281.366  319.13254     93.410     0.2955     1.4249     0.9522 1.8818e-01      18908         14  0.000e+00
      3.090   65.73754 -168.64900      3.121     6.1101     6.1113     6.1099    26.4199    26.5084  1020.7836    20.7691    298.104    281.359  319.13334     93.411     0.2943     1.4176     0.9522 1.9781e-01      18909         14  0.000e+00
      3.090   65.73754 -168.64900      3.121     6.1101     6.1120     6.1099    26.4196    26.5120  1020.7834    20.7688    298.105    281.330  319.13407     93.411     0.2955     1.4249     0.9522 2.4353e-01      18910         14  0.000e+00
      3.144   65.73754 -168.64900      3.176     6.1101     6.1124     6.1099    26.4189    26.5162  1020.7831    20.7683    298.311    281.307  319.13558     93.475     0.2943     1.4176     0.9522 2.6340e-01      18911         14  0.000e+00
      3.090   65.73754 -168.64900      3.121     6.1102     6.1146     6.1099    26.4191    26.5237  1020.7830    20.7684    298.130    281.446  319.13483     93.418     0.2955     1.4249     0.9522 2.6555e-01      18912         14  0.000e+00
      3.144   65.73754 -168.64900      3.176     6.1100     6.1164     6.1097    26.4192    26.5367  1020.7833    20.7685    298.128    281.252  319.13613     93.417     0.2943     1.4176     0.9522 2.8436e-01      18913         14  0.000e+00
      3.090   65.73754 -168.64900      3.121     6.1100     6.1176     6.1097    26.4198    26.5485  1020.7836    20.7690    298.323    281.209  319.13461     93.479     0.2955     1.4249     0.9522 2.9468e-01      18914         14  0.000e+00
      3.206   65.73754 -168.64900      3.238     6.1101     6.1186     6.1099    26.4211    26.5577  1020.7852    20.7701    298.140    281.183  319.13036     93.423     0.2943     1.4176     0.9522 2.9468e-01      18915         14  0.000e+00
      3.090   65.73754 -168.64900      3.121     6.1100     6.1198     6.1097    26.4222    26.5652  1020.7855    20.7709    298.124    281.151  319.12893     93.418     0.2955     1.4249     0.9522 2.5807e-01      18916         14  0.000e+00
      3.144   65.73754 -168.64900      3.176     6.1101     6.1205     6.1099    26.4225    26.5708  1020.7859    20.7711    298.318    281.137  319.12721     93.479     0.2955     1.4249     0.9522 2.3747e-01      18917         14  0.000e+00
      3.144   65.73754 -168.64900      3.176     6.1103     6.1209     6.1100    26.4225    26.5733  1020.7860    20.7712    298.128    281.131  319.12585     93.420     0.2943     1.4176     0.9522 2.3547e-01      18918         14  0.000e+00
      3.144   65.73754 -168.64900      3.176     6.1103     6.1206     6.1100    26.4224    26.5746  1020.7859    20.7710    298.522    281.319  319.12618     93.543     0.2955     1.4249     0.9535 2.0229e-01      18919         14  0.000e+00
      3.206   65.73754 -168.64900      3.238     6.1101     6.1206     6.1099    26.4216    26.5754  1020.7855    20.7704    298.159    281.344  319.12930     93.429     0.2943     1.4176     0.9522 1.7800e-01      18920         14  0.000e+00
      3.090   65.73754 -168.64900      3.121     6.1102     6.1205     6.1099    26.4210    26.5746  1020.7845    20.7699    298.370    281.186  319.13036     93.495     0.2955     1.4249     0.9535 1.7386e-01      18921         14  0.000e+00
      3.206   65.73754 -168.64900      3.238     6.1101     6.1213     6.1099    26.4208    26.5745  1020.7849    20.7698    298.384    281.194  319.13109     93.499     0.2955     1.4249     0.9522 1.5943e-01      18922         14  0.000e+00
      3.144   65.73754 -168.64900      3.176     6.1101     6.1217     6.1099    26.4210    26.5781  1020.7848    20.7700    298.387    281.378  319.13063     93.500     0.2955     1.4249     0.9522 1.4422e-01      18923         14  0.000e+00
      3.144   65.73754 -168.64900      3.176     6.1100     6.1211     6.1097    26.4212    26.5762  1020.7849    20.7701    298.391    281.419  319.13134     93.501     0.2943     1.4176     0.9522 1.4056e-01      18924         14  0.000e+00
      3.144   65.73754 -168.64900      3.176     6.1100     6.1198     6.1097    26.4208    26.5679  1020.7846    20.7698    298.394    281.480  319.13223     93.502     0.2955     1.4249     0.9522 1.5401e-01      18925         14  0.000e+00
      3.206   65.73754 -168.64900      3.238     6.1098     6.1192     6.1096    26.4201    26.5590  1020.7844    20.7693    298.397    281.540  319.13503     93.502     0.2943     1.4176     0.9522 1.7468e-01      18926         14  0.000e+00
      3.144   65.73754 -168.64900      3.176     6.1098     6.1181     6.1096    26.4194    26.5494  1020.7835    20.7687    298.393    281.604  319.13676     93.500     0.2955     1.4249     0.9522 1.7967e-01      18927         14  0.000e+00
      3.144   65.73754 -168.64900      3.176     6.1098     6.1165     6.1096    26.4234    26.5393  1020.7867    20.7719    298.378    281.675  319.12726     93.498     0.2943     1.4176     0.9522 1.5787e-01      18928         14  0.000e+00
      3.315   65.73752 -168.64902      3.348     6.1304     6.1311     6.1302    26.5812    26.6428  1020.9096    20.8940    297.819    281.298  318.60010     93.477     0.2796     1.3297     0.9325 1.8389e-01      19037         15  0.000e+00
      3.376   65.73752 -168.64902      3.410     6.1315     6.1335     6.1312    26.6240    26.6619  1020.9435    20.9276    297.723    281.256  318.49128     93.479     0.2808     1.3370     0.9338 1.7967e-01      19038         15  0.000e+00
      3.315   65.73752 -168.64902      3.348     6.1336     6.1366     6.1333    26.6607    26.6848  1020.9719    20.9563    297.627    281.381  318.38913     93.479     0.2796     1.3297     0.9338 1.7304e-01      19039         15  0.000e+00
      3.376   65.73752 -168.64902      3.410     6.1360     6.1376     6.1357    26.6836    26.6998  1020.9900    20.9741    297.563    281.378  318.31717     93.480     0.2796     1.3297     0.9338 1.7059e-01      19040         15  0.000e+00
      3.376   65.73752 -168.64902      3.410     6.1385     6.1369     6.1383    26.7021    26.6980  1021.0043    20.9884    297.476    281.218  318.25446     93.471     0.2808     1.3370     0.9338 1.5943e-01      19041         15  0.000e+00
      3.430   65.73752 -168.64902      3.464     6.1409     6.1360     6.1406    26.7155    26.6867  1021.0148    20.9987    297.403    281.247  318.20488     93.463     0.2808     1.3370     0.9338 1.3766e-01      19042         15  0.000e+00
      3.284   65.73752 -168.64902      3.316     6.1430     6.1351     6.1427    26.7215    26.6772  1021.0186    21.0031    297.369    281.285  318.17524     93.461     0.2808     1.3370     0.9312 1.3125e-01      19043         15  0.000e+00
      3.492   65.73752 -168.64902      3.527     6.1450     6.1348     6.1448    26.7300    26.6738  1021.0261    21.0096    297.343    281.301  318.13981     93.463     0.2796     1.3297     0.9299 1.3551e-01      19044         15  0.000e+00
      3.376   65.73752 -168.64902      3.410     6.1464     6.1346     6.1461    26.7431    26.6753  1021.0357    21.0198    297.504    281.295  318.09861     93.526     0.2808     1.3370     0.9299 1.4645e-01      19045         15  0.000e+00
      3.430   65.73752 -168.64902      3.464     6.1480     6.1344     6.1477    26.7561    26.6743  1021.0460    21.0299    297.261    281.302  318.05635     93.462     0.2808     1.3370     0.9299 1.5020e-01      19046         15  0.000e+00
      3.430   65.73752 -168.64902      3.464     6.1497     6.1344     6.1494    26.7671    26.6714  1021.0545    21.0384    297.222    281.309  318.01769     93.461     0.2808     1.3370     0.9299 1.5401e-01      19047         15  0.000e+00
      3.430   65.73752 -168.64902      3.464     6.1507     6.1344     6.1505    26.7789    26.6690  1021.0637    21.0475    297.247    281.500  317.98208     93.479     0.2796     1.3297     0.9299 1.7468e-01      19048         15  0.000e+00
      3.376   65.73752 -168.64902      3.410     6.1525     6.1336     6.1523    26.7921    26.6659  1021.0736    21.0578    297.203    281.347  317.93759     93.478     0.2808     1.3370     0.9299 1.8389e-01      19049         15  0.000e+00
      3.492   65.73752 -168.64902      3.527     6.1541     6.1332     6.1538    26.8004    26.6619  1021.0806    21.0641    297.178    281.366  317.90621     93.480     0.2796     1.3297     0.9299 1.8818e-01      19050         15  0.000e+00
      3.376   65.73752 -168.64902      3.410     6.1555     6.1324     6.1553    26.8027    26.6579  1021.0817    21.0658    297.158    281.380  317.89006     93.478     0.2808     1.3370     0.9299 2.3547e-01      19051         15  0.000e+00
      3.430   65.73752 -168.64902      3.464     6.1567     6.1318     6.1564    26.8005    26.6546  1021.0801    21.0639    296.954    281.397  317.88651     93.415     0.2796     1.3297     0.9299 2.6233e-01      19052         15  0.000e+00
      3.430   65.73752 -168.64902      3.464     6.1574     6.1319     6.1572    26.7970    26.6530  1021.0772    21.0611    297.163    281.405  317.88903     93.480     0.2833     1.3516     0.9312 2.6447e-01      19053         15  0.000e+00
      3.430   65.73752 -168.64902      3.464     6.1584     6.1323     6.1582    26.7917    26.6525  1021.0729    21.0568    297.170    281.410  317.89422     93.481     0.2845     1.3590     0.9299 2.2955e-01      19054         15  0.000e+00
      3.430   65.73752 -168.64902      3.465     6.1588     6.1326     6.1585    26.7863    26.6534  1021.0686    21.0525    297.153    281.413  317.90426     93.473     0.2857     1.3663     0.9299 2.0959e-01      19055         15  0.000e+00
      3.430   65.73752 -168.64902      3.465     6.1587     6.1325     6.1585    26.7835    26.6530  1021.0665    21.0503    297.162    281.422  317.91106     93.473     0.2857     1.3663     0.9299 2.0775e-01      19056         15  0.000e+00
      3.376   65.73752 -168.64902      3.410     6.1591     6.1299     6.1588    26.7852    26.6417  1021.0675    21.0516    297.156    281.451  317.90459     93.473     0.2845     1.3590     0.9299 1.8732e-01      19057         15  0.000e+00
      3.430   65.73752 -168.64902      3.465     6.1589     6.1268     6.1586    26.7884    26.6192  1021.0703    21.0541    297.155    281.512  317.89855     93.475     0.2857     1.3663     0.9299 1.6978e-01      19058         15  0.000e+00
      3.376   65.73752 -168.64902      3.410     6.1592     6.1246     6.1590    26.7809    26.6033  1021.0641    21.0482    297.169    281.549  317.91350     93.475     0.2857     1.3663     0.9299 1.6655e-01      19059         15  0.000e+00
      3.430   65.73752 -168.64902      3.465     6.1584     6.1238     6.1582    26.7430    26.6008  1021.0346    21.0184    297.466    281.550  318.00865     93.540     0.2857     1.3663     0.9312 1.8475e-01      19060         15  0.000e+00
      3.376   65.73752 -168.64902      3.410     6.1557     6.1244     6.1554    26.6671    26.6056  1020.9748    20.9589    297.479    281.543  318.20774     93.486     0.2845     1.3590     0.9299 2.0683e-01      19061         15  0.000e+00
      3.315   65.73752 -168.64902      3.348     6.1509     6.1257     6.1506    26.5942    26.6115  1020.9176    20.9020    297.879    281.325  318.41527     93.550     0.2857     1.3663     0.9299 2.1237e-01      19062         15  0.000e+00
      3.376   65.73752 -168.64902      3.410     6.1460     6.1255     6.1457    26.5569    26.6113  1020.8890    20.8731    297.827    281.485  318.53995     93.498     0.2857     1.3663     0.9286 2.2760e-01      19063         15  0.000e+00
      3.315   65.73752 -168.64902      3.348     6.1417     6.1251     6.1415    26.5422    26.6034  1020.8777    20.8620    298.094    281.493  318.60671     93.562     0.2857     1.3663     0.9273 2.5490e-01      19064         15  0.000e+00
      3.315   65.73752 -168.64902      3.348     6.1377     6.1244     6.1374    26.5234    26.5956  1020.8632    20.8476    297.991    281.504  318.68143     93.508     0.2845     1.3590     0.9260 2.6340e-01      19065         15  0.000e+00
      3.315   65.73752 -168.64902      3.348     6.1340     6.1240     6.1338    26.4984    26.5920  1020.8439    20.8283    298.278    281.322  318.76794     93.572     0.2857     1.3663     0.9273 2.4557e-01      19066         15  0.000e+00
      3.315   65.73752 -168.64902      3.348     6.1303     6.1243     6.1301    26.4743    26.5943  1020.8253    20.8097    298.182    281.491  318.85243     93.517     0.2845     1.3590     0.9273 2.0592e-01      19067         15  0.000e+00
      3.315   65.73752 -168.64902      3.348     6.1268     6.1248     6.1265    26.4547    26.6009  1020.8103    20.7947    298.455    281.466  318.92539     93.581     0.2857     1.3663     0.9260 1.9427e-01      19068         15  0.000e+00
      3.261   65.73752 -168.64902      3.293     6.1234     6.1254     6.1231    26.4429    26.6045  1020.8011    20.7858    298.531    281.464  318.97900     93.589     0.2845     1.3590     0.9273 1.8904e-01      19069         15  0.000e+00
      3.261   65.73752 -168.64902      3.293     6.1206     6.1247     6.1203    26.4369    26.6020  1020.7967    20.7814    298.590    281.302  319.01432     93.598     0.2857     1.3663     0.9260 1.6816e-01      19070         15  0.000e+00
      3.261   65.73752 -168.64902      3.293     6.1185     6.1249     6.1182    26.4347    26.6043  1020.7952    20.7798    298.604    281.291  319.03534     93.596     0.2857     1.3663     0.9260 1.6099e-01      19071         15  0.000e+00
      3.207   65.73752 -168.64902      3.239     6.1168     6.1257     6.1166    26.4323    26.6129  1020.7932    20.7781    298.641    281.263  319.05328     93.602     0.2857     1.3663     0.9273 1.6257e-01      19072         15  0.000e+00
      3.207   65.73752 -168.64902      3.239     6.1153     6.1256     6.1150    26.4302    26.6121  1020.7918    20.7767    298.677    281.448  319.07002     93.609     0.2857     1.3663     0.9273 1.8051e-01      19073         15  0.000e+00
      3.207   65.73752 -168.64902      3.239     6.1141     6.1235     6.1139    26.4286    26.5977  1020.7906    20.7755    298.504    281.327  319.08243     93.551     0.2857     1.3663     0.9260 1.8904e-01      19074         15  0.000e+00
