EcoFOCI/data/1_SampleCollection/2023_SikuliaqDBO_CruiseData/CTD_raw_BottleFile_SKQ23-12S/proc/skq202312s_012svp.cnv
* Sea-Bird SBE 9 Data File:
* FileName = D:\CTD\SKQ202312S\SKQ202312S_012.hex
* Software Version Seasave V 7.26.7.121
* Temperature SN = 6177
* Conductivity SN = 0369
* Number of Bytes Per Scan = 41
* Number of Voltage Words = 4
* Number of Scans Averaged by the Deck Unit = 1
* NMEA Latitude = 64 40.32 N
* NMEA Longitude = 170 38.51 W
* NMEA UTC (Time) = Sep 17 2023  03:44:23
* NMEA baud rate = 4800
** Ship: R/V Sikuliaq
** Station Number: 012
** Station Name: DBO2.0
** Bottom Depth: 48
** Operator: SD
# nquan = 7
# nvalues = 5209                                  
# units = specified
# name 0 = depSM: Depth [salt water, m]
# name 1 = latitude: Latitude [deg]
# name 2 = longitude: Longitude [deg]
# name 3 = t090C: Temperature [ITS-90, deg C]
# name 4 = sal00: Salinity, Practical [PSU]
# name 5 = svCM: Sound Velocity [Chen-Millero, m/s]
# name 6 = flag:  0.000e+00
# span 0 =      2.948,     41.300                 
# span 1 =   64.67164,   64.67196                 
# span 2 = -170.64178, -170.64134                 
# span 3 =     3.2201,     3.4137                 
# span 4 =    32.9813,    33.0676                 
# span 5 =    1460.85,    1461.65                 
# span 6 = 0.0000e+00, 0.0000e+00                 
# interval = seconds: 0.0416667
# start_time = Sep 17 2023 03:45:41 [NMEA time, first data scan]
# bad_flag = -9.990e-29
*END*
[from data line 4308]
     40.150   64.67170 -170.64142     3.2242    33.0138    1461.45  0.000e+00
     40.211   64.67170 -170.64142     3.2240    33.0138    1461.45  0.000e+00
     40.211   64.67170 -170.64142     3.2241    33.0135    1461.45  0.000e+00
     40.211   64.67170 -170.64142     3.2240    33.0138    1461.45  0.000e+00
     40.211   64.67170 -170.64142     3.2240    33.0136    1461.45  0.000e+00
     40.258   64.67170 -170.64142     3.2240    33.0136    1461.45  0.000e+00
     40.265   64.67170 -170.64142     3.2241    33.0137    1461.45  0.000e+00
     40.211   64.67170 -170.64142     3.2240    33.0134    1461.45  0.000e+00
     40.327   64.67170 -170.64142     3.2242    33.0135    1461.45  0.000e+00
     40.211   64.67170 -170.64142     3.2242    33.0137    1461.45  0.000e+00
     40.320   64.67170 -170.64142     3.2240    33.0136    1461.45  0.000e+00
     40.266   64.67170 -170.64142     3.2240    33.0136    1461.45  0.000e+00
     40.266   64.67170 -170.64142     3.2240    33.0137    1461.45  0.000e+00
     40.327   64.67170 -170.64142     3.2240    33.0138    1461.45  0.000e+00
     40.266   64.67170 -170.64142     3.2240    33.0138    1461.45  0.000e+00
     40.327   64.67170 -170.64142     3.2240    33.0136    1461.45  0.000e+00
     40.320   64.67170 -170.64142     3.2242    33.0134    1461.45  0.000e+00
     40.327   64.67170 -170.64142     3.2237    33.0138    1461.45  0.000e+00
     40.327   64.67170 -170.64142     3.2238    33.0136    1461.45  0.000e+00
     40.327   64.67170 -170.64142     3.2240    33.0135    1461.45  0.000e+00
     40.327   64.67170 -170.64142     3.2238    33.0137    1461.45  0.000e+00
     40.327   64.67170 -170.64142     3.2242    33.0134    1461.45  0.000e+00
     40.374   64.67170 -170.64142     3.2238    33.0136    1461.45  0.000e+00
     40.327   64.67170 -170.64142     3.2240    33.0137    1461.45  0.000e+00
     40.327   64.67170 -170.64142     3.2240    33.0138    1461.45  0.000e+00
     40.327   64.67170 -170.64142     3.2238    33.0135    1461.45  0.000e+00
     40.381   64.67170 -170.64142     3.2243    33.0133    1461.45  0.000e+00
     40.327   64.67170 -170.64142     3.2242    33.0134    1461.45  0.000e+00
     40.320   64.67170 -170.64142     3.2238    33.0137    1461.45  0.000e+00
     40.381   64.67170 -170.64142     3.2240    33.0136    1461.45  0.000e+00
     40.327   64.67170 -170.64142     3.2240    33.0137    1461.45  0.000e+00
     40.327   64.67170 -170.64142     3.2238    33.0140    1461.45  0.000e+00
     40.381   64.67170 -170.64142     3.2242    33.0138    1461.45  0.000e+00
     40.327   64.67170 -170.64142     3.2242    33.0139    1461.45  0.000e+00
     40.374   64.67170 -170.64142     3.2243    33.0136    1461.45  0.000e+00
     40.327   64.67170 -170.64142     3.2243    33.0137    1461.45  0.000e+00
     40.327   64.67170 -170.64142     3.2245    33.0136    1461.45  0.000e+00
     40.327   64.67170 -170.64142     3.2243    33.0133    1461.45  0.000e+00
     40.327   64.67170 -170.64142     3.2244    33.0135    1461.45  0.000e+00
     40.327   64.67170 -170.64142     3.2245    33.0138    1461.45  0.000e+00
     40.320   64.67170 -170.64142     3.2243    33.0138    1461.45  0.000e+00
     40.381   64.67170 -170.64142     3.2245    33.0138    1461.45  0.000e+00
     40.266   64.67170 -170.64142     3.2245    33.0137    1461.45  0.000e+00
     40.327   64.67170 -170.64142     3.2244    33.0132    1461.45  0.000e+00
     40.266   64.67170 -170.64142     3.2243    33.0136    1461.45  0.000e+00
     40.327   64.67170 -170.64142     3.2243    33.0138    1461.45  0.000e+00
     40.258   64.67170 -170.64142     3.2245    33.0134    1461.45  0.000e+00
     40.266   64.67170 -170.64142     3.2245    33.0134    1461.45  0.000e+00
     40.327   64.67170 -170.64142     3.2244    33.0135    1461.45  0.000e+00
     40.212   64.67170 -170.64142     3.2243    33.0136    1461.45  0.000e+00
     40.266   64.67170 -170.64142     3.2242    33.0137    1461.45  0.000e+00
     40.204   64.67170 -170.64142     3.2243    33.0133    1461.45  0.000e+00
     40.266   64.67170 -170.64142     3.2244    33.0131    1461.45  0.000e+00
     40.266   64.67170 -170.64142     3.2242    33.0138    1461.45  0.000e+00
     40.266   64.67170 -170.64142     3.2243    33.0136    1461.45  0.000e+00
     40.266   64.67170 -170.64142     3.2242    33.0137    1461.45  0.000e+00
     40.212   64.67170 -170.64142     3.2240    33.0139    1461.45  0.000e+00
     40.258   64.67170 -170.64142     3.2243    33.0140    1461.45  0.000e+00
     40.266   64.67170 -170.64142     3.2242    33.0136    1461.45  0.000e+00
     40.212   64.67170 -170.64142     3.2242    33.0136    1461.45  0.000e+00
     40.212   64.67170 -170.64142     3.2242    33.0137    1461.45  0.000e+00
     40.212   64.67170 -170.64142     3.2240    33.0139    1461.45  0.000e+00
     40.212   64.67170 -170.64142     3.2242    33.0135    1461.45  0.000e+00
     40.204   64.67170 -170.64142     3.2240    33.0138    1461.45  0.000e+00
     40.212   64.67170 -170.64142     3.2240    33.0138    1461.45  0.000e+00
     40.212   64.67170 -170.64142     3.2240    33.0139    1461.45  0.000e+00
     40.150   64.67170 -170.64142     3.2243    33.0136    1461.45  0.000e+00
     40.212   64.67170 -170.64142     3.2240    33.0132    1461.45  0.000e+00
     40.150   64.67170 -170.64142     3.2238    33.0136    1461.45  0.000e+00
     40.204   64.67170 -170.64142     3.2242    33.0134    1461.45  0.000e+00
     40.150   64.67170 -170.64142     3.2242    33.0137    1461.45  0.000e+00
     40.150   64.67170 -170.64142     3.2241    33.0138    1461.45  0.000e+00
     40.150   64.67170 -170.64142     3.2240    33.0139    1461.45  0.000e+00
     40.150   64.67170 -170.64142     3.2240    33.0137    1461.45  0.000e+00
     40.150   64.67170 -170.64142     3.2242    33.0132    1461.45  0.000e+00
     40.150   64.67170 -170.64142     3.2241    33.0132    1461.45  0.000e+00
     40.150   64.67170 -170.64142     3.2240    33.0135    1461.45  0.000e+00
     40.150   64.67170 -170.64142     3.2240    33.0136    1461.45  0.000e+00
     40.150   64.67170 -170.64142     3.2242    33.0135    1461.45  0.000e+00
     40.150   64.67170 -170.64142     3.2242    33.0134    1461.45  0.000e+00
     40.204   64.67170 -170.64142     3.2240    33.0136    1461.45  0.000e+00
     40.150   64.67170 -170.64142     3.2242    33.0135    1461.45  0.000e+00
     40.150   64.67170 -170.64142     3.2240    33.0134    1461.45  0.000e+00
     40.096   64.67170 -170.64142     3.2242    33.0136    1461.45  0.000e+00
     40.150   64.67170 -170.64142     3.2243    33.0135    1461.45  0.000e+00
     40.212   64.67170 -170.64142     3.2243    33.0136    1461.45  0.000e+00
     40.150   64.67170 -170.64142     3.2242    33.0137    1461.45  0.000e+00
     40.150   64.67170 -170.64142     3.2240    33.0139    1461.45  0.000e+00
     40.150   64.67170 -170.64142     3.2240    33.0137    1461.45  0.000e+00
     40.150   64.67170 -170.64142     3.2241    33.0135    1461.45  0.000e+00
     40.150   64.67170 -170.64142     3.2243    33.0133    1461.45  0.000e+00
     40.150   64.67170 -170.64142     3.2240    33.0136    1461.45  0.000e+00
     40.204   64.67170 -170.64142     3.2243    33.0135    1461.45  0.000e+00
     40.212   64.67170 -170.64142     3.2242    33.0137    1461.45  0.000e+00
     40.150   64.67170 -170.64142     3.2243    33.0138    1461.45  0.000e+00
     40.212   64.67170 -170.64142     3.2243    33.0136    1461.45  0.000e+00
     40.212   64.67170 -170.64142     3.2240    33.0136    1461.45  0.000e+00
     40.212   64.67170 -170.64142     3.2242    33.0136    1461.45  0.000e+00
     40.204   64.67170 -170.64142     3.2243    33.0136    1461.45  0.000e+00
     40.266   64.67170 -170.64142     3.2243    33.0133    1461.45  0.000e+00
     40.212   64.67170 -170.64142     3.2242    33.0138    1461.45  0.000e+00
     40.266   64.67170 -170.64142     3.2242    33.0137    1461.45  0.000e+00
     40.266   64.67170 -170.64142     3.2242    33.0137    1461.45  0.000e+00
     40.258   64.67170 -170.64142     3.2241    33.0139    1461.45  0.000e+00
     40.266   64.67170 -170.64142     3.2242    33.0139    1461.45  0.000e+00
     40.327   64.67170 -170.64142     3.2238    33.0138    1461.45  0.000e+00
     40.327   64.67170 -170.64142     3.2240    33.0139    1461.45  0.000e+00
     40.266   64.67170 -170.64142     3.2242    33.0137    1461.45  0.000e+00
     40.327   64.67170 -170.64142     3.2240    33.0136    1461.45  0.000e+00
     40.374   64.67170 -170.64142     3.2238    33.0134    1461.45  0.000e+00
     40.381   64.67170 -170.64142     3.2237    33.0139    1461.45  0.000e+00
     40.381   64.67170 -170.64142     3.2238    33.0135    1461.45  0.000e+00
     40.381   64.67170 -170.64142     3.2238    33.0133    1461.45  0.000e+00
     40.381   64.67170 -170.64142     3.2238    33.0136    1461.45  0.000e+00
     40.435   64.67170 -170.64142     3.2238    33.0136    1461.45  0.000e+00
     40.435   64.67170 -170.64142     3.2237    33.0138    1461.45  0.000e+00
     40.435   64.67170 -170.64142     3.2237    33.0140    1461.45  0.000e+00
     40.497   64.67170 -170.64142     3.2238    33.0136    1461.45  0.000e+00
     40.497   64.67170 -170.64142     3.2235    33.0141    1461.45  0.000e+00
     40.497   64.67170 -170.64142     3.2237    33.0138    1461.45  0.000e+00
     40.497   64.67170 -170.64142     3.2238    33.0138    1461.45  0.000e+00
     40.551   64.67170 -170.64142     3.2237    33.0138    1461.45  0.000e+00
     40.551   64.67170 -170.64142     3.2237    33.0137    1461.45  0.000e+00
     40.613   64.67170 -170.64142     3.2235    33.0139    1461.45  0.000e+00
     40.551   64.67170 -170.64142     3.2237    33.0137    1461.45  0.000e+00
     40.667   64.67170 -170.64142     3.2235    33.0142    1461.45  0.000e+00
     40.613   64.67170 -170.64142     3.2238    33.0134    1461.45  0.000e+00
     40.659   64.67170 -170.64142     3.2235    33.0140    1461.45  0.000e+00
     40.667   64.67170 -170.64142     3.2235    33.0139    1461.45  0.000e+00
     40.667   64.67170 -170.64142     3.2237    33.0137    1461.45  0.000e+00
     40.729   64.67170 -170.64142     3.2235    33.0136    1461.46  0.000e+00
     40.729   64.67170 -170.64142     3.2237    33.0133    1461.46  0.000e+00
     40.783   64.67170 -170.64142     3.2235    33.0139    1461.46  0.000e+00
     40.775   64.67170 -170.64142     3.2237    33.0134    1461.46  0.000e+00
     40.729   64.67170 -170.64140     3.2237    33.0138    1461.46  0.000e+00
     40.837   64.67170 -170.64140     3.2237    33.0138    1461.46  0.000e+00
     40.783   64.67170 -170.64140     3.2235    33.0143    1461.46  0.000e+00
     40.837   64.67170 -170.64140     3.2240    33.0136    1461.46  0.000e+00
     40.899   64.67170 -170.64140     3.2235    33.0140    1461.46  0.000e+00
     40.837   64.67170 -170.64140     3.2235    33.0138    1461.46  0.000e+00
     40.891   64.67170 -170.64140     3.2237    33.0135    1461.46  0.000e+00
     40.899   64.67170 -170.64140     3.2238    33.0138    1461.46  0.000e+00
     40.953   64.67170 -170.64140     3.2238    33.0137    1461.46  0.000e+00
     40.899   64.67170 -170.64140     3.2237    33.0138    1461.46  0.000e+00
     41.014   64.67170 -170.64140     3.2234    33.0138    1461.46  0.000e+00
     40.953   64.67170 -170.64140     3.2238    33.0133    1461.46  0.000e+00
     41.007   64.67170 -170.64140     3.2234    33.0137    1461.46  0.000e+00
     41.014   64.67170 -170.64140     3.2235    33.0138    1461.46  0.000e+00
     41.014   64.67170 -170.64140     3.2235    33.0134    1461.46  0.000e+00
     41.014   64.67170 -170.64140     3.2235    33.0138    1461.46  0.000e+00
     41.068   64.67170 -170.64140     3.2234    33.0140    1461.46  0.000e+00
     41.014   64.67170 -170.64140     3.2235    33.0137    1461.46  0.000e+00
     41.068   64.67170 -170.64140     3.2234    33.0137    1461.46  0.000e+00
     41.130   64.67170 -170.64140     3.2234    33.0139    1461.46  0.000e+00
     41.068   64.67170 -170.64140     3.2234    33.0136    1461.46  0.000e+00
     41.130   64.67170 -170.64140     3.2234    33.0134    1461.46  0.000e+00
     41.130   64.67170 -170.64140     3.2231    33.0137    1461.46  0.000e+00
     41.130   64.67170 -170.64140     3.2233    33.0135    1461.46  0.000e+00
     41.068   64.67170 -170.64140     3.2231    33.0137    1461.46  0.000e+00
     41.176   64.67170 -170.64140     3.2232    33.0133    1461.46  0.000e+00
     41.130   64.67170 -170.64140     3.2231    33.0139    1461.46  0.000e+00
     41.184   64.67170 -170.64140     3.2233    33.0133    1461.46  0.000e+00
     41.184   64.67170 -170.64140     3.2229    33.0138    1461.46  0.000e+00
     41.184   64.67170 -170.64140     3.2229    33.0139    1461.46  0.000e+00
     41.238   64.67170 -170.64140     3.2231    33.0136    1461.46  0.000e+00
     41.238   64.67170 -170.64140     3.2231    33.0136    1461.46  0.000e+00
     41.238   64.67170 -170.64140     3.2231    33.0136    1461.46  0.000e+00
     41.238   64.67170 -170.64140     3.2233    33.0137    1461.46  0.000e+00
     41.130   64.67170 -170.64140     3.2232    33.0139    1461.46  0.000e+00
     41.184   64.67170 -170.64140     3.2233    33.0136    1461.46  0.000e+00
     41.130   64.67170 -170.64140     3.2234    33.0136    1461.46  0.000e+00
     41.130   64.67170 -170.64140     3.2235    33.0137    1461.46  0.000e+00
     41.068   64.67170 -170.64140     3.2234    33.0138    1461.46  0.000e+00
     41.068   64.67170 -170.64140     3.2237    33.0135    1461.46  0.000e+00
     41.068   64.67170 -170.64140     3.2237    33.0137    1461.46  0.000e+00
     41.068   64.67170 -170.64140     3.2235    33.0137    1461.46  0.000e+00
     41.068   64.67170 -170.64140     3.2235    33.0140    1461.46  0.000e+00
     41.068   64.67170 -170.64140     3.2237    33.0140    1461.46  0.000e+00
     41.068   64.67170 -170.64140     3.2237    33.0136    1461.46  0.000e+00
     41.068   64.67170 -170.64140     3.2237    33.0139    1461.46  0.000e+00
     41.130   64.67170 -170.64140     3.2235    33.0139    1461.46  0.000e+00
     41.068   64.67170 -170.64140     3.2237    33.0137    1461.46  0.000e+00
     41.068   64.67170 -170.64140     3.2238    33.0135    1461.46  0.000e+00
     41.014   64.67170 -170.64140     3.2235    33.0141    1461.46  0.000e+00
     41.068   64.67170 -170.64140     3.2237    33.0138    1461.46  0.000e+00
     41.068   64.67170 -170.64140     3.2238    33.0140    1461.46  0.000e+00
     41.014   64.67170 -170.64140     3.2235    33.0138    1461.46  0.000e+00
     41.014   64.67170 -170.64140     3.2238    33.0135    1461.46  0.000e+00
     40.953   64.67170 -170.64140     3.2237    33.0136    1461.46  0.000e+00
     40.953   64.67170 -170.64140     3.2238    33.0136    1461.46  0.000e+00
     40.953   64.67170 -170.64140     3.2237    33.0133    1461.46  0.000e+00
     41.007   64.67170 -170.64140     3.2237    33.0134    1461.46  0.000e+00
     40.899   64.67170 -170.64140     3.2237    33.0135    1461.46  0.000e+00
     40.953   64.67170 -170.64140     3.2234    33.0138    1461.46  0.000e+00
     40.953   64.67170 -170.64140     3.2238    33.0136    1461.46  0.000e+00
     40.899   64.67170 -170.64140     3.2235    33.0137    1461.46  0.000e+00
     40.953   64.67170 -170.64140     3.2238    33.0134    1461.46  0.000e+00
     40.899   64.67170 -170.64140     3.2234    33.0136    1461.46  0.000e+00
     40.891   64.67170 -170.64140     3.2237    33.0135    1461.46  0.000e+00
     40.899   64.67170 -170.64140     3.2235    33.0137    1461.46  0.000e+00
     40.899   64.67170 -170.64140     3.2235    33.0141    1461.46  0.000e+00
     40.837   64.67170 -170.64140     3.2235    33.0139    1461.46  0.000e+00
     40.837   64.67170 -170.64140     3.2235    33.0133    1461.46  0.000e+00
     40.899   64.67170 -170.64140     3.2235    33.0137    1461.46  0.000e+00
