EcoFOCI/data/1_SampleCollection/2023_SikuliaqDBO_CruiseData/CTD_raw_BottleFile_SKQ23-12S/proc/skq202312s_048svp.cnv
* Sea-Bird SBE 9 Data File:
* FileName = D:\CTD\SKQ202312S\SKQ202312S_048.hex
* Software Version Seasave V 7.26.7.121
* Temperature SN = 6177
* Conductivity SN = 0369
* Number of Bytes Per Scan = 41
* Number of Voltage Words = 4
* Number of Scans Averaged by the Deck Unit = 1
* NMEA Latitude = 71 47.13 N
* NMEA Longitude = 161 57.91 W
* NMEA UTC (Time) = Sep 25 2023  05:45:53
* NMEA baud rate = 4800
** Ship: R/V Sikuliaq
** Station Number: 048
** Station Name: DBO4.5na
** Bottom Depth: 42
** Operator: SS
# nquan = 7
# nvalues = 4049                                  
# units = specified
# name 0 = depSM: Depth [salt water, m]
# name 1 = latitude: Latitude [deg]
# name 2 = longitude: Longitude [deg]
# name 3 = t090C: Temperature [ITS-90, deg C]
# name 4 = sal00: Salinity, Practical [PSU]
# name 5 = svCM: Sound Velocity [Chen-Millero, m/s]
# name 6 = flag:  0.000e+00
# span 0 =      2.090,     36.939                 
# span 1 =   71.78546,   71.78546                 
# span 2 = -161.96522, -161.96520                 
# span 3 =    -0.6879,     2.1019                 
# span 4 =    27.4668,    32.6637                 
# span 5 =    1443.17,    1451.49                 
# span 6 = 0.0000e+00, 0.0000e+00                 
# interval = seconds: 0.0416667
# start_time = Sep 25 2023 05:49:13 [NMEA time, first data scan]
# bad_flag = -9.990e-29
*END*
[from data line 821]
      6.025   71.78546 -161.96520     1.7642    27.6950    1447.57  0.000e+00
      6.079   71.78546 -161.96520     1.7645    27.6965    1447.57  0.000e+00
      6.025   71.78546 -161.96520     1.7646    27.6964    1447.57  0.000e+00
      6.079   71.78546 -161.96520     1.7650    27.6957    1447.57  0.000e+00
      6.079   71.78546 -161.96520     1.7650    27.6951    1447.57  0.000e+00
      6.079   71.78546 -161.96520     1.7651    27.6931    1447.57  0.000e+00
      6.079   71.78546 -161.96520     1.7648    27.6907    1447.56  0.000e+00
      6.079   71.78546 -161.96520     1.7648    27.6876    1447.56  0.000e+00
      6.079   71.78546 -161.96520     1.7645    27.6856    1447.56  0.000e+00
      6.079   71.78546 -161.96520     1.7642    27.6856    1447.55  0.000e+00
      6.079   71.78546 -161.96520     1.7641    27.6859    1447.55  0.000e+00
      6.141   71.78546 -161.96520     1.7635    27.6863    1447.55  0.000e+00
      6.141   71.78546 -161.96520     1.7635    27.6868    1447.55  0.000e+00
      6.079   71.78546 -161.96520     1.7635    27.6871    1447.55  0.000e+00
      6.141   71.78546 -161.96520     1.7637    27.6878    1447.56  0.000e+00
      6.141   71.78546 -161.96520     1.7639    27.6885    1447.56  0.000e+00
      6.141   71.78546 -161.96520     1.7638    27.6894    1447.56  0.000e+00
      6.141   71.78546 -161.96520     1.7640    27.6904    1447.56  0.000e+00
      6.141   71.78546 -161.96520     1.7646    27.6911    1447.56  0.000e+00
      6.141   71.78546 -161.96520     1.7648    27.6918    1447.57  0.000e+00
      6.195   71.78546 -161.96520     1.7648    27.6912    1447.57  0.000e+00
      6.141   71.78546 -161.96520     1.7648    27.6903    1447.56  0.000e+00
      6.141   71.78546 -161.96520     1.7646    27.6896    1447.56  0.000e+00
      6.195   71.78546 -161.96520     1.7645    27.6891    1447.56  0.000e+00
      6.195   71.78546 -161.96520     1.7646    27.6887    1447.56  0.000e+00
      6.195   71.78546 -161.96520     1.7645    27.6879    1447.56  0.000e+00
      6.141   71.78546 -161.96520     1.7649    27.6874    1447.56  0.000e+00
      6.194   71.78546 -161.96520     1.7648    27.6877    1447.56  0.000e+00
      6.256   71.78546 -161.96520     1.7650    27.6871    1447.56  0.000e+00
      6.140   71.78546 -161.96520     1.7650    27.6854    1447.56  0.000e+00
      6.256   71.78546 -161.96520     1.7650    27.6843    1447.56  0.000e+00
      6.194   71.78546 -161.96520     1.7646    27.6833    1447.56  0.000e+00
      6.194   71.78546 -161.96520     1.7646    27.6826    1447.55  0.000e+00
      6.256   71.78546 -161.96520     1.7644    27.6822    1447.55  0.000e+00
      6.194   71.78546 -161.96520     1.7642    27.6819    1447.55  0.000e+00
      6.256   71.78546 -161.96520     1.7640    27.6824    1447.55  0.000e+00
      6.256   71.78546 -161.96520     1.7642    27.6838    1447.56  0.000e+00
      6.194   71.78546 -161.96520     1.7638    27.6858    1447.55  0.000e+00
      6.256   71.78546 -161.96520     1.7637    27.6875    1447.56  0.000e+00
      6.256   71.78546 -161.96520     1.7640    27.6896    1447.56  0.000e+00
      6.256   71.78546 -161.96520     1.7640    27.6915    1447.56  0.000e+00
      6.256   71.78546 -161.96520     1.7646    27.6925    1447.57  0.000e+00
      6.256   71.78546 -161.96520     1.7656    27.6928    1447.57  0.000e+00
      6.310   71.78546 -161.96520     1.7662    27.6930    1447.58  0.000e+00
      6.256   71.78546 -161.96520     1.7662    27.6934    1447.58  0.000e+00
      6.310   71.78546 -161.96520     1.7659    27.6943    1447.58  0.000e+00
      6.256   71.78546 -161.96520     1.7657    27.6943    1447.58  0.000e+00
      6.310   71.78546 -161.96520     1.7655    27.6938    1447.57  0.000e+00
      6.256   71.78546 -161.96520     1.7654    27.6918    1447.57  0.000e+00
      6.310   71.78546 -161.96520     1.7657    27.6894    1447.57  0.000e+00
      6.310   71.78546 -161.96520     1.7659    27.6873    1447.57  0.000e+00
      6.256   71.78546 -161.96520     1.7659    27.6857    1447.56  0.000e+00
      6.310   71.78546 -161.96520     1.7659    27.6851    1447.57  0.000e+00
      6.371   71.78546 -161.96520     1.7657    27.6852    1447.57  0.000e+00
      6.310   71.78546 -161.96520     1.7659    27.6865    1447.57  0.000e+00
      6.310   71.78546 -161.96520     1.7659    27.6900    1447.57  0.000e+00
      6.371   71.78546 -161.96520     1.7665    27.6921    1447.58  0.000e+00
      6.310   71.78546 -161.96520     1.7665    27.6927    1447.58  0.000e+00
      6.371   71.78546 -161.96520     1.7667    27.6948    1447.58  0.000e+00
      6.310   71.78546 -161.96520     1.7670    27.6976    1447.59  0.000e+00
      6.371   71.78546 -161.96520     1.7671    27.6997    1447.59  0.000e+00
      6.371   71.78546 -161.96520     1.7673    27.7015    1447.59  0.000e+00
      6.371   71.78546 -161.96520     1.7675    27.7039    1447.60  0.000e+00
      6.371   71.78546 -161.96520     1.7668    27.7076    1447.60  0.000e+00
      6.371   71.78546 -161.96520     1.7667    27.7093    1447.60  0.000e+00
      6.371   71.78546 -161.96520     1.7656    27.7107    1447.60  0.000e+00
      6.425   71.78546 -161.96520     1.7645    27.7134    1447.60  0.000e+00
      6.425   71.78546 -161.96520     1.7635    27.7135    1447.59  0.000e+00
      6.371   71.78546 -161.96520     1.7629    27.7110    1447.59  0.000e+00
      6.425   71.78546 -161.96520     1.7623    27.7104    1447.58  0.000e+00
      6.425   71.78546 -161.96520     1.7621    27.7109    1447.58  0.000e+00
      6.425   71.78546 -161.96520     1.7620    27.7097    1447.58  0.000e+00
      6.425   71.78546 -161.96520     1.7620    27.7055    1447.58  0.000e+00
      6.425   71.78546 -161.96520     1.7620    27.7005    1447.57  0.000e+00
      6.425   71.78546 -161.96520     1.7620    27.7002    1447.57  0.000e+00
      6.425   71.78546 -161.96520     1.7620    27.7024    1447.57  0.000e+00
      6.479   71.78546 -161.96520     1.7615    27.7064    1447.58  0.000e+00
      6.479   71.78546 -161.96520     1.7612    27.7104    1447.58  0.000e+00
      6.479   71.78546 -161.96520     1.7611    27.7133    1447.58  0.000e+00
      6.425   71.78546 -161.96520     1.7606    27.7135    1447.58  0.000e+00
      6.540   71.78546 -161.96520     1.7602    27.7097    1447.58  0.000e+00
      6.479   71.78546 -161.96520     1.7602    27.7062    1447.57  0.000e+00
      6.479   71.78546 -161.96520     1.7600    27.7055    1447.57  0.000e+00
      6.479   71.78546 -161.96520     1.7598    27.7077    1447.57  0.000e+00
      6.540   71.78546 -161.96520     1.7602    27.7081    1447.57  0.000e+00
      6.540   71.78546 -161.96520     1.7599    27.7062    1447.57  0.000e+00
      6.540   71.78546 -161.96520     1.7602    27.7042    1447.57  0.000e+00
      6.479   71.78546 -161.96520     1.7602    27.7036    1447.57  0.000e+00
      6.540   71.78546 -161.96520     1.7604    27.7024    1447.57  0.000e+00
      6.540   71.78546 -161.96520     1.7606    27.6995    1447.56  0.000e+00
      6.594   71.78546 -161.96520     1.7612    27.6958    1447.56  0.000e+00
      6.540   71.78546 -161.96520     1.7614    27.6941    1447.56  0.000e+00
      6.594   71.78546 -161.96520     1.7620    27.6918    1447.56  0.000e+00
      6.594   71.78546 -161.96520     1.7623    27.6912    1447.56  0.000e+00
      6.540   71.78546 -161.96520     1.7628    27.6935    1447.57  0.000e+00
      6.594   71.78546 -161.96520     1.7633    27.6993    1447.58  0.000e+00
      6.594   71.78546 -161.96520     1.7632    27.7018    1447.58  0.000e+00
      6.594   71.78546 -161.96520     1.7633    27.7038    1447.58  0.000e+00
      6.594   71.78546 -161.96520     1.7633    27.7077    1447.59  0.000e+00
      6.594   71.78546 -161.96520     1.7631    27.7096    1447.59  0.000e+00
      6.656   71.78546 -161.96520     1.7633    27.7090    1447.59  0.000e+00
      6.594   71.78546 -161.96520     1.7634    27.7058    1447.59  0.000e+00
      6.656   71.78546 -161.96520     1.7639    27.7010    1447.58  0.000e+00
      6.594   71.78546 -161.96520     1.7640    27.6972    1447.58  0.000e+00
      6.710   71.78546 -161.96520     1.7642    27.6940    1447.58  0.000e+00
      6.656   71.78546 -161.96520     1.7650    27.6913    1447.57  0.000e+00
      6.656   71.78546 -161.96520     1.7649    27.6901    1447.57  0.000e+00
      6.656   71.78546 -161.96520     1.7651    27.6902    1447.57  0.000e+00
      6.656   71.78546 -161.96520     1.7650    27.6910    1447.57  0.000e+00
      6.710   71.78546 -161.96520     1.7651    27.6919    1447.58  0.000e+00
      6.656   71.78546 -161.96520     1.7648    27.6922    1447.58  0.000e+00
      6.710   71.78546 -161.96520     1.7646    27.6931    1447.58  0.000e+00
      6.709   71.78546 -161.96520     1.7648    27.6942    1447.58  0.000e+00
      6.656   71.78546 -161.96520     1.7645    27.6951    1447.58  0.000e+00
      6.709   71.78546 -161.96520     1.7645    27.6969    1447.58  0.000e+00
      6.771   71.78546 -161.96520     1.7644    27.6996    1447.58  0.000e+00
      6.709   71.78546 -161.96520     1.7642    27.7028    1447.59  0.000e+00
      6.709   71.78546 -161.96520     1.7638    27.7057    1447.59  0.000e+00
      6.709   71.78546 -161.96520     1.7634    27.7051    1447.59  0.000e+00
      6.771   71.78546 -161.96520     1.7634    27.7016    1447.58  0.000e+00
      6.771   71.78546 -161.96520     1.7633    27.6996    1447.58  0.000e+00
      6.709   71.78546 -161.96520     1.7635    27.6991    1447.58  0.000e+00
      6.771   71.78546 -161.96520     1.7635    27.7007    1447.58  0.000e+00
      6.771   71.78546 -161.96520     1.7637    27.7015    1447.58  0.000e+00
      6.771   71.78546 -161.96520     1.7635    27.7021    1447.58  0.000e+00
      6.771   71.78546 -161.96520     1.7637    27.7025    1447.59  0.000e+00
      6.771   71.78546 -161.96520     1.7634    27.7033    1447.59  0.000e+00
      6.825   71.78546 -161.96520     1.7628    27.7055    1447.59  0.000e+00
      6.771   71.78546 -161.96520     1.7623    27.7114    1447.59  0.000e+00
      6.771   71.78546 -161.96520     1.7615    27.7216    1447.60  0.000e+00
      6.825   71.78546 -161.96520     1.7609    27.7362    1447.62  0.000e+00
      6.825   71.78546 -161.96520     1.7602    27.7520    1447.64  0.000e+00
      6.825   71.78546 -161.96520     1.7584    27.7640    1447.64  0.000e+00
      6.771   71.78546 -161.96520     1.7564    27.7693    1447.64  0.000e+00
      6.879   71.78546 -161.96520     1.7544    27.7687    1447.63  0.000e+00
      6.825   71.78546 -161.96520     1.7528    27.7660    1447.62  0.000e+00
      6.825   71.78546 -161.96520     1.7522    27.7657    1447.62  0.000e+00
      6.825   71.78546 -161.96520     1.7515    27.7660    1447.61  0.000e+00
      6.879   71.78546 -161.96520     1.7511    27.7655    1447.61  0.000e+00
      6.825   71.78546 -161.96520     1.7507    27.7653    1447.61  0.000e+00
      6.879   71.78546 -161.96520     1.7500    27.7659    1447.61  0.000e+00
      6.879   71.78546 -161.96520     1.7494    27.7648    1447.60  0.000e+00
      6.879   71.78546 -161.96520     1.7496    27.7609    1447.60  0.000e+00
      6.879   71.78546 -161.96520     1.7499    27.7555    1447.59  0.000e+00
      6.879   71.78546 -161.96520     1.7510    27.7487    1447.59  0.000e+00
      6.879   71.78546 -161.96520     1.7519    27.7462    1447.59  0.000e+00
      6.879   71.78546 -161.96520     1.7526    27.7478    1447.60  0.000e+00
      6.917   71.78546 -161.96520     1.7528    27.7460    1447.60  0.000e+00
      6.940   71.78546 -161.96520     1.7530    27.7443    1447.60  0.000e+00
      6.879   71.78546 -161.96520     1.7534    27.7436    1447.60  0.000e+00
      6.940   71.78546 -161.96520     1.7542    27.7430    1447.60  0.000e+00
      6.940   71.78546 -161.96520     1.7551    27.7423    1447.60  0.000e+00
      6.940   71.78546 -161.96520     1.7556    27.7415    1447.60  0.000e+00
      6.940   71.78546 -161.96520     1.7560    27.7422    1447.61  0.000e+00
      6.994   71.78546 -161.96520     1.7566    27.7442    1447.61  0.000e+00
      6.940   71.78546 -161.96520     1.7563    27.7466    1447.61  0.000e+00
      6.994   71.78546 -161.96520     1.7564    27.7488    1447.62  0.000e+00
      6.940   71.78546 -161.96520     1.7562    27.7519    1447.62  0.000e+00
      6.994   71.78546 -161.96520     1.7561    27.7558    1447.63  0.000e+00
      6.940   71.78546 -161.96520     1.7553    27.7592    1447.62  0.000e+00
      6.994   71.78546 -161.96520     1.7544    27.7601    1447.62  0.000e+00
      7.056   71.78546 -161.96520     1.7539    27.7606    1447.62  0.000e+00
      6.994   71.78546 -161.96520     1.7536    27.7632    1447.62  0.000e+00
      6.994   71.78546 -161.96520     1.7530    27.7673    1447.63  0.000e+00
      6.994   71.78546 -161.96520     1.7527    27.7705    1447.63  0.000e+00
      7.056   71.78546 -161.96520     1.7522    27.7717    1447.63  0.000e+00
      7.056   71.78546 -161.96520     1.7519    27.7736    1447.63  0.000e+00
      7.056   71.78546 -161.96520     1.7519    27.7775    1447.64  0.000e+00
      7.056   71.78546 -161.96520     1.7516    27.7805    1447.64  0.000e+00
      7.056   71.78546 -161.96520     1.7511    27.7817    1447.64  0.000e+00
      7.056   71.78546 -161.96520     1.7507    27.7838    1447.64  0.000e+00
      7.056   71.78546 -161.96520     1.7499    27.7875    1447.64  0.000e+00
      7.056   71.78546 -161.96520     1.7491    27.7933    1447.64  0.000e+00
      7.110   71.78546 -161.96520     1.7483    27.7991    1447.65  0.000e+00
      7.110   71.78546 -161.96520     1.7474    27.8031    1447.65  0.000e+00
      7.056   71.78546 -161.96520     1.7463    27.8064    1447.65  0.000e+00
      7.110   71.78546 -161.96520     1.7457    27.8095    1447.65  0.000e+00
      7.110   71.78546 -161.96520     1.7443    27.8146    1447.65  0.000e+00
      7.110   71.78546 -161.96520     1.7433    27.8219    1447.66  0.000e+00
      7.171   71.78546 -161.96520     1.7427    27.8274    1447.66  0.000e+00
      7.110   71.78546 -161.96520     1.7416    27.8298    1447.66  0.000e+00
      7.171   71.78546 -161.96520     1.7407    27.8305    1447.66  0.000e+00
      7.110   71.78546 -161.96520     1.7398    27.8318    1447.65  0.000e+00
      7.171   71.78546 -161.96520     1.7391    27.8349    1447.66  0.000e+00
      7.171   71.78546 -161.96520     1.7387    27.8397    1447.66  0.000e+00
      7.171   71.78546 -161.96520     1.7385    27.8424    1447.66  0.000e+00
      7.171   71.78546 -161.96520     1.7384    27.8412    1447.66  0.000e+00
      7.171   71.78546 -161.96520     1.7382    27.8398    1447.66  0.000e+00
      7.225   71.78546 -161.96520     1.7380    27.8389    1447.66  0.000e+00
      7.171   71.78546 -161.96520     1.7383    27.8403    1447.66  0.000e+00
      7.171   71.78546 -161.96520     1.7380    27.8399    1447.66  0.000e+00
      7.225   71.78546 -161.96520     1.7379    27.8375    1447.65  0.000e+00
      7.225   71.78546 -161.96520     1.7377    27.8346    1447.65  0.000e+00
      7.171   71.78546 -161.96520     1.7375    27.8331    1447.65  0.000e+00
      7.279   71.78546 -161.96520     1.7374    27.8341    1447.65  0.000e+00
      7.225   71.78546 -161.96520     1.7371    27.8362    1447.65  0.000e+00
      7.225   71.78546 -161.96520     1.7371    27.8353    1447.65  0.000e+00
      7.279   71.78546 -161.96520     1.7371    27.8345    1447.65  0.000e+00
      7.225   71.78546 -161.96520     1.7369    27.8341    1447.65  0.000e+00
      7.279   71.78546 -161.96520     1.7365    27.8342    1447.64  0.000e+00
      7.279   71.78546 -161.96520     1.7360    27.8342    1447.64  0.000e+00
      7.225   71.78546 -161.96520     1.7355    27.8349    1447.64  0.000e+00
      7.279   71.78546 -161.96520     1.7351    27.8351    1447.64  0.000e+00
      7.341   71.78546 -161.96520     1.7346    27.8370    1447.64  0.000e+00
