EcoFOCI/data/1_SampleCollection/2023_SikuliaqDBO_CruiseData/CTD_raw_BottleFile_SKQ23-12S/proc/skq202312s_034.ros
* Sea-Bird SBE 9 Data File:
* FileName = D:\CTD\SKQ202312S\SKQ202312S_034.hex
* Software Version Seasave V 7.26.7.121
* Temperature SN = 6177
* Conductivity SN = 0369
* Number of Bytes Per Scan = 41
* Number of Voltage Words = 4
* Number of Scans Averaged by the Deck Unit = 1
* NMEA Latitude = 71 37.15 N
* NMEA Longitude = 157 55.43 W
* NMEA UTC (Time) = Sep 21 2023  16:36:56
* NMEA baud rate = 4800
** Ship: R/V Sikuliaq
** Station Number: 034
** Station Name: DBO5.10
** Bottom Depth: 62
** Operator: SD
# nquan = 22
# nvalues = 1029                                  
# units = specified
# name 0 = depSM: Depth [salt water, m]
# name 1 = latitude: Latitude [deg]
# name 2 = longitude: Longitude [deg]
# name 3 = prDM: Pressure, Digiquartz [db]
# name 4 = t090C: Temperature [ITS-90, deg C]
# name 5 = t190C: Temperature, 2 [ITS-90, deg C]
# name 6 = potemp090C: Potential Temperature [ITS-90, deg C]
# name 7 = sal00: Salinity, Practical [PSU]
# name 8 = sal11: Salinity, Practical, 2 [PSU]
# name 9 = density00: Density [density, kg/m^3]
# name 10 = sigma-é00: Density [sigma-theta, kg/m^3]
# name 11 = sbox0Mm/Kg: Oxygen, SBE 43 [umol/kg]
# name 12 = sbox1Mm/Kg: Oxygen, SBE 43, 2 [umol/kg]
# name 13 = oxsolMm/Kg: Oxygen Saturation, Garcia & Gordon [umol/kg]
# name 14 = sbeox0PS: Oxygen, SBE 43 [% saturation]
# name 15 = v0: Voltage 0
# name 16 = flECO-AFL: Fluorescence, WET Labs ECO-AFL/FL [mg/m^3]
# name 17 = CStarAt0: Beam Attenuation, WET Labs C-Star [1/m]
# name 18 = par: PAR/Irradiance, Biospherical/Licor
# name 19 = scan: Scan Count
# name 20 = nbf: Bottles Fired
# name 21 = flag:  0.000e+00
# interval = seconds: 0.0416667
# start_time = Sep 21 2023 16:38:35 [NMEA time, first data scan]
# bad_flag = -9.990e-29
*END*
[from data line 659]
     11.066   71.61902 -157.92458     11.181    -0.4685    -0.4934    -0.4688    31.8233    31.8533  1025.6150    25.5613    375.667    357.740  361.10580    104.032     0.1404     0.4945     0.5212 7.7715e+00      23084         14  0.000e+00
     11.043   71.61902 -157.92458     11.157    -0.4658    -0.4906    -0.4661    31.8195    31.8514  1025.6117    25.5581    376.014    357.640  361.09130    104.133     0.1416     0.5018     0.5212 7.7052e+00      23085         14  0.000e+00
     11.066   71.61902 -157.92458     11.181    -0.4658    -0.4881    -0.4661    31.8183    31.8492  1025.6109    25.5572    376.028    357.545  361.09453    104.136     0.1404     0.4945     0.5212 7.6833e+00      23086         14  0.000e+00
     11.066   71.61902 -157.92458     11.181    -0.4653    -0.4848    -0.4656    31.8160    31.8458  1025.6090    25.5553    375.544    357.225  361.09614    104.001     0.1416     0.5018     0.5212 7.6833e+00      23087         14  0.000e+00
     11.066   71.61902 -157.92458     11.181    -0.4661    -0.4813    -0.4664    31.8156    31.8429  1025.6087    25.5550    375.682    357.096  361.10552    104.037     0.1416     0.5018     0.5223 7.6395e+00      23088         14  0.000e+00
     11.128   71.61902 -157.92458     11.243    -0.4689    -0.4792    -0.4692    31.8171    31.8404  1025.6103    25.5563    375.390    357.016  361.12770    103.949     0.1416     0.5018     0.5212 7.6178e+00      23089         14  0.000e+00
     11.012   71.61902 -157.92458     11.126    -0.4724    -0.4762    -0.4727    31.8203    31.8379  1025.6124    25.5590    375.348    356.671  361.15231    103.931     0.1416     0.5018     0.5212 7.6178e+00      23090         14  0.000e+00
     11.128   71.61902 -157.92458     11.243    -0.4761    -0.4728    -0.4764    31.8251    31.8342  1025.6170    25.5630    375.272    356.561  361.17393    103.903     0.1416     0.5018     0.5188 7.5960e+00      23091         14  0.000e+00
     11.066   71.61902 -157.92458     11.181    -0.4789    -0.4715    -0.4792    31.8297    31.8321  1025.6206    25.5669    375.182    356.467  361.18788    103.874     0.1416     0.5018     0.5188 7.5744e+00      23092         14  0.000e+00
     11.128   71.61902 -157.92458     11.243    -0.4767    -0.4722    -0.4770    31.8293    31.8325  1025.6205    25.5664    375.105    356.397  361.16797    103.859     0.1404     0.4945     0.5188 7.5744e+00      23093         14  0.000e+00
     11.066   71.61902 -157.92458     11.181    -0.4737    -0.4738    -0.4740    31.8283    31.8341  1025.6192    25.5655    374.926    356.334  361.14156    103.817     0.1416     0.5018     0.5188 7.5528e+00      23094         14  0.000e+00
     11.066   71.61902 -157.92458     11.181    -0.4734    -0.4756    -0.4737    31.8305    31.8359  1025.6210    25.5673    374.620    356.280  361.13271    103.735     0.1429     0.5091     0.5188 7.5312e+00      23095         14  0.000e+00
     11.128   71.61902 -157.92458     11.243    -0.4695    -0.4763    -0.4698    31.8281    31.8370  1025.6192    25.5652    373.756    356.002  361.10270    103.504     0.1416     0.5018     0.5188 7.5312e+00      23096         14  0.000e+00
     11.097   71.61902 -157.92458     11.212    -0.4629    -0.4752    -0.4632    31.8190    31.8365  1025.6114    25.5576    374.242    355.904  361.06514    103.649     0.1416     0.5018     0.5188 7.5098e+00      23097         14  0.000e+00
     11.066   71.61902 -157.92458     11.181    -0.4613    -0.4726    -0.4616    31.8151    31.8355  1025.6081    25.5544    373.920    355.575  361.06030    103.562     0.1392     0.4872     0.5188 7.5312e+00      23098         14  0.000e+00
     11.066   71.61902 -157.92458     11.181    -0.4635    -0.4637    -0.4638    31.8174    31.8294  1025.6101    25.5564    373.838    355.392  361.07485    103.535     0.1392     0.4872     0.5188 7.5098e+00      23099         14  0.000e+00
     11.128   71.61902 -157.92458     11.243    -0.4591    -0.4460    -0.4594    31.8138    31.8155  1025.6072    25.5532    373.710    355.146  361.04301    103.509     0.1380     0.4798     0.5188 7.5312e+00      23100         14  0.000e+00
     11.066   71.61902 -157.92458     11.181    -0.4517    -0.4310    -0.4519    31.8088    31.8035  1025.6027    25.5490    373.307    354.926  360.98612    103.413     0.1392     0.4872     0.5188 7.5312e+00      23101         14  0.000e+00
     11.066   71.61902 -157.92458     11.181    -0.4457    -0.4254    -0.4459    31.8059    31.7995  1025.6001    25.5464    373.179    354.796  360.93702    103.392     0.1404     0.4945     0.5188 7.5312e+00      23102         14  0.000e+00
     11.066   71.61902 -157.92458     11.181    -0.4381    -0.4287    -0.4384    31.8010    31.8030  1025.5958    25.5421    373.005    354.748  360.87856    103.360     0.1392     0.4872     0.5188 7.5312e+00      23103         14  0.000e+00
     11.066   71.61902 -157.92458     11.181    -0.4325    -0.4359    -0.4328    31.7982    31.8085  1025.5933    25.5396    372.859    354.524  360.83353    103.333     0.1392     0.4872     0.5188 7.5528e+00      23104         14  0.000e+00
     11.128   71.61902 -157.92458     11.243    -0.4242    -0.4358    -0.4245    31.7942    31.8071  1025.5901    25.5361    372.451    354.443  360.76517    103.239     0.1380     0.4798     0.5188 7.5528e+00      23105         14  0.000e+00
     11.066   71.61902 -157.92458     11.181    -0.4079    -0.4254    -0.4082    31.7819    31.7984  1025.5793    25.5256    372.436    354.274  360.64450    103.269     0.1392     0.4872     0.5188 7.5744e+00      23106         14  0.000e+00
     11.012   71.61902 -157.92458     11.126    -0.3924    -0.4091    -0.3927    31.7685    31.7856  1025.5676    25.5142    372.041    354.062  360.53454    103.191     0.1380     0.4798     0.5188 7.5744e+00      23107         14  0.000e+00
     11.066   71.61902 -157.92458     11.181    -0.3799    -0.3958    -0.3802    31.7570    31.7756  1025.5580    25.5043    371.850    353.887  360.44746    103.163     0.1392     0.4872     0.5188 7.5744e+00      23108         14  0.000e+00
     11.043   71.61902 -157.92458     11.158    -0.3686    -0.3857    -0.3689    31.7464    31.7677  1025.5490    25.4954    371.433    353.748  360.37001    103.070     0.1380     0.4798     0.5188 7.5960e+00      23109         14  0.000e+00
     11.067   71.61902 -157.92458     11.181    -0.3609    -0.3771    -0.3612    31.7392    31.7607  1025.5430    25.4893    371.266    353.662  360.31654    103.039     0.1392     0.4872     0.5200 7.5960e+00      23110         14  0.000e+00
     10.444   71.61902 -157.92458     10.552    -0.0024    -0.2429    -0.0027    31.4691    31.6638  1025.3072    25.2566    375.180    357.359  357.68432    104.891     0.1538     0.5751     0.5188 8.6119e+00      23207         15  0.000e+00
     10.498   71.61902 -157.92458     10.606    -0.0083    -0.2456    -0.0086    31.4734    31.6663  1025.3112    25.2603    375.311    357.742  357.72712    104.915     0.1551     0.5824     0.5200 8.6365e+00      23208         15  0.000e+00
     10.498   71.61902 -157.92458     10.606    -0.0099    -0.2460    -0.0103    31.4711    31.6667  1025.3094    25.2586    375.153    357.872  357.74941    104.865     0.1538     0.5751     0.5188 8.6365e+00      23209         15  0.000e+00
     10.382   71.61902 -157.92458     10.489    -0.0089    -0.2466    -0.0092    31.4648    31.6669  1025.3037    25.2534    375.404    357.987  357.75749    104.933     0.1551     0.5824     0.5200 8.6859e+00      23210         15  0.000e+00
     10.498   71.61902 -157.92458     10.606    -0.0225    -0.2495    -0.0228    31.4782    31.6697  1025.3157    25.2649    375.565    358.368  357.84779    104.951     0.1538     0.5751     0.5200 8.7106e+00      23211         15  0.000e+00
     10.498   71.61902 -157.92458     10.606    -0.0510    -0.2568    -0.0514    31.5121    31.6776  1025.3442    25.2934    375.867    358.578  358.02146    104.984     0.1551     0.5824     0.5188 8.7106e+00      23212         15  0.000e+00
     10.382   71.61902 -157.92458     10.489    -0.0591    -0.2566    -0.0594    31.5257    31.6779  1025.3550    25.3047    376.172    358.707  358.05909    105.059     0.1551     0.5824     0.5188 8.7355e+00      23213         15  0.000e+00
     10.498   71.61902 -157.92458     10.606    -0.0498    -0.2449    -0.0501    31.5179    31.6659  1025.3489    25.2980    376.135    358.961  357.99340    105.068     0.1538     0.5751     0.5188 8.7854e+00      23214         15  0.000e+00
     10.328   71.61902 -157.92458     10.435    -0.0382    -0.2386    -0.0385    31.5030    31.6593  1025.3355    25.2855    376.109    359.262  357.92609    105.080     0.1551     0.5824     0.5188 8.7854e+00      23215         15  0.000e+00
     10.529   71.61902 -157.92458     10.637    -0.0309    -0.2359    -0.0312    31.4881    31.6555  1025.3241    25.2731    376.139    359.407  357.89914    105.096     0.1538     0.5751     0.5188 8.8105e+00      23216         15  0.000e+00
     10.444   71.61902 -157.92458     10.552    -0.0376    -0.2370    -0.0379    31.4869    31.6565  1025.3230    25.2724    376.218    359.523  357.96540    105.099     0.1551     0.5824     0.5188 8.8356e+00      23217         15  0.000e+00
     10.444   71.61902 -157.92458     10.552    -0.0661    -0.2460    -0.0664    31.5087    31.6658  1025.3418    25.2913    376.518    359.693  358.17222    105.122     0.1538     0.5751     0.5188 8.8356e+00      23218         15  0.000e+00
     10.444   71.61902 -157.92458     10.552    -0.1036    -0.2570    -0.1039    31.5402    31.6770  1025.3689    25.3183    376.884    359.864  358.43770    105.146     0.1538     0.5751     0.5188 8.8608e+00      23219         15  0.000e+00
     10.382   71.61902 -157.92458     10.490    -0.1367    -0.2652    -0.1370    31.5689    31.6855  1025.3931    25.3428    377.191    360.212  358.66972    105.164     0.1551     0.5824     0.5188 8.9115e+00      23220         15  0.000e+00
     10.444   71.61902 -157.92458     10.552    -0.1600    -0.2684    -0.1603    31.5888    31.6890  1025.4104    25.3598    377.403    360.317  358.83386    105.175     0.1538     0.5751     0.5188 8.9115e+00      23221         15  0.000e+00
     10.444   71.61902 -157.92458     10.552    -0.1715    -0.2702    -0.1718    31.5985    31.6900  1025.4187    25.3681    377.491    360.394  358.91574    105.175     0.1551     0.5824     0.5188 8.9115e+00      23222         15  0.000e+00
     10.382   71.61902 -157.92458     10.490    -0.1796    -0.2704    -0.1799    31.6046    31.6889  1025.4237    25.3734    377.533    360.657  358.97491    105.170     0.1538     0.5751     0.5188 8.9369e+00      23223         15  0.000e+00
     10.444   71.61902 -157.92458     10.552    -0.1910    -0.2684    -0.1913    31.6155    31.6857  1025.4333    25.3827    377.592    360.670  359.05188    105.164     0.1551     0.5824     0.5188 8.9624e+00      23224         15  0.000e+00
     10.382   71.61902 -157.92458     10.490    -0.2065    -0.2658    -0.2068    31.6312    31.6830  1025.4463    25.3960    377.668    360.679  359.15508    105.155     0.1551     0.5824     0.5188 8.9624e+00      23225         15  0.000e+00
     10.444   71.61902 -157.92458     10.552    -0.2189    -0.2640    -0.2192    31.6435    31.6808  1025.4569    25.4063    377.709    360.903  359.23770    105.142     0.1563     0.5897     0.5200 8.9624e+00      23226         15  0.000e+00
     10.382   71.61902 -157.92458     10.490    -0.2225    -0.2635    -0.2228    31.6468    31.6799  1025.4595    25.4091    377.655    360.893  359.26314    105.119     0.1563     0.5897     0.5188 8.9880e+00      23227         15  0.000e+00
     10.444   71.61902 -157.92458     10.552    -0.2216    -0.2638    -0.2219    31.6448    31.6801  1025.4581    25.4075    377.557    360.903  359.26012    105.093     0.1563     0.5897     0.5188 8.9624e+00      23228         15  0.000e+00
     10.382   71.61902 -157.92458     10.490    -0.2215    -0.2626    -0.2218    31.6442    31.6796  1025.4573    25.4070    377.444    360.874  359.26031    105.061     0.1563     0.5897     0.5188 8.9624e+00      23229         15  0.000e+00
     10.413   71.61902 -157.92458     10.521    -0.2261    -0.2611    -0.2264    31.6474    31.6798  1025.4603    25.4098    377.167    360.824  359.29498    104.974     0.1551     0.5824     0.5188 8.9624e+00      23230         15  0.000e+00
     10.382   71.61902 -157.92458     10.490    -0.2299    -0.2573    -0.2302    31.6510    31.6775  1025.4631    25.4128    377.023    360.763  359.32135    104.927     0.1563     0.5897     0.5188 8.9624e+00      23231         15  0.000e+00
     10.382   71.61902 -157.92458     10.490    -0.2295    -0.2534    -0.2298    31.6511    31.6732  1025.4633    25.4129    377.122    360.721  359.31664    104.955     0.1551     0.5824     0.5200 8.9624e+00      23232         15  0.000e+00
     10.382   71.61902 -157.92458     10.490    -0.2238    -0.2493    -0.2241    31.6466    31.6689  1025.4594    25.4091    376.961    360.659  359.27523    104.923     0.1563     0.5897     0.5200 8.9369e+00      23233         15  0.000e+00
     10.444   71.61902 -157.92458     10.552    -0.2137    -0.2461    -0.2140    31.6362    31.6651  1025.4509    25.4002    376.759    360.593  359.20956    104.885     0.1563     0.5897     0.5200 8.9369e+00      23234         15  0.000e+00
     10.382   71.61902 -157.92458     10.490    -0.2056    -0.2406    -0.2059    31.6270    31.6597  1025.4428    25.3925    376.558    360.482  359.15837    104.844     0.1551     0.5824     0.5188 8.9115e+00      23235         15  0.000e+00
     10.382   71.61902 -157.92458     10.490    -0.2045    -0.2354    -0.2048    31.6244    31.6558  1025.4407    25.3904    376.165    360.356  359.15555    104.736     0.1563     0.5897     0.5200 8.9369e+00      23236         15  0.000e+00
     10.382   71.61902 -157.92458     10.490    -0.2053    -0.2342    -0.2056    31.6231    31.6559  1025.4396    25.3893    376.229    360.466  359.16630    104.751     0.1551     0.5824     0.5188 8.9115e+00      23237         15  0.000e+00
     10.382   71.61902 -157.92458     10.490    -0.2054    -0.2388    -0.2057    31.6225    31.6618  1025.4392    25.3888    376.117    360.197  359.16950    104.719     0.1563     0.5897     0.5200 8.9115e+00      23238         15  0.000e+00
     10.382   71.61902 -157.92458     10.490    -0.2044    -0.2436    -0.2047    31.6207    31.6687  1025.4377    25.3873    376.032    360.131  359.16446    104.696     0.1551     0.5824     0.5200 8.8608e+00      23239         15  0.000e+00
     10.382   71.61902 -157.92458     10.490    -0.2036    -0.2456    -0.2039    31.6203    31.6732  1025.4373    25.3870    375.646    360.025  359.15813    104.591     0.1563     0.5897     0.5200 8.8608e+00      23240         15  0.000e+00
     10.382   71.61902 -157.92458     10.490    -0.2027    -0.2428    -0.2030    31.6199    31.6720  1025.4370    25.3867    375.499    359.865  359.15047    104.552     0.1563     0.5897     0.5200 8.8608e+00      23241         15  0.000e+00
     10.382   71.61902 -157.92458     10.490    -0.2038    -0.2188    -0.2040    31.6212    31.6478  1025.4381    25.3878    375.364    359.519  359.15702    104.513     0.1551     0.5824     0.5200 8.8356e+00      23242         15  0.000e+00
     10.382   71.61902 -157.92458     10.490    -0.2009    -0.1998    -0.2012    31.6189    31.6286  1025.4361    25.3858    375.190    359.230  359.13681    104.470     0.1563     0.5897     0.5200 8.8105e+00      23243         15  0.000e+00
     10.413   71.61902 -157.92458     10.521    -0.1985    -0.1937    -0.1988    31.6163    31.6227  1025.4341    25.3836    375.063    359.033  359.12110    104.439     0.1551     0.5824     0.5200 8.8105e+00      23244         15  0.000e+00
