EcoFOCI/data/1_SampleCollection/2023_SikuliaqDBO_CruiseData/CTD_raw_BottleFile_SKQ23-12S/proc/skq202312s_049.cnv
* Sea-Bird SBE 9 Data File:
* FileName = D:\CTD\SKQ202312S\SKQ202312S_049.hex
* Software Version Seasave V 7.26.7.121
* Temperature SN = 6177
* Conductivity SN = 0369
* Number of Bytes Per Scan = 41
* Number of Voltage Words = 4
* Number of Scans Averaged by the Deck Unit = 1
* NMEA Latitude = 71 51.00 N
* NMEA Longitude = 162 09.40 W
* NMEA UTC (Time) = Sep 25 2023  06:43:07
* NMEA baud rate = 4800
** Ship: R/V Sikuliaq
** Station Number: 049
** Station Name: DBO4.6n
** Bottom Depth: 41
** Operator: SS
# nquan = 24
# nvalues = 3871                                  
# units = specified
# name 0 = depSM: Depth [salt water, m]
# name 1 = latitude: Latitude [deg]
# name 2 = longitude: Longitude [deg]
# name 3 = prDM: Pressure, Digiquartz [db]
# name 4 = t090C: Temperature [ITS-90, deg C]
# name 5 = t190C: Temperature, 2 [ITS-90, deg C]
# name 6 = potemp090C: Potential Temperature [ITS-90, deg C]
# name 7 = sal00: Salinity, Practical [PSU]
# name 8 = sal11: Salinity, Practical, 2 [PSU]
# name 9 = density00: Density [density, kg/m^3]
# name 10 = sigma-é00: Density [sigma-theta, kg/m^3]
# name 11 = sbox0Mm/Kg: Oxygen, SBE 43 [umol/kg]
# name 12 = sbox1Mm/Kg: Oxygen, SBE 43, 2 [umol/kg]
# name 13 = oxsolMm/Kg: Oxygen Saturation, Garcia & Gordon [umol/kg]
# name 14 = sbeox0PS: Oxygen, SBE 43 [% saturation]
# name 15 = sbeox1PS: Oxygen, SBE 43, 2 [% saturation]
# name 16 = v0: Voltage 0
# name 17 = flECO-AFL: Fluorescence, WET Labs ECO-AFL/FL [mg/m^3]
# name 18 = v1: Voltage 1
# name 19 = CStarAt0: Beam Attenuation, WET Labs C-Star [1/m]
# name 20 = par: PAR/Irradiance, Biospherical/Licor
# name 21 = scan: Scan Count
# name 22 = timeM: Time, Elapsed [minutes]
# name 23 = flag:  0.000e+00
# span 0 =      2.537,     36.027                 
# span 1 =   71.85006,   71.85008                 
# span 2 = -162.15676, -162.15674                 
# span 3 =      2.563,     36.403                 
# span 4 =    -0.7787,     1.8087                 
# span 5 =    -0.8244,     1.8099                 
# span 6 =    -0.7791,     1.8083                 
# span 7 =    28.1422,    32.6489                 
# span 8 =    28.1511,    32.6591                 
# span 9 =  1022.5106,  1026.4097                 
# span 10 =    22.4977,    26.2360                
# span 11 =    283.339,    428.467                
# span 12 =    265.555,    399.170                
# span 13 =  348.11645,  364.11476                
# span 14 =     78.590,    119.405                
# span 15 =     73.663,    111.184                
# span 16 =     0.1038,     0.4249                
# span 17 =     0.2747,     2.2015                
# span 18 =     2.6691,     4.1453                
# span 19 =     0.5129,     2.2745                
# span 20 = 1.0000e-12, 5.3311e-01                
# span 21 =          1,       3871                
# span 22 =     0.0000,     2.6875                
# span 23 = 0.0000e+00, 0.0000e+00                
# interval = seconds: 0.0416667
# start_time = Sep 25 2023 06:46:31 [NMEA time, first data scan]
# bad_flag = -9.990e-29
*END*
[from data line 1570]
     11.388   71.85008 -162.15676     11.506     1.6159     1.6190     1.6155    28.7454    28.7442  1023.0417    22.9869    345.060    323.954  350.28448     98.508     92.490     0.1770     0.7143     4.0488     0.6071 1.5251e-02       1571     1.0903  0.000e+00
     11.480   71.85008 -162.15676     11.599     1.6100     1.6099     1.6095    28.7493    28.7534  1023.0456    22.9903    345.135    323.991  350.32773     98.518     92.485     0.1758     0.7069     4.0488     0.6071 1.5251e-02       1572     1.0910  0.000e+00
     11.449   71.85008 -162.15676     11.568     1.6078     1.6028     1.6074    28.7493    28.7603  1023.0455    22.9904    345.128    324.003  350.34688     98.510     92.477     0.1770     0.7143     4.0488     0.6071 1.4126e-02       1573     1.0917  0.000e+00
     11.449   71.85008 -162.15676     11.568     1.6108     1.6001     1.6103    28.7461    28.7648  1023.0429    22.9877    345.115    323.976  350.32875     98.512     92.466     0.1758     0.7069     4.0488     0.6071 1.3754e-02       1574     1.0924  0.000e+00
     11.449   71.85008 -162.15676     11.568     1.6134     1.6169     1.6129    28.7445    28.7512  1023.0414    22.9863    345.096    323.803  350.31002     98.512     92.446     0.1758     0.7069     4.0562     0.5999 1.3382e-02       1575     1.0931  0.000e+00
     11.449   71.85008 -162.15676     11.568     1.6122     1.6389     1.6118    28.7483    28.7312  1023.0445    22.9894    345.096    323.618  350.31006     98.512     92.431     0.1758     0.7069     4.0586     0.5975 9.3628e-03       1576     1.0938  0.000e+00
     11.449   71.85008 -162.15676     11.568     1.6073     1.6506     1.6069    28.7559    28.7201  1023.0509    22.9958    345.589    323.504  350.33333     98.646     92.419     0.1893     0.7875     4.0586     0.5975 7.2223e-03       1577     1.0944  0.000e+00
     11.503   71.85008 -162.15676     11.623     1.6028     1.6466     1.6024    28.7627    28.7221  1023.0569    23.0014    345.449    323.506  350.35541     98.600     92.411     0.2393     1.0879     4.0586     0.5975 7.2223e-03       1578     1.0951  0.000e+00
     11.449   71.85008 -162.15676     11.568     1.5991     1.6356     1.5986    28.7683    28.7314  1023.0613    23.0062    345.253    323.546  350.37416     98.538     92.403     0.2564     1.1905     4.0586     0.5975 1.2642e-02       1579     1.0958  0.000e+00
     11.449   71.85008 -162.15676     11.568     1.5961     1.6253     1.5957    28.7731    28.7428  1023.0653    23.0101    345.521    323.573  350.38794     98.611     92.395     0.2576     1.1978     4.0586     0.5975 1.6005e-02       1580     1.0965  0.000e+00
     11.503   71.85008 -162.15676     11.622     1.5917     1.6155     1.5912    28.7819    28.7564  1023.0729    23.0175    345.319    323.797  350.40397     98.549     92.445     0.2552     1.1831     4.0586     0.5975 1.6764e-02       1581     1.0972  0.000e+00
     11.480   71.85008 -162.15676     11.599     1.5874     1.6065     1.5869    28.7909    28.7704  1023.0802    23.0249    345.536    323.610  350.41856     98.607     92.380     0.2540     1.1758     4.0586     0.5975 1.2274e-02       1582     1.0979  0.000e+00
     11.503   71.85008 -162.15676     11.622     1.5844     1.5981     1.5840    28.7937    28.7839  1023.0827    23.0273    345.557    323.600  350.43776     98.607     92.367     0.2552     1.1831     4.0586     0.5975 8.6453e-03       1583     1.0986  0.000e+00
     11.503   71.85008 -162.15676     11.622     1.5836     1.5922     1.5832    28.7944    28.7932  1023.0833    23.0279    345.318    323.598  350.44275     98.538     92.359     0.2540     1.1758     4.0586     0.5975 7.9318e-03       1584     1.0993  0.000e+00
     11.565   71.85008 -162.15676     11.685     1.5836     1.5909     1.5832    28.7980    28.7973  1023.0865    23.0308    345.492    323.565  350.43310     98.590     92.350     0.2552     1.1831     4.0586     0.5975 8.6453e-03       1585     1.1000  0.000e+00
     11.503   71.85008 -162.15676     11.622     1.5822     1.5908     1.5818    28.8051    28.8011  1023.0920    23.0366    345.463    323.723  350.42664     98.584     92.397     0.2540     1.1758     4.0586     0.5975 9.0035e-03       1586     1.1007  0.000e+00
     11.503   71.85008 -162.15676     11.622     1.5789     1.5902     1.5785    28.8128    28.8048  1023.0983    23.0429    345.489    323.701  350.43561     98.589     92.392     0.2552     1.1831     4.0586     0.5975 8.2880e-03       1587     1.1014  0.000e+00
     11.565   71.85008 -162.15676     11.685     1.5757     1.5877     1.5753    28.8185    28.8099  1023.1034    23.0477    345.518    323.690  350.44861     98.593     92.387     0.2540     1.1758     4.0586     0.5975 2.3659e-03       1588     1.1021  0.000e+00
     11.503   71.85008 -162.15676     11.622     1.5735     1.5831     1.5731    28.8226    28.8175  1023.1065    23.0511    345.765    323.475  350.45777     98.661     92.320     0.2540     1.1758     4.0586     0.5975 1.0000e-12       1589     1.1028  0.000e+00
     11.565   71.85008 -162.15676     11.685     1.5730     1.5775     1.5726    28.8247    28.8268  1023.1085    23.0528    345.804    323.660  350.45671     98.673     92.366     0.2552     1.1831     4.0586     0.5975 1.0000e-12       1590     1.1035  0.000e+00
     11.503   71.85008 -162.15676     11.622     1.5744     1.5726     1.5740    28.8259    28.8353  1023.1091    23.0537    345.814    323.465  350.44061     98.680     92.305     0.2540     1.1758     4.0586     0.5975 1.6876e-03       1591     1.1042  0.000e+00
     11.534   71.85008 -162.15676     11.654     1.5746     1.5712     1.5742    28.8290    28.8404  1023.1117    23.0561    345.828    323.430  350.43030     98.687     92.295     0.2552     1.1831     4.0586     0.5975 3.7340e-03       1592     1.1049  0.000e+00
     11.565   71.85008 -162.15676     11.685     1.5739     1.5698     1.5735    28.8323    28.8453  1023.1145    23.0588    346.162    323.604  350.42772     98.783     92.345     0.2540     1.1758     4.0574     0.5987 3.7340e-03       1593     1.1056  0.000e+00
     11.565   71.85008 -162.15676     11.685     1.5726     1.5685     1.5721    28.8361    28.8488  1023.1177    23.0620    346.218    323.591  350.42979     98.798     92.340     0.2552     1.1831     4.0549     0.6011 4.4238e-03       1594     1.1063  0.000e+00
     11.565   71.85008 -162.15676     11.685     1.5710     1.5653     1.5705    28.8390    28.8535  1023.1200    23.0643    346.269    323.590  350.43640     98.811     92.336     0.2552     1.1831     3.9939     0.6618 5.1175e-03       1595     1.1069  0.000e+00
     11.619   71.85008 -162.15676     11.739     1.5702     1.5603     1.5697    28.8417    28.8600  1023.1225    23.0666    346.585    323.601  350.43643     98.901     92.332     0.2540     1.1758     3.9585     0.6974 5.4659e-03       1596     1.1076  0.000e+00
     11.565   71.85008 -162.15676     11.685     1.5690     1.5557     1.5685    28.8452    28.8694  1023.1251    23.0694    346.458    323.620  350.43788     98.864     92.333     0.2552     1.1831     3.9548     0.7011 4.4238e-03       1597     1.1083  0.000e+00
     11.619   71.85008 -162.15676     11.739     1.5676     1.5523     1.5671    28.8493    28.8774  1023.1288    23.0728    346.483    323.634  350.43909     98.871     92.335     0.2540     1.1758     3.9585     0.6974 3.0480e-03       1598     1.1090  0.000e+00
     11.619   71.85008 -162.15676     11.739     1.5658     1.5525     1.5654    28.8549    28.8790  1023.1334    23.0774    346.498    323.624  350.43961     98.875     92.334     0.2552     1.1831     3.9597     0.6962 2.3659e-03       1599     1.1097  0.000e+00
     11.619   71.85008 -162.15676     11.739     1.5638     1.5534     1.5634    28.8633    28.8790  1023.1402    23.0842    346.735    323.611  350.43537     98.944     92.332     0.2540     1.1758     3.9597     0.6962 2.7065e-03       1600     1.1104  0.000e+00
     11.619   71.85008 -162.15676     11.739     1.5623     1.5523     1.5618    28.8729    28.8859  1023.1480    23.0920    346.759    323.806  350.42335     98.954     92.390     0.2540     1.1758     3.9597     0.6962 3.7340e-03       1601     1.1111  0.000e+00
     11.650   71.85008 -162.15676     11.770     1.5596     1.5515     1.5591    28.8827    28.8953  1023.1561    23.1000    347.061    323.807  350.42103     99.041     92.395     0.2552     1.1831     3.9597     0.6962 4.4238e-03       1602     1.1118  0.000e+00
     11.619   71.85008 -162.15676     11.739     1.5566     1.5462     1.5562    28.8906    28.9098  1023.1625    23.1065    347.164    323.831  350.42622     99.069     92.400     0.2320     1.0439     3.9597     0.6962 4.4238e-03       1603     1.1125  0.000e+00
     11.619   71.85008 -162.15676     11.739     1.5538     1.5401     1.5534    28.8990    28.9248  1023.1694    23.1134    347.255    323.861  350.42883     99.094     92.404     0.2125     0.9267     3.9597     0.6962 5.1175e-03       1604     1.1132  0.000e+00
     11.680   71.85008 -162.15676     11.802     1.5512     1.5350     1.5508    28.9107    28.9396  1023.1792    23.1229    347.370    323.907  350.42098     99.129     92.416     0.2063     0.8901     3.9597     0.6962 5.4659e-03       1605     1.1139  0.000e+00
     11.680   71.85008 -162.15676     11.802     1.5483     1.5321     1.5478    28.9239    28.9548  1023.1899    23.1336    347.431    323.927  350.41150     99.150     92.425     0.2076     0.8974     3.9597     0.6962 5.4659e-03       1606     1.1146  0.000e+00
     11.619   71.85008 -162.15676     11.739     1.5457     1.5309     1.5453    28.9375    28.9695  1023.2007    23.1447    347.710    323.927  350.39792     99.233     92.433     0.2100     0.9121     3.9597     0.6962 4.4238e-03       1607     1.1153  0.000e+00
     11.734   71.85008 -162.15676     11.856     1.5434     1.5298     1.5430    28.9579    28.9847  1023.2177    23.1612    347.770    323.930  350.36375     99.260     92.442     0.2088     0.9047     3.9597     0.6962 3.7340e-03       1608     1.1160  0.000e+00
     11.680   71.85008 -162.15676     11.802     1.5396     1.5260     1.5392    28.9824    29.0047  1023.2373    23.1810    348.049    323.911  350.33166     99.348     92.442     0.2100     0.9121     3.9597     0.6962 2.3659e-03       1609     1.1167  0.000e+00
     11.734   71.85008 -162.15676     11.856     1.5356     1.5190     1.5351    29.0048    29.0315  1023.2557    23.1992    347.899    324.116  350.30791     99.312     92.503     0.2088     0.9047     3.9597     0.6962 3.4241e-04       1610     1.1174  0.000e+00
     11.734   71.85008 -162.15676     11.856     1.5309     1.5146     1.5305    29.0237    29.0551  1023.2711    23.2146    348.221    324.141  350.29881     99.407     92.516     0.2088     0.9047     3.9597     0.6962 1.0000e-12       1611     1.1181  0.000e+00
     11.704   71.85008 -162.15676     11.825     1.5263     1.5130     1.5258    29.0416    29.0698  1023.2856    23.2292    348.297    324.368  350.29246     99.430     92.588     0.2076     0.8974     3.9597     0.6962 1.0000e-12       1612     1.1187  0.000e+00
     11.734   71.85008 -162.15676     11.856     1.5219     1.5128     1.5214    29.0585    29.0810  1023.2995    23.2430    348.362    324.403  350.28627     99.451     92.605     0.2088     0.9047     3.9597     0.6962 1.0000e-12       1613     1.1194  0.000e+00
     11.734   71.85008 -162.15676     11.856     1.5172     1.5108     1.5168    29.0747    29.0961  1023.3128    23.2563    348.652    324.440  350.28452     99.534     92.622     0.2100     0.9121     3.9585     0.6974 1.0000e-12       1614     1.1201  0.000e+00
     11.788   71.85008 -162.15676     11.911     1.5122     1.5081     1.5118    29.0922    29.1102  1023.3273    23.2705    348.734    324.668  350.28234     99.558     92.691     0.2088     0.9047     3.9524     0.7036 2.0263e-03       1615     1.1208  0.000e+00
     11.734   71.85008 -162.15676     11.856     1.5074     1.5065     1.5070    29.1081    29.1194  1023.3401    23.2836    348.799    324.729  350.28279     99.576     92.711     0.2100     0.9121     3.9463     0.7098 6.8690e-03       1616     1.1215  0.000e+00
     11.734   71.85008 -162.15676     11.856     1.5033     1.5040     1.5029    29.1325    29.1315  1023.3599    23.3034    349.056    324.788  350.25347     99.658     92.730     0.2088     0.9047     3.9451     0.7110 8.2880e-03       1617     1.1222  0.000e+00
     11.788   71.85008 -162.15676     11.911     1.4996     1.4992     1.4992    29.1538    29.1535  1023.3774    23.3206    349.109    324.842  350.22969     99.680     92.750     0.2088     0.9047     3.9451     0.7110 7.5765e-03       1618     1.1229  0.000e+00
     11.788   71.85008 -162.15676     11.910     1.4965     1.4934     1.4960    29.1760    29.1872  1023.3954    23.3387    349.368    325.078  350.19781     99.763     92.828     0.2100     0.9121     3.9451     0.7110 4.4238e-03       1619     1.1236  0.000e+00
     11.850   71.85008 -162.15676     11.973     1.4935     1.4871     1.4931    29.2046    29.2224  1023.4188    23.3617    349.440    325.128  350.14758     99.798     92.852     0.2088     0.9047     3.9451     0.7110 3.3905e-03       1620     1.1243  0.000e+00
     11.819   71.85008 -162.15676     11.942     1.4909     1.4827     1.4904    29.2276    29.2506  1023.4372    23.3803    349.503    325.165  350.10917     99.827     92.872     0.2088     0.9047     3.9451     0.7110 1.3499e-03       1621     1.1250  0.000e+00
     11.850   71.85008 -162.15676     11.973     1.4879     1.4786     1.4875    29.2463    29.2786  1023.4525    23.3955    349.566    325.408  350.08539     99.852     92.952     0.2088     0.9047     3.9451     0.7110 8.4714e-06       1622     1.1257  0.000e+00
     11.850   71.85008 -162.15676     11.973     1.4850     1.4749     1.4845    29.2648    29.3038  1023.4675    23.4104    349.848    325.250  350.06239     99.939     92.916     0.2088     0.9047     3.9451     0.7110 1.0000e-12       1623     1.1264  0.000e+00
     11.850   71.85008 -162.15676     11.973     1.4821     1.4726     1.4816    29.2854    29.3210  1023.4842    23.4271    349.910    325.487  350.03305     99.965     92.990     0.2076     0.8974     3.9463     0.7098 1.0000e-12       1624     1.1271  0.000e+00
     11.904   71.85008 -162.15676     12.027     1.4788     1.4712     1.4783    29.3067    29.3336  1023.5017    23.4444    350.193    325.537  350.00519    100.054     93.010     0.2088     0.9047     3.9463     0.7098 1.0000e-12       1625     1.1278  0.000e+00
     11.850   71.85008 -162.15676     11.973     1.4758     1.4695     1.4754    29.3229    29.3483  1023.5146    23.4575    350.349    325.572  349.98812    100.103     93.027     0.2100     0.9121     3.9451     0.7110 1.0000e-12       1626     1.1285  0.000e+00
     11.850   71.85008 -162.15676     11.973     1.4729     1.4664     1.4724    29.3407    29.3675  1023.5290    23.4720    350.446    325.604  349.96682    100.137     93.042     0.2088     0.9047     3.9451     0.7110 8.4714e-06       1627     1.1292  0.000e+00
     11.904   71.85008 -162.15676     12.027     1.4698     1.4628     1.4693    29.3581    29.3832  1023.5435    23.4861    350.722    325.644  349.94744    100.221     93.057     0.2100     0.9121     3.9451     0.7110 8.4714e-06       1628     1.1299  0.000e+00
     11.904   71.85008 -162.15676     12.027     1.4665     1.4600     1.4661    29.3733    29.4006  1023.5558    23.4984    350.828    325.873  349.93574    100.255     93.128     0.2149     0.9414     3.9451     0.7110 3.4241e-04       1629     1.1306  0.000e+00
     11.935   71.85008 -162.15676     12.058     1.4637     1.4568     1.4632    29.3932    29.4328  1023.5720    23.5146    350.858    325.905  349.90774    100.272     93.152     0.2173     0.9560     3.9451     0.7110 6.7730e-04       1630     1.1313  0.000e+00
