EcoFOCI/data/1_SampleCollection/2023_SikuliaqDBO_CruiseData/CTD_raw_BottleFile_SKQ23-12S/proc/skq202312s_080.cnv
* Sea-Bird SBE 9 Data File:
* FileName = D:\CTD\SKQ202312S\SKQ202312S_080.hex
* Software Version Seasave V 7.26.7.121
* Temperature SN = 6177
* Conductivity SN = 0369
* Number of Bytes Per Scan = 41
* Number of Voltage Words = 4
* Number of Scans Averaged by the Deck Unit = 1
* NMEA Latitude = 65 42.89 N
* NMEA Longitude = 168 33.35 W
* NMEA UTC (Time) = Oct 03 2023  08:21:36
* NMEA baud rate = 4800
** Ship: R/V Sikuliaq
** Station Number: 080
** Station Name: BS5
** Bottom Depth: 52
** Operator: SD
# nquan = 24
# nvalues = 3507                                  
# units = specified
# name 0 = depSM: Depth [salt water, m]
# name 1 = latitude: Latitude [deg]
# name 2 = longitude: Longitude [deg]
# name 3 = prDM: Pressure, Digiquartz [db]
# name 4 = t090C: Temperature [ITS-90, deg C]
# name 5 = t190C: Temperature, 2 [ITS-90, deg C]
# name 6 = potemp090C: Potential Temperature [ITS-90, deg C]
# name 7 = sal00: Salinity, Practical [PSU]
# name 8 = sal11: Salinity, Practical, 2 [PSU]
# name 9 = density00: Density [density, kg/m^3]
# name 10 = sigma-é00: Density [sigma-theta, kg/m^3]
# name 11 = sbox0Mm/Kg: Oxygen, SBE 43 [umol/kg]
# name 12 = sbox1Mm/Kg: Oxygen, SBE 43, 2 [umol/kg]
# name 13 = oxsolMm/Kg: Oxygen Saturation, Garcia & Gordon [umol/kg]
# name 14 = sbeox0PS: Oxygen, SBE 43 [% saturation]
# name 15 = sbeox1PS: Oxygen, SBE 43, 2 [% saturation]
# name 16 = v0: Voltage 0
# name 17 = flECO-AFL: Fluorescence, WET Labs ECO-AFL/FL [mg/m^3]
# name 18 = v1: Voltage 1
# name 19 = CStarAt0: Beam Attenuation, WET Labs C-Star [1/m]
# name 20 = par: PAR/Irradiance, Biospherical/Licor
# name 21 = scan: Scan Count
# name 22 = timeM: Time, Elapsed [minutes]
# name 23 = flag:  0.000e+00
# span 0 =      2.282,     47.360                 
# span 1 =   65.71490,   65.71494                 
# span 2 = -168.55594, -168.55572                 
# span 3 =      2.305,     47.837                 
# span 4 =     2.8346,     6.5651                 
# span 5 =     2.8355,     6.5600                 
# span 6 =     2.8320,     6.5641                 
# span 7 =    26.2910,    32.7164                 
# span 8 =    26.3098,    32.7282                 
# span 9 =  1020.6964,  1026.3013                 
# span 10 =    20.6581,    26.0767                
# span 11 =    251.066,    292.212                
# span 12 =    245.051,    281.832                
# span 13 =  304.27959,  329.55503                
# span 14 =     76.190,     91.945                
# span 15 =     74.370,     88.557                
# span 16 =     0.1136,     0.5690                
# span 17 =     0.3333,     3.0659                
# span 18 =     3.6410,     4.0366                
# span 19 =     0.6192,     1.0319                
# span 20 = 1.0000e-12, 5.6501e-01                
# span 21 =          1,       3507                
# span 22 =     0.0000,     2.4347                
# span 23 = 0.0000e+00, 0.0000e+00                
# interval = seconds: 0.0416667
# start_time = Oct 03 2023 08:24:18 [NMEA time, first data scan]
# bad_flag = -9.990e-29
*END*
[from data line 1812]
     28.866   65.71494 -168.55578     29.155     3.3404     3.3018     3.3387    32.5035    32.5723  1025.9994    25.8628    288.630    280.107  325.97760     88.543     85.891     0.1184     0.3626     3.9915     0.6642 1.0000e-12       1813     1.2583  0.000e+00
     28.966   65.71494 -168.55578     29.257     3.3169     3.2788     3.3151    32.5152    32.5801  1026.0113    25.8742    288.763    280.252  326.13759     88.540     85.893     0.1184     0.3626     3.9915     0.6642 1.0000e-12       1814     1.2590  0.000e+00
     28.982   65.71494 -168.55578     29.272     3.2964     3.2585     3.2947    32.5249    32.5867  1026.0210    25.8838    288.661    280.380  326.27749     88.471     85.893     0.1172     0.3553     3.9915     0.6642 1.0000e-12       1815     1.2597  0.000e+00
     28.966   65.71494 -168.55578     29.257     3.2776     3.2402     3.2759    32.5329    32.5931  1026.0290    25.8918    288.947    280.494  326.40814     88.523     85.894     0.1184     0.3626     3.9915     0.6642 1.0000e-12       1816     1.2604  0.000e+00
     29.036   65.71494 -168.55578     29.327     3.2599     3.2245     3.2582    32.5404    32.5982  1026.0369    25.8995    288.907    280.596  326.53143     88.478     85.895     0.1184     0.3626     3.9915     0.6642 8.4714e-06       1817     1.2611  0.000e+00
     29.020   65.71494 -168.55578     29.311     3.2431     3.2092     3.2414    32.5489    32.6034  1026.0451    25.9077    288.973    280.502  326.64583     88.467     85.837     0.1197     0.3699     3.9902     0.6654 1.0000e-12       1818     1.2618  0.000e+00
     29.036   65.71494 -168.55578     29.327     3.2281     3.1964     3.2263    32.5562    32.6060  1026.0524    25.9149    289.031    280.570  326.74851     88.457     85.833     0.1184     0.3626     3.9670     0.6888 8.4714e-06       1819     1.2625  0.000e+00
     29.082   65.71494 -168.55578     29.373     3.2166     3.1851     3.2149    32.5600    32.6095  1026.0566    25.9189    288.858    280.629  326.83100     88.381     85.829     0.1197     0.3699     3.9536     0.7023 1.0000e-12       1820     1.2632  0.000e+00
     29.097   65.71494 -168.55578     29.389     3.2053     3.1753     3.2036    32.5646    32.6130  1026.0613    25.9235    288.868    280.679  326.91101     88.363     85.826     0.1197     0.3699     3.9524     0.7036 1.0000e-12       1821     1.2639  0.000e+00
     29.082   65.71494 -168.55578     29.373     3.1950     3.1663     3.1933    32.5674    32.6157  1026.0645    25.9267    288.878    280.534  326.98629     88.345     85.765     0.1184     0.3626     3.9524     0.7036 1.0000e-12       1822     1.2646  0.000e+00
     29.151   65.71494 -168.55578     29.443     3.1857     3.1594     3.1840    32.5725    32.6174  1026.0696    25.9316    288.884    280.553  327.04855     88.330     85.757     0.1209     0.3773     3.9536     0.7023 1.0000e-12       1823     1.2653  0.000e+00
     29.136   65.71494 -168.55578     29.428     3.1781     3.1532     3.1763    32.5758    32.6186  1026.0729    25.9349    288.667    280.571  327.10222     88.250     85.750     0.1184     0.3626     3.9536     0.7023 1.0000e-12       1824     1.2660  0.000e+00
     29.213   65.71494 -168.55578     29.506     3.1721     3.1479     3.1704    32.5774    32.6190  1026.0750    25.9367    288.561    280.590  327.14645     88.205     85.745     0.1197     0.3699     3.9536     0.7023 1.0000e-12       1825     1.2667  0.000e+00
     29.197   65.71494 -168.55578     29.490     3.1651     3.1411     3.1634    32.5799    32.6208  1026.0776    25.9393    288.532    280.619  327.19611     88.183     85.741     0.1184     0.3626     3.9536     0.7023 1.0000e-12       1826     1.2674  0.000e+00
     29.213   65.71494 -168.55578     29.506     3.1584     3.1344     3.1567    32.5812    32.6222  1026.0793    25.9409    288.514    280.461  327.24703     88.164     85.679     0.1197     0.3699     3.9536     0.7023 1.0000e-12       1827     1.2681  0.000e+00
     29.213   65.71494 -168.55578     29.506     3.1515     3.1290     3.1498    32.5837    32.6231  1026.0819    25.9435    288.284    280.447  327.29684     88.080     85.664     0.1184     0.3626     3.9536     0.7023 8.4714e-06       1828     1.2688  0.000e+00
     29.251   65.71494 -168.55578     29.545     3.1448     3.1248     3.1431    32.5871    32.6237  1026.0854    25.9468    288.026    280.453  327.34186     87.989     85.657     0.1184     0.3626     3.9536     0.7023 1.0000e-12       1829     1.2694  0.000e+00
     29.267   65.71494 -168.55578     29.560     3.1401     3.1207     3.1384    32.5885    32.6253  1026.0870    25.9483    287.947    280.267  327.37626     87.956     85.593     0.1197     0.3699     3.9536     0.7023 8.4714e-06       1830     1.2701  0.000e+00
     29.305   65.71494 -168.55578     29.599     3.1354     3.1170     3.1337    32.5891    32.6255  1026.0881    25.9493    287.881    280.261  327.41261     87.926     85.583     0.1184     0.3626     3.9536     0.7023 1.0000e-12       1831     1.2708  0.000e+00
     29.321   65.71494 -168.55578     29.615     3.1301     3.1139     3.1284    32.5905    32.6254  1026.0898    25.9508    287.611    280.061  327.45219     87.833     85.516     0.1197     0.3699     3.9536     0.7023 1.0000e-12       1832     1.2715  0.000e+00
     29.305   65.71494 -168.55578     29.599     3.1243     3.1104     3.1226    32.5932    32.6264  1026.0923    25.9535    287.534    280.040  327.49252     87.799     85.503     0.1184     0.3626     3.9536     0.7023 1.0000e-12       1833     1.2722  0.000e+00
     29.321   65.71494 -168.55578     29.615     3.1193     3.1066     3.1176    32.5941    32.6271  1026.0936    25.9546    287.467    280.031  327.53084     87.768     85.492     0.1197     0.3699     3.9536     0.7023 1.0000e-12       1834     1.2729  0.000e+00
     29.367   65.71494 -168.55578     29.661     3.1150     3.1029     3.1133    32.5951    32.6278  1026.0950    25.9558    287.190    279.836  327.56236     87.675     85.425     0.1184     0.3626     3.9536     0.7023 1.0000e-12       1835     1.2736  0.000e+00
     29.382   65.71494 -168.55578     29.677     3.1111     3.0998     3.1094    32.5966    32.6279  1026.0966    25.9573    287.103    279.622  327.59066     87.641     85.354     0.1197     0.3699     3.9536     0.7023 1.0000e-12       1836     1.2743  0.000e+00
     29.421   65.71494 -168.55578     29.716     3.1072     3.0965     3.1055    32.5974    32.6284  1026.0977    25.9583    286.815    279.590  327.62020     87.545     85.337     0.1184     0.3626     3.9536     0.7023 1.0000e-12       1837     1.2750  0.000e+00
     29.436   65.71494 -168.55578     29.731     3.1037     3.0937     3.1019    32.5971    32.6283  1026.0979    25.9584    286.504    279.347  327.64933     87.442     85.257     0.1184     0.3626     3.9536     0.7023 1.0000e-12       1838     1.2757  0.000e+00
     29.421   65.71494 -168.55578     29.716     3.0992     3.0911     3.0975    32.5968    32.6280  1026.0979    25.9585    286.362    279.283  327.68647     87.389     85.232     0.1197     0.3699     3.9377     0.7184 1.0000e-12       1839     1.2764  0.000e+00
     29.498   65.71494 -168.55578     29.794     3.0953     3.0881     3.0936    32.5979    32.6285  1026.0995    25.9598    286.013    279.038  327.71518     87.275     85.151     0.1184     0.3626     3.9231     0.7334 1.0000e-12       1840     1.2771  0.000e+00
     29.483   65.71494 -168.55578     29.778     3.0918     3.0856     3.0901    32.6005    32.6290  1026.1018    25.9621    285.852    278.775  327.73690     87.220     85.066     0.1209     0.3773     3.9219     0.7346 1.0000e-12       1841     1.2778  0.000e+00
     29.498   65.71494 -168.55578     29.794     3.0890     3.0825     3.0872    32.6017    32.6311  1026.1031    25.9633    285.489    278.696  327.75679     87.104     85.037     0.1233     0.3919     3.9219     0.7346 1.0000e-12       1842     1.2785  0.000e+00
     29.483   65.71494 -168.55578     29.778     3.0863     3.0791     3.0846    32.6026    32.6319  1026.1040    25.9643    285.107    278.438  327.77614     86.982     84.952     0.1245     0.3993     3.9231     0.7334 1.0000e-12       1843     1.2792  0.000e+00
     29.552   65.71494 -168.55578     29.848     3.0839     3.0771     3.0822    32.6041    32.6321  1026.1057    25.9657    284.925    278.141  327.79143     86.923     84.857     0.1233     0.3919     3.9231     0.7334 1.0000e-12       1844     1.2799  0.000e+00
     29.598   65.71494 -168.55578     29.895     3.0819     3.0763     3.0802    32.6044    32.6310  1026.1064    25.9662    284.544    278.019  327.80690     86.802     84.817     0.1245     0.3993     3.9219     0.7346 1.0000e-12       1845     1.2806  0.000e+00
     29.552   65.71494 -168.55578     29.848     3.0802     3.0748     3.0785    32.6059    32.6311  1026.1075    25.9675    284.140    277.715  327.81707     86.676     84.721     0.1233     0.3919     3.9231     0.7334 1.0000e-12       1846     1.2813  0.000e+00
     29.598   65.71494 -168.55578     29.895     3.0789     3.0735     3.0772    32.6062    32.6313  1026.1081    25.9678    283.979    277.404  327.82677     86.625     84.624     0.1245     0.3993     3.9231     0.7334 8.4714e-06       1847     1.2819  0.000e+00
     29.614   65.71494 -168.55578     29.911     3.0776     3.0726     3.0759    32.6058    32.6307  1026.1080    25.9677    283.805    277.081  327.83843     86.569     84.523     0.1245     0.3993     3.9231     0.7334 1.0000e-12       1848     1.2826  0.000e+00
     29.598   65.71494 -168.55578     29.895     3.0759     3.0711     3.0742    32.6052    32.6308  1026.1075    25.9673    283.439    276.752  327.85344     86.453     84.420     0.1233     0.3919     3.9231     0.7334 1.0000e-12       1849     1.2833  0.000e+00
     29.668   65.71494 -168.55578     29.965     3.0735     3.0682     3.0717    32.6048    32.6316  1026.1078    25.9672    283.105    276.430  327.87423     86.346     84.316     0.1245     0.3993     3.9231     0.7334 1.0000e-12       1850     1.2840  0.000e+00
     29.706   65.71494 -168.55578     30.004     3.0709     3.0651     3.0692    32.6056    32.6321  1026.1088    25.9680    282.723    276.102  327.89278     86.224     84.210     0.1233     0.3919     3.9231     0.7334 1.0000e-12       1851     1.2847  0.000e+00
     29.668   65.71494 -168.55578     29.965     3.0686     3.0618     3.0669    32.6074    32.6328  1026.1103    25.9697    282.543    275.768  327.90724     86.166     84.102     0.1245     0.3993     3.9231     0.7334 1.0000e-12       1852     1.2854  0.000e+00
     29.706   65.71494 -168.55578     30.004     3.0664     3.0594     3.0647    32.6087    32.6338  1026.1117    25.9709    282.175    275.620  327.92171     86.050     84.052     0.1233     0.3919     3.9231     0.7334 8.4714e-06       1853     1.2861  0.000e+00
     29.722   65.71494 -168.55578     30.020     3.0646     3.0576     3.0629    32.6093    32.6335  1026.1124    25.9715    281.833    275.294  327.93446     85.942     83.949     0.1245     0.3993     3.9219     0.7346 1.0000e-12       1854     1.2868  0.000e+00
     29.768   65.71494 -168.55578     30.066     3.0631     3.0562     3.0614    32.6093    32.6339  1026.1127    25.9716    280.801    274.938  327.94716     85.624     83.837     0.1233     0.3919     3.9231     0.7334 1.0000e-12       1855     1.2875  0.000e+00
     29.722   65.71494 -168.55578     30.020     3.0612     3.0549     3.0594    32.6095    32.6346  1026.1129    25.9720    281.181    274.574  327.96203     85.736     83.724     0.1233     0.3919     3.9231     0.7334 8.4714e-06       1856     1.2882  0.000e+00
     29.783   65.71494 -168.55578     30.082     3.0595     3.0537     3.0578    32.6101    32.6343  1026.1138    25.9726    280.830    274.237  327.97405     85.626     83.619     0.1245     0.3993     3.9219     0.7346 1.0000e-12       1857     1.2889  0.000e+00
     29.768   65.71494 -168.55578     30.066     3.0581     3.0527     3.0563    32.6105    32.6344  1026.1142    25.9731    280.472    273.678  327.98468     85.514     83.446     0.1233     0.3919     3.9219     0.7346 1.0000e-12       1858     1.2896  0.000e+00
     29.837   65.71494 -168.55578     30.136     3.0564     3.0521     3.0547    32.6103    32.6344  1026.1144    25.9730    280.298    273.290  327.99832     85.457     83.327     0.1245     0.3993     3.9145     0.7421 1.0000e-12       1859     1.2903  0.000e+00
     29.822   65.71494 -168.55578     30.121     3.0545     3.0517     3.0527    32.6099    32.6344  1026.1142    25.9729    279.976    272.902  328.01533     85.355     83.208     0.1233     0.3919     3.9035     0.7533 1.0000e-12       1860     1.2910  0.000e+00
     29.837   65.71494 -168.55578     30.136     3.0515     3.0512     3.0498    32.6107    32.6340  1026.1152    25.9738    279.841    272.517  328.03745     85.308     83.089     0.1245     0.3993     3.9011     0.7558 8.4714e-06       1861     1.2917  0.000e+00
     29.884   65.71494 -168.55578     30.183     3.0485     3.0482     3.0468    32.6121    32.6357  1026.1168    25.9751    279.521    272.152  328.05792     85.205     82.973     0.1233     0.3919     3.9023     0.7546 1.0000e-12       1862     1.2924  0.000e+00
     29.899   65.71494 -168.55578     30.199     3.0460     3.0440     3.0442    32.6126    32.6365  1026.1175    25.9758    279.199    271.801  328.07736     85.102     82.858     0.1233     0.3919     3.9023     0.7546 1.0000e-12       1863     1.2931  0.000e+00
     29.938   65.71494 -168.55578     30.238     3.0435     3.0399     3.0418    32.6137    32.6385  1026.1187    25.9768    278.841    271.258  328.09464     84.988     82.685     0.1233     0.3919     3.9023     0.7546 1.0000e-12       1864     1.2938  0.000e+00
     29.899   65.71494 -168.55578     30.199     3.0414     3.0373     3.0397    32.6149    32.6395  1026.1197    25.9780    278.733    270.883  328.10842     84.951     82.566     0.1245     0.3993     3.9023     0.7546 1.0000e-12       1865     1.2944  0.000e+00
     29.999   65.71494 -168.55578     30.300     3.0399     3.0360     3.0381    32.6157    32.6391  1026.1210    25.9788    278.410    270.516  328.11891     84.850     82.451     0.1245     0.3993     3.9023     0.7546 1.0000e-12       1866     1.2951  0.000e+00
     29.953   65.71494 -168.55578     30.253     3.0383     3.0350     3.0366    32.6161    32.6395  1026.1212    25.9792    278.086    270.319  328.13070     84.748     82.389     0.1319     0.4432     3.9023     0.7546 1.0000e-12       1867     1.2958  0.000e+00
     29.999   65.71494 -168.55578     30.300     3.0369     3.0340     3.0351    32.6172    32.6392  1026.1224    25.9802    277.984    269.964  328.13952     84.715     82.279     0.1368     0.4725     3.9023     0.7546 1.0000e-12       1868     1.2965  0.000e+00
     30.015   65.71494 -168.55578     30.316     3.0355     3.0329     3.0337    32.6186    32.6391  1026.1237    25.9815    277.666    269.422  328.14740     84.616     82.111     0.1368     0.4725     3.9023     0.7546 1.0000e-12       1869     1.2972  0.000e+00
     30.053   65.71494 -168.55578     30.354     3.0346     3.0318     3.0328    32.6186    32.6392  1026.1240    25.9816    277.569    269.064  328.15463     84.585     82.000     0.1368     0.4725     3.9023     0.7546 1.0000e-12       1870     1.2979  0.000e+00
     30.015   65.71494 -168.55578     30.316     3.0339     3.0313     3.0321    32.6184    32.6396  1026.1237    25.9814    277.291    268.687  328.16086     84.498     81.885     0.1368     0.4725     3.9023     0.7546 1.0000e-12       1871     1.2986  0.000e+00
