EcoFOCI/data/1_SampleCollection/2023_SikuliaqDBO_CruiseData/CTD_raw_BottleFile_SKQ23-12S/proc/skq202312s_075svp.cnv
* Sea-Bird SBE 9 Data File:
* FileName = D:\CTD\SKQ202312S\SKQ202312S_075.hex
* Software Version Seasave V 7.26.7.121
* Temperature SN = 6177
* Conductivity SN = 0369
* Number of Bytes Per Scan = 41
* Number of Voltage Words = 4
* Number of Scans Averaged by the Deck Unit = 1
* NMEA Latitude = 68 14.82 N
* NMEA Longitude = 167 07.33 W
* NMEA UTC (Time) = Oct 02 2023  05:40:29
* NMEA baud rate = 4800
** Ship: R/V Sikuliaq
** Station Number: 075
** Station Name: DBO3.3
** Bottom Depth: 43
** Operator: SD
# nquan = 7
# nvalues = 6111                                  
# units = specified
# name 0 = depSM: Depth [salt water, m]
# name 1 = latitude: Latitude [deg]
# name 2 = longitude: Longitude [deg]
# name 3 = t090C: Temperature [ITS-90, deg C]
# name 4 = sal00: Salinity, Practical [PSU]
# name 5 = svCM: Sound Velocity [Chen-Millero, m/s]
# name 6 = flag:  0.000e+00
# span 0 =      2.824,     38.685                 
# span 1 =   68.24652,   68.24672                 
# span 2 = -167.12266, -167.12246                 
# span 3 =     4.4215,     7.9027                 
# span 4 =    25.6333,    31.9134                 
# span 5 =    1464.53,    1475.69                 
# span 6 = 0.0000e+00, 0.0000e+00                 
# interval = seconds: 0.0416667
# start_time = Oct 02 2023 05:44:07 [NMEA time, first data scan]
# bad_flag = -9.990e-29
*END*
[from data line 1847]
     18.091   68.24664 -167.12252     7.6129    29.2773    1474.20  0.000e+00
     18.152   68.24664 -167.12252     7.6127    29.2775    1474.20  0.000e+00
     18.152   68.24664 -167.12252     7.6129    29.2773    1474.20  0.000e+00
     18.114   68.24664 -167.12252     7.6126    29.2773    1474.20  0.000e+00
     18.152   68.24664 -167.12252     7.6127    29.2762    1474.20  0.000e+00
     18.206   68.24664 -167.12252     7.6131    29.2749    1474.20  0.000e+00
     18.175   68.24664 -167.12252     7.6131    29.2738    1474.19  0.000e+00
     18.152   68.24664 -167.12252     7.6129    29.2724    1474.19  0.000e+00
     18.206   68.24664 -167.12252     7.6131    29.2702    1474.19  0.000e+00
     18.175   68.24664 -167.12252     7.6131    29.2682    1474.19  0.000e+00
     18.260   68.24664 -167.12252     7.6124    29.2672    1474.19  0.000e+00
     18.152   68.24664 -167.12252     7.6111    29.2678    1474.18  0.000e+00
     18.260   68.24664 -167.12252     7.6099    29.2692    1474.18  0.000e+00
     18.229   68.24664 -167.12252     7.6091    29.2702    1474.18  0.000e+00
     18.206   68.24664 -167.12252     7.6083    29.2706    1474.17  0.000e+00
     18.260   68.24664 -167.12252     7.6074    29.2707    1474.17  0.000e+00
     18.229   68.24664 -167.12252     7.6066    29.2705    1474.17  0.000e+00
     18.260   68.24664 -167.12252     7.6058    29.2705    1474.16  0.000e+00
     18.206   68.24664 -167.12252     7.6053    29.2707    1474.16  0.000e+00
     18.283   68.24664 -167.12252     7.6045    29.2706    1474.16  0.000e+00
     18.260   68.24664 -167.12252     7.6035    29.2709    1474.16  0.000e+00
     18.260   68.24664 -167.12252     7.6034    29.2715    1474.16  0.000e+00
     18.260   68.24664 -167.12252     7.6037    29.2721    1474.16  0.000e+00
     18.283   68.24664 -167.12252     7.6039    29.2705    1474.16  0.000e+00
     18.322   68.24664 -167.12252     7.6039    29.2677    1474.15  0.000e+00
     18.260   68.24664 -167.12252     7.6037    29.2653    1474.15  0.000e+00
     18.283   68.24664 -167.12252     7.6031    29.2639    1474.15  0.000e+00
     18.322   68.24664 -167.12252     7.6019    29.2642    1474.14  0.000e+00
     18.322   68.24664 -167.12252     7.6003    29.2665    1474.14  0.000e+00
     18.283   68.24664 -167.12252     7.5993    29.2690    1474.14  0.000e+00
     18.376   68.24664 -167.12252     7.5992    29.2705    1474.14  0.000e+00
     18.322   68.24664 -167.12252     7.5992    29.2706    1474.14  0.000e+00
     18.322   68.24664 -167.12252     7.5993    29.2704    1474.14  0.000e+00
     18.345   68.24664 -167.12252     7.5990    29.2712    1474.14  0.000e+00
     18.322   68.24664 -167.12252     7.5990    29.2728    1474.14  0.000e+00
     18.376   68.24664 -167.12252     7.5995    29.2754    1474.15  0.000e+00
     18.399   68.24664 -167.12252     7.6010    29.2777    1474.16  0.000e+00
     18.376   68.24664 -167.12252     7.6021    29.2797    1474.16  0.000e+00
     18.437   68.24664 -167.12252     7.6037    29.2807    1474.17  0.000e+00
     18.345   68.24664 -167.12252     7.6055    29.2810    1474.18  0.000e+00
     18.437   68.24664 -167.12252     7.6070    29.2809    1474.18  0.000e+00
     18.437   68.24664 -167.12252     7.6081    29.2810    1474.19  0.000e+00
     18.460   68.24664 -167.12252     7.6094    29.2808    1474.19  0.000e+00
     18.437   68.24664 -167.12252     7.6104    29.2808    1474.20  0.000e+00
     18.491   68.24664 -167.12252     7.6108    29.2809    1474.20  0.000e+00
     18.491   68.24664 -167.12252     7.6114    29.2809    1474.20  0.000e+00
     18.514   68.24664 -167.12252     7.6114    29.2814    1474.20  0.000e+00
     18.553   68.24664 -167.12252     7.6118    29.2808    1474.20  0.000e+00
     18.491   68.24664 -167.12252     7.6121    29.2810    1474.20  0.000e+00
     18.576   68.24664 -167.12252     7.6123    29.2806    1474.21  0.000e+00
     18.607   68.24664 -167.12252     7.6119    29.2808    1474.21  0.000e+00
     18.553   68.24664 -167.12252     7.6118    29.2813    1474.21  0.000e+00
     18.630   68.24664 -167.12252     7.6114    29.2814    1474.21  0.000e+00
     18.661   68.24664 -167.12252     7.6113    29.2821    1474.21  0.000e+00
     18.661   68.24664 -167.12252     7.6113    29.2827    1474.21  0.000e+00
     18.684   68.24664 -167.12252     7.6108    29.2833    1474.21  0.000e+00
     18.723   68.24664 -167.12252     7.6108    29.2838    1474.21  0.000e+00
     18.723   68.24664 -167.12252     7.6108    29.2841    1474.21  0.000e+00
     18.777   68.24664 -167.12252     7.6113    29.2843    1474.21  0.000e+00
     18.800   68.24664 -167.12252     7.6112    29.2848    1474.21  0.000e+00
     18.776   68.24664 -167.12252     7.6116    29.2849    1474.21  0.000e+00
     18.838   68.24664 -167.12252     7.6118    29.2854    1474.21  0.000e+00
     18.861   68.24664 -167.12252     7.6123    29.2858    1474.22  0.000e+00
     18.892   68.24664 -167.12252     7.6124    29.2863    1474.22  0.000e+00
     18.892   68.24664 -167.12252     7.6131    29.2870    1474.22  0.000e+00
     18.969   68.24664 -167.12252     7.6137    29.2873    1474.23  0.000e+00
     18.954   68.24664 -167.12252     7.6144    29.2880    1474.23  0.000e+00
     19.008   68.24664 -167.12252     7.6152    29.2884    1474.23  0.000e+00
     19.031   68.24664 -167.12252     7.6158    29.2891    1474.24  0.000e+00
     19.062   68.24664 -167.12252     7.6168    29.2896    1474.24  0.000e+00
     19.123   68.24664 -167.12252     7.6178    29.2902    1474.25  0.000e+00
     19.085   68.24664 -167.12252     7.6187    29.2906    1474.25  0.000e+00
     19.123   68.24664 -167.12252     7.6194    29.2916    1474.26  0.000e+00
     19.177   68.24664 -167.12252     7.6207    29.2921    1474.26  0.000e+00
     19.201   68.24664 -167.12252     7.6218    29.2923    1474.27  0.000e+00
     19.293   68.24664 -167.12252     7.6228    29.2930    1474.27  0.000e+00
     19.239   68.24664 -167.12252     7.6237    29.2939    1474.28  0.000e+00
     19.316   68.24664 -167.12252     7.6250    29.2937    1474.28  0.000e+00
     19.355   68.24664 -167.12252     7.6260    29.2934    1474.29  0.000e+00
     19.355   68.24664 -167.12252     7.6267    29.2940    1474.29  0.000e+00
     19.355   68.24664 -167.12252     7.6275    29.2936    1474.29  0.000e+00
     19.486   68.24664 -167.12252     7.6281    29.2934    1474.30  0.000e+00
     19.463   68.24664 -167.12252     7.6286    29.2936    1474.30  0.000e+00
     19.524   68.24664 -167.12252     7.6289    29.2934    1474.30  0.000e+00
     19.486   68.24664 -167.12252     7.6294    29.2939    1474.30  0.000e+00
     19.578   68.24664 -167.12252     7.6299    29.2932    1474.31  0.000e+00
     19.578   68.24664 -167.12252     7.6301    29.2937    1474.31  0.000e+00
     19.663   68.24664 -167.12252     7.6304    29.2938    1474.31  0.000e+00
     19.640   68.24664 -167.12252     7.6309    29.2945    1474.31  0.000e+00
     19.694   68.24664 -167.12252     7.6312    29.2952    1474.32  0.000e+00
     19.717   68.24664 -167.12252     7.6319    29.2957    1474.32  0.000e+00
     19.756   68.24664 -167.12252     7.6323    29.2965    1474.32  0.000e+00
     19.756   68.24664 -167.12252     7.6330    29.2969    1474.33  0.000e+00
     19.833   68.24664 -167.12252     7.6336    29.2973    1474.33  0.000e+00
     19.810   68.24664 -167.12252     7.6344    29.2976    1474.33  0.000e+00
     19.864   68.24664 -167.12252     7.6344    29.2984    1474.34  0.000e+00
     19.887   68.24664 -167.12252     7.6355    29.2982    1474.34  0.000e+00
     19.864   68.24664 -167.12252     7.6359    29.2987    1474.34  0.000e+00
     19.979   68.24664 -167.12252     7.6364    29.2983    1474.35  0.000e+00
     19.949   68.24664 -167.12252     7.6370    29.2996    1474.35  0.000e+00
     19.979   68.24664 -167.12252     7.6376    29.3005    1474.35  0.000e+00
     19.925   68.24664 -167.12252     7.6385    29.3014    1474.36  0.000e+00
     20.118   68.24664 -167.12252     7.6394    29.3021    1474.36  0.000e+00
     20.095   68.24664 -167.12252     7.6401    29.3026    1474.37  0.000e+00
     20.064   68.24664 -167.12252     7.6409    29.3026    1474.37  0.000e+00
     20.157   68.24664 -167.12252     7.6416    29.3032    1474.37  0.000e+00
     20.157   68.24664 -167.12252     7.6421    29.3042    1474.38  0.000e+00
     20.172   68.24664 -167.12252     7.6429    29.3042    1474.38  0.000e+00
     20.157   68.24664 -167.12252     7.6433    29.3044    1474.38  0.000e+00
     20.211   68.24664 -167.12252     7.6437    29.3045    1474.38  0.000e+00
     20.172   68.24664 -167.12252     7.6440    29.3049    1474.39  0.000e+00
     20.265   68.24664 -167.12252     7.6445    29.3054    1474.39  0.000e+00
     20.211   68.24664 -167.12252     7.6451    29.3061    1474.39  0.000e+00
     20.288   68.24664 -167.12252     7.6453    29.3069    1474.40  0.000e+00
     20.265   68.24664 -167.12252     7.6459    29.3073    1474.40  0.000e+00
     20.326   68.24664 -167.12252     7.6464    29.3071    1474.40  0.000e+00
     20.288   68.24664 -167.12252     7.6469    29.3071    1474.40  0.000e+00
     20.326   68.24664 -167.12252     7.6474    29.3075    1474.40  0.000e+00
     20.380   68.24664 -167.12252     7.6475    29.3080    1474.41  0.000e+00
     20.349   68.24664 -167.12252     7.6480    29.3081    1474.41  0.000e+00
     20.380   68.24664 -167.12252     7.6483    29.3076    1474.41  0.000e+00
     20.380   68.24664 -167.12252     7.6487    29.3072    1474.41  0.000e+00
     20.403   68.24664 -167.12252     7.6493    29.3063    1474.41  0.000e+00
     20.380   68.24664 -167.12252     7.6501    29.3039    1474.41  0.000e+00
     20.442   68.24664 -167.12252     7.6498    29.3027    1474.41  0.000e+00
     20.403   68.24664 -167.12252     7.6496    29.3016    1474.41  0.000e+00
     20.442   68.24664 -167.12252     7.6488    29.3009    1474.40  0.000e+00
     20.442   68.24664 -167.12252     7.6477    29.3008    1474.40  0.000e+00
     20.457   68.24664 -167.12252     7.6465    29.3009    1474.40  0.000e+00
     20.496   68.24664 -167.12252     7.6453    29.3014    1474.39  0.000e+00
     20.457   68.24664 -167.12252     7.6445    29.3014    1474.39  0.000e+00
     20.496   68.24664 -167.12252     7.6438    29.3010    1474.39  0.000e+00
     20.496   68.24664 -167.12252     7.6429    29.3017    1474.38  0.000e+00
     20.519   68.24664 -167.12252     7.6419    29.3024    1474.38  0.000e+00
     20.496   68.24664 -167.12252     7.6414    29.3024    1474.38  0.000e+00
     20.558   68.24664 -167.12252     7.6411    29.3031    1474.38  0.000e+00
     20.519   68.24664 -167.12252     7.6416    29.3026    1474.38  0.000e+00
     20.496   68.24664 -167.12252     7.6417    29.3013    1474.38  0.000e+00
     20.557   68.24664 -167.12252     7.6416    29.2968    1474.37  0.000e+00
     20.519   68.24664 -167.12252     7.6409    29.2923    1474.36  0.000e+00
     20.557   68.24664 -167.12252     7.6399    29.2884    1474.36  0.000e+00
     20.557   68.24664 -167.12252     7.6377    29.2853    1474.34  0.000e+00
     20.573   68.24664 -167.12252     7.6351    29.2835    1474.33  0.000e+00
     20.557   68.24664 -167.12252     7.6322    29.2833    1474.32  0.000e+00
     20.557   68.24664 -167.12252     7.6296    29.2832    1474.31  0.000e+00
     20.573   68.24664 -167.12252     7.6273    29.2830    1474.30  0.000e+00
     20.611   68.24664 -167.12252     7.6250    29.2832    1474.29  0.000e+00
     20.557   68.24664 -167.12252     7.6232    29.2833    1474.29  0.000e+00
     20.635   68.24664 -167.12252     7.6213    29.2841    1474.28  0.000e+00
     20.557   68.24664 -167.12252     7.6204    29.2844    1474.28  0.000e+00
     20.635   68.24664 -167.12252     7.6192    29.2851    1474.27  0.000e+00
     20.611   68.24664 -167.12252     7.6184    29.2858    1474.27  0.000e+00
     20.611   68.24664 -167.12252     7.6183    29.2859    1474.27  0.000e+00
     20.573   68.24664 -167.12252     7.6179    29.2871    1474.27  0.000e+00
     20.727   68.24664 -167.12252     7.6178    29.2877    1474.27  0.000e+00
     20.611   68.24664 -167.12252     7.6178    29.2883    1474.27  0.000e+00
     20.688   68.24664 -167.12252     7.6178    29.2886    1474.27  0.000e+00
     20.665   68.24664 -167.12252     7.6178    29.2891    1474.27  0.000e+00
     20.665   68.24664 -167.12252     7.6179    29.2894    1474.27  0.000e+00
     20.688   68.24664 -167.12252     7.6179    29.2899    1474.27  0.000e+00
     20.665   68.24664 -167.12252     7.6183    29.2919    1474.28  0.000e+00
     20.727   68.24664 -167.12252     7.6189    29.2961    1474.29  0.000e+00
     20.750   68.24664 -167.12252     7.6199    29.3026    1474.30  0.000e+00
     20.727   68.24664 -167.12252     7.6216    29.3078    1474.31  0.000e+00
     20.727   68.24664 -167.12252     7.6245    29.3082    1474.32  0.000e+00
     20.804   68.24664 -167.12252     7.6275    29.3069    1474.33  0.000e+00
     20.727   68.24664 -167.12252     7.6301    29.3040    1474.34  0.000e+00
     20.858   68.24664 -167.12252     7.6315    29.3005    1474.34  0.000e+00
     20.781   68.24664 -167.12252     7.6325    29.2979    1474.34  0.000e+00
     20.781   68.24664 -167.12252     7.6325    29.2964    1474.34  0.000e+00
     20.858   68.24664 -167.12252     7.6323    29.2957    1474.34  0.000e+00
     20.843   68.24664 -167.12252     7.6319    29.2960    1474.34  0.000e+00
     20.897   68.24664 -167.12252     7.6314    29.2956    1474.34  0.000e+00
     20.920   68.24664 -167.12252     7.6307    29.2947    1474.33  0.000e+00
     20.897   68.24664 -167.12252     7.6302    29.2942    1474.33  0.000e+00
     20.951   68.24664 -167.12252     7.6299    29.2948    1474.33  0.000e+00
     20.920   68.24664 -167.12252     7.6301    29.2976    1474.34  0.000e+00
     20.951   68.24664 -167.12252     7.6307    29.2997    1474.34  0.000e+00
     21.012   68.24664 -167.12252     7.6315    29.3049    1474.35  0.000e+00
     21.035   68.24664 -167.12252     7.6335    29.3126    1474.37  0.000e+00
     21.012   68.24664 -167.12252     7.6373    29.3175    1474.39  0.000e+00
     21.089   68.24664 -167.12252     7.6416    29.3200    1474.41  0.000e+00
     21.066   68.24664 -167.12252     7.6456    29.3211    1474.43  0.000e+00
     21.128   68.24664 -167.12252     7.6489    29.3231    1474.44  0.000e+00
     21.089   68.24664 -167.12252     7.6517    29.3246    1474.46  0.000e+00
     21.182   68.24664 -167.12252     7.6548    29.3268    1474.47  0.000e+00
     21.182   68.24664 -167.12252     7.6580    29.3283    1474.49  0.000e+00
     21.205   68.24664 -167.12252     7.6611    29.3304    1474.50  0.000e+00
     21.182   68.24664 -167.12252     7.6642    29.3313    1474.51  0.000e+00
     21.244   68.24664 -167.12252     7.6669    29.3320    1474.53  0.000e+00
     21.321   68.24664 -167.12252     7.6694    29.3322    1474.54  0.000e+00
     21.298   68.24664 -167.12252     7.6718    29.3324    1474.55  0.000e+00
     21.321   68.24664 -167.12252     7.6735    29.3326    1474.55  0.000e+00
     21.351   68.24664 -167.12252     7.6751    29.3322    1474.56  0.000e+00
     21.413   68.24664 -167.12252     7.6765    29.3325    1474.57  0.000e+00
     21.375   68.24664 -167.12252     7.6776    29.3329    1474.57  0.000e+00
     21.467   68.24664 -167.12252     7.6788    29.3347    1474.58  0.000e+00
     21.467   68.24664 -167.12252     7.6801    29.3369    1474.59  0.000e+00
     21.490   68.24664 -167.12252     7.6817    29.3384    1474.59  0.000e+00
     21.529   68.24664 -167.12252     7.6830    29.3396    1474.60  0.000e+00
     21.544   68.24664 -167.12252     7.6843    29.3409    1474.61  0.000e+00
     21.529   68.24664 -167.12252     7.6860    29.3411    1474.62  0.000e+00
     21.645   68.24664 -167.12252     7.6870    29.3427    1474.62  0.000e+00
     21.606   68.24664 -167.12252     7.6883    29.3445    1474.63  0.000e+00
