EcoFOCI/data/1_SampleCollection/2023_SikuliaqDBO_CruiseData/CTD_raw_BottleFile_SKQ23-12S/proc/skq202312s_064.cnv
* Sea-Bird SBE 9 Data File:
* FileName = D:\CTD\SKQ202312S\SKQ202312S_064.hex
* Software Version Seasave V 7.26.7.121
* Temperature SN = 6177
* Conductivity SN = 0369
* Number of Bytes Per Scan = 41
* Number of Voltage Words = 4
* Number of Scans Averaged by the Deck Unit = 1
* NMEA Latitude = 71 57.82 N
* NMEA Longitude = 166 18.97 W
* NMEA UTC (Time) = Sep 28 2023  10:18:40
* NMEA baud rate = 4800
** Ship: R/V Sikuliaq
** Station Number: 064
** Station Name: IC0.1
** Bottom Depth: 46
** Operator: Bern
# nquan = 24
# nvalues = 3381                                  
# units = specified
# name 0 = depSM: Depth [salt water, m]
# name 1 = latitude: Latitude [deg]
# name 2 = longitude: Longitude [deg]
# name 3 = prDM: Pressure, Digiquartz [db]
# name 4 = t090C: Temperature [ITS-90, deg C]
# name 5 = t190C: Temperature, 2 [ITS-90, deg C]
# name 6 = potemp090C: Potential Temperature [ITS-90, deg C]
# name 7 = sal00: Salinity, Practical [PSU]
# name 8 = sal11: Salinity, Practical, 2 [PSU]
# name 9 = density00: Density [density, kg/m^3]
# name 10 = sigma-é00: Density [sigma-theta, kg/m^3]
# name 11 = sbox0Mm/Kg: Oxygen, SBE 43 [umol/kg]
# name 12 = sbox1Mm/Kg: Oxygen, SBE 43, 2 [umol/kg]
# name 13 = oxsolMm/Kg: Oxygen Saturation, Garcia & Gordon [umol/kg]
# name 14 = sbeox0PS: Oxygen, SBE 43 [% saturation]
# name 15 = sbeox1PS: Oxygen, SBE 43, 2 [% saturation]
# name 16 = v0: Voltage 0
# name 17 = flECO-AFL: Fluorescence, WET Labs ECO-AFL/FL [mg/m^3]
# name 18 = v1: Voltage 1
# name 19 = CStarAt0: Beam Attenuation, WET Labs C-Star [1/m]
# name 20 = par: PAR/Irradiance, Biospherical/Licor
# name 21 = scan: Scan Count
# name 22 = timeM: Time, Elapsed [minutes]
# name 23 = flag:  0.000e+00
# span 0 =      2.287,     40.185                 
# span 1 =   71.96376,   71.96376                 
# span 2 = -166.31568, -166.31550                 
# span 3 =      2.311,     40.604                 
# span 4 =    -0.5402,     3.9940                 
# span 5 =    -0.5350,     3.9955                 
# span 6 =    -0.5413,     3.9923                 
# span 7 =    30.8512,    32.4561                 
# span 8 =    30.8717,    32.3984                 
# span 9 =  1024.5182,  1026.1820                 
# span 10 =    24.5071,    26.0262                
# span 11 =    296.412,    331.384                
# span 12 =    281.292,    326.103                
# span 13 =  323.55945,  360.40386                
# span 14 =     85.474,     95.488                
# span 15 =     81.304,     92.639                
# span 16 =     0.0733,     0.1563                
# span 17 =     0.0916,     0.5897                
# span 18 =     3.4188,     4.2491                
# span 19 =     0.4140,     1.2839                
# span 20 = 1.0000e-12, 1.1865e+00                
# span 21 =          1,       3381                
# span 22 =     0.0000,     2.3472                
# span 23 = 0.0000e+00, 0.0000e+00                
# interval = seconds: 0.0416667
# start_time = Sep 28 2023 10:21:40 [NMEA time, first data scan]
# bad_flag = -9.990e-29
*END*
[from data line 1691]
     26.063   71.96376 -166.31556     26.334     3.9893     3.9900     3.9876    31.0553    31.0641  1024.7739    24.6507    309.102    291.696  324.37696     95.291     89.933     0.0855     0.1648     4.2369     0.4255 8.4714e-06       1692     1.1743  0.000e+00
     26.101   71.96376 -166.31556     26.373     3.9899     3.9905     3.9882    31.0555    31.0647  1024.7742    24.6507    309.124    291.689  324.37150     95.299     89.932     0.0879     0.1795     4.2357     0.4266 1.0000e-12       1693     1.1750  0.000e+00
     26.117   71.96376 -166.31556     26.388     3.9905     3.9906     3.9889    31.0551    31.0652  1024.7739    24.6504    309.109    291.491  324.36743     95.296     89.872     0.0855     0.1648     4.2357     0.4266 8.4714e-06       1694     1.1757  0.000e+00
     26.155   71.96376 -166.31556     26.427     3.9915     3.9911     3.9898    31.0547    31.0652  1024.7737    24.6500    309.122    291.481  324.36077     95.302     89.870     0.0867     0.1721     4.2357     0.4266 8.4714e-06       1695     1.1764  0.000e+00
     26.117   71.96376 -166.31556     26.388     3.9918     3.9914     3.9901    31.0547    31.0655  1024.7735    24.6500    309.347    291.447  324.35839     95.372     89.860     0.0879     0.1795     4.2369     0.4255 1.0000e-12       1696     1.1771  0.000e+00
     26.155   71.96376 -166.31556     26.427     3.9924     3.9921     3.9907    31.0543    31.0655  1024.7733    24.6496    309.143    291.624  324.35474     95.310     89.916     0.0867     0.1721     4.2369     0.4255 8.4714e-06       1697     1.1778  0.000e+00
     26.171   71.96376 -166.31556     26.443     3.9925     3.9925     3.9909    31.0544    31.0658  1024.7734    24.6497    309.150    291.439  324.35321     95.313     89.860     0.0867     0.1721     4.2381     0.4243 1.0000e-12       1698     1.1785  0.000e+00
     26.209   71.96376 -166.31556     26.482     3.9927     3.9933     3.9911    31.0547    31.0656  1024.7738    24.6499    309.155    291.613  324.35086     95.315     89.915     0.0867     0.1721     4.2381     0.4243 1.0000e-12       1699     1.1792  0.000e+00
     26.171   71.96376 -166.31556     26.443     3.9932     3.9935     3.9915    31.0546    31.0658  1024.7735    24.6498    309.153    291.617  324.34770     95.315     89.917     0.0867     0.1721     4.2381     0.4243 1.0000e-12       1700     1.1799  0.000e+00
     26.209   71.96376 -166.31556     26.482     3.9932     3.9944     3.9916    31.0546    31.0655  1024.7737    24.6498    309.154    291.617  324.34727     95.316     89.919     0.0867     0.1721     4.2381     0.4243 8.4714e-06       1701     1.1806  0.000e+00
     26.232   71.96376 -166.31556     26.505     3.9933     3.9945     3.9917    31.0545    31.0656  1024.7737    24.6497    309.364    291.620  324.34671     95.381     89.920     0.0867     0.1721     4.2369     0.4255 1.0000e-12       1702     1.1812  0.000e+00
     26.209   71.96376 -166.31556     26.482     3.9937     3.9950     3.9920    31.0544    31.0656  1024.7735    24.6495    309.386    291.618  324.34415     95.388     89.920     0.0855     0.1648     4.2369     0.4255 8.4714e-06       1703     1.1819  0.000e+00
     26.271   71.96376 -166.31556     26.544     3.9935     3.9953     3.9918    31.0553    31.0656  1024.7745    24.6503    309.198    291.617  324.34371     95.330     89.921     0.0867     0.1721     4.2369     0.4255 8.4714e-06       1704     1.1826  0.000e+00
     26.232   71.96376 -166.31556     26.505     3.9938     3.9954     3.9921    31.0550    31.0657  1024.7740    24.6500    309.146    291.614  324.34190     95.315     89.920     0.0879     0.1795     4.2369     0.4255 1.0000e-12       1705     1.1833  0.000e+00
     26.325   71.96376 -166.31556     26.599     3.9937     3.9952     3.9920    31.0552    31.0659  1024.7747    24.6502    308.920    291.615  324.34222     95.245     89.920     0.0867     0.1721     4.2369     0.4255 8.4714e-06       1706     1.1840  0.000e+00
     26.286   71.96376 -166.31556     26.560     3.9936     3.9953     3.9920    31.0553    31.0660  1024.7746    24.6503    309.292    291.797  324.34228     95.360     89.977     0.0879     0.1795     4.2381     0.4243 1.0000e-12       1707     1.1847  0.000e+00
     26.271   71.96376 -166.31556     26.544     3.9940     3.9955     3.9923    31.0554    31.0661  1024.7745    24.6503    309.085    291.808  324.33926     95.297     89.981     0.0867     0.1721     4.2381     0.4243 8.4714e-06       1708     1.1854  0.000e+00
     26.348   71.96376 -166.31556     26.622     3.9939     3.9955     3.9923    31.0551    31.0663  1024.7747    24.6501    309.063    291.630  324.34031     95.290     89.926     0.0867     0.1721     4.2381     0.4243 8.4714e-06       1709     1.1861  0.000e+00
     26.386   71.96376 -166.31556     26.661     3.9938     3.9953     3.9921    31.0555    31.0664  1024.7752    24.6504    309.146    291.621  324.34057     95.315     89.923     0.0855     0.1648     4.2369     0.4255 8.4714e-06       1710     1.1868  0.000e+00
     26.348   71.96376 -166.31556     26.622     3.9940     3.9952     3.9923    31.0557    31.0667  1024.7752    24.6506    308.926    291.606  324.33841     95.248     89.918     0.0867     0.1721     4.2381     0.4243 1.0000e-12       1711     1.1875  0.000e+00
     26.325   71.96376 -166.31556     26.599     3.9939     3.9953     3.9923    31.0558    31.0664  1024.7751    24.6507    308.885    291.589  324.33858     95.236     89.913     0.0855     0.1648     4.2369     0.4255 1.0000e-12       1712     1.1882  0.000e+00
     26.402   71.96376 -166.31556     26.677     3.9937     3.9952     3.9920    31.0558    31.0664  1024.7755    24.6507    308.849    291.787  324.34071     95.223     89.974     0.0879     0.1795     4.2369     0.4255 1.0000e-12       1713     1.1889  0.000e+00
     26.440   71.96376 -166.31556     26.716     3.9939     3.9952     3.9923    31.0557    31.0665  1024.7756    24.6506    309.015    291.813  324.33891     95.275     89.982     0.0904     0.1941     4.2369     0.4255 8.4714e-06       1714     1.1896  0.000e+00
     26.456   71.96376 -166.31556     26.731     3.9937     3.9950     3.9920    31.0566    31.0668  1024.7764    24.6513    309.000    291.814  324.33879     95.271     89.982     0.0891     0.1868     4.2369     0.4255 1.0000e-12       1715     1.1903  0.000e+00
     26.440   71.96376 -166.31556     26.716     3.9939     3.9950     3.9923    31.0561    31.0673  1024.7759    24.6509    309.012    291.832  324.33778     95.275     89.988     0.0891     0.1868     4.2369     0.4255 1.0000e-12       1716     1.1910  0.000e+00
     26.440   71.96376 -166.31556     26.716     3.9936     3.9947     3.9920    31.0566    31.0676  1024.7763    24.6513    308.812    291.829  324.33926     95.213     89.986     0.0891     0.1868     4.2369     0.4255 1.0000e-12       1717     1.1917  0.000e+00
     26.518   71.96376 -166.31556     26.793     3.9937     3.9945     3.9920    31.0561    31.0676  1024.7763    24.6509    308.792    291.827  324.34000     95.206     89.985     0.0891     0.1868     4.2369     0.4255 1.0000e-12       1718     1.1924  0.000e+00
     26.502   71.96376 -166.31556     26.778     3.9935     3.9944     3.9918    31.0558    31.0678  1024.7760    24.6507    308.770    291.839  324.34248     95.199     89.989     0.0879     0.1795     4.2369     0.4255 1.0000e-12       1719     1.1931  0.000e+00
     26.517   71.96376 -166.31556     26.793     3.9932     3.9939     3.9915    31.0565    31.0680  1024.7766    24.6512    308.745    291.831  324.34283     95.191     89.986     0.0904     0.1941     4.2357     0.4266 8.4714e-06       1720     1.1938  0.000e+00
     26.556   71.96376 -166.31556     26.832     3.9928     3.9933     3.9912    31.0564    31.0685  1024.7768    24.6512    308.935    291.845  324.34588     95.249     89.989     0.0891     0.1868     4.2369     0.4255 8.4714e-06       1721     1.1944  0.000e+00
     26.571   71.96376 -166.31556     26.848     3.9924     3.9925     3.9907    31.0564    31.0689  1024.7769    24.6512    308.730    291.857  324.34929     95.184     89.991     0.0891     0.1868     4.2369     0.4255 1.0000e-12       1722     1.1951  0.000e+00
     26.610   71.96376 -166.31556     26.887     3.9917     3.9913     3.9901    31.0563    31.0692  1024.7771    24.6513    308.706    291.872  324.35476     95.175     89.993     0.0904     0.1941     4.2369     0.4255 8.4714e-06       1723     1.1958  0.000e+00
     26.633   71.96376 -166.31556     26.910     3.9907     3.9892     3.9890    31.0563    31.0700  1024.7773    24.6513    308.895    291.890  324.36321     95.231     89.995     0.0891     0.1868     4.2357     0.4266 1.0000e-12       1724     1.1965  0.000e+00
     26.610   71.96376 -166.31556     26.887     3.9896     3.9877     3.9879    31.0563    31.0705  1024.7773    24.6514    308.901    292.070  324.37200     95.230     90.047     0.0904     0.1941     4.2369     0.4255 1.0000e-12       1725     1.1972  0.000e+00
     26.687   71.96376 -166.31556     26.965     3.9878     3.9850     3.9862    31.0568    31.0720  1024.7782    24.6520    308.700    292.109  324.38443     95.165     90.054     0.0891     0.1868     4.2369     0.4255 1.0000e-12       1726     1.1979  0.000e+00
     26.672   71.96376 -166.31556     26.949     3.9863     3.9824     3.9846    31.0566    31.0729  1024.7781    24.6520    308.673    292.166  324.39748     95.153     90.067     0.0891     0.1868     4.2369     0.4255 1.0000e-12       1727     1.1986  0.000e+00
     26.687   71.96376 -166.31556     26.965     3.9845     3.9795     3.9828    31.0567    31.0740  1024.7785    24.6523    308.648    292.201  324.41088     95.141     90.072     0.0879     0.1795     4.2357     0.4266 1.0000e-12       1728     1.1993  0.000e+00
     26.787   71.96376 -166.31556     27.066     3.9823     3.9766     3.9806    31.0580    31.0753  1024.7802    24.6535    308.659    292.069  324.42514     95.140     90.026     0.0891     0.1868     4.2369     0.4255 1.0000e-12       1729     1.2000  0.000e+00
     26.749   71.96376 -166.31556     27.027     3.9798     3.9730     3.9781    31.0582    31.0770  1024.7804    24.6539    308.636    292.272  324.44459     95.128     90.082     0.0879     0.1795     4.2369     0.4255 1.0000e-12       1730     1.2007  0.000e+00
     26.787   71.96376 -166.31556     27.066     3.9764     3.9686     3.9747    31.0599    31.0797  1024.7823    24.6556    308.619    292.120  324.46704     95.116     90.027     0.0891     0.1868     4.2369     0.4255 8.4714e-06       1731     1.2014  0.000e+00
     26.803   71.96376 -166.31556     27.082     3.9725     3.9634     3.9709    31.0617    31.0828  1024.7841    24.6573    308.603    292.139  324.49325     95.103     90.024     0.0904     0.1941     4.2369     0.4255 1.0000e-12       1732     1.2021  0.000e+00
     26.841   71.96376 -166.31556     27.121     3.9677     3.9582     3.9660    31.0640    31.0861  1024.7866    24.6597    308.628    292.158  324.52574     95.101     90.020     0.0891     0.1868     4.2357     0.4266 8.4714e-06       1733     1.2028  0.000e+00
     26.841   71.96376 -166.31556     27.121     3.9622     3.9519     3.9605    31.0673    31.0903  1024.7897    24.6628    308.868    292.372  324.56146     95.165     90.075     0.0891     0.1868     4.2369     0.4255 8.4714e-06       1734     1.2035  0.000e+00
     26.918   71.96376 -166.31556     27.199     3.9548     3.9453     3.9532    31.0723    31.0951  1024.7947    24.6674    308.728    292.416  324.60719     95.108     90.078     0.0891     0.1868     4.2357     0.4266 1.0000e-12       1735     1.2042  0.000e+00
     26.903   71.96376 -166.31556     27.183     3.9473     3.9384     3.9457    31.0779    31.1006  1024.7998    24.6726    308.730    292.669  324.65266     95.095     90.144     0.0891     0.1868     4.2344     0.4278 1.0000e-12       1736     1.2049  0.000e+00
     26.918   71.96376 -166.31556     27.198     3.9408     3.9323     3.9391    31.0830    31.1051  1024.8046    24.6773    308.760    292.533  324.69232     95.093     90.092     0.0891     0.1868     4.2344     0.4278 1.0000e-12       1737     1.2056  0.000e+00
     26.957   71.96376 -166.31556     27.237     3.9345     3.9272     3.9328    31.0864    31.1093  1024.8081    24.6806    308.792    292.581  324.73357     95.091     90.098     0.0891     0.1868     4.2344     0.4278 8.4714e-06       1738     1.2063  0.000e+00
     26.972   71.96376 -166.31556     27.253     3.9285     3.9217     3.9268    31.0897    31.1126  1024.8113    24.6837    308.820    292.608  324.77275     95.088     90.097     0.0867     0.1721     4.2344     0.4278 8.4714e-06       1739     1.2069  0.000e+00
     27.011   71.96376 -166.31556     27.292     3.9228     3.9157     3.9211    31.0932    31.1159  1024.8148    24.6871    308.847    292.660  324.80917     95.086     90.102     0.0867     0.1721     4.2344     0.4278 1.0000e-12       1740     1.2076  0.000e+00
     27.034   71.96376 -166.31556     27.315     3.9177     3.9098     3.9160    31.0966    31.1189  1024.8181    24.6902    308.869    292.709  324.84197     95.083     90.106     0.0879     0.1795     4.2344     0.4278 8.4714e-06       1741     1.2083  0.000e+00
     27.126   71.96376 -166.31556     27.409     3.9129     3.9056     3.9112    31.0994    31.1208  1024.8212    24.6929    308.892    292.748  324.87289     95.081     90.110     0.0867     0.1721     4.2344     0.4278 8.4714e-06       1742     1.2090  0.000e+00
     27.088   71.96376 -166.31556     27.370     3.9086     3.9031     3.9069    31.1016    31.1217  1024.8232    24.6950    308.907    292.747  324.90147     95.077     90.105     0.0879     0.1795     4.2344     0.4278 8.4714e-06       1743     1.2097  0.000e+00
     27.126   71.96376 -166.31556     27.409     3.9044     3.9001     3.9027    31.1047    31.1232  1024.8262    24.6979    308.921    292.749  324.92680     95.074     90.100     0.0867     0.1721     4.2344     0.4278 1.0000e-12       1744     1.2104  0.000e+00
     27.150   71.96376 -166.31556     27.432     3.9008     3.8955     3.8991    31.1072    31.1266  1024.8287    24.7002    308.966    292.756  324.94917     95.081     90.094     0.0867     0.1721     4.2344     0.4278 8.4714e-06       1745     1.2111  0.000e+00
     27.188   71.96376 -166.31556     27.471     3.8969     3.8912     3.8952    31.1106    31.1295  1024.8319    24.7033    308.980    292.782  324.97219     95.079     90.095     0.0855     0.1648     4.2344     0.4278 1.0000e-12       1746     1.2118  0.000e+00
     27.150   71.96376 -166.31556     27.432     3.8936     3.8863     3.8919    31.1134    31.1344  1024.8342    24.7058    308.986    292.781  324.99129     95.075     90.087     0.0867     0.1721     4.2344     0.4278 1.0000e-12       1747     1.2125  0.000e+00
     27.242   71.96376 -166.31556     27.526     3.8902     3.8800     3.8885    31.1199    31.1433  1024.8402    24.7113    308.990    292.807  325.00204     95.073     90.087     0.0867     0.1721     4.2344     0.4278 1.0000e-12       1748     1.2132  0.000e+00
     27.258   71.96376 -166.31556     27.541     3.8853     3.8739     3.8836    31.1326    31.1559  1024.8508    24.7218    308.989    292.819  325.00996     95.071     90.086     0.0867     0.1721     4.2344     0.4278 1.0000e-12       1749     1.2139  0.000e+00
     27.304   71.96376 -166.31556     27.588     3.8803     3.8679     3.8786    31.1474    31.1704  1024.8632    24.7340    308.772    293.016  325.01347     95.003     90.144     0.0879     0.1795     4.2344     0.4278 8.4714e-06       1750     1.2146  0.000e+00
