EcoFOCI/data/1_SampleCollection/2023_SikuliaqDBO_CruiseData/CTD_raw_BottleFile_SKQ23-12S/proc/skq202312s_022svpavg.cnv
* Sea-Bird SBE 9 Data File:
* FileName = D:\CTD\SKQ202312S\SKQ202312S_022.hex
* Software Version Seasave V 7.26.7.121
* Temperature SN = 6177
* Conductivity SN = 0369
* Number of Bytes Per Scan = 41
* Number of Voltage Words = 4
* Number of Scans Averaged by the Deck Unit = 1
* NMEA Latitude = 64 58.51 N
* NMEA Longitude = 169 29.22 W
* NMEA UTC (Time) = Sep 18 2023  05:33:31
* NMEA baud rate = 4800
** Ship: R/V Sikuliaq
** Station Number: 022
** Station Name: DBO2.4A
** Bottom Depth: 48
** Operator: SS
# nquan = 7
# nvalues = 42                          
# units = specified
# name 0 = depSM: Depth [salt water, m]
# name 1 = latitude: Latitude [deg]
# name 2 = longitude: Longitude [deg]
# name 3 = t090C: Temperature [ITS-90, deg C]
# name 4 = sal00: Salinity, Practical [PSU]
# name 5 = svCM: Sound Velocity [Chen-Millero, m/s]
# name 6 = flag: flag
# span 0 =      3.000,     44.000       
# span 1 =   64.97508,   64.97508       
# span 2 = -169.48729, -169.48721       
# span 3 =     3.0722,     3.7620       
# span 4 =    32.8206,    32.9427       
# span 5 =    1460.58,    1462.95       
# span 6 = 0.0000e+00, 0.0000e+00       
# interval = meters: 1                  
# start_time = Sep 18 2023 05:37:18 [NMEA time, first data scan]
# bad_flag = -9.990e-29
*END*
      3.000   64.97508 -169.48729     3.7580    32.8206    1462.85 0.0000e+00
      4.000   64.97508 -169.48728     3.7620    32.8209    1462.88 0.0000e+00
      5.000   64.97508 -169.48728     3.7616    32.8207    1462.90 0.0000e+00
      6.000   64.97508 -169.48728     3.7513    32.8214    1462.87 0.0000e+00
      7.000   64.97508 -169.48728     3.7482    32.8211    1462.88 0.0000e+00
      8.000   64.97508 -169.48728     3.7493    32.8207    1462.90 0.0000e+00
      9.000   64.97508 -169.48727     3.7495    32.8208    1462.91 0.0000e+00
     10.000   64.97508 -169.48726     3.7496    32.8206    1462.93 0.0000e+00
     11.000   64.97508 -169.48726     3.7470    32.8213    1462.94 0.0000e+00
     12.000   64.97508 -169.48726     3.7347    32.8223    1462.90 0.0000e+00
     13.000   64.97508 -169.48726     3.7412    32.8216    1462.95 0.0000e+00
     14.000   64.97508 -169.48726     3.7267    32.8235    1462.90 0.0000e+00
     15.000   64.97508 -169.48726     3.7197    32.8234    1462.89 0.0000e+00
     16.000   64.97508 -169.48726     3.7225    32.8240    1462.92 0.0000e+00
     17.000   64.97508 -169.48726     3.7083    32.8249    1462.88 0.0000e+00
     18.000   64.97508 -169.48726     3.6922    32.8263    1462.83 0.0000e+00
     19.000   64.97508 -169.48726     3.6335    32.8300    1462.60 0.0000e+00
     20.000   64.97508 -169.48726     3.3489    32.8770    1461.47 0.0000e+00
     21.000   64.97508 -169.48726     3.2414    32.9078    1461.07 0.0000e+00
     22.000   64.97508 -169.48725     3.2303    32.9224    1461.06 0.0000e+00
     23.000   64.97508 -169.48724     3.2113    32.9276    1461.00 0.0000e+00
     24.000   64.97508 -169.48724     3.2014    32.9282    1460.97 0.0000e+00
     25.000   64.97508 -169.48724     3.1906    32.9280    1460.95 0.0000e+00
     26.000   64.97508 -169.48724     3.1814    32.9285    1460.92 0.0000e+00
     27.000   64.97508 -169.48724     3.1714    32.9288    1460.90 0.0000e+00
     28.000   64.97508 -169.48724     3.1322    32.9329    1460.75 0.0000e+00
     29.000   64.97508 -169.48724     3.0885    32.9415    1460.59 0.0000e+00
     30.000   64.97508 -169.48724     3.0817    32.9421    1460.58 0.0000e+00
     31.000   64.97508 -169.48724     3.0773    32.9427    1460.58 0.0000e+00
     32.000   64.97508 -169.48724     3.0763    32.9426    1460.59 0.0000e+00
     33.000   64.97508 -169.48724     3.0759    32.9423    1460.61 0.0000e+00
     34.000   64.97508 -169.48724     3.0755    32.9420    1460.62 0.0000e+00
     35.000   64.97508 -169.48724     3.0767    32.9411    1460.64 0.0000e+00
     36.000   64.97508 -169.48724     3.0745    32.9409    1460.64 0.0000e+00
     37.000   64.97508 -169.48724     3.0746    32.9409    1460.66 0.0000e+00
     38.000   64.97508 -169.48724     3.0743    32.9408    1460.68 0.0000e+00
     39.000   64.97508 -169.48724     3.0740    32.9408    1460.69 0.0000e+00
     40.000   64.97508 -169.48724     3.0736    32.9405    1460.71 0.0000e+00
     41.000   64.97508 -169.48724     3.0731    32.9407    1460.72 0.0000e+00
     42.000   64.97508 -169.48724     3.0739    32.9404    1460.74 0.0000e+00
     43.000   64.97508 -169.48723     3.0722    32.9405    1460.75 0.0000e+00
     44.000   64.97508 -169.48721     3.0723    32.9404    1460.77 0.0000e+00
