EcoFOCI/data/1_SampleCollection/2023_SikuliaqDBO_CruiseData/CTD_raw_BottleFile_SKQ23-12S/proc/skq202312s_063.ros
* Sea-Bird SBE 9 Data File:
* FileName = D:\CTD\SKQ202312S\SKQ202312S_063.hex
* Software Version Seasave V 7.26.7.121
* Temperature SN = 6177
* Conductivity SN = 0369
* Number of Bytes Per Scan = 41
* Number of Voltage Words = 4
* Number of Scans Averaged by the Deck Unit = 1
* NMEA Latitude = 71 49.84 N
* NMEA Longitude = 165 58.06 W
* NMEA UTC (Time) = Sep 28 2023  06:16:57
* NMEA baud rate = 4800
** Ship: R/V Sikuliaq
** Station Number: 063
** Station Name: IC1
** Bottom Depth: 44
** Operator: SD
# nquan = 22
# nvalues = 833                                   
# units = specified
# name 0 = depSM: Depth [salt water, m]
# name 1 = latitude: Latitude [deg]
# name 2 = longitude: Longitude [deg]
# name 3 = prDM: Pressure, Digiquartz [db]
# name 4 = t090C: Temperature [ITS-90, deg C]
# name 5 = t190C: Temperature, 2 [ITS-90, deg C]
# name 6 = potemp090C: Potential Temperature [ITS-90, deg C]
# name 7 = sal00: Salinity, Practical [PSU]
# name 8 = sal11: Salinity, Practical, 2 [PSU]
# name 9 = density00: Density [density, kg/m^3]
# name 10 = sigma-é00: Density [sigma-theta, kg/m^3]
# name 11 = sbox0Mm/Kg: Oxygen, SBE 43 [umol/kg]
# name 12 = sbox1Mm/Kg: Oxygen, SBE 43, 2 [umol/kg]
# name 13 = oxsolMm/Kg: Oxygen Saturation, Garcia & Gordon [umol/kg]
# name 14 = sbeox0PS: Oxygen, SBE 43 [% saturation]
# name 15 = v0: Voltage 0
# name 16 = flECO-AFL: Fluorescence, WET Labs ECO-AFL/FL [mg/m^3]
# name 17 = CStarAt0: Beam Attenuation, WET Labs C-Star [1/m]
# name 18 = par: PAR/Irradiance, Biospherical/Licor
# name 19 = scan: Scan Count
# name 20 = nbf: Bottles Fired
# name 21 = flag:  0.000e+00
# interval = seconds: 0.0416667
# start_time = Sep 28 2023 06:20:37 [NMEA time, first data scan]
# bad_flag = -9.990e-29
*END*
[from data line 527]
     20.176   71.83034 -165.96466     20.385     3.6075     3.6764     3.6063    31.0633    30.9435  1024.7876    24.6920    313.975    297.948  327.39604     95.901     0.1355     0.4652     0.4672 1.0000e-12      17481         11  0.000e+00
     20.206   71.83034 -165.96466     20.416     3.6100     3.6766     3.6088    31.0490    30.9367  1024.7762    24.6804    313.987    297.948  327.41077     95.900     0.1368     0.4725     0.4672 8.4714e-06      17482         11  0.000e+00
     20.152   71.83034 -165.96466     20.362     3.6116     3.6763     3.6104    31.0379    30.9297  1024.7669    24.6714    313.997    297.925  327.42552     95.899     0.1331     0.4505     0.4684 1.0000e-12      17483         11  0.000e+00
     20.176   71.83034 -165.96466     20.385     3.6130     3.6759     3.6118    31.0379    30.9279  1024.7669    24.6713    313.987    297.915  327.41407     95.899     0.1319     0.4432     0.4672 1.0000e-12      17484         11  0.000e+00
     20.152   71.83034 -165.96466     20.362     3.6138     3.6744     3.6126    31.0450    30.9316  1024.7723    24.6768    313.966    297.899  327.39063     95.899     0.1319     0.4432     0.4672 8.4714e-06      17485         11  0.000e+00
     20.152   71.83034 -165.96466     20.362     3.6143     3.6730     3.6131    31.0513    30.9366  1024.7774    24.6819    313.950    297.880  327.37063     95.900     0.1319     0.4432     0.4684 1.0000e-12      17486         11  0.000e+00
     20.176   71.83034 -165.96466     20.385     3.6144     3.6735     3.6132    31.0596    30.9397  1024.7841    24.6884    313.936    298.041  327.34931     95.902     0.1306     0.4359     0.4684 8.4714e-06      17487         11  0.000e+00
     20.152   71.83034 -165.96466     20.362     3.6140     3.6748     3.6128    31.0699    30.9410  1024.7922    24.6967    313.921    297.810  327.32729     95.904     0.1319     0.4432     0.4684 1.0000e-12      17488         11  0.000e+00
     20.152   71.83034 -165.96466     20.362     3.6124     3.6758     3.6112    31.0809    30.9420  1024.8010    24.7055    313.918    297.753  327.31294     95.908     0.1306     0.4359     0.4684 8.4714e-06      17489         11  0.000e+00
     20.176   71.83034 -165.96466     20.385     3.6110     3.6762     3.6098    31.0899    30.9421  1024.8085    24.7129    313.884    297.724  327.30205     95.901     0.1319     0.4432     0.4672 1.0000e-12      17490         11  0.000e+00
     20.152   71.83034 -165.96466     20.362     3.6099     3.6768     3.6087    31.0935    30.9421  1024.8113    24.7158    313.859    297.691  327.30207     95.893     0.1306     0.4359     0.4672 1.0000e-12      17491         11  0.000e+00
     20.152   71.83034 -165.96466     20.362     3.6089     3.6780     3.6077    31.0935    30.9418  1024.8114    24.7159    313.877    297.654  327.30968     95.896     0.1319     0.4432     0.4672 1.0000e-12      17492         11  0.000e+00
     10.456   71.83034 -165.96430     10.564     2.8346     2.8340     2.8340    30.2958    30.3008  1024.1946    24.1447    326.272    307.795  335.65828     97.204     0.1074     0.2967     0.4660 3.2877e-02      20346         12  0.000e+00
     10.402   71.83034 -165.96430     10.510     2.8354     2.8338     2.8348    30.2954    30.3004  1024.1940    24.1444    326.203    307.807  335.65252     97.185     0.1074     0.2967     0.4660 2.5807e-02      20347         12  0.000e+00
     10.317   71.83034 -165.96430     10.424     2.8360     2.8338     2.8355    30.2950    30.3004  1024.1932    24.1440    326.357    307.839  335.64808     97.232     0.1074     0.2967     0.4649 2.2993e-02      20348         12  0.000e+00
     10.402   71.83034 -165.96430     10.510     2.8365     2.8334     2.8359    30.2942    30.3006  1024.1929    24.1433    326.149    308.082  335.64652     97.170     0.1074     0.2967     0.4660 2.1409e-02      20349         12  0.000e+00
     10.402   71.83034 -165.96430     10.510     2.8366     2.8331     2.8360    30.2938    30.3004  1024.1926    24.1430    326.348    308.145  335.64667     97.230     0.1074     0.2967     0.4660 1.1540e-02      20350         12  0.000e+00
     10.402   71.83034 -165.96430     10.510     2.8366     2.8329     2.8361    30.2943    30.2999  1024.1930    24.1434    326.138    308.183  335.64497     97.168     0.1074     0.2967     0.4660 7.2223e-03      20351         12  0.000e+00
     10.340   71.83034 -165.96430     10.447     2.8366     2.8323     2.8361    30.2945    30.3002  1024.1929    24.1436    326.077    308.220  335.64439     97.149     0.1087     0.3040     0.4660 6.8690e-03      20352         12  0.000e+00
     10.340   71.83034 -165.96430     10.447     2.8368     2.8320     2.8362    30.2946    30.3001  1024.1929    24.1436    326.054    308.257  335.64294     97.143     0.1074     0.2967     0.4660 7.5765e-03      20353         12  0.000e+00
     10.402   71.83034 -165.96430     10.510     2.8371     2.8317     2.8366    30.2945    30.2999  1024.1931    24.1435    326.035    308.295  335.64041     97.138     0.1087     0.3040     0.4660 7.9318e-03      20354         12  0.000e+00
     10.371   71.83034 -165.96430     10.479     2.8371     2.8324     2.8366    30.2944    30.2994  1024.1929    24.1434    325.978    308.345  335.64076     97.121     0.1074     0.2967     0.4660 7.9318e-03      20355         12  0.000e+00
     10.340   71.83034 -165.96430     10.448     2.8369     2.8335     2.8364    30.2943    30.3002  1024.1926    24.1433    325.961    308.364  335.64238     97.116     0.1087     0.3040     0.4672 1.5627e-02      20356         12  0.000e+00
     10.340   71.83034 -165.96430     10.448     2.8369     2.8338     2.8364    30.2938    30.3002  1024.1923    24.1430    325.946    308.392  335.64356     97.111     0.1074     0.2967     0.4660 2.1409e-02      20357         12  0.000e+00
     10.340   71.83034 -165.96430     10.448     2.8368     2.8343     2.8362    30.2942    30.3000  1024.1926    24.1433    325.931    308.617  335.64383     97.106     0.1087     0.3040     0.4660 2.2199e-02      20358         12  0.000e+00
     10.340   71.83034 -165.96430     10.448     2.8371     2.8354     2.8366    30.2959    30.2993  1024.1939    24.1446    325.911    308.661  335.63696     97.102     0.1074     0.2967     0.4660 2.8677e-02      20359         12  0.000e+00
     10.340   71.83034 -165.96430     10.448     2.8374     2.8357     2.8369    30.2972    30.3007  1024.1949    24.1456    325.671    308.680  335.63089     97.032     0.1087     0.3040     0.4660 3.5887e-02      20360         12  0.000e+00
     10.340   71.83034 -165.96430     10.448     2.8377     2.8355     2.8372    30.2990    30.3016  1024.1964    24.1471    325.803    308.725  335.62353     97.074     0.1074     0.2967     0.4660 3.7635e-02      20361         12  0.000e+00
     10.341   71.83034 -165.96430     10.448     2.8388     2.8342     2.8383    30.2990    30.3023  1024.1963    24.1470    325.747    308.780  335.61456     97.060     0.1074     0.2967     0.4660 4.4364e-02      20362         12  0.000e+00
     10.317   71.83034 -165.96430     10.424     2.8393     2.8342     2.8388    30.2981    30.3016  1024.1954    24.1462    325.698    308.823  335.61284     97.046     0.1074     0.2967     0.4660 5.6231e-02      20363         12  0.000e+00
     10.287   71.83034 -165.96430     10.393     2.8395     2.8342     2.8389    30.2975    30.3012  1024.1948    24.1458    325.687    308.864  335.61293     97.043     0.1074     0.2967     0.4660 5.9205e-02      20364         12  0.000e+00
     10.341   71.83034 -165.96430     10.448     2.8398     2.8350     2.8392    30.2972    30.3003  1024.1947    24.1454    325.680    308.876  335.61118     97.041     0.1074     0.2967     0.4660 5.3790e-02      20365         12  0.000e+00
     10.287   71.83034 -165.96430     10.393     2.8398     2.8353     2.8393    30.2972    30.3006  1024.1945    24.1455    325.672    308.882  335.61111     97.038     0.1050     0.2820     0.4660 4.2542e-02      20366         12  0.000e+00
     10.287   71.83034 -165.96430     10.393     2.8398     2.8355     2.8393    30.2976    30.3021  1024.1948    24.1458    325.666    308.884  335.61012     97.037     0.1050     0.2820     0.4660 3.8958e-02      20367         12  0.000e+00
     10.341   71.83034 -165.96430     10.448     2.8399     2.8359     2.8394    30.2975    30.3028  1024.1950    24.1457    325.664    309.087  335.60883     97.037     0.1050     0.2820     0.4660 3.6758e-02      20368         12  0.000e+00
     10.287   71.83034 -165.96430     10.393     2.8398     2.8362     2.8393    30.2967    30.3026  1024.1941    24.1451    325.886    309.107  335.61230     97.102     0.1062     0.2894     0.4672 2.8264e-02      20369         12  0.000e+00
     10.287   71.83034 -165.96430     10.393     2.8399     2.8368     2.8394    30.2958    30.3025  1024.1934    24.1444    325.699    309.123  335.61322     97.046     0.1050     0.2820     0.4660 2.4997e-02      20370         12  0.000e+00
     10.256   71.83034 -165.96430     10.362     2.8398     2.8372     2.8393    30.2956    30.3032  1024.1931    24.1442    325.700    309.134  335.61503     97.046     0.1050     0.2820     0.4660 2.4594e-02      20371         12  0.000e+00
     10.287   71.83034 -165.96430     10.393     2.8393     2.8371     2.8388    30.2972    30.3030  1024.1946    24.1455    325.703    309.150  335.61508     97.047     0.1050     0.2820     0.4660 2.2595e-02      20372         12  0.000e+00
     10.287   71.83034 -165.96430     10.393     2.8402     2.8368     2.8396    30.2980    30.3028  1024.1951    24.1461    325.696    309.163  335.60580     97.047     0.1050     0.2820     0.4649 2.1409e-02      20373         12  0.000e+00
     10.233   71.83034 -165.96430     10.339     2.8404     2.8368     2.8399    30.2980    30.3027  1024.1948    24.1461    325.733    309.167  335.60364     97.059     0.1050     0.2820     0.4649 2.1016e-02      20374         12  0.000e+00
     10.287   71.83034 -165.96430     10.393     2.8407     2.8363     2.8402    30.2974    30.3030  1024.1946    24.1456    325.742    309.373  335.60280     97.062     0.1050     0.2820     0.4649 1.5627e-02      20375         12  0.000e+00
     10.287   71.83034 -165.96430     10.393     2.8406     2.8362     2.8401    30.2967    30.3021  1024.1941    24.1450    325.753    309.397  335.60562     97.064     0.1050     0.2820     0.4649 1.3012e-02      20376         12  0.000e+00
     10.233   71.83034 -165.96430     10.339     2.8407     2.8355     2.8402    30.2967    30.3015  1024.1938    24.1450    325.760    309.417  335.60461     97.067     0.1050     0.2820     0.4649 1.2274e-02      20377         12  0.000e+00
     10.287   71.83034 -165.96430     10.393     2.8407     2.8350     2.8402    30.2964    30.3019  1024.1938    24.1448    325.775    309.434  335.60538     97.071     0.1062     0.2894     0.4660 2.2199e-02      20378         12  0.000e+00
     10.202   71.83034 -165.96430     10.308     2.8407     2.8343     2.8402    30.2958    30.3012  1024.1929    24.1443    325.787    309.444  335.60705     97.074     0.1050     0.2820     0.4660 2.9508e-02      20379         12  0.000e+00
     10.287   71.83034 -165.96430     10.393     2.8407     2.8337     2.8402    30.2949    30.3006  1024.1926    24.1436    325.808    309.455  335.60924     97.079     0.1050     0.2820     0.4649 3.0762e-02      20380         12  0.000e+00
     10.233   71.83034 -165.96430     10.339     2.8401     2.8334     2.8396    30.2947    30.3007  1024.1922    24.1434    325.828    309.476  335.61476     97.084     0.1050     0.2820     0.4649 3.0762e-02      20381         12  0.000e+00
     10.233   71.83034 -165.96430     10.339     2.8395     2.8329     2.8389    30.2943    30.3006  1024.1920    24.1432    325.852    309.497  335.62117     97.089     0.1050     0.2820     0.4660 3.1183e-02      20382         12  0.000e+00
     10.233   71.83034 -165.96428     10.339     2.8382     2.8323     2.8377    30.2932    30.3004  1024.1912    24.1424    325.886    309.292  335.63436     97.096     0.1050     0.2820     0.4660 3.1183e-02      20383         12  0.000e+00
     10.287   71.83034 -165.96428     10.394     2.8374     2.8320     2.8369    30.2927    30.3002  1024.1911    24.1420    326.140    309.457  335.64240     97.169     0.1050     0.2820     0.4660 3.1604e-02      20384         12  0.000e+00
     10.233   71.83034 -165.96428     10.339     2.8368     2.8322     2.8362    30.2921    30.2999  1024.1904    24.1416    325.980    309.458  335.64933     97.119     0.1050     0.2820     0.4660 3.2027e-02      20385         12  0.000e+00
     10.233   71.83034 -165.96428     10.339     2.8360     2.8320     2.8355    30.2927    30.2996  1024.1909    24.1421    325.970    309.460  335.65411     97.115     0.1050     0.2820     0.4649 3.2027e-02      20386         12  0.000e+00
     10.202   71.83034 -165.96428     10.308     2.8355     2.8323     2.8350    30.2936    30.2993  1024.1916    24.1429    326.178    309.454  335.65576     97.176     0.1050     0.2820     0.4660 3.5021e-02      20387         12  0.000e+00
     10.233   71.83034 -165.96428     10.339     2.8357     2.8324     2.8352    30.2928    30.2991  1024.1910    24.1422    326.015    309.446  335.65652     97.127     0.1050     0.2820     0.4649 4.0740e-02      20388         12  0.000e+00
     10.233   71.83034 -165.96428     10.339     2.8352     2.8322     2.8347    30.2931    30.2998  1024.1914    24.1426    326.041    309.435  335.65960     97.134     0.1050     0.2820     0.4649 4.2542e-02      20389         12  0.000e+00
     10.233   71.83034 -165.96428     10.339     2.8354     2.8318     2.8349    30.2935    30.2993  1024.1916    24.1428    326.062    309.424  335.65745     97.141     0.1074     0.2967     0.4660 4.2542e-02      20390         12  0.000e+00
     10.233   71.83034 -165.96428     10.339     2.8354     2.8318     2.8349    30.2934    30.2992  1024.1916    24.1428    325.866    309.405  335.65765     97.083     0.1111     0.3187     0.4660 4.2089e-02      20391         12  0.000e+00
     10.233   71.83034 -165.96428     10.339     2.8355     2.8318     2.8350    30.2938    30.2993  1024.1918    24.1431    326.078    309.604  335.65530     97.147     0.1111     0.3187     0.4660 4.2542e-02      20392         12  0.000e+00
     10.233   71.83034 -165.96428     10.339     2.8355     2.8318     2.8350    30.2944    30.2995  1024.1923    24.1436    326.106    309.425  335.65372     97.156     0.1123     0.3260     0.4672 4.1188e-02      20393         12  0.000e+00
     10.202   71.83034 -165.96428     10.308     2.8360     2.8320     2.8355    30.2937    30.2995  1024.1916    24.1429    326.133    309.616  335.65150     97.164     0.1111     0.3187     0.4672 3.5021e-02      20394         12  0.000e+00
     10.344   71.83034 -165.96428     10.451     2.8369     2.8281     2.8364    30.2930    30.2974  1024.1917    24.1424    326.314    308.919  335.64555     97.220     0.1111     0.3187     0.4684 8.4714e-06      20594         13  0.000e+00
     10.344   71.83034 -165.96428     10.451     2.8368     2.8276     2.8362    30.2931    30.2975  1024.1917    24.1424    326.310    308.918  335.64671     97.218     0.1123     0.3260     0.4672 1.0000e-12      20595         13  0.000e+00
     10.344   71.83034 -165.96428     10.451     2.8368     2.8278     2.8362    30.2934    30.2976  1024.1920    24.1427    326.339    308.911  335.64582     97.227     0.1136     0.3333     0.4672 1.6876e-03      20596         13  0.000e+00
     10.321   71.83034 -165.96428     10.428     2.8368     2.8277     2.8362    30.2934    30.2974  1024.1919    24.1426    326.368    308.929  335.64598     97.236     0.1136     0.3333     0.4672 5.8152e-03      20597         13  0.000e+00
