EcoFOCI/data/1_SampleCollection/2023_SikuliaqDBO_CruiseData/CTD_raw_BottleFile_SKQ23-12S/proc/skq202312s_033svp.cnv
* Sea-Bird SBE 9 Data File:
* FileName = D:\CTD\SKQ202312S\SKQ202312S_033.hex
* Software Version Seasave V 7.26.7.121
* Temperature SN = 6177
* Conductivity SN = 0369
* Number of Bytes Per Scan = 41
* Number of Voltage Words = 4
* Number of Scans Averaged by the Deck Unit = 1
* NMEA Latitude = 71 34.65 N
* NMEA Longitude = 157 50.24 W
* NMEA UTC (Time) = Sep 21 2023  14:22:10
* NMEA baud rate = 4800
** Ship: R/V Sikuliaq
** Station Number: 033
** Station Name: DBO5.9
** Bottom Depth: 66
** Operator: SD
# nquan = 7
# nvalues = 6364                                  
# units = specified
# name 0 = depSM: Depth [salt water, m]
# name 1 = latitude: Latitude [deg]
# name 2 = longitude: Longitude [deg]
# name 3 = t090C: Temperature [ITS-90, deg C]
# name 4 = sal00: Salinity, Practical [PSU]
# name 5 = svCM: Sound Velocity [Chen-Millero, m/s]
# name 6 = flag:  0.000e+00
# span 0 =      2.472,     59.570                 
# span 1 =   71.57744,   71.57752                 
# span 2 = -157.83780, -157.83732                 
# span 3 =    -1.6373,     2.2384                 
# span 4 =    29.9692,    32.9009                 
# span 5 =    1439.13,    1452.86                 
# span 6 = 0.0000e+00, 0.0000e+00                 
# interval = seconds: 0.0416667
# start_time = Sep 21 2023 14:28:00 [NMEA time, first data scan]
# bad_flag = -9.990e-29
*END*
[from data line 3283]
     38.940   71.57750 -157.83744    -1.5086    32.5600    1439.41  0.000e+00
     39.009   71.57750 -157.83744    -1.5094    32.5606    1439.41  0.000e+00
     39.009   71.57750 -157.83744    -1.5103    32.5615    1439.41  0.000e+00
     39.110   71.57750 -157.83744    -1.5112    32.5619    1439.41  0.000e+00
     39.125   71.57750 -157.83744    -1.5119    32.5625    1439.40  0.000e+00
     39.125   71.57750 -157.83744    -1.5127    32.5631    1439.40  0.000e+00
     39.171   71.57750 -157.83744    -1.5130    32.5638    1439.40  0.000e+00
     39.241   71.57750 -157.83744    -1.5136    32.5643    1439.40  0.000e+00
     39.295   71.57750 -157.83744    -1.5142    32.5647    1439.40  0.000e+00
     39.341   71.57750 -157.83744    -1.5142    32.5646    1439.40  0.000e+00
     39.356   71.57750 -157.83744    -1.5145    32.5651    1439.40  0.000e+00
     39.410   71.57750 -157.83744    -1.5147    32.5654    1439.40  0.000e+00
     39.464   71.57750 -157.83744    -1.5153    32.5657    1439.40  0.000e+00
     39.457   71.57750 -157.83744    -1.5151    32.5656    1439.40  0.000e+00
     39.526   71.57750 -157.83744    -1.5153    32.5658    1439.40  0.000e+00
     39.580   71.57750 -157.83744    -1.5154    32.5659    1439.40  0.000e+00
     39.626   71.57750 -157.83744    -1.5157    32.5663    1439.40  0.000e+00
     39.642   71.57750 -157.83744    -1.5157    32.5657    1439.40  0.000e+00
     39.696   71.57750 -157.83744    -1.5159    32.5663    1439.40  0.000e+00
     39.742   71.57750 -157.83744    -1.5161    32.5669    1439.40  0.000e+00
     39.811   71.57750 -157.83744    -1.5160    32.5664    1439.40  0.000e+00
     39.811   71.57750 -157.83744    -1.5165    32.5671    1439.40  0.000e+00
     39.858   71.57750 -157.83744    -1.5164    32.5669    1439.40  0.000e+00
     39.865   71.57750 -157.83744    -1.5164    32.5669    1439.40  0.000e+00
     39.927   71.57750 -157.83744    -1.5166    32.5672    1439.40  0.000e+00
     39.973   71.57750 -157.83744    -1.5166    32.5672    1439.40  0.000e+00
     40.043   71.57750 -157.83744    -1.5172    32.5680    1439.40  0.000e+00
     40.043   71.57750 -157.83744    -1.5171    32.5679    1439.40  0.000e+00
     40.097   71.57750 -157.83744    -1.5173    32.5681    1439.40  0.000e+00
     40.143   71.57750 -157.83744    -1.5177    32.5685    1439.40  0.000e+00
     40.151   71.57750 -157.83744    -1.5179    32.5689    1439.40  0.000e+00
     40.213   71.57750 -157.83744    -1.5182    32.5688    1439.40  0.000e+00
     40.259   71.57750 -157.83744    -1.5184    32.5691    1439.40  0.000e+00
     40.213   71.57750 -157.83744    -1.5188    32.5701    1439.40  0.000e+00
     40.328   71.57750 -157.83744    -1.5188    32.5702    1439.40  0.000e+00
     40.321   71.57750 -157.83744    -1.5193    32.5707    1439.40  0.000e+00
     40.382   71.57750 -157.83744    -1.5193    32.5705    1439.40  0.000e+00
     40.382   71.57750 -157.83744    -1.5195    32.5713    1439.40  0.000e+00
     40.382   71.57750 -157.83744    -1.5197    32.5720    1439.40  0.000e+00
     40.490   71.57750 -157.83744    -1.5199    32.5726    1439.40  0.000e+00
     40.498   71.57750 -157.83744    -1.5202    32.5730    1439.40  0.000e+00
     40.498   71.57750 -157.83744    -1.5200    32.5731    1439.40  0.000e+00
     40.544   71.57750 -157.83744    -1.5205    32.5737    1439.40  0.000e+00
     40.498   71.57750 -157.83744    -1.5205    32.5741    1439.40  0.000e+00
     40.614   71.57750 -157.83744    -1.5204    32.5741    1439.40  0.000e+00
     40.614   71.57750 -157.83744    -1.5206    32.5743    1439.40  0.000e+00
     40.606   71.57750 -157.83744    -1.5206    32.5750    1439.40  0.000e+00
     40.668   71.57750 -157.83744    -1.5208    32.5749    1439.40  0.000e+00
     40.668   71.57750 -157.83744    -1.5210    32.5753    1439.40  0.000e+00
     40.722   71.57750 -157.83744    -1.5206    32.5746    1439.40  0.000e+00
     40.729   71.57750 -157.83744    -1.5211    32.5750    1439.40  0.000e+00
     40.729   71.57750 -157.83744    -1.5212    32.5758    1439.40  0.000e+00
     40.729   71.57750 -157.83744    -1.5211    32.5755    1439.40  0.000e+00
     40.776   71.57750 -157.83744    -1.5210    32.5760    1439.40  0.000e+00
     40.845   71.57750 -157.83744    -1.5210    32.5759    1439.41  0.000e+00
     40.783   71.57750 -157.83744    -1.5214    32.5762    1439.40  0.000e+00
     40.830   71.57750 -157.83744    -1.5211    32.5761    1439.41  0.000e+00
     40.845   71.57750 -157.83744    -1.5211    32.5768    1439.41  0.000e+00
     40.845   71.57750 -157.83744    -1.5209    32.5766    1439.41  0.000e+00
     40.830   71.57750 -157.83744    -1.5211    32.5767    1439.41  0.000e+00
     40.899   71.57750 -157.83744    -1.5211    32.5769    1439.41  0.000e+00
     40.899   71.57750 -157.83744    -1.5210    32.5768    1439.41  0.000e+00
     40.899   71.57750 -157.83744    -1.5210    32.5772    1439.41  0.000e+00
     40.945   71.57750 -157.83744    -1.5211    32.5772    1439.41  0.000e+00
     40.899   71.57750 -157.83744    -1.5210    32.5771    1439.41  0.000e+00
     40.953   71.57750 -157.83744    -1.5211    32.5770    1439.41  0.000e+00
     40.830   71.57750 -157.83744    -1.5209    32.5768    1439.41  0.000e+00
     41.069   71.57750 -157.83744    -1.5208    32.5768    1439.41  0.000e+00
     40.953   71.57750 -157.83744    -1.5210    32.5771    1439.41  0.000e+00
     40.953   71.57750 -157.83744    -1.5206    32.5764    1439.41  0.000e+00
     40.945   71.57750 -157.83742    -1.5210    32.5773    1439.41  0.000e+00
     40.953   71.57750 -157.83742    -1.5208    32.5776    1439.41  0.000e+00
     41.015   71.57750 -157.83742    -1.5208    32.5775    1439.41  0.000e+00
     40.953   71.57750 -157.83742    -1.5207    32.5774    1439.41  0.000e+00
     41.007   71.57750 -157.83742    -1.5210    32.5776    1439.41  0.000e+00
     41.015   71.57750 -157.83742    -1.5206    32.5770    1439.41  0.000e+00
     41.015   71.57750 -157.83742    -1.5206    32.5769    1439.41  0.000e+00
     41.007   71.57750 -157.83742    -1.5202    32.5767    1439.41  0.000e+00
     41.015   71.57750 -157.83742    -1.5200    32.5764    1439.41  0.000e+00
     40.953   71.57750 -157.83742    -1.5202    32.5772    1439.41  0.000e+00
     41.069   71.57750 -157.83742    -1.5202    32.5767    1439.41  0.000e+00
     41.007   71.57750 -157.83742    -1.5197    32.5759    1439.41  0.000e+00
     40.953   71.57750 -157.83742    -1.5200    32.5763    1439.41  0.000e+00
     41.069   71.57750 -157.83742    -1.5200    32.5763    1439.41  0.000e+00
     41.007   71.57750 -157.83742    -1.5203    32.5760    1439.41  0.000e+00
     41.015   71.57750 -157.83742    -1.5199    32.5746    1439.41  0.000e+00
     41.015   71.57750 -157.83742    -1.5190    32.5732    1439.41  0.000e+00
     41.015   71.57750 -157.83742    -1.5176    32.5709    1439.42  0.000e+00
     41.061   71.57750 -157.83742    -1.5164    32.5685    1439.42  0.000e+00
     40.953   71.57750 -157.83742    -1.5156    32.5677    1439.42  0.000e+00
     41.015   71.57750 -157.83742    -1.5153    32.5671    1439.42  0.000e+00
     41.061   71.57750 -157.83742    -1.5148    32.5661    1439.43  0.000e+00
     41.014   71.57750 -157.83742    -1.5147    32.5661    1439.43  0.000e+00
     40.953   71.57750 -157.83742    -1.5147    32.5660    1439.42  0.000e+00
     41.068   71.57752 -157.83742    -1.5156    32.5670    1439.42  0.000e+00
     41.007   71.57752 -157.83742    -1.5157    32.5679    1439.42  0.000e+00
     41.014   71.57752 -157.83742    -1.5161    32.5683    1439.42  0.000e+00
     41.014   71.57752 -157.83742    -1.5157    32.5678    1439.42  0.000e+00
     41.007   71.57752 -157.83742    -1.5157    32.5672    1439.42  0.000e+00
     41.014   71.57752 -157.83742    -1.5151    32.5670    1439.42  0.000e+00
     41.014   71.57752 -157.83742    -1.5156    32.5673    1439.42  0.000e+00
     41.068   71.57752 -157.83742    -1.5156    32.5677    1439.42  0.000e+00
     41.007   71.57752 -157.83742    -1.5156    32.5676    1439.42  0.000e+00
     41.014   71.57752 -157.83742    -1.5159    32.5679    1439.42  0.000e+00
     41.014   71.57752 -157.83742    -1.5159    32.5687    1439.42  0.000e+00
     41.061   71.57752 -157.83742    -1.5164    32.5694    1439.42  0.000e+00
     41.014   71.57752 -157.83742    -1.5168    32.5705    1439.42  0.000e+00
     41.068   71.57752 -157.83742    -1.5169    32.5713    1439.42  0.000e+00
     41.014   71.57752 -157.83742    -1.5175    32.5718    1439.42  0.000e+00
     41.061   71.57752 -157.83742    -1.5175    32.5719    1439.42  0.000e+00
     41.068   71.57752 -157.83742    -1.5176    32.5719    1439.42  0.000e+00
     41.068   71.57752 -157.83742    -1.5172    32.5712    1439.42  0.000e+00
     41.061   71.57752 -157.83742    -1.5166    32.5699    1439.42  0.000e+00
     41.068   71.57752 -157.83742    -1.5161    32.5690    1439.42  0.000e+00
     41.068   71.57752 -157.83742    -1.5157    32.5687    1439.42  0.000e+00
     41.130   71.57752 -157.83742    -1.5156    32.5687    1439.43  0.000e+00
     41.122   71.57752 -157.83742    -1.5157    32.5692    1439.43  0.000e+00
     41.068   71.57752 -157.83742    -1.5156    32.5693    1439.43  0.000e+00
     41.130   71.57752 -157.83742    -1.5159    32.5697    1439.43  0.000e+00
     41.130   71.57752 -157.83742    -1.5157    32.5691    1439.43  0.000e+00
     41.176   71.57752 -157.83742    -1.5161    32.5689    1439.43  0.000e+00
     41.130   71.57752 -157.83742    -1.5157    32.5683    1439.43  0.000e+00
     41.184   71.57752 -157.83742    -1.5157    32.5679    1439.43  0.000e+00
     41.176   71.57752 -157.83742    -1.5157    32.5684    1439.43  0.000e+00
     41.184   71.57752 -157.83742    -1.5154    32.5679    1439.43  0.000e+00
     41.246   71.57752 -157.83742    -1.5157    32.5689    1439.43  0.000e+00
     41.246   71.57752 -157.83742    -1.5156    32.5690    1439.43  0.000e+00
     41.230   71.57752 -157.83742    -1.5162    32.5705    1439.43  0.000e+00
     41.246   71.57752 -157.83742    -1.5169    32.5729    1439.43  0.000e+00
     41.300   71.57752 -157.83742    -1.5179    32.5753    1439.43  0.000e+00
     41.292   71.57752 -157.83742    -1.5190    32.5772    1439.42  0.000e+00
     41.300   71.57752 -157.83742    -1.5195    32.5784    1439.42  0.000e+00
     41.354   71.57752 -157.83742    -1.5203    32.5800    1439.42  0.000e+00
     41.354   71.57752 -157.83742    -1.5208    32.5814    1439.42  0.000e+00
     41.346   71.57752 -157.83742    -1.5214    32.5827    1439.42  0.000e+00
     41.415   71.57752 -157.83742    -1.5219    32.5832    1439.42  0.000e+00
     41.415   71.57752 -157.83742    -1.5220    32.5838    1439.42  0.000e+00
     41.415   71.57752 -157.83742    -1.5226    32.5850    1439.42  0.000e+00
     41.462   71.57752 -157.83742    -1.5228    32.5856    1439.42  0.000e+00
     41.469   71.57752 -157.83742    -1.5233    32.5863    1439.42  0.000e+00
     41.531   71.57752 -157.83742    -1.5234    32.5865    1439.42  0.000e+00
     41.523   71.57752 -157.83742    -1.5236    32.5871    1439.42  0.000e+00
     41.531   71.57752 -157.83742    -1.5239    32.5875    1439.42  0.000e+00
     41.585   71.57752 -157.83742    -1.5238    32.5876    1439.42  0.000e+00
     41.585   71.57752 -157.83742    -1.5240    32.5876    1439.42  0.000e+00
     41.631   71.57752 -157.83742    -1.5240    32.5878    1439.42  0.000e+00
     41.701   71.57752 -157.83742    -1.5243    32.5887    1439.42  0.000e+00
     41.647   71.57752 -157.83742    -1.5242    32.5885    1439.42  0.000e+00
     41.755   71.57752 -157.83742    -1.5242    32.5889    1439.42  0.000e+00
     41.693   71.57752 -157.83742    -1.5245    32.5892    1439.42  0.000e+00
     41.755   71.57752 -157.83742    -1.5244    32.5895    1439.42  0.000e+00
     41.816   71.57752 -157.83742    -1.5248    32.5898    1439.42  0.000e+00
     41.863   71.57752 -157.83742    -1.5248    32.5901    1439.42  0.000e+00
     41.816   71.57752 -157.83742    -1.5250    32.5910    1439.42  0.000e+00
     41.932   71.57752 -157.83742    -1.5252    32.5913    1439.42  0.000e+00
     41.932   71.57752 -157.83742    -1.5252    32.5917    1439.42  0.000e+00
     41.924   71.57752 -157.83742    -1.5254    32.5923    1439.42  0.000e+00
     41.986   71.57752 -157.83742    -1.5256    32.5927    1439.43  0.000e+00
     41.986   71.57752 -157.83742    -1.5254    32.5929    1439.43  0.000e+00
     42.048   71.57752 -157.83742    -1.5257    32.5932    1439.43  0.000e+00
     42.094   71.57752 -157.83742    -1.5257    32.5935    1439.43  0.000e+00
     42.156   71.57752 -157.83742    -1.5256    32.5938    1439.43  0.000e+00
     42.102   71.57752 -157.83742    -1.5254    32.5937    1439.43  0.000e+00
     42.217   71.57752 -157.83742    -1.5254    32.5937    1439.43  0.000e+00
     42.210   71.57752 -157.83742    -1.5255    32.5942    1439.43  0.000e+00
     42.271   71.57752 -157.83742    -1.5256    32.5940    1439.43  0.000e+00
     42.271   71.57750 -157.83742    -1.5257    32.5948    1439.43  0.000e+00
     42.333   71.57750 -157.83742    -1.5255    32.5955    1439.43  0.000e+00
     42.325   71.57750 -157.83742    -1.5257    32.5970    1439.44  0.000e+00
     42.387   71.57750 -157.83742    -1.5258    32.5980    1439.44  0.000e+00
     42.387   71.57750 -157.83742    -1.5259    32.5991    1439.44  0.000e+00
     42.503   71.57750 -157.83742    -1.5259    32.5996    1439.44  0.000e+00
     42.495   71.57750 -157.83742    -1.5258    32.5997    1439.44  0.000e+00
     42.503   71.57750 -157.83742    -1.5259    32.6002    1439.44  0.000e+00
     42.618   71.57750 -157.83742    -1.5262    32.6006    1439.44  0.000e+00
     42.557   71.57750 -157.83742    -1.5262    32.6004    1439.44  0.000e+00
     42.611   71.57750 -157.83742    -1.5260    32.6004    1439.44  0.000e+00
     42.672   71.57750 -157.83742    -1.5262    32.6011    1439.44  0.000e+00
     42.734   71.57750 -157.83742    -1.5263    32.6009    1439.44  0.000e+00
     42.734   71.57750 -157.83742    -1.5263    32.6005    1439.44  0.000e+00
     42.780   71.57750 -157.83742    -1.5265    32.6008    1439.44  0.000e+00
     42.850   71.57750 -157.83742    -1.5271    32.6012    1439.44  0.000e+00
     42.788   71.57750 -157.83742    -1.5274    32.6011    1439.44  0.000e+00
     42.904   71.57750 -157.83742    -1.5280    32.6014    1439.44  0.000e+00
     42.896   71.57750 -157.83742    -1.5282    32.6021    1439.44  0.000e+00
     42.958   71.57750 -157.83742    -1.5285    32.6030    1439.44  0.000e+00
     42.958   71.57750 -157.83742    -1.5286    32.6034    1439.44  0.000e+00
     42.958   71.57750 -157.83742    -1.5292    32.6045    1439.44  0.000e+00
     43.066   71.57750 -157.83742    -1.5293    32.6056    1439.44  0.000e+00
     43.073   71.57750 -157.83742    -1.5294    32.6066    1439.44  0.000e+00
     43.135   71.57750 -157.83742    -1.5300    32.6082    1439.44  0.000e+00
     43.073   71.57750 -157.83742    -1.5304    32.6098    1439.44  0.000e+00
     43.181   71.57750 -157.83742    -1.5308    32.6109    1439.44  0.000e+00
     43.189   71.57750 -157.83742    -1.5309    32.6116    1439.45  0.000e+00
     43.251   71.57750 -157.83742    -1.5311    32.6120    1439.45  0.000e+00
     43.251   71.57750 -157.83742    -1.5315    32.6127    1439.44  0.000e+00
     43.297   71.57750 -157.83742    -1.5317    32.6136    1439.45  0.000e+00
     43.305   71.57750 -157.83742    -1.5320    32.6134    1439.44  0.000e+00
     43.305   71.57750 -157.83742    -1.5321    32.6136    1439.44  0.000e+00
     43.359   71.57750 -157.83742    -1.5324    32.6140    1439.44  0.000e+00
     43.359   71.57750 -157.83742    -1.5331    32.6149    1439.44  0.000e+00
     43.413   71.57750 -157.83742    -1.5332    32.6153    1439.44  0.000e+00
     43.475   71.57750 -157.83742    -1.5335    32.6159    1439.44  0.000e+00
     43.475   71.57750 -157.83742    -1.5334    32.6153    1439.44  0.000e+00
