EcoFOCI/data/1_SampleCollection/2023_SikuliaqDBO_CruiseData/CTD_raw_BottleFile_SKQ23-12S/proc/skq202312s_036avg.cnv
* Sea-Bird SBE 9 Data File:
* FileName = D:\CTD\SKQ202312S\SKQ202312S_036.hex
* Software Version Seasave V 7.26.7.121
* Temperature SN = 6177
* Conductivity SN = 0369
* Number of Bytes Per Scan = 41
* Number of Voltage Words = 4
* Number of Scans Averaged by the Deck Unit = 1
* NMEA Latitude = 72 27.93 N
* NMEA Longitude = 156 32.77 W
* NMEA UTC (Time) = Sep 22 2023  14:08:00
* NMEA baud rate = 4800
** Ship: R/V Sikuliaq
** Station Number: 036
** Station Name: CK9
** Bottom Depth: 990
** Operator: SD
# nquan = 25
# nvalues = 991                         
# units = specified
# name 0 = depSM: Depth [salt water, m]
# name 1 = latitude: Latitude [deg]
# name 2 = longitude: Longitude [deg]
# name 3 = prDM: Pressure, Digiquartz [db]
# name 4 = t090C: Temperature [ITS-90, deg C]
# name 5 = t190C: Temperature, 2 [ITS-90, deg C]
# name 6 = potemp090C: Potential Temperature [ITS-90, deg C]
# name 7 = sal00: Salinity, Practical [PSU]
# name 8 = sal11: Salinity, Practical, 2 [PSU]
# name 9 = density00: Density [density, kg/m^3]
# name 10 = sigma-é00: Density [sigma-theta, kg/m^3]
# name 11 = sbox0Mm/Kg: Oxygen, SBE 43 [umol/kg]
# name 12 = sbox1Mm/Kg: Oxygen, SBE 43, 2 [umol/kg]
# name 13 = oxsolMm/Kg: Oxygen Saturation, Garcia & Gordon [umol/kg]
# name 14 = sbeox0PS: Oxygen, SBE 43 [% saturation]
# name 15 = sbeox1PS: Oxygen, SBE 43, 2 [% saturation]
# name 16 = v0: Voltage 0
# name 17 = flECO-AFL: Fluorescence, WET Labs ECO-AFL/FL [mg/m^3]
# name 18 = v1: Voltage 1
# name 19 = CStarAt0: Beam Attenuation, WET Labs C-Star [1/m]
# name 20 = par: PAR/Irradiance, Biospherical/Licor
# name 21 = scan: Scan Count
# name 22 = timeM: Time, Elapsed [minutes]
# name 23 = nbin: number of scans per bin
# name 24 = flag: flag
# span 0 =      3.959,    981.449       
# span 1 =   72.46518,   72.46554       
# span 2 = -156.54650, -156.54612       
# span 3 =      4.000,    994.000       
# span 4 =    -1.6669,     3.5219       
# span 5 =    -1.6656,     3.5225       
# span 6 =    -1.6692,     3.5217       
# span 7 =    27.5792,    34.8590       
# span 8 =    27.5900,    34.8688       
# span 9 =  1021.9464,  1032.6561       
# span 10 =    21.9275,    27.9809      
# span 11 =    257.654,    386.366      
# span 12 =    243.681,    362.997      
# span 13 =  336.83840,  369.69062      
# span 14 =     73.070,    106.684      
# span 15 =     69.216,    101.004      
# span 16 =     0.0563,     0.1790      
# span 17 =    -0.0103,     0.7258      
# span 18 =     3.9564,     4.2681      
# span 19 =     0.3961,     0.6995      
# span 20 = -1.928e-04, 2.8560e-01      
# span 21 =        587,      33161      
# span 22 =     0.4072,    23.0277      
# span 23 =          1,        777      
# span 24 = 0.0000e+00, 0.0000e+00      
# interval = decibars: 1                
# start_time = Sep 22 2023 14:11:59 [NMEA time, first data scan]
# bad_flag = -9.990e-29
*END*
[from data line 464]
    462.674   72.46538 -156.54628    468.000     0.8665     0.8679     0.8445    34.8371    34.8473  1030.1306    27.9249    282.459    268.710  340.68990     82.908     78.881     0.0577    -0.0020     4.2509     0.4122 4.8433e-06      15846    11.0034         21 0.0000e+00
    463.661   72.46538 -156.54628    469.000     0.8661     0.8675     0.8440    34.8371    34.8473  1030.1353    27.9249    282.431    268.589  340.69377     82.899     78.845     0.0579    -0.0005     4.2491     0.4140 6.0888e-06      15865    11.0167         18 0.0000e+00
    464.648   72.46538 -156.54628    470.000     0.8646     0.8660     0.8426    34.8372    34.8475  1030.1402    27.9250    282.553    268.334  340.70593     82.932     78.767     0.0580    -0.0001     4.2491     0.4140 4.7920e-06      15882    11.0286         16 0.0000e+00
    465.636   72.46538 -156.54630    471.000     0.8634     0.8652     0.8413    34.8375    34.8475  1030.1452    27.9253    282.613    268.442  340.71561     82.947     78.797     0.0576    -0.0022     4.2488     0.4143 6.3167e-06      15900    11.0410         20 0.0000e+00
    466.623   72.46538 -156.54630    472.000     0.8604     0.8621     0.8382    34.8376    34.8479  1030.1502    27.9256    282.407    268.284  340.74195     82.880     78.745     0.0570    -0.0063     4.2480     0.4151 6.4139e-06      15925    11.0586         33 0.0000e+00
    467.611   72.46538 -156.54630    473.000     0.8588     0.8604     0.8366    34.8378    34.8479  1030.1552    27.9259    281.913    268.498  340.75493     82.732     78.804     0.0579    -0.0007     4.2474     0.4155 5.7971e-06      15962    11.0838         35 0.0000e+00
    468.598   72.46538 -156.54630    474.000     0.8589     0.8603     0.8366    34.8379    34.8481  1030.1599    27.9259    282.386    268.821  340.75408     82.871     78.899     0.0580    -0.0000     4.2481     0.4149 6.0054e-06      15991    11.1043         24 0.0000e+00
    469.586   72.46538 -156.54630    475.000     0.8577     0.8592     0.8354    34.8379    34.8481  1030.1647    27.9260    282.535    269.130  340.76416     82.912     78.988     0.0570    -0.0060     4.2494     0.4137 5.4944e-06      16013    11.1195         20 0.0000e+00
    470.573   72.46537 -156.54630    476.000     0.8566     0.8582     0.8342    34.8381    34.8483  1030.1697    27.9263    282.579    269.076  340.77373     82.923     78.970     0.0570    -0.0063     4.2500     0.4131 5.9790e-06      16031    11.1319         17 0.0000e+00
    471.561   72.46536 -156.54630    477.000     0.8568     0.8584     0.8345    34.8382    34.8481  1030.1744    27.9264    282.552    268.597  340.77119     82.915     78.829     0.0580    -0.0002     4.2503     0.4128 6.4816e-06      16048    11.1438         17 0.0000e+00
    472.548   72.46538 -156.54630    478.000     0.8575     0.8596     0.8350    34.8382    34.8481  1030.1791    27.9263    282.167    267.839  340.76580     82.804     78.610     0.0586     0.0036     4.2498     0.4133 6.8560e-06      16067    11.1569         21 0.0000e+00
    473.536   72.46538 -156.54630    479.000     0.8575     0.8590     0.8350    34.8379    34.8482  1030.1835    27.9260    282.082    267.628  340.76631     82.779     78.546     0.0572    -0.0051     4.2506     0.4125 5.7484e-06      16094    11.1757         34 0.0000e+00
    474.523   72.46538 -156.54630    480.000     0.8542     0.8556     0.8316    34.8379    34.8481  1030.1885    27.9263    282.452    268.282  340.79532     82.880     78.731     0.0568    -0.0073     4.2511     0.4120 5.6440e-06      16129    11.2003         33 0.0000e+00
    475.511   72.46538 -156.54630    481.000     0.8533     0.8549     0.8308    34.8381    34.8481  1030.1934    27.9265    282.590    268.175  340.80208     82.919     78.699     0.0579    -0.0004     4.2515     0.4117 4.6874e-06      16160    11.2214         25 0.0000e+00
    476.498   72.46536 -156.54630    482.000     0.8533     0.8548     0.8306    34.8382    34.8483  1030.1982    27.9266    282.638    267.538  340.80234     82.933     78.512     0.0581     0.0004     4.2515     0.4117 5.5417e-06      16182    11.2365         20 0.0000e+00
    477.486   72.46536 -156.54630    483.000     0.8547     0.8565     0.8320    34.8388    34.8485  1030.2032    27.9269    282.628    267.573  340.78860     82.934     78.525     0.0588     0.0050     4.2515     0.4117 4.9676e-06      16200    11.2490         17 0.0000e+00
    478.473   72.46536 -156.54630    484.000     0.8550     0.8567     0.8323    34.8388    34.8488  1030.2079    27.9269    282.661    267.768  340.78590     82.944     78.583     0.0590     0.0059     4.2504     0.4127 6.2495e-06      16217    11.2612         19 0.0000e+00
    479.460   72.46536 -156.54630    485.000     0.8560     0.8577     0.8332    34.8389    34.8489  1030.2126    27.9270    282.630    268.032  340.77658     82.937     78.663     0.0595     0.0088     4.2515     0.4117 5.2523e-06      16237    11.2749         21 0.0000e+00
    480.448   72.46536 -156.54630    486.000     0.8574     0.8591     0.8345    34.8391    34.8491  1030.2173    27.9271    282.373    268.281  340.76431     82.865     78.739     0.0592     0.0073     4.2528     0.4105 6.8594e-06      16261    11.2915         26 0.0000e+00
    481.435   72.46538 -156.54630    487.000     0.8581     0.8596     0.8352    34.8389    34.8491  1030.2218    27.9269    282.255    268.701  340.75854     82.831     78.863     0.0572    -0.0051     4.2546     0.4088 5.5564e-06      16290    11.3115         32 0.0000e+00
    482.423   72.46538 -156.54630    488.000     0.8581     0.8596     0.8351    34.8390    34.8490  1030.2265    27.9269    282.477    268.970  340.75845     82.897     78.942     0.0574    -0.0036     4.2550     0.4084 5.7495e-06      16323    11.3347         31 0.0000e+00
    483.410   72.46536 -156.54630    489.000     0.8583     0.8597     0.8353    34.8392    34.8491  1030.2314    27.9271    282.669    268.887  340.75609     82.954     78.918     0.0566    -0.0083     4.2551     0.4083 6.0198e-06      16352    11.3545         24 0.0000e+00
    484.397   72.46536 -156.54630    490.000     0.8586     0.8603     0.8355    34.8391    34.8491  1030.2360    27.9270    282.957    268.763  340.75366     83.038     78.883     0.0579    -0.0009     4.2552     0.4082 5.9272e-06      16373    11.3697         20 0.0000e+00
    485.385   72.46536 -156.54630    491.000     0.8587     0.8601     0.8355    34.8392    34.8492  1030.2408    27.9271    283.109    268.676  340.75263     83.083     78.857     0.0583     0.0016     4.2546     0.4088 6.5842e-06      16391    11.3822         18 0.0000e+00
    486.372   72.46536 -156.54630    492.000     0.8603     0.8618     0.8371    34.8394    34.8493  1030.2454    27.9271    282.952    268.744  340.73774     83.041     78.880     0.0588     0.0048     4.2549     0.4085 2.8067e-06      16408    11.3936         16 0.0000e+00
    487.360   72.46536 -156.54630    493.000     0.8604     0.8621     0.8372    34.8394    34.8492  1030.2501    27.9271    282.510    268.687  340.73689     82.912     78.864     0.0601     0.0129     4.2562     0.4073 4.9204e-06      16425    11.4053         17 0.0000e+00
    488.347   72.46536 -156.54630    494.000     0.8610     0.8629     0.8377    34.8391    34.8491  1030.2546    27.9269    282.493    268.523  340.73249     82.907     78.818     0.0586     0.0036     4.2560     0.4075 7.2599e-06      16448    11.4215         32 0.0000e+00
    489.335   72.46538 -156.54630    495.000     0.8604     0.8613     0.8371    34.8394    34.8495  1030.2595    27.9271    282.647    268.774  340.73689     82.952     78.888     0.0579    -0.0006     4.2563     0.4072 6.2890e-06      16493    11.4528         48 0.0000e+00
    490.322   72.46536 -156.54630    496.000     0.8605     0.8615     0.8371    34.8394    34.8495  1030.2642    27.9271    282.908    269.417  340.73615     83.028     79.077     0.0579    -0.0005     4.2573     0.4062 5.5182e-06      16526    11.4759         23 0.0000e+00
    491.309   72.46536 -156.54630    497.000     0.8600     0.8617     0.8366    34.8399    34.8499  1030.2693    27.9276    282.995    269.303  340.73907     83.053     79.044     0.0569    -0.0065     4.2567     0.4068 5.6477e-06      16547    11.4899         18 0.0000e+00
    492.296   72.46536 -156.54630    498.000     0.8595     0.8609     0.8361    34.8404    34.8505  1030.2744    27.9280    283.133    269.092  340.74196     83.093     78.981     0.0565    -0.0090     4.2588     0.4049 5.0858e-06      16563    11.5013         15 0.0000e+00
    493.284   72.46536 -156.54630    499.000     0.8593     0.8608     0.8357    34.8406    34.8507  1030.2793    27.9282    283.122    268.808  340.74381     83.089     78.898     0.0565    -0.0091     4.2570     0.4066 5.0828e-06      16578    11.5119         15 0.0000e+00
    494.271   72.46536 -156.54630    500.000     0.8572     0.8587     0.8336    34.8407    34.8509  1030.2842    27.9284    283.002    268.608  340.76167     83.050     78.835     0.0564    -0.0099     4.2578     0.4058 6.2993e-06      16595    11.5234         20 0.0000e+00
    495.259   72.46536 -156.54630    501.000     0.8560     0.8575     0.8323    34.8410    34.8512  1030.2893    27.9287    282.495    267.971  340.77124     82.899     78.646     0.0579    -0.0004     4.2589     0.4048 4.4435e-06      16623    11.5428         37 0.0000e+00
    496.246   72.46536 -156.54630    502.000     0.8553     0.8568     0.8316    34.8412    34.8512  1030.2942    27.9289    282.652    268.744  340.77688     82.943     78.871     0.0589     0.0054     4.2583     0.4053 5.5608e-06      16656    11.5660         26 0.0000e+00
    497.233   72.46536 -156.54630    503.000     0.8530     0.8541     0.8293    34.8413    34.8515  1030.2991    27.9291    283.036    269.441  340.79678     83.051     79.071     0.0569    -0.0068     4.2571     0.4064 5.6473e-06      16679    11.5819         21 0.0000e+00
    498.221   72.46536 -156.54630    504.000     0.8510     0.8526     0.8273    34.8414    34.8516  1030.3041    27.9294    283.052    269.602  340.81334     83.052     79.115     0.0573    -0.0041     4.2578     0.4057 5.1777e-06      16698    11.5955         18 0.0000e+00
    499.208   72.46536 -156.54630    505.000     0.8497     0.8516     0.8258    34.8414    34.8517  1030.3089    27.9295    283.071    269.539  340.82555     83.055     79.094     0.0583     0.0016     4.2576     0.4059 6.3199e-06      16719    11.6097         24 0.0000e+00
    500.195   72.46536 -156.54630    506.000     0.8478     0.8500     0.8240    34.8416    34.8516  1030.3138    27.9297    283.195    268.697  340.84102     83.087     78.844     0.0584     0.0024     4.2578     0.4058 5.3552e-06      16747    11.6290         30 0.0000e+00
    501.183   72.46536 -156.54630    507.000     0.8470     0.8488     0.8231    34.8414    34.8516  1030.3184    27.9296    283.692    268.910  340.84848     83.231     78.904     0.0579    -0.0005     4.2568     0.4067 6.1150e-06      16776    11.6490         25 0.0000e+00
    502.170   72.46536 -156.54630    508.000     0.8457     0.8471     0.8218    34.8414    34.8515  1030.3233    27.9297    283.714    269.358  340.85962     83.235     79.032     0.0585     0.0030     4.2571     0.4064 6.1618e-06      16799    11.6651         22 0.0000e+00
    503.157   72.46536 -156.54630    509.000     0.8427     0.8443     0.8188    34.8411    34.8514  1030.3279    27.9297    283.528    269.567  340.88666     83.174     79.087     0.0585     0.0027     4.2566     0.4069 6.1003e-06      16822    11.6810         25 0.0000e+00
    504.144   72.46536 -156.54630    510.000     0.8421     0.8438     0.8180    34.8414    34.8515  1030.3329    27.9300    283.002    269.529  340.89162     83.018     79.075     0.0590     0.0061     4.2558     0.4077 4.9812e-06      16849    11.6998         29 0.0000e+00
    505.132   72.46536 -156.54630    511.000     0.8429     0.8444     0.8188    34.8416    34.8515  1030.3377    27.9301    283.033    269.423  340.88434     83.029     79.046     0.0585     0.0026     4.2543     0.4091 5.9097e-06      16875    11.7184         23 0.0000e+00
    506.119   72.46536 -156.54630    512.000     0.8431     0.8445     0.8190    34.8415    34.8516  1030.3423    27.9300    283.366    269.283  340.88225     83.127     79.005     0.0565    -0.0094     4.2538     0.4095 6.7124e-06      16897    11.7331         19 0.0000e+00
    507.106   72.46536 -156.54630    513.000     0.8427     0.8441     0.8185    34.8413    34.8515  1030.3469    27.9299    283.218    269.346  340.88697     83.083     79.023     0.0565    -0.0094     4.2545     0.4089 6.0992e-06      16915    11.7459         18 0.0000e+00
    508.093   72.46536 -156.54630    514.000     0.8427     0.8443     0.8184    34.8417    34.8516  1030.3518    27.9302    283.359    269.381  340.88547     83.124     79.033     0.0577    -0.0017     4.2540     0.4094 6.3467e-06      16934    11.7589         20 0.0000e+00
    509.081   72.46536 -156.54630    515.000     0.8429     0.8445     0.8186    34.8415    34.8517  1030.3564    27.9300    283.041    268.961  340.88375     83.032     78.911     0.0579    -0.0006     4.2540     0.4094 5.2062e-06      16957    11.7752         28 0.0000e+00
    510.068   72.46536 -156.54630    516.000     0.8430     0.8443     0.8187    34.8416    34.8516  1030.3611    27.9301    283.074    268.586  340.88268     83.041     78.800     0.0568    -0.0075     4.2525     0.4107 5.6515e-06      16989    11.7974         33 0.0000e+00
    511.055   72.46536 -156.54630    517.000     0.8434     0.8448     0.8190    34.8417    34.8517  1030.3659    27.9301    283.033    268.583  340.87889     83.030     78.800     0.0578    -0.0014     4.2536     0.4098 4.3602e-06      17020    11.8188         25 0.0000e+00
    512.043   72.46536 -156.54630    518.000     0.8435     0.8454     0.8191    34.8417    34.8518  1030.3705    27.9302    283.025    268.243  340.87818     83.028     78.702     0.0565    -0.0092     4.2520     0.4112 5.9406e-06      17043    11.8344         20 0.0000e+00
    513.030   72.46536 -156.54630    519.000     0.8427     0.8444     0.8183    34.8417    34.8518  1030.3753    27.9302    283.157    268.721  340.88484     83.065     78.840     0.0580    -0.0002     4.2531     0.4102 4.4505e-06      17062    11.8480         19 0.0000e+00
    514.017   72.46536 -156.54630    520.000     0.8432     0.8447     0.8187    34.8418    34.8517  1030.3800    27.9303    283.212    269.140  340.88032     83.083     78.963     0.0570    -0.0061     4.2537     0.4097 4.4205e-06      17083    11.8623         23 0.0000e+00
    515.004   72.46536 -156.54630    521.000     0.8383     0.8392     0.8137    34.8414    34.8519  1030.3848    27.9302    283.319    268.780  340.92475     83.103     78.847     0.0564    -0.0097     4.2540     0.4094 5.1363e-06      17108    11.8800         28 0.0000e+00
    515.992   72.46536 -156.54630    522.000     0.8347     0.8364     0.8101    34.8417    34.8519  1030.3900    27.9307    283.222    268.887  340.95528     83.067     78.872     0.0577    -0.0018     4.2577     0.4059 5.7761e-06      17138    11.9005         28 0.0000e+00
    516.979   72.46536 -156.54630    523.000     0.8342     0.8355     0.8095    34.8418    34.8519  1030.3948    27.9309    282.780    269.225  340.95916     82.937     78.970     0.0578    -0.0010     4.2602     0.4036 5.7613e-06      17165    11.9192         25 0.0000e+00
    517.966   72.46536 -156.54630    524.000     0.8342     0.8355     0.8094    34.8419    34.8520  1030.3996    27.9309    283.115    269.376  340.95939     83.035     79.014     0.0578    -0.0014     4.2600     0.4037 6.9985e-06      17188    11.9353         22 0.0000e+00
