EcoFOCI/data/1_SampleCollection/2023_SikuliaqDBO_CruiseData/CTD_raw_BottleFile_SKQ23-12S/proc/skq202312s_025.cnv
* Sea-Bird SBE 9 Data File:
* FileName = D:\CTD\SKQ202312S\SKQ202312S_025.hex
* Software Version Seasave V 7.26.7.121
* Temperature SN = 6177
* Conductivity SN = 0369
* Number of Bytes Per Scan = 41
* Number of Voltage Words = 4
* Number of Scans Averaged by the Deck Unit = 1
* NMEA Latitude = 71 14.81 N
* NMEA Longitude = 157 09.84 W
* NMEA UTC (Time) = Sep 20 2023  21:07:47
* NMEA baud rate = 4800
** Ship: R/V Sikuliaq
** Station Number: 025
** Station Name: DBO5.1
** Bottom Depth: 46
** Operator: SD
# nquan = 24
# nvalues = 4850                                  
# units = specified
# name 0 = depSM: Depth [salt water, m]
# name 1 = latitude: Latitude [deg]
# name 2 = longitude: Longitude [deg]
# name 3 = prDM: Pressure, Digiquartz [db]
# name 4 = t090C: Temperature [ITS-90, deg C]
# name 5 = t190C: Temperature, 2 [ITS-90, deg C]
# name 6 = potemp090C: Potential Temperature [ITS-90, deg C]
# name 7 = sal00: Salinity, Practical [PSU]
# name 8 = sal11: Salinity, Practical, 2 [PSU]
# name 9 = density00: Density [density, kg/m^3]
# name 10 = sigma-é00: Density [sigma-theta, kg/m^3]
# name 11 = sbox0Mm/Kg: Oxygen, SBE 43 [umol/kg]
# name 12 = sbox1Mm/Kg: Oxygen, SBE 43, 2 [umol/kg]
# name 13 = oxsolMm/Kg: Oxygen Saturation, Garcia & Gordon [umol/kg]
# name 14 = sbeox0PS: Oxygen, SBE 43 [% saturation]
# name 15 = sbeox1PS: Oxygen, SBE 43, 2 [% saturation]
# name 16 = v0: Voltage 0
# name 17 = flECO-AFL: Fluorescence, WET Labs ECO-AFL/FL [mg/m^3]
# name 18 = v1: Voltage 1
# name 19 = CStarAt0: Beam Attenuation, WET Labs C-Star [1/m]
# name 20 = par: PAR/Irradiance, Biospherical/Licor
# name 21 = scan: Scan Count
# name 22 = timeM: Time, Elapsed [minutes]
# name 23 = flag:  0.000e+00
# span 0 =      1.605,     41.238                 
# span 1 =   71.24684,   71.24686                 
# span 2 = -157.16436, -157.16418                 
# span 3 =      1.622,     41.667                 
# span 4 =     2.4755,     4.5770                 
# span 5 =     2.4789,     4.5734                 
# span 6 =     2.4734,     4.5766                 
# span 7 =    30.1353,    31.6743                 
# span 8 =    30.1028,    31.6893                 
# span 9 =  1023.9299,  1025.4648                 
# span 10 =    23.9162,    25.2718                
# span 11 =    302.149,    322.425                
# span 12 =    287.957,    307.807                
# span 13 =  320.99086,  335.16143                
# span 14 =     93.063,     96.624                
# span 15 =     88.779,     92.506                
# span 16 =     0.0855,     0.2112                
# span 17 =     0.1648,     0.9194                
# span 18 =     2.1905,     4.0733                
# span 19 =     0.5830,     3.0654                
# span 20 = 1.0000e-12, 2.0801e+02                
# span 21 =          1,       4850                
# span 22 =     0.0000,     3.3674                
# span 23 = 0.0000e+00, 0.0000e+00                
# interval = seconds: 0.0416667
# start_time = Sep 20 2023 21:11:24 [NMEA time, first data scan]
# bad_flag = -9.990e-29
*END*
[from data line 1087]
      7.522   71.24686 -157.16422      7.599     4.3295     4.3228     4.3290    30.5879    30.6172  1024.2825    24.2470    305.155    291.953  322.84167     94.522     90.437     0.1538     0.5751     3.9707     0.6851 1.7563e+01       1088     0.7549  0.000e+00
      7.607   71.24686 -157.16422      7.685     4.2962     4.2904     4.2957    30.5805    30.6213  1024.2802    24.2443    305.440    292.143  323.12039     94.528     90.428     0.1538     0.5751     4.0122     0.6435 1.7365e+01       1089     0.7556  0.000e+00
      7.607   71.24686 -157.16422      7.685     4.2589     4.2617     4.2584    30.5824    30.6218  1024.2853    24.2493    305.743    292.317  323.40813     94.538     90.419     0.1538     0.5751     4.0171     0.6386 1.7365e+01       1090     0.7562  0.000e+00
      7.607   71.24686 -157.16422      7.685     4.2286     4.2367     4.2281    30.5898    30.6242  1024.2941    24.2582    305.987    292.279  323.62751     94.549     90.354     0.1538     0.5751     4.0134     0.6423 1.7218e+01       1091     0.7569  0.000e+00
      7.607   71.24686 -157.16422      7.685     4.2028     4.2120     4.2024    30.6010    30.6286  1024.3054    24.2695    306.019    292.622  323.80252     94.508     90.409     0.1538     0.5751     4.0122     0.6435 1.7024e+01       1092     0.7576  0.000e+00
      7.668   71.24686 -157.16422      7.747     4.1842     4.2000     4.1837    30.6076    30.6286  1024.3128    24.2765    306.374    292.509  323.93292     94.579     90.348     0.1538     0.5751     4.0110     0.6447 1.7024e+01       1093     0.7583  0.000e+00
      7.668   71.24686 -157.16422      7.747     4.1736     4.1887     4.1731    30.6120    30.6293  1024.3173    24.2810    306.497    292.564  324.00561     94.596     90.341     0.1526     0.5678     4.0110     0.6447 1.6880e+01       1094     0.7590  0.000e+00
      7.699   71.24686 -157.16422      7.779     4.1660     4.1757     4.1655    30.6141    30.6316  1024.3198    24.2834    306.369    292.640  324.06049     94.541     90.337     0.1538     0.5751     4.0110     0.6447 1.6690e+01       1095     0.7597  0.000e+00
      7.668   71.24686 -157.16422      7.747     4.1563     4.1687     4.1558    30.6192    30.6305  1024.3246    24.2884    306.438    292.494  324.12418     94.543     90.276     0.1538     0.5751     4.0110     0.6447 1.6643e+01       1096     0.7604  0.000e+00
      7.722   71.24686 -157.16422      7.802     4.1498     4.1592     4.1493    30.6235    30.6336  1024.3289    24.2924    306.496    292.540  324.16493     94.549     90.272     0.1538     0.5751     4.0110     0.6447 1.6549e+01       1097     0.7611  0.000e+00
      7.722   71.24686 -157.16422      7.802     4.1460     4.1492     4.1455    30.6240    30.6375  1024.3297    24.2931    306.549    292.620  324.19359     94.557     90.277     0.1538     0.5751     4.0110     0.6447 1.6316e+01       1098     0.7618  0.000e+00
      7.722   71.24686 -157.16422      7.802     4.1409     4.1426     4.1405    30.6247    30.6400  1024.3307    24.2942    306.412    292.475  324.23155     94.504     90.219     0.1538     0.5751     4.0110     0.6447 1.6270e+01       1099     0.7625  0.000e+00
      7.722   71.24686 -157.16422      7.802     4.1379     4.1396     4.1375    30.6264    30.6414  1024.3324    24.2959    306.446    292.653  324.25095     94.509     90.269     0.1538     0.5751     4.0110     0.6447 1.6224e+01       1100     0.7632  0.000e+00
      7.784   71.24686 -157.16422      7.864     4.1354     4.1374     4.1349    30.6296    30.6421  1024.3354    24.2986    306.243    292.479  324.26311     94.443     90.211     0.1538     0.5751     4.0110     0.6447 1.6041e+01       1101     0.7639  0.000e+00
      7.753   71.24686 -157.16422      7.833     4.1338     4.1349     4.1334    30.6320    30.6423  1024.3373    24.3006    306.221    292.507  324.26976     94.434     90.214     0.1526     0.5678     4.0110     0.6447 1.5951e+01       1102     0.7646  0.000e+00
      7.784   71.24686 -157.16422      7.864     4.1326     4.1333     4.1321    30.6333    30.6433  1024.3386    24.3018    306.213    292.517  324.27640     94.430     90.214     0.1538     0.5751     4.0110     0.6447 1.5906e+01       1103     0.7653  0.000e+00
      7.784   71.24686 -157.16422      7.864     4.1307     4.1334     4.1302    30.6357    30.6434  1024.3407    24.3039    306.220    292.526  324.28551     94.429     90.217     0.1538     0.5751     4.0110     0.6447 1.5726e+01       1104     0.7660  0.000e+00
      7.838   71.24686 -157.16422      7.919     4.1293     4.1322     4.1288    30.6366    30.6455  1024.3418    24.3048    306.240    292.553  324.29446     94.433     90.224     0.1551     0.5824     4.0122     0.6435 1.5593e+01       1105     0.7667  0.000e+00
      7.784   71.24686 -157.16422      7.864     4.1278     4.1306     4.1273    30.6371    30.6477  1024.3421    24.3053    306.057    292.377  324.30479     94.373     90.168     0.1551     0.5824     4.0122     0.6435 1.5593e+01       1106     0.7674  0.000e+00
      7.838   71.24686 -157.16422      7.919     4.1248     4.1290     4.1243    30.6355    30.6494  1024.3414    24.3043    306.056    292.386  324.33239     94.365     90.169     0.1551     0.5824     4.0110     0.6447 1.5418e+01       1107     0.7681  0.000e+00
      7.838   71.24686 -157.16422      7.919     4.1171     4.1269     4.1166    30.6356    30.6502  1024.3421    24.3051    306.099    292.220  324.39317     94.361     90.113     0.1551     0.5824     4.0122     0.6435 1.5330e+01       1108     0.7688  0.000e+00
      7.869   71.24686 -157.16422      7.950     4.1100     4.1252     4.1095    30.6392    30.6501  1024.3458    24.3086    305.932    292.234  324.44039     94.295     90.114     0.1551     0.5824     4.0147     0.6410 1.5330e+01       1109     0.7694  0.000e+00
      7.838   71.24686 -157.16422      7.919     4.1061     4.1204     4.1056    30.6414    30.6514  1024.3478    24.3107    305.931    292.255  324.46573     94.287     90.111     0.1551     0.5824     4.0147     0.6410 1.5158e+01       1110     0.7701  0.000e+00
      7.838   71.24686 -157.16422      7.919     4.1027     4.1150     4.1022    30.6418    30.6520  1024.3485    24.3114    305.843    292.317  324.49154     94.253     90.119     0.1551     0.5824     4.0147     0.6410 1.5029e+01       1111     0.7708  0.000e+00
      7.899   71.24686 -157.16422      7.981     4.0992     4.1087     4.0987    30.6430    30.6529  1024.3500    24.3127    305.622    292.378  324.51613     94.178     90.124     0.1551     0.5824     4.0147     0.6410 1.5029e+01       1112     0.7715  0.000e+00
      7.899   71.24686 -157.16422      7.981     4.0970     4.1077     4.0965    30.6431    30.6514  1024.3503    24.3129    305.583    292.219  324.53329     94.161     90.072     0.1538     0.5751     4.0147     0.6410 1.4902e+01       1113     0.7722  0.000e+00
      7.899   71.24686 -157.16422      7.981     4.0949     4.1073     4.0944    30.6417    30.6503  1024.3494    24.3120    305.348    292.237  324.55284     94.083     90.076     0.1551     0.5824     4.0147     0.6410 1.4776e+01       1114     0.7729  0.000e+00
      7.838   71.24686 -157.16422      7.919     4.0902     4.1049     4.0897    30.6434    30.6507  1024.3509    24.3138    305.287    292.085  324.58616     94.054     90.024     0.1538     0.5751     4.0147     0.6410 1.4776e+01       1115     0.7736  0.000e+00
      7.923   71.24686 -157.16422      8.004     4.0853     4.0999     4.0848    30.6467    30.6530  1024.3544    24.3170    305.064    292.136  324.61652     93.977     90.030     0.1551     0.5824     4.0147     0.6410 1.4693e+01       1116     0.7743  0.000e+00
      7.953   71.24686 -157.16422      8.035     4.0839     4.0947     4.0834    30.6482    30.6558  1024.3559    24.3183    305.009    292.176  324.62415     93.958     90.033     0.1538     0.5751     4.0147     0.6410 1.4609e+01       1117     0.7750  0.000e+00
      7.899   71.24686 -157.16422      7.981     4.0842     4.0890     4.0837    30.6488    30.6592  1024.3560    24.3186    304.744    292.036  324.62035     93.877     89.980     0.1551     0.5824     4.0147     0.6410 1.4527e+01       1118     0.7757  0.000e+00
      7.953   71.24686 -157.16422      8.035     4.0831     4.0843     4.0826    30.6501    30.6617  1024.3575    24.3198    304.656    292.055  324.62529     93.848     89.977     0.1538     0.5751     4.0147     0.6410 1.4486e+01       1119     0.7764  0.000e+00
      7.899   71.24686 -157.16422      7.981     4.0828     4.0812     4.0823    30.6503    30.6633  1024.3574    24.3200    304.365    292.070  324.62786     93.758     89.976     0.1538     0.5751     4.0147     0.6410 1.4404e+01       1120     0.7771  0.000e+00
      7.953   71.24686 -157.16422      8.035     4.0823     4.0793     4.0818    30.6501    30.6647  1024.3575    24.3199    304.277    291.902  324.63207     93.730     89.921     0.1538     0.5751     4.0147     0.6410 1.4363e+01       1121     0.7778  0.000e+00
      7.953   71.24686 -157.16422      8.035     4.0807     4.0790     4.0802    30.6509    30.6657  1024.3583    24.3207    304.033    291.711  324.64252     93.651     89.862     0.1551     0.5824     4.0147     0.6410 1.4363e+01       1122     0.7785  0.000e+00
      7.922   71.24686 -157.16422      8.004     4.0793     4.0795     4.0788    30.6520    30.6657  1024.3591    24.3217    303.917    291.675  324.65111     93.614     89.852     0.1538     0.5751     4.0147     0.6410 1.4241e+01       1123     0.7792  0.000e+00
      7.953   71.24686 -157.16422      8.035     4.0779     4.0791     4.0774    30.6531    30.6653  1024.3603    24.3227    303.822    291.661  324.65950     93.582     89.847     0.1551     0.5824     4.0134     0.6423 1.4201e+01       1124     0.7799  0.000e+00
      7.953   71.24686 -157.16422      8.035     4.0773     4.0782     4.0768    30.6538    30.6658  1024.3609    24.3233    303.737    291.639  324.66286     93.555     89.839     0.1551     0.5824     4.0147     0.6410 1.4201e+01       1125     0.7806  0.000e+00
      7.953   71.24686 -157.16422      8.035     4.0768     4.0773     4.0763    30.6543    30.6661  1024.3614    24.3237    303.458    291.439  324.66542     93.468     89.775     0.1551     0.5824     4.0147     0.6410 1.4081e+01       1126     0.7813  0.000e+00
      7.953   71.24686 -157.16422      8.035     4.0766     4.0770     4.0761    30.6547    30.6662  1024.3617    24.3241    303.374    291.226  324.66556     93.442     89.709     0.1563     0.5897     4.0134     0.6423 1.4081e+01       1127     0.7819  0.000e+00
      8.007   71.24686 -157.16422      8.090     4.0763     4.0767     4.0758    30.6554    30.6665  1024.3625    24.3247    303.101    291.006  324.66646     93.358     89.641     0.1551     0.5824     4.0159     0.6398 1.4081e+01       1128     0.7826  0.000e+00
      7.953   71.24686 -157.16422      8.035     4.0761     4.0765     4.0756    30.6554    30.6667  1024.3623    24.3247    302.989    290.943  324.66775     93.323     89.621     0.1575     0.5971     4.0208     0.6350 1.4001e+01       1129     0.7833  0.000e+00
      7.984   71.24686 -157.16422      8.067     4.0763     4.0763     4.0758    30.6550    30.6666  1024.3621    24.3244    302.474    290.728  324.66737     93.164     89.554     0.1587     0.6044     4.0208     0.6350 1.3962e+01       1130     0.7840  0.000e+00
      7.953   71.24686 -157.16422      8.035     4.0763     4.0761     4.0758    30.6553    30.6671  1024.3622    24.3246    302.760    290.671  324.66667     93.253     89.537     0.1600     0.6117     4.0208     0.6350 1.3962e+01       1131     0.7847  0.000e+00
      7.953   71.24686 -157.16422      8.035     4.0763     4.0763     4.0758    30.6551    30.6662  1024.3620    24.3244    302.497    290.631  324.66724     93.172     89.524     0.1587     0.6044     4.0208     0.6350 1.3922e+01       1132     0.7854  0.000e+00
      8.007   71.24686 -157.16422      8.090     4.0761     4.0761     4.0756    30.6551    30.6667  1024.3623    24.3245    302.437    290.416  324.66837     93.153     89.458     0.1587     0.6044     4.0208     0.6350 1.3883e+01       1133     0.7861  0.000e+00
      8.007   71.24686 -157.16422      8.090     4.0763     4.0761     4.0758    30.6553    30.6667  1024.3624    24.3246    302.816    290.360  324.66674     93.270     89.441     0.1587     0.6044     4.0208     0.6350 1.3883e+01       1134     0.7868  0.000e+00
      7.953   71.24686 -157.16422      8.035     4.0763     4.0761     4.0758    30.6551    30.6663  1024.3620    24.3244    302.430    290.318  324.66724     93.151     89.427     0.1587     0.6044     4.0208     0.6350 1.3883e+01       1135     0.7875  0.000e+00
      8.007   71.24686 -157.16422      8.090     4.0761     4.0760     4.0756    30.6550    30.6664  1024.3622    24.3244    302.394    290.104  324.66865     93.139     89.361     0.1587     0.6044     4.0208     0.6350 1.3883e+01       1136     0.7882  0.000e+00
      7.984   71.24686 -157.16422      8.067     4.0763     4.0760     4.0758    30.6549    30.6662  1024.3621    24.3243    302.372    290.048  324.66755     93.133     89.344     0.1587     0.6044     4.0208     0.6350 1.3883e+01       1137     0.7889  0.000e+00
      7.953   71.24686 -157.16422      8.035     4.0760     4.0761     4.0755    30.6548    30.6660  1024.3618    24.3242    302.160    290.005  324.67041     93.067     89.331     0.1587     0.6044     4.0208     0.6350 1.3843e+01       1138     0.7896  0.000e+00
      8.007   71.24686 -157.16422      8.090     4.0758     4.0761     4.0753    30.6548    30.6660  1024.3621    24.3243    302.150    289.599  324.67155     93.063     89.206     0.1587     0.6044     4.0208     0.6350 1.3843e+01       1139     0.7903  0.000e+00
      8.007   71.24686 -157.16422      8.090     4.0760     4.0760     4.0755    30.6545    30.6659  1024.3619    24.3240    302.156    289.525  324.67113     93.065     89.183     0.1587     0.6044     4.0208     0.6350 1.3843e+01       1140     0.7910  0.000e+00
      8.007   71.24686 -157.16422      8.090     4.0761     4.0758     4.0756    30.6540    30.6660  1024.3615    24.3236    302.149    289.487  324.67109     93.063     89.171     0.1587     0.6044     4.0208     0.6350 1.3883e+01       1141     0.7917  0.000e+00
      8.007   71.24686 -157.16422      8.090     4.0761     4.0758     4.0756    30.6532    30.6658  1024.3608    24.3229    302.197    289.253  324.67315     93.077     89.098     0.1600     0.6117     4.0208     0.6350 1.3883e+01       1142     0.7924  0.000e+00
      7.953   71.24686 -157.16422      8.035     4.0761     4.0758     4.0756    30.6525    30.6652  1024.3600    24.3224    302.263    289.202  324.67477     93.097     89.082     0.1587     0.6044     4.0208     0.6350 1.3883e+01       1143     0.7931  0.000e+00
      8.038   71.24686 -157.16422      8.121     4.0758     4.0754     4.0753    30.6528    30.6650  1024.3607    24.3227    302.321    289.175  324.67645     93.115     89.073     0.1600     0.6117     4.0208     0.6350 1.3883e+01       1144     0.7937  0.000e+00
      8.007   71.24686 -157.16422      8.090     4.0755     4.0755     4.0750    30.6528    30.6645  1024.3606    24.3227    302.394    288.943  324.67894     93.136     89.001     0.1600     0.6117     4.0208     0.6350 1.3922e+01       1145     0.7944  0.000e+00
      8.007   71.24686 -157.16422      8.090     4.0757     4.0757     4.0752    30.6523    30.6638  1024.3601    24.3223    302.273    288.898  324.67899     93.099     88.987     0.1600     0.6117     4.0208     0.6350 1.3922e+01       1146     0.7951  0.000e+00
      8.007   71.24686 -157.16422      8.090     4.0755     4.0754     4.0750    30.6522    30.6632  1024.3601    24.3222    302.565    288.872  324.68044     93.188     88.978     0.1587     0.6044     4.0208     0.6350 1.3962e+01       1147     0.7958  0.000e+00
