EcoFOCI/data/1_SampleCollection/2023_SikuliaqDBO_CruiseData/CTD_raw_BottleFile_SKQ23-12S/proc/skq202312s_022.cnv
* Sea-Bird SBE 9 Data File:
* FileName = D:\CTD\SKQ202312S\SKQ202312S_022.hex
* Software Version Seasave V 7.26.7.121
* Temperature SN = 6177
* Conductivity SN = 0369
* Number of Bytes Per Scan = 41
* Number of Voltage Words = 4
* Number of Scans Averaged by the Deck Unit = 1
* NMEA Latitude = 64 58.51 N
* NMEA Longitude = 169 29.22 W
* NMEA UTC (Time) = Sep 18 2023  05:33:31
* NMEA baud rate = 4800
** Ship: R/V Sikuliaq
** Station Number: 022
** Station Name: DBO2.4A
** Bottom Depth: 48
** Operator: SS
# nquan = 24
# nvalues = 4901                                  
# units = specified
# name 0 = depSM: Depth [salt water, m]
# name 1 = latitude: Latitude [deg]
# name 2 = longitude: Longitude [deg]
# name 3 = prDM: Pressure, Digiquartz [db]
# name 4 = t090C: Temperature [ITS-90, deg C]
# name 5 = t190C: Temperature, 2 [ITS-90, deg C]
# name 6 = potemp090C: Potential Temperature [ITS-90, deg C]
# name 7 = sal00: Salinity, Practical [PSU]
# name 8 = sal11: Salinity, Practical, 2 [PSU]
# name 9 = density00: Density [density, kg/m^3]
# name 10 = sigma-é00: Density [sigma-theta, kg/m^3]
# name 11 = sbox0Mm/Kg: Oxygen, SBE 43 [umol/kg]
# name 12 = sbox1Mm/Kg: Oxygen, SBE 43, 2 [umol/kg]
# name 13 = oxsolMm/Kg: Oxygen Saturation, Garcia & Gordon [umol/kg]
# name 14 = sbeox0PS: Oxygen, SBE 43 [% saturation]
# name 15 = sbeox1PS: Oxygen, SBE 43, 2 [% saturation]
# name 16 = v0: Voltage 0
# name 17 = flECO-AFL: Fluorescence, WET Labs ECO-AFL/FL [mg/m^3]
# name 18 = v1: Voltage 1
# name 19 = CStarAt0: Beam Attenuation, WET Labs C-Star [1/m]
# name 20 = par: PAR/Irradiance, Biospherical/Licor
# name 21 = scan: Scan Count
# name 22 = timeM: Time, Elapsed [minutes]
# name 23 = flag:  0.000e+00
# span 0 =      2.610,     43.772                 
# span 1 =   64.97508,   64.97508                 
# span 2 = -169.48730, -169.48722                 
# span 3 =      2.636,     44.210                 
# span 4 =     3.0715,     3.7795                 
# span 5 =     3.0724,     3.8005                 
# span 6 =     3.0690,     3.7793                 
# span 7 =    32.8153,    32.9431                 
# span 8 =    32.6914,    32.9548                 
# span 9 =  1026.0858,  1026.4427                 
# span 10 =    26.0706,    26.2367                
# span 11 =    245.166,    302.115                
# span 12 =    234.172,    289.928                
# span 13 =  321.72831,  327.09778                
# span 14 =     74.966,     93.307                
# span 15 =     71.614,     89.673                
# span 16 =     0.0818,     0.3907                
# span 17 =     0.1428,     1.9963                
# span 18 =     3.5971,     4.1380                
# span 19 =     0.5200,     1.0805                
# span 20 = 1.0000e-12, 3.6270e+00                
# span 21 =          1,       4901                
# span 22 =     0.0000,     3.4028                
# span 23 = 0.0000e+00, 0.0000e+00                
# interval = seconds: 0.0416667
# start_time = Sep 18 2023 05:37:18 [NMEA time, first data scan]
# bad_flag = -9.990e-29
*END*
[from data line 121]
      3.127   64.97508 -169.48728      3.158     3.7543     3.7673     3.7541    32.8209    32.8306  1026.0917    26.0769    299.665    288.439  321.92437     93.085     89.633     0.1575     0.5971     4.0916     0.5651 3.1084e+00        122     0.0840  0.000e+00
      3.127   64.97508 -169.48728      3.158     3.7539     3.7750     3.7537    32.8209    32.8269  1026.0917    26.0770    299.657    288.384  321.92724     93.082     89.631     0.1563     0.5897     4.0916     0.5651 3.0994e+00        123     0.0847  0.000e+00
      3.127   64.97508 -169.48728      3.158     3.7541     3.7851     3.7539    32.8210    32.8217  1026.0918    26.0771    299.678    288.310  321.92523     93.089     89.626     0.1575     0.5971     4.0928     0.5639 3.0994e+00        124     0.0854  0.000e+00
      3.127   64.97508 -169.48728      3.158     3.7547     3.7934     3.7545    32.8216    32.8173  1026.0922    26.0775    299.662    288.247  321.91880     93.086     89.622     0.1563     0.5897     4.0928     0.5639 3.1084e+00        125     0.0861  0.000e+00
      3.127   64.97508 -169.48728      3.158     3.7557     3.7903     3.7555    32.8215    32.8218  1026.0920    26.0772    299.645    288.273  321.91173     93.083     89.626     0.1575     0.5971     4.0928     0.5639 3.1175e+00        126     0.0868  0.000e+00
      3.189   64.97508 -169.48728      3.220     3.7571     3.7865     3.7569    32.8203    32.8227  1026.0913    26.0762    299.628    288.291  321.90325     93.080     89.624     0.1563     0.5897     4.0916     0.5651 3.1175e+00        127     0.0875  0.000e+00
      3.073   64.97508 -169.48728      3.103     3.7571     3.7814     3.7569    32.8202    32.8239  1026.0906    26.0761    299.649    288.120  321.90358     93.086     89.560     0.1563     0.5897     4.0904     0.5663 3.1175e+00        128     0.0882  0.000e+00
      3.127   64.97508 -169.48728      3.158     3.7571     3.7772     3.7569    32.8196    32.8248  1026.0904    26.0756    299.855    288.305  321.90559     93.150     89.609     0.1575     0.5971     4.0891     0.5675 3.1175e+00        129     0.0889  0.000e+00
      3.127   64.97508 -169.48728      3.158     3.7562     3.7738     3.7560    32.8196    32.8253  1026.0905    26.0757    299.675    288.310  321.91256     93.092     89.604     0.1563     0.5897     4.0891     0.5675 3.1084e+00        130     0.0896  0.000e+00
      3.127   64.97508 -169.48728      3.158     3.7552     3.7729     3.7550    32.8197    32.8247  1026.0907    26.0759    299.673    288.297  321.91973     93.089     89.597     0.1575     0.5971     4.0891     0.5675 3.0994e+00        131     0.0903  0.000e+00
      3.127   64.97508 -169.48728      3.158     3.7541     3.7707     3.7539    32.8204    32.8262  1026.0913    26.0765    299.671    288.308  321.92678     93.087     89.597     0.1563     0.5897     4.0891     0.5675 3.0903e+00        132     0.0910  0.000e+00
      3.127   64.97508 -169.48728      3.158     3.7538     3.7680     3.7536    32.8204    32.8276  1026.0914    26.0766    299.875    288.133  321.92917     93.149     89.538     0.1575     0.5971     4.0891     0.5675 3.0903e+00        133     0.0917  0.000e+00
      3.073   64.97508 -169.48728      3.103     3.7535     3.7648     3.7533    32.8207    32.8286  1026.0914    26.0768    299.897    288.317  321.93100     93.156     89.588     0.1563     0.5897     4.0891     0.5675 3.0724e+00        134     0.0924  0.000e+00
      3.127   64.97508 -169.48728      3.158     3.7531     3.7615     3.7529    32.8213    32.8298  1026.0921    26.0773    299.710    288.335  321.93248     93.097     89.588     0.1563     0.5897     4.0891     0.5675 3.0724e+00        135     0.0931  0.000e+00
      3.127   64.97508 -169.48728      3.158     3.7533     3.7588     3.7531    32.8209    32.8306  1026.0918    26.0770    299.908    288.345  321.93183     93.159     89.586     0.1563     0.5897     4.0891     0.5675 3.0634e+00        136     0.0938  0.000e+00
      3.073   64.97508 -169.48728      3.103     3.7533     3.7569     3.7531    32.8208    32.8314  1026.0915    26.0770    299.925    288.346  321.93195     93.164     89.582     0.1563     0.5897     4.0891     0.5675 3.0724e+00        137     0.0944  0.000e+00
      3.127   64.97508 -169.48728      3.158     3.7535     3.7561     3.7533    32.8211    32.8313  1026.0919    26.0772    299.943    288.153  321.93000     93.170     89.521     0.1575     0.5971     4.0891     0.5675 3.0724e+00        138     0.0951  0.000e+00
      3.073   64.97508 -169.48728      3.103     3.7535     3.7553     3.7533    32.8208    32.8320  1026.0914    26.0769    299.958    288.121  321.93071     93.175     89.509     0.1538     0.5751     4.0891     0.5675 3.0724e+00        139     0.0958  0.000e+00
      3.127   64.97508 -169.48728      3.158     3.7533     3.7547     3.7531    32.8211    32.8324  1026.0919    26.0772    299.975    288.092  321.93134     93.180     89.499     0.1502     0.5531     4.0891     0.5675 3.0813e+00        140     0.0965  0.000e+00
      3.011   64.97508 -169.48728      3.041     3.7536     3.7549     3.7534    32.8207    32.8321  1026.0911    26.0768    299.773    288.072  321.93016     93.117     89.493     0.1477     0.5384     4.0891     0.5675 3.0813e+00        141     0.0972  0.000e+00
      3.127   64.97508 -169.48728      3.158     3.7533     3.7550     3.7531    32.8211    32.8319  1026.0919    26.0772    299.759    288.251  321.93134     93.113     89.549     0.1490     0.5458     4.0891     0.5675 3.0903e+00        142     0.0979  0.000e+00
      3.011   64.97508 -169.48728      3.041     3.7535     3.7547     3.7533    32.8210    32.8323  1026.0913    26.0771    299.735    288.065  321.93015     93.105     89.491     0.1477     0.5384     4.0891     0.5675 3.0903e+00        143     0.0986  0.000e+00
      3.073   64.97508 -169.48728      3.103     3.7535     3.7547     3.7533    32.8209    32.8321  1026.0915    26.0770    299.718    288.220  321.93042     93.100     89.539     0.1490     0.5458     4.0891     0.5675 3.0903e+00        144     0.0993  0.000e+00
      3.073   64.97508 -169.48728      3.103     3.7535     3.7547     3.7533    32.8210    32.8320  1026.0916    26.0771    299.910    288.225  321.93032     93.160     89.540     0.1490     0.5458     4.0891     0.5675 3.0903e+00        145     0.1000  0.000e+00
      3.011   64.97508 -169.48728      3.041     3.7536     3.7549     3.7534    32.8206    32.8321  1026.0910    26.0768    299.708    288.036  321.92987     93.097     89.482     0.1490     0.5458     4.0891     0.5675 3.0903e+00        146     0.1007  0.000e+00
      3.073   64.97508 -169.48728      3.103     3.7535     3.7547     3.7533    32.8211    32.8321  1026.0917    26.0772    299.690    288.021  321.92993     93.092     89.477     0.1502     0.5531     4.0891     0.5675 3.0634e+00        147     0.1014  0.000e+00
      3.011   64.97508 -169.48728      3.041     3.7531     3.7544     3.7529    32.8210    32.8323  1026.0914    26.0771    299.881    288.192  321.93311     93.150     89.530     0.1490     0.5458     4.0891     0.5675 3.0634e+00        148     0.1021  0.000e+00
      3.011   64.97508 -169.48728      3.041     3.7530     3.7544     3.7528    32.8209    32.8320  1026.0913    26.0771    299.893    288.196  321.93417     93.154     89.531     0.1490     0.5458     4.0891     0.5675 3.0545e+00        149     0.1028  0.000e+00
      3.011   64.97508 -169.48728      3.041     3.7528     3.7546     3.7526    32.8211    32.8320  1026.0914    26.0772    299.972    288.196  321.93502     93.178     89.531     0.1490     0.5458     4.0891     0.5675 3.0456e+00        150     0.1035  0.000e+00
      3.011   64.97508 -169.48728      3.041     3.7530     3.7546     3.7528    32.8209    32.8322  1026.0913    26.0771    299.771    288.197  321.93417     93.116     89.531     0.1490     0.5458     4.0891     0.5675 3.0456e+00        151     0.1042  0.000e+00
      2.957   64.97508 -169.48728      2.986     3.7530     3.7544     3.7528    32.8213    32.8323  1026.0913    26.0774    299.957    288.196  321.93322     93.174     89.531     0.1477     0.5384     4.0891     0.5675 3.0456e+00        152     0.1049  0.000e+00
      3.011   64.97508 -169.48728      3.041     3.7535     3.7546     3.7533    32.8210    32.8317  1026.0913    26.0771    299.755    288.008  321.93024     93.112     89.472     0.1490     0.5458     4.0891     0.5675 3.0634e+00        153     0.1056  0.000e+00
      2.957   64.97508 -169.48728      2.986     3.7537     3.7544     3.7536    32.8210    32.8319  1026.0910    26.0771    299.938    288.174  321.92817     93.169     89.524     0.1490     0.5458     4.0891     0.5675 3.0724e+00        154     0.1063  0.000e+00
      2.957   64.97508 -169.48728      2.986     3.7538     3.7544     3.7536    32.8212    32.8320  1026.0912    26.0772    299.735    288.171  321.92720     93.106     89.523     0.1490     0.5458     4.0891     0.5675 3.0724e+00        155     0.1069  0.000e+00
      2.957   64.97508 -169.48728      2.986     3.7540     3.7547     3.7538    32.8205    32.8320  1026.0906    26.0766    299.711    288.166  321.92780     93.099     89.522     0.1502     0.5531     4.0891     0.5675 3.0903e+00        156     0.1076  0.000e+00
      2.919   64.97508 -169.48728      2.947     3.7540     3.7546     3.7538    32.8207    32.8324  1026.0906    26.0768    299.929    288.162  321.92717     93.167     89.521     0.1490     0.5458     4.0891     0.5675 3.0994e+00        157     0.1083  0.000e+00
      2.957   64.97508 -169.48728      2.986     3.7540     3.7550     3.7538    32.8206    32.8318  1026.0907    26.0768    299.973    288.156  321.92742     93.180     89.520     0.1490     0.5458     4.0891     0.5675 3.1084e+00        158     0.1090  0.000e+00
      2.957   64.97508 -169.48728      2.986     3.7540     3.7552     3.7538    32.8208    32.8318  1026.0908    26.0769    299.980    288.150  321.92703     93.183     89.518     0.1490     0.5458     4.0891     0.5675 3.1084e+00        159     0.1097  0.000e+00
      2.903   64.97508 -169.48728      2.932     3.7539     3.7553     3.7537    32.8207    32.8319  1026.0905    26.0768    299.986    288.140  321.92763     93.184     89.515     0.1490     0.5458     4.0891     0.5675 3.1175e+00        160     0.1104  0.000e+00
      2.903   64.97508 -169.48728      2.932     3.7538     3.7555     3.7536    32.8207    32.8316  1026.0905    26.0768    300.026    288.133  321.92849     93.197     89.513     0.1490     0.5458     4.0891     0.5675 3.1175e+00        161     0.1111  0.000e+00
      2.903   64.97508 -169.48728      2.932     3.7538     3.7558     3.7536    32.8207    32.8315  1026.0906    26.0769    300.032    288.122  321.92840     93.198     89.511     0.1490     0.5458     4.0891     0.5675 3.1449e+00        162     0.1118  0.000e+00
      2.903   64.97508 -169.48728      2.932     3.7541     3.7555     3.7539    32.8202    32.8319  1026.0901    26.0764    299.824    288.326  321.92717     93.134     89.573     0.1477     0.5384     4.0891     0.5675 3.1818e+00        163     0.1125  0.000e+00
      2.903   64.97508 -169.48728      2.932     3.7540     3.7558     3.7538    32.8205    32.8322  1026.0904    26.0767    299.796    288.146  321.92764     93.125     89.518     0.1502     0.5531     4.0891     0.5675 3.1911e+00        164     0.1132  0.000e+00
      2.903   64.97508 -169.48728      2.932     3.7538     3.7558     3.7536    32.8208    32.8320  1026.0906    26.0769    300.012    288.136  321.92830     93.192     89.515     0.1648     0.6410     4.0891     0.5675 3.2005e+00        165     0.1139  0.000e+00
      2.841   64.97508 -169.48728      2.870     3.7539     3.7560     3.7537    32.8209    32.8318  1026.0904    26.0770    299.802    288.143  321.92716     93.127     89.518     0.1734     0.6923     4.0891     0.5675 3.2380e+00        166     0.1146  0.000e+00
      2.841   64.97508 -169.48728      2.870     3.7540     3.7558     3.7538    32.8209    32.8321  1026.0904    26.0770    299.773    288.132  321.92669     93.118     89.514     0.1758     0.7069     4.0891     0.5675 3.2569e+00        167     0.1153  0.000e+00
      2.841   64.97508 -169.48728      2.870     3.7541     3.7560     3.7539    32.8208    32.8318  1026.0903    26.0769    299.744    288.119  321.92583     93.110     89.510     0.1734     0.6923     4.0879     0.5687 3.2664e+00        168     0.1160  0.000e+00
      2.841   64.97508 -169.48728      2.870     3.7541     3.7557     3.7539    32.8207    32.8321  1026.0902    26.0768    299.715    288.108  321.92602     93.101     89.506     0.1746     0.6996     4.0842     0.5723 3.3047e+00        169     0.1167  0.000e+00
      2.841   64.97508 -169.48728      2.870     3.7543     3.7560     3.7541    32.8208    32.8316  1026.0902    26.0768    299.685    288.114  321.92459     93.092     89.508     0.1722     0.6850     4.0830     0.5735 3.3240e+00        170     0.1174  0.000e+00
      2.787   64.97508 -169.48728      2.815     3.7540     3.7558     3.7538    32.8210    32.8322  1026.0902    26.0770    299.657    287.931  321.92652     93.082     89.452     0.1734     0.6923     4.0830     0.5735 3.3240e+00        171     0.1181  0.000e+00
      2.841   64.97508 -169.48728      2.870     3.7543     3.7561     3.7541    32.8204    32.8318  1026.0899    26.0765    299.839    288.109  321.92556     93.139     89.507     0.1734     0.6923     4.0830     0.5735 3.3532e+00        172     0.1187  0.000e+00
      2.787   64.97508 -169.48728      2.815     3.7544     3.7560     3.7542    32.8207    32.8317  1026.0899    26.0767    299.628    288.116  321.92405     93.074     89.509     0.1734     0.6923     4.0830     0.5735 3.3727e+00        173     0.1194  0.000e+00
      2.787   64.97508 -169.48728      2.815     3.7543     3.7560     3.7541    32.8209    32.8320  1026.0901    26.0770    299.598    288.125  321.92423     93.065     89.512     0.1746     0.6996     4.0830     0.5735 3.3727e+00        174     0.1201  0.000e+00
      2.787   64.97508 -169.48728      2.815     3.7546     3.7563     3.7544    32.8206    32.8316  1026.0898    26.0767    299.566    287.943  321.92252     93.055     89.456     0.1734     0.6923     4.0830     0.5735 3.3924e+00        175     0.1208  0.000e+00
      2.787   64.97508 -169.48728      2.815     3.7543     3.7561     3.7541    32.8209    32.8319  1026.0901    26.0770    299.749    287.932  321.92423     93.112     89.452     0.1746     0.6996     4.0830     0.5735 3.3924e+00        176     0.1215  0.000e+00
      2.787   64.97508 -169.48728      2.815     3.7544     3.7564     3.7542    32.8209    32.8317  1026.0901    26.0769    299.538    287.897  321.92308     93.047     89.442     0.1734     0.6923     4.0830     0.5735 3.4023e+00        177     0.1222  0.000e+00
      2.726   64.97508 -169.48728      2.753     3.7546     3.7563     3.7544    32.8209    32.8320  1026.0897    26.0769    299.537    288.074  321.92186     93.047     89.497     0.1746     0.6996     4.0830     0.5735 3.4122e+00        178     0.1229  0.000e+00
      2.787   64.97508 -169.48728      2.815     3.7547     3.7563     3.7545    32.8208    32.8318  1026.0900    26.0768    299.509    288.087  321.92127     93.038     89.501     0.1734     0.6923     4.0830     0.5735 3.4122e+00        179     0.1236  0.000e+00
      2.726   64.97508 -169.48728      2.753     3.7547     3.7564     3.7546    32.8208    32.8313  1026.0896    26.0768    299.476    288.095  321.92090     93.028     89.503     0.1734     0.6923     4.0830     0.5735 3.4222e+00        180     0.1243  0.000e+00
      2.726   64.97508 -169.48728      2.753     3.7547     3.7563     3.7546    32.8205    32.8315  1026.0894    26.0766    299.447    287.918  321.92149     93.019     89.448     0.1734     0.6923     4.0830     0.5735 3.4321e+00        181     0.1250  0.000e+00
