EcoFOCI/data/1_SampleCollection/2023_SikuliaqDBO_CruiseData/CTD_raw_BottleFile_SKQ23-12S/proc/skq202312s_054.ros
* Sea-Bird SBE 9 Data File:
* FileName = D:\CTD\SKQ202312S\SKQ202312S_054.hex
* Software Version Seasave V 7.26.7.121
* Temperature SN = 6177
* Conductivity SN = 0369
* Number of Bytes Per Scan = 41
* Number of Voltage Words = 4
* Number of Scans Averaged by the Deck Unit = 1
* NMEA Latitude = 70 58.30 N
* NMEA Longitude = 163 33.99 W
* NMEA UTC (Time) = Sep 27 2023  02:24:07
* NMEA baud rate = 4800
** Ship: R/V Sikuliaq
** Station Number: 054
** Station Name: IC8
** Bottom Depth: 45
** Operator: SD
# nquan = 22
# nvalues = 784                                   
# units = specified
# name 0 = depSM: Depth [salt water, m]
# name 1 = latitude: Latitude [deg]
# name 2 = longitude: Longitude [deg]
# name 3 = prDM: Pressure, Digiquartz [db]
# name 4 = t090C: Temperature [ITS-90, deg C]
# name 5 = t190C: Temperature, 2 [ITS-90, deg C]
# name 6 = potemp090C: Potential Temperature [ITS-90, deg C]
# name 7 = sal00: Salinity, Practical [PSU]
# name 8 = sal11: Salinity, Practical, 2 [PSU]
# name 9 = density00: Density [density, kg/m^3]
# name 10 = sigma-é00: Density [sigma-theta, kg/m^3]
# name 11 = sbox0Mm/Kg: Oxygen, SBE 43 [umol/kg]
# name 12 = sbox1Mm/Kg: Oxygen, SBE 43, 2 [umol/kg]
# name 13 = oxsolMm/Kg: Oxygen Saturation, Garcia & Gordon [umol/kg]
# name 14 = sbeox0PS: Oxygen, SBE 43 [% saturation]
# name 15 = v0: Voltage 0
# name 16 = flECO-AFL: Fluorescence, WET Labs ECO-AFL/FL [mg/m^3]
# name 17 = CStarAt0: Beam Attenuation, WET Labs C-Star [1/m]
# name 18 = par: PAR/Irradiance, Biospherical/Licor
# name 19 = scan: Scan Count
# name 20 = nbf: Bottles Fired
# name 21 = flag:  0.000e+00
# interval = seconds: 0.0416667
# start_time = Sep 27 2023 02:28:34 [NMEA time, first data scan]
# bad_flag = -9.990e-29
*END*
[from data line 461]
     20.293   70.97152 -163.56702     20.503     4.6601     4.6670     4.6588    31.1094    31.1326  1024.7233    24.6277    302.476    286.280  319.02811     94.812     0.1587     0.6044     0.4988 3.7555e+00      16609         10  0.000e+00
     20.386   70.97152 -163.56702     20.597     4.6589     4.6670     4.6575    31.1063    31.1320  1024.7214    24.6254    302.701    286.274  319.04524     94.877     0.1587     0.6044     0.5000 3.7664e+00      16610         10  0.000e+00
     20.332   70.97152 -163.56702     20.542     4.6548     4.6669     4.6534    31.1049    31.1321  1024.7205    24.6247    302.525    286.241  319.08004     94.812     0.1587     0.6044     0.5023 3.7664e+00      16611         10  0.000e+00
     20.355   70.97152 -163.56702     20.565     4.6487     4.6665     4.6473    31.1057    31.1320  1024.7219    24.6260    302.778    286.211  319.12440     94.878     0.1600     0.6117     0.5023 3.7555e+00      16612         10  0.000e+00
     20.332   70.97152 -163.56702     20.542     4.6420     4.6665     4.6406    31.1083    31.1318  1024.7245    24.6287    302.647    286.198  319.16983     94.823     0.1587     0.6044     0.5023 3.7555e+00      16613         10  0.000e+00
     20.332   70.97152 -163.56702     20.542     4.6358     4.6661     4.6344    31.1114    31.1313  1024.7276    24.6318    302.897    285.983  319.21009     94.890     0.1600     0.6117     0.5023 3.7555e+00      16614         10  0.000e+00
     20.355   70.97152 -163.56702     20.565     4.6315     4.6653     4.6301    31.1140    31.1320  1024.7302    24.6343    302.750    285.935  319.23699     94.836     0.1587     0.6044     0.5023 3.7664e+00      16615         10  0.000e+00
     20.332   70.97152 -163.56702     20.542     4.6288     4.6651     4.6274    31.1159    31.1322  1024.7318    24.6361    302.767    286.088  319.25305     94.836     0.1600     0.6117     0.5023 3.7664e+00      16616         10  0.000e+00
     20.332   70.97152 -163.56702     20.542     4.6274     4.6657     4.6260    31.1166    31.1317  1024.7326    24.6368    302.778    285.886  319.26206     94.837     0.1587     0.6044     0.5023 3.7664e+00      16617         10  0.000e+00
     20.293   70.97152 -163.56702     20.503     4.6260     4.6662     4.6247    31.1161    31.1310  1024.7322    24.6366    302.999    285.829  319.27359     94.903     0.1600     0.6117     0.5023 3.7664e+00      16618         10  0.000e+00
     20.332   70.97152 -163.56702     20.542     4.6244     4.6665     4.6230    31.1157    31.1306  1024.7322    24.6364    302.841    285.776  319.28746     94.849     0.1587     0.6044     0.5023 3.7664e+00      16619         10  0.000e+00
     20.332   70.97152 -163.56702     20.542     4.6216     4.6660     4.6202    31.1170    31.1308  1024.7335    24.6377    302.865    285.747  319.30549     94.851     0.1600     0.6117     0.5023 3.7555e+00      16620         10  0.000e+00
     20.355   70.97152 -163.56702     20.566     4.6182     4.6650     4.6168    31.1187    31.1308  1024.7353    24.6394    303.102    285.725  319.32759     94.919     0.1587     0.6044     0.5023 3.7664e+00      16621         10  0.000e+00
     20.270   70.97152 -163.56702     20.480     4.6152     4.6634     4.6139    31.1201    31.1320  1024.7363    24.6408    302.949    285.701  319.34703     94.865     0.1587     0.6044     0.5023 3.7664e+00      16622         10  0.000e+00
     20.332   70.97152 -163.56702     20.542     4.6135     4.6634     4.6121    31.1216    31.1320  1024.7380    24.6422    302.969    285.674  319.35709     94.869     0.1587     0.6044     0.5023 3.7773e+00      16623         10  0.000e+00
     20.293   70.97152 -163.56702     20.503     4.6135     4.6624     4.6121    31.1217    31.1332  1024.7379    24.6422    302.975    285.648  319.35687     94.870     0.1587     0.6044     0.5023 3.7773e+00      16624         10  0.000e+00
     20.332   70.97152 -163.56702     20.542     4.6141     4.6616     4.6127    31.1203    31.1332  1024.7368    24.6411    302.984    285.815  319.35544     94.874     0.1551     0.5824     0.5023 3.7773e+00      16625         10  0.000e+00
     20.332   70.97152 -163.56702     20.542     4.6145     4.6618     4.6131    31.1194    31.1321  1024.7361    24.6404    303.234    285.621  319.35465     94.952     0.1538     0.5751     0.5023 3.7664e+00      16626         10  0.000e+00
     20.294   70.97152 -163.56702     20.503     4.6151     4.6620     4.6137    31.1188    31.1314  1024.7354    24.6398    303.271    285.593  319.35139     94.965     0.1551     0.5824     0.5011 3.7773e+00      16627         10  0.000e+00
     20.270   70.97152 -163.56702     20.480     4.6163     4.6618     4.6150    31.1190    31.1312  1024.7353    24.6398    303.303    285.568  319.34117     94.978     0.1551     0.5824     0.5023 3.7773e+00      16628         10  0.000e+00
     20.332   70.97152 -163.56702     20.542     4.6193     4.6620     4.6179    31.1186    31.1310  1024.7350    24.6392    303.325    285.358  319.31942     94.991     0.1551     0.5824     0.5023 3.7773e+00      16629         10  0.000e+00
     20.294   70.97152 -163.56702     20.503     4.6218     4.6616     4.6204    31.1194    31.1314  1024.7352    24.6396    303.344    285.315  319.29873     95.003     0.1538     0.5751     0.5023 3.7773e+00      16630         10  0.000e+00
     20.270   70.97152 -163.56702     20.480     4.6234     4.6610     4.6220    31.1223    31.1316  1024.7372    24.6417    303.366    285.276  319.27892     95.016     0.1551     0.5824     0.5023 3.7773e+00      16631         10  0.000e+00
     20.332   70.97152 -163.56702     20.542     4.6263     4.6610     4.6250    31.1249    31.1308  1024.7393    24.6435    303.349    285.240  319.25022     95.019     0.1538     0.5751     0.5035 3.7883e+00      16632         10  0.000e+00
     20.294   70.97152 -163.56702     20.503     4.6291     4.6616     4.6277    31.1267    31.1311  1024.7403    24.6447    303.329    285.215  319.22464     95.021     0.1551     0.5824     0.5035 3.7883e+00      16633         10  0.000e+00
     20.270   70.97152 -163.56702     20.480     4.6302     4.6628     4.6288    31.1288    31.1308  1024.7416    24.6461    303.355    285.170  319.21143     95.033     0.1538     0.5751     0.5023 3.7883e+00      16634         10  0.000e+00
     20.270   70.97152 -163.56702     20.480     4.6314     4.6631     4.6300    31.1325    31.1310  1024.7445    24.6490    303.345    285.133  319.19357     95.035     0.1551     0.5824     0.5035 3.7883e+00      16635         10  0.000e+00
     20.294   70.97152 -163.56702     20.503     4.6348     4.6629     4.6334    31.1343    31.1319  1024.7457    24.6501    303.113    285.121  319.16293     94.971     0.1538     0.5751     0.5035 3.7883e+00      16636         10  0.000e+00
     20.271   70.97152 -163.56702     20.480     4.6405     4.6638     4.6392    31.1326    31.1320  1024.7436    24.6481    303.284    284.918  319.12310     95.037     0.1551     0.5824     0.5035 3.7993e+00      16637         10  0.000e+00
     10.391   70.97154 -163.56698     10.498     4.6679     4.6697     4.6672    30.4674    30.4778  1024.1669    24.1179    305.543    289.122  320.50530     95.332     0.1636     0.6337     0.5818 1.1381e+01      19606         11  0.000e+00
     10.391   70.97154 -163.56698     10.498     4.6680     4.6695     4.6673    30.4669    30.4781  1024.1665    24.1175    305.510    289.117  320.50611     95.321     0.1624     0.6264     0.5806 1.1381e+01      19607         11  0.000e+00
     10.445   70.97154 -163.56698     10.552     4.6678     4.6697     4.6671    30.4674    30.4778  1024.1672    24.1179    305.303    289.113  320.50659     95.256     0.1636     0.6337     0.5806 1.1381e+01      19608         11  0.000e+00
     10.329   70.97154 -163.56698     10.435     4.6676     4.6695     4.6669    30.4675    30.4781  1024.1667    24.1180    305.682    289.290  320.50750     95.374     0.1624     0.6264     0.5806 1.1381e+01      19609         11  0.000e+00
     10.445   70.97154 -163.56698     10.552     4.6678     4.6695     4.6671    30.4672    30.4779  1024.1670    24.1178    305.299    289.121  320.50658     95.255     0.1624     0.6264     0.5806 1.1381e+01      19610         11  0.000e+00
     10.391   70.97154 -163.56698     10.498     4.6676     4.6695     4.6669    30.4674    30.4777  1024.1670    24.1180    305.473    289.113  320.50766     95.309     0.1624     0.6264     0.5806 1.1381e+01      19611         11  0.000e+00
     10.360   70.97154 -163.56698     10.467     4.6679     4.6695     4.6672    30.4674    30.4778  1024.1667    24.1179    305.468    289.105  320.50545     95.308     0.1612     0.6190     0.5806 1.1381e+01      19612         11  0.000e+00
     10.391   70.97154 -163.56698     10.498     4.6677     4.6697     4.6670    30.4678    30.4777  1024.1673    24.1183    305.469    289.098  320.50628     95.308     0.1587     0.6044     0.5806 1.1349e+01      19613         11  0.000e+00
     10.391   70.97154 -163.56698     10.498     4.6678     4.6695     4.6671    30.4676    30.4781  1024.1671    24.1181    305.468    289.092  320.50607     95.308     0.1600     0.6117     0.5806 1.1381e+01      19614         11  0.000e+00
     10.391   70.97154 -163.56698     10.498     4.6678     4.6695     4.6671    30.4673    30.4780  1024.1669    24.1179    305.467    288.898  320.50671     95.308     0.1587     0.6044     0.5806 1.1381e+01      19615         11  0.000e+00
     10.445   70.97154 -163.56698     10.552     4.6675     4.6695     4.6668    30.4681    30.4781  1024.1677    24.1185    305.468    289.061  320.50693     95.308     0.1600     0.6117     0.5818 1.1381e+01      19616         11  0.000e+00
     10.329   70.97154 -163.56698     10.436     4.6678     4.6694     4.6671    30.4677    30.4781  1024.1669    24.1182    305.253    289.052  320.50582     95.241     0.1587     0.6044     0.5806 1.1381e+01      19617         11  0.000e+00
     10.445   70.97154 -163.56698     10.552     4.6678     4.6695     4.6671    30.4677    30.4779  1024.1674    24.1182    305.259    288.863  320.50577     95.243     0.1600     0.6117     0.5806 1.1349e+01      19618         11  0.000e+00
     10.329   70.97154 -163.56698     10.436     4.6679     4.6694     4.6672    30.4675    30.4779  1024.1667    24.1180    305.225    288.834  320.50514     95.233     0.1600     0.6117     0.5806 1.1349e+01      19619         11  0.000e+00
     10.414   70.97154 -163.56698     10.521     4.6678     4.6694     4.6671    30.4677    30.4782  1024.1673    24.1182    305.202    288.999  320.50545     95.225     0.1587     0.6044     0.5806 1.1349e+01      19620         11  0.000e+00
     10.329   70.97154 -163.56698     10.436     4.6684     4.6695     4.6677    30.4671    30.4782  1024.1663    24.1176    305.377    288.990  320.50256     95.281     0.1600     0.6117     0.5806 1.1349e+01      19621         11  0.000e+00
     10.391   70.97154 -163.56698     10.498     4.6681     4.6694     4.6674    30.4675    30.4779  1024.1669    24.1180    305.386    288.990  320.50399     95.283     0.1587     0.6044     0.5806 1.1349e+01      19622         11  0.000e+00
     10.391   70.97154 -163.56698     10.498     4.6683     4.6697     4.6676    30.4673    30.4779  1024.1668    24.1178    305.390    288.797  320.50266     95.285     0.1600     0.6117     0.5795 1.1317e+01      19623         11  0.000e+00
     10.391   70.97154 -163.56698     10.498     4.6682     4.6695     4.6675    30.4673    30.4780  1024.1668    24.1178    305.396    288.774  320.50322     95.286     0.1587     0.6044     0.5783 1.1317e+01      19624         11  0.000e+00
     10.391   70.97154 -163.56698     10.498     4.6681     4.6697     4.6674    30.4675    30.4777  1024.1670    24.1180    305.402    288.751  320.50390     95.288     0.1600     0.6117     0.5783 1.1285e+01      19625         11  0.000e+00
     10.391   70.97154 -163.56698     10.498     4.6678     4.6695     4.6671    30.4669    30.4777  1024.1666    24.1176    305.235    288.730  320.50724     95.235     0.1587     0.6044     0.5783 1.1285e+01      19626         11  0.000e+00
     10.391   70.97154 -163.56698     10.498     4.6678     4.6697     4.6671    30.4671    30.4777  1024.1667    24.1177    305.419    288.708  320.50716     95.293     0.1600     0.6117     0.5783 1.1253e+01      19627         11  0.000e+00
     10.360   70.97154 -163.56698     10.467     4.6674     4.6698     4.6667    30.4671    30.4776  1024.1666    24.1178    305.221    288.686  320.50958     95.230     0.1587     0.6044     0.5783 1.1221e+01      19628         11  0.000e+00
     10.391   70.97154 -163.56698     10.498     4.6675     4.6700     4.6668    30.4672    30.4779  1024.1668    24.1178    305.615    288.853  320.50914     95.353     0.1600     0.6117     0.5783 1.1253e+01      19629         11  0.000e+00
     10.329   70.97154 -163.56698     10.436     4.6674     4.6698     4.6667    30.4675    30.4783  1024.1668    24.1181    305.235    288.665  320.50863     95.235     0.1587     0.6044     0.5783 1.1189e+01      19630         11  0.000e+00
     10.391   70.97154 -163.56698     10.498     4.6674     4.6700     4.6667    30.4678    30.4779  1024.1673    24.1183    305.215    288.648  320.50807     95.229     0.1587     0.6044     0.5783 1.1189e+01      19631         11  0.000e+00
     10.391   70.97154 -163.56698     10.498     4.6675     4.6701     4.6668    30.4673    30.4774  1024.1669    24.1179    305.195    288.630  320.50869     95.222     0.1587     0.6044     0.5783 1.1189e+01      19632         11  0.000e+00
     10.391   70.97154 -163.56698     10.498     4.6676     4.6700     4.6669    30.4671    30.4779  1024.1667    24.1177    305.000    288.614  320.50839     95.161     0.1587     0.6044     0.5783 1.1157e+01      19633         11  0.000e+00
     10.391   70.97154 -163.56698     10.498     4.6676     4.6700     4.6669    30.4676    30.4778  1024.1671    24.1181    305.368    288.410  320.50739     95.276     0.1600     0.6117     0.5783 1.1157e+01      19634         11  0.000e+00
     10.391   70.97154 -163.56698     10.498     4.6677     4.6698     4.6670    30.4677    30.4777  1024.1671    24.1181    305.383    288.565  320.50674     95.281     0.1587     0.6044     0.5783 1.1126e+01      19635         11  0.000e+00
     10.360   70.97154 -163.56698     10.467     4.6676     4.6698     4.6669    30.4677    30.4781  1024.1671    24.1182    305.397    288.549  320.50699     95.286     0.1600     0.6117     0.5783 1.1126e+01      19636         11  0.000e+00
     10.391   70.97154 -163.56698     10.498     4.6679     4.6698     4.6672    30.4674    30.4780  1024.1669    24.1179    305.204    288.538  320.50530     95.226     0.1600     0.6117     0.5783 1.1126e+01      19637         11  0.000e+00
     10.391   70.97154 -163.56698     10.498     4.6680     4.6700     4.6673    30.4674    30.4778  1024.1669    24.1179    305.190    288.338  320.50502     95.222     0.1612     0.6190     0.5783 1.1126e+01      19638         11  0.000e+00
     10.391   70.97154 -163.56698     10.498     4.6678     4.6700     4.6671    30.4671    30.4778  1024.1667    24.1177    305.179    288.329  320.50725     95.218     0.1600     0.6117     0.5783 1.1126e+01      19639         11  0.000e+00
     10.329   70.97154 -163.56698     10.436     4.6676     4.6698     4.6669    30.4676    30.4782  1024.1668    24.1181    305.165    288.320  320.50732     95.213     0.1612     0.6190     0.5783 1.1094e+01      19640         11  0.000e+00
     10.391   70.97154 -163.56698     10.498     4.6677     4.6700     4.6670    30.4674    30.4780  1024.1670    24.1180    305.332    288.296  320.50728     95.265     0.1600     0.6117     0.5783 1.1094e+01      19641         11  0.000e+00
