EcoFOCI/data/1_SampleCollection/2023_SikuliaqDBO_CruiseData/CTD_raw_BottleFile_SKQ23-12S/proc/skq202312s_034.cnv
* Sea-Bird SBE 9 Data File:
* FileName = D:\CTD\SKQ202312S\SKQ202312S_034.hex
* Software Version Seasave V 7.26.7.121
* Temperature SN = 6177
* Conductivity SN = 0369
* Number of Bytes Per Scan = 41
* Number of Voltage Words = 4
* Number of Scans Averaged by the Deck Unit = 1
* NMEA Latitude = 71 37.15 N
* NMEA Longitude = 157 55.43 W
* NMEA UTC (Time) = Sep 21 2023  16:36:56
* NMEA baud rate = 4800
** Ship: R/V Sikuliaq
** Station Number: 034
** Station Name: DBO5.10
** Bottom Depth: 62
** Operator: SD
# nquan = 24
# nvalues = 4950                                  
# units = specified
# name 0 = depSM: Depth [salt water, m]
# name 1 = latitude: Latitude [deg]
# name 2 = longitude: Longitude [deg]
# name 3 = prDM: Pressure, Digiquartz [db]
# name 4 = t090C: Temperature [ITS-90, deg C]
# name 5 = t190C: Temperature, 2 [ITS-90, deg C]
# name 6 = potemp090C: Potential Temperature [ITS-90, deg C]
# name 7 = sal00: Salinity, Practical [PSU]
# name 8 = sal11: Salinity, Practical, 2 [PSU]
# name 9 = density00: Density [density, kg/m^3]
# name 10 = sigma-é00: Density [sigma-theta, kg/m^3]
# name 11 = sbox0Mm/Kg: Oxygen, SBE 43 [umol/kg]
# name 12 = sbox1Mm/Kg: Oxygen, SBE 43, 2 [umol/kg]
# name 13 = oxsolMm/Kg: Oxygen Saturation, Garcia & Gordon [umol/kg]
# name 14 = sbeox0PS: Oxygen, SBE 43 [% saturation]
# name 15 = sbeox1PS: Oxygen, SBE 43, 2 [% saturation]
# name 16 = v0: Voltage 0
# name 17 = flECO-AFL: Fluorescence, WET Labs ECO-AFL/FL [mg/m^3]
# name 18 = v1: Voltage 1
# name 19 = CStarAt0: Beam Attenuation, WET Labs C-Star [1/m]
# name 20 = par: PAR/Irradiance, Biospherical/Licor
# name 21 = scan: Scan Count
# name 22 = timeM: Time, Elapsed [minutes]
# name 23 = flag:  0.000e+00
# span 0 =      3.478,     56.893                 
# span 1 =   71.61914,   71.61918                 
# span 2 = -157.92404, -157.92392                 
# span 3 =      3.514,     57.488                 
# span 4 =    -1.6923,     2.3246                 
# span 5 =    -1.6915,     2.3255                 
# span 6 =    -1.6933,     2.3243                 
# span 7 =    29.6606,    32.9205                 
# span 8 =    29.6710,    32.9301                 
# span 9 =  1023.6974,  1026.7651                 
# span 10 =    23.6747,    26.4878                
# span 11 =    275.216,    402.341                
# span 12 =    261.786,    374.358                
# span 13 =  341.61769,  369.91648                
# span 14 =     74.503,    112.184                
# span 15 =     70.895,    105.255                
# span 16 =     0.0659,     0.1783                
# span 17 =     0.0476,     0.7216                
# span 18 =     3.0220,     4.1929                
# span 19 =     0.4672,     1.7776                
# span 20 = 1.0000e-12, 1.1349e+01                
# span 21 =          1,       4950                
# span 22 =     0.0000,     3.4368                
# span 23 = 0.0000e+00, 0.0000e+00                
# interval = seconds: 0.0416667
# start_time = Sep 21 2023 16:38:35 [NMEA time, first data scan]
# bad_flag = -9.990e-29
*END*
[from data line 3684]
     51.918   71.61916 -157.92396     52.461    -1.5632    -1.5647    -1.5641    32.7653    32.7926  1026.6118    26.3585    282.032    269.222  369.08098     76.415     72.957     0.0708     0.0769     3.7009     0.9667 3.7635e-02       3685     2.5583  0.000e+00
     51.918   71.61916 -157.92396     52.461    -1.5630    -1.5644    -1.5640    32.7660    32.7933  1026.6123    26.3591    281.652    269.030  369.07781     76.312     72.906     0.0708     0.0769     3.7057     0.9614 4.2996e-02       3686     2.5590  0.000e+00
     51.918   71.61916 -157.92396     52.461    -1.5632    -1.5636    -1.5641    32.7674    32.7934  1026.6135    26.3603    281.714    269.046  369.07468     76.330     72.912     0.0708     0.0769     3.7082     0.9588 4.4364e-02       3687     2.5597  0.000e+00
     51.856   71.61916 -157.92396     52.398    -1.5633    -1.5630    -1.5643    32.7684    32.7939  1026.6140    26.3611    281.746    269.074  369.07346     76.339     72.921     0.0708     0.0769     3.7082     0.9588 4.2089e-02       3688     2.5604  0.000e+00
     51.856   71.61916 -157.92396     52.398    -1.5635    -1.5627    -1.5645    32.7688    32.7942  1026.6143    26.3614    281.803    269.087  369.07425     76.354     72.925     0.0720     0.0842     3.7082     0.9588 3.6322e-02       3689     2.5611  0.000e+00
     51.918   71.61916 -157.92396     52.461    -1.5637    -1.5623    -1.5646    32.7691    32.7939  1026.6149    26.3617    281.623    269.114  369.07490     76.305     72.933     0.0708     0.0769     3.7082     0.9588 3.4160e-02       3690     2.5618  0.000e+00
     51.802   71.61916 -157.92396     52.344    -1.5636    -1.5621    -1.5646    32.7690    32.7943  1026.6142    26.3615    281.617    269.148  369.07480     76.303     72.943     0.0708     0.0769     3.7082     0.9588 3.3303e-02       3691     2.5625  0.000e+00
     51.918   71.61916 -157.92396     52.461    -1.5635    -1.5618    -1.5645    32.7685    32.7940  1026.6144    26.3611    281.899    268.973  369.07512     76.380     72.896     0.0708     0.0769     3.7082     0.9588 2.8677e-02       3692     2.5632  0.000e+00
     51.802   71.61916 -157.92396     52.344    -1.5636    -1.5616    -1.5646    32.7684    32.7942  1026.6138    26.3611    281.465    269.230  369.07644     76.262     72.966     0.0708     0.0769     3.7082     0.9588 2.7030e-02       3693     2.5639  0.000e+00
     51.918   71.61916 -157.92396     52.461    -1.5636    -1.5615    -1.5646    32.7687    32.7947  1026.6145    26.3613    281.738    269.047  369.07564     76.336     72.917     0.0720     0.0842     3.7082     0.9588 2.6214e-02       3694     2.5646  0.000e+00
     51.856   71.61916 -157.92396     52.398    -1.5636    -1.5620    -1.5646    32.7686    32.7952  1026.6142    26.3613    281.817    269.072  369.07578     76.357     72.923     0.0708     0.0769     3.7082     0.9588 2.2595e-02       3695     2.5653  0.000e+00
     51.856   71.61916 -157.92396     52.398    -1.5637    -1.5620    -1.5646    32.7689    32.7949  1026.6144    26.3615    281.607    268.879  369.07567     76.301     72.870     0.0720     0.0842     3.7082     0.9588 2.1016e-02       3696     2.5660  0.000e+00
     51.918   71.61916 -157.92396     52.461    -1.5638    -1.5621    -1.5648    32.7699    32.7949  1026.6155    26.3623    281.889    269.130  369.07378     76.377     72.938     0.0708     0.0769     3.7082     0.9588 2.0624e-02       3697     2.5667  0.000e+00
     51.918   71.61916 -157.92396     52.461    -1.5640    -1.5625    -1.5649    32.7706    32.7948  1026.6161    26.3629    281.770    268.932  369.07343     76.345     72.884     0.0708     0.0769     3.7082     0.9588 1.8295e-02       3698     2.5674  0.000e+00
     51.918   71.61916 -157.92396     52.461    -1.5641    -1.5629    -1.5650    32.7717    32.7945  1026.6170    26.3638    282.091    268.977  369.07143     76.433     72.895     0.0720     0.0842     3.7082     0.9588 1.6764e-02       3699     2.5681  0.000e+00
     51.918   71.61916 -157.92396     52.461    -1.5643    -1.5629    -1.5652    32.7726    32.7944  1026.6178    26.3645    281.910    269.229  369.07046     76.384     72.963     0.0708     0.0769     3.7082     0.9588 1.6764e-02       3700     2.5688  0.000e+00
     51.918   71.61916 -157.92396     52.461    -1.5643    -1.5625    -1.5652    32.7730    32.7937  1026.6180    26.3648    281.957    269.029  369.06945     76.397     72.909     0.0708     0.0769     3.7082     0.9588 1.7528e-02       3701     2.5694  0.000e+00
     51.918   71.61916 -157.92396     52.461    -1.5641    -1.5629    -1.5651    32.7736    32.7940  1026.6185    26.3653    282.021    269.074  369.06653     76.415     72.921     0.0708     0.0769     3.7082     0.9588 1.7911e-02       3702     2.5701  0.000e+00
     51.918   71.61916 -157.92396     52.461    -1.5644    -1.5630    -1.5654    32.7737    32.7939  1026.6186    26.3654    282.056    269.130  369.06910     76.424     72.936     0.0708     0.0769     3.7082     0.9588 1.7911e-02       3703     2.5708  0.000e+00
     51.918   71.61916 -157.92396     52.461    -1.5640    -1.5629    -1.5649    32.7734    32.7937  1026.6184    26.3652    281.843    269.163  369.06523     76.367     72.945     0.0708     0.0769     3.7082     0.9588 1.4126e-02       3704     2.5715  0.000e+00
     51.918   71.61916 -157.92396     52.461    -1.5643    -1.5629    -1.5652    32.7741    32.7937  1026.6190    26.3657    281.863    269.207  369.06604     76.372     72.957     0.0696     0.0696     3.7070     0.9601 1.0084e-02       3705     2.5722  0.000e+00
     51.918   71.61916 -157.92396     52.461    -1.5641    -1.5630    -1.5650    32.7744    32.7938  1026.6192    26.3660    281.898    269.263  369.06349     76.382     72.972     0.0696     0.0696     3.7106     0.9561 9.3628e-03       3706     2.5729  0.000e+00
     51.918   71.61916 -157.92396     52.461    -1.5641    -1.5634    -1.5650    32.7748    32.7940  1026.6195    26.3663    281.953    269.333  369.06235     76.397     72.990     0.0696     0.0696     3.7118     0.9548 1.6005e-02       3707     2.5736  0.000e+00
     51.918   71.61916 -157.92396     52.461    -1.5641    -1.5639    -1.5650    32.7746    32.7939  1026.6194    26.3662    281.976    269.150  369.06286     76.403     72.939     0.0696     0.0696     3.7131     0.9535 2.5807e-02       3708     2.5743  0.000e+00
     51.918   71.61916 -157.92396     52.461    -1.5640    -1.5645    -1.5650    32.7747    32.7941  1026.6195    26.3662    282.015    269.406  369.06196     76.414     73.008     0.0684     0.0623     3.7131     0.9535 2.9092e-02       3709     2.5750  0.000e+00
     51.918   71.61916 -157.92396     52.461    -1.5641    -1.5647    -1.5650    32.7747    32.7942  1026.6194    26.3662    282.072    269.470  369.06273     76.429     73.025     0.0696     0.0696     3.7131     0.9535 2.5807e-02       3710     2.5757  0.000e+00
     51.918   71.61916 -157.92396     52.461    -1.5641    -1.5644    -1.5650    32.7739    32.7941  1026.6188    26.3656    281.887    269.540  369.06488     76.379     73.044     0.0708     0.0769     3.7131     0.9535 1.9844e-02       3711     2.5764  0.000e+00
     51.856   71.61916 -157.92396     52.398    -1.5643    -1.5634    -1.5652    32.7742    32.7941  1026.6187    26.3658    282.186    269.349  369.06593     76.460     72.994     0.0696     0.0696     3.7131     0.9535 1.8295e-02       3712     2.5771  0.000e+00
     51.918   71.61916 -157.92396     52.461    -1.5641    -1.5625    -1.5650    32.7743    32.7945  1026.6191    26.3658    282.295    269.368  369.06399     76.489     73.002     0.0708     0.0769     3.7131     0.9535 1.8681e-02       3713     2.5778  0.000e+00
     51.972   71.61916 -157.92396     52.515    -1.5643    -1.5616    -1.5652    32.7747    32.7947  1026.6197    26.3662    282.370    269.397  369.06450     76.510     73.011     0.0696     0.0696     3.7131     0.9535 1.9067e-02       3714     2.5785  0.000e+00
     51.918   71.61916 -157.92396     52.461    -1.5643    -1.5612    -1.5653    32.7746    32.7946  1026.6194    26.3662    282.197    269.402  369.06517     76.463     73.014     0.0696     0.0696     3.7131     0.9535 1.9455e-02       3715     2.5792  0.000e+00
     51.972   71.61916 -157.92396     52.515    -1.5643    -1.5606    -1.5652    32.7740    32.7941  1026.6192    26.3657    282.461    269.190  369.06639     76.534     72.957     0.0708     0.0769     3.7131     0.9535 1.9844e-02       3716     2.5799  0.000e+00
     51.918   71.61916 -157.92396     52.461    -1.5640    -1.5598    -1.5649    32.7733    32.7934  1026.6183    26.3651    282.315    269.408  369.06549     76.495     73.017     0.0696     0.0696     3.7131     0.9535 2.2993e-02       3717     2.5806  0.000e+00
     51.972   71.61916 -157.92396     52.515    -1.5636    -1.5594    -1.5646    32.7729    32.7939  1026.6182    26.3647    282.346    269.441  369.06338     76.503     73.027     0.0708     0.0769     3.7131     0.9535 2.4594e-02       3718     2.5812  0.000e+00
     51.972   71.61916 -157.92396     52.515    -1.5636    -1.5595    -1.5646    32.7735    32.7942  1026.6187    26.3652    282.390    269.487  369.06149     76.516     73.039     0.0696     0.0696     3.7131     0.9535 2.4594e-02       3719     2.5819  0.000e+00
     51.918   71.61916 -157.92396     52.461    -1.5636    -1.5597    -1.5646    32.7747    32.7943  1026.6194    26.3662    282.446    269.505  369.05811     76.532     73.044     0.0708     0.0769     3.7131     0.9535 2.1409e-02       3720     2.5826  0.000e+00
     51.972   71.61916 -157.92396     52.515    -1.5634    -1.5597    -1.5644    32.7747    32.7943  1026.6197    26.3662    282.521    269.532  369.05577     76.552     73.052     0.0696     0.0696     3.7131     0.9535 1.9455e-02       3721     2.5833  0.000e+00
     51.972   71.61916 -157.92396     52.515    -1.5632    -1.5598    -1.5641    32.7751    32.7941  1026.6200    26.3665    282.555    269.566  369.05232     76.562     73.060     0.0696     0.0696     3.7131     0.9535 1.9067e-02       3722     2.5840  0.000e+00
     51.918   71.61916 -157.92396     52.461    -1.5632    -1.5606    -1.5641    32.7760    32.7948  1026.6205    26.3672    282.601    269.608  369.04970     76.575     73.071     0.0708     0.0769     3.7131     0.9535 1.6764e-02       3723     2.5847  0.000e+00
     52.034   71.61916 -157.92396     52.578    -1.5633    -1.5604    -1.5643    32.7766    32.7946  1026.6215    26.3677    282.408    269.657  369.04981     76.523     73.084     0.0696     0.0696     3.7131     0.9535 1.5251e-02       3724     2.5854  0.000e+00
     51.918   71.61916 -157.92396     52.461    -1.5636    -1.5604    -1.5646    32.7774    32.7952  1026.6216    26.3684    282.276    269.704  369.05016     76.487     73.097     0.0708     0.0769     3.7131     0.9535 1.4875e-02       3725     2.5861  0.000e+00
     51.972   71.61916 -157.92396     52.515    -1.5636    -1.5600    -1.5646    32.7780    32.7951  1026.6224    26.3689    282.312    269.761  369.04849     76.497     73.114     0.0696     0.0696     3.7192     0.9469 1.4126e-02       3726     2.5868  0.000e+00
     51.972   71.61916 -157.92396     52.515    -1.5638    -1.5600    -1.5648    32.7781    32.7953  1026.6224    26.3689    282.363    269.597  369.04991     76.511     73.069     0.0696     0.0696     3.7265     0.9391 1.3754e-02       3727     2.5875  0.000e+00
     51.972   71.61916 -157.92396     52.515    -1.5637    -1.5594    -1.5646    32.7784    32.7948  1026.6227    26.3692    282.374    269.601  369.04800     76.514     73.071     0.0708     0.0769     3.7289     0.9364 1.3754e-02       3728     2.5882  0.000e+00
     51.972   71.61916 -157.92396     52.515    -1.5636    -1.5594    -1.5646    32.7782    32.7947  1026.6225    26.3690    282.399    269.616  369.04786     76.521     73.075     0.0696     0.0696     3.7289     0.9364 1.2274e-02       3729     2.5889  0.000e+00
     51.972   71.61916 -157.92396     52.515    -1.5635    -1.5597    -1.5645    32.7784    32.7950  1026.6227    26.3692    282.486    269.640  369.04608     76.545     73.081     0.0696     0.0696     3.7277     0.9377 1.0447e-02       3730     2.5896  0.000e+00
     51.972   71.61916 -157.92396     52.515    -1.5635    -1.5594    -1.5645    32.7788    32.7946  1026.6230    26.3695    282.538    269.896  369.04494     76.559     73.151     0.0696     0.0696     3.7277     0.9377 1.0084e-02       3731     2.5903  0.000e+00
     51.972   71.61916 -157.92396     52.515    -1.5635    -1.5595    -1.5645    32.7791    32.7950  1026.6233    26.3698    282.601    269.962  369.04406     76.577     73.169     0.0708     0.0769     3.7277     0.9377 1.1540e-02       3732     2.5910  0.000e+00
     52.034   71.61916 -157.92396     52.578    -1.5636    -1.5588    -1.5646    32.7793    32.7950  1026.6237    26.3699    282.629    269.800  369.04469     76.584     73.126     0.0696     0.0696     3.7277     0.9377 1.4126e-02       3733     2.5917  0.000e+00
     51.972   71.61916 -157.92396     52.515    -1.5636    -1.5582    -1.5645    32.7793    32.7951  1026.6234    26.3699    282.765    269.837  369.04419     76.621     73.138     0.0696     0.0696     3.7277     0.9377 1.5251e-02       3734     2.5924  0.000e+00
     51.972   71.61916 -157.92396     52.515    -1.5633    -1.5582    -1.5643    32.7790    32.7956  1026.6232    26.3697    282.554    269.855  369.04264     76.564     73.143     0.0708     0.0769     3.7277     0.9377 1.6005e-02       3735     2.5931  0.000e+00
     52.034   71.61916 -157.92396     52.578    -1.5633    -1.5577    -1.5643    32.7796    32.7959  1026.6240    26.3702    282.827    269.647  369.04086     76.638     73.088     0.0696     0.0696     3.7277     0.9377 1.8295e-02       3736     2.5938  0.000e+00
     52.034   71.61916 -157.92396     52.578    -1.5635    -1.5575    -1.5645    32.7798    32.7962  1026.6241    26.3703    282.901    269.644  369.04215     76.658     73.087     0.0708     0.0769     3.7277     0.9377 1.9067e-02       3737     2.5944  0.000e+00
     51.972   71.61916 -157.92396     52.515    -1.5636    -1.5575    -1.5646    32.7799    32.7963  1026.6239    26.3704    282.723    269.877  369.04294     76.610     73.150     0.0696     0.0696     3.7277     0.9377 1.8681e-02       3738     2.5951  0.000e+00
     52.034   71.61916 -157.92396     52.578    -1.5633    -1.5573    -1.5643    32.7795    32.7963  1026.6239    26.3701    282.977    269.920  369.04111     76.679     73.162     0.0696     0.0696     3.7277     0.9377 1.5251e-02       3739     2.5958  0.000e+00
     52.034   71.61916 -157.92396     52.578    -1.5636    -1.5574    -1.5645    32.7800    32.7962  1026.6243    26.3705    283.030    269.969  369.04203     76.693     73.176     0.0708     0.0769     3.7277     0.9377 1.3754e-02       3740     2.5965  0.000e+00
     51.972   71.61916 -157.92396     52.515    -1.5632    -1.5573    -1.5641    32.7801    32.7965  1026.6241    26.3706    282.876    269.756  369.03769     76.652     73.118     0.0696     0.0696     3.7277     0.9377 1.3754e-02       3741     2.5972  0.000e+00
     52.034   71.61916 -157.92396     52.578    -1.5627    -1.5571    -1.5637    32.7801    32.7963  1026.6244    26.3706    282.846    269.784  369.03305     76.645     73.126     0.0708     0.0769     3.7277     0.9377 1.9067e-02       3742     2.5979  0.000e+00
     52.034   71.61916 -157.92396     52.578    -1.5621    -1.5571    -1.5631    32.7803    32.7964  1026.6245    26.3707    282.871    270.013  369.02677     76.653     73.188     0.0696     0.0696     3.7277     0.9377 2.1803e-02       3743     2.5986  0.000e+00
