EcoFOCI/data/1_SampleCollection/2023_SikuliaqDBO_CruiseData/CTD_raw_BottleFile_SKQ23-12S/proc/skq202312s_028.cnv
* Sea-Bird SBE 9 Data File:
* FileName = D:\CTD\SKQ202312S\SKQ202312S_028.hex
* Software Version Seasave V 7.26.7.121
* Temperature SN = 6177
* Conductivity SN = 0369
* Number of Bytes Per Scan = 41
* Number of Voltage Words = 4
* Number of Scans Averaged by the Deck Unit = 1
* NMEA Latitude = 71 22.34 N
* NMEA Longitude = 157 24.94 W
* NMEA UTC (Time) = Sep 21 2023  03:13:25
* NMEA baud rate = 4800
** Ship: R/V Sikuliaq
** Station Number: 028
** Station Name: DBO5.4
** Bottom Depth: 112
** Operator: SD
# nquan = 24
# nvalues = 10603                                 
# units = specified
# name 0 = depSM: Depth [salt water, m]
# name 1 = latitude: Latitude [deg]
# name 2 = longitude: Longitude [deg]
# name 3 = prDM: Pressure, Digiquartz [db]
# name 4 = t090C: Temperature [ITS-90, deg C]
# name 5 = t190C: Temperature, 2 [ITS-90, deg C]
# name 6 = potemp090C: Potential Temperature [ITS-90, deg C]
# name 7 = sal00: Salinity, Practical [PSU]
# name 8 = sal11: Salinity, Practical, 2 [PSU]
# name 9 = density00: Density [density, kg/m^3]
# name 10 = sigma-é00: Density [sigma-theta, kg/m^3]
# name 11 = sbox0Mm/Kg: Oxygen, SBE 43 [umol/kg]
# name 12 = sbox1Mm/Kg: Oxygen, SBE 43, 2 [umol/kg]
# name 13 = oxsolMm/Kg: Oxygen Saturation, Garcia & Gordon [umol/kg]
# name 14 = sbeox0PS: Oxygen, SBE 43 [% saturation]
# name 15 = sbeox1PS: Oxygen, SBE 43, 2 [% saturation]
# name 16 = v0: Voltage 0
# name 17 = flECO-AFL: Fluorescence, WET Labs ECO-AFL/FL [mg/m^3]
# name 18 = v1: Voltage 1
# name 19 = CStarAt0: Beam Attenuation, WET Labs C-Star [1/m]
# name 20 = par: PAR/Irradiance, Biospherical/Licor
# name 21 = scan: Scan Count
# name 22 = timeM: Time, Elapsed [minutes]
# name 23 = flag:  0.000e+00
# span 0 =      2.421,    106.151                 
# span 1 =   71.37238,   71.37258                 
# span 2 = -157.41494, -157.41336                 
# span 3 =      2.446,    107.273                 
# span 4 =    -1.5020,     4.8902                 
# span 5 =    -1.5012,     4.8905                 
# span 6 =    -1.5040,     4.8899                 
# span 7 =    30.0278,    32.5827                 
# span 8 =    30.0490,    32.5938                 
# span 9 =  1023.7716,  1026.7256                 
# span 10 =    23.7502,    26.2088                
# span 11 =    295.081,    389.149                
# span 12 =    273.776,    355.676                
# span 13 =  318.65451,  370.23907                
# span 14 =     79.985,    108.091                
# span 15 =     74.230,     98.748                
# span 16 =     0.0684,     0.3980                
# span 17 =     0.0623,     2.0403                
# span 18 =     2.8852,     4.2259                
# span 19 =     0.4359,     1.9629                
# span 20 = 1.0000e-12, 1.5816e+01                
# span 21 =          1,      10603                
# span 22 =     0.0000,     7.3625                
# span 23 = 0.0000e+00, 0.0000e+00                
# interval = seconds: 0.0416667
# start_time = Sep 21 2023 03:18:10 [NMEA time, first data scan]
# bad_flag = -9.990e-29
*END*
[from data line 7185]
    101.497   71.37252 -157.41400    102.568    -1.4900    -1.4882    -1.4920    32.5758    32.5862  1026.6977    26.2029    297.261    282.966  368.90575     80.579     76.714     0.3150     1.5421     3.4969     1.1935 1.0000e-12       7186     4.9896  0.000e+00
    101.443   71.37252 -157.41400    102.514    -1.4900    -1.4882    -1.4920    32.5753    32.5856  1026.6970    26.2024    297.553    282.937  368.90741     80.658     76.706     0.3162     1.5494     3.4969     1.1935 1.0000e-12       7187     4.9903  0.000e+00
    101.443   71.37252 -157.41400    102.514    -1.4900    -1.4888    -1.4920    32.5755    32.5863  1026.6971    26.2026    297.320    282.949  368.90678     80.595     76.708     0.3150     1.5421     3.4957     1.1949 1.0000e-12       7188     4.9910  0.000e+00
    101.443   71.37252 -157.41400    102.514    -1.4899    -1.4887    -1.4918    32.5752    32.5859  1026.6969    26.2024    297.298    282.960  368.90586     80.589     76.712     0.3162     1.5494     3.4969     1.1935 1.0000e-12       7189     4.9917  0.000e+00
    101.443   71.37252 -157.41400    102.514    -1.4900    -1.4890    -1.4920    32.5756    32.5860  1026.6972    26.2027    297.331    282.979  368.90653     80.598     76.716     0.3150     1.5421     3.4969     1.1935 1.0000e-12       7190     4.9924  0.000e+00
    101.443   71.37252 -157.41400    102.514    -1.4900    -1.4888    -1.4920    32.5757    32.5860  1026.6973    26.2027    297.311    282.998  368.90628     80.593     76.722     0.3150     1.5421     3.4957     1.1949 1.0000e-12       7191     4.9931  0.000e+00
    101.388   71.37252 -157.41400    102.459    -1.4902    -1.4891    -1.4921    32.5756    32.5864  1026.6969    26.2027    297.030    283.022  368.90771     80.516     76.728     0.3150     1.5421     3.4969     1.1935 1.0000e-12       7192     4.9938  0.000e+00
    101.443   71.37252 -157.41400    102.514    -1.4899    -1.4888    -1.4919    32.5752    32.5863  1026.6969    26.2024    297.225    283.051  368.90638     80.569     76.736     0.3150     1.5421     3.4969     1.1935 1.0000e-12       7193     4.9944  0.000e+00
    101.388   71.37252 -157.41400    102.459    -1.4899    -1.4888    -1.4918    32.5756    32.5859  1026.6970    26.2027    297.205    283.082  368.90464     80.564     76.744     0.3150     1.5421     3.4969     1.1935 1.0000e-12       7194     4.9951  0.000e+00
    101.388   71.37252 -157.41400    102.459    -1.4902    -1.4888    -1.4921    32.5761    32.5860  1026.6973    26.2031    297.242    283.085  368.90621     80.574     76.745     0.3150     1.5421     3.4969     1.1935 1.0000e-12       7195     4.9958  0.000e+00
    101.388   71.37252 -157.41400    102.459    -1.4900    -1.4887    -1.4920    32.5755    32.5861  1026.6969    26.2026    297.228    283.122  368.90668     80.570     76.756     0.3162     1.5494     3.4994     1.1907 1.0000e-12       7196     4.9965  0.000e+00
    101.388   71.37252 -157.41400    102.459    -1.4900    -1.4887    -1.4920    32.5756    32.5863  1026.6970    26.2027    297.265    283.166  368.90643     80.580     76.767     0.3150     1.5421     3.5018     1.1879 1.0000e-12       7197     4.9972  0.000e+00
    101.388   71.37252 -157.41400    102.459    -1.4900    -1.4888    -1.4920    32.5754    32.5862  1026.6968    26.2026    296.730    283.181  368.90693     80.435     76.771     0.3150     1.5421     3.5031     1.1865 1.0000e-12       7198     4.9979  0.000e+00
    101.388   71.37252 -157.41400    102.459    -1.4900    -1.4887    -1.4920    32.5756    32.5859  1026.6970    26.2027    297.143    283.197  368.90643     80.547     76.776     0.3150     1.5421     3.5018     1.1879 1.0000e-12       7199     4.9986  0.000e+00
    101.327   71.37252 -157.41400    102.397    -1.4902    -1.4885    -1.4921    32.5760    32.5858  1026.6970    26.2030    296.871    282.981  368.90635     80.473     76.717     0.3150     1.5421     3.5018     1.1879 1.0000e-12       7200     4.9993  0.000e+00
    101.388   71.37252 -157.41400    102.459    -1.4899    -1.4887    -1.4919    32.5756    32.5861  1026.6970    26.2027    296.868    282.974  368.90528     80.473     76.715     0.3150     1.5421     3.5018     1.1879 1.0000e-12       7201     5.0000  0.000e+00
    101.273   71.37252 -157.41400    102.342    -1.4897    -1.4884    -1.4917    32.5754    32.5860  1026.6962    26.2025    296.809    282.962  368.90364     80.457     76.713     0.3150     1.5421     3.5018     1.1879 1.0000e-12       7202     5.0007  0.000e+00
    101.388   71.37252 -157.41400    102.459    -1.4899    -1.4885    -1.4918    32.5752    32.5856  1026.6967    26.2024    296.766    283.199  368.90577     80.445     76.776     0.3150     1.5421     3.5018     1.1879 1.0000e-12       7203     5.0014  0.000e+00
    101.273   71.37252 -157.41400    102.342    -1.4896    -1.4887    -1.4915    32.5750    32.5859  1026.6959    26.2022    297.025    283.229  368.90374     80.515     76.784     0.3040     1.4762     3.5018     1.1879 8.4714e-06       7204     5.0021  0.000e+00
    101.327   71.37252 -157.41400    102.397    -1.4897    -1.4888    -1.4917    32.5753    32.5863  1026.6964    26.2024    297.031    283.268  368.90399     80.517     76.795     0.2906     1.3956     3.5018     1.1879 1.0000e-12       7205     5.0028  0.000e+00
    101.327   71.37252 -157.41400    102.397    -1.4897    -1.4887    -1.4917    32.5756    32.5858  1026.6966    26.2027    297.087    283.307  368.90311     80.533     76.806     0.2857     1.3663     3.5018     1.1879 1.0000e-12       7206     5.0035  0.000e+00
    101.273   71.37252 -157.41400    102.342    -1.4896    -1.4887    -1.4915    32.5751    32.5859  1026.6960    26.2023    297.353    283.347  368.90336     80.605     76.816     0.2869     1.3736     3.5018     1.1879 1.0000e-12       7207     5.0042  0.000e+00
    101.273   71.37252 -157.41400    102.342    -1.4899    -1.4887    -1.4918    32.5753    32.5860  1026.6961    26.2024    297.148    283.392  368.90568     80.549     76.829     0.2869     1.3736     3.5018     1.1879 1.0000e-12       7208     5.0049  0.000e+00
    101.273   71.37252 -157.41400    102.342    -1.4896    -1.4888    -1.4915    32.5752    32.5861  1026.6960    26.2023    296.889    283.209  368.90311     80.479     76.779     0.2882     1.3809     3.5018     1.1879 1.0000e-12       7209     5.0056  0.000e+00
    101.327   71.37252 -157.41400    102.397    -1.4899    -1.4885    -1.4918    32.5755    32.5855  1026.6966    26.2026    296.901    283.229  368.90490     80.482     76.785     0.2882     1.3809     3.5018     1.1879 1.0000e-12       7210     5.0062  0.000e+00
    101.273   71.37252 -157.41400    102.342    -1.4897    -1.4888    -1.4917    32.5751    32.5863  1026.6960    26.2023    296.964    283.251  368.90439     80.499     76.790     0.2882     1.3809     3.5018     1.1879 1.0000e-12       7211     5.0069  0.000e+00
    101.273   71.37252 -157.41400    102.342    -1.4896    -1.4887    -1.4915    32.5750    32.5863  1026.6959    26.2022    296.982    283.243  368.90374     80.504     76.788     0.2882     1.3809     3.5018     1.1879 1.0000e-12       7212     5.0076  0.000e+00
    101.273   71.37252 -157.41400    102.342    -1.4897    -1.4890    -1.4917    32.5755    32.5867  1026.6963    26.2026    296.900    283.472  368.90339     80.482     76.850     0.2882     1.3809     3.5018     1.1879 1.0000e-12       7213     5.0083  0.000e+00
    101.296   71.37252 -157.41400    102.365    -1.4897    -1.4887    -1.4917    32.5750    32.5858  1026.6960    26.2022    296.872    283.271  368.90481     80.474     76.796     0.2882     1.3809     3.5018     1.1879 1.0000e-12       7214     5.0090  0.000e+00
    101.211   71.37252 -157.41400    102.280    -1.4897    -1.4888    -1.4917    32.5753    32.5859  1026.6958    26.2025    296.841    283.269  368.90442     80.466     76.795     0.2882     1.3809     3.5018     1.1879 1.0000e-12       7215     5.0097  0.000e+00
    101.327   71.37252 -157.41400    102.397    -1.4897    -1.4887    -1.4917    32.5756    32.5859  1026.6966    26.2027    296.820    283.275  368.90311     80.460     76.797     0.2882     1.3809     3.4994     1.1907 1.0000e-12       7216     5.0104  0.000e+00
    101.211   71.37252 -157.41400    102.280    -1.4896    -1.4887    -1.4915    32.5753    32.5858  1026.6959    26.2025    296.791    283.276  368.90263     80.453     76.797     0.2882     1.3809     3.4982     1.1921 1.0000e-12       7217     5.0111  0.000e+00
    101.273   71.37252 -157.41400    102.342    -1.4897    -1.4887    -1.4917    32.5756    32.5859  1026.6964    26.2027    296.773    283.517  368.90301     80.448     76.863     0.2882     1.3809     3.4969     1.1935 1.0000e-12       7218     5.0118  0.000e+00
    101.273   71.37252 -157.41400    102.342    -1.4894    -1.4888    -1.4914    32.5754    32.5859  1026.6962    26.2025    296.752    283.561  368.90082     80.442     76.874     0.2869     1.3736     3.4969     1.1935 1.0000e-12       7219     5.0125  0.000e+00
    101.327   71.37252 -157.41400    102.397    -1.4895    -1.4888    -1.4914    32.5756    32.5860  1026.6966    26.2027    296.738    283.606  368.90080     80.438     76.886     0.2882     1.3809     3.4982     1.1921 1.0000e-12       7220     5.0132  0.000e+00
    101.273   71.37252 -157.41400    102.342    -1.4892    -1.4885    -1.4912    32.5750    32.5858  1026.6959    26.2022    296.720    283.416  368.90015     80.434     76.835     0.2882     1.3809     3.4969     1.1935 1.0000e-12       7221     5.0139  0.000e+00
    101.273   71.37252 -157.41400    102.342    -1.4894    -1.4887    -1.4914    32.5755    32.5860  1026.6963    26.2026    296.708    283.629  368.90057     80.430     76.893     0.2869     1.3736     3.4969     1.1935 1.0000e-12       7222     5.0146  0.000e+00
    101.327   71.37252 -157.41400    102.397    -1.4891    -1.4887    -1.4911    32.5748    32.5859  1026.6960    26.2021    296.960    283.645  368.89947     80.499     76.897     0.2882     1.3809     3.4969     1.1935 1.0000e-12       7223     5.0153  0.000e+00
    101.273   71.37252 -157.41400    102.342    -1.4892    -1.4885    -1.4912    32.5753    32.5858  1026.6961    26.2024    296.736    283.655  368.89940     80.438     76.900     0.2869     1.3736     3.4982     1.1921 1.0000e-12       7224     5.0160  0.000e+00
    101.327   71.37252 -157.41400    102.397    -1.4889    -1.4885    -1.4909    32.5753    32.5857  1026.6964    26.2024    296.727    283.671  368.89642     80.436     76.904     0.2882     1.3809     3.4982     1.1921 1.0000e-12       7225     5.0167  0.000e+00
    101.327   71.37252 -157.41400    102.397    -1.4890    -1.4887    -1.4910    32.5748    32.5862  1026.6960    26.2020    296.723    283.454  368.89844     80.435     76.845     0.2869     1.3736     3.4969     1.1935 1.0000e-12       7226     5.0174  0.000e+00
    101.273   71.37252 -157.41398    102.342    -1.4891    -1.4888    -1.4911    32.5754    32.5860  1026.6962    26.2025    296.716    283.667  368.89787     80.433     76.903     0.2882     1.3809     3.4982     1.1921 1.0000e-12       7227     5.0181  0.000e+00
    101.327   71.37252 -157.41398    102.397    -1.4887    -1.4885    -1.4907    32.5749    32.5859  1026.6960    26.2021    296.713    283.681  368.89537     80.433     76.907     0.2869     1.3736     3.4969     1.1935 1.0000e-12       7228     5.0187  0.000e+00
    101.327   71.37252 -157.41398    102.397    -1.4891    -1.4887    -1.4911    32.5753    32.5858  1026.6964    26.2024    296.716    283.698  368.89821     80.433     76.912     0.2882     1.3809     3.4982     1.1921 1.0000e-12       7229     5.0194  0.000e+00
    101.388   71.37252 -157.41398    102.459    -1.4888    -1.4887    -1.4907    32.5749    32.5858  1026.6963    26.2021    296.666    283.484  368.89599     80.420     76.853     0.2955     1.4249     3.4969     1.1935 1.0000e-12       7230     5.0201  0.000e+00
    101.327   71.37252 -157.41398    102.397    -1.4890    -1.4887    -1.4910    32.5749    32.5859  1026.6961    26.2021    296.720    283.465  368.89806     80.434     76.848     0.2967     1.4322     3.4982     1.1921 1.0000e-12       7231     5.0208  0.000e+00
    101.327   71.37252 -157.41398    102.397    -1.4891    -1.4885    -1.4911    32.5745    32.5860  1026.6958    26.2018    296.728    283.714  368.90035     80.436     76.916     0.2967     1.4322     3.4969     1.1935 8.4714e-06       7232     5.0215  0.000e+00
    101.388   71.37252 -157.41398    102.459    -1.4891    -1.4888    -1.4911    32.5750    32.5862  1026.6965    26.2022    296.738    283.772  368.89895     80.439     76.931     0.2955     1.4249     3.4969     1.1935 1.0000e-12       7233     5.0222  0.000e+00
    101.442   71.37252 -157.41398    102.514    -1.4891    -1.4888    -1.4911    32.5752    32.5858  1026.6969    26.2024    296.750    283.795  368.89842     80.442     76.937     0.2967     1.4322     3.4982     1.1921 1.0000e-12       7234     5.0229  0.000e+00
    101.327   71.37252 -157.41398    102.397    -1.4891    -1.4887    -1.4911    32.5748    32.5861  1026.6960    26.2021    296.759    283.809  368.89947     80.444     76.942     0.2955     1.4249     3.4969     1.1935 1.0000e-12       7235     5.0236  0.000e+00
    101.442   71.37252 -157.41398    102.514    -1.4890    -1.4884    -1.4910    32.5749    32.5859  1026.6966    26.2021    296.830    283.832  368.89814     80.464     76.948     0.2967     1.4322     3.4969     1.1935 1.0000e-12       7236     5.0243  0.000e+00
    101.442   71.37252 -157.41398    102.514    -1.4889    -1.4885    -1.4909    32.5750    32.5858  1026.6967    26.2022    296.848    283.623  368.89725     80.469     76.891     0.2979     1.4395     3.4969     1.1935 1.0000e-12       7237     5.0250  0.000e+00
    101.442   71.37252 -157.41398    102.514    -1.4887    -1.4884    -1.4906    32.5745    32.5858  1026.6963    26.2018    296.606    283.610  368.89594     80.404     76.888     0.2967     1.4322     3.4982     1.1921 1.0000e-12       7238     5.0257  0.000e+00
    101.442   71.37252 -157.41398    102.514    -1.4885    -1.4885    -1.4905    32.5750    32.5857  1026.6967    26.2021    296.840    283.833  368.89340     80.468     76.948     0.2967     1.4322     3.4982     1.1921 1.0000e-12       7239     5.0264  0.000e+00
    101.496   71.37252 -157.41398    102.568    -1.4887    -1.4885    -1.4906    32.5750    32.5859  1026.6970    26.2022    296.871    283.858  368.89440     80.476     76.955     0.2955     1.4249     3.4982     1.1921 1.0000e-12       7240     5.0271  0.000e+00
    101.496   71.37252 -157.41398    102.568    -1.4885    -1.4887    -1.4905    32.5748    32.5859  1026.6968    26.2020    296.846    283.883  368.89336     80.469     76.962     0.2967     1.4322     3.4982     1.1921 1.0000e-12       7241     5.0278  0.000e+00
    101.496   71.37252 -157.41398    102.568    -1.4890    -1.4887    -1.4910    32.5749    32.5861  1026.6969    26.2021    296.880    283.905  368.89811     80.478     76.968     0.2955     1.4249     3.4982     1.1921 1.0000e-12       7242     5.0285  0.000e+00
    101.496   71.37252 -157.41398    102.568    -1.4891    -1.4887    -1.4911    32.5749    32.5859  1026.6969    26.2021    296.913    283.929  368.89939     80.486     76.974     0.2967     1.4322     3.4982     1.1921 1.0000e-12       7243     5.0292  0.000e+00
    101.612   71.37252 -157.41398    102.685    -1.4892    -1.4888    -1.4912    32.5749    32.5862  1026.6975    26.2021    296.952    283.957  368.90038     80.497     76.982     0.2955     1.4249     3.4982     1.1921 1.0000e-12       7244     5.0299  0.000e+00
    101.558   71.37252 -157.41398    102.631    -1.4893    -1.4887    -1.4913    32.5751    32.5859  1026.6973    26.2022    296.986    283.978  368.90055     80.506     76.987     0.2967     1.4322     3.4982     1.1921 1.0000e-12       7245     5.0306  0.000e+00
