EcoFOCI/data/1_SampleCollection/2023_SikuliaqDBO_CruiseData/CTD_raw_BottleFile_SKQ23-12S/proc/skq202312s_054.cnv
* Sea-Bird SBE 9 Data File:
* FileName = D:\CTD\SKQ202312S\SKQ202312S_054.hex
* Software Version Seasave V 7.26.7.121
* Temperature SN = 6177
* Conductivity SN = 0369
* Number of Bytes Per Scan = 41
* Number of Voltage Words = 4
* Number of Scans Averaged by the Deck Unit = 1
* NMEA Latitude = 70 58.30 N
* NMEA Longitude = 163 33.99 W
* NMEA UTC (Time) = Sep 27 2023  02:24:07
* NMEA baud rate = 4800
** Ship: R/V Sikuliaq
** Station Number: 054
** Station Name: IC8
** Bottom Depth: 45
** Operator: SD
# nquan = 24
# nvalues = 6945                                  
# units = specified
# name 0 = depSM: Depth [salt water, m]
# name 1 = latitude: Latitude [deg]
# name 2 = longitude: Longitude [deg]
# name 3 = prDM: Pressure, Digiquartz [db]
# name 4 = t090C: Temperature [ITS-90, deg C]
# name 5 = t190C: Temperature, 2 [ITS-90, deg C]
# name 6 = potemp090C: Potential Temperature [ITS-90, deg C]
# name 7 = sal00: Salinity, Practical [PSU]
# name 8 = sal11: Salinity, Practical, 2 [PSU]
# name 9 = density00: Density [density, kg/m^3]
# name 10 = sigma-é00: Density [sigma-theta, kg/m^3]
# name 11 = sbox0Mm/Kg: Oxygen, SBE 43 [umol/kg]
# name 12 = sbox1Mm/Kg: Oxygen, SBE 43, 2 [umol/kg]
# name 13 = oxsolMm/Kg: Oxygen Saturation, Garcia & Gordon [umol/kg]
# name 14 = sbeox0PS: Oxygen, SBE 43 [% saturation]
# name 15 = sbeox1PS: Oxygen, SBE 43, 2 [% saturation]
# name 16 = v0: Voltage 0
# name 17 = flECO-AFL: Fluorescence, WET Labs ECO-AFL/FL [mg/m^3]
# name 18 = v1: Voltage 1
# name 19 = CStarAt0: Beam Attenuation, WET Labs C-Star [1/m]
# name 20 = par: PAR/Irradiance, Biospherical/Licor
# name 21 = scan: Scan Count
# name 22 = timeM: Time, Elapsed [minutes]
# name 23 = flag:  0.000e+00
# span 0 =      2.676,     39.987                 
# span 1 =   70.97168,   70.97176                 
# span 2 = -163.56664, -163.56640                 
# span 3 =      2.704,     40.402                 
# span 4 =     1.6889,     4.6633                 
# span 5 =     1.6896,     4.6648                 
# span 6 =     1.6871,     4.6627                 
# span 7 =    30.3487,    32.1085                 
# span 8 =    30.3599,    32.1232                 
# span 9 =  1024.0436,  1025.8545                 
# span 10 =    24.0307,    25.6767                
# span 11 =    291.324,    334.793                
# span 12 =    274.905,    313.976                
# span 13 =  320.54221,  340.76345                
# span 14 =     85.519,     99.374                
# span 15 =     80.684,     93.241                
# span 16 =     0.0940,     0.1758                
# span 17 =     0.2161,     0.7069                
# span 18 =     2.4811,     4.1929                
# span 19 =     0.4672,     2.5668                
# span 20 = 1.0000e-12, 6.7289e+01                
# span 21 =          1,       6945                
# span 22 =     0.0000,     4.8222                
# span 23 = 0.0000e+00, 0.0000e+00                
# interval = seconds: 0.0416667
# start_time = Sep 27 2023 02:28:34 [NMEA time, first data scan]
# bad_flag = -9.990e-29
*END*
[from data line 1027]
      6.564   70.97174 -163.56644      6.632     4.6573     4.6591     4.6568    30.4615    30.4726  1024.1453    24.1143    305.744    288.066  320.60152     95.366     89.863     0.1673     0.6557     4.0745     0.5818 3.0046e+01       1028     0.7132  0.000e+00
      6.510   70.97174 -163.56644      6.577     4.6571     4.6591     4.6567    30.4619    30.4723  1024.1454    24.1147    305.785    288.076  320.60168     95.379     89.866     0.1661     0.6483     4.0745     0.5818 3.0131e+01       1029     0.7139  0.000e+00
      6.564   70.97174 -163.56644      6.632     4.6570     4.6591     4.6565    30.4617    30.4724  1024.1455    24.1145    305.624    288.092  320.60342     95.328     89.871     0.1661     0.6483     4.0745     0.5818 3.0131e+01       1030     0.7146  0.000e+00
      6.510   70.97174 -163.56644      6.577     4.6573     4.6588     4.6568    30.4615    30.4725  1024.1450    24.1143    305.808    288.110  320.60145     95.386     89.876     0.1661     0.6483     4.0745     0.5818 3.0131e+01       1031     0.7153  0.000e+00
      6.564   70.97174 -163.56644      6.632     4.6571     4.6585     4.6567    30.4617    30.4724  1024.1454    24.1145    305.614    288.135  320.60220     95.325     89.883     0.1661     0.6483     4.0745     0.5818 3.0046e+01       1032     0.7160  0.000e+00
      6.510   70.97174 -163.56644      6.577     4.6570     4.6583     4.6565    30.4615    30.4726  1024.1450    24.1143    305.593    287.972  320.60399     95.318     89.832     0.1648     0.6410     4.0745     0.5818 3.0046e+01       1033     0.7167  0.000e+00
      6.626   70.97174 -163.56644      6.694     4.6571     4.6582     4.6567    30.4612    30.4724  1024.1453    24.1141    305.784    288.152  320.60345     95.378     89.888     0.1661     0.6483     4.0733     0.5830 3.0046e+01       1034     0.7174  0.000e+00
      6.510   70.97174 -163.56644      6.577     4.6570     4.6580     4.6565    30.4618    30.4730  1024.1452    24.1145    305.580    288.179  320.60327     95.314     89.896     0.1673     0.6557     4.0733     0.5830 2.9962e+01       1035     0.7181  0.000e+00
      6.626   70.97174 -163.56644      6.694     4.6571     4.6580     4.6567    30.4617    30.4726  1024.1457    24.1145    305.770    288.197  320.60227     95.374     89.902     0.1661     0.6483     4.0733     0.5830 2.9962e+01       1036     0.7188  0.000e+00
      6.564   70.97174 -163.56644      6.632     4.6571     4.6578     4.6567    30.4615    30.4725  1024.1453    24.1143    305.775    288.421  320.60274     95.375     89.971     0.1673     0.6557     4.0733     0.5830 2.9962e+01       1037     0.7194  0.000e+00
      6.564   70.97174 -163.56644      6.632     4.6570     4.6579     4.6565    30.4616    30.4726  1024.1454    24.1144    305.783    288.272  320.60369     95.377     89.925     0.1661     0.6483     4.0733     0.5830 2.9962e+01       1038     0.7201  0.000e+00
      6.626   70.97174 -163.56644      6.694     4.6568     4.6579     4.6564    30.4619    30.4729  1024.1459    24.1147    305.648    288.295  320.60417     95.335     89.932     0.1661     0.6483     4.0733     0.5830 2.9962e+01       1039     0.7208  0.000e+00
      6.564   70.97174 -163.56644      6.632     4.6571     4.6580     4.6567    30.4617    30.4723  1024.1454    24.1145    305.588    288.316  320.60220     95.317     89.939     0.1661     0.6483     4.0733     0.5830 2.9962e+01       1040     0.7215  0.000e+00
      6.626   70.97174 -163.56644      6.694     4.6570     4.6577     4.6565    30.4623    30.4729  1024.1462    24.1149    305.566    288.325  320.60213     95.310     89.941     0.1661     0.6483     4.0733     0.5830 2.9962e+01       1041     0.7222  0.000e+00
      6.564   70.97174 -163.56644      6.632     4.6573     4.6580     4.6568    30.4625    30.4728  1024.1461    24.1151    305.535    288.140  320.59906     95.301     89.884     0.1661     0.6483     4.0733     0.5830 2.9877e+01       1042     0.7229  0.000e+00
      6.595   70.97174 -163.56644      6.663     4.6571     4.6580     4.6567    30.4628    30.4726  1024.1464    24.1153    305.513    288.131  320.59959     95.294     89.881     0.1661     0.6483     4.0733     0.5830 2.9877e+01       1043     0.7236  0.000e+00
      6.626   70.97174 -163.56644      6.694     4.6571     4.6580     4.6567    30.4628    30.4725  1024.1466    24.1154    305.697    288.310  320.59954     95.352     89.937     0.1673     0.6557     4.0733     0.5830 2.9877e+01       1044     0.7243  0.000e+00
      6.680   70.97174 -163.56644      6.748     4.6574     4.6582     4.6570    30.4627    30.4728  1024.1467    24.1152    305.494    288.345  320.59752     95.289     89.948     0.1661     0.6483     4.0733     0.5830 2.9877e+01       1045     0.7250  0.000e+00
      6.564   70.97174 -163.56644      6.632     4.6573     4.6582     4.6568    30.4627    30.4729  1024.1462    24.1153    305.673    288.378  320.59861     95.344     89.959     0.1673     0.6557     4.0733     0.5830 2.9877e+01       1046     0.7257  0.000e+00
      6.680   70.97174 -163.56644      6.748     4.6574     4.6580     4.6570    30.4625    30.4731  1024.1466    24.1151    305.713    288.422  320.59797     95.357     89.972     0.1661     0.6483     4.0733     0.5830 2.9877e+01       1047     0.7264  0.000e+00
      6.679   70.97174 -163.56644      6.748     4.6573     4.6582     4.6568    30.4624    30.4732  1024.1465    24.1150    305.751    288.442  320.59938     95.368     89.979     0.1661     0.6483     4.0733     0.5830 2.9877e+01       1048     0.7271  0.000e+00
      6.625   70.97174 -163.56644      6.694     4.6574     4.6584     4.6570    30.4624    30.4733  1024.1463    24.1150    305.543    288.461  320.59809     95.304     89.985     0.1661     0.6483     4.0733     0.5830 2.9877e+01       1049     0.7278  0.000e+00
      6.625   70.97174 -163.56644      6.694     4.6574     4.6586     4.6570    30.4625    30.4734  1024.1463    24.1151    305.724    288.462  320.59791     95.360     89.986     0.1661     0.6483     4.0733     0.5830 2.9877e+01       1050     0.7285  0.000e+00
      6.679   70.97174 -163.56644      6.748     4.6576     4.6585     4.6571    30.4625    30.4737  1024.1466    24.1151    305.727    288.490  320.59665     95.362     89.995     0.1661     0.6483     4.0733     0.5830 2.9793e+01       1051     0.7292  0.000e+00
      6.625   70.97174 -163.56644      6.694     4.6573     4.6583     4.6568    30.4625    30.4737  1024.1463    24.1151    305.521    288.516  320.59913     95.297     90.003     0.1661     0.6483     4.0733     0.5830 2.9793e+01       1052     0.7299  0.000e+00
      6.679   70.97174 -163.56644      6.748     4.6576     4.6585     4.6571    30.4621    30.4738  1024.1462    24.1147    305.492    288.358  320.59774     95.288     89.954     0.1661     0.6483     4.0733     0.5830 2.9793e+01       1053     0.7306  0.000e+00
      6.679   70.97174 -163.56644      6.748     4.6573     4.6585     4.6568    30.4624    30.4741  1024.1465    24.1150    305.496    288.556  320.59938     95.289     90.016     0.1673     0.6557     4.0733     0.5830 2.9793e+01       1054     0.7312  0.000e+00
      6.679   70.97174 -163.56644      6.748     4.6574     4.6586     4.6570    30.4626    30.4739  1024.1467    24.1152    305.466    288.588  320.59761     95.280     90.026     0.1685     0.6630     4.0733     0.5830 2.9793e+01       1055     0.7319  0.000e+00
      6.679   70.97174 -163.56644      6.748     4.6574     4.6586     4.6570    30.4623    30.4742  1024.1464    24.1149    305.470    288.600  320.59833     95.281     90.030     0.1673     0.6557     4.0745     0.5818 2.9793e+01       1056     0.7326  0.000e+00
      6.679   70.97174 -163.56644      6.748     4.6576     4.6586     4.6571    30.4623    30.4741  1024.1464    24.1149    305.474    288.428  320.59729     95.283     89.976     0.1685     0.6630     4.0745     0.5818 2.9709e+01       1057     0.7333  0.000e+00
      6.733   70.97174 -163.56644      6.803     4.6576     4.6588     4.6571    30.4625    30.4739  1024.1468    24.1151    305.450    288.425  320.59672     95.275     89.975     0.1661     0.6483     4.0745     0.5818 2.9625e+01       1058     0.7340  0.000e+00
      6.679   70.97174 -163.56644      6.748     4.6573     4.6585     4.6568    30.4625    30.4738  1024.1466    24.1151    305.457    288.423  320.59919     95.277     89.974     0.1673     0.6557     4.0745     0.5818 2.9625e+01       1059     0.7347  0.000e+00
      6.733   70.97174 -163.56644      6.803     4.6576     4.6586     4.6571    30.4622    30.4737  1024.1466    24.1148    305.432    288.424  320.59735     95.270     89.974     0.1673     0.6557     4.0745     0.5818 2.9458e+01       1060     0.7354  0.000e+00
      6.679   70.97174 -163.56644      6.748     4.6576     4.6586     4.6571    30.4621    30.4736  1024.1462    24.1147    305.406    288.423  320.59765     95.261     89.974     0.1673     0.6557     4.0745     0.5818 2.9375e+01       1061     0.7361  0.000e+00
      6.733   70.97174 -163.56644      6.803     4.6576     4.6586     4.6571    30.4624    30.4736  1024.1467    24.1150    305.590    288.427  320.59690     95.319     89.975     0.1673     0.6557     4.0745     0.5818 2.9375e+01       1062     0.7368  0.000e+00
      6.733   70.97174 -163.56644      6.803     4.6574     4.6586     4.6570    30.4619    30.4737  1024.1463    24.1146    305.390    288.431  320.59940     95.256     89.977     0.1673     0.6557     4.0745     0.5818 2.9293e+01       1063     0.7375  0.000e+00
      6.710   70.97174 -163.56644      6.779     4.6574     4.6585     4.6570    30.4617    30.4737  1024.1461    24.1144    305.572    288.250  320.59991     95.312     89.920     0.1685     0.6630     4.0745     0.5818 2.9128e+01       1064     0.7382  0.000e+00
      6.733   70.97174 -163.56644      6.802     4.6573     4.6583     4.6568    30.4624    30.4738  1024.1468    24.1150    305.368    288.427  320.59935     95.249     89.975     0.1673     0.6557     4.0745     0.5818 2.9046e+01       1065     0.7389  0.000e+00
      6.795   70.97174 -163.56644      6.865     4.6574     4.6586     4.6570    30.4628    30.4737  1024.1474    24.1153    305.341    288.417  320.59719     95.241     89.972     0.1685     0.6630     4.0745     0.5818 2.9046e+01       1066     0.7396  0.000e+00
      6.733   70.97174 -163.56644      6.802     4.6574     4.6588     4.6570    30.4630    30.4738  1024.1472    24.1155    305.311    288.403  320.59676     95.232     89.968     0.1673     0.6557     4.0745     0.5818 2.9046e+01       1067     0.7403  0.000e+00
      6.733   70.97174 -163.56644      6.802     4.6576     4.6588     4.6571    30.4628    30.4737  1024.1471    24.1153    305.283    288.415  320.59590     95.224     89.972     0.1685     0.6630     4.0745     0.5818 2.8964e+01       1068     0.7410  0.000e+00
      6.795   70.97174 -163.56644      6.865     4.6576     4.6590     4.6571    30.4630    30.4736  1024.1475    24.1154    305.290    288.429  320.59551     95.226     89.977     0.1673     0.6557     4.0745     0.5818 2.8964e+01       1069     0.7417  0.000e+00
      6.733   70.97174 -163.56644      6.802     4.6576     4.6586     4.6571    30.4627    30.4743  1024.1470    24.1152    305.295    288.235  320.59626     95.227     89.916     0.1685     0.6630     4.0745     0.5818 2.8964e+01       1070     0.7424  0.000e+00
      6.849   70.97174 -163.56644      6.919     4.6576     4.6590     4.6571    30.4629    30.4741  1024.1477    24.1154    305.339    288.213  320.59576     95.241     89.910     0.1673     0.6557     4.0745     0.5818 2.8882e+01       1071     0.7431  0.000e+00
      6.733   70.97174 -163.56642      6.802     4.6577     4.6588     4.6573    30.4632    30.4744  1024.1473    24.1156    305.376    288.374  320.59395     95.253     89.960     0.1673     0.6557     4.0745     0.5818 2.8882e+01       1072     0.7438  0.000e+00
      6.795   70.97174 -163.56642      6.865     4.6574     4.6590     4.6570    30.4633    30.4744  1024.1477    24.1157    305.361    288.373  320.59610     95.248     89.960     0.1685     0.6630     4.0745     0.5818 2.8801e+01       1073     0.7444  0.000e+00
      6.849   70.97174 -163.56642      6.919     4.6579     4.6591     4.6574    30.4631    30.4737  1024.1478    24.1155    305.340    288.375  320.59276     95.242     89.960     0.1673     0.6557     4.0745     0.5818 2.8801e+01       1074     0.7451  0.000e+00
      6.795   70.97174 -163.56642      6.865     4.6579     4.6590     4.6574    30.4634    30.4742  1024.1477    24.1157    305.318    288.373  320.59225     95.236     89.960     0.1685     0.6630     4.0733     0.5830 2.8801e+01       1075     0.7458  0.000e+00
      6.795   70.97174 -163.56642      6.865     4.6579     4.6590     4.6574    30.4635    30.4742  1024.1479    24.1158    305.298    288.187  320.59188     95.230     89.902     0.1673     0.6557     4.0733     0.5830 2.8801e+01       1076     0.7465  0.000e+00
      6.849   70.97174 -163.56642      6.919     4.6582     4.6591     4.6578    30.4635    30.4738  1024.1480    24.1158    305.311    288.358  320.58959     95.234     89.955     0.1685     0.6630     4.0720     0.5842 2.8801e+01       1077     0.7472  0.000e+00
      6.849   70.97174 -163.56642      6.919     4.6582     4.6591     4.6578    30.4635    30.4741  1024.1481    24.1158    305.325    288.360  320.58940     95.239     89.956     0.1661     0.6483     4.0720     0.5842 2.8801e+01       1078     0.7479  0.000e+00
      6.795   70.97174 -163.56642      6.865     4.6584     4.6593     4.6580    30.4634    30.4741  1024.1477    24.1157    305.512    288.361  320.58819     95.297     89.957     0.1636     0.6337     4.0720     0.5842 2.8801e+01       1079     0.7486  0.000e+00
      6.848   70.97174 -163.56642      6.919     4.6586     4.6591     4.6581    30.4632    30.4747  1024.1478    24.1155    305.144    288.368  320.58739     95.183     89.959     0.1624     0.6264     4.0720     0.5842 2.8801e+01       1080     0.7493  0.000e+00
      6.848   70.97174 -163.56642      6.919     4.6586     4.6591     4.6581    30.4632    30.4744  1024.1478    24.1155    305.097    288.375  320.58739     95.168     89.961     0.1624     0.6264     4.0720     0.5842 2.8801e+01       1081     0.7500  0.000e+00
      6.848   70.97174 -163.56642      6.919     4.6586     4.6595     4.6581    30.4632    30.4741  1024.1478    24.1155    305.259    288.358  320.58739     95.219     89.956     0.1636     0.6337     4.0720     0.5842 2.8719e+01       1082     0.7507  0.000e+00
      6.794   70.97174 -163.56642      6.864     4.6584     4.6593     4.6579    30.4634    30.4748  1024.1477    24.1157    305.276    288.363  320.58848     95.224     89.958     0.1624     0.6264     4.0720     0.5842 2.8719e+01       1083     0.7514  0.000e+00
      6.941   70.97174 -163.56642      7.012     4.6586     4.6596     4.6581    30.4629    30.4744  1024.1480    24.1153    305.269    288.374  320.58805     95.221     89.962     0.1636     0.6337     4.0720     0.5842 2.8719e+01       1084     0.7521  0.000e+00
      6.910   70.97174 -163.56642      6.981     4.6582     4.6595     4.6578    30.4632    30.4745  1024.1482    24.1156    305.081    288.383  320.59011     95.162     89.964     0.1624     0.6264     4.0733     0.5830 2.8638e+01       1085     0.7528  0.000e+00
      6.910   70.97174 -163.56642      6.981     4.6582     4.6594     4.6578    30.4633    30.4743  1024.1482    24.1156    305.280    288.414  320.59002     95.224     89.973     0.1636     0.6337     4.0720     0.5842 2.8638e+01       1086     0.7535  0.000e+00
