EcoFOCI/data/1_SampleCollection/2023_SikuliaqDBO_CruiseData/CTD_raw_BottleFile_SKQ23-12S/proc/skq202312s_042.cnv
* Sea-Bird SBE 9 Data File:
* FileName = D:\CTD\SKQ202312S\SKQ202312S_042.hex
* Software Version Seasave V 7.26.7.121
* Temperature SN = 6177
* Conductivity SN = 0369
* Number of Bytes Per Scan = 41
* Number of Voltage Words = 4
* Number of Scans Averaged by the Deck Unit = 1
* NMEA Latitude = 71 27.22 N
* NMEA Longitude = 161 02.26 W
* NMEA UTC (Time) = Sep 24 2023  04:51:21
* NMEA baud rate = 4800
** Ship: R/V Sikuliaq
** Station Number: 042
** Station Name: DBO4.3n
** Bottom Depth: 47
** Operator: SD
# nquan = 24
# nvalues = 5011                                  
# units = specified
# name 0 = depSM: Depth [salt water, m]
# name 1 = latitude: Latitude [deg]
# name 2 = longitude: Longitude [deg]
# name 3 = prDM: Pressure, Digiquartz [db]
# name 4 = t090C: Temperature [ITS-90, deg C]
# name 5 = t190C: Temperature, 2 [ITS-90, deg C]
# name 6 = potemp090C: Potential Temperature [ITS-90, deg C]
# name 7 = sal00: Salinity, Practical [PSU]
# name 8 = sal11: Salinity, Practical, 2 [PSU]
# name 9 = density00: Density [density, kg/m^3]
# name 10 = sigma-é00: Density [sigma-theta, kg/m^3]
# name 11 = sbox0Mm/Kg: Oxygen, SBE 43 [umol/kg]
# name 12 = sbox1Mm/Kg: Oxygen, SBE 43, 2 [umol/kg]
# name 13 = oxsolMm/Kg: Oxygen Saturation, Garcia & Gordon [umol/kg]
# name 14 = sbeox0PS: Oxygen, SBE 43 [% saturation]
# name 15 = sbeox1PS: Oxygen, SBE 43, 2 [% saturation]
# name 16 = v0: Voltage 0
# name 17 = flECO-AFL: Fluorescence, WET Labs ECO-AFL/FL [mg/m^3]
# name 18 = v1: Voltage 1
# name 19 = CStarAt0: Beam Attenuation, WET Labs C-Star [1/m]
# name 20 = par: PAR/Irradiance, Biospherical/Licor
# name 21 = scan: Scan Count
# name 22 = timeM: Time, Elapsed [minutes]
# name 23 = flag:  0.000e+00
# span 0 =      2.349,     41.855                 
# span 1 =   71.45354,   71.45358                 
# span 2 = -161.03786, -161.03778                 
# span 3 =      2.373,     42.291                 
# span 4 =    -1.6139,     2.1756                 
# span 5 =    -1.6127,     2.1767                 
# span 6 =    -1.6146,     2.1751                 
# span 7 =    27.2189,    32.6070                 
# span 8 =    27.2257,    32.6184                 
# span 9 =  1021.7458,  1026.4346                 
# span 10 =    21.7342,    26.2311                
# span 11 =    258.177,    475.370                
# span 12 =    244.449,    448.275                
# span 13 =  348.74348,  370.06334                
# span 14 =     69.775,    131.631                
# span 15 =     66.067,    123.187                
# span 16 =     0.0842,     0.9316                
# span 17 =     0.1575,     5.2417                
# span 18 =     2.3895,     4.1758                
# span 19 =     0.4835,     2.7173                
# span 20 = 1.0000e-12, 2.2500e+00                
# span 21 =          1,       5011                
# span 22 =     0.0000,     3.4792                
# span 23 = 0.0000e+00, 0.0000e+00                
# interval = seconds: 0.0416667
# start_time = Sep 24 2023 04:55:17 [NMEA time, first data scan]
# bad_flag = -9.990e-29
*END*
[from data line 1450]
     11.215   71.45358 -161.03778     11.331     2.1728     2.1752     2.1723    27.2384    27.2469  1021.8028    21.7488    342.057    323.921  349.34971     97.913     92.733     0.1856     0.7656     4.0598     0.5963 4.8039e-01       1451     1.0069  0.000e+00
     11.269   71.45358 -161.03778     11.386     2.1725     2.1750     2.1720    27.2383    27.2470  1021.8030    21.7488    342.047    323.885  349.35246     97.909     92.722     0.1856     0.7656     4.0598     0.5963 4.7704e-01       1452     1.0076  0.000e+00
     11.215   71.45358 -161.03778     11.331     2.1720     2.1750     2.1716    27.2386    27.2475  1021.8030    21.7490    342.499    323.842  349.35601     98.037     92.710     0.1856     0.7656     4.0598     0.5963 4.7370e-01       1453     1.0083  0.000e+00
     11.269   71.45358 -161.03778     11.386     2.1715     2.1747     2.1711    27.2386    27.2474  1021.8033    21.7490    342.102    323.808  349.36038     97.922     92.700     0.1868     0.7729     4.0598     0.5963 4.7203e-01       1454     1.0090  0.000e+00
     11.238   71.45358 -161.03778     11.354     2.1714     2.1748     2.1709    27.2385    27.2470  1021.8031    21.7490    342.088    323.975  349.36211     97.918     92.747     0.1856     0.7656     4.0598     0.5963 4.7704e-01       1455     1.0097  0.000e+00
     11.215   71.45358 -161.03778     11.331     2.1708     2.1745     2.1703    27.2389    27.2476  1021.8033    21.7494    342.079    323.986  349.36622     97.914     92.750     0.1856     0.7656     4.0598     0.5963 4.8208e-01       1456     1.0104  0.000e+00
     11.269   71.45358 -161.03778     11.386     2.1704     2.1747     2.1700    27.2390    27.2474  1021.8036    21.7494    342.073    323.997  349.36903     97.912     92.754     0.1856     0.7656     4.0598     0.5963 4.8547e-01       1457     1.0111  0.000e+00
     11.269   71.45358 -161.03778     11.386     2.1700     2.1745     2.1695    27.2396    27.2477  1021.8042    21.7500    342.066    324.009  349.37110     97.909     92.757     0.1856     0.7656     4.0586     0.5975 4.8377e-01       1458     1.0118  0.000e+00
     11.269   71.45358 -161.03778     11.386     2.1697     2.1744     2.1692    27.2401    27.2477  1021.8046    21.7503    342.526    324.021  349.37286     98.040     92.760     0.1905     0.7949     4.0598     0.5963 4.8039e-01       1459     1.0125  0.000e+00
     11.238   71.45358 -161.03778     11.354     2.1694     2.1740     2.1689    27.2402    27.2481  1021.8045    21.7504    342.130    324.031  349.37546     97.926     92.763     0.1905     0.7949     4.0598     0.5963 4.7871e-01       1460     1.0132  0.000e+00
     11.269   71.45358 -161.03778     11.386     2.1692     2.1736     2.1687    27.2403    27.2487  1021.8048    21.7505    342.124    324.046  349.37667     97.924     92.766     0.1917     0.8022     4.0598     0.5963 4.8039e-01       1461     1.0139  0.000e+00
     11.269   71.45358 -161.03778     11.386     2.1694     2.1736     2.1689    27.2403    27.2482  1021.8048    21.7505    342.116    324.057  349.37510     97.922     92.769     0.1905     0.7949     4.0598     0.5963 4.8377e-01       1462     1.0146  0.000e+00
     11.269   71.45358 -161.03778     11.386     2.1689     2.1725     2.1684    27.2408    27.2491  1021.8052    21.7509    342.115    324.076  349.37823     97.921     92.772     0.1917     0.8022     4.0598     0.5963 4.8547e-01       1463     1.0153  0.000e+00
     11.238   71.45358 -161.03778     11.354     2.1688     2.1716     2.1683    27.2405    27.2497  1021.8048    21.7507    342.112    324.092  349.37989     97.920     92.775     0.1905     0.7949     4.0598     0.5963 4.8377e-01       1464     1.0160  0.000e+00
     11.269   71.45358 -161.03778     11.385     2.1684     2.1707     2.1680    27.2409    27.2503  1021.8053    21.7510    341.994    324.111  349.38178     97.885     92.779     0.1917     0.8022     4.0598     0.5963 4.8039e-01       1465     1.0167  0.000e+00
     11.269   71.45358 -161.03778     11.385     2.1681     2.1705     2.1676    27.2416    27.2507  1021.8059    21.7516    341.990    324.122  349.38284     97.884     92.782     0.1905     0.7949     4.0598     0.5963 4.7871e-01       1466     1.0174  0.000e+00
     11.269   71.45358 -161.03778     11.385     2.1679     2.1706     2.1675    27.2411    27.2505  1021.8055    21.7512    341.757    324.340  349.38560     97.817     92.844     0.1917     0.8022     4.0598     0.5963 4.7871e-01       1467     1.0181  0.000e+00
     11.269   71.45358 -161.03778     11.385     2.1678     2.1711     2.1673    27.2413    27.2503  1021.8057    21.7514    341.953    324.370  349.38638     97.872     92.854     0.1905     0.7949     4.0598     0.5963 4.7203e-01       1468     1.0188  0.000e+00
     11.300   71.45358 -161.03778     11.417     2.1675     2.1714     2.1670    27.2415    27.2503  1021.8060    21.7516    341.958    324.428  349.38831     97.873     92.871     0.1905     0.7949     4.0598     0.5963 4.6872e-01       1469     1.0194  0.000e+00
     11.215   71.45358 -161.03778     11.331     2.1679     2.1711     2.1675    27.2409    27.2507  1021.8051    21.7511    341.874    324.459  349.38603     97.850     92.880     0.1905     0.7949     4.0598     0.5963 4.6707e-01       1470     1.0201  0.000e+00
     11.269   71.45358 -161.03778     11.385     2.1681     2.1717     2.1676    27.2407    27.2505  1021.8052    21.7509    341.877    324.488  349.38512     97.851     92.890     0.1905     0.7949     4.0598     0.5963 4.6872e-01       1471     1.0208  0.000e+00
     11.331   71.45358 -161.03778     11.448     2.1684     2.1725     2.1680    27.2404    27.2496  1021.8052    21.7507    341.881    324.517  349.38305     97.853     92.899     0.1905     0.7949     4.0598     0.5963 4.7038e-01       1472     1.0215  0.000e+00
     11.269   71.45358 -161.03778     11.385     2.1689     2.1726     2.1684    27.2399    27.2495  1021.8045    21.7502    341.880    324.543  349.38060     97.853     92.907     0.1905     0.7949     4.0586     0.5975 4.7038e-01       1473     1.0222  0.000e+00
     11.300   71.45358 -161.03778     11.417     2.1690     2.1725     2.1686    27.2396    27.2495  1021.8044    21.7500    341.887    324.575  349.37977     97.855     92.916     0.1893     0.7875     4.0598     0.5963 4.7038e-01       1474     1.0229  0.000e+00
     11.269   71.45358 -161.03778     11.385     2.1689     2.1725     2.1684    27.2400    27.2495  1021.8046    21.7503    341.701    324.602  349.38021     97.802     92.923     0.1905     0.7949     4.0598     0.5963 4.7038e-01       1475     1.0236  0.000e+00
     11.269   71.45358 -161.03778     11.385     2.1684     2.1721     2.1680    27.2406    27.2500  1021.8050    21.7508    341.911    324.632  349.38258     97.862     92.931     0.1905     0.7949     4.0598     0.5963 4.7038e-01       1476     1.0243  0.000e+00
     11.330   71.45358 -161.03778     11.448     2.1681     2.1709     2.1676    27.2407    27.2506  1021.8055    21.7509    341.931    324.670  349.38510     97.867     92.940     0.1905     0.7949     4.0598     0.5963 4.7203e-01       1477     1.0250  0.000e+00
     11.238   71.45358 -161.03778     11.354     2.1675     2.1706     2.1671    27.2410    27.2510  1021.8053    21.7512    341.948    324.693  349.38962     97.870     92.946     0.1905     0.7949     4.0598     0.5963 4.7536e-01       1478     1.0257  0.000e+00
     11.330   71.45358 -161.03778     11.448     2.1673     2.1709     2.1669    27.2413    27.2506  1021.8060    21.7514    341.738    324.927  349.39031     97.810     93.013     0.1905     0.7949     4.0598     0.5963 4.7704e-01       1479     1.0264  0.000e+00
     11.269   71.45358 -161.03778     11.385     2.1672     2.1713     2.1667    27.2416    27.2503  1021.8060    21.7517    341.718    324.968  349.39081     97.804     93.026     0.1917     0.8022     4.0598     0.5963 4.7536e-01       1480     1.0271  0.000e+00
     11.330   71.45358 -161.03778     11.448     2.1670     2.1717     2.1666    27.2415    27.2502  1021.8061    21.7516    341.709    325.012  349.39276     97.801     93.039     0.1905     0.7949     4.0598     0.5963 4.7038e-01       1481     1.0278  0.000e+00
     11.330   71.45358 -161.03778     11.448     2.1667     2.1711     2.1662    27.2418    27.2507  1021.8065    21.7519    341.933    325.059  349.39461     97.864     93.052     0.1905     0.7949     4.0598     0.5963 4.6872e-01       1482     1.0285  0.000e+00
     11.300   71.45358 -161.03778     11.416     2.1672     2.1703     2.1667    27.2413    27.2510  1021.8058    21.7515    341.917    325.312  349.39174     97.861     93.123     0.1905     0.7949     4.0598     0.5963 4.7038e-01       1483     1.0292  0.000e+00
     11.269   71.45358 -161.03778     11.385     2.1673     2.1697     2.1669    27.2413    27.2518  1021.8057    21.7514    341.902    325.170  349.39033     97.857     93.081     0.1929     0.8095     4.0598     0.5963 4.7536e-01       1484     1.0299  0.000e+00
     11.330   71.45358 -161.03778     11.448     2.1678     2.1683     2.1673    27.2410    27.2526  1021.8057    21.7512    341.931    325.219  349.38735     97.866     93.092     0.1929     0.8095     4.0623     0.5939 4.7536e-01       1485     1.0306  0.000e+00
     11.330   71.45358 -161.03778     11.448     2.1679     2.1664     2.1675    27.2404    27.2542  1021.8053    21.7507    341.728    325.265  349.38726     97.808     93.102     0.1954     0.8242     4.0623     0.5939 4.7536e-01       1486     1.0313  0.000e+00
     11.330   71.45358 -161.03778     11.448     2.1683     2.1637     2.1678    27.2402    27.2554  1021.8051    21.7505    341.680    325.320  349.38502     97.795     93.112     0.1941     0.8168     4.0623     0.5939 4.7370e-01       1487     1.0319  0.000e+00
     11.300   71.45358 -161.03778     11.416     2.1686     2.1590     2.1681    27.2400    27.2590  1021.8047    21.7504    341.906    325.383  349.38263     97.860     93.122     0.1954     0.8242     4.0623     0.5939 4.7203e-01       1488     1.0326  0.000e+00
     11.384   71.45358 -161.03778     11.502     2.1688     2.1558     2.1683    27.2401    27.2613  1021.8052    21.7504    341.672    325.646  349.38107     97.794     93.191     0.1941     0.8168     4.0623     0.5939 4.7203e-01       1489     1.0333  0.000e+00
     11.330   71.45358 -161.03778     11.448     2.1690     2.1511     2.1686    27.2393    27.2674  1021.8043    21.7498    341.669    325.488  349.38060     97.793     93.139     0.1954     0.8242     4.0623     0.5939 4.7203e-01       1490     1.0340  0.000e+00
     11.330   71.45358 -161.03778     11.447     2.1676     2.1474     2.1672    27.2403    27.2732  1021.8052    21.7507    341.683    325.737  349.39040     97.794     93.205     0.1941     0.8168     4.0623     0.5939 4.7203e-01       1491     1.0347  0.000e+00
     11.353   71.45358 -161.03778     11.471     2.1659     2.1449     2.1655    27.2416    27.2774  1021.8064    21.7518    341.664    325.794  349.40203     97.785     93.219     0.1954     0.8242     4.0623     0.5939 4.7370e-01       1492     1.0354  0.000e+00
     11.384   71.45358 -161.03778     11.502     2.1645     2.1438     2.1641    27.2423    27.2800  1021.8073    21.7525    341.918    325.812  349.41257     97.855     93.223     0.1941     0.8168     4.0623     0.5939 4.7203e-01       1493     1.0361  0.000e+00
     11.330   71.45358 -161.03778     11.447     2.1619     2.1467     2.1614    27.2445    27.2782  1021.8089    21.7544    341.985    325.822  349.43035     97.869     93.232     0.1954     0.8242     4.0623     0.5939 4.7038e-01       1494     1.0368  0.000e+00
     11.384   71.45358 -161.03778     11.502     2.1583     2.1493     2.1578    27.2504    27.2789  1021.8140    21.7592    341.784    325.805  349.44663     97.807     93.234     0.1941     0.8168     4.0623     0.5939 4.7038e-01       1495     1.0375  0.000e+00
     11.384   71.45358 -161.03778     11.502     2.1541     2.1495     2.1536    27.2593    27.2841  1021.8214    21.7666    342.049    325.792  349.46040     97.879     93.234     0.1941     0.8168     4.0623     0.5939 4.7038e-01       1496     1.0382  0.000e+00
     11.353   71.45358 -161.03778     11.471     2.1500     2.1475     2.1495    27.2927    27.2980  1021.8482    21.7936    341.781    325.773  349.40734     97.817     93.234     0.1941     0.8168     4.0635     0.5927 4.6872e-01       1497     1.0389  0.000e+00
     11.384   71.45358 -161.03778     11.502     2.1392     2.1444     2.1387    27.3497    27.3203  1021.8946    21.8398    341.949    325.741  349.35112     97.881     93.233     0.1954     0.8242     4.0623     0.5939 4.7038e-01       1498     1.0396  0.000e+00
     11.384   71.45358 -161.03778     11.502     2.1277     2.1390     2.1272    27.3771    27.3414  1021.9171    21.8623    342.006    325.730  349.38040     97.889     93.232     0.1954     0.8242     4.0623     0.5939 4.7038e-01       1499     1.0403  0.000e+00
     11.446   71.45358 -161.03778     11.564     2.1220     2.1288     2.1216    27.4164    27.3677  1021.9492    21.8941    341.744    325.957  349.32545     97.830     93.292     0.1941     0.8168     4.0623     0.5939 4.7370e-01       1500     1.0410  0.000e+00
     11.384   71.45358 -161.03778     11.502     2.1203     2.1238     2.1198    27.4930    27.3860  1022.0102    21.9554    341.769    325.961  349.13638     97.890     93.294     0.1954     0.8242     4.0623     0.5939 4.7370e-01       1501     1.0417  0.000e+00
     11.407   71.45358 -161.03778     11.525     2.1130     2.1289     2.1125    27.5249    27.3753  1022.0363    21.9814    341.856    325.940  349.11629     97.920     93.293     0.1941     0.8168     4.0623     0.5939 4.7536e-01       1502     1.0424  0.000e+00
     11.446   71.45358 -161.03778     11.564     2.1075     2.1353     2.1071    27.5110    27.3538  1022.0256    21.9706    341.734    325.722  349.20183     97.862     93.230     0.1954     0.8242     4.0623     0.5939 4.7704e-01       1503     1.0431  0.000e+00
     11.446   71.45358 -161.03778     11.564     2.1054     2.1283     2.1049    27.4945    27.3943  1022.0126    21.9575    341.781    325.887  349.26512     97.857     93.289     0.1941     0.8168     4.0623     0.5939 4.7871e-01       1504     1.0438  0.000e+00
     11.446   71.45358 -161.03778     11.564     2.1054     2.0962     2.1049    27.4842    27.5431  1022.0044    21.9493    341.792    325.623  349.29270     97.853     93.244     0.1954     0.8242     4.0623     0.5939 4.7536e-01       1505     1.0444  0.000e+00
     11.469   71.45358 -161.03778     11.588     2.1072     2.0653     2.1067    27.4603    27.6850  1021.9853    21.9301    341.823    325.755  349.34012     97.848     93.309     0.1941     0.8168     4.0623     0.5939 4.6872e-01       1506     1.0451  0.000e+00
     11.446   71.45358 -161.03778     11.564     2.1108     2.0629     2.1103    27.4218    27.7052  1021.9542    21.8991    342.107    325.731  349.41112     97.910     93.311     0.1954     0.8242     4.0623     0.5939 4.6707e-01       1507     1.0458  0.000e+00
     11.500   71.45358 -161.03778     11.619     2.1164     2.0604     2.1160    27.3890    27.7055  1021.9279    21.8725    342.012    325.758  349.44856     97.872     93.313     0.1941     0.8168     4.0623     0.5939 4.6707e-01       1508     1.0465  0.000e+00
     11.446   71.45358 -161.03778     11.564     2.1239     2.0135     2.1235    27.3747    27.8455  1021.9157    21.8606    342.198    325.846  349.42017     97.933     93.327     0.1954     0.8242     4.0635     0.5927 4.6379e-01       1509     1.0472  0.000e+00
