EcoFOCI/data/1_SampleCollection/2023_SikuliaqDBO_CruiseData/CTD_raw_BottleFile_SKQ23-12S/proc/SKQ202312S_SBE49_023svp.cnv
* Sea-Bird SBE 49 Data File:
* FileName = D:\Data\FASTCAT\SKQ202312S\SKQ202312S_SBE49_023.hex
* Software Version Seasave V 7.26.7.121
* Temperature SN = 0636
* Conductivity SN = 0636
* System UpLoad Time = Sep 25 2023 07:19:45
* NMEA Latitude = 71 51.11 N
* NMEA Longitude = 162 09.77 W
* NMEA UTC (Time) = Sep 25 2023  07:19:44
** Ship: R/V Sikuliaq
** Station: Bongo023
** Operator: CJG
# nquan = 7
# nvalues = 636                                   
# units = specified
# name 0 = depSM: Depth [salt water, m]
# name 1 = latitude: Latitude [deg]
# name 2 = longitude: Longitude [deg]
# name 3 = t4990C: Temperature [ITS-90, deg C]
# name 4 = sal00: Salinity, Practical [PSU]
# name 5 = svCM: Sound Velocity [Chen-Millero, m/s]
# name 6 = flag:  0.000e+00
# span 0 =     14.680,     32.783                 
# span 1 =   71.85188,   71.85206                 
# span 2 = -162.16346, -162.16286                 
# span 3 =    -0.7161,    -0.2654                 
# span 4 =    25.7736,    32.6640                 
# span 5 =    1434.99,    1443.35                 
# span 6 = 0.0000e+00, 0.0000e+00                 
# interval = seconds: 0.0625
# start_time = Sep 25 2023 07:19:44 [NMEA time, first data scan]
# bad_flag = -9.990e-29
*END*
[from data line 206]
     20.674   71.85194 -162.16306    -0.6631    27.0624    1435.74  0.000e+00
     20.702   71.85194 -162.16306    -0.6633    27.0936    1435.78  0.000e+00
     20.732   71.85194 -162.16306    -0.6635    27.0691    1435.74  0.000e+00
     20.759   71.85194 -162.16306    -0.6638    26.9860    1435.63  0.000e+00
     20.787   71.85194 -162.16306    -0.6639    26.9796    1435.62  0.000e+00
     20.816   71.85194 -162.16308    -0.6640    27.0095    1435.66  0.000e+00
     20.841   71.85194 -162.16308    -0.6640    26.8269    1435.42  0.000e+00
     20.867   71.85194 -162.16308    -0.6636    27.0497    1435.72  0.000e+00
     20.898   71.85194 -162.16308    -0.6630    26.9225    1435.55  0.000e+00
     20.922   71.85194 -162.16308    -0.6629    27.0115    1435.67  0.000e+00
     20.946   71.85194 -162.16308    -0.6628    27.0819    1435.77  0.000e+00
     20.973   71.85194 -162.16308    -0.6623    26.9750    1435.63  0.000e+00
     21.002   71.85194 -162.16308    -0.6623    27.1677    1435.89  0.000e+00
     21.030   71.85194 -162.16308    -0.6621    26.9773    1435.63  0.000e+00
     21.058   71.85194 -162.16308    -0.6622    27.1223    1435.83  0.000e+00
     21.084   71.85194 -162.16308    -0.6616    27.1003    1435.80  0.000e+00
     21.111   71.85194 -162.16308    -0.6615    26.9878    1435.65  0.000e+00
     21.140   71.85194 -162.16308    -0.6614    26.9508    1435.60  0.000e+00
     21.166   71.85194 -162.16308    -0.6607    26.9806    1435.65  0.000e+00
     21.192   71.85194 -162.16308    -0.6601    26.8676    1435.50  0.000e+00
     21.217   71.85194 -162.16308    -0.6597    26.8582    1435.49  0.000e+00
     21.240   71.85194 -162.16310    -0.6597    27.1956    1435.94  0.000e+00
     21.268   71.85194 -162.16310    -0.6597    26.9158    1435.57  0.000e+00
     21.294   71.85194 -162.16310    -0.6602    27.0949    1435.80  0.000e+00
     21.320   71.85194 -162.16310    -0.6612    27.0354    1435.72  0.000e+00
     21.350   71.85194 -162.16310    -0.6619    27.1345    1435.85  0.000e+00
     21.378   71.85194 -162.16310    -0.6633    27.0782    1435.77  0.000e+00
     21.405   71.85194 -162.16310    -0.6649    27.0847    1435.77  0.000e+00
     21.437   71.85194 -162.16310    -0.6665    27.0635    1435.73  0.000e+00
     21.460   71.85194 -162.16310    -0.6685    26.8801    1435.48  0.000e+00
     21.484   71.85194 -162.16310    -0.6705    26.9662    1435.59  0.000e+00
     21.511   71.85194 -162.16310    -0.6714    26.9745    1435.59  0.000e+00
     21.535   71.85194 -162.16310    -0.6725    27.1537    1435.83  0.000e+00
     21.563   71.85194 -162.16310    -0.6736    27.2345    1435.93  0.000e+00
     21.591   71.85194 -162.16310    -0.6750    27.1643    1435.83  0.000e+00
     21.615   71.85194 -162.16310    -0.6784    27.0770    1435.70  0.000e+00
     21.644   71.85194 -162.16310    -0.6815    27.0758    1435.68  0.000e+00
     21.668   71.85196 -162.16310    -0.6840    27.2458    1435.90  0.000e+00
     21.698   71.85196 -162.16310    -0.6856    27.2372    1435.88  0.000e+00
     21.729   71.85196 -162.16310    -0.6886    27.2986    1435.95  0.000e+00
     21.756   71.85196 -162.16310    -0.6907    27.1723    1435.77  0.000e+00
     21.782   71.85196 -162.16310    -0.6901    27.2875    1435.93  0.000e+00
     21.807   71.85196 -162.16310    -0.6903    27.2242    1435.84  0.000e+00
     21.836   71.85196 -162.16310    -0.6934    27.3406    1435.98  0.000e+00
     21.867   71.85196 -162.16310    -0.6971    27.3309    1435.95  0.000e+00
     21.896   71.85196 -162.16310    -0.7000    27.2869    1435.88  0.000e+00
     21.922   71.85196 -162.16310    -0.7034    27.3597    1435.96  0.000e+00
     21.949   71.85196 -162.16310    -0.7051    27.2988    1435.87  0.000e+00
     21.979   71.85196 -162.16310    -0.7064    27.3680    1435.96  0.000e+00
     22.012   71.85196 -162.16310    -0.7077    27.2671    1435.82  0.000e+00
     22.038   71.85196 -162.16310    -0.7088    27.3014    1435.86  0.000e+00
     22.065   71.85196 -162.16310    -0.7099    27.3873    1435.97  0.000e+00
     22.096   71.85196 -162.16310    -0.7113    27.3955    1435.98  0.000e+00
     22.127   71.85196 -162.16312    -0.7130    27.3567    1435.92  0.000e+00
     22.158   71.85196 -162.16312    -0.7137    27.4105    1435.99  0.000e+00
     22.188   71.85196 -162.16312    -0.7138    27.4359    1436.02  0.000e+00
     22.217   71.85196 -162.16312    -0.7146    27.3854    1435.95  0.000e+00
     22.247   71.85196 -162.16312    -0.7153    27.3251    1435.87  0.000e+00
     22.273   71.85196 -162.16312    -0.7154    27.3284    1435.87  0.000e+00
     22.300   71.85196 -162.16312    -0.7157    27.3772    1435.94  0.000e+00
     22.330   71.85196 -162.16312    -0.7160    27.4145    1435.98  0.000e+00
     22.360   71.85196 -162.16312    -0.7161    27.4290    1436.00  0.000e+00
     22.389   71.85196 -162.16312    -0.7159    27.4998    1436.10  0.000e+00
     22.417   71.85196 -162.16312    -0.7159    27.5206    1436.13  0.000e+00
     22.447   71.85196 -162.16312    -0.7158    27.4456    1436.03  0.000e+00
     22.479   71.85196 -162.16312    -0.7155    27.4916    1436.09  0.000e+00
     22.509   71.85196 -162.16312    -0.7152    27.3643    1435.92  0.000e+00
     22.538   71.85196 -162.16312    -0.7148    27.4230    1436.00  0.000e+00
     22.567   71.85196 -162.16312    -0.7146    27.4267    1436.01  0.000e+00
     22.598   71.85196 -162.16314    -0.7141    27.5077    1436.12  0.000e+00
     22.623   71.85196 -162.16314    -0.7136    27.4960    1436.11  0.000e+00
     22.654   71.85196 -162.16314    -0.7130    27.5106    1436.13  0.000e+00
     22.685   71.85196 -162.16314    -0.7122    27.5400    1436.18  0.000e+00
     22.713   71.85196 -162.16314    -0.7113    27.4463    1436.06  0.000e+00
     22.745   71.85196 -162.16314    -0.7090    27.4933    1436.13  0.000e+00
     22.773   71.85196 -162.16314    -0.7068    27.4782    1436.12  0.000e+00
     22.800   71.85196 -162.16314    -0.7043    27.5424    1436.22  0.000e+00
     22.829   71.85196 -162.16314    -0.7021    27.5195    1436.20  0.000e+00
     22.862   71.85196 -162.16314    -0.6997    27.5518    1436.25  0.000e+00
     22.889   71.85196 -162.16314    -0.6968    27.4557    1436.14  0.000e+00
     22.914   71.85196 -162.16314    -0.6948    27.5103    1436.22  0.000e+00
     22.946   71.85196 -162.16314    -0.6939    27.4835    1436.19  0.000e+00
     22.978   71.85196 -162.16314    -0.6927    27.4915    1436.21  0.000e+00
     23.005   71.85196 -162.16314    -0.6910    27.5409    1436.28  0.000e+00
     23.034   71.85196 -162.16314    -0.6895    27.5395    1436.29  0.000e+00
     23.064   71.85196 -162.16316    -0.6885    27.5607    1436.32  0.000e+00
     23.092   71.85196 -162.16316    -0.6874    27.4892    1436.23  0.000e+00
     23.120   71.85196 -162.16316    -0.6861    27.5504    1436.32  0.000e+00
     23.154   71.85196 -162.16316    -0.6850    27.6129    1436.41  0.000e+00
     23.182   71.85196 -162.16316    -0.6834    27.5720    1436.36  0.000e+00
     23.208   71.85196 -162.16316    -0.6819    27.5187    1436.30  0.000e+00
     23.239   71.85196 -162.16316    -0.6797    27.5748    1436.39  0.000e+00
     23.267   71.85196 -162.16316    -0.6775    27.5814    1436.41  0.000e+00
     23.292   71.85196 -162.16316    -0.6752    27.5814    1436.42  0.000e+00
     23.324   71.85196 -162.16316    -0.6735    27.6103    1436.47  0.000e+00
     23.351   71.85196 -162.16316    -0.6727    27.6036    1436.46  0.000e+00
     23.385   71.85196 -162.16316    -0.6719    27.6424    1436.52  0.000e+00
     23.415   71.85196 -162.16316    -0.6718    27.6575    1436.54  0.000e+00
     23.445   71.85196 -162.16316    -0.6719    27.6366    1436.51  0.000e+00
     23.472   71.85196 -162.16316    -0.6718    27.6155    1436.48  0.000e+00
     23.505   71.85196 -162.16316    -0.6719    27.6176    1436.49  0.000e+00
     23.532   71.85196 -162.16318    -0.6721    27.6407    1436.52  0.000e+00
     23.562   71.85196 -162.16318    -0.6725    27.6315    1436.50  0.000e+00
     23.592   71.85196 -162.16318    -0.6728    27.6185    1436.48  0.000e+00
     23.619   71.85196 -162.16318    -0.6738    27.6808    1436.56  0.000e+00
     23.647   71.85196 -162.16318    -0.6751    27.6008    1436.45  0.000e+00
     23.679   71.85196 -162.16318    -0.6764    27.6826    1436.55  0.000e+00
     23.711   71.85196 -162.16318    -0.6780    27.7200    1436.60  0.000e+00
     23.737   71.85196 -162.16318    -0.6797    27.7641    1436.65  0.000e+00
     23.765   71.85196 -162.16318    -0.6810    27.8172    1436.71  0.000e+00
     23.793   71.85196 -162.16318    -0.6824    27.8036    1436.69  0.000e+00
     23.826   71.85196 -162.16318    -0.6835    27.7511    1436.61  0.000e+00
     23.857   71.85196 -162.16318    -0.6851    27.7588    1436.62  0.000e+00
     23.883   71.85196 -162.16318    -0.6870    27.8217    1436.69  0.000e+00
     23.908   71.85196 -162.16318    -0.6884    27.7385    1436.58  0.000e+00
     23.938   71.85196 -162.16318    -0.6895    27.8261    1436.69  0.000e+00
     23.965   71.85196 -162.16318    -0.6913    27.7902    1436.63  0.000e+00
     23.993   71.85198 -162.16318    -0.6935    27.8137    1436.65  0.000e+00
     24.023   71.85198 -162.16318    -0.6961    27.8292    1436.66  0.000e+00
     24.049   71.85198 -162.16318    -0.6975    27.8555    1436.69  0.000e+00
     24.081   71.85198 -162.16318    -0.6984    27.8543    1436.69  0.000e+00
     24.108   71.85198 -162.16318    -0.7000    27.8955    1436.74  0.000e+00
     24.138   71.85198 -162.16318    -0.7007    27.9170    1436.76  0.000e+00
     24.168   71.85198 -162.16318    -0.7016    27.8872    1436.72  0.000e+00
     24.197   71.85198 -162.16318    -0.7038    27.8602    1436.67  0.000e+00
     24.220   71.85198 -162.16318    -0.7055    27.8463    1436.64  0.000e+00
     24.253   71.85198 -162.16318    -0.7070    27.8379    1436.63  0.000e+00
     24.280   71.85198 -162.16318    -0.7085    27.8866    1436.69  0.000e+00
     24.313   71.85198 -162.16318    -0.7089    27.7691    1436.53  0.000e+00
     24.343   71.85198 -162.16318    -0.7087    27.9492    1436.77  0.000e+00
     24.368   71.85198 -162.16318    -0.7094    27.9088    1436.71  0.000e+00
     24.399   71.85198 -162.16318    -0.7100    27.9177    1436.72  0.000e+00
     24.430   71.85198 -162.16318    -0.7104    27.9200    1436.72  0.000e+00
     24.457   71.85198 -162.16320    -0.7105    27.9205    1436.72  0.000e+00
     24.485   71.85198 -162.16320    -0.7113    27.9311    1436.73  0.000e+00
     24.513   71.85198 -162.16320    -0.7116    27.9341    1436.74  0.000e+00
     24.543   71.85198 -162.16320    -0.7117    27.9915    1436.82  0.000e+00
     24.572   71.85198 -162.16320    -0.7120    27.9494    1436.76  0.000e+00
     24.600   71.85198 -162.16320    -0.7123    28.0170    1436.85  0.000e+00
     24.630   71.85198 -162.16320    -0.7120    28.0551    1436.90  0.000e+00
     24.658   71.85198 -162.16320    -0.7123    28.0970    1436.96  0.000e+00
     24.688   71.85198 -162.16320    -0.7124    28.0855    1436.94  0.000e+00
     24.717   71.85198 -162.16320    -0.7124    28.1185    1436.99  0.000e+00
     24.743   71.85198 -162.16320    -0.7125    28.1243    1436.99  0.000e+00
     24.774   71.85198 -162.16320    -0.7119    28.0914    1436.95  0.000e+00
     24.801   71.85198 -162.16320    -0.7121    28.0729    1436.93  0.000e+00
     24.827   71.85198 -162.16320    -0.7124    28.1434    1437.02  0.000e+00
     24.854   71.85198 -162.16320    -0.7126    28.1687    1437.05  0.000e+00
     24.882   71.85198 -162.16320    -0.7127    28.1692    1437.05  0.000e+00
     24.911   71.85198 -162.16322    -0.7128    28.1624    1437.05  0.000e+00
     24.938   71.85198 -162.16322    -0.7129    28.1501    1437.03  0.000e+00
     24.965   71.85198 -162.16322    -0.7131    28.1522    1437.03  0.000e+00
     24.998   71.85198 -162.16322    -0.7131    28.1815    1437.07  0.000e+00
     25.022   71.85198 -162.16322    -0.7129    28.1926    1437.09  0.000e+00
     25.049   71.85198 -162.16322    -0.7126    28.2271    1437.14  0.000e+00
     25.078   71.85198 -162.16322    -0.7127    28.1599    1437.05  0.000e+00
     25.108   71.85198 -162.16322    -0.7126    28.2517    1437.17  0.000e+00
     25.131   71.85198 -162.16322    -0.7129    28.1784    1437.07  0.000e+00
     25.156   71.85198 -162.16322    -0.7128    28.2403    1437.15  0.000e+00
     25.183   71.85198 -162.16322    -0.7128    28.2276    1437.14  0.000e+00
     25.210   71.85198 -162.16322    -0.7130    28.2630    1437.18  0.000e+00
     25.243   71.85198 -162.16322    -0.7128    28.2468    1437.16  0.000e+00
     25.274   71.85198 -162.16322    -0.7126    28.2322    1437.15  0.000e+00
     25.299   71.85198 -162.16322    -0.7125    28.2713    1437.20  0.000e+00
     25.325   71.85198 -162.16322    -0.7123    28.3063    1437.25  0.000e+00
     25.350   71.85198 -162.16324    -0.7125    28.3048    1437.25  0.000e+00
     25.376   71.85198 -162.16324    -0.7124    28.2849    1437.22  0.000e+00
     25.406   71.85198 -162.16324    -0.7124    28.3065    1437.25  0.000e+00
     25.431   71.85198 -162.16324    -0.7123    28.3367    1437.29  0.000e+00
     25.464   71.85198 -162.16324    -0.7121    28.3821    1437.35  0.000e+00
     25.492   71.85198 -162.16324    -0.7119    28.3600    1437.32  0.000e+00
     25.522   71.85198 -162.16324    -0.7119    28.3870    1437.36  0.000e+00
     25.549   71.85198 -162.16324    -0.7119    28.4016    1437.38  0.000e+00
     25.577   71.85198 -162.16324    -0.7118    28.4145    1437.40  0.000e+00
     25.610   71.85198 -162.16324    -0.7115    28.4396    1437.44  0.000e+00
     25.636   71.85198 -162.16324    -0.7116    28.4706    1437.48  0.000e+00
     25.664   71.85198 -162.16324    -0.7115    28.4554    1437.46  0.000e+00
     25.692   71.85198 -162.16324    -0.7113    28.4768    1437.49  0.000e+00
     25.723   71.85198 -162.16324    -0.7114    28.4659    1437.47  0.000e+00
     25.753   71.85198 -162.16324    -0.7115    28.4621    1437.47  0.000e+00
     25.781   71.85198 -162.16324    -0.7112    28.5006    1437.52  0.000e+00
     25.808   71.85200 -162.16324    -0.7111    28.4623    1437.47  0.000e+00
     25.836   71.85200 -162.16324    -0.7109    28.4707    1437.48  0.000e+00
     25.868   71.85200 -162.16324    -0.7110    28.5035    1437.53  0.000e+00
     25.898   71.85200 -162.16324    -0.7111    28.5560    1437.60  0.000e+00
     25.928   71.85200 -162.16324    -0.7109    28.5684    1437.62  0.000e+00
     25.956   71.85200 -162.16324    -0.7105    28.5198    1437.55  0.000e+00
     25.985   71.85200 -162.16324    -0.7107    28.5311    1437.57  0.000e+00
     26.014   71.85200 -162.16324    -0.7105    28.5396    1437.58  0.000e+00
     26.045   71.85200 -162.16324    -0.7102    28.5370    1437.58  0.000e+00
     26.072   71.85200 -162.16324    -0.7103    28.5710    1437.63  0.000e+00
     26.102   71.85200 -162.16324    -0.7104    28.5957    1437.66  0.000e+00
     26.133   71.85200 -162.16324    -0.7105    28.5955    1437.66  0.000e+00
     26.165   71.85200 -162.16324    -0.7102    28.6159    1437.69  0.000e+00
     26.195   71.85200 -162.16324    -0.7104    28.6289    1437.70  0.000e+00
     26.225   71.85200 -162.16324    -0.7103    28.6643    1437.75  0.000e+00
     26.257   71.85200 -162.16324    -0.7104    28.6416    1437.72  0.000e+00
     26.287   71.85200 -162.16326    -0.7105    28.6370    1437.72  0.000e+00
     26.323   71.85200 -162.16326    -0.7100    28.6657    1437.76  0.000e+00
     26.353   71.85200 -162.16326    -0.7097    28.7187    1437.83  0.000e+00
     26.385   71.85200 -162.16326    -0.7098    28.7587    1437.88  0.000e+00
     26.415   71.85200 -162.16326    -0.7097    28.7635    1437.89  0.000e+00
     26.448   71.85200 -162.16326    -0.7096    28.7764    1437.91  0.000e+00
     26.482   71.85200 -162.16326    -0.7096    28.8536    1438.02  0.000e+00
