EcoFOCI/data/1_SampleCollection/2023_SikuliaqDBO_CruiseData/CTD_raw_BottleFile_SKQ23-12S/proc/skq202312s_076.ros
* Sea-Bird SBE 9 Data File:
* FileName = D:\CTD\SKQ202312S\SKQ202312S_076.hex
* Software Version Seasave V 7.26.7.121
* Temperature SN = 6177
* Conductivity SN = 0369
* Number of Bytes Per Scan = 41
* Number of Voltage Words = 4
* Number of Scans Averaged by the Deck Unit = 1
* NMEA Latitude = 68 18.13 N
* NMEA Longitude = 166 55.58 W
* NMEA UTC (Time) = Oct 02 2023  08:17:28
* NMEA baud rate = 4800
** Ship: R/V Sikuliaq
** Station Number: 076
** Station Name: DBO3.1
** Bottom Depth: 34
** Operator: SD
# nquan = 22
# nvalues = 637                                   
# units = specified
# name 0 = depSM: Depth [salt water, m]
# name 1 = latitude: Latitude [deg]
# name 2 = longitude: Longitude [deg]
# name 3 = prDM: Pressure, Digiquartz [db]
# name 4 = t090C: Temperature [ITS-90, deg C]
# name 5 = t190C: Temperature, 2 [ITS-90, deg C]
# name 6 = potemp090C: Potential Temperature [ITS-90, deg C]
# name 7 = sal00: Salinity, Practical [PSU]
# name 8 = sal11: Salinity, Practical, 2 [PSU]
# name 9 = density00: Density [density, kg/m^3]
# name 10 = sigma-é00: Density [sigma-theta, kg/m^3]
# name 11 = sbox0Mm/Kg: Oxygen, SBE 43 [umol/kg]
# name 12 = sbox1Mm/Kg: Oxygen, SBE 43, 2 [umol/kg]
# name 13 = oxsolMm/Kg: Oxygen Saturation, Garcia & Gordon [umol/kg]
# name 14 = sbeox0PS: Oxygen, SBE 43 [% saturation]
# name 15 = v0: Voltage 0
# name 16 = flECO-AFL: Fluorescence, WET Labs ECO-AFL/FL [mg/m^3]
# name 17 = CStarAt0: Beam Attenuation, WET Labs C-Star [1/m]
# name 18 = par: PAR/Irradiance, Biospherical/Licor
# name 19 = scan: Scan Count
# name 20 = nbf: Bottles Fired
# name 21 = flag:  0.000e+00
# interval = seconds: 0.0416667
# start_time = Oct 02 2023 08:20:24 [NMEA time, first data scan]
# bad_flag = -9.990e-29
*END*
     29.503   68.30194 -166.92410     29.803     4.8390     4.8394     4.8369    31.8189    31.8307  1025.3102    25.1716    264.523    251.042  315.98219     83.715     0.0781     0.1209     1.4891 8.4714e-06       4492          1  0.000e+00
     29.549   68.30194 -166.92410     29.850     4.8387     4.8395     4.8366    31.8187    31.8305  1025.3103    25.1715    264.484    251.062  315.98508     83.701     0.0781     0.1209     1.4891 1.0000e-12       4493          1  0.000e+00
     29.502   68.30194 -166.92410     29.803     4.8382     4.8394     4.8361    31.8187    31.8305  1025.3101    25.1715    264.712    251.082  315.98906     83.772     0.0781     0.1209     1.4891 1.0000e-12       4494          1  0.000e+00
     29.549   68.30194 -166.92410     29.850     4.8379     4.8390     4.8358    31.8188    31.8309  1025.3105    25.1716    264.530    251.108  315.99113     83.715     0.0781     0.1209     1.4891 8.4714e-06       4495          1  0.000e+00
     29.502   68.30194 -166.92410     29.803     4.8372     4.8389     4.8351    31.8192    31.8310  1025.3106    25.1720    264.460    251.131  315.99492     83.691     0.0781     0.1209     1.4891 1.0000e-12       4496          1  0.000e+00
     29.603   68.30194 -166.92410     29.905     4.8369     4.8385     4.8348    31.8194    31.8308  1025.3113    25.1722    264.423    251.163  315.99678     83.679     0.0781     0.1209     1.4891 1.0000e-12       4497          1  0.000e+00
     29.618   68.30194 -166.92410     29.920     4.8366     4.8383     4.8345    31.8197    31.8308  1025.3116    25.1725    264.383    251.192  315.99844     83.666     0.0781     0.1209     1.4891 8.4714e-06       4498          1  0.000e+00
     29.618   68.30194 -166.92410     29.920     4.8364     4.8381     4.8343    31.8196    31.8310  1025.3116    25.1724    264.579    251.201  315.99982     83.728     0.0781     0.1209     1.4891 1.0000e-12       4499          1  0.000e+00
     29.549   68.30194 -166.92410     29.850     4.8363     4.8377     4.8342    31.8202    31.8310  1025.3117    25.1728    264.597    251.211  315.99974     83.733     0.0781     0.1209     1.4891 1.0000e-12       4500          1  0.000e+00
     29.618   68.30194 -166.92410     29.920     4.8361     4.8372     4.8340    31.8207    31.8315  1025.3125    25.1733    264.415    251.041  316.00001     83.676     0.0781     0.1209     1.4891 1.0000e-12       4501          1  0.000e+00
     29.657   68.30194 -166.92410     29.959     4.8363     4.8371     4.8342    31.8206    31.8307  1025.3125    25.1732    264.406    251.220  315.99877     83.673     0.0781     0.1209     1.4891 8.4714e-06       4502          1  0.000e+00
     29.618   68.30194 -166.92410     29.920     4.8368     4.8364     4.8347    31.8203    31.8312  1025.3121    25.1729    264.394    251.235  315.99579     83.670     0.0781     0.1209     1.4891 8.4714e-06       4503          1  0.000e+00
     29.657   68.30194 -166.92410     29.959     4.8368     4.8365     4.8347    31.8204    31.8315  1025.3123    25.1730    264.389    251.064  315.99566     83.669     0.0781     0.1209     1.4891 1.0000e-12       4504          1  0.000e+00
     29.618   68.30194 -166.92410     29.920     4.8369     4.8368     4.8348    31.8204    31.8313  1025.3122    25.1730    264.382    251.056  315.99433     83.667     0.0769     0.1135     1.4891 1.0000e-12       4505          1  0.000e+00
     29.718   68.30194 -166.92410     30.021     4.8369     4.8367     4.8348    31.8200    31.8309  1025.3123    25.1727    264.382    251.057  315.99527     83.666     0.0781     0.1209     1.4891 1.0000e-12       4506          1  0.000e+00
     29.672   68.30194 -166.92410     29.975     4.8372     4.8366     4.8351    31.8200    31.8313  1025.3121    25.1727    264.376    251.239  315.99293     83.665     0.0781     0.1209     1.4891 1.0000e-12       4507          1  0.000e+00
     29.657   68.30194 -166.92410     29.959     4.8371     4.8363     4.8350    31.8201    31.8318  1025.3121    25.1727    264.375    251.259  315.99391     83.665     0.0781     0.1209     1.4891 1.0000e-12       4508          1  0.000e+00
     29.672   68.30194 -166.92410     29.975     4.8372     4.8367     4.8351    31.8199    31.8310  1025.3120    25.1726    264.375    251.278  315.99320     83.665     0.0781     0.1209     1.4891 8.4714e-06       4509          1  0.000e+00
     29.672   68.30194 -166.92410     29.975     4.8374     4.8364     4.8353    31.8202    31.8315  1025.3122    25.1728    264.611    251.299  315.99137     83.740     0.0781     0.1209     1.4891 1.0000e-12       4510          1  0.000e+00
     29.718   68.30194 -166.92410     30.021     4.8374     4.8365     4.8353    31.8201    31.8311  1025.3123    25.1727    264.441    251.322  315.99161     83.686     0.0781     0.1209     1.4891 1.0000e-12       4511          1  0.000e+00
     29.672   68.30194 -166.92410     29.975     4.8374     4.8370     4.8353    31.8203    31.8310  1025.3123    25.1728    264.648    251.320  315.99119     83.752     0.0781     0.1209     1.4891 8.4714e-06       4512          1  0.000e+00
     29.656   68.30194 -166.92410     29.959     4.8374     4.8366     4.8353    31.8199    31.8315  1025.3119    25.1725    264.683    251.343  315.99208     83.763     0.0781     0.1209     1.4891 1.0000e-12       4513          1  0.000e+00
     29.734   68.30194 -166.92410     30.037     4.8377     4.8369     4.8356    31.8198    31.8312  1025.3122    25.1724    264.718    251.368  315.98988     83.774     0.0781     0.1209     1.4891 1.0000e-12       4514          1  0.000e+00
     29.718   68.30194 -166.92410     30.021     4.8375     4.8368     4.8354    31.8199    31.8311  1025.3122    25.1725    264.721    251.392  315.99087     83.775     0.0781     0.1209     1.4891 1.0000e-12       4515          1  0.000e+00
     29.672   68.30194 -166.92410     29.974     4.8375     4.8372     4.8354    31.8197    31.8306  1025.3118    25.1723    264.548    251.414  315.99146     83.720     0.0781     0.1209     1.4891 8.4714e-06       4516          1  0.000e+00
     29.718   68.30194 -166.92410     30.021     4.8377     4.8366     4.8356    31.8205    31.8314  1025.3126    25.1730    264.961    251.423  315.98831     83.852     0.0781     0.1209     1.4891 1.0000e-12       4517          1  0.000e+00
     29.672   68.30194 -166.92410     29.974     4.8382     4.8370     4.8361    31.8208    31.8311  1025.3126    25.1732    264.814    251.445  315.98405     83.806     0.0769     0.1135     1.4891 1.0000e-12       4518          1  0.000e+00
     29.672   68.30194 -166.92410     29.974     4.8388     4.8365     4.8367    31.8209    31.8313  1025.3126    25.1732    264.843    251.474  315.97865     83.817     0.0781     0.1209     1.4891 1.0000e-12       4519          1  0.000e+00
     29.718   68.30194 -166.92410     30.021     4.8399     4.8366     4.8378    31.8203    31.8314  1025.3122    25.1726    264.839    251.482  315.97192     83.817     0.0781     0.1209     1.4891 8.4714e-06       4520          1  0.000e+00
     29.672   68.30194 -166.92410     29.974     4.8406     4.8363     4.8384    31.8196    31.8314  1025.3113    25.1719    264.866    251.488  315.96894     83.827     0.0781     0.1209     1.4891 1.0000e-12       4521          1  0.000e+00
     29.718   68.30194 -166.92410     30.021     4.8406     4.8370     4.8384    31.8187    31.8311  1025.3108    25.1712    264.870    251.493  315.97109     83.827     0.0781     0.1209     1.4891 1.0000e-12       4522          1  0.000e+00
     29.672   68.30194 -166.92410     29.974     4.8404     4.8371     4.8383    31.8177    31.8312  1025.3099    25.1705    264.870    251.497  315.97451     83.826     0.0781     0.1209     1.4891 1.0000e-12       4523          1  0.000e+00
     29.656   68.30194 -166.92410     29.959     4.8402     4.8375     4.8381    31.8174    31.8310  1025.3096    25.1702    264.901    251.501  315.97651     83.836     0.0781     0.1209     1.4876 1.0000e-12       4524          1  0.000e+00
     29.733   68.30194 -166.92410     30.037     4.8399     4.8379     4.8378    31.8182    31.8310  1025.3106    25.1709    264.933    251.692  315.97688     83.846     0.0781     0.1209     1.4816 8.4714e-06       4525          1  0.000e+00
     29.656   68.30194 -166.92410     29.959     4.8399     4.8395     4.8378    31.8187    31.8302  1025.3106    25.1713    264.754    251.521  315.97578     83.789     0.0781     0.1209     1.4786 8.4714e-06       4526          1  0.000e+00
     29.672   68.30194 -166.92410     29.974     4.8401     4.8414     4.8380    31.8183    31.8297  1025.3104    25.1710    264.549    251.701  315.97534     83.724     0.0781     0.1209     1.4786 1.0000e-12       4527          1  0.000e+00
     29.656   68.30194 -166.92410     29.959     4.8399     4.8426     4.8378    31.8187    31.8290  1025.3106    25.1713    264.931    251.718  315.97578     83.845     0.0781     0.1209     1.4786 8.4714e-06       4528          1  0.000e+00
     29.618   68.30194 -166.92410     29.920     4.8399     4.8428     4.8378    31.8183    31.8290  1025.3101    25.1710    264.964    251.740  315.97665     83.855     0.0781     0.1209     1.4801 1.0000e-12       4529          1  0.000e+00
     29.672   68.30194 -166.92410     29.974     4.8398     4.8428     4.8377    31.8181    31.8286  1025.3103    25.1709    265.000    251.765  315.97827     83.867     0.0781     0.1209     1.4786 1.0000e-12       4530          1  0.000e+00
     29.656   68.30194 -166.92410     29.959     4.8395     4.8431     4.8374    31.8177    31.8286  1025.3099    25.1706    265.004    251.765  315.98154     83.867     0.0781     0.1209     1.4801 8.4714e-06       4531          1  0.000e+00
     29.618   68.30194 -166.92410     29.920     4.8387     4.8428     4.8366    31.8183    31.8289  1025.3103    25.1711    265.039    251.765  315.98608     83.877     0.0781     0.1209     1.4801 1.0000e-12       4532          1  0.000e+00
     29.602   68.30194 -166.92410     29.904     4.8380     4.8428     4.8359    31.8185    31.8291  1025.3104    25.1713    265.043    251.762  315.99073     83.877     0.0781     0.1209     1.4786 8.4714e-06       4533          1  0.000e+00
     29.618   68.30194 -166.92410     29.920     4.8372     4.8429     4.8351    31.8183    31.8287  1025.3104    25.1712    265.112    251.595  315.99716     83.897     0.0781     0.1209     1.4801 1.0000e-12       4534          1  0.000e+00
     29.656   68.30194 -166.92410     29.959     4.8364     4.8432     4.8343    31.8189    31.8284  1025.3112    25.1719    265.118    251.593  316.00142     83.898     0.0781     0.1209     1.4801 1.0000e-12       4535          1  0.000e+00
     29.556   68.30194 -166.92410     29.857     4.8358     4.8431     4.8337    31.8201    31.8285  1025.3117    25.1728    265.115    251.588  316.00350     83.896     0.0781     0.1209     1.4801 1.0000e-12       4536          1  0.000e+00
     29.602   68.30194 -166.92410     29.904     4.8356     4.8423     4.8335    31.8197    31.8290  1025.3117    25.1726    265.052    251.775  316.00584     83.876     0.0781     0.1209     1.4801 1.0000e-12       4537          1  0.000e+00
     29.556   68.30194 -166.92410     29.857     4.8355     4.8428     4.8334    31.8203    31.8282  1025.3119    25.1731    265.076    251.789  316.00561     83.883     0.0794     0.1282     1.4786 1.0000e-12       4538          1  0.000e+00
     29.602   68.30194 -166.92410     29.904     4.8353     4.8439     4.8332    31.8203    31.8281  1025.3121    25.1730    265.105    251.594  316.00694     83.892     0.0806     0.1355     1.4786 1.0000e-12       4539          1  0.000e+00
     29.556   68.30194 -166.92410     29.857     4.8351     4.8442     4.8330    31.8203    31.8281  1025.3120    25.1731    265.098    251.585  316.00799     83.890     0.0794     0.1282     1.4786 1.0000e-12       4540          1  0.000e+00
     29.385   68.30194 -166.92410     29.685     4.8440     4.8456     4.8419    31.8172    31.8279  1025.3077    25.1697    264.439    250.552  315.94827     83.697     0.0806     0.1355     1.4952 8.4714e-06       4654          2  0.000e+00
     29.369   68.30194 -166.92410     29.669     4.8440     4.8460     4.8419    31.8174    31.8274  1025.3078    25.1698    264.461    250.536  315.94779     83.704     0.0794     0.1282     1.4936 1.0000e-12       4655          2  0.000e+00
     29.385   68.30194 -166.92410     29.685     4.8444     4.8458     4.8423    31.8167    31.8278  1025.3073    25.1692    264.483    250.525  315.94671     83.711     0.0806     0.1355     1.4936 1.0000e-12       4656          2  0.000e+00
     29.369   68.30194 -166.92410     29.669     4.8442     4.8454     4.8422    31.8169    31.8283  1025.3074    25.1694    264.506    250.538  315.94733     83.719     0.0806     0.1355     1.4936 1.0000e-12       4657          2  0.000e+00
     29.331   68.30194 -166.92410     29.630     4.8442     4.8453     4.8422    31.8170    31.8284  1025.3073    25.1695    264.528    250.552  315.94711     83.725     0.0806     0.1355     1.4936 1.0000e-12       4658          2  0.000e+00
     29.369   68.30194 -166.92410     29.669     4.8442     4.8454     4.8421    31.8168    31.8281  1025.3073    25.1694    264.521    250.571  315.94797     83.723     0.0806     0.1355     1.4936 1.0000e-12       4659          2  0.000e+00
     29.331   68.30194 -166.92410     29.630     4.8444     4.8456     4.8423    31.8170    31.8283  1025.3073    25.1695    264.444    250.569  315.94601     83.699     0.0806     0.1355     1.4936 1.0000e-12       4660          2  0.000e+00
     29.331   68.30194 -166.92410     29.630     4.8444     4.8461     4.8423    31.8173    31.8278  1025.3076    25.1697    264.429    250.570  315.94518     83.695     0.0794     0.1282     1.4936 1.0000e-12       4661          2  0.000e+00
     29.315   68.30194 -166.92410     29.614     4.8446     4.8466     4.8425    31.8177    31.8272  1025.3077    25.1700    264.475    250.574  315.94316     83.710     0.0806     0.1355     1.4936 1.0000e-12       4662          2  0.000e+00
     29.331   68.30194 -166.92410     29.630     4.8447     4.8469     4.8426    31.8173    31.8270  1025.3075    25.1697    264.494    250.581  315.94326     83.716     0.0818     0.1428     1.4936 8.4714e-06       4663          2  0.000e+00
     29.315   68.30194 -166.92410     29.614     4.8449     4.8472     4.8428    31.8173    31.8269  1025.3074    25.1697    264.510    250.589  315.94160     83.721     0.0806     0.1355     1.4936 1.0000e-12       4664          2  0.000e+00
     29.331   68.30194 -166.92410     29.630     4.8452     4.8467     4.8431    31.8176    31.8274  1025.3077    25.1699    264.525    250.420  315.93860     83.727     0.0818     0.1428     1.4952 1.0000e-12       4665          2  0.000e+00
     29.315   68.30194 -166.92410     29.614     4.8455     4.8464     4.8434    31.8175    31.8275  1025.3075    25.1698    264.509    250.603  315.93656     83.722     0.0818     0.1428     1.5163 1.0000e-12       4666          2  0.000e+00
     29.331   68.30194 -166.92410     29.630     4.8463     4.8460     4.8442    31.8170    31.8278  1025.3071    25.1693    264.489    250.625  315.93191     83.717     0.0830     0.1502     1.5360 1.0000e-12       4667          2  0.000e+00
     29.315   68.30194 -166.92410     29.614     4.8463     4.8458     4.8442    31.8170    31.8280  1025.3070    25.1693    264.472    250.626  315.93180     83.712     0.0830     0.1502     1.5391 1.0000e-12       4668          2  0.000e+00
     29.269   68.30194 -166.92410     29.567     4.8463     4.8454     4.8442    31.8166    31.8286  1025.3065    25.1690    264.549    250.464  315.93275     83.736     0.0830     0.1502     1.5376 1.0000e-12       4669          2  0.000e+00
