EcoFOCI/data/1_SampleCollection/2023_SikuliaqDBO_CruiseData/CTD_raw_BottleFile_SKQ23-12S/proc/skq202312s_053svp.cnv
* Sea-Bird SBE 9 Data File:
* FileName = D:\CTD\SKQ202312S\SKQ202312S_053.hex
* Software Version Seasave V 7.26.7.121
* Temperature SN = 6177
* Conductivity SN = 0369
* Number of Bytes Per Scan = 41
* Number of Voltage Words = 4
* Number of Scans Averaged by the Deck Unit = 1
* NMEA Latitude = 70 50.92 N
* NMEA Longitude = 163 11.04 W
* NMEA UTC (Time) = Sep 26 2023  23:34:43
* NMEA baud rate = 4800
** Ship: R/V Sikuliaq
** Station Number: 053
** Station Name: IC9
** Bottom Depth: 44
** Operator: SS
# nquan = 7
# nvalues = 4192                                  
# units = specified
# name 0 = depSM: Depth [salt water, m]
# name 1 = latitude: Latitude [deg]
# name 2 = longitude: Longitude [deg]
# name 3 = t090C: Temperature [ITS-90, deg C]
# name 4 = sal00: Salinity, Practical [PSU]
# name 5 = svCM: Sound Velocity [Chen-Millero, m/s]
# name 6 = flag:  0.000e+00
# span 0 =      2.319,     38.959                 
# span 1 =   70.84866,   70.84870                 
# span 2 = -163.18456, -163.18434                 
# span 3 =     4.3929,     6.8622                 
# span 4 =    29.2773,    31.8033                 
# span 5 =    1464.58,    1473.92                 
# span 6 = 0.0000e+00, 0.0000e+00                 
# interval = seconds: 0.0416667
# start_time = Sep 26 2023 23:38:01 [NMEA time, first data scan]
# bad_flag = -9.990e-29
*END*
[from data line 2667]
     31.176   70.84868 -163.18448     4.3960    31.7814    1464.65  0.000e+00
     31.184   70.84868 -163.18448     4.3959    31.7892    1464.66  0.000e+00
     31.230   70.84868 -163.18448     4.3960    31.7893    1464.66  0.000e+00
     31.245   70.84868 -163.18448     4.3959    31.7896    1464.66  0.000e+00
     31.284   70.84868 -163.18448     4.3964    31.7892    1464.66  0.000e+00
     31.184   70.84868 -163.18448     4.3963    31.7899    1464.66  0.000e+00
     31.284   70.84868 -163.18448     4.3965    31.7893    1464.66  0.000e+00
     31.299   70.84868 -163.18448     4.3965    31.7894    1464.67  0.000e+00
     31.245   70.84868 -163.18448     4.3969    31.7896    1464.67  0.000e+00
     31.284   70.84868 -163.18448     4.3969    31.7895    1464.67  0.000e+00
     31.361   70.84868 -163.18448     4.3970    31.7893    1464.67  0.000e+00
     31.284   70.84868 -163.18448     4.3971    31.7894    1464.67  0.000e+00
     31.299   70.84868 -163.18448     4.3970    31.7896    1464.67  0.000e+00
     31.399   70.84868 -163.18448     4.3970    31.7893    1464.67  0.000e+00
     31.299   70.84868 -163.18448     4.3967    31.7892    1464.67  0.000e+00
     31.415   70.84868 -163.18448     4.3965    31.7893    1464.67  0.000e+00
     31.345   70.84868 -163.18448     4.3969    31.7894    1464.67  0.000e+00
     31.415   70.84868 -163.18448     4.3963    31.7899    1464.67  0.000e+00
     31.399   70.84868 -163.18448     4.3967    31.7900    1464.67  0.000e+00
     31.415   70.84868 -163.18448     4.3965    31.7896    1464.67  0.000e+00
     31.399   70.84868 -163.18448     4.3967    31.7893    1464.67  0.000e+00
     31.415   70.84868 -163.18448     4.3967    31.7895    1464.67  0.000e+00
     31.477   70.84868 -163.18448     4.3964    31.7893    1464.67  0.000e+00
     31.461   70.84868 -163.18448     4.3962    31.7896    1464.67  0.000e+00
     31.477   70.84868 -163.18448     4.3964    31.7889    1464.67  0.000e+00
     31.461   70.84868 -163.18448     4.3960    31.7891    1464.67  0.000e+00
     31.477   70.84868 -163.18448     4.3959    31.7892    1464.66  0.000e+00
     31.577   70.84868 -163.18448     4.3957    31.7893    1464.67  0.000e+00
     31.477   70.84868 -163.18448     4.3956    31.7892    1464.66  0.000e+00
     31.577   70.84868 -163.18448     4.3957    31.7895    1464.67  0.000e+00
     31.531   70.84868 -163.18448     4.3956    31.7897    1464.67  0.000e+00
     31.531   70.84868 -163.18448     4.3956    31.7898    1464.67  0.000e+00
     31.577   70.84868 -163.18448     4.3954    31.7900    1464.67  0.000e+00
     31.585   70.84868 -163.18448     4.3954    31.7895    1464.67  0.000e+00
     31.577   70.84868 -163.18448     4.3954    31.7895    1464.67  0.000e+00
     31.646   70.84868 -163.18448     4.3952    31.7893    1464.67  0.000e+00
     31.631   70.84868 -163.18448     4.3952    31.7900    1464.67  0.000e+00
     31.585   70.84868 -163.18448     4.3952    31.7900    1464.67  0.000e+00
     31.646   70.84868 -163.18448     4.3956    31.7899    1464.67  0.000e+00
     31.685   70.84868 -163.18448     4.3957    31.7900    1464.67  0.000e+00
     31.646   70.84868 -163.18448     4.3958    31.7899    1464.67  0.000e+00
     31.685   70.84868 -163.18448     4.3957    31.7898    1464.67  0.000e+00
     31.700   70.84868 -163.18448     4.3957    31.7900    1464.67  0.000e+00
     31.631   70.84868 -163.18448     4.3957    31.7901    1464.67  0.000e+00
     31.816   70.84868 -163.18448     4.3957    31.7900    1464.67  0.000e+00
     31.700   70.84868 -163.18448     4.3959    31.7901    1464.67  0.000e+00
     31.747   70.84868 -163.18448     4.3959    31.7902    1464.67  0.000e+00
     31.762   70.84868 -163.18448     4.3957    31.7899    1464.67  0.000e+00
     31.801   70.84868 -163.18448     4.3959    31.7898    1464.67  0.000e+00
     31.762   70.84868 -163.18448     4.3956    31.7893    1464.67  0.000e+00
     31.816   70.84868 -163.18448     4.3954    31.7890    1464.67  0.000e+00
     31.801   70.84868 -163.18448     4.3951    31.7892    1464.67  0.000e+00
     31.878   70.84868 -163.18448     4.3949    31.7895    1464.67  0.000e+00
     31.862   70.84868 -163.18448     4.3951    31.7893    1464.67  0.000e+00
     31.878   70.84868 -163.18448     4.3949    31.7897    1464.67  0.000e+00
     31.862   70.84868 -163.18448     4.3949    31.7897    1464.67  0.000e+00
     31.878   70.84868 -163.18448     4.3948    31.7898    1464.67  0.000e+00
     31.932   70.84868 -163.18448     4.3948    31.7893    1464.67  0.000e+00
     31.916   70.84868 -163.18448     4.3949    31.7894    1464.67  0.000e+00
     31.932   70.84868 -163.18448     4.3949    31.7896    1464.67  0.000e+00
     31.978   70.84868 -163.18448     4.3951    31.7898    1464.67  0.000e+00
     31.932   70.84868 -163.18448     4.3949    31.7900    1464.67  0.000e+00
     31.978   70.84868 -163.18448     4.3953    31.7899    1464.67  0.000e+00
     31.986   70.84868 -163.18448     4.3954    31.7896    1464.67  0.000e+00
     31.986   70.84868 -163.18448     4.3951    31.7895    1464.67  0.000e+00
     31.978   70.84868 -163.18448     4.3951    31.7894    1464.67  0.000e+00
     32.047   70.84868 -163.18448     4.3949    31.7898    1464.67  0.000e+00
     32.032   70.84868 -163.18448     4.3956    31.7899    1464.67  0.000e+00
     32.047   70.84868 -163.18448     4.3956    31.7907    1464.68  0.000e+00
     32.047   70.84868 -163.18448     4.3959    31.7902    1464.68  0.000e+00
     32.086   70.84868 -163.18448     4.3964    31.7897    1464.68  0.000e+00
     32.047   70.84868 -163.18448     4.3964    31.7898    1464.68  0.000e+00
     32.086   70.84868 -163.18448     4.3965    31.7894    1464.68  0.000e+00
     32.163   70.84868 -163.18448     4.3965    31.7895    1464.68  0.000e+00
     32.086   70.84868 -163.18448     4.3966    31.7890    1464.68  0.000e+00
     32.163   70.84868 -163.18448     4.3967    31.7892    1464.68  0.000e+00
     32.101   70.84868 -163.18448     4.3967    31.7891    1464.68  0.000e+00
     32.148   70.84868 -163.18448     4.3969    31.7891    1464.68  0.000e+00
     32.217   70.84868 -163.18448     4.3969    31.7888    1464.68  0.000e+00
     32.148   70.84868 -163.18448     4.3967    31.7887    1464.68  0.000e+00
     32.217   70.84868 -163.18448     4.3968    31.7889    1464.68  0.000e+00
     32.148   70.84868 -163.18448     4.3967    31.7890    1464.68  0.000e+00
     32.217   70.84868 -163.18448     4.3965    31.7892    1464.68  0.000e+00
     32.271   70.84868 -163.18448     4.3967    31.7889    1464.68  0.000e+00
     32.263   70.84868 -163.18448     4.3964    31.7887    1464.68  0.000e+00
     32.217   70.84868 -163.18448     4.3966    31.7888    1464.68  0.000e+00
     32.263   70.84868 -163.18448     4.3967    31.7888    1464.68  0.000e+00
     32.271   70.84868 -163.18448     4.3964    31.7889    1464.68  0.000e+00
     32.271   70.84868 -163.18448     4.3965    31.7889    1464.68  0.000e+00
     32.317   70.84868 -163.18448     4.3960    31.7891    1464.68  0.000e+00
     32.333   70.84868 -163.18448     4.3964    31.7887    1464.68  0.000e+00
     32.317   70.84868 -163.18448     4.3959    31.7888    1464.68  0.000e+00
     32.271   70.84868 -163.18448     4.3956    31.7889    1464.68  0.000e+00
     32.387   70.84868 -163.18448     4.3956    31.7884    1464.68  0.000e+00
     32.317   70.84868 -163.18448     4.3949    31.7891    1464.67  0.000e+00
     32.387   70.84868 -163.18448     4.3951    31.7889    1464.68  0.000e+00
     32.379   70.84868 -163.18448     4.3948    31.7890    1464.68  0.000e+00
     32.387   70.84868 -163.18450     4.3950    31.7888    1464.68  0.000e+00
     32.433   70.84868 -163.18450     4.3948    31.7892    1464.68  0.000e+00
     32.387   70.84868 -163.18450     4.3948    31.7892    1464.68  0.000e+00
     32.387   70.84868 -163.18450     4.3948    31.7890    1464.68  0.000e+00
     32.433   70.84868 -163.18450     4.3948    31.7896    1464.68  0.000e+00
     32.448   70.84868 -163.18450     4.3948    31.7893    1464.68  0.000e+00
     32.433   70.84868 -163.18450     4.3949    31.7897    1464.68  0.000e+00
     32.502   70.84868 -163.18450     4.3949    31.7897    1464.68  0.000e+00
     32.448   70.84868 -163.18450     4.3951    31.7894    1464.68  0.000e+00
     32.487   70.84868 -163.18450     4.3952    31.7890    1464.68  0.000e+00
     32.502   70.84868 -163.18450     4.3949    31.7891    1464.68  0.000e+00
     32.487   70.84868 -163.18450     4.3950    31.7888    1464.68  0.000e+00
     32.502   70.84868 -163.18450     4.3949    31.7890    1464.68  0.000e+00
     32.564   70.84868 -163.18450     4.3948    31.7891    1464.68  0.000e+00
     32.549   70.84868 -163.18450     4.3949    31.7892    1464.68  0.000e+00
     32.502   70.84868 -163.18450     4.3951    31.7891    1464.68  0.000e+00
     32.603   70.84868 -163.18450     4.3949    31.7901    1464.68  0.000e+00
     32.564   70.84868 -163.18450     4.3953    31.7898    1464.68  0.000e+00
     32.603   70.84868 -163.18450     4.3951    31.7898    1464.68  0.000e+00
     32.618   70.84868 -163.18450     4.3951    31.7896    1464.68  0.000e+00
     32.618   70.84868 -163.18450     4.3952    31.7893    1464.68  0.000e+00
     32.603   70.84868 -163.18450     4.3951    31.7894    1464.68  0.000e+00
     32.618   70.84868 -163.18450     4.3951    31.7892    1464.68  0.000e+00
     32.602   70.84868 -163.18450     4.3948    31.7896    1464.68  0.000e+00
     32.672   70.84868 -163.18450     4.3949    31.7895    1464.68  0.000e+00
     32.618   70.84868 -163.18450     4.3951    31.7894    1464.68  0.000e+00
     32.664   70.84868 -163.18450     4.3951    31.7891    1464.68  0.000e+00
     32.672   70.84868 -163.18450     4.3951    31.7893    1464.68  0.000e+00
     32.664   70.84868 -163.18450     4.3950    31.7892    1464.68  0.000e+00
     32.734   70.84868 -163.18450     4.3952    31.7889    1464.68  0.000e+00
     32.672   70.84868 -163.18450     4.3949    31.7890    1464.68  0.000e+00
     32.718   70.84868 -163.18450     4.3949    31.7889    1464.68  0.000e+00
     32.734   70.84868 -163.18450     4.3948    31.7893    1464.68  0.000e+00
     32.780   70.84868 -163.18450     4.3949    31.7888    1464.68  0.000e+00
     32.734   70.84868 -163.18450     4.3950    31.7886    1464.68  0.000e+00
     32.734   70.84868 -163.18450     4.3951    31.7887    1464.68  0.000e+00
     32.834   70.84868 -163.18450     4.3949    31.7891    1464.68  0.000e+00
     32.734   70.84868 -163.18450     4.3949    31.7892    1464.68  0.000e+00
     32.834   70.84868 -163.18450     4.3949    31.7892    1464.68  0.000e+00
     32.788   70.84868 -163.18450     4.3948    31.7891    1464.68  0.000e+00
     32.788   70.84868 -163.18450     4.3949    31.7889    1464.68  0.000e+00
     32.834   70.84868 -163.18450     4.3949    31.7889    1464.68  0.000e+00
     32.788   70.84868 -163.18450     4.3948    31.7888    1464.68  0.000e+00
     32.888   70.84868 -163.18450     4.3949    31.7886    1464.68  0.000e+00
     32.849   70.84868 -163.18450     4.3945    31.7890    1464.68  0.000e+00
     32.849   70.84868 -163.18450     4.3948    31.7884    1464.68  0.000e+00
     32.888   70.84868 -163.18450     4.3948    31.7891    1464.68  0.000e+00
     32.849   70.84868 -163.18450     4.3948    31.7893    1464.68  0.000e+00
     32.888   70.84868 -163.18450     4.3949    31.7891    1464.68  0.000e+00
     32.965   70.84868 -163.18450     4.3948    31.7894    1464.69  0.000e+00
     32.903   70.84868 -163.18450     4.3949    31.7888    1464.68  0.000e+00
     32.950   70.84868 -163.18450     4.3948    31.7886    1464.68  0.000e+00
     32.965   70.84868 -163.18450     4.3948    31.7887    1464.68  0.000e+00
     32.950   70.84868 -163.18450     4.3946    31.7886    1464.68  0.000e+00
     32.965   70.84868 -163.18450     4.3946    31.7889    1464.68  0.000e+00
     32.965   70.84868 -163.18450     4.3945    31.7891    1464.68  0.000e+00
     33.004   70.84868 -163.18450     4.3947    31.7883    1464.68  0.000e+00
     33.019   70.84868 -163.18450     4.3945    31.7886    1464.68  0.000e+00
     33.004   70.84868 -163.18450     4.3945    31.7889    1464.68  0.000e+00
     33.019   70.84868 -163.18450     4.3945    31.7888    1464.68  0.000e+00
     33.019   70.84868 -163.18450     4.3945    31.7889    1464.68  0.000e+00
     33.004   70.84868 -163.18450     4.3945    31.7892    1464.68  0.000e+00
     33.073   70.84868 -163.18450     4.3947    31.7890    1464.69  0.000e+00
     33.065   70.84868 -163.18450     4.3946    31.7890    1464.69  0.000e+00
     33.073   70.84868 -163.18450     4.3946    31.7888    1464.69  0.000e+00
     33.073   70.84868 -163.18450     4.3946    31.7888    1464.69  0.000e+00
     33.119   70.84868 -163.18450     4.3946    31.7889    1464.69  0.000e+00
     33.073   70.84868 -163.18450     4.3945    31.7889    1464.69  0.000e+00
     33.119   70.84868 -163.18450     4.3948    31.7890    1464.69  0.000e+00
     33.135   70.84868 -163.18450     4.3948    31.7889    1464.69  0.000e+00
     33.189   70.84868 -163.18450     4.3948    31.7888    1464.69  0.000e+00
     33.119   70.84868 -163.18450     4.3948    31.7889    1464.69  0.000e+00
     33.189   70.84868 -163.18450     4.3948    31.7891    1464.69  0.000e+00
     33.181   70.84868 -163.18450     4.3945    31.7892    1464.69  0.000e+00
     33.189   70.84868 -163.18450     4.3951    31.7883    1464.69  0.000e+00
     33.189   70.84868 -163.18450     4.3948    31.7889    1464.69  0.000e+00
     33.181   70.84868 -163.18450     4.3949    31.7886    1464.69  0.000e+00
     33.250   70.84868 -163.18450     4.3948    31.7887    1464.69  0.000e+00
     33.181   70.84868 -163.18450     4.3948    31.7886    1464.69  0.000e+00
     33.250   70.84868 -163.18450     4.3948    31.7887    1464.69  0.000e+00
     33.189   70.84868 -163.18450     4.3946    31.7890    1464.69  0.000e+00
     33.289   70.84868 -163.18450     4.3945    31.7891    1464.69  0.000e+00
     33.250   70.84868 -163.18450     4.3946    31.7888    1464.69  0.000e+00
     33.289   70.84868 -163.18450     4.3946    31.7889    1464.69  0.000e+00
     33.250   70.84868 -163.18450     4.3948    31.7885    1464.69  0.000e+00
     33.304   70.84868 -163.18450     4.3948    31.7885    1464.69  0.000e+00
     33.351   70.84868 -163.18450     4.3945    31.7888    1464.69  0.000e+00
     33.304   70.84868 -163.18450     4.3945    31.7886    1464.69  0.000e+00
     33.289   70.84868 -163.18450     4.3946    31.7886    1464.69  0.000e+00
     33.366   70.84868 -163.18450     4.3945    31.7888    1464.69  0.000e+00
     33.366   70.84868 -163.18450     4.3943    31.7886    1464.69  0.000e+00
     33.350   70.84868 -163.18450     4.3945    31.7883    1464.69  0.000e+00
     33.366   70.84868 -163.18450     4.3943    31.7885    1464.69  0.000e+00
     33.420   70.84868 -163.18450     4.3946    31.7881    1464.69  0.000e+00
     33.350   70.84868 -163.18450     4.3945    31.7882    1464.69  0.000e+00
     33.366   70.84868 -163.18450     4.3945    31.7882    1464.69  0.000e+00
     33.404   70.84868 -163.18450     4.3943    31.7889    1464.69  0.000e+00
     33.420   70.84868 -163.18450     4.3945    31.7888    1464.69  0.000e+00
     33.420   70.84868 -163.18450     4.3945    31.7887    1464.69  0.000e+00
     33.404   70.84868 -163.18450     4.3945    31.7886    1464.69  0.000e+00
     33.474   70.84868 -163.18450     4.3945    31.7886    1464.69  0.000e+00
     33.466   70.84868 -163.18450     4.3945    31.7887    1464.69  0.000e+00
     33.420   70.84868 -163.18450     4.3943    31.7883    1464.69  0.000e+00
     33.474   70.84868 -163.18450     4.3945    31.7881    1464.69  0.000e+00
     33.520   70.84868 -163.18450     4.3943    31.7881    1464.69  0.000e+00
     33.474   70.84868 -163.18450     4.3941    31.7884    1464.69  0.000e+00
     33.520   70.84868 -163.18450     4.3943    31.7881    1464.69  0.000e+00
