EcoFOCI/data/1_SampleCollection/2023_SikuliaqDBO_CruiseData/CTD_raw_BottleFile_SKQ23-12S/proc/skq202312s_073svp.cnv
* Sea-Bird SBE 9 Data File:
* FileName = D:\CTD\SKQ202312S\SKQ202312S_073.hex
* Software Version Seasave V 7.26.7.121
* Temperature SN = 6177
* Conductivity SN = 0369
* Number of Bytes Per Scan = 41
* Number of Voltage Words = 4
* Number of Scans Averaged by the Deck Unit = 1
* NMEA Latitude = 67 54.34 N
* NMEA Longitude = 168 10.75 W
* NMEA UTC (Time) = Oct 01 2023  20:50:17
* NMEA baud rate = 4800
** Ship: R/V Sikuliaq
** Station Number: 073
** Station Name: C12
** Bottom Depth: 58
** Operator: SD
** Mooring C12
# nquan = 7
# nvalues = 4215                                  
# units = specified
# name 0 = depSM: Depth [salt water, m]
# name 1 = latitude: Latitude [deg]
# name 2 = longitude: Longitude [deg]
# name 3 = t090C: Temperature [ITS-90, deg C]
# name 4 = sal00: Salinity, Practical [PSU]
# name 5 = svCM: Sound Velocity [Chen-Millero, m/s]
# name 6 = flag:  0.000e+00
# span 0 =      2.262,     53.673                 
# span 1 =   67.90534,   67.90552                 
# span 2 = -168.17942, -168.17918                 
# span 3 =     2.6735,     4.8323                 
# span 4 =    28.4800,    32.5035                 
# span 5 =    1457.56,    1464.88                 
# span 6 = 0.0000e+00, 0.0000e+00                 
# interval = seconds: 0.0416667
# start_time = Oct 01 2023 20:53:49 [NMEA time, first data scan]
# bad_flag = -9.990e-29
*END*
[from data line 821]
     12.095   67.90546 -168.17940     3.9129    28.5806    1458.20  0.000e+00
     12.149   67.90546 -168.17940     3.9133    28.5829    1458.21  0.000e+00
     12.149   67.90546 -168.17940     3.9142    28.5829    1458.21  0.000e+00
     12.149   67.90546 -168.17940     3.9148    28.5826    1458.21  0.000e+00
     12.203   67.90546 -168.17940     3.9151    28.5817    1458.21  0.000e+00
     12.180   67.90546 -168.17940     3.9154    28.5816    1458.21  0.000e+00
     12.203   67.90546 -168.17940     3.9159    28.5820    1458.22  0.000e+00
     12.265   67.90546 -168.17940     3.9161    28.5825    1458.22  0.000e+00
     12.203   67.90546 -168.17940     3.9162    28.5843    1458.22  0.000e+00
     12.265   67.90546 -168.17940     3.9165    28.5849    1458.22  0.000e+00
     12.265   67.90546 -168.17940     3.9173    28.5859    1458.23  0.000e+00
     12.288   67.90546 -168.17940     3.9178    28.5887    1458.23  0.000e+00
     12.319   67.90546 -168.17940     3.9187    28.5902    1458.24  0.000e+00
     12.319   67.90546 -168.17940     3.9195    28.5891    1458.24  0.000e+00
     12.319   67.90546 -168.17940     3.9198    28.5863    1458.24  0.000e+00
     12.319   67.90546 -168.17940     3.9203    28.5843    1458.24  0.000e+00
     12.381   67.90546 -168.17940     3.9200    28.5845    1458.24  0.000e+00
     12.381   67.90546 -168.17940     3.9197    28.5863    1458.24  0.000e+00
     12.350   67.90546 -168.17940     3.9198    28.5878    1458.24  0.000e+00
     12.381   67.90546 -168.17940     3.9203    28.5878    1458.24  0.000e+00
     12.435   67.90546 -168.17940     3.9205    28.5878    1458.25  0.000e+00
     12.381   67.90546 -168.17940     3.9206    28.5880    1458.25  0.000e+00
     12.435   67.90546 -168.17940     3.9209    28.5869    1458.25  0.000e+00
     12.435   67.90546 -168.17940     3.9208    28.5875    1458.25  0.000e+00
     12.404   67.90546 -168.17940     3.9209    28.5877    1458.25  0.000e+00
     12.496   67.90546 -168.17940     3.9209    28.5873    1458.25  0.000e+00
     12.435   67.90546 -168.17940     3.9209    28.5866    1458.25  0.000e+00
     12.496   67.90546 -168.17940     3.9209    28.5857    1458.25  0.000e+00
     12.435   67.90546 -168.17940     3.9206    28.5853    1458.24  0.000e+00
     12.550   67.90546 -168.17940     3.9205    28.5859    1458.25  0.000e+00
     12.465   67.90546 -168.17940     3.9201    28.5871    1458.24  0.000e+00
     12.496   67.90546 -168.17940     3.9205    28.5875    1458.25  0.000e+00
     12.550   67.90546 -168.17940     3.9205    28.5879    1458.25  0.000e+00
     12.496   67.90546 -168.17940     3.9206    28.5879    1458.25  0.000e+00
     12.550   67.90546 -168.17940     3.9208    28.5878    1458.25  0.000e+00
     12.550   67.90546 -168.17940     3.9209    28.5880    1458.25  0.000e+00
     12.519   67.90546 -168.17940     3.9209    28.5874    1458.25  0.000e+00
     12.550   67.90546 -168.17940     3.9206    28.5865    1458.25  0.000e+00
     12.604   67.90546 -168.17940     3.9208    28.5858    1458.25  0.000e+00
     12.550   67.90546 -168.17940     3.9208    28.5879    1458.25  0.000e+00
     12.604   67.90546 -168.17940     3.9206    28.5893    1458.25  0.000e+00
     12.604   67.90546 -168.17940     3.9209    28.5906    1458.25  0.000e+00
     12.581   67.90546 -168.17940     3.9216    28.5912    1458.26  0.000e+00
     12.666   67.90546 -168.17940     3.9219    28.5914    1458.26  0.000e+00
     12.604   67.90546 -168.17940     3.9222    28.5913    1458.26  0.000e+00
     12.604   67.90546 -168.17940     3.9223    28.5929    1458.26  0.000e+00
     12.666   67.90546 -168.17940     3.9230    28.5944    1458.27  0.000e+00
     12.720   67.90546 -168.17940     3.9233    28.5947    1458.27  0.000e+00
     12.604   67.90546 -168.17940     3.9235    28.5957    1458.27  0.000e+00
     12.689   67.90546 -168.17938     3.9241    28.5953    1458.28  0.000e+00
     12.720   67.90546 -168.17938     3.9246    28.5937    1458.28  0.000e+00
     12.666   67.90546 -168.17938     3.9247    28.5930    1458.28  0.000e+00
     12.782   67.90546 -168.17938     3.9247    28.5938    1458.28  0.000e+00
     12.720   67.90546 -168.17938     3.9250    28.5944    1458.28  0.000e+00
     12.782   67.90546 -168.17938     3.9252    28.5943    1458.28  0.000e+00
     12.751   67.90546 -168.17938     3.9255    28.5931    1458.28  0.000e+00
     12.782   67.90546 -168.17938     3.9254    28.5932    1458.28  0.000e+00
     12.720   67.90546 -168.17938     3.9255    28.5947    1458.28  0.000e+00
     12.836   67.90546 -168.17938     3.9258    28.5968    1458.29  0.000e+00
     12.836   67.90546 -168.17938     3.9261    28.5983    1458.29  0.000e+00
     12.836   67.90546 -168.17938     3.9269    28.5988    1458.29  0.000e+00
     12.866   67.90546 -168.17938     3.9274    28.5986    1458.30  0.000e+00
     12.889   67.90546 -168.17938     3.9280    28.5984    1458.30  0.000e+00
     12.889   67.90546 -168.17938     3.9282    28.5990    1458.30  0.000e+00
     12.889   67.90546 -168.17938     3.9287    28.5993    1458.30  0.000e+00
     12.951   67.90546 -168.17938     3.9290    28.5995    1458.31  0.000e+00
     12.920   67.90546 -168.17938     3.9294    28.6001    1458.31  0.000e+00
     13.005   67.90546 -168.17938     3.9296    28.6007    1458.31  0.000e+00
     12.951   67.90546 -168.17938     3.9299    28.6008    1458.31  0.000e+00
     13.067   67.90546 -168.17938     3.9304    28.6010    1458.32  0.000e+00
     13.067   67.90546 -168.17938     3.9306    28.6011    1458.32  0.000e+00
     13.005   67.90546 -168.17938     3.9308    28.6012    1458.32  0.000e+00
     13.090   67.90546 -168.17938     3.9307    28.6016    1458.32  0.000e+00
     13.121   67.90546 -168.17938     3.9311    28.6011    1458.32  0.000e+00
     13.121   67.90546 -168.17938     3.9312    28.6014    1458.32  0.000e+00
     13.183   67.90546 -168.17938     3.9312    28.6016    1458.32  0.000e+00
     13.237   67.90546 -168.17938     3.9318    28.6012    1458.32  0.000e+00
     13.183   67.90546 -168.17938     3.9316    28.6012    1458.32  0.000e+00
     13.267   67.90546 -168.17938     3.9317    28.6007    1458.32  0.000e+00
     13.291   67.90546 -168.17938     3.9316    28.6011    1458.33  0.000e+00
     13.291   67.90546 -168.17938     3.9316    28.6013    1458.33  0.000e+00
     13.352   67.90546 -168.17938     3.9317    28.6014    1458.33  0.000e+00
     13.352   67.90546 -168.17938     3.9319    28.6033    1458.33  0.000e+00
     13.468   67.90546 -168.17938     3.9324    28.6107    1458.34  0.000e+00
     13.375   67.90546 -168.17938     3.9338    28.6184    1458.36  0.000e+00
     13.468   67.90546 -168.17938     3.9362    28.6223    1458.37  0.000e+00
     13.468   67.90546 -168.17938     3.9384    28.6280    1458.39  0.000e+00
     13.522   67.90546 -168.17938     3.9417    28.6337    1458.41  0.000e+00
     13.584   67.90546 -168.17938     3.9447    28.6350    1458.43  0.000e+00
     13.553   67.90546 -168.17938     3.9470    28.6366    1458.44  0.000e+00
     13.638   67.90546 -168.17938     3.9493    28.6400    1458.46  0.000e+00
     13.638   67.90546 -168.17938     3.9519    28.6414    1458.47  0.000e+00
     13.692   67.90546 -168.17938     3.9537    28.6423    1458.48  0.000e+00
     13.753   67.90546 -168.17938     3.9554    28.6432    1458.49  0.000e+00
     13.722   67.90546 -168.17938     3.9569    28.6422    1458.49  0.000e+00
     13.753   67.90546 -168.17938     3.9583    28.6427    1458.50  0.000e+00
     13.807   67.90546 -168.17938     3.9592    28.6440    1458.51  0.000e+00
     13.869   67.90546 -168.17938     3.9604    28.6434    1458.51  0.000e+00
     13.869   67.90546 -168.17938     3.9611    28.6427    1458.51  0.000e+00
     13.869   67.90546 -168.17938     3.9615    28.6424    1458.51  0.000e+00
     13.954   67.90546 -168.17938     3.9618    28.6409    1458.52  0.000e+00
     13.985   67.90546 -168.17938     3.9620    28.6398    1458.52  0.000e+00
     13.985   67.90546 -168.17938     3.9618    28.6387    1458.51  0.000e+00
     14.039   67.90546 -168.17938     3.9613    28.6385    1458.51  0.000e+00
     14.039   67.90546 -168.17938     3.9615    28.6388    1458.51  0.000e+00
     14.069   67.90546 -168.17938     3.9610    28.6396    1458.51  0.000e+00
     14.154   67.90546 -168.17938     3.9611    28.6393    1458.51  0.000e+00
     14.154   67.90546 -168.17938     3.9608    28.6389    1458.51  0.000e+00
     14.154   67.90546 -168.17938     3.9609    28.6400    1458.51  0.000e+00
     14.208   67.90546 -168.17938     3.9610    28.6410    1458.52  0.000e+00
     14.239   67.90546 -168.17938     3.9612    28.6404    1458.52  0.000e+00
     14.270   67.90546 -168.17938     3.9612    28.6394    1458.52  0.000e+00
     14.324   67.90546 -168.17938     3.9612    28.6395    1458.52  0.000e+00
     14.324   67.90546 -168.17938     3.9613    28.6413    1458.52  0.000e+00
     14.324   67.90546 -168.17938     3.9617    28.6438    1458.52  0.000e+00
     14.409   67.90546 -168.17938     3.9622    28.6447    1458.53  0.000e+00
     14.386   67.90546 -168.17938     3.9626    28.6434    1458.53  0.000e+00
     14.440   67.90546 -168.17938     3.9628    28.6426    1458.53  0.000e+00
     14.440   67.90546 -168.17938     3.9630    28.6458    1458.53  0.000e+00
     14.440   67.90546 -168.17938     3.9637    28.6513    1458.54  0.000e+00
     14.524   67.90546 -168.17938     3.9653    28.6562    1458.56  0.000e+00
     14.494   67.90546 -168.17938     3.9669    28.6603    1458.57  0.000e+00
     14.609   67.90546 -168.17938     3.9685    28.6631    1458.58  0.000e+00
     14.555   67.90546 -168.17938     3.9707    28.6647    1458.59  0.000e+00
     14.609   67.90546 -168.17938     3.9724    28.6650    1458.60  0.000e+00
     14.640   67.90546 -168.17938     3.9737    28.6651    1458.61  0.000e+00
     14.609   67.90546 -168.17938     3.9752    28.6650    1458.61  0.000e+00
     14.671   67.90546 -168.17938     3.9762    28.6652    1458.62  0.000e+00
     14.671   67.90546 -168.17938     3.9771    28.6651    1458.62  0.000e+00
     14.725   67.90546 -168.17938     3.9778    28.6647    1458.63  0.000e+00
     14.694   67.90546 -168.17938     3.9782    28.6651    1458.63  0.000e+00
     14.787   67.90546 -168.17938     3.9788    28.6653    1458.63  0.000e+00
     14.725   67.90546 -168.17938     3.9793    28.6656    1458.63  0.000e+00
     14.787   67.90546 -168.17938     3.9796    28.6655    1458.64  0.000e+00
     14.841   67.90546 -168.17938     3.9799    28.6652    1458.64  0.000e+00
     14.810   67.90546 -168.17938     3.9802    28.6648    1458.64  0.000e+00
     14.841   67.90546 -168.17938     3.9802    28.6652    1458.64  0.000e+00
     14.895   67.90546 -168.17938     3.9802    28.6650    1458.64  0.000e+00
     14.895   67.90546 -168.17938     3.9807    28.6647    1458.64  0.000e+00
     14.864   67.90546 -168.17938     3.9802    28.6652    1458.64  0.000e+00
     14.895   67.90546 -168.17938     3.9806    28.6655    1458.64  0.000e+00
     14.956   67.90546 -168.17938     3.9806    28.6648    1458.64  0.000e+00
     14.956   67.90546 -168.17938     3.9805    28.6646    1458.64  0.000e+00
     15.010   67.90546 -168.17938     3.9807    28.6642    1458.64  0.000e+00
     14.925   67.90546 -168.17938     3.9805    28.6642    1458.64  0.000e+00
     15.072   67.90546 -168.17938     3.9806    28.6646    1458.64  0.000e+00
     14.956   67.90546 -168.17938     3.9804    28.6652    1458.64  0.000e+00
     15.072   67.90546 -168.17938     3.9807    28.6655    1458.65  0.000e+00
     15.072   67.90546 -168.17938     3.9809    28.6659    1458.65  0.000e+00
     15.041   67.90546 -168.17938     3.9810    28.6659    1458.65  0.000e+00
     15.072   67.90546 -168.17938     3.9810    28.6657    1458.65  0.000e+00
     15.126   67.90546 -168.17938     3.9812    28.6657    1458.65  0.000e+00
     15.126   67.90546 -168.17938     3.9810    28.6662    1458.65  0.000e+00
     15.149   67.90546 -168.17938     3.9814    28.6659    1458.65  0.000e+00
     15.126   67.90546 -168.17938     3.9814    28.6655    1458.65  0.000e+00
     15.188   67.90546 -168.17938     3.9814    28.6657    1458.65  0.000e+00
     15.188   67.90546 -168.17938     3.9814    28.6662    1458.65  0.000e+00
     15.187   67.90546 -168.17938     3.9815    28.6672    1458.65  0.000e+00
     15.265   67.90546 -168.17938     3.9817    28.6676    1458.66  0.000e+00
     15.187   67.90546 -168.17938     3.9821    28.6678    1458.66  0.000e+00
     15.295   67.90546 -168.17938     3.9821    28.6671    1458.66  0.000e+00
     15.241   67.90546 -168.17938     3.9821    28.6663    1458.66  0.000e+00
     15.265   67.90546 -168.17938     3.9821    28.6669    1458.66  0.000e+00
     15.295   67.90546 -168.17938     3.9823    28.6670    1458.66  0.000e+00
     15.357   67.90546 -168.17938     3.9823    28.6664    1458.66  0.000e+00
     15.295   67.90546 -168.17938     3.9825    28.6664    1458.66  0.000e+00
     15.357   67.90546 -168.17938     3.9825    28.6668    1458.66  0.000e+00
     15.380   67.90546 -168.17938     3.9821    28.6672    1458.66  0.000e+00
     15.357   67.90546 -168.17938     3.9825    28.6671    1458.66  0.000e+00
     15.411   67.90546 -168.17938     3.9825    28.6680    1458.66  0.000e+00
     15.411   67.90546 -168.17938     3.9826    28.6687    1458.66  0.000e+00
     15.357   67.90546 -168.17938     3.9829    28.6704    1458.67  0.000e+00
     15.496   67.90546 -168.17938     3.9836    28.6711    1458.67  0.000e+00
     15.473   67.90546 -168.17938     3.9842    28.6708    1458.67  0.000e+00
     15.473   67.90546 -168.17938     3.9847    28.6710    1458.68  0.000e+00
     15.527   67.90546 -168.17938     3.9850    28.6708    1458.68  0.000e+00
     15.496   67.90546 -168.17938     3.9853    28.6698    1458.68  0.000e+00
     15.527   67.90546 -168.17938     3.9853    28.6696    1458.68  0.000e+00
     15.588   67.90546 -168.17938     3.9853    28.6705    1458.68  0.000e+00
     15.527   67.90546 -168.17938     3.9855    28.6730    1458.68  0.000e+00
     15.611   67.90546 -168.17938     3.9864    28.6759    1458.69  0.000e+00
     15.588   67.90546 -168.17938     3.9872    28.6778    1458.70  0.000e+00
     15.642   67.90546 -168.17938     3.9885    28.6796    1458.71  0.000e+00
     15.642   67.90546 -168.17938     3.9894    28.6806    1458.71  0.000e+00
     15.696   67.90546 -168.17938     3.9902    28.6804    1458.71  0.000e+00
     15.665   67.90546 -168.17938     3.9910    28.6802    1458.72  0.000e+00
     15.696   67.90546 -168.17938     3.9918    28.6837    1458.73  0.000e+00
     15.758   67.90546 -168.17938     3.9928    28.6876    1458.74  0.000e+00
     15.696   67.90546 -168.17938     3.9943    28.6874    1458.74  0.000e+00
     15.781   67.90546 -168.17938     3.9951    28.6837    1458.74  0.000e+00
     15.812   67.90546 -168.17938     3.9955    28.6793    1458.74  0.000e+00
     15.758   67.90546 -168.17938     3.9951    28.6779    1458.73  0.000e+00
     15.874   67.90546 -168.17938     3.9949    28.6770    1458.73  0.000e+00
     15.758   67.90546 -168.17938     3.9943    28.6777    1458.73  0.000e+00
     15.951   67.90546 -168.17938     3.9943    28.6776    1458.73  0.000e+00
     15.874   67.90546 -168.17938     3.9943    28.6768    1458.73  0.000e+00
     15.928   67.90546 -168.17938     3.9941    28.6770    1458.73  0.000e+00
     15.928   67.90546 -168.17938     3.9938    28.6776    1458.73  0.000e+00
     15.897   67.90546 -168.17938     3.9935    28.6777    1458.73  0.000e+00
     16.043   67.90546 -168.17938     3.9936    28.6781    1458.73  0.000e+00
     15.981   67.90546 -168.17938     3.9934    28.6797    1458.73  0.000e+00
     15.981   67.90546 -168.17938     3.9938    28.6820    1458.74  0.000e+00
     16.066   67.90546 -168.17938     3.9943    28.6860    1458.75  0.000e+00
     16.043   67.90546 -168.17938     3.9949    28.6919    1458.76  0.000e+00
