EcoFOCI/data/1_SampleCollection/2023_SikuliaqDBO_CruiseData/CTD_raw_BottleFile_SKQ23-12S/proc/skq202312s_073svp.cnv
* Sea-Bird SBE 9 Data File:
* FileName = D:\CTD\SKQ202312S\SKQ202312S_073.hex
* Software Version Seasave V 7.26.7.121
* Temperature SN = 6177
* Conductivity SN = 0369
* Number of Bytes Per Scan = 41
* Number of Voltage Words = 4
* Number of Scans Averaged by the Deck Unit = 1
* NMEA Latitude = 67 54.34 N
* NMEA Longitude = 168 10.75 W
* NMEA UTC (Time) = Oct 01 2023  20:50:17
* NMEA baud rate = 4800
** Ship: R/V Sikuliaq
** Station Number: 073
** Station Name: C12
** Bottom Depth: 58
** Operator: SD
** Mooring C12
# nquan = 7
# nvalues = 4215                                  
# units = specified
# name 0 = depSM: Depth [salt water, m]
# name 1 = latitude: Latitude [deg]
# name 2 = longitude: Longitude [deg]
# name 3 = t090C: Temperature [ITS-90, deg C]
# name 4 = sal00: Salinity, Practical [PSU]
# name 5 = svCM: Sound Velocity [Chen-Millero, m/s]
# name 6 = flag:  0.000e+00
# span 0 =      2.262,     53.673                 
# span 1 =   67.90534,   67.90552                 
# span 2 = -168.17942, -168.17918                 
# span 3 =     2.6735,     4.8323                 
# span 4 =    28.4800,    32.5035                 
# span 5 =    1457.56,    1464.88                 
# span 6 = 0.0000e+00, 0.0000e+00                 
# interval = seconds: 0.0416667
# start_time = Oct 01 2023 20:53:49 [NMEA time, first data scan]
# bad_flag = -9.990e-29
*END*
[from data line 1026]
     16.097   67.90546 -168.17938     3.9982    28.6963    1458.78  0.000e+00
     16.128   67.90546 -168.17938     4.0001    28.6990    1458.79  0.000e+00
     16.159   67.90546 -168.17938     4.0021    28.7032    1458.80  0.000e+00
     16.159   67.90546 -168.17938     4.0044    28.7057    1458.82  0.000e+00
     16.213   67.90546 -168.17938     4.0066    28.7073    1458.83  0.000e+00
     16.236   67.90546 -168.17938     4.0086    28.7083    1458.84  0.000e+00
     16.213   67.90546 -168.17938     4.0103    28.7096    1458.85  0.000e+00
     16.274   67.90546 -168.17938     4.0121    28.7120    1458.86  0.000e+00
     16.274   67.90546 -168.17938     4.0134    28.7119    1458.86  0.000e+00
     16.328   67.90546 -168.17938     4.0146    28.7077    1458.86  0.000e+00
     16.298   67.90546 -168.17938     4.0151    28.7042    1458.86  0.000e+00
     16.328   67.90546 -168.17938     4.0151    28.7019    1458.86  0.000e+00
     16.382   67.90546 -168.17938     4.0152    28.6984    1458.86  0.000e+00
     16.382   67.90546 -168.17938     4.0148    28.6961    1458.85  0.000e+00
     16.413   67.90546 -168.17938     4.0140    28.6971    1458.85  0.000e+00
     16.498   67.90546 -168.17938     4.0137    28.6980    1458.85  0.000e+00
     16.444   67.90546 -168.17938     4.0134    28.6970    1458.85  0.000e+00
     16.498   67.90546 -168.17938     4.0130    28.6938    1458.84  0.000e+00
     16.467   67.90546 -168.17938     4.0121    28.6896    1458.83  0.000e+00
     16.560   67.90546 -168.17938     4.0109    28.6882    1458.83  0.000e+00
     16.560   67.90546 -168.17938     4.0094    28.6879    1458.82  0.000e+00
     16.560   67.90546 -168.17938     4.0082    28.6894    1458.82  0.000e+00
     16.637   67.90546 -168.17938     4.0075    28.6932    1458.82  0.000e+00
     16.614   67.90546 -168.17938     4.0075    28.6997    1458.83  0.000e+00
     16.614   67.90546 -168.17938     4.0083    28.7053    1458.84  0.000e+00
     16.675   67.90546 -168.17938     4.0099    28.7054    1458.85  0.000e+00
     16.699   67.90546 -168.17938     4.0110    28.7017    1458.85  0.000e+00
     16.783   67.90546 -168.17938     4.0112    28.6966    1458.84  0.000e+00
     16.675   67.90546 -168.17938     4.0108    28.6931    1458.83  0.000e+00
     16.783   67.90546 -168.17938     4.0100    28.6916    1458.83  0.000e+00
     16.814   67.90546 -168.17938     4.0094    28.6944    1458.83  0.000e+00
     16.783   67.90546 -168.17938     4.0094    28.7014    1458.84  0.000e+00
     16.899   67.90546 -168.17938     4.0104    28.7094    1458.86  0.000e+00
     16.845   67.90546 -168.17938     4.0119    28.7151    1458.87  0.000e+00
     16.868   67.90546 -168.17938     4.0143    28.7203    1458.89  0.000e+00
     16.899   67.90546 -168.17938     4.0177    28.7252    1458.91  0.000e+00
     16.961   67.90546 -168.17938     4.0208    28.7304    1458.93  0.000e+00
     16.899   67.90546 -168.17938     4.0234    28.7313    1458.94  0.000e+00
     16.984   67.90546 -168.17938     4.0261    28.7304    1458.95  0.000e+00
     17.015   67.90546 -168.17938     4.0279    28.7303    1458.96  0.000e+00
     17.015   67.90546 -168.17938     4.0296    28.7288    1458.97  0.000e+00
     17.014   67.90546 -168.17938     4.0307    28.7274    1458.97  0.000e+00
     17.038   67.90546 -168.17938     4.0318    28.7273    1458.97  0.000e+00
     17.076   67.90546 -168.17938     4.0325    28.7317    1458.98  0.000e+00
     17.130   67.90546 -168.17938     4.0337    28.7359    1458.99  0.000e+00
     17.130   67.90546 -168.17938     4.0351    28.7373    1459.00  0.000e+00
     17.153   67.90546 -168.17938     4.0367    28.7361    1459.01  0.000e+00
     17.130   67.90546 -168.17938     4.0375    28.7344    1459.01  0.000e+00
     17.184   67.90546 -168.17938     4.0383    28.7338    1459.01  0.000e+00
     17.215   67.90546 -168.17938     4.0389    28.7353    1459.02  0.000e+00
     17.184   67.90546 -168.17938     4.0392    28.7381    1459.02  0.000e+00
     17.246   67.90546 -168.17938     4.0400    28.7449    1459.03  0.000e+00
     17.300   67.90546 -168.17938     4.0417    28.7565    1459.06  0.000e+00
     17.269   67.90546 -168.17938     4.0444    28.7606    1459.07  0.000e+00
     17.300   67.90546 -168.17938     4.0471    28.7630    1459.09  0.000e+00
     17.300   67.90546 -168.17938     4.0496    28.7676    1459.10  0.000e+00
     17.361   67.90546 -168.17938     4.0521    28.7711    1459.12  0.000e+00
     17.331   67.90546 -168.17938     4.0550    28.7770    1459.14  0.000e+00
     17.415   67.90546 -168.17938     4.0574    28.7842    1459.16  0.000e+00
     17.415   67.90546 -168.17938     4.0605    28.7852    1459.18  0.000e+00
     17.361   67.90546 -168.17938     4.0631    28.7855    1459.19  0.000e+00
     17.438   67.90546 -168.17938     4.0656    28.7874    1459.20  0.000e+00
     17.477   67.90546 -168.17938     4.0676    28.7961    1459.22  0.000e+00
     17.477   67.90546 -168.17938     4.0698    28.8120    1459.25  0.000e+00
     17.477   67.90546 -168.17938     4.0733    28.8208    1459.28  0.000e+00
     17.500   67.90546 -168.17938     4.0771    28.8227    1459.30  0.000e+00
     17.531   67.90546 -168.17938     4.0806    28.8234    1459.31  0.000e+00
     17.531   67.90546 -168.17938     4.0837    28.8233    1459.32  0.000e+00
     17.554   67.90546 -168.17938     4.0861    28.8242    1459.34  0.000e+00
     17.531   67.90546 -168.17938     4.0878    28.8256    1459.34  0.000e+00
     17.585   67.90546 -168.17938     4.0894    28.8273    1459.35  0.000e+00
     17.647   67.90546 -168.17938     4.0911    28.8306    1459.37  0.000e+00
     17.616   67.90546 -168.17938     4.0926    28.8339    1459.38  0.000e+00
     17.585   67.90546 -168.17938     4.0941    28.8345    1459.38  0.000e+00
     17.701   67.90546 -168.17938     4.0956    28.8367    1459.39  0.000e+00
     17.647   67.90546 -168.17938     4.0967    28.8400    1459.40  0.000e+00
     17.670   67.90546 -168.17938     4.0981    28.8425    1459.41  0.000e+00
     17.700   67.90546 -168.17938     4.0992    28.8452    1459.42  0.000e+00
     17.762   67.90546 -168.17938     4.1003    28.8478    1459.43  0.000e+00
     17.646   67.90546 -168.17938     4.1017    28.8506    1459.44  0.000e+00
     17.785   67.90546 -168.17938     4.1025    28.8538    1459.45  0.000e+00
     17.816   67.90546 -168.17938     4.1035    28.8552    1459.45  0.000e+00
     17.762   67.90546 -168.17938     4.1040    28.8571    1459.46  0.000e+00
     17.785   67.90546 -168.17938     4.1045    28.8597    1459.46  0.000e+00
     17.816   67.90546 -168.17938     4.1045    28.8619    1459.47  0.000e+00
     17.816   67.90546 -168.17938     4.1046    28.8632    1459.47  0.000e+00
     17.878   67.90546 -168.17938     4.1045    28.8656    1459.47  0.000e+00
     17.839   67.90546 -168.17938     4.1048    28.8675    1459.48  0.000e+00
     17.932   67.90546 -168.17938     4.1045    28.8694    1459.48  0.000e+00
     17.878   67.90546 -168.17938     4.1043    28.8721    1459.48  0.000e+00
     17.901   67.90546 -168.17938     4.1045    28.8763    1459.49  0.000e+00
     17.932   67.90546 -168.17938     4.1045    28.8811    1459.49  0.000e+00
     17.986   67.90546 -168.17938     4.1048    28.8849    1459.50  0.000e+00
     17.986   67.90546 -168.17938     4.1046    28.8870    1459.50  0.000e+00
     17.955   67.90546 -168.17938     4.1049    28.8887    1459.50  0.000e+00
     17.986   67.90546 -168.17938     4.1051    28.8914    1459.51  0.000e+00
     18.047   67.90546 -168.17938     4.1054    28.8944    1459.52  0.000e+00
     18.047   67.90546 -168.17938     4.1057    28.8969    1459.52  0.000e+00
     18.016   67.90546 -168.17938     4.1061    28.8999    1459.53  0.000e+00
     18.101   67.90546 -168.17938     4.1068    28.9066    1459.54  0.000e+00
     18.101   67.90546 -168.17938     4.1082    28.9162    1459.56  0.000e+00
     18.070   67.90546 -168.17938     4.1106    28.9239    1459.58  0.000e+00
     18.101   67.90546 -168.17938     4.1131    28.9292    1459.59  0.000e+00
     18.163   67.90546 -168.17938     4.1158    28.9314    1459.61  0.000e+00
     18.163   67.90546 -168.17938     4.1180    28.9321    1459.62  0.000e+00
     18.186   67.90546 -168.17938     4.1196    28.9357    1459.63  0.000e+00
     18.217   67.90546 -168.17938     4.1221    28.9388    1459.65  0.000e+00
     18.217   67.90546 -168.17938     4.1248    28.9394    1459.66  0.000e+00
     18.186   67.90546 -168.17938     4.1273    28.9405    1459.67  0.000e+00
     18.278   67.90546 -168.17938     4.1296    28.9423    1459.68  0.000e+00
     18.278   67.90546 -168.17938     4.1318    28.9453    1459.70  0.000e+00
     18.332   67.90546 -168.17938     4.1346    28.9503    1459.72  0.000e+00
     18.240   67.90546 -168.17938     4.1386    28.9545    1459.74  0.000e+00
     18.386   67.90546 -168.17938     4.1430    28.9598    1459.76  0.000e+00
     18.332   67.90546 -168.17938     4.1481    28.9671    1459.79  0.000e+00
     18.355   67.90546 -168.17938     4.1539    28.9767    1459.83  0.000e+00
     18.386   67.90546 -168.17938     4.1615    28.9865    1459.88  0.000e+00
     18.448   67.90546 -168.17938     4.1704    28.9896    1459.92  0.000e+00
     18.386   67.90546 -168.17938     4.1785    28.9910    1459.95  0.000e+00
     18.471   67.90546 -168.17938     4.1862    28.9944    1459.99  0.000e+00
     18.502   67.90546 -168.17938     4.1945    29.0015    1460.04  0.000e+00
     18.502   67.90546 -168.17938     4.2043    29.0096    1460.09  0.000e+00
     18.471   67.90546 -168.17938     4.2140    29.0135    1460.13  0.000e+00
     18.564   67.90546 -168.17938     4.2232    29.0158    1460.18  0.000e+00
     18.564   67.90546 -168.17938     4.2331    29.0173    1460.22  0.000e+00
     18.618   67.90546 -168.17938     4.2425    29.0263    1460.27  0.000e+00
     18.641   67.90546 -168.17938     4.2534    29.0393    1460.34  0.000e+00
     18.617   67.90546 -168.17938     4.2658    29.0544    1460.41  0.000e+00
     18.679   67.90546 -168.17938     4.2795    29.0671    1460.48  0.000e+00
     18.641   67.90546 -168.17938     4.2943    29.0818    1460.56  0.000e+00
     18.733   67.90546 -168.17938     4.3101    29.0904    1460.64  0.000e+00
     18.733   67.90546 -168.17938     4.3256    29.0993    1460.72  0.000e+00
     18.787   67.90546 -168.17938     4.3412    29.1101    1460.80  0.000e+00
     18.756   67.90546 -168.17938     4.3570    29.1291    1460.89  0.000e+00
     18.787   67.90546 -168.17938     4.3768    29.1678    1461.02  0.000e+00
     18.849   67.90546 -168.17938     4.4058    29.2152    1461.20  0.000e+00
     18.872   67.90546 -168.17938     4.4429    29.2408    1461.39  0.000e+00
     18.903   67.90546 -168.17938     4.4800    29.2588    1461.57  0.000e+00
     18.903   67.90546 -168.17938     4.5156    29.2802    1461.75  0.000e+00
     18.964   67.90546 -168.17938     4.5505    29.2967    1461.92  0.000e+00
     18.987   67.90546 -168.17938     4.5842    29.3142    1462.08  0.000e+00
     18.964   67.90546 -168.17938     4.6181    29.3361    1462.25  0.000e+00
     19.080   67.90546 -168.17938     4.6519    29.3534    1462.41  0.000e+00
     19.041   67.90546 -168.17938     4.6855    29.3621    1462.56  0.000e+00
     19.080   67.90546 -168.17938     4.7167    29.3657    1462.70  0.000e+00
     19.080   67.90546 -168.17938     4.7448    29.3679    1462.82  0.000e+00
     19.157   67.90546 -168.17938     4.7690    29.3755    1462.93  0.000e+00
     19.188   67.90546 -168.17938     4.7898    29.3914    1463.04  0.000e+00
     19.134   67.90546 -168.17938     4.8086    29.4163    1463.15  0.000e+00
     19.250   67.90546 -168.17938     4.8246    29.4382    1463.24  0.000e+00
     19.211   67.90546 -168.17938     4.8323    29.4473    1463.28  0.000e+00
     19.304   67.90546 -168.17938     4.8273    29.4436    1463.26  0.000e+00
     19.250   67.90546 -168.17938     4.8111    29.4361    1463.18  0.000e+00
     19.327   67.90546 -168.17938     4.7844    29.4364    1463.07  0.000e+00
     19.365   67.90546 -168.17938     4.7493    29.4483    1462.94  0.000e+00
     19.365   67.90546 -168.17938     4.7100    29.4663    1462.80  0.000e+00
     19.388   67.90546 -168.17938     4.6691    29.4859    1462.66  0.000e+00
     19.481   67.90546 -168.17938     4.6274    29.5063    1462.51  0.000e+00
     19.419   67.90546 -168.17938     4.5861    29.5296    1462.37  0.000e+00
     19.504   67.90546 -168.17938     4.5481    29.5559    1462.25  0.000e+00
     19.535   67.90546 -168.17938     4.5156    29.5892    1462.15  0.000e+00
     19.535   67.90546 -168.17938     4.4900    29.6309    1462.10  0.000e+00
     19.535   67.90546 -168.17938     4.4705    29.6752    1462.07  0.000e+00
     19.612   67.90546 -168.17938     4.4561    29.7179    1462.07  0.000e+00
     19.589   67.90546 -168.17938     4.4454    29.7525    1462.07  0.000e+00
     19.650   67.90546 -168.17938     4.4369    29.7817    1462.07  0.000e+00
     19.674   67.90546 -168.17938     4.4282    29.8107    1462.07  0.000e+00
     19.704   67.90546 -168.17938     4.4177    29.8358    1462.06  0.000e+00
     19.704   67.90546 -168.17938     4.4070    29.8587    1462.05  0.000e+00
     19.727   67.90546 -168.17938     4.3965    29.8799    1462.03  0.000e+00
     19.766   67.90546 -168.17938     4.3858    29.9008    1462.01  0.000e+00
     19.766   67.90546 -168.17938     4.3761    29.9220    1462.00  0.000e+00
     19.843   67.90546 -168.17938     4.3666    29.9425    1461.99  0.000e+00
     19.820   67.90546 -168.17938     4.3574    29.9580    1461.97  0.000e+00
     19.882   67.90546 -168.17938     4.3500    29.9694    1461.95  0.000e+00
     19.843   67.90546 -168.17938     4.3440    29.9771    1461.94  0.000e+00
     19.936   67.90546 -168.17938     4.3377    29.9844    1461.92  0.000e+00
     19.936   67.90546 -168.17938     4.3322    29.9904    1461.91  0.000e+00
     19.959   67.90546 -168.17938     4.3271    29.9951    1461.89  0.000e+00
     19.990   67.90546 -168.17938     4.3226    30.0001    1461.88  0.000e+00
     20.051   67.90546 -168.17938     4.3186    30.0034    1461.87  0.000e+00
     19.989   67.90546 -168.17938     4.3149    30.0065    1461.85  0.000e+00
     20.128   67.90546 -168.17938     4.3117    30.0098    1461.85  0.000e+00
     20.051   67.90546 -168.17938     4.3083    30.0135    1461.84  0.000e+00
     20.105   67.90546 -168.17938     4.3041    30.0180    1461.83  0.000e+00
     20.128   67.90546 -168.17938     4.2987    30.0223    1461.81  0.000e+00
     20.167   67.90546 -168.17938     4.2926    30.0264    1461.79  0.000e+00
     20.105   67.90546 -168.17938     4.2852    30.0314    1461.76  0.000e+00
     20.190   67.90546 -168.17938     4.2774    30.0367    1461.74  0.000e+00
     20.221   67.90546 -168.17938     4.2689    30.0427    1461.71  0.000e+00
     20.221   67.90546 -168.17938     4.2602    30.0503    1461.68  0.000e+00
     20.244   67.90546 -168.17938     4.2519    30.0606    1461.66  0.000e+00
     20.282   67.90546 -168.17938     4.2452    30.0724    1461.65  0.000e+00
     20.221   67.90546 -168.17938     4.2396    30.0820    1461.64  0.000e+00
     20.298   67.90546 -168.17938     4.2354    30.0875    1461.63  0.000e+00
     20.390   67.90546 -168.17938     4.2317    30.0927    1461.62  0.000e+00
     20.282   67.90546 -168.17938     4.2278    30.0983    1461.61  0.000e+00
     20.359   67.90546 -168.17938     4.2243    30.1039    1461.60  0.000e+00
     20.390   67.90546 -168.17938     4.2216    30.1082    1461.60  0.000e+00
     20.390   67.90546 -168.17938     4.2190    30.1120    1461.59  0.000e+00
     20.413   67.90546 -168.17938     4.2165    30.1152    1461.59  0.000e+00
     20.452   67.90546 -168.17938     4.2146    30.1177    1461.58  0.000e+00
     20.390   67.90546 -168.17938     4.2130    30.1196    1461.58  0.000e+00
     20.475   67.90546 -168.17938     4.2117    30.1208    1461.58  0.000e+00
