EcoFOCI/data/1_SampleCollection/2023_SikuliaqDBO_CruiseData/CTD_raw_BottleFile_SKQ23-12S/proc/skq202312s_044.ros
* Sea-Bird SBE 9 Data File:
* FileName = D:\CTD\SKQ202312S\SKQ202312S_044.hex
* Software Version Seasave V 7.26.7.121
* Temperature SN = 6177
* Conductivity SN = 0369
* Number of Bytes Per Scan = 41
* Number of Voltage Words = 4
* Number of Scans Averaged by the Deck Unit = 1
* NMEA Latitude = 71 35.18 N
* NMEA Longitude = 161 23.69 W
* NMEA UTC (Time) = Sep 24 2023  08:13:31
* NMEA baud rate = 4800
** Ship: R/V Sikuliaq
** Station Number: 044
** Station Name: DBO4.4n
** Bottom Depth: 47
** Operator: SS
# nquan = 22
# nvalues = 931                                   
# units = specified
# name 0 = depSM: Depth [salt water, m]
# name 1 = latitude: Latitude [deg]
# name 2 = longitude: Longitude [deg]
# name 3 = prDM: Pressure, Digiquartz [db]
# name 4 = t090C: Temperature [ITS-90, deg C]
# name 5 = t190C: Temperature, 2 [ITS-90, deg C]
# name 6 = potemp090C: Potential Temperature [ITS-90, deg C]
# name 7 = sal00: Salinity, Practical [PSU]
# name 8 = sal11: Salinity, Practical, 2 [PSU]
# name 9 = density00: Density [density, kg/m^3]
# name 10 = sigma-é00: Density [sigma-theta, kg/m^3]
# name 11 = sbox0Mm/Kg: Oxygen, SBE 43 [umol/kg]
# name 12 = sbox1Mm/Kg: Oxygen, SBE 43, 2 [umol/kg]
# name 13 = oxsolMm/Kg: Oxygen Saturation, Garcia & Gordon [umol/kg]
# name 14 = sbeox0PS: Oxygen, SBE 43 [% saturation]
# name 15 = v0: Voltage 0
# name 16 = flECO-AFL: Fluorescence, WET Labs ECO-AFL/FL [mg/m^3]
# name 17 = CStarAt0: Beam Attenuation, WET Labs C-Star [1/m]
# name 18 = par: PAR/Irradiance, Biospherical/Licor
# name 19 = scan: Scan Count
# name 20 = nbf: Bottles Fired
# name 21 = flag:  0.000e+00
# interval = seconds: 0.0416667
# start_time = Sep 24 2023 08:17:11 [NMEA time, first data scan]
# bad_flag = -9.990e-29
*END*
[from data line 856]
      2.200   71.58582 -161.39666      2.223     1.9761     1.9776     1.9760    27.0633    27.0724  1021.6308    21.6202    343.149    326.783  351.57745     97.603     0.1856     0.7656     0.5975 9.2950e-01      25088         18  0.000e+00
      2.200   71.58582 -161.39666      2.223     1.9761     1.9777     1.9760    27.0634    27.0723  1021.6309    21.6202    343.156    326.962  351.57725     97.605     0.1893     0.7875     0.5975 1.0314e+00      25089         18  0.000e+00
      2.162   71.58582 -161.39666      2.184     1.9759     1.9774     1.9758    27.0634    27.0727  1021.6307    21.6203    343.162    326.957  351.57869     97.606     0.1868     0.7729     0.5975 6.6378e-01      25090         18  0.000e+00
      2.254   71.58582 -161.39666      2.277     1.9759     1.9775     1.9758    27.0633    27.0727  1021.6310    21.6202    343.173    326.927  351.57901     97.609     0.1868     0.7729     0.5975 3.5042e-01      25091         18  0.000e+00
      2.200   71.58582 -161.39666      2.223     1.9762     1.9776     1.9762    27.0632    27.0724  1021.6307    21.6201    343.408    326.890  351.57636     97.677     0.1868     0.7729     0.5975 2.9352e-01      25092         18  0.000e+00
      2.200   71.58582 -161.39666      2.223     1.9761     1.9774     1.9760    27.0632    27.0728  1021.6307    21.6201    343.220    326.880  351.57775     97.623     0.1880     0.7802     0.5975 3.3999e-01      25093         18  0.000e+00
      2.200   71.58582 -161.39666      2.223     1.9758     1.9777     1.9757    27.0634    27.0723  1021.6309    21.6203    343.227    326.867  351.58003     97.624     0.1868     0.7729     0.5975 4.3349e-01      25094         18  0.000e+00
      2.200   71.58582 -161.39666      2.223     1.9759     1.9776     1.9758    27.0633    27.0727  1021.6308    21.6202    343.231    326.855  351.57894     97.625     0.1868     0.7729     0.5975 4.6543e-01      25095         18  0.000e+00
      2.200   71.58582 -161.39666      2.223     1.9762     1.9777     1.9762    27.0634    27.0725  1021.6308    21.6202    343.232    326.841  351.57576     97.627     0.1880     0.7802     0.5963 4.1070e-01      25096         18  0.000e+00
      2.254   71.58582 -161.39666      2.278     1.9761     1.9777     1.9760    27.0634    27.0723  1021.6311    21.6203    343.241    326.619  351.57722     97.629     0.1868     0.7729     0.5975 2.7429e-01      25097         18  0.000e+00
      2.200   71.58582 -161.39666      2.223     1.9761     1.9777     1.9760    27.0636    27.0724  1021.6310    21.6204    343.162    326.577  351.57675     97.606     0.1880     0.7802     0.5975 2.3448e-01      25098         18  0.000e+00
      2.200   71.58582 -161.39666      2.223     1.9762     1.9777     1.9761    27.0635    27.0727  1021.6310    21.6204    343.162    326.745  351.57583     97.607     0.1868     0.7729     0.5975 2.6555e-01      25099         18  0.000e+00
      2.200   71.58582 -161.39666      2.223     1.9764     1.9777     1.9763    27.0634    27.0727  1021.6309    21.6202    343.163    326.756  351.57474     97.607     0.1868     0.7729     0.5951 5.2582e-01      25100         18  0.000e+00
      2.224   71.58582 -161.39666      2.247     1.9764     1.9777     1.9763    27.0635    27.0724  1021.6310    21.6203    343.165    326.768  351.57400     97.608     0.1868     0.7729     0.5927 6.9519e-01      25101         18  0.000e+00
      2.254   71.58582 -161.39666      2.278     1.9764     1.9778     1.9763    27.0634    27.0725  1021.6311    21.6203    343.168    326.543  351.57471     97.609     0.1868     0.7729     0.5915 7.0208e-01      25102         18  0.000e+00
      2.254   71.58582 -161.39666      2.278     1.9767     1.9779     1.9766    27.0631    27.0726  1021.6309    21.6200    343.167    326.710  351.57262     97.609     0.1868     0.7729     0.5927 6.2937e-01      25103         18  0.000e+00
      2.200   71.58582 -161.39666      2.223     1.9764     1.9780     1.9763    27.0634    27.0724  1021.6309    21.6202    343.128    326.481  351.57474     97.598     0.1880     0.7802     0.5927 5.9246e-01      25104         18  0.000e+00
      2.254   71.58582 -161.39666      2.278     1.9765     1.9780     1.9764    27.0632    27.0720  1021.6310    21.6201    343.130    326.442  351.57371     97.598     0.1880     0.7802     0.5927 5.8648e-01      25105         18  0.000e+00
      2.201   71.58582 -161.39666      2.223     1.9764     1.9777     1.9763    27.0634    27.0726  1021.6309    21.6202    343.128    326.399  351.57474     97.598     0.1868     0.7729     0.5927 3.2478e-01      25106         18  0.000e+00
      2.255   71.58582 -161.39666      2.278     1.9764     1.9776     1.9763    27.0635    27.0724  1021.6312    21.6203    343.171    326.361  351.57404     97.610     0.1880     0.7802     0.5927 2.0592e-01      25107         18  0.000e+00
      2.255   71.58582 -161.39666      2.278     1.9765     1.9772     1.9764    27.0636    27.0725  1021.6313    21.6204    343.171    326.322  351.57262     97.610     0.1868     0.7729     0.5927 1.9165e-01      25108         18  0.000e+00
      2.255   71.58582 -161.39666      2.278     1.9764     1.9769     1.9763    27.0637    27.0725  1021.6314    21.6205    343.174    326.309  351.57391     97.611     0.1880     0.7802     0.5927 2.6233e-01      25109         18  0.000e+00
      2.255   71.58582 -161.39666      2.278     1.9767     1.9768     1.9766    27.0635    27.0725  1021.6312    21.6203    343.173    326.296  351.57153     97.611     0.1868     0.7729     0.5927 3.3614e-01      25110         18  0.000e+00
      2.255   71.58582 -161.39666      2.278     1.9765     1.9759     1.9764    27.0637    27.0732  1021.6314    21.6205    343.135    326.498  351.57242     97.600     0.1880     0.7802     0.5927 3.5042e-01      25111         18  0.000e+00
      2.255   71.58582 -161.39666      2.278     1.9767     1.9761     1.9766    27.0638    27.0728  1021.6314    21.6205    343.133    326.482  351.57083     97.600     0.1832     0.7509     0.5927 4.9574e-01      25112         18  0.000e+00
      2.224   71.58582 -161.39666      2.247     1.9768     1.9765     1.9768    27.0632    27.0722  1021.6307    21.6200    343.132    326.489  351.57099     97.600     0.1709     0.6776     0.5927 7.7180e-01      25113         18  0.000e+00
      2.335   71.58582 -161.39666      2.359     1.9762     1.9787     1.9762    27.0632    27.0725  1021.6313    21.6201    342.684    326.386  351.57633     97.471     0.1624     0.6264     0.5915 3.3359e-01      25253         19  0.000e+00
      2.319   71.58582 -161.39666      2.343     1.9762     1.9788     1.9761    27.0631    27.0721  1021.6312    21.6200    342.688    326.171  351.57708     97.472     0.1624     0.6264     0.5915 3.4128e-01      25254         19  0.000e+00
      2.319   71.58582 -161.39666      2.343     1.9764     1.9789     1.9763    27.0633    27.0725  1021.6314    21.6202    342.690    326.139  351.57442     97.473     0.1624     0.6264     0.5915 3.4388e-01      25255         19  0.000e+00
      2.319   71.58582 -161.39666      2.343     1.9761     1.9790     1.9760    27.0634    27.0723  1021.6315    21.6203    342.699    326.112  351.57711     97.475     0.1636     0.6337     0.5915 3.7200e-01      25256         19  0.000e+00
      2.319   71.58582 -161.39666      2.343     1.9765     1.9792     1.9764    27.0628    27.0723  1021.6309    21.6197    342.705    326.084  351.57499     97.477     0.1624     0.6264     0.5915 4.9058e-01      25257         19  0.000e+00
      2.373   71.58582 -161.39666      2.398     1.9762     1.9793     1.9761    27.0635    27.0722  1021.6318    21.6203    342.952    326.063  351.57595     97.547     0.1636     0.6337     0.5915 5.4233e-01      25258         19  0.000e+00
      2.320   71.58582 -161.39666      2.343     1.9762     1.9794     1.9761    27.0632    27.0722  1021.6313    21.6201    342.765    326.038  351.57678     97.494     0.1624     0.6264     0.5915 5.1861e-01      25259         19  0.000e+00
      2.320   71.58582 -161.39666      2.343     1.9762     1.9794     1.9762    27.0631    27.0722  1021.6312    21.6200    342.776    325.784  351.57651     97.497     0.1636     0.6337     0.5915 3.8884e-01      25260         19  0.000e+00
      2.374   71.58582 -161.39666      2.398     1.9762     1.9792     1.9761    27.0634    27.0723  1021.6317    21.6202    342.792    325.955  351.57625     97.501     0.1624     0.6264     0.5915 3.3999e-01      25261         19  0.000e+00
      2.374   71.58582 -161.39666      2.398     1.9761     1.9793     1.9760    27.0632    27.0724  1021.6315    21.6201    342.808    325.939  351.57777     97.506     0.1636     0.6337     0.5878 3.4911e-01      25262         19  0.000e+00
      2.320   71.58582 -161.39666      2.344     1.9761     1.9795     1.9760    27.0633    27.0725  1021.6314    21.6202    342.821    325.921  351.57740     97.509     0.1624     0.6264     0.5866 6.7263e-01      25263         19  0.000e+00
      2.374   71.58582 -161.39666      2.398     1.9758     1.9793     1.9757    27.0636    27.0724  1021.6319    21.6204    342.844    325.916  351.57966     97.515     0.1624     0.6264     0.5866 9.5334e-01      25264         19  0.000e+00
      2.335   71.58582 -161.39666      2.359     1.9758     1.9791     1.9757    27.0636    27.0728  1021.6317    21.6204    342.628    325.906  351.57961     97.454     0.1636     0.6337     0.5866 9.8391e-01      25265         19  0.000e+00
      2.374   71.58582 -161.39666      2.398     1.9759     1.9795     1.9758    27.0636    27.0722  1021.6319    21.6204    342.846    325.899  351.57807     97.516     0.1612     0.6190     0.5866 4.9747e-01      25266         19  0.000e+00
      2.374   71.58582 -161.39666      2.398     1.9758     1.9794     1.9757    27.0635    27.0723  1021.6318    21.6203    342.832    325.896  351.57995     97.512     0.1624     0.6264     0.5866 2.9352e-01      25267         19  0.000e+00
      2.374   71.58582 -161.39666      2.398     1.9758     1.9792     1.9757    27.0634    27.0724  1021.6317    21.6202    342.856    325.895  351.58025     97.519     0.1612     0.6190     0.5866 2.6990e-01      25268         19  0.000e+00
      2.374   71.58582 -161.39666      2.398     1.9758     1.9794     1.9757    27.0634    27.0723  1021.6317    21.6202    342.882    325.894  351.58025     97.526     0.1612     0.6190     0.5866 4.0625e-01      25269         19  0.000e+00
      2.374   71.58582 -161.39666      2.398     1.9756     1.9792     1.9755    27.0635    27.0727  1021.6318    21.6204    342.911    325.897  351.58135     97.534     0.1612     0.6190     0.5866 5.8253e-01      25270         19  0.000e+00
      2.374   71.58582 -161.39666      2.398     1.9759     1.9791     1.9758    27.0632    27.0724  1021.6316    21.6201    342.938    325.903  351.57916     97.542     0.1612     0.6190     0.5866 6.2517e-01      25271         19  0.000e+00
      2.320   71.58582 -161.39666      2.344     1.9754     1.9791     1.9753    27.0634    27.0728  1021.6315    21.6203    342.971    325.906  351.58297     97.550     0.1612     0.6190     0.5866 6.2100e-01      25272         19  0.000e+00
      2.374   71.58582 -161.39666      2.398     1.9758     1.9795     1.9757    27.0633    27.0723  1021.6317    21.6202    342.962    325.914  351.58035     97.549     0.1612     0.6190     0.5866 6.2309e-01      25273         19  0.000e+00
      2.374   71.58582 -161.39666      2.398     1.9756     1.9799     1.9755    27.0635    27.0724  1021.6318    21.6204    342.955    325.712  351.58135     97.546     0.1624     0.6264     0.5866 6.2517e-01      25274         19  0.000e+00
      2.374   71.58582 -161.39666      2.398     1.9758     1.9797     1.9757    27.0635    27.0724  1021.6318    21.6204    343.027    325.911  351.57986     97.567     0.1612     0.6190     0.5866 6.3570e-01      25275         19  0.000e+00
      2.374   71.58582 -161.39666      2.398     1.9758     1.9794     1.9757    27.0632    27.0727  1021.6316    21.6201    343.022    325.720  351.58065     97.566     0.1624     0.6264     0.5866 6.5939e-01      25276         19  0.000e+00
      2.320   71.58582 -161.39666      2.344     1.9758     1.9788     1.9757    27.0633    27.0725  1021.6314    21.6202    343.015    325.717  351.58029     97.564     0.1612     0.6190     0.5866 6.6598e-01      25277         19  0.000e+00
      2.335   71.58582 -161.39666      2.359     1.9762     1.9783     1.9762    27.0631    27.0725  1021.6313    21.6200    343.047    325.719  351.57653     97.574     0.1624     0.6264     0.5866 5.9647e-01      25278         19  0.000e+00
      2.374   71.58582 -161.39666      2.398     1.9761     1.9779     1.9760    27.0631    27.0725  1021.6315    21.6200    343.047    325.725  351.57797     97.574     0.1612     0.6190     0.5866 4.2886e-01      25279         19  0.000e+00
      2.320   71.58582 -161.39666      2.344     1.9764     1.9778     1.9763    27.0632    27.0723  1021.6312    21.6200    342.804    325.726  351.57492     97.505     0.1612     0.6190     0.5866 3.7895e-01      25280         19  0.000e+00
      2.374   71.58582 -161.39666      2.398     1.9764     1.9776     1.9763    27.0635    27.0726  1021.6317    21.6203    343.000    325.946  351.57456     97.561     0.1612     0.6190     0.5866 3.5042e-01      25281         19  0.000e+00
      2.320   71.58582 -161.39666      2.344     1.9762     1.9778     1.9762    27.0631    27.0726  1021.6312    21.6200    342.997    325.975  351.57641     97.560     0.1612     0.6190     0.5939 2.2857e-01      25282         19  0.000e+00
      2.320   71.58582 -161.39666      2.344     1.9764     1.9776     1.9763    27.0630    27.0727  1021.6311    21.6199    342.995    326.013  351.57579     97.559     0.1624     0.6264     0.5987 1.8560e-01      25283         19  0.000e+00
      2.320   71.58582 -161.39666      2.344     1.9765     1.9780     1.9764    27.0633    27.0722  1021.6313    21.6201    342.991    326.048  351.57360     97.559     0.1612     0.6190     0.5999 1.9604e-01      25284         19  0.000e+00
      2.320   71.58582 -161.39666      2.344     1.9764     1.9779     1.9763    27.0634    27.0721  1021.6314    21.6202    343.225    326.090  351.57479     97.625     0.1624     0.6264     0.5999 3.8458e-01      25285         19  0.000e+00
      2.258   71.58582 -161.39666      2.282     1.9765     1.9778     1.9764    27.0632    27.0725  1021.6310    21.6201    343.023    325.893  351.57372     97.568     0.1612     0.6190     0.5987 5.2401e-01      25286         19  0.000e+00
      2.320   71.58582 -161.39666      2.344     1.9764     1.9782     1.9763    27.0634    27.0724  1021.6315    21.6203    343.063    325.886  351.57413     97.579     0.1624     0.6264     0.5987 5.3678e-01      25287         19  0.000e+00
      2.320   71.58582 -161.39666      2.344     1.9768     1.9780     1.9768    27.0628    27.0724  1021.6309    21.6197    343.140    325.882  351.57201     97.602     0.1612     0.6190     0.5987 5.1504e-01      25288         19  0.000e+00
      2.258   71.58582 -161.39666      2.282     1.9767     1.9779     1.9766    27.0630    27.0723  1021.6308    21.6199    343.140    325.877  351.57283     97.601     0.1612     0.6190     0.5999 5.0269e-01      25289         19  0.000e+00
      2.282   71.58582 -161.39666      2.305     1.9767     1.9778     1.9766    27.0632    27.0722  1021.6311    21.6201    343.142    325.878  351.57226     97.602     0.1612     0.6190     0.5999 5.0269e-01      25290         19  0.000e+00
      2.205   71.58582 -161.39666      2.227     1.9765     1.9779     1.9764    27.0630    27.0721  1021.6305    21.6199    343.143    325.875  351.57445     97.602     0.1661     0.6483     0.5987 3.6109e-01      25291         19  0.000e+00
