EcoFOCI/data/1_SampleCollection/2023_SikuliaqDBO_CruiseData/CTD_raw_BottleFile_SKQ23-12S/proc/skq202312s_013.cnv
* Sea-Bird SBE 9 Data File:
* FileName = D:\CTD\SKQ202312S\SKQ202312S_013.hex
* Software Version Seasave V 7.26.7.121
* Temperature SN = 6177
* Conductivity SN = 0369
* Number of Bytes Per Scan = 41
* Number of Voltage Words = 4
* Number of Scans Averaged by the Deck Unit = 1
* NMEA Latitude = 64 40.35 N
* NMEA Longitude = 170 15.80 W
* NMEA UTC (Time) = Sep 17 2023  06:56:27
* NMEA baud rate = 4800
** Ship: R/V Sikuliaq
** Station Number: 013
** Station Name: DBO2.0a
** Bottom Depth: 48
** Operator: SS
# nquan = 24
# nvalues = 5338                                  
# units = specified
# name 0 = depSM: Depth [salt water, m]
# name 1 = latitude: Latitude [deg]
# name 2 = longitude: Longitude [deg]
# name 3 = prDM: Pressure, Digiquartz [db]
# name 4 = t090C: Temperature [ITS-90, deg C]
# name 5 = t190C: Temperature, 2 [ITS-90, deg C]
# name 6 = potemp090C: Potential Temperature [ITS-90, deg C]
# name 7 = sal00: Salinity, Practical [PSU]
# name 8 = sal11: Salinity, Practical, 2 [PSU]
# name 9 = density00: Density [density, kg/m^3]
# name 10 = sigma-é00: Density [sigma-theta, kg/m^3]
# name 11 = sbox0Mm/Kg: Oxygen, SBE 43 [umol/kg]
# name 12 = sbox1Mm/Kg: Oxygen, SBE 43, 2 [umol/kg]
# name 13 = oxsolMm/Kg: Oxygen Saturation, Garcia & Gordon [umol/kg]
# name 14 = sbeox0PS: Oxygen, SBE 43 [% saturation]
# name 15 = sbeox1PS: Oxygen, SBE 43, 2 [% saturation]
# name 16 = v0: Voltage 0
# name 17 = flECO-AFL: Fluorescence, WET Labs ECO-AFL/FL [mg/m^3]
# name 18 = v1: Voltage 1
# name 19 = CStarAt0: Beam Attenuation, WET Labs C-Star [1/m]
# name 20 = par: PAR/Irradiance, Biospherical/Licor
# name 21 = scan: Scan Count
# name 22 = timeM: Time, Elapsed [minutes]
# name 23 = flag:  0.000e+00
# span 0 =      2.165,     42.804                 
# span 1 =   64.67240,   64.67252                 
# span 2 = -170.26266, -170.26226                 
# span 3 =      2.187,     43.232                 
# span 4 =     2.5407,     3.0979                 
# span 5 =     2.5418,     3.0987                 
# span 6 =     2.5405,     3.0965                 
# span 7 =    32.7071,    33.0540                 
# span 8 =    32.7177,    33.0637                 
# span 9 =  1026.1044,  1026.5316                 
# span 10 =    26.0933,    26.3296                
# span 11 =    216.324,    306.337                
# span 12 =    204.806,    292.701                
# span 13 =  326.60286,  331.97288                
# span 14 =     66.127,     92.339                
# span 15 =     62.613,     88.186                
# span 16 =     0.1868,     1.3614                
# span 17 =     0.7729,     7.8205                
# span 18 =     3.3993,     3.8181                
# span 19 =     0.8419,     1.3068                
# span 20 = 1.0000e-12, 4.9402e-01                
# span 21 =          1,       5338                
# span 22 =     0.0000,     3.7062                
# span 23 = 0.0000e+00, 0.0000e+00                
# interval = seconds: 0.0416667
# start_time = Sep 17 2023 07:00:46 [NMEA time, first data scan]
# bad_flag = -9.990e-29
*END*
[from data line 121]
      2.882   64.67242 -170.26266      2.910     2.5436     2.5441     2.5434    32.7081    32.7185  1026.1076    26.0939    305.467    291.279  331.94855     92.022     87.756     0.7863     4.3699     3.5507     1.1324 2.9352e-01        122     0.0840  0.000e+00
      2.882   64.67242 -170.26266      2.910     2.5432     2.5436     2.5430    32.7083    32.7187  1026.1078    26.0941    305.465    291.265  331.95110     92.021     87.751     0.7851     4.3626     3.5507     1.1324 2.8663e-01        123     0.0847  0.000e+00
      2.828   64.67242 -170.26266      2.856     2.5432     2.5439     2.5430    32.7081    32.7188  1026.1074    26.0939    305.459    291.268  331.95154     92.019     87.753     0.7863     4.3699     3.5495     1.1338 2.8323e-01        124     0.0854  0.000e+00
      2.766   64.67242 -170.26266      2.793     2.5432     2.5436     2.5431    32.7087    32.7188  1026.1075    26.0944    305.670    291.277  331.95012     92.083     87.755     0.7863     4.3699     3.5360     1.1490 2.8210e-01        125     0.0861  0.000e+00
      2.828   64.67242 -170.26266      2.856     2.5434     2.5438     2.5432    32.7085    32.7185  1026.1076    26.0942    305.482    291.094  331.94939     92.027     87.700     0.7863     4.3699     3.5275     1.1587 2.8323e-01        126     0.0868  0.000e+00
      2.766   64.67242 -170.26266      2.793     2.5435     2.5436     2.5434    32.7085    32.7187  1026.1074    26.0942    305.472    291.060  331.94787     92.024     87.689     0.7863     4.3699     3.5263     1.1601 2.8323e-01        127     0.0875  0.000e+00
      2.712   64.67242 -170.26266      2.739     2.5436     2.5439     2.5434    32.7090    32.7189  1026.1075    26.0946    305.462    291.024  331.94626     92.022     87.679     0.7863     4.3699     3.5275     1.1587 2.8323e-01        128     0.0882  0.000e+00
      2.712   64.67242 -170.26266      2.739     2.5437     2.5441     2.5435    32.7088    32.7191  1026.1073    26.0944    305.456    291.190  331.94595     92.020     87.730     0.7863     4.3699     3.5275     1.1587 2.9819e-01        129     0.0889  0.000e+00
      2.712   64.67242 -170.26266      2.739     2.5435     2.5441     2.5434    32.7091    32.7187  1026.1076    26.0947    305.451    291.210  331.94646     92.018     87.736     0.7851     4.3626     3.5275     1.1587 3.0887e-01        130     0.0896  0.000e+00
      2.658   64.67242 -170.26266      2.684     2.5435     2.5441     2.5434    32.7084    32.7186  1026.1067    26.0941    305.444    291.205  331.94824     92.016     87.734     0.7863     4.3699     3.5275     1.1587 3.1007e-01        131     0.0903  0.000e+00
      2.658   64.67242 -170.26266      2.684     2.5434     2.5442     2.5432    32.7082    32.7189  1026.1066    26.0940    305.440    291.202  331.94997     92.014     87.733     0.7851     4.3626     3.5275     1.1587 3.2229e-01        132     0.0910  0.000e+00
      2.596   64.67242 -170.26266      2.622     2.5434     2.5439     2.5432    32.7085    32.7192  1026.1065    26.0942    305.431    291.200  331.94938     92.011     87.733     0.7998     4.4505     3.5275     1.1587 3.3359e-01        133     0.0917  0.000e+00
      2.596   64.67242 -170.26266      2.622     2.5434     2.5441     2.5432    32.7084    32.7187  1026.1065    26.0941    305.462    291.200  331.94958     92.021     87.733     0.8120     4.5238     3.5275     1.1587 3.3486e-01        134     0.0924  0.000e+00
      2.596   64.67242 -170.26266      2.622     2.5434     2.5441     2.5433    32.7084    32.7187  1026.1065    26.0941    305.457    291.201  331.94907     92.019     87.733     0.8156     4.5458     3.5275     1.1587 3.1614e-01        135     0.0931  0.000e+00
      2.542   64.67242 -170.26266      2.567     2.5430     2.5439     2.5429    32.7087    32.7190  1026.1065    26.0944    305.453    291.201  331.95155     92.017     87.733     0.8156     4.5458     3.5275     1.1587 2.9468e-01        136     0.0938  0.000e+00
      2.596   64.67242 -170.26266      2.622     2.5430     2.5441     2.5429    32.7084    32.7187  1026.1065    26.0942    305.452    291.206  331.95214     92.017     87.734     0.8144     4.5384     3.5275     1.1587 2.8892e-01        137     0.0944  0.000e+00
      2.481   64.67242 -170.26266      2.505     2.5432     2.5441     2.5431    32.7084    32.7184  1026.1059    26.0941    305.441    291.205  331.95085     92.014     87.734     0.8144     4.5384     3.5275     1.1587 2.9468e-01        138     0.0951  0.000e+00
      2.481   64.67242 -170.26266      2.505     2.5430     2.5439     2.5429    32.7084    32.7182  1026.1060    26.0942    305.438    291.212  331.95218     92.013     87.736     0.8132     4.5311     3.5275     1.1587 3.0290e-01        139     0.0958  0.000e+00
      2.481   64.67242 -170.26266      2.505     2.5430     2.5439     2.5429    32.7086    32.7184  1026.1061    26.0943    305.433    291.218  331.95167     92.011     87.737     0.8144     4.5384     3.5275     1.1587 3.0528e-01        140     0.0965  0.000e+00
      2.481   64.67242 -170.26266      2.505     2.5430     2.5439     2.5429    32.7087    32.7189  1026.1062    26.0944    305.429    291.223  331.95157     92.010     87.739     0.8132     4.5311     3.5275     1.1587 3.0528e-01        141     0.0972  0.000e+00
      2.427   64.67242 -170.26266      2.451     2.5433     2.5439     2.5431    32.7087    32.7187  1026.1059    26.0944    305.420    291.229  331.94975     92.008     87.741     0.8144     4.5384     3.5275     1.1587 3.0647e-01        142     0.0979  0.000e+00
      2.427   64.67242 -170.26266      2.451     2.5430     2.5438     2.5429    32.7085    32.7187  1026.1058    26.0943    305.418    291.263  331.95190     92.007     87.751     0.8132     4.5311     3.5275     1.1587 3.0647e-01        143     0.0986  0.000e+00
      2.427   64.67242 -170.26266      2.451     2.5432     2.5436     2.5431    32.7083    32.7190  1026.1056    26.0940    305.412    291.299  331.95119     92.005     87.762     0.8144     4.5384     3.5275     1.1587 3.1128e-01        144     0.0993  0.000e+00
      2.373   64.67242 -170.26266      2.396     2.5429     2.5435     2.5428    32.7086    32.7195  1026.1056    26.0943    305.408    291.309  331.95305     92.003     87.765     0.8144     4.5384     3.5421     1.1421 3.3232e-01        145     0.1000  0.000e+00
      2.373   64.67242 -170.26266      2.396     2.5430     2.5438     2.5429    32.7084    32.7186  1026.1055    26.0942    305.402    291.322  331.95214     92.002     87.769     0.8132     4.5311     3.5592     1.1228 3.4128e-01        146     0.1007  0.000e+00
      2.373   64.67242 -170.26266      2.396     2.5429     2.5439     2.5428    32.7082    32.7184  1026.1053    26.0940    305.400    291.336  331.95398     92.001     87.773     0.8144     4.5384     3.5629     1.1187 3.4388e-01        147     0.1014  0.000e+00
      2.373   64.67242 -170.26266      2.396     2.5428     2.5438     2.5426    32.7086    32.7187  1026.1056    26.0943    305.395    291.352  331.95397     91.999     87.778     0.8132     4.5311     3.5617     1.1201 3.6516e-01        148     0.1021  0.000e+00
      2.311   64.67242 -170.26266      2.334     2.5429     2.5439     2.5428    32.7084    32.7184  1026.1051    26.0942    305.388    291.366  331.95359     91.997     87.782     0.8144     4.5384     3.5604     1.1215 3.7616e-01        149     0.1028  0.000e+00
      2.311   64.67242 -170.26266      2.334     2.5427     2.5438     2.5426    32.7086    32.7189  1026.1053    26.0943    305.384    291.383  331.95450     91.996     87.787     0.8132     4.5311     3.5604     1.1215 3.7755e-01        150     0.1035  0.000e+00
      2.311   64.67242 -170.26266      2.334     2.5429     2.5438     2.5428    32.7081    32.7188  1026.1049    26.0939    305.380    291.402  331.95430     91.994     87.793     0.8144     4.5384     3.5604     1.1215 3.9458e-01        151     0.1042  0.000e+00
      2.373   64.67242 -170.26266      2.396     2.5426     2.5439     2.5425    32.7087    32.7187  1026.1057    26.0944    305.379    291.398  331.95500     91.994     87.792     0.8144     4.5384     3.5604     1.1215 4.0625e-01        152     0.1049  0.000e+00
      2.257   64.67242 -170.26266      2.279     2.5427     2.5439     2.5426    32.7085    32.7187  1026.1050    26.0942    305.369    291.414  331.95474     91.991     87.797     0.8144     4.5384     3.5604     1.1215 4.0773e-01        153     0.1056  0.000e+00
      2.311   64.67242 -170.26266      2.334     2.5427     2.5438     2.5426    32.7084    32.7188  1026.1052    26.0942    305.367    291.437  331.95481     91.990     87.803     0.8156     4.5458     3.5604     1.1215 3.9602e-01        154     0.1063  0.000e+00
      2.311   64.67242 -170.26266      2.334     2.5427     2.5436     2.5425    32.7086    32.7194  1026.1053    26.0943    305.362    291.458  331.95491     91.989     87.810     0.8144     4.5384     3.5604     1.1215 3.8458e-01        155     0.1069  0.000e+00
      2.257   64.67242 -170.26266      2.279     2.5427     2.5439     2.5426    32.7083    32.7187  1026.1048    26.0941    305.393    291.453  331.95515     91.998     87.808     0.8144     4.5384     3.5604     1.1215 3.8316e-01        156     0.1076  0.000e+00
      2.334   64.67242 -170.26266      2.357     2.5426     2.5439     2.5425    32.7086    32.7186  1026.1054    26.0943    305.394    291.651  331.95535     91.998     87.868     0.8144     4.5384     3.5604     1.1215 3.8176e-01        157     0.1083  0.000e+00
      2.257   64.67242 -170.26266      2.279     2.5427     2.5438     2.5426    32.7081    32.7185  1026.1047    26.0939    305.388    291.670  331.95566     91.997     87.873     0.8071     4.4945     3.5604     1.1215 3.7895e-01        158     0.1090  0.000e+00
      2.311   64.67242 -170.26266      2.334     2.5426     2.5436     2.5425    32.7085    32.7188  1026.1052    26.0942    305.387    291.692  331.95563     91.996     87.880     0.7570     4.1941     3.5604     1.1215 3.7755e-01        159     0.1097  0.000e+00
      2.311   64.67242 -170.26266      2.334     2.5427     2.5438     2.5426    32.7084    32.7187  1026.1051    26.0941    305.383    291.512  331.95502     91.995     87.826     0.7375     4.0769     3.5604     1.1215 3.5840e-01        160     0.1104  0.000e+00
      2.311   64.67242 -170.26266      2.334     2.5427     2.5437     2.5426    32.7082    32.7188  1026.1050    26.0940    305.381    291.508  331.95543     91.995     87.825     0.7350     4.0623     3.5604     1.1215 3.2728e-01        161     0.1111  0.000e+00
      2.311   64.67242 -170.26266      2.334     2.5427     2.5436     2.5425    32.7085    32.7189  1026.1052    26.0943    305.415    291.700  331.95512     92.005     87.882     0.7375     4.0769     3.5604     1.1215 3.1859e-01        162     0.1118  0.000e+00
      2.257   64.67242 -170.26266      2.279     2.5429     2.5436     2.5428    32.7084    32.7192  1026.1049    26.0942    305.410    291.739  331.95351     92.004     87.894     0.7387     4.0842     3.5604     1.1215 3.2603e-01        163     0.1125  0.000e+00
      2.372   64.67242 -170.26266      2.396     2.5430     2.5438     2.5429    32.7084    32.7185  1026.1054    26.0941    305.411    291.785  331.95234     92.005     87.908     0.7387     4.0842     3.5604     1.1215 3.4128e-01        164     0.1132  0.000e+00
      2.372   64.67242 -170.26266      2.396     2.5430     2.5437     2.5429    32.7084    32.7187  1026.1055    26.0942    305.410    291.827  331.95214     92.004     87.921     0.7387     4.0842     3.5604     1.1215 3.4648e-01        165     0.1139  0.000e+00
      2.372   64.67242 -170.26266      2.396     2.5430     2.5436     2.5429    32.7083    32.7186  1026.1053    26.0940    305.189    291.869  331.95255     91.937     87.933     0.7375     4.0769     3.5580     1.1242 3.5042e-01        166     0.1146  0.000e+00
      2.372   64.67242 -170.26266      2.396     2.5432     2.5439     2.5431    32.7082    32.7187  1026.1052    26.0940    305.372    291.908  331.95142     91.993     87.946     0.7387     4.0842     3.5580     1.1242 3.5975e-01        167     0.1153  0.000e+00
      2.426   64.67242 -170.26266      2.450     2.5433     2.5439     2.5431    32.7082    32.7190  1026.1055    26.0940    305.373    291.927  331.95099     91.994     87.952     0.7375     4.0769     3.5592     1.1228 3.6380e-01        168     0.1160  0.000e+00
      2.372   64.67242 -170.26266      2.396     2.5430     2.5439     2.5429    32.7086    32.7189  1026.1056    26.0943    305.372    291.942  331.95162     91.993     87.956     0.7387     4.0842     3.5580     1.1242 3.6109e-01        169     0.1167  0.000e+00
      2.480   64.67242 -170.26266      2.505     2.5432     2.5442     2.5431    32.7085    32.7188  1026.1060    26.0942    305.375    292.156  331.95055     91.994     88.021     0.7375     4.0769     3.5592     1.1228 3.3742e-01        170     0.1174  0.000e+00
      2.426   64.67242 -170.26266      2.450     2.5432     2.5441     2.5431    32.7085    32.7188  1026.1058    26.0942    305.373    292.192  331.95057     91.994     88.031     0.7387     4.0842     3.5592     1.1228 3.2728e-01        171     0.1181  0.000e+00
      2.480   64.67242 -170.26266      2.505     2.5430     2.5442     2.5429    32.7084    32.7190  1026.1060    26.0942    305.377    292.227  331.95218     91.994     88.043     0.7399     4.0916     3.5580     1.1242 3.2853e-01        172     0.1187  0.000e+00
      2.480   64.67242 -170.26266      2.505     2.5434     2.5441     2.5432    32.7081    32.7191  1026.1057    26.0939    305.375    292.261  331.95035     91.994     88.052     0.7375     4.0769     3.5580     1.1242 3.7895e-01        173     0.1194  0.000e+00
      2.480   64.67242 -170.26266      2.505     2.5432     2.5442     2.5431    32.7084    32.7184  1026.1059    26.0941    305.413    292.292  331.95085     92.005     88.062     0.7387     4.0842     3.5592     1.1228 4.1219e-01        174     0.1201  0.000e+00
      2.542   64.67242 -170.26266      2.567     2.5433     2.5441     2.5431    32.7082    32.7188  1026.1060    26.0939    305.417    292.300  331.95104     92.007     88.064     0.7375     4.0769     3.5592     1.1228 4.1668e-01        175     0.1208  0.000e+00
      2.542   64.67242 -170.26266      2.567     2.5430     2.5441     2.5429    32.7082    32.7189  1026.1061    26.0940    305.420    292.301  331.95278     92.007     88.065     0.7387     4.0842     3.5592     1.1228 4.4764e-01        176     0.1215  0.000e+00
      2.542   64.67242 -170.26266      2.567     2.5432     2.5439     2.5431    32.7081    32.7193  1026.1060    26.0939    305.640    292.301  331.95166     92.074     88.064     0.7387     4.0842     3.5580     1.1242 4.7536e-01        177     0.1222  0.000e+00
      2.596   64.67242 -170.26266      2.622     2.5432     2.5439     2.5431    32.7079    32.7192  1026.1061    26.0937    305.459    292.324  331.95214     92.019     88.071     0.7387     4.0842     3.5592     1.1228 4.8039e-01        178     0.1229  0.000e+00
      2.596   64.67242 -170.26266      2.622     2.5430     2.5438     2.5429    32.7085    32.7189  1026.1066    26.0942    305.679    292.344  331.95193     92.085     88.077     0.7375     4.0769     3.5592     1.1228 4.8547e-01        179     0.1236  0.000e+00
      2.596   64.67242 -170.26266      2.622     2.5432     2.5439     2.5431    32.7086    32.7185  1026.1067    26.0943    305.492    292.360  331.95029     92.029     88.082     0.7387     4.0842     3.5592     1.1228 4.9230e-01        180     0.1243  0.000e+00
      2.658   64.67242 -170.26266      2.684     2.5432     2.5438     2.5431    32.7082    32.7186  1026.1066    26.0940    305.713    292.378  331.95130     92.096     88.087     0.7399     4.0916     3.5580     1.1242 4.9402e-01        181     0.1250  0.000e+00
