EcoFOCI/data/1_SampleCollection/2023_SikuliaqDBO_CruiseData/CTD_raw_BottleFile_SKQ23-12S/proc/skq202312s_007svp.cnv
* Sea-Bird SBE 9 Data File:
* FileName = D:\CTD\SKQ202312S\SKQ202312S_007.hex
* Software Version Seasave V 7.26.7.121
* Temperature SN = 6177
* Conductivity SN = 0369
* Number of Bytes Per Scan = 41
* Number of Voltage Words = 4
* Number of Scans Averaged by the Deck Unit = 1
* NMEA Latitude = 62 33.56 N
* NMEA Longitude = 173 33.01 W
* NMEA UTC (Time) = Sep 16 2023  04:45:18
* NMEA baud rate = 4800
** Ship: R/V Sikuliaq
** Station Number: 007
** Station Name: DBO1.6
** Bottom Depth: 65
** Operator: SD
# nquan = 7
# nvalues = 7575                                  
# units = specified
# name 0 = depSM: Depth [salt water, m]
# name 1 = latitude: Latitude [deg]
# name 2 = longitude: Longitude [deg]
# name 3 = t090C: Temperature [ITS-90, deg C]
# name 4 = sal00: Salinity, Practical [PSU]
# name 5 = svCM: Sound Velocity [Chen-Millero, m/s]
# name 6 = flag:  0.000e+00
# span 0 =      1.566,     60.986                 
# span 1 =   62.55918,   62.55922                 
# span 2 = -173.55038, -173.55032                 
# span 3 =    -1.5136,     7.6712                 
# span 4 =    31.0334,    31.9096                 
# span 5 =    1438.53,    1476.38                 
# span 6 = 0.0000e+00, 0.0000e+00                 
# interval = seconds: 0.0416667
# start_time = Sep 16 2023 04:49:28 [NMEA time, first data scan]
# bad_flag = -9.990e-29
*END*
[from data line 1847]
      9.950   62.55920 -173.55036     7.4792    31.1455    1475.86  0.000e+00
      9.981   62.55920 -173.55036     7.4801    31.1459    1475.87  0.000e+00
      9.981   62.55920 -173.55036     7.4802    31.1457    1475.87  0.000e+00
      9.981   62.55920 -173.55036     7.4797    31.1444    1475.87  0.000e+00
      9.981   62.55920 -173.55036     7.4790    31.1422    1475.86  0.000e+00
     10.035   62.55920 -173.55036     7.4721    31.1419    1475.83  0.000e+00
     10.035   62.55920 -173.55036     7.4621    31.1439    1475.80  0.000e+00
     10.011   62.55920 -173.55036     7.4559    31.1453    1475.78  0.000e+00
     10.035   62.55920 -173.55036     7.4542    31.1462    1475.77  0.000e+00
     10.035   62.55920 -173.55036     7.4571    31.1439    1475.78  0.000e+00
     10.035   62.55920 -173.55036     7.4568    31.1428    1475.78  0.000e+00
     10.096   62.55920 -173.55036     7.4524    31.1442    1475.76  0.000e+00
     10.096   62.55920 -173.55036     7.4492    31.1460    1475.75  0.000e+00
     10.065   62.55920 -173.55036     7.4486    31.1458    1475.75  0.000e+00
     10.096   62.55920 -173.55036     7.4485    31.1457    1475.75  0.000e+00
     10.096   62.55920 -173.55036     7.4478    31.1455    1475.75  0.000e+00
     10.096   62.55920 -173.55036     7.4463    31.1464    1475.74  0.000e+00
     10.150   62.55920 -173.55036     7.4457    31.1466    1475.74  0.000e+00
     10.150   62.55920 -173.55036     7.4446    31.1475    1475.74  0.000e+00
     10.096   62.55920 -173.55036     7.4434    31.1486    1475.73  0.000e+00
     10.181   62.55920 -173.55036     7.4432    31.1486    1475.73  0.000e+00
     10.150   62.55920 -173.55036     7.4434    31.1491    1475.73  0.000e+00
     10.150   62.55920 -173.55036     7.4435    31.1498    1475.74  0.000e+00
     10.212   62.55920 -173.55036     7.4434    31.1514    1475.74  0.000e+00
     10.150   62.55920 -173.55036     7.4430    31.1530    1475.74  0.000e+00
     10.212   62.55920 -173.55036     7.4430    31.1539    1475.74  0.000e+00
     10.212   62.55920 -173.55036     7.4432    31.1541    1475.74  0.000e+00
     10.181   62.55920 -173.55036     7.4436    31.1536    1475.74  0.000e+00
     10.212   62.55920 -173.55036     7.4438    31.1534    1475.74  0.000e+00
     10.266   62.55920 -173.55036     7.4436    31.1539    1475.74  0.000e+00
     10.212   62.55920 -173.55036     7.4438    31.1540    1475.74  0.000e+00
     10.212   62.55920 -173.55036     7.4445    31.1537    1475.75  0.000e+00
     10.266   62.55920 -173.55036     7.4442    31.1539    1475.75  0.000e+00
     10.297   62.55920 -173.55036     7.4440    31.1540    1475.75  0.000e+00
     10.266   62.55920 -173.55036     7.4436    31.1546    1475.74  0.000e+00
     10.212   62.55920 -173.55036     7.4432    31.1551    1475.74  0.000e+00
     10.320   62.55920 -173.55036     7.4434    31.1546    1475.74  0.000e+00
     10.266   62.55920 -173.55036     7.4432    31.1551    1475.74  0.000e+00
     10.266   62.55920 -173.55036     7.4431    31.1551    1475.74  0.000e+00
     10.320   62.55920 -173.55036     7.4433    31.1555    1475.74  0.000e+00
     10.297   62.55920 -173.55036     7.4433    31.1555    1475.74  0.000e+00
     10.266   62.55920 -173.55036     7.4437    31.1549    1475.74  0.000e+00
     10.320   62.55920 -173.55036     7.4438    31.1553    1475.75  0.000e+00
     10.320   62.55920 -173.55036     7.4442    31.1553    1475.75  0.000e+00
     10.320   62.55920 -173.55036     7.4444    31.1556    1475.75  0.000e+00
     10.320   62.55920 -173.55036     7.4451    31.1552    1475.75  0.000e+00
     10.297   62.55920 -173.55036     7.4453    31.1558    1475.75  0.000e+00
     10.320   62.55920 -173.55036     7.4455    31.1559    1475.75  0.000e+00
     10.320   62.55920 -173.55036     7.4458    31.1558    1475.75  0.000e+00
     10.320   62.55920 -173.55036     7.4460    31.1559    1475.76  0.000e+00
     10.320   62.55920 -173.55036     7.4466    31.1557    1475.76  0.000e+00
     10.381   62.55920 -173.55036     7.4463    31.1561    1475.76  0.000e+00
     10.320   62.55920 -173.55036     7.4466    31.1554    1475.76  0.000e+00
     10.350   62.55920 -173.55036     7.4467    31.1555    1475.76  0.000e+00
     10.320   62.55920 -173.55036     7.4472    31.1552    1475.76  0.000e+00
     10.381   62.55920 -173.55036     7.4473    31.1555    1475.76  0.000e+00
     10.320   62.55920 -173.55036     7.4474    31.1558    1475.76  0.000e+00
     10.381   62.55920 -173.55036     7.4483    31.1552    1475.76  0.000e+00
     10.320   62.55920 -173.55036     7.4491    31.1558    1475.77  0.000e+00
     10.350   62.55920 -173.55036     7.4502    31.1560    1475.77  0.000e+00
     10.381   62.55920 -173.55036     7.4513    31.1559    1475.78  0.000e+00
     10.319   62.55920 -173.55036     7.4527    31.1565    1475.78  0.000e+00
     10.381   62.55920 -173.55036     7.4535    31.1569    1475.79  0.000e+00
     10.381   62.55920 -173.55036     7.4545    31.1568    1475.79  0.000e+00
     10.319   62.55920 -173.55036     7.4550    31.1570    1475.79  0.000e+00
     10.350   62.55920 -173.55036     7.4556    31.1572    1475.80  0.000e+00
     10.381   62.55920 -173.55036     7.4563    31.1574    1475.80  0.000e+00
     10.319   62.55920 -173.55036     7.4568    31.1578    1475.80  0.000e+00
     10.381   62.55920 -173.55036     7.4572    31.1580    1475.80  0.000e+00
     10.381   62.55920 -173.55036     7.4576    31.1582    1475.80  0.000e+00
     10.319   62.55920 -173.55036     7.4582    31.1580    1475.81  0.000e+00
     10.381   62.55920 -173.55036     7.4585    31.1584    1475.81  0.000e+00
     10.350   62.55920 -173.55036     7.4590    31.1579    1475.81  0.000e+00
     10.381   62.55920 -173.55036     7.4592    31.1579    1475.81  0.000e+00
     10.319   62.55920 -173.55036     7.4597    31.1583    1475.81  0.000e+00
     10.381   62.55920 -173.55036     7.4598    31.1585    1475.81  0.000e+00
     10.319   62.55920 -173.55036     7.4602    31.1582    1475.81  0.000e+00
     10.381   62.55920 -173.55036     7.4602    31.1584    1475.81  0.000e+00
     10.350   62.55920 -173.55036     7.4606    31.1585    1475.82  0.000e+00
     10.319   62.55920 -173.55036     7.4610    31.1581    1475.82  0.000e+00
     10.381   62.55920 -173.55036     7.4610    31.1584    1475.82  0.000e+00
     10.319   62.55920 -173.55036     7.4616    31.1584    1475.82  0.000e+00
     10.381   62.55920 -173.55036     7.4621    31.1585    1475.82  0.000e+00
     10.319   62.55920 -173.55036     7.4624    31.1584    1475.82  0.000e+00
     10.381   62.55920 -173.55036     7.4627    31.1585    1475.82  0.000e+00
     10.350   62.55920 -173.55036     7.4629    31.1587    1475.83  0.000e+00
     10.381   62.55920 -173.55036     7.4632    31.1585    1475.83  0.000e+00
     10.319   62.55920 -173.55036     7.4634    31.1587    1475.83  0.000e+00
     10.381   62.55920 -173.55036     7.4637    31.1589    1475.83  0.000e+00
     10.319   62.55920 -173.55036     7.4637    31.1591    1475.83  0.000e+00
     10.381   62.55920 -173.55036     7.4639    31.1592    1475.83  0.000e+00
     10.350   62.55920 -173.55036     7.4640    31.1593    1475.83  0.000e+00
     10.319   62.55920 -173.55036     7.4641    31.1595    1475.83  0.000e+00
     10.381   62.55920 -173.55036     7.4640    31.1596    1475.83  0.000e+00
     10.381   62.55920 -173.55036     7.4639    31.1602    1475.83  0.000e+00
     10.319   62.55920 -173.55036     7.4642    31.1601    1475.83  0.000e+00
     10.381   62.55920 -173.55036     7.4640    31.1602    1475.83  0.000e+00
     10.381   62.55920 -173.55036     7.4641    31.1603    1475.83  0.000e+00
     10.350   62.55920 -173.55036     7.4643    31.1602    1475.83  0.000e+00
     10.381   62.55920 -173.55036     7.4647    31.1594    1475.83  0.000e+00
     10.381   62.55920 -173.55036     7.4650    31.1601    1475.84  0.000e+00
     10.319   62.55920 -173.55036     7.4656    31.1599    1475.84  0.000e+00
     10.435   62.55920 -173.55036     7.4663    31.1602    1475.84  0.000e+00
     10.381   62.55920 -173.55036     7.4671    31.1607    1475.84  0.000e+00
     10.350   62.55920 -173.55036     7.4684    31.1604    1475.85  0.000e+00
     10.381   62.55920 -173.55036     7.4698    31.1605    1475.85  0.000e+00
     10.381   62.55920 -173.55036     7.4716    31.1610    1475.86  0.000e+00
     10.381   62.55920 -173.55036     7.4730    31.1617    1475.87  0.000e+00
     10.435   62.55920 -173.55036     7.4747    31.1617    1475.88  0.000e+00
     10.435   62.55920 -173.55036     7.4758    31.1622    1475.88  0.000e+00
     10.404   62.55920 -173.55036     7.4745    31.1626    1475.88  0.000e+00
     10.435   62.55920 -173.55036     7.4710    31.1637    1475.86  0.000e+00
     10.381   62.55920 -173.55036     7.4699    31.1635    1475.86  0.000e+00
     10.435   62.55920 -173.55036     7.4723    31.1622    1475.87  0.000e+00
     10.435   62.55920 -173.55036     7.4739    31.1617    1475.87  0.000e+00
     10.496   62.55920 -173.55036     7.4741    31.1629    1475.88  0.000e+00
     10.435   62.55920 -173.55036     7.4761    31.1628    1475.88  0.000e+00
     10.519   62.55920 -173.55036     7.4776    31.1619    1475.89  0.000e+00
     10.496   62.55920 -173.55036     7.4782    31.1616    1475.89  0.000e+00
     10.496   62.55920 -173.55036     7.4773    31.1626    1475.89  0.000e+00
     10.496   62.55920 -173.55036     7.4771    31.1631    1475.89  0.000e+00
     10.550   62.55920 -173.55036     7.4782    31.1631    1475.89  0.000e+00
     10.496   62.55920 -173.55036     7.4792    31.1636    1475.90  0.000e+00
     10.519   62.55920 -173.55036     7.4801    31.1635    1475.90  0.000e+00
     10.550   62.55920 -173.55036     7.4804    31.1643    1475.90  0.000e+00
     10.612   62.55920 -173.55036     7.4814    31.1640    1475.91  0.000e+00
     10.550   62.55920 -173.55036     7.4825    31.1633    1475.91  0.000e+00
     10.550   62.55920 -173.55036     7.4830    31.1637    1475.91  0.000e+00
     10.612   62.55920 -173.55036     7.4825    31.1650    1475.91  0.000e+00
     10.635   62.55920 -173.55036     7.4835    31.1656    1475.92  0.000e+00
     10.612   62.55920 -173.55036     7.4856    31.1664    1475.93  0.000e+00
     10.666   62.55920 -173.55036     7.4870    31.1670    1475.93  0.000e+00
     10.612   62.55920 -173.55036     7.4872    31.1689    1475.94  0.000e+00
     10.720   62.55920 -173.55036     7.4888    31.1698    1475.95  0.000e+00
     10.666   62.55920 -173.55036     7.4911    31.1690    1475.95  0.000e+00
     10.612   62.55920 -173.55036     7.4915    31.1691    1475.95  0.000e+00
     10.805   62.55920 -173.55036     7.4924    31.1705    1475.96  0.000e+00
     10.720   62.55920 -173.55036     7.4951    31.1711    1475.97  0.000e+00
     10.720   62.55920 -173.55036     7.4977    31.1705    1475.98  0.000e+00
     10.782   62.55920 -173.55036     7.4989    31.1706    1475.99  0.000e+00
     10.720   62.55920 -173.55036     7.5001    31.1702    1475.99  0.000e+00
     10.836   62.55920 -173.55036     7.5006    31.1704    1475.99  0.000e+00
     10.751   62.55920 -173.55036     7.5014    31.1707    1476.00  0.000e+00
     10.897   62.55920 -173.55036     7.5024    31.1701    1476.00  0.000e+00
     10.782   62.55920 -173.55036     7.5030    31.1704    1476.00  0.000e+00
     10.897   62.55920 -173.55036     7.5040    31.1704    1476.01  0.000e+00
     10.836   62.55920 -173.55036     7.5044    31.1721    1476.01  0.000e+00
     10.897   62.55920 -173.55036     7.5069    31.1737    1476.02  0.000e+00
     10.920   62.55920 -173.55036     7.5090    31.1745    1476.03  0.000e+00
     10.897   62.55920 -173.55036     7.5109    31.1750    1476.04  0.000e+00
     10.951   62.55920 -173.55036     7.5129    31.1746    1476.05  0.000e+00
     10.951   62.55920 -173.55036     7.5141    31.1749    1476.05  0.000e+00
     11.005   62.55920 -173.55036     7.5151    31.1742    1476.06  0.000e+00
     11.005   62.55920 -173.55036     7.5156    31.1740    1476.06  0.000e+00
     10.982   62.55920 -173.55036     7.5163    31.1742    1476.06  0.000e+00
     11.067   62.55920 -173.55036     7.5170    31.1740    1476.07  0.000e+00
     11.005   62.55920 -173.55036     7.5182    31.1741    1476.07  0.000e+00
     11.067   62.55920 -173.55036     7.5187    31.1745    1476.07  0.000e+00
     11.067   62.55920 -173.55036     7.5195    31.1742    1476.08  0.000e+00
     11.152   62.55920 -173.55036     7.5196    31.1744    1476.08  0.000e+00
     11.121   62.55920 -173.55036     7.5203    31.1748    1476.08  0.000e+00
     11.121   62.55920 -173.55036     7.5208    31.1748    1476.08  0.000e+00
     11.183   62.55920 -173.55036     7.5211    31.1751    1476.08  0.000e+00
     11.183   62.55920 -173.55036     7.5213    31.1753    1476.09  0.000e+00
     11.183   62.55920 -173.55036     7.5219    31.1753    1476.09  0.000e+00
     11.206   62.55920 -173.55036     7.5221    31.1753    1476.09  0.000e+00
     11.237   62.55920 -173.55036     7.5223    31.1759    1476.09  0.000e+00
     11.237   62.55920 -173.55036     7.5226    31.1761    1476.09  0.000e+00
     11.183   62.55920 -173.55036     7.5230    31.1755    1476.09  0.000e+00
     11.352   62.55920 -173.55036     7.5228    31.1757    1476.09  0.000e+00
     11.298   62.55920 -173.55036     7.5231    31.1758    1476.09  0.000e+00
     11.321   62.55920 -173.55036     7.5235    31.1758    1476.10  0.000e+00
     11.352   62.55920 -173.55036     7.5236    31.1760    1476.10  0.000e+00
     11.352   62.55920 -173.55036     7.5236    31.1762    1476.10  0.000e+00
     11.406   62.55920 -173.55036     7.5239    31.1762    1476.10  0.000e+00
     11.406   62.55920 -173.55036     7.5239    31.1764    1476.10  0.000e+00
     11.406   62.55920 -173.55036     7.5241    31.1766    1476.10  0.000e+00
     11.437   62.55920 -173.55036     7.5244    31.1767    1476.10  0.000e+00
     11.406   62.55920 -173.55036     7.5246    31.1771    1476.10  0.000e+00
     11.468   62.55920 -173.55036     7.5248    31.1777    1476.11  0.000e+00
     11.468   62.55920 -173.55036     7.5252    31.1779    1476.11  0.000e+00
     11.522   62.55920 -173.55034     7.5252    31.1778    1476.11  0.000e+00
     11.491   62.55920 -173.55034     7.5254    31.1781    1476.11  0.000e+00
     11.522   62.55920 -173.55034     7.5257    31.1780    1476.11  0.000e+00
     11.522   62.55920 -173.55034     7.5257    31.1780    1476.11  0.000e+00
     11.584   62.55920 -173.55034     7.5259    31.1783    1476.11  0.000e+00
     11.584   62.55920 -173.55034     7.5257    31.1784    1476.11  0.000e+00
     11.584   62.55920 -173.55034     7.5262    31.1782    1476.11  0.000e+00
     11.607   62.55920 -173.55034     7.5260    31.1785    1476.11  0.000e+00
     11.638   62.55920 -173.55034     7.5260    31.1786    1476.12  0.000e+00
     11.637   62.55920 -173.55034     7.5264    31.1791    1476.12  0.000e+00
     11.637   62.55920 -173.55034     7.5264    31.1795    1476.12  0.000e+00
     11.699   62.55920 -173.55034     7.5267    31.1794    1476.12  0.000e+00
     11.668   62.55920 -173.55034     7.5267    31.1792    1476.12  0.000e+00
     11.699   62.55920 -173.55034     7.5267    31.1802    1476.12  0.000e+00
     11.699   62.55920 -173.55034     7.5272    31.1802    1476.12  0.000e+00
     11.753   62.55920 -173.55034     7.5272    31.1802    1476.12  0.000e+00
     11.699   62.55920 -173.55034     7.5275    31.1805    1476.12  0.000e+00
     11.753   62.55920 -173.55034     7.5277    31.1801    1476.13  0.000e+00
     11.784   62.55920 -173.55034     7.5278    31.1804    1476.13  0.000e+00
     11.753   62.55920 -173.55034     7.5278    31.1804    1476.13  0.000e+00
     11.753   62.55920 -173.55034     7.5282    31.1805    1476.13  0.000e+00
     11.807   62.55920 -173.55034     7.5280    31.1809    1476.13  0.000e+00
     11.807   62.55920 -173.55034     7.5282    31.1811    1476.13  0.000e+00
