EcoFOCI/data/1_SampleCollection/2023_SikuliaqDBO_CruiseData/CTD_raw_BottleFile_SKQ23-12S/proc/skq202312s_050.cnv
* Sea-Bird SBE 9 Data File:
* FileName = D:\CTD\SKQ202312S\SKQ202312S_050.hex
* Software Version Seasave V 7.26.7.121
* Temperature SN = 6177
* Conductivity SN = 0369
* Number of Bytes Per Scan = 41
* Number of Voltage Words = 4
* Number of Scans Averaged by the Deck Unit = 1
* NMEA Latitude = 70 34.79 N
* NMEA Longitude = 162 29.45 W
* NMEA UTC (Time) = Sep 26 2023  15:58:50
* NMEA baud rate = 4800
** Ship: R/V Sikuliaq
** Station Number: 050
** Station Name: IC11
** Bottom Depth: 38
** Operator: SD
# nquan = 24
# nvalues = 4614                                  
# units = specified
# name 0 = depSM: Depth [salt water, m]
# name 1 = latitude: Latitude [deg]
# name 2 = longitude: Longitude [deg]
# name 3 = prDM: Pressure, Digiquartz [db]
# name 4 = t090C: Temperature [ITS-90, deg C]
# name 5 = t190C: Temperature, 2 [ITS-90, deg C]
# name 6 = potemp090C: Potential Temperature [ITS-90, deg C]
# name 7 = sal00: Salinity, Practical [PSU]
# name 8 = sal11: Salinity, Practical, 2 [PSU]
# name 9 = density00: Density [density, kg/m^3]
# name 10 = sigma-é00: Density [sigma-theta, kg/m^3]
# name 11 = sbox0Mm/Kg: Oxygen, SBE 43 [umol/kg]
# name 12 = sbox1Mm/Kg: Oxygen, SBE 43, 2 [umol/kg]
# name 13 = oxsolMm/Kg: Oxygen Saturation, Garcia & Gordon [umol/kg]
# name 14 = sbeox0PS: Oxygen, SBE 43 [% saturation]
# name 15 = sbeox1PS: Oxygen, SBE 43, 2 [% saturation]
# name 16 = v0: Voltage 0
# name 17 = flECO-AFL: Fluorescence, WET Labs ECO-AFL/FL [mg/m^3]
# name 18 = v1: Voltage 1
# name 19 = CStarAt0: Beam Attenuation, WET Labs C-Star [1/m]
# name 20 = par: PAR/Irradiance, Biospherical/Licor
# name 21 = scan: Scan Count
# name 22 = timeM: Time, Elapsed [minutes]
# name 23 = flag:  0.000e+00
# span 0 =      2.851,     34.023                 
# span 1 =   70.57986,   70.58002                 
# span 2 = -162.49076, -162.49074                 
# span 3 =      2.880,     34.375                 
# span 4 =     5.4639,     7.5769                 
# span 5 =     5.4654,     7.5814                 
# span 6 =     5.4623,     7.5751                 
# span 7 =    28.5417,    30.9913                 
# span 8 =    28.5550,    31.0027                 
# span 9 =  1022.4049,  1024.5482                 
# span 10 =    22.3910,    24.3894                
# span 11 =    182.588,    292.809                
# span 12 =    173.490,    274.524                
# span 13 =  299.45973,  314.40966                
# span 14 =     58.204,     94.299                
# span 15 =     55.298,     88.360                
# span 16 =     0.0781,     0.2161                
# span 17 =     0.1209,     0.9487                
# span 18 =     2.4799,     4.1111                
# span 19 =     0.5460,     2.5688                
# span 20 = 1.0000e-12, 9.5033e-01                
# span 21 =          1,       4614                
# span 22 =     0.0000,     3.2035                
# span 23 = 0.0000e+00, 0.0000e+00                
# interval = seconds: 0.0416667
# start_time = Sep 26 2023 16:02:32 [NMEA time, first data scan]
# bad_flag = -9.990e-29
*END*
[from data line 423]
      3.444   70.57988 -162.49076      3.480     6.5451     6.5428     6.5448    28.5450    28.5557  1022.4098    22.3937    292.296    272.090  310.97219     93.994     87.499     0.1966     0.8315     4.0403     0.6156 5.0269e-01        424     0.2938  0.000e+00
      3.391   70.57988 -162.49076      3.425     6.5451     6.5422     6.5448    28.5454    28.5562  1022.4099    22.3940    292.295    272.274  310.97124     93.994     87.557     0.1954     0.8242     4.0415     0.6144 5.0972e-01        425     0.2944  0.000e+00
      3.391   70.57988 -162.49076      3.425     6.5451     6.5427     6.5449    28.5452    28.5561  1022.4097    22.3939    292.495    272.132  310.97122     94.059     87.512     0.1966     0.8315     4.0403     0.6156 5.4420e-01        426     0.2951  0.000e+00
      3.444   70.57988 -162.49076      3.480     6.5449     6.5435     6.5447    28.5451    28.5564  1022.4099    22.3938    292.330    272.331  310.97292     94.005     87.578     0.1954     0.8242     4.0415     0.6144 5.5927e-01        427     0.2958  0.000e+00
      3.391   70.57988 -162.49076      3.425     6.5450     6.5441     6.5447    28.5452    28.5566  1022.4097    22.3939    292.526    272.348  310.97235     94.068     87.585     0.1954     0.8242     4.0403     0.6156 5.6501e-01        428     0.2965  0.000e+00
      3.444   70.57988 -162.49076      3.480     6.5449     6.5438     6.5447    28.5450    28.5565  1022.4098    22.3937    292.359    272.395  310.97333     94.014     87.599     0.1954     0.8242     4.0415     0.6144 6.1068e-01        429     0.2972  0.000e+00
      3.391   70.57988 -162.49076      3.425     6.5449     6.5430     6.5447    28.5446    28.5558  1022.4093    22.3934    292.527    272.424  310.97409     94.068     87.607     0.1954     0.8242     4.0403     0.6156 6.3783e-01        430     0.2979  0.000e+00
      3.421   70.57988 -162.49076      3.456     6.5448     6.5420     6.5445    28.5441    28.5556  1022.4090    22.3930    292.555    272.475  310.97640     94.076     87.621     0.1954     0.8242     4.0403     0.6156 6.3570e-01        431     0.2986  0.000e+00
      3.391   70.57988 -162.49076      3.425     6.5446     6.5417     6.5444    28.5437    28.5558  1022.4086    22.3927    292.382    272.501  310.97849     94.020     87.629     0.1966     0.8315     4.0403     0.6156 4.6215e-01        432     0.2993  0.000e+00
      3.444   70.57988 -162.49076      3.480     6.5438     6.5413     6.5435    28.5435    28.5556  1022.4087    22.3926    292.161    272.532  310.98483     93.947     87.638     0.1954     0.8242     4.0415     0.6144 3.6925e-01        433     0.3000  0.000e+00
      3.391   70.57988 -162.49076      3.425     6.5437     6.5411     6.5434    28.5436    28.5561  1022.4086    22.3927    292.525    272.735  310.98575     94.064     87.703     0.1954     0.8242     4.0415     0.6144 3.5840e-01        434     0.3007  0.000e+00
      3.444   70.57988 -162.49076      3.480     6.5433     6.5409     6.5430    28.5439    28.5560  1022.4091    22.3930    292.552    272.780  310.98754     94.072     87.717     0.1954     0.8242     4.0415     0.6144 3.3999e-01        435     0.3014  0.000e+00
      3.391   70.57988 -162.49076      3.425     6.5430     6.5406     6.5427    28.5445    28.5561  1022.4094    22.3935    292.374    272.822  310.98829     94.015     87.730     0.1954     0.8242     4.0415     0.6144 3.2229e-01        436     0.3021  0.000e+00
      3.444   70.57988 -162.49076      3.480     6.5432     6.5404     6.5429    28.5453    28.5560  1022.4103    22.3941    292.595    272.866  310.98541     94.086     87.744     0.1954     0.8242     4.0415     0.6144 3.1859e-01        437     0.3028  0.000e+00
      3.391   70.57988 -162.49076      3.425     6.5435     6.5404     6.5432    28.5464    28.5558  1022.4108    22.3949    292.609    272.905  310.98036     94.093     87.756     0.1966     0.8315     4.0415     0.6144 3.1370e-01        438     0.3035  0.000e+00
      3.444   70.57988 -162.49076      3.480     6.5442     6.5404     6.5439    28.5470    28.5559  1022.4114    22.3953    292.597    272.946  310.97428     94.090     87.769     0.1954     0.8242     4.0415     0.6144 3.0767e-01        439     0.3042  0.000e+00
      3.444   70.57988 -162.49076      3.480     6.5448     6.5406     6.5445    28.5471    28.5556  1022.4115    22.3954    292.413    272.984  310.96949     94.033     87.782     0.1954     0.8242     4.0415     0.6144 3.0528e-01        440     0.3049  0.000e+00
      3.391   70.57988 -162.49076      3.425     6.5452     6.5406     6.5450    28.5459    28.5560  1022.4102    22.3944    292.400    273.001  310.96896     94.029     87.787     0.1954     0.8242     4.0415     0.6144 3.0054e-01        441     0.3056  0.000e+00
      3.444   70.57988 -162.49076      3.480     6.5454     6.5411     6.5452    28.5437    28.5557  1022.4087    22.3926    292.595    273.037  310.97267     94.090     87.800     0.1954     0.8242     4.0415     0.6144 2.9121e-01        442     0.3063  0.000e+00
      3.444   70.57988 -162.49076      3.480     6.5445     6.5412     6.5442    28.5426    28.5559  1022.4080    22.3919    292.395    273.071  310.98205     94.023     87.811     0.1966     0.8315     4.0415     0.6144 2.8892e-01        443     0.3069  0.000e+00
      3.390   70.57988 -162.49076      3.425     6.5438     6.5422     6.5435    28.5430    28.5560  1022.4081    22.3922    292.781    273.079  310.98600     94.146     87.816     0.1954     0.8242     4.0415     0.6144 3.2229e-01        444     0.3076  0.000e+00
      3.390   70.57988 -162.49076      3.425     6.5432     6.5431     6.5429    28.5437    28.5559  1022.4088    22.3929    292.628    273.266  310.98903     94.096     87.878     0.1954     0.8242     4.0415     0.6144 4.1970e-01        445     0.3083  0.000e+00
      3.444   70.57988 -162.49076      3.480     6.5433     6.5435     6.5430    28.5442    28.5560  1022.4094    22.3932    292.641    273.117  310.98688     94.101     87.831     0.1941     0.8168     4.0415     0.6144 4.5566e-01        446     0.3090  0.000e+00
      3.444   70.57988 -162.49076      3.480     6.5432     6.5433     6.5429    28.5443    28.5564  1022.4094    22.3933    292.455    273.129  310.98742     94.041     87.834     0.1954     0.8242     4.0415     0.6144 4.3349e-01        447     0.3097  0.000e+00
      3.390   70.57988 -162.49076      3.425     6.5432     6.5431     6.5429    28.5441    28.5565  1022.4091    22.3932    292.437    273.137  310.98813     94.035     87.837     0.1954     0.8242     4.0415     0.6144 3.4911e-01        448     0.3104  0.000e+00
      3.444   70.57988 -162.49076      3.480     6.5430     6.5435     6.5427    28.5440    28.5565  1022.4092    22.3931    292.623    272.966  310.98957     94.094     87.782     0.1954     0.8242     4.0415     0.6144 3.1859e-01        449     0.3111  0.000e+00
      3.444   70.57988 -162.49076      3.480     6.5430     6.5438     6.5427    28.5443    28.5564  1022.4095    22.3933    292.632    273.133  310.98891     94.097     87.837     0.1941     0.8168     4.0415     0.6144 3.2478e-01        450     0.3118  0.000e+00
      3.367   70.57988 -162.49076      3.402     6.5427     6.5436     6.5424    28.5449    28.5562  1022.4096    22.3939    292.442    273.137  310.98964     94.036     87.838     0.1954     0.8242     4.0415     0.6144 3.7477e-01        451     0.3125  0.000e+00
      3.444   70.57988 -162.49076      3.480     6.5430     6.5431     6.5427    28.5450    28.5559  1022.4100    22.3939    292.622    273.149  310.98720     94.094     87.840     0.1954     0.8242     4.0415     0.6144 4.0184e-01        452     0.3132  0.000e+00
      3.444   70.57988 -162.49076      3.480     6.5429     6.5428     6.5426    28.5455    28.5558  1022.4104    22.3943    292.630    272.975  310.98728     94.097     87.784     0.1954     0.8242     4.0415     0.6144 4.0625e-01        453     0.3139  0.000e+00
      3.390   70.57988 -162.49076      3.425     6.5433     6.5428     6.5430    28.5457    28.5560  1022.4103    22.3944    292.631    273.118  310.98340     94.098     87.829     0.1941     0.8168     4.0427     0.6131 4.7203e-01        454     0.3146  0.000e+00
      3.444   70.57988 -162.49076      3.480     6.5435     6.5428     6.5432    28.5465    28.5562  1022.4112    22.3950    292.437    273.119  310.98009     94.037     87.830     0.1954     0.8242     4.0415     0.6144 5.1682e-01        455     0.3153  0.000e+00
      3.390   70.57988 -162.49076      3.425     6.5443     6.5427     6.5440    28.5463    28.5562  1022.4107    22.3948    292.606    272.938  310.97500     94.093     87.771     0.1941     0.8168     4.0427     0.6131 5.2401e-01        456     0.3160  0.000e+00
      3.444   70.57988 -162.49076      3.480     6.5446     6.5428     6.5444    28.5459    28.5558  1022.4105    22.3944    292.017    273.098  310.97348     93.904     87.823     0.1954     0.8242     4.0415     0.6144 3.8599e-01        457     0.3167  0.000e+00
      3.444   70.57988 -162.49076      3.480     6.5448     6.5427     6.5445    28.5443    28.5557  1022.4093    22.3932    292.537    272.917  310.97586     94.071     87.764     0.1941     0.8168     4.0415     0.6144 3.0054e-01        458     0.3174  0.000e+00
      3.444   70.57988 -162.49076      3.480     6.5443     6.5425     6.5440    28.5432    28.5560  1022.4085    22.3924    292.549    273.074  310.98207     94.073     87.815     0.1954     0.8242     4.0415     0.6144 2.8777e-01        459     0.3181  0.000e+00
      3.390   70.57988 -162.49076      3.425     6.5435     6.5423     6.5432    28.5429    28.5562  1022.4081    22.3922    292.360    273.067  310.98828     94.010     87.812     0.1941     0.8168     4.0427     0.6131 2.7319e-01        460     0.3187  0.000e+00
      3.506   70.57988 -162.49076      3.542     6.5430     6.5422     6.5427    28.5429    28.5560  1022.4087    22.3923    292.544    272.886  310.99200     94.068     87.754     0.1954     0.8242     4.0415     0.6144 2.5701e-01        461     0.3194  0.000e+00
      3.390   70.57988 -162.49076      3.425     6.5424     6.5420     6.5421    28.5444    28.5559  1022.4094    22.3935    292.544    273.017  310.99300     94.068     87.796     0.1929     0.8095     4.0415     0.6144 2.5281e-01        462     0.3201  0.000e+00
      3.444   70.57988 -162.49076      3.480     6.5427     6.5414     6.5424    28.5452    28.5559  1022.4102    22.3941    292.347    272.834  310.98907     94.005     87.735     0.1954     0.8242     4.0427     0.6131 2.9006e-01        463     0.3208  0.000e+00
      3.444   70.57988 -162.49076      3.480     6.5430     6.5412     6.5427    28.5451    28.5559  1022.4102    22.3940    292.348    272.807  310.98687     94.006     87.726     0.1941     0.8168     4.0427     0.6131 3.5440e-01        464     0.3215  0.000e+00
      3.506   70.57988 -162.49076      3.542     6.5430     6.5414     6.5427    28.5446    28.5559  1022.4100    22.3936    292.327    272.778  310.98824     93.999     87.717     0.1954     0.8242     4.0415     0.6144 3.7339e-01        465     0.3222  0.000e+00
      3.444   70.57988 -162.49076      3.480     6.5430     6.5417     6.5427    28.5444    28.5560  1022.4096    22.3934    292.499    272.742  310.98859     94.055     87.707     0.1941     0.8168     4.0415     0.6144 4.1668e-01        466     0.3229  0.000e+00
      3.444   70.57988 -162.49076      3.480     6.5430     6.5419     6.5427    28.5442    28.5557  1022.4094    22.3933    292.502    272.890  310.98900     94.055     87.754     0.1954     0.8242     4.0415     0.6144 5.3863e-01        467     0.3236  0.000e+00
      3.506   70.57988 -162.49076      3.542     6.5430     6.5419     6.5427    28.5443    28.5560  1022.4098    22.3934    292.307    272.876  310.98881     93.993     87.750     0.1941     0.8168     4.0415     0.6144 5.8451e-01        468     0.3243  0.000e+00
      3.444   70.57988 -162.49076      3.480     6.5429     6.5415     6.5426    28.5447    28.5556  1022.4099    22.3937    292.279    272.682  310.98891     93.984     87.687     0.1954     0.8242     4.0415     0.6144 5.2763e-01        469     0.3250  0.000e+00
      3.475   70.57988 -162.49076      3.511     6.5429     6.5415     6.5426    28.5442    28.5557  1022.4096    22.3933    292.452    272.648  310.99016     94.039     87.676     0.1954     0.8242     4.0415     0.6144 3.6380e-01        470     0.3257  0.000e+00
      3.506   70.57988 -162.49076      3.542     6.5427     6.5415     6.5424    28.5449    28.5557  1022.4103    22.3939    292.255    272.613  310.98970     93.976     87.665     0.1954     0.8242     4.0415     0.6144 3.1249e-01        471     0.3264  0.000e+00
      3.444   70.57988 -162.49076      3.480     6.5432     6.5412     6.5429    28.5476    28.5559  1022.4121    22.3959    292.414    272.576  310.98018     94.030     87.652     0.1954     0.8242     4.0415     0.6144 3.0887e-01        472     0.3271  0.000e+00
      3.560   70.57988 -162.49076      3.597     6.5446     6.5415     6.5443    28.5494    28.5556  1022.4138    22.3972    292.402    272.542  310.96543     94.031     87.641     0.1954     0.8242     4.0403     0.6156 2.9006e-01        473     0.3278  0.000e+00
      3.506   70.57988 -162.49076      3.542     6.5460     6.5415     6.5458    28.5495    28.5559  1022.4135    22.3971    292.189    272.699  310.95495     93.965     87.692     0.1954     0.8242     4.0391     0.6168 2.8323e-01        474     0.3285  0.000e+00
      3.506   70.57988 -162.49076      3.542     6.5466     6.5415     6.5463    28.5473    28.5559  1022.4117    22.3953    292.387    272.678  310.95625     94.028     87.685     0.1954     0.8242     4.0391     0.6168 2.7985e-01        475     0.3292  0.000e+00
      3.560   70.57988 -162.49076      3.597     6.5466     6.5414     6.5463    28.5442    28.5558  1022.4095    22.3929    292.393    272.677  310.96332     94.028     87.685     0.1966     0.8315     4.0391     0.6168 2.5385e-01        476     0.3299  0.000e+00
      3.506   70.57988 -162.49076      3.542     6.5456     6.5411     6.5453    28.5424    28.5557  1022.4079    22.3915    292.428    272.673  310.97453     94.036     87.683     0.1954     0.8242     4.0403     0.6156 2.4049e-01        477     0.3306  0.000e+00
      3.560   70.57988 -162.49076      3.597     6.5446     6.5417     6.5443    28.5429    28.5557  1022.4087    22.3920    292.432    272.665  310.98037     94.036     87.682     0.1966     0.8315     4.0391     0.6168 2.3847e-01        478     0.3312  0.000e+00
      3.560   70.57988 -162.49076      3.597     6.5443     6.5422     6.5440    28.5436    28.5562  1022.4094    22.3927    292.458    272.834  310.98112     94.044     87.737     0.1954     0.8242     4.0403     0.6156 2.9121e-01        479     0.3319  0.000e+00
      3.560   70.57988 -162.49076      3.597     6.5438     6.5431     6.5435    28.5438    28.5559  1022.4096    22.3929    292.485    272.660  310.98405     94.051     87.683     0.1966     0.8315     4.0391     0.6168 3.3232e-01        480     0.3326  0.000e+00
      3.560   70.57988 -162.49076      3.597     6.5434     6.5433     6.5431    28.5441    28.5563  1022.4098    22.3931    292.483    272.650  310.98681     94.050     87.680     0.1954     0.8242     4.0403     0.6156 3.3871e-01        481     0.3333  0.000e+00
      3.560   70.57988 -162.49076      3.597     6.5435     6.5431     6.5432    28.5443    28.5562  1022.4100    22.3933    292.447    272.642  310.98518     94.039     87.677     0.1966     0.8315     4.0403     0.6156 4.0038e-01        482     0.3340  0.000e+00
      3.622   70.57988 -162.49076      3.659     6.5432     6.5430     6.5429    28.5444    28.5564  1022.4104    22.3934    292.472    272.654  310.98703     94.046     87.681     0.1954     0.8242     4.0403     0.6156 4.7203e-01        483     0.3347  0.000e+00
