EcoFOCI/data/1_SampleCollection/2023_SikuliaqDBO_CruiseData/CTD_raw_BottleFile_SKQ23-12S/proc/skq202312s_034.ros
* Sea-Bird SBE 9 Data File:
* FileName = D:\CTD\SKQ202312S\SKQ202312S_034.hex
* Software Version Seasave V 7.26.7.121
* Temperature SN = 6177
* Conductivity SN = 0369
* Number of Bytes Per Scan = 41
* Number of Voltage Words = 4
* Number of Scans Averaged by the Deck Unit = 1
* NMEA Latitude = 71 37.15 N
* NMEA Longitude = 157 55.43 W
* NMEA UTC (Time) = Sep 21 2023  16:36:56
* NMEA baud rate = 4800
** Ship: R/V Sikuliaq
** Station Number: 034
** Station Name: DBO5.10
** Bottom Depth: 62
** Operator: SD
# nquan = 22
# nvalues = 1029                                  
# units = specified
# name 0 = depSM: Depth [salt water, m]
# name 1 = latitude: Latitude [deg]
# name 2 = longitude: Longitude [deg]
# name 3 = prDM: Pressure, Digiquartz [db]
# name 4 = t090C: Temperature [ITS-90, deg C]
# name 5 = t190C: Temperature, 2 [ITS-90, deg C]
# name 6 = potemp090C: Potential Temperature [ITS-90, deg C]
# name 7 = sal00: Salinity, Practical [PSU]
# name 8 = sal11: Salinity, Practical, 2 [PSU]
# name 9 = density00: Density [density, kg/m^3]
# name 10 = sigma-é00: Density [sigma-theta, kg/m^3]
# name 11 = sbox0Mm/Kg: Oxygen, SBE 43 [umol/kg]
# name 12 = sbox1Mm/Kg: Oxygen, SBE 43, 2 [umol/kg]
# name 13 = oxsolMm/Kg: Oxygen Saturation, Garcia & Gordon [umol/kg]
# name 14 = sbeox0PS: Oxygen, SBE 43 [% saturation]
# name 15 = v0: Voltage 0
# name 16 = flECO-AFL: Fluorescence, WET Labs ECO-AFL/FL [mg/m^3]
# name 17 = CStarAt0: Beam Attenuation, WET Labs C-Star [1/m]
# name 18 = par: PAR/Irradiance, Biospherical/Licor
# name 19 = scan: Scan Count
# name 20 = nbf: Bottles Fired
# name 21 = flag:  0.000e+00
# interval = seconds: 0.0416667
# start_time = Sep 21 2023 16:38:35 [NMEA time, first data scan]
# bad_flag = -9.990e-29
*END*
[from data line 132]
     55.317   71.61912 -157.92418     55.896    -1.6793    -1.6802    -1.6803    32.9074    32.9197  1026.7467    26.4768    272.561    260.562  369.82481     73.700     0.0781     0.1209     1.7824 2.0263e-03       6657          3  0.000e+00
     55.263   71.61912 -157.92418     55.841    -1.6793    -1.6798    -1.6803    32.9077    32.9197  1026.7467    26.4770    272.340    260.554  369.82382     73.640     0.0781     0.1209     1.7873 1.6876e-03       6658          3  0.000e+00
     55.209   71.61912 -157.92418     55.787    -1.6789    -1.6793    -1.6799    32.9076    32.9191  1026.7463    26.4769    272.588    260.547  369.81958     73.708     0.0781     0.1209     1.7873 6.7730e-04       6659          3  0.000e+00
     55.263   71.61912 -157.92418     55.841    -1.6789    -1.6793    -1.6799    32.9072    32.9190  1026.7463    26.4766    272.635    260.546  369.82070     73.721     0.0781     0.1209     1.7873 8.4714e-06       6660          3  0.000e+00
     55.202   71.61912 -157.92418     55.779    -1.6788    -1.6794    -1.6797    32.9072    32.9191  1026.7460    26.4766    272.676    260.542  369.81955     73.732     0.0781     0.1209     1.7873 8.4714e-06       6661          3  0.000e+00
     55.209   71.61912 -157.92418     55.787    -1.6786    -1.6797    -1.6796    32.9073    32.9198  1026.7461    26.4767    272.666    260.540  369.81763     73.730     0.0781     0.1209     1.7873 1.0000e-12       6662          3  0.000e+00
     55.209   71.61910 -157.92418     55.787    -1.6784    -1.6797    -1.6794    32.9067    32.9195  1026.7456    26.4762    272.708    260.538  369.81748     73.741     0.0781     0.1209     1.7873 8.4714e-06       6663          3  0.000e+00
     55.147   71.61910 -157.92418     55.724    -1.6785    -1.6804    -1.6795    32.9069    32.9203  1026.7455    26.4764    272.748    260.538  369.81750     73.752     0.0781     0.1209     1.7873 8.4714e-06       6664          3  0.000e+00
     55.209   71.61910 -157.92418     55.787    -1.6783    -1.6800    -1.6793    32.9068    32.9197  1026.7457    26.4762    272.530    260.535  369.81619     73.693     0.0769     0.1135     1.7873 8.4714e-06       6665          3  0.000e+00
     55.147   71.61910 -157.92418     55.724    -1.6786    -1.6801    -1.6796    32.9071    32.9199  1026.7457    26.4765    272.523    260.531  369.81803     73.691     0.0769     0.1135     1.7873 8.4714e-06       6666          3  0.000e+00
     55.147   71.61910 -157.92418     55.724    -1.6785    -1.6804    -1.6795    32.9074    32.9200  1026.7459    26.4768    272.517    260.530  369.81611     73.690     0.0757     0.1062     1.7873 8.4714e-06       6667          3  0.000e+00
     55.147   71.61910 -157.92418     55.724    -1.6783    -1.6800    -1.6793    32.9069    32.9195  1026.7455    26.4764    272.462    260.755  369.81570     73.675     0.0769     0.1135     1.7873 1.0000e-12       6668          3  0.000e+00
     55.147   71.61910 -157.92418     55.724    -1.6784    -1.6801    -1.6794    32.9069    32.9199  1026.7455    26.4764    272.461    260.554  369.81686     73.675     0.0757     0.1062     1.7873 8.4714e-06       6669          3  0.000e+00
     55.093   71.61910 -157.92418     55.670    -1.6785    -1.6800    -1.6795    32.9072    32.9196  1026.7455    26.4766    272.199    260.316  369.81664     73.604     0.0769     0.1135     1.7873 1.6876e-03       6670          3  0.000e+00
     55.147   71.61910 -157.92418     55.724    -1.6785    -1.6800    -1.6795    32.9068    32.9197  1026.7454    26.4763    272.677    260.513  369.81776     73.733     0.0781     0.1209     1.7873 4.7702e-03       6671          3  0.000e+00
     49.239   71.61912 -157.92412     49.753    -1.5626    -1.5611    -1.5636    32.7717    32.7823  1026.6039    26.3637    284.878    271.458  369.05714     77.191     0.0696     0.0696     0.8215 4.9956e-02       9505          4  0.000e+00
     49.293   71.61912 -157.92412     49.807    -1.5627    -1.5612    -1.5636    32.7718    32.7821  1026.6042    26.3638    284.882    271.457  369.05737     77.192     0.0684     0.0623     0.8215 5.6231e-02       9506          4  0.000e+00
     49.354   71.61912 -157.92412     49.870    -1.5630    -1.5615    -1.5640    32.7721    32.7826  1026.6048    26.3641    284.889    271.456  369.05981     77.193     0.0684     0.0623     0.8228 5.7712e-02       9507          4  0.000e+00
     49.354   71.61912 -157.92412     49.870    -1.5629    -1.5613    -1.5638    32.7720    32.7828  1026.6047    26.3639    284.890    271.481  369.05865     77.194     0.0684     0.0623     0.8228 5.6723e-02       9508          4  0.000e+00
     49.408   71.61912 -157.92412     49.924    -1.5629    -1.5618    -1.5638    32.7719    32.7828  1026.6049    26.3639    284.894    271.710  369.05875     77.195     0.0684     0.0623     0.8228 5.3790e-02       9509          4  0.000e+00
     49.462   71.61912 -157.92412     49.979    -1.5629    -1.5615    -1.5638    32.7716    32.7826  1026.6049    26.3637    284.899    271.503  369.05960     77.196     0.0684     0.0623     0.8228 5.2342e-02       9510          4  0.000e+00
     49.524   71.61912 -157.92412     50.041    -1.5629    -1.5615    -1.5638    32.7720    32.7826  1026.6055    26.3640    284.903    271.494  369.05858     77.197     0.0684     0.0623     0.8228 5.0907e-02       9511          4  0.000e+00
     49.524   71.61912 -157.92412     50.041    -1.5629    -1.5618    -1.5638    32.7717    32.7829  1026.6053    26.3638    284.958    271.484  369.05985     77.212     0.0696     0.0696     0.8228 4.2996e-02       9512          4  0.000e+00
     49.586   71.61912 -157.92412     50.104    -1.5629    -1.5618    -1.5638    32.7717    32.7831  1026.6056    26.3637    285.223    271.472  369.05932     77.284     0.0684     0.0623     0.8228 4.0292e-02       9513          4  0.000e+00
     49.640   71.61912 -157.92412     50.158    -1.5629    -1.5616    -1.5638    32.7722    32.7833  1026.6063    26.3641    285.017    271.458  369.05790     77.228     0.0684     0.0623     0.8228 4.0740e-02       9514          4  0.000e+00
     49.640   71.61912 -157.92412     50.158    -1.5632    -1.5618    -1.5641    32.7727    32.7835  1026.6067    26.3645    284.761    271.476  369.05934     77.159     0.0684     0.0623     0.8228 4.9956e-02       9515          4  0.000e+00
     49.694   71.61912 -157.92412     50.213    -1.5630    -1.5616    -1.5640    32.7727    32.7831  1026.6069    26.3646    284.976    271.495  369.05816     77.217     0.0684     0.0623     0.8228 5.4762e-02       9516          4  0.000e+00
     49.755   71.61912 -157.92412     50.275    -1.5633    -1.5616    -1.5643    32.7731    32.7830  1026.6076    26.3649    284.984    271.515  369.05996     77.219     0.0696     0.0696     0.8228 5.5251e-02       9517          4  0.000e+00
     49.809   71.61912 -157.92412     50.330    -1.5636    -1.5617    -1.5645    32.7733    32.7832  1026.6080    26.3650    284.992    271.501  369.06161     77.221     0.0684     0.0623     0.8228 4.7603e-02       9518          4  0.000e+00
     49.809   71.61912 -157.92412     50.330    -1.5633    -1.5616    -1.5643    32.7726    32.7830  1026.6074    26.3645    285.255    271.483  369.06132     77.292     0.0696     0.0696     0.8228 4.3450e-02       9519          4  0.000e+00
     49.863   71.61912 -157.92412     50.384    -1.5638    -1.5616    -1.5647    32.7738    32.7826  1026.6087    26.3655    285.051    271.501  369.06238     77.236     0.0684     0.0623     0.8228 4.2996e-02       9520          4  0.000e+00
     49.925   71.61912 -157.92412     50.447    -1.5640    -1.5618    -1.5649    32.7740    32.7830  1026.6092    26.3656    285.056    271.748  369.06353     77.238     0.0684     0.0623     0.8228 4.8540e-02       9521          4  0.000e+00
     49.925   71.61912 -157.92412     50.447    -1.5643    -1.5618    -1.5652    32.7745    32.7833  1026.6096    26.3660    284.489    271.793  369.06497     77.084     0.0684     0.0623     0.8228 5.3790e-02       9522          4  0.000e+00
     49.987   71.61912 -157.92412     50.509    -1.5641    -1.5620    -1.5650    32.7739    32.7833  1026.6094    26.3655    284.915    271.578  369.06505     77.199     0.0684     0.0623     0.8228 5.4276e-02       9523          4  0.000e+00
     50.041   71.61912 -157.92412     50.563    -1.5641    -1.5620    -1.5651    32.7740    32.7832  1026.6097    26.3656    284.921    271.558  369.06528     77.201     0.0696     0.0696     0.8228 5.1384e-02       9524          4  0.000e+00
     50.095   71.61912 -157.92412     50.618    -1.5640    -1.5621    -1.5649    32.7737    32.7833  1026.6097    26.3653    284.927    271.306  369.06459     77.202     0.0684     0.0623     0.8228 4.8071e-02       9525          4  0.000e+00
     50.095   71.61912 -157.92412     50.618    -1.5640    -1.5621    -1.5649    32.7738    32.7830  1026.6098    26.3654    285.190    271.284  369.06421     77.274     0.0684     0.0623     0.8240 4.7603e-02       9526          4  0.000e+00
     50.156   71.61912 -157.92412     50.680    -1.5640    -1.5621    -1.5649    32.7734    32.7834  1026.6098    26.3651    284.986    271.494  369.06533     77.218     0.0684     0.0623     0.8291 5.2824e-02       9527          4  0.000e+00
     50.210   71.61912 -157.92412     50.735    -1.5636    -1.5623    -1.5646    32.7730    32.7837  1026.6097    26.3648    284.987    271.507  369.06297     77.219     0.0684     0.0623     0.8330 6.1216e-02       9528          4  0.000e+00
     50.210   71.61912 -157.92412     50.735    -1.5638    -1.5624    -1.5647    32.7733    32.7836  1026.6100    26.3651    285.250    271.486  369.06389     77.290     0.0696     0.0696     0.8342 6.3762e-02       9529          4  0.000e+00
     50.272   71.61912 -157.92412     50.797    -1.5638    -1.5629    -1.5647    32.7735    32.7843  1026.6104    26.3652    285.042    271.467  369.06337     77.234     0.0684     0.0623     0.8342 5.9706e-02       9530          4  0.000e+00
     50.264   71.61912 -157.92412     50.789    -1.5638    -1.5627    -1.5648    32.7736    32.7845  1026.6105    26.3653    285.301    271.669  369.06349     77.304     0.0696     0.0696     0.8330 4.9011e-02       9531          4  0.000e+00
     50.326   71.61912 -157.92412     50.852    -1.5638    -1.5625    -1.5647    32.7735    32.7840  1026.6107    26.3652    285.351    271.708  369.06321     77.318     0.0684     0.0623     0.8330 4.6207e-02       9532          4  0.000e+00
     50.388   71.61912 -157.92412     50.914    -1.5641    -1.5630    -1.5650    32.7736    32.7846  1026.6110    26.3653    285.402    271.716  369.06602     77.331     0.0684     0.0623     0.8342 4.6671e-02       9533          4  0.000e+00
     50.388   71.61912 -157.92412     50.914    -1.5641    -1.5629    -1.5650    32.7735    32.7841  1026.6110    26.3652    285.446    271.749  369.06615     77.343     0.0684     0.0623     0.8330 4.8540e-02       9534          4  0.000e+00
     50.442   71.61912 -157.92412     50.969    -1.5641    -1.5629    -1.5650    32.7739    32.7842  1026.6116    26.3656    285.488    271.520  369.06499     77.354     0.0684     0.0623     0.8342 4.9483e-02       9535          4  0.000e+00
     50.442   71.61912 -157.92412     50.969    -1.5643    -1.5627    -1.5652    32.7738    32.7843  1026.6115    26.3655    285.529    271.747  369.06691     77.365     0.0696     0.0696     0.8330 4.9011e-02       9536          4  0.000e+00
     50.496   71.61912 -157.92412     51.023    -1.5643    -1.5629    -1.5653    32.7743    32.7846  1026.6122    26.3659    285.568    271.746  369.06601     77.376     0.0684     0.0623     0.8342 4.5283e-02       9537          4  0.000e+00
     50.442   71.61912 -157.92412     50.969    -1.5644    -1.5625    -1.5654    32.7741    32.7839  1026.6117    26.3657    285.603    271.735  369.06795     77.385     0.0696     0.0696     0.8330 4.3450e-02       9538          4  0.000e+00
     50.557   71.61912 -157.92412     51.086    -1.5643    -1.5629    -1.5652    32.7736    32.7844  1026.6119    26.3653    285.640    271.536  369.06762     77.395     0.0684     0.0623     0.8330 4.3450e-02       9539          4  0.000e+00
     50.557   71.61912 -157.92412     51.086    -1.5645    -1.5627    -1.5655    32.7743    32.7844  1026.6125    26.3659    285.672    271.756  369.06830     77.404     0.0684     0.0623     0.8330 4.6671e-02       9540          4  0.000e+00
     50.611   71.61912 -157.92412     51.140    -1.5644    -1.5625    -1.5654    32.7741    32.7844  1026.6126    26.3657    285.703    271.550  369.06788     77.412     0.0684     0.0623     0.8330 4.9011e-02       9541          4  0.000e+00
     50.557   71.61912 -157.92412     51.086    -1.5644    -1.5625    -1.5654    32.7741    32.7840  1026.6123    26.3657    285.728    271.769  369.06791     77.419     0.0684     0.0623     0.8330 4.9483e-02       9542          4  0.000e+00
     50.665   71.61912 -157.92412     51.195    -1.5646    -1.5625    -1.5655    32.7744    32.7837  1026.6131    26.3660    285.758    271.795  369.06864     77.427     0.0696     0.0696     0.8330 4.6671e-02       9543          4  0.000e+00
     50.673   71.61912 -157.92412     51.202    -1.5645    -1.5627    -1.5655    32.7742    32.7837  1026.6130    26.3658    285.781    271.783  369.06877     77.433     0.0684     0.0623     0.8342 4.4823e-02       9544          4  0.000e+00
     50.673   71.61912 -157.92412     51.202    -1.5649    -1.5627    -1.5658    32.7743    32.7841  1026.6130    26.3659    285.805    271.766  369.07198     77.439     0.0696     0.0696     0.8342 4.4823e-02       9545          4  0.000e+00
     50.673   71.61912 -157.92412     51.202    -1.5645    -1.5625    -1.5655    32.7741    32.7838  1026.6129    26.3657    285.821    271.780  369.06914     77.444     0.0684     0.0623     0.8330 4.4823e-02       9546          4  0.000e+00
     50.673   71.61912 -157.92412     51.202    -1.5649    -1.5627    -1.5658    32.7741    32.7839  1026.6129    26.3657    285.840    271.565  369.07249     77.448     0.0684     0.0623     0.8304 4.4823e-02       9547          4  0.000e+00
     50.727   71.61912 -157.92412     51.257    -1.5647    -1.5627    -1.5657    32.7741    32.7839  1026.6132    26.3658    285.803    271.549  369.07066     77.439     0.0708     0.0769     0.8253 4.4823e-02       9548          4  0.000e+00
     50.727   71.61912 -157.92412     51.257    -1.5650    -1.5624    -1.5659    32.7744    32.7843  1026.6134    26.3659    285.816    271.756  369.07286     77.442     0.0708     0.0769     0.8240 4.6671e-02       9549          4  0.000e+00
     50.727   71.61912 -157.92412     51.257    -1.5651    -1.5624    -1.5660    32.7748    32.7843  1026.6137    26.3663    285.824    271.768  369.07211     77.444     0.0720     0.0842     0.8240 4.9956e-02       9550          4  0.000e+00
     50.789   71.61912 -157.92412     51.319    -1.5649    -1.5629    -1.5658    32.7745    32.7852  1026.6138    26.3661    285.831    272.013  369.07131     77.446     0.0708     0.0769     0.8240 5.0907e-02       9551          4  0.000e+00
     50.727   71.61912 -157.92412     51.257    -1.5650    -1.5629    -1.5659    32.7746    32.7850  1026.6136    26.3662    286.093    272.051  369.07210     77.517     0.0708     0.0769     0.8240 4.8540e-02       9552          4  0.000e+00
     50.789   71.61912 -157.92412     51.319    -1.5650    -1.5630    -1.5659    32.7743    32.7848  1026.6136    26.3659    285.887    271.863  369.07297     77.461     0.0708     0.0769     0.8240 4.4823e-02       9553          4  0.000e+00
     50.208   71.61912 -157.92412     50.732    -1.5650    -1.5633    -1.5659    32.7735    32.7843  1026.6101    26.3652    285.813    271.701  369.07545     77.440     0.0684     0.0623     0.8266 3.0343e-02       9778          5  0.000e+00
