EcoFOCI/data/1_SampleCollection/2023_SikuliaqDBO_CruiseData/CTD_raw_BottleFile_SKQ23-12S/proc/skq202312s_051.ros
* Sea-Bird SBE 9 Data File:
* FileName = D:\CTD\SKQ202312S\SKQ202312S_051.hex
* Software Version Seasave V 7.26.7.121
* Temperature SN = 6177
* Conductivity SN = 0369
* Number of Bytes Per Scan = 41
* Number of Voltage Words = 4
* Number of Scans Averaged by the Deck Unit = 1
* NMEA Latitude = 70 43.03 N
* NMEA Longitude = 162 51.44 W
* NMEA UTC (Time) = Sep 26 2023  19:01:27
* NMEA baud rate = 4800
** Ship: R/V Sikuliaq
** Station Number: 051
** Station Name: IC10
** Bottom Depth: 42
** Operator: SD
# nquan = 22
# nvalues = 833                                   
# units = specified
# name 0 = depSM: Depth [salt water, m]
# name 1 = latitude: Latitude [deg]
# name 2 = longitude: Longitude [deg]
# name 3 = prDM: Pressure, Digiquartz [db]
# name 4 = t090C: Temperature [ITS-90, deg C]
# name 5 = t190C: Temperature, 2 [ITS-90, deg C]
# name 6 = potemp090C: Potential Temperature [ITS-90, deg C]
# name 7 = sal00: Salinity, Practical [PSU]
# name 8 = sal11: Salinity, Practical, 2 [PSU]
# name 9 = density00: Density [density, kg/m^3]
# name 10 = sigma-é00: Density [sigma-theta, kg/m^3]
# name 11 = sbox0Mm/Kg: Oxygen, SBE 43 [umol/kg]
# name 12 = sbox1Mm/Kg: Oxygen, SBE 43, 2 [umol/kg]
# name 13 = oxsolMm/Kg: Oxygen Saturation, Garcia & Gordon [umol/kg]
# name 14 = sbeox0PS: Oxygen, SBE 43 [% saturation]
# name 15 = v0: Voltage 0
# name 16 = flECO-AFL: Fluorescence, WET Labs ECO-AFL/FL [mg/m^3]
# name 17 = CStarAt0: Beam Attenuation, WET Labs C-Star [1/m]
# name 18 = par: PAR/Irradiance, Biospherical/Licor
# name 19 = scan: Scan Count
# name 20 = nbf: Bottles Fired
# name 21 = flag:  0.000e+00
# interval = seconds: 0.0416667
# start_time = Sep 26 2023 19:05:40 [NMEA time, first data scan]
# bad_flag = -9.990e-29
*END*
[from data line 198]
     30.285   70.71698 -162.85510     30.598     5.3631     5.3633     5.3608    31.4649    31.4757  1024.9761    24.8341    200.531    187.004  312.89281     64.089     0.0818     0.1428     3.8193 3.7339e-01       8659          5  0.000e+00
     30.301   70.71698 -162.85510     30.614     5.3632     5.3632     5.3609    31.4650    31.4756  1024.9762    24.8342    200.527    187.022  312.89148     64.088     0.0830     0.1502     3.8193 3.7200e-01       8660          5  0.000e+00
     30.231   70.71698 -162.85510     30.544     5.3630     5.3632     5.3607    31.4652    31.4758  1024.9760    24.8343    200.522    187.222  312.89266     64.087     0.0818     0.1428     3.8193 3.7339e-01       8661          5  0.000e+00
     30.247   70.71698 -162.85510     30.559     5.3631     5.3629     5.3608    31.4651    31.4759  1024.9761    24.8343    200.923    187.263  312.89241     64.215     0.0830     0.1502     3.8193 3.7895e-01       8662          5  0.000e+00
     30.247   70.71698 -162.85510     30.559     5.3631     5.3630     5.3608    31.4653    31.4759  1024.9762    24.8344    200.602    187.102  312.89196     64.112     0.0818     0.1428     3.8166 3.8176e-01       8663          5  0.000e+00
     30.285   70.71698 -162.85510     30.598     5.3632     5.3629     5.3609    31.4652    31.4761  1024.9763    24.8343    200.598    187.127  312.89102     64.111     0.0818     0.1428     3.8166 3.8316e-01       8664          5  0.000e+00
     30.247   70.71698 -162.85510     30.559     5.3629     5.3632     5.3606    31.4653    31.4756  1024.9763    24.8345    200.593    187.132  312.89340     64.109     0.0818     0.1428     3.8219 3.7477e-01       8665          5  0.000e+00
     30.285   70.71698 -162.85510     30.598     5.3631     5.3630     5.3608    31.4653    31.4758  1024.9764    24.8344    200.588    187.142  312.89201     64.108     0.0818     0.1428     3.8273 3.6652e-01       8666          5  0.000e+00
     30.247   70.71698 -162.85510     30.559     5.3631     5.3630     5.3608    31.4650    31.4757  1024.9760    24.8341    200.583    187.130  312.89276     64.106     0.0806     0.1355     3.8300 3.6652e-01       8667          5  0.000e+00
     30.231   70.71698 -162.85510     30.544     5.3632     5.3630     5.3609    31.4653    31.4757  1024.9762    24.8344    200.607    186.938  312.89114     64.114     0.0818     0.1428     3.8273 3.6925e-01       8668          5  0.000e+00
     30.300   70.71698 -162.85510     30.614     5.3632     5.3629     5.3609    31.4650    31.4761  1024.9763    24.8342    200.606    187.115  312.89139     64.113     0.0806     0.1355     3.8273 3.7477e-01       8669          5  0.000e+00
     30.285   70.71698 -162.85510     30.598     5.3631     5.3630     5.3608    31.4655    31.4757  1024.9765    24.8346    200.602    187.128  312.89156     64.112     0.0818     0.1428     3.8273 3.7477e-01       8670          5  0.000e+00
     30.246   70.71698 -162.85510     30.559     5.3631     5.3630     5.3608    31.4654    31.4759  1024.9763    24.8345    200.597    187.142  312.89170     64.111     0.0806     0.1355     3.8300 3.7755e-01       8671          5  0.000e+00
     30.246   70.71698 -162.85510     30.559     5.3634     5.3630     5.3611    31.4649    31.4757  1024.9758    24.8340    200.593    187.159  312.89070     64.109     0.0818     0.1428     3.8273 3.8176e-01       8672          5  0.000e+00
     30.231   70.71698 -162.85510     30.544     5.3632     5.3629     5.3610    31.4650    31.4760  1024.9759    24.8341    200.791    187.178  312.89158     64.173     0.0842     0.1575     3.8300 3.8316e-01       8673          5  0.000e+00
     30.300   70.71698 -162.85510     30.614     5.3632     5.3630     5.3609    31.4651    31.4757  1024.9763    24.8343    200.615    187.199  312.89122     64.117     0.0830     0.1502     3.8273 3.8035e-01       8674          5  0.000e+00
     30.231   70.71698 -162.85510     30.544     5.3632     5.3629     5.3609    31.4653    31.4758  1024.9761    24.8344    200.609    187.219  312.89123     64.115     0.0842     0.1575     3.8273 3.8035e-01       8675          5  0.000e+00
     30.246   70.71698 -162.85510     30.559     5.3632     5.3629     5.3610    31.4650    31.4758  1024.9760    24.8342    200.604    187.223  312.89151     64.113     0.0830     0.1502     3.8300 3.7895e-01       8676          5  0.000e+00
     30.285   70.71698 -162.85510     30.598     5.3634     5.3627     5.3611    31.4648    31.4759  1024.9760    24.8340    200.631    187.229  312.89083     64.122     0.0830     0.1502     3.8300 3.7895e-01       8677          5  0.000e+00
     30.246   70.71698 -162.85510     30.559     5.3634     5.3630     5.3611    31.4650    31.4760  1024.9760    24.8341    200.626    187.231  312.89035     64.120     0.0830     0.1502     3.8300 3.8035e-01       8678          5  0.000e+00
     30.246   70.71698 -162.85510     30.559     5.3631     5.3629     5.3608    31.4654    31.4759  1024.9763    24.8345    200.623    187.237  312.89161     64.119     0.0830     0.1502     3.8273 3.8176e-01       8679          5  0.000e+00
     30.231   70.71698 -162.85510     30.544     5.3634     5.3632     5.3611    31.4649    31.4755  1024.9758    24.8341    200.618    187.242  312.89060     64.118     0.0818     0.1428     3.8273 3.8035e-01       8680          5  0.000e+00
     30.300   70.71698 -162.85510     30.614     5.3632     5.3629     5.3609    31.4651    31.4757  1024.9763    24.8343    200.617    187.070  312.89122     64.117     0.0830     0.1502     3.8300 3.7616e-01       8681          5  0.000e+00
     30.285   70.71698 -162.85510     30.598     5.3633     5.3632     5.3611    31.4651    31.4757  1024.9762    24.8342    200.612    187.058  312.89048     64.116     0.0818     0.1428     3.8273 3.7339e-01       8682          5  0.000e+00
     30.185   70.71698 -162.85510     30.497     5.3632     5.3632     5.3610    31.4646    31.4756  1024.9754    24.8339    200.607    187.047  312.89242     64.114     0.0830     0.1502     3.8273 3.7339e-01       8683          5  0.000e+00
     30.285   70.71698 -162.85510     30.598     5.3634     5.3630     5.3611    31.4646    31.4758  1024.9759    24.8339    200.605    187.043  312.89119     64.113     0.0830     0.1502     3.8273 3.7339e-01       8684          5  0.000e+00
     30.246   70.71698 -162.85510     30.559     5.3634     5.3629     5.3611    31.4648    31.4763  1024.9758    24.8340    200.600    187.218  312.89079     64.112     0.0830     0.1502     3.8273 3.7339e-01       8685          5  0.000e+00
     30.246   70.71698 -162.85510     30.559     5.3632     5.3632     5.3610    31.4653    31.4757  1024.9762    24.8344    200.596    187.232  312.89071     64.111     0.0830     0.1502     3.8193 3.7477e-01       8686          5  0.000e+00
     30.285   70.71698 -162.85510     30.598     5.3635     5.3632     5.3613    31.4650    31.4757  1024.9761    24.8341    200.593    187.248  312.88932     64.110     0.0830     0.1502     3.8139 3.7063e-01       8687          5  0.000e+00
     30.246   70.71698 -162.85510     30.559     5.3631     5.3630     5.3608    31.4651    31.4761  1024.9761    24.8343    200.590    187.264  312.89232     64.108     0.0818     0.1428     3.8139 3.6925e-01       8688          5  0.000e+00
     30.285   70.71698 -162.85510     30.598     5.3632     5.3632     5.3609    31.4650    31.4756  1024.9761    24.8342    200.587    187.099  312.89191     64.107     0.0830     0.1502     3.8166 3.6925e-01       8689          5  0.000e+00
     30.185   70.71698 -162.85510     30.497     5.3632     5.3630     5.3610    31.4650    31.4757  1024.9757    24.8342    200.580    187.096  312.89153     64.105     0.0842     0.1575     3.8166 3.6788e-01       8690          5  0.000e+00
     30.285   70.71698 -162.85510     30.598     5.3634     5.3632     5.3611    31.4648    31.4755  1024.9760    24.8340    200.377    187.079  312.89083     64.040     0.0830     0.1502     3.8139 3.6652e-01       8691          5  0.000e+00
     30.246   70.71698 -162.85510     30.559     5.3632     5.3631     5.3610    31.4651    31.4756  1024.9761    24.8343    200.344    187.060  312.89115     64.030     0.0842     0.1575     3.8166 3.6652e-01       8692          5  0.000e+00
     30.300   70.71698 -162.85510     30.614     5.3631     5.3633     5.3608    31.4651    31.4756  1024.9763    24.8343    200.517    187.063  312.89238     64.085     0.0830     0.1502     3.8166 3.7063e-01       8693          5  0.000e+00
     30.231   70.71698 -162.85510     30.544     5.3631     5.3630     5.3608    31.4651    31.4757  1024.9760    24.8343    200.514    187.066  312.89239     64.084     0.0830     0.1502     3.8166 3.7755e-01       8694          5  0.000e+00
     30.246   70.71698 -162.85510     30.559     5.3629     5.3632     5.3606    31.4655    31.4757  1024.9764    24.8346    200.514    187.052  312.89304     64.084     0.0830     0.1502     3.8166 3.7755e-01       8695          5  0.000e+00
     30.285   70.71698 -162.85510     30.598     5.3633     5.3630     5.3611    31.4649    31.4762  1024.9760    24.8341    200.512    187.059  312.89101     64.084     0.0830     0.1502     3.8166 3.8035e-01       8696          5  0.000e+00
     30.246   70.71698 -162.85510     30.559     5.3632     5.3632     5.3610    31.4650    31.4756  1024.9759    24.8341    200.511    187.248  312.89160     64.083     0.0830     0.1502     3.8139 3.8599e-01       8697          5  0.000e+00
     30.231   70.71698 -162.85510     30.544     5.3634     5.3632     5.3611    31.4646    31.4755  1024.9756    24.8338    200.509    187.094  312.89131     64.083     0.0842     0.1575     3.8166 3.8599e-01       8698          5  0.000e+00
     30.246   70.71698 -162.85510     30.559     5.3631     5.3630     5.3608    31.4649    31.4759  1024.9759    24.8341    200.509    187.085  312.89285     64.082     0.0842     0.1575     3.8166 3.8316e-01       8699          5  0.000e+00
     30.285   70.71698 -162.85510     30.598     5.3632     5.3630     5.3609    31.4649    31.4757  1024.9761    24.8341    200.508    187.077  312.89173     64.082     0.0842     0.1575     3.8166 3.7477e-01       8700          5  0.000e+00
     30.246   70.71698 -162.85510     30.559     5.3634     5.3633     5.3611    31.4650    31.4758  1024.9760    24.8341    200.303    187.067  312.89035     64.017     0.0830     0.1502     3.8166 3.7200e-01       8701          5  0.000e+00
     30.246   70.71698 -162.85510     30.559     5.3631     5.3630     5.3608    31.4651    31.4756  1024.9761    24.8343    200.477    187.061  312.89232     64.072     0.0842     0.1575     3.8139 3.7339e-01       8702          5  0.000e+00
     30.285   70.71698 -162.85510     30.598     5.3630     5.3630     5.3607    31.4651    31.4760  1024.9763    24.8343    200.478    187.055  312.89272     64.072     0.0842     0.1575     3.8166 3.7895e-01       8703          5  0.000e+00
     30.246   70.71698 -162.85510     30.559     5.3627     5.3633     5.3604    31.4652    31.4756  1024.9762    24.8344    200.478    187.048  312.89483     64.072     0.0842     0.1575     3.8166 3.8316e-01       8704          5  0.000e+00
     30.231   70.71698 -162.85510     30.544     5.3629     5.3630     5.3606    31.4652    31.4757  1024.9761    24.8344    200.477    187.044  312.89364     64.072     0.0855     0.1648     3.8166 3.8316e-01       8705          5  0.000e+00
     30.246   70.71698 -162.85508     30.559     5.3625     5.3632     5.3603    31.4651    31.4758  1024.9761    24.8343    200.165    187.175  312.89617     63.972     0.0806     0.1355     3.8139 3.7063e-01       8801          6  0.000e+00
     30.285   70.71698 -162.85508     30.598     5.3625     5.3630     5.3603    31.4648    31.4757  1024.9760    24.8341    199.941    187.129  312.89701     63.900     0.0794     0.1282     3.8139 3.7063e-01       8802          6  0.000e+00
     30.246   70.71698 -162.85508     30.559     5.3624     5.3632     5.3601    31.4645    31.4755  1024.9756    24.8338    200.326    187.099  312.89884     64.023     0.0806     0.1355     3.8139 3.7063e-01       8803          6  0.000e+00
     30.231   70.71698 -162.85508     30.544     5.3624     5.3632     5.3601    31.4646    31.4757  1024.9756    24.8339    200.133    187.071  312.89864     63.961     0.0806     0.1355     3.8139 3.7063e-01       8804          6  0.000e+00
     30.300   70.71698 -162.85508     30.614     5.3622     5.3632     5.3600    31.4649    31.4760  1024.9763    24.8342    200.319    187.046  312.89891     64.020     0.0806     0.1355     3.8139 3.7063e-01       8805          6  0.000e+00
     30.246   70.71698 -162.85508     30.559     5.3622     5.3633     5.3600    31.4652    31.4755  1024.9763    24.8345    200.126    187.019  312.89823     63.959     0.0794     0.1282     3.8166 3.6788e-01       8806          6  0.000e+00
     30.285   70.71698 -162.85508     30.598     5.3620     5.3633     5.3598    31.4655    31.4754  1024.9767    24.8347    200.313    186.813  312.89917     64.018     0.0806     0.1355     3.8273 3.6380e-01       8807          6  0.000e+00
     30.185   70.71698 -162.85508     30.497     5.3621     5.3633     5.3598    31.4653    31.4759  1024.9760    24.8345    200.322    186.768  312.89932     64.021     0.0806     0.1355     3.8300 3.6244e-01       8808          6  0.000e+00
     30.285   70.71698 -162.85508     30.598     5.3621     5.3635     5.3598    31.4652    31.4760  1024.9764    24.8344    200.337    186.729  312.89952     64.026     0.0806     0.1355     3.8300 3.6516e-01       8809          6  0.000e+00
     30.300   70.71698 -162.85508     30.614     5.3621     5.3634     5.3598    31.4653    31.4759  1024.9766    24.8346    200.350    186.690  312.89909     64.030     0.0806     0.1355     3.8327 3.6925e-01       8810          6  0.000e+00
     30.231   70.71698 -162.85508     30.544     5.3622     5.3633     5.3600    31.4653    31.4758  1024.9763    24.8345    200.360    186.671  312.89803     64.034     0.0806     0.1355     3.8327 3.7200e-01       8811          6  0.000e+00
     30.246   70.71698 -162.85508     30.559     5.3622     5.3633     5.3600    31.4653    31.4757  1024.9763    24.8345    200.170    186.657  312.89805     63.973     0.0794     0.1282     3.8327 3.6788e-01       8812          6  0.000e+00
     30.246   70.71698 -162.85508     30.559     5.3622     5.3632     5.3599    31.4654    31.4759  1024.9764    24.8346    200.356    186.624  312.89814     64.032     0.0806     0.1355     3.8300 3.6109e-01       8813          6  0.000e+00
     30.285   70.71698 -162.85508     30.598     5.3622     5.3633     5.3600    31.4655    31.4757  1024.9767    24.8347    200.371    186.614  312.89756     64.037     0.0794     0.1282     3.8327 3.5840e-01       8814          6  0.000e+00
     30.246   70.71698 -162.85508     30.559     5.3624     5.3633     5.3601    31.4652    31.4759  1024.9763    24.8344    200.383    186.766  312.89706     64.041     0.0806     0.1355     3.8300 3.5975e-01       8815          6  0.000e+00
     30.231   70.71698 -162.85508     30.544     5.3624     5.3633     5.3601    31.4656    31.4758  1024.9765    24.8347    200.395    186.757  312.89625     64.045     0.0818     0.1428     3.8300 3.6652e-01       8816          6  0.000e+00
     30.246   70.71698 -162.85508     30.559     5.3627     5.3632     5.3604    31.4650    31.4759  1024.9760    24.8342    200.409    186.750  312.89536     64.050     0.0806     0.1355     3.8327 3.7063e-01       8817          6  0.000e+00
     30.231   70.71698 -162.85508     30.544     5.3627     5.3630     5.3604    31.4646    31.4762  1024.9757    24.8339    200.330    186.762  312.89614     64.024     0.0806     0.1355     3.8327 3.7063e-01       8818          6  0.000e+00
