EcoFOCI/data/1_SampleCollection/2023_SikuliaqDBO_CruiseData/CTD_raw_BottleFile_SKQ23-12S/proc/skq202312s_029.ros
* Sea-Bird SBE 9 Data File:
* FileName = D:\CTD\SKQ202312S\SKQ202312S_029.hex
* Software Version Seasave V 7.26.7.121
* Temperature SN = 6177
* Conductivity SN = 0369
* Number of Bytes Per Scan = 41
* Number of Voltage Words = 4
* Number of Scans Averaged by the Deck Unit = 1
* NMEA Latitude = 71 24.54 N
* NMEA Longitude = 157 29.66 W
* NMEA UTC (Time) = Sep 21 2023  04:58:57
* NMEA baud rate = 4800
** Ship: R/V Sikuliaq
** Station Number: 029
** Station Name: DBO5.5
** Bottom Depth: 124
** Operator: SS
# nquan = 22
# nvalues = 1127                                  
# units = specified
# name 0 = depSM: Depth [salt water, m]
# name 1 = latitude: Latitude [deg]
# name 2 = longitude: Longitude [deg]
# name 3 = prDM: Pressure, Digiquartz [db]
# name 4 = t090C: Temperature [ITS-90, deg C]
# name 5 = t190C: Temperature, 2 [ITS-90, deg C]
# name 6 = potemp090C: Potential Temperature [ITS-90, deg C]
# name 7 = sal00: Salinity, Practical [PSU]
# name 8 = sal11: Salinity, Practical, 2 [PSU]
# name 9 = density00: Density [density, kg/m^3]
# name 10 = sigma-é00: Density [sigma-theta, kg/m^3]
# name 11 = sbox0Mm/Kg: Oxygen, SBE 43 [umol/kg]
# name 12 = sbox1Mm/Kg: Oxygen, SBE 43, 2 [umol/kg]
# name 13 = oxsolMm/Kg: Oxygen Saturation, Garcia & Gordon [umol/kg]
# name 14 = sbeox0PS: Oxygen, SBE 43 [% saturation]
# name 15 = v0: Voltage 0
# name 16 = flECO-AFL: Fluorescence, WET Labs ECO-AFL/FL [mg/m^3]
# name 17 = CStarAt0: Beam Attenuation, WET Labs C-Star [1/m]
# name 18 = par: PAR/Irradiance, Biospherical/Licor
# name 19 = scan: Scan Count
# name 20 = nbf: Bottles Fired
# name 21 = flag:  0.000e+00
# interval = seconds: 0.0416667
# start_time = Sep 21 2023 05:03:15 [NMEA time, first data scan]
# bad_flag = -9.990e-29
*END*
[from data line 264]
     75.048   71.40912 -157.49038     75.835    -1.6602    -1.6587    -1.6615    32.7307    32.7408  1026.6991    26.3328    246.841    233.325  370.15001     66.687     0.1074     0.2967     1.0914 1.0000e-12      17984          6  0.000e+00
     75.032   71.40912 -157.49038     75.820    -1.6603    -1.6588    -1.6616    32.7310    32.7409  1026.6992    26.3330    247.048    233.110  370.15051     66.743     0.1050     0.2820     1.0914 1.0000e-12      17985          6  0.000e+00
     75.048   71.40912 -157.49038     75.835    -1.6602    -1.6588    -1.6615    32.7310    32.7410  1026.6993    26.3330    247.043    233.128  370.14925     66.741     0.1062     0.2894     1.0927 8.4714e-06      17986          6  0.000e+00
     75.048   71.40912 -157.49038     75.836    -1.6600    -1.6586    -1.6613    32.7306    32.7410  1026.6989    26.3327    247.038    233.146  370.14871     66.740     0.1001     0.2527     1.0941 1.0000e-12      17987          6  0.000e+00
     75.032   71.40912 -157.49038     75.820    -1.6602    -1.6588    -1.6615    32.7308    32.7408  1026.6991    26.3329    247.035    233.167  370.14973     66.739     0.0965     0.2308     1.0941 1.0000e-12      17988          6  0.000e+00
     75.048   71.40912 -157.49038     75.836    -1.6602    -1.6587    -1.6615    32.7307    32.7407  1026.6991    26.3328    247.031    233.189  370.15001     66.738     0.0965     0.2308     1.0941 1.0000e-12      17989          6  0.000e+00
     75.086   71.40912 -157.49038     75.875    -1.6600    -1.6585    -1.6613    32.7306    32.7404  1026.6991    26.3327    247.027    233.410  370.14865     66.737     0.0952     0.2234     1.0941 1.0000e-12      17990          6  0.000e+00
     75.109   71.40912 -157.49038     75.898    -1.6604    -1.6588    -1.6617    32.7310    32.7411  1026.6995    26.3330    247.026    233.201  370.15169     66.736     0.0965     0.2308     1.0941 8.4714e-06      17991          6  0.000e+00
     75.032   71.40912 -157.49038     75.820    -1.6600    -1.6588    -1.6613    32.7307    32.7408  1026.6989    26.3327    247.017    233.220  370.14856     66.734     0.0965     0.2308     1.0941 1.0000e-12      17992          6  0.000e+00
     75.109   71.40912 -157.49038     75.898    -1.6602    -1.6588    -1.6615    32.7307    32.7411  1026.6993    26.3328    247.016    233.246  370.15012     66.734     0.0965     0.2308     1.0941 1.0000e-12      17993          6  0.000e+00
     75.086   71.40912 -157.49038     75.875    -1.6602    -1.6587    -1.6615    32.7305    32.7407  1026.6990    26.3326    247.012    233.235  370.15084     66.733     0.0965     0.2308     1.0941 8.4714e-06      17994          6  0.000e+00
     75.109   71.40912 -157.49038     75.898    -1.6604    -1.6588    -1.6618    32.7312    32.7408  1026.6998    26.3332    247.009    233.227  370.15145     66.732     0.0965     0.2308     1.0941 1.0000e-12      17995          6  0.000e+00
     75.148   71.40912 -157.49038     75.937    -1.6600    -1.6588    -1.6613    32.7306    32.7409  1026.6994    26.3327    247.004    233.218  370.14877     66.731     0.0977     0.2381     1.0955 1.0000e-12      17996          6  0.000e+00
     75.110   71.40912 -157.49038     75.898    -1.6603    -1.6588    -1.6616    32.7307    32.7406  1026.6993    26.3328    247.209    233.440  370.15129     66.786     0.0965     0.2308     1.0955 8.4714e-06      17997          6  0.000e+00
     75.086   71.40912 -157.49038     75.875    -1.6603    -1.6587    -1.6616    32.7312    32.7405  1026.6996    26.3332    246.988    233.460  370.14985     66.727     0.0977     0.2381     1.0941 1.0000e-12      17998          6  0.000e+00
     75.164   71.40912 -157.49038     75.953    -1.6600    -1.6588    -1.6613    32.7308    32.7407  1026.6997    26.3329    246.719    233.484  370.14803     66.654     0.0965     0.2308     1.0941 1.0000e-12      17999          6  0.000e+00
     75.148   71.40912 -157.49038     75.937    -1.6599    -1.6588    -1.6613    32.7306    32.7409  1026.6994    26.3327    246.923    233.502  370.14812     66.709     0.0965     0.2308     1.0941 8.4714e-06      18000          6  0.000e+00
     75.110   71.40912 -157.49038     75.898    -1.6602    -1.6590    -1.6615    32.7307    32.7410  1026.6993    26.3328    246.917    233.554  370.15012     66.707     0.0965     0.2308     1.0941 1.0000e-12      18001          6  0.000e+00
     75.148   71.40912 -157.49038     75.937    -1.6603    -1.6587    -1.6616    32.7311    32.7405  1026.6998    26.3331    246.912    233.803  370.15022     66.706     0.0965     0.2308     1.0941 1.0000e-12      18002          6  0.000e+00
     75.164   71.40912 -157.49038     75.953    -1.6600    -1.6588    -1.6613    32.7306    32.7407  1026.6995    26.3327    246.958    233.620  370.14879     66.719     0.0965     0.2308     1.0941 1.0000e-12      18003          6  0.000e+00
     75.164   71.40912 -157.49038     75.953    -1.6602    -1.6587    -1.6615    32.7304    32.7407  1026.6993    26.3325    246.955    233.633  370.15098     66.717     0.0965     0.2308     1.0941 1.0000e-12      18004          6  0.000e+00
     75.148   71.40912 -157.49038     75.937    -1.6603    -1.6588    -1.6616    32.7308    32.7407  1026.6996    26.3329    246.951    233.646  370.15098     66.716     0.0977     0.2381     1.0941 1.0000e-12      18005          6  0.000e+00
     75.218   71.40912 -157.49038     76.007    -1.6603    -1.6587    -1.6616    32.7308    32.7409  1026.6999    26.3328    246.949    233.658  370.15110     66.716     0.0965     0.2308     1.0941 1.0000e-12      18006          6  0.000e+00
     75.148   71.40912 -157.49038     75.937    -1.6600    -1.6588    -1.6613    32.7306    32.7410  1026.6994    26.3327    246.941    233.666  370.14877     66.714     0.0977     0.2381     1.0941 8.4714e-06      18007          6  0.000e+00
     75.218   71.40912 -157.49038     76.007    -1.6602    -1.6587    -1.6615    32.7313    32.7410  1026.7003    26.3333    246.677    233.675  370.14842     66.643     0.0952     0.2234     1.0941 1.0000e-12      18008          6  0.000e+00
     75.202   71.40912 -157.49038     75.992    -1.6606    -1.6588    -1.6619    32.7315    32.7407  1026.7005    26.3335    246.888    233.717  370.15176     66.699     0.0977     0.2381     1.0941 1.0000e-12      18009          6  0.000e+00
     75.218   71.40912 -157.49038     76.007    -1.6603    -1.6590    -1.6616    32.7309    32.7409  1026.7000    26.3330    246.885    233.759  370.15060     66.699     0.0965     0.2308     1.0941 1.0000e-12      18010          6  0.000e+00
     75.148   71.40912 -157.49038     75.937    -1.6602    -1.6590    -1.6615    32.7309    32.7411  1026.6997    26.3330    246.933    233.764  370.14943     66.712     0.0965     0.2308     1.0941 8.4714e-06      18011          6  0.000e+00
     75.218   71.40912 -157.49038     76.007    -1.6604    -1.6590    -1.6618    32.7309    32.7407  1026.7000    26.3329    246.937    233.772  370.15253     66.712     0.0952     0.2234     1.0941 1.0000e-12      18012          6  0.000e+00
     75.202   71.40912 -157.49038     75.992    -1.6602    -1.6590    -1.6615    32.7308    32.7410  1026.6999    26.3329    246.935    234.007  370.14979     66.712     0.0904     0.1941     1.0941 1.0000e-12      18013          6  0.000e+00
     50.436   71.40912 -157.49002     50.962    -1.6270    -1.6264    -1.6279    32.6717    32.6825  1026.5302    26.2840    267.372    251.705  369.99151     72.264     0.1319     0.4432     0.9364 1.0000e-12      21843          7  0.000e+00
     50.436   71.40912 -157.49002     50.962    -1.6274    -1.6263    -1.6283    32.6721    32.6825  1026.5305    26.2844    267.611    251.757  369.99386     72.329     0.1331     0.4505     0.9364 1.0000e-12      21844          7  0.000e+00
     50.428   71.40912 -157.49002     50.954    -1.6269    -1.6265    -1.6278    32.6716    32.6825  1026.5301    26.2839    267.371    251.583  369.99072     72.264     0.1319     0.4432     0.9364 1.0000e-12      21845          7  0.000e+00
     50.374   71.40912 -157.49002     50.900    -1.6269    -1.6267    -1.6278    32.6716    32.6830  1026.5298    26.2840    267.600    251.609  369.99062     72.326     0.1331     0.4505     0.9364 1.0000e-12      21846          7  0.000e+00
     50.436   71.40912 -157.49002     50.962    -1.6269    -1.6267    -1.6278    32.6718    32.6827  1026.5303    26.2841    267.618    251.609  369.99010     72.331     0.1331     0.4505     0.9299 8.4714e-06      21847          7  0.000e+00
     50.436   71.40912 -157.49002     50.962    -1.6269    -1.6269    -1.6278    32.6716    32.6833  1026.5301    26.2840    267.631    251.609  369.99060     72.335     0.1331     0.4505     0.9273 1.0000e-12      21848          7  0.000e+00
     50.436   71.40912 -157.49002     50.962    -1.6269    -1.6269    -1.6278    32.6716    32.6833  1026.5301    26.2839    267.640    251.843  369.99073     72.337     0.1319     0.4432     0.9273 1.0000e-12      21849          7  0.000e+00
     50.436   71.40912 -157.49002     50.962    -1.6269    -1.6269    -1.6278    32.6716    32.6832  1026.5301    26.2839    267.644    251.879  369.99073     72.338     0.1331     0.4505     0.9273 1.0000e-12      21850          7  0.000e+00
     50.436   71.40912 -157.49002     50.962    -1.6267    -1.6269    -1.6276    32.6716    32.6832  1026.5301    26.2839    267.642    251.917  369.98893     72.338     0.1319     0.4432     0.9273 1.0000e-12      21851          7  0.000e+00
     50.436   71.40912 -157.49002     50.962    -1.6266    -1.6269    -1.6275    32.6715    32.6827  1026.5300    26.2839    267.637    251.727  369.98750     72.337     0.1331     0.4505     0.9273 1.0000e-12      21852          7  0.000e+00
     50.436   71.40912 -157.49002     50.962    -1.6266    -1.6271    -1.6275    32.6715    32.6832  1026.5300    26.2839    267.629    251.967  369.98750     72.335     0.1331     0.4505     0.9273 1.0000e-12      21853          7  0.000e+00
     50.436   71.40912 -157.49002     50.962    -1.6264    -1.6272    -1.6273    32.6713    32.6832  1026.5299    26.2837    267.615    251.781  369.98672     72.331     0.1331     0.4505     0.9273 1.0000e-12      21854          7  0.000e+00
     50.436   71.40912 -157.49002     50.962    -1.6266    -1.6272    -1.6275    32.6717    32.6833  1026.5302    26.2840    266.870    252.024  369.98687     72.130     0.1331     0.4505     0.9273 1.0000e-12      21855          7  0.000e+00
     50.436   71.40912 -157.49002     50.963    -1.6267    -1.6269    -1.6276    32.6717    32.6829  1026.5302    26.2840    267.490    251.840  369.98855     72.297     0.1331     0.4505     0.9273 8.4714e-06      21856          7  0.000e+00
     50.436   71.40912 -157.49002     50.963    -1.6264    -1.6269    -1.6273    32.6713    32.6830  1026.5299    26.2837    267.732    252.088  369.98672     72.362     0.1331     0.4505     0.9273 1.0000e-12      21857          7  0.000e+00
     50.490   71.40912 -157.49002     51.017    -1.6269    -1.6267    -1.6278    32.6712    32.6827  1026.5300    26.2836    267.505    252.140  369.99184     72.300     0.1319     0.4432     0.9273 1.0000e-12      21858          7  0.000e+00
     50.436   71.40912 -157.49002     50.963    -1.6270    -1.6266    -1.6279    32.6715    32.6827  1026.5301    26.2839    267.528    251.960  369.99202     72.306     0.1331     0.4505     0.9273 1.0000e-12      21859          7  0.000e+00
     50.490   71.40912 -157.49002     51.017    -1.6270    -1.6266    -1.6279    32.6719    32.6828  1026.5306    26.2842    267.500    251.950  369.99098     72.299     0.1319     0.4432     0.9273 1.0000e-12      21860          7  0.000e+00
     50.490   71.40914 -157.49002     51.017    -1.6270    -1.6270    -1.6279    32.6717    32.6832  1026.5305    26.2840    267.519    251.943  369.99148     72.304     0.1319     0.4432     0.9273 8.4714e-06      21861          7  0.000e+00
     50.436   71.40914 -157.49002     50.963    -1.6272    -1.6271    -1.6281    32.6723    32.6834  1026.5307    26.2845    267.482    251.934  369.99142     72.294     0.1343     0.4579     0.9273 8.4714e-06      21862          7  0.000e+00
     50.436   71.40914 -157.49002     50.963    -1.6270    -1.6271    -1.6279    32.6718    32.6831  1026.5303    26.2841    267.442    252.158  369.99113     72.283     0.1319     0.4432     0.9273 8.4714e-06      21863          7  0.000e+00
     50.429   71.40914 -157.49002     50.955    -1.6272    -1.6274    -1.6281    32.6716    32.6835  1026.5301    26.2840    267.452    252.185  369.99343     72.286     0.1331     0.4505     0.9273 1.0000e-12      21864          7  0.000e+00
     50.544   71.40914 -157.49002     51.072    -1.6270    -1.6272    -1.6279    32.6715    32.6834  1026.5306    26.2839    267.461    252.247  369.99196     72.288     0.1319     0.4432     0.9273 1.0000e-12      21865          7  0.000e+00
     50.490   71.40914 -157.49002     51.017    -1.6275    -1.6271    -1.6284    32.6722    32.6831  1026.5309    26.2844    267.466    252.272  369.99474     72.289     0.1331     0.4505     0.9273 1.0000e-12      21866          7  0.000e+00
     50.490   71.40914 -157.49002     51.017    -1.6275    -1.6274    -1.6284    32.6717    32.6836  1026.5305    26.2841    267.469    252.300  369.99601     72.290     0.1355     0.4652     0.9286 1.0000e-12      21867          7  0.000e+00
     50.490   71.40914 -157.49002     51.017    -1.6277    -1.6272    -1.6286    32.6724    32.6832  1026.5311    26.2847    267.469    252.326  369.99566     72.290     0.1404     0.4945     0.9299 1.0000e-12      21868          7  0.000e+00
     50.490   71.40914 -157.49002     51.017    -1.6277    -1.6272    -1.6286    32.6726    32.6834  1026.5313    26.2848    267.466    252.123  369.99503     72.289     0.1392     0.4872     0.9299 8.4714e-06      21869          7  0.000e+00
     50.490   71.40914 -157.49002     51.017    -1.6277    -1.6272    -1.6286    32.6724    32.6832  1026.5310    26.2846    267.202    252.119  369.99579     72.218     0.1404     0.4945     0.9299 1.0000e-12      21870          7  0.000e+00
     50.490   71.40914 -157.49002     51.017    -1.6277    -1.6274    -1.6286    32.6723    32.6833  1026.5310    26.2846    267.669    252.118  369.99591     72.344     0.1416     0.5018     0.9299 1.0000e-12      21871          7  0.000e+00
     50.491   71.40914 -157.49002     51.017    -1.6279    -1.6274    -1.6288    32.6727    32.6833  1026.5313    26.2849    267.452    252.347  369.99787     72.285     0.1404     0.4945     0.9299 1.0000e-12      21872          7  0.000e+00
     50.491   71.40914 -157.49002     51.017    -1.6274    -1.6272    -1.6283    32.6718    32.6831  1026.5305    26.2841    267.699    252.377  369.99472     72.352     0.1404     0.4945     0.9299 1.0000e-12      21873          7  0.000e+00
     50.545   71.40914 -157.49002     51.072    -1.6275    -1.6275    -1.6284    32.6720    32.6834  1026.5310    26.2843    267.476    252.378  369.99509     72.292     0.1404     0.4945     0.9299 1.0000e-12      21874          7  0.000e+00
     50.491   71.40914 -157.49002     51.018    -1.6272    -1.6274    -1.6281    32.6718    32.6833  1026.5306    26.2842    267.716    252.174  369.99279     72.357     0.1404     0.4945     0.9299 8.4714e-06      21875          7  0.000e+00
     50.545   71.40914 -157.49002     51.072    -1.6272    -1.6276    -1.6281    32.6718    32.6835  1026.5308    26.2841    267.747    252.407  369.99288     72.366     0.1392     0.4872     0.9299 1.0000e-12      21876          7  0.000e+00
     50.491   71.40914 -157.49002     51.018    -1.6270    -1.6276    -1.6279    32.6714    32.6835  1026.5302    26.2838    267.770    252.436  369.99237     72.372     0.1404     0.4945     0.9299 1.0000e-12      21877          7  0.000e+00
