EcoFOCI/data/1_SampleCollection/2023_SikuliaqDBO_CruiseData/CTD_raw_BottleFile_SKQ23-12S/proc/skq202312s_037.ros
* Sea-Bird SBE 9 Data File:
* FileName = D:\CTD\SKQ202312S\SKQ202312S_037.hex
* Software Version Seasave V 7.26.7.121
* Temperature SN = 6177
* Conductivity SN = 0369
* Number of Bytes Per Scan = 41
* Number of Voltage Words = 4
* Number of Scans Averaged by the Deck Unit = 1
* NMEA Latitude = 71 11.55 N
* NMEA Longitude = 160 15.97 W
* NMEA UTC (Time) = Sep 23 2023  07:57:53
* NMEA baud rate = 4800
** Ship: R/V Sikuliaq
** Station Number: 037
** Station Name: DBO4.1n
** Bottom Depth: 54
** Operator: SS
# nquan = 22
# nvalues = 980                                   
# units = specified
# name 0 = depSM: Depth [salt water, m]
# name 1 = latitude: Latitude [deg]
# name 2 = longitude: Longitude [deg]
# name 3 = prDM: Pressure, Digiquartz [db]
# name 4 = t090C: Temperature [ITS-90, deg C]
# name 5 = t190C: Temperature, 2 [ITS-90, deg C]
# name 6 = potemp090C: Potential Temperature [ITS-90, deg C]
# name 7 = sal00: Salinity, Practical [PSU]
# name 8 = sal11: Salinity, Practical, 2 [PSU]
# name 9 = density00: Density [density, kg/m^3]
# name 10 = sigma-é00: Density [sigma-theta, kg/m^3]
# name 11 = sbox0Mm/Kg: Oxygen, SBE 43 [umol/kg]
# name 12 = sbox1Mm/Kg: Oxygen, SBE 43, 2 [umol/kg]
# name 13 = oxsolMm/Kg: Oxygen Saturation, Garcia & Gordon [umol/kg]
# name 14 = sbeox0PS: Oxygen, SBE 43 [% saturation]
# name 15 = v0: Voltage 0
# name 16 = flECO-AFL: Fluorescence, WET Labs ECO-AFL/FL [mg/m^3]
# name 17 = CStarAt0: Beam Attenuation, WET Labs C-Star [1/m]
# name 18 = par: PAR/Irradiance, Biospherical/Licor
# name 19 = scan: Scan Count
# name 20 = nbf: Bottles Fired
# name 21 = flag:  0.000e+00
# interval = seconds: 0.0416667
# start_time = Sep 23 2023 08:01:24 [NMEA time, first data scan]
# bad_flag = -9.990e-29
*END*
[from data line 527]
     18.064   71.19248 -160.26608     18.251    -1.5211    -1.5207    -1.5214    32.5212    32.5324  1026.2474    26.1592    353.354    339.236  369.37423     95.663     0.4811     2.5384     0.7583 1.0000e-12      20855         11  0.000e+00
     18.033   71.19248 -160.26608     18.220    -1.5211    -1.5218    -1.5214    32.5210    32.5337  1026.2471    26.1591    353.382    339.221  369.37455     95.670     0.4823     2.5458     0.7558 1.6876e-03      20856         11  0.000e+00
     18.064   71.19248 -160.26608     18.251    -1.5212    -1.5217    -1.5215    32.5215    32.5334  1026.2476    26.1595    353.408    339.417  369.37450     95.677     0.4811     2.5384     0.7558 2.7065e-03      20857         11  0.000e+00
     18.064   71.19248 -160.26608     18.251    -1.5206    -1.5205    -1.5210    32.5209    32.5323  1026.2472    26.1590    353.681    339.393  369.37023     95.753     0.4823     2.5458     0.7558 2.3659e-03      20858         11  0.000e+00
     18.033   71.19248 -160.26608     18.220    -1.5199    -1.5213    -1.5202    32.5199    32.5331  1026.2462    26.1582    353.738    339.404  369.36585     95.769     0.4811     2.5384     0.7558 3.4241e-04      20859         11  0.000e+00
     18.010   71.19248 -160.26608     18.197    -1.5196    -1.5225    -1.5199    32.5198    32.5338  1026.2460    26.1581    353.533    339.407  369.36311     95.714     0.4823     2.5458     0.7558 1.0000e-12      20860         11  0.000e+00
     18.034   71.19248 -160.26608     18.220    -1.5195    -1.5230    -1.5199    32.5198    32.5338  1026.2461    26.1581    353.538    339.395  369.36276     95.716     0.4811     2.5384     0.7558 1.0000e-12      20861         11  0.000e+00
     18.010   71.19248 -160.26608     18.197    -1.5190    -1.5223    -1.5193    32.5198    32.5330  1026.2460    26.1581    353.530    339.587  369.35693     95.715     0.4823     2.5458     0.7558 1.0000e-12      20862         11  0.000e+00
     18.064   71.19248 -160.26608     18.251    -1.5182    -1.5215    -1.5185    32.5187    32.5324  1026.2453    26.1572    353.524    339.374  369.35271     95.714     0.4823     2.5458     0.7558 1.0000e-12      20863         11  0.000e+00
     18.034   71.19248 -160.26608     18.220    -1.5179    -1.5212    -1.5182    32.5179    32.5321  1026.2445    26.1565    353.512    339.349  369.35157     95.712     0.4823     2.5458     0.7558 1.0000e-12      20864         11  0.000e+00
     18.011   71.19248 -160.26608     18.197    -1.5177    -1.5209    -1.5181    32.5173    32.5316  1026.2439    26.1560    353.499    339.314  369.35213     95.708     0.4811     2.5384     0.7558 1.0000e-12      20865         11  0.000e+00
     18.011   71.19248 -160.26608     18.197    -1.5177    -1.5207    -1.5181    32.5172    32.5318  1026.2438    26.1560    353.741    339.269  369.35238     95.773     0.4823     2.5458     0.7558 1.0000e-12      20866         11  0.000e+00
     18.093   71.19248 -160.26608     18.280    -1.5180    -1.5216    -1.5184    32.5185    32.5330  1026.2453    26.1570    353.057    340.032  369.35159     95.588     0.5385     2.8828     0.7583 1.0000e-12      21030         12  0.000e+00
     18.070   71.19248 -160.26608     18.257    -1.5188    -1.5213    -1.5191    32.5188    32.5327  1026.2454    26.1573    353.082    339.955  369.35813     95.593     0.5372     2.8754     0.7583 1.0000e-12      21031         12  0.000e+00
     18.070   71.19248 -160.26608     18.257    -1.5193    -1.5213    -1.5196    32.5194    32.5329  1026.2459    26.1578    353.105    339.909  369.36151     95.599     0.5275     2.8168     0.7583 1.0000e-12      21032         12  0.000e+00
     18.039   71.19248 -160.26608     18.226    -1.5196    -1.5212    -1.5199    32.5194    32.5326  1026.2458    26.1577    353.074    339.859  369.36454     95.589     0.5238     2.7949     0.7583 1.0000e-12      21033         12  0.000e+00
     18.132   71.19248 -160.26608     18.320    -1.5203    -1.5215    -1.5207    32.5199    32.5325  1026.2466    26.1582    353.101    339.817  369.37053     95.595     0.5226     2.7875     0.7583 1.0000e-12      21034         12  0.000e+00
     18.016   71.19248 -160.26608     18.203    -1.5204    -1.5219    -1.5208    32.5201    32.5332  1026.2463    26.1584    353.113    339.761  369.37085     95.598     0.5238     2.7949     0.7583 1.0000e-12      21035         12  0.000e+00
     18.094   71.19248 -160.26608     18.281    -1.5205    -1.5221    -1.5208    32.5208    32.5331  1026.2473    26.1590    352.874    339.710  369.36937     95.534     0.5238     2.7949     0.7583 1.0000e-12      21036         12  0.000e+00
     18.070   71.19248 -160.26608     18.257    -1.5208    -1.5222    -1.5211    32.5210    32.5335  1026.2472    26.1591    352.845    339.652  369.37191     95.526     0.5238     2.7949     0.7596 1.0000e-12      21037         12  0.000e+00
     18.132   71.19248 -160.26608     18.320    -1.5204    -1.5222    -1.5208    32.5205    32.5338  1026.2472    26.1587    353.023    339.593  369.36968     95.574     0.5238     2.7949     0.7596 1.0000e-12      21038         12  0.000e+00
     18.040   71.19248 -160.26608     18.226    -1.5197    -1.5222    -1.5200    32.5201    32.5334  1026.2464    26.1583    352.772    339.559  369.36356     95.508     0.5238     2.7949     0.7609 1.0000e-12      21039         12  0.000e+00
     18.071   71.19248 -160.26608     18.257    -1.5191    -1.5228    -1.5195    32.5191    32.5337  1026.2457    26.1575    352.999    339.534  369.36060     95.570     0.5226     2.7875     0.7596 1.0000e-12      21040         12  0.000e+00
     18.094   71.19248 -160.26608     18.281    -1.5196    -1.5228    -1.5199    32.5197    32.5340  1026.2463    26.1580    352.973    339.501  369.36351     95.562     0.5238     2.7949     0.7609 1.0000e-12      21041         12  0.000e+00
     18.132   71.19248 -160.26608     18.320    -1.5200    -1.5230    -1.5203    32.5201    32.5339  1026.2468    26.1583    352.996    339.437  369.36643     95.568     0.5238     2.7949     0.7609 1.0000e-12      21042         12  0.000e+00
     18.071   71.19248 -160.26608     18.258    -1.5200    -1.5230    -1.5204    32.5203    32.5338  1026.2467    26.1585    353.012    339.364  369.36646     95.572     0.5238     2.7949     0.7609 1.0000e-12      21043         12  0.000e+00
     18.094   71.19248 -160.26608     18.281    -1.5202    -1.5230    -1.5205    32.5204    32.5340  1026.2469    26.1586    352.981    339.325  369.36716     95.564     0.5238     2.7949     0.7596 1.0000e-12      21044         12  0.000e+00
     18.071   71.19248 -160.26608     18.258    -1.5197    -1.5231    -1.5200    32.5201    32.5343  1026.2465    26.1583    352.734    339.284  369.36349     95.498     0.5238     2.7949     0.7609 1.0000e-12      21045         12  0.000e+00
     18.132   71.19248 -160.26608     18.320    -1.5194    -1.5228    -1.5197    32.5199    32.5338  1026.2467    26.1582    352.961    339.242  369.36063     95.560     0.5250     2.8022     0.7596 1.0000e-12      21046         12  0.000e+00
     18.094   71.19248 -160.26608     18.281    -1.5188    -1.5230    -1.5192    32.5191    32.5341  1026.2458    26.1575    352.974    339.197  369.35793     95.564     0.5238     2.7949     0.7596 1.0000e-12      21047         12  0.000e+00
     18.133   71.19248 -160.26608     18.320    -1.5187    -1.5230    -1.5190    32.5189    32.5338  1026.2458    26.1574    352.993    339.155  369.35658     95.570     0.5238     2.7949     0.7596 1.0000e-12      21048         12  0.000e+00
     18.071   71.19248 -160.26608     18.258    -1.5195    -1.5230    -1.5199    32.5196    32.5340  1026.2461    26.1579    353.016    339.138  369.36333     95.574     0.5238     2.7949     0.7596 1.0000e-12      21049         12  0.000e+00
     18.094   71.19248 -160.26608     18.281    -1.5206    -1.5230    -1.5210    32.5203    32.5338  1026.2468    26.1585    352.995    339.126  369.37216     95.566     0.5238     2.7949     0.7609 1.0000e-12      21050         12  0.000e+00
     18.133   71.19248 -160.26608     18.320    -1.5214    -1.5234    -1.5218    32.5209    32.5347  1026.2475    26.1590    353.021    338.889  369.37832     95.572     0.5226     2.7875     0.7596 1.0000e-12      21051         12  0.000e+00
     18.071   71.19248 -160.26608     18.258    -1.5220    -1.5234    -1.5223    32.5218    32.5344  1026.2479    26.1597    352.780    338.810  369.38161     95.506     0.5238     2.7949     0.7609 1.0000e-12      21052         12  0.000e+00
     18.148   71.19248 -160.26608     18.336    -1.5226    -1.5236    -1.5229    32.5224    32.5346  1026.2489    26.1603    353.016    338.737  369.38540     95.568     0.5226     2.7875     0.7596 1.0000e-12      21053         12  0.000e+00
     18.071   71.19248 -160.26608     18.258    -1.5225    -1.5237    -1.5228    32.5221    32.5351  1026.2482    26.1600    353.030    338.690  369.38523     95.572     0.5238     2.7949     0.7609 1.0000e-12      21054         12  0.000e+00
     18.094   71.19248 -160.26608     18.281    -1.5225    -1.5231    -1.5228    32.5222    32.5343  1026.2484    26.1601    353.049    338.645  369.38503     95.578     0.5238     2.7949     0.7609 1.0000e-12      21055         12  0.000e+00
     18.187   71.19248 -160.26608     18.375    -1.5226    -1.5231    -1.5229    32.5224    32.5340  1026.2490    26.1602    353.073    338.609  369.38559     95.584     0.5238     2.7949     0.7609 1.0000e-12      21056         12  0.000e+00
     18.071   71.19248 -160.26608     18.258    -1.5224    -1.5233    -1.5227    32.5227    32.5344  1026.2487    26.1605    353.083    338.564  369.38244     95.587     0.5226     2.7875     0.7621 1.0000e-12      21057         12  0.000e+00
     18.148   71.19248 -160.26608     18.336    -1.5224    -1.5236    -1.5227    32.5228    32.5349  1026.2491    26.1606    353.104    338.531  369.38208     95.593     0.5226     2.7875     0.7659 1.0000e-12      21058         12  0.000e+00
     18.133   71.19248 -160.26608     18.320    -1.5217    -1.5237    -1.5220    32.5224    32.5349  1026.2487    26.1603    353.116    338.494  369.37688     95.598     0.5226     2.7875     0.7659 1.0000e-12      21059         12  0.000e+00
     18.071   71.19248 -160.26608     18.258    -1.5209    -1.5242    -1.5212    32.5222    32.5348  1026.2483    26.1601    353.123    338.461  369.36942     95.602     0.5226     2.7875     0.7659 1.0000e-12      21060         12  0.000e+00
     18.148   71.19248 -160.26608     18.336    -1.5196    -1.5242    -1.5199    32.5207    32.5351  1026.2474    26.1588    353.135    338.462  369.36072     95.607     0.5238     2.7949     0.7659 1.0000e-12      21061         12  0.000e+00
     18.133   71.19248 -160.26608     18.321    -1.5180    -1.5242    -1.5184    32.5191    32.5351  1026.2460    26.1575    353.088    338.430  369.34978     95.597     0.5226     2.7875     0.7659 1.0000e-12      21062         12  0.000e+00
     18.133   71.19248 -160.26608     18.321    -1.5171    -1.5239    -1.5174    32.5183    32.5346  1026.2453    26.1568    353.045    338.202  369.34291     95.587     0.5226     2.7875     0.7659 1.0000e-12      21063         12  0.000e+00
     18.149   71.19248 -160.26608     18.336    -1.5166    -1.5234    -1.5170    32.5179    32.5347  1026.2451    26.1565    353.056    338.401  369.33944     95.591     0.5226     2.7875     0.7659 1.0000e-12      21064         12  0.000e+00
     18.071   71.19248 -160.26608     18.258    -1.5171    -1.5234    -1.5174    32.5185    32.5349  1026.2452    26.1570    353.070    338.406  369.34230     95.594     0.5226     2.7875     0.7659 1.0000e-12      21065         12  0.000e+00
     18.187   71.19248 -160.26608     18.375    -1.5173    -1.5231    -1.5176    32.5189    32.5343  1026.2460    26.1573    353.349    338.422  369.34305     95.670     0.5214     2.7802     0.7659 1.0000e-12      21066         12  0.000e+00
     18.095   71.19248 -160.26608     18.282    -1.5172    -1.5230    -1.5176    32.5191    32.5341  1026.2457    26.1574    353.147    338.431  369.34186     95.615     0.5226     2.7875     0.7659 1.0000e-12      21067         12  0.000e+00
     18.133   71.19248 -160.26608     18.321    -1.5175    -1.5226    -1.5178    32.5189    32.5336  1026.2458    26.1573    353.164    338.219  369.34450     95.619     0.5214     2.7802     0.7659 1.0000e-12      21068         12  0.000e+00
     18.149   71.19248 -160.26608     18.336    -1.5170    -1.5222    -1.5173    32.5186    32.5337  1026.2456    26.1570    353.122    338.205  369.34103     95.609     0.5226     2.7875     0.7659 1.0000e-12      21069         12  0.000e+00
     18.133   71.19248 -160.26608     18.321    -1.5171    -1.5227    -1.5174    32.5188    32.5341  1026.2457    26.1572    353.390    338.397  369.34153     95.681     0.5214     2.7802     0.7659 1.0000e-12      21070         12  0.000e+00
     18.133   71.19248 -160.26608     18.321    -1.5168    -1.5231    -1.5172    32.5190    32.5345  1026.2458    26.1574    353.443    338.427  369.33807     95.696     0.5226     2.7875     0.7659 1.0000e-12      21071         12  0.000e+00
     18.149   71.19248 -160.26608     18.337    -1.5165    -1.5230    -1.5169    32.5185    32.5344  1026.2455    26.1570    353.240    338.455  369.33652     95.642     0.5214     2.7802     0.7659 1.0000e-12      21072         12  0.000e+00
     18.133   71.19248 -160.26608     18.321    -1.5162    -1.5234    -1.5165    32.5183    32.5346  1026.2452    26.1567    353.500    338.262  369.33391     95.713     0.5226     2.7875     0.7659 1.0000e-12      21073         12  0.000e+00
     18.133   71.19248 -160.26608     18.321    -1.5159    -1.5233    -1.5162    32.5176    32.5342  1026.2447    26.1562    353.243    338.233  369.33296     95.643     0.5238     2.7949     0.7659 1.0000e-12      21074         12  0.000e+00
     18.149   71.19248 -160.26608     18.337    -1.5154    -1.5230    -1.5158    32.5175    32.5342  1026.2447    26.1561    353.241    338.237  369.32874     95.644     0.5226     2.7875     0.7659 1.0000e-12      21075         12  0.000e+00
     18.134   71.19248 -160.26608     18.321    -1.5150    -1.5219    -1.5153    32.5173    32.5332  1026.2444    26.1559    353.495    338.433  369.32471     95.714     0.5226     2.7875     0.7659 1.0000e-12      21076         12  0.000e+00
     18.134   71.19248 -160.26608     18.321    -1.5143    -1.5214    -1.5147    32.5164    32.5329  1026.2437    26.1552    353.282    338.211  369.32105     95.657     0.5226     2.7875     0.7646 1.0000e-12      21077         12  0.000e+00
     18.149   71.19248 -160.26608     18.337    -1.5143    -1.5218    -1.5147    32.5165    32.5332  1026.2439    26.1553    353.540    338.196  369.32057     95.727     0.5226     2.7875     0.7583 1.0000e-12      21078         12  0.000e+00
     13.204   71.19248 -160.26608     13.340    -1.0168    -1.0031    -1.0171    31.8794    31.8783  1025.6894    25.6251    465.976    443.432  366.25241    127.228     0.1783     0.7216     0.6863 1.0000e-12      24100         13  0.000e+00
     13.204   71.19248 -160.26608     13.340    -1.0165    -1.0031    -1.0168    31.8793    31.8787  1025.6892    25.6249    465.546    443.665  366.25012    127.111     0.1783     0.7216     0.6863 1.0000e-12      24101         13  0.000e+00
     13.227   71.19248 -160.26608     13.364    -1.0163    -1.0031    -1.0166    31.8787    31.8791  1025.6889    25.6245    465.582    443.479  366.25010    127.121     0.1783     0.7216     0.6863 1.0000e-12      24102         13  0.000e+00
     13.150   71.19248 -160.26608     13.286    -1.0165    -1.0027    -1.0168    31.8790    31.8788  1025.6888    25.6247    465.567    443.447  366.25088    127.117     0.1795     0.7289     0.6863 8.4714e-06      24103         13  0.000e+00
