EcoFOCI/data/1_SampleCollection/2023_SikuliaqDBO_CruiseData/CTD_raw_BottleFile_SKQ23-12S/proc/skq202312s_052.ros
* Sea-Bird SBE 9 Data File:
* FileName = D:\CTD\SKQ202312S\SKQ202312S_052.hex
* Software Version Seasave V 7.26.7.121
* Temperature SN = 6177
* Conductivity SN = 0369
* Number of Bytes Per Scan = 41
* Number of Voltage Words = 4
* Number of Scans Averaged by the Deck Unit = 1
* NMEA Latitude = 70 49.96 N
* NMEA Longitude = 163 07.13 W
* NMEA UTC (Time) = Sep 26 2023  20:42:12
* NMEA baud rate = 4800
** Ship: R/V Sikuliaq
** Station Number: 052
** Station Name: C1
** Bottom Depth: 45
** Operator: SD
** Moorings site C1
# nquan = 22
# nvalues = 147                                   
# units = specified
# name 0 = depSM: Depth [salt water, m]
# name 1 = latitude: Latitude [deg]
# name 2 = longitude: Longitude [deg]
# name 3 = prDM: Pressure, Digiquartz [db]
# name 4 = t090C: Temperature [ITS-90, deg C]
# name 5 = t190C: Temperature, 2 [ITS-90, deg C]
# name 6 = potemp090C: Potential Temperature [ITS-90, deg C]
# name 7 = sal00: Salinity, Practical [PSU]
# name 8 = sal11: Salinity, Practical, 2 [PSU]
# name 9 = density00: Density [density, kg/m^3]
# name 10 = sigma-é00: Density [sigma-theta, kg/m^3]
# name 11 = sbox0Mm/Kg: Oxygen, SBE 43 [umol/kg]
# name 12 = sbox1Mm/Kg: Oxygen, SBE 43, 2 [umol/kg]
# name 13 = oxsolMm/Kg: Oxygen Saturation, Garcia & Gordon [umol/kg]
# name 14 = sbeox0PS: Oxygen, SBE 43 [% saturation]
# name 15 = v0: Voltage 0
# name 16 = flECO-AFL: Fluorescence, WET Labs ECO-AFL/FL [mg/m^3]
# name 17 = CStarAt0: Beam Attenuation, WET Labs C-Star [1/m]
# name 18 = par: PAR/Irradiance, Biospherical/Licor
# name 19 = scan: Scan Count
# name 20 = nbf: Bottles Fired
# name 21 = flag:  0.000e+00
# interval = seconds: 0.0416667
# start_time = Sep 26 2023 20:44:50 [NMEA time, first data scan]
# bad_flag = -9.990e-29
*END*
[from data line 132]
     38.310   70.83304 -163.11882     38.708     4.4684     4.4693     4.4658    31.7411    31.7520  1025.3289    25.1485    234.397    220.877  318.98843     73.481     0.0806     0.1355     2.5984 5.7217e-02       6268          3  0.000e+00
     38.256   70.83304 -163.11882     38.653     4.4681     4.4688     4.4655    31.7412    31.7527  1025.3288    25.1486    234.218    220.912  318.99070     73.425     0.0806     0.1355     2.5984 6.6343e-02       6269          3  0.000e+00
     38.302   70.83304 -163.11882     38.700     4.4681     4.4691     4.4655    31.7412    31.7525  1025.3290    25.1486    234.217    221.131  318.99066     73.424     0.0806     0.1355     2.5984 6.6864e-02       6270          3  0.000e+00
     38.256   70.83304 -163.11882     38.653     4.4681     4.4690     4.4655    31.7413    31.7526  1025.3288    25.1487    234.213    221.181  318.99051     73.423     0.0794     0.1282     2.5984 5.4276e-02       6271          3  0.000e+00
     38.256   70.83304 -163.11882     38.653     4.4681     4.4691     4.4655    31.7409    31.7526  1025.3286    25.1484    234.211    221.228  318.99135     73.422     0.0806     0.1355     2.5984 4.6671e-02       6272          3  0.000e+00
     38.302   70.83304 -163.11882     38.700     4.4680     4.4688     4.4654    31.7413    31.7526  1025.3291    25.1487    234.243    221.276  318.99169     73.432     0.0818     0.1428     2.5984 4.5745e-02       6273          3  0.000e+00
     38.256   70.83304 -163.11882     38.653     4.4683     4.4691     4.4657    31.7410    31.7524  1025.3286    25.1484    234.239    221.482  318.98995     73.431     0.0806     0.1355     2.5984 5.1384e-02       6274          3  0.000e+00
     38.310   70.83304 -163.11882     38.708     4.4680     4.4691     4.4654    31.7411    31.7527  1025.3290    25.1486    234.274    221.521  318.99207     73.442     0.0806     0.1355     2.5984 5.7217e-02       6275          3  0.000e+00
     38.256   70.83304 -163.11882     38.653     4.4680     4.4691     4.4654    31.7411    31.7523  1025.3287    25.1486    234.064    221.553  318.99210     73.376     0.0806     0.1355     2.5984 5.8208e-02       6276          3  0.000e+00
     38.302   70.83304 -163.11882     38.700     4.4681     4.4691     4.4655    31.7413    31.7524  1025.3290    25.1487    234.242    221.605  318.99057     73.432     0.0806     0.1355     2.5984 6.0711e-02       6277          3  0.000e+00
     38.256   70.83304 -163.11882     38.653     4.4678     4.4692     4.4652    31.7416    31.7526  1025.3291    25.1489    234.452    221.628  318.99220     73.498     0.0794     0.1282     2.6004 6.3250e-02       6278          3  0.000e+00
     38.256   70.83304 -163.11882     38.653     4.4680     4.4696     4.4654    31.7414    31.7521  1025.3289    25.1488    234.274    221.670  318.99108     73.442     0.0806     0.1355     2.5984 6.3762e-02       6279          3  0.000e+00
     38.302   70.83304 -163.11882     38.700     4.4678     4.4694     4.4652    31.7416    31.7526  1025.3294    25.1490    234.276    221.689  318.99207     73.443     0.0794     0.1282     2.6004 6.4790e-02       6280          3  0.000e+00
     38.256   70.83304 -163.11882     38.653     4.4677     4.4694     4.4651    31.7417    31.7523  1025.3292    25.1491    234.276    221.702  318.99305     73.442     0.0806     0.1355     2.5984 6.6343e-02       6281          3  0.000e+00
     38.256   70.83304 -163.11882     38.653     4.4680     4.4695     4.4654    31.7416    31.7523  1025.3291    25.1490    234.274    221.711  318.99089     73.442     0.0794     0.1282     2.5984 6.7386e-02       6282          3  0.000e+00
