EcoFOCI/data/1_SampleCollection/2023_SikuliaqDBO_CruiseData/CTD_raw_BottleFile_SKQ23-12S/proc/skq202312s_013.cnv
* Sea-Bird SBE 9 Data File:
* FileName = D:\CTD\SKQ202312S\SKQ202312S_013.hex
* Software Version Seasave V 7.26.7.121
* Temperature SN = 6177
* Conductivity SN = 0369
* Number of Bytes Per Scan = 41
* Number of Voltage Words = 4
* Number of Scans Averaged by the Deck Unit = 1
* NMEA Latitude = 64 40.35 N
* NMEA Longitude = 170 15.80 W
* NMEA UTC (Time) = Sep 17 2023  06:56:27
* NMEA baud rate = 4800
** Ship: R/V Sikuliaq
** Station Number: 013
** Station Name: DBO2.0a
** Bottom Depth: 48
** Operator: SS
# nquan = 24
# nvalues = 5338                                  
# units = specified
# name 0 = depSM: Depth [salt water, m]
# name 1 = latitude: Latitude [deg]
# name 2 = longitude: Longitude [deg]
# name 3 = prDM: Pressure, Digiquartz [db]
# name 4 = t090C: Temperature [ITS-90, deg C]
# name 5 = t190C: Temperature, 2 [ITS-90, deg C]
# name 6 = potemp090C: Potential Temperature [ITS-90, deg C]
# name 7 = sal00: Salinity, Practical [PSU]
# name 8 = sal11: Salinity, Practical, 2 [PSU]
# name 9 = density00: Density [density, kg/m^3]
# name 10 = sigma-é00: Density [sigma-theta, kg/m^3]
# name 11 = sbox0Mm/Kg: Oxygen, SBE 43 [umol/kg]
# name 12 = sbox1Mm/Kg: Oxygen, SBE 43, 2 [umol/kg]
# name 13 = oxsolMm/Kg: Oxygen Saturation, Garcia & Gordon [umol/kg]
# name 14 = sbeox0PS: Oxygen, SBE 43 [% saturation]
# name 15 = sbeox1PS: Oxygen, SBE 43, 2 [% saturation]
# name 16 = v0: Voltage 0
# name 17 = flECO-AFL: Fluorescence, WET Labs ECO-AFL/FL [mg/m^3]
# name 18 = v1: Voltage 1
# name 19 = CStarAt0: Beam Attenuation, WET Labs C-Star [1/m]
# name 20 = par: PAR/Irradiance, Biospherical/Licor
# name 21 = scan: Scan Count
# name 22 = timeM: Time, Elapsed [minutes]
# name 23 = flag:  0.000e+00
# span 0 =      2.165,     42.804                 
# span 1 =   64.67240,   64.67252                 
# span 2 = -170.26266, -170.26226                 
# span 3 =      2.187,     43.232                 
# span 4 =     2.5407,     3.0979                 
# span 5 =     2.5418,     3.0987                 
# span 6 =     2.5405,     3.0965                 
# span 7 =    32.7071,    33.0540                 
# span 8 =    32.7177,    33.0637                 
# span 9 =  1026.1044,  1026.5316                 
# span 10 =    26.0933,    26.3296                
# span 11 =    216.324,    306.337                
# span 12 =    204.806,    292.701                
# span 13 =  326.60286,  331.97288                
# span 14 =     66.127,     92.339                
# span 15 =     62.613,     88.186                
# span 16 =     0.1868,     1.3614                
# span 17 =     0.7729,     7.8205                
# span 18 =     3.3993,     3.8181                
# span 19 =     0.8419,     1.3068                
# span 20 = 1.0000e-12, 4.9402e-01                
# span 21 =          1,       5338                
# span 22 =     0.0000,     3.7062                
# span 23 = 0.0000e+00, 0.0000e+00                
# interval = seconds: 0.0416667
# start_time = Sep 17 2023 07:00:46 [NMEA time, first data scan]
# bad_flag = -9.990e-29
*END*
[from data line 3925]
     39.601   64.67252 -170.26228     39.996     3.0283     3.0290     3.0259    33.0532    33.0632  1026.5164    26.3289    217.446    206.578  327.12470     66.472     63.156     0.1929     0.8095     3.4554     1.2412 1.0000e-12       3926     2.7257  0.000e+00
     39.655   64.67252 -170.26228     40.050     3.0281     3.0290     3.0258    33.0532    33.0629  1026.5167    26.3289    217.662    206.567  327.12567     66.538     63.152     0.1941     0.8168     3.4542     1.2427 1.0000e-12       3927     2.7264  0.000e+00
     39.655   64.67252 -170.26228     40.050     3.0281     3.0288     3.0258    33.0531    33.0632  1026.5166    26.3288    217.262    206.553  327.12587     66.415     63.148     0.1929     0.8095     3.4554     1.2412 1.0000e-12       3928     2.7271  0.000e+00
     39.647   64.67252 -170.26228     40.042     3.0281     3.0287     3.0258    33.0528    33.0634  1026.5164    26.3286    217.411    206.344  327.12646     66.461     63.084     0.1929     0.8095     3.4554     1.2412 1.0000e-12       3929     2.7278  0.000e+00
     39.716   64.67252 -170.26228     40.113     3.0281     3.0288     3.0258    33.0528    33.0630  1026.5166    26.3285    217.164    206.502  327.12666     66.385     63.132     0.1929     0.8095     3.4554     1.2412 1.0000e-12       3930     2.7285  0.000e+00
     39.655   64.67252 -170.26228     40.050     3.0281     3.0287     3.0258    33.0530    33.0631  1026.5165    26.3287    217.568    206.486  327.12607     66.509     63.127     0.1929     0.8095     3.4554     1.2412 1.0000e-12       3931     2.7292  0.000e+00
     39.716   64.67252 -170.26228     40.113     3.0280     3.0287     3.0257    33.0536    33.0628  1026.5173    26.3292    217.396    206.471  327.12593     66.457     63.122     0.1917     0.8022     3.4554     1.2412 1.0000e-12       3932     2.7299  0.000e+00
     39.647   64.67252 -170.26228     40.042     3.0281     3.0285     3.0258    33.0530    33.0631  1026.5165    26.3287    217.587    206.451  327.12606     66.515     63.116     0.1929     0.8095     3.4554     1.2412 1.0000e-12       3933     2.7306  0.000e+00
     39.770   64.67252 -170.26228     40.167     3.0280     3.0285     3.0257    33.0533    33.0634  1026.5174    26.3290    217.601    206.435  327.12651     66.519     63.111     0.1941     0.8168     3.4554     1.2412 1.0000e-12       3934     2.7313  0.000e+00
     39.716   64.67252 -170.26228     40.113     3.0280     3.0287     3.0257    33.0528    33.0632  1026.5167    26.3286    217.647    206.437  327.12774     66.533     63.112     0.1929     0.8095     3.4554     1.2412 1.0000e-12       3935     2.7319  0.000e+00
     39.770   64.67252 -170.26228     40.167     3.0280     3.0288     3.0257    33.0526    33.0629  1026.5168    26.3284    217.660    206.418  327.12832     66.537     63.106     0.1941     0.8168     3.4554     1.2412 1.0000e-12       3936     2.7326  0.000e+00
     39.709   64.67252 -170.26228     40.105     3.0277     3.0287     3.0253    33.0534    33.0631  1026.5171    26.3291    217.671    206.226  327.12900     66.540     63.047     0.1929     0.8095     3.4554     1.2412 1.0000e-12       3937     2.7333  0.000e+00
     39.824   64.67252 -170.26228     40.222     3.0277     3.0285     3.0254    33.0531    33.0629  1026.5175    26.3289    217.505    206.188  327.12916     66.489     63.035     0.2051     0.8828     3.4554     1.2412 1.0000e-12       3938     2.7340  0.000e+00
     39.770   64.67252 -170.26228     40.167     3.0275     3.0285     3.0252    33.0531    33.0629  1026.5173    26.3289    217.485    206.144  327.13088     66.482     63.022     0.2198     0.9707     3.4554     1.2412 1.0000e-12       3939     2.7347  0.000e+00
     39.824   64.67252 -170.26228     40.222     3.0276     3.0283     3.0252    33.0530    33.0632  1026.5174    26.3288    217.467    206.127  327.13075     66.477     63.017     0.2234     0.9927     3.4554     1.2412 1.0000e-12       3940     2.7354  0.000e+00
     39.886   64.67252 -170.26228     40.284     3.0275     3.0282     3.0252    33.0526    33.0632  1026.5174    26.3285    217.452    206.112  327.13224     66.472     63.012     0.2222     0.9853     3.4554     1.2412 1.0000e-12       3941     2.7361  0.000e+00
     39.817   64.67252 -170.26228     40.214     3.0273     3.0283     3.0250    33.0527    33.0632  1026.5171    26.3286    217.435    206.092  327.13333     66.467     63.006     0.2222     0.9853     3.4554     1.2412 1.0000e-12       3942     2.7368  0.000e+00
     39.824   64.67252 -170.26228     40.222     3.0274     3.0282     3.0251    33.0528    33.0632  1026.5173    26.3287    217.420    206.077  327.13255     66.462     63.001     0.2210     0.9780     3.4554     1.2412 1.0000e-12       3943     2.7375  0.000e+00
     39.824   64.67252 -170.26228     40.222     3.0275     3.0283     3.0252    33.0528    33.0630  1026.5172    26.3286    217.407    206.062  327.13175     66.458     62.997     0.2222     0.9853     3.4554     1.2412 1.0000e-12       3944     2.7382  0.000e+00
     39.824   64.67252 -170.26228     40.222     3.0272     3.0282     3.0249    33.0532    33.0629  1026.5176    26.3290    217.396    206.243  327.13322     66.455     63.052     0.2234     0.9927     3.4481     1.2497 1.0000e-12       3945     2.7389  0.000e+00
     39.817   64.67252 -170.26228     40.214     3.0274     3.0282     3.0251    33.0533    33.0633  1026.5177    26.3291    217.384    206.056  327.13123     66.452     62.995     0.2222     0.9853     3.4408     1.2582 1.0000e-12       3946     2.7396  0.000e+00
     39.770   64.67252 -170.26228     40.167     3.0273     3.0283     3.0250    33.0533    33.0631  1026.5174    26.3291    217.375    206.041  327.13176     66.449     62.990     0.2222     0.9853     3.4396     1.2597 1.0000e-12       3947     2.7403  0.000e+00
     39.770   64.67252 -170.26228     40.167     3.0274     3.0285     3.0251    33.0532    33.0631  1026.5173    26.3290    217.584    206.028  327.13157     66.513     62.987     0.2222     0.9853     3.4396     1.2597 1.0000e-12       3948     2.7410  0.000e+00
     39.770   64.67252 -170.26228     40.167     3.0275     3.0287     3.0252    33.0529    33.0628  1026.5170    26.3287    217.395    206.016  327.13158     66.455     62.983     0.2222     0.9853     3.4396     1.2597 1.0000e-12       3949     2.7417  0.000e+00
     39.817   64.67252 -170.26228     40.214     3.0272     3.0287     3.0249    33.0531    33.0634  1026.5175    26.3289    217.392    206.006  327.13352     66.454     62.980     0.2222     0.9853     3.4396     1.2597 1.0000e-12       3950     2.7424  0.000e+00
     39.770   64.67252 -170.26228     40.167     3.0272     3.0290     3.0249    33.0535    33.0629  1026.5175    26.3292    217.385    205.994  327.13225     66.452     62.977     0.2222     0.9853     3.4396     1.2597 1.0000e-12       3951     2.7431  0.000e+00
     39.824   64.67252 -170.26228     40.222     3.0275     3.0290     3.0252    33.0531    33.0629  1026.5175    26.3289    217.383    205.987  327.13095     66.451     62.975     0.2222     0.9853     3.4396     1.2597 1.0000e-12       3952     2.7437  0.000e+00
     39.824   64.67252 -170.26228     40.222     3.0272     3.0290     3.0249    33.0533    33.0630  1026.5177    26.3291    217.383    205.980  327.13253     66.451     62.973     0.2222     0.9853     3.4396     1.2597 1.0000e-12       3953     2.7444  0.000e+00
     39.763   64.67252 -170.26228     40.159     3.0270     3.0288     3.0247    33.0532    33.0630  1026.5173    26.3290    217.600    205.996  327.13473     66.517     62.977     0.2234     0.9927     3.4396     1.2597 1.0000e-12       3954     2.7451  0.000e+00
     40.002   64.67252 -170.26228     40.401     3.0269     3.0287     3.0245    33.0533    33.0631  1026.5185    26.3291    217.425    205.998  327.13574     66.463     62.978     0.2222     0.9853     3.4396     1.2597 1.0000e-12       3955     2.7458  0.000e+00
     39.940   64.67252 -170.26228     40.339     3.0269     3.0287     3.0246    33.0533    33.0630  1026.5183    26.3291    217.424    205.993  327.13516     66.463     62.976     0.2234     0.9927     3.4396     1.2597 1.0000e-12       3956     2.7465  0.000e+00
     39.824   64.67252 -170.26228     40.222     3.0269     3.0285     3.0245    33.0528    33.0630  1026.5173    26.3287    217.425    205.988  327.13701     66.463     62.974     0.2222     0.9853     3.4396     1.2597 1.0000e-12       3957     2.7472  0.000e+00
     40.056   64.67252 -170.26228     40.456     3.0269     3.0282     3.0245    33.0532    33.0633  1026.5188    26.3291    217.435    205.994  327.13581     66.466     62.976     0.2222     0.9853     3.4396     1.2597 1.0000e-12       3958     2.7479  0.000e+00
     39.932   64.67252 -170.26228     40.331     3.0269     3.0283     3.0246    33.0529    33.0630  1026.5179    26.3288    217.438    205.795  327.13615     66.467     62.915     0.2222     0.9853     3.4396     1.2597 1.0000e-12       3959     2.7486  0.000e+00
     40.002   64.67252 -170.26228     40.401     3.0267     3.0287     3.0244    33.0529    33.0628  1026.5182    26.3288    217.449    205.750  327.13793     66.470     62.902     0.2222     0.9853     3.4396     1.2597 1.0000e-12       3960     2.7493  0.000e+00
     39.940   64.67252 -170.26228     40.339     3.0268     3.0287     3.0244    33.0531    33.0632  1026.5181    26.3290    217.455    205.898  327.13695     66.472     62.947     0.2210     0.9780     3.4396     1.2597 1.0000e-12       3961     2.7500  0.000e+00
     40.002   64.67252 -170.26228     40.401     3.0269     3.0290     3.0245    33.0533    33.0629  1026.5185    26.3291    217.466    205.900  327.13574     66.476     62.948     0.2222     0.9853     3.4396     1.2597 1.0000e-12       3962     2.7507  0.000e+00
     39.994   64.67252 -170.26228     40.393     3.0267     3.0290     3.0244    33.0533    33.0631  1026.5185    26.3291    217.478    205.902  327.13701     66.479     62.949     0.2210     0.9780     3.4408     1.2582 1.0000e-12       3963     2.7514  0.000e+00
     39.940   64.67252 -170.26228     40.339     3.0269     3.0291     3.0246    33.0532    33.0631  1026.5181    26.3290    217.489    205.904  327.13556     66.483     62.950     0.2210     0.9780     3.4408     1.2582 1.0000e-12       3964     2.7521  0.000e+00
     40.002   64.67252 -170.26228     40.401     3.0269     3.0288     3.0245    33.0535    33.0634  1026.5187    26.3293    217.541    205.717  327.13513     66.499     62.892     0.2210     0.9780     3.4335     1.2668 1.0000e-12       3965     2.7528  0.000e+00
     40.002   64.67252 -170.26228     40.401     3.0271     3.0288     3.0247    33.0530    33.0632  1026.5183    26.3288    217.558    205.919  327.13476     66.504     62.954     0.2198     0.9707     3.4237     1.2782 1.0000e-12       3966     2.7535  0.000e+00
     40.002   64.67252 -170.26228     40.401     3.0270     3.0285     3.0247    33.0531    33.0626  1026.5184    26.3289    217.504    205.930  327.13485     66.488     62.957     0.2198     0.9707     3.4212     1.2810 1.0000e-12       3967     2.7542  0.000e+00
     39.994   64.67252 -170.26228     40.393     3.0269     3.0282     3.0245    33.0534    33.0629  1026.5186    26.3291    217.486    205.941  327.13553     66.482     62.959     0.2198     0.9707     3.4212     1.2810 1.0000e-12       3968     2.7549  0.000e+00
     40.056   64.67252 -170.26228     40.456     3.0269     3.0282     3.0246    33.0530    33.0632  1026.5186    26.3289    217.505    205.953  327.13592     66.488     62.963     0.2210     0.9780     3.4225     1.2796 1.0000e-12       3969     2.7556  0.000e+00
     40.056   64.67252 -170.26228     40.456     3.0269     3.0282     3.0245    33.0532    33.0632  1026.5188    26.3291    217.524    205.770  327.13581     66.494     62.907     0.2198     0.9707     3.4225     1.2796 1.0000e-12       3970     2.7563  0.000e+00
     40.118   64.67252 -170.26228     40.518     3.0270     3.0277     3.0247    33.0528    33.0635  1026.5187    26.3287    217.546    205.764  327.13551     66.500     62.905     0.2198     0.9707     3.4212     1.2810 1.0000e-12       3971     2.7569  0.000e+00
     40.110   64.67252 -170.26228     40.510     3.0268     3.0279     3.0244    33.0528    33.0630  1026.5187    26.3287    217.569    205.950  327.13768     66.507     62.962     0.2186     0.9634     3.4225     1.2796 1.0000e-12       3972     2.7576  0.000e+00
     40.118   64.67252 -170.26228     40.518     3.0267     3.0277     3.0244    33.0533    33.0631  1026.5191    26.3291    217.592    205.967  327.13698     66.514     62.967     0.2198     0.9707     3.4225     1.2796 1.0000e-12       3973     2.7583  0.000e+00
     40.118   64.67252 -170.26228     40.518     3.0266     3.0277     3.0243    33.0531    33.0631  1026.5189    26.3289    217.618    205.790  327.13837     66.522     62.913     0.2186     0.9634     3.4225     1.2796 1.0000e-12       3974     2.7590  0.000e+00
     40.172   64.67252 -170.26228     40.572     3.0267     3.0277     3.0244    33.0531    33.0634  1026.5192    26.3289    217.609    205.982  327.13755     66.519     62.971     0.2198     0.9707     3.4212     1.2810 1.0000e-12       3975     2.7597  0.000e+00
     40.164   64.67252 -170.26228     40.565     3.0267     3.0276     3.0244    33.0536    33.0633  1026.5195    26.3293    217.634    205.808  327.13634     66.527     62.918     0.2210     0.9780     3.4225     1.2796 1.0000e-12       3976     2.7604  0.000e+00
     40.172   64.67252 -170.26228     40.572     3.0266     3.0277     3.0242    33.0531    33.0631  1026.5192    26.3290    217.590    205.807  327.13825     66.513     62.918     0.2198     0.9707     3.4225     1.2796 1.0000e-12       3977     2.7611  0.000e+00
     40.172   64.67252 -170.26228     40.572     3.0267     3.0277     3.0244    33.0534    33.0628  1026.5195    26.3292    217.579    205.785  327.13665     66.510     62.911     0.2198     0.9707     3.4225     1.2796 1.0000e-12       3978     2.7618  0.000e+00
     40.226   64.67252 -170.26228     40.627     3.0266     3.0277     3.0242    33.0533    33.0630  1026.5197    26.3292    217.535    205.788  327.13771     66.496     62.912     0.2198     0.9707     3.4212     1.2810 1.0000e-12       3979     2.7625  0.000e+00
     40.172   64.67252 -170.26228     40.572     3.0265     3.0276     3.0242    33.0533    33.0635  1026.5194    26.3291    217.558    205.790  327.13824     66.504     62.913     0.2198     0.9707     3.4225     1.2796 1.0000e-12       3980     2.7632  0.000e+00
     40.218   64.67252 -170.26228     40.619     3.0269     3.0277     3.0245    33.0530    33.0631  1026.5193    26.3288    217.548    205.797  327.13653     66.501     62.915     0.2198     0.9707     3.4225     1.2796 1.0000e-12       3981     2.7639  0.000e+00
     40.226   64.67252 -170.26228     40.627     3.0268     3.0276     3.0244    33.0533    33.0634  1026.5196    26.3291    217.575    205.805  327.13663     66.509     62.917     0.2198     0.9707     3.4225     1.2796 1.0000e-12       3982     2.7646  0.000e+00
     40.226   64.67252 -170.26228     40.627     3.0267     3.0276     3.0244    33.0534    33.0634  1026.5197    26.3292    217.602    205.814  327.13672     66.517     62.920     0.2198     0.9707     3.4225     1.2796 1.0000e-12       3983     2.7653  0.000e+00
     40.226   64.67252 -170.26228     40.627     3.0269     3.0276     3.0245    33.0532    33.0632  1026.5195    26.3290    217.631    205.826  327.13604     66.526     62.923     0.2198     0.9707     3.4225     1.2796 1.0000e-12       3984     2.7660  0.000e+00
