EcoFOCI/data/1_SampleCollection/2023_SikuliaqDBO_CruiseData/CTD_raw_BottleFile_SKQ23-12S/proc/skq202312s_082.ros
* Sea-Bird SBE 9 Data File:
* FileName = D:\CTD\SKQ202312S\SKQ202312S_082.hex
* Software Version Seasave V 7.26.7.121
* Temperature SN = 6177
* Conductivity SN = 0369
* Number of Bytes Per Scan = 41
* Number of Voltage Words = 4
* Number of Scans Averaged by the Deck Unit = 1
* NMEA Latitude = 65 40.20 N
* NMEA Longitude = 168 22.04 W
* NMEA UTC (Time) = Oct 03 2023  09:48:47
* NMEA baud rate = 4800
** Ship: R/V Sikuliaq
** Station Number: 082
** Station Name: BS3
** Bottom Depth: 54
** Operator: SD
# nquan = 22
# nvalues = 882                                   
# units = specified
# name 0 = depSM: Depth [salt water, m]
# name 1 = latitude: Latitude [deg]
# name 2 = longitude: Longitude [deg]
# name 3 = prDM: Pressure, Digiquartz [db]
# name 4 = t090C: Temperature [ITS-90, deg C]
# name 5 = t190C: Temperature, 2 [ITS-90, deg C]
# name 6 = potemp090C: Potential Temperature [ITS-90, deg C]
# name 7 = sal00: Salinity, Practical [PSU]
# name 8 = sal11: Salinity, Practical, 2 [PSU]
# name 9 = density00: Density [density, kg/m^3]
# name 10 = sigma-é00: Density [sigma-theta, kg/m^3]
# name 11 = sbox0Mm/Kg: Oxygen, SBE 43 [umol/kg]
# name 12 = sbox1Mm/Kg: Oxygen, SBE 43, 2 [umol/kg]
# name 13 = oxsolMm/Kg: Oxygen Saturation, Garcia & Gordon [umol/kg]
# name 14 = sbeox0PS: Oxygen, SBE 43 [% saturation]
# name 15 = v0: Voltage 0
# name 16 = flECO-AFL: Fluorescence, WET Labs ECO-AFL/FL [mg/m^3]
# name 17 = CStarAt0: Beam Attenuation, WET Labs C-Star [1/m]
# name 18 = par: PAR/Irradiance, Biospherical/Licor
# name 19 = scan: Scan Count
# name 20 = nbf: Bottles Fired
# name 21 = flag:  0.000e+00
# interval = seconds: 0.0416667
# start_time = Oct 03 2023 09:52:12 [NMEA time, first data scan]
# bad_flag = -9.990e-29
*END*
[from data line 330]
     30.002   65.66976 -168.36914     30.303     3.0123     3.0138     3.0105    32.8532    32.8631  1026.3128    26.1706    246.354    239.066  327.75128     75.165     0.1514     0.5604     0.7898 1.0000e-12      10044          7  0.000e+00
     29.948   65.66976 -168.36914     30.248     3.0123     3.0136     3.0106    32.8531    32.8631  1026.3125    26.1706    246.352    239.068  327.75091     75.164     0.1514     0.5604     0.7898 1.0000e-12      10045          7  0.000e+00
     29.871   65.66976 -168.36914     30.170     3.0124     3.0136     3.0107    32.8528    32.8632  1026.3119    26.1703    246.353    239.066  327.75082     75.165     0.1514     0.5604     0.7898 1.0000e-12      10046          7  0.000e+00
     29.948   65.66976 -168.36914     30.248     3.0123     3.0137     3.0106    32.8524    32.8630  1026.3119    26.1700    246.149    239.069  327.75272     75.102     0.1514     0.5604     0.7898 1.0000e-12      10047          7  0.000e+00
     29.932   65.66976 -168.36914     30.232     3.0126     3.0133     3.0108    32.8529    32.8635  1026.3122    26.1704    246.126    239.069  327.74941     75.096     0.1465     0.5311     0.7898 1.0000e-12      10048          7  0.000e+00
     29.886   65.66976 -168.36914     30.186     3.0125     3.0137     3.0107    32.8526    32.8630  1026.3118    26.1702    246.328    239.064  327.75084     75.157     0.1429     0.5091     0.7898 1.0000e-12      10049          7  0.000e+00
     29.932   65.66976 -168.36914     30.232     3.0123     3.0133     3.0106    32.8530    32.8637  1026.3123    26.1705    246.137    239.064  327.75129     75.099     0.1441     0.5165     0.7898 1.0000e-12      10050          7  0.000e+00
     29.886   65.66976 -168.36914     30.186     3.0123     3.0134     3.0105    32.8532    32.8633  1026.3123    26.1707    246.131    239.035  327.75113     75.097     0.1429     0.5091     0.7898 1.0000e-12      10051          7  0.000e+00
     29.932   65.66976 -168.36914     30.232     3.0121     3.0134     3.0104    32.8535    32.8636  1026.3128    26.1709    246.352    239.030  327.75128     75.164     0.1429     0.5091     0.7898 8.4714e-06      10052          7  0.000e+00
     29.948   65.66976 -168.36914     30.248     3.0123     3.0132     3.0105    32.8532    32.8642  1026.3126    26.1707    246.176    239.024  327.75111     75.111     0.1429     0.5091     0.7898 1.0000e-12      10053          7  0.000e+00
     29.871   65.66976 -168.36914     30.170     3.0123     3.0131     3.0106    32.8529    32.8645  1026.3120    26.1704    245.932    239.014  327.75141     75.036     0.1429     0.5091     0.7898 1.0000e-12      10054          7  0.000e+00
     29.948   65.66976 -168.36914     30.248     3.0121     3.0131     3.0104    32.8535    32.8639  1026.3128    26.1709    246.098    239.009  327.75180     75.087     0.1429     0.5091     0.7898 1.0000e-12      10055          7  0.000e+00
     29.871   65.66976 -168.36914     30.170     3.0123     3.0132     3.0106    32.8535    32.8638  1026.3124    26.1709    246.079    238.997  327.75011     75.081     0.1429     0.5091     0.7898 1.0000e-12      10056          7  0.000e+00
     29.755   65.66976 -168.36916     30.053     3.0125     3.0137     3.0107    32.8535    32.8640  1026.3119    26.1709    246.211    238.275  327.74876     75.122     0.1465     0.5311     0.7936 1.0000e-12      10204          8  0.000e+00
     29.832   65.66976 -168.36916     30.131     3.0124     3.0136     3.0107    32.8537    32.8642  1026.3124    26.1710    246.177    238.104  327.74876     75.112     0.1453     0.5238     0.7936 1.0000e-12      10205          8  0.000e+00
     29.816   65.66976 -168.36916     30.115     3.0121     3.0134     3.0104    32.8537    32.8645  1026.3124    26.1711    246.144    238.105  327.75072     75.101     0.1465     0.5311     0.7936 1.0000e-12      10206          8  0.000e+00
     29.770   65.66976 -168.36916     30.068     3.0124     3.0135     3.0107    32.8536    32.8642  1026.3120    26.1710    246.107    238.107  327.74887     75.090     0.1453     0.5238     0.7936 1.0000e-12      10207          8  0.000e+00
     29.816   65.66976 -168.36916     30.115     3.0123     3.0134     3.0106    32.8531    32.8644  1026.3119    26.1706    246.078    238.113  327.75094     75.081     0.1465     0.5311     0.7949 1.0000e-12      10208          8  0.000e+00
     29.832   65.66976 -168.36916     30.131     3.0124     3.0133     3.0107    32.8534    32.8644  1026.3122    26.1708    246.047    238.121  327.74936     75.072     0.1441     0.5165     0.7936 1.0000e-12      10209          8  0.000e+00
     29.755   65.66976 -168.36916     30.053     3.0126     3.0133     3.0109    32.8535    32.8643  1026.3118    26.1708    246.014    238.127  327.74746     75.062     0.1465     0.5311     0.7936 1.0000e-12      10210          8  0.000e+00
     29.832   65.66976 -168.36916     30.131     3.0125     3.0133     3.0107    32.8534    32.8643  1026.3121    26.1708    246.027    238.140  327.74906     75.066     0.1441     0.5165     0.7936 1.0000e-12      10211          8  0.000e+00
     29.886   65.66976 -168.36916     30.185     3.0126     3.0133     3.0108    32.8534    32.8643  1026.3124    26.1708    246.003    238.154  327.74804     75.058     0.1453     0.5238     0.7936 1.0000e-12      10212          8  0.000e+00
     29.816   65.66976 -168.36916     30.115     3.0125     3.0133     3.0107    32.8534    32.8646  1026.3121    26.1708    245.978    238.142  327.74894     75.051     0.1441     0.5165     0.7936 1.0000e-12      10213          8  0.000e+00
     29.832   65.66976 -168.36916     30.131     3.0126     3.0133     3.0108    32.8532    32.8644  1026.3120    26.1706    245.956    238.158  327.74857     75.044     0.1453     0.5238     0.7936 1.0000e-12      10214          8  0.000e+00
     29.816   65.66976 -168.36916     30.115     3.0123     3.0134     3.0106    32.8539    32.8639  1026.3125    26.1712    245.936    238.151  327.74893     75.038     0.1465     0.5311     0.7936 1.0000e-12      10215          8  0.000e+00
     29.832   65.66976 -168.36916     30.131     3.0123     3.0131     3.0105    32.8539    32.8644  1026.3126    26.1712    245.918    238.170  327.74945     75.032     0.1453     0.5238     0.7936 1.0000e-12      10216          8  0.000e+00
     29.870   65.66976 -168.36916     30.170     3.0123     3.0133     3.0106    32.8540    32.8643  1026.3128    26.1713    245.901    238.167  327.74880     75.027     0.1465     0.5311     0.7936 1.0000e-12      10217          8  0.000e+00
     29.832   65.66976 -168.36916     30.131     3.0123     3.0134     3.0106    32.8538    32.8639  1026.3125    26.1712    245.884    238.186  327.74915     75.022     0.1441     0.5165     0.7936 1.0000e-12      10218          8  0.000e+00
     29.870   65.66976 -168.36916     30.170     3.0123     3.0133     3.0105    32.8540    32.8642  1026.3129    26.1713    245.871    238.187  327.74910     75.018     0.1453     0.5238     0.7936 1.0000e-12      10219          8  0.000e+00
     29.832   65.66976 -168.36916     30.131     3.0121     3.0133     3.0104    32.8540    32.8643  1026.3127    26.1713    245.858    238.403  327.75004     75.014     0.1441     0.5165     0.7949 1.0000e-12      10220          8  0.000e+00
     29.870   65.66976 -168.36916     30.170     3.0124     3.0136     3.0107    32.8539    32.8637  1026.3127    26.1712    245.809    238.427  327.74820     74.999     0.1465     0.5311     0.7949 8.4714e-06      10221          8  0.000e+00
     29.886   65.66976 -168.36916     30.185     3.0123     3.0134     3.0106    32.8538    32.8640  1026.3128    26.1711    245.799    238.452  327.74922     74.996     0.1441     0.5165     0.7949 1.0000e-12      10222          8  0.000e+00
     29.870   65.66976 -168.36916     30.170     3.0124     3.0133     3.0107    32.8536    32.8640  1026.3125    26.1710    245.788    238.281  327.74881     74.993     0.1465     0.5311     0.7949 1.0000e-12      10223          8  0.000e+00
     29.886   65.66976 -168.36916     30.185     3.0123     3.0134     3.0106    32.8540    32.8636  1026.3129    26.1713    245.563    238.283  327.74882     74.924     0.1441     0.5165     0.7949 1.0000e-12      10224          8  0.000e+00
     29.932   65.66976 -168.36916     30.232     3.0125     3.0136     3.0107    32.8539    32.8635  1026.3130    26.1712    245.523    238.287  327.74779     74.912     0.1453     0.5238     0.7949 1.0000e-12      10225          8  0.000e+00
     29.832   65.66976 -168.36916     30.131     3.0124     3.0133     3.0107    32.8533    32.8639  1026.3121    26.1707    245.483    238.483  327.74966     74.900     0.1477     0.5384     0.7949 1.0000e-12      10226          8  0.000e+00
     29.932   65.66976 -168.36916     30.232     3.0123     3.0134     3.0106    32.8540    32.8640  1026.3131    26.1713    245.451    238.317  327.74878     74.890     0.1624     0.6264     0.7949 1.0000e-12      10227          8  0.000e+00
     29.948   65.66976 -168.36916     30.248     3.0123     3.0133     3.0105    32.8546    32.8643  1026.3137    26.1717    245.455    238.323  327.74779     74.891     0.1697     0.6703     0.7949 1.0000e-12      10228          8  0.000e+00
     29.870   65.66976 -168.36916     30.170     3.0125     3.0136     3.0107    32.8540    32.8637  1026.3128    26.1713    245.425    238.519  327.74741     74.882     0.1697     0.6703     0.7949 1.0000e-12      10229          8  0.000e+00
     29.886   65.66976 -168.36916     30.185     3.0124     3.0133     3.0107    32.8541    32.8641  1026.3130    26.1714    245.401    238.549  327.74752     74.875     0.1697     0.6703     0.7949 1.0000e-12      10230          8  0.000e+00
     29.948   65.66976 -168.36916     30.248     3.0125     3.0134     3.0107    32.8541    32.8641  1026.3133    26.1714    245.380    238.578  327.74711     74.869     0.1685     0.6630     0.7949 1.0000e-12      10231          8  0.000e+00
     29.932   65.66976 -168.36916     30.232     3.0125     3.0134     3.0107    32.8541    32.8641  1026.3132    26.1714    245.361    238.606  327.74709     74.863     0.1685     0.6630     0.7949 8.4714e-06      10232          8  0.000e+00
     29.948   65.66976 -168.36916     30.248     3.0124     3.0133     3.0107    32.8544    32.8639  1026.3135    26.1716    245.345    238.636  327.74690     74.858     0.1685     0.6630     0.7949 1.0000e-12      10233          8  0.000e+00
     29.932   65.66976 -168.36916     30.232     3.0123     3.0133     3.0106    32.8544    32.8639  1026.3134    26.1716    245.333    238.664  327.74788     74.854     0.1685     0.6630     0.7949 1.0000e-12      10234          8  0.000e+00
     29.948   65.66976 -168.36916     30.248     3.0124     3.0134     3.0107    32.8544    32.8643  1026.3135    26.1716    245.322    238.691  327.74690     74.851     0.1685     0.6630     0.7949 1.0000e-12      10235          8  0.000e+00
     29.986   65.66976 -168.36916     30.287     3.0125     3.0135     3.0107    32.8540    32.8641  1026.3133    26.1712    245.317    238.721  327.74756     74.849     0.1685     0.6630     0.7949 1.0000e-12      10236          8  0.000e+00
     29.948   65.66976 -168.36916     30.248     3.0126     3.0134     3.0108    32.8540    32.8643  1026.3131    26.1712    245.130    238.748  327.74671     74.792     0.1685     0.6630     0.7949 1.0000e-12      10237          8  0.000e+00
     29.986   65.66976 -168.36916     30.287     3.0125     3.0133     3.0107    32.8541    32.8646  1026.3135    26.1714    245.315    238.778  327.74716     74.849     0.1685     0.6630     0.7949 1.0000e-12      10238          8  0.000e+00
     29.948   65.66976 -168.36916     30.248     3.0125     3.0135     3.0107    32.8539    32.8646  1026.3131    26.1712    245.318    238.803  327.74771     74.850     0.1697     0.6703     0.7949 1.0000e-12      10239          8  0.000e+00
     29.986   65.66976 -168.36916     30.287     3.0124     3.0137     3.0107    32.8541    32.8642  1026.3135    26.1714    245.146    239.026  327.74766     74.797     0.1685     0.6630     0.7949 1.0000e-12      10240          8  0.000e+00
     30.002   65.66976 -168.36916     30.302     3.0125     3.0134     3.0107    32.8543    32.8644  1026.3137    26.1715    245.341    238.860  327.74668     74.857     0.1697     0.6703     0.7949 1.0000e-12      10241          8  0.000e+00
     30.048   65.66976 -168.36916     30.349     3.0124     3.0135     3.0107    32.8544    32.8644  1026.3140    26.1716    245.142    238.888  327.74683     74.796     0.1685     0.6630     0.7949 1.0000e-12      10242          8  0.000e+00
     29.948   65.66976 -168.36916     30.248     3.0125     3.0134     3.0107    32.8542    32.8647  1026.3133    26.1714    245.124    238.911  327.74701     74.791     0.1697     0.6703     0.7961 1.0000e-12      10243          8  0.000e+00
     30.048   65.66976 -168.36916     30.349     3.0126     3.0136     3.0108    32.8542    32.8645  1026.3138    26.1714    245.333    238.916  327.74614     74.855     0.1685     0.6630     0.7961 1.0000e-12      10244          8  0.000e+00
     29.948   65.66976 -168.36916     30.248     3.0125     3.0133     3.0107    32.8544    32.8649  1026.3135    26.1716    245.358    239.110  327.74640     74.862     0.1685     0.6630     0.7949 1.0000e-12      10245          8  0.000e+00
     30.048   65.66976 -168.36916     30.349     3.0126     3.0134     3.0109    32.8540    32.8645  1026.3136    26.1712    245.175    239.136  327.74625     74.806     0.1685     0.6630     0.7961 1.0000e-12      10246          8  0.000e+00
     30.002   65.66976 -168.36916     30.302     3.0126     3.0133     3.0108    32.8546    32.8645  1026.3139    26.1718    245.172    238.962  327.74508     74.806     0.1685     0.6630     0.7949 1.0000e-12      10247          8  0.000e+00
     30.048   65.66976 -168.36916     30.349     3.0123     3.0133     3.0106    32.8545    32.8648  1026.3140    26.1717    245.180    238.960  327.74763     74.808     0.1685     0.6630     0.7961 1.0000e-12      10248          8  0.000e+00
     30.002   65.66976 -168.36916     30.302     3.0124     3.0137     3.0107    32.8544    32.8646  1026.3137    26.1716    245.404    239.147  327.74697     74.876     0.1685     0.6630     0.7949 1.0000e-12      10249          8  0.000e+00
     30.063   65.66976 -168.36916     30.365     3.0126     3.0136     3.0109    32.8546    32.8643  1026.3142    26.1717    245.414    239.167  327.74466     74.880     0.1697     0.6703     0.7949 1.0000e-12      10250          8  0.000e+00
     29.986   65.66976 -168.36916     30.287     3.0124     3.0136     3.0107    32.8550    32.8647  1026.3142    26.1721    245.243    239.179  327.74534     74.827     0.1685     0.6630     0.7961 1.0000e-12      10251          8  0.000e+00
     30.063   65.66976 -168.36916     30.365     3.0125     3.0133     3.0107    32.8545    32.8651  1026.3141    26.1717    245.481    239.195  327.74626     74.900     0.1624     0.6264     0.7961 1.0000e-12      10252          8  0.000e+00
     30.063   65.66976 -168.36916     30.364     3.0125     3.0136     3.0107    32.8541    32.8645  1026.3138    26.1714    246.122    239.068  327.74716     75.095     0.1490     0.5458     0.7923 1.0000e-12      10332          9  0.000e+00
     29.986   65.66976 -168.36916     30.286     3.0126     3.0136     3.0108    32.8535    32.8644  1026.3130    26.1709    245.941    239.252  327.74777     75.040     0.1502     0.5531     0.7923 1.0000e-12      10333          9  0.000e+00
     30.001   65.66976 -168.36916     30.302     3.0125     3.0136     3.0107    32.8537    32.8647  1026.3132    26.1711    245.945    239.265  327.74808     75.041     0.1502     0.5531     0.7923 1.0000e-12      10334          9  0.000e+00
