EcoFOCI/data/1_SampleCollection/2023_SikuliaqDBO_CruiseData/CTD_raw_BottleFile_SKQ23-12S/proc/skq202312s_077svp.cnv
* Sea-Bird SBE 9 Data File:
* FileName = D:\CTD\SKQ202312S\SKQ202312S_077.hex
* Software Version Seasave V 7.26.7.121
* Temperature SN = 6177
* Conductivity SN = 0369
* Number of Bytes Per Scan = 41
* Number of Voltage Words = 4
* Number of Scans Averaged by the Deck Unit = 1
* NMEA Latitude = 65 46.95 N
* NMEA Longitude = 168 50.45 W
* NMEA UTC (Time) = Oct 03 2023  04:36:08
* NMEA baud rate = 4800
** Ship: R/V Sikuliaq
** Station Number: 077
** Station Name: BS8
** Bottom Depth: 47
** Operator: SD
# nquan = 7
# nvalues = 4966                                  
# units = specified
# name 0 = depSM: Depth [salt water, m]
# name 1 = latitude: Latitude [deg]
# name 2 = longitude: Longitude [deg]
# name 3 = t090C: Temperature [ITS-90, deg C]
# name 4 = sal00: Salinity, Practical [PSU]
# name 5 = svCM: Sound Velocity [Chen-Millero, m/s]
# name 6 = flag:  0.000e+00
# span 0 =      2.737,     43.126                 
# span 1 =   65.78198,   65.78216                 
# span 2 = -168.84226, -168.84170                 
# span 3 =     2.8089,     5.7676                 
# span 4 =    28.3176,    32.9114                 
# span 5 =    1459.01,    1467.15                 
# span 6 = 0.0000e+00, 0.0000e+00                 
# interval = seconds: 0.0416667
# start_time = Oct 03 2023 04:40:00 [NMEA time, first data scan]
# bad_flag = -9.990e-29
*END*
      2.915   65.78216 -168.84170     5.5953    29.3249    1465.99  0.000e+00
      2.969   65.78216 -168.84170     5.5965    29.2653    1465.93  0.000e+00
      2.915   65.78216 -168.84170     5.6028    29.1623    1465.82  0.000e+00
      2.969   65.78216 -168.84170     5.6145    29.0653    1465.75  0.000e+00
      2.969   65.78216 -168.84170     5.6281    29.0234    1465.75  0.000e+00
      2.969   65.78216 -168.84170     5.6372    29.0249    1465.79  0.000e+00
      2.969   65.78216 -168.84170     5.6427    29.0125    1465.79  0.000e+00
      3.023   65.78216 -168.84170     5.6491    28.9836    1465.78  0.000e+00
      2.969   65.78216 -168.84170     5.6558    28.9665    1465.79  0.000e+00
      3.023   65.78216 -168.84170     5.6609    28.9565    1465.80  0.000e+00
      3.023   65.78216 -168.84170     5.6660    28.9515    1465.81  0.000e+00
      3.084   65.78216 -168.84170     5.6714    28.9511    1465.83  0.000e+00
      3.023   65.78216 -168.84170     5.6761    28.9369    1465.83  0.000e+00
      3.084   65.78216 -168.84170     5.6797    28.9137    1465.82  0.000e+00
      3.138   65.78216 -168.84170     5.6831    28.8874    1465.80  0.000e+00
      3.084   65.78216 -168.84170     5.6864    28.8689    1465.79  0.000e+00
      3.138   65.78216 -168.84170     5.6893    28.8706    1465.81  0.000e+00
      3.138   65.78216 -168.84170     5.6920    28.8740    1465.82  0.000e+00
      3.200   65.78216 -168.84170     5.6934    28.8727    1465.83  0.000e+00
      3.169   65.78216 -168.84170     5.6949    28.8572    1465.81  0.000e+00
      3.200   65.78216 -168.84170     5.6957    28.8306    1465.78  0.000e+00
      3.254   65.78216 -168.84170     5.6968    28.8113    1465.76  0.000e+00
      3.254   65.78216 -168.84170     5.6976    28.8109    1465.77  0.000e+00
      3.254   65.78216 -168.84170     5.6979    28.8130    1465.77  0.000e+00
      3.316   65.78216 -168.84170     5.6984    28.8062    1465.77  0.000e+00
      3.254   65.78216 -168.84170     5.6989    28.8028    1465.76  0.000e+00
      3.370   65.78216 -168.84170     5.6994    28.7948    1465.76  0.000e+00
      3.316   65.78216 -168.84170     5.6997    28.7863    1465.75  0.000e+00
      3.370   65.78216 -168.84170     5.7001    28.7777    1465.74  0.000e+00
      3.370   65.78216 -168.84170     5.7003    28.7540    1465.71  0.000e+00
      3.370   65.78216 -168.84170     5.7010    28.7233    1465.67  0.000e+00
      3.424   65.78216 -168.84170     5.7014    28.7019    1465.65  0.000e+00
      3.424   65.78216 -168.84170     5.7019    28.7126    1465.66  0.000e+00
      3.424   65.78216 -168.84170     5.7020    28.7204    1465.67  0.000e+00
      3.485   65.78216 -168.84170     5.7021    28.7349    1465.69  0.000e+00
      3.424   65.78216 -168.84170     5.7020    28.7574    1465.72  0.000e+00
      3.485   65.78216 -168.84170     5.7019    28.7672    1465.73  0.000e+00
      3.485   65.78216 -168.84170     5.7017    28.7626    1465.73  0.000e+00
      3.539   65.78216 -168.84170     5.7019    28.7655    1465.73  0.000e+00
      3.485   65.78216 -168.84170     5.7017    28.7742    1465.74  0.000e+00
      3.539   65.78216 -168.84170     5.7017    28.7664    1465.73  0.000e+00
      3.539   65.78216 -168.84170     5.7019    28.7282    1465.68  0.000e+00
      3.601   65.78216 -168.84170     5.7024    28.6849    1465.63  0.000e+00
      3.539   65.78216 -168.84170     5.7072    28.6581    1465.62  0.000e+00
      3.570   65.78216 -168.84170     5.7147    28.6452    1465.63  0.000e+00
      3.539   65.78216 -168.84170     5.7175    28.6480    1465.65  0.000e+00
      3.601   65.78216 -168.84170     5.7168    28.6690    1465.67  0.000e+00
      3.601   65.78216 -168.84170     5.7139    28.6985    1465.70  0.000e+00
      3.601   65.78216 -168.84170     5.7113    28.7103    1465.70  0.000e+00
      3.601   65.78216 -168.84170     5.7112    28.7091    1465.70  0.000e+00
      3.601   65.78216 -168.84170     5.7128    28.7171    1465.72  0.000e+00
      3.601   65.78216 -168.84170     5.7128    28.7332    1465.74  0.000e+00
      3.655   65.78216 -168.84170     5.7116    28.7413    1465.74  0.000e+00
      3.601   65.78216 -168.84170     5.7103    28.7393    1465.73  0.000e+00
      3.601   65.78216 -168.84170     5.7094    28.7274    1465.72  0.000e+00
      3.601   65.78216 -168.84170     5.7097    28.7241    1465.71  0.000e+00
      3.601   65.78216 -168.84170     5.7093    28.7397    1465.73  0.000e+00
      3.601   65.78216 -168.84170     5.7081    28.7587    1465.75  0.000e+00
      3.601   65.78216 -168.84170     5.7069    28.7621    1465.75  0.000e+00
      3.601   65.78216 -168.84170     5.7060    28.7535    1465.73  0.000e+00
      3.539   65.78216 -168.84170     5.7062    28.7376    1465.71  0.000e+00
      3.601   65.78216 -168.84170     5.7078    28.7259    1465.71  0.000e+00
      3.601   65.78216 -168.84170     5.7089    28.7279    1465.71  0.000e+00
      3.539   65.78216 -168.84170     5.7089    28.7460    1465.74  0.000e+00
      3.539   65.78216 -168.84170     5.7081    28.7640    1465.76  0.000e+00
      3.485   65.78216 -168.84170     5.7069    28.7810    1465.77  0.000e+00
      3.516   65.78216 -168.84170     5.7053    28.8023    1465.79  0.000e+00
      3.539   65.78216 -168.84170     5.7040    28.8154    1465.80  0.000e+00
      3.485   65.78216 -168.84170     5.7030    28.8160    1465.80  0.000e+00
      3.485   65.78216 -168.84170     5.7026    28.8156    1465.80  0.000e+00
      3.485   65.78216 -168.84170     5.7020    28.8116    1465.79  0.000e+00
      3.424   65.78216 -168.84170     5.7020    28.8068    1465.78  0.000e+00
      3.424   65.78216 -168.84170     5.7014    28.8063    1465.78  0.000e+00
      3.424   65.78216 -168.84170     5.7013    28.8088    1465.78  0.000e+00
      3.424   65.78216 -168.84170     5.7013    28.8008    1465.77  0.000e+00
      3.424   65.78216 -168.84170     5.7010    28.7870    1465.75  0.000e+00
      3.316   65.78216 -168.84170     5.7006    28.7651    1465.72  0.000e+00
      3.370   65.78216 -168.84170     5.7008    28.7231    1465.67  0.000e+00
      3.370   65.78216 -168.84170     5.7013    28.6988    1465.64  0.000e+00
      3.316   65.78216 -168.84170     5.7014    28.7189    1465.67  0.000e+00
      3.254   65.78216 -168.84170     5.7013    28.7614    1465.72  0.000e+00
      3.316   65.78216 -168.84170     5.6994    28.8279    1465.80  0.000e+00
      3.254   65.78216 -168.84170     5.6945    28.9099    1465.88  0.000e+00
      3.200   65.78216 -168.84170     5.6875    28.9687    1465.92  0.000e+00
      3.254   65.78216 -168.84170     5.6815    29.0075    1465.95  0.000e+00
      3.200   65.78216 -168.84170     5.6746    29.0733    1466.00  0.000e+00
      3.200   65.78216 -168.84170     5.6663    29.1394    1466.05  0.000e+00
      3.138   65.78216 -168.84170     5.6584    29.1825    1466.07  0.000e+00
      3.138   65.78216 -168.84170     5.6502    29.2094    1466.08  0.000e+00
      3.138   65.78216 -168.84170     5.6445    29.2237    1466.07  0.000e+00
      3.084   65.78216 -168.84170     5.6405    29.2310    1466.06  0.000e+00
      3.084   65.78216 -168.84170     5.6378    29.2356    1466.06  0.000e+00
      3.061   65.78216 -168.84170     5.6360    29.2383    1466.05  0.000e+00
      3.084   65.78216 -168.84170     5.6341    29.2378    1466.05  0.000e+00
      3.023   65.78216 -168.84170     5.6340    29.2327    1466.04  0.000e+00
      3.023   65.78216 -168.84170     5.6344    29.2266    1466.03  0.000e+00
      2.969   65.78216 -168.84170     5.6353    29.2209    1466.03  0.000e+00
      2.969   65.78216 -168.84170     5.6363    29.2171    1466.03  0.000e+00
      2.969   65.78216 -168.84170     5.6372    29.2164    1466.03  0.000e+00
      2.915   65.78216 -168.84170     5.6376    29.2169    1466.03  0.000e+00
      2.853   65.78216 -168.84170     5.6376    29.2107    1466.02  0.000e+00
      2.915   65.78216 -168.84170     5.6385    29.2047    1466.02  0.000e+00
      2.853   65.78216 -168.84170     5.6389    29.1983    1466.01  0.000e+00
      2.915   65.78216 -168.84170     5.6400    29.1897    1466.01  0.000e+00
      2.799   65.78216 -168.84170     5.6410    29.1826    1466.00  0.000e+00
      2.853   65.78216 -168.84170     5.6426    29.1736    1465.99  0.000e+00
      2.799   65.78216 -168.84170     5.6442    29.1617    1465.99  0.000e+00
      2.799   65.78216 -168.84170     5.6453    29.1553    1465.98  0.000e+00
      2.853   65.78216 -168.84170     5.6466    29.1567    1465.99  0.000e+00
      2.799   65.78216 -168.84170     5.6469    29.1626    1466.00  0.000e+00
      2.799   65.78216 -168.84170     5.6470    29.1679    1466.00  0.000e+00
      2.853   65.78216 -168.84170     5.6467    29.1672    1466.00  0.000e+00
      2.737   65.78216 -168.84170     5.6469    29.1644    1466.00  0.000e+00
      2.853   65.78216 -168.84170     5.6469    29.1583    1465.99  0.000e+00
      2.799   65.78216 -168.84170     5.6475    29.1226    1465.95  0.000e+00
      2.853   65.78216 -168.84170     5.6496    29.0432    1465.86  0.000e+00
      2.853   65.78216 -168.84170     5.6528    28.9758    1465.79  0.000e+00
      2.799   65.78216 -168.84170     5.6561    28.9226    1465.73  0.000e+00
      2.915   65.78216 -168.84170     5.6600    28.8726    1465.69  0.000e+00
      2.853   65.78216 -168.84170     5.6638    28.8782    1465.71  0.000e+00
      2.853   65.78216 -168.84170     5.6663    28.9000    1465.75  0.000e+00
      2.915   65.78216 -168.84170     5.6671    28.8971    1465.75  0.000e+00
      2.915   65.78216 -168.84170     5.6679    28.8427    1465.68  0.000e+00
      2.969   65.78216 -168.84172     5.6703    28.7512    1465.58  0.000e+00
      2.915   65.78216 -168.84172     5.6734    28.6729    1465.49  0.000e+00
      2.969   65.78216 -168.84172     5.6777    28.5974    1465.41  0.000e+00
      2.945   65.78216 -168.84172     5.6811    28.5530    1465.37  0.000e+00
      3.022   65.78216 -168.84172     5.6845    28.5207    1465.34  0.000e+00
      2.969   65.78216 -168.84172     5.6880    28.4994    1465.33  0.000e+00
      3.084   65.78216 -168.84172     5.6914    28.4964    1465.34  0.000e+00
      3.022   65.78216 -168.84172     5.6938    28.4927    1465.35  0.000e+00
      3.022   65.78216 -168.84172     5.6961    28.4921    1465.35  0.000e+00
      3.084   65.78216 -168.84172     5.6977    28.4930    1465.36  0.000e+00
      3.138   65.78216 -168.84172     5.6995    28.4800    1465.36  0.000e+00
      3.084   65.78216 -168.84172     5.7008    28.4673    1465.34  0.000e+00
      3.138   65.78216 -168.84172     5.7022    28.5002    1465.39  0.000e+00
      3.138   65.78216 -168.84172     5.7033    28.5370    1465.44  0.000e+00
      3.200   65.78216 -168.84172     5.7051    28.5251    1465.44  0.000e+00
      3.138   65.78216 -168.84172     5.7069    28.5114    1465.42  0.000e+00
      3.200   65.78216 -168.84172     5.7084    28.5205    1465.44  0.000e+00
      3.254   65.78216 -168.84172     5.7097    28.5467    1465.48  0.000e+00
      3.200   65.78216 -168.84172     5.7109    28.5689    1465.51  0.000e+00
      3.254   65.78216 -168.84172     5.7115    28.5718    1465.52  0.000e+00
      3.254   65.78216 -168.84172     5.7125    28.5763    1465.53  0.000e+00
      3.254   65.78216 -168.84172     5.7132    28.5947    1465.56  0.000e+00
      3.254   65.78216 -168.84172     5.7137    28.6110    1465.58  0.000e+00
      3.316   65.78216 -168.84172     5.7137    28.6210    1465.59  0.000e+00
      3.316   65.78216 -168.84172     5.7125    28.6234    1465.59  0.000e+00
      3.316   65.78216 -168.84172     5.7126    28.6167    1465.58  0.000e+00
      3.316   65.78216 -168.84172     5.7147    28.5934    1465.56  0.000e+00
      3.316   65.78216 -168.84172     5.7182    28.5690    1465.55  0.000e+00
      3.370   65.78216 -168.84172     5.7222    28.5601    1465.55  0.000e+00
      3.370   65.78216 -168.84172     5.7230    28.5562    1465.55  0.000e+00
      3.370   65.78216 -168.84172     5.7222    28.5589    1465.55  0.000e+00
      3.346   65.78216 -168.84172     5.7206    28.5669    1465.55  0.000e+00
      3.370   65.78216 -168.84172     5.7201    28.5740    1465.56  0.000e+00
      3.424   65.78216 -168.84172     5.7231    28.5667    1465.57  0.000e+00
      3.424   65.78216 -168.84172     5.7267    28.5563    1465.57  0.000e+00
      3.370   65.78216 -168.84172     5.7300    28.5385    1465.56  0.000e+00
      3.424   65.78216 -168.84172     5.7313    28.5087    1465.53  0.000e+00
      3.424   65.78216 -168.84172     5.7310    28.4728    1465.48  0.000e+00
      3.424   65.78216 -168.84172     5.7295    28.4345    1465.42  0.000e+00
      3.424   65.78216 -168.84172     5.7270    28.4189    1465.39  0.000e+00
      3.485   65.78216 -168.84172     5.7236    28.4264    1465.39  0.000e+00
      3.424   65.78216 -168.84172     5.7208    28.4262    1465.38  0.000e+00
      3.485   65.78216 -168.84172     5.7182    28.4230    1465.36  0.000e+00
      3.424   65.78216 -168.84172     5.7161    28.4247    1465.36  0.000e+00
      3.485   65.78216 -168.84172     5.7147    28.4255    1465.35  0.000e+00
      3.485   65.78216 -168.84172     5.7137    28.4217    1465.35  0.000e+00
      3.424   65.78216 -168.84172     5.7125    28.4136    1465.33  0.000e+00
      3.485   65.78216 -168.84172     5.7116    28.3914    1465.30  0.000e+00
      3.485   65.78214 -168.84172     5.7109    28.3614    1465.26  0.000e+00
      3.485   65.78214 -168.84172     5.7105    28.3447    1465.23  0.000e+00
      3.485   65.78214 -168.84172     5.7103    28.3468    1465.24  0.000e+00
      3.424   65.78214 -168.84172     5.7096    28.3476    1465.23  0.000e+00
      3.539   65.78214 -168.84172     5.7094    28.3551    1465.24  0.000e+00
      3.424   65.78214 -168.84172     5.7089    28.3836    1465.28  0.000e+00
      3.539   65.78214 -168.84172     5.7086    28.4090    1465.31  0.000e+00
      3.400   65.78214 -168.84172     5.7084    28.4249    1465.33  0.000e+00
      3.485   65.78214 -168.84172     5.7084    28.4324    1465.34  0.000e+00
      3.485   65.78214 -168.84172     5.7081    28.4334    1465.34  0.000e+00
      3.485   65.78214 -168.84172     5.7081    28.4350    1465.34  0.000e+00
      3.485   65.78214 -168.84172     5.7080    28.4417    1465.35  0.000e+00
      3.424   65.78214 -168.84172     5.7080    28.4660    1465.38  0.000e+00
      3.485   65.78214 -168.84172     5.7072    28.4904    1465.41  0.000e+00
      3.485   65.78214 -168.84172     5.7067    28.5067    1465.42  0.000e+00
      3.485   65.78214 -168.84172     5.7057    28.5243    1465.44  0.000e+00
      3.424   65.78214 -168.84172     5.7051    28.5317    1465.45  0.000e+00
      3.424   65.78214 -168.84172     5.7046    28.5382    1465.45  0.000e+00
      3.485   65.78214 -168.84172     5.7048    28.5443    1465.46  0.000e+00
      3.370   65.78214 -168.84172     5.7049    28.5310    1465.45  0.000e+00
      3.485   65.78214 -168.84172     5.7054    28.5015    1465.41  0.000e+00
      3.370   65.78214 -168.84172     5.7061    28.4923    1465.40  0.000e+00
      3.424   65.78214 -168.84172     5.7059    28.5358    1465.46  0.000e+00
      3.424   65.78214 -168.84172     5.7037    28.5984    1465.53  0.000e+00
      3.370   65.78214 -168.84172     5.7010    28.6215    1465.54  0.000e+00
      3.424   65.78214 -168.84172     5.6990    28.6061    1465.52  0.000e+00
      3.316   65.78214 -168.84172     5.6987    28.5843    1465.49  0.000e+00
      3.370   65.78214 -168.84172     5.6995    28.5721    1465.48  0.000e+00
      3.370   65.78214 -168.84172     5.7004    28.5688    1465.47  0.000e+00
      3.316   65.78214 -168.84172     5.7013    28.5713    1465.48  0.000e+00
      3.370   65.78214 -168.84172     5.7019    28.5711    1465.48  0.000e+00
      3.346   65.78214 -168.84172     5.7024    28.5647    1465.48  0.000e+00
      3.254   65.78214 -168.84172     5.7029    28.5562    1465.47  0.000e+00
      3.316   65.78214 -168.84172     5.7032    28.5488    1465.46  0.000e+00
