EcoFOCI/data/1_SampleCollection/2023_SikuliaqDBO_CruiseData/CTD_raw_BottleFile_SKQ23-12S/proc/skq202312s_021.cnv
* Sea-Bird SBE 9 Data File:
* FileName = D:\CTD\SKQ202312S\SKQ202312S_021.hex
* Software Version Seasave V 7.26.7.121
* Temperature SN = 6177
* Conductivity SN = 0369
* Number of Bytes Per Scan = 41
* Number of Voltage Words = 4
* Number of Scans Averaged by the Deck Unit = 1
* NMEA Latitude = 64 59.46 N
* NMEA Longitude = 169 08.29 W
* NMEA UTC (Time) = Sep 18 2023  02:53:31
* NMEA baud rate = 4800
** Ship: R/V Sikuliaq
** Station Number: 021
** Station Name: DBO2.5
** Bottom Depth: 48
** Operator: SS
# nquan = 24
# nvalues = 4195                                  
# units = specified
# name 0 = depSM: Depth [salt water, m]
# name 1 = latitude: Latitude [deg]
# name 2 = longitude: Longitude [deg]
# name 3 = prDM: Pressure, Digiquartz [db]
# name 4 = t090C: Temperature [ITS-90, deg C]
# name 5 = t190C: Temperature, 2 [ITS-90, deg C]
# name 6 = potemp090C: Potential Temperature [ITS-90, deg C]
# name 7 = sal00: Salinity, Practical [PSU]
# name 8 = sal11: Salinity, Practical, 2 [PSU]
# name 9 = density00: Density [density, kg/m^3]
# name 10 = sigma-é00: Density [sigma-theta, kg/m^3]
# name 11 = sbox0Mm/Kg: Oxygen, SBE 43 [umol/kg]
# name 12 = sbox1Mm/Kg: Oxygen, SBE 43, 2 [umol/kg]
# name 13 = oxsolMm/Kg: Oxygen Saturation, Garcia & Gordon [umol/kg]
# name 14 = sbeox0PS: Oxygen, SBE 43 [% saturation]
# name 15 = sbeox1PS: Oxygen, SBE 43, 2 [% saturation]
# name 16 = v0: Voltage 0
# name 17 = flECO-AFL: Fluorescence, WET Labs ECO-AFL/FL [mg/m^3]
# name 18 = v1: Voltage 1
# name 19 = CStarAt0: Beam Attenuation, WET Labs C-Star [1/m]
# name 20 = par: PAR/Irradiance, Biospherical/Licor
# name 21 = scan: Scan Count
# name 22 = timeM: Time, Elapsed [minutes]
# name 23 = flag:  0.000e+00
# span 0 =      1.605,     43.174                 
# span 1 =   64.99128,   64.99152                 
# span 2 = -169.13860, -169.13846                 
# span 3 =      1.621,     43.606                 
# span 4 =     1.9257,     3.2703                 
# span 5 =     1.9261,     3.2712                 
# span 6 =     1.9256,     3.2684                 
# span 7 =    32.0542,    32.8614                 
# span 8 =    32.2122,    32.8725                 
# span 9 =  1025.6193,  1026.3740                 
# span 10 =    25.6097,    26.1699                
# span 11 =    257.095,    312.645                
# span 12 =    246.532,    301.137                
# span 13 =  325.87922,  338.43836                
# span 14 =     78.695,     92.447                
# span 15 =     75.305,     89.019                
# span 16 =     0.1184,     0.3346                
# span 17 =     0.3626,     1.6593                
# span 18 =     3.5067,     3.9341                
# span 19 =     0.7222,     1.1823                
# span 20 = 3.7477e-01, 1.3224e+02                
# span 21 =          1,       4195                
# span 22 =     0.0000,     2.9125                
# span 23 = 0.0000e+00, 0.0000e+00                
# interval = seconds: 0.0416667
# start_time = Sep 18 2023 02:57:41 [NMEA time, first data scan]
# bad_flag = -9.990e-29
*END*
[from data line 3865]
     41.747   64.99150 -169.13860     42.164     3.1952     3.1926     3.1927    32.8232    32.8352  1026.3283    26.1307    261.570    250.776  326.35159     80.150     76.844     0.1319     0.4432     3.7521     0.9116 4.9230e-01       3866     2.6840  0.000e+00
     41.793   64.99150 -169.13860     42.211     3.1946     3.1909     3.1921    32.8237    32.8359  1026.3290    26.1312    261.566    250.795  326.35548     80.147     76.848     0.1319     0.4432     3.7570     0.9064 4.9402e-01       3867     2.6847  0.000e+00
     41.747   64.99150 -169.13860     42.164     3.1941     3.1894     3.1916    32.8236    32.8365  1026.3287    26.1311    261.769    250.808  326.35927     80.209     76.849     0.1306     0.4359     3.7631     0.8999 4.9747e-01       3868     2.6854  0.000e+00
     41.801   64.99150 -169.13860     42.219     3.1933     3.1880     3.1908    32.8235    32.8366  1026.3290    26.1311    262.007    251.015  326.36584     80.280     76.910     0.1319     0.4432     3.7631     0.8999 4.9921e-01       3869     2.6861  0.000e+00
     41.855   64.99150 -169.13860     42.273     3.1916     3.1868     3.1891    32.8235    32.8369  1026.3294    26.1313    261.632    251.045  326.37991     80.162     76.917     0.1331     0.4505     3.7619     0.9012 4.9747e-01       3870     2.6868  0.000e+00
     41.801   64.99150 -169.13860     42.219     3.1894     3.1855     3.1869    32.8238    32.8371  1026.3295    26.1317    261.614    251.069  326.39688     80.152     76.922     0.1319     0.4432     3.7619     0.9012 4.8547e-01       3871     2.6875  0.000e+00
     41.855   64.99150 -169.13860     42.273     3.1868     3.1836     3.1843    32.8250    32.8377  1026.3310    26.1329    261.849    251.096  326.41476     80.220     76.927     0.1319     0.4432     3.7619     0.9012 4.8039e-01       3872     2.6882  0.000e+00
     41.855   64.99150 -169.13860     42.273     3.1844     3.1813     3.1819    32.8252    32.8377  1026.3314    26.1333    261.896    251.121  326.43358     80.230     76.930     0.1319     0.4432     3.7619     0.9012 4.8039e-01       3873     2.6889  0.000e+00
     41.855   64.99150 -169.13860     42.273     3.1812     3.1781     3.1787    32.8254    32.8382  1026.3318    26.1337    261.945    250.954  326.45842     80.238     76.873     0.1319     0.4432     3.7619     0.9012 4.8887e-01       3874     2.6896  0.000e+00
     41.916   64.99150 -169.13860     42.336     3.1777     3.1743     3.1753    32.8259    32.8394  1026.3328    26.1344    261.993    251.155  326.48502     80.247     76.928     0.1306     0.4359     3.7619     0.9012 4.9402e-01       3875     2.6903  0.000e+00
     41.855   64.99150 -169.13860     42.273     3.1744     3.1714     3.1719    32.8272    32.8407  1026.3339    26.1358    262.247    251.169  326.50838     80.319     76.928     0.1294     0.4286     3.7619     0.9012 4.9574e-01       3876     2.6910  0.000e+00
     41.916   64.99150 -169.13860     42.336     3.1708     3.1686     3.1683    32.8281    32.8412  1026.3352    26.1368    262.140    251.185  326.53526     80.279     76.928     0.1233     0.3919     3.7619     0.9012 4.8547e-01       3877     2.6917  0.000e+00
     41.970   64.99150 -169.13860     42.390     3.1677     3.1666     3.1652    32.8293    32.8418  1026.3367    26.1380    262.171    251.192  326.55780     80.283     76.926     0.1233     0.3919     3.7619     0.9012 4.7704e-01       3878     2.6924  0.000e+00
     41.970   64.99150 -169.13860     42.390     3.1651     3.1643     3.1627    32.8305    32.8427  1026.3379    26.1392    262.192    251.194  326.57484     80.285     76.923     0.1233     0.3919     3.7631     0.8999 4.7704e-01       3879     2.6931  0.000e+00
     41.970   64.99150 -169.13860     42.390     3.1628     3.1621     3.1603    32.8313    32.8433  1026.3387    26.1400    262.208    251.193  326.59179     80.286     76.919     0.1233     0.3919     3.7619     0.9012 4.7370e-01       3880     2.6938  0.000e+00
     41.970   64.99150 -169.13860     42.390     3.1609     3.1605     3.1584    32.8313    32.8434  1026.3389    26.1402    262.433    251.184  326.60689     80.351     76.913     0.1233     0.3919     3.7631     0.8999 4.7038e-01       3881     2.6944  0.000e+00
     41.970   64.99150 -169.13860     42.390     3.1590     3.1588     3.1565    32.8312    32.8440  1026.3390    26.1403    262.256    251.365  326.62239     80.293     76.966     0.1221     0.3846     3.7619     0.9012 4.7038e-01       3882     2.6951  0.000e+00
     42.024   64.99150 -169.13860     42.445     3.1568     3.1563     3.1543    32.8323    32.8445  1026.3403    26.1414    262.474    251.184  326.63744     80.356     76.906     0.1233     0.3919     3.7619     0.9012 4.6872e-01       3883     2.6958  0.000e+00
     42.032   64.99150 -169.13860     42.452     3.1546     3.1538     3.1521    32.8327    32.8454  1026.3409    26.1419    262.071    251.362  326.65393     80.229     76.956     0.1221     0.3846     3.7619     0.9012 4.6215e-01       3884     2.6965  0.000e+00
     42.086   64.99150 -169.13860     42.507     3.1526     3.1522     3.1501    32.8338    32.8465  1026.3422    26.1430    262.281    251.358  326.66749     80.290     76.953     0.1233     0.3919     3.7619     0.9012 4.6215e-01       3885     2.6972  0.000e+00
     42.032   64.99150 -169.13860     42.452     3.1508     3.1505     3.1483    32.8346    32.8472  1026.3428    26.1438    262.084    251.372  326.67965     80.227     76.954     0.1221     0.3846     3.7619     0.9012 4.6052e-01       3886     2.6979  0.000e+00
     42.086   64.99150 -169.13860     42.507     3.1494     3.1491     3.1470    32.8354    32.8475  1026.3437    26.1445    261.996    251.384  326.68898     80.197     76.955     0.1233     0.3919     3.7375     0.9273 4.5890e-01       3887     2.6986  0.000e+00
     42.140   64.99150 -169.13860     42.562     3.1480     3.1471     3.1455    32.8360    32.8488  1026.3446    26.1451    262.158    251.395  326.69911     80.244     76.956     0.1221     0.3846     3.7033     0.9640 4.5728e-01       3888     2.6993  0.000e+00
     42.148   64.99150 -169.13860     42.569     3.1461     3.1452     3.1436    32.8370    32.8495  1026.3456    26.1461    262.134    251.424  326.71164     80.234     76.961     0.1233     0.3919     3.6960     0.9720 4.5566e-01       3889     2.7000  0.000e+00
     42.148   64.99150 -169.13860     42.569     3.1452     3.1434     3.1427    32.8375    32.8498  1026.3461    26.1466    262.099    251.426  326.71804     80.222     76.959     0.1233     0.3919     3.6972     0.9706 4.4764e-01       3890     2.7007  0.000e+00
     42.148   64.99150 -169.13860     42.569     3.1441     3.1410     3.1416    32.8371    32.8510  1026.3459    26.1463    262.027    251.428  326.72773     80.197     76.955     0.1221     0.3846     3.6984     0.9693 4.4289e-01       3891     2.7014  0.000e+00
     42.202   64.99150 -169.13860     42.624     3.1423     3.1389     3.1398    32.8381    32.8523  1026.3471    26.1473    261.989    251.424  326.73934     80.183     76.951     0.1233     0.3919     3.6984     0.9693 4.4447e-01       3892     2.7021  0.000e+00
     42.202   64.99150 -169.13860     42.624     3.1408     3.1377     3.1383    32.8389    32.8523  1026.3479    26.1481    261.764    251.412  326.74979     80.111     76.945     0.1221     0.3846     3.6984     0.9693 4.4764e-01       3893     2.7028  0.000e+00
     42.194   64.99150 -169.13860     42.616     3.1391     3.1366     3.1366    32.8400    32.8534  1026.3489    26.1491    262.152    251.417  326.76081     80.228     76.945     0.1233     0.3919     3.6984     0.9693 4.4924e-01       3894     2.7035  0.000e+00
     42.202   64.99150 -169.13860     42.624     3.1380     3.1357     3.1355    32.8400    32.8534  1026.3490    26.1492    262.171    251.420  326.76991     80.231     76.944     0.1221     0.3846     3.6984     0.9693 4.4924e-01       3895     2.7042  0.000e+00
     42.317   64.99150 -169.13860     42.741     3.1368     3.1352     3.1343    32.8407    32.8536  1026.3502    26.1498    262.188    251.420  326.77726     80.234     76.944     0.1233     0.3919     3.6984     0.9693 4.4447e-01       3896     2.7049  0.000e+00
     42.256   64.99150 -169.13860     42.678     3.1359     3.1346     3.1334    32.8414    32.8537  1026.3505    26.1505    262.084    251.413  326.78279     80.201     76.940     0.1233     0.3919     3.6984     0.9693 4.4289e-01       3897     2.7056  0.000e+00
     42.256   64.99150 -169.13860     42.678     3.1353     3.1342     3.1328    32.8418    32.8539  1026.3509    26.1508    262.081    251.597  326.78703     80.199     76.996     0.1221     0.3846     3.6984     0.9693 4.4131e-01       3898     2.7062  0.000e+00
     42.371   64.99150 -169.13860     42.795     3.1343     3.1339     3.1318    32.8418    32.8536  1026.3515    26.1509    262.080    251.416  326.79470     80.197     76.940     0.1221     0.3846     3.6984     0.9693 4.4131e-01       3899     2.7069  0.000e+00
     42.317   64.99150 -169.13860     42.741     3.1339     3.1326     3.1314    32.8421    32.8541  1026.3516    26.1512    262.101    251.404  326.79728     80.203     76.934     0.1233     0.3919     3.6984     0.9693 4.4289e-01       3900     2.7076  0.000e+00
     42.317   64.99150 -169.13860     42.741     3.1333     3.1308     3.1308    32.8422    32.8551  1026.3517    26.1514    262.087    251.392  326.80222     80.197     76.928     0.1233     0.3919     3.6984     0.9693 4.4289e-01       3901     2.7083  0.000e+00
     42.433   64.99150 -169.13860     42.858     3.1314     3.1285     3.1289    32.8427    32.8565  1026.3529    26.1519    262.080    251.385  326.81600     80.192     76.922     0.1282     0.4212     3.6984     0.9693 4.3974e-01       3902     2.7090  0.000e+00
     42.371   64.99150 -169.13860     42.795     3.1290     3.1265     3.1265    32.8434    32.8569  1026.3533    26.1527    262.103    251.370  326.83370     80.195     76.914     0.1331     0.4505     3.6984     0.9693 4.3505e-01       3903     2.7097  0.000e+00
     42.371   64.99150 -169.13860     42.795     3.1260     3.1231     3.1235    32.8444    32.8586  1026.3544    26.1537    262.129    251.361  326.85532     80.197     76.905     0.1331     0.4505     3.6996     0.9680 4.3505e-01       3904     2.7104  0.000e+00
     42.487   64.99150 -169.13860     42.912     3.1231     3.1205     3.1206    32.8455    32.8599  1026.3561    26.1549    262.156    251.370  326.87621     80.200     76.904     0.1331     0.4505     3.6984     0.9693 4.3505e-01       3905     2.7111  0.000e+00
     42.433   64.99150 -169.13860     42.858     3.1204     3.1181     3.1179    32.8472    32.8612  1026.3574    26.1564    262.170    251.372  326.89360     80.200     76.901     0.1319     0.4432     3.6984     0.9693 4.3505e-01       3906     2.7118  0.000e+00
     42.487   64.99150 -169.13860     42.912     3.1180     3.1165     3.1155    32.8482    32.8617  1026.3587    26.1575    262.184    251.371  326.90986     80.201     76.898     0.1331     0.4505     3.6874     0.9812 4.3505e-01       3907     2.7125  0.000e+00
     42.487   64.99150 -169.13860     42.912     3.1159     3.1151     3.1134    32.8498    32.8626  1026.3601    26.1589    262.191    251.363  326.92277     80.200     76.894     0.1319     0.4432     3.6593     1.0118 4.3505e-01       3908     2.7132  0.000e+00
     42.487   64.99150 -169.13860     42.912     3.1139     3.1135     3.1114    32.8505    32.8631  1026.3609    26.1597    262.196    251.357  326.93740     80.198     76.889     0.1331     0.4505     3.6496     1.0225 4.3349e-01       3909     2.7139  0.000e+00
     42.541   64.99150 -169.13860     42.967     3.1125     3.1124     3.1100    32.8512    32.8634  1026.3618    26.1604    262.195    251.347  326.94675     80.195     76.884     0.1343     0.4579     3.6508     1.0212 4.3194e-01       3910     2.7146  0.000e+00
     42.549   64.99150 -169.13860     42.974     3.1116     3.1115     3.1091    32.8519    32.8642  1026.3625    26.1610    262.186    251.331  326.95277     80.191     76.878     0.1331     0.4505     3.6520     1.0198 4.3349e-01       3911     2.7153  0.000e+00
     42.549   64.99150 -169.13860     42.974     3.1108     3.1106     3.1083    32.8526    32.8646  1026.3631    26.1616    262.390    251.315  326.95711     80.252     76.871     0.1331     0.4505     3.6520     1.0198 4.3349e-01       3912     2.7160  0.000e+00
     42.603   64.99150 -169.13860     43.029     3.1102     3.1100     3.1077    32.8528    32.8648  1026.3636    26.1618    262.192    251.296  326.96182     80.191     76.864     0.1319     0.4432     3.6520     1.0198 4.3349e-01       3913     2.7167  0.000e+00
     42.657   64.99150 -169.13860     43.084     3.1092     3.1090     3.1067    32.8532    32.8654  1026.3642    26.1622    262.176    251.277  326.96861     80.184     76.857     0.1331     0.4505     3.6520     1.0198 4.3194e-01       3914     2.7174  0.000e+00
     42.603   64.99150 -169.13860     43.029     3.1072     3.1082     3.1047    32.8543    32.8662  1026.3650    26.1633    261.943    251.251  326.98227     80.109     76.848     0.1319     0.4432     3.6520     1.0198 4.2732e-01       3915     2.7181  0.000e+00
     42.595   64.99150 -169.13860     43.021     3.1054     3.1071     3.1029    32.8553    32.8665  1026.3660    26.1643    261.890    251.228  326.99381     80.090     76.839     0.1331     0.4505     3.6520     1.0198 4.2426e-01       3916     2.7188  0.000e+00
     42.719   64.99150 -169.13860     43.146     3.1040     3.1061     3.1015    32.8561    32.8665  1026.3673    26.1650    261.874    251.207  327.00315     80.083     76.831     0.1319     0.4432     3.6520     1.0198 4.2426e-01       3917     2.7194  0.000e+00
     42.657   64.99150 -169.13860     43.084     3.1032     3.1051     3.1007    32.8568    32.8675  1026.3677    26.1657    261.883    251.200  327.00780     80.085     76.827     0.1331     0.4505     3.6520     1.0198 4.2732e-01       3918     2.7201  0.000e+00
     42.719   64.99150 -169.13860     43.146     3.1024     3.1040     3.0999    32.8572    32.8679  1026.3683    26.1660    262.044    251.197  327.01342     80.132     76.825     0.1319     0.4432     3.6520     1.0198 4.2886e-01       3919     2.7208  0.000e+00
     42.719   64.99150 -169.13860     43.146     3.1018     3.1031     3.0993    32.8579    32.8684  1026.3689    26.1666    262.015    251.191  327.01637     80.123     76.821     0.1331     0.4505     3.6520     1.0198 4.3040e-01       3920     2.7215  0.000e+00
     42.711   64.99150 -169.13860     43.138     3.1012     3.1026     3.0987    32.8579    32.8688  1026.3690    26.1667    262.020    251.180  327.02140     80.123     76.817     0.1343     0.4579     3.6520     1.0198 4.2426e-01       3921     2.7222  0.000e+00
     42.773   64.99150 -169.13860     43.200     3.1010     3.1015     3.0985    32.8579    32.8701  1026.3692    26.1667    262.024    251.173  327.02287     80.124     76.814     0.1331     0.4505     3.6520     1.0198 4.2122e-01       3922     2.7229  0.000e+00
     42.773   64.99150 -169.13860     43.200     3.1006     3.1012     3.0980    32.8587    32.8697  1026.3700    26.1674    262.024    250.943  327.02453     80.124     76.743     0.1331     0.4505     3.6520     1.0198 4.1970e-01       3923     2.7236  0.000e+00
     42.834   64.99150 -169.13860     43.263     3.1000     3.1008     3.0975    32.8586    32.8699  1026.3702    26.1674    262.028    251.104  327.02966     80.124     76.791     0.1319     0.4432     3.6520     1.0198 4.1668e-01       3924     2.7243  0.000e+00
