EcoFOCI/data/1_SampleCollection/2023_SikuliaqDBO_CruiseData/CTD_raw_BottleFile_SKQ23-12S/proc/skq202312s_071svpavg.cnv
* Sea-Bird SBE 9 Data File:
* FileName = D:\CTD\SKQ202312S\SKQ202312S_071.hex
* Software Version Seasave V 7.26.7.121
* Temperature SN = 6177
* Conductivity SN = 0369
* Number of Bytes Per Scan = 41
* Number of Voltage Words = 4
* Number of Scans Averaged by the Deck Unit = 1
* NMEA Latitude = 68 07.96 N
* NMEA Longitude = 167 29.16 W
* NMEA UTC (Time) = Oct 01 2023  15:37:48
* NMEA baud rate = 4800
** Ship: R/V Sikuliaq
** Station Number: 071
** Station Name: DBO3.4
** Bottom Depth: 48
** Operator: SD
# nquan = 7
# nvalues = 42                          
# units = specified
# name 0 = depSM: Depth [salt water, m]
# name 1 = latitude: Latitude [deg]
# name 2 = longitude: Longitude [deg]
# name 3 = t090C: Temperature [ITS-90, deg C]
# name 4 = sal00: Salinity, Practical [PSU]
# name 5 = svCM: Sound Velocity [Chen-Millero, m/s]
# name 6 = flag: flag
# span 0 =      3.000,     44.000       
# span 1 =   68.13260,   68.13265       
# span 2 = -167.48642, -167.48615       
# span 3 =     3.5685,     5.1888       
# span 4 =    29.7412,    32.0240       
# span 5 =    1461.56,    1466.31       
# span 6 = 0.0000e+00, 0.0000e+00       
# interval = meters: 1                  
# start_time = Oct 01 2023 15:41:18 [NMEA time, first data scan]
# bad_flag = -9.990e-29
*END*
      3.000   68.13265 -167.48615     5.1566    29.7454    1464.73 0.0000e+00
      4.000   68.13264 -167.48619     5.1528    29.7432    1464.73 0.0000e+00
      5.000   68.13264 -167.48620     5.1514    29.7417    1464.74 0.0000e+00
      6.000   68.13264 -167.48620     5.1515    29.7412    1464.76 0.0000e+00
      7.000   68.13264 -167.48621     5.1539    29.7446    1464.79 0.0000e+00
      8.000   68.13264 -167.48621     5.1888    30.0524    1465.34 0.0000e+00
      9.000   68.13263 -167.48622     5.1854    30.8160    1466.31 0.0000e+00
     10.000   68.13262 -167.48622     4.8687    31.1234    1465.42 0.0000e+00
     11.000   68.13262 -167.48620     4.7777    31.3881    1465.40 0.0000e+00
     12.000   68.13262 -167.48618     4.6300    31.7323    1465.24 0.0000e+00
     13.000   68.13262 -167.48618     4.5108    31.8602    1464.93 0.0000e+00
     14.000   68.13262 -167.48619     4.1556    31.9689    1463.60 0.0000e+00
     15.000   68.13262 -167.48618     3.7111    32.0240    1461.82 0.0000e+00
     16.000   68.13262 -167.48618     3.6684    32.0235    1461.66 0.0000e+00
     17.000   68.13264 -167.48618     3.6629    32.0187    1461.65 0.0000e+00
     18.000   68.13264 -167.48620     3.6432    32.0177    1461.58 0.0000e+00
     19.000   68.13264 -167.48619     3.6361    32.0183    1461.56 0.0000e+00
     20.000   68.13264 -167.48618     3.6352    32.0180    1461.58 0.0000e+00
     21.000   68.13264 -167.48620     3.6370    32.0175    1461.60 0.0000e+00
     22.000   68.13264 -167.48620     3.6355    32.0163    1461.61 0.0000e+00
     23.000   68.13264 -167.48620     3.6357    32.0161    1461.63 0.0000e+00
     24.000   68.13264 -167.48620     3.6361    32.0158    1461.64 0.0000e+00
     25.000   68.13264 -167.48620     3.6353    32.0156    1461.65 0.0000e+00
     26.000   68.13264 -167.48620     3.6359    32.0152    1461.67 0.0000e+00
     27.000   68.13264 -167.48620     3.6297    32.0152    1461.66 0.0000e+00
     28.000   68.13264 -167.48621     3.6242    32.0156    1461.66 0.0000e+00
     29.000   68.13264 -167.48622     3.6229    32.0154    1461.67 0.0000e+00
     30.000   68.13264 -167.48622     3.6212    32.0149    1461.68 0.0000e+00
     31.000   68.13264 -167.48622     3.6134    32.0151    1461.66 0.0000e+00
     32.000   68.13264 -167.48622     3.5977    32.0168    1461.61 0.0000e+00
     33.000   68.13264 -167.48622     3.5940    32.0170    1461.61 0.0000e+00
     34.000   68.13264 -167.48622     3.5909    32.0176    1461.62 0.0000e+00
     35.000   68.13264 -167.48624     3.5890    32.0176    1461.63 0.0000e+00
     36.000   68.13264 -167.48623     3.5883    32.0174    1461.64 0.0000e+00
     37.000   68.13264 -167.48622     3.5875    32.0175    1461.65 0.0000e+00
     38.000   68.13264 -167.48624     3.5872    32.0175    1461.67 0.0000e+00
     39.000   68.13263 -167.48625     3.5868    32.0172    1461.68 0.0000e+00
     40.000   68.13262 -167.48628     3.5855    32.0172    1461.69 0.0000e+00
     41.000   68.13262 -167.48629     3.5847    32.0173    1461.71 0.0000e+00
     42.000   68.13262 -167.48630     3.5800    32.0179    1461.70 0.0000e+00
     43.000   68.13260 -167.48635     3.5773    32.0186    1461.71 0.0000e+00
     44.000   68.13260 -167.48642     3.5685    32.0206    1461.69 0.0000e+00
