EcoFOCI/data/1_SampleCollection/2023_SikuliaqDBO_CruiseData/CTD_raw_BottleFile_SKQ23-12S/proc/skq202312s_066.cnv
* Sea-Bird SBE 9 Data File:
* FileName = D:\CTD\SKQ202312S\SKQ202312S_066.hex
* Software Version Seasave V 7.26.7.121
* Temperature SN = 6177
* Conductivity SN = 0369
* Number of Bytes Per Scan = 41
* Number of Voltage Words = 4
* Number of Scans Averaged by the Deck Unit = 1
* NMEA Latitude = 72 12.41 N
* NMEA Longitude = 166 57.30 W
* NMEA UTC (Time) = Sep 28 2023  13:08:17
* NMEA baud rate = 4800
** Ship: R/V Sikuliaq
** Station Number: 066
** Station Name: IC0.3
** Bottom Depth: 47
** Operator: SD
# nquan = 24
# nvalues = 4842                                  
# units = specified
# name 0 = depSM: Depth [salt water, m]
# name 1 = latitude: Latitude [deg]
# name 2 = longitude: Longitude [deg]
# name 3 = prDM: Pressure, Digiquartz [db]
# name 4 = t090C: Temperature [ITS-90, deg C]
# name 5 = t190C: Temperature, 2 [ITS-90, deg C]
# name 6 = potemp090C: Potential Temperature [ITS-90, deg C]
# name 7 = sal00: Salinity, Practical [PSU]
# name 8 = sal11: Salinity, Practical, 2 [PSU]
# name 9 = density00: Density [density, kg/m^3]
# name 10 = sigma-é00: Density [sigma-theta, kg/m^3]
# name 11 = sbox0Mm/Kg: Oxygen, SBE 43 [umol/kg]
# name 12 = sbox1Mm/Kg: Oxygen, SBE 43, 2 [umol/kg]
# name 13 = oxsolMm/Kg: Oxygen Saturation, Garcia & Gordon [umol/kg]
# name 14 = sbeox0PS: Oxygen, SBE 43 [% saturation]
# name 15 = sbeox1PS: Oxygen, SBE 43, 2 [% saturation]
# name 16 = v0: Voltage 0
# name 17 = flECO-AFL: Fluorescence, WET Labs ECO-AFL/FL [mg/m^3]
# name 18 = v1: Voltage 1
# name 19 = CStarAt0: Beam Attenuation, WET Labs C-Star [1/m]
# name 20 = par: PAR/Irradiance, Biospherical/Licor
# name 21 = scan: Scan Count
# name 22 = timeM: Time, Elapsed [minutes]
# name 23 = flag:  0.000e+00
# span 0 =      2.489,     42.256                 
# span 1 =   72.20680,   72.20682                 
# span 2 = -166.95580, -166.95532                 
# span 3 =      2.514,     42.698                 
# span 4 =     0.2306,     4.3186                 
# span 5 =     0.2313,     4.3202                 
# span 6 =     0.2294,     4.3170                 
# span 7 =    30.9114,    32.4398                 
# span 8 =    30.9226,    32.4884                 
# span 9 =  1024.5362,  1026.2016                 
# span 10 =    24.5236,    26.0200                
# span 11 =    304.815,    350.082                
# span 12 =    288.016,    316.056                
# span 13 =  321.53063,  352.92889                
# span 14 =     88.313,     99.665                
# span 15 =     83.449,     90.669                
# span 16 =     0.0989,     0.2283                
# span 17 =     0.2454,     1.0220                
# span 18 =     2.5726,     4.1490                
# span 19 =     0.5094,     2.4218                
# span 20 = 1.0000e-12, 7.3024e-01                
# span 21 =          1,       4842                
# span 22 =     0.0000,     3.3618                
# span 23 = 0.0000e+00, 0.0000e+00                
# interval = seconds: 0.0416667
# start_time = Sep 28 2023 13:12:40 [NMEA time, first data scan]
# bad_flag = -9.990e-29
*END*
[from data line 2597]
     24.796   72.20682 -166.95558     25.054     4.3173     4.3191     4.3157    31.1643    31.1723  1024.8227    24.7057    305.054    288.494  321.54230     94.872     89.731     0.1514     0.5604     4.1490     0.5094 1.0000e-12       2598     1.8035  0.000e+00
     24.873   72.20682 -166.95558     25.132     4.3175     4.3193     4.3159    31.1644    31.1733  1024.8231    24.7057    304.834    288.664  321.54087     94.804     89.785     0.1514     0.5604     4.1490     0.5094 1.0000e-12       2599     1.8042  0.000e+00
     24.850   72.20682 -166.95558     25.108     4.3178     4.3194     4.3162    31.1652    31.1738  1024.8237    24.7064    305.029    288.499  321.53633     94.866     89.734     0.1514     0.5604     4.1490     0.5094 8.4714e-06       2600     1.8049  0.000e+00
     24.850   72.20682 -166.95558     25.108     4.3180     4.3195     4.3163    31.1653    31.1744  1024.8237    24.7065    305.018    288.504  321.53482     94.863     89.737     0.1526     0.5678     4.1477     0.5105 1.0000e-12       2601     1.8056  0.000e+00
     24.873   72.20682 -166.95558     25.132     4.3183     4.3198     4.3166    31.1657    31.1744  1024.8241    24.7068    305.006    288.701  321.53144     94.860     89.799     0.1514     0.5604     4.1477     0.5105 1.0000e-12       2602     1.8062  0.000e+00
     24.911   72.20682 -166.95558     25.171     4.3184     4.3201     4.3168    31.1656    31.1748  1024.8242    24.7066    305.031    288.733  321.53063     94.868     89.809     0.1514     0.5604     4.1477     0.5105 1.0000e-12       2603     1.8069  0.000e+00
     24.873   72.20682 -166.95558     25.132     4.3186     4.3202     4.3170    31.1649    31.1754  1024.8234    24.7061    305.055    288.764  321.53102     94.876     89.820     0.1526     0.5678     4.1477     0.5105 1.0000e-12       2604     1.8076  0.000e+00
     24.965   72.20682 -166.95558     25.225     4.3186     4.3202     4.3170    31.1635    31.1754  1024.8228    24.7050    305.088    288.804  321.53438     94.885     89.832     0.1514     0.5604     4.1477     0.5105 1.0000e-12       2605     1.8083  0.000e+00
     24.965   72.20682 -166.95558     25.225     4.3176     4.3197     4.3160    31.1625    31.1755  1024.8221    24.7043    305.126    288.845  321.54412     94.894     89.844     0.1538     0.5751     4.1477     0.5105 1.0000e-12       2606     1.8090  0.000e+00
     24.927   72.20682 -166.95558     25.186     4.3169     4.3183     4.3152    31.1616    31.1762  1024.8213    24.7036    305.163    288.893  321.55239     94.903     89.856     0.1538     0.5751     4.1477     0.5105 1.0000e-12       2607     1.8097  0.000e+00
     24.965   72.20682 -166.95558     25.225     4.3153     4.3158     4.3136    31.1616    31.1770  1024.8216    24.7038    305.208    288.932  321.56470     94.913     89.863     0.1538     0.5751     4.1477     0.5105 1.0000e-12       2608     1.8104  0.000e+00
     24.988   72.20682 -166.95558     25.248     4.3139     4.3136     4.3122    31.1610    31.1773  1024.8213    24.7034    305.254    288.782  321.57714     94.924     89.812     0.1526     0.5678     4.1477     0.5105 1.0000e-12       2609     1.8111  0.000e+00
     25.027   72.20682 -166.95558     25.287     4.3118     4.3117     4.3101    31.1618    31.1773  1024.8224    24.7043    305.338    288.799  321.59140     94.946     89.814     0.1538     0.5751     4.1477     0.5105 1.0000e-12       2610     1.8118  0.000e+00
     25.042   72.20682 -166.95558     25.303     4.3099     4.3096     4.3083    31.1614    31.1778  1024.8223    24.7041    305.358    288.818  321.60670     94.948     89.815     0.1526     0.5678     4.1477     0.5105 1.0000e-12       2611     1.8125  0.000e+00
     25.081   72.20682 -166.95558     25.342     4.3076     4.3068     4.3060    31.1614    31.1788  1024.8227    24.7043    305.381    288.845  321.62472     94.950     89.818     0.1538     0.5751     4.1477     0.5105 1.0000e-12       2612     1.8132  0.000e+00
     25.081   72.20682 -166.95558     25.342     4.3052     4.3034     4.3035    31.1618    31.1800  1024.8233    24.7050    305.403    288.876  321.64272     94.951     89.821     0.1538     0.5751     4.1477     0.5105 1.0000e-12       2613     1.8139  0.000e+00
     25.104   72.20682 -166.95558     25.365     4.3021     4.2992     4.3004    31.1630    31.1817  1024.8247    24.7062    305.640    288.893  321.66401     95.018     89.818     0.1538     0.5751     4.1490     0.5094 1.0000e-12       2614     1.8146  0.000e+00
     25.081   72.20682 -166.95558     25.342     4.2994     4.2957     4.2977    31.1638    31.1825  1024.8254    24.7071    305.483    288.927  321.68334     94.964     89.822     0.1551     0.5824     4.1477     0.5105 1.0000e-12       2615     1.8153  0.000e+00
     25.158   72.20682 -166.95558     25.420     4.2968     4.2922     4.2952    31.1648    31.1834  1024.8268    24.7081    305.507    288.944  321.70051     94.966     89.820     0.1526     0.5678     4.1477     0.5105 1.0000e-12       2616     1.8160  0.000e+00
     25.135   72.20682 -166.95558     25.396     4.2942     4.2889     4.2925    31.1653    31.1850  1024.8274    24.7088    305.528    288.977  321.72011     94.967     89.825     0.1538     0.5751     4.1477     0.5105 8.4714e-06       2617     1.8167  0.000e+00
     25.196   72.20682 -166.95558     25.459     4.2913     4.2854     4.2896    31.1660    31.1861  1024.8286    24.7097    305.554    289.019  321.74069     94.969     89.830     0.1526     0.5678     4.1477     0.5105 1.0000e-12       2618     1.8174  0.000e+00
     25.158   72.20682 -166.95558     25.420     4.2881     4.2822     4.2865    31.1674    31.1868  1024.8298    24.7111    305.577    289.034  321.76184     94.970     89.829     0.1538     0.5751     4.1477     0.5105 1.0000e-12       2619     1.8181  0.000e+00
     25.196   72.20682 -166.95558     25.459     4.2853     4.2792     4.2837    31.1686    31.1877  1024.8312    24.7122    305.601    289.052  321.78070     94.972     89.828     0.1526     0.5678     4.1490     0.5094 1.0000e-12       2620     1.8188  0.000e+00
     25.212   72.20682 -166.95558     25.474     4.2826     4.2769     4.2810    31.1694    31.1882  1024.8322    24.7132    305.623    289.087  321.79990     94.973     89.835     0.1538     0.5751     4.1477     0.5105 1.0000e-12       2621     1.8194  0.000e+00
     25.250   72.20682 -166.95558     25.513     4.2802     4.2749     4.2785    31.1707    31.1887  1024.8336    24.7144    305.644    289.100  321.81610     94.975     89.835     0.1538     0.5751     4.1477     0.5105 1.0000e-12       2622     1.8201  0.000e+00
     25.273   72.20682 -166.95558     25.536     4.2782     4.2727     4.2766    31.1714    31.1897  1024.8345    24.7152    305.661    289.114  321.82941     94.976     89.835     0.1538     0.5751     4.1477     0.5105 1.0000e-12       2623     1.8208  0.000e+00
     25.312   72.20682 -166.95558     25.575     4.2757     4.2706     4.2740    31.1729    31.1905  1024.8361    24.7166    305.051    289.130  321.84534     94.782     89.836     0.1538     0.5751     4.1477     0.5105 1.0000e-12       2624     1.8215  0.000e+00
     25.250   72.20682 -166.95558     25.513     4.2737     4.2688     4.2720    31.1751    31.1915  1024.8377    24.7186    305.600    289.139  321.85605     94.949     89.835     0.1526     0.5678     4.1477     0.5105 1.0000e-12       2625     1.8222  0.000e+00
     25.327   72.20682 -166.95558     25.591     4.2716     4.2669     4.2699    31.1772    31.1933  1024.8400    24.7204    305.621    289.153  321.86730     94.952     89.837     0.1538     0.5751     4.1477     0.5105 1.0000e-12       2626     1.8229  0.000e+00
     25.366   72.20682 -166.95558     25.630     4.2698     4.2656     4.2682    31.1788    31.1946  1024.8416    24.7219    305.429    289.164  321.87696     94.890     89.838     0.1526     0.5678     4.1477     0.5105 1.0000e-12       2627     1.8236  0.000e+00
     25.327   72.20682 -166.95558     25.591     4.2678     4.2642     4.2662    31.1807    31.1961  1024.8432    24.7236    305.414    289.173  321.88778     94.882     89.839     0.1538     0.5751     4.1477     0.5105 8.4714e-06       2628     1.8243  0.000e+00
     25.427   72.20682 -166.95558     25.692     4.2665     4.2634     4.2648    31.1827    31.1969  1024.8454    24.7253    305.611    289.184  321.89353     94.942     89.841     0.1551     0.5824     4.1477     0.5105 1.0000e-12       2629     1.8250  0.000e+00
     25.389   72.20682 -166.95558     25.653     4.2649     4.2626     4.2633    31.1852    31.1982  1024.8473    24.7274    305.414    289.358  321.89952     94.879     89.894     0.1538     0.5751     4.1477     0.5105 1.0000e-12       2630     1.8257  0.000e+00
     25.427   72.20682 -166.95558     25.692     4.2635     4.2617     4.2618    31.1870    31.1994  1024.8490    24.7290    305.611    289.366  321.90661     94.938     89.896     0.1538     0.5751     4.1477     0.5105 1.0000e-12       2631     1.8264  0.000e+00
     25.427   72.20682 -166.95558     25.692     4.2621     4.2611     4.2604    31.1884    31.2003  1024.8503    24.7303    305.418    289.204  321.91365     94.876     89.845     0.1526     0.5678     4.1477     0.5105 1.0000e-12       2632     1.8271  0.000e+00
     25.443   72.20682 -166.95558     25.708     4.2611     4.2600     4.2594    31.1897    31.2019  1024.8515    24.7314    305.580    289.191  321.91869     94.925     89.840     0.1538     0.5751     4.1477     0.5105 1.0000e-12       2633     1.8278  0.000e+00
     25.481   72.20682 -166.95558     25.747     4.2596     4.2589     4.2580    31.1911    31.2031  1024.8529    24.7326    305.389    289.180  321.92643     94.863     89.835     0.1526     0.5678     4.1477     0.5105 1.0000e-12       2634     1.8285  0.000e+00
     25.504   72.20682 -166.95558     25.770     4.2590     4.2576     4.2573    31.1912    31.2044  1024.8532    24.7328    305.374    289.381  321.93160     94.857     89.895     0.1538     0.5751     4.1477     0.5105 1.0000e-12       2635     1.8292  0.000e+00
     25.481   72.20682 -166.95558     25.747     4.2576     4.2558     4.2559    31.1912    31.2056  1024.8532    24.7329    305.365    289.416  321.94216     94.851     89.903     0.1526     0.5678     4.1477     0.5105 1.0000e-12       2636     1.8299  0.000e+00
     25.535   72.20682 -166.95558     25.801     4.2561     4.2545     4.2545    31.1916    31.2059  1024.8540    24.7334    305.359    289.263  321.95254     94.846     89.852     0.1538     0.5751     4.1477     0.5105 1.0000e-12       2637     1.8306  0.000e+00
     25.558   72.20682 -166.95558     25.824     4.2544     4.2526     4.2527    31.1932    31.2068  1024.8555    24.7348    305.143    289.470  321.96218     94.776     89.913     0.1538     0.5751     4.1477     0.5105 1.0000e-12       2638     1.8313  0.000e+00
     25.597   72.20682 -166.95558     25.863     4.2531     4.2507     4.2515    31.1945    31.2082  1024.8568    24.7360    305.316    289.508  321.96887     94.828     89.922     0.1538     0.5751     4.1477     0.5105 8.4714e-06       2639     1.8319  0.000e+00
     25.558   72.20682 -166.95558     25.824     4.2514     4.2486     4.2497    31.1969    31.2105  1024.8587    24.7381    305.310    289.354  321.97648     94.824     89.871     0.1538     0.5751     4.1477     0.5105 1.0000e-12       2640     1.8326  0.000e+00
     25.651   72.20682 -166.95558     25.918     4.2503     4.2473     4.2486    31.1987    31.2128  1024.8607    24.7396    305.096    289.535  321.98088     94.756     89.926     0.1538     0.5751     4.1477     0.5105 1.0000e-12       2641     1.8333  0.000e+00
     25.612   72.20682 -166.95558     25.879     4.2488     4.2463     4.2472    31.2012    31.2149  1024.8626    24.7417    305.270    289.374  321.98621     94.808     89.875     0.1538     0.5751     4.1465     0.5117 1.0000e-12       2642     1.8340  0.000e+00
     25.651   72.20682 -166.95558     25.918     4.2478     4.2456     4.2461    31.2038    31.2174  1024.8650    24.7439    305.266    289.380  321.98810     94.807     89.877     0.1526     0.5678     4.1465     0.5117 1.0000e-12       2643     1.8347  0.000e+00
     25.651   72.20682 -166.95558     25.918     4.2468     4.2444     4.2451    31.2058    31.2200  1024.8667    24.7456    305.263    289.579  321.99107     94.805     89.938     0.1538     0.5751     4.1465     0.5117 1.0000e-12       2644     1.8354  0.000e+00
     25.674   72.20682 -166.95558     25.941     4.2457     4.2436     4.2441    31.2082    31.2225  1024.8688    24.7476    305.262    289.608  321.99350     94.804     89.947     0.1526     0.5678     4.1465     0.5117 1.0000e-12       2645     1.8361  0.000e+00
     25.712   72.20682 -166.95558     25.980     4.2451     4.2426     4.2434    31.2103    31.2254  1024.8707    24.7493    305.260    289.448  321.99366     94.803     89.897     0.1538     0.5751     4.1465     0.5117 1.0000e-12       2646     1.8368  0.000e+00
     25.728   72.20682 -166.95558     25.996     4.2441     4.2419     4.2424    31.2133    31.2279  1024.8733    24.7518    305.259    289.623  321.99374     94.803     89.952     0.1551     0.5824     4.1465     0.5117 1.0000e-12       2647     1.8375  0.000e+00
     25.712   72.20682 -166.95558     25.980     4.2434     4.2410     4.2417    31.2155    31.2299  1024.8750    24.7536    305.015    289.463  321.99412     94.727     89.902     0.1538     0.5751     4.1453     0.5129 1.0000e-12       2648     1.8382  0.000e+00
     25.728   72.20682 -166.95558     25.996     4.2420     4.2396     4.2403    31.2176    31.2322  1024.8769    24.7554    305.200    289.454  321.99968     94.783     89.897     0.1538     0.5751     4.1465     0.5117 1.0000e-12       2649     1.8389  0.000e+00
     25.766   72.20682 -166.95558     26.035     4.2412     4.2387     4.2395    31.2189    31.2340  1024.8781    24.7565    305.207    289.444  322.00284     94.784     89.894     0.1538     0.5751     4.1453     0.5129 8.4714e-06       2650     1.8396  0.000e+00
     25.789   72.20682 -166.95558     26.058     4.2402     4.2379     4.2385    31.2210    31.2350  1024.8800    24.7583    305.214    289.645  322.00536     94.785     89.955     0.1538     0.5751     4.1465     0.5117 1.0000e-12       2651     1.8403  0.000e+00
     25.828   72.20682 -166.95558     26.097     4.2393     4.2371     4.2376    31.2215    31.2358  1024.8807    24.7588    305.225    289.679  322.01115     94.787     89.964     0.1526     0.5678     4.1453     0.5129 1.0000e-12       2652     1.8410  0.000e+00
     25.828   72.20682 -166.95558     26.097     4.2385     4.2365     4.2369    31.2221    31.2364  1024.8813    24.7594    305.026    289.522  322.01576     94.724     89.914     0.1538     0.5751     4.1465     0.5117 1.0000e-12       2653     1.8417  0.000e+00
     25.789   72.20682 -166.95558     26.058     4.2379     4.2359     4.2362    31.2225    31.2367  1024.8814    24.7597    305.005    289.532  322.02021     94.716     89.916     0.1526     0.5678     4.1465     0.5117 1.0000e-12       2654     1.8424  0.000e+00
     25.882   72.20682 -166.95558     26.151     4.2370     4.2346     4.2353    31.2241    31.2380  1024.8833    24.7611    304.991    289.551  322.02318     94.711     89.921     0.1538     0.5751     4.1453     0.5129 1.0000e-12       2655     1.8431  0.000e+00
     25.843   72.20682 -166.95558     26.112     4.2359     4.2329     4.2342    31.2274    31.2410  1024.8858    24.7638    304.972    289.566  322.02396     94.705     89.923     0.1563     0.5897     4.1453     0.5129 1.0000e-12       2656     1.8438  0.000e+00
