EcoFOCI/data/1_SampleCollection/2023_SikuliaqDBO_CruiseData/CTD_raw_BottleFile_SKQ23-12S/proc/skq202312s_061svp.cnv
* Sea-Bird SBE 9 Data File:
* FileName = D:\CTD\SKQ202312S\SKQ202312S_061.hex
* Software Version Seasave V 7.26.7.121
* Temperature SN = 6177
* Conductivity SN = 0369
* Number of Bytes Per Scan = 41
* Number of Voltage Words = 4
* Number of Scans Averaged by the Deck Unit = 1
* NMEA Latitude = 71 36.10 N
* NMEA Longitude = 165 18.30 W
* NMEA UTC (Time) = Sep 27 2023  23:24:16
* NMEA baud rate = 4800
** Ship: R/V Sikuliaq
** Station Number: 061
** Station Name: IC3
** Bottom Depth: 42
** Operator: SS
** Recast for bottom water
# nquan = 7
# nvalues = 3879                                  
# units = specified
# name 0 = depSM: Depth [salt water, m]
# name 1 = latitude: Latitude [deg]
# name 2 = longitude: Longitude [deg]
# name 3 = t090C: Temperature [ITS-90, deg C]
# name 4 = sal00: Salinity, Practical [PSU]
# name 5 = svCM: Sound Velocity [Chen-Millero, m/s]
# name 6 = flag:  0.000e+00
# span 0 =      3.015,     37.164                 
# span 1 =   71.60162,   71.60162                 
# span 2 = -165.30500, -165.30498                 
# span 3 =    -1.0664,     3.2483                 
# span 4 =    30.4293,    32.5473                 
# span 5 =    1441.33,    1458.41                 
# span 6 = 0.0000e+00, 0.0000e+00                 
# interval = seconds: 0.0416667
# start_time = Sep 27 2023 23:27:17 [NMEA time, first data scan]
# bad_flag = -9.990e-29
*END*
[from data line 3077]
     31.780   71.60162 -165.30498    -0.9385    32.4573    1441.87  0.000e+00
     31.826   71.60162 -165.30498    -0.9401    32.4555    1441.86  0.000e+00
     31.780   71.60162 -165.30498    -0.9430    32.4560    1441.85  0.000e+00
     31.826   71.60162 -165.30498    -0.9475    32.4600    1441.83  0.000e+00
     31.780   71.60162 -165.30498    -0.9535    32.4654    1441.81  0.000e+00
     31.880   71.60162 -165.30498    -0.9585    32.4718    1441.80  0.000e+00
     31.780   71.60162 -165.30498    -0.9608    32.4765    1441.79  0.000e+00
     31.834   71.60162 -165.30498    -0.9629    32.4801    1441.79  0.000e+00
     31.826   71.60162 -165.30498    -0.9637    32.4799    1441.78  0.000e+00
     31.834   71.60162 -165.30498    -0.9652    32.4797    1441.77  0.000e+00
     31.826   71.60162 -165.30498    -0.9663    32.4809    1441.77  0.000e+00
     31.895   71.60162 -165.30498    -0.9663    32.4857    1441.78  0.000e+00
     31.826   71.60162 -165.30498    -0.9642    32.4888    1441.79  0.000e+00
     31.834   71.60162 -165.30498    -0.9605    32.4880    1441.81  0.000e+00
     31.880   71.60162 -165.30498    -0.9573    32.4857    1441.82  0.000e+00
     31.834   71.60162 -165.30498    -0.9550    32.4840    1441.83  0.000e+00
     31.895   71.60162 -165.30498    -0.9524    32.4816    1441.84  0.000e+00
     31.826   71.60162 -165.30498    -0.9501    32.4788    1441.84  0.000e+00
     31.834   71.60162 -165.30498    -0.9478    32.4751    1441.85  0.000e+00
     31.934   71.60162 -165.30498    -0.9464    32.4694    1441.85  0.000e+00
     31.834   71.60162 -165.30498    -0.9455    32.4651    1441.85  0.000e+00
     31.934   71.60162 -165.30498    -0.9464    32.4639    1441.84  0.000e+00
     31.834   71.60162 -165.30498    -0.9486    32.4633    1441.83  0.000e+00
     31.934   71.60162 -165.30498    -0.9521    32.4641    1441.82  0.000e+00
     31.895   71.60162 -165.30498    -0.9546    32.4626    1441.80  0.000e+00
     31.895   71.60162 -165.30498    -0.9582    32.4583    1441.78  0.000e+00
     31.934   71.60162 -165.30498    -0.9640    32.4558    1441.75  0.000e+00
     31.895   71.60162 -165.30498    -0.9706    32.4550    1441.72  0.000e+00
     31.934   71.60162 -165.30498    -0.9764    32.4579    1441.69  0.000e+00
     31.949   71.60162 -165.30498    -0.9809    32.4632    1441.68  0.000e+00
     31.934   71.60162 -165.30498    -0.9841    32.4672    1441.67  0.000e+00
     31.949   71.60162 -165.30498    -0.9867    32.4699    1441.66  0.000e+00
     31.996   71.60162 -165.30498    -0.9888    32.4694    1441.65  0.000e+00
     31.949   71.60162 -165.30498    -0.9913    32.4630    1441.63  0.000e+00
     32.011   71.60162 -165.30498    -0.9962    32.4580    1441.60  0.000e+00
     31.996   71.60162 -165.30498    -1.0029    32.4567    1441.57  0.000e+00
     31.949   71.60162 -165.30498    -1.0107    32.4579    1441.53  0.000e+00
     32.050   71.60162 -165.30498    -1.0179    32.4631    1441.51  0.000e+00
     31.949   71.60162 -165.30498    -1.0233    32.4674    1441.48  0.000e+00
     32.050   71.60162 -165.30498    -1.0278    32.4714    1441.47  0.000e+00
     32.011   71.60162 -165.30498    -1.0321    32.4774    1441.46  0.000e+00
     31.996   71.60162 -165.30498    -1.0349    32.4844    1441.45  0.000e+00
     32.065   71.60162 -165.30498    -1.0356    32.4863    1441.45  0.000e+00
     32.065   71.60162 -165.30498    -1.0361    32.4859    1441.45  0.000e+00
     32.050   71.60162 -165.30498    -1.0362    32.4858    1441.45  0.000e+00
     32.065   71.60162 -165.30498    -1.0364    32.4860    1441.45  0.000e+00
     32.111   71.60162 -165.30498    -1.0358    32.4833    1441.45  0.000e+00
     32.065   71.60162 -165.30498    -1.0361    32.4795    1441.44  0.000e+00
     32.050   71.60162 -165.30498    -1.0373    32.4767    1441.43  0.000e+00
     32.127   71.60162 -165.30498    -1.0394    32.4769    1441.42  0.000e+00
     32.111   71.60162 -165.30498    -1.0417    32.4786    1441.42  0.000e+00
     32.127   71.60162 -165.30498    -1.0446    32.4809    1441.40  0.000e+00
     32.065   71.60162 -165.30498    -1.0464    32.4818    1441.40  0.000e+00
     32.111   71.60162 -165.30498    -1.0480    32.4834    1441.39  0.000e+00
     32.181   71.60162 -165.30498    -1.0495    32.4849    1441.39  0.000e+00
     32.111   71.60162 -165.30498    -1.0504    32.4845    1441.38  0.000e+00
     32.127   71.60162 -165.30498    -1.0512    32.4843    1441.38  0.000e+00
     32.165   71.60162 -165.30498    -1.0524    32.4849    1441.37  0.000e+00
     32.181   71.60162 -165.30498    -1.0535    32.4857    1441.37  0.000e+00
     32.165   71.60162 -165.30498    -1.0544    32.4858    1441.37  0.000e+00
     32.181   71.60162 -165.30498    -1.0553    32.4860    1441.36  0.000e+00
     32.181   71.60162 -165.30498    -1.0564    32.4862    1441.36  0.000e+00
     32.227   71.60162 -165.30498    -1.0570    32.4863    1441.36  0.000e+00
     32.181   71.60162 -165.30498    -1.0576    32.4867    1441.35  0.000e+00
     32.227   71.60162 -165.30498    -1.0582    32.4873    1441.35  0.000e+00
     32.235   71.60162 -165.30498    -1.0585    32.4870    1441.35  0.000e+00
     32.227   71.60162 -165.30498    -1.0590    32.4879    1441.35  0.000e+00
     32.181   71.60162 -165.30498    -1.0593    32.4881    1441.35  0.000e+00
     32.235   71.60162 -165.30498    -1.0596    32.4882    1441.35  0.000e+00
     32.281   71.60162 -165.30498    -1.0594    32.4875    1441.35  0.000e+00
     32.235   71.60162 -165.30498    -1.0601    32.4880    1441.34  0.000e+00
     32.227   71.60162 -165.30498    -1.0605    32.4879    1441.34  0.000e+00
     32.235   71.60162 -165.30498    -1.0604    32.4874    1441.34  0.000e+00
     32.281   71.60162 -165.30498    -1.0608    32.4880    1441.34  0.000e+00
     32.296   71.60162 -165.30498    -1.0610    32.4878    1441.34  0.000e+00
     32.281   71.60162 -165.30498    -1.0614    32.4877    1441.34  0.000e+00
     32.235   71.60162 -165.30498    -1.0616    32.4873    1441.33  0.000e+00
     32.296   71.60162 -165.30498    -1.0621    32.4876    1441.33  0.000e+00
     32.281   71.60162 -165.30498    -1.0624    32.4880    1441.33  0.000e+00
     32.296   71.60162 -165.30498    -1.0630    32.4884    1441.33  0.000e+00
     32.281   71.60162 -165.30498    -1.0628    32.4884    1441.33  0.000e+00
     32.350   71.60162 -165.30498    -1.0632    32.4890    1441.33  0.000e+00
     32.281   71.60162 -165.30498    -1.0629    32.4882    1441.33  0.000e+00
     32.296   71.60162 -165.30498    -1.0634    32.4892    1441.33  0.000e+00
     32.296   71.60162 -165.30498    -1.0630    32.4887    1441.33  0.000e+00
     32.335   71.60162 -165.30498    -1.0628    32.4886    1441.33  0.000e+00
     32.296   71.60162 -165.30498    -1.0624    32.4885    1441.33  0.000e+00
     32.335   71.60162 -165.30498    -1.0624    32.4885    1441.33  0.000e+00
     32.296   71.60162 -165.30498    -1.0624    32.4883    1441.33  0.000e+00
     32.335   71.60162 -165.30498    -1.0622    32.4885    1441.34  0.000e+00
     32.350   71.60162 -165.30498    -1.0624    32.4892    1441.34  0.000e+00
     32.350   71.60162 -165.30498    -1.0622    32.4891    1441.34  0.000e+00
     32.397   71.60162 -165.30498    -1.0622    32.4889    1441.34  0.000e+00
     32.350   71.60162 -165.30498    -1.0620    32.4886    1441.34  0.000e+00
     32.335   71.60162 -165.30498    -1.0625    32.4886    1441.33  0.000e+00
     32.350   71.60162 -165.30498    -1.0625    32.4883    1441.33  0.000e+00
     32.397   71.60162 -165.30498    -1.0625    32.4881    1441.33  0.000e+00
     32.350   71.60162 -165.30498    -1.0626    32.4878    1441.33  0.000e+00
     32.335   71.60162 -165.30498    -1.0629    32.4886    1441.33  0.000e+00
     32.412   71.60162 -165.30498    -1.0628    32.4884    1441.33  0.000e+00
     32.350   71.60162 -165.30498    -1.0630    32.4886    1441.33  0.000e+00
     32.397   71.60162 -165.30498    -1.0629    32.4883    1441.33  0.000e+00
     32.412   71.60162 -165.30498    -1.0628    32.4881    1441.33  0.000e+00
     32.451   71.60162 -165.30498    -1.0629    32.4881    1441.33  0.000e+00
     32.412   71.60162 -165.30498    -1.0626    32.4877    1441.33  0.000e+00
     32.451   71.60162 -165.30498    -1.0625    32.4875    1441.33  0.000e+00
     32.412   71.60162 -165.30498    -1.0625    32.4870    1441.33  0.000e+00
     32.412   71.60162 -165.30498    -1.0625    32.4873    1441.33  0.000e+00
     32.451   71.60162 -165.30498    -1.0627    32.4874    1441.33  0.000e+00
     32.466   71.60162 -165.30498    -1.0629    32.4878    1441.33  0.000e+00
     32.451   71.60162 -165.30498    -1.0630    32.4880    1441.33  0.000e+00
     32.412   71.60162 -165.30498    -1.0629    32.4875    1441.33  0.000e+00
     32.512   71.60162 -165.30498    -1.0632    32.4880    1441.33  0.000e+00
     32.412   71.60162 -165.30498    -1.0629    32.4875    1441.33  0.000e+00
     32.528   71.60162 -165.30498    -1.0631    32.4879    1441.33  0.000e+00
     32.451   71.60162 -165.30498    -1.0632    32.4878    1441.33  0.000e+00
     32.528   71.60162 -165.30498    -1.0633    32.4874    1441.33  0.000e+00
     32.512   71.60162 -165.30498    -1.0635    32.4876    1441.33  0.000e+00
     32.528   71.60162 -165.30498    -1.0634    32.4879    1441.33  0.000e+00
     32.512   71.60162 -165.30498    -1.0633    32.4878    1441.33  0.000e+00
     32.528   71.60162 -165.30498    -1.0634    32.4884    1441.33  0.000e+00
     32.582   71.60162 -165.30498    -1.0631    32.4881    1441.33  0.000e+00
     32.512   71.60162 -165.30498    -1.0630    32.4880    1441.33  0.000e+00
     32.582   71.60162 -165.30498    -1.0631    32.4882    1441.33  0.000e+00
     32.566   71.60162 -165.30498    -1.0630    32.4880    1441.33  0.000e+00
     32.582   71.60162 -165.30498    -1.0629    32.4879    1441.33  0.000e+00
     32.512   71.60162 -165.30498    -1.0625    32.4876    1441.34  0.000e+00
     32.582   71.60162 -165.30498    -1.0626    32.4876    1441.34  0.000e+00
     32.628   71.60162 -165.30498    -1.0625    32.4877    1441.34  0.000e+00
     32.582   71.60162 -165.30498    -1.0627    32.4875    1441.34  0.000e+00
     32.582   71.60162 -165.30498    -1.0625    32.4871    1441.34  0.000e+00
     32.628   71.60162 -165.30498    -1.0625    32.4873    1441.34  0.000e+00
     32.636   71.60162 -165.30498    -1.0626    32.4875    1441.34  0.000e+00
     32.628   71.60162 -165.30498    -1.0624    32.4872    1441.34  0.000e+00
     32.697   71.60162 -165.30498    -1.0622    32.4868    1441.34  0.000e+00
     32.682   71.60162 -165.30498    -1.0622    32.4864    1441.34  0.000e+00
     32.697   71.60162 -165.30498    -1.0622    32.4864    1441.34  0.000e+00
     32.636   71.60162 -165.30498    -1.0625    32.4865    1441.34  0.000e+00
     32.736   71.60162 -165.30498    -1.0622    32.4863    1441.34  0.000e+00
     32.697   71.60162 -165.30498    -1.0626    32.4872    1441.34  0.000e+00
     32.736   71.60162 -165.30498    -1.0625    32.4865    1441.34  0.000e+00
     32.751   71.60162 -165.30498    -1.0627    32.4866    1441.34  0.000e+00
     32.682   71.60162 -165.30498    -1.0629    32.4867    1441.34  0.000e+00
     32.751   71.60162 -165.30498    -1.0629    32.4872    1441.34  0.000e+00
     32.751   71.60162 -165.30498    -1.0628    32.4869    1441.34  0.000e+00
     32.798   71.60162 -165.30498    -1.0630    32.4869    1441.34  0.000e+00
     32.751   71.60162 -165.30498    -1.0633    32.4872    1441.34  0.000e+00
     32.798   71.60162 -165.30498    -1.0633    32.4874    1441.34  0.000e+00
     32.813   71.60162 -165.30498    -1.0630    32.4869    1441.34  0.000e+00
     32.813   71.60162 -165.30498    -1.0631    32.4872    1441.34  0.000e+00
     32.852   71.60162 -165.30498    -1.0630    32.4874    1441.34  0.000e+00
     32.813   71.60162 -165.30498    -1.0631    32.4878    1441.34  0.000e+00
     32.852   71.60162 -165.30498    -1.0626    32.4874    1441.34  0.000e+00
     32.867   71.60162 -165.30498    -1.0627    32.4874    1441.34  0.000e+00
     32.852   71.60162 -165.30498    -1.0626    32.4871    1441.34  0.000e+00
     32.929   71.60162 -165.30498    -1.0627    32.4871    1441.34  0.000e+00
     32.867   71.60162 -165.30498    -1.0624    32.4865    1441.34  0.000e+00
     32.913   71.60162 -165.30498    -1.0627    32.4864    1441.34  0.000e+00
     32.867   71.60162 -165.30498    -1.0628    32.4868    1441.34  0.000e+00
     32.913   71.60162 -165.30498    -1.0631    32.4868    1441.34  0.000e+00
     32.929   71.60162 -165.30498    -1.0632    32.4869    1441.34  0.000e+00
     32.967   71.60162 -165.30498    -1.0634    32.4868    1441.34  0.000e+00
     32.983   71.60162 -165.30498    -1.0633    32.4866    1441.34  0.000e+00
     32.929   71.60162 -165.30498    -1.0636    32.4869    1441.34  0.000e+00
     33.029   71.60162 -165.30498    -1.0635    32.4867    1441.34  0.000e+00
     32.983   71.60162 -165.30498    -1.0636    32.4869    1441.34  0.000e+00
     33.029   71.60162 -165.30498    -1.0638    32.4871    1441.34  0.000e+00
     32.983   71.60162 -165.30498    -1.0640    32.4875    1441.34  0.000e+00
     33.029   71.60162 -165.30498    -1.0640    32.4873    1441.34  0.000e+00
     33.099   71.60162 -165.30498    -1.0641    32.4873    1441.34  0.000e+00
     33.037   71.60162 -165.30498    -1.0642    32.4877    1441.34  0.000e+00
     33.029   71.60162 -165.30498    -1.0641    32.4874    1441.34  0.000e+00
     33.099   71.60162 -165.30498    -1.0638    32.4873    1441.34  0.000e+00
     33.083   71.60162 -165.30498    -1.0637    32.4873    1441.34  0.000e+00
     33.037   71.60162 -165.30498    -1.0640    32.4873    1441.34  0.000e+00
     33.153   71.60162 -165.30498    -1.0637    32.4867    1441.34  0.000e+00
     33.083   71.60162 -165.30498    -1.0636    32.4868    1441.34  0.000e+00
     33.153   71.60162 -165.30498    -1.0637    32.4869    1441.34  0.000e+00
     33.137   71.60162 -165.30498    -1.0638    32.4870    1441.34  0.000e+00
     33.153   71.60162 -165.30498    -1.0636    32.4871    1441.34  0.000e+00
     33.137   71.60162 -165.30498    -1.0636    32.4869    1441.34  0.000e+00
     33.214   71.60162 -165.30498    -1.0638    32.4869    1441.34  0.000e+00
     33.153   71.60162 -165.30498    -1.0638    32.4870    1441.34  0.000e+00
     33.253   71.60162 -165.30498    -1.0638    32.4869    1441.34  0.000e+00
     33.153   71.60162 -165.30498    -1.0638    32.4866    1441.34  0.000e+00
     33.253   71.60162 -165.30498    -1.0637    32.4867    1441.34  0.000e+00
     33.214   71.60162 -165.30498    -1.0636    32.4870    1441.34  0.000e+00
     33.268   71.60162 -165.30498    -1.0636    32.4867    1441.34  0.000e+00
     33.253   71.60162 -165.30498    -1.0638    32.4869    1441.34  0.000e+00
     33.268   71.60162 -165.30498    -1.0636    32.4862    1441.34  0.000e+00
     33.253   71.60162 -165.30498    -1.0640    32.4872    1441.34  0.000e+00
     33.268   71.60162 -165.30498    -1.0637    32.4863    1441.34  0.000e+00
     33.315   71.60162 -165.30498    -1.0636    32.4865    1441.34  0.000e+00
     33.322   71.60162 -165.30498    -1.0636    32.4867    1441.34  0.000e+00
     33.322   71.60162 -165.30498    -1.0638    32.4869    1441.34  0.000e+00
     33.315   71.60162 -165.30498    -1.0636    32.4867    1441.34  0.000e+00
     33.384   71.60162 -165.30498    -1.0634    32.4862    1441.34  0.000e+00
     33.369   71.60162 -165.30498    -1.0638    32.4866    1441.34  0.000e+00
     33.384   71.60162 -165.30498    -1.0634    32.4863    1441.34  0.000e+00
     33.438   71.60162 -165.30498    -1.0637    32.4867    1441.34  0.000e+00
     33.369   71.60162 -165.30498    -1.0636    32.4862    1441.34  0.000e+00
     33.438   71.60162 -165.30498    -1.0637    32.4859    1441.34  0.000e+00
     33.430   71.60162 -165.30498    -1.0640    32.4863    1441.34  0.000e+00
     33.438   71.60162 -165.30498    -1.0638    32.4863    1441.34  0.000e+00
     33.430   71.60162 -165.30498    -1.0644    32.4866    1441.34  0.000e+00
