EcoFOCI/data/1_SampleCollection/2023_SikuliaqDBO_CruiseData/CTD_raw_BottleFile_SKQ23-12S/proc/skq202312s_039.ros
* Sea-Bird SBE 9 Data File:
* FileName = D:\CTD\SKQ202312S\SKQ202312S_039.hex
* Software Version Seasave V 7.26.7.121
* Temperature SN = 6177
* Conductivity SN = 0369
* Number of Bytes Per Scan = 41
* Number of Voltage Words = 4
* Number of Scans Averaged by the Deck Unit = 1
* NMEA Latitude = 71 19.31 N
* NMEA Longitude = 160 39.09 W
* NMEA UTC (Time) = Sep 23 2023  11:49:51
* NMEA baud rate = 4800
** Ship: R/V Sikuliaq
** Station Number: 039
** Station Name: DBO4.2n
** Bottom Depth: 48
** Operator: SD
# nquan = 22
# nvalues = 1127                                  
# units = specified
# name 0 = depSM: Depth [salt water, m]
# name 1 = latitude: Latitude [deg]
# name 2 = longitude: Longitude [deg]
# name 3 = prDM: Pressure, Digiquartz [db]
# name 4 = t090C: Temperature [ITS-90, deg C]
# name 5 = t190C: Temperature, 2 [ITS-90, deg C]
# name 6 = potemp090C: Potential Temperature [ITS-90, deg C]
# name 7 = sal00: Salinity, Practical [PSU]
# name 8 = sal11: Salinity, Practical, 2 [PSU]
# name 9 = density00: Density [density, kg/m^3]
# name 10 = sigma-é00: Density [sigma-theta, kg/m^3]
# name 11 = sbox0Mm/Kg: Oxygen, SBE 43 [umol/kg]
# name 12 = sbox1Mm/Kg: Oxygen, SBE 43, 2 [umol/kg]
# name 13 = oxsolMm/Kg: Oxygen Saturation, Garcia & Gordon [umol/kg]
# name 14 = sbeox0PS: Oxygen, SBE 43 [% saturation]
# name 15 = v0: Voltage 0
# name 16 = flECO-AFL: Fluorescence, WET Labs ECO-AFL/FL [mg/m^3]
# name 17 = CStarAt0: Beam Attenuation, WET Labs C-Star [1/m]
# name 18 = par: PAR/Irradiance, Biospherical/Licor
# name 19 = scan: Scan Count
# name 20 = nbf: Bottles Fired
# name 21 = flag:  0.000e+00
# interval = seconds: 0.0416667
# start_time = Sep 23 2023 11:54:34 [NMEA time, first data scan]
# bad_flag = -9.990e-29
*END*
[from data line 396]
     30.160   71.32202 -160.65108     30.473    -1.6548    -1.6528    -1.6553    32.6162    32.6264  1026.3869    26.2396    261.500    249.037  370.43183     70.593     0.1062     0.2894     0.8279 1.0000e-12      14659          9  0.000e+00
     30.176   71.32202 -160.65108     30.489    -1.6549    -1.6528    -1.6554    32.6169    32.6263  1026.3875    26.2402    261.471    249.030  370.43087     70.586     0.1074     0.2967     0.8279 1.0000e-12      14660          9  0.000e+00
     30.099   71.32202 -160.65108     30.411    -1.6545    -1.6528    -1.6550    32.6156    32.6267  1026.3861    26.2391    261.176    249.018  370.43051     70.506     0.1050     0.2820     0.8279 1.0000e-12      14661          9  0.000e+00
     30.230   71.32202 -160.65108     30.543    -1.6547    -1.6525    -1.6552    32.6161    32.6264  1026.3871    26.2395    261.360    249.047  370.43104     70.556     0.1062     0.2894     0.8279 1.0000e-12      14662          9  0.000e+00
     30.114   71.32202 -160.65108     30.427    -1.6543    -1.6528    -1.6548    32.6160    32.6270  1026.3864    26.2394    261.372    249.037  370.42784     70.560     0.1074     0.2967     0.8279 8.4714e-06      14663          9  0.000e+00
     30.160   71.32202 -160.65108     30.473    -1.6543    -1.6526    -1.6548    32.6157    32.6266  1026.3864    26.2392    261.601    249.262  370.42869     70.621     0.1062     0.2894     0.8279 1.0000e-12      14664          9  0.000e+00
     30.114   71.32202 -160.65108     30.427    -1.6545    -1.6528    -1.6550    32.6156    32.6266  1026.3862    26.2391    261.354    249.286  370.43054     70.554     0.1074     0.2967     0.8253 1.0000e-12      14665          9  0.000e+00
     30.160   71.32202 -160.65108     30.473    -1.6543    -1.6526    -1.6548    32.6158    32.6264  1026.3865    26.2392    261.366    249.309  370.42843     70.558     0.1074     0.2967     0.8228 1.0000e-12      14666          9  0.000e+00
     30.060   71.32202 -160.65108     30.372    -1.6545    -1.6529    -1.6550    32.6164    32.6266  1026.3865    26.2398    261.323    249.099  370.42829     70.546     0.1062     0.2894     0.8228 1.0000e-12      14667          9  0.000e+00
     30.160   71.32202 -160.65108     30.473    -1.6543    -1.6528    -1.6548    32.6160    32.6268  1026.3867    26.2394    261.284    249.090  370.42780     70.536     0.1062     0.2894     0.8240 8.4714e-06      14668          9  0.000e+00
     30.114   71.32202 -160.65108     30.427    -1.6542    -1.6525    -1.6547    32.6158    32.6262  1026.3863    26.2393    261.239    249.077  370.42706     70.524     0.1074     0.2967     0.8240 8.4714e-06      14669          9  0.000e+00
     30.099   71.32202 -160.65108     30.411    -1.6541    -1.6525    -1.6546    32.6155    32.6264  1026.3860    26.2390    261.244    249.295  370.42701     70.525     0.1050     0.2820     0.8240 1.0000e-12      14670          9  0.000e+00
     30.114   71.32202 -160.65108     30.427    -1.6540    -1.6525    -1.6546    32.6156    32.6264  1026.3861    26.2391    261.250    249.316  370.42614     70.527     0.1062     0.2894     0.8228 1.0000e-12      14671          9  0.000e+00
     30.099   71.32202 -160.65108     30.411    -1.6539    -1.6524    -1.6544    32.6155    32.6261  1026.3860    26.2390    261.255    249.335  370.42507     70.528     0.1074     0.2967     0.8240 1.0000e-12      14672          9  0.000e+00
     30.114   71.32202 -160.65108     30.427    -1.6539    -1.6525    -1.6544    32.6155    32.6263  1026.3861    26.2390    261.262    249.353  370.42510     70.530     0.1062     0.2894     0.8228 1.0000e-12      14673          9  0.000e+00
     30.099   71.32202 -160.65108     30.411    -1.6539    -1.6523    -1.6544    32.6151    32.6261  1026.3857    26.2387    261.216    249.367  370.42634     70.518     0.1074     0.2967     0.8240 1.0000e-12      14674          9  0.000e+00
     30.114   71.32202 -160.65108     30.427    -1.6537    -1.6526    -1.6543    32.6152    32.6267  1026.3858    26.2387    261.219    249.384  370.42443     70.519     0.1062     0.2894     0.8240 1.0000e-12      14675          9  0.000e+00
     30.099   71.32202 -160.65108     30.411    -1.6539    -1.6525    -1.6544    32.6157    32.6262  1026.3862    26.2392    261.223    249.397  370.42444     70.520     0.1062     0.2894     0.8240 1.0000e-12      14676          9  0.000e+00
     30.060   71.32202 -160.65108     30.372    -1.6535    -1.6523    -1.6540    32.6149    32.6258  1026.3853    26.2385    261.224    249.406  370.42237     70.521     0.1062     0.2894     0.8240 1.0000e-12      14677          9  0.000e+00
     30.099   71.32202 -160.65108     30.411    -1.6535    -1.6525    -1.6540    32.6149    32.6264  1026.3855    26.2385    261.229    249.419  370.42218     70.522     0.1038     0.2747     0.8228 1.0000e-12      14678          9  0.000e+00
     30.060   71.32202 -160.65108     30.372    -1.6535    -1.6521    -1.6540    32.6148    32.6258  1026.3852    26.2384    261.233    249.426  370.42262     70.523     0.0952     0.2234     0.8240 1.0000e-12      14679          9  0.000e+00
     30.099   71.32202 -160.65108     30.411    -1.6536    -1.6523    -1.6541    32.6151    32.6266  1026.3857    26.2387    261.238    249.205  370.42284     70.524     0.0916     0.2015     0.8240 1.0000e-12      14680          9  0.000e+00
     30.114   71.32202 -160.65108     30.427    -1.6535    -1.6523    -1.6540    32.6151    32.6261  1026.3857    26.2387    261.243    249.412  370.42235     70.526     0.0916     0.2015     0.8228 1.0000e-12      14681          9  0.000e+00
     30.099   71.32202 -160.65108     30.411    -1.6535    -1.6524    -1.6540    32.6150    32.6260  1026.3856    26.2386    261.246    249.419  370.42193     70.527     0.0916     0.2015     0.8240 1.0000e-12      14682          9  0.000e+00
     30.114   71.32202 -160.65108     30.427    -1.6536    -1.6523    -1.6541    32.6154    32.6262  1026.3859    26.2389    261.251    249.424  370.42211     70.528     0.0916     0.2015     0.8228 1.0000e-12      14683          9  0.000e+00
     30.045   71.32202 -160.65108     30.357    -1.6536    -1.6521    -1.6541    32.6152    32.6263  1026.3855    26.2388    261.253    249.458  370.42249     70.528     0.0904     0.1941     0.8240 8.4714e-06      14684          9  0.000e+00
     30.114   71.32202 -160.65108     30.427    -1.6539    -1.6521    -1.6544    32.6155    32.6261  1026.3861    26.2390    261.262    249.465  370.42510     70.530     0.0916     0.2015     0.8253 8.4714e-06      14685          9  0.000e+00
     30.099   71.32202 -160.65108     30.411    -1.6537    -1.6523    -1.6543    32.6153    32.6262  1026.3858    26.2389    261.264    249.468  370.42389     70.531     0.0928     0.2088     0.8266 8.4714e-06      14686          9  0.000e+00
     30.114   71.32202 -160.65108     30.427    -1.6539    -1.6521    -1.6544    32.6153    32.6258  1026.3859    26.2388    261.271    249.469  370.42586     70.532     0.0916     0.2015     0.8266 8.4714e-06      14687          9  0.000e+00
     30.099   71.32202 -160.65108     30.411    -1.6539    -1.6521    -1.6544    32.6157    32.6260  1026.3861    26.2391    261.273    249.435  370.42469     70.533     0.0928     0.2088     0.8266 1.0000e-12      14688          9  0.000e+00
     30.114   71.32202 -160.65108     30.427    -1.6539    -1.6521    -1.6544    32.6156    32.6263  1026.3861    26.2391    261.278    249.398  370.42497     70.535     0.0916     0.2015     0.8266 1.0000e-12      14689          9  0.000e+00
     30.099   71.32202 -160.65108     30.411    -1.6537    -1.6525    -1.6543    32.6156    32.6265  1026.3860    26.2391    261.280    249.395  370.42326     70.536     0.0916     0.2015     0.8266 8.4714e-06      14690          9  0.000e+00
     30.114   71.32202 -160.65108     30.427    -1.6535    -1.6523    -1.6540    32.6149    32.6262  1026.3856    26.2385    261.285    249.158  370.42286     70.537     0.0916     0.2015     0.8266 8.4714e-06      14691          9  0.000e+00
     30.099   71.32202 -160.65108     30.411    -1.6535    -1.6524    -1.6540    32.6152    32.6267  1026.3857    26.2387    261.287    249.382  370.42155     70.538     0.0916     0.2015     0.8266 1.0000e-12      14692          9  0.000e+00
     30.114   71.32202 -160.65108     30.427    -1.6533    -1.6521    -1.6538    32.6147    32.6261  1026.3854    26.2383    261.032    249.408  370.42116     70.469     0.0904     0.1941     0.8266 8.4714e-06      14693          9  0.000e+00
     30.099   71.32202 -160.65108     30.411    -1.6533    -1.6525    -1.6538    32.6150    32.6264  1026.3855    26.2386    261.195    249.403  370.42038     70.513     0.0916     0.2015     0.8266 1.0000e-12      14694          9  0.000e+00
     30.176   71.32202 -160.65108     30.489    -1.6531    -1.6521    -1.6536    32.6151    32.6260  1026.3860    26.2387    261.200    249.396  370.41820     70.515     0.0928     0.2088     0.8266 1.0000e-12      14695          9  0.000e+00
     30.099   71.32200 -160.65108     30.411    -1.6531    -1.6521    -1.6536    32.6148    32.6264  1026.3854    26.2384    261.046    249.383  370.41920     70.473     0.0916     0.2015     0.8266 1.0000e-12      14696          9  0.000e+00
     30.114   71.32200 -160.65108     30.427    -1.6533    -1.6523    -1.6538    32.6148    32.6262  1026.3855    26.2384    261.009    249.374  370.42078     70.463     0.0916     0.2015     0.8266 1.0000e-12      14697          9  0.000e+00
     30.161   71.32200 -160.65108     30.474    -1.6535    -1.6521    -1.6540    32.6152    32.6260  1026.3860    26.2388    261.233    249.363  370.42141     70.523     0.0916     0.2015     0.8266 8.4714e-06      14698          9  0.000e+00
     30.176   71.32200 -160.65108     30.489    -1.6533    -1.6523    -1.6538    32.6148    32.6262  1026.3858    26.2385    261.246    249.154  370.42077     70.527     0.0916     0.2015     0.8266 8.4714e-06      14699          9  0.000e+00
     30.161   71.32200 -160.65108     30.474    -1.6533    -1.6525    -1.6538    32.6152    32.6261  1026.3860    26.2388    261.257    249.145  370.41960     70.530     0.0904     0.1941     0.8266 1.0000e-12      14700          9  0.000e+00
     30.176   71.32200 -160.65108     30.489    -1.6535    -1.6525    -1.6540    32.6151    32.6264  1026.3860    26.2387    261.271    249.332  370.42169     70.533     0.0916     0.2015     0.8266 1.0000e-12      14701          9  0.000e+00
     30.161   71.32200 -160.65108     30.474    -1.6533    -1.6525    -1.6539    32.6149    32.6265  1026.3857    26.2385    261.023    249.353  370.42126     70.467     0.0928     0.2088     0.8266 1.0000e-12      14702          9  0.000e+00
     30.176   71.32200 -160.65108     30.489    -1.6539    -1.6525    -1.6544    32.6157    32.6264  1026.3865    26.2392    260.991    249.375  370.42458     70.457     0.0916     0.2015     0.8266 1.0000e-12      14703          9  0.000e+00
     30.116   71.32200 -160.65108     30.429    -1.6533    -1.6519    -1.6538    32.6153    32.6260  1026.3859    26.2388    261.324    249.080  370.41952     70.548     0.0879     0.1795     0.8202 8.4714e-06      14838         10  0.000e+00
     30.163   71.32200 -160.65108     30.476    -1.6533    -1.6520    -1.6538    32.6151    32.6261  1026.3860    26.2387    261.334    249.119  370.41986     70.551     0.0879     0.1795     0.8202 1.0000e-12      14839         10  0.000e+00
     30.178   71.32200 -160.65108     30.491    -1.6531    -1.6519    -1.6536    32.6149    32.6255  1026.3859    26.2385    261.340    249.124  370.41884     70.553     0.0879     0.1795     0.8202 8.4714e-06      14840         10  0.000e+00
     30.163   71.32200 -160.65108     30.476    -1.6535    -1.6520    -1.6540    32.6153    32.6255  1026.3861    26.2388    261.086    249.128  370.42116     70.484     0.0867     0.1721     0.8202 1.0000e-12      14841         10  0.000e+00
     30.178   71.32200 -160.65108     30.491    -1.6533    -1.6517    -1.6538    32.6148    32.6258  1026.3858    26.2385    261.092    249.126  370.42077     70.485     0.0879     0.1795     0.8202 8.4714e-06      14842         10  0.000e+00
     30.163   71.32200 -160.65108     30.476    -1.6535    -1.6520    -1.6540    32.6152    32.6260  1026.3860    26.2388    261.360    249.128  370.42141     70.558     0.0879     0.1795     0.8202 1.0000e-12      14843         10  0.000e+00
     30.178   71.32200 -160.65108     30.491    -1.6535    -1.6518    -1.6540    32.6155    32.6256  1026.3863    26.2390    261.159    249.126  370.42056     70.503     0.0879     0.1795     0.8202 8.4714e-06      14844         10  0.000e+00
     30.217   71.32200 -160.65108     30.530    -1.6535    -1.6521    -1.6540    32.6151    32.6260  1026.3862    26.2387    261.171    249.127  370.42177     70.506     0.0867     0.1721     0.8202 1.0000e-12      14845         10  0.000e+00
     30.178   71.32200 -160.65108     30.491    -1.6535    -1.6523    -1.6540    32.6150    32.6263  1026.3859    26.2386    261.442    249.156  370.42208     70.580     0.0879     0.1795     0.8202 1.0000e-12      14846         10  0.000e+00
     30.217   71.32200 -160.65108     30.530    -1.6535    -1.6521    -1.6540    32.6154    32.6260  1026.3865    26.2390    261.506    249.186  370.42127     70.597     0.0879     0.1795     0.8228 8.4714e-06      14847         10  0.000e+00
     30.178   71.32200 -160.65108     30.491    -1.6533    -1.6520    -1.6538    32.6151    32.6259  1026.3861    26.2387    261.254    249.214  370.41989     70.529     0.0879     0.1795     0.8240 8.4714e-06      14848         10  0.000e+00
     30.217   71.32200 -160.65108     30.530    -1.6533    -1.6523    -1.6538    32.6148    32.6261  1026.3860    26.2385    261.216    249.212  370.42072     70.519     0.0879     0.1795     0.8240 8.4714e-06      14849         10  0.000e+00
     30.232   71.32200 -160.65108     30.546    -1.6536    -1.6523    -1.6541    32.6151    32.6262  1026.3863    26.2387    261.231    249.208  370.42296     70.522     0.0867     0.1721     0.8240 1.0000e-12      14850         10  0.000e+00
     30.217   71.32200 -160.65108     30.530    -1.6536    -1.6523    -1.6541    32.6151    32.6264  1026.3862    26.2387    261.453    249.200  370.42293     70.582     0.0879     0.1795     0.8240 1.0000e-12      14851         10  0.000e+00
     30.232   71.32200 -160.65108     30.546    -1.6539    -1.6523    -1.6544    32.6155    32.6265  1026.3866    26.2390    261.206    249.192  370.42531     70.515     0.0879     0.1795     0.8240 1.0000e-12      14852         10  0.000e+00
     30.217   71.32200 -160.65108     30.531    -1.6539    -1.6523    -1.6544    32.6155    32.6262  1026.3865    26.2390    261.166    249.183  370.42528     70.504     0.0879     0.1795     0.8240 8.4714e-06      14853         10  0.000e+00
     30.232   71.32200 -160.65108     30.546    -1.6539    -1.6521    -1.6544    32.6157    32.6260  1026.3868    26.2391    261.386    249.172  370.42468     70.564     0.0879     0.1795     0.8240 8.4714e-06      14854         10  0.000e+00
     30.217   71.32200 -160.65108     30.531    -1.6540    -1.6524    -1.6546    32.6154    32.6269  1026.3865    26.2389    261.188    249.160  370.42658     70.510     0.0879     0.1795     0.8240 8.4714e-06      14855         10  0.000e+00
     30.232   71.32200 -160.65108     30.546    -1.6540    -1.6520    -1.6546    32.6155    32.6265  1026.3866    26.2390    261.149    249.178  370.42635     70.500     0.0891     0.1868     0.8240 1.0000e-12      14856         10  0.000e+00
