EcoFOCI/data/1_SampleCollection/2023_SikuliaqDBO_CruiseData/CTD_raw_BottleFile_SKQ23-12S/proc/skq202312s_010svp.cnv
* Sea-Bird SBE 9 Data File:
* FileName = D:\CTD\SKQ202312S\SKQ202312S_010.hex
* Software Version Seasave V 7.26.7.121
* Temperature SN = 6177
* Conductivity SN = 0369
* Number of Bytes Per Scan = 41
* Number of Voltage Words = 4
* Number of Scans Averaged by the Deck Unit = 1
* NMEA Latitude = 63 16.77 N
* NMEA Longitude = 173 16.77 W
* NMEA UTC (Time) = Sep 16 2023  15:37:33
* NMEA baud rate = 4800
** Ship: R/V Sikuliaq
** Station Number: 010
** Station Name: DBO1.9
** Bottom Depth: 70
** Operator: SD
# nquan = 7
# nvalues = 5816                                  
# units = specified
# name 0 = depSM: Depth [salt water, m]
# name 1 = latitude: Latitude [deg]
# name 2 = longitude: Longitude [deg]
# name 3 = t090C: Temperature [ITS-90, deg C]
# name 4 = sal00: Salinity, Practical [PSU]
# name 5 = svCM: Sound Velocity [Chen-Millero, m/s]
# name 6 = flag:  0.000e+00
# span 0 =      2.299,     64.361                 
# span 1 =   63.27950,   63.27952                 
# span 2 = -173.27952, -173.27950                 
# span 3 =    -1.4908,     7.4874                 
# span 4 =    31.3838,    32.1305                 
# span 5 =    1438.80,    1476.28                 
# span 6 = 0.0000e+00, 0.0000e+00                 
# interval = seconds: 0.0416667
# start_time = Sep 16 2023 15:40:12 [NMEA time, first data scan]
# bad_flag = -9.990e-29
*END*
[from data line 1231]
      7.497   63.27952 -173.27952     7.4803    31.3861    1476.13  0.000e+00
      7.551   63.27952 -173.27952     7.4803    31.3859    1476.13  0.000e+00
      7.551   63.27952 -173.27952     7.4803    31.3865    1476.13  0.000e+00
      7.497   63.27952 -173.27952     7.4804    31.3862    1476.13  0.000e+00
      7.551   63.27952 -173.27952     7.4803    31.3862    1476.13  0.000e+00
      7.497   63.27952 -173.27952     7.4803    31.3862    1476.13  0.000e+00
      7.551   63.27952 -173.27952     7.4803    31.3859    1476.13  0.000e+00
      7.528   63.27952 -173.27952     7.4803    31.3865    1476.13  0.000e+00
      7.551   63.27952 -173.27952     7.4803    31.3863    1476.13  0.000e+00
      7.551   63.27952 -173.27952     7.4803    31.3859    1476.13  0.000e+00
      7.551   63.27952 -173.27952     7.4802    31.3861    1476.13  0.000e+00
      7.551   63.27952 -173.27952     7.4803    31.3861    1476.13  0.000e+00
      7.551   63.27952 -173.27952     7.4803    31.3862    1476.13  0.000e+00
      7.551   63.27952 -173.27952     7.4802    31.3865    1476.13  0.000e+00
      7.551   63.27952 -173.27952     7.4803    31.3862    1476.13  0.000e+00
      7.551   63.27952 -173.27952     7.4800    31.3863    1476.13  0.000e+00
      7.636   63.27952 -173.27952     7.4800    31.3864    1476.13  0.000e+00
      7.551   63.27952 -173.27952     7.4801    31.3861    1476.13  0.000e+00
      7.551   63.27952 -173.27952     7.4800    31.3862    1476.13  0.000e+00
      7.605   63.27952 -173.27952     7.4802    31.3863    1476.13  0.000e+00
      7.551   63.27952 -173.27952     7.4800    31.3863    1476.13  0.000e+00
      7.605   63.27952 -173.27952     7.4800    31.3862    1476.13  0.000e+00
      7.551   63.27952 -173.27952     7.4798    31.3863    1476.13  0.000e+00
      7.605   63.27952 -173.27952     7.4798    31.3863    1476.13  0.000e+00
      7.605   63.27952 -173.27952     7.4800    31.3868    1476.13  0.000e+00
      7.582   63.27952 -173.27952     7.4802    31.3860    1476.13  0.000e+00
      7.605   63.27952 -173.27952     7.4801    31.3860    1476.13  0.000e+00
      7.666   63.27952 -173.27952     7.4802    31.3857    1476.13  0.000e+00
      7.605   63.27952 -173.27952     7.4802    31.3861    1476.13  0.000e+00
      7.666   63.27952 -173.27952     7.4800    31.3864    1476.13  0.000e+00
      7.605   63.27952 -173.27952     7.4800    31.3860    1476.13  0.000e+00
      7.666   63.27952 -173.27952     7.4803    31.3860    1476.13  0.000e+00
      7.666   63.27952 -173.27952     7.4802    31.3863    1476.13  0.000e+00
      7.666   63.27952 -173.27952     7.4803    31.3861    1476.13  0.000e+00
      7.635   63.27952 -173.27952     7.4800    31.3862    1476.13  0.000e+00
      7.666   63.27952 -173.27952     7.4803    31.3856    1476.13  0.000e+00
      7.666   63.27952 -173.27952     7.4802    31.3863    1476.13  0.000e+00
      7.720   63.27952 -173.27952     7.4800    31.3868    1476.13  0.000e+00
      7.720   63.27952 -173.27952     7.4800    31.3863    1476.13  0.000e+00
      7.666   63.27952 -173.27952     7.4800    31.3859    1476.13  0.000e+00
      7.720   63.27952 -173.27952     7.4800    31.3860    1476.13  0.000e+00
      7.782   63.27952 -173.27952     7.4800    31.3861    1476.13  0.000e+00
      7.720   63.27952 -173.27952     7.4798    31.3862    1476.13  0.000e+00
      7.751   63.27952 -173.27952     7.4798    31.3865    1476.13  0.000e+00
      7.782   63.27952 -173.27952     7.4798    31.3865    1476.13  0.000e+00
      7.720   63.27952 -173.27952     7.4798    31.3864    1476.13  0.000e+00
      7.782   63.27952 -173.27952     7.4800    31.3861    1476.13  0.000e+00
      7.782   63.27952 -173.27952     7.4802    31.3863    1476.13  0.000e+00
      7.836   63.27952 -173.27952     7.4800    31.3864    1476.13  0.000e+00
      7.782   63.27952 -173.27952     7.4803    31.3861    1476.13  0.000e+00
      7.836   63.27952 -173.27952     7.4802    31.3864    1476.13  0.000e+00
      7.812   63.27952 -173.27952     7.4806    31.3862    1476.13  0.000e+00
      7.836   63.27952 -173.27952     7.4806    31.3863    1476.14  0.000e+00
      7.897   63.27952 -173.27952     7.4803    31.3866    1476.14  0.000e+00
      7.836   63.27952 -173.27952     7.4806    31.3863    1476.14  0.000e+00
      7.897   63.27952 -173.27952     7.4804    31.3862    1476.14  0.000e+00
      7.836   63.27952 -173.27952     7.4803    31.3863    1476.13  0.000e+00
      7.951   63.27952 -173.27952     7.4800    31.3863    1476.13  0.000e+00
      7.835   63.27952 -173.27952     7.4800    31.3864    1476.13  0.000e+00
      7.951   63.27952 -173.27952     7.4800    31.3863    1476.13  0.000e+00
      7.866   63.27952 -173.27952     7.4800    31.3861    1476.13  0.000e+00
      7.951   63.27952 -173.27952     7.4797    31.3865    1476.13  0.000e+00
      7.951   63.27952 -173.27952     7.4797    31.3863    1476.13  0.000e+00
      7.951   63.27952 -173.27952     7.4798    31.3859    1476.13  0.000e+00
      8.005   63.27952 -173.27952     7.4797    31.3860    1476.13  0.000e+00
      7.951   63.27952 -173.27952     7.4797    31.3858    1476.13  0.000e+00
      7.951   63.27952 -173.27952     7.4797    31.3857    1476.13  0.000e+00
      8.005   63.27952 -173.27952     7.4792    31.3866    1476.13  0.000e+00
      8.036   63.27952 -173.27952     7.4795    31.3862    1476.13  0.000e+00
      7.951   63.27952 -173.27952     7.4792    31.3860    1476.13  0.000e+00
      8.067   63.27952 -173.27952     7.4795    31.3860    1476.13  0.000e+00
      8.005   63.27952 -173.27952     7.4793    31.3864    1476.13  0.000e+00
      8.067   63.27952 -173.27952     7.4795    31.3865    1476.13  0.000e+00
      8.005   63.27952 -173.27952     7.4797    31.3863    1476.13  0.000e+00
      8.067   63.27952 -173.27952     7.4798    31.3867    1476.14  0.000e+00
      8.067   63.27952 -173.27952     7.4800    31.3864    1476.14  0.000e+00
      8.097   63.27952 -173.27952     7.4802    31.3866    1476.14  0.000e+00
      8.067   63.27952 -173.27952     7.4803    31.3867    1476.14  0.000e+00
      8.121   63.27952 -173.27952     7.4806    31.3865    1476.14  0.000e+00
      8.066   63.27952 -173.27952     7.4809    31.3863    1476.14  0.000e+00
      8.120   63.27952 -173.27952     7.4809    31.3862    1476.14  0.000e+00
      8.120   63.27952 -173.27952     7.4808    31.3861    1476.14  0.000e+00
      8.120   63.27952 -173.27952     7.4808    31.3856    1476.14  0.000e+00
      8.120   63.27952 -173.27952     7.4807    31.3857    1476.14  0.000e+00
      8.120   63.27952 -173.27952     7.4804    31.3860    1476.14  0.000e+00
      8.151   63.27952 -173.27952     7.4804    31.3862    1476.14  0.000e+00
      8.182   63.27952 -173.27952     7.4806    31.3864    1476.14  0.000e+00
      8.182   63.27952 -173.27952     7.4806    31.3860    1476.14  0.000e+00
      8.182   63.27952 -173.27952     7.4806    31.3864    1476.14  0.000e+00
      8.120   63.27952 -173.27952     7.4808    31.3865    1476.14  0.000e+00
      8.182   63.27952 -173.27952     7.4806    31.3862    1476.14  0.000e+00
      8.236   63.27952 -173.27952     7.4806    31.3863    1476.14  0.000e+00
      8.182   63.27952 -173.27952     7.4808    31.3864    1476.14  0.000e+00
      8.151   63.27952 -173.27952     7.4808    31.3863    1476.14  0.000e+00
      8.236   63.27952 -173.27952     7.4806    31.3860    1476.14  0.000e+00
      8.236   63.27952 -173.27952     7.4806    31.3863    1476.14  0.000e+00
      8.182   63.27952 -173.27952     7.4806    31.3865    1476.14  0.000e+00
      8.182   63.27952 -173.27952     7.4804    31.3866    1476.14  0.000e+00
      8.236   63.27952 -173.27952     7.4806    31.3864    1476.14  0.000e+00
      8.236   63.27952 -173.27952     7.4806    31.3862    1476.14  0.000e+00
      8.236   63.27952 -173.27952     7.4806    31.3861    1476.14  0.000e+00
      8.213   63.27952 -173.27952     7.4804    31.3865    1476.14  0.000e+00
      8.236   63.27952 -173.27952     7.4806    31.3860    1476.14  0.000e+00
      8.236   63.27952 -173.27952     7.4806    31.3860    1476.14  0.000e+00
      8.182   63.27952 -173.27952     7.4806    31.3861    1476.14  0.000e+00
      8.297   63.27952 -173.27952     7.4806    31.3860    1476.14  0.000e+00
      8.236   63.27952 -173.27952     7.4804    31.3862    1476.14  0.000e+00
      8.236   63.27952 -173.27952     7.4806    31.3861    1476.14  0.000e+00
      8.236   63.27952 -173.27952     7.4804    31.3862    1476.14  0.000e+00
      8.266   63.27952 -173.27952     7.4804    31.3860    1476.14  0.000e+00
      8.297   63.27952 -173.27952     7.4806    31.3860    1476.14  0.000e+00
      8.236   63.27952 -173.27952     7.4806    31.3863    1476.14  0.000e+00
      8.236   63.27952 -173.27952     7.4803    31.3867    1476.14  0.000e+00
      8.297   63.27952 -173.27952     7.4804    31.3864    1476.14  0.000e+00
      8.297   63.27952 -173.27952     7.4804    31.3865    1476.14  0.000e+00
      8.235   63.27952 -173.27952     7.4804    31.3863    1476.14  0.000e+00
      8.266   63.27952 -173.27952     7.4803    31.3866    1476.14  0.000e+00
      8.351   63.27952 -173.27952     7.4806    31.3863    1476.14  0.000e+00
      8.235   63.27952 -173.27952     7.4802    31.3868    1476.14  0.000e+00
      8.297   63.27952 -173.27952     7.4806    31.3866    1476.14  0.000e+00
      8.297   63.27952 -173.27952     7.4806    31.3864    1476.14  0.000e+00
      8.297   63.27952 -173.27952     7.4804    31.3864    1476.14  0.000e+00
      8.297   63.27952 -173.27952     7.4806    31.3863    1476.14  0.000e+00
      8.297   63.27952 -173.27952     7.4806    31.3864    1476.14  0.000e+00
      8.320   63.27952 -173.27952     7.4806    31.3868    1476.14  0.000e+00
      8.297   63.27952 -173.27952     7.4806    31.3865    1476.14  0.000e+00
      8.297   63.27952 -173.27952     7.4806    31.3864    1476.14  0.000e+00
      8.351   63.27952 -173.27952     7.4809    31.3860    1476.14  0.000e+00
      8.297   63.27952 -173.27952     7.4809    31.3862    1476.14  0.000e+00
      8.351   63.27952 -173.27952     7.4806    31.3864    1476.14  0.000e+00
      8.297   63.27952 -173.27952     7.4809    31.3858    1476.14  0.000e+00
      8.351   63.27952 -173.27952     7.4809    31.3859    1476.14  0.000e+00
      8.382   63.27952 -173.27952     7.4811    31.3861    1476.15  0.000e+00
      8.351   63.27952 -173.27952     7.4811    31.3857    1476.14  0.000e+00
      8.351   63.27952 -173.27952     7.4811    31.3858    1476.14  0.000e+00
      8.351   63.27952 -173.27952     7.4808    31.3864    1476.14  0.000e+00
      8.351   63.27952 -173.27952     7.4804    31.3863    1476.14  0.000e+00
      8.405   63.27952 -173.27952     7.4806    31.3863    1476.14  0.000e+00
      8.351   63.27952 -173.27952     7.4804    31.3860    1476.14  0.000e+00
      8.405   63.27952 -173.27952     7.4804    31.3863    1476.14  0.000e+00
      8.382   63.27952 -173.27952     7.4801    31.3866    1476.14  0.000e+00
      8.405   63.27952 -173.27952     7.4803    31.3865    1476.14  0.000e+00
      8.405   63.27952 -173.27952     7.4806    31.3867    1476.15  0.000e+00
      8.405   63.27952 -173.27952     7.4807    31.3865    1476.15  0.000e+00
      8.405   63.27952 -173.27952     7.4808    31.3866    1476.15  0.000e+00
      8.466   63.27952 -173.27952     7.4809    31.3865    1476.15  0.000e+00
      8.466   63.27952 -173.27952     7.4809    31.3864    1476.15  0.000e+00
      8.405   63.27952 -173.27952     7.4808    31.3864    1476.15  0.000e+00
      8.435   63.27952 -173.27952     7.4807    31.3867    1476.15  0.000e+00
      8.466   63.27952 -173.27952     7.4809    31.3867    1476.15  0.000e+00
      8.520   63.27952 -173.27952     7.4812    31.3867    1476.15  0.000e+00
      8.466   63.27952 -173.27952     7.4814    31.3869    1476.15  0.000e+00
      8.520   63.27952 -173.27952     7.4814    31.3869    1476.15  0.000e+00
      8.466   63.27952 -173.27950     7.4816    31.3865    1476.15  0.000e+00
      8.520   63.27952 -173.27950     7.4812    31.3868    1476.15  0.000e+00
      8.497   63.27952 -173.27950     7.4811    31.3870    1476.15  0.000e+00
      8.520   63.27952 -173.27950     7.4812    31.3864    1476.15  0.000e+00
      8.582   63.27952 -173.27950     7.4816    31.3863    1476.15  0.000e+00
      8.520   63.27952 -173.27950     7.4814    31.3864    1476.15  0.000e+00
      8.582   63.27952 -173.27950     7.4816    31.3859    1476.15  0.000e+00
      8.582   63.27952 -173.27950     7.4811    31.3865    1476.15  0.000e+00
      8.582   63.27952 -173.27950     7.4809    31.3863    1476.15  0.000e+00
      8.582   63.27952 -173.27950     7.4809    31.3866    1476.15  0.000e+00
      8.605   63.27952 -173.27950     7.4811    31.3867    1476.15  0.000e+00
      8.636   63.27952 -173.27950     7.4812    31.3865    1476.15  0.000e+00
      8.636   63.27952 -173.27950     7.4812    31.3864    1476.15  0.000e+00
      8.582   63.27952 -173.27950     7.4814    31.3865    1476.15  0.000e+00
      8.697   63.27952 -173.27950     7.4816    31.3861    1476.15  0.000e+00
      8.636   63.27952 -173.27950     7.4817    31.3868    1476.15  0.000e+00
      8.697   63.27952 -173.27950     7.4824    31.3867    1476.16  0.000e+00
      8.666   63.27952 -173.27950     7.4824    31.3868    1476.16  0.000e+00
      8.697   63.27952 -173.27950     7.4825    31.3865    1476.16  0.000e+00
      8.697   63.27952 -173.27950     7.4824    31.3867    1476.16  0.000e+00
      8.697   63.27952 -173.27950     7.4820    31.3864    1476.16  0.000e+00
      8.751   63.27952 -173.27950     7.4820    31.3864    1476.16  0.000e+00
      8.697   63.27952 -173.27950     7.4817    31.3863    1476.15  0.000e+00
      8.751   63.27952 -173.27950     7.4814    31.3863    1476.15  0.000e+00
      8.751   63.27952 -173.27950     7.4814    31.3863    1476.15  0.000e+00
      8.782   63.27952 -173.27950     7.4814    31.3864    1476.15  0.000e+00
      8.805   63.27952 -173.27950     7.4811    31.3865    1476.15  0.000e+00
      8.751   63.27952 -173.27950     7.4812    31.3864    1476.15  0.000e+00
      8.805   63.27952 -173.27950     7.4811    31.3861    1476.15  0.000e+00
      8.805   63.27952 -173.27950     7.4811    31.3862    1476.15  0.000e+00
      8.867   63.27952 -173.27950     7.4809    31.3867    1476.15  0.000e+00
      8.805   63.27952 -173.27950     7.4811    31.3861    1476.15  0.000e+00
      8.836   63.27952 -173.27950     7.4808    31.3864    1476.15  0.000e+00
      8.867   63.27952 -173.27950     7.4809    31.3859    1476.15  0.000e+00
      8.867   63.27952 -173.27950     7.4808    31.3865    1476.15  0.000e+00
      8.867   63.27952 -173.27950     7.4809    31.3864    1476.15  0.000e+00
      8.921   63.27952 -173.27950     7.4804    31.3861    1476.15  0.000e+00
      8.867   63.27952 -173.27950     7.4806    31.3862    1476.15  0.000e+00
      8.921   63.27952 -173.27950     7.4806    31.3861    1476.15  0.000e+00
      8.951   63.27952 -173.27950     7.4804    31.3864    1476.15  0.000e+00
      8.867   63.27952 -173.27950     7.4804    31.3865    1476.15  0.000e+00
      8.982   63.27952 -173.27950     7.4806    31.3861    1476.15  0.000e+00
      8.921   63.27952 -173.27950     7.4808    31.3865    1476.15  0.000e+00
      8.921   63.27952 -173.27950     7.4806    31.3867    1476.15  0.000e+00
      8.982   63.27952 -173.27950     7.4806    31.3864    1476.15  0.000e+00
      8.982   63.27952 -173.27950     7.4808    31.3861    1476.15  0.000e+00
      8.951   63.27952 -173.27950     7.4806    31.3866    1476.15  0.000e+00
      8.982   63.27952 -173.27950     7.4807    31.3863    1476.15  0.000e+00
      9.036   63.27952 -173.27950     7.4806    31.3863    1476.15  0.000e+00
      8.982   63.27952 -173.27950     7.4808    31.3861    1476.15  0.000e+00
      9.036   63.27952 -173.27950     7.4804    31.3864    1476.15  0.000e+00
