EcoFOCI/data/1_SampleCollection/2023_SikuliaqDBO_CruiseData/CTD_raw_BottleFile_SKQ23-12S/proc/skq202312s_012svp.cnv
* Sea-Bird SBE 9 Data File:
* FileName = D:\CTD\SKQ202312S\SKQ202312S_012.hex
* Software Version Seasave V 7.26.7.121
* Temperature SN = 6177
* Conductivity SN = 0369
* Number of Bytes Per Scan = 41
* Number of Voltage Words = 4
* Number of Scans Averaged by the Deck Unit = 1
* NMEA Latitude = 64 40.32 N
* NMEA Longitude = 170 38.51 W
* NMEA UTC (Time) = Sep 17 2023  03:44:23
* NMEA baud rate = 4800
** Ship: R/V Sikuliaq
** Station Number: 012
** Station Name: DBO2.0
** Bottom Depth: 48
** Operator: SD
# nquan = 7
# nvalues = 5209                                  
# units = specified
# name 0 = depSM: Depth [salt water, m]
# name 1 = latitude: Latitude [deg]
# name 2 = longitude: Longitude [deg]
# name 3 = t090C: Temperature [ITS-90, deg C]
# name 4 = sal00: Salinity, Practical [PSU]
# name 5 = svCM: Sound Velocity [Chen-Millero, m/s]
# name 6 = flag:  0.000e+00
# span 0 =      2.948,     41.300                 
# span 1 =   64.67164,   64.67196                 
# span 2 = -170.64178, -170.64134                 
# span 3 =     3.2201,     3.4137                 
# span 4 =    32.9813,    33.0676                 
# span 5 =    1460.85,    1461.65                 
# span 6 = 0.0000e+00, 0.0000e+00                 
# interval = seconds: 0.0416667
# start_time = Sep 17 2023 03:45:41 [NMEA time, first data scan]
# bad_flag = -9.990e-29
*END*
[from data line 821]
      6.388   64.67192 -170.64178     3.2365    33.0149    1460.95  0.000e+00
      6.388   64.67192 -170.64178     3.2357    33.0151    1460.94  0.000e+00
      6.419   64.67192 -170.64178     3.2354    33.0150    1460.94  0.000e+00
      6.442   64.67192 -170.64178     3.2357    33.0150    1460.94  0.000e+00
      6.442   64.67192 -170.64178     3.2358    33.0150    1460.95  0.000e+00
      6.442   64.67192 -170.64178     3.2360    33.0153    1460.95  0.000e+00
      6.504   64.67192 -170.64178     3.2373    33.0156    1460.95  0.000e+00
      6.558   64.67192 -170.64178     3.2393    33.0151    1460.96  0.000e+00
      6.504   64.67192 -170.64178     3.2403    33.0143    1460.96  0.000e+00
      6.558   64.67192 -170.64178     3.2401    33.0143    1460.96  0.000e+00
      6.558   64.67192 -170.64178     3.2412    33.0141    1460.97  0.000e+00
      6.588   64.67192 -170.64178     3.2439    33.0142    1460.98  0.000e+00
      6.619   64.67192 -170.64178     3.2453    33.0141    1460.99  0.000e+00
      6.619   64.67192 -170.64178     3.2448    33.0139    1460.99  0.000e+00
      6.673   64.67192 -170.64178     3.2457    33.0141    1460.99  0.000e+00
      6.619   64.67192 -170.64178     3.2488    33.0131    1461.00  0.000e+00
      6.673   64.67192 -170.64178     3.2488    33.0125    1461.00  0.000e+00
      6.727   64.67192 -170.64178     3.2448    33.0133    1460.99  0.000e+00
      6.673   64.67192 -170.64178     3.2412    33.0137    1460.97  0.000e+00
      6.704   64.67192 -170.64178     3.2393    33.0137    1460.96  0.000e+00
      6.789   64.67192 -170.64178     3.2404    33.0121    1460.97  0.000e+00
      6.727   64.67190 -170.64178     3.2392    33.0131    1460.96  0.000e+00
      6.727   64.67190 -170.64178     3.2374    33.0139    1460.96  0.000e+00
      6.789   64.67190 -170.64178     3.2365    33.0151    1460.95  0.000e+00
      6.789   64.67190 -170.64178     3.2371    33.0164    1460.96  0.000e+00
      6.843   64.67190 -170.64178     3.2387    33.0171    1460.97  0.000e+00
      6.789   64.67190 -170.64178     3.2420    33.0170    1460.98  0.000e+00
      6.820   64.67190 -170.64178     3.2450    33.0174    1460.99  0.000e+00
      6.843   64.67190 -170.64178     3.2480    33.0169    1461.01  0.000e+00
      6.843   64.67190 -170.64178     3.2499    33.0159    1461.01  0.000e+00
      6.843   64.67190 -170.64178     3.2516    33.0152    1461.02  0.000e+00
      6.843   64.67190 -170.64178     3.2529    33.0149    1461.02  0.000e+00
      6.905   64.67190 -170.64178     3.2535    33.0128    1461.03  0.000e+00
      6.843   64.67190 -170.64178     3.2513    33.0125    1461.01  0.000e+00
      6.959   64.67190 -170.64178     3.2477    33.0132    1461.00  0.000e+00
      6.874   64.67190 -170.64178     3.2434    33.0152    1460.98  0.000e+00
      6.905   64.67190 -170.64178     3.2417    33.0170    1460.98  0.000e+00
      6.905   64.67190 -170.64178     3.2428    33.0169    1460.99  0.000e+00
      6.905   64.67190 -170.64178     3.2442    33.0158    1460.99  0.000e+00
      6.959   64.67190 -170.64178     3.2454    33.0148    1460.99  0.000e+00
      6.905   64.67190 -170.64178     3.2459    33.0147    1461.00  0.000e+00
      6.959   64.67190 -170.64178     3.2464    33.0146    1461.00  0.000e+00
      6.959   64.67190 -170.64178     3.2464    33.0147    1461.00  0.000e+00
      6.874   64.67190 -170.64178     3.2469    33.0136    1461.00  0.000e+00
      6.959   64.67190 -170.64178     3.2469    33.0139    1461.00  0.000e+00
      6.959   64.67190 -170.64178     3.2467    33.0141    1461.00  0.000e+00
      6.959   64.67190 -170.64178     3.2464    33.0142    1461.00  0.000e+00
      6.905   64.67190 -170.64178     3.2459    33.0144    1461.00  0.000e+00
      6.959   64.67190 -170.64178     3.2461    33.0143    1461.00  0.000e+00
      6.905   64.67190 -170.64178     3.2461    33.0142    1461.00  0.000e+00
      6.959   64.67190 -170.64178     3.2457    33.0145    1461.00  0.000e+00
      6.989   64.67190 -170.64178     3.2458    33.0147    1461.00  0.000e+00
      6.905   64.67190 -170.64178     3.2467    33.0142    1461.00  0.000e+00
      6.905   64.67190 -170.64178     3.2481    33.0143    1461.00  0.000e+00
      6.959   64.67190 -170.64178     3.2486    33.0148    1461.01  0.000e+00
      6.905   64.67190 -170.64178     3.2496    33.0149    1461.01  0.000e+00
      6.905   64.67190 -170.64178     3.2498    33.0146    1461.01  0.000e+00
      6.905   64.67190 -170.64178     3.2507    33.0140    1461.01  0.000e+00
      6.905   64.67190 -170.64178     3.2504    33.0138    1461.01  0.000e+00
      6.874   64.67190 -170.64178     3.2500    33.0144    1461.01  0.000e+00
      6.905   64.67190 -170.64178     3.2499    33.0141    1461.01  0.000e+00
      6.843   64.67190 -170.64178     3.2499    33.0141    1461.01  0.000e+00
      6.905   64.67190 -170.64178     3.2499    33.0141    1461.01  0.000e+00
      6.843   64.67190 -170.64178     3.2499    33.0136    1461.01  0.000e+00
      6.843   64.67190 -170.64178     3.2496    33.0136    1461.01  0.000e+00
      6.843   64.67190 -170.64178     3.2497    33.0136    1461.01  0.000e+00
      6.843   64.67190 -170.64178     3.2497    33.0139    1461.01  0.000e+00
      6.727   64.67190 -170.64178     3.2493    33.0140    1461.01  0.000e+00
      6.874   64.67190 -170.64178     3.2488    33.0126    1461.00  0.000e+00
      6.843   64.67190 -170.64178     3.2488    33.0136    1461.01  0.000e+00
      6.727   64.67190 -170.64178     3.2495    33.0144    1461.01  0.000e+00
      6.789   64.67190 -170.64178     3.2500    33.0147    1461.01  0.000e+00
      6.789   64.67190 -170.64178     3.2502    33.0147    1461.01  0.000e+00
      6.727   64.67190 -170.64178     3.2498    33.0140    1461.01  0.000e+00
      6.727   64.67190 -170.64178     3.2496    33.0137    1461.01  0.000e+00
      6.727   64.67190 -170.64178     3.2489    33.0140    1461.00  0.000e+00
      6.704   64.67190 -170.64178     3.2483    33.0140    1461.00  0.000e+00
      6.727   64.67190 -170.64178     3.2477    33.0136    1461.00  0.000e+00
      6.673   64.67190 -170.64178     3.2474    33.0138    1461.00  0.000e+00
      6.673   64.67190 -170.64178     3.2467    33.0140    1460.99  0.000e+00
      6.673   64.67190 -170.64178     3.2465    33.0137    1460.99  0.000e+00
      6.673   64.67190 -170.64178     3.2461    33.0135    1460.99  0.000e+00
      6.619   64.67190 -170.64178     3.2454    33.0134    1460.99  0.000e+00
      6.619   64.67190 -170.64178     3.2448    33.0139    1460.99  0.000e+00
      6.642   64.67190 -170.64178     3.2443    33.0139    1460.98  0.000e+00
      6.619   64.67190 -170.64178     3.2451    33.0149    1460.99  0.000e+00
      6.619   64.67190 -170.64178     3.2543    33.0149    1461.03  0.000e+00
      6.557   64.67190 -170.64178     3.2629    33.0157    1461.06  0.000e+00
      6.557   64.67190 -170.64178     3.2672    33.0156    1461.08  0.000e+00
      6.619   64.67190 -170.64178     3.2698    33.0156    1461.09  0.000e+00
      6.557   64.67190 -170.64178     3.2722    33.0142    1461.10  0.000e+00
      6.557   64.67190 -170.64178     3.2729    33.0129    1461.10  0.000e+00
      6.557   64.67190 -170.64178     3.2721    33.0129    1461.10  0.000e+00
      6.534   64.67190 -170.64178     3.2716    33.0128    1461.10  0.000e+00
      6.503   64.67190 -170.64178     3.2707    33.0128    1461.09  0.000e+00
      6.557   64.67190 -170.64178     3.2694    33.0115    1461.09  0.000e+00
      6.503   64.67190 -170.64178     3.2662    33.0121    1461.07  0.000e+00
      6.503   64.67190 -170.64178     3.2631    33.0134    1461.06  0.000e+00
      6.557   64.67190 -170.64178     3.2617    33.0134    1461.06  0.000e+00
      6.503   64.67190 -170.64178     3.2604    33.0128    1461.05  0.000e+00
      6.503   64.67190 -170.64178     3.2582    33.0127    1461.04  0.000e+00
      6.534   64.67190 -170.64178     3.2563    33.0127    1461.03  0.000e+00
      6.503   64.67190 -170.64178     3.2554    33.0141    1461.03  0.000e+00
      6.557   64.67190 -170.64178     3.2573    33.0142    1461.04  0.000e+00
      6.503   64.67190 -170.64178     3.2590    33.0135    1461.04  0.000e+00
      6.557   64.67190 -170.64178     3.2596    33.0136    1461.05  0.000e+00
      6.503   64.67190 -170.64178     3.2591    33.0139    1461.04  0.000e+00
      6.557   64.67190 -170.64178     3.2581    33.0137    1461.04  0.000e+00
      6.557   64.67190 -170.64178     3.2574    33.0132    1461.04  0.000e+00
      6.557   64.67190 -170.64178     3.2562    33.0131    1461.03  0.000e+00
      6.534   64.67190 -170.64178     3.2545    33.0134    1461.02  0.000e+00
      6.619   64.67190 -170.64178     3.2534    33.0134    1461.02  0.000e+00
      6.619   64.67190 -170.64178     3.2522    33.0137    1461.02  0.000e+00
      6.557   64.67190 -170.64178     3.2519    33.0139    1461.01  0.000e+00
      6.619   64.67190 -170.64178     3.2515    33.0143    1461.01  0.000e+00
      6.619   64.67190 -170.64178     3.2513    33.0136    1461.01  0.000e+00
      6.619   64.67190 -170.64178     3.2504    33.0130    1461.01  0.000e+00
      6.673   64.67190 -170.64178     3.2488    33.0131    1461.00  0.000e+00
      6.704   64.67190 -170.64178     3.2476    33.0128    1461.00  0.000e+00
      6.673   64.67190 -170.64178     3.2470    33.0136    1461.00  0.000e+00
      6.727   64.67190 -170.64178     3.2475    33.0140    1461.00  0.000e+00
      6.727   64.67190 -170.64178     3.2474    33.0141    1461.00  0.000e+00
      6.727   64.67190 -170.64178     3.2475    33.0140    1461.00  0.000e+00
      6.727   64.67190 -170.64178     3.2472    33.0143    1461.00  0.000e+00
      6.789   64.67190 -170.64178     3.2472    33.0142    1461.00  0.000e+00
      6.789   64.67190 -170.64178     3.2472    33.0140    1461.00  0.000e+00
      6.820   64.67190 -170.64178     3.2474    33.0142    1461.00  0.000e+00
      6.843   64.67190 -170.64178     3.2477    33.0140    1461.00  0.000e+00
      6.843   64.67190 -170.64178     3.2484    33.0150    1461.01  0.000e+00
      6.904   64.67190 -170.64178     3.2516    33.0158    1461.02  0.000e+00
      6.904   64.67190 -170.64178     3.2555    33.0153    1461.04  0.000e+00
      6.958   64.67190 -170.64178     3.2567    33.0149    1461.04  0.000e+00
      6.904   64.67190 -170.64178     3.2558    33.0140    1461.04  0.000e+00
      7.020   64.67190 -170.64178     3.2549    33.0139    1461.03  0.000e+00
      6.935   64.67190 -170.64178     3.2551    33.0132    1461.03  0.000e+00
      7.074   64.67190 -170.64178     3.2551    33.0134    1461.04  0.000e+00
      7.020   64.67190 -170.64178     3.2548    33.0141    1461.03  0.000e+00
      7.074   64.67190 -170.64178     3.2549    33.0140    1461.04  0.000e+00
      7.074   64.67190 -170.64178     3.2561    33.0142    1461.04  0.000e+00
      7.128   64.67190 -170.64178     3.2581    33.0145    1461.05  0.000e+00
      7.128   64.67190 -170.64178     3.2596    33.0142    1461.06  0.000e+00
      7.128   64.67190 -170.64178     3.2607    33.0135    1461.06  0.000e+00
      7.221   64.67190 -170.64178     3.2615    33.0133    1461.07  0.000e+00
      7.190   64.67190 -170.64178     3.2619    33.0130    1461.07  0.000e+00
      7.190   64.67190 -170.64178     3.2606    33.0127    1461.06  0.000e+00
      7.244   64.67190 -170.64178     3.2591    33.0130    1461.06  0.000e+00
      7.305   64.67190 -170.64178     3.2574    33.0132    1461.05  0.000e+00
      7.305   64.67190 -170.64178     3.2562    33.0127    1461.04  0.000e+00
      7.305   64.67190 -170.64178     3.2548    33.0131    1461.04  0.000e+00
      7.359   64.67190 -170.64178     3.2529    33.0135    1461.03  0.000e+00
      7.329   64.67190 -170.64178     3.2514    33.0135    1461.02  0.000e+00
      7.421   64.67190 -170.64178     3.2505    33.0138    1461.02  0.000e+00
      7.359   64.67190 -170.64178     3.2499    33.0139    1461.02  0.000e+00
      7.475   64.67190 -170.64178     3.2496    33.0138    1461.02  0.000e+00
      7.421   64.67190 -170.64178     3.2493    33.0142    1461.02  0.000e+00
      7.475   64.67190 -170.64178     3.2494    33.0142    1461.02  0.000e+00
      7.475   64.67190 -170.64178     3.2494    33.0138    1461.02  0.000e+00
      7.506   64.67190 -170.64178     3.2492    33.0132    1461.02  0.000e+00
      7.475   64.67190 -170.64178     3.2475    33.0134    1461.01  0.000e+00
      7.529   64.67190 -170.64178     3.2454    33.0135    1461.00  0.000e+00
      7.591   64.67190 -170.64178     3.2425    33.0141    1460.99  0.000e+00
      7.591   64.67190 -170.64178     3.2395    33.0149    1460.98  0.000e+00
      7.591   64.67190 -170.64178     3.2384    33.0145    1460.97  0.000e+00
      7.645   64.67190 -170.64178     3.2384    33.0150    1460.98  0.000e+00
      7.622   64.67190 -170.64178     3.2387    33.0145    1460.98  0.000e+00
      7.645   64.67190 -170.64178     3.2395    33.0144    1460.98  0.000e+00
      7.645   64.67190 -170.64178     3.2400    33.0147    1460.98  0.000e+00
      7.707   64.67190 -170.64178     3.2401    33.0144    1460.98  0.000e+00
      7.645   64.67190 -170.64178     3.2400    33.0145    1460.98  0.000e+00
      7.707   64.67190 -170.64178     3.2403    33.0148    1460.98  0.000e+00
      7.761   64.67190 -170.64178     3.2409    33.0155    1460.99  0.000e+00
      7.676   64.67190 -170.64178     3.2425    33.0158    1460.99  0.000e+00
      7.761   64.67190 -170.64178     3.2467    33.0174    1461.02  0.000e+00
      7.760   64.67190 -170.64178     3.2512    33.0179    1461.04  0.000e+00
      7.760   64.67190 -170.64178     3.2546    33.0162    1461.05  0.000e+00
      7.760   64.67190 -170.64178     3.2556    33.0145    1461.05  0.000e+00
      7.822   64.67190 -170.64178     3.2553    33.0144    1461.05  0.000e+00
      7.760   64.67190 -170.64178     3.2560    33.0148    1461.05  0.000e+00
      7.791   64.67190 -170.64178     3.2538    33.0169    1461.05  0.000e+00
      7.822   64.67190 -170.64178     3.2542    33.0173    1461.05  0.000e+00
      7.822   64.67190 -170.64178     3.2558    33.0174    1461.06  0.000e+00
      7.822   64.67190 -170.64178     3.2571    33.0183    1461.06  0.000e+00
      7.822   64.67190 -170.64178     3.2601    33.0174    1461.07  0.000e+00
      7.876   64.67190 -170.64178     3.2628    33.0162    1461.09  0.000e+00
      7.822   64.67190 -170.64178     3.2644    33.0155    1461.09  0.000e+00
      7.845   64.67190 -170.64178     3.2666    33.0148    1461.10  0.000e+00
      7.876   64.67190 -170.64178     3.2677    33.0142    1461.10  0.000e+00
      7.822   64.67190 -170.64178     3.2663    33.0141    1461.10  0.000e+00
      7.876   64.67190 -170.64178     3.2641    33.0134    1461.09  0.000e+00
      7.822   64.67190 -170.64178     3.2617    33.0138    1461.08  0.000e+00
      7.876   64.67190 -170.64178     3.2598    33.0129    1461.07  0.000e+00
      7.822   64.67190 -170.64178     3.2576    33.0128    1461.06  0.000e+00
      7.845   64.67190 -170.64178     3.2560    33.0135    1461.05  0.000e+00
      7.876   64.67190 -170.64178     3.2554    33.0143    1461.05  0.000e+00
      7.822   64.67190 -170.64178     3.2564    33.0137    1461.05  0.000e+00
      7.876   64.67190 -170.64178     3.2576    33.0135    1461.06  0.000e+00
      7.876   64.67190 -170.64178     3.2579    33.0134    1461.06  0.000e+00
      7.822   64.67190 -170.64178     3.2576    33.0129    1461.06  0.000e+00
      7.822   64.67190 -170.64178     3.2563    33.0128    1461.05  0.000e+00
      7.845   64.67190 -170.64178     3.2554    33.0130    1461.05  0.000e+00
      7.822   64.67190 -170.64178     3.2551    33.0129    1461.05  0.000e+00
      7.876   64.67190 -170.64178     3.2545    33.0141    1461.05  0.000e+00
      7.822   64.67190 -170.64178     3.2545    33.0139    1461.05  0.000e+00
      7.760   64.67190 -170.64178     3.2543    33.0137    1461.04  0.000e+00
