EcoFOCI/data/1_SampleCollection/2023_SikuliaqDBO_CruiseData/CTD_raw_BottleFile_SKQ23-12S/proc/skq202312s_011.cnv
* Sea-Bird SBE 9 Data File:
* FileName = D:\CTD\SKQ202312S\SKQ202312S_011.hex
* Software Version Seasave V 7.26.7.121
* Temperature SN = 6177
* Conductivity SN = 0369
* Number of Bytes Per Scan = 41
* Number of Voltage Words = 4
* Number of Scans Averaged by the Deck Unit = 1
* NMEA Latitude = 63 36.26 N
* NMEA Longitude = 172 35.70 W
* NMEA UTC (Time) = Sep 16 2023  18:45:33
* NMEA baud rate = 4800
** Ship: R/V Sikuliaq
** Station Number: 011
** Station Name: DBO1.10
** Bottom Depth: 53
** Operator: SD
# nquan = 24
# nvalues = 4826                                  
# units = specified
# name 0 = depSM: Depth [salt water, m]
# name 1 = latitude: Latitude [deg]
# name 2 = longitude: Longitude [deg]
# name 3 = prDM: Pressure, Digiquartz [db]
# name 4 = t090C: Temperature [ITS-90, deg C]
# name 5 = t190C: Temperature, 2 [ITS-90, deg C]
# name 6 = potemp090C: Potential Temperature [ITS-90, deg C]
# name 7 = sal00: Salinity, Practical [PSU]
# name 8 = sal11: Salinity, Practical, 2 [PSU]
# name 9 = density00: Density [density, kg/m^3]
# name 10 = sigma-é00: Density [sigma-theta, kg/m^3]
# name 11 = sbox0Mm/Kg: Oxygen, SBE 43 [umol/kg]
# name 12 = sbox1Mm/Kg: Oxygen, SBE 43, 2 [umol/kg]
# name 13 = oxsolMm/Kg: Oxygen Saturation, Garcia & Gordon [umol/kg]
# name 14 = sbeox0PS: Oxygen, SBE 43 [% saturation]
# name 15 = sbeox1PS: Oxygen, SBE 43, 2 [% saturation]
# name 16 = v0: Voltage 0
# name 17 = flECO-AFL: Fluorescence, WET Labs ECO-AFL/FL [mg/m^3]
# name 18 = v1: Voltage 1
# name 19 = CStarAt0: Beam Attenuation, WET Labs C-Star [1/m]
# name 20 = par: PAR/Irradiance, Biospherical/Licor
# name 21 = scan: Scan Count
# name 22 = timeM: Time, Elapsed [minutes]
# name 23 = flag:  0.000e+00
# span 0 =      1.795,     48.538                 
# span 1 =   63.60454,   63.60480                 
# span 2 = -172.59616, -172.59548                 
# span 3 =      1.813,     49.020                 
# span 4 =    -0.1031,     7.7200                 
# span 5 =    -0.1049,     7.7198                 
# span 6 =    -0.1046,     7.7187                 
# span 7 =    31.6487,    32.4655                 
# span 8 =    31.6485,    32.4726                 
# span 9 =  1024.6986,  1026.2796                 
# span 10 =    24.6842,    26.0462                
# span 11 =    234.728,    330.499                
# span 12 =    222.704,    313.854                
# span 13 =  295.71660,  356.04584                
# span 14 =     66.356,    100.109                
# span 15 =     63.052,     95.134                
# span 16 =     0.0830,     0.2979                
# span 17 =     0.1502,     1.4395                
# span 18 =     3.7021,     4.2051                
# span 19 =     0.4556,     0.9654                
# span 20 = 4.4764e-01, 6.1078e+02                
# span 21 =          1,       4826                
# span 22 =     0.0000,     3.3507                
# span 23 = 0.0000e+00, 0.0000e+00                
# interval = seconds: 0.0416667
# start_time = Sep 16 2023 18:47:53 [NMEA time, first data scan]
# bad_flag = -9.990e-29
*END*
[from data line 1268]
      8.944   63.60464 -172.59564      9.032     7.7081     7.7088     7.7072    31.6566    31.6662  1024.7317    24.6903    282.339    269.917  295.93729     95.405     91.215     0.2161     0.9487     4.0147     0.6410 8.4053e+01       1269     0.8806  0.000e+00
      8.944   63.60464 -172.59564      9.032     7.7083     7.7086     7.7074    31.6566    31.6662  1024.7317    24.6904    282.364    269.924  295.93586     95.414     91.217     0.2173     0.9560     4.0147     0.6410 8.3817e+01       1270     0.8812  0.000e+00
      8.975   63.60464 -172.59564      9.063     7.7081     7.7087     7.7072    31.6569    31.6664  1024.7321    24.6906    282.367    269.928  295.93660     95.415     91.219     0.2161     0.9487     4.0147     0.6410 8.4290e+01       1271     0.8819  0.000e+00
      9.006   63.60464 -172.59564      9.094     7.7081     7.7086     7.7072    31.6565    31.6666  1024.7319    24.6903    282.370    269.932  295.93751     95.415     91.220     0.2161     0.9487     4.0147     0.6410 8.4528e+01       1272     0.8826  0.000e+00
      9.006   63.60464 -172.59564      9.094     7.7083     7.7086     7.7074    31.6562    31.6662  1024.7317    24.6900    282.370    269.917  295.93681     95.416     91.215     0.2161     0.9487     4.0147     0.6410 8.4766e+01       1273     0.8833  0.000e+00
      9.060   63.60466 -172.59564      9.149     7.7081     7.7086     7.7072    31.6565    31.6662  1024.7322    24.6903    282.374    269.918  295.93740     95.417     91.215     0.2161     0.9487     4.0147     0.6410 8.5485e+01       1274     0.8840  0.000e+00
      9.060   63.60466 -172.59564      9.149     7.7079     7.7089     7.7071    31.6567    31.6661  1024.7324    24.6904    282.562    270.083  295.93811     95.480     91.272     0.2161     0.9487     4.0147     0.6410 8.6697e+01       1275     0.8847  0.000e+00
      9.060   63.60466 -172.59564      9.149     7.7079     7.7085     7.7071    31.6565    31.6665  1024.7322    24.6903    282.401    270.098  295.93843     95.425     91.276     0.2161     0.9487     4.0147     0.6410 8.7187e+01       1276     0.8854  0.000e+00
      9.060   63.60466 -172.59564      9.149     7.7081     7.7086     7.7072    31.6565    31.6665  1024.7322    24.6903    282.400    270.107  295.93740     95.425     91.279     0.2161     0.9487     4.0147     0.6410 8.7432e+01       1277     0.8861  0.000e+00
      9.091   63.60466 -172.59564      9.180     7.7081     7.7086     7.7072    31.6566    31.6664  1024.7324    24.6904    282.401    270.285  295.93727     95.426     91.340     0.2161     0.9487     4.0147     0.6410 8.7926e+01       1278     0.8868  0.000e+00
      9.121   63.60466 -172.59564      9.211     7.7082     7.7086     7.7074    31.6566    31.6661  1024.7325    24.6903    282.401    270.139  295.93627     95.426     91.290     0.2149     0.9414     4.0147     0.6410 8.8174e+01       1279     0.8875  0.000e+00
      9.121   63.60466 -172.59564      9.211     7.7081     7.7089     7.7072    31.6566    31.6659  1024.7326    24.6904    282.402    270.141  295.93722     95.426     91.291     0.2161     0.9487     4.0147     0.6410 8.7926e+01       1280     0.8882  0.000e+00
      9.175   63.60466 -172.59564      9.266     7.7083     7.7086     7.7074    31.6562    31.6662  1024.7324    24.6900    282.403    270.145  295.93689     95.427     91.292     0.2149     0.9414     4.0134     0.6423 8.6697e+01       1281     0.8889  0.000e+00
      9.175   63.60466 -172.59564      9.266     7.7082     7.7086     7.7074    31.6568    31.6667  1024.7329    24.6905    282.402    270.144  295.93593     95.427     91.292     0.2161     0.9487     4.0147     0.6410 8.6210e+01       1282     0.8896  0.000e+00
      9.237   63.60466 -172.59564      9.328     7.7083     7.7086     7.7074    31.6567    31.6663  1024.7331    24.6904    282.404    270.313  295.93575     95.428     91.349     0.2173     0.9560     4.0134     0.6423 8.5968e+01       1283     0.8903  0.000e+00
      9.145   63.60466 -172.59564      9.234     7.7081     7.7086     7.7072    31.6568    31.6665  1024.7328    24.6905    282.402    270.337  295.93684     95.426     91.357     0.2161     0.9487     4.0134     0.6423 8.4528e+01       1284     0.8910  0.000e+00
      9.237   63.60466 -172.59564      9.328     7.7083     7.7088     7.7074    31.6566    31.6662  1024.7331    24.6903    282.404    270.365  295.93591     95.428     91.367     0.2173     0.9560     4.0134     0.6423 8.3581e+01       1285     0.8917  0.000e+00
      9.237   63.60466 -172.59564      9.328     7.7083     7.7088     7.7074    31.6568    31.6663  1024.7333    24.6905    282.404    270.389  295.93543     95.428     91.375     0.2173     0.9560     4.0134     0.6423 8.3581e+01       1286     0.8924  0.000e+00
      9.291   63.60466 -172.59564      9.382     7.7084     7.7088     7.7075    31.6564    31.6656  1024.7331    24.6901    282.406    270.413  295.93581     95.428     91.383     0.2173     0.9560     4.0134     0.6423 8.2413e+01       1287     0.8931  0.000e+00
      9.237   63.60466 -172.59564      9.328     7.7083     7.7087     7.7074    31.6570    31.6653  1024.7334    24.6906    282.404    270.432  295.93511     95.428     91.389     0.2173     0.9560     4.0147     0.6410 8.1261e+01       1288     0.8938  0.000e+00
      9.291   63.60466 -172.59564      9.382     7.7082     7.7088     7.7074    31.6567    31.6656  1024.7334    24.6905    282.407    270.450  295.93596     95.428     91.395     0.2173     0.9560     4.0147     0.6410 8.1032e+01       1289     0.8944  0.000e+00
      9.291   63.60466 -172.59564      9.382     7.7083     7.7088     7.7074    31.6568    31.6662  1024.7335    24.6905    282.406    270.634  295.93556     95.428     91.458     0.2173     0.9560     4.0147     0.6410 8.0577e+01       1290     0.8951  0.000e+00
      9.322   63.60466 -172.59564      9.413     7.7083     7.7088     7.7074    31.6571    31.6666  1024.7339    24.6907    282.407    270.663  295.93487     95.429     91.468     0.2173     0.9560     4.0134     0.6423 7.9900e+01       1291     0.8958  0.000e+00
      9.345   63.60466 -172.59564      9.437     7.7082     7.7089     7.7074    31.6565    31.6663  1024.7335    24.6903    282.409    270.689  295.93641     95.429     91.477     0.2173     0.9560     4.0147     0.6410 7.9900e+01       1292     0.8965  0.000e+00
      9.345   63.60466 -172.59564      9.437     7.7083     7.7088     7.7074    31.6566    31.6662  1024.7336    24.6904    282.383    270.697  295.93586     95.420     91.479     0.2173     0.9560     4.0134     0.6423 7.9451e+01       1293     0.8972  0.000e+00
      9.407   63.60466 -172.59564      9.499     7.7081     7.7086     7.7072    31.6570    31.6664  1024.7342    24.6907    282.384    270.720  295.93646     95.421     91.487     0.2161     0.9487     4.0134     0.6423 7.8783e+01       1294     0.8979  0.000e+00
      9.345   63.60466 -172.59564      9.437     7.7084     7.7089     7.7076    31.6567    31.6660  1024.7336    24.6904    282.379    270.734  295.93467     95.419     91.492     0.2173     0.9560     4.0147     0.6410 7.8561e+01       1295     0.8986  0.000e+00
      9.407   63.60466 -172.59564      9.499     7.7084     7.7087     7.7075    31.6565    31.6662  1024.7337    24.6902    282.381    270.752  295.93521     95.420     91.497     0.2161     0.9487     4.0134     0.6423 7.8340e+01       1296     0.8993  0.000e+00
      9.430   63.60466 -172.59564      9.522     7.7082     7.7088     7.7073    31.6568    31.6665  1024.7341    24.6905    282.382    270.764  295.93586     95.420     91.502     0.2173     0.9560     4.0134     0.6423 7.8120e+01       1297     0.9000  0.000e+00
      9.407   63.60466 -172.59564      9.499     7.7083     7.7088     7.7074    31.6566    31.6666  1024.7338    24.6903    282.380    270.772  295.93600     95.419     91.505     0.2173     0.9560     4.0147     0.6410 7.7900e+01       1298     0.9007  0.000e+00
      9.407   63.60466 -172.59564      9.499     7.7083     7.7089     7.7074    31.6567    31.6663  1024.7340    24.6904    282.378    270.779  295.93568     95.419     91.507     0.2173     0.9560     4.0134     0.6423 7.8120e+01       1299     0.9014  0.000e+00
      9.461   63.60466 -172.59564      9.554     7.7084     7.7087     7.7075    31.6565    31.6664  1024.7340    24.6902    282.379    270.786  295.93550     95.419     91.509     0.2186     0.9634     4.0134     0.6423 7.8120e+01       1300     0.9021  0.000e+00
      9.461   63.60466 -172.59564      9.554     7.7086     7.7088     7.7077    31.6565    31.6663  1024.7340    24.6902    282.190    270.787  295.93424     95.356     91.509     0.2173     0.9560     4.0134     0.6423 7.8120e+01       1301     0.9028  0.000e+00
      9.461   63.60466 -172.59564      9.554     7.7084     7.7088     7.7075    31.6567    31.6662  1024.7342    24.6904    282.353    270.786  295.93502     95.410     91.509     0.2173     0.9560     4.0134     0.6423 7.8120e+01       1302     0.9035  0.000e+00
      9.522   63.60466 -172.59564      9.616     7.7083     7.7088     7.7074    31.6567    31.6662  1024.7345    24.6904    282.356    270.784  295.93571     95.411     91.508     0.2173     0.9560     4.0134     0.6423 7.7681e+01       1303     0.9042  0.000e+00
      9.492   63.60466 -172.59564      9.585     7.7084     7.7087     7.7075    31.6566    31.6661  1024.7342    24.6903    282.540    270.776  295.93489     95.474     91.506     0.2173     0.9560     4.0134     0.6423 7.7463e+01       1304     0.9049  0.000e+00
      9.522   63.60466 -172.59564      9.616     7.7082     7.7086     7.7073    31.6568    31.6663  1024.7346    24.6905    282.380    270.768  295.93579     95.419     91.503     0.2173     0.9560     4.0134     0.6423 7.7245e+01       1305     0.9056  0.000e+00
      9.522   63.60466 -172.59564      9.616     7.7083     7.7091     7.7074    31.6568    31.6659  1024.7345    24.6905    282.378    270.754  295.93555     95.419     91.499     0.2173     0.9560     4.0134     0.6423 7.5100e+01       1306     0.9063  0.000e+00
      9.522   63.60466 -172.59564      9.616     7.7086     7.7088     7.7077    31.6566    31.6667  1024.7344    24.6903    282.376    270.740  295.93390     95.418     91.494     0.2173     0.9560     4.0134     0.6423 7.4050e+01       1307     0.9069  0.000e+00
      9.576   63.60466 -172.59564      9.670     7.7084     7.7087     7.7075    31.6565    31.6662  1024.7345    24.6902    282.378    270.726  295.93522     95.419     91.489     0.2173     0.9560     4.0134     0.6423 7.3842e+01       1308     0.9076  0.000e+00
      9.522   63.60466 -172.59564      9.616     7.7086     7.7089     7.7077    31.6564    31.6661  1024.7342    24.6902    282.374    270.703  295.93430     95.418     91.481     0.2173     0.9560     4.0134     0.6423 7.2605e+01       1309     0.9083  0.000e+00
      9.545   63.60466 -172.59564      9.639     7.7084     7.7089     7.7075    31.6569    31.6665  1024.7347    24.6906    282.374    270.680  295.93462     95.418     91.474     0.2161     0.9487     4.0134     0.6423 7.1792e+01       1310     0.9090  0.000e+00
      9.638   63.60466 -172.59564      9.733     7.7084     7.7088     7.7075    31.6571    31.6664  1024.7353    24.6907    282.376    270.828  295.93392     95.419     91.523     0.2125     0.9267     4.0134     0.6423 7.1792e+01       1311     0.9097  0.000e+00
      9.576   63.60466 -172.59564      9.670     7.7087     7.7089     7.7078    31.6566    31.6663  1024.7346    24.6903    282.371    270.660  295.93292     95.417     91.467     0.2125     0.9267     4.0134     0.6423 7.1792e+01       1312     0.9104  0.000e+00
      9.576   63.60466 -172.59564      9.670     7.7084     7.7091     7.7075    31.6571    31.6662  1024.7350    24.6907    282.372    270.476  295.93394     95.417     91.405     0.2125     0.9267     4.0134     0.6423 7.1792e+01       1313     0.9111  0.000e+00
      9.576   63.60466 -172.59564      9.670     7.7086     7.7091     7.7077    31.6574    31.6665  1024.7353    24.6910    282.182    270.444  295.93211     95.354     91.394     0.2125     0.9267     4.0134     0.6423 7.1792e+01       1314     0.9118  0.000e+00
      9.638   63.60466 -172.59564      9.733     7.7087     7.7091     7.7078    31.6578    31.6663  1024.7358    24.6912    282.158    270.413  295.93026     95.346     91.384     0.2112     0.9194     4.0134     0.6423 7.1590e+01       1315     0.9125  0.000e+00
      9.607   63.60466 -172.59564      9.701     7.7089     7.7091     7.7080    31.6575    31.6663  1024.7354    24.6910    282.319    270.378  295.92961     95.401     91.372     0.2125     0.9267     4.0134     0.6423 7.1388e+01       1316     0.9132  0.000e+00
      9.638   63.60466 -172.59564      9.733     7.7089     7.7091     7.7080    31.6579    31.6667  1024.7359    24.6913    282.320    270.512  295.92907     95.401     91.417     0.2137     0.9341     4.0134     0.6423 7.1388e+01       1317     0.9139  0.000e+00
      9.638   63.60466 -172.59564      9.733     7.7089     7.7089     7.7080    31.6576    31.6668  1024.7356    24.6910    282.135    270.491  295.92940     95.339     91.410     0.2125     0.9267     4.0134     0.6423 7.0788e+01       1318     0.9146  0.000e+00
      9.638   63.60466 -172.59564      9.733     7.7089     7.7089     7.7080    31.6573    31.6665  1024.7354    24.6908    282.300    270.468  295.93012     95.394     91.402     0.2125     0.9267     4.0134     0.6423 6.9995e+01       1319     0.9153  0.000e+00
      9.638   63.60466 -172.59564      9.733     7.7090     7.7089     7.7081    31.6573    31.6664  1024.7354    24.6908    281.928    270.274  295.92933     95.269     91.336     0.2125     0.9267     4.0134     0.6423 6.9602e+01       1320     0.9160  0.000e+00
      9.692   63.60466 -172.59564      9.787     7.7089     7.7089     7.7080    31.6574    31.6666  1024.7357    24.6909    282.071    270.233  295.92985     95.317     91.323     0.2125     0.9267     4.0134     0.6423 6.9406e+01       1321     0.9167  0.000e+00
      9.638   63.60466 -172.59564      9.733     7.7087     7.7089     7.7078    31.6571    31.6665  1024.7352    24.6906    282.052    270.187  295.93194     95.310     91.307     0.2125     0.9267     4.0171     0.6386 6.9211e+01       1322     0.9174  0.000e+00
      9.723   63.60466 -172.59564      9.818     7.7087     7.7089     7.7078    31.6566    31.6664  1024.7353    24.6903    282.037    270.144  295.93291     95.304     91.293     0.2125     0.9267     4.0183     0.6374 6.9211e+01       1323     0.9181  0.000e+00
      9.638   63.60466 -172.59564      9.733     7.7086     7.7089     7.7077    31.6573    31.6669  1024.7355    24.6909    282.229    270.110  295.93233     95.369     91.281     0.2125     0.9267     4.0183     0.6374 6.9016e+01       1324     0.9187  0.000e+00
      9.692   63.60466 -172.59564      9.787     7.7087     7.7089     7.7078    31.6573    31.6665  1024.7357    24.6909    282.051    270.082  295.93135     95.310     91.272     0.2125     0.9267     4.0183     0.6374 6.8436e+01       1325     0.9194  0.000e+00
      9.692   63.60466 -172.59564      9.787     7.7086     7.7091     7.7077    31.6573    31.6664  1024.7357    24.6909    282.037    270.049  295.93238     95.304     91.261     0.2125     0.9267     4.0183     0.6374 6.8436e+01       1326     0.9201  0.000e+00
      9.746   63.60466 -172.59564      9.842     7.7089     7.7091     7.7080    31.6570    31.6666  1024.7357    24.6906    282.023    270.036  295.93110     95.300     91.256     0.2137     0.9341     4.0183     0.6374 6.8243e+01       1327     0.9208  0.000e+00
      9.692   63.60466 -172.59564      9.787     7.7087     7.7092     7.7078    31.6573    31.6666  1024.7357    24.6909    282.008    270.000  295.93135     95.295     91.245     0.2125     0.9267     4.0183     0.6374 6.8243e+01       1328     0.9215  0.000e+00
