EcoFOCI/data/1_SampleCollection/2023_SikuliaqDBO_CruiseData/CTD_raw_BottleFile_SKQ23-12S/proc/skq202312s_055.ros
* Sea-Bird SBE 9 Data File:
* FileName = D:\CTD\SKQ202312S\SKQ202312S_055.hex
* Software Version Seasave V 7.26.7.121
* Temperature SN = 6177
* Conductivity SN = 0369
* Number of Bytes Per Scan = 41
* Number of Voltage Words = 4
* Number of Scans Averaged by the Deck Unit = 1
* NMEA Latitude = 71 05.09 N
* NMEA Longitude = 163 48.16 W
* NMEA UTC (Time) = Sep 27 2023  03:55:23
* NMEA baud rate = 4800
** Ship: R/V Sikuliaq
** Station Number: 055
** Station Name: IC7
** Bottom Depth: 43
** Operator: SD
# nquan = 22
# nvalues = 784                                   
# units = specified
# name 0 = depSM: Depth [salt water, m]
# name 1 = latitude: Latitude [deg]
# name 2 = longitude: Longitude [deg]
# name 3 = prDM: Pressure, Digiquartz [db]
# name 4 = t090C: Temperature [ITS-90, deg C]
# name 5 = t190C: Temperature, 2 [ITS-90, deg C]
# name 6 = potemp090C: Potential Temperature [ITS-90, deg C]
# name 7 = sal00: Salinity, Practical [PSU]
# name 8 = sal11: Salinity, Practical, 2 [PSU]
# name 9 = density00: Density [density, kg/m^3]
# name 10 = sigma-é00: Density [sigma-theta, kg/m^3]
# name 11 = sbox0Mm/Kg: Oxygen, SBE 43 [umol/kg]
# name 12 = sbox1Mm/Kg: Oxygen, SBE 43, 2 [umol/kg]
# name 13 = oxsolMm/Kg: Oxygen Saturation, Garcia & Gordon [umol/kg]
# name 14 = sbeox0PS: Oxygen, SBE 43 [% saturation]
# name 15 = v0: Voltage 0
# name 16 = flECO-AFL: Fluorescence, WET Labs ECO-AFL/FL [mg/m^3]
# name 17 = CStarAt0: Beam Attenuation, WET Labs C-Star [1/m]
# name 18 = par: PAR/Irradiance, Biospherical/Licor
# name 19 = scan: Scan Count
# name 20 = nbf: Bottles Fired
# name 21 = flag:  0.000e+00
# interval = seconds: 0.0416667
# start_time = Sep 27 2023 03:58:52 [NMEA time, first data scan]
# bad_flag = -9.990e-29
*END*
[from data line 264]
     29.985   71.08482 -163.80274     30.296     1.3570     1.3518     1.3558    32.1410    32.1547  1025.8689    25.7251    304.352    286.873  343.52099     88.598     0.0940     0.2161     1.3618 5.0444e-01       9118          6  0.000e+00
     30.024   71.08482 -163.80274     30.335     1.3564     1.3523     1.3551    32.1410    32.1547  1025.8691    25.7252    304.367    286.854  343.52677     88.601     0.0940     0.2161     1.3618 5.0620e-01       9119          6  0.000e+00
     30.039   71.08482 -163.80274     30.351     1.3558     1.3527     1.3545    32.1408    32.1544  1025.8691    25.7251    304.422    286.841  343.53251     88.615     0.0940     0.2161     1.3618 5.0620e-01       9120          6  0.000e+00
     30.024   71.08482 -163.80274     30.335     1.3552     1.3528     1.3539    32.1409    32.1538  1025.8691    25.7252    304.474    286.832  343.53766     88.629     0.0952     0.2234     1.3618 5.0620e-01       9121          6  0.000e+00
     30.039   71.08482 -163.80274     30.351     1.3541     1.3531     1.3528    32.1416    32.1538  1025.8698    25.7258    304.531    287.031  343.54542     88.644     0.0940     0.2161     1.3618 5.0444e-01       9122          6  0.000e+00
     29.970   71.08482 -163.80274     30.280     1.3535     1.3544     1.3522    32.1426    32.1534  1025.8703    25.7266    304.579    287.041  343.54811     88.657     0.0952     0.2234     1.3604 5.0444e-01       9123          6  0.000e+00
     30.039   71.08482 -163.80274     30.351     1.3527     1.3562     1.3514    32.1429    32.1523  1025.8710    25.7270    304.405    287.056  343.55396     88.605     0.0940     0.2161     1.3618 5.1326e-01       9124          6  0.000e+00
     30.024   71.08482 -163.80274     30.335     1.3524     1.3574     1.3511    32.1426    32.1517  1025.8706    25.7267    304.649    287.073  343.55777     88.675     0.0940     0.2161     1.3618 5.2041e-01       9125          6  0.000e+00
     30.039   71.08482 -163.80274     30.351     1.3524     1.3579     1.3511    32.1427    32.1527  1025.8708    25.7268    304.699    287.097  343.55747     88.689     0.0940     0.2161     1.3618 5.2041e-01       9126          6  0.000e+00
     30.024   71.08482 -163.80274     30.335     1.3522     1.3588     1.3509    32.1431    32.1534  1025.8711    25.7272    304.708    286.911  343.55779     88.692     0.0940     0.2161     1.3604 5.1149e-01       9127          6  0.000e+00
     30.101   71.08482 -163.80274     30.413     1.3520     1.3601     1.3508    32.1428    32.1534  1025.8712    25.7269    304.719    287.119  343.55999     88.695     0.0928     0.2088     1.3618 5.0269e-01       9128          6  0.000e+00
     30.024   71.08482 -163.80274     30.335     1.3520     1.3610     1.3508    32.1429    32.1534  1025.8709    25.7270    304.721    287.145  343.55987     88.695     0.0940     0.2161     1.3618 5.0095e-01       9129          6  0.000e+00
     30.039   71.08482 -163.80274     30.351     1.3520     1.3615     1.3508    32.1428    32.1533  1025.8709    25.7269    304.725    287.180  343.56011     88.696     0.0952     0.2234     1.3618 4.9921e-01       9130          6  0.000e+00
     30.085   71.08482 -163.80274     30.397     1.3519     1.3619     1.3506    32.1427    32.1527  1025.8711    25.7268    304.689    287.014  343.56128     88.685     0.0940     0.2161     1.3618 4.9574e-01       9131          6  0.000e+00
     29.985   71.08482 -163.80274     30.296     1.3519     1.3619     1.3506    32.1435    32.1535  1025.8713    25.7275    304.681    287.233  343.55952     88.684     0.0940     0.2161     1.3618 4.9747e-01       9132          6  0.000e+00
     30.085   71.08482 -163.80274     30.397     1.3522     1.3627     1.3509    32.1427    32.1533  1025.8711    25.7269    304.681    287.250  343.55875     88.684     0.0940     0.2161     1.3618 4.9747e-01       9133          6  0.000e+00
     30.039   71.08482 -163.80274     30.351     1.3524     1.3633     1.3511    32.1423    32.1529  1025.8705    25.7265    304.674    287.291  343.55855     88.682     0.0940     0.2161     1.3662 5.0095e-01       9134          6  0.000e+00
     30.085   71.08482 -163.80274     30.397     1.3520     1.3638     1.3508    32.1425    32.1524  1025.8709    25.7266    304.672    287.339  343.56094     88.681     0.0940     0.2161     1.3691 5.0269e-01       9135          6  0.000e+00
     30.101   71.08482 -163.80274     30.413     1.3522     1.3641     1.3509    32.1425    32.1520  1025.8709    25.7266    304.663    287.363  343.55953     88.678     0.0940     0.2161     1.3691 5.0095e-01       9136          6  0.000e+00
     30.039   71.08482 -163.80274     30.351     1.3524     1.3634     1.3511    32.1427    32.1517  1025.8708    25.7268    304.648    287.392  343.55747     88.675     0.0952     0.2234     1.3676 4.9402e-01       9137          6  0.000e+00
     30.085   71.08482 -163.80274     30.397     1.3525     1.3624     1.3512    32.1423    32.1517  1025.8707    25.7265    303.711    287.457  343.55708     88.402     0.0940     0.2161     1.3676 4.9230e-01       9138          6  0.000e+00
     30.101   71.08482 -163.80274     30.413     1.3525     1.3615     1.3512    32.1421    32.1518  1025.8706    25.7263    304.473    287.493  343.55764     88.624     0.0940     0.2161     1.3676 4.9402e-01       9139          6  0.000e+00
     30.024   71.08482 -163.80274     30.335     1.3525     1.3605     1.3512    32.1424    32.1522  1025.8705    25.7266    304.461    287.527  343.55677     88.620     0.0940     0.2161     1.3676 4.9921e-01       9140          6  0.000e+00
     30.101   71.08482 -163.80274     30.413     1.3529     1.3596     1.3516    32.1421    32.1517  1025.8706    25.7263    304.452    287.570  343.55456     88.618     0.0940     0.2161     1.3676 5.0095e-01       9141          6  0.000e+00
     30.085   71.08482 -163.80274     30.397     1.3526     1.3581     1.3514    32.1416    32.1518  1025.8702    25.7259    304.484    287.821  343.55782     88.627     0.0940     0.2161     1.3676 5.0095e-01       9142          6  0.000e+00
     30.039   71.08482 -163.80274     30.351     1.3529     1.3570     1.3516    32.1411    32.1522  1025.8695    25.7255    304.470    287.679  343.55740     88.623     0.0940     0.2161     1.3676 4.9747e-01       9143          6  0.000e+00
     30.139   71.08482 -163.80274     30.452     1.3529     1.3559     1.3516    32.1413    32.1529  1025.8701    25.7257    304.461    287.697  343.55679     88.620     0.0940     0.2161     1.3691 4.9574e-01       9144          6  0.000e+00
     30.101   71.08482 -163.80274     30.413     1.3528     1.3548     1.3515    32.1414    32.1533  1025.8700    25.7257    304.445    287.736  343.55706     88.615     0.0940     0.2161     1.3691 4.9574e-01       9145          6  0.000e+00
     30.085   71.08482 -163.80274     30.397     1.3530     1.3547     1.3517    32.1418    32.1529  1025.8703    25.7260    304.425    287.772  343.55453     88.610     0.0952     0.2234     1.3676 5.0444e-01       9146          6  0.000e+00
     30.101   71.08482 -163.80274     30.413     1.3536     1.3542     1.3523    32.1418    32.1529  1025.8703    25.7260    304.401    288.019  343.54861     88.605     0.0940     0.2161     1.3676 5.0972e-01       9147          6  0.000e+00
     26.206   71.08482 -163.80274     26.477     2.8155     2.5501     2.8140    32.0308    32.0559  1025.6555    25.5309    310.125    294.235  331.41627     93.576     0.1416     0.5018     0.5902 6.7041e-01      11761          7  0.000e+00
     26.298   71.08482 -163.80274     26.571     2.8155     2.5511     2.8140    32.0306    32.0499  1025.6558    25.5308    310.135    294.255  331.41680     93.578     0.1429     0.5091     0.5890 6.7041e-01      11762          7  0.000e+00
     26.260   71.08482 -163.80274     26.532     2.8180     2.5517     2.8166    32.0249    32.0444  1025.6508    25.5260    310.129    294.054  331.41049     93.579     0.1429     0.5091     0.5878 6.7041e-01      11763          7  0.000e+00
     26.244   71.08482 -163.80274     26.516     2.8194     2.5480     2.8179    32.0191    32.0489  1025.6460    25.5212    310.133    294.049  331.41367     93.579     0.1429     0.5091     0.5878 6.7263e-01      11764          7  0.000e+00
     26.321   71.08482 -163.80274     26.594     2.8187     2.5472     2.8173    32.0160    32.0536  1025.6439    25.5188    310.370    294.003  331.42672     93.647     0.1465     0.5311     0.5878 6.7263e-01      11765          7  0.000e+00
     26.244   71.08482 -163.80274     26.516     2.8162     2.5483     2.8148    32.0152    32.0583  1025.6431    25.5184    310.425    293.967  331.44959     93.657     0.1502     0.5531     0.5878 6.7041e-01      11766          7  0.000e+00
     26.298   71.08482 -163.80274     26.571     2.8134     2.5524     2.8120    32.0126    32.0634  1025.6416    25.5166    310.269    293.692  331.47891     93.602     0.1514     0.5604     0.5878 6.7041e-01      11767          7  0.000e+00
     26.260   71.08482 -163.80274     26.532     2.8068     2.5647     2.8054    32.0107    32.0604  1025.6404    25.5156    310.544    293.743  331.53806     93.668     0.1514     0.5604     0.5890 6.7041e-01      11768          7  0.000e+00
     26.244   71.08482 -163.80274     26.516     2.7927     2.5837     2.7913    32.0164    32.0514  1025.6460    25.5213    310.682    293.584  331.64016     93.680     0.1514     0.5604     0.5878 6.7709e-01      11769          7  0.000e+00
     26.260   71.08482 -163.80274     26.532     2.7841     2.6145     2.7827    32.0191    32.0342  1025.6490    25.5241    310.336    293.377  331.70407     93.558     0.1514     0.5604     0.5878 6.8158e-01      11770          7  0.000e+00
     26.298   71.08482 -163.80274     26.571     2.7763     2.6343     2.7748    32.0200    32.0271  1025.6505    25.5255    310.577    293.022  331.76655     93.613     0.1514     0.5604     0.5890 6.8158e-01      11771          7  0.000e+00
     26.260   71.08482 -163.80274     26.532     2.7716     2.6445     2.7702    32.0166    32.0254  1025.6480    25.5231    310.611    292.937  331.81363     93.610     0.1514     0.5604     0.5878 6.7933e-01      11772          7  0.000e+00
     26.298   71.08482 -163.80274     26.571     2.7722     2.6454     2.7707    32.0159    32.0275  1025.6476    25.5225    310.594    292.903  331.81050     93.606     0.1514     0.5604     0.5890 6.7486e-01      11773          7  0.000e+00
     26.321   71.08482 -163.80274     26.594     2.7694     2.6334     2.7680    32.0300    32.0312  1025.6592    25.5341    310.570    292.977  331.79735     93.602     0.1526     0.5678     0.5878 6.7486e-01      11774          7  0.000e+00
     26.244   71.08482 -163.80274     26.516     2.7661     2.6240     2.7647    32.0506    32.0294  1025.6755    25.5507    310.530    293.045  331.77300     93.597     0.1514     0.5604     0.5878 6.7486e-01      11775          7  0.000e+00
     26.298   71.08482 -163.80274     26.571     2.7620     2.6076     2.7606    32.0653    32.0365  1025.6878    25.5628    310.514    293.161  331.76957     93.593     0.1526     0.5678     0.5890 6.7709e-01      11776          7  0.000e+00
     26.260   71.08482 -163.80274     26.532     2.7612     2.5928     2.7598    32.0628    32.0409  1025.6857    25.5609    310.504    293.272  331.78241     93.587     0.1514     0.5604     0.5890 6.7486e-01      11777          7  0.000e+00
     26.298   71.08482 -163.80274     26.571     2.7653     2.5816     2.7639    32.0412    32.0406  1025.6684    25.5433    310.719    293.372  331.80323     93.645     0.1514     0.5604     0.5878 6.7709e-01      11778          7  0.000e+00
     26.260   71.08482 -163.80274     26.532     2.7680     2.5725     2.7666    32.0215    32.0387  1025.6522    25.5274    310.530    293.463  331.83080     93.581     0.1514     0.5604     0.5890 6.7933e-01      11779          7  0.000e+00
     26.298   71.08482 -163.80274     26.571     2.7648     2.5528     2.7634    32.0118    32.0462  1025.6449    25.5199    310.776    293.628  331.88140     93.641     0.1514     0.5604     0.5890 6.7933e-01      11780          7  0.000e+00
     26.260   71.08482 -163.80274     26.532     2.7512     2.5330     2.7498    32.0177    32.0488  1025.6505    25.5257    310.887    293.807  331.97882     93.647     0.1502     0.5531     0.5878 6.7933e-01      11781          7  0.000e+00
     26.298   71.08482 -163.80274     26.571     2.7463     2.5144     2.7449    32.0139    32.0513  1025.6481    25.5231    310.062    293.988  332.02871     93.384     0.1514     0.5604     0.5951 6.7933e-01      11782          7  0.000e+00
     26.260   71.08482 -163.80274     26.532     2.7462     2.5002     2.7447    31.9999    32.0525  1025.6368    25.5119    310.840    294.136  332.06545     93.608     0.1502     0.5531     0.6023 6.7933e-01      11783          7  0.000e+00
     26.298   71.08482 -163.80274     26.571     2.7535     2.4849     2.7521    31.9798    32.0584  1025.6203    25.4952    310.827    294.070  332.05601     93.607     0.1514     0.5604     0.6023 6.7933e-01      11784          7  0.000e+00
     26.298   71.08482 -163.80274     26.571     2.7511     2.4715     2.7496    31.9708    32.0702  1025.6133    25.4882    310.870    294.154  332.09865     93.608     0.1526     0.5678     0.6023 6.8158e-01      11785          7  0.000e+00
     26.260   71.08482 -163.80274     26.532     2.7329     2.4621     2.7315    31.9781    32.0818  1025.6204    25.4956    311.008    294.409  332.23021     93.612     0.1514     0.5604     0.6023 6.8383e-01      11786          7  0.000e+00
     26.298   71.08482 -163.80274     26.571     2.7149     2.4581     2.7135    31.9906    32.0817  1025.6321    25.5070    311.134    294.478  332.34751     93.617     0.1514     0.5604     0.6023 6.8383e-01      11787          7  0.000e+00
     26.260   71.08482 -163.80274     26.532     2.6978     2.4588     2.6964    32.0034    32.0754  1025.6435    25.5186    311.244    294.326  332.45620     93.620     0.1514     0.5604     0.6023 6.8158e-01      11788          7  0.000e+00
     26.298   71.08482 -163.80274     26.571     2.6805     2.4629     2.6791    32.0127    32.0696  1025.6525    25.5274    311.365    294.328  332.57593     93.622     0.1514     0.5604     0.6023 6.8158e-01      11789          7  0.000e+00
     26.260   71.08482 -163.80274     26.532     2.6796     2.4537     2.6782    32.0081    32.0751  1025.6487    25.5238    311.368    294.417  332.59522     93.618     0.1514     0.5604     0.6023 6.7933e-01      11790          7  0.000e+00
     26.298   71.08482 -163.80274     26.571     2.6716     2.4454     2.6702    32.0159    32.0778  1025.6558    25.5307    311.441    294.515  332.64166     93.627     0.1490     0.5458     0.6023 6.8383e-01      11791          7  0.000e+00
     26.322   71.08482 -163.80274     26.594     2.6653     2.4426     2.6639    32.0220    32.0755  1025.6613    25.5361    311.464    294.560  332.67839     93.623     0.1453     0.5238     0.6023 6.8383e-01      11792          7  0.000e+00
     26.244   71.08482 -163.80274     26.516     2.6556     2.4395     2.6542    32.0336    32.0756  1025.6709    25.5461    311.534    294.602  332.72901     93.630     0.1465     0.5311     0.6023 6.8609e-01      11793          7  0.000e+00
     26.244   71.08482 -163.80274     26.516     2.6404     2.4414     2.6390    32.0534    32.0724  1025.6880    25.5631    311.635    294.618  332.80503     93.639     0.1465     0.5311     0.6023 6.8158e-01      11794          7  0.000e+00
     26.375   71.08482 -163.80274     26.649     2.6257     2.4421     2.6243    32.0714    32.0724  1025.7041    25.5786    311.741    294.647  332.88131     93.649     0.1465     0.5311     0.6023 6.7933e-01      11795          7  0.000e+00
