EcoFOCI/data/1_SampleCollection/2023_SikuliaqDBO_CruiseData/CTD_raw_BottleFile_SKQ23-12S/proc/skq202312s_035.ros
* Sea-Bird SBE 9 Data File:
* FileName = D:\CTD\SKQ202312S\SKQ202312S_035.hex
* Software Version Seasave V 7.26.7.121
* Temperature SN = 6177
* Conductivity SN = 0369
* Number of Bytes Per Scan = 41
* Number of Voltage Words = 4
* Number of Scans Averaged by the Deck Unit = 1
* NMEA Latitude = 71 45.08 N
* NMEA Longitude = 154 27.66 W
* NMEA UTC (Time) = Sep 22 2023  01:56:11
* NMEA baud rate = 4800
** Ship: R/V Sikuliaq
** Station Number: 035
** Station Name: BF2
** Bottom Depth: 88
** Operator: SD
# nquan = 22
# nvalues = 441                                   
# units = specified
# name 0 = depSM: Depth [salt water, m]
# name 1 = latitude: Latitude [deg]
# name 2 = longitude: Longitude [deg]
# name 3 = prDM: Pressure, Digiquartz [db]
# name 4 = t090C: Temperature [ITS-90, deg C]
# name 5 = t190C: Temperature, 2 [ITS-90, deg C]
# name 6 = potemp090C: Potential Temperature [ITS-90, deg C]
# name 7 = sal00: Salinity, Practical [PSU]
# name 8 = sal11: Salinity, Practical, 2 [PSU]
# name 9 = density00: Density [density, kg/m^3]
# name 10 = sigma-é00: Density [sigma-theta, kg/m^3]
# name 11 = sbox0Mm/Kg: Oxygen, SBE 43 [umol/kg]
# name 12 = sbox1Mm/Kg: Oxygen, SBE 43, 2 [umol/kg]
# name 13 = oxsolMm/Kg: Oxygen Saturation, Garcia & Gordon [umol/kg]
# name 14 = sbeox0PS: Oxygen, SBE 43 [% saturation]
# name 15 = v0: Voltage 0
# name 16 = flECO-AFL: Fluorescence, WET Labs ECO-AFL/FL [mg/m^3]
# name 17 = CStarAt0: Beam Attenuation, WET Labs C-Star [1/m]
# name 18 = par: PAR/Irradiance, Biospherical/Licor
# name 19 = scan: Scan Count
# name 20 = nbf: Bottles Fired
# name 21 = flag:  0.000e+00
# interval = seconds: 0.0416667
# start_time = Sep 22 2023 02:02:56 [NMEA time, first data scan]
# bad_flag = -9.990e-29
*END*
[from data line 264]
     20.458   71.75086 -154.45748     20.670     1.3099     1.3139     1.3091    31.8688    31.8770  1025.6077    25.5096    333.981    316.751  344.65682     96.903     0.0842     0.1575     0.7408 4.1368e-01      23321          6  0.000e+00
     20.396   71.75086 -154.45748     20.608     1.3102     1.3157     1.3094    31.8688    31.8759  1025.6075    25.5096    334.607    316.548  344.65374     97.085     0.0842     0.1575     0.7396 4.0625e-01      23322          6  0.000e+00
     20.473   71.75086 -154.45748     20.686     1.3104     1.3166     1.3095    31.8688    31.8759  1025.6078    25.5095    334.623    316.537  344.65296     97.090     0.0842     0.1575     0.7408 4.0625e-01      23323          6  0.000e+00
     20.458   71.75086 -154.45748     20.670     1.3105     1.3172     1.3097    31.8688    31.8760  1025.6077    25.5096    334.674    316.707  344.65139     97.105     0.0842     0.1575     0.7396 4.0773e-01      23324          6  0.000e+00
     20.396   71.75086 -154.45748     20.608     1.3111     1.3178     1.3103    31.8685    31.8756  1025.6071    25.5093    334.802    316.720  344.64685     97.143     0.0842     0.1575     0.7408 4.1219e-01      23325          6  0.000e+00
     20.419   71.75086 -154.45748     20.631     1.3115     1.3178     1.3106    31.8680    31.8753  1025.6068    25.5088    334.625    316.741  344.64530     97.093     0.0830     0.1502     0.7396 4.1219e-01      23326          6  0.000e+00
     20.396   71.75086 -154.45748     20.608     1.3116     1.3211     1.3108    31.8675    31.8739  1025.6063    25.5085    334.832    316.734  344.64502     97.153     0.0842     0.1575     0.7408 4.1819e-01      23327          6  0.000e+00
     20.365   71.75086 -154.45748     20.577     1.3115     1.3244     1.3106    31.8679    31.8731  1025.6065    25.5088    334.888    316.724  344.64555     97.169     0.0842     0.1575     0.7408 4.2732e-01      23328          6  0.000e+00
     20.396   71.75086 -154.45748     20.608     1.3115     1.3268     1.3106    31.8677    31.8724  1025.6065    25.5086    334.714    316.519  344.64602     97.118     0.0842     0.1575     0.7408 4.3040e-01      23329          6  0.000e+00
     20.396   71.75086 -154.45748     20.608     1.3113     1.3285     1.3104    31.8682    31.8714  1025.6069    25.5091    334.965    316.501  344.64606     97.191     0.0842     0.1575     0.7408 4.3040e-01      23330          6  0.000e+00
     20.365   71.75086 -154.45748     20.577     1.3113     1.3294     1.3105    31.8679    31.8712  1025.6065    25.5088    334.980    316.462  344.64643     97.195     0.0842     0.1575     0.7408 4.3349e-01      23331          6  0.000e+00
     20.342   71.75086 -154.45748     20.553     1.3113     1.3292     1.3104    31.8683    31.8718  1025.6067    25.5091    335.035    316.431  344.64598     97.211     0.0842     0.1575     0.7408 4.3349e-01      23332          6  0.000e+00
     20.396   71.75086 -154.45748     20.608     1.3116     1.3289     1.3108    31.8687    31.8719  1025.6073    25.5094    335.048    316.199  344.64199     97.216     0.0842     0.1575     0.7396 4.3349e-01      23333          6  0.000e+00
     20.304   71.75086 -154.45748     20.515     1.3119     1.3292     1.3111    31.8686    31.8716  1025.6067    25.5093    335.055    316.138  344.63930     97.219     0.0842     0.1575     0.7396 4.3349e-01      23334          6  0.000e+00
     20.342   71.75086 -154.45748     20.554     1.3124     1.3299     1.3115    31.8683    31.8710  1025.6067    25.5091    335.064    316.288  344.63612     97.223     0.0830     0.1502     0.7408 4.3505e-01      23335          6  0.000e+00
     20.396   71.75086 -154.45748     20.608     1.3127     1.3300     1.3119    31.8674    31.8715  1025.6062    25.5083    335.076    316.053  344.63560     97.226     0.0842     0.1575     0.7408 4.3349e-01      23336          6  0.000e+00
     20.304   71.75086 -154.45748     20.515     1.3132     1.3313     1.3123    31.8677    31.8707  1025.6059    25.5085    335.075    315.987  344.63115     97.227     0.0830     0.1502     0.7408 4.2732e-01      23337          6  0.000e+00
     20.281   71.75086 -154.45748     20.491     1.3137     1.3327     1.3128    31.8675    31.8701  1025.6056    25.5083    335.076    315.924  344.62734     97.229     0.0830     0.1502     0.7408 4.2426e-01      23338          6  0.000e+00
     20.366   71.75086 -154.45748     20.577     1.3144     1.3325     1.3136    31.8668    31.8704  1025.6054    25.5077    335.079    315.877  344.62222     97.231     0.0806     0.1355     0.7421 4.2579e-01      23339          6  0.000e+00
     20.281   71.75086 -154.45748     20.491     1.3154     1.3316     1.3145    31.8662    31.8715  1025.6045    25.5072    335.112    315.830  344.61563     97.242     0.0818     0.1428     0.7446 4.3505e-01      23340          6  0.000e+00
     20.342   71.75086 -154.45746     20.554     1.3156     1.3318     1.3148    31.8653    31.8715  1025.6041    25.5064    335.159    315.576  344.61555     97.256     0.0818     0.1428     0.7458 4.4131e-01      23341          6  0.000e+00
     20.304   71.75086 -154.45746     20.515     1.3160     1.3323     1.3151    31.8652    31.8720  1025.6038    25.5063    335.199    315.496  344.61294     97.268     0.0818     0.1428     0.7446 4.4131e-01      23342          6  0.000e+00
     20.281   71.75086 -154.45746     20.491     1.3156     1.3330     1.3148    31.8655    31.8724  1025.6039    25.5066    335.246    315.445  344.61514     97.281     0.0830     0.1502     0.7446 4.4447e-01      23343          6  0.000e+00
     20.343   71.75086 -154.45746     20.554     1.3155     1.3353     1.3147    31.8653    31.8713  1025.6040    25.5064    335.295    315.389  344.61666     97.295     0.0818     0.1428     0.7446 4.4605e-01      23344          6  0.000e+00
     20.250   71.75086 -154.45746     20.460     1.3154     1.3365     1.3145    31.8654    31.8711  1025.6037    25.5066    335.295    315.338  344.61764     97.295     0.0818     0.1428     0.7446 4.4764e-01      23345          6  0.000e+00
     20.281   71.75086 -154.45746     20.491     1.3152     1.3371     1.3143    31.8654    31.8708  1025.6038    25.5065    335.341    315.301  344.61934     97.308     0.0806     0.1355     0.7446 4.3974e-01      23346          6  0.000e+00
     20.281   71.75086 -154.45746     20.491     1.3148     1.3359     1.3139    31.8660    31.8710  1025.6043    25.5070    335.346    315.282  344.62159     97.308     0.0818     0.1428     0.7446 4.3194e-01      23347          6  0.000e+00
     20.304   71.75086 -154.45746     20.515     1.3144     1.3347     1.3136    31.8660    31.8712  1025.6045    25.5070    335.392    315.267  344.62451     97.321     0.0818     0.1428     0.7446 4.3194e-01      23348          6  0.000e+00
     20.281   71.75086 -154.45746     20.492     1.3148     1.3350     1.3139    31.8653    31.8704  1025.6038    25.5065    335.389    315.242  344.62343     97.320     0.0818     0.1428     0.7446 4.3349e-01      23349          6  0.000e+00
     20.304   71.75086 -154.45746     20.515     1.3147     1.3364     1.3139    31.8657    31.8694  1025.6042    25.5068    335.388    315.212  344.62283     97.320     0.0818     0.1428     0.7446 4.3661e-01      23350          6  0.000e+00
     10.007   71.75076 -154.45670     10.111     4.0398     4.0323     4.0392    28.6116    28.6741  1022.7524    22.7049    315.973    295.209  329.99113     95.752     0.2088     0.9047     1.2356 6.5843e+00      26439          7  0.000e+00
      9.953   71.75076 -154.45670     10.056     4.0386     4.0323     4.0380    28.6183    28.6757  1022.7576    22.7104    315.948    295.282  329.98458     95.746     0.2088     0.9047     1.2356 6.5094e+00      26440          7  0.000e+00
     10.007   71.75076 -154.45670     10.111     4.0375     4.0318     4.0369    28.6171    28.6799  1022.7569    22.7094    315.946    295.171  329.99628     95.742     0.2088     0.9047     1.2356 6.4537e+00      26441          7  0.000e+00
     10.007   71.75076 -154.45670     10.111     4.0375     4.0310     4.0369    28.6094    28.6865  1022.7509    22.7034    315.949    295.213  330.01569     95.738     0.2088     0.9047     1.2356 6.4353e+00      26442          7  0.000e+00
      9.922   71.75076 -154.45670     10.025     4.0379     4.0303     4.0373    28.6025    28.6930  1022.7449    22.6978    315.944    295.259  330.02904     95.732     0.2076     0.8974     1.2356 6.3620e+00      26443          7  0.000e+00
     10.069   71.75076 -154.45670     10.173     4.0382     4.0296     4.0377    28.5969    28.6963  1022.7412    22.6934    315.948    295.520  330.04038     95.730     0.2088     0.9047     1.2356 6.3075e+00      26444          7  0.000e+00
     10.007   71.75076 -154.45670     10.111     4.0395     4.0299     4.0389    28.5914    28.6947  1022.7364    22.6889    315.937    295.611  330.04435     95.726     0.2088     0.9047     1.2356 6.2895e+00      26445          7  0.000e+00
     10.007   71.75076 -154.45670     10.111     4.0400     4.0304     4.0394    28.5935    28.6917  1022.7380    22.6905    315.918    295.712  330.03490     95.723     0.2088     0.9047     1.2356 6.2357e+00      26446          7  0.000e+00
     10.069   71.75076 -154.45670     10.173     4.0403     4.0303     4.0397    28.5982    28.6925  1022.7420    22.6942    315.898    295.796  330.02062     95.721     0.2100     0.9121     1.2356 6.1646e+00      26447          7  0.000e+00
     10.007   71.75076 -154.45670     10.111     4.0406     4.0300     4.0400    28.6023    28.6951  1022.7450    22.6974    315.877    296.071  330.00826     95.718     0.2088     0.9047     1.2356 6.1470e+00      26448          7  0.000e+00
     10.069   71.75076 -154.45670     10.173     4.0403     4.0301     4.0397    28.6073    28.6984  1022.7493    22.7014    315.864    295.986  329.99795     95.717     0.2100     0.9121     1.2356 6.1118e+00      26449          7  0.000e+00
     10.038   71.75076 -154.45670     10.142     4.0398     4.0296     4.0392    28.6126    28.7029  1022.7534    22.7057    315.850    296.247  329.98860     95.716     0.2088     0.9047     1.2356 6.0422e+00      26450          7  0.000e+00
     10.007   71.75076 -154.45670     10.111     4.0389     4.0292     4.0383    28.6167    28.7068  1022.7566    22.7091    315.845    296.148  329.98599     95.715     0.2088     0.9047     1.2356 6.0076e+00      26451          7  0.000e+00
     10.069   71.75076 -154.45670     10.173     4.0386     4.0289     4.0380    28.6180    28.7097  1022.7579    22.7101    315.845    296.229  329.98496     95.715     0.2088     0.9047     1.2370 5.9904e+00      26452          7  0.000e+00
     10.069   71.75076 -154.45670     10.173     4.0386     4.0289     4.0380    28.6119    28.7109  1022.7531    22.7053    315.860    296.485  330.00051     95.715     0.2088     0.9047     1.2398 5.9221e+00      26453          7  0.000e+00
     10.069   71.75076 -154.45670     10.173     4.0387     4.0287     4.0381    28.6013    28.7133  1022.7446    22.6968    315.851    296.548  330.02564     95.705     0.2088     0.9047     1.2412 5.9052e+00      26454          7  0.000e+00
     10.008   71.75076 -154.45670     10.111     4.0395     4.0284     4.0389    28.5910    28.7160  1022.7361    22.6886    315.867    296.611  330.04486     95.704     0.2088     0.9047     1.2412 5.8882e+00      26455          7  0.000e+00
     10.069   71.75076 -154.45670     10.174     4.0401     4.0283     4.0395    28.5833    28.7183  1022.7302    22.6824    315.636    296.702  330.05931     95.630     0.2088     0.9047     1.2398 5.8044e+00      26456          7  0.000e+00
     10.038   71.75076 -154.45670     10.142     4.0411     4.0282     4.0405    28.5752    28.7198  1022.7236    22.6759    315.832    296.772  330.07126     95.686     0.2088     0.9047     1.2412 5.7878e+00      26457          7  0.000e+00
     10.123   71.75076 -154.45670     10.228     4.0422     4.0280     4.0416    28.5669    28.7207  1022.7172    22.6692    315.851    296.850  330.08307     95.688     0.2076     0.8974     1.2398 5.7712e+00      26458          7  0.000e+00
     10.008   71.75076 -154.45670     10.111     4.0434     4.0282     4.0428    28.5576    28.7194  1022.7092    22.6617    315.830    296.902  330.09642     95.678     0.2088     0.9047     1.2398 5.7382e+00      26459          7  0.000e+00
     10.069   71.75076 -154.45670     10.174     4.0446     4.0283     4.0440    28.5451    28.7163  1022.6995    22.6517    315.644    296.965  330.11807     95.615     0.2100     0.9121     1.2398 5.7053e+00      26460          7  0.000e+00
     10.069   71.75076 -154.45670     10.174     4.0454     4.0287     4.0448    28.5295    28.7147  1022.6871    22.6392    315.650    297.022  330.15036     95.608     0.2088     0.9047     1.2412 5.7053e+00      26461          7  0.000e+00
     10.008   71.75076 -154.45670     10.111     4.0463     4.0290     4.0457    28.5138    28.7139  1022.6742    22.6267    315.872    297.270  330.18172     95.666     0.2100     0.9121     1.2412 5.6564e+00      26462          7  0.000e+00
     10.069   71.75076 -154.45670     10.174     4.0474     4.0290     4.0468    28.5022    28.7123  1022.6652    22.6174    315.906    297.332  330.20204     95.671     0.2088     0.9047     1.2398 5.6240e+00      26463          7  0.000e+00
      9.977   71.75076 -154.45670     10.080     4.0479     4.0292     4.0473    28.5004    28.7086  1022.6633    22.6159    315.667    297.391  330.20230     95.598     0.2088     0.9047     1.2398 5.6240e+00      26464          7  0.000e+00
     10.070   71.75076 -154.45670     10.174     4.0479     4.0303     4.0473    28.5123    28.7026  1022.6731    22.6253    315.626    297.454  330.17281     95.594     0.2088     0.9047     1.2412 5.6240e+00      26465          7  0.000e+00
     10.008   71.75076 -154.45670     10.111     4.0479     4.0306     4.0473    28.5248    28.6980  1022.6828    22.6353    315.580    297.319  330.14157     95.589     0.2088     0.9047     1.2398 5.6079e+00      26466          7  0.000e+00
     10.070   71.75076 -154.45670     10.174     4.0478     4.0307     4.0472    28.5312    28.6965  1022.6882    22.6404    315.557    297.356  330.12618     95.587     0.2088     0.9047     1.2398 5.5918e+00      26467          7  0.000e+00
      9.954   71.75076 -154.45670     10.057     4.0474     4.0311     4.0468    28.5284    28.6927  1022.6854    22.6381    315.554    297.389  330.13661     95.583     0.2088     0.9047     1.2398 5.5918e+00      26468          7  0.000e+00
     10.008   71.75076 -154.45670     10.112     4.0477     4.0320     4.0471    28.5175    28.6838  1022.6770    22.6295    315.574    297.607  330.16111     95.582     0.2076     0.8974     1.2412 5.5758e+00      26469          7  0.000e+00
     10.070   71.75076 -154.45670     10.174     4.0484     4.0329     4.0478    28.5052    28.6742  1022.6675    22.6196    315.598    297.653  330.18659     95.582     0.2088     0.9047     1.2398 5.5758e+00      26470          7  0.000e+00
      9.977   71.75076 -154.45670     10.080     4.0488     4.0345     4.0482    28.4892    28.6573  1022.6543    22.6069    315.593    297.703  330.22244     95.570     0.2076     0.8974     1.2412 5.5758e+00      26471          7  0.000e+00
      9.954   71.75076 -154.45670     10.057     4.0504     4.0367     4.0498    28.4704    28.6336  1022.6391    22.5918    315.625    297.763  330.25649     95.570     0.2088     0.9047     1.2441 5.5598e+00      26472          7  0.000e+00
     10.008   71.75076 -154.45670     10.112     4.0520     4.0389     4.0514    28.4572    28.6112  1022.6288    22.5812    315.649    297.821  330.27642     95.571     0.2088     0.9047     1.2512 5.5598e+00      26473          7  0.000e+00
