EcoFOCI/data/1_SampleCollection/2023_SikuliaqDBO_CruiseData/CTD_raw_BottleFile_SKQ23-12S/proc/skq202312s_030.cnv
* Sea-Bird SBE 9 Data File:
* FileName = D:\CTD\SKQ202312S\SKQ202312S_030.hex
* Software Version Seasave V 7.26.7.121
* Temperature SN = 6177
* Conductivity SN = 0369
* Number of Bytes Per Scan = 41
* Number of Voltage Words = 4
* Number of Scans Averaged by the Deck Unit = 1
* NMEA Latitude = 71 27.31 N
* NMEA Longitude = 157 35.45 W
* NMEA UTC (Time) = Sep 21 2023  07:26:33
* NMEA baud rate = 4800
** Ship: R/V Sikuliaq
** Station Number: 030
** Station Name: DBO5.6
** Bottom Depth: 109
** Operator: SS
# nquan = 24
# nvalues = 8117                                  
# units = specified
# name 0 = depSM: Depth [salt water, m]
# name 1 = latitude: Latitude [deg]
# name 2 = longitude: Longitude [deg]
# name 3 = prDM: Pressure, Digiquartz [db]
# name 4 = t090C: Temperature [ITS-90, deg C]
# name 5 = t190C: Temperature, 2 [ITS-90, deg C]
# name 6 = potemp090C: Potential Temperature [ITS-90, deg C]
# name 7 = sal00: Salinity, Practical [PSU]
# name 8 = sal11: Salinity, Practical, 2 [PSU]
# name 9 = density00: Density [density, kg/m^3]
# name 10 = sigma-é00: Density [sigma-theta, kg/m^3]
# name 11 = sbox0Mm/Kg: Oxygen, SBE 43 [umol/kg]
# name 12 = sbox1Mm/Kg: Oxygen, SBE 43, 2 [umol/kg]
# name 13 = oxsolMm/Kg: Oxygen Saturation, Garcia & Gordon [umol/kg]
# name 14 = sbeox0PS: Oxygen, SBE 43 [% saturation]
# name 15 = sbeox1PS: Oxygen, SBE 43, 2 [% saturation]
# name 16 = v0: Voltage 0
# name 17 = flECO-AFL: Fluorescence, WET Labs ECO-AFL/FL [mg/m^3]
# name 18 = v1: Voltage 1
# name 19 = CStarAt0: Beam Attenuation, WET Labs C-Star [1/m]
# name 20 = par: PAR/Irradiance, Biospherical/Licor
# name 21 = scan: Scan Count
# name 22 = timeM: Time, Elapsed [minutes]
# name 23 = flag:  0.000e+00
# span 0 =      4.093,    104.318                 
# span 1 =   71.45512,   71.45518                 
# span 2 = -157.59108, -157.59050                 
# span 3 =      4.135,    105.421                 
# span 4 =    -1.7033,     4.4585                 
# span 5 =    -1.7019,     4.4616                 
# span 6 =    -1.7046,     4.4581                 
# span 7 =    30.3710,    32.9828                 
# span 8 =    30.3980,    32.9927                 
# span 9 =  1024.0997,  1027.0467                 
# span 10 =    24.0769,    26.5384                
# span 11 =    262.182,    461.276                
# span 12 =    248.630,    443.767                
# span 13 =  322.31349,  370.84397                
# span 14 =     70.907,    125.916                
# span 15 =     67.252,    121.256                
# span 16 =     0.0476,     0.2002                
# span 17 =    -0.0623,     0.8535                
# span 18 =     3.2381,     4.2039                
# span 19 =     0.4567,     1.5012                
# span 20 = 1.0000e-12, 3.3871e-01                
# span 21 =          1,       8117                
# span 22 =     0.0000,     5.6361                
# span 23 = 0.0000e+00, 0.0000e+00                
# interval = seconds: 0.0416667
# start_time = Sep 21 2023 07:30:42 [NMEA time, first data scan]
# bad_flag = -9.990e-29
*END*
[from data line 1933]
     17.817   71.45516 -157.59066     18.002    -1.0810    -1.0795    -1.0814    31.9655    31.9751  1025.7834    25.6967    460.750    434.656  366.63414    125.670    118.567     0.1538     0.5751     4.1563     0.5023 8.4714e-06       1934     1.3424  0.000e+00
     17.871   71.45516 -157.59066     18.056    -1.0782    -1.0757    -1.0786    31.9672    31.9760  1025.7851    25.6980    460.969    435.377  366.60153    125.741    118.777     0.1526     0.5678     4.1563     0.5023 8.4714e-06       1935     1.3431  0.000e+00
     17.894   71.45516 -157.59066     18.080    -1.0740    -1.0716    -1.0743    31.9687    31.9778  1025.7863    25.6991    461.118    435.908  366.55569    125.798    118.936     0.1526     0.5678     4.1685     0.4906 1.0000e-12       1936     1.3438  0.000e+00
     17.933   71.45516 -157.59066     18.119    -1.0692    -1.0672    -1.0696    31.9715    31.9799  1025.7885    25.7012    461.211    436.189  366.50118    125.842    119.029     0.1514     0.5604     4.1758     0.4835 1.0000e-12       1937     1.3444  0.000e+00
     17.987   71.45516 -157.59066     18.173    -1.0649    -1.0628    -1.0653    31.9736    31.9827  1025.7904    25.7028    461.013    436.418  366.45245    125.804    119.108     0.1502     0.5531     4.1770     0.4824 1.0000e-12       1938     1.3451  0.000e+00
     17.987   71.45516 -157.59066     18.173    -1.0611    -1.0590    -1.0615    31.9762    31.9851  1025.7924    25.7048    461.235    436.862  366.40774    125.880    119.243     0.1502     0.5531     4.1770     0.4824 1.0000e-12       1939     1.3458  0.000e+00
     18.010   71.45516 -157.59066     18.196    -1.0584    -1.0562    -1.0587    31.9793    31.9879  1025.7949    25.7072    461.272    437.075  366.37208    125.902    119.313     0.1502     0.5531     4.1758     0.4835 1.0000e-12       1940     1.3465  0.000e+00
     18.041   71.45516 -157.59066     18.228    -1.0562    -1.0540    -1.0566    31.9820    31.9902  1025.7972    25.7094    461.276    437.732  366.34336    125.914    119.502     0.1502     0.5531     4.1758     0.4835 1.0000e-12       1941     1.3472  0.000e+00
     18.041   71.45516 -157.59066     18.228    -1.0549    -1.0528    -1.0553    31.9833    31.9931  1025.7982    25.7103    461.252    437.734  366.32631    125.913    119.509     0.1502     0.5531     4.1758     0.4835 1.0000e-12       1942     1.3479  0.000e+00
     18.102   71.45516 -157.59066     18.290    -1.0547    -1.0528    -1.0551    31.9857    31.9957  1025.8004    25.7123    461.252    438.129  366.31770    125.916    119.619     0.1514     0.5604     4.1758     0.4835 1.0000e-12       1943     1.3486  0.000e+00
     18.126   71.45516 -157.59066     18.313    -1.0550    -1.0533    -1.0554    31.9876    31.9972  1025.8021    25.7139    461.219    438.511  366.31553    125.907    119.723     0.1490     0.5458     4.1758     0.4835 1.0000e-12       1944     1.3493  0.000e+00
     18.156   71.45516 -157.59066     18.344    -1.0555    -1.0544    -1.0559    31.9892    31.9995  1025.8036    25.7151    461.147    438.910  366.31549    125.888    119.831     0.1502     0.5531     4.1758     0.4835 1.0000e-12       1945     1.3500  0.000e+00
     18.156   71.45516 -157.59066     18.344    -1.0569    -1.0556    -1.0573    31.9907    32.0017  1025.8049    25.7164    461.095    439.288  366.32448    125.871    119.932     0.1514     0.5604     4.1758     0.4835 1.0000e-12       1946     1.3507  0.000e+00
     18.241   71.45516 -157.59066     18.430    -1.0584    -1.0571    -1.0587    31.9926    32.0033  1025.8069    25.7180    461.060    439.460  366.33353    125.858    119.976     0.1502     0.5531     4.1758     0.4835 1.0000e-12       1947     1.3514  0.000e+00
     18.218   71.45516 -157.59066     18.407    -1.0604    -1.0591    -1.0608    31.9946    32.0050  1025.8084    25.7196    460.989    439.581  366.34820    125.833    120.004     0.1502     0.5531     4.1758     0.4835 1.0000e-12       1948     1.3521  0.000e+00
     18.218   71.45516 -157.59066     18.407    -1.0624    -1.0614    -1.0627    31.9965    32.0069  1025.8100    25.7213    460.625    439.687  366.36165    125.730    120.027     0.1502     0.5531     4.1758     0.4835 1.0000e-12       1949     1.3528  0.000e+00
     18.272   71.45516 -157.59064     18.461    -1.0640    -1.0635    -1.0644    31.9974    32.0091  1025.8110    25.7220    460.484    439.772  366.37547    125.686    120.046     0.1502     0.5531     4.1758     0.4835 8.4714e-06       1950     1.3535  0.000e+00
     18.295   71.45516 -157.59064     18.485    -1.0656    -1.0651    -1.0660    31.9992    32.0098  1025.8127    25.7236    460.049    439.835  366.38580    125.564    120.059     0.1502     0.5531     4.1758     0.4835 1.0000e-12       1951     1.3542  0.000e+00
     18.334   71.45516 -157.59064     18.524    -1.0672    -1.0667    -1.0676    32.0010    32.0110  1025.8144    25.7251    460.094    440.075  366.39628    125.573    120.120     0.1502     0.5531     4.1758     0.4835 1.0000e-12       1952     1.3549  0.000e+00
     18.334   71.45516 -157.59064     18.524    -1.0685    -1.0678    -1.0689    32.0020    32.0124  1025.8152    25.7259    459.692    440.090  366.40635    125.460    120.122     0.1514     0.5604     4.1758     0.4835 1.0000e-12       1953     1.3556  0.000e+00
     18.388   71.45516 -157.59064     18.578    -1.0697    -1.0687    -1.0701    32.0033    32.0133  1025.8165    25.7270    459.468    440.059  366.41390    125.396    120.111     0.1502     0.5531     4.1758     0.4835 1.0000e-12       1954     1.3563  0.000e+00
     18.357   71.45516 -157.59064     18.547    -1.0705    -1.0696    -1.0709    32.0043    32.0135  1025.8172    25.7278    459.257    440.008  366.41938    125.336    120.095     0.1514     0.5604     4.1758     0.4835 1.0000e-12       1955     1.3569  0.000e+00
     18.388   71.45516 -157.59064     18.578    -1.0715    -1.0704    -1.0719    32.0047    32.0141  1025.8177    25.7282    458.774    439.943  366.42781    125.202    120.075     0.1502     0.5531     4.1819     0.4777 1.0000e-12       1956     1.3576  0.000e+00
     18.442   71.45516 -157.59064     18.633    -1.0718    -1.0711    -1.0722    32.0045    32.0147  1025.8178    25.7280    458.770    440.090  366.43117    125.200    120.113     0.1514     0.5604     4.1868     0.4730 1.0000e-12       1957     1.3583  0.000e+00
     18.411   71.45516 -157.59064     18.602    -1.0724    -1.0716    -1.0728    32.0058    32.0156  1025.8188    25.7291    457.972    440.018  366.43364    124.981    120.093     0.1490     0.5458     4.1893     0.4707 1.0000e-12       1958     1.3590  0.000e+00
     18.503   71.45516 -157.59064     18.695    -1.0727    -1.0719    -1.0731    32.0065    32.0164  1025.8198    25.7296    458.179    439.938  366.43451    125.037    120.071     0.1502     0.5531     4.1880     0.4719 1.0000e-12       1959     1.3597  0.000e+00
     18.503   71.45516 -157.59064     18.695    -1.0730    -1.0722    -1.0734    32.0066    32.0164  1025.8199    25.7298    457.487    439.843  366.43692    124.847    120.044     0.1514     0.5604     4.1880     0.4719 1.0000e-12       1960     1.3604  0.000e+00
     18.503   71.45516 -157.59064     18.695    -1.0726    -1.0725    -1.0730    32.0065    32.0169  1025.8198    25.7297    457.232    439.738  366.43313    124.779    120.015     0.1502     0.5531     4.1880     0.4719 1.0000e-12       1961     1.3611  0.000e+00
     18.526   71.45516 -157.59064     18.718    -1.0732    -1.0729    -1.0736    32.0073    32.0180  1025.8206    25.7304    457.027    439.623  366.43653    124.722    119.983     0.1526     0.5678     4.1880     0.4719 1.0000e-12       1962     1.3618  0.000e+00
     18.503   71.45516 -157.59064     18.695    -1.0735    -1.0728    -1.0739    32.0083    32.0177  1025.8213    25.7312    456.802    439.495  366.43696    124.660    119.949     0.1538     0.5751     4.1880     0.4719 8.4714e-06       1963     1.3625  0.000e+00
     18.557   71.45516 -157.59064     18.750    -1.0736    -1.0728    -1.0740    32.0084    32.0176  1025.8216    25.7312    456.620    439.367  366.43795    124.610    119.913     0.1538     0.5751     4.1893     0.4707 1.0000e-12       1964     1.3632  0.000e+00
     18.580   71.45516 -157.59064     18.773    -1.0741    -1.0733    -1.0745    32.0088    32.0184  1025.8221    25.7316    456.480    439.235  366.44119    124.571    119.877     0.1526     0.5678     4.1880     0.4719 1.0000e-12       1965     1.3639  0.000e+00
     18.619   71.45516 -157.59064     18.812    -1.0740    -1.0740    -1.0744    32.0082    32.0192  1025.8218    25.7311    456.327    439.329  366.44171    124.529    119.901     0.1538     0.5751     4.1880     0.4719 1.0000e-12       1966     1.3646  0.000e+00
     18.619   71.45516 -157.59064     18.812    -1.0743    -1.0743    -1.0746    32.0086    32.0195  1025.8221    25.7314    456.167    439.219  366.44339    124.485    119.870     0.1526     0.5678     4.1880     0.4719 1.0000e-12       1967     1.3653  0.000e+00
     18.673   71.45516 -157.59064     18.866    -1.0745    -1.0749    -1.0749    32.0092    32.0201  1025.8228    25.7319    456.052    439.112  366.44468    124.453    119.839     0.1538     0.5751     4.1880     0.4719 1.0000e-12       1968     1.3660  0.000e+00
     18.642   71.45516 -157.59064     18.835    -1.0747    -1.0756    -1.0751    32.0099    32.0209  1025.8233    25.7325    455.717    438.999  366.44431    124.362    119.807     0.1538     0.5751     4.1880     0.4719 1.0000e-12       1969     1.3667  0.000e+00
     18.673   71.45516 -157.59064     18.866    -1.0750    -1.0755    -1.0754    32.0097    32.0213  1025.8233    25.7323    455.597    438.880  366.44763    124.328    119.775     0.1526     0.5678     4.1880     0.4719 1.0000e-12       1970     1.3674  0.000e+00
     18.735   71.45516 -157.59064     18.929    -1.0758    -1.0760    -1.0762    32.0098    32.0214  1025.8237    25.7325    455.533    438.806  366.45509    124.308    119.754     0.1538     0.5751     4.1880     0.4719 1.0000e-12       1971     1.3681  0.000e+00
     18.696   71.45516 -157.59064     18.890    -1.0763    -1.0769    -1.0767    32.0104    32.0215  1025.8240    25.7330    455.710    438.703  366.45786    124.355    119.723     0.1538     0.5751     4.1880     0.4719 1.0000e-12       1972     1.3687  0.000e+00
     18.735   71.45516 -157.59064     18.929    -1.0764    -1.0776    -1.0768    32.0109    32.0216  1025.8246    25.7333    455.475    438.638  366.45822    124.291    119.703     0.1538     0.5751     4.1880     0.4719 1.0000e-12       1973     1.3694  0.000e+00
     18.735   71.45516 -157.59064     18.929    -1.0765    -1.0779    -1.0769    32.0113    32.0221  1025.8249    25.7336    455.699    438.570  366.45826    124.352    119.684     0.1526     0.5678     4.1880     0.4719 1.0000e-12       1974     1.3701  0.000e+00
     18.735   71.45516 -157.59064     18.929    -1.0769    -1.0781    -1.0773    32.0117    32.0222  1025.8253    25.7340    455.516    438.511  366.46033    124.302    119.667     0.1538     0.5751     4.1880     0.4719 1.0000e-12       1975     1.3708  0.000e+00
     18.758   71.45516 -157.59064     18.952    -1.0768    -1.0776    -1.0772    32.0118    32.0213  1025.8255    25.7341    455.540    438.453  366.45949    124.308    119.652     0.1551     0.5824     4.1893     0.4707 1.0000e-12       1976     1.3715  0.000e+00
     18.789   71.45516 -157.59064     18.983    -1.0767    -1.0772    -1.0771    32.0111    32.0208  1025.8250    25.7335    455.875    438.376  366.46036    124.399    119.632     0.1538     0.5751     4.1917     0.4684 1.0000e-12       1977     1.3722  0.000e+00
     18.735   71.45516 -157.59064     18.929    -1.0765    -1.0773    -1.0769    32.0103    32.0213  1025.8241    25.7329    455.746    438.339  366.46095    124.364    119.622     0.1538     0.5751     4.1929     0.4672 1.0000e-12       1978     1.3729  0.000e+00
     18.843   71.45516 -157.59064     19.038    -1.0764    -1.0779    -1.0768    32.0102    32.0222  1025.8246    25.7328    455.889    438.300  366.46012    124.403    119.610     0.1526     0.5678     4.1929     0.4672 1.0000e-12       1979     1.3736  0.000e+00
     18.812   71.45516 -157.59064     19.007    -1.0761    -1.0767    -1.0765    32.0104    32.0209  1025.8245    25.7329    456.026    438.276  366.45629    124.442    119.607     0.1538     0.5751     4.1929     0.4672 1.0000e-12       1980     1.3743  0.000e+00
     18.789   71.45516 -157.59064     18.983    -1.0755    -1.0764    -1.0759    32.0099    32.0206  1025.8240    25.7325    456.170    438.474  366.45153    124.483    119.661     0.1526     0.5678     4.1929     0.4672 1.0000e-12       1981     1.3750  0.000e+00
     18.843   71.45516 -157.59064     19.038    -1.0764    -1.0762    -1.0768    32.0104    32.0204  1025.8247    25.7330    456.092    438.496  366.45951    124.459    119.667     0.1538     0.5751     4.1917     0.4684 1.0000e-12       1982     1.3757  0.000e+00
     18.873   71.45516 -157.59064     19.069    -1.0764    -1.0761    -1.0768    32.0106    32.0205  1025.8250    25.7331    456.266    438.501  366.45844    124.507    119.669     0.1526     0.5678     4.1929     0.4672 1.0000e-12       1983     1.3764  0.000e+00
     18.843   71.45516 -157.59064     19.038    -1.0763    -1.0769    -1.0767    32.0105    32.0215  1025.8248    25.7330    456.956    438.333  366.45774    124.695    119.622     0.1538     0.5751     4.1929     0.4672 1.0000e-12       1984     1.3771  0.000e+00
     18.843   71.45516 -157.59064     19.038    -1.0764    -1.0773    -1.0768    32.0105    32.0225  1025.8248    25.7331    456.737    438.375  366.45864    124.635    119.633     0.1551     0.5824     4.1917     0.4684 1.0000e-12       1985     1.3778  0.000e+00
     18.904   71.45516 -157.59064     19.100    -1.0755    -1.0777    -1.0759    32.0102    32.0232  1025.8248    25.7327    456.933    438.637  366.45075    124.692    119.704     0.1538     0.5751     4.1929     0.4672 1.0000e-12       1986     1.3785  0.000e+00
     18.873   71.45516 -157.59064     19.069    -1.0738    -1.0782    -1.0742    32.0088    32.0236  1025.8235    25.7316    457.078    438.687  366.43831    124.735    119.716     0.1538     0.5751     4.1917     0.4684 1.0000e-12       1987     1.3792  0.000e+00
     18.842   71.45516 -157.59064     19.038    -1.0732    -1.0779    -1.0736    32.0084    32.0246  1025.8230    25.7313    457.040    438.744  366.43328    124.727    119.734     0.1514     0.5604     4.1917     0.4684 1.0000e-12       1988     1.3799  0.000e+00
     18.842   71.45516 -157.59064     19.038    -1.0741    -1.0750    -1.0745    32.0093    32.0238  1025.8237    25.7320    457.244    438.758  366.43981    124.780    119.746     0.1526     0.5678     4.1929     0.4672 1.0000e-12       1989     1.3806  0.000e+00
     18.927   71.45516 -157.59064     19.123    -1.0744    -1.0714    -1.0748    32.0096    32.0216  1025.8244    25.7322    457.460    438.827  366.44239    124.838    119.774     0.1514     0.5604     4.1917     0.4684 1.0000e-12       1990     1.3813  0.000e+00
     18.904   71.45516 -157.59064     19.100    -1.0744    -1.0710    -1.0748    32.0089    32.0213  1025.8237    25.7317    457.681    438.887  366.44431    124.898    119.792     0.1526     0.5678     4.1929     0.4672 1.0000e-12       1991     1.3819  0.000e+00
     18.904   71.45516 -157.59064     19.100    -1.0735    -1.0695    -1.0739    32.0079    32.0199  1025.8229    25.7309    457.906    438.958  366.43814    124.961    119.815     0.1538     0.5751     4.1929     0.4672 8.4714e-06       1992     1.3826  0.000e+00
