EcoFOCI/data/1_SampleCollection/2023_SikuliaqDBO_CruiseData/CTD_raw_BottleFile_SKQ23-12S/proc/skq202312s_065svp.cnv
* Sea-Bird SBE 9 Data File:
* FileName = D:\CTD\SKQ202312S\SKQ202312S_065.hex
* Software Version Seasave V 7.26.7.121
* Temperature SN = 6177
* Conductivity SN = 0369
* Number of Bytes Per Scan = 41
* Number of Voltage Words = 4
* Number of Scans Averaged by the Deck Unit = 1
* NMEA Latitude = 72 05.73 N
* NMEA Longitude = 166 38.74 W
* NMEA UTC (Time) = Sep 28 2023  11:45:18
* NMEA baud rate = 4800
** Ship: R/V Sikuliaq
** Station Number: 065
** Station Name: IC0.2
** Bottom Depth: 46
** Operator: Bern
# nquan = 7
# nvalues = 5154                                  
# units = specified
# name 0 = depSM: Depth [salt water, m]
# name 1 = latitude: Latitude [deg]
# name 2 = longitude: Longitude [deg]
# name 3 = t090C: Temperature [ITS-90, deg C]
# name 4 = sal00: Salinity, Practical [PSU]
# name 5 = svCM: Sound Velocity [Chen-Millero, m/s]
# name 6 = flag:  0.000e+00
# span 0 =      2.391,     41.018                 
# span 1 =   72.09544,   72.09544                 
# span 2 = -166.64596, -166.64570                 
# span 3 =    -0.3209,     4.4067                 
# span 4 =    30.8401,    32.3823                 
# span 5 =    1444.73,    1463.61                 
# span 6 = 0.0000e+00, 0.0000e+00                 
# interval = seconds: 0.0416667
# start_time = Sep 28 2023 11:48:51 [NMEA time, first data scan]
# bad_flag = -9.990e-29
*END*
      2.445   72.09544 -166.64570     4.0736    30.8600    1461.65  0.000e+00
      2.445   72.09544 -166.64570     4.0738    30.8601    1461.65  0.000e+00
      2.506   72.09544 -166.64570     4.0741    30.8600    1461.65  0.000e+00
      2.506   72.09544 -166.64570     4.0741    30.8603    1461.65  0.000e+00
      2.506   72.09544 -166.64570     4.0743    30.8596    1461.65  0.000e+00
      2.506   72.09544 -166.64570     4.0746    30.8585    1461.65  0.000e+00
      2.560   72.09544 -166.64570     4.0741    30.8587    1461.65  0.000e+00
      2.560   72.09544 -166.64570     4.0739    30.8580    1461.65  0.000e+00
      2.614   72.09544 -166.64570     4.0735    30.8579    1461.65  0.000e+00
      2.560   72.09544 -166.64570     4.0730    30.8576    1461.64  0.000e+00
      2.676   72.09544 -166.64570     4.0720    30.8573    1461.64  0.000e+00
      2.637   72.09544 -166.64570     4.0711    30.8577    1461.64  0.000e+00
      2.676   72.09544 -166.64570     4.0703    30.8576    1461.63  0.000e+00
      2.676   72.09544 -166.64570     4.0691    30.8577    1461.63  0.000e+00
      2.676   72.09544 -166.64570     4.0681    30.8581    1461.63  0.000e+00
      2.792   72.09544 -166.64570     4.0670    30.8579    1461.62  0.000e+00
      2.730   72.09544 -166.64570     4.0660    30.8586    1461.62  0.000e+00
      2.730   72.09544 -166.64570     4.0651    30.8598    1461.62  0.000e+00
      2.730   72.09544 -166.64570     4.0646    30.8603    1461.61  0.000e+00
      2.845   72.09544 -166.64570     4.0641    30.8606    1461.61  0.000e+00
      2.730   72.09544 -166.64570     4.0638    30.8607    1461.61  0.000e+00
      2.845   72.09544 -166.64570     4.0637    30.8606    1461.61  0.000e+00
      2.792   72.09544 -166.64570     4.0635    30.8609    1461.61  0.000e+00
      2.845   72.09544 -166.64570     4.0633    30.8611    1461.61  0.000e+00
      2.845   72.09544 -166.64570     4.0634    30.8602    1461.61  0.000e+00
      2.845   72.09544 -166.64570     4.0629    30.8605    1461.61  0.000e+00
      2.845   72.09544 -166.64570     4.0624    30.8608    1461.61  0.000e+00
      2.899   72.09544 -166.64570     4.0619    30.8613    1461.61  0.000e+00
      2.845   72.09544 -166.64570     4.0618    30.8612    1461.61  0.000e+00
      2.845   72.09544 -166.64570     4.0613    30.8616    1461.60  0.000e+00
      2.899   72.09544 -166.64570     4.0610    30.8615    1461.60  0.000e+00
      2.869   72.09544 -166.64570     4.0610    30.8616    1461.60  0.000e+00
      2.845   72.09544 -166.64570     4.0605    30.8619    1461.60  0.000e+00
      2.899   72.09544 -166.64570     4.0603    30.8622    1461.60  0.000e+00
      2.845   72.09544 -166.64570     4.0599    30.8621    1461.60  0.000e+00
      2.899   72.09544 -166.64570     4.0593    30.8627    1461.60  0.000e+00
      2.845   72.09544 -166.64570     4.0589    30.8632    1461.60  0.000e+00
      2.899   72.09544 -166.64570     4.0585    30.8639    1461.60  0.000e+00
      2.845   72.09544 -166.64570     4.0588    30.8635    1461.60  0.000e+00
      2.899   72.09544 -166.64570     4.0591    30.8630    1461.60  0.000e+00
      2.845   72.09544 -166.64570     4.0593    30.8630    1461.60  0.000e+00
      2.845   72.09544 -166.64570     4.0596    30.8627    1461.60  0.000e+00
      2.845   72.09544 -166.64570     4.0593    30.8625    1461.60  0.000e+00
      2.845   72.09544 -166.64570     4.0583    30.8634    1461.59  0.000e+00
      2.845   72.09544 -166.64570     4.0581    30.8635    1461.59  0.000e+00
      2.792   72.09544 -166.64570     4.0575    30.8639    1461.59  0.000e+00
      2.792   72.09544 -166.64570     4.0569    30.8641    1461.59  0.000e+00
      2.845   72.09544 -166.64570     4.0572    30.8641    1461.59  0.000e+00
      2.792   72.09544 -166.64570     4.0567    30.8648    1461.59  0.000e+00
      2.792   72.09544 -166.64570     4.0574    30.8649    1461.59  0.000e+00
      2.792   72.09544 -166.64570     4.0577    30.8648    1461.59  0.000e+00
      2.792   72.09544 -166.64570     4.0579    30.8646    1461.59  0.000e+00
      2.753   72.09544 -166.64570     4.0583    30.8645    1461.59  0.000e+00
      2.730   72.09544 -166.64570     4.0589    30.8643    1461.60  0.000e+00
      2.730   72.09544 -166.64570     4.0596    30.8634    1461.60  0.000e+00
      2.730   72.09544 -166.64570     4.0596    30.8626    1461.60  0.000e+00
      2.730   72.09544 -166.64570     4.0594    30.8619    1461.59  0.000e+00
      2.676   72.09544 -166.64570     4.0583    30.8622    1461.59  0.000e+00
      2.676   72.09544 -166.64570     4.0574    30.8635    1461.59  0.000e+00
      2.676   72.09544 -166.64570     4.0574    30.8644    1461.59  0.000e+00
      2.676   72.09544 -166.64570     4.0577    30.8655    1461.59  0.000e+00
      2.676   72.09544 -166.64570     4.0594    30.8658    1461.60  0.000e+00
      2.614   72.09544 -166.64570     4.0608    30.8653    1461.60  0.000e+00
      2.676   72.09544 -166.64570     4.0624    30.8643    1461.61  0.000e+00
      2.560   72.09544 -166.64570     4.0632    30.8632    1461.61  0.000e+00
      2.676   72.09544 -166.64570     4.0636    30.8630    1461.61  0.000e+00
      2.614   72.09544 -166.64570     4.0640    30.8640    1461.61  0.000e+00
      2.560   72.09544 -166.64570     4.0659    30.8646    1461.62  0.000e+00
      2.560   72.09544 -166.64570     4.0681    30.8651    1461.63  0.000e+00
      2.614   72.09544 -166.64570     4.0706    30.8640    1461.64  0.000e+00
      2.560   72.09544 -166.64570     4.0730    30.8627    1461.65  0.000e+00
      2.583   72.09544 -166.64570     4.0746    30.8617    1461.66  0.000e+00
      2.560   72.09544 -166.64570     4.0761    30.8610    1461.66  0.000e+00
      2.560   72.09544 -166.64570     4.0773    30.8607    1461.67  0.000e+00
      2.506   72.09544 -166.64570     4.0785    30.8593    1461.67  0.000e+00
      2.614   72.09544 -166.64570     4.0790    30.8591    1461.67  0.000e+00
      2.506   72.09544 -166.64570     4.0801    30.8582    1461.67  0.000e+00
      2.560   72.09544 -166.64570     4.0804    30.8579    1461.68  0.000e+00
      2.560   72.09544 -166.64570     4.0807    30.8578    1461.68  0.000e+00
      2.560   72.09544 -166.64570     4.0810    30.8573    1461.68  0.000e+00
      2.506   72.09544 -166.64570     4.0810    30.8573    1461.68  0.000e+00
      2.560   72.09544 -166.64570     4.0810    30.8573    1461.68  0.000e+00
      2.560   72.09544 -166.64570     4.0811    30.8573    1461.68  0.000e+00
      2.560   72.09544 -166.64570     4.0812    30.8574    1461.68  0.000e+00
      2.560   72.09544 -166.64570     4.0810    30.8580    1461.68  0.000e+00
      2.506   72.09544 -166.64570     4.0814    30.8579    1461.68  0.000e+00
      2.614   72.09544 -166.64570     4.0814    30.8579    1461.68  0.000e+00
      2.560   72.09544 -166.64570     4.0817    30.8577    1461.68  0.000e+00
      2.560   72.09544 -166.64570     4.0820    30.8567    1461.68  0.000e+00
      2.583   72.09544 -166.64570     4.0819    30.8558    1461.68  0.000e+00
      2.560   72.09544 -166.64570     4.0810    30.8552    1461.67  0.000e+00
      2.614   72.09544 -166.64570     4.0803    30.8556    1461.67  0.000e+00
      2.560   72.09544 -166.64570     4.0795    30.8561    1461.67  0.000e+00
      2.614   72.09544 -166.64570     4.0795    30.8563    1461.67  0.000e+00
      2.614   72.09544 -166.64570     4.0793    30.8557    1461.67  0.000e+00
      2.614   72.09544 -166.64570     4.0788    30.8548    1461.67  0.000e+00
      2.614   72.09544 -166.64570     4.0773    30.8543    1461.66  0.000e+00
      2.614   72.09544 -166.64570     4.0752    30.8556    1461.65  0.000e+00
      2.614   72.09544 -166.64570     4.0733    30.8570    1461.65  0.000e+00
      2.614   72.09544 -166.64570     4.0720    30.8573    1461.64  0.000e+00
      2.614   72.09544 -166.64570     4.0705    30.8574    1461.63  0.000e+00
      2.614   72.09544 -166.64570     4.0688    30.8589    1461.63  0.000e+00
      2.676   72.09544 -166.64570     4.0676    30.8599    1461.63  0.000e+00
      2.676   72.09544 -166.64570     4.0664    30.8608    1461.62  0.000e+00
      2.614   72.09544 -166.64570     4.0659    30.8610    1461.62  0.000e+00
      2.676   72.09544 -166.64570     4.0651    30.8613    1461.62  0.000e+00
      2.676   72.09544 -166.64570     4.0650    30.8612    1461.62  0.000e+00
      2.614   72.09544 -166.64570     4.0646    30.8618    1461.61  0.000e+00
      2.637   72.09544 -166.64570     4.0637    30.8621    1461.61  0.000e+00
      2.676   72.09544 -166.64570     4.0632    30.8630    1461.61  0.000e+00
      2.676   72.09544 -166.64570     4.0632    30.8628    1461.61  0.000e+00
      2.676   72.09544 -166.64570     4.0639    30.8634    1461.61  0.000e+00
      2.676   72.09544 -166.64570     4.0646    30.8628    1461.62  0.000e+00
      2.614   72.09544 -166.64570     4.0654    30.8622    1461.62  0.000e+00
      2.676   72.09544 -166.64570     4.0664    30.8613    1461.62  0.000e+00
      2.676   72.09544 -166.64570     4.0668    30.8616    1461.62  0.000e+00
      2.614   72.09544 -166.64570     4.0674    30.8618    1461.63  0.000e+00
      2.614   72.09544 -166.64570     4.0683    30.8621    1461.63  0.000e+00
      2.676   72.09544 -166.64570     4.0689    30.8624    1461.63  0.000e+00
      2.614   72.09544 -166.64570     4.0700    30.8611    1461.64  0.000e+00
      2.676   72.09544 -166.64570     4.0703    30.8608    1461.64  0.000e+00
      2.614   72.09544 -166.64570     4.0705    30.8600    1461.64  0.000e+00
      2.614   72.09544 -166.64570     4.0704    30.8601    1461.64  0.000e+00
      2.676   72.09544 -166.64570     4.0703    30.8609    1461.64  0.000e+00
      2.560   72.09544 -166.64570     4.0706    30.8611    1461.64  0.000e+00
      2.614   72.09544 -166.64570     4.0709    30.8616    1461.64  0.000e+00
      2.614   72.09544 -166.64570     4.0714    30.8614    1461.64  0.000e+00
      2.583   72.09544 -166.64570     4.0722    30.8609    1461.64  0.000e+00
      2.614   72.09544 -166.64570     4.0727    30.8602    1461.65  0.000e+00
      2.614   72.09544 -166.64570     4.0731    30.8602    1461.65  0.000e+00
      2.560   72.09544 -166.64570     4.0735    30.8598    1461.65  0.000e+00
      2.560   72.09544 -166.64570     4.0738    30.8603    1461.65  0.000e+00
      2.560   72.09544 -166.64570     4.0744    30.8607    1461.65  0.000e+00
      2.560   72.09544 -166.64570     4.0750    30.8599    1461.66  0.000e+00
      2.560   72.09544 -166.64570     4.0754    30.8596    1461.66  0.000e+00
      2.506   72.09544 -166.64570     4.0755    30.8592    1461.66  0.000e+00
      2.560   72.09544 -166.64570     4.0757    30.8593    1461.66  0.000e+00
      2.506   72.09544 -166.64570     4.0758    30.8593    1461.66  0.000e+00
      2.560   72.09544 -166.64570     4.0763    30.8582    1461.66  0.000e+00
      2.506   72.09544 -166.64570     4.0761    30.8584    1461.66  0.000e+00
      2.506   72.09544 -166.64570     4.0765    30.8586    1461.66  0.000e+00
      2.506   72.09544 -166.64570     4.0766    30.8593    1461.66  0.000e+00
      2.506   72.09544 -166.64570     4.0769    30.8587    1461.66  0.000e+00
      2.445   72.09544 -166.64570     4.0769    30.8592    1461.66  0.000e+00
      2.506   72.09544 -166.64570     4.0771    30.8588    1461.66  0.000e+00
      2.468   72.09544 -166.64570     4.0774    30.8587    1461.66  0.000e+00
      2.445   72.09544 -166.64570     4.0774    30.8585    1461.66  0.000e+00
      2.445   72.09544 -166.64570     4.0777    30.8585    1461.66  0.000e+00
      2.391   72.09544 -166.64570     4.0779    30.8585    1461.66  0.000e+00
      2.445   72.09544 -166.64570     4.0782    30.8583    1461.66  0.000e+00
      2.445   72.09544 -166.64570     4.0782    30.8587    1461.66  0.000e+00
      2.445   72.09544 -166.64570     4.0784    30.8583    1461.67  0.000e+00
      2.391   72.09544 -166.64570     4.0785    30.8581    1461.66  0.000e+00
      2.445   72.09544 -166.64570     4.0787    30.8578    1461.67  0.000e+00
      2.391   72.09544 -166.64570     4.0785    30.8577    1461.66  0.000e+00
      2.391   72.09544 -166.64570     4.0782    30.8573    1461.66  0.000e+00
      2.391   72.09544 -166.64570     4.0776    30.8564    1461.66  0.000e+00
      2.445   72.09544 -166.64570     4.0763    30.8565    1461.65  0.000e+00
      2.391   72.09544 -166.64570     4.0749    30.8565    1461.65  0.000e+00
      2.391   72.09544 -166.64570     4.0738    30.8568    1461.64  0.000e+00
      2.391   72.09544 -166.64570     4.0727    30.8558    1461.64  0.000e+00
      2.391   72.09544 -166.64570     4.0709    30.8548    1461.63  0.000e+00
      2.391   72.09544 -166.64570     4.0686    30.8558    1461.62  0.000e+00
      2.406   72.09544 -166.64570     4.0666    30.8579    1461.61  0.000e+00
      2.445   72.09544 -166.64570     4.0656    30.8591    1461.61  0.000e+00
      2.391   72.09544 -166.64570     4.0646    30.8599    1461.61  0.000e+00
      2.445   72.09544 -166.64570     4.0643    30.8607    1461.61  0.000e+00
      2.391   72.09544 -166.64570     4.0641    30.8614    1461.61  0.000e+00
      2.445   72.09544 -166.64570     4.0641    30.8620    1461.61  0.000e+00
      2.445   72.09544 -166.64570     4.0646    30.8618    1461.61  0.000e+00
      2.506   72.09544 -166.64570     4.0645    30.8610    1461.61  0.000e+00
      2.445   72.09544 -166.64570     4.0645    30.8607    1461.61  0.000e+00
      2.506   72.09544 -166.64570     4.0641    30.8604    1461.61  0.000e+00
      2.506   72.09544 -166.64570     4.0634    30.8608    1461.61  0.000e+00
      2.506   72.09544 -166.64570     4.0630    30.8616    1461.61  0.000e+00
      2.560   72.09544 -166.64570     4.0629    30.8629    1461.61  0.000e+00
      2.506   72.09544 -166.64570     4.0634    30.8630    1461.61  0.000e+00
      2.614   72.09544 -166.64570     4.0640    30.8620    1461.61  0.000e+00
      2.560   72.09544 -166.64570     4.0646    30.8615    1461.61  0.000e+00
      2.614   72.09544 -166.64570     4.0651    30.8601    1461.61  0.000e+00
      2.522   72.09544 -166.64570     4.0649    30.8594    1461.61  0.000e+00
      2.730   72.09544 -166.64570     4.0646    30.8594    1461.61  0.000e+00
      2.676   72.09544 -166.64570     4.0643    30.8598    1461.61  0.000e+00
      2.676   72.09544 -166.64570     4.0639    30.8599    1461.61  0.000e+00
      2.730   72.09544 -166.64570     4.0637    30.8596    1461.61  0.000e+00
      2.676   72.09544 -166.64570     4.0630    30.8601    1461.61  0.000e+00
      2.792   72.09544 -166.64570     4.0626    30.8603    1461.61  0.000e+00
      2.730   72.09544 -166.64570     4.0624    30.8606    1461.61  0.000e+00
      2.792   72.09544 -166.64570     4.0621    30.8614    1461.61  0.000e+00
      2.792   72.09544 -166.64570     4.0624    30.8616    1461.61  0.000e+00
      2.792   72.09544 -166.64570     4.0626    30.8618    1461.61  0.000e+00
      2.792   72.09544 -166.64570     4.0629    30.8615    1461.61  0.000e+00
      2.845   72.09544 -166.64570     4.0633    30.8617    1461.61  0.000e+00
      2.845   72.09544 -166.64570     4.0637    30.8615    1461.61  0.000e+00
      2.845   72.09544 -166.64570     4.0641    30.8613    1461.62  0.000e+00
      2.845   72.09544 -166.64570     4.0649    30.8615    1461.62  0.000e+00
      2.899   72.09544 -166.64570     4.0654    30.8617    1461.62  0.000e+00
      2.845   72.09544 -166.64570     4.0660    30.8617    1461.62  0.000e+00
      2.899   72.09544 -166.64570     4.0670    30.8604    1461.63  0.000e+00
      2.899   72.09544 -166.64570     4.0675    30.8601    1461.63  0.000e+00
      2.899   72.09544 -166.64570     4.0676    30.8592    1461.63  0.000e+00
      2.923   72.09544 -166.64570     4.0676    30.8589    1461.63  0.000e+00
      2.899   72.09544 -166.64570     4.0673    30.8584    1461.63  0.000e+00
      2.961   72.09544 -166.64570     4.0669    30.8581    1461.63  0.000e+00
      2.899   72.09544 -166.64570     4.0667    30.8580    1461.62  0.000e+00
