EcoFOCI/data/1_SampleCollection/2023_SikuliaqDBO_CruiseData/CTD_raw_BottleFile_SKQ23-12S/proc/skq202312s_009.ros
* Sea-Bird SBE 9 Data File:
* FileName = D:\CTD\SKQ202312S\SKQ202312S_009.hex
* Software Version Seasave V 7.26.7.121
* Temperature SN = 6177
* Conductivity SN = 0369
* Number of Bytes Per Scan = 41
* Number of Voltage Words = 4
* Number of Scans Averaged by the Deck Unit = 1
* NMEA Latitude = 63 01.70 N
* NMEA Longitude = 173 27.64 W
* NMEA UTC (Time) = Sep 16 2023  10:53:46
* NMEA baud rate = 4800
** Ship: R/V Sikuliaq
** Station Number: 009
** Station Name: DBO1.8
** Bottom Depth: 71
** Operator: SD
# nquan = 22
# nvalues = 1029                                  
# units = specified
# name 0 = depSM: Depth [salt water, m]
# name 1 = latitude: Latitude [deg]
# name 2 = longitude: Longitude [deg]
# name 3 = prDM: Pressure, Digiquartz [db]
# name 4 = t090C: Temperature [ITS-90, deg C]
# name 5 = t190C: Temperature, 2 [ITS-90, deg C]
# name 6 = potemp090C: Potential Temperature [ITS-90, deg C]
# name 7 = sal00: Salinity, Practical [PSU]
# name 8 = sal11: Salinity, Practical, 2 [PSU]
# name 9 = density00: Density [density, kg/m^3]
# name 10 = sigma-é00: Density [sigma-theta, kg/m^3]
# name 11 = sbox0Mm/Kg: Oxygen, SBE 43 [umol/kg]
# name 12 = sbox1Mm/Kg: Oxygen, SBE 43, 2 [umol/kg]
# name 13 = oxsolMm/Kg: Oxygen Saturation, Garcia & Gordon [umol/kg]
# name 14 = sbeox0PS: Oxygen, SBE 43 [% saturation]
# name 15 = v0: Voltage 0
# name 16 = flECO-AFL: Fluorescence, WET Labs ECO-AFL/FL [mg/m^3]
# name 17 = CStarAt0: Beam Attenuation, WET Labs C-Star [1/m]
# name 18 = par: PAR/Irradiance, Biospherical/Licor
# name 19 = scan: Scan Count
# name 20 = nbf: Bottles Fired
# name 21 = flag:  0.000e+00
# interval = seconds: 0.0416667
# start_time = Sep 16 2023 10:56:36 [NMEA time, first data scan]
# bad_flag = -9.990e-29
*END*
[from data line 791]
     10.356   63.02840 -173.46060     10.457     7.3387     7.3388     7.3378    31.3852    31.3918  1024.5757    24.5277    293.270    278.374  299.02519     98.075     0.1587     0.6044     0.5771 1.0000e-12      27899         17  0.000e+00
     10.240   63.02840 -173.46060     10.340     7.3387     7.3387     7.3378    31.3855    31.3921  1024.5754    24.5279    293.249    278.391  299.02459     98.069     0.1587     0.6044     0.5783 1.0000e-12      27900         17  0.000e+00
     10.294   63.02840 -173.46060     10.395     7.3388     7.3384     7.3379    31.3853    31.3927  1024.5755    24.5278    293.261    278.402  299.02391     98.073     0.1600     0.6117     0.5771 1.0000e-12      27901         17  0.000e+00
     10.240   63.02840 -173.46060     10.340     7.3392     7.3384     7.3383    31.3850    31.3926  1024.5750    24.5275    293.432    278.430  299.02217     98.130     0.1587     0.6044     0.5771 6.7730e-04      27902         17  0.000e+00
     10.294   63.02840 -173.46060     10.395     7.3388     7.3386     7.3379    31.3853    31.3928  1024.5755    24.5278    293.256    278.447  299.02391     98.071     0.1587     0.6044     0.5771 4.4238e-03      27903         17  0.000e+00
     10.271   63.02840 -173.46060     10.371     7.3390     7.3386     7.3381    31.3852    31.3922  1024.5753    24.5277    293.427    278.469  299.02317     98.129     0.1587     0.6044     0.5771 6.1655e-03      27904         17  0.000e+00
     10.240   63.02840 -173.46060     10.340     7.3388     7.3388     7.3379    31.3851    31.3921  1024.5751    24.5276    293.273    278.510  299.02435     98.077     0.1587     0.6044     0.5771 6.5167e-03      27905         17  0.000e+00
     10.294   63.02840 -173.46060     10.395     7.3390     7.3387     7.3381    31.3848    31.3920  1024.5751    24.5274    293.285    278.714  299.02360     98.081     0.1600     0.6117     0.5783 9.0035e-03      27906         17  0.000e+00
     10.240   63.02840 -173.46060     10.340     7.3385     7.3386     7.3376    31.3847    31.3923  1024.5748    24.5273    293.299    278.763  299.02726     98.084     0.1587     0.6044     0.5771 1.0447e-02      27907         17  0.000e+00
     10.240   63.02840 -173.46060     10.340     7.3380     7.3387     7.3371    31.3846    31.3924  1024.5748    24.5273    293.289    278.815  299.03106     98.080     0.1600     0.6117     0.5771 6.5167e-03      27908         17  0.000e+00
     10.240   63.02840 -173.46060     10.340     7.3380     7.3386     7.3371    31.3844    31.3922  1024.5746    24.5272    293.276    278.874  299.03138     98.075     0.1587     0.6044     0.5783 6.7730e-04      27909         17  0.000e+00
     10.294   63.02840 -173.46060     10.395     7.3377     7.3386     7.3368    31.3841    31.3920  1024.5747    24.5269    293.456    278.937  299.03419     98.135     0.1600     0.6117     0.5771 1.0000e-12      27910         17  0.000e+00
     10.209   63.02840 -173.46060     10.309     7.3376     7.3388     7.3367    31.3844    31.3919  1024.5746    24.5272    293.464    278.997  299.03442     98.137     0.1587     0.6044     0.5771 1.0000e-12      27911         17  0.000e+00
     10.294   63.02840 -173.46060     10.395     7.3376     7.3387     7.3367    31.3843    31.3926  1024.5749    24.5271    293.314    279.067  299.03467     98.087     0.1600     0.6117     0.5783 1.0000e-12      27912         17  0.000e+00
     10.178   63.02840 -173.46060     10.278     7.3371     7.3392     7.3362    31.3850    31.3925  1024.5749    24.5277    293.297    279.113  299.03665     98.081     0.1587     0.6044     0.5783 1.0000e-12      27913         17  0.000e+00
     10.240   63.02840 -173.46060     10.340     7.3372     7.3389     7.3363    31.3849    31.3930  1024.5751    24.5276    293.284    279.173  299.03582     98.076     0.1600     0.6117     0.5771 1.0000e-12      27914         17  0.000e+00
     10.240   63.02840 -173.46060     10.340     7.3375     7.3391     7.3366    31.3844    31.3924  1024.5747    24.5272    293.294    279.233  299.03486     98.080     0.1587     0.6044     0.5783 1.0000e-12      27915         17  0.000e+00
     10.240   63.02840 -173.46060     10.340     7.3376     7.3392     7.3367    31.3845    31.3921  1024.5748    24.5273    293.280    279.465  299.03429     98.076     0.1600     0.6117     0.5771 1.0000e-12      27916         17  0.000e+00
     10.240   63.02840 -173.46060     10.340     7.3372     7.3392     7.3363    31.3847    31.3923  1024.5749    24.5275    293.268    279.375  299.03631     98.071     0.1587     0.6044     0.5783 7.5765e-03      27917         17  0.000e+00
     10.209   63.02840 -173.46060     10.309     7.3372     7.3394     7.3363    31.3850    31.3923  1024.5751    24.5278    293.468    279.422  299.03547     98.138     0.1600     0.6117     0.5759 1.6764e-02      27918         17  0.000e+00
     10.240   63.02840 -173.46060     10.340     7.3374     7.3394     7.3365    31.3850    31.3922  1024.5752    24.5277    293.696    279.647  299.03453     98.215     0.1587     0.6044     0.5759 1.9067e-02      27919         17  0.000e+00
     10.179   63.02840 -173.46060     10.278     7.3379     7.3389     7.3370    31.3850    31.3924  1024.5749    24.5277    293.537    279.699  299.03107     98.163     0.1600     0.6117     0.5759 1.6384e-02      27920         17  0.000e+00
     10.240   63.02840 -173.46060     10.340     7.3379     7.3389     7.3370    31.3855    31.3919  1024.5755    24.5280    293.358    279.756  299.03000     98.103     0.1600     0.6117     0.5759 1.3012e-02      27921         17  0.000e+00
     10.240   63.02840 -173.46060     10.340     7.3379     7.3384     7.3370    31.3854    31.3919  1024.5755    24.5280    293.343    279.813  299.03016     98.098     0.1600     0.6117     0.5759 1.1540e-02      27922         17  0.000e+00
     10.240   63.02840 -173.46060     10.340     7.3379     7.3382     7.3370    31.3850    31.3921  1024.5751    24.5276    293.354    280.040  299.03122     98.102     0.1600     0.6117     0.5759 3.3905e-03      27923         17  0.000e+00
     10.179   63.02840 -173.46060     10.278     7.3379     7.3379     7.3370    31.3851    31.3920  1024.5749    24.5277    293.363    280.111  299.03099     98.105     0.1587     0.6044     0.5759 1.0000e-12      27924         17  0.000e+00
     10.210   63.02840 -173.46060     10.309     7.3382     7.3376     7.3373    31.3844    31.3918  1024.5745    24.5271    293.350    279.997  299.03006     98.100     0.1600     0.6117     0.5759 1.0000e-12      27925         17  0.000e+00
     10.179   63.02840 -173.46060     10.278     7.3380     7.3376     7.3371    31.3844    31.3918  1024.5744    24.5272    293.552    280.033  299.03132     98.168     0.1587     0.6044     0.5759 1.0000e-12      27926         17  0.000e+00
     10.240   63.02840 -173.46060     10.341     7.3379     7.3379     7.3370    31.3850    31.3919  1024.5751    24.5276    293.376    280.071  299.03114     98.109     0.1600     0.6117     0.5759 1.0000e-12      27927         17  0.000e+00
     10.179   63.02840 -173.46060     10.278     7.3382     7.3383     7.3373    31.3852    31.3924  1024.5750    24.5278    293.357    280.102  299.02824     98.104     0.1587     0.6044     0.5759 1.0000e-12      27928         17  0.000e+00
     10.179   63.02840 -173.46060     10.278     7.3387     7.3386     7.3378    31.3856    31.3930  1024.5752    24.5280    293.528    280.119  299.02436     98.162     0.1600     0.6117     0.5759 1.0000e-12      27929         17  0.000e+00
     10.179   63.02840 -173.46060     10.278     7.3392     7.3392     7.3383    31.3855    31.3927  1024.5751    24.5279    293.535    280.306  299.02105     98.165     0.1587     0.6044     0.5759 1.0000e-12      27930         17  0.000e+00
     10.179   63.02840 -173.46060     10.278     7.3392     7.3392     7.3383    31.3858    31.3929  1024.5753    24.5281    293.544    280.340  299.02048     98.169     0.1600     0.6117     0.5759 8.4714e-06      27931         17  0.000e+00
     10.210   63.02840 -173.46060     10.310     7.3395     7.3395     7.3386    31.3854    31.3927  1024.5751    24.5277    293.390    280.201  299.01939     98.117     0.1587     0.6044     0.5759 3.4241e-04      27932         17  0.000e+00
     10.125   63.02840 -173.46060     10.224     7.3393     7.3395     7.3384    31.3853    31.3928  1024.5746    24.5277    293.372    280.214  299.02060     98.111     0.1587     0.6044     0.5759 3.4241e-04      27933         17  0.000e+00
     10.241   63.02840 -173.46060     10.341     7.3393     7.3397     7.3384    31.3852    31.3922  1024.5751    24.5276    293.361    280.404  299.02087     98.107     0.1587     0.6044     0.5759 8.4714e-06      27934         17  0.000e+00
     10.179   63.02840 -173.46060     10.278     7.3388     7.3390     7.3379    31.3859    31.3922  1024.5754    24.5282    293.345    280.437  299.02274     98.101     0.1587     0.6044     0.5759 1.0000e-12      27935         17  0.000e+00
     10.179   63.02840 -173.46060     10.278     7.3390     7.3384     7.3381    31.3856    31.3916  1024.5752    24.5279    293.382    280.283  299.02234     98.114     0.1600     0.6117     0.5759 1.0000e-12      27936         17  0.000e+00
     10.125   63.02840 -173.46060     10.224     7.3393     7.3376     7.3384    31.3854    31.3918  1024.5747    24.5278    293.553    280.451  299.02027     98.172     0.1600     0.6117     0.5759 1.0000e-12      27937         17  0.000e+00
     10.179   63.02840 -173.46060     10.279     7.3398     7.3373     7.3389    31.3852    31.3913  1024.5748    24.5275    293.373    280.482  299.01734     98.112     0.1600     0.6117     0.5759 1.0000e-12      27938         17  0.000e+00
     10.179   63.02840 -173.46060     10.279     7.3395     7.3366     7.3386    31.3856    31.3913  1024.5751    24.5279    293.360    280.664  299.01887     98.107     0.1587     0.6044     0.5759 1.0000e-12      27939         17  0.000e+00
     10.210   63.02840 -173.46060     10.310     7.3398     7.3366     7.3389    31.3853    31.3910  1024.5749    24.5276    293.371    280.516  299.01721     98.112     0.1600     0.6117     0.5759 1.0000e-12      27940         17  0.000e+00
      1.102   63.02840 -173.46058      1.113     7.3873     7.3893     7.3872    31.3133    31.3216  1024.4696    24.4645    291.536    277.973  298.85098     97.552     0.1722     0.6850     0.6144 2.8892e-01      31510         18  0.000e+00
      1.102   63.02840 -173.46058      1.113     7.3873     7.3893     7.3872    31.3137    31.3218  1024.4699    24.4648    291.891    277.967  298.85017     97.671     0.1734     0.6923     0.6144 3.1859e-01      31511         18  0.000e+00
      1.040   63.02840 -173.46058      1.051     7.3873     7.3895     7.3872    31.3137    31.3213  1024.4697    24.4648    292.292    277.960  298.85011     97.806     0.1722     0.6850     0.6144 3.8599e-01      31512         18  0.000e+00
      1.040   63.02840 -173.46058      1.051     7.3873     7.3893     7.3872    31.3133    31.3215  1024.4694    24.4646    291.611    277.958  298.85092     97.577     0.1734     0.6923     0.6144 4.1070e-01      31513         18  0.000e+00
      1.102   63.02840 -173.46058      1.113     7.3875     7.3895     7.3874    31.3135    31.3215  1024.4698    24.4647    291.583    278.129  298.84952     97.569     0.1722     0.6850     0.6144 4.1368e-01      31514         18  0.000e+00
      1.040   63.02840 -173.46058      1.051     7.3875     7.3895     7.3874    31.3136    31.3212  1024.4695    24.4647    291.605    278.143  298.84938     97.576     0.1734     0.6923     0.6144 4.2579e-01      31515         18  0.000e+00
      1.040   63.02840 -173.46058      1.051     7.3875     7.3895     7.3874    31.3130    31.3214  1024.4691    24.4643    291.606    278.159  298.85060     97.576     0.1722     0.6850     0.6168 4.3040e-01      31516         18  0.000e+00
      1.041   63.02840 -173.46058      1.051     7.3875     7.3895     7.3874    31.3134    31.3217  1024.4694    24.4645    291.769    278.175  298.84987     97.631     0.1722     0.6850     0.6180 4.4131e-01      31517         18  0.000e+00
      1.041   63.02840 -173.46058      1.051     7.3875     7.3895     7.3874    31.3132    31.3216  1024.4693    24.4644    291.957    278.194  298.85019     97.693     0.1722     0.6850     0.6180 5.2582e-01      31518         18  0.000e+00
      1.041   63.02840 -173.46058      1.051     7.3875     7.3893     7.3874    31.3132    31.3214  1024.4693    24.4644    291.602    278.213  298.85019     97.575     0.1722     0.6850     0.6180 5.7469e-01      31519         18  0.000e+00
      1.041   63.02840 -173.46058      1.051     7.3872     7.3895     7.3871    31.3139    31.3216  1024.4698    24.4650    291.574    278.060  298.85083     97.565     0.1734     0.6923     0.6180 5.6694e-01      31520         18  0.000e+00
      1.041   63.02840 -173.46058      1.051     7.3873     7.3893     7.3872    31.3134    31.3214  1024.4694    24.4646    291.545    278.066  298.85084     97.555     0.1722     0.6850     0.6168 3.7339e-01      31521         18  0.000e+00
      1.041   63.02840 -173.46058      1.051     7.3873     7.3895     7.3872    31.3127    31.3209  1024.4689    24.4641    291.896    278.054  298.85229     97.672     0.1734     0.6923     0.6180 2.9006e-01      31522         18  0.000e+00
      1.041   63.02840 -173.46058      1.051     7.3872     7.3891     7.3871    31.3110    31.3216  1024.4675    24.4627    291.921    278.061  298.85715     97.679     0.1722     0.6850     0.6168 2.8210e-01      31523         18  0.000e+00
      1.041   63.02840 -173.46058      1.051     7.3872     7.3890     7.3871    31.3031    31.3221  1024.4614    24.4565    291.631    278.069  298.87432     97.576     0.1734     0.6923     0.6168 4.7536e-01      31524         18  0.000e+00
      1.002   63.02840 -173.46058      1.012     7.3872     7.3893     7.3871    31.2784    31.3214  1024.4417    24.4371    291.678    278.075  298.92844     97.574     0.1722     0.6850     0.6180 6.8609e-01      31525         18  0.000e+00
      1.041   63.02840 -173.46058      1.051     7.3873     7.3892     7.3872    31.2524    31.3214  1024.4215    24.4166    291.704    278.071  298.98434     97.565     0.1734     0.6923     0.6180 7.2548e-01      31526         18  0.000e+00
      0.987   63.02840 -173.46060      0.996     7.3870     7.3893     7.3869    31.2289    31.3216  1024.4028    24.3982    291.914    278.062  299.03777     97.618     0.1722     0.6850     0.6180 6.9519e-01      31527         18  0.000e+00
      1.041   63.02840 -173.46060      1.051     7.3872     7.3893     7.3871    31.2508    31.3216  1024.4203    24.4155    292.051    278.058  298.98871     97.680     0.1722     0.6850     0.6168 6.7041e-01      31528         18  0.000e+00
      0.987   63.02840 -173.46060      0.996     7.3872     7.3893     7.3871    31.2648    31.3216  1024.4310    24.4264    291.660    277.880  298.95814     97.559     0.1722     0.6850     0.6180 6.6378e-01      31529         18  0.000e+00
      1.041   63.02840 -173.46060      1.051     7.3870     7.3895     7.3869    31.2673    31.3212  1024.4332    24.4284    291.625    278.033  298.95374     97.548     0.1734     0.6923     0.6180 6.9519e-01      31530         18  0.000e+00
      0.987   63.02840 -173.46060      0.996     7.3870     7.3895     7.3869    31.2678    31.3214  1024.4334    24.4288    291.589    278.028  298.95263     97.537     0.1722     0.6850     0.6180 7.3984e-01      31531         18  0.000e+00
