EcoFOCI/data/1_SampleCollection/2023_SikuliaqDBO_CruiseData/CTD_raw_BottleFile_SKQ23-12S/proc/skq202312s_046.ros
* Sea-Bird SBE 9 Data File:
* FileName = D:\CTD\SKQ202312S\SKQ202312S_046.hex
* Software Version Seasave V 7.26.7.121
* Temperature SN = 6177
* Conductivity SN = 0369
* Number of Bytes Per Scan = 41
* Number of Voltage Words = 4
* Number of Scans Averaged by the Deck Unit = 1
* NMEA Latitude = 71 35.89 N
* NMEA Longitude = 161 32.21 W
* NMEA UTC (Time) = Sep 24 2023  19:47:51
* NMEA baud rate = 4800
** Ship: R/V Sikuliaq
** Station Number: 046
** Station Name: CEO2
** Bottom Depth: 46
** Operator: SD
# nquan = 22
# nvalues = 392                                   
# units = specified
# name 0 = depSM: Depth [salt water, m]
# name 1 = latitude: Latitude [deg]
# name 2 = longitude: Longitude [deg]
# name 3 = prDM: Pressure, Digiquartz [db]
# name 4 = t090C: Temperature [ITS-90, deg C]
# name 5 = t190C: Temperature, 2 [ITS-90, deg C]
# name 6 = potemp090C: Potential Temperature [ITS-90, deg C]
# name 7 = sal00: Salinity, Practical [PSU]
# name 8 = sal11: Salinity, Practical, 2 [PSU]
# name 9 = density00: Density [density, kg/m^3]
# name 10 = sigma-é00: Density [sigma-theta, kg/m^3]
# name 11 = sbox0Mm/Kg: Oxygen, SBE 43 [umol/kg]
# name 12 = sbox1Mm/Kg: Oxygen, SBE 43, 2 [umol/kg]
# name 13 = oxsolMm/Kg: Oxygen Saturation, Garcia & Gordon [umol/kg]
# name 14 = sbeox0PS: Oxygen, SBE 43 [% saturation]
# name 15 = v0: Voltage 0
# name 16 = flECO-AFL: Fluorescence, WET Labs ECO-AFL/FL [mg/m^3]
# name 17 = CStarAt0: Beam Attenuation, WET Labs C-Star [1/m]
# name 18 = par: PAR/Irradiance, Biospherical/Licor
# name 19 = scan: Scan Count
# name 20 = nbf: Bottles Fired
# name 21 = flag:  0.000e+00
# interval = seconds: 0.0416667
# start_time = Sep 24 2023 19:50:48 [NMEA time, first data scan]
# bad_flag = -9.990e-29
*END*
[from data line 198]
     21.944   71.59796 -161.53750     22.171    -1.0338    -0.9178    -1.0343    32.2294    32.2652  1026.0159    25.9091    285.869    315.541  365.41163     78.232     0.1221     0.3846     0.5615 1.4363e+01      16100          5  0.000e+00
     21.944   71.59796 -161.53750     22.171    -1.0584    -0.9289    -1.0589    32.2532    32.2758  1026.0360    25.9292    286.324    315.787  365.58389     78.320     0.1233     0.3919     0.5603 1.4363e+01      16101          5  0.000e+00
     21.967   71.59796 -161.53750     22.195    -1.0848    -0.9365    -1.0853    32.2798    32.2832  1026.0584    25.9515    286.580    316.009  365.76536     78.351     0.1221     0.3846     0.5615 1.4363e+01      16102          5  0.000e+00
     21.890   71.59796 -161.53750     22.117    -1.1164    -0.9428    -1.1168    32.3115    32.2890  1026.0848    25.9782    286.864    316.189  365.98326     78.382     0.1221     0.3846     0.5615 1.4363e+01      16103          5  0.000e+00
     21.967   71.59796 -161.53750     22.195    -1.1462    -0.9478    -1.1467    32.3408    32.2938  1026.1098    26.0028    287.140    316.338  366.19114     78.413     0.1233     0.3919     0.5615 1.4322e+01      16104          5  0.000e+00
     21.944   71.59796 -161.53750     22.171    -1.1709    -0.9515    -1.1713    32.3636    32.2980  1026.1288    26.0220    287.377    316.700  366.36785     78.439     0.1221     0.3846     0.5603 1.4322e+01      16105          5  0.000e+00
     21.944   71.59796 -161.53750     22.171    -1.1840    -0.9524    -1.1845    32.3750    32.2988  1026.1385    26.0317    287.532    316.821  366.46413     78.461     0.1233     0.3919     0.5615 1.4322e+01      16106          5  0.000e+00
     21.967   71.59796 -161.53750     22.195    -1.1848    -0.9521    -1.1853    32.3751    32.2987  1026.1387    26.0317    287.854    316.938  366.47189     78.547     0.1221     0.3846     0.5603 1.4322e+01      16107          5  0.000e+00
     21.944   71.59796 -161.53750     22.172    -1.1811    -0.9517    -1.1815    32.3720    32.2983  1026.1360    26.0291    287.925    317.058  366.44355     78.573     0.1233     0.3919     0.5603 1.4282e+01      16108          5  0.000e+00
     21.905   71.59796 -161.53750     22.133    -1.1755    -0.9528    -1.1760    32.3664    32.2988  1026.1311    26.0244    287.980    317.392  366.40514     78.596     0.1221     0.3846     0.5615 1.4282e+01      16109          5  0.000e+00
     21.944   71.59796 -161.53750     22.172    -1.1715    -0.9593    -1.1720    32.3622    32.3047  1026.1278    26.0209    288.043    317.586  366.37786     78.619     0.1233     0.3919     0.5591 1.4282e+01      16110          5  0.000e+00
     21.998   71.59796 -161.53750     22.226    -1.1704    -0.9722    -1.1709    32.3611    32.3178  1026.1271    26.0200    288.119    317.808  366.37041     78.642     0.1221     0.3846     0.5579 1.4282e+01      16111          5  0.000e+00
     21.905   71.59796 -161.53750     22.133    -1.1713    -0.9790    -1.1718    32.3618    32.3239  1026.1272    26.0205    288.453    317.950  366.37750     78.731     0.1209     0.3773     0.5579 1.4282e+01      16112          5  0.000e+00
     21.944   71.59796 -161.53750     22.172    -1.1744    -0.9740    -1.1749    32.3641    32.3169  1026.1294    26.0225    288.594    318.237  366.40125     78.764     0.1197     0.3699     0.5591 1.4282e+01      16113          5  0.000e+00
     21.998   71.59796 -161.53750     22.226    -1.1790    -0.9682    -1.1795    32.3682    32.3092  1026.1331    26.0260    288.737    318.332  366.43427     78.796     0.1184     0.3626     0.5579 1.4241e+01      16114          5  0.000e+00
     21.906   71.59796 -161.53750     22.133    -1.1864    -0.9701    -1.1869    32.3768    32.3102  1026.1398    26.0332    288.881    318.489  366.48214     78.825     0.1197     0.3699     0.5579 1.4241e+01      16115          5  0.000e+00
     21.998   71.59796 -161.53750     22.226    -1.1945    -0.9684    -1.1949    32.3861    32.3077  1026.1481    26.0410    289.030    318.379  366.53459     78.855     0.1184     0.3626     0.5591 1.4241e+01      16116          5  0.000e+00
     21.967   71.59796 -161.53750     22.195    -1.2014    -0.9547    -1.2019    32.3940    32.2925  1026.1546    26.0476    289.158    318.565  366.57990     78.880     0.1197     0.3699     0.5579 1.4201e+01      16117          5  0.000e+00
     21.944   71.59796 -161.53750     22.172    -1.2080    -0.9356    -1.2085    32.4030    32.2713  1026.1619    26.0550    289.274    318.525  366.61885     78.903     0.1184     0.3626     0.5579 1.4201e+01      16118          5  0.000e+00
     21.998   71.59796 -161.53750     22.226    -1.2176    -0.9289    -1.2181    32.4163    32.2619  1026.1733    26.0661    289.657    318.571  366.67496     78.996     0.1197     0.3699     0.5579 1.4201e+01      16119          5  0.000e+00
     21.967   71.59796 -161.53750     22.195    -1.2253    -0.9406    -1.2258    32.4279    32.2707  1026.1827    26.0757    289.757    318.776  366.71725     79.014     0.1184     0.3626     0.5591 1.4201e+01      16120          5  0.000e+00
     21.944   71.59796 -161.53750     22.172    -1.2261    -0.9505    -1.2265    32.4343    32.2778  1026.1878    26.0809    289.842    319.171  366.70601     79.039     0.1197     0.3699     0.5579 1.4201e+01      16121          5  0.000e+00
     21.967   71.59796 -161.53750     22.195    -1.2230    -0.9575    -1.2235    32.4373    32.2806  1026.1902    26.0832    289.893    319.334  366.66752     79.062     0.1184     0.3626     0.5579 1.4201e+01      16122          5  0.000e+00
     21.998   71.59796 -161.53750     22.227    -1.2211    -0.9611    -1.2215    32.4391    32.2814  1026.1918    26.0847    290.201    319.702  366.64302     79.151     0.1184     0.3626     0.5579 1.4201e+01      16123          5  0.000e+00
     21.998   71.59796 -161.53750     22.227    -1.2149    -0.9670    -1.2153    32.4334    32.2870  1026.1870    26.0799    290.267    319.644  366.59858     79.179     0.1197     0.3699     0.5579 1.4201e+01      16124          5  0.000e+00
     21.968   71.59796 -161.53750     22.195    -1.2015    -0.9723    -1.2020    32.4173    32.2947  1026.1734    26.0664    290.278    319.970  366.51389     79.200     0.1184     0.3626     0.5591 1.4201e+01      16125          5  0.000e+00
     21.998   71.59796 -161.53750     22.227    -1.1896    -0.9752    -1.1901    32.4012    32.3005  1026.1602    26.0530    290.292    320.097  366.44324     79.219     0.1197     0.3699     0.5579 1.4201e+01      16126          5  0.000e+00
     21.998   71.59796 -161.53750     22.227    -1.1813    -0.9804    -1.1818    32.3896    32.3087  1026.1505    26.0434    290.316    320.220  366.39513     79.236     0.1184     0.3626     0.5579 1.4201e+01      16127          5  0.000e+00
     21.968   71.59796 -161.53750     22.196    -1.1721    -0.9899    -1.1725    32.3784    32.3215  1026.1410    26.0341    290.317    320.391  366.33676     79.249     0.1197     0.3699     0.5579 1.4241e+01      16128          5  0.000e+00
     21.998   71.59796 -161.53750     22.227    -1.1675    -0.9946    -1.1680    32.3717    32.3208  1026.1356    26.0285    290.341    320.560  366.31118     79.261     0.1184     0.3626     0.5579 1.4201e+01      16129          5  0.000e+00
     21.968   71.59796 -161.53750     22.196    -1.1727    -0.9878    -1.1732    32.3751    32.2965  1026.1384    26.0314    290.673    320.646  366.35244     79.342     0.1197     0.3699     0.5567 1.4201e+01      16130          5  0.000e+00
     21.999   71.59796 -161.53750     22.227    -1.1828    -0.9793    -1.1833    32.3833    32.3046  1026.1455    26.0383    290.821    320.651  366.42842     79.366     0.1184     0.3626     0.5532 1.4201e+01      16131          5  0.000e+00
     21.999   71.59796 -161.53750     22.227    -1.1891    -0.9795    -1.1896    32.3862    32.3106  1026.1480    26.0409    290.931    320.737  366.48199     79.385     0.1184     0.3626     0.5520 1.4201e+01      16132          5  0.000e+00
     22.022   71.59796 -161.53750     22.250    -1.1891    -0.9808    -1.1896    32.3803    32.3094  1026.1434    26.0361    290.990    320.839  366.49893     79.397     0.1197     0.3699     0.5532 1.4241e+01      16133          5  0.000e+00
     21.999   71.59796 -161.53750     22.227    -1.1847    -0.9846    -1.1851    32.3683    32.3112  1026.1334    26.0262    291.260    321.168  366.48978     79.473     0.1184     0.3626     0.5532 1.4201e+01      16134          5  0.000e+00
     21.891   71.59796 -161.53750     22.118    -1.1890    -0.9895    -1.1894    32.3664    32.3153  1026.1314    26.0248    291.362    321.319  366.53750     79.490     0.1197     0.3699     0.5532 1.4201e+01      16135          5  0.000e+00
     22.083   71.59796 -161.53750     22.313    -1.2147    -1.0021    -1.2152    32.3878    32.3268  1026.1505    26.0429    291.606    321.533  366.72864     79.516     0.1184     0.3626     0.5532 1.4201e+01      16136          5  0.000e+00
     22.060   71.59796 -161.53750     22.289    -1.2512    -1.0173    -1.2516    32.4221    32.3390  1026.1792    26.0717    291.897    321.780  366.98847     79.539     0.1294     0.4286     0.5532 1.4201e+01      16137          5  0.000e+00
     21.968   71.59796 -161.53750     22.196    -1.2822    -1.0233    -1.2827    32.4531    32.3410  1026.2048    26.0978    292.127    321.937  367.20460     79.554     0.1758     0.7069     0.5532 1.4241e+01      16138          5  0.000e+00
     21.999   71.59796 -161.53750     22.227    -1.3000    -1.0359    -1.3004    32.4716    32.3494  1026.2205    26.1133    292.505    322.173  367.32587     79.631     0.1978     0.8388     0.5532 1.4201e+01      16139          5  0.000e+00
     22.060   71.59796 -161.53750     22.289    -1.3050    -1.0430    -1.3054    32.4781    32.3521  1026.2262    26.1187    292.619    322.384  367.35693     79.655     0.1978     0.8388     0.5520 1.4201e+01      16140          5  0.000e+00
     21.968   71.59796 -161.53750     22.196    -1.3055    -1.0471    -1.3059    32.4804    32.3514  1026.2276    26.1205    292.677    322.553  367.35501     79.671     0.1954     0.8242     0.5532 1.4201e+01      16141          5  0.000e+00
     22.061   71.59796 -161.53750     22.289    -1.3114    -1.0591    -1.3119    32.4889    32.3583  1026.2351    26.1276    293.020    322.785  367.38906     79.757     0.1966     0.8315     0.5532 1.4241e+01      16142          5  0.000e+00
     21.968   71.59796 -161.53750     22.196    -1.3226    -1.0689    -1.3230    32.5028    32.3626  1026.2462    26.1392    293.165    322.980  367.45888     79.782     0.1954     0.8242     0.5532 1.4241e+01      16143          5  0.000e+00
     22.061   71.59796 -161.53750     22.289    -1.3325    -1.0698    -1.3330    32.5163    32.3583  1026.2579    26.1504    293.290    323.097  367.51783     79.803     0.1966     0.8315     0.5532 1.4241e+01      16144          5  0.000e+00
     21.999   71.59796 -161.53750     22.227    -1.3398    -1.0655    -1.3402    32.5279    32.3494  1026.2673    26.1600    293.576    322.927  367.55615     79.872     0.1954     0.8242     0.5532 1.4201e+01      16145          5  0.000e+00
     22.022   71.59796 -161.53750     22.251    -1.3444    -1.0675    -1.3448    32.5380    32.3496  1026.2757    26.1683    293.407    323.022  367.57238     79.823     0.1954     0.8242     0.5532 1.4201e+01      16146          5  0.000e+00
     20.067   71.59796 -161.53750     20.275    -0.1382    -0.1018    -0.1388    31.7231    31.7183  1025.5645    25.4673    418.220    401.665  358.25290    116.739     0.3748     1.9011     0.6023 2.6090e+01      18229          6  0.000e+00
     20.052   71.59796 -161.53750     20.260    -0.1395    -0.1079    -0.1400    31.7246    31.7247  1025.5657    25.4686    418.014    401.711  358.26037    116.679     0.3736     1.8938     0.6023 2.6090e+01      18230          6  0.000e+00
     20.160   71.59796 -161.53750     20.369    -0.1407    -0.1074    -0.1413    31.7264    31.7236  1025.5677    25.4701    418.002    401.702  358.26711    116.673     0.3675     1.8571     0.6023 2.6090e+01      18231          6  0.000e+00
     20.067   71.59796 -161.53750     20.275    -0.1419    -0.1055    -0.1425    31.7276    31.7217  1025.5683    25.4711    418.261    401.446  358.27527    116.743     0.3382     1.6813     0.6023 2.5943e+01      18232          6  0.000e+00
     20.052   71.59796 -161.53750     20.260    -0.1436    -0.1032    -0.1442    31.7295    31.7194  1025.5699    25.4728    418.067    401.407  358.28579    116.685     0.3272     1.6154     0.5951 2.5943e+01      18233          6  0.000e+00
     20.106   71.59796 -161.53750     20.314    -0.1447    -0.1003    -0.1453    31.7311    31.7164  1025.5715    25.4741    418.060    401.585  358.29145    116.681     0.3260     1.6080     0.5915 2.5943e+01      18234          6  0.000e+00
     20.067   71.59796 -161.53750     20.275    -0.1442    -0.0986    -0.1448    31.7308    31.7148  1025.5710    25.4738    418.268    401.574  358.28762    116.741     0.3284     1.6227     0.5915 2.5870e+01      18235          6  0.000e+00
     20.052   71.59796 -161.53750     20.260    -0.1416    -0.0981    -0.1422    31.7281    31.7145  1025.5686    25.4715    418.244    401.545  358.27071    116.740     0.3272     1.6154     0.5927 2.5797e+01      18236          6  0.000e+00
     20.106   71.59796 -161.53750     20.314    -0.1385    -0.0980    -0.1391    31.7248    31.7143  1025.5661    25.4688    418.207    401.549  358.25062    116.736     0.3284     1.6227     0.5927 2.5870e+01      18237          6  0.000e+00
     20.067   71.59796 -161.53750     20.275    -0.1370    -0.0981    -0.1376    31.7226    31.7147  1025.5641    25.4669    418.414    401.765  358.24251    116.796     0.3297     1.6300     0.5927 2.5652e+01      18238          6  0.000e+00
     20.052   71.59796 -161.53750     20.260    -0.1372    -0.0990    -0.1377    31.7224    31.7155  1025.5638    25.4667    418.222    401.798  358.24475    116.742     0.3284     1.6227     0.5927 2.5652e+01      18239          6  0.000e+00
     20.106   71.59796 -161.53750     20.314    -0.1378    -0.0989    -0.1384    31.7223    31.7150  1025.5640    25.4667    418.183    401.387  358.25084    116.729     0.3297     1.6300     0.5915 2.5580e+01      18240          6  0.000e+00
     20.013   71.59796 -161.53750     20.221    -0.1391    -0.0987    -0.1397    31.7235    31.7150  1025.5647    25.4677    418.374    401.560  358.26008    116.780     0.3284     1.6227     0.5927 2.5580e+01      18241          6  0.000e+00
     20.106   71.59796 -161.53750     20.314    -0.1404    -0.0987    -0.1409    31.7244    31.7151  1025.5658    25.4684    418.406    401.555  358.26947    116.785     0.3297     1.6300     0.5927 2.5436e+01      18242          6  0.000e+00
     20.052   71.59796 -161.53750     20.260    -0.1432    -0.0984    -0.1438    31.7270    31.7148  1025.5678    25.4707    418.431    401.754  358.28878    116.786     0.3272     1.6154     0.5927 2.5436e+01      18243          6  0.000e+00
     20.067   71.59796 -161.53750     20.276    -0.1442    -0.0979    -0.1448    31.7277    31.7143  1025.5685    25.4713    418.429    401.544  358.29622    116.783     0.3284     1.6227     0.5915 2.5436e+01      18244          6  0.000e+00
     20.052   71.59796 -161.53750     20.260    -0.1430    -0.0964    -0.1436    31.7262    31.7132  1025.5672    25.4700    418.392    401.509  358.28931    116.775     0.3284     1.6227     0.5927 2.5292e+01      18245          6  0.000e+00
     20.106   71.59796 -161.53750     20.315    -0.1413    -0.0952    -0.1419    31.7248    31.7118  1025.5662    25.4688    418.339    401.480  358.27734    116.764     0.3284     1.6227     0.5927 2.5292e+01      18246          6  0.000e+00
