EcoFOCI/data/1_SampleCollection/2023_SikuliaqDBO_CruiseData/CTD_raw_BottleFile_SKQ23-12S/proc/skq202312s_046.cnv
* Sea-Bird SBE 9 Data File:
* FileName = D:\CTD\SKQ202312S\SKQ202312S_046.hex
* Software Version Seasave V 7.26.7.121
* Temperature SN = 6177
* Conductivity SN = 0369
* Number of Bytes Per Scan = 41
* Number of Voltage Words = 4
* Number of Scans Averaged by the Deck Unit = 1
* NMEA Latitude = 71 35.89 N
* NMEA Longitude = 161 32.21 W
* NMEA UTC (Time) = Sep 24 2023  19:47:51
* NMEA baud rate = 4800
** Ship: R/V Sikuliaq
** Station Number: 046
** Station Name: CEO2
** Bottom Depth: 46
** Operator: SD
# nquan = 24
# nvalues = 4389                                  
# units = specified
# name 0 = depSM: Depth [salt water, m]
# name 1 = latitude: Latitude [deg]
# name 2 = longitude: Longitude [deg]
# name 3 = prDM: Pressure, Digiquartz [db]
# name 4 = t090C: Temperature [ITS-90, deg C]
# name 5 = t190C: Temperature, 2 [ITS-90, deg C]
# name 6 = potemp090C: Potential Temperature [ITS-90, deg C]
# name 7 = sal00: Salinity, Practical [PSU]
# name 8 = sal11: Salinity, Practical, 2 [PSU]
# name 9 = density00: Density [density, kg/m^3]
# name 10 = sigma-é00: Density [sigma-theta, kg/m^3]
# name 11 = sbox0Mm/Kg: Oxygen, SBE 43 [umol/kg]
# name 12 = sbox1Mm/Kg: Oxygen, SBE 43, 2 [umol/kg]
# name 13 = oxsolMm/Kg: Oxygen Saturation, Garcia & Gordon [umol/kg]
# name 14 = sbeox0PS: Oxygen, SBE 43 [% saturation]
# name 15 = sbeox1PS: Oxygen, SBE 43, 2 [% saturation]
# name 16 = v0: Voltage 0
# name 17 = flECO-AFL: Fluorescence, WET Labs ECO-AFL/FL [mg/m^3]
# name 18 = v1: Voltage 1
# name 19 = CStarAt0: Beam Attenuation, WET Labs C-Star [1/m]
# name 20 = par: PAR/Irradiance, Biospherical/Licor
# name 21 = scan: Scan Count
# name 22 = timeM: Time, Elapsed [minutes]
# name 23 = flag:  0.000e+00
# span 0 =      1.531,     41.132                 
# span 1 =   71.59802,   71.59810                 
# span 2 = -161.53712, -161.53668                 
# span 3 =      1.547,     41.560                 
# span 4 =    -1.5417,     2.3014                 
# span 5 =    -1.5413,     2.3059                 
# span 6 =    -1.5425,     2.3010                 
# span 7 =    27.0013,    32.5559                 
# span 8 =    27.0110,    32.5680                 
# span 9 =  1021.5735,  1026.3877                 
# span 10 =    21.5658,    26.1876                
# span 11 =    257.345,    423.623                
# span 12 =    243.983,    402.951                
# span 13 =  344.94343,  369.48760                
# span 14 =     69.655,    118.580                
# span 15 =     66.040,    112.646                
# span 16 =     0.0855,     0.5055                
# span 17 =     0.1648,     2.6850                
# span 18 =     2.6300,     4.2259                
# span 19 =     0.4359,     2.3335                
# span 20 = 3.0290e-01, 1.4068e+02                
# span 21 =          1,       4389                
# span 22 =     0.0000,     3.0472                
# span 23 = 0.0000e+00, 0.0000e+00                
# interval = seconds: 0.0416667
# start_time = Sep 24 2023 19:50:48 [NMEA time, first data scan]
# bad_flag = -9.990e-29
*END*
[from data line 3382]
     36.778   71.59804 -161.53700     37.161    -1.5298    -1.5289    -1.5305    32.5528    32.5647  1026.3646    26.1852    261.275    246.343  369.36897     70.736     66.701     0.1001     0.2527     2.7607     2.1395 1.4090e+00       3383     2.3486  0.000e+00
     36.778   71.59804 -161.53700     37.161    -1.5300    -1.5292    -1.5306    32.5527    32.5646  1026.3645    26.1851    261.059    246.383  369.37051     70.677     66.711     0.0989     0.2454     2.7595     2.1412 1.4090e+00       3384     2.3493  0.000e+00
     36.824   71.59804 -161.53700     37.208    -1.5298    -1.5297    -1.5305    32.5528    32.5644  1026.3648    26.1851    261.055    246.167  369.36918     70.676     66.652     0.0989     0.2454     2.7607     2.1395 1.4005e+00       3385     2.3500  0.000e+00
     36.832   71.59804 -161.53700     37.216    -1.5300    -1.5301    -1.5306    32.5532    32.5644  1026.3651    26.1854    261.056    246.380  369.36922     70.676     66.709     0.0989     0.2454     2.7595     2.1412 1.3962e+00       3386     2.3507  0.000e+00
     36.832   71.59804 -161.53700     37.216    -1.5298    -1.5307    -1.5305    32.5531    32.5644  1026.3651    26.1854    261.110    246.399  369.36819     70.691     66.713     0.0989     0.2454     2.7607     2.1395 1.3962e+00       3387     2.3514  0.000e+00
     36.824   71.59804 -161.53700     37.208    -1.5300    -1.5309    -1.5306    32.5530    32.5645  1026.3650    26.1853    261.380    246.418  369.36959     70.764     66.717     0.0989     0.2454     2.7595     2.1412 1.3919e+00       3388     2.3521  0.000e+00
     36.832   71.59804 -161.53700     37.216    -1.5301    -1.5307    -1.5308    32.5529    32.5646  1026.3649    26.1852    260.927    246.207  369.37178     70.641     66.661     0.0989     0.2454     2.7595     2.1412 1.3835e+00       3389     2.3528  0.000e+00
     36.894   71.59804 -161.53700     37.278    -1.5303    -1.5306    -1.5310    32.5523    32.5648  1026.3648    26.1848    260.900    246.429  369.37507     70.633     66.721     0.0989     0.2454     2.7607     2.1395 1.3835e+00       3390     2.3535  0.000e+00
     36.832   71.59804 -161.53700     37.216    -1.5303    -1.5304    -1.5310    32.5522    32.5649  1026.3643    26.1846    260.874    246.452  369.37559     70.626     66.728     0.0989     0.2454     2.7607     2.1395 1.3751e+00       3391     2.3542  0.000e+00
     36.886   71.59804 -161.53700     37.270    -1.5308    -1.5304    -1.5314    32.5526    32.5650  1026.3650    26.1850    261.119    246.483  369.37880     70.691     66.736     0.1001     0.2527     2.7595     2.1412 1.3667e+00       3392     2.3549  0.000e+00
     36.894   71.59804 -161.53700     37.278    -1.5306    -1.5304    -1.5313    32.5524    32.5651  1026.3649    26.1849    261.153    246.516  369.37765     70.701     66.745     0.0989     0.2454     2.7595     2.1412 1.3667e+00       3393     2.3556  0.000e+00
     36.894   71.59804 -161.53700     37.278    -1.5308    -1.5301    -1.5314    32.5528    32.5646  1026.3652    26.1852    260.934    246.515  369.37819     70.641     66.745     0.0989     0.2454     2.7607     2.1395 1.3625e+00       3394     2.3563  0.000e+00
     36.940   71.59804 -161.53700     37.325    -1.5309    -1.5301    -1.5316    32.5533    32.5647  1026.3658    26.1856    261.191    246.290  369.37805     70.711     66.684     0.0989     0.2454     2.7595     2.1412 1.3542e+00       3395     2.3569  0.000e+00
     36.894   71.59804 -161.53702     37.278    -1.5308    -1.5300    -1.5314    32.5532    32.5650  1026.3655    26.1855    260.979    246.260  369.37718     70.654     66.677     0.0989     0.2454     2.7607     2.1395 1.3501e+00       3396     2.3576  0.000e+00
     36.948   71.59804 -161.53702     37.333    -1.5311    -1.5300    -1.5317    32.5537    32.5648  1026.3662    26.1859    260.988    246.238  369.37860     70.656     66.671     0.0989     0.2454     2.7607     2.1395 1.3501e+00       3397     2.3583  0.000e+00
     36.940   71.59804 -161.53702     37.325    -1.5309    -1.5298    -1.5316    32.5535    32.5646  1026.3660    26.1857    261.207    246.216  369.37806     70.715     66.665     0.0989     0.2454     2.7595     2.1412 1.3459e+00       3398     2.3590  0.000e+00
     36.948   71.59804 -161.53702     37.333    -1.5309    -1.5300    -1.5316    32.5524    32.5651  1026.3651    26.1849    260.963    246.427  369.38058     70.649     66.722     0.0977     0.2381     2.7582     2.1430 1.3459e+00       3399     2.3597  0.000e+00
     36.948   71.59804 -161.53702     37.333    -1.5311    -1.5300    -1.5317    32.5523    32.5649  1026.3650    26.1848    260.931    246.442  369.38263     70.640     66.726     0.0989     0.2454     2.7582     2.1430 1.3459e+00       3400     2.3604  0.000e+00
     36.948   71.59804 -161.53702     37.333    -1.5315    -1.5301    -1.5322    32.5522    32.5649  1026.3650    26.1847    260.906    246.459  369.38751     70.632     66.730     0.1001     0.2527     2.7582     2.1430 1.3418e+00       3401     2.3611  0.000e+00
     37.056   71.59804 -161.53702     37.442    -1.5319    -1.5302    -1.5325    32.5525    32.5648  1026.3657    26.1849    260.939    246.481  369.39017     70.641     66.736     0.0989     0.2454     2.7582     2.1430 1.3418e+00       3402     2.3618  0.000e+00
     36.948   71.59804 -161.53702     37.333    -1.5321    -1.5298    -1.5328    32.5527    32.5640  1026.3654    26.1851    260.919    246.265  369.39243     70.635     66.678     0.1001     0.2527     2.7582     2.1430 1.3377e+00       3403     2.3625  0.000e+00
     37.010   71.59804 -161.53702     37.395    -1.5321    -1.5304    -1.5328    32.5524    32.5651  1026.3655    26.1849    260.907    246.259  369.39317     70.631     66.676     0.0977     0.2381     2.7582     2.1430 1.3174e+00       3404     2.3632  0.000e+00
     37.056   71.59804 -161.53702     37.442    -1.5324    -1.5302    -1.5331    32.5526    32.5643  1026.3659    26.1851    260.900    246.253  369.39545     70.629     66.674     0.0965     0.2308     2.7582     2.1430 1.3134e+00       3405     2.3639  0.000e+00
     37.010   71.59804 -161.53702     37.395    -1.5324    -1.5304    -1.5331    32.5529    32.5650  1026.3659    26.1853    261.151    246.246  369.39461     70.697     66.672     0.0952     0.2234     2.7582     2.1430 1.3094e+00       3406     2.3646  0.000e+00
     37.010   71.59804 -161.53702     37.395    -1.5324    -1.5305    -1.5331    32.5531    32.5651  1026.3661    26.1855    260.937    246.244  369.39399     70.639     66.671     0.0952     0.2234     2.7582     2.1430 1.3094e+00       3407     2.3653  0.000e+00
     37.064   71.59804 -161.53702     37.450    -1.5323    -1.5304    -1.5329    32.5534    32.5646  1026.3665    26.1857    260.937    246.246  369.39153     70.640     66.672     0.0952     0.2234     2.7582     2.1430 1.3053e+00       3408     2.3660  0.000e+00
     37.056   71.59804 -161.53702     37.442    -1.5323    -1.5304    -1.5329    32.5538    32.5650  1026.3668    26.1860    261.199    246.248  369.39026     70.711     66.673     0.0952     0.2234     2.7582     2.1430 1.3013e+00       3409     2.3667  0.000e+00
     37.118   71.59804 -161.53702     37.504    -1.5320    -1.5302    -1.5327    32.5537    32.5647  1026.3671    26.1859    260.996    246.254  369.38766     70.656     66.674     0.0965     0.2308     2.7582     2.1430 1.3013e+00       3410     2.3674  0.000e+00
     37.118   71.59804 -161.53702     37.504    -1.5321    -1.5302    -1.5328    32.5537    32.5647  1026.3671    26.1860    261.007    246.262  369.38934     70.659     66.677     0.0952     0.2234     2.7582     2.1430 1.3013e+00       3411     2.3681  0.000e+00
     37.056   71.59804 -161.53702     37.442    -1.5318    -1.5300    -1.5325    32.5534    32.5646  1026.3665    26.1857    261.017    246.236  369.38689     70.662     66.670     0.0952     0.2234     2.7582     2.1430 1.3013e+00       3412     2.3687  0.000e+00
     37.118   71.59804 -161.53702     37.504    -1.5317    -1.5300    -1.5324    32.5534    32.5647  1026.3668    26.1857    260.778    246.216  369.38571     70.598     66.665     0.0952     0.2234     2.7582     2.1430 1.2894e+00       3413     2.3694  0.000e+00
     37.180   71.59804 -161.53702     37.567    -1.5315    -1.5298    -1.5322    32.5530    32.5650  1026.3668    26.1854    261.014    246.230  369.38516     70.662     66.669     0.0952     0.2234     2.7582     2.1430 1.2776e+00       3414     2.3701  0.000e+00
     37.110   71.59804 -161.53702     37.497    -1.5314    -1.5295    -1.5321    32.5531    32.5648  1026.3665    26.1855    260.780    246.241  369.38362     70.599     66.672     0.0940     0.2161     2.7582     2.1430 1.2776e+00       3415     2.3708  0.000e+00
     37.180   71.59804 -161.53702     37.567    -1.5313    -1.5295    -1.5320    32.5533    32.5652  1026.3670    26.1856    261.026    246.491  369.38260     70.666     66.740     0.0952     0.2234     2.7582     2.1430 1.2698e+00       3416     2.3715  0.000e+00
     37.180   71.59804 -161.53702     37.567    -1.5313    -1.5295    -1.5320    32.5530    32.5652  1026.3667    26.1853    261.066    246.543  369.38348     70.676     66.754     0.0952     0.2234     2.7582     2.1430 1.2659e+00       3417     2.3722  0.000e+00
     37.180   71.59804 -161.53702     37.567    -1.5313    -1.5297    -1.5320    32.5530    32.5651  1026.3667    26.1853    261.110    246.598  369.38348     70.688     66.769     0.0952     0.2234     2.7582     2.1430 1.2620e+00       3418     2.3729  0.000e+00
     37.226   71.59804 -161.53702     37.614    -1.5314    -1.5293    -1.5321    32.5529    32.5646  1026.3669    26.1852    261.160    246.423  369.38446     70.701     66.722     0.0952     0.2234     2.7558     2.1466 1.2581e+00       3419     2.3736  0.000e+00
     37.234   71.59804 -161.53702     37.621    -1.5318    -1.5296    -1.5325    32.5535    32.5649  1026.3674    26.1858    260.955    246.680  369.38658     70.645     66.791     0.0952     0.2234     2.7546     2.1483 1.2465e+00       3420     2.3743  0.000e+00
     37.234   71.59804 -161.53702     37.621    -1.5315    -1.5293    -1.5322    32.5530    32.5650  1026.3670    26.1854    260.910    246.736  369.38513     70.634     66.807     0.0952     0.2234     2.7546     2.1483 1.2427e+00       3421     2.3750  0.000e+00
     37.226   71.59804 -161.53702     37.614    -1.5315    -1.5292    -1.5322    32.5529    32.5648  1026.3669    26.1853    260.870    246.762  369.38537     70.623     66.814     0.0952     0.2234     2.7534     2.1501 1.2427e+00       3422     2.3757  0.000e+00
     37.234   71.59804 -161.53702     37.621    -1.5314    -1.5290    -1.5321    32.5531    32.5647  1026.3671    26.1854    260.834    246.788  369.38385     70.613     66.821     0.0952     0.2234     2.7546     2.1483 1.2351e+00       3423     2.3764  0.000e+00
     37.295   71.59804 -161.53702     37.684    -1.5315    -1.5290    -1.5322    32.5534    32.5646  1026.3677    26.1857    260.806    246.817  369.38398     70.606     66.829     0.0952     0.2234     2.7534     2.1501 1.2351e+00       3424     2.3771  0.000e+00
     37.295   71.59804 -161.53702     37.684    -1.5313    -1.5292    -1.5320    32.5533    32.5648  1026.3676    26.1856    260.778    246.845  369.38256     70.598     66.836     0.0952     0.2234     2.7534     2.1501 1.2313e+00       3425     2.3778  0.000e+00
     37.342   71.59804 -161.53702     37.731    -1.5312    -1.5292    -1.5319    32.5536    32.5645  1026.3680    26.1859    260.755    246.874  369.38048     70.593     66.844     0.0940     0.2161     2.7546     2.1483 1.2124e+00       3426     2.3785  0.000e+00
     37.295   71.59804 -161.53702     37.684    -1.5311    -1.5296    -1.5317    32.5533    32.5643  1026.3676    26.1856    260.734    246.902  369.37960     70.587     66.851     0.0952     0.2234     2.7546     2.1483 1.2050e+00       3427     2.3792  0.000e+00
     37.349   71.59804 -161.53702     37.738    -1.5309    -1.5297    -1.5316    32.5533    32.5651  1026.3678    26.1856    260.720    246.930  369.37803     70.584     66.859     0.0965     0.2308     2.7534     2.1501 1.2050e+00       3428     2.3799  0.000e+00
     37.396   71.59804 -161.53702     37.785    -1.5308    -1.5295    -1.5315    32.5532    32.5647  1026.3679    26.1855    260.711    246.957  369.37720     70.581     66.866     0.0952     0.2234     2.7546     2.1483 1.2087e+00       3429     2.3806  0.000e+00
     37.349   71.59804 -161.53702     37.738    -1.5308    -1.5293    -1.5314    32.5532    32.5645  1026.3677    26.1855    260.703    246.982  369.37712     70.579     66.873     0.0940     0.2161     2.7546     2.1483 1.2087e+00       3430     2.3813  0.000e+00
     37.411   71.59804 -161.53702     37.801    -1.5309    -1.5295    -1.5316    32.5532    32.5647  1026.3680    26.1855    260.704    247.011  369.37891     70.579     66.881     0.0916     0.2015     2.7534     2.1501 1.2087e+00       3431     2.3819  0.000e+00
     37.349   71.59804 -161.53702     37.738    -1.5309    -1.5298    -1.5316    32.5530    32.5648  1026.3676    26.1854    260.756    247.267  369.37878     70.593     66.950     0.0916     0.2015     2.7546     2.1483 1.1939e+00       3432     2.3826  0.000e+00
     37.457   71.59804 -161.53702     37.848    -1.5309    -1.5300    -1.5316    32.5527    32.5649  1026.3679    26.1851    260.768    247.100  369.37960     70.596     66.904     0.0916     0.2015     2.7546     2.1483 1.1865e+00       3433     2.3833  0.000e+00
     37.411   71.59804 -161.53702     37.801    -1.5309    -1.5300    -1.5316    32.5532    32.5648  1026.3680    26.1855    260.778    247.091  369.37826     70.599     66.902     0.0916     0.2015     2.7546     2.1483 1.1828e+00       3434     2.3840  0.000e+00
     37.465   71.59804 -161.53702     37.855    -1.5308    -1.5300    -1.5315    32.5531    32.5645  1026.3682    26.1854    260.796    247.117  369.37733     70.604     66.909     0.0928     0.2088     2.7534     2.1501 1.1755e+00       3435     2.3847  0.000e+00
     37.396   71.59804 -161.53702     37.785    -1.5309    -1.5302    -1.5316    32.5533    32.5649  1026.3680    26.1856    260.815    247.141  369.37799     70.609     66.915     0.0916     0.2015     2.7546     2.1483 1.1647e+00       3436     2.3854  0.000e+00
     37.519   71.59804 -161.53702     37.910    -1.5308    -1.5300    -1.5315    32.5527    32.5644  1026.3682    26.1851    260.896    247.168  369.37856     70.631     66.922     0.0928     0.2088     2.7534     2.1501 1.1647e+00       3437     2.3861  0.000e+00
     37.465   71.59804 -161.53702     37.855    -1.5312    -1.5301    -1.5319    32.5531    32.5649  1026.3682    26.1854    260.876    247.157  369.38208     70.625     66.919     0.0904     0.1941     2.7534     2.1501 1.1611e+00       3438     2.3868  0.000e+00
     37.519   71.59804 -161.53702     37.910    -1.5314    -1.5300    -1.5321    32.5530    32.5646  1026.3684    26.1854    260.861    246.951  369.38398     70.621     66.864     0.0916     0.2015     2.7521     2.1519 1.1503e+00       3439     2.3875  0.000e+00
     37.512   71.59804 -161.53702     37.902    -1.5312    -1.5301    -1.5319    32.5530    32.5648  1026.3683    26.1853    260.843    247.173  369.38242     70.616     66.923     0.0916     0.2015     2.7473     2.1590 1.1503e+00       3440     2.3882  0.000e+00
     37.519   71.59804 -161.53702     37.910    -1.5313    -1.5298    -1.5320    32.5529    32.5649  1026.3683    26.1853    260.623    247.195  369.38372     70.556     66.930     0.0916     0.2015     2.7460     2.1608 1.1467e+00       3441     2.3889  0.000e+00
