EcoFOCI/data/1_SampleCollection/2023_SikuliaqDBO_CruiseData/CTD_raw_BottleFile_SKQ23-12S/proc/skq202312s_024svp.cnv
* Sea-Bird SBE 9 Data File:
* FileName = D:\CTD\SKQ202312S\SKQ202312S_024.hex
* Software Version Seasave V 7.26.7.121
* Temperature SN = 6177
* Conductivity SN = 0369
* Number of Bytes Per Scan = 41
* Number of Voltage Words = 4
* Number of Scans Averaged by the Deck Unit = 1
* NMEA Latitude = 71 12.47 N
* NMEA Longitude = 158 00.01 W
* NMEA UTC (Time) = Sep 20 2023  13:29:26
* NMEA baud rate = 4800
** Ship: R/V Sikuliaq
** Station Number: 024
** Station Name: C5
** Bottom Depth: 49
** Operator: SD
** C5 Mooring Site pre-deployment
# nquan = 7
# nvalues = 4307                                  
# units = specified
# name 0 = depSM: Depth [salt water, m]
# name 1 = latitude: Latitude [deg]
# name 2 = longitude: Longitude [deg]
# name 3 = t090C: Temperature [ITS-90, deg C]
# name 4 = sal00: Salinity, Practical [PSU]
# name 5 = svCM: Sound Velocity [Chen-Millero, m/s]
# name 6 = flag:  0.000e+00
# span 0 =      2.333,     43.192                 
# span 1 =   71.20792,   71.20792                 
# span 2 = -157.99980, -157.99978                 
# span 3 =     0.8896,     4.9502                 
# span 4 =    30.0861,    32.1344                 
# span 5 =    1450.03,    1464.36                 
# span 6 = 0.0000e+00, 0.0000e+00                 
# interval = seconds: 0.0416667
# start_time = Sep 20 2023 13:33:23 [NMEA time, first data scan]
# bad_flag = -9.990e-29
*END*
[from data line 2462]
     26.900   71.20792 -157.99978     1.0646    32.1139    1450.58  0.000e+00
     26.915   71.20792 -157.99978     1.0643    32.1141    1450.58  0.000e+00
     26.969   71.20792 -157.99978     1.0632    32.1145    1450.57  0.000e+00
     26.954   71.20792 -157.99978     1.0624    32.1136    1450.57  0.000e+00
     26.969   71.20792 -157.99978     1.0613    32.1138    1450.57  0.000e+00
     27.015   71.20792 -157.99978     1.0604    32.1135    1450.56  0.000e+00
     27.031   71.20792 -157.99978     1.0590    32.1135    1450.56  0.000e+00
     27.069   71.20792 -157.99978     1.0578    32.1134    1450.55  0.000e+00
     27.085   71.20792 -157.99978     1.0568    32.1134    1450.55  0.000e+00
     27.085   71.20792 -157.99978     1.0561    32.1141    1450.54  0.000e+00
     27.131   71.20792 -157.99978     1.0551    32.1149    1450.54  0.000e+00
     27.139   71.20792 -157.99978     1.0545    32.1146    1450.54  0.000e+00
     27.185   71.20792 -157.99978     1.0542    32.1147    1450.54  0.000e+00
     27.201   71.20792 -157.99978     1.0534    32.1144    1450.53  0.000e+00
     27.239   71.20792 -157.99978     1.0530    32.1142    1450.53  0.000e+00
     27.201   71.20792 -157.99978     1.0521    32.1154    1450.53  0.000e+00
     27.255   71.20792 -157.99978     1.0516    32.1154    1450.53  0.000e+00
     27.301   71.20792 -157.99978     1.0509    32.1157    1450.53  0.000e+00
     27.316   71.20792 -157.99978     1.0506    32.1159    1450.53  0.000e+00
     27.301   71.20792 -157.99978     1.0505    32.1162    1450.53  0.000e+00
     27.370   71.20792 -157.99978     1.0507    32.1155    1450.53  0.000e+00
     27.370   71.20792 -157.99978     1.0509    32.1157    1450.53  0.000e+00
     27.355   71.20792 -157.99978     1.0512    32.1151    1450.53  0.000e+00
     27.424   71.20792 -157.99978     1.0509    32.1154    1450.53  0.000e+00
     27.416   71.20792 -157.99978     1.0511    32.1152    1450.53  0.000e+00
     27.486   71.20792 -157.99978     1.0512    32.1146    1450.53  0.000e+00
     27.532   71.20792 -157.99978     1.0513    32.1146    1450.53  0.000e+00
     27.486   71.20792 -157.99978     1.0511    32.1146    1450.53  0.000e+00
     27.540   71.20792 -157.99978     1.0510    32.1148    1450.53  0.000e+00
     27.532   71.20792 -157.99978     1.0508    32.1146    1450.53  0.000e+00
     27.540   71.20792 -157.99978     1.0505    32.1145    1450.53  0.000e+00
     27.586   71.20792 -157.99978     1.0505    32.1144    1450.53  0.000e+00
     27.602   71.20792 -157.99978     1.0502    32.1146    1450.53  0.000e+00
     27.656   71.20792 -157.99978     1.0501    32.1143    1450.53  0.000e+00
     27.640   71.20792 -157.99978     1.0493    32.1145    1450.52  0.000e+00
     27.656   71.20792 -157.99978     1.0488    32.1146    1450.52  0.000e+00
     27.702   71.20792 -157.99978     1.0485    32.1140    1450.52  0.000e+00
     27.717   71.20792 -157.99978     1.0480    32.1148    1450.52  0.000e+00
     27.717   71.20792 -157.99978     1.0480    32.1148    1450.52  0.000e+00
     27.756   71.20792 -157.99978     1.0480    32.1149    1450.52  0.000e+00
     27.771   71.20792 -157.99978     1.0480    32.1146    1450.52  0.000e+00
     27.817   71.20792 -157.99978     1.0484    32.1143    1450.52  0.000e+00
     27.825   71.20792 -157.99978     1.0484    32.1146    1450.52  0.000e+00
     27.825   71.20792 -157.99978     1.0485    32.1147    1450.52  0.000e+00
     27.871   71.20792 -157.99978     1.0486    32.1146    1450.52  0.000e+00
     27.825   71.20792 -157.99978     1.0485    32.1150    1450.52  0.000e+00
     27.933   71.20792 -157.99978     1.0486    32.1140    1450.52  0.000e+00
     27.887   71.20792 -157.99978     1.0486    32.1137    1450.52  0.000e+00
     27.941   71.20792 -157.99978     1.0485    32.1136    1450.52  0.000e+00
     27.933   71.20792 -157.99978     1.0474    32.1137    1450.52  0.000e+00
     27.941   71.20792 -157.99978     1.0466    32.1134    1450.51  0.000e+00
     27.987   71.20792 -157.99978     1.0460    32.1136    1450.51  0.000e+00
     28.003   71.20792 -157.99978     1.0454    32.1139    1450.51  0.000e+00
     27.987   71.20792 -157.99978     1.0451    32.1141    1450.51  0.000e+00
     28.003   71.20792 -157.99978     1.0451    32.1141    1450.51  0.000e+00
     28.057   71.20792 -157.99978     1.0449    32.1144    1450.51  0.000e+00
     28.103   71.20792 -157.99978     1.0453    32.1137    1450.51  0.000e+00
     28.057   71.20792 -157.99978     1.0451    32.1141    1450.51  0.000e+00
     28.103   71.20792 -157.99978     1.0448    32.1143    1450.51  0.000e+00
     28.118   71.20792 -157.99978     1.0449    32.1140    1450.51  0.000e+00
     28.118   71.20792 -157.99978     1.0451    32.1136    1450.51  0.000e+00
     28.219   71.20792 -157.99978     1.0448    32.1139    1450.51  0.000e+00
     28.118   71.20792 -157.99978     1.0447    32.1137    1450.51  0.000e+00
     28.219   71.20792 -157.99978     1.0443    32.1135    1450.51  0.000e+00
     28.226   71.20792 -157.99978     1.0443    32.1137    1450.51  0.000e+00
     28.226   71.20792 -157.99978     1.0443    32.1135    1450.51  0.000e+00
     28.219   71.20792 -157.99978     1.0442    32.1137    1450.51  0.000e+00
     28.288   71.20792 -157.99978     1.0444    32.1133    1450.51  0.000e+00
     28.219   71.20792 -157.99978     1.0447    32.1135    1450.51  0.000e+00
     28.342   71.20792 -157.99978     1.0445    32.1131    1450.51  0.000e+00
     28.342   71.20792 -157.99978     1.0444    32.1130    1450.51  0.000e+00
     28.334   71.20792 -157.99978     1.0440    32.1132    1450.51  0.000e+00
     28.342   71.20792 -157.99978     1.0432    32.1122    1450.50  0.000e+00
     28.404   71.20792 -157.99978     1.0421    32.1113    1450.50  0.000e+00
     28.388   71.20792 -157.99978     1.0406    32.1119    1450.49  0.000e+00
     28.342   71.20792 -157.99978     1.0381    32.1123    1450.48  0.000e+00
     28.442   71.20792 -157.99978     1.0342    32.1128    1450.47  0.000e+00
     28.458   71.20792 -157.99978     1.0313    32.1137    1450.45  0.000e+00
     28.458   71.20792 -157.99978     1.0284    32.1151    1450.44  0.000e+00
     28.504   71.20792 -157.99978     1.0264    32.1165    1450.44  0.000e+00
     28.458   71.20792 -157.99978     1.0256    32.1170    1450.43  0.000e+00
     28.558   71.20792 -157.99978     1.0250    32.1176    1450.43  0.000e+00
     28.519   71.20792 -157.99978     1.0250    32.1172    1450.43  0.000e+00
     28.519   71.20792 -157.99978     1.0244    32.1179    1450.43  0.000e+00
     28.558   71.20792 -157.99978     1.0245    32.1172    1450.43  0.000e+00
     28.627   71.20792 -157.99978     1.0239    32.1171    1450.43  0.000e+00
     28.620   71.20792 -157.99978     1.0233    32.1169    1450.42  0.000e+00
     28.573   71.20792 -157.99978     1.0226    32.1174    1450.42  0.000e+00
     28.627   71.20792 -157.99978     1.0221    32.1171    1450.42  0.000e+00
     28.674   71.20792 -157.99978     1.0216    32.1174    1450.42  0.000e+00
     28.689   71.20792 -157.99978     1.0208    32.1177    1450.42  0.000e+00
     28.674   71.20792 -157.99978     1.0203    32.1183    1450.41  0.000e+00
     28.689   71.20792 -157.99978     1.0200    32.1181    1450.41  0.000e+00
     28.743   71.20792 -157.99978     1.0197    32.1177    1450.41  0.000e+00
     28.735   71.20792 -157.99978     1.0194    32.1176    1450.41  0.000e+00
     28.689   71.20792 -157.99978     1.0192    32.1182    1450.41  0.000e+00
     28.805   71.20792 -157.99978     1.0191    32.1178    1450.41  0.000e+00
     28.789   71.20792 -157.99978     1.0186    32.1172    1450.41  0.000e+00
     28.805   71.20792 -157.99978     1.0177    32.1176    1450.40  0.000e+00
     28.789   71.20792 -157.99978     1.0175    32.1179    1450.40  0.000e+00
     28.859   71.20792 -157.99978     1.0173    32.1184    1450.40  0.000e+00
     28.859   71.20792 -157.99978     1.0177    32.1183    1450.41  0.000e+00
     28.843   71.20792 -157.99978     1.0181    32.1182    1450.41  0.000e+00
     28.920   71.20792 -157.99978     1.0182    32.1181    1450.41  0.000e+00
     28.843   71.20792 -157.99978     1.0185    32.1188    1450.41  0.000e+00
     28.974   71.20792 -157.99978     1.0203    32.1196    1450.42  0.000e+00
     28.859   71.20792 -157.99978     1.0233    32.1188    1450.43  0.000e+00
     28.959   71.20792 -157.99978     1.0258    32.1168    1450.44  0.000e+00
     28.974   71.20792 -157.99978     1.0275    32.1153    1450.45  0.000e+00
     28.974   71.20792 -157.99978     1.0277    32.1151    1450.45  0.000e+00
     29.021   71.20792 -157.99978     1.0279    32.1161    1450.45  0.000e+00
     28.974   71.20792 -157.99978     1.0291    32.1156    1450.46  0.000e+00
     29.021   71.20792 -157.99978     1.0295    32.1149    1450.46  0.000e+00
     29.090   71.20792 -157.99978     1.0300    32.1137    1450.46  0.000e+00
     29.090   71.20792 -157.99978     1.0290    32.1137    1450.45  0.000e+00
     29.021   71.20792 -157.99978     1.0275    32.1137    1450.45  0.000e+00
     29.090   71.20792 -157.99978     1.0246    32.1132    1450.43  0.000e+00
     29.090   71.20792 -157.99978     1.0209    32.1137    1450.42  0.000e+00
     29.136   71.20792 -157.99978     1.0176    32.1143    1450.40  0.000e+00
     29.090   71.20792 -157.99978     1.0151    32.1164    1450.39  0.000e+00
     29.136   71.20792 -157.99978     1.0149    32.1180    1450.40  0.000e+00
     29.144   71.20792 -157.99978     1.0164    32.1181    1450.40  0.000e+00
     29.144   71.20792 -157.99978     1.0174    32.1178    1450.41  0.000e+00
     29.190   71.20792 -157.99978     1.0181    32.1173    1450.41  0.000e+00
     29.144   71.20792 -157.99978     1.0180    32.1156    1450.41  0.000e+00
     29.190   71.20792 -157.99978     1.0171    32.1148    1450.40  0.000e+00
     29.206   71.20792 -157.99978     1.0150    32.1148    1450.39  0.000e+00
     29.260   71.20792 -157.99978     1.0130    32.1153    1450.39  0.000e+00
     29.190   71.20792 -157.99978     1.0114    32.1157    1450.38  0.000e+00
     29.260   71.20792 -157.99978     1.0099    32.1163    1450.37  0.000e+00
     29.260   71.20792 -157.99978     1.0091    32.1171    1450.37  0.000e+00
     29.252   71.20792 -157.99978     1.0081    32.1170    1450.37  0.000e+00
     29.260   71.20792 -157.99978     1.0069    32.1171    1450.36  0.000e+00
     29.360   71.20792 -157.99978     1.0055    32.1172    1450.36  0.000e+00
     29.260   71.20792 -157.99978     1.0045    32.1179    1450.35  0.000e+00
     29.321   71.20792 -157.99978     1.0036    32.1180    1450.35  0.000e+00
     29.360   71.20792 -157.99978     1.0027    32.1186    1450.35  0.000e+00
     29.375   71.20792 -157.99978     1.0013    32.1183    1450.34  0.000e+00
     29.375   71.20792 -157.99978     1.0001    32.1185    1450.33  0.000e+00
     29.360   71.20792 -157.99978     0.9992    32.1190    1450.33  0.000e+00
     29.375   71.20792 -157.99978     0.9987    32.1198    1450.33  0.000e+00
     29.422   71.20792 -157.99978     0.9982    32.1198    1450.33  0.000e+00
     29.429   71.20792 -157.99978     0.9983    32.1194    1450.33  0.000e+00
     29.429   71.20792 -157.99978     0.9982    32.1198    1450.33  0.000e+00
     29.476   71.20792 -157.99978     0.9978    32.1197    1450.33  0.000e+00
     29.429   71.20792 -157.99978     0.9977    32.1198    1450.33  0.000e+00
     29.491   71.20792 -157.99978     0.9977    32.1200    1450.33  0.000e+00
     29.537   71.20792 -157.99978     0.9977    32.1196    1450.33  0.000e+00
     29.545   71.20792 -157.99978     0.9980    32.1199    1450.33  0.000e+00
     29.491   71.20792 -157.99978     0.9975    32.1201    1450.33  0.000e+00
     29.591   71.20792 -157.99978     0.9977    32.1198    1450.33  0.000e+00
     29.545   71.20792 -157.99978     0.9981    32.1193    1450.33  0.000e+00
     29.591   71.20792 -157.99978     0.9977    32.1187    1450.33  0.000e+00
     29.607   71.20792 -157.99978     0.9955    32.1177    1450.32  0.000e+00
     29.607   71.20792 -157.99978     0.9920    32.1190    1450.30  0.000e+00
     29.653   71.20792 -157.99978     0.9899    32.1201    1450.30  0.000e+00
     29.661   71.20792 -157.99978     0.9889    32.1203    1450.29  0.000e+00
     29.661   71.20792 -157.99978     0.9883    32.1205    1450.29  0.000e+00
     29.761   71.20792 -157.99978     0.9868    32.1206    1450.28  0.000e+00
     29.661   71.20792 -157.99978     0.9847    32.1215    1450.27  0.000e+00
     29.761   71.20792 -157.99978     0.9834    32.1224    1450.27  0.000e+00
     29.722   71.20792 -157.99978     0.9832    32.1228    1450.27  0.000e+00
     29.830   71.20792 -157.99978     0.9835    32.1227    1450.27  0.000e+00
     29.761   71.20792 -157.99978     0.9838    32.1229    1450.27  0.000e+00
     29.830   71.20792 -157.99978     0.9841    32.1227    1450.28  0.000e+00
     29.830   71.20792 -157.99978     0.9852    32.1219    1450.28  0.000e+00
     29.877   71.20792 -157.99978     0.9855    32.1220    1450.28  0.000e+00
     29.892   71.20792 -157.99978     0.9855    32.1214    1450.28  0.000e+00
     29.946   71.20792 -157.99978     0.9849    32.1214    1450.28  0.000e+00
     29.938   71.20792 -157.99978     0.9847    32.1214    1450.28  0.000e+00
     29.946   71.20792 -157.99978     0.9846    32.1213    1450.28  0.000e+00
     29.992   71.20792 -157.99978     0.9841    32.1211    1450.28  0.000e+00
     30.008   71.20792 -157.99978     0.9835    32.1202    1450.27  0.000e+00
     30.008   71.20792 -157.99978     0.9821    32.1208    1450.27  0.000e+00
     30.054   71.20792 -157.99978     0.9818    32.1220    1450.27  0.000e+00
     30.116   71.20792 -157.99978     0.9830    32.1234    1450.28  0.000e+00
     30.062   71.20792 -157.99978     0.9857    32.1231    1450.29  0.000e+00
     30.162   71.20792 -157.99978     0.9880    32.1226    1450.30  0.000e+00
     30.177   71.20792 -157.99978     0.9899    32.1208    1450.30  0.000e+00
     30.177   71.20792 -157.99978     0.9904    32.1190    1450.30  0.000e+00
     30.224   71.20792 -157.99978     0.9905    32.1182    1450.30  0.000e+00
     30.231   71.20792 -157.99978     0.9904    32.1193    1450.31  0.000e+00
     30.231   71.20792 -157.99978     0.9907    32.1196    1450.31  0.000e+00
     30.339   71.20792 -157.99978     0.9913    32.1198    1450.31  0.000e+00
     30.293   71.20792 -157.99978     0.9915    32.1194    1450.31  0.000e+00
     30.339   71.20792 -157.99978     0.9918    32.1190    1450.31  0.000e+00
     30.409   71.20792 -157.99978     0.9920    32.1189    1450.32  0.000e+00
     30.409   71.20792 -157.99978     0.9921    32.1187    1450.32  0.000e+00
     30.455   71.20792 -157.99978     0.9925    32.1184    1450.32  0.000e+00
     30.463   71.20792 -157.99978     0.9923    32.1182    1450.32  0.000e+00
     30.463   71.20792 -157.99978     0.9907    32.1172    1450.31  0.000e+00
     30.509   71.20792 -157.99978     0.9883    32.1179    1450.30  0.000e+00
     30.579   71.20792 -157.99978     0.9872    32.1207    1450.30  0.000e+00
     30.517   71.20792 -157.99978     0.9891    32.1215    1450.31  0.000e+00
     30.679   71.20792 -157.99978     0.9907    32.1206    1450.32  0.000e+00
     30.633   71.20792 -157.99978     0.9913    32.1195    1450.32  0.000e+00
     30.633   71.20792 -157.99978     0.9902    32.1177    1450.31  0.000e+00
     30.679   71.20792 -157.99978     0.9885    32.1173    1450.30  0.000e+00
     30.694   71.20792 -157.99978     0.9879    32.1172    1450.30  0.000e+00
     30.810   71.20792 -157.99978     0.9862    32.1178    1450.29  0.000e+00
     30.741   71.20792 -157.99978     0.9849    32.1185    1450.29  0.000e+00
     30.810   71.20792 -157.99978     0.9845    32.1189    1450.29  0.000e+00
     30.864   71.20792 -157.99978     0.9837    32.1194    1450.29  0.000e+00
     30.856   71.20792 -157.99978     0.9834    32.1189    1450.28  0.000e+00
