EcoFOCI/data/1_SampleCollection/2023_SikuliaqDBO_CruiseData/CTD_raw_BottleFile_SKQ23-12S/proc/skq202312s_070.cnv
* Sea-Bird SBE 9 Data File:
* FileName = D:\CTD\SKQ202312S\SKQ202312S_070.hex
* Software Version Seasave V 7.26.7.121
* Temperature SN = 6177
* Conductivity SN = 0369
* Number of Bytes Per Scan = 41
* Number of Voltage Words = 4
* Number of Scans Averaged by the Deck Unit = 1
* NMEA Latitude = 67 53.89 N
* NMEA Longitude = 168 14.05 W
* NMEA UTC (Time) = Sep 30 2023  04:20:28
* NMEA baud rate = 4800
** Ship: R/V Sikuliaq
** Station Number: 070
** Station Name: DBO3.6
** Bottom Depth: 50
** Operator: SD
# nquan = 24
# nvalues = 5805                                  
# units = specified
# name 0 = depSM: Depth [salt water, m]
# name 1 = latitude: Latitude [deg]
# name 2 = longitude: Longitude [deg]
# name 3 = prDM: Pressure, Digiquartz [db]
# name 4 = t090C: Temperature [ITS-90, deg C]
# name 5 = t190C: Temperature, 2 [ITS-90, deg C]
# name 6 = potemp090C: Potential Temperature [ITS-90, deg C]
# name 7 = sal00: Salinity, Practical [PSU]
# name 8 = sal11: Salinity, Practical, 2 [PSU]
# name 9 = density00: Density [density, kg/m^3]
# name 10 = sigma-é00: Density [sigma-theta, kg/m^3]
# name 11 = sbox0Mm/Kg: Oxygen, SBE 43 [umol/kg]
# name 12 = sbox1Mm/Kg: Oxygen, SBE 43, 2 [umol/kg]
# name 13 = oxsolMm/Kg: Oxygen Saturation, Garcia & Gordon [umol/kg]
# name 14 = sbeox0PS: Oxygen, SBE 43 [% saturation]
# name 15 = sbeox1PS: Oxygen, SBE 43, 2 [% saturation]
# name 16 = v0: Voltage 0
# name 17 = flECO-AFL: Fluorescence, WET Labs ECO-AFL/FL [mg/m^3]
# name 18 = v1: Voltage 1
# name 19 = CStarAt0: Beam Attenuation, WET Labs C-Star [1/m]
# name 20 = par: PAR/Irradiance, Biospherical/Licor
# name 21 = scan: Scan Count
# name 22 = timeM: Time, Elapsed [minutes]
# name 23 = flag:  0.000e+00
# span 0 =      3.017,     53.217                 
# span 1 =   67.89816,   67.89818                 
# span 2 = -168.23388, -168.23360                 
# span 3 =      3.047,     53.762                 
# span 4 =     2.8533,     6.1063                 
# span 5 =     2.8540,     6.1106                 
# span 6 =     2.8514,     6.1052                 
# span 7 =    27.4081,    32.4348                 
# span 8 =    27.4257,    32.4459                 
# span 9 =  1021.7815,  1026.0946                 
# span 10 =    21.7633,    25.8428                
# span 11 =    212.609,    332.027                
# span 12 =    203.443,    316.542                
# span 13 =  312.93920,  334.60675                
# span 14 =     64.562,    101.542                
# span 15 =     61.785,     97.739                
# span 16 =     0.0745,     0.4176                
# span 17 =     0.0989,     2.1575                
# span 18 =     1.9878,     4.1709                
# span 19 =     0.4882,     3.4540                
# span 20 = 1.0000e-12, 1.2859e+01                
# span 21 =          1,       5805                
# span 22 =     0.0000,     4.0306                
# span 23 = 0.0000e+00, 0.0000e+00                
# interval = seconds: 0.0416667
# start_time = Sep 30 2023 04:23:19 [NMEA time, first data scan]
# bad_flag = -9.990e-29
*END*
[from data line 1268]
     10.451   67.89816 -168.23380     10.556     4.1708     4.2014     4.1702    28.4033    28.3899  1022.5776    22.5280    323.560    308.988  329.45204     98.212     93.849     0.3675     1.8571     3.8999     0.7571 2.4657e+00       1269     0.8806  0.000e+00
     10.505   67.89816 -168.23380     10.611     4.1756     4.1979     4.1750    28.3984    28.3909  1022.5735    22.5237    323.564    309.022  329.42539     98.221     93.852     0.3663     1.8498     3.8999     0.7571 2.4585e+00       1270     0.8812  0.000e+00
     10.420   67.89816 -168.23380     10.525     4.1799     4.1960     4.1793    28.3988    28.3930  1022.5730    22.5236    323.553    309.037  329.39016     98.228     93.854     0.3663     1.8498     3.8999     0.7571 2.4512e+00       1271     0.8819  0.000e+00
     10.505   67.89816 -168.23380     10.611     4.1844     4.1929     4.1837    28.3944    28.3943  1022.5695    22.5197    323.558    309.072  329.36518     98.237     93.858     0.3639     1.8352     3.8999     0.7571 2.4512e+00       1272     0.8826  0.000e+00
     10.451   67.89816 -168.23380     10.556     4.1872     4.1869     4.1866    28.3798    28.3930  1022.5575    22.5079    323.379    309.134  329.37838     98.179     93.862     0.3651     1.8425     3.8999     0.7571 2.4512e+00       1273     0.8833  0.000e+00
     10.504   67.89816 -168.23380     10.611     4.1845     4.1778     4.1839    28.3627    28.3913  1022.5444    22.4946    323.409    309.207  329.44227     98.169     93.862     0.3639     1.8352     3.8999     0.7571 2.4512e+00       1274     0.8840  0.000e+00
     10.504   67.89816 -168.23380     10.611     4.1777     4.1737     4.1771    28.3526    28.3892  1022.5370    22.4871    323.704    309.237  329.52226     98.234     93.861     0.3651     1.8425     3.8987     0.7583 2.4512e+00       1275     0.8847  0.000e+00
     10.504   67.89816 -168.23380     10.611     4.1685     4.1742     4.1679    28.3415    28.3875  1022.5290    22.4791    323.624    309.229  329.62382     98.180     93.858     0.3639     1.8352     3.8987     0.7583 2.4440e+00       1276     0.8854  0.000e+00
     10.504   67.89816 -168.23380     10.611     4.1566     4.1738     4.1560    28.3326    28.3878  1022.5230    22.4732    323.960    309.224  329.74139     98.247     93.856     0.3651     1.8425     3.8987     0.7583 2.4440e+00       1277     0.8861  0.000e+00
     10.558   67.89816 -168.23380     10.665     4.1452     4.1720     4.1446    28.3448    28.3891  1022.5340    22.4839    324.059    309.232  329.80303     98.258     93.855     0.3639     1.8352     3.8987     0.7583 2.4440e+00       1278     0.8868  0.000e+00
     10.535   67.89816 -168.23380     10.642     4.1406     4.1679     4.1400    28.3556    28.3913  1022.5428    22.4928    324.096    309.255  329.81313     98.267     93.854     0.3639     1.8352     3.8987     0.7583 2.4440e+00       1279     0.8875  0.000e+00
     10.504   67.89816 -168.23380     10.611     4.1394     4.1662     4.1387    28.3510    28.3921  1022.5392    22.4893    324.139    309.069  329.83468     98.273     93.795     0.3651     1.8425     3.8987     0.7583 2.4440e+00       1280     0.8882  0.000e+00
     10.558   67.89816 -168.23380     10.665     4.1359     4.1613     4.1353    28.3369    28.3918  1022.5285    22.4783    324.013    309.282  329.89783     98.216     93.848     0.3639     1.8352     3.8987     0.7583 2.4440e+00       1281     0.8889  0.000e+00
     10.558   67.89816 -168.23380     10.665     4.1281     4.1437     4.1275    28.3367    28.3922  1022.5290    22.4789    324.286    309.427  329.96095     98.280     93.852     0.3651     1.8425     3.8999     0.7571 2.4368e+00       1282     0.8896  0.000e+00
     10.558   67.89816 -168.23380     10.665     4.1213     4.1278     4.1207    28.3541    28.3894  1022.5435    22.4933    324.108    309.373  329.97242     98.223     93.797     0.3639     1.8352     3.8987     0.7583 2.4368e+00       1283     0.8903  0.000e+00
     10.558   67.89816 -168.23380     10.665     4.1202     4.1264     4.1196    28.3661    28.3854  1022.5531    22.5030    324.290    309.374  329.95151     98.284     93.791     0.3639     1.8352     3.8999     0.7571 2.4296e+00       1284     0.8910  0.000e+00
     10.558   67.89816 -168.23380     10.665     4.1213     4.1286     4.1207    28.3679    28.3832  1022.5544    22.5043    324.044    309.342  329.93831     98.214     93.785     0.3639     1.8352     3.8987     0.7583 2.4225e+00       1285     0.8917  0.000e+00
     10.589   67.89816 -168.23380     10.696     4.1216     4.1276     4.1210    28.3687    28.3810  1022.5551    22.5048    324.239    309.317  329.93383     98.274     93.774     0.3651     1.8425     3.8987     0.7583 2.4154e+00       1286     0.8924  0.000e+00
     10.620   67.89816 -168.23380     10.728     4.1229     4.1264     4.1223    28.3644    28.3785  1022.5518    22.5014    323.790    309.318  329.93415     98.138     93.769     0.3639     1.8352     3.8987     0.7583 2.4154e+00       1287     0.8931  0.000e+00
     10.620   67.89816 -168.23380     10.728     4.1218     4.1281     4.1212    28.3558    28.3778  1022.5450    22.4946    323.985    309.291  329.96449     98.188     93.765     0.3639     1.8352     3.8987     0.7583 2.4154e+00       1288     0.8938  0.000e+00
     10.620   67.89816 -168.23380     10.728     4.1179     4.1272     4.1172    28.3519    28.3806  1022.5423    22.4919    324.012    309.280  330.00600     98.184     93.761     0.3651     1.8425     3.8987     0.7583 2.4154e+00       1289     0.8944  0.000e+00
     10.620   67.89816 -168.23380     10.728     4.1152     4.1273     4.1146    28.3555    28.3812  1022.5454    22.4950    324.010    309.267  330.01869     98.179     93.758     0.3639     1.8352     3.8987     0.7583 2.4154e+00       1290     0.8951  0.000e+00
     10.620   67.89816 -168.23380     10.728     4.1142     4.1296     4.1136    28.3663    28.3807  1022.5541    22.5037    323.974    309.047  329.99940     98.174     93.696     0.3651     1.8425     3.8987     0.7583 2.4154e+00       1291     0.8958  0.000e+00
     10.674   67.89816 -168.23380     10.782     4.1158     4.1292     4.1151    28.3721    28.3801  1022.5588    22.5081    324.146    309.026  329.97273     98.234     93.688     0.3639     1.8352     3.8999     0.7571 2.4082e+00       1292     0.8965  0.000e+00
     10.705   67.89816 -168.23380     10.813     4.1175     4.1278     4.1169    28.3703    28.3779  1022.5573    22.5065    323.934    309.019  329.96291     98.173     93.682     0.3651     1.8425     3.8987     0.7583 2.4082e+00       1293     0.8972  0.000e+00
     10.674   67.89816 -168.23380     10.782     4.1185     4.1269     4.1179    28.3665    28.3765  1022.5540    22.5034    323.914    309.007  329.96474     98.166     93.675     0.3639     1.8352     3.8987     0.7583 2.4011e+00       1294     0.8979  0.000e+00
     10.674   67.89816 -168.23380     10.782     4.1160     4.1212     4.1153    28.3661    28.3760  1022.5540    22.5033    323.953    309.036  329.98599     98.172     93.670     0.3651     1.8425     3.8999     0.7571 2.3941e+00       1295     0.8986  0.000e+00
     10.674   67.89816 -168.23380     10.782     4.1131     4.1036     4.1125    28.3636    28.3755  1022.5523    22.5016    323.966    309.167  330.01503     98.167     93.669     0.3626     1.8278     3.9011     0.7558 2.3941e+00       1296     0.8993  0.000e+00
     10.736   67.89816 -168.23380     10.844     4.1112     4.0924     4.1106    28.3644    28.3710  1022.5533    22.5024    324.182    309.238  330.02842     98.228     93.662     0.3565     1.7912     3.9011     0.7558 2.3870e+00       1297     0.9000  0.000e+00
     10.674   67.89816 -168.23380     10.782     4.1108     4.0903     4.1101    28.3627    28.3690  1022.5517    22.5011    323.986    309.245  330.03644     98.167     93.658     0.3529     1.7692     3.9011     0.7558 2.3870e+00       1298     0.9007  0.000e+00
     10.790   67.89816 -168.23380     10.899     4.1097     4.0917     4.1090    28.3625    28.3720  1022.5523    22.5010    323.982    309.028  330.04576     98.163     93.597     0.3529     1.7692     3.9011     0.7558 2.3870e+00       1299     0.9014  0.000e+00
     10.759   67.89816 -168.23380     10.868     4.1093     4.0959     4.1087    28.3729    28.3773  1022.5604    22.5093    323.939    308.929  330.02260     98.157     93.581     0.3541     1.7765     3.9011     0.7558 2.3800e+00       1300     0.9021  0.000e+00
     10.790   67.89816 -168.23380     10.899     4.1125     4.1043     4.1119    28.3786    28.3798  1022.5648    22.5136    323.879    308.807  329.98286     98.150     93.565     0.3529     1.7692     3.9011     0.7558 2.3660e+00       1301     0.9028  0.000e+00
     10.736   67.89816 -168.23380     10.844     4.1163     4.1132     4.1157    28.3748    28.3799  1022.5612    22.5102    323.832    308.686  329.96184     98.142     93.548     0.3541     1.7765     3.9011     0.7558 2.3660e+00       1302     0.9035  0.000e+00
     10.790   67.89816 -168.23380     10.899     4.1191     4.1187     4.1185    28.3702    28.3797  1022.5575    22.5063    324.232    308.600  329.95029     98.267     93.535     0.3529     1.7692     3.9011     0.7558 2.3660e+00       1303     0.9042  0.000e+00
     10.790   67.89816 -168.23380     10.899     4.1202     4.1196     4.1196    28.3681    28.3800  1022.5557    22.5045    323.841    308.552  329.94667     98.149     93.523     0.3541     1.7765     3.9011     0.7558 2.3520e+00       1304     0.9049  0.000e+00
     10.851   67.89816 -168.23380     10.961     4.1194     4.1185     4.1188    28.3672    28.3804  1022.5554    22.5039    323.831    308.549  329.95533     98.144     93.520     0.3529     1.7692     3.9011     0.7558 2.3451e+00       1305     0.9056  0.000e+00
     10.789   67.89816 -168.23380     10.899     4.1182     4.1185     4.1175    28.3662    28.3797  1022.5544    22.5032    323.820    308.537  329.96802     98.137     93.516     0.3529     1.7692     3.9011     0.7558 2.3451e+00       1306     0.9063  0.000e+00
     10.874   67.89816 -168.23380     10.984     4.1180     4.1188     4.1174    28.3695    28.3791  1022.5574    22.5058    323.795    308.532  329.96103     98.131     93.514     0.3529     1.7692     3.9011     0.7558 2.3382e+00       1307     0.9069  0.000e+00
     10.851   67.89816 -168.23380     10.961     4.1196     4.1209     4.1190    28.3710    28.3777  1022.5584    22.5069    323.754    308.514  329.94445     98.124     93.512     0.3529     1.7692     3.9011     0.7558 2.3313e+00       1308     0.9076  0.000e+00
     10.851   67.89816 -168.23380     10.961     4.1212     4.1215     4.1205    28.3663    28.3777  1022.5545    22.5030    323.729    308.315  329.94350     98.117     93.454     0.3529     1.7692     3.9023     0.7546 2.3313e+00       1309     0.9083  0.000e+00
     10.905   67.89816 -168.23380     11.016     4.1210     4.1243     4.1204    28.3609    28.3770  1022.5505    22.4988    323.724    308.279  329.95809     98.111     93.449     0.3541     1.7765     3.9011     0.7558 2.3176e+00       1310     0.9090  0.000e+00
     10.851   67.89816 -168.23380     10.961     4.1193     4.1272     4.1186    28.3605    28.3782  1022.5501    22.4986    323.716    308.431  329.97313     98.104     93.502     0.3541     1.7765     3.9011     0.7558 2.3107e+00       1311     0.9097  0.000e+00
     10.905   67.89816 -168.23380     11.016     4.1182     4.1299     4.1175    28.3629    28.3795  1022.5524    22.5006    323.700    308.420  329.97600     98.098     93.506     0.3541     1.7765     3.9011     0.7558 2.3107e+00       1312     0.9104  0.000e+00
     10.905   67.89816 -168.23380     11.016     4.1187     4.1314     4.1180    28.3650    28.3802  1022.5540    22.5022    323.703    308.228  329.96708     98.102     93.452     0.3541     1.7765     3.9011     0.7558 2.2903e+00       1313     0.9111  0.000e+00
     10.936   67.89816 -168.23380     11.047     4.1190     4.1357     4.1183    28.3674    28.3796  1022.5560    22.5041    323.460    308.195  329.95859     98.031     93.451     0.3529     1.7692     3.9011     0.7558 2.2768e+00       1314     0.9118  0.000e+00
     10.959   67.89816 -168.23380     11.070     4.1196     4.1404     4.1190    28.3746    28.3808  1022.5617    22.5097    323.601    308.135  329.93573     98.080     93.444     0.3529     1.7692     3.9023     0.7546 2.2768e+00       1315     0.9125  0.000e+00
     10.959   67.89816 -168.23380     11.070     4.1220     4.1402     4.1213    28.3788    28.3838  1022.5649    22.5128    323.551    308.137  329.90622     98.074     93.446     0.3529     1.7692     3.9035     0.7533 2.2701e+00       1316     0.9132  0.000e+00
     10.959   67.89816 -168.23380     11.070     4.1245     4.1413     4.1238    28.3749    28.3844  1022.5616    22.5095    323.518    308.138  329.89547     98.067     93.450     0.3529     1.7692     3.9035     0.7533 2.2567e+00       1317     0.9139  0.000e+00
     10.959   67.89816 -168.23380     11.070     4.1258     4.1427     4.1251    28.3734    28.3853  1022.5602    22.5082    323.311    308.117  329.88909     98.006     93.447     0.3529     1.7692     3.9035     0.7533 2.2567e+00       1318     0.9146  0.000e+00
     11.021   67.89816 -168.23380     11.132     4.1264     4.1431     4.1257    28.3752    28.3863  1022.5620    22.5097    323.288    308.112  329.87932     98.002     93.447     0.3541     1.7765     3.9035     0.7533 2.2500e+00       1319     0.9153  0.000e+00
     10.959   67.89816 -168.23380     11.070     4.1278     4.1445     4.1272    28.3752    28.3864  1022.5615    22.5095    323.476    307.905  329.86811     98.062     93.388     0.3541     1.7765     3.9035     0.7533 2.2367e+00       1320     0.9160  0.000e+00
     11.052   67.89816 -168.23380     11.163     4.1294     4.1493     4.1288    28.3754    28.3845  1022.5620    22.5095    323.271    308.050  329.85438     98.004     93.442     0.3529     1.7692     3.9035     0.7533 2.2367e+00       1321     0.9167  0.000e+00
     11.021   67.89816 -168.23380     11.132     4.1313     4.1518     4.1307    28.3806    28.3845  1022.5658    22.5135    323.198    307.844  329.82609     97.990     93.385     0.3492     1.7472     3.9023     0.7546 2.2367e+00       1322     0.9174  0.000e+00
     11.075   67.89816 -168.23380     11.187     4.1348     4.1514     4.1341    28.3852    28.3852  1022.5694    22.5168    323.117    307.840  329.78676     97.978     93.383     0.3419     1.7033     3.9035     0.7533 2.2235e+00       1323     0.9181  0.000e+00
     11.075   67.89816 -168.23380     11.187     4.1383     4.1523     4.1376    28.3856    28.3851  1022.5694    22.5168    323.080    307.830  329.75794     97.975     93.382     0.3407     1.6960     3.9023     0.7546 2.2235e+00       1324     0.9187  0.000e+00
     11.021   67.89816 -168.23380     11.132     4.1411     4.1532     4.1404    28.3863    28.3844  1022.5694    22.5171    323.013    307.822  329.73334     97.962     93.381     0.3394     1.6886     3.9023     0.7546 2.2170e+00       1325     0.9194  0.000e+00
     11.136   67.89816 -168.23380     11.249     4.1433     4.1575     4.1427    28.3901    28.3863  1022.5728    22.5199    322.988    307.792  329.70611     97.962     93.383     0.3419     1.7033     3.9035     0.7533 2.2104e+00       1326     0.9201  0.000e+00
     11.075   67.89816 -168.23380     11.187     4.1473     4.1676     4.1466    28.3895    28.3921  1022.5717    22.5191    322.953    307.702  329.67532     97.961     93.383     0.3407     1.6960     3.9035     0.7533 2.2104e+00       1327     0.9208  0.000e+00
     11.105   67.89816 -168.23380     11.218     4.1501     4.1810     4.1495    28.3879    28.3964  1022.5703    22.5176    322.937    307.596  329.65639     97.962     93.384     0.3407     1.6960     3.9035     0.7533 2.2039e+00       1328     0.9215  0.000e+00
