EcoFOCI/data/1_SampleCollection/2023_SikuliaqDBO_CruiseData/CTD_raw_BottleFile_SKQ23-12S/proc/skq202312s_080svp.cnv
* Sea-Bird SBE 9 Data File:
* FileName = D:\CTD\SKQ202312S\SKQ202312S_080.hex
* Software Version Seasave V 7.26.7.121
* Temperature SN = 6177
* Conductivity SN = 0369
* Number of Bytes Per Scan = 41
* Number of Voltage Words = 4
* Number of Scans Averaged by the Deck Unit = 1
* NMEA Latitude = 65 42.89 N
* NMEA Longitude = 168 33.35 W
* NMEA UTC (Time) = Oct 03 2023  08:21:36
* NMEA baud rate = 4800
** Ship: R/V Sikuliaq
** Station Number: 080
** Station Name: BS5
** Bottom Depth: 52
** Operator: SD
# nquan = 7
# nvalues = 3507                                  
# units = specified
# name 0 = depSM: Depth [salt water, m]
# name 1 = latitude: Latitude [deg]
# name 2 = longitude: Longitude [deg]
# name 3 = t090C: Temperature [ITS-90, deg C]
# name 4 = sal00: Salinity, Practical [PSU]
# name 5 = svCM: Sound Velocity [Chen-Millero, m/s]
# name 6 = flag:  0.000e+00
# span 0 =      2.282,     47.360                 
# span 1 =   65.71490,   65.71494                 
# span 2 = -168.55594, -168.55572                 
# span 3 =     2.8346,     6.5651                 
# span 4 =    26.2910,    32.7164                 
# span 5 =    1459.42,    1472.75                 
# span 6 = 0.0000e+00, 0.0000e+00                 
# interval = seconds: 0.0416667
# start_time = Oct 03 2023 08:24:18 [NMEA time, first data scan]
# bad_flag = -9.990e-29
*END*
[from data line 2257]
     38.194   65.71494 -168.55576     2.8647    32.6776    1459.44  0.000e+00
     38.194   65.71494 -168.55576     2.8645    32.6778    1459.44  0.000e+00
     38.248   65.71494 -168.55576     2.8644    32.6779    1459.44  0.000e+00
     38.194   65.71494 -168.55576     2.8643    32.6780    1459.44  0.000e+00
     38.256   65.71494 -168.55576     2.8643    32.6777    1459.44  0.000e+00
     38.256   65.71494 -168.55576     2.8643    32.6773    1459.44  0.000e+00
     38.248   65.71494 -168.55576     2.8643    32.6773    1459.44  0.000e+00
     38.256   65.71494 -168.55576     2.8638    32.6778    1459.44  0.000e+00
     38.256   65.71494 -168.55576     2.8640    32.6774    1459.44  0.000e+00
     38.248   65.71494 -168.55576     2.8640    32.6775    1459.44  0.000e+00
     38.310   65.71494 -168.55576     2.8641    32.6772    1459.44  0.000e+00
     38.310   65.71494 -168.55576     2.8640    32.6777    1459.44  0.000e+00
     38.310   65.71494 -168.55576     2.8640    32.6776    1459.44  0.000e+00
     38.302   65.71494 -168.55576     2.8640    32.6776    1459.44  0.000e+00
     38.310   65.71494 -168.55576     2.8638    32.6777    1459.44  0.000e+00
     38.310   65.71494 -168.55576     2.8638    32.6777    1459.44  0.000e+00
     38.302   65.71494 -168.55576     2.8637    32.6779    1459.44  0.000e+00
     38.371   65.71494 -168.55576     2.8637    32.6774    1459.44  0.000e+00
     38.310   65.71494 -168.55576     2.8638    32.6774    1459.44  0.000e+00
     38.356   65.71494 -168.55576     2.8637    32.6778    1459.44  0.000e+00
     38.309   65.71494 -168.55576     2.8638    32.6779    1459.44  0.000e+00
     38.371   65.71494 -168.55576     2.8637    32.6779    1459.44  0.000e+00
     38.371   65.71494 -168.55576     2.8640    32.6773    1459.44  0.000e+00
     38.417   65.71494 -168.55576     2.8640    32.6774    1459.44  0.000e+00
     38.371   65.71494 -168.55576     2.8640    32.6773    1459.44  0.000e+00
     38.425   65.71494 -168.55576     2.8638    32.6774    1459.44  0.000e+00
     38.417   65.71494 -168.55576     2.8639    32.6773    1459.44  0.000e+00
     38.371   65.71494 -168.55576     2.8637    32.6776    1459.44  0.000e+00
     38.425   65.71494 -168.55576     2.8637    32.6776    1459.44  0.000e+00
     38.417   65.71494 -168.55576     2.8637    32.6778    1459.44  0.000e+00
     38.479   65.71494 -168.55576     2.8635    32.6777    1459.44  0.000e+00
     38.425   65.71494 -168.55576     2.8637    32.6769    1459.44  0.000e+00
     38.479   65.71494 -168.55576     2.8637    32.6773    1459.44  0.000e+00
     38.471   65.71494 -168.55576     2.8637    32.6770    1459.44  0.000e+00
     38.479   65.71494 -168.55576     2.8634    32.6776    1459.44  0.000e+00
     38.479   65.71494 -168.55576     2.8635    32.6772    1459.44  0.000e+00
     38.533   65.71494 -168.55576     2.8633    32.6777    1459.44  0.000e+00
     38.541   65.71494 -168.55576     2.8632    32.6777    1459.44  0.000e+00
     38.479   65.71494 -168.55576     2.8630    32.6777    1459.44  0.000e+00
     38.541   65.71494 -168.55576     2.8629    32.6780    1459.44  0.000e+00
     38.587   65.71494 -168.55576     2.8629    32.6778    1459.44  0.000e+00
     38.540   65.71494 -168.55576     2.8625    32.6783    1459.44  0.000e+00
     38.594   65.71494 -168.55576     2.8625    32.6783    1459.44  0.000e+00
     38.587   65.71494 -168.55576     2.8622    32.6785    1459.44  0.000e+00
     38.594   65.71494 -168.55576     2.8618    32.6785    1459.43  0.000e+00
     38.656   65.71494 -168.55576     2.8616    32.6791    1459.43  0.000e+00
     38.594   65.71494 -168.55576     2.8615    32.6792    1459.43  0.000e+00
     38.702   65.71494 -168.55576     2.8615    32.6784    1459.43  0.000e+00
     38.656   65.71494 -168.55576     2.8613    32.6786    1459.43  0.000e+00
     38.656   65.71494 -168.55576     2.8610    32.6794    1459.43  0.000e+00
     38.702   65.71494 -168.55576     2.8610    32.6793    1459.43  0.000e+00
     38.710   65.71494 -168.55576     2.8607    32.6793    1459.43  0.000e+00
     38.710   65.71494 -168.55576     2.8603    32.6800    1459.43  0.000e+00
     38.772   65.71494 -168.55576     2.8602    32.6799    1459.43  0.000e+00
     38.702   65.71494 -168.55576     2.8599    32.6801    1459.43  0.000e+00
     38.826   65.71494 -168.55576     2.8596    32.6803    1459.43  0.000e+00
     38.772   65.71494 -168.55576     2.8597    32.6800    1459.43  0.000e+00
     38.818   65.71494 -168.55576     2.8593    32.6806    1459.43  0.000e+00
     38.772   65.71494 -168.55576     2.8594    32.6807    1459.43  0.000e+00
     38.826   65.71494 -168.55576     2.8591    32.6808    1459.43  0.000e+00
     38.880   65.71494 -168.55576     2.8591    32.6812    1459.43  0.000e+00
     38.818   65.71494 -168.55576     2.8590    32.6810    1459.43  0.000e+00
     38.880   65.71494 -168.55576     2.8588    32.6809    1459.43  0.000e+00
     38.880   65.71494 -168.55576     2.8589    32.6811    1459.43  0.000e+00
     38.872   65.71494 -168.55576     2.8589    32.6808    1459.43  0.000e+00
     38.880   65.71494 -168.55576     2.8588    32.6810    1459.43  0.000e+00
     38.941   65.71494 -168.55576     2.8589    32.6807    1459.43  0.000e+00
     38.941   65.71494 -168.55576     2.8588    32.6810    1459.43  0.000e+00
     38.987   65.71494 -168.55576     2.8586    32.6810    1459.43  0.000e+00
     38.941   65.71494 -168.55576     2.8588    32.6808    1459.43  0.000e+00
     38.995   65.71494 -168.55576     2.8587    32.6810    1459.43  0.000e+00
     38.987   65.71494 -168.55576     2.8586    32.6808    1459.43  0.000e+00
     39.057   65.71494 -168.55576     2.8586    32.6806    1459.43  0.000e+00
     38.995   65.71494 -168.55576     2.8586    32.6811    1459.43  0.000e+00
     39.057   65.71494 -168.55576     2.8586    32.6812    1459.43  0.000e+00
     39.103   65.71494 -168.55576     2.8588    32.6810    1459.43  0.000e+00
     39.057   65.71494 -168.55576     2.8588    32.6808    1459.43  0.000e+00
     39.111   65.71494 -168.55576     2.8586    32.6811    1459.43  0.000e+00
     39.103   65.71494 -168.55576     2.8586    32.6807    1459.43  0.000e+00
     39.111   65.71494 -168.55576     2.8586    32.6810    1459.43  0.000e+00
     39.111   65.71494 -168.55576     2.8586    32.6810    1459.43  0.000e+00
     39.111   65.71494 -168.55576     2.8585    32.6810    1459.43  0.000e+00
     39.157   65.71494 -168.55576     2.8585    32.6808    1459.43  0.000e+00
     39.172   65.71494 -168.55576     2.8583    32.6810    1459.43  0.000e+00
     39.111   65.71494 -168.55576     2.8585    32.6812    1459.43  0.000e+00
     39.157   65.71494 -168.55576     2.8583    32.6808    1459.43  0.000e+00
     39.226   65.71494 -168.55576     2.8583    32.6810    1459.43  0.000e+00
     39.226   65.71494 -168.55576     2.8585    32.6807    1459.43  0.000e+00
     39.172   65.71494 -168.55576     2.8581    32.6808    1459.43  0.000e+00
     39.219   65.71494 -168.55576     2.8584    32.6809    1459.43  0.000e+00
     39.226   65.71494 -168.55576     2.8581    32.6811    1459.43  0.000e+00
     39.226   65.71494 -168.55576     2.8585    32.6809    1459.43  0.000e+00
     39.280   65.71494 -168.55576     2.8583    32.6809    1459.43  0.000e+00
     39.218   65.71494 -168.55576     2.8581    32.6808    1459.43  0.000e+00
     39.280   65.71494 -168.55576     2.8580    32.6813    1459.43  0.000e+00
     39.226   65.71494 -168.55576     2.8581    32.6813    1459.43  0.000e+00
     39.272   65.71494 -168.55576     2.8583    32.6809    1459.43  0.000e+00
     39.280   65.71494 -168.55576     2.8583    32.6810    1459.43  0.000e+00
     39.226   65.71494 -168.55576     2.8580    32.6812    1459.43  0.000e+00
     39.280   65.71494 -168.55576     2.8582    32.6809    1459.43  0.000e+00
     39.272   65.71494 -168.55576     2.8578    32.6811    1459.43  0.000e+00
     39.280   65.71494 -168.55576     2.8581    32.6809    1459.43  0.000e+00
     39.280   65.71494 -168.55576     2.8580    32.6809    1459.43  0.000e+00
     39.342   65.71494 -168.55576     2.8580    32.6810    1459.43  0.000e+00
     39.272   65.71494 -168.55576     2.8580    32.6809    1459.43  0.000e+00
     39.280   65.71494 -168.55576     2.8580    32.6811    1459.43  0.000e+00
     39.342   65.71494 -168.55576     2.8581    32.6810    1459.43  0.000e+00
     39.334   65.71494 -168.55576     2.8581    32.6804    1459.43  0.000e+00
     39.280   65.71494 -168.55576     2.8580    32.6810    1459.43  0.000e+00
     39.342   65.71494 -168.55576     2.8579    32.6812    1459.43  0.000e+00
     39.341   65.71494 -168.55576     2.8578    32.6813    1459.43  0.000e+00
     39.272   65.71494 -168.55576     2.8580    32.6812    1459.43  0.000e+00
     39.341   65.71494 -168.55576     2.8578    32.6810    1459.43  0.000e+00
     39.341   65.71494 -168.55576     2.8578    32.6810    1459.43  0.000e+00
     39.272   65.71494 -168.55576     2.8577    32.6814    1459.43  0.000e+00
     39.395   65.71494 -168.55576     2.8577    32.6812    1459.43  0.000e+00
     39.341   65.71494 -168.55576     2.8577    32.6812    1459.43  0.000e+00
     39.341   65.71494 -168.55576     2.8577    32.6809    1459.43  0.000e+00
     39.334   65.71494 -168.55576     2.8578    32.6811    1459.43  0.000e+00
     39.341   65.71494 -168.55576     2.8576    32.6813    1459.43  0.000e+00
     39.341   65.71494 -168.55576     2.8575    32.6808    1459.43  0.000e+00
     39.341   65.71494 -168.55576     2.8577    32.6806    1459.43  0.000e+00
     39.388   65.71494 -168.55576     2.8575    32.6811    1459.43  0.000e+00
     39.341   65.71494 -168.55576     2.8575    32.6813    1459.43  0.000e+00
     39.341   65.71494 -168.55576     2.8575    32.6808    1459.43  0.000e+00
     39.449   65.71494 -168.55576     2.8577    32.6814    1459.43  0.000e+00
     39.341   65.71494 -168.55576     2.8575    32.6812    1459.43  0.000e+00
     39.341   65.71494 -168.55576     2.8575    32.6812    1459.43  0.000e+00
     39.395   65.71494 -168.55576     2.8578    32.6810    1459.43  0.000e+00
     39.387   65.71494 -168.55576     2.8575    32.6816    1459.43  0.000e+00
     39.395   65.71494 -168.55576     2.8577    32.6808    1459.43  0.000e+00
     39.395   65.71494 -168.55576     2.8572    32.6814    1459.43  0.000e+00
     39.341   65.71494 -168.55576     2.8575    32.6810    1459.43  0.000e+00
     39.449   65.71494 -168.55576     2.8572    32.6815    1459.43  0.000e+00
     39.395   65.71494 -168.55576     2.8574    32.6814    1459.43  0.000e+00
     39.395   65.71494 -168.55576     2.8574    32.6812    1459.43  0.000e+00
     39.449   65.71494 -168.55576     2.8574    32.6815    1459.43  0.000e+00
     39.395   65.71494 -168.55576     2.8572    32.6814    1459.43  0.000e+00
     39.457   65.71494 -168.55576     2.8572    32.6813    1459.43  0.000e+00
     39.457   65.71494 -168.55576     2.8571    32.6812    1459.43  0.000e+00
     39.449   65.71494 -168.55576     2.8571    32.6815    1459.43  0.000e+00
     39.457   65.71494 -168.55576     2.8571    32.6813    1459.43  0.000e+00
     39.457   65.71494 -168.55576     2.8569    32.6811    1459.43  0.000e+00
     39.457   65.71494 -168.55576     2.8569    32.6814    1459.43  0.000e+00
     39.503   65.71494 -168.55576     2.8569    32.6813    1459.43  0.000e+00
     39.511   65.71494 -168.55576     2.8566    32.6814    1459.43  0.000e+00
     39.511   65.71494 -168.55576     2.8566    32.6817    1459.43  0.000e+00
     39.503   65.71494 -168.55576     2.8567    32.6812    1459.43  0.000e+00
     39.510   65.71494 -168.55576     2.8567    32.6812    1459.43  0.000e+00
     39.510   65.71494 -168.55576     2.8566    32.6817    1459.43  0.000e+00
     39.572   65.71494 -168.55576     2.8569    32.6813    1459.43  0.000e+00
     39.557   65.71494 -168.55576     2.8567    32.6815    1459.43  0.000e+00
     39.572   65.71494 -168.55576     2.8567    32.6814    1459.43  0.000e+00
     39.572   65.71494 -168.55576     2.8567    32.6812    1459.43  0.000e+00
     39.572   65.71494 -168.55576     2.8569    32.6809    1459.43  0.000e+00
     39.672   65.71494 -168.55576     2.8566    32.6816    1459.43  0.000e+00
     39.572   65.71494 -168.55576     2.8566    32.6819    1459.43  0.000e+00
     39.626   65.71494 -168.55576     2.8569    32.6813    1459.43  0.000e+00
     39.680   65.71494 -168.55576     2.8567    32.6816    1459.43  0.000e+00
     39.618   65.71494 -168.55576     2.8566    32.6813    1459.43  0.000e+00
     39.680   65.71494 -168.55576     2.8563    32.6820    1459.43  0.000e+00
     39.680   65.71494 -168.55576     2.8563    32.6819    1459.43  0.000e+00
     39.734   65.71494 -168.55576     2.8563    32.6820    1459.43  0.000e+00
     39.680   65.71494 -168.55576     2.8559    32.6820    1459.43  0.000e+00
     39.742   65.71494 -168.55576     2.8559    32.6818    1459.43  0.000e+00
     39.680   65.71494 -168.55576     2.8559    32.6821    1459.43  0.000e+00
     39.788   65.71494 -168.55576     2.8555    32.6824    1459.43  0.000e+00
     39.796   65.71494 -168.55576     2.8555    32.6825    1459.43  0.000e+00
     39.742   65.71494 -168.55576     2.8553    32.6827    1459.43  0.000e+00
     39.796   65.71494 -168.55576     2.8553    32.6825    1459.43  0.000e+00
     39.788   65.71494 -168.55576     2.8549    32.6831    1459.43  0.000e+00
     39.857   65.71494 -168.55576     2.8549    32.6834    1459.43  0.000e+00
     39.795   65.71494 -168.55576     2.8545    32.6831    1459.43  0.000e+00
     39.857   65.71494 -168.55576     2.8544    32.6834    1459.43  0.000e+00
     39.849   65.71494 -168.55576     2.8545    32.6832    1459.43  0.000e+00
     39.911   65.71494 -168.55576     2.8545    32.6831    1459.43  0.000e+00
     39.857   65.71494 -168.55576     2.8541    32.6834    1459.43  0.000e+00
     39.903   65.71494 -168.55576     2.8541    32.6834    1459.43  0.000e+00
     39.911   65.71494 -168.55576     2.8537    32.6839    1459.43  0.000e+00
     39.911   65.71494 -168.55576     2.8537    32.6837    1459.43  0.000e+00
     39.973   65.71494 -168.55576     2.8537    32.6832    1459.43  0.000e+00
     39.957   65.71494 -168.55576     2.8534    32.6840    1459.43  0.000e+00
     39.911   65.71494 -168.55576     2.8536    32.6841    1459.43  0.000e+00
     39.973   65.71494 -168.55576     2.8533    32.6842    1459.43  0.000e+00
     40.027   65.71494 -168.55576     2.8531    32.6844    1459.43  0.000e+00
     39.957   65.71494 -168.55576     2.8531    32.6848    1459.43  0.000e+00
     40.027   65.71494 -168.55576     2.8530    32.6845    1459.43  0.000e+00
     39.973   65.71494 -168.55576     2.8530    32.6846    1459.43  0.000e+00
     40.027   65.71494 -168.55576     2.8528    32.6848    1459.43  0.000e+00
     40.073   65.71494 -168.55576     2.8528    32.6842    1459.43  0.000e+00
     40.027   65.71494 -168.55576     2.8527    32.6847    1459.43  0.000e+00
     40.081   65.71494 -168.55576     2.8528    32.6846    1459.43  0.000e+00
     40.027   65.71494 -168.55576     2.8527    32.6849    1459.43  0.000e+00
     40.073   65.71494 -168.55576     2.8527    32.6846    1459.43  0.000e+00
     40.080   65.71494 -168.55576     2.8522    32.6849    1459.43  0.000e+00
     40.142   65.71494 -168.55576     2.8523    32.6849    1459.43  0.000e+00
     40.080   65.71494 -168.55576     2.8525    32.6850    1459.43  0.000e+00
     40.134   65.71494 -168.55576     2.8523    32.6846    1459.43  0.000e+00
     40.080   65.71494 -168.55576     2.8523    32.6848    1459.43  0.000e+00
     40.142   65.71494 -168.55576     2.8522    32.6849    1459.43  0.000e+00
     40.142   65.71494 -168.55576     2.8520    32.6850    1459.43  0.000e+00
     40.134   65.71494 -168.55576     2.8520    32.6852    1459.43  0.000e+00
     40.142   65.71494 -168.55576     2.8519    32.6855    1459.43  0.000e+00
     40.196   65.71494 -168.55576     2.8519    32.6854    1459.43  0.000e+00
