EcoFOCI/data/1_SampleCollection/2023_SikuliaqDBO_CruiseData/CTD_raw_BottleFile_SKQ23-12S/proc/skq202312s_071svp.cnv
* Sea-Bird SBE 9 Data File:
* FileName = D:\CTD\SKQ202312S\SKQ202312S_071.hex
* Software Version Seasave V 7.26.7.121
* Temperature SN = 6177
* Conductivity SN = 0369
* Number of Bytes Per Scan = 41
* Number of Voltage Words = 4
* Number of Scans Averaged by the Deck Unit = 1
* NMEA Latitude = 68 07.96 N
* NMEA Longitude = 167 29.16 W
* NMEA UTC (Time) = Oct 01 2023  15:37:48
* NMEA baud rate = 4800
** Ship: R/V Sikuliaq
** Station Number: 071
** Station Name: DBO3.4
** Bottom Depth: 48
** Operator: SD
# nquan = 7
# nvalues = 5682                                  
# units = specified
# name 0 = depSM: Depth [salt water, m]
# name 1 = latitude: Latitude [deg]
# name 2 = longitude: Longitude [deg]
# name 3 = t090C: Temperature [ITS-90, deg C]
# name 4 = sal00: Salinity, Practical [PSU]
# name 5 = svCM: Sound Velocity [Chen-Millero, m/s]
# name 6 = flag:  0.000e+00
# span 0 =      2.762,     44.483                 
# span 1 =   68.13258,   68.13266                 
# span 2 = -167.48644, -167.48614                 
# span 3 =     3.5666,     5.2849                 
# span 4 =    29.7391,    32.1387                 
# span 5 =    1461.56,    1466.89                 
# span 6 = 0.0000e+00, 0.0000e+00                 
# interval = seconds: 0.0416667
# start_time = Oct 01 2023 15:41:18 [NMEA time, first data scan]
# bad_flag = -9.990e-29
*END*
[from data line 4103]
     42.873   68.13262 -167.48630     3.5803    32.0187    1461.72  0.000e+00
     42.927   68.13262 -167.48630     3.5804    32.0187    1461.72  0.000e+00
     42.873   68.13262 -167.48630     3.5806    32.0184    1461.72  0.000e+00
     42.927   68.13262 -167.48630     3.5808    32.0180    1461.72  0.000e+00
     42.927   68.13262 -167.48630     3.5810    32.0180    1461.72  0.000e+00
     42.981   68.13262 -167.48630     3.5812    32.0180    1461.73  0.000e+00
     42.927   68.13262 -167.48630     3.5808    32.0183    1461.72  0.000e+00
     42.989   68.13262 -167.48630     3.5811    32.0178    1461.73  0.000e+00
     42.927   68.13262 -167.48630     3.5812    32.0180    1461.72  0.000e+00
     42.989   68.13262 -167.48630     3.5811    32.0179    1461.73  0.000e+00
     42.927   68.13262 -167.48630     3.5810    32.0179    1461.72  0.000e+00
     42.873   68.13262 -167.48630     3.5812    32.0176    1461.72  0.000e+00
     42.927   68.13262 -167.48630     3.5813    32.0176    1461.72  0.000e+00
     42.873   68.13262 -167.48630     3.5811    32.0177    1461.72  0.000e+00
     42.927   68.13262 -167.48630     3.5812    32.0176    1461.72  0.000e+00
     42.873   68.13262 -167.48630     3.5811    32.0179    1461.72  0.000e+00
     42.927   68.13262 -167.48630     3.5811    32.0177    1461.72  0.000e+00
     42.873   68.13262 -167.48630     3.5811    32.0174    1461.72  0.000e+00
     42.927   68.13262 -167.48630     3.5812    32.0177    1461.72  0.000e+00
     42.927   68.13262 -167.48630     3.5811    32.0173    1461.72  0.000e+00
     42.873   68.13262 -167.48630     3.5811    32.0175    1461.72  0.000e+00
     42.927   68.13262 -167.48630     3.5812    32.0177    1461.72  0.000e+00
     42.927   68.13262 -167.48630     3.5810    32.0174    1461.72  0.000e+00
     42.927   68.13262 -167.48630     3.5811    32.0175    1461.72  0.000e+00
     42.873   68.13262 -167.48630     3.5813    32.0179    1461.72  0.000e+00
     42.927   68.13262 -167.48630     3.5811    32.0178    1461.72  0.000e+00
     42.927   68.13262 -167.48630     3.5813    32.0176    1461.72  0.000e+00
     42.873   68.13262 -167.48630     3.5812    32.0177    1461.72  0.000e+00
     42.873   68.13262 -167.48630     3.5811    32.0177    1461.72  0.000e+00
     42.873   68.13262 -167.48630     3.5811    32.0177    1461.72  0.000e+00
     42.873   68.13262 -167.48630     3.5810    32.0177    1461.72  0.000e+00
     42.811   68.13262 -167.48630     3.5811    32.0175    1461.72  0.000e+00
     42.873   68.13262 -167.48630     3.5810    32.0176    1461.72  0.000e+00
     42.811   68.13262 -167.48630     3.5810    32.0174    1461.72  0.000e+00
     42.811   68.13262 -167.48630     3.5809    32.0178    1461.72  0.000e+00
     42.873   68.13262 -167.48630     3.5808    32.0179    1461.72  0.000e+00
     42.811   68.13262 -167.48632     3.5810    32.0180    1461.72  0.000e+00
     42.811   68.13262 -167.48632     3.5810    32.0181    1461.72  0.000e+00
     42.811   68.13262 -167.48632     3.5810    32.0177    1461.72  0.000e+00
     42.811   68.13262 -167.48632     3.5808    32.0178    1461.72  0.000e+00
     42.757   68.13262 -167.48632     3.5809    32.0181    1461.72  0.000e+00
     42.811   68.13262 -167.48632     3.5811    32.0176    1461.72  0.000e+00
     42.757   68.13262 -167.48632     3.5810    32.0178    1461.72  0.000e+00
     42.757   68.13262 -167.48632     3.5812    32.0175    1461.72  0.000e+00
     42.757   68.13262 -167.48632     3.5810    32.0174    1461.72  0.000e+00
     42.696   68.13262 -167.48632     3.5808    32.0173    1461.72  0.000e+00
     42.750   68.13262 -167.48632     3.5811    32.0173    1461.72  0.000e+00
     42.696   68.13262 -167.48632     3.5809    32.0175    1461.72  0.000e+00
     42.696   68.13262 -167.48632     3.5805    32.0178    1461.72  0.000e+00
     42.696   68.13262 -167.48632     3.5805    32.0180    1461.72  0.000e+00
     42.642   68.13262 -167.48632     3.5805    32.0174    1461.72  0.000e+00
     42.696   68.13262 -167.48632     3.5805    32.0175    1461.72  0.000e+00
     42.642   68.13262 -167.48632     3.5803    32.0175    1461.72  0.000e+00
     42.642   68.13262 -167.48632     3.5802    32.0173    1461.71  0.000e+00
     42.642   68.13262 -167.48632     3.5802    32.0173    1461.71  0.000e+00
     42.642   68.13262 -167.48632     3.5797    32.0178    1461.71  0.000e+00
     42.642   68.13262 -167.48632     3.5796    32.0179    1461.71  0.000e+00
     42.588   68.13262 -167.48632     3.5794    32.0177    1461.71  0.000e+00
     42.588   68.13262 -167.48632     3.5791    32.0181    1461.71  0.000e+00
     42.588   68.13262 -167.48632     3.5792    32.0180    1461.71  0.000e+00
     42.588   68.13262 -167.48632     3.5789    32.0182    1461.71  0.000e+00
     42.526   68.13262 -167.48632     3.5787    32.0181    1461.71  0.000e+00
     42.526   68.13262 -167.48632     3.5786    32.0183    1461.71  0.000e+00
     42.588   68.13262 -167.48632     3.5788    32.0184    1461.71  0.000e+00
     42.526   68.13262 -167.48632     3.5787    32.0189    1461.71  0.000e+00
     42.472   68.13262 -167.48632     3.5787    32.0185    1461.71  0.000e+00
     42.526   68.13262 -167.48632     3.5788    32.0186    1461.71  0.000e+00
     42.526   68.13262 -167.48632     3.5791    32.0180    1461.71  0.000e+00
     42.472   68.13262 -167.48632     3.5791    32.0175    1461.71  0.000e+00
     42.472   68.13262 -167.48632     3.5787    32.0181    1461.71  0.000e+00
     42.472   68.13262 -167.48632     3.5788    32.0184    1461.71  0.000e+00
     42.472   68.13262 -167.48632     3.5789    32.0181    1461.71  0.000e+00
     42.410   68.13262 -167.48632     3.5791    32.0180    1461.71  0.000e+00
     42.472   68.13262 -167.48632     3.5788    32.0182    1461.71  0.000e+00
     42.410   68.13262 -167.48632     3.5789    32.0181    1461.71  0.000e+00
     42.348   68.13262 -167.48632     3.5786    32.0184    1461.70  0.000e+00
     42.472   68.13262 -167.48632     3.5786    32.0181    1461.71  0.000e+00
     42.410   68.13262 -167.48632     3.5786    32.0184    1461.71  0.000e+00
     42.410   68.13262 -167.48632     3.5784    32.0186    1461.71  0.000e+00
     42.410   68.13262 -167.48632     3.5787    32.0185    1461.71  0.000e+00
     42.410   68.13262 -167.48632     3.5786    32.0193    1461.71  0.000e+00
     42.356   68.13262 -167.48632     3.5789    32.0191    1461.71  0.000e+00
     42.410   68.13262 -167.48632     3.5791    32.0192    1461.71  0.000e+00
     42.356   68.13262 -167.48632     3.5794    32.0186    1461.71  0.000e+00
     42.410   68.13262 -167.48632     3.5797    32.0183    1461.71  0.000e+00
     42.348   68.13262 -167.48632     3.5797    32.0189    1461.71  0.000e+00
     42.356   68.13262 -167.48632     3.5802    32.0181    1461.71  0.000e+00
     42.356   68.13262 -167.48632     3.5803    32.0179    1461.71  0.000e+00
     42.356   68.13262 -167.48632     3.5803    32.0183    1461.71  0.000e+00
     42.356   68.13262 -167.48632     3.5804    32.0183    1461.71  0.000e+00
     42.356   68.13262 -167.48632     3.5806    32.0179    1461.71  0.000e+00
     42.356   68.13262 -167.48632     3.5806    32.0176    1461.71  0.000e+00
     42.356   68.13262 -167.48632     3.5805    32.0177    1461.71  0.000e+00
     42.294   68.13262 -167.48632     3.5804    32.0176    1461.71  0.000e+00
     42.348   68.13262 -167.48632     3.5803    32.0176    1461.71  0.000e+00
     42.356   68.13262 -167.48632     3.5802    32.0175    1461.71  0.000e+00
     42.294   68.13262 -167.48632     3.5802    32.0177    1461.71  0.000e+00
     42.356   68.13262 -167.48632     3.5798    32.0181    1461.71  0.000e+00
     42.356   68.13262 -167.48632     3.5797    32.0184    1461.71  0.000e+00
     42.356   68.13262 -167.48632     3.5799    32.0183    1461.71  0.000e+00
     42.294   68.13262 -167.48632     3.5798    32.0182    1461.71  0.000e+00
     42.356   68.13262 -167.48632     3.5798    32.0185    1461.71  0.000e+00
     42.356   68.13262 -167.48632     3.5802    32.0179    1461.71  0.000e+00
     42.348   68.13262 -167.48632     3.5799    32.0184    1461.71  0.000e+00
     42.356   68.13262 -167.48632     3.5800    32.0185    1461.71  0.000e+00
     42.294   68.13262 -167.48632     3.5802    32.0181    1461.71  0.000e+00
     42.356   68.13262 -167.48632     3.5802    32.0182    1461.71  0.000e+00
     42.356   68.13262 -167.48632     3.5800    32.0183    1461.71  0.000e+00
     42.356   68.13262 -167.48632     3.5802    32.0182    1461.71  0.000e+00
     42.356   68.13262 -167.48632     3.5804    32.0183    1461.71  0.000e+00
     42.356   68.13262 -167.48632     3.5803    32.0182    1461.71  0.000e+00
     42.356   68.13262 -167.48632     3.5808    32.0177    1461.71  0.000e+00
     42.410   68.13262 -167.48632     3.5804    32.0185    1461.71  0.000e+00
     42.348   68.13262 -167.48632     3.5806    32.0181    1461.71  0.000e+00
     42.410   68.13262 -167.48632     3.5806    32.0179    1461.71  0.000e+00
     42.356   68.13262 -167.48632     3.5806    32.0179    1461.71  0.000e+00
     42.410   68.13262 -167.48632     3.5805    32.0179    1461.71  0.000e+00
     42.410   68.13262 -167.48632     3.5806    32.0178    1461.71  0.000e+00
     42.410   68.13262 -167.48632     3.5805    32.0176    1461.71  0.000e+00
     42.410   68.13262 -167.48632     3.5807    32.0178    1461.71  0.000e+00
     42.410   68.13262 -167.48632     3.5805    32.0180    1461.71  0.000e+00
     42.410   68.13262 -167.48632     3.5805    32.0180    1461.71  0.000e+00
     42.464   68.13262 -167.48632     3.5804    32.0180    1461.71  0.000e+00
     42.472   68.13262 -167.48632     3.5803    32.0181    1461.71  0.000e+00
     42.472   68.13262 -167.48632     3.5805    32.0175    1461.71  0.000e+00
     42.472   68.13262 -167.48632     3.5802    32.0181    1461.71  0.000e+00
     42.472   68.13262 -167.48632     3.5803    32.0177    1461.71  0.000e+00
     42.472   68.13262 -167.48632     3.5802    32.0178    1461.71  0.000e+00
     42.526   68.13262 -167.48632     3.5800    32.0177    1461.71  0.000e+00
     42.526   68.13262 -167.48632     3.5801    32.0173    1461.71  0.000e+00
     42.526   68.13262 -167.48632     3.5797    32.0178    1461.71  0.000e+00
     42.526   68.13262 -167.48632     3.5797    32.0177    1461.71  0.000e+00
     42.580   68.13260 -167.48632     3.5796    32.0174    1461.71  0.000e+00
     42.526   68.13260 -167.48632     3.5794    32.0176    1461.71  0.000e+00
     42.588   68.13260 -167.48632     3.5792    32.0182    1461.71  0.000e+00
     42.588   68.13260 -167.48632     3.5793    32.0183    1461.71  0.000e+00
     42.588   68.13260 -167.48632     3.5791    32.0182    1461.71  0.000e+00
     42.642   68.13260 -167.48632     3.5794    32.0182    1461.71  0.000e+00
     42.642   68.13260 -167.48632     3.5791    32.0180    1461.71  0.000e+00
     42.642   68.13260 -167.48632     3.5792    32.0175    1461.71  0.000e+00
     42.642   68.13260 -167.48632     3.5791    32.0178    1461.71  0.000e+00
     42.642   68.13260 -167.48632     3.5794    32.0180    1461.71  0.000e+00
     42.696   68.13260 -167.48632     3.5793    32.0181    1461.71  0.000e+00
     42.696   68.13260 -167.48632     3.5792    32.0178    1461.71  0.000e+00
     42.696   68.13260 -167.48632     3.5789    32.0180    1461.71  0.000e+00
     42.757   68.13260 -167.48632     3.5791    32.0173    1461.71  0.000e+00
     42.696   68.13260 -167.48632     3.5789    32.0178    1461.71  0.000e+00
     42.757   68.13260 -167.48632     3.5783    32.0183    1461.71  0.000e+00
     42.757   68.13260 -167.48632     3.5786    32.0181    1461.71  0.000e+00
     42.757   68.13260 -167.48632     3.5784    32.0184    1461.71  0.000e+00
     42.811   68.13260 -167.48632     3.5784    32.0178    1461.71  0.000e+00
     42.750   68.13260 -167.48632     3.5781    32.0183    1461.71  0.000e+00
     42.873   68.13260 -167.48632     3.5782    32.0183    1461.71  0.000e+00
     42.811   68.13260 -167.48632     3.5781    32.0188    1461.71  0.000e+00
     42.873   68.13260 -167.48632     3.5783    32.0186    1461.71  0.000e+00
     42.811   68.13260 -167.48632     3.5783    32.0185    1461.71  0.000e+00
     42.873   68.13260 -167.48632     3.5783    32.0184    1461.71  0.000e+00
     42.873   68.13260 -167.48632     3.5783    32.0181    1461.71  0.000e+00
     42.873   68.13260 -167.48632     3.5782    32.0178    1461.71  0.000e+00
     42.927   68.13260 -167.48632     3.5781    32.0178    1461.71  0.000e+00
     42.873   68.13260 -167.48632     3.5779    32.0180    1461.71  0.000e+00
     42.927   68.13260 -167.48632     3.5778    32.0181    1461.71  0.000e+00
     42.927   68.13260 -167.48632     3.5774    32.0181    1461.71  0.000e+00
     42.927   68.13260 -167.48632     3.5771    32.0180    1461.71  0.000e+00
     42.989   68.13260 -167.48632     3.5770    32.0174    1461.71  0.000e+00
     42.927   68.13260 -167.48632     3.5765    32.0177    1461.70  0.000e+00
     42.927   68.13260 -167.48632     3.5763    32.0181    1461.70  0.000e+00
     42.989   68.13260 -167.48632     3.5759    32.0183    1461.70  0.000e+00
     42.989   68.13260 -167.48632     3.5756    32.0188    1461.70  0.000e+00
     42.989   68.13260 -167.48632     3.5758    32.0186    1461.70  0.000e+00
     42.989   68.13260 -167.48632     3.5756    32.0189    1461.70  0.000e+00
     42.989   68.13260 -167.48632     3.5759    32.0188    1461.70  0.000e+00
     43.043   68.13260 -167.48632     3.5757    32.0190    1461.70  0.000e+00
     42.927   68.13260 -167.48632     3.5756    32.0190    1461.70  0.000e+00
     42.989   68.13260 -167.48632     3.5756    32.0191    1461.70  0.000e+00
     43.043   68.13260 -167.48632     3.5757    32.0188    1461.70  0.000e+00
     42.989   68.13260 -167.48632     3.5754    32.0188    1461.70  0.000e+00
     43.043   68.13260 -167.48632     3.5754    32.0187    1461.70  0.000e+00
     42.989   68.13260 -167.48632     3.5751    32.0190    1461.70  0.000e+00
     42.989   68.13260 -167.48632     3.5752    32.0196    1461.70  0.000e+00
     43.043   68.13260 -167.48634     3.5751    32.0199    1461.70  0.000e+00
     42.989   68.13260 -167.48634     3.5754    32.0204    1461.70  0.000e+00
     43.043   68.13260 -167.48634     3.5761    32.0208    1461.71  0.000e+00
     42.981   68.13260 -167.48634     3.5768    32.0204    1461.71  0.000e+00
     42.989   68.13260 -167.48634     3.5770    32.0198    1461.71  0.000e+00
     42.989   68.13260 -167.48634     3.5771    32.0189    1461.71  0.000e+00
     42.989   68.13260 -167.48634     3.5772    32.0184    1461.71  0.000e+00
     43.043   68.13260 -167.48634     3.5768    32.0183    1461.71  0.000e+00
     42.989   68.13260 -167.48634     3.5767    32.0181    1461.71  0.000e+00
     42.927   68.13260 -167.48634     3.5763    32.0180    1461.70  0.000e+00
     42.989   68.13260 -167.48634     3.5760    32.0177    1461.70  0.000e+00
     42.989   68.13260 -167.48634     3.5756    32.0184    1461.70  0.000e+00
     42.927   68.13260 -167.48634     3.5752    32.0194    1461.70  0.000e+00
     42.989   68.13260 -167.48634     3.5752    32.0194    1461.70  0.000e+00
     42.927   68.13260 -167.48634     3.5754    32.0198    1461.70  0.000e+00
     42.927   68.13260 -167.48634     3.5759    32.0195    1461.70  0.000e+00
     42.927   68.13260 -167.48634     3.5760    32.0189    1461.70  0.000e+00
     42.873   68.13260 -167.48634     3.5760    32.0187    1461.70  0.000e+00
     42.927   68.13260 -167.48634     3.5762    32.0190    1461.70  0.000e+00
     42.873   68.13260 -167.48634     3.5763    32.0199    1461.71  0.000e+00
     42.873   68.13260 -167.48634     3.5773    32.0196    1461.71  0.000e+00
     42.873   68.13260 -167.48634     3.5779    32.0194    1461.71  0.000e+00
     42.873   68.13260 -167.48634     3.5786    32.0181    1461.71  0.000e+00
     42.812   68.13260 -167.48634     3.5788    32.0179    1461.71  0.000e+00
