EcoFOCI/data/1_SampleCollection/2023_SikuliaqDBO_CruiseData/CTD_raw_BottleFile_SKQ23-12S/proc/skq202312s_083.cnv
* Sea-Bird SBE 9 Data File:
* FileName = D:\CTD\SKQ202312S\SKQ202312S_083.hex
* Software Version Seasave V 7.26.7.121
* Temperature SN = 6177
* Conductivity SN = 0369
* Number of Bytes Per Scan = 41
* Number of Voltage Words = 4
* Number of Scans Averaged by the Deck Unit = 1
* NMEA Latitude = 65 38.84 N
* NMEA Longitude = 168 16.47 W
* NMEA UTC (Time) = Oct 03 2023  11:08:11
* NMEA baud rate = 4800
** Ship: R/V Sikuliaq
** Station Number: 083
** Station Name: BS2
** Bottom Depth: 45
** Operator: SD
# nquan = 24
# nvalues = 2989                                  
# units = specified
# name 0 = depSM: Depth [salt water, m]
# name 1 = latitude: Latitude [deg]
# name 2 = longitude: Longitude [deg]
# name 3 = prDM: Pressure, Digiquartz [db]
# name 4 = t090C: Temperature [ITS-90, deg C]
# name 5 = t190C: Temperature, 2 [ITS-90, deg C]
# name 6 = potemp090C: Potential Temperature [ITS-90, deg C]
# name 7 = sal00: Salinity, Practical [PSU]
# name 8 = sal11: Salinity, Practical, 2 [PSU]
# name 9 = density00: Density [density, kg/m^3]
# name 10 = sigma-é00: Density [sigma-theta, kg/m^3]
# name 11 = sbox0Mm/Kg: Oxygen, SBE 43 [umol/kg]
# name 12 = sbox1Mm/Kg: Oxygen, SBE 43, 2 [umol/kg]
# name 13 = oxsolMm/Kg: Oxygen Saturation, Garcia & Gordon [umol/kg]
# name 14 = sbeox0PS: Oxygen, SBE 43 [% saturation]
# name 15 = sbeox1PS: Oxygen, SBE 43, 2 [% saturation]
# name 16 = v0: Voltage 0
# name 17 = flECO-AFL: Fluorescence, WET Labs ECO-AFL/FL [mg/m^3]
# name 18 = v1: Voltage 1
# name 19 = CStarAt0: Beam Attenuation, WET Labs C-Star [1/m]
# name 20 = par: PAR/Irradiance, Biospherical/Licor
# name 21 = scan: Scan Count
# name 22 = timeM: Time, Elapsed [minutes]
# name 23 = flag:  0.000e+00
# span 0 =      2.442,     40.356                 
# span 1 =   65.64734,   65.64734                 
# span 2 = -168.27482, -168.27476                 
# span 3 =      2.467,     40.762                 
# span 4 =     2.9949,     6.6692                 
# span 5 =     2.9957,     6.6720                 
# span 6 =     2.9926,     6.6681                 
# span 7 =    28.0364,    32.7355                 
# span 8 =    28.0468,    32.7538                 
# span 9 =  1022.0885,  1026.2646                 
# span 10 =    22.0762,    26.0770                
# span 11 =    256.316,    292.022                
# span 12 =    244.267,    277.453                
# span 13 =  303.23674,  328.20107                
# span 14 =     78.964,     91.936                
# span 15 =     75.199,     87.409                
# span 16 =     0.1062,     0.2979                
# span 17 =     0.2894,     1.4395                
# span 18 =     3.1636,     4.0476                
# span 19 =     0.6083,     1.5943                
# span 20 = 1.0000e-12, 4.2732e-01                
# span 21 =          1,       2989                
# span 22 =     0.0000,     2.0750                
# span 23 = 0.0000e+00, 0.0000e+00                
# interval = seconds: 0.0416667
# start_time = Oct 03 2023 11:11:32 [NMEA time, first data scan]
# bad_flag = -9.990e-29
*END*
[from data line 2959]
     40.118   65.64734 -168.27478     40.521     2.9954     2.9964     2.9931    32.7295    32.7403  1026.2636    26.0735    260.293    247.505  328.19571     79.310     75.422     0.2821     1.3443     3.7814     0.8805 1.0000e-12       2960     2.0549  0.000e+00
     40.126   65.64734 -168.27478     40.529     2.9953     2.9963     2.9930    32.7292    32.7406  1026.2634    26.0732    260.284    247.512  328.19703     79.307     75.424     0.2796     1.3297     3.7778     0.8844 1.0000e-12       2961     2.0556  0.000e+00
     40.180   65.64734 -168.27478     40.583     2.9952     2.9962     2.9929    32.7292    32.7406  1026.2637    26.0732    260.277    247.522  328.19790     79.305     75.427     0.2796     1.3297     3.7778     0.8844 1.0000e-12       2962     2.0562  0.000e+00
     40.180   65.64734 -168.27478     40.583     2.9953     2.9963     2.9930    32.7291    32.7406  1026.2636    26.0732    260.266    247.530  328.19720     79.302     75.429     0.2796     1.3297     3.7778     0.8844 1.0000e-12       2963     2.0569  0.000e+00
     40.172   65.64734 -168.27478     40.575     2.9952     2.9962     2.9929    32.7290    32.7404  1026.2635    26.0731    260.256    247.540  328.19839     79.299     75.432     0.2796     1.3297     3.7778     0.8844 1.0000e-12       2964     2.0576  0.000e+00
     40.180   65.64734 -168.27478     40.583     2.9952     2.9963     2.9929    32.7291    32.7403  1026.2636    26.0732    260.247    247.526  328.19850     79.295     75.428     0.2784     1.3223     3.7778     0.8844 1.0000e-12       2965     2.0583  0.000e+00
     40.179   65.64734 -168.27478     40.583     2.9952     2.9963     2.9929    32.7294    32.7402  1026.2638    26.0734    260.272    247.537  328.19739     79.303     75.431     0.2796     1.3297     3.7778     0.8844 1.0000e-12       2966     2.0590  0.000e+00
     40.179   65.64734 -168.27478     40.583     2.9952     2.9963     2.9929    32.7290    32.7403  1026.2636    26.0731    260.264    247.743  328.19820     79.301     75.494     0.2784     1.3223     3.7778     0.8844 1.0000e-12       2967     2.0597  0.000e+00
     40.172   65.64734 -168.27478     40.575     2.9953     2.9963     2.9930    32.7290    32.7402  1026.2635    26.0731    260.254    247.582  328.19739     79.298     75.445     0.2796     1.3297     3.7778     0.8844 1.0000e-12       2968     2.0604  0.000e+00
     40.125   65.64734 -168.27478     40.528     2.9954     2.9962     2.9931    32.7290    32.7405  1026.2632    26.0730    260.243    247.593  328.19713     79.295     75.448     0.2796     1.3297     3.7778     0.8844 1.0000e-12       2969     2.0611  0.000e+00
     40.179   65.64734 -168.27478     40.583     2.9953     2.9962     2.9930    32.7289    32.7405  1026.2634    26.0730    260.274    247.780  328.19780     79.304     75.505     0.2796     1.3297     3.7790     0.8831 1.0000e-12       2970     2.0618  0.000e+00
     40.179   65.64734 -168.27478     40.583     2.9952     2.9964     2.9929    32.7293    32.7403  1026.2638    26.0733    260.048    247.618  328.19749     79.235     75.456     0.2796     1.3297     3.7778     0.8844 1.0000e-12       2971     2.0625  0.000e+00
     40.172   65.64734 -168.27478     40.575     2.9952     2.9965     2.9929    32.7290    32.7402  1026.2635    26.0731    260.008    247.631  328.19869     79.223     75.460     0.2784     1.3223     3.7778     0.8844 1.0000e-12       2972     2.0632  0.000e+00
     40.241   65.64734 -168.27478     40.645     2.9952     2.9962     2.9929    32.7293    32.7405  1026.2640    26.0733    260.007    247.626  328.19768     79.223     75.458     0.2796     1.3297     3.7778     0.8844 1.0000e-12       2973     2.0639  0.000e+00
     40.179   65.64734 -168.27478     40.583     2.9955     2.9964     2.9932    32.7292    32.7401  1026.2637    26.0732    260.402    247.637  328.19560     79.343     75.462     0.2784     1.3223     3.7778     0.8844 1.0000e-12       2974     2.0646  0.000e+00
     40.241   65.64734 -168.27478     40.645     2.9954     2.9962     2.9931    32.7295    32.7401  1026.2642    26.0735    260.255    247.656  328.19568     79.299     75.467     0.2796     1.3297     3.7778     0.8844 1.0000e-12       2975     2.0653  0.000e+00
     40.287   65.64734 -168.27478     40.692     2.9955     2.9965     2.9932    32.7296    32.7401  1026.2645    26.0735    260.254    247.866  328.19464     79.299     75.532     0.2784     1.3223     3.7778     0.8844 1.0000e-12       2976     2.0660  0.000e+00
     40.241   65.64734 -168.27478     40.645     2.9952     2.9963     2.9929    32.7296    32.7404  1026.2643    26.0735    260.253    247.709  328.19687     79.298     75.484     0.2796     1.3297     3.7778     0.8844 1.0000e-12       2977     2.0667  0.000e+00
     40.241   65.64734 -168.27478     40.645     2.9955     2.9965     2.9932    32.7292    32.7404  1026.2639    26.0732    260.251    247.920  328.19568     79.297     75.548     0.2796     1.3297     3.7778     0.8844 1.0000e-12       2978     2.0674  0.000e+00
     40.295   65.64734 -168.27478     40.700     2.9954     2.9961     2.9931    32.7289    32.7406  1026.2640    26.0730    260.252    247.768  328.19716     79.298     75.502     0.2796     1.3297     3.7778     0.8844 1.0000e-12       2979     2.0681  0.000e+00
     40.287   65.64734 -168.27478     40.692     2.9955     2.9965     2.9932    32.7288    32.7399  1026.2639    26.0729    260.250    247.980  328.19655     79.297     75.567     0.2796     1.3297     3.7558     0.9077 1.0000e-12       2980     2.0688  0.000e+00
     40.241   65.64734 -168.27478     40.645     2.9956     2.9963     2.9932    32.7290    32.7401  1026.2638    26.0731    260.283    248.020  328.19559     79.307     75.579     0.2784     1.3223     3.7216     0.9443 1.0000e-12       2981     2.0694  0.000e+00
     40.295   65.64734 -168.27478     40.700     2.9953     2.9964     2.9930    32.7291    32.7403  1026.2641    26.0731    260.286    247.843  328.19725     79.308     75.525     0.2735     1.2930     3.7131     0.9535 1.0000e-12       2982     2.0701  0.000e+00
     40.295   65.64734 -168.27478     40.700     2.9956     2.9962     2.9932    32.7291    32.7403  1026.2642    26.0732    260.321    248.034  328.19536     79.319     75.583     0.2247     1.0000     3.7155     0.9509 1.0000e-12       2983     2.0708  0.000e+00
     40.287   65.64734 -168.27478     40.692     2.9952     2.9963     2.9929    32.7293    32.7402  1026.2643    26.0733    260.361    247.854  328.19804     79.330     75.528     0.2039     0.8754     3.7167     0.9496 1.0000e-12       2984     2.0715  0.000e+00
     40.295   65.64734 -168.27478     40.700     2.9952     2.9964     2.9929    32.7293    32.7402  1026.2643    26.0734    260.364    247.847  328.19745     79.331     75.526     0.2027     0.8681     3.7167     0.9496 1.0000e-12       2985     2.0722  0.000e+00
     40.295   65.64734 -168.27478     40.700     2.9952     2.9963     2.9929    32.7296    32.7404  1026.2646    26.0736    260.403    247.840  328.19724     79.343     75.524     0.2051     0.8828     3.7167     0.9496 1.0000e-12       2986     2.0729  0.000e+00
     40.287   65.64734 -168.27478     40.692     2.9954     2.9964     2.9931    32.7291    32.7399  1026.2641    26.0731    260.443    248.029  328.19684     79.356     75.581     0.2063     0.8901     3.7167     0.9496 1.0000e-12       2987     2.0736  0.000e+00
     40.241   65.64734 -168.27478     40.645     2.9952     2.9963     2.9929    32.7292    32.7403  1026.2640    26.0733    260.485    247.847  328.19818     79.368     75.526     0.2051     0.8828     3.7167     0.9496 1.0000e-12       2988     2.0743  0.000e+00
     40.356   65.64734 -168.27478     40.762     2.9952     2.9965     2.9929    32.7289    32.7398  1026.2643    26.0730    260.497    248.038  328.19863     79.372     75.584     0.2063     0.8901     3.7167     0.9496 1.0000e-12       2989     2.0750  0.000e+00
