EcoFOCI/data/1_SampleCollection/2023_SikuliaqDBO_CruiseData/CTD_raw_BottleFile_SKQ23-12S/proc/skq202312s_036svp.cnv
* Sea-Bird SBE 9 Data File:
* FileName = D:\CTD\SKQ202312S\SKQ202312S_036.hex
* Software Version Seasave V 7.26.7.121
* Temperature SN = 6177
* Conductivity SN = 0369
* Number of Bytes Per Scan = 41
* Number of Voltage Words = 4
* Number of Scans Averaged by the Deck Unit = 1
* NMEA Latitude = 72 27.93 N
* NMEA Longitude = 156 32.77 W
* NMEA UTC (Time) = Sep 22 2023  14:08:00
* NMEA baud rate = 4800
** Ship: R/V Sikuliaq
** Station Number: 036
** Station Name: CK9
** Bottom Depth: 990
** Operator: SD
# nquan = 7
# nvalues = 32773                                 
# units = specified
# name 0 = depSM: Depth [salt water, m]
# name 1 = latitude: Latitude [deg]
# name 2 = longitude: Longitude [deg]
# name 3 = t090C: Temperature [ITS-90, deg C]
# name 4 = sal00: Salinity, Practical [PSU]
# name 5 = svCM: Sound Velocity [Chen-Millero, m/s]
# name 6 = flag:  0.000e+00
# span 0 =      2.365,    980.988                 
# span 1 =   72.46518,   72.46554                 
# span 2 = -156.54650, -156.54608                 
# span 3 =    -1.6685,     3.6149                 
# span 4 =    27.5609,    34.8604                 
# span 5 =    1440.28,    1466.51                 
# span 6 = 0.0000e+00, 0.0000e+00                 
# interval = seconds: 0.0416667
# start_time = Sep 22 2023 14:11:59 [NMEA time, first data scan]
# bad_flag = -9.990e-29
*END*
[from data line 411]
      3.512   72.46550 -156.54614     3.5381    27.5815    1455.17  0.000e+00
      3.450   72.46550 -156.54614     3.5426    27.5823    1455.19  0.000e+00
      3.512   72.46550 -156.54614     3.5462    27.5814    1455.21  0.000e+00
      3.450   72.46550 -156.54614     3.5487    27.5811    1455.22  0.000e+00
      3.450   72.46550 -156.54614     3.5524    27.5828    1455.23  0.000e+00
      3.396   72.46550 -156.54614     3.5576    27.5835    1455.26  0.000e+00
      3.450   72.46550 -156.54614     3.5606    27.5810    1455.27  0.000e+00
      3.396   72.46550 -156.54614     3.5608    27.5765    1455.26  0.000e+00
      3.396   72.46550 -156.54614     3.5585    27.5741    1455.25  0.000e+00
      3.342   72.46550 -156.54614     3.5561    27.5750    1455.24  0.000e+00
      3.342   72.46550 -156.54614     3.5553    27.5777    1455.24  0.000e+00
      3.342   72.46550 -156.54614     3.5563    27.5803    1455.25  0.000e+00
      3.280   72.46550 -156.54614     3.5587    27.5820    1455.26  0.000e+00
      3.342   72.46550 -156.54614     3.5615    27.5819    1455.27  0.000e+00
      3.280   72.46550 -156.54614     3.5637    27.5776    1455.27  0.000e+00
      3.226   72.46550 -156.54614     3.5613    27.5711    1455.25  0.000e+00
      3.226   72.46550 -156.54614     3.5545    27.5651    1455.22  0.000e+00
      3.203   72.46550 -156.54614     3.5465    27.5642    1455.18  0.000e+00
      3.226   72.46550 -156.54614     3.5402    27.5672    1455.16  0.000e+00
      3.165   72.46550 -156.54614     3.5365    27.5699    1455.14  0.000e+00
      3.165   72.46550 -156.54614     3.5341    27.5735    1455.14  0.000e+00
      3.165   72.46550 -156.54614     3.5349    27.5771    1455.15  0.000e+00
      3.111   72.46550 -156.54614     3.5373    27.5786    1455.16  0.000e+00
      3.111   72.46550 -156.54614     3.5393    27.5769    1455.16  0.000e+00
      3.165   72.46550 -156.54614     3.5389    27.5730    1455.16  0.000e+00
      3.057   72.46550 -156.54614     3.5367    27.5707    1455.14  0.000e+00
      3.111   72.46550 -156.54614     3.5336    27.5685    1455.13  0.000e+00
      3.057   72.46550 -156.54614     3.5295    27.5674    1455.11  0.000e+00
      3.057   72.46550 -156.54614     3.5249    27.5679    1455.09  0.000e+00
      3.057   72.46550 -156.54614     3.5208    27.5696    1455.07  0.000e+00
      2.995   72.46550 -156.54614     3.5180    27.5709    1455.06  0.000e+00
      3.057   72.46550 -156.54614     3.5156    27.5719    1455.05  0.000e+00
      2.995   72.46550 -156.54614     3.5139    27.5729    1455.05  0.000e+00
      3.057   72.46550 -156.54614     3.5125    27.5730    1455.04  0.000e+00
      2.941   72.46550 -156.54614     3.5107    27.5738    1455.03  0.000e+00
      2.995   72.46550 -156.54614     3.5099    27.5736    1455.03  0.000e+00
      2.995   72.46550 -156.54614     3.5092    27.5740    1455.03  0.000e+00
      2.941   72.46550 -156.54614     3.5084    27.5743    1455.03  0.000e+00
      2.995   72.46550 -156.54614     3.5079    27.5742    1455.02  0.000e+00
      2.941   72.46550 -156.54614     3.5072    27.5745    1455.02  0.000e+00
      2.995   72.46550 -156.54614     3.5071    27.5743    1455.02  0.000e+00
      2.879   72.46550 -156.54614     3.5072    27.5745    1455.02  0.000e+00
      2.941   72.46550 -156.54614     3.5071    27.5749    1455.02  0.000e+00
      2.941   72.46550 -156.54614     3.5077    27.5747    1455.02  0.000e+00
      2.941   72.46550 -156.54614     3.5076    27.5750    1455.02  0.000e+00
      2.941   72.46550 -156.54614     3.5080    27.5749    1455.02  0.000e+00
      2.879   72.46550 -156.54614     3.5080    27.5748    1455.02  0.000e+00
      2.941   72.46550 -156.54614     3.5080    27.5747    1455.02  0.000e+00
      2.879   72.46550 -156.54614     3.5079    27.5749    1455.02  0.000e+00
      2.941   72.46550 -156.54614     3.5080    27.5750    1455.02  0.000e+00
      2.941   72.46550 -156.54614     3.5087    27.5752    1455.03  0.000e+00
      2.879   72.46550 -156.54614     3.5093    27.5749    1455.03  0.000e+00
      2.879   72.46550 -156.54614     3.5097    27.5749    1455.03  0.000e+00
      2.941   72.46550 -156.54614     3.5102    27.5746    1455.03  0.000e+00
      2.879   72.46550 -156.54614     3.5105    27.5747    1455.03  0.000e+00
      2.879   72.46550 -156.54614     3.5113    27.5745    1455.04  0.000e+00
      2.941   72.46550 -156.54614     3.5117    27.5751    1455.04  0.000e+00
      2.879   72.46550 -156.54614     3.5118    27.5765    1455.04  0.000e+00
      2.879   72.46550 -156.54614     3.5128    27.5772    1455.05  0.000e+00
      2.879   72.46550 -156.54614     3.5146    27.5780    1455.06  0.000e+00
      2.879   72.46550 -156.54614     3.5161    27.5782    1455.06  0.000e+00
      2.941   72.46550 -156.54614     3.5161    27.5792    1455.06  0.000e+00
      2.879   72.46550 -156.54614     3.5169    27.5786    1455.07  0.000e+00
      2.879   72.46550 -156.54614     3.5175    27.5779    1455.07  0.000e+00
      2.941   72.46550 -156.54614     3.5185    27.5771    1455.07  0.000e+00
      2.825   72.46550 -156.54614     3.5198    27.5758    1455.07  0.000e+00
      2.941   72.46550 -156.54614     3.5205    27.5743    1455.08  0.000e+00
      2.879   72.46550 -156.54614     3.5208    27.5729    1455.08  0.000e+00
      2.879   72.46550 -156.54614     3.5211    27.5719    1455.08  0.000e+00
      2.879   72.46550 -156.54614     3.5205    27.5715    1455.07  0.000e+00
      2.941   72.46550 -156.54614     3.5197    27.5731    1455.07  0.000e+00
      2.879   72.46550 -156.54614     3.5200    27.5774    1455.08  0.000e+00
      2.941   72.46550 -156.54614     3.5222    27.5804    1455.09  0.000e+00
      2.879   72.46550 -156.54614     3.5252    27.5792    1455.10  0.000e+00
      2.879   72.46550 -156.54614     3.5273    27.5788    1455.11  0.000e+00
      2.879   72.46550 -156.54614     3.5315    27.5782    1455.13  0.000e+00
      2.941   72.46550 -156.54614     3.5349    27.5775    1455.14  0.000e+00
      2.941   72.46550 -156.54614     3.5370    27.5766    1455.15  0.000e+00
      2.879   72.46550 -156.54614     3.5401    27.5765    1455.16  0.000e+00
      2.940   72.46550 -156.54614     3.5426    27.5767    1455.18  0.000e+00
      2.940   72.46550 -156.54614     3.5435    27.5746    1455.18  0.000e+00
      2.879   72.46550 -156.54614     3.5427    27.5734    1455.17  0.000e+00
      2.994   72.46550 -156.54614     3.5418    27.5734    1455.17  0.000e+00
      2.879   72.46550 -156.54614     3.5412    27.5738    1455.16  0.000e+00
      2.940   72.46550 -156.54614     3.5409    27.5740    1455.16  0.000e+00
      2.994   72.46550 -156.54614     3.5407    27.5747    1455.17  0.000e+00
      2.940   72.46550 -156.54614     3.5410    27.5751    1455.17  0.000e+00
      2.994   72.46550 -156.54614     3.5415    27.5753    1455.17  0.000e+00
      2.994   72.46550 -156.54614     3.5421    27.5772    1455.17  0.000e+00
      2.879   72.46550 -156.54614     3.5446    27.5797    1455.19  0.000e+00
      3.087   72.46550 -156.54614     3.5480    27.5812    1455.21  0.000e+00
      2.994   72.46550 -156.54614     3.5505    27.5799    1455.21  0.000e+00
      3.056   72.46550 -156.54614     3.5519    27.5799    1455.22  0.000e+00
      2.994   72.46550 -156.54614     3.5540    27.5838    1455.23  0.000e+00
      3.056   72.46550 -156.54614     3.5592    27.5871    1455.26  0.000e+00
      3.056   72.46550 -156.54614     3.5653    27.5880    1455.29  0.000e+00
      3.056   72.46550 -156.54614     3.5708    27.5876    1455.31  0.000e+00
      3.110   72.46550 -156.54614     3.5761    27.5861    1455.33  0.000e+00
      3.056   72.46550 -156.54614     3.5806    27.5856    1455.35  0.000e+00
      3.164   72.46550 -156.54614     3.5850    27.5843    1455.37  0.000e+00
      3.110   72.46550 -156.54614     3.5884    27.5824    1455.38  0.000e+00
      3.110   72.46550 -156.54614     3.5909    27.5800    1455.39  0.000e+00
      3.164   72.46550 -156.54614     3.5923    27.5785    1455.40  0.000e+00
      3.164   72.46550 -156.54614     3.5931    27.5777    1455.40  0.000e+00
      3.164   72.46550 -156.54614     3.5932    27.5773    1455.40  0.000e+00
      3.225   72.46550 -156.54614     3.5928    27.5784    1455.40  0.000e+00
      3.225   72.46550 -156.54614     3.5938    27.5784    1455.40  0.000e+00
      3.164   72.46550 -156.54614     3.5944    27.5778    1455.40  0.000e+00
      3.279   72.46550 -156.54614     3.5939    27.5758    1455.40  0.000e+00
      3.225   72.46550 -156.54614     3.5922    27.5749    1455.39  0.000e+00
      3.279   72.46550 -156.54614     3.5898    27.5758    1455.38  0.000e+00
      3.279   72.46550 -156.54614     3.5873    27.5785    1455.38  0.000e+00
      3.279   72.46550 -156.54614     3.5873    27.5800    1455.38  0.000e+00
      3.341   72.46550 -156.54614     3.5881    27.5809    1455.38  0.000e+00
      3.279   72.46550 -156.54614     3.5889    27.5800    1455.38  0.000e+00
      3.341   72.46550 -156.54614     3.5889    27.5785    1455.38  0.000e+00
      3.341   72.46550 -156.54614     3.5874    27.5774    1455.38  0.000e+00
      3.341   72.46550 -156.54614     3.5847    27.5771    1455.36  0.000e+00
      3.395   72.46550 -156.54614     3.5819    27.5768    1455.35  0.000e+00
      3.341   72.46550 -156.54614     3.5786    27.5765    1455.34  0.000e+00
      3.395   72.46550 -156.54614     3.5745    27.5783    1455.32  0.000e+00
      3.395   72.46550 -156.54614     3.5708    27.5802    1455.31  0.000e+00
      3.395   72.46550 -156.54614     3.5675    27.5812    1455.30  0.000e+00
      3.449   72.46550 -156.54614     3.5645    27.5821    1455.28  0.000e+00
      3.395   72.46550 -156.54614     3.5612    27.5837    1455.27  0.000e+00
      3.449   72.46550 -156.54614     3.5593    27.5853    1455.27  0.000e+00
      3.395   72.46550 -156.54614     3.5581    27.5872    1455.26  0.000e+00
      3.511   72.46550 -156.54614     3.5582    27.5879    1455.27  0.000e+00
      3.395   72.46550 -156.54614     3.5582    27.5889    1455.27  0.000e+00
      3.449   72.46550 -156.54614     3.5582    27.5895    1455.27  0.000e+00
      3.510   72.46550 -156.54614     3.5579    27.5894    1455.27  0.000e+00
      3.449   72.46550 -156.54614     3.5577    27.5887    1455.26  0.000e+00
      3.449   72.46550 -156.54614     3.5576    27.5886    1455.26  0.000e+00
      3.449   72.46550 -156.54614     3.5563    27.5901    1455.26  0.000e+00
      3.449   72.46550 -156.54614     3.5558    27.5908    1455.26  0.000e+00
      3.510   72.46550 -156.54614     3.5563    27.5912    1455.26  0.000e+00
      3.449   72.46550 -156.54614     3.5584    27.5904    1455.27  0.000e+00
      3.510   72.46550 -156.54614     3.5590    27.5892    1455.27  0.000e+00
      3.426   72.46550 -156.54614     3.5588    27.5870    1455.27  0.000e+00
      3.449   72.46550 -156.54616     3.5571    27.5872    1455.26  0.000e+00
      3.449   72.46550 -156.54616     3.5563    27.5892    1455.26  0.000e+00
      3.449   72.46550 -156.54616     3.5572    27.5902    1455.26  0.000e+00
      3.449   72.46550 -156.54616     3.5596    27.5901    1455.27  0.000e+00
      3.449   72.46550 -156.54616     3.5622    27.5893    1455.28  0.000e+00
      3.449   72.46550 -156.54616     3.5650    27.5880    1455.29  0.000e+00
      3.395   72.46550 -156.54616     3.5674    27.5860    1455.30  0.000e+00
      3.449   72.46550 -156.54616     3.5692    27.5847    1455.31  0.000e+00
      3.395   72.46550 -156.54616     3.5711    27.5831    1455.31  0.000e+00
      3.395   72.46550 -156.54616     3.5723    27.5824    1455.32  0.000e+00
      3.395   72.46550 -156.54616     3.5737    27.5817    1455.32  0.000e+00
      3.395   72.46550 -156.54616     3.5752    27.5811    1455.33  0.000e+00
      3.341   72.46550 -156.54616     3.5767    27.5808    1455.33  0.000e+00
      3.395   72.46550 -156.54616     3.5781    27.5800    1455.34  0.000e+00
      3.341   72.46550 -156.54616     3.5783    27.5781    1455.34  0.000e+00
      3.341   72.46550 -156.54616     3.5771    27.5752    1455.33  0.000e+00
      3.341   72.46550 -156.54616     3.5749    27.5750    1455.32  0.000e+00
      3.279   72.46550 -156.54616     3.5734    27.5768    1455.31  0.000e+00
      3.341   72.46550 -156.54616     3.5730    27.5771    1455.31  0.000e+00
      3.279   72.46550 -156.54616     3.5718    27.5774    1455.31  0.000e+00
      3.225   72.46550 -156.54616     3.5707    27.5785    1455.30  0.000e+00
      3.279   72.46550 -156.54616     3.5709    27.5806    1455.31  0.000e+00
      3.225   72.46550 -156.54616     3.5721    27.5807    1455.31  0.000e+00
      3.225   72.46550 -156.54616     3.5716    27.5786    1455.31  0.000e+00
      3.163   72.46550 -156.54616     3.5696    27.5768    1455.30  0.000e+00
      3.225   72.46550 -156.54616     3.5672    27.5768    1455.29  0.000e+00
      3.163   72.46550 -156.54616     3.5661    27.5777    1455.28  0.000e+00
      3.163   72.46550 -156.54616     3.5648    27.5776    1455.28  0.000e+00
      3.109   72.46550 -156.54616     3.5640    27.5776    1455.27  0.000e+00
      3.163   72.46550 -156.54616     3.5633    27.5771    1455.27  0.000e+00
      3.109   72.46550 -156.54616     3.5626    27.5766    1455.26  0.000e+00
      3.055   72.46550 -156.54616     3.5610    27.5757    1455.26  0.000e+00
      3.109   72.46550 -156.54616     3.5595    27.5747    1455.25  0.000e+00
      3.055   72.46550 -156.54616     3.5573    27.5738    1455.24  0.000e+00
      3.055   72.46550 -156.54616     3.5547    27.5725    1455.22  0.000e+00
      3.055   72.46550 -156.54616     3.5516    27.5718    1455.21  0.000e+00
      3.055   72.46550 -156.54616     3.5481    27.5710    1455.19  0.000e+00
      2.993   72.46550 -156.54616     3.5443    27.5701    1455.18  0.000e+00
      2.993   72.46550 -156.54616     3.5412    27.5690    1455.16  0.000e+00
      2.993   72.46550 -156.54616     3.5381    27.5692    1455.15  0.000e+00
      2.993   72.46550 -156.54616     3.5352    27.5683    1455.13  0.000e+00
      2.939   72.46550 -156.54616     3.5310    27.5689    1455.12  0.000e+00
      2.939   72.46550 -156.54616     3.5279    27.5695    1455.10  0.000e+00
      2.993   72.46550 -156.54616     3.5252    27.5707    1455.09  0.000e+00
      2.939   72.46550 -156.54616     3.5232    27.5714    1455.09  0.000e+00
      2.939   72.46550 -156.54616     3.5209    27.5724    1455.08  0.000e+00
      2.939   72.46550 -156.54616     3.5200    27.5731    1455.07  0.000e+00
      2.939   72.46550 -156.54616     3.5194    27.5738    1455.07  0.000e+00
      2.939   72.46550 -156.54616     3.5191    27.5738    1455.07  0.000e+00
      2.939   72.46550 -156.54616     3.5189    27.5744    1455.07  0.000e+00
      2.878   72.46550 -156.54616     3.5186    27.5752    1455.07  0.000e+00
      2.939   72.46550 -156.54616     3.5188    27.5762    1455.07  0.000e+00
      2.939   72.46550 -156.54616     3.5192    27.5773    1455.08  0.000e+00
      2.824   72.46550 -156.54616     3.5208    27.5776    1455.08  0.000e+00
      2.970   72.46550 -156.54616     3.5243    27.5764    1455.10  0.000e+00
      2.939   72.46550 -156.54616     3.5284    27.5758    1455.11  0.000e+00
      2.878   72.46550 -156.54616     3.5321    27.5754    1455.13  0.000e+00
      2.939   72.46550 -156.54616     3.5357    27.5744    1455.14  0.000e+00
      2.939   72.46550 -156.54616     3.5364    27.5744    1455.15  0.000e+00
      2.939   72.46550 -156.54616     3.5368    27.5752    1455.15  0.000e+00
      2.939   72.46550 -156.54616     3.5377    27.5763    1455.15  0.000e+00
      2.878   72.46550 -156.54616     3.5383    27.5783    1455.16  0.000e+00
      2.939   72.46550 -156.54616     3.5396    27.5810    1455.17  0.000e+00
      2.993   72.46550 -156.54616     3.5404    27.5834    1455.18  0.000e+00
      2.993   72.46550 -156.54616     3.5418    27.5843    1455.18  0.000e+00
