EcoFOCI/data/1_SampleCollection/2023_SikuliaqDBO_CruiseData/CTD_raw_BottleFile_SKQ23-12S/proc/skq202312s_054.ros
* Sea-Bird SBE 9 Data File:
* FileName = D:\CTD\SKQ202312S\SKQ202312S_054.hex
* Software Version Seasave V 7.26.7.121
* Temperature SN = 6177
* Conductivity SN = 0369
* Number of Bytes Per Scan = 41
* Number of Voltage Words = 4
* Number of Scans Averaged by the Deck Unit = 1
* NMEA Latitude = 70 58.30 N
* NMEA Longitude = 163 33.99 W
* NMEA UTC (Time) = Sep 27 2023  02:24:07
* NMEA baud rate = 4800
** Ship: R/V Sikuliaq
** Station Number: 054
** Station Name: IC8
** Bottom Depth: 45
** Operator: SD
# nquan = 22
# nvalues = 784                                   
# units = specified
# name 0 = depSM: Depth [salt water, m]
# name 1 = latitude: Latitude [deg]
# name 2 = longitude: Longitude [deg]
# name 3 = prDM: Pressure, Digiquartz [db]
# name 4 = t090C: Temperature [ITS-90, deg C]
# name 5 = t190C: Temperature, 2 [ITS-90, deg C]
# name 6 = potemp090C: Potential Temperature [ITS-90, deg C]
# name 7 = sal00: Salinity, Practical [PSU]
# name 8 = sal11: Salinity, Practical, 2 [PSU]
# name 9 = density00: Density [density, kg/m^3]
# name 10 = sigma-é00: Density [sigma-theta, kg/m^3]
# name 11 = sbox0Mm/Kg: Oxygen, SBE 43 [umol/kg]
# name 12 = sbox1Mm/Kg: Oxygen, SBE 43, 2 [umol/kg]
# name 13 = oxsolMm/Kg: Oxygen Saturation, Garcia & Gordon [umol/kg]
# name 14 = sbeox0PS: Oxygen, SBE 43 [% saturation]
# name 15 = v0: Voltage 0
# name 16 = flECO-AFL: Fluorescence, WET Labs ECO-AFL/FL [mg/m^3]
# name 17 = CStarAt0: Beam Attenuation, WET Labs C-Star [1/m]
# name 18 = par: PAR/Irradiance, Biospherical/Licor
# name 19 = scan: Scan Count
# name 20 = nbf: Bottles Fired
# name 21 = flag:  0.000e+00
# interval = seconds: 0.0416667
# start_time = Sep 27 2023 02:28:34 [NMEA time, first data scan]
# bad_flag = -9.990e-29
*END*
[from data line 593]
     10.417   70.97154 -163.56698     10.524     4.6704     4.6730     4.6697    30.4676    30.4768  1024.1669    24.1178    305.326    287.758  320.48603     95.270     0.1636     0.6337     0.5795 1.1000e+01      19919         13  0.000e+00
     10.394   70.97154 -163.56698     10.501     4.6706     4.6727     4.6699    30.4671    30.4777  1024.1664    24.1174    305.308    287.759  320.48550     95.264     0.1624     0.6264     0.5795 1.1000e+01      19920         13  0.000e+00
     10.448   70.97154 -163.56698     10.555     4.6701     4.6724     4.6694    30.4673    30.4778  1024.1669    24.1176    305.505    287.766  320.48878     95.325     0.1636     0.6337     0.5783 1.1000e+01      19921         13  0.000e+00
     10.448   70.97154 -163.56698     10.555     4.6702     4.6725     4.6695    30.4678    30.4778  1024.1673    24.1180    305.340    287.771  320.48666     95.274     0.1624     0.6264     0.5783 1.1000e+01      19922         13  0.000e+00
     10.394   70.97154 -163.56698     10.501     4.6706     4.6727     4.6699    30.4681    30.4776  1024.1672    24.1182    305.350    287.777  320.48322     95.278     0.1636     0.6337     0.5783 1.1000e+01      19923         13  0.000e+00
     10.448   70.97154 -163.56698     10.555     4.6709     4.6723     4.6702    30.4681    30.4778  1024.1674    24.1181    305.542    287.792  320.48084     95.339     0.1624     0.6264     0.5795 1.1000e+01      19924         13  0.000e+00
     10.448   70.97154 -163.56698     10.555     4.6715     4.6722     4.6708    30.4680    30.4779  1024.1673    24.1180    305.279    287.806  320.47659     95.258     0.1636     0.6337     0.5795 1.1000e+01      19925         13  0.000e+00
     10.448   70.97154 -163.56698     10.555     4.6720     4.6722     4.6713    30.4682    30.4777  1024.1674    24.1181    305.254    287.823  320.47171     95.251     0.1624     0.6264     0.5806 1.1031e+01      19926         13  0.000e+00
     10.417   70.97154 -163.56698     10.524     4.6725     4.6722     4.6718    30.4682    30.4776  1024.1672    24.1181    305.262    287.819  320.46809     95.255     0.1636     0.6337     0.5806 1.1000e+01      19927         13  0.000e+00
     10.448   70.97154 -163.56698     10.555     4.6726     4.6720     4.6719    30.4677    30.4779  1024.1670    24.1177    305.278    287.820  320.46837     95.260     0.1624     0.6264     0.5795 1.1031e+01      19928         13  0.000e+00
     10.394   70.97154 -163.56698     10.501     4.6728     4.6721     4.6721    30.4668    30.4778  1024.1660    24.1170    305.467    287.819  320.46889     95.319     0.1636     0.6337     0.5806 1.1031e+01      19929         13  0.000e+00
     10.448   70.97154 -163.56698     10.555     4.6720     4.6720     4.6713    30.4665    30.4779  1024.1661    24.1168    305.281    287.844  320.47571     95.259     0.1624     0.6264     0.5806 1.1031e+01      19930         13  0.000e+00
     10.448   70.97154 -163.56698     10.555     4.6713     4.6723     4.6706    30.4663    30.4778  1024.1660    24.1167    305.270    287.868  320.48181     95.253     0.1624     0.6264     0.5806 1.1063e+01      19931         13  0.000e+00
     10.448   70.97154 -163.56698     10.555     4.6707     4.6722     4.6700    30.4662    30.4779  1024.1660    24.1167    305.289    287.898  320.48642     95.258     0.1624     0.6264     0.5806 1.1031e+01      19932         13  0.000e+00
     10.448   70.97154 -163.56698     10.555     4.6699     4.6723     4.6692    30.4666    30.4778  1024.1664    24.1171    305.310    287.907  320.49155     95.263     0.1636     0.6337     0.5806 1.1063e+01      19933         13  0.000e+00
     10.448   70.97154 -163.56698     10.555     4.6695     4.6723     4.6688    30.4672    30.4778  1024.1668    24.1176    305.297    287.919  320.49348     95.258     0.1636     0.6337     0.5806 1.1063e+01      19934         13  0.000e+00
     10.417   70.97154 -163.56698     10.524     4.6692     4.6720     4.6685    30.4676    30.4778  1024.1671    24.1179    305.314    287.934  320.49527     95.263     0.1624     0.6264     0.5806 1.1063e+01      19935         13  0.000e+00
     10.448   70.97154 -163.56698     10.555     4.6689     4.6722     4.6681    30.4674    30.4778  1024.1671    24.1179    305.337    287.970  320.49802     95.269     0.1636     0.6337     0.5806 1.1063e+01      19936         13  0.000e+00
     10.394   70.97154 -163.56698     10.501     4.6687     4.6720     4.6680    30.4672    30.4783  1024.1667    24.1177    305.323    287.799  320.49935     95.265     0.1624     0.6264     0.5806 1.1094e+01      19937         13  0.000e+00
     10.448   70.97154 -163.56698     10.556     4.6684     4.6722     4.6677    30.4679    30.4779  1024.1675    24.1182    305.313    287.966  320.50061     95.261     0.1636     0.6337     0.5806 1.1063e+01      19938         13  0.000e+00
     10.448   70.97154 -163.56698     10.556     4.6684     4.6723     4.6677    30.4678    30.4778  1024.1674    24.1182    305.301    287.799  320.50079     95.257     0.1624     0.6264     0.5806 1.1063e+01      19939         13  0.000e+00
     10.448   70.97154 -163.56698     10.556     4.6684     4.6723     4.6677    30.4677    30.4778  1024.1674    24.1181    305.287    287.990  320.50059     95.253     0.1624     0.6264     0.5795 1.1094e+01      19940         13  0.000e+00
     10.448   70.97154 -163.56698     10.556     4.6684     4.6725     4.6677    30.4681    30.4778  1024.1677    24.1184    305.274    288.014  320.49997     95.249     0.1624     0.6264     0.5806 1.1094e+01      19941         13  0.000e+00
     10.448   70.97154 -163.56698     10.556     4.6687     4.6728     4.6680    30.4682    30.4781  1024.1677    24.1185    305.258    288.038  320.49743     95.245     0.1636     0.6337     0.5806 1.1094e+01      19942         13  0.000e+00
     10.417   70.97154 -163.56698     10.524     4.6692     4.6728     4.6685    30.4680    30.4781  1024.1674    24.1183    305.240    288.065  320.49418     95.241     0.1624     0.6264     0.5806 1.1094e+01      19943         13  0.000e+00
     10.448   70.97154 -163.56698     10.556     4.6694     4.6730     4.6687    30.4679    30.4781  1024.1674    24.1182    305.227    288.096  320.49288     95.237     0.1636     0.6337     0.5806 1.1094e+01      19944         13  0.000e+00
     10.448   70.97154 -163.56698     10.556     4.6695     4.6728     4.6688    30.4680    30.4781  1024.1675    24.1182    305.213    287.942  320.49186     95.233     0.1636     0.6337     0.5806 1.1094e+01      19945         13  0.000e+00
     10.394   70.97154 -163.56698     10.501     4.6696     4.6730     4.6689    30.4680    30.4779  1024.1672    24.1182    305.197    287.953  320.49075     95.228     0.1636     0.6337     0.5806 1.1094e+01      19946         13  0.000e+00
     10.448   70.97154 -163.56698     10.556     4.6699     4.6730     4.6692    30.4681    30.4781  1024.1675    24.1182    305.249    287.951  320.48847     95.245     0.1636     0.6337     0.5795 1.1094e+01      19947         13  0.000e+00
     10.448   70.97154 -163.56698     10.556     4.6701     4.6731     4.6694    30.4678    30.4780  1024.1673    24.1180    305.237    288.134  320.48750     95.241     0.1636     0.6337     0.5795 1.1126e+01      19948         13  0.000e+00
     10.394   70.97154 -163.56698     10.501     4.6701     4.6731     4.6694    30.4678    30.4780  1024.1670    24.1180    305.225    287.964  320.48753     95.238     0.1648     0.6410     0.5795 1.1126e+01      19949         13  0.000e+00
     10.448   70.97154 -163.56698     10.556     4.6704     4.6731     4.6697    30.4677    30.4778  1024.1672    24.1179    305.279    287.966  320.48571     95.255     0.1636     0.6337     0.5795 1.1126e+01      19950         13  0.000e+00
     10.479   70.97154 -163.56698     10.587     4.6704     4.6733     4.6697    30.4679    30.4776  1024.1675    24.1181    305.272    288.155  320.48482     95.253     0.1648     0.6410     0.5806 1.1126e+01      19951         13  0.000e+00
     10.394   70.97154 -163.56698     10.501     4.6707     4.6733     4.6700    30.4677    30.4778  1024.1669    24.1179    305.258    288.153  320.48282     95.250     0.1636     0.6337     0.5795 1.1126e+01      19952         13  0.000e+00
     10.448   70.97154 -163.56698     10.556     4.6707     4.6733     4.6700    30.4675    30.4781  1024.1670    24.1177    305.286    287.991  320.48371     95.258     0.1648     0.6410     0.5795 1.1126e+01      19953         13  0.000e+00
     10.394   70.97154 -163.56698     10.501     4.6709     4.6733     4.6702    30.4675    30.4778  1024.1667    24.1177    305.276    287.807  320.48214     95.255     0.1636     0.6337     0.5795 1.1126e+01      19954         13  0.000e+00
     10.448   70.97154 -163.56698     10.556     4.6707     4.6732     4.6700    30.4675    30.4780  1024.1670    24.1177    305.481    287.795  320.48343     95.319     0.1636     0.6337     0.5795 1.1126e+01      19955         13  0.000e+00
     10.448   70.97154 -163.56698     10.556     4.6708     4.6731     4.6701    30.4675    30.4781  1024.1670    24.1177    305.263    287.785  320.48249     95.251     0.1636     0.6337     0.5795 1.1126e+01      19956         13  0.000e+00
     10.394   70.97154 -163.56698     10.501     4.6710     4.6734     4.6703    30.4675    30.4779  1024.1667    24.1176    304.834    287.772  320.48110     95.118     0.1648     0.6410     0.5795 1.1126e+01      19957         13  0.000e+00
     10.417   70.97154 -163.56698     10.524     4.6707     4.6736     4.6700    30.4671    30.4779  1024.1665    24.1174    305.218    287.745  320.48430     95.236     0.1636     0.6337     0.5795 1.1126e+01      19958         13  0.000e+00
     10.448   70.97154 -163.56698     10.556     4.6710     4.6734     4.6703    30.4669    30.4781  1024.1665    24.1172    305.245    287.535  320.48290     95.245     0.1636     0.6337     0.5795 1.1126e+01      19959         13  0.000e+00
     10.394   70.97154 -163.56698     10.501     4.6707     4.6736     4.6700    30.4672    30.4776  1024.1665    24.1175    305.273    287.489  320.48409     95.254     0.1636     0.6337     0.5795 1.1126e+01      19960         13  0.000e+00
     10.448   70.97154 -163.56698     10.556     4.6706     4.6736     4.6699    30.4679    30.4775  1024.1673    24.1181    305.272    287.451  320.48356     95.254     0.1636     0.6337     0.5795 1.1126e+01      19961         13  0.000e+00
     10.394   70.97154 -163.56698     10.501     4.6710     4.6736     4.6703    30.4678    30.4778  1024.1669    24.1179    305.264    287.411  320.48066     95.252     0.1636     0.6337     0.5795 1.1126e+01      19962         13  0.000e+00
      2.469   70.97156 -163.56694      2.494     4.6174     4.6065     4.6173    30.4881    30.4024  1024.1510    24.1393    178.088    291.700  320.84543     55.506     0.1685     0.6630     0.5818 3.5190e+01      23372         14  0.000e+00
      2.407   70.97156 -163.56694      2.432     4.6173     4.6067     4.6172    30.4883    30.4026  1024.1509    24.1395    177.949    291.716  320.84557     55.463     0.1685     0.6630     0.5830 3.5690e+01      23373         14  0.000e+00
      2.407   70.97156 -163.56694      2.432     4.6173     4.6068     4.6171    30.4882    30.4024  1024.1508    24.1394    177.965    291.733  320.84641     55.467     0.1673     0.6557     0.5818 3.5891e+01      23374         14  0.000e+00
      2.407   70.97156 -163.56694      2.432     4.6173     4.6068     4.6172    30.4884    30.4023  1024.1510    24.1396    177.956    291.746  320.84530     55.465     0.1685     0.6630     0.5818 3.5993e+01      23375         14  0.000e+00
      2.407   70.97156 -163.56694      2.432     4.6171     4.6067     4.6170    30.4884    30.4026  1024.1509    24.1396    177.954    291.733  320.84709     55.464     0.1673     0.6557     0.5818 3.6401e+01      23376         14  0.000e+00
      2.469   70.97156 -163.56694      2.494     4.6173     4.6073     4.6172    30.4880    30.4024  1024.1510    24.1393    177.959    291.735  320.84628     55.465     0.1685     0.6630     0.5818 3.6607e+01      23377         14  0.000e+00
      2.469   70.97156 -163.56694      2.494     4.6171     4.6071     4.6169    30.4884    30.4026  1024.1513    24.1396    177.970    291.735  320.84698     55.469     0.1673     0.6557     0.5818 3.6607e+01      23378         14  0.000e+00
      2.407   70.97156 -163.56694      2.432     4.6171     4.6074     4.6170    30.4885    30.4024  1024.1511    24.1397    177.985    291.726  320.84672     55.474     0.1685     0.6630     0.5818 3.6918e+01      23379         14  0.000e+00
      2.407   70.97156 -163.56694      2.432     4.6173     4.6073     4.6171    30.4884    30.4027  1024.1509    24.1396    178.008    291.717  320.84586     55.481     0.1673     0.6557     0.5818 3.7232e+01      23380         14  0.000e+00
      2.469   70.97156 -163.56694      2.494     4.6171     4.6076     4.6169    30.4881    30.4025  1024.1510    24.1394    178.008    291.704  320.84780     55.481     0.1673     0.6557     0.5818 3.7232e+01      23381         14  0.000e+00
      2.407   70.97156 -163.56694      2.432     4.6171     4.6077     4.6170    30.4884    30.4025  1024.1509    24.1396    177.801    291.870  320.84709     55.416     0.1673     0.6557     0.5987 3.7232e+01      23382         14  0.000e+00
      2.469   70.97156 -163.56694      2.494     4.6173     4.6077     4.6172    30.4877    30.4021  1024.1507    24.1391    177.780    291.683  320.84701     55.410     0.1673     0.6557     0.6826 3.7337e+01      23383         14  0.000e+00
      2.407   70.97156 -163.56694      2.432     4.6171     4.6076     4.6170    30.4881    30.4022  1024.1507    24.1394    177.764    291.655  320.84772     55.404     0.1661     0.6483     0.7197 3.7337e+01      23384         14  0.000e+00
      2.469   70.97156 -163.56694      2.494     4.6170     4.6074     4.6168    30.4884    30.4024  1024.1513    24.1396    177.756    291.835  320.84829     55.402     0.1685     0.6630     0.7197 3.7443e+01      23385         14  0.000e+00
      2.469   70.97156 -163.56694      2.494     4.6171     4.6073     4.6169    30.4880    30.4022  1024.1509    24.1393    177.545    291.655  320.84798     55.336     0.1685     0.6630     0.7160 3.7548e+01      23386         14  0.000e+00
      2.407   70.97156 -163.56694      2.432     4.6170     4.6071     4.6168    30.4883    30.4021  1024.1509    24.1396    177.726    291.824  320.84841     55.393     0.1673     0.6557     0.7147 3.7548e+01      23387         14  0.000e+00
      2.484   70.97156 -163.56694      2.510     4.6171     4.6070     4.6169    30.4884    30.4018  1024.1513    24.1396    177.739    291.826  320.84699     55.397     0.1685     0.6630     0.7147 3.7548e+01      23388         14  0.000e+00
      2.469   70.97156 -163.56694      2.494     4.6170     4.6068     4.6168    30.4884    30.4018  1024.1513    24.1396    177.758    291.800  320.84820     55.402     0.1673     0.6557     0.7147 3.7337e+01      23389         14  0.000e+00
      2.407   70.97156 -163.56694      2.432     4.6168     4.6064     4.6166    30.4885    30.4019  1024.1511    24.1398    177.781    291.603  320.84909     55.410     0.1685     0.6630     0.7147 3.7337e+01      23390         14  0.000e+00
      2.469   70.97156 -163.56694      2.494     4.6170     4.6061     4.6168    30.4880    30.4024  1024.1509    24.1393    177.541    291.759  320.84930     55.335     0.1685     0.6630     0.7147 3.7443e+01      23391         14  0.000e+00
      2.469   70.97156 -163.56694      2.494     4.6171     4.6062     4.6169    30.4881    30.4023  1024.1510    24.1394    177.753    291.740  320.84780     55.401     0.1709     0.6776     0.7147 3.7443e+01      23392         14  0.000e+00
