EcoFOCI/data/1_SampleCollection/2023_SikuliaqDBO_CruiseData/CTD_raw_BottleFile_SKQ23-12S/proc/skq202312s_057.ros
* Sea-Bird SBE 9 Data File:
* FileName = D:\CTD\SKQ202312S\SKQ202312S_057.hex
* Software Version Seasave V 7.26.7.121
* Temperature SN = 6177
* Conductivity SN = 0369
* Number of Bytes Per Scan = 41
* Number of Voltage Words = 4
* Number of Scans Averaged by the Deck Unit = 1
* NMEA Latitude = 71 20.18 N
* NMEA Longitude = 164 36.58 W
* NMEA UTC (Time) = Sep 27 2023  08:27:58
* NMEA baud rate = 4800
** Ship: R/V Sikuliaq
** Station Number: 057
** Station Name: IC5
** Bottom Depth: 44
** Operator: SS
# nquan = 22
# nvalues = 784                                   
# units = specified
# name 0 = depSM: Depth [salt water, m]
# name 1 = latitude: Latitude [deg]
# name 2 = longitude: Longitude [deg]
# name 3 = prDM: Pressure, Digiquartz [db]
# name 4 = t090C: Temperature [ITS-90, deg C]
# name 5 = t190C: Temperature, 2 [ITS-90, deg C]
# name 6 = potemp090C: Potential Temperature [ITS-90, deg C]
# name 7 = sal00: Salinity, Practical [PSU]
# name 8 = sal11: Salinity, Practical, 2 [PSU]
# name 9 = density00: Density [density, kg/m^3]
# name 10 = sigma-é00: Density [sigma-theta, kg/m^3]
# name 11 = sbox0Mm/Kg: Oxygen, SBE 43 [umol/kg]
# name 12 = sbox1Mm/Kg: Oxygen, SBE 43, 2 [umol/kg]
# name 13 = oxsolMm/Kg: Oxygen Saturation, Garcia & Gordon [umol/kg]
# name 14 = sbeox0PS: Oxygen, SBE 43 [% saturation]
# name 15 = v0: Voltage 0
# name 16 = flECO-AFL: Fluorescence, WET Labs ECO-AFL/FL [mg/m^3]
# name 17 = CStarAt0: Beam Attenuation, WET Labs C-Star [1/m]
# name 18 = par: PAR/Irradiance, Biospherical/Licor
# name 19 = scan: Scan Count
# name 20 = nbf: Bottles Fired
# name 21 = flag:  0.000e+00
# interval = seconds: 0.0416667
# start_time = Sep 27 2023 08:31:38 [NMEA time, first data scan]
# bad_flag = -9.990e-29
*END*
[from data line 659]
      2.484   71.33700 -164.61150      2.510     2.7759     2.7789     2.7758    30.5991    30.6108  1024.4031    24.3912    325.649    308.024  335.37493     97.100     0.0672     0.0549     0.4174 5.4048e-01      20351         14  0.000e+00
      2.484   71.33700 -164.61150      2.510     2.7758     2.7786     2.7756    30.5996    30.6104  1024.4035    24.3917    325.658    308.045  335.37489     97.103     0.0684     0.0623     0.4174 5.5358e-01      20352         14  0.000e+00
      2.430   71.33700 -164.61150      2.455     2.7755     2.7784     2.7753    30.6004    30.6102  1024.4039    24.3923    325.629    308.040  335.37563     97.094     0.0672     0.0549     0.4174 6.1479e-01      20353         14  0.000e+00
      2.484   71.33700 -164.61150      2.510     2.7755     2.7784     2.7753    30.5998    30.6103  1024.4037    24.3919    325.640    308.038  335.37710     97.097     0.0672     0.0549     0.4174 7.4711e-01      20354         14  0.000e+00
      2.508   71.33700 -164.61150      2.533     2.7753     2.7781     2.7752    30.6001    30.6105  1024.4041    24.3921    325.649    308.237  335.37727     97.099     0.0672     0.0549     0.4174 7.9205e-01      20355         14  0.000e+00
      2.369   71.33700 -164.61150      2.393     2.7752     2.7783     2.7751    30.6002    30.6103  1024.4035    24.3922    325.651    308.250  335.37792     97.100     0.0672     0.0549     0.4174 7.3263e-01      20356         14  0.000e+00
      2.484   71.33700 -164.61150      2.510     2.7753     2.7784     2.7752    30.6002    30.6108  1024.4040    24.3922    325.625    308.074  335.37704     97.092     0.0659     0.0476     0.4174 6.0252e-01      20357         14  0.000e+00
      2.484   71.33700 -164.61150      2.510     2.7756     2.7789     2.7755    30.5996    30.6110  1024.4035    24.3917    325.593    308.068  335.37634     97.083     0.0672     0.0549     0.4174 5.6501e-01      20358         14  0.000e+00
      2.430   71.33700 -164.61150      2.456     2.7755     2.7790     2.7753    30.5996    30.6108  1024.4033    24.3917    325.337    308.262  335.37752     97.006     0.0696     0.0696     0.4174 5.3311e-01      20359         14  0.000e+00
      2.484   71.33700 -164.61150      2.510     2.7756     2.7790     2.7755    30.5999    30.6109  1024.4037    24.3919    325.528    308.286  335.37564     97.064     0.0696     0.0696     0.4174 4.1368e-01      20360         14  0.000e+00
      2.431   71.33700 -164.61150      2.456     2.7756     2.7794     2.7755    30.6003    30.6108  1024.4038    24.3922    325.529    308.129  335.37458     97.064     0.0708     0.0769     0.4174 3.7063e-01      20361         14  0.000e+00
      2.485   71.33700 -164.61150      2.510     2.7756     2.7800     2.7755    30.6005    30.6106  1024.4042    24.3924    325.573    308.326  335.37405     97.077     0.0696     0.0696     0.4174 3.7477e-01      20362         14  0.000e+00
      2.431   71.33700 -164.61150      2.456     2.7759     2.7802     2.7758    30.5999    30.6107  1024.4035    24.3919    325.538    308.148  335.37328     97.067     0.0708     0.0769     0.4174 4.1518e-01      20363         14  0.000e+00
      2.431   71.33700 -164.61150      2.456     2.7758     2.7800     2.7757    30.6001    30.6113  1024.4036    24.3921    325.506    308.150  335.37372     97.058     0.0696     0.0696     0.4174 4.3505e-01      20364         14  0.000e+00
      2.485   71.33700 -164.61150      2.510     2.7761     2.7802     2.7760    30.5998    30.6110  1024.4037    24.3918    325.509    308.353  335.37168     97.059     0.0696     0.0696     0.4174 4.3505e-01      20365         14  0.000e+00
      2.431   71.33700 -164.61150      2.456     2.7759     2.7802     2.7758    30.5994    30.6107  1024.4031    24.3915    325.696    308.377  335.37416     97.114     0.0696     0.0696     0.4174 4.0773e-01      20366         14  0.000e+00
      2.431   71.33700 -164.61150      2.456     2.7759     2.7803     2.7758    30.5998    30.6109  1024.4034    24.3918    325.472    308.401  335.37316     97.048     0.0696     0.0696     0.4174 3.9170e-01      20367         14  0.000e+00
      2.485   71.33700 -164.61150      2.510     2.7761     2.7800     2.7760    30.6000    30.6114  1024.4038    24.3920    325.471    308.431  335.37118     97.048     0.0696     0.0696     0.4174 3.9027e-01      20368         14  0.000e+00
      2.431   71.33700 -164.61150      2.456     2.7759     2.7800     2.7758    30.6005    30.6112  1024.4040    24.3924    325.689    308.257  335.37169     97.113     0.0696     0.0696     0.4163 5.0095e-01      20369         14  0.000e+00
      2.431   71.33700 -164.61150      2.456     2.7766     2.7804     2.7765    30.5999    30.6110  1024.4035    24.3919    325.458    308.258  335.36735     97.045     0.0684     0.0623     0.4163 6.0863e-01      20370         14  0.000e+00
      2.485   71.33700 -164.61150      2.510     2.7766     2.7803     2.7765    30.6005    30.6111  1024.4042    24.3923    325.455    308.266  335.36593     97.045     0.0696     0.0696     0.4163 6.2937e-01      20371         14  0.000e+00
      2.431   71.33700 -164.61150      2.456     2.7767     2.7803     2.7766    30.6006    30.6109  1024.4040    24.3924    325.668    308.468  335.36430     97.109     0.0708     0.0769     0.4163 6.3783e-01      20372         14  0.000e+00
      2.392   71.33700 -164.61150      2.417     2.7767     2.7802     2.7766    30.6010    30.6114  1024.4041    24.3927    325.474    308.496  335.36336     97.051     0.0696     0.0696     0.4163 6.5286e-01      20373         14  0.000e+00
      2.485   71.33700 -164.61150      2.510     2.7771     2.7803     2.7769    30.6010    30.6114  1024.4045    24.3927    325.469    308.725  335.36067     97.050     0.0696     0.0696     0.4163 6.5721e-01      20374         14  0.000e+00
      2.485   71.33700 -164.61150      2.510     2.7773     2.7804     2.7772    30.6010    30.6113  1024.4045    24.3927    325.460    308.776  335.35838     97.048     0.0696     0.0696     0.4163 5.6309e-01      20375         14  0.000e+00
      2.431   71.33700 -164.61150      2.456     2.7774     2.7804     2.7773    30.6016    30.6114  1024.4047    24.3931    325.671    308.601  335.35598     97.112     0.0696     0.0696     0.4163 4.4447e-01      20376         14  0.000e+00
      2.431   71.33700 -164.61150      2.456     2.7778     2.7804     2.7777    30.6014    30.6114  1024.4046    24.3930    325.475    308.603  335.35316     97.054     0.0684     0.0623     0.4174 4.1668e-01      20377         14  0.000e+00
      2.433   71.33700 -164.61152      2.458     2.7913     2.7898     2.7912    30.6045    30.6143  1024.4059    24.3943    325.469    308.950  335.23275     97.087     0.0720     0.0842     0.4174 8.3395e-01      20489         15  0.000e+00
      2.433   71.33700 -164.61152      2.458     2.7912     2.7896     2.7911    30.6048    30.6143  1024.4063    24.3947    325.467    308.958  335.23269     97.087     0.0720     0.0842     0.4151 8.7219e-01      20490         15  0.000e+00
      2.433   71.33700 -164.61152      2.458     2.7911     2.7896     2.7910    30.6045    30.6140  1024.4060    24.3944    325.467    308.965  335.23390     97.086     0.0720     0.0842     0.4151 8.5562e-01      20491         15  0.000e+00
      2.433   71.33700 -164.61152      2.458     2.7911     2.7896     2.7910    30.6036    30.6140  1024.4053    24.3937    325.468    309.168  335.23629     97.086     0.0733     0.0916     0.4151 8.2066e-01      20492         15  0.000e+00
      2.433   71.33700 -164.61152      2.458     2.7910     2.7893     2.7909    30.6031    30.6143  1024.4049    24.3933    325.506    309.220  335.23894     97.097     0.0720     0.0842     0.4151 8.1277e-01      20493         15  0.000e+00
      2.433   71.33700 -164.61152      2.458     2.7907     2.7890     2.7905    30.6035    30.6136  1024.4052    24.3936    325.508    309.274  335.24065     97.097     0.0733     0.0916     0.4163 7.1137e-01      20494         15  0.000e+00
      2.433   71.33700 -164.61152      2.458     2.7902     2.7882     2.7901    30.6037    30.6138  1024.4054    24.3938    325.512    309.304  335.24359     97.097     0.0720     0.0842     0.4163 4.6707e-01      20495         15  0.000e+00
      2.487   71.33700 -164.61152      2.513     2.7902     2.7879     2.7901    30.6041    30.6135  1024.4060    24.3941    325.513    309.332  335.24277     97.098     0.0720     0.0842     0.4151 3.9747e-01      20496         15  0.000e+00
      2.433   71.33700 -164.61152      2.458     2.7902     2.7876     2.7901    30.6042    30.6137  1024.4059    24.3943    325.289    309.352  335.24230     97.031     0.0720     0.0842     0.4163 3.9027e-01      20497         15  0.000e+00
      2.433   71.33700 -164.61152      2.458     2.7902     2.7876     2.7901    30.6024    30.6137  1024.4044    24.3928    325.481    309.370  335.24707     97.087     0.0720     0.0842     0.4151 3.5042e-01      20498         15  0.000e+00
      2.433   71.33700 -164.61152      2.458     2.7899     2.7875     2.7898    30.6031    30.6136  1024.4050    24.3934    325.483    309.388  335.24789     97.087     0.0720     0.0842     0.4151 3.3359e-01      20499         15  0.000e+00
      2.433   71.33700 -164.61152      2.458     2.7898     2.7876     2.7897    30.6031    30.6133  1024.4050    24.3934    325.486    309.378  335.24873     97.088     0.0720     0.0842     0.4163 3.3486e-01      20500         15  0.000e+00
      2.333   71.33700 -164.61152      2.357     2.7896     2.7876     2.7895    30.6033    30.6134  1024.4046    24.3935    325.485    309.385  335.25017     97.087     0.0708     0.0769     0.4163 3.5573e-01      20501         15  0.000e+00
      2.541   71.33700 -164.61152      2.567     2.7893     2.7879     2.7891    30.6030    30.6135  1024.4055    24.3934    325.499    309.401  335.25344     97.090     0.0720     0.0842     0.4151 3.6788e-01      20502         15  0.000e+00
      2.433   71.33700 -164.61152      2.458     2.7891     2.7875     2.7890    30.6031    30.6142  1024.4051    24.3935    325.497    309.406  335.25455     97.089     0.0720     0.0842     0.4151 3.6788e-01      20503         15  0.000e+00
      2.433   71.33700 -164.61152      2.458     2.7889     2.7875     2.7888    30.5860    30.6139  1024.3914    24.3798    325.542    309.413  335.29958     97.090     0.0720     0.0842     0.4151 3.5706e-01      20504         15  0.000e+00
      2.433   71.33700 -164.61152      2.458     2.7888     2.7875     2.7887    30.5288    30.6140  1024.3458    24.3342    325.687    309.416  335.44673     97.090     0.0733     0.0916     0.4151 3.4911e-01      20505         15  0.000e+00
      2.433   71.33700 -164.61152      2.458     2.7885     2.7885     2.7884    30.5805    30.6132  1024.3871    24.3755    325.563    309.411  335.31715     97.091     0.0720     0.0842     0.4151 3.4779e-01      20506         15  0.000e+00
      2.433   71.33700 -164.61152      2.458     2.7882     2.7891     2.7881    30.6026    30.6139  1024.4047    24.3931    325.291    309.404  335.26345     97.025     0.0733     0.0916     0.4163 3.9892e-01      20507         15  0.000e+00
      2.487   71.33700 -164.61152      2.513     2.7877     2.7898     2.7876    30.6026    30.6140  1024.4050    24.3931    325.449    309.398  335.26758     97.071     0.0720     0.0842     0.4151 4.4764e-01      20508         15  0.000e+00
      2.433   71.33700 -164.61152      2.459     2.7873     2.7901     2.7871    30.6028    30.6145  1024.4049    24.3933    325.452    309.587  335.27075     97.071     0.0733     0.0916     0.4163 4.5728e-01      20509         15  0.000e+00
      2.433   71.33700 -164.61152      2.459     2.7868     2.7904     2.7867    30.6028    30.6153  1024.4049    24.3933    325.236    309.599  335.27481     97.006     0.0720     0.0842     0.4163 6.1893e-01      20510         15  0.000e+00
      2.433   71.33700 -164.61152      2.459     2.7866     2.7909     2.7865    30.6030    30.6157  1024.4051    24.3935    325.205    309.607  335.27556     96.996     0.0720     0.0842     0.4163 9.0331e-01      20511         15  0.000e+00
      2.487   71.33702 -164.61152      2.513     2.7866     2.7918     2.7865    30.6026    30.6158  1024.4051    24.3932    325.139    309.612  335.27653     96.976     0.0684     0.0623     0.4163 9.8701e-01      20512         15  0.000e+00
      2.434   71.33702 -164.61152      2.459     2.7865     2.7923     2.7863    30.6027    30.6151  1024.4049    24.3933    325.550    309.639  335.27771     97.099     0.0672     0.0549     0.4163 8.8059e-01      20513         15  0.000e+00
      2.434   71.33702 -164.61152      2.459     2.7865     2.7919     2.7863    30.6029    30.6150  1024.4051    24.3935    325.404    309.672  335.27721     97.055     0.0659     0.0476     0.4163 7.1605e-01      20514         15  0.000e+00
      2.434   71.33702 -164.61152      2.459     2.7865     2.7918     2.7863    30.6031    30.6146  1024.4053    24.3937    325.186    309.702  335.27652     96.990     0.0672     0.0549     0.4151 6.7486e-01      20515         15  0.000e+00
      2.434   71.33702 -164.61152      2.459     2.7865     2.7919     2.7863    30.6030    30.6145  1024.4051    24.3935    325.378    309.703  335.27692     97.048     0.0684     0.0623     0.4163 6.3147e-01      20516         15  0.000e+00
      2.488   71.33702 -164.61152      2.513     2.7865     2.7919     2.7863    30.6029    30.6141  1024.4054    24.3935    325.387    309.705  335.27709     97.050     0.0672     0.0549     0.4163 5.2221e-01      20517         15  0.000e+00
      2.434   71.33702 -164.61152      2.459     2.7863     2.7915     2.7862    30.6035    30.6137  1024.4056    24.3940    325.169    309.704  335.27698     96.985     0.0684     0.0623     0.4163 4.8887e-01      20518         15  0.000e+00
      2.395   71.33702 -164.61152      2.420     2.7865     2.7913     2.7863    30.6033    30.6139  1024.4052    24.3938    325.360    309.697  335.27617     97.042     0.0672     0.0549     0.4163 5.0269e-01      20519         15  0.000e+00
      2.488   71.33702 -164.61152      2.513     2.7866     2.7906     2.7865    30.6026    30.6141  1024.4051    24.3932    325.371    309.697  335.27653     97.046     0.0672     0.0549     0.4163 5.7080e-01      20520         15  0.000e+00
      2.434   71.33702 -164.61152      2.459     2.7865     2.7906     2.7863    30.6029    30.6143  1024.4051    24.3935    325.156    309.880  335.27722     96.981     0.0672     0.0549     0.4163 6.0050e-01      20521         15  0.000e+00
      2.434   71.33702 -164.61152      2.459     2.7868     2.7906     2.7867    30.6024    30.6139  1024.4047    24.3931    325.349    309.689  335.27570     97.039     0.0684     0.0623     0.4163 5.9848e-01      20522         15  0.000e+00
      2.488   71.33702 -164.61152      2.513     2.7863     2.7901     2.7862    30.6028    30.6142  1024.4053    24.3934    325.363    309.874  335.27874     97.043     0.0659     0.0476     0.4163 5.7469e-01      20523         15  0.000e+00
      2.434   71.33702 -164.61152      2.459     2.7865     2.7895     2.7863    30.6024    30.6138  1024.4047    24.3931    325.369    309.878  335.27831     97.045     0.0672     0.0549     0.4163 5.6309e-01      20524         15  0.000e+00
      2.434   71.33702 -164.61152      2.459     2.7863     2.7890     2.7862    30.6026    30.6135  1024.4048    24.3932    325.417    309.681  335.27936     97.058     0.0672     0.0549     0.4163 5.5927e-01      20525         15  0.000e+00
      2.488   71.33702 -164.61152      2.513     2.7865     2.7887     2.7863    30.6019    30.6136  1024.4046    24.3927    325.208    309.854  335.27957     96.996     0.0672     0.0549     0.4151 4.6872e-01      20526         15  0.000e+00
