EcoFOCI/data/1_SampleCollection/2023_SikuliaqDBO_CruiseData/CTD_raw_BottleFile_SKQ23-12S/proc/skq202312s_051svp.cnv
* Sea-Bird SBE 9 Data File:
* FileName = D:\CTD\SKQ202312S\SKQ202312S_051.hex
* Software Version Seasave V 7.26.7.121
* Temperature SN = 6177
* Conductivity SN = 0369
* Number of Bytes Per Scan = 41
* Number of Voltage Words = 4
* Number of Scans Averaged by the Deck Unit = 1
* NMEA Latitude = 70 43.03 N
* NMEA Longitude = 162 51.44 W
* NMEA UTC (Time) = Sep 26 2023  19:01:27
* NMEA baud rate = 4800
** Ship: R/V Sikuliaq
** Station Number: 051
** Station Name: IC10
** Bottom Depth: 42
** Operator: SD
# nquan = 7
# nvalues = 6154                                  
# units = specified
# name 0 = depSM: Depth [salt water, m]
# name 1 = latitude: Latitude [deg]
# name 2 = longitude: Longitude [deg]
# name 3 = t090C: Temperature [ITS-90, deg C]
# name 4 = sal00: Salinity, Practical [PSU]
# name 5 = svCM: Sound Velocity [Chen-Millero, m/s]
# name 6 = flag:  0.000e+00
# span 0 =      2.142,     36.901                 
# span 1 =   70.71704,   70.71714                 
# span 2 = -162.85630, -162.85552                 
# span 3 =     5.3511,     7.2761                 
# span 4 =    28.6250,    31.4787                 
# span 5 =    1468.18,    1474.66                 
# span 6 = 0.0000e+00, 0.0000e+00                 
# interval = seconds: 0.0416667
# start_time = Sep 26 2023 19:05:40 [NMEA time, first data scan]
# bad_flag = -9.990e-29
*END*
[from data line 5129]
     36.779   70.71708 -162.85564     5.3555    31.4660    1468.29  0.000e+00
     36.771   70.71708 -162.85564     5.3555    31.4657    1468.29  0.000e+00
     36.779   70.71708 -162.85564     5.3555    31.4657    1468.29  0.000e+00
     36.725   70.71708 -162.85564     5.3555    31.4659    1468.29  0.000e+00
     36.779   70.71708 -162.85564     5.3558    31.4653    1468.29  0.000e+00
     36.825   70.71708 -162.85564     5.3555    31.4658    1468.29  0.000e+00
     36.725   70.71708 -162.85564     5.3555    31.4657    1468.29  0.000e+00
     36.779   70.71708 -162.85564     5.3557    31.4655    1468.29  0.000e+00
     36.771   70.71708 -162.85564     5.3554    31.4660    1468.29  0.000e+00
     36.779   70.71708 -162.85564     5.3557    31.4655    1468.29  0.000e+00
     36.779   70.71708 -162.85564     5.3556    31.4656    1468.29  0.000e+00
     36.771   70.71708 -162.85564     5.3559    31.4655    1468.29  0.000e+00
     36.779   70.71708 -162.85564     5.3559    31.4654    1468.29  0.000e+00
     36.841   70.71708 -162.85564     5.3562    31.4654    1468.29  0.000e+00
     36.725   70.71708 -162.85564     5.3559    31.4655    1468.29  0.000e+00
     36.825   70.71708 -162.85564     5.3560    31.4658    1468.29  0.000e+00
     36.779   70.71708 -162.85564     5.3561    31.4656    1468.29  0.000e+00
     36.779   70.71708 -162.85564     5.3560    31.4653    1468.29  0.000e+00
     36.771   70.71708 -162.85564     5.3562    31.4654    1468.29  0.000e+00
     36.779   70.71708 -162.85564     5.3562    31.4654    1468.29  0.000e+00
     36.779   70.71708 -162.85564     5.3564    31.4652    1468.29  0.000e+00
     36.779   70.71708 -162.85564     5.3560    31.4657    1468.29  0.000e+00
     36.771   70.71708 -162.85564     5.3561    31.4653    1468.29  0.000e+00
     36.779   70.71708 -162.85564     5.3565    31.4650    1468.29  0.000e+00
     36.841   70.71708 -162.85564     5.3564    31.4653    1468.29  0.000e+00
     36.771   70.71708 -162.85564     5.3565    31.4651    1468.29  0.000e+00
     36.779   70.71708 -162.85564     5.3565    31.4655    1468.29  0.000e+00
     36.779   70.71708 -162.85564     5.3565    31.4648    1468.29  0.000e+00
     36.771   70.71708 -162.85564     5.3566    31.4652    1468.29  0.000e+00
     36.779   70.71708 -162.85564     5.3568    31.4647    1468.29  0.000e+00
     36.841   70.71708 -162.85564     5.3565    31.4645    1468.29  0.000e+00
     36.779   70.71708 -162.85564     5.3565    31.4651    1468.29  0.000e+00
     36.771   70.71708 -162.85564     5.3562    31.4652    1468.29  0.000e+00
     36.779   70.71708 -162.85564     5.3562    31.4651    1468.29  0.000e+00
     36.779   70.71708 -162.85564     5.3559    31.4655    1468.29  0.000e+00
     36.825   70.71708 -162.85564     5.3560    31.4654    1468.29  0.000e+00
     36.725   70.71708 -162.85564     5.3559    31.4658    1468.29  0.000e+00
     36.779   70.71708 -162.85564     5.3555    31.4662    1468.29  0.000e+00
     36.771   70.71708 -162.85564     5.3560    31.4655    1468.29  0.000e+00
     36.841   70.71708 -162.85564     5.3560    31.4654    1468.29  0.000e+00
     36.779   70.71708 -162.85564     5.3559    31.4658    1468.29  0.000e+00
     36.779   70.71708 -162.85564     5.3557    31.4664    1468.29  0.000e+00
     36.771   70.71708 -162.85564     5.3562    31.4652    1468.29  0.000e+00
     36.779   70.71708 -162.85564     5.3559    31.4657    1468.29  0.000e+00
     36.779   70.71708 -162.85564     5.3559    31.4659    1468.29  0.000e+00
     36.825   70.71708 -162.85564     5.3562    31.4658    1468.29  0.000e+00
     36.779   70.71708 -162.85564     5.3559    31.4655    1468.29  0.000e+00
     36.779   70.71708 -162.85564     5.3560    31.4656    1468.29  0.000e+00
     36.779   70.71708 -162.85564     5.3560    31.4657    1468.29  0.000e+00
     36.771   70.71708 -162.85564     5.3564    31.4659    1468.29  0.000e+00
     36.779   70.71708 -162.85564     5.3560    31.4657    1468.29  0.000e+00
     36.779   70.71708 -162.85564     5.3560    31.4652    1468.29  0.000e+00
     36.771   70.71708 -162.85564     5.3559    31.4657    1468.29  0.000e+00
     36.779   70.71708 -162.85564     5.3560    31.4660    1468.29  0.000e+00
     36.779   70.71708 -162.85564     5.3562    31.4657    1468.29  0.000e+00
     36.771   70.71708 -162.85564     5.3560    31.4655    1468.29  0.000e+00
     36.779   70.71708 -162.85564     5.3559    31.4660    1468.29  0.000e+00
     36.779   70.71708 -162.85564     5.3560    31.4656    1468.29  0.000e+00
     36.779   70.71708 -162.85564     5.3561    31.4656    1468.29  0.000e+00
     36.771   70.71708 -162.85564     5.3562    31.4658    1468.29  0.000e+00
     36.779   70.71708 -162.85564     5.3562    31.4659    1468.29  0.000e+00
     36.779   70.71708 -162.85564     5.3560    31.4660    1468.29  0.000e+00
     36.771   70.71708 -162.85564     5.3564    31.4653    1468.29  0.000e+00
     36.779   70.71708 -162.85564     5.3562    31.4655    1468.29  0.000e+00
     36.779   70.71708 -162.85564     5.3561    31.4655    1468.29  0.000e+00
     36.779   70.71708 -162.85564     5.3562    31.4651    1468.29  0.000e+00
     36.771   70.71708 -162.85564     5.3560    31.4654    1468.29  0.000e+00
     36.725   70.71708 -162.85564     5.3562    31.4657    1468.29  0.000e+00
     36.840   70.71708 -162.85564     5.3559    31.4657    1468.29  0.000e+00
     36.771   70.71708 -162.85564     5.3559    31.4656    1468.29  0.000e+00
     36.725   70.71708 -162.85564     5.3561    31.4659    1468.29  0.000e+00
     36.779   70.71708 -162.85564     5.3562    31.4652    1468.29  0.000e+00
     36.825   70.71708 -162.85564     5.3560    31.4656    1468.29  0.000e+00
     36.779   70.71708 -162.85564     5.3560    31.4655    1468.29  0.000e+00
     36.725   70.71708 -162.85564     5.3562    31.4655    1468.29  0.000e+00
     36.779   70.71708 -162.85564     5.3562    31.4656    1468.29  0.000e+00
     36.771   70.71708 -162.85564     5.3558    31.4658    1468.29  0.000e+00
     36.779   70.71708 -162.85564     5.3565    31.4650    1468.29  0.000e+00
     36.779   70.71708 -162.85564     5.3562    31.4657    1468.29  0.000e+00
     36.771   70.71708 -162.85564     5.3564    31.4655    1468.29  0.000e+00
     36.779   70.71708 -162.85564     5.3560    31.4651    1468.29  0.000e+00
     36.779   70.71708 -162.85564     5.3565    31.4649    1468.29  0.000e+00
     36.771   70.71708 -162.85564     5.3563    31.4653    1468.29  0.000e+00
     36.725   70.71708 -162.85564     5.3565    31.4646    1468.29  0.000e+00
     36.779   70.71708 -162.85564     5.3565    31.4651    1468.29  0.000e+00
     36.779   70.71708 -162.85564     5.3564    31.4652    1468.29  0.000e+00
     36.771   70.71708 -162.85564     5.3560    31.4651    1468.29  0.000e+00
     36.779   70.71708 -162.85564     5.3564    31.4650    1468.29  0.000e+00
     36.779   70.71708 -162.85564     5.3563    31.4653    1468.29  0.000e+00
     36.771   70.71708 -162.85564     5.3560    31.4652    1468.29  0.000e+00
     36.779   70.71708 -162.85564     5.3560    31.4654    1468.29  0.000e+00
     36.725   70.71708 -162.85564     5.3559    31.4652    1468.29  0.000e+00
     36.717   70.71708 -162.85564     5.3560    31.4652    1468.29  0.000e+00
     36.840   70.71708 -162.85564     5.3560    31.4652    1468.29  0.000e+00
     36.779   70.71708 -162.85564     5.3559    31.4655    1468.29  0.000e+00
     36.779   70.71708 -162.85564     5.3560    31.4655    1468.29  0.000e+00
     36.771   70.71708 -162.85564     5.3560    31.4651    1468.29  0.000e+00
     36.779   70.71708 -162.85564     5.3560    31.4653    1468.29  0.000e+00
     36.725   70.71708 -162.85562     5.3559    31.4652    1468.29  0.000e+00
     36.771   70.71708 -162.85562     5.3559    31.4651    1468.29  0.000e+00
     36.779   70.71708 -162.85562     5.3561    31.4647    1468.29  0.000e+00
     36.779   70.71708 -162.85562     5.3560    31.4650    1468.29  0.000e+00
     36.779   70.71708 -162.85562     5.3559    31.4655    1468.29  0.000e+00
     36.771   70.71708 -162.85562     5.3559    31.4656    1468.29  0.000e+00
     36.725   70.71708 -162.85562     5.3557    31.4652    1468.29  0.000e+00
     36.779   70.71708 -162.85562     5.3555    31.4655    1468.29  0.000e+00
     36.825   70.71708 -162.85562     5.3556    31.4653    1468.29  0.000e+00
     36.725   70.71708 -162.85562     5.3559    31.4651    1468.29  0.000e+00
     36.779   70.71708 -162.85562     5.3555    31.4658    1468.29  0.000e+00
     36.771   70.71708 -162.85562     5.3554    31.4657    1468.29  0.000e+00
     36.779   70.71708 -162.85562     5.3555    31.4656    1468.29  0.000e+00
     36.779   70.71708 -162.85562     5.3559    31.4649    1468.29  0.000e+00
     36.725   70.71708 -162.85562     5.3556    31.4655    1468.29  0.000e+00
     36.825   70.71708 -162.85562     5.3555    31.4654    1468.29  0.000e+00
     36.779   70.71708 -162.85562     5.3555    31.4656    1468.29  0.000e+00
     36.725   70.71708 -162.85562     5.3555    31.4657    1468.29  0.000e+00
     36.771   70.71708 -162.85562     5.3557    31.4655    1468.29  0.000e+00
     36.779   70.71708 -162.85562     5.3555    31.4655    1468.29  0.000e+00
     36.725   70.71708 -162.85562     5.3558    31.4650    1468.29  0.000e+00
     36.771   70.71708 -162.85562     5.3557    31.4652    1468.29  0.000e+00
     36.779   70.71708 -162.85562     5.3557    31.4655    1468.29  0.000e+00
     36.779   70.71708 -162.85562     5.3559    31.4651    1468.29  0.000e+00
     36.779   70.71708 -162.85562     5.3559    31.4653    1468.29  0.000e+00
     36.771   70.71708 -162.85562     5.3559    31.4651    1468.29  0.000e+00
     36.779   70.71708 -162.85562     5.3559    31.4652    1468.29  0.000e+00
     36.725   70.71708 -162.85562     5.3560    31.4652    1468.29  0.000e+00
     36.771   70.71708 -162.85562     5.3559    31.4654    1468.29  0.000e+00
     36.779   70.71708 -162.85562     5.3559    31.4651    1468.29  0.000e+00
     36.779   70.71708 -162.85562     5.3557    31.4656    1468.29  0.000e+00
     36.779   70.71708 -162.85562     5.3559    31.4652    1468.29  0.000e+00
     36.771   70.71708 -162.85562     5.3558    31.4652    1468.29  0.000e+00
     36.725   70.71708 -162.85562     5.3557    31.4656    1468.29  0.000e+00
     36.779   70.71708 -162.85562     5.3559    31.4652    1468.29  0.000e+00
     36.771   70.71708 -162.85562     5.3557    31.4652    1468.29  0.000e+00
     36.725   70.71708 -162.85562     5.3555    31.4656    1468.29  0.000e+00
     36.779   70.71708 -162.85562     5.3555    31.4657    1468.29  0.000e+00
     36.771   70.71708 -162.85562     5.3556    31.4656    1468.29  0.000e+00
     36.779   70.71708 -162.85562     5.3557    31.4651    1468.29  0.000e+00
     36.779   70.71708 -162.85562     5.3555    31.4657    1468.29  0.000e+00
     36.725   70.71708 -162.85562     5.3557    31.4658    1468.29  0.000e+00
     36.771   70.71708 -162.85562     5.3555    31.4655    1468.29  0.000e+00
     36.779   70.71708 -162.85562     5.3556    31.4653    1468.29  0.000e+00
     36.779   70.71708 -162.85562     5.3554    31.4656    1468.29  0.000e+00
     36.717   70.71708 -162.85562     5.3555    31.4656    1468.29  0.000e+00
     36.779   70.71708 -162.85562     5.3555    31.4655    1468.29  0.000e+00
     36.725   70.71708 -162.85562     5.3557    31.4654    1468.29  0.000e+00
     36.771   70.71708 -162.85562     5.3555    31.4658    1468.29  0.000e+00
     36.779   70.71708 -162.85562     5.3558    31.4654    1468.29  0.000e+00
     36.779   70.71708 -162.85562     5.3555    31.4655    1468.29  0.000e+00
     36.725   70.71708 -162.85562     5.3559    31.4651    1468.29  0.000e+00
     36.771   70.71708 -162.85562     5.3555    31.4656    1468.29  0.000e+00
     36.779   70.71708 -162.85562     5.3555    31.4657    1468.29  0.000e+00
     36.779   70.71708 -162.85562     5.3557    31.4651    1468.29  0.000e+00
     36.717   70.71708 -162.85562     5.3556    31.4653    1468.29  0.000e+00
     36.779   70.71708 -162.85562     5.3559    31.4653    1468.29  0.000e+00
     36.779   70.71708 -162.85562     5.3557    31.4651    1468.29  0.000e+00
     36.779   70.71708 -162.85562     5.3559    31.4650    1468.29  0.000e+00
     36.717   70.71708 -162.85562     5.3555    31.4652    1468.29  0.000e+00
     36.779   70.71708 -162.85562     5.3554    31.4653    1468.29  0.000e+00
     36.779   70.71708 -162.85562     5.3552    31.4655    1468.29  0.000e+00
     36.771   70.71708 -162.85562     5.3551    31.4651    1468.29  0.000e+00
     36.779   70.71708 -162.85562     5.3548    31.4657    1468.29  0.000e+00
     36.725   70.71708 -162.85562     5.3548    31.4657    1468.28  0.000e+00
     36.825   70.71708 -162.85562     5.3548    31.4660    1468.29  0.000e+00
     36.725   70.71708 -162.85562     5.3548    31.4657    1468.28  0.000e+00
     36.779   70.71708 -162.85562     5.3547    31.4657    1468.29  0.000e+00
     36.779   70.71708 -162.85562     5.3548    31.4658    1468.29  0.000e+00
     36.771   70.71708 -162.85562     5.3549    31.4655    1468.29  0.000e+00
     36.779   70.71708 -162.85562     5.3548    31.4658    1468.29  0.000e+00
     36.779   70.71708 -162.85562     5.3548    31.4661    1468.29  0.000e+00
     36.771   70.71708 -162.85562     5.3546    31.4656    1468.28  0.000e+00
     36.779   70.71708 -162.85562     5.3548    31.4653    1468.29  0.000e+00
     36.779   70.71708 -162.85562     5.3548    31.4655    1468.29  0.000e+00
     36.771   70.71708 -162.85562     5.3549    31.4652    1468.29  0.000e+00
     36.779   70.71708 -162.85562     5.3549    31.4653    1468.29  0.000e+00
     36.779   70.71708 -162.85562     5.3551    31.4655    1468.29  0.000e+00
     36.779   70.71708 -162.85562     5.3549    31.4655    1468.29  0.000e+00
     36.825   70.71708 -162.85562     5.3548    31.4655    1468.29  0.000e+00
     36.725   70.71708 -162.85562     5.3546    31.4657    1468.28  0.000e+00
     36.840   70.71708 -162.85562     5.3546    31.4655    1468.29  0.000e+00
     36.771   70.71708 -162.85562     5.3546    31.4656    1468.28  0.000e+00
     36.779   70.71708 -162.85562     5.3546    31.4657    1468.28  0.000e+00
     36.779   70.71708 -162.85562     5.3548    31.4656    1468.29  0.000e+00
     36.779   70.71708 -162.85562     5.3548    31.4649    1468.28  0.000e+00
     36.825   70.71708 -162.85562     5.3549    31.4648    1468.29  0.000e+00
     36.725   70.71708 -162.85562     5.3546    31.4652    1468.28  0.000e+00
     36.840   70.71708 -162.85562     5.3543    31.4654    1468.28  0.000e+00
     36.825   70.71708 -162.85562     5.3544    31.4655    1468.28  0.000e+00
     36.725   70.71708 -162.85562     5.3543    31.4653    1468.28  0.000e+00
     36.840   70.71708 -162.85562     5.3542    31.4657    1468.28  0.000e+00
     36.771   70.71708 -162.85562     5.3540    31.4658    1468.28  0.000e+00
     36.779   70.71708 -162.85562     5.3541    31.4654    1468.28  0.000e+00
     36.779   70.71708 -162.85562     5.3540    31.4655    1468.28  0.000e+00
     36.840   70.71708 -162.85562     5.3540    31.4655    1468.28  0.000e+00
     36.771   70.71708 -162.85562     5.3539    31.4654    1468.28  0.000e+00
     36.779   70.71708 -162.85562     5.3540    31.4656    1468.28  0.000e+00
     36.840   70.71708 -162.85562     5.3540    31.4657    1468.28  0.000e+00
     36.771   70.71708 -162.85562     5.3541    31.4660    1468.28  0.000e+00
     36.779   70.71708 -162.85562     5.3543    31.4656    1468.28  0.000e+00
     36.779   70.71708 -162.85562     5.3540    31.4660    1468.28  0.000e+00
     36.771   70.71708 -162.85562     5.3540    31.4658    1468.28  0.000e+00
     36.840   70.71708 -162.85562     5.3541    31.4656    1468.28  0.000e+00
     36.779   70.71708 -162.85562     5.3541    31.4658    1468.28  0.000e+00
     36.779   70.71708 -162.85562     5.3544    31.4658    1468.28  0.000e+00
