EcoFOCI/data/1_SampleCollection/2023_SikuliaqDBO_CruiseData/CTD_raw_BottleFile_SKQ23-12S/proc/skq202312s_054svp.cnv
* Sea-Bird SBE 9 Data File:
* FileName = D:\CTD\SKQ202312S\SKQ202312S_054.hex
* Software Version Seasave V 7.26.7.121
* Temperature SN = 6177
* Conductivity SN = 0369
* Number of Bytes Per Scan = 41
* Number of Voltage Words = 4
* Number of Scans Averaged by the Deck Unit = 1
* NMEA Latitude = 70 58.30 N
* NMEA Longitude = 163 33.99 W
* NMEA UTC (Time) = Sep 27 2023  02:24:07
* NMEA baud rate = 4800
** Ship: R/V Sikuliaq
** Station Number: 054
** Station Name: IC8
** Bottom Depth: 45
** Operator: SD
# nquan = 7
# nvalues = 6945                                  
# units = specified
# name 0 = depSM: Depth [salt water, m]
# name 1 = latitude: Latitude [deg]
# name 2 = longitude: Longitude [deg]
# name 3 = t090C: Temperature [ITS-90, deg C]
# name 4 = sal00: Salinity, Practical [PSU]
# name 5 = svCM: Sound Velocity [Chen-Millero, m/s]
# name 6 = flag:  0.000e+00
# span 0 =      2.676,     39.987                 
# span 1 =   70.97168,   70.97176                 
# span 2 = -163.56664, -163.56640                 
# span 3 =     1.6889,     4.6633                 
# span 4 =    30.3487,    32.1085                 
# span 5 =    1453.48,    1463.73                 
# span 6 = 0.0000e+00, 0.0000e+00                 
# interval = seconds: 0.0416667
# start_time = Sep 27 2023 02:28:34 [NMEA time, first data scan]
# bad_flag = -9.990e-29
*END*
[from data line 2872]
     28.937   70.97176 -163.56640     2.0116    32.0498    1454.75  0.000e+00
     28.898   70.97176 -163.56640     2.0058    32.0514    1454.72  0.000e+00
     28.937   70.97176 -163.56640     2.0002    32.0525    1454.70  0.000e+00
     28.952   70.97176 -163.56640     1.9941    32.0533    1454.68  0.000e+00
     28.952   70.97176 -163.56640     1.9870    32.0556    1454.65  0.000e+00
     28.999   70.97176 -163.56640     1.9801    32.0573    1454.62  0.000e+00
     29.014   70.97176 -163.56640     1.9739    32.0585    1454.60  0.000e+00
     29.053   70.97176 -163.56640     1.9682    32.0606    1454.57  0.000e+00
     29.014   70.97176 -163.56640     1.9618    32.0603    1454.54  0.000e+00
     29.107   70.97176 -163.56640     1.9535    32.0616    1454.51  0.000e+00
     29.068   70.97176 -163.56640     1.9463    32.0623    1454.48  0.000e+00
     29.107   70.97176 -163.56640     1.9392    32.0636    1454.45  0.000e+00
     29.122   70.97176 -163.56640     1.9319    32.0647    1454.42  0.000e+00
     29.107   70.97176 -163.56640     1.9239    32.0672    1454.39  0.000e+00
     29.184   70.97176 -163.56640     1.9152    32.0693    1454.35  0.000e+00
     29.168   70.97176 -163.56640     1.9069    32.0724    1454.32  0.000e+00
     29.238   70.97176 -163.56640     1.8997    32.0741    1454.29  0.000e+00
     29.222   70.97176 -163.56640     1.8946    32.0752    1454.27  0.000e+00
     29.184   70.97176 -163.56640     1.8890    32.0762    1454.25  0.000e+00
     29.284   70.97176 -163.56640     1.8825    32.0790    1454.22  0.000e+00
     29.299   70.97176 -163.56640     1.8767    32.0806    1454.20  0.000e+00
     29.284   70.97176 -163.56640     1.8716    32.0818    1454.18  0.000e+00
     29.299   70.97176 -163.56640     1.8664    32.0833    1454.16  0.000e+00
     29.338   70.97176 -163.56640     1.8618    32.0836    1454.14  0.000e+00
     29.353   70.97176 -163.56640     1.8569    32.0843    1454.12  0.000e+00
     29.353   70.97176 -163.56640     1.8524    32.0843    1454.10  0.000e+00
     29.400   70.97176 -163.56640     1.8477    32.0841    1454.08  0.000e+00
     29.415   70.97176 -163.56640     1.8426    32.0847    1454.06  0.000e+00
     29.454   70.97176 -163.56640     1.8366    32.0866    1454.03  0.000e+00
     29.415   70.97176 -163.56640     1.8318    32.0880    1454.01  0.000e+00
     29.508   70.97176 -163.56640     1.8278    32.0897    1454.00  0.000e+00
     29.469   70.97176 -163.56640     1.8240    32.0920    1453.98  0.000e+00
     29.507   70.97176 -163.56640     1.8211    32.0933    1453.97  0.000e+00
     29.523   70.97176 -163.56640     1.8182    32.0943    1453.96  0.000e+00
     29.507   70.97176 -163.56640     1.8157    32.0943    1453.95  0.000e+00
     29.585   70.97176 -163.56640     1.8128    32.0950    1453.94  0.000e+00
     29.569   70.97176 -163.56640     1.8103    32.0945    1453.93  0.000e+00
     29.639   70.97176 -163.56640     1.8073    32.0947    1453.92  0.000e+00
     29.623   70.97176 -163.56640     1.8044    32.0958    1453.91  0.000e+00
     29.639   70.97176 -163.56640     1.8017    32.0964    1453.89  0.000e+00
     29.685   70.97176 -163.56640     1.7997    32.0966    1453.89  0.000e+00
     29.639   70.97176 -163.56640     1.7971    32.0982    1453.88  0.000e+00
     29.700   70.97176 -163.56640     1.7952    32.0988    1453.87  0.000e+00
     29.739   70.97176 -163.56640     1.7935    32.0996    1453.86  0.000e+00
     29.754   70.97176 -163.56640     1.7919    32.1003    1453.86  0.000e+00
     29.800   70.97176 -163.56640     1.7911    32.1000    1453.86  0.000e+00
     29.754   70.97176 -163.56640     1.7902    32.0996    1453.85  0.000e+00
     29.800   70.97176 -163.56640     1.7883    32.0992    1453.84  0.000e+00
     29.816   70.97176 -163.56640     1.7861    32.0991    1453.83  0.000e+00
     29.854   70.97176 -163.56640     1.7840    32.0982    1453.82  0.000e+00
     29.870   70.97176 -163.56640     1.7808    32.0981    1453.81  0.000e+00
     29.854   70.97176 -163.56640     1.7777    32.0976    1453.79  0.000e+00
     29.924   70.97176 -163.56640     1.7745    32.0990    1453.78  0.000e+00
     29.908   70.97176 -163.56640     1.7721    32.0999    1453.77  0.000e+00
     29.924   70.97176 -163.56640     1.7701    32.1006    1453.76  0.000e+00
     29.924   70.97176 -163.56640     1.7684    32.1006    1453.76  0.000e+00
     29.970   70.97176 -163.56640     1.7667    32.1014    1453.75  0.000e+00
     29.985   70.97176 -163.56640     1.7653    32.1018    1453.75  0.000e+00
     30.024   70.97176 -163.56640     1.7644    32.1018    1453.74  0.000e+00
     29.985   70.97176 -163.56640     1.7632    32.1028    1453.74  0.000e+00
     30.086   70.97176 -163.56640     1.7626    32.1029    1453.74  0.000e+00
     30.039   70.97176 -163.56640     1.7620    32.1030    1453.73  0.000e+00
     30.140   70.97176 -163.56640     1.7612    32.1029    1453.73  0.000e+00
     30.101   70.97176 -163.56640     1.7609    32.1033    1453.73  0.000e+00
     30.086   70.97176 -163.56640     1.7609    32.1041    1453.73  0.000e+00
     30.155   70.97176 -163.56640     1.7609    32.1037    1453.73  0.000e+00
     30.155   70.97176 -163.56640     1.7611    32.1034    1453.73  0.000e+00
     30.201   70.97176 -163.56640     1.7609    32.1031    1453.73  0.000e+00
     30.209   70.97176 -163.56640     1.7609    32.1032    1453.73  0.000e+00
     30.201   70.97176 -163.56640     1.7609    32.1036    1453.73  0.000e+00
     30.209   70.97176 -163.56640     1.7609    32.1033    1453.73  0.000e+00
     30.255   70.97176 -163.56640     1.7609    32.1031    1453.73  0.000e+00
     30.271   70.97176 -163.56640     1.7614    32.1025    1453.73  0.000e+00
     30.255   70.97176 -163.56640     1.7614    32.1027    1453.73  0.000e+00
     30.325   70.97176 -163.56640     1.7612    32.1020    1453.73  0.000e+00
     30.309   70.97176 -163.56640     1.7609    32.1015    1453.73  0.000e+00
     30.271   70.97176 -163.56640     1.7603    32.1012    1453.73  0.000e+00
     30.440   70.97176 -163.56640     1.7595    32.1011    1453.73  0.000e+00
     30.425   70.97176 -163.56640     1.7591    32.1018    1453.73  0.000e+00
     30.386   70.97176 -163.56640     1.7584    32.1014    1453.72  0.000e+00
     30.371   70.97176 -163.56640     1.7579    32.0996    1453.72  0.000e+00
     30.502   70.97176 -163.56640     1.7567    32.0996    1453.71  0.000e+00
     30.425   70.97176 -163.56640     1.7555    32.1008    1453.71  0.000e+00
     30.502   70.97176 -163.56640     1.7545    32.1011    1453.71  0.000e+00
     30.487   70.97176 -163.56640     1.7537    32.1015    1453.70  0.000e+00
     30.502   70.97176 -163.56640     1.7533    32.1016    1453.70  0.000e+00
     30.541   70.97176 -163.56640     1.7527    32.1017    1453.70  0.000e+00
     30.556   70.97176 -163.56640     1.7523    32.1011    1453.70  0.000e+00
     30.556   70.97176 -163.56640     1.7521    32.1019    1453.70  0.000e+00
     30.602   70.97176 -163.56640     1.7517    32.1025    1453.70  0.000e+00
     30.556   70.97176 -163.56640     1.7516    32.1014    1453.69  0.000e+00
     30.656   70.97176 -163.56640     1.7507    32.1009    1453.69  0.000e+00
     30.672   70.97176 -163.56640     1.7497    32.1008    1453.69  0.000e+00
     30.656   70.97176 -163.56640     1.7491    32.1014    1453.68  0.000e+00
     30.672   70.97176 -163.56640     1.7486    32.1017    1453.68  0.000e+00
     30.710   70.97176 -163.56640     1.7485    32.1024    1453.68  0.000e+00
     30.672   70.97176 -163.56640     1.7485    32.1022    1453.68  0.000e+00
     30.787   70.97176 -163.56640     1.7483    32.1020    1453.68  0.000e+00
     30.710   70.97176 -163.56640     1.7480    32.1017    1453.68  0.000e+00
     30.787   70.97176 -163.56640     1.7477    32.1012    1453.68  0.000e+00
     30.772   70.97176 -163.56640     1.7477    32.1011    1453.68  0.000e+00
     30.787   70.97176 -163.56640     1.7472    32.1003    1453.68  0.000e+00
     30.888   70.97176 -163.56640     1.7464    32.0979    1453.67  0.000e+00
     30.841   70.97176 -163.56640     1.7446    32.0961    1453.66  0.000e+00
     30.826   70.97176 -163.56640     1.7416    32.0967    1453.65  0.000e+00
     30.903   70.97176 -163.56640     1.7390    32.0972    1453.64  0.000e+00
     30.903   70.97176 -163.56640     1.7361    32.0981    1453.63  0.000e+00
     30.941   70.97176 -163.56640     1.7338    32.0996    1453.62  0.000e+00
     30.903   70.97176 -163.56640     1.7327    32.1013    1453.62  0.000e+00
     31.003   70.97176 -163.56640     1.7322    32.1031    1453.62  0.000e+00
     30.957   70.97176 -163.56640     1.7323    32.1042    1453.62  0.000e+00
     31.003   70.97176 -163.56640     1.7329    32.1041    1453.62  0.000e+00
     31.011   70.97176 -163.56640     1.7331    32.1042    1453.62  0.000e+00
     31.073   70.97176 -163.56640     1.7326    32.1036    1453.62  0.000e+00
     31.057   70.97176 -163.56640     1.7327    32.1029    1453.62  0.000e+00
     31.073   70.97176 -163.56640     1.7326    32.1025    1453.62  0.000e+00
     31.057   70.97176 -163.56640     1.7323    32.1025    1453.62  0.000e+00
     31.127   70.97176 -163.56640     1.7325    32.1029    1453.62  0.000e+00
     31.111   70.97176 -163.56640     1.7325    32.1027    1453.62  0.000e+00
     31.127   70.97176 -163.56640     1.7321    32.1022    1453.62  0.000e+00
     31.173   70.97176 -163.56640     1.7322    32.1024    1453.62  0.000e+00
     31.188   70.97176 -163.56640     1.7318    32.1025    1453.62  0.000e+00
     31.188   70.97176 -163.56640     1.7320    32.1026    1453.62  0.000e+00
     31.227   70.97176 -163.56640     1.7320    32.1031    1453.62  0.000e+00
     31.242   70.97176 -163.56640     1.7323    32.1027    1453.62  0.000e+00
     31.227   70.97176 -163.56640     1.7326    32.1011    1453.62  0.000e+00
     31.304   70.97176 -163.56640     1.7316    32.1003    1453.62  0.000e+00
     31.342   70.97176 -163.56640     1.7306    32.0997    1453.61  0.000e+00
     31.242   70.97176 -163.56640     1.7295    32.0998    1453.61  0.000e+00
     31.358   70.97176 -163.56640     1.7281    32.0999    1453.60  0.000e+00
     31.342   70.97176 -163.56640     1.7270    32.1009    1453.60  0.000e+00
     31.358   70.97176 -163.56640     1.7261    32.1021    1453.59  0.000e+00
     31.404   70.97176 -163.56640     1.7259    32.1016    1453.59  0.000e+00
     31.412   70.97176 -163.56640     1.7251    32.1011    1453.59  0.000e+00
     31.404   70.97176 -163.56640     1.7242    32.1010    1453.59  0.000e+00
     31.412   70.97176 -163.56640     1.7231    32.1004    1453.58  0.000e+00
     31.527   70.97176 -163.56640     1.7217    32.1014    1453.58  0.000e+00
     31.458   70.97176 -163.56640     1.7212    32.1021    1453.58  0.000e+00
     31.473   70.97176 -163.56640     1.7208    32.1020    1453.57  0.000e+00
     31.512   70.97176 -163.56640     1.7202    32.1013    1453.57  0.000e+00
     31.527   70.97176 -163.56640     1.7193    32.1010    1453.57  0.000e+00
     31.574   70.97176 -163.56640     1.7180    32.1003    1453.56  0.000e+00
     31.589   70.97176 -163.56640     1.7165    32.1007    1453.55  0.000e+00
     31.589   70.97176 -163.56640     1.7156    32.1014    1453.55  0.000e+00
     31.574   70.97176 -163.56640     1.7150    32.1022    1453.55  0.000e+00
     31.643   70.97176 -163.56640     1.7147    32.1031    1453.55  0.000e+00
     31.628   70.97176 -163.56640     1.7148    32.1037    1453.55  0.000e+00
     31.705   70.97176 -163.56640     1.7145    32.1041    1453.55  0.000e+00
     31.689   70.97176 -163.56640     1.7147    32.1039    1453.55  0.000e+00
     31.643   70.97176 -163.56640     1.7149    32.1040    1453.55  0.000e+00
     31.705   70.97176 -163.56640     1.7152    32.1039    1453.55  0.000e+00
     31.743   70.97176 -163.56640     1.7156    32.1035    1453.56  0.000e+00
     31.759   70.97176 -163.56640     1.7160    32.1033    1453.56  0.000e+00
     31.743   70.97176 -163.56640     1.7160    32.1026    1453.56  0.000e+00
     31.813   70.97176 -163.56640     1.7155    32.1021    1453.56  0.000e+00
     31.813   70.97176 -163.56640     1.7146    32.1015    1453.55  0.000e+00
     31.805   70.97176 -163.56640     1.7136    32.1004    1453.54  0.000e+00
     31.813   70.97176 -163.56640     1.7119    32.0992    1453.54  0.000e+00
     31.859   70.97176 -163.56640     1.7102    32.0991    1453.53  0.000e+00
     31.874   70.97176 -163.56640     1.7088    32.0978    1453.52  0.000e+00
     31.913   70.97176 -163.56640     1.7071    32.0977    1453.51  0.000e+00
     31.928   70.97176 -163.56640     1.7054    32.0989    1453.51  0.000e+00
     31.928   70.97176 -163.56640     1.7038    32.1000    1453.50  0.000e+00
     31.913   70.97176 -163.56640     1.7027    32.1014    1453.50  0.000e+00
     31.990   70.97176 -163.56640     1.7021    32.1022    1453.50  0.000e+00
     31.975   70.97176 -163.56640     1.7016    32.1030    1453.50  0.000e+00
     31.990   70.97176 -163.56640     1.7013    32.1035    1453.50  0.000e+00
     31.990   70.97176 -163.56640     1.7014    32.1041    1453.50  0.000e+00
     32.029   70.97176 -163.56640     1.7018    32.1040    1453.50  0.000e+00
     31.990   70.97176 -163.56640     1.7019    32.1032    1453.50  0.000e+00
     32.090   70.97176 -163.56640     1.7020    32.1015    1453.50  0.000e+00
     32.044   70.97176 -163.56640     1.7009    32.1011    1453.49  0.000e+00
     32.090   70.97176 -163.56640     1.6999    32.1007    1453.49  0.000e+00
     32.098   70.97176 -163.56640     1.6989    32.1012    1453.49  0.000e+00
     32.098   70.97176 -163.56640     1.6984    32.1021    1453.48  0.000e+00
     32.144   70.97176 -163.56640     1.6981    32.1031    1453.48  0.000e+00
     32.160   70.97176 -163.56640     1.6978    32.1034    1453.48  0.000e+00
     32.206   70.97176 -163.56640     1.6980    32.1047    1453.49  0.000e+00
     32.160   70.97176 -163.56640     1.6990    32.1060    1453.49  0.000e+00
     32.214   70.97176 -163.56640     1.7003    32.1066    1453.50  0.000e+00
     32.206   70.97176 -163.56640     1.7018    32.1067    1453.51  0.000e+00
     32.214   70.97176 -163.56640     1.7031    32.1063    1453.51  0.000e+00
     32.260   70.97176 -163.56640     1.7043    32.1058    1453.52  0.000e+00
     32.214   70.97176 -163.56640     1.7057    32.1050    1453.52  0.000e+00
     32.314   70.97176 -163.56640     1.7066    32.1042    1453.53  0.000e+00
     32.275   70.97176 -163.56640     1.7073    32.1037    1453.53  0.000e+00
     32.329   70.97176 -163.56640     1.7079    32.1032    1453.53  0.000e+00
     32.314   70.97176 -163.56640     1.7085    32.1023    1453.53  0.000e+00
     32.391   70.97176 -163.56640     1.7087    32.1022    1453.53  0.000e+00
     32.376   70.97176 -163.56640     1.7090    32.1029    1453.54  0.000e+00
     32.391   70.97176 -163.56640     1.7093    32.1024    1453.54  0.000e+00
     32.391   70.97176 -163.56640     1.7095    32.1019    1453.54  0.000e+00
     32.376   70.97176 -163.56640     1.7097    32.1019    1453.54  0.000e+00
     32.445   70.97176 -163.56640     1.7097    32.1012    1453.54  0.000e+00
     32.430   70.97176 -163.56640     1.7096    32.1013    1453.54  0.000e+00
     32.445   70.97176 -163.56640     1.7097    32.1014    1453.54  0.000e+00
     32.445   70.97176 -163.56640     1.7101    32.1009    1453.54  0.000e+00
     32.491   70.97176 -163.56640     1.7100    32.1007    1453.54  0.000e+00
     32.499   70.97176 -163.56640     1.7095    32.1009    1453.54  0.000e+00
     32.545   70.97176 -163.56640     1.7096    32.1009    1453.54  0.000e+00
     32.499   70.97176 -163.56640     1.7096    32.1017    1453.54  0.000e+00
     32.561   70.97176 -163.56640     1.7101    32.1011    1453.54  0.000e+00
     32.545   70.97176 -163.56640     1.7101    32.1003    1453.54  0.000e+00
     32.615   70.97176 -163.56640     1.7095    32.1001    1453.54  0.000e+00
