EcoFOCI/data/1_SampleCollection/2023_SikuliaqDBO_CruiseData/CTD_raw_BottleFile_SKQ23-12S/proc/skq202312s_004.cnv
* Sea-Bird SBE 9 Data File:
* FileName = D:\CTD\SKQ202312S\SKQ202312S_004.hex
* Software Version Seasave V 7.26.7.121
* Temperature SN = 6177
* Conductivity SN = 0369
* Number of Bytes Per Scan = 41
* Number of Voltage Words = 4
* Number of Scans Averaged by the Deck Unit = 1
* NMEA Latitude = 62 13.13 N
* NMEA Longitude = 174 52.60 W
* NMEA UTC (Time) = Sep 15 2023  19:57:17
* NMEA baud rate = 4800
** Ship: R/V Sikuliaq
** Station Number: 004
** Station Name: DBO1.3
** Bottom Depth: 75
** Operator: SS
** Dry cast
# nquan = 24
# nvalues = 5544                                  
# units = specified
# name 0 = depSM: Depth [salt water, m]
# name 1 = latitude: Latitude [deg]
# name 2 = longitude: Longitude [deg]
# name 3 = prDM: Pressure, Digiquartz [db]
# name 4 = t090C: Temperature [ITS-90, deg C]
# name 5 = t190C: Temperature, 2 [ITS-90, deg C]
# name 6 = potemp090C: Potential Temperature [ITS-90, deg C]
# name 7 = sal00: Salinity, Practical [PSU]
# name 8 = sal11: Salinity, Practical, 2 [PSU]
# name 9 = density00: Density [density, kg/m^3]
# name 10 = sigma-é00: Density [sigma-theta, kg/m^3]
# name 11 = sbox0Mm/Kg: Oxygen, SBE 43 [umol/kg]
# name 12 = sbox1Mm/Kg: Oxygen, SBE 43, 2 [umol/kg]
# name 13 = oxsolMm/Kg: Oxygen Saturation, Garcia & Gordon [umol/kg]
# name 14 = sbeox0PS: Oxygen, SBE 43 [% saturation]
# name 15 = sbeox1PS: Oxygen, SBE 43, 2 [% saturation]
# name 16 = v0: Voltage 0
# name 17 = flECO-AFL: Fluorescence, WET Labs ECO-AFL/FL [mg/m^3]
# name 18 = v1: Voltage 1
# name 19 = CStarAt0: Beam Attenuation, WET Labs C-Star [1/m]
# name 20 = par: PAR/Irradiance, Biospherical/Licor
# name 21 = scan: Scan Count
# name 22 = timeM: Time, Elapsed [minutes]
# name 23 = flag:  0.000e+00
# span 0 =      0.971,     70.345                 
# span 1 =   62.21878,   62.21880                 
# span 2 = -174.87668, -174.87664                 
# span 3 =      0.980,     71.039                 
# span 4 =    -1.5485,     7.7793                 
# span 5 =    -1.5473,     7.7806                 
# span 6 =    -1.5496,     7.7777                 
# span 7 =    30.8130,    31.9066                 
# span 8 =    30.8229,    31.9223                 
# span 9 =  1024.0408,  1025.9989                 
# span 10 =    24.0293,    25.6608                
# span 11 =    282.429,    423.036                
# span 12 =    268.056,    397.249                
# span 13 =  297.08483,  371.46451                
# span 14 =     76.035,    119.545                
# span 15 =     72.172,    111.064                
# span 16 =     0.0586,     0.2711                
# span 17 =     0.0036,     1.2784                
# span 18 =     3.4847,     4.2625                
# span 19 =     0.4013,     1.2074                
# span 20 = 1.0000e-12, 4.8774e+02                
# span 21 =          1,       5544                
# span 22 =     0.0000,     3.8493                
# span 23 = 0.0000e+00, 0.0000e+00                
# interval = seconds: 0.0416667
# start_time = Sep 15 2023 20:01:28 [NMEA time, first data scan]
# bad_flag = -9.990e-29
*END*
[from data line 61]
      1.320   62.21880 -174.87666      1.332     7.7205     7.7210     7.7203    30.8257    30.8364  1024.0423    24.0362    286.728    272.188  297.65466     96.329     91.452     0.1832     0.7509     4.0000     0.6557 1.8797e+02         62     0.0424  0.000e+00
      1.320   62.21880 -174.87666      1.332     7.7204     7.7213     7.7203    30.8257    30.8363  1024.0424    24.0362    286.721    272.339  297.65482     96.327     91.504     0.1819     0.7436     4.0000     0.6557 1.8850e+02         63     0.0431  0.000e+00
      1.266   62.21880 -174.87666      1.278     7.7205     7.7211     7.7203    30.8258    30.8362  1024.0422    24.0363    286.737    272.168  297.65429     96.332     91.446     0.1819     0.7436     4.0000     0.6557 1.8745e+02         64     0.0437  0.000e+00
      1.320   62.21880 -174.87666      1.332     7.7203     7.7213     7.7201    30.8261    30.8358  1024.0427    24.0366    286.734    272.170  297.65498     96.331     91.447     0.1819     0.7436     4.0000     0.6557 1.8692e+02         65     0.0444  0.000e+00
      1.320   62.21880 -174.87666      1.332     7.7206     7.7212     7.7204    30.8258    30.8363  1024.0424    24.0363    286.726    272.172  297.65370     96.329     91.447     0.1832     0.7509     4.0000     0.6557 1.8639e+02         66     0.0451  0.000e+00
      1.266   62.21880 -174.87666      1.278     7.7205     7.7213     7.7203    30.8260    30.8360  1024.0423    24.0364    286.744    272.157  297.65397     96.335     91.442     0.1832     0.7509     4.0000     0.6557 1.7920e+02         67     0.0458  0.000e+00
      1.266   62.21880 -174.87666      1.278     7.7206     7.7213     7.7204    30.8258    30.8362  1024.0421    24.0363    286.603    271.990  297.65365     96.287     91.387     0.1819     0.7436     4.0000     0.6557 1.7228e+02         68     0.0465  0.000e+00
      1.320   62.21880 -174.87666      1.332     7.7206     7.7210     7.7205    30.8256    30.8363  1024.0422    24.0361    286.791    272.137  297.65378     96.351     91.435     0.1832     0.7509     4.0000     0.6557 1.7083e+02         69     0.0472  0.000e+00
      1.266   62.21880 -174.87666      1.278     7.7206     7.7211     7.7204    30.8260    30.8360  1024.0423    24.0364    286.788    272.141  297.65317     96.350     91.437     0.1819     0.7436     4.0000     0.6557 1.6423e+02         70     0.0479  0.000e+00
      1.266   62.21880 -174.87666      1.278     7.7206     7.7214     7.7205    30.8257    30.8359  1024.0420    24.0362    286.787    272.131  297.65364     96.349     91.434     0.1832     0.7509     4.0000     0.6557 1.5524e+02         71     0.0486  0.000e+00
      1.266   62.21880 -174.87666      1.278     7.7208     7.7211     7.7206    30.8256    30.8364  1024.0420    24.0361    286.785    272.124  297.65269     96.349     91.431     0.1832     0.7509     3.9988     0.6569 1.5351e+02         72     0.0493  0.000e+00
      1.266   62.21880 -174.87666      1.278     7.7206     7.7213     7.7205    30.8254    30.8362  1024.0418    24.0359    286.973    272.133  297.65428     96.412     91.434     0.1856     0.7656     3.9976     0.6581 1.5437e+02         73     0.0500  0.000e+00
      1.204   62.21880 -174.87666      1.215     7.7208     7.7213     7.7206    30.8258    30.8363  1024.0418    24.0362    286.804    272.141  297.65239     96.355     91.437     0.1856     0.7656     3.9976     0.6581 1.5612e+02         74     0.0507  0.000e+00
      1.266   62.21880 -174.87666      1.278     7.7209     7.7214     7.7208    30.8254    30.8363  1024.0418    24.0359    286.804    272.155  297.65220     96.355     91.442     0.1868     0.7729     3.9976     0.6581 1.5612e+02         75     0.0514  0.000e+00
      1.204   62.21880 -174.87666      1.215     7.7206     7.7211     7.7205    30.8254    30.8366  1024.0415    24.0359    286.802    272.167  297.65422     96.354     91.446     0.1856     0.7656     3.9988     0.6569 1.5922e+02         76     0.0521  0.000e+00
      1.204   62.21880 -174.87666      1.215     7.7208     7.7213     7.7206    30.8256    30.8369  1024.0417    24.0361    286.798    271.994  297.65271     96.353     91.388     0.1868     0.7729     3.9976     0.6581 1.6939e+02         77     0.0528  0.000e+00
      1.265   62.21880 -174.87666      1.278     7.7210     7.7213     7.7208    30.8257    30.8370  1024.0420    24.0361    286.797    272.165  297.65125     96.353     91.446     0.1856     0.7656     3.9988     0.6569 1.7325e+02         78     0.0535  0.000e+00
      1.204   62.21880 -174.87666      1.215     7.7209     7.7215     7.7208    30.8259    30.8366  1024.0418    24.0363    286.793    272.180  297.65119     96.352     91.451     0.1856     0.7656     3.9988     0.6569 1.7472e+02         79     0.0542  0.000e+00
      1.204   62.21880 -174.87666      1.215     7.7210     7.7215     7.7208    30.8256    30.8367  1024.0416    24.0360    286.791    272.368  297.65151     96.351     91.514     0.1856     0.7656     3.9988     0.6569 1.8379e+02         80     0.0549  0.000e+00
      1.204   62.21880 -174.87666      1.215     7.7211     7.7216     7.7209    30.8259    30.8368  1024.0418    24.0363    286.787    272.233  297.65015     96.350     91.469     0.1856     0.7656     3.9988     0.6569 1.8797e+02         81     0.0556  0.000e+00
      1.150   62.21880 -174.87666      1.161     7.7211     7.7216     7.7210    30.8260    30.8370  1024.0417    24.0363    286.783    272.252  297.64994     96.349     91.476     0.1856     0.7656     3.9988     0.6569 1.8692e+02         82     0.0563  0.000e+00
      1.204   62.21880 -174.87666      1.215     7.7210     7.7216     7.7208    30.8261    30.8368  1024.0420    24.0365    286.783    272.276  297.65032     96.349     91.484     0.1856     0.7656     3.9976     0.6581 1.7970e+02         83     0.0569  0.000e+00
      1.204   62.21880 -174.87666      1.215     7.7209     7.7217     7.7208    30.8260    30.8366  1024.0419    24.0364    286.782    272.299  297.65095     96.348     91.492     0.1856     0.7656     3.9988     0.6569 1.7570e+02         84     0.0576  0.000e+00
      1.150   62.21880 -174.87666      1.161     7.7211     7.7217     7.7210    30.8261    30.8371  1024.0417    24.0364    286.776    272.305  297.64939     96.347     91.494     0.1856     0.7656     3.9976     0.6581 1.7570e+02         85     0.0583  0.000e+00
      1.204   62.21880 -174.87666      1.215     7.7209     7.7217     7.7208    30.8262    30.8370  1024.0421    24.0366    286.777    272.315  297.65040     96.347     91.497     0.1868     0.7729     3.9988     0.6569 1.8379e+02         86     0.0590  0.000e+00
      1.150   62.21880 -174.87666      1.161     7.7211     7.7216     7.7210    30.8259    30.8369  1024.0416    24.0363    286.772    272.324  297.64970     96.346     91.500     0.1856     0.7656     3.9976     0.6581 1.8957e+02         87     0.0597  0.000e+00
      1.204   62.21880 -174.87666      1.215     7.7212     7.7221     7.7211    30.8261    30.8367  1024.0420    24.0364    286.771    272.333  297.64872     96.346     91.504     0.1868     0.7729     3.9988     0.6569 1.9010e+02         88     0.0604  0.000e+00
      1.150   62.21880 -174.87666      1.161     7.7212     7.7219     7.7211    30.8266    30.8369  1024.0421    24.0368    286.766    272.343  297.64756     96.344     91.507     0.1856     0.7656     3.9988     0.6569 1.8021e+02         89     0.0611  0.000e+00
      1.204   62.21880 -174.87666      1.215     7.7215     7.7220     7.7213    30.8262    30.8367  1024.0420    24.0364    286.765    272.526  297.64680     96.344     91.568     0.1868     0.7729     3.9976     0.6581 1.7276e+02         90     0.0618  0.000e+00
      1.150   62.21880 -174.87666      1.161     7.7212     7.7215     7.7211    30.8263    30.8367  1024.0419    24.0365    286.763    272.555  297.64835     96.343     91.577     0.1856     0.7656     3.9988     0.6569 1.7083e+02         91     0.0625  0.000e+00
      1.150   62.21880 -174.87666      1.161     7.7213     7.7208     7.7211    30.8263    30.8357  1024.0419    24.0365    286.760    272.589  297.64795     96.342     91.586     0.1856     0.7656     4.0000     0.6557 1.7374e+02         92     0.0632  0.000e+00
      1.204   62.21880 -174.87666      1.215     7.7211     7.7203     7.7209    30.8264    30.8353  1024.0422    24.0366    286.761    272.452  297.64912     96.342     91.539     0.1856     0.7656     4.0000     0.6557 1.7669e+02         93     0.0639  0.000e+00
      1.150   62.21880 -174.87666      1.161     7.7213     7.7201     7.7211    30.8263    30.8350  1024.0419    24.0365    286.756    272.465  297.64795     96.341     91.543     0.1856     0.7656     4.0000     0.6557 1.7719e+02         94     0.0646  0.000e+00
      1.204   62.21880 -174.87666      1.215     7.7214     7.7204     7.7213    30.8265    30.8359  1024.0422    24.0367    286.942    272.629  297.64657     96.404     91.599     0.1856     0.7656     4.0000     0.6557 1.7920e+02         95     0.0653  0.000e+00
      1.150   62.21880 -174.87666      1.161     7.7215     7.7210     7.7213    30.8269    30.8369  1024.0423    24.0370    286.960    272.479  297.64524     96.410     91.551     0.1856     0.7656     4.0000     0.6557 1.8225e+02         96     0.0660  0.000e+00
      1.204   62.21880 -174.87666      1.215     7.7216     7.7216     7.7214    30.8275    30.8371  1024.0430    24.0375    286.794    272.659  297.64331     96.355     91.613     0.1856     0.7656     4.0000     0.6557 1.8276e+02         97     0.0667  0.000e+00
      1.204   62.21880 -174.87666      1.215     7.7216     7.7219     7.7214    30.8277    30.8369  1024.0432    24.0376    286.789    272.687  297.64283     96.353     91.622     0.1819     0.7436     4.0000     0.6557 1.8379e+02         98     0.0674  0.000e+00
      1.150   62.21880 -174.87666      1.161     7.7218     7.7216     7.7216    30.8277    30.8368  1024.0429    24.0376    286.782    272.699  297.64150     96.351     91.626     0.1795     0.7289     4.0000     0.6557 1.8587e+02         99     0.0681  0.000e+00
      1.204   62.21880 -174.87666      1.215     7.7217     7.7220     7.7216    30.8283    30.8366  1024.0436    24.0380    286.779    272.540  297.64060     96.351     91.573     0.1795     0.7289     4.0000     0.6557 1.8639e+02        100     0.0688  0.000e+00
      1.265   62.21880 -174.87666      1.278     7.7219     7.7217     7.7218    30.8280    30.8371  1024.0437    24.0378    286.828    272.538  297.63978     96.367     91.572     0.1795     0.7289     4.0000     0.6557 1.8639e+02        101     0.0694  0.000e+00
      1.204   62.21880 -174.87666      1.215     7.7217     7.7219     7.7216    30.8273    30.8370  1024.0428    24.0373    287.014    272.531  297.64275     96.429     91.570     0.1795     0.7289     4.0000     0.6557 1.8639e+02        102     0.0701  0.000e+00
      1.265   62.21880 -174.87666      1.278     7.7213     7.7216     7.7211    30.8272    30.8371  1024.0431    24.0373    286.854    272.700  297.64592     96.374     91.626     0.1783     0.7216     4.0000     0.6557 1.8639e+02        103     0.0708  0.000e+00
      1.265   62.21880 -174.87666      1.278     7.7214     7.7213     7.7213    30.8270    30.8374  1024.0429    24.0371    286.850    272.712  297.64544     96.373     91.630     0.1795     0.7289     4.0000     0.6557 1.8587e+02        104     0.0715  0.000e+00
      1.204   62.21880 -174.87666      1.215     7.7212     7.7214     7.7211    30.8270    30.8370  1024.0427    24.0371    287.033    272.720  297.64665     96.434     91.632     0.1807     0.7362     4.0000     0.6557 1.8122e+02        105     0.0722  0.000e+00
      1.319   62.21880 -174.87666      1.332     7.7213     7.7215     7.7211    30.8270    30.8368  1024.0432    24.0371    286.871    272.733  297.64637     96.380     91.637     0.1795     0.7289     4.0000     0.6557 1.7920e+02        106     0.0729  0.000e+00
      1.319   62.21880 -174.87666      1.332     7.7214     7.7213     7.7213    30.8268    30.8372  1024.0430    24.0369    286.866    272.743  297.64581     96.378     91.640     0.1807     0.7362     4.0000     0.6557 1.7869e+02        107     0.0736  0.000e+00
      1.319   62.21880 -174.87666      1.332     7.7213     7.7213     7.7211    30.8271    30.8370  1024.0433    24.0372    287.237    272.751  297.64621     96.503     91.643     0.1795     0.7289     4.0000     0.6557 1.7472e+02        108     0.0743  0.000e+00
      1.319   62.21880 -174.87666      1.332     7.7216     7.7210     7.7214    30.8268    30.8375  1024.0430    24.0369    287.279    272.759  297.64477     96.517     91.645     0.1807     0.7362     4.0000     0.6557 1.7228e+02        109     0.0750  0.000e+00
      1.373   62.21880 -174.87666      1.387     7.7215     7.7212     7.7213    30.8267    30.8369  1024.0432    24.0369    286.948    272.768  297.64562     96.406     91.648     0.1795     0.7289     4.0000     0.6557 1.7179e+02        110     0.0757  0.000e+00
      1.319   62.21880 -174.87666      1.332     7.7211     7.7211     7.7209    30.8270    30.8370  1024.0432    24.0371    286.941    272.603  297.64780     96.403     91.592     0.1807     0.7362     4.0000     0.6557 1.7374e+02        111     0.0764  0.000e+00
      1.435   62.21880 -174.87666      1.449     7.7211     7.7211     7.7210    30.8265    30.8368  1024.0434    24.0368    286.937    272.783  297.64839     96.401     91.653     0.1795     0.7289     4.0000     0.6557 1.7521e+02        112     0.0771  0.000e+00
      1.435   62.21880 -174.87666      1.449     7.7209     7.7211     7.7208    30.8264    30.8374  1024.0433    24.0367    287.118    272.619  297.65006     96.462     91.598     0.1807     0.7362     4.0000     0.6557 1.7521e+02        113     0.0778  0.000e+00
      1.435   62.21880 -174.87666      1.449     7.7199     7.7218     7.7198    30.8261    30.8377  1024.0433    24.0366    286.954    272.773  297.65733     96.404     91.652     0.1795     0.7289     4.0000     0.6557 1.7228e+02        114     0.0785  0.000e+00
      1.435   62.21880 -174.87666      1.449     7.7190     7.7224     7.7189    30.8254    30.8380  1024.0428    24.0362    286.952    272.604  297.66491     96.401     91.596     0.1807     0.7362     4.0000     0.6557 1.6892e+02        115     0.0792  0.000e+00
      1.489   62.21880 -174.87666      1.503     7.7185     7.7226     7.7183    30.8252    30.8386  1024.0430    24.0361    286.949    272.763  297.66911     96.399     91.650     0.1795     0.7289     4.0000     0.6557 1.6844e+02        116     0.0799  0.000e+00
      1.551   62.21880 -174.87666      1.566     7.7185     7.7232     7.7184    30.8249    30.8386  1024.0431    24.0359    286.917    272.579  297.66932     96.388     91.590     0.1807     0.7362     4.0000     0.6557 1.6469e+02        117     0.0806  0.000e+00
      1.551   62.21880 -174.87666      1.566     7.7185     7.7235     7.7183    30.8253    30.8389  1024.0433    24.0361    286.906    272.564  297.66893     96.384     91.586     0.1783     0.7216     4.0000     0.6557 1.5967e+02        118     0.0813  0.000e+00
      1.551   62.21880 -174.87666      1.566     7.7185     7.7238     7.7184    30.8254    30.8396  1024.0434    24.0362    287.082    272.549  297.66829     96.444     91.582     0.1795     0.7289     4.0000     0.6557 1.5833e+02        119     0.0819  0.000e+00
      1.666   62.21880 -174.87666      1.682     7.7185     7.7243     7.7183    30.8249    30.8391  1024.0436    24.0359    286.914    272.538  297.66968     96.387     91.579     0.1795     0.7289     4.0000     0.6557 1.5656e+02        120     0.0826  0.000e+00
