EcoFOCI/data/1_SampleCollection/2023_SikuliaqDBO_CruiseData/CTD_raw_BottleFile_SKQ23-12S/proc/skq202312s_046svp.cnv
* Sea-Bird SBE 9 Data File:
* FileName = D:\CTD\SKQ202312S\SKQ202312S_046.hex
* Software Version Seasave V 7.26.7.121
* Temperature SN = 6177
* Conductivity SN = 0369
* Number of Bytes Per Scan = 41
* Number of Voltage Words = 4
* Number of Scans Averaged by the Deck Unit = 1
* NMEA Latitude = 71 35.89 N
* NMEA Longitude = 161 32.21 W
* NMEA UTC (Time) = Sep 24 2023  19:47:51
* NMEA baud rate = 4800
** Ship: R/V Sikuliaq
** Station Number: 046
** Station Name: CEO2
** Bottom Depth: 46
** Operator: SD
# nquan = 7
# nvalues = 4389                                  
# units = specified
# name 0 = depSM: Depth [salt water, m]
# name 1 = latitude: Latitude [deg]
# name 2 = longitude: Longitude [deg]
# name 3 = t090C: Temperature [ITS-90, deg C]
# name 4 = sal00: Salinity, Practical [PSU]
# name 5 = svCM: Sound Velocity [Chen-Millero, m/s]
# name 6 = flag:  0.000e+00
# span 0 =      1.531,     41.132                 
# span 1 =   71.59802,   71.59810                 
# span 2 = -161.53712, -161.53668                 
# span 3 =    -1.5417,     2.3014                 
# span 4 =    27.0013,    32.5559                 
# span 5 =    1439.25,    1451.03                 
# span 6 = 0.0000e+00, 0.0000e+00                 
# interval = seconds: 0.0416667
# start_time = Sep 24 2023 19:50:48 [NMEA time, first data scan]
# bad_flag = -9.990e-29
*END*
[from data line 1231]
      9.311   71.59808 -161.53678     2.2909    28.2547    1450.70  0.000e+00
      9.311   71.59808 -161.53678     2.2937    28.2877    1450.75  0.000e+00
      9.341   71.59808 -161.53678     2.2951    28.3210    1450.80  0.000e+00
      9.311   71.59808 -161.53678     2.2957    28.3549    1450.85  0.000e+00
      9.311   71.59808 -161.53678     2.2962    28.3994    1450.91  0.000e+00
      9.311   71.59808 -161.53678     2.2993    28.4293    1450.96  0.000e+00
      9.372   71.59808 -161.53678     2.3014    28.4398    1450.99  0.000e+00
      9.372   71.59808 -161.53678     2.3013    28.4610    1451.01  0.000e+00
      9.311   71.59808 -161.53678     2.2982    28.4829    1451.03  0.000e+00
      9.372   71.59808 -161.53678     2.2893    28.4889    1451.00  0.000e+00
      9.403   71.59808 -161.53678     2.2756    28.4965    1450.95  0.000e+00
      9.372   71.59808 -161.53678     2.2645    28.5106    1450.92  0.000e+00
      9.372   71.59808 -161.53678     2.2568    28.5168    1450.89  0.000e+00
      9.426   71.59808 -161.53678     2.2516    28.5178    1450.87  0.000e+00
      9.372   71.59808 -161.53678     2.2492    28.5247    1450.87  0.000e+00
      9.426   71.59808 -161.53678     2.2481    28.5281    1450.87  0.000e+00
      9.372   71.59808 -161.53678     2.2441    28.5281    1450.85  0.000e+00
      9.426   71.59808 -161.53678     2.2374    28.5323    1450.83  0.000e+00
      9.403   71.59808 -161.53678     2.2318    28.5363    1450.81  0.000e+00
      9.488   71.59808 -161.53678     2.2257    28.5395    1450.78  0.000e+00
      9.426   71.59808 -161.53678     2.2208    28.5423    1450.77  0.000e+00
      9.488   71.59808 -161.53678     2.2164    28.5465    1450.75  0.000e+00
      9.488   71.59808 -161.53678     2.2127    28.5523    1450.74  0.000e+00
      9.426   71.59808 -161.53678     2.2106    28.5586    1450.74  0.000e+00
      9.488   71.59808 -161.53678     2.2116    28.5599    1450.75  0.000e+00
      9.488   71.59808 -161.53678     2.2150    28.5487    1450.75  0.000e+00
      9.488   71.59808 -161.53678     2.2153    28.5345    1450.73  0.000e+00
      9.519   71.59808 -161.53678     2.2102    28.5278    1450.70  0.000e+00
      9.542   71.59808 -161.53678     2.2025    28.5287    1450.67  0.000e+00
      9.488   71.59808 -161.53678     2.1955    28.5341    1450.64  0.000e+00
      9.542   71.59808 -161.53678     2.1890    28.5396    1450.62  0.000e+00
      9.542   71.59808 -161.53678     2.1839    28.5428    1450.60  0.000e+00
      9.542   71.59808 -161.53678     2.1794    28.5466    1450.59  0.000e+00
      9.542   71.59808 -161.53678     2.1741    28.5526    1450.57  0.000e+00
      9.488   71.59808 -161.53678     2.1694    28.5608    1450.56  0.000e+00
      9.688   71.59808 -161.53678     2.1653    28.5712    1450.56  0.000e+00
      9.542   71.59808 -161.53678     2.1606    28.5851    1450.56  0.000e+00
      9.604   71.59808 -161.53678     2.1548    28.6017    1450.55  0.000e+00
      9.542   71.59808 -161.53678     2.1493    28.6157    1450.55  0.000e+00
      9.658   71.59808 -161.53678     2.1433    28.6297    1450.54  0.000e+00
      9.604   71.59808 -161.53678     2.1377    28.6435    1450.53  0.000e+00
      9.604   71.59808 -161.53678     2.1333    28.6541    1450.53  0.000e+00
      9.627   71.59808 -161.53678     2.1298    28.6634    1450.52  0.000e+00
      9.658   71.59808 -161.53678     2.1270    28.6721    1450.52  0.000e+00
      9.658   71.59808 -161.53678     2.1247    28.6815    1450.52  0.000e+00
      9.658   71.59808 -161.53678     2.1215    28.6928    1450.53  0.000e+00
      9.658   71.59808 -161.53678     2.1180    28.7035    1450.52  0.000e+00
      9.658   71.59808 -161.53678     2.1144    28.7111    1450.52  0.000e+00
      9.658   71.59808 -161.53678     2.1108    28.7172    1450.51  0.000e+00
      9.712   71.59808 -161.53678     2.1080    28.7243    1450.51  0.000e+00
      9.688   71.59808 -161.53678     2.1056    28.7317    1450.51  0.000e+00
      9.712   71.59808 -161.53678     2.1038    28.7406    1450.51  0.000e+00
      9.712   71.59808 -161.53678     2.1022    28.7490    1450.51  0.000e+00
      9.712   71.59808 -161.53678     2.1000    28.7561    1450.51  0.000e+00
      9.773   71.59808 -161.53678     2.0985    28.7610    1450.51  0.000e+00
      9.712   71.59808 -161.53678     2.0970    28.7660    1450.51  0.000e+00
      9.712   71.59808 -161.53678     2.0964    28.7703    1450.52  0.000e+00
      9.773   71.59808 -161.53678     2.0956    28.7745    1450.52  0.000e+00
      9.742   71.59808 -161.53678     2.0945    28.7790    1450.52  0.000e+00
      9.827   71.59808 -161.53678     2.0929    28.7829    1450.52  0.000e+00
      9.773   71.59808 -161.53678     2.0922    28.7858    1450.52  0.000e+00
      9.773   71.59808 -161.53678     2.0918    28.7879    1450.52  0.000e+00
      9.773   71.59808 -161.53678     2.0916    28.7865    1450.52  0.000e+00
      9.827   71.59808 -161.53678     2.0918    28.7841    1450.52  0.000e+00
      9.773   71.59808 -161.53678     2.0918    28.7823    1450.51  0.000e+00
      9.773   71.59808 -161.53678     2.0913    28.7817    1450.51  0.000e+00
      9.858   71.59808 -161.53678     2.0909    28.7825    1450.51  0.000e+00
      9.827   71.59808 -161.53678     2.0897    28.7834    1450.51  0.000e+00
      9.827   71.59808 -161.53678     2.0890    28.7833    1450.50  0.000e+00
      9.827   71.59808 -161.53678     2.0879    28.7832    1450.50  0.000e+00
      9.889   71.59808 -161.53678     2.0869    28.7831    1450.49  0.000e+00
      9.827   71.59808 -161.53678     2.0860    28.7838    1450.49  0.000e+00
      9.889   71.59808 -161.53678     2.0855    28.7840    1450.49  0.000e+00
      9.858   71.59808 -161.53678     2.0854    28.7829    1450.49  0.000e+00
      9.889   71.59808 -161.53678     2.0850    28.7835    1450.49  0.000e+00
      9.827   71.59808 -161.53678     2.0848    28.7858    1450.49  0.000e+00
      9.889   71.59808 -161.53680     2.0846    28.7883    1450.49  0.000e+00
      9.889   71.59808 -161.53680     2.0846    28.7892    1450.49  0.000e+00
      9.889   71.59808 -161.53680     2.0844    28.7884    1450.49  0.000e+00
      9.889   71.59808 -161.53680     2.0844    28.7859    1450.49  0.000e+00
      9.943   71.59808 -161.53680     2.0843    28.7812    1450.48  0.000e+00
      9.912   71.59808 -161.53680     2.0843    28.7795    1450.48  0.000e+00
      9.943   71.59808 -161.53680     2.0841    28.7782    1450.48  0.000e+00
      9.943   71.59808 -161.53680     2.0841    28.7742    1450.47  0.000e+00
      9.943   71.59808 -161.53680     2.0844    28.7682    1450.46  0.000e+00
      9.943   71.59808 -161.53680     2.0850    28.7618    1450.46  0.000e+00
     10.005   71.59808 -161.53680     2.0861    28.7578    1450.46  0.000e+00
      9.943   71.59808 -161.53680     2.0872    28.7565    1450.46  0.000e+00
      9.974   71.59808 -161.53680     2.0876    28.7593    1450.47  0.000e+00
     10.005   71.59808 -161.53680     2.0883    28.7631    1450.48  0.000e+00
     10.005   71.59808 -161.53680     2.0880    28.7669    1450.48  0.000e+00
     10.005   71.59808 -161.53680     2.0877    28.7692    1450.48  0.000e+00
     10.059   71.59808 -161.53680     2.0872    28.7713    1450.48  0.000e+00
     10.059   71.59808 -161.53680     2.0868    28.7705    1450.48  0.000e+00
     10.059   71.59808 -161.53680     2.0871    28.7650    1450.47  0.000e+00
     10.028   71.59808 -161.53680     2.0880    28.7581    1450.47  0.000e+00
     10.059   71.59808 -161.53680     2.0888    28.7566    1450.47  0.000e+00
     10.113   71.59808 -161.53680     2.0888    28.7605    1450.48  0.000e+00
     10.059   71.59808 -161.53680     2.0890    28.7654    1450.48  0.000e+00
     10.059   71.59808 -161.53680     2.0885    28.7689    1450.48  0.000e+00
     10.113   71.59808 -161.53680     2.0880    28.7681    1450.48  0.000e+00
     10.113   71.59808 -161.53680     2.0879    28.7647    1450.48  0.000e+00
     10.174   71.59808 -161.53680     2.0873    28.7661    1450.48  0.000e+00
     10.143   71.59808 -161.53680     2.0868    28.7736    1450.48  0.000e+00
     10.113   71.59808 -161.53680     2.0849    28.7829    1450.49  0.000e+00
     10.174   71.59808 -161.53680     2.0819    28.7911    1450.49  0.000e+00
     10.174   71.59808 -161.53680     2.0788    28.7964    1450.48  0.000e+00
     10.228   71.59808 -161.53680     2.0768    28.8007    1450.48  0.000e+00
     10.113   71.59808 -161.53680     2.0749    28.8051    1450.47  0.000e+00
     10.290   71.59808 -161.53680     2.0735    28.8081    1450.47  0.000e+00
     10.143   71.59808 -161.53680     2.0731    28.8106    1450.47  0.000e+00
     10.290   71.59808 -161.53680     2.0735    28.8111    1450.48  0.000e+00
     10.228   71.59808 -161.53680     2.0737    28.8133    1450.48  0.000e+00
     10.290   71.59808 -161.53680     2.0743    28.8167    1450.49  0.000e+00
     10.290   71.59808 -161.53680     2.0739    28.8189    1450.49  0.000e+00
     10.344   71.59808 -161.53680     2.0737    28.8133    1450.48  0.000e+00
     10.344   71.59808 -161.53680     2.0737    28.8065    1450.47  0.000e+00
     10.259   71.59808 -161.53680     2.0720    28.8052    1450.46  0.000e+00
     10.344   71.59808 -161.53680     2.0689    28.8079    1450.45  0.000e+00
     10.406   71.59808 -161.53680     2.0653    28.8132    1450.45  0.000e+00
     10.344   71.59808 -161.53680     2.0621    28.8162    1450.43  0.000e+00
     10.406   71.59808 -161.53680     2.0595    28.8120    1450.42  0.000e+00
     10.406   71.59808 -161.53680     2.0545    28.8103    1450.39  0.000e+00
     10.406   71.59808 -161.53680     2.0497    28.8109    1450.37  0.000e+00
     10.429   71.59808 -161.53680     2.0430    28.8102    1450.34  0.000e+00
     10.460   71.59808 -161.53680     2.0346    28.8108    1450.31  0.000e+00
     10.460   71.59808 -161.53680     2.0268    28.8115    1450.27  0.000e+00
     10.460   71.59808 -161.53680     2.0192    28.8152    1450.24  0.000e+00
     10.513   71.59808 -161.53680     2.0140    28.8219    1450.23  0.000e+00
     10.460   71.59808 -161.53680     2.0123    28.8272    1450.23  0.000e+00
     10.513   71.59808 -161.53680     2.0100    28.8283    1450.22  0.000e+00
     10.544   71.59808 -161.53680     2.0069    28.8278    1450.21  0.000e+00
     10.575   71.59808 -161.53680     2.0033    28.8283    1450.19  0.000e+00
     10.575   71.59808 -161.53680     1.9997    28.8291    1450.18  0.000e+00
     10.629   71.59808 -161.53680     1.9964    28.8306    1450.17  0.000e+00
     10.629   71.59808 -161.53680     1.9897    28.8395    1450.15  0.000e+00
     10.629   71.59808 -161.53680     1.9772    28.8607    1450.12  0.000e+00
     10.629   71.59808 -161.53680     1.9627    28.8840    1450.09  0.000e+00
     10.660   71.59808 -161.53680     1.9497    28.9029    1450.05  0.000e+00
     10.745   71.59808 -161.53680     1.9388    28.9214    1450.03  0.000e+00
     10.629   71.59808 -161.53680     1.9299    28.9375    1450.01  0.000e+00
     10.745   71.59808 -161.53680     1.9228    28.9491    1449.99  0.000e+00
     10.745   71.59808 -161.53680     1.9169    28.9575    1449.98  0.000e+00
     10.745   71.59808 -161.53680     1.9124    28.9654    1449.97  0.000e+00
     10.714   71.59808 -161.53680     1.9083    28.9748    1449.96  0.000e+00
     10.860   71.59808 -161.53680     1.9039    28.9825    1449.96  0.000e+00
     10.807   71.59808 -161.53680     1.9005    28.9861    1449.95  0.000e+00
     10.860   71.59808 -161.53680     1.8985    28.9879    1449.94  0.000e+00
     10.860   71.59808 -161.53680     1.8972    28.9888    1449.93  0.000e+00
     10.860   71.59808 -161.53680     1.8963    28.9898    1449.93  0.000e+00
     10.914   71.59808 -161.53680     1.8957    28.9901    1449.93  0.000e+00
     10.945   71.59808 -161.53680     1.8949    28.9910    1449.93  0.000e+00
     10.914   71.59808 -161.53680     1.8941    28.9971    1449.93  0.000e+00
     10.914   71.59808 -161.53680     1.8933    29.0071    1449.94  0.000e+00
     10.976   71.59808 -161.53680     1.8931    29.0148    1449.95  0.000e+00
     10.976   71.59808 -161.53680     1.8929    29.0243    1449.96  0.000e+00
     11.030   71.59808 -161.53680     1.8928    29.0350    1449.98  0.000e+00
     10.999   71.59808 -161.53680     1.8928    29.0453    1449.99  0.000e+00
     11.092   71.59808 -161.53680     1.8931    29.0620    1450.02  0.000e+00
     11.030   71.59808 -161.53680     1.8935    29.0771    1450.04  0.000e+00
     11.092   71.59808 -161.53680     1.8942    29.0792    1450.04  0.000e+00
     11.146   71.59808 -161.53680     1.8946    29.0730    1450.04  0.000e+00
     11.092   71.59808 -161.53680     1.8946    29.0640    1450.03  0.000e+00
     11.092   71.59808 -161.53680     1.8936    29.0596    1450.02  0.000e+00
     11.231   71.59808 -161.53680     1.8930    29.0593    1450.01  0.000e+00
     11.207   71.59808 -161.53680     1.8929    29.0614    1450.02  0.000e+00
     11.207   71.59808 -161.53680     1.8919    29.0618    1450.01  0.000e+00
     11.207   71.59808 -161.53680     1.8896    29.0595    1450.00  0.000e+00
     11.261   71.59808 -161.53680     1.8864    29.0578    1449.98  0.000e+00
     11.315   71.59808 -161.53680     1.8838    29.0593    1449.97  0.000e+00
     11.292   71.59808 -161.53680     1.8817    29.0616    1449.97  0.000e+00
     11.261   71.59808 -161.53680     1.8805    29.0623    1449.96  0.000e+00
     11.377   71.59808 -161.53680     1.8796    29.0681    1449.97  0.000e+00
     11.315   71.59808 -161.53680     1.8782    29.0815    1449.98  0.000e+00
     11.377   71.59808 -161.53680     1.8778    29.0937    1449.99  0.000e+00
     11.377   71.59808 -161.53680     1.8767    29.0950    1449.99  0.000e+00
     11.400   71.59808 -161.53680     1.8751    29.0901    1449.98  0.000e+00
     11.431   71.59808 -161.53680     1.8731    29.0890    1449.97  0.000e+00
     11.431   71.59808 -161.53680     1.8713    29.0898    1449.96  0.000e+00
     11.431   71.59808 -161.53680     1.8697    29.0934    1449.96  0.000e+00
     11.493   71.59808 -161.53680     1.8685    29.0935    1449.95  0.000e+00
     11.547   71.59808 -161.53680     1.8682    29.0924    1449.95  0.000e+00
     11.516   71.59808 -161.53680     1.8675    29.1025    1449.96  0.000e+00
     11.547   71.59808 -161.53680     1.8641    29.1282    1449.98  0.000e+00
     11.493   71.59808 -161.53680     1.8603    29.1445    1449.98  0.000e+00
     11.601   71.59808 -161.53680     1.8567    29.1609    1449.99  0.000e+00
     11.601   71.59808 -161.53680     1.8519    29.1816    1450.00  0.000e+00
     11.601   71.59808 -161.53680     1.8471    29.2031    1450.00  0.000e+00
     11.632   71.59808 -161.53680     1.8422    29.2217    1450.01  0.000e+00
     11.662   71.59808 -161.53680     1.8374    29.2375    1450.01  0.000e+00
     11.662   71.59808 -161.53680     1.8323    29.2532    1450.00  0.000e+00
     11.716   71.59808 -161.53680     1.8282    29.2635    1450.00  0.000e+00
     11.716   71.59808 -161.53680     1.8254    29.2709    1450.00  0.000e+00
     11.778   71.59808 -161.53680     1.8228    29.2847    1450.01  0.000e+00
     11.747   71.59808 -161.53680     1.8153    29.3126    1450.01  0.000e+00
     11.778   71.59808 -161.53680     1.8066    29.3407    1450.01  0.000e+00
     11.778   71.59808 -161.53680     1.8002    29.3637    1450.01  0.000e+00
     11.778   71.59808 -161.53680     1.7949    29.3766    1450.00  0.000e+00
     11.832   71.59808 -161.53680     1.7909    29.3839    1449.99  0.000e+00
     11.801   71.59808 -161.53680     1.7871    29.4005    1450.00  0.000e+00
     11.894   71.59808 -161.53680     1.7825    29.4335    1450.02  0.000e+00
     11.894   71.59808 -161.53680     1.7763    29.4693    1450.04  0.000e+00
     11.894   71.59808 -161.53680     1.7684    29.4990    1450.05  0.000e+00
     11.948   71.59808 -161.53680     1.7603    29.5222    1450.04  0.000e+00
