EcoFOCI/data/1_SampleCollection/2023_SikuliaqDBO_CruiseData/CTD_raw_BottleFile_SKQ23-12S/proc/skq202312s_036avg.cnv
* Sea-Bird SBE 9 Data File:
* FileName = D:\CTD\SKQ202312S\SKQ202312S_036.hex
* Software Version Seasave V 7.26.7.121
* Temperature SN = 6177
* Conductivity SN = 0369
* Number of Bytes Per Scan = 41
* Number of Voltage Words = 4
* Number of Scans Averaged by the Deck Unit = 1
* NMEA Latitude = 72 27.93 N
* NMEA Longitude = 156 32.77 W
* NMEA UTC (Time) = Sep 22 2023  14:08:00
* NMEA baud rate = 4800
** Ship: R/V Sikuliaq
** Station Number: 036
** Station Name: CK9
** Bottom Depth: 990
** Operator: SD
# nquan = 25
# nvalues = 991                         
# units = specified
# name 0 = depSM: Depth [salt water, m]
# name 1 = latitude: Latitude [deg]
# name 2 = longitude: Longitude [deg]
# name 3 = prDM: Pressure, Digiquartz [db]
# name 4 = t090C: Temperature [ITS-90, deg C]
# name 5 = t190C: Temperature, 2 [ITS-90, deg C]
# name 6 = potemp090C: Potential Temperature [ITS-90, deg C]
# name 7 = sal00: Salinity, Practical [PSU]
# name 8 = sal11: Salinity, Practical, 2 [PSU]
# name 9 = density00: Density [density, kg/m^3]
# name 10 = sigma-é00: Density [sigma-theta, kg/m^3]
# name 11 = sbox0Mm/Kg: Oxygen, SBE 43 [umol/kg]
# name 12 = sbox1Mm/Kg: Oxygen, SBE 43, 2 [umol/kg]
# name 13 = oxsolMm/Kg: Oxygen Saturation, Garcia & Gordon [umol/kg]
# name 14 = sbeox0PS: Oxygen, SBE 43 [% saturation]
# name 15 = sbeox1PS: Oxygen, SBE 43, 2 [% saturation]
# name 16 = v0: Voltage 0
# name 17 = flECO-AFL: Fluorescence, WET Labs ECO-AFL/FL [mg/m^3]
# name 18 = v1: Voltage 1
# name 19 = CStarAt0: Beam Attenuation, WET Labs C-Star [1/m]
# name 20 = par: PAR/Irradiance, Biospherical/Licor
# name 21 = scan: Scan Count
# name 22 = timeM: Time, Elapsed [minutes]
# name 23 = nbin: number of scans per bin
# name 24 = flag: flag
# span 0 =      3.959,    981.449       
# span 1 =   72.46518,   72.46554       
# span 2 = -156.54650, -156.54612       
# span 3 =      4.000,    994.000       
# span 4 =    -1.6669,     3.5219       
# span 5 =    -1.6656,     3.5225       
# span 6 =    -1.6692,     3.5217       
# span 7 =    27.5792,    34.8590       
# span 8 =    27.5900,    34.8688       
# span 9 =  1021.9464,  1032.6561       
# span 10 =    21.9275,    27.9809      
# span 11 =    257.654,    386.366      
# span 12 =    243.681,    362.997      
# span 13 =  336.83840,  369.69062      
# span 14 =     73.070,    106.684      
# span 15 =     69.216,    101.004      
# span 16 =     0.0563,     0.1790      
# span 17 =    -0.0103,     0.7258      
# span 18 =     3.9564,     4.2681      
# span 19 =     0.3961,     0.6995      
# span 20 = -1.928e-04, 2.8560e-01      
# span 21 =        587,      33161      
# span 22 =     0.4072,    23.0277      
# span 23 =          1,        777      
# span 24 = 0.0000e+00, 0.0000e+00      
# interval = decibars: 1                
# start_time = Sep 22 2023 14:11:59 [NMEA time, first data scan]
# bad_flag = -9.990e-29
*END*
[from data line 928]
    920.368   72.46518 -156.54646    932.000     0.3548     0.3563     0.3112    34.8564    34.8667  1032.3571    27.9730    288.135    273.764  345.15026     83.481     79.327     0.0579    -0.0009     4.2500     0.4131 5.5194e-06      26978    18.7341         23 0.0000e+00
    921.354   72.46518 -156.54647    933.000     0.3551     0.3565     0.3114    34.8562    34.8665  1032.3616    27.9729    288.098    273.270  345.14833     83.471     79.184     0.0578    -0.0011     4.2503     0.4128 6.5432e-06      27006    18.7532         31 0.0000e+00
    922.339   72.46518 -156.54648    934.000     0.3549     0.3564     0.3111    34.8561    34.8666  1032.3662    27.9728    287.995    272.950  345.15073     83.440     79.091     0.0589     0.0053     4.2492     0.4139 6.2023e-06      27037    18.7753         30 0.0000e+00
    923.324   72.46518 -156.54648    935.000     0.3554     0.3568     0.3116    34.8561    34.8666  1032.3708    27.9728    287.985    273.828  345.14632     83.438     79.346     0.0590     0.0059     4.2469     0.4160 5.8240e-06      27068    18.7962         32 0.0000e+00
    924.310   72.46518 -156.54648    936.000     0.3539     0.3551     0.3100    34.8561    34.8665  1032.3756    27.9729    288.152    274.066  345.15953     83.484     79.412     0.0584     0.0022     4.2501     0.4130 7.0425e-06      27098    18.8174         30 0.0000e+00
    925.295   72.46518 -156.54648    937.000     0.3520     0.3535     0.3081    34.8563    34.8666  1032.3806    27.9731    288.196    274.125  345.17571     83.493     79.426     0.0580     0.0000     4.2480     0.4150 4.5516e-06      27134    18.8426         37 0.0000e+00
    926.280   72.46518 -156.54648    938.000     0.3526     0.3542     0.3086    34.8561    34.8665  1032.3850    27.9730    288.015    273.515  345.17142     83.441     79.250     0.0584     0.0026     4.2474     0.4156 5.5790e-06      27170    18.8677         35 0.0000e+00
    927.265   72.46518 -156.54648    939.000     0.3528     0.3546     0.3088    34.8561    34.8664  1032.3896    27.9729    288.339    273.983  345.16909     83.536     79.386     0.0585     0.0029     4.2494     0.4137 6.0495e-06      27248    18.9217        131 0.0000e+00
    928.251   72.46518 -156.54648    940.000     0.3526     0.3541     0.3085    34.8561    34.8663  1032.3943    27.9729    288.155    274.317  345.17148     83.482     79.482     0.0589     0.0054     4.2480     0.4150 6.7019e-06      27544    19.1270        322 0.0000e+00
    929.236   72.46518 -156.54650    941.000     0.3482     0.3501     0.3041    34.8561    34.8665  1032.3994    27.9732    288.200    274.002  345.20993     83.486     79.383     0.0594     0.0086     4.2483     0.4147 5.2860e-06      27759    19.2764        132 0.0000e+00
    930.221   72.46518 -156.54650    942.000     0.3454     0.3470     0.3013    34.8562    34.8666  1032.4043    27.9735    288.222    274.495  345.23489     83.486     79.519     0.0595     0.0089     4.2471     0.4158 5.4464e-06      27839    19.3318         42 0.0000e+00
    931.206   72.46518 -156.54650    943.000     0.3424     0.3433     0.2983    34.8563    34.8667  1032.4094    27.9737    288.223    274.269  345.26124     83.480     79.446     0.0593     0.0080     4.2458     0.4170 6.0906e-06      27903    19.3765         85 0.0000e+00
    932.192   72.46518 -156.54650    944.000     0.3412     0.3428     0.2970    34.8563    34.8666  1032.4141    27.9738    288.091    274.026  345.27197     83.439     79.375     0.0595     0.0090     4.2468     0.4161 5.1861e-06      27970    19.4229         49 0.0000e+00
    933.177   72.46518 -156.54650    945.000     0.3396     0.3411     0.2954    34.8562    34.8667  1032.4188    27.9738    288.179    273.778  345.28689     83.461     79.300     0.0588     0.0051     4.2481     0.4149 6.2541e-06      28025    19.4612         56 0.0000e+00
    934.162   72.46518 -156.54650    946.000     0.3367     0.3383     0.2924    34.8562    34.8666  1032.4237    27.9740    288.349    273.997  345.31287     83.504     79.357     0.0590     0.0060     4.2495     0.4136 6.0795e-06      28073    19.4942         46 0.0000e+00
    935.148   72.46518 -156.54650    947.000     0.3362     0.3374     0.2919    34.8562    34.8665  1032.4284    27.9740    288.336    274.195  345.31715     83.499     79.413     0.0589     0.0055     4.2510     0.4122 5.9513e-06      28144    19.5435         81 0.0000e+00
    936.133   72.46518 -156.54650    948.000     0.3358     0.3371     0.2914    34.8561    34.8664  1032.4330    27.9740    288.432    274.084  345.32093     83.526     79.380     0.0590     0.0058     4.2514     0.4118 5.3162e-06      28200    19.5829         48 0.0000e+00
    937.118   72.46518 -156.54650    949.000     0.3349     0.3363     0.2905    34.8561    34.8664  1032.4378    27.9740    288.468    273.921  345.32883     83.534     79.331     0.0587     0.0042     4.2520     0.4112 5.7851e-06      28265    19.6278         72 0.0000e+00
    938.103   72.46518 -156.54650    950.000     0.3343     0.3356     0.2898    34.8561    34.8664  1032.4425    27.9741    288.470    273.822  345.33437     83.534     79.301     0.0599     0.0116     4.2517     0.4115 8.0189e-06      28328    19.6718         59 0.0000e+00
    939.089   72.46518 -156.54650    951.000     0.3340     0.3356     0.2895    34.8562    34.8665  1032.4472    27.9741    288.444    274.108  345.33651     83.525     79.384     0.0592     0.0073     4.2517     0.4115 7.9826e-06      28385    19.7108         52 0.0000e+00
    940.074   72.46521 -156.54648    952.000     0.3363     0.3386     0.2917    34.8561    34.8663  1032.4516    27.9740    288.406    274.240  345.31665     83.519     79.428     0.0581     0.0007     4.2501     0.4130 5.8965e-06      28888    20.0604        754 0.0000e+00
    941.059   72.46522 -156.54646    953.000     0.3356     0.3373     0.2909    34.8563    34.8666  1032.4565    27.9741    288.376    274.376  345.32240     83.509     79.465     0.0580    -0.0003     4.2514     0.4118 5.7546e-06      29220    20.2911         31 0.0000e+00
    942.044   72.46522 -156.54646    954.000     0.3352     0.3369     0.2905    34.8563    34.8665  1032.4611    27.9741    288.337    274.804  345.32601     83.497     79.588     0.0585     0.0027     4.2497     0.4135 6.1889e-06      29323    20.3627         64 0.0000e+00
    943.029   72.46522 -156.54644    955.000     0.3350     0.3366     0.2902    34.8564    34.8667  1032.4659    27.9742    288.450    274.271  345.32768     83.529     79.433     0.0588     0.0046     4.2506     0.4125 6.5620e-06      29391    20.4099         82 0.0000e+00
    944.015   72.46522 -156.54644    956.000     0.3349     0.3365     0.2901    34.8563    34.8666  1032.4705    27.9742    288.321    273.825  345.32820     83.492     79.304     0.0578    -0.0010     4.2493     0.4138 6.0197e-06      29460    20.4580         38 0.0000e+00
    945.000   72.46522 -156.54642    957.000     0.3356     0.3369     0.2907    34.8563    34.8665  1032.4751    27.9741    288.344    274.666  345.32239     83.500     79.548     0.0587     0.0045     4.2503     0.4128 6.3616e-06      29535    20.5100         99 0.0000e+00
    945.985   72.46522 -156.54642    958.000     0.3347     0.3361     0.2897    34.8564    34.8668  1032.4800    27.9743    288.331    274.106  345.33022     83.494     79.384     0.0587     0.0039     4.2501     0.4130 6.2863e-06      29594    20.5503         31 0.0000e+00
    946.970   72.46522 -156.54642    959.000     0.3346     0.3360     0.2896    34.8565    34.8667  1032.4846    27.9743    288.505    274.092  345.33107     83.544     79.380     0.0593     0.0078     4.2508     0.4123 6.0973e-06      29645    20.5864         78 0.0000e+00
    947.955   72.46522 -156.54640    960.000     0.3338     0.3352     0.2888    34.8564    34.8667  1032.4893    27.9744    288.458    274.478  345.33806     83.529     79.490     0.0587     0.0040     4.2510     0.4122 6.4560e-06      29712    20.6324         42 0.0000e+00
    948.941   72.46522 -156.54640    961.000     0.3304     0.3318     0.2854    34.8566    34.8669  1032.4944    27.9747    288.554    274.153  345.36756     83.550     79.389     0.0588     0.0047     4.2513     0.4118 6.9851e-06      29767    20.6711         68 0.0000e+00
    949.926   72.46522 -156.54640    962.000     0.3212     0.3233     0.2761    34.8567    34.8673  1032.4999    27.9753    288.564    273.868  345.45016     83.533     79.290     0.0585     0.0030     4.2508     0.4124 6.3336e-06      29820    20.7078         36 0.0000e+00
    950.911   72.46522 -156.54640    963.000     0.3231     0.3234     0.2780    34.8568    34.8670  1032.5045    27.9753    288.311    274.075  345.43213     83.464     79.349     0.0588     0.0046     4.2499     0.4132 6.1117e-06      29883    20.7516         90 0.0000e+00
    951.896   72.46522 -156.54640    964.000     0.3203     0.3218     0.2751    34.8568    34.8671  1032.5094    27.9754    288.613    274.254  345.45774     83.545     79.398     0.0588     0.0051     4.2499     0.4132 5.8390e-06      29942    20.7922         29 0.0000e+00
    952.881   72.46522 -156.54640    965.000     0.3208     0.3222     0.2756    34.8568    34.8670  1032.5141    27.9754    288.601    274.075  345.45332     83.543     79.347     0.0593     0.0076     4.2504     0.4127 5.9222e-06      29989    20.8247         87 0.0000e+00
    953.867   72.46522 -156.54640    966.000     0.3203     0.3212     0.2751    34.8563    34.8671  1032.5183    27.9750    288.431    275.234  345.45855     83.492     79.681     0.0589     0.0052     4.2488     0.4143 5.9538e-06      30066    20.8782         37 0.0000e+00
    954.852   72.46522 -156.54640    967.000     0.3147     0.3163     0.2695    34.8570    34.8674  1032.5240    27.9759    288.186    274.648  345.50674     83.409     79.501     0.0589     0.0055     4.2471     0.4159 5.2643e-06      30101    20.9027         47 0.0000e+00
    955.837   72.46522 -156.54640    968.000     0.3126     0.3140     0.2673    34.8570    34.8674  1032.5289    27.9761    288.650    273.844  345.52581     83.539     79.264     0.0596     0.0095     4.2440     0.4187 5.5869e-06      30163    20.9461         61 0.0000e+00
    956.822   72.46522 -156.54640    969.000     0.3111     0.3123     0.2658    34.8571    34.8675  1032.5337    27.9762    288.420    274.264  345.53897     83.470     79.382     0.0593     0.0077     4.2466     0.4163 6.0343e-06      30226    20.9893         81 0.0000e+00
    957.807   72.46522 -156.54640    970.000     0.3099     0.3117     0.2645    34.8571    34.8673  1032.5385    27.9763    288.348    274.509  345.54930     83.446     79.451     0.0589     0.0056     4.2461     0.4167 4.7695e-06      30291    21.0350         35 0.0000e+00
    958.792   72.46522 -156.54640    971.000     0.3085     0.3100     0.2630    34.8570    34.8675  1032.5432    27.9763    288.627    274.282  345.56250     83.524     79.382     0.0597     0.0104     4.2449     0.4179 7.1167e-06      30321    21.0555         33 0.0000e+00
    959.778   72.46522 -156.54643    972.000     0.3095     0.3110     0.2640    34.8570    34.8673  1032.5478    27.9763    288.471    274.268  345.55333     83.481     79.380     0.0587     0.0041     4.2448     0.4180 6.3276e-06      30410    21.1176         93 0.0000e+00
    960.763   72.46522 -156.54642    973.000     0.3067     0.3079     0.2612    34.8571    34.8674  1032.5527    27.9765    288.477    274.454  345.57791     83.477     79.428     0.0590     0.0063     4.2462     0.4167 3.7445e-06      30447    21.1428         25 0.0000e+00
    961.748   72.46522 -156.54642    974.000     0.3066     0.3087     0.2610    34.8571    34.8673  1032.5574    27.9765    288.270    273.877  345.57932     83.416     79.262     0.0589     0.0056     4.2444     0.4184 5.8600e-06      30512    21.1884        101 0.0000e+00
    962.733   72.46522 -156.54642    975.000     0.3050     0.3063     0.2593    34.8570    34.8675  1032.5621    27.9765    288.101    274.340  345.59407     83.364     79.392     0.0599     0.0116     4.2446     0.4182 5.6463e-06      30573    21.2306         24 0.0000e+00
    963.718   72.46522 -156.54642    976.000     0.3035     0.3050     0.2579    34.8572    34.8675  1032.5671    27.9768    288.366    274.252  345.60614     83.438     79.363     0.0592     0.0075     4.2453     0.4175 5.2270e-06      30598    21.2478         31 0.0000e+00
    964.703   72.46522 -156.54642    977.000     0.3048     0.3061     0.2590    34.8570    34.8674  1032.5714    27.9765    288.722    274.792  345.59612     83.543     79.522     0.0589     0.0052     4.2442     0.4186 6.1503e-06      30696    21.3160         37 0.0000e+00
    965.688   72.46522 -156.54642    978.000     0.3013     0.3026     0.2555    34.8571    34.8676  1032.5765    27.9768    288.615    275.033  345.62675     83.505     79.584     0.0589     0.0056     4.2451     0.4177 4.8925e-06      30723    21.3349         26 0.0000e+00
    966.673   72.46522 -156.54643    979.000     0.3018     0.3030     0.2559    34.8572    34.8674  1032.5812    27.9769    288.543    273.945  345.62187     83.485     79.270     0.0580    -0.0002     4.2457     0.4172 5.5671e-06      30794    21.3839        100 0.0000e+00
    967.659   72.46522 -156.54644    980.000     0.2980     0.2992     0.2521    34.8572    34.8677  1032.5861    27.9770    288.240    273.826  345.65634     83.389     79.228     0.0594     0.0083     4.2454     0.4174 6.0423e-06      30854    21.4256         35 0.0000e+00
    968.644   72.46522 -156.54642    981.000     0.2874     0.2885     0.2415    34.8577    34.8684  1032.5921    27.9781    288.463    274.768  345.74953     83.431     79.479     0.0595     0.0088     4.2449     0.4179 6.1366e-06      30903    21.4595         58 0.0000e+00
    969.629   72.46522 -156.54644    982.000     0.2848     0.2861     0.2389    34.8576    34.8681  1032.5969    27.9782    288.732    274.722  345.77307     83.503     79.461     0.0577    -0.0021     4.2423     0.4204 4.8954e-06      30961    21.5002         50 0.0000e+00
    970.614   72.46522 -156.54644    983.000     0.2851     0.2853     0.2392    34.8577    34.8682  1032.6016    27.9782    288.451    274.658  345.76959     83.423     79.441     0.0586     0.0037     4.2417     0.4210 5.3110e-06      31028    21.5466         86 0.0000e+00
    971.599   72.46522 -156.54644    984.000     0.2799     0.2811     0.2339    34.8579    34.8683  1032.6068    27.9787    288.409    274.824  345.81600     83.400     79.480     0.0590     0.0063     4.2419     0.4207 5.3909e-06      31089    21.5889         33 0.0000e+00
    972.584   72.46522 -156.54644    985.000     0.2791     0.2807     0.2331    34.8579    34.8682  1032.6116    27.9788    288.602    274.366  345.82260     83.454     79.347     0.0583     0.0016     4.2414     0.4212 5.6987e-06      31137    21.6225         88 0.0000e+00
    973.569   72.46522 -156.54644    986.000     0.2786     0.2811     0.2325    34.8576    34.8683  1032.6160    27.9785    288.502    273.126  345.82853     83.423     78.989     0.0587     0.0043     4.2407     0.4219 6.0732e-06      31217    21.6778         35 0.0000e+00
    974.554   72.46522 -156.54644    987.000     0.2747     0.2764     0.2286    34.8580    34.8684  1032.6213    27.9790    288.657    273.239  345.86196     83.460     79.012     0.0581     0.0006     4.2405     0.4221 7.2874e-06      31244    21.6963         29 0.0000e+00
    975.539   72.46522 -156.54644    988.000     0.2736     0.2763     0.2275    34.8581    34.8683  1032.6261    27.9792    288.555    273.696  345.87158     83.428     79.144     0.0586     0.0038     4.2403     0.4222 5.8616e-06      31299    21.7347         90 0.0000e+00
