EcoFOCI/data/1_SampleCollection/2023_SikuliaqDBO_CruiseData/CTD_raw_BottleFile_SKQ23-12S/proc/skq202312s_061.ros
* Sea-Bird SBE 9 Data File:
* FileName = D:\CTD\SKQ202312S\SKQ202312S_061.hex
* Software Version Seasave V 7.26.7.121
* Temperature SN = 6177
* Conductivity SN = 0369
* Number of Bytes Per Scan = 41
* Number of Voltage Words = 4
* Number of Scans Averaged by the Deck Unit = 1
* NMEA Latitude = 71 36.10 N
* NMEA Longitude = 165 18.30 W
* NMEA UTC (Time) = Sep 27 2023  23:24:16
* NMEA baud rate = 4800
** Ship: R/V Sikuliaq
** Station Number: 061
** Station Name: IC3
** Bottom Depth: 42
** Operator: SS
** Recast for bottom water
# nquan = 22
# nvalues = 196                                   
# units = specified
# name 0 = depSM: Depth [salt water, m]
# name 1 = latitude: Latitude [deg]
# name 2 = longitude: Longitude [deg]
# name 3 = prDM: Pressure, Digiquartz [db]
# name 4 = t090C: Temperature [ITS-90, deg C]
# name 5 = t190C: Temperature, 2 [ITS-90, deg C]
# name 6 = potemp090C: Potential Temperature [ITS-90, deg C]
# name 7 = sal00: Salinity, Practical [PSU]
# name 8 = sal11: Salinity, Practical, 2 [PSU]
# name 9 = density00: Density [density, kg/m^3]
# name 10 = sigma-é00: Density [sigma-theta, kg/m^3]
# name 11 = sbox0Mm/Kg: Oxygen, SBE 43 [umol/kg]
# name 12 = sbox1Mm/Kg: Oxygen, SBE 43, 2 [umol/kg]
# name 13 = oxsolMm/Kg: Oxygen Saturation, Garcia & Gordon [umol/kg]
# name 14 = sbeox0PS: Oxygen, SBE 43 [% saturation]
# name 15 = v0: Voltage 0
# name 16 = flECO-AFL: Fluorescence, WET Labs ECO-AFL/FL [mg/m^3]
# name 17 = CStarAt0: Beam Attenuation, WET Labs C-Star [1/m]
# name 18 = par: PAR/Irradiance, Biospherical/Licor
# name 19 = scan: Scan Count
# name 20 = nbf: Bottles Fired
# name 21 = flag:  0.000e+00
# interval = seconds: 0.0416667
# start_time = Sep 27 2023 23:27:17 [NMEA time, first data scan]
# bad_flag = -9.990e-29
*END*
[from data line 66]
     36.879   71.60162 -165.30506     37.263    -1.0655    -1.0651    -1.0663    32.4848    32.4969  1026.2965    26.1171    262.173    248.273  364.98741     71.831     0.1673     0.6557     1.6393 1.0477e+00       5318          2  0.000e+00
     36.980   71.60162 -165.30506     37.365    -1.0651    -1.0651    -1.0659    32.4843    32.4968  1026.2966    26.1167    262.184    248.262  364.98493     71.834     0.1661     0.6483     1.6393 1.0477e+00       5319          2  0.000e+00
     36.933   71.60162 -165.30506     37.318    -1.0652    -1.0654    -1.0660    32.4841    32.4971  1026.2962    26.1165    262.194    248.248  364.98683     71.836     0.1612     0.6190     1.6393 1.0477e+00       5320          2  0.000e+00
     36.933   71.60162 -165.30506     37.318    -1.0653    -1.0655    -1.0662    32.4842    32.4973  1026.2963    26.1166    262.204    248.235  364.98747     71.839     0.1612     0.6190     1.6393 1.0510e+00       5321          2  0.000e+00
     36.926   71.60162 -165.30506     37.310    -1.0654    -1.0654    -1.0662    32.4846    32.4969  1026.2966    26.1169    262.214    248.220  364.98698     71.842     0.1600     0.6117     1.6393 1.0510e+00       5322          2  0.000e+00
     36.933   71.60162 -165.30506     37.318    -1.0658    -1.0655    -1.0666    32.4849    32.4971  1026.2968    26.1172    262.227    248.207  364.99014     71.845     0.1600     0.6117     1.6393 1.0510e+00       5323          2  0.000e+00
     36.933   71.60162 -165.30506     37.318    -1.0656    -1.0654    -1.0664    32.4841    32.4967  1026.2962    26.1166    262.236    248.192  364.98997     71.848     0.1600     0.6117     1.6393 1.0411e+00       5324          2  0.000e+00
     36.980   71.60162 -165.30506     37.365    -1.0653    -1.0657    -1.0662    32.4841    32.4967  1026.2964    26.1165    262.246    248.182  364.98780     71.851     0.1600     0.6117     1.6393 1.0346e+00       5325          2  0.000e+00
     36.933   71.60162 -165.30506     37.318    -1.0654    -1.0656    -1.0662    32.4840    32.4971  1026.2961    26.1164    262.255    248.164  364.98883     71.853     0.1612     0.6190     1.6393 1.0346e+00       5326          2  0.000e+00
     36.933   71.60162 -165.30506     37.318    -1.0652    -1.0654    -1.0660    32.4845    32.4967  1026.2965    26.1168    262.263    248.150  364.98561     71.856     0.1600     0.6117     1.6393 1.0314e+00       5327          2  0.000e+00
     36.926   71.60162 -165.30506     37.310    -1.0655    -1.0656    -1.0663    32.4846    32.4972  1026.2966    26.1170    262.274    248.168  364.98798     71.858     0.1612     0.6190     1.6393 1.0314e+00       5328          2  0.000e+00
     36.995   71.60162 -165.30506     37.380    -1.0654    -1.0657    -1.0662    32.4846    32.4971  1026.2969    26.1169    262.286    247.965  364.98710     71.862     0.1600     0.6117     1.6393 1.0282e+00       5329          2  0.000e+00
     36.933   71.60162 -165.30506     37.318    -1.0658    -1.0656    -1.0666    32.4851    32.4970  1026.2970    26.1174    262.296    247.953  364.98941     71.864     0.1600     0.6117     1.6393 1.0314e+00       5330          2  0.000e+00
     36.980   71.60162 -165.30506     37.365    -1.0657    -1.0655    -1.0665    32.4850    32.4969  1026.2971    26.1172    262.307    247.948  364.98873     71.867     0.1600     0.6117     1.6393 1.0346e+00       5331          2  0.000e+00
     36.933   71.60162 -165.30506     37.318    -1.0656    -1.0654    -1.0664    32.4849    32.4970  1026.2969    26.1172    262.315    248.135  364.98827     71.869     0.1612     0.6190     1.6409 1.0379e+00       5332          2  0.000e+00
     36.995   71.60162 -165.30506     37.380    -1.0658    -1.0654    -1.0667    32.4858    32.4969  1026.2979    26.1179    262.327    248.132  364.98806     71.873     0.1612     0.6190     1.6503 1.0346e+00       5333          2  0.000e+00
     36.926   71.60162 -165.30506     37.310    -1.0656    -1.0656    -1.0664    32.4857    32.4967  1026.2975    26.1178    262.332    248.126  364.98542     71.875     0.1600     0.6117     1.6550 1.0346e+00       5334          2  0.000e+00
     36.995   71.60162 -165.30506     37.380    -1.0655    -1.0652    -1.0663    32.4858    32.4964  1026.2979    26.1179    262.394    248.121  364.98455     71.892     0.1612     0.6190     1.6550 1.0346e+00       5335          2  0.000e+00
     36.995   71.60162 -165.30506     37.380    -1.0652    -1.0652    -1.0660    32.4854    32.4966  1026.2975    26.1175    262.404    248.148  364.98314     71.895     0.1600     0.6117     1.6534 1.0346e+00       5336          2  0.000e+00
     36.980   71.60162 -165.30506     37.365    -1.0652    -1.0654    -1.0660    32.4857    32.4967  1026.2977    26.1178    262.415    248.177  364.98163     71.898     0.1612     0.6190     1.6550 1.0314e+00       5337          2  0.000e+00
     36.933   71.60162 -165.30506     37.318    -1.0651    -1.0656    -1.0659    32.4858    32.4970  1026.2976    26.1179    262.424    247.981  364.98068     71.901     0.1587     0.6044     1.6550 1.0282e+00       5338          2  0.000e+00
     36.995   71.60162 -165.30506     37.380    -1.0649    -1.0654    -1.0657    32.4855    32.4965  1026.2976    26.1177    262.691    247.951  364.97926     71.974     0.1600     0.6117     1.6550 1.0282e+00       5339          2  0.000e+00
     36.980   71.60162 -165.30506     37.365    -1.0648    -1.0652    -1.0656    32.4850    32.4960  1026.2972    26.1173    262.494    247.953  364.97958     71.920     0.1612     0.6190     1.6550 1.0314e+00       5340          2  0.000e+00
     36.933   71.60162 -165.30506     37.318    -1.0642    -1.0651    -1.0650    32.4847    32.4962  1026.2967    26.1170    262.499    247.923  364.97496     71.922     0.1600     0.6117     1.6550 1.0314e+00       5341          2  0.000e+00
     36.995   71.60162 -165.30506     37.380    -1.0642    -1.0652    -1.0651    32.4846    32.4969  1026.2969    26.1169    262.511    247.899  364.97582     71.926     0.1612     0.6190     1.6550 1.0314e+00       5342          2  0.000e+00
     36.980   71.60162 -165.30506     37.365    -1.0642    -1.0652    -1.0650    32.4849    32.4966  1026.2971    26.1172    262.266    248.100  364.97431     71.859     0.1600     0.6117     1.6550 1.0282e+00       5343          2  0.000e+00
     36.995   71.60162 -165.30506     37.380    -1.0640    -1.0652    -1.0648    32.4844    32.4962  1026.2967    26.1167    262.484    248.108  364.97367     71.919     0.1612     0.6190     1.6550 1.0249e+00       5344          2  0.000e+00
     36.995   71.60162 -165.30506     37.380    -1.0640    -1.0652    -1.0648    32.4847    32.4966  1026.2970    26.1170    262.495    247.888  364.97319     71.922     0.1600     0.6117     1.6550 1.0249e+00       5345          2  0.000e+00
     36.980   71.60162 -165.30506     37.365    -1.0642    -1.0654    -1.0651    32.4852    32.4967  1026.2973    26.1174    262.558    247.898  364.97420     71.939     0.1600     0.6117     1.6550 1.0314e+00       5346          2  0.000e+00
     36.995   71.60162 -165.30506     37.380    -1.0637    -1.0657    -1.0646    32.4848    32.4973  1026.2970    26.1170    262.519    247.911  364.97019     71.929     0.1612     0.6190     1.6550 1.0346e+00       5347          2  0.000e+00
     36.926   71.60162 -165.30506     37.310    -1.0640    -1.0654    -1.0648    32.4850    32.4969  1026.2968    26.1172    262.226    247.696  364.97246     71.848     0.1600     0.6117     1.6550 1.0379e+00       5348          2  0.000e+00
     37.049   71.60162 -165.30506     37.435    -1.0635    -1.0658    -1.0643    32.4843    32.4975  1026.2969    26.1166    262.396    247.883  364.96938     71.895     0.1612     0.6190     1.6550 1.0346e+00       5349          2  0.000e+00
     37.042   71.60162 -165.30506     37.427    -1.0661    -1.0649    -1.0670    32.4846    32.4963  1026.2971    26.1169    262.342    248.940  364.99433     71.876     0.1636     0.6337     1.6519 1.0185e+00       5473          3  0.000e+00
     36.995   71.60162 -165.30506     37.381    -1.0662    -1.0652    -1.0671    32.4848    32.4972  1026.2971    26.1171    262.341    248.943  364.99476     71.875     0.1636     0.6337     1.6519 1.0185e+00       5474          3  0.000e+00
     36.934   71.60162 -165.30506     37.318    -1.0663    -1.0649    -1.0671    32.4851    32.4967  1026.2970    26.1173    262.338    248.973  364.99455     71.875     0.1648     0.6410     1.6519 1.0122e+00       5475          3  0.000e+00
     37.096   71.60162 -165.30506     37.482    -1.0660    -1.0649    -1.0668    32.4844    32.4962  1026.2973    26.1168    262.393    249.011  364.99354     71.890     0.1636     0.6337     1.6519 1.0058e+00       5476          3  0.000e+00
     37.049   71.60162 -165.30506     37.435    -1.0661    -1.0648    -1.0669    32.4847    32.4963  1026.2973    26.1170    262.343    248.782  364.99335     71.876     0.1636     0.6337     1.6519 1.0090e+00       5477          3  0.000e+00
     37.049   71.60162 -165.30506     37.435    -1.0661    -1.0648    -1.0670    32.4852    32.4961  1026.2977    26.1175    262.293    248.749  364.99238     71.863     0.1636     0.6337     1.6519 1.0122e+00       5478          3  0.000e+00
     37.042   71.60162 -165.30506     37.427    -1.0661    -1.0651    -1.0669    32.4849    32.4969  1026.2974    26.1172    262.241    248.940  364.99272     71.848     0.1636     0.6337     1.6519 1.0153e+00       5479          3  0.000e+00
     36.995   71.60162 -165.30506     37.381    -1.0660    -1.0648    -1.0668    32.4848    32.4965  1026.2971    26.1171    262.489    248.705  364.99263     71.916     0.1648     0.6410     1.6519 1.0153e+00       5480          3  0.000e+00
     37.049   71.60162 -165.30506     37.435    -1.0661    -1.0649    -1.0669    32.4845    32.4966  1026.2971    26.1169    262.280    248.894  364.99384     71.859     0.1636     0.6337     1.6519 1.0058e+00       5481          3  0.000e+00
     37.042   71.60162 -165.30506     37.427    -1.0660    -1.0649    -1.0668    32.4847    32.4968  1026.2972    26.1170    262.273    248.658  364.99296     71.857     0.1648     0.6410     1.6519 9.9951e-01       5482          3  0.000e+00
     37.049   71.60162 -165.30506     37.435    -1.0660    -1.0649    -1.0668    32.4845    32.4967  1026.2971    26.1169    262.268    248.616  364.99346     71.855     0.1636     0.6337     1.6519 9.9638e-01       5483          3  0.000e+00
     37.049   71.60162 -165.30506     37.435    -1.0658    -1.0648    -1.0666    32.4844    32.4966  1026.2970    26.1168    262.260    248.571  364.99145     71.854     0.1636     0.6337     1.6519 1.0058e+00       5484          3  0.000e+00
     37.042   71.60162 -165.30506     37.427    -1.0657    -1.0649    -1.0665    32.4841    32.4969  1026.2967    26.1165    262.507    248.559  364.99117     71.922     0.1636     0.6337     1.6519 1.0153e+00       5485          3  0.000e+00
     37.049   71.60162 -165.30506     37.435    -1.0661    -1.0648    -1.0669    32.4847    32.4963  1026.2973    26.1170    262.345    248.546  364.99335     71.877     0.1636     0.6337     1.6519 1.0153e+00       5486          3  0.000e+00
     37.049   71.60162 -165.30506     37.435    -1.0660    -1.0651    -1.0668    32.4849    32.4969  1026.2974    26.1172    262.338    248.534  364.99223     71.875     0.1648     0.6410     1.6519 1.0122e+00       5487          3  0.000e+00
     37.042   71.60162 -165.30506     37.427    -1.0660    -1.0648    -1.0668    32.4843    32.4965  1026.2969    26.1167    262.333    248.519  364.99343     71.873     0.1636     0.6337     1.6519 1.0058e+00       5488          3  0.000e+00
     37.049   71.60162 -165.30506     37.435    -1.0661    -1.0648    -1.0670    32.4847    32.4969  1026.2973    26.1170    262.328    248.506  364.99398     71.872     0.1648     0.6410     1.6519 1.0027e+00       5489          3  0.000e+00
     37.049   71.60162 -165.30506     37.435    -1.0663    -1.0649    -1.0671    32.4850    32.4967  1026.2976    26.1173    262.323    248.720  364.99463     71.870     0.1636     0.6337     1.6519 1.0027e+00       5490          3  0.000e+00
     37.042   71.60162 -165.30506     37.427    -1.0661    -1.0649    -1.0669    32.4845    32.4970  1026.2971    26.1169    262.315    248.511  364.99383     71.868     0.1648     0.6410     1.6519 1.0058e+00       5491          3  0.000e+00
     37.049   71.60162 -165.30506     37.435    -1.0661    -1.0651    -1.0670    32.4846    32.4972  1026.2972    26.1169    262.310    248.723  364.99434     71.867     0.1636     0.6337     1.6534 1.0058e+00       5492          3  0.000e+00
     37.049   71.60162 -165.30506     37.435    -1.0664    -1.0649    -1.0672    32.4851    32.4964  1026.2976    26.1174    262.051    248.707  364.99563     71.796     0.1636     0.6337     1.6519 1.0058e+00       5493          3  0.000e+00
     37.042   71.60162 -165.30506     37.427    -1.0663    -1.0649    -1.0671    32.4848    32.4969  1026.2973    26.1171    262.303    248.460  364.99535     71.865     0.1648     0.6410     1.6550 1.0027e+00       5494          3  0.000e+00
     37.049   71.60162 -165.30506     37.435    -1.0661    -1.0648    -1.0669    32.4845    32.4969  1026.2971    26.1169    262.300    248.408  364.99396     71.864     0.1636     0.6337     1.6581 1.0027e+00       5495          3  0.000e+00
     37.049   71.60162 -165.30506     37.435    -1.0663    -1.0649    -1.0671    32.4850    32.4968  1026.2975    26.1172    262.299    248.388  364.99487     71.864     0.1648     0.6410     1.6597 1.0027e+00       5496          3  0.000e+00
     37.096   71.60162 -165.30506     37.482    -1.0662    -1.0649    -1.0671    32.4850    32.4971  1026.2977    26.1172    262.348    248.369  364.99433     71.877     0.1636     0.6337     1.6597 9.9951e-01       5497          3  0.000e+00
     37.049   71.60162 -165.30506     37.435    -1.0661    -1.0648    -1.0670    32.4850    32.4969  1026.2975    26.1173    262.295    248.346  364.99299     71.863     0.1685     0.6630     1.6597 9.9951e-01       5498          3  0.000e+00
     36.995   71.60162 -165.30506     37.381    -1.0661    -1.0647    -1.0670    32.4849    32.4969  1026.2972    26.1172    262.037    248.323  364.99327     71.792     0.1709     0.6776     1.6597 9.9951e-01       5499          3  0.000e+00
     37.042   71.60162 -165.30506     37.427    -1.0661    -1.0644    -1.0669    32.4850    32.4967  1026.2975    26.1173    262.245    248.302  364.99260     71.849     0.1709     0.6776     1.6597 9.9638e-01       5500          3  0.000e+00
     37.049   71.60162 -165.30506     37.435    -1.0665    -1.0647    -1.0673    32.4853    32.4967  1026.2978    26.1175    261.994    248.284  364.99564     71.780     0.1722     0.6850     1.6597 9.9325e-01       5501          3  0.000e+00
     37.049   71.60162 -165.30506     37.435    -1.0662    -1.0646    -1.0671    32.4850    32.4965  1026.2975    26.1173    262.201    248.295  364.99425     71.837     0.1709     0.6776     1.6597 9.9325e-01       5502          3  0.000e+00
     37.042   71.60162 -165.30506     37.427    -1.0661    -1.0643    -1.0670    32.4850    32.4965  1026.2975    26.1173    262.201    248.306  364.99298     71.837     0.1722     0.6850     1.6597 9.9638e-01       5503          3  0.000e+00
     37.049   71.60162 -165.30506     37.435    -1.0660    -1.0644    -1.0668    32.4854    32.4967  1026.2978    26.1176    261.693    248.321  364.99038     71.699     0.1709     0.6776     1.6597 9.9638e-01       5504          3  0.000e+00
     37.049   71.60162 -165.30506     37.435    -1.0660    -1.0645    -1.0668    32.4853    32.4968  1026.2978    26.1175    261.908    248.530  364.99101     71.757     0.1722     0.6850     1.6581 9.9638e-01       5505          3  0.000e+00
