EcoFOCI/data/1_SampleCollection/2023_SikuliaqDBO_CruiseData/CTD_raw_BottleFile_SKQ23-12S/proc/skq202312s_041.cnv
* Sea-Bird SBE 9 Data File:
* FileName = D:\CTD\SKQ202312S\SKQ202312S_041.hex
* Software Version Seasave V 7.26.7.121
* Temperature SN = 6177
* Conductivity SN = 0369
* Number of Bytes Per Scan = 41
* Number of Voltage Words = 4
* Number of Scans Averaged by the Deck Unit = 1
* NMEA Latitude = 71 22.89 N
* NMEA Longitude = 160 50.39 W
* NMEA UTC (Time) = Sep 23 2023  21:13:19
* NMEA baud rate = 4800
** Ship: R/V Sikuliaq
** Station Number: 041
** Station Name: DBO4.2na
** Bottom Depth: 47
** Operator: SS
# nquan = 24
# nvalues = 4249                                  
# units = specified
# name 0 = depSM: Depth [salt water, m]
# name 1 = latitude: Latitude [deg]
# name 2 = longitude: Longitude [deg]
# name 3 = prDM: Pressure, Digiquartz [db]
# name 4 = t090C: Temperature [ITS-90, deg C]
# name 5 = t190C: Temperature, 2 [ITS-90, deg C]
# name 6 = potemp090C: Potential Temperature [ITS-90, deg C]
# name 7 = sal00: Salinity, Practical [PSU]
# name 8 = sal11: Salinity, Practical, 2 [PSU]
# name 9 = density00: Density [density, kg/m^3]
# name 10 = sigma-é00: Density [sigma-theta, kg/m^3]
# name 11 = sbox0Mm/Kg: Oxygen, SBE 43 [umol/kg]
# name 12 = sbox1Mm/Kg: Oxygen, SBE 43, 2 [umol/kg]
# name 13 = oxsolMm/Kg: Oxygen Saturation, Garcia & Gordon [umol/kg]
# name 14 = sbeox0PS: Oxygen, SBE 43 [% saturation]
# name 15 = sbeox1PS: Oxygen, SBE 43, 2 [% saturation]
# name 16 = v0: Voltage 0
# name 17 = flECO-AFL: Fluorescence, WET Labs ECO-AFL/FL [mg/m^3]
# name 18 = v1: Voltage 1
# name 19 = CStarAt0: Beam Attenuation, WET Labs C-Star [1/m]
# name 20 = par: PAR/Irradiance, Biospherical/Licor
# name 21 = scan: Scan Count
# name 22 = timeM: Time, Elapsed [minutes]
# name 23 = flag:  0.000e+00
# span 0 =      2.260,     41.999                 
# span 1 =   71.38148,   71.38148                 
# span 2 = -160.83978, -160.83978                 
# span 3 =      2.283,     42.436                 
# span 4 =    -1.6599,     2.3096                 
# span 5 =    -1.6587,     2.3132                 
# span 6 =    -1.6604,     2.3095                 
# span 7 =    27.1591,    32.6568                 
# span 8 =    27.1694,    32.6689                 
# span 9 =  1021.6920,  1026.4766                 
# span 10 =    21.6779,    26.2723                
# span 11 =    250.426,    481.597                
# span 12 =    238.434,    450.553                
# span 13 =  348.14411,  370.44680                
# span 14 =     67.644,    132.120                
# span 15 =     64.418,    123.480                
# span 16 =     0.0855,     2.4151                
# span 17 =     0.1648,    14.1428                
# span 18 =     2.2759,     4.2076                
# span 19 =     0.4532,     2.9122                
# span 20 = 3.9401e-02, 2.2067e+02                
# span 21 =          1,       4249                
# span 22 =     0.0000,     2.9500                
# span 23 = 0.0000e+00, 0.0000e+00                
# interval = seconds: 0.0416667
# start_time = Sep 23 2023 21:16:43 [NMEA time, first data scan]
# bad_flag = -9.990e-29
*END*
[from data line 2234]
     25.303   71.38148 -160.83978     25.566    -1.6535    -1.6531    -1.6539    32.6249    32.6408  1026.3702    26.2466    278.936    272.414  370.39311     75.308     73.557     0.4542     2.3773     3.8107     0.8496 2.9752e+00       2235     1.5514  0.000e+00
     25.226   71.38148 -160.83978     25.488    -1.6536    -1.6531    -1.6540    32.6247    32.6405  1026.3696    26.2465    278.750    272.210  370.39477     75.258     73.502     0.4579     2.3993     3.8107     0.8496 2.9578e+00       2236     1.5521  0.000e+00
     25.303   71.38148 -160.83978     25.566    -1.6542    -1.6535    -1.6546    32.6248    32.6408  1026.3701    26.2466    278.338    271.785  370.40087     75.145     73.387     0.4615     2.4212     3.8107     0.8496 2.9578e+00       2237     1.5528  0.000e+00
     25.342   71.38148 -160.83978     25.605    -1.6545    -1.6535    -1.6549    32.6253    32.6403  1026.3708    26.2470    278.159    271.359  370.40214     75.097     73.271     0.4615     2.4212     3.8107     0.8496 2.9406e+00       2238     1.5535  0.000e+00
     25.280   71.38148 -160.83978     25.542    -1.6549    -1.6539    -1.6553    32.6253    32.6404  1026.3705    26.2470    277.745    271.162  370.40616     74.984     73.217     0.4603     2.4139     3.8107     0.8496 2.9234e+00       2239     1.5542  0.000e+00
     25.357   71.38148 -160.83978     25.620    -1.6550    -1.6542    -1.6554    32.6251    32.6409  1026.3707    26.2469    277.308    271.000  370.40733     74.866     73.173     0.4615     2.4212     3.8107     0.8496 2.9234e+00       2240     1.5549  0.000e+00
     25.396   71.38148 -160.83978     25.659    -1.6554    -1.6542    -1.6559    32.6251    32.6412  1026.3709    26.2469    276.846    270.406  370.41193     74.740     73.013     0.4603     2.4139     3.8107     0.8496 2.9149e+00       2241     1.5556  0.000e+00
     25.419   71.38148 -160.83978     25.683    -1.6552    -1.6544    -1.6557    32.6250    32.6406  1026.3709    26.2468    276.356    270.013  370.41054     74.608     72.906     0.4615     2.4212     3.8107     0.8496 2.9064e+00       2242     1.5562  0.000e+00
     25.396   71.38148 -160.83978     25.659    -1.6554    -1.6544    -1.6559    32.6253    32.6406  1026.3710    26.2470    276.360    269.812  370.41142     74.609     72.852     0.4603     2.4139     3.8107     0.8496 2.8979e+00       2243     1.5569  0.000e+00
     25.419   71.38148 -160.83978     25.682    -1.6554    -1.6545    -1.6559    32.6250    32.6404  1026.3709    26.2468    275.658    269.380  370.41222     74.419     72.735     0.4615     2.4212     3.8107     0.8496 2.8894e+00       2244     1.5576  0.000e+00
     25.457   71.38148 -160.83978     25.721    -1.6554    -1.6546    -1.6559    32.6250    32.6410  1026.3711    26.2467    275.916    268.942  370.41242     74.489     72.617     0.4615     2.4212     3.8107     0.8496 2.8725e+00       2245     1.5583  0.000e+00
     25.511   71.38148 -160.83978     25.776    -1.6554    -1.6544    -1.6559    32.6252    32.6410  1026.3715    26.2469    275.512    268.467  370.41188     74.380     72.489     0.4603     2.4139     3.8120     0.8483 2.8641e+00       2246     1.5590  0.000e+00
     25.473   71.38148 -160.83978     25.737    -1.6556    -1.6542    -1.6560    32.6259    32.6406  1026.3719    26.2475    275.332    268.247  370.41147     74.331     72.430     0.4615     2.4212     3.8120     0.8483 2.8558e+00       2247     1.5597  0.000e+00
     25.511   71.38148 -160.83978     25.776    -1.6551    -1.6544    -1.6556    32.6251    32.6405  1026.3714    26.2468    274.909    268.059  370.40929     74.218     72.379     0.4603     2.4139     3.8132     0.8470 2.8391e+00       2248     1.5604  0.000e+00
     25.534   71.38148 -160.83978     25.799    -1.6557    -1.6542    -1.6561    32.6257    32.6404  1026.3720    26.2473    274.764    267.630  370.41261     74.178     72.263     0.4615     2.4212     3.8120     0.8483 2.8391e+00       2249     1.5611  0.000e+00
     25.573   71.38148 -160.83978     25.838    -1.6552    -1.6544    -1.6557    32.6253    32.6407  1026.3719    26.2470    274.370    267.425  370.40968     74.072     72.207     0.4603     2.4139     3.8132     0.8470 2.8391e+00       2250     1.5618  0.000e+00
     25.627   71.38148 -160.83978     25.893    -1.6551    -1.6541    -1.6556    32.6252    32.6405  1026.3720    26.2469    274.203    267.241  370.40899     74.027     72.158     0.4603     2.4139     3.8132     0.8470 2.8143e+00       2251     1.5625  0.000e+00
     25.534   71.38148 -160.83978     25.799    -1.6552    -1.6544    -1.6557    32.6253    32.6405  1026.3717    26.2470    274.045    266.847  370.40961     73.984     72.051     0.4615     2.4212     3.8120     0.8483 2.8060e+00       2252     1.5632  0.000e+00
     25.627   71.38148 -160.83978     25.893    -1.6552    -1.6541    -1.6557    32.6250    32.6399  1026.3719    26.2468    273.903    266.676  370.41054     73.946     72.005     0.4603     2.4139     3.8132     0.8470 2.8060e+00       2253     1.5639  0.000e+00
     25.650   71.38148 -160.83978     25.916    -1.6552    -1.6541    -1.6557    32.6250    32.6399  1026.3720    26.2467    273.248    266.490  370.41071     73.769     71.955     0.4615     2.4212     3.8120     0.8483 2.7896e+00       2254     1.5646  0.000e+00
     25.681   71.38148 -160.83978     25.947    -1.6552    -1.6542    -1.6557    32.6254    32.6403  1026.3725    26.2471    273.281    266.092  370.40950     73.778     71.848     0.4603     2.4139     3.8120     0.8483 2.7815e+00       2255     1.5653  0.000e+00
     25.650   71.38148 -160.83978     25.916    -1.6552    -1.6542    -1.6557    32.6251    32.6404  1026.3721    26.2468    273.110    265.676  370.41033     73.732     71.736     0.4615     2.4212     3.8120     0.8483 2.7815e+00       2256     1.5660  0.000e+00
     25.743   71.38148 -160.83978     26.010    -1.6552    -1.6542    -1.6557    32.6256    32.6401  1026.3729    26.2472    272.686    265.481  370.40898     73.618     71.683     0.4603     2.4139     3.8132     0.8470 2.7652e+00       2257     1.5667  0.000e+00
     25.681   71.38148 -160.83978     25.947    -1.6552    -1.6544    -1.6557    32.6252    32.6404  1026.3723    26.2469    272.474    265.297  370.41013     73.560     71.633     0.4347     2.2601     3.8132     0.8470 2.7490e+00       2258     1.5674  0.000e+00
     25.758   71.38148 -160.83978     26.025    -1.6555    -1.6542    -1.6559    32.6249    32.6406  1026.3725    26.2467    272.268    265.129  370.41323     73.504     71.588     0.3590     1.8058     3.8120     0.8483 2.7490e+00       2259     1.5681  0.000e+00
     25.743   71.38148 -160.83978     26.010    -1.6552    -1.6542    -1.6557    32.6250    32.6404  1026.3725    26.2468    272.108    264.745  370.41049     73.461     71.484     0.3309     1.6373     3.8120     0.8483 2.7329e+00       2260     1.5688  0.000e+00
     25.820   71.38148 -160.83978     26.087    -1.6556    -1.6544    -1.6560    32.6256    32.6405  1026.3733    26.2472    271.953    264.575  370.41248     73.419     71.438     0.3321     1.6447     3.8132     0.8470 2.7170e+00       2261     1.5694  0.000e+00
     25.742   71.38148 -160.83978     26.010    -1.6554    -1.6544    -1.6559    32.6248    32.6406  1026.3723    26.2466    271.533    264.181  370.41306     73.305     71.332     0.3333     1.6520     3.8120     0.8483 2.7170e+00       2262     1.5701  0.000e+00
     25.874   71.38148 -160.83978     26.142    -1.6556    -1.6544    -1.6560    32.6250    32.6405  1026.3731    26.2468    271.636    264.004  370.41397     73.333     71.284     0.3358     1.6667     3.8120     0.8483 2.7011e+00       2263     1.5708  0.000e+00
     25.858   71.38148 -160.83978     26.126    -1.6556    -1.6545    -1.6560    32.6252    32.6402  1026.3732    26.2469    271.262    263.834  370.41344     73.232     71.237     0.3346     1.6593     3.8132     0.8470 2.6852e+00       2264     1.5715  0.000e+00
     25.858   71.38148 -160.83978     26.126    -1.6554    -1.6546    -1.6559    32.6250    32.6405  1026.3731    26.2468    271.093    263.409  370.41226     73.187     71.123     0.3346     1.6593     3.8120     0.8483 2.6774e+00       2265     1.5722  0.000e+00
     25.874   71.38148 -160.83978     26.142    -1.6556    -1.6546    -1.6560    32.6252    32.6407  1026.3733    26.2469    270.971    263.190  370.41347     73.154     71.064     0.3358     1.6667     3.7937     0.8676 2.6695e+00       2266     1.5729  0.000e+00
     25.912   71.38148 -160.83978     26.181    -1.6556    -1.6547    -1.6560    32.6248    32.6408  1026.3731    26.2466    270.793    262.750  370.41480     73.105     70.945     0.3346     1.6593     3.7753     0.8870 2.6539e+00       2267     1.5736  0.000e+00
     25.935   71.38148 -160.83978     26.204    -1.6559    -1.6547    -1.6563    32.6253    32.6401  1026.3737    26.2470    270.395    262.744  370.41604     72.998     70.943     0.3358     1.6667     3.7717     0.8908 2.6461e+00       2268     1.5743  0.000e+00
     25.974   71.38148 -160.83978     26.243    -1.6557    -1.6545    -1.6561    32.6254    32.6400  1026.3739    26.2471    270.197    262.576  370.41341     72.945     70.898     0.3346     1.6593     3.7729     0.8895 2.6383e+00       2269     1.5750  0.000e+00
     25.989   71.38148 -160.83978     26.259    -1.6556    -1.6547    -1.6560    32.6252    32.6403  1026.3738    26.2469    270.042    262.413  370.41355     72.903     70.853     0.3346     1.6593     3.7741     0.8883 2.6229e+00       2270     1.5757  0.000e+00
     25.974   71.38148 -160.83978     26.243    -1.6556    -1.6546    -1.6560    32.6249    32.6400  1026.3735    26.2467    270.499    262.021  370.41441     73.026     70.748     0.3333     1.6520     3.7741     0.8883 2.6152e+00       2271     1.5764  0.000e+00
     25.974   71.38148 -160.83978     26.243    -1.6557    -1.6549    -1.6562    32.6250    32.6402  1026.3736    26.2468    269.902    261.832  370.41532     72.865     70.696     0.3346     1.6593     3.7729     0.8895 2.6152e+00       2272     1.5771  0.000e+00
     26.043   71.38148 -160.83978     26.313    -1.6556    -1.6547    -1.6560    32.6250    32.6400  1026.3740    26.2468    269.969    261.644  370.41403     72.883     70.645     0.3358     1.6667     3.7741     0.8883 2.5846e+00       2273     1.5778  0.000e+00
     26.082   71.38148 -160.83978     26.352    -1.6559    -1.6552    -1.6563    32.6254    32.6407  1026.3745    26.2471    269.861    261.227  370.41580     72.854     70.533     0.3346     1.6593     3.7741     0.8883 2.5770e+00       2274     1.5785  0.000e+00
     26.043   71.38148 -160.83978     26.313    -1.6559    -1.6550    -1.6563    32.6254    32.6404  1026.3743    26.2471    269.783    261.004  370.41573     72.833     70.472     0.3358     1.6667     3.7741     0.8883 2.5770e+00       2275     1.5792  0.000e+00
     26.143   71.38148 -160.83978     26.415    -1.6561    -1.6550    -1.6565    32.6253    32.6401  1026.3747    26.2470    269.432    261.014  370.41785     72.737     70.475     0.3346     1.6593     3.7741     0.8883 2.5619e+00       2276     1.5799  0.000e+00
     26.105   71.38148 -160.83978     26.376    -1.6562    -1.6549    -1.6566    32.6254    32.6395  1026.3746    26.2471    269.008    260.852  370.41869     72.623     70.431     0.3346     1.6593     3.7741     0.8883 2.5619e+00       2277     1.5806  0.000e+00
     26.143   71.38148 -160.83978     26.415    -1.6559    -1.6550    -1.6563    32.6253    32.6399  1026.3747    26.2470    269.346    260.688  370.41617     72.714     70.387     0.3333     1.6520     3.7729     0.8895 2.5619e+00       2278     1.5813  0.000e+00
     26.105   71.38148 -160.83978     26.376    -1.6561    -1.6554    -1.6566    32.6252    32.6406  1026.3744    26.2470    269.191    260.288  370.41868     72.672     70.278     0.3346     1.6593     3.7741     0.8883 2.5394e+00       2279     1.5819  0.000e+00
     26.197   71.38148 -160.83978     26.469    -1.6561    -1.6553    -1.6565    32.6250    32.6408  1026.3747    26.2467    269.115    260.081  370.41884     72.651     70.223     0.3358     1.6667     3.7729     0.8895 2.5319e+00       2280     1.5826  0.000e+00
     26.197   71.38148 -160.83978     26.469    -1.6562    -1.6552    -1.6566    32.6251    32.6405  1026.3748    26.2469    268.959    259.899  370.41962     72.609     70.174     0.3346     1.6593     3.7741     0.8883 2.5245e+00       2281     1.5833  0.000e+00
     26.220   71.38148 -160.83978     26.492    -1.6563    -1.6553    -1.6568    32.6253    32.6406  1026.3750    26.2470    268.828    259.679  370.42084     72.574     70.114     0.3358     1.6667     3.7741     0.8883 2.5097e+00       2282     1.5840  0.000e+00
     26.197   71.38148 -160.83978     26.469    -1.6565    -1.6554    -1.6569    32.6256    32.6402  1026.3752    26.2473    268.717    259.712  370.42108     72.544     70.123     0.3346     1.6593     3.7729     0.8895 2.5023e+00       2283     1.5847  0.000e+00
     26.274   71.38148 -160.83978     26.547    -1.6565    -1.6553    -1.6569    32.6256    32.6403  1026.3756    26.2473    268.580    259.537  370.42096     72.507     70.076     0.3004     1.4542     3.7741     0.8883 2.4949e+00       2284     1.5854  0.000e+00
     26.313   71.38148 -160.83978     26.586    -1.6565    -1.6553    -1.6569    32.6254    32.6405  1026.3756    26.2471    268.463    259.383  370.42167     72.475     70.034     0.2698     1.2710     3.7729     0.8895 2.4876e+00       2285     1.5861  0.000e+00
     26.220   71.38148 -160.83978     26.492    -1.6562    -1.6555    -1.6566    32.6252    32.6405  1026.3750    26.2470    268.569    259.215  370.41916     72.504     69.989     0.2650     1.2417     3.7729     0.8895 2.4657e+00       2286     1.5868  0.000e+00
     26.313   71.38148 -160.83978     26.586    -1.6566    -1.6555    -1.6571    32.6256    32.6408  1026.3757    26.2473    268.491    258.807  370.42284     72.482     69.879     0.2686     1.2637     3.7729     0.8895 2.4657e+00       2287     1.5875  0.000e+00
     26.375   71.38148 -160.83978     26.648    -1.6565    -1.6556    -1.6569    32.6259    32.6409  1026.3763    26.2476    268.372    258.847  370.42000     72.451     69.889     0.2674     1.2564     3.7729     0.8895 2.4585e+00       2288     1.5882  0.000e+00
     26.336   71.38148 -160.83978     26.609    -1.6564    -1.6555    -1.6569    32.6259    32.6407  1026.3761    26.2475    268.215    258.704  370.41967     72.409     69.851     0.2686     1.2637     3.7729     0.8895 2.4368e+00       2289     1.5889  0.000e+00
     26.429   71.38148 -160.83978     26.703    -1.6563    -1.6553    -1.6568    32.6257    32.6404  1026.3764    26.2474    268.023    258.517  370.41957     72.357     69.800     0.2674     1.2564     3.7729     0.8895 2.4296e+00       2290     1.5896  0.000e+00
     26.336   71.38148 -160.83978     26.609    -1.6565    -1.6556    -1.6569    32.6259    32.6405  1026.3761    26.2475    267.784    258.309  370.42019     72.292     69.744     0.2686     1.2637     3.7729     0.8895 2.4296e+00       2291     1.5903  0.000e+00
     26.429   71.38148 -160.83978     26.703    -1.6565    -1.6556    -1.6569    32.6260    32.6404  1026.3767    26.2476    267.610    258.350  370.41972     72.245     69.755     0.2674     1.2564     3.7729     0.8895 2.4154e+00       2292     1.5910  0.000e+00
     26.444   71.38148 -160.83978     26.718    -1.6565    -1.6554    -1.6569    32.6259    32.6408  1026.3766    26.2475    267.600    257.938  370.42026     72.242     69.644     0.2686     1.2637     3.7729     0.8895 2.4082e+00       2293     1.5917  0.000e+00
     26.428   71.38148 -160.83978     26.703    -1.6565    -1.6552    -1.6569    32.6260    32.6406  1026.3767    26.2476    267.487    257.934  370.41972     72.212     69.643     0.2698     1.2710     3.7729     0.8895 2.4011e+00       2294     1.5924  0.000e+00
