EcoFOCI/data/1_SampleCollection/2023_SikuliaqDBO_CruiseData/CTD_raw_BottleFile_SKQ23-12S/proc/skq202312s_072.cnv
* Sea-Bird SBE 9 Data File:
* FileName = D:\CTD\SKQ202312S\SKQ202312S_072.hex
* Software Version Seasave V 7.26.7.121
* Temperature SN = 6177
* Conductivity SN = 0369
* Number of Bytes Per Scan = 41
* Number of Voltage Words = 4
* Number of Scans Averaged by the Deck Unit = 1
* NMEA Latitude = 68 00.76 N
* NMEA Longitude = 167 52.45 W
* NMEA UTC (Time) = Oct 01 2023  18:46:53
* NMEA baud rate = 4800
** Ship: R/V Sikuliaq
** Station Number: 072
** Station Name: DBO3.5
** Bottom Depth: 52
** Operator: SD
# nquan = 24
# nvalues = 7252                                  
# units = specified
# name 0 = depSM: Depth [salt water, m]
# name 1 = latitude: Latitude [deg]
# name 2 = longitude: Longitude [deg]
# name 3 = prDM: Pressure, Digiquartz [db]
# name 4 = t090C: Temperature [ITS-90, deg C]
# name 5 = t190C: Temperature, 2 [ITS-90, deg C]
# name 6 = potemp090C: Potential Temperature [ITS-90, deg C]
# name 7 = sal00: Salinity, Practical [PSU]
# name 8 = sal11: Salinity, Practical, 2 [PSU]
# name 9 = density00: Density [density, kg/m^3]
# name 10 = sigma-é00: Density [sigma-theta, kg/m^3]
# name 11 = sbox0Mm/Kg: Oxygen, SBE 43 [umol/kg]
# name 12 = sbox1Mm/Kg: Oxygen, SBE 43, 2 [umol/kg]
# name 13 = oxsolMm/Kg: Oxygen Saturation, Garcia & Gordon [umol/kg]
# name 14 = sbeox0PS: Oxygen, SBE 43 [% saturation]
# name 15 = sbeox1PS: Oxygen, SBE 43, 2 [% saturation]
# name 16 = v0: Voltage 0
# name 17 = flECO-AFL: Fluorescence, WET Labs ECO-AFL/FL [mg/m^3]
# name 18 = v1: Voltage 1
# name 19 = CStarAt0: Beam Attenuation, WET Labs C-Star [1/m]
# name 20 = par: PAR/Irradiance, Biospherical/Licor
# name 21 = scan: Scan Count
# name 22 = timeM: Time, Elapsed [minutes]
# name 23 = flag:  0.000e+00
# span 0 =      2.833,     47.830                 
# span 1 =   68.01172,   68.01234                 
# span 2 = -167.87380, -167.87292                 
# span 3 =      2.862,     48.319                 
# span 4 =     2.7499,     5.4276                 
# span 5 =     2.7158,     5.4304                 
# span 6 =     2.7486,     5.4263                 
# span 7 =    29.1809,    32.3130                 
# span 8 =    29.1907,    32.3236                 
# span 9 =  1023.1124,  1025.9651                 
# span 10 =    23.0953,    25.7383                
# span 11 =    233.439,    307.451                
# span 12 =    218.157,    294.815                
# span 13 =  314.30048,  332.97861                
# span 14 =     70.880,     95.102                
# span 15 =     66.257,     91.158                
# span 16 =     0.0781,     0.4615                
# span 17 =     0.1209,     2.4212                
# span 18 =     2.8400,     4.1868                
# span 19 =     0.4730,     2.0260                
# span 20 = 1.0000e-12, 6.5605e+01                
# span 21 =          1,       7252                
# span 22 =     0.0000,     5.0354                
# span 23 = 0.0000e+00, 0.0000e+00                
# interval = seconds: 0.0416667
# start_time = Oct 01 2023 18:50:54 [NMEA time, first data scan]
# bad_flag = -9.990e-29
*END*
[from data line 5253]
     47.148   68.01190 -167.87310     47.630     3.0048     3.0055     3.0021    32.2806    32.2908  1025.9382    25.7146    238.725    226.898  329.23973     72.508     68.922     0.0855     0.1648     3.1575     1.6020 8.4714e-06       5254     3.6479  0.000e+00
     47.094   68.01190 -167.87310     47.575     3.0048     3.0056     3.0021    32.2808    32.2905  1025.9381    25.7147    238.736    226.919  329.23915     72.511     68.929     0.0867     0.1721     3.1575     1.6020 1.0000e-12       5255     3.6486  0.000e+00
     47.148   68.01190 -167.87310     47.630     3.0048     3.0058     3.0021    32.2805    32.2904  1025.9381    25.7144    238.743    226.939  329.24013     72.513     68.935     0.0879     0.1795     3.1575     1.6020 1.0000e-12       5256     3.6493  0.000e+00
     47.094   68.01190 -167.87310     47.575     3.0048     3.0055     3.0021    32.2799    32.2908  1025.9374    25.7140    238.774    226.956  329.24145     72.523     68.940     0.0867     0.1721     3.1575     1.6020 8.4714e-06       5257     3.6500  0.000e+00
     47.148   68.01190 -167.87310     47.630     3.0047     3.0055     3.0020    32.2799    32.2910  1025.9377    25.7140    238.984    226.972  329.24273     72.586     68.945     0.0867     0.1721     3.1575     1.6020 1.0000e-12       5258     3.6507  0.000e+00
     47.094   68.01190 -167.87310     47.575     3.0047     3.0055     3.0020    32.2789    32.2914  1025.9366    25.7132    238.816    226.981  329.24536     72.534     68.948     0.0867     0.1721     3.1575     1.6020 1.0000e-12       5259     3.6514  0.000e+00
     47.148   68.01190 -167.87310     47.630     3.0048     3.0055     3.0021    32.2775    32.2910  1025.9357    25.7121    239.045    227.016  329.24753     72.603     68.958     0.0879     0.1795     3.1575     1.6020 8.4714e-06       5260     3.6521  0.000e+00
     47.094   68.01190 -167.87310     47.575     3.0045     3.0047     3.0018    32.2782    32.2907  1025.9360    25.7126    238.859    227.026  329.24846     72.547     68.960     0.0855     0.1648     3.1575     1.6020 1.0000e-12       5261     3.6528  0.000e+00
     47.094   68.01190 -167.87310     47.575     3.0045     3.0035     3.0018    32.2780    32.2893  1025.9359    25.7125    238.959    227.064  329.24896     72.577     68.968     0.0867     0.1721     3.1575     1.6020 1.0000e-12       5262     3.6535  0.000e+00
     47.148   68.01190 -167.87310     47.630     3.0042     3.0027     3.0015    32.2773    32.2876  1025.9356    25.7120    238.977    227.271  329.25325     72.582     69.029     0.0867     0.1721     3.1575     1.6020 1.0000e-12       5263     3.6542  0.000e+00
     47.094   68.01190 -167.87310     47.575     3.0034     3.0019     3.0007    32.2772    32.2868  1025.9353    25.7119    238.949    227.125  329.25970     72.572     68.983     0.0879     0.1795     3.1575     1.6020 1.0000e-12       5264     3.6549  0.000e+00
     47.094   68.01190 -167.87310     47.575     3.0034     3.0019     3.0007    32.2763    32.2867  1025.9347    25.7113    238.689    227.317  329.26220     72.492     69.041     0.0855     0.1648     3.1575     1.6020 8.4714e-06       5265     3.6556  0.000e+00
     47.094   68.01190 -167.87310     47.575     3.0028     3.0019     3.0001    32.2765    32.2866  1025.9348    25.7114    238.643    227.137  329.26661     72.477     68.986     0.0867     0.1721     3.1575     1.6020 1.0000e-12       5266     3.6563  0.000e+00
     47.094   68.01190 -167.87310     47.575     3.0025     3.0019     2.9998    32.2770    32.2869  1025.9352    25.7118    238.587    227.345  329.26802     72.460     69.050     0.0867     0.1721     3.1575     1.6020 1.0000e-12       5267     3.6569  0.000e+00
     47.094   68.01190 -167.87310     47.575     3.0025     3.0019     2.9998    32.2772    32.2872  1025.9355    25.7121    238.522    227.378  329.26732     72.440     69.060     0.0867     0.1721     3.1575     1.6020 1.0000e-12       5268     3.6576  0.000e+00
     47.094   68.01190 -167.87310     47.575     3.0025     3.0016     2.9998    32.2775    32.2873  1025.9357    25.7123    238.450    227.387  329.26662     72.418     69.062     0.0879     0.1795     3.1575     1.6020 8.4714e-06       5269     3.6583  0.000e+00
     47.094   68.01190 -167.87310     47.575     3.0023     3.0017     2.9996    32.2778    32.2870  1025.9359    25.7125    238.408    227.413  329.26733     72.406     69.070     0.0867     0.1721     3.1575     1.6020 1.0000e-12       5270     3.6590  0.000e+00
     47.040   68.01190 -167.87310     47.521     3.0023     3.0014     2.9996    32.2776    32.2868  1025.9355    25.7123    238.795    227.437  329.26786     72.523     69.077     0.0879     0.1795     3.1575     1.6020 1.0000e-12       5271     3.6597  0.000e+00
     47.094   68.01190 -167.87310     47.575     3.0021     3.0016     2.9995    32.2770    32.2865  1025.9353    25.7119    238.557    227.459  329.27053     72.450     69.084     0.0867     0.1721     3.1587     1.6005 1.0000e-12       5272     3.6604  0.000e+00
     47.040   68.01190 -167.87310     47.521     3.0018     3.0014     2.9991    32.2776    32.2867  1025.9355    25.7124    238.489    227.476  329.27177     72.429     69.089     0.0879     0.1795     3.1612     1.5974 8.4714e-06       5273     3.6611  0.000e+00
     47.094   68.01190 -167.87310     47.575     3.0023     3.0016     2.9996    32.2768    32.2865  1025.9351    25.7117    238.412    227.469  329.26983     72.406     69.087     0.0855     0.1648     3.1624     1.5958 8.4714e-06       5274     3.6618  0.000e+00
     47.094   68.01190 -167.87310     47.575     3.0023     3.0014     2.9996    32.2768    32.2867  1025.9352    25.7118    238.364    227.457  329.26963     72.392     69.083     0.0867     0.1721     3.1624     1.5958 1.0000e-12       5275     3.6625  0.000e+00
     47.040   68.01188 -167.87310     47.520     3.0023     3.0016     2.9996    32.2759    32.2865  1025.9341    25.7110    238.527    227.634  329.27206     72.441     69.137     0.0867     0.1721     3.1624     1.5958 1.0000e-12       5276     3.6632  0.000e+00
     47.040   68.01188 -167.87310     47.520     3.0021     3.0014     2.9995    32.2748    32.2865  1025.9333    25.7102    238.500    227.661  329.27596     72.432     69.145     0.0867     0.1721     3.1624     1.5958 8.4714e-06       5277     3.6639  0.000e+00
     47.040   68.01188 -167.87310     47.520     3.0017     3.0016     2.9990    32.2746    32.2862  1025.9332    25.7100    238.284    227.659  329.28048     72.365     69.144     0.0855     0.1648     3.1624     1.5958 1.0000e-12       5278     3.6646  0.000e+00
     47.040   68.01188 -167.87310     47.520     3.0013     3.0016     2.9987    32.2742    32.2867  1025.9329    25.7097    238.244    227.651  329.28419     72.352     69.142     0.0867     0.1721     3.1624     1.5958 8.4714e-06       5279     3.6653  0.000e+00
     47.040   68.01188 -167.87310     47.520     3.0010     3.0019     2.9983    32.2743    32.2863  1025.9330    25.7098    238.416    227.638  329.28650     72.404     69.139     0.0879     0.1795     3.1612     1.5974 8.4714e-06       5280     3.6660  0.000e+00
     47.040   68.01188 -167.87310     47.520     3.0007     3.0017     2.9981    32.2741    32.2864  1025.9329    25.7097    238.398    227.647  329.28911     72.398     69.141     0.0867     0.1721     3.1624     1.5958 1.0000e-12       5281     3.6667  0.000e+00
     47.040   68.01188 -167.87310     47.520     3.0006     3.0017     2.9979    32.2744    32.2864  1025.9331    25.7099    238.371    227.651  329.28981     72.389     69.142     0.0879     0.1795     3.1624     1.5958 1.0000e-12       5282     3.6674  0.000e+00
     47.040   68.01188 -167.87310     47.520     3.0004     3.0019     2.9977    32.2744    32.2864  1025.9331    25.7099    238.337    227.650  329.29112     72.379     69.142     0.0867     0.1721     3.1624     1.5958 8.4714e-06       5283     3.6681  0.000e+00
     46.978   68.01188 -167.87310     47.458     3.0003     3.0016     2.9976    32.2745    32.2866  1025.9329    25.7101    238.293    227.646  329.29204     72.365     69.140     0.0867     0.1721     3.1624     1.5958 1.0000e-12       5284     3.6688  0.000e+00
     47.040   68.01188 -167.87310     47.520     3.0003     3.0017     2.9976    32.2745    32.2866  1025.9332    25.7100    238.282    227.835  329.29212     72.362     69.198     0.0867     0.1721     3.1624     1.5958 1.0000e-12       5285     3.6694  0.000e+00
     46.978   68.01188 -167.87310     47.458     2.9999     3.0016     2.9973    32.2741    32.2866  1025.9327    25.7098    238.263    227.649  329.29555     72.356     69.141     0.0879     0.1795     3.1612     1.5974 8.4714e-06       5286     3.6701  0.000e+00
     47.040   68.01188 -167.87310     47.520     3.0001     3.0016     2.9974    32.2746    32.2865  1025.9333    25.7102    238.020    227.634  329.29313     72.282     69.137     0.0855     0.1648     3.1624     1.5958 1.0000e-12       5287     3.6708  0.000e+00
     46.978   68.01188 -167.87310     47.458     3.0001     3.0016     2.9974    32.2747    32.2863  1025.9331    25.7102    238.172    227.613  329.29284     72.328     69.130     0.0867     0.1721     3.1624     1.5958 8.4714e-06       5288     3.6715  0.000e+00
     46.978   68.01188 -167.87310     47.458     2.9999     3.0016     2.9973    32.2741    32.2857  1025.9327    25.7098    237.957    227.786  329.29555     72.262     69.183     0.0855     0.1648     3.1624     1.5958 1.0000e-12       5289     3.6722  0.000e+00
     46.924   68.01188 -167.87310     47.403     2.9999     3.0013     2.9973    32.2733    32.2859  1025.9318    25.7092    237.883    227.584  329.29758     72.240     69.121     0.0867     0.1721     3.1624     1.5958 1.0000e-12       5290     3.6729  0.000e+00
     47.040   68.01188 -167.87310     47.520     2.9998     3.0011     2.9971    32.2728    32.2857  1025.9319    25.7087    237.848    227.777  329.30024     72.228     69.179     0.0855     0.1648     3.1624     1.5958 1.0000e-12       5291     3.6736  0.000e+00
     46.924   68.01188 -167.87310     47.403     2.9995     3.0005     2.9968    32.2733    32.2853  1025.9317    25.7091    237.801    227.788  329.30169     72.214     69.181     0.0867     0.1721     3.1612     1.5974 8.4714e-06       5292     3.6743  0.000e+00
     46.924   68.01188 -167.87310     47.403     2.9996     3.0001     2.9970    32.2732    32.2842  1025.9317    25.7091    237.753    227.800  329.30059     72.199     69.183     0.0879     0.1795     3.1563     1.6036 1.0000e-12       5293     3.6750  0.000e+00
     46.978   68.01188 -167.87310     47.458     2.9995     3.0001     2.9968    32.2737    32.2835  1025.9324    25.7095    237.705    227.805  329.30056     72.185     69.185     0.0867     0.1721     3.1538     1.6067 1.0000e-12       5294     3.6757  0.000e+00
     46.924   68.01188 -167.87310     47.403     2.9995     2.9997     2.9968    32.2728    32.2839  1025.9314    25.7088    237.652    227.804  329.30279     72.168     69.184     0.0867     0.1721     3.1538     1.6067 1.0000e-12       5295     3.6764  0.000e+00
     46.978   68.01188 -167.87310     47.458     2.9995     2.9999     2.9968    32.2712    32.2833  1025.9303    25.7075    237.601    227.605  329.30697     72.152     69.124     0.0867     0.1721     3.1538     1.6067 8.4714e-06       5296     3.6771  0.000e+00
     46.924   68.01188 -167.87310     47.403     2.9990     2.9995     2.9963    32.2708    32.2835  1025.9298    25.7072    237.544    227.747  329.31171     72.134     69.166     0.0855     0.1648     3.1538     1.6067 8.4714e-06       5297     3.6778  0.000e+00
     46.862   68.01188 -167.87310     47.341     2.9990     2.9994     2.9963    32.2703    32.2830  1025.9291    25.7068    237.482    227.734  329.31313     72.114     69.162     0.0830     0.1502     3.1538     1.6067 1.0000e-12       5298     3.6785  0.000e+00
     46.924   68.01188 -167.87310     47.403     2.9987     2.9991     2.9960    32.2698    32.2831  1025.9290    25.7064    237.459    227.746  329.31692     72.107     69.165     0.0830     0.1502     3.1538     1.6067 8.4714e-06       5299     3.6792  0.000e+00
     46.924   68.01188 -167.87308     47.403     2.9986     3.0000     2.9959    32.2693    32.2827  1025.9286    25.7060    237.431    227.722  329.31913     72.098     69.159     0.0830     0.1502     3.1538     1.6067 8.4714e-06       5300     3.6799  0.000e+00
     46.862   68.01188 -167.87308     47.341     2.9982     3.0004     2.9955    32.2689    32.2830  1025.9281    25.7058    237.365    227.718  329.32306     72.077     69.158     0.0830     0.1502     3.1538     1.6067 8.4714e-06       5301     3.6806  0.000e+00
     46.924   68.01188 -167.87308     47.403     2.9982     3.0004     2.9956    32.2677    32.2836  1025.9274    25.7048    237.116    227.693  329.32554     72.001     69.151     0.0830     0.1502     3.1538     1.6067 8.4714e-06       5302     3.6812  0.000e+00
     46.862   68.01188 -167.87308     47.341     2.9979     3.0002     2.9952    32.2672    32.2821  1025.9267    25.7044    237.267    227.689  329.32957     72.045     69.149     0.0830     0.1502     3.1538     1.6067 1.0000e-12       5303     3.6819  0.000e+00
     46.862   68.01188 -167.87308     47.341     2.9973     2.9994     2.9946    32.2672    32.2816  1025.9268    25.7045    237.017    227.686  329.33479     71.969     69.146     0.0842     0.1575     3.1551     1.6051 1.0000e-12       5304     3.6826  0.000e+00
     46.862   68.01188 -167.87308     47.341     2.9974     2.9986     2.9948    32.2673    32.2810  1025.9269    25.7046    236.946    227.681  329.33318     71.947     69.143     0.0830     0.1502     3.1538     1.6067 1.0000e-12       5305     3.6833  0.000e+00
     46.862   68.01188 -167.87308     47.341     2.9973     2.9983     2.9946    32.2684    32.2802  1025.9278    25.7055    236.874    227.670  329.33169     71.926     69.139     0.0842     0.1575     3.1538     1.6067 1.0000e-12       5306     3.6840  0.000e+00
     46.808   68.01188 -167.87308     47.286     2.9973     2.9982     2.9946    32.2685    32.2792  1025.9276    25.7055    236.838    227.654  329.33141     71.915     69.133     0.0830     0.1502     3.1538     1.6067 1.0000e-12       5307     3.6847  0.000e+00
     46.862   68.01188 -167.87308     47.341     2.9973     2.9978     2.9946    32.2680    32.2786  1025.9275    25.7051    236.772    227.639  329.33269     71.894     69.128     0.0842     0.1575     3.1538     1.6067 1.0000e-12       5308     3.6854  0.000e+00
     46.800   68.01188 -167.87308     47.279     2.9971     2.9976     2.9944    32.2681    32.2784  1025.9272    25.7052    236.739    227.616  329.33381     71.884     69.120     0.0830     0.1502     3.1538     1.6067 8.4714e-06       5309     3.6861  0.000e+00
     46.808   68.01188 -167.87308     47.286     2.9971     2.9977     2.9944    32.2681    32.2778  1025.9273    25.7052    236.671    227.591  329.33382     71.864     69.113     0.0830     0.1502     3.1538     1.6067 8.4714e-06       5310     3.6868  0.000e+00
     46.862   68.01188 -167.87308     47.341     2.9969     2.9976     2.9943    32.2682    32.2784  1025.9276    25.7053    236.424    227.563  329.33480     71.788     69.104     0.0830     0.1502     3.1538     1.6067 1.0000e-12       5311     3.6875  0.000e+00
     46.746   68.01188 -167.87308     47.224     2.9971     2.9977     2.9944    32.2681    32.2786  1025.9270    25.7052    236.575    227.551  329.33374     71.835     69.101     0.0830     0.1502     3.1538     1.6067 1.0000e-12       5312     3.6882  0.000e+00
     46.808   68.01188 -167.87308     47.286     2.9971     2.9977     2.9944    32.2685    32.2784  1025.9276    25.7055    236.332    227.520  329.33282     71.761     69.091     0.0830     0.1502     3.1563     1.6036 8.4714e-06       5313     3.6889  0.000e+00
