EcoFOCI/data/1_SampleCollection/2023_SikuliaqDBO_CruiseData/CTD_raw_BottleFile_SKQ23-12S/proc/skq202312s_071svp.cnv
* Sea-Bird SBE 9 Data File:
* FileName = D:\CTD\SKQ202312S\SKQ202312S_071.hex
* Software Version Seasave V 7.26.7.121
* Temperature SN = 6177
* Conductivity SN = 0369
* Number of Bytes Per Scan = 41
* Number of Voltage Words = 4
* Number of Scans Averaged by the Deck Unit = 1
* NMEA Latitude = 68 07.96 N
* NMEA Longitude = 167 29.16 W
* NMEA UTC (Time) = Oct 01 2023  15:37:48
* NMEA baud rate = 4800
** Ship: R/V Sikuliaq
** Station Number: 071
** Station Name: DBO3.4
** Bottom Depth: 48
** Operator: SD
# nquan = 7
# nvalues = 5682                                  
# units = specified
# name 0 = depSM: Depth [salt water, m]
# name 1 = latitude: Latitude [deg]
# name 2 = longitude: Longitude [deg]
# name 3 = t090C: Temperature [ITS-90, deg C]
# name 4 = sal00: Salinity, Practical [PSU]
# name 5 = svCM: Sound Velocity [Chen-Millero, m/s]
# name 6 = flag:  0.000e+00
# span 0 =      2.762,     44.483                 
# span 1 =   68.13258,   68.13266                 
# span 2 = -167.48644, -167.48614                 
# span 3 =     3.5666,     5.2849                 
# span 4 =    29.7391,    32.1387                 
# span 5 =    1461.56,    1466.89                 
# span 6 = 0.0000e+00, 0.0000e+00                 
# interval = seconds: 0.0416667
# start_time = Oct 01 2023 15:41:18 [NMEA time, first data scan]
# bad_flag = -9.990e-29
*END*
[from data line 5539]
     43.904   68.13260 -167.48644     3.5689    32.0205    1461.69  0.000e+00
     44.136   68.13260 -167.48644     3.5686    32.0204    1461.69  0.000e+00
     43.966   68.13260 -167.48644     3.5688    32.0207    1461.69  0.000e+00
     43.966   68.13260 -167.48644     3.5684    32.0209    1461.69  0.000e+00
     43.966   68.13260 -167.48644     3.5686    32.0207    1461.69  0.000e+00
     43.966   68.13260 -167.48644     3.5686    32.0207    1461.69  0.000e+00
     43.904   68.13260 -167.48644     3.5686    32.0207    1461.69  0.000e+00
     43.966   68.13260 -167.48644     3.5688    32.0205    1461.69  0.000e+00
     43.966   68.13260 -167.48644     3.5688    32.0205    1461.69  0.000e+00
     43.850   68.13260 -167.48644     3.5689    32.0205    1461.69  0.000e+00
     43.904   68.13260 -167.48644     3.5686    32.0207    1461.69  0.000e+00
     43.904   68.13260 -167.48644     3.5688    32.0206    1461.69  0.000e+00
     43.850   68.13260 -167.48644     3.5686    32.0203    1461.69  0.000e+00
     43.850   68.13260 -167.48644     3.5684    32.0201    1461.69  0.000e+00
     43.850   68.13260 -167.48644     3.5684    32.0203    1461.69  0.000e+00
     43.796   68.13260 -167.48644     3.5681    32.0203    1461.69  0.000e+00
     43.796   68.13260 -167.48644     3.5683    32.0204    1461.69  0.000e+00
     43.788   68.13260 -167.48644     3.5681    32.0205    1461.69  0.000e+00
     43.796   68.13260 -167.48644     3.5684    32.0203    1461.69  0.000e+00
     43.734   68.13260 -167.48644     3.5681    32.0205    1461.69  0.000e+00
     43.680   68.13260 -167.48644     3.5683    32.0207    1461.69  0.000e+00
     43.734   68.13260 -167.48644     3.5684    32.0209    1461.69  0.000e+00
     43.680   68.13260 -167.48644     3.5686    32.0202    1461.69  0.000e+00
     43.680   68.13260 -167.48644     3.5688    32.0203    1461.69  0.000e+00
     43.619   68.13260 -167.48644     3.5686    32.0208    1461.69  0.000e+00
     43.619   68.13260 -167.48644     3.5688    32.0203    1461.69  0.000e+00
     43.619   68.13260 -167.48644     3.5686    32.0205    1461.69  0.000e+00
     43.565   68.13260 -167.48644     3.5686    32.0202    1461.68  0.000e+00
     43.503   68.13260 -167.48644     3.5684    32.0205    1461.68  0.000e+00
     43.503   68.13260 -167.48644     3.5686    32.0206    1461.68  0.000e+00
     43.565   68.13260 -167.48644     3.5688    32.0206    1461.69  0.000e+00
     43.449   68.13260 -167.48644     3.5691    32.0211    1461.69  0.000e+00
     43.449   68.13260 -167.48644     3.5694    32.0210    1461.69  0.000e+00
     43.449   68.13260 -167.48644     3.5697    32.0211    1461.69  0.000e+00
     43.395   68.13260 -167.48644     3.5704    32.0207    1461.69  0.000e+00
     43.333   68.13260 -167.48644     3.5707    32.0213    1461.69  0.000e+00
     43.395   68.13260 -167.48644     3.5713    32.0215    1461.69  0.000e+00
     43.333   68.13260 -167.48644     3.5721    32.0214    1461.70  0.000e+00
     43.279   68.13260 -167.48644     3.5729    32.0214    1461.70  0.000e+00
     43.279   68.13260 -167.48644     3.5740    32.0212    1461.70  0.000e+00
     43.279   68.13260 -167.48644     3.5746    32.0214    1461.71  0.000e+00
     43.218   68.13260 -167.48644     3.5756    32.0209    1461.71  0.000e+00
     43.218   68.13260 -167.48644     3.5763    32.0198    1461.71  0.000e+00
     43.218   68.13260 -167.48644     3.5767    32.0196    1461.71  0.000e+00
     43.164   68.13260 -167.48644     3.5770    32.0191    1461.71  0.000e+00
     43.102   68.13260 -167.48644     3.5771    32.0185    1461.71  0.000e+00
     43.164   68.13260 -167.48644     3.5771    32.0181    1461.71  0.000e+00
     43.102   68.13260 -167.48644     3.5768    32.0184    1461.71  0.000e+00
     43.048   68.13260 -167.48644     3.5767    32.0186    1461.71  0.000e+00
     43.102   68.13260 -167.48644     3.5769    32.0187    1461.71  0.000e+00
     42.994   68.13260 -167.48644     3.5767    32.0194    1461.71  0.000e+00
     43.048   68.13260 -167.48644     3.5765    32.0191    1461.71  0.000e+00
     43.048   68.13260 -167.48644     3.5767    32.0191    1461.71  0.000e+00
     42.932   68.13260 -167.48644     3.5768    32.0193    1461.71  0.000e+00
     42.994   68.13260 -167.48644     3.5767    32.0192    1461.71  0.000e+00
     42.994   68.13260 -167.48644     3.5767    32.0194    1461.71  0.000e+00
     42.878   68.13260 -167.48644     3.5768    32.0192    1461.71  0.000e+00
     42.994   68.13260 -167.48644     3.5768    32.0188    1461.71  0.000e+00
     42.878   68.13260 -167.48644     3.5768    32.0192    1461.71  0.000e+00
     42.878   68.13260 -167.48644     3.5769    32.0190    1461.71  0.000e+00
     42.878   68.13260 -167.48644     3.5768    32.0193    1461.71  0.000e+00
     42.878   68.13260 -167.48644     3.5770    32.0191    1461.71  0.000e+00
     42.878   68.13260 -167.48644     3.5768    32.0191    1461.71  0.000e+00
     42.870   68.13260 -167.48644     3.5768    32.0192    1461.71  0.000e+00
     42.816   68.13260 -167.48644     3.5768    32.0191    1461.71  0.000e+00
     42.878   68.13260 -167.48644     3.5768    32.0189    1461.71  0.000e+00
     42.816   68.13260 -167.48644     3.5768    32.0190    1461.71  0.000e+00
     42.816   68.13260 -167.48644     3.5765    32.0192    1461.70  0.000e+00
     42.816   68.13260 -167.48644     3.5765    32.0189    1461.70  0.000e+00
     42.816   68.13260 -167.48644     3.5765    32.0191    1461.70  0.000e+00
     42.816   68.13260 -167.48644     3.5766    32.0191    1461.70  0.000e+00
     42.816   68.13260 -167.48644     3.5762    32.0198    1461.70  0.000e+00
     42.816   68.13260 -167.48644     3.5767    32.0193    1461.71  0.000e+00
     42.816   68.13260 -167.48644     3.5768    32.0192    1461.71  0.000e+00
     42.816   68.13260 -167.48644     3.5767    32.0197    1461.71  0.000e+00
     42.816   68.13260 -167.48644     3.5768    32.0193    1461.71  0.000e+00
     42.878   68.13260 -167.48644     3.5768    32.0197    1461.71  0.000e+00
     42.816   68.13260 -167.48644     3.5770    32.0196    1461.71  0.000e+00
     42.878   68.13260 -167.48644     3.5773    32.0194    1461.71  0.000e+00
     42.816   68.13260 -167.48644     3.5775    32.0191    1461.71  0.000e+00
     42.878   68.13260 -167.48644     3.5777    32.0190    1461.71  0.000e+00
     42.878   68.13260 -167.48644     3.5776    32.0191    1461.71  0.000e+00
     42.932   68.13260 -167.48644     3.5776    32.0187    1461.71  0.000e+00
     42.871   68.13260 -167.48644     3.5776    32.0184    1461.71  0.000e+00
     42.932   68.13260 -167.48644     3.5775    32.0186    1461.71  0.000e+00
     42.932   68.13260 -167.48644     3.5773    32.0180    1461.71  0.000e+00
     42.932   68.13260 -167.48644     3.5771    32.0185    1461.71  0.000e+00
     42.994   68.13260 -167.48644     3.5768    32.0188    1461.71  0.000e+00
     42.994   68.13260 -167.48642     3.5768    32.0188    1461.71  0.000e+00
     42.994   68.13260 -167.48642     3.5768    32.0190    1461.71  0.000e+00
     43.048   68.13260 -167.48642     3.5768    32.0186    1461.71  0.000e+00
     43.048   68.13260 -167.48642     3.5767    32.0194    1461.71  0.000e+00
     43.048   68.13260 -167.48642     3.5768    32.0193    1461.71  0.000e+00
     43.102   68.13260 -167.48642     3.5771    32.0190    1461.71  0.000e+00
     43.156   68.13260 -167.48642     3.5773    32.0188    1461.71  0.000e+00
     43.102   68.13260 -167.48642     3.5773    32.0190    1461.71  0.000e+00
     43.218   68.13260 -167.48642     3.5774    32.0188    1461.71  0.000e+00
     43.218   68.13260 -167.48642     3.5770    32.0189    1461.71  0.000e+00
     43.279   68.13260 -167.48642     3.5770    32.0183    1461.71  0.000e+00
     43.218   68.13260 -167.48642     3.5765    32.0180    1461.71  0.000e+00
     43.333   68.13260 -167.48642     3.5761    32.0179    1461.71  0.000e+00
     43.333   68.13260 -167.48642     3.5754    32.0181    1461.71  0.000e+00
     43.395   68.13260 -167.48642     3.5749    32.0180    1461.71  0.000e+00
     43.395   68.13260 -167.48642     3.5743    32.0183    1461.70  0.000e+00
     43.449   68.13260 -167.48642     3.5737    32.0188    1461.70  0.000e+00
     43.503   68.13260 -167.48642     3.5735    32.0189    1461.70  0.000e+00
     43.449   68.13260 -167.48642     3.5727    32.0188    1461.70  0.000e+00
     43.565   68.13260 -167.48642     3.5721    32.0186    1461.70  0.000e+00
     43.619   68.13260 -167.48642     3.5715    32.0185    1461.70  0.000e+00
     43.619   68.13260 -167.48642     3.5708    32.0190    1461.69  0.000e+00
     43.619   68.13260 -167.48642     3.5704    32.0198    1461.69  0.000e+00
     43.681   68.13260 -167.48642     3.5702    32.0199    1461.69  0.000e+00
     43.735   68.13260 -167.48642     3.5700    32.0197    1461.69  0.000e+00
     43.735   68.13260 -167.48642     3.5697    32.0202    1461.69  0.000e+00
     43.796   68.13260 -167.48642     3.5692    32.0201    1461.69  0.000e+00
     43.850   68.13260 -167.48642     3.5692    32.0199    1461.69  0.000e+00
     43.904   68.13260 -167.48642     3.5689    32.0204    1461.69  0.000e+00
     43.904   68.13260 -167.48642     3.5688    32.0204    1461.69  0.000e+00
     43.904   68.13260 -167.48642     3.5689    32.0205    1461.69  0.000e+00
     44.020   68.13260 -167.48642     3.5684    32.0207    1461.69  0.000e+00
     43.966   68.13260 -167.48642     3.5688    32.0205    1461.69  0.000e+00
     44.020   68.13260 -167.48642     3.5686    32.0204    1461.69  0.000e+00
     44.082   68.13260 -167.48642     3.5686    32.0206    1461.69  0.000e+00
     44.136   68.13260 -167.48642     3.5683    32.0207    1461.69  0.000e+00
     44.082   68.13260 -167.48642     3.5684    32.0207    1461.69  0.000e+00
     44.198   68.13260 -167.48642     3.5686    32.0210    1461.70  0.000e+00
     44.136   68.13260 -167.48642     3.5688    32.0210    1461.70  0.000e+00
     44.252   68.13260 -167.48642     3.5688    32.0205    1461.70  0.000e+00
     44.252   68.13260 -167.48642     3.5686    32.0206    1461.70  0.000e+00
     44.252   68.13260 -167.48642     3.5686    32.0209    1461.70  0.000e+00
     44.252   68.13260 -167.48642     3.5686    32.0207    1461.70  0.000e+00
     44.306   68.13260 -167.48642     3.5684    32.0203    1461.70  0.000e+00
     44.306   68.13260 -167.48642     3.5680    32.0206    1461.69  0.000e+00
     44.367   68.13260 -167.48642     3.5681    32.0208    1461.70  0.000e+00
     44.367   68.13260 -167.48642     3.5683    32.0210    1461.70  0.000e+00
     44.367   68.13260 -167.48642     3.5683    32.0211    1461.70  0.000e+00
     44.421   68.13260 -167.48642     3.5684    32.0207    1461.70  0.000e+00
     44.421   68.13260 -167.48642     3.5683    32.0206    1461.70  0.000e+00
     44.367   68.13260 -167.48642     3.5684    32.0210    1461.70  0.000e+00
     44.483   68.13260 -167.48642     3.5688    32.0204    1461.70  0.000e+00
     44.367   68.13260 -167.48642     3.5686    32.0211    1461.70  0.000e+00
     44.483   68.13260 -167.48642     3.5689    32.0203    1461.70  0.000e+00
     44.483   68.13260 -167.48642     3.5688    32.0209    1461.70  0.000e+00
