EcoFOCI/data/1_SampleCollection/2023_SikuliaqDBO_CruiseData/CTD_raw_BottleFile_SKQ23-12S/proc/skq202312s_016.cnv
* Sea-Bird SBE 9 Data File:
* FileName = D:\CTD\SKQ202312S\SKQ202312S_016.hex
* Software Version Seasave V 7.26.7.121
* Temperature SN = 6177
* Conductivity SN = 0369
* Number of Bytes Per Scan = 41
* Number of Voltage Words = 4
* Number of Scans Averaged by the Deck Unit = 1
* NMEA Latitude = 64 40.76 N
* NMEA Longitude = 169 06.00 W
* NMEA UTC (Time) = Sep 17 2023  13:39:04
* NMEA baud rate = 4800
** Ship: R/V Sikuliaq
** Station Number: 016
** Station Name: DBO2.2
** Bottom Depth: 45
** Operator: SD
# nquan = 24
# nvalues = 5501                                  
# units = specified
# name 0 = depSM: Depth [salt water, m]
# name 1 = latitude: Latitude [deg]
# name 2 = longitude: Longitude [deg]
# name 3 = prDM: Pressure, Digiquartz [db]
# name 4 = t090C: Temperature [ITS-90, deg C]
# name 5 = t190C: Temperature, 2 [ITS-90, deg C]
# name 6 = potemp090C: Potential Temperature [ITS-90, deg C]
# name 7 = sal00: Salinity, Practical [PSU]
# name 8 = sal11: Salinity, Practical, 2 [PSU]
# name 9 = density00: Density [density, kg/m^3]
# name 10 = sigma-é00: Density [sigma-theta, kg/m^3]
# name 11 = sbox0Mm/Kg: Oxygen, SBE 43 [umol/kg]
# name 12 = sbox1Mm/Kg: Oxygen, SBE 43, 2 [umol/kg]
# name 13 = oxsolMm/Kg: Oxygen Saturation, Garcia & Gordon [umol/kg]
# name 14 = sbeox0PS: Oxygen, SBE 43 [% saturation]
# name 15 = sbeox1PS: Oxygen, SBE 43, 2 [% saturation]
# name 16 = v0: Voltage 0
# name 17 = flECO-AFL: Fluorescence, WET Labs ECO-AFL/FL [mg/m^3]
# name 18 = v1: Voltage 1
# name 19 = CStarAt0: Beam Attenuation, WET Labs C-Star [1/m]
# name 20 = par: PAR/Irradiance, Biospherical/Licor
# name 21 = scan: Scan Count
# name 22 = timeM: Time, Elapsed [minutes]
# name 23 = flag:  0.000e+00
# span 0 =      1.589,     40.001                 
# span 1 =   64.67940,   64.67944                 
# span 2 = -169.10002, -169.09998                 
# span 3 =      1.604,     40.400                 
# span 4 =     2.5710,     3.0505                 
# span 5 =     2.5729,     3.0512                 
# span 6 =     2.5708,     3.0486                 
# span 7 =    32.4382,    32.8462                 
# span 8 =    32.4470,    32.8557                 
# span 9 =  1025.8835,  1026.3589                 
# span 10 =    25.8757,    26.1707                
# span 11 =    259.447,    300.160                
# span 12 =    246.798,    287.556                
# span 13 =  327.58146,  332.40278                
# span 14 =     78.797,     90.313                
# span 15 =     75.093,     86.535                
# span 16 =     0.1209,     0.3053                
# span 17 =     0.3773,     1.4835                
# span 18 =     3.8107,     3.9524                
# span 19 =     0.7036,     0.8496                
# span 20 = 1.0000e-12, 7.4711e-01                
# span 21 =          1,       5501                
# span 22 =     0.0000,     3.8194                
# span 23 = 0.0000e+00, 0.0000e+00                
# interval = seconds: 0.0416667
# start_time = Sep 17 2023 13:42:59 [NMEA time, first data scan]
# bad_flag = -9.990e-29
*END*
[from data line 1510]
     10.452   64.67942 -169.10002     10.556     2.5796     2.5807     2.5790    32.4405    32.4505  1025.9269    25.8772    299.095    284.857  332.32804     90.000     85.725     0.2442     1.1172     3.8999     0.7571 6.5167e-03       1511     1.0486  0.000e+00
     10.452   64.67942 -169.10002     10.556     2.5796     2.5806     2.5790    32.4404    32.4506  1025.9268    25.8771    299.083    284.848  332.32825     89.996     85.722     0.2442     1.1172     3.8999     0.7571 9.7231e-03       1512     1.0493  0.000e+00
     10.506   64.67942 -169.10002     10.610     2.5799     2.5807     2.5793    32.4405    32.4504  1025.9271    25.8771    299.109    285.040  332.32586     90.005     85.779     0.2454     1.1245     3.8999     0.7571 1.1540e-02       1513     1.0500  0.000e+00
     10.452   64.67942 -169.10002     10.556     2.5801     2.5808     2.5795    32.4404    32.4502  1025.9268    25.8771    299.094    284.858  332.32415     90.001     85.725     0.2442     1.1172     3.8999     0.7571 1.1540e-02       1514     1.0507  0.000e+00
     10.537   64.67942 -169.10002     10.641     2.5801     2.5808     2.5795    32.4406    32.4504  1025.9273    25.8772    299.124    284.860  332.32375     90.010     85.725     0.2564     1.1905     3.8999     0.7571 5.8152e-03       1515     1.0514  0.000e+00
     10.506   64.67942 -169.10002     10.610     2.5805     2.5808     2.5799    32.4405    32.4505  1025.9270    25.8771    299.148    284.859  332.32054     90.018     85.725     0.2735     1.2930     3.8999     0.7571 3.0480e-03       1516     1.0521  0.000e+00
     10.506   64.67942 -169.10002     10.610     2.5801     2.5808     2.5795    32.4410    32.4502  1025.9275    25.8775    299.143    284.863  332.32279     90.016     85.727     0.2796     1.3297     3.8999     0.7571 2.3659e-03       1517     1.0528  0.000e+00
     10.560   64.67942 -169.10002     10.665     2.5802     2.5808     2.5797    32.4405    32.4504  1025.9274    25.8771    299.137    284.675  332.32256     90.014     85.670     0.2784     1.3223     3.8999     0.7571 3.7340e-03       1518     1.0535  0.000e+00
     10.506   64.67942 -169.10002     10.610     2.5802     2.5807     2.5797    32.4407    32.4504  1025.9273    25.8773    299.127    284.661  332.32207     90.011     85.665     0.2784     1.3223     3.8999     0.7571 4.4238e-03       1519     1.0542  0.000e+00
     10.560   64.67942 -169.10002     10.665     2.5802     2.5810     2.5796    32.4404    32.4502  1025.9272    25.8770    299.123    284.849  332.32337     90.010     85.723     0.2784     1.3223     3.8999     0.7571 3.7340e-03       1520     1.0549  0.000e+00
     10.506   64.67942 -169.10002     10.610     2.5801     2.5808     2.5795    32.4406    32.4505  1025.9272    25.8772    299.077    284.669  332.32371     89.996     85.668     0.2772     1.3150     3.8999     0.7571 6.7730e-04       1521     1.0556  0.000e+00
     10.622   64.67942 -169.10002     10.727     2.5799     2.5805     2.5793    32.4406    32.4505  1025.9277    25.8772    299.074    284.846  332.32520     89.994     85.721     0.2784     1.3223     3.8999     0.7571 1.0000e-12       1522     1.0562  0.000e+00
     10.560   64.67942 -169.10002     10.665     2.5799     2.5810     2.5793    32.4405    32.4502  1025.9274    25.8772    299.100    284.643  332.32522     90.002     85.660     0.2772     1.3150     3.8999     0.7571 1.0000e-12       1523     1.0569  0.000e+00
     10.591   64.67942 -169.10002     10.696     2.5802     2.5808     2.5796    32.4405    32.4502  1025.9274    25.8771    299.091    284.624  332.32321     90.000     85.654     0.2784     1.3223     3.8999     0.7571 1.0000e-12       1524     1.0576  0.000e+00
     10.560   64.67942 -169.10002     10.665     2.5804     2.5807     2.5798    32.4407    32.4503  1025.9275    25.8773    299.080    284.803  332.32071     89.997     85.708     0.2772     1.3150     3.8999     0.7571 1.0000e-12       1525     1.0583  0.000e+00
     10.622   64.67942 -169.10002     10.727     2.5804     2.5808     2.5798    32.4409    32.4503  1025.9279    25.8774    299.150    284.613  332.32039     90.018     85.651     0.2784     1.3223     3.8999     0.7571 1.0000e-12       1526     1.0590  0.000e+00
     10.560   64.67942 -169.10002     10.665     2.5801     2.5810     2.5795    32.4410    32.4503  1025.9277    25.8775    299.145    284.596  332.32276     90.016     85.646     0.2796     1.3297     3.8999     0.7571 1.0000e-12       1527     1.0597  0.000e+00
     10.622   64.67942 -169.10002     10.727     2.5803     2.5810     2.5798    32.4408    32.4503  1025.9279    25.8774    299.141    284.785  332.32090     90.016     85.703     0.2784     1.3223     3.8999     0.7571 1.0000e-12       1528     1.0604  0.000e+00
     10.622   64.67942 -169.10002     10.727     2.5804     2.5814     2.5798    32.4404    32.4500  1025.9275    25.8770    299.174    284.796  332.32151     90.026     85.708     0.2784     1.3223     3.8999     0.7571 1.0000e-12       1529     1.0611  0.000e+00
     10.622   64.67942 -169.10002     10.727     2.5802     2.5810     2.5797    32.4405    32.4505  1025.9276    25.8771    299.173    284.618  332.32274     90.025     85.653     0.2772     1.3150     3.8999     0.7571 1.0000e-12       1530     1.0618  0.000e+00
     10.622   64.67942 -169.10002     10.727     2.5802     2.5810     2.5797    32.4405    32.4505  1025.9276    25.8771    299.207    284.614  332.32274     90.035     85.652     0.2784     1.3223     3.8999     0.7571 1.0000e-12       1531     1.0625  0.000e+00
     10.622   64.67942 -169.10002     10.727     2.5800     2.5810     2.5795    32.4407    32.4509  1025.9278    25.8773    299.244    284.613  332.32397     90.046     85.652     0.2772     1.3150     3.8999     0.7571 1.0000e-12       1532     1.0632  0.000e+00
     10.591   64.67942 -169.10002     10.696     2.5802     2.5812     2.5797    32.4407    32.4505  1025.9276    25.8773    299.021    284.613  332.32219     89.979     85.652     0.2772     1.3150     3.8999     0.7571 1.0000e-12       1533     1.0639  0.000e+00
     10.676   64.67942 -169.10002     10.781     2.5801     2.5808     2.5795    32.4409    32.4504  1025.9282    25.8774    299.211    284.624  332.32302     90.036     85.655     0.2796     1.3297     3.8999     0.7571 1.0000e-12       1534     1.0646  0.000e+00
     10.622   64.67942 -169.10002     10.727     2.5802     2.5810     2.5796    32.4406    32.4505  1025.9277    25.8772    299.210    284.628  332.32295     90.036     85.656     0.2772     1.3150     3.8999     0.7571 1.0000e-12       1535     1.0653  0.000e+00
     10.622   64.67942 -169.10002     10.727     2.5804     2.5810     2.5798    32.4405    32.4503  1025.9276    25.8771    299.210    284.639  332.32131     90.036     85.659     0.2784     1.3223     3.8999     0.7571 1.0000e-12       1536     1.0660  0.000e+00
     10.622   64.67942 -169.10002     10.727     2.5801     2.5810     2.5795    32.4407    32.4504  1025.9278    25.8773    299.214    284.628  332.32356     90.037     85.656     0.2772     1.3150     3.8999     0.7571 1.0000e-12       1537     1.0667  0.000e+00
     10.622   64.67942 -169.10002     10.727     2.5801     2.5808     2.5795    32.4404    32.4505  1025.9275    25.8770    299.216    284.621  332.32428     90.037     85.654     0.2784     1.3223     3.8999     0.7571 8.4714e-06       1538     1.0674  0.000e+00
     10.676   64.67942 -169.10002     10.781     2.5800     2.5807     2.5795    32.4406    32.4503  1025.9280    25.8772    299.220    284.617  332.32425     90.039     85.652     0.2772     1.3150     3.8999     0.7571 1.0000e-12       1539     1.0681  0.000e+00
     10.622   64.67942 -169.10002     10.727     2.5801     2.5807     2.5795    32.4408    32.4502  1025.9279    25.8774    299.218    284.611  332.32315     90.038     85.650     0.2772     1.3150     3.8999     0.7571 1.0000e-12       1540     1.0688  0.000e+00
     10.676   64.67942 -169.10002     10.781     2.5801     2.5803     2.5795    32.4409    32.4508  1025.9282    25.8774    299.222    284.612  332.32302     90.039     85.650     0.2772     1.3150     3.8999     0.7571 1.0000e-12       1541     1.0694  0.000e+00
     10.652   64.67942 -169.10002     10.758     2.5801     2.5807     2.5795    32.4405    32.4501  1025.9277    25.8771    299.444    284.608  332.32412     90.106     85.649     0.2747     1.3004     3.8999     0.7571 1.0000e-12       1542     1.0701  0.000e+00
     10.622   64.67942 -169.10002     10.727     2.5800     2.5805     2.5795    32.4406    32.4503  1025.9277    25.8772    299.258    284.609  332.32418     90.050     85.649     0.2759     1.3077     3.8999     0.7571 1.0000e-12       1543     1.0708  0.000e+00
     10.676   64.67942 -169.10002     10.781     2.5798     2.5805     2.5792    32.4407    32.4504  1025.9281    25.8773    299.262    284.638  332.32620     90.051     85.658     0.2747     1.3004     3.8999     0.7571 1.0000e-12       1544     1.0715  0.000e+00
     10.622   64.67942 -169.10002     10.727     2.5799     2.5804     2.5793    32.4405    32.4506  1025.9277    25.8771    299.259    284.667  332.32530     90.050     85.667     0.2759     1.3077     3.8999     0.7571 1.0000e-12       1545     1.0722  0.000e+00
     10.676   64.67942 -169.10002     10.781     2.5798     2.5806     2.5792    32.4406    32.4503  1025.9280    25.8773    299.262    284.676  332.32630     90.051     85.670     0.2747     1.3004     3.8999     0.7571 1.0000e-12       1546     1.0729  0.000e+00
     10.622   64.67942 -169.10002     10.727     2.5797     2.5807     2.5791    32.4407    32.4502  1025.9278    25.8773    299.260    284.684  332.32653     90.050     85.672     0.2759     1.3077     3.8999     0.7571 1.0000e-12       1547     1.0736  0.000e+00
     10.676   64.67942 -169.10002     10.781     2.5798     2.5807     2.5792    32.4406    32.4502  1025.9280    25.8773    299.262    284.699  332.32630     90.051     85.677     0.2759     1.3077     3.8999     0.7571 8.4714e-06       1548     1.0743  0.000e+00
     10.622   64.67942 -169.10002     10.727     2.5799     2.5806     2.5793    32.4403    32.4505  1025.9275    25.8770    299.260    284.711  332.32592     90.050     85.681     0.2747     1.3004     3.8999     0.7571 6.7730e-04       1549     1.0750  0.000e+00
     10.676   64.67942 -169.10002     10.781     2.5799     2.5805     2.5793    32.4402    32.4504  1025.9277    25.8769    299.262    284.928  332.32609     90.051     85.745     0.2759     1.3077     3.8999     0.7571 1.0131e-03       1550     1.0757  0.000e+00
     10.652   64.67942 -169.10002     10.758     2.5799     2.5807     2.5793    32.4403    32.4502  1025.9276    25.8770    299.261    284.770  332.32637     90.050     85.698     0.2747     1.3004     3.8999     0.7571 3.4241e-04       1551     1.0764  0.000e+00
     10.622   64.67942 -169.10002     10.727     2.5796     2.5805     2.5790    32.4406    32.4504  1025.9277    25.8772    299.262    284.789  332.32787     90.050     85.704     0.2759     1.3077     3.8999     0.7571 1.0000e-12       1552     1.0771  0.000e+00
     10.622   64.67942 -169.10002     10.727     2.5796     2.5805     2.5790    32.4406    32.4501  1025.9277    25.8772    299.262    284.811  332.32787     90.050     85.710     0.2747     1.3004     3.8999     0.7571 1.0000e-12       1553     1.0778  0.000e+00
     10.676   64.67942 -169.10002     10.781     2.5796     2.5804     2.5790    32.4403    32.4502  1025.9278    25.8770    299.265    284.837  332.32855     90.051     85.718     0.2759     1.3077     3.8999     0.7571 3.4241e-04       1554     1.0785  0.000e+00
     10.622   64.67942 -169.10002     10.727     2.5794     2.5805     2.5788    32.4407    32.4504  1025.9278    25.8773    299.263    284.859  332.32930     90.050     85.725     0.2759     1.3077     3.8999     0.7571 1.3499e-03       1555     1.0792  0.000e+00
     10.622   64.67942 -169.10002     10.727     2.5794     2.5807     2.5789    32.4405    32.4499  1025.9277    25.8772    299.704    284.885  332.32940     90.183     85.733     0.2747     1.3004     3.8999     0.7571 1.6876e-03       1556     1.0799  0.000e+00
     10.676   64.67942 -169.10002     10.781     2.5798     2.5805     2.5792    32.4403    32.4500  1025.9277    25.8770    299.332    284.720  332.32722     90.071     85.683     0.2759     1.3077     3.8999     0.7571 6.7730e-04       1557     1.0806  0.000e+00
     10.622   64.67942 -169.10002     10.727     2.5794     2.5805     2.5788    32.4405    32.4504  1025.9277    25.8772    299.329    284.727  332.32971     90.070     85.685     0.2747     1.3004     3.8999     0.7571 1.0000e-12       1558     1.0813  0.000e+00
     10.591   64.67942 -169.10002     10.696     2.5793     2.5804     2.5787    32.4406    32.4506  1025.9276    25.8773    299.326    284.935  332.33038     90.069     85.747     0.2759     1.3077     3.8999     0.7571 1.0000e-12       1559     1.0819  0.000e+00
     10.622   64.67942 -169.10002     10.727     2.5793     2.5802     2.5787    32.4406    32.4504  1025.9278    25.8773    299.324    284.950  332.33043     90.068     85.751     0.2747     1.3004     3.8999     0.7571 6.7730e-04       1560     1.0826  0.000e+00
     10.622   64.67942 -169.10002     10.727     2.5793     2.5802     2.5787    32.4404    32.4502  1025.9276    25.8771    299.322    284.964  332.33104     90.067     85.756     0.2759     1.3077     3.8999     0.7571 2.0263e-03       1561     1.0833  0.000e+00
     10.621   64.67942 -169.10002     10.727     2.5795     2.5802     2.5790    32.4398    32.4500  1025.9271    25.8766    299.318    285.003  332.33022     90.066     85.767     0.2759     1.3077     3.8999     0.7571 2.3659e-03       1562     1.0840  0.000e+00
     10.621   64.67942 -169.10002     10.727     2.5793     2.5802     2.5787    32.4402    32.4505  1025.9275    25.8770    299.316    285.019  332.33135     90.066     85.772     0.2747     1.3004     3.8999     0.7571 1.0131e-03       1563     1.0847  0.000e+00
     10.621   64.67942 -169.10002     10.727     2.5792     2.5802     2.5786    32.4408    32.4504  1025.9280    25.8775    299.313    285.036  332.33073     90.065     85.777     0.2759     1.3077     3.8999     0.7571 1.0000e-12       1564     1.0854  0.000e+00
     10.621   64.67942 -169.10002     10.727     2.5793     2.5804     2.5787    32.4404    32.4500  1025.9276    25.8771    299.310    285.055  332.33084     90.064     85.783     0.2747     1.3004     3.8999     0.7571 1.0000e-12       1565     1.0861  0.000e+00
     10.621   64.67942 -169.10002     10.727     2.5794     2.5805     2.5788    32.4402    32.4500  1025.9275    25.8770    299.306    284.876  332.33053     90.063     85.729     0.2747     1.3004     3.8999     0.7571 1.0000e-12       1566     1.0868  0.000e+00
     10.621   64.67942 -169.10002     10.727     2.5793     2.5807     2.5787    32.4405    32.4499  1025.9277    25.8772    299.304    284.848  332.33063     90.062     85.721     0.2735     1.2930     3.8999     0.7571 1.0000e-12       1567     1.0875  0.000e+00
     10.591   64.67942 -169.10002     10.695     2.5798     2.5805     2.5792    32.4399    32.4501  1025.9270    25.8767    299.076    284.823  332.32823     89.994     85.714     0.2747     1.3004     3.8987     0.7583 1.0000e-12       1568     1.0882  0.000e+00
     10.621   64.67942 -169.10002     10.727     2.5790     2.5806     2.5784    32.4408    32.4504  1025.9280    25.8775    299.265    284.822  332.33217     90.050     85.714     0.2747     1.3004     3.8974     0.7596 1.0000e-12       1569     1.0889  0.000e+00
