EcoFOCI/data/1_SampleCollection/2023_SikuliaqDBO_CruiseData/CTD_raw_BottleFile_SKQ23-12S/proc/skq202312s_081svp.cnv
* Sea-Bird SBE 9 Data File:
* FileName = D:\CTD\SKQ202312S\SKQ202312S_081.hex
* Software Version Seasave V 7.26.7.121
* Temperature SN = 6177
* Conductivity SN = 0369
* Number of Bytes Per Scan = 41
* Number of Voltage Words = 4
* Number of Scans Averaged by the Deck Unit = 1
* NMEA Latitude = 65 41.58 N
* NMEA Longitude = 168 27.84 W
* NMEA UTC (Time) = Oct 03 2023  09:04:12
* NMEA baud rate = 4800
** Ship: R/V Sikuliaq
** Station Number: 081
** Station Name: BS4
** Bottom Depth: 54
** Operator: SD
# nquan = 7
# nvalues = 3554                                  
# units = specified
# name 0 = depSM: Depth [salt water, m]
# name 1 = latitude: Latitude [deg]
# name 2 = longitude: Longitude [deg]
# name 3 = t090C: Temperature [ITS-90, deg C]
# name 4 = sal00: Salinity, Practical [PSU]
# name 5 = svCM: Sound Velocity [Chen-Millero, m/s]
# name 6 = flag:  0.000e+00
# span 0 =      2.584,     49.454                 
# span 1 =   65.69290,   65.69292                 
# span 2 = -168.46470, -168.46450                 
# span 3 =     2.9660,     6.7152                 
# span 4 =    25.8991,    32.8646                 
# span 5 =    1459.99,    1473.49                 
# span 6 = 0.0000e+00, 0.0000e+00                 
# interval = seconds: 0.0416667
# start_time = Oct 03 2023 09:06:59 [NMEA time, first data scan]
# bad_flag = -9.990e-29
*END*
[from data line 616]
      6.024   65.69292 -168.46468     6.2690    26.1520    1464.78  0.000e+00
      6.024   65.69292 -168.46468     6.2689    26.1495    1464.78  0.000e+00
      6.024   65.69292 -168.46468     6.2694    26.1458    1464.78  0.000e+00
      6.024   65.69292 -168.46468     6.2692    26.1355    1464.76  0.000e+00
      6.078   65.69292 -168.46468     6.2690    26.1194    1464.74  0.000e+00
      6.132   65.69292 -168.46468     6.2691    26.1041    1464.73  0.000e+00
      6.078   65.69292 -168.46468     6.2692    26.0933    1464.71  0.000e+00
      6.194   65.69292 -168.46468     6.2698    26.0886    1464.71  0.000e+00
      6.132   65.69292 -168.46468     6.2703    26.0845    1464.71  0.000e+00
      6.194   65.69292 -168.46468     6.2706    26.0794    1464.70  0.000e+00
      6.194   65.69292 -168.46468     6.2707    26.0773    1464.70  0.000e+00
      6.248   65.69292 -168.46468     6.2710    26.0771    1464.70  0.000e+00
      6.248   65.69292 -168.46468     6.2711    26.0784    1464.70  0.000e+00
      6.248   65.69292 -168.46468     6.2709    26.0771    1464.70  0.000e+00
      6.310   65.69292 -168.46468     6.2704    26.0756    1464.70  0.000e+00
      6.248   65.69292 -168.46468     6.2705    26.0734    1464.69  0.000e+00
      6.310   65.69292 -168.46468     6.2702    26.0716    1464.69  0.000e+00
      6.364   65.69292 -168.46468     6.2702    26.0723    1464.69  0.000e+00
      6.341   65.69292 -168.46468     6.2702    26.0748    1464.70  0.000e+00
      6.364   65.69292 -168.46468     6.2711    26.0760    1464.70  0.000e+00
      6.425   65.69292 -168.46468     6.2720    26.0768    1464.71  0.000e+00
      6.364   65.69292 -168.46468     6.2726    26.0790    1464.71  0.000e+00
      6.425   65.69292 -168.46468     6.2726    26.0795    1464.71  0.000e+00
      6.479   65.69292 -168.46468     6.2722    26.0779    1464.71  0.000e+00
      6.479   65.69292 -168.46468     6.2723    26.0742    1464.71  0.000e+00
      6.479   65.69292 -168.46468     6.2723    26.0725    1464.70  0.000e+00
      6.479   65.69292 -168.46468     6.2724    26.0734    1464.71  0.000e+00
      6.479   65.69292 -168.46468     6.2721    26.0758    1464.71  0.000e+00
      6.533   65.69292 -168.46468     6.2715    26.0758    1464.71  0.000e+00
      6.595   65.69292 -168.46468     6.2709    26.0698    1464.70  0.000e+00
      6.533   65.69292 -168.46468     6.2702    26.0617    1464.68  0.000e+00
      6.595   65.69292 -168.46468     6.2703    26.0543    1464.68  0.000e+00
      6.595   65.69292 -168.46468     6.2706    26.0489    1464.67  0.000e+00
      6.595   65.69292 -168.46468     6.2707    26.0467    1464.67  0.000e+00
      6.649   65.69292 -168.46468     6.2709    26.0453    1464.67  0.000e+00
      6.649   65.69292 -168.46468     6.2710    26.0479    1464.67  0.000e+00
      6.649   65.69292 -168.46468     6.2706    26.0551    1464.68  0.000e+00
      6.711   65.69292 -168.46468     6.2696    26.0573    1464.68  0.000e+00
      6.711   65.69292 -168.46468     6.2692    26.0501    1464.67  0.000e+00
      6.765   65.69292 -168.46468     6.2689    26.0433    1464.66  0.000e+00
      6.765   65.69292 -168.46468     6.2688    26.0387    1464.65  0.000e+00
      6.765   65.69292 -168.46468     6.2688    26.0358    1464.65  0.000e+00
      6.765   65.69292 -168.46468     6.2693    26.0371    1464.65  0.000e+00
      6.827   65.69292 -168.46468     6.2696    26.0426    1464.66  0.000e+00
      6.880   65.69292 -168.46468     6.2701    26.0488    1464.67  0.000e+00
      6.827   65.69292 -168.46468     6.2699    26.0547    1464.68  0.000e+00
      6.880   65.69292 -168.46468     6.2703    26.0599    1464.69  0.000e+00
      6.857   65.69292 -168.46468     6.2702    26.0647    1464.69  0.000e+00
      6.934   65.69292 -168.46468     6.2702    26.0677    1464.70  0.000e+00
      6.934   65.69292 -168.46468     6.2702    26.0633    1464.69  0.000e+00
      6.996   65.69292 -168.46468     6.2707    26.0585    1464.69  0.000e+00
      6.934   65.69292 -168.46468     6.2712    26.0574    1464.69  0.000e+00
      6.996   65.69292 -168.46468     6.2715    26.0596    1464.69  0.000e+00
      7.050   65.69292 -168.46468     6.2718    26.0616    1464.70  0.000e+00
      7.050   65.69292 -168.46468     6.2729    26.0575    1464.70  0.000e+00
      7.050   65.69292 -168.46468     6.2733    26.0530    1464.69  0.000e+00
      7.112   65.69292 -168.46468     6.2738    26.0548    1464.70  0.000e+00
      7.112   65.69292 -168.46468     6.2742    26.0701    1464.72  0.000e+00
      7.166   65.69292 -168.46468     6.2731    26.1203    1464.78  0.000e+00
      7.166   65.69292 -168.46468     6.2707    26.1817    1464.85  0.000e+00
      7.228   65.69292 -168.46468     6.2660    26.2221    1464.88  0.000e+00
      7.228   65.69292 -168.46468     6.2616    26.2312    1464.87  0.000e+00
      7.228   65.69292 -168.46468     6.2581    26.2303    1464.86  0.000e+00
      7.282   65.69292 -168.46468     6.2555    26.2495    1464.87  0.000e+00
      7.336   65.69292 -168.46468     6.2528    26.2839    1464.90  0.000e+00
      7.282   65.69292 -168.46468     6.2497    26.3150    1464.93  0.000e+00
      7.336   65.69292 -168.46468     6.2464    26.3491    1464.96  0.000e+00
      7.397   65.69292 -168.46468     6.2429    26.3747    1464.98  0.000e+00
      7.397   65.69292 -168.46468     6.2399    26.3843    1464.98  0.000e+00
      7.374   65.69292 -168.46468     6.2376    26.3854    1464.97  0.000e+00
      7.451   65.69292 -168.46468     6.2365    26.3814    1464.96  0.000e+00
      7.451   65.69292 -168.46468     6.2360    26.3715    1464.95  0.000e+00
      7.513   65.69292 -168.46468     6.2362    26.3526    1464.93  0.000e+00
      7.513   65.69292 -168.46468     6.2367    26.3479    1464.92  0.000e+00
      7.513   65.69292 -168.46468     6.2368    26.3790    1464.96  0.000e+00
      7.567   65.69292 -168.46468     6.2358    26.4260    1465.02  0.000e+00
      7.629   65.69292 -168.46468     6.2338    26.4601    1465.05  0.000e+00
      7.513   65.69292 -168.46468     6.2316    26.4789    1465.07  0.000e+00
      7.683   65.69292 -168.46468     6.2291    26.5011    1465.09  0.000e+00
      7.629   65.69292 -168.46468     6.2269    26.5304    1465.11  0.000e+00
      7.683   65.69292 -168.46468     6.2247    26.5508    1465.13  0.000e+00
      7.683   65.69292 -168.46468     6.2229    26.5675    1465.14  0.000e+00
      7.737   65.69292 -168.46468     6.2210    26.5820    1465.16  0.000e+00
      7.737   65.69292 -168.46468     6.2193    26.5880    1465.16  0.000e+00
      7.737   65.69292 -168.46468     6.2178    26.5854    1465.15  0.000e+00
      7.798   65.69292 -168.46470     6.2170    26.5844    1465.14  0.000e+00
      7.798   65.69292 -168.46470     6.2162    26.5913    1465.15  0.000e+00
      7.829   65.69292 -168.46470     6.2152    26.5960    1465.15  0.000e+00
      7.852   65.69292 -168.46470     6.2148    26.5970    1465.15  0.000e+00
      7.852   65.69292 -168.46470     6.2143    26.5963    1465.15  0.000e+00
      7.914   65.69292 -168.46470     6.2142    26.5940    1465.15  0.000e+00
      7.914   65.69292 -168.46470     6.2140    26.5937    1465.15  0.000e+00
      7.914   65.69292 -168.46470     6.2138    26.5841    1465.13  0.000e+00
      7.968   65.69292 -168.46470     6.2145    26.5625    1465.11  0.000e+00
      7.968   65.69292 -168.46470     6.2156    26.5510    1465.10  0.000e+00
      7.968   65.69292 -168.46470     6.2164    26.5471    1465.10  0.000e+00
      8.022   65.69292 -168.46470     6.2167    26.5447    1465.10  0.000e+00
      8.022   65.69292 -168.46470     6.2175    26.5572    1465.12  0.000e+00
      8.022   65.69292 -168.46470     6.2173    26.5706    1465.13  0.000e+00
      8.084   65.69292 -168.46470     6.2171    26.5784    1465.14  0.000e+00
      8.084   65.69292 -168.46470     6.2169    26.5884    1465.15  0.000e+00
      8.084   65.69292 -168.46470     6.2165    26.5915    1465.16  0.000e+00
      8.138   65.69292 -168.46470     6.2159    26.5869    1465.15  0.000e+00
      8.115   65.69292 -168.46470     6.2156    26.5817    1465.14  0.000e+00
      8.200   65.69292 -168.46470     6.2154    26.5830    1465.14  0.000e+00
      8.138   65.69292 -168.46470     6.2152    26.5940    1465.15  0.000e+00
      8.200   65.69292 -168.46470     6.2145    26.6019    1465.16  0.000e+00
      8.254   65.69292 -168.46470     6.2141    26.6023    1465.16  0.000e+00
      8.254   65.69292 -168.46470     6.2138    26.6001    1465.16  0.000e+00
      8.200   65.69290 -168.46470     6.2142    26.6005    1465.16  0.000e+00
      8.315   65.69290 -168.46470     6.2140    26.6104    1465.17  0.000e+00
      8.315   65.69290 -168.46470     6.2137    26.6233    1465.19  0.000e+00
      8.315   65.69290 -168.46470     6.2131    26.6222    1465.18  0.000e+00
      8.315   65.69290 -168.46470     6.2125    26.6262    1465.19  0.000e+00
      8.369   65.69290 -168.46470     6.2122    26.6467    1465.21  0.000e+00
      8.369   65.69290 -168.46470     6.2114    26.6808    1465.25  0.000e+00
      8.369   65.69290 -168.46470     6.2103    26.7194    1465.30  0.000e+00
      8.400   65.69290 -168.46470     6.2081    26.7540    1465.33  0.000e+00
      8.423   65.69290 -168.46470     6.2060    26.7656    1465.34  0.000e+00
      8.485   65.69290 -168.46470     6.2047    26.7765    1465.35  0.000e+00
      8.485   65.69290 -168.46470     6.2032    26.8142    1465.39  0.000e+00
      8.485   65.69290 -168.46470     6.2013    26.8449    1465.42  0.000e+00
      8.485   65.69290 -168.46470     6.1997    26.8392    1465.41  0.000e+00
      8.539   65.69290 -168.46470     6.1988    26.8244    1465.38  0.000e+00
      8.601   65.69290 -168.46470     6.1986    26.8265    1465.39  0.000e+00
      8.539   65.69290 -168.46470     6.1983    26.8464    1465.41  0.000e+00
      8.601   65.69290 -168.46470     6.1971    26.8631    1465.43  0.000e+00
      8.601   65.69290 -168.46470     6.1962    26.8715    1465.43  0.000e+00
      8.601   65.69290 -168.46470     6.1954    26.8765    1465.44  0.000e+00
      8.655   65.69290 -168.46470     6.1947    26.8893    1465.45  0.000e+00
      8.601   65.69290 -168.46470     6.1936    26.9218    1465.49  0.000e+00
      8.747   65.69290 -168.46470     6.1915    26.9549    1465.52  0.000e+00
      8.716   65.69290 -168.46470     6.1879    26.9906    1465.55  0.000e+00
      8.770   65.69290 -168.46470     6.1853    27.0152    1465.57  0.000e+00
      8.770   65.69290 -168.46470     6.1838    27.0250    1465.58  0.000e+00
      8.824   65.69290 -168.46470     6.1825    27.0333    1465.59  0.000e+00
      8.824   65.69290 -168.46470     6.1817    27.0726    1465.63  0.000e+00
      8.770   65.69290 -168.46470     6.1801    27.1278    1465.69  0.000e+00
      8.886   65.69290 -168.46470     6.1781    27.1668    1465.74  0.000e+00
      8.824   65.69290 -168.46470     6.1765    27.1929    1465.76  0.000e+00
      8.886   65.69290 -168.46470     6.1749    27.2190    1465.79  0.000e+00
      8.940   65.69290 -168.46470     6.1724    27.2553    1465.83  0.000e+00
      8.940   65.69290 -168.46470     6.1696    27.3044    1465.88  0.000e+00
      8.917   65.69290 -168.46470     6.1666    27.3427    1465.91  0.000e+00
      8.940   65.69290 -168.46470     6.1634    27.3720    1465.94  0.000e+00
      9.002   65.69290 -168.46470     6.1607    27.3990    1465.96  0.000e+00
      9.002   65.69290 -168.46470     6.1581    27.4212    1465.98  0.000e+00
      9.056   65.69290 -168.46470     6.1562    27.4408    1465.99  0.000e+00
      9.056   65.69290 -168.46470     6.1541    27.4575    1466.01  0.000e+00
      9.056   65.69290 -168.46470     6.1525    27.4707    1466.02  0.000e+00
      9.056   65.69290 -168.46470     6.1511    27.4755    1466.02  0.000e+00
      9.117   65.69290 -168.46470     6.1498    27.4759    1466.01  0.000e+00
      9.171   65.69290 -168.46470     6.1489    27.4760    1466.01  0.000e+00
      9.117   65.69290 -168.46470     6.1485    27.4716    1466.00  0.000e+00
      9.117   65.69290 -168.46470     6.1480    27.4668    1466.00  0.000e+00
      9.318   65.69290 -168.46470     6.1478    27.4691    1466.00  0.000e+00
      9.171   65.69290 -168.46470     6.1474    27.4814    1466.01  0.000e+00
      9.225   65.69292 -168.46470     6.1469    27.4937    1466.03  0.000e+00
      9.287   65.69292 -168.46470     6.1460    27.5011    1466.03  0.000e+00
      9.225   65.69292 -168.46470     6.1457    27.5094    1466.04  0.000e+00
      9.287   65.69292 -168.46470     6.1457    27.5223    1466.06  0.000e+00
      9.341   65.69292 -168.46470     6.1452    27.5381    1466.08  0.000e+00
      9.341   65.69292 -168.46470     6.1441    27.5558    1466.10  0.000e+00
      9.341   65.69292 -168.46470     6.1427    27.5758    1466.11  0.000e+00
      9.341   65.69292 -168.46470     6.1412    27.5942    1466.13  0.000e+00
      9.341   65.69292 -168.46470     6.1399    27.6101    1466.15  0.000e+00
      9.488   65.69292 -168.46470     6.1388    27.6265    1466.16  0.000e+00
      9.457   65.69292 -168.46470     6.1372    27.6377    1466.17  0.000e+00
      9.403   65.69292 -168.46470     6.1361    27.6406    1466.17  0.000e+00
      9.457   65.69292 -168.46470     6.1351    27.6371    1466.16  0.000e+00
      9.519   65.69292 -168.46470     6.1343    27.6321    1466.15  0.000e+00
      9.457   65.69292 -168.46470     6.1339    27.6310    1466.15  0.000e+00
      9.573   65.69292 -168.46470     6.1336    27.6309    1466.15  0.000e+00
      9.519   65.69292 -168.46470     6.1334    27.6325    1466.15  0.000e+00
      9.573   65.69292 -168.46470     6.1333    27.6358    1466.16  0.000e+00
      9.573   65.69292 -168.46470     6.1330    27.6404    1466.16  0.000e+00
      9.603   65.69292 -168.46470     6.1326    27.6399    1466.16  0.000e+00
      9.627   65.69292 -168.46470     6.1330    27.6344    1466.15  0.000e+00
      9.627   65.69292 -168.46470     6.1339    27.6279    1466.15  0.000e+00
      9.627   65.69292 -168.46470     6.1345    27.6234    1466.15  0.000e+00
      9.688   65.69292 -168.46470     6.1353    27.6174    1466.14  0.000e+00
      9.688   65.69292 -168.46470     6.1360    27.6032    1466.13  0.000e+00
      9.688   65.69292 -168.46470     6.1368    27.5889    1466.11  0.000e+00
      9.742   65.69292 -168.46470     6.1372    27.5854    1466.11  0.000e+00
      9.688   65.69292 -168.46470     6.1375    27.5888    1466.12  0.000e+00
      9.742   65.69292 -168.46470     6.1379    27.5970    1466.13  0.000e+00
      9.773   65.69292 -168.46470     6.1382    27.6025    1466.14  0.000e+00
      9.804   65.69292 -168.46470     6.1383    27.6027    1466.14  0.000e+00
      9.804   65.69292 -168.46470     6.1385    27.5985    1466.13  0.000e+00
      9.804   65.69292 -168.46470     6.1387    27.5938    1466.13  0.000e+00
      9.858   65.69292 -168.46470     6.1390    27.5926    1466.13  0.000e+00
      9.858   65.69292 -168.46470     6.1392    27.5952    1466.13  0.000e+00
      9.858   65.69292 -168.46470     6.1392    27.6011    1466.14  0.000e+00
      9.920   65.69292 -168.46470     6.1392    27.6066    1466.15  0.000e+00
      9.858   65.69292 -168.46470     6.1392    27.6141    1466.16  0.000e+00
      9.974   65.69292 -168.46470     6.1387    27.6189    1466.16  0.000e+00
      9.889   65.69292 -168.46470     6.1382    27.6224    1466.16  0.000e+00
      9.974   65.69292 -168.46470     6.1379    27.6279    1466.17  0.000e+00
      9.974   65.69292 -168.46470     6.1369    27.6344    1466.18  0.000e+00
      9.974   65.69292 -168.46470     6.1360    27.6397    1466.18  0.000e+00
     10.028   65.69292 -168.46470     6.1351    27.6362    1466.17  0.000e+00
      9.974   65.69292 -168.46470     6.1351    27.6246    1466.16  0.000e+00
     10.089   65.69292 -168.46470     6.1354    27.6130    1466.14  0.000e+00
     10.028   65.69292 -168.46470     6.1361    27.6098    1466.14  0.000e+00
