EcoFOCI/data/1_SampleCollection/2023_SikuliaqDBO_CruiseData/CTD_raw_BottleFile_SKQ23-12S/proc/skq202312s_031.ros
* Sea-Bird SBE 9 Data File:
* FileName = D:\CTD\SKQ202312S\SKQ202312S_031.hex
* Software Version Seasave V 7.26.7.121
* Temperature SN = 6177
* Conductivity SN = 0369
* Number of Bytes Per Scan = 41
* Number of Voltage Words = 4
* Number of Scans Averaged by the Deck Unit = 1
* NMEA Latitude = 71 29.95 N
* NMEA Longitude = 157 40.36 W
* NMEA UTC (Time) = Sep 21 2023  09:49:17
* NMEA baud rate = 4800
** Ship: R/V Sikuliaq
** Station Number: 031
** Station Name: DBO5.7
** Bottom Depth: 81
** Operator: SS
# nquan = 22
# nvalues = 1029                                  
# units = specified
# name 0 = depSM: Depth [salt water, m]
# name 1 = latitude: Latitude [deg]
# name 2 = longitude: Longitude [deg]
# name 3 = prDM: Pressure, Digiquartz [db]
# name 4 = t090C: Temperature [ITS-90, deg C]
# name 5 = t190C: Temperature, 2 [ITS-90, deg C]
# name 6 = potemp090C: Potential Temperature [ITS-90, deg C]
# name 7 = sal00: Salinity, Practical [PSU]
# name 8 = sal11: Salinity, Practical, 2 [PSU]
# name 9 = density00: Density [density, kg/m^3]
# name 10 = sigma-é00: Density [sigma-theta, kg/m^3]
# name 11 = sbox0Mm/Kg: Oxygen, SBE 43 [umol/kg]
# name 12 = sbox1Mm/Kg: Oxygen, SBE 43, 2 [umol/kg]
# name 13 = oxsolMm/Kg: Oxygen Saturation, Garcia & Gordon [umol/kg]
# name 14 = sbeox0PS: Oxygen, SBE 43 [% saturation]
# name 15 = v0: Voltage 0
# name 16 = flECO-AFL: Fluorescence, WET Labs ECO-AFL/FL [mg/m^3]
# name 17 = CStarAt0: Beam Attenuation, WET Labs C-Star [1/m]
# name 18 = par: PAR/Irradiance, Biospherical/Licor
# name 19 = scan: Scan Count
# name 20 = nbf: Bottles Fired
# name 21 = flag:  0.000e+00
# interval = seconds: 0.0416667
# start_time = Sep 21 2023 09:54:09 [NMEA time, first data scan]
# bad_flag = -9.990e-29
*END*
[from data line 330]
     40.015   71.49902 -157.67372     40.432    -1.5673    -1.5661    -1.5680    32.6345    32.6448  1026.4476    26.2524    282.099    270.647  369.50413     76.345     0.1380     0.4798     0.8973 1.0000e-12      20239          7  0.000e+00
     40.061   71.49902 -157.67372     40.479    -1.5675    -1.5656    -1.5682    32.6343    32.6445  1026.4478    26.2523    281.991    270.606  369.50627     76.315     0.1380     0.4798     0.8986 1.0000e-12      20240          7  0.000e+00
     40.015   71.49902 -157.67372     40.432    -1.5673    -1.5659    -1.5680    32.6342    32.6449  1026.4474    26.2521    281.770    270.570  369.50501     76.256     0.1380     0.4798     0.9012 1.0000e-12      20241          7  0.000e+00
     40.069   71.49902 -157.67372     40.486    -1.5676    -1.5660    -1.5683    32.6346    32.6450  1026.4480    26.2525    282.031    270.539  369.50668     76.326     0.1368     0.4725     0.9012 1.0000e-12      20242          7  0.000e+00
     40.069   71.49902 -157.67372     40.486    -1.5679    -1.5659    -1.5687    32.6351    32.6448  1026.4485    26.2529    282.084    270.508  369.50852     76.340     0.1380     0.4798     0.9012 1.0000e-12      20243          7  0.000e+00
     40.061   71.49902 -157.67372     40.479    -1.5678    -1.5656    -1.5685    32.6349    32.6448  1026.4482    26.2527    282.139    270.477  369.50759     76.355     0.1380     0.4798     0.8999 1.0000e-12      20244          7  0.000e+00
     40.069   71.49902 -157.67372     40.486    -1.5679    -1.5650    -1.5687    32.6354    32.6437  1026.4487    26.2532    282.148    270.449  369.50776     76.358     0.1380     0.4798     0.9012 8.4714e-06      20245          7  0.000e+00
     40.131   71.49902 -157.67372     40.549    -1.5681    -1.5648    -1.5688    32.6351    32.6430  1026.4488    26.2529    282.214    270.462  369.50966     76.375     0.1392     0.4872     0.8999 1.0000e-12      20246          7  0.000e+00
     40.131   71.49902 -157.67372     40.549    -1.5681    -1.5645    -1.5688    32.6351    32.6426  1026.4487    26.2529    282.333    270.475  369.51031     76.407     0.1380     0.4798     0.8999 1.0000e-12      20247          7  0.000e+00
     40.123   71.49902 -157.67372     40.541    -1.5682    -1.5647    -1.5690    32.6357    32.6429  1026.4492    26.2534    282.353    270.494  369.50981     76.413     0.1380     0.4798     0.9012 1.0000e-12      20248          7  0.000e+00
     40.131   71.49902 -157.67372     40.549    -1.5689    -1.5650    -1.5696    32.6365    32.6434  1026.4499    26.2541    281.861    270.519  369.51374     76.279     0.1380     0.4798     0.9012 8.4714e-06      20249          7  0.000e+00
     40.131   71.49902 -157.67372     40.549    -1.5689    -1.5659    -1.5696    32.6369    32.6444  1026.4502    26.2544    282.308    270.322  369.51248     76.400     0.1380     0.4798     0.9012 1.0000e-12      20250          7  0.000e+00
     40.177   71.49902 -157.67372     40.596    -1.5689    -1.5659    -1.5696    32.6366    32.6449  1026.4502    26.2542    282.083    270.289  369.51332     76.339     0.1368     0.4725     0.9012 1.0000e-12      20251          7  0.000e+00
     39.902   71.49904 -157.67370     40.317    -1.5645    -1.5644    -1.5653    32.6295    32.6417  1026.4430    26.2483    283.233    271.298  369.49113     76.655     0.1197     0.3699     0.9025 1.0000e-12      20348          8  0.000e+00
     39.848   71.49904 -157.67370     40.263    -1.5644    -1.5642    -1.5652    32.6293    32.6409  1026.4425    26.2481    283.232    271.498  369.49050     76.655     0.1209     0.3773     0.9025 1.0000e-12      20349          8  0.000e+00
     39.848   71.49904 -157.67370     40.263    -1.5640    -1.5634    -1.5647    32.6280    32.6404  1026.4415    26.2471    283.233    271.495  369.48965     76.655     0.1197     0.3699     0.9025 1.0000e-12      20350          8  0.000e+00
     39.894   71.49904 -157.67370     40.310    -1.5636    -1.5633    -1.5643    32.6272    32.6393  1026.4411    26.2464    283.236    271.270  369.48852     76.656     0.1209     0.3773     0.9025 8.4714e-06      20351          8  0.000e+00
     39.848   71.49904 -157.67370     40.263    -1.5631    -1.5630    -1.5638    32.6266    32.6384  1026.4403    26.2458    283.233    271.237  369.48531     76.656     0.1197     0.3699     0.9025 1.0000e-12      20352          8  0.000e+00
     39.848   71.49904 -157.67370     40.263    -1.5627    -1.5629    -1.5634    32.6262    32.6387  1026.4399    26.2455    283.232    271.204  369.48245     76.656     0.1209     0.3773     0.9025 1.0000e-12      20353          8  0.000e+00
     39.840   71.49904 -157.67370     40.255    -1.5624    -1.5624    -1.5631    32.6258    32.6382  1026.4396    26.2452    283.232    271.400  369.48061     76.657     0.1197     0.3699     0.9025 1.0000e-12      20354          8  0.000e+00
     39.848   71.49904 -157.67370     40.263    -1.5626    -1.5626    -1.5633    32.6253    32.6382  1026.4393    26.2448    283.237    271.401  369.48369     76.658     0.1197     0.3699     0.9025 1.0000e-12      20355          8  0.000e+00
     39.848   71.49904 -157.67370     40.263    -1.5621    -1.5624    -1.5628    32.6248    32.6384  1026.4389    26.2444    283.236    271.202  369.48057     76.658     0.1221     0.3846     0.9025 1.0000e-12      20356          8  0.000e+00
     39.848   71.49904 -157.67370     40.263    -1.5623    -1.5623    -1.5630    32.6249    32.6379  1026.4389    26.2445    283.240    271.170  369.48211     76.659     0.1197     0.3699     0.9025 1.0000e-12      20357          8  0.000e+00
     39.779   71.49904 -157.67370     40.193    -1.5619    -1.5621    -1.5626    32.6246    32.6375  1026.4383    26.2442    283.236    271.134  369.47888     76.658     0.1209     0.3773     0.9025 8.4714e-06      20358          8  0.000e+00
     39.848   71.49904 -157.67370     40.263    -1.5617    -1.5620    -1.5624    32.6240    32.6375  1026.4382    26.2438    283.240    271.104  369.47833     76.659     0.1197     0.3699     0.9025 1.0000e-12      20359          8  0.000e+00
     39.786   71.49904 -157.67370     40.201    -1.5617    -1.5618    -1.5624    32.6241    32.6370  1026.4379    26.2438    283.240    271.299  369.47822     76.659     0.1209     0.3773     0.9025 1.0000e-12      20360          8  0.000e+00
     39.840   71.49904 -157.67370     40.255    -1.5618    -1.5618    -1.5626    32.6241    32.6372  1026.4382    26.2438    283.245    271.069  369.47974     76.661     0.1245     0.3993     0.9025 1.0000e-12      20361          8  0.000e+00
     39.786   71.49904 -157.67370     40.201    -1.5617    -1.5615    -1.5624    32.6241    32.6363  1026.4379    26.2438    283.244    271.067  369.47822     76.660     0.1270     0.4139     0.9025 1.0000e-12      20362          8  0.000e+00
     39.848   71.49904 -157.67370     40.263    -1.5618    -1.5615    -1.5626    32.6243    32.6365  1026.4384    26.2440    283.249    271.036  369.47925     76.662     0.1282     0.4212     0.9025 1.0000e-12      20363          8  0.000e+00
     39.786   71.49904 -157.67370     40.201    -1.5617    -1.5615    -1.5624    32.6244    32.6370  1026.4382    26.2441    283.248    271.001  369.47772     76.662     0.1270     0.4139     0.9025 1.0000e-12      20364          8  0.000e+00
     39.779   71.49904 -157.67370     40.193    -1.5617    -1.5613    -1.5624    32.6240    32.6362  1026.4378    26.2437    283.250    270.969  369.47845     76.662     0.1270     0.4139     0.9025 1.0000e-12      20365          8  0.000e+00
     39.786   71.49904 -157.67370     40.201    -1.5617    -1.5611    -1.5624    32.6239    32.6358  1026.4378    26.2436    283.252    270.935  369.47872     76.663     0.1258     0.4066     0.9025 1.0000e-12      20366          8  0.000e+00
     39.848   71.49904 -157.67370     40.263    -1.5615    -1.5612    -1.5622    32.6243    32.6358  1026.4384    26.2439    283.254    271.136  369.47590     76.664     0.1270     0.4139     0.9025 1.0000e-12      20367          8  0.000e+00
     39.841   71.49904 -157.67370     40.255    -1.5617    -1.5609    -1.5624    32.6243    32.6351  1026.4384    26.2440    283.258    271.133  369.47756     76.664     0.1258     0.4066     0.9025 1.0000e-12      20368          8  0.000e+00
     39.787   71.49904 -157.67370     40.201    -1.5617    -1.5611    -1.5624    32.6244    32.6355  1026.4382    26.2440    283.258    270.933  369.47733     76.664     0.1270     0.4139     0.9025 1.0000e-12      20369          8  0.000e+00
     39.787   71.49904 -157.67370     40.201    -1.5616    -1.5609    -1.5623    32.6244    32.6354  1026.4382    26.2441    283.259    270.932  369.47669     76.665     0.1258     0.4066     0.9025 1.0000e-12      20370          8  0.000e+00
     39.848   71.49904 -157.67370     40.263    -1.5618    -1.5606    -1.5626    32.6241    32.6351  1026.4383    26.2438    283.525    270.900  369.47975     76.736     0.1270     0.4139     0.9012 8.4714e-06      20371          8  0.000e+00
     39.841   71.49904 -157.67370     40.256    -1.5618    -1.5604    -1.5626    32.6245    32.6349  1026.4385    26.2441    283.315    270.900  369.47873     76.680     0.1270     0.4139     0.9025 8.4714e-06      20372          8  0.000e+00
     39.787   71.49904 -157.67370     40.201    -1.5615    -1.5604    -1.5622    32.6240    32.6347  1026.4379    26.2438    283.311    270.868  369.47654     76.679     0.1258     0.4066     0.9025 1.0000e-12      20373          8  0.000e+00
     39.848   71.49904 -157.67370     40.263    -1.5617    -1.5607    -1.5624    32.6244    32.6351  1026.4385    26.2440    283.314    270.874  369.47732     76.680     0.1270     0.4139     0.9012 1.0000e-12      20374          8  0.000e+00
     39.779   71.49904 -157.67370     40.193    -1.5617    -1.5603    -1.5624    32.6245    32.6347  1026.4382    26.2441    283.311    270.839  369.47707     76.679     0.1270     0.4139     0.9025 1.0000e-12      20375          8  0.000e+00
     39.902   71.49904 -157.67370     40.318    -1.5619    -1.5604    -1.5626    32.6249    32.6348  1026.4392    26.2445    283.317    270.816  369.47810     76.680     0.1270     0.4139     0.9025 1.0000e-12      20376          8  0.000e+00
     39.848   71.49904 -157.67370     40.263    -1.5624    -1.5606    -1.5631    32.6257    32.6355  1026.4396    26.2451    283.007    270.555  369.48088     76.596     0.1258     0.4066     0.9025 1.0000e-12      20377          8  0.000e+00
     39.848   71.49904 -157.67370     40.263    -1.5627    -1.5609    -1.5634    32.6266    32.6358  1026.4403    26.2459    282.957    270.530  369.48119     76.582     0.1270     0.4139     0.9025 1.0000e-12      20378          8  0.000e+00
     39.895   71.49904 -157.67370     40.310    -1.5630    -1.5612    -1.5638    32.6266    32.6362  1026.4405    26.2459    283.174    270.509  369.48462     76.640     0.1282     0.4212     0.9025 1.0000e-12      20379          8  0.000e+00
     39.903   71.49904 -157.67370     40.318    -1.5632    -1.5615    -1.5639    32.6271    32.6369  1026.4410    26.2463    283.176    270.489  369.48441     76.641     0.1270     0.4139     0.9025 8.4714e-06      20380          8  0.000e+00
     39.849   71.49904 -157.67370     40.264    -1.5630    -1.5623    -1.5638    32.6273    32.6382  1026.4409    26.2464    282.916    270.701  369.48265     76.571     0.1270     0.4139     0.9025 1.0000e-12      20381          8  0.000e+00
     39.903   71.49904 -157.67370     40.318    -1.5633    -1.5623    -1.5641    32.6272    32.6384  1026.4411    26.2464    282.875    270.718  369.48558     76.559     0.1258     0.4066     0.8999 1.0000e-12      20382          8  0.000e+00
     39.895   71.49904 -157.67370     40.310    -1.5632    -1.5625    -1.5639    32.6272    32.6388  1026.4410    26.2464    282.830    270.735  369.48466     76.547     0.1270     0.4139     0.8999 8.4714e-06      20383          8  0.000e+00
     39.903   71.49904 -157.67370     40.318    -1.5633    -1.5627    -1.5641    32.6276    32.6391  1026.4414    26.2467    282.789    270.754  369.48445     76.536     0.1258     0.4066     0.8999 1.0000e-12      20384          8  0.000e+00
     39.964   71.49904 -157.67370     40.381    -1.5635    -1.5627    -1.5642    32.6274    32.6393  1026.4415    26.2465    282.754    270.774  369.48699     76.526     0.1270     0.4139     0.8999 8.4714e-06      20385          8  0.000e+00
     39.895   71.49904 -157.67370     40.310    -1.5633    -1.5632    -1.5641    32.6276    32.6399  1026.4413    26.2467    282.712    270.531  369.48468     76.515     0.1282     0.4212     0.8999 1.0000e-12      20386          8  0.000e+00
     39.964   71.49904 -157.67370     40.381    -1.5636    -1.5632    -1.5643    32.6284    32.6401  1026.4424    26.2474    282.680    270.489  369.48512     76.507     0.1355     0.4652     0.8999 1.0000e-12      20387          8  0.000e+00
     39.964   71.49904 -157.67370     40.381    -1.5635    -1.5633    -1.5642    32.6280    32.6401  1026.4420    26.2470    282.699    270.448  369.48510     76.512     0.1380     0.4798     0.8999 1.0000e-12      20388          8  0.000e+00
     39.964   71.49904 -157.67370     40.381    -1.5636    -1.5638    -1.5643    32.6281    32.6408  1026.4421    26.2471    282.463    270.672  369.48549     76.448     0.1368     0.4725     0.8999 1.0000e-12      20389          8  0.000e+00
     39.949   71.49904 -157.67370     40.365    -1.5640    -1.5636    -1.5647    32.6286    32.6404  1026.4425    26.2476    282.651    270.466  369.48781     76.498     0.1368     0.4725     0.8999 1.0000e-12      20390          8  0.000e+00
     40.018   71.49904 -157.67370     40.435    -1.5640    -1.5638    -1.5647    32.6286    32.6407  1026.4428    26.2475    282.685    270.466  369.48806     76.507     0.1368     0.4725     0.8999 1.0000e-12      20391          8  0.000e+00
     40.019   71.49904 -157.67370     40.435    -1.5641    -1.5639    -1.5648    32.6289    32.6407  1026.4431    26.2478    282.669    270.465  369.48809     76.503     0.1368     0.4725     0.8999 1.0000e-12      20392          8  0.000e+00
     40.011   71.49904 -157.67370     40.428    -1.5641    -1.5641    -1.5648    32.6292    32.6408  1026.4433    26.2480    282.498    270.468  369.48732     76.457     0.1368     0.4725     0.8999 8.4714e-06      20393          8  0.000e+00
     40.019   71.49904 -157.67370     40.435    -1.5641    -1.5642    -1.5648    32.6290    32.6412  1026.4432    26.2479    282.221    270.472  369.48784     76.382     0.1368     0.4725     0.8999 1.0000e-12      20394          8  0.000e+00
     40.019   71.49904 -157.67370     40.435    -1.5645    -1.5645    -1.5652    32.6297    32.6422  1026.4437    26.2484    282.159    270.480  369.48994     76.364     0.1380     0.4798     0.8999 1.0000e-12      20395          8  0.000e+00
     40.019   71.49904 -157.67370     40.435    -1.5649    -1.5650    -1.5656    32.6310    32.6424  1026.4448    26.2495    282.100    270.459  369.49015     76.348     0.1368     0.4725     0.8999 1.0000e-12      20396          8  0.000e+00
     30.085   71.49902 -157.67354     30.398    -1.5271    -1.5184    -1.5277    32.5226    32.5327  1026.3073    26.1605    306.740    294.198  369.43037     83.031     0.0977     0.2381     0.5306 8.4714e-06      23328          9  0.000e+00
     30.101   71.49902 -157.67354     30.413    -1.5275    -1.5190    -1.5281    32.5232    32.5328  1026.3079    26.1611    306.983    294.209  369.43250     83.096     0.0977     0.2381     0.5306 1.0000e-12      23329          9  0.000e+00
     30.139   71.49902 -157.67354     30.452    -1.5275    -1.5191    -1.5281    32.5231    32.5324  1026.3081    26.1610    306.757    293.990  369.43270     83.035     0.0965     0.2308     0.5306 1.0000e-12      23330          9  0.000e+00
