EcoFOCI/data/1_SampleCollection/2023_SikuliaqDBO_CruiseData/CTD_raw_BottleFile_SKQ23-12S/proc/skq202312s_049svp.cnv
* Sea-Bird SBE 9 Data File:
* FileName = D:\CTD\SKQ202312S\SKQ202312S_049.hex
* Software Version Seasave V 7.26.7.121
* Temperature SN = 6177
* Conductivity SN = 0369
* Number of Bytes Per Scan = 41
* Number of Voltage Words = 4
* Number of Scans Averaged by the Deck Unit = 1
* NMEA Latitude = 71 51.00 N
* NMEA Longitude = 162 09.40 W
* NMEA UTC (Time) = Sep 25 2023  06:43:07
* NMEA baud rate = 4800
** Ship: R/V Sikuliaq
** Station Number: 049
** Station Name: DBO4.6n
** Bottom Depth: 41
** Operator: SS
# nquan = 7
# nvalues = 3871                                  
# units = specified
# name 0 = depSM: Depth [salt water, m]
# name 1 = latitude: Latitude [deg]
# name 2 = longitude: Longitude [deg]
# name 3 = t090C: Temperature [ITS-90, deg C]
# name 4 = sal00: Salinity, Practical [PSU]
# name 5 = svCM: Sound Velocity [Chen-Millero, m/s]
# name 6 = flag:  0.000e+00
# span 0 =      2.537,     36.027                 
# span 1 =   71.85006,   71.85008                 
# span 2 = -162.15676, -162.15674                 
# span 3 =    -0.7787,     1.8087                 
# span 4 =    28.1422,    32.6489                 
# span 5 =    1441.48,    1449.42                 
# span 6 = 0.0000e+00, 0.0000e+00                 
# interval = seconds: 0.0416667
# start_time = Sep 25 2023 06:46:31 [NMEA time, first data scan]
# bad_flag = -9.990e-29
*END*
[from data line 2462]
     27.142   71.85008 -162.15676    -0.7006    32.6403    1443.16  0.000e+00
     27.157   71.85008 -162.15676    -0.7006    32.6404    1443.16  0.000e+00
     27.142   71.85008 -162.15676    -0.7007    32.6408    1443.16  0.000e+00
     27.219   71.85008 -162.15676    -0.7006    32.6403    1443.16  0.000e+00
     27.196   71.85008 -162.15676    -0.7006    32.6404    1443.16  0.000e+00
     27.196   71.85008 -162.15676    -0.7007    32.6405    1443.16  0.000e+00
     27.219   71.85008 -162.15676    -0.7006    32.6401    1443.16  0.000e+00
     27.258   71.85008 -162.15676    -0.7007    32.6404    1443.16  0.000e+00
     27.273   71.85008 -162.15676    -0.7006    32.6401    1443.16  0.000e+00
     27.257   71.85008 -162.15676    -0.7005    32.6404    1443.16  0.000e+00
     27.327   71.85008 -162.15676    -0.7006    32.6404    1443.16  0.000e+00
     27.311   71.85008 -162.15676    -0.7006    32.6405    1443.16  0.000e+00
     27.311   71.85008 -162.15676    -0.7006    32.6405    1443.16  0.000e+00
     27.389   71.85008 -162.15676    -0.7006    32.6405    1443.17  0.000e+00
     27.365   71.85008 -162.15676    -0.7008    32.6412    1443.17  0.000e+00
     27.327   71.85008 -162.15676    -0.7006    32.6405    1443.16  0.000e+00
     27.427   71.85008 -162.15676    -0.7005    32.6405    1443.17  0.000e+00
     27.389   71.85008 -162.15676    -0.7005    32.6404    1443.17  0.000e+00
     27.427   71.85008 -162.15676    -0.7003    32.6402    1443.17  0.000e+00
     27.443   71.85008 -162.15676    -0.7006    32.6403    1443.17  0.000e+00
     27.481   71.85008 -162.15676    -0.7005    32.6403    1443.17  0.000e+00
     27.481   71.85008 -162.15676    -0.7006    32.6404    1443.17  0.000e+00
     27.504   71.85008 -162.15676    -0.7005    32.6401    1443.17  0.000e+00
     27.481   71.85008 -162.15676    -0.7006    32.6402    1443.17  0.000e+00
     27.558   71.85008 -162.15676    -0.7006    32.6408    1443.17  0.000e+00
     27.543   71.85008 -162.15676    -0.7003    32.6409    1443.17  0.000e+00
     27.558   71.85008 -162.15676    -0.7002    32.6406    1443.17  0.000e+00
     27.597   71.85008 -162.15676    -0.6999    32.6404    1443.17  0.000e+00
     27.597   71.85008 -162.15676    -0.6998    32.6404    1443.17  0.000e+00
     27.620   71.85008 -162.15676    -0.6999    32.6407    1443.17  0.000e+00
     27.658   71.85008 -162.15676    -0.6995    32.6405    1443.18  0.000e+00
     27.620   71.85008 -162.15676    -0.6996    32.6403    1443.17  0.000e+00
     27.712   71.85008 -162.15676    -0.6994    32.6408    1443.18  0.000e+00
     27.674   71.85008 -162.15676    -0.6995    32.6406    1443.18  0.000e+00
     27.712   71.85008 -162.15676    -0.6993    32.6404    1443.18  0.000e+00
     27.728   71.85008 -162.15676    -0.6993    32.6408    1443.18  0.000e+00
     27.766   71.85008 -162.15676    -0.6992    32.6404    1443.18  0.000e+00
     27.766   71.85008 -162.15676    -0.6990    32.6400    1443.18  0.000e+00
     27.790   71.85008 -162.15676    -0.6992    32.6406    1443.18  0.000e+00
     27.828   71.85008 -162.15676    -0.6991    32.6406    1443.18  0.000e+00
     27.790   71.85008 -162.15676    -0.6988    32.6399    1443.18  0.000e+00
     27.882   71.85008 -162.15676    -0.6990    32.6400    1443.18  0.000e+00
     27.844   71.85008 -162.15676    -0.6991    32.6405    1443.18  0.000e+00
     27.882   71.85008 -162.15676    -0.6990    32.6406    1443.18  0.000e+00
     27.905   71.85008 -162.15676    -0.6990    32.6405    1443.18  0.000e+00
     27.944   71.85008 -162.15676    -0.6988    32.6400    1443.18  0.000e+00
     27.944   71.85008 -162.15676    -0.6990    32.6404    1443.18  0.000e+00
     27.959   71.85008 -162.15676    -0.6990    32.6406    1443.18  0.000e+00
     27.998   71.85008 -162.15676    -0.6988    32.6403    1443.18  0.000e+00
     27.959   71.85008 -162.15676    -0.6989    32.6404    1443.18  0.000e+00
     28.059   71.85008 -162.15676    -0.6986    32.6404    1443.19  0.000e+00
     28.021   71.85008 -162.15676    -0.6986    32.6406    1443.19  0.000e+00
     28.113   71.85008 -162.15676    -0.6984    32.6398    1443.19  0.000e+00
     28.075   71.85008 -162.15676    -0.6982    32.6404    1443.19  0.000e+00
     28.113   71.85008 -162.15676    -0.6983    32.6406    1443.19  0.000e+00
     28.129   71.85008 -162.15676    -0.6982    32.6404    1443.19  0.000e+00
     28.113   71.85008 -162.15676    -0.6980    32.6402    1443.19  0.000e+00
     28.167   71.85008 -162.15676    -0.6982    32.6406    1443.19  0.000e+00
     28.190   71.85008 -162.15676    -0.6979    32.6403    1443.19  0.000e+00
     28.229   71.85008 -162.15676    -0.6980    32.6403    1443.19  0.000e+00
     28.190   71.85008 -162.15676    -0.6981    32.6405    1443.19  0.000e+00
     28.283   71.85008 -162.15676    -0.6982    32.6403    1443.19  0.000e+00
     28.306   71.85008 -162.15676    -0.6980    32.6404    1443.19  0.000e+00
     28.283   71.85008 -162.15676    -0.6981    32.6405    1443.19  0.000e+00
     28.306   71.85008 -162.15676    -0.6980    32.6406    1443.19  0.000e+00
     28.345   71.85008 -162.15676    -0.6979    32.6408    1443.19  0.000e+00
     28.283   71.85008 -162.15676    -0.6977    32.6398    1443.19  0.000e+00
     28.476   71.85008 -162.15676    -0.6978    32.6401    1443.20  0.000e+00
     28.399   71.85008 -162.15676    -0.6979    32.6405    1443.20  0.000e+00
     28.422   71.85008 -162.15676    -0.6977    32.6398    1443.20  0.000e+00
     28.460   71.85008 -162.15676    -0.6977    32.6396    1443.20  0.000e+00
     28.422   71.85008 -162.15676    -0.6979    32.6403    1443.20  0.000e+00
     28.514   71.85008 -162.15676    -0.6978    32.6400    1443.20  0.000e+00
     28.530   71.85008 -162.15676    -0.6977    32.6401    1443.20  0.000e+00
     28.514   71.85008 -162.15676    -0.6979    32.6400    1443.20  0.000e+00
     28.530   71.85008 -162.15676    -0.6980    32.6405    1443.20  0.000e+00
     28.568   71.85008 -162.15676    -0.6977    32.6402    1443.20  0.000e+00
     28.645   71.85008 -162.15676    -0.6977    32.6401    1443.20  0.000e+00
     28.568   71.85008 -162.15676    -0.6973    32.6397    1443.20  0.000e+00
     28.684   71.85008 -162.15676    -0.6974    32.6402    1443.20  0.000e+00
     28.645   71.85008 -162.15676    -0.6972    32.6403    1443.20  0.000e+00
     28.684   71.85008 -162.15676    -0.6973    32.6405    1443.20  0.000e+00
     28.707   71.85008 -162.15676    -0.6972    32.6404    1443.20  0.000e+00
     28.746   71.85008 -162.15676    -0.6969    32.6407    1443.21  0.000e+00
     28.761   71.85008 -162.15676    -0.6968    32.6404    1443.21  0.000e+00
     28.800   71.85008 -162.15676    -0.6966    32.6402    1443.21  0.000e+00
     28.761   71.85008 -162.15676    -0.6965    32.6404    1443.21  0.000e+00
     28.861   71.85008 -162.15676    -0.6966    32.6403    1443.21  0.000e+00
     28.815   71.85008 -162.15676    -0.6964    32.6404    1443.21  0.000e+00
     28.861   71.85008 -162.15676    -0.6964    32.6403    1443.21  0.000e+00
     28.877   71.85008 -162.15676    -0.6962    32.6401    1443.21  0.000e+00
     28.915   71.85008 -162.15676    -0.6961    32.6404    1443.21  0.000e+00
     28.931   71.85008 -162.15676    -0.6964    32.6404    1443.21  0.000e+00
     28.969   71.85008 -162.15676    -0.6961    32.6402    1443.21  0.000e+00
     28.969   71.85008 -162.15676    -0.6961    32.6404    1443.21  0.000e+00
     28.992   71.85008 -162.15676    -0.6961    32.6405    1443.21  0.000e+00
     29.031   71.85008 -162.15676    -0.6960    32.6400    1443.21  0.000e+00
     29.046   71.85008 -162.15676    -0.6959    32.6397    1443.21  0.000e+00
     29.085   71.85008 -162.15676    -0.6961    32.6405    1443.21  0.000e+00
     29.046   71.85008 -162.15676    -0.6960    32.6404    1443.21  0.000e+00
     29.147   71.85008 -162.15676    -0.6959    32.6402    1443.22  0.000e+00
     29.108   71.85008 -162.15676    -0.6960    32.6405    1443.22  0.000e+00
     29.201   71.85008 -162.15676    -0.6959    32.6398    1443.22  0.000e+00
     29.162   71.85008 -162.15676    -0.6961    32.6403    1443.22  0.000e+00
     29.201   71.85008 -162.15676    -0.6960    32.6402    1443.22  0.000e+00
     29.216   71.85008 -162.15676    -0.6959    32.6399    1443.22  0.000e+00
     29.262   71.85008 -162.15676    -0.6959    32.6401    1443.22  0.000e+00
     29.278   71.85008 -162.15676    -0.6958    32.6404    1443.22  0.000e+00
     29.316   71.85008 -162.15676    -0.6956    32.6401    1443.22  0.000e+00
     29.278   71.85008 -162.15676    -0.6955    32.6400    1443.22  0.000e+00
     29.316   71.85008 -162.15676    -0.6955    32.6403    1443.22  0.000e+00
     29.393   71.85008 -162.15676    -0.6953    32.6403    1443.22  0.000e+00
     29.370   71.85008 -162.15676    -0.6953    32.6403    1443.22  0.000e+00
     29.370   71.85008 -162.15676    -0.6955    32.6402    1443.22  0.000e+00
     29.447   71.85008 -162.15676    -0.6953    32.6397    1443.22  0.000e+00
     29.432   71.85008 -162.15676    -0.6957    32.6398    1443.22  0.000e+00
     29.509   71.85008 -162.15676    -0.6956    32.6401    1443.22  0.000e+00
     29.486   71.85008 -162.15676    -0.6958    32.6404    1443.22  0.000e+00
     29.509   71.85008 -162.15676    -0.6957    32.6404    1443.22  0.000e+00
     29.548   71.85008 -162.15676    -0.6955    32.6405    1443.23  0.000e+00
     29.509   71.85008 -162.15676    -0.6953    32.6405    1443.23  0.000e+00
     29.602   71.85008 -162.15676    -0.6952    32.6407    1443.23  0.000e+00
     29.617   71.85008 -162.15676    -0.6950    32.6404    1443.23  0.000e+00
     29.602   71.85008 -162.15676    -0.6951    32.6405    1443.23  0.000e+00
     29.679   71.85008 -162.15676    -0.6948    32.6402    1443.23  0.000e+00
     29.663   71.85008 -162.15676    -0.6951    32.6404    1443.23  0.000e+00
     29.679   71.85008 -162.15676    -0.6948    32.6403    1443.23  0.000e+00
     29.663   71.85008 -162.15676    -0.6948    32.6406    1443.23  0.000e+00
     29.733   71.85008 -162.15676    -0.6944    32.6400    1443.23  0.000e+00
     29.771   71.85008 -162.15676    -0.6945    32.6401    1443.23  0.000e+00
     29.733   71.85008 -162.15676    -0.6947    32.6396    1443.23  0.000e+00
     29.833   71.85008 -162.15676    -0.6946    32.6394    1443.23  0.000e+00
     29.848   71.85008 -162.15676    -0.6945    32.6399    1443.23  0.000e+00
     29.887   71.85008 -162.15676    -0.6947    32.6400    1443.23  0.000e+00
     29.848   71.85008 -162.15676    -0.6947    32.6397    1443.23  0.000e+00
     29.887   71.85008 -162.15676    -0.6947    32.6398    1443.23  0.000e+00
     29.964   71.85008 -162.15676    -0.6946    32.6404    1443.24  0.000e+00
     29.887   71.85008 -162.15676    -0.6944    32.6400    1443.24  0.000e+00
     29.964   71.85008 -162.15676    -0.6944    32.6402    1443.24  0.000e+00
     29.949   71.85008 -162.15676    -0.6944    32.6404    1443.24  0.000e+00
     29.964   71.85008 -162.15676    -0.6944    32.6402    1443.24  0.000e+00
     29.948   71.85008 -162.15676    -0.6944    32.6403    1443.24  0.000e+00
     30.018   71.85008 -162.15676    -0.6941    32.6398    1443.24  0.000e+00
     30.002   71.85008 -162.15676    -0.6941    32.6402    1443.24  0.000e+00
     30.080   71.85008 -162.15676    -0.6941    32.6403    1443.24  0.000e+00
     30.064   71.85008 -162.15676    -0.6939    32.6405    1443.24  0.000e+00
     30.064   71.85008 -162.15676    -0.6937    32.6407    1443.24  0.000e+00
     30.080   71.85008 -162.15676    -0.6935    32.6404    1443.24  0.000e+00
     30.118   71.85008 -162.15676    -0.6935    32.6402    1443.24  0.000e+00
     30.134   71.85008 -162.15676    -0.6935    32.6405    1443.24  0.000e+00
     30.118   71.85008 -162.15676    -0.6933    32.6400    1443.24  0.000e+00
     30.080   71.85008 -162.15676    -0.6935    32.6401    1443.24  0.000e+00
     30.172   71.85008 -162.15676    -0.6933    32.6401    1443.25  0.000e+00
     30.134   71.85008 -162.15676    -0.6933    32.6403    1443.24  0.000e+00
     30.172   71.85008 -162.15676    -0.6933    32.6401    1443.25  0.000e+00
     30.195   71.85008 -162.15676    -0.6932    32.6405    1443.25  0.000e+00
     30.234   71.85008 -162.15676    -0.6933    32.6403    1443.25  0.000e+00
     30.195   71.85008 -162.15676    -0.6933    32.6404    1443.25  0.000e+00
     30.288   71.85008 -162.15676    -0.6931    32.6402    1443.25  0.000e+00
     30.195   71.85008 -162.15676    -0.6930    32.6404    1443.25  0.000e+00
     30.234   71.85008 -162.15676    -0.6932    32.6404    1443.25  0.000e+00
     30.311   71.85008 -162.15676    -0.6929    32.6401    1443.25  0.000e+00
     30.288   71.85008 -162.15676    -0.6930    32.6399    1443.25  0.000e+00
     30.311   71.85008 -162.15676    -0.6929    32.6403    1443.25  0.000e+00
     30.288   71.85008 -162.15676    -0.6928    32.6399    1443.25  0.000e+00
     30.311   71.85008 -162.15676    -0.6928    32.6401    1443.25  0.000e+00
     30.288   71.85008 -162.15676    -0.6929    32.6401    1443.25  0.000e+00
     30.311   71.85008 -162.15676    -0.6928    32.6397    1443.25  0.000e+00
     30.349   71.85008 -162.15676    -0.6927    32.6399    1443.25  0.000e+00
     30.311   71.85008 -162.15676    -0.6927    32.6399    1443.25  0.000e+00
     30.403   71.85008 -162.15676    -0.6928    32.6401    1443.25  0.000e+00
     30.365   71.85008 -162.15676    -0.6926    32.6399    1443.25  0.000e+00
     30.349   71.85008 -162.15676    -0.6927    32.6401    1443.25  0.000e+00
     30.419   71.85008 -162.15676    -0.6928    32.6397    1443.25  0.000e+00
     30.403   71.85008 -162.15676    -0.6927    32.6397    1443.25  0.000e+00
     30.419   71.85008 -162.15676    -0.6927    32.6396    1443.25  0.000e+00
     30.403   71.85008 -162.15676    -0.6928    32.6398    1443.25  0.000e+00
     30.480   71.85008 -162.15676    -0.6929    32.6399    1443.25  0.000e+00
     30.465   71.85008 -162.15676    -0.6927    32.6394    1443.25  0.000e+00
     30.419   71.85008 -162.15676    -0.6927    32.6394    1443.25  0.000e+00
     30.465   71.85008 -162.15676    -0.6929    32.6400    1443.25  0.000e+00
     30.419   71.85008 -162.15676    -0.6928    32.6400    1443.25  0.000e+00
     30.519   71.85008 -162.15676    -0.6928    32.6403    1443.25  0.000e+00
     30.480   71.85008 -162.15676    -0.6927    32.6401    1443.25  0.000e+00
     30.465   71.85008 -162.15676    -0.6927    32.6397    1443.25  0.000e+00
     30.534   71.85008 -162.15676    -0.6926    32.6401    1443.25  0.000e+00
     30.519   71.85008 -162.15676    -0.6926    32.6404    1443.25  0.000e+00
     30.480   71.85008 -162.15676    -0.6926    32.6400    1443.25  0.000e+00
     30.573   71.85008 -162.15676    -0.6924    32.6402    1443.26  0.000e+00
     30.534   71.85008 -162.15676    -0.6922    32.6400    1443.26  0.000e+00
     30.573   71.85008 -162.15676    -0.6921    32.6401    1443.26  0.000e+00
     30.596   71.85008 -162.15676    -0.6921    32.6402    1443.26  0.000e+00
     30.573   71.85008 -162.15676    -0.6921    32.6399    1443.26  0.000e+00
     30.596   71.85008 -162.15676    -0.6921    32.6396    1443.26  0.000e+00
     30.573   71.85008 -162.15676    -0.6920    32.6397    1443.26  0.000e+00
     30.596   71.85008 -162.15676    -0.6921    32.6399    1443.26  0.000e+00
     30.635   71.85008 -162.15676    -0.6921    32.6398    1443.26  0.000e+00
     30.596   71.85008 -162.15676    -0.6921    32.6402    1443.26  0.000e+00
     30.635   71.85008 -162.15676    -0.6919    32.6398    1443.26  0.000e+00
     30.650   71.85008 -162.15676    -0.6920    32.6399    1443.26  0.000e+00
     30.635   71.85008 -162.15676    -0.6919    32.6401    1443.26  0.000e+00
     30.650   71.85008 -162.15676    -0.6919    32.6401    1443.26  0.000e+00
     30.689   71.85008 -162.15676    -0.6918    32.6398    1443.26  0.000e+00
     30.650   71.85008 -162.15676    -0.6918    32.6395    1443.26  0.000e+00
