EcoFOCI/data/1_SampleCollection/2023_SikuliaqDBO_CruiseData/CTD_raw_BottleFile_SKQ23-12S/proc/skq202312s_012svp.cnv
* Sea-Bird SBE 9 Data File:
* FileName = D:\CTD\SKQ202312S\SKQ202312S_012.hex
* Software Version Seasave V 7.26.7.121
* Temperature SN = 6177
* Conductivity SN = 0369
* Number of Bytes Per Scan = 41
* Number of Voltage Words = 4
* Number of Scans Averaged by the Deck Unit = 1
* NMEA Latitude = 64 40.32 N
* NMEA Longitude = 170 38.51 W
* NMEA UTC (Time) = Sep 17 2023  03:44:23
* NMEA baud rate = 4800
** Ship: R/V Sikuliaq
** Station Number: 012
** Station Name: DBO2.0
** Bottom Depth: 48
** Operator: SD
# nquan = 7
# nvalues = 5209                                  
# units = specified
# name 0 = depSM: Depth [salt water, m]
# name 1 = latitude: Latitude [deg]
# name 2 = longitude: Longitude [deg]
# name 3 = t090C: Temperature [ITS-90, deg C]
# name 4 = sal00: Salinity, Practical [PSU]
# name 5 = svCM: Sound Velocity [Chen-Millero, m/s]
# name 6 = flag:  0.000e+00
# span 0 =      2.948,     41.300                 
# span 1 =   64.67164,   64.67196                 
# span 2 = -170.64178, -170.64134                 
# span 3 =     3.2201,     3.4137                 
# span 4 =    32.9813,    33.0676                 
# span 5 =    1460.85,    1461.65                 
# span 6 = 0.0000e+00, 0.0000e+00                 
# interval = seconds: 0.0416667
# start_time = Sep 17 2023 03:45:41 [NMEA time, first data scan]
# bad_flag = -9.990e-29
*END*
[from data line 2257]
     18.950   64.67176 -170.64172     3.2238    33.0128    1461.10  0.000e+00
     19.043   64.67176 -170.64172     3.2238    33.0130    1461.10  0.000e+00
     19.004   64.67176 -170.64172     3.2238    33.0132    1461.10  0.000e+00
     19.043   64.67176 -170.64172     3.2237    33.0130    1461.10  0.000e+00
     19.043   64.67176 -170.64172     3.2238    33.0129    1461.10  0.000e+00
     19.066   64.67176 -170.64172     3.2238    33.0131    1461.10  0.000e+00
     19.105   64.67176 -170.64172     3.2237    33.0131    1461.10  0.000e+00
     19.043   64.67176 -170.64172     3.2237    33.0131    1461.10  0.000e+00
     19.182   64.67176 -170.64172     3.2237    33.0132    1461.10  0.000e+00
     19.105   64.67176 -170.64172     3.2238    33.0132    1461.10  0.000e+00
     19.182   64.67176 -170.64172     3.2237    33.0135    1461.10  0.000e+00
     19.213   64.67176 -170.64172     3.2238    33.0134    1461.10  0.000e+00
     19.213   64.67176 -170.64172     3.2238    33.0132    1461.10  0.000e+00
     19.182   64.67176 -170.64172     3.2238    33.0127    1461.10  0.000e+00
     19.274   64.67176 -170.64172     3.2237    33.0129    1461.10  0.000e+00
     19.236   64.67176 -170.64172     3.2240    33.0126    1461.10  0.000e+00
     19.274   64.67176 -170.64172     3.2235    33.0132    1461.10  0.000e+00
     19.274   64.67176 -170.64172     3.2238    33.0130    1461.10  0.000e+00
     19.352   64.67176 -170.64172     3.2235    33.0134    1461.10  0.000e+00
     19.274   64.67176 -170.64172     3.2237    33.0130    1461.10  0.000e+00
     19.328   64.67176 -170.64172     3.2235    33.0129    1461.10  0.000e+00
     19.352   64.67176 -170.64172     3.2235    33.0132    1461.10  0.000e+00
     19.390   64.67176 -170.64172     3.2234    33.0131    1461.10  0.000e+00
     19.406   64.67176 -170.64172     3.2235    33.0128    1461.10  0.000e+00
     19.390   64.67176 -170.64172     3.2235    33.0130    1461.10  0.000e+00
     19.444   64.67176 -170.64172     3.2235    33.0128    1461.10  0.000e+00
     19.406   64.67176 -170.64172     3.2235    33.0127    1461.10  0.000e+00
     19.506   64.67176 -170.64172     3.2235    33.0129    1461.10  0.000e+00
     19.467   64.67176 -170.64172     3.2237    33.0131    1461.11  0.000e+00
     19.506   64.67176 -170.64172     3.2235    33.0133    1461.11  0.000e+00
     19.506   64.67176 -170.64172     3.2237    33.0131    1461.11  0.000e+00
     19.467   64.67176 -170.64172     3.2238    33.0128    1461.11  0.000e+00
     19.560   64.67176 -170.64172     3.2237    33.0128    1461.11  0.000e+00
     19.521   64.67176 -170.64172     3.2237    33.0131    1461.11  0.000e+00
     19.614   64.67176 -170.64172     3.2237    33.0129    1461.11  0.000e+00
     19.560   64.67176 -170.64172     3.2237    33.0128    1461.11  0.000e+00
     19.583   64.67176 -170.64172     3.2237    33.0130    1461.11  0.000e+00
     19.614   64.67176 -170.64172     3.2238    33.0129    1461.11  0.000e+00
     19.560   64.67176 -170.64172     3.2237    33.0131    1461.11  0.000e+00
     19.699   64.67176 -170.64172     3.2238    33.0126    1461.11  0.000e+00
     19.676   64.67176 -170.64172     3.2238    33.0128    1461.11  0.000e+00
     19.699   64.67176 -170.64172     3.2237    33.0133    1461.11  0.000e+00
     19.676   64.67176 -170.64172     3.2237    33.0131    1461.11  0.000e+00
     19.676   64.67176 -170.64172     3.2238    33.0131    1461.11  0.000e+00
     19.699   64.67176 -170.64172     3.2237    33.0131    1461.11  0.000e+00
     19.730   64.67176 -170.64172     3.2240    33.0128    1461.11  0.000e+00
     19.699   64.67176 -170.64172     3.2238    33.0128    1461.11  0.000e+00
     19.730   64.67176 -170.64172     3.2238    33.0128    1461.11  0.000e+00
     19.791   64.67176 -170.64172     3.2240    33.0127    1461.11  0.000e+00
     19.753   64.67176 -170.64172     3.2238    33.0133    1461.11  0.000e+00
     19.791   64.67176 -170.64172     3.2238    33.0130    1461.11  0.000e+00
     19.807   64.67176 -170.64172     3.2238    33.0133    1461.11  0.000e+00
     19.791   64.67176 -170.64172     3.2237    33.0136    1461.11  0.000e+00
     19.845   64.67176 -170.64172     3.2237    33.0136    1461.11  0.000e+00
     19.868   64.67176 -170.64172     3.2238    33.0129    1461.11  0.000e+00
     19.845   64.67176 -170.64172     3.2237    33.0129    1461.11  0.000e+00
     19.868   64.67176 -170.64172     3.2238    33.0132    1461.11  0.000e+00
     19.907   64.67176 -170.64172     3.2235    33.0132    1461.11  0.000e+00
     19.907   64.67176 -170.64172     3.2238    33.0132    1461.11  0.000e+00
     19.868   64.67176 -170.64172     3.2238    33.0131    1461.11  0.000e+00
     19.907   64.67176 -170.64172     3.2235    33.0136    1461.11  0.000e+00
     19.922   64.67176 -170.64172     3.2237    33.0130    1461.11  0.000e+00
     19.907   64.67176 -170.64172     3.2238    33.0128    1461.11  0.000e+00
     19.961   64.67176 -170.64172     3.2237    33.0133    1461.11  0.000e+00
     19.922   64.67176 -170.64172     3.2238    33.0129    1461.11  0.000e+00
     19.961   64.67176 -170.64172     3.2238    33.0127    1461.11  0.000e+00
     19.984   64.67176 -170.64172     3.2242    33.0128    1461.12  0.000e+00
     20.015   64.67176 -170.64172     3.2238    33.0130    1461.11  0.000e+00
     19.961   64.67176 -170.64172     3.2238    33.0128    1461.11  0.000e+00
     20.038   64.67176 -170.64172     3.2237    33.0131    1461.11  0.000e+00
     20.015   64.67176 -170.64172     3.2242    33.0131    1461.12  0.000e+00
     20.038   64.67176 -170.64172     3.2240    33.0131    1461.12  0.000e+00
     20.077   64.67176 -170.64172     3.2238    33.0130    1461.12  0.000e+00
     20.015   64.67176 -170.64172     3.2238    33.0132    1461.12  0.000e+00
     20.038   64.67176 -170.64172     3.2238    33.0131    1461.12  0.000e+00
     20.077   64.67176 -170.64172     3.2240    33.0130    1461.12  0.000e+00
     20.092   64.67176 -170.64172     3.2238    33.0130    1461.12  0.000e+00
     20.077   64.67176 -170.64172     3.2240    33.0128    1461.12  0.000e+00
     20.131   64.67176 -170.64172     3.2241    33.0124    1461.12  0.000e+00
     20.092   64.67176 -170.64172     3.2240    33.0131    1461.12  0.000e+00
     20.131   64.67176 -170.64172     3.2242    33.0130    1461.12  0.000e+00
     20.154   64.67176 -170.64172     3.2240    33.0128    1461.12  0.000e+00
     20.131   64.67176 -170.64172     3.2240    33.0131    1461.12  0.000e+00
     20.192   64.67176 -170.64172     3.2238    33.0132    1461.12  0.000e+00
     20.154   64.67176 -170.64172     3.2240    33.0128    1461.12  0.000e+00
     20.192   64.67176 -170.64172     3.2238    33.0131    1461.12  0.000e+00
     20.208   64.67176 -170.64172     3.2237    33.0131    1461.12  0.000e+00
     20.246   64.67176 -170.64172     3.2241    33.0128    1461.12  0.000e+00
     20.246   64.67176 -170.64172     3.2238    33.0131    1461.12  0.000e+00
     20.208   64.67176 -170.64172     3.2240    33.0130    1461.12  0.000e+00
     20.246   64.67176 -170.64172     3.2240    33.0128    1461.12  0.000e+00
     20.208   64.67176 -170.64172     3.2241    33.0131    1461.12  0.000e+00
     20.308   64.67176 -170.64172     3.2240    33.0130    1461.12  0.000e+00
     20.270   64.67176 -170.64172     3.2242    33.0130    1461.12  0.000e+00
     20.308   64.67176 -170.64172     3.2240    33.0130    1461.12  0.000e+00
     20.308   64.67176 -170.64172     3.2240    33.0128    1461.12  0.000e+00
     20.324   64.67176 -170.64172     3.2240    33.0131    1461.12  0.000e+00
     20.362   64.67176 -170.64170     3.2240    33.0132    1461.12  0.000e+00
     20.385   64.67176 -170.64170     3.2238    33.0132    1461.12  0.000e+00
     20.362   64.67176 -170.64170     3.2240    33.0132    1461.12  0.000e+00
     20.416   64.67176 -170.64170     3.2240    33.0131    1461.12  0.000e+00
     20.385   64.67176 -170.64170     3.2240    33.0128    1461.12  0.000e+00
     20.416   64.67176 -170.64170     3.2240    33.0129    1461.12  0.000e+00
     20.385   64.67176 -170.64170     3.2240    33.0130    1461.12  0.000e+00
     20.478   64.67176 -170.64170     3.2238    33.0132    1461.12  0.000e+00
     20.478   64.67176 -170.64170     3.2241    33.0128    1461.12  0.000e+00
     20.493   64.67176 -170.64170     3.2240    33.0131    1461.12  0.000e+00
     20.478   64.67176 -170.64170     3.2240    33.0132    1461.12  0.000e+00
     20.493   64.67176 -170.64170     3.2240    33.0131    1461.12  0.000e+00
     20.594   64.67176 -170.64170     3.2240    33.0131    1461.13  0.000e+00
     20.478   64.67176 -170.64170     3.2241    33.0128    1461.12  0.000e+00
     20.609   64.67176 -170.64170     3.2240    33.0130    1461.13  0.000e+00
     20.594   64.67176 -170.64170     3.2238    33.0130    1461.12  0.000e+00
     20.555   64.67176 -170.64170     3.2238    33.0129    1461.12  0.000e+00
     20.648   64.67176 -170.64170     3.2238    33.0131    1461.13  0.000e+00
     20.671   64.67176 -170.64170     3.2240    33.0131    1461.13  0.000e+00
     20.648   64.67176 -170.64170     3.2238    33.0128    1461.12  0.000e+00
     20.648   64.67176 -170.64170     3.2237    33.0130    1461.12  0.000e+00
     20.725   64.67176 -170.64170     3.2237    33.0128    1461.13  0.000e+00
     20.763   64.67176 -170.64170     3.2238    33.0130    1461.13  0.000e+00
     20.671   64.67176 -170.64170     3.2237    33.0127    1461.12  0.000e+00
     20.763   64.67176 -170.64170     3.2237    33.0126    1461.13  0.000e+00
     20.817   64.67176 -170.64170     3.2237    33.0129    1461.13  0.000e+00
     20.786   64.67176 -170.64170     3.2238    33.0129    1461.13  0.000e+00
     20.817   64.67176 -170.64170     3.2240    33.0130    1461.13  0.000e+00
     20.840   64.67176 -170.64170     3.2240    33.0134    1461.13  0.000e+00
     20.879   64.67176 -170.64170     3.2242    33.0131    1461.13  0.000e+00
     20.894   64.67176 -170.64170     3.2243    33.0129    1461.13  0.000e+00
     20.933   64.67176 -170.64170     3.2243    33.0130    1461.13  0.000e+00
     20.933   64.67176 -170.64170     3.2243    33.0129    1461.13  0.000e+00
     20.956   64.67176 -170.64170     3.2243    33.0128    1461.13  0.000e+00
     20.933   64.67176 -170.64170     3.2245    33.0127    1461.13  0.000e+00
     21.010   64.67176 -170.64170     3.2243    33.0133    1461.13  0.000e+00
     21.049   64.67176 -170.64170     3.2243    33.0127    1461.13  0.000e+00
     21.010   64.67176 -170.64170     3.2240    33.0131    1461.13  0.000e+00
     21.111   64.67176 -170.64170     3.2242    33.0125    1461.13  0.000e+00
     21.111   64.67176 -170.64170     3.2237    33.0133    1461.13  0.000e+00
     21.072   64.67176 -170.64170     3.2238    33.0131    1461.13  0.000e+00
     21.165   64.67176 -170.64170     3.2241    33.0131    1461.13  0.000e+00
     21.188   64.67176 -170.64170     3.2240    33.0133    1461.14  0.000e+00
     21.219   64.67176 -170.64170     3.2238    33.0131    1461.13  0.000e+00
     21.219   64.67176 -170.64170     3.2235    33.0133    1461.13  0.000e+00
     21.188   64.67176 -170.64170     3.2237    33.0133    1461.13  0.000e+00
     21.280   64.67176 -170.64170     3.2237    33.0129    1461.13  0.000e+00
     21.296   64.67176 -170.64170     3.2235    33.0134    1461.14  0.000e+00
     21.334   64.67176 -170.64170     3.2237    33.0129    1461.14  0.000e+00
     21.296   64.67176 -170.64170     3.2234    33.0132    1461.13  0.000e+00
     21.396   64.67176 -170.64170     3.2234    33.0129    1461.14  0.000e+00
     21.396   64.67176 -170.64170     3.2233    33.0133    1461.14  0.000e+00
     21.357   64.67176 -170.64170     3.2228    33.0135    1461.13  0.000e+00
     21.512   64.67176 -170.64170     3.2229    33.0129    1461.14  0.000e+00
     21.411   64.67176 -170.64170     3.2226    33.0134    1461.13  0.000e+00
     21.512   64.67176 -170.64170     3.2226    33.0135    1461.13  0.000e+00
     21.473   64.67176 -170.64170     3.2229    33.0136    1461.14  0.000e+00
     21.566   64.67176 -170.64170     3.2231    33.0135    1461.14  0.000e+00
     21.527   64.67176 -170.64170     3.2233    33.0133    1461.14  0.000e+00
     21.566   64.67176 -170.64170     3.2234    33.0137    1461.14  0.000e+00
     21.620   64.67176 -170.64170     3.2234    33.0135    1461.14  0.000e+00
     21.643   64.67176 -170.64170     3.2234    33.0130    1461.14  0.000e+00
     21.620   64.67176 -170.64170     3.2231    33.0136    1461.14  0.000e+00
     21.643   64.67176 -170.64170     3.2235    33.0133    1461.14  0.000e+00
     21.735   64.67176 -170.64170     3.2230    33.0138    1461.14  0.000e+00
     21.697   64.67176 -170.64170     3.2231    33.0135    1461.14  0.000e+00
     21.735   64.67176 -170.64170     3.2229    33.0131    1461.14  0.000e+00
     21.797   64.67176 -170.64170     3.2226    33.0135    1461.14  0.000e+00
     21.759   64.67176 -170.64170     3.2228    33.0132    1461.14  0.000e+00
     21.797   64.67176 -170.64170     3.2226    33.0131    1461.14  0.000e+00
     21.813   64.67176 -170.64170     3.2226    33.0132    1461.14  0.000e+00
     21.851   64.67176 -170.64170     3.2226    33.0135    1461.14  0.000e+00
     21.928   64.67176 -170.64170     3.2225    33.0137    1461.14  0.000e+00
     21.851   64.67176 -170.64170     3.2224    33.0138    1461.14  0.000e+00
     21.928   64.67176 -170.64170     3.2223    33.0140    1461.14  0.000e+00
     21.913   64.67176 -170.64170     3.2223    33.0135    1461.14  0.000e+00
     21.967   64.67176 -170.64170     3.2223    33.0134    1461.14  0.000e+00
     21.982   64.67176 -170.64170     3.2225    33.0136    1461.14  0.000e+00
     21.967   64.67176 -170.64170     3.2222    33.0136    1461.14  0.000e+00
     22.044   64.67176 -170.64170     3.2223    33.0137    1461.14  0.000e+00
     22.021   64.67176 -170.64170     3.2223    33.0136    1461.14  0.000e+00
     22.044   64.67176 -170.64170     3.2223    33.0135    1461.14  0.000e+00
     22.083   64.67176 -170.64170     3.2221    33.0138    1461.14  0.000e+00
     22.098   64.67176 -170.64170     3.2222    33.0133    1461.14  0.000e+00
     22.083   64.67176 -170.64170     3.2221    33.0138    1461.14  0.000e+00
     22.137   64.67176 -170.64170     3.2221    33.0143    1461.14  0.000e+00
     22.098   64.67176 -170.64170     3.2221    33.0142    1461.14  0.000e+00
     22.198   64.67176 -170.64170     3.2221    33.0141    1461.14  0.000e+00
     22.160   64.67176 -170.64170     3.2222    33.0136    1461.14  0.000e+00
     22.198   64.67176 -170.64170     3.2223    33.0138    1461.15  0.000e+00
     22.214   64.67176 -170.64170     3.2223    33.0138    1461.15  0.000e+00
     22.252   64.67176 -170.64170     3.2223    33.0134    1461.15  0.000e+00
     22.275   64.67176 -170.64170     3.2224    33.0135    1461.15  0.000e+00
     22.252   64.67176 -170.64170     3.2223    33.0137    1461.15  0.000e+00
     22.252   64.67176 -170.64170     3.2225    33.0137    1461.15  0.000e+00
     22.329   64.67176 -170.64170     3.2223    33.0135    1461.15  0.000e+00
     22.314   64.67176 -170.64170     3.2223    33.0138    1461.15  0.000e+00
     22.329   64.67176 -170.64170     3.2222    33.0140    1461.15  0.000e+00
     22.368   64.67176 -170.64170     3.2221    33.0141    1461.15  0.000e+00
     22.383   64.67176 -170.64170     3.2223    33.0134    1461.15  0.000e+00
     22.368   64.67176 -170.64170     3.2225    33.0133    1461.15  0.000e+00
     22.445   64.67176 -170.64170     3.2225    33.0132    1461.15  0.000e+00
     22.422   64.67176 -170.64170     3.2226    33.0135    1461.15  0.000e+00
     22.422   64.67176 -170.64170     3.2225    33.0132    1461.15  0.000e+00
     22.445   64.67176 -170.64170     3.2221    33.0136    1461.15  0.000e+00
     22.484   64.67176 -170.64170     3.2225    33.0134    1461.15  0.000e+00
     22.445   64.67176 -170.64170     3.2223    33.0138    1461.15  0.000e+00
