EcoFOCI/data/1_SampleCollection/2023_SikuliaqDBO_CruiseData/CTD_raw_BottleFile_SKQ23-12S/proc/skq202312s_059.cnv
* Sea-Bird SBE 9 Data File:
* FileName = D:\CTD\SKQ202312S\SKQ202312S_059.hex
* Software Version Seasave V 7.26.7.121
* Temperature SN = 6177
* Conductivity SN = 0369
* Number of Bytes Per Scan = 41
* Number of Voltage Words = 4
* Number of Scans Averaged by the Deck Unit = 1
* NMEA Latitude = 71 13.10 N
* NMEA Longitude = 164 14.82 W
* NMEA UTC (Time) = Sep 27 2023  16:34:29
* NMEA baud rate = 4800
** Ship: R/V Sikuliaq
** Station Number: 059
** Station Name: C2
** Bottom Depth: 44
** Operator: SD
# nquan = 24
# nvalues = 4729                                  
# units = specified
# name 0 = depSM: Depth [salt water, m]
# name 1 = latitude: Latitude [deg]
# name 2 = longitude: Longitude [deg]
# name 3 = prDM: Pressure, Digiquartz [db]
# name 4 = t090C: Temperature [ITS-90, deg C]
# name 5 = t190C: Temperature, 2 [ITS-90, deg C]
# name 6 = potemp090C: Potential Temperature [ITS-90, deg C]
# name 7 = sal00: Salinity, Practical [PSU]
# name 8 = sal11: Salinity, Practical, 2 [PSU]
# name 9 = density00: Density [density, kg/m^3]
# name 10 = sigma-é00: Density [sigma-theta, kg/m^3]
# name 11 = sbox0Mm/Kg: Oxygen, SBE 43 [umol/kg]
# name 12 = sbox1Mm/Kg: Oxygen, SBE 43, 2 [umol/kg]
# name 13 = oxsolMm/Kg: Oxygen Saturation, Garcia & Gordon [umol/kg]
# name 14 = sbeox0PS: Oxygen, SBE 43 [% saturation]
# name 15 = sbeox1PS: Oxygen, SBE 43, 2 [% saturation]
# name 16 = v0: Voltage 0
# name 17 = flECO-AFL: Fluorescence, WET Labs ECO-AFL/FL [mg/m^3]
# name 18 = v1: Voltage 1
# name 19 = CStarAt0: Beam Attenuation, WET Labs C-Star [1/m]
# name 20 = par: PAR/Irradiance, Biospherical/Licor
# name 21 = scan: Scan Count
# name 22 = timeM: Time, Elapsed [minutes]
# name 23 = flag:  0.000e+00
# span 0 =      2.829,     39.103                 
# span 1 =   71.21830,   71.21832                 
# span 2 = -164.24722, -164.24706                 
# span 3 =      2.858,     39.510                 
# span 4 =    -1.0799,     4.3368                 
# span 5 =    -1.0798,     4.3438                 
# span 6 =    -1.0805,     4.3356                 
# span 7 =    30.9439,    32.4387                 
# span 8 =    30.9564,    32.4710                 
# span 9 =  1024.6493,  1026.2388                 
# span 10 =    24.6340,    26.0799                
# span 11 =    273.646,    395.251                
# span 12 =    262.269,    370.631                
# span 13 =  321.13438,  365.43801                
# span 14 =     74.912,    108.680                
# span 15 =     71.806,    101.626                
# span 16 =     0.0733,     0.1758                
# span 17 =     0.0916,     0.7069                
# span 18 =     2.1893,     4.2161                
# span 19 =     0.4451,     3.0676                
# span 20 = 1.0000e-12, 2.0955e+00                
# span 21 =          1,       4729                
# span 22 =     0.0000,     3.2833                
# span 23 = 0.0000e+00, 0.0000e+00                
# interval = seconds: 0.0416667
# start_time = Sep 27 2023 16:38:23 [NMEA time, first data scan]
# bad_flag = -9.990e-29
*END*
[from data line 2899]
     33.861   71.21832 -164.24714     34.212    -1.0604    -1.0394    -1.0612    32.4203    32.3959  1026.2294    26.0647    277.342    264.143  365.12302     75.959     72.370     0.1062     0.2894     3.2906     1.4368 1.0000e-12       2900     2.0132  0.000e+00
     33.861   71.21832 -164.24714     34.212    -1.0561    -1.0262    -1.0568    32.4197    32.3848  1026.2288    26.0640    277.788    263.839  365.08245     76.089     72.306     0.1050     0.2820     3.2906     1.4368 1.0000e-12       2901     2.0139  0.000e+00
     33.845   71.21832 -164.24714     34.197    -1.0509    -1.0191    -1.0516    32.4142    32.3818  1026.2241    26.0595    277.527    263.766  365.04731     76.025     72.298     0.1062     0.2894     3.2906     1.4368 1.0000e-12       2902     2.0146  0.000e+00
     33.861   71.21832 -164.24714     34.212    -1.0458    -1.0099    -1.0466    32.4088    32.3768  1026.2196    26.0549    277.734    263.910  365.01398     76.089     72.352     0.1050     0.2820     3.2906     1.4368 1.0000e-12       2903     2.0153  0.000e+00
     33.915   71.21832 -164.24714     34.267    -1.0425    -1.0024    -1.0432    32.4064    32.3716  1026.2179    26.0529    277.543    263.649  364.98771     76.042     72.293     0.1062     0.2894     3.2906     1.4368 1.0000e-12       2904     2.0160  0.000e+00
     33.845   71.21832 -164.24714     34.197    -1.0402    -1.0006    -1.0410    32.4058    32.3710  1026.2170    26.0523    277.519    263.619  364.96774     76.039     72.288     0.1050     0.2820     3.2906     1.4368 1.0000e-12       2905     2.0167  0.000e+00
     33.915   71.21832 -164.24714     34.267    -1.0397    -1.0048    -1.0405    32.4059    32.3755  1026.2173    26.0523    277.519    263.635  364.96260     76.040     72.286     0.1050     0.2820     3.2906     1.4368 1.0000e-12       2906     2.0174  0.000e+00
     33.861   71.21832 -164.24714     34.212    -1.0403    -1.0084    -1.0411    32.4047    32.3794  1026.2161    26.0514    277.786    263.646  364.97207     76.112     72.285     0.1050     0.2820     3.2869     1.4413 1.0000e-12       2907     2.0181  0.000e+00
     33.907   71.21832 -164.24714     34.259    -1.0416    -1.0182    -1.0424    32.4015    32.3891  1026.2138    26.0489    277.562    263.701  364.99350     76.046     72.286     0.1050     0.2820     3.2772     1.4532 1.0000e-12       2908     2.0187  0.000e+00
     33.861   71.21832 -164.24714     34.212    -1.0445    -1.0322    -1.0452    32.3979    32.4033  1026.2107    26.0460    277.559    263.782  365.03178     76.037     72.289     0.1050     0.2820     3.2735     1.4577 1.0000e-12       2909     2.0194  0.000e+00
     33.915   71.21832 -164.24714     34.267    -1.0485    -1.0351    -1.0492    32.3963    32.4046  1026.2098    26.0448    277.619    263.803  365.07541     76.044     72.290     0.1050     0.2820     3.2735     1.4577 1.0000e-12       2910     2.0201  0.000e+00
     33.907   71.21832 -164.24714     34.259    -1.0527    -1.0373    -1.0535    32.3958    32.4036  1026.2095    26.0446    277.682    263.824  365.11814     76.053     72.291     0.1038     0.2747     3.2747     1.4562 1.0000e-12       2911     2.0208  0.000e+00
     33.861   71.21832 -164.24714     34.212    -1.0562    -1.0471    -1.0570    32.3954    32.4105  1026.2091    26.0444    277.595    263.892  365.15379     76.021     72.295     0.1050     0.2820     3.2747     1.4562 1.0000e-12       2912     2.0215  0.000e+00
     33.861   71.21832 -164.24714     34.212    -1.0596    -1.0556    -1.0604    32.3968    32.4159  1026.2103    26.0456    277.603    263.957  365.18288     76.018     72.300     0.1062     0.2894     3.2747     1.4562 1.0000e-12       2913     2.0222  0.000e+00
     33.907   71.21832 -164.24714     34.259    -1.0622    -1.0614    -1.0629    32.3997    32.4182  1026.2130    26.0480    277.607    264.012  365.19961     76.015     72.304     0.1050     0.2820     3.2747     1.4562 1.0000e-12       2914     2.0229  0.000e+00
     33.861   71.21832 -164.24714     34.212    -1.0636    -1.0654    -1.0643    32.4045    32.4199  1026.2167    26.0520    277.596    264.050  365.19911     76.012     72.308     0.1062     0.2894     3.2747     1.4562 8.4714e-06       2915     2.0236  0.000e+00
     33.861   71.21832 -164.24714     34.212    -1.0633    -1.0678    -1.0641    32.4070    32.4205  1026.2187    26.0540    277.583    264.083  365.18974     76.011     72.313     0.1050     0.2820     3.2747     1.4562 1.0000e-12       2916     2.0243  0.000e+00
     33.907   71.21832 -164.24714     34.259    -1.0613    -1.0693    -1.0620    32.4055    32.4210  1026.2177    26.0527    277.568    264.113  365.17391     76.010     72.319     0.1062     0.2894     3.2747     1.4562 1.0000e-12       2917     2.0250  0.000e+00
     33.861   71.21832 -164.24714     34.212    -1.0593    -1.0701    -1.0601    32.4055    32.4207  1026.2174    26.0526    277.552    263.912  365.15512     76.009     72.262     0.1050     0.2820     3.2747     1.4562 1.0000e-12       2918     2.0257  0.000e+00
     33.915   71.21832 -164.24714     34.267    -1.0572    -1.0709    -1.0579    32.4050    32.4207  1026.2172    26.0522    277.592    263.913  365.13511     76.024     72.261     0.1062     0.2894     3.2747     1.4562 1.0000e-12       2919     2.0264  0.000e+00
     33.907   71.21832 -164.24714     34.259    -1.0542    -1.0711    -1.0550    32.4036    32.4206  1026.2159    26.0510    277.581    263.879  365.11066     76.027     72.251     0.1050     0.2820     3.2747     1.4562 1.0000e-12       2920     2.0271  0.000e+00
     33.861   71.21832 -164.24714     34.212    -1.0501    -1.0713    -1.0509    32.4018    32.4205  1026.2141    26.0494    277.564    263.845  365.07570     76.029     72.241     0.1050     0.2820     3.2747     1.4562 8.4714e-06       2921     2.0278  0.000e+00
     33.907   71.21832 -164.24714     34.259    -1.0462    -1.0714    -1.0469    32.4010    32.4205  1026.2136    26.0486    277.553    263.817  365.03948     76.034     72.233     0.1050     0.2820     3.2747     1.4562 1.0000e-12       2922     2.0285  0.000e+00
     33.860   71.21832 -164.24714     34.212    -1.0433    -1.0718    -1.0441    32.4015    32.4208  1026.2136    26.0489    277.549    263.789  365.01022     76.039     72.225     0.1050     0.2820     3.2747     1.4562 1.0000e-12       2923     2.0292  0.000e+00
     33.914   71.21832 -164.24714     34.267    -1.0420    -1.0719    -1.0428    32.4042    32.4200  1026.2160    26.0511    277.562    263.768  364.98969     76.047     72.218     0.1062     0.2894     3.2747     1.4562 8.4714e-06       2924     2.0299  0.000e+00
     33.907   71.21832 -164.24714     34.259    -1.0411    -1.0719    -1.0418    32.4060    32.4202  1026.2174    26.0525    277.582    263.777  364.97563     76.055     72.221     0.1062     0.2894     3.2747     1.4562 1.0000e-12       2925     2.0306  0.000e+00
     33.860   71.21832 -164.24714     34.212    -1.0394    -1.0720    -1.0402    32.4055    32.4200  1026.2167    26.0520    277.603    263.757  364.96097     76.064     72.215     0.1062     0.2894     3.2747     1.4562 1.0000e-12       2926     2.0313  0.000e+00
     33.860   71.21832 -164.24714     34.212    -1.0371    -1.0718    -1.0379    32.4026    32.4195  1026.2143    26.0496    277.629    263.739  364.94698     76.074     72.210     0.1050     0.2820     3.2772     1.4532 8.4714e-06       2927     2.0319  0.000e+00
     33.907   71.21832 -164.24714     34.259    -1.0330    -1.0718    -1.0338    32.3963    32.4195  1026.2093    26.0444    277.603    263.726  364.92482     76.071     72.207     0.1062     0.2894     3.2967     1.4294 1.0000e-12       2928     2.0326  0.000e+00
     33.914   71.21832 -164.24714     34.267    -1.0309    -1.0706    -1.0316    32.3905    32.4182  1026.2046    26.0396    277.643    263.708  364.92042     76.083     72.204     0.1050     0.2820     3.3065     1.4176 1.0000e-12       2929     2.0333  0.000e+00
     33.860   71.21832 -164.24714     34.212    -1.0324    -1.0675    -1.0332    32.3873    32.4161  1026.2017    26.0370    277.711    263.676  364.94466     76.097     72.200     0.1050     0.2820     3.3065     1.4176 1.0000e-12       2930     2.0340  0.000e+00
     33.907   71.21832 -164.24714     34.259    -1.0376    -1.0660    -1.0384    32.3888    32.4157  1026.2033    26.0384    277.808    263.660  364.99110     76.114     72.198     0.1050     0.2820     3.3053     1.4190 1.0000e-12       2931     2.0347  0.000e+00
     33.860   71.21832 -164.24714     34.212    -1.0427    -1.0657    -1.0434    32.3920    32.4161  1026.2059    26.0412    277.597    263.683  365.03137     76.047     72.205     0.1050     0.2820     3.3053     1.4190 1.0000e-12       2932     2.0354  0.000e+00
     33.914   71.21832 -164.24714     34.267    -1.0474    -1.0642    -1.0481    32.3969    32.4157  1026.2103    26.0453    277.897    263.448  365.06316     76.123     72.143     0.1050     0.2820     3.3053     1.4190 1.0000e-12       2933     2.0361  0.000e+00
     33.845   71.21832 -164.24714     34.196    -1.0518    -1.0643    -1.0525    32.4018    32.4178  1026.2140    26.0494    277.938    263.448  365.09210     76.128     72.144     0.1062     0.2894     3.3053     1.4190 1.0000e-12       2934     2.0368  0.000e+00
     33.914   71.21832 -164.24714     34.267    -1.0555    -1.0596    -1.0563    32.4048    32.4152  1026.2170    26.0520    277.730    263.620  365.11954     76.065     72.199     0.1038     0.2747     3.3053     1.4190 1.0000e-12       2935     2.0375  0.000e+00
     33.914   71.21832 -164.24714     34.267    -1.0588    -1.0511    -1.0596    32.4074    32.4078  1026.2192    26.0542    278.031    263.578  365.14444     76.143     72.200     0.1050     0.2820     3.3053     1.4190 1.0000e-12       2936     2.0382  0.000e+00
     33.845   71.21832 -164.24714     34.196    -1.0612    -1.0446    -1.0619    32.4094    32.4021  1026.2205    26.0559    278.070    263.773  365.16164     76.150     72.262     0.1062     0.2894     3.3053     1.4190 1.0000e-12       2937     2.0389  0.000e+00
     33.914   71.21832 -164.24714     34.267    -1.0634    -1.0401    -1.0641    32.4123    32.3991  1026.2233    26.0583    278.114    263.566  365.17514     76.159     72.213     0.1050     0.2820     3.3053     1.4190 8.4714e-06       2938     2.0396  0.000e+00
     33.914   71.21832 -164.24714     34.267    -1.0652    -1.0391    -1.0659    32.4160    32.3993  1026.2263    26.0613    278.201    263.575  365.18192     76.181     72.217     0.1062     0.2894     3.3053     1.4190 1.0000e-12       2939     2.0403  0.000e+00
     33.907   71.21832 -164.24714     34.259    -1.0663    -1.0401    -1.0671    32.4187    32.4011  1026.2286    26.0636    277.984    263.600  365.18511     76.121     72.223     0.1050     0.2820     3.3053     1.4190 1.0000e-12       2940     2.0410  0.000e+00
     33.860   71.21832 -164.24714     34.212    -1.0670    -1.0399    -1.0677    32.4205    32.4016  1026.2298    26.0651    277.974    263.619  365.18666     76.118     72.229     0.1050     0.2820     3.3053     1.4190 8.4714e-06       2941     2.0417  0.000e+00
     33.914   71.21832 -164.24714     34.267    -1.0651    -1.0369    -1.0659    32.4208    32.3981  1026.2303    26.0653    277.953    263.629  365.16732     76.117     72.236     0.1050     0.2820     3.3053     1.4190 1.0000e-12       2942     2.0424  0.000e+00
     33.845   71.21832 -164.24714     34.196    -1.0608    -1.0366    -1.0616    32.4211    32.3984  1026.2300    26.0653    277.911    263.652  365.12468     76.114     72.243     0.1050     0.2820     3.3053     1.4190 1.0000e-12       2943     2.0431  0.000e+00
     33.914   71.21832 -164.24714     34.266    -1.0575    -1.0399    -1.0583    32.4225    32.4036  1026.2313    26.0663    277.884    263.702  365.08838     76.114     72.253     0.1050     0.2820     3.3053     1.4190 1.0000e-12       2944     2.0438  0.000e+00
     33.845   71.21832 -164.24714     34.196    -1.0547    -1.0408    -1.0555    32.4229    32.4062  1026.2313    26.0666    278.116    263.510  365.05982     76.184     72.200     0.1050     0.2820     3.3053     1.4190 1.0000e-12       2945     2.0444  0.000e+00
     33.914   71.21832 -164.24714     34.266    -1.0495    -1.0406    -1.0503    32.4186    32.4075  1026.2279    26.0630    277.834    263.707  365.02140     76.115     72.255     0.1050     0.2820     3.3053     1.4190 1.0000e-12       2946     2.0451  0.000e+00
     33.914   71.21832 -164.24714     34.266    -1.0435    -1.0432    -1.0443    32.4126    32.4118  1026.2229    26.0579    277.806    263.500  364.98061     76.115     72.196     0.1050     0.2820     3.3040     1.4205 8.4714e-06       2947     2.0458  0.000e+00
     33.907   71.21832 -164.24714     34.259    -1.0393    -1.0443    -1.0400    32.4076    32.4141  1026.2187    26.0537    277.793    263.708  364.95318     76.118     72.252     0.1050     0.2820     3.3016     1.4235 1.0000e-12       2948     2.0465  0.000e+00
     33.860   71.21832 -164.24714     34.212    -1.0361    -1.0445    -1.0368    32.4040    32.4151  1026.2155    26.0507    277.690    263.523  364.93217     76.094     72.202     0.1050     0.2820     3.3004     1.4250 8.4714e-06       2949     2.0472  0.000e+00
     33.914   71.21832 -164.24714     34.266    -1.0330    -1.0419    -1.0338    32.4014    32.4124  1026.2135    26.0485    277.690    263.492  364.91027     76.098     72.197     0.1062     0.2894     3.2991     1.4264 1.0000e-12       2950     2.0479  0.000e+00
     33.907   71.21832 -164.24714     34.259    -1.0303    -1.0286    -1.0310    32.3982    32.4008  1026.2108    26.0458    277.645    263.618  364.89262     76.089     72.250     0.1050     0.2820     3.3004     1.4250 1.0000e-12       2951     2.0486  0.000e+00
     33.914   71.21832 -164.24714     34.266    -1.0287    -1.0113    -1.0295    32.3944    32.3885  1026.2077    26.0427    277.409    263.552  364.88798     76.026     72.259     0.1062     0.2894     3.2991     1.4264 1.0000e-12       2952     2.0493  0.000e+00
     33.860   71.21832 -164.24714     34.212    -1.0310    -1.0000    -1.0318    32.3933    32.3843  1026.2066    26.0419    277.616    263.487  364.91400     76.077     72.260     0.1050     0.2820     3.2991     1.4264 1.0000e-12       2953     2.0500  0.000e+00
     33.906   71.21832 -164.24714     34.259    -1.0356    -0.9943    -1.0364    32.3944    32.3852  1026.2078    26.0429    277.638    263.462  364.95552     76.074     72.265     0.1050     0.2820     3.3004     1.4250 1.0000e-12       2954     2.0507  0.000e+00
     33.914   71.21832 -164.24714     34.266    -1.0404    -0.9908    -1.0412    32.3973    32.3868  1026.2104    26.0454    277.657    263.229  364.99384     76.072     72.208     0.1050     0.2820     3.2991     1.4264 1.0000e-12       2955     2.0514  0.000e+00
     33.914   71.21832 -164.24714     34.266    -1.0434    -0.9884    -1.0441    32.4003    32.3875  1026.2129    26.0479    277.712    263.202  365.01424     76.083     72.206     0.1062     0.2894     3.2991     1.4264 1.0000e-12       2956     2.0521  0.000e+00
     33.845   71.21832 -164.24714     34.196    -1.0454    -0.9882    -1.0461    32.4017    32.3888  1026.2138    26.0491    277.714    263.193  365.02976     76.080     72.205     0.1050     0.2820     3.2991     1.4264 1.0000e-12       2957     2.0528  0.000e+00
     33.914   71.21832 -164.24714     34.266    -1.0487    -0.9936    -1.0495    32.4023    32.3926  1026.2147    26.0498    277.736    263.232  365.06028     76.079     72.207     0.1050     0.2820     3.2991     1.4264 1.0000e-12       2958     2.0535  0.000e+00
