EcoFOCI/data/1_SampleCollection/2023_SikuliaqDBO_CruiseData/CTD_raw_BottleFile_SKQ23-12S/proc/skq202312s_059svp.cnv
* Sea-Bird SBE 9 Data File:
* FileName = D:\CTD\SKQ202312S\SKQ202312S_059.hex
* Software Version Seasave V 7.26.7.121
* Temperature SN = 6177
* Conductivity SN = 0369
* Number of Bytes Per Scan = 41
* Number of Voltage Words = 4
* Number of Scans Averaged by the Deck Unit = 1
* NMEA Latitude = 71 13.10 N
* NMEA Longitude = 164 14.82 W
* NMEA UTC (Time) = Sep 27 2023  16:34:29
* NMEA baud rate = 4800
** Ship: R/V Sikuliaq
** Station Number: 059
** Station Name: C2
** Bottom Depth: 44
** Operator: SD
# nquan = 7
# nvalues = 4729                                  
# units = specified
# name 0 = depSM: Depth [salt water, m]
# name 1 = latitude: Latitude [deg]
# name 2 = longitude: Longitude [deg]
# name 3 = t090C: Temperature [ITS-90, deg C]
# name 4 = sal00: Salinity, Practical [PSU]
# name 5 = svCM: Sound Velocity [Chen-Millero, m/s]
# name 6 = flag:  0.000e+00
# span 0 =      2.829,     39.103                 
# span 1 =   71.21830,   71.21832                 
# span 2 = -164.24722, -164.24706                 
# span 3 =    -1.0799,     4.3368                 
# span 4 =    30.9439,    32.4387                 
# span 5 =    1441.00,    1463.54                 
# span 6 = 0.0000e+00, 0.0000e+00                 
# interval = seconds: 0.0416667
# start_time = Sep 27 2023 16:38:23 [NMEA time, first data scan]
# bad_flag = -9.990e-29
*END*
[from data line 1231]
      9.626   71.21832 -164.24720     3.1708    30.9456    1458.04  0.000e+00
      9.572   71.21832 -164.24720     3.1708    30.9460    1458.04  0.000e+00
      9.603   71.21832 -164.24720     3.1708    30.9459    1458.04  0.000e+00
      9.626   71.21832 -164.24720     3.1708    30.9459    1458.04  0.000e+00
      9.626   71.21832 -164.24720     3.1708    30.9454    1458.04  0.000e+00
      9.626   71.21832 -164.24720     3.1708    30.9457    1458.04  0.000e+00
      9.626   71.21832 -164.24720     3.1708    30.9459    1458.04  0.000e+00
      9.626   71.21832 -164.24720     3.1711    30.9457    1458.04  0.000e+00
      9.688   71.21832 -164.24720     3.1708    30.9455    1458.04  0.000e+00
      9.657   71.21832 -164.24720     3.1708    30.9455    1458.04  0.000e+00
      9.626   71.21832 -164.24720     3.1710    30.9458    1458.04  0.000e+00
      9.688   71.21832 -164.24720     3.1711    30.9462    1458.04  0.000e+00
      9.688   71.21832 -164.24720     3.1711    30.9463    1458.04  0.000e+00
      9.687   71.21832 -164.24720     3.1713    30.9466    1458.04  0.000e+00
      9.687   71.21832 -164.24720     3.1713    30.9463    1458.04  0.000e+00
      9.687   71.21832 -164.24720     3.1714    30.9460    1458.04  0.000e+00
      9.657   71.21832 -164.24720     3.1714    30.9458    1458.04  0.000e+00
      9.741   71.21832 -164.24720     3.1714    30.9457    1458.04  0.000e+00
      9.741   71.21832 -164.24720     3.1714    30.9455    1458.04  0.000e+00
      9.687   71.21832 -164.24720     3.1713    30.9454    1458.04  0.000e+00
      9.741   71.21832 -164.24720     3.1713    30.9455    1458.04  0.000e+00
      9.741   71.21832 -164.24720     3.1710    30.9457    1458.04  0.000e+00
      9.741   71.21832 -164.24720     3.1711    30.9461    1458.04  0.000e+00
      9.772   71.21832 -164.24720     3.1711    30.9467    1458.04  0.000e+00
      9.741   71.21832 -164.24720     3.1713    30.9471    1458.04  0.000e+00
      9.741   71.21832 -164.24720     3.1713    30.9470    1458.04  0.000e+00
      9.741   71.21832 -164.24720     3.1713    30.9472    1458.04  0.000e+00
      9.803   71.21832 -164.24720     3.1718    30.9468    1458.05  0.000e+00
      9.803   71.21832 -164.24720     3.1718    30.9465    1458.05  0.000e+00
      9.803   71.21832 -164.24720     3.1719    30.9459    1458.05  0.000e+00
      9.772   71.21832 -164.24720     3.1719    30.9462    1458.05  0.000e+00
      9.803   71.21832 -164.24720     3.1718    30.9462    1458.05  0.000e+00
      9.803   71.21832 -164.24720     3.1721    30.9459    1458.05  0.000e+00
      9.857   71.21832 -164.24720     3.1719    30.9462    1458.05  0.000e+00
      9.803   71.21832 -164.24720     3.1721    30.9462    1458.05  0.000e+00
      9.857   71.21832 -164.24720     3.1719    30.9461    1458.05  0.000e+00
      9.803   71.21832 -164.24720     3.1719    30.9454    1458.05  0.000e+00
      9.888   71.21832 -164.24720     3.1718    30.9457    1458.05  0.000e+00
      9.857   71.21832 -164.24720     3.1718    30.9453    1458.05  0.000e+00
      9.857   71.21832 -164.24720     3.1718    30.9453    1458.05  0.000e+00
      9.857   71.21832 -164.24720     3.1716    30.9461    1458.05  0.000e+00
      9.857   71.21832 -164.24720     3.1718    30.9468    1458.05  0.000e+00
      9.911   71.21832 -164.24720     3.1719    30.9472    1458.05  0.000e+00
      9.911   71.21832 -164.24720     3.1724    30.9477    1458.05  0.000e+00
      9.888   71.21832 -164.24720     3.1726    30.9481    1458.05  0.000e+00
      9.911   71.21832 -164.24720     3.1727    30.9477    1458.05  0.000e+00
      9.857   71.21832 -164.24720     3.1730    30.9486    1458.06  0.000e+00
      9.911   71.21832 -164.24720     3.1730    30.9492    1458.06  0.000e+00
      9.911   71.21832 -164.24720     3.1736    30.9479    1458.06  0.000e+00
      9.972   71.21832 -164.24720     3.1738    30.9475    1458.06  0.000e+00
      9.911   71.21832 -164.24720     3.1740    30.9463    1458.06  0.000e+00
      9.942   71.21832 -164.24720     3.1738    30.9457    1458.06  0.000e+00
      9.972   71.21832 -164.24720     3.1736    30.9451    1458.06  0.000e+00
      9.972   71.21832 -164.24720     3.1733    30.9454    1458.05  0.000e+00
      9.972   71.21832 -164.24720     3.1732    30.9456    1458.05  0.000e+00
      9.972   71.21832 -164.24720     3.1729    30.9454    1458.05  0.000e+00
      9.972   71.21832 -164.24720     3.1727    30.9455    1458.05  0.000e+00
      9.972   71.21832 -164.24720     3.1727    30.9449    1458.05  0.000e+00
     10.003   71.21832 -164.24720     3.1721    30.9453    1458.05  0.000e+00
      9.972   71.21832 -164.24720     3.1719    30.9452    1458.05  0.000e+00
     10.026   71.21832 -164.24720     3.1719    30.9453    1458.05  0.000e+00
     10.026   71.21832 -164.24720     3.1721    30.9452    1458.05  0.000e+00
      9.972   71.21832 -164.24720     3.1718    30.9462    1458.05  0.000e+00
     10.088   71.21832 -164.24720     3.1719    30.9460    1458.05  0.000e+00
     10.003   71.21832 -164.24720     3.1719    30.9461    1458.05  0.000e+00
     10.026   71.21832 -164.24720     3.1722    30.9457    1458.05  0.000e+00
     10.026   71.21832 -164.24720     3.1721    30.9464    1458.05  0.000e+00
     10.088   71.21832 -164.24720     3.1721    30.9461    1458.05  0.000e+00
     10.026   71.21832 -164.24720     3.1721    30.9458    1458.05  0.000e+00
     10.026   71.21832 -164.24720     3.1722    30.9454    1458.05  0.000e+00
     10.088   71.21832 -164.24720     3.1721    30.9453    1458.05  0.000e+00
     10.111   71.21832 -164.24720     3.1722    30.9450    1458.05  0.000e+00
     10.088   71.21832 -164.24720     3.1719    30.9451    1458.05  0.000e+00
     10.088   71.21832 -164.24720     3.1719    30.9453    1458.05  0.000e+00
     10.088   71.21832 -164.24720     3.1719    30.9456    1458.05  0.000e+00
     10.088   71.21832 -164.24720     3.1719    30.9450    1458.05  0.000e+00
     10.088   71.21832 -164.24720     3.1716    30.9447    1458.05  0.000e+00
     10.142   71.21832 -164.24720     3.1714    30.9449    1458.05  0.000e+00
     10.111   71.21832 -164.24720     3.1714    30.9450    1458.05  0.000e+00
     10.088   71.21832 -164.24720     3.1714    30.9450    1458.05  0.000e+00
     10.142   71.21832 -164.24720     3.1711    30.9453    1458.05  0.000e+00
     10.142   71.21832 -164.24720     3.1713    30.9455    1458.05  0.000e+00
     10.142   71.21832 -164.24720     3.1710    30.9456    1458.05  0.000e+00
     10.142   71.21832 -164.24720     3.1711    30.9455    1458.05  0.000e+00
     10.111   71.21832 -164.24720     3.1711    30.9456    1458.05  0.000e+00
     10.142   71.21832 -164.24720     3.1710    30.9459    1458.05  0.000e+00
     10.203   71.21832 -164.24720     3.1711    30.9456    1458.05  0.000e+00
     10.142   71.21832 -164.24720     3.1713    30.9454    1458.05  0.000e+00
     10.203   71.21832 -164.24720     3.1713    30.9456    1458.05  0.000e+00
     10.142   71.21832 -164.24720     3.1711    30.9456    1458.05  0.000e+00
     10.203   71.21832 -164.24720     3.1713    30.9454    1458.05  0.000e+00
     10.172   71.21832 -164.24720     3.1711    30.9457    1458.05  0.000e+00
     10.203   71.21832 -164.24720     3.1711    30.9456    1458.05  0.000e+00
     10.203   71.21832 -164.24720     3.1713    30.9454    1458.05  0.000e+00
     10.203   71.21832 -164.24720     3.1713    30.9451    1458.05  0.000e+00
     10.203   71.21832 -164.24720     3.1710    30.9454    1458.05  0.000e+00
     10.203   71.21832 -164.24720     3.1713    30.9451    1458.05  0.000e+00
     10.203   71.21832 -164.24720     3.1713    30.9453    1458.05  0.000e+00
     10.288   71.21832 -164.24720     3.1710    30.9454    1458.05  0.000e+00
     10.203   71.21832 -164.24720     3.1710    30.9456    1458.05  0.000e+00
     10.257   71.21832 -164.24720     3.1710    30.9454    1458.05  0.000e+00
     10.257   71.21832 -164.24720     3.1708    30.9453    1458.05  0.000e+00
     10.203   71.21832 -164.24720     3.1711    30.9456    1458.05  0.000e+00
     10.311   71.21832 -164.24720     3.1710    30.9456    1458.05  0.000e+00
     10.226   71.21832 -164.24720     3.1708    30.9456    1458.05  0.000e+00
     10.311   71.21832 -164.24720     3.1711    30.9456    1458.05  0.000e+00
     10.257   71.21832 -164.24720     3.1710    30.9461    1458.05  0.000e+00
     10.257   71.21832 -164.24720     3.1711    30.9458    1458.05  0.000e+00
     10.311   71.21832 -164.24720     3.1710    30.9459    1458.05  0.000e+00
     10.311   71.21832 -164.24720     3.1711    30.9459    1458.05  0.000e+00
     10.257   71.21832 -164.24720     3.1711    30.9460    1458.05  0.000e+00
     10.342   71.21832 -164.24720     3.1713    30.9464    1458.05  0.000e+00
     10.311   71.21832 -164.24720     3.1711    30.9462    1458.05  0.000e+00
     10.311   71.21832 -164.24720     3.1714    30.9457    1458.05  0.000e+00
     10.311   71.21832 -164.24720     3.1714    30.9457    1458.05  0.000e+00
     10.373   71.21832 -164.24720     3.1714    30.9454    1458.05  0.000e+00
     10.373   71.21832 -164.24720     3.1714    30.9458    1458.05  0.000e+00
     10.288   71.21832 -164.24720     3.1716    30.9458    1458.05  0.000e+00
     10.427   71.21832 -164.24720     3.1714    30.9459    1458.05  0.000e+00
     10.373   71.21832 -164.24720     3.1716    30.9458    1458.05  0.000e+00
     10.311   71.21832 -164.24720     3.1716    30.9460    1458.05  0.000e+00
     10.427   71.21832 -164.24720     3.1716    30.9462    1458.06  0.000e+00
     10.373   71.21832 -164.24720     3.1719    30.9460    1458.06  0.000e+00
     10.311   71.21832 -164.24720     3.1719    30.9458    1458.05  0.000e+00
     10.511   71.21832 -164.24720     3.1719    30.9459    1458.06  0.000e+00
     10.427   71.21832 -164.24720     3.1719    30.9458    1458.06  0.000e+00
     10.373   71.21832 -164.24720     3.1719    30.9458    1458.06  0.000e+00
     10.488   71.21832 -164.24720     3.1719    30.9459    1458.06  0.000e+00
     10.427   71.21832 -164.24720     3.1719    30.9456    1458.06  0.000e+00
     10.427   71.21832 -164.24720     3.1719    30.9457    1458.06  0.000e+00
     10.457   71.21832 -164.24720     3.1721    30.9456    1458.06  0.000e+00
     10.488   71.21832 -164.24720     3.1718    30.9456    1458.06  0.000e+00
     10.488   71.21832 -164.24720     3.1718    30.9456    1458.06  0.000e+00
     10.488   71.21832 -164.24720     3.1716    30.9455    1458.06  0.000e+00
     10.488   71.21832 -164.24720     3.1716    30.9455    1458.06  0.000e+00
     10.488   71.21832 -164.24720     3.1718    30.9453    1458.06  0.000e+00
     10.511   71.21832 -164.24720     3.1718    30.9455    1458.06  0.000e+00
     10.542   71.21832 -164.24720     3.1718    30.9451    1458.06  0.000e+00
     10.488   71.21832 -164.24720     3.1716    30.9456    1458.06  0.000e+00
     10.542   71.21832 -164.24720     3.1716    30.9455    1458.06  0.000e+00
     10.542   71.21832 -164.24720     3.1716    30.9452    1458.06  0.000e+00
     10.542   71.21832 -164.24720     3.1714    30.9457    1458.06  0.000e+00
     10.573   71.21832 -164.24720     3.1718    30.9455    1458.06  0.000e+00
     10.604   71.21832 -164.24720     3.1716    30.9457    1458.06  0.000e+00
     10.542   71.21832 -164.24720     3.1714    30.9459    1458.06  0.000e+00
     10.604   71.21832 -164.24720     3.1716    30.9463    1458.06  0.000e+00
     10.542   71.21832 -164.24720     3.1719    30.9466    1458.06  0.000e+00
     10.658   71.21832 -164.24720     3.1718    30.9469    1458.06  0.000e+00
     10.604   71.21832 -164.24720     3.1722    30.9468    1458.06  0.000e+00
     10.627   71.21832 -164.24720     3.1724    30.9468    1458.06  0.000e+00
     10.604   71.21832 -164.24720     3.1724    30.9468    1458.06  0.000e+00
     10.604   71.21832 -164.24720     3.1726    30.9462    1458.06  0.000e+00
     10.658   71.21832 -164.24720     3.1727    30.9457    1458.06  0.000e+00
     10.658   71.21832 -164.24720     3.1726    30.9456    1458.06  0.000e+00
     10.658   71.21832 -164.24720     3.1726    30.9451    1458.06  0.000e+00
     10.689   71.21832 -164.24720     3.1724    30.9453    1458.06  0.000e+00
     10.658   71.21832 -164.24720     3.1721    30.9451    1458.06  0.000e+00
     10.658   71.21832 -164.24720     3.1721    30.9451    1458.06  0.000e+00
     10.712   71.21832 -164.24720     3.1719    30.9449    1458.06  0.000e+00
     10.712   71.21832 -164.24720     3.1714    30.9452    1458.06  0.000e+00
     10.712   71.21832 -164.24720     3.1714    30.9454    1458.06  0.000e+00
     10.689   71.21832 -164.24720     3.1714    30.9453    1458.06  0.000e+00
     10.712   71.21832 -164.24720     3.1713    30.9454    1458.06  0.000e+00
     10.712   71.21832 -164.24720     3.1713    30.9456    1458.06  0.000e+00
     10.773   71.21832 -164.24720     3.1714    30.9457    1458.06  0.000e+00
     10.712   71.21832 -164.24720     3.1711    30.9455    1458.06  0.000e+00
     10.773   71.21832 -164.24720     3.1714    30.9455    1458.06  0.000e+00
     10.742   71.21832 -164.24720     3.1713    30.9457    1458.06  0.000e+00
     10.773   71.21832 -164.24720     3.1713    30.9456    1458.06  0.000e+00
     10.773   71.21832 -164.24720     3.1711    30.9464    1458.06  0.000e+00
     10.773   71.21832 -164.24720     3.1711    30.9460    1458.06  0.000e+00
     10.773   71.21832 -164.24720     3.1716    30.9459    1458.06  0.000e+00
     10.827   71.21832 -164.24720     3.1714    30.9458    1458.06  0.000e+00
     10.796   71.21832 -164.24720     3.1714    30.9459    1458.06  0.000e+00
     10.773   71.21832 -164.24720     3.1716    30.9461    1458.06  0.000e+00
     10.827   71.21832 -164.24720     3.1718    30.9455    1458.06  0.000e+00
     10.827   71.21832 -164.24720     3.1718    30.9454    1458.06  0.000e+00
     10.827   71.21832 -164.24720     3.1716    30.9456    1458.06  0.000e+00
     10.827   71.21832 -164.24720     3.1716    30.9453    1458.06  0.000e+00
     10.796   71.21832 -164.24720     3.1716    30.9457    1458.06  0.000e+00
     10.889   71.21832 -164.24720     3.1716    30.9460    1458.06  0.000e+00
     10.827   71.21832 -164.24720     3.1716    30.9459    1458.06  0.000e+00
     10.889   71.21832 -164.24720     3.1716    30.9460    1458.06  0.000e+00
     10.827   71.21832 -164.24720     3.1716    30.9461    1458.06  0.000e+00
     10.889   71.21832 -164.24720     3.1719    30.9462    1458.06  0.000e+00
     10.858   71.21832 -164.24720     3.1716    30.9468    1458.06  0.000e+00
     10.889   71.21832 -164.24720     3.1718    30.9467    1458.06  0.000e+00
     10.889   71.21832 -164.24720     3.1719    30.9468    1458.06  0.000e+00
     10.889   71.21832 -164.24720     3.1721    30.9469    1458.07  0.000e+00
     10.943   71.21832 -164.24720     3.1722    30.9470    1458.07  0.000e+00
     10.889   71.21832 -164.24720     3.1726    30.9466    1458.07  0.000e+00
     10.912   71.21832 -164.24720     3.1726    30.9469    1458.07  0.000e+00
     10.943   71.21832 -164.24720     3.1726    30.9466    1458.07  0.000e+00
     10.889   71.21832 -164.24720     3.1726    30.9465    1458.07  0.000e+00
     10.943   71.21832 -164.24720     3.1729    30.9454    1458.07  0.000e+00
     10.889   71.21832 -164.24720     3.1724    30.9460    1458.07  0.000e+00
     10.943   71.21832 -164.24720     3.1724    30.9459    1458.07  0.000e+00
     10.974   71.21832 -164.24720     3.1724    30.9456    1458.07  0.000e+00
     10.943   71.21832 -164.24720     3.1724    30.9460    1458.07  0.000e+00
     10.943   71.21832 -164.24720     3.1724    30.9457    1458.07  0.000e+00
     10.943   71.21832 -164.24720     3.1722    30.9459    1458.07  0.000e+00
     10.997   71.21832 -164.24720     3.1722    30.9460    1458.07  0.000e+00
     10.943   71.21832 -164.24720     3.1722    30.9460    1458.07  0.000e+00
     10.973   71.21832 -164.24720     3.1721    30.9461    1458.07  0.000e+00
