EcoFOCI/data/1_SampleCollection/2023_SikuliaqDBO_CruiseData/CTD_raw_BottleFile_SKQ23-12S/proc/skq202312s_037.cnv
* Sea-Bird SBE 9 Data File:
* FileName = D:\CTD\SKQ202312S\SKQ202312S_037.hex
* Software Version Seasave V 7.26.7.121
* Temperature SN = 6177
* Conductivity SN = 0369
* Number of Bytes Per Scan = 41
* Number of Voltage Words = 4
* Number of Scans Averaged by the Deck Unit = 1
* NMEA Latitude = 71 11.55 N
* NMEA Longitude = 160 15.97 W
* NMEA UTC (Time) = Sep 23 2023  07:57:53
* NMEA baud rate = 4800
** Ship: R/V Sikuliaq
** Station Number: 037
** Station Name: DBO4.1n
** Bottom Depth: 54
** Operator: SS
# nquan = 24
# nvalues = 6245                                  
# units = specified
# name 0 = depSM: Depth [salt water, m]
# name 1 = latitude: Latitude [deg]
# name 2 = longitude: Longitude [deg]
# name 3 = prDM: Pressure, Digiquartz [db]
# name 4 = t090C: Temperature [ITS-90, deg C]
# name 5 = t190C: Temperature, 2 [ITS-90, deg C]
# name 6 = potemp090C: Potential Temperature [ITS-90, deg C]
# name 7 = sal00: Salinity, Practical [PSU]
# name 8 = sal11: Salinity, Practical, 2 [PSU]
# name 9 = density00: Density [density, kg/m^3]
# name 10 = sigma-é00: Density [sigma-theta, kg/m^3]
# name 11 = sbox0Mm/Kg: Oxygen, SBE 43 [umol/kg]
# name 12 = sbox1Mm/Kg: Oxygen, SBE 43, 2 [umol/kg]
# name 13 = oxsolMm/Kg: Oxygen Saturation, Garcia & Gordon [umol/kg]
# name 14 = sbeox0PS: Oxygen, SBE 43 [% saturation]
# name 15 = sbeox1PS: Oxygen, SBE 43, 2 [% saturation]
# name 16 = v0: Voltage 0
# name 17 = flECO-AFL: Fluorescence, WET Labs ECO-AFL/FL [mg/m^3]
# name 18 = v1: Voltage 1
# name 19 = CStarAt0: Beam Attenuation, WET Labs C-Star [1/m]
# name 20 = par: PAR/Irradiance, Biospherical/Licor
# name 21 = scan: Scan Count
# name 22 = timeM: Time, Elapsed [minutes]
# name 23 = flag:  0.000e+00
# span 0 =      1.857,     49.173                 
# span 1 =   71.19246,   71.19248                 
# span 2 = -160.26612, -160.26610                 
# span 3 =      1.876,     49.685                 
# span 4 =    -1.6781,     2.3758                 
# span 5 =    -1.6768,     2.3778                 
# span 6 =    -1.6787,     2.3754                 
# span 7 =    28.4791,    32.6600                 
# span 8 =    28.4902,    32.6740                 
# span 9 =  1022.7416,  1026.5149                 
# span 10 =    22.7301,    26.2756                
# span 11 =    260.460,    493.476                
# span 12 =    248.935,    471.618                
# span 13 =  342.08078,  370.53992                
# span 14 =     70.295,    134.726                
# span 15 =     67.192,    128.708                
# span 16 =     0.0733,     0.4811                
# span 17 =     0.0916,     2.5384                
# span 18 =     3.1819,     4.1697                
# span 19 =     0.4894,     1.5712                
# span 20 = 1.0000e-12, 1.0477e+00                
# span 21 =          1,       6245                
# span 22 =     0.0000,     4.3361                
# span 23 = 0.0000e+00, 0.0000e+00                
# interval = seconds: 0.0416667
# start_time = Sep 23 2023 08:01:24 [NMEA time, first data scan]
# bad_flag = -9.990e-29
*END*
[from data line 3925]
     42.583   71.19248 -160.26610     43.026    -1.6769    -1.6757    -1.6776    32.6575    32.6694  1026.4816    26.2736    262.838    250.510  370.53244     70.935     67.617     0.0757     0.1062     3.2466     1.4906 1.0000e-12       3926     2.7257  0.000e+00
     42.529   71.19248 -160.26610     42.971    -1.6767    -1.6756    -1.6774    32.6575    32.6695  1026.4813    26.2737    262.815    250.709  370.53001     70.930     67.671     0.0769     0.1135     3.2466     1.4906 8.4714e-06       3927     2.7264  0.000e+00
     42.529   71.19248 -160.26610     42.971    -1.6768    -1.6756    -1.6775    32.6575    32.6693  1026.4813    26.2736    262.800    250.713  370.53130     70.925     67.672     0.0769     0.1135     3.2466     1.4906 8.4714e-06       3928     2.7271  0.000e+00
     42.529   71.19248 -160.26610     42.971    -1.6769    -1.6754    -1.6776    32.6578    32.6693  1026.4815    26.2739    262.785    250.750  370.53158     70.921     67.682     0.0769     0.1135     3.2466     1.4906 1.0000e-12       3929     2.7278  0.000e+00
     42.529   71.19248 -160.26610     42.971    -1.6768    -1.6756    -1.6775    32.6575    32.6696  1026.4813    26.2736    262.772    250.526  370.53130     70.918     67.621     0.0769     0.1135     3.2466     1.4906 8.4714e-06       3930     2.7285  0.000e+00
     42.583   71.19248 -160.26610     43.026    -1.6771    -1.6754    -1.6778    32.6578    32.6694  1026.4819    26.2739    262.765    250.731  370.53311     70.916     67.677     0.0818     0.1428     3.2466     1.4906 1.0000e-12       3931     2.7292  0.000e+00
     42.521   71.19248 -160.26610     42.963    -1.6769    -1.6751    -1.6776    32.6574    32.6694  1026.4812    26.2736    262.234    250.503  370.53271     70.772     67.616     0.0977     0.2381     3.2466     1.4906 1.0000e-12       3932     2.7299  0.000e+00
     42.529   71.19248 -160.26610     42.971    -1.6768    -1.6753    -1.6776    32.6574    32.6696  1026.4812    26.2736    262.600    250.480  370.53207     70.871     67.609     0.1026     0.2674     3.2466     1.4906 8.4714e-06       3933     2.7306  0.000e+00
     42.529   71.19248 -160.26610     42.971    -1.6769    -1.6748    -1.6776    32.6573    32.6699  1026.4811    26.2735    262.546    250.683  370.53297     70.856     67.665     0.1026     0.2674     3.2466     1.4906 1.0000e-12       3934     2.7313  0.000e+00
     42.529   71.19248 -160.26610     42.971    -1.6769    -1.6748    -1.6776    32.6572    32.6691  1026.4811    26.2735    262.492    250.464  370.53310     70.842     67.606     0.1013     0.2601     3.2466     1.4906 1.0000e-12       3935     2.7319  0.000e+00
     42.529   71.19248 -160.26610     42.971    -1.6768    -1.6748    -1.6775    32.6573    32.6693  1026.4812    26.2735    262.541    250.442  370.53168     70.855     67.600     0.1026     0.2674     3.2491     1.4876 1.0000e-12       3936     2.7326  0.000e+00
     42.529   71.19248 -160.26610     42.971    -1.6768    -1.6747    -1.6775    32.6574    32.6690  1026.4812    26.2736    262.543    250.421  370.53155     70.856     67.594     0.1013     0.2601     3.2540     1.4816 1.0000e-12       3937     2.7333  0.000e+00
     42.529   71.19248 -160.26610     42.971    -1.6768    -1.6747    -1.6775    32.6572    32.6692  1026.4810    26.2734    262.600    250.632  370.53219     70.871     67.651     0.1026     0.2674     3.2552     1.4801 1.0000e-12       3938     2.7340  0.000e+00
     42.529   71.19248 -160.26610     42.971    -1.6768    -1.6743    -1.6776    32.6574    32.6692  1026.4812    26.2736    262.608    250.643  370.53207     70.873     67.655     0.1001     0.2527     3.2540     1.4816 8.4714e-06       3939     2.7347  0.000e+00
     42.521   71.19248 -160.26610     42.963    -1.6769    -1.6747    -1.6776    32.6578    32.6694  1026.4815    26.2739    262.618    250.658  370.53156     70.876     67.659     0.1013     0.2601     3.2552     1.4801 1.0000e-12       3940     2.7354  0.000e+00
     42.529   71.19248 -160.26610     42.971    -1.6768    -1.6744    -1.6775    32.6577    32.6695  1026.4815    26.2738    262.630    250.439  370.53054     70.879     67.600     0.1013     0.2601     3.2552     1.4801 8.4714e-06       3941     2.7361  0.000e+00
     42.529   71.19248 -160.26610     42.971    -1.6771    -1.6744    -1.6778    32.6578    32.6694  1026.4815    26.2739    262.647    250.652  370.53326     70.883     67.658     0.1013     0.2601     3.2552     1.4801 1.0000e-12       3942     2.7368  0.000e+00
     42.529   71.19248 -160.26610     42.971    -1.6771    -1.6743    -1.6778    32.6581    32.6692  1026.4818    26.2742    262.663    250.667  370.53225     70.888     67.662     0.1013     0.2601     3.2552     1.4801 8.4714e-06       3943     2.7375  0.000e+00
     42.467   71.19248 -160.26610     42.909    -1.6769    -1.6740    -1.6776    32.6577    32.6690  1026.4812    26.2738    262.679    250.678  370.53172     70.892     67.665     0.1013     0.2601     3.2552     1.4801 1.0000e-12       3944     2.7382  0.000e+00
     42.529   71.19248 -160.26610     42.971    -1.6768    -1.6744    -1.6776    32.6575    32.6695  1026.4813    26.2736    262.702    250.697  370.53182     70.899     67.670     0.1013     0.2601     3.2540     1.4816 1.0000e-12       3945     2.7389  0.000e+00
     42.529   71.19248 -160.26610     42.971    -1.6768    -1.6744    -1.6775    32.6578    32.6694  1026.4816    26.2739    262.776    250.712  370.53029     70.919     67.674     0.1013     0.2601     3.2552     1.4801 1.0000e-12       3946     2.7396  0.000e+00
     42.529   71.19248 -160.26610     42.971    -1.6769    -1.6743    -1.6776    32.6579    32.6695  1026.4816    26.2740    262.804    250.496  370.53120     70.926     67.615     0.1026     0.2674     3.2552     1.4801 1.0000e-12       3947     2.7403  0.000e+00
     42.467   71.19248 -160.26610     42.909    -1.6769    -1.6744    -1.6776    32.6583    32.6694  1026.4816    26.2743    262.830    250.708  370.53007     70.934     67.673     0.1013     0.2601     3.2540     1.4816 1.0000e-12       3948     2.7410  0.000e+00
     42.529   71.19248 -160.26610     42.971    -1.6768    -1.6744    -1.6775    32.6584    32.6693  1026.4821    26.2744    262.862    250.496  370.52851     70.943     67.615     0.1026     0.2674     3.2552     1.4801 1.0000e-12       3949     2.7417  0.000e+00
     42.467   71.19248 -160.26610     42.909    -1.6766    -1.6744    -1.6774    32.6582    32.6693  1026.4816    26.2742    262.893    250.479  370.52748     70.951     67.611     0.1013     0.2601     3.2552     1.4801 1.0000e-12       3950     2.7424  0.000e+00
     42.529   71.19248 -160.26610     42.971    -1.6766    -1.6743    -1.6774    32.6581    32.6692  1026.4818    26.2741    262.931    250.468  370.52771     70.961     67.608     0.1026     0.2674     3.2540     1.4816 1.0000e-12       3951     2.7431  0.000e+00
     42.529   71.19248 -160.26610     42.971    -1.6764    -1.6744    -1.6771    32.6578    32.6691  1026.4816    26.2739    262.915    250.687  370.52615     70.957     67.667     0.1013     0.2601     3.2552     1.4801 8.4714e-06       3952     2.7437  0.000e+00
     42.467   71.19248 -160.26610     42.909    -1.6766    -1.6744    -1.6774    32.6577    32.6687  1026.4812    26.2738    262.900    250.475  370.52887     70.953     67.609     0.1026     0.2674     3.2540     1.4816 8.4714e-06       3953     2.7444  0.000e+00
     42.529   71.19248 -160.26610     42.971    -1.6762    -1.6745    -1.6769    32.6572    32.6690  1026.4810    26.2734    262.677    250.697  370.52572     70.893     67.669     0.1013     0.2601     3.2552     1.4801 1.0000e-12       3954     2.7451  0.000e+00
     42.467   71.19248 -160.26610     42.909    -1.6762    -1.6743    -1.6769    32.6575    32.6690  1026.4810    26.2736    262.665    250.485  370.52484     70.890     67.612     0.1026     0.2674     3.2540     1.4816 8.4714e-06       3955     2.7458  0.000e+00
     42.521   71.19248 -160.26610     42.963    -1.6763    -1.6744    -1.6771    32.6577    32.6692  1026.4815    26.2738    262.612    250.477  370.52587     70.875     67.610     0.1013     0.2601     3.2527     1.4831 1.0000e-12       3956     2.7465  0.000e+00
     42.467   71.19248 -160.26610     42.909    -1.6763    -1.6745    -1.6771    32.6578    32.6695  1026.4813    26.2739    262.608    250.468  370.52564     70.874     67.608     0.0904     0.1941     3.2479     1.4891 1.0000e-12       3957     2.7472  0.000e+00
     42.529   71.19248 -160.26610     42.971    -1.6761    -1.6750    -1.6768    32.6573    32.6695  1026.4811    26.2734    262.559    250.467  370.52494     70.861     67.606     0.0806     0.1355     3.2466     1.4906 1.0000e-12       3958     2.7479  0.000e+00
     42.467   71.19248 -160.26610     42.909    -1.6762    -1.6750    -1.6769    32.6575    32.6696  1026.4810    26.2737    261.988    250.459  370.52472     70.707     67.604     0.0794     0.1282     3.2466     1.4906 8.4714e-06       3959     2.7486  0.000e+00
     42.467   71.19248 -160.26610     42.909    -1.6760    -1.6753    -1.6767    32.6576    32.6695  1026.4810    26.2737    262.417    250.458  370.52291     70.823     67.603     0.0794     0.1282     3.2466     1.4906 8.4714e-06       3960     2.7493  0.000e+00
     42.467   71.19248 -160.26610     42.909    -1.6759    -1.6754    -1.6766    32.6576    32.6692  1026.4810    26.2737    262.691    250.457  370.52174     70.898     67.603     0.0806     0.1355     3.2466     1.4906 1.0000e-12       3961     2.7500  0.000e+00
     42.529   71.19248 -160.26610     42.971    -1.6759    -1.6757    -1.6766    32.6571    32.6697  1026.4810    26.2733    262.761    250.459  370.52312     70.916     67.603     0.0794     0.1282     3.2466     1.4906 8.4714e-06       3962     2.7507  0.000e+00
     42.467   71.19248 -160.26610     42.909    -1.6757    -1.6756    -1.6764    32.6570    32.6694  1026.4806    26.2733    262.827    250.456  370.52158     70.934     67.602     0.0806     0.1355     3.2466     1.4906 1.0000e-12       3963     2.7514  0.000e+00
     42.405   71.19248 -160.26610     42.846    -1.6758    -1.6757    -1.6765    32.6573    32.6697  1026.4805    26.2735    262.896    250.456  370.52200     70.953     67.602     0.0794     0.1282     3.2466     1.4906 1.0000e-12       3964     2.7521  0.000e+00
     42.529   71.19248 -160.26610     42.971    -1.6755    -1.6757    -1.6763    32.6573    32.6696  1026.4811    26.2735    262.919    250.464  370.51899     70.960     67.604     0.0806     0.1355     3.2466     1.4906 1.0000e-12       3965     2.7528  0.000e+00
     42.467   71.19248 -160.26610     42.909    -1.6757    -1.6759    -1.6764    32.6572    32.6696  1026.4807    26.2734    262.939    250.433  370.52107     70.965     67.596     0.0806     0.1355     3.2466     1.4906 8.4714e-06       3966     2.7535  0.000e+00
     42.529   71.19248 -160.26610     42.971    -1.6757    -1.6759    -1.6764    32.6575    32.6693  1026.4813    26.2736    263.014    250.405  370.52017     70.985     67.588     0.0806     0.1355     3.2466     1.4906 1.0000e-12       3967     2.7542  0.000e+00
     42.529   71.19248 -160.26610     42.971    -1.6759    -1.6760    -1.6766    32.6574    32.6697  1026.4812    26.2736    263.039    250.410  370.52223     70.991     67.589     0.0806     0.1355     3.2466     1.4906 1.0000e-12       3968     2.7549  0.000e+00
     42.467   71.19248 -160.26610     42.909    -1.6757    -1.6759    -1.6764    32.6575    32.6694  1026.4810    26.2737    263.058    250.413  370.52006     70.997     67.590     0.0806     0.1355     3.2466     1.4906 8.4714e-06       3969     2.7556  0.000e+00
     42.529   71.19248 -160.26610     42.971    -1.6759    -1.6759    -1.6766    32.6576    32.6695  1026.4814    26.2737    263.084    250.421  370.52160     71.004     67.593     0.0806     0.1355     3.2466     1.4906 1.0000e-12       3970     2.7563  0.000e+00
     42.529   71.19248 -160.26610     42.971    -1.6756    -1.6760    -1.6764    32.6573    32.6692  1026.4811    26.2735    263.106    250.662  370.52016     71.010     67.657     0.0806     0.1355     3.2466     1.4906 1.0000e-12       3971     2.7569  0.000e+00
     42.467   71.19248 -160.26610     42.909    -1.6759    -1.6757    -1.6766    32.6571    32.6693  1026.4807    26.2733    263.129    250.434  370.52313     71.016     67.596     0.0806     0.1355     3.2466     1.4906 1.0000e-12       3972     2.7576  0.000e+00
     42.521   71.19248 -160.26610     42.963    -1.6760    -1.6757    -1.6767    32.6575    32.6694  1026.4813    26.2737    263.154    250.443  370.52300     71.022     67.599     0.0794     0.1282     3.2466     1.4906 1.0000e-12       3973     2.7583  0.000e+00
     42.529   71.19248 -160.26610     42.971    -1.6759    -1.6757    -1.6766    32.6576    32.6696  1026.4813    26.2737    263.176    250.452  370.52173     71.029     67.601     0.0806     0.1355     3.2466     1.4906 8.4714e-06       3974     2.7590  0.000e+00
     42.529   71.19248 -160.26610     42.971    -1.6760    -1.6759    -1.6767    32.6577    32.6699  1026.4815    26.2738    263.200    250.430  370.52251     71.035     67.595     0.0806     0.1355     3.2466     1.4906 8.4714e-06       3975     2.7597  0.000e+00
     42.529   71.19248 -160.26610     42.971    -1.6760    -1.6756    -1.6767    32.6574    32.6693  1026.4812    26.2736    263.224    250.440  370.52327     71.041     67.598     0.0806     0.1355     3.2479     1.4891 8.4714e-06       3976     2.7604  0.000e+00
     42.529   71.19248 -160.26610     42.971    -1.6759    -1.6757    -1.6767    32.6573    32.6696  1026.4812    26.2735    263.246    250.452  370.52301     71.047     67.601     0.0794     0.1282     3.2527     1.4831 1.0000e-12       3977     2.7611  0.000e+00
     42.529   71.19248 -160.26610     42.971    -1.6759    -1.6756    -1.6766    32.6574    32.6693  1026.4812    26.2736    263.269    250.465  370.52223     71.053     67.605     0.0806     0.1355     3.2552     1.4801 1.0000e-12       3978     2.7618  0.000e+00
     42.529   71.19248 -160.26610     42.971    -1.6762    -1.6754    -1.6769    32.6572    32.6691  1026.4810    26.2734    263.034    250.446  370.52572     70.989     67.600     0.0794     0.1282     3.2552     1.4801 8.4714e-06       3979     2.7625  0.000e+00
     42.583   71.19248 -160.26610     43.026    -1.6759    -1.6753    -1.6766    32.6567    32.6692  1026.4809    26.2730    262.228    250.461  370.52436     70.772     67.604     0.0806     0.1355     3.2552     1.4801 1.0000e-12       3980     2.7632  0.000e+00
     42.583   71.19248 -160.26610     43.026    -1.6762    -1.6754    -1.6769    32.6572    32.6694  1026.4813    26.2734    263.000    250.444  370.52581     70.980     67.599     0.0794     0.1282     3.2552     1.4801 1.0000e-12       3981     2.7639  0.000e+00
     42.583   71.19248 -160.26610     43.026    -1.6762    -1.6753    -1.6769    32.6570    32.6693  1026.4812    26.2733    263.029    250.426  370.52619     70.988     67.595     0.0830     0.1502     3.2552     1.4801 1.0000e-12       3982     2.7646  0.000e+00
     42.583   71.19248 -160.26610     43.026    -1.6762    -1.6753    -1.6770    32.6570    32.6687  1026.4812    26.2733    263.059    250.443  370.52671     70.996     67.599     0.0904     0.1941     3.2552     1.4801 1.0000e-12       3983     2.7653  0.000e+00
     42.583   71.19248 -160.26610     43.026    -1.6762    -1.6751    -1.6769    32.6567    32.6686  1026.4809    26.2730    262.307    250.426  370.52708     70.793     67.595     0.0916     0.2015     3.2552     1.4801 8.4714e-06       3984     2.7660  0.000e+00
