EcoFOCI/data/1_SampleCollection/2023_SikuliaqDBO_CruiseData/CTD_raw_BottleFile_SKQ23-12S/proc/skq202312s_034.cnv
* Sea-Bird SBE 9 Data File:
* FileName = D:\CTD\SKQ202312S\SKQ202312S_034.hex
* Software Version Seasave V 7.26.7.121
* Temperature SN = 6177
* Conductivity SN = 0369
* Number of Bytes Per Scan = 41
* Number of Voltage Words = 4
* Number of Scans Averaged by the Deck Unit = 1
* NMEA Latitude = 71 37.15 N
* NMEA Longitude = 157 55.43 W
* NMEA UTC (Time) = Sep 21 2023  16:36:56
* NMEA baud rate = 4800
** Ship: R/V Sikuliaq
** Station Number: 034
** Station Name: DBO5.10
** Bottom Depth: 62
** Operator: SD
# nquan = 24
# nvalues = 4950                                  
# units = specified
# name 0 = depSM: Depth [salt water, m]
# name 1 = latitude: Latitude [deg]
# name 2 = longitude: Longitude [deg]
# name 3 = prDM: Pressure, Digiquartz [db]
# name 4 = t090C: Temperature [ITS-90, deg C]
# name 5 = t190C: Temperature, 2 [ITS-90, deg C]
# name 6 = potemp090C: Potential Temperature [ITS-90, deg C]
# name 7 = sal00: Salinity, Practical [PSU]
# name 8 = sal11: Salinity, Practical, 2 [PSU]
# name 9 = density00: Density [density, kg/m^3]
# name 10 = sigma-é00: Density [sigma-theta, kg/m^3]
# name 11 = sbox0Mm/Kg: Oxygen, SBE 43 [umol/kg]
# name 12 = sbox1Mm/Kg: Oxygen, SBE 43, 2 [umol/kg]
# name 13 = oxsolMm/Kg: Oxygen Saturation, Garcia & Gordon [umol/kg]
# name 14 = sbeox0PS: Oxygen, SBE 43 [% saturation]
# name 15 = sbeox1PS: Oxygen, SBE 43, 2 [% saturation]
# name 16 = v0: Voltage 0
# name 17 = flECO-AFL: Fluorescence, WET Labs ECO-AFL/FL [mg/m^3]
# name 18 = v1: Voltage 1
# name 19 = CStarAt0: Beam Attenuation, WET Labs C-Star [1/m]
# name 20 = par: PAR/Irradiance, Biospherical/Licor
# name 21 = scan: Scan Count
# name 22 = timeM: Time, Elapsed [minutes]
# name 23 = flag:  0.000e+00
# span 0 =      3.478,     56.893                 
# span 1 =   71.61914,   71.61918                 
# span 2 = -157.92404, -157.92392                 
# span 3 =      3.514,     57.488                 
# span 4 =    -1.6923,     2.3246                 
# span 5 =    -1.6915,     2.3255                 
# span 6 =    -1.6933,     2.3243                 
# span 7 =    29.6606,    32.9205                 
# span 8 =    29.6710,    32.9301                 
# span 9 =  1023.6974,  1026.7651                 
# span 10 =    23.6747,    26.4878                
# span 11 =    275.216,    402.341                
# span 12 =    261.786,    374.358                
# span 13 =  341.61769,  369.91648                
# span 14 =     74.503,    112.184                
# span 15 =     70.895,    105.255                
# span 16 =     0.0659,     0.1783                
# span 17 =     0.0476,     0.7216                
# span 18 =     3.0220,     4.1929                
# span 19 =     0.4672,     1.7776                
# span 20 = 1.0000e-12, 1.1349e+01                
# span 21 =          1,       4950                
# span 22 =     0.0000,     3.4368                
# span 23 = 0.0000e+00, 0.0000e+00                
# interval = seconds: 0.0416667
# start_time = Sep 21 2023 16:38:35 [NMEA time, first data scan]
# bad_flag = -9.990e-29
*END*
[from data line 1329]
     11.939   71.61916 -157.92396     12.063    -0.0388    -0.0228    -0.0392    31.6575    31.6536  1025.4680    25.4102    400.869    364.528  357.50101    112.131    102.005     0.1661     0.6483     4.1429     0.5153 3.7014e+00       1330     0.9229  0.000e+00
     11.939   71.61916 -157.92396     12.063    -0.0246    -0.0242    -0.0249    31.6456    31.6600  1025.4578    25.4000    400.696    364.851  357.40025    112.114    102.097     0.1636     0.6337     4.1429     0.5153 3.7014e+00       1331     0.9236  0.000e+00
     11.993   71.61916 -157.92396     12.117    -0.0235    -0.0352    -0.0239    31.6471    31.6787  1025.4592    25.4011    400.394    365.227  357.38601    112.034    102.188     0.1612     0.6190     4.1429     0.5153 3.6800e+00       1332     0.9243  0.000e+00
     11.939   71.61916 -157.92396     12.063    -0.0093    -0.0252    -0.0097    31.6357    31.6750  1025.4491    25.3913    400.178    365.171  357.28503    112.005    102.196     0.1587     0.6044     4.1429     0.5153 3.6587e+00       1333     0.9250  0.000e+00
     11.970   71.61916 -157.92396     12.094     0.0139    -0.0206     0.0135    31.6199    31.6736  1025.4355    25.3775    399.553    365.151  357.11147    111.885    102.201     0.1587     0.6044     4.1429     0.5153 3.6587e+00       1334     0.9257  0.000e+00
     11.993   71.61916 -157.92396     12.117     0.0754     0.0082     0.0751    31.5716    31.6435  1025.3939    25.3359    398.752    365.091  356.66978    111.799    102.238     0.1587     0.6044     4.1429     0.5153 3.6375e+00       1335     0.9264  0.000e+00
     11.939   71.61916 -157.92396     12.063     0.1852     0.0567     0.1848    31.4740    31.5938  1025.3101    25.2523    397.258    364.827  355.91653    111.615    102.255     0.1587     0.6044     4.1429     0.5153 3.6270e+00       1336     0.9271  0.000e+00
     11.993   71.61916 -157.92396     12.117     0.2813     0.1200     0.2809    31.3830    31.5320  1025.2325    25.1745    396.080    364.218  355.27446    111.486    102.204     0.1600     0.6117     4.1429     0.5153 3.6165e+00       1337     0.9278  0.000e+00
     11.939   71.61916 -157.92396     12.063     0.3134     0.2144     0.3130    31.3506    31.4438  1025.2047    25.1470    395.297    363.482  355.06607    111.331    102.180     0.1587     0.6044     4.1429     0.5153 3.6165e+00       1338     0.9285  0.000e+00
     11.939   71.61916 -157.92396     12.063     0.3486     0.3094     0.3482    31.3167    31.3576  1025.1757    25.1180    394.671    362.528  354.83340    111.227    102.096     0.1600     0.6117     4.1429     0.5153 3.5955e+00       1339     0.9292  0.000e+00
     11.939   71.61916 -157.92396     12.063     0.4106     0.4012     0.4102    31.2600    31.2738  1025.1270    25.0694    393.807    361.769  354.41712    111.114    102.060     0.1600     0.6117     4.1429     0.5153 3.5851e+00       1340     0.9299  0.000e+00
     11.939   71.61916 -157.92396     12.063     0.4812     0.4868     0.4808    31.1970    31.1961  1025.0729    25.0153    392.365    360.856  353.93873    110.857    101.969     0.1587     0.6044     4.1429     0.5153 3.5851e+00       1341     0.9306  0.000e+00
     11.993   71.61916 -157.92396     12.117     0.5595     0.5601     0.5591    31.1275    31.1289  1025.0134    24.9555    391.289    360.250  353.40872    110.719    101.938     0.1600     0.6117     4.1429     0.5153 3.5643e+00       1342     0.9313  0.000e+00
     11.939   71.61916 -157.92396     12.063     0.6237     0.5937     0.6233    31.0683    31.0988  1024.9623    24.9047    390.160    359.958  352.98152    110.533    101.921     0.1587     0.6044     4.1416     0.5164 3.5643e+00       1343     0.9319  0.000e+00
     11.908   71.61916 -157.92396     12.032     0.6480     0.6092     0.6476    31.0465    31.0897  1024.9433    24.8859    389.622    359.602  352.81852    110.431    101.854     0.1587     0.6044     4.1416     0.5164 3.5643e+00       1344     0.9326  0.000e+00
     11.993   71.61916 -157.92396     12.117     0.6987     0.6781     0.6983    31.0027    31.0317  1024.9059    24.8481    388.588    358.978  352.47446    110.246    101.813     0.1612     0.6190     4.1416     0.5164 3.5643e+00       1345     0.9333  0.000e+00
     11.877   71.61916 -157.92396     12.000     0.7831     0.8332     0.7826    30.9270    30.8917  1024.8402    24.7829    387.663    357.406  351.91102    110.159    101.666     0.1587     0.6044     4.1416     0.5164 3.5540e+00       1346     0.9340  0.000e+00
     11.939   71.61916 -157.92396     12.063     0.8548     0.9933     0.8544    30.8600    30.7486  1024.7828    24.7253    386.059    356.001  351.44036    109.851    101.573     0.1600     0.6117     4.1429     0.5153 3.5540e+00       1347     0.9347  0.000e+00
     11.939   71.61916 -157.92396     12.063     0.8912     1.1111     0.8907    30.8275    30.6451  1024.7548    24.6972    385.148    354.783  351.19865    109.667    101.452     0.1587     0.6044     4.1416     0.5164 3.5437e+00       1348     0.9354  0.000e+00
     11.939   71.61916 -157.92396     12.063     0.9387     1.1911     0.9383    30.7872    30.5758  1024.7199    24.6623    384.138    353.869  350.87657    109.479    101.345     0.1600     0.6117     4.1416     0.5164 3.5437e+00       1349     0.9361  0.000e+00
     11.877   71.61916 -157.92396     12.000     1.0164     1.2508     1.0159    30.7249    30.5266  1024.6653    24.6081    383.039    353.340  350.34276    109.333    101.311     0.1600     0.6117     4.1429     0.5153 3.5334e+00       1350     0.9368  0.000e+00
     11.939   71.61916 -157.92396     12.062     1.1223     1.3009     1.1218    30.6361    30.4836  1024.5884    24.5309    381.750    352.913  349.62749    109.188    101.285     0.1587     0.6044     4.1416     0.5164 3.5334e+00       1351     0.9375  0.000e+00
     11.939   71.61916 -157.92396     12.062     1.2211     1.3364     1.2206    30.5487    30.4528  1024.5127    24.4552    380.328    352.435  348.97524    108.984    101.216     0.1600     0.6117     4.1416     0.5164 3.5231e+00       1352     0.9382  0.000e+00
     11.877   71.61916 -157.92396     12.000     1.2989     1.3752     1.2984    30.4799    30.4187  1024.4527    24.3955    379.082    352.094  348.46300    108.787    101.192     0.1587     0.6044     4.1416     0.5164 3.5334e+00       1353     0.9389  0.000e+00
     11.908   71.61916 -157.92396     12.031     1.3477     1.4179     1.3472    30.4386    30.3818  1024.4168    24.3596    378.169    351.525  348.13794    108.626    101.111     0.1587     0.6044     4.1416     0.5164 3.5231e+00       1354     0.9396  0.000e+00
     11.877   71.61916 -157.92396     12.000     1.3784     1.4476     1.3779    30.4120    30.3563  1024.3936    24.3365    377.640    351.283  347.93484    108.537    101.098     0.1587     0.6044     4.1416     0.5164 3.5334e+00       1355     0.9403  0.000e+00
     11.877   71.61916 -157.92396     12.000     1.3930     1.4400     1.3926    30.3972    30.3617  1024.3809    24.3238    377.055    351.365  347.84425    108.398    101.106     0.1600     0.6117     4.1416     0.5164 3.5334e+00       1356     0.9410  0.000e+00
     11.939   71.61916 -157.92396     12.062     1.3972     1.3963     1.3967    30.3921    30.3991  1024.3768    24.3194    376.593    351.550  347.82074    108.272    101.075     0.1563     0.5897     4.1416     0.5164 3.5334e+00       1357     0.9417  0.000e+00
     11.823   71.61916 -157.92396     11.945     1.3719     1.3505     1.3715    30.4127    30.4433  1024.3943    24.3374    376.416    351.925  347.99094    108.168    101.099     0.1526     0.5678     4.1416     0.5164 3.5334e+00       1358     0.9424  0.000e+00
     11.877   71.61916 -157.92396     12.000     1.3127     1.3278     1.3123    30.4637    30.4666  1024.4389    24.3818    376.498    351.948  348.38292    108.070    101.065     0.1526     0.5678     4.1416     0.5164 3.5334e+00       1359     0.9431  0.000e+00
     11.877   71.61916 -157.92396     12.000     1.2331     1.3017     1.2326    30.5334    30.4892  1024.4994    24.4422    376.085    352.205  348.90884    107.789    101.088     0.1514     0.5604     4.1416     0.5164 3.5334e+00       1360     0.9437  0.000e+00
     11.877   71.61916 -157.92396     12.000     1.1737     1.2752     1.1732    30.5880    30.5117  1024.5466    24.4894    377.002    352.479  349.29485    107.932    101.116     0.1514     0.5604     4.1404     0.5176 3.5231e+00       1361     0.9444  0.000e+00
     11.823   71.61916 -157.92396     11.945     1.1469     1.2293     1.1465    30.6163    30.5526  1024.5705    24.5136    376.870    352.713  349.45916    107.844    101.096     0.1538     0.5751     4.1392     0.5188 3.5231e+00       1362     0.9451  0.000e+00
     11.877   71.61916 -157.92396     12.000     1.1421     1.1616     1.1417    30.6234    30.6140  1024.5768    24.5196    376.548    353.119  349.48300    107.744    101.084     0.1514     0.5604     4.1392     0.5188 3.5231e+00       1363     0.9458  0.000e+00
     11.854   71.61916 -157.92396     11.977     1.1502     1.1162     1.1497    30.6187    30.6548  1024.5725    24.5154    376.148    353.540  349.42324    107.648    101.118     0.1526     0.5678     4.1380     0.5200 3.5334e+00       1364     0.9465  0.000e+00
     11.823   71.61916 -157.92396     11.945     1.1631     1.1008     1.1626    30.6078    30.6685  1024.5628    24.5059    375.821    353.756  349.33682    107.581    101.150     0.1514     0.5604     4.1392     0.5188 3.5334e+00       1365     0.9472  0.000e+00
     11.823   71.61916 -157.92396     11.945     1.1709     1.1239     1.1704    30.5994    30.6492  1024.5557    24.4987    375.476    353.458  349.28945    107.497    101.110     0.1526     0.5678     4.1380     0.5200 3.5334e+00       1366     0.9479  0.000e+00
     11.877   71.61916 -157.92396     12.000     1.1693     1.1339     1.1689    30.5993    30.6419  1024.5559    24.4987    375.455    353.473  349.30363    107.487    101.135     0.1538     0.5751     4.1392     0.5188 3.5334e+00       1367     0.9486  0.000e+00
     11.761   71.61916 -157.92396     11.883     1.1636     1.1251     1.1631    30.6033    30.6505  1024.5589    24.5023    375.035    353.446  349.34425    107.354    101.111     0.1526     0.5678     4.1392     0.5188 3.5334e+00       1368     0.9493  0.000e+00
     11.823   71.61916 -157.92396     11.945     1.1555     1.1461     1.1550    30.6090    30.6325  1024.5642    24.5073    375.083    353.358  349.40179    107.350    101.126     0.1526     0.5678     4.1380     0.5200 3.5437e+00       1369     0.9500  0.000e+00
     11.823   71.61916 -157.92396     11.945     1.1360     1.1638     1.1355    30.6266    30.6178  1024.5794    24.5225    375.271    353.339  349.53011    107.364    101.155     0.1514     0.5604     4.1392     0.5188 3.5437e+00       1370     0.9507  0.000e+00
     11.761   71.61916 -157.92396     11.883     1.1226     1.1749     1.1222    30.6400    30.6089  1024.5907    24.5340    375.208    353.391  349.61401    107.321    101.192     0.1526     0.5678     4.1392     0.5188 3.5540e+00       1371     0.9514  0.000e+00
     11.823   71.61916 -157.92396     11.945     1.1058     1.1797     1.1054    30.6550    30.6059  1024.6039    24.5470    375.195    353.521  349.72450    107.283    101.239     0.1514     0.5604     4.1392     0.5188 3.5540e+00       1372     0.9521  0.000e+00
     11.761   71.61916 -157.92396     11.883     1.0836     1.1734     1.0832    30.6747    30.6119  1024.6207    24.5641    375.512    353.731  349.87120    107.329    101.288     0.1526     0.5678     4.1380     0.5200 3.5747e+00       1373     0.9528  0.000e+00
     11.854   71.61916 -157.92396     11.976     1.0655     1.1274     1.0651    30.6914    30.6523  1024.6356    24.5785    375.809    354.297  349.98945    107.377    101.362     0.1538     0.5751     4.1392     0.5188 3.5747e+00       1374     0.9535  0.000e+00
     11.761   71.61916 -157.92396     11.883     1.0588     1.0814     1.0584    30.7007    30.6928  1024.6429    24.5863    375.761    354.875  350.02464    107.353    101.439     0.1514     0.5604     4.1392     0.5188 3.5747e+00       1375     0.9542  0.000e+00
     11.761   71.61916 -157.92396     11.883     1.0572     1.0614     1.0568    30.7037    30.7110  1024.6454    24.5888    375.924    355.048  350.03148    107.397    101.450     0.1526     0.5678     4.1392     0.5188 3.5747e+00       1376     0.9549  0.000e+00
     11.761   71.61916 -157.92396     11.883     1.0463     1.0442     1.0459    30.7117    30.7254  1024.6524    24.5958    376.186    355.645  350.10813    107.449    101.587     0.1514     0.5604     4.1392     0.5188 3.5747e+00       1377     0.9556  0.000e+00
     11.761   71.61916 -157.92396     11.883     1.0221     1.0785     1.0216    30.7322    30.6957  1024.6703    24.6136    376.615    355.825  350.27150    107.521    101.705     0.1526     0.5678     4.1392     0.5188 3.5747e+00       1378     0.9563  0.000e+00
     11.761   71.61916 -157.92396     11.883     0.9983     1.1835     0.9979    30.7540    30.6065  1024.6891    24.6324    376.847    355.239  350.42682    107.540    101.742     0.1526     0.5678     4.1392     0.5188 3.5955e+00       1379     0.9569  0.000e+00
     11.761   71.61916 -157.92396     11.883     0.9822     1.3003     0.9818    30.7697    30.5067  1024.7026    24.6459    377.257    354.577  350.52988    107.625    101.779     0.1526     0.5678     4.1392     0.5188 3.6165e+00       1380     0.9576  0.000e+00
     11.761   71.61916 -157.92396     11.883     0.9696     1.3533     0.9692    30.7824    30.4620  1024.7134    24.6568    377.645    354.466  350.60971    107.711    101.851     0.1538     0.5751     4.1380     0.5200 3.6270e+00       1381     0.9583  0.000e+00
     11.761   71.61916 -157.92396     11.883     0.9594     1.3441     0.9590    30.7928    30.4710  1024.7223    24.6657    377.825    355.072  350.67411    107.743    102.008     0.1538     0.5751     4.1368     0.5212 3.6270e+00       1382     0.9590  0.000e+00
     11.707   71.61916 -157.92396     11.828     0.9550     1.3390     0.9546    30.7978    30.4758  1024.7264    24.6700    378.155    355.448  350.70001    107.829    102.106     0.1612     0.6190     4.1368     0.5212 3.6481e+00       1383     0.9597  0.000e+00
     11.738   71.61916 -157.92396     11.859     0.9546     1.3440     0.9542    30.7992    30.4725  1024.7277    24.6711    378.504    355.965  350.69968    107.928    102.265     0.1661     0.6483     4.1368     0.5212 3.6587e+00       1384     0.9604  0.000e+00
     11.761   71.61916 -157.92396     11.883     0.9570     1.3436     0.9566    30.7978    30.4759  1024.7265    24.6698    378.598    356.560  350.68217    107.960    102.438     0.1648     0.6410     4.1368     0.5212 3.6587e+00       1385     0.9611  0.000e+00
     11.707   71.61916 -157.92396     11.828     0.9641     1.3533     0.9636    30.7922    30.4708  1024.7214    24.6650    378.655    356.868  350.63354    107.992    102.548     0.1648     0.6410     4.1368     0.5212 3.6693e+00       1386     0.9618  0.000e+00
     11.761   71.61916 -157.92396     11.883     0.9743     1.3859     0.9739    30.7831    30.4422  1024.7137    24.6571    378.895    357.217  350.56529    108.081    102.711     0.1636     0.6337     4.1368     0.5212 3.6693e+00       1387     0.9625  0.000e+00
     11.761   71.61916 -157.92396     11.883     0.9804     1.4021     0.9800    30.7782    30.4267  1024.7095    24.6529    378.981    357.504  350.52330    108.118    102.824     0.1648     0.6410     4.1368     0.5212 3.6800e+00       1388     0.9632  0.000e+00
