EcoFOCI/data/1_SampleCollection/2023_SikuliaqDBO_CruiseData/CTD_raw_BottleFile_SKQ23-12S/proc/skq202312s_084svp.cnv
* Sea-Bird SBE 9 Data File:
* FileName = D:\CTD\SKQ202312S\SKQ202312S_084.hex
* Software Version Seasave V 7.26.7.121
* Temperature SN = 6177
* Conductivity SN = 0369
* Number of Bytes Per Scan = 41
* Number of Voltage Words = 4
* Number of Scans Averaged by the Deck Unit = 1
* NMEA Latitude = 65 37.11 N
* NMEA Longitude = 168 09.13 W
* NMEA UTC (Time) = Oct 03 2023  11:55:16
* NMEA baud rate = 4800
** Ship: R/V Sikuliaq
** Station Number: 084
** Station Name: BS1
** Bottom Depth: 28
** Operator: SD
# nquan = 7
# nvalues = 5332                                  
# units = specified
# name 0 = depSM: Depth [salt water, m]
# name 1 = latitude: Latitude [deg]
# name 2 = longitude: Longitude [deg]
# name 3 = t090C: Temperature [ITS-90, deg C]
# name 4 = sal00: Salinity, Practical [PSU]
# name 5 = svCM: Sound Velocity [Chen-Millero, m/s]
# name 6 = flag:  0.000e+00
# span 0 =      1.898,     23.896                 
# span 1 =   65.61820,   65.61824                 
# span 2 = -168.15362, -168.15330                 
# span 3 =     3.5396,     6.5815                 
# span 4 =    28.4930,    32.4703                 
# span 5 =    1461.81,    1472.13                 
# span 6 = 0.0000e+00, 0.0000e+00                 
# interval = seconds: 0.0416667
# start_time = Oct 03 2023 11:58:52 [NMEA time, first data scan]
# bad_flag = -9.990e-29
*END*
[from data line 2667]
     17.490   65.61822 -168.15348     3.8512    32.3822    1462.92  0.000e+00
     17.629   65.61822 -168.15348     3.8514    32.3824    1462.92  0.000e+00
     17.544   65.61822 -168.15348     3.8515    32.3822    1462.92  0.000e+00
     17.544   65.61822 -168.15348     3.8518    32.3820    1462.92  0.000e+00
     17.574   65.61822 -168.15348     3.8520    32.3819    1462.92  0.000e+00
     17.544   65.61822 -168.15348     3.8520    32.3817    1462.92  0.000e+00
     17.544   65.61822 -168.15348     3.8523    32.3813    1462.92  0.000e+00
     17.605   65.61822 -168.15348     3.8526    32.3812    1462.92  0.000e+00
     17.574   65.61822 -168.15348     3.8526    32.3811    1462.92  0.000e+00
     17.605   65.61822 -168.15348     3.8527    32.3807    1462.92  0.000e+00
     17.543   65.61822 -168.15348     3.8526    32.3810    1462.92  0.000e+00
     17.605   65.61822 -168.15348     3.8526    32.3810    1462.92  0.000e+00
     17.574   65.61822 -168.15348     3.8526    32.3808    1462.92  0.000e+00
     17.605   65.61822 -168.15348     3.8526    32.3805    1462.92  0.000e+00
     17.659   65.61822 -168.15348     3.8526    32.3807    1462.92  0.000e+00
     17.543   65.61822 -168.15348     3.8521    32.3809    1462.92  0.000e+00
     17.628   65.61822 -168.15348     3.8520    32.3812    1462.92  0.000e+00
     17.659   65.61822 -168.15348     3.8517    32.3816    1462.92  0.000e+00
     17.659   65.61822 -168.15348     3.8515    32.3814    1462.92  0.000e+00
     17.543   65.61822 -168.15348     3.8510    32.3809    1462.92  0.000e+00
     17.682   65.61822 -168.15348     3.8502    32.3811    1462.91  0.000e+00
     17.721   65.61822 -168.15348     3.8498    32.3815    1462.91  0.000e+00
     17.659   65.61822 -168.15348     3.8495    32.3819    1462.91  0.000e+00
     17.682   65.61822 -168.15348     3.8490    32.3814    1462.91  0.000e+00
     17.721   65.61822 -168.15348     3.8485    32.3812    1462.91  0.000e+00
     17.721   65.61822 -168.15348     3.8474    32.3815    1462.90  0.000e+00
     17.721   65.61822 -168.15348     3.8470    32.3823    1462.90  0.000e+00
     17.744   65.61822 -168.15348     3.8464    32.3819    1462.90  0.000e+00
     17.775   65.61822 -168.15348     3.8457    32.3822    1462.90  0.000e+00
     17.775   65.61822 -168.15348     3.8449    32.3829    1462.90  0.000e+00
     17.721   65.61822 -168.15348     3.8444    32.3840    1462.89  0.000e+00
     17.744   65.61822 -168.15348     3.8441    32.3852    1462.89  0.000e+00
     17.659   65.61822 -168.15348     3.8444    32.3849    1462.89  0.000e+00
     17.659   65.61822 -168.15348     3.8445    32.3853    1462.90  0.000e+00
     17.721   65.61822 -168.15348     3.8451    32.3850    1462.90  0.000e+00
     17.628   65.61822 -168.15348     3.8455    32.3848    1462.90  0.000e+00
     17.721   65.61822 -168.15348     3.8457    32.3845    1462.90  0.000e+00
     17.659   65.61822 -168.15348     3.8458    32.3845    1462.90  0.000e+00
     17.744   65.61822 -168.15348     3.8458    32.3846    1462.90  0.000e+00
     17.774   65.61822 -168.15348     3.8458    32.3838    1462.90  0.000e+00
     17.774   65.61822 -168.15348     3.8457    32.3836    1462.90  0.000e+00
     17.828   65.61822 -168.15348     3.8455    32.3832    1462.90  0.000e+00
     17.744   65.61822 -168.15348     3.8449    32.3835    1462.90  0.000e+00
     17.828   65.61822 -168.15348     3.8444    32.3832    1462.89  0.000e+00
     17.774   65.61822 -168.15348     3.8439    32.3821    1462.89  0.000e+00
     17.828   65.61822 -168.15348     3.8431    32.3804    1462.89  0.000e+00
     17.743   65.61822 -168.15348     3.8415    32.3799    1462.88  0.000e+00
     17.774   65.61822 -168.15348     3.8396    32.3804    1462.87  0.000e+00
     17.720   65.61822 -168.15348     3.8377    32.3810    1462.86  0.000e+00
     17.774   65.61822 -168.15348     3.8361    32.3817    1462.86  0.000e+00
     17.743   65.61822 -168.15348     3.8344    32.3833    1462.85  0.000e+00
     17.828   65.61822 -168.15348     3.8332    32.3838    1462.85  0.000e+00
     17.774   65.61822 -168.15348     3.8319    32.3850    1462.84  0.000e+00
     17.797   65.61822 -168.15348     3.8311    32.3856    1462.84  0.000e+00
     17.828   65.61822 -168.15348     3.8302    32.3866    1462.84  0.000e+00
     17.828   65.61822 -168.15348     3.8294    32.3870    1462.84  0.000e+00
     17.890   65.61822 -168.15348     3.8289    32.3883    1462.84  0.000e+00
     17.859   65.61822 -168.15348     3.8291    32.3903    1462.84  0.000e+00
     17.828   65.61822 -168.15348     3.8300    32.3895    1462.84  0.000e+00
     17.890   65.61822 -168.15348     3.8310    32.3883    1462.85  0.000e+00
     17.828   65.61822 -168.15348     3.8313    32.3883    1462.85  0.000e+00
     17.859   65.61822 -168.15348     3.8324    32.3879    1462.85  0.000e+00
     17.828   65.61822 -168.15348     3.8332    32.3871    1462.85  0.000e+00
     17.774   65.61822 -168.15348     3.8332    32.3862    1462.85  0.000e+00
     17.859   65.61822 -168.15348     3.8330    32.3861    1462.85  0.000e+00
     17.828   65.61822 -168.15348     3.8329    32.3860    1462.85  0.000e+00
     17.890   65.61822 -168.15348     3.8327    32.3843    1462.85  0.000e+00
     17.828   65.61822 -168.15348     3.8316    32.3832    1462.84  0.000e+00
     17.913   65.61822 -168.15348     3.8299    32.3837    1462.84  0.000e+00
     17.890   65.61822 -168.15348     3.8281    32.3843    1462.83  0.000e+00
     17.890   65.61822 -168.15348     3.8262    32.3855    1462.82  0.000e+00
     17.890   65.61822 -168.15348     3.8251    32.3859    1462.82  0.000e+00
     17.913   65.61822 -168.15348     3.8238    32.3871    1462.81  0.000e+00
     17.890   65.61822 -168.15348     3.8227    32.3883    1462.81  0.000e+00
     17.889   65.61822 -168.15348     3.8221    32.3887    1462.81  0.000e+00
     17.828   65.61822 -168.15348     3.8213    32.3903    1462.81  0.000e+00
     17.859   65.61822 -168.15348     3.8218    32.3908    1462.81  0.000e+00
     17.889   65.61820 -168.15348     3.8219    32.3915    1462.81  0.000e+00
     17.889   65.61820 -168.15348     3.8227    32.3910    1462.81  0.000e+00
     17.859   65.61820 -168.15348     3.8234    32.3912    1462.82  0.000e+00
     17.889   65.61820 -168.15348     3.8237    32.3917    1462.82  0.000e+00
     17.889   65.61820 -168.15348     3.8244    32.3920    1462.82  0.000e+00
     17.889   65.61820 -168.15348     3.8251    32.3918    1462.83  0.000e+00
     17.912   65.61820 -168.15348     3.8261    32.3910    1462.83  0.000e+00
     17.889   65.61820 -168.15348     3.8267    32.3907    1462.83  0.000e+00
     17.889   65.61820 -168.15348     3.8276    32.3898    1462.83  0.000e+00
     17.943   65.61820 -168.15348     3.8283    32.3895    1462.84  0.000e+00
     17.858   65.61820 -168.15348     3.8292    32.3885    1462.84  0.000e+00
     17.889   65.61820 -168.15348     3.8292    32.3883    1462.84  0.000e+00
     17.889   65.61820 -168.15348     3.8295    32.3877    1462.84  0.000e+00
     17.858   65.61820 -168.15348     3.8291    32.3878    1462.84  0.000e+00
     17.889   65.61820 -168.15348     3.8288    32.3873    1462.84  0.000e+00
     17.889   65.61820 -168.15348     3.8284    32.3877    1462.83  0.000e+00
     17.889   65.61820 -168.15348     3.8286    32.3874    1462.83  0.000e+00
     17.858   65.61820 -168.15348     3.8284    32.3874    1462.83  0.000e+00
     17.889   65.61820 -168.15348     3.8280    32.3873    1462.83  0.000e+00
     17.889   65.61820 -168.15348     3.8272    32.3881    1462.83  0.000e+00
     17.889   65.61820 -168.15348     3.8270    32.3885    1462.83  0.000e+00
     17.912   65.61820 -168.15348     3.8273    32.3883    1462.83  0.000e+00
     17.889   65.61820 -168.15348     3.8276    32.3876    1462.83  0.000e+00
     17.889   65.61820 -168.15348     3.8275    32.3869    1462.83  0.000e+00
     17.889   65.61820 -168.15348     3.8272    32.3866    1462.83  0.000e+00
     17.858   65.61820 -168.15348     3.8265    32.3871    1462.83  0.000e+00
     17.827   65.61820 -168.15348     3.8257    32.3875    1462.82  0.000e+00
     17.889   65.61820 -168.15348     3.8249    32.3876    1462.82  0.000e+00
     17.858   65.61820 -168.15348     3.8243    32.3880    1462.82  0.000e+00
     17.827   65.61820 -168.15348     3.8235    32.3883    1462.81  0.000e+00
     17.889   65.61820 -168.15348     3.8235    32.3885    1462.81  0.000e+00
     17.827   65.61820 -168.15348     3.8234    32.3890    1462.81  0.000e+00
     17.858   65.61820 -168.15348     3.8232    32.3893    1462.81  0.000e+00
     17.889   65.61820 -168.15348     3.8230    32.3896    1462.81  0.000e+00
     17.827   65.61820 -168.15348     3.8234    32.3890    1462.81  0.000e+00
     17.889   65.61820 -168.15348     3.8233    32.3894    1462.81  0.000e+00
     17.858   65.61820 -168.15348     3.8232    32.3893    1462.81  0.000e+00
     17.827   65.61820 -168.15348     3.8232    32.3891    1462.81  0.000e+00
     17.889   65.61820 -168.15348     3.8232    32.3892    1462.81  0.000e+00
     17.796   65.61820 -168.15348     3.8234    32.3893    1462.81  0.000e+00
     17.827   65.61820 -168.15348     3.8230    32.3895    1462.81  0.000e+00
     17.827   65.61820 -168.15348     3.8227    32.3896    1462.81  0.000e+00
     17.889   65.61820 -168.15348     3.8229    32.3896    1462.81  0.000e+00
     17.796   65.61820 -168.15348     3.8229    32.3893    1462.81  0.000e+00
     17.827   65.61820 -168.15348     3.8229    32.3891    1462.81  0.000e+00
     17.827   65.61820 -168.15348     3.8229    32.3892    1462.81  0.000e+00
     17.827   65.61820 -168.15348     3.8226    32.3894    1462.81  0.000e+00
     17.796   65.61820 -168.15348     3.8227    32.3893    1462.81  0.000e+00
     17.889   65.61820 -168.15348     3.8226    32.3895    1462.81  0.000e+00
     17.827   65.61820 -168.15348     3.8226    32.3894    1462.81  0.000e+00
     17.827   65.61820 -168.15348     3.8227    32.3890    1462.81  0.000e+00
     17.796   65.61820 -168.15348     3.8224    32.3894    1462.81  0.000e+00
     17.773   65.61820 -168.15348     3.8226    32.3894    1462.81  0.000e+00
     17.827   65.61820 -168.15348     3.8226    32.3896    1462.81  0.000e+00
     17.796   65.61820 -168.15348     3.8223    32.3896    1462.81  0.000e+00
     17.827   65.61820 -168.15348     3.8224    32.3897    1462.81  0.000e+00
     17.773   65.61820 -168.15348     3.8224    32.3905    1462.81  0.000e+00
     17.827   65.61820 -168.15348     3.8230    32.3904    1462.81  0.000e+00
     17.796   65.61820 -168.15348     3.8234    32.3899    1462.81  0.000e+00
     17.827   65.61820 -168.15348     3.8234    32.3898    1462.81  0.000e+00
     17.773   65.61820 -168.15348     3.8237    32.3891    1462.81  0.000e+00
     17.827   65.61820 -168.15348     3.8238    32.3898    1462.82  0.000e+00
     17.796   65.61820 -168.15348     3.8242    32.3896    1462.82  0.000e+00
     17.773   65.61820 -168.15348     3.8245    32.3896    1462.82  0.000e+00
     17.827   65.61820 -168.15348     3.8248    32.3896    1462.82  0.000e+00
     17.773   65.61820 -168.15348     3.8254    32.3894    1462.82  0.000e+00
     17.796   65.61820 -168.15348     3.8259    32.3895    1462.82  0.000e+00
     17.827   65.61820 -168.15348     3.8264    32.3899    1462.83  0.000e+00
     17.773   65.61820 -168.15348     3.8272    32.3902    1462.83  0.000e+00
     17.796   65.61820 -168.15348     3.8281    32.3908    1462.84  0.000e+00
     17.772   65.61820 -168.15348     3.8294    32.3909    1462.84  0.000e+00
     17.772   65.61820 -168.15348     3.8313    32.3910    1462.85  0.000e+00
     17.772   65.61820 -168.15348     3.8333    32.3914    1462.86  0.000e+00
     17.796   65.61820 -168.15348     3.8360    32.3909    1462.87  0.000e+00
     17.826   65.61820 -168.15348     3.8384    32.3895    1462.88  0.000e+00
     17.772   65.61820 -168.15348     3.8407    32.3879    1462.88  0.000e+00
     17.826   65.61820 -168.15348     3.8426    32.3849    1462.89  0.000e+00
     17.795   65.61820 -168.15348     3.8441    32.3827    1462.89  0.000e+00
     17.772   65.61820 -168.15348     3.8447    32.3819    1462.89  0.000e+00
     17.826   65.61820 -168.15348     3.8453    32.3809    1462.90  0.000e+00
     17.772   65.61820 -168.15348     3.8449    32.3809    1462.89  0.000e+00
     17.795   65.61820 -168.15348     3.8444    32.3815    1462.89  0.000e+00
     17.772   65.61820 -168.15348     3.8439    32.3826    1462.89  0.000e+00
     17.826   65.61820 -168.15348     3.8436    32.3834    1462.89  0.000e+00
     17.795   65.61820 -168.15348     3.8433    32.3836    1462.89  0.000e+00
     17.772   65.61820 -168.15348     3.8428    32.3828    1462.89  0.000e+00
     17.826   65.61820 -168.15348     3.8423    32.3816    1462.88  0.000e+00
     17.772   65.61820 -168.15348     3.8412    32.3821    1462.88  0.000e+00
     17.795   65.61820 -168.15348     3.8403    32.3826    1462.88  0.000e+00
     17.826   65.61820 -168.15348     3.8393    32.3829    1462.87  0.000e+00
     17.826   65.61820 -168.15348     3.8385    32.3829    1462.87  0.000e+00
     17.772   65.61820 -168.15348     3.8379    32.3832    1462.87  0.000e+00
     17.857   65.61820 -168.15348     3.8371    32.3836    1462.87  0.000e+00
     17.826   65.61820 -168.15348     3.8363    32.3836    1462.86  0.000e+00
     17.772   65.61820 -168.15348     3.8355    32.3833    1462.86  0.000e+00
     17.857   65.61820 -168.15348     3.8344    32.3835    1462.85  0.000e+00
     17.826   65.61820 -168.15348     3.8338    32.3833    1462.85  0.000e+00
     17.772   65.61820 -168.15348     3.8326    32.3839    1462.85  0.000e+00
     17.888   65.61820 -168.15348     3.8314    32.3836    1462.84  0.000e+00
     17.795   65.61820 -168.15348     3.8305    32.3846    1462.84  0.000e+00
     17.826   65.61820 -168.15348     3.8295    32.3849    1462.83  0.000e+00
     17.888   65.61820 -168.15348     3.8289    32.3850    1462.83  0.000e+00
     17.826   65.61820 -168.15348     3.8281    32.3854    1462.83  0.000e+00
     17.857   65.61820 -168.15348     3.8273    32.3863    1462.83  0.000e+00
     17.888   65.61820 -168.15348     3.8267    32.3862    1462.83  0.000e+00
     17.826   65.61820 -168.15348     3.8261    32.3863    1462.82  0.000e+00
     17.826   65.61820 -168.15348     3.8256    32.3871    1462.82  0.000e+00
     17.911   65.61820 -168.15348     3.8249    32.3877    1462.82  0.000e+00
     17.887   65.61820 -168.15348     3.8246    32.3877    1462.82  0.000e+00
     17.887   65.61820 -168.15348     3.8243    32.3875    1462.82  0.000e+00
     17.857   65.61820 -168.15348     3.8240    32.3873    1462.81  0.000e+00
     17.887   65.61820 -168.15348     3.8235    32.3880    1462.81  0.000e+00
     17.887   65.61820 -168.15348     3.8232    32.3882    1462.81  0.000e+00
     17.887   65.61820 -168.15348     3.8229    32.3884    1462.81  0.000e+00
     17.910   65.61820 -168.15348     3.8224    32.3887    1462.81  0.000e+00
     17.941   65.61820 -168.15348     3.8219    32.3889    1462.81  0.000e+00
     17.887   65.61820 -168.15348     3.8216    32.3884    1462.81  0.000e+00
     17.941   65.61820 -168.15348     3.8211    32.3885    1462.81  0.000e+00
     17.910   65.61820 -168.15348     3.8208    32.3882    1462.80  0.000e+00
     17.941   65.61820 -168.15348     3.8197    32.3887    1462.80  0.000e+00
     17.887   65.61820 -168.15348     3.8194    32.3886    1462.80  0.000e+00
     17.964   65.61820 -168.15348     3.8188    32.3884    1462.80  0.000e+00
     17.941   65.61820 -168.15348     3.8180    32.3887    1462.79  0.000e+00
     17.887   65.61820 -168.15348     3.8175    32.3890    1462.79  0.000e+00
     17.941   65.61820 -168.15348     3.8169    32.3892    1462.79  0.000e+00
     17.964   65.61820 -168.15348     3.8163    32.3898    1462.79  0.000e+00
     17.941   65.61820 -168.15348     3.8156    32.3905    1462.79  0.000e+00
