EcoFOCI/data/1_SampleCollection/2023_SikuliaqDBO_CruiseData/CTD_raw_BottleFile_SKQ23-12S/proc/skq202312s_012.cnv
* Sea-Bird SBE 9 Data File:
* FileName = D:\CTD\SKQ202312S\SKQ202312S_012.hex
* Software Version Seasave V 7.26.7.121
* Temperature SN = 6177
* Conductivity SN = 0369
* Number of Bytes Per Scan = 41
* Number of Voltage Words = 4
* Number of Scans Averaged by the Deck Unit = 1
* NMEA Latitude = 64 40.32 N
* NMEA Longitude = 170 38.51 W
* NMEA UTC (Time) = Sep 17 2023  03:44:23
* NMEA baud rate = 4800
** Ship: R/V Sikuliaq
** Station Number: 012
** Station Name: DBO2.0
** Bottom Depth: 48
** Operator: SD
# nquan = 24
# nvalues = 5209                                  
# units = specified
# name 0 = depSM: Depth [salt water, m]
# name 1 = latitude: Latitude [deg]
# name 2 = longitude: Longitude [deg]
# name 3 = prDM: Pressure, Digiquartz [db]
# name 4 = t090C: Temperature [ITS-90, deg C]
# name 5 = t190C: Temperature, 2 [ITS-90, deg C]
# name 6 = potemp090C: Potential Temperature [ITS-90, deg C]
# name 7 = sal00: Salinity, Practical [PSU]
# name 8 = sal11: Salinity, Practical, 2 [PSU]
# name 9 = density00: Density [density, kg/m^3]
# name 10 = sigma-é00: Density [sigma-theta, kg/m^3]
# name 11 = sbox0Mm/Kg: Oxygen, SBE 43 [umol/kg]
# name 12 = sbox1Mm/Kg: Oxygen, SBE 43, 2 [umol/kg]
# name 13 = oxsolMm/Kg: Oxygen Saturation, Garcia & Gordon [umol/kg]
# name 14 = sbeox0PS: Oxygen, SBE 43 [% saturation]
# name 15 = sbeox1PS: Oxygen, SBE 43, 2 [% saturation]
# name 16 = v0: Voltage 0
# name 17 = flECO-AFL: Fluorescence, WET Labs ECO-AFL/FL [mg/m^3]
# name 18 = v1: Voltage 1
# name 19 = CStarAt0: Beam Attenuation, WET Labs C-Star [1/m]
# name 20 = par: PAR/Irradiance, Biospherical/Licor
# name 21 = scan: Scan Count
# name 22 = timeM: Time, Elapsed [minutes]
# name 23 = flag:  0.000e+00
# span 0 =      2.948,     41.300                 
# span 1 =   64.67164,   64.67196                 
# span 2 = -170.64178, -170.64134                 
# span 3 =      2.977,     41.712                 
# span 4 =     3.2201,     3.4137                 
# span 5 =     3.2214,     3.4539                 
# span 6 =     3.2194,     3.4135                 
# span 7 =    32.9813,    33.0676                 
# span 8 =    33.0012,    33.0541                 
# span 9 =  1026.2598,  1026.4756                 
# span 10 =    26.2456,    26.3187                
# span 11 =    226.994,    229.870                
# span 12 =    215.657,    220.405                
# span 13 =  324.13752,  325.67415                
# span 14 =     69.705,     70.631                
# span 15 =     66.302,     67.732                
# span 16 =     0.1355,     0.3065                
# span 17 =     0.4652,     1.4908                
# span 18 =     3.7277,     3.8694                
# span 19 =     0.7885,     0.9377                
# span 20 = 1.3910e-01, 7.8340e+01                
# span 21 =          1,       5209                
# span 22 =     0.0000,     3.6167                
# span 23 = 0.0000e+00, 0.0000e+00                
# interval = seconds: 0.0416667
# start_time = Sep 17 2023 03:45:41 [NMEA time, first data scan]
# bad_flag = -9.990e-29
*END*
[from data line 4589]
     40.899   64.67168 -170.64140     41.307     3.2237     3.2244     3.2212    33.0137    33.0238  1026.4735    26.2800    227.968    216.639  325.65259     70.003     66.531     0.1526     0.5678     3.8535     0.8050 1.5709e-01       4590     3.1868  0.000e+00
     40.837   64.67168 -170.64140     41.244     3.2235     3.2242     3.2211    33.0140    33.0237  1026.4735    26.2803    227.983    216.653  325.65298     70.008     66.535     0.1526     0.5678     3.8535     0.8050 1.5943e-01       4591     3.1875  0.000e+00
     40.899   64.67168 -170.64140     41.307     3.2235     3.2244     3.2211    33.0142    33.0242  1026.4739    26.2804    228.002    216.671  325.65267     70.014     66.541     0.1514     0.5604     3.8523     0.8063 1.6021e-01       4592     3.1882  0.000e+00
     40.837   64.67168 -170.64140     41.244     3.2235     3.2244     3.2211    33.0136    33.0243  1026.4732    26.2800    228.018    216.666  325.65398     70.019     66.539     0.1526     0.5678     3.8523     0.8063 1.5555e-01       4593     3.1889  0.000e+00
     40.953   64.67168 -170.64140     41.361     3.2237     3.2245     3.2212    33.0136    33.0240  1026.4737    26.2800    228.038    216.668  325.65266     70.025     66.540     0.1514     0.5604     3.8535     0.8050 1.4945e-01       4594     3.1896  0.000e+00
     40.837   64.67168 -170.64140     41.244     3.2235     3.2245     3.2211    33.0135    33.0238  1026.4731    26.2799    227.837    216.666  325.65418     69.963     66.539     0.1526     0.5678     3.8523     0.8063 1.4795e-01       4595     3.1903  0.000e+00
     40.899   64.67168 -170.64140     41.307     3.2234     3.2244     3.2210    33.0137    33.0238  1026.4736    26.2801    228.039    216.671  325.65455     70.025     66.541     0.1514     0.5604     3.8535     0.8050 1.4795e-01       4596     3.1910  0.000e+00
     40.899   64.67168 -170.64140     41.307     3.2238     3.2245     3.2214    33.0134    33.0237  1026.4733    26.2798    228.056    216.482  325.65201     70.031     66.483     0.1526     0.5678     3.8535     0.8050 1.4795e-01       4597     3.1917  0.000e+00
     40.899   64.67168 -170.64140     41.307     3.2235     3.2245     3.2211    33.0139    33.0237  1026.4737    26.2802    227.860    216.490  325.65336     69.970     66.485     0.1526     0.5678     3.8523     0.8063 1.4870e-01       4598     3.1924  0.000e+00
     40.953   64.67168 -170.64140     41.361     3.2235     3.2244     3.2211    33.0135    33.0240  1026.4736    26.2799    227.848    216.481  325.65433     69.966     66.482     0.1526     0.5678     3.8523     0.8063 1.5172e-01       4599     3.1931  0.000e+00
     40.891   64.67168 -170.64140     41.299     3.2237     3.2244     3.2212    33.0137    33.0239  1026.4735    26.2800    227.617    216.664  325.65258     69.896     66.539     0.1526     0.5678     3.8535     0.8050 1.5865e-01       4600     3.1938  0.000e+00
     40.899   64.67168 -170.64140     41.307     3.2235     3.2247     3.2211    33.0135    33.0232  1026.4734    26.2799    228.005    216.680  325.65426     70.014     66.543     0.1526     0.5678     3.8523     0.8063 1.6178e-01       4601     3.1944  0.000e+00
     40.899   64.67168 -170.64140     41.307     3.2234     3.2244     3.2210    33.0137    33.0240  1026.4736    26.2801    227.778    216.698  325.65455     69.945     66.549     0.1526     0.5678     3.8535     0.8050 1.6021e-01       4602     3.1951  0.000e+00
     40.953   64.67168 -170.64140     41.361     3.2237     3.2244     3.2212    33.0135    33.0244  1026.4736    26.2799    227.984    216.525  325.65306     70.008     66.496     0.1514     0.5604     3.8523     0.8063 1.5632e-01       4603     3.1958  0.000e+00
     40.899   64.67168 -170.64140     41.307     3.2234     3.2245     3.2210    33.0140    33.0241  1026.4738    26.2803    227.792    216.716  325.65385     69.949     66.555     0.1526     0.5678     3.8523     0.8063 1.5401e-01       4604     3.1965  0.000e+00
     40.953   64.67168 -170.64140     41.361     3.2237     3.2244     3.2212    33.0136    33.0239  1026.4737    26.2799    227.784    216.743  325.65286     69.947     66.563     0.1514     0.5604     3.8547     0.8037 1.5478e-01       4605     3.1972  0.000e+00
     40.891   64.67168 -170.64140     41.299     3.2233     3.2244     3.2208    33.0135    33.0240  1026.4734    26.2799    227.778    216.767  325.65641     69.944     66.570     0.1526     0.5678     3.8559     0.8024 1.6495e-01       4606     3.1979  0.000e+00
     40.953   64.67168 -170.64140     41.361     3.2235     3.2245     3.2211    33.0137    33.0237  1026.4738    26.2801    227.987    216.796  325.65373     70.009     66.579     0.1514     0.5604     3.8571     0.8012 1.6978e-01       4607     3.1986  0.000e+00
     40.953   64.67168 -170.64140     41.361     3.2234     3.2242     3.2210    33.0136    33.0242  1026.4737    26.2800    227.981    216.827  325.65492     70.007     66.589     0.1526     0.5678     3.8571     0.8012 1.7059e-01       4608     3.1993  0.000e+00
     40.899   64.67168 -170.64140     41.307     3.2234     3.2244     3.2210    33.0137    33.0236  1026.4736    26.2801    227.755    216.664  325.65455     69.938     66.538     0.1514     0.5604     3.8571     0.8012 1.6897e-01       4609     3.2000  0.000e+00
     40.953   64.67168 -170.64140     41.361     3.2235     3.2244     3.2211    33.0134    33.0236  1026.4736    26.2799    227.749    216.654  325.65443     69.936     66.535     0.1514     0.5604     3.8559     0.8024 1.6816e-01       4610     3.2007  0.000e+00
     40.953   64.67168 -170.64140     41.361     3.2235     3.2245     3.2211    33.0134    33.0236  1026.4735    26.2798    227.923    216.837  325.65463     69.989     66.592     0.1526     0.5678     3.8571     0.8012 1.6816e-01       4611     3.2014  0.000e+00
     40.953   64.67168 -170.64140     41.361     3.2235     3.2245     3.2211    33.0134    33.0238  1026.4735    26.2798    227.915    216.851  325.65463     69.987     66.596     0.1526     0.5678     3.8559     0.8024 1.6257e-01       4612     3.2021  0.000e+00
     40.899   64.67168 -170.64140     41.307     3.2235     3.2244     3.2211    33.0136    33.0239  1026.4735    26.2800    227.903    216.865  325.65406     69.983     66.600     0.1526     0.5678     3.8571     0.8012 1.5787e-01       4613     3.2028  0.000e+00
     40.953   64.67168 -170.64140     41.361     3.2234     3.2242     3.2210    33.0142    33.0244  1026.4742    26.2805    227.928    216.689  325.65342     69.991     66.546     0.1526     0.5678     3.8559     0.8024 1.5709e-01       4614     3.2035  0.000e+00
     40.953   64.67168 -170.64140     41.361     3.2235     3.2244     3.2211    33.0136    33.0242  1026.4737    26.2800    227.953    216.877  325.65413     69.999     66.604     0.1563     0.5897     3.8571     0.8012 1.5787e-01       4615     3.2042  0.000e+00
     40.953   64.67168 -170.64140     41.361     3.2235     3.2244     3.2211    33.0136    33.0239  1026.4737    26.2800    227.762    216.896  325.65403     69.940     66.610     0.1612     0.6190     3.8571     0.8012 1.5787e-01       4616     3.2049  0.000e+00
     40.953   64.67168 -170.64140     41.361     3.2235     3.2244     3.2211    33.0139    33.0238  1026.4739    26.2802    227.753    216.916  325.65334     69.937     66.616     0.1636     0.6337     3.8571     0.8012 1.5865e-01       4617     3.2056  0.000e+00
     40.953   64.67168 -170.64140     41.361     3.2237     3.2242     3.2212    33.0133    33.0239  1026.4735    26.2797    227.961    216.744  325.65345     70.001     66.563     0.1624     0.6264     3.8571     0.8012 1.5865e-01       4618     3.2062  0.000e+00
     40.891   64.67168 -170.64140     41.299     3.2234     3.2245     3.2210    33.0139    33.0237  1026.4737    26.2803    227.987    216.934  325.65404     70.009     66.622     0.1636     0.6337     3.8571     0.8012 1.5943e-01       4619     3.2069  0.000e+00
     40.953   64.67168 -170.64140     41.361     3.2235     3.2245     3.2211    33.0137    33.0233  1026.4738    26.2801    227.801    216.959  325.65373     69.952     66.629     0.1624     0.6264     3.8571     0.8012 1.5865e-01       4620     3.2076  0.000e+00
     40.953   64.67168 -170.64140     41.361     3.2235     3.2244     3.2211    33.0137    33.0241  1026.4738    26.2801    228.010    216.983  325.65383     70.016     66.637     0.1636     0.6337     3.8559     0.8024 1.5943e-01       4621     3.2083  0.000e+00
     40.953   64.67168 -170.64140     41.361     3.2233     3.2244     3.2208    33.0140    33.0242  1026.4740    26.2803    228.040    217.008  325.65529     70.025     66.644     0.1624     0.6264     3.8571     0.8012 1.6021e-01       4622     3.2090  0.000e+00
     40.953   64.67168 -170.64140     41.361     3.2235     3.2245     3.2211    33.0136    33.0234  1026.4738    26.2800    228.032    217.035  325.65393     70.023     66.652     0.1636     0.6337     3.8559     0.8024 1.6099e-01       4623     3.2097  0.000e+00
     40.953   64.67168 -170.64140     41.361     3.2235     3.2245     3.2211    33.0136    33.0238  1026.4738    26.2800    227.808    217.061  325.65393     69.954     66.661     0.1624     0.6264     3.8571     0.8012 1.6021e-01       4624     3.2104  0.000e+00
     40.953   64.67168 -170.64140     41.361     3.2235     3.2245     3.2211    33.0134    33.0237  1026.4736    26.2799    228.017    217.066  325.65443     70.018     66.662     0.1624     0.6264     3.8547     0.8037 1.5943e-01       4625     3.2111  0.000e+00
     40.899   64.67168 -170.64140     41.307     3.2237     3.2242     3.2212    33.0135    33.0242  1026.4733    26.2799    228.041    216.900  325.65308     70.026     66.611     0.1636     0.6337     3.8535     0.8050 1.5865e-01       4626     3.2118  0.000e+00
     40.953   64.67168 -170.64140     41.361     3.2234     3.2244     3.2210    33.0140    33.0241  1026.4740    26.2803    227.855    217.078  325.65392     69.969     66.666     0.1636     0.6337     3.8535     0.8050 1.5943e-01       4627     3.2125  0.000e+00
     40.953   64.67168 -170.64140     41.361     3.2237     3.2244     3.2212    33.0136    33.0239  1026.4737    26.2799    227.813    217.108  325.65286     69.956     66.675     0.1636     0.6337     3.8535     0.8050 1.6257e-01       4628     3.2132  0.000e+00
     40.953   64.67168 -170.64140     41.361     3.2235     3.2249     3.2211    33.0134    33.0235  1026.4736    26.2798    227.988    217.137  325.65453     70.009     66.684     0.1624     0.6264     3.8535     0.8050 1.6416e-01       4629     3.2139  0.000e+00
     40.953   64.67168 -170.64140     41.361     3.2235     3.2244     3.2211    33.0138    33.0241  1026.4739    26.2801    227.763    217.147  325.65353     69.940     66.687     0.1636     0.6337     3.8535     0.8050 1.6416e-01       4630     3.2146  0.000e+00
     40.891   64.67168 -170.64140     41.299     3.2237     3.2249     3.2212    33.0138    33.0234  1026.4736    26.2802    228.184    217.152  325.65218     70.070     66.689     0.1624     0.6264     3.8523     0.8063 1.6257e-01       4631     3.2153  0.000e+00
     40.953   64.67168 -170.64140     41.361     3.2237     3.2245     3.2212    33.0138    33.0236  1026.4739    26.2801    228.031    217.163  325.65226     70.023     66.692     0.1636     0.6337     3.8535     0.8050 1.6099e-01       4632     3.2160  0.000e+00
     40.953   64.67168 -170.64140     41.361     3.2237     3.2245     3.2212    33.0140    33.0238  1026.4740    26.2803    228.056    217.171  325.65186     70.031     66.695     0.1624     0.6264     3.8535     0.8050 1.6178e-01       4633     3.2167  0.000e+00
     40.953   64.67168 -170.64140     41.361     3.2234     3.2247     3.2210    33.0141    33.0240  1026.4741    26.2804    227.868    217.178  325.65362     69.972     66.697     0.1636     0.6337     3.8535     0.8050 1.6021e-01       4634     3.2174  0.000e+00
     40.899   64.67168 -170.64140     41.307     3.2235     3.2245     3.2211    33.0135    33.0241  1026.4734    26.2799    227.824    217.186  325.65426     69.959     66.699     0.1624     0.6264     3.8535     0.8050 1.5943e-01       4635     3.2181  0.000e+00
     40.953   64.67168 -170.64140     41.361     3.2237     3.2245     3.2212    33.0134    33.0237  1026.4736    26.2798    228.033    217.197  325.65316     70.023     66.702     0.1636     0.6337     3.8535     0.8050 1.5943e-01       4636     3.2188  0.000e+00
     40.899   64.67168 -170.64140     41.307     3.2238     3.2247     3.2214    33.0138    33.0237  1026.4736    26.2801    228.057    217.396  325.65101     70.031     66.764     0.1624     0.6264     3.8523     0.8063 1.6099e-01       4637     3.2194  0.000e+00
     40.953   64.67168 -170.64140     41.361     3.2240     3.2245     3.2215    33.0131    33.0237  1026.4733    26.2795    228.086    217.428  325.65150     70.040     66.773     0.1636     0.6337     3.8535     0.8050 1.6099e-01       4638     3.2201  0.000e+00
     40.953   64.67168 -170.64140     41.361     3.2238     3.2245     3.2214    33.0139    33.0236  1026.4739    26.2802    228.113    217.264  325.65078     70.048     66.723     0.1624     0.6264     3.8523     0.8063 1.6099e-01       4639     3.2208  0.000e+00
     40.953   64.67168 -170.64140     41.361     3.2240     3.2245     3.2215    33.0134    33.0238  1026.4736    26.2798    227.924    217.270  325.65100     69.990     66.725     0.1624     0.6264     3.8535     0.8050 1.5632e-01       4640     3.2215  0.000e+00
     40.899   64.67168 -170.64140     41.307     3.2238     3.2245     3.2214    33.0138    33.0240  1026.4736    26.2801    227.917    217.275  325.65101     69.988     66.726     0.1575     0.5971     3.8535     0.8050 1.5172e-01       4641     3.2222  0.000e+00
     40.899   64.67168 -170.64140     41.307     3.2240     3.2245     3.2215    33.0138    33.0240  1026.4736    26.2801    227.696    217.281  325.64974     69.921     66.728     0.1526     0.5678     3.8535     0.8050 1.4945e-01       4642     3.2229  0.000e+00
     40.953   64.67168 -170.64140     41.361     3.2240     3.2245     3.2215    33.0135    33.0240  1026.4736    26.2799    227.878    217.289  325.65041     69.976     66.731     0.1526     0.5678     3.8535     0.8050 1.5248e-01       4643     3.2236  0.000e+00
     40.891   64.67168 -170.64140     41.299     3.2240     3.2245     3.2215    33.0137    33.0240  1026.4735    26.2800    227.840    217.294  325.65032     69.965     66.732     0.1514     0.5604     3.8535     0.8050 1.5865e-01       4644     3.2243  0.000e+00
     40.899   64.67168 -170.64140     41.307     3.2238     3.2245     3.2214    33.0137    33.0237  1026.4735    26.2800    227.841    217.301  325.65121     69.965     66.734     0.1526     0.5678     3.8523     0.8063 1.6099e-01       4645     3.2250  0.000e+00
     40.953   64.67168 -170.64140     41.361     3.2240     3.2249     3.2215    33.0135    33.0233  1026.4736    26.2798    227.844    217.478  325.65051     69.966     66.789     0.1526     0.5678     3.8523     0.8063 1.6178e-01       4646     3.2257  0.000e+00
     40.953   64.67168 -170.64140     41.361     3.2240     3.2245     3.2215    33.0132    33.0238  1026.4734    26.2796    228.242    217.482  325.65110     70.088     66.790     0.1526     0.5678     3.8523     0.8063 1.6575e-01       4647     3.2264  0.000e+00
     40.899   64.67168 -170.64140     41.307     3.2240     3.2247     3.2215    33.0136    33.0238  1026.4734    26.2800    227.842    217.289  325.65014     69.965     66.731     0.1526     0.5678     3.8523     0.8063 1.6735e-01       4648     3.2271  0.000e+00
     40.899   64.67168 -170.64140     41.307     3.2241     3.2247     3.2217    33.0134    33.0238  1026.4733    26.2798    227.985    217.484  325.64975     70.009     66.791     0.1526     0.5678     3.8523     0.8063 1.6816e-01       4649     3.2278  0.000e+00
