EcoFOCI/data/1_SampleCollection/2023_SikuliaqDBO_CruiseData/CTD_raw_BottleFile_SKQ23-12S/proc/skq202312s_023svp.cnv
* Sea-Bird SBE 9 Data File:
* FileName = D:\CTD\SKQ202312S\SKQ202312S_023.hex
* Software Version Seasave V 7.26.7.121
* Temperature SN = 6177
* Conductivity SN = 0369
* Number of Bytes Per Scan = 41
* Number of Voltage Words = 4
* Number of Scans Averaged by the Deck Unit = 1
* NMEA Latitude = 64 57.70 N
* NMEA Longitude = 169 53.01 W
* NMEA UTC (Time) = Sep 18 2023  07:03:01
* NMEA baud rate = 4800
** Ship: R/V Sikuliaq
** Station Number: 023
** Station Name: DBO2.4
** Bottom Depth: 48
** Operator: SD
# nquan = 7
# nvalues = 5745                                  
# units = specified
# name 0 = depSM: Depth [salt water, m]
# name 1 = latitude: Latitude [deg]
# name 2 = longitude: Longitude [deg]
# name 3 = t090C: Temperature [ITS-90, deg C]
# name 4 = sal00: Salinity, Practical [PSU]
# name 5 = svCM: Sound Velocity [Chen-Millero, m/s]
# name 6 = flag:  0.000e+00
# span 0 =      2.982,     42.925                 
# span 1 =   64.96160,   64.96168                 
# span 2 = -169.88358, -169.88352                 
# span 3 =     1.2940,     3.3595                 
# span 4 =    31.7597,    32.8509                 
# span 5 =    1451.11,    1461.55                 
# span 6 = 0.0000e+00, 0.0000e+00                 
# interval = seconds: 0.0416667
# start_time = Sep 18 2023 07:06:42 [NMEA time, first data scan]
# bad_flag = -9.990e-29
*END*
[from data line 5129]
     42.576   64.96168 -169.88358     2.2205    32.7827    1456.85  0.000e+00
     42.638   64.96168 -169.88358     2.2203    32.7822    1456.85  0.000e+00
     42.568   64.96168 -169.88358     2.2203    32.7821    1456.85  0.000e+00
     42.576   64.96168 -169.88358     2.2201    32.7821    1456.85  0.000e+00
     42.522   64.96168 -169.88358     2.2202    32.7819    1456.85  0.000e+00
     42.576   64.96168 -169.88358     2.2199    32.7821    1456.85  0.000e+00
     42.576   64.96168 -169.88358     2.2199    32.7821    1456.85  0.000e+00
     42.576   64.96168 -169.88358     2.2199    32.7820    1456.85  0.000e+00
     42.568   64.96168 -169.88358     2.2202    32.7821    1456.85  0.000e+00
     42.522   64.96168 -169.88358     2.2201    32.7823    1456.85  0.000e+00
     42.576   64.96168 -169.88358     2.2203    32.7815    1456.85  0.000e+00
     42.522   64.96168 -169.88358     2.2202    32.7820    1456.85  0.000e+00
     42.576   64.96168 -169.88358     2.2201    32.7822    1456.85  0.000e+00
     42.568   64.96168 -169.88358     2.2202    32.7821    1456.85  0.000e+00
     42.522   64.96168 -169.88358     2.2203    32.7822    1456.85  0.000e+00
     42.522   64.96168 -169.88358     2.2205    32.7819    1456.85  0.000e+00
     42.576   64.96168 -169.88358     2.2203    32.7824    1456.85  0.000e+00
     42.522   64.96168 -169.88358     2.2208    32.7821    1456.85  0.000e+00
     42.568   64.96168 -169.88358     2.2208    32.7821    1456.85  0.000e+00
     42.522   64.96168 -169.88358     2.2206    32.7826    1456.85  0.000e+00
     42.576   64.96168 -169.88358     2.2206    32.7830    1456.85  0.000e+00
     42.522   64.96168 -169.88358     2.2208    32.7827    1456.85  0.000e+00
     42.522   64.96168 -169.88358     2.2206    32.7832    1456.85  0.000e+00
     42.522   64.96168 -169.88358     2.2208    32.7834    1456.85  0.000e+00
     42.568   64.96168 -169.88358     2.2215    32.7823    1456.85  0.000e+00
     42.522   64.96168 -169.88358     2.2217    32.7822    1456.85  0.000e+00
     42.522   64.96168 -169.88358     2.2219    32.7821    1456.85  0.000e+00
     42.522   64.96168 -169.88358     2.2221    32.7819    1456.86  0.000e+00
     42.576   64.96168 -169.88358     2.2219    32.7821    1456.86  0.000e+00
     42.514   64.96168 -169.88358     2.2220    32.7824    1456.86  0.000e+00
     42.522   64.96168 -169.88358     2.2222    32.7818    1456.86  0.000e+00
     42.576   64.96168 -169.88358     2.2221    32.7821    1456.86  0.000e+00
     42.522   64.96168 -169.88358     2.2222    32.7820    1456.86  0.000e+00
     42.522   64.96168 -169.88358     2.2221    32.7824    1456.86  0.000e+00
     42.568   64.96168 -169.88358     2.2222    32.7816    1456.86  0.000e+00
     42.522   64.96168 -169.88358     2.2221    32.7815    1456.86  0.000e+00
     42.522   64.96168 -169.88358     2.2221    32.7818    1456.86  0.000e+00
     42.576   64.96168 -169.88358     2.2219    32.7823    1456.86  0.000e+00
     42.522   64.96168 -169.88358     2.2217    32.7821    1456.85  0.000e+00
     42.568   64.96168 -169.88358     2.2217    32.7822    1456.86  0.000e+00
     42.522   64.96168 -169.88358     2.2215    32.7825    1456.85  0.000e+00
     42.576   64.96168 -169.88358     2.2213    32.7824    1456.85  0.000e+00
     42.576   64.96168 -169.88358     2.2211    32.7825    1456.85  0.000e+00
     42.576   64.96168 -169.88358     2.2211    32.7825    1456.85  0.000e+00
     42.522   64.96168 -169.88358     2.2210    32.7832    1456.85  0.000e+00
     42.568   64.96168 -169.88358     2.2208    32.7830    1456.85  0.000e+00
     42.576   64.96168 -169.88358     2.2209    32.7828    1456.85  0.000e+00
     42.576   64.96168 -169.88358     2.2211    32.7829    1456.85  0.000e+00
     42.576   64.96168 -169.88358     2.2213    32.7827    1456.85  0.000e+00
     42.576   64.96168 -169.88358     2.2213    32.7824    1456.85  0.000e+00
     42.630   64.96168 -169.88358     2.2208    32.7826    1456.85  0.000e+00
     42.576   64.96168 -169.88358     2.2206    32.7826    1456.85  0.000e+00
     42.576   64.96168 -169.88358     2.2203    32.7830    1456.85  0.000e+00
     42.638   64.96168 -169.88358     2.2205    32.7825    1456.85  0.000e+00
     42.638   64.96168 -169.88358     2.2203    32.7827    1456.85  0.000e+00
     42.630   64.96168 -169.88358     2.2205    32.7828    1456.85  0.000e+00
     42.576   64.96168 -169.88358     2.2205    32.7825    1456.85  0.000e+00
     42.638   64.96168 -169.88358     2.2206    32.7826    1456.85  0.000e+00
     42.638   64.96168 -169.88358     2.2206    32.7823    1456.85  0.000e+00
     42.638   64.96168 -169.88358     2.2203    32.7825    1456.85  0.000e+00
     42.692   64.96168 -169.88358     2.2205    32.7823    1456.85  0.000e+00
     42.630   64.96168 -169.88358     2.2203    32.7827    1456.85  0.000e+00
     42.692   64.96168 -169.88358     2.2201    32.7827    1456.85  0.000e+00
     42.638   64.96168 -169.88358     2.2202    32.7824    1456.85  0.000e+00
     42.692   64.96168 -169.88358     2.2201    32.7829    1456.85  0.000e+00
     42.692   64.96168 -169.88358     2.2201    32.7826    1456.85  0.000e+00
     42.684   64.96168 -169.88358     2.2202    32.7821    1456.85  0.000e+00
     42.692   64.96168 -169.88358     2.2201    32.7824    1456.85  0.000e+00
     42.692   64.96168 -169.88358     2.2203    32.7822    1456.85  0.000e+00
     42.746   64.96168 -169.88358     2.2202    32.7823    1456.85  0.000e+00
     42.692   64.96168 -169.88358     2.2202    32.7821    1456.85  0.000e+00
     42.684   64.96168 -169.88358     2.2201    32.7824    1456.85  0.000e+00
     42.746   64.96168 -169.88358     2.2203    32.7821    1456.85  0.000e+00
     42.746   64.96168 -169.88358     2.2203    32.7822    1456.85  0.000e+00
     42.692   64.96168 -169.88358     2.2201    32.7828    1456.85  0.000e+00
     42.746   64.96168 -169.88358     2.2202    32.7827    1456.85  0.000e+00
     42.746   64.96168 -169.88358     2.2202    32.7824    1456.85  0.000e+00
     42.746   64.96168 -169.88358     2.2201    32.7824    1456.85  0.000e+00
     42.746   64.96168 -169.88358     2.2203    32.7819    1456.85  0.000e+00
     42.746   64.96168 -169.88358     2.2199    32.7826    1456.85  0.000e+00
     42.746   64.96168 -169.88358     2.2197    32.7830    1456.85  0.000e+00
     42.746   64.96168 -169.88358     2.2202    32.7822    1456.85  0.000e+00
     42.800   64.96168 -169.88358     2.2201    32.7823    1456.85  0.000e+00
     42.746   64.96168 -169.88358     2.2203    32.7821    1456.85  0.000e+00
     42.746   64.96168 -169.88358     2.2205    32.7820    1456.85  0.000e+00
     42.808   64.96168 -169.88358     2.2204    32.7822    1456.85  0.000e+00
     42.746   64.96168 -169.88358     2.2206    32.7823    1456.85  0.000e+00
     42.746   64.96168 -169.88358     2.2205    32.7827    1456.85  0.000e+00
     42.746   64.96168 -169.88358     2.2205    32.7831    1456.85  0.000e+00
     42.808   64.96168 -169.88358     2.2210    32.7826    1456.86  0.000e+00
     42.746   64.96168 -169.88358     2.2208    32.7829    1456.85  0.000e+00
     42.746   64.96168 -169.88358     2.2211    32.7824    1456.86  0.000e+00
     42.746   64.96168 -169.88358     2.2210    32.7826    1456.86  0.000e+00
     42.800   64.96168 -169.88358     2.2208    32.7825    1456.86  0.000e+00
     42.746   64.96168 -169.88358     2.2210    32.7824    1456.85  0.000e+00
     42.746   64.96168 -169.88358     2.2211    32.7823    1456.86  0.000e+00
     42.746   64.96168 -169.88358     2.2209    32.7827    1456.85  0.000e+00
     42.746   64.96168 -169.88358     2.2211    32.7825    1456.86  0.000e+00
     42.746   64.96168 -169.88358     2.2211    32.7822    1456.86  0.000e+00
     42.746   64.96168 -169.88358     2.2210    32.7825    1456.86  0.000e+00
     42.746   64.96168 -169.88358     2.2208    32.7824    1456.85  0.000e+00
     42.746   64.96168 -169.88358     2.2210    32.7820    1456.85  0.000e+00
     42.692   64.96168 -169.88358     2.2208    32.7823    1456.85  0.000e+00
     42.746   64.96168 -169.88358     2.2208    32.7824    1456.85  0.000e+00
     42.746   64.96168 -169.88358     2.2211    32.7821    1456.86  0.000e+00
     42.692   64.96168 -169.88358     2.2211    32.7822    1456.85  0.000e+00
     42.692   64.96168 -169.88358     2.2211    32.7826    1456.86  0.000e+00
     42.692   64.96168 -169.88358     2.2214    32.7825    1456.86  0.000e+00
     42.746   64.96168 -169.88358     2.2215    32.7824    1456.86  0.000e+00
     42.684   64.96168 -169.88358     2.2219    32.7820    1456.86  0.000e+00
     42.638   64.96168 -169.88358     2.2216    32.7826    1456.86  0.000e+00
     42.746   64.96168 -169.88358     2.2217    32.7822    1456.86  0.000e+00
     42.638   64.96168 -169.88358     2.2218    32.7823    1456.86  0.000e+00
     42.692   64.96168 -169.88358     2.2217    32.7825    1456.86  0.000e+00
     42.638   64.96168 -169.88358     2.2219    32.7823    1456.86  0.000e+00
     42.684   64.96168 -169.88358     2.2219    32.7825    1456.86  0.000e+00
     42.638   64.96168 -169.88358     2.2221    32.7824    1456.86  0.000e+00
     42.638   64.96168 -169.88358     2.2224    32.7821    1456.86  0.000e+00
     42.638   64.96168 -169.88358     2.2221    32.7824    1456.86  0.000e+00
     42.638   64.96168 -169.88358     2.2219    32.7828    1456.86  0.000e+00
     42.630   64.96168 -169.88358     2.2222    32.7823    1456.86  0.000e+00
     42.638   64.96168 -169.88358     2.2225    32.7815    1456.86  0.000e+00
     42.576   64.96168 -169.88358     2.2222    32.7819    1456.86  0.000e+00
     42.638   64.96168 -169.88358     2.2220    32.7817    1456.86  0.000e+00
     42.576   64.96168 -169.88358     2.2219    32.7817    1456.86  0.000e+00
     42.514   64.96168 -169.88358     2.2216    32.7821    1456.85  0.000e+00
     42.692   64.96168 -169.88358     2.2215    32.7822    1456.86  0.000e+00
     42.576   64.96168 -169.88358     2.2213    32.7824    1456.85  0.000e+00
     42.576   64.96168 -169.88358     2.2213    32.7826    1456.85  0.000e+00
     42.522   64.96168 -169.88358     2.2214    32.7827    1456.85  0.000e+00
     42.576   64.96168 -169.88358     2.2213    32.7822    1456.85  0.000e+00
     42.568   64.96168 -169.88358     2.2215    32.7823    1456.85  0.000e+00
     42.576   64.96168 -169.88358     2.2215    32.7821    1456.85  0.000e+00
     42.522   64.96168 -169.88358     2.2215    32.7824    1456.85  0.000e+00
     42.522   64.96168 -169.88358     2.2215    32.7822    1456.85  0.000e+00
     42.576   64.96168 -169.88358     2.2215    32.7822    1456.85  0.000e+00
     42.568   64.96168 -169.88358     2.2213    32.7828    1456.85  0.000e+00
     42.522   64.96168 -169.88358     2.2216    32.7829    1456.85  0.000e+00
     42.460   64.96168 -169.88358     2.2219    32.7823    1456.85  0.000e+00
     42.576   64.96168 -169.88358     2.2217    32.7824    1456.86  0.000e+00
     42.522   64.96168 -169.88358     2.2221    32.7819    1456.86  0.000e+00
     42.514   64.96168 -169.88358     2.2219    32.7823    1456.86  0.000e+00
     42.522   64.96168 -169.88358     2.2217    32.7825    1456.85  0.000e+00
     42.522   64.96168 -169.88358     2.2216    32.7825    1456.85  0.000e+00
     42.522   64.96168 -169.88358     2.2216    32.7822    1456.85  0.000e+00
     42.460   64.96168 -169.88358     2.2214    32.7826    1456.85  0.000e+00
     42.568   64.96168 -169.88358     2.2217    32.7822    1456.86  0.000e+00
     42.460   64.96168 -169.88358     2.2215    32.7828    1456.85  0.000e+00
     42.522   64.96168 -169.88358     2.2216    32.7829    1456.85  0.000e+00
     42.522   64.96168 -169.88358     2.2215    32.7827    1456.85  0.000e+00
     42.522   64.96168 -169.88358     2.2215    32.7823    1456.85  0.000e+00
     42.522   64.96168 -169.88358     2.2217    32.7826    1456.85  0.000e+00
     42.514   64.96168 -169.88358     2.2217    32.7826    1456.85  0.000e+00
     42.460   64.96168 -169.88358     2.2216    32.7825    1456.85  0.000e+00
     42.522   64.96168 -169.88358     2.2217    32.7827    1456.86  0.000e+00
     42.522   64.96168 -169.88358     2.2216    32.7828    1456.85  0.000e+00
     42.522   64.96168 -169.88358     2.2220    32.7824    1456.86  0.000e+00
     42.514   64.96168 -169.88358     2.2217    32.7828    1456.86  0.000e+00
     42.522   64.96168 -169.88358     2.2221    32.7827    1456.86  0.000e+00
     42.522   64.96168 -169.88358     2.2221    32.7828    1456.86  0.000e+00
     42.522   64.96168 -169.88358     2.2224    32.7824    1456.86  0.000e+00
     42.522   64.96168 -169.88358     2.2219    32.7830    1456.86  0.000e+00
     42.568   64.96168 -169.88358     2.2220    32.7830    1456.86  0.000e+00
     42.522   64.96168 -169.88358     2.2217    32.7832    1456.86  0.000e+00
     42.522   64.96168 -169.88358     2.2217    32.7829    1456.86  0.000e+00
     42.576   64.96168 -169.88358     2.2222    32.7823    1456.86  0.000e+00
     42.576   64.96168 -169.88358     2.2224    32.7830    1456.86  0.000e+00
     42.568   64.96168 -169.88358     2.2228    32.7827    1456.86  0.000e+00
     42.522   64.96168 -169.88358     2.2229    32.7827    1456.86  0.000e+00
     42.576   64.96168 -169.88358     2.2233    32.7823    1456.86  0.000e+00
     42.576   64.96168 -169.88358     2.2231    32.7825    1456.86  0.000e+00
     42.576   64.96168 -169.88358     2.2230    32.7820    1456.86  0.000e+00
     42.576   64.96168 -169.88358     2.2227    32.7821    1456.86  0.000e+00
     42.630   64.96168 -169.88358     2.2224    32.7823    1456.86  0.000e+00
     42.576   64.96168 -169.88358     2.2225    32.7825    1456.86  0.000e+00
     42.638   64.96168 -169.88358     2.2227    32.7823    1456.86  0.000e+00
     42.638   64.96168 -169.88358     2.2231    32.7825    1456.86  0.000e+00
     42.638   64.96168 -169.88358     2.2233    32.7824    1456.86  0.000e+00
     42.630   64.96168 -169.88358     2.2232    32.7815    1456.86  0.000e+00
     42.638   64.96168 -169.88358     2.2230    32.7817    1456.86  0.000e+00
     42.638   64.96168 -169.88358     2.2227    32.7816    1456.86  0.000e+00
     42.638   64.96168 -169.88358     2.2222    32.7817    1456.86  0.000e+00
     42.692   64.96168 -169.88358     2.2222    32.7819    1456.86  0.000e+00
     42.684   64.96168 -169.88358     2.2220    32.7822    1456.86  0.000e+00
     42.638   64.96168 -169.88358     2.2216    32.7824    1456.86  0.000e+00
     42.692   64.96168 -169.88358     2.2216    32.7821    1456.86  0.000e+00
     42.692   64.96168 -169.88358     2.2215    32.7826    1456.86  0.000e+00
     42.692   64.96168 -169.88358     2.2216    32.7824    1456.86  0.000e+00
     42.692   64.96168 -169.88358     2.2217    32.7828    1456.86  0.000e+00
     42.746   64.96168 -169.88358     2.2217    32.7824    1456.86  0.000e+00
     42.692   64.96168 -169.88358     2.2217    32.7821    1456.86  0.000e+00
     42.746   64.96168 -169.88358     2.2219    32.7822    1456.86  0.000e+00
     42.692   64.96168 -169.88358     2.2217    32.7820    1456.86  0.000e+00
     42.746   64.96168 -169.88358     2.2215    32.7823    1456.86  0.000e+00
     42.746   64.96168 -169.88358     2.2215    32.7821    1456.86  0.000e+00
     42.746   64.96168 -169.88358     2.2213    32.7823    1456.86  0.000e+00
     42.746   64.96168 -169.88358     2.2213    32.7819    1456.86  0.000e+00
     42.746   64.96168 -169.88358     2.2216    32.7816    1456.86  0.000e+00
     42.746   64.96168 -169.88358     2.2213    32.7820    1456.86  0.000e+00
     42.746   64.96168 -169.88358     2.2211    32.7824    1456.86  0.000e+00
     42.746   64.96168 -169.88358     2.2212    32.7822    1456.86  0.000e+00
     42.808   64.96168 -169.88358     2.2210    32.7821    1456.86  0.000e+00
     42.746   64.96168 -169.88358     2.2210    32.7825    1456.86  0.000e+00
     42.808   64.96168 -169.88358     2.2210    32.7822    1456.86  0.000e+00
