EcoFOCI/data/1_SampleCollection/2023_SikuliaqDBO_CruiseData/CTD_raw_BottleFile_SKQ23-12S/proc/skq202312s_052avg.cnv
* Sea-Bird SBE 9 Data File:
* FileName = D:\CTD\SKQ202312S\SKQ202312S_052.hex
* Software Version Seasave V 7.26.7.121
* Temperature SN = 6177
* Conductivity SN = 0369
* Number of Bytes Per Scan = 41
* Number of Voltage Words = 4
* Number of Scans Averaged by the Deck Unit = 1
* NMEA Latitude = 70 49.96 N
* NMEA Longitude = 163 07.13 W
* NMEA UTC (Time) = Sep 26 2023  20:42:12
* NMEA baud rate = 4800
** Ship: R/V Sikuliaq
** Station Number: 052
** Station Name: C1
** Bottom Depth: 45
** Operator: SD
** Moorings site C1
# nquan = 25
# nvalues = 38                          
# units = specified
# name 0 = depSM: Depth [salt water, m]
# name 1 = latitude: Latitude [deg]
# name 2 = longitude: Longitude [deg]
# name 3 = prDM: Pressure, Digiquartz [db]
# name 4 = t090C: Temperature [ITS-90, deg C]
# name 5 = t190C: Temperature, 2 [ITS-90, deg C]
# name 6 = potemp090C: Potential Temperature [ITS-90, deg C]
# name 7 = sal00: Salinity, Practical [PSU]
# name 8 = sal11: Salinity, Practical, 2 [PSU]
# name 9 = density00: Density [density, kg/m^3]
# name 10 = sigma-é00: Density [sigma-theta, kg/m^3]
# name 11 = sbox0Mm/Kg: Oxygen, SBE 43 [umol/kg]
# name 12 = sbox1Mm/Kg: Oxygen, SBE 43, 2 [umol/kg]
# name 13 = oxsolMm/Kg: Oxygen Saturation, Garcia & Gordon [umol/kg]
# name 14 = sbeox0PS: Oxygen, SBE 43 [% saturation]
# name 15 = sbeox1PS: Oxygen, SBE 43, 2 [% saturation]
# name 16 = v0: Voltage 0
# name 17 = flECO-AFL: Fluorescence, WET Labs ECO-AFL/FL [mg/m^3]
# name 18 = v1: Voltage 1
# name 19 = CStarAt0: Beam Attenuation, WET Labs C-Star [1/m]
# name 20 = par: PAR/Irradiance, Biospherical/Licor
# name 21 = scan: Scan Count
# name 22 = timeM: Time, Elapsed [minutes]
# name 23 = nbin: number of scans per bin
# name 24 = flag: flag
# span 0 =      1.981,     38.600       
# span 1 =   70.83272,   70.83288       
# span 2 = -163.11888, -163.11886       
# span 3 =      2.000,     39.000       
# span 4 =     4.4611,     7.1126       
# span 5 =     4.4616,     7.1035       
# span 6 =     4.4585,     7.1112       
# span 7 =    28.7150,    31.7547       
# span 8 =    28.7258,    31.7868       
# span 9 =  1022.5551,  1025.3331       
# span 10 =    22.5449,    25.1519      
# span 11 =    234.973,    293.509      
# span 12 =    219.889,    276.765      
# span 13 =  301.33770,  319.03866      
# span 14 =     73.663,     94.199      
# span 15 =     68.940,     88.821      
# span 16 =     0.0804,     0.2011      
# span 17 =     0.1341,     0.8591      
# span 18 =     2.4101,     4.1859      
# span 19 =     0.4739,     2.6831      
# span 20 = 4.8078e-02, 9.3870e+01      
# span 21 =       -572,       3725      
# span 22 =    -0.3980,     2.5859      
# span 23 =          1,        446      
# span 24 = 0.0000e+00, 0.0000e+00      
# interval = decibars: 1                
# start_time = Sep 26 2023 20:44:50 [NMEA time, first data scan]
# bad_flag = -9.990e-29
*END*
      1.981   70.83272 -163.11888      2.000     6.3944     6.4006     6.3945    28.7158    28.7269  1022.5551    22.5458    292.909    275.166  311.67529     93.979     88.306     0.2011     0.8591     4.0232     0.6327 9.3870e+01       -572    -0.3980          1 0.0000e+00
      2.969   70.83277 -163.11888      3.000     6.4005     6.3998     6.4002    28.7158    28.7265  1022.5591    22.5452    293.334    276.614  311.63187     94.128     88.769     0.1870     0.7740     4.0184     0.6373 6.3514e+01        581     0.4028        264 0.0000e+00
      3.959   70.83276 -163.11888      4.000     6.3996     6.3997     6.3993    28.7157    28.7263  1022.5638    22.5452    293.206    276.616  311.63822     94.085     88.769     0.1927     0.8083     4.0194     0.6363 5.1878e+01        537     0.3722         98 0.0000e+00
      4.949   70.83276 -163.11888      5.000     6.3975     6.3984     6.3972    28.7150    28.7258  1022.5681    22.5449    293.379    275.371  311.65481     94.136     88.367     0.1931     0.8109     4.0190     0.6367 3.9858e+01        657     0.4558        112 0.0000e+00
      5.939   70.83276 -163.11888      6.000     6.3979     6.3987     6.3974    28.7150    28.7258  1022.5727    22.5449    293.496    276.115  311.65214     94.174     88.606     0.1919     0.8035     4.0197     0.6360 3.2313e+01        782     0.5425        145 0.0000e+00
      6.929   70.83276 -163.11888      7.000     6.4041     6.4048     6.4035    28.7176    28.7283  1022.5787    22.5462    293.392    275.992  311.60126     94.156     88.581     0.1914     0.8006     4.0199     0.6359 2.5957e+01        918     0.6371        123 0.0000e+00
      7.919   70.83276 -163.11888      8.000     6.4006     6.4024     6.4000    28.7177    28.7288  1022.5838    22.5467    293.509    275.581  311.62640     94.186     88.444     0.1903     0.7940     4.0202     0.6356 2.1162e+01       1056     0.7329        133 0.0000e+00
      8.908   70.83278 -163.11888      9.000     6.4014     6.4033     6.4007    28.7186    28.7294  1022.5890    22.5473    293.458    276.522  311.61808     94.172     88.748     0.1893     0.7879     4.0201     0.6356 1.7199e+01       1195     0.8292        138 0.0000e+00
      9.898   70.83278 -163.11888     10.000     6.3998     6.4011     6.3990    28.7169    28.7278  1022.5925    22.5462    293.437    276.765  311.63421     94.161     88.821     0.1960     0.8279     4.0204     0.6353 1.4275e+01       1335     0.9265        146 0.0000e+00
     10.888   70.83278 -163.11888     11.000     6.4159     6.4169     6.4151    28.7262    28.7366  1022.6026    22.5516    293.425    276.505  311.49523     94.199     88.776     0.1910     0.7980     4.0204     0.6354 1.1888e+01       1480     1.0274        130 0.0000e+00
     11.878   70.83278 -163.11888     12.000     6.4857     6.4871     6.4847    28.9728    28.9912  1022.7932    22.7377    292.087    275.460  310.42346     94.093     88.752     0.1942     0.8174     4.0267     0.6291 9.9977e+00       1612     1.1189        117 0.0000e+00
     12.867   70.83278 -163.11888     13.000     6.5595     6.5193     6.5584    29.2249    29.1131  1022.9875    22.9273    288.873    273.407  309.31494     93.391     88.236     0.1896     0.7896     4.0357     0.6201 8.4414e+00       1699     1.1789         65 0.0000e+00
     13.857   70.83278 -163.11888     14.000     6.7115     6.7326     6.7104    29.8269    29.8307  1023.4475    23.3828    285.974    269.928  306.86172     93.192     88.009     0.1888     0.7849     4.0555     0.6005 7.2280e+00       1763     1.2238         62 0.0000e+00
     14.847   70.83278 -163.11888     15.000     6.9183     7.0391     6.9171    30.4885    30.7604  1023.9465    23.8774    280.066    264.425  303.92160     92.148     87.421     0.1711     0.6784     4.0992     0.5577 6.2800e+00       1822     1.2643         58 0.0000e+00
     15.837   70.83278 -163.11888     16.000     7.1126     7.1035     7.1112    31.0397    31.0526  1024.3597    24.2861    275.526    258.969  301.33770     91.435     85.931     0.1513     0.5597     4.1398     0.5182 5.6043e+00       1883     1.3067         59 0.0000e+00
     16.826   70.83278 -163.11888     17.000     6.8433     6.8420     6.8419    31.1217    31.1393  1024.4638    24.3855    270.802    255.379  303.02723     89.366     84.284     0.1345     0.4590     4.1444     0.5139 5.0439e+00       1937     1.3444         51 0.0000e+00
     17.816   70.83279 -163.11888     18.000     6.5038     6.4888     6.5023    31.1574    31.1823  1024.5396    24.4565    275.193    257.668  305.33569     90.126     84.374     0.1366     0.4711     4.1550     0.5035 4.6440e+00       1993     1.3832         56 0.0000e+00
     18.806   70.83280 -163.11888     19.000     6.3680     6.3678     6.3665    31.2023    31.2155  1024.5964    24.5087    282.002    263.618  306.19702     92.098     86.102     0.1271     0.4147     4.1658     0.4932 4.3268e+00       2046     1.4200         50 0.0000e+00
     19.795   70.83280 -163.11888     20.000     6.2899     6.2899     6.2883    31.2449    31.2584  1024.6443    24.5519    286.765    267.743  306.65727     93.513     87.319     0.1183     0.3617     4.1703     0.4888 4.1203e+00       2096     1.4547         45 0.0000e+00
     20.785   70.83280 -163.11888     21.000     6.3334     6.3335     6.3317    31.2822    31.2944  1024.6729    24.5759    286.702    267.999  306.26281     93.613     87.514     0.1116     0.3215     4.1783     0.4812 3.9954e+00       2146     1.4898         52 0.0000e+00
     21.775   70.83280 -163.11888     22.000     6.2218     6.2217     6.2200    31.2915    31.3062  1024.6986    24.5969    286.984    271.191  307.03846     93.468     88.334     0.1031     0.2708     4.1859     0.4739 3.8547e+00       2195     1.5234         46 0.0000e+00
     22.765   70.83280 -163.11888     23.000     6.2124     6.2132     6.2106    31.3323    31.3443  1024.7366    24.6303    285.587    267.787  307.01291     93.021     87.233     0.1004     0.2544     4.1854     0.4744 3.7395e+00       2244     1.5580         52 0.0000e+00
     23.754   70.83280 -163.11886     24.000     6.2011     6.2044     6.1992    31.4069    31.4133  1024.8014    24.6905    286.163    266.909  306.92475     93.235     86.973     0.1020     0.2640     4.1857     0.4741 3.6135e+00       2294     1.5925         47 0.0000e+00
     24.744   70.83280 -163.11886     25.000     6.2765     6.2768     6.2745    31.5124    31.5224  1024.8799    24.7645    285.085    266.822  306.14766     93.120     87.162     0.1009     0.2576     4.1694     0.4897 3.4642e+00       2343     1.6266         50 0.0000e+00
     25.734   70.83280 -163.11886     26.000     6.2358     6.2359     6.2337    31.5598    31.5724  1024.9270    24.8069    282.343    267.143  306.33062     92.170     87.216     0.1001     0.2526     4.1354     0.5224 3.3271e+00       2394     1.6616         46 0.0000e+00
     26.724   70.83280 -163.11886     27.000     6.0562     6.0539     6.0541    31.6039    31.6236  1024.9882    24.8634    279.222    263.879  307.51666     90.800     85.818     0.0975     0.2368     4.1152     0.5421 3.1730e+00       2442     1.6953         49 0.0000e+00
     27.713   70.83280 -163.11886     28.000     5.8489     5.8465     5.8467    31.6490    31.6664  1025.0534    24.9238    277.723    262.131  308.90870     89.905     84.864     0.0971     0.2347     4.0711     0.5852 2.9617e+00       2491     1.7292         49 0.0000e+00
     28.703   70.83280 -163.11886     29.000     5.6176     5.5908     5.6153    31.6807    31.7264  1025.1100    24.9757    278.500    261.675  310.52458     89.687     84.244     0.0986     0.2438     4.0729     0.5835 2.7775e+00       2543     1.7652         46 0.0000e+00
     29.693   70.83281 -163.11886     30.000     4.7941     4.7853     4.7920    31.7510    31.7868  1025.2621    25.1225    280.574    265.037  316.48212     88.656     83.751     0.0882     0.1814     3.3702     1.3601 2.5373e+00       2594     1.8010         56 0.0000e+00
     30.682   70.83282 -163.11886     31.000     4.5992     4.5921     4.5971    31.7547    31.7764  1025.2902    25.1458    254.632    240.901  317.95463     80.087     75.767     0.0809     0.1374     2.8066     2.0719 2.3512e+00       2670     1.8533         86 0.0000e+00
     31.672   70.83282 -163.11886     32.000     4.5272     4.5264     4.5250    31.7519    31.7683  1025.3001    25.1510    238.535    225.487  318.51246     74.891     70.801     0.0814     0.1406     2.6508     2.3021 1.9363e+00       2762     1.9177        100 0.0000e+00
     32.662   70.83282 -163.11886     33.000     4.4896     4.4880     4.4874    31.7482    31.7631  1025.3057    25.1519    237.476    223.171  318.80940     74.489     70.006     0.0804     0.1341     2.5641     2.4355 1.3359e+00       2858     1.9837         95 0.0000e+00
     33.651   70.83284 -163.11886     34.000     4.4876     4.4864     4.4853    31.7449    31.7581  1025.3080    25.1495    236.492    221.958  318.83232     74.175     69.621     0.0816     0.1415     2.5446     2.4657 8.7252e-01       3095     2.1483        446 0.0000e+00
     34.641   70.83286 -163.11886     35.000     4.4730     4.4751     4.4707    31.7428    31.7551  1025.3125    25.1493    235.823    221.512  318.94946     73.937     69.460     0.0804     0.1342     2.4928     2.5482 5.4565e-01       3405     2.3640         85 0.0000e+00
     35.631   70.83286 -163.11886     36.000     4.4698     4.4697     4.4673    31.7430    31.7551  1025.3177    25.1499    235.354    221.349  318.97396     73.785     69.400     0.0812     0.1394     2.4637     2.5949 3.4174e-01       3486     2.4199         77 0.0000e+00
     36.620   70.83286 -163.11886     37.000     4.4696     4.4706     4.4671    31.7426    31.7546  1025.3220    25.1495    234.973    221.124  318.97622     73.665     69.331     0.0807     0.1359     2.4712     2.5827 2.0086e-01       3561     2.4725         78 0.0000e+00
     37.610   70.83287 -163.11886     38.000     4.4669     4.4683     4.4644    31.7428    31.7547  1025.3271    25.1500    234.983    219.889  318.99603     73.663     68.940     0.0818     0.1427     2.4499     2.6173 1.0929e-01       3642     2.5282         81 0.0000e+00
     38.600   70.83288 -163.11886     39.000     4.4611     4.4616     4.4585    31.7436    31.7557  1025.3331    25.1513    235.102    220.933  319.03866     73.691     69.257     0.0825     0.1471     2.4101     2.6831 4.8078e-02       3725     2.5859         78 0.0000e+00
