EcoFOCI/data/1_SampleCollection/2023_SikuliaqDBO_CruiseData/CTD_raw_BottleFile_SKQ23-12S/proc/skq202312s_069.cnv
* Sea-Bird SBE 9 Data File:
* FileName = D:\CTD\SKQ202312S\SKQ202312S_069.hex
* Software Version Seasave V 7.26.7.121
* Temperature SN = 6177
* Conductivity SN = 0369
* Number of Bytes Per Scan = 41
* Number of Voltage Words = 4
* Number of Scans Averaged by the Deck Unit = 1
* NMEA Latitude = 67 46.99 N
* NMEA Longitude = 168 35.84 W
* NMEA UTC (Time) = Sep 30 2023  01:24:11
* NMEA baud rate = 4800
** Ship: R/V Sikuliaq
** Station Number: 069
** Station Name: DBO3.7
** Bottom Depth: 50
** Operator: SD
# nquan = 24
# nvalues = 4111                                  
# units = specified
# name 0 = depSM: Depth [salt water, m]
# name 1 = latitude: Latitude [deg]
# name 2 = longitude: Longitude [deg]
# name 3 = prDM: Pressure, Digiquartz [db]
# name 4 = t090C: Temperature [ITS-90, deg C]
# name 5 = t190C: Temperature, 2 [ITS-90, deg C]
# name 6 = potemp090C: Potential Temperature [ITS-90, deg C]
# name 7 = sal00: Salinity, Practical [PSU]
# name 8 = sal11: Salinity, Practical, 2 [PSU]
# name 9 = density00: Density [density, kg/m^3]
# name 10 = sigma-é00: Density [sigma-theta, kg/m^3]
# name 11 = sbox0Mm/Kg: Oxygen, SBE 43 [umol/kg]
# name 12 = sbox1Mm/Kg: Oxygen, SBE 43, 2 [umol/kg]
# name 13 = oxsolMm/Kg: Oxygen Saturation, Garcia & Gordon [umol/kg]
# name 14 = sbeox0PS: Oxygen, SBE 43 [% saturation]
# name 15 = sbeox1PS: Oxygen, SBE 43, 2 [% saturation]
# name 16 = v0: Voltage 0
# name 17 = flECO-AFL: Fluorescence, WET Labs ECO-AFL/FL [mg/m^3]
# name 18 = v1: Voltage 1
# name 19 = CStarAt0: Beam Attenuation, WET Labs C-Star [1/m]
# name 20 = par: PAR/Irradiance, Biospherical/Licor
# name 21 = scan: Scan Count
# name 22 = timeM: Time, Elapsed [minutes]
# name 23 = flag:  0.000e+00
# span 0 =      2.464,     45.002                 
# span 1 =   67.78290,   67.78294                 
# span 2 = -168.59750, -168.59740                 
# span 3 =      2.489,     45.461                 
# span 4 =     2.2539,     5.5342                 
# span 5 =     2.2189,     5.5472                 
# span 6 =     2.2522,     5.5320                 
# span 7 =    26.3141,    32.5375                 
# span 8 =    26.5043,    32.5505                 
# span 9 =  1020.9897,  1026.1047                 
# span 10 =    20.9729,    25.8942                
# span 11 =    219.979,    336.915                
# span 12 =    208.681,    321.150                
# span 13 =  312.94888,  346.43338                
# span 14 =     67.409,     99.577                
# span 15 =     63.954,     94.501                
# span 16 =     0.0794,     0.3419                
# span 17 =     0.1282,     1.7033                
# span 18 =     2.7228,     4.1783                
# span 19 =     0.4812,     2.1947                
# span 20 = 6.7730e-04, 2.9070e+02                
# span 21 =          1,       4111                
# span 22 =     0.0000,     2.8542                
# span 23 = 0.0000e+00, 0.0000e+00                
# interval = seconds: 0.0416667
# start_time = Sep 30 2023 01:27:32 [NMEA time, first data scan]
# bad_flag = -9.990e-29
*END*
[from data line 785]
      7.155   67.78294 -168.59740      7.228     2.7749     2.7751     2.7745    27.8707    27.8620  1022.2491    22.2148    331.432    316.609  342.41699     96.792     92.457     0.2552     1.1831     3.8755     0.7822 7.3634e+01        786     0.5451  0.000e+00
      7.155   67.78294 -168.59740      7.228     2.7744     2.7756     2.7740    27.8784    27.8557  1022.2553    22.2210    331.379    316.597  342.40089     96.781     92.451     0.2564     1.1905     3.8767     0.7810 7.3634e+01        787     0.5458  0.000e+00
      7.155   67.78294 -168.59740      7.228     2.7742     2.7762     2.7738    27.8809    27.8493  1022.2573    22.2230    331.381    316.587  342.39625     96.783     92.445     0.2552     1.1831     3.8755     0.7822 7.3842e+01        788     0.5465  0.000e+00
      7.209   67.78294 -168.59740      7.282     2.7741     2.7758     2.7737    27.8859    27.8506  1022.2615    22.2270    331.348    316.371  342.38432     96.777     92.381     0.2552     1.1831     3.8755     0.7822 7.4050e+01        789     0.5472  0.000e+00
      7.209   67.78294 -168.59740      7.282     2.7736     2.7759     2.7732    27.8926    27.8567  1022.2669    22.2323    331.355    316.318  342.37102     96.782     92.371     0.2564     1.1905     3.8755     0.7822 7.4259e+01        790     0.5479  0.000e+00
      7.209   67.78294 -168.59740      7.282     2.7737     2.7753     2.7734    27.8911    27.8630  1022.2657    22.2312    331.347    316.301  342.37349     96.779     92.369     0.2564     1.1905     3.8755     0.7822 7.4468e+01        791     0.5486  0.000e+00
      7.209   67.78294 -168.59740      7.282     2.7735     2.7750     2.7731    27.8868    27.8706  1022.2622    22.2277    331.356    316.282  342.38709     96.778     92.368     0.2564     1.1905     3.8755     0.7822 7.5312e+01        792     0.5493  0.000e+00
      7.209   67.78294 -168.59740      7.282     2.7735     2.7746     2.7731    27.8849    27.8793  1022.2607    22.2262    331.362    316.242  342.39203     96.779     92.361     0.2552     1.1831     3.8755     0.7822 7.5737e+01        793     0.5500  0.000e+00
      7.209   67.78294 -168.59740      7.282     2.7733     2.7739     2.7730    27.8838    27.8851  1022.2599    22.2254    331.374    316.215  342.39615     96.781     92.356     0.2564     1.1905     3.8755     0.7822 7.5737e+01        794     0.5507  0.000e+00
      7.209   67.78294 -168.59740      7.282     2.7729     2.7736     2.7725    27.8820    27.8895  1022.2585    22.2240    331.396    316.193  342.40458     96.785     92.352     0.2552     1.1831     3.8755     0.7822 7.5737e+01        795     0.5514  0.000e+00
      7.325   67.78294 -168.59740      7.399     2.7728     2.7736     2.7725    27.8857    27.8909  1022.2620    22.2269    331.336    315.981  342.39548     96.770     92.291     0.2564     1.1905     3.8755     0.7822 7.5951e+01        796     0.5521  0.000e+00
      7.240   67.78294 -168.59740      7.313     2.7730     2.7736     2.7726    27.8886    27.8886  1022.2639    22.2293    331.346    315.953  342.38632     96.775     92.281     0.2552     1.1831     3.8755     0.7822 7.5737e+01        797     0.5528  0.000e+00
      7.271   67.78294 -168.59740      7.345     2.7730     2.7739     2.7726    27.8894    27.8883  1022.2647    22.2299    331.148    316.130  342.38433     96.718     92.333     0.2564     1.1905     3.8767     0.7810 7.5737e+01        798     0.5535  0.000e+00
      7.271   67.78294 -168.59740      7.345     2.7728     2.7738     2.7725    27.8935    27.8904  1022.2680    22.2331    331.328    315.927  342.37509     96.773     92.275     0.2552     1.1831     3.8755     0.7822 7.5524e+01        799     0.5542  0.000e+00
      7.271   67.78294 -168.59740      7.345     2.7730     2.7736     2.7726    27.8949    27.8941  1022.2690    22.2342    331.326    315.904  342.37010     96.774     92.271     0.2564     1.1905     3.8755     0.7822 7.5524e+01        800     0.5549  0.000e+00
      7.271   67.78294 -168.59740      7.345     2.7729     2.7736     2.7725    27.8941    27.9025  1022.2684    22.2336    331.336    316.075  342.37300     96.776     92.327     0.2564     1.1905     3.8767     0.7810 7.5312e+01        801     0.5556  0.000e+00
      7.325   67.78294 -168.59740      7.399     2.7728     2.7730     2.7725    27.8928    27.9077  1022.2677    22.2326    331.166    316.087  342.37680     96.726     92.332     0.2552     1.1831     3.8767     0.7810 7.5100e+01        802     0.5563  0.000e+00
      7.325   67.78294 -168.59740      7.399     2.7728     2.7728     2.7725    27.8905    27.9055  1022.2658    22.2307    331.155    315.912  342.38290     96.721     92.279     0.2527     1.1685     3.8755     0.7822 7.5100e+01        803     0.5569  0.000e+00
      7.271   67.78294 -168.59740      7.345     2.7728     2.7727     2.7725    27.8917    27.9024  1022.2665    22.2317    331.139    315.920  342.37973     96.717     92.279     0.2503     1.1538     3.8755     0.7822 7.4889e+01        804     0.5576  0.000e+00
      7.325   67.78294 -168.59740      7.399     2.7728     2.7726     2.7725    27.8916    27.9021  1022.2667    22.2316    331.175    315.931  342.38009     96.727     92.282     0.2515     1.1612     3.8755     0.7822 7.4468e+01        805     0.5583  0.000e+00
      7.325   67.78294 -168.59740      7.399     2.7728     2.7726     2.7725    27.8872    27.9031  1022.2632    22.2281    331.189    315.940  342.39151     96.728     92.285     0.2503     1.1538     3.8755     0.7822 7.4468e+01        806     0.5590  0.000e+00
      7.379   67.78294 -168.59740      7.454     2.7727     2.7730     2.7724    27.8899    27.9054  1022.2656    22.2302    331.195    315.951  342.38548     96.732     92.291     0.2515     1.1612     3.8755     0.7822 7.4259e+01        807     0.5597  0.000e+00
      7.325   67.78294 -168.59740      7.399     2.7725     2.7731     2.7722    27.8969    27.9082  1022.2710    22.2359    331.192    315.962  342.36897     96.736     92.296     0.2503     1.1538     3.8755     0.7822 7.3634e+01        808     0.5604  0.000e+00
      7.379   67.78294 -168.59740      7.454     2.7723     2.7734     2.7720    27.8987    27.9064  1022.2727    22.2373    331.251    315.992  342.36560     96.754     92.305     0.2515     1.1612     3.8767     0.7810 7.3427e+01        809     0.5611  0.000e+00
      7.302   67.78294 -168.59740      7.376     2.7723     2.7734     2.7720    27.8970    27.9007  1022.2710    22.2360    331.281    316.010  342.37006     96.761     92.306     0.2503     1.1538     3.8755     0.7822 7.3221e+01        810     0.5618  0.000e+00
      7.379   67.78294 -168.59740      7.454     2.7727     2.7736     2.7723    27.8950    27.8972  1022.2697    22.2344    331.283    316.031  342.37247     96.761     92.310     0.2515     1.1612     3.8755     0.7822 7.2810e+01        811     0.5625  0.000e+00
      7.379   67.78294 -168.59740      7.453     2.7727     2.7736     2.7723    27.8949    27.8960  1022.2696    22.2343    331.285    316.049  342.37285     96.762     92.314     0.2515     1.1612     3.8767     0.7810 7.2605e+01        812     0.5632  0.000e+00
      7.379   67.78294 -168.59740      7.453     2.7728     2.7738     2.7725    27.8929    27.8950  1022.2680    22.2326    331.295    315.866  342.37667     96.763     92.260     0.2503     1.1538     3.8755     0.7822 7.2401e+01        813     0.5639  0.000e+00
      7.441   67.78294 -168.59740      7.516     2.7729     2.7733     2.7725    27.8952    27.8957  1022.2701    22.2345    331.340    315.846  342.37012     96.778     92.254     0.2515     1.1612     3.8755     0.7822 7.1792e+01        814     0.5646  0.000e+00
      7.379   67.78294 -168.59740      7.453     2.7728     2.7728     2.7725    27.8973    27.9066  1022.2715    22.2362    331.349    315.825  342.36506     96.782     92.255     0.2503     1.1538     3.8755     0.7822 7.1388e+01        815     0.5653  0.000e+00
      7.379   67.78294 -168.59740      7.453     2.7728     2.7725     2.7725    27.8957    27.9260  1022.2702    22.2349    331.375    315.993  342.36941     96.789     92.317     0.2515     1.1612     3.8755     0.7822 7.1388e+01        816     0.5660  0.000e+00
      7.441   67.78294 -168.59740      7.516     2.7727     2.7726     2.7723    27.8951    27.9420  1022.2701    22.2344    331.406    315.993  342.37225     96.797     92.328     0.2503     1.1538     3.8767     0.7810 7.0589e+01        817     0.5667  0.000e+00
      7.441   67.78294 -168.59740      7.516     2.7725     2.7723     2.7722    27.9048    27.9514  1022.2778    22.2422    331.414    316.013  342.34839     96.806     92.340     0.2515     1.1612     3.8767     0.7810 7.0192e+01        818     0.5674  0.000e+00
      7.379   67.78294 -168.59740      7.453     2.7727     2.7726     2.7723    27.9168    27.9545  1022.2871    22.2517    331.414    316.045  342.31583     96.815     92.352     0.2503     1.1538     3.8767     0.7810 7.0192e+01        819     0.5681  0.000e+00
      7.495   67.78294 -168.59740      7.570     2.7724     2.7728     2.7720    27.9190    27.9549  1022.2894    22.2535    331.456    316.096  342.31225     96.829     92.367     0.2515     1.1612     3.8767     0.7810 6.9406e+01        820     0.5687  0.000e+00
      7.441   67.78294 -168.59740      7.516     2.7720     2.7725     2.7717    27.9177    27.9560  1022.2881    22.2525    331.505    316.121  342.31892     96.841     92.375     0.2503     1.1538     3.8767     0.7810 6.8822e+01        821     0.5694  0.000e+00
      7.410   67.78294 -168.59740      7.485     2.7719     2.7725     2.7715    27.9179    27.9559  1022.2881    22.2527    331.553    315.948  342.31990     96.855     92.324     0.2515     1.1612     3.8767     0.7810 6.8822e+01        822     0.5701  0.000e+00
      7.494   67.78294 -168.59740      7.570     2.7716     2.7723     2.7712    27.9189    27.9523  1022.2894    22.2535    331.610    315.973  342.31958     96.872     92.329     0.2515     1.1612     3.8767     0.7810 6.8243e+01        823     0.5708  0.000e+00
      7.440   67.78294 -168.59740      7.516     2.7714     2.7722     2.7711    27.9152    27.9426  1022.2862    22.2506    331.638    316.009  342.33050     96.877     92.332     0.2503     1.1538     3.8755     0.7822 6.7860e+01        824     0.5715  0.000e+00
      7.494   67.78294 -168.59740      7.570     2.7716     2.7723     2.7712    27.9123    27.9295  1022.2841    22.2483    331.708    316.061  342.33662     96.895     92.338     0.2515     1.1612     3.8767     0.7810 6.7669e+01        825     0.5722  0.000e+00
      7.494   67.78294 -168.59740      7.570     2.7716     2.7725     2.7712    27.9167    27.9193  1022.2876    22.2518    331.724    316.107  342.32519     96.903     92.345     0.2503     1.1538     3.8767     0.7810 6.7479e+01        826     0.5729  0.000e+00
      7.440   67.78294 -168.59740      7.516     2.7715     2.7725     2.7711    27.9227    27.9209  1022.2921    22.2565    331.738    316.103  342.31060     96.911     92.345     0.2515     1.1612     3.8755     0.7822 6.7289e+01        827     0.5736  0.000e+00
      7.494   67.78294 -168.59740      7.570     2.7714     2.7722     2.7711    27.9199    27.9397  1022.2902    22.2543    331.555    316.067  342.31837     96.856     92.347     0.2576     1.1978     3.8767     0.7810 6.7289e+01        828     0.5743  0.000e+00
      7.494   67.78294 -168.59740      7.570     2.7714     2.7718     2.7711    27.9103    27.9617  1022.2825    22.2467    332.033    316.026  342.34326     96.988     92.350     0.2637     1.2344     3.8767     0.7810 6.7289e+01        829     0.5750  0.000e+00
      7.556   67.78294 -168.59740      7.632     2.7714     2.7706     2.7711    27.9016    27.9748  1022.2759    22.2397    331.908    316.018  342.36609     96.945     92.354     0.2637     1.2344     3.8767     0.7810 6.7289e+01        830     0.5757  0.000e+00
      7.494   67.78294 -168.59742      7.570     2.7716     2.7702     2.7712    27.9042    27.9801  1022.2777    22.2418    331.940    316.021  342.35782     96.957     92.357     0.2650     1.2417     3.8767     0.7810 6.7289e+01        831     0.5764  0.000e+00
      7.494   67.78294 -168.59742      7.570     2.7717     2.7700     2.7713    27.9168    27.9830  1022.2877    22.2518    331.953    316.032  342.32403     96.970     92.362     0.2637     1.2344     3.8767     0.7810 6.7289e+01        832     0.5771  0.000e+00
      7.556   67.78294 -168.59742      7.632     2.7712     2.7696     2.7708    27.9261    27.9878  1022.2955    22.2593    331.948    316.047  342.30446     96.974     92.369     0.2637     1.2344     3.8767     0.7810 6.7289e+01        833     0.5778  0.000e+00
      7.471   67.78294 -168.59742      7.547     2.7714     2.7696     2.7711    27.9295    27.9878  1022.2978    22.2620    331.983    316.066  342.29326     96.988     92.374     0.2650     1.2417     3.8767     0.7810 6.7289e+01        834     0.5785  0.000e+00
      7.556   67.78294 -168.59742      7.632     2.7711     2.7702     2.7707    27.9304    27.9786  1022.2988    22.2627    332.003    316.112  342.29385     96.994     92.383     0.2637     1.2344     3.8767     0.7810 6.7479e+01        835     0.5792  0.000e+00
      7.494   67.78294 -168.59742      7.570     2.7711     2.7711     2.7708    27.9257    27.9584  1022.2949    22.2590    332.029    316.178  342.30588     96.998     92.390     0.2650     1.2417     3.8755     0.7822 6.7289e+01        836     0.5799  0.000e+00
      7.556   67.78294 -168.59742      7.632     2.7713     2.7719     2.7709    27.9203    27.9328  1022.2908    22.2546    332.062    316.267  342.31859     97.004     92.400     0.2637     1.2344     3.8767     0.7810 6.7479e+01        837     0.5806  0.000e+00
      7.556   67.78294 -168.59742      7.632     2.7711     2.7727     2.7707    27.9150    27.9147  1022.2866    22.2504    332.097    316.313  342.33375     97.010     92.403     0.2650     1.2417     3.8779     0.7797 6.7289e+01        838     0.5813  0.000e+00
      7.556   67.78294 -168.59742      7.632     2.7713     2.7726     2.7710    27.9108    27.9148  1022.2832    22.2470    332.127    316.325  342.34304     97.016     92.406     0.2637     1.2344     3.8779     0.7797 6.7100e+01        839     0.5819  0.000e+00
      7.494   67.78294 -168.59742      7.570     2.7716     2.7723     2.7712    27.9107    27.9243  1022.2828    22.2469    332.145    316.316  342.34098     97.022     92.409     0.2650     1.2417     3.8779     0.7797 6.7100e+01        840     0.5826  0.000e+00
      7.556   67.78294 -168.59742      7.632     2.7713     2.7721     2.7709    27.9156    27.9303  1022.2871    22.2509    332.162    316.323  342.33080     97.030     92.415     0.2637     1.2344     3.8779     0.7797 6.7100e+01        841     0.5833  0.000e+00
      7.556   67.78294 -168.59742      7.632     2.7713     2.7718     2.7709    27.9210    27.9362  1022.2913    22.2552    331.948    316.329  342.31695     96.971     92.420     0.2637     1.2344     3.8779     0.7797 6.6911e+01        842     0.5840  0.000e+00
      7.556   67.78294 -168.59742      7.632     2.7713     2.7716     2.7709    27.9212    27.9416  1022.2915    22.2553    332.166    316.337  342.31637     97.035     92.426     0.2662     1.2491     3.8779     0.7797 6.6911e+01        843     0.5847  0.000e+00
      7.610   67.78294 -168.59742      7.687     2.7708     2.7714     2.7704    27.9198    27.9448  1022.2907    22.2543    332.207    316.152  342.32405     97.045     92.374     0.2650     1.2417     3.8779     0.7797 6.6911e+01        844     0.5854  0.000e+00
      7.556   67.78294 -168.59742      7.632     2.7708     2.7714     2.7705    27.9189    27.9461  1022.2897    22.2535    332.239    316.326  342.32606     97.053     92.425     0.2650     1.2417     3.8779     0.7797 6.6911e+01        845     0.5861  0.000e+00
