EcoFOCI/data/1_SampleCollection/2023_SikuliaqDBO_CruiseData/CTD_raw_BottleFile_SKQ23-12S/proc/skq202312s_028.ros
* Sea-Bird SBE 9 Data File:
* FileName = D:\CTD\SKQ202312S\SKQ202312S_028.hex
* Software Version Seasave V 7.26.7.121
* Temperature SN = 6177
* Conductivity SN = 0369
* Number of Bytes Per Scan = 41
* Number of Voltage Words = 4
* Number of Scans Averaged by the Deck Unit = 1
* NMEA Latitude = 71 22.34 N
* NMEA Longitude = 157 24.94 W
* NMEA UTC (Time) = Sep 21 2023  03:13:25
* NMEA baud rate = 4800
** Ship: R/V Sikuliaq
** Station Number: 028
** Station Name: DBO5.4
** Bottom Depth: 112
** Operator: SD
# nquan = 22
# nvalues = 1127                                  
# units = specified
# name 0 = depSM: Depth [salt water, m]
# name 1 = latitude: Latitude [deg]
# name 2 = longitude: Longitude [deg]
# name 3 = prDM: Pressure, Digiquartz [db]
# name 4 = t090C: Temperature [ITS-90, deg C]
# name 5 = t190C: Temperature, 2 [ITS-90, deg C]
# name 6 = potemp090C: Potential Temperature [ITS-90, deg C]
# name 7 = sal00: Salinity, Practical [PSU]
# name 8 = sal11: Salinity, Practical, 2 [PSU]
# name 9 = density00: Density [density, kg/m^3]
# name 10 = sigma-é00: Density [sigma-theta, kg/m^3]
# name 11 = sbox0Mm/Kg: Oxygen, SBE 43 [umol/kg]
# name 12 = sbox1Mm/Kg: Oxygen, SBE 43, 2 [umol/kg]
# name 13 = oxsolMm/Kg: Oxygen Saturation, Garcia & Gordon [umol/kg]
# name 14 = sbeox0PS: Oxygen, SBE 43 [% saturation]
# name 15 = v0: Voltage 0
# name 16 = flECO-AFL: Fluorescence, WET Labs ECO-AFL/FL [mg/m^3]
# name 17 = CStarAt0: Beam Attenuation, WET Labs C-Star [1/m]
# name 18 = par: PAR/Irradiance, Biospherical/Licor
# name 19 = scan: Scan Count
# name 20 = nbf: Bottles Fired
# name 21 = flag:  0.000e+00
# interval = seconds: 0.0416667
# start_time = Sep 21 2023 03:18:10 [NMEA time, first data scan]
# bad_flag = -9.990e-29
*END*
[from data line 791]
     10.599   71.37294 -157.40962     10.709     4.8002     4.8033     4.7995    30.0520    30.0608  1023.8253    23.7754    303.264    285.730  320.48226     94.627     0.2112     0.9194     0.8394 1.0510e+00      33696         17  0.000e+00
     10.661   71.37294 -157.40962     10.771     4.8000     4.8033     4.7993    30.0520    30.0606  1023.8257    23.7754    303.224    285.741  320.48329     94.614     0.2100     0.9121     0.8394 1.0346e+00      33697         17  0.000e+00
     10.661   71.37294 -157.40962     10.771     4.8004     4.8033     4.7996    30.0516    30.0602  1023.8253    23.7750    303.210    285.562  320.48201     94.611     0.2112     0.9194     0.8394 1.0249e+00      33698         17  0.000e+00
     10.715   71.37294 -157.40960     10.826     4.8002     4.8031     4.7995    30.0520    30.0604  1023.8259    23.7754    303.378    285.553  320.48221     94.663     0.2125     0.9267     0.8381 1.0217e+00      33699         17  0.000e+00
     10.661   71.37294 -157.40960     10.771     4.8002     4.8029     4.7995    30.0524    30.0607  1023.8259    23.7757    303.362    285.541  320.48134     94.658     0.2112     0.9194     0.8394 1.0153e+00      33700         17  0.000e+00
     10.715   71.37294 -157.40960     10.826     4.8002     4.8034     4.7995    30.0520    30.0605  1023.8259    23.7754    303.175    285.530  320.48212     94.600     0.2125     0.9267     0.8394 1.0090e+00      33701         17  0.000e+00
     10.692   71.37294 -157.40960     10.802     4.8004     4.8031     4.7996    30.0521    30.0613  1023.8259    23.7755    302.954    285.520  320.48070     94.531     0.2112     0.9194     0.8394 1.0090e+00      33702         17  0.000e+00
     10.777   71.37294 -157.40960     10.888     4.8004     4.8033     4.7996    30.0520    30.0609  1023.8262    23.7754    303.093    285.515  320.48097     94.574     0.2112     0.9194     0.8394 1.0027e+00      33703         17  0.000e+00
     10.715   71.37294 -157.40960     10.826     4.8005     4.8033     4.7998    30.0523    30.0612  1023.8261    23.7756    303.079    285.504  320.47914     94.571     0.2100     0.9121     0.8394 9.9325e-01      33704         17  0.000e+00
     10.777   71.37294 -157.40960     10.888     4.8005     4.8038     4.7998    30.0524    30.0606  1023.8264    23.7756    303.042    285.498  320.47894     94.559     0.2125     0.9267     0.8394 9.9012e-01      33705         17  0.000e+00
     10.777   71.37294 -157.40960     10.888     4.8005     4.8038     4.7998    30.0524    30.0607  1023.8264    23.7756    303.001    285.492  320.47894     94.546     0.2112     0.9194     0.8394 9.8391e-01      33706         17  0.000e+00
     10.777   71.37294 -157.40960     10.888     4.8009     4.8034     4.8002    30.0520    30.0611  1023.8261    23.7753    302.959    285.488  320.47664     94.534     0.2161     0.9487     0.8394 9.7465e-01      33707         17  0.000e+00
     10.777   71.37294 -157.40960     10.888     4.8011     4.8038     4.8004    30.0522    30.0609  1023.8263    23.7754    302.949    285.482  320.47450     94.531     0.2210     0.9780     0.8394 9.7158e-01      33708         17  0.000e+00
     10.777   71.37294 -157.40960     10.888     4.8016     4.8038     4.8009    30.0517    30.0609  1023.8258    23.7750    302.940    285.479  320.47209     94.529     0.2247     1.0000     0.8394 9.7465e-01      33709         17  0.000e+00
     10.777   71.37294 -157.40960     10.888     4.8019     4.8036     4.8012    30.0518    30.0610  1023.8258    23.7750    303.107    285.477  320.46955     94.582     0.2247     1.0000     0.8394 9.8081e-01      33710         17  0.000e+00
     10.808   71.37294 -157.40960     10.919     4.8022     4.8038     4.8015    30.0518    30.0609  1023.8260    23.7750    303.513    285.476  320.46696     94.710     0.2234     0.9927     0.8394 9.8081e-01      33711         17  0.000e+00
     10.831   71.37294 -157.40960     10.943     4.8022     4.8036     4.8015    30.0521    30.0610  1023.8263    23.7752    303.149    285.477  320.46645     94.596     0.2234     0.9927     0.8394 9.8081e-01      33712         17  0.000e+00
     10.777   71.37294 -157.40960     10.888     4.8022     4.8038     4.8015    30.0519    30.0611  1023.8259    23.7751    302.926    285.473  320.46675     94.527     0.2234     0.9927     0.8394 9.7465e-01      33713         17  0.000e+00
     10.831   71.37294 -157.40960     10.943     4.8024     4.8038     4.8016    30.0519    30.0609  1023.8262    23.7751    302.916    285.456  320.46559     94.524     0.2234     0.9927     0.8394 9.7465e-01      33714         17  0.000e+00
     10.777   71.37294 -157.40960     10.888     4.8022     4.8036     4.8015    30.0517    30.0607  1023.8258    23.7750    302.905    285.435  320.46720     94.520     0.2222     0.9853     0.8381 9.7773e-01      33715         17  0.000e+00
     10.831   71.37294 -157.40960     10.943     4.8024     4.8038     4.8016    30.0518    30.0603  1023.8261    23.7750    302.897    285.438  320.46577     94.518     0.2234     0.9927     0.8368 9.8391e-01      33716         17  0.000e+00
     10.831   71.37294 -157.40960     10.943     4.8024     4.8034     4.8016    30.0520    30.0609  1023.8262    23.7751    302.888    285.419  320.46541     94.515     0.2234     0.9927     0.8355 9.8701e-01      33717         17  0.000e+00
     10.831   71.37294 -157.40960     10.943     4.8025     4.8036     4.8018    30.0519    30.0610  1023.8261    23.7751    302.881    285.420  320.46483     94.513     0.2234     0.9927     0.8368 9.8701e-01      33718         17  0.000e+00
     10.777   71.37294 -157.40960     10.888     4.8025     4.8033     4.8018    30.0521    30.0613  1023.8260    23.7752    302.873    285.401  320.46403     94.511     0.2247     1.0000     0.8368 9.9325e-01      33719         17  0.000e+00
     10.808   71.37294 -157.40960     10.919     4.8027     4.8034     4.8020    30.0517    30.0607  1023.8259    23.7749    302.870    285.405  320.46328     94.510     0.2234     0.9927     0.8368 9.9638e-01      33720         17  0.000e+00
     10.777   71.37294 -157.40960     10.888     4.8024     4.8031     4.8017    30.0522    30.0610  1023.8262    23.7753    302.868    285.409  320.46481     94.509     0.2234     0.9927     0.8368 9.9325e-01      33721         17  0.000e+00
     10.831   71.37294 -157.40960     10.943     4.8022     4.8033     4.8015    30.0524    30.0609  1023.8266    23.7755    302.837    285.414  320.46564     94.499     0.2234     0.9927     0.8368 9.9638e-01      33722         17  0.000e+00
     10.777   71.37294 -157.40960     10.888     4.8022     4.8029     4.8015    30.0518    30.0610  1023.8258    23.7750    302.212    285.419  320.46702     94.304     0.2247     1.0000     0.8368 9.9951e-01      33723         17  0.000e+00
     10.831   71.37294 -157.40960     10.943     4.8019     4.8031     4.8012    30.0519    30.0609  1023.8262    23.7751    302.783    285.426  320.46926     94.481     0.2222     0.9853     0.8368 9.9951e-01      33724         17  0.000e+00
     10.715   71.37294 -157.40960     10.826     4.8014     4.8030     4.8007    30.0520    30.0608  1023.8257    23.7752    302.821    285.430  320.47270     94.492     0.2247     1.0000     0.8368 1.0027e+00      33725         17  0.000e+00
     10.831   71.37294 -157.40960     10.943     4.8014     4.8030     4.8007    30.0519    30.0606  1023.8263    23.7752    302.866    285.629  320.47274     94.506     0.2222     0.9853     0.8368 1.0027e+00      33726         17  0.000e+00
     10.715   71.37294 -157.40960     10.826     4.8013     4.8028     4.8006    30.0522    30.0609  1023.8260    23.7754    302.874    285.653  320.47330     94.508     0.2234     0.9927     0.8368 1.0027e+00      33727         17  0.000e+00
     10.777   71.37294 -157.40960     10.888     4.8013     4.8025     4.8006    30.0522    30.0613  1023.8262    23.7754    302.890    285.684  320.47337     94.513     0.2222     0.9853     0.8368 1.0090e+00      33728         17  0.000e+00
     10.746   71.37294 -157.40960     10.857     4.8012     4.8028     4.8005    30.0522    30.0607  1023.8261    23.7755    302.871    285.523  320.47362     94.507     0.2234     0.9927     0.8368 1.0185e+00      33729         17  0.000e+00
     10.715   71.37294 -157.40960     10.826     4.8010     4.8025     4.8003    30.0525    30.0611  1023.8262    23.7757    302.917    285.532  320.47502     94.521     0.2247     1.0000     0.8368 1.0217e+00      33730         17  0.000e+00
     10.715   71.37294 -157.40960     10.826     4.8010     4.8027     4.8003    30.0523    30.0610  1023.8260    23.7755    302.935    285.540  320.47556     94.527     0.2234     0.9927     0.8368 1.0217e+00      33731         17  0.000e+00
     10.715   71.37294 -157.40960     10.826     4.8010     4.8027     4.8003    30.0520    30.0610  1023.8259    23.7753    302.921    285.550  320.47610     94.522     0.2222     0.9853     0.8368 1.0249e+00      33732         17  0.000e+00
     10.715   71.37294 -157.40960     10.826     4.8010     4.8028     4.8003    30.0522    30.0609  1023.8259    23.7754    302.699    285.560  320.47583     94.453     0.2137     0.9341     0.8368 1.0282e+00      33733         17  0.000e+00
     10.661   71.37294 -157.40960     10.772     4.8008     4.8025     4.8001    30.0522    30.0613  1023.8257    23.7754    302.686    285.550  320.47699     94.449     0.2100     0.9121     0.8368 1.0346e+00      33734         17  0.000e+00
     10.661   71.37294 -157.40960     10.772     4.8008     4.8030     4.8001    30.0521    30.0608  1023.8257    23.7754    302.645    285.538  320.47708     94.436     0.2088     0.9047     0.8368 1.0477e+00      33735         17  0.000e+00
     10.661   71.37294 -157.40960     10.772     4.8010     4.8028     4.8003    30.0524    30.0608  1023.8259    23.7756    302.636    285.551  320.47532     94.433     0.2100     0.9121     0.8381 1.0543e+00      33736         17  0.000e+00
     10.661   71.37294 -157.40960     10.772     4.8007     4.8029     4.7999    30.0526    30.0610  1023.8261    23.7758    303.048    285.562  320.47723     94.561     0.2088     0.9047     0.8381 1.0576e+00      33737         17  0.000e+00
      9.575   71.37294 -157.40960      9.674     4.7989     4.8004     4.7982    30.0533    30.0623  1023.8217    23.7766    302.878    285.186  320.48901     94.505     0.2100     0.9121     0.8419 1.5203e+00      33903         18  0.000e+00
      9.575   71.37294 -157.40960      9.674     4.7987     4.8006     4.7981    30.0535    30.0621  1023.8218    23.7767    303.281    285.156  320.48987     94.631     0.2112     0.9194     0.8419 1.5481e+00      33904         18  0.000e+00
      9.629   71.37294 -157.40960      9.729     4.7986     4.8006     4.7979    30.0538    30.0615  1023.8224    23.7769    303.332    285.318  320.49035     94.646     0.2100     0.9121     0.8419 1.5670e+00      33905         18  0.000e+00
      9.513   71.37294 -157.40960      9.612     4.7987     4.8006     4.7981    30.0538    30.0619  1023.8218    23.7769    303.372    285.120  320.48917     94.659     0.2100     0.9121     0.8419 1.5670e+00      33906         18  0.000e+00
      9.575   71.37294 -157.40960      9.674     4.7986     4.8004     4.7979    30.0537    30.0625  1023.8220    23.7769    303.214    285.097  320.49056     94.609     0.2088     0.9047     0.8419 1.5909e+00      33907         18  0.000e+00
      9.459   71.37294 -157.40960      9.557     4.7987     4.8004     4.7981    30.0535    30.0621  1023.8213    23.7767    302.775    285.070  320.48974     94.473     0.2100     0.9121     0.8419 1.6151e+00      33908         18  0.000e+00
      9.513   71.37294 -157.40960      9.612     4.7986     4.8004     4.7979    30.0538    30.0620  1023.8218    23.7770    302.939    285.238  320.49022     94.524     0.2100     0.9121     0.8419 1.6199e+00      33909         18  0.000e+00
      9.459   71.37294 -157.40960      9.557     4.7986     4.8004     4.7979    30.0539    30.0617  1023.8217    23.7771    302.923    285.235  320.48998     94.519     0.2100     0.9121     0.8419 1.6297e+00      33910         18  0.000e+00
      9.490   71.37294 -157.40960      9.588     4.7986     4.8006     4.7979    30.0537    30.0617  1023.8217    23.7769    302.911    285.048  320.49046     94.515     0.2125     0.9267     0.8419 1.6495e+00      33911         18  0.000e+00
      9.459   71.37294 -157.40960      9.557     4.7986     4.8006     4.7979    30.0541    30.0619  1023.8218    23.7772    302.898    285.028  320.48971     94.511     0.2149     0.9414     0.8419 1.6545e+00      33912         18  0.000e+00
      9.459   71.37294 -157.40960      9.557     4.7986     4.8003     4.7979    30.0536    30.0619  1023.8214    23.7768    302.921    285.014  320.49079     94.518     0.2149     0.9414     0.8419 1.6595e+00      33913         18  0.000e+00
      9.460   71.37294 -157.40960      9.557     4.7983     4.8008     4.7976    30.0541    30.0616  1023.8218    23.7772    302.914    285.183  320.49197     94.515     0.2149     0.9414     0.8419 1.6745e+00      33914         18  0.000e+00
      9.398   71.37294 -157.40962      9.495     4.7983     4.8006     4.7976    30.0543    30.0616  1023.8217    23.7773    302.905    285.187  320.49163     94.513     0.2149     0.9414     0.8419 1.6796e+00      33915         18  0.000e+00
      9.398   71.37294 -157.40962      9.495     4.7983     4.8006     4.7976    30.0538    30.0617  1023.8213    23.7770    302.901    285.194  320.49262     94.511     0.2149     0.9414     0.8419 1.6847e+00      33916         18  0.000e+00
      9.398   71.37294 -157.40962      9.495     4.7984     4.8008     4.7978    30.0538    30.0617  1023.8213    23.7770    302.896    285.013  320.49149     94.510     0.2149     0.9414     0.8419 1.6999e+00      33917         18  0.000e+00
      9.460   71.37294 -157.40962      9.557     4.7984     4.8008     4.7978    30.0538    30.0617  1023.8216    23.7770    302.896    285.213  320.49147     94.510     0.2149     0.9414     0.8419 1.7050e+00      33918         18  0.000e+00
      9.398   71.37294 -157.40962      9.495     4.7984     4.8008     4.7978    30.0538    30.0617  1023.8213    23.7770    303.067    285.242  320.49140     94.563     0.2149     0.9414     0.8406 1.7102e+00      33919         18  0.000e+00
      9.398   71.37294 -157.40962      9.495     4.7983     4.8009     4.7976    30.0542    30.0618  1023.8216    23.7773    302.889    285.253  320.49181     94.507     0.2149     0.9414     0.8406 1.7257e+00      33920         18  0.000e+00
      9.398   71.37294 -157.40962      9.495     4.7986     4.8009     4.7979    30.0540    30.0620  1023.8214    23.7771    302.885    285.266  320.48991     94.507     0.2149     0.9414     0.8406 1.7309e+00      33921         18  0.000e+00
      9.398   71.37294 -157.40962      9.495     4.7987     4.8011     4.7981    30.0538    30.0618  1023.8213    23.7770    302.884    285.280  320.48904     94.507     0.2161     0.9487     0.8419 1.7309e+00      33922         18  0.000e+00
      9.429   71.37294 -157.40962      9.526     4.7987     4.8011     4.7981    30.0536    30.0619  1023.8212    23.7768    302.855    285.296  320.48962     94.498     0.2149     0.9414     0.8406 1.7361e+00      33923         18  0.000e+00
      9.398   71.37294 -157.40962      9.495     4.7986     4.8014     4.7979    30.0537    30.0618  1023.8212    23.7769    302.888    285.308  320.49054     94.508     0.2161     0.9487     0.8406 1.7361e+00      33924         18  0.000e+00
