EcoFOCI/data/1_SampleCollection/2023_SikuliaqDBO_CruiseData/CTD_raw_BottleFile_SKQ23-12S/proc/skq202312s_005svp.cnv
* Sea-Bird SBE 9 Data File:
* FileName = D:\CTD\SKQ202312S\SKQ202312S_005.hex
* Software Version Seasave V 7.26.7.121
* Temperature SN = 6177
* Conductivity SN = 0369
* Number of Bytes Per Scan = 41
* Number of Voltage Words = 4
* Number of Scans Averaged by the Deck Unit = 1
* NMEA Latitude = 62 23.39 N
* NMEA Longitude = 174 34.17 W
* NMEA UTC (Time) = Sep 15 2023  22:10:54
* NMEA baud rate = 4800
** Ship: R/V Sikuliaq
** Station Number: 005
** Station Name: DBO1.4
** Bottom Depth: 70
** Operator: SD
# nquan = 7
# nvalues = 8201                                  
# units = specified
# name 0 = depSM: Depth [salt water, m]
# name 1 = latitude: Latitude [deg]
# name 2 = longitude: Longitude [deg]
# name 3 = t090C: Temperature [ITS-90, deg C]
# name 4 = sal00: Salinity, Practical [PSU]
# name 5 = svCM: Sound Velocity [Chen-Millero, m/s]
# name 6 = flag:  0.000e+00
# span 0 =      1.585,     65.999                 
# span 1 =   62.38976,   62.38978                 
# span 2 = -174.56960, -174.56958                 
# span 3 =    -1.5350,     7.8557                 
# span 4 =    30.9756,    31.9002                 
# span 5 =    1438.34,    1477.08                 
# span 6 = 0.0000e+00, 0.0000e+00                 
# interval = seconds: 0.0416667
# start_time = Sep 15 2023 22:14:11 [NMEA time, first data scan]
# bad_flag = -9.990e-29
*END*
[from data line 4308]
     59.179   62.38978 -174.56960    -1.5308    31.8866    1438.72  0.000e+00
     59.240   62.38978 -174.56960    -1.5309    31.8868    1438.72  0.000e+00
     59.179   62.38978 -174.56960    -1.5306    31.8869    1438.72  0.000e+00
     59.240   62.38978 -174.56960    -1.5306    31.8866    1438.72  0.000e+00
     59.179   62.38978 -174.56960    -1.5304    31.8865    1438.72  0.000e+00
     59.240   62.38978 -174.56960    -1.5305    31.8866    1438.72  0.000e+00
     59.240   62.38978 -174.56960    -1.5304    31.8864    1438.72  0.000e+00
     59.233   62.38978 -174.56960    -1.5304    31.8867    1438.72  0.000e+00
     59.240   62.38978 -174.56960    -1.5303    31.8867    1438.72  0.000e+00
     59.240   62.38978 -174.56960    -1.5305    31.8867    1438.72  0.000e+00
     59.240   62.38978 -174.56960    -1.5306    31.8874    1438.72  0.000e+00
     59.294   62.38978 -174.56960    -1.5304    31.8867    1438.73  0.000e+00
     59.240   62.38978 -174.56960    -1.5303    31.8869    1438.73  0.000e+00
     59.287   62.38978 -174.56960    -1.5306    31.8870    1438.72  0.000e+00
     59.294   62.38978 -174.56960    -1.5303    31.8869    1438.73  0.000e+00
     59.240   62.38978 -174.56960    -1.5304    31.8868    1438.72  0.000e+00
     59.294   62.38978 -174.56960    -1.5306    31.8870    1438.72  0.000e+00
     59.356   62.38978 -174.56960    -1.5303    31.8867    1438.73  0.000e+00
     59.348   62.38978 -174.56960    -1.5306    31.8870    1438.73  0.000e+00
     59.294   62.38978 -174.56960    -1.5303    31.8871    1438.73  0.000e+00
     59.356   62.38978 -174.56960    -1.5304    31.8869    1438.73  0.000e+00
     59.356   62.38978 -174.56960    -1.5306    31.8872    1438.73  0.000e+00
     59.356   62.38978 -174.56960    -1.5306    31.8866    1438.73  0.000e+00
     59.402   62.38978 -174.56960    -1.5304    31.8866    1438.73  0.000e+00
     59.410   62.38978 -174.56960    -1.5306    31.8871    1438.73  0.000e+00
     59.410   62.38978 -174.56960    -1.5306    31.8870    1438.73  0.000e+00
     59.410   62.38978 -174.56960    -1.5308    31.8869    1438.73  0.000e+00
     59.410   62.38978 -174.56958    -1.5306    31.8868    1438.73  0.000e+00
     59.464   62.38978 -174.56958    -1.5309    31.8872    1438.73  0.000e+00
     59.526   62.38978 -174.56958    -1.5306    31.8869    1438.73  0.000e+00
     59.472   62.38978 -174.56958    -1.5308    31.8873    1438.73  0.000e+00
     59.472   62.38978 -174.56958    -1.5308    31.8869    1438.73  0.000e+00
     59.526   62.38978 -174.56958    -1.5306    31.8872    1438.73  0.000e+00
     59.518   62.38978 -174.56958    -1.5306    31.8869    1438.73  0.000e+00
     59.526   62.38978 -174.56958    -1.5304    31.8868    1438.73  0.000e+00
     59.580   62.38978 -174.56958    -1.5303    31.8870    1438.73  0.000e+00
     59.580   62.38978 -174.56958    -1.5303    31.8869    1438.73  0.000e+00
     59.580   62.38978 -174.56958    -1.5302    31.8869    1438.73  0.000e+00
     59.634   62.38978 -174.56958    -1.5300    31.8865    1438.73  0.000e+00
     59.642   62.38978 -174.56958    -1.5301    31.8868    1438.73  0.000e+00
     59.642   62.38978 -174.56958    -1.5300    31.8862    1438.73  0.000e+00
     59.642   62.38978 -174.56958    -1.5300    31.8864    1438.73  0.000e+00
     59.696   62.38978 -174.56958    -1.5301    31.8869    1438.73  0.000e+00
     59.750   62.38978 -174.56958    -1.5301    31.8873    1438.73  0.000e+00
     59.696   62.38978 -174.56958    -1.5301    31.8869    1438.73  0.000e+00
     59.757   62.38978 -174.56958    -1.5302    31.8873    1438.73  0.000e+00
     59.757   62.38978 -174.56958    -1.5300    31.8869    1438.74  0.000e+00
     59.811   62.38978 -174.56958    -1.5301    31.8870    1438.74  0.000e+00
     59.750   62.38978 -174.56958    -1.5300    31.8873    1438.74  0.000e+00
     59.811   62.38978 -174.56958    -1.5297    31.8872    1438.74  0.000e+00
     59.873   62.38978 -174.56958    -1.5300    31.8876    1438.74  0.000e+00
     59.873   62.38978 -174.56958    -1.5300    31.8872    1438.74  0.000e+00
     59.873   62.38978 -174.56958    -1.5298    31.8870    1438.74  0.000e+00
     59.919   62.38978 -174.56958    -1.5297    31.8868    1438.74  0.000e+00
     59.927   62.38978 -174.56958    -1.5297    31.8868    1438.74  0.000e+00
     59.927   62.38978 -174.56958    -1.5298    31.8870    1438.74  0.000e+00
     59.927   62.38978 -174.56958    -1.5298    31.8867    1438.74  0.000e+00
     59.973   62.38978 -174.56958    -1.5298    31.8869    1438.74  0.000e+00
     59.981   62.38978 -174.56958    -1.5298    31.8871    1438.74  0.000e+00
     60.043   62.38978 -174.56958    -1.5301    31.8870    1438.74  0.000e+00
     60.043   62.38978 -174.56958    -1.5305    31.8870    1438.74  0.000e+00
     60.043   62.38978 -174.56958    -1.5304    31.8868    1438.74  0.000e+00
     60.089   62.38978 -174.56958    -1.5306    31.8870    1438.74  0.000e+00
     60.097   62.38978 -174.56958    -1.5309    31.8870    1438.74  0.000e+00
     60.097   62.38978 -174.56958    -1.5308    31.8869    1438.74  0.000e+00
     60.097   62.38978 -174.56958    -1.5311    31.8875    1438.74  0.000e+00
     60.159   62.38978 -174.56958    -1.5312    31.8871    1438.74  0.000e+00
     60.205   62.38978 -174.56958    -1.5318    31.8877    1438.73  0.000e+00
     60.159   62.38978 -174.56958    -1.5320    31.8875    1438.73  0.000e+00
     60.213   62.38978 -174.56958    -1.5321    31.8876    1438.73  0.000e+00
     60.213   62.38978 -174.56958    -1.5320    31.8872    1438.73  0.000e+00
     60.274   62.38978 -174.56958    -1.5318    31.8871    1438.74  0.000e+00
     60.267   62.38978 -174.56958    -1.5319    31.8879    1438.74  0.000e+00
     60.274   62.38978 -174.56958    -1.5320    31.8871    1438.73  0.000e+00
     60.274   62.38978 -174.56958    -1.5323    31.8877    1438.73  0.000e+00
     60.328   62.38978 -174.56958    -1.5323    31.8877    1438.73  0.000e+00
     60.321   62.38978 -174.56958    -1.5321    31.8881    1438.74  0.000e+00
     60.382   62.38978 -174.56958    -1.5321    31.8885    1438.74  0.000e+00
     60.382   62.38978 -174.56958    -1.5318    31.8887    1438.74  0.000e+00
     60.382   62.38978 -174.56958    -1.5320    31.8890    1438.74  0.000e+00
     60.382   62.38978 -174.56958    -1.5320    31.8890    1438.74  0.000e+00
     60.436   62.38978 -174.56958    -1.5318    31.8889    1438.74  0.000e+00
     60.444   62.38978 -174.56958    -1.5315    31.8891    1438.74  0.000e+00
     60.444   62.38978 -174.56958    -1.5317    31.8897    1438.74  0.000e+00
     60.444   62.38978 -174.56958    -1.5315    31.8900    1438.74  0.000e+00
     60.490   62.38978 -174.56958    -1.5317    31.8898    1438.74  0.000e+00
     60.498   62.38978 -174.56958    -1.5320    31.8900    1438.74  0.000e+00
     60.560   62.38978 -174.56958    -1.5315    31.8901    1438.75  0.000e+00
     60.498   62.38978 -174.56958    -1.5313    31.8905    1438.75  0.000e+00
     60.560   62.38978 -174.56958    -1.5315    31.8904    1438.75  0.000e+00
     60.552   62.38978 -174.56958    -1.5315    31.8903    1438.75  0.000e+00
     60.614   62.38978 -174.56958    -1.5315    31.8901    1438.75  0.000e+00
     60.614   62.38978 -174.56958    -1.5315    31.8911    1438.75  0.000e+00
     60.614   62.38978 -174.56958    -1.5309    31.8917    1438.75  0.000e+00
     60.606   62.38978 -174.56958    -1.5304    31.8927    1438.75  0.000e+00
     60.676   62.38978 -174.56958    -1.5303    31.8938    1438.76  0.000e+00
     60.614   62.38978 -174.56958    -1.5300    31.8940    1438.76  0.000e+00
     60.730   62.38978 -174.56958    -1.5300    31.8938    1438.76  0.000e+00
     60.730   62.38978 -174.56958    -1.5297    31.8936    1438.76  0.000e+00
     60.722   62.38978 -174.56958    -1.5297    31.8936    1438.76  0.000e+00
     60.791   62.38978 -174.56958    -1.5297    31.8941    1438.76  0.000e+00
     60.730   62.38978 -174.56958    -1.5297    31.8943    1438.76  0.000e+00
     60.791   62.38978 -174.56958    -1.5296    31.8943    1438.76  0.000e+00
     60.776   62.38978 -174.56958    -1.5294    31.8944    1438.76  0.000e+00
     60.730   62.38978 -174.56958    -1.5291    31.8944    1438.77  0.000e+00
     60.791   62.38978 -174.56958    -1.5289    31.8943    1438.77  0.000e+00
     60.676   62.38978 -174.56958    -1.5287    31.8942    1438.77  0.000e+00
     60.791   62.38978 -174.56958    -1.5291    31.8945    1438.77  0.000e+00
     60.668   62.38978 -174.56958    -1.5289    31.8943    1438.77  0.000e+00
     60.730   62.38978 -174.56958    -1.5287    31.8937    1438.77  0.000e+00
     60.676   62.38978 -174.56958    -1.5291    31.8939    1438.76  0.000e+00
     60.730   62.38978 -174.56958    -1.5287    31.8935    1438.77  0.000e+00
     60.776   62.38978 -174.56958    -1.5286    31.8938    1438.77  0.000e+00
     60.730   62.38978 -174.56958    -1.5283    31.8938    1438.77  0.000e+00
     60.730   62.38978 -174.56958    -1.5287    31.8942    1438.77  0.000e+00
     60.730   62.38978 -174.56958    -1.5287    31.8943    1438.77  0.000e+00
     60.791   62.38978 -174.56958    -1.5289    31.8945    1438.77  0.000e+00
     60.776   62.38978 -174.56958    -1.5287    31.8948    1438.77  0.000e+00
     60.845   62.38978 -174.56958    -1.5286    31.8948    1438.77  0.000e+00
     60.791   62.38978 -174.56958    -1.5287    31.8945    1438.77  0.000e+00
     60.791   62.38978 -174.56958    -1.5288    31.8948    1438.77  0.000e+00
     60.838   62.38978 -174.56958    -1.5287    31.8951    1438.77  0.000e+00
     60.845   62.38978 -174.56958    -1.5289    31.8947    1438.77  0.000e+00
     60.791   62.38978 -174.56958    -1.5289    31.8947    1438.77  0.000e+00
     60.845   62.38978 -174.56958    -1.5286    31.8947    1438.77  0.000e+00
     60.776   62.38978 -174.56958    -1.5282    31.8947    1438.77  0.000e+00
     60.791   62.38978 -174.56958    -1.5280    31.8951    1438.77  0.000e+00
     60.791   62.38978 -174.56958    -1.5282    31.8951    1438.77  0.000e+00
     60.791   62.38978 -174.56958    -1.5283    31.8947    1438.77  0.000e+00
     60.845   62.38978 -174.56958    -1.5285    31.8940    1438.77  0.000e+00
     60.776   62.38978 -174.56958    -1.5287    31.8935    1438.77  0.000e+00
     60.791   62.38978 -174.56958    -1.5289    31.8930    1438.77  0.000e+00
     60.729   62.38978 -174.56958    -1.5293    31.8930    1438.76  0.000e+00
     60.845   62.38978 -174.56958    -1.5292    31.8932    1438.77  0.000e+00
     60.776   62.38978 -174.56958    -1.5287    31.8933    1438.77  0.000e+00
     60.845   62.38978 -174.56958    -1.5287    31.8937    1438.77  0.000e+00
     60.791   62.38978 -174.56958    -1.5286    31.8926    1438.77  0.000e+00
     60.845   62.38978 -174.56958    -1.5289    31.8912    1438.76  0.000e+00
     60.791   62.38978 -174.56958    -1.5294    31.8907    1438.76  0.000e+00
     60.837   62.38978 -174.56958    -1.5296    31.8899    1438.76  0.000e+00
     60.791   62.38978 -174.56958    -1.5298    31.8890    1438.76  0.000e+00
     60.845   62.38978 -174.56958    -1.5300    31.8882    1438.75  0.000e+00
     60.791   62.38978 -174.56958    -1.5301    31.8882    1438.75  0.000e+00
     60.776   62.38978 -174.56958    -1.5306    31.8880    1438.75  0.000e+00
     60.791   62.38978 -174.56958    -1.5306    31.8880    1438.75  0.000e+00
     60.791   62.38978 -174.56958    -1.5308    31.8883    1438.75  0.000e+00
     60.791   62.38978 -174.56958    -1.5304    31.8877    1438.75  0.000e+00
     60.675   62.38978 -174.56960    -1.5305    31.8880    1438.75  0.000e+00
     60.891   62.38978 -174.56960    -1.5303    31.8881    1438.75  0.000e+00
     60.729   62.38978 -174.56960    -1.5301    31.8896    1438.75  0.000e+00
     60.729   62.38978 -174.56960    -1.5298    31.8900    1438.76  0.000e+00
     60.791   62.38978 -174.56960    -1.5297    31.8910    1438.76  0.000e+00
     60.776   62.38978 -174.56960    -1.5292    31.8917    1438.76  0.000e+00
     60.729   62.38978 -174.56960    -1.5289    31.8926    1438.76  0.000e+00
     60.729   62.38978 -174.56960    -1.5291    31.8926    1438.76  0.000e+00
     60.791   62.38978 -174.56960    -1.5289    31.8923    1438.76  0.000e+00
     60.722   62.38978 -174.56960    -1.5289    31.8930    1438.76  0.000e+00
     60.729   62.38978 -174.56960    -1.5286    31.8932    1438.77  0.000e+00
     60.729   62.38978 -174.56960    -1.5287    31.8940    1438.77  0.000e+00
     60.675   62.38978 -174.56960    -1.5285    31.8941    1438.77  0.000e+00
     60.729   62.38978 -174.56960    -1.5287    31.8946    1438.77  0.000e+00
     60.721   62.38978 -174.56960    -1.5291    31.8948    1438.77  0.000e+00
     60.675   62.38978 -174.56960    -1.5291    31.8947    1438.76  0.000e+00
     60.675   62.38978 -174.56960    -1.5288    31.8940    1438.77  0.000e+00
     60.675   62.38978 -174.56960    -1.5289    31.8943    1438.77  0.000e+00
     60.667   62.38978 -174.56960    -1.5287    31.8939    1438.77  0.000e+00
     60.613   62.38978 -174.56960    -1.5287    31.8943    1438.76  0.000e+00
     60.675   62.38978 -174.56960    -1.5289    31.8946    1438.77  0.000e+00
     60.613   62.38978 -174.56960    -1.5287    31.8940    1438.76  0.000e+00
     60.675   62.38978 -174.56960    -1.5289    31.8944    1438.77  0.000e+00
     60.606   62.38978 -174.56960    -1.5287    31.8942    1438.76  0.000e+00
     60.613   62.38978 -174.56960    -1.5285    31.8943    1438.77  0.000e+00
     60.559   62.38978 -174.56960    -1.5286    31.8950    1438.77  0.000e+00
     60.613   62.38978 -174.56960    -1.5283    31.8950    1438.77  0.000e+00
     60.606   62.38978 -174.56960    -1.5283    31.8955    1438.77  0.000e+00
     60.559   62.38978 -174.56960    -1.5279    31.8953    1438.77  0.000e+00
     60.559   62.38978 -174.56960    -1.5282    31.8955    1438.77  0.000e+00
     60.559   62.38978 -174.56960    -1.5283    31.8957    1438.77  0.000e+00
     60.497   62.38978 -174.56960    -1.5282    31.8952    1438.77  0.000e+00
     60.551   62.38978 -174.56960    -1.5283    31.8939    1438.77  0.000e+00
     60.497   62.38978 -174.56960    -1.5285    31.8943    1438.76  0.000e+00
     60.497   62.38978 -174.56960    -1.5286    31.8949    1438.76  0.000e+00
     60.497   62.38978 -174.56960    -1.5286    31.8937    1438.76  0.000e+00
     60.490   62.38978 -174.56960    -1.5289    31.8925    1438.76  0.000e+00
     60.443   62.38978 -174.56960    -1.5291    31.8915    1438.76  0.000e+00
     60.443   62.38978 -174.56960    -1.5291    31.8908    1438.76  0.000e+00
     60.443   62.38978 -174.56960    -1.5291    31.8902    1438.76  0.000e+00
     60.443   62.38978 -174.56960    -1.5291    31.8892    1438.75  0.000e+00
     60.436   62.38978 -174.56960    -1.5292    31.8883    1438.75  0.000e+00
     60.382   62.38978 -174.56960    -1.5287    31.8873    1438.75  0.000e+00
     60.443   62.38978 -174.56960    -1.5286    31.8877    1438.75  0.000e+00
     60.382   62.38978 -174.56960    -1.5286    31.8875    1438.75  0.000e+00
     60.374   62.38978 -174.56960    -1.5283    31.8868    1438.75  0.000e+00
     60.327   62.38978 -174.56960    -1.5277    31.8868    1438.76  0.000e+00
     60.382   62.38978 -174.56960    -1.5279    31.8865    1438.75  0.000e+00
     60.327   62.38978 -174.56960    -1.5282    31.8862    1438.75  0.000e+00
     60.327   62.38978 -174.56960    -1.5286    31.8865    1438.75  0.000e+00
     60.320   62.38978 -174.56960    -1.5287    31.8864    1438.75  0.000e+00
     60.327   62.38978 -174.56960    -1.5283    31.8856    1438.75  0.000e+00
     60.273   62.38978 -174.56960    -1.5286    31.8866    1438.75  0.000e+00
     60.327   62.38978 -174.56960    -1.5285    31.8862    1438.75  0.000e+00
     60.273   62.38978 -174.56960    -1.5286    31.8863    1438.75  0.000e+00
     60.266   62.38978 -174.56960    -1.5283    31.8860    1438.75  0.000e+00
     60.212   62.38978 -174.56960    -1.5285    31.8863    1438.75  0.000e+00
