EcoFOCI/data/1_SampleCollection/2023_SikuliaqDBO_CruiseData/CTD_raw_BottleFile_SKQ23-12S/proc/skq202312s_019svp.cnv
* Sea-Bird SBE 9 Data File:
* FileName = D:\CTD\SKQ202312S\SKQ202312S_019.hex
* Software Version Seasave V 7.26.7.121
* Temperature SN = 6177
* Conductivity SN = 0369
* Number of Bytes Per Scan = 41
* Number of Voltage Words = 4
* Number of Scans Averaged by the Deck Unit = 1
* NMEA Latitude = 64 59.99 N
* NMEA Longitude = 168 13.30 W
* NMEA UTC (Time) = Sep 17 2023  22:28:58
* NMEA baud rate = 4800
** Ship: R/V Sikuliaq
** Station Number: 019
** Station Name: DBO2.7
** Bottom Depth: 45
** Operator: SD
# nquan = 7
# nvalues = 4581                                  
# units = specified
# name 0 = depSM: Depth [salt water, m]
# name 1 = latitude: Latitude [deg]
# name 2 = longitude: Longitude [deg]
# name 3 = t090C: Temperature [ITS-90, deg C]
# name 4 = sal00: Salinity, Practical [PSU]
# name 5 = svCM: Sound Velocity [Chen-Millero, m/s]
# name 6 = flag:  0.000e+00
# span 0 =      1.992,     40.581                 
# span 1 =   64.99988,   64.99990                 
# span 2 = -168.22160, -168.22154                 
# span 3 =     4.3446,     7.4247                 
# span 4 =    27.1996,    32.0704                 
# span 5 =    1464.34,    1471.92                 
# span 6 = 0.0000e+00, 0.0000e+00                 
# interval = seconds: 0.0416667
# start_time = Sep 17 2023 22:32:38 [NMEA time, first data scan]
# bad_flag = -9.990e-29
*END*
      2.333   64.99990 -168.22158     7.3939    27.3382    1470.68  0.000e+00
      2.333   64.99990 -168.22158     7.3941    27.3369    1470.68  0.000e+00
      2.333   64.99990 -168.22158     7.3951    27.3338    1470.68  0.000e+00
      2.333   64.99990 -168.22158     7.3954    27.3310    1470.67  0.000e+00
      2.333   64.99990 -168.22158     7.3946    27.3282    1470.67  0.000e+00
      2.279   64.99990 -168.22158     7.3961    27.3216    1470.66  0.000e+00
      2.333   64.99990 -168.22158     7.3975    27.3174    1470.67  0.000e+00
      2.333   64.99990 -168.22158     7.3977    27.3160    1470.66  0.000e+00
      2.279   64.99990 -168.22158     7.3978    27.3157    1470.66  0.000e+00
      2.333   64.99990 -168.22158     7.3979    27.3161    1470.67  0.000e+00
      2.333   64.99990 -168.22158     7.3972    27.3235    1470.67  0.000e+00
      2.279   64.99990 -168.22158     7.3947    27.3388    1470.68  0.000e+00
      2.333   64.99990 -168.22158     7.3922    27.3526    1470.69  0.000e+00
      2.279   64.99990 -168.22158     7.3909    27.3588    1470.69  0.000e+00
      2.279   64.99990 -168.22158     7.3902    27.3618    1470.69  0.000e+00
      2.333   64.99990 -168.22158     7.3886    27.3676    1470.69  0.000e+00
      2.279   64.99990 -168.22158     7.3890    27.3634    1470.69  0.000e+00
      2.279   64.99990 -168.22158     7.3925    27.3393    1470.67  0.000e+00
      2.279   64.99990 -168.22158     7.3974    27.3112    1470.66  0.000e+00
      2.217   64.99990 -168.22158     7.4007    27.2905    1470.64  0.000e+00
      2.279   64.99990 -168.22158     7.4035    27.2763    1470.64  0.000e+00
      2.279   64.99990 -168.22158     7.4055    27.2679    1470.63  0.000e+00
      2.217   64.99990 -168.22158     7.4065    27.2647    1470.63  0.000e+00
      2.217   64.99990 -168.22158     7.4069    27.2622    1470.63  0.000e+00
      2.217   64.99990 -168.22158     7.4074    27.2597    1470.63  0.000e+00
      2.217   64.99990 -168.22158     7.4081    27.2591    1470.63  0.000e+00
      2.217   64.99990 -168.22158     7.4072    27.2628    1470.63  0.000e+00
      2.217   64.99990 -168.22158     7.4068    27.2660    1470.64  0.000e+00
      2.217   64.99990 -168.22158     7.4063    27.2736    1470.64  0.000e+00
      2.186   64.99990 -168.22158     7.4044    27.2798    1470.64  0.000e+00
      2.163   64.99990 -168.22158     7.4050    27.2807    1470.65  0.000e+00
      2.163   64.99990 -168.22158     7.4038    27.2856    1470.65  0.000e+00
      2.163   64.99990 -168.22158     7.4047    27.2828    1470.65  0.000e+00
      2.217   64.99990 -168.22158     7.4050    27.2817    1470.65  0.000e+00
      2.163   64.99990 -168.22158     7.4037    27.2866    1470.65  0.000e+00
      2.163   64.99990 -168.22158     7.4022    27.2920    1470.65  0.000e+00
      2.163   64.99990 -168.22158     7.4011    27.2974    1470.65  0.000e+00
      2.163   64.99990 -168.22158     7.4003    27.2992    1470.65  0.000e+00
      2.163   64.99990 -168.22158     7.3996    27.3005    1470.65  0.000e+00
      2.163   64.99990 -168.22158     7.3995    27.3028    1470.65  0.000e+00
      2.163   64.99990 -168.22158     7.3993    27.3058    1470.66  0.000e+00
      2.163   64.99990 -168.22158     7.4000    27.3082    1470.66  0.000e+00
      2.163   64.99990 -168.22158     7.4000    27.3095    1470.66  0.000e+00
      2.163   64.99990 -168.22158     7.4001    27.3102    1470.66  0.000e+00
      2.163   64.99990 -168.22158     7.4005    27.3109    1470.67  0.000e+00
      2.163   64.99990 -168.22158     7.3998    27.3131    1470.67  0.000e+00
      2.163   64.99990 -168.22158     7.3990    27.3149    1470.67  0.000e+00
      2.217   64.99990 -168.22158     7.3975    27.3176    1470.66  0.000e+00
      2.163   64.99990 -168.22158     7.3969    27.3191    1470.66  0.000e+00
      2.217   64.99990 -168.22158     7.3979    27.3188    1470.67  0.000e+00
      2.163   64.99990 -168.22158     7.3986    27.3196    1470.67  0.000e+00
      2.163   64.99990 -168.22158     7.3985    27.3196    1470.67  0.000e+00
      2.217   64.99990 -168.22158     7.3984    27.3184    1470.67  0.000e+00
      2.163   64.99990 -168.22158     7.3982    27.3174    1470.67  0.000e+00
      2.217   64.99990 -168.22158     7.3979    27.3169    1470.66  0.000e+00
      2.217   64.99990 -168.22158     7.3975    27.3181    1470.66  0.000e+00
      2.163   64.99990 -168.22158     7.3974    27.3188    1470.66  0.000e+00
      2.279   64.99990 -168.22158     7.3967    27.3213    1470.67  0.000e+00
      2.163   64.99990 -168.22158     7.3960    27.3255    1470.67  0.000e+00
      2.279   64.99990 -168.22158     7.3954    27.3291    1470.67  0.000e+00
      2.217   64.99990 -168.22158     7.3960    27.3299    1470.67  0.000e+00
      2.240   64.99990 -168.22158     7.3966    27.3287    1470.67  0.000e+00
      2.217   64.99990 -168.22158     7.3970    27.3260    1470.67  0.000e+00
      2.279   64.99990 -168.22158     7.3971    27.3238    1470.67  0.000e+00
      2.217   64.99990 -168.22158     7.3972    27.3224    1470.67  0.000e+00
      2.279   64.99990 -168.22158     7.3969    27.3222    1470.67  0.000e+00
      2.279   64.99990 -168.22158     7.3960    27.3232    1470.67  0.000e+00
      2.217   64.99990 -168.22158     7.3953    27.3241    1470.66  0.000e+00
      2.333   64.99990 -168.22158     7.3952    27.3241    1470.67  0.000e+00
      2.217   64.99990 -168.22158     7.3954    27.3238    1470.66  0.000e+00
      2.333   64.99990 -168.22158     7.3949    27.3242    1470.66  0.000e+00
      2.279   64.99990 -168.22158     7.3947    27.3240    1470.66  0.000e+00
      2.279   64.99990 -168.22158     7.3949    27.3237    1470.66  0.000e+00
      2.279   64.99990 -168.22158     7.3949    27.3230    1470.66  0.000e+00
      2.279   64.99990 -168.22158     7.3949    27.3227    1470.66  0.000e+00
      2.333   64.99990 -168.22158     7.3951    27.3216    1470.66  0.000e+00
      2.279   64.99990 -168.22158     7.3960    27.3199    1470.66  0.000e+00
      2.333   64.99990 -168.22158     7.3962    27.3213    1470.67  0.000e+00
      2.279   64.99990 -168.22158     7.3961    27.3243    1470.67  0.000e+00
      2.333   64.99990 -168.22158     7.3950    27.3281    1470.67  0.000e+00
      2.279   64.99990 -168.22158     7.3946    27.3305    1470.67  0.000e+00
      2.279   64.99990 -168.22158     7.3949    27.3305    1470.67  0.000e+00
      2.333   64.99990 -168.22158     7.3952    27.3280    1470.67  0.000e+00
      2.279   64.99990 -168.22158     7.3954    27.3244    1470.67  0.000e+00
      2.279   64.99990 -168.22158     7.3962    27.3204    1470.66  0.000e+00
      2.333   64.99990 -168.22158     7.3970    27.3159    1470.66  0.000e+00
      2.279   64.99990 -168.22158     7.3975    27.3121    1470.66  0.000e+00
      2.279   64.99990 -168.22158     7.3981    27.3096    1470.66  0.000e+00
      2.279   64.99990 -168.22158     7.3983    27.3086    1470.66  0.000e+00
      2.333   64.99990 -168.22158     7.3987    27.3069    1470.66  0.000e+00
      2.217   64.99990 -168.22158     7.3989    27.3065    1470.66  0.000e+00
      2.333   64.99990 -168.22158     7.3985    27.3070    1470.66  0.000e+00
      2.279   64.99990 -168.22158     7.3989    27.3072    1470.66  0.000e+00
      2.217   64.99990 -168.22158     7.3990    27.3069    1470.66  0.000e+00
      2.279   64.99990 -168.22158     7.3985    27.3073    1470.66  0.000e+00
      2.279   64.99990 -168.22158     7.3989    27.3053    1470.66  0.000e+00
      2.240   64.99990 -168.22158     7.3993    27.3038    1470.65  0.000e+00
      2.279   64.99990 -168.22158     7.3995    27.3054    1470.66  0.000e+00
      2.217   64.99990 -168.22158     7.3990    27.3093    1470.66  0.000e+00
      2.279   64.99990 -168.22158     7.3985    27.3127    1470.66  0.000e+00
      2.217   64.99990 -168.22158     7.3978    27.3148    1470.66  0.000e+00
      2.279   64.99990 -168.22158     7.3975    27.3135    1470.66  0.000e+00
      2.217   64.99990 -168.22158     7.3979    27.3091    1470.66  0.000e+00
      2.217   64.99990 -168.22158     7.3983    27.3054    1470.65  0.000e+00
      2.217   64.99990 -168.22158     7.3987    27.3056    1470.65  0.000e+00
      2.279   64.99990 -168.22158     7.3987    27.3088    1470.66  0.000e+00
      2.217   64.99990 -168.22158     7.3980    27.3127    1470.66  0.000e+00
      2.217   64.99990 -168.22158     7.3977    27.3162    1470.66  0.000e+00
      2.217   64.99990 -168.22158     7.3970    27.3191    1470.66  0.000e+00
      2.217   64.99990 -168.22158     7.3967    27.3202    1470.66  0.000e+00
      2.217   64.99990 -168.22158     7.3961    27.3211    1470.66  0.000e+00
      2.217   64.99990 -168.22158     7.3962    27.3205    1470.66  0.000e+00
      2.217   64.99990 -168.22158     7.3964    27.3194    1470.66  0.000e+00
      2.217   64.99990 -168.22158     7.3965    27.3191    1470.66  0.000e+00
      2.217   64.99990 -168.22158     7.3967    27.3192    1470.66  0.000e+00
      2.217   64.99990 -168.22158     7.3967    27.3204    1470.66  0.000e+00
      2.163   64.99990 -168.22158     7.3967    27.3214    1470.66  0.000e+00
      2.279   64.99990 -168.22158     7.3967    27.3208    1470.67  0.000e+00
      2.163   64.99990 -168.22158     7.3978    27.3193    1470.67  0.000e+00
      2.217   64.99990 -168.22158     7.3972    27.3193    1470.67  0.000e+00
      2.217   64.99990 -168.22158     7.3969    27.3195    1470.66  0.000e+00
      2.217   64.99990 -168.22158     7.3973    27.3131    1470.66  0.000e+00
      2.217   64.99990 -168.22158     7.4004    27.2972    1470.65  0.000e+00
      2.279   64.99990 -168.22158     7.4034    27.2832    1470.65  0.000e+00
      2.217   64.99990 -168.22158     7.4039    27.2788    1470.64  0.000e+00
      2.217   64.99990 -168.22158     7.4037    27.2796    1470.64  0.000e+00
      2.217   64.99990 -168.22158     7.4026    27.2837    1470.64  0.000e+00
      2.279   64.99990 -168.22158     7.3993    27.2948    1470.64  0.000e+00
      2.217   64.99990 -168.22158     7.3972    27.3091    1470.65  0.000e+00
      2.302   64.99990 -168.22158     7.3954    27.3210    1470.66  0.000e+00
      2.217   64.99990 -168.22158     7.3945    27.3272    1470.66  0.000e+00
      2.279   64.99990 -168.22158     7.3938    27.3296    1470.67  0.000e+00
      2.279   64.99990 -168.22158     7.3941    27.3282    1470.66  0.000e+00
      2.279   64.99990 -168.22158     7.3945    27.3275    1470.67  0.000e+00
      2.279   64.99990 -168.22158     7.3946    27.3293    1470.67  0.000e+00
      2.217   64.99990 -168.22158     7.3941    27.3316    1470.67  0.000e+00
      2.333   64.99990 -168.22158     7.3949    27.3292    1470.67  0.000e+00
      2.279   64.99990 -168.22158     7.3973    27.3187    1470.67  0.000e+00
      2.279   64.99990 -168.22158     7.3998    27.3025    1470.66  0.000e+00
      2.279   64.99990 -168.22158     7.4026    27.2856    1470.65  0.000e+00
      2.279   64.99990 -168.22158     7.4043    27.2741    1470.64  0.000e+00
      2.333   64.99990 -168.22158     7.4051    27.2657    1470.63  0.000e+00
      2.279   64.99990 -168.22158     7.4071    27.2573    1470.63  0.000e+00
      2.279   64.99990 -168.22158     7.4092    27.2524    1470.63  0.000e+00
      2.333   64.99990 -168.22158     7.4092    27.2531    1470.63  0.000e+00
      2.279   64.99990 -168.22158     7.4077    27.2559    1470.63  0.000e+00
      2.333   64.99990 -168.22158     7.4071    27.2561    1470.63  0.000e+00
      2.279   64.99990 -168.22158     7.4087    27.2513    1470.63  0.000e+00
      2.333   64.99990 -168.22158     7.4111    27.2451    1470.63  0.000e+00
      2.279   64.99990 -168.22158     7.4118    27.2446    1470.63  0.000e+00
      2.279   64.99990 -168.22158     7.4108    27.2470    1470.63  0.000e+00
      2.333   64.99990 -168.22158     7.4106    27.2484    1470.63  0.000e+00
      2.279   64.99990 -168.22158     7.4097    27.2515    1470.63  0.000e+00
      2.333   64.99990 -168.22158     7.4058    27.2592    1470.63  0.000e+00
      2.279   64.99990 -168.22158     7.4049    27.2623    1470.63  0.000e+00
      2.279   64.99990 -168.22158     7.4051    27.2608    1470.62  0.000e+00
      2.279   64.99990 -168.22160     7.4053    27.2587    1470.62  0.000e+00
      2.279   64.99990 -168.22160     7.4064    27.2564    1470.62  0.000e+00
      2.279   64.99990 -168.22160     7.4077    27.2557    1470.63  0.000e+00
      2.217   64.99990 -168.22160     7.4074    27.2565    1470.63  0.000e+00
      2.394   64.99990 -168.22160     7.4077    27.2552    1470.63  0.000e+00
      2.279   64.99990 -168.22160     7.4103    27.2489    1470.63  0.000e+00
      2.217   64.99990 -168.22160     7.4123    27.2426    1470.63  0.000e+00
      2.279   64.99990 -168.22160     7.4128    27.2378    1470.63  0.000e+00
      2.302   64.99990 -168.22160     7.4135    27.2338    1470.62  0.000e+00
      2.217   64.99990 -168.22160     7.4137    27.2320    1470.62  0.000e+00
      2.278   64.99990 -168.22160     7.4143    27.2310    1470.62  0.000e+00
      2.278   64.99990 -168.22160     7.4145    27.2290    1470.62  0.000e+00
      2.217   64.99990 -168.22160     7.4145    27.2273    1470.62  0.000e+00
      2.278   64.99990 -168.22160     7.4147    27.2265    1470.62  0.000e+00
      2.217   64.99990 -168.22160     7.4147    27.2276    1470.62  0.000e+00
      2.217   64.99990 -168.22160     7.4137    27.2322    1470.62  0.000e+00
      2.217   64.99990 -168.22160     7.4124    27.2367    1470.62  0.000e+00
      2.278   64.99990 -168.22160     7.4121    27.2414    1470.63  0.000e+00
      2.217   64.99990 -168.22160     7.4108    27.2463    1470.63  0.000e+00
      2.217   64.99990 -168.22160     7.4106    27.2454    1470.63  0.000e+00
      2.217   64.99990 -168.22160     7.4115    27.2390    1470.62  0.000e+00
      2.217   64.99990 -168.22160     7.4124    27.2333    1470.62  0.000e+00
      2.217   64.99990 -168.22160     7.4134    27.2300    1470.62  0.000e+00
      2.217   64.99990 -168.22160     7.4139    27.2310    1470.62  0.000e+00
      2.217   64.99990 -168.22160     7.4132    27.2333    1470.62  0.000e+00
      2.163   64.99990 -168.22160     7.4128    27.2372    1470.62  0.000e+00
      2.217   64.99990 -168.22160     7.4119    27.2466    1470.63  0.000e+00
      2.217   64.99990 -168.22160     7.4100    27.2578    1470.64  0.000e+00
      2.217   64.99990 -168.22160     7.4097    27.2580    1470.64  0.000e+00
      2.163   64.99990 -168.22160     7.4102    27.2512    1470.63  0.000e+00
      2.217   64.99990 -168.22160     7.4106    27.2460    1470.63  0.000e+00
      2.163   64.99990 -168.22160     7.4097    27.2473    1470.62  0.000e+00
      2.163   64.99990 -168.22160     7.4069    27.2553    1470.62  0.000e+00
      2.217   64.99990 -168.22160     7.4071    27.2561    1470.63  0.000e+00
      2.163   64.99990 -168.22160     7.4100    27.2478    1470.63  0.000e+00
      2.163   64.99990 -168.22160     7.4118    27.2409    1470.62  0.000e+00
      2.217   64.99990 -168.22160     7.4134    27.2370    1470.63  0.000e+00
      2.217   64.99990 -168.22160     7.4139    27.2383    1470.63  0.000e+00
      2.163   64.99990 -168.22160     7.4142    27.2406    1470.63  0.000e+00
      2.163   64.99990 -168.22160     7.4139    27.2438    1470.64  0.000e+00
      2.217   64.99990 -168.22160     7.4126    27.2478    1470.64  0.000e+00
      2.186   64.99990 -168.22160     7.4100    27.2541    1470.63  0.000e+00
      2.163   64.99990 -168.22160     7.4077    27.2614    1470.63  0.000e+00
      2.217   64.99990 -168.22160     7.4074    27.2604    1470.63  0.000e+00
      2.163   64.99990 -168.22160     7.4102    27.2507    1470.63  0.000e+00
      2.217   64.99990 -168.22160     7.4123    27.2453    1470.63  0.000e+00
      2.163   64.99990 -168.22160     7.4116    27.2490    1470.63  0.000e+00
      2.217   64.99990 -168.22160     7.4095    27.2538    1470.63  0.000e+00
      2.217   64.99990 -168.22160     7.4082    27.2577    1470.63  0.000e+00
