EcoFOCI/data/1_SampleCollection/2023_SikuliaqDBO_CruiseData/CTD_raw_BottleFile_SKQ23-12S/proc/skq202312s_078avg.cnv
* Sea-Bird SBE 9 Data File:
* FileName = D:\CTD\SKQ202312S\SKQ202312S_078.hex
* Software Version Seasave V 7.26.7.121
* Temperature SN = 6177
* Conductivity SN = 0369
* Number of Bytes Per Scan = 41
* Number of Voltage Words = 4
* Number of Scans Averaged by the Deck Unit = 1
* NMEA Latitude = 65 45.65 N
* NMEA Longitude = 168 44.60 W
* NMEA UTC (Time) = Oct 03 2023  06:14:15
* NMEA baud rate = 4800
** Ship: R/V Sikuliaq
** Station Number: 078
** Station Name: BS7
** Bottom Depth: 53
** Operator: SD
# nquan = 25
# nvalues = 46                          
# units = specified
# name 0 = depSM: Depth [salt water, m]
# name 1 = latitude: Latitude [deg]
# name 2 = longitude: Longitude [deg]
# name 3 = prDM: Pressure, Digiquartz [db]
# name 4 = t090C: Temperature [ITS-90, deg C]
# name 5 = t190C: Temperature, 2 [ITS-90, deg C]
# name 6 = potemp090C: Potential Temperature [ITS-90, deg C]
# name 7 = sal00: Salinity, Practical [PSU]
# name 8 = sal11: Salinity, Practical, 2 [PSU]
# name 9 = density00: Density [density, kg/m^3]
# name 10 = sigma-é00: Density [sigma-theta, kg/m^3]
# name 11 = sbox0Mm/Kg: Oxygen, SBE 43 [umol/kg]
# name 12 = sbox1Mm/Kg: Oxygen, SBE 43, 2 [umol/kg]
# name 13 = oxsolMm/Kg: Oxygen Saturation, Garcia & Gordon [umol/kg]
# name 14 = sbeox0PS: Oxygen, SBE 43 [% saturation]
# name 15 = sbeox1PS: Oxygen, SBE 43, 2 [% saturation]
# name 16 = v0: Voltage 0
# name 17 = flECO-AFL: Fluorescence, WET Labs ECO-AFL/FL [mg/m^3]
# name 18 = v1: Voltage 1
# name 19 = CStarAt0: Beam Attenuation, WET Labs C-Star [1/m]
# name 20 = par: PAR/Irradiance, Biospherical/Licor
# name 21 = scan: Scan Count
# name 22 = timeM: Time, Elapsed [minutes]
# name 23 = nbin: number of scans per bin
# name 24 = flag: flag
# span 0 =      2.970,     47.521       
# span 1 =   65.76066,   65.76074       
# span 2 = -168.74415, -168.74384       
# span 3 =      3.000,     48.000       
# span 4 =     2.8547,     5.9229       
# span 5 =     2.8554,     5.9267       
# span 6 =     2.8531,     5.9225       
# span 7 =    27.4310,    32.8735       
# span 8 =    27.4052,    32.8843       
# span 9 =  1021.6096,  1026.4151       
# span 10 =    21.5863,    26.1899      
# span 11 =    244.514,    298.355      
# span 12 =    233.463,    284.494      
# span 13 =  309.62386,  329.28001      
# span 14 =     74.547,     93.795      
# span 15 =     71.189,     89.409      
# span 16 =     0.1213,     0.4209      
# span 17 =     0.3799,     2.1775      
# span 18 =     3.6730,     4.0809      
# span 19 =     0.5756,     0.9969      
# span 20 = -1.584e-08, 2.8627e-01      
# span 21 =        192,       4209      
# span 22 =     0.1328,     2.9221      
# span 23 =         32,        281      
# span 24 = 0.0000e+00, 0.0000e+00      
# interval = decibars: 1                
# start_time = Oct 03 2023 06:17:41 [NMEA time, first data scan]
# bad_flag = -9.990e-29
*END*
      2.970   65.76074 -168.74384      3.000     5.9088     5.9099     5.9086    27.6699    27.6821  1021.7902    21.7762    297.307    283.068  317.70455     93.580     89.108     0.3148     1.5406     3.6950     0.9730 2.8627e-01        192     0.1328        281 0.0000e+00
      3.961   65.76074 -168.74386      4.000     5.9204     5.9240     5.9202    27.4752    27.4473  1021.6401    21.6214    297.811    283.695  318.07501     93.629     89.180     0.3214     1.5807     3.6784     0.9910 1.8446e-01        413     0.2860        201 0.0000e+00
      4.951   65.76073 -168.74386      5.000     5.9227     5.9267     5.9224    27.4310    27.4052  1021.6096    21.5863    297.960    284.494  318.16215     93.650     89.409     0.3372     1.6752     3.6730     0.9969 1.1179e-01        578     0.4008        104 0.0000e+00
      5.941   65.76072 -168.74386      6.000     5.9229     5.9241     5.9225    27.4601    27.4684  1021.6372    21.6093    298.355    284.201  318.09169     93.795     89.353     0.3385     1.6831     3.6747     0.9951 5.0150e-02        707     0.4903        137 0.0000e+00
      6.931   65.76072 -168.74387      7.000     5.9013     5.9002     5.9007    27.9384    27.9646  1022.0214    21.9889    296.880    282.694  317.13028     93.615     89.156     0.3175     1.5569     3.7096     0.9573 1.8697e-02        834     0.5781        129 0.0000e+00
      7.921   65.76072 -168.74388      8.000     5.7191     5.7322     5.7185    30.0913    29.9570  1023.7457    23.7086    290.775    278.062  313.45413     92.764     88.647     0.2380     1.0802     3.7955     0.8684 1.0351e-03        982     0.6811        144 0.0000e+00
      8.911   65.76072 -168.74388      9.000     5.7560     5.7568     5.7553    31.6169    31.6049  1024.9508    24.9091    283.410    271.075  309.66075     91.522     87.533     0.1483     0.5420     4.0475     0.6088 7.5757e-05       1117     0.7751        152 0.0000e+00
      9.901   65.76072 -168.74390     10.000     5.7162     5.7227     5.7154    31.7573    31.7625  1025.0711    25.0248    275.475    262.963  309.62386     88.971     84.946     0.1319     0.4434     4.0142     0.6416 1.9214e-06       1264     0.8769        147 0.0000e+00
     10.891   65.76070 -168.74392     11.000     5.6654     5.6728     5.6646    31.8018    31.8079  1025.1168    25.0659    276.012    262.409  309.89081     89.068     84.697     0.1282     0.4212     3.9919     0.6638 7.3155e-07       1398     0.9704        135 0.0000e+00
     11.881   65.76070 -168.74393     12.000     5.5841     5.6021     5.5832    31.8318    31.8398  1025.1546    25.0990    275.845    262.968  310.41597     88.863     84.756     0.1252     0.4033     3.9579     0.6981 8.0708e-07       1540     1.0690        135 0.0000e+00
     12.872   65.76070 -168.74395     13.000     5.4268     5.4169     5.4258    31.8468    31.8706  1025.1891    25.1289    276.559    263.354  311.53601     88.773     84.529     0.1213     0.3799     3.9242     0.7322 4.8638e-07       1662     1.1533         70 0.0000e+00
     13.862   65.76070 -168.74396     14.000     5.0519     5.0428     5.0509    31.9062    31.9352  1025.2827    25.2176    277.492    264.389  314.17793     88.322     84.153     0.1283     0.4218     3.9740     0.6818 7.6637e-07       1742     1.2093         79 0.0000e+00
     14.852   65.76070 -168.74397     15.000     4.8329     4.8233     4.8318    31.9538    31.9748  1025.3488    25.2790    280.473    266.770  315.71099     88.838     84.492     0.1241     0.3968     3.9930     0.6627 6.6861e-07       1804     1.2521         64 0.0000e+00
     15.842   65.76070 -168.74398     16.000     4.6798     4.6708     4.6787    31.9663    31.9910  1025.3796    25.3051    286.129    270.732  316.83867     90.308     85.445     0.1316     0.4415     4.0159     0.6397 2.8913e-07       1877     1.3028         52 0.0000e+00
     16.832   65.76070 -168.74398     17.000     4.4576     4.4445     4.4565    31.9758    32.0029  1025.4149    25.3356    286.618    273.638  318.51113     89.987     85.902     0.1281     0.4205     4.0559     0.6002 8.1059e-07       1916     1.3295         41 0.0000e+00
     17.822   65.76070 -168.74399     18.000     4.2356     4.2316     4.2344    32.0078    32.0325  1025.4675    25.3835    290.323    275.915  320.14325     90.685     86.192     0.1331     0.4509     4.0809     0.5756 1.0135e-06       1979     1.3736         76 0.0000e+00
     18.812   65.76070 -168.74400     19.000     3.9822     3.9712     3.9809    32.0929    32.1214  1025.5648    25.4761    293.620    279.670  321.90803     91.213     86.874     0.1262     0.4097     4.0697     0.5866 1.2173e-06       2034     1.4118         35 0.0000e+00
     19.802   65.76070 -168.74400     20.000     3.9407     3.9341     3.9394    32.2219    32.2457  1025.6761    25.5826    292.286    278.134  321.91931     90.795     86.401     0.1353     0.4637     4.0259     0.6300 1.1301e-06       2072     1.4380         45 0.0000e+00
     20.792   65.76069 -168.74401     21.000     3.6029     3.5867     3.6016    32.3881    32.4239  1025.8451    25.7468    290.164    276.090  324.17297     89.511     85.158     0.1642     0.6372     3.9645     0.6913 2.3683e-07       2128     1.4770         58 0.0000e+00
     21.782   65.76068 -168.74402     22.000     3.2910     3.2663     3.2897    32.4641    32.5056  1025.9389    25.8357    286.487    271.827  326.47260     87.752     83.238     0.2054     0.8844     3.9048     0.7521 -5.379e-09       2178     1.5117         41 0.0000e+00
     22.772   65.76068 -168.74402     23.000     3.1051     3.0974     3.1037    32.5207    32.5456  1026.0053    25.8973    289.061    273.109  327.82820     88.174     83.308     0.2406     1.0952     3.8744     0.7833 4.3327e-07       2218     1.5395         39 0.0000e+00
     23.762   65.76068 -168.74403     24.000     3.0447     3.0433     3.0434    32.5385    32.5575  1026.0294    25.9167    292.154    276.490  328.27219     88.998     84.235     0.2796     1.3295     3.8501     0.8085 7.7783e-09       2266     1.5726         56 0.0000e+00
     24.752   65.76068 -168.74404     25.000     2.9529     2.9478     2.9515    32.5602    32.5831  1026.0594    25.9420    288.007    274.076  328.96321     87.550     83.319     0.3089     1.5051     3.8325     0.8269 1.0000e-12       2319     1.6095         45 0.0000e+00
     25.742   65.76068 -168.74404     26.000     2.9300     2.9295     2.9286    32.5786    32.5951  1026.0807    25.9586    284.653    272.053  329.10346     86.494     82.674     0.3056     1.4856     3.8212     0.8387 1.0000e-12       2361     1.6392         43 0.0000e+00
     26.732   65.76068 -168.74404     27.000     2.9260     2.9259     2.9245    32.5827    32.5982  1026.0890    25.9622    280.541    267.755  329.12577     85.238     81.363     0.3448     1.7208     3.7960     0.8652 1.0000e-12       2410     1.6730         52 0.0000e+00
     27.722   65.76068 -168.74406     28.000     2.9119     2.9103     2.9103    32.6017    32.6179  1026.1101    25.9786    280.638    267.585  329.19317     85.250     81.292     0.3363     1.6696     3.7717     0.8909 1.0000e-12       2460     1.7080         48 0.0000e+00
     28.712   65.76068 -168.74406     29.000     2.8648     2.8632     2.8631    32.7205    32.7366  1026.2136    26.0774    279.614    267.877  329.28001     84.917     81.359     0.4209     2.1775     3.7920     0.8695 1.0000e-12       2512     1.7434         49 0.0000e+00
     29.702   65.76068 -168.74406     30.000     2.8547     2.8554     2.8531    32.7567    32.7704  1026.2480    26.1071    271.905    261.655  329.27131     82.578     79.474     0.2870     1.3740     3.8414     0.8176 1.0000e-12       2561     1.7777         51 0.0000e+00
     30.692   65.76068 -168.74407     31.000     2.8620     2.8631     2.8603    32.7775    32.7902  1026.2688    26.1232    258.899    248.455  329.15982     78.655     75.491     0.2683     1.2616     3.8040     0.8568 1.0000e-12       2613     1.8140         47 0.0000e+00
     31.682   65.76068 -168.74408     32.000     2.8717     2.8732     2.8699    32.7974    32.8101  1026.2885    26.1382    254.863    244.217  329.03095     77.459     74.233     0.2206     0.9759     3.8083     0.8522 4.2428e-07       2655     1.8430         39 0.0000e+00
     32.672   65.76068 -168.74408     33.000     2.8787     2.8799     2.8768    32.8079    32.8206  1026.3010    26.1460    253.262    242.323  328.94816     76.992     73.675     0.2217     0.9820     3.8021     0.8587 4.1529e-09       2700     1.8743         46 0.0000e+00
     33.662   65.76068 -168.74408     34.000     2.8833     2.8844     2.8814    32.8144    32.8269  1026.3104    26.1508    252.914    241.248  328.89452     76.898     73.360     0.2441     1.1166     3.7940     0.8672 1.0000e-12       2746     1.9062         43 0.0000e+00
     34.652   65.76068 -168.74408     35.000     2.8926     2.8939     2.8906    32.8234    32.8348  1026.3215    26.1572    252.281    240.699  328.79633     76.729     73.215     0.2154     0.9444     3.7900     0.8715 1.0000e-12       2804     1.9463         66 0.0000e+00
     35.642   65.76068 -168.74410     36.000     2.9085     2.9106     2.9065    32.8354    32.8464  1026.3344    26.1654    251.771    240.030  328.63691     76.611     73.048     0.2483     1.1421     3.7952     0.8661 1.0000e-12       2854     1.9814         36 0.0000e+00
     36.632   65.76068 -168.74410     37.000     2.9286     2.9305     2.9265    32.8462    32.8576  1026.3460    26.1723    250.922    239.011  328.44653     76.397     72.780     0.2169     0.9534     3.7857     0.8761 1.0000e-12       2890     2.0066         42 0.0000e+00
     37.622   65.76068 -168.74410     38.000     2.9384     2.9394     2.9363    32.8507    32.8620  1026.3534    26.1751    248.819    237.665  328.35546     75.777     72.388     0.2319     1.0432     3.7719     0.8905 1.0000e-12       2955     2.0514         65 0.0000e+00
     38.612   65.76068 -168.74410     39.000     2.9454     2.9467     2.9431    32.8548    32.8664  1026.3608    26.1778    248.333    237.704  328.28903     75.645     72.416     0.1923     0.8057     3.7699     0.8927 2.7527e-07       2998     2.0816         32 0.0000e+00
     39.602   65.76066 -168.74410     40.000     2.9491     2.9503     2.9468    32.8566    32.8683  1026.3666    26.1789    248.138    237.151  328.25451     75.593     72.255     0.2129     0.9296     3.7659     0.8969 1.9793e-08       3032     2.1046         44 0.0000e+00
     40.592   65.76067 -168.74410     41.000     2.9514     2.9524     2.9490    32.8575    32.8692  1026.3718    26.1794    247.497    235.699  328.23357     75.403     71.816     0.2582     1.2011     3.7631     0.8999 1.2563e-07       3098     2.1506         73 0.0000e+00
     41.582   65.76067 -168.74410     42.000     2.9544     2.9560     2.9520    32.8595    32.8708  1026.3778    26.1807    246.716    236.087  328.20391     75.172     71.942     0.2148     0.9410     3.7570     0.9064 1.4179e-09       3153     2.1891         49 0.0000e+00
     42.572   65.76066 -168.74410     43.000     2.9547     2.9595     2.9523    32.8579    32.8724  1026.3812    26.1794    247.092    235.168  328.20558     75.286     71.669     0.2182     0.9613     3.7612     0.9020 1.3817e-07       3255     2.2598        134 0.0000e+00
     43.562   65.76066 -168.74411     44.000     2.9671     2.9653     2.9646    32.8655    32.8744  1026.3909    26.1845    246.285    235.107  328.08599     75.067     71.662     0.2005     0.8553     3.7525     0.9113 1.3824e-07       3623     2.5150        187 0.0000e+00
     44.552   65.76066 -168.74412     45.000     2.9711     2.9724     2.9685    32.8691    32.8801  1026.3981    26.1870    245.355    234.962  328.04523     74.793     71.633     0.1893     0.7881     3.7638     0.8992 1.4590e-07       3718     2.5810         58 0.0000e+00
     45.542   65.76066 -168.74412     46.000     2.9739     2.9752     2.9712    32.8709    32.8821  1026.4040    26.1882    244.705    234.124  328.01803     74.601     71.384     0.2237     0.9939     3.7496     0.9142 1.2994e-07       3787     2.6288         65 0.0000e+00
     46.532   65.76066 -168.74412     47.000     2.9756     2.9770     2.9730    32.8721    32.8832  1026.4095    26.1890    244.514    233.590  328.00041     74.547     71.225     0.2023     0.8655     3.7474     0.9167 2.0096e-07       3857     2.6776         83 0.0000e+00
     47.521   65.76066 -168.74415     48.000     2.9774     2.9785     2.9747    32.8735    32.8843  1026.4151    26.1899    245.146    233.463  327.98273     74.744     71.189     0.2137     0.9340     3.7492     0.9147 -1.584e-08       4209     2.9221         73 0.0000e+00
