EcoFOCI/data/1_SampleCollection/2023_SikuliaqDBO_CruiseData/CTD_raw_BottleFile_SKQ23-12S/proc/skq202312s_042.ros
* Sea-Bird SBE 9 Data File:
* FileName = D:\CTD\SKQ202312S\SKQ202312S_042.hex
* Software Version Seasave V 7.26.7.121
* Temperature SN = 6177
* Conductivity SN = 0369
* Number of Bytes Per Scan = 41
* Number of Voltage Words = 4
* Number of Scans Averaged by the Deck Unit = 1
* NMEA Latitude = 71 27.22 N
* NMEA Longitude = 161 02.26 W
* NMEA UTC (Time) = Sep 24 2023  04:51:21
* NMEA baud rate = 4800
** Ship: R/V Sikuliaq
** Station Number: 042
** Station Name: DBO4.3n
** Bottom Depth: 47
** Operator: SD
# nquan = 22
# nvalues = 980                                   
# units = specified
# name 0 = depSM: Depth [salt water, m]
# name 1 = latitude: Latitude [deg]
# name 2 = longitude: Longitude [deg]
# name 3 = prDM: Pressure, Digiquartz [db]
# name 4 = t090C: Temperature [ITS-90, deg C]
# name 5 = t190C: Temperature, 2 [ITS-90, deg C]
# name 6 = potemp090C: Potential Temperature [ITS-90, deg C]
# name 7 = sal00: Salinity, Practical [PSU]
# name 8 = sal11: Salinity, Practical, 2 [PSU]
# name 9 = density00: Density [density, kg/m^3]
# name 10 = sigma-é00: Density [sigma-theta, kg/m^3]
# name 11 = sbox0Mm/Kg: Oxygen, SBE 43 [umol/kg]
# name 12 = sbox1Mm/Kg: Oxygen, SBE 43, 2 [umol/kg]
# name 13 = oxsolMm/Kg: Oxygen Saturation, Garcia & Gordon [umol/kg]
# name 14 = sbeox0PS: Oxygen, SBE 43 [% saturation]
# name 15 = v0: Voltage 0
# name 16 = flECO-AFL: Fluorescence, WET Labs ECO-AFL/FL [mg/m^3]
# name 17 = CStarAt0: Beam Attenuation, WET Labs C-Star [1/m]
# name 18 = par: PAR/Irradiance, Biospherical/Licor
# name 19 = scan: Scan Count
# name 20 = nbf: Bottles Fired
# name 21 = flag:  0.000e+00
# interval = seconds: 0.0416667
# start_time = Sep 24 2023 04:55:17 [NMEA time, first data scan]
# bad_flag = -9.990e-29
*END*
[from data line 922]
      2.348   71.45290 -161.03928      2.372     2.1695     2.1713     2.1694    27.2171    27.2265  1021.7433    21.7320    342.201    325.859  349.43563     97.930     0.1868     0.7729     0.6059 5.8451e-01      26447         19  0.000e+00
      2.402   71.45290 -161.03928      2.427     2.1694     2.1711     2.1693    27.2170    27.2267  1021.7435    21.7319    342.207    325.878  349.43727     97.931     0.1880     0.7802     0.6059 5.8648e-01      26448         19  0.000e+00
      2.348   71.45290 -161.03928      2.372     2.1695     2.1709     2.1694    27.2169    27.2266  1021.7431    21.7318    342.206    325.892  349.43623     97.931     0.1868     0.7729     0.6059 5.8451e-01      26449         19  0.000e+00
      2.348   71.45290 -161.03928      2.372     2.1695     2.1713     2.1694    27.2169    27.2261  1021.7431    21.7318    342.211    325.904  349.43623     97.932     0.1880     0.7802     0.6059 5.8451e-01      26450         19  0.000e+00
      2.348   71.45290 -161.03928      2.372     2.1695     2.1711     2.1694    27.2168    27.2261  1021.7430    21.7317    342.178    325.918  349.43652     97.923     0.1868     0.7729     0.6059 5.8648e-01      26451         19  0.000e+00
      2.402   71.45290 -161.03928      2.427     2.1697     2.1711     2.1696    27.2167    27.2263  1021.7432    21.7316    342.185    325.931  349.43532     97.925     0.1880     0.7802     0.6059 6.0252e-01      26452         19  0.000e+00
      2.348   71.45290 -161.03928      2.372     2.1695     2.1713     2.1694    27.2170    27.2261  1021.7432    21.7319    341.959    325.938  349.43583     97.860     0.1905     0.7949     0.6059 6.1068e-01      26453         19  0.000e+00
      2.348   71.45290 -161.03928      2.372     2.1694     2.1711     2.1693    27.2171    27.2264  1021.7432    21.7319    342.126    325.948  349.43720     97.908     0.1929     0.8095     0.6059 6.1068e-01      26454         19  0.000e+00
      2.348   71.45290 -161.03928      2.372     2.1695     2.1711     2.1694    27.2169    27.2262  1021.7431    21.7318    342.096    325.957  349.43623     97.899     0.1929     0.8095     0.6059 6.1686e-01      26455         19  0.000e+00
      2.176   71.45290 -161.03928      2.198     2.1692     2.1706     2.1691    27.2166    27.2261  1021.7421    21.7316    342.705    325.421  349.43984     98.073     0.2027     0.8681     0.6071 6.2100e-01      26570         20  0.000e+00
      2.322   71.45290 -161.03928      2.346     2.1692     2.1706     2.1691    27.2168    27.2260  1021.7429    21.7317    342.735    325.449  349.43943     98.081     0.2027     0.8681     0.6071 5.9848e-01      26571         20  0.000e+00
      2.291   71.45290 -161.03928      2.315     2.1692     2.1706     2.1691    27.2168    27.2262  1021.7428    21.7318    342.758    325.470  349.43930     98.088     0.2027     0.8681     0.6071 5.8451e-01      26572         20  0.000e+00
      2.238   71.45290 -161.03928      2.261     2.1690     2.1708     2.1689    27.2170    27.2262  1021.7427    21.7320    342.740    325.490  349.44011     98.083     0.2027     0.8681     0.6071 5.8451e-01      26573         20  0.000e+00
      2.238   71.45290 -161.03928      2.261     2.1694     2.1705     2.1693    27.2166    27.2262  1021.7424    21.7316    342.760    325.518  349.43835     98.089     0.2027     0.8681     0.6071 5.9647e-01      26574         20  0.000e+00
      2.292   71.45290 -161.03928      2.315     2.1692     2.1708     2.1691    27.2168    27.2259  1021.7428    21.7318    342.746    325.518  349.43920     98.085     0.2015     0.8608     0.6059 6.0863e-01      26575         20  0.000e+00
      2.292   71.45290 -161.03928      2.315     2.1690     2.1705     2.1689    27.2169    27.2264  1021.7428    21.7318    342.729    325.546  349.44057     98.079     0.2039     0.8754     0.6071 6.1068e-01      26576         20  0.000e+00
      2.238   71.45290 -161.03928      2.261     2.1690     2.1707     2.1689    27.2171    27.2261  1021.7428    21.7320    342.745    325.569  349.43991     98.084     0.2015     0.8608     0.6071 6.1686e-01      26577         20  0.000e+00
      2.292   71.45290 -161.03928      2.315     2.1694     2.1708     2.1693    27.2168    27.2259  1021.7428    21.7318    342.764    325.807  349.43783     98.090     0.2027     0.8681     0.6059 6.2517e-01      26578         20  0.000e+00
      2.238   71.45290 -161.03928      2.261     2.1694     2.1706     2.1693    27.2164    27.2262  1021.7422    21.7314    342.782    325.624  349.43885     98.095     0.2027     0.8681     0.6071 6.2727e-01      26579         20  0.000e+00
      2.292   71.45290 -161.03928      2.315     2.1694     2.1708     2.1693    27.2166    27.2261  1021.7426    21.7316    342.803    325.602  349.43832     98.101     0.2027     0.8681     0.6071 6.1893e-01      26580         20  0.000e+00
      2.238   71.45290 -161.03928      2.261     2.1692     2.1703     2.1691    27.2168    27.2263  1021.7425    21.7317    342.549    325.604  349.43943     98.028     0.2015     0.8608     0.6059 6.0863e-01      26581         20  0.000e+00
      2.292   71.45290 -161.03928      2.316     2.1694     2.1706     2.1693    27.2166    27.2262  1021.7426    21.7315    342.763    325.605  349.43852     98.090     0.2015     0.8608     0.6059 6.0659e-01      26582         20  0.000e+00
      2.238   71.45290 -161.03928      2.261     2.1694     2.1705     2.1693    27.2167    27.2262  1021.7424    21.7316    342.740    325.605  349.43825     98.083     0.2002     0.8535     0.6071 6.0863e-01      26583         20  0.000e+00
      2.292   71.45290 -161.03928      2.316     2.1694     2.1705     2.1693    27.2167    27.2264  1021.7427    21.7317    342.719    325.608  349.43802     98.077     0.2015     0.8608     0.6071 6.1068e-01      26584         20  0.000e+00
      2.238   71.45290 -161.03928      2.261     2.1694     2.1703     2.1693    27.2164    27.2265  1021.7422    21.7314    342.734    325.608  349.43885     98.081     0.2027     0.8681     0.6071 6.0863e-01      26585         20  0.000e+00
      2.238   71.45290 -161.03928      2.261     2.1694     2.1703     2.1693    27.2165    27.2261  1021.7423    21.7315    342.710    325.610  349.43865     98.074     0.2015     0.8608     0.6059 6.1068e-01      26586         20  0.000e+00
      2.292   71.45290 -161.03928      2.316     2.1692     2.1707     2.1691    27.2170    27.2260  1021.7430    21.7319    342.687    325.610  349.43870     98.068     0.2027     0.8681     0.6059 6.0863e-01      26587         20  0.000e+00
      2.238   71.45290 -161.03928      2.261     2.1692     2.1705     2.1691    27.2169    27.2264  1021.7426    21.7318    342.697    325.610  349.43903     98.071     0.2015     0.8608     0.6071 6.0863e-01      26588         20  0.000e+00
      2.238   71.45290 -161.03928      2.261     2.1694     2.1702     2.1693    27.2166    27.2267  1021.7423    21.7316    342.669    325.613  349.43845     98.063     0.2015     0.8608     0.6059 6.1273e-01      26589         20  0.000e+00
      2.292   71.45290 -161.03928      2.316     2.1692     2.1705     2.1691    27.2167    27.2264  1021.7427    21.7317    342.644    325.614  349.43959     98.055     0.2015     0.8608     0.6059 6.4423e-01      26590         20  0.000e+00
      2.238   71.45290 -161.03928      2.261     2.1692     2.1705     2.1691    27.2165    27.2264  1021.7423    21.7315    342.652    325.613  349.44012     98.057     0.2015     0.8608     0.6059 6.5939e-01      26591         20  0.000e+00
      2.238   71.45290 -161.03928      2.261     2.1690     2.1705     2.1689    27.2166    27.2260  1021.7424    21.7316    342.623    325.615  349.44129     98.049     0.2015     0.8608     0.6047 6.5939e-01      26592         20  0.000e+00
      2.238   71.45290 -161.03928      2.261     2.1692     2.1703     2.1691    27.2167    27.2261  1021.7424    21.7316    342.629    325.617  349.43972     98.051     0.2015     0.8608     0.6059 6.5069e-01      26593         20  0.000e+00
      2.292   71.45290 -161.03928      2.316     2.1690     2.1703     2.1689    27.2167    27.2264  1021.7427    21.7317    342.601    325.620  349.44097     98.043     0.2002     0.8535     0.6059 6.4638e-01      26594         20  0.000e+00
      2.238   71.45290 -161.03928      2.262     2.1694     2.1705     2.1693    27.2167    27.2262  1021.7424    21.7317    342.602    325.592  349.43815     98.044     0.2015     0.8608     0.6059 6.4423e-01      26595         20  0.000e+00
      2.238   71.45290 -161.03928      2.262     2.1692     2.1703     2.1691    27.2166    27.2263  1021.7423    21.7316    342.378    325.567  349.43992     97.979     0.2002     0.8535     0.6059 6.7486e-01      26596         20  0.000e+00
      2.238   71.45290 -161.03928      2.262     2.1690     2.1703     2.1689    27.2169    27.2265  1021.7426    21.7319    342.580    325.565  349.44040     98.037     0.2015     0.8608     0.6047 6.9748e-01      26597         20  0.000e+00
      2.239   71.45290 -161.03928      2.262     2.1692     2.1705     2.1691    27.2166    27.2266  1021.7423    21.7316    342.588    325.563  349.43992     98.039     0.2002     0.8535     0.6059 6.9978e-01      26598         20  0.000e+00
      2.239   71.45290 -161.03928      2.262     2.1690     2.1703     2.1689    27.2166    27.2264  1021.7424    21.7316    342.597    325.356  349.44129     98.041     0.2015     0.8608     0.6059 6.8836e-01      26599         20  0.000e+00
      2.239   71.45290 -161.03928      2.262     2.1690     2.1705     2.1689    27.2169    27.2262  1021.7426    21.7318    342.565    325.330  349.44060     98.032     0.2002     0.8535     0.6059 6.7709e-01      26600         20  0.000e+00
      2.177   71.45290 -161.03928      2.199     2.1689     2.1705     2.1688    27.2172    27.2266  1021.7426    21.7321    342.569    325.303  349.44110     98.033     0.2015     0.8608     0.6059 6.7263e-01      26601         20  0.000e+00
      2.239   71.45290 -161.03928      2.262     2.1692     2.1705     2.1691    27.2168    27.2265  1021.7425    21.7317    342.576    325.283  349.43943     98.036     0.2027     0.8681     0.6059 6.8609e-01      26602         20  0.000e+00
      2.239   71.45290 -161.03928      2.262     2.1690     2.1706     2.1689    27.2170    27.2261  1021.7427    21.7319    342.583    325.468  349.44021     98.038     0.2015     0.8608     0.6059 7.0671e-01      26603         20  0.000e+00
      2.177   71.45290 -161.03928      2.200     2.1690     2.1705     2.1689    27.2166    27.2264  1021.7420    21.7316    342.548    325.470  349.44141     98.027     0.2027     0.8681     0.6047 7.1137e-01      26604         20  0.000e+00
      2.239   71.45290 -161.03928      2.262     2.1694     2.1705     2.1693    27.2165    27.2264  1021.7423    21.7315    342.513    325.475  349.43855     98.018     0.2015     0.8608     0.6059 6.9748e-01      26605         20  0.000e+00
      2.177   71.45290 -161.03928      2.200     2.1692     2.1706     2.1691    27.2169    27.2259  1021.7423    21.7319    342.514    325.476  349.43895     98.018     0.1966     0.8315     0.6059 6.7041e-01      26606         20  0.000e+00
      2.177   71.45290 -161.03928      2.200     2.1694     2.1705     2.1693    27.2168    27.2265  1021.7422    21.7318    342.515    325.479  349.43778     98.019     0.1917     0.8022     0.6059 6.6378e-01      26607         20  0.000e+00
      2.177   71.45290 -161.03928      2.200     2.1690     2.1707     2.1689    27.2167    27.2264  1021.7422    21.7317    342.522    325.480  349.44092     98.020     0.1917     0.8022     0.6059 6.6598e-01      26608         20  0.000e+00
      2.239   71.45290 -161.03928      2.262     2.1690     2.1705     2.1689    27.2172    27.2262  1021.7428    21.7320    342.527    325.280  349.43981     98.022     0.1917     0.8022     0.6059 6.7041e-01      26609         20  0.000e+00
      2.177   71.45290 -161.03928      2.200     2.1694     2.1706     2.1693    27.2167    27.2263  1021.7422    21.7317    342.525    325.255  349.43808     98.022     0.1917     0.8022     0.6059 6.7263e-01      26610         20  0.000e+00
      2.177   71.45290 -161.03928      2.200     2.1692     2.1708     2.1691    27.2166    27.2262  1021.7421    21.7316    342.530    325.442  349.43975     98.023     0.1917     0.8022     0.6059 6.6819e-01      26611         20  0.000e+00
      2.177   71.45290 -161.03928      2.200     2.1690     2.1705     2.1689    27.2170    27.2267  1021.7424    21.7319    342.534    325.241  349.44023     98.024     0.1917     0.8022     0.6059 6.3570e-01      26612         20  0.000e+00
      2.123   71.45290 -161.03928      2.145     2.1692     2.1706     2.1691    27.2172    27.2264  1021.7423    21.7321    342.533    325.427  349.43829     98.024     0.1905     0.7949     0.6059 6.2309e-01      26613         20  0.000e+00
      2.177   71.45290 -161.03928      2.200     2.1692     2.1703     2.1691    27.2169    27.2264  1021.7423    21.7318    342.539    325.439  349.43915     98.025     0.1917     0.8022     0.6059 6.2309e-01      26614         20  0.000e+00
      2.178   71.45290 -161.03928      2.200     2.1694     2.1708     2.1693    27.2168    27.2261  1021.7422    21.7317    342.541    325.441  349.43798     98.026     0.1905     0.7949     0.6059 6.2100e-01      26615         20  0.000e+00
      2.124   71.45290 -161.03928      2.146     2.1692     2.1706     2.1691    27.2171    27.2262  1021.7422    21.7320    342.543    325.447  349.43849     98.027     0.1917     0.8022     0.6059 6.2100e-01      26616         20  0.000e+00
      2.178   71.45290 -161.03928      2.200     2.1692     2.1705     2.1691    27.2168    27.2266  1021.7423    21.7318    342.782    325.456  349.43925     98.095     0.1929     0.8095     0.6059 6.2100e-01      26617         20  0.000e+00
      2.124   71.45290 -161.03928      2.146     2.1692     2.1707     2.1691    27.2169    27.2264  1021.7421    21.7318    342.586    325.458  349.43899     98.039     0.1917     0.8022     0.6059 6.0659e-01      26618         20  0.000e+00
