EcoFOCI/data/1_SampleCollection/2023_SikuliaqDBO_CruiseData/CTD_raw_BottleFile_SKQ23-12S/proc/skq202312s_019.ros
* Sea-Bird SBE 9 Data File:
* FileName = D:\CTD\SKQ202312S\SKQ202312S_019.hex
* Software Version Seasave V 7.26.7.121
* Temperature SN = 6177
* Conductivity SN = 0369
* Number of Bytes Per Scan = 41
* Number of Voltage Words = 4
* Number of Scans Averaged by the Deck Unit = 1
* NMEA Latitude = 64 59.99 N
* NMEA Longitude = 168 13.30 W
* NMEA UTC (Time) = Sep 17 2023  22:28:58
* NMEA baud rate = 4800
** Ship: R/V Sikuliaq
** Station Number: 019
** Station Name: DBO2.7
** Bottom Depth: 45
** Operator: SD
# nquan = 22
# nvalues = 882                                   
# units = specified
# name 0 = depSM: Depth [salt water, m]
# name 1 = latitude: Latitude [deg]
# name 2 = longitude: Longitude [deg]
# name 3 = prDM: Pressure, Digiquartz [db]
# name 4 = t090C: Temperature [ITS-90, deg C]
# name 5 = t190C: Temperature, 2 [ITS-90, deg C]
# name 6 = potemp090C: Potential Temperature [ITS-90, deg C]
# name 7 = sal00: Salinity, Practical [PSU]
# name 8 = sal11: Salinity, Practical, 2 [PSU]
# name 9 = density00: Density [density, kg/m^3]
# name 10 = sigma-é00: Density [sigma-theta, kg/m^3]
# name 11 = sbox0Mm/Kg: Oxygen, SBE 43 [umol/kg]
# name 12 = sbox1Mm/Kg: Oxygen, SBE 43, 2 [umol/kg]
# name 13 = oxsolMm/Kg: Oxygen Saturation, Garcia & Gordon [umol/kg]
# name 14 = sbeox0PS: Oxygen, SBE 43 [% saturation]
# name 15 = v0: Voltage 0
# name 16 = flECO-AFL: Fluorescence, WET Labs ECO-AFL/FL [mg/m^3]
# name 17 = CStarAt0: Beam Attenuation, WET Labs C-Star [1/m]
# name 18 = par: PAR/Irradiance, Biospherical/Licor
# name 19 = scan: Scan Count
# name 20 = nbf: Bottles Fired
# name 21 = flag:  0.000e+00
# interval = seconds: 0.0416667
# start_time = Sep 17 2023 22:32:38 [NMEA time, first data scan]
# bad_flag = -9.990e-29
*END*
[from data line 264]
     29.649   64.99990 -168.22158     29.944     5.6257     5.6177     5.6236    27.4966    31.7699  1021.8094    21.6697    157.964    263.445  320.25757     49.324     0.1538     0.5751     0.9839 4.4605e-01       9730          6  0.000e+00
     29.726   64.99990 -168.22158     30.022     5.6259     5.6172     5.6238    27.4975    31.7704  1021.8105    21.6704    157.772    263.446  320.25425     49.265     0.1538     0.5751     0.9839 4.4605e-01       9731          6  0.000e+00
     29.664   64.99990 -168.22158     29.960     5.6265     5.6166     5.6244    27.4959    31.7709  1021.8089    21.6691    157.376    263.439  320.25329     49.141     0.1538     0.5751     0.9839 4.4605e-01       9732          6  0.000e+00
     29.710   64.99990 -168.22158     30.007     5.6268     5.6170     5.6248    27.4978    31.7708  1021.8106    21.6706    157.926    263.430  320.24591     49.314     0.1526     0.5678     0.9839 4.3974e-01       9733          6  0.000e+00
     29.726   64.99990 -168.22158     30.022     5.6270     5.6179     5.6249    27.4981    31.7698  1021.8109    21.6708    157.951    263.596  320.24450     49.322     0.1538     0.5751     0.9839 4.3661e-01       9734          6  0.000e+00
     29.710   64.99990 -168.22158     30.007     5.6273     5.6192     5.6252    27.4980    31.7687  1021.8107    21.6707    157.975    263.595  320.24232     49.330     0.1538     0.5751     0.9826 4.3505e-01       9735          6  0.000e+00
     29.726   64.99990 -168.22158     30.022     5.6273     5.6198     5.6252    27.4963    31.7686  1021.8094    21.6694    158.005    263.415  320.24608     49.339     0.1538     0.5751     0.9839 4.4289e-01       9736          6  0.000e+00
     29.710   64.99990 -168.22158     30.007     5.6276     5.6196     5.6255    27.4967    31.7687  1021.8097    21.6697    158.032    263.419  320.24271     49.347     0.1575     0.5971     0.9839 4.4605e-01       9737          6  0.000e+00
     29.664   64.99990 -168.22158     29.960     5.6276     5.6193     5.6255    27.4968    31.7694  1021.8095    21.6697    158.060    263.420  320.24250     49.356     0.1673     0.6557     0.9839 4.4605e-01       9738          6  0.000e+00
     29.764   64.99990 -168.22158     30.061     5.6273     5.6193     5.6252    27.4972    31.7694  1021.8104    21.6701    158.094    263.606  320.24385     49.367     0.1709     0.6776     0.9826 4.3974e-01       9739          6  0.000e+00
     29.726   64.99990 -168.22158     30.022     5.6275     5.6188     5.6254    27.4991    31.7702  1021.8116    21.6715    158.123    263.425  320.23830     49.377     0.1709     0.6776     0.9812 4.3661e-01       9740          6  0.000e+00
     29.664   64.99990 -168.22158     29.960     5.6273     5.6199     5.6252    27.4975    31.7694  1021.8101    21.6703    158.127    263.576  320.24353     49.377     0.1709     0.6776     0.9799 4.3661e-01       9741          6  0.000e+00
     29.710   64.99990 -168.22158     30.007     5.6271     5.6208     5.6250    27.4972    31.7688  1021.8101    21.6701    158.132    263.588  320.24555     49.378     0.1697     0.6703     0.9812 4.3505e-01       9742          6  0.000e+00
     29.780   64.99990 -168.22158     30.077     5.6273     5.6214     5.6252    27.4969    31.7683  1021.8102    21.6698    158.373    263.601  320.24462     49.454     0.1709     0.6776     0.9799 4.3349e-01       9743          6  0.000e+00
     29.710   64.99990 -168.22158     30.007     5.6275     5.6217     5.6254    27.4962    31.7683  1021.8093    21.6693    158.404    263.588  320.24502     49.463     0.1697     0.6703     0.9799 4.3349e-01       9744          6  0.000e+00
     29.726   64.99990 -168.22158     30.022     5.6276     5.6214     5.6255    27.4941    31.7684  1021.8077    21.6676    158.231    263.600  320.24895     49.409     0.1709     0.6776     0.9799 4.3505e-01       9745          6  0.000e+00
     29.710   64.99990 -168.22158     30.007     5.6280     5.6211     5.6259    27.4923    31.7688  1021.8061    21.6661    158.263    263.609  320.25051     49.419     0.1697     0.6703     0.9799 4.3661e-01       9746          6  0.000e+00
     29.780   64.99990 -168.22158     30.077     5.6279     5.6209     5.6258    27.4918    31.7688  1021.8061    21.6658    158.506    263.619  320.25205     49.494     0.1709     0.6776     0.9799 4.3817e-01       9747          6  0.000e+00
     29.710   64.99990 -168.22158     30.007     5.6282     5.6206     5.6261    27.4882    31.7693  1021.8029    21.6629    158.540    263.622  320.25822     49.504     0.1697     0.6703     0.9799 4.3974e-01       9748          6  0.000e+00
     29.780   64.99990 -168.22158     30.077     5.6286     5.6204     5.6265    27.4852    31.7690  1021.8008    21.6605    158.574    263.809  320.26273     49.514     0.1709     0.6776     0.9799 4.4605e-01       9749          6  0.000e+00
     29.726   64.99990 -168.22158     30.022     5.6289     5.6201     5.6268    27.4840    31.7689  1021.7996    21.6595    158.603    263.649  320.26311     49.523     0.1697     0.6703     0.9799 4.4764e-01       9750          6  0.000e+00
     29.764   64.99990 -168.22158     30.061     5.6295     5.6198     5.6274    27.4819    31.7693  1021.7981    21.6578    158.632    263.651  320.26334     49.532     0.1709     0.6776     0.9799 4.4605e-01       9751          6  0.000e+00
     29.726   64.99990 -168.22158     30.022     5.6305     5.6195     5.6285    27.4810    31.7695  1021.7970    21.6569    158.656    263.669  320.25780     49.540     0.1697     0.6703     0.9799 4.3817e-01       9752          6  0.000e+00
     29.764   64.99990 -168.22158     30.061     5.6314     5.6192     5.6293    27.4775    31.7691  1021.7943    21.6541    158.714    263.670  320.25952     49.558     0.1697     0.6703     0.9799 4.3661e-01       9753          6  0.000e+00
     29.780   64.99990 -168.22158     30.077     5.6321     5.6193     5.6300    27.4774    31.7689  1021.7943    21.6539    158.738    263.665  320.25465     49.566     0.1685     0.6630     0.9812 4.3505e-01       9754          6  0.000e+00
     29.764   64.99990 -168.22158     30.061     5.6329     5.6192     5.6308    27.4754    31.7693  1021.7926    21.6523    158.762    263.659  320.25337     49.574     0.1697     0.6703     0.9799 4.3194e-01       9755          6  0.000e+00
     29.780   64.99990 -168.22158     30.077     5.6331     5.6187     5.6310    27.4740    31.7696  1021.7915    21.6512    159.024    263.654  320.25470     49.655     0.1709     0.6776     0.9799 4.2886e-01       9756          6  0.000e+00
     29.764   64.99990 -168.22158     30.061     5.6330     5.6188     5.6309    27.4741    31.7694  1021.7915    21.6513    158.457    263.824  320.25527     49.478     0.1697     0.6703     0.9799 4.2886e-01       9757          6  0.000e+00
     29.780   64.99990 -168.22158     30.077     5.6329     5.6187     5.6308    27.4753    31.7697  1021.7925    21.6522    158.833    263.652  320.25372     49.596     0.1709     0.6776     0.9799 4.3040e-01       9758          6  0.000e+00
     29.764   64.99990 -168.22158     30.061     5.6326     5.6187     5.6305    27.4752    31.7696  1021.7924    21.6522    159.063    263.818  320.25592     49.668     0.1697     0.6703     0.9812 4.3194e-01       9759          6  0.000e+00
     29.779   64.99990 -168.22158     30.076     5.6302     5.6217     5.6281    27.4789    31.7699  1021.7957    21.6554    161.065    262.239  320.26537     50.291     0.1587     0.6044     0.9839 4.7038e-01       9947          7  0.000e+00
     29.825   64.99990 -168.22158     30.122     5.6310     5.6211     5.6289    27.4785    31.7705  1021.7955    21.6550    161.042    262.258  320.26053     50.285     0.1575     0.5971     0.9839 4.7038e-01       9948          7  0.000e+00
     29.833   64.99990 -168.22158     30.130     5.6313     5.6216     5.6292    27.4775    31.7695  1021.7947    21.6541    161.054    262.273  320.26055     50.288     0.1587     0.6044     0.9852 4.6872e-01       9949          7  0.000e+00
     29.779   64.99990 -168.22158     30.076     5.6314     5.6223     5.6293    27.4763    31.7689  1021.7935    21.6532    161.036    262.103  320.26223     50.283     0.1575     0.5971     0.9839 4.6543e-01       9950          7  0.000e+00
     29.825   64.99990 -168.22158     30.122     5.6318     5.6234     5.6297    27.4756    31.7681  1021.7931    21.6526    161.051    262.098  320.26078     50.287     0.1587     0.6044     0.9839 4.6543e-01       9951          7  0.000e+00
     29.833   64.99990 -168.22158     30.130     5.6319     5.6242     5.6298    27.4760    31.7680  1021.7934    21.6529    161.068    262.094  320.25949     50.293     0.1575     0.5971     0.9852 4.6707e-01       9952          7  0.000e+00
     29.763   64.99990 -168.22158     30.060     5.6319     5.6253     5.6298    27.4742    31.7669  1021.7917    21.6515    161.057    262.249  320.26362     50.289     0.1575     0.5971     0.9839 4.6872e-01       9953          7  0.000e+00
     29.833   64.99990 -168.22158     30.130     5.6316     5.6257     5.6295    27.4761    31.7669  1021.7935    21.6529    161.048    262.251  320.26128     50.286     0.1587     0.6044     0.9852 4.7038e-01       9954          7  0.000e+00
     29.763   64.99990 -168.22158     30.060     5.6313     5.6257     5.6292    27.4769    31.7669  1021.7939    21.6537    161.038    262.270  320.26200     50.283     0.1575     0.5971     0.9852 4.7203e-01       9955          7  0.000e+00
     29.833   64.99990 -168.22158     30.130     5.6306     5.6255     5.6286    27.4766    31.7669  1021.7940    21.6535    161.035    262.295  320.26750     50.281     0.1587     0.6044     0.9839 4.7203e-01       9956          7  0.000e+00
     29.763   64.99990 -168.22158     30.060     5.6300     5.6250     5.6279    27.4758    31.7674  1021.7931    21.6529    160.824    262.318  320.27405     50.215     0.1575     0.5971     0.9839 4.7203e-01       9957          7  0.000e+00
     29.833   64.99990 -168.22158     30.130     5.6298     5.6247     5.6277    27.4763    31.7677  1021.7939    21.6533    160.793    262.345  320.27444     50.205     0.1587     0.6044     0.9852 4.7038e-01       9958          7  0.000e+00
     29.779   64.99990 -168.22158     30.076     5.6300     5.6242     5.6279    27.4768    31.7682  1021.7940    21.6537    160.759    262.370  320.27200     50.195     0.1575     0.5971     0.9839 4.6215e-01       9959          7  0.000e+00
     29.763   64.99990 -168.22158     30.060     5.6300     5.6236     5.6279    27.4762    31.7685  1021.7935    21.6532    160.937    262.398  320.27350     50.250     0.1587     0.6044     0.9839 4.5890e-01       9960          7  0.000e+00
     29.833   64.99990 -168.22158     30.130     5.6304     5.6228     5.6283    27.4776    31.7692  1021.7949    21.6543    160.969    262.591  320.26703     50.261     0.1575     0.5971     0.9852 4.6052e-01       9961          7  0.000e+00
     29.763   64.99990 -168.22158     30.060     5.6306     5.6222     5.6286    27.4777    31.7698  1021.7946    21.6543    160.765    262.616  320.26483     50.197     0.1587     0.6044     0.9799 4.6379e-01       9962          7  0.000e+00
     29.779   64.99990 -168.22158     30.076     5.6308     5.6216     5.6287    27.4798    31.7704  1021.7963    21.6560    160.739    262.463  320.25858     50.191     0.1575     0.5971     0.9773 4.6379e-01       9963          7  0.000e+00
     29.825   64.99990 -168.22158     30.122     5.6307     5.6212     5.6286    27.4789    31.7707  1021.7958    21.6553    160.928    262.471  320.26165     50.249     0.1575     0.5971     0.9773 4.6543e-01       9964          7  0.000e+00
     29.778   64.99990 -168.22158     30.075     5.6303     5.6214     5.6282    27.4802    31.7698  1021.7967    21.6564    160.732    262.475  320.26150     50.188     0.1575     0.5971     0.9773 4.6707e-01       9965          7  0.000e+00
     29.763   64.99990 -168.22158     30.060     5.6301     5.6222     5.6280    27.4784    31.7693  1021.7952    21.6549    160.719    262.655  320.26707     50.183     0.1587     0.6044     0.9786 4.6707e-01       9966          7  0.000e+00
     29.778   64.99990 -168.22158     30.075     5.6300     5.6223     5.6279    27.4776    31.7691  1021.7946    21.6543    160.676    262.677  320.26977     50.169     0.1600     0.6117     0.9773 4.6872e-01       9967          7  0.000e+00
     29.778   64.99990 -168.22158     30.075     5.6300     5.6225     5.6279    27.4775    31.7689  1021.7946    21.6543    160.663    262.699  320.27040     50.165     0.1636     0.6337     0.9786 4.6872e-01       9968          7  0.000e+00
     29.825   64.99990 -168.22158     30.122     5.6301     5.6223     5.6280    27.4787    31.7690  1021.7957    21.6552    160.652    262.722  320.26638     50.162     0.1648     0.6410     0.9786 4.6872e-01       9969          7  0.000e+00
     29.778   64.99990 -168.22158     30.075     5.6298     5.6220     5.6277    27.4773    31.7693  1021.7944    21.6541    160.647    262.743  320.27212     50.159     0.1636     0.6337     0.9786 4.6872e-01       9970          7  0.000e+00
     29.763   64.99990 -168.22158     30.060     5.6302     5.6217     5.6281    27.4778    31.7694  1021.7947    21.6544    160.639    262.764  320.26821     50.158     0.1648     0.6410     0.9773 4.6872e-01       9971          7  0.000e+00
     29.778   64.99990 -168.22158     30.075     5.6301     5.6211     5.6280    27.4788    31.7701  1021.7956    21.6553    160.636    262.786  320.26608     50.157     0.1636     0.6337     0.9786 4.6872e-01       9972          7  0.000e+00
     29.763   64.99990 -168.22158     30.060     5.6301     5.6211     5.6280    27.4790    31.7697  1021.7957    21.6554    160.636    262.804  320.26564     50.157     0.1648     0.6410     0.9773 4.6872e-01       9973          7  0.000e+00
     29.778   64.99990 -168.22158     30.075     5.6302     5.6214     5.6281    27.4789    31.7694  1021.7957    21.6554    160.638    262.820  320.26537     50.158     0.1636     0.6337     0.9786 4.6872e-01       9974          7  0.000e+00
     29.763   64.99990 -168.22158     30.060     5.6301     5.6216     5.6280    27.4790    31.7691  1021.7957    21.6554    160.437    262.836  320.26564     50.095     0.1648     0.6410     0.9773 4.6872e-01       9975          7  0.000e+00
     29.778   64.99990 -168.22158     30.075     5.6301     5.6217     5.6280    27.4815    31.7689  1021.7977    21.6574    160.413    262.851  320.25960     50.088     0.1636     0.6337     0.9786 4.7038e-01       9976          7  0.000e+00
     29.778   64.99990 -168.22158     30.075     5.6299     5.6220     5.6278    27.4809    31.7689  1021.7973    21.6570    160.160    263.044  320.26300     50.009     0.1648     0.6410     0.9773 4.7038e-01       9977          7  0.000e+00
     29.763   64.99990 -168.22158     30.060     5.6294     5.6222     5.6273    27.4805    31.7688  1021.7969    21.6567    160.325    263.075  320.26792     50.060     0.1636     0.6337     0.9773 4.7038e-01       9978          7  0.000e+00
     29.778   64.99990 -168.22158     30.075     5.6284     5.6226     5.6263    27.4813    31.7681  1021.7977    21.6574    160.287    262.924  320.27348     50.047     0.1636     0.6337     0.9786 4.7038e-01       9979          7  0.000e+00
     29.763   64.99990 -168.22158     30.060     5.6282     5.6230     5.6261    27.4810    31.7682  1021.7974    21.6572    160.280    263.112  320.27543     50.045     0.1636     0.6337     0.9786 4.6707e-01       9980          7  0.000e+00
     29.778   64.99990 -168.22158     30.075     5.6283     5.6231     5.6262    27.4793    31.7687  1021.7961    21.6558    160.279    263.139  320.27911     50.043     0.1636     0.6337     0.9773 4.5728e-01       9981          7  0.000e+00
