EcoFOCI/data/1_SampleCollection/2023_SikuliaqDBO_CruiseData/CTD_raw_BottleFile_SKQ23-12S/proc/skq202312s_061.cnv
* Sea-Bird SBE 9 Data File:
* FileName = D:\CTD\SKQ202312S\SKQ202312S_061.hex
* Software Version Seasave V 7.26.7.121
* Temperature SN = 6177
* Conductivity SN = 0369
* Number of Bytes Per Scan = 41
* Number of Voltage Words = 4
* Number of Scans Averaged by the Deck Unit = 1
* NMEA Latitude = 71 36.10 N
* NMEA Longitude = 165 18.30 W
* NMEA UTC (Time) = Sep 27 2023  23:24:16
* NMEA baud rate = 4800
** Ship: R/V Sikuliaq
** Station Number: 061
** Station Name: IC3
** Bottom Depth: 42
** Operator: SS
** Recast for bottom water
# nquan = 24
# nvalues = 3879                                  
# units = specified
# name 0 = depSM: Depth [salt water, m]
# name 1 = latitude: Latitude [deg]
# name 2 = longitude: Longitude [deg]
# name 3 = prDM: Pressure, Digiquartz [db]
# name 4 = t090C: Temperature [ITS-90, deg C]
# name 5 = t190C: Temperature, 2 [ITS-90, deg C]
# name 6 = potemp090C: Potential Temperature [ITS-90, deg C]
# name 7 = sal00: Salinity, Practical [PSU]
# name 8 = sal11: Salinity, Practical, 2 [PSU]
# name 9 = density00: Density [density, kg/m^3]
# name 10 = sigma-é00: Density [sigma-theta, kg/m^3]
# name 11 = sbox0Mm/Kg: Oxygen, SBE 43 [umol/kg]
# name 12 = sbox1Mm/Kg: Oxygen, SBE 43, 2 [umol/kg]
# name 13 = oxsolMm/Kg: Oxygen Saturation, Garcia & Gordon [umol/kg]
# name 14 = sbeox0PS: Oxygen, SBE 43 [% saturation]
# name 15 = sbeox1PS: Oxygen, SBE 43, 2 [% saturation]
# name 16 = v0: Voltage 0
# name 17 = flECO-AFL: Fluorescence, WET Labs ECO-AFL/FL [mg/m^3]
# name 18 = v1: Voltage 1
# name 19 = CStarAt0: Beam Attenuation, WET Labs C-Star [1/m]
# name 20 = par: PAR/Irradiance, Biospherical/Licor
# name 21 = scan: Scan Count
# name 22 = timeM: Time, Elapsed [minutes]
# name 23 = flag:  0.000e+00
# span 0 =      3.015,     37.164                 
# span 1 =   71.60162,   71.60162                 
# span 2 = -165.30500, -165.30498                 
# span 3 =      3.046,     37.551                 
# span 4 =    -1.0664,     3.2483                 
# span 5 =    -1.0654,     3.2537                 
# span 6 =    -1.0672,     3.2471                 
# span 7 =    30.4293,    32.5473                 
# span 8 =    30.4411,    32.5805                 
# span 9 =  1024.2787,  1026.3027                 
# span 10 =    24.2637,    26.1579                
# span 11 =    262.607,    381.097                
# span 12 =    240.094,    363.520                
# span 13 =  330.89105,  364.98977                
# span 14 =     71.959,    107.361                
# span 15 =     65.793,    102.304                
# span 16 =     0.0757,     0.5214                
# span 17 =     0.1062,     2.7802                
# span 18 =     3.0977,     4.2320                
# span 19 =     0.4301,     1.6786                
# span 20 = 1.1221e+00, 1.2430e+02                
# span 21 =          1,       3879                
# span 22 =     0.0000,     2.6931                
# span 23 = 0.0000e+00, 0.0000e+00                
# interval = seconds: 0.0416667
# start_time = Sep 27 2023 23:27:17 [NMEA time, first data scan]
# bad_flag = -9.990e-29
*END*
[from data line 846]
      6.963   71.60162 -165.30500      7.035     2.6801     2.6824     2.6797    30.4443    30.4523  1024.3083    24.2750    325.540    310.286  336.57487     96.721     92.200     0.0818     0.1428     4.2271     0.4347 7.0788e+01        847     0.5875  0.000e+00
      6.963   71.60162 -165.30500      7.035     2.6807     2.6828     2.6803    30.4437    30.4518  1024.3078    24.2746    325.753    310.284  336.57123     96.786     92.200     0.0806     0.1355     4.2271     0.4347 7.0589e+01        848     0.5882  0.000e+00
      7.025   71.60162 -165.30500      7.097     2.6810     2.6826     2.6806    30.4425    30.4511  1024.3071    24.2736    325.563    310.292  336.57158     96.729     92.202     0.0818     0.1428     4.2271     0.4347 7.0788e+01        849     0.5889  0.000e+00
      6.963   71.60162 -165.30500      7.035     2.6810     2.6821     2.6806    30.4427    30.4516  1024.3070    24.2737    325.555    310.296  336.57110     96.727     92.202     0.0830     0.1502     4.2271     0.4347 7.0589e+01        850     0.5896  0.000e+00
      7.025   71.60162 -165.30500      7.097     2.6812     2.6820     2.6808    30.4435    30.4519  1024.3078    24.2743    325.551    310.305  336.56782     96.727     92.205     0.0818     0.1428     4.2271     0.4347 7.0390e+01        851     0.5903  0.000e+00
      7.025   71.60162 -165.30500      7.097     2.6816     2.6823     2.6813    30.4437    30.4520  1024.3080    24.2744    325.545    310.285  336.56323     96.726     92.200     0.0818     0.1428     4.2271     0.4347 7.0192e+01        852     0.5910  0.000e+00
      7.025   71.60162 -165.30500      7.097     2.6819     2.6823     2.6815    30.4440    30.4522  1024.3082    24.2747    325.541    310.294  336.56022     96.726     92.202     0.0806     0.1355     4.2271     0.4347 6.9798e+01        853     0.5917  0.000e+00
      7.025   71.60162 -165.30500      7.097     2.6821     2.6828     2.6818    30.4435    30.4530  1024.3078    24.2743    325.803    310.298  336.55964     96.804     92.205     0.0806     0.1355     4.2271     0.4347 6.9211e+01        854     0.5924  0.000e+00
      7.025   71.60162 -165.30500      7.097     2.6822     2.6832     2.6819    30.4425    30.4536  1024.3069    24.2734    325.620    310.306  336.56139     96.749     92.209     0.0794     0.1282     4.2271     0.4347 6.9211e+01        855     0.5931  0.000e+00
      7.079   71.60162 -165.30500      7.152     2.6827     2.6832     2.6824    30.4417    30.4540  1024.3066    24.2728    325.625    310.322  336.55927     96.751     92.214     0.0806     0.1355     4.2271     0.4347 6.8629e+01        856     0.5938  0.000e+00
      7.025   71.60162 -165.30500      7.097     2.6824     2.6832     2.6820    30.4414    30.4532  1024.3061    24.2726    325.632    310.338  336.56262     96.752     92.218     0.0806     0.1355     4.2271     0.4347 6.8243e+01        857     0.5944  0.000e+00
      7.079   71.60162 -165.30500      7.152     2.6822     2.6826     2.6819    30.4408    30.4530  1024.3058    24.2721    325.645    310.165  336.56575     96.755     92.165     0.0806     0.1355     4.2271     0.4347 6.7860e+01        858     0.5951  0.000e+00
      7.056   71.60162 -165.30500      7.129     2.6821     2.6826     2.6818    30.4415    30.4523  1024.3063    24.2727    325.652    310.363  336.56477     96.758     92.224     0.0806     0.1355     4.2271     0.4347 6.7669e+01        859     0.5958  0.000e+00
      7.133   71.60162 -165.30500      7.207     2.6817     2.6829     2.6814    30.4429    30.4527  1024.3078    24.2738    325.666    310.386  336.56442     96.762     92.231     0.0806     0.1355     4.2271     0.4347 6.7100e+01        860     0.5965  0.000e+00
      7.079   71.60162 -165.30500      7.152     2.6818     2.6829     2.6814    30.4433    30.4537  1024.3079    24.2741    325.674    310.407  336.56283     96.765     92.238     0.0806     0.1355     4.2271     0.4347 6.6911e+01        861     0.5972  0.000e+00
      7.079   71.60162 -165.30500      7.152     2.6817     2.6832     2.6814    30.4436    30.4535  1024.3082    24.2744    325.910    310.432  336.56246     96.835     92.246     0.0794     0.1282     4.2271     0.4347 6.6723e+01        862     0.5979  0.000e+00
      7.133   71.60162 -165.30500      7.207     2.6819     2.6829     2.6815    30.4439    30.4535  1024.3086    24.2746    325.737    310.442  336.56036     96.784     92.249     0.0806     0.1355     4.2271     0.4347 6.6161e+01        863     0.5986  0.000e+00
      7.079   71.60162 -165.30500      7.152     2.6816     2.6830     2.6813    30.4458    30.4539  1024.3099    24.2761    325.710    310.443  336.55791     96.777     92.250     0.0806     0.1355     4.2271     0.4347 6.5975e+01        864     0.5993  0.000e+00
      7.133   71.60162 -165.30500      7.207     2.6817     2.6832     2.6814    30.4465    30.4533  1024.3107    24.2767    325.687    310.477  336.55514     96.771     92.259     0.0806     0.1355     4.2259     0.4359 6.5790e+01        865     0.6000  0.000e+00
      7.133   71.60162 -165.30500      7.207     2.6820     2.6830     2.6816    30.4470    30.4530  1024.3111    24.2771    325.699    310.488  336.55195     96.775     92.262     0.0806     0.1355     4.2247     0.4370 6.5053e+01        866     0.6007  0.000e+00
      7.194   71.60162 -165.30500      7.269     2.6822     2.6832     2.6819    30.4472    30.4523  1024.3115    24.2772    325.715    310.500  336.54933     96.781     92.266     0.0806     0.1355     4.2234     0.4382 6.4687e+01        867     0.6014  0.000e+00
      7.133   71.60162 -165.30500      7.207     2.6824     2.6830     2.6820    30.4469    30.4530  1024.3110    24.2769    325.730    310.508  336.54868     96.785     92.268     0.0806     0.1355     4.2234     0.4382 6.4687e+01        868     0.6021  0.000e+00
      7.194   71.60162 -165.30500      7.269     2.6829     2.6833     2.6825    30.4449    30.4520  1024.3097    24.2753    325.753    310.522  336.54967     96.792     92.272     0.0818     0.1428     4.2234     0.4382 6.4143e+01        869     0.6028  0.000e+00
      7.133   71.60162 -165.30500      7.207     2.6833     2.6833     2.6829    30.4445    30.4524  1024.3090    24.2749    325.768    310.531  336.54721     96.797     92.275     0.0806     0.1355     4.2234     0.4382 6.3962e+01        870     0.6035  0.000e+00
      7.248   71.60162 -165.30500      7.323     2.6835     2.6838     2.6832    30.4447    30.4539  1024.3097    24.2752    325.793    310.542  336.54468     96.805     92.281     0.0806     0.1355     4.2234     0.4382 6.3962e+01        871     0.6042  0.000e+00
      7.194   71.60162 -165.30500      7.269     2.6839     2.6843     2.6836    30.4451    30.4547  1024.3097    24.2754    325.772    310.548  336.54014     96.800     92.284     0.0806     0.1355     4.2234     0.4382 6.3603e+01        872     0.6049  0.000e+00
      7.194   71.60162 -165.30500      7.269     2.6842     2.6844     2.6838    30.4451    30.4545  1024.3097    24.2754    325.794    310.563  336.53826     96.808     92.289     0.0806     0.1355     4.2234     0.4382 6.3424e+01        873     0.6056  0.000e+00
      7.248   71.60162 -165.30500      7.323     2.6847     2.6843     2.6843    30.4448    30.4546  1024.3097    24.2751    325.818    310.583  336.53461     96.816     92.294     0.0794     0.1282     4.2234     0.4382 6.3246e+01        874     0.6062  0.000e+00
      7.194   71.60162 -165.30500      7.269     2.6848     2.6841     2.6844    30.4442    30.4546  1024.3090    24.2746    325.621    310.600  336.53562     96.757     92.299     0.0806     0.1355     4.2234     0.4382 6.3068e+01        875     0.6069  0.000e+00
      7.310   71.60162 -165.30500      7.386     2.6850     2.6840     2.6847    30.4435    30.4538  1024.3089    24.2740    325.880    310.825  336.53526     96.834     92.365     0.0818     0.1428     4.2234     0.4382 6.2891e+01        876     0.6076  0.000e+00
      7.248   71.60162 -165.30500      7.323     2.6850     2.6846     2.6847    30.4432    30.4539  1024.3084    24.2738    325.650    310.859  336.53588     96.765     92.377     0.0806     0.1355     4.2234     0.4382 6.2891e+01        877     0.6083  0.000e+00
      7.248   71.60162 -165.30500      7.323     2.6851     2.6852     2.6847    30.4435    30.4546  1024.3086    24.2741    325.833    310.894  336.53466     96.820     92.389     0.0806     0.1355     4.2234     0.4382 6.2891e+01        878     0.6090  0.000e+00
      7.248   71.60162 -165.30500      7.323     2.6850     2.6855     2.6847    30.4437    30.4549  1024.3088    24.2742    325.830    310.933  336.53458     96.819     92.401     0.0794     0.1282     4.2234     0.4382 6.2891e+01        879     0.6097  0.000e+00
      7.310   71.60162 -165.30500      7.386     2.6852     2.6852     2.6849    30.4435    30.4549  1024.3089    24.2740    325.828    310.780  336.53338     96.819     92.355     0.0806     0.1355     4.2234     0.4382 6.2891e+01        880     0.6104  0.000e+00
      7.310   71.60162 -165.30500      7.386     2.6850     2.6843     2.6847    30.4437    30.4548  1024.3091    24.2742    325.826    310.808  336.53466     96.818     92.362     0.0794     0.1282     4.2234     0.4382 6.2714e+01        881     0.6111  0.000e+00
      7.310   71.60162 -165.30500      7.386     2.6849     2.6835     2.6845    30.4438    30.4542  1024.3092    24.2743    325.824    311.012  336.53531     96.817     92.420     0.0806     0.1355     4.2234     0.4382 6.2714e+01        882     0.6118  0.000e+00
      7.310   71.60162 -165.30500      7.386     2.6849     2.6840     2.6845    30.4443    30.4532  1024.3095    24.2747    325.821    310.829  336.53463     96.816     92.366     0.0806     0.1355     4.2234     0.4382 6.2891e+01        883     0.6125  0.000e+00
      7.310   71.60162 -165.30500      7.386     2.6850     2.6846     2.6847    30.4438    30.4533  1024.3092    24.2743    325.817    310.819  336.53436     96.815     92.364     0.0806     0.1355     4.2234     0.4382 6.2891e+01        884     0.6132  0.000e+00
      7.364   71.60162 -165.30500      7.440     2.6851     2.6852     2.6847    30.4430    30.4533  1024.3088    24.2736    325.818    310.811  336.53601     96.815     92.363     0.0806     0.1355     4.2234     0.4382 6.2891e+01        885     0.6139  0.000e+00
      7.364   71.60162 -165.30500      7.440     2.6850     2.6851     2.6847    30.4412    30.4477  1024.3074    24.2722    325.857    311.044  336.54102     96.825     92.428     0.0794     0.1282     4.2283     0.4336 6.3068e+01        886     0.6146  0.000e+00
      7.310   71.60162 -165.30500      7.386     2.6843     2.6851     2.6840    30.4404    30.4491  1024.3065    24.2716    325.862    310.857  336.54912     96.825     92.374     0.0806     0.1355     4.2308     0.4312 6.3068e+01        887     0.6153  0.000e+00
      7.395   71.60162 -165.30500      7.471     2.6839     2.6837     2.6836    30.4406    30.4512  1024.3071    24.2718    325.867    311.063  336.55179     96.825     92.433     0.0794     0.1282     4.2308     0.4312 6.3246e+01        888     0.6160  0.000e+00
      7.364   71.60162 -165.30500      7.440     2.6835     2.6824     2.6831    30.4413    30.4505  1024.3075    24.2724    325.905    311.092  336.55394     96.836     92.439     0.0794     0.1282     4.2308     0.4312 6.3424e+01        889     0.6167  0.000e+00
      7.364   71.60162 -165.30500      7.440     2.6834     2.6812     2.6830    30.4427    30.4497  1024.3087    24.2735    325.902    311.121  336.55129     96.836     92.444     0.0818     0.1428     4.2308     0.4312 6.3424e+01        890     0.6174  0.000e+00
      7.426   71.60162 -165.30500      7.503     2.6833     2.6808     2.6829    30.4437    30.4488  1024.3098    24.2744    325.903    311.144  336.54909     96.837     92.449     0.0806     0.1355     4.2308     0.4312 6.3783e+01        891     0.6181  0.000e+00
      7.426   71.60162 -165.30500      7.503     2.6832     2.6807     2.6828    30.4434    30.4494  1024.3096    24.2741    325.905    311.159  336.55074     96.837     92.454     0.0806     0.1355     4.2308     0.4312 6.3783e+01        892     0.6188  0.000e+00
      7.426   71.60162 -165.30500      7.503     2.6835     2.6807     2.6831    30.4417    30.4491  1024.3082    24.2728    325.906    311.173  336.55282     96.837     92.458     0.0794     0.1282     4.2295     0.4324 6.3962e+01        893     0.6194  0.000e+00
      7.364   71.60162 -165.30500      7.440     2.6834     2.6807     2.6830    30.4413    30.4490  1024.3075    24.2724    325.906    311.183  336.55498     96.836     92.461     0.0806     0.1355     4.2308     0.4312 6.4143e+01        894     0.6201  0.000e+00
      7.480   71.60162 -165.30500      7.557     2.6831     2.6801     2.6828    30.4414    30.4494  1024.3082    24.2725    325.875    311.205  336.55652     96.826     92.466     0.0818     0.1428     4.2308     0.4312 6.4324e+01        895     0.6208  0.000e+00
      7.426   71.60162 -165.30500      7.503     2.6830     2.6798     2.6826    30.4421    30.4497  1024.3085    24.2731    325.871    311.215  336.55592     96.825     92.468     0.0806     0.1355     4.2308     0.4312 6.4324e+01        896     0.6215  0.000e+00
      7.426   71.60162 -165.30500      7.503     2.6832     2.6796     2.6828    30.4419    30.4493  1024.3084    24.2729    325.905    311.227  336.55463     96.836     92.471     0.0806     0.1355     4.2308     0.4312 6.4687e+01        897     0.6222  0.000e+00
      7.480   71.60162 -165.30500      7.557     2.6835     2.6793     2.6831    30.4428    30.4493  1024.3093    24.2736    325.903    311.241  336.55010     96.836     92.475     0.0794     0.1282     4.2308     0.4312 6.4870e+01        898     0.6229  0.000e+00
      7.426   71.60162 -165.30500      7.503     2.6840     2.6795     2.6836    30.4439    30.4505  1024.3099    24.2745    325.893    311.242  336.54272     96.836     92.476     0.0806     0.1355     4.2308     0.4312 6.4870e+01        899     0.6236  0.000e+00
      7.480   71.60162 -165.30500      7.557     2.6843     2.6804     2.6839    30.4443    30.4513  1024.3104    24.2747    325.892    311.241  336.53958     96.836     92.479     0.0794     0.1282     4.2308     0.4312 6.5053e+01        900     0.6243  0.000e+00
      7.534   71.60162 -165.30500      7.612     2.6843     2.6812     2.6839    30.4424    30.4512  1024.3092    24.2732    325.676    311.243  336.54383     96.771     92.481     0.0806     0.1355     4.2295     0.4324 6.5236e+01        901     0.6250  0.000e+00
      7.480   71.60162 -165.30500      7.557     2.6835     2.6818     2.6831    30.4409    30.4515  1024.3077    24.2721    325.873    311.239  336.55509     96.826     92.482     0.0806     0.1355     4.2308     0.4312 6.5236e+01        902     0.6257  0.000e+00
      7.480   71.60162 -165.30500      7.557     2.6825     2.6823     2.6822    30.4393    30.4517  1024.3065    24.2709    325.925    311.239  336.56685     96.838     92.483     0.0794     0.1282     4.2308     0.4312 6.5236e+01        903     0.6264  0.000e+00
      7.480   71.60162 -165.30500      7.557     2.6816     2.6829     2.6813    30.4396    30.4513  1024.3068    24.2712    325.936    311.237  336.57381     96.839     92.483     0.0794     0.1282     4.2308     0.4312 6.5236e+01        904     0.6271  0.000e+00
      7.534   71.60162 -165.30500      7.612     2.6812     2.6830     2.6808    30.4404    30.4514  1024.3078    24.2718    325.943    311.240  336.57578     96.841     92.484     0.0781     0.1209     4.2308     0.4312 6.5236e+01        905     0.6278  0.000e+00
