EcoFOCI/data/1_SampleCollection/2023_SikuliaqDBO_CruiseData/CTD_raw_BottleFile_SKQ23-12S/proc/skq202312s_047svp.cnv
* Sea-Bird SBE 9 Data File:
* FileName = D:\CTD\SKQ202312S\SKQ202312S_047.hex
* Software Version Seasave V 7.26.7.121
* Temperature SN = 6177
* Conductivity SN = 0369
* Number of Bytes Per Scan = 41
* Number of Voltage Words = 4
* Number of Scans Averaged by the Deck Unit = 1
* NMEA Latitude = 71 43.16 N
* NMEA Longitude = 161 46.33 W
* NMEA UTC (Time) = Sep 25 2023  03:05:57
* NMEA baud rate = 4800
** Ship: R/V Sikuliaq
** Station Number: 047
** Station Name: DBO4.5n
** Bottom Depth: 44
** Operator: SS
# nquan = 7
# nvalues = 4426                                  
# units = specified
# name 0 = depSM: Depth [salt water, m]
# name 1 = latitude: Latitude [deg]
# name 2 = longitude: Longitude [deg]
# name 3 = t090C: Temperature [ITS-90, deg C]
# name 4 = sal00: Salinity, Practical [PSU]
# name 5 = svCM: Sound Velocity [Chen-Millero, m/s]
# name 6 = flag:  0.000e+00
# span 0 =      2.553,     37.926                 
# span 1 =   71.71928,   71.71930                 
# span 2 = -161.77234, -161.77228                 
# span 3 =    -0.7205,     2.3194                 
# span 4 =    27.6069,    32.6544                 
# span 5 =    1442.65,    1450.97                 
# span 6 = 0.0000e+00, 0.0000e+00                 
# interval = seconds: 0.0416667
# start_time = Sep 25 2023 03:09:44 [NMEA time, first data scan]
# bad_flag = -9.990e-29
*END*
[from data line 4103]
     35.797   71.71928 -161.77234    -0.6495    32.6471    1443.55  0.000e+00
     35.751   71.71928 -161.77234    -0.6501    32.6470    1443.55  0.000e+00
     35.813   71.71928 -161.77234    -0.6506    32.6459    1443.55  0.000e+00
     35.797   71.71928 -161.77234    -0.6518    32.6457    1443.54  0.000e+00
     35.867   71.71928 -161.77234    -0.6532    32.6461    1443.53  0.000e+00
     35.867   71.71928 -161.77234    -0.6549    32.6464    1443.53  0.000e+00
     35.859   71.71928 -161.77234    -0.6566    32.6475    1443.52  0.000e+00
     35.813   71.71928 -161.77234    -0.6573    32.6476    1443.52  0.000e+00
     35.928   71.71928 -161.77234    -0.6585    32.6479    1443.51  0.000e+00
     35.859   71.71928 -161.77234    -0.6591    32.6484    1443.51  0.000e+00
     35.928   71.71928 -161.77234    -0.6598    32.6488    1443.51  0.000e+00
     35.928   71.71928 -161.77234    -0.6605    32.6492    1443.51  0.000e+00
     35.913   71.71928 -161.77234    -0.6611    32.6494    1443.50  0.000e+00
     35.928   71.71928 -161.77234    -0.6612    32.6494    1443.50  0.000e+00
     35.982   71.71928 -161.77234    -0.6616    32.6495    1443.50  0.000e+00
     35.913   71.71928 -161.77234    -0.6620    32.6500    1443.50  0.000e+00
     36.036   71.71928 -161.77234    -0.6620    32.6497    1443.50  0.000e+00
     35.928   71.71928 -161.77234    -0.6620    32.6496    1443.50  0.000e+00
     36.029   71.71928 -161.77234    -0.6624    32.6500    1443.50  0.000e+00
     36.036   71.71928 -161.77234    -0.6622    32.6496    1443.50  0.000e+00
     36.029   71.71928 -161.77234    -0.6624    32.6499    1443.50  0.000e+00
     35.982   71.71928 -161.77234    -0.6623    32.6500    1443.50  0.000e+00
     36.098   71.71928 -161.77234    -0.6624    32.6499    1443.50  0.000e+00
     36.029   71.71928 -161.77234    -0.6624    32.6500    1443.50  0.000e+00
     36.098   71.71928 -161.77234    -0.6626    32.6502    1443.50  0.000e+00
     36.098   71.71928 -161.77234    -0.6627    32.6502    1443.50  0.000e+00
     36.083   71.71928 -161.77234    -0.6627    32.6500    1443.50  0.000e+00
     36.098   71.71928 -161.77234    -0.6627    32.6500    1443.50  0.000e+00
     36.152   71.71928 -161.77234    -0.6626    32.6496    1443.50  0.000e+00
     36.083   71.71928 -161.77234    -0.6628    32.6492    1443.50  0.000e+00
     36.152   71.71928 -161.77234    -0.6633    32.6499    1443.50  0.000e+00
     36.152   71.71928 -161.77234    -0.6636    32.6499    1443.50  0.000e+00
     36.198   71.71928 -161.77234    -0.6639    32.6499    1443.49  0.000e+00
     36.152   71.71928 -161.77234    -0.6642    32.6499    1443.49  0.000e+00
     36.214   71.71928 -161.77234    -0.6640    32.6498    1443.49  0.000e+00
     36.198   71.71928 -161.77234    -0.6642    32.6497    1443.49  0.000e+00
     36.214   71.71928 -161.77234    -0.6645    32.6498    1443.49  0.000e+00
     36.268   71.71928 -161.77234    -0.6647    32.6502    1443.49  0.000e+00
     36.198   71.71928 -161.77234    -0.6648    32.6498    1443.49  0.000e+00
     36.268   71.71928 -161.77234    -0.6650    32.6498    1443.49  0.000e+00
     36.214   71.71928 -161.77234    -0.6648    32.6498    1443.49  0.000e+00
     36.314   71.71928 -161.77234    -0.6653    32.6501    1443.49  0.000e+00
     36.268   71.71928 -161.77234    -0.6651    32.6499    1443.49  0.000e+00
     36.330   71.71928 -161.77234    -0.6653    32.6501    1443.49  0.000e+00
     36.314   71.71928 -161.77234    -0.6653    32.6500    1443.49  0.000e+00
     36.268   71.71928 -161.77234    -0.6653    32.6501    1443.49  0.000e+00
     36.330   71.71928 -161.77234    -0.6653    32.6501    1443.49  0.000e+00
     36.376   71.71928 -161.77234    -0.6654    32.6500    1443.49  0.000e+00
     36.330   71.71928 -161.77234    -0.6654    32.6495    1443.49  0.000e+00
     36.384   71.71928 -161.77234    -0.6656    32.6501    1443.49  0.000e+00
     36.376   71.71928 -161.77234    -0.6654    32.6495    1443.49  0.000e+00
     36.330   71.71928 -161.77234    -0.6654    32.6497    1443.49  0.000e+00
     36.438   71.71928 -161.77234    -0.6657    32.6504    1443.49  0.000e+00
     36.376   71.71928 -161.77234    -0.6656    32.6499    1443.49  0.000e+00
     36.384   71.71928 -161.77234    -0.6654    32.6496    1443.49  0.000e+00
     36.438   71.71928 -161.77234    -0.6657    32.6496    1443.49  0.000e+00
     36.430   71.71928 -161.77234    -0.6658    32.6497    1443.49  0.000e+00
     36.384   71.71928 -161.77234    -0.6660    32.6503    1443.49  0.000e+00
     36.438   71.71928 -161.77234    -0.6657    32.6497    1443.49  0.000e+00
     36.484   71.71928 -161.77234    -0.6658    32.6499    1443.49  0.000e+00
     36.438   71.71928 -161.77234    -0.6659    32.6502    1443.49  0.000e+00
     36.438   71.71928 -161.77234    -0.6659    32.6503    1443.49  0.000e+00
     36.484   71.71928 -161.77234    -0.6659    32.6501    1443.49  0.000e+00
     36.499   71.71928 -161.77234    -0.6658    32.6500    1443.49  0.000e+00
     36.499   71.71928 -161.77234    -0.6659    32.6502    1443.49  0.000e+00
     36.484   71.71928 -161.77234    -0.6659    32.6503    1443.49  0.000e+00
     36.499   71.71928 -161.77234    -0.6657    32.6499    1443.49  0.000e+00
     36.499   71.71928 -161.77234    -0.6657    32.6500    1443.49  0.000e+00
     36.484   71.71928 -161.77234    -0.6657    32.6501    1443.49  0.000e+00
     36.553   71.71928 -161.77234    -0.6657    32.6501    1443.49  0.000e+00
     36.499   71.71928 -161.77234    -0.6658    32.6502    1443.49  0.000e+00
     36.546   71.71928 -161.77234    -0.6657    32.6503    1443.49  0.000e+00
     36.499   71.71928 -161.77234    -0.6657    32.6500    1443.49  0.000e+00
     36.553   71.71928 -161.77234    -0.6657    32.6496    1443.49  0.000e+00
     36.546   71.71928 -161.77234    -0.6659    32.6499    1443.49  0.000e+00
     36.553   71.71928 -161.77234    -0.6656    32.6496    1443.49  0.000e+00
     36.553   71.71928 -161.77234    -0.6657    32.6500    1443.49  0.000e+00
     36.599   71.71928 -161.77234    -0.6657    32.6498    1443.49  0.000e+00
     36.553   71.71928 -161.77234    -0.6657    32.6503    1443.49  0.000e+00
     36.615   71.71928 -161.77234    -0.6654    32.6498    1443.49  0.000e+00
     36.546   71.71928 -161.77234    -0.6657    32.6501    1443.49  0.000e+00
     36.615   71.71928 -161.77234    -0.6657    32.6498    1443.49  0.000e+00
     36.615   71.71928 -161.77234    -0.6659    32.6502    1443.49  0.000e+00
     36.599   71.71928 -161.77234    -0.6656    32.6501    1443.49  0.000e+00
     36.553   71.71928 -161.77234    -0.6657    32.6500    1443.49  0.000e+00
     36.615   71.71928 -161.77234    -0.6656    32.6496    1443.49  0.000e+00
     36.661   71.71928 -161.77234    -0.6656    32.6496    1443.49  0.000e+00
     36.615   71.71928 -161.77234    -0.6657    32.6500    1443.49  0.000e+00
     36.615   71.71928 -161.77234    -0.6657    32.6498    1443.49  0.000e+00
     36.599   71.71928 -161.77234    -0.6654    32.6495    1443.49  0.000e+00
     36.669   71.71928 -161.77234    -0.6660    32.6505    1443.49  0.000e+00
     36.669   71.71928 -161.77234    -0.6656    32.6499    1443.49  0.000e+00
     36.599   71.71928 -161.77234    -0.6657    32.6501    1443.49  0.000e+00
     36.669   71.71928 -161.77234    -0.6656    32.6498    1443.49  0.000e+00
     36.669   71.71928 -161.77234    -0.6657    32.6503    1443.49  0.000e+00
     36.599   71.71928 -161.77234    -0.6656    32.6502    1443.49  0.000e+00
     36.669   71.71928 -161.77234    -0.6659    32.6507    1443.49  0.000e+00
     36.669   71.71928 -161.77234    -0.6656    32.6502    1443.50  0.000e+00
     36.731   71.71928 -161.77234    -0.6656    32.6499    1443.50  0.000e+00
     36.661   71.71928 -161.77234    -0.6657    32.6500    1443.49  0.000e+00
     36.669   71.71928 -161.77234    -0.6656    32.6501    1443.50  0.000e+00
     36.731   71.71928 -161.77234    -0.6656    32.6499    1443.50  0.000e+00
     36.715   71.71928 -161.77234    -0.6656    32.6500    1443.50  0.000e+00
     36.669   71.71928 -161.77234    -0.6656    32.6501    1443.50  0.000e+00
     36.731   71.71928 -161.77234    -0.6657    32.6503    1443.50  0.000e+00
     36.715   71.71928 -161.77234    -0.6657    32.6501    1443.50  0.000e+00
     36.731   71.71928 -161.77234    -0.6657    32.6502    1443.50  0.000e+00
     36.669   71.71928 -161.77234    -0.6656    32.6499    1443.49  0.000e+00
     36.777   71.71928 -161.77234    -0.6657    32.6502    1443.50  0.000e+00
     36.731   71.71928 -161.77234    -0.6656    32.6499    1443.50  0.000e+00
     36.731   71.71928 -161.77234    -0.6656    32.6494    1443.50  0.000e+00
     36.777   71.71928 -161.77234    -0.6657    32.6498    1443.50  0.000e+00
     36.785   71.71928 -161.77234    -0.6656    32.6498    1443.50  0.000e+00
     36.731   71.71928 -161.77234    -0.6656    32.6496    1443.50  0.000e+00
     36.777   71.71928 -161.77234    -0.6656    32.6495    1443.50  0.000e+00
     36.785   71.71928 -161.77234    -0.6656    32.6497    1443.50  0.000e+00
     36.785   71.71928 -161.77234    -0.6657    32.6495    1443.50  0.000e+00
     36.777   71.71928 -161.77234    -0.6656    32.6494    1443.50  0.000e+00
     36.785   71.71928 -161.77234    -0.6657    32.6497    1443.50  0.000e+00
     36.839   71.71928 -161.77234    -0.6657    32.6497    1443.50  0.000e+00
     36.831   71.71928 -161.77234    -0.6659    32.6498    1443.50  0.000e+00
     36.839   71.71928 -161.77234    -0.6657    32.6494    1443.50  0.000e+00
     36.785   71.71928 -161.77234    -0.6660    32.6494    1443.49  0.000e+00
     36.885   71.71928 -161.77234    -0.6659    32.6481    1443.49  0.000e+00
     36.839   71.71928 -161.77234    -0.6660    32.6492    1443.49  0.000e+00
     36.839   71.71928 -161.77234    -0.6658    32.6497    1443.50  0.000e+00
     36.885   71.71928 -161.77234    -0.6662    32.6499    1443.50  0.000e+00
     36.839   71.71928 -161.77234    -0.6660    32.6497    1443.50  0.000e+00
     36.900   71.71928 -161.77234    -0.6660    32.6498    1443.50  0.000e+00
     36.885   71.71928 -161.77234    -0.6657    32.6492    1443.50  0.000e+00
     36.900   71.71928 -161.77234    -0.6662    32.6499    1443.50  0.000e+00
     36.954   71.71928 -161.77234    -0.6659    32.6493    1443.50  0.000e+00
     36.947   71.71928 -161.77234    -0.6658    32.6498    1443.50  0.000e+00
     36.900   71.71928 -161.77234    -0.6660    32.6495    1443.50  0.000e+00
     36.954   71.71928 -161.77234    -0.6659    32.6498    1443.50  0.000e+00
     36.885   71.71928 -161.77234    -0.6660    32.6498    1443.50  0.000e+00
     37.016   71.71928 -161.77234    -0.6658    32.6496    1443.50  0.000e+00
     36.954   71.71928 -161.77234    -0.6660    32.6496    1443.50  0.000e+00
     37.016   71.71928 -161.77234    -0.6659    32.6494    1443.50  0.000e+00
     37.001   71.71928 -161.77234    -0.6660    32.6496    1443.50  0.000e+00
     37.016   71.71928 -161.77234    -0.6662    32.6497    1443.50  0.000e+00
     37.016   71.71928 -161.77234    -0.6662    32.6493    1443.50  0.000e+00
     37.062   71.71928 -161.77234    -0.6664    32.6497    1443.50  0.000e+00
     37.016   71.71928 -161.77234    -0.6664    32.6497    1443.50  0.000e+00
     37.070   71.71928 -161.77234    -0.6665    32.6495    1443.50  0.000e+00
     37.062   71.71928 -161.77234    -0.6666    32.6490    1443.50  0.000e+00
     37.070   71.71928 -161.77234    -0.6665    32.6494    1443.50  0.000e+00
     37.132   71.71928 -161.77234    -0.6666    32.6496    1443.50  0.000e+00
     37.062   71.71928 -161.77234    -0.6666    32.6494    1443.50  0.000e+00
     37.132   71.71928 -161.77234    -0.6668    32.6495    1443.50  0.000e+00
     37.132   71.71928 -161.77234    -0.6668    32.6497    1443.50  0.000e+00
     37.116   71.71928 -161.77234    -0.6671    32.6501    1443.50  0.000e+00
     37.186   71.71928 -161.77234    -0.6668    32.6495    1443.50  0.000e+00
     37.186   71.71928 -161.77234    -0.6669    32.6496    1443.50  0.000e+00
     37.178   71.71928 -161.77234    -0.6670    32.6498    1443.50  0.000e+00
     37.132   71.71928 -161.77234    -0.6668    32.6498    1443.50  0.000e+00
     37.240   71.71928 -161.77234    -0.6671    32.6494    1443.50  0.000e+00
     37.232   71.71928 -161.77234    -0.6674    32.6495    1443.49  0.000e+00
     37.186   71.71928 -161.77234    -0.6674    32.6495    1443.49  0.000e+00
     37.240   71.71928 -161.77234    -0.6676    32.6492    1443.49  0.000e+00
     37.240   71.71928 -161.77234    -0.6679    32.6492    1443.49  0.000e+00
     37.286   71.71928 -161.77234    -0.6683    32.6496    1443.49  0.000e+00
     37.240   71.71928 -161.77234    -0.6685    32.6491    1443.49  0.000e+00
     37.301   71.71928 -161.77234    -0.6688    32.6489    1443.49  0.000e+00
     37.286   71.71928 -161.77234    -0.6693    32.6494    1443.49  0.000e+00
     37.301   71.71928 -161.77234    -0.6695    32.6491    1443.49  0.000e+00
     37.355   71.71928 -161.77234    -0.6699    32.6496    1443.49  0.000e+00
     37.348   71.71928 -161.77234    -0.6703    32.6491    1443.48  0.000e+00
     37.301   71.71928 -161.77234    -0.6708    32.6493    1443.48  0.000e+00
     37.355   71.71928 -161.77234    -0.6712    32.6502    1443.48  0.000e+00
     37.402   71.71928 -161.77234    -0.6711    32.6497    1443.48  0.000e+00
     37.355   71.71928 -161.77234    -0.6717    32.6498    1443.48  0.000e+00
     37.355   71.71928 -161.77234    -0.6714    32.6496    1443.48  0.000e+00
     37.463   71.71928 -161.77234    -0.6719    32.6497    1443.48  0.000e+00
     37.417   71.71928 -161.77234    -0.6719    32.6496    1443.48  0.000e+00
     37.417   71.71928 -161.77234    -0.6720    32.6497    1443.48  0.000e+00
     37.417   71.71928 -161.77234    -0.6724    32.6496    1443.47  0.000e+00
     37.463   71.71928 -161.77234    -0.6722    32.6492    1443.48  0.000e+00
     37.471   71.71928 -161.77234    -0.6725    32.6494    1443.47  0.000e+00
     37.417   71.71928 -161.77234    -0.6728    32.6494    1443.47  0.000e+00
     37.517   71.71928 -161.77234    -0.6729    32.6490    1443.47  0.000e+00
     37.471   71.71928 -161.77234    -0.6734    32.6492    1443.47  0.000e+00
     37.471   71.71928 -161.77234    -0.6739    32.6496    1443.47  0.000e+00
     37.517   71.71928 -161.77234    -0.6740    32.6495    1443.47  0.000e+00
     37.533   71.71928 -161.77234    -0.6741    32.6498    1443.47  0.000e+00
     37.533   71.71928 -161.77234    -0.6743    32.6499    1443.47  0.000e+00
     37.517   71.71928 -161.77234    -0.6744    32.6496    1443.47  0.000e+00
     37.587   71.71928 -161.77234    -0.6745    32.6497    1443.47  0.000e+00
     37.533   71.71928 -161.77234    -0.6748    32.6496    1443.47  0.000e+00
     37.579   71.71928 -161.77234    -0.6747    32.6495    1443.47  0.000e+00
     37.587   71.71928 -161.77234    -0.6748    32.6494    1443.47  0.000e+00
     37.533   71.71928 -161.77234    -0.6748    32.6496    1443.47  0.000e+00
     37.587   71.71928 -161.77234    -0.6748    32.6498    1443.47  0.000e+00
     37.633   71.71928 -161.77234    -0.6746    32.6490    1443.47  0.000e+00
     37.587   71.71928 -161.77234    -0.6748    32.6491    1443.47  0.000e+00
     37.587   71.71928 -161.77234    -0.6745    32.6492    1443.47  0.000e+00
     37.633   71.71928 -161.77234    -0.6747    32.6498    1443.47  0.000e+00
     37.641   71.71928 -161.77234    -0.6746    32.6495    1443.47  0.000e+00
     37.641   71.71928 -161.77234    -0.6748    32.6499    1443.47  0.000e+00
     37.633   71.71928 -161.77234    -0.6745    32.6497    1443.47  0.000e+00
     37.641   71.71928 -161.77234    -0.6748    32.6500    1443.47  0.000e+00
     37.641   71.71928 -161.77234    -0.6749    32.6497    1443.47  0.000e+00
     37.695   71.71928 -161.77234    -0.6750    32.6493    1443.47  0.000e+00
     37.641   71.71928 -161.77234    -0.6752    32.6491    1443.46  0.000e+00
