EcoFOCI/data/1_SampleCollection/2023_SikuliaqDBO_CruiseData/CTD_raw_BottleFile_SKQ23-12S/proc/skq202312s_025svp.cnv
* Sea-Bird SBE 9 Data File:
* FileName = D:\CTD\SKQ202312S\SKQ202312S_025.hex
* Software Version Seasave V 7.26.7.121
* Temperature SN = 6177
* Conductivity SN = 0369
* Number of Bytes Per Scan = 41
* Number of Voltage Words = 4
* Number of Scans Averaged by the Deck Unit = 1
* NMEA Latitude = 71 14.81 N
* NMEA Longitude = 157 09.84 W
* NMEA UTC (Time) = Sep 20 2023  21:07:47
* NMEA baud rate = 4800
** Ship: R/V Sikuliaq
** Station Number: 025
** Station Name: DBO5.1
** Bottom Depth: 46
** Operator: SD
# nquan = 7
# nvalues = 4850                                  
# units = specified
# name 0 = depSM: Depth [salt water, m]
# name 1 = latitude: Latitude [deg]
# name 2 = longitude: Longitude [deg]
# name 3 = t090C: Temperature [ITS-90, deg C]
# name 4 = sal00: Salinity, Practical [PSU]
# name 5 = svCM: Sound Velocity [Chen-Millero, m/s]
# name 6 = flag:  0.000e+00
# span 0 =      1.605,     41.238                 
# span 1 =   71.24684,   71.24686                 
# span 2 = -157.16436, -157.16418                 
# span 3 =     2.4755,     4.5770                 
# span 4 =    30.1353,    31.6743                 
# span 5 =    1456.48,    1463.44                 
# span 6 = 0.0000e+00, 0.0000e+00                 
# interval = seconds: 0.0416667
# start_time = Sep 20 2023 21:11:24 [NMEA time, first data scan]
# bad_flag = -9.990e-29
*END*
[from data line 3488]
     35.855   71.24684 -157.16430     3.6390    31.3325    1460.97  0.000e+00
     35.909   71.24684 -157.16430     3.6383    31.3344    1460.97  0.000e+00
     35.847   71.24684 -157.16430     3.6401    31.3334    1460.97  0.000e+00
     35.855   71.24684 -157.16430     3.6403    31.3328    1460.97  0.000e+00
     35.855   71.24684 -157.16430     3.6412    31.3354    1460.98  0.000e+00
     35.855   71.24684 -157.16430     3.6455    31.3375    1461.00  0.000e+00
     35.847   71.24684 -157.16430     3.6513    31.3359    1461.03  0.000e+00
     35.855   71.24684 -157.16430     3.6565    31.3322    1461.04  0.000e+00
     35.855   71.24684 -157.16430     3.6603    31.3286    1461.05  0.000e+00
     35.785   71.24684 -157.16430     3.6633    31.3260    1461.06  0.000e+00
     35.793   71.24684 -157.16430     3.6655    31.3240    1461.07  0.000e+00
     35.793   71.24684 -157.16430     3.6668    31.3228    1461.07  0.000e+00
     35.793   71.24684 -157.16430     3.6677    31.3222    1461.08  0.000e+00
     35.785   71.24684 -157.16430     3.6683    31.3206    1461.08  0.000e+00
     35.739   71.24684 -157.16430     3.6682    31.3194    1461.07  0.000e+00
     35.739   71.24684 -157.16430     3.6683    31.3192    1461.07  0.000e+00
     35.793   71.24684 -157.16430     3.6691    31.3190    1461.08  0.000e+00
     35.731   71.24684 -157.16430     3.6704    31.3193    1461.08  0.000e+00
     35.685   71.24684 -157.16430     3.6718    31.3191    1461.09  0.000e+00
     35.739   71.24684 -157.16430     3.6716    31.3193    1461.09  0.000e+00
     35.739   71.24684 -157.16430     3.6727    31.3185    1461.09  0.000e+00
     35.670   71.24684 -157.16430     3.6754    31.3167    1461.10  0.000e+00
     35.739   71.24684 -157.16430     3.6773    31.3145    1461.11  0.000e+00
     35.685   71.24684 -157.16430     3.6761    31.3149    1461.10  0.000e+00
     35.731   71.24684 -157.16430     3.6741    31.3152    1461.09  0.000e+00
     35.623   71.24684 -157.16430     3.6727    31.3167    1461.09  0.000e+00
     35.739   71.24684 -157.16430     3.6722    31.3174    1461.09  0.000e+00
     35.685   71.24684 -157.16430     3.6733    31.3151    1461.09  0.000e+00
     35.670   71.24684 -157.16430     3.6732    31.3144    1461.09  0.000e+00
     35.685   71.24684 -157.16430     3.6738    31.3145    1461.09  0.000e+00
     35.623   71.24684 -157.16430     3.6757    31.3151    1461.10  0.000e+00
     35.685   71.24684 -157.16430     3.6796    31.3135    1461.11  0.000e+00
     35.670   71.24684 -157.16430     3.6844    31.3106    1461.13  0.000e+00
     35.685   71.24684 -157.16430     3.6879    31.3090    1461.14  0.000e+00
     35.685   71.24684 -157.16430     3.6910    31.3067    1461.15  0.000e+00
     35.670   71.24684 -157.16430     3.6918    31.3048    1461.15  0.000e+00
     35.623   71.24684 -157.16430     3.6874    31.3062    1461.14  0.000e+00
     35.685   71.24684 -157.16430     3.6825    31.3094    1461.12  0.000e+00
     35.685   71.24684 -157.16430     3.6792    31.3122    1461.11  0.000e+00
     35.670   71.24684 -157.16430     3.6769    31.3147    1461.10  0.000e+00
     35.685   71.24684 -157.16430     3.6765    31.3160    1461.10  0.000e+00
     35.685   71.24684 -157.16430     3.6779    31.3154    1461.11  0.000e+00
     35.623   71.24684 -157.16430     3.6787    31.3142    1461.11  0.000e+00
     35.670   71.24684 -157.16430     3.6771    31.3146    1461.10  0.000e+00
     35.685   71.24684 -157.16430     3.6754    31.3159    1461.10  0.000e+00
     35.623   71.24684 -157.16430     3.6743    31.3166    1461.09  0.000e+00
     35.685   71.24684 -157.16430     3.6738    31.3175    1461.09  0.000e+00
     35.670   71.24684 -157.16430     3.6730    31.3192    1461.09  0.000e+00
     35.685   71.24684 -157.16430     3.6727    31.3197    1461.09  0.000e+00
     35.739   71.24684 -157.16430     3.6727    31.3198    1461.09  0.000e+00
     35.670   71.24684 -157.16430     3.6727    31.3198    1461.09  0.000e+00
     35.685   71.24684 -157.16430     3.6730    31.3184    1461.09  0.000e+00
     35.739   71.24684 -157.16430     3.6725    31.3178    1461.09  0.000e+00
     35.739   71.24684 -157.16430     3.6729    31.3175    1461.09  0.000e+00
     35.731   71.24684 -157.16430     3.6725    31.3179    1461.09  0.000e+00
     35.685   71.24684 -157.16430     3.6730    31.3182    1461.09  0.000e+00
     35.739   71.24684 -157.16430     3.6740    31.3182    1461.10  0.000e+00
     35.793   71.24684 -157.16430     3.6743    31.3175    1461.10  0.000e+00
     35.731   71.24684 -157.16430     3.6743    31.3160    1461.10  0.000e+00
     35.739   71.24684 -157.16430     3.6738    31.3172    1461.09  0.000e+00
     35.793   71.24684 -157.16430     3.6741    31.3190    1461.10  0.000e+00
     35.785   71.24684 -157.16430     3.6741    31.3194    1461.10  0.000e+00
     35.793   71.24684 -157.16430     3.6735    31.3193    1461.10  0.000e+00
     35.855   71.24684 -157.16430     3.6732    31.3190    1461.10  0.000e+00
     35.793   71.24684 -157.16430     3.6730    31.3192    1461.10  0.000e+00
     35.847   71.24684 -157.16430     3.6724    31.3197    1461.09  0.000e+00
     35.855   71.24684 -157.16430     3.6719    31.3197    1461.09  0.000e+00
     35.909   71.24684 -157.16430     3.6714    31.3203    1461.09  0.000e+00
     35.855   71.24684 -157.16430     3.6716    31.3204    1461.09  0.000e+00
     35.901   71.24684 -157.16430     3.6718    31.3205    1461.09  0.000e+00
     35.909   71.24684 -157.16430     3.6718    31.3202    1461.09  0.000e+00
     35.909   71.24684 -157.16430     3.6714    31.3212    1461.09  0.000e+00
     35.909   71.24684 -157.16430     3.6704    31.3212    1461.09  0.000e+00
     36.017   71.24684 -157.16430     3.6678    31.3225    1461.08  0.000e+00
     35.970   71.24684 -157.16430     3.6639    31.3227    1461.06  0.000e+00
     35.970   71.24684 -157.16430     3.6577    31.3242    1461.04  0.000e+00
     36.024   71.24684 -157.16430     3.6516    31.3270    1461.02  0.000e+00
     36.071   71.24684 -157.16430     3.6472    31.3300    1461.00  0.000e+00
     36.024   71.24684 -157.16430     3.6431    31.3323    1460.99  0.000e+00
     36.086   71.24684 -157.16430     3.6393    31.3338    1460.98  0.000e+00
     36.132   71.24684 -157.16430     3.6358    31.3355    1460.96  0.000e+00
     36.140   71.24684 -157.16430     3.6322    31.3366    1460.95  0.000e+00
     36.140   71.24684 -157.16430     3.6279    31.3358    1460.93  0.000e+00
     36.140   71.24684 -157.16430     3.6209    31.3369    1460.90  0.000e+00
     36.186   71.24684 -157.16430     3.6154    31.3391    1460.88  0.000e+00
     36.256   71.24684 -157.16430     3.6119    31.3402    1460.87  0.000e+00
     36.256   71.24684 -157.16430     3.6078    31.3413    1460.85  0.000e+00
     36.256   71.24684 -157.16430     3.6012    31.3421    1460.83  0.000e+00
     36.302   71.24684 -157.16430     3.5928    31.3452    1460.80  0.000e+00
     36.310   71.24684 -157.16430     3.5860    31.3485    1460.77  0.000e+00
     36.310   71.24684 -157.16430     3.5819    31.3515    1460.76  0.000e+00
     36.371   71.24684 -157.16430     3.5800    31.3535    1460.75  0.000e+00
     36.364   71.24684 -157.16430     3.5786    31.3547    1460.75  0.000e+00
     36.425   71.24684 -157.16430     3.5777    31.3558    1460.75  0.000e+00
     36.425   71.24684 -157.16430     3.5773    31.3560    1460.75  0.000e+00
     36.425   71.24684 -157.16430     3.5768    31.3558    1460.74  0.000e+00
     36.472   71.24684 -157.16430     3.5760    31.3555    1460.74  0.000e+00
     36.541   71.24684 -157.16430     3.5743    31.3515    1460.73  0.000e+00
     36.541   71.24684 -157.16430     3.5656    31.3480    1460.69  0.000e+00
     36.541   71.24684 -157.16430     3.5540    31.3517    1460.64  0.000e+00
     36.533   71.24684 -157.16430     3.5481    31.3559    1460.62  0.000e+00
     36.595   71.24684 -157.16430     3.5432    31.3596    1460.61  0.000e+00
     36.595   71.24684 -157.16430     3.5386    31.3627    1460.59  0.000e+00
     36.657   71.24684 -157.16430     3.5339    31.3649    1460.58  0.000e+00
     36.649   71.24684 -157.16430     3.5293    31.3667    1460.56  0.000e+00
     36.657   71.24684 -157.16430     3.5235    31.3679    1460.54  0.000e+00
     36.711   71.24684 -157.16430     3.5165    31.3709    1460.51  0.000e+00
     36.711   71.24684 -157.16430     3.5116    31.3722    1460.49  0.000e+00
     36.765   71.24684 -157.16430     3.5065    31.3750    1460.48  0.000e+00
     36.773   71.24684 -157.16430     3.5036    31.3772    1460.47  0.000e+00
     36.773   71.24684 -157.16430     3.5036    31.3787    1460.47  0.000e+00
     36.827   71.24684 -157.16430     3.5036    31.3784    1460.47  0.000e+00
     36.881   71.24684 -157.16430     3.5032    31.3771    1460.47  0.000e+00
     36.827   71.24684 -157.16430     3.5022    31.3762    1460.46  0.000e+00
     36.888   71.24684 -157.16430     3.5008    31.3759    1460.45  0.000e+00
     36.888   71.24684 -157.16430     3.4976    31.3769    1460.44  0.000e+00
     36.935   71.24684 -157.16430     3.4954    31.3778    1460.43  0.000e+00
     36.888   71.24684 -157.16430     3.4935    31.3782    1460.43  0.000e+00
     36.942   71.24684 -157.16430     3.4895    31.3790    1460.41  0.000e+00
     36.996   71.24684 -157.16430     3.4850    31.3801    1460.39  0.000e+00
     36.935   71.24684 -157.16430     3.4822    31.3815    1460.38  0.000e+00
     36.996   71.24684 -157.16430     3.4804    31.3827    1460.38  0.000e+00
     36.996   71.24684 -157.16430     3.4792    31.3832    1460.37  0.000e+00
     36.996   71.24684 -157.16430     3.4779    31.3838    1460.37  0.000e+00
     37.050   71.24684 -157.16430     3.4775    31.3839    1460.37  0.000e+00
     37.058   71.24684 -157.16430     3.4754    31.3844    1460.36  0.000e+00
     36.996   71.24684 -157.16430     3.4730    31.3849    1460.35  0.000e+00
     37.112   71.24684 -157.16430     3.4709    31.3855    1460.34  0.000e+00
     37.058   71.24684 -157.16430     3.4690    31.3870    1460.34  0.000e+00
     37.104   71.24684 -157.16430     3.4677    31.3870    1460.33  0.000e+00
     37.112   71.24684 -157.16430     3.4644    31.3879    1460.32  0.000e+00
     37.112   71.24684 -157.16430     3.4619    31.3898    1460.31  0.000e+00
     37.112   71.24684 -157.16430     3.4617    31.3926    1460.31  0.000e+00
     37.104   71.24684 -157.16430     3.4650    31.3909    1460.32  0.000e+00
     37.112   71.24684 -157.16430     3.4637    31.3834    1460.31  0.000e+00
     37.174   71.24684 -157.16430     3.4491    31.3810    1460.25  0.000e+00
     37.112   71.24684 -157.16430     3.4303    31.3893    1460.17  0.000e+00
     37.166   71.24684 -157.16430     3.4202    31.3969    1460.14  0.000e+00
     37.174   71.24684 -157.16430     3.4170    31.4031    1460.14  0.000e+00
     37.174   71.24684 -157.16430     3.4208    31.4042    1460.15  0.000e+00
     37.112   71.24684 -157.16430     3.4241    31.4008    1460.16  0.000e+00
     37.220   71.24684 -157.16430     3.4235    31.3994    1460.16  0.000e+00
     37.174   71.24684 -157.16430     3.4252    31.3987    1460.17  0.000e+00
     37.174   71.24684 -157.16430     3.4288    31.3950    1460.18  0.000e+00
     37.174   71.24684 -157.16430     3.4260    31.3921    1460.16  0.000e+00
     37.166   71.24684 -157.16430     3.4153    31.3964    1460.12  0.000e+00
     37.228   71.24684 -157.16430     3.4012    31.4057    1460.07  0.000e+00
     37.174   71.24684 -157.16430     3.3898    31.4153    1460.04  0.000e+00
     37.174   71.24684 -157.16430     3.3816    31.4244    1460.01  0.000e+00
     37.104   71.24684 -157.16430     3.3806    31.4261    1460.01  0.000e+00
     37.289   71.24684 -157.16430     3.3849    31.4208    1460.02  0.000e+00
     37.174   71.24684 -157.16430     3.3833    31.4196    1460.01  0.000e+00
     37.174   71.24684 -157.16430     3.3807    31.4200    1460.00  0.000e+00
     37.174   71.24684 -157.16430     3.3828    31.4237    1460.02  0.000e+00
     37.166   71.24684 -157.16430     3.3955    31.4200    1460.07  0.000e+00
     37.228   71.24684 -157.16430     3.4082    31.4142    1460.11  0.000e+00
     37.174   71.24684 -157.16430     3.4193    31.4120    1460.16  0.000e+00
     37.174   71.24684 -157.16430     3.4307    31.4083    1460.20  0.000e+00
     37.166   71.24684 -157.16430     3.4405    31.3999    1460.23  0.000e+00
     37.174   71.24684 -157.16430     3.4421    31.3919    1460.23  0.000e+00
     37.174   71.24684 -157.16430     3.4349    31.3927    1460.20  0.000e+00
     37.174   71.24684 -157.16430     3.4293    31.3940    1460.18  0.000e+00
     37.166   71.24684 -157.16430     3.4227    31.3873    1460.14  0.000e+00
     37.112   71.24684 -157.16430     3.4029    31.3939    1460.06  0.000e+00
     37.174   71.24684 -157.16430     3.3856    31.4025    1460.00  0.000e+00
     37.174   71.24684 -157.16430     3.3745    31.4121    1459.97  0.000e+00
     37.166   71.24684 -157.16430     3.3763    31.4160    1459.98  0.000e+00
     37.112   71.24684 -157.16430     3.3854    31.4159    1460.02  0.000e+00
     37.174   71.24684 -157.16430     3.3938    31.4144    1460.05  0.000e+00
     37.112   71.24684 -157.16430     3.3997    31.4136    1460.08  0.000e+00
     37.104   71.24684 -157.16430     3.4091    31.4096    1460.11  0.000e+00
     37.112   71.24684 -157.16430     3.4180    31.4018    1460.14  0.000e+00
     37.174   71.24684 -157.16430     3.4203    31.3965    1460.14  0.000e+00
     37.112   71.24684 -157.16430     3.4171    31.3957    1460.13  0.000e+00
     37.112   71.24684 -157.16430     3.4132    31.3965    1460.11  0.000e+00
     37.104   71.24684 -157.16430     3.4099    31.3987    1460.10  0.000e+00
     37.112   71.24684 -157.16430     3.4074    31.4014    1460.09  0.000e+00
     37.112   71.24684 -157.16430     3.4052    31.4022    1460.08  0.000e+00
     37.112   71.24684 -157.16430     3.4047    31.3972    1460.08  0.000e+00
     37.104   71.24684 -157.16430     3.3953    31.3905    1460.03  0.000e+00
     37.112   71.24684 -157.16430     3.3684    31.3932    1459.92  0.000e+00
     37.058   71.24684 -157.16430     3.3397    31.4051    1459.81  0.000e+00
     37.112   71.24684 -157.16430     3.3198    31.4245    1459.75  0.000e+00
     37.104   71.24684 -157.16430     3.3218    31.4449    1459.78  0.000e+00
     37.058   71.24684 -157.16430     3.3489    31.4471    1459.90  0.000e+00
     37.112   71.24684 -157.16430     3.3785    31.4262    1460.00  0.000e+00
     37.112   71.24684 -157.16430     3.3844    31.4122    1460.01  0.000e+00
     37.104   71.24684 -157.16430     3.3779    31.4125    1459.98  0.000e+00
     37.058   71.24684 -157.16430     3.3716    31.4241    1459.97  0.000e+00
     37.112   71.24684 -157.16430     3.3756    31.4272    1459.99  0.000e+00
     37.112   71.24684 -157.16430     3.3826    31.4284    1460.02  0.000e+00
     37.104   71.24684 -157.16430     3.4012    31.4242    1460.10  0.000e+00
     37.058   71.24684 -157.16430     3.4268    31.4010    1460.17  0.000e+00
     37.112   71.24684 -157.16430     3.4388    31.3811    1460.20  0.000e+00
     37.112   71.24684 -157.16430     3.4359    31.3870    1460.20  0.000e+00
     37.112   71.24684 -157.16430     3.4362    31.4015    1460.22  0.000e+00
     37.104   71.24684 -157.16430     3.4446    31.4041    1460.25  0.000e+00
     37.112   71.24684 -157.16430     3.4565    31.4082    1460.31  0.000e+00
     37.112   71.24684 -157.16430     3.4740    31.4091    1460.39  0.000e+00
     37.112   71.24684 -157.16430     3.4944    31.4006    1460.46  0.000e+00
     37.166   71.24684 -157.16430     3.5144    31.3835    1460.53  0.000e+00
     37.112   71.24684 -157.16430     3.5205    31.3752    1460.54  0.000e+00
     37.112   71.24684 -157.16430     3.5232    31.3720    1460.55  0.000e+00
     37.174   71.24684 -157.16430     3.5282    31.3697    1460.57  0.000e+00
