EcoFOCI/data/1_SampleCollection/2023_SikuliaqDBO_CruiseData/CTD_raw_BottleFile_SKQ23-12S/proc/skq202312s_003.cnv
* Sea-Bird SBE 9 Data File:
* FileName = D:\CTD\SKQ202312S\SKQ202312S_003.hex
* Software Version Seasave V 7.26.7.121
* Temperature SN = 6177
* Conductivity SN = 0369
* Number of Bytes Per Scan = 41
* Number of Voltage Words = 4
* Number of Scans Averaged by the Deck Unit = 1
* NMEA Latitude = 62 03.01 N
* NMEA Longitude = 175 12.54 W
* NMEA UTC (Time) = Sep 15 2023  07:57:54
* NMEA baud rate = 4800
** Ship: R/V Sikuliaq
** Station Number: 003
** Station Name: DBO1.2
** Bottom Depth: 78
** Operator: SD
# nquan = 24
# nvalues = 8410                                  
# units = specified
# name 0 = depSM: Depth [salt water, m]
# name 1 = latitude: Latitude [deg]
# name 2 = longitude: Longitude [deg]
# name 3 = prDM: Pressure, Digiquartz [db]
# name 4 = t090C: Temperature [ITS-90, deg C]
# name 5 = t190C: Temperature, 2 [ITS-90, deg C]
# name 6 = potemp090C: Potential Temperature [ITS-90, deg C]
# name 7 = sal00: Salinity, Practical [PSU]
# name 8 = sal11: Salinity, Practical, 2 [PSU]
# name 9 = density00: Density [density, kg/m^3]
# name 10 = sigma-é00: Density [sigma-theta, kg/m^3]
# name 11 = sbox0Mm/Kg: Oxygen, SBE 43 [umol/kg]
# name 12 = sbox1Mm/Kg: Oxygen, SBE 43, 2 [umol/kg]
# name 13 = oxsolMm/Kg: Oxygen Saturation, Garcia & Gordon [umol/kg]
# name 14 = sbeox0PS: Oxygen, SBE 43 [% saturation]
# name 15 = sbeox1PS: Oxygen, SBE 43, 2 [% saturation]
# name 16 = v0: Voltage 0
# name 17 = flECO-AFL: Fluorescence, WET Labs ECO-AFL/FL [mg/m^3]
# name 18 = v1: Voltage 1
# name 19 = CStarAt0: Beam Attenuation, WET Labs C-Star [1/m]
# name 20 = par: PAR/Irradiance, Biospherical/Licor
# name 21 = scan: Scan Count
# name 22 = timeM: Time, Elapsed [minutes]
# name 23 = flag:  0.000e+00
# span 0 =      0.962,     75.423                 
# span 1 =   62.05010,   62.05014                 
# span 2 = -175.20902, -175.20876                 
# span 3 =      0.971,     76.167                 
# span 4 =    -1.3780,     7.3462                 
# span 5 =    -1.3767,     7.3474                 
# span 6 =    -1.3788,     7.3459                 
# span 7 =    30.5121,    31.9177                 
# span 8 =    30.4577,    31.9446                 
# span 9 =  1023.8476,  1026.0186                 
# span 10 =    23.8413,    25.6585                
# span 11 =    252.970,    414.631                
# span 12 =    236.072,    363.539                
# span 13 =  300.56884,  370.97041                
# span 14 =     69.150,    113.076                
# span 15 =     64.548,     98.623                
# span 16 =     0.0440,     0.5140                
# span 17 =    -0.0843,     2.7362                
# span 18 =     3.2576,     4.2418                
# span 19 =     0.4209,     1.4771                
# span 20 = 1.0000e-12, 1.5909e+00                
# span 21 =          1,       8410                
# span 22 =     0.0000,     5.8396                
# span 23 = 0.0000e+00, 0.0000e+00                
# interval = seconds: 0.0416667
# start_time = Sep 15 2023 08:02:23 [NMEA time, first data scan]
# bad_flag = -9.990e-29
*END*
[from data line 2476]
     25.182   62.05010 -175.20900     25.427    -1.0393    -1.0324    -1.0398    31.4011    31.4482  1025.3609    25.2382    404.668    360.546  367.85407    110.008     98.068     0.2918     1.4029     4.0855     0.5711 1.0000e-12       2477     1.7194  0.000e+00
     25.221   62.05010 -175.20900     25.466    -1.0445    -1.0382    -1.0450    31.4012    31.4464  1025.3613    25.2384    404.249    360.606  367.90559    109.878     98.067     0.3175     1.5568     4.0781     0.5783 1.0000e-12       2478     1.7201  0.000e+00
     25.182   62.05010 -175.20900     25.427    -1.0492    -1.0439    -1.0497    31.4035    31.4467  1025.3631    25.2405    404.047    360.856  367.94507    109.812     98.121     0.3248     1.6007     4.0757     0.5806 1.0000e-12       2479     1.7208  0.000e+00
     25.221   62.05010 -175.20900     25.466    -1.0532    -1.0492    -1.0537    31.4042    31.4494  1025.3640    25.2411    403.364    361.104  367.98205    109.615     98.176     0.3248     1.6007     4.0769     0.5795 1.0000e-12       2480     1.7215  0.000e+00
     25.282   62.05010 -175.20900     25.529    -1.0562    -1.0531    -1.0568    31.4037    31.4491  1025.3639    25.2408    402.819    361.350  368.01406    109.457     98.232     0.3223     1.5861     4.0769     0.5795 1.0000e-12       2481     1.7222  0.000e+00
     25.244   62.05010 -175.20900     25.490    -1.0585    -1.0573    -1.0590    31.4029    31.4482  1025.3632    25.2402    402.343    361.569  368.03886    109.321     98.280     0.3223     1.5861     4.0769     0.5795 1.0000e-12       2482     1.7229  0.000e+00
     25.336   62.05010 -175.20900     25.583    -1.0613    -1.0614    -1.0618    31.4029    31.4473  1025.3637    25.2403    401.921    361.798  368.06655    109.198     98.331     0.3223     1.5861     4.0781     0.5783 1.0000e-12       2483     1.7236  0.000e+00
     25.298   62.05010 -175.20900     25.544    -1.0640    -1.0644    -1.0645    31.4031    31.4468  1025.3638    25.2405    401.485    362.009  368.09239    109.072     98.380     0.3223     1.5861     4.0769     0.5795 1.0000e-12       2484     1.7243  0.000e+00
     25.336   62.05010 -175.20900     25.583    -1.0661    -1.0669    -1.0666    31.4030    31.4469  1025.3640    25.2405    400.994    362.415  368.11296    108.932     98.484     0.3223     1.5861     4.0769     0.5795 1.0000e-12       2485     1.7250  0.000e+00
     25.413   62.05010 -175.20900     25.661    -1.0690    -1.0689    -1.0696    31.4028    31.4461  1025.3642    25.2404    400.516    362.365  368.14303    108.793     98.465     0.3223     1.5861     4.0769     0.5795 1.0000e-12       2486     1.7257  0.000e+00
     25.336   62.05010 -175.20900     25.583    -1.0721    -1.0705    -1.0726    31.4026    31.4464  1025.3638    25.2403    400.080    362.271  368.17410    108.666     98.435     0.3223     1.5861     4.0769     0.5795 1.0000e-12       2487     1.7264  0.000e+00
     25.413   62.05010 -175.20900     25.661    -1.0752    -1.0724    -1.0757    31.4030    31.4470  1025.3645    25.2407    399.909    362.385  368.20287    108.611     98.461     0.3223     1.5861     4.0769     0.5795 1.0000e-12       2488     1.7271  0.000e+00
     25.452   62.05010 -175.20900     25.700    -1.0772    -1.0740    -1.0777    31.4025    31.4454  1025.3644    25.2404    399.216    362.503  368.22392    108.417     98.488     0.3211     1.5787     4.0769     0.5795 1.0000e-12       2489     1.7278  0.000e+00
     25.413   62.05010 -175.20900     25.661    -1.0799    -1.0759    -1.0804    31.4036    31.4436  1025.3652    25.2414    399.043    362.428  368.24786    108.363     98.461     0.3223     1.5861     4.0769     0.5795 1.0000e-12       2490     1.7285  0.000e+00
     25.506   62.05010 -175.20900     25.755    -1.0836    -1.0781    -1.0841    31.4030    31.4445  1025.3652    25.2409    398.439    362.332  368.28596    108.187     98.430     0.3236     1.5934     4.0769     0.5795 1.0000e-12       2491     1.7292  0.000e+00
     25.467   62.05010 -175.20900     25.716    -1.0875    -1.0814    -1.0880    31.4019    31.4457  1025.3643    25.2402    397.539    362.441  368.32747    107.931     98.452     0.3223     1.5861     4.0769     0.5795 1.0000e-12       2492     1.7299  0.000e+00
     25.506   62.05010 -175.20900     25.754    -1.0907    -1.0844    -1.0912    31.4032    31.4453  1025.3656    25.2413    397.573    362.564  368.35581    107.932     98.477     0.3236     1.5934     4.0769     0.5795 1.0000e-12       2493     1.7306  0.000e+00
     25.583   62.05010 -175.20900     25.832    -1.0924    -1.0876    -1.0929    31.4021    31.4447  1025.3651    25.2405    396.891    362.470  368.37545    107.741     98.442     0.3223     1.5861     4.0769     0.5795 1.0000e-12       2494     1.7313  0.000e+00
     25.568   62.05010 -175.20900     25.817    -1.0941    -1.0908    -1.0946    31.4012    31.4446  1025.3644    25.2398    396.429    362.347  368.39509    107.610     98.400     0.3236     1.5934     4.0769     0.5795 1.0000e-12       2495     1.7319  0.000e+00
     25.622   62.05010 -175.20900     25.871    -1.0967    -1.0945    -1.0972    31.4013    31.4442  1025.3648    25.2400    396.049    362.437  368.42011    107.499     98.415     0.3223     1.5861     4.0769     0.5795 1.0000e-12       2496     1.7326  0.000e+00
     25.645   62.05010 -175.20900     25.895    -1.1005    -1.0982    -1.1010    31.4018    31.4448  1025.3654    25.2404    395.656    362.534  368.45674    107.382     98.432     0.3223     1.5861     4.0708     0.5854 1.0000e-12       2497     1.7333  0.000e+00
     25.622   62.05010 -175.20900     25.871    -1.1049    -1.1026    -1.1054    31.4009    31.4449  1025.3647    25.2399    395.295    362.647  368.50218    107.271     98.451     0.3223     1.5861     4.0586     0.5975 1.0000e-12       2498     1.7340  0.000e+00
     25.699   62.05010 -175.20900     25.949    -1.1098    -1.1056    -1.1103    31.4013    31.4439  1025.3655    25.2403    395.018    362.794  368.54991    107.182     98.482     0.3223     1.5861     4.0549     0.6011 1.0000e-12       2499     1.7347  0.000e+00
     25.683   62.05010 -175.20900     25.934    -1.1133    -1.1091    -1.1138    31.4013    31.4437  1025.3656    25.2404    394.700    362.754  368.58478    107.085     98.462     0.3223     1.5861     4.0562     0.5999 1.0000e-12       2500     1.7354  0.000e+00
     25.699   62.05010 -175.20900     25.949    -1.1165    -1.1133    -1.1170    31.4015    31.4445  1025.3659    25.2406    394.153    362.931  368.61603    106.928     98.500     0.3223     1.5861     4.0562     0.5999 1.0000e-12       2501     1.7361  0.000e+00
     25.737   62.05010 -175.20900     25.988    -1.1192    -1.1167    -1.1197    31.4012    31.4439  1025.3659    25.2405    394.100    363.116  368.64342    106.906     98.540     0.3248     1.6007     4.0562     0.5999 1.0000e-12       2502     1.7368  0.000e+00
     25.815   62.05010 -175.20900     26.066    -1.1221    -1.1190    -1.1226    31.4011    31.4429  1025.3662    25.2404    393.571    363.077  368.67218    106.754     98.523     0.3687     1.8645     4.0562     0.5999 1.0000e-12       2503     1.7375  0.000e+00
     25.799   62.05010 -175.20900     26.050    -1.1247    -1.1209    -1.1252    31.4025    31.4432  1025.3674    25.2417    393.273    363.203  368.69410    106.666     98.552     0.3980     2.0403     4.0562     0.5999 1.0000e-12       2504     1.7382  0.000e+00
     25.814   62.05010 -175.20900     26.066    -1.1267    -1.1238    -1.1272    31.4020    31.4429  1025.3672    25.2413    393.011    363.389  368.71466    106.590     98.595     0.4017     2.0623     4.0562     0.5999 1.0000e-12       2505     1.7389  0.000e+00
     25.799   62.05010 -175.20900     26.050    -1.1294    -1.1265    -1.1299    31.4022    31.4420  1025.3673    25.2415    392.747    363.361  368.74152    106.510     98.579     0.4005     2.0549     4.0562     0.5999 1.0000e-12       2506     1.7396  0.000e+00
     25.930   62.05010 -175.20900     26.183    -1.1320    -1.1287    -1.1326    31.4022    31.4436  1025.3680    25.2416    392.529    363.539  368.76760    106.443     98.623     0.3980     2.0403     4.0562     0.5999 1.0000e-12       2507     1.7403  0.000e+00
     25.907   62.05010 -175.20900     26.159    -1.1345    -1.1306    -1.1350    31.4028    31.4424  1025.3684    25.2421    392.034    363.468  368.79017    106.303     98.598     0.3980     2.0403     4.0562     0.5999 1.0000e-12       2508     1.7410  0.000e+00
     25.868   62.05010 -175.20900     26.120    -1.1374    -1.1338    -1.1379    31.4021    31.4430  1025.3677    25.2416    391.749    363.359  368.82059    106.217     98.560     0.3980     2.0403     4.0562     0.5999 1.0000e-12       2509     1.7417  0.000e+00
     25.969   62.05010 -175.20900     26.222    -1.1402    -1.1379    -1.1407    31.4015    31.4451  1025.3678    25.2412    391.515    363.476  368.85013    106.145     98.583     0.3980     2.0403     4.0562     0.5999 1.0000e-12       2510     1.7424  0.000e+00
     25.930   62.05010 -175.20900     26.183    -1.1434    -1.1408    -1.1439    31.4015    31.4442  1025.3677    25.2413    391.324    363.335  368.88245    106.084     98.536     0.3980     2.0403     4.0562     0.5999 1.0000e-12       2511     1.7431  0.000e+00
     26.023   62.05010 -175.20900     26.276    -1.1462    -1.1428    -1.1467    31.4012    31.4423  1025.3680    25.2412    390.875    363.176  368.91037    105.954     98.487     0.3980     2.0403     4.0562     0.5999 1.0000e-12       2512     1.7437  0.000e+00
     25.984   62.05010 -175.20900     26.237    -1.1483    -1.1447    -1.1488    31.4005    31.4433  1025.3673    25.2407    390.672    363.216  368.93338    105.892     98.493     0.3980     2.0403     4.0562     0.5999 1.0000e-12       2513     1.7444  0.000e+00
     26.023   62.05010 -175.20900     26.276    -1.1507    -1.1467    -1.1512    31.4017    31.4427  1025.3685    25.2417    390.471    363.054  368.95322    105.832     98.443     0.3980     2.0403     4.0562     0.5999 1.0000e-12       2514     1.7451  0.000e+00
     26.046   62.05010 -175.20900     26.300    -1.1533    -1.1478    -1.1538    31.4028    31.4418  1025.3696    25.2426    390.327    363.129  368.97674    105.786     98.460     0.3993     2.0476     4.0562     0.5999 1.0000e-12       2515     1.7458  0.000e+00
     26.084   62.05010 -175.20900     26.339    -1.1560    -1.1484    -1.1565    31.4032    31.4408  1025.3702    25.2430    389.931    362.991  369.00172    105.672     98.420     0.3980     2.0403     4.0562     0.5999 1.0000e-12       2516     1.7465  0.000e+00
     26.138   62.05010 -175.20900     26.393    -1.1592    -1.1499    -1.1597    31.4038    31.4402  1025.3710    25.2436    389.758    362.625  369.03228    105.616     98.317     0.3993     2.0476     4.0549     0.6011 1.0000e-12       2517     1.7472  0.000e+00
     26.046   62.05010 -175.20900     26.300    -1.1605    -1.1528    -1.1610    31.4030    31.4421  1025.3700    25.2430    389.564    362.449  369.04699    105.559     98.263     0.3968     2.0330     4.0513     0.6047 1.0000e-12       2518     1.7479  0.000e+00
     26.200   62.05010 -175.20900     26.455    -1.1620    -1.1560    -1.1625    31.4029    31.4420  1025.3707    25.2430    389.389    362.516  369.06212    105.508     98.272     0.3980     2.0403     4.0501     0.6059 1.0000e-12       2519     1.7486  0.000e+00
     26.154   62.05010 -175.20900     26.409    -1.1646    -1.1591    -1.1651    31.4011    31.4421  1025.3691    25.2416    389.227    362.563  369.09281    105.455     98.277     0.3980     2.0403     4.0501     0.6059 1.0000e-12       2520     1.7493  0.000e+00
     26.138   62.05010 -175.20900     26.393    -1.1670    -1.1624    -1.1675    31.4006    31.4425  1025.3687    25.2412    388.811    362.410  369.11873    105.335     98.227     0.3980     2.0403     4.0501     0.6059 1.0000e-12       2521     1.7500  0.000e+00
     26.215   62.05010 -175.20900     26.471    -1.1688    -1.1641    -1.1693    31.3999    31.4404  1025.3685    25.2407    388.402    362.470  369.13775    105.219     98.237     0.3980     2.0403     4.0501     0.6059 1.0000e-12       2522     1.7507  0.000e+00
     26.254   62.05010 -175.20900     26.510    -1.1698    -1.1644    -1.1703    31.4008    31.4400  1025.3695    25.2415    388.455    362.337  369.14539    105.231     98.200     0.3993     2.0476     4.0501     0.6059 1.0000e-12       2523     1.7514  0.000e+00
     26.215   62.05010 -175.20900     26.471    -1.1701    -1.1651    -1.1706    31.4001    31.4404  1025.3687    25.2409    388.352    362.395  369.15098    105.201     98.214     0.3980     2.0403     4.0501     0.6059 1.0000e-12       2524     1.7521  0.000e+00
     26.308   62.05010 -175.20900     26.564    -1.1700    -1.1665    -1.1705    31.3981    31.4400  1025.3676    25.2393    388.009    362.266  369.15497    105.107     98.175     0.3980     2.0403     4.0501     0.6059 1.0000e-12       2525     1.7528  0.000e+00
     26.331   62.05010 -175.20900     26.588    -1.1697    -1.1680    -1.1702    31.3963    31.4405  1025.3662    25.2378    387.883    362.130  369.15732    105.073     98.135     0.3993     2.0476     4.0501     0.6059 1.0000e-12       2526     1.7535  0.000e+00
     26.308   62.05010 -175.20900     26.564    -1.1698    -1.1686    -1.1703    31.3958    31.4396  1025.3656    25.2374    387.513    362.177  369.16014    104.971     98.145     0.3980     2.0403     4.0501     0.6059 1.0000e-12       2527     1.7542  0.000e+00
     26.269   62.05010 -175.20900     26.525    -1.1700    -1.1692    -1.1705    31.3966    31.4393  1025.3662    25.2381    387.670    361.792  369.15930    105.014     98.039     0.4066     2.0916     4.0501     0.6059 1.0000e-12       2528     1.7549  0.000e+00
     26.370   62.05010 -175.20900     26.627    -1.1701    -1.1697    -1.1706    31.3970    31.4405  1025.3670    25.2384    387.337    361.833  369.15980    104.924     98.050     0.4249     2.2015     4.0501     0.6059 1.0000e-12       2529     1.7556  0.000e+00
     26.331   62.05010 -175.20900     26.588    -1.1697    -1.1693    -1.1702    31.3968    31.4402  1025.3666    25.2382    387.215    361.662  369.15597    104.892     98.005     0.4322     2.2454     4.0501     0.6059 1.0000e-12       2530     1.7563  0.000e+00
     26.370   62.05010 -175.20900     26.627    -1.1695    -1.1682    -1.1700    31.3960    31.4372  1025.3661    25.2376    387.118    361.723  369.15657    104.866     98.022     0.4310     2.2381     4.0501     0.6059 1.0000e-12       2531     1.7569  0.000e+00
     26.447   62.05010 -175.20900     26.705    -1.1702    -1.1676    -1.1707    31.3968    31.4355  1025.3672    25.2382    387.046    361.591  369.16169    104.845     97.986     0.4298     2.2308     4.0501     0.6059 1.0000e-12       2532     1.7576  0.000e+00
     26.370   62.05010 -175.20900     26.627    -1.1716    -1.1685    -1.1721    31.3971    31.4348  1025.3670    25.2385    386.734    361.468  369.17455    104.756     97.950     0.4298     2.2308     4.0501     0.6059 1.0000e-12       2533     1.7583  0.000e+00
     26.447   62.05010 -175.20900     26.705    -1.1715    -1.1680    -1.1720    31.3956    31.4328  1025.3663    25.2373    386.644    361.376  369.17756    104.731     97.925     0.4298     2.2308     4.0501     0.6059 1.0000e-12       2534     1.7590  0.000e+00
     26.424   62.05010 -175.20900     26.681    -1.1712    -1.1674    -1.1717    31.3934    31.4339  1025.3643    25.2355    386.311    361.468  369.18117    104.640     97.952     0.4298     2.2308     4.0501     0.6059 1.0000e-12       2535     1.7597  0.000e+00
