EcoFOCI/data/1_SampleCollection/2023_SikuliaqDBO_CruiseData/CTD_raw_BottleFile_SKQ23-12S/proc/skq202312s_054svp.cnv
* Sea-Bird SBE 9 Data File:
* FileName = D:\CTD\SKQ202312S\SKQ202312S_054.hex
* Software Version Seasave V 7.26.7.121
* Temperature SN = 6177
* Conductivity SN = 0369
* Number of Bytes Per Scan = 41
* Number of Voltage Words = 4
* Number of Scans Averaged by the Deck Unit = 1
* NMEA Latitude = 70 58.30 N
* NMEA Longitude = 163 33.99 W
* NMEA UTC (Time) = Sep 27 2023  02:24:07
* NMEA baud rate = 4800
** Ship: R/V Sikuliaq
** Station Number: 054
** Station Name: IC8
** Bottom Depth: 45
** Operator: SD
# nquan = 7
# nvalues = 6945                                  
# units = specified
# name 0 = depSM: Depth [salt water, m]
# name 1 = latitude: Latitude [deg]
# name 2 = longitude: Longitude [deg]
# name 3 = t090C: Temperature [ITS-90, deg C]
# name 4 = sal00: Salinity, Practical [PSU]
# name 5 = svCM: Sound Velocity [Chen-Millero, m/s]
# name 6 = flag:  0.000e+00
# span 0 =      2.676,     39.987                 
# span 1 =   70.97168,   70.97176                 
# span 2 = -163.56664, -163.56640                 
# span 3 =     1.6889,     4.6633                 
# span 4 =    30.3487,    32.1085                 
# span 5 =    1453.48,    1463.73                 
# span 6 = 0.0000e+00, 0.0000e+00                 
# interval = seconds: 0.0416667
# start_time = Sep 27 2023 02:28:34 [NMEA time, first data scan]
# bad_flag = -9.990e-29
*END*
[from data line 821]
      5.080   70.97174 -163.56644     4.6535    30.4545    1463.59  0.000e+00
      5.141   70.97174 -163.56644     4.6535    30.4543    1463.59  0.000e+00
      5.080   70.97174 -163.56644     4.6536    30.4542    1463.59  0.000e+00
      5.141   70.97174 -163.56644     4.6536    30.4541    1463.60  0.000e+00
      5.195   70.97174 -163.56644     4.6538    30.4543    1463.60  0.000e+00
      5.141   70.97174 -163.56644     4.6538    30.4541    1463.60  0.000e+00
      5.141   70.97174 -163.56644     4.6540    30.4542    1463.60  0.000e+00
      5.195   70.97174 -163.56644     4.6536    30.4546    1463.60  0.000e+00
      5.141   70.97174 -163.56644     4.6539    30.4542    1463.60  0.000e+00
      5.195   70.97174 -163.56644     4.6538    30.4544    1463.60  0.000e+00
      5.141   70.97174 -163.56644     4.6538    30.4547    1463.60  0.000e+00
      5.195   70.97174 -163.56644     4.6540    30.4541    1463.60  0.000e+00
      5.195   70.97174 -163.56644     4.6538    30.4542    1463.60  0.000e+00
      5.195   70.97174 -163.56644     4.6539    30.4543    1463.60  0.000e+00
      5.249   70.97174 -163.56644     4.6540    30.4543    1463.60  0.000e+00
      5.195   70.97174 -163.56644     4.6536    30.4546    1463.60  0.000e+00
      5.249   70.97174 -163.56644     4.6538    30.4545    1463.60  0.000e+00
      5.249   70.97174 -163.56644     4.6540    30.4548    1463.60  0.000e+00
      5.249   70.97174 -163.56644     4.6538    30.4550    1463.60  0.000e+00
      5.249   70.97174 -163.56644     4.6540    30.4546    1463.60  0.000e+00
      5.249   70.97174 -163.56644     4.6538    30.4549    1463.60  0.000e+00
      5.249   70.97174 -163.56644     4.6539    30.4551    1463.60  0.000e+00
      5.311   70.97174 -163.56644     4.6541    30.4551    1463.60  0.000e+00
      5.249   70.97174 -163.56644     4.6543    30.4548    1463.60  0.000e+00
      5.311   70.97174 -163.56644     4.6538    30.4552    1463.60  0.000e+00
      5.249   70.97174 -163.56644     4.6538    30.4552    1463.60  0.000e+00
      5.311   70.97174 -163.56644     4.6541    30.4547    1463.60  0.000e+00
      5.311   70.97174 -163.56644     4.6539    30.4550    1463.60  0.000e+00
      5.311   70.97174 -163.56644     4.6541    30.4551    1463.60  0.000e+00
      5.365   70.97174 -163.56644     4.6541    30.4548    1463.60  0.000e+00
      5.311   70.97174 -163.56644     4.6541    30.4548    1463.60  0.000e+00
      5.311   70.97174 -163.56644     4.6540    30.4548    1463.60  0.000e+00
      5.365   70.97174 -163.56644     4.6539    30.4550    1463.60  0.000e+00
      5.365   70.97174 -163.56644     4.6541    30.4553    1463.60  0.000e+00
      5.364   70.97174 -163.56644     4.6540    30.4551    1463.60  0.000e+00
      5.311   70.97174 -163.56644     4.6541    30.4552    1463.60  0.000e+00
      5.426   70.97174 -163.56644     4.6540    30.4550    1463.60  0.000e+00
      5.364   70.97174 -163.56644     4.6543    30.4550    1463.60  0.000e+00
      5.364   70.97174 -163.56644     4.6541    30.4554    1463.60  0.000e+00
      5.426   70.97174 -163.56644     4.6543    30.4553    1463.60  0.000e+00
      5.364   70.97174 -163.56644     4.6541    30.4552    1463.60  0.000e+00
      5.426   70.97174 -163.56644     4.6541    30.4553    1463.60  0.000e+00
      5.426   70.97174 -163.56644     4.6543    30.4555    1463.60  0.000e+00
      5.426   70.97174 -163.56644     4.6543    30.4554    1463.60  0.000e+00
      5.426   70.97174 -163.56644     4.6543    30.4554    1463.60  0.000e+00
      5.480   70.97174 -163.56644     4.6541    30.4556    1463.60  0.000e+00
      5.426   70.97174 -163.56644     4.6541    30.4559    1463.60  0.000e+00
      5.426   70.97174 -163.56644     4.6545    30.4554    1463.61  0.000e+00
      5.364   70.97174 -163.56644     4.6541    30.4557    1463.60  0.000e+00
      5.572   70.97174 -163.56644     4.6543    30.4553    1463.61  0.000e+00
      5.480   70.97174 -163.56644     4.6543    30.4556    1463.61  0.000e+00
      5.480   70.97174 -163.56644     4.6541    30.4559    1463.61  0.000e+00
      5.480   70.97174 -163.56644     4.6541    30.4559    1463.61  0.000e+00
      5.480   70.97174 -163.56644     4.6541    30.4561    1463.61  0.000e+00
      5.480   70.97174 -163.56644     4.6541    30.4566    1463.61  0.000e+00
      5.534   70.97174 -163.56644     4.6541    30.4567    1463.61  0.000e+00
      5.534   70.97174 -163.56644     4.6543    30.4564    1463.61  0.000e+00
      5.534   70.97174 -163.56644     4.6543    30.4563    1463.61  0.000e+00
      5.480   70.97174 -163.56644     4.6543    30.4565    1463.61  0.000e+00
      5.534   70.97174 -163.56644     4.6544    30.4566    1463.61  0.000e+00
      5.595   70.97174 -163.56644     4.6545    30.4566    1463.61  0.000e+00
      5.534   70.97174 -163.56644     4.6546    30.4567    1463.61  0.000e+00
      5.534   70.97174 -163.56644     4.6544    30.4565    1463.61  0.000e+00
      5.595   70.97174 -163.56644     4.6545    30.4564    1463.61  0.000e+00
      5.595   70.97174 -163.56644     4.6547    30.4571    1463.61  0.000e+00
      5.595   70.97174 -163.56644     4.6549    30.4570    1463.61  0.000e+00
      5.534   70.97174 -163.56644     4.6551    30.4569    1463.61  0.000e+00
      5.649   70.97174 -163.56644     4.6550    30.4570    1463.61  0.000e+00
      5.595   70.97174 -163.56644     4.6549    30.4570    1463.61  0.000e+00
      5.595   70.97174 -163.56644     4.6552    30.4569    1463.61  0.000e+00
      5.649   70.97174 -163.56644     4.6553    30.4571    1463.61  0.000e+00
      5.649   70.97174 -163.56644     4.6552    30.4572    1463.61  0.000e+00
      5.595   70.97174 -163.56644     4.6552    30.4570    1463.61  0.000e+00
      5.649   70.97174 -163.56644     4.6553    30.4568    1463.61  0.000e+00
      5.649   70.97174 -163.56644     4.6554    30.4572    1463.61  0.000e+00
      5.649   70.97174 -163.56644     4.6553    30.4574    1463.61  0.000e+00
      5.711   70.97174 -163.56644     4.6557    30.4572    1463.62  0.000e+00
      5.649   70.97174 -163.56644     4.6557    30.4571    1463.62  0.000e+00
      5.711   70.97174 -163.56644     4.6557    30.4575    1463.62  0.000e+00
      5.649   70.97174 -163.56644     4.6559    30.4575    1463.62  0.000e+00
      5.711   70.97174 -163.56644     4.6559    30.4576    1463.62  0.000e+00
      5.711   70.97174 -163.56644     4.6560    30.4577    1463.62  0.000e+00
      5.711   70.97174 -163.56644     4.6559    30.4577    1463.62  0.000e+00
      5.711   70.97174 -163.56644     4.6560    30.4575    1463.62  0.000e+00
      5.711   70.97174 -163.56644     4.6562    30.4578    1463.62  0.000e+00
      5.765   70.97174 -163.56644     4.6563    30.4580    1463.62  0.000e+00
      5.711   70.97174 -163.56644     4.6563    30.4579    1463.62  0.000e+00
      5.649   70.97174 -163.56644     4.6562    30.4583    1463.62  0.000e+00
      5.795   70.97174 -163.56644     4.6562    30.4582    1463.62  0.000e+00
      5.765   70.97174 -163.56644     4.6563    30.4582    1463.62  0.000e+00
      5.765   70.97174 -163.56644     4.6563    30.4577    1463.62  0.000e+00
      5.764   70.97174 -163.56644     4.6562    30.4582    1463.62  0.000e+00
      5.764   70.97174 -163.56644     4.6563    30.4579    1463.62  0.000e+00
      5.764   70.97174 -163.56644     4.6563    30.4581    1463.62  0.000e+00
      5.764   70.97174 -163.56644     4.6562    30.4585    1463.62  0.000e+00
      5.826   70.97174 -163.56644     4.6563    30.4583    1463.62  0.000e+00
      5.764   70.97174 -163.56644     4.6563    30.4585    1463.62  0.000e+00
      5.764   70.97174 -163.56644     4.6563    30.4586    1463.62  0.000e+00
      5.826   70.97174 -163.56644     4.6563    30.4585    1463.62  0.000e+00
      5.826   70.97174 -163.56644     4.6565    30.4586    1463.62  0.000e+00
      5.764   70.97174 -163.56644     4.6567    30.4583    1463.62  0.000e+00
      5.826   70.97174 -163.56644     4.6562    30.4589    1463.62  0.000e+00
      5.826   70.97174 -163.56644     4.6567    30.4585    1463.62  0.000e+00
      5.826   70.97174 -163.56644     4.6565    30.4585    1463.62  0.000e+00
      5.826   70.97174 -163.56644     4.6563    30.4585    1463.62  0.000e+00
      5.826   70.97174 -163.56644     4.6567    30.4584    1463.62  0.000e+00
      5.880   70.97174 -163.56644     4.6563    30.4590    1463.62  0.000e+00
      5.826   70.97174 -163.56644     4.6565    30.4585    1463.62  0.000e+00
      5.826   70.97174 -163.56644     4.6567    30.4586    1463.62  0.000e+00
      5.880   70.97174 -163.56644     4.6565    30.4587    1463.63  0.000e+00
      5.826   70.97174 -163.56644     4.6565    30.4584    1463.62  0.000e+00
      5.880   70.97174 -163.56644     4.6567    30.4584    1463.63  0.000e+00
      5.880   70.97174 -163.56644     4.6567    30.4581    1463.63  0.000e+00
      5.826   70.97174 -163.56644     4.6565    30.4585    1463.62  0.000e+00
      5.880   70.97174 -163.56644     4.6567    30.4587    1463.63  0.000e+00
      5.880   70.97174 -163.56644     4.6563    30.4590    1463.62  0.000e+00
      5.880   70.97174 -163.56644     4.6567    30.4587    1463.63  0.000e+00
      5.880   70.97174 -163.56644     4.6568    30.4588    1463.63  0.000e+00
      5.880   70.97174 -163.56644     4.6565    30.4592    1463.63  0.000e+00
      5.934   70.97174 -163.56644     4.6567    30.4588    1463.63  0.000e+00
      5.826   70.97174 -163.56644     4.6567    30.4590    1463.63  0.000e+00
      5.972   70.97174 -163.56644     4.6567    30.4590    1463.63  0.000e+00
      5.934   70.97174 -163.56644     4.6568    30.4588    1463.63  0.000e+00
      5.880   70.97174 -163.56644     4.6565    30.4589    1463.63  0.000e+00
      5.934   70.97174 -163.56644     4.6567    30.4589    1463.63  0.000e+00
      5.934   70.97174 -163.56644     4.6567    30.4588    1463.63  0.000e+00
      5.934   70.97174 -163.56644     4.6568    30.4583    1463.63  0.000e+00
      5.934   70.97174 -163.56644     4.6567    30.4586    1463.63  0.000e+00
      5.933   70.97174 -163.56644     4.6568    30.4588    1463.63  0.000e+00
      5.933   70.97174 -163.56644     4.6567    30.4592    1463.63  0.000e+00
      5.995   70.97174 -163.56644     4.6570    30.4589    1463.63  0.000e+00
      5.995   70.97174 -163.56644     4.6567    30.4590    1463.63  0.000e+00
      5.933   70.97174 -163.56644     4.6568    30.4594    1463.63  0.000e+00
      5.995   70.97174 -163.56644     4.6570    30.4595    1463.63  0.000e+00
      5.995   70.97174 -163.56644     4.6570    30.4597    1463.63  0.000e+00
      5.995   70.97174 -163.56644     4.6570    30.4598    1463.63  0.000e+00
      5.995   70.97174 -163.56644     4.6571    30.4594    1463.63  0.000e+00
      6.049   70.97174 -163.56644     4.6571    30.4597    1463.63  0.000e+00
      5.995   70.97174 -163.56644     4.6571    30.4597    1463.63  0.000e+00
      6.049   70.97174 -163.56644     4.6571    30.4598    1463.63  0.000e+00
      5.995   70.97174 -163.56644     4.6571    30.4603    1463.63  0.000e+00
      6.049   70.97174 -163.56644     4.6573    30.4600    1463.63  0.000e+00
      6.049   70.97174 -163.56644     4.6574    30.4598    1463.63  0.000e+00
      6.049   70.97174 -163.56644     4.6573    30.4598    1463.63  0.000e+00
      6.049   70.97174 -163.56644     4.6573    30.4597    1463.63  0.000e+00
      6.110   70.97174 -163.56644     4.6573    30.4593    1463.63  0.000e+00
      6.110   70.97174 -163.56644     4.6573    30.4595    1463.63  0.000e+00
      6.110   70.97174 -163.56644     4.6574    30.4595    1463.63  0.000e+00
      6.110   70.97174 -163.56644     4.6571    30.4598    1463.63  0.000e+00
      6.110   70.97174 -163.56644     4.6573    30.4597    1463.63  0.000e+00
      6.080   70.97174 -163.56644     4.6574    30.4597    1463.63  0.000e+00
      6.164   70.97174 -163.56644     4.6573    30.4597    1463.63  0.000e+00
      6.164   70.97174 -163.56644     4.6574    30.4597    1463.64  0.000e+00
      6.110   70.97174 -163.56644     4.6573    30.4600    1463.63  0.000e+00
      6.164   70.97174 -163.56644     4.6573    30.4597    1463.63  0.000e+00
      6.164   70.97174 -163.56644     4.6574    30.4597    1463.64  0.000e+00
      6.164   70.97174 -163.56644     4.6573    30.4599    1463.63  0.000e+00
      6.164   70.97174 -163.56644     4.6574    30.4602    1463.64  0.000e+00
      6.226   70.97174 -163.56644     4.6573    30.4606    1463.64  0.000e+00
      6.164   70.97174 -163.56644     4.6574    30.4604    1463.64  0.000e+00
      6.226   70.97174 -163.56644     4.6574    30.4607    1463.64  0.000e+00
      6.226   70.97174 -163.56644     4.6576    30.4603    1463.64  0.000e+00
      6.226   70.97174 -163.56644     4.6576    30.4603    1463.64  0.000e+00
      6.226   70.97174 -163.56644     4.6576    30.4604    1463.64  0.000e+00
      6.226   70.97174 -163.56644     4.6576    30.4604    1463.64  0.000e+00
      6.226   70.97174 -163.56644     4.6577    30.4603    1463.64  0.000e+00
      6.280   70.97174 -163.56644     4.6574    30.4603    1463.64  0.000e+00
      6.280   70.97174 -163.56644     4.6577    30.4600    1463.64  0.000e+00
      6.226   70.97174 -163.56644     4.6577    30.4598    1463.64  0.000e+00
      6.280   70.97174 -163.56644     4.6577    30.4597    1463.64  0.000e+00
      6.334   70.97174 -163.56644     4.6576    30.4600    1463.64  0.000e+00
      6.280   70.97174 -163.56644     4.6574    30.4600    1463.64  0.000e+00
      6.334   70.97174 -163.56644     4.6574    30.4602    1463.64  0.000e+00
      6.280   70.97174 -163.56644     4.6576    30.4602    1463.64  0.000e+00
      6.334   70.97174 -163.56644     4.6576    30.4603    1463.64  0.000e+00
      6.334   70.97174 -163.56644     4.6579    30.4609    1463.64  0.000e+00
      6.310   70.97174 -163.56644     4.6577    30.4613    1463.64  0.000e+00
      6.333   70.97174 -163.56644     4.6579    30.4611    1463.64  0.000e+00
      6.333   70.97174 -163.56644     4.6581    30.4612    1463.64  0.000e+00
      6.333   70.97174 -163.56644     4.6581    30.4610    1463.64  0.000e+00
      6.395   70.97174 -163.56644     4.6579    30.4613    1463.64  0.000e+00
      6.333   70.97174 -163.56644     4.6581    30.4615    1463.64  0.000e+00
      6.395   70.97174 -163.56644     4.6582    30.4610    1463.64  0.000e+00
      6.395   70.97174 -163.56644     4.6581    30.4614    1463.64  0.000e+00
      6.395   70.97174 -163.56644     4.6579    30.4612    1463.64  0.000e+00
      6.395   70.97174 -163.56644     4.6582    30.4614    1463.64  0.000e+00
      6.395   70.97174 -163.56644     4.6582    30.4616    1463.64  0.000e+00
      6.395   70.97174 -163.56644     4.6584    30.4612    1463.64  0.000e+00
      6.449   70.97174 -163.56644     4.6582    30.4611    1463.64  0.000e+00
      6.449   70.97174 -163.56644     4.6582    30.4613    1463.64  0.000e+00
      6.395   70.97174 -163.56644     4.6582    30.4616    1463.64  0.000e+00
      6.449   70.97174 -163.56644     4.6582    30.4616    1463.65  0.000e+00
      6.449   70.97174 -163.56644     4.6581    30.4616    1463.64  0.000e+00
      6.449   70.97174 -163.56644     4.6581    30.4617    1463.64  0.000e+00
      6.449   70.97174 -163.56644     4.6581    30.4613    1463.64  0.000e+00
      6.449   70.97174 -163.56644     4.6581    30.4616    1463.64  0.000e+00
      6.449   70.97174 -163.56644     4.6582    30.4610    1463.64  0.000e+00
      6.510   70.97174 -163.56644     4.6581    30.4611    1463.65  0.000e+00
      6.449   70.97174 -163.56644     4.6582    30.4610    1463.64  0.000e+00
      6.541   70.97174 -163.56644     4.6582    30.4606    1463.65  0.000e+00
      6.449   70.97174 -163.56644     4.6581    30.4607    1463.64  0.000e+00
      6.510   70.97174 -163.56644     4.6581    30.4604    1463.64  0.000e+00
      6.510   70.97174 -163.56644     4.6577    30.4609    1463.64  0.000e+00
      6.510   70.97174 -163.56644     4.6576    30.4613    1463.64  0.000e+00
