EcoFOCI/data/1_SampleCollection/2023_SikuliaqDBO_CruiseData/CTD_raw_BottleFile_SKQ23-12S/proc/skq202312s_002svp.cnv
* Sea-Bird SBE 9 Data File:
* FileName = D:\CTD\SKQ202312S\SKQ202312S_002.hex
* Software Version Seasave V 7.26.7.121
* Temperature SN = 6177
* Conductivity SN = 0369
* Number of Bytes Per Scan = 41
* Number of Voltage Words = 4
* Number of Scans Averaged by the Deck Unit = 1
* NMEA Latitude = 62 00.59 N
* NMEA Longitude = 175 03.64 W
* NMEA UTC (Time) = Sep 15 2023  05:21:43
* NMEA baud rate = 4800
** Ship: R/V Sikuliaq
** Station Number: 002
** Station Name: DBO1.1
** Bottom Depth: 78
** Operator: SD
# nquan = 7
# nvalues = 7179                                  
# units = specified
# name 0 = depSM: Depth [salt water, m]
# name 1 = latitude: Latitude [deg]
# name 2 = longitude: Longitude [deg]
# name 3 = t090C: Temperature [ITS-90, deg C]
# name 4 = sal00: Salinity, Practical [PSU]
# name 5 = svCM: Sound Velocity [Chen-Millero, m/s]
# name 6 = flag:  0.000e+00
# span 0 =      1.934,     73.792                 
# span 1 =   62.00978,   62.00980                 
# span 2 = -175.06128, -175.06102                 
# span 3 =    -1.4431,     7.4774                 
# span 4 =    30.6601,    31.9548                 
# span 5 =    1438.75,    1475.16                 
# span 6 = 0.0000e+00, 0.0000e+00                 
# interval = seconds: 0.0416667
# start_time = Sep 15 2023 05:25:57 [NMEA time, first data scan]
# bad_flag = -9.990e-29
*END*
[from data line 1026]
      4.784   62.00980 -175.06104     7.4650    30.6696    1475.13  0.000e+00
      4.730   62.00980 -175.06104     7.4653    30.6695    1475.13  0.000e+00
      4.845   62.00980 -175.06104     7.4655    30.6699    1475.14  0.000e+00
      4.760   62.00980 -175.06104     7.4650    30.6701    1475.13  0.000e+00
      4.784   62.00980 -175.06104     7.4650    30.6694    1475.13  0.000e+00
      4.784   62.00980 -175.06104     7.4645    30.6697    1475.13  0.000e+00
      4.784   62.00980 -175.06104     7.4643    30.6696    1475.13  0.000e+00
      4.784   62.00980 -175.06104     7.4650    30.6700    1475.13  0.000e+00
      4.845   62.00980 -175.06104     7.4653    30.6703    1475.14  0.000e+00
      4.784   62.00980 -175.06104     7.4654    30.6699    1475.14  0.000e+00
      4.845   62.00980 -175.06104     7.4655    30.6701    1475.14  0.000e+00
      4.784   62.00980 -175.06104     7.4655    30.6702    1475.14  0.000e+00
      4.845   62.00980 -175.06104     7.4657    30.6698    1475.14  0.000e+00
      4.845   62.00980 -175.06104     7.4656    30.6700    1475.14  0.000e+00
      4.845   62.00980 -175.06104     7.4655    30.6702    1475.14  0.000e+00
      4.845   62.00980 -175.06104     7.4653    30.6702    1475.14  0.000e+00
      4.845   62.00980 -175.06104     7.4655    30.6702    1475.14  0.000e+00
      4.845   62.00980 -175.06104     7.4660    30.6699    1475.14  0.000e+00
      4.783   62.00980 -175.06104     7.4661    30.6703    1475.14  0.000e+00
      4.992   62.00980 -175.06104     7.4665    30.6702    1475.14  0.000e+00
      4.845   62.00980 -175.06104     7.4668    30.6701    1475.14  0.000e+00
      4.899   62.00980 -175.06104     7.4674    30.6699    1475.14  0.000e+00
      4.845   62.00980 -175.06104     7.4683    30.6699    1475.15  0.000e+00
      4.899   62.00980 -175.06104     7.4689    30.6702    1475.15  0.000e+00
      4.899   62.00980 -175.06104     7.4697    30.6702    1475.15  0.000e+00
      4.899   62.00980 -175.06104     7.4702    30.6698    1475.16  0.000e+00
      4.899   62.00980 -175.06104     7.4705    30.6693    1475.16  0.000e+00
      4.899   62.00980 -175.06104     7.4702    30.6695    1475.16  0.000e+00
      4.899   62.00980 -175.06104     7.4698    30.6696    1475.15  0.000e+00
      4.961   62.00980 -175.06104     7.4695    30.6696    1475.15  0.000e+00
      4.899   62.00980 -175.06104     7.4689    30.6703    1475.15  0.000e+00
      4.899   62.00980 -175.06104     7.4687    30.6703    1475.15  0.000e+00
      4.961   62.00980 -175.06104     7.4691    30.6701    1475.15  0.000e+00
      4.899   62.00980 -175.06104     7.4685    30.6699    1475.15  0.000e+00
      4.992   62.00980 -175.06104     7.4677    30.6700    1475.15  0.000e+00
      4.961   62.00980 -175.06104     7.4668    30.6700    1475.14  0.000e+00
      4.899   62.00980 -175.06104     7.4658    30.6705    1475.14  0.000e+00
      4.961   62.00980 -175.06104     7.4654    30.6703    1475.14  0.000e+00
      5.015   62.00980 -175.06104     7.4655    30.6701    1475.14  0.000e+00
      4.961   62.00980 -175.06104     7.4652    30.6706    1475.14  0.000e+00
      4.961   62.00980 -175.06104     7.4657    30.6704    1475.14  0.000e+00
      4.961   62.00980 -175.06104     7.4663    30.6700    1475.14  0.000e+00
      5.015   62.00980 -175.06104     7.4662    30.6702    1475.14  0.000e+00
      4.961   62.00980 -175.06104     7.4661    30.6707    1475.14  0.000e+00
      5.015   62.00980 -175.06104     7.4664    30.6706    1475.14  0.000e+00
      4.961   62.00980 -175.06104     7.4663    30.6709    1475.14  0.000e+00
      5.015   62.00980 -175.06104     7.4673    30.6705    1475.15  0.000e+00
      5.015   62.00980 -175.06104     7.4680    30.6701    1475.15  0.000e+00
      4.992   62.00980 -175.06104     7.4681    30.6698    1475.15  0.000e+00
      5.015   62.00980 -175.06104     7.4682    30.6696    1475.15  0.000e+00
      5.015   62.00980 -175.06104     7.4678    30.6697    1475.15  0.000e+00
      5.015   62.00980 -175.06104     7.4676    30.6697    1475.15  0.000e+00
      5.077   62.00980 -175.06104     7.4678    30.6695    1475.15  0.000e+00
      4.961   62.00980 -175.06104     7.4681    30.6698    1475.15  0.000e+00
      5.077   62.00980 -175.06104     7.4679    30.6699    1475.15  0.000e+00
      5.077   62.00980 -175.06104     7.4678    30.6701    1475.15  0.000e+00
      5.015   62.00980 -175.06104     7.4677    30.6701    1475.15  0.000e+00
      5.077   62.00980 -175.06104     7.4681    30.6697    1475.15  0.000e+00
      5.077   62.00980 -175.06104     7.4688    30.6693    1475.15  0.000e+00
      5.077   62.00980 -175.06104     7.4685    30.6696    1475.15  0.000e+00
      5.015   62.00980 -175.06104     7.4680    30.6699    1475.15  0.000e+00
      5.077   62.00980 -175.06104     7.4677    30.6699    1475.15  0.000e+00
      5.077   62.00980 -175.06104     7.4669    30.6702    1475.15  0.000e+00
      5.107   62.00980 -175.06104     7.4671    30.6703    1475.15  0.000e+00
      5.077   62.00980 -175.06104     7.4682    30.6699    1475.15  0.000e+00
      5.131   62.00980 -175.06104     7.4691    30.6695    1475.15  0.000e+00
      5.131   62.00980 -175.06104     7.4695    30.6692    1475.16  0.000e+00
      5.077   62.00980 -175.06104     7.4692    30.6697    1475.15  0.000e+00
      5.131   62.00980 -175.06104     7.4699    30.6687    1475.16  0.000e+00
      5.077   62.00980 -175.06104     7.4693    30.6691    1475.15  0.000e+00
      5.131   62.00980 -175.06104     7.4684    30.6693    1475.15  0.000e+00
      5.131   62.00980 -175.06104     7.4679    30.6695    1475.15  0.000e+00
      5.131   62.00980 -175.06104     7.4671    30.6698    1475.15  0.000e+00
      5.185   62.00980 -175.06104     7.4668    30.6693    1475.15  0.000e+00
      5.131   62.00980 -175.06104     7.4664    30.6699    1475.14  0.000e+00
      5.131   62.00980 -175.06104     7.4660    30.6702    1475.14  0.000e+00
      5.185   62.00980 -175.06104     7.4655    30.6706    1475.14  0.000e+00
      5.107   62.00980 -175.06104     7.4658    30.6704    1475.14  0.000e+00
      5.185   62.00980 -175.06104     7.4660    30.6703    1475.14  0.000e+00
      5.185   62.00980 -175.06104     7.4666    30.6698    1475.15  0.000e+00
      5.185   62.00980 -175.06104     7.4666    30.6695    1475.15  0.000e+00
      5.131   62.00980 -175.06104     7.4660    30.6699    1475.14  0.000e+00
      5.246   62.00980 -175.06104     7.4656    30.6699    1475.14  0.000e+00
      5.185   62.00980 -175.06104     7.4657    30.6701    1475.14  0.000e+00
      5.185   62.00980 -175.06104     7.4658    30.6698    1475.14  0.000e+00
      5.185   62.00980 -175.06104     7.4656    30.6703    1475.14  0.000e+00
      5.246   62.00980 -175.06104     7.4655    30.6703    1475.14  0.000e+00
      5.185   62.00980 -175.06104     7.4655    30.6699    1475.14  0.000e+00
      5.246   62.00980 -175.06104     7.4658    30.6699    1475.14  0.000e+00
      5.246   62.00980 -175.06104     7.4663    30.6696    1475.15  0.000e+00
      5.215   62.00980 -175.06104     7.4660    30.6696    1475.14  0.000e+00
      5.246   62.00980 -175.06104     7.4655    30.6700    1475.14  0.000e+00
      5.246   62.00980 -175.06104     7.4653    30.6697    1475.14  0.000e+00
      5.246   62.00980 -175.06104     7.4647    30.6699    1475.14  0.000e+00
      5.300   62.00980 -175.06104     7.4647    30.6697    1475.14  0.000e+00
      5.246   62.00980 -175.06104     7.4642    30.6701    1475.14  0.000e+00
      5.300   62.00980 -175.06104     7.4644    30.6703    1475.14  0.000e+00
      5.300   62.00980 -175.06104     7.4650    30.6706    1475.14  0.000e+00
      5.246   62.00980 -175.06104     7.4652    30.6708    1475.14  0.000e+00
      5.300   62.00980 -175.06104     7.4655    30.6707    1475.15  0.000e+00
      5.362   62.00980 -175.06104     7.4658    30.6703    1475.15  0.000e+00
      5.300   62.00980 -175.06104     7.4660    30.6701    1475.15  0.000e+00
      5.300   62.00980 -175.06104     7.4658    30.6703    1475.15  0.000e+00
      5.362   62.00980 -175.06104     7.4649    30.6702    1475.14  0.000e+00
      5.331   62.00980 -175.06104     7.4640    30.6699    1475.14  0.000e+00
      5.362   62.00980 -175.06104     7.4643    30.6701    1475.14  0.000e+00
      5.300   62.00980 -175.06104     7.4649    30.6703    1475.14  0.000e+00
      5.362   62.00980 -175.06104     7.4655    30.6705    1475.15  0.000e+00
      5.416   62.00980 -175.06104     7.4657    30.6706    1475.15  0.000e+00
      5.362   62.00980 -175.06104     7.4658    30.6703    1475.15  0.000e+00
      5.362   62.00980 -175.06104     7.4661    30.6703    1475.15  0.000e+00
      5.416   62.00980 -175.06104     7.4658    30.6699    1475.15  0.000e+00
      5.416   62.00980 -175.06104     7.4658    30.6699    1475.15  0.000e+00
      5.416   62.00980 -175.06104     7.4657    30.6694    1475.15  0.000e+00
      5.416   62.00980 -175.06104     7.4648    30.6693    1475.14  0.000e+00
      5.478   62.00980 -175.06104     7.4645    30.6696    1475.14  0.000e+00
      5.416   62.00980 -175.06104     7.4642    30.6702    1475.14  0.000e+00
      5.447   62.00980 -175.06104     7.4643    30.6701    1475.14  0.000e+00
      5.478   62.00980 -175.06104     7.4658    30.6702    1475.15  0.000e+00
      5.478   62.00980 -175.06104     7.4679    30.6705    1475.16  0.000e+00
      5.478   62.00980 -175.06104     7.4682    30.6711    1475.16  0.000e+00
      5.532   62.00980 -175.06104     7.4681    30.6709    1475.16  0.000e+00
      5.478   62.00980 -175.06104     7.4690    30.6702    1475.16  0.000e+00
      5.532   62.00980 -175.06104     7.4697    30.6699    1475.16  0.000e+00
      5.532   62.00980 -175.06104     7.4692    30.6704    1475.16  0.000e+00
      5.532   62.00980 -175.06104     7.4692    30.6704    1475.16  0.000e+00
      5.586   62.00980 -175.06104     7.4689    30.6697    1475.16  0.000e+00
      5.532   62.00980 -175.06104     7.4687    30.6687    1475.16  0.000e+00
      5.586   62.00980 -175.06104     7.4673    30.6674    1475.15  0.000e+00
      5.617   62.00980 -175.06104     7.4640    30.6685    1475.14  0.000e+00
      5.586   62.00980 -175.06104     7.4627    30.6689    1475.14  0.000e+00
      5.586   62.00980 -175.06104     7.4631    30.6691    1475.14  0.000e+00
      5.647   62.00980 -175.06104     7.4635    30.6692    1475.14  0.000e+00
      5.647   62.00980 -175.06104     7.4631    30.6691    1475.14  0.000e+00
      5.701   62.00980 -175.06104     7.4623    30.6687    1475.14  0.000e+00
      5.647   62.00980 -175.06104     7.4608    30.6676    1475.13  0.000e+00
      5.647   62.00980 -175.06104     7.4579    30.6669    1475.12  0.000e+00
      5.701   62.00980 -175.06104     7.4544    30.6677    1475.11  0.000e+00
      5.701   62.00980 -175.06104     7.4521    30.6687    1475.10  0.000e+00
      5.701   62.00980 -175.06104     7.4505    30.6686    1475.09  0.000e+00
      5.701   62.00980 -175.06104     7.4492    30.6694    1475.09  0.000e+00
      5.701   62.00980 -175.06104     7.4486    30.6702    1475.09  0.000e+00
      5.794   62.00980 -175.06104     7.4480    30.6699    1475.08  0.000e+00
      5.763   62.00980 -175.06104     7.4470    30.6696    1475.08  0.000e+00
      5.763   62.00980 -175.06104     7.4463    30.6693    1475.08  0.000e+00
      5.817   62.00980 -175.06104     7.4459    30.6698    1475.08  0.000e+00
      5.763   62.00980 -175.06102     7.4455    30.6699    1475.07  0.000e+00
      5.817   62.00980 -175.06102     7.4453    30.6701    1475.07  0.000e+00
      5.817   62.00980 -175.06102     7.4454    30.6699    1475.07  0.000e+00
      5.817   62.00980 -175.06102     7.4446    30.6702    1475.07  0.000e+00
      5.879   62.00980 -175.06102     7.4439    30.6702    1475.07  0.000e+00
      5.817   62.00980 -175.06102     7.4432    30.6703    1475.07  0.000e+00
      5.879   62.00980 -175.06102     7.4444    30.6700    1475.07  0.000e+00
      5.848   62.00980 -175.06102     7.4454    30.6705    1475.08  0.000e+00
      5.879   62.00980 -175.06102     7.4463    30.6697    1475.08  0.000e+00
      5.879   62.00980 -175.06102     7.4467    30.6700    1475.08  0.000e+00
      5.933   62.00980 -175.06102     7.4459    30.6702    1475.08  0.000e+00
      5.879   62.00980 -175.06102     7.4459    30.6707    1475.08  0.000e+00
      5.933   62.00980 -175.06102     7.4469    30.6714    1475.08  0.000e+00
      5.933   62.00980 -175.06102     7.4473    30.6713    1475.09  0.000e+00
      5.933   62.00980 -175.06102     7.4469    30.6715    1475.08  0.000e+00
      5.933   62.00980 -175.06102     7.4473    30.6710    1475.09  0.000e+00
      5.933   62.00980 -175.06102     7.4485    30.6714    1475.09  0.000e+00
      5.933   62.00980 -175.06102     7.4492    30.6708    1475.09  0.000e+00
      5.933   62.00980 -175.06102     7.4497    30.6705    1475.09  0.000e+00
      5.964   62.00980 -175.06102     7.4486    30.6708    1475.09  0.000e+00
      5.987   62.00980 -175.06102     7.4450    30.6724    1475.08  0.000e+00
      5.987   62.00980 -175.06102     7.4409    30.6734    1475.06  0.000e+00
      5.933   62.00980 -175.06102     7.4378    30.6730    1475.05  0.000e+00
      6.049   62.00980 -175.06102     7.4359    30.6724    1475.04  0.000e+00
      5.933   62.00980 -175.06102     7.4346    30.6724    1475.04  0.000e+00
      5.987   62.00980 -175.06102     7.4338    30.6724    1475.04  0.000e+00
      6.049   62.00980 -175.06102     7.4334    30.6727    1475.04  0.000e+00
      5.987   62.00980 -175.06102     7.4341    30.6732    1475.04  0.000e+00
      5.987   62.00980 -175.06102     7.4359    30.6734    1475.05  0.000e+00
      6.049   62.00980 -175.06102     7.4396    30.6730    1475.06  0.000e+00
      6.018   62.00980 -175.06102     7.4430    30.6732    1475.07  0.000e+00
      5.987   62.00980 -175.06102     7.4488    30.6717    1475.09  0.000e+00
      6.049   62.00980 -175.06102     7.4542    30.6705    1475.11  0.000e+00
      5.987   62.00980 -175.06102     7.4532    30.6736    1475.11  0.000e+00
      6.049   62.00980 -175.06102     7.4560    30.6718    1475.12  0.000e+00
      6.049   62.00980 -175.06102     7.4589    30.6692    1475.13  0.000e+00
      5.987   62.00980 -175.06102     7.4602    30.6686    1475.13  0.000e+00
      6.049   62.00980 -175.06102     7.4608    30.6683    1475.14  0.000e+00
      6.049   62.00980 -175.06102     7.4614    30.6684    1475.14  0.000e+00
      6.049   62.00980 -175.06102     7.4616    30.6693    1475.14  0.000e+00
      6.049   62.00980 -175.06102     7.4611    30.6688    1475.14  0.000e+00
      6.018   62.00980 -175.06102     7.4581    30.6695    1475.13  0.000e+00
      6.049   62.00980 -175.06102     7.4553    30.6699    1475.12  0.000e+00
      6.049   62.00980 -175.06102     7.4537    30.6705    1475.11  0.000e+00
      6.049   62.00980 -175.06102     7.4526    30.6706    1475.11  0.000e+00
      6.049   62.00980 -175.06102     7.4520    30.6707    1475.10  0.000e+00
      6.103   62.00980 -175.06102     7.4518    30.6703    1475.10  0.000e+00
      6.049   62.00980 -175.06102     7.4511    30.6704    1475.10  0.000e+00
      6.049   62.00980 -175.06102     7.4497    30.6710    1475.10  0.000e+00
      6.049   62.00980 -175.06102     7.4489    30.6713    1475.09  0.000e+00
      6.049   62.00980 -175.06102     7.4486    30.6705    1475.09  0.000e+00
      6.103   62.00980 -175.06102     7.4487    30.6692    1475.09  0.000e+00
      6.018   62.00980 -175.06102     7.4483    30.6694    1475.09  0.000e+00
      6.103   62.00980 -175.06102     7.4482    30.6696    1475.09  0.000e+00
      6.049   62.00980 -175.06102     7.4457    30.6697    1475.08  0.000e+00
      6.049   62.00980 -175.06102     7.4419    30.6701    1475.07  0.000e+00
      6.103   62.00980 -175.06102     7.4397    30.6704    1475.06  0.000e+00
      6.049   62.00980 -175.06102     7.4404    30.6708    1475.06  0.000e+00
