EcoFOCI/data/1_SampleCollection/2023_SikuliaqDBO_CruiseData/CTD_raw_BottleFile_SKQ23-12S/proc/skq202312s_082.ros
* Sea-Bird SBE 9 Data File:
* FileName = D:\CTD\SKQ202312S\SKQ202312S_082.hex
* Software Version Seasave V 7.26.7.121
* Temperature SN = 6177
* Conductivity SN = 0369
* Number of Bytes Per Scan = 41
* Number of Voltage Words = 4
* Number of Scans Averaged by the Deck Unit = 1
* NMEA Latitude = 65 40.20 N
* NMEA Longitude = 168 22.04 W
* NMEA UTC (Time) = Oct 03 2023  09:48:47
* NMEA baud rate = 4800
** Ship: R/V Sikuliaq
** Station Number: 082
** Station Name: BS3
** Bottom Depth: 54
** Operator: SD
# nquan = 22
# nvalues = 882                                   
# units = specified
# name 0 = depSM: Depth [salt water, m]
# name 1 = latitude: Latitude [deg]
# name 2 = longitude: Longitude [deg]
# name 3 = prDM: Pressure, Digiquartz [db]
# name 4 = t090C: Temperature [ITS-90, deg C]
# name 5 = t190C: Temperature, 2 [ITS-90, deg C]
# name 6 = potemp090C: Potential Temperature [ITS-90, deg C]
# name 7 = sal00: Salinity, Practical [PSU]
# name 8 = sal11: Salinity, Practical, 2 [PSU]
# name 9 = density00: Density [density, kg/m^3]
# name 10 = sigma-é00: Density [sigma-theta, kg/m^3]
# name 11 = sbox0Mm/Kg: Oxygen, SBE 43 [umol/kg]
# name 12 = sbox1Mm/Kg: Oxygen, SBE 43, 2 [umol/kg]
# name 13 = oxsolMm/Kg: Oxygen Saturation, Garcia & Gordon [umol/kg]
# name 14 = sbeox0PS: Oxygen, SBE 43 [% saturation]
# name 15 = v0: Voltage 0
# name 16 = flECO-AFL: Fluorescence, WET Labs ECO-AFL/FL [mg/m^3]
# name 17 = CStarAt0: Beam Attenuation, WET Labs C-Star [1/m]
# name 18 = par: PAR/Irradiance, Biospherical/Licor
# name 19 = scan: Scan Count
# name 20 = nbf: Bottles Fired
# name 21 = flag:  0.000e+00
# interval = seconds: 0.0416667
# start_time = Oct 03 2023 09:52:12 [NMEA time, first data scan]
# bad_flag = -9.990e-29
*END*
[from data line 791]
      2.469   65.66970 -168.36946      2.494     6.1927     6.1902     6.1926    26.2890    26.2965  1020.6687    20.6571    290.177    281.089  318.81891     91.016     0.2808     1.3370     1.4161 3.1614e-01      18833         17  0.000e+00
      2.469   65.66970 -168.36946      2.494     6.1928     6.1902     6.1926    26.2891    26.2964  1020.6688    20.6571    290.153    281.056  318.81830     91.009     0.2808     1.3370     1.4161 3.2478e-01      18834         17  0.000e+00
      2.469   65.66970 -168.36946      2.494     6.1927     6.1904     6.1926    26.2888    26.2961  1020.6685    20.6569    289.928    280.836  318.81931     90.938     0.2808     1.3370     1.4161 3.1859e-01      18835         17  0.000e+00
      2.469   65.66970 -168.36946      2.494     6.1928     6.1902     6.1926    26.2889    26.2969  1020.6686    20.6569    289.908    280.963  318.81886     90.932     0.2808     1.3370     1.4161 2.6447e-01      18836         17  0.000e+00
      2.469   65.66970 -168.36946      2.494     6.1927     6.1899     6.1926    26.2890    26.2971  1020.6687    20.6570    289.863    280.945  318.81899     90.918     0.2796     1.3297     1.4161 2.4049e-01      18837         17  0.000e+00
      2.469   65.66970 -168.36946      2.494     6.1928     6.1901     6.1926    26.2887    26.2969  1020.6685    20.6568    290.053    280.922  318.81918     90.977     0.2808     1.3370     1.4161 2.3948e-01      18838         17  0.000e+00
      2.469   65.66970 -168.36946      2.494     6.1927     6.1899     6.1926    26.2887    26.2969  1020.6685    20.6568    289.838    280.920  318.81956     90.910     0.2796     1.3297     1.4161 2.9936e-01      18839         17  0.000e+00
      2.469   65.66970 -168.36946      2.494     6.1926     6.1897     6.1925    26.2890    26.2971  1020.6687    20.6570    290.004    280.916  318.81973     90.962     0.2808     1.3370     1.4161 3.3999e-01      18840         17  0.000e+00
      2.469   65.66970 -168.36946      2.494     6.1927     6.1904     6.1926    26.2891    26.2967  1020.6688    20.6572    289.821    281.090  318.81859     90.905     0.2796     1.3297     1.4161 3.4648e-01      18841         17  0.000e+00
      2.469   65.66970 -168.36946      2.494     6.1929     6.1912     6.1928    26.2889    26.2972  1020.6685    20.6569    289.990    280.911  318.81775     90.958     0.2808     1.3370     1.4161 3.1007e-01      18842         17  0.000e+00
      2.493   65.66970 -168.36946      2.517     6.1929     6.1920     6.1927    26.2885    26.2972  1020.6683    20.6566    289.785    280.898  318.81903     90.893     0.2796     1.3297     1.4161 2.8210e-01      18843         17  0.000e+00
      2.469   65.66970 -168.36946      2.494     6.1926     6.1918     6.1925    26.2886    26.2973  1020.6683    20.6567    289.785    281.074  318.82070     90.893     0.2808     1.3370     1.4161 2.7762e-01      18844         17  0.000e+00
      2.469   65.66970 -168.36946      2.494     6.1929     6.1910     6.1927    26.2882    26.2971  1020.6680    20.6564    289.758    281.088  318.81965     90.885     0.2796     1.3297     1.4161 2.8097e-01      18845         17  0.000e+00
      2.469   65.66970 -168.36946      2.494     6.1926     6.1912     6.1925    26.2882    26.2969  1020.6680    20.6564    289.736    280.911  318.82167     90.877     0.2808     1.3370     1.4161 2.8436e-01      18846         17  0.000e+00
      2.415   65.66970 -168.36946      2.439     6.1924     6.1912     6.1923    26.2883    26.2974  1020.6679    20.6565    289.947    281.079  318.82286     90.943     0.2796     1.3297     1.4161 2.8549e-01      18847         17  0.000e+00
      2.469   65.66970 -168.36946      2.494     6.1923     6.1912     6.1921    26.2882    26.2976  1020.6681    20.6564    289.756    281.085  318.82398     90.883     0.2796     1.3297     1.4161 2.8777e-01      18848         17  0.000e+00
      2.469   65.66970 -168.36946      2.494     6.1924     6.1913     6.1922    26.2882    26.2974  1020.6681    20.6564    289.769    281.088  318.82316     90.887     0.2808     1.3370     1.4161 2.9237e-01      18849         17  0.000e+00
      2.469   65.66970 -168.36946      2.494     6.1923     6.1913     6.1921    26.2888    26.2969  1020.6686    20.6570    289.815    281.091  318.82237     90.902     0.2808     1.3370     1.4161 2.9352e-01      18850         17  0.000e+00
      2.415   65.66970 -168.36946      2.439     6.1921     6.1910     6.1919    26.2893    26.2970  1020.6687    20.6573    289.805    281.110  318.82328     90.898     0.2808     1.3370     1.4161 2.9585e-01      18851         17  0.000e+00
      2.469   65.66970 -168.36946      2.494     6.1925     6.1910     6.1923    26.2887    26.2967  1020.6685    20.6569    289.626    281.112  318.82149     90.843     0.2808     1.3370     1.4161 3.0172e-01      18852         17  0.000e+00
      2.415   65.66970 -168.36946      2.439     6.1923     6.1907     6.1922    26.2887    26.2967  1020.6682    20.6568    289.799    281.110  318.82280     90.896     0.2808     1.3370     1.5635 3.0409e-01      18853         17  0.000e+00
      2.415   65.66970 -168.36946      2.439     6.1923     6.1905     6.1921    26.2885    26.2965  1020.6680    20.6567    289.801    281.108  318.82365     90.897     0.2796     1.3297     1.7262 2.8777e-01      18854         17  0.000e+00
      2.361   65.66970 -168.36946      2.385     6.1921     6.1905     6.1920    26.2886    26.2961  1020.6679    20.6568    289.803    281.120  318.82456     90.897     0.2808     1.3370     1.7615 2.3647e-01      18855         17  0.000e+00
      2.469   65.66970 -168.36946      2.494     6.1923     6.1904     6.1921    26.2887    26.2959  1020.6685    20.6569    289.812    281.139  318.82306     90.901     0.2796     1.3297     1.7518 2.1800e-01      18856         17  0.000e+00
      2.415   65.66970 -168.36946      2.439     6.1921     6.1902     6.1919    26.2892    26.2959  1020.6686    20.6572    289.411    281.151  318.82315     90.775     0.2808     1.3370     1.7454 2.2085e-01      18857         17  0.000e+00
      2.415   65.66970 -168.36946      2.439     6.1923     6.1902     6.1921    26.2888    26.2959  1020.6683    20.6569    289.774    281.162  318.82293     90.889     0.2808     1.3370     1.7438 2.5281e-01      18858         17  0.000e+00
      2.415   65.66970 -168.36946      2.439     6.1921     6.1904     6.1919    26.2888    26.2965  1020.6683    20.6569    289.790    281.171  318.82412     90.894     0.2821     1.3443     1.7438 2.6881e-01      18859         17  0.000e+00
      2.361   65.66970 -168.36946      2.385     6.1923     6.1907     6.1921    26.2888    26.2966  1020.6681    20.6570    289.805    281.177  318.82280     90.898     0.2808     1.3370     1.7438 2.6881e-01      18860         17  0.000e+00
      2.361   65.66970 -168.36946      2.385     6.1923     6.1910     6.1922    26.2890    26.2968  1020.6682    20.6571    289.825    281.183  318.82194     90.905     0.2821     1.3443     1.7438 2.5807e-01      18861         17  0.000e+00
      2.377   65.66970 -168.36946      2.401     6.1924     6.1913     6.1923    26.2892    26.2970  1020.6684    20.6572    289.847    281.189  318.82081     90.912     0.2808     1.3370     1.7438 2.5177e-01      18862         17  0.000e+00
      2.361   65.66970 -168.36946      2.385     6.1926     6.1913     6.1925    26.2893    26.2968  1020.6684    20.6573    289.870    281.197  318.81906     90.920     0.2821     1.3443     1.7438 2.5177e-01      18863         17  0.000e+00
      2.361   65.66970 -168.36946      2.385     6.1924     6.1915     6.1923    26.2893    26.2967  1020.6684    20.6573    289.899    281.203  318.82055     90.928     0.2808     1.3370     1.7438 2.9936e-01      18864         17  0.000e+00
      2.300   65.66970 -168.36946      2.323     6.1928     6.1912     6.1926    26.2888    26.2972  1020.6677    20.6569    289.925    281.208  318.81902     90.937     0.2821     1.3443     1.7438 3.3999e-01      18865         17  0.000e+00
      2.361   65.66970 -168.36946      2.385     6.1926     6.1912     6.1924    26.2891    26.2967  1020.6682    20.6571    289.960    281.217  318.81992     90.948     0.2821     1.3443     1.7438 3.4648e-01      18866         17  0.000e+00
      2.300   65.66970 -168.36946      2.323     6.1926     6.1912     6.1925    26.2891    26.2967  1020.6680    20.6572    289.992    281.219  318.81941     90.958     0.2821     1.3443     1.7438 3.7616e-01      18867         17  0.000e+00
      2.300   65.66970 -168.36946      2.323     6.1926     6.1908     6.1924    26.2892    26.2967  1020.6680    20.6572    290.029    281.226  318.81970     90.970     0.2821     1.3443     1.7438 4.1070e-01      18868         17  0.000e+00
      2.246   65.66970 -168.36946      2.268     6.1926     6.1908     6.1925    26.2889    26.2965  1020.6676    20.6570    290.037    281.044  318.81984     90.972     0.2808     1.3370     1.7454 4.1970e-01      18869         17  0.000e+00
      2.300   65.66970 -168.36946      2.323     6.1927     6.1907     6.1926    26.2891    26.2966  1020.6680    20.6571    290.456    281.195  318.81867     91.104     0.2821     1.3443     1.7438 3.8884e-01      18870         17  0.000e+00
      2.246   65.66970 -168.36946      2.268     6.1926     6.1905     6.1925    26.2894    26.2968  1020.6679    20.6573    290.114    281.176  318.81887     90.996     0.2821     1.3443     1.7438 3.5042e-01      18871         17  0.000e+00
      2.246   65.66970 -168.36946      2.268     6.1927     6.1907     6.1926    26.2898    26.2964  1020.6683    20.6577    290.123    281.156  318.81700     91.000     0.2821     1.3443     1.7438 3.4258e-01      18872         17  0.000e+00
      2.246   65.66970 -168.36946      2.268     6.1928     6.1905     6.1926    26.2896    26.2964  1020.6681    20.6575    290.195    281.137  318.81711     91.022     0.2808     1.3370     1.6409 3.3106e-01      18873         17  0.000e+00
      2.246   65.66970 -168.36946      2.268     6.1926     6.1902     6.1924    26.2895    26.2962  1020.6680    20.6574    290.212    280.952  318.81900     91.027     0.2821     1.3443     1.4502 3.0528e-01      18874         17  0.000e+00
      2.300   65.66970 -168.36946      2.323     6.1899     6.1915     6.1897    26.2873    26.2969  1020.6668    20.6560    290.007    278.633  318.84440     90.956     0.2735     1.2930     1.4087 3.4518e-01      18945         18  0.000e+00
      2.362   65.66970 -168.36946      2.385     6.1902     6.1915     6.1900    26.2872    26.2970  1020.6670    20.6559    289.968    278.650  318.84239     90.944     0.2747     1.3004     1.4087 3.2979e-01      18946         18  0.000e+00
      2.261   65.66970 -168.36946      2.284     6.1902     6.1915     6.1900    26.2871    26.2972  1020.6665    20.6558    290.159    278.665  318.84262     91.004     0.2747     1.3004     1.4087 3.2478e-01      18947         18  0.000e+00
      2.362   65.66970 -168.36946      2.385     6.1902     6.1915     6.1900    26.2872    26.2968  1020.6670    20.6559    290.155    278.691  318.84239     91.003     0.2747     1.3004     1.4087 3.2979e-01      18948         18  0.000e+00
      2.300   65.66970 -168.36946      2.323     6.1902     6.1916     6.1900    26.2871    26.2971  1020.6666    20.6558    290.174    278.712  318.84265     91.009     0.2747     1.3004     1.4087 3.6925e-01      18949         18  0.000e+00
      2.300   65.66970 -168.36946      2.323     6.1900     6.1916     6.1899    26.2872    26.2969  1020.6667    20.6559    290.198    278.760  318.84361     91.016     0.2735     1.2930     1.4087 3.8741e-01      18950         18  0.000e+00
      2.300   65.66970 -168.36946      2.323     6.1900     6.1918     6.1899    26.2873    26.2967  1020.6668    20.6560    290.221    278.771  318.84328     91.023     0.2747     1.3004     1.4087 3.8741e-01      18951         18  0.000e+00
      2.362   65.66970 -168.36946      2.385     6.1900     6.1918     6.1899    26.2877    26.2969  1020.6674    20.6563    290.248    278.788  318.84229     91.032     0.2747     1.3004     1.4087 3.6788e-01      18952         18  0.000e+00
      2.300   65.66970 -168.36946      2.323     6.1900     6.1920     6.1899    26.2880    26.2967  1020.6674    20.6566    290.241    278.821  318.84151     91.030     0.2747     1.3004     1.4087 3.5706e-01      18953         18  0.000e+00
      2.362   65.66970 -168.36946      2.385     6.1902     6.1920     6.1900    26.2880    26.2968  1020.6676    20.6565    290.269    278.844  318.84053     91.039     0.2735     1.2930     1.4072 3.5573e-01      18954         18  0.000e+00
      2.300   65.66970 -168.36946      2.323     6.1902     6.1918     6.1900    26.2881    26.2970  1020.6675    20.6566    290.497    278.865  318.84015     91.111     0.2747     1.3004     1.4043 3.3871e-01      18955         18  0.000e+00
      2.362   65.66970 -168.36946      2.385     6.1904     6.1918     6.1902    26.2878    26.2970  1020.6675    20.6564    290.321    278.892  318.83929     91.056     0.2735     1.2930     1.4028 3.2603e-01      18956         18  0.000e+00
      2.300   65.66970 -168.36946      2.323     6.1905     6.1920     6.1903    26.2879    26.2970  1020.6672    20.6564    290.346    278.915  318.83840     91.064     0.2747     1.3004     1.4043 3.2478e-01      18957         18  0.000e+00
      2.362   65.66970 -168.36946      2.385     6.1907     6.1916     6.1905    26.2873    26.2973  1020.6670    20.6559    290.347    279.133  318.83835     91.064     0.2735     1.2930     1.4043 3.3486e-01      18958         18  0.000e+00
      2.300   65.66970 -168.36946      2.323     6.1905     6.1918     6.1903    26.2875    26.2969  1020.6669    20.6561    290.374    278.996  318.83945     91.072     0.2772     1.3150     1.4043 3.4779e-01      18959         18  0.000e+00
      2.362   65.66970 -168.36946      2.385     6.1908     6.1918     6.1907    26.2872    26.2967  1020.6670    20.6558    290.404    279.032  318.83732     91.082     0.2784     1.3223     1.4043 3.4911e-01      18960         18  0.000e+00
      2.362   65.66970 -168.36946      2.385     6.1906     6.1920     6.1905    26.2872    26.2970  1020.6669    20.6558    290.407    279.066  318.83896     91.083     0.2808     1.3370     1.4028 3.3999e-01      18961         18  0.000e+00
      2.362   65.66970 -168.36946      2.385     6.1908     6.1920     6.1907    26.2872    26.2970  1020.6669    20.6558    290.407    279.104  318.83748     91.083     0.2796     1.3297     1.4043 3.2853e-01      18962         18  0.000e+00
      2.362   65.66970 -168.36946      2.385     6.1908     6.1921     6.1906    26.2878    26.2967  1020.6674    20.6563    290.437    278.941  318.83640     91.093     0.2796     1.3297     1.4043 3.2603e-01      18963         18  0.000e+00
      2.362   65.66970 -168.36946      2.385     6.1908     6.1921     6.1907    26.2874    26.2968  1020.6671    20.6560    290.440    278.945  318.83691     91.094     0.2808     1.3370     1.4043 3.1859e-01      18964         18  0.000e+00
      2.377   65.66970 -168.36946      2.401     6.1910     6.1920     6.1908    26.2873    26.2971  1020.6671    20.6559    290.442    279.137  318.83635     91.094     0.2796     1.3297     1.4043 3.0647e-01      18965         18  0.000e+00
      2.362   65.66970 -168.36946      2.385     6.1910     6.1920     6.1908    26.2873    26.2968  1020.6670    20.6559    290.444    279.164  318.83588     91.095     0.2808     1.3370     1.4043 3.0172e-01      18966         18  0.000e+00
