EcoFOCI/data/1_SampleCollection/2023_SikuliaqDBO_CruiseData/CTD_raw_BottleFile_SKQ23-12S/proc/skq202312s_026.cnv
* Sea-Bird SBE 9 Data File:
* FileName = D:\CTD\SKQ202312S\SKQ202312S_026.hex
* Software Version Seasave V 7.26.7.121
* Temperature SN = 6177
* Conductivity SN = 0369
* Number of Bytes Per Scan = 41
* Number of Voltage Words = 4
* Number of Scans Averaged by the Deck Unit = 1
* NMEA Latitude = 71 17.26 N
* NMEA Longitude = 157 14.75 W
* NMEA UTC (Time) = Sep 20 2023  23:14:47
* NMEA baud rate = 4800
** Ship: R/V Sikuliaq
** Station Number: 026
** Station Name: DBO5.2
** Bottom Depth: 56
** Operator: SD
# nquan = 24
# nvalues = 5478                                  
# units = specified
# name 0 = depSM: Depth [salt water, m]
# name 1 = latitude: Latitude [deg]
# name 2 = longitude: Longitude [deg]
# name 3 = prDM: Pressure, Digiquartz [db]
# name 4 = t090C: Temperature [ITS-90, deg C]
# name 5 = t190C: Temperature, 2 [ITS-90, deg C]
# name 6 = potemp090C: Potential Temperature [ITS-90, deg C]
# name 7 = sal00: Salinity, Practical [PSU]
# name 8 = sal11: Salinity, Practical, 2 [PSU]
# name 9 = density00: Density [density, kg/m^3]
# name 10 = sigma-é00: Density [sigma-theta, kg/m^3]
# name 11 = sbox0Mm/Kg: Oxygen, SBE 43 [umol/kg]
# name 12 = sbox1Mm/Kg: Oxygen, SBE 43, 2 [umol/kg]
# name 13 = oxsolMm/Kg: Oxygen Saturation, Garcia & Gordon [umol/kg]
# name 14 = sbeox0PS: Oxygen, SBE 43 [% saturation]
# name 15 = sbeox1PS: Oxygen, SBE 43, 2 [% saturation]
# name 16 = v0: Voltage 0
# name 17 = flECO-AFL: Fluorescence, WET Labs ECO-AFL/FL [mg/m^3]
# name 18 = v1: Voltage 1
# name 19 = CStarAt0: Beam Attenuation, WET Labs C-Star [1/m]
# name 20 = par: PAR/Irradiance, Biospherical/Licor
# name 21 = scan: Scan Count
# name 22 = timeM: Time, Elapsed [minutes]
# name 23 = flag:  0.000e+00
# span 0 =      2.412,     51.387                 
# span 1 =   71.28776,   71.28778                 
# span 2 = -157.24544, -157.24540                 
# span 3 =      2.437,     51.923                 
# span 4 =     2.1595,     4.5957                 
# span 5 =     2.1601,     4.5974                 
# span 6 =     2.1570,     4.5946                 
# span 7 =    30.2644,    31.7894                 
# span 8 =    30.2852,    31.8021                 
# span 9 =  1023.9938,  1025.6305                 
# span 10 =    23.9794,    25.3877                
# span 11 =    298.380,    319.188                
# span 12 =    282.435,    303.335                
# span 13 =  320.74021,  337.52632                
# span 14 =     92.199,     95.928                
# span 15 =     87.243,     91.914                
# span 16 =     0.0855,     0.2210                
# span 17 =     0.1648,     0.9780                
# span 18 =     2.2137,     4.0708                
# span 19 =     0.5854,     3.0232                
# span 20 = 1.0000e-12, 1.7325e+02                
# span 21 =          1,       5478                
# span 22 =     0.0000,     3.8035                
# span 23 = 0.0000e+00, 0.0000e+00                
# interval = seconds: 0.0416667
# start_time = Sep 20 2023 23:18:27 [NMEA time, first data scan]
# bad_flag = -9.990e-29
*END*
[from data line 4650]
     50.924   71.28778 -157.24542     51.456     2.1610     2.1618     2.1586    31.7848    31.7957  1025.6281    25.3851    315.577    302.380  337.51373     93.501     89.600     0.0977     0.2381     3.0256     1.7727 1.0000e-12       4651     3.2292  0.000e+00
     50.924   71.28778 -157.24542     51.456     2.1612     2.1616     2.1587    31.7846    31.7962  1025.6279    25.3849    315.644    302.556  337.51287     93.521     89.652     0.0977     0.2381     3.0256     1.7727 1.0000e-12       4652     3.2299  0.000e+00
     50.986   71.28778 -157.24542     51.518     2.1612     2.1618     2.1587    31.7846    31.7961  1025.6282    25.3849    315.675    302.549  337.51286     93.530     89.650     0.0977     0.2381     3.0256     1.7727 1.0000e-12       4653     3.2306  0.000e+00
     50.924   71.28778 -157.24542     51.456     2.1610     2.1616     2.1586    31.7848    31.7959  1025.6281    25.3850    315.739    302.560  337.51383     93.549     89.653     0.0989     0.2454     3.0269     1.7711 1.0000e-12       4654     3.2313  0.000e+00
     50.870   71.28778 -157.24542     51.401     2.1612     2.1617     2.1587    31.7845    31.7961  1025.6276    25.3848    315.724    302.563  337.51321     93.544     89.654     0.0977     0.2381     3.0256     1.7727 1.0000e-12       4655     3.2319  0.000e+00
     50.986   71.28778 -157.24542     51.518     2.1609     2.1616     2.1584    31.7848    31.7963  1025.6284    25.3850    315.715    302.771  337.51477     93.541     89.715     0.0977     0.2381     3.0269     1.7711 1.0000e-12       4656     3.2326  0.000e+00
     50.924   71.28778 -157.24542     51.456     2.1610     2.1613     2.1586    31.7846    31.7966  1025.6280    25.3849    315.693    302.764  337.51425     93.535     89.713     0.0977     0.2381     3.0256     1.7727 1.0000e-12       4657     3.2333  0.000e+00
     50.924   71.28778 -157.24542     51.456     2.1610     2.1618     2.1586    31.7847    31.7961  1025.6280    25.3850    315.710    302.773  337.51404     93.540     89.716     0.0977     0.2381     3.0269     1.7711 1.0000e-12       4658     3.2340  0.000e+00
     50.870   71.28778 -157.24542     51.401     2.1610     2.1615     2.1586    31.7846    31.7965  1025.6277    25.3849    315.497    302.551  337.51417     93.477     89.650     0.0977     0.2381     3.0256     1.7727 1.0000e-12       4659     3.2347  0.000e+00
     50.924   71.28778 -157.24542     51.456     2.1612     2.1618     2.1587    31.7845    31.7961  1025.6279    25.3848    315.702    302.502  337.51308     93.538     89.636     0.0977     0.2381     3.0281     1.7695 1.0000e-12       4660     3.2354  0.000e+00
     50.924   71.28778 -157.24542     51.456     2.1609     2.1616     2.1584    31.7847    31.7960  1025.6281    25.3850    315.718    302.675  337.51489     93.542     89.687     0.0977     0.2381     3.0281     1.7695 1.0000e-12       4661     3.2361  0.000e+00
     50.870   71.28778 -157.24542     51.401     2.1610     2.1616     2.1586    31.7847    31.7962  1025.6278    25.3850    315.728    302.660  337.51397     93.545     89.683     0.0977     0.2381     3.0281     1.7695 8.4714e-06       4662     3.2368  0.000e+00
     50.924   71.28778 -157.24542     51.456     2.1612     2.1616     2.1587    31.7849    31.7963  1025.6281    25.3851    315.661    302.669  337.51225     93.526     89.685     0.0989     0.2454     3.0281     1.7695 1.0000e-12       4663     3.2375  0.000e+00
     50.870   71.28778 -157.24542     51.401     2.1612     2.1618     2.1587    31.7847    31.7962  1025.6278    25.3850    315.665    302.643  337.51259     93.527     89.678     0.0977     0.2381     3.0281     1.7695 1.0000e-12       4664     3.2382  0.000e+00
     50.924   71.28778 -157.24542     51.456     2.1612     2.1618     2.1587    31.7849    31.7961  1025.6281    25.3851    315.672    302.413  337.51225     93.529     89.610     0.0977     0.2381     3.0281     1.7695 8.4714e-06       4665     3.2389  0.000e+00
     50.870   71.28778 -157.24542     51.401     2.1610     2.1622     2.1586    31.7847    31.7957  1025.6278    25.3850    315.448    302.577  337.51407     93.462     89.659     0.0977     0.2381     3.0281     1.7695 1.0000e-12       4666     3.2396  0.000e+00
     50.924   71.28778 -157.24542     51.456     2.1610     2.1624     2.1586    31.7847    31.7960  1025.6281    25.3850    315.416    302.563  337.51394     93.453     89.655     0.0977     0.2381     3.0281     1.7695 1.0000e-12       4667     3.2403  0.000e+00
     50.816   71.28778 -157.24542     51.346     2.1612     2.1626     2.1587    31.7847    31.7961  1025.6275    25.3849    315.375    302.740  337.51272     93.441     89.708     0.0977     0.2381     3.0281     1.7695 1.0000e-12       4668     3.2410  0.000e+00
     50.924   71.28778 -157.24542     51.456     2.1610     2.1625     2.1586    31.7850    31.7961  1025.6283    25.3852    315.346    302.769  337.51321     93.432     89.717     0.0977     0.2381     3.0281     1.7695 1.0000e-12       4669     3.2417  0.000e+00
     50.870   71.28778 -157.24542     51.401     2.1612     2.1626     2.1587    31.7854    31.7961  1025.6283    25.3855    315.080    302.558  337.51093     93.354     89.654     0.0989     0.2454     3.0281     1.7695 1.0000e-12       4670     3.2424  0.000e+00
     50.870   71.28778 -157.24542     51.401     2.1617     2.1627     2.1592    31.7852    31.7962  1025.6281    25.3854    315.232    302.344  337.50711     93.400     89.591     0.0977     0.2381     3.0281     1.7695 8.4714e-06       4671     3.2431  0.000e+00
     50.870   71.28778 -157.24542     51.401     2.1620     2.1627     2.1595    31.7854    31.7957  1025.6283    25.3855    315.195    302.307  337.50384     93.390     89.580     0.0989     0.2454     3.0281     1.7695 1.0000e-12       4672     3.2437  0.000e+00
     50.816   71.28778 -157.24542     51.346     2.1625     2.1626     2.1600    31.7853    31.7964  1025.6279    25.3854    315.383    302.264  337.50048     93.447     89.567     0.0977     0.2381     3.0281     1.7695 1.0000e-12       4673     3.2444  0.000e+00
     50.870   71.28778 -157.24542     51.401     2.1626     2.1627     2.1601    31.7859    31.7961  1025.6286    25.3858    315.385    302.424  337.49762     93.448     89.615     0.0977     0.2381     3.0281     1.7695 1.0000e-12       4674     3.2451  0.000e+00
     50.816   71.28778 -157.24542     51.346     2.1629     2.1630     2.1605    31.7860    31.7959  1025.6284    25.3858    315.381    302.599  337.49469     93.448     89.667     0.0977     0.2381     3.0281     1.7695 1.0000e-12       4675     3.2458  0.000e+00
     50.816   71.28778 -157.24542     51.346     2.1633     2.1629     2.1608    31.7855    31.7963  1025.6280    25.3855    315.153    302.595  337.49298     93.381     89.666     0.0977     0.2381     3.0281     1.7695 8.4714e-06       4676     3.2465  0.000e+00
     50.870   71.28778 -157.24542     51.401     2.1635     2.1626     2.1610    31.7849    31.7965  1025.6278    25.3850    315.117    302.388  337.49228     93.370     89.604     0.0977     0.2381     3.0281     1.7695 1.0000e-12       4677     3.2472  0.000e+00
     50.816   71.28778 -157.24542     51.346     2.1639     2.1627     2.1614    31.7850    31.7957  1025.6276    25.3850    314.847    302.349  337.48925     93.291     89.592     0.0977     0.2381     3.0281     1.7695 1.0000e-12       4678     3.2479  0.000e+00
     50.816   71.28778 -157.24542     51.346     2.1640     2.1626     2.1615    31.7847    31.7957  1025.6273    25.3848    314.999    302.308  337.48860     93.336     89.580     0.0989     0.2454     3.0281     1.7695 1.0000e-12       4679     3.2486  0.000e+00
     50.816   71.28778 -157.24542     51.346     2.1644     2.1624     2.1619    31.7846    31.7960  1025.6272    25.3846    315.187    302.263  337.48626     93.392     89.567     0.0977     0.2381     3.0269     1.7711 1.0000e-12       4680     3.2493  0.000e+00
     50.816   71.28778 -157.24542     51.346     2.1644     2.1624     2.1619    31.7851    31.7957  1025.6275    25.3850    315.185    302.240  337.48501     93.392     89.559     0.0989     0.2454     3.0256     1.7727 8.4714e-06       4681     3.2500  0.000e+00
     50.816   71.28778 -157.24542     51.346     2.1645     2.1622     2.1620    31.7847    31.7958  1025.6272    25.3847    315.183    302.214  337.48468     93.392     89.551     0.0977     0.2381     3.0256     1.7727 1.0000e-12       4682     3.2507  0.000e+00
     50.755   71.28778 -157.24542     51.284     2.1647     2.1624     2.1622    31.7841    31.7959  1025.6265    25.3843    315.177    302.179  337.48467     93.390     89.541     0.0965     0.2308     3.0256     1.7727 1.0000e-12       4683     3.2514  0.000e+00
     50.816   71.28778 -157.24542     51.346     2.1645     2.1622     2.1620    31.7847    31.7961  1025.6272    25.3847    315.175    302.148  337.48468     93.390     89.532     0.0952     0.2234     3.0256     1.7727 1.0000e-12       4684     3.2521  0.000e+00
     50.755   71.28778 -157.24542     51.284     2.1645     2.1622     2.1620    31.7841    31.7959  1025.6265    25.3843    315.207    302.312  337.48604     93.399     89.581     0.0952     0.2234     3.0256     1.7727 1.0000e-12       4685     3.2528  0.000e+00
     50.755   71.28778 -157.24542     51.284     2.1647     2.1622     2.1622    31.7840    31.7960  1025.6264    25.3842    315.200    302.093  337.48498     93.397     89.516     0.0940     0.2161     3.0256     1.7727 1.0000e-12       4686     3.2535  0.000e+00
     50.755   71.28778 -157.24542     51.284     2.1642     2.1626     2.1617    31.7845    31.7960  1025.6268    25.3846    315.195    302.249  337.48776     93.394     89.563     0.0952     0.2234     3.0256     1.7727 8.4714e-06       4687     3.2542  0.000e+00
     50.816   71.28778 -157.24542     51.346     2.1645     2.1626     2.1620    31.7842    31.7961  1025.6269    25.3843    315.186    302.051  337.48582     93.392     89.504     0.0965     0.2308     3.0256     1.7727 1.0000e-12       4688     3.2549  0.000e+00
     50.701   71.28778 -157.24542     51.230     2.1647     2.1626     2.1622    31.7841    31.7959  1025.6262    25.3842    315.169    302.225  337.48480     93.388     89.555     0.0952     0.2234     3.0256     1.7727 8.4714e-06       4689     3.2556  0.000e+00
     50.755   71.28778 -157.24542     51.284     2.1648     2.1627     2.1624    31.7844    31.7962  1025.6267    25.3844    315.196    302.019  337.48267     93.396     89.495     0.0952     0.2234     3.0256     1.7727 1.0000e-12       4690     3.2563  0.000e+00
     50.755   71.28778 -157.24542     51.284     2.1648     2.1627     2.1624    31.7841    31.7960  1025.6264    25.3842    315.184    301.990  337.48339     93.392     89.486     0.0952     0.2234     3.0256     1.7727 1.0000e-12       4691     3.2569  0.000e+00
     50.755   71.28778 -157.24542     51.284     2.1648     2.1629     2.1624    31.7841    31.7960  1025.6264    25.3842    314.983    301.957  337.48339     93.333     89.477     0.0952     0.2234     3.0256     1.7727 8.4714e-06       4692     3.2576  0.000e+00
     50.701   71.28778 -157.24542     51.230     2.1648     2.1627     2.1624    31.7842    31.7963  1025.6263    25.3843    315.156    301.922  337.48301     93.384     89.466     0.0952     0.2234     3.0256     1.7727 1.0000e-12       4693     3.2583  0.000e+00
     50.701   71.28778 -157.24542     51.230     2.1651     2.1629     2.1626    31.7839    31.7962  1025.6260    25.3841    315.140    301.886  337.48151     93.380     89.456     0.0952     0.2234     3.0256     1.7727 1.0000e-12       4694     3.2590  0.000e+00
     50.755   71.28778 -157.24542     51.284     2.1648     2.1629     2.1624    31.7840    31.7959  1025.6264    25.3841    315.168    302.078  337.48360     93.388     89.513     0.0965     0.2308     3.0256     1.7727 1.0000e-12       4695     3.2597  0.000e+00
     50.701   71.28778 -157.24542     51.230     2.1647     2.1629     2.1622    31.7839    31.7955  1025.6260    25.3840    315.192    301.859  337.48532     93.394     89.448     0.0952     0.2234     3.0256     1.7727 8.4714e-06       4696     3.2604  0.000e+00
     50.701   71.28778 -157.24542     51.230     2.1644     2.1630     2.1619    31.7846    31.7959  1025.6266    25.3847    315.216    301.816  337.48620     93.401     89.435     0.0965     0.2308     3.0256     1.7727 1.0000e-12       4697     3.2611  0.000e+00
     50.701   71.28778 -157.24542     51.230     2.1642     2.1630     2.1617    31.7844    31.7957  1025.6265    25.3845    315.242    301.772  337.48799     93.408     89.422     0.0952     0.2234     3.0256     1.7727 1.0000e-12       4698     3.2618  0.000e+00
     50.701   71.28778 -157.24542     51.230     2.1644     2.1630     2.1619    31.7842    31.7959  1025.6263    25.3843    315.264    301.751  337.48734     93.415     89.416     0.0965     0.2308     3.0256     1.7727 1.0000e-12       4699     3.2625  0.000e+00
     50.701   71.28778 -157.24542     51.230     2.1644     2.1630     2.1619    31.7839    31.7962  1025.6261    25.3841    315.289    301.906  337.48796     93.422     89.462     0.0952     0.2234     3.0232     1.7760 1.0000e-12       4700     3.2632  0.000e+00
     50.701   71.28778 -157.24542     51.230     2.1642     2.1630     2.1617    31.7840    31.7959  1025.6262    25.3842    315.540    301.907  337.48903     93.496     89.462     0.0952     0.2234     3.0208     1.7792 1.0000e-12       4701     3.2639  0.000e+00
     50.701   71.28778 -157.24542     51.230     2.1640     2.1632     2.1615    31.7838    31.7958  1025.6260    25.3840    315.375    301.701  337.49113     93.447     89.402     0.0952     0.2234     3.0208     1.7792 1.0000e-12       4702     3.2646  0.000e+00
     50.701   71.28778 -157.24542     51.230     2.1640     2.1629     2.1615    31.7838    31.7959  1025.6260    25.3841    315.397    301.676  337.49092     93.454     89.394     0.0952     0.2234     3.0208     1.7792 1.0000e-12       4703     3.2653  0.000e+00
     50.639   71.28778 -157.24542     51.167     2.1635     2.1629     2.1611    31.7842    31.7961  1025.6261    25.3844    315.420    301.645  337.49414     93.459     89.384     0.0965     0.2308     3.0208     1.7792 8.4714e-06       4704     3.2660  0.000e+00
     50.639   71.28778 -157.24542     51.167     2.1634     2.1629     2.1610    31.7843    31.7956  1025.6261    25.3845    315.443    301.642  337.49488     93.466     89.383     0.0952     0.2234     3.0208     1.7792 8.4714e-06       4705     3.2667  0.000e+00
     50.701   71.28778 -157.24542     51.230     2.1635     2.1630     2.1611    31.7843    31.7963  1025.6264    25.3845    315.466    301.638  337.49391     93.473     89.383     0.0952     0.2234     3.0208     1.7792 1.0000e-12       4706     3.2674  0.000e+00
     50.639   71.28778 -157.24542     51.167     2.1637     2.1632     2.1612    31.7843    31.7958  1025.6261    25.3844    315.484    301.631  337.49255     93.479     89.381     0.0952     0.2234     3.0208     1.7792 1.0000e-12       4707     3.2681  0.000e+00
     50.639   71.28778 -157.24542     51.167     2.1637     2.1630     2.1612    31.7840    31.7960  1025.6259    25.3843    315.468    301.602  337.49318     93.474     89.372     0.0965     0.2308     3.0208     1.7792 1.0000e-12       4708     3.2687  0.000e+00
     50.639   71.28778 -157.24542     51.167     2.1635     2.1631     2.1611    31.7844    31.7960  1025.6262    25.3845    315.489    301.571  337.49372     93.480     89.363     0.0952     0.2234     3.0208     1.7792 8.4714e-06       4709     3.2694  0.000e+00
