EcoFOCI/data/1_SampleCollection/2023_SikuliaqDBO_CruiseData/CTD_raw_BottleFile_SKQ23-12S/proc/skq202312s_060.ros
* Sea-Bird SBE 9 Data File:
* FileName = D:\CTD\SKQ202312S\SKQ202312S_060.hex
* Software Version Seasave V 7.26.7.121
* Temperature SN = 6177
* Conductivity SN = 0369
* Number of Bytes Per Scan = 41
* Number of Voltage Words = 4
* Number of Scans Averaged by the Deck Unit = 1
* NMEA Latitude = 71 36.06 N
* NMEA Longitude = 165 18.28 W
* NMEA UTC (Time) = Sep 27 2023  22:11:30
* NMEA baud rate = 4800
** Ship: R/V Sikuliaq
** Station Number: 060
** Station Name: IC3
** Bottom Depth: 42
** Operator: SD
# nquan = 22
# nvalues = 784                                   
# units = specified
# name 0 = depSM: Depth [salt water, m]
# name 1 = latitude: Latitude [deg]
# name 2 = longitude: Longitude [deg]
# name 3 = prDM: Pressure, Digiquartz [db]
# name 4 = t090C: Temperature [ITS-90, deg C]
# name 5 = t190C: Temperature, 2 [ITS-90, deg C]
# name 6 = potemp090C: Potential Temperature [ITS-90, deg C]
# name 7 = sal00: Salinity, Practical [PSU]
# name 8 = sal11: Salinity, Practical, 2 [PSU]
# name 9 = density00: Density [density, kg/m^3]
# name 10 = sigma-é00: Density [sigma-theta, kg/m^3]
# name 11 = sbox0Mm/Kg: Oxygen, SBE 43 [umol/kg]
# name 12 = sbox1Mm/Kg: Oxygen, SBE 43, 2 [umol/kg]
# name 13 = oxsolMm/Kg: Oxygen Saturation, Garcia & Gordon [umol/kg]
# name 14 = sbeox0PS: Oxygen, SBE 43 [% saturation]
# name 15 = v0: Voltage 0
# name 16 = flECO-AFL: Fluorescence, WET Labs ECO-AFL/FL [mg/m^3]
# name 17 = CStarAt0: Beam Attenuation, WET Labs C-Star [1/m]
# name 18 = par: PAR/Irradiance, Biospherical/Licor
# name 19 = scan: Scan Count
# name 20 = nbf: Bottles Fired
# name 21 = flag:  0.000e+00
# interval = seconds: 0.0416667
# start_time = Sep 27 2023 22:14:51 [NMEA time, first data scan]
# bad_flag = -9.990e-29
*END*
[from data line 132]
     36.835   71.60090 -165.30478     37.219    -1.0211    -1.0301    -1.0219    32.4798    32.4929  1026.2908    26.1117    266.515    253.531  364.56874     73.104     0.1636     0.6337     1.6393 2.2634e+00       5986          3  0.000e+00
     36.843   71.60090 -165.30478     37.227    -1.0216    -1.0303    -1.0224    32.4810    32.4927  1026.2918    26.1126    266.535    253.535  364.57045     73.109     0.1624     0.6264     1.6393 2.2634e+00       5987          3  0.000e+00
     36.789   71.60090 -165.30478     37.172    -1.0215    -1.0304    -1.0224    32.4803    32.4933  1026.2910    26.1121    266.298    253.536  364.57182     73.044     0.1636     0.6337     1.6393 2.2634e+00       5988          3  0.000e+00
     36.835   71.60090 -165.30478     37.219    -1.0211    -1.0310    -1.0219    32.4793    32.4938  1026.2904    26.1112    266.524    253.544  364.57033     73.106     0.1624     0.6264     1.6393 2.2701e+00       5989          3  0.000e+00
     36.843   71.60090 -165.30478     37.227    -1.0211    -1.0312    -1.0220    32.4791    32.4936  1026.2902    26.1111    266.291    253.519  364.57158     73.042     0.1636     0.6337     1.6393 2.2701e+00       5990          3  0.000e+00
     36.789   71.60090 -165.30478     37.172    -1.0213    -1.0312    -1.0221    32.4792    32.4936  1026.2901    26.1111    266.264    253.716  364.57237     73.035     0.1636     0.6337     1.6393 2.2768e+00       5991          3  0.000e+00
     36.835   71.60090 -165.30478     37.219    -1.0215    -1.0313    -1.0224    32.4790    32.4937  1026.2902    26.1110    265.991    253.528  364.57557     72.959     0.1624     0.6264     1.6393 2.2768e+00       5992          3  0.000e+00
     36.789   71.60090 -165.30478     37.172    -1.0218    -1.0311    -1.0226    32.4787    32.4935  1026.2897    26.1108    266.432    253.755  364.57872     73.079     0.1636     0.6337     1.6393 2.2835e+00       5993          3  0.000e+00
     36.789   71.60090 -165.30478     37.172    -1.0222    -1.0312    -1.0230    32.4784    32.4934  1026.2895    26.1105    266.464    253.792  364.58357     73.087     0.1624     0.6264     1.6393 2.2835e+00       5994          3  0.000e+00
     36.843   71.60090 -165.30478     37.227    -1.0229    -1.0310    -1.0238    32.4783    32.4928  1026.2897    26.1105    266.246    253.830  364.59105     73.026     0.1636     0.6337     1.6393 2.2835e+00       5995          3  0.000e+00
     36.774   71.60090 -165.30478     37.156    -1.0234    -1.0312    -1.0243    32.4788    32.4929  1026.2898    26.1110    266.433    253.864  364.59446     73.076     0.1624     0.6264     1.6393 2.2835e+00       5996          3  0.000e+00
     36.789   71.60090 -165.30478     37.172    -1.0240    -1.0312    -1.0248    32.4795    32.4929  1026.2905    26.1115    266.464    253.869  364.59803     73.084     0.1624     0.6264     1.6393 2.2835e+00       5997          3  0.000e+00
     36.789   71.60090 -165.30478     37.172    -1.0249    -1.0312    -1.0258    32.4799    32.4926  1026.2908    26.1118    266.499    253.904  364.60594     73.092     0.1624     0.6264     1.6347 2.2835e+00       5998          3  0.000e+00
     36.774   71.60090 -165.30478     37.156    -1.0252    -1.0310    -1.0260    32.4797    32.4926  1026.2906    26.1117    266.275    253.937  364.60915     73.030     0.1612     0.6190     1.6300 2.2971e+00       5999          3  0.000e+00
     36.789   71.60090 -165.30478     37.172    -1.0259    -1.0312    -1.0267    32.4795    32.4929  1026.2905    26.1116    266.264    253.941  364.61643     73.026     0.1575     0.5971     1.6284 2.3039e+00       6000          3  0.000e+00
     30.069   71.60090 -165.30478     30.382    -0.8249    -0.8259    -0.8256    32.4374    32.4504  1026.2169    26.0708    297.365    284.630  362.78768     81.967     0.1734     0.6923     1.3691 1.1446e+01       8837          4  0.000e+00
     30.139   71.60090 -165.30478     30.452    -0.8249    -0.8260    -0.8256    32.4376    32.4508  1026.2174    26.0710    297.552    284.440  362.78708     82.018     0.1734     0.6923     1.3691 1.1446e+01       8838          4  0.000e+00
     30.123   71.60090 -165.30478     30.437    -0.8250    -0.8258    -0.8257    32.4376    32.4501  1026.2173    26.0710    297.787    284.440  362.78828     82.083     0.1734     0.6923     1.3706 1.1446e+01       8839          4  0.000e+00
     30.139   71.60090 -165.30478     30.452    -0.8249    -0.8260    -0.8256    32.4376    32.4504  1026.2174    26.0710    297.816    284.441  362.78708     82.091     0.1746     0.6996     1.3691 1.1446e+01       8840          4  0.000e+00
     30.085   71.60090 -165.30478     30.398    -0.8247    -0.8260    -0.8255    32.4375    32.4505  1026.2171    26.0709    297.841    284.439  362.78562     82.098     0.1734     0.6923     1.3691 1.1446e+01       8841          4  0.000e+00
     30.185   71.60090 -165.30478     30.499    -0.8247    -0.8260    -0.8255    32.4374    32.4508  1026.2175    26.0709    297.875    284.442  362.78591     82.108     0.1734     0.6923     1.3691 1.1446e+01       8842          4  0.000e+00
     30.139   71.60090 -165.30478     30.452    -0.8249    -0.8260    -0.8256    32.4374    32.4505  1026.2173    26.0709    297.652    284.441  362.78756     82.046     0.1734     0.6923     1.3691 1.1446e+01       8843          4  0.000e+00
     30.123   71.60090 -165.30478     30.437    -0.8249    -0.8260    -0.8256    32.4376    32.4504  1026.2174    26.0710    297.132    284.441  362.78705     81.903     0.1746     0.6996     1.3706 1.1446e+01       8844          4  0.000e+00
     30.139   71.60090 -165.30478     30.452    -0.8249    -0.8261    -0.8256    32.4379    32.4500  1026.2177    26.0712    297.784    284.443  362.78623     82.082     0.1734     0.6923     1.3691 1.1446e+01       8845          4  0.000e+00
     30.123   71.60090 -165.30478     30.437    -0.8249    -0.8259    -0.8256    32.4377    32.4500  1026.2175    26.0711    297.569    284.663  362.78669     82.023     0.1734     0.6923     1.3691 1.1446e+01       8846          4  0.000e+00
     30.139   71.60090 -165.30478     30.452    -0.8250    -0.8262    -0.8257    32.4374    32.4507  1026.2173    26.0708    297.766    284.694  362.78879     82.077     0.1734     0.6923     1.3691 1.1446e+01       8847          4  0.000e+00
     30.123   71.60090 -165.30478     30.437    -0.8249    -0.8260    -0.8256    32.4373    32.4504  1026.2171    26.0707    297.802    284.721  362.78802     82.087     0.1734     0.6923     1.3720 1.1446e+01       8848          4  0.000e+00
     30.139   71.60090 -165.30478     30.452    -0.8250    -0.8262    -0.8257    32.4375    32.4506  1026.2173    26.0709    297.840    284.526  362.78855     82.097     0.1734     0.6923     1.3749 1.1414e+01       8849          4  0.000e+00
     30.139   71.60090 -165.30478     30.452    -0.8249    -0.8261    -0.8256    32.4374    32.4506  1026.2173    26.0708    297.576    284.745  362.78768     82.025     0.1734     0.6923     1.3764 1.1414e+01       8850          4  0.000e+00
     30.123   71.60090 -165.30478     30.437    -0.8250    -0.8262    -0.8257    32.4377    32.4513  1026.2175    26.0711    297.818    284.545  362.78780     82.091     0.1746     0.6996     1.3749 1.1414e+01       8851          4  0.000e+00
     30.139   71.60090 -165.30478     30.452    -0.8250    -0.8258    -0.8257    32.4378    32.4504  1026.2176    26.0712    297.855    284.539  362.78758     82.102     0.1734     0.6923     1.3764 1.1381e+01       8852          4  0.000e+00
     30.185   71.60090 -165.30478     30.499    -0.8249    -0.8260    -0.8256    32.4374    32.4502  1026.2175    26.0708    297.594    284.538  362.78764     82.030     0.1746     0.6996     1.3764 1.1381e+01       8853          4  0.000e+00
     30.139   71.60090 -165.30478     30.452    -0.8247    -0.8260    -0.8255    32.4372    32.4504  1026.2171    26.0706    297.532    284.531  362.78668     82.013     0.1734     0.6923     1.3764 1.1381e+01       8854          4  0.000e+00
     30.123   71.60090 -165.30478     30.437    -0.8250    -0.8259    -0.8257    32.4375    32.4503  1026.2173    26.0709    297.726    284.524  362.78841     82.066     0.1734     0.6923     1.3749 1.1414e+01       8855          4  0.000e+00
     30.139   71.60090 -165.30478     30.452    -0.8249    -0.8260    -0.8256    32.4376    32.4502  1026.2174    26.0710    297.558    284.521  362.78708     82.020     0.1734     0.6923     1.3764 1.1414e+01       8856          4  0.000e+00
     30.123   71.60090 -165.30478     30.437    -0.8250    -0.8259    -0.8257    32.4378    32.4500  1026.2175    26.0712    297.802    284.515  362.78756     82.087     0.1734     0.6923     1.3764 1.1446e+01       8857          4  0.000e+00
     30.139   71.60090 -165.30478     30.452    -0.8250    -0.8260    -0.8257    32.4375    32.4504  1026.2174    26.0710    297.793    284.511  362.78831     82.085     0.1734     0.6923     1.3764 1.1479e+01       8858          4  0.000e+00
     30.123   71.60090 -165.30478     30.437    -0.8250    -0.8259    -0.8257    32.4375    32.4503  1026.2173    26.0709    297.830    284.473  362.78853     82.095     0.1746     0.6996     1.3749 1.1511e+01       8859          4  0.000e+00
     30.201   71.60090 -165.30478     30.515    -0.8247    -0.8259    -0.8255    32.4371    32.4502  1026.2173    26.0706    297.868    284.469  362.78678     82.106     0.1783     0.7216     1.3764 1.1511e+01       8860          4  0.000e+00
     30.139   71.60090 -165.30478     30.452    -0.8250    -0.8258    -0.8257    32.4373    32.4500  1026.2172    26.0708    297.856    284.460  362.78904     82.102     0.1783     0.7216     1.3764 1.1511e+01       8861          4  0.000e+00
     30.123   71.60090 -165.30478     30.437    -0.8249    -0.8258    -0.8256    32.4373    32.4501  1026.2171    26.0708    297.841    284.421  362.78790     82.098     0.1795     0.7289     1.3749 1.1511e+01       8862          4  0.000e+00
     30.139   71.60090 -165.30478     30.452    -0.8250    -0.8258    -0.8257    32.4377    32.4501  1026.2175    26.0711    297.875    284.414  362.78783     82.107     0.1783     0.7216     1.3764 1.1544e+01       8863          4  0.000e+00
     30.185   71.60090 -165.30478     30.499    -0.8247    -0.8256    -0.8255    32.4379    32.4502  1026.2179    26.0712    297.858    284.407  362.78458     82.103     0.1795     0.7289     1.3764 1.1544e+01       8864          4  0.000e+00
     30.139   71.60090 -165.30478     30.452    -0.8249    -0.8256    -0.8256    32.4380    32.4499  1026.2178    26.0714    298.140    284.398  362.78586     82.181     0.1783     0.7216     1.3764 1.1544e+01       8865          4  0.000e+00
     30.123   71.60090 -165.30478     30.437    -0.8250    -0.8256    -0.8257    32.4376    32.4499  1026.2174    26.0710    297.966    284.390  362.78804     82.132     0.1783     0.7216     1.3749 1.1544e+01       8866          4  0.000e+00
     30.139   71.60090 -165.30478     30.452    -0.8250    -0.8258    -0.8257    32.4375    32.4501  1026.2174    26.0709    297.696    284.384  362.78843     82.058     0.1783     0.7216     1.3764 1.1511e+01       8867          4  0.000e+00
     30.123   71.60090 -165.30478     30.437    -0.8249    -0.8254    -0.8256    32.4376    32.4498  1026.2174    26.0710    297.677    284.374  362.78705     82.053     0.1783     0.7216     1.3749 1.1511e+01       8868          4  0.000e+00
     30.139   71.60090 -165.30478     30.452    -0.8249    -0.8256    -0.8256    32.4377    32.4502  1026.2175    26.0711    297.913    284.367  362.78683     82.118     0.1770     0.7143     1.3735 1.1479e+01       8869          4  0.000e+00
     30.139   71.60090 -165.30478     30.452    -0.8249    -0.8253    -0.8256    32.4379    32.4500  1026.2177    26.0712    297.944    284.357  362.78623     82.127     0.1783     0.7216     1.3735 1.1511e+01       8870          4  0.000e+00
     30.123   71.60090 -165.30478     30.437    -0.8249    -0.8253    -0.8256    32.4377    32.4502  1026.2175    26.0711    297.723    284.348  362.78669     82.066     0.1795     0.7289     1.3735 1.1511e+01       8871          4  0.000e+00
     30.139   71.60090 -165.30478     30.452    -0.8249    -0.8254    -0.8256    32.4373    32.4502  1026.2171    26.0707    297.963    284.343  362.78804     82.131     0.1783     0.7216     1.3735 1.1511e+01       8872          4  0.000e+00
     30.123   71.60090 -165.30478     30.437    -0.8252    -0.8254    -0.8259    32.4376    32.4502  1026.2174    26.0710    297.948    284.335  362.78977     82.127     0.1795     0.7289     1.3735 1.1511e+01       8873          4  0.000e+00
     30.139   71.60090 -165.30478     30.452    -0.8253    -0.8253    -0.8261    32.4379    32.4502  1026.2177    26.0712    297.730    284.326  362.79068     82.066     0.1783     0.7216     1.3735 1.1511e+01       8874          4  0.000e+00
     30.123   71.60090 -165.30478     30.437    -0.8253    -0.8253    -0.8261    32.4379    32.4501  1026.2176    26.0713    297.918    284.318  362.79066     82.118     0.1783     0.7216     1.3735 1.1544e+01       8875          4  0.000e+00
     30.139   71.60090 -165.30478     30.452    -0.8253    -0.8253    -0.8261    32.4376    32.4500  1026.2175    26.0710    297.951    284.535  362.79141     82.127     0.1783     0.7216     1.3735 1.1544e+01       8876          4  0.000e+00
     30.123   71.60090 -165.30478     30.437    -0.8255    -0.8251    -0.8263    32.4378    32.4498  1026.2175    26.0712    297.982    284.331  362.79263     82.136     0.1795     0.7289     1.3735 1.1544e+01       8877          4  0.000e+00
     30.085   71.60090 -165.30478     30.398    -0.8255    -0.8248    -0.8263    32.4380    32.4495  1026.2175    26.0714    297.760    284.319  362.79196     82.075     0.1783     0.7216     1.3735 1.1544e+01       8878          4  0.000e+00
     30.139   71.60090 -165.30478     30.452    -0.8256    -0.8244    -0.8264    32.4382    32.4494  1026.2179    26.0715    298.001    284.309  362.79256     82.141     0.1783     0.7216     1.3735 1.1544e+01       8879          4  0.000e+00
     30.123   71.60090 -165.30478     30.437    -0.8256    -0.8237    -0.8264    32.4380    32.4489  1026.2177    26.0713    297.985    284.327  362.79314     82.136     0.1795     0.7289     1.3735 1.1544e+01       8880          4  0.000e+00
     30.085   71.60090 -165.30478     30.398    -0.8255    -0.8233    -0.8263    32.4378    32.4488  1026.2174    26.0712    298.014    284.314  362.79244     82.144     0.1783     0.7216     1.3735 1.1544e+01       8881          4  0.000e+00
     30.123   71.60090 -165.30478     30.437    -0.8253    -0.8231    -0.8261    32.4375    32.4487  1026.2173    26.0710    298.046    284.307  362.79163     82.153     0.1795     0.7289     1.3735 1.1544e+01       8882          4  0.000e+00
     30.085   71.60090 -165.30478     30.398    -0.8256    -0.8227    -0.8264    32.4379    32.4482  1026.2174    26.0713    298.077    284.295  362.79331     82.162     0.1783     0.7216     1.3735 1.1544e+01       8883          4  0.000e+00
     30.123   71.60090 -165.30478     30.437    -0.8253    -0.8224    -0.8261    32.4378    32.4477  1026.2175    26.0712    298.108    284.287  362.79090     82.171     0.1783     0.7216     1.3735 1.1544e+01       8884          4  0.000e+00
     30.085   71.60090 -165.30478     30.398    -0.8255    -0.8226    -0.8263    32.4381    32.4483  1026.2176    26.0714    298.138    284.278  362.79172     82.179     0.1746     0.6996     1.3735 1.1544e+01       8885          4  0.000e+00
     30.123   71.60090 -165.30478     30.437    -0.8249    -0.8250    -0.8256    32.4374    32.4493  1026.2172    26.0708    298.463    283.495  362.78765     82.269     0.1709     0.6776     1.3706 1.1414e+01       8988          5  0.000e+00
