EcoFOCI/data/1_SampleCollection/2023_SikuliaqDBO_CruiseData/CTD_raw_BottleFile_SKQ23-12S/proc/skq202312s_008svp.cnv
* Sea-Bird SBE 9 Data File:
* FileName = D:\CTD\SKQ202312S\SKQ202312S_008.hex
* Software Version Seasave V 7.26.7.121
* Temperature SN = 6177
* Conductivity SN = 0369
* Number of Bytes Per Scan = 41
* Number of Voltage Words = 4
* Number of Scans Averaged by the Deck Unit = 1
* NMEA Latitude = 62 47.19 N
* NMEA Longitude = 173 30.00 W
* NMEA UTC (Time) = Sep 16 2023  08:58:03
* NMEA baud rate = 4800
** Ship: R/V Sikuliaq
** Station Number: 008
** Station Name: DBO1.7
** Bottom Depth: 69
** Operator: SD
# nquan = 7
# nvalues = 5926                                  
# units = specified
# name 0 = depSM: Depth [salt water, m]
# name 1 = latitude: Latitude [deg]
# name 2 = longitude: Longitude [deg]
# name 3 = t090C: Temperature [ITS-90, deg C]
# name 4 = sal00: Salinity, Practical [PSU]
# name 5 = svCM: Sound Velocity [Chen-Millero, m/s]
# name 6 = flag:  0.000e+00
# span 0 =      1.066,     63.296                 
# span 1 =   62.78648,   62.78650                 
# span 2 = -173.49996, -173.49994                 
# span 3 =    -1.5262,     7.1119                 
# span 4 =    30.9959,    32.0193                 
# span 5 =    1438.48,    1474.28                 
# span 6 = 0.0000e+00, 0.0000e+00                 
# interval = seconds: 0.0416667
# start_time = Sep 16 2023 09:02:12 [NMEA time, first data scan]
# bad_flag = -9.990e-29
*END*
[from data line 1847]
     10.102   62.78648 -173.49996     7.0034    31.1054    1473.97  0.000e+00
     10.163   62.78648 -173.49996     7.0036    31.1048    1473.97  0.000e+00
     10.163   62.78648 -173.49996     7.0033    31.1049    1473.97  0.000e+00
     10.163   62.78648 -173.49996     7.0032    31.1050    1473.97  0.000e+00
     10.163   62.78648 -173.49996     7.0030    31.1050    1473.97  0.000e+00
     10.102   62.78648 -173.49996     7.0028    31.1053    1473.97  0.000e+00
     10.248   62.78648 -173.49996     7.0026    31.1057    1473.97  0.000e+00
     10.163   62.78648 -173.49996     7.0025    31.1055    1473.97  0.000e+00
     10.217   62.78648 -173.49996     7.0026    31.1052    1473.97  0.000e+00
     10.163   62.78648 -173.49996     7.0026    31.1053    1473.97  0.000e+00
     10.271   62.78648 -173.49996     7.0025    31.1049    1473.97  0.000e+00
     10.217   62.78648 -173.49996     7.0022    31.1051    1473.96  0.000e+00
     10.248   62.78648 -173.49996     7.0018    31.1046    1473.96  0.000e+00
     10.217   62.78648 -173.49996     7.0015    31.1046    1473.96  0.000e+00
     10.271   62.78648 -173.49996     7.0015    31.1036    1473.96  0.000e+00
     10.271   62.78648 -173.49996     7.0009    31.1036    1473.96  0.000e+00
     10.271   62.78648 -173.49996     6.9996    31.1045    1473.95  0.000e+00
     10.271   62.78648 -173.49996     6.9994    31.1043    1473.95  0.000e+00
     10.271   62.78648 -173.49996     6.9983    31.1048    1473.95  0.000e+00
     10.356   62.78648 -173.49996     6.9973    31.1052    1473.95  0.000e+00
     10.333   62.78648 -173.49996     6.9973    31.1048    1473.95  0.000e+00
     10.271   62.78648 -173.49996     6.9968    31.1050    1473.94  0.000e+00
     10.387   62.78648 -173.49996     6.9965    31.1046    1473.94  0.000e+00
     10.333   62.78648 -173.49996     6.9960    31.1044    1473.94  0.000e+00
     10.333   62.78648 -173.49996     6.9954    31.1045    1473.94  0.000e+00
     10.356   62.78648 -173.49996     6.9947    31.1043    1473.94  0.000e+00
     10.387   62.78648 -173.49996     6.9943    31.1043    1473.94  0.000e+00
     10.387   62.78648 -173.49996     6.9938    31.1043    1473.93  0.000e+00
     10.449   62.78648 -173.49996     6.9935    31.1042    1473.93  0.000e+00
     10.387   62.78648 -173.49996     6.9931    31.1045    1473.93  0.000e+00
     10.387   62.78648 -173.49996     6.9922    31.1047    1473.93  0.000e+00
     10.472   62.78648 -173.49996     6.9917    31.1047    1473.93  0.000e+00
     10.449   62.78648 -173.49996     6.9912    31.1045    1473.92  0.000e+00
     10.449   62.78648 -173.49996     6.9907    31.1045    1473.92  0.000e+00
     10.449   62.78648 -173.49996     6.9901    31.1046    1473.92  0.000e+00
     10.449   62.78648 -173.49996     6.9893    31.1050    1473.92  0.000e+00
     10.503   62.78648 -173.49996     6.9889    31.1048    1473.92  0.000e+00
     10.503   62.78648 -173.49996     6.9884    31.1045    1473.92  0.000e+00
     10.534   62.78648 -173.49996     6.9880    31.1044    1473.91  0.000e+00
     10.503   62.78648 -173.49996     6.9876    31.1039    1473.91  0.000e+00
     10.503   62.78648 -173.49996     6.9872    31.1041    1473.91  0.000e+00
     10.564   62.78648 -173.49996     6.9864    31.1041    1473.91  0.000e+00
     10.564   62.78648 -173.49996     6.9859    31.1042    1473.91  0.000e+00
     10.564   62.78648 -173.49996     6.9851    31.1040    1473.90  0.000e+00
     10.534   62.78648 -173.49996     6.9841    31.1042    1473.90  0.000e+00
     10.618   62.78648 -173.49996     6.9834    31.1043    1473.90  0.000e+00
     10.564   62.78648 -173.49996     6.9827    31.1044    1473.89  0.000e+00
     10.618   62.78648 -173.49996     6.9820    31.1041    1473.89  0.000e+00
     10.618   62.78648 -173.49996     6.9816    31.1042    1473.89  0.000e+00
     10.618   62.78648 -173.49996     6.9812    31.1046    1473.89  0.000e+00
     10.649   62.78648 -173.49996     6.9811    31.1039    1473.89  0.000e+00
     10.672   62.78648 -173.49996     6.9803    31.1041    1473.89  0.000e+00
     10.618   62.78648 -173.49996     6.9797    31.1043    1473.88  0.000e+00
     10.672   62.78648 -173.49996     6.9789    31.1043    1473.88  0.000e+00
     10.672   62.78648 -173.49996     6.9785    31.1039    1473.88  0.000e+00
     10.734   62.78648 -173.49996     6.9778    31.1036    1473.88  0.000e+00
     10.649   62.78648 -173.49996     6.9770    31.1038    1473.87  0.000e+00
     10.734   62.78648 -173.49996     6.9762    31.1039    1473.87  0.000e+00
     10.734   62.78648 -173.49996     6.9756    31.1041    1473.87  0.000e+00
     10.734   62.78648 -173.49996     6.9748    31.1040    1473.86  0.000e+00
     10.734   62.78648 -173.49996     6.9740    31.1040    1473.86  0.000e+00
     10.788   62.78648 -173.49996     6.9732    31.1042    1473.86  0.000e+00
     10.757   62.78648 -173.49996     6.9724    31.1046    1473.86  0.000e+00
     10.788   62.78648 -173.49996     6.9717    31.1047    1473.85  0.000e+00
     10.788   62.78648 -173.49996     6.9711    31.1049    1473.85  0.000e+00
     10.788   62.78648 -173.49996     6.9709    31.1042    1473.85  0.000e+00
     10.788   62.78648 -173.49996     6.9696    31.1050    1473.85  0.000e+00
     10.850   62.78648 -173.49996     6.9695    31.1044    1473.85  0.000e+00
     10.819   62.78648 -173.49996     6.9691    31.1039    1473.84  0.000e+00
     10.850   62.78648 -173.49996     6.9687    31.1038    1473.84  0.000e+00
     10.850   62.78648 -173.49996     6.9683    31.1039    1473.84  0.000e+00
     10.850   62.78648 -173.49996     6.9675    31.1043    1473.84  0.000e+00
     10.850   62.78648 -173.49996     6.9664    31.1045    1473.83  0.000e+00
     10.904   62.78648 -173.49996     6.9663    31.1041    1473.83  0.000e+00
     10.873   62.78648 -173.49996     6.9661    31.1038    1473.83  0.000e+00
     10.904   62.78648 -173.49996     6.9650    31.1042    1473.83  0.000e+00
     10.904   62.78648 -173.49996     6.9645    31.1041    1473.83  0.000e+00
     10.904   62.78648 -173.49996     6.9635    31.1043    1473.82  0.000e+00
     10.904   62.78648 -173.49996     6.9628    31.1043    1473.82  0.000e+00
     10.958   62.78648 -173.49996     6.9622    31.1045    1473.82  0.000e+00
     10.935   62.78648 -173.49996     6.9615    31.1046    1473.82  0.000e+00
     10.958   62.78648 -173.49996     6.9619    31.1039    1473.82  0.000e+00
     10.958   62.78648 -173.49996     6.9617    31.1034    1473.82  0.000e+00
     10.958   62.78648 -173.49996     6.9611    31.1033    1473.81  0.000e+00
     10.958   62.78648 -173.49996     6.9600    31.1033    1473.81  0.000e+00
     10.958   62.78648 -173.49996     6.9592    31.1038    1473.81  0.000e+00
     10.989   62.78648 -173.49996     6.9585    31.1036    1473.80  0.000e+00
     11.020   62.78648 -173.49996     6.9579    31.1035    1473.80  0.000e+00
     11.020   62.78648 -173.49996     6.9571    31.1031    1473.80  0.000e+00
     11.020   62.78648 -173.49996     6.9563    31.1036    1473.80  0.000e+00
     11.020   62.78648 -173.49996     6.9553    31.1036    1473.79  0.000e+00
     11.020   62.78648 -173.49996     6.9547    31.1034    1473.79  0.000e+00
     10.989   62.78648 -173.49996     6.9537    31.1038    1473.79  0.000e+00
     11.074   62.78648 -173.49996     6.9535    31.1035    1473.79  0.000e+00
     11.019   62.78648 -173.49996     6.9532    31.1035    1473.78  0.000e+00
     11.074   62.78648 -173.49996     6.9526    31.1032    1473.78  0.000e+00
     11.073   62.78648 -173.49996     6.9513    31.1037    1473.78  0.000e+00
     11.073   62.78648 -173.49996     6.9505    31.1041    1473.78  0.000e+00
     11.104   62.78648 -173.49996     6.9498    31.1039    1473.77  0.000e+00
     11.073   62.78648 -173.49996     6.9492    31.1038    1473.77  0.000e+00
     11.135   62.78648 -173.49996     6.9486    31.1040    1473.77  0.000e+00
     11.073   62.78648 -173.49996     6.9482    31.1038    1473.77  0.000e+00
     11.135   62.78648 -173.49996     6.9471    31.1044    1473.76  0.000e+00
     11.135   62.78648 -173.49996     6.9465    31.1050    1473.76  0.000e+00
     11.104   62.78648 -173.49996     6.9463    31.1062    1473.76  0.000e+00
     11.189   62.78648 -173.49996     6.9460    31.1059    1473.76  0.000e+00
     11.135   62.78648 -173.49996     6.9468    31.1043    1473.76  0.000e+00
     11.135   62.78648 -173.49996     6.9463    31.1038    1473.76  0.000e+00
     11.135   62.78648 -173.49996     6.9455    31.1042    1473.76  0.000e+00
     11.158   62.78648 -173.49996     6.9442    31.1052    1473.75  0.000e+00
     11.189   62.78648 -173.49996     6.9434    31.1054    1473.75  0.000e+00
     11.189   62.78648 -173.49996     6.9429    31.1066    1473.75  0.000e+00
     11.189   62.78648 -173.49996     6.9421    31.1077    1473.75  0.000e+00
     11.189   62.78648 -173.49996     6.9424    31.1079    1473.75  0.000e+00
     11.189   62.78648 -173.49996     6.9432    31.1073    1473.75  0.000e+00
     11.158   62.78648 -173.49996     6.9424    31.1074    1473.75  0.000e+00
     11.189   62.78648 -173.49996     6.9412    31.1082    1473.75  0.000e+00
     11.251   62.78648 -173.49996     6.9404    31.1088    1473.74  0.000e+00
     11.189   62.78648 -173.49996     6.9397    31.1092    1473.74  0.000e+00
     11.189   62.78648 -173.49996     6.9404    31.1091    1473.74  0.000e+00
     11.251   62.78648 -173.49996     6.9403    31.1090    1473.74  0.000e+00
     11.220   62.78648 -173.49996     6.9396    31.1098    1473.74  0.000e+00
     11.251   62.78648 -173.49996     6.9392    31.1099    1473.74  0.000e+00
     11.189   62.78648 -173.49996     6.9384    31.1104    1473.74  0.000e+00
     11.251   62.78648 -173.49996     6.9381    31.1104    1473.74  0.000e+00
     11.251   62.78648 -173.49996     6.9378    31.1108    1473.74  0.000e+00
     11.251   62.78648 -173.49996     6.9397    31.1091    1473.74  0.000e+00
     11.220   62.78648 -173.49996     6.9418    31.1068    1473.75  0.000e+00
     11.251   62.78648 -173.49996     6.9418    31.1061    1473.75  0.000e+00
     11.251   62.78648 -173.49996     6.9400    31.1071    1473.74  0.000e+00
     11.251   62.78648 -173.49996     6.9393    31.1076    1473.74  0.000e+00
     11.251   62.78648 -173.49996     6.9384    31.1084    1473.74  0.000e+00
     11.274   62.78648 -173.49996     6.9384    31.1082    1473.74  0.000e+00
     11.305   62.78648 -173.49996     6.9389    31.1079    1473.74  0.000e+00
     11.251   62.78648 -173.49996     6.9389    31.1069    1473.74  0.000e+00
     11.305   62.78648 -173.49996     6.9394    31.1053    1473.74  0.000e+00
     11.305   62.78648 -173.49996     6.9391    31.1046    1473.74  0.000e+00
     11.251   62.78648 -173.49996     6.9379    31.1053    1473.73  0.000e+00
     11.336   62.78648 -173.49996     6.9378    31.1054    1473.73  0.000e+00
     11.251   62.78648 -173.49996     6.9377    31.1053    1473.73  0.000e+00
     11.305   62.78648 -173.49996     6.9374    31.1059    1473.73  0.000e+00
     11.305   62.78648 -173.49996     6.9371    31.1071    1473.73  0.000e+00
     11.305   62.78648 -173.49996     6.9363    31.1087    1473.73  0.000e+00
     11.251   62.78648 -173.49996     6.9357    31.1111    1473.73  0.000e+00
     11.336   62.78648 -173.49996     6.9368    31.1115    1473.74  0.000e+00
     11.305   62.78648 -173.49996     6.9388    31.1098    1473.74  0.000e+00
     11.305   62.78648 -173.49996     6.9378    31.1106    1473.74  0.000e+00
     11.359   62.78648 -173.49996     6.9366    31.1101    1473.73  0.000e+00
     11.305   62.78648 -173.49996     6.9356    31.1089    1473.73  0.000e+00
     11.336   62.78648 -173.49996     6.9346    31.1077    1473.72  0.000e+00
     11.421   62.78648 -173.49996     6.9338    31.1071    1473.72  0.000e+00
     11.305   62.78648 -173.49996     6.9338    31.1061    1473.72  0.000e+00
     11.359   62.78648 -173.49996     6.9346    31.1052    1473.72  0.000e+00
     11.421   62.78648 -173.49996     6.9346    31.1050    1473.72  0.000e+00
     11.359   62.78648 -173.49996     6.9344    31.1055    1473.72  0.000e+00
     11.390   62.78648 -173.49996     6.9350    31.1048    1473.72  0.000e+00
     11.359   62.78648 -173.49996     6.9348    31.1050    1473.72  0.000e+00
     11.305   62.78648 -173.49996     6.9342    31.1056    1473.72  0.000e+00
     11.421   62.78648 -173.49996     6.9344    31.1058    1473.72  0.000e+00
     11.359   62.78648 -173.49996     6.9333    31.1060    1473.72  0.000e+00
     11.421   62.78648 -173.49996     6.9325    31.1055    1473.71  0.000e+00
     11.390   62.78648 -173.49996     6.9318    31.1054    1473.71  0.000e+00
     11.420   62.78648 -173.49996     6.9318    31.1051    1473.71  0.000e+00
     11.359   62.78648 -173.49996     6.9319    31.1054    1473.71  0.000e+00
     11.474   62.78648 -173.49996     6.9317    31.1055    1473.71  0.000e+00
     11.420   62.78648 -173.49996     6.9312    31.1060    1473.71  0.000e+00
     11.390   62.78648 -173.49996     6.9314    31.1054    1473.71  0.000e+00
     11.474   62.78648 -173.49996     6.9314    31.1054    1473.71  0.000e+00
     11.420   62.78648 -173.49996     6.9312    31.1052    1473.71  0.000e+00
     11.420   62.78648 -173.49996     6.9312    31.1050    1473.71  0.000e+00
     11.420   62.78648 -173.49996     6.9310    31.1050    1473.71  0.000e+00
     11.474   62.78648 -173.49996     6.9306    31.1051    1473.71  0.000e+00
     11.444   62.78648 -173.49996     6.9302    31.1049    1473.70  0.000e+00
     11.474   62.78648 -173.49996     6.9315    31.1055    1473.71  0.000e+00
     11.474   62.78648 -173.49996     6.9339    31.1049    1473.72  0.000e+00
     11.536   62.78648 -173.49996     6.9339    31.1062    1473.72  0.000e+00
     11.536   62.78648 -173.49996     6.9365    31.1066    1473.73  0.000e+00
     11.559   62.78648 -173.49996     6.9388    31.1071    1473.74  0.000e+00
     11.536   62.78648 -173.49996     6.9400    31.1067    1473.75  0.000e+00
     11.536   62.78648 -173.49996     6.9414    31.1065    1473.75  0.000e+00
     11.590   62.78648 -173.49996     6.9421    31.1067    1473.75  0.000e+00
     11.536   62.78648 -173.49996     6.9431    31.1062    1473.76  0.000e+00
     11.590   62.78648 -173.49996     6.9444    31.1034    1473.76  0.000e+00
     11.559   62.78648 -173.49996     6.9434    31.1001    1473.75  0.000e+00
     11.590   62.78648 -173.49996     6.9394    31.0994    1473.73  0.000e+00
     11.590   62.78648 -173.49996     6.9344    31.1008    1473.72  0.000e+00
     11.652   62.78648 -173.49996     6.9306    31.1024    1473.70  0.000e+00
     11.652   62.78648 -173.49996     6.9275    31.1029    1473.69  0.000e+00
     11.675   62.78648 -173.49996     6.9251    31.1026    1473.68  0.000e+00
     11.652   62.78648 -173.49996     6.9218    31.1035    1473.67  0.000e+00
     11.760   62.78648 -173.49996     6.9196    31.1034    1473.67  0.000e+00
     11.652   62.78648 -173.49996     6.9177    31.1035    1473.66  0.000e+00
     11.760   62.78648 -173.49996     6.9151    31.1039    1473.65  0.000e+00
     11.706   62.78648 -173.49996     6.9125    31.1043    1473.64  0.000e+00
     11.791   62.78648 -173.49996     6.9105    31.1040    1473.63  0.000e+00
     11.760   62.78648 -173.49996     6.9082    31.1048    1473.62  0.000e+00
     11.760   62.78648 -173.49996     6.9059    31.1053    1473.61  0.000e+00
     11.822   62.78648 -173.49996     6.9047    31.1048    1473.61  0.000e+00
     11.822   62.78648 -173.49996     6.9031    31.1050    1473.60  0.000e+00
     11.845   62.78648 -173.49996     6.9012    31.1054    1473.60  0.000e+00
     11.822   62.78648 -173.49996     6.8995    31.1056    1473.59  0.000e+00
     11.876   62.78648 -173.49996     6.8979    31.1058    1473.58  0.000e+00
     11.876   62.78648 -173.49996     6.8958    31.1067    1473.58  0.000e+00
     11.876   62.78648 -173.49996     6.8949    31.1062    1473.57  0.000e+00
