EcoFOCI/data/1_SampleCollection/2023_SikuliaqDBO_CruiseData/CTD_raw_BottleFile_SKQ23-12S/proc/skq202312s_031.cnv
* Sea-Bird SBE 9 Data File:
* FileName = D:\CTD\SKQ202312S\SKQ202312S_031.hex
* Software Version Seasave V 7.26.7.121
* Temperature SN = 6177
* Conductivity SN = 0369
* Number of Bytes Per Scan = 41
* Number of Voltage Words = 4
* Number of Scans Averaged by the Deck Unit = 1
* NMEA Latitude = 71 29.95 N
* NMEA Longitude = 157 40.36 W
* NMEA UTC (Time) = Sep 21 2023  09:49:17
* NMEA baud rate = 4800
** Ship: R/V Sikuliaq
** Station Number: 031
** Station Name: DBO5.7
** Bottom Depth: 81
** Operator: SS
# nquan = 24
# nvalues = 7970                                  
# units = specified
# name 0 = depSM: Depth [salt water, m]
# name 1 = latitude: Latitude [deg]
# name 2 = longitude: Longitude [deg]
# name 3 = prDM: Pressure, Digiquartz [db]
# name 4 = t090C: Temperature [ITS-90, deg C]
# name 5 = t190C: Temperature, 2 [ITS-90, deg C]
# name 6 = potemp090C: Potential Temperature [ITS-90, deg C]
# name 7 = sal00: Salinity, Practical [PSU]
# name 8 = sal11: Salinity, Practical, 2 [PSU]
# name 9 = density00: Density [density, kg/m^3]
# name 10 = sigma-é00: Density [sigma-theta, kg/m^3]
# name 11 = sbox0Mm/Kg: Oxygen, SBE 43 [umol/kg]
# name 12 = sbox1Mm/Kg: Oxygen, SBE 43, 2 [umol/kg]
# name 13 = oxsolMm/Kg: Oxygen Saturation, Garcia & Gordon [umol/kg]
# name 14 = sbeox0PS: Oxygen, SBE 43 [% saturation]
# name 15 = sbeox1PS: Oxygen, SBE 43, 2 [% saturation]
# name 16 = v0: Voltage 0
# name 17 = flECO-AFL: Fluorescence, WET Labs ECO-AFL/FL [mg/m^3]
# name 18 = v1: Voltage 1
# name 19 = CStarAt0: Beam Attenuation, WET Labs C-Star [1/m]
# name 20 = par: PAR/Irradiance, Biospherical/Licor
# name 21 = scan: Scan Count
# name 22 = timeM: Time, Elapsed [minutes]
# name 23 = flag:  0.000e+00
# span 0 =      2.872,     76.386                 
# span 1 =   71.49900,   71.49906                 
# span 2 = -157.67374, -157.67336                 
# span 3 =      2.901,     77.189                 
# span 4 =    -1.6844,     3.0301                 
# span 5 =    -1.6828,     3.0383                 
# span 6 =    -1.6855,     3.0294                 
# span 7 =    29.9724,    32.8984                 
# span 8 =    29.9816,    32.9084                 
# span 9 =  1023.9065,  1026.8396                 
# span 10 =    23.8808,    26.4687                
# span 11 =    253.027,    451.860                
# span 12 =    240.849,    429.158                
# span 13 =  334.23975,  370.21941                
# span 14 =     68.356,    128.194                
# span 15 =     65.077,    121.055                
# span 16 =     0.0745,     0.1746                
# span 17 =     0.0989,     0.6996                
# span 18 =     2.7094,     4.1685                
# span 19 =     0.4906,     2.2145                
# span 20 = 1.0000e-12, 5.4233e-01                
# span 21 =          1,       7970                
# span 22 =     0.0000,     5.5340                
# span 23 = 0.0000e+00, 0.0000e+00                
# interval = seconds: 0.0416667
# start_time = Sep 21 2023 09:54:09 [NMEA time, first data scan]
# bad_flag = -9.990e-29
*END*
[from data line 1812]
     15.794   71.49904 -157.67338     15.958    -0.4012    -0.5265    -0.4016    31.8396    31.9097  1025.6485    25.5719    438.474    416.401  360.41773    121.657    115.214     0.1685     0.6630     4.1416     0.5164 1.0000e-12       1813     1.2583  0.000e+00
     15.817   71.49904 -157.67338     15.981    -0.4152    -0.5504    -0.4156    31.8494    31.9270  1025.6572    25.5804    438.600    416.617  360.52363    121.656    115.216     0.1697     0.6703     4.1416     0.5164 1.0000e-12       1814     1.2590  0.000e+00
     15.848   71.49904 -157.67338     16.012    -0.4313    -0.5602    -0.4317    31.8583    31.9336  1025.6651    25.5882    438.734    416.693  360.65186    121.650    115.213     0.1685     0.6630     4.1416     0.5164 1.0000e-12       1815     1.2597  0.000e+00
     15.848   71.49904 -157.67338     16.012    -0.4489    -0.5580    -0.4493    31.8686    31.9286  1025.6740    25.5972    438.858    416.656  360.79090    121.638    115.205     0.1697     0.6703     4.1416     0.5164 1.0000e-12       1816     1.2604  0.000e+00
     15.794   71.49904 -157.67338     15.958    -0.4663    -0.5574    -0.4667    31.8806    31.9240  1025.6842    25.6075    438.992    416.862  360.92290    121.631    115.260     0.1685     0.6630     4.1416     0.5164 8.4714e-06       1817     1.2611  0.000e+00
     15.794   71.49904 -157.67338     15.958    -0.4729    -0.5599    -0.4733    31.8836    31.9224  1025.6868    25.6102    439.238    416.912  360.97775    121.680    115.265     0.1697     0.6703     4.1416     0.5164 1.0000e-12       1818     1.2618  0.000e+00
     15.933   71.49904 -157.67338     16.098    -0.4729    -0.5770    -0.4733    31.8805    31.9329  1025.6850    25.6077    439.195    417.092  360.98639    121.665    115.271     0.1697     0.6703     4.1416     0.5164 1.0000e-12       1819     1.2625  0.000e+00
     15.848   71.49904 -157.67338     16.012    -0.4752    -0.6007    -0.4756    31.8806    31.9463  1025.6848    25.6079    439.181    417.366  361.00828    121.654    115.287     0.1685     0.6630     4.1416     0.5164 1.0000e-12       1820     1.2632  0.000e+00
     15.848   71.49904 -157.67338     16.012    -0.4795    -0.6249    -0.4799    31.8850    31.9608  1025.6885    25.6116    439.163    417.653  361.03709    121.639    115.305     0.1697     0.6703     4.1416     0.5164 1.0000e-12       1821     1.2639  0.000e+00
     15.910   71.49904 -157.67338     16.075    -0.4852    -0.6398    -0.4857    31.8907    31.9737  1025.6936    25.6164    439.140    418.024  361.07556    121.620    115.373     0.1685     0.6630     4.1416     0.5164 1.0000e-12       1822     1.2646  0.000e+00
     15.933   71.49904 -157.67338     16.098    -0.4895    -0.6434    -0.4900    31.8940    31.9825  1025.6966    25.6193    439.129    417.848  361.10738    121.606    115.322     0.1685     0.6630     4.1416     0.5164 1.0000e-12       1823     1.2653  0.000e+00
     15.910   71.49904 -157.67338     16.075    -0.4882    -0.6252    -0.4886    31.8914    31.9736  1025.6943    25.6171    439.036    417.642  361.10183    121.582    115.313     0.1685     0.6630     4.1416     0.5164 1.0000e-12       1824     1.2660  0.000e+00
     15.910   71.49904 -157.67338     16.075    -0.4817    -0.6071    -0.4821    31.8875    31.9620  1025.6909    25.6137    438.858    417.481  361.05102    121.550    115.313     0.1685     0.6630     4.1429     0.5153 1.0000e-12       1825     1.2667  0.000e+00
     15.964   71.49904 -157.67338     16.129    -0.4672    -0.6051    -0.4676    31.8827    31.9587  1025.6867    25.6092    438.603    417.507  360.92620    121.521    115.323     0.1697     0.6703     4.1441     0.5141 8.4714e-06       1826     1.2674  0.000e+00
     16.026   71.49904 -157.67338     16.192    -0.4458    -0.6010    -0.4462    31.8719    31.9508  1025.6775    25.5998    438.254    417.524  360.75168    121.483    115.333     0.1685     0.6630     4.1453     0.5129 1.0000e-12       1827     1.2681  0.000e+00
     15.987   71.49904 -157.67338     16.153    -0.4316    -0.5861    -0.4320    31.8636    31.9380  1025.6700    25.5925    437.972    417.195  360.64027    121.443    115.277     0.1697     0.6703     4.1453     0.5129 1.0000e-12       1828     1.2688  0.000e+00
     15.964   71.49904 -157.67338     16.129    -0.4279    -0.5890    -0.4283    31.8615    31.9428  1025.6681    25.5906    437.795    417.235  360.61048    121.404    115.283     0.1685     0.6630     4.1441     0.5141 1.0000e-12       1829     1.2694  0.000e+00
     16.026   71.49904 -157.67338     16.191    -0.4290    -0.6039    -0.4294    31.8594    31.9481  1025.6668    25.5890    437.669    417.438  360.62712    121.363    115.298     0.1697     0.6703     4.1441     0.5141 1.0000e-12       1830     1.2701  0.000e+00
     16.026   71.49904 -157.67338     16.191    -0.4299    -0.6296    -0.4303    31.8597    31.9563  1025.6670    25.5892    437.310    417.549  360.63508    121.261    115.258     0.1685     0.6630     4.1441     0.5141 1.0000e-12       1831     1.2708  0.000e+00
     16.049   71.49904 -157.67338     16.215    -0.4410    -0.6621    -0.4414    31.8687    31.9695  1025.6748    25.5969    437.248    418.123  360.71549    121.217    115.328     0.1685     0.6630     4.1441     0.5141 1.0000e-12       1832     1.2715  0.000e+00
     16.080   71.49904 -157.67338     16.246    -0.4427    -0.6863    -0.4431    31.8676    31.9824  1025.6741    25.5961    437.125    418.180  360.73425    121.176    115.282     0.1685     0.6630     4.1453     0.5129 1.0000e-12       1833     1.2722  0.000e+00
     16.080   71.49904 -157.67338     16.246    -0.4361    -0.6975    -0.4365    31.8605    31.9929  1025.6681    25.5901    436.552    418.274  360.69167    121.032    115.283     0.1661     0.6483     4.1441     0.5141 1.0000e-12       1834     1.2729  0.000e+00
     16.080   71.49904 -157.67338     16.246    -0.4270    -0.7016    -0.4275    31.8528    31.9998  1025.6616    25.5836    436.230    418.292  360.62694    120.964    115.282     0.1661     0.6483     4.1441     0.5141 1.0000e-12       1835     1.2736  0.000e+00
     16.133   71.49904 -157.67338     16.301    -0.4282    -0.6964    -0.4287    31.8529    31.9997  1025.6620    25.5837    435.811    418.223  360.63803    120.845    115.278     0.1648     0.6410     4.1453     0.5129 1.0000e-12       1836     1.2743  0.000e+00
     16.164   71.49904 -157.67338     16.332    -0.4649    -0.6872    -0.4653    31.8689    31.9957  1025.6765    25.5980    436.014    417.895  360.94297    120.799    115.213     0.1661     0.6483     4.1441     0.5141 1.0000e-12       1837     1.2750  0.000e+00
     16.195   71.49904 -157.67338     16.363    -0.5116    -0.6914    -0.5120    31.8848    31.9961  1025.6912    25.6126    436.344    417.702  361.34443    120.756    115.147     0.1636     0.6337     4.1441     0.5141 1.0000e-12       1838     1.2757  0.000e+00
     16.133   71.49904 -157.67338     16.301    -0.5600    -0.7163    -0.5604    31.9070    32.0049  1025.7107    25.6323    436.414    417.943  361.74534    120.641    115.145     0.1661     0.6483     4.1441     0.5141 1.0000e-12       1839     1.2764  0.000e+00
     16.249   71.49904 -157.67338     16.417    -0.6102    -0.7421    -0.6106    31.9321    32.0108  1025.7333    25.6544    436.753    418.000  362.15626    120.598    115.087     0.1661     0.6483     4.1441     0.5141 1.0000e-12       1840     1.2771  0.000e+00
     16.218   71.49904 -157.67338     16.386    -0.6611    -0.7649    -0.6615    31.9532    32.0221  1025.7521    25.6733    437.353    418.002  362.58619    120.621    115.028     0.1648     0.6410     4.1453     0.5129 1.0000e-12       1841     1.2778  0.000e+00
     16.311   71.49904 -157.67338     16.480    -0.7071    -0.7760    -0.7075    31.9747    32.0298  1025.7716    25.6923    437.181    418.045  362.96818    120.446    115.013     0.1661     0.6483     4.1441     0.5141 1.0000e-12       1842     1.2785  0.000e+00
     16.311   71.49904 -157.67338     16.480    -0.7538    -0.7714    -0.7542    32.0031    32.0316  1025.7961    25.7169    437.144    417.687  363.33833    120.313    114.930     0.1648     0.6410     4.1453     0.5129 1.0000e-12       1843     1.2792  0.000e+00
     16.311   71.49904 -157.67338     16.480    -0.7952    -0.7643    -0.7956    32.0262    32.0308  1025.8162    25.7369    437.005    417.285  363.67333    120.164    114.840     0.1661     0.6483     4.1441     0.5141 1.0000e-12       1844     1.2799  0.000e+00
     16.365   71.49904 -157.67338     16.534    -0.8285    -0.7609    -0.8289    32.0453    32.0283  1025.8331    25.7535    436.775    416.923  363.94158    120.012    114.749     0.1648     0.6410     4.1416     0.5164 1.0000e-12       1845     1.2806  0.000e+00
     16.334   71.49904 -157.67338     16.503    -0.8469    -0.7632    -0.8473    32.0573    32.0275  1025.8433    25.7638    436.569    416.608  364.08515    119.909    114.654     0.1661     0.6483     4.1368     0.5212 1.0000e-12       1846     1.2813  0.000e+00
     16.427   71.49904 -157.67338     16.597    -0.8418    -0.7697    -0.8422    32.0585    32.0291  1025.8445    25.7647    435.844    416.521  364.03245    119.727    114.612     0.1661     0.6483     4.1343     0.5235 1.0000e-12       1847     1.2819  0.000e+00
     16.427   71.49904 -157.67338     16.597    -0.8291    -0.7777    -0.8294    32.0573    32.0313  1025.8431    25.7632    435.028    416.238  363.91226    119.542    114.512     0.1648     0.6410     4.1343     0.5235 1.0000e-12       1848     1.2826  0.000e+00
     16.481   71.49904 -157.67338     16.651    -0.8087    -0.7873    -0.8091    32.0497    32.0349  1025.8366    25.7564    434.353    415.958  363.73682    119.414    114.409     0.1661     0.6483     4.1343     0.5235 1.0000e-12       1849     1.2833  0.000e+00
     16.450   71.49904 -157.67338     16.620    -0.7937    -0.8024    -0.7941    32.0455    32.0404  1025.8325    25.7526    433.495    415.723  363.60322    119.222    114.303     0.1648     0.6410     4.1343     0.5235 1.0000e-12       1850     1.2840  0.000e+00
     16.534   71.49904 -157.67338     16.706    -0.7988    -0.8286    -0.7991    32.0464    32.0526  1025.8338    25.7534    432.910    415.601  363.64981    119.046    114.201     0.1661     0.6483     4.1343     0.5235 1.0000e-12       1851     1.2847  0.000e+00
     16.534   71.49904 -157.67338     16.706    -0.8218    -0.8595    -0.8222    32.0497    32.0677  1025.8373    25.7569    432.775    415.737  363.86372    118.939    114.158     0.1648     0.6410     4.1343     0.5235 1.0000e-12       1852     1.2854  0.000e+00
     16.596   71.49904 -157.67338     16.768    -0.8504    -0.8866    -0.8507    32.0574    32.0827  1025.8447    25.7640    432.465    415.591  364.11877    118.770    114.048     0.1648     0.6410     4.1343     0.5235 1.0000e-12       1853     1.2861  0.000e+00
     16.650   71.49904 -157.67338     16.823    -0.8781    -0.9096    -0.8784    32.0717    32.0983  1025.8575    25.7765    432.092    415.602  364.34670    118.594    113.995     0.1661     0.6483     4.1343     0.5235 1.0000e-12       1854     1.2868  0.000e+00
     16.619   71.49904 -157.67338     16.791    -0.9018    -0.9277    -0.9022    32.0866    32.1103  1025.8702    25.7893    431.934    415.544  364.53521    118.489    113.935     0.1648     0.6410     4.1343     0.5235 1.0000e-12       1855     1.2875  0.000e+00
     16.712   71.49904 -157.67338     16.885    -0.9211    -0.9416    -0.9215    32.0996    32.1200  1025.8817    25.8005    431.451    415.240  364.68556    118.308    113.819     0.1661     0.6483     4.1343     0.5235 1.0000e-12       1856     1.2882  0.000e+00
     16.712   71.49904 -157.67338     16.885    -0.9362    -0.9510    -0.9366    32.1118    32.1300  1025.8921    25.8108    431.138    414.892  364.79713    118.186    113.704     0.1648     0.6410     4.1355     0.5223 1.0000e-12       1857     1.2889  0.000e+00
     16.766   71.49904 -157.67338     16.940    -0.9458    -0.9549    -0.9462    32.1211    32.1379  1025.9003    25.8187    430.838    414.444  364.86427    118.082    113.576     0.1648     0.6410     4.1343     0.5235 1.0000e-12       1858     1.2896  0.000e+00
     16.735   71.49904 -157.67338     16.908    -0.9503    -0.9544    -0.9506    32.1284    32.1433  1025.9062    25.8247    430.243    414.160  364.88676    117.911    113.504     0.1575     0.5971     4.1343     0.5235 1.0000e-12       1859     1.2903  0.000e+00
     16.766   71.49904 -157.67338     16.940    -0.9503    -0.9511    -0.9507    32.1366    32.1471  1025.9130    25.8314    429.621    413.644  364.86373    117.748    113.376     0.1551     0.5824     4.1343     0.5235 1.0000e-12       1860     1.2910  0.000e+00
     16.820   71.49904 -157.67338     16.994    -0.9481    -0.9469    -0.9485    32.1420    32.1506  1025.9175    25.8357    429.470    413.305  364.82660    117.719    113.299     0.1551     0.5824     4.1343     0.5235 1.0000e-12       1861     1.2917  0.000e+00
     16.882   71.49904 -157.67338     17.056    -0.9449    -0.9422    -0.9453    32.1465    32.1521  1025.9214    25.8392    428.881    412.796  364.78265    117.572    113.175     0.1551     0.5824     4.1343     0.5235 8.4714e-06       1862     1.2924  0.000e+00
     16.905   71.49904 -157.67338     17.080    -0.9425    -0.9403    -0.9428    32.1498    32.1531  1025.9241    25.8419    428.540    412.316  364.74919    117.489    113.050     0.1551     0.5824     4.1343     0.5235 1.0000e-12       1863     1.2931  0.000e+00
     16.935   71.49904 -157.67338     17.111    -0.9437    -0.9446    -0.9440    32.1526    32.1547  1025.9265    25.8441    427.523    412.131  364.75286    117.209    112.988     0.1538     0.5751     4.1343     0.5235 1.0000e-12       1864     1.2938  0.000e+00
     16.935   71.49904 -157.67338     17.111    -0.9493    -0.9526    -0.9497    32.1536    32.1572  1025.9275    25.8451    427.727    411.789  364.80513    117.248    112.872     0.1551     0.5824     4.1343     0.5235 1.0000e-12       1865     1.2944  0.000e+00
     16.997   71.49904 -157.67338     17.173    -0.9561    -0.9603    -0.9565    32.1540    32.1588  1025.9283    25.8456    427.573    411.478  364.87026    117.185    112.765     0.1538     0.5751     4.1380     0.5200 1.0000e-12       1866     1.2951  0.000e+00
     16.997   71.49904 -157.67338     17.173    -0.9628    -0.9676    -0.9632    32.1551    32.1606  1025.9295    25.8468    426.989    411.379  364.93248    117.005    112.718     0.1538     0.5751     4.1392     0.5188 1.0000e-12       1867     1.2958  0.000e+00
     17.136   71.49904 -157.67338     17.314    -0.9703    -0.9772    -0.9707    32.1572    32.1614  1025.9320    25.8487    426.364    411.125  364.99957    116.812    112.620     0.1563     0.5897     4.1392     0.5188 1.0000e-12       1868     1.2965  0.000e+00
     17.051   71.49904 -157.67338     17.228    -0.9826    -0.9936    -0.9830    32.1576    32.1632  1025.9324    25.8494    426.754    410.940  365.11793    116.881    112.522     0.1551     0.5824     4.1392     0.5188 1.0000e-12       1869     1.2972  0.000e+00
     17.167   71.49904 -157.67338     17.345    -0.9987    -1.0101    -0.9991    32.1570    32.1638  1025.9329    25.8494    426.331    410.998  365.27756    116.714    112.488     0.1551     0.5824     4.1392     0.5188 1.0000e-12       1870     1.2979  0.000e+00
     17.113   71.49904 -157.67338     17.290    -1.0150    -1.0264    -1.0153    32.1564    32.1652  1025.9327    25.8494    426.353    411.104  365.43767    116.669    112.470     0.1538     0.5751     4.1392     0.5188 1.0000e-12       1871     1.2986  0.000e+00
