EcoFOCI/data/1_SampleCollection/2023_SikuliaqDBO_CruiseData/CTD_raw_BottleFile_SKQ23-12S/proc/skq202312s_035.cnv
* Sea-Bird SBE 9 Data File:
* FileName = D:\CTD\SKQ202312S\SKQ202312S_035.hex
* Software Version Seasave V 7.26.7.121
* Temperature SN = 6177
* Conductivity SN = 0369
* Number of Bytes Per Scan = 41
* Number of Voltage Words = 4
* Number of Scans Averaged by the Deck Unit = 1
* NMEA Latitude = 71 45.08 N
* NMEA Longitude = 154 27.66 W
* NMEA UTC (Time) = Sep 22 2023  01:56:11
* NMEA baud rate = 4800
** Ship: R/V Sikuliaq
** Station Number: 035
** Station Name: BF2
** Bottom Depth: 88
** Operator: SD
# nquan = 24
# nvalues = 9209                                  
# units = specified
# name 0 = depSM: Depth [salt water, m]
# name 1 = latitude: Latitude [deg]
# name 2 = longitude: Longitude [deg]
# name 3 = prDM: Pressure, Digiquartz [db]
# name 4 = t090C: Temperature [ITS-90, deg C]
# name 5 = t190C: Temperature, 2 [ITS-90, deg C]
# name 6 = potemp090C: Potential Temperature [ITS-90, deg C]
# name 7 = sal00: Salinity, Practical [PSU]
# name 8 = sal11: Salinity, Practical, 2 [PSU]
# name 9 = density00: Density [density, kg/m^3]
# name 10 = sigma-é00: Density [sigma-theta, kg/m^3]
# name 11 = sbox0Mm/Kg: Oxygen, SBE 43 [umol/kg]
# name 12 = sbox1Mm/Kg: Oxygen, SBE 43, 2 [umol/kg]
# name 13 = oxsolMm/Kg: Oxygen Saturation, Garcia & Gordon [umol/kg]
# name 14 = sbeox0PS: Oxygen, SBE 43 [% saturation]
# name 15 = sbeox1PS: Oxygen, SBE 43, 2 [% saturation]
# name 16 = v0: Voltage 0
# name 17 = flECO-AFL: Fluorescence, WET Labs ECO-AFL/FL [mg/m^3]
# name 18 = v1: Voltage 1
# name 19 = CStarAt0: Beam Attenuation, WET Labs C-Star [1/m]
# name 20 = par: PAR/Irradiance, Biospherical/Licor
# name 21 = scan: Scan Count
# name 22 = timeM: Time, Elapsed [minutes]
# name 23 = flag:  0.000e+00
# span 0 =      1.841,     79.392                 
# span 1 =   71.75104,   71.75126                 
# span 2 = -154.46116, -154.46000                 
# span 3 =      1.860,     80.228                 
# span 4 =    -0.9625,     4.2018                 
# span 5 =    -0.9608,     4.2135                 
# span 6 =    -0.9642,     4.2009                 
# span 7 =    28.0118,    32.3375                 
# span 8 =    28.0220,    32.3469                 
# span 9 =  1022.2317,  1026.3748                 
# span 10 =    22.2206,    25.9937                
# span 11 =    307.521,    349.027                
# span 12 =    293.031,    331.623                
# span 13 =  324.76479,  364.44344                
# span 14 =     87.323,    103.853                
# span 15 =     81.604,     97.675                
# span 16 =     0.0781,     0.2405                
# span 17 =     0.1209,     1.0952                
# span 18 =     2.9011,     3.9878                
# span 19 =     0.6679,     1.9409                
# span 20 = 1.0000e-12, 8.6210e+01                
# span 21 =          1,       9209                
# span 22 =     0.0000,     6.3944                
# span 23 = 0.0000e+00, 0.0000e+00                
# interval = seconds: 0.0416667
# start_time = Sep 22 2023 02:02:56 [NMEA time, first data scan]
# bad_flag = -9.990e-29
*END*
[from data line 6038]
     75.814   71.75114 -154.46066     76.611    -0.9575    -0.9557    -0.9592    32.3316    32.3420  1026.3581    25.9896    319.666    302.584  364.37447     87.730     83.053     0.1038     0.2747     3.6972     0.9706 1.0000e-12       6039     4.1931  0.000e+00
     75.775   71.75114 -154.46066     76.572    -0.9576    -0.9562    -0.9594    32.3314    32.3431  1026.3578    25.9895    319.685    302.569  364.37601     87.735     83.048     0.1026     0.2674     3.6972     0.9706 1.0000e-12       6040     4.1937  0.000e+00
     75.814   71.75114 -154.46066     76.611    -0.9576    -0.9560    -0.9594    32.3314    32.3424  1026.3580    25.9894    319.707    302.557  364.37620     87.741     83.045     0.1038     0.2747     3.6972     0.9706 1.0000e-12       6041     4.1944  0.000e+00
     75.775   71.75114 -154.46066     76.572    -0.9577    -0.9562    -0.9595    32.3316    32.3425  1026.3579    25.9896    319.422    302.773  364.37727     87.662     83.104     0.1026     0.2674     3.6972     0.9706 1.0000e-12       6042     4.1951  0.000e+00
     75.760   71.75114 -154.46066     76.557    -0.9577    -0.9564    -0.9595    32.3314    32.3427  1026.3577    25.9894    319.649    302.602  364.37785     87.724     83.057     0.1026     0.2674     3.6972     0.9706 8.4714e-06       6043     4.1958  0.000e+00
     75.775   71.75114 -154.46066     76.572    -0.9579    -0.9567    -0.9597    32.3317    32.3428  1026.3580    25.9897    319.670    302.600  364.37865     87.730     83.055     0.1026     0.2674     3.6972     0.9706 8.4714e-06       6044     4.1965  0.000e+00
     75.698   71.75114 -154.46066     76.494    -0.9576    -0.9566    -0.9593    32.3312    32.3428  1026.3573    25.9893    319.430    302.593  364.37661     87.665     83.054     0.1026     0.2674     3.6972     0.9706 1.0000e-12       6045     4.1972  0.000e+00
     75.775   71.75114 -154.46066     76.572    -0.9576    -0.9569    -0.9594    32.3318    32.3429  1026.3581    25.9897    319.405    302.599  364.37504     87.658     83.055     0.1026     0.2674     3.6972     0.9706 1.0000e-12       6046     4.1979  0.000e+00
     75.698   71.75114 -154.46066     76.494    -0.9575    -0.9567    -0.9592    32.3319    32.3426  1026.3578    25.9898    319.377    302.597  364.37354     87.651     83.055     0.1026     0.2674     3.6972     0.9706 1.0000e-12       6047     4.1986  0.000e+00
     75.721   71.75114 -154.46066     76.518    -0.9575    -0.9564    -0.9592    32.3316    32.3424  1026.3577    25.9896    319.561    302.634  364.37431     87.701     83.065     0.1038     0.2747     3.6972     0.9706 1.0000e-12       6048     4.1993  0.000e+00
     75.698   71.75114 -154.46066     76.494    -0.9575    -0.9564    -0.9592    32.3316    32.3423  1026.3576    25.9896    319.329    302.642  364.37439     87.638     83.067     0.1026     0.2674     3.6972     0.9706 1.0000e-12       6049     4.2000  0.000e+00
     75.660   71.75114 -154.46066     76.455    -0.9573    -0.9561    -0.9591    32.3317    32.3424  1026.3574    25.9896    319.509    302.682  364.37258     87.687     83.079     0.1038     0.2747     3.6972     0.9706 1.0000e-12       6050     4.2007  0.000e+00
     75.644   71.75114 -154.46066     76.440    -0.9575    -0.9562    -0.9592    32.3319    32.3424  1026.3576    25.9899    318.413    302.698  364.37344     87.386     83.083     0.1026     0.2674     3.6972     0.9706 1.0000e-12       6051     4.2014  0.000e+00
     75.644   71.75114 -154.46066     76.440    -0.9570    -0.9560    -0.9588    32.3315    32.3424  1026.3572    25.9895    319.010    302.713  364.37041     87.551     83.088     0.1038     0.2747     3.6972     0.9706 1.0000e-12       6052     4.2021  0.000e+00
     75.606   71.75114 -154.46066     76.401    -0.9568    -0.9562    -0.9586    32.3315    32.3429  1026.3570    25.9895    318.939    302.766  364.36860     87.532     83.102     0.1026     0.2674     3.6972     0.9706 1.0000e-12       6053     4.2028  0.000e+00
     75.644   71.75114 -154.46066     76.440    -0.9568    -0.9564    -0.9586    32.3317    32.3427  1026.3574    25.9897    318.922    302.795  364.36793     87.527     83.109     0.1026     0.2674     3.6947     0.9733 1.0000e-12       6054     4.2035  0.000e+00
     75.606   71.75114 -154.46066     76.401    -0.9564    -0.9563    -0.9581    32.3311    32.3420  1026.3567    25.9892    318.901    302.821  364.36520     87.522     83.116     0.1026     0.2674     3.6923     0.9759 1.0000e-12       6055     4.2042  0.000e+00
     75.590   71.75114 -154.46066     76.385    -0.9566    -0.9564    -0.9583    32.3313    32.3424  1026.3568    25.9893    318.888    302.850  364.36643     87.518     83.125     0.1026     0.2674     3.6923     0.9759 1.0000e-12       6056     4.2049  0.000e+00
     75.606   71.75114 -154.46066     76.401    -0.9566    -0.9558    -0.9583    32.3317    32.3426  1026.3572    25.9896    319.231    302.877  364.36536     87.613     83.133     0.1026     0.2674     3.6923     0.9759 1.0000e-12       6057     4.2056  0.000e+00
     75.529   71.75114 -154.46066     76.323    -0.9560    -0.9553    -0.9578    32.3315    32.3427  1026.3567    25.9895    319.263    302.872  364.36072     87.623     83.133     0.1026     0.2674     3.6923     0.9759 1.0000e-12       6058     4.2062  0.000e+00
     75.552   71.75114 -154.46066     76.346    -0.9556    -0.9549    -0.9574    32.3314    32.3424  1026.3566    25.9894    319.300    302.906  364.35725     87.634     83.143     0.1026     0.2674     3.6923     0.9759 1.0000e-12       6059     4.2069  0.000e+00
     75.529   71.75114 -154.46066     76.323    -0.9551    -0.9546    -0.9569    32.3316    32.3423  1026.3567    25.9895    319.334    302.715  364.35173     87.644     83.091     0.1026     0.2674     3.6923     0.9759 1.0000e-12       6060     4.2076  0.000e+00
     75.552   71.75114 -154.46066     76.346    -0.9548    -0.9540    -0.9566    32.3317    32.3419  1026.3568    25.9896    319.116    302.917  364.34865     87.585     83.148     0.1038     0.2747     3.6923     0.9759 1.0000e-12       6061     4.2083  0.000e+00
     75.529   71.75114 -154.46066     76.323    -0.9541    -0.9537    -0.9559    32.3314    32.3423  1026.3565    25.9893    319.358    302.697  364.34234     87.653     83.089     0.1026     0.2674     3.6923     0.9759 8.4714e-06       6062     4.2090  0.000e+00
     75.436   71.75114 -154.46066     76.229    -0.9536    -0.9534    -0.9554    32.3311    32.3421  1026.3558    25.9891    319.392    302.707  364.33866     87.664     83.092     0.1001     0.2527     3.6923     0.9759 1.0000e-12       6063     4.2097  0.000e+00
     75.475   71.75114 -154.46066     76.268    -0.9533    -0.9532    -0.9551    32.3309    32.3421  1026.3558    25.9889    319.383    302.726  364.33585     87.662     83.097     0.0977     0.2381     3.6923     0.9759 1.0000e-12       6064     4.2104  0.000e+00
     75.490   71.75114 -154.46066     76.284    -0.9530    -0.9526    -0.9548    32.3307    32.3416  1026.3557    25.9887    319.116    302.713  364.33373     87.589     83.095     0.0977     0.2381     3.6923     0.9759 8.4714e-06       6065     4.2111  0.000e+00
     75.413   71.75114 -154.46066     76.206    -0.9528    -0.9526    -0.9546    32.3306    32.3418  1026.3552    25.9886    319.103    302.703  364.33246     87.586     83.092     0.0977     0.2381     3.6923     0.9759 1.0000e-12       6066     4.2118  0.000e+00
     75.475   71.75114 -154.46066     76.268    -0.9528    -0.9521    -0.9546    32.3307    32.3419  1026.3556    25.9887    319.049    302.697  364.33158     87.571     83.092     0.0989     0.2454     3.6923     0.9759 1.0000e-12       6067     4.2125  0.000e+00
     75.436   71.75114 -154.46066     76.229    -0.9526    -0.9515    -0.9543    32.3303    32.3413  1026.3551    25.9884    319.040    302.690  364.33049     87.569     83.091     0.0977     0.2381     3.6923     0.9759 1.0000e-12       6068     4.2132  0.000e+00
     75.359   71.75114 -154.46066     76.151    -0.9526    -0.9510    -0.9543    32.3300    32.3414  1026.3545    25.9882    319.289    302.683  364.33121     87.637     83.090     0.0977     0.2381     3.6923     0.9759 1.0000e-12       6069     4.2139  0.000e+00
     75.436   71.75114 -154.46066     76.229    -0.9526    -0.9506    -0.9543    32.3304    32.3417  1026.3551    25.9884    319.080    302.880  364.33024     87.580     83.145     0.0977     0.2381     3.6923     0.9759 1.0000e-12       6070     4.2146  0.000e+00
     75.359   71.75114 -154.46066     76.151    -0.9524    -0.9503    -0.9542    32.3306    32.3411  1026.3550    25.9886    319.328    302.651  364.32788     87.648     83.083     0.0977     0.2381     3.6923     0.9759 1.0000e-12       6071     4.2153  0.000e+00
     75.374   71.75114 -154.46066     76.167    -0.9521    -0.9503    -0.9539    32.3312    32.3412  1026.3555    25.9891    319.065    302.625  364.32333     87.577     83.075     0.0977     0.2381     3.6923     0.9759 1.0000e-12       6072     4.2160  0.000e+00
     75.359   71.75114 -154.46066     76.151    -0.9516    -0.9497    -0.9534    32.3319    32.3408  1026.3560    25.9896    319.006    302.626  364.31698     87.563     83.077     0.0977     0.2381     3.6923     0.9759 8.4714e-06       6073     4.2167  0.000e+00
     75.320   71.75114 -154.46066     76.112    -0.9508    -0.9493    -0.9526    32.3314    32.3412  1026.3553    25.9892    319.251    302.628  364.31075     87.631     83.079     0.0989     0.2454     3.6923     0.9759 1.0000e-12       6074     4.2174  0.000e+00
     75.359   71.75114 -154.46066     76.151    -0.9501    -0.9493    -0.9519    32.3305    32.3410  1026.3548    25.9885    319.038    302.642  364.30589     87.574     83.082     0.0977     0.2381     3.6935     0.9746 1.0000e-12       6075     4.2181  0.000e+00
     75.259   71.75114 -154.46066     76.050    -0.9493    -0.9488    -0.9511    32.3304    32.3409  1026.3542    25.9883    319.026    302.648  364.29859     87.573     83.085     0.0989     0.2454     3.6935     0.9746 8.4714e-06       6076     4.2188  0.000e+00
     75.297   71.75114 -154.46066     76.089    -0.9486    -0.9489    -0.9504    32.3305    32.3411  1026.3544    25.9884    319.278    302.667  364.29167     87.643     83.090     0.0977     0.2381     3.6947     0.9733 1.0000e-12       6077     4.2194  0.000e+00
     75.320   71.75114 -154.46066     76.112    -0.9478    -0.9485    -0.9496    32.3298    32.3402  1026.3540    25.9878    319.322    302.653  364.28579     87.657     83.086     0.0989     0.2454     3.6947     0.9733 1.0000e-12       6078     4.2201  0.000e+00
     75.243   71.75114 -154.46066     76.034    -0.9475    -0.9487    -0.9492    32.3299    32.3405  1026.3537    25.9879    319.110    302.639  364.28217     87.600     83.082     0.0977     0.2381     3.6935     0.9746 1.0000e-12       6079     4.2208  0.000e+00
     75.259   71.75114 -154.46066     76.050    -0.9470    -0.9487    -0.9488    32.3289    32.3408  1026.3529    25.9871    319.368    302.661  364.28062     87.671     83.089     0.0977     0.2381     3.6947     0.9733 1.0000e-12       6080     4.2215  0.000e+00
     75.243   71.75114 -154.46066     76.034    -0.9472    -0.9489    -0.9490    32.3291    32.3410  1026.3530    25.9872    319.166    302.655  364.28173     87.615     83.086     0.0977     0.2381     3.6947     0.9733 1.0000e-12       6081     4.2222  0.000e+00
     75.205   71.75114 -154.46066     75.995    -0.9467    -0.9489    -0.9485    32.3289    32.3409  1026.3526    25.9871    319.166    302.647  364.27778     87.616     83.084     0.0989     0.2454     3.6947     0.9733 8.4714e-06       6082     4.2229  0.000e+00
     75.243   71.75114 -154.46066     76.034    -0.9464    -0.9491    -0.9482    32.3295    32.3407  1026.3533    25.9875    319.171    302.645  364.27289     87.619     83.083     0.0977     0.2381     3.6947     0.9733 1.0000e-12       6083     4.2236  0.000e+00
     75.189   71.75114 -154.46066     75.980    -0.9459    -0.9491    -0.9477    32.3295    32.3405  1026.3530    25.9875    319.429    302.640  364.26831     87.691     83.082     0.0977     0.2381     3.6935     0.9746 1.0000e-12       6084     4.2243  0.000e+00
     75.205   71.75114 -154.46066     75.995    -0.9454    -0.9491    -0.9471    32.3285    32.3404  1026.3523    25.9867    319.229    302.864  364.26564     87.636     83.143     0.0977     0.2381     3.6935     0.9746 1.0000e-12       6085     4.2250  0.000e+00
     75.189   71.75114 -154.46066     75.980    -0.9454    -0.9489    -0.9471    32.3281    32.3407  1026.3519    25.9864    319.192    302.890  364.26671     87.626     83.151     0.0977     0.2381     3.6947     0.9733 1.0000e-12       6086     4.2257  0.000e+00
     75.151   71.75114 -154.46066     75.941    -0.9455    -0.9484    -0.9472    32.3282    32.3409  1026.3518    25.9865    318.948    302.911  364.26752     87.559     83.158     0.0977     0.2381     3.6935     0.9746 8.4714e-06       6087     4.2264  0.000e+00
     75.189   71.75114 -154.46066     75.980    -0.9455    -0.9474    -0.9473    32.3285    32.3407  1026.3522    25.9867    319.427    302.932  364.26736     87.690     83.166     0.0989     0.2454     3.6947     0.9733 1.0000e-12       6088     4.2271  0.000e+00
     75.151   71.75114 -154.46066     75.941    -0.9454    -0.9462    -0.9471    32.3293    32.3406  1026.3526    25.9873    319.486    302.948  364.26348     87.707     83.173     0.1001     0.2527     3.6947     0.9733 1.0000e-12       6089     4.2278  0.000e+00
     75.127   71.75114 -154.46066     75.918    -0.9449    -0.9448    -0.9467    32.3295    32.3404  1026.3527    25.9875    319.544    302.963  364.25834     87.725     83.180     0.1001     0.2527     3.6947     0.9733 1.0000e-12       6090     4.2285  0.000e+00
     75.089   71.75114 -154.46066     75.879    -0.9445    -0.9435    -0.9462    32.3294    32.3394  1026.3524    25.9874    319.552    302.786  364.25414     87.728     83.134     0.1013     0.2601     3.6947     0.9733 1.0000e-12       6091     4.2292  0.000e+00
     75.073   71.75114 -154.46066     75.863    -0.9437    -0.9421    -0.9454    32.3295    32.3393  1026.3524    25.9875    319.605    302.999  364.24613     87.744     83.195     0.1001     0.2527     3.6947     0.9733 1.0000e-12       6092     4.2299  0.000e+00
     75.089   71.75114 -154.46066     75.879    -0.9425    -0.9417    -0.9442    32.3295    32.3383  1026.3524    25.9874    319.656    303.029  364.23443     87.761     83.204     0.1013     0.2601     3.6947     0.9733 8.4714e-06       6093     4.2306  0.000e+00
     75.073   71.75114 -154.46066     75.863    -0.9411    -0.9417    -0.9429    32.3295    32.3389  1026.3523    25.9874    319.654    303.058  364.22117     87.764     83.212     0.1001     0.2527     3.6935     0.9746 1.0000e-12       6094     4.2313  0.000e+00
     75.035   71.75114 -154.46066     75.824    -0.9398    -0.9407    -0.9416    32.3288    32.3386  1026.3515    25.9867    319.651    303.079  364.21106     87.765     83.220     0.1013     0.2601     3.6886     0.9799 8.4714e-06       6095     4.2319  0.000e+00
     75.073   71.75114 -154.46066     75.863    -0.9386    -0.9398    -0.9404    32.3280    32.3385  1026.3510    25.9861    319.396    303.104  364.20171     87.698     83.228     0.1001     0.2527     3.6874     0.9812 1.0000e-12       6096     4.2326  0.000e+00
     75.035   71.75114 -154.46066     75.824    -0.9380    -0.9389    -0.9398    32.3277    32.3379  1026.3505    25.9858    319.399    303.126  364.19650     87.700     83.236     0.1013     0.2601     3.6874     0.9812 1.0000e-12       6097     4.2333  0.000e+00
     75.012   71.75114 -154.46066     75.801    -0.9375    -0.9383    -0.9393    32.3275    32.3381  1026.3502    25.9856    319.356    303.150  364.19258     87.689     83.244     0.1001     0.2527     3.6874     0.9812 1.0000e-12       6098     4.2340  0.000e+00
