EcoFOCI/data/1_SampleCollection/2023_SikuliaqDBO_CruiseData/CTD_raw_BottleFile_SKQ23-12S/proc/skq202312s_075.ros
* Sea-Bird SBE 9 Data File:
* FileName = D:\CTD\SKQ202312S\SKQ202312S_075.hex
* Software Version Seasave V 7.26.7.121
* Temperature SN = 6177
* Conductivity SN = 0369
* Number of Bytes Per Scan = 41
* Number of Voltage Words = 4
* Number of Scans Averaged by the Deck Unit = 1
* NMEA Latitude = 68 14.82 N
* NMEA Longitude = 167 07.33 W
* NMEA UTC (Time) = Oct 02 2023  05:40:29
* NMEA baud rate = 4800
** Ship: R/V Sikuliaq
** Station Number: 075
** Station Name: DBO3.3
** Bottom Depth: 43
** Operator: SD
# nquan = 22
# nvalues = 833                                   
# units = specified
# name 0 = depSM: Depth [salt water, m]
# name 1 = latitude: Latitude [deg]
# name 2 = longitude: Longitude [deg]
# name 3 = prDM: Pressure, Digiquartz [db]
# name 4 = t090C: Temperature [ITS-90, deg C]
# name 5 = t190C: Temperature, 2 [ITS-90, deg C]
# name 6 = potemp090C: Potential Temperature [ITS-90, deg C]
# name 7 = sal00: Salinity, Practical [PSU]
# name 8 = sal11: Salinity, Practical, 2 [PSU]
# name 9 = density00: Density [density, kg/m^3]
# name 10 = sigma-é00: Density [sigma-theta, kg/m^3]
# name 11 = sbox0Mm/Kg: Oxygen, SBE 43 [umol/kg]
# name 12 = sbox1Mm/Kg: Oxygen, SBE 43, 2 [umol/kg]
# name 13 = oxsolMm/Kg: Oxygen Saturation, Garcia & Gordon [umol/kg]
# name 14 = sbeox0PS: Oxygen, SBE 43 [% saturation]
# name 15 = v0: Voltage 0
# name 16 = flECO-AFL: Fluorescence, WET Labs ECO-AFL/FL [mg/m^3]
# name 17 = CStarAt0: Beam Attenuation, WET Labs C-Star [1/m]
# name 18 = par: PAR/Irradiance, Biospherical/Licor
# name 19 = scan: Scan Count
# name 20 = nbf: Bottles Fired
# name 21 = flag:  0.000e+00
# interval = seconds: 0.0416667
# start_time = Oct 02 2023 05:44:07 [NMEA time, first data scan]
# bad_flag = -9.990e-29
*END*
[from data line 527]
     10.258   68.24620 -167.12288     10.363     7.4989     7.4923     7.4980    29.1494    29.1864  1022.7978    22.7501    272.728    260.702  302.84741     90.055     0.1465     0.5311     0.6569 1.0000e-12      16665         11  0.000e+00
     10.343   68.24620 -167.12288     10.448     7.4992     7.4909     7.4982    29.1454    29.1863  1022.7951    22.7469    272.778    260.699  302.85450     90.069     0.1453     0.5238     0.6569 1.0000e-12      16666         11  0.000e+00
     10.312   68.24620 -167.12288     10.417     7.5011     7.4892     7.5001    29.1357    29.1850  1022.7870    22.7390    272.820    260.690  302.86296     90.080     0.1465     0.5311     0.6569 1.0000e-12      16667         11  0.000e+00
     10.258   68.24620 -167.12288     10.363     7.5046     7.4877     7.5037    29.1259    29.1825  1022.7786    22.7309    272.845    260.692  302.86007     90.089     0.1453     0.5238     0.6569 1.0000e-12      16668         11  0.000e+00
     10.258   68.24620 -167.12288     10.363     7.5101     7.4880     7.5092    29.1173    29.1796  1022.7712    22.7235    272.852    260.680  302.84105     90.097     0.1465     0.5311     0.6581 1.0000e-12      16669         11  0.000e+00
     10.197   68.24620 -167.12288     10.300     7.5153     7.4899     7.5144    29.1114    29.1751  1022.7656    22.7181    272.849    260.652  302.81823     90.103     0.1453     0.5238     0.6569 1.0000e-12      16670         11  0.000e+00
     10.197   68.24620 -167.12288     10.300     7.5201     7.4928     7.5192    29.1069    29.1693  1022.7614    22.7140    272.844    260.634  302.79472     90.108     0.1465     0.5311     0.6569 1.0000e-12      16671         11  0.000e+00
     10.197   68.24620 -167.12288     10.300     7.5239     7.4969     7.5230    29.1029    29.1633  1022.7577    22.7103    272.867    260.605  302.77706     90.121     0.1453     0.5238     0.6569 1.0000e-12      16672         11  0.000e+00
     10.166   68.24620 -167.12288     10.269     7.5280     7.4991     7.5271    29.0985    29.1595  1022.7536    22.7063    273.049    260.578  302.75876     90.187     0.1453     0.5238     0.6569 8.4714e-06      16673         11  0.000e+00
     10.143   68.24620 -167.12288     10.246     7.5317     7.4989     7.5308    29.0949    29.1594  1022.7502    22.7030    272.924    260.571  302.74080     90.151     0.1453     0.5238     0.6569 1.0000e-12      16674         11  0.000e+00
     10.197   68.24620 -167.12288     10.300     7.5348     7.4995     7.5339    29.0921    29.1596  1022.7478    22.7004    273.106    260.557  302.72606     90.215     0.1453     0.5238     0.6569 8.4714e-06      16675         11  0.000e+00
     10.081   68.24620 -167.12288     10.183     7.5370     7.4994     7.5361    29.0898    29.1602  1022.7452    22.6983    273.115    260.365  302.71552     90.222     0.1453     0.5238     0.6569 1.0000e-12      16676         11  0.000e+00
      9.911   68.24618 -167.12292     10.012     7.4963     7.4898     7.4954    29.1560    29.1795  1022.8018    22.7557    270.085    258.484  302.85104     89.181     0.1416     0.5018     0.6716 1.0000e-12      17105         12  0.000e+00
      9.857   68.24616 -167.12294      9.957     7.4965     7.4898     7.4956    29.1553    29.1795  1022.8009    22.7550    270.254    258.647  302.85098     89.237     0.1429     0.5091     0.6716 1.0000e-12      17106         12  0.000e+00
      9.911   68.24616 -167.12294     10.012     7.4967     7.4901     7.4958    29.1548    29.1796  1022.8007    22.7546    270.068    258.309  302.85073     89.175     0.1429     0.5091     0.6703 1.0000e-12      17107         12  0.000e+00
      9.857   68.24616 -167.12294      9.957     7.4972     7.4901     7.4963    29.1534    29.1799  1022.7993    22.7534    269.853    258.285  302.85036     89.104     0.1429     0.5091     0.6703 8.4714e-06      17108         12  0.000e+00
      9.857   68.24616 -167.12294      9.957     7.4976     7.4904     7.4967    29.1510    29.1791  1022.7974    22.7515    270.000    258.246  302.85290     89.152     0.1416     0.5018     0.6703 1.0000e-12      17109         12  0.000e+00
      9.826   68.24616 -167.12294      9.926     7.4990     7.4914     7.4981    29.1497    29.1772  1022.7960    22.7503    269.999    258.224  302.84652     89.154     0.1429     0.5091     0.6716 1.0000e-12      17110         12  0.000e+00
      9.911   68.24616 -167.12294     10.012     7.4998     7.4916     7.4989    29.1492    29.1759  1022.7960    22.7498    270.005    258.038  302.84159     89.157     0.1429     0.5091     0.6703 1.0000e-12      17111         12  0.000e+00
      9.857   68.24616 -167.12294      9.957     7.5006     7.4920     7.4997    29.1487    29.1740  1022.7952    22.7493    270.199    257.989  302.83759     89.222     0.1429     0.5091     0.6703 1.0000e-12      17112         12  0.000e+00
      9.857   68.24616 -167.12294      9.957     7.5019     7.4928     7.5010    29.1468    29.1726  1022.7935    22.7477    270.227    257.958  302.83241     89.233     0.1416     0.5018     0.6703 1.0000e-12      17113         12  0.000e+00
      9.857   68.24616 -167.12294      9.957     7.5026     7.4925     7.5017    29.1455    29.1746  1022.7924    22.7465    270.042    257.914  302.83094     89.172     0.1429     0.5091     0.6716 1.0000e-12      17114         12  0.000e+00
      9.911   68.24616 -167.12294     10.012     7.5038     7.4912     7.5029    29.1430    29.1786  1022.7905    22.7444    270.240    257.719  302.82773     89.239     0.1453     0.5238     0.6703 1.0000e-12      17115         12  0.000e+00
      9.857   68.24616 -167.12294      9.957     7.5049     7.4909     7.5041    29.1419    29.1806  1022.7893    22.7434    270.075    257.679  302.82226     89.186     0.1526     0.5678     0.6703 1.0000e-12      17116         12  0.000e+00
      9.857   68.24616 -167.12294      9.957     7.5049     7.4917     7.5041    29.1464    29.1791  1022.7928    22.7469    270.076    257.470  302.81234     89.189     0.1538     0.5751     0.6716 1.0000e-12      17117         12  0.000e+00
      9.880   68.24616 -167.12294      9.981     7.5036     7.4922     7.5028    29.1554    29.1776  1022.8002    22.7542    270.078    257.581  302.80122     89.193     0.1538     0.5751     0.6716 1.0000e-12      17118         12  0.000e+00
      9.857   68.24616 -167.12294      9.957     7.5006     7.4920     7.4997    29.1658    29.1768  1022.8086    22.7627    270.281    257.365  302.79946     89.261     0.1526     0.5678     0.6716 1.0000e-12      17119         12  0.000e+00
      9.911   68.24616 -167.12294     10.012     7.4978     7.4923     7.4969    29.1724    29.1767  1022.8144    22.7683    270.326    257.326  302.80413     89.274     0.1538     0.5751     0.6703 1.0000e-12      17120         12  0.000e+00
      9.857   68.24616 -167.12294      9.957     7.4950     7.4925     7.4941    29.1772    29.1780  1022.8183    22.7724    270.563    257.268  302.81321     89.350     0.1526     0.5678     0.6703 1.0000e-12      17121         12  0.000e+00
      9.857   68.24616 -167.12294      9.957     7.4925     7.4930     7.4917    29.1799    29.1802  1022.8208    22.7749    270.445    257.229  302.82403     89.308     0.1538     0.5751     0.6703 1.0000e-12      17122         12  0.000e+00
      9.911   68.24616 -167.12294     10.012     7.4907     7.4918     7.4898    29.1821    29.1867  1022.8229    22.7768    270.300    257.181  302.83209     89.257     0.1538     0.5751     0.6716 1.0000e-12      17123         12  0.000e+00
      9.911   68.24616 -167.12294     10.012     7.4896     7.4904     7.4888    29.1834    29.1949  1022.8241    22.7780    270.316    257.133  302.83645     89.262     0.1526     0.5678     0.6642 1.0000e-12      17124         12  0.000e+00
      9.911   68.24616 -167.12294     10.012     7.4883     7.4899     7.4875    29.1849    29.2005  1022.8255    22.7794    270.500    257.122  302.84200     89.320     0.1538     0.5751     0.6581 1.0000e-12      17125         12  0.000e+00
      9.880   68.24616 -167.12294      9.981     7.4872     7.4888     7.4864    29.1865    29.2034  1022.8268    22.7808    270.322    256.916  302.84604     89.261     0.1538     0.5751     0.6569 1.0000e-12      17126         12  0.000e+00
      9.911   68.24616 -167.12294     10.012     7.4867     7.4888     7.4859    29.1885    29.2046  1022.8285    22.7824    270.335    257.059  302.84521     89.265     0.1538     0.5751     0.6569 1.0000e-12      17127         12  0.000e+00
      9.911   68.24616 -167.12294     10.012     7.4862     7.4884     7.4854    29.1899    29.2059  1022.8297    22.7836    270.321    257.035  302.84545     89.260     0.1526     0.5678     0.6569 1.0000e-12      17128         12  0.000e+00
      9.911   68.24616 -167.12294     10.012     7.4858     7.4885     7.4849    29.1915    29.2062  1022.8310    22.7849    270.307    256.856  302.84513     89.256     0.1538     0.5751     0.6569 1.0000e-12      17129         12  0.000e+00
      9.911   68.24616 -167.12294     10.012     7.4859     7.4885     7.4851    29.1926    29.2061  1022.8318    22.7857    270.317    256.840  302.84161     89.260     0.1526     0.5678     0.6569 1.0000e-12      17130         12  0.000e+00
      9.911   68.24616 -167.12294     10.012     7.4861     7.4885     7.4852    29.1938    29.2060  1022.8327    22.7866    270.301    256.812  302.83801     89.256     0.1538     0.5751     0.6569 1.0000e-12      17131         12  0.000e+00
      9.965   68.24616 -167.12294     10.066     7.4863     7.4884     7.4854    29.1947    29.2065  1022.8337    22.7873    270.313    256.807  302.83461     89.261     0.1538     0.5751     0.6581 8.4714e-06      17132         12  0.000e+00
      9.942   68.24616 -167.12294     10.043     7.4864     7.4887     7.4856    29.1946    29.2062  1022.8335    22.7872    270.327    256.785  302.83375     89.266     0.1538     0.5751     0.6569 1.0000e-12      17133         12  0.000e+00
      9.911   68.24616 -167.12294     10.012     7.4866     7.4885     7.4857    29.1946    29.2065  1022.8333    22.7872    270.341    256.960  302.83265     89.271     0.1526     0.5678     0.6569 1.0000e-12      17134         12  0.000e+00
      9.965   68.24616 -167.12294     10.066     7.4867     7.4884     7.4859    29.1944    29.2067  1022.8334    22.7870    270.332    256.812  302.83217     89.268     0.1538     0.5751     0.6569 8.4714e-06      17135         12  0.000e+00
      9.965   68.24616 -167.12294     10.066     7.4869     7.4885     7.4860    29.1941    29.2064  1022.8332    22.7868    270.322    256.823  302.83165     89.265     0.1526     0.5678     0.6569 1.0000e-12      17136         12  0.000e+00
      9.965   68.24616 -167.12294     10.066     7.4872     7.4887     7.4864    29.1943    29.2062  1022.8332    22.7869    270.310    256.821  302.82894     89.262     0.1538     0.5751     0.6569 1.0000e-12      17137         12  0.000e+00
      9.965   68.24616 -167.12294     10.066     7.4871     7.4887     7.4862    29.1948    29.2065  1022.8336    22.7872    270.300    256.840  302.82891     89.258     0.1526     0.5678     0.6569 1.0000e-12      17138         12  0.000e+00
      9.965   68.24616 -167.12294     10.066     7.4872     7.4890     7.4864    29.1949    29.2069  1022.8337    22.7873    270.290    256.862  302.82760     89.255     0.1538     0.5751     0.6569 1.0000e-12      17139         12  0.000e+00
      9.965   68.24616 -167.12294     10.066     7.4874     7.4890     7.4865    29.1949    29.2070  1022.8337    22.7873    269.896    256.892  302.82644     89.126     0.1526     0.5678     0.6569 1.0000e-12      17140         12  0.000e+00
      9.996   68.24616 -167.12294     10.097     7.4872     7.4890     7.4864    29.1958    29.2068  1022.8345    22.7880    270.220    256.928  302.82566     89.233     0.1551     0.5824     0.6569 1.0000e-12      17141         12  0.000e+00
      9.965   68.24616 -167.12294     10.066     7.4874     7.4888     7.4865    29.1959    29.2071  1022.8344    22.7881    270.402    256.759  302.82439     89.293     0.1551     0.5824     0.6581 1.0000e-12      17142         12  0.000e+00
     10.027   68.24616 -167.12294     10.129     7.4872     7.4887     7.4864    29.1963    29.2073  1022.8351    22.7884    270.230    256.772  302.82450     89.237     0.1563     0.5897     0.6581 1.0000e-12      17143         12  0.000e+00
     10.027   68.24616 -167.12294     10.129     7.4874     7.4887     7.4865    29.1963    29.2073  1022.8351    22.7884    270.221    256.803  302.82343     89.234     0.1551     0.5824     0.6557 1.0000e-12      17144         12  0.000e+00
     10.027   68.24616 -167.12294     10.129     7.4872     7.4890     7.4864    29.1961    29.2075  1022.8349    22.7883    270.213    256.821  302.82497     89.231     0.1563     0.5897     0.6544 1.0000e-12      17145         12  0.000e+00
      9.965   68.24616 -167.12294     10.066     7.4874     7.4888     7.4865    29.1967    29.2076  1022.8351    22.7888    270.200    256.828  302.82242     89.227     0.1551     0.5824     0.6532 1.0000e-12      17146         12  0.000e+00
     10.081   68.24616 -167.12294     10.183     7.4874     7.4887     7.4865    29.1978    29.2076  1022.8365    22.7896    270.194    256.844  302.82009     89.226     0.1563     0.5897     0.6532 1.0000e-12      17147         12  0.000e+00
     10.027   68.24616 -167.12294     10.129     7.4875     7.4884     7.4867    29.1989    29.2076  1022.8371    22.7905    270.371    256.687  302.81652     89.286     0.1563     0.5897     0.6532 1.0000e-12      17148         12  0.000e+00
      9.996   68.24616 -167.12294     10.097     7.4879     7.4887     7.4870    29.1993    29.2071  1022.8372    22.7907    270.192    256.863  302.81330     89.227     0.1563     0.5897     0.6544 1.0000e-12      17149         12  0.000e+00
     10.081   68.24616 -167.12294     10.183     7.4884     7.4887     7.4875    29.1994    29.2070  1022.8376    22.7907    270.182    256.717  302.80959     89.225     0.1563     0.5897     0.6532 1.0000e-12      17150         12  0.000e+00
     10.027   68.24616 -167.12294     10.129     7.4887     7.4887     7.4878    29.1999    29.2074  1022.8377    22.7911    270.167    256.728  302.80653     89.221     0.1563     0.5897     0.6532 1.0000e-12      17151         12  0.000e+00
     10.081   68.24616 -167.12294     10.183     7.4887     7.4888     7.4878    29.1997    29.2072  1022.8378    22.7909    270.160    256.747  302.80697     89.219     0.1563     0.5897     0.6532 1.0000e-12      17152         12  0.000e+00
     10.027   68.24616 -167.12294     10.129     7.4892     7.4888     7.4883    29.1986    29.2070  1022.8366    22.7900    270.147    256.734  302.80589     89.215     0.1563     0.5897     0.6532 1.0000e-12      17153         12  0.000e+00
      7.248   68.24614 -167.12302      7.321     6.3014     6.3954     6.3009    25.4625    25.6236  1020.0287    19.9945    297.150    284.188  319.94850     92.874     0.2540     1.1758     0.9181 1.0000e-12      19941         13  0.000e+00
      7.387   68.24614 -167.12302      7.462     6.3005     6.4211     6.2999    25.4624    25.6874  1020.0294    19.9946    297.220    284.013  319.95605     92.894     0.2540     1.1758     0.9181 1.0000e-12      19942         13  0.000e+00
      7.271   68.24614 -167.12302      7.345     6.2995     6.4347     6.2990    25.4628    25.7203  1020.0292    19.9950    297.453    283.633  319.96241     92.965     0.2540     1.1758     0.9181 1.0000e-12      19943         13  0.000e+00
      7.271   68.24614 -167.12302      7.345     6.2990     6.4421     6.2985    25.4610    25.7327  1020.0279    19.9936    297.338    283.690  319.97015     92.927     0.2540     1.1758     0.9181 1.0000e-12      19944         13  0.000e+00
