EcoFOCI/data/1_SampleCollection/2023_SikuliaqDBO_CruiseData/CTD_raw_BottleFile_SKQ23-12S/proc/skq202312s_083svp.cnv
* Sea-Bird SBE 9 Data File:
* FileName = D:\CTD\SKQ202312S\SKQ202312S_083.hex
* Software Version Seasave V 7.26.7.121
* Temperature SN = 6177
* Conductivity SN = 0369
* Number of Bytes Per Scan = 41
* Number of Voltage Words = 4
* Number of Scans Averaged by the Deck Unit = 1
* NMEA Latitude = 65 38.84 N
* NMEA Longitude = 168 16.47 W
* NMEA UTC (Time) = Oct 03 2023  11:08:11
* NMEA baud rate = 4800
** Ship: R/V Sikuliaq
** Station Number: 083
** Station Name: BS2
** Bottom Depth: 45
** Operator: SD
# nquan = 7
# nvalues = 2989                                  
# units = specified
# name 0 = depSM: Depth [salt water, m]
# name 1 = latitude: Latitude [deg]
# name 2 = longitude: Longitude [deg]
# name 3 = t090C: Temperature [ITS-90, deg C]
# name 4 = sal00: Salinity, Practical [PSU]
# name 5 = svCM: Sound Velocity [Chen-Millero, m/s]
# name 6 = flag:  0.000e+00
# span 0 =      2.442,     40.356                 
# span 1 =   65.64734,   65.64734                 
# span 2 = -168.27482, -168.27476                 
# span 3 =     2.9949,     6.6692                 
# span 4 =    28.0364,    32.7355                 
# span 5 =    1460.02,    1473.30                 
# span 6 = 0.0000e+00, 0.0000e+00                 
# interval = seconds: 0.0416667
# start_time = Oct 03 2023 11:11:32 [NMEA time, first data scan]
# bad_flag = -9.990e-29
*END*
[from data line 616]
      6.045   65.64734 -168.27482     5.8287    28.0527    1465.39  0.000e+00
      6.045   65.64734 -168.27482     5.8280    28.0520    1465.39  0.000e+00
      6.045   65.64734 -168.27482     5.8276    28.0500    1465.38  0.000e+00
      6.106   65.64734 -168.27482     5.8265    28.0493    1465.38  0.000e+00
      6.160   65.64734 -168.27482     5.8259    28.0504    1465.38  0.000e+00
      6.160   65.64734 -168.27482     5.8253    28.0525    1465.38  0.000e+00
      6.106   65.64734 -168.27482     5.8257    28.0566    1465.38  0.000e+00
      6.214   65.64734 -168.27482     5.8265    28.0622    1465.39  0.000e+00
      6.214   65.64734 -168.27482     5.8284    28.0658    1465.41  0.000e+00
      6.276   65.64734 -168.27482     5.8308    28.0649    1465.42  0.000e+00
      6.214   65.64734 -168.27482     5.8327    28.0638    1465.42  0.000e+00
      6.276   65.64734 -168.27482     5.8341    28.0677    1465.43  0.000e+00
      6.330   65.64734 -168.27482     5.8369    28.0863    1465.47  0.000e+00
      6.330   65.64734 -168.27482     5.8439    28.1039    1465.52  0.000e+00
      6.330   65.64734 -168.27482     5.8532    28.1114    1465.57  0.000e+00
      6.392   65.64734 -168.27482     5.8626    28.1156    1465.61  0.000e+00
      6.392   65.64734 -168.27482     5.8718    28.1266    1465.66  0.000e+00
      6.446   65.64734 -168.27482     5.8829    28.1396    1465.73  0.000e+00
      6.392   65.64734 -168.27482     5.8949    28.1442    1465.78  0.000e+00
      6.507   65.64734 -168.27482     5.9063    28.1405    1465.82  0.000e+00
      6.507   65.64734 -168.27482     5.9152    28.1340    1465.85  0.000e+00
      6.507   65.64734 -168.27482     5.9217    28.1316    1465.87  0.000e+00
      6.561   65.64734 -168.27482     5.9265    28.1289    1465.89  0.000e+00
      6.561   65.64734 -168.27482     5.9302    28.1254    1465.90  0.000e+00
      6.561   65.64734 -168.27482     5.9331    28.1260    1465.91  0.000e+00
      6.615   65.64734 -168.27482     5.9358    28.1313    1465.93  0.000e+00
      6.615   65.64734 -168.27482     5.9399    28.1374    1465.96  0.000e+00
      6.677   65.64734 -168.27482     5.9444    28.1414    1465.98  0.000e+00
      6.654   65.64734 -168.27482     5.9490    28.1416    1466.00  0.000e+00
      6.677   65.64734 -168.27482     5.9527    28.1436    1466.02  0.000e+00
      6.731   65.64734 -168.27482     5.9564    28.1458    1466.04  0.000e+00
      6.731   65.64734 -168.27482     5.9602    28.1458    1466.05  0.000e+00
      6.731   65.64734 -168.27482     5.9631    28.1469    1466.06  0.000e+00
      6.793   65.64734 -168.27482     5.9660    28.1496    1466.08  0.000e+00
      6.847   65.64734 -168.27482     5.9691    28.1506    1466.09  0.000e+00
      6.847   65.64734 -168.27482     5.9722    28.1512    1466.11  0.000e+00
      6.847   65.64734 -168.27482     5.9744    28.1503    1466.12  0.000e+00
      6.847   65.64734 -168.27482     5.9765    28.1460    1466.12  0.000e+00
      6.908   65.64734 -168.27482     5.9773    28.1439    1466.12  0.000e+00
      6.908   65.64734 -168.27482     5.9783    28.1442    1466.12  0.000e+00
      6.908   65.64734 -168.27482     5.9792    28.1461    1466.13  0.000e+00
      6.962   65.64734 -168.27482     5.9808    28.1467    1466.14  0.000e+00
      6.962   65.64734 -168.27482     5.9819    28.1461    1466.14  0.000e+00
      6.962   65.64734 -168.27482     5.9827    28.1456    1466.15  0.000e+00
      7.016   65.64734 -168.27482     5.9830    28.1452    1466.15  0.000e+00
      7.016   65.64734 -168.27482     5.9833    28.1461    1466.15  0.000e+00
      7.016   65.64734 -168.27482     5.9835    28.1472    1466.15  0.000e+00
      7.078   65.64734 -168.27482     5.9838    28.1468    1466.15  0.000e+00
      7.078   65.64734 -168.27482     5.9843    28.1450    1466.15  0.000e+00
      7.078   65.64734 -168.27482     5.9847    28.1420    1466.15  0.000e+00
      7.132   65.64734 -168.27482     5.9841    28.1285    1466.13  0.000e+00
      7.132   65.64734 -168.27482     5.9811    28.0970    1466.08  0.000e+00
      7.132   65.64734 -168.27482     5.9742    28.0757    1466.03  0.000e+00
      7.078   65.64734 -168.27482     5.9643    28.0874    1466.00  0.000e+00
      7.225   65.64734 -168.27482     5.9573    28.1152    1466.01  0.000e+00
      7.194   65.64734 -168.27482     5.9551    28.1373    1466.03  0.000e+00
      7.194   65.64734 -168.27482     5.9562    28.1460    1466.04  0.000e+00
      7.248   65.64734 -168.27482     5.9579    28.1478    1466.05  0.000e+00
      7.194   65.64734 -168.27482     5.9603    28.1480    1466.06  0.000e+00
      7.310   65.64734 -168.27482     5.9623    28.1508    1466.08  0.000e+00
      7.310   65.64734 -168.27482     5.9655    28.1505    1466.09  0.000e+00
      7.310   65.64734 -168.27482     5.9682    28.1505    1466.10  0.000e+00
      7.310   65.64734 -168.27482     5.9707    28.1582    1466.12  0.000e+00
      7.310   65.64734 -168.27482     5.9748    28.1809    1466.16  0.000e+00
      7.364   65.64734 -168.27482     5.9840    28.2189    1466.25  0.000e+00
      7.364   65.64734 -168.27482     5.9977    28.2636    1466.36  0.000e+00
      7.310   65.64734 -168.27482     6.0172    28.2870    1466.47  0.000e+00
      7.418   65.64734 -168.27482     6.0385    28.2979    1466.57  0.000e+00
      7.364   65.64734 -168.27482     6.0574    28.3129    1466.66  0.000e+00
      7.418   65.64734 -168.27482     6.0776    28.3006    1466.73  0.000e+00
      7.479   65.64734 -168.27482     6.0936    28.2707    1466.76  0.000e+00
      7.418   65.64734 -168.27482     6.1052    28.2369    1466.76  0.000e+00
      7.533   65.64734 -168.27482     6.1097    28.2233    1466.77  0.000e+00
      7.479   65.64734 -168.27482     6.1115    28.2255    1466.77  0.000e+00
      7.456   65.64734 -168.27482     6.1143    28.2325    1466.79  0.000e+00
      7.533   65.64734 -168.27482     6.1183    28.2553    1466.84  0.000e+00
      7.533   65.64734 -168.27482     6.1266    28.2811    1466.91  0.000e+00
      7.595   65.64734 -168.27482     6.1385    28.2979    1466.98  0.000e+00
      7.533   65.64734 -168.27482     6.1504    28.3236    1467.06  0.000e+00
      7.533   65.64734 -168.27482     6.1651    28.3385    1467.13  0.000e+00
      7.765   65.64734 -168.27482     6.1794    28.3441    1467.20  0.000e+00
      7.595   65.64734 -168.27482     6.1927    28.3505    1467.26  0.000e+00
      7.649   65.64734 -168.27482     6.2055    28.3567    1467.32  0.000e+00
      7.711   65.64734 -168.27482     6.2163    28.3658    1467.38  0.000e+00
      7.711   65.64734 -168.27482     6.2269    28.3733    1467.43  0.000e+00
      7.711   65.64734 -168.27482     6.2363    28.3821    1467.48  0.000e+00
      7.765   65.64734 -168.27482     6.2437    28.4095    1467.54  0.000e+00
      7.765   65.64734 -168.27482     6.2502    28.4606    1467.63  0.000e+00
      7.765   65.64734 -168.27482     6.2584    28.5320    1467.76  0.000e+00
      7.819   65.64734 -168.27482     6.2689    28.6375    1467.93  0.000e+00
      7.819   65.64734 -168.27482     6.2818    28.7558    1468.13  0.000e+00
      7.819   65.64734 -168.27482     6.2961    28.9250    1468.40  0.000e+00
      7.911   65.64734 -168.27482     6.3140    29.1920    1468.81  0.000e+00
      7.880   65.64734 -168.27482     6.3365    29.4741    1469.25  0.000e+00
      7.934   65.64734 -168.27482     6.3597    29.7743    1469.72  0.000e+00
      7.934   65.64734 -168.27482     6.3816    30.0730    1470.19  0.000e+00
      7.996   65.64734 -168.27482     6.4048    30.3606    1470.64  0.000e+00
      7.996   65.64734 -168.27482     6.4270    30.6289    1471.07  0.000e+00
      8.050   65.64734 -168.27482     6.4490    30.7731    1471.33  0.000e+00
      8.050   65.64734 -168.27482     6.4682    30.8527    1471.51  0.000e+00
      8.050   65.64734 -168.27482     6.4849    30.9021    1471.64  0.000e+00
      8.050   65.64734 -168.27482     6.4999    30.9258    1471.73  0.000e+00
      8.104   65.64734 -168.27482     6.5112    30.9557    1471.81  0.000e+00
      8.166   65.64734 -168.27482     6.5201    30.9875    1471.89  0.000e+00
      8.166   65.64734 -168.27482     6.5269    31.0087    1471.94  0.000e+00
      8.166   65.64734 -168.27482     6.5323    31.0294    1471.99  0.000e+00
      8.220   65.64734 -168.27482     6.5363    31.0493    1472.03  0.000e+00
      8.220   65.64734 -168.27482     6.5392    31.0705    1472.07  0.000e+00
      8.251   65.64734 -168.27482     6.5408    31.0935    1472.10  0.000e+00
      8.281   65.64734 -168.27482     6.5408    31.1110    1472.13  0.000e+00
      8.335   65.64734 -168.27482     6.5398    31.1258    1472.14  0.000e+00
      8.281   65.64734 -168.27482     6.5359    31.1445    1472.15  0.000e+00
      8.397   65.64734 -168.27482     6.5307    31.1650    1472.16  0.000e+00
      8.397   65.64734 -168.27482     6.5245    31.1865    1472.16  0.000e+00
      8.397   65.64734 -168.27482     6.5174    31.2069    1472.16  0.000e+00
      8.451   65.64734 -168.27482     6.5106    31.2253    1472.15  0.000e+00
      8.451   65.64734 -168.27482     6.5051    31.2406    1472.15  0.000e+00
      8.505   65.64734 -168.27482     6.5003    31.2546    1472.15  0.000e+00
      8.505   65.64734 -168.27482     6.4968    31.2675    1472.15  0.000e+00
      8.567   65.64734 -168.27482     6.4939    31.2810    1472.16  0.000e+00
      8.505   65.64734 -168.27482     6.4925    31.2930    1472.17  0.000e+00
      8.621   65.64734 -168.27482     6.4928    31.3039    1472.18  0.000e+00
      8.536   65.64734 -168.27482     6.4940    31.3147    1472.20  0.000e+00
      8.683   65.64734 -168.27482     6.4962    31.3227    1472.22  0.000e+00
      8.621   65.64734 -168.27482     6.4988    31.3306    1472.24  0.000e+00
      8.683   65.64734 -168.27482     6.5018    31.3371    1472.26  0.000e+00
      8.736   65.64734 -168.27482     6.5048    31.3423    1472.28  0.000e+00
      8.736   65.64734 -168.27482     6.5074    31.3458    1472.30  0.000e+00
      8.736   65.64734 -168.27482     6.5096    31.3483    1472.31  0.000e+00
      8.736   65.64734 -168.27482     6.5115    31.3495    1472.32  0.000e+00
      8.852   65.64734 -168.27482     6.5132    31.3524    1472.33  0.000e+00
      8.798   65.64734 -168.27482     6.5149    31.3551    1472.34  0.000e+00
      8.798   65.64734 -168.27482     6.5160    31.3577    1472.35  0.000e+00
      8.852   65.64734 -168.27482     6.5172    31.3607    1472.36  0.000e+00
      8.906   65.64734 -168.27482     6.5182    31.3642    1472.36  0.000e+00
      8.883   65.64734 -168.27482     6.5195    31.3678    1472.37  0.000e+00
      8.906   65.64734 -168.27482     6.5211    31.3734    1472.39  0.000e+00
      8.968   65.64734 -168.27482     6.5227    31.3799    1472.40  0.000e+00
      8.968   65.64734 -168.27482     6.5248    31.3850    1472.42  0.000e+00
      8.968   65.64734 -168.27482     6.5273    31.3895    1472.43  0.000e+00
      9.022   65.64734 -168.27482     6.5295    31.3919    1472.45  0.000e+00
      9.022   65.64734 -168.27482     6.5315    31.3946    1472.46  0.000e+00
      9.084   65.64734 -168.27482     6.5337    31.3959    1472.47  0.000e+00
      9.084   65.64734 -168.27482     6.5353    31.3968    1472.48  0.000e+00
      9.084   65.64734 -168.27482     6.5361    31.3963    1472.48  0.000e+00
      9.137   65.64734 -168.27482     6.5360    31.3960    1472.48  0.000e+00
      9.137   65.64734 -168.27482     6.5344    31.3958    1472.47  0.000e+00
      9.168   65.64734 -168.27482     6.5321    31.3956    1472.46  0.000e+00
      9.137   65.64734 -168.27482     6.5291    31.3959    1472.45  0.000e+00
      9.253   65.64734 -168.27482     6.5256    31.3971    1472.44  0.000e+00
      9.199   65.64734 -168.27482     6.5220    31.3990    1472.43  0.000e+00
      9.307   65.64734 -168.27482     6.5186    31.4004    1472.42  0.000e+00
      9.253   65.64734 -168.27482     6.5152    31.4029    1472.41  0.000e+00
      9.253   65.64734 -168.27482     6.5116    31.4048    1472.39  0.000e+00
      9.369   65.64734 -168.27482     6.5088    31.4068    1472.39  0.000e+00
      9.307   65.64734 -168.27482     6.5063    31.4081    1472.38  0.000e+00
      9.369   65.64734 -168.27482     6.5038    31.4089    1472.37  0.000e+00
      9.369   65.64734 -168.27482     6.5013    31.4098    1472.36  0.000e+00
      9.454   65.64734 -168.27482     6.4987    31.4102    1472.35  0.000e+00
      9.369   65.64734 -168.27482     6.4959    31.4096    1472.34  0.000e+00
      9.485   65.64734 -168.27482     6.4928    31.4084    1472.33  0.000e+00
      9.485   65.64734 -168.27482     6.4889    31.4082    1472.31  0.000e+00
      9.485   65.64734 -168.27482     6.4850    31.4085    1472.30  0.000e+00
      9.539   65.64734 -168.27482     6.4810    31.4094    1472.28  0.000e+00
      9.539   65.64734 -168.27482     6.4770    31.4106    1472.27  0.000e+00
      9.539   65.64734 -168.27482     6.4730    31.4119    1472.26  0.000e+00
      9.600   65.64734 -168.27482     6.4693    31.4125    1472.24  0.000e+00
      9.600   65.64734 -168.27482     6.4659    31.4135    1472.23  0.000e+00
      9.654   65.64734 -168.27482     6.4619    31.4155    1472.22  0.000e+00
      9.685   65.64734 -168.27482     6.4587    31.4168    1472.21  0.000e+00
      9.654   65.64734 -168.27482     6.4556    31.4186    1472.20  0.000e+00
      9.708   65.64734 -168.27482     6.4529    31.4199    1472.19  0.000e+00
      9.708   65.64734 -168.27482     6.4506    31.4216    1472.18  0.000e+00
      9.708   65.64734 -168.27482     6.4490    31.4227    1472.18  0.000e+00
      9.770   65.64734 -168.27482     6.4469    31.4242    1472.17  0.000e+00
      9.770   65.64734 -168.27482     6.4456    31.4253    1472.17  0.000e+00
      9.824   65.64734 -168.27482     6.4445    31.4264    1472.17  0.000e+00
      9.824   65.64734 -168.27482     6.4434    31.4280    1472.16  0.000e+00
      9.886   65.64734 -168.27482     6.4427    31.4288    1472.16  0.000e+00
      9.855   65.64734 -168.27482     6.4423    31.4294    1472.16  0.000e+00
      9.940   65.64734 -168.27482     6.4415    31.4304    1472.16  0.000e+00
      9.940   65.64734 -168.27482     6.4413    31.4312    1472.16  0.000e+00
      9.940   65.64734 -168.27482     6.4413    31.4325    1472.16  0.000e+00
      9.940   65.64734 -168.27482     6.4410    31.4335    1472.16  0.000e+00
     10.001   65.64734 -168.27482     6.4412    31.4345    1472.17  0.000e+00
     10.055   65.64734 -168.27482     6.4415    31.4349    1472.17  0.000e+00
     10.001   65.64734 -168.27482     6.4416    31.4352    1472.17  0.000e+00
     10.055   65.64734 -168.27482     6.4420    31.4357    1472.17  0.000e+00
     10.109   65.64734 -168.27482     6.4421    31.4358    1472.17  0.000e+00
     10.086   65.64734 -168.27482     6.4426    31.4364    1472.18  0.000e+00
     10.171   65.64734 -168.27482     6.4429    31.4374    1472.18  0.000e+00
     10.109   65.64734 -168.27482     6.4432    31.4383    1472.18  0.000e+00
     10.225   65.64734 -168.27482     6.4437    31.4399    1472.19  0.000e+00
     10.171   65.64734 -168.27482     6.4442    31.4412    1472.19  0.000e+00
     10.225   65.64734 -168.27482     6.4449    31.4440    1472.20  0.000e+00
     10.287   65.64734 -168.27482     6.4460    31.4471    1472.21  0.000e+00
     10.287   65.64734 -168.27482     6.4478    31.4492    1472.22  0.000e+00
     10.287   65.64734 -168.27482     6.4492    31.4525    1472.22  0.000e+00
     10.318   65.64734 -168.27482     6.4510    31.4542    1472.23  0.000e+00
     10.341   65.64734 -168.27482     6.4529    31.4549    1472.24  0.000e+00
     10.341   65.64734 -168.27482     6.4546    31.4556    1472.25  0.000e+00
     10.395   65.64734 -168.27482     6.4559    31.4551    1472.26  0.000e+00
     10.395   65.64734 -168.27482     6.4570    31.4554    1472.26  0.000e+00
     10.395   65.64734 -168.27482     6.4576    31.4552    1472.26  0.000e+00
