EcoFOCI/data/1_SampleCollection/2023_SikuliaqDBO_CruiseData/CTD_raw_BottleFile_SKQ23-12S/proc/skq202312s_033svp.cnv
* Sea-Bird SBE 9 Data File:
* FileName = D:\CTD\SKQ202312S\SKQ202312S_033.hex
* Software Version Seasave V 7.26.7.121
* Temperature SN = 6177
* Conductivity SN = 0369
* Number of Bytes Per Scan = 41
* Number of Voltage Words = 4
* Number of Scans Averaged by the Deck Unit = 1
* NMEA Latitude = 71 34.65 N
* NMEA Longitude = 157 50.24 W
* NMEA UTC (Time) = Sep 21 2023  14:22:10
* NMEA baud rate = 4800
** Ship: R/V Sikuliaq
** Station Number: 033
** Station Name: DBO5.9
** Bottom Depth: 66
** Operator: SD
# nquan = 7
# nvalues = 6364                                  
# units = specified
# name 0 = depSM: Depth [salt water, m]
# name 1 = latitude: Latitude [deg]
# name 2 = longitude: Longitude [deg]
# name 3 = t090C: Temperature [ITS-90, deg C]
# name 4 = sal00: Salinity, Practical [PSU]
# name 5 = svCM: Sound Velocity [Chen-Millero, m/s]
# name 6 = flag:  0.000e+00
# span 0 =      2.472,     59.570                 
# span 1 =   71.57744,   71.57752                 
# span 2 = -157.83780, -157.83732                 
# span 3 =    -1.6373,     2.2384                 
# span 4 =    29.9692,    32.9009                 
# span 5 =    1439.13,    1452.86                 
# span 6 = 0.0000e+00, 0.0000e+00                 
# interval = seconds: 0.0416667
# start_time = Sep 21 2023 14:28:00 [NMEA time, first data scan]
# bad_flag = -9.990e-29
*END*
[from data line 4718]
     54.416   71.57752 -157.83732    -1.6161    32.8753    1439.58  0.000e+00
     54.470   71.57752 -157.83732    -1.6162    32.8751    1439.58  0.000e+00
     54.416   71.57752 -157.83732    -1.6167    32.8758    1439.58  0.000e+00
     54.470   71.57752 -157.83732    -1.6168    32.8761    1439.58  0.000e+00
     54.416   71.57752 -157.83732    -1.6168    32.8761    1439.58  0.000e+00
     54.416   71.57752 -157.83732    -1.6170    32.8762    1439.57  0.000e+00
     54.470   71.57752 -157.83732    -1.6170    32.8766    1439.58  0.000e+00
     54.416   71.57752 -157.83732    -1.6171    32.8766    1439.57  0.000e+00
     54.416   71.57752 -157.83732    -1.6173    32.8766    1439.57  0.000e+00
     54.470   71.57752 -157.83732    -1.6176    32.8772    1439.57  0.000e+00
     54.416   71.57752 -157.83732    -1.6180    32.8777    1439.57  0.000e+00
     54.470   71.57752 -157.83732    -1.6177    32.8770    1439.57  0.000e+00
     54.470   71.57752 -157.83732    -1.6174    32.8764    1439.57  0.000e+00
     54.416   71.57752 -157.83732    -1.6173    32.8764    1439.57  0.000e+00
     54.531   71.57752 -157.83732    -1.6171    32.8765    1439.58  0.000e+00
     54.470   71.57752 -157.83732    -1.6176    32.8776    1439.57  0.000e+00
     54.531   71.57752 -157.83732    -1.6185    32.8804    1439.58  0.000e+00
     54.470   71.57752 -157.83732    -1.6197    32.8835    1439.57  0.000e+00
     54.531   71.57752 -157.83732    -1.6206    32.8847    1439.57  0.000e+00
     54.531   71.57752 -157.83732    -1.6214    32.8859    1439.57  0.000e+00
     54.585   71.57752 -157.83732    -1.6219    32.8865    1439.57  0.000e+00
     54.531   71.57752 -157.83732    -1.6225    32.8880    1439.57  0.000e+00
     54.585   71.57752 -157.83732    -1.6226    32.8877    1439.57  0.000e+00
     54.585   71.57752 -157.83732    -1.6225    32.8874    1439.57  0.000e+00
     54.647   71.57752 -157.83732    -1.6223    32.8870    1439.57  0.000e+00
     54.585   71.57752 -157.83732    -1.6222    32.8865    1439.57  0.000e+00
     54.585   71.57752 -157.83732    -1.6220    32.8856    1439.57  0.000e+00
     54.585   71.57752 -157.83732    -1.6219    32.8856    1439.57  0.000e+00
     54.701   71.57752 -157.83732    -1.6215    32.8852    1439.57  0.000e+00
     54.701   71.57752 -157.83732    -1.6212    32.8841    1439.57  0.000e+00
     54.701   71.57752 -157.83732    -1.6212    32.8835    1439.57  0.000e+00
     54.701   71.57752 -157.83732    -1.6208    32.8829    1439.57  0.000e+00
     54.763   71.57752 -157.83732    -1.6214    32.8839    1439.57  0.000e+00
     54.817   71.57752 -157.83732    -1.6219    32.8854    1439.57  0.000e+00
     54.763   71.57752 -157.83732    -1.6222    32.8861    1439.57  0.000e+00
     54.817   71.57752 -157.83732    -1.6220    32.8848    1439.57  0.000e+00
     54.817   71.57752 -157.83732    -1.6212    32.8833    1439.57  0.000e+00
     54.871   71.57752 -157.83732    -1.6208    32.8823    1439.57  0.000e+00
     54.871   71.57752 -157.83732    -1.6201    32.8810    1439.57  0.000e+00
     54.932   71.57752 -157.83732    -1.6199    32.8799    1439.57  0.000e+00
     54.932   71.57752 -157.83732    -1.6200    32.8807    1439.57  0.000e+00
     54.932   71.57752 -157.83732    -1.6201    32.8816    1439.58  0.000e+00
     54.986   71.57752 -157.83732    -1.6210    32.8828    1439.57  0.000e+00
     54.932   71.57752 -157.83732    -1.6214    32.8840    1439.57  0.000e+00
     55.048   71.57752 -157.83732    -1.6220    32.8850    1439.57  0.000e+00
     54.986   71.57752 -157.83732    -1.6222    32.8851    1439.57  0.000e+00
     54.986   71.57752 -157.83732    -1.6222    32.8853    1439.57  0.000e+00
     55.164   71.57752 -157.83732    -1.6227    32.8863    1439.57  0.000e+00
     55.048   71.57752 -157.83732    -1.6229    32.8867    1439.57  0.000e+00
     55.164   71.57752 -157.83732    -1.6232    32.8881    1439.57  0.000e+00
     55.102   71.57752 -157.83732    -1.6237    32.8892    1439.57  0.000e+00
     55.164   71.57752 -157.83734    -1.6240    32.8890    1439.57  0.000e+00
     55.164   71.57752 -157.83734    -1.6237    32.8888    1439.57  0.000e+00
     55.218   71.57752 -157.83734    -1.6241    32.8890    1439.57  0.000e+00
     55.164   71.57752 -157.83734    -1.6246    32.8898    1439.57  0.000e+00
     55.218   71.57752 -157.83734    -1.6252    32.8906    1439.57  0.000e+00
     55.272   71.57752 -157.83734    -1.6262    32.8919    1439.57  0.000e+00
     55.218   71.57752 -157.83734    -1.6266    32.8926    1439.56  0.000e+00
     55.272   71.57752 -157.83734    -1.6278    32.8939    1439.56  0.000e+00
     55.334   71.57752 -157.83734    -1.6287    32.8948    1439.56  0.000e+00
     55.272   71.57752 -157.83734    -1.6293    32.8957    1439.56  0.000e+00
     55.334   71.57752 -157.83734    -1.6300    32.8966    1439.56  0.000e+00
     55.334   71.57752 -157.83734    -1.6304    32.8968    1439.55  0.000e+00
     55.388   71.57752 -157.83734    -1.6307    32.8967    1439.55  0.000e+00
     55.334   71.57752 -157.83734    -1.6309    32.8970    1439.55  0.000e+00
     55.388   71.57752 -157.83734    -1.6310    32.8975    1439.55  0.000e+00
     55.388   71.57752 -157.83734    -1.6313    32.8979    1439.55  0.000e+00
     55.388   71.57752 -157.83734    -1.6313    32.8976    1439.55  0.000e+00
     55.449   71.57752 -157.83734    -1.6313    32.8970    1439.55  0.000e+00
     55.388   71.57752 -157.83734    -1.6315    32.8970    1439.55  0.000e+00
     55.449   71.57752 -157.83734    -1.6322    32.8975    1439.55  0.000e+00
     55.449   71.57752 -157.83734    -1.6331    32.8986    1439.54  0.000e+00
     55.449   71.57752 -157.83734    -1.6341    32.8990    1439.54  0.000e+00
     55.449   71.57752 -157.83734    -1.6347    32.8998    1439.54  0.000e+00
     55.449   71.57752 -157.83734    -1.6348    32.8997    1439.54  0.000e+00
     55.503   71.57752 -157.83734    -1.6347    32.9003    1439.54  0.000e+00
     55.449   71.57752 -157.83734    -1.6338    32.8994    1439.54  0.000e+00
     55.503   71.57752 -157.83734    -1.6332    32.8992    1439.55  0.000e+00
     55.503   71.57752 -157.83734    -1.6333    32.8993    1439.55  0.000e+00
     55.503   71.57752 -157.83734    -1.6330    32.8991    1439.55  0.000e+00
     55.503   71.57752 -157.83734    -1.6324    32.8987    1439.55  0.000e+00
     55.503   71.57752 -157.83734    -1.6319    32.8985    1439.55  0.000e+00
     55.503   71.57752 -157.83734    -1.6319    32.8985    1439.55  0.000e+00
     55.503   71.57752 -157.83734    -1.6319    32.8983    1439.55  0.000e+00
     55.565   71.57752 -157.83734    -1.6326    32.8984    1439.55  0.000e+00
     55.503   71.57752 -157.83734    -1.6328    32.8988    1439.55  0.000e+00
     55.565   71.57752 -157.83734    -1.6333    32.8992    1439.55  0.000e+00
     55.449   71.57752 -157.83734    -1.6341    32.9000    1439.54  0.000e+00
     55.557   71.57752 -157.83734    -1.6345    32.9003    1439.54  0.000e+00
     55.565   71.57752 -157.83734    -1.6343    32.9000    1439.54  0.000e+00
     55.503   71.57752 -157.83734    -1.6341    32.8995    1439.54  0.000e+00
     55.565   71.57752 -157.83734    -1.6342    32.8996    1439.54  0.000e+00
     55.565   71.57752 -157.83734    -1.6339    32.8997    1439.54  0.000e+00
     55.503   71.57752 -157.83734    -1.6339    32.8992    1439.54  0.000e+00
     55.565   71.57752 -157.83734    -1.6338    32.8994    1439.54  0.000e+00
     55.565   71.57752 -157.83734    -1.6338    32.8993    1439.54  0.000e+00
     55.503   71.57752 -157.83734    -1.6336    32.8992    1439.54  0.000e+00
     55.565   71.57752 -157.83734    -1.6331    32.8987    1439.55  0.000e+00
     55.565   71.57752 -157.83734    -1.6328    32.8987    1439.55  0.000e+00
     55.503   71.57752 -157.83734    -1.6326    32.8985    1439.55  0.000e+00
     55.565   71.57752 -157.83734    -1.6319    32.8978    1439.55  0.000e+00
     55.565   71.57752 -157.83734    -1.6316    32.8969    1439.55  0.000e+00
     55.503   71.57752 -157.83734    -1.6313    32.8969    1439.55  0.000e+00
     55.565   71.57752 -157.83734    -1.6312    32.8966    1439.55  0.000e+00
     55.503   71.57752 -157.83734    -1.6304    32.8952    1439.55  0.000e+00
     55.565   71.57752 -157.83734    -1.6290    32.8935    1439.56  0.000e+00
     55.503   71.57752 -157.83734    -1.6278    32.8919    1439.56  0.000e+00
     55.503   71.57752 -157.83734    -1.6272    32.8907    1439.56  0.000e+00
     55.503   71.57752 -157.83734    -1.6264    32.8898    1439.57  0.000e+00
     55.565   71.57752 -157.83734    -1.6253    32.8882    1439.57  0.000e+00
     55.503   71.57752 -157.83734    -1.6249    32.8875    1439.57  0.000e+00
     55.503   71.57752 -157.83734    -1.6240    32.8867    1439.57  0.000e+00
     55.503   71.57752 -157.83734    -1.6238    32.8864    1439.57  0.000e+00
     55.503   71.57752 -157.83734    -1.6238    32.8867    1439.57  0.000e+00
     55.503   71.57752 -157.83734    -1.6240    32.8869    1439.57  0.000e+00
     55.449   71.57752 -157.83734    -1.6241    32.8876    1439.57  0.000e+00
     55.503   71.57752 -157.83734    -1.6246    32.8880    1439.57  0.000e+00
     55.449   71.57752 -157.83734    -1.6249    32.8884    1439.57  0.000e+00
     55.565   71.57752 -157.83734    -1.6246    32.8880    1439.57  0.000e+00
     55.449   71.57752 -157.83734    -1.6244    32.8883    1439.57  0.000e+00
     55.503   71.57752 -157.83734    -1.6241    32.8876    1439.57  0.000e+00
     55.449   71.57752 -157.83734    -1.6243    32.8879    1439.57  0.000e+00
     55.449   71.57752 -157.83734    -1.6244    32.8882    1439.57  0.000e+00
     55.449   71.57752 -157.83734    -1.6246    32.8884    1439.57  0.000e+00
     55.449   71.57752 -157.83734    -1.6248    32.8887    1439.57  0.000e+00
     55.503   71.57752 -157.83734    -1.6246    32.8886    1439.57  0.000e+00
     55.387   71.57752 -157.83734    -1.6244    32.8879    1439.57  0.000e+00
     55.449   71.57752 -157.83734    -1.6240    32.8870    1439.57  0.000e+00
     55.449   71.57752 -157.83734    -1.6236    32.8868    1439.57  0.000e+00
     55.449   71.57752 -157.83734    -1.6234    32.8863    1439.57  0.000e+00
     55.449   71.57752 -157.83734    -1.6229    32.8854    1439.58  0.000e+00
     55.387   71.57752 -157.83734    -1.6225    32.8850    1439.58  0.000e+00
     55.449   71.57752 -157.83734    -1.6226    32.8853    1439.58  0.000e+00
     55.387   71.57752 -157.83734    -1.6226    32.8854    1439.58  0.000e+00
     55.449   71.57752 -157.83734    -1.6226    32.8857    1439.58  0.000e+00
     55.387   71.57752 -157.83734    -1.6225    32.8855    1439.58  0.000e+00
     55.387   71.57752 -157.83734    -1.6225    32.8855    1439.58  0.000e+00
     55.449   71.57752 -157.83734    -1.6226    32.8854    1439.58  0.000e+00
     55.387   71.57752 -157.83734    -1.6229    32.8860    1439.58  0.000e+00
     55.387   71.57752 -157.83734    -1.6229    32.8860    1439.58  0.000e+00
     55.387   71.57752 -157.83734    -1.6229    32.8860    1439.58  0.000e+00
     55.387   71.57752 -157.83734    -1.6226    32.8858    1439.58  0.000e+00
     55.387   71.57752 -157.83734    -1.6229    32.8860    1439.58  0.000e+00
     55.387   71.57752 -157.83734    -1.6234    32.8865    1439.57  0.000e+00
     55.387   71.57752 -157.83734    -1.6237    32.8875    1439.57  0.000e+00
     55.333   71.57752 -157.83734    -1.6238    32.8876    1439.57  0.000e+00
     55.387   71.57752 -157.83734    -1.6238    32.8875    1439.57  0.000e+00
     55.387   71.57752 -157.83734    -1.6243    32.8879    1439.57  0.000e+00
     55.333   71.57752 -157.83734    -1.6241    32.8882    1439.57  0.000e+00
     55.387   71.57752 -157.83734    -1.6243    32.8887    1439.57  0.000e+00
     55.333   71.57752 -157.83734    -1.6246    32.8884    1439.57  0.000e+00
     55.387   71.57752 -157.83734    -1.6246    32.8883    1439.57  0.000e+00
     55.333   71.57752 -157.83734    -1.6244    32.8884    1439.57  0.000e+00
     55.387   71.57752 -157.83734    -1.6241    32.8879    1439.57  0.000e+00
     55.387   71.57752 -157.83734    -1.6241    32.8881    1439.57  0.000e+00
     55.333   71.57752 -157.83734    -1.6241    32.8884    1439.57  0.000e+00
     55.387   71.57752 -157.83734    -1.6240    32.8881    1439.57  0.000e+00
     55.333   71.57752 -157.83734    -1.6241    32.8887    1439.57  0.000e+00
     55.333   71.57752 -157.83734    -1.6241    32.8886    1439.57  0.000e+00
     55.333   71.57752 -157.83734    -1.6244    32.8892    1439.57  0.000e+00
     55.333   71.57752 -157.83734    -1.6248    32.8893    1439.57  0.000e+00
     55.333   71.57752 -157.83734    -1.6249    32.8894    1439.57  0.000e+00
     55.333   71.57752 -157.83734    -1.6249    32.8895    1439.57  0.000e+00
     55.333   71.57752 -157.83734    -1.6251    32.8896    1439.57  0.000e+00
     55.333   71.57752 -157.83734    -1.6248    32.8890    1439.57  0.000e+00
     55.387   71.57752 -157.83734    -1.6251    32.8892    1439.57  0.000e+00
     55.333   71.57752 -157.83734    -1.6246    32.8886    1439.57  0.000e+00
     55.272   71.57752 -157.83734    -1.6249    32.8893    1439.57  0.000e+00
     55.387   71.57752 -157.83734    -1.6248    32.8889    1439.57  0.000e+00
     55.333   71.57752 -157.83734    -1.6244    32.8887    1439.57  0.000e+00
     55.387   71.57752 -157.83734    -1.6243    32.8880    1439.57  0.000e+00
     55.333   71.57752 -157.83734    -1.6244    32.8884    1439.57  0.000e+00
     55.387   71.57752 -157.83734    -1.6240    32.8878    1439.57  0.000e+00
     55.333   71.57752 -157.83734    -1.6241    32.8883    1439.57  0.000e+00
     55.387   71.57752 -157.83734    -1.6238    32.8875    1439.57  0.000e+00
     55.333   71.57752 -157.83734    -1.6237    32.8872    1439.57  0.000e+00
     55.449   71.57752 -157.83734    -1.6238    32.8875    1439.57  0.000e+00
     55.333   71.57752 -157.83734    -1.6238    32.8880    1439.57  0.000e+00
     55.387   71.57752 -157.83734    -1.6237    32.8877    1439.57  0.000e+00
     55.387   71.57752 -157.83734    -1.6237    32.8877    1439.57  0.000e+00
     55.387   71.57752 -157.83734    -1.6236    32.8873    1439.57  0.000e+00
     55.387   71.57752 -157.83734    -1.6238    32.8877    1439.57  0.000e+00
     55.387   71.57752 -157.83734    -1.6240    32.8880    1439.57  0.000e+00
     55.449   71.57752 -157.83734    -1.6244    32.8885    1439.57  0.000e+00
     55.387   71.57752 -157.83734    -1.6249    32.8894    1439.57  0.000e+00
     55.449   71.57752 -157.83734    -1.6252    32.8901    1439.57  0.000e+00
     55.449   71.57752 -157.83734    -1.6257    32.8903    1439.57  0.000e+00
     55.387   71.57752 -157.83734    -1.6257    32.8901    1439.57  0.000e+00
     55.449   71.57752 -157.83734    -1.6257    32.8897    1439.57  0.000e+00
     55.503   71.57752 -157.83734    -1.6252    32.8895    1439.57  0.000e+00
     55.503   71.57752 -157.83734    -1.6253    32.8895    1439.57  0.000e+00
     55.449   71.57752 -157.83734    -1.6251    32.8893    1439.57  0.000e+00
     55.503   71.57752 -157.83734    -1.6248    32.8889    1439.57  0.000e+00
     55.565   71.57752 -157.83734    -1.6248    32.8888    1439.57  0.000e+00
     55.503   71.57752 -157.83734    -1.6248    32.8887    1439.57  0.000e+00
     55.503   71.57752 -157.83734    -1.6248    32.8888    1439.57  0.000e+00
     55.565   71.57752 -157.83734    -1.6249    32.8891    1439.57  0.000e+00
     55.565   71.57752 -157.83734    -1.6253    32.8897    1439.57  0.000e+00
     55.619   71.57752 -157.83734    -1.6257    32.8900    1439.57  0.000e+00
     55.565   71.57752 -157.83734    -1.6257    32.8903    1439.57  0.000e+00
     55.565   71.57752 -157.83734    -1.6255    32.8900    1439.57  0.000e+00
     55.619   71.57752 -157.83734    -1.6257    32.8904    1439.57  0.000e+00
     55.673   71.57752 -157.83734    -1.6258    32.8907    1439.57  0.000e+00
     55.619   71.57752 -157.83734    -1.6260    32.8918    1439.57  0.000e+00
     55.673   71.57752 -157.83734    -1.6262    32.8923    1439.57  0.000e+00
