EcoFOCI/data/1_SampleCollection/2023_SikuliaqDBO_CruiseData/CTD_raw_BottleFile_SKQ23-12S/proc/skq202312s_065.cnv
* Sea-Bird SBE 9 Data File:
* FileName = D:\CTD\SKQ202312S\SKQ202312S_065.hex
* Software Version Seasave V 7.26.7.121
* Temperature SN = 6177
* Conductivity SN = 0369
* Number of Bytes Per Scan = 41
* Number of Voltage Words = 4
* Number of Scans Averaged by the Deck Unit = 1
* NMEA Latitude = 72 05.73 N
* NMEA Longitude = 166 38.74 W
* NMEA UTC (Time) = Sep 28 2023  11:45:18
* NMEA baud rate = 4800
** Ship: R/V Sikuliaq
** Station Number: 065
** Station Name: IC0.2
** Bottom Depth: 46
** Operator: Bern
# nquan = 24
# nvalues = 5154                                  
# units = specified
# name 0 = depSM: Depth [salt water, m]
# name 1 = latitude: Latitude [deg]
# name 2 = longitude: Longitude [deg]
# name 3 = prDM: Pressure, Digiquartz [db]
# name 4 = t090C: Temperature [ITS-90, deg C]
# name 5 = t190C: Temperature, 2 [ITS-90, deg C]
# name 6 = potemp090C: Potential Temperature [ITS-90, deg C]
# name 7 = sal00: Salinity, Practical [PSU]
# name 8 = sal11: Salinity, Practical, 2 [PSU]
# name 9 = density00: Density [density, kg/m^3]
# name 10 = sigma-é00: Density [sigma-theta, kg/m^3]
# name 11 = sbox0Mm/Kg: Oxygen, SBE 43 [umol/kg]
# name 12 = sbox1Mm/Kg: Oxygen, SBE 43, 2 [umol/kg]
# name 13 = oxsolMm/Kg: Oxygen Saturation, Garcia & Gordon [umol/kg]
# name 14 = sbeox0PS: Oxygen, SBE 43 [% saturation]
# name 15 = sbeox1PS: Oxygen, SBE 43, 2 [% saturation]
# name 16 = v0: Voltage 0
# name 17 = flECO-AFL: Fluorescence, WET Labs ECO-AFL/FL [mg/m^3]
# name 18 = v1: Voltage 1
# name 19 = CStarAt0: Beam Attenuation, WET Labs C-Star [1/m]
# name 20 = par: PAR/Irradiance, Biospherical/Licor
# name 21 = scan: Scan Count
# name 22 = timeM: Time, Elapsed [minutes]
# name 23 = flag:  0.000e+00
# span 0 =      2.391,     41.018                 
# span 1 =   72.09544,   72.09544                 
# span 2 = -166.64596, -166.64570                 
# span 3 =      2.415,     41.446                 
# span 4 =    -0.3209,     4.4067                 
# span 5 =    -0.3201,     4.4082                 
# span 6 =    -0.3221,     4.4051                 
# span 7 =    30.8401,    32.3823                 
# span 8 =    30.8552,    32.4209                 
# span 9 =  1024.4885,  1026.1696                 
# span 10 =    24.4653,    26.0028                
# span 11 =    303.785,    347.219                
# span 12 =    286.463,    314.219                
# span 13 =  321.15594,  358.25783                
# span 14 =     88.195,     97.584                
# span 15 =     83.294,     90.578                
# span 16 =     0.0720,     0.1587                
# span 17 =     0.0842,     0.6044                
# span 18 =     3.3004,     4.2503                
# span 19 =     0.4128,     1.4250                
# span 20 = 1.0000e-12, 6.7263e-01                
# span 21 =          1,       5154                
# span 22 =     0.0000,     3.5785                
# span 23 = 0.0000e+00, 0.0000e+00                
# interval = seconds: 0.0416667
# start_time = Sep 28 2023 11:48:51 [NMEA time, first data scan]
# bad_flag = -9.990e-29
*END*
[from data line 302]
      2.560   72.09544 -166.64570      2.587     4.0701     4.0668     4.0700    30.8619    30.8718  1024.5013    24.4892    308.888    292.559  324.21105     95.274     90.237     0.1477     0.5384     4.1319     0.5259 5.6694e-01        303     0.2097  0.000e+00
      2.614   72.09544 -166.64570      2.641     4.0705     4.0671     4.0703    30.8626    30.8720  1024.5022    24.4898    308.863    292.535  324.20673     95.267     90.230     0.1477     0.5384     4.1319     0.5259 5.8056e-01        304     0.2104  0.000e+00
      2.614   72.09544 -166.64570      2.641     4.0711     4.0669     4.0709    30.8624    30.8711  1024.5019    24.4895    308.868    292.516  324.20236     95.270     90.223     0.1465     0.5311     4.1319     0.5259 5.6501e-01        305     0.2111  0.000e+00
      2.614   72.09544 -166.64570      2.641     4.0720     4.0671     4.0719    30.8614    30.8710  1024.5010    24.4887    308.838    292.514  324.19725     95.262     90.223     0.1477     0.5384     4.1331     0.5247 3.8458e-01        306     0.2118  0.000e+00
      2.614   72.09544 -166.64570      2.641     4.0730     4.0671     4.0728    30.8603    30.8712  1024.5001    24.4877    308.840    292.492  324.19253     95.264     90.216     0.1465     0.5311     4.1331     0.5247 3.0887e-01        307     0.2125  0.000e+00
      2.614   72.09544 -166.64570      2.641     4.0741     4.0682     4.0739    30.8594    30.8706  1024.4992    24.4869    308.841    292.462  324.18598     95.267     90.209     0.1477     0.5384     4.1319     0.5259 3.0172e-01        308     0.2132  0.000e+00
      2.614   72.09544 -166.64570      2.641     4.0750     4.0693     4.0749    30.8582    30.8701  1024.4982    24.4859    308.844    292.433  324.18135     95.269     90.202     0.1490     0.5458     4.1319     0.5259 2.4251e-01        309     0.2139  0.000e+00
      2.614   72.09544 -166.64570      2.641     4.0752     4.0689     4.0750    30.8571    30.8705  1024.4973    24.4849    308.853    292.223  324.18290     95.271     90.137     0.1490     0.5458     4.1331     0.5247 2.0683e-01        310     0.2146  0.000e+00
      2.676   72.09544 -166.64570      2.704     4.0750     4.0686     4.0749    30.8565    30.8704  1024.4972    24.4845    308.867    292.186  324.18555     95.275     90.125     0.1502     0.5531     4.1319     0.5259 2.0229e-01        311     0.2153  0.000e+00
      2.614   72.09544 -166.64570      2.641     4.0746     4.0680     4.0744    30.8562    30.8703  1024.4967    24.4843    308.877    292.337  324.18990     95.276     90.170     0.1477     0.5384     4.1319     0.5259 2.5807e-01        312     0.2160  0.000e+00
      2.614   72.09544 -166.64570      2.641     4.0743     4.0676     4.0741    30.8562    30.8709  1024.4967    24.4843    308.888    292.320  324.19251     95.279     90.164     0.1490     0.5458     4.1331     0.5247 3.1614e-01        313     0.2167  0.000e+00
      2.676   72.09544 -166.64570      2.704     4.0741     4.0674     4.0739    30.8564    30.8705  1024.4972    24.4845    308.899    292.304  324.19328     95.282     90.158     0.1477     0.5384     4.1319     0.5259 3.2853e-01        314     0.2174  0.000e+00
      2.637   72.09544 -166.64570      2.665     4.0738     4.0669     4.0736    30.8568    30.8714  1024.4973    24.4849    308.485    292.306  324.19481     95.154     90.159     0.1490     0.5458     4.1319     0.5259 3.3359e-01        315     0.2181  0.000e+00
      2.614   72.09544 -166.64570      2.641     4.0735     4.0671     4.0733    30.8573    30.8708  1024.4976    24.4853    308.854    292.308  324.19607     95.268     90.159     0.1502     0.5531     4.1319     0.5259 3.4258e-01        316     0.2188  0.000e+00
      2.614   72.09544 -166.64570      2.641     4.0735     4.0676     4.0733    30.8568    30.8707  1024.4972    24.4849    308.866    292.308  324.19729     95.271     90.160     0.1490     0.5458     4.1331     0.5247 3.4388e-01        317     0.2194  0.000e+00
      2.676   72.09544 -166.64570      2.704     4.0730     4.0679     4.0728    30.8564    30.8704  1024.4972    24.4846    308.884    292.313  324.20208     95.275     90.162     0.1490     0.5458     4.1331     0.5247 3.7755e-01        318     0.2201  0.000e+00
      2.614   72.09544 -166.64570      2.641     4.0722     4.0686     4.0720    30.8563    30.8700  1024.4970    24.4846    308.899    292.310  324.20847     95.278     90.163     0.1490     0.5458     4.1319     0.5259 4.4764e-01        319     0.2208  0.000e+00
      2.676   72.09544 -166.64570      2.704     4.0709     4.0702     4.0708    30.8562    30.8693  1024.4973    24.4847    308.924    292.308  324.21861     95.283     90.165     0.1490     0.5458     4.1331     0.5247 4.6872e-01        320     0.2215  0.000e+00
      2.614   72.09544 -166.64570      2.641     4.0703     4.0711     4.0701    30.8568    30.8697  1024.4976    24.4852    308.970    292.305  324.22215     95.296     90.166     0.1490     0.5458     4.1331     0.5247 4.3505e-01        321     0.2222  0.000e+00
      2.614   72.09544 -166.64570      2.641     4.0697     4.0735     4.0695    30.8576    30.8688  1024.4983    24.4859    308.985    292.106  324.22512     95.300     90.109     0.1490     0.5458     4.1331     0.5247 3.5573e-01        322     0.2229  0.000e+00
      2.614   72.09544 -166.64570      2.641     4.0694     4.0752     4.0692    30.8590    30.8682  1024.4994    24.4870    308.997    292.272  324.22435     95.303     90.164     0.1502     0.5531     4.1319     0.5259 3.3106e-01        323     0.2236  0.000e+00
      2.614   72.09544 -166.64570      2.641     4.0701     4.0751     4.0699    30.8600    30.8685  1024.5001    24.4878    309.000    292.283  324.21592     95.307     90.167     0.1490     0.5458     4.1319     0.5259 3.3999e-01        324     0.2243  0.000e+00
      2.676   72.09544 -166.64570      2.704     4.0713     4.0763     4.0711    30.8601    30.8677  1024.5004    24.4877    309.005    292.289  324.20662     95.311     90.171     0.1490     0.5458     4.1306     0.5271 3.8316e-01        325     0.2250  0.000e+00
      2.614   72.09544 -166.64570      2.641     4.0727     4.0765     4.0725    30.8595    30.8681  1024.4995    24.4871    309.215    292.297  324.19682     95.379     90.174     0.1490     0.5458     4.1306     0.5271 4.0184e-01        326     0.2257  0.000e+00
      2.614   72.09544 -166.64570      2.641     4.0733     4.0755     4.0731    30.8581    30.8689  1024.4983    24.4859    309.045    292.315  324.19536     95.327     90.179     0.1502     0.5531     4.1294     0.5283 3.9892e-01        327     0.2264  0.000e+00
      2.614   72.09544 -166.64570      2.641     4.0735     4.0738     4.0733    30.8568    30.8701  1024.4972    24.4849    309.058    292.340  324.19729     95.330     90.183     0.1490     0.5458     4.1306     0.5271 3.5440e-01        328     0.2271  0.000e+00
      2.614   72.09544 -166.64570      2.641     4.0731     4.0727     4.0730    30.8567    30.8697  1024.4972    24.4848    309.283    292.364  324.19999     95.399     90.188     0.1490     0.5458     4.1294     0.5283 3.3232e-01        329     0.2278  0.000e+00
      2.614   72.09544 -166.64570      2.641     4.0725     4.0724     4.0724    30.8578    30.8692  1024.4981    24.4858    309.327    292.362  324.20230     95.412     90.186     0.1502     0.5531     4.1294     0.5283 3.3106e-01        330     0.2285  0.000e+00
      2.560   72.09544 -166.64570      2.587     4.0722     4.0721     4.0720    30.8583    30.8694  1024.4983    24.4862    309.156    292.188  324.20353     95.359     90.132     0.1490     0.5458     4.1294     0.5283 2.9936e-01        331     0.2292  0.000e+00
      2.614   72.09544 -166.64570      2.641     4.0722     4.0721     4.0720    30.8585    30.8693  1024.4988    24.4864    309.377    292.355  324.20294     95.427     90.183     0.1502     0.5531     4.1294     0.5283 2.8210e-01        332     0.2299  0.000e+00
      2.614   72.09544 -166.64570      2.641     4.0722     4.0718     4.0720    30.8588    30.8699  1024.4990    24.4866    309.171    292.373  324.20238     95.363     90.189     0.1490     0.5458     4.1306     0.5271 2.7873e-01        333     0.2306  0.000e+00
      2.583   72.09544 -166.64570      2.610     4.0727     4.0718     4.0725    30.8590    30.8696  1024.4989    24.4867    309.170    292.391  324.19819     95.365     90.194     0.1490     0.5458     4.1294     0.5283 2.9585e-01        334     0.2313  0.000e+00
      2.614   72.09544 -166.64570      2.641     4.0730     4.0715     4.0728    30.8595    30.8697  1024.4994    24.4871    309.173    292.414  324.19450     95.367     90.201     0.1465     0.5311     4.1306     0.5271 3.0887e-01        335     0.2319  0.000e+00
      2.614   72.09544 -166.64570      2.641     4.0735     4.0710     4.0733    30.8591    30.8703  1024.4991    24.4867    309.175    292.437  324.19157     95.368     90.207     0.1477     0.5384     4.1294     0.5283 3.1249e-01        336     0.2326  0.000e+00
      2.560   72.09544 -166.64570      2.587     4.0741     4.0708     4.0739    30.8584    30.8699  1024.4982    24.4861    309.175    292.458  324.18835     95.369     90.213     0.1465     0.5311     4.1306     0.5271 3.3614e-01        337     0.2333  0.000e+00
      2.560   72.09544 -166.64570      2.587     4.0746     4.0706     4.0744    30.8575    30.8696  1024.4975    24.4854    309.389    292.482  324.18674     95.436     90.220     0.1477     0.5384     4.1306     0.5271 3.6652e-01        338     0.2340  0.000e+00
      2.614   72.09544 -166.64570      2.641     4.0746     4.0707     4.0744    30.8574    30.8699  1024.4976    24.4853    309.327    292.506  324.18709     95.416     90.227     0.1490     0.5458     4.1294     0.5283 3.7200e-01        339     0.2347  0.000e+00
      2.560   72.09544 -166.64570      2.587     4.0741     4.0703     4.0739    30.8571    30.8704  1024.4972    24.4851    309.149    292.507  324.19145     95.360     90.227     0.1477     0.5384     4.1294     0.5283 3.7477e-01        340     0.2354  0.000e+00
      2.614   72.09544 -166.64570      2.641     4.0739     4.0700     4.0738    30.8573    30.8703  1024.4976    24.4853    309.362    292.513  324.19221     95.426     90.229     0.1490     0.5458     4.1306     0.5271 3.7895e-01        341     0.2361  0.000e+00
      2.560   72.09544 -166.64570      2.587     4.0738     4.0697     4.0736    30.8578    30.8702  1024.4978    24.4857    309.390    292.516  324.19227     95.434     90.229     0.1477     0.5384     4.1306     0.5271 3.8035e-01        342     0.2368  0.000e+00
      2.614   72.09544 -166.64570      2.641     4.0738     4.0702     4.0736    30.8583    30.8703  1024.4984    24.4860    309.386    292.516  324.19121     95.433     90.230     0.1477     0.5384     4.1294     0.5283 3.6925e-01        343     0.2375  0.000e+00
      2.560   72.09544 -166.64570      2.587     4.0741     4.0702     4.0739    30.8586    30.8706  1024.4984    24.4863    309.195    292.515  324.18788     95.375     90.230     0.1477     0.5384     4.1306     0.5271 3.4258e-01        344     0.2382  0.000e+00
      2.560   72.09544 -166.64570      2.587     4.0747     4.0702     4.0746    30.8579    30.8702  1024.4978    24.4856    309.362    292.517  324.18464     95.428     90.230     0.1477     0.5384     4.1319     0.5259 3.3486e-01        345     0.2389  0.000e+00
      2.614   72.09544 -166.64570      2.641     4.0750     4.0702     4.0749    30.8575    30.8705  1024.4977    24.4853    309.351    292.542  324.18313     95.425     90.238     0.1490     0.5458     4.1331     0.5247 3.2603e-01        346     0.2396  0.000e+00
      2.560   72.09544 -166.64570      2.587     4.0747     4.0699     4.0746    30.8574    30.8704  1024.4974    24.4852    308.738    292.545  324.18586     95.235     90.238     0.1477     0.5384     4.1331     0.5247 2.9468e-01        347     0.2403  0.000e+00
      2.614   72.09544 -166.64570      2.641     4.0746     4.0697     4.0744    30.8573    30.8700  1024.4975    24.4852    309.090    292.574  324.18737     95.343     90.246     0.1490     0.5458     4.1331     0.5247 2.8210e-01        348     0.2410  0.000e+00
      2.560   72.09544 -166.64570      2.587     4.0743     4.0702     4.0741    30.8571    30.8698  1024.4971    24.4850    309.293    292.572  324.19038     95.405     90.247     0.1477     0.5384     4.1331     0.5247 2.7873e-01        349     0.2417  0.000e+00
      2.560   72.09544 -166.64570      2.587     4.0741     4.0721     4.0739    30.8573    30.8692  1024.4973    24.4852    309.104    292.562  324.19117     95.346     90.247     0.1477     0.5384     4.1319     0.5259 2.6233e-01        350     0.2424  0.000e+00
      2.614   72.09544 -166.64570      2.641     4.0736     4.0720     4.0735    30.8578    30.8696  1024.4981    24.4857    309.099    292.568  324.19350     95.344     90.249     0.1465     0.5311     4.1319     0.5259 2.5385e-01        351     0.2431  0.000e+00
      2.583   72.09544 -166.64570      2.610     4.0736     4.0716     4.0735    30.8572    30.8700  1024.4974    24.4852    309.299    292.572  324.19506     95.405     90.250     0.1477     0.5384     4.1331     0.5247 2.5281e-01        352     0.2437  0.000e+00
      2.614   72.09544 -166.64570      2.641     4.0733     4.0713     4.0731    30.8578    30.8704  1024.4981    24.4857    309.322    292.578  324.19602     95.412     90.251     0.1490     0.5458     4.1331     0.5247 2.5177e-01        353     0.2444  0.000e+00
      2.560   72.09544 -166.64570      2.587     4.0733     4.0711     4.0731    30.8581    30.8704  1024.4980    24.4859    309.338    292.581  324.19539     95.417     90.252     0.1477     0.5384     4.1331     0.5247 2.5073e-01        354     0.2451  0.000e+00
      2.614   72.09544 -166.64570      2.641     4.0731     4.0718     4.0730    30.8581    30.8703  1024.4983    24.4859    309.359    292.582  324.19662     95.423     90.254     0.1477     0.5384     4.1331     0.5247 2.5073e-01        355     0.2458  0.000e+00
      2.614   72.09544 -166.64570      2.641     4.0733     4.0713     4.0731    30.8586    30.8701  1024.4987    24.4863    309.373    292.589  324.19414     95.428     90.255     0.1477     0.5384     4.1331     0.5247 3.2603e-01        356     0.2465  0.000e+00
      2.614   72.09544 -166.64570      2.641     4.0735     4.0708     4.0733    30.8585    30.8702  1024.4986    24.4862    308.964    292.597  324.19316     95.302     90.256     0.1477     0.5384     4.1331     0.5247 3.9170e-01        357     0.2472  0.000e+00
      2.614   72.09544 -166.64570      2.641     4.0738     4.0710     4.0736    30.8583    30.8699  1024.4984    24.4861    309.124    292.600  324.19103     95.353     90.257     0.1465     0.5311     4.1331     0.5247 4.0331e-01        358     0.2479  0.000e+00
      2.614   72.09544 -166.64570      2.641     4.0739     4.0721     4.0738    30.8581    30.8694  1024.4983    24.4859    309.319    292.383  324.19024     95.413     90.192     0.1477     0.5384     4.1331     0.5247 4.8717e-01        359     0.2486  0.000e+00
      2.614   72.09544 -166.64570      2.641     4.0741     4.0738     4.0739    30.8583    30.8685  1024.4984    24.4860    309.332    292.332  324.18870     95.417     90.180     0.1490     0.5458     4.1331     0.5247 5.9446e-01        360     0.2493  0.000e+00
      2.614   72.09544 -166.64570      2.641     4.0746     4.0740     4.0744    30.8587    30.8693  1024.4987    24.4863    309.129    292.502  324.18380     95.356     90.233     0.1477     0.5384     4.1331     0.5247 6.2100e-01        361     0.2500  0.000e+00
      2.676   72.09544 -166.64570      2.704     4.0752     4.0746     4.0750    30.8586    30.8688  1024.4988    24.4861    309.319    292.504  324.17923     95.416     90.235     0.1477     0.5384     4.1331     0.5247 4.8208e-01        362     0.2507  0.000e+00
