EcoFOCI/data/1_SampleCollection/2023_SikuliaqDBO_CruiseData/CTD_raw_BottleFile_SKQ23-12S/proc/skq202312s_047svp.cnv
* Sea-Bird SBE 9 Data File:
* FileName = D:\CTD\SKQ202312S\SKQ202312S_047.hex
* Software Version Seasave V 7.26.7.121
* Temperature SN = 6177
* Conductivity SN = 0369
* Number of Bytes Per Scan = 41
* Number of Voltage Words = 4
* Number of Scans Averaged by the Deck Unit = 1
* NMEA Latitude = 71 43.16 N
* NMEA Longitude = 161 46.33 W
* NMEA UTC (Time) = Sep 25 2023  03:05:57
* NMEA baud rate = 4800
** Ship: R/V Sikuliaq
** Station Number: 047
** Station Name: DBO4.5n
** Bottom Depth: 44
** Operator: SS
# nquan = 7
# nvalues = 4426                                  
# units = specified
# name 0 = depSM: Depth [salt water, m]
# name 1 = latitude: Latitude [deg]
# name 2 = longitude: Longitude [deg]
# name 3 = t090C: Temperature [ITS-90, deg C]
# name 4 = sal00: Salinity, Practical [PSU]
# name 5 = svCM: Sound Velocity [Chen-Millero, m/s]
# name 6 = flag:  0.000e+00
# span 0 =      2.553,     37.926                 
# span 1 =   71.71928,   71.71930                 
# span 2 = -161.77234, -161.77228                 
# span 3 =    -0.7205,     2.3194                 
# span 4 =    27.6069,    32.6544                 
# span 5 =    1442.65,    1450.97                 
# span 6 = 0.0000e+00, 0.0000e+00                 
# interval = seconds: 0.0416667
# start_time = Sep 25 2023 03:09:44 [NMEA time, first data scan]
# bad_flag = -9.990e-29
*END*
[from data line 1436]
      9.577   71.71930 -161.77232     2.0759    28.0029    1449.42  0.000e+00
      9.523   71.71930 -161.77232     2.0950    28.0080    1449.51  0.000e+00
      9.523   71.71930 -161.77232     2.1140    28.0080    1449.60  0.000e+00
      9.639   71.71930 -161.77232     2.1323    28.0057    1449.68  0.000e+00
      9.577   71.71930 -161.77232     2.1492    28.0065    1449.75  0.000e+00
      9.577   71.71930 -161.77232     2.1640    28.0119    1449.82  0.000e+00
      9.608   71.71930 -161.77232     2.1780    28.0144    1449.89  0.000e+00
      9.577   71.71930 -161.77232     2.1899    28.0143    1449.94  0.000e+00
      9.638   71.71930 -161.77232     2.2012    28.0120    1449.99  0.000e+00
      9.577   71.71930 -161.77232     2.2114    28.0089    1450.03  0.000e+00
      9.638   71.71930 -161.77232     2.2197    28.0059    1450.06  0.000e+00
      9.638   71.71930 -161.77232     2.2266    28.0034    1450.09  0.000e+00
      9.692   71.71930 -161.77232     2.2326    27.9998    1450.11  0.000e+00
      9.638   71.71930 -161.77232     2.2380    27.9967    1450.13  0.000e+00
      9.638   71.71930 -161.77232     2.2429    27.9943    1450.15  0.000e+00
      9.692   71.71930 -161.77232     2.2465    27.9941    1450.17  0.000e+00
      9.669   71.71930 -161.77232     2.2499    27.9944    1450.18  0.000e+00
      9.692   71.71930 -161.77232     2.2535    27.9956    1450.20  0.000e+00
      9.692   71.71930 -161.77232     2.2570    27.9973    1450.22  0.000e+00
      9.754   71.71930 -161.77232     2.2601    27.9997    1450.24  0.000e+00
      9.692   71.71930 -161.77232     2.2636    28.0012    1450.25  0.000e+00
      9.692   71.71930 -161.77232     2.2666    28.0016    1450.27  0.000e+00
      9.754   71.71930 -161.77232     2.2695    28.0010    1450.28  0.000e+00
      9.754   71.71930 -161.77232     2.2719    28.0007    1450.29  0.000e+00
      9.754   71.71930 -161.77232     2.2742    28.0005    1450.30  0.000e+00
      9.754   71.71930 -161.77232     2.2760    28.0003    1450.31  0.000e+00
      9.723   71.71930 -161.77232     2.2780    27.9999    1450.32  0.000e+00
      9.808   71.71930 -161.77232     2.2797    27.9995    1450.32  0.000e+00
      9.754   71.71930 -161.77232     2.2814    27.9986    1450.33  0.000e+00
      9.808   71.71930 -161.77232     2.2826    27.9986    1450.34  0.000e+00
      9.808   71.71930 -161.77232     2.2839    27.9985    1450.34  0.000e+00
      9.754   71.71930 -161.77232     2.2846    27.9985    1450.34  0.000e+00
      9.808   71.71930 -161.77232     2.2856    27.9981    1450.35  0.000e+00
      9.862   71.71930 -161.77232     2.2863    27.9983    1450.35  0.000e+00
      9.808   71.71930 -161.77232     2.2871    27.9980    1450.35  0.000e+00
      9.839   71.71930 -161.77232     2.2874    27.9985    1450.36  0.000e+00
      9.808   71.71930 -161.77232     2.2879    27.9983    1450.36  0.000e+00
      9.862   71.71930 -161.77232     2.2885    27.9982    1450.36  0.000e+00
      9.808   71.71930 -161.77232     2.2888    27.9982    1450.36  0.000e+00
      9.862   71.71930 -161.77232     2.2891    27.9975    1450.36  0.000e+00
      9.862   71.71930 -161.77232     2.2899    27.9974    1450.37  0.000e+00
      9.862   71.71930 -161.77232     2.2902    27.9976    1450.37  0.000e+00
      9.808   71.71930 -161.77232     2.2907    27.9978    1450.37  0.000e+00
      9.862   71.71930 -161.77232     2.2909    27.9973    1450.37  0.000e+00
      9.862   71.71930 -161.77232     2.2913    27.9963    1450.37  0.000e+00
      9.893   71.71930 -161.77232     2.2913    27.9967    1450.37  0.000e+00
      9.862   71.71930 -161.77232     2.2915    27.9966    1450.37  0.000e+00
      9.862   71.71930 -161.77232     2.2916    27.9962    1450.37  0.000e+00
      9.923   71.71930 -161.77232     2.2915    27.9962    1450.37  0.000e+00
      9.862   71.71930 -161.77232     2.2915    27.9965    1450.37  0.000e+00
      9.862   71.71930 -161.77232     2.2917    27.9964    1450.37  0.000e+00
      9.923   71.71930 -161.77232     2.2916    27.9964    1450.37  0.000e+00
      9.862   71.71930 -161.77232     2.2921    27.9958    1450.37  0.000e+00
      9.923   71.71930 -161.77232     2.2921    27.9949    1450.37  0.000e+00
      9.892   71.71930 -161.77232     2.2916    27.9937    1450.37  0.000e+00
      9.923   71.71930 -161.77232     2.2918    27.9920    1450.37  0.000e+00
      9.862   71.71930 -161.77232     2.2916    27.9908    1450.37  0.000e+00
      9.923   71.71930 -161.77232     2.2915    27.9871    1450.36  0.000e+00
      9.923   71.71930 -161.77232     2.2899    27.9827    1450.35  0.000e+00
      9.923   71.71930 -161.77232     2.2882    27.9766    1450.33  0.000e+00
      9.923   71.71930 -161.77232     2.2850    27.9513    1450.29  0.000e+00
      9.861   71.71930 -161.77232     2.2690    27.9041    1450.15  0.000e+00
      9.923   71.71930 -161.77232     2.2407    27.8638    1449.98  0.000e+00
      9.954   71.71930 -161.77232     2.2136    27.8415    1449.83  0.000e+00
      9.923   71.71930 -161.77232     2.1869    27.8395    1449.71  0.000e+00
      9.923   71.71930 -161.77232     2.1684    27.8578    1449.65  0.000e+00
      9.923   71.71930 -161.77232     2.1631    27.8864    1449.66  0.000e+00
      9.977   71.71930 -161.77232     2.1648    27.9076    1449.70  0.000e+00
      9.923   71.71930 -161.77232     2.1656    27.9200    1449.72  0.000e+00
      9.923   71.71930 -161.77232     2.1676    27.9307    1449.74  0.000e+00
      9.977   71.71930 -161.77232     2.1689    27.9512    1449.77  0.000e+00
      9.923   71.71930 -161.77232     2.1686    27.9704    1449.80  0.000e+00
      9.977   71.71930 -161.77232     2.1700    27.9834    1449.82  0.000e+00
      9.954   71.71930 -161.77232     2.1762    27.9964    1449.86  0.000e+00
      9.923   71.71930 -161.77232     2.1870    28.0029    1449.92  0.000e+00
      9.977   71.71930 -161.77232     2.1964    27.9955    1449.95  0.000e+00
      9.977   71.71930 -161.77232     2.2050    27.9823    1449.97  0.000e+00
      9.923   71.71930 -161.77232     2.2100    27.9839    1450.00  0.000e+00
      9.977   71.71930 -161.77232     2.2147    27.9884    1450.02  0.000e+00
      9.977   71.71930 -161.77232     2.2201    27.9822    1450.04  0.000e+00
      9.977   71.71930 -161.77232     2.2237    27.9662    1450.03  0.000e+00
      9.977   71.71930 -161.77232     2.2247    27.9498    1450.02  0.000e+00
      9.954   71.71930 -161.77232     2.2244    27.9391    1450.00  0.000e+00
     10.038   71.71930 -161.77232     2.2211    27.9379    1449.99  0.000e+00
      9.977   71.71930 -161.77232     2.2192    27.9345    1449.97  0.000e+00
      9.977   71.71930 -161.77232     2.2143    27.9425    1449.96  0.000e+00
      9.977   71.71930 -161.77232     2.2049    27.9652    1449.95  0.000e+00
     10.038   71.71930 -161.77232     2.1992    27.9869    1449.95  0.000e+00
      9.977   71.71930 -161.77232     2.2009    28.0035    1449.98  0.000e+00
     10.038   71.71930 -161.77232     2.2075    28.0084    1450.02  0.000e+00
     10.038   71.71930 -161.77232     2.2153    28.0079    1450.05  0.000e+00
     10.007   71.71930 -161.77232     2.2230    28.0074    1450.09  0.000e+00
     10.038   71.71930 -161.77232     2.2300    28.0017    1450.11  0.000e+00
     10.038   71.71930 -161.77232     2.2363    27.9978    1450.13  0.000e+00
     10.038   71.71930 -161.77232     2.2419    27.9943    1450.15  0.000e+00
     10.038   71.71930 -161.77232     2.2463    27.9801    1450.15  0.000e+00
     10.038   71.71930 -161.77232     2.2442    27.9467    1450.10  0.000e+00
     10.092   71.71930 -161.77232     2.2337    27.9193    1450.02  0.000e+00
     10.038   71.71930 -161.77232     2.2211    27.8991    1449.94  0.000e+00
     10.038   71.71930 -161.77232     2.2105    27.8887    1449.88  0.000e+00
     10.069   71.71930 -161.77232     2.2039    27.8832    1449.84  0.000e+00
     10.092   71.71930 -161.77232     2.2011    27.9157    1449.87  0.000e+00
     10.092   71.71930 -161.77232     2.2060    27.9624    1449.95  0.000e+00
     10.146   71.71930 -161.77232     2.2133    27.9849    1450.02  0.000e+00
     10.092   71.71930 -161.77232     2.2185    27.9896    1450.04  0.000e+00
     10.092   71.71930 -161.77232     2.2231    27.9948    1450.07  0.000e+00
     10.092   71.71930 -161.77232     2.2283    28.0043    1450.11  0.000e+00
     10.146   71.71930 -161.77232     2.2341    28.0123    1450.14  0.000e+00
     10.146   71.71930 -161.77232     2.2406    28.0167    1450.18  0.000e+00
     10.123   71.71930 -161.77232     2.2470    28.0177    1450.21  0.000e+00
     10.146   71.71930 -161.77232     2.2528    28.0181    1450.23  0.000e+00
     10.146   71.71930 -161.77232     2.2589    28.0196    1450.26  0.000e+00
     10.208   71.71930 -161.77232     2.2649    28.0217    1450.29  0.000e+00
     10.146   71.71930 -161.77232     2.2700    28.0225    1450.32  0.000e+00
     10.207   71.71930 -161.77232     2.2747    28.0218    1450.34  0.000e+00
     10.207   71.71930 -161.77232     2.2792    28.0209    1450.36  0.000e+00
     10.146   71.71930 -161.77232     2.2830    28.0200    1450.37  0.000e+00
     10.261   71.71930 -161.77232     2.2860    28.0187    1450.38  0.000e+00
     10.238   71.71930 -161.77232     2.2890    28.0174    1450.40  0.000e+00
     10.207   71.71930 -161.77232     2.2915    28.0160    1450.40  0.000e+00
     10.261   71.71930 -161.77232     2.2931    28.0156    1450.41  0.000e+00
     10.261   71.71930 -161.77232     2.2946    28.0148    1450.42  0.000e+00
     10.261   71.71930 -161.77232     2.2960    28.0145    1450.42  0.000e+00
     10.261   71.71930 -161.77232     2.2968    28.0148    1450.43  0.000e+00
     10.261   71.71930 -161.77232     2.2981    28.0142    1450.43  0.000e+00
     10.323   71.71930 -161.77232     2.2985    28.0145    1450.44  0.000e+00
     10.323   71.71930 -161.77232     2.2993    28.0143    1450.44  0.000e+00
     10.292   71.71930 -161.77232     2.2997    28.0146    1450.44  0.000e+00
     10.323   71.71930 -161.77232     2.3001    28.0149    1450.44  0.000e+00
     10.377   71.71930 -161.77232     2.3007    28.0154    1450.45  0.000e+00
     10.323   71.71930 -161.77232     2.3010    28.0162    1450.45  0.000e+00
     10.377   71.71930 -161.77232     2.3015    28.0167    1450.45  0.000e+00
     10.377   71.71930 -161.77232     2.3020    28.0173    1450.46  0.000e+00
     10.377   71.71930 -161.77232     2.3026    28.0176    1450.46  0.000e+00
     10.438   71.71930 -161.77232     2.3029    28.0185    1450.46  0.000e+00
     10.354   71.71930 -161.77232     2.3035    28.0191    1450.46  0.000e+00
     10.438   71.71930 -161.77232     2.3042    28.0199    1450.47  0.000e+00
     10.438   71.71930 -161.77232     2.3049    28.0208    1450.47  0.000e+00
     10.438   71.71930 -161.77232     2.3056    28.0214    1450.48  0.000e+00
     10.438   71.71930 -161.77232     2.3065    28.0222    1450.48  0.000e+00
     10.492   71.71930 -161.77232     2.3073    28.0224    1450.49  0.000e+00
     10.438   71.71930 -161.77232     2.3083    28.0230    1450.49  0.000e+00
     10.492   71.71930 -161.77232     2.3092    28.0233    1450.50  0.000e+00
     10.492   71.71930 -161.77232     2.3101    28.0236    1450.50  0.000e+00
     10.523   71.71930 -161.77232     2.3107    28.0241    1450.50  0.000e+00
     10.492   71.71930 -161.77232     2.3114    28.0245    1450.51  0.000e+00
     10.546   71.71930 -161.77232     2.3122    28.0246    1450.51  0.000e+00
     10.492   71.71930 -161.77232     2.3128    28.0250    1450.52  0.000e+00
     10.546   71.71930 -161.77232     2.3135    28.0252    1450.52  0.000e+00
     10.546   71.71930 -161.77232     2.3139    28.0256    1450.52  0.000e+00
     10.546   71.71930 -161.77232     2.3148    28.0257    1450.53  0.000e+00
     10.608   71.71930 -161.77232     2.3152    28.0262    1450.53  0.000e+00
     10.523   71.71930 -161.77232     2.3158    28.0262    1450.53  0.000e+00
     10.608   71.71930 -161.77232     2.3162    28.0265    1450.53  0.000e+00
     10.608   71.71930 -161.77232     2.3166    28.0271    1450.54  0.000e+00
     10.608   71.71930 -161.77232     2.3171    28.0271    1450.54  0.000e+00
     10.546   71.71930 -161.77232     2.3174    28.0273    1450.54  0.000e+00
     10.662   71.71930 -161.77232     2.3178    28.0274    1450.54  0.000e+00
     10.608   71.71930 -161.77232     2.3183    28.0273    1450.54  0.000e+00
     10.608   71.71930 -161.77232     2.3183    28.0279    1450.54  0.000e+00
     10.638   71.71930 -161.77232     2.3183    28.0285    1450.55  0.000e+00
     10.662   71.71930 -161.77232     2.3186    28.0284    1450.55  0.000e+00
     10.608   71.71930 -161.77232     2.3188    28.0288    1450.55  0.000e+00
     10.723   71.71930 -161.77232     2.3189    28.0290    1450.55  0.000e+00
     10.608   71.71930 -161.77232     2.3188    28.0290    1450.55  0.000e+00
     10.662   71.71930 -161.77232     2.3191    28.0290    1450.55  0.000e+00
     10.662   71.71930 -161.77232     2.3191    28.0293    1450.55  0.000e+00
     10.723   71.71930 -161.77232     2.3192    28.0296    1450.55  0.000e+00
     10.638   71.71930 -161.77232     2.3192    28.0298    1450.55  0.000e+00
     10.723   71.71930 -161.77232     2.3191    28.0297    1450.55  0.000e+00
     10.661   71.71930 -161.77232     2.3192    28.0297    1450.55  0.000e+00
     10.723   71.71930 -161.77232     2.3194    28.0298    1450.55  0.000e+00
     10.661   71.71930 -161.77232     2.3192    28.0304    1450.55  0.000e+00
     10.723   71.71930 -161.77232     2.3192    28.0305    1450.55  0.000e+00
     10.723   71.71930 -161.77232     2.3192    28.0305    1450.55  0.000e+00
     10.723   71.71930 -161.77232     2.3191    28.0304    1450.55  0.000e+00
     10.692   71.71930 -161.77232     2.3189    28.0305    1450.55  0.000e+00
     10.723   71.71930 -161.77232     2.3191    28.0301    1450.55  0.000e+00
     10.723   71.71930 -161.77232     2.3192    28.0300    1450.55  0.000e+00
     10.723   71.71930 -161.77232     2.3188    28.0304    1450.55  0.000e+00
     10.723   71.71930 -161.77232     2.3187    28.0299    1450.55  0.000e+00
     10.723   71.71930 -161.77232     2.3186    28.0298    1450.55  0.000e+00
     10.723   71.71930 -161.77232     2.3185    28.0288    1450.55  0.000e+00
     10.723   71.71930 -161.77232     2.3178    28.0274    1450.54  0.000e+00
     10.754   71.71930 -161.77232     2.3175    28.0238    1450.54  0.000e+00
     10.723   71.71930 -161.77232     2.3166    28.0189    1450.53  0.000e+00
     10.723   71.71930 -161.77232     2.3148    28.0144    1450.51  0.000e+00
     10.777   71.71930 -161.77232     2.3128    28.0114    1450.50  0.000e+00
     10.723   71.71930 -161.77232     2.3111    28.0089    1450.49  0.000e+00
     10.723   71.71930 -161.77232     2.3092    28.0048    1450.48  0.000e+00
     10.777   71.71930 -161.77232     2.3070    28.0005    1450.46  0.000e+00
     10.723   71.71930 -161.77232     2.3049    27.9992    1450.45  0.000e+00
     10.754   71.71930 -161.77232     2.3028    28.0005    1450.44  0.000e+00
     10.777   71.71930 -161.77232     2.3006    28.0025    1450.44  0.000e+00
     10.723   71.71930 -161.77232     2.2989    28.0049    1450.43  0.000e+00
     10.777   71.71930 -161.77232     2.2981    28.0071    1450.43  0.000e+00
     10.723   71.71930 -161.77232     2.2984    28.0086    1450.43  0.000e+00
     10.777   71.71930 -161.77232     2.2979    28.0098    1450.43  0.000e+00
     10.777   71.71930 -161.77232     2.2970    28.0098    1450.43  0.000e+00
     10.723   71.71930 -161.77232     2.2957    28.0104    1450.42  0.000e+00
     10.754   71.71930 -161.77232     2.2948    28.0107    1450.42  0.000e+00
     10.777   71.71930 -161.77232     2.2948    28.0101    1450.42  0.000e+00
     10.777   71.71930 -161.77232     2.2948    28.0094    1450.42  0.000e+00
     10.777   71.71930 -161.77232     2.2949    28.0089    1450.42  0.000e+00
     10.723   71.71930 -161.77232     2.2943    28.0094    1450.42  0.000e+00
