EcoFOCI/data/1_SampleCollection/2023_SikuliaqDBO_CruiseData/CTD_raw_BottleFile_SKQ23-12S/proc/skq202312s_067svpavg.cnv
* Sea-Bird SBE 9 Data File:
* FileName = D:\CTD\SKQ202312S\SKQ202312S_067.hex
* Software Version Seasave V 7.26.7.121
* Temperature SN = 6177
* Conductivity SN = 0369
* Number of Bytes Per Scan = 41
* Number of Voltage Words = 4
* Number of Scans Averaged by the Deck Unit = 1
* NMEA Latitude = 72 18.60 N
* NMEA Longitude = 167 16.17 W
* NMEA UTC (Time) = Sep 28 2023  14:28:44
* NMEA baud rate = 4800
** Ship: R/V Sikuliaq
** Station Number: 067
** Station Name: C15
** Bottom Depth: 49
** Operator: SD
# nquan = 7
# nvalues = 42                          
# units = specified
# name 0 = depSM: Depth [salt water, m]
# name 1 = latitude: Latitude [deg]
# name 2 = longitude: Longitude [deg]
# name 3 = t090C: Temperature [ITS-90, deg C]
# name 4 = sal00: Salinity, Practical [PSU]
# name 5 = svCM: Sound Velocity [Chen-Millero, m/s]
# name 6 = flag: flag
# span 0 =      2.000,     43.000       
# span 1 =   72.30998,   72.31000       
# span 2 = -167.26966, -167.26959       
# span 3 =     0.7215,     4.8559       
# span 4 =    30.7318,    32.3997       
# span 5 =    1449.65,    1467.00       
# span 6 = 0.0000e+00, 0.0000e+00       
# interval = meters: 1                  
# start_time = Sep 28 2023 14:32:23 [NMEA time, first data scan]
# bad_flag = -9.990e-29
*END*
      2.000   72.30998 -167.26962     4.0929    30.7345    1461.56 0.0000e+00
      3.000   72.30998 -167.26962     4.0804    30.7318    1461.52 0.0000e+00
      4.000   72.30998 -167.26962     4.0767    30.7320    1461.52 0.0000e+00
      5.000   72.30998 -167.26962     4.0786    30.7325    1461.55 0.0000e+00
      6.000   72.30998 -167.26962     4.0763    30.7318    1461.55 0.0000e+00
      7.000   72.30998 -167.26962     4.0798    30.7327    1461.58 0.0000e+00
      8.000   72.30998 -167.26962     4.0811    30.7332    1461.61 0.0000e+00
      9.000   72.30998 -167.26962     4.0856    30.7361    1461.65 0.0000e+00
     10.000   72.30998 -167.26962     4.1217    30.7498    1461.83 0.0000e+00
     11.000   72.30998 -167.26962     4.1609    30.7606    1462.03 0.0000e+00
     12.000   72.30998 -167.26961     4.3270    30.8123    1462.81 0.0000e+00
     13.000   72.30998 -167.26960     4.6775    30.9272    1464.43 0.0000e+00
     14.000   72.30998 -167.26960     4.7427    30.9296    1464.72 0.0000e+00
     15.000   72.30998 -167.26960     4.7105    30.9329    1464.60 0.0000e+00
     16.000   72.30998 -167.26961     4.7169    30.9610    1464.68 0.0000e+00
     17.000   72.30998 -167.26961     4.7580    30.9926    1464.91 0.0000e+00
     18.000   72.30998 -167.26960     4.7536    31.0153    1464.94 0.0000e+00
     19.000   72.30998 -167.26962     4.7415    31.0851    1464.99 0.0000e+00
     20.000   72.30998 -167.26962     4.7322    31.2894    1465.23 0.0000e+00
     21.000   72.30998 -167.26959     4.7878    31.6050    1465.88 0.0000e+00
     22.000   72.30998 -167.26962     4.4514    32.0290    1465.04 0.0000e+00
     23.000   72.30998 -167.26961     4.8559    32.2357    1467.00 0.0000e+00
     24.000   72.30998 -167.26961     4.1951    32.2800    1464.33 0.0000e+00
     25.000   72.30998 -167.26961     3.7221    32.3482    1462.45 0.0000e+00
     26.000   72.30998 -167.26961     3.4139    32.3699    1461.19 0.0000e+00
     27.000   72.30998 -167.26960     2.6617    32.3542    1457.95 0.0000e+00
     28.000   72.30998 -167.26961     2.2014    32.3799    1456.00 0.0000e+00
     29.000   72.30998 -167.26961     2.0312    32.3739    1455.26 0.0000e+00
     30.000   72.30998 -167.26960     1.9535    32.3713    1454.93 0.0000e+00
     31.000   72.30998 -167.26960     1.9039    32.3721    1454.73 0.0000e+00
     32.000   72.30998 -167.26961     1.8299    32.3702    1454.42 0.0000e+00
     33.000   72.30998 -167.26960     1.7455    32.3756    1454.07 0.0000e+00
     34.000   72.30998 -167.26961     1.6231    32.3745    1453.54 0.0000e+00
     35.000   72.30998 -167.26962     1.3335    32.3880    1452.28 0.0000e+00
     36.000   72.30999 -167.26962     0.9923    32.3997    1450.78 0.0000e+00
     37.000   72.31000 -167.26963     0.9350    32.3951    1450.53 0.0000e+00
     38.000   72.30998 -167.26964     0.9659    32.3864    1450.68 0.0000e+00
     39.000   72.30998 -167.26966     0.8826    32.3866    1450.32 0.0000e+00
     40.000   72.30998 -167.26966     0.8474    32.3865    1450.17 0.0000e+00
     41.000   72.30998 -167.26966     0.8158    32.3871    1450.05 0.0000e+00
     42.000   72.30998 -167.26966     0.7839    32.3857    1449.92 0.0000e+00
     43.000   72.30998 -167.26966     0.7215    32.3881    1449.65 0.0000e+00
