EcoFOCI/data/1_SampleCollection/2023_SikuliaqDBO_CruiseData/CTD_raw_BottleFile_SKQ23-12S/proc/skq202312s_042.ros
* Sea-Bird SBE 9 Data File:
* FileName = D:\CTD\SKQ202312S\SKQ202312S_042.hex
* Software Version Seasave V 7.26.7.121
* Temperature SN = 6177
* Conductivity SN = 0369
* Number of Bytes Per Scan = 41
* Number of Voltage Words = 4
* Number of Scans Averaged by the Deck Unit = 1
* NMEA Latitude = 71 27.22 N
* NMEA Longitude = 161 02.26 W
* NMEA UTC (Time) = Sep 24 2023  04:51:21
* NMEA baud rate = 4800
** Ship: R/V Sikuliaq
** Station Number: 042
** Station Name: DBO4.3n
** Bottom Depth: 47
** Operator: SD
# nquan = 22
# nvalues = 980                                   
# units = specified
# name 0 = depSM: Depth [salt water, m]
# name 1 = latitude: Latitude [deg]
# name 2 = longitude: Longitude [deg]
# name 3 = prDM: Pressure, Digiquartz [db]
# name 4 = t090C: Temperature [ITS-90, deg C]
# name 5 = t190C: Temperature, 2 [ITS-90, deg C]
# name 6 = potemp090C: Potential Temperature [ITS-90, deg C]
# name 7 = sal00: Salinity, Practical [PSU]
# name 8 = sal11: Salinity, Practical, 2 [PSU]
# name 9 = density00: Density [density, kg/m^3]
# name 10 = sigma-é00: Density [sigma-theta, kg/m^3]
# name 11 = sbox0Mm/Kg: Oxygen, SBE 43 [umol/kg]
# name 12 = sbox1Mm/Kg: Oxygen, SBE 43, 2 [umol/kg]
# name 13 = oxsolMm/Kg: Oxygen Saturation, Garcia & Gordon [umol/kg]
# name 14 = sbeox0PS: Oxygen, SBE 43 [% saturation]
# name 15 = v0: Voltage 0
# name 16 = flECO-AFL: Fluorescence, WET Labs ECO-AFL/FL [mg/m^3]
# name 17 = CStarAt0: Beam Attenuation, WET Labs C-Star [1/m]
# name 18 = par: PAR/Irradiance, Biospherical/Licor
# name 19 = scan: Scan Count
# name 20 = nbf: Bottles Fired
# name 21 = flag:  0.000e+00
# interval = seconds: 0.0416667
# start_time = Sep 24 2023 04:55:17 [NMEA time, first data scan]
# bad_flag = -9.990e-29
*END*
[from data line 264]
     30.142   71.45340 -161.03816     30.455    -1.6000    -1.5993    -1.6005    32.5725    32.5833  1026.3500    26.2028    277.017    264.483  370.01171     74.867     0.1160     0.3480     0.8999 1.0000e-12       9989          6  0.000e+00
     30.072   71.45340 -161.03816     30.385    -1.6000    -1.5993    -1.6005    32.5724    32.5834  1026.3495    26.2027    276.996    264.431  370.01209     74.861     0.1172     0.3553     0.8999 1.0000e-12       9990          6  0.000e+00
     30.142   71.45340 -161.03816     30.455    -1.6000    -1.5993    -1.6005    32.5723    32.5835  1026.3498    26.2027    276.981    264.415  370.01234     74.857     0.1160     0.3480     0.8999 8.4714e-06       9991          6  0.000e+00
     30.126   71.45340 -161.03816     30.439    -1.5998    -1.5992    -1.6004    32.5721    32.5834  1026.3496    26.2025    276.960    264.393  370.01114     74.852     0.1172     0.3553     0.8986 1.0131e-03       9992          6  0.000e+00
     30.080   71.45340 -161.03816     30.393    -1.6000    -1.5993    -1.6005    32.5723    32.5835  1026.3495    26.2027    276.941    264.371  370.01223     74.846     0.1148     0.3406     0.8973 3.0480e-03       9993          6  0.000e+00
     30.142   71.45340 -161.03816     30.455    -1.5998    -1.5992    -1.6004    32.5723    32.5834  1026.3498    26.2027    276.923    264.579  370.01054     74.842     0.1172     0.3553     0.8973 3.3905e-03       9994          6  0.000e+00
     30.072   71.45340 -161.03816     30.385    -1.6000    -1.5992    -1.6005    32.5724    32.5834  1026.3495    26.2027    276.903    264.354  370.01209     74.836     0.1160     0.3480     0.8986 1.3499e-03       9995          6  0.000e+00
     30.142   71.45340 -161.03816     30.455    -1.6002    -1.5993    -1.6007    32.5729    32.5835  1026.3503    26.2031    276.888    264.330  370.01238     74.832     0.1160     0.3480     0.8986 1.0000e-12       9996          6  0.000e+00
     30.072   71.45340 -161.03816     30.385    -1.5998    -1.5992    -1.6004    32.5725    32.5837  1026.3496    26.2028    276.864    264.298  370.01003     74.826     0.1172     0.3553     0.8986 1.0000e-12       9997          6  0.000e+00
     30.080   71.45340 -161.03816     30.393    -1.6000    -1.5992    -1.6005    32.5727    32.5835  1026.3499    26.2030    276.846    264.499  370.01045     74.821     0.1160     0.3480     0.8986 1.0000e-12       9998          6  0.000e+00
     30.142   71.45340 -161.03816     30.455    -1.5997    -1.5991    -1.6003    32.5728    32.5832  1026.3502    26.2030    276.828    264.500  370.00812     74.817     0.1172     0.3553     0.8986 1.0000e-12       9999          6  0.000e+00
     30.072   71.45340 -161.03816     30.385    -1.5997    -1.5992    -1.6003    32.5726    32.5834  1026.3497    26.2029    276.807    264.300  370.00849     74.811     0.1160     0.3480     0.8986 8.4714e-06      10000          6  0.000e+00
     30.142   71.45340 -161.03816     30.455    -1.5996    -1.5993    -1.6001    32.5726    32.5837  1026.3500    26.2029    276.790    264.268  370.00694     74.807     0.1172     0.3553     0.8986 3.4241e-04      10001          6  0.000e+00
     30.072   71.45340 -161.03816     30.385    -1.5994    -1.5992    -1.5999    32.5725    32.5835  1026.3496    26.2028    276.767    264.229  370.00539     74.801     0.1160     0.3480     0.8973 6.7730e-04      10002          6  0.000e+00
     30.080   71.45340 -161.03816     30.393    -1.5993    -1.5993    -1.5998    32.5723    32.5835  1026.3495    26.2027    276.800    264.226  370.00475     74.810     0.1172     0.3553     0.8986 6.7730e-04      10003          6  0.000e+00
     30.080   71.45340 -161.03816     30.393    -1.5996    -1.5991    -1.6001    32.5724    32.5835  1026.3496    26.2028    276.786    264.186  370.00733     74.805     0.1160     0.3480     0.8986 8.4714e-06      10004          6  0.000e+00
     30.126   71.45340 -161.03816     30.439    -1.5994    -1.5993    -1.5999    32.5724    32.5836  1026.3498    26.2027    276.769    264.151  370.00574     74.801     0.1172     0.3553     0.8973 1.0000e-12      10005          6  0.000e+00
     30.080   71.45340 -161.03816     30.393    -1.5993    -1.5992    -1.5998    32.5726    32.5837  1026.3497    26.2029    276.853    264.108  370.00399     74.824     0.1160     0.3480     0.8986 1.0000e-12      10006          6  0.000e+00
     30.080   71.45340 -161.03816     30.393    -1.5991    -1.5993    -1.5996    32.5722    32.5837  1026.3494    26.2026    276.840    264.068  370.00332     74.821     0.1160     0.3480     0.8986 1.0000e-12      10007          6  0.000e+00
     30.126   71.45340 -161.03816     30.439    -1.5988    -1.5993    -1.5993    32.5721    32.5835  1026.3495    26.2024    276.827    264.060  370.00094     74.818     0.1148     0.3406     0.8986 8.4714e-06      10008          6  0.000e+00
     30.080   71.45340 -161.03816     30.393    -1.5991    -1.5991    -1.5996    32.5725    32.5835  1026.3496    26.2028    276.814    263.817  370.00256     74.814     0.1172     0.3553     0.8986 1.0000e-12      10009          6  0.000e+00
     30.072   71.45340 -161.03816     30.385    -1.5990    -1.5991    -1.5995    32.5721    32.5833  1026.3493    26.2025    276.802    264.007  370.00252     74.811     0.1221     0.3846     0.8973 1.0000e-12      10010          6  0.000e+00
     30.080   71.45340 -161.03816     30.393    -1.5988    -1.5993    -1.5993    32.5723    32.5835  1026.3495    26.2026    276.891    264.001  370.00023     74.835     0.1270     0.4139     0.8973 1.0000e-12      10011          6  0.000e+00
     30.142   71.45340 -161.03816     30.455    -1.5991    -1.5995    -1.5996    32.5723    32.5840  1026.3498    26.2026    276.888    263.995  370.00318     74.834     0.1270     0.4139     0.8947 1.0000e-12      10012          6  0.000e+00
     30.073   71.45340 -161.03816     30.385    -1.5988    -1.5995    -1.5993    32.5721    32.5841  1026.3493    26.2025    277.134    263.985  370.00084     74.901     0.1282     0.4212     0.8934 1.0000e-12      10013          6  0.000e+00
     30.080   71.45340 -161.03816     30.393    -1.5990    -1.5995    -1.5995    32.5724    32.5839  1026.3495    26.2027    277.174    263.977  370.00178     74.912     0.1282     0.4212     0.8934 1.0000e-12      10014          6  0.000e+00
     30.127   71.45340 -161.03816     30.439    -1.5987    -1.5995    -1.5993    32.5718    32.5837  1026.3493    26.2022    277.005    263.971  370.00105     74.866     0.1270     0.4139     0.8934 1.0000e-12      10015          6  0.000e+00
     30.080   71.45340 -161.03816     30.393    -1.5990    -1.5998    -1.5995    32.5725    32.5840  1026.3496    26.2028    277.253    263.963  370.00140     74.933     0.1282     0.4212     0.8934 1.0000e-12      10016          6  0.000e+00
     30.080   71.45340 -161.03816     30.393    -1.5988    -1.5995    -1.5993    32.5724    32.5832  1026.3496    26.2027    277.029    263.955  369.99985     74.873     0.1270     0.4139     0.8947 1.0000e-12      10017          6  0.000e+00
     30.073   71.45340 -161.03816     30.385    -1.5990    -1.5997    -1.5995    32.5724    32.5835  1026.3495    26.2027    277.329    263.947  370.00164     74.954     0.1282     0.4212     0.8947 1.0000e-12      10018          6  0.000e+00
     30.083   71.45340 -161.03818     30.395    -1.5985    -1.5991    -1.5990    32.5722    32.5838  1026.3494    26.2025    277.128    263.218  369.99764     74.900     0.1319     0.4432     0.9038 3.4241e-04      10285          7  0.000e+00
     30.075   71.45340 -161.03818     30.388    -1.5986    -1.5992    -1.5992    32.5725    32.5839  1026.3496    26.2028    277.145    263.239  369.99803     74.904     0.1331     0.4505     0.9038 8.4714e-06      10286          7  0.000e+00
     30.083   71.45340 -161.03818     30.395    -1.5983    -1.5992    -1.5989    32.5720    32.5840  1026.3492    26.2024    276.899    263.031  369.99647     74.838     0.1319     0.4432     0.9038 1.0000e-12      10287          7  0.000e+00
     30.083   71.45340 -161.03818     30.395    -1.5986    -1.5993    -1.5992    32.5723    32.5840  1026.3495    26.2026    277.124    263.024  369.99855     74.899     0.1331     0.4505     0.9038 1.0000e-12      10288          7  0.000e+00
     30.075   71.45340 -161.03818     30.388    -1.5985    -1.5993    -1.5990    32.5722    32.5839  1026.3493    26.2025    277.188    263.018  369.99776     74.916     0.1331     0.4505     0.9038 1.0000e-12      10289          7  0.000e+00
     30.145   71.45340 -161.03818     30.458    -1.5985    -1.5995    -1.5990    32.5723    32.5841  1026.3498    26.2026    276.995    263.249  369.99738     74.864     0.1331     0.4505     0.9038 1.0000e-12      10290          7  0.000e+00
     30.014   71.45340 -161.03818     30.325    -1.5986    -1.5995    -1.5992    32.5725    32.5839  1026.3493    26.2028    277.007    263.275  369.99780     74.867     0.1258     0.4066     0.9038 1.0000e-12      10291          7  0.000e+00
     30.145   71.45340 -161.03818     30.458    -1.5988    -1.5995    -1.5993    32.5718    32.5837  1026.3494    26.2022    276.982    263.279  370.00173     74.860     0.1233     0.3919     0.9038 1.0000e-12      10292          7  0.000e+00
     30.083   71.45340 -161.03818     30.395    -1.5990    -1.5993    -1.5995    32.5724    32.5838  1026.3496    26.2027    276.999    263.307  370.00166     74.864     0.1221     0.3846     0.9038 1.0000e-12      10293          7  0.000e+00
     30.129   71.45340 -161.03818     30.442    -1.5990    -1.5997    -1.5995    32.5724    32.5843  1026.3498    26.2027    276.969    263.115  370.00174     74.856     0.1233     0.3919     0.9038 6.7730e-04      10294          7  0.000e+00
     30.083   71.45340 -161.03818     30.396    -1.5990    -1.5995    -1.5995    32.5719    32.5841  1026.3492    26.2023    276.989    263.116  370.00317     74.861     0.1221     0.3846     0.9012 2.0263e-03      10295          7  0.000e+00
     30.145   71.45340 -161.03818     30.458    -1.5990    -1.5997    -1.5995    32.5715    32.5843  1026.3491    26.2020    276.963    263.126  370.00429     74.854     0.1233     0.3919     0.9012 2.7065e-03      10296          7  0.000e+00
     30.129   71.45340 -161.03818     30.442    -1.5994    -1.5993    -1.5999    32.5721    32.5833  1026.3496    26.2025    276.729    263.100  370.00663     74.790     0.1221     0.3846     0.9012 1.0131e-03      10297          7  0.000e+00
     30.083   71.45340 -161.03818     30.396    -1.5996    -1.5995    -1.6001    32.5726    32.5842  1026.3498    26.2029    276.705    263.076  370.00683     74.784     0.1221     0.3846     0.9012 8.4714e-06      10298          7  0.000e+00
     30.129   71.45340 -161.03818     30.442    -1.5994    -1.5995    -1.5999    32.5722    32.5839  1026.3497    26.2026    276.635    263.090  370.00625     74.765     0.1221     0.3846     0.9012 1.0000e-12      10299          7  0.000e+00
     30.145   71.45340 -161.03818     30.458    -1.5995    -1.5995    -1.6000    32.5723    32.5837  1026.3498    26.2026    276.879    263.106  370.00719     74.831     0.1233     0.3919     0.9012 1.0000e-12      10300          7  0.000e+00
     30.145   71.45340 -161.03818     30.458    -1.5996    -1.5993    -1.6001    32.5724    32.5840  1026.3498    26.2027    276.085    263.121  370.00758     74.616     0.1221     0.3846     0.9012 1.0000e-12      10301          7  0.000e+00
     30.129   71.45340 -161.03818     30.442    -1.5996    -1.5995    -1.6001    32.5721    32.5839  1026.3496    26.2025    276.755    263.142  370.00818     74.797     0.1221     0.3846     0.9012 8.4714e-06      10302          7  0.000e+00
     30.145   71.45340 -161.03818     30.458    -1.5994    -1.5995    -1.5999    32.5719    32.5839  1026.3495    26.2023    276.747    263.132  370.00716     74.795     0.1233     0.3919     0.9012 1.0000e-12      10303          7  0.000e+00
     30.129   71.45340 -161.03818     30.442    -1.5996    -1.5997    -1.6001    32.5721    32.5843  1026.3496    26.2025    276.739    263.123  370.00831     74.793     0.1221     0.3846     0.9012 1.0000e-12      10304          7  0.000e+00
     30.145   71.45340 -161.03818     30.458    -1.5996    -1.5995    -1.6001    32.5723    32.5836  1026.3498    26.2026    277.042    263.115  370.00783     74.875     0.1233     0.3919     0.9012 8.4714e-06      10305          7  0.000e+00
     30.145   71.45340 -161.03818     30.458    -1.5996    -1.5995    -1.6001    32.5724    32.5842  1026.3498    26.2027    277.083    263.107  370.00758     74.886     0.1221     0.3846     0.9012 6.7730e-04      10306          7  0.000e+00
     30.191   71.45340 -161.03818     30.505    -1.5997    -1.5995    -1.6003    32.5725    32.5841  1026.3502    26.2028    276.866    263.333  370.00884     74.827     0.1233     0.3919     0.9012 1.0131e-03      10307          7  0.000e+00
     30.145   71.45340 -161.03818     30.458    -1.5997    -1.5993    -1.6003    32.5723    32.5839  1026.3498    26.2027    277.114    263.128  370.00938     74.894     0.1221     0.3846     0.9012 6.7730e-04      10308          7  0.000e+00
     30.199   71.45340 -161.03818     30.513    -1.5997    -1.5993    -1.6003    32.5720    32.5836  1026.3498    26.2024    276.946    263.126  370.01036     74.848     0.1221     0.3846     0.9012 8.4714e-06      10309          7  0.000e+00
     30.129   71.45340 -161.03818     30.442    -1.5997    -1.5995    -1.6003    32.5722    32.5840  1026.3497    26.2026    276.933    263.122  370.00973     74.845     0.1221     0.3846     0.9012 1.0000e-12      10310          7  0.000e+00
     30.199   71.45340 -161.03818     30.513    -1.5997    -1.5997    -1.6003    32.5722    32.5842  1026.3500    26.2026    277.184    263.124  370.00961     74.913     0.1233     0.3919     0.9012 1.0000e-12      10311          7  0.000e+00
     30.191   71.45340 -161.03818     30.505    -1.5998    -1.5993    -1.6004    32.5721    32.5836  1026.3499    26.2025    276.963    263.122  370.01113     74.853     0.1221     0.3846     0.9012 1.0000e-12      10312          7  0.000e+00
     30.199   71.45340 -161.03818     30.513    -1.6000    -1.5997    -1.6005    32.5724    32.5838  1026.3502    26.2028    277.211    263.126  370.01194     74.919     0.1233     0.3919     0.9012 1.0000e-12      10313          7  0.000e+00
     30.199   71.45340 -161.03818     30.513    -1.6002    -1.5995    -1.6007    32.5723    32.5837  1026.3501    26.2027    277.248    263.128  370.01413     74.929     0.1221     0.3846     0.9012 2.7065e-03      10314          7  0.000e+00
     30.191   71.45340 -161.03818     30.505    -1.5997    -1.5993    -1.6003    32.5721    32.5842  1026.3499    26.2025    277.018    262.899  370.01010     74.868     0.1233     0.3919     0.8999 9.0035e-03      10315          7  0.000e+00
     30.199   71.45340 -161.03818     30.513    -1.6003    -1.5997    -1.6008    32.5726    32.5841  1026.3503    26.2029    277.058    262.877  370.01428     74.878     0.1221     0.3846     0.8986 1.1174e-02      10316          7  0.000e+00
     30.245   71.45340 -161.03818     30.559    -1.6001    -1.5995    -1.6006    32.5723    32.5842  1026.3503    26.2027    277.043    262.854  370.01292     74.874     0.1209     0.3773     0.8986 4.0784e-03      10317          7  0.000e+00
     30.199   71.45340 -161.03818     30.513    -1.6002    -1.5995    -1.6007    32.5727    32.5841  1026.3504    26.2030    276.768    262.833  370.01299     74.800     0.1197     0.3699     0.8986 8.4714e-06      10318          7  0.000e+00
     30.199   71.45340 -161.03818     30.513    -1.6000    -1.5995    -1.6005    32.5723    32.5843  1026.3501    26.2027    277.224    263.045  370.01232     74.923     0.1209     0.3773     0.8986 1.0000e-12      10319          7  0.000e+00
