EcoFOCI/data/1_SampleCollection/2023_SikuliaqDBO_CruiseData/CTD_raw_BottleFile_SKQ23-12S/proc/skq202312s_024.cnv
* Sea-Bird SBE 9 Data File:
* FileName = D:\CTD\SKQ202312S\SKQ202312S_024.hex
* Software Version Seasave V 7.26.7.121
* Temperature SN = 6177
* Conductivity SN = 0369
* Number of Bytes Per Scan = 41
* Number of Voltage Words = 4
* Number of Scans Averaged by the Deck Unit = 1
* NMEA Latitude = 71 12.47 N
* NMEA Longitude = 158 00.01 W
* NMEA UTC (Time) = Sep 20 2023  13:29:26
* NMEA baud rate = 4800
** Ship: R/V Sikuliaq
** Station Number: 024
** Station Name: C5
** Bottom Depth: 49
** Operator: SD
** C5 Mooring Site pre-deployment
# nquan = 24
# nvalues = 4307                                  
# units = specified
# name 0 = depSM: Depth [salt water, m]
# name 1 = latitude: Latitude [deg]
# name 2 = longitude: Longitude [deg]
# name 3 = prDM: Pressure, Digiquartz [db]
# name 4 = t090C: Temperature [ITS-90, deg C]
# name 5 = t190C: Temperature, 2 [ITS-90, deg C]
# name 6 = potemp090C: Potential Temperature [ITS-90, deg C]
# name 7 = sal00: Salinity, Practical [PSU]
# name 8 = sal11: Salinity, Practical, 2 [PSU]
# name 9 = density00: Density [density, kg/m^3]
# name 10 = sigma-é00: Density [sigma-theta, kg/m^3]
# name 11 = sbox0Mm/Kg: Oxygen, SBE 43 [umol/kg]
# name 12 = sbox1Mm/Kg: Oxygen, SBE 43, 2 [umol/kg]
# name 13 = oxsolMm/Kg: Oxygen Saturation, Garcia & Gordon [umol/kg]
# name 14 = sbeox0PS: Oxygen, SBE 43 [% saturation]
# name 15 = sbeox1PS: Oxygen, SBE 43, 2 [% saturation]
# name 16 = v0: Voltage 0
# name 17 = flECO-AFL: Fluorescence, WET Labs ECO-AFL/FL [mg/m^3]
# name 18 = v1: Voltage 1
# name 19 = CStarAt0: Beam Attenuation, WET Labs C-Star [1/m]
# name 20 = par: PAR/Irradiance, Biospherical/Licor
# name 21 = scan: Scan Count
# name 22 = timeM: Time, Elapsed [minutes]
# name 23 = flag:  0.000e+00
# span 0 =      2.333,     43.192                 
# span 1 =   71.20792,   71.20792                 
# span 2 = -157.99980, -157.99978                 
# span 3 =      2.357,     43.641                 
# span 4 =     0.8896,     4.9502                 
# span 5 =     0.8905,     4.9124                 
# span 6 =     0.8879,     4.9499                 
# span 7 =    30.0861,    32.1344                 
# span 8 =    30.1180,    32.1497                 
# span 9 =  1023.8152,  1025.9481                 
# span 10 =    23.7944,    25.7451                
# span 11 =    300.050,    337.513                
# span 12 =    287.845,    319.577                
# span 13 =  319.18624,  347.70690                
# span 14 =     92.817,     97.767                
# span 15 =     88.099,     93.732                
# span 16 =     0.0806,     0.2125                
# span 17 =     0.1355,     0.9267                
# span 18 =     2.1392,     4.1978                
# span 19 =     0.4625,     3.1602                
# span 20 = 1.0000e-12, 6.0050e-01                
# span 21 =          1,       4307                
# span 22 =     0.0000,     2.9903                
# span 23 = 0.0000e+00, 0.0000e+00                
# interval = seconds: 0.0416667
# start_time = Sep 20 2023 13:33:23 [NMEA time, first data scan]
# bad_flag = -9.990e-29
*END*
[from data line 2234]
     22.373   71.20792 -157.99978     22.605     3.2234     3.2361     3.2221    31.3360    31.3926  1025.0489    24.9427    321.174    306.078  329.82185     97.378     92.870     0.0904     0.1941     4.1758     0.4835 8.4714e-06       2235     1.5514  0.000e+00
     22.450   71.20792 -157.99978     22.682     3.1888     3.1983     3.1875    31.3497    31.4015  1025.0631    24.9565    321.246    306.343  330.06976     97.327     92.870     0.0904     0.1941     4.1832     0.4765 1.0000e-12       2236     1.5521  0.000e+00
     22.427   71.20792 -157.99978     22.659     3.1609     3.1625     3.1597    31.3625    31.4124  1025.0756    24.9691    321.429    306.578  330.26484     97.324     92.867     0.0904     0.1941     4.1880     0.4719 1.0000e-12       2237     1.5528  0.000e+00
     22.450   71.20792 -157.99978     22.682     3.1331     3.1355     3.1318    31.3704    31.4178  1025.0843    24.9777    321.652    306.750  330.47225     97.331     92.861     0.0904     0.1941     4.1880     0.4719 8.4714e-06       2238     1.5535  0.000e+00
     22.543   71.20792 -157.99978     22.776     3.1010     3.1017     3.0997    31.3826    31.4276  1025.0972    24.9901    321.901    306.968  330.70427     97.338     92.856     0.0904     0.1941     4.1868     0.4730 1.0000e-12       2239     1.5542  0.000e+00
     22.504   71.20792 -157.99978     22.737     3.0742     3.0703     3.0729    31.3916    31.4338  1025.1065    24.9996    322.096    307.189  330.90064     97.339     92.855     0.0904     0.1941     4.1868     0.4730 1.0000e-12       2240     1.5549  0.000e+00
     22.543   71.20792 -157.99978     22.776     3.0485     3.0408     3.0472    31.3995    31.4402  1025.1151    25.0080    322.280    307.590  331.09171     97.339     92.913     0.0904     0.1941     4.1868     0.4730 1.0000e-12       2241     1.5556  0.000e+00
     22.558   71.20792 -157.99978     22.792     3.0198     2.9934     3.0186    31.3937    31.4547  1025.1129    25.0057    322.736    307.752  331.34147     97.403     92.863     0.0904     0.1941     4.1868     0.4730 1.0000e-12       2242     1.5562  0.000e+00
     22.604   71.20792 -157.99978     22.838     2.9485     2.9325     2.9472    31.4008    31.4739  1025.1248    25.0173    323.362    308.389  331.90977     97.425     92.928     0.0904     0.1941     4.1868     0.4730 1.0000e-12       2243     1.5569  0.000e+00
     22.558   71.20792 -157.99978     22.792     2.8663     2.8547     2.8651    31.4283    31.5047  1025.1532    25.0459    324.027    308.989  332.51805     97.446     92.951     0.0904     0.1941     4.1868     0.4730 1.0000e-12       2244     1.5576  0.000e+00
     22.658   71.20792 -157.99978     22.893     2.7896     2.7746     2.7884    31.4581    31.5387  1025.1837    25.0758    324.452    309.584  333.07733     97.411     92.969     0.0904     0.1941     4.1868     0.4730 1.0000e-12       2245     1.5583  0.000e+00
     22.674   71.20792 -157.99978     22.908     2.7186     2.7065     2.7174    31.4984    31.5666  1025.2216    25.1137    325.159    310.083  333.56372     97.480     92.981     0.0916     0.2015     4.1868     0.4730 8.4714e-06       2246     1.5590  0.000e+00
     22.712   71.20792 -157.99978     22.947     2.6585     2.6477     2.6573    31.5231    31.5938  1025.2463    25.1381    325.650    310.525  334.00121     97.500     92.996     0.0904     0.1941     4.1868     0.4730 1.0000e-12       2247     1.5597  0.000e+00
     22.712   71.20792 -157.99978     22.947     2.5881     2.5963     2.5869    31.5515    31.6184  1025.2745    25.1663    326.220    311.103  334.51595     97.520     93.067     0.0904     0.1941     4.1868     0.4730 1.0000e-12       2248     1.5604  0.000e+00
     22.674   71.20792 -157.99978     22.908     2.5205     2.5442     2.5193    31.5800    31.6419  1025.3024    25.1943    326.756    311.313  335.00865     97.537     93.026     0.0904     0.1941     4.1868     0.4730 1.0000e-12       2249     1.5611  0.000e+00
     22.828   71.20792 -157.99978     23.064     2.4491     2.4786     2.4479    31.6144    31.6707  1025.3360    25.2272    327.278    311.809  335.51964     97.544     93.042     0.0904     0.1941     4.1868     0.4730 1.0000e-12       2250     1.5618  0.000e+00
     22.735   71.20792 -157.99978     22.971     2.3966     2.4145     2.3954    31.6360    31.6979  1025.3569    25.2485    327.673    312.311  335.90574     97.549     93.061     0.0904     0.1941     4.1868     0.4730 1.0000e-12       2251     1.5625  0.000e+00
     22.828   71.20792 -157.99978     23.064     2.3461     2.3568     2.3449    31.6564    31.7197  1025.3774    25.2686    328.092    312.775  336.27894     97.566     93.081     0.0904     0.1941     4.1868     0.4730 8.4714e-06       2252     1.5632  0.000e+00
     22.851   71.20792 -157.99978     23.088     2.2957     2.3154     2.2946    31.6770    31.7277  1025.3979    25.2889    328.539    313.299  336.65065     97.591     93.146     0.0904     0.1941     4.1868     0.4730 1.0000e-12       2253     1.5639  0.000e+00
     22.890   71.20792 -157.99978     23.127     2.2498     2.2671     2.2487    31.6963    31.7424  1025.4169    25.3076    328.906    313.514  336.98956     97.601     93.107     0.0904     0.1941     4.1868     0.4730 8.4714e-06       2254     1.5646  0.000e+00
     22.851   71.20792 -157.99978     23.088     2.1991     2.2128     2.1980    31.7126    31.7631  1025.4335    25.3244    329.093    314.142  337.37735     97.544     93.181     0.0904     0.1941     4.1868     0.4730 1.0000e-12       2255     1.5653  0.000e+00
     22.890   71.20792 -157.99978     23.127     2.1174     2.1052     2.1163    31.7404    31.8204  1025.4619    25.3526    329.959    315.189  337.99985     97.621     93.280     0.0904     0.1941     4.1807     0.4789 8.4714e-06       2256     1.5660  0.000e+00
     22.959   71.20792 -157.99978     23.197     2.0207     1.9873     2.0196    31.7838    31.8788  1025.5039    25.3942    330.514    315.950  338.71204     97.580     93.269     0.0842     0.1575     4.1770     0.4824 1.0000e-12       2257     1.5667  0.000e+00
     22.944   71.20792 -157.99978     23.181     1.9377     1.9013     1.9366    31.8247    31.9159  1025.5425    25.4328    331.205    316.648  339.31595     97.609     93.299     0.0818     0.1428     4.1770     0.4824 1.0000e-12       2258     1.5674  0.000e+00
     22.959   71.20792 -157.99978     23.197     1.8633     1.8305     1.8623    31.8632    31.9473  1025.5786    25.4688    331.741    317.223  339.85429     97.613     93.323     0.0806     0.1355     4.1770     0.4824 8.4714e-06       2259     1.5681  0.000e+00
     23.005   71.20792 -157.99978     23.243     1.8153     1.7763     1.8142    31.8693    31.9651  1025.5871    25.4771    332.103    317.474  340.25172     97.605     93.282     0.0818     0.1428     4.1770     0.4824 1.0000e-12       2260     1.5688  0.000e+00
     23.075   71.20792 -157.99978     23.314     1.7575     1.7225     1.7564    31.8878    31.9858  1025.6063    25.4959    332.564    318.098  340.70197     97.611     93.353     0.0818     0.1428     4.1770     0.4824 1.0000e-12       2261     1.5694  0.000e+00
     23.059   71.20792 -157.99978     23.298     1.6957     1.6739     1.6947    31.9210    32.0062  1025.6370    25.5266    333.021    318.312  341.14897     97.617     93.315     0.0818     0.1428     4.1770     0.4824 1.0000e-12       2262     1.5701  0.000e+00
     23.075   71.20792 -157.99978     23.314     1.6466     1.6280     1.6455    31.9539    32.0240  1025.6667    25.5562    333.125    318.688  341.48883     97.551     93.329     0.0818     0.1428     4.1770     0.4824 1.0000e-12       2263     1.5708  0.000e+00
     23.113   71.20792 -157.99978     23.353     1.6108     1.5930     1.6098    31.9794    32.0399  1025.6897    25.5790    333.308    319.174  341.73256     97.535     93.400     0.0818     0.1428     4.1770     0.4824 1.0000e-12       2264     1.5715  0.000e+00
     23.075   71.20792 -157.99978     23.314     1.5835     1.5685     1.5824    31.9975    32.0514  1025.7059    25.5954    333.422    319.182  341.92226     97.514     93.353     0.0818     0.1428     4.1770     0.4824 8.4714e-06       2265     1.5722  0.000e+00
     23.175   71.20792 -157.99978     23.415     1.5638     1.5516     1.5628    32.0056    32.0574  1025.7142    25.6032    333.490    319.319  342.07197     97.491     93.357     0.0818     0.1428     4.1770     0.4824 1.0000e-12       2266     1.5729  0.000e+00
     23.190   71.20792 -157.99978     23.430     1.5471     1.5359     1.5461    32.0107    32.0612  1025.7194    25.6083    333.302    319.446  342.20366     97.399     93.359     0.0818     0.1428     4.1770     0.4824 8.4714e-06       2267     1.5736  0.000e+00
     23.175   71.20792 -157.99978     23.415     1.5286     1.5189     1.5275    32.0208    32.0674  1025.7286    25.6176    333.309    319.577  342.33894     97.362     93.361     0.0818     0.1428     4.1770     0.4824 1.0000e-12       2268     1.5743  0.000e+00
     23.252   71.20792 -157.99978     23.493     1.5124     1.5019     1.5114    32.0261    32.0738  1025.7344    25.6230    333.308    319.478  342.46583     97.326     93.297     0.0806     0.1355     4.1770     0.4824 8.4714e-06       2269     1.5750  0.000e+00
     23.229   71.20792 -157.99978     23.469     1.4978     1.4904     1.4967    32.0344    32.0774  1025.7419    25.6306    333.050    319.303  342.57159     97.220     93.221     0.0818     0.1428     4.1770     0.4824 8.4714e-06       2270     1.5757  0.000e+00
     23.252   71.20792 -157.99978     23.493     1.4864     1.4829     1.4854    32.0388    32.0791  1025.7463    25.6349    333.004    319.306  342.65903     97.182     93.205     0.0818     0.1428     4.1770     0.4824 1.0000e-12       2271     1.5764  0.000e+00
     23.291   71.20792 -157.99978     23.532     1.4769     1.4749     1.4759    32.0395    32.0818  1025.7477    25.6361    332.955    319.311  342.74001     97.145     93.190     0.0818     0.1428     4.1770     0.4824 8.4714e-06       2272     1.5771  0.000e+00
     23.306   71.20792 -157.99978     23.547     1.4660     1.4688     1.4650    32.0394    32.0819  1025.7484    25.6367    332.692    319.305  342.83564     97.041     93.174     0.0818     0.1428     4.1770     0.4824 1.0000e-12       2273     1.5778  0.000e+00
     23.345   71.20792 -157.99978     23.586     1.4465     1.4610     1.4454    32.0421    32.0839  1025.7519    25.6400    332.703    319.108  342.99946     96.998     93.099     0.0818     0.1428     4.1770     0.4824 8.4714e-06       2274     1.5785  0.000e+00
     23.360   71.20792 -157.99978     23.602     1.4276     1.4439     1.4266    32.0486    32.0895  1025.7585    25.6465    332.470    319.168  343.14683     96.889     93.080     0.0806     0.1355     4.1770     0.4824 8.4714e-06       2275     1.5792  0.000e+00
     23.345   71.20792 -157.99978     23.586     1.4104     1.4289     1.4094    32.0550    32.0915  1025.7646    25.6527    332.419    319.013  343.28098     96.836     93.001     0.0818     0.1428     4.0733     0.5830 8.4714e-06       2276     1.5799  0.000e+00
     23.422   71.20792 -157.99978     23.664     1.3947     1.4105     1.3937    32.0621    32.0955  1025.7717    25.6595    332.170    319.071  343.39959     96.730     92.977     0.0806     0.1355     3.9597     0.6962 1.0000e-12       2277     1.5806  0.000e+00
     23.460   71.20792 -157.99978     23.703     1.3860     1.3948     1.3850    32.0667    32.0989  1025.7761    25.6637    331.787    318.902  343.46365     96.600     92.893     0.0818     0.1428     3.9353     0.7209 8.4714e-06       2278     1.5813  0.000e+00
     23.422   71.20792 -157.99978     23.664     1.3811     1.3853     1.3801    32.0687    32.0998  1025.7778    25.6656    331.573    318.656  343.50175     96.527     92.799     0.0806     0.1355     3.9414     0.7147 1.0000e-12       2279     1.5819  0.000e+00
     23.460   71.20792 -157.99978     23.703     1.3769     1.3799     1.3759    32.0702    32.1017  1025.7796    25.6671    331.406    318.559  343.53423     96.470     92.760     0.0818     0.1428     3.9463     0.7098 8.4714e-06       2280     1.5826  0.000e+00
     23.476   71.20792 -157.99978     23.719     1.3752     1.3721     1.3742    32.0702    32.1061  1025.7798    25.6672    330.726    318.508  343.54911     96.268     92.730     0.0806     0.1355     3.9475     0.7085 1.0000e-12       2281     1.5833  0.000e+00
     23.514   71.20792 -157.99978     23.758     1.3719     1.3650     1.3709    32.0715    32.1075  1025.7812    25.6684    330.497    318.234  343.57421     96.194     92.634     0.0830     0.1502     3.9463     0.7098 1.0000e-12       2282     1.5840  0.000e+00
     23.537   71.20792 -157.99978     23.781     1.3689     1.3654     1.3679    32.0721    32.1051  1025.7819    25.6691    330.050    317.878  343.59915     96.057     92.530     0.0830     0.1502     3.9463     0.7098 1.0000e-12       2283     1.5847  0.000e+00
     23.514   71.20792 -157.99978     23.758     1.3665     1.3681     1.3655    32.0686    32.1023  1025.7792    25.6665    329.623    317.483  343.62956     95.924     92.419     0.0842     0.1575     3.9463     0.7098 1.0000e-12       2284     1.5854  0.000e+00
     23.537   71.20792 -157.99978     23.781     1.3567     1.3690     1.3557    32.0729    32.1014  1025.7833    25.6705    329.419    317.084  343.70414     95.844     92.304     0.0842     0.1575     3.9463     0.7098 1.0000e-12       2285     1.5861  0.000e+00
     23.630   71.20792 -157.99978     23.875     1.3508     1.3710     1.3498    32.0773    32.0990  1025.7877    25.6744    328.968    316.460  343.74448     95.701     92.125     0.0842     0.1575     3.9463     0.7098 1.0000e-12       2286     1.5868  0.000e+00
     23.591   71.20792 -157.99978     23.836     1.3502     1.3734     1.3492    32.0767    32.0976  1025.7871    25.6740    328.452    315.991  343.75090     95.549     91.994     0.0830     0.1502     3.9463     0.7098 1.0000e-12       2287     1.5875  0.000e+00
     23.630   71.20792 -157.99978     23.875     1.3516     1.3729     1.3506    32.0746    32.0976  1025.7855    25.6722    327.907    315.535  343.74446     95.393     91.860     0.0842     0.1575     3.9463     0.7098 1.0000e-12       2288     1.5882  0.000e+00
     23.591   71.20792 -157.99978     23.836     1.3514     1.3730     1.3504    32.0729    32.0970  1025.7840    25.6708    327.587    314.854  343.75038     95.298     91.661     0.0842     0.1575     3.9463     0.7098 1.0000e-12       2289     1.5889  0.000e+00
     23.692   71.20792 -157.99978     23.937     1.3472     1.3738     1.3462    32.0710    32.0968  1025.7832    25.6696    327.335    314.370  343.79254     95.213     91.522     0.0842     0.1575     3.9463     0.7098 1.0000e-12       2290     1.5896  0.000e+00
     23.707   71.20792 -157.99978     23.953     1.3429     1.3731     1.3419    32.0724    32.0967  1025.7846    25.6710    327.136    313.860  343.82658     95.146     91.372     0.0830     0.1502     3.9463     0.7098 8.4714e-06       2291     1.5903  0.000e+00
     23.692   71.20792 -157.99978     23.937     1.3448     1.3704     1.3438    32.0735    32.0975  1025.7853    25.6717    326.672    313.385  343.80732     95.016     91.228     0.0842     0.1575     3.9463     0.7098 1.0000e-12       2292     1.5910  0.000e+00
     23.707   71.20792 -157.99978     23.953     1.3468     1.3668     1.3458    32.0746    32.0972  1025.7862    25.6725    326.427    312.915  343.78689     94.950     91.083     0.0830     0.1502     3.9463     0.7098 8.4714e-06       2293     1.5917  0.000e+00
     23.692   71.20792 -157.99978     23.937     1.3495     1.3632     1.3484    32.0733    32.0977  1025.7849    25.6713    325.933    312.233  343.76675     94.812     90.876     0.0842     0.1575     3.9463     0.7098 1.0000e-12       2294     1.5924  0.000e+00
