EcoFOCI/data/1_SampleCollection/2023_SikuliaqDBO_CruiseData/CTD_raw_BottleFile_SKQ23-12S/proc/skq202312s_004.cnv
* Sea-Bird SBE 9 Data File:
* FileName = D:\CTD\SKQ202312S\SKQ202312S_004.hex
* Software Version Seasave V 7.26.7.121
* Temperature SN = 6177
* Conductivity SN = 0369
* Number of Bytes Per Scan = 41
* Number of Voltage Words = 4
* Number of Scans Averaged by the Deck Unit = 1
* NMEA Latitude = 62 13.13 N
* NMEA Longitude = 174 52.60 W
* NMEA UTC (Time) = Sep 15 2023  19:57:17
* NMEA baud rate = 4800
** Ship: R/V Sikuliaq
** Station Number: 004
** Station Name: DBO1.3
** Bottom Depth: 75
** Operator: SS
** Dry cast
# nquan = 24
# nvalues = 5544                                  
# units = specified
# name 0 = depSM: Depth [salt water, m]
# name 1 = latitude: Latitude [deg]
# name 2 = longitude: Longitude [deg]
# name 3 = prDM: Pressure, Digiquartz [db]
# name 4 = t090C: Temperature [ITS-90, deg C]
# name 5 = t190C: Temperature, 2 [ITS-90, deg C]
# name 6 = potemp090C: Potential Temperature [ITS-90, deg C]
# name 7 = sal00: Salinity, Practical [PSU]
# name 8 = sal11: Salinity, Practical, 2 [PSU]
# name 9 = density00: Density [density, kg/m^3]
# name 10 = sigma-é00: Density [sigma-theta, kg/m^3]
# name 11 = sbox0Mm/Kg: Oxygen, SBE 43 [umol/kg]
# name 12 = sbox1Mm/Kg: Oxygen, SBE 43, 2 [umol/kg]
# name 13 = oxsolMm/Kg: Oxygen Saturation, Garcia & Gordon [umol/kg]
# name 14 = sbeox0PS: Oxygen, SBE 43 [% saturation]
# name 15 = sbeox1PS: Oxygen, SBE 43, 2 [% saturation]
# name 16 = v0: Voltage 0
# name 17 = flECO-AFL: Fluorescence, WET Labs ECO-AFL/FL [mg/m^3]
# name 18 = v1: Voltage 1
# name 19 = CStarAt0: Beam Attenuation, WET Labs C-Star [1/m]
# name 20 = par: PAR/Irradiance, Biospherical/Licor
# name 21 = scan: Scan Count
# name 22 = timeM: Time, Elapsed [minutes]
# name 23 = flag:  0.000e+00
# span 0 =      0.971,     70.345                 
# span 1 =   62.21878,   62.21880                 
# span 2 = -174.87668, -174.87664                 
# span 3 =      0.980,     71.039                 
# span 4 =    -1.5485,     7.7793                 
# span 5 =    -1.5473,     7.7806                 
# span 6 =    -1.5496,     7.7777                 
# span 7 =    30.8130,    31.9066                 
# span 8 =    30.8229,    31.9223                 
# span 9 =  1024.0408,  1025.9989                 
# span 10 =    24.0293,    25.6608                
# span 11 =    282.429,    423.036                
# span 12 =    268.056,    397.249                
# span 13 =  297.08483,  371.46451                
# span 14 =     76.035,    119.545                
# span 15 =     72.172,    111.064                
# span 16 =     0.0586,     0.2711                
# span 17 =     0.0036,     1.2784                
# span 18 =     3.4847,     4.2625                
# span 19 =     0.4013,     1.2074                
# span 20 = 1.0000e-12, 4.8774e+02                
# span 21 =          1,       5544                
# span 22 =     0.0000,     3.8493                
# span 23 = 0.0000e+00, 0.0000e+00                
# interval = seconds: 0.0416667
# start_time = Sep 15 2023 20:01:28 [NMEA time, first data scan]
# bad_flag = -9.990e-29
*END*
[from data line 1631]
     12.937   62.21880 -174.87666     13.063     7.7664     7.7737     7.7652    30.8648    30.8850  1024.1206    24.0607    286.838    273.448  297.25954     96.494     92.018     0.2027     0.8681     4.0037     0.6520 2.1227e+01       1632     1.1326  0.000e+00
     12.999   62.21880 -174.87666     13.126     7.7642     7.7745     7.7630    30.8623    30.8854  1024.1193    24.0591    286.849    273.596  297.28004     96.491     92.070     0.2027     0.8681     4.0024     0.6532 2.1048e+01       1633     1.1333  0.000e+00
     12.999   62.21880 -174.87666     13.126     7.7629     7.7749     7.7616    30.8619    30.8866  1024.1191    24.0589    286.847    273.585  297.28999     96.487     92.068     0.2027     0.8681     4.0037     0.6520 2.0989e+01       1634     1.1340  0.000e+00
     13.022   62.21880 -174.87666     13.149     7.7622     7.7754     7.7610    30.8614    30.8880  1024.1189    24.0586    286.865    273.571  297.29550     96.491     92.065     0.2027     0.8681     4.0037     0.6520 2.0989e+01       1635     1.1347  0.000e+00
     13.053   62.21880 -174.87666     13.180     7.7616     7.7761     7.7604    30.8616    30.8885  1024.1193    24.0589    286.855    273.554  297.29896     96.487     92.062     0.2027     0.8681     4.0024     0.6532 2.0811e+01       1636     1.1354  0.000e+00
     13.053   62.21880 -174.87666     13.180     7.7614     7.7763     7.7602    30.8620    30.8886  1024.1197    24.0592    286.678    273.538  297.29944     96.427     92.056     0.2027     0.8681     4.0037     0.6520 2.0753e+01       1637     1.1361  0.000e+00
     13.115   62.21880 -174.87666     13.242     7.7615     7.7763     7.7602    30.8616    30.8883  1024.1196    24.0589    286.855    273.521  297.30005     96.487     92.051     0.2027     0.8681     4.0024     0.6532 2.0753e+01       1638     1.1368  0.000e+00
     13.138   62.21880 -174.87666     13.266     7.7609     7.7759     7.7597    30.8625    30.8881  1024.1205    24.0597    286.818    273.503  297.30168     96.474     92.044     0.2027     0.8681     4.0037     0.6520 2.0636e+01       1639     1.1375  0.000e+00
     13.169   62.21880 -174.87666     13.297     7.7610     7.7763     7.7597    30.8625    30.8881  1024.1206    24.0596    286.802    273.476  297.30147     96.468     92.035     0.2027     0.8681     4.0037     0.6520 2.0519e+01       1640     1.1382  0.000e+00
     13.169   62.21880 -174.87666     13.297     7.7606     7.7763     7.7594    30.8617    30.8881  1024.1201    24.0591    286.788    273.447  297.30544     96.463     92.026     0.2027     0.8681     4.0037     0.6520 2.0519e+01       1641     1.1389  0.000e+00
     13.169   62.21880 -174.87666     13.297     7.7604     7.7763     7.7592    30.8623    30.8882  1024.1206    24.0596    286.957    273.432  297.30545     96.519     92.020     0.2027     0.8681     4.0037     0.6520 2.0404e+01       1642     1.1396  0.000e+00
     13.254   62.21880 -174.87666     13.383     7.7621     7.7756     7.7609    30.8664    30.8877  1024.1239    24.0625    286.757    273.422  297.28534     96.458     92.015     0.2027     0.8681     4.0037     0.6520 2.0346e+01       1643     1.1403  0.000e+00
     13.223   62.21880 -174.87666     13.351     7.7664     7.7747     7.7652    30.8700    30.8864  1024.1260    24.0648    286.883    273.409  297.24840     96.513     92.008     0.2039     0.8754     4.0037     0.6520 2.0346e+01       1644     1.1410  0.000e+00
     13.285   62.21880 -174.87666     13.414     7.7689     7.7727     7.7677    30.8712    30.8846  1024.1269    24.0654    286.678    273.421  297.22889     96.450     92.007     0.2027     0.8681     4.0037     0.6520 2.0289e+01       1645     1.1417  0.000e+00
     13.285   62.21880 -174.87666     13.414     7.7701     7.7713     7.7689    30.8709    30.8823  1024.1265    24.0650    286.910    273.426  297.22156     96.531     92.004     0.2027     0.8681     4.0037     0.6520 2.0231e+01       1646     1.1424  0.000e+00
     13.369   62.21880 -174.87666     13.499     7.7698     7.7698     7.7685    30.8684    30.8809  1024.1250    24.0631    286.922    273.431  297.22934     96.532     92.002     0.2027     0.8681     4.0024     0.6532 2.0231e+01       1647     1.1431  0.000e+00
     13.285   62.21880 -174.87666     13.414     7.7690     7.7695     7.7677    30.8666    30.8801  1024.1233    24.0618    286.954    273.419  297.23864     96.540     91.997     0.2039     0.8754     4.0037     0.6520 2.0174e+01       1648     1.1438  0.000e+00
     13.339   62.21880 -174.87666     13.468     7.7688     7.7692     7.7676    30.8688    30.8802  1024.1253    24.0635    286.763    273.408  297.23481     96.477     91.992     0.2027     0.8681     4.0037     0.6520 2.0117e+01       1649     1.1444  0.000e+00
     13.400   62.21880 -174.87666     13.531     7.7698     7.7693     7.7685    30.8717    30.8801  1024.1277    24.0656    286.750    273.393  297.22232     96.477     91.987     0.2027     0.8681     4.0037     0.6520 2.0060e+01       1650     1.1451  0.000e+00
     13.369   62.21880 -174.87666     13.499     7.7711     7.7684     7.7699    30.8730    30.8795  1024.1284    24.0665    286.922    273.550  297.21028     96.538     92.038     0.2027     0.8681     4.0037     0.6520 2.0060e+01       1651     1.1458  0.000e+00
     13.400   62.21880 -174.87666     13.531     7.7718     7.7673     7.7706    30.8739    30.8784  1024.1292    24.0671    286.937    273.386  297.20340     96.546     91.980     0.2027     0.8681     4.0037     0.6520 2.0004e+01       1652     1.1465  0.000e+00
     13.454   62.21880 -174.87666     13.585     7.7719     7.7667     7.7706    30.8746    30.8778  1024.1300    24.0676    286.933    273.370  297.20155     96.545     91.972     0.2027     0.8681     4.0037     0.6520 2.0004e+01       1653     1.1472  0.000e+00
     13.400   62.21880 -174.87666     13.531     7.7720     7.7662     7.7708    30.8756    30.8779  1024.1305    24.0684    287.133    273.345  297.19832     96.613     91.963     0.2027     0.8681     4.0037     0.6520 1.9947e+01       1654     1.1479  0.000e+00
     13.477   62.21880 -174.87666     13.608     7.7720     7.7663     7.7707    30.8753    30.8789  1024.1306    24.0682    286.991    273.317  297.19927     96.565     91.955     0.2063     0.8901     4.0037     0.6520 1.9947e+01       1655     1.1486  0.000e+00
     13.454   62.21880 -174.87666     13.585     7.7720     7.7673     7.7708    30.8749    30.8794  1024.1302    24.0679    287.006    273.279  297.19988     96.570     91.945     0.2100     0.9121     4.0037     0.6520 1.9947e+01       1656     1.1493  0.000e+00
     13.516   62.21880 -174.87666     13.647     7.7722     7.7676     7.7709    30.8743    30.8792  1024.1299    24.0673    287.023    273.435  297.20025     96.576     91.997     0.2100     0.9121     4.0037     0.6520 1.9947e+01       1657     1.1500  0.000e+00
     13.454   62.21880 -174.87666     13.585     7.7719     7.7674     7.7706    30.8728    30.8781  1024.1285    24.0662    287.040    273.419  297.20543     96.580     91.991     0.2100     0.9121     4.0037     0.6520 1.9947e+01       1658     1.1507  0.000e+00
     13.539   62.21880 -174.87666     13.671     7.7712     7.7668     7.7700    30.8698    30.8770  1024.1267    24.0640    287.066    273.425  297.21631     96.585     91.991     0.2100     0.9121     4.0037     0.6520 1.9947e+01       1659     1.1514  0.000e+00
     13.570   62.21880 -174.87666     13.702     7.7693     7.7665     7.7680    30.8681    30.8765  1024.1258    24.0629    287.097    273.423  297.23336     96.590     91.989     0.2100     0.9121     4.0037     0.6520 1.9947e+01       1660     1.1521  0.000e+00
     13.516   62.21880 -174.87666     13.647     7.7672     7.7660     7.7660    30.8677    30.8764  1024.1255    24.0629    287.121    273.418  297.24795     96.593     91.986     0.2100     0.9121     4.0037     0.6520 1.9947e+01       1661     1.1528  0.000e+00
     13.539   62.21880 -174.87666     13.671     7.7660     7.7650     7.7647    30.8671    30.8765  1024.1253    24.0626    287.141    273.432  297.25760     96.597     91.989     0.2100     0.9121     4.0037     0.6520 1.9947e+01       1662     1.1535  0.000e+00
     13.570   62.21880 -174.87666     13.702     7.7651     7.7646     7.7639    30.8668    30.8765  1024.1253    24.0625    287.157    273.426  297.26391     96.600     91.986     0.2100     0.9121     4.0037     0.6520 1.9947e+01       1663     1.1542  0.000e+00
     13.570   62.21880 -174.87666     13.702     7.7649     7.7647     7.7637    30.8665    30.8758  1024.1251    24.0622    287.166    273.413  297.26598     96.603     91.982     0.2100     0.9121     4.0037     0.6520 2.0004e+01       1664     1.1549  0.000e+00
     13.570   62.21880 -174.87666     13.702     7.7649     7.7641     7.7636    30.8664    30.8758  1024.1250    24.0621    287.173    273.420  297.26662     96.605     91.983     0.2112     0.9194     4.0037     0.6520 2.0004e+01       1665     1.1556  0.000e+00
     13.655   62.21880 -174.87666     13.788     7.7648     7.7631     7.7635    30.8659    30.8760  1024.1251    24.0618    287.183    273.429  297.26821     96.607     91.984     0.2100     0.9121     4.0037     0.6520 2.0004e+01       1666     1.1563  0.000e+00
     13.570   62.21880 -174.87666     13.702     7.7645     7.7628     7.7633    30.8644    30.8760  1024.1235    24.0607    287.002    273.428  297.27313     96.545     91.983     0.2112     0.9194     4.0037     0.6520 2.0004e+01       1667     1.1569  0.000e+00
     13.686   62.21880 -174.87666     13.819     7.7636     7.7629     7.7624    30.8624    30.8754  1024.1226    24.0592    287.183    273.430  297.28349     96.603     91.983     0.2100     0.9121     4.0037     0.6520 2.0117e+01       1668     1.1576  0.000e+00
     13.624   62.21880 -174.87666     13.756     7.7620     7.7626     7.7607    30.8624    30.8741  1024.1226    24.0595    287.196    273.429  297.29490     96.603     91.982     0.2100     0.9121     4.0037     0.6520 2.0060e+01       1669     1.1583  0.000e+00
     13.593   62.21880 -174.87666     13.725     7.7604     7.7622     7.7592    30.8619    30.8730  1024.1222    24.0593    286.834    273.598  297.30641     96.478     92.037     0.2100     0.9121     4.0037     0.6520 2.0117e+01       1670     1.1590  0.000e+00
     13.686   62.21880 -174.87666     13.819     7.7593     7.7622     7.7581    30.8601    30.8719  1024.1214    24.0580    287.178    273.613  297.31771     96.590     92.041     0.2112     0.9194     4.0024     0.6532 2.0174e+01       1671     1.1597  0.000e+00
     13.624   62.21880 -174.87666     13.756     7.7580     7.7618     7.7568    30.8583    30.8713  1024.1198    24.0567    287.191    273.622  297.33038     96.590     92.043     0.2100     0.9121     4.0024     0.6532 2.0174e+01       1672     1.1604  0.000e+00
     13.686   62.21880 -174.87666     13.819     7.7570     7.7615     7.7558    30.8570    30.8714  1024.1192    24.0558    287.016    273.631  297.33991     96.528     92.046     0.2100     0.9121     4.0037     0.6520 2.0231e+01       1673     1.1611  0.000e+00
     13.655   62.21880 -174.87666     13.788     7.7566     7.7612     7.7553    30.8567    30.8714  1024.1190    24.0557    287.183    273.636  297.34346     96.583     92.046     0.2100     0.9121     4.0024     0.6532 2.0289e+01       1674     1.1618  0.000e+00
     13.624   62.21880 -174.87666     13.756     7.7556     7.7610     7.7543    30.8569    30.8712  1024.1191    24.0560    287.162    273.807  297.34973     96.574     92.104     0.2112     0.9194     4.0037     0.6520 2.0289e+01       1675     1.1625  0.000e+00
     13.686   62.21880 -174.87666     13.819     7.7554     7.7607     7.7542    30.8559    30.8705  1024.1186    24.0552    287.166    273.675  297.35296     96.574     92.058     0.2100     0.9121     4.0037     0.6520 2.0346e+01       1676     1.1632  0.000e+00
     13.686   62.21880 -174.87666     13.819     7.7551     7.7602     7.7538    30.8558    30.8702  1024.1186    24.0552    287.165    273.693  297.35551     96.573     92.063     0.2100     0.9121     4.0037     0.6520 2.0404e+01       1677     1.1639  0.000e+00
     13.655   62.21880 -174.87666     13.788     7.7552     7.7599     7.7539    30.8555    30.8698  1024.1182    24.0550    287.160    273.708  297.35572     96.571     92.067     0.2100     0.9121     4.0037     0.6520 2.0461e+01       1678     1.1646  0.000e+00
     13.686   62.21880 -174.87666     13.819     7.7550     7.7594     7.7537    30.8558    30.8695  1024.1186    24.0553    287.157    273.877  297.35639     96.570     92.122     0.2100     0.9121     4.0037     0.6520 2.0461e+01       1679     1.1653  0.000e+00
     13.686   62.21880 -174.87666     13.819     7.7548     7.7589     7.7535    30.8556    30.8687  1024.1185    24.0551    287.152    273.907  297.35782     96.568     92.131     0.2100     0.9121     4.0037     0.6520 2.0519e+01       1680     1.1660  0.000e+00
     13.686   62.21880 -174.87666     13.819     7.7547     7.7580     7.7534    30.8550    30.8669  1024.1180    24.0547    287.147    273.923  297.36020     96.566     92.133     0.2173     0.9560     4.0024     0.6532 2.0577e+01       1681     1.1667  0.000e+00
     13.709   62.21880 -174.87666     13.842     7.7542     7.7568     7.7529    30.8543    30.8649  1024.1176    24.0541    287.145    273.956  297.36516     96.563     92.140     0.2198     0.9707     4.0037     0.6520 2.0577e+01       1682     1.1674  0.000e+00
     13.740   62.21880 -174.87666     13.873     7.7538     7.7559     7.7525    30.8539    30.8644  1024.1175    24.0539    287.140    273.812  297.36837     96.560     92.090     0.2198     0.9707     4.0024     0.6532 2.0636e+01       1683     1.1681  0.000e+00
     13.624   62.21880 -174.87666     13.756     7.7538     7.7554     7.7525    30.8541    30.8643  1024.1172    24.0541    287.125    273.812  297.36778     96.556     92.089     0.2198     0.9707     4.0024     0.6532 2.0694e+01       1684     1.1688  0.000e+00
     13.709   62.21880 -174.87666     13.842     7.7540     7.7556     7.7527    30.8548    30.8646  1024.1181    24.0546    287.114    273.813  297.36492     96.553     92.090     0.2198     0.9707     4.0037     0.6520 2.0694e+01       1685     1.1694  0.000e+00
     13.686   62.21880 -174.87666     13.819     7.7542     7.7559     7.7529    30.8546    30.8657  1024.1178    24.0544    287.074    273.976  297.36450     96.539     92.146     0.2210     0.9780     4.0037     0.6520 2.0753e+01       1686     1.1701  0.000e+00
     13.686   62.21880 -174.87666     13.819     7.7543     7.7565     7.7530    30.8545    30.8663  1024.1177    24.0543    287.059    273.983  297.36354     96.535     92.150     0.2198     0.9707     4.0024     0.6532 2.0811e+01       1687     1.1708  0.000e+00
     13.685   62.21880 -174.87666     13.819     7.7547     7.7567     7.7534    30.8553    30.8667  1024.1183    24.0549    286.851    273.821  297.35957     96.466     92.096     0.2210     0.9780     4.0024     0.6532 2.0811e+01       1688     1.1715  0.000e+00
     13.709   62.21880 -174.87666     13.842     7.7548     7.7575     7.7535    30.8561    30.8672  1024.1190    24.0555    286.809    273.808  297.35681     96.453     92.094     0.2198     0.9707     4.0012     0.6544 2.0930e+01       1689     1.1722  0.000e+00
     13.685   62.21880 -174.87666     13.819     7.7551     7.7577     7.7538    30.8565    30.8685  1024.1192    24.0558    286.952    273.794  297.35392     96.502     92.090     0.2210     0.9780     4.0012     0.6544 2.0989e+01       1690     1.1729  0.000e+00
