EcoFOCI/data/1_SampleCollection/2023_SikuliaqDBO_CruiseData/CTD_raw_BottleFile_SKQ23-12S/proc/skq202312s_015.cnv
* Sea-Bird SBE 9 Data File:
* FileName = D:\CTD\SKQ202312S\SKQ202312S_015.hex
* Software Version Seasave V 7.26.7.121
* Temperature SN = 6177
* Conductivity SN = 0369
* Number of Bytes Per Scan = 41
* Number of Voltage Words = 4
* Number of Scans Averaged by the Deck Unit = 1
* NMEA Latitude = 64 40.48 N
* NMEA Longitude = 169 28.25 W
* NMEA UTC (Time) = Sep 17 2023  12:08:54
* NMEA baud rate = 4800
** Ship: R/V Sikuliaq
** Station Number: 015
** Station Name: DBO2.1A
** Bottom Depth: 44
** Operator: Bern
# nquan = 24
# nvalues = 3941                                  
# units = specified
# name 0 = depSM: Depth [salt water, m]
# name 1 = latitude: Latitude [deg]
# name 2 = longitude: Longitude [deg]
# name 3 = prDM: Pressure, Digiquartz [db]
# name 4 = t090C: Temperature [ITS-90, deg C]
# name 5 = t190C: Temperature, 2 [ITS-90, deg C]
# name 6 = potemp090C: Potential Temperature [ITS-90, deg C]
# name 7 = sal00: Salinity, Practical [PSU]
# name 8 = sal11: Salinity, Practical, 2 [PSU]
# name 9 = density00: Density [density, kg/m^3]
# name 10 = sigma-é00: Density [sigma-theta, kg/m^3]
# name 11 = sbox0Mm/Kg: Oxygen, SBE 43 [umol/kg]
# name 12 = sbox1Mm/Kg: Oxygen, SBE 43, 2 [umol/kg]
# name 13 = oxsolMm/Kg: Oxygen Saturation, Garcia & Gordon [umol/kg]
# name 14 = sbeox0PS: Oxygen, SBE 43 [% saturation]
# name 15 = sbeox1PS: Oxygen, SBE 43, 2 [% saturation]
# name 16 = v0: Voltage 0
# name 17 = flECO-AFL: Fluorescence, WET Labs ECO-AFL/FL [mg/m^3]
# name 18 = v1: Voltage 1
# name 19 = CStarAt0: Beam Attenuation, WET Labs C-Star [1/m]
# name 20 = par: PAR/Irradiance, Biospherical/Licor
# name 21 = scan: Scan Count
# name 22 = timeM: Time, Elapsed [minutes]
# name 23 = flag:  0.000e+00
# span 0 =      1.660,     39.630                 
# span 1 =   64.67388,   64.67418                 
# span 2 = -169.47154, -169.47120                 
# span 3 =      1.676,     40.026                 
# span 4 =     1.9563,     2.5748                 
# span 5 =     1.9573,     2.5759                 
# span 6 =     1.9544,     2.5738                 
# span 7 =    31.9284,    32.7519                 
# span 8 =    31.9263,    32.7624                 
# span 9 =  1025.4985,  1026.3629                 
# span 10 =    25.4832,    26.1741                
# span 11 =    242.033,    329.595                
# span 12 =    232.946,    315.416                
# span 13 =  332.31199,  338.33349                
# span 14 =     71.887,     97.655                
# span 15 =     69.187,     93.367                
# span 16 =     0.1587,     0.4969                
# span 17 =     0.6044,     2.6337                
# span 18 =     3.3162,     3.9109                
# span 19 =     0.7458,     1.4058                
# span 20 = 1.0000e-12, 6.4209e-01                
# span 21 =          1,       3941                
# span 22 =     0.0000,     2.7361                
# span 23 = 0.0000e+00, 0.0000e+00                
# interval = seconds: 0.0416667
# start_time = Sep 17 2023 12:12:19 [NMEA time, first data scan]
# bad_flag = -9.990e-29
*END*
[from data line 3442]
     34.479   64.67390 -169.47152     34.823     1.9750     1.9735     1.9733    32.7210    32.7351  1026.3124    26.1480    246.951    235.023  336.67680     73.350     69.812     0.1880     0.7802     3.7399     0.9247 1.0000e-12       3443     2.3903  0.000e+00
     34.479   64.67390 -169.47152     34.823     1.9747     1.9735     1.9730    32.7220    32.7350  1026.3133    26.1488    246.830    235.041  336.67701     73.314     69.817     0.1893     0.7875     3.7399     0.9247 1.0000e-12       3444     2.3910  0.000e+00
     34.464   64.67390 -169.47152     34.807     1.9743     1.9735     1.9727    32.7224    32.7353  1026.3136    26.1492    246.820    235.258  336.67867     73.310     69.881     0.1880     0.7802     3.7399     0.9247 1.0000e-12       3445     2.3917  0.000e+00
     34.479   64.67390 -169.47152     34.823     1.9745     1.9735     1.9728    32.7221    32.7356  1026.3133    26.1489    246.806    235.091  336.67817     73.306     69.832     0.1880     0.7802     3.7399     0.9247 8.4714e-06       3446     2.3924  0.000e+00
     34.533   64.67390 -169.47152     34.877     1.9741     1.9735     1.9724    32.7224    32.7354  1026.3139    26.1492    246.793    235.303  336.68109     73.302     69.895     0.1880     0.7802     3.7399     0.9247 1.0000e-12       3447     2.3931  0.000e+00
     34.464   64.67390 -169.47152     34.807     1.9739     1.9734     1.9722    32.7229    32.7355  1026.3140    26.1497    246.771    235.330  336.68152     73.295     69.903     0.1880     0.7802     3.7399     0.9247 1.0000e-12       3448     2.3937  0.000e+00
     34.479   64.67390 -169.47152     34.823     1.9734     1.9737     1.9717    32.7237    32.7354  1026.3147    26.1503    246.789    235.354  336.68322     73.300     69.910     0.1880     0.7802     3.7399     0.9247 1.0000e-12       3449     2.3944  0.000e+00
     34.533   64.67390 -169.47152     34.877     1.9737     1.9735     1.9720    32.7240    32.7357  1026.3152    26.1505    246.802    235.376  336.68024     73.305     69.917     0.1880     0.7802     3.7399     0.9247 1.0000e-12       3450     2.3951  0.000e+00
     34.464   64.67390 -169.47152     34.807     1.9737     1.9737     1.9720    32.7228    32.7353  1026.3139    26.1495    246.815    235.390  336.68331     73.308     69.921     0.1868     0.7729     3.7399     0.9247 8.4714e-06       3451     2.3958  0.000e+00
     34.533   64.67390 -169.47152     34.877     1.9734     1.9737     1.9717    32.7231    32.7354  1026.3145    26.1498    246.829    235.404  336.68478     73.312     69.925     0.1880     0.7802     3.7399     0.9247 1.0000e-12       3452     2.3965  0.000e+00
     34.479   64.67390 -169.47152     34.823     1.9737     1.9735     1.9720    32.7232    32.7358  1026.3143    26.1499    247.061    235.411  336.68228     73.381     69.927     0.1893     0.7875     3.7411     0.9234 1.0000e-12       3453     2.3972  0.000e+00
     34.526   64.67390 -169.47152     34.870     1.9734     1.9735     1.9717    32.7240    32.7357  1026.3151    26.1505    246.881    235.416  336.68255     73.328     69.929     0.1880     0.7802     3.7399     0.9247 1.0000e-12       3454     2.3979  0.000e+00
     34.479   64.67390 -169.47152     34.823     1.9733     1.9735     1.9716    32.7243    32.7358  1026.3152    26.1507    246.885    235.415  336.68322     73.329     69.928     0.1893     0.7875     3.7399     0.9247 1.0000e-12       3455     2.3986  0.000e+00
     34.580   64.67390 -169.47152     34.924     1.9737     1.9737     1.9720    32.7238    32.7355  1026.3152    26.1503    246.889    235.413  336.68031     73.330     69.928     0.1880     0.7802     3.7399     0.9247 1.0000e-12       3456     2.3993  0.000e+00
     34.479   64.67390 -169.47152     34.823     1.9734     1.9737     1.9717    32.7239    32.7356  1026.3149    26.1504    246.889    235.402  336.68280     73.330     69.925     0.1880     0.7802     3.7399     0.9247 1.0000e-12       3457     2.4000  0.000e+00
     34.595   64.67390 -169.47152     34.940     1.9733     1.9737     1.9716    32.7240    32.7352  1026.3155    26.1505    246.894    235.394  336.68392     73.331     69.922     0.1880     0.7802     3.7399     0.9247 1.0000e-12       3458     2.4007  0.000e+00
     34.526   64.67390 -169.47152     34.870     1.9731     1.9738     1.9715    32.7243    32.7351  1026.3154    26.1508    246.439    235.375  336.68403     73.196     69.917     0.1880     0.7802     3.7399     0.9247 1.0000e-12       3459     2.4014  0.000e+00
     34.533   64.67390 -169.47152     34.877     1.9728     1.9739     1.9711    32.7248    32.7352  1026.3159    26.1512    246.817    235.354  336.68594     73.308     69.911     0.1868     0.7729     3.7387     0.9260 1.0000e-12       3460     2.4021  0.000e+00
     34.533   64.67390 -169.47152     34.877     1.9730     1.9739     1.9713    32.7248    32.7350  1026.3158    26.1512    247.079    235.330  336.68425     73.386     69.903     0.1880     0.7802     3.7363     0.9286 1.0000e-12       3461     2.4028  0.000e+00
     34.641   64.67390 -169.47152     34.987     1.9728     1.9740     1.9711    32.7248    32.7350  1026.3164    26.1512    247.118    235.304  336.68588     73.397     69.896     0.1893     0.7875     3.7350     0.9299 1.0000e-12       3462     2.4035  0.000e+00
     34.533   64.67390 -169.47152     34.877     1.9728     1.9739     1.9711    32.7251    32.7347  1026.3161    26.1515    247.067    235.269  336.68467     73.382     69.885     0.1893     0.7875     3.7350     0.9299 1.0000e-12       3463     2.4042  0.000e+00
     34.595   64.67390 -169.47154     34.940     1.9728     1.9739     1.9711    32.7251    32.7351  1026.3165    26.1515    247.055    235.234  336.68507     73.379     69.875     0.1905     0.7949     3.7350     0.9299 1.0000e-12       3464     2.4049  0.000e+00
     34.641   64.67390 -169.47154     34.987     1.9727     1.9738     1.9710    32.7253    32.7351  1026.3168    26.1516    246.812    235.221  336.68556     73.306     69.871     0.1893     0.7875     3.7350     0.9299 1.0000e-12       3465     2.4056  0.000e+00
     34.595   64.67390 -169.47154     34.940     1.9726     1.9737     1.9709    32.7253    32.7355  1026.3166    26.1516    247.056    235.402  336.68602     73.379     69.925     0.1893     0.7875     3.7350     0.9299 1.0000e-12       3466     2.4063  0.000e+00
     34.595   64.67390 -169.47154     34.940     1.9726     1.9737     1.9709    32.7254    32.7356  1026.3167    26.1517    246.845    235.405  336.68581     73.316     69.925     0.1893     0.7875     3.7350     0.9299 1.0000e-12       3467     2.4069  0.000e+00
     34.641   64.67390 -169.47154     34.986     1.9725     1.9735     1.9708    32.7252    32.7358  1026.3167    26.1515    246.825    235.404  336.68735     73.310     69.925     0.1893     0.7875     3.7350     0.9299 1.0000e-12       3468     2.4076  0.000e+00
     34.649   64.67390 -169.47154     34.994     1.9726     1.9737     1.9709    32.7255    32.7353  1026.3170    26.1518    246.798    235.399  336.68557     73.302     69.924     0.1880     0.7802     3.7350     0.9299 1.0000e-12       3469     2.4083  0.000e+00
     34.703   64.67390 -169.47154     35.049     1.9728     1.9735     1.9711    32.7251    32.7356  1026.3169    26.1514    246.772    235.390  336.68481     73.295     69.921     0.1893     0.7875     3.7350     0.9299 1.0000e-12       3470     2.4090  0.000e+00
     34.641   64.67390 -169.47154     34.986     1.9728     1.9737     1.9711    32.7250    32.7356  1026.3165    26.1513    246.968    235.172  336.68556     73.353     69.856     0.1893     0.7875     3.7350     0.9299 1.0000e-12       3471     2.4097  0.000e+00
     34.765   64.67390 -169.47154     35.111     1.9725     1.9735     1.9708    32.7255    32.7358  1026.3175    26.1518    246.980    235.134  336.68658     73.356     69.845     0.1893     0.7875     3.7350     0.9299 1.0000e-12       3472     2.4104  0.000e+00
     34.695   64.67390 -169.47154     35.041     1.9728     1.9735     1.9711    32.7252    32.7357  1026.3170    26.1515    246.979    235.289  336.68490     73.356     69.891     0.1905     0.7949     3.7350     0.9299 1.0000e-12       3473     2.4111  0.000e+00
     34.703   64.67390 -169.47154     35.049     1.9726     1.9734     1.9709    32.7255    32.7360  1026.3172    26.1518    246.754    235.265  336.68565     73.289     69.884     0.1893     0.7875     3.7350     0.9299 1.0000e-12       3474     2.4118  0.000e+00
     34.765   64.67390 -169.47154     35.111     1.9727     1.9735     1.9710    32.7251    32.7359  1026.3172    26.1515    246.943    235.062  336.68616     73.345     69.824     0.1905     0.7949     3.7350     0.9299 1.0000e-12       3475     2.4125  0.000e+00
     34.749   64.67390 -169.47154     35.096     1.9728     1.9734     1.9711    32.7252    32.7360  1026.3172    26.1515    246.937    235.234  336.68498     73.344     69.875     0.1893     0.7875     3.7350     0.9299 1.0000e-12       3476     2.4132  0.000e+00
     34.765   64.67390 -169.47154     35.111     1.9727     1.9735     1.9710    32.7251    32.7361  1026.3172    26.1515    246.970    235.024  336.68616     73.353     69.812     0.1893     0.7875     3.7350     0.9299 1.0000e-12       3477     2.4139  0.000e+00
     34.819   64.67390 -169.47154     35.166     1.9726     1.9734     1.9709    32.7251    32.7363  1026.3175    26.1515    247.041    235.167  336.68655     73.374     69.855     0.1880     0.7802     3.7350     0.9299 1.0000e-12       3478     2.4146  0.000e+00
     34.749   64.67390 -169.47154     35.096     1.9727     1.9733     1.9710    32.7253    32.7364  1026.3173    26.1516    247.029    235.126  336.68572     73.371     69.843     0.1893     0.7875     3.7350     0.9299 8.4714e-06       3479     2.4153  0.000e+00
     34.819   64.67390 -169.47154     35.166     1.9728     1.9732     1.9711    32.7251    32.7365  1026.3175    26.1515    247.018    235.110  336.68508     73.368     69.838     0.1880     0.7802     3.7338     0.9312 1.0000e-12       3480     2.4160  0.000e+00
     34.819   64.67390 -169.47154     35.166     1.9725     1.9733     1.9708    32.7257    32.7366  1026.3180    26.1520    247.003    235.088  336.68592     73.363     69.831     0.1893     0.7875     3.7277     0.9377 1.0000e-12       3481     2.4167  0.000e+00
     34.865   64.67390 -169.47154     35.212     1.9728     1.9731     1.9711    32.7257    32.7370  1026.3182    26.1519    246.984    235.066  336.68377     73.358     69.825     0.1905     0.7949     3.7241     0.9417 1.0000e-12       3482     2.4174  0.000e+00
     34.880   64.67390 -169.47154     35.228     1.9726     1.9730     1.9709    32.7261    32.7373  1026.3186    26.1523    246.963    235.064  336.68390     73.351     69.824     0.1893     0.7875     3.7241     0.9417 1.0000e-12       3483     2.4181  0.000e+00
     34.880   64.67390 -169.47154     35.228     1.9725     1.9731     1.9708    32.7260    32.7373  1026.3186    26.1522    246.978    235.060  336.68506     73.356     69.823     0.1905     0.7949     3.7241     0.9417 1.0000e-12       3484     2.4188  0.000e+00
     34.927   64.67390 -169.47154     35.275     1.9724     1.9729     1.9707    32.7261    32.7380  1026.3188    26.1523    246.992    235.055  336.68544     73.360     69.822     0.1893     0.7875     3.7241     0.9417 1.0000e-12       3485     2.4194  0.000e+00
     34.880   64.67390 -169.47154     35.228     1.9725     1.9729     1.9708    32.7266    32.7376  1026.3190    26.1527    247.000    234.844  336.68358     73.363     69.759     0.1893     0.7875     3.7241     0.9417 1.0000e-12       3486     2.4201  0.000e+00
     34.934   64.67390 -169.47154     35.283     1.9722     1.9729     1.9705    32.7270    32.7375  1026.3196    26.1530    247.013    234.813  336.68534     73.366     69.749     0.1893     0.7875     3.7241     0.9417 8.4714e-06       3487     2.4208  0.000e+00
     34.927   64.67390 -169.47154     35.275     1.9725     1.9729     1.9708    32.7268    32.7374  1026.3194    26.1528    246.979    234.979  336.68322     73.357     69.799     0.1893     0.7875     3.7241     0.9417 1.0000e-12       3488     2.4215  0.000e+00
     34.996   64.67390 -169.47154     35.345     1.9720     1.9730     1.9703    32.7274    32.7375  1026.3202    26.1533    246.537    234.968  336.68585     73.225     69.796     0.1880     0.7802     3.7241     0.9417 1.0000e-12       3489     2.4222  0.000e+00
     34.934   64.67390 -169.47154     35.283     1.9722     1.9731     1.9705    32.7271    32.7371  1026.3197    26.1531    246.917    234.952  336.68503     73.338     69.791     0.1880     0.7802     3.7241     0.9417 8.4714e-06       3490     2.4229  0.000e+00
     34.981   64.67390 -169.47154     35.329     1.9721     1.9729     1.9703    32.7275    32.7374  1026.3202    26.1534    246.923    234.737  336.68499     73.340     69.727     0.1868     0.7729     3.7241     0.9417 1.0000e-12       3491     2.4236  0.000e+00
     34.996   64.67390 -169.47154     35.345     1.9720     1.9729     1.9703    32.7271    32.7376  1026.3200    26.1531    246.928    234.896  336.68638     73.341     69.774     0.1880     0.7802     3.7253     0.9404 1.0000e-12       3492     2.4243  0.000e+00
     35.050   64.67390 -169.47154     35.399     1.9722     1.9730     1.9704    32.7271    32.7376  1026.3202    26.1531    246.479    234.878  336.68519     73.207     69.769     0.1893     0.7875     3.7241     0.9417 1.0000e-12       3493     2.4250  0.000e+00
     35.042   64.67390 -169.47154     35.392     1.9722     1.9728     1.9704    32.7269    32.7378  1026.3200    26.1529    247.084    234.883  336.68571     73.387     69.770     0.1880     0.7802     3.7241     0.9417 1.0000e-12       3494     2.4257  0.000e+00
     34.996   64.67390 -169.47154     35.345     1.9722     1.9730     1.9705    32.7269    32.7376  1026.3198    26.1529    246.668    234.656  336.68564     73.264     69.703     0.1893     0.7875     3.7241     0.9417 1.0000e-12       3495     2.4264  0.000e+00
     35.050   64.67390 -169.47154     35.399     1.9722     1.9729     1.9704    32.7270    32.7377  1026.3202    26.1530    246.632    234.636  336.68530     73.253     69.697     0.1880     0.7802     3.7241     0.9417 1.0000e-12       3496     2.4271  0.000e+00
     35.042   64.67390 -169.47154     35.392     1.9722     1.9730     1.9704    32.7272    32.7371  1026.3203    26.1531    246.594    234.614  336.68497     73.242     69.690     0.1880     0.7802     3.7241     0.9417 1.0000e-12       3497     2.4278  0.000e+00
     35.104   64.67390 -169.47154     35.454     1.9722     1.9731     1.9704    32.7273    32.7373  1026.3206    26.1532    247.009    234.794  336.68464     73.365     69.744     0.1880     0.7802     3.7241     0.9417 8.4714e-06       3498     2.4285  0.000e+00
     34.981   64.67390 -169.47154     35.329     1.9723     1.9730     1.9706    32.7272    32.7376  1026.3200    26.1531    246.814    234.791  336.68404     73.307     69.743     0.1880     0.7802     3.7241     0.9417 1.0000e-12       3499     2.4292  0.000e+00
     35.166   64.67390 -169.47154     35.516     1.9721     1.9729     1.9703    32.7271    32.7371  1026.3208    26.1531    246.817    234.799  336.68599     73.308     69.745     0.1880     0.7802     3.7241     0.9417 1.0000e-12       3500     2.4299  0.000e+00
     35.104   64.67390 -169.47154     35.454     1.9722     1.9732     1.9704    32.7269    32.7370  1026.3204    26.1530    246.808    234.794  336.68559     73.305     69.744     0.1880     0.7802     3.7350     0.9299 1.0000e-12       3501     2.4306  0.000e+00
