EcoFOCI/data/1_SampleCollection/2023_SikuliaqDBO_CruiseData/CTD_raw_BottleFile_SKQ23-12S/proc/skq202312s_023svp.cnv
* Sea-Bird SBE 9 Data File:
* FileName = D:\CTD\SKQ202312S\SKQ202312S_023.hex
* Software Version Seasave V 7.26.7.121
* Temperature SN = 6177
* Conductivity SN = 0369
* Number of Bytes Per Scan = 41
* Number of Voltage Words = 4
* Number of Scans Averaged by the Deck Unit = 1
* NMEA Latitude = 64 57.70 N
* NMEA Longitude = 169 53.01 W
* NMEA UTC (Time) = Sep 18 2023  07:03:01
* NMEA baud rate = 4800
** Ship: R/V Sikuliaq
** Station Number: 023
** Station Name: DBO2.4
** Bottom Depth: 48
** Operator: SD
# nquan = 7
# nvalues = 5745                                  
# units = specified
# name 0 = depSM: Depth [salt water, m]
# name 1 = latitude: Latitude [deg]
# name 2 = longitude: Longitude [deg]
# name 3 = t090C: Temperature [ITS-90, deg C]
# name 4 = sal00: Salinity, Practical [PSU]
# name 5 = svCM: Sound Velocity [Chen-Millero, m/s]
# name 6 = flag:  0.000e+00
# span 0 =      2.982,     42.925                 
# span 1 =   64.96160,   64.96168                 
# span 2 = -169.88358, -169.88352                 
# span 3 =     1.2940,     3.3595                 
# span 4 =    31.7597,    32.8509                 
# span 5 =    1451.11,    1461.55                 
# span 6 = 0.0000e+00, 0.0000e+00                 
# interval = seconds: 0.0416667
# start_time = Sep 18 2023 07:06:42 [NMEA time, first data scan]
# bad_flag = -9.990e-29
*END*
[from data line 1847]
     13.050   64.96162 -169.88354     1.3576    32.1234    1451.68  0.000e+00
     13.027   64.96162 -169.88354     1.3592    32.1222    1451.69  0.000e+00
     13.027   64.96162 -169.88354     1.3586    32.1201    1451.68  0.000e+00
     13.027   64.96162 -169.88354     1.3575    32.1200    1451.68  0.000e+00
     13.081   64.96162 -169.88354     1.3565    32.1207    1451.67  0.000e+00
     13.111   64.96162 -169.88354     1.3556    32.1211    1451.67  0.000e+00
     13.081   64.96162 -169.88354     1.3548    32.1214    1451.67  0.000e+00
     13.142   64.96162 -169.88354     1.3550    32.1212    1451.67  0.000e+00
     13.142   64.96162 -169.88354     1.3550    32.1211    1451.67  0.000e+00
     13.142   64.96162 -169.88354     1.3561    32.1218    1451.67  0.000e+00
     13.227   64.96162 -169.88354     1.3570    32.1206    1451.68  0.000e+00
     13.196   64.96162 -169.88354     1.3533    32.1192    1451.66  0.000e+00
     13.196   64.96162 -169.88354     1.3466    32.1190    1451.63  0.000e+00
     13.196   64.96162 -169.88354     1.3397    32.1193    1451.60  0.000e+00
     13.258   64.96162 -169.88354     1.3349    32.1196    1451.58  0.000e+00
     13.196   64.96162 -169.88354     1.3306    32.1213    1451.56  0.000e+00
     13.343   64.96162 -169.88354     1.3279    32.1220    1451.55  0.000e+00
     13.258   64.96162 -169.88354     1.3254    32.1233    1451.54  0.000e+00
     13.312   64.96162 -169.88354     1.3231    32.1241    1451.53  0.000e+00
     13.258   64.96162 -169.88354     1.3219    32.1242    1451.53  0.000e+00
     13.366   64.96162 -169.88354     1.3205    32.1246    1451.52  0.000e+00
     13.281   64.96162 -169.88354     1.3193    32.1245    1451.51  0.000e+00
     13.366   64.96162 -169.88354     1.3175    32.1253    1451.51  0.000e+00
     13.366   64.96162 -169.88354     1.3165    32.1253    1451.50  0.000e+00
     13.428   64.96162 -169.88354     1.3156    32.1258    1451.50  0.000e+00
     13.428   64.96162 -169.88354     1.3148    32.1261    1451.50  0.000e+00
     13.397   64.96162 -169.88354     1.3143    32.1262    1451.50  0.000e+00
     13.428   64.96162 -169.88354     1.3138    32.1265    1451.49  0.000e+00
     13.428   64.96162 -169.88354     1.3137    32.1267    1451.49  0.000e+00
     13.482   64.96162 -169.88354     1.3135    32.1271    1451.50  0.000e+00
     13.428   64.96162 -169.88354     1.3137    32.1265    1451.49  0.000e+00
     13.512   64.96162 -169.88354     1.3132    32.1264    1451.49  0.000e+00
     13.481   64.96162 -169.88354     1.3129    32.1266    1451.49  0.000e+00
     13.543   64.96162 -169.88354     1.3129    32.1259    1451.49  0.000e+00
     13.543   64.96162 -169.88354     1.3126    32.1263    1451.49  0.000e+00
     13.543   64.96162 -169.88354     1.3121    32.1270    1451.49  0.000e+00
     13.512   64.96162 -169.88354     1.3121    32.1267    1451.49  0.000e+00
     13.597   64.96162 -169.88356     1.3122    32.1261    1451.49  0.000e+00
     13.543   64.96162 -169.88356     1.3118    32.1264    1451.49  0.000e+00
     13.597   64.96162 -169.88356     1.3115    32.1266    1451.49  0.000e+00
     13.597   64.96162 -169.88356     1.3111    32.1267    1451.49  0.000e+00
     13.566   64.96162 -169.88356     1.3112    32.1268    1451.49  0.000e+00
     13.597   64.96162 -169.88356     1.3111    32.1267    1451.49  0.000e+00
     13.597   64.96162 -169.88356     1.3108    32.1269    1451.48  0.000e+00
     13.597   64.96162 -169.88356     1.3110    32.1266    1451.49  0.000e+00
     13.597   64.96162 -169.88356     1.3108    32.1267    1451.48  0.000e+00
     13.628   64.96162 -169.88356     1.3108    32.1267    1451.49  0.000e+00
     13.659   64.96162 -169.88356     1.3111    32.1261    1451.49  0.000e+00
     13.659   64.96162 -169.88356     1.3108    32.1263    1451.49  0.000e+00
     13.659   64.96162 -169.88356     1.3110    32.1270    1451.49  0.000e+00
     13.659   64.96162 -169.88356     1.3118    32.1274    1451.49  0.000e+00
     13.682   64.96162 -169.88356     1.3127    32.1288    1451.50  0.000e+00
     13.713   64.96162 -169.88356     1.3138    32.1303    1451.50  0.000e+00
     13.659   64.96162 -169.88356     1.3176    32.1303    1451.52  0.000e+00
     13.713   64.96162 -169.88356     1.3218    32.1293    1451.54  0.000e+00
     13.713   64.96162 -169.88356     1.3243    32.1295    1451.55  0.000e+00
     13.736   64.96162 -169.88356     1.3282    32.1276    1451.57  0.000e+00
     13.713   64.96162 -169.88356     1.3297    32.1267    1451.57  0.000e+00
     13.767   64.96162 -169.88356     1.3308    32.1263    1451.58  0.000e+00
     13.767   64.96162 -169.88356     1.3328    32.1259    1451.58  0.000e+00
     13.713   64.96162 -169.88356     1.3346    32.1236    1451.59  0.000e+00
     13.798   64.96162 -169.88356     1.3336    32.1199    1451.58  0.000e+00
     13.767   64.96162 -169.88356     1.3291    32.1199    1451.56  0.000e+00
     13.828   64.96162 -169.88356     1.3250    32.1207    1451.54  0.000e+00
     13.767   64.96162 -169.88356     1.3215    32.1218    1451.53  0.000e+00
     13.828   64.96162 -169.88356     1.3193    32.1227    1451.52  0.000e+00
     13.797   64.96162 -169.88356     1.3177    32.1241    1451.52  0.000e+00
     13.828   64.96162 -169.88356     1.3160    32.1263    1451.51  0.000e+00
     13.828   64.96162 -169.88356     1.3154    32.1257    1451.51  0.000e+00
     13.882   64.96162 -169.88356     1.3143    32.1257    1451.50  0.000e+00
     13.882   64.96162 -169.88356     1.3137    32.1255    1451.50  0.000e+00
     13.851   64.96162 -169.88356     1.3138    32.1260    1451.50  0.000e+00
     13.944   64.96162 -169.88356     1.3155    32.1270    1451.51  0.000e+00
     13.882   64.96162 -169.88356     1.3189    32.1281    1451.53  0.000e+00
     13.944   64.96162 -169.88356     1.3225    32.1288    1451.55  0.000e+00
     13.882   64.96162 -169.88356     1.3264    32.1288    1451.56  0.000e+00
     13.967   64.96162 -169.88356     1.3299    32.1279    1451.58  0.000e+00
     13.944   64.96162 -169.88356     1.3325    32.1268    1451.59  0.000e+00
     13.998   64.96162 -169.88356     1.3338    32.1276    1451.60  0.000e+00
     13.944   64.96162 -169.88356     1.3350    32.1286    1451.60  0.000e+00
     13.967   64.96162 -169.88356     1.3374    32.1278    1451.61  0.000e+00
     13.998   64.96162 -169.88356     1.3398    32.1267    1451.62  0.000e+00
     14.060   64.96162 -169.88356     1.3407    32.1244    1451.62  0.000e+00
     13.998   64.96162 -169.88356     1.3376    32.1221    1451.61  0.000e+00
     14.060   64.96162 -169.88356     1.3331    32.1215    1451.59  0.000e+00
     14.083   64.96164 -169.88356     1.3290    32.1215    1451.57  0.000e+00
     14.114   64.96164 -169.88356     1.3264    32.1221    1451.56  0.000e+00
     14.060   64.96164 -169.88356     1.3247    32.1227    1451.55  0.000e+00
     14.168   64.96164 -169.88356     1.3241    32.1259    1451.55  0.000e+00
     14.114   64.96164 -169.88356     1.3277    32.1279    1451.57  0.000e+00
     14.137   64.96164 -169.88356     1.3321    32.1278    1451.59  0.000e+00
     14.168   64.96164 -169.88356     1.3347    32.1270    1451.60  0.000e+00
     14.168   64.96164 -169.88356     1.3364    32.1259    1451.61  0.000e+00
     14.168   64.96164 -169.88356     1.3378    32.1251    1451.61  0.000e+00
     14.168   64.96164 -169.88356     1.3390    32.1257    1451.62  0.000e+00
     14.198   64.96164 -169.88356     1.3408    32.1243    1451.63  0.000e+00
     14.229   64.96164 -169.88356     1.3400    32.1231    1451.62  0.000e+00
     14.283   64.96164 -169.88356     1.3379    32.1229    1451.61  0.000e+00
     14.229   64.96164 -169.88356     1.3374    32.1233    1451.61  0.000e+00
     14.252   64.96164 -169.88356     1.3364    32.1229    1451.60  0.000e+00
     14.345   64.96164 -169.88356     1.3355    32.1225    1451.60  0.000e+00
     14.283   64.96164 -169.88356     1.3364    32.1241    1451.61  0.000e+00
     14.345   64.96164 -169.88356     1.3386    32.1260    1451.62  0.000e+00
     14.345   64.96164 -169.88356     1.3419    32.1262    1451.64  0.000e+00
     14.368   64.96164 -169.88356     1.3448    32.1258    1451.65  0.000e+00
     14.399   64.96164 -169.88356     1.3468    32.1257    1451.66  0.000e+00
     14.399   64.96164 -169.88356     1.3489    32.1249    1451.67  0.000e+00
     14.461   64.96164 -169.88356     1.3510    32.1245    1451.68  0.000e+00
     14.399   64.96164 -169.88356     1.3526    32.1238    1451.68  0.000e+00
     14.422   64.96164 -169.88356     1.3542    32.1222    1451.69  0.000e+00
     14.515   64.96164 -169.88356     1.3537    32.1214    1451.68  0.000e+00
     14.515   64.96164 -169.88356     1.3524    32.1213    1451.68  0.000e+00
     14.461   64.96164 -169.88356     1.3518    32.1212    1451.67  0.000e+00
     14.538   64.96164 -169.88356     1.3509    32.1208    1451.67  0.000e+00
     14.569   64.96164 -169.88356     1.3499    32.1202    1451.67  0.000e+00
     14.569   64.96164 -169.88356     1.3487    32.1208    1451.66  0.000e+00
     14.569   64.96164 -169.88356     1.3480    32.1217    1451.66  0.000e+00
     14.569   64.96164 -169.88356     1.3479    32.1227    1451.66  0.000e+00
     14.653   64.96164 -169.88356     1.3472    32.1228    1451.66  0.000e+00
     14.630   64.96164 -169.88356     1.3462    32.1221    1451.65  0.000e+00
     14.630   64.96164 -169.88356     1.3444    32.1222    1451.65  0.000e+00
     14.684   64.96164 -169.88356     1.3443    32.1214    1451.65  0.000e+00
     14.715   64.96164 -169.88356     1.3433    32.1199    1451.64  0.000e+00
     14.684   64.96164 -169.88356     1.3406    32.1202    1451.63  0.000e+00
     14.684   64.96164 -169.88356     1.3383    32.1214    1451.62  0.000e+00
     14.746   64.96164 -169.88356     1.3363    32.1219    1451.61  0.000e+00
     14.746   64.96164 -169.88356     1.3350    32.1222    1451.61  0.000e+00
     14.769   64.96164 -169.88356     1.3346    32.1239    1451.61  0.000e+00
     14.800   64.96164 -169.88356     1.3349    32.1255    1451.61  0.000e+00
     14.800   64.96164 -169.88356     1.3358    32.1255    1451.61  0.000e+00
     14.800   64.96164 -169.88356     1.3376    32.1252    1451.62  0.000e+00
     14.823   64.96164 -169.88356     1.3418    32.1245    1451.64  0.000e+00
     14.862   64.96164 -169.88356     1.3443    32.1239    1451.65  0.000e+00
     14.862   64.96164 -169.88356     1.3458    32.1232    1451.66  0.000e+00
     14.862   64.96164 -169.88356     1.3451    32.1234    1451.65  0.000e+00
     14.862   64.96164 -169.88356     1.3446    32.1228    1451.65  0.000e+00
     14.939   64.96164 -169.88356     1.3438    32.1222    1451.65  0.000e+00
     14.916   64.96164 -169.88356     1.3426    32.1216    1451.64  0.000e+00
     14.970   64.96164 -169.88356     1.3405    32.1220    1451.63  0.000e+00
     14.916   64.96164 -169.88356     1.3393    32.1222    1451.63  0.000e+00
     15.000   64.96164 -169.88356     1.3385    32.1226    1451.63  0.000e+00
     14.970   64.96164 -169.88356     1.3380    32.1213    1451.62  0.000e+00
     14.970   64.96164 -169.88356     1.3374    32.1214    1451.62  0.000e+00
     15.031   64.96164 -169.88356     1.3367    32.1224    1451.62  0.000e+00
     15.000   64.96164 -169.88356     1.3363    32.1231    1451.62  0.000e+00
     14.969   64.96164 -169.88356     1.3360    32.1240    1451.62  0.000e+00
     15.031   64.96164 -169.88356     1.3363    32.1250    1451.62  0.000e+00
     15.031   64.96164 -169.88356     1.3370    32.1245    1451.62  0.000e+00
     15.085   64.96164 -169.88356     1.3372    32.1246    1451.62  0.000e+00
     15.000   64.96164 -169.88356     1.3380    32.1248    1451.63  0.000e+00
     15.085   64.96164 -169.88356     1.3386    32.1248    1451.63  0.000e+00
     15.085   64.96164 -169.88356     1.3390    32.1252    1451.63  0.000e+00
     15.031   64.96164 -169.88356     1.3393    32.1248    1451.63  0.000e+00
     15.116   64.96164 -169.88356     1.3394    32.1250    1451.64  0.000e+00
     15.085   64.96164 -169.88356     1.3397    32.1251    1451.64  0.000e+00
     15.147   64.96164 -169.88356     1.3408    32.1255    1451.64  0.000e+00
     15.085   64.96164 -169.88356     1.3418    32.1263    1451.65  0.000e+00
     15.170   64.96164 -169.88356     1.3429    32.1266    1451.65  0.000e+00
     15.147   64.96164 -169.88356     1.3442    32.1247    1451.66  0.000e+00
     15.201   64.96164 -169.88356     1.3451    32.1222    1451.66  0.000e+00
     15.201   64.96164 -169.88356     1.3448    32.1215    1451.66  0.000e+00
     15.201   64.96164 -169.88356     1.3444    32.1203    1451.65  0.000e+00
     15.170   64.96164 -169.88356     1.3426    32.1204    1451.64  0.000e+00
     15.201   64.96164 -169.88356     1.3405    32.1212    1451.64  0.000e+00
     15.201   64.96164 -169.88356     1.3376    32.1227    1451.63  0.000e+00
     15.255   64.96164 -169.88356     1.3357    32.1235    1451.62  0.000e+00
     15.224   64.96164 -169.88356     1.3352    32.1240    1451.62  0.000e+00
     15.201   64.96164 -169.88356     1.3349    32.1238    1451.61  0.000e+00
     15.255   64.96164 -169.88356     1.3346    32.1234    1451.61  0.000e+00
     15.255   64.96164 -169.88356     1.3339    32.1232    1451.61  0.000e+00
     15.286   64.96164 -169.88356     1.3338    32.1230    1451.61  0.000e+00
     15.255   64.96164 -169.88356     1.3339    32.1232    1451.61  0.000e+00
     15.316   64.96164 -169.88356     1.3335    32.1236    1451.61  0.000e+00
     15.316   64.96164 -169.88356     1.3333    32.1237    1451.61  0.000e+00
     15.255   64.96164 -169.88356     1.3327    32.1243    1451.61  0.000e+00
     15.340   64.96164 -169.88356     1.3328    32.1239    1451.61  0.000e+00
     15.316   64.96164 -169.88356     1.3328    32.1241    1451.61  0.000e+00
     15.316   64.96164 -169.88356     1.3327    32.1239    1451.61  0.000e+00
     15.316   64.96164 -169.88356     1.3325    32.1237    1451.61  0.000e+00
     15.340   64.96164 -169.88356     1.3324    32.1238    1451.61  0.000e+00
     15.370   64.96164 -169.88356     1.3324    32.1240    1451.61  0.000e+00
     15.316   64.96164 -169.88356     1.3317    32.1249    1451.60  0.000e+00
     15.370   64.96164 -169.88356     1.3319    32.1248    1451.61  0.000e+00
     15.340   64.96164 -169.88356     1.3317    32.1247    1451.60  0.000e+00
     15.370   64.96164 -169.88356     1.3319    32.1256    1451.61  0.000e+00
     15.432   64.96164 -169.88356     1.3322    32.1262    1451.61  0.000e+00
     15.370   64.96164 -169.88356     1.3330    32.1256    1451.61  0.000e+00
     15.401   64.96164 -169.88356     1.3332    32.1256    1451.61  0.000e+00
     15.432   64.96164 -169.88356     1.3338    32.1253    1451.62  0.000e+00
     15.432   64.96164 -169.88356     1.3341    32.1248    1451.62  0.000e+00
     15.486   64.96164 -169.88356     1.3339    32.1251    1451.62  0.000e+00
     15.401   64.96164 -169.88356     1.3341    32.1251    1451.62  0.000e+00
     15.432   64.96164 -169.88356     1.3342    32.1249    1451.62  0.000e+00
     15.486   64.96164 -169.88356     1.3350    32.1249    1451.62  0.000e+00
     15.432   64.96164 -169.88356     1.3357    32.1252    1451.62  0.000e+00
     15.486   64.96164 -169.88356     1.3363    32.1248    1451.63  0.000e+00
     15.455   64.96164 -169.88356     1.3357    32.1235    1451.62  0.000e+00
     15.548   64.96164 -169.88356     1.3347    32.1232    1451.62  0.000e+00
     15.486   64.96164 -169.88356     1.3338    32.1235    1451.61  0.000e+00
     15.548   64.96164 -169.88356     1.3330    32.1245    1451.61  0.000e+00
     15.571   64.96164 -169.88356     1.3330    32.1251    1451.61  0.000e+00
     15.602   64.96164 -169.88356     1.3338    32.1251    1451.62  0.000e+00
     15.548   64.96164 -169.88356     1.3342    32.1255    1451.62  0.000e+00
     15.656   64.96164 -169.88356     1.3346    32.1251    1451.62  0.000e+00
