EcoFOCI/data/1_SampleCollection/2023_SikuliaqDBO_CruiseData/CTD_raw_BottleFile_SKQ23-12S/proc/skq202312s_076svp.cnv
* Sea-Bird SBE 9 Data File:
* FileName = D:\CTD\SKQ202312S\SKQ202312S_076.hex
* Software Version Seasave V 7.26.7.121
* Temperature SN = 6177
* Conductivity SN = 0369
* Number of Bytes Per Scan = 41
* Number of Voltage Words = 4
* Number of Scans Averaged by the Deck Unit = 1
* NMEA Latitude = 68 18.13 N
* NMEA Longitude = 166 55.58 W
* NMEA UTC (Time) = Oct 02 2023  08:17:28
* NMEA baud rate = 4800
** Ship: R/V Sikuliaq
** Station Number: 076
** Station Name: DBO3.1
** Bottom Depth: 34
** Operator: SD
# nquan = 7
# nvalues = 4366                                  
# units = specified
# name 0 = depSM: Depth [salt water, m]
# name 1 = latitude: Latitude [deg]
# name 2 = longitude: Longitude [deg]
# name 3 = t090C: Temperature [ITS-90, deg C]
# name 4 = sal00: Salinity, Practical [PSU]
# name 5 = svCM: Sound Velocity [Chen-Millero, m/s]
# name 6 = flag:  0.000e+00
# span 0 =      1.782,     29.736                 
# span 1 =   68.30194,   68.30202                 
# span 2 = -166.92538, -166.92412                 
# span 3 =     4.8244,     8.0163                 
# span 4 =    25.4268,    31.8301                 
# span 5 =    1464.03,    1474.87                 
# span 6 = 0.0000e+00, 0.0000e+00                 
# interval = seconds: 0.0416667
# start_time = Oct 02 2023 08:20:24 [NMEA time, first data scan]
# bad_flag = -9.990e-29
*END*
[from data line 4308]
     29.050   68.30194 -166.92412     4.8348    31.8206    1466.48  0.000e+00
     29.050   68.30194 -166.92412     4.8351    31.8209    1466.48  0.000e+00
     29.034   68.30194 -166.92412     4.8355    31.8210    1466.48  0.000e+00
     29.104   68.30194 -166.92412     4.8358    31.8207    1466.49  0.000e+00
     29.088   68.30194 -166.92412     4.8359    31.8206    1466.49  0.000e+00
     29.050   68.30194 -166.92412     4.8361    31.8203    1466.49  0.000e+00
     29.150   68.30194 -166.92412     4.8363    31.8197    1466.49  0.000e+00
     29.104   68.30194 -166.92412     4.8363    31.8197    1466.49  0.000e+00
     29.088   68.30194 -166.92412     4.8363    31.8199    1466.49  0.000e+00
     29.165   68.30194 -166.92412     4.8363    31.8195    1466.49  0.000e+00
     29.204   68.30194 -166.92412     4.8359    31.8197    1466.49  0.000e+00
     29.104   68.30194 -166.92412     4.8356    31.8205    1466.49  0.000e+00
     29.204   68.30194 -166.92412     4.8355    31.8203    1466.49  0.000e+00
     29.219   68.30194 -166.92412     4.8357    31.8208    1466.49  0.000e+00
     29.258   68.30194 -166.92412     4.8355    31.8211    1466.49  0.000e+00
     29.165   68.30194 -166.92412     4.8358    31.8207    1466.49  0.000e+00
     29.273   68.30194 -166.92412     4.8361    31.8204    1466.49  0.000e+00
     29.258   68.30194 -166.92412     4.8364    31.8198    1466.49  0.000e+00
     29.335   68.30194 -166.92412     4.8363    31.8199    1466.49  0.000e+00
     29.258   68.30194 -166.92412     4.8364    31.8200    1466.49  0.000e+00
     29.335   68.30194 -166.92412     4.8366    31.8205    1466.49  0.000e+00
     29.373   68.30194 -166.92412     4.8368    31.8203    1466.49  0.000e+00
     29.335   68.30194 -166.92412     4.8368    31.8198    1466.49  0.000e+00
     29.373   68.30194 -166.92412     4.8371    31.8194    1466.49  0.000e+00
     29.389   68.30194 -166.92412     4.8368    31.8194    1466.49  0.000e+00
     29.435   68.30194 -166.92412     4.8369    31.8194    1466.50  0.000e+00
     29.451   68.30194 -166.92412     4.8369    31.8199    1466.50  0.000e+00
     29.451   68.30194 -166.92412     4.8368    31.8202    1466.50  0.000e+00
     29.435   68.30194 -166.92412     4.8371    31.8195    1466.50  0.000e+00
     29.504   68.30194 -166.92412     4.8368    31.8194    1466.50  0.000e+00
     29.489   68.30194 -166.92412     4.8369    31.8194    1466.50  0.000e+00
     29.504   68.30194 -166.92412     4.8369    31.8192    1466.50  0.000e+00
     29.489   68.30194 -166.92412     4.8366    31.8195    1466.49  0.000e+00
     29.558   68.30194 -166.92412     4.8366    31.8198    1466.50  0.000e+00
     29.551   68.30194 -166.92412     4.8366    31.8196    1466.50  0.000e+00
     29.558   68.30194 -166.92412     4.8364    31.8194    1466.50  0.000e+00
     29.605   68.30194 -166.92412     4.8364    31.8187    1466.50  0.000e+00
     29.558   68.30194 -166.92412     4.8361    31.8186    1466.49  0.000e+00
     29.620   68.30194 -166.92412     4.8357    31.8189    1466.49  0.000e+00
     29.605   68.30194 -166.92412     4.8355    31.8187    1466.49  0.000e+00
     29.674   68.30194 -166.92412     4.8351    31.8193    1466.49  0.000e+00
     29.605   68.30194 -166.92412     4.8348    31.8199    1466.49  0.000e+00
     29.674   68.30194 -166.92414     4.8347    31.8195    1466.49  0.000e+00
     29.659   68.30194 -166.92414     4.8344    31.8198    1466.49  0.000e+00
     29.620   68.30194 -166.92414     4.8344    31.8196    1466.49  0.000e+00
     29.659   68.30194 -166.92414     4.8341    31.8201    1466.49  0.000e+00
     29.674   68.30194 -166.92414     4.8341    31.8197    1466.49  0.000e+00
     29.720   68.30194 -166.92414     4.8336    31.8200    1466.49  0.000e+00
     29.674   68.30194 -166.92414     4.8334    31.8198    1466.49  0.000e+00
     29.674   68.30194 -166.92414     4.8333    31.8200    1466.48  0.000e+00
     29.720   68.30194 -166.92414     4.8328    31.8206    1466.48  0.000e+00
     29.674   68.30194 -166.92414     4.8324    31.8206    1466.48  0.000e+00
     29.720   68.30194 -166.92414     4.8324    31.8201    1466.48  0.000e+00
     29.736   68.30194 -166.92414     4.8320    31.8204    1466.48  0.000e+00
     29.720   68.30194 -166.92414     4.8319    31.8210    1466.48  0.000e+00
     29.674   68.30194 -166.92414     4.8320    31.8211    1466.48  0.000e+00
     29.720   68.30194 -166.92414     4.8318    31.8209    1466.48  0.000e+00
     29.735   68.30194 -166.92414     4.8320    31.8208    1466.48  0.000e+00
