EcoFOCI/data/1_SampleCollection/2023_SikuliaqDBO_CruiseData/CTD_raw_BottleFile_SKQ23-12S/proc/skq202312s_013svp.cnv
* Sea-Bird SBE 9 Data File:
* FileName = D:\CTD\SKQ202312S\SKQ202312S_013.hex
* Software Version Seasave V 7.26.7.121
* Temperature SN = 6177
* Conductivity SN = 0369
* Number of Bytes Per Scan = 41
* Number of Voltage Words = 4
* Number of Scans Averaged by the Deck Unit = 1
* NMEA Latitude = 64 40.35 N
* NMEA Longitude = 170 15.80 W
* NMEA UTC (Time) = Sep 17 2023  06:56:27
* NMEA baud rate = 4800
** Ship: R/V Sikuliaq
** Station Number: 013
** Station Name: DBO2.0a
** Bottom Depth: 48
** Operator: SS
# nquan = 7
# nvalues = 5338                                  
# units = specified
# name 0 = depSM: Depth [salt water, m]
# name 1 = latitude: Latitude [deg]
# name 2 = longitude: Longitude [deg]
# name 3 = t090C: Temperature [ITS-90, deg C]
# name 4 = sal00: Salinity, Practical [PSU]
# name 5 = svCM: Sound Velocity [Chen-Millero, m/s]
# name 6 = flag:  0.000e+00
# span 0 =      2.165,     42.804                 
# span 1 =   64.67240,   64.67252                 
# span 2 = -170.26266, -170.26226                 
# span 3 =     2.5407,     3.0979                 
# span 4 =    32.7071,    33.0540                 
# span 5 =    1457.49,    1460.70                 
# span 6 = 0.0000e+00, 0.0000e+00                 
# interval = seconds: 0.0416667
# start_time = Sep 17 2023 07:00:46 [NMEA time, first data scan]
# bad_flag = -9.990e-29
*END*
[from data line 3488]
     35.528   64.67250 -170.26228     3.0286    33.0533    1460.59  0.000e+00
     35.528   64.67250 -170.26228     3.0287    33.0532    1460.59  0.000e+00
     35.574   64.67250 -170.26228     3.0288    33.0527    1460.59  0.000e+00
     35.589   64.67250 -170.26228     3.0287    33.0531    1460.59  0.000e+00
     35.589   64.67250 -170.26228     3.0287    33.0530    1460.59  0.000e+00
     35.636   64.67250 -170.26228     3.0290    33.0531    1460.59  0.000e+00
     35.643   64.67250 -170.26228     3.0287    33.0530    1460.59  0.000e+00
     35.589   64.67250 -170.26228     3.0290    33.0532    1460.59  0.000e+00
     35.643   64.67250 -170.26228     3.0289    33.0531    1460.59  0.000e+00
     35.689   64.67250 -170.26228     3.0287    33.0531    1460.59  0.000e+00
     35.643   64.67250 -170.26228     3.0293    33.0529    1460.59  0.000e+00
     35.705   64.67250 -170.26228     3.0291    33.0529    1460.59  0.000e+00
     35.635   64.67250 -170.26228     3.0292    33.0531    1460.59  0.000e+00
     35.705   64.67250 -170.26228     3.0290    33.0531    1460.59  0.000e+00
     35.705   64.67250 -170.26228     3.0289    33.0530    1460.59  0.000e+00
     35.805   64.67250 -170.26228     3.0290    33.0528    1460.59  0.000e+00
     35.705   64.67250 -170.26228     3.0287    33.0534    1460.59  0.000e+00
     35.759   64.67250 -170.26228     3.0289    33.0530    1460.59  0.000e+00
     35.805   64.67250 -170.26228     3.0288    33.0533    1460.59  0.000e+00
     35.821   64.67250 -170.26228     3.0287    33.0529    1460.59  0.000e+00
     35.759   64.67250 -170.26228     3.0286    33.0534    1460.59  0.000e+00
     35.867   64.67250 -170.26228     3.0289    33.0527    1460.59  0.000e+00
     35.821   64.67250 -170.26228     3.0287    33.0532    1460.59  0.000e+00
     35.875   64.67250 -170.26228     3.0288    33.0535    1460.59  0.000e+00
     35.867   64.67250 -170.26228     3.0287    33.0530    1460.59  0.000e+00
     35.875   64.67250 -170.26228     3.0286    33.0534    1460.59  0.000e+00
     35.875   64.67250 -170.26228     3.0290    33.0529    1460.59  0.000e+00
     35.867   64.67250 -170.26228     3.0287    33.0528    1460.59  0.000e+00
     35.929   64.67250 -170.26228     3.0290    33.0529    1460.60  0.000e+00
     35.875   64.67250 -170.26226     3.0291    33.0526    1460.59  0.000e+00
     35.929   64.67250 -170.26226     3.0286    33.0531    1460.59  0.000e+00
     35.921   64.67250 -170.26226     3.0288    33.0532    1460.59  0.000e+00
     35.929   64.67250 -170.26226     3.0289    33.0532    1460.60  0.000e+00
     35.990   64.67250 -170.26226     3.0287    33.0533    1460.60  0.000e+00
     35.975   64.67250 -170.26226     3.0290    33.0529    1460.60  0.000e+00
     35.990   64.67250 -170.26226     3.0289    33.0530    1460.60  0.000e+00
     35.990   64.67250 -170.26226     3.0290    33.0531    1460.60  0.000e+00
     35.975   64.67250 -170.26226     3.0289    33.0532    1460.60  0.000e+00
     35.990   64.67250 -170.26226     3.0286    33.0532    1460.59  0.000e+00
     35.990   64.67250 -170.26226     3.0290    33.0525    1460.60  0.000e+00
     36.037   64.67250 -170.26226     3.0289    33.0530    1460.60  0.000e+00
     36.044   64.67250 -170.26226     3.0289    33.0532    1460.60  0.000e+00
     35.990   64.67250 -170.26226     3.0290    33.0529    1460.60  0.000e+00
     36.091   64.67250 -170.26226     3.0287    33.0529    1460.60  0.000e+00
     35.990   64.67250 -170.26226     3.0290    33.0528    1460.60  0.000e+00
     36.044   64.67250 -170.26226     3.0286    33.0534    1460.60  0.000e+00
     36.091   64.67250 -170.26226     3.0289    33.0529    1460.60  0.000e+00
     36.044   64.67250 -170.26226     3.0288    33.0529    1460.60  0.000e+00
     36.044   64.67250 -170.26226     3.0289    33.0530    1460.60  0.000e+00
     36.106   64.67250 -170.26226     3.0287    33.0532    1460.60  0.000e+00
     36.091   64.67250 -170.26226     3.0290    33.0530    1460.60  0.000e+00
     36.044   64.67250 -170.26226     3.0289    33.0529    1460.60  0.000e+00
     36.106   64.67250 -170.26226     3.0286    33.0533    1460.60  0.000e+00
     36.091   64.67250 -170.26226     3.0287    33.0530    1460.60  0.000e+00
     36.106   64.67250 -170.26226     3.0289    33.0532    1460.60  0.000e+00
     36.106   64.67250 -170.26226     3.0290    33.0530    1460.60  0.000e+00
     36.091   64.67250 -170.26226     3.0289    33.0531    1460.60  0.000e+00
     36.044   64.67250 -170.26226     3.0288    33.0530    1460.60  0.000e+00
     36.160   64.67250 -170.26226     3.0287    33.0533    1460.60  0.000e+00
     36.091   64.67250 -170.26226     3.0287    33.0531    1460.60  0.000e+00
     36.044   64.67250 -170.26226     3.0290    33.0532    1460.60  0.000e+00
     36.106   64.67250 -170.26226     3.0287    33.0528    1460.60  0.000e+00
     36.152   64.67250 -170.26226     3.0287    33.0533    1460.60  0.000e+00
     36.044   64.67250 -170.26226     3.0288    33.0530    1460.60  0.000e+00
     36.160   64.67250 -170.26226     3.0286    33.0531    1460.60  0.000e+00
     36.106   64.67250 -170.26226     3.0288    33.0533    1460.60  0.000e+00
     36.090   64.67250 -170.26226     3.0287    33.0533    1460.60  0.000e+00
     36.106   64.67250 -170.26226     3.0287    33.0528    1460.60  0.000e+00
     36.106   64.67250 -170.26226     3.0288    33.0530    1460.60  0.000e+00
     36.152   64.67250 -170.26226     3.0287    33.0529    1460.60  0.000e+00
     36.106   64.67250 -170.26226     3.0287    33.0529    1460.60  0.000e+00
     36.044   64.67250 -170.26226     3.0288    33.0529    1460.60  0.000e+00
     36.152   64.67250 -170.26226     3.0287    33.0529    1460.60  0.000e+00
     36.106   64.67250 -170.26226     3.0288    33.0533    1460.60  0.000e+00
     36.106   64.67250 -170.26226     3.0287    33.0531    1460.60  0.000e+00
     36.152   64.67250 -170.26226     3.0287    33.0531    1460.60  0.000e+00
     36.106   64.67250 -170.26226     3.0288    33.0532    1460.60  0.000e+00
     36.106   64.67250 -170.26228     3.0289    33.0531    1460.60  0.000e+00
     36.160   64.67250 -170.26228     3.0287    33.0530    1460.60  0.000e+00
     36.152   64.67250 -170.26228     3.0290    33.0527    1460.60  0.000e+00
     36.106   64.67250 -170.26228     3.0286    33.0535    1460.60  0.000e+00
     36.160   64.67250 -170.26228     3.0290    33.0532    1460.60  0.000e+00
     36.152   64.67250 -170.26228     3.0289    33.0529    1460.60  0.000e+00
     36.106   64.67250 -170.26228     3.0286    33.0531    1460.60  0.000e+00
     36.160   64.67250 -170.26228     3.0290    33.0531    1460.60  0.000e+00
     36.152   64.67250 -170.26228     3.0289    33.0529    1460.60  0.000e+00
     36.160   64.67250 -170.26228     3.0287    33.0529    1460.60  0.000e+00
     36.160   64.67250 -170.26228     3.0288    33.0531    1460.60  0.000e+00
     36.152   64.67250 -170.26228     3.0287    33.0534    1460.60  0.000e+00
     36.160   64.67250 -170.26228     3.0288    33.0532    1460.60  0.000e+00
     36.222   64.67250 -170.26228     3.0287    33.0527    1460.60  0.000e+00
     36.206   64.67250 -170.26228     3.0287    33.0530    1460.60  0.000e+00
     36.160   64.67250 -170.26228     3.0288    33.0534    1460.60  0.000e+00
     36.222   64.67250 -170.26228     3.0287    33.0530    1460.60  0.000e+00
     36.222   64.67250 -170.26228     3.0288    33.0531    1460.60  0.000e+00
     36.206   64.67250 -170.26228     3.0286    33.0533    1460.60  0.000e+00
     36.222   64.67250 -170.26228     3.0287    33.0536    1460.60  0.000e+00
     36.222   64.67250 -170.26228     3.0285    33.0536    1460.60  0.000e+00
     36.268   64.67250 -170.26228     3.0286    33.0531    1460.60  0.000e+00
     36.276   64.67250 -170.26228     3.0287    33.0531    1460.60  0.000e+00
     36.222   64.67250 -170.26228     3.0288    33.0531    1460.60  0.000e+00
     36.322   64.67250 -170.26228     3.0286    33.0530    1460.60  0.000e+00
     36.276   64.67250 -170.26228     3.0288    33.0530    1460.60  0.000e+00
     36.330   64.67250 -170.26228     3.0284    33.0530    1460.60  0.000e+00
     36.322   64.67250 -170.26228     3.0287    33.0530    1460.60  0.000e+00
     36.276   64.67250 -170.26228     3.0288    33.0531    1460.60  0.000e+00
     36.391   64.67250 -170.26228     3.0286    33.0535    1460.60  0.000e+00
     36.330   64.67250 -170.26228     3.0287    33.0527    1460.60  0.000e+00
     36.384   64.67250 -170.26228     3.0286    33.0532    1460.60  0.000e+00
     36.445   64.67250 -170.26228     3.0284    33.0536    1460.60  0.000e+00
     36.391   64.67250 -170.26228     3.0285    33.0534    1460.60  0.000e+00
     36.438   64.67250 -170.26228     3.0287    33.0531    1460.60  0.000e+00
     36.445   64.67250 -170.26228     3.0286    33.0534    1460.60  0.000e+00
     36.445   64.67250 -170.26228     3.0286    33.0532    1460.60  0.000e+00
     36.492   64.67250 -170.26228     3.0287    33.0533    1460.60  0.000e+00
     36.507   64.67250 -170.26228     3.0286    33.0532    1460.60  0.000e+00
     36.561   64.67250 -170.26228     3.0286    33.0531    1460.60  0.000e+00
     36.553   64.67250 -170.26228     3.0287    33.0530    1460.60  0.000e+00
     36.615   64.67250 -170.26228     3.0288    33.0533    1460.61  0.000e+00
     36.561   64.67250 -170.26228     3.0289    33.0530    1460.61  0.000e+00
     36.677   64.67250 -170.26228     3.0287    33.0532    1460.61  0.000e+00
     36.607   64.67250 -170.26228     3.0288    33.0536    1460.61  0.000e+00
     36.677   64.67250 -170.26228     3.0289    33.0532    1460.61  0.000e+00
     36.731   64.67250 -170.26228     3.0289    33.0530    1460.61  0.000e+00
     36.723   64.67250 -170.26228     3.0290    33.0530    1460.61  0.000e+00
     36.731   64.67250 -170.26226     3.0289    33.0532    1460.61  0.000e+00
     36.793   64.67250 -170.26226     3.0288    33.0532    1460.61  0.000e+00
     36.785   64.67250 -170.26226     3.0289    33.0532    1460.61  0.000e+00
     36.847   64.67250 -170.26226     3.0287    33.0535    1460.61  0.000e+00
     36.847   64.67250 -170.26226     3.0290    33.0532    1460.61  0.000e+00
     36.847   64.67250 -170.26226     3.0289    33.0528    1460.61  0.000e+00
     36.955   64.67250 -170.26226     3.0288    33.0531    1460.61  0.000e+00
     36.908   64.67250 -170.26226     3.0289    33.0530    1460.61  0.000e+00
     36.962   64.67250 -170.26226     3.0289    33.0529    1460.61  0.000e+00
     37.009   64.67250 -170.26226     3.0288    33.0534    1460.61  0.000e+00
     37.016   64.67250 -170.26226     3.0289    33.0532    1460.61  0.000e+00
     37.016   64.67250 -170.26226     3.0289    33.0532    1460.61  0.000e+00
     37.078   64.67250 -170.26226     3.0290    33.0531    1460.61  0.000e+00
     37.124   64.67250 -170.26226     3.0291    33.0529    1460.62  0.000e+00
     37.078   64.67250 -170.26226     3.0290    33.0531    1460.61  0.000e+00
     37.194   64.67250 -170.26226     3.0291    33.0527    1460.62  0.000e+00
     37.186   64.67250 -170.26226     3.0291    33.0527    1460.62  0.000e+00
     37.194   64.67250 -170.26226     3.0290    33.0534    1460.62  0.000e+00
     37.194   64.67250 -170.26226     3.0291    33.0530    1460.62  0.000e+00
     37.248   64.67250 -170.26226     3.0291    33.0529    1460.62  0.000e+00
     37.294   64.67250 -170.26226     3.0290    33.0530    1460.62  0.000e+00
     37.309   64.67250 -170.26226     3.0291    33.0530    1460.62  0.000e+00
     37.309   64.67250 -170.26226     3.0290    33.0534    1460.62  0.000e+00
     37.410   64.67250 -170.26226     3.0291    33.0529    1460.62  0.000e+00
     37.363   64.67250 -170.26226     3.0291    33.0532    1460.62  0.000e+00
     37.417   64.67250 -170.26226     3.0290    33.0532    1460.62  0.000e+00
     37.417   64.67250 -170.26226     3.0292    33.0527    1460.62  0.000e+00
     37.410   64.67250 -170.26226     3.0289    33.0530    1460.62  0.000e+00
     37.479   64.67250 -170.26226     3.0290    33.0537    1460.62  0.000e+00
     37.479   64.67250 -170.26226     3.0292    33.0530    1460.62  0.000e+00
     37.525   64.67250 -170.26226     3.0293    33.0527    1460.62  0.000e+00
     37.533   64.67250 -170.26226     3.0289    33.0532    1460.62  0.000e+00
     37.533   64.67250 -170.26226     3.0291    33.0532    1460.62  0.000e+00
     37.595   64.67250 -170.26226     3.0293    33.0526    1460.62  0.000e+00
     37.587   64.67250 -170.26226     3.0292    33.0527    1460.62  0.000e+00
     37.595   64.67250 -170.26226     3.0291    33.0529    1460.62  0.000e+00
     37.649   64.67250 -170.26226     3.0291    33.0530    1460.62  0.000e+00
     37.641   64.67250 -170.26226     3.0292    33.0528    1460.62  0.000e+00
     37.649   64.67250 -170.26226     3.0291    33.0531    1460.62  0.000e+00
     37.711   64.67250 -170.26226     3.0291    33.0529    1460.62  0.000e+00
     37.649   64.67250 -170.26226     3.0291    33.0534    1460.62  0.000e+00
     37.757   64.67250 -170.26226     3.0291    33.0530    1460.63  0.000e+00
     37.711   64.67250 -170.26226     3.0294    33.0529    1460.63  0.000e+00
     37.711   64.67250 -170.26226     3.0291    33.0535    1460.63  0.000e+00
     37.757   64.67250 -170.26226     3.0291    33.0534    1460.63  0.000e+00
     37.765   64.67250 -170.26226     3.0291    33.0532    1460.63  0.000e+00
     37.765   64.67250 -170.26226     3.0293    33.0527    1460.63  0.000e+00
     37.765   64.67250 -170.26226     3.0291    33.0531    1460.63  0.000e+00
     37.811   64.67250 -170.26226     3.0291    33.0533    1460.63  0.000e+00
     37.819   64.67250 -170.26226     3.0291    33.0531    1460.63  0.000e+00
     37.765   64.67250 -170.26226     3.0291    33.0532    1460.63  0.000e+00
     37.819   64.67250 -170.26226     3.0293    33.0532    1460.63  0.000e+00
     37.873   64.67250 -170.26226     3.0289    33.0531    1460.63  0.000e+00
     37.819   64.67250 -170.26226     3.0292    33.0531    1460.63  0.000e+00
     37.880   64.67250 -170.26226     3.0291    33.0534    1460.63  0.000e+00
     37.811   64.67250 -170.26226     3.0291    33.0532    1460.63  0.000e+00
     37.880   64.67250 -170.26226     3.0292    33.0529    1460.63  0.000e+00
     37.880   64.67250 -170.26226     3.0291    33.0530    1460.63  0.000e+00
     37.880   64.67250 -170.26226     3.0289    33.0533    1460.63  0.000e+00
     37.811   64.67250 -170.26226     3.0291    33.0531    1460.63  0.000e+00
     37.934   64.67250 -170.26226     3.0291    33.0531    1460.63  0.000e+00
     37.880   64.67250 -170.26226     3.0289    33.0532    1460.63  0.000e+00
     37.880   64.67250 -170.26226     3.0291    33.0532    1460.63  0.000e+00
     37.873   64.67250 -170.26226     3.0291    33.0534    1460.63  0.000e+00
     37.880   64.67250 -170.26226     3.0291    33.0532    1460.63  0.000e+00
     37.934   64.67250 -170.26226     3.0290    33.0525    1460.63  0.000e+00
     37.873   64.67250 -170.26226     3.0291    33.0525    1460.63  0.000e+00
     37.934   64.67250 -170.26226     3.0290    33.0528    1460.63  0.000e+00
     37.934   64.67250 -170.26226     3.0291    33.0529    1460.63  0.000e+00
     37.880   64.67250 -170.26226     3.0291    33.0531    1460.63  0.000e+00
     37.927   64.67250 -170.26226     3.0290    33.0527    1460.63  0.000e+00
     37.880   64.67250 -170.26226     3.0291    33.0534    1460.63  0.000e+00
     37.934   64.67250 -170.26226     3.0291    33.0530    1460.63  0.000e+00
     37.934   64.67250 -170.26226     3.0291    33.0527    1460.63  0.000e+00
     37.927   64.67250 -170.26226     3.0289    33.0531    1460.63  0.000e+00
     37.880   64.67250 -170.26226     3.0291    33.0535    1460.63  0.000e+00
     37.934   64.67250 -170.26226     3.0289    33.0534    1460.63  0.000e+00
     37.988   64.67250 -170.26226     3.0291    33.0530    1460.63  0.000e+00
     37.880   64.67250 -170.26226     3.0290    33.0528    1460.63  0.000e+00
