EcoFOCI/data/1_SampleCollection/2023_SikuliaqDBO_CruiseData/CTD_raw_BottleFile_SKQ23-12S/proc/skq202312s_026.cnv
* Sea-Bird SBE 9 Data File:
* FileName = D:\CTD\SKQ202312S\SKQ202312S_026.hex
* Software Version Seasave V 7.26.7.121
* Temperature SN = 6177
* Conductivity SN = 0369
* Number of Bytes Per Scan = 41
* Number of Voltage Words = 4
* Number of Scans Averaged by the Deck Unit = 1
* NMEA Latitude = 71 17.26 N
* NMEA Longitude = 157 14.75 W
* NMEA UTC (Time) = Sep 20 2023  23:14:47
* NMEA baud rate = 4800
** Ship: R/V Sikuliaq
** Station Number: 026
** Station Name: DBO5.2
** Bottom Depth: 56
** Operator: SD
# nquan = 24
# nvalues = 5478                                  
# units = specified
# name 0 = depSM: Depth [salt water, m]
# name 1 = latitude: Latitude [deg]
# name 2 = longitude: Longitude [deg]
# name 3 = prDM: Pressure, Digiquartz [db]
# name 4 = t090C: Temperature [ITS-90, deg C]
# name 5 = t190C: Temperature, 2 [ITS-90, deg C]
# name 6 = potemp090C: Potential Temperature [ITS-90, deg C]
# name 7 = sal00: Salinity, Practical [PSU]
# name 8 = sal11: Salinity, Practical, 2 [PSU]
# name 9 = density00: Density [density, kg/m^3]
# name 10 = sigma-é00: Density [sigma-theta, kg/m^3]
# name 11 = sbox0Mm/Kg: Oxygen, SBE 43 [umol/kg]
# name 12 = sbox1Mm/Kg: Oxygen, SBE 43, 2 [umol/kg]
# name 13 = oxsolMm/Kg: Oxygen Saturation, Garcia & Gordon [umol/kg]
# name 14 = sbeox0PS: Oxygen, SBE 43 [% saturation]
# name 15 = sbeox1PS: Oxygen, SBE 43, 2 [% saturation]
# name 16 = v0: Voltage 0
# name 17 = flECO-AFL: Fluorescence, WET Labs ECO-AFL/FL [mg/m^3]
# name 18 = v1: Voltage 1
# name 19 = CStarAt0: Beam Attenuation, WET Labs C-Star [1/m]
# name 20 = par: PAR/Irradiance, Biospherical/Licor
# name 21 = scan: Scan Count
# name 22 = timeM: Time, Elapsed [minutes]
# name 23 = flag:  0.000e+00
# span 0 =      2.412,     51.387                 
# span 1 =   71.28776,   71.28778                 
# span 2 = -157.24544, -157.24540                 
# span 3 =      2.437,     51.923                 
# span 4 =     2.1595,     4.5957                 
# span 5 =     2.1601,     4.5974                 
# span 6 =     2.1570,     4.5946                 
# span 7 =    30.2644,    31.7894                 
# span 8 =    30.2852,    31.8021                 
# span 9 =  1023.9938,  1025.6305                 
# span 10 =    23.9794,    25.3877                
# span 11 =    298.380,    319.188                
# span 12 =    282.435,    303.335                
# span 13 =  320.74021,  337.52632                
# span 14 =     92.199,     95.928                
# span 15 =     87.243,     91.914                
# span 16 =     0.0855,     0.2210                
# span 17 =     0.1648,     0.9780                
# span 18 =     2.2137,     4.0708                
# span 19 =     0.5854,     3.0232                
# span 20 = 1.0000e-12, 1.7325e+02                
# span 21 =          1,       5478                
# span 22 =     0.0000,     3.8035                
# span 23 = 0.0000e+00, 0.0000e+00                
# interval = seconds: 0.0416667
# start_time = Sep 20 2023 23:18:27 [NMEA time, first data scan]
# bad_flag = -9.990e-29
*END*
[from data line 5072]
     50.870   71.28778 -157.24542     51.401     2.1642     2.1630     2.1617    31.7842    31.7956  1025.6272    25.3844    315.574    301.990  337.48854     93.507     89.487     0.0977     0.2381     3.0244     1.7744 8.4714e-06       5073     3.5222  0.000e+00
     50.755   71.28778 -157.24542     51.284     2.1639     2.1632     2.1614    31.7842    31.7955  1025.6266    25.3844    315.568    302.160  337.49144     93.504     89.537     0.0977     0.2381     3.0256     1.7727 1.0000e-12       5074     3.5229  0.000e+00
     50.755   71.28778 -157.24542     51.284     2.1637     2.1632     2.1612    31.7838    31.7959  1025.6263    25.3841    315.564    302.154  337.49375     93.502     89.536     0.0977     0.2381     3.0244     1.7744 1.0000e-12       5075     3.5236  0.000e+00
     50.816   71.28778 -157.24542     51.346     2.1635     2.1634     2.1611    31.7837    31.7960  1025.6266    25.3840    315.334    302.147  337.49532     93.434     89.534     0.0977     0.2381     3.0244     1.7744 1.0000e-12       5076     3.5243  0.000e+00
     50.755   71.28778 -157.24542     51.284     2.1631     2.1635     2.1606    31.7845    31.7958  1025.6269    25.3846    315.288    302.132  337.49717     93.419     89.530     0.0977     0.2381     3.0256     1.7727 1.0000e-12       5077     3.5250  0.000e+00
     50.755   71.28778 -157.24542     51.284     2.1631     2.1636     2.1606    31.7843    31.7957  1025.6268    25.3845    315.243    302.118  337.49748     93.406     89.526     0.0989     0.2454     3.0256     1.7727 1.0000e-12       5078     3.5257  0.000e+00
     50.639   71.28778 -157.24542     51.167     2.1629     2.1635     2.1605    31.7846    31.7959  1025.6265    25.3848    315.193    302.096  337.49808     93.391     89.519     0.0977     0.2381     3.0256     1.7727 8.4714e-06       5079     3.5264  0.000e+00
     50.816   71.28778 -157.24542     51.346     2.1628     2.1637     2.1603    31.7844    31.7956  1025.6272    25.3846    315.157    302.082  337.50001     93.380     89.515     0.0977     0.2381     3.0256     1.7727 1.0000e-12       5080     3.5271  0.000e+00
     50.755   71.28778 -157.24542     51.284     2.1631     2.1637     2.1606    31.7837    31.7954  1025.6263    25.3841    315.107    302.057  337.49904     93.365     89.508     0.0977     0.2381     3.0256     1.7727 1.0000e-12       5081     3.5278  0.000e+00
     50.639   71.28778 -157.24542     51.167     2.1626     2.1635     2.1601    31.7844    31.7961  1025.6263    25.3847    315.060    302.051  337.50135     93.351     89.506     0.0977     0.2381     3.0256     1.7727 1.0000e-12       5082     3.5285  0.000e+00
     50.701   71.28778 -157.24542     51.230     2.1631     2.1637     2.1606    31.7842    31.7957  1025.6264    25.3844    315.013    302.024  337.49793     93.338     89.498     0.0977     0.2381     3.0256     1.7727 1.0000e-12       5083     3.5292  0.000e+00
     50.701   71.28778 -157.24542     51.230     2.1628     2.1638     2.1603    31.7846    31.7955  1025.6267    25.3848    314.969    302.017  337.49954     93.324     89.497     0.0977     0.2381     3.0195     1.7808 8.4714e-06       5084     3.5299  0.000e+00
     50.639   71.28778 -157.24542     51.167     2.1628     2.1638     2.1603    31.7846    31.7955  1025.6264    25.3848    314.960    302.007  337.49956     93.322     89.493     0.0977     0.2381     3.0171     1.7841 1.0000e-12       5085     3.5306  0.000e+00
     50.639   71.28778 -157.24542     51.167     2.1628     2.1639     2.1603    31.7844    31.7960  1025.6263    25.3846    315.143    301.994  337.49997     93.376     89.490     0.0977     0.2381     3.0171     1.7841 1.0000e-12       5086     3.5313  0.000e+00
     50.639   71.28778 -157.24542     51.167     2.1626     2.1639     2.1601    31.7845    31.7954  1025.6264    25.3847    315.137    301.984  337.50124     93.373     89.487     0.0989     0.2454     3.0171     1.7841 1.0000e-12       5087     3.5319  0.000e+00
     50.639   71.28778 -157.24542     51.167     2.1626     2.1639     2.1601    31.7843    31.7956  1025.6262    25.3846    315.167    302.171  337.50166     93.382     89.542     0.0977     0.2381     3.0171     1.7841 1.0000e-12       5088     3.5326  0.000e+00
     50.639   71.28778 -157.24542     51.167     2.1626     2.1641     2.1601    31.7844    31.7956  1025.6263    25.3846    315.157    302.177  337.50145     93.380     89.545     0.0989     0.2454     3.0171     1.7841 1.0000e-12       5089     3.5333  0.000e+00
     50.585   71.28778 -157.24542     51.113     2.1626     2.1643     2.1601    31.7846    31.7958  1025.6262    25.3847    315.183    301.975  337.50106     93.387     89.485     0.0977     0.2381     3.0171     1.7841 8.4714e-06       5090     3.5340  0.000e+00
     50.585   71.28778 -157.24542     51.113     2.1628     2.1642     2.1603    31.7843    31.7959  1025.6260    25.3846    315.171    302.155  337.50021     93.384     89.538     0.0952     0.2234     3.0171     1.7841 1.0000e-12       5091     3.5347  0.000e+00
     50.585   71.28778 -157.24542     51.113     2.1626     2.1641     2.1601    31.7848    31.7963  1025.6263    25.3849    315.198    302.154  337.50055     93.392     89.538     0.0940     0.2161     3.0171     1.7841 8.4714e-06       5092     3.5354  0.000e+00
     50.585   71.28778 -157.24542     51.113     2.1626     2.1644     2.1601    31.7846    31.7957  1025.6262    25.3848    315.225    301.946  337.50096     93.400     89.477     0.0940     0.2161     3.0171     1.7841 1.0000e-12       5093     3.5361  0.000e+00
     50.585   71.28778 -157.24542     51.113     2.1629     2.1641     2.1605    31.7842    31.7957  1025.6259    25.3845    315.211    302.121  337.49914     93.396     89.528     0.0952     0.2234     3.0171     1.7841 1.0000e-12       5094     3.5368  0.000e+00
     50.523   71.28778 -157.24542     51.050     2.1629     2.1644     2.1605    31.7849    31.7954  1025.6261    25.3850    315.192    302.107  337.49750     93.391     89.524     0.0940     0.2161     3.0171     1.7841 8.4714e-06       5095     3.5375  0.000e+00
     50.523   71.28778 -157.24542     51.050     2.1631     2.1644     2.1606    31.7845    31.7961  1025.6258    25.3847    315.215    301.891  337.49695     93.398     89.461     0.0952     0.2234     3.0171     1.7841 8.4714e-06       5096     3.5382  0.000e+00
     50.523   71.28778 -157.24542     51.050     2.1629     2.1646     2.1605    31.7849    31.7957  1025.6262    25.3850    315.239    302.054  337.49729     93.405     89.509     0.0940     0.2161     3.0171     1.7841 1.0000e-12       5097     3.5389  0.000e+00
     50.523   71.28778 -157.24542     51.050     2.1633     2.1647     2.1608    31.7850    31.7958  1025.6262    25.3850    315.221    301.858  337.49444     93.400     89.452     0.0940     0.2161     3.0171     1.7841 1.0000e-12       5098     3.5396  0.000e+00
     50.523   71.28778 -157.24542     51.050     2.1635     2.1647     2.1611    31.7847    31.7956  1025.6260    25.3848    315.201    302.044  337.49273     93.395     89.506     0.0928     0.2088     3.0171     1.7841 1.0000e-12       5099     3.5403  0.000e+00
     50.469   71.28778 -157.24542     50.996     2.1635     2.1649     2.1611    31.7850    31.7955  1025.6259    25.3850    315.180    302.045  337.49204     93.389     89.507     0.0940     0.2161     3.0171     1.7841 8.4714e-06       5100     3.5410  0.000e+00
     50.523   71.28778 -157.24542     51.050     2.1639     2.1649     2.1614    31.7845    31.7955  1025.6257    25.3846    315.199    302.051  337.49060     93.395     89.509     0.0928     0.2088     3.0171     1.7841 1.0000e-12       5101     3.5417  0.000e+00
     50.469   71.28778 -157.24542     50.996     2.1639     2.1654     2.1614    31.7845    31.7951  1025.6255    25.3846    315.216    302.046  337.49063     93.400     89.508     0.0940     0.2161     3.0171     1.7841 1.0000e-12       5102     3.5424  0.000e+00
     50.523   71.28778 -157.24542     51.050     2.1642     2.1653     2.1617    31.7846    31.7954  1025.6258    25.3846    315.460    302.048  337.48764     93.473     89.509     0.0952     0.2234     3.0171     1.7841 1.0000e-12       5103     3.5431  0.000e+00
     50.469   71.28778 -157.24542     50.996     2.1644     2.1655     2.1619    31.7843    31.7955  1025.6253    25.3844    315.285    302.040  337.48692     93.422     89.507     0.0940     0.2161     3.0171     1.7841 8.4714e-06       5104     3.5438  0.000e+00
     50.469   71.28778 -157.24542     50.996     2.1645     2.1654     2.1620    31.7843    31.7958  1025.6253    25.3844    315.075    302.061  337.48554     93.360     89.513     0.0952     0.2234     3.0183     1.7824 1.0000e-12       5105     3.5444  0.000e+00
     50.469   71.28778 -157.24542     50.996     2.1644     2.1654     2.1619    31.7847    31.7960  1025.6256    25.3848    315.509    302.257  337.48588     93.488     89.571     0.0940     0.2161     3.0195     1.7808 1.0000e-12       5106     3.5451  0.000e+00
     50.469   71.28778 -157.24542     50.996     2.1645     2.1656     2.1620    31.7843    31.7956  1025.6253    25.3844    315.072    302.094  337.48565     93.359     89.523     0.0940     0.2161     3.0183     1.7824 1.0000e-12       5107     3.5458  0.000e+00
     50.469   71.28778 -157.24542     50.996     2.1648     2.1655     2.1624    31.7842    31.7959  1025.6252    25.3843    315.049    302.084  337.48310     93.352     89.520     0.0940     0.2161     3.0195     1.7808 1.0000e-12       5108     3.5465  0.000e+00
     50.469   71.28778 -157.24542     50.996     2.1647     2.1656     2.1622    31.7843    31.7958  1025.6253    25.3844    315.031    302.071  337.48417     93.347     89.517     0.0940     0.2161     3.0195     1.7808 8.4714e-06       5109     3.5472  0.000e+00
     50.469   71.28778 -157.24542     50.996     2.1647     2.1655     2.1622    31.7846    31.7957  1025.6255    25.3847    315.466    302.260  337.48334     93.476     89.572     0.0928     0.2088     3.0195     1.7808 1.0000e-12       5110     3.5479  0.000e+00
     50.469   71.28778 -157.24542     50.996     2.1647     2.1655     2.1622    31.7842    31.7957  1025.6251    25.3843    315.297    302.268  337.48458     93.426     89.575     0.0940     0.2161     3.0183     1.7824 1.0000e-12       5111     3.5486  0.000e+00
     50.469   71.28778 -157.24542     50.996     2.1647     2.1656     2.1622    31.7844    31.7955  1025.6253    25.3844    315.542    302.271  337.48406     93.498     89.576     0.0940     0.2161     3.0195     1.7808 8.4714e-06       5112     3.5493  0.000e+00
     50.415   71.28778 -157.24542     50.941     2.1648     2.1658     2.1624    31.7840    31.7954  1025.6247    25.3841    315.594    302.269  337.48365     93.514     89.575     0.0940     0.2161     3.0195     1.7808 1.0000e-12       5113     3.5500  0.000e+00
     50.469   71.28778 -157.24542     50.996     2.1648     2.1656     2.1624    31.7840    31.7955  1025.6250    25.3841    315.197    302.295  337.48372     93.396     89.583     0.0952     0.2234     3.0195     1.7808 1.0000e-12       5114     3.5507  0.000e+00
     50.523   71.28778 -157.24542     51.050     2.1647     2.1660     2.1622    31.7840    31.7954  1025.6253    25.3842    315.180    302.316  337.48497     93.391     89.590     0.0940     0.2161     3.0195     1.7808 1.0000e-12       5115     3.5514  0.000e+00
     50.469   71.28778 -157.24542     50.996     2.1650     2.1658     2.1625    31.7838    31.7954  1025.6249    25.3840    315.157    302.335  337.48308     93.385     89.595     0.0952     0.2234     3.0183     1.7824 1.0000e-12       5116     3.5521  0.000e+00
     50.469   71.28778 -157.24542     50.996     2.1650     2.1660     2.1625    31.7846    31.7954  1025.6255    25.3846    315.099    302.351  337.48111     93.368     89.600     0.0965     0.2308     3.0183     1.7824 1.0000e-12       5117     3.5528  0.000e+00
     50.469   71.28778 -157.24542     50.996     2.1653     2.1660     2.1628    31.7844    31.7957  1025.6253    25.3845    315.079    302.365  337.47878     93.363     89.605     0.0977     0.2381     3.0183     1.7824 1.0000e-12       5118     3.5535  0.000e+00
     50.469   71.28778 -157.24542     50.996     2.1650     2.1655     2.1625    31.7844    31.7959  1025.6253    25.3845    315.066    302.382  337.48163     93.358     89.609     0.0977     0.2381     3.0195     1.7808 1.0000e-12       5119     3.5542  0.000e+00
     50.469   71.28778 -157.24542     50.996     2.1650     2.1656     2.1625    31.7838    31.7949  1025.6249    25.3840    315.053    302.369  337.48308     93.354     89.604     0.0977     0.2381     3.0183     1.7824 8.4714e-06       5120     3.5549  0.000e+00
     50.469   71.28778 -157.24542     50.996     2.1647     2.1655     2.1622    31.7841    31.7957  1025.6251    25.3842    315.043    302.377  337.48468     93.350     89.607     0.0989     0.2454     3.0183     1.7824 1.0000e-12       5121     3.5556  0.000e+00
     50.523   71.28778 -157.24542     51.050     2.1644     2.1656     2.1619    31.7841    31.7951  1025.6254    25.3843    315.037    302.359  337.48741     93.348     89.602     0.0977     0.2381     3.0195     1.7808 1.0000e-12       5122     3.5562  0.000e+00
     50.523   71.28778 -157.24542     51.050     2.1645     2.1656     2.1620    31.7842    31.7955  1025.6255    25.3843    315.026    302.361  337.48582     93.345     89.603     0.0977     0.2381     3.0183     1.7824 8.4714e-06       5123     3.5569  0.000e+00
     50.523   71.28778 -157.24542     51.050     2.1645     2.1656     2.1620    31.7840    31.7955  1025.6253    25.3841    315.471    302.362  337.48645     93.477     89.603     0.0977     0.2381     3.0195     1.7808 1.0000e-12       5124     3.5576  0.000e+00
     50.523   71.28778 -157.24542     51.050     2.1644     2.1656     2.1619    31.7839    31.7950  1025.6252    25.3841    315.273    302.565  337.48793     93.418     89.663     0.0977     0.2381     3.0232     1.7760 8.4714e-06       5125     3.5583  0.000e+00
     50.585   71.28778 -157.24542     51.113     2.1644     2.1655     2.1619    31.7841    31.7957  1025.6257    25.3843    315.263    302.385  337.48739     93.415     89.609     0.0977     0.2381     3.0232     1.7760 8.4714e-06       5126     3.5590  0.000e+00
     50.523   71.28778 -157.24542     51.050     2.1640     2.1655     2.1616    31.7843    31.7956  1025.6256    25.3845    315.248    302.376  337.48964     93.410     89.607     0.0977     0.2381     3.0232     1.7760 1.0000e-12       5127     3.5597  0.000e+00
     50.523   71.28778 -157.24542     51.050     2.1640     2.1656     2.1616    31.7845    31.7955  1025.6257    25.3846    315.232    302.368  337.48923     93.405     89.604     0.0989     0.2454     3.0232     1.7760 1.0000e-12       5128     3.5604  0.000e+00
     50.585   71.28778 -157.24542     51.113     2.1642     2.1660     2.1617    31.7841    31.7956  1025.6257    25.3843    315.217    302.357  337.48877     93.401     89.602     0.0977     0.2381     3.0232     1.7760 1.0000e-12       5129     3.5611  0.000e+00
     50.585   71.28778 -157.24542     51.113     2.1639     2.1660     2.1614    31.7840    31.7953  1025.6257    25.3842    315.201    302.346  337.49183     93.395     89.598     0.0989     0.2454     3.0232     1.7760 8.4714e-06       5130     3.5618  0.000e+00
     50.585   71.28778 -157.24542     51.113     2.1639     2.1661     2.1614    31.7843    31.7954  1025.6258    25.3844    315.180    302.532  337.49121     93.389     89.654     0.0977     0.2381     3.0232     1.7760 8.4714e-06       5131     3.5625  0.000e+00
     50.639   71.28778 -157.24542     51.167     2.1637     2.1658     2.1612    31.7844    31.7957  1025.6262    25.3845    315.162    302.543  337.49235     93.383     89.657     0.0989     0.2454     3.0232     1.7760 1.0000e-12       5132     3.5632  0.000e+00
