EcoFOCI/data/1_SampleCollection/2023_SikuliaqDBO_CruiseData/CTD_raw_BottleFile_SKQ23-12S/proc/skq202312s_071.ros
* Sea-Bird SBE 9 Data File:
* FileName = D:\CTD\SKQ202312S\SKQ202312S_071.hex
* Software Version Seasave V 7.26.7.121
* Temperature SN = 6177
* Conductivity SN = 0369
* Number of Bytes Per Scan = 41
* Number of Voltage Words = 4
* Number of Scans Averaged by the Deck Unit = 1
* NMEA Latitude = 68 07.96 N
* NMEA Longitude = 167 29.16 W
* NMEA UTC (Time) = Oct 01 2023  15:37:48
* NMEA baud rate = 4800
** Ship: R/V Sikuliaq
** Station Number: 071
** Station Name: DBO3.4
** Bottom Depth: 48
** Operator: SD
# nquan = 22
# nvalues = 931                                   
# units = specified
# name 0 = depSM: Depth [salt water, m]
# name 1 = latitude: Latitude [deg]
# name 2 = longitude: Longitude [deg]
# name 3 = prDM: Pressure, Digiquartz [db]
# name 4 = t090C: Temperature [ITS-90, deg C]
# name 5 = t190C: Temperature, 2 [ITS-90, deg C]
# name 6 = potemp090C: Potential Temperature [ITS-90, deg C]
# name 7 = sal00: Salinity, Practical [PSU]
# name 8 = sal11: Salinity, Practical, 2 [PSU]
# name 9 = density00: Density [density, kg/m^3]
# name 10 = sigma-é00: Density [sigma-theta, kg/m^3]
# name 11 = sbox0Mm/Kg: Oxygen, SBE 43 [umol/kg]
# name 12 = sbox1Mm/Kg: Oxygen, SBE 43, 2 [umol/kg]
# name 13 = oxsolMm/Kg: Oxygen Saturation, Garcia & Gordon [umol/kg]
# name 14 = sbeox0PS: Oxygen, SBE 43 [% saturation]
# name 15 = v0: Voltage 0
# name 16 = flECO-AFL: Fluorescence, WET Labs ECO-AFL/FL [mg/m^3]
# name 17 = CStarAt0: Beam Attenuation, WET Labs C-Star [1/m]
# name 18 = par: PAR/Irradiance, Biospherical/Licor
# name 19 = scan: Scan Count
# name 20 = nbf: Bottles Fired
# name 21 = flag:  0.000e+00
# interval = seconds: 0.0416667
# start_time = Oct 01 2023 15:41:18 [NMEA time, first data scan]
# bad_flag = -9.990e-29
*END*
[from data line 330]
     20.254   68.13268 -167.48580     20.460     3.6327     3.6338     3.6314    32.0138    32.0243  1025.5419    25.4461    264.923    254.564  324.85365     81.552     0.0733     0.0916     1.1338 1.0000e-12      13500          7  0.000e+00
     20.269   68.13268 -167.48580     20.475     3.6327     3.6336     3.6314    32.0141    32.0245  1025.5423    25.4464    264.681    254.547  324.85290     81.477     0.0733     0.0916     1.1338 1.0000e-12      13501          7  0.000e+00
     20.254   68.13268 -167.48580     20.460     3.6327     3.6337     3.6314    32.0138    32.0245  1025.5419    25.4461    264.836    254.526  324.85375     81.525     0.0733     0.0916     1.1338 8.4714e-06      13502          7  0.000e+00
     20.215   68.13268 -167.48580     20.421     3.6327     3.6337     3.6314    32.0141    32.0247  1025.5420    25.4464    264.811    254.500  324.85283     81.517     0.0733     0.0916     1.1352 8.4714e-06      13503          7  0.000e+00
     20.254   68.13268 -167.48580     20.460     3.6328     3.6336     3.6316    32.0138    32.0249  1025.5420    25.4462    264.793    254.284  324.85229     81.512     0.0733     0.0916     1.1366 8.4714e-06      13504          7  0.000e+00
     20.215   68.13268 -167.48580     20.421     3.6327     3.6337     3.6314    32.0135    32.0243  1025.5415    25.4459    264.777    254.234  324.85438     81.506     0.0733     0.0916     1.1366 8.4714e-06      13505          7  0.000e+00
     20.254   68.13268 -167.48580     20.460     3.6327     3.6336     3.6314    32.0138    32.0242  1025.5420    25.4462    264.763    254.185  324.85355     81.502     0.0720     0.0842     1.1352 1.0000e-12      13506          7  0.000e+00
     20.192   68.13268 -167.48580     20.397     3.6327     3.6335     3.6314    32.0139    32.0243  1025.5418    25.4463    264.537    254.152  324.85328     81.433     0.0733     0.0916     1.1352 1.0000e-12      13507          7  0.000e+00
     20.215   68.13268 -167.48580     20.421     3.6328     3.6335     3.6316    32.0138    32.0243  1025.5417    25.4461    264.709    254.122  324.85243     81.486     0.0733     0.0916     1.1366 1.0000e-12      13508          7  0.000e+00
     20.192   68.13268 -167.48580     20.398     3.6328     3.6334     3.6316    32.0134    32.0247  1025.5413    25.4458    264.492    254.088  324.85327     81.419     0.0733     0.0916     1.1352 1.0000e-12      13509          7  0.000e+00
     20.154   68.13268 -167.48580     20.359     3.6328     3.6335     3.6316    32.0135    32.0247  1025.5412    25.4459    264.457    254.053  324.85313     81.408     0.0733     0.0916     1.1366 8.4714e-06      13510          7  0.000e+00
     20.192   68.13268 -167.48580     20.398     3.6328     3.6335     3.6316    32.0138    32.0247  1025.5416    25.4461    264.429    254.020  324.85240     81.400     0.0733     0.0916     1.1366 8.4714e-06      13511          7  0.000e+00
     20.215   68.13268 -167.48580     20.421     3.6328     3.6336     3.6316    32.0134    32.0243  1025.5414    25.4458    264.440    253.986  324.85340     81.403     0.0733     0.0916     1.1366 8.4714e-06      13512          7  0.000e+00
     19.962   68.13270 -167.48580     20.165     3.6322     3.6333     3.6310    32.0140    32.0247  1025.5408    25.4463    264.714    254.177  324.85698     81.486     0.0720     0.0842     1.1393 1.0000e-12      13617          8  0.000e+00
     19.985   68.13270 -167.48580     20.188     3.6325     3.6333     3.6313    32.0134    32.0246  1025.5404    25.4459    264.957    254.183  324.85583     81.562     0.0720     0.0842     1.1393 1.0000e-12      13618          8  0.000e+00
     19.908   68.13270 -167.48580     20.111     3.6325     3.6333     3.6313    32.0135    32.0244  1025.5401    25.4459    264.807    254.186  324.85564     81.515     0.0708     0.0769     1.1393 1.0000e-12      13619          8  0.000e+00
     19.985   68.13270 -167.48580     20.188     3.6323     3.6333     3.6311    32.0138    32.0245  1025.5407    25.4462    264.845    254.192  324.85623     81.527     0.0720     0.0842     1.1393 1.0000e-12      13620          8  0.000e+00
     19.962   68.13270 -167.48580     20.165     3.6323     3.6330     3.6311    32.0138    32.0247  1025.5406    25.4462    264.847    254.195  324.85610     81.527     0.0720     0.0842     1.1393 1.0000e-12      13621          8  0.000e+00
     19.962   68.13270 -167.48580     20.165     3.6325     3.6333     3.6313    32.0137    32.0243  1025.5405    25.4461    265.063    254.196  324.85503     81.594     0.0720     0.0842     1.1393 1.0000e-12      13622          8  0.000e+00
     19.931   68.13270 -167.48580     20.134     3.6323     3.6332     3.6311    32.0136    32.0246  1025.5403    25.4460    265.101    254.196  324.85655     81.606     0.0720     0.0842     1.1393 1.0000e-12      13623          8  0.000e+00
     20.024   68.13270 -167.48580     20.228     3.6322     3.6329     3.6309    32.0139    32.0250  1025.5410    25.4463    265.142    254.392  324.85706     81.618     0.0720     0.0842     1.1393 1.0000e-12      13624          8  0.000e+00
     19.985   68.13270 -167.48580     20.189     3.6325     3.6330     3.6313    32.0135    32.0250  1025.5404    25.4459    265.177    254.410  324.85574     81.629     0.0720     0.0842     1.1393 1.0000e-12      13625          8  0.000e+00
     19.962   68.13270 -167.48580     20.165     3.6325     3.6332     3.6313    32.0138    32.0248  1025.5406    25.4461    265.213    254.449  324.85493     81.641     0.0720     0.0842     1.1393 8.4714e-06      13626          8  0.000e+00
     19.986   68.13270 -167.48580     20.189     3.6323     3.6331     3.6311    32.0140    32.0245  1025.5408    25.4463    265.039    254.467  324.85574     81.587     0.0720     0.0842     1.1393 8.4714e-06      13627          8  0.000e+00
     19.962   68.13270 -167.48580     20.165     3.6325     3.6330     3.6313    32.0135    32.0246  1025.5403    25.4459    265.257    254.291  324.85571     81.654     0.0720     0.0842     1.1380 1.0000e-12      13628          8  0.000e+00
     20.024   68.13270 -167.48580     20.228     3.6323     3.6333     3.6311    32.0137    32.0240  1025.5408    25.4461    265.299    254.285  324.85637     81.666     0.0720     0.0842     1.1393 1.0000e-12      13629          8  0.000e+00
     19.986   68.13270 -167.48580     20.189     3.6325     3.6330     3.6313    32.0135    32.0250  1025.5405    25.4460    265.336    254.276  324.85554     81.678     0.0720     0.0842     1.1393 8.4714e-06      13630          8  0.000e+00
     20.024   68.13270 -167.48580     20.228     3.6323     3.6333     3.6311    32.0139    32.0246  1025.5410    25.4463    265.411    254.267  324.85579     81.701     0.0720     0.0842     1.1393 8.4714e-06      13631          8  0.000e+00
     20.040   68.13270 -167.48580     20.243     3.6323     3.6333     3.6311    32.0141    32.0246  1025.5412    25.4464    265.452    254.449  324.85552     81.714     0.0720     0.0842     1.1393 1.0000e-12      13632          8  0.000e+00
     20.024   68.13270 -167.48580     20.228     3.6323     3.6333     3.6311    32.0139    32.0246  1025.5410    25.4463    265.492    254.458  324.85579     81.726     0.0720     0.0842     1.1380 1.0000e-12      13633          8  0.000e+00
     19.986   68.13270 -167.48580     20.189     3.6323     3.6333     3.6311    32.0140    32.0243  1025.5409    25.4464    265.531    254.465  324.85555     81.738     0.0720     0.0842     1.1393 1.0000e-12      13634          8  0.000e+00
     20.024   68.13270 -167.48580     20.228     3.6325     3.6333     3.6313    32.0135    32.0246  1025.5406    25.4459    265.572    254.473  324.85569     81.751     0.0708     0.0769     1.1380 1.0000e-12      13635          8  0.000e+00
     20.078   68.13270 -167.48580     20.282     3.6323     3.6333     3.6311    32.0140    32.0248  1025.5413    25.4463    265.401    254.478  324.85577     81.698     0.0720     0.0842     1.1380 1.0000e-12      13636          8  0.000e+00
     19.986   68.13270 -167.48580     20.189     3.6323     3.6332     3.6311    32.0139    32.0248  1025.5408    25.4462    265.798    254.479  324.85594     81.820     0.0708     0.0769     1.1380 1.0000e-12      13637          8  0.000e+00
     20.078   68.13270 -167.48580     20.282     3.6327     3.6334     3.6314    32.0133    32.0247  1025.5407    25.4458    265.873    254.481  324.85478     81.844     0.0720     0.0842     1.1393 1.0000e-12      13638          8  0.000e+00
     20.040   68.13270 -167.48580     20.243     3.6325     3.6330     3.6313    32.0138    32.0252  1025.5409    25.4461    265.943    254.481  324.85493     81.865     0.0733     0.0916     1.1393 1.0000e-12      13639          8  0.000e+00
     20.024   68.13270 -167.48580     20.228     3.6327     3.6334     3.6314    32.0140    32.0246  1025.5410    25.4463    266.010    254.476  324.85326     81.886     0.0733     0.0916     1.1380 1.0000e-12      13640          8  0.000e+00
     20.078   68.13270 -167.48580     20.282     3.6328     3.6333     3.6316    32.0133    32.0246  1025.5407    25.4457    266.080    254.474  324.85361     81.908     0.0733     0.0916     1.1393 8.4714e-06      13641          8  0.000e+00
     20.040   68.13270 -167.48580     20.243     3.6323     3.6333     3.6311    32.0141    32.0246  1025.5412    25.4464    266.113    254.275  324.85533     81.917     0.0745     0.0989     1.1393 1.0000e-12      13642          8  0.000e+00
     20.078   68.13270 -167.48580     20.282     3.6328     3.6333     3.6316    32.0136    32.0251  1025.5409    25.4460    266.141    254.247  324.85284     81.927     0.0757     0.1062     1.1393 8.4714e-06      13643          8  0.000e+00
     20.040   68.13270 -167.48580     20.243     3.6328     3.6333     3.6316    32.0137    32.0247  1025.5408    25.4460    266.166    254.216  324.85269     81.934     0.0757     0.1062     1.1393 1.0000e-12      13644          8  0.000e+00
     20.078   68.13270 -167.48580     20.282     3.6330     3.6333     3.6317    32.0134    32.0246  1025.5408    25.4458    266.190    254.188  324.85206     81.942     0.0769     0.1135     1.1366 1.0000e-12      13645          8  0.000e+00
     20.040   68.13270 -167.48580     20.243     3.6328     3.6333     3.6316    32.0136    32.0248  1025.5407    25.4460    266.211    254.154  324.85289     81.948     0.0757     0.1062     1.1352 8.4714e-06      13646          8  0.000e+00
     20.140   68.13270 -167.48580     20.345     3.6327     3.6335     3.6314    32.0140    32.0244  1025.5415    25.4463    266.233    254.125  324.85322     81.955     0.0757     0.1062     1.1338 1.0000e-12      13647          8  0.000e+00
     20.078   68.13270 -167.48580     20.282     3.6327     3.6333     3.6314    32.0136    32.0248  1025.5410    25.4460    266.460    254.112  324.85411     82.024     0.0757     0.1062     1.1338 1.0000e-12      13648          8  0.000e+00
     20.040   68.13270 -167.48580     20.243     3.6328     3.6335     3.6316    32.0137    32.0245  1025.5408    25.4461    266.288    254.099  324.85260     81.972     0.0757     0.1062     1.1352 8.4714e-06      13649          8  0.000e+00
     20.140   68.13270 -167.48580     20.345     3.6328     3.6333     3.6316    32.0139    32.0245  1025.5415    25.4462    266.513    254.093  324.85214     82.041     0.0757     0.1062     1.1352 1.0000e-12      13650          8  0.000e+00
     20.102   68.13270 -167.48580     20.306     3.6328     3.6334     3.6316    32.0138    32.0247  1025.5412    25.4462    266.584    254.057  324.85229     82.063     0.0757     0.1062     1.1338 1.0000e-12      13651          8  0.000e+00
     20.078   68.13270 -167.48580     20.282     3.6328     3.6333     3.6316    32.0136    32.0246  1025.5409    25.4460    266.619    254.046  324.85284     82.074     0.0757     0.1062     1.1338 1.0000e-12      13652          8  0.000e+00
     20.078   68.13270 -167.48580     20.283     3.6328     3.6334     3.6316    32.0136    32.0249  1025.5410    25.4460    266.649    254.033  324.85274     82.083     0.0757     0.1062     1.1338 8.4714e-06      13653          8  0.000e+00
     20.156   68.13270 -167.48580     20.360     3.6328     3.6335     3.6316    32.0133    32.0248  1025.5411    25.4458    266.679    253.832  324.85352     82.092     0.0757     0.1062     1.1352 8.4714e-06      13654          8  0.000e+00
     20.078   68.13270 -167.48580     20.283     3.6328     3.6337     3.6316    32.0136    32.0246  1025.5409    25.4459    266.698    253.988  324.85294     82.098     0.0757     0.1062     1.1352 1.0000e-12      13655          8  0.000e+00
     20.102   68.13270 -167.48580     20.306     3.6330     3.6336     3.6317    32.0136    32.0248  1025.5411    25.4460    266.716    253.978  324.85151     82.104     0.0757     0.1062     1.1352 8.4714e-06      13656          8  0.000e+00
     20.140   68.13270 -167.48580     20.345     3.6328     3.6338     3.6316    32.0134    32.0245  1025.5411    25.4458    266.733    253.945  324.85340     82.109     0.0757     0.1062     1.1338 8.4714e-06      13657          8  0.000e+00
     20.156   68.13270 -167.48580     20.361     3.6328     3.6336     3.6316    32.0131    32.0243  1025.5409    25.4456    266.709    253.744  324.85400     82.101     0.0757     0.1062     1.1352 1.0000e-12      13658          8  0.000e+00
     20.140   68.13270 -167.48580     20.345     3.6328     3.6337     3.6316    32.0136    32.0244  1025.5412    25.4460    266.746    253.710  324.85282     82.113     0.0757     0.1062     1.1352 1.0000e-12      13659          8  0.000e+00
     20.140   68.13270 -167.48580     20.345     3.6328     3.6337     3.6316    32.0136    32.0246  1025.5412    25.4460    266.747    253.679  324.85292     82.113     0.0757     0.1062     1.1338 1.0000e-12      13660          8  0.000e+00
     20.156   68.13270 -167.48580     20.361     3.6330     3.6334     3.6317    32.0135    32.0250  1025.5412    25.4458    266.744    253.649  324.85196     82.113     0.0757     0.1062     1.1352 1.0000e-12      13661          8  0.000e+00
     20.140   68.13270 -167.48580     20.345     3.6327     3.6338     3.6314    32.0139    32.0245  1025.5415    25.4463    266.738    253.617  324.85331     82.110     0.0757     0.1062     1.1338 8.4714e-06      13662          8  0.000e+00
     20.102   68.13270 -167.48580     20.306     3.6328     3.6336     3.6316    32.0136    32.0248  1025.5410    25.4460    266.725    253.588  324.85287     82.106     0.0757     0.1062     1.1352 8.4714e-06      13663          8  0.000e+00
     20.194   68.13270 -167.48580     20.400     3.6330     3.6338     3.6317    32.0136    32.0244  1025.5415    25.4460    266.712    253.562  324.85153     82.103     0.0757     0.1062     1.1352 1.0000e-12      13664          8  0.000e+00
     20.156   68.13270 -167.48580     20.361     3.6331     3.6335     3.6319    32.0140    32.0249  1025.5416    25.4462    266.689    253.535  324.84944     82.096     0.0757     0.1062     1.1366 8.4714e-06      13665          8  0.000e+00
     20.080   68.13270 -167.48580     20.284     3.6334     3.6339     3.6322    32.0133    32.0244  1025.5406    25.4457    265.985    253.423  324.84855     81.880     0.0733     0.0916     1.1449 8.4714e-06      13761          9  0.000e+00
     19.988   68.13270 -167.48580     20.191     3.6333     3.6338     3.6321    32.0135    32.0247  1025.5404    25.4459    265.984    253.245  324.84931     81.879     0.0733     0.0916     1.1449 8.4714e-06      13762          9  0.000e+00
     20.142   68.13270 -167.48580     20.347     3.6333     3.6340     3.6321    32.0136    32.0246  1025.5412    25.4459    265.990    253.245  324.84912     81.881     0.0733     0.0916     1.1449 8.4714e-06      13763          9  0.000e+00
