EcoFOCI/data/1_SampleCollection/2023_SikuliaqDBO_CruiseData/CTD_raw_BottleFile_SKQ23-12S/proc/skq202312s_057svp.cnv
* Sea-Bird SBE 9 Data File:
* FileName = D:\CTD\SKQ202312S\SKQ202312S_057.hex
* Software Version Seasave V 7.26.7.121
* Temperature SN = 6177
* Conductivity SN = 0369
* Number of Bytes Per Scan = 41
* Number of Voltage Words = 4
* Number of Scans Averaged by the Deck Unit = 1
* NMEA Latitude = 71 20.18 N
* NMEA Longitude = 164 36.58 W
* NMEA UTC (Time) = Sep 27 2023  08:27:58
* NMEA baud rate = 4800
** Ship: R/V Sikuliaq
** Station Number: 057
** Station Name: IC5
** Bottom Depth: 44
** Operator: SS
# nquan = 7
# nvalues = 5121                                  
# units = specified
# name 0 = depSM: Depth [salt water, m]
# name 1 = latitude: Latitude [deg]
# name 2 = longitude: Longitude [deg]
# name 3 = t090C: Temperature [ITS-90, deg C]
# name 4 = sal00: Salinity, Practical [PSU]
# name 5 = svCM: Sound Velocity [Chen-Millero, m/s]
# name 6 = flag:  0.000e+00
# span 0 =      2.121,     38.841                 
# span 1 =   71.33624,   71.33640                 
# span 2 = -164.61044, -164.61020                 
# span 3 =    -1.2715,     3.4471                 
# span 4 =    30.6016,    32.4982                 
# span 5 =    1440.33,    1459.35                 
# span 6 = 0.0000e+00, 0.0000e+00                 
# interval = seconds: 0.0416667
# start_time = Sep 27 2023 08:31:38 [NMEA time, first data scan]
# bad_flag = -9.990e-29
*END*
[from data line 4308]
     38.720   71.33636 -164.61044    -1.2697    32.4555    1440.41  0.000e+00
     38.666   71.33636 -164.61044    -1.2697    32.4556    1440.41  0.000e+00
     38.712   71.33636 -164.61044    -1.2698    32.4554    1440.41  0.000e+00
     38.720   71.33636 -164.61044    -1.2698    32.4551    1440.41  0.000e+00
     38.720   71.33636 -164.61044    -1.2700    32.4553    1440.41  0.000e+00
     38.666   71.33636 -164.61044    -1.2702    32.4556    1440.41  0.000e+00
     38.774   71.33636 -164.61044    -1.2702    32.4556    1440.41  0.000e+00
     38.666   71.33636 -164.61044    -1.2700    32.4554    1440.41  0.000e+00
     38.666   71.33636 -164.61044    -1.2702    32.4558    1440.41  0.000e+00
     38.712   71.33636 -164.61044    -1.2700    32.4553    1440.41  0.000e+00
     38.666   71.33636 -164.61044    -1.2700    32.4552    1440.41  0.000e+00
     38.720   71.33636 -164.61044    -1.2700    32.4553    1440.41  0.000e+00
     38.666   71.33636 -164.61044    -1.2700    32.4552    1440.41  0.000e+00
     38.712   71.33636 -164.61044    -1.2705    32.4557    1440.41  0.000e+00
     38.666   71.33636 -164.61044    -1.2703    32.4555    1440.40  0.000e+00
     38.666   71.33636 -164.61044    -1.2705    32.4557    1440.40  0.000e+00
     38.712   71.33636 -164.61044    -1.2707    32.4560    1440.40  0.000e+00
     38.666   71.33636 -164.61044    -1.2706    32.4559    1440.40  0.000e+00
     38.666   71.33636 -164.61044    -1.2706    32.4560    1440.40  0.000e+00
     38.666   71.33636 -164.61044    -1.2705    32.4557    1440.40  0.000e+00
     38.658   71.33636 -164.61044    -1.2705    32.4559    1440.40  0.000e+00
     38.720   71.33636 -164.61044    -1.2703    32.4555    1440.41  0.000e+00
     38.666   71.33636 -164.61044    -1.2703    32.4557    1440.41  0.000e+00
     38.658   71.33636 -164.61044    -1.2705    32.4555    1440.40  0.000e+00
     38.666   71.33636 -164.61044    -1.2706    32.4553    1440.40  0.000e+00
     38.666   71.33636 -164.61044    -1.2707    32.4556    1440.40  0.000e+00
     38.712   71.33636 -164.61044    -1.2707    32.4554    1440.40  0.000e+00
     38.604   71.33636 -164.61044    -1.2712    32.4561    1440.40  0.000e+00
     38.720   71.33636 -164.61044    -1.2711    32.4556    1440.40  0.000e+00
     38.604   71.33636 -164.61044    -1.2709    32.4558    1440.40  0.000e+00
     38.658   71.33636 -164.61044    -1.2711    32.4563    1440.40  0.000e+00
     38.720   71.33636 -164.61044    -1.2712    32.4565    1440.40  0.000e+00
     38.604   71.33636 -164.61044    -1.2712    32.4565    1440.40  0.000e+00
     38.712   71.33636 -164.61044    -1.2709    32.4565    1440.40  0.000e+00
     38.666   71.33636 -164.61044    -1.2709    32.4565    1440.40  0.000e+00
     38.666   71.33636 -164.61044    -1.2707    32.4556    1440.40  0.000e+00
     38.604   71.33636 -164.61044    -1.2711    32.4560    1440.40  0.000e+00
     38.712   71.33636 -164.61044    -1.2709    32.4559    1440.40  0.000e+00
     38.666   71.33636 -164.61044    -1.2711    32.4558    1440.40  0.000e+00
     38.604   71.33636 -164.61044    -1.2709    32.4563    1440.40  0.000e+00
     38.712   71.33636 -164.61044    -1.2712    32.4565    1440.40  0.000e+00
     38.666   71.33636 -164.61044    -1.2711    32.4564    1440.40  0.000e+00
     38.666   71.33636 -164.61044    -1.2711    32.4564    1440.40  0.000e+00
     38.666   71.33636 -164.61044    -1.2709    32.4564    1440.40  0.000e+00
     38.658   71.33636 -164.61044    -1.2706    32.4561    1440.40  0.000e+00
     38.666   71.33636 -164.61044    -1.2706    32.4568    1440.41  0.000e+00
     38.666   71.33636 -164.61044    -1.2703    32.4562    1440.41  0.000e+00
     38.712   71.33636 -164.61044    -1.2702    32.4559    1440.41  0.000e+00
     38.666   71.33636 -164.61044    -1.2703    32.4561    1440.41  0.000e+00
     38.666   71.33636 -164.61044    -1.2703    32.4558    1440.41  0.000e+00
     38.712   71.33636 -164.61044    -1.2703    32.4554    1440.41  0.000e+00
     38.666   71.33636 -164.61044    -1.2706    32.4558    1440.40  0.000e+00
     38.666   71.33636 -164.61044    -1.2705    32.4557    1440.40  0.000e+00
     38.720   71.33636 -164.61044    -1.2706    32.4554    1440.40  0.000e+00
     38.658   71.33636 -164.61044    -1.2709    32.4556    1440.40  0.000e+00
     38.720   71.33636 -164.61044    -1.2711    32.4557    1440.40  0.000e+00
     38.666   71.33636 -164.61044    -1.2709    32.4556    1440.40  0.000e+00
     38.712   71.33636 -164.61044    -1.2711    32.4560    1440.40  0.000e+00
     38.720   71.33636 -164.61044    -1.2711    32.4558    1440.40  0.000e+00
     38.666   71.33636 -164.61044    -1.2711    32.4562    1440.40  0.000e+00
     38.720   71.33636 -164.61044    -1.2711    32.4561    1440.40  0.000e+00
     38.712   71.33636 -164.61044    -1.2712    32.4562    1440.40  0.000e+00
     38.720   71.33636 -164.61044    -1.2712    32.4562    1440.40  0.000e+00
     38.666   71.33636 -164.61044    -1.2714    32.4564    1440.40  0.000e+00
     38.774   71.33636 -164.61044    -1.2714    32.4561    1440.40  0.000e+00
     38.666   71.33636 -164.61044    -1.2712    32.4559    1440.40  0.000e+00
     38.720   71.33636 -164.61044    -1.2712    32.4556    1440.40  0.000e+00
     38.720   71.33636 -164.61044    -1.2714    32.4560    1440.40  0.000e+00
     38.712   71.33636 -164.61044    -1.2714    32.4563    1440.40  0.000e+00
     38.781   71.33636 -164.61044    -1.2714    32.4561    1440.40  0.000e+00
     38.719   71.33636 -164.61044    -1.2712    32.4563    1440.40  0.000e+00
     38.773   71.33636 -164.61044    -1.2712    32.4560    1440.40  0.000e+00
     38.665   71.33636 -164.61044    -1.2715    32.4563    1440.40  0.000e+00
     38.781   71.33636 -164.61044    -1.2712    32.4563    1440.40  0.000e+00
     38.719   71.33636 -164.61044    -1.2712    32.4560    1440.40  0.000e+00
     38.712   71.33636 -164.61044    -1.2715    32.4562    1440.40  0.000e+00
     38.781   71.33636 -164.61044    -1.2712    32.4558    1440.40  0.000e+00
     38.719   71.33636 -164.61044    -1.2712    32.4563    1440.40  0.000e+00
     38.773   71.33636 -164.61044    -1.2712    32.4557    1440.40  0.000e+00
     38.781   71.33636 -164.61044    -1.2714    32.4561    1440.40  0.000e+00
     38.719   71.33636 -164.61044    -1.2712    32.4559    1440.40  0.000e+00
     38.773   71.33636 -164.61044    -1.2712    32.4561    1440.40  0.000e+00
     38.781   71.33636 -164.61044    -1.2711    32.4560    1440.40  0.000e+00
     38.781   71.33636 -164.61044    -1.2711    32.4560    1440.40  0.000e+00
     38.781   71.33636 -164.61044    -1.2712    32.4563    1440.40  0.000e+00
     38.773   71.33636 -164.61044    -1.2711    32.4565    1440.40  0.000e+00
     38.781   71.33636 -164.61044    -1.2711    32.4566    1440.40  0.000e+00
     38.719   71.33636 -164.61044    -1.2707    32.4558    1440.40  0.000e+00
     38.773   71.33636 -164.61044    -1.2709    32.4558    1440.40  0.000e+00
     38.781   71.33636 -164.61044    -1.2711    32.4564    1440.40  0.000e+00
     38.781   71.33636 -164.61044    -1.2707    32.4560    1440.41  0.000e+00
     38.781   71.33636 -164.61044    -1.2709    32.4559    1440.40  0.000e+00
     38.773   71.33636 -164.61044    -1.2706    32.4559    1440.41  0.000e+00
     38.781   71.33636 -164.61044    -1.2707    32.4564    1440.41  0.000e+00
     38.719   71.33636 -164.61044    -1.2706    32.4560    1440.40  0.000e+00
     38.827   71.33636 -164.61044    -1.2707    32.4563    1440.41  0.000e+00
     38.719   71.33636 -164.61044    -1.2703    32.4558    1440.41  0.000e+00
     38.835   71.33636 -164.61044    -1.2705    32.4563    1440.41  0.000e+00
     38.719   71.33636 -164.61044    -1.2705    32.4565    1440.41  0.000e+00
     38.773   71.33636 -164.61044    -1.2703    32.4558    1440.41  0.000e+00
     38.781   71.33636 -164.61044    -1.2702    32.4556    1440.41  0.000e+00
     38.781   71.33636 -164.61044    -1.2702    32.4558    1440.41  0.000e+00
     38.773   71.33636 -164.61044    -1.2703    32.4557    1440.41  0.000e+00
     38.781   71.33636 -164.61044    -1.2703    32.4557    1440.41  0.000e+00
     38.781   71.33636 -164.61044    -1.2703    32.4559    1440.41  0.000e+00
     38.781   71.33636 -164.61044    -1.2703    32.4556    1440.41  0.000e+00
     38.773   71.33636 -164.61044    -1.2705    32.4558    1440.41  0.000e+00
     38.719   71.33636 -164.61044    -1.2703    32.4557    1440.41  0.000e+00
     38.781   71.33636 -164.61044    -1.2702    32.4558    1440.41  0.000e+00
     38.773   71.33636 -164.61044    -1.2703    32.4560    1440.41  0.000e+00
     38.781   71.33636 -164.61044    -1.2706    32.4561    1440.41  0.000e+00
     38.781   71.33636 -164.61044    -1.2705    32.4561    1440.41  0.000e+00
     38.719   71.33636 -164.61044    -1.2705    32.4560    1440.41  0.000e+00
     38.773   71.33636 -164.61044    -1.2705    32.4557    1440.41  0.000e+00
     38.781   71.33636 -164.61044    -1.2705    32.4560    1440.41  0.000e+00
     38.719   71.33636 -164.61044    -1.2705    32.4556    1440.41  0.000e+00
     38.773   71.33636 -164.61044    -1.2705    32.4560    1440.41  0.000e+00
     38.719   71.33636 -164.61044    -1.2703    32.4556    1440.41  0.000e+00
     38.781   71.33636 -164.61044    -1.2702    32.4557    1440.41  0.000e+00
     38.773   71.33636 -164.61044    -1.2705    32.4559    1440.41  0.000e+00
     38.719   71.33636 -164.61044    -1.2703    32.4553    1440.41  0.000e+00
     38.719   71.33636 -164.61044    -1.2705    32.4558    1440.41  0.000e+00
     38.719   71.33636 -164.61044    -1.2705    32.4555    1440.40  0.000e+00
     38.773   71.33636 -164.61044    -1.2706    32.4557    1440.41  0.000e+00
     38.719   71.33636 -164.61044    -1.2706    32.4560    1440.40  0.000e+00
     38.719   71.33636 -164.61044    -1.2705    32.4557    1440.41  0.000e+00
     38.711   71.33636 -164.61044    -1.2706    32.4558    1440.40  0.000e+00
     38.719   71.33636 -164.61044    -1.2705    32.4559    1440.41  0.000e+00
     38.781   71.33636 -164.61044    -1.2705    32.4554    1440.41  0.000e+00
     38.665   71.33636 -164.61044    -1.2705    32.4558    1440.40  0.000e+00
     38.711   71.33636 -164.61044    -1.2706    32.4561    1440.40  0.000e+00
     38.719   71.33636 -164.61044    -1.2705    32.4559    1440.41  0.000e+00
     38.719   71.33636 -164.61044    -1.2705    32.4561    1440.41  0.000e+00
     38.711   71.33636 -164.61044    -1.2703    32.4556    1440.41  0.000e+00
     38.719   71.33636 -164.61044    -1.2702    32.4558    1440.41  0.000e+00
     38.719   71.33636 -164.61044    -1.2703    32.4562    1440.41  0.000e+00
     38.665   71.33636 -164.61044    -1.2702    32.4560    1440.41  0.000e+00
     38.711   71.33636 -164.61044    -1.2705    32.4560    1440.41  0.000e+00
     38.719   71.33636 -164.61044    -1.2700    32.4554    1440.41  0.000e+00
     38.665   71.33636 -164.61044    -1.2702    32.4558    1440.41  0.000e+00
     38.711   71.33636 -164.61044    -1.2700    32.4555    1440.41  0.000e+00
     38.665   71.33636 -164.61044    -1.2700    32.4559    1440.41  0.000e+00
     38.719   71.33636 -164.61044    -1.2698    32.4558    1440.41  0.000e+00
     38.665   71.33636 -164.61044    -1.2697    32.4561    1440.41  0.000e+00
     38.657   71.33636 -164.61044    -1.2697    32.4561    1440.41  0.000e+00
     38.665   71.33636 -164.61044    -1.2697    32.4562    1440.41  0.000e+00
     38.719   71.33636 -164.61044    -1.2697    32.4560    1440.41  0.000e+00
     38.657   71.33636 -164.61044    -1.2694    32.4554    1440.41  0.000e+00
     38.665   71.33636 -164.61044    -1.2695    32.4553    1440.41  0.000e+00
     38.665   71.33636 -164.61044    -1.2698    32.4551    1440.41  0.000e+00
     38.711   71.33636 -164.61044    -1.2698    32.4556    1440.41  0.000e+00
     38.665   71.33636 -164.61044    -1.2698    32.4554    1440.41  0.000e+00
     38.665   71.33636 -164.61044    -1.2700    32.4554    1440.41  0.000e+00
     38.665   71.33636 -164.61044    -1.2698    32.4553    1440.41  0.000e+00
     38.657   71.33636 -164.61044    -1.2702    32.4559    1440.41  0.000e+00
     38.665   71.33636 -164.61044    -1.2700    32.4555    1440.41  0.000e+00
     38.665   71.33636 -164.61044    -1.2700    32.4554    1440.41  0.000e+00
     38.657   71.33636 -164.61044    -1.2697    32.4554    1440.41  0.000e+00
     38.665   71.33636 -164.61044    -1.2700    32.4557    1440.41  0.000e+00
     38.665   71.33636 -164.61044    -1.2702    32.4557    1440.41  0.000e+00
     38.665   71.33636 -164.61044    -1.2698    32.4559    1440.41  0.000e+00
     38.595   71.33636 -164.61044    -1.2698    32.4557    1440.41  0.000e+00
     38.665   71.33636 -164.61044    -1.2700    32.4557    1440.41  0.000e+00
     38.665   71.33636 -164.61044    -1.2698    32.4549    1440.41  0.000e+00
     38.657   71.33636 -164.61044    -1.2702    32.4553    1440.41  0.000e+00
     38.665   71.33636 -164.61044    -1.2702    32.4554    1440.41  0.000e+00
     38.665   71.33636 -164.61044    -1.2703    32.4552    1440.40  0.000e+00
     38.665   71.33636 -164.61044    -1.2705    32.4554    1440.40  0.000e+00
     38.657   71.33636 -164.61044    -1.2706    32.4560    1440.40  0.000e+00
     38.665   71.33636 -164.61044    -1.2705    32.4557    1440.40  0.000e+00
     38.665   71.33636 -164.61044    -1.2705    32.4561    1440.40  0.000e+00
     38.657   71.33636 -164.61044    -1.2703    32.4558    1440.41  0.000e+00
     38.665   71.33636 -164.61044    -1.2702    32.4561    1440.41  0.000e+00
     38.603   71.33636 -164.61044    -1.2702    32.4560    1440.41  0.000e+00
     38.711   71.33636 -164.61044    -1.2700    32.4557    1440.41  0.000e+00
     38.603   71.33636 -164.61044    -1.2700    32.4558    1440.41  0.000e+00
     38.719   71.33636 -164.61044    -1.2702    32.4555    1440.41  0.000e+00
     38.665   71.33636 -164.61044    -1.2698    32.4556    1440.41  0.000e+00
     38.657   71.33636 -164.61044    -1.2700    32.4558    1440.41  0.000e+00
     38.665   71.33636 -164.61044    -1.2697    32.4556    1440.41  0.000e+00
     38.665   71.33636 -164.61044    -1.2700    32.4551    1440.41  0.000e+00
     38.657   71.33636 -164.61044    -1.2700    32.4555    1440.41  0.000e+00
     38.665   71.33636 -164.61044    -1.2698    32.4549    1440.41  0.000e+00
     38.665   71.33636 -164.61044    -1.2702    32.4553    1440.41  0.000e+00
     38.664   71.33636 -164.61044    -1.2703    32.4555    1440.40  0.000e+00
     38.711   71.33636 -164.61044    -1.2702    32.4555    1440.41  0.000e+00
     38.664   71.33636 -164.61044    -1.2702    32.4556    1440.41  0.000e+00
     38.718   71.33636 -164.61044    -1.2703    32.4557    1440.41  0.000e+00
     38.657   71.33636 -164.61044    -1.2703    32.4555    1440.40  0.000e+00
     38.664   71.33636 -164.61044    -1.2702    32.4555    1440.41  0.000e+00
     38.718   71.33636 -164.61044    -1.2703    32.4557    1440.41  0.000e+00
     38.664   71.33636 -164.61044    -1.2702    32.4558    1440.41  0.000e+00
     38.711   71.33636 -164.61044    -1.2702    32.4561    1440.41  0.000e+00
     38.664   71.33636 -164.61044    -1.2700    32.4556    1440.41  0.000e+00
     38.718   71.33636 -164.61044    -1.2700    32.4558    1440.41  0.000e+00
     38.711   71.33636 -164.61044    -1.2698    32.4554    1440.41  0.000e+00
     38.664   71.33636 -164.61044    -1.2698    32.4555    1440.41  0.000e+00
     38.718   71.33636 -164.61044    -1.2697    32.4552    1440.41  0.000e+00
     38.664   71.33636 -164.61044    -1.2697    32.4556    1440.41  0.000e+00
     38.772   71.33636 -164.61044    -1.2698    32.4555    1440.41  0.000e+00
     38.664   71.33636 -164.61044    -1.2700    32.4555    1440.41  0.000e+00
     38.718   71.33636 -164.61044    -1.2698    32.4552    1440.41  0.000e+00
     38.711   71.33636 -164.61044    -1.2697    32.4551    1440.41  0.000e+00
     38.718   71.33636 -164.61044    -1.2698    32.4550    1440.41  0.000e+00
