EcoFOCI/data/1_SampleCollection/2023_SikuliaqDBO_CruiseData/CTD_raw_BottleFile_SKQ23-12S/proc/skq202312s_005avg.cnv
* Sea-Bird SBE 9 Data File:
* FileName = D:\CTD\SKQ202312S\SKQ202312S_005.hex
* Software Version Seasave V 7.26.7.121
* Temperature SN = 6177
* Conductivity SN = 0369
* Number of Bytes Per Scan = 41
* Number of Voltage Words = 4
* Number of Scans Averaged by the Deck Unit = 1
* NMEA Latitude = 62 23.39 N
* NMEA Longitude = 174 34.17 W
* NMEA UTC (Time) = Sep 15 2023  22:10:54
* NMEA baud rate = 4800
** Ship: R/V Sikuliaq
** Station Number: 005
** Station Name: DBO1.4
** Bottom Depth: 70
** Operator: SD
# nquan = 25
# nvalues = 66                          
# units = specified
# name 0 = depSM: Depth [salt water, m]
# name 1 = latitude: Latitude [deg]
# name 2 = longitude: Longitude [deg]
# name 3 = prDM: Pressure, Digiquartz [db]
# name 4 = t090C: Temperature [ITS-90, deg C]
# name 5 = t190C: Temperature, 2 [ITS-90, deg C]
# name 6 = potemp090C: Potential Temperature [ITS-90, deg C]
# name 7 = sal00: Salinity, Practical [PSU]
# name 8 = sal11: Salinity, Practical, 2 [PSU]
# name 9 = density00: Density [density, kg/m^3]
# name 10 = sigma-é00: Density [sigma-theta, kg/m^3]
# name 11 = sbox0Mm/Kg: Oxygen, SBE 43 [umol/kg]
# name 12 = sbox1Mm/Kg: Oxygen, SBE 43, 2 [umol/kg]
# name 13 = oxsolMm/Kg: Oxygen Saturation, Garcia & Gordon [umol/kg]
# name 14 = sbeox0PS: Oxygen, SBE 43 [% saturation]
# name 15 = sbeox1PS: Oxygen, SBE 43, 2 [% saturation]
# name 16 = v0: Voltage 0
# name 17 = flECO-AFL: Fluorescence, WET Labs ECO-AFL/FL [mg/m^3]
# name 18 = v1: Voltage 1
# name 19 = CStarAt0: Beam Attenuation, WET Labs C-Star [1/m]
# name 20 = par: PAR/Irradiance, Biospherical/Licor
# name 21 = scan: Scan Count
# name 22 = timeM: Time, Elapsed [minutes]
# name 23 = nbin: number of scans per bin
# name 24 = flag: flag
# span 0 =      1.981,     66.345       
# span 1 =   62.38977,   62.38978       
# span 2 = -174.56960, -174.56958       
# span 3 =      2.000,     67.000       
# span 4 =    -1.5347,     7.8426       
# span 5 =    -1.5335,     7.8437       
# span 6 =    -1.5354,     7.8425       
# span 7 =    30.9795,    31.8995       
# span 8 =    30.9895,    31.9100       
# span 9 =  1024.1493,  1025.9784       
# span 10 =    24.1402,    25.6546      
# span 11 =    280.048,    424.063      
# span 12 =    267.823,    382.068      
# span 13 =  296.49854,  371.38641      
# span 14 =     75.408,    117.788      
# span 15 =     72.128,    104.757      
# span 16 =     0.0644,     0.2356      
# span 17 =     0.0382,     1.0654      
# span 18 =     3.6628,     4.2545      
# span 19 =     0.4089,     1.0081      
# span 20 = -3.491e-04, 1.9088e+02      
# span 21 =        266,       8133      
# span 22 =     0.1840,     5.6469      
# span 23 =         30,        581      
# span 24 = 0.0000e+00, 0.0000e+00      
# interval = decibars: 1                
# start_time = Sep 15 2023 22:14:11 [NMEA time, first data scan]
# bad_flag = -9.990e-29
*END*
[from data line 58]
     59.415   62.38978 -174.56959     60.000    -1.5314    -1.5301    -1.5325    31.8872    31.8991  1025.9348    25.6448    282.561    270.012  371.33257     76.094     72.724     0.0719     0.0836     3.6913     0.9771 1.0593e-01       4284     2.9740        171 0.0000e+00
     60.405   62.38978 -174.56959     61.000    -1.5277    -1.5268    -1.5288    31.8900    31.9024  1025.9418    25.6469    282.931    270.350  371.28752     76.203     72.823     0.0720     0.0841     3.6890     0.9796 8.3840e-02       4637     3.2195        581 0.0000e+00
     61.395   62.38978 -174.56960     62.000    -1.5270    -1.5253    -1.5281    31.8960    31.9075  1025.9515    25.6518    283.913    271.123  371.26237     76.472     73.037     0.0724     0.0865     3.6867     0.9821 7.2016e-02       5018     3.4842        182 0.0000e+00
     62.385   62.38978 -174.56960     63.000    -1.5262    -1.5247    -1.5273    31.8974    31.9091  1025.9574    25.6529    283.957    271.780  371.25018     76.487     73.216     0.0756     0.1058     3.6734     0.9965 5.6938e-02       5146     3.5726         49 0.0000e+00
     63.375   62.38978 -174.56960     64.000    -1.5253    -1.5239    -1.5264    31.8980    31.9082  1025.9627    25.6534    284.273    271.112  371.23987     76.574     73.037     0.0727     0.0882     3.6809     0.9883 3.8950e-02       5298     3.6785        125 0.0000e+00
     64.365   62.38977 -174.56960     65.000    -1.5248    -1.5233    -1.5259    31.8985    31.9091  1025.9679    25.6537    284.157    271.017  371.23301     76.544     73.014     0.0723     0.0860     3.6765     0.9931 2.0684e-02       5457     3.7891        191 0.0000e+00
     65.355   62.38978 -174.56960     66.000    -1.5253    -1.5240    -1.5264    31.8989    31.9096  1025.9731    25.6541    284.079    271.135  371.23674     76.522     73.044     0.0695     0.0688     3.6732     0.9968 9.8785e-03       5568     3.8662         63 0.0000e+00
     66.345   62.38978 -174.56960     67.000    -1.5245    -1.5236    -1.5257    31.8995    31.9100  1025.9784    25.6546    284.161    272.970  371.22688     76.546     73.540     0.0807     0.1359     3.6628     1.0081 -3.491e-04       8133     5.6469         83 0.0000e+00
