EcoFOCI/data/1_SampleCollection/2023_SikuliaqDBO_CruiseData/CTD_raw_BottleFile_SKQ23-12S/proc/skq202312s_084.ros
* Sea-Bird SBE 9 Data File:
* FileName = D:\CTD\SKQ202312S\SKQ202312S_084.hex
* Software Version Seasave V 7.26.7.121
* Temperature SN = 6177
* Conductivity SN = 0369
* Number of Bytes Per Scan = 41
* Number of Voltage Words = 4
* Number of Scans Averaged by the Deck Unit = 1
* NMEA Latitude = 65 37.11 N
* NMEA Longitude = 168 09.13 W
* NMEA UTC (Time) = Oct 03 2023  11:55:16
* NMEA baud rate = 4800
** Ship: R/V Sikuliaq
** Station Number: 084
** Station Name: BS1
** Bottom Depth: 28
** Operator: SD
# nquan = 22
# nvalues = 588                                   
# units = specified
# name 0 = depSM: Depth [salt water, m]
# name 1 = latitude: Latitude [deg]
# name 2 = longitude: Longitude [deg]
# name 3 = prDM: Pressure, Digiquartz [db]
# name 4 = t090C: Temperature [ITS-90, deg C]
# name 5 = t190C: Temperature, 2 [ITS-90, deg C]
# name 6 = potemp090C: Potential Temperature [ITS-90, deg C]
# name 7 = sal00: Salinity, Practical [PSU]
# name 8 = sal11: Salinity, Practical, 2 [PSU]
# name 9 = density00: Density [density, kg/m^3]
# name 10 = sigma-é00: Density [sigma-theta, kg/m^3]
# name 11 = sbox0Mm/Kg: Oxygen, SBE 43 [umol/kg]
# name 12 = sbox1Mm/Kg: Oxygen, SBE 43, 2 [umol/kg]
# name 13 = oxsolMm/Kg: Oxygen Saturation, Garcia & Gordon [umol/kg]
# name 14 = sbeox0PS: Oxygen, SBE 43 [% saturation]
# name 15 = v0: Voltage 0
# name 16 = flECO-AFL: Fluorescence, WET Labs ECO-AFL/FL [mg/m^3]
# name 17 = CStarAt0: Beam Attenuation, WET Labs C-Star [1/m]
# name 18 = par: PAR/Irradiance, Biospherical/Licor
# name 19 = scan: Scan Count
# name 20 = nbf: Bottles Fired
# name 21 = flag:  0.000e+00
# interval = seconds: 0.0416667
# start_time = Oct 03 2023 11:58:52 [NMEA time, first data scan]
# bad_flag = -9.990e-29
*END*
[from data line 264]
     20.099   65.61818 -168.15382     20.300     3.6452     3.6490     3.6440    32.4284    32.4375  1025.8700    25.7750    270.411    257.860  323.73867     83.528     0.2027     0.8681     1.0900 1.0000e-12       8139          6  0.000e+00
     20.099   65.61818 -168.15382     20.300     3.6450     3.6485     3.6437    32.4282    32.4384  1025.8698    25.7749    270.463    257.862  323.74080     83.543     0.2039     0.8754     1.0900 1.0000e-12       8140          6  0.000e+00
     20.061   65.61818 -168.15382     20.261     3.6446     3.6486     3.6433    32.4296    32.4378  1025.8708    25.7760    270.480    257.841  323.74084     83.548     0.2039     0.8754     1.0900 1.0000e-12       8141          6  0.000e+00
     20.153   65.61818 -168.15382     20.355     3.6447     3.6487     3.6434    32.4292    32.4381  1025.8709    25.7757    270.503    257.825  323.74096     83.555     0.2039     0.8754     1.0900 1.0000e-12       8142          6  0.000e+00
     20.099   65.61818 -168.15382     20.300     3.6449     3.6485     3.6436    32.4292    32.4382  1025.8706    25.7757    270.273    258.022  323.73924     83.485     0.2051     0.8828     1.0900 1.0000e-12       8143          6  0.000e+00
     20.061   65.61818 -168.15382     20.261     3.6448     3.6483     3.6436    32.4292    32.4384  1025.8705    25.7757    270.473    257.838  323.73968     83.547     0.2039     0.8754     1.0900 1.0000e-12       8144          6  0.000e+00
     20.099   65.61818 -168.15382     20.300     3.6449     3.6480     3.6436    32.4297    32.4388  1025.8710    25.7760    270.497    257.827  323.73808     83.554     0.2051     0.8828     1.0900 1.0000e-12       8145          6  0.000e+00
     20.153   65.61818 -168.15382     20.355     3.6450     3.6478     3.6437    32.4296    32.4390  1025.8712    25.7759    270.523    257.819  323.73757     83.563     0.2039     0.8754     1.0900 1.0000e-12       8146          6  0.000e+00
     20.061   65.61818 -168.15382     20.261     3.6455     3.6478     3.6443    32.4288    32.4387  1025.8701    25.7753    270.544    257.808  323.73523     83.570     0.2051     0.8828     1.0900 1.0000e-12       8147          6  0.000e+00
     20.099   65.61818 -168.15382     20.300     3.6453     3.6480     3.6441    32.4291    32.4382  1025.8705    25.7756    270.539    257.802  323.73605     83.568     0.2039     0.8754     1.0900 1.0000e-12       8148          6  0.000e+00
     20.099   65.61818 -168.15382     20.300     3.6457     3.6478     3.6444    32.4289    32.4387  1025.8703    25.7753    270.565    257.797  323.73383     83.576     0.2112     0.9194     1.0900 1.0000e-12       8149          6  0.000e+00
     20.115   65.61818 -168.15382     20.316     3.6455     3.6483     3.6442    32.4288    32.4383  1025.8703    25.7753    270.596    257.814  323.73559     83.586     0.2137     0.9341     1.0900 1.0000e-12       8150          6  0.000e+00
     20.099   65.61818 -168.15382     20.300     3.6458     3.6480     3.6446    32.4280    32.4386  1025.8696    25.7746    270.590    258.027  323.73471     83.584     0.2149     0.9414     1.0900 1.0000e-12       8151          6  0.000e+00
     20.099   65.61818 -168.15382     20.300     3.6453     3.6480     3.6441    32.4284    32.4386  1025.8699    25.7750    270.624    257.859  323.73790     83.594     0.2149     0.9414     1.0914 1.0000e-12       8152          6  0.000e+00
     20.115   65.61818 -168.15382     20.316     3.6455     3.6482     3.6443    32.4284    32.4382  1025.8700    25.7749    270.655    257.862  323.73628     83.603     0.2149     0.9414     1.0914 1.0000e-12       8153          6  0.000e+00
     20.099   65.61818 -168.15382     20.300     3.6453     3.6482     3.6441    32.4284    32.4381  1025.8700    25.7750    270.901    257.865  323.73780     83.679     0.2149     0.9414     1.0927 1.0000e-12       8154          6  0.000e+00
     20.099   65.61818 -168.15382     20.300     3.6454     3.6485     3.6441    32.4287    32.4380  1025.8702    25.7752    270.507    257.870  323.73664     83.558     0.2149     0.9414     1.0927 1.0000e-12       8155          6  0.000e+00
     20.099   65.61818 -168.15382     20.300     3.6451     3.6486     3.6438    32.4290    32.4383  1025.8704    25.7755    270.688    257.876  323.73857     83.613     0.2149     0.9414     1.0914 1.0000e-12       8156          6  0.000e+00
     20.115   65.61818 -168.15382     20.316     3.6450     3.6489     3.6437    32.4290    32.4378  1025.8705    25.7755    270.724    257.886  323.73898     83.624     0.2149     0.9414     1.0914 1.0000e-12       8157          6  0.000e+00
     20.099   65.61818 -168.15382     20.300     3.6451     3.6485     3.6438    32.4287    32.4384  1025.8702    25.7752    270.725    257.899  323.73925     83.624     0.2149     0.9414     1.0914 1.0000e-12       8158          6  0.000e+00
     20.099   65.61818 -168.15382     20.300     3.6452     3.6485     3.6439    32.4285    32.4387  1025.8701    25.7751    270.726    257.912  323.73887     83.625     0.2149     0.9414     1.0914 1.0000e-12       8159          6  0.000e+00
     20.115   65.61818 -168.15382     20.316     3.6449     3.6484     3.6436    32.4288    32.4386  1025.8704    25.7753    270.729    257.928  323.74033     83.625     0.2149     0.9414     1.0914 1.0000e-12       8160          6  0.000e+00
     20.099   65.61818 -168.15382     20.300     3.6450     3.6483     3.6437    32.4287    32.4389  1025.8702    25.7753    270.730    257.945  323.73964     83.626     0.2137     0.9341     1.0914 1.0000e-12       8161          6  0.000e+00
     20.099   65.61818 -168.15382     20.300     3.6449     3.6483     3.6436    32.4290    32.4382  1025.8705    25.7755    270.731    257.965  323.73973     83.626     0.2149     0.9414     1.0914 1.0000e-12       8162          6  0.000e+00
     20.061   65.61818 -168.15382     20.261     3.6448     3.6484     3.6436    32.4289    32.4386  1025.8702    25.7754    270.732    257.983  323.74036     83.626     0.2161     0.9487     1.0914 1.0000e-12       8163          6  0.000e+00
     20.153   65.61818 -168.15382     20.355     3.6449     3.6480     3.6436    32.4288    32.4388  1025.8706    25.7753    270.949    258.011  323.74029     83.693     0.2149     0.9414     1.0927 1.0000e-12       8164          6  0.000e+00
     20.099   65.61818 -168.15382     20.300     3.6450     3.6480     3.6437    32.4289    32.4388  1025.8704    25.7754    270.767    258.033  323.73915     83.637     0.2161     0.9487     1.0914 1.0000e-12       8165          6  0.000e+00
     20.061   65.61818 -168.15382     20.261     3.6449     3.6480     3.6436    32.4293    32.4385  1025.8705    25.7757    270.765    258.059  323.73900     83.637     0.2149     0.9414     1.0927 1.0000e-12       8166          6  0.000e+00
     20.099   65.61818 -168.15382     20.300     3.6450     3.6474     3.6437    32.4290    32.4392  1025.8705    25.7755    270.766    258.068  323.73886     83.637     0.2149     0.9414     1.0914 1.0000e-12       8167          6  0.000e+00
     20.099   65.61818 -168.15382     20.300     3.6451     3.6476     3.6438    32.4298    32.4393  1025.8711    25.7761    270.764    258.073  323.73663     83.637     0.2149     0.9414     1.0914 1.0000e-12       8168          6  0.000e+00
     10.510   65.61816 -168.15392     10.615     5.0074     4.9683     5.0067    31.9289    31.9809  1025.2897    25.2404    274.900    263.123  314.45685     87.421     0.1148     0.3406     0.9025 1.0000e-12      10985          7  0.000e+00
     10.572   65.61816 -168.15392     10.677     4.9974     4.9868     4.9967    31.9338    31.9712  1025.2950    25.2454    274.960    262.990  314.52024     87.422     0.1148     0.3406     0.9025 1.0000e-12      10986          7  0.000e+00
     10.572   65.61816 -168.15392     10.677     4.9902     5.0050     4.9894    31.9489    31.9665  1025.3078    25.2582    274.951    262.869  314.53911     87.414     0.1148     0.3406     0.9025 1.0000e-12      10987          7  0.000e+00
     10.510   65.61816 -168.15392     10.615     4.9905     5.0083     4.9897    31.9638    31.9677  1025.3192    25.2699    274.888    262.821  314.50189     87.404     0.1148     0.3406     0.9025 1.0000e-12      10988          7  0.000e+00
     10.572   65.61816 -168.15392     10.677     4.9970     5.0123     4.9962    31.9656    31.9644  1025.3203    25.2706    274.816    262.783  314.44913     87.396     0.1148     0.3406     0.9025 1.0000e-12      10989          7  0.000e+00
     10.572   65.61816 -168.15392     10.677     5.0040     5.0247     5.0033    31.9603    31.9585  1025.3153    25.2657    274.786    262.693  314.40858     87.398     0.1172     0.3553     0.9025 1.0000e-12      10990          7  0.000e+00
     10.603   65.61816 -168.15392     10.709     5.0090     5.0386     5.0083    31.9561    31.9520  1025.3116    25.2619    274.775    262.598  314.38075     87.402     0.1148     0.3406     0.9025 1.0000e-12      10991          7  0.000e+00
     10.510   65.61816 -168.15392     10.615     5.0132     5.0444     5.0124    31.9482    31.9499  1025.3045    25.2551    274.748    262.364  314.36829     87.397     0.1160     0.3480     0.9025 1.0000e-12      10992          7  0.000e+00
     10.572   65.61816 -168.15392     10.677     5.0150     5.0413     5.0142    31.9432    31.9501  1025.3006    25.2509    274.772    262.543  314.36657     87.405     0.1148     0.3406     0.9025 1.0000e-12      10993          7  0.000e+00
     10.572   65.61816 -168.15392     10.677     5.0167     5.0285     5.0159    31.9424    31.9529  1025.2998    25.2502    274.792    262.437  314.35590     87.414     0.1160     0.3480     0.9025 8.4714e-06      10994          7  0.000e+00
     10.572   65.61816 -168.15392     10.677     5.0168     5.0044     5.0161    31.9404    31.9602  1025.2982    25.2486    274.627    262.566  314.35944     87.361     0.1148     0.3406     0.9025 1.0000e-12      10995          7  0.000e+00
     10.572   65.61816 -168.15392     10.677     5.0122     4.9785     5.0114    31.9367    31.9687  1025.2958    25.2461    274.648    262.709  314.40264     87.355     0.1160     0.3480     0.9025 1.0000e-12      10996          7  0.000e+00
     10.572   65.61816 -168.15392     10.677     5.0024     4.9635     5.0016    31.9420    31.9738  1025.3010    25.2514    274.694    262.603  314.46357     87.353     0.1148     0.3406     0.9025 1.0000e-12      10997          7  0.000e+00
     10.572   65.61816 -168.15392     10.677     4.9963     4.9573     4.9956    31.9526    31.9766  1025.3100    25.2604    274.706    262.610  314.48426     87.351     0.1148     0.3406     0.9025 1.0000e-12      10998          7  0.000e+00
     10.572   65.61816 -168.15392     10.677     4.9970     4.9565     4.9962    31.9584    31.9779  1025.3146    25.2649    274.685    262.586  314.46602     87.350     0.1148     0.3406     0.9025 1.0000e-12      10999          7  0.000e+00
     10.603   65.61816 -168.15392     10.709     5.0010     4.9590     5.0002    31.9604    31.9770  1025.3159    25.2661    274.652    262.366  314.43126     87.349     0.1148     0.3406     0.9025 1.0000e-12      11000          7  0.000e+00
     10.572   65.61816 -168.15392     10.677     5.0066     4.9651     5.0058    31.9595    31.9742  1025.3144    25.2648    274.617    262.474  314.39156     87.349     0.1172     0.3553     0.9025 1.0000e-12      11001          7  0.000e+00
     10.572   65.61816 -168.15392     10.677     5.0119     4.9736     5.0111    31.9571    31.9703  1025.3119    25.2623    274.593    262.226  314.35727     87.351     0.1148     0.3406     0.8947 1.0000e-12      11002          7  0.000e+00
     10.510   65.61816 -168.15392     10.615     5.0164     4.9780     5.0156    31.9533    31.9711  1025.3082    25.2589    274.581    262.163  314.33259     87.354     0.1160     0.3480     0.8895 1.0000e-12      11003          7  0.000e+00
     10.572   65.61816 -168.15392     10.677     5.0198     4.9908     5.0191    31.9474    31.9670  1025.3034    25.2538    274.590    262.062  314.32048     87.360     0.1148     0.3406     0.8883 1.0000e-12      11004          7  0.000e+00
     10.572   65.61816 -168.15392     10.677     5.0195     5.0080     5.0188    31.9454    31.9602  1025.3018    25.2522    274.622    261.939  314.32755     87.368     0.1160     0.3480     0.8895 1.0000e-12      11005          7  0.000e+00
     10.510   65.61816 -168.15392     10.615     5.0183     5.0190     5.0175    31.9449    31.9556  1025.3013    25.2520    274.660    261.856  314.33807     87.377     0.1148     0.3406     0.8883 1.0000e-12      11006          7  0.000e+00
     10.572   65.61816 -168.15392     10.677     5.0160     5.0224     5.0153    31.9441    31.9533  1025.3012    25.2515    274.715    261.628  314.35670     87.390     0.1160     0.3480     0.8895 1.0000e-12      11007          7  0.000e+00
     10.456   65.61816 -168.15392     10.561     5.0119     5.0219     5.0111    31.9456    31.9535  1025.3023    25.2532    274.575    261.583  314.38417     87.337     0.1148     0.3406     0.8895 1.0000e-12      11008          7  0.000e+00
     10.657   65.61816 -168.15392     10.763     5.0080     5.0233     5.0072    31.9514    31.9533  1025.3082    25.2582    274.584    261.725  314.39968     87.336     0.1148     0.3406     0.8895 1.0000e-12      11009          7  0.000e+00
     10.510   65.61816 -168.15392     10.615     5.0064     5.0286     5.0056    31.9565    31.9508  1025.3118    25.2624    274.570    261.490  314.40011     87.331     0.1148     0.3406     0.8883 1.0000e-12      11010          7  0.000e+00
     10.572   65.61816 -168.15392     10.677     5.0054     5.0350     5.0047    31.9578    31.9485  1025.3132    25.2636    274.571    261.423  314.40407     87.331     0.1160     0.3480     0.8895 1.0000e-12      11011          7  0.000e+00
     10.510   65.61816 -168.15392     10.615     5.0067     5.0466     5.0059    31.9651    31.9447  1025.3185    25.2692    274.545    261.324  314.37761     87.330     0.1160     0.3480     0.8895 1.0000e-12      11012          7  0.000e+00
     10.510   65.61816 -168.15392     10.615     5.0153     5.0607     5.0146    31.9691    31.9390  1025.3208    25.2715    274.479    261.036  314.30336     87.329     0.1148     0.3406     0.8895 1.0000e-12      11013          7  0.000e+00
     10.572   65.61816 -168.15392     10.677     5.0286     5.0675     5.0278    31.9673    31.9365  1025.3181    25.2685    274.398    260.983  314.20846     87.330     0.1160     0.3480     0.8895 1.0000e-12      11014          7  0.000e+00
     10.510   65.61816 -168.15392     10.615     5.0428     5.0706     5.0421    31.9629    31.9359  1025.3129    25.2635    274.722    260.933  314.11205     87.460     0.1148     0.3406     0.8883 1.0000e-12      11015          7  0.000e+00
     10.456   65.61816 -168.15392     10.561     5.0574     5.0812     5.0566    31.9582    31.9313  1025.3072    25.2582    274.295    260.847  314.01481     87.351     0.1160     0.3480     0.8895 1.0000e-12      11016          7  0.000e+00
     10.541   65.61816 -168.15392     10.646     5.0720     5.0928     5.0712    31.9534    31.9280  1025.3023    25.2528    274.224    260.761  313.91691     87.356     0.1148     0.3406     0.8883 1.0000e-12      11017          7  0.000e+00
     10.510   65.61816 -168.15392     10.615     5.0869     5.1003     5.0861    31.9456    31.9264  1025.2943    25.2450    274.095    260.519  313.82373     87.341     0.1148     0.3406     0.8895 1.0000e-12      11018          7  0.000e+00
     10.510   65.61816 -168.15392     10.615     5.0982     5.1103     5.0975    31.9359    31.9225  1025.2854    25.2361    274.063    260.436  313.76185     87.347     0.1148     0.3406     0.8883 1.0000e-12      11019          7  0.000e+00
