EcoFOCI/data/1_SampleCollection/2023_SikuliaqDBO_CruiseData/CTD_raw_BottleFile_SKQ23-12S/proc/skq202312s_061svp.cnv
* Sea-Bird SBE 9 Data File:
* FileName = D:\CTD\SKQ202312S\SKQ202312S_061.hex
* Software Version Seasave V 7.26.7.121
* Temperature SN = 6177
* Conductivity SN = 0369
* Number of Bytes Per Scan = 41
* Number of Voltage Words = 4
* Number of Scans Averaged by the Deck Unit = 1
* NMEA Latitude = 71 36.10 N
* NMEA Longitude = 165 18.30 W
* NMEA UTC (Time) = Sep 27 2023  23:24:16
* NMEA baud rate = 4800
** Ship: R/V Sikuliaq
** Station Number: 061
** Station Name: IC3
** Bottom Depth: 42
** Operator: SS
** Recast for bottom water
# nquan = 7
# nvalues = 3879                                  
# units = specified
# name 0 = depSM: Depth [salt water, m]
# name 1 = latitude: Latitude [deg]
# name 2 = longitude: Longitude [deg]
# name 3 = t090C: Temperature [ITS-90, deg C]
# name 4 = sal00: Salinity, Practical [PSU]
# name 5 = svCM: Sound Velocity [Chen-Millero, m/s]
# name 6 = flag:  0.000e+00
# span 0 =      3.015,     37.164                 
# span 1 =   71.60162,   71.60162                 
# span 2 = -165.30500, -165.30498                 
# span 3 =    -1.0664,     3.2483                 
# span 4 =    30.4293,    32.5473                 
# span 5 =    1441.33,    1458.41                 
# span 6 = 0.0000e+00, 0.0000e+00                 
# interval = seconds: 0.0416667
# start_time = Sep 27 2023 23:27:17 [NMEA time, first data scan]
# bad_flag = -9.990e-29
*END*
[from data line 2257]
     27.753   71.60162 -165.30498    -0.2149    32.4297    1445.16  0.000e+00
     27.769   71.60162 -165.30498    -0.2244    32.4296    1445.11  0.000e+00
     27.753   71.60162 -165.30498    -0.2341    32.4302    1445.07  0.000e+00
     27.769   71.60162 -165.30498    -0.2437    32.4322    1445.03  0.000e+00
     27.807   71.60162 -165.30498    -0.2519    32.4334    1444.99  0.000e+00
     27.830   71.60162 -165.30498    -0.2598    32.4336    1444.96  0.000e+00
     27.869   71.60162 -165.30498    -0.2670    32.4342    1444.92  0.000e+00
     27.830   71.60162 -165.30498    -0.2748    32.4347    1444.89  0.000e+00
     27.869   71.60162 -165.30498    -0.2818    32.4316    1444.85  0.000e+00
     27.946   71.60162 -165.30498    -0.2895    32.4307    1444.82  0.000e+00
     27.923   71.60162 -165.30498    -0.2971    32.4279    1444.78  0.000e+00
     27.985   71.60162 -165.30498    -0.3070    32.4253    1444.73  0.000e+00
     27.946   71.60162 -165.30498    -0.3188    32.4243    1444.67  0.000e+00
     27.985   71.60162 -165.30498    -0.3314    32.4229    1444.61  0.000e+00
     28.000   71.60162 -165.30498    -0.3446    32.4223    1444.55  0.000e+00
     28.039   71.60162 -165.30498    -0.3573    32.4192    1444.49  0.000e+00
     28.054   71.60162 -165.30498    -0.3712    32.4183    1444.42  0.000e+00
     28.039   71.60162 -165.30498    -0.3859    32.4168    1444.35  0.000e+00
     28.116   71.60162 -165.30498    -0.4009    32.4151    1444.28  0.000e+00
     28.100   71.60162 -165.30498    -0.4166    32.4128    1444.20  0.000e+00
     28.116   71.60162 -165.30498    -0.4330    32.4126    1444.13  0.000e+00
     28.154   71.60162 -165.30498    -0.4493    32.4112    1444.05  0.000e+00
     28.170   71.60162 -165.30498    -0.4663    32.4106    1443.97  0.000e+00
     28.208   71.60162 -165.30498    -0.4840    32.4149    1443.89  0.000e+00
     28.231   71.60162 -165.30498    -0.4996    32.4190    1443.82  0.000e+00
     28.270   71.60162 -165.30498    -0.5145    32.4234    1443.76  0.000e+00
     28.285   71.60162 -165.30498    -0.5286    32.4269    1443.70  0.000e+00
     28.270   71.60162 -165.30498    -0.5416    32.4286    1443.64  0.000e+00
     28.347   71.60162 -165.30498    -0.5537    32.4315    1443.59  0.000e+00
     28.324   71.60162 -165.30498    -0.5649    32.4307    1443.54  0.000e+00
     28.347   71.60162 -165.30498    -0.5752    32.4276    1443.48  0.000e+00
     28.386   71.60162 -165.30498    -0.5855    32.4241    1443.43  0.000e+00
     28.440   71.60162 -165.30498    -0.5969    32.4244    1443.38  0.000e+00
     28.401   71.60162 -165.30498    -0.6087    32.4257    1443.32  0.000e+00
     28.440   71.60162 -165.30498    -0.6213    32.4274    1443.27  0.000e+00
     28.455   71.60162 -165.30498    -0.6340    32.4303    1443.21  0.000e+00
     28.555   71.60162 -165.30498    -0.6453    32.4343    1443.17  0.000e+00
     28.517   71.60162 -165.30498    -0.6552    32.4382    1443.13  0.000e+00
     28.501   71.60162 -165.30500    -0.6630    32.4416    1443.09  0.000e+00
     28.632   71.60162 -165.30500    -0.6695    32.4443    1443.07  0.000e+00
     28.555   71.60162 -165.30500    -0.6748    32.4485    1443.05  0.000e+00
     28.632   71.60162 -165.30500    -0.6787    32.4504    1443.03  0.000e+00
     28.671   71.60162 -165.30500    -0.6823    32.4525    1443.02  0.000e+00
     28.632   71.60162 -165.30500    -0.6858    32.4535    1443.00  0.000e+00
     28.725   71.60162 -165.30500    -0.6891    32.4542    1442.99  0.000e+00
     28.686   71.60162 -165.30500    -0.6922    32.4559    1442.98  0.000e+00
     28.787   71.60162 -165.30500    -0.6946    32.4588    1442.97  0.000e+00
     28.748   71.60162 -165.30500    -0.6965    32.4613    1442.97  0.000e+00
     28.787   71.60162 -165.30500    -0.6974    32.4620    1442.96  0.000e+00
     28.802   71.60162 -165.30500    -0.6977    32.4625    1442.96  0.000e+00
     28.841   71.60162 -165.30500    -0.6979    32.4627    1442.96  0.000e+00
     28.856   71.60162 -165.30500    -0.6985    32.4636    1442.96  0.000e+00
     28.902   71.60162 -165.30500    -0.6986    32.4631    1442.96  0.000e+00
     28.918   71.60162 -165.30500    -0.6993    32.4643    1442.96  0.000e+00
     28.956   71.60162 -165.30500    -0.6997    32.4653    1442.96  0.000e+00
     28.918   71.60162 -165.30500    -0.6994    32.4676    1442.96  0.000e+00
     29.010   71.60162 -165.30500    -0.6983    32.4690    1442.97  0.000e+00
     28.972   71.60162 -165.30500    -0.6974    32.4704    1442.98  0.000e+00
     29.072   71.60162 -165.30500    -0.6962    32.4694    1442.98  0.000e+00
     29.034   71.60162 -165.30500    -0.6955    32.4682    1442.98  0.000e+00
     29.072   71.60162 -165.30500    -0.6959    32.4673    1442.98  0.000e+00
     29.034   71.60162 -165.30500    -0.6962    32.4649    1442.98  0.000e+00
     29.126   71.60162 -165.30498    -0.6974    32.4629    1442.97  0.000e+00
     29.088   71.60162 -165.30498    -0.6993    32.4629    1442.96  0.000e+00
     29.126   71.60162 -165.30498    -0.7015    32.4633    1442.95  0.000e+00
     29.149   71.60162 -165.30498    -0.7036    32.4614    1442.94  0.000e+00
     29.188   71.60162 -165.30498    -0.7061    32.4605    1442.93  0.000e+00
     29.203   71.60162 -165.30498    -0.7097    32.4591    1442.91  0.000e+00
     29.188   71.60162 -165.30498    -0.7141    32.4593    1442.89  0.000e+00
     29.203   71.60162 -165.30498    -0.7182    32.4583    1442.87  0.000e+00
     29.303   71.60162 -165.30498    -0.7222    32.4570    1442.85  0.000e+00
     29.203   71.60162 -165.30498    -0.7258    32.4550    1442.83  0.000e+00
     29.303   71.60162 -165.30498    -0.7308    32.4545    1442.80  0.000e+00
     29.257   71.60162 -165.30498    -0.7351    32.4558    1442.79  0.000e+00
     29.303   71.60162 -165.30498    -0.7397    32.4574    1442.77  0.000e+00
     29.319   71.60162 -165.30498    -0.7436    32.4580    1442.75  0.000e+00
     29.303   71.60162 -165.30498    -0.7482    32.4605    1442.73  0.000e+00
     29.319   71.60162 -165.30498    -0.7524    32.4606    1442.71  0.000e+00
     29.357   71.60162 -165.30498    -0.7569    32.4607    1442.69  0.000e+00
     29.373   71.60162 -165.30498    -0.7618    32.4619    1442.67  0.000e+00
     29.357   71.60162 -165.30498    -0.7661    32.4641    1442.65  0.000e+00
     29.373   71.60162 -165.30498    -0.7695    32.4677    1442.64  0.000e+00
     29.357   71.60162 -165.30498    -0.7723    32.4709    1442.63  0.000e+00
     29.373   71.60162 -165.30498    -0.7743    32.4737    1442.63  0.000e+00
     29.411   71.60162 -165.30498    -0.7758    32.4738    1442.62  0.000e+00
     29.435   71.60162 -165.30498    -0.7770    32.4709    1442.61  0.000e+00
     29.411   71.60162 -165.30498    -0.7793    32.4689    1442.60  0.000e+00
     29.435   71.60162 -165.30498    -0.7815    32.4679    1442.59  0.000e+00
     29.473   71.60162 -165.30498    -0.7824    32.4671    1442.58  0.000e+00
     29.489   71.60162 -165.30498    -0.7844    32.4682    1442.57  0.000e+00
     29.411   71.60162 -165.30498    -0.7859    32.4683    1442.57  0.000e+00
     29.489   71.60162 -165.30498    -0.7875    32.4652    1442.56  0.000e+00
     29.473   71.60162 -165.30498    -0.7904    32.4655    1442.54  0.000e+00
     29.543   71.60162 -165.30498    -0.7933    32.4676    1442.53  0.000e+00
     29.473   71.60162 -165.30498    -0.7962    32.4682    1442.52  0.000e+00
     29.543   71.60162 -165.30498    -0.7990    32.4681    1442.51  0.000e+00
     29.527   71.60162 -165.30498    -0.8017    32.4692    1442.49  0.000e+00
     29.543   71.60162 -165.30498    -0.8044    32.4715    1442.48  0.000e+00
     29.527   71.60162 -165.30498    -0.8069    32.4736    1442.48  0.000e+00
     29.543   71.60162 -165.30498    -0.8085    32.4737    1442.47  0.000e+00
     29.589   71.60162 -165.30498    -0.8096    32.4721    1442.46  0.000e+00
     29.543   71.60162 -165.30498    -0.8111    32.4732    1442.46  0.000e+00
     29.643   71.60162 -165.30498    -0.8126    32.4751    1442.45  0.000e+00
     29.543   71.60162 -165.30498    -0.8139    32.4760    1442.45  0.000e+00
     29.643   71.60162 -165.30498    -0.8150    32.4758    1442.44  0.000e+00
     29.604   71.60162 -165.30498    -0.8164    32.4748    1442.43  0.000e+00
     29.643   71.60162 -165.30498    -0.8189    32.4770    1442.43  0.000e+00
     29.543   71.60162 -165.30498    -0.8203    32.4799    1442.42  0.000e+00
     29.643   71.60162 -165.30498    -0.8216    32.4809    1442.42  0.000e+00
     29.604   71.60162 -165.30498    -0.8230    32.4802    1442.41  0.000e+00
     29.643   71.60162 -165.30498    -0.8247    32.4794    1442.40  0.000e+00
     29.658   71.60162 -165.30498    -0.8280    32.4809    1442.39  0.000e+00
     29.643   71.60162 -165.30498    -0.8312    32.4844    1442.38  0.000e+00
     29.658   71.60162 -165.30498    -0.8338    32.4875    1442.37  0.000e+00
     29.705   71.60162 -165.30498    -0.8363    32.4897    1442.36  0.000e+00
     29.658   71.60162 -165.30498    -0.8387    32.4917    1442.35  0.000e+00
     29.705   71.60162 -165.30498    -0.8404    32.4943    1442.35  0.000e+00
     29.720   71.60162 -165.30498    -0.8421    32.4972    1442.35  0.000e+00
     29.705   71.60162 -165.30498    -0.8438    32.4990    1442.34  0.000e+00
     29.720   71.60162 -165.30498    -0.8447    32.4971    1442.33  0.000e+00
     29.705   71.60162 -165.30498    -0.8424    32.4904    1442.33  0.000e+00
     29.720   71.60162 -165.30498    -0.8395    32.4845    1442.34  0.000e+00
     29.759   71.60162 -165.30498    -0.8375    32.4809    1442.35  0.000e+00
     29.720   71.60162 -165.30498    -0.8375    32.4797    1442.34  0.000e+00
     29.759   71.60162 -165.30498    -0.8385    32.4794    1442.34  0.000e+00
     29.774   71.60162 -165.30498    -0.8386    32.4779    1442.34  0.000e+00
     29.759   71.60162 -165.30498    -0.8370    32.4736    1442.34  0.000e+00
     29.658   71.60162 -165.30498    -0.8377    32.4719    1442.33  0.000e+00
     29.820   71.60162 -165.30498    -0.8392    32.4711    1442.33  0.000e+00
     29.720   71.60162 -165.30498    -0.8415    32.4718    1442.31  0.000e+00
     29.759   71.60162 -165.30498    -0.8436    32.4737    1442.31  0.000e+00
     29.774   71.60162 -165.30498    -0.8461    32.4765    1442.30  0.000e+00
     29.705   71.60162 -165.30498    -0.8476    32.4811    1442.30  0.000e+00
     29.774   71.60162 -165.30498    -0.8465    32.4902    1442.32  0.000e+00
     29.836   71.60162 -165.30498    -0.8419    32.4995    1442.35  0.000e+00
     29.759   71.60162 -165.30498    -0.8378    32.5040    1442.38  0.000e+00
     29.774   71.60162 -165.30498    -0.8358    32.5077    1442.39  0.000e+00
     29.820   71.60162 -165.30498    -0.8321    32.5186    1442.42  0.000e+00
     29.774   71.60162 -165.30498    -0.8182    32.5449    1442.52  0.000e+00
     29.820   71.60162 -165.30498    -0.7707    32.5473    1442.75  0.000e+00
     29.774   71.60162 -165.30498    -0.7001    32.5368    1443.07  0.000e+00
     29.820   71.60162 -165.30498    -0.6268    32.5372    1443.41  0.000e+00
     29.774   71.60162 -165.30498    -0.5541    32.5345    1443.75  0.000e+00
     29.820   71.60162 -165.30498    -0.4835    32.5192    1444.06  0.000e+00
     29.836   71.60162 -165.30498    -0.4266    32.5043    1444.31  0.000e+00
     29.759   71.60162 -165.30498    -0.3801    32.5076    1444.53  0.000e+00
     29.836   71.60162 -165.30498    -0.3300    32.5195    1444.78  0.000e+00
     29.759   71.60162 -165.30498    -0.2825    32.5345    1445.02  0.000e+00
     29.836   71.60162 -165.30498    -0.2362    32.5176    1445.21  0.000e+00
     29.820   71.60162 -165.30498    -0.1941    32.4801    1445.36  0.000e+00
     29.836   71.60162 -165.30498    -0.1601    32.4547    1445.48  0.000e+00
     29.820   71.60162 -165.30498    -0.1290    32.4275    1445.59  0.000e+00
     29.836   71.60162 -165.30498    -0.1035    32.3955    1445.66  0.000e+00
     29.820   71.60162 -165.30498    -0.0888    32.3710    1445.70  0.000e+00
     29.836   71.60162 -165.30498    -0.0803    32.3619    1445.73  0.000e+00
     29.874   71.60162 -165.30498    -0.0724    32.3621    1445.76  0.000e+00
     29.836   71.60162 -165.30498    -0.0630    32.3592    1445.80  0.000e+00
     29.820   71.60162 -165.30498    -0.0537    32.3489    1445.83  0.000e+00
     29.836   71.60162 -165.30498    -0.0471    32.3381    1445.85  0.000e+00
     29.874   71.60162 -165.30498    -0.0440    32.3408    1445.87  0.000e+00
     29.836   71.60162 -165.30498    -0.0388    32.3492    1445.90  0.000e+00
     29.874   71.60162 -165.30498    -0.0297    32.3663    1445.97  0.000e+00
     29.836   71.60162 -165.30498    -0.0116    32.3744    1446.06  0.000e+00
     29.874   71.60162 -165.30498     0.0090    32.3650    1446.14  0.000e+00
     29.836   71.60162 -165.30498     0.0233    32.3530    1446.19  0.000e+00
     29.874   71.60162 -165.30498     0.0359    32.3344    1446.23  0.000e+00
     29.890   71.60162 -165.30498     0.0457    32.3127    1446.24  0.000e+00
     29.874   71.60162 -165.30498     0.0482    32.2957    1446.23  0.000e+00
     29.890   71.60162 -165.30498     0.0462    32.2847    1446.21  0.000e+00
     29.874   71.60162 -165.30498     0.0419    32.2756    1446.18  0.000e+00
     29.944   71.60162 -165.30498     0.0356    32.2637    1446.13  0.000e+00
     29.874   71.60162 -165.30498     0.0284    32.2500    1446.08  0.000e+00
     29.890   71.60162 -165.30498     0.0188    32.2383    1446.02  0.000e+00
     29.928   71.60162 -165.30498     0.0040    32.2367    1445.95  0.000e+00
     29.890   71.60162 -165.30498    -0.0113    32.2414    1445.88  0.000e+00
     30.005   71.60162 -165.30498    -0.0271    32.2533    1445.83  0.000e+00
     29.874   71.60162 -165.30498    -0.0436    32.2691    1445.77  0.000e+00
     29.944   71.60162 -165.30498    -0.0603    32.2807    1445.71  0.000e+00
     29.928   71.60162 -165.30498    -0.0769    32.2895    1445.65  0.000e+00
     29.944   71.60162 -165.30498    -0.0913    32.2976    1445.59  0.000e+00
     29.990   71.60162 -165.30498    -0.1061    32.3031    1445.53  0.000e+00
     29.890   71.60162 -165.30498    -0.1208    32.2913    1445.44  0.000e+00
     29.990   71.60162 -165.30498    -0.1495    32.2860    1445.31  0.000e+00
     29.944   71.60162 -165.30498    -0.1908    32.3052    1445.14  0.000e+00
     29.928   71.60162 -165.30498    -0.2208    32.3152    1445.01  0.000e+00
     30.005   71.60162 -165.30498    -0.2500    32.3293    1444.90  0.000e+00
     29.990   71.60162 -165.30498    -0.2746    32.3449    1444.80  0.000e+00
     29.944   71.60162 -165.30498    -0.2991    32.3707    1444.72  0.000e+00
     30.044   71.60162 -165.30498    -0.3189    32.3916    1444.66  0.000e+00
     30.005   71.60162 -165.30498    -0.3211    32.3748    1444.63  0.000e+00
     29.990   71.60162 -165.30498    -0.3166    32.3372    1444.60  0.000e+00
     30.005   71.60162 -165.30498    -0.3265    32.3241    1444.53  0.000e+00
     30.044   71.60162 -165.30498    -0.3431    32.3202    1444.45  0.000e+00
     30.005   71.60162 -165.30498    -0.3631    32.2964    1444.33  0.000e+00
     30.044   71.60162 -165.30498    -0.3834    32.2720    1444.20  0.000e+00
     30.059   71.60162 -165.30498    -0.3999    32.2515    1444.09  0.000e+00
     30.044   71.60162 -165.30498    -0.4188    32.2392    1443.99  0.000e+00
     30.005   71.60162 -165.30498    -0.4497    32.2493    1443.86  0.000e+00
     30.106   71.60162 -165.30498    -0.4908    32.2796    1443.71  0.000e+00
     30.059   71.60162 -165.30498    -0.5306    32.2993    1443.55  0.000e+00
     30.044   71.60162 -165.30498    -0.5640    32.3100    1443.41  0.000e+00
     30.059   71.60162 -165.30498    -0.5996    32.3277    1443.26  0.000e+00
     30.106   71.60162 -165.30498    -0.6350    32.3509    1443.13  0.000e+00
     30.059   71.60162 -165.30498    -0.6632    32.3696    1443.02  0.000e+00
