EcoFOCI/data/1_SampleCollection/2023_SikuliaqDBO_CruiseData/CTD_raw_BottleFile_SKQ23-12S/proc/skq202312s_030avg.cnv
* Sea-Bird SBE 9 Data File:
* FileName = D:\CTD\SKQ202312S\SKQ202312S_030.hex
* Software Version Seasave V 7.26.7.121
* Temperature SN = 6177
* Conductivity SN = 0369
* Number of Bytes Per Scan = 41
* Number of Voltage Words = 4
* Number of Scans Averaged by the Deck Unit = 1
* NMEA Latitude = 71 27.31 N
* NMEA Longitude = 157 35.45 W
* NMEA UTC (Time) = Sep 21 2023  07:26:33
* NMEA baud rate = 4800
** Ship: R/V Sikuliaq
** Station Number: 030
** Station Name: DBO5.6
** Bottom Depth: 109
** Operator: SS
# nquan = 25
# nvalues = 101                         
# units = specified
# name 0 = depSM: Depth [salt water, m]
# name 1 = latitude: Latitude [deg]
# name 2 = longitude: Longitude [deg]
# name 3 = prDM: Pressure, Digiquartz [db]
# name 4 = t090C: Temperature [ITS-90, deg C]
# name 5 = t190C: Temperature, 2 [ITS-90, deg C]
# name 6 = potemp090C: Potential Temperature [ITS-90, deg C]
# name 7 = sal00: Salinity, Practical [PSU]
# name 8 = sal11: Salinity, Practical, 2 [PSU]
# name 9 = density00: Density [density, kg/m^3]
# name 10 = sigma-é00: Density [sigma-theta, kg/m^3]
# name 11 = sbox0Mm/Kg: Oxygen, SBE 43 [umol/kg]
# name 12 = sbox1Mm/Kg: Oxygen, SBE 43, 2 [umol/kg]
# name 13 = oxsolMm/Kg: Oxygen Saturation, Garcia & Gordon [umol/kg]
# name 14 = sbeox0PS: Oxygen, SBE 43 [% saturation]
# name 15 = sbeox1PS: Oxygen, SBE 43, 2 [% saturation]
# name 16 = v0: Voltage 0
# name 17 = flECO-AFL: Fluorescence, WET Labs ECO-AFL/FL [mg/m^3]
# name 18 = v1: Voltage 1
# name 19 = CStarAt0: Beam Attenuation, WET Labs C-Star [1/m]
# name 20 = par: PAR/Irradiance, Biospherical/Licor
# name 21 = scan: Scan Count
# name 22 = timeM: Time, Elapsed [minutes]
# name 23 = nbin: number of scans per bin
# name 24 = flag: flag
# span 0 =      4.949,    103.901       
# span 1 =   71.45512,   71.45516       
# span 2 = -157.59105, -157.59053       
# span 3 =      5.000,    105.000       
# span 4 =    -1.7027,     4.4283       
# span 5 =    -1.7011,     4.4313       
# span 6 =    -1.7041,     4.4280       
# span 7 =    30.3945,    32.9797       
# span 8 =    30.4038,    32.9901       
# span 9 =  1024.1072,  1027.0422       
# span 10 =    24.0838,    26.5359      
# span 11 =    263.754,    457.993      
# span 12 =    250.622,    441.663      
# span 13 =  322.53868,  370.84149      
# span 14 =     71.332,    125.061      
# span 15 =     67.788,    120.391      
# span 16 =     0.0660,     0.1791      
# span 17 =     0.0476,     0.7264      
# span 18 =     3.2543,     4.1967      
# span 19 =     0.4636,     1.4812      
# span 20 = -3.973e-05, 1.5697e-01      
# span 21 =        271,       7698      
# span 22 =     0.1872,     5.3453      
# span 23 =         20,        814      
# span 24 = 0.0000e+00, 0.0000e+00      
# interval = decibars: 1                
# start_time = Sep 21 2023 07:30:42 [NMEA time, first data scan]
# bad_flag = -9.990e-29
*END*
[from data line 58]
     62.347   71.45512 -157.59076     63.000    -1.6739    -1.6722    -1.6750    32.7650    32.7754  1026.6653    26.3609    287.085    273.578  370.18747     77.551     73.912     0.0848     0.1606     4.0641     0.5921 4.9051e-06       4182     2.9031         38 0.0000e+00
     63.337   71.45512 -157.59076     64.000    -1.6751    -1.6738    -1.6763    32.7704    32.7809  1026.6745    26.3654    286.678    273.246  370.18374     77.442     73.822     0.0909     0.1973     4.0284     0.6273 2.8147e-06       4228     2.9354         55 0.0000e+00
     64.326   71.45512 -157.59076     65.000    -1.6770    -1.6751    -1.6782    32.7736    32.7830  1026.6820    26.3680    284.914    270.971  370.19350     76.964     73.206     0.1001     0.2524     4.0199     0.6358 3.2461e-06       4281     2.9719         42 0.0000e+00
     65.316   71.45512 -157.59077     66.000    -1.6786    -1.6772    -1.6797    32.7759    32.7861  1026.6887    26.3699    282.211    268.823  370.20206     76.232     72.624     0.0901     0.1924     4.0082     0.6474 3.5201e-06       4329     3.0054         60 0.0000e+00
     66.305   71.45514 -157.59078     67.000    -1.6831    -1.6818    -1.6843    32.7822    32.7928  1026.6987    26.3751    280.635    267.470  370.22938     75.800     72.253     0.0883     0.1820     4.0537     0.6023 4.7395e-06       4391     3.0483         49 0.0000e+00
     67.295   71.45514 -157.59078     68.000    -1.6847    -1.6833    -1.6859    32.7938    32.8046  1026.7131    26.3846    280.292    267.145  370.21081     75.711     72.169     0.0997     0.2503     4.0983     0.5586 4.1352e-06       4429     3.0749         37 0.0000e+00
     68.284   71.45514 -157.59079     69.000    -1.6847    -1.6829    -1.6859    32.7976    32.8077  1026.7209    26.3877    283.917    269.986  370.20001     76.693     72.939     0.0874     0.1766     4.1095     0.5476 4.7093e-06       4480     3.1107         68 0.0000e+00
     69.274   71.45514 -157.59080     70.000    -1.6850    -1.6834    -1.6862    32.8010    32.8115  1026.7285    26.3904    288.017    275.790  370.19332     77.802     74.508     0.0887     0.1842     4.1117     0.5455 3.2556e-06       4545     3.1553         45 0.0000e+00
     70.263   71.45514 -157.59080     71.000    -1.6835    -1.6817    -1.6848    32.8082    32.8195  1026.7392    26.3963    287.479    275.283  370.15694     77.664     74.380     0.0882     0.1812     4.1126     0.5446 5.2364e-06       4580     3.1796         34 0.0000e+00
     71.253   71.45514 -157.59081     72.000    -1.6826    -1.6811    -1.6839    32.8173    32.8275  1026.7514    26.4036    287.664    273.298  370.12131     77.722     73.849     0.0863     0.1696     4.0717     0.5847 4.2281e-06       4618     3.2062         49 0.0000e+00
     72.242   71.45514 -157.59082     73.000    -1.6820    -1.6803    -1.6833    32.8247    32.8349  1026.7622    26.4096    287.039    272.104  370.09334     77.559     73.532     0.0874     0.1764     4.0677     0.5885 3.2587e-06       4698     3.2616         80 0.0000e+00
     73.231   71.45514 -157.59084     74.000    -1.6822    -1.6807    -1.6835    32.8449    32.8555  1026.7834    26.4261    285.545    271.436  370.03619     77.167     73.363     0.0871     0.1747     4.0319     0.6239 4.2686e-06       4743     3.2928         28 0.0000e+00
     74.221   71.45514 -157.59084     75.000    -1.6816    -1.6800    -1.6829    32.8575    32.8675  1026.7984    26.4363    285.631    271.539  369.99355     77.199     73.399     0.0818     0.1430     3.9782     0.6777 3.1350e-06       4768     3.3105         27 0.0000e+00
     75.210   71.45515 -157.59084     76.000    -1.6901    -1.6915    -1.6914    32.8660    32.8817  1026.8104    26.4434    282.939    269.645  370.05314     76.459     72.873     0.0772     0.1153     3.8531     0.8059 2.6443e-06       4818     3.3454         89 0.0000e+00
     76.200   71.45514 -157.59086     77.000    -1.7012    -1.6998    -1.7026    32.8884    32.8981  1026.8337    26.4618    274.279    261.465  370.09931     74.110     70.655     0.0897     0.1901     3.8616     0.7967 3.9282e-06       4899     3.4012         40 0.0000e+00
     77.189   71.45514 -157.59087     78.000    -1.7027    -1.7011    -1.7041    32.8942    32.9042  1026.8433    26.4666    272.561    257.934  370.09687     73.646     69.702     0.0708     0.0768     3.7578     0.9057 5.0839e-06       4928     3.4212         30 0.0000e+00
     78.179   71.45515 -157.59088     79.000    -1.6964    -1.6942    -1.6978    32.9008    32.9109  1026.8533    26.4719    272.395    257.064  370.01476     73.617     69.484     0.0758     0.1069     3.7371     0.9277 5.2237e-06       4966     3.4482         55 0.0000e+00
     79.168   71.45516 -157.59087     80.000    -1.6743    -1.6716    -1.6758    32.9162    32.9264  1026.8701    26.4838    267.553    254.809  369.74902     72.361     68.925     0.0712     0.0793     3.7051     0.9622 2.6198e-06       5035     3.4961         64 0.0000e+00
     80.157   71.45516 -157.59088     81.000    -1.6610    -1.6592    -1.6624    32.9269    32.9370  1026.8833    26.4922    267.809    254.539  369.58418     72.462     68.881     0.0709     0.0771     3.6446     1.0280 6.3412e-06       5084     3.5301         37 0.0000e+00
     81.147   71.45516 -157.59089     82.000    -1.6541    -1.6526    -1.6556    32.9297    32.9398  1026.8902    26.4944    268.174    255.701  369.50736     72.576     69.209     0.0774     0.1166     3.5539     1.1291 3.6056e-06       5121     3.5558         40 0.0000e+00
     82.136   71.45516 -157.59090     83.000    -1.6545    -1.6531    -1.6560    32.9309    32.9410  1026.8960    26.4953    268.559    254.853  369.50809     72.680     68.979     0.0730     0.0896     3.4962     1.1943 3.8326e-06       5164     3.5851         42 0.0000e+00
     83.126   71.45516 -157.59090     84.000    -1.6550    -1.6535    -1.6566    32.9325    32.9426  1026.9021    26.4966    269.216    254.330  369.50848     72.858     68.838     0.0719     0.0831     3.4961     1.1945 5.2989e-06       5203     3.6126         38 0.0000e+00
     84.115   71.45516 -157.59090     85.000    -1.6561    -1.6544    -1.6576    32.9347    32.9446  1026.9087    26.4984    269.260    256.300  369.51268     72.869     69.370     0.0725     0.0870     3.4887     1.2029 4.3148e-06       5276     3.6634         88 0.0000e+00
     85.104   71.45516 -157.59092     86.000    -1.6595    -1.6582    -1.6611    32.9391    32.9493  1026.9172    26.5021    268.781    256.674  369.53363     72.735     69.467     0.0738     0.0949     3.4912     1.2000 4.5657e-06       5327     3.6988         26 0.0000e+00
     86.094   71.45516 -157.59092     87.000    -1.6618    -1.6603    -1.6634    32.9419    32.9520  1026.9244    26.5044    268.556    255.632  369.54848     72.671     69.183     0.0694     0.0683     3.4785     1.2146 4.3710e-06       5355     3.7180         33 0.0000e+00
     87.083   71.45516 -157.59092     88.000    -1.6622    -1.6606    -1.6638    32.9434    32.9534  1026.9305    26.5057    268.994    255.115  369.54817     72.790     69.043     0.0721     0.0843     3.4318     1.2688 5.3471e-06       5404     3.7524         62 0.0000e+00
     88.072   71.45516 -157.59092     89.000    -1.6627    -1.6614    -1.6643    32.9445    32.9550  1026.9361    26.5065    268.017    255.032  369.54994     72.525     69.020     0.0746     0.0997     3.4264     1.2750 3.7259e-06       5454     3.7866         36 0.0000e+00
     89.062   71.45516 -157.59093     90.000    -1.6652    -1.6638    -1.6669    32.9471    32.9573  1026.9431    26.5087    266.886    253.964  369.56769     72.216     68.727     0.0730     0.0897     3.3839     1.3250 4.8486e-06       5502     3.8203         72 0.0000e+00
     90.051   71.45516 -157.59094     91.000    -1.6674    -1.6660    -1.6691    32.9489    32.9590  1026.9495    26.5102    266.116    253.499  369.58458     72.004     68.598     0.0803     0.1338     3.3848     1.3239 3.6757e-06       5566     3.8643         36 0.0000e+00
     91.040   71.45516 -157.59096     92.000    -1.6697    -1.6681    -1.6713    32.9504    32.9603  1026.9556    26.5115    266.024    253.301  369.60252     71.976     68.542     0.0660     0.0476     3.3769     1.3332 4.6357e-06       5595     3.8845         31 0.0000e+00
     92.030   71.45516 -157.59096     93.000    -1.6730    -1.6721    -1.6747    32.9526    32.9631  1026.9623    26.5134    265.871    253.164  369.62952     71.929     68.499     0.0743     0.0976     3.3805     1.3289 4.9180e-06       5653     3.9247         91 0.0000e+00
     93.019   71.45516 -157.59096     94.000    -1.6778    -1.6765    -1.6795    32.9565    32.9668  1026.9704    26.5167    265.796    251.602  369.66570     71.902     68.070     0.0725     0.0867     3.3803     1.3292 3.9212e-06       5717     3.9696         28 0.0000e+00
     94.009   71.45516 -157.59097     95.000    -1.6802    -1.6787    -1.6819    32.9590    32.9689  1026.9773    26.5188    265.365    251.753  369.68206     71.782     68.108     0.0692     0.0670     3.3852     1.3234 3.0702e-06       5742     3.9867         22 0.0000e+00
     94.998   71.45516 -157.59098     96.000    -1.6822    -1.6807    -1.6839    32.9613    32.9713  1026.9841    26.5207    265.612    251.948  369.69553     71.846     68.159     0.0747     0.1003     3.3818     1.3275 3.7446e-06       5770     4.0066         38 0.0000e+00
     95.987   71.45516 -157.59099     97.000    -1.6820    -1.6796    -1.6838    32.9617    32.9707  1026.9892    26.5210    265.119    252.091  369.69257     71.713     68.199     0.0758     0.1069     3.3795     1.3302 4.2412e-06       5847     4.0595         89 0.0000e+00
     96.976   71.45516 -157.59100     98.000    -1.6850    -1.6833    -1.6868    32.9661    32.9758  1026.9977    26.5246    265.524    252.570  369.70954     71.820     68.324     0.0777     0.1185     3.3721     1.3390 3.9087e-06       5902     4.0981         39 0.0000e+00
     97.966   71.45516 -157.59100     99.000    -1.6873    -1.6856    -1.6891    32.9694    32.9794  1027.0053    26.5274    265.690    253.234  369.72251     71.862     68.502     0.0727     0.0880     3.3648     1.3476 3.5385e-06       5944     4.1274         48 0.0000e+00
     98.955   71.45516 -157.59102    100.000    -1.6891    -1.6877    -1.6909    32.9723    32.9825  1027.0125    26.5298    265.203    252.738  369.73267     71.728     68.365     0.0752     0.1029     3.3441     1.3723 3.5879e-06       5999     4.1653         52 0.0000e+00
     99.944   71.45516 -157.59104    101.000    -1.6901    -1.6904    -1.6920    32.9746    32.9867  1027.0192    26.5317    264.716    251.141  369.73590     71.596     67.930     0.0726     0.0880     3.3131     1.4096 4.1048e-06       6475     4.4961        487 0.0000e+00
    100.934   71.45514 -157.59104    102.000    -1.6938    -1.6923    -1.6956    32.9796    32.9896  1027.0281    26.5358    264.666    250.622  369.75762     71.578     67.788     0.0746     0.0998     3.2899     1.4377 4.0010e-06       6742     4.6814         36 0.0000e+00
    101.923   71.45516 -157.59104    103.000    -1.6935    -1.6922    -1.6953    32.9797    32.9901  1027.0331    26.5359    263.754    251.224  369.75429     71.332     67.952     0.0721     0.0846     3.2637     1.4696 4.1938e-06       6863     4.7656         47 0.0000e+00
    102.912   71.45514 -157.59104    104.000    -1.6924    -1.6911    -1.6943    32.9786    32.9889  1027.0370    26.5350    263.868    251.155  369.74703     71.364     67.934     0.0762     0.1090     3.2543     1.4812 3.9210e-06       6976     4.8434        136 0.0000e+00
    103.901   71.45514 -157.59105    105.000    -1.6922    -1.6915    -1.6941    32.9791    32.9900  1027.0422    26.5354    263.819    251.058  369.74383     71.352     67.908     0.0788     0.1250     3.2625     1.4712 3.5624e-06       7698     5.3453        814 0.0000e+00
