EcoFOCI/data/1_SampleCollection/2023_SikuliaqDBO_CruiseData/CTD_raw_BottleFile_SKQ23-12S/proc/skq202312s_025.cnv
* Sea-Bird SBE 9 Data File:
* FileName = D:\CTD\SKQ202312S\SKQ202312S_025.hex
* Software Version Seasave V 7.26.7.121
* Temperature SN = 6177
* Conductivity SN = 0369
* Number of Bytes Per Scan = 41
* Number of Voltage Words = 4
* Number of Scans Averaged by the Deck Unit = 1
* NMEA Latitude = 71 14.81 N
* NMEA Longitude = 157 09.84 W
* NMEA UTC (Time) = Sep 20 2023  21:07:47
* NMEA baud rate = 4800
** Ship: R/V Sikuliaq
** Station Number: 025
** Station Name: DBO5.1
** Bottom Depth: 46
** Operator: SD
# nquan = 24
# nvalues = 4850                                  
# units = specified
# name 0 = depSM: Depth [salt water, m]
# name 1 = latitude: Latitude [deg]
# name 2 = longitude: Longitude [deg]
# name 3 = prDM: Pressure, Digiquartz [db]
# name 4 = t090C: Temperature [ITS-90, deg C]
# name 5 = t190C: Temperature, 2 [ITS-90, deg C]
# name 6 = potemp090C: Potential Temperature [ITS-90, deg C]
# name 7 = sal00: Salinity, Practical [PSU]
# name 8 = sal11: Salinity, Practical, 2 [PSU]
# name 9 = density00: Density [density, kg/m^3]
# name 10 = sigma-é00: Density [sigma-theta, kg/m^3]
# name 11 = sbox0Mm/Kg: Oxygen, SBE 43 [umol/kg]
# name 12 = sbox1Mm/Kg: Oxygen, SBE 43, 2 [umol/kg]
# name 13 = oxsolMm/Kg: Oxygen Saturation, Garcia & Gordon [umol/kg]
# name 14 = sbeox0PS: Oxygen, SBE 43 [% saturation]
# name 15 = sbeox1PS: Oxygen, SBE 43, 2 [% saturation]
# name 16 = v0: Voltage 0
# name 17 = flECO-AFL: Fluorescence, WET Labs ECO-AFL/FL [mg/m^3]
# name 18 = v1: Voltage 1
# name 19 = CStarAt0: Beam Attenuation, WET Labs C-Star [1/m]
# name 20 = par: PAR/Irradiance, Biospherical/Licor
# name 21 = scan: Scan Count
# name 22 = timeM: Time, Elapsed [minutes]
# name 23 = flag:  0.000e+00
# span 0 =      1.605,     41.238                 
# span 1 =   71.24684,   71.24686                 
# span 2 = -157.16436, -157.16418                 
# span 3 =      1.622,     41.667                 
# span 4 =     2.4755,     4.5770                 
# span 5 =     2.4789,     4.5734                 
# span 6 =     2.4734,     4.5766                 
# span 7 =    30.1353,    31.6743                 
# span 8 =    30.1028,    31.6893                 
# span 9 =  1023.9299,  1025.4648                 
# span 10 =    23.9162,    25.2718                
# span 11 =    302.149,    322.425                
# span 12 =    287.957,    307.807                
# span 13 =  320.99086,  335.16143                
# span 14 =     93.063,     96.624                
# span 15 =     88.779,     92.506                
# span 16 =     0.0855,     0.2112                
# span 17 =     0.1648,     0.9194                
# span 18 =     2.1905,     4.0733                
# span 19 =     0.5830,     3.0654                
# span 20 = 1.0000e-12, 2.0801e+02                
# span 21 =          1,       4850                
# span 22 =     0.0000,     3.3674                
# span 23 = 0.0000e+00, 0.0000e+00                
# interval = seconds: 0.0416667
# start_time = Sep 20 2023 21:11:24 [NMEA time, first data scan]
# bad_flag = -9.990e-29
*END*
[from data line 2355]
     23.871   71.24686 -157.16422     24.118     3.7335     3.7363     3.7320    31.0892    31.1005  1024.8143    24.7013    311.111    298.823  326.32372     95.338     91.587     0.0965     0.2308     4.0647     0.5915 3.3742e-01       2356     1.6354  0.000e+00
     23.832   71.24686 -157.16422     24.079     3.7336     3.7360     3.7321    31.0895    31.1007  1024.8143    24.7015    311.106    298.821  326.32222     95.337     91.585     0.0965     0.2308     4.0659     0.5902 3.3742e-01       2357     1.6361  0.000e+00
     23.925   71.24686 -157.16422     24.173     3.7340     3.7357     3.7325    31.0896    31.1002  1024.8148    24.7015    311.109    298.825  326.31891     95.339     91.586     0.0965     0.2308     4.0659     0.5902 3.3486e-01       2358     1.6368  0.000e+00
     23.886   71.24686 -157.16422     24.134     3.7344     3.7350     3.7330    31.0891    31.1003  1024.8142    24.7011    311.112    298.826  326.31637     95.341     91.585     0.0965     0.2308     4.0659     0.5902 3.2979e-01       2359     1.6375  0.000e+00
     23.925   71.24686 -157.16422     24.173     3.7346     3.7344     3.7331    31.0885    31.1004  1024.8139    24.7006    311.125    298.829  326.31667     95.344     91.584     0.0965     0.2308     4.0659     0.5902 3.2728e-01       2360     1.6382  0.000e+00
     23.940   71.24686 -157.16422     24.188     3.7339     3.7338     3.7324    31.0881    31.1003  1024.8137    24.7004    311.147    298.833  326.32295     95.350     91.584     0.0977     0.2381     4.0647     0.5915 3.2728e-01       2361     1.6389  0.000e+00
     23.987   71.24686 -157.16422     24.235     3.7328     3.7332     3.7314    31.0880    31.1007  1024.8140    24.7004    311.178    299.028  326.33164     95.356     91.643     0.0952     0.2234     4.0635     0.5927 3.2853e-01       2362     1.6396  0.000e+00
     23.925   71.24686 -157.16422     24.173     3.7320     3.7322     3.7306    31.0886    31.1009  1024.8142    24.7009    311.205    299.051  326.33670     95.363     91.648     0.0965     0.2308     4.0635     0.5927 3.2853e-01       2363     1.6403  0.000e+00
     24.056   71.24686 -157.16422     24.305     3.7314     3.7319     3.7300    31.0880    31.1006  1024.8144    24.7005    311.245    299.077  326.34302     95.373     91.655     0.0965     0.2308     4.0635     0.5927 3.2853e-01       2364     1.6410  0.000e+00
     24.040   71.24686 -157.16422     24.290     3.7306     3.7316     3.7292    31.0885    31.1001  1024.8148    24.7010    311.282    298.904  326.34824     95.383     91.601     0.0965     0.2308     4.0623     0.5939 3.2728e-01       2365     1.6417  0.000e+00
     24.056   71.24686 -157.16422     24.305     3.7302     3.7311     3.7288    31.0882    31.1004  1024.8147    24.7008    311.322    299.095  326.35187     95.395     91.658     0.0952     0.2234     4.0635     0.5927 3.2603e-01       2366     1.6424  0.000e+00
     24.094   71.24686 -157.16422     24.344     3.7300     3.7314     3.7285    31.0886    31.1005  1024.8152    24.7011    311.366    298.917  326.35303     95.408     91.604     0.0965     0.2308     4.0635     0.5927 3.2478e-01       2367     1.6431  0.000e+00
     24.056   71.24686 -157.16422     24.305     3.7300     3.7316     3.7285    31.0894    31.1010  1024.8157    24.7017    311.407    298.906  326.35107     95.421     91.602     0.0952     0.2234     4.0635     0.5927 3.2478e-01       2368     1.6438  0.000e+00
     24.156   71.24686 -157.16422     24.406     3.7305     3.7319     3.7290    31.0889    31.1013  1024.8157    24.7013    311.243    298.901  326.34851     95.371     91.601     0.0965     0.2308     4.0635     0.5927 3.2353e-01       2369     1.6444  0.000e+00
     24.172   71.24686 -157.16422     24.422     3.7301     3.7316     3.7286    31.0886    31.1010  1024.8156    24.7011    311.268    298.898  326.35224     95.378     91.599     0.0977     0.2381     4.0635     0.5927 3.2229e-01       2370     1.6451  0.000e+00
     24.156   71.24686 -157.16422     24.406     3.7295     3.7314     3.7280    31.0883    31.1007  1024.8153    24.7009    311.265    298.893  326.35751     95.375     91.597     0.0965     0.2308     4.0635     0.5927 3.2728e-01       2371     1.6458  0.000e+00
     24.233   71.24686 -157.16422     24.484     3.7289     3.7316     3.7275    31.0887    31.1009  1024.8160    24.7012    311.268    298.888  326.36136     95.375     91.596     0.0977     0.2381     4.0635     0.5927 3.3106e-01       2372     1.6465  0.000e+00
     24.210   71.24686 -157.16422     24.461     3.7285     3.7316     3.7270    31.0887    31.1011  1024.8160    24.7013    311.271    298.881  326.36506     95.375     91.594     0.0965     0.2308     4.0635     0.5927 3.3232e-01       2373     1.6472  0.000e+00
     24.287   71.24686 -157.16422     24.539     3.7283     3.7316     3.7269    31.0888    31.1006  1024.8165    24.7014    311.279    298.878  326.36556     95.377     91.593     0.0977     0.2381     4.0635     0.5927 3.2853e-01       2374     1.6479  0.000e+00
     24.272   71.24686 -157.16422     24.523     3.7283     3.7306     3.7268    31.0890    31.1009  1024.8165    24.7016    311.287    298.878  326.36565     95.380     91.591     0.0965     0.2308     4.0635     0.5927 3.2353e-01       2375     1.6486  0.000e+00
     24.341   71.24686 -157.16422     24.593     3.7281     3.7297     3.7267    31.0886    31.1006  1024.8166    24.7013    311.304    299.075  326.36778     95.385     91.649     0.0977     0.2381     4.0635     0.5927 3.2105e-01       2376     1.6493  0.000e+00
     24.326   71.24684 -157.16422     24.578     3.7277     3.7291     3.7262    31.0883    31.1006  1024.8163    24.7011    311.111    299.094  326.37245     95.324     91.654     0.0965     0.2308     4.0635     0.5927 3.1982e-01       2377     1.6500  0.000e+00
     24.403   71.24684 -157.16422     24.656     3.7271     3.7284     3.7256    31.0878    31.1009  1024.8163    24.7007    311.289    299.115  326.37821     95.377     91.659     0.0977     0.2381     4.0635     0.5927 3.1370e-01       2378     1.6507  0.000e+00
     24.441   71.24684 -157.16422     24.695     3.7265     3.7278     3.7251    31.0883    31.1009  1024.8169    24.7012    311.284    299.135  326.38133     95.374     91.663     0.0952     0.2234     4.0635     0.5927 3.1249e-01       2379     1.6514  0.000e+00
     24.403   71.24684 -157.16422     24.656     3.7261     3.7267     3.7246    31.0888    31.1011  1024.8172    24.7016    311.313    299.153  326.38378     95.382     91.667     0.0940     0.2161     4.0635     0.5927 3.1128e-01       2380     1.6521  0.000e+00
     24.495   71.24684 -157.16422     24.749     3.7258     3.7252     3.7243    31.0888    31.1008  1024.8177    24.7017    311.351    299.181  326.38626     95.394     91.672     0.0928     0.2088     4.0623     0.5939 3.0647e-01       2381     1.6528  0.000e+00
     24.519   71.24684 -157.16422     24.773     3.7250     3.7238     3.7235    31.0883    31.1007  1024.8174    24.7013    311.362    299.012  326.39361     95.394     91.617     0.0928     0.2088     4.0635     0.5927 3.0528e-01       2382     1.6535  0.000e+00
     24.557   71.24684 -157.16422     24.812     3.7235     3.7227     3.7220    31.0882    31.1010  1024.8176    24.7014    311.201    299.010  326.40564     95.342     91.614     0.0928     0.2088     4.0635     0.5927 3.0290e-01       2383     1.6542  0.000e+00
     24.573   71.24684 -157.16422     24.827     3.7220     3.7222     3.7205    31.0883    31.1008  1024.8179    24.7016    311.405    299.003  326.41765     95.401     91.610     0.0928     0.2088     4.0635     0.5927 2.9819e-01       2384     1.6549  0.000e+00
     24.611   71.24684 -157.16422     24.866     3.7207     3.7216     3.7192    31.0883    31.1009  1024.8183    24.7017    311.250    298.997  326.42762     95.351     91.607     0.0928     0.2088     4.0635     0.5927 2.9702e-01       2385     1.6556  0.000e+00
     24.634   71.24684 -157.16422     24.890     3.7201     3.7206     3.7186    31.0885    31.1011  1024.8186    24.7020    311.241    298.994  326.43219     95.346     91.604     0.0928     0.2088     4.0623     0.5939 2.9702e-01       2386     1.6563  0.000e+00
     24.673   71.24684 -157.16422     24.928     3.7193     3.7198     3.7178    31.0883    31.1011  1024.8187    24.7019    311.239    299.183  326.43900     95.344     91.660     0.0928     0.2088     4.0635     0.5927 2.9352e-01       2387     1.6569  0.000e+00
     24.688   71.24684 -157.16422     24.944     3.7183     3.7192     3.7168    31.0883    31.1013  1024.8188    24.7019    311.241    299.004  326.44678     95.342     91.605     0.0928     0.2088     4.0635     0.5927 2.9237e-01       2388     1.6576  0.000e+00
     24.788   71.24684 -157.16422     25.045     3.7175     3.7181     3.7160    31.0882    31.1010  1024.8193    24.7019    311.249    299.005  326.45338     95.343     91.602     0.0940     0.2161     4.0635     0.5927 2.9121e-01       2389     1.6583  0.000e+00
     24.742   71.24684 -157.16422     24.999     3.7166     3.7166     3.7151    31.0883    31.1011  1024.8193    24.7021    311.256    299.003  326.46070     95.343     91.598     0.0928     0.2088     4.0623     0.5939 2.9352e-01       2390     1.6590  0.000e+00
     24.788   71.24684 -157.16422     25.045     3.7151     3.7150     3.7136    31.0883    31.1012  1024.8196    24.7022    311.277    299.005  326.47295     95.345     91.595     0.0940     0.2161     4.0635     0.5927 2.9468e-01       2391     1.6597  0.000e+00
     24.858   71.24684 -157.16422     25.115     3.7136     3.7136     3.7121    31.0884    31.1011  1024.8202    24.7024    311.302    299.007  326.48405     95.350     91.593     0.0928     0.2088     4.0635     0.5927 2.9468e-01       2392     1.6604  0.000e+00
     24.842   71.24684 -157.16422     25.100     3.7124     3.7128     3.7109    31.0882    31.1010  1024.8200    24.7024    311.292    299.000  326.49473     95.344     91.589     0.0928     0.2088     4.0635     0.5927 2.9237e-01       2393     1.6611  0.000e+00
     24.920   71.24684 -157.16422     25.178     3.7112     3.7118     3.7097    31.0888    31.1013  1024.8210    24.7030    311.285    298.998  326.50254     95.339     91.586     0.0928     0.2088     4.0635     0.5927 2.9121e-01       2394     1.6618  0.000e+00
     24.958   71.24684 -157.16422     25.217     3.7105     3.7109     3.7089    31.0895    31.1019  1024.8218    24.7036    311.311    298.993  326.50686     95.346     91.583     0.0928     0.2088     4.0635     0.5927 2.9121e-01       2395     1.6625  0.000e+00
     24.974   71.24684 -157.16422     25.232     3.7101     3.7106     3.7086    31.0899    31.1022  1024.8223    24.7040    311.302    298.982  326.50819     95.343     91.579     0.0928     0.2088     4.0635     0.5927 2.8777e-01       2396     1.6632  0.000e+00
     25.012   71.24684 -157.16422     25.271     3.7101     3.7103     3.7086    31.0901    31.1022  1024.8225    24.7041    311.330    298.996  326.50834     95.351     91.583     0.0928     0.2088     4.0635     0.5927 2.8210e-01       2397     1.6639  0.000e+00
     25.027   71.24684 -157.16422     25.287     3.7098     3.7103     3.7083    31.0903    31.1023  1024.8228    24.7043    311.329    299.008  326.50985     95.350     91.586     0.0928     0.2088     4.0635     0.5927 2.8097e-01       2398     1.6646  0.000e+00
     25.074   71.24684 -157.16422     25.334     3.7092     3.7102     3.7077    31.0905    31.1023  1024.8233    24.7045    311.368    299.000  326.51396     95.361     91.584     0.0928     0.2088     4.0635     0.5927 2.7985e-01       2399     1.6653  0.000e+00
     25.089   71.24684 -157.16422     25.349     3.7087     3.7098     3.7071    31.0904    31.1025  1024.8233    24.7045    311.377    298.992  326.51879     95.363     91.581     0.0928     0.2088     4.0635     0.5927 2.7762e-01       2400     1.6660  0.000e+00
     25.128   71.24684 -157.16422     25.388     3.7080     3.7093     3.7064    31.0903    31.1026  1024.8235    24.7045    311.390    298.987  326.52463     95.365     91.578     0.0928     0.2088     4.0623     0.5939 2.7651e-01       2401     1.6667  0.000e+00
     25.205   71.24684 -157.16422     25.466     3.7073     3.7083     3.7058    31.0903    31.1029  1024.8239    24.7045    311.408    298.987  326.52984     95.369     91.576     0.0916     0.2015     4.0501     0.6059 2.7651e-01       2402     1.6674  0.000e+00
     25.189   71.24684 -157.16422     25.450     3.7062     3.7077     3.7047    31.0904    31.1028  1024.8240    24.7047    311.427    298.980  326.53838     95.372     91.572     0.0928     0.2088     4.0440     0.6119 2.7873e-01       2403     1.6681  0.000e+00
     25.205   71.24684 -157.16422     25.466     3.7056     3.7063     3.7041    31.0907    31.1033  1024.8243    24.7050    311.377    299.003  326.54235     95.356     91.577     0.0928     0.2088     4.0427     0.6131 2.7873e-01       2404     1.6688  0.000e+00
     25.305   71.24684 -157.16422     25.567     3.7045     3.7055     3.7029    31.0914    31.1038  1024.8255    24.7056    311.403    299.002  326.54990     95.362     91.575     0.0928     0.2088     4.0440     0.6119 2.7762e-01       2405     1.6694  0.000e+00
     25.259   71.24684 -157.16422     25.521     3.7040     3.7048     3.7025    31.0919    31.1046  1024.8257    24.7061    311.421    298.994  326.55243     95.366     91.571     0.0904     0.1941     4.0440     0.6119 2.6663e-01       2406     1.6701  0.000e+00
     25.305   71.24684 -157.16422     25.567     3.7034     3.7031     3.7019    31.0925    31.1061  1024.8264    24.7066    311.446    298.997  326.55568     95.373     91.569     0.0904     0.1941     4.0440     0.6119 2.6126e-01       2407     1.6708  0.000e+00
     25.374   71.24684 -157.16422     25.637     3.7033     3.7019     3.7017    31.0932    31.1059  1024.8273    24.7072    311.471    299.000  326.55522     95.381     91.568     0.0916     0.2015     4.0440     0.6119 2.6019e-01       2408     1.6715  0.000e+00
     25.413   71.24684 -157.16422     25.676     3.7034     3.6997     3.7019    31.0940    31.1064  1024.8282    24.7079    311.494    299.008  326.55179     95.389     91.566     0.0904     0.1941     4.0440     0.6119 2.6126e-01       2409     1.6722  0.000e+00
     25.374   71.24684 -157.16422     25.637     3.7036     3.6978     3.7020    31.0943    31.1064  1024.8282    24.7080    311.518    299.012  326.54999     95.397     91.563     0.0916     0.2015     4.0440     0.6119 2.6126e-01       2410     1.6729  0.000e+00
     25.475   71.24684 -157.16422     25.739     3.7029     3.6966     3.7014    31.0939    31.1066  1024.8284    24.7078    311.559    299.038  326.55590     95.408     91.568     0.0904     0.1941     4.0440     0.6119 2.6126e-01       2411     1.6736  0.000e+00
     25.428   71.24684 -157.16422     25.692     3.7012     3.6955     3.6997    31.0937    31.1070  1024.8282    24.7078    311.392    299.058  326.57047     95.352     91.572     0.0904     0.1941     4.0440     0.6119 2.6019e-01       2412     1.6743  0.000e+00
     25.529   71.24684 -157.16422     25.793     3.6996     3.6946     3.6981    31.0946    31.1073  1024.8295    24.7086    311.412    299.083  326.58089     95.355     91.578     0.0904     0.1941     4.0440     0.6119 2.6019e-01       2413     1.6750  0.000e+00
     25.490   71.24684 -157.16422     25.754     3.6982     3.6941     3.6966    31.0933    31.1074  1024.8285    24.7077    311.434    298.886  326.59550     95.358     91.516     0.0904     0.1941     4.0440     0.6119 2.6019e-01       2414     1.6757  0.000e+00
     25.475   71.24684 -157.16422     25.739     3.6925     3.6903     3.6910    31.0888    31.1077  1024.8253    24.7047    311.506    298.910  326.65184     95.363     91.515     0.0904     0.1941     4.0440     0.6119 2.5807e-01       2415     1.6764  0.000e+00
