EcoFOCI/data/1_SampleCollection/2023_SikuliaqDBO_CruiseData/CTD_raw_BottleFile_SKQ23-12S/proc/skq202312s_027.cnv
* Sea-Bird SBE 9 Data File:
* FileName = D:\CTD\SKQ202312S\SKQ202312S_027.hex
* Software Version Seasave V 7.26.7.121
* Temperature SN = 6177
* Conductivity SN = 0369
* Number of Bytes Per Scan = 41
* Number of Voltage Words = 4
* Number of Scans Averaged by the Deck Unit = 1
* NMEA Latitude = 71 19.80 N
* NMEA Longitude = 157 19.91 W
* NMEA UTC (Time) = Sep 21 2023  01:08:33
* NMEA baud rate = 4800
** Ship: R/V Sikuliaq
** Station Number: 027
** Station Name: DBO5.3
** Bottom Depth: 91
** Operator: SD
# nquan = 24
# nvalues = 6715                                  
# units = specified
# name 0 = depSM: Depth [salt water, m]
# name 1 = latitude: Latitude [deg]
# name 2 = longitude: Longitude [deg]
# name 3 = prDM: Pressure, Digiquartz [db]
# name 4 = t090C: Temperature [ITS-90, deg C]
# name 5 = t190C: Temperature, 2 [ITS-90, deg C]
# name 6 = potemp090C: Potential Temperature [ITS-90, deg C]
# name 7 = sal00: Salinity, Practical [PSU]
# name 8 = sal11: Salinity, Practical, 2 [PSU]
# name 9 = density00: Density [density, kg/m^3]
# name 10 = sigma-é00: Density [sigma-theta, kg/m^3]
# name 11 = sbox0Mm/Kg: Oxygen, SBE 43 [umol/kg]
# name 12 = sbox1Mm/Kg: Oxygen, SBE 43, 2 [umol/kg]
# name 13 = oxsolMm/Kg: Oxygen Saturation, Garcia & Gordon [umol/kg]
# name 14 = sbeox0PS: Oxygen, SBE 43 [% saturation]
# name 15 = sbeox1PS: Oxygen, SBE 43, 2 [% saturation]
# name 16 = v0: Voltage 0
# name 17 = flECO-AFL: Fluorescence, WET Labs ECO-AFL/FL [mg/m^3]
# name 18 = v1: Voltage 1
# name 19 = CStarAt0: Beam Attenuation, WET Labs C-Star [1/m]
# name 20 = par: PAR/Irradiance, Biospherical/Licor
# name 21 = scan: Scan Count
# name 22 = timeM: Time, Elapsed [minutes]
# name 23 = flag:  0.000e+00
# span 0 =      2.076,     85.515                 
# span 1 =   71.32992,   71.33000                 
# span 2 = -157.33170, -157.33124                 
# span 3 =      2.097,     86.414                 
# span 4 =    -1.2074,     4.8666                 
# span 5 =    -1.2150,     4.8681                 
# span 6 =    -1.2092,     4.8664                 
# span 7 =    30.1071,    32.4541                 
# span 8 =    30.1299,    32.4766                 
# span 9 =  1023.8266,  1026.5111                 
# span 10 =    23.8131,    26.0963                
# span 11 =    300.320,    339.718                
# span 12 =    284.736,    318.170                
# span 13 =  319.35409,  366.48556                
# span 14 =     85.598,     98.928                
# span 15 =     81.128,     93.124                
# span 16 =     0.0684,     0.2381                
# span 17 =     0.0623,     1.0806                
# span 18 =     3.5433,     4.2479                
# span 19 =     0.4151,     1.1407                
# span 20 = 1.0000e-12, 1.1044e+02                
# span 21 =          1,       6715                
# span 22 =     0.0000,     4.6625                
# span 23 = 0.0000e+00, 0.0000e+00                
# interval = seconds: 0.0416667
# start_time = Sep 21 2023 01:12:36 [NMEA time, first data scan]
# bad_flag = -9.990e-29
*END*
[from data line 3201]
     41.183   71.32996 -157.33156     41.611    -0.1644    -0.1621    -0.1656    32.2505    32.2797  1026.0935    25.8943    324.072    309.687  357.02703     90.770     86.766     0.1026     0.2674     3.8010     0.8599 2.4969e-01       3202     2.2229  0.000e+00
     41.183   71.32996 -157.33156     41.611    -0.1648    -0.1635    -0.1660    32.2508    32.2803  1026.0937    25.8945    324.062    309.489  357.02956     90.766     86.707     0.1026     0.2674     3.8010     0.8599 2.4762e-01       3203     2.2236  0.000e+00
     41.229   71.32996 -157.33156     41.658    -0.1648    -0.1645    -0.1660    32.2502    32.2806  1026.0935    25.8940    324.067    309.488  357.03116     90.767     86.705     0.1026     0.2674     3.8010     0.8599 2.3948e-01       3204     2.2243  0.000e+00
     41.237   71.32996 -157.33156     41.666    -0.1650    -0.1652    -0.1663    32.2502    32.2806  1026.0936    25.8940    324.087    309.272  357.03380     90.772     86.643     0.1026     0.2674     3.8010     0.8599 2.3547e-01       3205     2.2250  0.000e+00
     41.183   71.32996 -157.33156     41.611    -0.1654    -0.1655    -0.1666    32.2505    32.2805  1026.0936    25.8943    324.072    309.250  357.03600     90.767     86.636     0.1038     0.2747     3.8010     0.8599 2.3547e-01       3206     2.2257  0.000e+00
     41.237   71.32996 -157.33156     41.666    -0.1662    -0.1656    -0.1674    32.2507    32.2810  1026.0940    25.8945    324.326    309.209  357.04292     90.837     86.624     0.1026     0.2674     3.8010     0.8599 2.3349e-01       3207     2.2264  0.000e+00
     41.229   71.32996 -157.33156     41.658    -0.1664    -0.1653    -0.1676    32.2501    32.2804  1026.0935    25.8940    323.892    309.202  357.04682     90.714     86.623     0.1038     0.2747     3.8010     0.8599 2.3448e-01       3208     2.2271  0.000e+00
     41.237   71.32996 -157.33156     41.666    -0.1666    -0.1656    -0.1678    32.2501    32.2805  1026.0936    25.8940    323.874    309.210  357.04886     90.708     86.624     0.1038     0.2747     3.8022     0.8586 2.3448e-01       3209     2.2278  0.000e+00
     41.237   71.32996 -157.33156     41.666    -0.1669    -0.1659    -0.1681    32.2501    32.2806  1026.0935    25.8940    323.871    309.227  357.05161     90.707     86.629     0.1087     0.3040     3.8034     0.8573 2.3747e-01       3210     2.2285  0.000e+00
     41.291   71.32996 -157.33156     41.720    -0.1666    -0.1659    -0.1678    32.2502    32.2803  1026.0939    25.8941    323.879    309.254  357.04872     90.710     86.636     0.1087     0.3040     3.8034     0.8573 2.3948e-01       3211     2.2292  0.000e+00
     41.283   71.32996 -157.33156     41.713    -0.1671    -0.1650    -0.1683    32.2506    32.2797  1026.0942    25.8944    323.860    309.032  357.05172     90.704     86.575     0.1087     0.3040     3.8034     0.8573 2.3948e-01       3212     2.2299  0.000e+00
     41.291   71.32996 -157.33156     41.720    -0.1672    -0.1650    -0.1685    32.2507    32.2801  1026.0943    25.8946    323.852    309.015  357.05294     90.702     86.571     0.1087     0.3040     3.8034     0.8573 2.3847e-01       3213     2.2306  0.000e+00
     41.291   71.32996 -157.33156     41.720    -0.1672    -0.1652    -0.1685    32.2507    32.2798  1026.0943    25.8946    323.610    309.011  357.05294     90.634     86.569     0.1087     0.3040     3.8034     0.8573 2.3647e-01       3214     2.2313  0.000e+00
     41.237   71.32996 -157.33156     41.666    -0.1670    -0.1649    -0.1682    32.2509    32.2794  1026.0942    25.8947    323.626    309.011  357.05023     90.639     86.570     0.1099     0.3113     3.8034     0.8573 2.3647e-01       3215     2.2319  0.000e+00
     41.345   71.32996 -157.33156     41.775    -0.1666    -0.1650    -0.1678    32.2515    32.2797  1026.0952    25.8951    323.616    308.999  357.04506     90.637     86.566     0.1087     0.3040     3.8034     0.8573 2.3547e-01       3216     2.2326  0.000e+00
     41.352   71.32996 -157.33156     41.783    -0.1662    -0.1653    -0.1674    32.2508    32.2799  1026.0946    25.8946    323.572    308.994  357.04276     90.626     86.564     0.1099     0.3113     3.8034     0.8573 2.3349e-01       3217     2.2333  0.000e+00
     41.291   71.32996 -157.33154     41.720    -0.1660    -0.1659    -0.1672    32.2503    32.2795  1026.0940    25.8942    323.342    308.998  357.04239     90.561     86.564     0.1087     0.3040     3.8034     0.8573 2.3448e-01       3218     2.2340  0.000e+00
     41.352   71.32996 -157.33154     41.783    -0.1662    -0.1662    -0.1674    32.2500    32.2792  1026.0940    25.8939    322.846    308.793  357.04498     90.422     86.506     0.1099     0.3113     3.8034     0.8573 2.3053e-01       3219     2.2347  0.000e+00
     41.399   71.32996 -157.33154     41.830    -0.1663    -0.1667    -0.1675    32.2493    32.2799  1026.0937    25.8934    323.464    308.818  357.04789     90.594     86.512     0.1087     0.3040     3.8034     0.8573 2.2469e-01       3220     2.2354  0.000e+00
     41.352   71.32996 -157.33154     41.783    -0.1666    -0.1670    -0.1678    32.2492    32.2801  1026.0934    25.8933    323.242    308.818  357.05127     90.531     86.511     0.1087     0.3040     3.8034     0.8573 2.2373e-01       3221     2.2361  0.000e+00
     41.406   71.32996 -157.33154     41.837    -0.1668    -0.1673    -0.1681    32.2496    32.2800  1026.0940    25.8936    322.992    308.833  357.05234     90.461     86.515     0.1099     0.3113     3.8034     0.8573 2.2857e-01       3222     2.2368  0.000e+00
     41.352   71.32996 -157.33154     41.783    -0.1672    -0.1674    -0.1685    32.2498    32.2798  1026.0939    25.8938    323.203    308.852  357.05550     90.519     86.519     0.1087     0.3040     3.8034     0.8573 2.3547e-01       3223     2.2375  0.000e+00
     41.345   71.32996 -157.33154     41.775    -0.1672    -0.1673    -0.1685    32.2498    32.2793  1026.0939    25.8938    323.227    308.850  357.05548     90.526     86.519     0.1099     0.3113     3.8034     0.8573 2.3747e-01       3224     2.2382  0.000e+00
     41.522   71.32996 -157.33154     41.954    -0.1674    -0.1674    -0.1686    32.2499    32.2795  1026.0948    25.8939    323.275    308.647  357.05674     90.539     86.462     0.1087     0.3040     3.8034     0.8573 2.3647e-01       3225     2.2389  0.000e+00
     41.406   71.32996 -157.33154     41.837    -0.1675    -0.1674    -0.1688    32.2501    32.2797  1026.0944    25.8941    323.032    308.630  357.05728     90.471     86.457     0.1099     0.3113     3.8034     0.8573 2.3053e-01       3226     2.2396  0.000e+00
     41.468   71.32996 -157.33154     41.900    -0.1672    -0.1670    -0.1685    32.2498    32.2794  1026.0944    25.8938    323.011    308.626  357.05557     90.465     86.457     0.1087     0.3040     3.8034     0.8573 2.2955e-01       3227     2.2403  0.000e+00
     41.468   71.32996 -157.33154     41.900    -0.1680    -0.1674    -0.1692    32.2499    32.2795  1026.0946    25.8939    323.010    308.637  357.06215     90.463     86.459     0.1087     0.3040     3.8034     0.8573 2.2955e-01       3228     2.2410  0.000e+00
     41.514   71.32996 -157.33154     41.946    -0.1688    -0.1685    -0.1701    32.2494    32.2797  1026.0944    25.8935    323.029    308.666  357.07153     90.466     86.465     0.1099     0.3113     3.8046     0.8560 2.2857e-01       3229     2.2417  0.000e+00
     41.468   71.32996 -157.33154     41.900    -0.1706    -0.1696    -0.1719    32.2497    32.2798  1026.0945    25.8939    322.820    308.700  357.08750     90.404     86.472     0.1087     0.3040     3.8059     0.8547 2.2760e-01       3230     2.2424  0.000e+00
     41.522   71.32996 -157.33154     41.954    -0.1712    -0.1711    -0.1725    32.2502    32.2799  1026.0952    25.8943    323.068    308.723  357.09205     90.472     86.475     0.1099     0.3113     3.8059     0.8547 2.2663e-01       3231     2.2431  0.000e+00
     41.522   71.32996 -157.33154     41.954    -0.1719    -0.1736    -0.1731    32.2500    32.2806  1026.0951    25.8942    322.836    308.758  357.09826     90.405     86.480     0.1087     0.3040     3.8046     0.8560 2.1330e-01       3232     2.2437  0.000e+00
     41.576   71.32996 -157.33154     42.009    -0.1728    -0.1763    -0.1740    32.2498    32.2811  1026.0952    25.8941    322.825    308.589  357.10731     90.400     86.427     0.1099     0.3113     3.8059     0.8547 2.0592e-01       3233     2.2444  0.000e+00
     41.584   71.32996 -157.33154     42.017    -0.1740    -0.1771    -0.1752    32.2499    32.2808  1026.0954    25.8942    322.830    308.601  357.11881     90.398     86.428     0.1087     0.3040     3.8059     0.8547 2.0592e-01       3234     2.2451  0.000e+00
     41.584   71.32996 -157.33154     42.017    -0.1752    -0.1781    -0.1765    32.2506    32.2816  1026.0960    25.8948    322.848    308.622  357.12855     90.401     86.432     0.1087     0.3040     3.8059     0.8547 2.1611e-01       3235     2.2458  0.000e+00
     41.584   71.32996 -157.33154     42.017    -0.1761    -0.1792    -0.1774    32.2510    32.2824  1026.0963    25.8951    322.878    308.653  357.13588     90.408     86.439     0.1087     0.3040     3.8059     0.8547 2.2277e-01       3236     2.2465  0.000e+00
     41.684   71.32996 -157.33154     42.118    -0.1768    -0.1801    -0.1781    32.2517    32.2822  1026.0975    25.8958    322.971    308.699  357.14016     90.432     86.449     0.1087     0.3040     3.8059     0.8547 2.2373e-01       3237     2.2472  0.000e+00
     41.638   71.32996 -157.33154     42.071    -0.1769    -0.1809    -0.1782    32.2517    32.2819  1026.0972    25.8957    322.977    308.717  357.14128     90.434     86.453     0.1099     0.3113     3.8059     0.8547 2.2181e-01       3238     2.2479  0.000e+00
     41.638   71.32996 -157.33154     42.071    -0.1779    -0.1818    -0.1791    32.2514    32.2824  1026.0971    25.8956    322.762    308.526  357.15096     90.371     86.397     0.1087     0.3040     3.8059     0.8547 2.1990e-01       3239     2.2486  0.000e+00
     41.692   71.32996 -157.33154     42.126    -0.1791    -0.1823    -0.1803    32.2513    32.2828  1026.0973    25.8955    322.767    308.503  357.16241     90.370     86.390     0.1099     0.3113     3.8059     0.8547 2.1990e-01       3240     2.2493  0.000e+00
     41.746   71.32996 -157.33154     42.180    -0.1803    -0.1826    -0.1815    32.2512    32.2828  1026.0975    25.8955    322.787    308.487  357.17434     90.372     86.385     0.1087     0.3040     3.8059     0.8547 2.2181e-01       3241     2.2500  0.000e+00
     41.692   71.32996 -157.33154     42.126    -0.1814    -0.1832    -0.1827    32.2518    32.2834  1026.0978    25.8961    323.061    308.477  357.18315     90.447     86.381     0.1099     0.3113     3.8059     0.8547 2.2277e-01       3242     2.2507  0.000e+00
     41.753   71.32996 -157.33154     42.188    -0.1820    -0.1834    -0.1832    32.2524    32.2830  1026.0986    25.8965    322.900    308.478  357.18700     90.401     86.381     0.1087     0.3040     3.8059     0.8547 2.2373e-01       3243     2.2514  0.000e+00
     41.807   71.32996 -157.33154     42.243    -0.1826    -0.1837    -0.1839    32.2524    32.2827  1026.0989    25.8966    322.956    308.489  357.19272     90.415     86.383     0.1099     0.3113     3.8059     0.8547 2.2085e-01       3244     2.2521  0.000e+00
     41.807   71.32996 -157.33154     42.243    -0.1832    -0.1839    -0.1845    32.2526    32.2827  1026.0991    25.8968    322.733    308.286  357.19800     90.351     86.326     0.1099     0.3113     3.8059     0.8547 2.1611e-01       3245     2.2528  0.000e+00
     41.800   71.32996 -157.33154     42.235    -0.1837    -0.1841    -0.1849    32.2527    32.2829  1026.0992    25.8969    322.723    308.281  357.20182     90.348     86.324     0.1087     0.3040     3.8059     0.8547 2.1424e-01       3246     2.2535  0.000e+00
     41.869   71.32996 -157.33154     42.305    -0.1840    -0.1844    -0.1853    32.2530    32.2827  1026.0997    25.8971    322.731    308.291  357.20423     90.349     86.326     0.1099     0.3113     3.8059     0.8547 2.1611e-01       3247     2.2542  0.000e+00
     41.869   71.32996 -157.33154     42.305    -0.1845    -0.1849    -0.1857    32.2535    32.2826  1026.1001    25.8975    322.751    308.309  357.20714     90.354     86.330     0.1087     0.3040     3.8046     0.8560 2.2085e-01       3248     2.2549  0.000e+00
     41.869   71.32996 -157.33154     42.305    -0.1849    -0.1852    -0.1862    32.2530    32.2830  1026.0997    25.8971    322.788    308.334  357.21285     90.363     86.336     0.1099     0.3113     3.8034     0.8573 2.2277e-01       3249     2.2556  0.000e+00
     41.915   71.32996 -157.33154     42.352    -0.1854    -0.1858    -0.1867    32.2537    32.2831  1026.1006    25.8977    322.840    308.373  357.21561     90.377     86.346     0.1087     0.3040     3.8022     0.8586 2.2277e-01       3250     2.2563  0.000e+00
     41.923   71.32996 -157.33154     42.360    -0.1856    -0.1862    -0.1868    32.2529    32.2829  1026.1000    25.8971    322.612    308.202  357.21880     90.312     86.297     0.1087     0.3040     3.8010     0.8599 2.2181e-01       3251     2.2569  0.000e+00
     41.985   71.32996 -157.33154     42.422    -0.1862    -0.1868    -0.1874    32.2532    32.2831  1026.1005    25.8974    322.605    308.422  357.22383     90.309     86.357     0.1099     0.3113     3.8010     0.8599 2.2277e-01       3252     2.2576  0.000e+00
     41.985   71.32996 -157.33154     42.422    -0.1870    -0.1881    -0.1882    32.2526    32.2833  1026.1001    25.8969    322.368    308.465  357.23289     90.240     86.367     0.1087     0.3040     3.8010     0.8599 2.2181e-01       3253     2.2583  0.000e+00
     41.977   71.32996 -157.33154     42.414    -0.1879    -0.1898    -0.1891    32.2521    32.2843  1026.0997    25.8966    322.596    308.269  357.24267     90.302     86.309     0.1087     0.3040     3.8010     0.8599 2.1517e-01       3254     2.2590  0.000e+00
     42.093   71.32996 -157.33154     42.531    -0.1893    -0.1916    -0.1905    32.2520    32.2845  1026.1002    25.8965    322.647    308.280  357.25638     90.312     86.307     0.1087     0.3040     3.8010     0.8599 2.1144e-01       3255     2.2597  0.000e+00
     42.093   71.32996 -157.33154     42.531    -0.1907    -0.1933    -0.1919    32.2526    32.2847  1026.1008    25.8971    322.506    308.292  357.26780     90.270     86.307     0.1099     0.3113     3.8010     0.8599 2.1144e-01       3256     2.2604  0.000e+00
     42.093   71.32996 -157.33154     42.531    -0.1923    -0.1951    -0.1935    32.2529    32.2853  1026.1011    25.8974    322.741    308.314  357.28183     90.332     86.310     0.1087     0.3040     3.8022     0.8586 2.1144e-01       3257     2.2611  0.000e+00
     42.093   71.32996 -157.33154     42.531    -0.1941    -0.1967    -0.1953    32.2535    32.2858  1026.1017    25.8980    322.542    308.341  357.29709     90.273     86.314     0.1087     0.3040     3.8010     0.8599 2.1237e-01       3258     2.2618  0.000e+00
     42.201   71.32996 -157.33154     42.640    -0.1960    -0.1989    -0.1973    32.2542    32.2861  1026.1028    25.8986    322.567    308.389  357.31384     90.275     86.323     0.1074     0.2967     3.8010     0.8599 2.1237e-01       3259     2.2625  0.000e+00
     42.155   71.32996 -157.33154     42.593    -0.1977    -0.2016    -0.1990    32.2541    32.2868  1026.1026    25.8986    322.598    308.442  357.32993     90.280     86.332     0.1087     0.3040     3.8010     0.8599 2.1144e-01       3260     2.2632  0.000e+00
