EcoFOCI/data/1_SampleCollection/2023_SikuliaqDBO_CruiseData/CTD_raw_BottleFile_SKQ23-12S/proc/skq202312s_007.cnv
* Sea-Bird SBE 9 Data File:
* FileName = D:\CTD\SKQ202312S\SKQ202312S_007.hex
* Software Version Seasave V 7.26.7.121
* Temperature SN = 6177
* Conductivity SN = 0369
* Number of Bytes Per Scan = 41
* Number of Voltage Words = 4
* Number of Scans Averaged by the Deck Unit = 1
* NMEA Latitude = 62 33.56 N
* NMEA Longitude = 173 33.01 W
* NMEA UTC (Time) = Sep 16 2023  04:45:18
* NMEA baud rate = 4800
** Ship: R/V Sikuliaq
** Station Number: 007
** Station Name: DBO1.6
** Bottom Depth: 65
** Operator: SD
# nquan = 24
# nvalues = 7575                                  
# units = specified
# name 0 = depSM: Depth [salt water, m]
# name 1 = latitude: Latitude [deg]
# name 2 = longitude: Longitude [deg]
# name 3 = prDM: Pressure, Digiquartz [db]
# name 4 = t090C: Temperature [ITS-90, deg C]
# name 5 = t190C: Temperature, 2 [ITS-90, deg C]
# name 6 = potemp090C: Potential Temperature [ITS-90, deg C]
# name 7 = sal00: Salinity, Practical [PSU]
# name 8 = sal11: Salinity, Practical, 2 [PSU]
# name 9 = density00: Density [density, kg/m^3]
# name 10 = sigma-é00: Density [sigma-theta, kg/m^3]
# name 11 = sbox0Mm/Kg: Oxygen, SBE 43 [umol/kg]
# name 12 = sbox1Mm/Kg: Oxygen, SBE 43, 2 [umol/kg]
# name 13 = oxsolMm/Kg: Oxygen Saturation, Garcia & Gordon [umol/kg]
# name 14 = sbeox0PS: Oxygen, SBE 43 [% saturation]
# name 15 = sbeox1PS: Oxygen, SBE 43, 2 [% saturation]
# name 16 = v0: Voltage 0
# name 17 = flECO-AFL: Fluorescence, WET Labs ECO-AFL/FL [mg/m^3]
# name 18 = v1: Voltage 1
# name 19 = CStarAt0: Beam Attenuation, WET Labs C-Star [1/m]
# name 20 = par: PAR/Irradiance, Biospherical/Licor
# name 21 = scan: Scan Count
# name 22 = timeM: Time, Elapsed [minutes]
# name 23 = flag:  0.000e+00
# span 0 =      1.566,     60.986                 
# span 1 =   62.55918,   62.55922                 
# span 2 = -173.55038, -173.55032                 
# span 3 =      1.582,     61.588                 
# span 4 =    -1.5136,     7.6712                 
# span 5 =    -1.5124,     7.6732                 
# span 6 =    -1.5145,     7.6709                 
# span 7 =    31.0334,    31.9096                 
# span 8 =    31.0428,    31.9260                 
# span 9 =  1024.2197,  1025.9436                 
# span 10 =    24.2063,    25.6620                
# span 11 =    277.693,    400.630                
# span 12 =    263.671,    357.364                
# span 13 =  297.52962,  371.14876                
# span 14 =     74.822,    110.676                
# span 15 =     71.055,     97.856                
# span 16 =     0.0830,     0.3492                
# span 17 =     0.1502,     1.7472                
# span 18 =     3.0757,     4.1477                
# span 19 =     0.5105,     1.7071                
# span 20 = 1.0000e-12, 1.0618e+02                
# span 21 =          1,       7575                
# span 22 =     0.0000,     5.2597                
# span 23 = 0.0000e+00, 0.0000e+00                
# interval = seconds: 0.0416667
# start_time = Sep 16 2023 04:49:28 [NMEA time, first data scan]
# bad_flag = -9.990e-29
*END*
[from data line 3744]
     43.623   62.55922 -173.55034     44.052    -1.5116    -1.5101    -1.5124    31.8986    31.9128  1025.8665    25.6535    281.979    267.555  371.10074     75.985     72.109     0.0879     0.1795     3.3407     1.3764 1.9870e-01       3745     2.6000  0.000e+00
     43.685   62.55922 -173.55034     44.114    -1.5115    -1.5101    -1.5122    31.8986    31.9130  1025.8668    25.6535    282.045    267.586  371.09903     76.003     72.117     0.0891     0.1868     3.3419     1.3749 1.9781e-01       3746     2.6007  0.000e+00
     43.623   62.55922 -173.55034     44.051    -1.5115    -1.5100    -1.5122    31.8984    31.9131  1025.8664    25.6534    281.876    267.402  371.09942     75.957     72.068     0.0879     0.1795     3.3419     1.3749 1.9604e-01       3747     2.6014  0.000e+00
     43.623   62.55922 -173.55034     44.051    -1.5116    -1.5102    -1.5124    31.8984    31.9130  1025.8663    25.6534    281.900    267.443  371.10136     75.963     72.078     0.0879     0.1795     3.3419     1.3749 1.8560e-01       3748     2.6021  0.000e+00
     43.677   62.55922 -173.55034     44.106    -1.5116    -1.5101    -1.5124    31.8980    31.9127  1025.8663    25.6531    281.955    267.471  371.10233     75.978     72.086     0.0879     0.1795     3.3419     1.3749 1.8135e-01       3749     2.6028  0.000e+00
     43.685   62.55922 -173.55034     44.114    -1.5112    -1.5102    -1.5119    31.8975    31.9131  1025.8659    25.6527    282.033    267.288  371.09930     75.999     72.037     0.0879     0.1795     3.3419     1.3749 1.8135e-01       3750     2.6035  0.000e+00
     43.623   62.55922 -173.55034     44.051    -1.5103    -1.5099    -1.5110    31.8969    31.9127  1025.8651    25.6522    281.874    267.321  371.09172     75.958     72.046     0.0879     0.1795     3.3419     1.3749 1.8135e-01       3751     2.6042  0.000e+00
     43.685   62.55922 -173.55034     44.114    -1.5099    -1.5099    -1.5107    31.8967    31.9126  1025.8652    25.6520    281.913    267.381  371.08895     75.969     72.062     0.0879     0.1795     3.3419     1.3749 1.8135e-01       3752     2.6049  0.000e+00
     43.685   62.55922 -173.55034     44.114    -1.5099    -1.5101    -1.5107    31.8965    31.9127  1025.8650    25.6518    281.462    267.428  371.08958     75.847     72.074     0.0867     0.1721     3.3419     1.3749 1.8220e-01       3753     2.6056  0.000e+00
     43.685   62.55922 -173.55034     44.114    -1.5103    -1.5101    -1.5110    31.8975    31.9132  1025.8658    25.6526    281.673    267.262  371.09021     75.904     72.030     0.0879     0.1795     3.3419     1.3749 1.8904e-01       3754     2.6063  0.000e+00
     43.685   62.55922 -173.55034     44.114    -1.5105    -1.5099    -1.5113    31.8971    31.9127  1025.8655    25.6523    282.226    267.317  371.09419     76.052     72.045     0.0879     0.1795     3.3419     1.3749 1.9515e-01       3755     2.6069  0.000e+00
     43.739   62.55922 -173.55034     44.168    -1.5110    -1.5099    -1.5118    31.8977    31.9127  1025.8663    25.6528    281.864    267.362  371.09708     75.954     72.057     0.0879     0.1795     3.3419     1.3749 1.9604e-01       3756     2.6076  0.000e+00
     43.623   62.55922 -173.55034     44.051    -1.5112    -1.5099    -1.5119    31.8979    31.9130  1025.8659    25.6530    281.683    267.387  371.09819     75.905     72.064     0.0904     0.1941     3.3419     1.3749 1.9781e-01       3757     2.6083  0.000e+00
     43.739   62.55922 -173.55034     44.168    -1.5115    -1.5099    -1.5122    31.8978    31.9131  1025.8664    25.6529    281.963    267.209  371.10125     75.980     72.016     0.0916     0.2015     3.3419     1.3749 1.9960e-01       3758     2.6090  0.000e+00
     43.684   62.55922 -173.55034     44.114    -1.5118    -1.5101    -1.5125    31.8983    31.9129  1025.8666    25.6533    281.791    267.014  371.10264     75.934     71.963     0.0928     0.2088     3.3419     1.3749 2.0049e-01       3759     2.6097  0.000e+00
     43.684   62.55922 -173.55034     44.114    -1.5118    -1.5099    -1.5125    31.8982    31.9128  1025.8664    25.6532    281.860    267.236  371.10314     75.952     72.023     0.0916     0.2015     3.3419     1.3749 1.9870e-01       3760     2.6104  0.000e+00
     43.739   62.55922 -173.55034     44.168    -1.5118    -1.5098    -1.5126    31.8984    31.9124  1025.8669    25.6534    281.908    267.280  371.10313     75.965     72.035     0.0928     0.2088     3.3419     1.3749 1.9604e-01       3761     2.6111  0.000e+00
     43.739   62.55922 -173.55034     44.168    -1.5119    -1.5101    -1.5127    31.8983    31.9127  1025.8668    25.6533    281.878    267.113  371.10442     75.957     71.990     0.0916     0.2015     3.3419     1.3749 1.9515e-01       3762     2.6118  0.000e+00
     43.677   62.55922 -173.55034     44.106    -1.5116    -1.5101    -1.5124    31.8977    31.9125  1025.8661    25.6529    281.918    267.128  371.10320     75.968     71.993     0.0916     0.2015     3.3419     1.3749 1.9340e-01       3763     2.6125  0.000e+00
     43.739   62.55922 -173.55034     44.168    -1.5119    -1.5098    -1.5127    31.8981    31.9120  1025.8667    25.6532    281.730    267.163  371.10492     75.917     72.003     0.0916     0.2015     3.3407     1.3764 1.8732e-01       3764     2.6132  0.000e+00
     43.739   62.55922 -173.55034     44.168    -1.5118    -1.5101    -1.5125    31.8978    31.9126  1025.8664    25.6529    281.775    267.185  371.10411     75.929     72.009     0.0916     0.2015     3.3394     1.3779 1.8560e-01       3765     2.6139  0.000e+00
     43.739   62.55922 -173.55034     44.168    -1.5116    -1.5099    -1.5124    31.8979    31.9125  1025.8665    25.6530    281.795    267.221  371.10281     75.934     72.019     0.0916     0.2015     3.3370     1.3808 1.8732e-01       3766     2.6146  0.000e+00
     43.739   62.55922 -173.55034     44.168    -1.5115    -1.5098    -1.5122    31.8974    31.9123  1025.8660    25.6525    281.840    267.275  371.10262     75.947     72.034     0.0916     0.2015     3.3370     1.3808 1.9252e-01       3767     2.6153  0.000e+00
     43.739   62.55922 -173.55034     44.168    -1.5121    -1.5102    -1.5129    31.8985    31.9131  1025.8670    25.6535    281.653    267.086  371.10549     75.896     71.982     0.0904     0.1941     3.3382     1.3793 1.9427e-01       3768     2.6160  0.000e+00
     43.739   62.55922 -173.55034     44.168    -1.5115    -1.5102    -1.5122    31.8976    31.9134  1025.8662    25.6527    281.698    267.109  371.10187     75.908     71.989     0.0916     0.2015     3.3382     1.3793 1.9340e-01       3769     2.6167  0.000e+00
     43.739   62.55922 -173.55034     44.168    -1.5115    -1.5102    -1.5122    31.8973    31.9128  1025.8660    25.6525    281.721    267.153  371.10287     75.915     72.000     0.0928     0.2088     3.3370     1.3808 1.9427e-01       3770     2.6174  0.000e+00
     43.793   62.55922 -173.55034     44.223    -1.5116    -1.5100    -1.5124    31.8975    31.9123  1025.8665    25.6527    281.772    267.180  371.10378     75.928     72.007     0.0916     0.2015     3.3370     1.3808 1.9427e-01       3771     2.6181  0.000e+00
     43.738   62.55922 -173.55034     44.168    -1.5115    -1.5102    -1.5122    31.8977    31.9122  1025.8663    25.6528    281.581    267.221  371.10162     75.877     72.018     0.0928     0.2088     3.3370     1.3808 1.9515e-01       3772     2.6187  0.000e+00
     43.800   62.55922 -173.55034     44.231    -1.5116    -1.5102    -1.5124    31.8979    31.9123  1025.8668    25.6530    281.686    267.281  371.10267     75.905     72.034     0.0916     0.2015     3.3382     1.3793 1.9870e-01       3773     2.6194  0.000e+00
     43.738   62.55922 -173.55034     44.168    -1.5115    -1.5102    -1.5122    31.8974    31.9120  1025.8660    25.6525    281.710    267.123  371.10262     75.912     71.992     0.0928     0.2088     3.3382     1.3793 2.0139e-01       3774     2.6201  0.000e+00
     43.800   62.55922 -173.55034     44.231    -1.5115    -1.5104    -1.5122    31.8974    31.9124  1025.8663    25.6525    281.764    267.381  371.10261     75.926     72.061     0.0916     0.2015     3.3382     1.3793 2.0139e-01       3775     2.6208  0.000e+00
     43.800   62.55922 -173.55034     44.231    -1.5116    -1.5102    -1.5124    31.8972    31.9120  1025.8662    25.6524    281.791    267.453  371.10480     75.933     72.081     0.0916     0.2015     3.3382     1.3793 1.9165e-01       3776     2.6215  0.000e+00
     43.800   62.55922 -173.55034     44.231    -1.5115    -1.5102    -1.5122    31.8969    31.9120  1025.8660    25.6522    281.838    267.310  371.10398     75.946     72.042     0.0916     0.2015     3.3382     1.3793 1.8475e-01       3777     2.6222  0.000e+00
     43.792   62.55922 -173.55034     44.223    -1.5116    -1.5102    -1.5124    31.8973    31.9121  1025.8663    25.6525    281.649    267.150  371.10453     75.895     71.999     0.0916     0.2015     3.3382     1.3793 1.8389e-01       3778     2.6229  0.000e+00
     43.800   62.55922 -173.55034     44.231    -1.5118    -1.5102    -1.5125    31.8977    31.9121  1025.8666    25.6528    281.695    267.174  371.10459     75.907     72.005     0.0916     0.2015     3.3382     1.3793 1.9078e-01       3779     2.6236  0.000e+00
     43.800   62.55922 -173.55034     44.231    -1.5118    -1.5104    -1.5126    31.8978    31.9121  1025.8667    25.6529    281.714    267.214  371.10474     75.912     72.016     0.0916     0.2015     3.3382     1.3793 1.9692e-01       3780     2.6243  0.000e+00
     43.854   62.55922 -173.55032     44.285    -1.5116    -1.5104    -1.5124    31.8974    31.9122  1025.8666    25.6526    281.757    267.468  371.10427     75.924     72.084     0.0904     0.1941     3.3382     1.3793 1.9781e-01       3781     2.6250  0.000e+00
     43.800   62.55922 -173.55032     44.231    -1.5116    -1.5101    -1.5124    31.8974    31.9120  1025.8664    25.6526    281.559    267.301  371.10430     75.871     72.040     0.0916     0.2015     3.3382     1.3793 1.9165e-01       3782     2.6257  0.000e+00
     43.854   62.55922 -173.55032     44.285    -1.5115    -1.5102    -1.5122    31.8973    31.9119  1025.8666    25.6525    281.495    267.353  371.10270     75.854     72.054     0.0928     0.2088     3.3370     1.3808 1.8475e-01       3783     2.6264  0.000e+00
     43.800   62.55922 -173.55032     44.231    -1.5113    -1.5104    -1.5121    31.8971    31.9117  1025.8661    25.6523    281.553    267.418  371.10219     75.869     72.071     0.0916     0.2015     3.3370     1.3808 1.8304e-01       3784     2.6271  0.000e+00
     43.908   62.55922 -173.55032     44.340    -1.5115    -1.5102    -1.5122    31.8973    31.9116  1025.8668    25.6525    282.111    267.466  371.10280     76.020     72.084     0.0928     0.2088     3.3394     1.3779 1.8475e-01       3785     2.6278  0.000e+00
     43.800   62.55922 -173.55032     44.231    -1.5116    -1.5104    -1.5124    31.8974    31.9118  1025.8664    25.6526    281.739    267.523  371.10417     75.919     72.099     0.0916     0.2015     3.3394     1.3779 1.8646e-01       3786     2.6285  0.000e+00
     43.916   62.55922 -173.55032     44.348    -1.5115    -1.5102    -1.5122    31.8973    31.9114  1025.8669    25.6525    281.765    267.599  371.10281     75.926     72.120     0.0916     0.2015     3.3407     1.3764 1.8732e-01       3787     2.6292  0.000e+00
     43.854   62.55922 -173.55032     44.285    -1.5115    -1.5102    -1.5122    31.8970    31.9116  1025.8663    25.6522    281.807    267.682  371.10370     75.938     72.142     0.0916     0.2015     3.3407     1.3764 1.8818e-01       3788     2.6299  0.000e+00
     43.916   62.55922 -173.55032     44.348    -1.5115    -1.5102    -1.5122    31.8970    31.9114  1025.8666    25.6523    281.613    267.520  371.10356     75.885     72.098     0.0916     0.2015     3.3407     1.3764 1.8904e-01       3789     2.6306  0.000e+00
     43.916   62.55922 -173.55032     44.348    -1.5116    -1.5104    -1.5124    31.8970    31.9115  1025.8667    25.6523    281.652    267.568  371.10525     75.896     72.111     0.0904     0.1941     3.3407     1.3764 1.8991e-01       3790     2.6313  0.000e+00
     43.916   62.55922 -173.55032     44.348    -1.5115    -1.5102    -1.5122    31.8972    31.9118  1025.8668    25.6524    281.711    267.627  371.10306     75.912     72.127     0.0916     0.2015     3.3407     1.3764 1.8991e-01       3791     2.6319  0.000e+00
     43.908   62.55922 -173.55032     44.340    -1.5115    -1.5104    -1.5122    31.8970    31.9117  1025.8665    25.6522    281.482    267.668  371.10380     75.850     72.138     0.0916     0.2015     3.3407     1.3764 1.9252e-01       3792     2.6326  0.000e+00
     43.916   62.55922 -173.55032     44.347    -1.5113    -1.5104    -1.5120    31.8966    31.9115  1025.8663    25.6519    281.485    267.721  371.10300     75.851     72.152     0.0916     0.2015     3.3407     1.3764 1.9340e-01       3793     2.6333  0.000e+00
     43.970   62.55922 -173.55032     44.402    -1.5113    -1.5102    -1.5121    31.8969    31.9113  1025.8668    25.6521    281.514    267.787  371.10286     75.859     72.170     0.0916     0.2015     3.3407     1.3764 1.9252e-01       3794     2.6340  0.000e+00
     43.970   62.55922 -173.55032     44.402    -1.5113    -1.5104    -1.5120    31.8966    31.9115  1025.8666    25.6520    281.564    267.865  371.10297     75.872     72.191     0.0916     0.2015     3.3407     1.3764 1.8389e-01       3795     2.6347  0.000e+00
     43.970   62.55922 -173.55032     44.402    -1.5116    -1.5102    -1.5124    31.8972    31.9116  1025.8670    25.6524    281.587    267.918  371.10485     75.878     72.206     0.0928     0.2088     3.3407     1.3764 1.7967e-01       3796     2.6354  0.000e+00
     44.024   62.55922 -173.55032     44.457    -1.5115    -1.5102    -1.5122    31.8968    31.9114  1025.8670    25.6521    281.630    267.986  371.10425     75.890     72.224     0.0916     0.2015     3.3407     1.3764 1.7967e-01       3797     2.6361  0.000e+00
     44.024   62.55922 -173.55032     44.457    -1.5116    -1.5101    -1.5124    31.8969    31.9114  1025.8670    25.6521    281.693    268.062  371.10582     75.907     72.245     0.0928     0.2088     3.3407     1.3764 1.7883e-01       3798     2.6368  0.000e+00
     43.970   62.55922 -173.55032     44.402    -1.5116    -1.5102    -1.5124    31.8969    31.9117  1025.8668    25.6522    281.514    267.884  371.10560     75.858     72.196     0.0916     0.2015     3.3407     1.3764 1.7883e-01       3799     2.6375  0.000e+00
     44.078   62.55922 -173.55032     44.511    -1.5116    -1.5101    -1.5124    31.8969    31.9112  1025.8673    25.6522    281.783    268.150  371.10566     75.931     72.268     0.0928     0.2088     3.3407     1.3764 1.7883e-01       3800     2.6382  0.000e+00
     44.024   62.55922 -173.55032     44.457    -1.5112    -1.5104    -1.5119    31.8967    31.9115  1025.8669    25.6520    281.589    267.994  371.10177     75.879     72.226     0.0916     0.2015     3.3407     1.3764 1.8732e-01       3801     2.6389  0.000e+00
     44.086   62.55922 -173.55032     44.519    -1.5113    -1.5099    -1.5121    31.8968    31.9110  1025.8673    25.6521    281.532    268.045  371.10242     75.864     72.240     0.0916     0.2015     3.3407     1.3764 1.9515e-01       3802     2.6396  0.000e+00
     44.086   62.55922 -173.55032     44.519    -1.5115    -1.5101    -1.5122    31.8965    31.9111  1025.8671    25.6519    281.543    268.076  371.10499     75.866     72.248     0.0916     0.2015     3.3407     1.3764 1.9604e-01       3803     2.6403  0.000e+00
