EcoFOCI/data/1_SampleCollection/2023_SikuliaqDBO_CruiseData/CTD_raw_BottleFile_SKQ23-12S/proc/skq202312s_058.cnv
* Sea-Bird SBE 9 Data File:
* FileName = D:\CTD\SKQ202312S\SKQ202312S_058.hex
* Software Version Seasave V 7.26.7.121
* Temperature SN = 6177
* Conductivity SN = 0369
* Number of Bytes Per Scan = 41
* Number of Voltage Words = 4
* Number of Scans Averaged by the Deck Unit = 1
* NMEA Latitude = 71 26.88 N
* NMEA Longitude = 164 54.84 W
* NMEA UTC (Time) = Sep 27 2023  11:36:42
* NMEA baud rate = 4800
** Ship: R/V Sikuliaq
** Station Number: 058
** Station Name: IC4
** Bottom Depth: 42
** Operator: SS
# nquan = 24
# nvalues = 5949                                  
# units = specified
# name 0 = depSM: Depth [salt water, m]
# name 1 = latitude: Latitude [deg]
# name 2 = longitude: Longitude [deg]
# name 3 = prDM: Pressure, Digiquartz [db]
# name 4 = t090C: Temperature [ITS-90, deg C]
# name 5 = t190C: Temperature, 2 [ITS-90, deg C]
# name 6 = potemp090C: Potential Temperature [ITS-90, deg C]
# name 7 = sal00: Salinity, Practical [PSU]
# name 8 = sal11: Salinity, Practical, 2 [PSU]
# name 9 = density00: Density [density, kg/m^3]
# name 10 = sigma-é00: Density [sigma-theta, kg/m^3]
# name 11 = sbox0Mm/Kg: Oxygen, SBE 43 [umol/kg]
# name 12 = sbox1Mm/Kg: Oxygen, SBE 43, 2 [umol/kg]
# name 13 = oxsolMm/Kg: Oxygen Saturation, Garcia & Gordon [umol/kg]
# name 14 = sbeox0PS: Oxygen, SBE 43 [% saturation]
# name 15 = sbeox1PS: Oxygen, SBE 43, 2 [% saturation]
# name 16 = v0: Voltage 0
# name 17 = flECO-AFL: Fluorescence, WET Labs ECO-AFL/FL [mg/m^3]
# name 18 = v1: Voltage 1
# name 19 = CStarAt0: Beam Attenuation, WET Labs C-Star [1/m]
# name 20 = par: PAR/Irradiance, Biospherical/Licor
# name 21 = scan: Scan Count
# name 22 = timeM: Time, Elapsed [minutes]
# name 23 = flag:  0.000e+00
# span 0 =      2.346,     36.847                 
# span 1 =   71.44796,   71.44818                 
# span 2 = -164.91512, -164.91406                 
# span 3 =      2.370,     37.230                 
# span 4 =    -1.0936,     3.0468                 
# span 5 =    -1.0920,     3.0529                 
# span 6 =    -1.0944,     3.0456                 
# span 7 =    30.5526,    32.5356                 
# span 8 =    30.4907,    32.5425                 
# span 9 =  1024.3647,  1026.3091                 
# span 10 =    24.3529,    26.1569                
# span 11 =    264.841,    404.710                
# span 12 =    251.967,    384.202                
# span 13 =  332.82347,  365.22153                
# span 14 =     72.525,    114.268                
# span 15 =     69.003,    107.687                
# span 16 =     0.0696,     0.1453                
# span 17 =     0.0696,     0.5238                
# span 18 =     3.2308,     4.2503                
# span 19 =     0.4128,     1.5102                
# span 20 = 1.0000e-12, 1.2050e+00                
# span 21 =          1,       5949                
# span 22 =     0.0000,     4.1306                
# span 23 = 0.0000e+00, 0.0000e+00                
# interval = seconds: 0.0416667
# start_time = Sep 27 2023 11:40:41 [NMEA time, first data scan]
# bad_flag = -9.990e-29
*END*
[from data line 725]
      4.628   71.44800 -164.91424      4.676     2.7918     2.7926     2.7915    30.5624    30.5725  1024.3828    24.3608    324.608    308.867  335.33599     96.801     92.116     0.0916     0.2015     4.2418     0.4209 3.6109e-01        726     0.5035  0.000e+00
      4.628   71.44800 -164.91424      4.676     2.7921     2.7926     2.7919    30.5621    30.5729  1024.3825    24.3605    324.792    309.031  335.33408     96.856     92.165     0.0928     0.2088     4.2418     0.4209 3.3106e-01        727     0.5042  0.000e+00
      4.628   71.44800 -164.91424      4.676     2.7920     2.7924     2.7918    30.5622    30.5728  1024.3826    24.3606    324.830    309.023  335.33472     96.867     92.162     0.0916     0.2015     4.1490     0.5094 3.1859e-01        728     0.5049  0.000e+00
      4.628   71.44800 -164.91424      4.676     2.7921     2.7926     2.7919    30.5621    30.5728  1024.3825    24.3605    324.868    308.814  335.33408     96.879     92.100     0.0916     0.2015     4.0794     0.5771 3.1370e-01        729     0.5056  0.000e+00
      4.628   71.44800 -164.91424      4.676     2.7919     2.7927     2.7917    30.5622    30.5723  1024.3827    24.3606    324.872    308.784  335.33503     96.880     92.091     0.0928     0.2088     4.0684     0.5878 2.5701e-01        730     0.5062  0.000e+00
      4.628   71.44800 -164.91424      4.676     2.7924     2.7927     2.7922    30.5622    30.5724  1024.3826    24.3605    324.871    308.954  335.33117     96.881     92.142     0.0916     0.2015     4.0733     0.5830 2.3151e-01        731     0.5069  0.000e+00
      4.682   71.44800 -164.91424      4.730     2.7923     2.7929     2.7920    30.5622    30.5721  1024.3829    24.3606    324.877    308.753  335.33240     96.882     92.082     0.0928     0.2088     4.0769     0.5795 2.2857e-01        732     0.5076  0.000e+00
      4.682   71.44800 -164.91424      4.730     2.7921     2.7929     2.7919    30.5621    30.5727  1024.3828    24.3605    324.882    308.727  335.33405     96.883     92.075     0.0916     0.2015     4.0769     0.5795 1.9692e-01        733     0.5083  0.000e+00
      4.628   71.44800 -164.91424      4.676     2.7919     2.7934     2.7917    30.5622    30.5730  1024.3827    24.3606    324.884    308.697  335.33503     96.883     92.067     0.0928     0.2088     4.0757     0.5806 1.7717e-01        734     0.5090  0.000e+00
      4.682   71.44800 -164.91424      4.730     2.7921     2.7932     2.7919    30.5621    30.5732  1024.3828    24.3605    324.888    308.678  335.33415     96.885     92.061     0.0916     0.2015     4.0769     0.5795 1.7468e-01        735     0.5097  0.000e+00
      4.682   71.44800 -164.91424      4.730     2.7921     2.7934     2.7919    30.5622    30.5733  1024.3829    24.3606    324.891    308.658  335.33385     96.886     92.056     0.0916     0.2015     4.0769     0.5795 1.9515e-01        736     0.5104  0.000e+00
      4.682   71.44800 -164.91424      4.730     2.7921     2.7934     2.7919    30.5625    30.5730  1024.3831    24.3608    324.930    308.641  335.33305     96.898     92.050     0.0904     0.1941     4.0757     0.5806 2.1330e-01        737     0.5111  0.000e+00
      4.744   71.44800 -164.91424      4.793     2.7923     2.7935     2.7921    30.5628    30.5731  1024.3836    24.3610    324.935    308.626  335.33057     96.900     92.046     0.0916     0.2015     4.0769     0.5795 2.1611e-01        738     0.5118  0.000e+00
      4.744   71.44800 -164.91424      4.793     2.7923     2.7934     2.7920    30.5635    30.5734  1024.3842    24.3616    324.938    308.613  335.32900     96.901     92.042     0.0928     0.2088     4.0769     0.5795 1.6575e-01        739     0.5125  0.000e+00
      4.682   71.44800 -164.91424      4.730     2.7925     2.7932     2.7923    30.5636    30.5733  1024.3839    24.3616    324.753    308.577  335.32673     96.847     92.031     0.0916     0.2015     4.0769     0.5795 1.1627e-01        740     0.5132  0.000e+00
      4.744   71.44800 -164.91424      4.793     2.7927     2.7934     2.7925    30.5627    30.5733  1024.3836    24.3610    324.728    308.567  335.32744     96.839     92.029     0.0928     0.2088     4.0757     0.5806 1.0594e-01        741     0.5139  0.000e+00
      4.744   71.44800 -164.91424      4.792     2.7927     2.7934     2.7925    30.5623    30.5734  1024.3832    24.3606    324.627    308.558  335.32854     96.809     92.026     0.0916     0.2015     4.0757     0.5806 1.2708e-01        742     0.5146  0.000e+00
      4.743   71.44800 -164.91424      4.792     2.7929     2.7935     2.7926    30.5621    30.5730  1024.3831    24.3605    324.820    308.551  335.32768     96.866     92.024     0.0916     0.2015     4.0769     0.5795 1.6336e-01        743     0.5153  0.000e+00
      4.743   71.44800 -164.91424      4.792     2.7927     2.7938     2.7925    30.5620    30.5726  1024.3830    24.3604    324.829    308.545  335.32923     96.869     92.022     0.0916     0.2015     4.0769     0.5795 1.7386e-01        744     0.5160  0.000e+00
      4.743   71.44800 -164.91424      4.792     2.7927     2.7937     2.7925    30.5624    30.5734  1024.3833    24.3607    324.835    308.541  335.32834     96.871     92.022     0.0916     0.2015     4.0769     0.5795 1.7717e-01        745     0.5167  0.000e+00
      4.797   71.44800 -164.91424      4.847     2.7925     2.7937     2.7923    30.5629    30.5735  1024.3839    24.3611    324.624    308.542  335.32847     96.808     92.022     0.0928     0.2088     4.0769     0.5795 1.8818e-01        746     0.5174  0.000e+00
      4.797   71.44800 -164.91424      4.847     2.7929     2.7940     2.7926    30.5626    30.5734  1024.3837    24.3609    324.816    308.342  335.32636     96.866     91.963     0.0916     0.2015     4.0769     0.5795 1.9252e-01        747     0.5181  0.000e+00
      4.743   71.44800 -164.91424      4.792     2.7926     2.7937     2.7923    30.5625    30.5736  1024.3834    24.3608    324.604    308.323  335.32898     96.802     91.957     0.0928     0.2088     4.1453     0.5129 1.9781e-01        748     0.5188  0.000e+00
      4.797   71.44800 -164.91424      4.847     2.7929     2.7935     2.7926    30.5621    30.5736  1024.3833    24.3604    324.801    308.310  335.32775     96.861     91.953     0.0916     0.2015     4.2308     0.4312 2.2181e-01        749     0.5194  0.000e+00
      4.797   71.44800 -164.91426      4.847     2.7929     2.7937     2.7926    30.5624    30.5735  1024.3836    24.3607    324.811    308.494  335.32696     96.864     92.008     0.0830     0.1502     4.2503     0.4128 2.3151e-01        750     0.5201  0.000e+00
      4.797   71.44800 -164.91426      4.847     2.7927     2.7937     2.7925    30.5632    30.5739  1024.3842    24.3613    325.005    308.306  335.32642     96.922     91.952     0.0757     0.1062     4.2466     0.4163 2.2760e-01        751     0.5208  0.000e+00
      4.797   71.44800 -164.91426      4.847     2.7929     2.7938     2.7926    30.5628    30.5734  1024.3838    24.3610    324.826    308.297  335.32606     96.869     91.949     0.0757     0.1062     4.2418     0.4209 2.0139e-01        752     0.5215  0.000e+00
      4.859   71.44800 -164.91426      4.909     2.7930     2.7938     2.7928    30.5629    30.5733  1024.3842    24.3610    324.613    308.294  335.32449     96.806     91.948     0.0745     0.0989     4.2418     0.4209 1.8904e-01        753     0.5222  0.000e+00
      4.797   71.44800 -164.91426      4.847     2.7932     2.7938     2.7929    30.5627    30.5733  1024.3837    24.3609    324.804    308.289  335.32365     96.863     91.947     0.0757     0.1062     4.2418     0.4209 1.8904e-01        754     0.5229  0.000e+00
      4.859   71.44800 -164.91426      4.909     2.7930     2.7937     2.7928    30.5629    30.5736  1024.3842    24.3611    324.817    308.292  335.32429     96.866     91.947     0.0757     0.1062     4.2418     0.4209 2.0959e-01        755     0.5236  0.000e+00
      4.859   71.44800 -164.91426      4.909     2.7932     2.7941     2.7929    30.5626    30.5733  1024.3840    24.3608    324.825    308.292  335.32373     96.869     91.948     0.0757     0.1062     4.2418     0.4209 2.2181e-01        756     0.5243  0.000e+00
      4.859   71.44800 -164.91426      4.909     2.7930     2.7937     2.7928    30.5627    30.5736  1024.3841    24.3609    324.835    308.301  335.32479     96.872     91.950     0.0757     0.1062     4.2418     0.4209 2.2373e-01        757     0.5250  0.000e+00
      4.859   71.44800 -164.91426      4.909     2.7933     2.7937     2.7931    30.5624    30.5736  1024.3838    24.3607    324.842    308.309  335.32288     96.874     91.953     0.0745     0.0989     4.2418     0.4209 2.1330e-01        758     0.5257  0.000e+00
      4.859   71.44800 -164.91426      4.909     2.7931     2.7940     2.7928    30.5627    30.5732  1024.3840    24.3609    324.853    308.319  335.32447     96.877     91.956     0.0757     0.1062     4.2418     0.4209 2.0683e-01        759     0.5264  0.000e+00
      4.859   71.44800 -164.91426      4.909     2.7932     2.7938     2.7929    30.5630    30.5733  1024.3843    24.3611    324.638    308.335  335.32284     96.814     91.960     0.0745     0.0989     4.2418     0.4209 2.0501e-01        760     0.5271  0.000e+00
      4.859   71.44800 -164.91426      4.909     2.7932     2.7940     2.7929    30.5625    30.5733  1024.3839    24.3607    324.836    308.351  335.32403     96.872     91.966     0.0757     0.1062     4.2418     0.4209 1.7634e-01        761     0.5278  0.000e+00
      4.913   71.44800 -164.91426      4.963     2.7930     2.7940     2.7928    30.5620    30.5738  1024.3838    24.3603    324.630    308.348  335.32665     96.810     91.965     0.0757     0.1062     4.2418     0.4209 1.4870e-01        762     0.5285  0.000e+00
      4.859   71.44800 -164.91426      4.909     2.7929     2.7941     2.7926    30.5623    30.5736  1024.3837    24.3606    324.604    308.343  335.32733     96.802     91.964     0.0757     0.1062     4.2418     0.4209 1.4275e-01        763     0.5292  0.000e+00
      4.913   71.44800 -164.91426      4.963     2.7929     2.7940     2.7926    30.5618    30.5734  1024.3837    24.3602    324.807    308.347  335.32840     96.862     91.964     0.0757     0.1062     4.2418     0.4209 1.5555e-01        764     0.5299  0.000e+00
      4.913   71.44800 -164.91426      4.963     2.7927     2.7940     2.7924    30.5623    30.5736  1024.3840    24.3606    324.821    308.150  335.32856     96.866     91.906     0.0757     0.1062     4.2418     0.4209 1.7551e-01        765     0.5306  0.000e+00
      4.913   71.44800 -164.91426      4.963     2.7929     2.7941     2.7926    30.5619    30.5733  1024.3837    24.3603    324.612    308.354  335.32830     96.804     91.967     0.0757     0.1062     4.2418     0.4209 1.8051e-01        766     0.5313  0.000e+00
      4.913   71.44800 -164.91426      4.963     2.7927     2.7937     2.7924    30.5619    30.5735  1024.3837    24.3603    324.592    308.389  335.32955     96.798     91.976     0.0745     0.0989     4.2418     0.4209 2.0049e-01        767     0.5319  0.000e+00
      4.913   71.44800 -164.91426      4.963     2.7927     2.7937     2.7924    30.5621    30.5735  1024.3839    24.3605    324.573    308.400  335.32906     96.792     91.980     0.0757     0.1062     4.2393     0.4232 2.4762e-01        768     0.5326  0.000e+00
      4.974   71.44800 -164.91426      5.026     2.7924     2.7938     2.7922    30.5626    30.5734  1024.3846    24.3609    324.559    308.215  335.33003     96.788     91.925     0.0745     0.0989     4.2320     0.4301 2.6340e-01        769     0.5333  0.000e+00
      4.913   71.44800 -164.91426      4.963     2.7926     2.7938     2.7923    30.5630    30.5735  1024.3846    24.3611    324.537    308.205  335.32780     96.782     91.922     0.0757     0.1062     4.2308     0.4312 2.6019e-01        770     0.5340  0.000e+00
      4.974   71.44800 -164.91426      5.026     2.7927     2.7943     2.7924    30.5636    30.5735  1024.3853    24.3616    324.523    308.199  335.32536     96.778     91.921     0.0757     0.1062     4.2308     0.4312 2.4762e-01        771     0.5347  0.000e+00
      4.912   71.44800 -164.91426      4.963     2.7929     2.7941     2.7926    30.5631    30.5741  1024.3846    24.3612    324.506    308.218  335.32532     96.774     91.927     0.0745     0.0989     4.2308     0.4312 2.4353e-01        772     0.5354  0.000e+00
      4.974   71.44800 -164.91426      5.026     2.7929     2.7943     2.7926    30.5630    30.5738  1024.3849    24.3612    324.497    308.222  335.32540     96.771     91.928     0.0757     0.1062     4.2308     0.4312 2.3847e-01        773     0.5361  0.000e+00
      4.974   71.44800 -164.91426      5.025     2.7929     2.7946     2.7926    30.5629    30.5733  1024.3848    24.3610    324.487    308.225  335.32579     96.768     91.929     0.0757     0.1062     4.2308     0.4312 2.0501e-01        774     0.5368  0.000e+00
      4.974   71.44800 -164.91426      5.025     2.7933     2.7944     2.7931    30.5621    30.5735  1024.3841    24.3604    324.660    308.210  335.32362     96.820     91.925     0.0757     0.1062     4.2308     0.4312 1.9078e-01        775     0.5375  0.000e+00
      4.974   71.44800 -164.91426      5.025     2.7930     2.7943     2.7928    30.5622    30.5737  1024.3842    24.3605    324.466    308.221  335.32623     96.761     91.928     0.0733     0.0916     4.2308     0.4312 1.9078e-01        776     0.5382  0.000e+00
      5.028   71.44800 -164.91426      5.080     2.7929     2.7944     2.7926    30.5620    30.5735  1024.3843    24.3604    324.462    308.433  335.32795     96.759     91.991     0.0733     0.0916     4.2308     0.4312 1.9078e-01        777     0.5389  0.000e+00
      4.974   71.44800 -164.91426      5.025     2.7930     2.7944     2.7928    30.5620    30.5738  1024.3840    24.3603    324.894    308.443  335.32673     96.889     91.994     0.0733     0.0916     4.2320     0.4301 1.8991e-01        778     0.5396  0.000e+00
      5.028   71.44800 -164.91426      5.080     2.7929     2.7944     2.7926    30.5622    30.5735  1024.3845    24.3605    324.516    308.262  335.32746     96.776     91.940     0.0733     0.0916     4.2308     0.4312 1.8991e-01        779     0.5403  0.000e+00
      4.974   71.44800 -164.91426      5.025     2.7929     2.7944     2.7927    30.5620    30.5735  1024.3841    24.3604    324.507    308.278  335.32756     96.773     91.945     0.0745     0.0989     4.2308     0.4312 2.3547e-01        780     0.5410  0.000e+00
      5.028   71.44800 -164.91426      5.080     2.7927     2.7943     2.7924    30.5623    30.5739  1024.3846    24.3606    324.504    308.475  335.32851     96.772     92.003     0.0733     0.0916     4.2308     0.4312 2.7099e-01        781     0.5417  0.000e+00
      5.028   71.44800 -164.91426      5.080     2.7925     2.7943     2.7923    30.5626    30.5735  1024.3848    24.3608    324.500    308.496  335.32927     96.771     92.010     0.0733     0.0916     4.2320     0.4301 2.7651e-01        782     0.5424  0.000e+00
      5.028   71.44800 -164.91426      5.080     2.7927     2.7944     2.7924    30.5624    30.5737  1024.3847    24.3607    324.496    308.515  335.32831     96.770     92.016     0.0720     0.0842     4.2308     0.4312 2.2760e-01        783     0.5431  0.000e+00
      5.028   71.44800 -164.91426      5.080     2.7924     2.7944     2.7922    30.5629    30.5736  1024.3850    24.3611    324.496    308.339  335.32941     96.769     91.963     0.0733     0.0916     4.2308     0.4312 1.8646e-01        784     0.5437  0.000e+00
