EcoFOCI/data/1_SampleCollection/2023_SikuliaqDBO_CruiseData/CTD_raw_BottleFile_SKQ23-12S/proc/skq202312s_005.ros
* Sea-Bird SBE 9 Data File:
* FileName = D:\CTD\SKQ202312S\SKQ202312S_005.hex
* Software Version Seasave V 7.26.7.121
* Temperature SN = 6177
* Conductivity SN = 0369
* Number of Bytes Per Scan = 41
* Number of Voltage Words = 4
* Number of Scans Averaged by the Deck Unit = 1
* NMEA Latitude = 62 23.39 N
* NMEA Longitude = 174 34.17 W
* NMEA UTC (Time) = Sep 15 2023  22:10:54
* NMEA baud rate = 4800
** Ship: R/V Sikuliaq
** Station Number: 005
** Station Name: DBO1.4
** Bottom Depth: 70
** Operator: SD
# nquan = 22
# nvalues = 1078                                  
# units = specified
# name 0 = depSM: Depth [salt water, m]
# name 1 = latitude: Latitude [deg]
# name 2 = longitude: Longitude [deg]
# name 3 = prDM: Pressure, Digiquartz [db]
# name 4 = t090C: Temperature [ITS-90, deg C]
# name 5 = t190C: Temperature, 2 [ITS-90, deg C]
# name 6 = potemp090C: Potential Temperature [ITS-90, deg C]
# name 7 = sal00: Salinity, Practical [PSU]
# name 8 = sal11: Salinity, Practical, 2 [PSU]
# name 9 = density00: Density [density, kg/m^3]
# name 10 = sigma-é00: Density [sigma-theta, kg/m^3]
# name 11 = sbox0Mm/Kg: Oxygen, SBE 43 [umol/kg]
# name 12 = sbox1Mm/Kg: Oxygen, SBE 43, 2 [umol/kg]
# name 13 = oxsolMm/Kg: Oxygen Saturation, Garcia & Gordon [umol/kg]
# name 14 = sbeox0PS: Oxygen, SBE 43 [% saturation]
# name 15 = v0: Voltage 0
# name 16 = flECO-AFL: Fluorescence, WET Labs ECO-AFL/FL [mg/m^3]
# name 17 = CStarAt0: Beam Attenuation, WET Labs C-Star [1/m]
# name 18 = par: PAR/Irradiance, Biospherical/Licor
# name 19 = scan: Scan Count
# name 20 = nbf: Bottles Fired
# name 21 = flag:  0.000e+00
# interval = seconds: 0.0416667
# start_time = Sep 15 2023 22:14:11 [NMEA time, first data scan]
# bad_flag = -9.990e-29
*END*
[from data line 593]
     19.295   62.38976 -174.56960     19.483     7.7339     7.7395     7.7321    31.1186    29.5463  1024.3539    24.2645    287.564    264.529  296.92826     96.846     0.2393     1.0879     0.6374 1.5201e+01      25620         13  0.000e+00
     19.272   62.38976 -174.56960     19.460     7.7338     7.7395     7.7320    31.1186    29.5432  1024.3538    24.2645    287.589    264.549  296.92864     96.854     0.2393     1.0879     0.6362 1.5201e+01      25621         13  0.000e+00
     19.326   62.38976 -174.56960     19.515     7.7339     7.7391     7.7321    31.1183    29.5427  1024.3537    24.2643    287.966    264.572  296.92901     96.981     0.2393     1.0879     0.6362 1.5158e+01      25622         13  0.000e+00
     19.295   62.38976 -174.56960     19.484     7.7337     7.7389     7.7319    31.1186    29.5431  1024.3539    24.2646    287.638    264.571  296.92962     96.871     0.2393     1.0879     0.6374 1.5158e+01      25623         13  0.000e+00
     19.272   62.38976 -174.56960     19.460     7.7337     7.7383     7.7319    31.1190    29.5471  1024.3541    24.2649    287.634    264.395  296.92840     96.870     0.2393     1.0879     0.6374 1.5158e+01      25624         13  0.000e+00
     19.272   62.38976 -174.56960     19.460     7.7335     7.7378     7.7317    31.1194    29.5465  1024.3544    24.2652    287.633    264.384  296.92903     96.869     0.2405     1.0952     0.6398 1.5158e+01      25625         13  0.000e+00
     19.295   62.38976 -174.56960     19.484     7.7334     7.7374     7.7316    31.1205    29.5484  1024.3554    24.2660    287.630    264.351  296.92762     96.869     0.2393     1.0879     0.6398 1.5115e+01      25626         13  0.000e+00
     19.272   62.38976 -174.56960     19.460     7.7337     7.7373     7.7319    31.1204    29.5482  1024.3551    24.2659    287.626    264.319  296.92585     96.868     0.2405     1.0952     0.6398 1.5115e+01      25627         13  0.000e+00
     19.326   62.38976 -174.56960     19.515     7.7335     7.7371     7.7317    31.1210    29.5495  1024.3559    24.2665    287.625    264.116  296.92543     96.868     0.2393     1.0879     0.6398 1.5115e+01      25628         13  0.000e+00
     19.234   62.38976 -174.56960     19.421     7.7340     7.7368     7.7322    31.1209    29.5490  1024.3553    24.2663    287.617    264.068  296.92271     96.866     0.2405     1.0952     0.6398 1.5072e+01      25629         13  0.000e+00
     19.272   62.38976 -174.56960     19.460     7.7352     7.7367     7.7334    31.1204    29.5507  1024.3550    24.2657    287.635    263.848  296.91576     96.874     0.2393     1.0879     0.6398 1.5029e+01      25630         13  0.000e+00
     19.350   62.38976 -174.56960     19.538     7.7363     7.7362     7.7345    31.1204    29.5533  1024.3552    24.2656    287.628    263.770  296.90837     96.874     0.2405     1.0952     0.6398 1.5029e+01      25631         13  0.000e+00
     19.272   62.38976 -174.56960     19.460     7.7370     7.7360     7.7352    31.1203    29.5536  1024.3546    24.2654    287.620    263.518  296.90392     96.873     0.2442     1.1172     0.6398 1.4987e+01      25632         13  0.000e+00
     19.272   62.38976 -174.56960     19.460     7.7377     7.7354     7.7359    31.1195    29.5543  1024.3539    24.2647    287.615    263.598  296.90067     96.873     0.2479     1.1392     0.6398 1.4902e+01      25633         13  0.000e+00
     19.296   62.38976 -174.56960     19.484     7.7383     7.7352     7.7365    31.1191    29.5501  1024.3537    24.2643    287.612    263.532  296.89775     96.872     0.2466     1.1319     0.6398 1.4902e+01      25634         13  0.000e+00
     19.273   62.38976 -174.56960     19.460     7.7382     7.7346     7.7364    31.1193    29.5504  1024.3537    24.2644    287.610    263.288  296.89781     96.872     0.2466     1.1319     0.6398 1.4734e+01      25635         13  0.000e+00
     19.327   62.38976 -174.56960     19.515     7.7386     7.7344     7.7368    31.1187    29.5531  1024.3534    24.2639    287.422    263.194  296.89643     96.809     0.2466     1.1319     0.6398 1.4609e+01      25636         13  0.000e+00
     19.350   62.38976 -174.56960     19.538     7.7389     7.7350     7.7371    31.1190    29.5508  1024.3537    24.2641    287.583    263.106  296.89407     96.864     0.2466     1.1319     0.6398 1.4568e+01      25637         13  0.000e+00
     19.273   62.38976 -174.56960     19.461     7.7386     7.7370     7.7368    31.1195    29.5481  1024.3538    24.2645    287.607    262.836  296.89471     96.872     0.2479     1.1392     0.6398 1.4201e+01      25638         13  0.000e+00
     19.327   62.38976 -174.56960     19.515     7.7390     7.7389     7.7373    31.1194    29.5482  1024.3539    24.2645    287.581    262.723  296.89174     96.864     0.2466     1.1319     0.6398 1.3883e+01      25639         13  0.000e+00
     19.350   62.38976 -174.56960     19.539     7.7391     7.7414     7.7374    31.1191    29.5464  1024.3537    24.2641    287.582    262.611  296.89193     96.864     0.2479     1.1392     0.6398 1.3804e+01      25640         13  0.000e+00
     19.327   62.38976 -174.56960     19.515     7.7379     7.7432     7.7361    31.1190    29.5453  1024.3538    24.2643    287.590    262.520  296.90032     96.864     0.2466     1.1319     0.6398 1.3495e+01      25641         13  0.000e+00
     19.327   62.38976 -174.56960     19.515     7.7371     7.7447     7.7353    31.1188    29.5489  1024.3537    24.2642    287.596    262.253  296.90644     96.864     0.2479     1.1392     0.6410 1.3080e+01      25642         13  0.000e+00
     19.296   62.38976 -174.56960     19.484     7.7368     7.7455     7.7350    31.1187    29.5510  1024.3535    24.2642    287.597    262.152  296.90848     96.864     0.2466     1.1319     0.6398 1.2969e+01      25643         13  0.000e+00
     19.388   62.38976 -174.56960     19.578     7.7372     7.7461     7.7354    31.1184    29.5494  1024.3537    24.2639    287.572    262.066  296.90635     96.856     0.2479     1.1392     0.6398 1.2786e+01      25644         13  0.000e+00
     19.388   62.38976 -174.56960     19.578     7.7379     7.7469     7.7361    31.1183    29.5496  1024.3535    24.2637    287.567    261.993  296.90198     96.856     0.2466     1.1319     0.6386 1.2393e+01      25645         13  0.000e+00
     19.350   62.38976 -174.56960     19.539     7.7379     7.7476     7.7361    31.1185    29.5498  1024.3534    24.2639    287.751    261.752  296.90186     96.918     0.2466     1.1319     0.6386 1.2288e+01      25646         13  0.000e+00
     19.327   62.38976 -174.56960     19.515     7.7379     7.7480     7.7361    31.1182    29.5447  1024.3531    24.2637    287.586    261.683  296.90208     96.862     0.2466     1.1319     0.6374 1.2115e+01      25647         13  0.000e+00
     19.389   62.38978 -174.56960     19.578     7.7379     7.7482     7.7361    31.1188    29.5518  1024.3539    24.2641    287.586    261.600  296.90118     96.862     0.2466     1.1319     0.6386 1.1676e+01      25648         13  0.000e+00
     19.404   62.38978 -174.56960     19.593     7.7381     7.7480     7.7363    31.1192    29.5505  1024.3542    24.2644    287.769    261.539  296.89873     96.925     0.2466     1.1319     0.6386 1.1511e+01      25649         13  0.000e+00
     19.389   62.38978 -174.56960     19.578     7.7385     7.7484     7.7367    31.1192    29.5533  1024.3541    24.2643    287.600    261.487  296.89601     96.869     0.2466     1.1319     0.6386 1.1414e+01      25650         13  0.000e+00
     19.443   62.38978 -174.56960     19.632     7.7390     7.7488     7.7372    31.1195    29.5571  1024.3545    24.2645    287.594    261.441  296.89162     96.868     0.2479     1.1392     0.6386 1.0969e+01      25651         13  0.000e+00
     19.404   62.38978 -174.56960     19.593     7.7391     7.7493     7.7373    31.1195    29.5567  1024.3543    24.2645    287.964    261.405  296.89094     96.993     0.2466     1.1319     0.6386 1.0783e+01      25652         13  0.000e+00
     19.389   62.38978 -174.56960     19.578     7.7395     7.7498     7.7377    31.1197    29.5527  1024.3544    24.2646    287.817    261.210  296.88783     96.945     0.2479     1.1392     0.6386 1.0692e+01      25653         13  0.000e+00
     19.466   62.38978 -174.56960     19.656     7.7404     7.7498     7.7386    31.1199    29.5553  1024.3547    24.2646    287.644    261.187  296.88139     96.889     0.2466     1.1319     0.6386 9.7062e+00      25654         13  0.000e+00
     19.443   62.38978 -174.56960     19.632     7.7420     7.7497     7.7402    31.1198    29.5524  1024.3544    24.2643    287.814    261.179  296.87120     96.949     0.2479     1.1392     0.6386 9.1951e+00      25655         13  0.000e+00
     19.443   62.38978 -174.56960     19.632     7.7437     7.7497     7.7419    31.1199    29.5539  1024.3542    24.2642    287.819    261.169  296.85968     96.955     0.2466     1.1319     0.6386 9.1429e+00      25656         13  0.000e+00
     19.466   62.38978 -174.56960     19.656     7.7448     7.7495     7.7430    31.1195    29.5524  1024.3538    24.2637    287.830    261.174  296.85312     96.960     0.2442     1.1172     0.6386 8.6365e+00      25657         13  0.000e+00
     19.443   62.38978 -174.56960     19.633     7.7459     7.7490     7.7441    31.1194    29.5512  1024.3535    24.2634    287.649    261.185  296.84579     96.902     0.2393     1.0879     0.6386 8.3223e+00      25658         13  0.000e+00
     19.505   62.38978 -174.56960     19.695     7.7469     7.7483     7.7450    31.1198    29.5484  1024.3539    24.2636    287.822    261.211  296.83854     96.962     0.2393     1.0879     0.6386 8.2749e+00      25659         13  0.000e+00
     19.520   62.38978 -174.56960     19.710     7.7474     7.7483     7.7456    31.1202    29.5505  1024.3543    24.2639    287.832    261.228  296.83387     96.967     0.2381     1.0806     0.6374 8.0652e+00      25660         13  0.000e+00
     19.505   62.38978 -174.56960     19.695     7.7480     7.7483     7.7462    31.1197    29.5511  1024.3537    24.2634    287.842    261.253  296.83100     96.972     0.2381     1.0806     0.6386 7.8832e+00      25661         13  0.000e+00
     19.505   62.38978 -174.56960     19.695     7.7491     7.7472     7.7473    31.1196    29.5546  1024.3535    24.2632    287.846    261.288  296.82345     96.975     0.2381     1.0806     0.6386 7.8383e+00      25662         13  0.000e+00
     19.520   62.38978 -174.56960     19.711     7.7503     7.7455     7.7485    31.1200    29.5552  1024.3537    24.2633    288.036    261.339  296.81505     97.042     0.2381     1.0806     0.6386 7.5960e+00      25663         13  0.000e+00
     19.640   62.38976 -174.56960     19.832     7.7605     7.7663     7.7586    31.1192    29.5523  1024.3522    24.2613    287.329    266.213  296.74826     96.826     0.2247     1.0000     0.6398 1.2571e+01      25792         14  0.000e+00
     19.795   62.38976 -174.56960     19.988     7.7593     7.7662     7.7575    31.1194    29.5496  1024.3533    24.2616    287.330    266.180  296.75547     96.824     0.2247     1.0000     0.6398 1.2642e+01      25793         14  0.000e+00
     19.756   62.38976 -174.56960     19.949     7.7585     7.7658     7.7566    31.1200    29.5446  1024.3537    24.2622    287.321    266.139  296.75987     96.819     0.2247     1.0000     0.6398 1.2642e+01      25794         14  0.000e+00
     19.679   62.38976 -174.56960     19.871     7.7587     7.7657     7.7568    31.1199    29.5494  1024.3532    24.2621    287.305    266.088  296.75885     96.814     0.2247     1.0000     0.6398 1.2714e+01      25795         14  0.000e+00
     19.795   62.38976 -174.56960     19.988     7.7590     7.7653     7.7571    31.1189    29.5567  1024.3529    24.2613    287.296    266.206  296.75896     96.811     0.2247     1.0000     0.6398 1.2750e+01      25796         14  0.000e+00
     19.702   62.38976 -174.56960     19.894     7.7593     7.7655     7.7575    31.1188    29.5548  1024.3524    24.2612    287.091    266.170  296.75673     96.743     0.2247     1.0000     0.6398 1.2786e+01      25797         14  0.000e+00
     19.733   62.38976 -174.56960     19.926     7.7598     7.7653     7.7579    31.1186    29.5499  1024.3522    24.2609    287.240    266.157  296.75430     96.794     0.2247     1.0000     0.6398 1.2823e+01      25798         14  0.000e+00
     19.733   62.38976 -174.56960     19.926     7.7600     7.7657     7.7582    31.1188    29.5491  1024.3524    24.2610    287.227    266.127  296.75224     96.790     0.2234     0.9927     0.6398 1.2823e+01      25799         14  0.000e+00
     19.702   62.38976 -174.56960     19.895     7.7591     7.7657     7.7573    31.1195    29.5535  1024.3529    24.2617    287.219    266.098  296.75665     96.786     0.2247     1.0000     0.6398 1.2823e+01      25800         14  0.000e+00
     19.733   62.38976 -174.56960     19.926     7.7577     7.7663     7.7559    31.1205    29.5526  1024.3540    24.2627    287.269    266.074  296.76390     96.800     0.2247     1.0000     0.6398 1.2859e+01      25801         14  0.000e+00
     19.733   62.38976 -174.56960     19.926     7.7572     7.7668     7.7554    31.1206    29.5514  1024.3542    24.2629    287.341    266.045  296.76723     96.824     0.2234     0.9927     0.6398 1.2896e+01      25802         14  0.000e+00
     19.756   62.38976 -174.56960     19.949     7.7561     7.7671     7.7543    31.1213    29.5455  1024.3550    24.2636    287.342    266.040  296.77304     96.822     0.2234     0.9927     0.6398 1.2859e+01      25803         14  0.000e+00
     19.733   62.38976 -174.56960     19.926     7.7569     7.7676     7.7551    31.1206    29.5433  1024.3542    24.2629    287.356    266.192  296.76929     96.828     0.2247     1.0000     0.6398 1.2859e+01      25804         14  0.000e+00
     19.733   62.38976 -174.56960     19.926     7.7574     7.7679     7.7555    31.1208    29.5411  1024.3543    24.2630    287.347    266.186  296.76556     96.826     0.2247     1.0000     0.6398 1.2823e+01      25805         14  0.000e+00
     19.703   62.38976 -174.56960     19.895     7.7576     7.7681     7.7558    31.1212    29.5429  1024.3545    24.2633    287.177    266.167  296.76331     96.770     0.2247     1.0000     0.6398 1.2823e+01      25806         14  0.000e+00
     19.734   62.38976 -174.56960     19.926     7.7580     7.7682     7.7562    31.1213    29.5424  1024.3547    24.2633    287.360    266.151  296.76000     96.832     0.2247     1.0000     0.6386 1.2823e+01      25807         14  0.000e+00
     19.734   62.38976 -174.56960     19.926     7.7597     7.7679     7.7578    31.1202    29.5468  1024.3536    24.2622    287.161    266.122  296.75136     96.768     0.2247     1.0000     0.6374 1.2750e+01      25808         14  0.000e+00
     19.703   62.38976 -174.56960     19.895     7.7616     7.7665     7.7597    31.1188    29.5457  1024.3521    24.2609    287.149    266.122  296.74173     96.767     0.2247     1.0000     0.6374 1.2750e+01      25809         14  0.000e+00
     19.734   62.38976 -174.56960     19.926     7.7611     7.7648     7.7592    31.1195    29.5469  1024.3528    24.2615    287.155    266.289  296.74351     96.769     0.2271     1.0146     0.6386 1.2714e+01      25810         14  0.000e+00
     19.757   62.38976 -174.56960     19.950     7.7615     7.7631     7.7596    31.1198    29.5482  1024.3531    24.2617    287.130    266.296  296.74019     96.762     0.2344     1.0586     0.6374 1.2642e+01      25811         14  0.000e+00
     19.734   62.38976 -174.56960     19.926     7.7630     7.7626     7.7612    31.1193    29.5469  1024.3524    24.2610    287.099    266.293  296.73105     96.754     0.2369     1.0732     0.6386 1.2606e+01      25812         14  0.000e+00
