EcoFOCI/data/1_SampleCollection/2023_SikuliaqDBO_CruiseData/CTD_raw_BottleFile_SKQ23-12S/proc/skq202312s_046.cnv
* Sea-Bird SBE 9 Data File:
* FileName = D:\CTD\SKQ202312S\SKQ202312S_046.hex
* Software Version Seasave V 7.26.7.121
* Temperature SN = 6177
* Conductivity SN = 0369
* Number of Bytes Per Scan = 41
* Number of Voltage Words = 4
* Number of Scans Averaged by the Deck Unit = 1
* NMEA Latitude = 71 35.89 N
* NMEA Longitude = 161 32.21 W
* NMEA UTC (Time) = Sep 24 2023  19:47:51
* NMEA baud rate = 4800
** Ship: R/V Sikuliaq
** Station Number: 046
** Station Name: CEO2
** Bottom Depth: 46
** Operator: SD
# nquan = 24
# nvalues = 4389                                  
# units = specified
# name 0 = depSM: Depth [salt water, m]
# name 1 = latitude: Latitude [deg]
# name 2 = longitude: Longitude [deg]
# name 3 = prDM: Pressure, Digiquartz [db]
# name 4 = t090C: Temperature [ITS-90, deg C]
# name 5 = t190C: Temperature, 2 [ITS-90, deg C]
# name 6 = potemp090C: Potential Temperature [ITS-90, deg C]
# name 7 = sal00: Salinity, Practical [PSU]
# name 8 = sal11: Salinity, Practical, 2 [PSU]
# name 9 = density00: Density [density, kg/m^3]
# name 10 = sigma-é00: Density [sigma-theta, kg/m^3]
# name 11 = sbox0Mm/Kg: Oxygen, SBE 43 [umol/kg]
# name 12 = sbox1Mm/Kg: Oxygen, SBE 43, 2 [umol/kg]
# name 13 = oxsolMm/Kg: Oxygen Saturation, Garcia & Gordon [umol/kg]
# name 14 = sbeox0PS: Oxygen, SBE 43 [% saturation]
# name 15 = sbeox1PS: Oxygen, SBE 43, 2 [% saturation]
# name 16 = v0: Voltage 0
# name 17 = flECO-AFL: Fluorescence, WET Labs ECO-AFL/FL [mg/m^3]
# name 18 = v1: Voltage 1
# name 19 = CStarAt0: Beam Attenuation, WET Labs C-Star [1/m]
# name 20 = par: PAR/Irradiance, Biospherical/Licor
# name 21 = scan: Scan Count
# name 22 = timeM: Time, Elapsed [minutes]
# name 23 = flag:  0.000e+00
# span 0 =      1.531,     41.132                 
# span 1 =   71.59802,   71.59810                 
# span 2 = -161.53712, -161.53668                 
# span 3 =      1.547,     41.560                 
# span 4 =    -1.5417,     2.3014                 
# span 5 =    -1.5413,     2.3059                 
# span 6 =    -1.5425,     2.3010                 
# span 7 =    27.0013,    32.5559                 
# span 8 =    27.0110,    32.5680                 
# span 9 =  1021.5735,  1026.3877                 
# span 10 =    21.5658,    26.1876                
# span 11 =    257.345,    423.623                
# span 12 =    243.983,    402.951                
# span 13 =  344.94343,  369.48760                
# span 14 =     69.655,    118.580                
# span 15 =     66.040,    112.646                
# span 16 =     0.0855,     0.5055                
# span 17 =     0.1648,     2.6850                
# span 18 =     2.6300,     4.2259                
# span 19 =     0.4359,     2.3335                
# span 20 = 3.0290e-01, 1.4068e+02                
# span 21 =          1,       4389                
# span 22 =     0.0000,     3.0472                
# span 23 = 0.0000e+00, 0.0000e+00                
# interval = seconds: 0.0416667
# start_time = Sep 24 2023 19:50:48 [NMEA time, first data scan]
# bad_flag = -9.990e-29
*END*
[from data line 3080]
     36.025   71.59804 -161.53698     36.401    -1.5266    -1.5228    -1.5273    32.5535    32.5652  1026.3614    26.1857    264.635    246.917  369.33485     71.652     66.868     0.0928     0.2088     2.8523     2.0089 1.6897e+00       3081     2.1389  0.000e+00
     36.087   71.59804 -161.53698     36.463    -1.5266    -1.5227    -1.5273    32.5535    32.5647  1026.3617    26.1856    264.573    246.941  369.33496     71.635     66.874     0.0940     0.2161     2.8523     2.0089 1.6948e+00       3082     2.1396  0.000e+00
     36.018   71.59804 -161.53698     36.393    -1.5268    -1.5234    -1.5274    32.5538    32.5649  1026.3616    26.1859    264.814    246.741  369.33588     71.700     66.819     0.0952     0.2234     2.8523     2.0089 1.6897e+00       3083     2.1403  0.000e+00
     36.087   71.59804 -161.53698     36.463    -1.5264    -1.5240    -1.5270    32.5535    32.5654  1026.3617    26.1856    264.584    246.749  369.33277     71.638     66.820     0.0940     0.2161     2.8523     2.0089 1.6847e+00       3084     2.1410  0.000e+00
     36.026   71.59804 -161.53698     36.401    -1.5264    -1.5240    -1.5271    32.5535    32.5652  1026.3614    26.1856    264.560    246.985  369.33330     71.632     66.884     0.0940     0.2161     2.8523     2.0089 1.6796e+00       3085     2.1417  0.000e+00
     36.018   71.59804 -161.53698     36.393    -1.5264    -1.5240    -1.5271    32.5536    32.5651  1026.3614    26.1857    264.534    247.030  369.33303     71.625     66.896     0.0940     0.2161     2.8523     2.0089 1.6796e+00       3086     2.1424  0.000e+00
     36.026   71.59804 -161.53698     36.401    -1.5265    -1.5240    -1.5272    32.5537    32.5648  1026.3616    26.1858    264.508    247.081  369.33319     71.618     66.910     0.0940     0.2161     2.8523     2.0089 1.6796e+00       3087     2.1431  0.000e+00
     36.026   71.59804 -161.53698     36.401    -1.5262    -1.5246    -1.5268    32.5540    32.5651  1026.3618    26.1860    264.579    246.879  369.32896     71.638     66.854     0.0928     0.2088     2.8523     2.0089 1.6796e+00       3088     2.1437  0.000e+00
     36.072   71.59804 -161.53698     36.447    -1.5259    -1.5252    -1.5265    32.5536    32.5659  1026.3617    26.1857    264.604    246.880  369.32710     71.645     66.853     0.0940     0.2161     2.8523     2.0089 1.6796e+00       3089     2.1444  0.000e+00
     35.972   71.59804 -161.53698     36.346    -1.5257    -1.5252    -1.5264    32.5537    32.5661  1026.3613    26.1857    264.623    246.877  369.32524     71.650     66.853     0.0928     0.2088     2.8510     2.0106 1.6897e+00       3090     2.1451  0.000e+00
     36.087   71.59804 -161.53698     36.463    -1.5255    -1.5250    -1.5261    32.5538    32.5654  1026.3619    26.1859    264.650    246.887  369.32251     71.658     66.856     0.0940     0.2161     2.8510     2.0106 1.6948e+00       3091     2.1458  0.000e+00
     36.018   71.59804 -161.53698     36.393    -1.5251    -1.5250    -1.5257    32.5533    32.5656  1026.3612    26.1855    264.670    246.896  369.31990     71.664     66.858     0.0952     0.2234     2.8523     2.0089 1.6948e+00       3092     2.1465  0.000e+00
     36.026   71.59804 -161.53698     36.401    -1.5247    -1.5246    -1.5253    32.5531    32.5653  1026.3610    26.1853    264.692    246.912  369.31656     71.671     66.863     0.0940     0.2161     2.8523     2.0089 1.6948e+00       3093     2.1472  0.000e+00
     36.026   71.59804 -161.53698     36.401    -1.5245    -1.5248    -1.5251    32.5530    32.5661  1026.3609    26.1851    264.715    246.934  369.31527     71.677     66.869     0.0952     0.2234     2.8510     2.0106 1.6948e+00       3094     2.1479  0.000e+00
     36.018   71.59804 -161.53698     36.393    -1.5248    -1.5250    -1.5255    32.5529    32.5659  1026.3608    26.1851    264.743    246.964  369.31897     71.684     66.877     0.0940     0.2161     2.8523     2.0089 1.6948e+00       3095     2.1486  0.000e+00
     35.972   71.59804 -161.53698     36.346    -1.5247    -1.5247    -1.5253    32.5526    32.5660  1026.3603    26.1848    264.714    246.993  369.31810     71.676     66.885     0.0940     0.2161     2.8571     2.0020 1.6948e+00       3096     2.1493  0.000e+00
     36.026   71.59804 -161.53698     36.401    -1.5249    -1.5248    -1.5256    32.5531    32.5657  1026.3610    26.1852    264.429    247.035  369.31952     71.599     66.896     0.0940     0.2161     2.8608     1.9969 1.6948e+00       3097     2.1500  0.000e+00
     36.018   71.59804 -161.53698     36.393    -1.5251    -1.5251    -1.5257    32.5531    32.5654  1026.3610    26.1853    264.610    247.082  369.32066     71.648     66.908     0.0952     0.2234     2.8620     1.9952 1.6897e+00       3098     2.1507  0.000e+00
     36.026   71.59804 -161.53698     36.401    -1.5250    -1.5259    -1.5257    32.5536    32.5657  1026.3615    26.1857    264.578    247.137  369.31852     71.640     66.922     0.0952     0.2234     2.8608     1.9969 1.6897e+00       3099     2.1514  0.000e+00
     35.972   71.59804 -161.53698     36.346    -1.5252    -1.5263    -1.5259    32.5539    32.5657  1026.3614    26.1859    264.545    247.160  369.32011     71.630     66.927     0.0952     0.2234     2.8608     1.9969 1.6897e+00       3100     2.1521  0.000e+00
     36.026   71.59804 -161.53698     36.401    -1.5251    -1.5264    -1.5257    32.5536    32.5656  1026.3614    26.1857    264.511    247.188  369.31917     71.621     66.935     0.0965     0.2308     2.8608     1.9969 1.6897e+00       3101     2.1528  0.000e+00
     35.964   71.59804 -161.53698     36.339    -1.5252    -1.5268    -1.5258    32.5535    32.5662  1026.3611    26.1856    264.472    247.217  369.32046     71.611     66.942     0.0952     0.2234     2.8608     1.9969 1.6897e+00       3102     2.1535  0.000e+00
     36.026   71.59804 -161.53698     36.401    -1.5249    -1.5264    -1.5256    32.5534    32.5655  1026.3613    26.1855    264.485    247.251  369.31851     71.614     66.952     0.0965     0.2308     2.8608     1.9969 1.6948e+00       3103     2.1542  0.000e+00
     35.972   71.59804 -161.53698     36.346    -1.5249    -1.5266    -1.5256    32.5535    32.5660  1026.3611    26.1856    264.444    247.287  369.31829     71.603     66.961     0.0952     0.2234     2.8608     1.9969 1.6948e+00       3104     2.1549  0.000e+00
     36.018   71.59804 -161.53698     36.393    -1.5247    -1.5269    -1.5253    32.5534    32.5653  1026.3612    26.1855    264.143    247.334  369.31579     71.522     66.973     0.0952     0.2234     2.8608     1.9969 1.6948e+00       3105     2.1556  0.000e+00
     35.972   71.59804 -161.53698     36.346    -1.5241    -1.5269    -1.5247    32.5535    32.5651  1026.3611    26.1856    264.098    247.149  369.30967     71.511     66.923     0.0952     0.2234     2.8608     1.9969 1.7050e+00       3106     2.1563  0.000e+00
     35.972   71.59804 -161.53698     36.346    -1.5238    -1.5266    -1.5245    32.5541    32.5650  1026.3616    26.1861    264.006    247.361  369.30560     71.487     66.981     0.0952     0.2234     2.8608     1.9969 1.7102e+00       3107     2.1569  0.000e+00
     35.964   71.59804 -161.53698     36.339    -1.5231    -1.5269    -1.5238    32.5542    32.5655  1026.3615    26.1861    263.910    247.382  369.29801     71.463     66.986     0.0952     0.2234     2.8608     1.9969 1.7050e+00       3108     2.1576  0.000e+00
     35.972   71.59804 -161.53698     36.346    -1.5226    -1.5266    -1.5233    32.5545    32.5656  1026.3619    26.1864    263.869    247.403  369.29239     71.453     66.993     0.0952     0.2234     2.8608     1.9969 1.6999e+00       3109     2.1583  0.000e+00
     35.972   71.59804 -161.53698     36.346    -1.5217    -1.5264    -1.5223    32.5539    32.5654  1026.3613    26.1858    264.086    247.428  369.28450     71.513     66.999     0.0965     0.2308     2.8608     1.9969 1.6999e+00       3110     2.1590  0.000e+00
     35.964   71.59804 -161.53698     36.339    -1.5211    -1.5266    -1.5217    32.5533    32.5657  1026.3608    26.1854    264.096    247.456  369.28034     71.516     67.007     0.0952     0.2234     2.8608     1.9969 1.7050e+00       3111     2.1597  0.000e+00
     35.972   71.59804 -161.53698     36.347    -1.5210    -1.5263    -1.5216    32.5528    32.5657  1026.3604    26.1849    263.801    247.485  369.28083     71.436     67.015     0.0965     0.2308     2.8608     1.9969 1.7102e+00       3112     2.1604  0.000e+00
     35.918   71.59804 -161.53698     36.292    -1.5209    -1.5260    -1.5216    32.5524    32.5655  1026.3598    26.1846    263.713    247.514  369.28135     71.412     67.024     0.0952     0.2234     2.8608     1.9969 1.7205e+00       3113     2.1611  0.000e+00
     35.964   71.59804 -161.53698     36.339    -1.5213    -1.5259    -1.5219    32.5527    32.5661  1026.3603    26.1848    263.682    247.320  369.28402     71.403     66.972     0.0952     0.2234     2.8608     1.9969 1.7205e+00       3114     2.1618  0.000e+00
     35.972   71.59804 -161.53698     36.347    -1.5213    -1.5252    -1.5219    32.5527    32.5655  1026.3603    26.1848    263.649    247.588  369.28403     71.395     67.045     0.0940     0.2161     2.8608     1.9969 1.7153e+00       3115     2.1625  0.000e+00
     35.918   71.59804 -161.53698     36.292    -1.5214    -1.5250    -1.5221    32.5531    32.5656  1026.3604    26.1852    263.617    247.398  369.28448     71.386     66.994     0.0952     0.2234     2.8718     1.9816 1.7205e+00       3116     2.1632  0.000e+00
     35.964   71.59804 -161.53698     36.339    -1.5212    -1.5245    -1.5219    32.5524    32.5652  1026.3601    26.1846    263.589    247.413  369.28413     71.378     66.999     0.0952     0.2234     2.8864     1.9612 1.7153e+00       3117     2.1639  0.000e+00
     35.972   71.59804 -161.53698     36.347    -1.5213    -1.5237    -1.5219    32.5530    32.5649  1026.3606    26.1851    263.561    247.428  369.28303     71.371     67.004     0.0952     0.2234     2.8889     1.9578 1.7153e+00       3118     2.1646  0.000e+00
     35.918   71.59804 -161.53698     36.292    -1.5208    -1.5234    -1.5215    32.5523    32.5651  1026.3598    26.1845    263.532    247.643  369.28044     71.364     67.063     0.0952     0.2234     2.8889     1.9578 1.7102e+00       3119     2.1653  0.000e+00
     35.918   71.59804 -161.53698     36.292    -1.5208    -1.5233    -1.5215    32.5519    32.5650  1026.3594    26.1842    263.511    247.437  369.28157     71.358     67.007     0.0952     0.2234     2.8877     1.9595 1.7102e+00       3120     2.1660  0.000e+00
     35.964   71.59804 -161.53698     36.339    -1.5206    -1.5233    -1.5212    32.5516    32.5649  1026.3594    26.1839    263.232    247.433  369.28022     71.282     67.006     0.0965     0.2308     2.8877     1.9595 1.7205e+00       3121     2.1667  0.000e+00
     35.918   71.59804 -161.53698     36.292    -1.5206    -1.5230    -1.5213    32.5515    32.5647  1026.3591    26.1838    263.165    247.427  369.28116     71.264     67.005     0.0952     0.2234     2.8877     1.9595 1.7257e+00       3122     2.1674  0.000e+00
     35.918   71.59804 -161.53698     36.292    -1.5206    -1.5231    -1.5213    32.5510    32.5649  1026.3587    26.1835    263.104    247.428  369.28254     71.247     67.005     0.0952     0.2234     2.8877     1.9595 1.7257e+00       3123     2.1681  0.000e+00
     35.903   71.59804 -161.53698     36.277    -1.5209    -1.5233    -1.5216    32.5514    32.5650  1026.3589    26.1838    263.306    247.431  369.28434     71.302     67.006     0.0940     0.2161     2.8877     1.9595 1.7309e+00       3124     2.1688  0.000e+00
     35.972   71.59804 -161.53698     36.347    -1.5211    -1.5236    -1.5217    32.5511    32.5649  1026.3591    26.1836    263.304    247.637  369.28676     71.301     67.061     0.0952     0.2234     2.8877     1.9595 1.7361e+00       3125     2.1694  0.000e+00
     35.857   71.59804 -161.53698     36.230    -1.5219    -1.5242    -1.5226    32.5517    32.5654  1026.3590    26.1841    263.301    247.446  369.29302     71.299     67.008     0.0952     0.2234     2.8877     1.9595 1.7361e+00       3126     2.1701  0.000e+00
     35.965   71.59804 -161.53698     36.339    -1.5222    -1.5245    -1.5228    32.5521    32.5659  1026.3599    26.1844    263.305    247.459  369.29478     71.299     67.011     0.0952     0.2234     2.8877     1.9595 1.7361e+00       3127     2.1708  0.000e+00
     35.918   71.59804 -161.53698     36.292    -1.5222    -1.5242    -1.5229    32.5528    32.5651  1026.3602    26.1849    263.302    247.433  369.29346     71.299     67.005     0.0965     0.2308     2.8877     1.9595 1.7465e+00       3128     2.1715  0.000e+00
     35.918   71.59804 -161.53698     36.292    -1.5220    -1.5242    -1.5227    32.5524    32.5652  1026.3599    26.1846    263.303    247.641  369.29215     71.299     67.061     0.0952     0.2234     2.8877     1.9595 1.7413e+00       3129     2.1722  0.000e+00
     35.903   71.59804 -161.53698     36.277    -1.5224    -1.5246    -1.5230    32.5531    32.5653  1026.3604    26.1852    263.308    247.688  369.29358     71.300     67.073     0.0965     0.2308     2.8877     1.9595 1.7413e+00       3130     2.1729  0.000e+00
     35.918   71.59804 -161.53698     36.292    -1.5224    -1.5243    -1.5231    32.5532    32.5645  1026.3605    26.1853    263.315    247.504  369.29400     71.302     67.023     0.0952     0.2234     2.8877     1.9595 1.7361e+00       3131     2.1736  0.000e+00
     35.857   71.59804 -161.53698     36.230    -1.5224    -1.5248    -1.5230    32.5535    32.5652  1026.3605    26.1855    263.372    247.487  369.29249     71.318     67.018     0.0952     0.2234     2.8877     1.9595 1.7361e+00       3132     2.1743  0.000e+00
     35.903   71.59804 -161.53698     36.277    -1.5219    -1.5250    -1.5226    32.5533    32.5650  1026.3606    26.1854    263.123    247.474  369.28833     71.251     67.014     0.0952     0.2234     2.8877     1.9595 1.7361e+00       3133     2.1750  0.000e+00
     35.972   71.59804 -161.53698     36.347    -1.5219    -1.5251    -1.5226    32.5533    32.5646  1026.3609    26.1854    263.352    247.496  369.28832     71.313     67.020     0.0952     0.2234     2.8877     1.9595 1.7361e+00       3134     2.1757  0.000e+00
     35.857   71.59804 -161.53698     36.230    -1.5215    -1.5255    -1.5221    32.5530    32.5651  1026.3600    26.1851    263.364    247.746  369.28539     71.317     67.087     0.0952     0.2234     2.8877     1.9595 1.7361e+00       3135     2.1764  0.000e+00
     35.903   71.59804 -161.53698     36.277    -1.5213    -1.5259    -1.5219    32.5529    32.5654  1026.3602    26.1850    263.384    247.575  369.28328     71.323     67.040     0.0952     0.2234     2.8913     1.9544 1.7361e+00       3136     2.1771  0.000e+00
     35.918   71.59804 -161.53698     36.292    -1.5213    -1.5260    -1.5219    32.5525    32.5652  1026.3599    26.1847    263.149    247.569  369.28444     71.259     67.038     0.0965     0.2308     2.8999     1.9426 1.7413e+00       3137     2.1778  0.000e+00
     35.918   71.59804 -161.53698     36.292    -1.5208    -1.5261    -1.5215    32.5525    32.5651  1026.3599    26.1847    263.381    247.564  369.27981     71.323     67.037     0.0952     0.2234     2.9023     1.9393 1.7465e+00       3138     2.1785  0.000e+00
     35.849   71.59804 -161.53698     36.222    -1.5207    -1.5263    -1.5214    32.5527    32.5653  1026.3598    26.1849    263.148    247.557  369.27867     71.260     67.035     0.0952     0.2234     2.9011     1.9409 1.7465e+00       3139     2.1792  0.000e+00
