EcoFOCI/data/1_SampleCollection/2023_SikuliaqDBO_CruiseData/CTD_raw_BottleFile_SKQ23-12S/proc/skq202312s_029svp.cnv
* Sea-Bird SBE 9 Data File:
* FileName = D:\CTD\SKQ202312S\SKQ202312S_029.hex
* Software Version Seasave V 7.26.7.121
* Temperature SN = 6177
* Conductivity SN = 0369
* Number of Bytes Per Scan = 41
* Number of Voltage Words = 4
* Number of Scans Averaged by the Deck Unit = 1
* NMEA Latitude = 71 24.54 N
* NMEA Longitude = 157 29.66 W
* NMEA UTC (Time) = Sep 21 2023  04:58:57
* NMEA baud rate = 4800
** Ship: R/V Sikuliaq
** Station Number: 029
** Station Name: DBO5.5
** Bottom Depth: 124
** Operator: SS
# nquan = 7
# nvalues = 9233                                  
# units = specified
# name 0 = depSM: Depth [salt water, m]
# name 1 = latitude: Latitude [deg]
# name 2 = longitude: Longitude [deg]
# name 3 = t090C: Temperature [ITS-90, deg C]
# name 4 = sal00: Salinity, Practical [PSU]
# name 5 = svCM: Sound Velocity [Chen-Millero, m/s]
# name 6 = flag:  0.000e+00
# span 0 =      2.734,    119.316                 
# span 1 =   71.40904,   71.40908                 
# span 2 = -157.49360, -157.49236                 
# span 3 =    -1.6681,     4.7481                 
# span 4 =    30.2602,    32.7515                 
# span 5 =    1439.10,    1464.33                 
# span 6 = 0.0000e+00, 0.0000e+00                 
# interval = seconds: 0.0416667
# start_time = Sep 21 2023 05:03:15 [NMEA time, first data scan]
# bad_flag = -9.990e-29
*END*
[from data line 1642]
     12.323   71.40906 -157.49338     4.7393    30.4991    1464.13  0.000e+00
     12.323   71.40906 -157.49338     4.7384    30.4891    1464.11  0.000e+00
     12.323   71.40906 -157.49338     4.7376    30.4812    1464.10  0.000e+00
     12.354   71.40906 -157.49338     4.7365    30.4807    1464.09  0.000e+00
     12.323   71.40906 -157.49338     4.7364    30.4902    1464.10  0.000e+00
     12.323   71.40906 -157.49338     4.7368    30.5004    1464.12  0.000e+00
     12.323   71.40906 -157.49338     4.7379    30.5048    1464.13  0.000e+00
     12.323   71.40906 -157.49338     4.7384    30.5075    1464.13  0.000e+00
     12.323   71.40906 -157.49338     4.7389    30.5104    1464.14  0.000e+00
     12.323   71.40906 -157.49338     4.7387    30.5102    1464.14  0.000e+00
     12.353   71.40906 -157.49338     4.7388    30.5026    1464.13  0.000e+00
     12.384   71.40906 -157.49338     4.7387    30.4995    1464.13  0.000e+00
     12.323   71.40906 -157.49338     4.7390    30.5004    1464.13  0.000e+00
     12.323   71.40906 -157.49338     4.7390    30.4999    1464.13  0.000e+00
     12.384   71.40906 -157.49338     4.7381    30.4958    1464.12  0.000e+00
     12.384   71.40906 -157.49338     4.7368    30.4867    1464.10  0.000e+00
     12.384   71.40906 -157.49338     4.7354    30.4807    1464.09  0.000e+00
     12.353   71.40906 -157.49338     4.7349    30.4848    1464.09  0.000e+00
     12.438   71.40906 -157.49338     4.7354    30.4935    1464.10  0.000e+00
     12.384   71.40906 -157.49338     4.7366    30.5012    1464.12  0.000e+00
     12.384   71.40906 -157.49338     4.7378    30.5092    1464.13  0.000e+00
     12.438   71.40906 -157.49338     4.7386    30.5159    1464.15  0.000e+00
     12.438   71.40906 -157.49338     4.7399    30.5194    1464.16  0.000e+00
     12.438   71.40906 -157.49338     4.7403    30.5218    1464.16  0.000e+00
     12.407   71.40906 -157.49338     4.7405    30.5232    1464.16  0.000e+00
     12.438   71.40906 -157.49338     4.7411    30.5247    1464.17  0.000e+00
     12.492   71.40906 -157.49338     4.7416    30.5271    1464.17  0.000e+00
     12.492   71.40906 -157.49338     4.7419    30.5309    1464.18  0.000e+00
     12.492   71.40906 -157.49338     4.7428    30.5435    1464.20  0.000e+00
     12.554   71.40906 -157.49338     4.7441    30.5678    1464.24  0.000e+00
     12.523   71.40906 -157.49338     4.7451    30.5853    1464.26  0.000e+00
     12.492   71.40906 -157.49338     4.7454    30.5867    1464.27  0.000e+00
     12.607   71.40906 -157.49338     4.7459    30.5868    1464.27  0.000e+00
     12.553   71.40906 -157.49338     4.7462    30.5950    1464.28  0.000e+00
     12.553   71.40906 -157.49338     4.7468    30.6015    1464.29  0.000e+00
     12.607   71.40906 -157.49338     4.7470    30.6044    1464.30  0.000e+00
     12.607   71.40906 -157.49338     4.7473    30.6080    1464.30  0.000e+00
     12.638   71.40906 -157.49338     4.7473    30.6106    1464.31  0.000e+00
     12.669   71.40906 -157.49338     4.7473    30.6110    1464.31  0.000e+00
     12.669   71.40906 -157.49338     4.7476    30.6116    1464.31  0.000e+00
     12.669   71.40906 -157.49338     4.7476    30.6132    1464.31  0.000e+00
     12.669   71.40906 -157.49338     4.7473    30.6149    1464.31  0.000e+00
     12.723   71.40906 -157.49338     4.7476    30.6157    1464.32  0.000e+00
     12.723   71.40906 -157.49338     4.7475    30.6161    1464.32  0.000e+00
     12.754   71.40906 -157.49338     4.7473    30.6166    1464.32  0.000e+00
     12.785   71.40906 -157.49338     4.7472    30.6171    1464.32  0.000e+00
     12.785   71.40906 -157.49338     4.7467    30.6178    1464.32  0.000e+00
     12.785   71.40906 -157.49338     4.7463    30.6182    1464.31  0.000e+00
     12.838   71.40906 -157.49338     4.7465    30.6180    1464.32  0.000e+00
     12.784   71.40906 -157.49338     4.7460    30.6187    1464.31  0.000e+00
     12.808   71.40906 -157.49338     4.7459    30.6187    1464.31  0.000e+00
     12.892   71.40906 -157.49338     4.7455    30.6187    1464.31  0.000e+00
     12.892   71.40906 -157.49338     4.7449    30.6194    1464.31  0.000e+00
     12.838   71.40906 -157.49338     4.7448    30.6194    1464.31  0.000e+00
     12.892   71.40906 -157.49338     4.7439    30.6201    1464.31  0.000e+00
     12.892   71.40906 -157.49338     4.7428    30.6209    1464.31  0.000e+00
     12.954   71.40906 -157.49338     4.7422    30.6220    1464.31  0.000e+00
     12.923   71.40906 -157.49338     4.7416    30.6230    1464.30  0.000e+00
     13.008   71.40906 -157.49338     4.7410    30.6244    1464.30  0.000e+00
     12.954   71.40906 -157.49338     4.7403    30.6261    1464.30  0.000e+00
     13.008   71.40906 -157.49338     4.7400    30.6264    1464.30  0.000e+00
     12.954   71.40906 -157.49338     4.7399    30.6269    1464.30  0.000e+00
     13.008   71.40906 -157.49338     4.7395    30.6274    1464.30  0.000e+00
     13.039   71.40906 -157.49338     4.7399    30.6276    1464.30  0.000e+00
     13.008   71.40906 -157.49338     4.7396    30.6278    1464.30  0.000e+00
     13.070   71.40906 -157.49338     4.7397    30.6277    1464.30  0.000e+00
     13.070   71.40906 -157.49338     4.7395    30.6283    1464.30  0.000e+00
     13.070   71.40906 -157.49338     4.7393    30.6286    1464.30  0.000e+00
     13.070   71.40906 -157.49338     4.7395    30.6288    1464.30  0.000e+00
     13.069   71.40906 -157.49338     4.7395    30.6290    1464.30  0.000e+00
     13.093   71.40906 -157.49338     4.7395    30.6290    1464.31  0.000e+00
     13.123   71.40906 -157.49338     4.7395    30.6293    1464.31  0.000e+00
     13.123   71.40906 -157.49338     4.7395    30.6291    1464.31  0.000e+00
     13.123   71.40906 -157.49338     4.7393    30.6297    1464.31  0.000e+00
     13.123   71.40906 -157.49338     4.7393    30.6295    1464.31  0.000e+00
     13.123   71.40906 -157.49338     4.7393    30.6297    1464.31  0.000e+00
     13.154   71.40906 -157.49338     4.7392    30.6300    1464.31  0.000e+00
     13.123   71.40906 -157.49338     4.7390    30.6298    1464.30  0.000e+00
     13.123   71.40906 -157.49338     4.7392    30.6299    1464.31  0.000e+00
     13.185   71.40906 -157.49338     4.7393    30.6299    1464.31  0.000e+00
     13.185   71.40906 -157.49338     4.7395    30.6297    1464.31  0.000e+00
     13.123   71.40906 -157.49338     4.7390    30.6302    1464.31  0.000e+00
     13.208   71.40906 -157.49336     4.7393    30.6298    1464.31  0.000e+00
     13.123   71.40906 -157.49336     4.7393    30.6301    1464.31  0.000e+00
     13.185   71.40906 -157.49336     4.7392    30.6300    1464.31  0.000e+00
     13.185   71.40906 -157.49336     4.7393    30.6304    1464.31  0.000e+00
     13.185   71.40906 -157.49336     4.7392    30.6302    1464.31  0.000e+00
     13.185   71.40906 -157.49336     4.7393    30.6302    1464.31  0.000e+00
     13.208   71.40906 -157.49336     4.7392    30.6303    1464.31  0.000e+00
     13.185   71.40906 -157.49336     4.7392    30.6303    1464.31  0.000e+00
     13.185   71.40906 -157.49336     4.7392    30.6305    1464.31  0.000e+00
     13.185   71.40906 -157.49336     4.7392    30.6301    1464.31  0.000e+00
     13.185   71.40906 -157.49336     4.7392    30.6300    1464.31  0.000e+00
     13.239   71.40906 -157.49336     4.7393    30.6301    1464.31  0.000e+00
     13.069   71.40906 -157.49336     4.7392    30.6303    1464.31  0.000e+00
     13.270   71.40906 -157.49336     4.7392    30.6300    1464.31  0.000e+00
     13.185   71.40906 -157.49336     4.7392    30.6298    1464.31  0.000e+00
     13.239   71.40906 -157.49336     4.7393    30.6301    1464.31  0.000e+00
     13.185   71.40906 -157.49336     4.7390    30.6301    1464.31  0.000e+00
     13.185   71.40906 -157.49336     4.7392    30.6303    1464.31  0.000e+00
     13.185   71.40906 -157.49336     4.7390    30.6303    1464.31  0.000e+00
     13.208   71.40906 -157.49336     4.7392    30.6300    1464.31  0.000e+00
     13.185   71.40906 -157.49336     4.7393    30.6299    1464.31  0.000e+00
     13.185   71.40906 -157.49336     4.7391    30.6304    1464.31  0.000e+00
     13.185   71.40906 -157.49336     4.7393    30.6300    1464.31  0.000e+00
     13.185   71.40906 -157.49336     4.7392    30.6304    1464.31  0.000e+00
     13.185   71.40906 -157.49336     4.7393    30.6300    1464.31  0.000e+00
     13.154   71.40906 -157.49336     4.7393    30.6301    1464.31  0.000e+00
     13.185   71.40906 -157.49336     4.7392    30.6303    1464.31  0.000e+00
     13.185   71.40906 -157.49336     4.7393    30.6301    1464.31  0.000e+00
     13.185   71.40906 -157.49336     4.7393    30.6297    1464.31  0.000e+00
     13.185   71.40906 -157.49336     4.7393    30.6296    1464.31  0.000e+00
     13.185   71.40906 -157.49336     4.7395    30.6295    1464.31  0.000e+00
     13.154   71.40906 -157.49336     4.7392    30.6299    1464.31  0.000e+00
     13.185   71.40906 -157.49336     4.7393    30.6294    1464.31  0.000e+00
     13.185   71.40906 -157.49336     4.7393    30.6295    1464.31  0.000e+00
     13.185   71.40906 -157.49336     4.7393    30.6292    1464.31  0.000e+00
     13.185   71.40906 -157.49336     4.7393    30.6293    1464.31  0.000e+00
     13.123   71.40906 -157.49336     4.7395    30.6290    1464.31  0.000e+00
     13.208   71.40906 -157.49336     4.7395    30.6291    1464.31  0.000e+00
     13.123   71.40906 -157.49336     4.7393    30.6294    1464.31  0.000e+00
     13.184   71.40906 -157.49336     4.7393    30.6297    1464.31  0.000e+00
     13.184   71.40906 -157.49336     4.7393    30.6299    1464.31  0.000e+00
     13.123   71.40906 -157.49336     4.7392    30.6300    1464.31  0.000e+00
     13.184   71.40906 -157.49336     4.7392    30.6304    1464.31  0.000e+00
     13.184   71.40906 -157.49336     4.7393    30.6302    1464.31  0.000e+00
     13.208   71.40906 -157.49336     4.7392    30.6306    1464.31  0.000e+00
     13.238   71.40906 -157.49336     4.7393    30.6300    1464.31  0.000e+00
     13.184   71.40906 -157.49336     4.7392    30.6302    1464.31  0.000e+00
     13.238   71.40906 -157.49336     4.7390    30.6304    1464.31  0.000e+00
     13.184   71.40906 -157.49336     4.7390    30.6306    1464.31  0.000e+00
     13.238   71.40906 -157.49336     4.7391    30.6306    1464.31  0.000e+00
     13.207   71.40906 -157.49336     4.7390    30.6310    1464.31  0.000e+00
     13.238   71.40906 -157.49336     4.7390    30.6308    1464.31  0.000e+00
     13.238   71.40906 -157.49336     4.7393    30.6306    1464.31  0.000e+00
     13.184   71.40906 -157.49336     4.7392    30.6308    1464.31  0.000e+00
     13.238   71.40906 -157.49336     4.7390    30.6307    1464.31  0.000e+00
     13.292   71.40906 -157.49336     4.7392    30.6307    1464.31  0.000e+00
     13.269   71.40906 -157.49336     4.7390    30.6309    1464.31  0.000e+00
     13.238   71.40906 -157.49336     4.7392    30.6310    1464.31  0.000e+00
     13.354   71.40906 -157.49336     4.7390    30.6309    1464.31  0.000e+00
     13.292   71.40906 -157.49336     4.7393    30.6307    1464.31  0.000e+00
     13.292   71.40906 -157.49336     4.7392    30.6308    1464.31  0.000e+00
     13.354   71.40906 -157.49336     4.7393    30.6308    1464.31  0.000e+00
     13.323   71.40906 -157.49336     4.7392    30.6314    1464.31  0.000e+00
     13.354   71.40906 -157.49336     4.7393    30.6311    1464.31  0.000e+00
     13.354   71.40906 -157.49336     4.7393    30.6313    1464.31  0.000e+00
     13.354   71.40906 -157.49336     4.7393    30.6314    1464.31  0.000e+00
     13.354   71.40906 -157.49336     4.7395    30.6310    1464.31  0.000e+00
     13.408   71.40906 -157.49336     4.7393    30.6319    1464.31  0.000e+00
     13.439   71.40906 -157.49336     4.7397    30.6317    1464.32  0.000e+00
     13.408   71.40906 -157.49336     4.7395    30.6320    1464.31  0.000e+00
     13.469   71.40906 -157.49336     4.7395    30.6318    1464.32  0.000e+00
     13.469   71.40906 -157.49336     4.7397    30.6314    1464.32  0.000e+00
     13.469   71.40906 -157.49336     4.7397    30.6315    1464.32  0.000e+00
     13.523   71.40906 -157.49336     4.7395    30.6321    1464.32  0.000e+00
     13.554   71.40906 -157.49336     4.7399    30.6321    1464.32  0.000e+00
     13.523   71.40906 -157.49336     4.7397    30.6326    1464.32  0.000e+00
     13.577   71.40906 -157.49336     4.7397    30.6328    1464.32  0.000e+00
     13.639   71.40906 -157.49336     4.7400    30.6323    1464.32  0.000e+00
     13.577   71.40906 -157.49336     4.7398    30.6329    1464.32  0.000e+00
     13.639   71.40906 -157.49336     4.7402    30.6324    1464.32  0.000e+00
     13.608   71.40906 -157.49336     4.7399    30.6329    1464.32  0.000e+00
     13.693   71.40906 -157.49336     4.7402    30.6328    1464.32  0.000e+00
     13.639   71.40906 -157.49336     4.7400    30.6330    1464.32  0.000e+00
     13.755   71.40906 -157.49336     4.7399    30.6331    1464.32  0.000e+00
     13.693   71.40906 -157.49336     4.7399    30.6333    1464.32  0.000e+00
     13.755   71.40906 -157.49336     4.7400    30.6332    1464.32  0.000e+00
     13.778   71.40906 -157.49336     4.7400    30.6332    1464.32  0.000e+00
     13.809   71.40906 -157.49336     4.7403    30.6334    1464.33  0.000e+00
     13.870   71.40906 -157.49336     4.7401    30.6337    1464.33  0.000e+00
     13.809   71.40906 -157.49336     4.7402    30.6334    1464.33  0.000e+00
     13.870   71.40906 -157.49336     4.7402    30.6334    1464.33  0.000e+00
     13.870   71.40906 -157.49336     4.7400    30.6333    1464.33  0.000e+00
     13.893   71.40906 -157.49336     4.7400    30.6334    1464.33  0.000e+00
     13.924   71.40906 -157.49336     4.7402    30.6333    1464.33  0.000e+00
     13.978   71.40906 -157.49336     4.7402    30.6335    1464.33  0.000e+00
     13.924   71.40906 -157.49336     4.7399    30.6339    1464.33  0.000e+00
     13.978   71.40906 -157.49336     4.7400    30.6335    1464.33  0.000e+00
     14.009   71.40906 -157.49336     4.7400    30.6336    1464.33  0.000e+00
     14.040   71.40906 -157.49336     4.7402    30.6335    1464.33  0.000e+00
     14.040   71.40906 -157.49336     4.7403    30.6332    1464.33  0.000e+00
     14.156   71.40906 -157.49336     4.7402    30.6334    1464.33  0.000e+00
     14.040   71.40906 -157.49336     4.7402    30.6337    1464.33  0.000e+00
     14.156   71.40906 -157.49336     4.7403    30.6338    1464.33  0.000e+00
     14.179   71.40906 -157.49336     4.7403    30.6336    1464.33  0.000e+00
     14.094   71.40906 -157.49336     4.7405    30.6333    1464.33  0.000e+00
     14.210   71.40906 -157.49336     4.7402    30.6335    1464.33  0.000e+00
     14.156   71.40906 -157.49336     4.7402    30.6333    1464.33  0.000e+00
     14.210   71.40906 -157.49336     4.7400    30.6335    1464.33  0.000e+00
     14.240   71.40906 -157.49336     4.7398    30.6336    1464.33  0.000e+00
     14.210   71.40906 -157.49336     4.7397    30.6332    1464.33  0.000e+00
     14.271   71.40906 -157.49336     4.7395    30.6334    1464.33  0.000e+00
     14.325   71.40906 -157.49336     4.7399    30.6335    1464.33  0.000e+00
     14.325   71.40906 -157.49336     4.7393    30.6339    1464.33  0.000e+00
     14.325   71.40906 -157.49336     4.7395    30.6338    1464.33  0.000e+00
     14.356   71.40906 -157.49336     4.7395    30.6337    1464.33  0.000e+00
     14.379   71.40906 -157.49336     4.7395    30.6335    1464.33  0.000e+00
     14.379   71.40906 -157.49336     4.7393    30.6336    1464.33  0.000e+00
     14.441   71.40906 -157.49336     4.7390    30.6332    1464.33  0.000e+00
     14.441   71.40906 -157.49336     4.7388    30.6336    1464.33  0.000e+00
     14.356   71.40906 -157.49336     4.7387    30.6339    1464.33  0.000e+00
     14.495   71.40906 -157.49334     4.7387    30.6338    1464.33  0.000e+00
     14.441   71.40906 -157.49334     4.7387    30.6340    1464.33  0.000e+00
