EcoFOCI/data/1_SampleCollection/2023_SikuliaqDBO_CruiseData/CTD_raw_BottleFile_SKQ23-12S/proc/skq202312s_076.ros
* Sea-Bird SBE 9 Data File:
* FileName = D:\CTD\SKQ202312S\SKQ202312S_076.hex
* Software Version Seasave V 7.26.7.121
* Temperature SN = 6177
* Conductivity SN = 0369
* Number of Bytes Per Scan = 41
* Number of Voltage Words = 4
* Number of Scans Averaged by the Deck Unit = 1
* NMEA Latitude = 68 18.13 N
* NMEA Longitude = 166 55.58 W
* NMEA UTC (Time) = Oct 02 2023  08:17:28
* NMEA baud rate = 4800
** Ship: R/V Sikuliaq
** Station Number: 076
** Station Name: DBO3.1
** Bottom Depth: 34
** Operator: SD
# nquan = 22
# nvalues = 637                                   
# units = specified
# name 0 = depSM: Depth [salt water, m]
# name 1 = latitude: Latitude [deg]
# name 2 = longitude: Longitude [deg]
# name 3 = prDM: Pressure, Digiquartz [db]
# name 4 = t090C: Temperature [ITS-90, deg C]
# name 5 = t190C: Temperature, 2 [ITS-90, deg C]
# name 6 = potemp090C: Potential Temperature [ITS-90, deg C]
# name 7 = sal00: Salinity, Practical [PSU]
# name 8 = sal11: Salinity, Practical, 2 [PSU]
# name 9 = density00: Density [density, kg/m^3]
# name 10 = sigma-é00: Density [sigma-theta, kg/m^3]
# name 11 = sbox0Mm/Kg: Oxygen, SBE 43 [umol/kg]
# name 12 = sbox1Mm/Kg: Oxygen, SBE 43, 2 [umol/kg]
# name 13 = oxsolMm/Kg: Oxygen Saturation, Garcia & Gordon [umol/kg]
# name 14 = sbeox0PS: Oxygen, SBE 43 [% saturation]
# name 15 = v0: Voltage 0
# name 16 = flECO-AFL: Fluorescence, WET Labs ECO-AFL/FL [mg/m^3]
# name 17 = CStarAt0: Beam Attenuation, WET Labs C-Star [1/m]
# name 18 = par: PAR/Irradiance, Biospherical/Licor
# name 19 = scan: Scan Count
# name 20 = nbf: Bottles Fired
# name 21 = flag:  0.000e+00
# interval = seconds: 0.0416667
# start_time = Oct 02 2023 08:20:24 [NMEA time, first data scan]
# bad_flag = -9.990e-29
*END*
[from data line 461]
     10.231   68.30202 -166.92404     10.335     6.6814     6.6638     6.6806    25.9295    25.9560  1020.3682    20.3201    286.691    275.277  316.01109     90.722     0.2247     1.0000     1.2215 1.0000e-12      13516         10  0.000e+00
     10.169   68.30202 -166.92404     10.273     6.6787     6.6667     6.6779    25.9671    25.9497  1020.3977    20.3499    286.639    275.162  315.94392     90.725     0.2234     0.9927     1.2201 1.0000e-12      13517         10  0.000e+00
     10.169   68.30202 -166.92404     10.273     6.6814     6.6672     6.6806    26.0050    25.9455  1020.4272    20.3795    286.194    275.066  315.83553     90.615     0.2247     1.0000     1.1935 1.0000e-12      13518         10  0.000e+00
     10.169   68.30202 -166.92404     10.273     6.6861     6.6580     6.6853    26.0139    25.9320  1020.4337    20.3859    285.962    275.046  315.78054     90.557     0.2234     0.9927     1.1809 1.0000e-12      13519         10  0.000e+00
     10.169   68.30202 -166.92404     10.273     6.6900     6.6445     6.6892    25.9957    25.9176  1020.4190    20.3712    285.814    274.864  315.79404     90.507     0.2234     0.9927     1.1795 1.0000e-12      13520         10  0.000e+00
     10.146   68.30202 -166.92404     10.249     6.6904     6.6383     6.6896    25.9717    25.9110  1020.3999    20.3523    285.698    274.783  315.84643     90.455     0.2222     0.9853     1.1809 1.0000e-12      13521         10  0.000e+00
     10.169   68.30202 -166.92404     10.273     6.6882     6.6386     6.6874    25.9595    25.9103  1020.3907    20.3429    285.401    274.634  315.89130     90.348     0.2234     0.9927     1.1809 1.0000e-12      13522         10  0.000e+00
     10.169   68.30202 -166.92404     10.273     6.6848     6.6380     6.6840    25.9676    25.9090  1020.3974    20.3497    285.440    274.500  315.89749     90.358     0.2247     1.0000     1.1823 1.0000e-12      13523         10  0.000e+00
     10.115   68.30202 -166.92404     10.218     6.6819     6.6351     6.6812    25.9940    25.9032  1020.4183    20.3708    285.085    274.197  315.85734     90.257     0.2295     1.0293     1.1823 1.0000e-12      13524         10  0.000e+00
     10.169   68.30202 -166.92404     10.273     6.6847     6.6316     6.6839    26.0172    25.8951  1020.4365    20.3887    284.869    274.079  315.78331     90.210     0.2308     1.0366     1.1823 1.0000e-12      13525         10  0.000e+00
     10.115   68.30202 -166.92404     10.218     6.6925     6.6268     6.6918    26.0129    25.8864  1020.4319    20.3844    284.667    273.958  315.73495     90.160     0.2320     1.0439     1.1823 1.0000e-12      13526         10  0.000e+00
     10.169   68.30202 -166.92404     10.273     6.6965     6.6198     6.6958    25.9831    25.8753  1020.4083    20.3606    284.779    273.690  315.77466     90.184     0.2308     1.0366     1.1809 1.0000e-12      13527         10  0.000e+00
     10.146   68.30202 -166.92404     10.249     6.6945     6.6131     6.6937    25.9638    25.8634  1020.3932    20.3456    284.334    273.411  315.83497     90.026     0.2320     1.0439     1.1823 1.0000e-12      13528         10  0.000e+00
     10.115   68.30202 -166.92404     10.218     6.6916     6.6091     6.6908    25.9572    25.8548  1020.3883    20.3407    284.242    273.263  315.87146     89.987     0.2308     1.0366     1.1823 1.0000e-12      13529         10  0.000e+00
     10.169   68.30202 -166.92404     10.273     6.6895     6.6065     6.6887    25.9559    25.8533  1020.3878    20.3400    283.536    273.126  315.89015     89.758     0.2320     1.0439     1.1823 1.0000e-12      13530         10  0.000e+00
     10.115   68.30202 -166.92404     10.218     6.6877     6.6129     6.6869    25.9432    25.8608  1020.3777    20.3301    283.772    272.900  315.93294     89.820     0.2320     1.0439     1.1823 1.0000e-12      13531         10  0.000e+00
     10.169   68.30202 -166.92404     10.273     6.6825     6.6242     6.6818    25.8905    25.8780  1020.3371    20.2893    283.806    272.601  316.09358     89.786     0.2320     1.0439     1.1823 1.0000e-12      13532         10  0.000e+00
     10.115   68.30202 -166.92404     10.218     6.6729     6.6327     6.6722    25.8373    25.8930  1020.2961    20.2485    283.873    272.191  316.28853     89.751     0.2320     1.0439     1.1809 1.0000e-12      13533         10  0.000e+00
     10.115   68.30202 -166.92404     10.218     6.6592     6.6378     6.6585    25.8269    25.9007  1020.2895    20.2420    283.886    271.984  316.41414     89.720     0.2320     1.0439     1.1809 1.0000e-12      13534         10  0.000e+00
     10.146   68.30202 -166.92404     10.249     6.6471     6.6404     6.6463    25.8353    25.9060  1020.2976    20.2499    283.652    271.779  316.48504     89.626     0.2320     1.0439     1.1823 1.0000e-12      13535         10  0.000e+00
     10.169   68.30202 -166.92404     10.273     6.6379     6.6467     6.6371    25.8410    25.9151  1020.3032    20.2554    283.578    271.374  316.53973     89.587     0.2320     1.0439     1.1823 1.0000e-12      13536         10  0.000e+00
     10.115   68.30202 -166.92404     10.218     6.6322     6.6608     6.6314    25.8599    25.9376  1020.3184    20.2709    283.484    271.068  316.53849     89.557     0.2320     1.0439     1.1809 1.0000e-12      13537         10  0.000e+00
     10.169   68.30202 -166.92404     10.273     6.6316     6.6756     6.6309    25.8925    25.9637  1020.3444    20.2966    283.302    270.753  316.46619     89.521     0.2320     1.0439     1.1684 1.0000e-12      13538         10  0.000e+00
     10.169   68.30202 -166.92404     10.273     6.6337     6.6842     6.6329    25.8957    25.9769  1020.3467    20.2989    283.023    270.522  316.44327     89.439     0.2320     1.0439     1.1587 1.0000e-12      13539         10  0.000e+00
     10.115   68.30202 -166.92404     10.218     6.6315     6.6873     6.6307    25.8930    25.9783  1020.3446    20.2970    282.938    270.189  316.46621     89.406     0.2308     1.0366     1.1587 1.0000e-12      13540         10  0.000e+00
     10.169   68.30202 -166.92404     10.273     6.6296     6.6963     6.6288    25.9042    25.9841  1020.3538    20.3060    282.862    269.976  316.45445     89.385     0.2320     1.0439     1.1587 1.0000e-12      13541         10  0.000e+00
     10.169   68.30202 -166.92404     10.273     6.6295     6.7002     6.6288    25.9189    25.9975  1020.3654    20.3176    282.771    269.619  316.42046     89.366     0.2308     1.0366     1.1587 1.0000e-12      13542         10  0.000e+00
     10.146   68.30202 -166.92404     10.249     6.6312     6.6973     6.6304    25.9385    25.9954  1020.3805    20.3328    282.607    269.506  316.36253     89.330     0.2320     1.0439     1.1587 1.0000e-12      13543         10  0.000e+00
     10.169   68.30202 -166.92404     10.273     6.6370     6.6879     6.6362    25.9728    25.9814  1020.4070    20.3592    282.448    269.483  316.23980     89.315     0.2308     1.0366     1.1587 1.0000e-12      13544         10  0.000e+00
      2.386   68.30206 -166.92400      2.410     6.3167     6.3184     6.3165    25.4386    25.4473  1019.9853    19.9740    295.253    281.357  319.88979     92.298     0.2625     1.2271     0.8715 3.3106e-01      16480         11  0.000e+00
      2.271   68.30206 -166.92400      2.294     6.3174     6.3187     6.3172    25.4382    25.4474  1019.9844    19.9737    295.239    281.339  319.88524     92.295     0.2613     1.2198     0.8715 3.4648e-01      16481         11  0.000e+00
      2.440   68.30206 -166.92400      2.465     6.3174     6.3186     6.3173    25.4380    25.4472  1019.9850    19.9735    295.242    281.151  319.88526     92.296     0.2625     1.2271     0.8727 3.5174e-01      16482         11  0.000e+00
      2.325   68.30206 -166.92400      2.348     6.3179     6.3184     6.3178    25.4377    25.4474  1019.9842    19.9732    295.232    281.302  319.88221     92.294     0.2613     1.2198     0.8727 3.4388e-01      16483         11  0.000e+00
      2.440   68.30206 -166.92400      2.465     6.3178     6.3181     6.3176    25.4379    25.4472  1019.9849    19.9734    295.236    281.298  319.88288     92.295     0.2625     1.2271     0.8727 3.1249e-01      16484         11  0.000e+00
      2.386   68.30206 -166.92400      2.410     6.3179     6.3180     6.3178    25.4383    25.4464  1019.9849    19.9737    295.232    281.307  319.88084     92.294     0.2589     1.2051     0.8727 3.0172e-01      16485         11  0.000e+00
      2.386   68.30206 -166.92400      2.410     6.3181     6.3178     6.3179    25.4386    25.4467  1019.9851    19.9739    295.231    281.317  319.87900     92.295     0.2515     1.1612     0.8727 3.0528e-01      16486         11  0.000e+00
      2.386   68.30206 -166.92400      2.410     6.3184     6.3176     6.3182    25.4391    25.4469  1019.9855    19.9743    295.230    281.124  319.87541     92.295     0.2491     1.1465     0.8727 3.3742e-01      16487         11  0.000e+00
      2.440   68.30206 -166.92400      2.465     6.3187     6.3179     6.3186    25.4396    25.4464  1019.9862    19.9747    295.232    281.098  319.87149     92.297     0.2491     1.1465     0.8715 3.5307e-01      16488         11  0.000e+00
      2.325   68.30206 -166.92400      2.348     6.3192     6.3173     6.3190    25.4402    25.4468  1019.9860    19.9750    295.227    281.255  319.86683     92.297     0.2491     1.1465     0.8740 3.5440e-01      16489         11  0.000e+00
      2.502   68.30206 -166.92400      2.527     6.3198     6.3172     6.3196    25.4397    25.4465  1019.9864    19.9746    295.237    281.071  319.86338     92.301     0.2503     1.1538     0.8766 3.5307e-01      16490         11  0.000e+00
      2.502   68.30206 -166.92400      2.527     6.3203     6.3173     6.3201    25.4398    25.4464  1019.9864    19.9746    295.240    281.045  319.85933     92.303     0.2503     1.1538     0.8779 3.5307e-01      16491         11  0.000e+00
      2.440   68.30206 -166.92400      2.465     6.3206     6.3171     6.3205    25.4399    25.4464  1019.9862    19.9747    295.243    281.019  319.85663     92.305     0.2491     1.1465     0.8779 3.5307e-01      16492         11  0.000e+00
      2.440   68.30206 -166.92400      2.465     6.3208     6.3170     6.3207    25.4398    25.4467  1019.9861    19.9746    295.251    281.015  319.85538     92.308     0.2503     1.1538     0.8779 2.6990e-01      16493         11  0.000e+00
      2.502   68.30206 -166.92400      2.527     6.3210     6.3170     6.3208    25.4400    25.4469  1019.9865    19.9747    295.263    281.014  319.85384     92.312     0.2503     1.1538     0.8779 2.1706e-01      16494         11  0.000e+00
      2.502   68.30206 -166.92400      2.527     6.3213     6.3171     6.3211    25.4399    25.4473  1019.9864    19.9746    295.272    281.011  319.85159     92.315     0.2515     1.1612     0.8779 2.0959e-01      16495         11  0.000e+00
      2.502   68.30206 -166.92400      2.527     6.3214     6.3179     6.3213    25.4405    25.4473  1019.9868    19.9750    295.283    280.986  319.84920     92.319     0.2491     1.1465     0.8779 2.4353e-01      16496         11  0.000e+00
      2.502   68.30206 -166.92400      2.527     6.3216     6.3189     6.3214    25.4409    25.4473  1019.9871    19.9753    295.295    280.960  319.84713     92.324     0.2503     1.1538     0.8779 2.7985e-01      16497         11  0.000e+00
      2.517   68.30206 -166.92400      2.543     6.3219     6.3197     6.3218    25.4411    25.4479  1019.9873    19.9755    295.512    280.771  319.84381     92.393     0.2491     1.1465     0.8779 2.8777e-01      16498         11  0.000e+00
      2.556   68.30206 -166.92400      2.582     6.3224     6.3206     6.3222    25.4417    25.4488  1019.9879    19.9759    295.319    280.749  319.83897     92.334     0.2503     1.1538     0.8779 3.3232e-01      16499         11  0.000e+00
      2.502   68.30206 -166.92400      2.527     6.3229     6.3213     6.3227    25.4418    25.4493  1019.9877    19.9759    295.328    280.729  319.83503     92.338     0.2491     1.1465     0.8779 4.0625e-01      16500         11  0.000e+00
      2.556   68.30206 -166.92400      2.582     6.3234     6.3221     6.3232    25.4417    25.4492  1019.9878    19.9758    295.344    280.715  319.83180     92.344     0.2503     1.1538     0.8779 4.2732e-01      16501         11  0.000e+00
      2.556   68.30206 -166.92400      2.582     6.3237     6.3226     6.3235    25.4415    25.4497  1019.9876    19.9756    295.330    280.683  319.82995     92.340     0.2491     1.1465     0.8779 3.9170e-01      16502         11  0.000e+00
      2.610   68.30206 -166.92400      2.636     6.3237     6.3232     6.3235    25.4418    25.4498  1019.9881    19.9758    295.320    280.859  319.82929     92.337     0.2503     1.1538     0.8779 3.2603e-01      16503         11  0.000e+00
      2.556   68.30206 -166.92400      2.582     6.3238     6.3234     6.3236    25.4415    25.4498  1019.9876    19.9756    295.335    280.850  319.82875     92.342     0.2491     1.1465     0.8779 3.0647e-01      16504         11  0.000e+00
      2.610   68.30206 -166.92400      2.636     6.3243     6.3235     6.3241    25.4415    25.4500  1019.9878    19.9755    295.352    280.865  319.82499     92.348     0.2503     1.1538     0.8779 3.1249e-01      16505         11  0.000e+00
      2.556   68.30206 -166.92400      2.582     6.3242     6.3238     6.3240    25.4419    25.4499  1019.9879    19.9759    295.341    280.877  319.82502     92.344     0.2491     1.1465     0.8779 3.2853e-01      16506         11  0.000e+00
      2.610   68.30206 -166.92400      2.636     6.3243     6.3237     6.3241    25.4417    25.4498  1019.9880    19.9757    295.332    280.898  319.82435     92.342     0.2503     1.1538     0.8779 3.3486e-01      16507         11  0.000e+00
      2.610   68.30206 -166.92400      2.636     6.3246     6.3237     6.3245    25.4414    25.4499  1019.9877    19.9754    295.351    280.918  319.82282     92.348     0.2491     1.1465     0.8779 3.2603e-01      16508         11  0.000e+00
      2.610   68.30206 -166.92400      2.636     6.3245     6.3237     6.3243    25.4419    25.4500  1019.9881    19.9758    295.343    280.938  319.82291     92.346     0.2491     1.1465     0.8779 2.8097e-01      16509         11  0.000e+00
      2.610   68.30206 -166.92400      2.636     6.3246     6.3235     6.3245    25.4422    25.4501  1019.9884    19.9761    295.566    280.942  319.82084     92.416     0.2491     1.1465     0.8766 2.6340e-01      16510         11  0.000e+00
      2.610   68.30206 -166.92400      2.636     6.3250     6.3237     6.3248    25.4420    25.4502  1019.9882    19.9759    295.410    281.129  319.81862     92.368     0.2491     1.1465     0.8766 2.6447e-01      16511         11  0.000e+00
      2.610   68.30206 -166.92400      2.636     6.3253     6.3242     6.3251    25.4422    25.4501  1019.9882    19.9759    295.400    280.964  319.81606     92.366     0.2479     1.1392     0.8766 2.8892e-01      16512         11  0.000e+00
      2.672   68.30206 -166.92400      2.699     6.3253     6.3243     6.3251    25.4420    25.4506  1019.9884    19.9758    295.630    281.153  319.81651     92.437     0.2491     1.1465     0.8766 3.0290e-01      16513         11  0.000e+00
      2.610   68.30206 -166.92400      2.636     6.3253     6.3248     6.3251    25.4418    25.4505  1019.9880    19.9757    295.445    281.171  319.81685     92.379     0.2479     1.1392     0.8753 3.0528e-01      16514         11  0.000e+00
      2.610   68.30206 -166.92400      2.636     6.3255     6.3249     6.3253    25.4412    25.4508  1019.9875    19.9752    295.438    281.192  319.81716     92.377     0.2491     1.1465     0.8766 2.9936e-01      16515         11  0.000e+00
