EcoFOCI/data/1_SampleCollection/2023_SikuliaqDBO_CruiseData/CTD_raw_BottleFile_SKQ23-12S/proc/skq202312s_054.ros
* Sea-Bird SBE 9 Data File:
* FileName = D:\CTD\SKQ202312S\SKQ202312S_054.hex
* Software Version Seasave V 7.26.7.121
* Temperature SN = 6177
* Conductivity SN = 0369
* Number of Bytes Per Scan = 41
* Number of Voltage Words = 4
* Number of Scans Averaged by the Deck Unit = 1
* NMEA Latitude = 70 58.30 N
* NMEA Longitude = 163 33.99 W
* NMEA UTC (Time) = Sep 27 2023  02:24:07
* NMEA baud rate = 4800
** Ship: R/V Sikuliaq
** Station Number: 054
** Station Name: IC8
** Bottom Depth: 45
** Operator: SD
# nquan = 22
# nvalues = 784                                   
# units = specified
# name 0 = depSM: Depth [salt water, m]
# name 1 = latitude: Latitude [deg]
# name 2 = longitude: Longitude [deg]
# name 3 = prDM: Pressure, Digiquartz [db]
# name 4 = t090C: Temperature [ITS-90, deg C]
# name 5 = t190C: Temperature, 2 [ITS-90, deg C]
# name 6 = potemp090C: Potential Temperature [ITS-90, deg C]
# name 7 = sal00: Salinity, Practical [PSU]
# name 8 = sal11: Salinity, Practical, 2 [PSU]
# name 9 = density00: Density [density, kg/m^3]
# name 10 = sigma-é00: Density [sigma-theta, kg/m^3]
# name 11 = sbox0Mm/Kg: Oxygen, SBE 43 [umol/kg]
# name 12 = sbox1Mm/Kg: Oxygen, SBE 43, 2 [umol/kg]
# name 13 = oxsolMm/Kg: Oxygen Saturation, Garcia & Gordon [umol/kg]
# name 14 = sbeox0PS: Oxygen, SBE 43 [% saturation]
# name 15 = v0: Voltage 0
# name 16 = flECO-AFL: Fluorescence, WET Labs ECO-AFL/FL [mg/m^3]
# name 17 = CStarAt0: Beam Attenuation, WET Labs C-Star [1/m]
# name 18 = par: PAR/Irradiance, Biospherical/Licor
# name 19 = scan: Scan Count
# name 20 = nbf: Bottles Fired
# name 21 = flag:  0.000e+00
# interval = seconds: 0.0416667
# start_time = Sep 27 2023 02:28:34 [NMEA time, first data scan]
# bad_flag = -9.990e-29
*END*
[from data line 659]
      2.469   70.97156 -163.56694      2.494     4.6170     4.6056     4.6168    30.4881    30.4021  1024.1510    24.1394    177.572    291.695  320.84893     55.344     0.1709     0.6776     0.7147 3.7443e+01      23394         14  0.000e+00
      2.469   70.97156 -163.56694      2.494     4.6168     4.6055     4.6166    30.4884    30.4018  1024.1513    24.1397    177.563    291.665  320.84934     55.342     0.1697     0.6703     0.7147 3.6918e+01      23395         14  0.000e+00
      2.407   70.97156 -163.56694      2.432     4.6170     4.6054     4.6168    30.4882    30.4020  1024.1508    24.1395    177.591    291.628  320.84868     55.351     0.1697     0.6703     0.7147 3.6711e+01      23396         14  0.000e+00
      2.469   70.97156 -163.56694      2.494     4.6168     4.6053     4.6166    30.4884    30.4019  1024.1513    24.1397    177.598    291.612  320.84934     55.353     0.1697     0.6703     0.7147 3.6711e+01      23397         14  0.000e+00
      2.407   70.97156 -163.56694      2.432     4.6168     4.6055     4.6166    30.4885    30.4019  1024.1511    24.1398    177.609    291.587  320.84909     55.356     0.1697     0.6703     0.7147 3.6607e+01      23398         14  0.000e+00
      2.469   70.97156 -163.56694      2.494     4.6166     4.6057     4.6165    30.4887    30.4015  1024.1515    24.1399    177.629    291.563  320.85002     55.362     0.1685     0.6630     0.7147 3.6504e+01      23399         14  0.000e+00
      2.469   70.97156 -163.56694      2.494     4.6170     4.6056     4.6168    30.4884    30.4017  1024.1513    24.1396    177.652    291.534  320.84829     55.370     0.1709     0.6776     0.7147 3.6504e+01      23400         14  0.000e+00
      2.407   70.97156 -163.56694      2.432     4.6168     4.6055     4.6166    30.4887    30.4019  1024.1513    24.1399    177.682    291.500  320.84863     55.379     0.1709     0.6776     0.7147 3.5891e+01      23401         14  0.000e+00
      2.407   70.97156 -163.56694      2.432     4.6168     4.6055     4.6166    30.4882    30.4024  1024.1509    24.1395    177.688    291.464  320.84981     55.381     0.1697     0.6703     0.7135 3.5489e+01      23402         14  0.000e+00
      2.469   70.97156 -163.56694      2.494     4.6168     4.6058     4.6166    30.4886    30.4016  1024.1514    24.1398    177.700    291.448  320.84898     55.384     0.1709     0.6776     0.6703 3.5489e+01      23403         14  0.000e+00
      2.407   70.97156 -163.56694      2.432     4.6170     4.6055     4.6168    30.4883    30.4019  1024.1509    24.1395    177.714    291.427  320.84859     55.389     0.1697     0.6703     0.6459 3.4992e+01      23404         14  0.000e+00
      2.407   70.97156 -163.56694      2.432     4.6166     4.6055     4.6165    30.4884    30.4021  1024.1510    24.1397    177.768    291.404  320.85059     55.405     0.1709     0.6776     0.6435 3.4697e+01      23405         14  0.000e+00
      2.407   70.97156 -163.56694      2.432     4.6170     4.6055     4.6168    30.4885    30.4018  1024.1511    24.1397    177.586    291.379  320.84795     55.349     0.1697     0.6703     0.6459 3.4502e+01      23406         14  0.000e+00
      2.407   70.97156 -163.56694      2.432     4.6168     4.6054     4.6166    30.4886    30.4017  1024.1511    24.1398    177.589    291.352  320.84899     55.350     0.1709     0.6776     0.6459 3.4404e+01      23407         14  0.000e+00
      2.407   70.97156 -163.56694      2.432     4.6166     4.6055     4.6165    30.4885    30.4021  1024.1511    24.1397    177.599    291.320  320.85050     55.353     0.1697     0.6703     0.6459 3.4211e+01      23408         14  0.000e+00
      2.407   70.97156 -163.56694      2.432     4.6168     4.6053     4.6166    30.4881    30.4017  1024.1508    24.1394    177.615    291.289  320.85018     55.357     0.1697     0.6703     0.6459 3.4211e+01      23409         14  0.000e+00
      2.407   70.97156 -163.56694      2.432     4.6168     4.6057     4.6166    30.4882    30.4018  1024.1508    24.1395    177.572    291.438  320.84991     55.344     0.1697     0.6703     0.6459 3.4308e+01      23410         14  0.000e+00
      2.407   70.97156 -163.56694      2.432     4.6166     4.6054     4.6165    30.4884    30.4017  1024.1510    24.1397    177.565    291.443  320.85059     55.342     0.1709     0.6776     0.6459 3.4404e+01      23411         14  0.000e+00
      2.430   70.97156 -163.56694      2.455     4.6166     4.6055     4.6165    30.4884    30.4018  1024.1511    24.1397    177.565    291.443  320.85061     55.342     0.1697     0.6703     0.6459 3.4404e+01      23412         14  0.000e+00
      2.353   70.97156 -163.56694      2.378     4.6166     4.6054     4.6165    30.4882    30.4019  1024.1506    24.1395    177.600    291.438  320.85107     55.353     0.1709     0.6776     0.6459 3.4697e+01      23413         14  0.000e+00
      2.407   70.97156 -163.56694      2.432     4.6166     4.6055     4.6165    30.4882    30.4019  1024.1508    24.1395    177.611    291.434  320.85122     55.356     0.1697     0.6703     0.6459 3.5389e+01      23414         14  0.000e+00
      2.353   70.97156 -163.56694      2.378     4.6165     4.6053     4.6163    30.4883    30.4021  1024.1507    24.1396    177.418    291.426  320.85202     55.296     0.1697     0.6703     0.6459 3.5589e+01      23415         14  0.000e+00
      2.407   70.97156 -163.56694      2.432     4.6166     4.6054     4.6165    30.4885    30.4018  1024.1511    24.1398    177.409    291.418  320.85031     55.294     0.1697     0.6703     0.6459 3.5790e+01      23416         14  0.000e+00
      2.353   70.97156 -163.56694      2.378     4.6165     4.6055     4.6163    30.4886    30.4021  1024.1510    24.1399    177.406    291.422  320.85130     55.292     0.1685     0.6630     0.6471 3.6504e+01      23417         14  0.000e+00
      2.353   70.97156 -163.56694      2.378     4.6166     4.6055     4.6165    30.4882    30.4021  1024.1506    24.1395    177.585    291.430  320.85107     55.348     0.1697     0.6703     0.6471 3.6814e+01      23418         14  0.000e+00
      2.353   70.97156 -163.56694      2.378     4.6166     4.6055     4.6165    30.4884    30.4021  1024.1507    24.1396    177.624    291.434  320.85071     55.360     0.1685     0.6630     0.6459 3.6918e+01      23419         14  0.000e+00
      2.407   70.97156 -163.56694      2.432     4.6166     4.6055     4.6165    30.4882    30.4020  1024.1509    24.1395    177.462    291.440  320.85113     55.310     0.1697     0.6703     0.6459 3.7443e+01      23420         14  0.000e+00
      2.239   70.97156 -163.56694      2.262     4.6152     4.6040     4.6151    30.4879    30.4004  1024.1500    24.1394    175.710    291.120  320.86271     54.762     0.1661     0.6483     0.5842 3.5690e+01      23540         15  0.000e+00
      2.239   70.97156 -163.56694      2.262     4.6152     4.6040     4.6151    30.4877    30.4001  1024.1498    24.1392    175.740    291.119  320.86326     54.771     0.1661     0.6483     0.5842 3.5690e+01      23541         15  0.000e+00
      2.293   70.97156 -163.56694      2.317     4.6152     4.6041     4.6151    30.4876    30.4001  1024.1500    24.1392    175.776    290.953  320.86341     54.782     0.1673     0.6557     0.5842 3.5790e+01      23542         15  0.000e+00
      2.293   70.97156 -163.56694      2.317     4.6152     4.6041     4.6151    30.4878    30.4001  1024.1501    24.1393    175.609    291.140  320.86296     54.730     0.1661     0.6483     0.5842 3.5993e+01      23543         15  0.000e+00
      2.239   70.97156 -163.56694      2.262     4.6154     4.6044     4.6152    30.4878    30.4002  1024.1498    24.1393    175.622    291.135  320.86185     54.735     0.1685     0.6630     0.5830 3.5993e+01      23544         15  0.000e+00
      2.239   70.97156 -163.56694      2.262     4.6152     4.6041     4.6151    30.4873    30.4005  1024.1495    24.1390    175.516    290.947  320.86408     54.701     0.1673     0.6557     0.5818 3.5891e+01      23545         15  0.000e+00
      2.293   70.97156 -163.56694      2.317     4.6154     4.6045     4.6152    30.4871    30.3999  1024.1496    24.1388    175.507    290.926  320.86337     54.698     0.1685     0.6630     0.5818 3.5790e+01      23546         15  0.000e+00
      2.293   70.97156 -163.56694      2.317     4.6152     4.6042     4.6151    30.4879    30.4006  1024.1502    24.1394    175.503    290.905  320.86268     54.697     0.1673     0.6557     0.5818 3.5690e+01      23547         15  0.000e+00
      2.293   70.97156 -163.56694      2.317     4.6152     4.6041     4.6151    30.4875    30.4005  1024.1499    24.1391    175.505    290.883  320.86359     54.698     0.1685     0.6630     0.5818 3.5690e+01      23548         15  0.000e+00
      2.239   70.97156 -163.56694      2.262     4.6151     4.6043     4.6149    30.4879    30.4003  1024.1500    24.1394    175.510    290.858  320.86394     54.699     0.1673     0.6557     0.5806 3.5589e+01      23549         15  0.000e+00
      2.239   70.97156 -163.56694      2.262     4.6151     4.6044     4.6149    30.4876    30.4005  1024.1498    24.1392    175.522    290.836  320.86458     54.703     0.1673     0.6557     0.5818 3.5589e+01      23550         15  0.000e+00
      2.316   70.97156 -163.56694      2.340     4.6151     4.6043     4.6149    30.4877    30.4004  1024.1502    24.1393    175.541    290.630  320.86439     54.709     0.1673     0.6557     0.5818 3.5790e+01      23551         15  0.000e+00
      2.293   70.97156 -163.56694      2.317     4.6149     4.6041     4.6148    30.4879    30.4005  1024.1503    24.1394    175.355    290.589  320.86514     54.651     0.1685     0.6630     0.5818 3.6607e+01      23552         15  0.000e+00
      2.239   70.97156 -163.56694      2.262     4.6151     4.6042     4.6149    30.4882    30.4006  1024.1502    24.1396    175.350    290.545  320.86330     54.650     0.1673     0.6557     0.5818 3.6918e+01      23553         15  0.000e+00
      2.293   70.97156 -163.56694      2.317     4.6149     4.6043     4.6148    30.4878    30.4001  1024.1502    24.1394    175.597    290.508  320.86532     54.726     0.1673     0.6557     0.5818 3.7023e+01      23554         15  0.000e+00
      2.293   70.97156 -163.56694      2.317     4.6151     4.6043     4.6149    30.4879    30.4007  1024.1502    24.1394    175.397    290.468  320.86400     54.664     0.1673     0.6557     0.5818 3.7443e+01      23555         15  0.000e+00
      2.355   70.97156 -163.56694      2.379     4.6152     4.6044     4.6151    30.4874    30.4006  1024.1501    24.1390    175.414    290.432  320.86385     54.669     0.1673     0.6557     0.5818 3.7654e+01      23556         15  0.000e+00
      2.239   70.97156 -163.56694      2.262     4.6149     4.6046     4.6148    30.4879    30.4001  1024.1500    24.1394    175.610    290.390  320.86517     54.730     0.1685     0.6630     0.5818 3.7654e+01      23557         15  0.000e+00
      2.293   70.97156 -163.56694      2.317     4.6149     4.6045     4.6148    30.4877    30.4006  1024.1501    24.1393    175.428    290.168  320.86559     54.673     0.1673     0.6557     0.5818 3.8189e+01      23558         15  0.000e+00
      2.355   70.97156 -163.56694      2.379     4.6151     4.6048     4.6149    30.4878    30.4002  1024.1505    24.1394    175.427    290.114  320.86407     54.673     0.1685     0.6630     0.5818 3.8514e+01      23559         15  0.000e+00
      2.293   70.97156 -163.56694      2.317     4.6149     4.6046     4.6148    30.4878    30.4001  1024.1501    24.1393    175.431    290.060  320.86550     54.674     0.1673     0.6557     0.5818 3.8514e+01      23560         15  0.000e+00
      2.355   70.97156 -163.56694      2.379     4.6149     4.6046     4.6148    30.4876    30.4005  1024.1503    24.1392    175.442    290.010  320.86585     54.678     0.1685     0.6630     0.5818 3.8950e+01      23561         15  0.000e+00
      2.293   70.97156 -163.56694      2.317     4.6149     4.6047     4.6148    30.4878    30.4006  1024.1502    24.1394    175.454    289.957  320.86532     54.682     0.1673     0.6557     0.5818 3.9281e+01      23562         15  0.000e+00
      2.355   70.97156 -163.56694      2.379     4.6149     4.6043     4.6148    30.4879    30.4004  1024.1505    24.1394    175.475    289.915  320.86521     54.688     0.1685     0.6630     0.5818 3.9281e+01      23563         15  0.000e+00
      2.355   70.97156 -163.56694      2.379     4.6149     4.6046     4.6148    30.4879    30.4004  1024.1505    24.1394    175.500    289.866  320.86521     54.696     0.1673     0.6557     0.5915 3.9504e+01      23564         15  0.000e+00
      2.293   70.97156 -163.56694      2.317     4.6151     4.6047     4.6149    30.4875    30.4006  1024.1499    24.1391    175.495    289.839  320.86482     54.695     0.1685     0.6630     0.6252 3.9727e+01      23565         15  0.000e+00
      2.409   70.97156 -163.56694      2.434     4.6148     4.6043     4.6146    30.4875    30.4006  1024.1505    24.1391    175.293    289.825  320.86732     54.631     0.1673     0.6557     0.6386 3.9839e+01      23566         15  0.000e+00
      2.355   70.97156 -163.56694      2.379     4.6149     4.6046     4.6148    30.4879    30.4003  1024.1506    24.1394    175.474    289.803  320.86512     54.688     0.1685     0.6630     0.6386 3.9281e+01      23567         15  0.000e+00
      2.355   70.97156 -163.56694      2.379     4.6148     4.6047     4.6146    30.4879    30.4005  1024.1505    24.1394    175.277    289.786  320.86644     54.626     0.1673     0.6557     0.6374 3.8731e+01      23568         15  0.000e+00
      2.355   70.97156 -163.56694      2.379     4.6148     4.6046     4.6146    30.4876    30.4004  1024.1503    24.1392    175.262    289.773  320.86717     54.621     0.1685     0.6630     0.6362 3.8514e+01      23569         15  0.000e+00
      2.409   70.97156 -163.56694      2.434     4.6149     4.6048     4.6148    30.4875    30.4001  1024.1505    24.1391    175.252    289.742  320.86609     54.618     0.1661     0.6483     0.6362 3.8082e+01      23570         15  0.000e+00
      2.355   70.97156 -163.56694      2.379     4.6148     4.6045     4.6146    30.4878    30.4006  1024.1504    24.1393    175.246    289.711  320.86671     54.616     0.1661     0.6483     0.6362 3.7443e+01      23571         15  0.000e+00
      2.409   70.97156 -163.56694      2.434     4.6148     4.6046     4.6146    30.4877    30.4008  1024.1507    24.1393    175.247    289.704  320.86677     54.617     0.1661     0.6483     0.6362 3.7127e+01      23572         15  0.000e+00
      2.355   70.97156 -163.56694      2.379     4.6148     4.6048     4.6146    30.4879    30.4008  1024.1506    24.1395    175.251    289.696  320.86626     54.618     0.1661     0.6483     0.6362 3.7023e+01      23573         15  0.000e+00
      2.432   70.97156 -163.56694      2.457     4.6148     4.6045     4.6146    30.4878    30.4005  1024.1508    24.1393    175.263    289.699  320.86671     54.622     0.1673     0.6557     0.6362 3.6607e+01      23574         15  0.000e+00
      2.409   70.97156 -163.56694      2.434     4.6148     4.6048     4.6146    30.4875    30.4004  1024.1505    24.1392    175.279    289.675  320.86723     54.627     0.1661     0.6483     0.6362 3.6401e+01      23575         15  0.000e+00
      2.409   70.97156 -163.56694      2.434     4.6148     4.6048     4.6146    30.4878    30.4004  1024.1508    24.1394    175.266    289.676  320.86650     54.623     0.1673     0.6557     0.6362 3.6197e+01      23576         15  0.000e+00
      2.409   70.97156 -163.56694      2.434     4.6148     4.6047     4.6146    30.4878    30.4008  1024.1507    24.1393    175.259    289.681  320.86668     54.620     0.1661     0.6483     0.6362 3.4992e+01      23577         15  0.000e+00
