EcoFOCI/data/1_SampleCollection/2023_SikuliaqDBO_CruiseData/CTD_raw_BottleFile_SKQ23-12S/proc/skq202312s_057.cnv
* Sea-Bird SBE 9 Data File:
* FileName = D:\CTD\SKQ202312S\SKQ202312S_057.hex
* Software Version Seasave V 7.26.7.121
* Temperature SN = 6177
* Conductivity SN = 0369
* Number of Bytes Per Scan = 41
* Number of Voltage Words = 4
* Number of Scans Averaged by the Deck Unit = 1
* NMEA Latitude = 71 20.18 N
* NMEA Longitude = 164 36.58 W
* NMEA UTC (Time) = Sep 27 2023  08:27:58
* NMEA baud rate = 4800
** Ship: R/V Sikuliaq
** Station Number: 057
** Station Name: IC5
** Bottom Depth: 44
** Operator: SS
# nquan = 24
# nvalues = 5121                                  
# units = specified
# name 0 = depSM: Depth [salt water, m]
# name 1 = latitude: Latitude [deg]
# name 2 = longitude: Longitude [deg]
# name 3 = prDM: Pressure, Digiquartz [db]
# name 4 = t090C: Temperature [ITS-90, deg C]
# name 5 = t190C: Temperature, 2 [ITS-90, deg C]
# name 6 = potemp090C: Potential Temperature [ITS-90, deg C]
# name 7 = sal00: Salinity, Practical [PSU]
# name 8 = sal11: Salinity, Practical, 2 [PSU]
# name 9 = density00: Density [density, kg/m^3]
# name 10 = sigma-é00: Density [sigma-theta, kg/m^3]
# name 11 = sbox0Mm/Kg: Oxygen, SBE 43 [umol/kg]
# name 12 = sbox1Mm/Kg: Oxygen, SBE 43, 2 [umol/kg]
# name 13 = oxsolMm/Kg: Oxygen Saturation, Garcia & Gordon [umol/kg]
# name 14 = sbeox0PS: Oxygen, SBE 43 [% saturation]
# name 15 = sbeox1PS: Oxygen, SBE 43, 2 [% saturation]
# name 16 = v0: Voltage 0
# name 17 = flECO-AFL: Fluorescence, WET Labs ECO-AFL/FL [mg/m^3]
# name 18 = v1: Voltage 1
# name 19 = CStarAt0: Beam Attenuation, WET Labs C-Star [1/m]
# name 20 = par: PAR/Irradiance, Biospherical/Licor
# name 21 = scan: Scan Count
# name 22 = timeM: Time, Elapsed [minutes]
# name 23 = flag:  0.000e+00
# span 0 =      2.121,     38.841                 
# span 1 =   71.33624,   71.33640                 
# span 2 = -164.61044, -164.61020                 
# span 3 =      2.143,     39.245                 
# span 4 =    -1.2715,     3.4471                 
# span 5 =    -1.2704,     3.4486                 
# span 6 =    -1.2723,     3.4459                 
# span 7 =    30.6016,    32.4982                 
# span 8 =    30.6134,    32.5263                 
# span 9 =  1024.4011,  1026.2900                 
# span 10 =    24.3907,    26.1332                
# span 11 =    258.029,    379.746                
# span 12 =    245.394,    358.171                
# span 13 =  329.09100,  367.09031                
# span 14 =     70.292,    106.033                
# span 15 =     66.859,     99.274                
# span 16 =     0.0647,     0.1868                
# span 17 =     0.0403,     0.7729                
# span 18 =     2.6874,     4.2943                
# span 19 =     0.3716,     2.2471                
# span 20 = 1.0000e-12, 1.3835e+00                
# span 21 =          1,       5121                
# span 22 =     0.0000,     3.5556                
# span 23 = 0.0000e+00, 0.0000e+00                
# interval = seconds: 0.0416667
# start_time = Sep 27 2023 08:31:38 [NMEA time, first data scan]
# bad_flag = -9.990e-29
*END*
[from data line 1812]
     16.748   71.33628 -164.61034     16.921     3.1701     3.1758     3.1691    30.8050    30.8045  1024.6035    24.5239    323.922    310.216  331.58916     97.688     93.567     0.0806     0.1355     4.2320     0.4301 1.0000e-12       1813     1.2583  0.000e+00
     16.748   71.33628 -164.61034     16.921     3.1730     3.1803     3.1721    30.8078    30.8059  1024.6056    24.5259    323.880    310.153  331.55742     97.684     93.560     0.0806     0.1355     4.2369     0.4255 1.0000e-12       1814     1.2590  0.000e+00
     16.717   71.33628 -164.61034     16.890     3.1763     3.1859     3.1754    30.8115    30.8087  1024.6081    24.5286    323.864    310.074  331.52146     97.690     93.551     0.0806     0.1355     4.2369     0.4255 8.4714e-06       1815     1.2597  0.000e+00
     16.810   71.33628 -164.61036     16.984     3.1801     3.1916     3.1792    30.8137    30.8122  1024.6100    24.5301    323.850    309.993  331.48482     97.697     93.542     0.0781     0.1209     4.2369     0.4255 8.4714e-06       1816     1.2604  0.000e+00
     16.748   71.33628 -164.61036     16.921     3.1840     3.1973     3.1831    30.8163    30.8144  1024.6114    24.5318    323.824    309.709  331.44640     97.700     93.471     0.0757     0.1062     4.2369     0.4255 8.4714e-06       1817     1.2611  0.000e+00
     16.864   71.33628 -164.61036     17.038     3.1878     3.2034     3.1869    30.8185    30.8156  1024.6133    24.5332    323.805    309.798  331.40949     97.705     93.513     0.0745     0.0989     4.2369     0.4255 1.0000e-12       1818     1.2618  0.000e+00
     16.833   71.33628 -164.61036     17.007     3.1916     3.2076     3.1906    30.8198    30.8176  1024.6140    24.5340    323.997    309.741  331.37548     97.774     93.507     0.0757     0.1062     4.2369     0.4255 1.0000e-12       1819     1.2625  0.000e+00
     16.864   71.33628 -164.61036     17.038     3.1954     3.2109     3.1944    30.8216    30.8188  1024.6152    24.5351    324.003    309.499  331.33987     97.786     93.442     0.0757     0.1062     4.2369     0.4255 8.4714e-06       1820     1.2632  0.000e+00
     16.864   71.33628 -164.61036     17.038     3.1996     3.2132     3.1987    30.8222    30.8199  1024.6154    24.5352    324.002    309.436  331.30340     97.796     93.429     0.0757     0.1062     4.2369     0.4255 8.4714e-06       1821     1.2639  0.000e+00
     16.925   71.33628 -164.61036     17.100     3.2039     3.2158     3.2029    30.8214    30.8206  1024.6147    24.5342    323.784    309.566  331.27043     97.740     93.475     0.0757     0.1062     4.2369     0.4255 1.0000e-12       1822     1.2646  0.000e+00
     16.887   71.33628 -164.61036     17.061     3.2073     3.2180     3.2064    30.8212    30.8215  1024.6140    24.5337    323.967    309.325  331.24308     97.803     93.408     0.0757     0.1062     4.2369     0.4255 1.0000e-12       1823     1.2653  0.000e+00
     16.979   71.33628 -164.61036     17.155     3.2108     3.2196     3.2099    30.8202    30.8220  1024.6133    24.5327    323.968    309.266  331.21674     97.812     93.394     0.0757     0.1062     4.2369     0.4255 8.4714e-06       1824     1.2660  0.000e+00
     16.925   71.33628 -164.61036     17.100     3.2135     3.2211     3.2126    30.8192    30.8223  1024.6121    24.5317    323.931    309.396  331.19732     97.806     93.437     0.0745     0.0989     4.2369     0.4255 8.4714e-06       1825     1.2667  0.000e+00
     16.979   71.33628 -164.61036     17.155     3.2155     3.2224     3.2146    30.8182    30.8228  1024.6114    24.5307    323.935    309.160  331.18330     97.811     93.369     0.0757     0.1062     4.2369     0.4255 8.4714e-06       1826     1.2674  0.000e+00
     17.002   71.33628 -164.61036     17.178     3.2177     3.2238     3.2168    30.8174    30.8230  1024.6106    24.5298    323.931    309.118  331.16744     97.815     93.360     0.0745     0.0989     4.2369     0.4255 8.4714e-06       1827     1.2681  0.000e+00
     17.033   71.33628 -164.61036     17.209     3.2193     3.2250     3.2184    30.8168    30.8234  1024.6102    24.5292    323.709    309.248  331.15587     97.751     93.402     0.0757     0.1062     4.2369     0.4255 1.0000e-12       1828     1.2688  0.000e+00
     17.033   71.33628 -164.61036     17.209     3.2201     3.2260     3.2191    30.8165    30.8237  1024.6099    24.5289    323.893    309.008  331.15057     97.808     93.332     0.0757     0.1062     4.2369     0.4255 8.4714e-06       1829     1.2694  0.000e+00
     17.033   71.33628 -164.61036     17.209     3.2210     3.2271     3.2201    30.8163    30.8232  1024.6096    24.5287    323.886    309.158  331.14325     97.808     93.380     0.0757     0.1062     4.2369     0.4255 1.0000e-12       1830     1.2701  0.000e+00
     17.118   71.33628 -164.61036     17.295     3.2218     3.2272     3.2209    30.8158    30.8241  1024.6096    24.5283    323.880    309.143  331.13775     97.808     93.376     0.0757     0.1062     4.2369     0.4255 8.4714e-06       1831     1.2708  0.000e+00
     17.033   71.33628 -164.61036     17.209     3.2225     3.2275     3.2215    30.8153    30.8237  1024.6088    24.5278    323.901    309.120  331.13374     97.816     93.370     0.0745     0.0989     4.2369     0.4255 1.0000e-12       1832     1.2715  0.000e+00
     17.149   71.33628 -164.61036     17.326     3.2228     3.2277     3.2218    30.8158    30.8234  1024.6096    24.5281    323.856    309.104  331.12998     97.803     93.365     0.0757     0.1062     4.2357     0.4266 4.4238e-03       1833     1.2722  0.000e+00
     17.149   71.33628 -164.61036     17.326     3.2235     3.2276     3.2226    30.8176    30.8243  1024.6110    24.5295    323.610    309.104  331.11932     97.732     93.366     0.0745     0.0989     4.2332     0.4289 1.4875e-02       1834     1.2729  0.000e+00
     17.118   71.33628 -164.61036     17.295     3.2245     3.2302     3.2235    30.8226    30.8239  1024.6147    24.5334    323.753    309.059  331.09907     97.781     93.358     0.0757     0.1062     4.2320     0.4301 1.7911e-02       1835     1.2736  0.000e+00
     17.210   71.33628 -164.61036     17.388     3.2273     3.2333     3.2263    30.8254    30.8247  1024.6172    24.5354    323.919    309.010  331.06887     97.840     93.351     0.0757     0.1062     4.2320     0.4301 1.6384e-02       1836     1.2743  0.000e+00
     17.210   71.33628 -164.61036     17.388     3.2304     3.2373     3.2294    30.8278    30.8264  1024.6189    24.5371    323.891    308.946  331.03781     97.841     93.341     0.0757     0.1062     4.2320     0.4301 1.1174e-02       1837     1.2750  0.000e+00
     17.210   71.33628 -164.61036     17.388     3.2341     3.2400     3.2332    30.8298    30.8270  1024.6202    24.5384    323.851    308.893  331.00184     97.840     93.332     0.0757     0.1062     4.2332     0.4289 9.0035e-03       1838     1.2757  0.000e+00
     17.233   71.33628 -164.61036     17.412     3.2382     3.2414     3.2372    30.8314    30.8273  1024.6212    24.5393    323.842    308.851  330.96476     97.848     93.323     0.0757     0.1062     4.2320     0.4301 9.0035e-03       1839     1.2764  0.000e+00
     17.210   71.33628 -164.61036     17.388     3.2423     3.2455     3.2413    30.8326    30.8268  1024.6217    24.5399    323.826    308.808  330.92821     97.854     93.319     0.0757     0.1062     4.2320     0.4301 8.2880e-03       1840     1.2771  0.000e+00
     17.264   71.33628 -164.61036     17.443     3.2469     3.2530     3.2459    30.8331    30.8263  1024.6219    24.5399    323.771    308.738  330.88947     97.849     93.315     0.0745     0.0989     4.2320     0.4301 7.5765e-03       1841     1.2778  0.000e+00
     17.326   71.33628 -164.61036     17.505     3.2510     3.2601     3.2501    30.8338    30.8281  1024.6224    24.5401    323.714    308.665  330.85370     97.842     93.310     0.0781     0.1209     4.2332     0.4289 4.0784e-03       1842     1.2785  0.000e+00
     17.287   71.33628 -164.61036     17.466     3.2549     3.2659     3.2540    30.8347    30.8300  1024.6227    24.5405    323.684    308.598  330.81956     97.843     93.305     0.0781     0.1209     4.2320     0.4301 3.4241e-04       1843     1.2792  0.000e+00
     17.326   71.33628 -164.61036     17.505     3.2584     3.2709     3.2574    30.8369    30.8313  1024.6243    24.5419    323.619    308.542  330.78593     97.833     93.300     0.0794     0.1282     4.2320     0.4301 1.0000e-12       1844     1.2799  0.000e+00
     17.380   71.33628 -164.61036     17.560     3.2625     3.2767     3.2615    30.8405    30.8319  1024.6271    24.5445    323.575    308.503  330.74368     97.833     93.302     0.0806     0.1355     4.2320     0.4301 1.0000e-12       1845     1.2806  0.000e+00
     17.380   71.33628 -164.61036     17.560     3.2674     3.2819     3.2664    30.8422    30.8331  1024.6280    24.5454    323.522    308.443  330.69947     97.830     93.297     0.0794     0.1282     4.2320     0.4301 1.0000e-12       1846     1.2813  0.000e+00
     17.349   71.33628 -164.61036     17.528     3.2724     3.2877     3.2714    30.8415    30.8345  1024.6268    24.5444    323.432    308.376  330.65996     97.814     93.291     0.0794     0.1282     4.2320     0.4301 8.4714e-06       1847     1.2819  0.000e+00
     17.434   71.33628 -164.61036     17.614     3.2771     3.2920     3.2761    30.8403    30.8355  1024.6259    24.5431    323.454    308.348  330.62501     97.831     93.293     0.0794     0.1282     4.2320     0.4301 8.4714e-06       1848     1.2826  0.000e+00
     17.434   71.33628 -164.61036     17.614     3.2816     3.2947     3.2806    30.8405    30.8362  1024.6257    24.5428    323.396    308.527  330.58766     97.825     93.354     0.0794     0.1282     4.2320     0.4301 1.0000e-12       1849     1.2833  0.000e+00
     17.434   71.33628 -164.61036     17.614     3.2866     3.2968     3.2856    30.8412    30.8371  1024.6259    24.5430    323.328    308.536  330.54483     97.817     93.362     0.0781     0.1209     4.2332     0.4289 1.0000e-12       1850     1.2840  0.000e+00
     17.464   71.33628 -164.61036     17.645     3.2907     3.2991     3.2897    30.8401    30.8374  1024.6248    24.5418    323.271    308.546  330.51408     97.808     93.371     0.0794     0.1282     4.2320     0.4301 8.4714e-06       1851     1.2847  0.000e+00
     17.495   71.33628 -164.61036     17.676     3.2946     3.3019     3.2937    30.8389    30.8382  1024.6236    24.5405    323.210    308.550  330.48514     97.799     93.379     0.0781     0.1209     4.2320     0.4301 8.4714e-06       1852     1.2854  0.000e+00
     17.495   71.33628 -164.61036     17.676     3.2979     3.3047     3.2969    30.8377    30.8386  1024.6224    24.5393    323.186    308.528  330.46153     97.799     93.379     0.0794     0.1282     4.2320     0.4301 8.4714e-06       1853     1.2861  0.000e+00
     17.549   71.33628 -164.61036     17.731     3.3005     3.3074     3.2995    30.8368    30.8389  1024.6217    24.5384    323.167    308.532  330.44245     97.798     93.387     0.0794     0.1282     4.2357     0.4266 8.4714e-06       1854     1.2868  0.000e+00
     17.518   71.33628 -164.61036     17.700     3.3032     3.3096     3.3022    30.8369    30.8390  1024.6214    24.5382    323.138    308.536  330.42013     97.796     93.393     0.0794     0.1282     4.2381     0.4243 1.0000e-12       1855     1.2875  0.000e+00
     17.549   71.33628 -164.61036     17.731     3.3054     3.3118     3.3044    30.8374    30.8395  1024.6218    24.5384    323.113    308.541  330.40105     97.794     93.400     0.0794     0.1282     4.2381     0.4243 8.4714e-06       1856     1.2882  0.000e+00
     17.549   71.33628 -164.61036     17.731     3.3079     3.3144     3.3069    30.8368    30.8399  1024.6211    24.5377    323.264    308.540  330.38204     97.846     93.406     0.0781     0.1209     4.2381     0.4243 8.4714e-06       1857     1.2889  0.000e+00
     17.634   71.33628 -164.61036     17.817     3.3100     3.3163     3.3090    30.8369    30.8409  1024.6214    24.5376    323.015    308.546  330.36502     97.775     93.413     0.0794     0.1282     4.2381     0.4243 1.0000e-12       1858     1.2896  0.000e+00
     17.611   71.33628 -164.61036     17.793     3.3118     3.3181     3.3108    30.8362    30.8409  1024.6206    24.5369    322.981    308.551  330.35192     97.769     93.418     0.0794     0.1282     4.2369     0.4255 8.4714e-06       1859     1.2903  0.000e+00
     17.665   71.33628 -164.61036     17.848     3.3133     3.3203     3.3123    30.8357    30.8419  1024.6202    24.5363    323.167    308.551  330.34115     97.828     93.424     0.0794     0.1282     4.2369     0.4255 8.4714e-06       1860     1.2910  0.000e+00
     17.611   71.33628 -164.61036     17.793     3.3145     3.3231     3.3135    30.8356    30.8426  1024.6198    24.5362    322.945    308.541  330.33140     97.764     93.428     0.0781     0.1209     4.2381     0.4243 1.0000e-12       1861     1.2917  0.000e+00
     17.688   71.33628 -164.61036     17.871     3.3158     3.3259     3.3148    30.8362    30.8428  1024.6205    24.5365    322.906    308.538  330.31905     97.756     93.434     0.0794     0.1282     4.2381     0.4243 8.4714e-06       1862     1.2924  0.000e+00
     17.726   71.33628 -164.61036     17.910     3.3169     3.3278     3.3159    30.8363    30.8426  1024.6208    24.5366    322.866    308.540  330.31045     97.746     93.439     0.0794     0.1282     4.2381     0.4243 1.0000e-12       1863     1.2931  0.000e+00
     17.665   71.33628 -164.61036     17.848     3.3180     3.3291     3.3170    30.8369    30.8428  1024.6208    24.5369    323.035    308.542  330.29953     97.801     93.443     0.0781     0.1209     4.2381     0.4243 1.0000e-12       1864     1.2938  0.000e+00
     17.780   71.33628 -164.61036     17.964     3.3194     3.3296     3.3184    30.8371    30.8432  1024.6214    24.5370    323.023    308.556  330.28802     97.800     93.448     0.0794     0.1282     4.2369     0.4255 8.4714e-06       1865     1.2944  0.000e+00
     17.749   71.33628 -164.61036     17.933     3.3206     3.3303     3.3196    30.8375    30.8435  1024.6215    24.5372    323.001    308.539  330.27713     97.797     93.445     0.0781     0.1209     4.2369     0.4255 1.0000e-12       1866     1.2951  0.000e+00
     17.780   71.33628 -164.61036     17.964     3.3215     3.3307     3.3205    30.8380    30.8436  1024.6219    24.5375    322.762    308.744  330.26815     97.727     93.508     0.0806     0.1355     4.2381     0.4243 1.0000e-12       1867     1.2958  0.000e+00
     17.780   71.33628 -164.61036     17.964     3.3229     3.3314     3.3219    30.8390    30.8438  1024.6226    24.5382    322.950    308.770  330.25424     97.788     93.518     0.0830     0.1502     4.2369     0.4255 8.4714e-06       1868     1.2965  0.000e+00
     17.780   71.33628 -164.61036     17.964     3.3244     3.3325     3.3234    30.8411    30.8439  1024.6242    24.5397    322.949    308.573  330.23740     97.793     93.460     0.0842     0.1575     4.2381     0.4243 8.4714e-06       1869     1.2972  0.000e+00
     17.865   71.33628 -164.61036     18.050     3.3261     3.3340     3.3251    30.8421    30.8446  1024.6252    24.5404    322.949    308.740  330.22098     97.798     93.515     0.0855     0.1648     4.2369     0.4255 8.4714e-06       1870     1.2979  0.000e+00
     17.834   71.33628 -164.61036     18.019     3.3278     3.3353     3.3268    30.8426    30.8455  1024.6254    24.5407    322.906    308.557  330.20528     97.789     93.463     0.0842     0.1575     4.2369     0.4255 8.4714e-06       1871     1.2986  0.000e+00
