EcoFOCI/data/1_SampleCollection/2023_SikuliaqDBO_CruiseData/CTD_raw_BottleFile_SKQ23-12S/proc/skq202312s_007.ros
* Sea-Bird SBE 9 Data File:
* FileName = D:\CTD\SKQ202312S\SKQ202312S_007.hex
* Software Version Seasave V 7.26.7.121
* Temperature SN = 6177
* Conductivity SN = 0369
* Number of Bytes Per Scan = 41
* Number of Voltage Words = 4
* Number of Scans Averaged by the Deck Unit = 1
* NMEA Latitude = 62 33.56 N
* NMEA Longitude = 173 33.01 W
* NMEA UTC (Time) = Sep 16 2023  04:45:18
* NMEA baud rate = 4800
** Ship: R/V Sikuliaq
** Station Number: 007
** Station Name: DBO1.6
** Bottom Depth: 65
** Operator: SD
# nquan = 22
# nvalues = 1078                                  
# units = specified
# name 0 = depSM: Depth [salt water, m]
# name 1 = latitude: Latitude [deg]
# name 2 = longitude: Longitude [deg]
# name 3 = prDM: Pressure, Digiquartz [db]
# name 4 = t090C: Temperature [ITS-90, deg C]
# name 5 = t190C: Temperature, 2 [ITS-90, deg C]
# name 6 = potemp090C: Potential Temperature [ITS-90, deg C]
# name 7 = sal00: Salinity, Practical [PSU]
# name 8 = sal11: Salinity, Practical, 2 [PSU]
# name 9 = density00: Density [density, kg/m^3]
# name 10 = sigma-é00: Density [sigma-theta, kg/m^3]
# name 11 = sbox0Mm/Kg: Oxygen, SBE 43 [umol/kg]
# name 12 = sbox1Mm/Kg: Oxygen, SBE 43, 2 [umol/kg]
# name 13 = oxsolMm/Kg: Oxygen Saturation, Garcia & Gordon [umol/kg]
# name 14 = sbeox0PS: Oxygen, SBE 43 [% saturation]
# name 15 = v0: Voltage 0
# name 16 = flECO-AFL: Fluorescence, WET Labs ECO-AFL/FL [mg/m^3]
# name 17 = CStarAt0: Beam Attenuation, WET Labs C-Star [1/m]
# name 18 = par: PAR/Irradiance, Biospherical/Licor
# name 19 = scan: Scan Count
# name 20 = nbf: Bottles Fired
# name 21 = flag:  0.000e+00
# interval = seconds: 0.0416667
# start_time = Sep 16 2023 04:49:28 [NMEA time, first data scan]
# bad_flag = -9.990e-29
*END*
[from data line 791]
     10.664   62.55946 -173.55008     10.768     7.4584     7.4635     7.4574    31.1566    31.1641  1024.3813    24.3319    293.079    277.927  298.70978     98.115     0.2320     1.0439     0.6826 7.6178e+00      27207         17  0.000e+00
     10.664   62.55946 -173.55008     10.768     7.4582     7.4635     7.4573    31.1572    31.1643  1024.3818    24.3324    292.939    277.966  298.70946     98.068     0.2308     1.0366     0.6826 7.6178e+00      27208         17  0.000e+00
     10.664   62.55946 -173.55008     10.768     7.4582     7.4634     7.4573    31.1569    31.1645  1024.3816    24.3322    293.100    278.006  298.71011     98.122     0.2320     1.0439     0.6826 7.6178e+00      27209         17  0.000e+00
     10.664   62.55946 -173.55008     10.768     7.4582     7.4634     7.4573    31.1570    31.1642  1024.3817    24.3323    293.121    278.045  298.70986     98.129     0.2308     1.0366     0.6826 7.6178e+00      27210         17  0.000e+00
     10.726   62.55946 -173.55008     10.830     7.4581     7.4632     7.4571    31.1572    31.1645  1024.3821    24.3324    293.144    278.087  298.71049     98.136     0.2320     1.0439     0.6826 7.5960e+00      27211         17  0.000e+00
     10.633   62.55946 -173.55008     10.737     7.4584     7.4634     7.4574    31.1568    31.1642  1024.3813    24.3320    292.969    278.122  298.70943     98.078     0.2308     1.0366     0.6826 7.5960e+00      27212         17  0.000e+00
     10.664   62.55946 -173.55008     10.768     7.4582     7.4630     7.4573    31.1562    31.1649  1024.3810    24.3316    292.966    278.163  298.71172     98.077     0.2320     1.0439     0.6826 7.5960e+00      27213         17  0.000e+00
     10.726   62.55946 -173.55008     10.830     7.4577     7.4630     7.4568    31.1564    31.1648  1024.3816    24.3318    293.154    278.188  298.71460     98.139     0.2308     1.0366     0.6851 7.5744e+00      27214         17  0.000e+00
     10.664   62.55946 -173.55008     10.768     7.4579     7.4632     7.4569    31.1563    31.1647  1024.3812    24.3317    292.980    278.206  298.71381     98.081     0.2320     1.0439     0.6875 7.5744e+00      27215         17  0.000e+00
     10.726   62.55946 -173.55008     10.831     7.4577     7.4632     7.4568    31.1564    31.1644  1024.3816    24.3318    292.976    278.417  298.71460     98.079     0.2295     1.0293     0.6875 7.5744e+00      27216         17  0.000e+00
     10.664   62.55946 -173.55008     10.768     7.4576     7.4632     7.4566    31.1566    31.1643  1024.3814    24.3320    292.967    278.452  298.71526     98.076     0.2308     1.0366     0.6875 7.5744e+00      27217         17  0.000e+00
     10.726   62.55946 -173.55008     10.831     7.4577     7.4632     7.4568    31.1564    31.1643  1024.3816    24.3318    292.961    278.489  298.71460     98.074     0.2308     1.0366     0.6875 7.5960e+00      27218         17  0.000e+00
     10.695   62.55946 -173.55008     10.799     7.4576     7.4629     7.4566    31.1566    31.1646  1024.3816    24.3320    292.954    278.352  298.71529     98.071     0.2308     1.0366     0.6875 7.5960e+00      27219         17  0.000e+00
     10.664   62.55946 -173.55008     10.768     7.4576     7.4632     7.4566    31.1563    31.1641  1024.3813    24.3318    292.568    278.349  298.71575     97.942     0.2308     1.0366     0.6875 7.5960e+00      27220         17  0.000e+00
     10.726   62.55946 -173.55008     10.831     7.4574     7.4629     7.4565    31.1568    31.1640  1024.3819    24.3322    292.892    278.351  298.71581     98.050     0.2295     1.0293     0.6863 7.5960e+00      27221         17  0.000e+00
     10.664   62.55946 -173.55008     10.768     7.4576     7.4629     7.4566    31.1566    31.1644  1024.3815    24.3320    292.884    278.345  298.71518     98.048     0.2308     1.0366     0.6863 7.5960e+00      27222         17  0.000e+00
     10.726   62.55946 -173.55008     10.831     7.4576     7.4627     7.4566    31.1565    31.1642  1024.3817    24.3320    292.881    278.344  298.71532     98.047     0.2295     1.0293     0.6875 7.5960e+00      27223         17  0.000e+00
     10.664   62.55946 -173.55008     10.768     7.4577     7.4629     7.4568    31.1568    31.1642  1024.3816    24.3322    292.871    278.506  298.71365     98.044     0.2308     1.0366     0.6863 7.5960e+00      27224         17  0.000e+00
     10.695   62.55946 -173.55008     10.800     7.4577     7.4627     7.4568    31.1565    31.1645  1024.3815    24.3319    292.842    278.515  298.71433     98.034     0.2295     1.0293     0.6875 7.5960e+00      27225         17  0.000e+00
     10.726   62.55946 -173.55008     10.831     7.4572     7.4626     7.4563    31.1562    31.1643  1024.3815    24.3318    292.841    278.353  298.71838     98.032     0.2308     1.0366     0.6875 7.5960e+00      27226         17  0.000e+00
     10.726   62.55946 -173.55008     10.831     7.4569     7.4626     7.4560    31.1559    31.1644  1024.3813    24.3315    292.811    278.341  298.72121     98.022     0.2295     1.0293     0.6863 7.5744e+00      27227         17  0.000e+00
     10.665   62.55946 -173.55008     10.769     7.4564     7.4627     7.4555    31.1560    31.1642  1024.3812    24.3317    292.616    278.325  298.72429     97.955     0.2308     1.0366     0.6863 7.5744e+00      27228         17  0.000e+00
     10.726   62.55946 -173.55008     10.831     7.4563     7.4629     7.4553    31.1552    31.1635  1024.3808    24.3311    292.589    278.313  298.72701     97.945     0.2295     1.0293     0.6863 7.5744e+00      27229         17  0.000e+00
     10.726   62.55946 -173.55008     10.831     7.4563     7.4626     7.4553    31.1548    31.1639  1024.3805    24.3307    292.748    278.299  298.72805     97.998     0.2308     1.0366     0.6875 7.5744e+00      27230         17  0.000e+00
     10.695   62.55946 -173.55008     10.800     7.4560     7.4626     7.4550    31.1550    31.1640  1024.3806    24.3310    292.555    278.281  298.72955     97.933     0.2295     1.0293     0.6875 7.5744e+00      27231         17  0.000e+00
     10.726   62.55946 -173.55008     10.831     7.4558     7.4626     7.4549    31.1555    31.1639  1024.3811    24.3314    292.500    278.434  298.72942     97.915     0.2308     1.0366     0.6875 7.5744e+00      27232         17  0.000e+00
     10.726   62.55946 -173.55008     10.831     7.4559     7.4627     7.4550    31.1560    31.1638  1024.3815    24.3317    292.469    278.429  298.72781     97.905     0.2295     1.0293     0.6875 7.5528e+00      27233         17  0.000e+00
     10.665   62.55946 -173.55008     10.769     7.4561     7.4623     7.4552    31.1564    31.1643  1024.3815    24.3320    292.436    278.423  298.72557     97.894     0.2295     1.0293     0.6875 7.5744e+00      27234         17  0.000e+00
     10.726   62.55946 -173.55008     10.831     7.4566     7.4624     7.4556    31.1569    31.1639  1024.3821    24.3324    292.406    278.417  298.72137     97.886     0.2308     1.0366     0.6888 7.5744e+00      27235         17  0.000e+00
     10.726   62.55946 -173.55008     10.831     7.4569     7.4623     7.4560    31.1569    31.1641  1024.3820    24.3323    292.377    278.407  298.71903     97.877     0.2295     1.0293     0.6888 7.5744e+00      27236         17  0.000e+00
     10.726   62.55946 -173.55008     10.831     7.4569     7.4623     7.4560    31.1572    31.1640  1024.3823    24.3326    292.540    278.395  298.71822     97.932     0.2308     1.0366     0.6888 7.5744e+00      27237         17  0.000e+00
     10.696   62.55946 -173.55008     10.800     7.4573     7.4621     7.4563    31.1573    31.1641  1024.3822    24.3326    292.347    278.381  298.71570     97.868     0.2308     1.0366     0.6888 7.5744e+00      27238         17  0.000e+00
     10.727   62.55946 -173.55008     10.831     7.4576     7.4622     7.4566    31.1577    31.1637  1024.3826    24.3329    292.321    278.365  298.71282     97.860     0.2308     1.0366     0.6888 7.5528e+00      27239         17  0.000e+00
     10.727   62.55946 -173.55008     10.831     7.4576     7.4618     7.4566    31.1581    31.1641  1024.3829    24.3332    292.297    278.349  298.71194     97.852     0.2295     1.0293     0.6888 7.5528e+00      27240         17  0.000e+00
     10.727   62.55946 -173.55008     10.831     7.4577     7.4614     7.4568    31.1582    31.1641  1024.3830    24.3333    292.273    278.502  298.71057     97.845     0.2320     1.0439     0.6888 7.5528e+00      27241         17  0.000e+00
     10.727   62.55946 -173.55008     10.831     7.4581     7.4610     7.4571    31.1576    31.1639  1024.3824    24.3327    292.251    278.515  298.70968     97.838     0.2332     1.0513     0.6888 7.5312e+00      27242         17  0.000e+00
     10.727   62.55946 -173.55008     10.831     7.4582     7.4600     7.4573    31.1581    31.1649  1024.3829    24.3331    292.633    278.528  298.70743     97.966     0.2344     1.0586     0.6888 7.5098e+00      27243         17  0.000e+00
     10.750   62.55946 -173.55008     10.855     7.4585     7.4597     7.4576    31.1579    31.1653  1024.3828    24.3329    292.285    278.537  298.70584     97.850     0.2344     1.0586     0.6888 7.4883e+00      27244         17  0.000e+00
     10.727   62.55946 -173.55008     10.831     7.4590     7.4597     7.4581    31.1576    31.1650  1024.3824    24.3326    292.262    278.540  298.70308     97.844     0.2344     1.0586     0.6888 7.4883e+00      27245         17  0.000e+00
     10.727   62.55946 -173.55008     10.831     7.4595     7.4594     7.4586    31.1579    31.1654  1024.3825    24.3327    292.240    278.561  298.69921     97.837     0.2332     1.0513     0.6888 7.4670e+00      27246         17  0.000e+00
     10.727   62.55946 -173.55008     10.831     7.4611     7.4595     7.4602    31.1579    31.1654  1024.3823    24.3325    292.211    278.561  298.68834     97.831     0.2344     1.0586     0.6888 7.4670e+00      27247         17  0.000e+00
     10.727   62.55946 -173.55008     10.831     7.4621     7.4600     7.4611    31.1574    31.1647  1024.3818    24.3321    292.189    278.574  298.68278     97.826     0.2332     1.0513     0.6888 7.4670e+00      27248         17  0.000e+00
     10.383   62.55946 -173.55006     10.484     7.4520     7.4530     7.4510    31.1552    31.1631  1024.3798    24.3317    292.774    278.638  298.75656     97.997     0.2271     1.0146     0.6900 8.3460e+00      27393         18  0.000e+00
     10.267   62.55946 -173.55006     10.367     7.4518     7.4531     7.4508    31.1555    31.1632  1024.3795    24.3319    292.751    278.621  298.75741     97.990     0.2283     1.0220     0.6900 8.3223e+00      27394         18  0.000e+00
     10.329   62.55946 -173.55006     10.429     7.4521     7.4534     7.4512    31.1557    31.1634  1024.3799    24.3321    292.920    278.606  298.75449     98.047     0.2295     1.0293     0.6900 8.3223e+00      27395         18  0.000e+00
     10.329   62.55946 -173.55006     10.429     7.4524     7.4534     7.4515    31.1559    31.1633  1024.3800    24.3321    292.734    278.590  298.75216     97.986     0.2320     1.0439     0.6851 8.2986e+00      27396         18  0.000e+00
     10.298   62.55946 -173.55006     10.398     7.4526     7.4536     7.4517    31.1558    31.1631  1024.3798    24.3320    292.712    278.398  298.75100     97.979     0.2320     1.0439     0.6814 8.2749e+00      27397         18  0.000e+00
     10.383   62.55946 -173.55006     10.484     7.4529     7.4536     7.4520    31.1557    31.1635  1024.3801    24.3319    292.693    278.381  298.74915     97.973     0.2320     1.0439     0.6802 8.2749e+00      27398         18  0.000e+00
     10.329   62.55946 -173.55006     10.429     7.4528     7.4539     7.4518    31.1557    31.1634  1024.3798    24.3319    292.672    278.529  298.75014     97.965     0.2308     1.0366     0.6802 8.2749e+00      27399         18  0.000e+00
     10.329   62.55946 -173.55006     10.429     7.4530     7.4538     7.4520    31.1557    31.1636  1024.3798    24.3319    292.677    278.524  298.74885     97.968     0.2320     1.0439     0.6802 8.2514e+00      27400         18  0.000e+00
     10.329   62.55946 -173.55006     10.429     7.4529     7.4539     7.4520    31.1556    31.1632  1024.3797    24.3318    292.685    278.518  298.74942     97.970     0.2308     1.0366     0.6802 8.2514e+00      27401         18  0.000e+00
     10.329   62.55946 -173.55006     10.429     7.4526     7.4539     7.4517    31.1557    31.1629  1024.3799    24.3320    292.669    278.511  298.75103     97.964     0.2308     1.0366     0.6802 8.2279e+00      27402         18  0.000e+00
     10.383   62.55946 -173.55006     10.484     7.4527     7.4539     7.4518    31.1556    31.1630  1024.3800    24.3319    292.679    278.333  298.75060     97.968     0.2320     1.0439     0.6802 8.2045e+00      27403         18  0.000e+00
     10.352   62.55946 -173.55006     10.453     7.4530     7.4541     7.4520    31.1556    31.1627  1024.3799    24.3319    292.685    278.305  298.74888     97.970     0.2320     1.0439     0.6802 8.2045e+00      27404         18  0.000e+00
     10.329   62.55946 -173.55006     10.429     7.4531     7.4540     7.4521    31.1558    31.1629  1024.3799    24.3320    292.694    278.449  298.74780     97.974     0.2320     1.0439     0.6802 8.1811e+00      27405         18  0.000e+00
     10.383   62.55946 -173.55006     10.484     7.4531     7.4541     7.4522    31.1554    31.1631  1024.3798    24.3317    292.682    278.455  298.74842     97.969     0.2308     1.0366     0.6802 8.1578e+00      27406         18  0.000e+00
     10.383   62.55946 -173.55006     10.484     7.4531     7.4541     7.4521    31.1553    31.1632  1024.3798    24.3316    292.667    278.289  298.74891     97.964     0.2320     1.0439     0.6814 8.1345e+00      27407         18  0.000e+00
     10.383   62.55946 -173.55006     10.484     7.4528     7.4543     7.4518    31.1558    31.1629  1024.3802    24.3320    292.869    278.277  298.74987     98.031     0.2308     1.0366     0.6802 8.1345e+00      27408         18  0.000e+00
     10.383   62.55946 -173.55006     10.484     7.4528     7.4541     7.4518    31.1554    31.1632  1024.3799    24.3317    292.691    278.420  298.75068     97.972     0.2320     1.0439     0.6802 8.0652e+00      27409         18  0.000e+00
     10.352   62.55946 -173.55006     10.453     7.4527     7.4544     7.4518    31.1552    31.1630  1024.3795    24.3315    292.676    278.403  298.75162     97.966     0.2308     1.0366     0.6802 8.0652e+00      27410         18  0.000e+00
     10.383   62.55946 -173.55006     10.484     7.4521     7.4543     7.4512    31.1548    31.1633  1024.3795    24.3313    293.072    278.406  298.75648     98.097     0.2320     1.0439     0.6802 8.0423e+00      27411         18  0.000e+00
     10.383   62.55946 -173.55006     10.484     7.4521     7.4543     7.4512    31.1545    31.1632  1024.3793    24.3311    292.756    278.408  298.75705     97.991     0.2308     1.0366     0.6802 7.9737e+00      27412         18  0.000e+00
     10.445   62.55946 -173.55006     10.546     7.4518     7.4544     7.4509    31.1543    31.1634  1024.3794    24.3310    292.773    278.409  298.75952     97.996     0.2320     1.0439     0.6802 7.9510e+00      27413         18  0.000e+00
     10.383   62.55946 -173.55006     10.484     7.4516     7.4546     7.4507    31.1540    31.1639  1024.3789    24.3308    292.759    278.405  298.76156     97.991     0.2308     1.0366     0.6802 7.9510e+00      27414         18  0.000e+00
