EcoFOCI/data/1_SampleCollection/2023_SikuliaqDBO_CruiseData/CTD_raw_BottleFile_SKQ23-12S/proc/skq202312s_006svp.cnv
* Sea-Bird SBE 9 Data File:
* FileName = D:\CTD\SKQ202312S\SKQ202312S_006.hex
* Software Version Seasave V 7.26.7.121
* Temperature SN = 6177
* Conductivity SN = 0369
* Number of Bytes Per Scan = 41
* Number of Voltage Words = 4
* Number of Scans Averaged by the Deck Unit = 1
* NMEA Latitude = 62 28.06 N
* NMEA Longitude = 174 05.08 W
* NMEA UTC (Time) = Sep 16 2023  02:34:40
* NMEA baud rate = 4800
** Ship: R/V Sikuliaq
** Station Number: 006
** Station Name: DBO1.5
** Bottom Depth: 68
** Operator: SD
# nquan = 7
# nvalues = 5525                                  
# units = specified
# name 0 = depSM: Depth [salt water, m]
# name 1 = latitude: Latitude [deg]
# name 2 = longitude: Longitude [deg]
# name 3 = t090C: Temperature [ITS-90, deg C]
# name 4 = sal00: Salinity, Practical [PSU]
# name 5 = svCM: Sound Velocity [Chen-Millero, m/s]
# name 6 = flag:  0.000e+00
# span 0 =      1.209,     62.412                 
# span 1 =   62.46776,   62.46776                 
# span 2 = -174.08478, -174.08474                 
# span 3 =    -1.5161,     7.8093                 
# span 4 =    30.8752,    31.9264                 
# span 5 =    1438.25,    1476.78                 
# span 6 = 0.0000e+00, 0.0000e+00                 
# interval = seconds: 0.0416667
# start_time = Sep 16 2023 02:39:43 [NMEA time, first data scan]
# bad_flag = -9.990e-29
*END*
[from data line 5334]
     61.609   62.46776 -174.08476    -1.5153    31.9206    1438.88  0.000e+00
     61.493   62.46776 -174.08476    -1.5153    31.9205    1438.88  0.000e+00
     61.547   62.46776 -174.08476    -1.5154    31.9208    1438.88  0.000e+00
     61.539   62.46776 -174.08476    -1.5151    31.9206    1438.88  0.000e+00
     61.609   62.46776 -174.08476    -1.5154    31.9206    1438.88  0.000e+00
     61.609   62.46776 -174.08476    -1.5153    31.9204    1438.88  0.000e+00
     61.609   62.46776 -174.08476    -1.5154    31.9212    1438.88  0.000e+00
     61.601   62.46776 -174.08476    -1.5156    31.9216    1438.88  0.000e+00
     61.663   62.46776 -174.08476    -1.5153    31.9216    1438.88  0.000e+00
     61.609   62.46776 -174.08476    -1.5154    31.9218    1438.88  0.000e+00
     61.663   62.46776 -174.08476    -1.5153    31.9221    1438.88  0.000e+00
     61.655   62.46776 -174.08476    -1.5154    31.9223    1438.88  0.000e+00
     61.663   62.46776 -174.08476    -1.5156    31.9223    1438.88  0.000e+00
     61.725   62.46776 -174.08476    -1.5153    31.9222    1438.89  0.000e+00
     61.725   62.46776 -174.08476    -1.5153    31.9223    1438.89  0.000e+00
     61.717   62.46776 -174.08476    -1.5154    31.9225    1438.89  0.000e+00
     61.725   62.46776 -174.08476    -1.5154    31.9225    1438.89  0.000e+00
     61.779   62.46776 -174.08476    -1.5154    31.9226    1438.89  0.000e+00
     61.779   62.46776 -174.08476    -1.5153    31.9225    1438.89  0.000e+00
     61.771   62.46776 -174.08476    -1.5154    31.9225    1438.89  0.000e+00
     61.779   62.46776 -174.08476    -1.5154    31.9229    1438.89  0.000e+00
     61.779   62.46776 -174.08476    -1.5156    31.9236    1438.89  0.000e+00
     61.840   62.46776 -174.08476    -1.5154    31.9229    1438.89  0.000e+00
     61.825   62.46776 -174.08476    -1.5153    31.9227    1438.89  0.000e+00
     61.840   62.46776 -174.08476    -1.5156    31.9229    1438.89  0.000e+00
     61.895   62.46776 -174.08476    -1.5154    31.9227    1438.89  0.000e+00
     61.840   62.46776 -174.08476    -1.5154    31.9229    1438.89  0.000e+00
     61.887   62.46776 -174.08476    -1.5153    31.9228    1438.89  0.000e+00
     61.895   62.46776 -174.08476    -1.5157    31.9237    1438.89  0.000e+00
     61.949   62.46776 -174.08476    -1.5154    31.9228    1438.89  0.000e+00
     61.895   62.46776 -174.08476    -1.5156    31.9235    1438.89  0.000e+00
     61.941   62.46776 -174.08476    -1.5156    31.9235    1438.89  0.000e+00
     62.010   62.46776 -174.08476    -1.5154    31.9236    1438.89  0.000e+00
     61.949   62.46776 -174.08476    -1.5157    31.9245    1438.89  0.000e+00
     62.010   62.46776 -174.08476    -1.5154    31.9245    1438.89  0.000e+00
     62.003   62.46776 -174.08476    -1.5157    31.9253    1438.89  0.000e+00
     62.010   62.46776 -174.08476    -1.5157    31.9252    1438.89  0.000e+00
     62.064   62.46776 -174.08476    -1.5159    31.9257    1438.89  0.000e+00
     62.010   62.46776 -174.08476    -1.5157    31.9255    1438.89  0.000e+00
     62.118   62.46776 -174.08476    -1.5161    31.9260    1438.89  0.000e+00
     62.064   62.46776 -174.08476    -1.5159    31.9259    1438.89  0.000e+00
     62.126   62.46776 -174.08476    -1.5159    31.9263    1438.89  0.000e+00
     62.126   62.46776 -174.08476    -1.5159    31.9262    1438.89  0.000e+00
     62.172   62.46776 -174.08476    -1.5159    31.9263    1438.90  0.000e+00
     62.242   62.46776 -174.08476    -1.5161    31.9263    1438.90  0.000e+00
     62.180   62.46776 -174.08476    -1.5159    31.9259    1438.90  0.000e+00
     62.242   62.46776 -174.08476    -1.5159    31.9264    1438.90  0.000e+00
     62.226   62.46776 -174.08476    -1.5160    31.9264    1438.90  0.000e+00
     62.242   62.46776 -174.08476    -1.5159    31.9261    1438.90  0.000e+00
     62.126   62.46776 -174.08476    -1.5157    31.9255    1438.89  0.000e+00
     62.180   62.46776 -174.08476    -1.5154    31.9246    1438.90  0.000e+00
     62.118   62.46776 -174.08476    -1.5151    31.9242    1438.90  0.000e+00
     62.126   62.46776 -174.08476    -1.5148    31.9232    1438.90  0.000e+00
     62.126   62.46776 -174.08476    -1.5147    31.9233    1438.90  0.000e+00
     62.064   62.46776 -174.08476    -1.5143    31.9227    1438.90  0.000e+00
     62.118   62.46776 -174.08476    -1.5145    31.9227    1438.90  0.000e+00
     62.064   62.46776 -174.08476    -1.5143    31.9221    1438.90  0.000e+00
     62.064   62.46776 -174.08476    -1.5142    31.9220    1438.90  0.000e+00
     62.118   62.46776 -174.08476    -1.5145    31.9222    1438.90  0.000e+00
     62.126   62.46776 -174.08476    -1.5145    31.9223    1438.90  0.000e+00
     62.180   62.46776 -174.08476    -1.5145    31.9224    1438.90  0.000e+00
     62.126   62.46776 -174.08476    -1.5147    31.9228    1438.90  0.000e+00
     62.172   62.46776 -174.08476    -1.5147    31.9230    1438.90  0.000e+00
     62.180   62.46776 -174.08476    -1.5148    31.9232    1438.90  0.000e+00
     62.242   62.46776 -174.08476    -1.5148    31.9230    1438.90  0.000e+00
     62.180   62.46776 -174.08476    -1.5148    31.9227    1438.90  0.000e+00
     62.226   62.46776 -174.08476    -1.5150    31.9235    1438.90  0.000e+00
     62.242   62.46776 -174.08476    -1.5148    31.9235    1438.90  0.000e+00
     62.180   62.46776 -174.08476    -1.5147    31.9232    1438.90  0.000e+00
     62.242   62.46776 -174.08476    -1.5145    31.9224    1438.90  0.000e+00
     62.172   62.46776 -174.08476    -1.5145    31.9224    1438.90  0.000e+00
     62.180   62.46776 -174.08476    -1.5147    31.9230    1438.90  0.000e+00
     62.180   62.46776 -174.08476    -1.5145    31.9221    1438.90  0.000e+00
     62.126   62.46776 -174.08476    -1.5143    31.9219    1438.90  0.000e+00
     62.172   62.46776 -174.08476    -1.5147    31.9223    1438.90  0.000e+00
     62.126   62.46776 -174.08476    -1.5142    31.9216    1438.90  0.000e+00
     62.180   62.46776 -174.08476    -1.5143    31.9214    1438.90  0.000e+00
     62.126   62.46776 -174.08476    -1.5142    31.9210    1438.90  0.000e+00
     62.172   62.46776 -174.08476    -1.5142    31.9207    1438.90  0.000e+00
     62.180   62.46776 -174.08476    -1.5141    31.9207    1438.90  0.000e+00
     62.180   62.46776 -174.08476    -1.5143    31.9212    1438.90  0.000e+00
     62.242   62.46776 -174.08476    -1.5142    31.9212    1438.90  0.000e+00
     62.172   62.46776 -174.08476    -1.5142    31.9208    1438.90  0.000e+00
     62.180   62.46776 -174.08476    -1.5143    31.9209    1438.90  0.000e+00
     62.242   62.46776 -174.08476    -1.5142    31.9204    1438.90  0.000e+00
     62.126   62.46776 -174.08476    -1.5142    31.9202    1438.89  0.000e+00
     62.288   62.46776 -174.08476    -1.5141    31.9200    1438.90  0.000e+00
     62.242   62.46776 -174.08476    -1.5139    31.9195    1438.90  0.000e+00
     62.180   62.46776 -174.08476    -1.5141    31.9193    1438.90  0.000e+00
     62.172   62.46776 -174.08476    -1.5139    31.9191    1438.90  0.000e+00
     62.180   62.46776 -174.08476    -1.5139    31.9191    1438.90  0.000e+00
     62.180   62.46776 -174.08476    -1.5139    31.9193    1438.90  0.000e+00
     62.180   62.46776 -174.08476    -1.5139    31.9196    1438.90  0.000e+00
     62.172   62.46776 -174.08476    -1.5142    31.9201    1438.90  0.000e+00
     62.126   62.46776 -174.08476    -1.5141    31.9195    1438.89  0.000e+00
     62.180   62.46776 -174.08476    -1.5139    31.9186    1438.89  0.000e+00
     62.180   62.46776 -174.08476    -1.5141    31.9179    1438.89  0.000e+00
     62.226   62.46776 -174.08476    -1.5139    31.9176    1438.89  0.000e+00
     62.126   62.46776 -174.08476    -1.5139    31.9173    1438.89  0.000e+00
     62.180   62.46776 -174.08476    -1.5138    31.9170    1438.89  0.000e+00
     62.180   62.46776 -174.08476    -1.5138    31.9172    1438.89  0.000e+00
     62.226   62.46776 -174.08476    -1.5138    31.9168    1438.89  0.000e+00
     62.180   62.46776 -174.08476    -1.5138    31.9169    1438.89  0.000e+00
     62.180   62.46776 -174.08476    -1.5136    31.9164    1438.89  0.000e+00
     62.180   62.46776 -174.08476    -1.5136    31.9166    1438.89  0.000e+00
     62.226   62.46776 -174.08476    -1.5139    31.9171    1438.89  0.000e+00
     62.180   62.46776 -174.08476    -1.5136    31.9164    1438.89  0.000e+00
     62.242   62.46776 -174.08476    -1.5138    31.9168    1438.89  0.000e+00
     62.126   62.46776 -174.08476    -1.5138    31.9164    1438.89  0.000e+00
     62.226   62.46776 -174.08476    -1.5136    31.9157    1438.89  0.000e+00
     62.180   62.46776 -174.08476    -1.5133    31.9154    1438.89  0.000e+00
     62.180   62.46776 -174.08476    -1.5133    31.9147    1438.89  0.000e+00
     62.180   62.46776 -174.08476    -1.5135    31.9151    1438.89  0.000e+00
     62.172   62.46776 -174.08476    -1.5135    31.9149    1438.89  0.000e+00
     62.126   62.46776 -174.08476    -1.5131    31.9146    1438.89  0.000e+00
     62.180   62.46776 -174.08476    -1.5133    31.9146    1438.89  0.000e+00
     62.226   62.46776 -174.08476    -1.5131    31.9141    1438.89  0.000e+00
     62.180   62.46776 -174.08476    -1.5133    31.9138    1438.89  0.000e+00
     62.180   62.46776 -174.08476    -1.5130    31.9135    1438.89  0.000e+00
     62.242   62.46776 -174.08476    -1.5135    31.9139    1438.89  0.000e+00
     62.172   62.46776 -174.08476    -1.5131    31.9139    1438.89  0.000e+00
     62.180   62.46776 -174.08476    -1.5130    31.9141    1438.89  0.000e+00
     62.242   62.46776 -174.08476    -1.5131    31.9143    1438.89  0.000e+00
     62.242   62.46776 -174.08476    -1.5131    31.9141    1438.89  0.000e+00
     62.226   62.46776 -174.08476    -1.5135    31.9146    1438.89  0.000e+00
     62.180   62.46776 -174.08476    -1.5133    31.9147    1438.89  0.000e+00
     62.242   62.46776 -174.08476    -1.5133    31.9148    1438.89  0.000e+00
     62.242   62.46776 -174.08476    -1.5131    31.9144    1438.89  0.000e+00
     62.172   62.46776 -174.08476    -1.5131    31.9145    1438.89  0.000e+00
     62.242   62.46776 -174.08476    -1.5133    31.9150    1438.89  0.000e+00
     62.242   62.46776 -174.08476    -1.5131    31.9151    1438.89  0.000e+00
     62.242   62.46776 -174.08476    -1.5133    31.9153    1438.89  0.000e+00
     62.226   62.46776 -174.08476    -1.5133    31.9154    1438.89  0.000e+00
     62.242   62.46776 -174.08476    -1.5133    31.9155    1438.89  0.000e+00
     62.242   62.46776 -174.08476    -1.5133    31.9158    1438.89  0.000e+00
     62.242   62.46776 -174.08476    -1.5130    31.9158    1438.90  0.000e+00
     62.226   62.46776 -174.08476    -1.5133    31.9162    1438.90  0.000e+00
     62.296   62.46776 -174.08476    -1.5133    31.9157    1438.90  0.000e+00
     62.242   62.46776 -174.08476    -1.5131    31.9154    1438.90  0.000e+00
     62.180   62.46776 -174.08476    -1.5131    31.9152    1438.89  0.000e+00
     62.404   62.46776 -174.08476    -1.5131    31.9146    1438.90  0.000e+00
     62.242   62.46776 -174.08476    -1.5131    31.9152    1438.89  0.000e+00
     62.296   62.46776 -174.08476    -1.5130    31.9148    1438.90  0.000e+00
     62.288   62.46776 -174.08476    -1.5131    31.9152    1438.90  0.000e+00
     62.296   62.46776 -174.08476    -1.5128    31.9151    1438.90  0.000e+00
     62.296   62.46776 -174.08476    -1.5130    31.9148    1438.90  0.000e+00
     62.350   62.46776 -174.08476    -1.5128    31.9149    1438.90  0.000e+00
     62.226   62.46776 -174.08476    -1.5128    31.9160    1438.90  0.000e+00
     62.350   62.46776 -174.08476    -1.5131    31.9160    1438.90  0.000e+00
     62.296   62.46776 -174.08476    -1.5133    31.9168    1438.90  0.000e+00
     62.296   62.46776 -174.08476    -1.5131    31.9168    1438.90  0.000e+00
     62.342   62.46776 -174.08476    -1.5133    31.9172    1438.90  0.000e+00
     62.296   62.46776 -174.08476    -1.5133    31.9177    1438.90  0.000e+00
     62.350   62.46776 -174.08476    -1.5133    31.9181    1438.90  0.000e+00
     62.350   62.46776 -174.08476    -1.5131    31.9181    1438.90  0.000e+00
     62.342   62.46776 -174.08476    -1.5131    31.9180    1438.90  0.000e+00
     62.350   62.46776 -174.08476    -1.5131    31.9180    1438.90  0.000e+00
     62.296   62.46776 -174.08476    -1.5130    31.9182    1438.90  0.000e+00
     62.350   62.46776 -174.08476    -1.5128    31.9179    1438.90  0.000e+00
     62.404   62.46776 -174.08476    -1.5127    31.9175    1438.90  0.000e+00
     62.350   62.46776 -174.08476    -1.5127    31.9178    1438.90  0.000e+00
     62.350   62.46776 -174.08476    -1.5126    31.9176    1438.90  0.000e+00
     62.404   62.46776 -174.08476    -1.5127    31.9177    1438.90  0.000e+00
     62.350   62.46776 -174.08476    -1.5126    31.9174    1438.90  0.000e+00
     62.350   62.46776 -174.08476    -1.5122    31.9171    1438.90  0.000e+00
     62.412   62.46776 -174.08476    -1.5121    31.9171    1438.91  0.000e+00
     62.342   62.46776 -174.08476    -1.5121    31.9171    1438.90  0.000e+00
     62.412   62.46776 -174.08476    -1.5121    31.9171    1438.91  0.000e+00
     62.350   62.46776 -174.08476    -1.5119    31.9169    1438.90  0.000e+00
     62.412   62.46776 -174.08476    -1.5121    31.9171    1438.91  0.000e+00
     62.342   62.46776 -174.08476    -1.5122    31.9172    1438.90  0.000e+00
     62.412   62.46776 -174.08476    -1.5126    31.9173    1438.90  0.000e+00
     62.350   62.46776 -174.08476    -1.5127    31.9174    1438.90  0.000e+00
     62.350   62.46776 -174.08476    -1.5127    31.9174    1438.90  0.000e+00
     62.404   62.46776 -174.08476    -1.5127    31.9172    1438.90  0.000e+00
     62.412   62.46776 -174.08476    -1.5127    31.9169    1438.90  0.000e+00
     62.412   62.46776 -174.08476    -1.5126    31.9167    1438.90  0.000e+00
     62.350   62.46776 -174.08476    -1.5126    31.9167    1438.90  0.000e+00
     62.404   62.46776 -174.08476    -1.5126    31.9171    1438.90  0.000e+00
     62.350   62.46776 -174.08476    -1.5126    31.9171    1438.90  0.000e+00
     62.412   62.46776 -174.08476    -1.5119    31.9167    1438.91  0.000e+00
     62.404   62.46776 -174.08476    -1.5116    31.9161    1438.91  0.000e+00
     62.350   62.46776 -174.08476    -1.5116    31.9160    1438.91  0.000e+00
     62.350   62.46776 -174.08476    -1.5119    31.9161    1438.90  0.000e+00
     62.412   62.46776 -174.08476    -1.5119    31.9160    1438.90  0.000e+00
     62.342   62.46776 -174.08476    -1.5121    31.9156    1438.90  0.000e+00
     62.350   62.46776 -174.08476    -1.5122    31.9151    1438.90  0.000e+00
     62.412   62.46776 -174.08476    -1.5124    31.9153    1438.90  0.000e+00
     62.350   62.46776 -174.08476    -1.5126    31.9156    1438.90  0.000e+00
     62.342   62.46776 -174.08476    -1.5124    31.9156    1438.90  0.000e+00
     62.412   62.46776 -174.08476    -1.5126    31.9162    1438.90  0.000e+00
