EcoFOCI/data/1_SampleCollection/2023_SikuliaqDBO_CruiseData/CTD_raw_BottleFile_SKQ23-12S/proc/skq202312s_023avg.cnv
* Sea-Bird SBE 9 Data File:
* FileName = D:\CTD\SKQ202312S\SKQ202312S_023.hex
* Software Version Seasave V 7.26.7.121
* Temperature SN = 6177
* Conductivity SN = 0369
* Number of Bytes Per Scan = 41
* Number of Voltage Words = 4
* Number of Scans Averaged by the Deck Unit = 1
* NMEA Latitude = 64 57.70 N
* NMEA Longitude = 169 53.01 W
* NMEA UTC (Time) = Sep 18 2023  07:03:01
* NMEA baud rate = 4800
** Ship: R/V Sikuliaq
** Station Number: 023
** Station Name: DBO2.4
** Bottom Depth: 48
** Operator: SD
# nquan = 25
# nvalues = 41                          
# units = specified
# name 0 = depSM: Depth [salt water, m]
# name 1 = latitude: Latitude [deg]
# name 2 = longitude: Longitude [deg]
# name 3 = prDM: Pressure, Digiquartz [db]
# name 4 = t090C: Temperature [ITS-90, deg C]
# name 5 = t190C: Temperature, 2 [ITS-90, deg C]
# name 6 = potemp090C: Potential Temperature [ITS-90, deg C]
# name 7 = sal00: Salinity, Practical [PSU]
# name 8 = sal11: Salinity, Practical, 2 [PSU]
# name 9 = density00: Density [density, kg/m^3]
# name 10 = sigma-é00: Density [sigma-theta, kg/m^3]
# name 11 = sbox0Mm/Kg: Oxygen, SBE 43 [umol/kg]
# name 12 = sbox1Mm/Kg: Oxygen, SBE 43, 2 [umol/kg]
# name 13 = oxsolMm/Kg: Oxygen Saturation, Garcia & Gordon [umol/kg]
# name 14 = sbeox0PS: Oxygen, SBE 43 [% saturation]
# name 15 = sbeox1PS: Oxygen, SBE 43, 2 [% saturation]
# name 16 = v0: Voltage 0
# name 17 = flECO-AFL: Fluorescence, WET Labs ECO-AFL/FL [mg/m^3]
# name 18 = v1: Voltage 1
# name 19 = CStarAt0: Beam Attenuation, WET Labs C-Star [1/m]
# name 20 = par: PAR/Irradiance, Biospherical/Licor
# name 21 = scan: Scan Count
# name 22 = timeM: Time, Elapsed [minutes]
# name 23 = nbin: number of scans per bin
# name 24 = flag: flag
# span 0 =      2.971,     42.574       
# span 1 =   64.96160,   64.96167       
# span 2 = -169.88358, -169.88352       
# span 3 =      3.000,     43.000       
# span 4 =     1.2984,     3.3505       
# span 5 =     1.2995,     3.3495       
# span 6 =     1.2975,     3.3486       
# span 7 =    32.1201,    32.7892       
# span 8 =    32.1332,    32.8017       
# span 9 =  1025.7215,  1026.3820       
# span 10 =    25.7072,    26.1800      
# span 11 =    243.858,    314.503      
# span 12 =    233.167,    302.634      
# span 13 =  325.27557,  344.06934      
# span 14 =     72.919,     91.577      
# span 15 =     69.731,     88.129      
# span 16 =     0.1153,     0.4411      
# span 17 =     0.3435,     2.2987      
# span 18 =     3.5654,     4.0681      
# span 19 =     0.5881,     1.1160      
# span 20 = -1.734e-10, 2.9827e-01      
# span 21 =        113,       4398      
# span 22 =     0.0776,     3.0538      
# span 23 =         31,        532      
# span 24 = 0.0000e+00, 0.0000e+00      
# interval = decibars: 1                
# start_time = Sep 18 2023 07:06:42 [NMEA time, first data scan]
# bad_flag = -9.990e-29
*END*
      2.971   64.96160 -169.88352      3.000     1.3745     1.3753     1.3744    32.1201    32.1337  1025.7215    25.7072    314.315    301.609  343.42307     91.524     87.835     0.4396     2.2894     3.7209     0.9451 2.9827e-01        113     0.0776        374 0.0000e+00
      3.961   64.96160 -169.88352      4.000     1.3730     1.3738     1.3729    32.1218    32.1336  1025.7277    25.7087    314.503    302.351  343.43148     91.577     88.048     0.4252     2.2029     3.7213     0.9446 2.0645e-01        419     0.2903        128 0.0000e+00
      4.951   64.96160 -169.88352      5.000     1.3725     1.3736     1.3723    32.1219    32.1335  1025.7325    25.7088    314.313    302.587  343.43592     91.520     88.116     0.4250     2.2021     3.7210     0.9450 1.4459e-01        546     0.3788        121 0.0000e+00
      5.941   64.96160 -169.88353      6.000     1.3769     1.3787     1.3767    32.1216    32.1334  1025.7367    25.7083    314.320    302.035  343.39792     91.532     87.967     0.4393     2.2880     3.7207     0.9453 9.9962e-02        762     0.5283        240 0.0000e+00
      6.931   64.96160 -169.88354      7.000     1.3728     1.3732     1.3725    32.1219    32.1333  1025.7420    25.7087    314.273    302.634  343.43348     91.509     88.129     0.4411     2.2987     3.7208     0.9452 6.0646e-02        939     0.6515        125 0.0000e+00
      7.921   64.96161 -169.88354      8.000     1.3733     1.3750     1.3730    32.1218    32.1333  1025.7466    25.7086    314.487    302.101  343.42889     91.573     87.978     0.4328     2.2486     3.7187     0.9475 2.8254e-02       1090     0.7564        184 0.0000e+00
      8.912   64.96162 -169.88354      9.000     1.3635     1.3655     1.3631    32.1223    32.1335  1025.7524    25.7097    314.236    302.486  343.51423     91.477     88.068     0.4283     2.2221     3.7252     0.9405 1.1232e-02       1244     0.8631        154 0.0000e+00
      9.902   64.96162 -169.88354     10.000     1.3580     1.3570     1.3576    32.1224    32.1337  1025.7575    25.7101    314.145    302.307  343.56147     91.438     87.998     0.4298     2.2307     3.7264     0.9391 3.1313e-03       1389     0.9639        148 0.0000e+00
     10.892   64.96162 -169.88354     11.000     1.3247     1.3257     1.3243    32.1251    32.1369  1025.7666    25.7144    314.078    301.871  343.84663     91.342     87.802     0.4123     2.1260     3.7416     0.9229 1.3780e-05       1540     1.0685        112 0.0000e+00
     11.882   64.96162 -169.88354     12.000     1.3336     1.3366     1.3331    32.1239    32.1350  1025.7698    25.7129    312.897    300.881  343.77189     91.019     87.538     0.4164     2.1504     3.7375     0.9273 1.0000e-12       1680     1.1657        149 0.0000e+00
     12.872   64.96162 -169.88354     13.000     1.3449     1.3434     1.3444    32.1229    32.1348  1025.7730    25.7113    313.149    301.819  343.67523     91.118     87.826     0.4218     2.1826     3.7323     0.9328 1.0000e-12       1825     1.2666        123 0.0000e+00
     13.862   64.96162 -169.88356     14.000     1.3226     1.3357     1.3220    32.1259    32.1359  1025.7816    25.7152    313.606    301.768  343.86328     91.201     87.794     0.4140     2.1359     3.7379     0.9269 1.0000e-12       1915     1.3289         80 0.0000e+00
     14.853   64.96164 -169.88356     15.000     1.3396     1.3427     1.3390    32.1234    32.1349  1025.7833    25.7121    312.818    300.902  343.72041     91.009     87.558     0.4123     2.1258     3.7326     0.9325 1.0000e-12       1984     1.3772         76 0.0000e+00
     15.843   64.96164 -169.88356     16.000     1.3380     1.3415     1.3373    32.1242    32.1351  1025.7887    25.7128    313.500    301.310  343.73260     91.205     87.673     0.4078     2.0986     3.7343     0.9307 1.0000e-12       2066     1.4343         59 0.0000e+00
     16.833   64.96164 -169.88356     17.000     1.3471     1.3417     1.3463    32.1230    32.1351  1025.7920    25.7113    313.386    300.835  343.65599     91.192     87.536     0.4121     2.1248     3.7295     0.9358 1.0000e-12       2114     1.4675         49 0.0000e+00
     17.823   64.96164 -169.88356     18.000     1.3480     1.3516     1.3472    32.1226    32.1342  1025.7964    25.7109    313.691    300.514  343.64917     91.282     87.464     0.4116     2.1216     3.7287     0.9367 1.0000e-12       2164     1.5023         49 0.0000e+00
     18.813   64.96164 -169.88356     19.000     1.3394     1.3539     1.3386    32.1247    32.1343  1025.8033    25.7132    313.202    300.214  343.71873     91.122     87.382     0.4099     2.1113     3.7338     0.9313 1.0000e-12       2225     1.5447         69 0.0000e+00
     19.803   64.96164 -169.88356     20.000     1.3648     1.3641     1.3639    32.1213    32.1332  1025.8037    25.7088    313.143    300.770  343.50545     91.161     87.565     0.4174     2.1565     3.7262     0.9394 1.0000e-12       2284     1.5853         43 0.0000e+00
     20.793   64.96164 -169.88356     21.000     1.3117     1.3090     1.3108    32.1252    32.1383  1025.8150    25.7153    313.682    302.406  343.96113     91.197     87.921     0.3952     2.0232     3.7300     0.9353 1.0000e-12       2330     1.6175         53 0.0000e+00
     21.783   64.96164 -169.88356     22.000     1.2984     1.2995     1.2975    32.1283    32.1398  1025.8231    25.7186    313.514    300.898  344.06934     91.119     87.463     0.3318     1.6429     3.8378     0.8214 1.0000e-12       2384     1.6546         48 0.0000e+00
     22.773   64.96164 -169.88356     23.000     1.3259     1.3242     1.3249    32.1366    32.1458  1025.8327    25.7235    311.596    298.952  343.80616     90.631     86.956     0.2722     1.2852     3.8920     0.7653 1.0000e-12       2432     1.6884         52 0.0000e+00
     23.764   64.96164 -169.88356     24.000     1.3881     1.3855     1.3871    32.1557    32.1628  1025.8488    25.7350    309.954    298.960  343.20968     90.310     87.106     0.2703     1.2738     3.9022     0.7547 1.0000e-12       2487     1.7261         48 0.0000e+00
     24.754   64.96164 -169.88356     25.000     1.4847     1.4843     1.4836    32.1972    32.2028  1025.8805    25.7620    308.734    296.793  342.25706     90.205     86.719     0.2611     1.2186     3.9184     0.7382 1.0000e-12       2530     1.7565         43 0.0000e+00
     25.744   64.96164 -169.88356     26.000     1.4938     1.4850     1.4926    32.2980    32.3120  1025.9655    25.8423    306.034    294.956  341.91309     89.507     86.257     0.2560     1.1881     3.9022     0.7549 1.1462e-07       2586     1.7950         71 0.0000e+00
     26.734   64.96164 -169.88356     27.000     1.4287     1.4173     1.4276    32.4024    32.4053  1026.0581    25.9302    295.600    287.351  342.20908     86.374     83.942     0.2049     0.8815     4.0100     0.6456 1.9389e-07       2652     1.8408         45 0.0000e+00
     27.724   64.96164 -169.88356     28.000     2.0037     2.0009     2.0023    32.4850    32.4798  1026.0891    25.9568    282.006    270.727  337.04418     83.670     80.313     0.1645     0.6389     4.0000     0.6556 2.7297e-07       2685     1.8638         31 0.0000e+00
     28.714   64.96164 -169.88356     29.000     2.2440     2.2440     2.2426    32.5421    32.5368  1026.1213    25.9846    278.083    267.254  334.87065     83.039     79.804     0.1595     0.6088     3.9716     0.6842 3.0589e-07       2726     1.8925         55 0.0000e+00
     29.704   64.96164 -169.88356     30.000     3.1168     3.1345     3.1151    32.7298    32.7051  1026.2039    26.0632    265.240    256.549  327.21039     81.064     78.426     0.1460     0.5277     3.9671     0.6890 8.2383e-07       2795     1.9405         65 0.0000e+00
     30.694   64.96164 -169.88356     31.000     3.3505     3.3495     3.3486    32.7555    32.7588  1026.2079    26.0627    263.612    255.469  325.27557     81.043     78.539     0.1153     0.3435     4.0681     0.5881 2.2850e-06       2847     1.9764         45 0.0000e+00
     31.684   64.96164 -169.88356     32.000     3.2831     3.2863     3.2812    32.7674    32.7744  1026.2282    26.0783    265.784    257.011  325.78518     81.583     78.900     0.1186     0.3639     4.0444     0.6116 2.3448e-06       2894     2.0090         47 0.0000e+00
     32.674   64.96165 -169.88356     33.000     3.1732     3.1733     3.1713    32.7758    32.7850  1026.2495    26.0948    264.980    254.932  326.64576     81.122     78.051     0.1197     0.3699     3.9872     0.6685 1.8431e-06       2939     2.0405         46 0.0000e+00
     33.664   64.96166 -169.88357     34.000     3.0198     3.0169     3.0178    32.7779    32.7899  1026.2695    26.1099    266.468    254.180  327.87782     81.270     77.524     0.1432     0.5114     3.9711     0.6847 6.8938e-07       3001     2.0830         68 0.0000e+00
     34.654   64.96166 -169.88358     35.000     2.8138     2.8207     2.8118    32.7810    32.7941  1026.2944    26.1300    273.173    261.050  329.54520     82.894     79.236     0.1759     0.7072     3.9289     0.7274 6.3230e-07       3055     2.1208         40 0.0000e+00
     35.644   64.96166 -169.88358     36.000     2.7282     2.7369     2.7262    32.7858    32.7969  1026.3102    26.1410    274.362    262.649  330.23320     83.081     79.558     0.2447     1.1204     3.8494     0.8094 3.9222e-08       3091     2.1459         40 0.0000e+00
     36.634   64.96166 -169.88358     37.000     2.6649     2.6496     2.6629    32.7870    32.8005  1026.3211    26.1472    278.280    265.420  330.74924     84.136     80.225     0.3451     1.7224     3.7987     0.8623 1.0000e-12       3160     2.1936        100 0.0000e+00
     37.624   64.96166 -169.88358     38.000     2.4589     2.4521     2.4569    32.7892    32.8014  1026.3445    26.1656    271.297    259.349  332.44449     81.609     78.008     0.3347     1.6605     3.7090     0.9581 1.0000e-12       3348     2.3242        271 0.0000e+00
     38.614   64.96166 -169.88358     39.000     2.2855     2.3115     2.2835    32.7853    32.8017  1026.3599    26.1761    260.490    251.391  333.89803     78.015     75.349     0.2645     1.2392     3.6169     1.0586 6.2697e-08       3879     2.6930        142 0.0000e+00
     39.604   64.96166 -169.88358     40.000     2.2470     2.2494     2.2450    32.7851    32.7967  1026.3675    26.1790    246.176    237.608  334.22027     73.657     71.104     0.2122     0.9250     3.5888     1.0897 -1.734e-10       3965     2.7526         74 0.0000e+00
     40.594   64.96166 -169.88358     41.000     2.2236     2.2308     2.2215    32.7842    32.7962  1026.3732    26.1800    244.619    234.336  334.41864     73.148     70.092     0.2088     0.9047     3.5819     1.0975 3.7974e-07       4047     2.8100         74 0.0000e+00
     41.584   64.96166 -169.88358     42.000     2.2271     2.2287     2.2250    32.7839    32.7958  1026.3775    26.1795    243.981    233.167  334.38996     72.963     69.738     0.2423     1.1057     3.5686     1.1122 1.3476e-07       4108     2.8523         67 0.0000e+00
     42.574   64.96167 -169.88358     43.000     2.2232     2.2238     2.2210    32.7833    32.7945  1026.3820    26.1793    243.858    233.172  334.42424     72.919     69.731     0.2429     1.1096     3.5654     1.1160 6.6821e-08       4398     3.0538        532 0.0000e+00
