EcoFOCI/data/1_SampleCollection/2023_SikuliaqDBO_CruiseData/CTD_raw_BottleFile_SKQ23-12S/proc/skq202312s_031.ros
* Sea-Bird SBE 9 Data File:
* FileName = D:\CTD\SKQ202312S\SKQ202312S_031.hex
* Software Version Seasave V 7.26.7.121
* Temperature SN = 6177
* Conductivity SN = 0369
* Number of Bytes Per Scan = 41
* Number of Voltage Words = 4
* Number of Scans Averaged by the Deck Unit = 1
* NMEA Latitude = 71 29.95 N
* NMEA Longitude = 157 40.36 W
* NMEA UTC (Time) = Sep 21 2023  09:49:17
* NMEA baud rate = 4800
** Ship: R/V Sikuliaq
** Station Number: 031
** Station Name: DBO5.7
** Bottom Depth: 81
** Operator: SS
# nquan = 22
# nvalues = 1029                                  
# units = specified
# name 0 = depSM: Depth [salt water, m]
# name 1 = latitude: Latitude [deg]
# name 2 = longitude: Longitude [deg]
# name 3 = prDM: Pressure, Digiquartz [db]
# name 4 = t090C: Temperature [ITS-90, deg C]
# name 5 = t190C: Temperature, 2 [ITS-90, deg C]
# name 6 = potemp090C: Potential Temperature [ITS-90, deg C]
# name 7 = sal00: Salinity, Practical [PSU]
# name 8 = sal11: Salinity, Practical, 2 [PSU]
# name 9 = density00: Density [density, kg/m^3]
# name 10 = sigma-é00: Density [sigma-theta, kg/m^3]
# name 11 = sbox0Mm/Kg: Oxygen, SBE 43 [umol/kg]
# name 12 = sbox1Mm/Kg: Oxygen, SBE 43, 2 [umol/kg]
# name 13 = oxsolMm/Kg: Oxygen Saturation, Garcia & Gordon [umol/kg]
# name 14 = sbeox0PS: Oxygen, SBE 43 [% saturation]
# name 15 = v0: Voltage 0
# name 16 = flECO-AFL: Fluorescence, WET Labs ECO-AFL/FL [mg/m^3]
# name 17 = CStarAt0: Beam Attenuation, WET Labs C-Star [1/m]
# name 18 = par: PAR/Irradiance, Biospherical/Licor
# name 19 = scan: Scan Count
# name 20 = nbf: Bottles Fired
# name 21 = flag:  0.000e+00
# interval = seconds: 0.0416667
# start_time = Sep 21 2023 09:54:09 [NMEA time, first data scan]
# bad_flag = -9.990e-29
*END*
[from data line 725]
      9.847   71.49896 -157.67430      9.949     2.9252     2.9272     2.9247    29.9833    29.9936  1023.9355    23.8885    340.982    326.203  335.69761    101.574     0.1612     0.6190     0.5377 1.1540e-02      30881         15  0.000e+00
      9.785   71.49896 -157.67430      9.886     2.9253     2.9274     2.9248    29.9833    29.9933  1023.9351    23.8885    340.952    326.233  335.69689    101.565     0.1612     0.6190     0.5377 1.3754e-02      30882         15  0.000e+00
      9.785   71.49896 -157.67430      9.886     2.9253     2.9278     2.9248    29.9838    29.9926  1023.9356    23.8889    340.922    326.262  335.69542    101.557     0.1612     0.6190     0.5377 1.8681e-02      30883         15  0.000e+00
      9.847   71.49896 -157.67430      9.949     2.9255     2.9281     2.9250    29.9834    29.9921  1023.9355    23.8886    340.894    326.294  335.69471    101.549     0.1624     0.6264     0.5377 2.0233e-02      30884         15  0.000e+00
      9.785   71.49896 -157.67430      9.887     2.9253     2.9280     2.9248    29.9837    29.9928  1023.9355    23.8888    341.083    326.119  335.69571    101.605     0.1612     0.6190     0.5377 1.8295e-02      30885         15  0.000e+00
      9.816   71.49896 -157.67430      9.918     2.9253     2.9281     2.9248    29.9838    29.9930  1023.9357    23.8889    341.086    326.124  335.69556    101.606     0.1624     0.6264     0.5377 1.2274e-02      30886         15  0.000e+00
      9.847   71.49896 -157.67430      9.949     2.9254     2.9277     2.9249    29.9841    29.9928  1023.9360    23.8891    340.862    326.330  335.69346    101.540     0.1612     0.6190     0.5377 1.0084e-02      30887         15  0.000e+00
      9.785   71.49896 -157.67430      9.887     2.9255     2.9278     2.9250    29.9841    29.9923  1023.9358    23.8891    340.820    326.351  335.69286    101.527     0.1624     0.6264     0.5377 9.3628e-03      30888         15  0.000e+00
      9.847   71.49896 -157.67430      9.949     2.9254     2.9277     2.9249    29.9843    29.9928  1023.9362    23.8893    340.782    326.376  335.69287    101.516     0.1612     0.6190     0.5377 4.7702e-03      30889         15  0.000e+00
      9.785   71.49896 -157.67430      9.887     2.9256     2.9275     2.9251    29.9839    29.9927  1023.9356    23.8889    340.775    326.396  335.69271    101.514     0.1624     0.6264     0.5377 3.0480e-03      30890         15  0.000e+00
      9.789   71.49896 -157.67428      9.890     2.9555     2.9629     2.9550    30.0036    30.0159  1023.9490    23.9023    338.683    325.393  335.39255    100.981     0.1636     0.6337     0.5365 1.5251e-02      31018         16  0.000e+00
      9.851   71.49896 -157.67428      9.953     2.9566     2.9632     2.9561    30.0042    30.0157  1023.9497    23.9027    338.712    325.397  335.38169    100.993     0.1624     0.6264     0.5365 1.7528e-02      31019         16  0.000e+00
      9.789   71.49896 -157.67428      9.891     2.9585     2.9635     2.9580    30.0050    30.0156  1023.9498    23.9032    338.768    325.396  335.36404    101.015     0.1636     0.6337     0.5365 1.7911e-02      31020         16  0.000e+00
      9.851   71.49896 -157.67428      9.953     2.9596     2.9642     2.9591    30.0050    30.0152  1023.9501    23.9031    338.843    325.202  335.35498    101.040     0.1624     0.6264     0.5365 2.1016e-02      31021         16  0.000e+00
      9.789   71.49896 -157.67428      9.891     2.9593     2.9643     2.9588    30.0040    30.0159  1023.9490    23.9024    338.896    325.181  335.35974    101.054     0.1624     0.6264     0.5354 2.5807e-02      31022         16  0.000e+00
      9.851   71.49896 -157.67428      9.953     2.9583     2.9643     2.9578    30.0032    30.0163  1023.9488    23.9018    338.963    325.169  335.36979    101.071     0.1624     0.6264     0.5365 2.7440e-02      31023         16  0.000e+00
      9.789   71.49896 -157.67428      9.891     2.9579     2.9645     2.9573    30.0029    30.0165  1023.9483    23.9016    339.022    325.153  335.37465    101.088     0.1624     0.6264     0.5365 2.2595e-02      31024         16  0.000e+00
      9.851   71.49896 -157.67428      9.953     2.9572     2.9645     2.9567    30.0031    30.0173  1023.9488    23.9018    339.089    325.144  335.37945    101.106     0.1636     0.6337     0.5365 1.4500e-02      31025         16  0.000e+00
      9.789   71.49896 -157.67428      9.891     2.9571     2.9647     2.9565    30.0027    30.0171  1023.9481    23.9015    339.152    325.133  335.38190    101.124     0.1624     0.6264     0.5365 1.1906e-02      31026         16  0.000e+00
      9.790   71.49896 -157.67428      9.891     2.9568     2.9643     2.9563    30.0021    30.0167  1023.9477    23.9011    339.221    325.131  335.38556    101.143     0.1636     0.6337     0.5365 1.0447e-02      31027         16  0.000e+00
      9.851   71.49896 -157.67428      9.953     2.9565     2.9643     2.9559    30.0022    30.0167  1023.9481    23.9011    339.294    325.130  335.38805    101.165     0.1612     0.6190     0.5365 5.1175e-03      31028         16  0.000e+00
      9.790   71.49896 -157.67428      9.891     2.9566     2.9645     2.9561    30.0027    30.0170  1023.9482    23.9015    339.323    325.123  335.38554    101.174     0.1612     0.6190     0.5365 3.3905e-03      31029         16  0.000e+00
      9.820   71.49896 -157.67428      9.922     2.9566     2.9648     2.9561    30.0029    30.0176  1023.9485    23.9017    339.359    325.120  335.38499    101.185     0.1600     0.6117     0.5365 1.3499e-03      31030         16  0.000e+00
      9.790   71.49896 -157.67428      9.891     2.9569     2.9652     2.9564    30.0030    30.0186  1023.9484    23.9017    339.392    325.090  335.38215    101.196     0.1612     0.6190     0.5365 8.4714e-06      31031         16  0.000e+00
      9.790   71.49896 -157.67428      9.891     2.9571     2.9667     2.9565    30.0032    30.0193  1023.9485    23.9019    338.986    325.078  335.38063    101.075     0.1600     0.6117     0.5365 1.0000e-12      31032         16  0.000e+00
      9.790   71.49896 -157.67428      9.891     2.9574     2.9676     2.9569    30.0030    30.0199  1023.9483    23.9017    339.619    325.073  335.37851    101.264     0.1600     0.6117     0.5365 1.3499e-03      31033         16  0.000e+00
      9.790   71.49896 -157.67428      9.891     2.9575     2.9681     2.9570    30.0030    30.0202  1023.9484    23.9017    339.475    325.075  335.37706    101.222     0.1612     0.6190     0.5365 4.4238e-03      31034         16  0.000e+00
      9.790   71.49896 -157.67428      9.891     2.9572     2.9694     2.9567    30.0036    30.0208  1023.9488    23.9022    339.521    325.045  335.37829    101.235     0.1600     0.6117     0.5365 5.4659e-03      31035         16  0.000e+00
      9.852   71.49896 -157.67428      9.953     2.9575     2.9711     2.9570    30.0035    30.0209  1023.9491    23.9021    339.455    325.043  335.37577    101.216     0.1612     0.6190     0.5365 2.0263e-03      31036         16  0.000e+00
      9.790   71.49896 -157.67428      9.891     2.9580     2.9716     2.9575    30.0038    30.0211  1023.9489    23.9023    339.490    325.244  335.37114    101.228     0.1600     0.6117     0.5354 1.0000e-12      31037         16  0.000e+00
      9.790   71.49896 -157.67428      9.891     2.9588     2.9714     2.9583    30.0042    30.0207  1023.9492    23.9025    339.489    325.283  335.36330    101.230     0.1612     0.6190     0.5365 1.0000e-12      31038         16  0.000e+00
      9.790   71.49896 -157.67428      9.891     2.9592     2.9713     2.9587    30.0050    30.0201  1023.9498    23.9031    339.490    325.099  335.35780    101.232     0.1600     0.6117     0.5354 1.0000e-12      31039         16  0.000e+00
      9.790   71.49896 -157.67428      9.891     2.9597     2.9716     2.9592    30.0046    30.0201  1023.9494    23.9028    339.715    325.087  335.35482    101.300     0.1612     0.6190     0.5354 8.4714e-06      31040         16  0.000e+00
      9.790   71.49896 -157.67428      9.891     2.9596     2.9717     2.9591    30.0052    30.0211  1023.9500    23.9033    339.535    325.075  335.35441    101.247     0.1587     0.6044     0.5365 1.0000e-12      31041         16  0.000e+00
      9.821   71.49896 -157.67428      9.922     2.9596     2.9732     2.9591    30.0052    30.0223  1023.9501    23.9033    339.543    325.052  335.35445    101.249     0.1600     0.6117     0.5354 1.6876e-03      31042         16  0.000e+00
      9.790   71.49896 -157.67428      9.891     2.9599     2.9736     2.9594    30.0057    30.0251  1023.9503    23.9036    339.764    325.232  335.35063    101.316     0.1612     0.6190     0.5354 3.3905e-03      31043         16  0.000e+00
      9.790   71.49896 -157.67428      9.891     2.9608     2.9741     2.9603    30.0073    30.0252  1023.9515    23.9049    339.570    325.045  335.33891    101.262     0.1600     0.6117     0.5354 3.3905e-03      31044         16  0.000e+00
      9.790   71.49896 -157.67428      9.891     2.9626     2.9740     2.9621    30.0098    30.0237  1023.9533    23.9067    339.551    325.043  335.31786    101.262     0.1612     0.6190     0.5365 9.7231e-03      31045         16  0.000e+00
      9.852   71.49896 -157.67428      9.954     2.9643     2.9741     2.9638    30.0106    30.0230  1023.9542    23.9072    339.539    325.043  335.30134    101.264     0.1600     0.6117     0.5354 1.6764e-02      31046         16  0.000e+00
      9.790   71.49896 -157.67428      9.891     2.9660     2.9739     2.9655    30.0105    30.0234  1023.9537    23.9070    339.746    325.037  335.28698    101.330     0.1600     0.6117     0.5354 1.8681e-02      31047         16  0.000e+00
      9.790   71.49896 -157.67428      9.891     2.9665     2.9732     2.9660    30.0106    30.0245  1023.9537    23.9070    339.559    325.038  335.28315    101.275     0.1587     0.6044     0.5354 2.2199e-02      31048         16  0.000e+00
      9.852   71.49896 -157.67428      9.954     2.9673     2.9730     2.9668    30.0098    30.0238  1023.9533    23.9064    339.558    325.042  335.27792    101.277     0.1600     0.6117     0.5354 2.8677e-02      31049         16  0.000e+00
      9.790   71.49896 -157.67428      9.891     2.9679     2.9729     2.9674    30.0105    30.0230  1023.9536    23.9069    339.108    325.041  335.27118    101.144     0.1600     0.6117     0.5354 3.0343e-02      31050         16  0.000e+00
      9.790   71.49896 -157.67428      9.891     2.9682     2.9729     2.9677    30.0111    30.0221  1023.9539    23.9073    339.482    325.044  335.26762    101.257     0.1600     0.6117     0.5354 2.7440e-02      31051         16  0.000e+00
      9.852   71.49896 -157.67428      9.954     2.9684     2.9726     2.9679    30.0114    30.0225  1023.9545    23.9075    339.451    325.049  335.26505    101.248     0.1612     0.6190     0.5365 2.1016e-02      31052         16  0.000e+00
      9.790   71.49896 -157.67428      9.892     2.9689     2.9737     2.9684    30.0112    30.0250  1023.9540    23.9074    339.447    325.032  335.26089    101.249     0.1600     0.6117     0.5354 1.9067e-02      31053         16  0.000e+00
      9.821   71.49896 -157.67428      9.923     2.9694     2.9759     2.9689    30.0115    30.0282  1023.9543    23.9075    339.670    325.032  335.25681    101.316     0.1612     0.6190     0.5365 1.9067e-02      31054         16  0.000e+00
      9.852   71.49896 -157.67428      9.954     2.9699     2.9769     2.9694    30.0112    30.0299  1023.9542    23.9072    339.484    325.049  335.25306    101.262     0.1612     0.6190     0.5389 1.9067e-02      31055         16  0.000e+00
      9.852   71.49896 -157.67428      9.954     2.9704     2.9769     2.9699    30.0115    30.0291  1023.9544    23.9075    339.665    325.082  335.24771    101.318     0.1624     0.6264     0.5401 1.8681e-02      31056         16  0.000e+00
      9.852   71.49896 -157.67428      9.954     2.9707     2.9761     2.9701    30.0111    30.0285  1023.9541    23.9071    339.478    325.297  335.24692    101.262     0.1612     0.6190     0.5413 1.8295e-02      31057         16  0.000e+00
      9.790   71.49896 -157.67428      9.892     2.9704     2.9763     2.9699    30.0110    30.0294  1023.9538    23.9071    339.736    325.124  335.24890    101.338     0.1612     0.6190     0.5413 1.5627e-02      31058         16  0.000e+00
      9.852   71.49896 -157.67428      9.954     2.9708     2.9768     2.9702    30.0113    30.0320  1023.9542    23.9072    339.771    325.323  335.24569    101.350     0.1624     0.6264     0.5413 1.4126e-02      31059         16  0.000e+00
      9.852   71.49896 -157.67428      9.954     2.9707     2.9785     2.9701    30.0119    30.0337  1023.9547    23.9078    339.583    325.337  335.24486    101.294     0.1612     0.6190     0.5413 1.3754e-02      31060         16  0.000e+00
      9.906   71.49896 -157.67428     10.009     2.9694     2.9794     2.9689    30.0120    30.0338  1023.9552    23.9080    339.817    325.363  335.25535    101.361     0.1624     0.6264     0.5401 6.5167e-03      31061         16  0.000e+00
      9.852   71.49896 -157.67428      9.954     2.9685     2.9797     2.9680    30.0113    30.0326  1023.9544    23.9075    339.636    325.393  335.26431    101.304     0.1612     0.6190     0.5413 2.7065e-03      31062         16  0.000e+00
      9.852   71.49896 -157.67428      9.954     2.9692     2.9783     2.9687    30.0106    30.0320  1023.9538    23.9069    339.591    325.440  335.26026    101.292     0.1624     0.6264     0.5413 2.0263e-03      31063         16  0.000e+00
      9.852   71.49896 -157.67428      9.954     2.9707     2.9775     2.9701    30.0110    30.0308  1023.9540    23.9070    339.978    325.483  335.24731    101.411     0.1612     0.6190     0.5413 1.0810e-02      31064         16  0.000e+00
      9.906   71.49896 -157.67428     10.009     2.9731     2.9772     2.9726    30.0118    30.0293  1023.9547    23.9075    339.795    325.524  335.22464    101.363     0.1624     0.6264     0.5413 1.7911e-02      31065         16  0.000e+00
      9.883   71.49896 -157.67428      9.985     2.9743     2.9768     2.9738    30.0148    30.0289  1023.9569    23.9098    339.763    325.560  335.20729    101.359     0.1612     0.6190     0.5401 1.9067e-02      31066         16  0.000e+00
      9.739   71.49896 -157.67426      9.840     2.9714     2.9647     2.9709    30.0129    30.0162  1023.9549    23.9085    340.186    324.453  335.23613    101.477     0.1600     0.6117     0.5377 1.2274e-02      31163         17  0.000e+00
      9.793   71.49896 -157.67426      9.894     2.9713     2.9651     2.9708    30.0129    30.0174  1023.9552    23.9085    340.210    324.459  335.23703    101.483     0.1587     0.6044     0.5377 1.6384e-02      31164         17  0.000e+00
      9.739   71.49896 -157.67426      9.840     2.9711     2.9657     2.9706    30.0123    30.0171  1023.9544    23.9080    340.231    324.465  335.24040    101.489     0.1587     0.6044     0.5377 1.9455e-02      31165         17  0.000e+00
      9.739   71.49896 -157.67426      9.840     2.9706     2.9653     2.9701    30.0126    30.0154  1023.9547    23.9083    340.252    324.486  335.24366    101.494     0.1587     0.6044     0.5377 2.0233e-02      31166         17  0.000e+00
      9.739   71.49896 -157.67426      9.840     2.9707     2.9648     2.9701    30.0128    30.0141  1023.9549    23.9085    340.267    324.508  335.24256    101.499     0.1587     0.6044     0.5377 1.8681e-02      31167         17  0.000e+00
      9.739   71.49896 -157.67426      9.840     2.9703     2.9648     2.9698    30.0131    30.0131  1023.9551    23.9087    340.285    324.526  335.24509    101.503     0.1600     0.6117     0.5377 1.7528e-02      31168         17  0.000e+00
