EcoFOCI/data/1_SampleCollection/2023_SikuliaqDBO_CruiseData/CTD_raw_BottleFile_SKQ23-12S/proc/skq202312s_020.cnv
* Sea-Bird SBE 9 Data File:
* FileName = D:\CTD\SKQ202312S\SKQ202312S_020.hex
* Software Version Seasave V 7.26.7.121
* Temperature SN = 6177
* Conductivity SN = 0369
* Number of Bytes Per Scan = 41
* Number of Voltage Words = 4
* Number of Scans Averaged by the Deck Unit = 1
* NMEA Latitude = 65 00.05 N
* NMEA Longitude = 168 39.16 W
* NMEA UTC (Time) = Sep 18 2023  01:15:09
* NMEA baud rate = 4800
** Ship: R/V Sikuliaq
** Station Number: 020
** Station Name: DBO2.6
** Bottom Depth: 47
** Operator: SS
# nquan = 24
# nvalues = 4927                                  
# units = specified
# name 0 = depSM: Depth [salt water, m]
# name 1 = latitude: Latitude [deg]
# name 2 = longitude: Longitude [deg]
# name 3 = prDM: Pressure, Digiquartz [db]
# name 4 = t090C: Temperature [ITS-90, deg C]
# name 5 = t190C: Temperature, 2 [ITS-90, deg C]
# name 6 = potemp090C: Potential Temperature [ITS-90, deg C]
# name 7 = sal00: Salinity, Practical [PSU]
# name 8 = sal11: Salinity, Practical, 2 [PSU]
# name 9 = density00: Density [density, kg/m^3]
# name 10 = sigma-é00: Density [sigma-theta, kg/m^3]
# name 11 = sbox0Mm/Kg: Oxygen, SBE 43 [umol/kg]
# name 12 = sbox1Mm/Kg: Oxygen, SBE 43, 2 [umol/kg]
# name 13 = oxsolMm/Kg: Oxygen Saturation, Garcia & Gordon [umol/kg]
# name 14 = sbeox0PS: Oxygen, SBE 43 [% saturation]
# name 15 = sbeox1PS: Oxygen, SBE 43, 2 [% saturation]
# name 16 = v0: Voltage 0
# name 17 = flECO-AFL: Fluorescence, WET Labs ECO-AFL/FL [mg/m^3]
# name 18 = v1: Voltage 1
# name 19 = CStarAt0: Beam Attenuation, WET Labs C-Star [1/m]
# name 20 = par: PAR/Irradiance, Biospherical/Licor
# name 21 = scan: Scan Count
# name 22 = timeM: Time, Elapsed [minutes]
# name 23 = flag:  0.000e+00
# span 0 =      1.495,     42.138                 
# span 1 =   65.00090,   65.00110                 
# span 2 = -168.65348, -168.65326                 
# span 3 =      1.509,     42.560                 
# span 4 =     2.9520,     4.5454                 
# span 5 =     2.9536,     4.5444                 
# span 6 =     2.9504,     4.5449                 
# span 7 =    32.0457,    32.6975                 
# span 8 =    32.1051,    32.7342                 
# span 9 =  1025.4052,  1026.2340                 
# span 10 =    25.3963,    26.0358                
# span 11 =    248.906,    302.527                
# span 12 =    238.023,    290.219                
# span 13 =  317.61083,  329.34434                
# span 14 =     75.924,     94.055                
# span 15 =     72.637,     90.580                
# span 16 =     0.1026,     0.4896                
# span 17 =     0.2674,     2.5897                
# span 18 =     3.5995,     4.0635                
# span 19 =     0.5927,     1.0778                
# span 20 = 6.4423e-01, 1.5094e+02                
# span 21 =          1,       4927                
# span 22 =     0.0000,     3.4208                
# span 23 = 0.0000e+00, 0.0000e+00                
# interval = seconds: 0.0416667
# start_time = Sep 18 2023 01:19:33 [NMEA time, first data scan]
# bad_flag = -9.990e-29
*END*
[from data line 2416]
     22.264   65.00098 -168.65346     22.486     3.1944     3.1928     3.1931    32.3292    32.3692  1025.8423    25.7368    301.996    289.807  327.58218     92.189     88.492     0.2320     1.0439     4.0171     0.6386 5.0712e+00       2417     1.6778  0.000e+00
     22.279   65.00098 -168.65346     22.501     3.1924     3.1882     3.1911    32.3285    32.3699  1025.8420    25.7364    301.973    289.834  327.60066     92.177     88.490     0.2320     1.0439     4.0171     0.6386 5.0712e+00       2418     1.6785  0.000e+00
     22.318   65.00098 -168.65346     22.540     3.1897     3.1834     3.1884    32.3279    32.3705  1025.8420    25.7362    301.949    289.858  327.62364     92.163     88.488     0.2308     1.0366     4.0171     0.6386 5.0712e+00       2419     1.6792  0.000e+00
     22.341   65.00098 -168.65346     22.563     3.1857     3.1786     3.1844    32.3274    32.3707  1025.8420    25.7362    301.927    289.856  327.65712     92.147     88.477     0.2320     1.0439     4.0171     0.6386 5.0421e+00       2420     1.6799  0.000e+00
     22.380   65.00098 -168.65346     22.602     3.1806     3.1747     3.1793    32.3269    32.3696  1025.8422    25.7362    301.909    289.867  327.69988     92.130     88.471     0.2308     1.0366     4.0171     0.6386 5.0421e+00       2421     1.6806  0.000e+00
     22.380   65.00098 -168.65346     22.602     3.1744     3.1696     3.1731    32.3275    32.3700  1025.8432    25.7372    301.924    289.902  327.74796     92.121     88.471     0.2320     1.0439     4.0171     0.6386 5.0421e+00       2422     1.6812  0.000e+00
     22.395   65.00098 -168.65346     22.618     3.1694     3.1646     3.1681    32.3277    32.3707  1025.8439    25.7378    302.142    289.932  327.78793     92.176     88.469     0.2308     1.0366     4.0171     0.6386 5.0277e+00       2423     1.6819  0.000e+00
     22.380   65.00098 -168.65346     22.602     3.1642     3.1595     3.1629    32.3275    32.3712  1025.8442    25.7381    301.955    289.958  327.83025     92.107     88.467     0.2320     1.0439     4.0171     0.6386 5.0132e+00       2424     1.6826  0.000e+00
     22.457   65.00098 -168.65346     22.680     3.1593     3.1545     3.1580    32.3271    32.3713  1025.8446    25.7382    301.946    289.984  327.87091     92.093     88.464     0.2308     1.0366     4.0171     0.6386 5.0277e+00       2425     1.6833  0.000e+00
     22.433   65.00098 -168.65346     22.657     3.1532     3.1497     3.1519    32.3279    32.3709  1025.8457    25.7394    302.188    290.003  327.91852     92.153     88.459     0.2320     1.0439     4.0171     0.6386 4.9988e+00       2426     1.6840  0.000e+00
     22.433   65.00098 -168.65346     22.657     3.1474     3.1444     3.1461    32.3287    32.3720  1025.8469    25.7406    302.420    290.019  327.96310     92.212     88.453     0.2320     1.0439     4.0171     0.6386 4.9988e+00       2427     1.6847  0.000e+00
     22.457   65.00098 -168.65346     22.680     3.1418     3.1403     3.1404    32.3298    32.3728  1025.8483    25.7419    302.281    290.023  328.00622     92.157     88.446     0.2320     1.0439     4.0171     0.6386 4.9988e+00       2428     1.6854  0.000e+00
     22.495   65.00098 -168.65346     22.719     3.1368     3.1360     3.1355    32.3301    32.3729  1025.8492    25.7426    302.313    290.028  328.04519     92.156     88.438     0.2320     1.0439     4.0171     0.6386 4.9844e+00       2429     1.6861  0.000e+00
     22.511   65.00098 -168.65346     22.735     3.1329     3.1319     3.1316    32.3310    32.3733  1025.8503    25.7436    302.329    290.219  328.07449     92.153     88.487     0.2308     1.0366     4.0171     0.6386 4.9844e+00       2430     1.6868  0.000e+00
     22.549   65.00098 -168.65346     22.774     3.1304     3.1284     3.1291    32.3307    32.3738  1025.8504    25.7436    302.331    290.036  328.09565     92.147     88.424     0.2320     1.0439     4.0171     0.6386 4.9844e+00       2431     1.6875  0.000e+00
     22.549   65.00098 -168.65346     22.774     3.1274     3.1252     3.1261    32.3309    32.3737  1025.8509    25.7440    302.329    290.041  328.11935     92.140     88.419     0.2308     1.0366     4.0171     0.6386 4.9701e+00       2432     1.6882  0.000e+00
     22.572   65.00098 -168.65346     22.797     3.1242     3.1226     3.1229    32.3314    32.3743  1025.8517    25.7447    302.323    290.038  328.14389     92.131     88.413     0.2320     1.0439     4.0171     0.6386 4.9558e+00       2433     1.6889  0.000e+00
     22.549   65.00098 -168.65346     22.774     3.1210     3.1201     3.1197    32.3319    32.3749  1025.8523    25.7454    302.527    290.030  328.16907     92.186     88.405     0.2308     1.0366     4.0171     0.6386 4.9558e+00       2434     1.6896  0.000e+00
     22.626   65.00098 -168.65346     22.851     3.1186     3.1171     3.1173    32.3321    32.3752  1025.8530    25.7457    302.321    290.028  328.18770     92.118     88.398     0.2320     1.0439     4.0171     0.6386 4.9416e+00       2435     1.6903  0.000e+00
     22.603   65.00098 -168.65346     22.828     3.1154     3.1146     3.1141    32.3333    32.3752  1025.8541    25.7470    302.329    290.015  328.21100     92.114     88.389     0.2308     1.0366     4.0183     0.6374 4.9416e+00       2436     1.6910  0.000e+00
     22.603   65.00098 -168.65346     22.828     3.1125     3.1124     3.1112    32.3344    32.3751  1025.8552    25.7481    302.295    289.998  328.23123     92.098     88.379     0.2320     1.0439     4.0195     0.6362 4.9274e+00       2437     1.6917  0.000e+00
     22.626   65.00098 -168.65346     22.851     3.1104     3.1109     3.1091    32.3347    32.3751  1025.8558    25.7485    302.070    289.998  328.24731     92.025     88.375     0.2308     1.0366     4.0195     0.6362 4.9274e+00       2438     1.6924  0.000e+00
     22.665   65.00098 -168.65346     22.890     3.1081     3.1090     3.1068    32.3348    32.3757  1025.8562    25.7488    302.245    289.997  328.26621     92.073     88.371     0.2320     1.0439     4.0183     0.6374 4.9132e+00       2439     1.6931  0.000e+00
     22.680   65.00098 -168.65346     22.906     3.1065     3.1073     3.1052    32.3349    32.3765  1025.8565    25.7490    302.225    290.186  328.27849     92.064     88.426     0.2320     1.0439     4.0195     0.6362 4.8991e+00       2440     1.6938  0.000e+00
     22.719   65.00098 -168.65346     22.945     3.1051     3.1054     3.1038    32.3348    32.3771  1025.8568    25.7491    302.201    290.180  328.29031     92.053     88.420     0.2320     1.0439     4.0183     0.6374 4.8991e+00       2441     1.6944  0.000e+00
     22.680   65.00098 -168.65346     22.906     3.1034     3.1042     3.1021    32.3356    32.3764  1025.8574    25.7499    302.171    290.188  328.30213     92.040     88.420     0.2320     1.0439     4.0183     0.6374 4.8850e+00       2442     1.6951  0.000e+00
     22.780   65.00098 -168.65346     23.007     3.1018     3.1026     3.1005    32.3358    32.3766  1025.8581    25.7501    302.141    290.200  328.31433     92.028     88.420     0.2320     1.0439     4.0183     0.6374 4.8991e+00       2443     1.6958  0.000e+00
     22.719   65.00098 -168.65346     22.945     3.0996     3.1011     3.0983    32.3367    32.3768  1025.8587    25.7510    302.105    290.007  328.32981     92.013     88.358     0.2320     1.0439     4.0195     0.6362 4.8850e+00       2444     1.6965  0.000e+00
     22.742   65.00098 -168.65346     22.968     3.0979     3.0995     3.0966    32.3367    32.3771  1025.8590    25.7512    302.102    290.183  328.34400     92.008     88.408     0.2308     1.0366     4.0183     0.6374 4.8709e+00       2445     1.6972  0.000e+00
     22.780   65.00098 -168.65346     23.007     3.0963     3.0975     3.0950    32.3371    32.3774  1025.8596    25.7516    301.913    290.188  328.35573     91.947     88.406     0.2320     1.0439     4.0183     0.6374 4.8569e+00       2446     1.6979  0.000e+00
     22.796   65.00098 -168.65346     23.023     3.0947     3.0956     3.0934    32.3375    32.3780  1025.8602    25.7521    302.088    289.993  328.36802     91.997     88.342     0.2308     1.0366     4.0195     0.6362 4.8569e+00       2447     1.6986  0.000e+00
     22.834   65.00098 -168.65346     23.062     3.0937     3.0945     3.0923    32.3377    32.3780  1025.8606    25.7523    302.073    289.964  328.37586     91.990     88.331     0.2320     1.0439     4.0195     0.6362 4.8430e+00       2448     1.6993  0.000e+00
     22.834   65.00098 -168.65346     23.062     3.0921     3.0934     3.0908    32.3378    32.3778  1025.8608    25.7526    302.058    289.932  328.38803     91.982     88.319     0.2320     1.0439     4.0195     0.6362 4.8430e+00       2449     1.7000  0.000e+00
     22.857   65.00098 -168.65346     23.085     3.0910     3.0922     3.0897    32.3374    32.3780  1025.8607    25.7523    302.039    289.922  328.39824     91.974     88.314     0.2320     1.0439     4.0183     0.6374 4.8430e+00       2450     1.7007  0.000e+00
     22.896   65.00098 -168.65346     23.124     3.0898     3.0912     3.0884    32.3379    32.3780  1025.8614    25.7528    301.800    290.105  328.40697     91.898     88.367     0.2308     1.0366     4.0183     0.6374 4.8290e+00       2451     1.7014  0.000e+00
     22.857   65.00098 -168.65346     23.085     3.0885     3.0898     3.0872    32.3386    32.3787  1025.8619    25.7535    301.955    290.114  328.41561     91.943     88.367     0.2308     1.0366     4.0183     0.6374 4.8290e+00       2452     1.7021  0.000e+00
     22.896   65.00098 -168.65346     23.124     3.0876     3.0889     3.0863    32.3387    32.3795  1025.8622    25.7537    301.927    290.119  328.42264     91.932     88.367     0.2295     1.0293     4.0183     0.6374 4.8290e+00       2453     1.7028  0.000e+00
     22.911   65.00098 -168.65346     23.139     3.0868     3.0884     3.0854    32.3398    32.3799  1025.8632    25.7546    301.891    290.118  328.42656     91.920     88.366     0.2271     1.0146     4.0183     0.6374 4.8151e+00       2454     1.7035  0.000e+00
     22.950   65.00098 -168.65346     23.178     3.0863     3.0881     3.0850    32.3403    32.3802  1025.8639    25.7551    301.418    290.116  328.42911     91.776     88.365     0.2271     1.0146     4.0183     0.6374 4.8013e+00       2455     1.7042  0.000e+00
     22.950   65.00098 -168.65346     23.178     3.0863     3.0881     3.0850    32.3408    32.3807  1025.8643    25.7554    301.557    290.108  328.42791     91.818     88.363     0.2271     1.0146     4.0171     0.6386 4.8013e+00       2456     1.7049  0.000e+00
     22.973   65.00098 -168.65346     23.202     3.0864     3.0880     3.0851    32.3415    32.3815  1025.8649    25.7560    301.513    289.904  328.42475     91.806     88.301     0.2271     1.0146     4.0159     0.6398 4.7875e+00       2457     1.7056  0.000e+00
     23.004   65.00098 -168.65346     23.233     3.0866     3.0881     3.0853    32.3421    32.3821  1025.8655    25.7565    301.470    289.870  328.42200     91.793     88.292     0.2271     1.0146     4.0159     0.6398 4.7737e+00       2458     1.7063  0.000e+00
     22.973   65.00098 -168.65346     23.202     3.0869     3.0891     3.0856    32.3432    32.3822  1025.8662    25.7573    301.385    290.022  328.41667     91.769     88.340     0.2271     1.0146     4.0159     0.6398 4.7737e+00       2459     1.7069  0.000e+00
     23.004   65.00098 -168.65346     23.233     3.0874     3.0891     3.0861    32.3436    32.3828  1025.8666    25.7576    301.338    290.008  328.41182     91.756     88.336     0.2271     1.0146     4.0159     0.6398 4.7600e+00       2460     1.7076  0.000e+00
     23.065   65.00098 -168.65346     23.295     3.0880     3.0898     3.0867    32.3444    32.3831  1025.8675    25.7582    301.507    290.013  328.40512     91.810     88.339     0.2271     1.0146     4.0159     0.6398 4.7463e+00       2461     1.7083  0.000e+00
     23.027   65.00098 -168.65346     23.256     3.0885     3.0904     3.0872    32.3450    32.3837  1025.8678    25.7586    301.273    290.012  328.39958     91.740     88.341     0.2271     1.0146     4.0159     0.6398 4.7463e+00       2462     1.7090  0.000e+00
     23.065   65.00098 -168.65346     23.295     3.0891     3.0914     3.0878    32.3458    32.3843  1025.8686    25.7592    301.223    290.011  328.39245     91.726     88.343     0.2271     1.0146     4.0159     0.6398 4.7326e+00       2463     1.7097  0.000e+00
     23.081   65.00098 -168.65346     23.311     3.0899     3.0923     3.0886    32.3457    32.3843  1025.8685    25.7590    300.991    290.010  328.38628     91.658     88.345     0.2283     1.0220     4.0159     0.6398 4.7190e+00       2464     1.7104  0.000e+00
     23.065   65.00098 -168.65346     23.295     3.0908     3.0930     3.0895    32.3463    32.3848  1025.8688    25.7594    301.158    290.008  328.37738     91.711     88.346     0.2271     1.0146     4.0159     0.6398 4.7190e+00       2465     1.7111  0.000e+00
     23.143   65.00098 -168.65346     23.373     3.0916     3.0936     3.0903    32.3473    32.3855  1025.8699    25.7602    301.111    289.814  328.36841     91.699     88.289     0.2271     1.0146     4.0159     0.6398 4.7190e+00       2466     1.7118  0.000e+00
     23.119   65.00098 -168.65346     23.350     3.0930     3.0942     3.0917    32.3475    32.3861  1025.8699    25.7603    301.058    289.788  328.35651     91.686     88.282     0.2271     1.0146     4.0159     0.6398 4.6919e+00       2467     1.7125  0.000e+00
     23.181   65.00098 -168.65346     23.412     3.0939     3.0953     3.0925    32.3479    32.3869  1025.8704    25.7605    301.012    289.761  328.34871     91.674     88.277     0.2283     1.0220     4.0159     0.6398 4.6919e+00       2468     1.7132  0.000e+00
     23.142   65.00098 -168.65346     23.373     3.0951     3.0965     3.0938    32.3484    32.3872  1025.8704    25.7607    301.175    289.730  328.33758     91.727     88.271     0.2271     1.0146     4.0159     0.6398 4.6919e+00       2469     1.7139  0.000e+00
     23.181   65.00098 -168.65346     23.412     3.0959     3.0979     3.0945    32.3492    32.3872  1025.8712    25.7614    300.944    289.702  328.32936     91.659     88.265     0.2283     1.0220     4.0159     0.6398 4.6649e+00       2470     1.7146  0.000e+00
     23.196   65.00098 -168.65346     23.427     3.0970     3.0987     3.0956    32.3492    32.3882  1025.8712    25.7612    300.893    289.675  328.32030     91.646     88.259     0.2271     1.0146     4.0159     0.6398 4.6649e+00       2471     1.7153  0.000e+00
     23.235   65.00098 -168.65346     23.466     3.0978     3.0995     3.0964    32.3500    32.3885  1025.8720    25.7618    300.881    289.651  328.31178     91.645     88.254     0.2271     1.0146     4.0159     0.6398 4.6649e+00       2472     1.7160  0.000e+00
     23.119   65.00098 -168.65346     23.349     3.0984     3.1003     3.0970    32.3505    32.3893  1025.8717    25.7621    300.613    289.619  328.30584     91.565     88.247     0.2271     1.0146     4.0159     0.6398 4.6515e+00       2473     1.7167  0.000e+00
     23.374   65.00098 -168.65346     23.607     3.0991     3.1006     3.0978    32.3508    32.3897  1025.8731    25.7623    300.759    289.607  328.29910     91.611     88.244     0.2271     1.0146     4.0159     0.6398 4.6381e+00       2474     1.7174  0.000e+00
     23.235   65.00098 -168.65346     23.466     3.0996     3.1014     3.0983    32.3509    32.3894  1025.8725    25.7624    300.746    289.577  328.29433     91.609     88.236     0.2271     1.0146     4.0159     0.6398 4.6515e+00       2475     1.7181  0.000e+00
