EcoFOCI/data/1_SampleCollection/2023_SikuliaqDBO_CruiseData/CTD_raw_BottleFile_SKQ23-12S/proc/skq202312s_026.cnv
* Sea-Bird SBE 9 Data File:
* FileName = D:\CTD\SKQ202312S\SKQ202312S_026.hex
* Software Version Seasave V 7.26.7.121
* Temperature SN = 6177
* Conductivity SN = 0369
* Number of Bytes Per Scan = 41
* Number of Voltage Words = 4
* Number of Scans Averaged by the Deck Unit = 1
* NMEA Latitude = 71 17.26 N
* NMEA Longitude = 157 14.75 W
* NMEA UTC (Time) = Sep 20 2023  23:14:47
* NMEA baud rate = 4800
** Ship: R/V Sikuliaq
** Station Number: 026
** Station Name: DBO5.2
** Bottom Depth: 56
** Operator: SD
# nquan = 24
# nvalues = 5478                                  
# units = specified
# name 0 = depSM: Depth [salt water, m]
# name 1 = latitude: Latitude [deg]
# name 2 = longitude: Longitude [deg]
# name 3 = prDM: Pressure, Digiquartz [db]
# name 4 = t090C: Temperature [ITS-90, deg C]
# name 5 = t190C: Temperature, 2 [ITS-90, deg C]
# name 6 = potemp090C: Potential Temperature [ITS-90, deg C]
# name 7 = sal00: Salinity, Practical [PSU]
# name 8 = sal11: Salinity, Practical, 2 [PSU]
# name 9 = density00: Density [density, kg/m^3]
# name 10 = sigma-é00: Density [sigma-theta, kg/m^3]
# name 11 = sbox0Mm/Kg: Oxygen, SBE 43 [umol/kg]
# name 12 = sbox1Mm/Kg: Oxygen, SBE 43, 2 [umol/kg]
# name 13 = oxsolMm/Kg: Oxygen Saturation, Garcia & Gordon [umol/kg]
# name 14 = sbeox0PS: Oxygen, SBE 43 [% saturation]
# name 15 = sbeox1PS: Oxygen, SBE 43, 2 [% saturation]
# name 16 = v0: Voltage 0
# name 17 = flECO-AFL: Fluorescence, WET Labs ECO-AFL/FL [mg/m^3]
# name 18 = v1: Voltage 1
# name 19 = CStarAt0: Beam Attenuation, WET Labs C-Star [1/m]
# name 20 = par: PAR/Irradiance, Biospherical/Licor
# name 21 = scan: Scan Count
# name 22 = timeM: Time, Elapsed [minutes]
# name 23 = flag:  0.000e+00
# span 0 =      2.412,     51.387                 
# span 1 =   71.28776,   71.28778                 
# span 2 = -157.24544, -157.24540                 
# span 3 =      2.437,     51.923                 
# span 4 =     2.1595,     4.5957                 
# span 5 =     2.1601,     4.5974                 
# span 6 =     2.1570,     4.5946                 
# span 7 =    30.2644,    31.7894                 
# span 8 =    30.2852,    31.8021                 
# span 9 =  1023.9938,  1025.6305                 
# span 10 =    23.9794,    25.3877                
# span 11 =    298.380,    319.188                
# span 12 =    282.435,    303.335                
# span 13 =  320.74021,  337.52632                
# span 14 =     92.199,     95.928                
# span 15 =     87.243,     91.914                
# span 16 =     0.0855,     0.2210                
# span 17 =     0.1648,     0.9780                
# span 18 =     2.2137,     4.0708                
# span 19 =     0.5854,     3.0232                
# span 20 = 1.0000e-12, 1.7325e+02                
# span 21 =          1,       5478                
# span 22 =     0.0000,     3.8035                
# span 23 = 0.0000e+00, 0.0000e+00                
# interval = seconds: 0.0416667
# start_time = Sep 20 2023 23:18:27 [NMEA time, first data scan]
# bad_flag = -9.990e-29
*END*
[from data line 1268]
     11.116   71.28778 -157.24542     11.231     4.3365     4.3373     4.3358    30.2791    30.2917  1024.0538    24.0012    307.308    293.737  323.53634     94.984     90.800     0.2088     0.9047     3.9158     0.7408 2.8317e+01       1269     0.8806  0.000e+00
     11.170   71.28778 -157.24542     11.286     4.3356     4.3361     4.3349    30.2789    30.2914  1024.0539    24.0011    307.758    293.755  323.54359     95.121     90.803     0.2100     0.9121     3.9158     0.7408 2.7999e+01       1270     0.8812  0.000e+00
     11.170   71.28778 -157.24542     11.286     4.3357     4.3369     4.3350    30.2834    30.2920  1024.0575    24.0047    307.621    293.761  323.53206     95.082     90.807     0.2088     0.9047     3.9170     0.7396 2.7999e+01       1271     0.8819  0.000e+00
     11.116   71.28778 -157.24542     11.231     4.3387     4.3384     4.3380    30.2901    30.2943  1024.0623    24.0097    307.426    293.761  323.49241     95.033     90.811     0.2100     0.9121     3.9158     0.7408 2.7763e+01       1272     0.8826  0.000e+00
     11.286   71.28778 -157.24542     11.403     4.3406     4.3399     4.3398    30.2887    30.2963  1024.0618    24.0084    307.451    293.776  323.48112     95.044     90.821     0.2088     0.9047     3.9158     0.7408 2.7529e+01       1273     0.8833  0.000e+00
     11.224   71.28778 -157.24542     11.340     4.3402     4.3424     4.3395    30.2889    30.2990  1024.0616    24.0086    307.697    293.779  323.48318     95.120     90.829     0.2088     0.9047     3.9158     0.7408 2.7451e+01       1274     0.8840  0.000e+00
     11.317   71.28778 -157.24542     11.434     4.3439     4.3434     4.3431    30.3096    30.3002  1024.0782    24.0247    307.484    293.810  323.40455     95.077     90.842     0.2088     0.9047     3.9158     0.7408 2.7219e+01       1275     0.8847  0.000e+00
     11.340   71.28778 -157.24542     11.457     4.3571     4.3427     4.3564    30.3402    30.2986  1024.1013    24.0477    307.315    293.862  323.22634     95.077     90.855     0.2088     0.9047     3.9158     0.7408 2.6914e+01       1276     0.8854  0.000e+00
     11.340   71.28778 -157.24542     11.457     4.3735     4.3435     4.3727    30.3642    30.3009  1024.1188    24.0652    307.350    293.901  323.04038     95.143     90.870     0.2100     0.9121     3.9158     0.7408 2.6914e+01       1277     0.8861  0.000e+00
     11.402   71.28778 -157.24542     11.519     4.3881     4.3539     4.3874    30.3760    30.3122  1024.1270    24.0731    307.253    293.852  322.89724     95.155     90.886     0.2088     0.9047     3.9158     0.7408 2.6611e+01       1278     0.8868  0.000e+00
     11.456   71.28778 -157.24542     11.574     4.3998     4.3682     4.3991    30.3794    30.3313  1024.1288    24.0747    307.203    293.761  322.79740     95.169     90.902     0.2100     0.9121     3.9158     0.7408 2.6312e+01       1279     0.8875  0.000e+00
     11.456   71.28778 -157.24542     11.574     4.4081     4.3820     4.4073    30.3800    30.3472  1024.1284    24.0743    307.188    293.663  322.73191     95.184     90.913     0.2088     0.9047     3.9158     0.7408 2.6164e+01       1280     0.8882  0.000e+00
     11.486   71.28778 -157.24542     11.605     4.4136     4.3933     4.4129    30.3798    30.3596  1024.1279    24.0736    306.992    293.599  322.68898     95.136     90.927     0.2088     0.9047     3.9158     0.7408 2.6017e+01       1281     0.8889  0.000e+00
     11.517   71.28778 -157.24542     11.636     4.4176     4.4035     4.4169    30.3797    30.3702  1024.1276    24.0732    307.200    293.553  322.65765     95.209     90.942     0.2076     0.8974     3.9158     0.7408 2.5652e+01       1282     0.8896  0.000e+00
     11.571   71.28778 -157.24542     11.691     4.4207     4.4128     4.4200    30.3836    30.3792  1024.1306    24.0760    307.233    293.523  322.62425     95.229     90.960     0.2088     0.9047     3.9158     0.7408 2.5508e+01       1283     0.8903  0.000e+00
     11.571   71.28778 -157.24542     11.691     4.4250     4.4202     4.4243    30.3888    30.3869  1024.1343    24.0797    307.252    293.493  322.57812     95.249     90.972     0.2100     0.9121     3.9158     0.7408 2.5364e+01       1284     0.8910  0.000e+00
     11.625   71.28778 -157.24542     11.745     4.4293     4.4258     4.4286    30.3929    30.3912  1024.1374    24.0825    307.037    293.490  322.53492     95.195     90.986     0.2088     0.9047     3.9182     0.7383 2.5008e+01       1285     0.8917  0.000e+00
     11.687   71.28778 -157.24542     11.808     4.4321     4.4296     4.4314    30.3951    30.3938  1024.1392    24.0840    307.228    293.511  322.50741     95.262     91.003     0.2088     0.9047     3.9194     0.7371 2.4797e+01       1286     0.8924  0.000e+00
     11.687   71.28778 -157.24542     11.808     4.4355     4.4333     4.4347    30.3996    30.3969  1024.1424    24.0872    307.231    293.533  322.47041     95.274     91.020     0.2088     0.9047     3.9194     0.7371 2.4797e+01       1287     0.8931  0.000e+00
     11.656   71.28778 -157.24542     11.776     4.4402     4.4367     4.4394    30.4104    30.4012  1024.1503    24.0953    307.274    293.745  322.40773     95.306     91.096     0.2088     0.9047     3.9194     0.7371 2.4312e+01       1288     0.8938  0.000e+00
     11.803   71.28778 -157.24542     11.925     4.4471     4.4400     4.4463    30.4185    30.4042  1024.1568    24.1011    307.250    293.804  322.33464     95.320     91.124     0.2027     0.8681     3.9194     0.7371 2.4175e+01       1289     0.8944  0.000e+00
     11.803   71.28778 -157.24542     11.925     4.4518     4.4422     4.4510    30.4189    30.4069  1024.1567    24.1009    307.224    293.849  322.29661     95.323     91.144     0.2015     0.8608     3.9194     0.7371 2.4106e+01       1290     0.8951  0.000e+00
     11.803   71.28778 -157.24542     11.925     4.4556     4.4438     4.4548    30.4193    30.4075  1024.1566    24.1009    307.239    293.905  322.26623     95.337     91.165     0.2002     0.8535     3.9194     0.7371 2.3701e+01       1291     0.8958  0.000e+00
     11.857   71.28778 -157.24542     11.979     4.4586     4.4452     4.4578    30.4202    30.4086  1024.1573    24.1013    307.229    293.945  322.24053     95.342     91.182     0.2015     0.8608     3.9194     0.7371 2.3501e+01       1292     0.8965  0.000e+00
     11.857   71.28778 -157.24542     11.979     4.4608     4.4471     4.4600    30.4227    30.4104  1024.1591    24.1031    307.254    293.980  322.21732     95.356     91.198     0.2027     0.8681     3.9194     0.7371 2.3435e+01       1293     0.8972  0.000e+00
     11.887   71.28778 -157.24542     12.010     4.4635     4.4482     4.4628    30.4270    30.4121  1024.1624    24.1062    307.240    294.212  322.18574     95.361     91.273     0.2015     0.8608     3.9194     0.7371 2.3106e+01       1294     0.8979  0.000e+00
     11.972   71.28778 -157.24542     12.096     4.4667     4.4495     4.4659    30.4286    30.4146  1024.1637    24.1072    307.231    294.276  322.15759     95.367     91.298     0.2015     0.8608     3.9194     0.7371 2.2782e+01       1295     0.8986  0.000e+00
     11.972   71.28778 -157.24542     12.096     4.4686     4.4534     4.4678    30.4275    30.4195  1024.1626    24.1061    307.234    294.290  322.14528     95.371     91.314     0.2015     0.8608     3.9194     0.7371 2.2782e+01       1296     0.8993  0.000e+00
     11.972   71.28778 -157.24542     12.096     4.4702     4.4599     4.4694    30.4304    30.4280  1024.1648    24.1083    307.231    294.275  322.12593     95.376     91.330     0.2015     0.8608     3.9194     0.7371 2.2462e+01       1297     0.9000  0.000e+00
     12.026   71.28778 -157.24542     12.150     4.4737     4.4695     4.4729    30.4395    30.4393  1024.1719    24.1151    307.201    294.065  322.07675     95.381     91.294     0.2015     0.8608     3.9194     0.7371 2.2147e+01       1298     0.9007  0.000e+00
     12.088   71.28778 -157.24542     12.213     4.4797     4.4786     4.4789    30.4494    30.4492  1024.1795    24.1224    307.147    294.011  322.00605     95.385     91.303     0.2015     0.8608     3.9194     0.7371 2.2084e+01       1299     0.9014  0.000e+00
     12.057   71.28778 -157.24542     12.182     4.4850     4.4855     4.4842    30.4563    30.4562  1024.1843    24.1273    307.102    294.165  321.94792     95.389     91.372     0.2015     0.8608     3.9194     0.7371 2.1836e+01       1300     0.9021  0.000e+00
     12.088   71.28778 -157.24542     12.213     4.4897     4.4912     4.4889    30.4588    30.4606  1024.1859    24.1289    307.043    293.982  321.90566     95.383     91.330     0.2015     0.8608     3.9194     0.7371 2.1469e+01       1301     0.9028  0.000e+00
     12.142   71.28778 -157.24542     12.267     4.4932     4.4952     4.4924    30.4599    30.4642  1024.1867    24.1294    307.239    294.150  321.87595     95.453     91.394     0.2015     0.8608     3.9194     0.7371 2.1348e+01       1302     0.9035  0.000e+00
     12.142   71.28778 -157.24542     12.267     4.4957     4.4983     4.4949    30.4605    30.4667  1024.1869    24.1296    307.053    294.157  321.85499     95.401     91.404     0.2015     0.8608     3.9194     0.7371 2.1288e+01       1303     0.9042  0.000e+00
     12.204   71.28778 -157.24542     12.330     4.4978     4.5007     4.4970    30.4618    30.4687  1024.1880    24.1304    307.259    294.172  321.83559     95.471     91.416     0.2015     0.8608     3.9194     0.7371 2.0989e+01       1304     0.9049  0.000e+00
     12.204   71.28778 -157.24542     12.330     4.4998     4.5029     4.4990    30.4632    30.4705  1024.1889    24.1313    307.283    294.185  321.81642     95.484     91.426     0.2015     0.8608     3.9316     0.7247 2.0930e+01       1305     0.9056  0.000e+00
     12.227   71.28778 -157.24542     12.353     4.5016     4.5049     4.5008    30.4650    30.4719  1024.1903    24.1326    307.276    294.202  321.79817     95.487     91.436     0.2015     0.8608     3.9438     0.7122 2.0811e+01       1306     0.9063  0.000e+00
     12.204   71.28778 -157.24542     12.330     4.5033     4.5065     4.5025    30.4657    30.4731  1024.1906    24.1330    307.267    294.219  321.78309     95.489     91.446     0.2027     0.8681     3.9451     0.7110 2.0519e+01       1307     0.9069  0.000e+00
     12.311   71.28778 -157.24542     12.439     4.5049     4.5074     4.5041    30.4660    30.4745  1024.1912    24.1331    307.295    294.245  321.76984     95.501     91.457     0.2015     0.8608     3.9451     0.7110 2.0404e+01       1308     0.9076  0.000e+00
     12.258   71.28778 -157.24542     12.384     4.5064     4.5087     4.5055    30.4672    30.4753  1024.1918    24.1339    307.282    294.263  321.75583     95.502     91.466     0.2015     0.8608     3.9438     0.7122 2.0346e+01       1309     0.9083  0.000e+00
     12.311   71.28778 -157.24542     12.439     4.5081     4.5098     4.5073    30.4683    30.4758  1024.1927    24.1346    307.302    294.452  321.73993     95.512     91.528     0.2015     0.8608     3.9438     0.7122 2.0060e+01       1310     0.9090  0.000e+00
     12.311   71.28778 -157.24542     12.439     4.5099     4.5115     4.5090    30.4707    30.4775  1024.1945    24.1363    307.281    294.295  321.72020     95.512     91.484     0.2015     0.8608     3.9438     0.7122 1.9891e+01       1311     0.9097  0.000e+00
     12.342   71.28778 -157.24542     12.470     4.5116     4.5131     4.5108    30.4737    30.4792  1024.1968    24.1385    307.500    294.495  321.69961     95.586     91.551     0.2015     0.8608     3.9438     0.7122 1.9891e+01       1312     0.9104  0.000e+00
     12.427   71.28778 -157.24542     12.556     4.5137     4.5150     4.5129    30.4746    30.4811  1024.1977    24.1391    307.543    294.505  321.68079     95.605     91.559     0.2015     0.8608     3.9438     0.7122 1.9612e+01       1313     0.9111  0.000e+00
     12.373   71.28778 -157.24542     12.501     4.5156     4.5167     4.5147    30.4762    30.4826  1024.1985    24.1401    307.545    294.508  321.66282     95.611     91.565     0.1929     0.8095     3.9438     0.7122 1.9501e+01       1314     0.9118  0.000e+00
     12.373   71.28778 -157.24542     12.501     4.5173     4.5181     4.5165    30.4777    30.4835  1024.1995    24.1411    307.547    294.514  321.64586     95.617     91.571     0.1844     0.7582     3.9438     0.7122 1.9501e+01       1315     0.9125  0.000e+00
     12.427   71.28778 -157.24542     12.556     4.5186     4.5193     4.5178    30.4784    30.4846  1024.2002    24.1415    307.585    294.521  321.63402     95.632     91.576     0.1832     0.7509     3.9438     0.7122 1.9282e+01       1316     0.9132  0.000e+00
     12.427   71.28778 -157.24542     12.556     4.5198     4.5204     4.5190    30.4796    30.4861  1024.2011    24.1424    307.618    294.712  321.62131     95.646     91.639     0.1832     0.7509     3.9438     0.7122 1.9119e+01       1317     0.9139  0.000e+00
     12.404   71.28778 -157.24542     12.532     4.5205     4.5210     4.5197    30.4803    30.4869  1024.2014    24.1429    307.620    294.736  321.61442     95.649     91.648     0.1832     0.7509     3.9438     0.7122 1.9065e+01       1318     0.9146  0.000e+00
     12.489   71.28778 -157.24542     12.618     4.5209     4.5214     4.5201    30.4799    30.4878  1024.2014    24.1425    307.903    294.762  321.61220     95.737     91.658     0.1832     0.7509     3.9438     0.7122 1.8957e+01       1319     0.9153  0.000e+00
     12.489   71.28778 -157.24542     12.618     4.5214     4.5221     4.5206    30.4800    30.4888  1024.2015    24.1425    307.967    294.779  321.60832     95.758     91.665     0.1832     0.7509     3.9438     0.7122 1.8797e+01       1320     0.9160  0.000e+00
     12.489   71.28778 -157.24542     12.618     4.5219     4.5226     4.5211    30.4801    30.4891  1024.2015    24.1426    307.785    294.796  321.60396     95.703     91.672     0.1832     0.7509     3.9438     0.7122 1.8744e+01       1321     0.9167  0.000e+00
     12.489   71.28778 -157.24542     12.618     4.5219     4.5229     4.5211    30.4809    30.4891  1024.2021    24.1432    307.988    294.812  321.60213     95.767     91.677     0.1832     0.7509     3.9438     0.7122 1.8638e+01       1322     0.9174  0.000e+00
     12.489   71.28778 -157.24542     12.618     4.5219     4.5229     4.5211    30.4812    30.4895  1024.2024    24.1435    308.042    294.825  321.60122     95.784     91.682     0.1844     0.7582     3.9438     0.7122 1.8533e+01       1323     0.9181  0.000e+00
     12.512   71.28778 -157.24542     12.641     4.5224     4.5227     4.5216    30.4809    30.4898  1024.2022    24.1431    308.059    295.025  321.59846     95.790     91.744     0.1832     0.7509     3.9438     0.7122 1.8428e+01       1324     0.9187  0.000e+00
     12.543   71.28778 -157.24542     12.672     4.5224     4.5226     4.5216    30.4815    30.4899  1024.2028    24.1436    308.072    294.867  321.59703     95.794     91.695     0.1832     0.7509     3.9475     0.7085 1.8428e+01       1325     0.9194  0.000e+00
     12.543   71.28778 -157.24542     12.672     4.5224     4.5224     4.5216    30.4819    30.4904  1024.2031    24.1439    308.111    295.059  321.59602     95.807     91.754     0.1832     0.7509     3.9536     0.7023 1.8272e+01       1326     0.9201  0.000e+00
     12.489   71.28778 -157.24542     12.618     4.5224     4.5226     4.5216    30.4817    30.4900  1024.2028    24.1438    308.146    295.076  321.59633     95.818     91.759     0.1832     0.7509     3.9560     0.6999 1.8221e+01       1327     0.9208  0.000e+00
     12.543   71.28778 -157.24542     12.672     4.5226     4.5223     4.5217    30.4817    30.4909  1024.2030    24.1438    308.180    294.905  321.59525     95.829     91.707     0.1832     0.7509     3.9548     0.7011 1.8221e+01       1328     0.9215  0.000e+00
