EcoFOCI/data/1_SampleCollection/2023_SikuliaqDBO_CruiseData/CTD_raw_BottleFile_SKQ23-12S/proc/skq202312s_008avg.cnv
* Sea-Bird SBE 9 Data File:
* FileName = D:\CTD\SKQ202312S\SKQ202312S_008.hex
* Software Version Seasave V 7.26.7.121
* Temperature SN = 6177
* Conductivity SN = 0369
* Number of Bytes Per Scan = 41
* Number of Voltage Words = 4
* Number of Scans Averaged by the Deck Unit = 1
* NMEA Latitude = 62 47.19 N
* NMEA Longitude = 173 30.00 W
* NMEA UTC (Time) = Sep 16 2023  08:58:03
* NMEA baud rate = 4800
** Ship: R/V Sikuliaq
** Station Number: 008
** Station Name: DBO1.7
** Bottom Depth: 69
** Operator: SD
# nquan = 25
# nvalues = 63                          
# units = specified
# name 0 = depSM: Depth [salt water, m]
# name 1 = latitude: Latitude [deg]
# name 2 = longitude: Longitude [deg]
# name 3 = prDM: Pressure, Digiquartz [db]
# name 4 = t090C: Temperature [ITS-90, deg C]
# name 5 = t190C: Temperature, 2 [ITS-90, deg C]
# name 6 = potemp090C: Potential Temperature [ITS-90, deg C]
# name 7 = sal00: Salinity, Practical [PSU]
# name 8 = sal11: Salinity, Practical, 2 [PSU]
# name 9 = density00: Density [density, kg/m^3]
# name 10 = sigma-é00: Density [sigma-theta, kg/m^3]
# name 11 = sbox0Mm/Kg: Oxygen, SBE 43 [umol/kg]
# name 12 = sbox1Mm/Kg: Oxygen, SBE 43, 2 [umol/kg]
# name 13 = oxsolMm/Kg: Oxygen Saturation, Garcia & Gordon [umol/kg]
# name 14 = sbeox0PS: Oxygen, SBE 43 [% saturation]
# name 15 = sbeox1PS: Oxygen, SBE 43, 2 [% saturation]
# name 16 = v0: Voltage 0
# name 17 = flECO-AFL: Fluorescence, WET Labs ECO-AFL/FL [mg/m^3]
# name 18 = v1: Voltage 1
# name 19 = CStarAt0: Beam Attenuation, WET Labs C-Star [1/m]
# name 20 = par: PAR/Irradiance, Biospherical/Licor
# name 21 = scan: Scan Count
# name 22 = timeM: Time, Elapsed [minutes]
# name 23 = nbin: number of scans per bin
# name 24 = flag: flag
# span 0 =      1.981,     63.373       
# span 1 =   62.78648,   62.78650       
# span 2 = -173.49996, -173.49996       
# span 3 =      2.000,     64.000       
# span 4 =    -1.5225,     7.0960       
# span 5 =    -1.5206,     7.1001       
# span 6 =    -1.5231,     7.0956       
# span 7 =    31.0998,    32.0187       
# span 8 =    31.1106,    32.0345       
# span 9 =  1024.3484,  1026.0587       
# span 10 =    24.3354,    25.7511      
# span 11 =    262.634,    397.831      
# span 12 =    250.575,    380.445      
# span 13 =  301.32005,  370.96757      
# span 14 =     70.842,    112.470      
# span 15 =     67.595,    104.496      
# span 16 =     0.0853,     0.2731      
# span 17 =     0.1638,     1.2907      
# span 18 =     1.9821,     4.1446      
# span 19 =     0.5136,     3.5407      
# span 20 = -1.412e-05, 5.7504e-01      
# span 21 =        579,       5882      
# span 22 =     0.4013,     4.0843      
# span 23 =         32,        384      
# span 24 = 0.0000e+00, 0.0000e+00      
# interval = decibars: 1                
# start_time = Sep 16 2023 09:02:12 [NMEA time, first data scan]
# bad_flag = -9.990e-29
*END*
      1.981   62.78648 -173.49996      2.000     7.0744     7.0750     7.0742    31.1011    31.1107  1024.3484    24.3392    294.495    281.289  301.46617     97.687     93.315     0.1802     0.7332     4.0531     0.6029 5.7504e-01        579     0.4013        233 0.0000e+00
      2.971   62.78648 -173.49996      3.000     7.0868     7.0905     7.0866    31.1010    31.1106  1024.3513    24.3375    294.394    281.466  301.38038     97.682     93.407     0.1780     0.7197     4.0545     0.6015 4.0063e-01        850     0.5898        225 0.0000e+00
      3.961   62.78648 -173.49996      4.000     7.0960     7.1001     7.0956    31.0998    31.1109  1024.3538    24.3354    294.270    280.696  301.32005     97.660     93.172     0.1739     0.6954     4.0507     0.6054 2.7153e-01       1057     0.7334         98 0.0000e+00
      4.952   62.78648 -173.49996      5.000     7.0872     7.0896     7.0868    31.1035    31.1122  1024.3625    24.3395    294.280    281.452  301.37223     97.647     93.401     0.1790     0.7261     4.0573     0.5988 2.0409e-01       1199     0.8322        132 0.0000e+00
      5.942   62.78648 -173.49996      6.000     7.0648     7.0609     7.0642    31.1071    31.1175  1024.3729    24.3453    294.404    280.845  301.51955     97.640     93.142     0.1812     0.7393     4.0547     0.6014 1.3936e-01       1327     0.9208        124 0.0000e+00
      6.932   62.78648 -173.49996      7.000     7.0546     7.0557     7.0540    31.1069    31.1166  1024.3786    24.3464    295.071    281.813  301.59035     97.838     93.451     0.1880     0.7800     4.0499     0.6061 1.0506e-01       1437     0.9970        136 0.0000e+00
      7.923   62.78648 -173.49996      8.000     7.0471     7.0474     7.0464    31.1064    31.1166  1024.3839    24.3471    295.337    281.698  301.64323     97.909     93.395     0.1932     0.8111     4.0557     0.6004 6.5936e-02       1585     1.1001        113 0.0000e+00
      8.913   62.78648 -173.49996      9.000     7.0248     7.0278     7.0241    31.1058    31.1159  1024.3909    24.3495    295.375    282.284  301.79878     97.871     93.547     0.1901     0.7927     4.0589     0.5972 4.7186e-02       1684     1.1689        137 0.0000e+00
      9.903   62.78648 -173.49996     10.000     7.0094     7.0155     7.0086    31.1052    31.1153  1024.3970    24.3510    295.556    281.975  301.90711     97.896     93.418     0.1885     0.7829     4.0600     0.5961 2.3131e-02       1828     1.2686        106 0.0000e+00
     10.894   62.78648 -173.49996     11.000     6.9621     6.9686     6.9611    31.1054    31.1157  1024.4080    24.3574    295.752    282.397  302.23562     97.855     93.457     0.1949     0.8216     4.0644     0.5917 7.2037e-03       1930     1.3394        120 0.0000e+00
     11.884   62.78648 -173.49996     12.000     6.9030     6.9083     6.9019    31.1061    31.1160  1024.4208    24.3655    296.346    284.193  302.64530     97.918     93.922     0.1963     0.8298     4.0541     0.6020 9.5902e-04       2054     1.4258         77 0.0000e+00
     12.874   62.78648 -173.49996     13.000     6.8577     6.8581     6.8566    31.1091    31.1198  1024.4336    24.3737    296.729    282.758  302.95433     97.945     93.342     0.2164     0.9505     4.0504     0.6056 4.2756e-04       2122     1.4732         75 0.0000e+00
     13.865   62.78648 -173.49996     14.000     6.8219     6.8228     6.8207    31.1071    31.1178  1024.4412    24.3767    297.489    284.431  303.20862     98.113     93.816     0.2294     1.0284     4.0504     0.6056 -1.412e-05       2187     1.5181         53 0.0000e+00
     14.855   62.78648 -173.49996     15.000     6.7965     6.7976     6.7953    31.1077    31.1180  1024.4495    24.3804    297.443    284.643  303.38480     98.042     93.832     0.2391     1.0868     4.0418     0.6141 1.0000e-12       2238     1.5533         52 0.0000e+00
     15.845   62.78648 -173.49996     16.000     6.7807     6.7815     6.7794    31.1092    31.1183  1024.4574    24.3837    297.682    284.297  303.49215     98.086     93.683     0.2605     1.2150     4.0366     0.6192 1.0000e-12       2295     1.5933         61 0.0000e+00
     16.835   62.78648 -173.49996     17.000     6.7717     6.7725     6.7703    31.1111    31.1213  1024.4647    24.3864    297.582    283.362  303.55094     98.034     93.358     0.2731     1.2907     4.0542     0.6018 1.4189e-07       2358     1.6370         61 0.0000e+00
     17.826   62.78648 -173.49996     18.000     6.7643     6.7652     6.7628    31.1142    31.1227  1024.4727    24.3897    297.193    284.157  303.59615     97.891     93.605     0.2461     1.1287     4.0892     0.5675 1.7346e-07       2413     1.6750         49 0.0000e+00
     18.816   62.78648 -173.49996     19.000     6.7444     6.7456     6.7428    31.1161    31.1261  1024.4813    24.3937    297.239    284.396  303.73144     97.863     93.644     0.2203     0.9735     4.1146     0.5426 -7.264e-10       2460     1.7074         46 0.0000e+00
     19.806   62.78648 -173.49996     20.000     6.6868     6.6881     6.6852    31.1226    31.1328  1024.4984    24.4062    296.921    283.696  304.12102     97.633     93.294     0.2164     0.9506     4.1238     0.5337 1.0000e-12       2503     1.7376         42 0.0000e+00
     20.796   62.78648 -173.49996     21.000     6.6132     6.6134     6.6115    31.1325    31.1436  1024.5201    24.4232    296.961    283.344  304.61691     97.487     93.024     0.2115     0.9209     4.1327     0.5251 1.0000e-12       2547     1.7682         48 0.0000e+00
     21.787   62.78648 -173.49996     22.000     6.6223     6.6194     6.6204    31.1624    31.1711  1024.5471    24.4456    297.772    283.616  304.48617     97.795     93.146     0.2218     0.9830     4.1390     0.5190 1.0000e-12       2607     1.8098         64 0.0000e+00
     22.777   62.78648 -173.49996     23.000     6.3335     6.3303     6.3316    31.2120    31.2256  1024.6264    24.5202    300.890    287.039  306.43123     98.192     93.674     0.2163     0.9497     4.1389     0.5191 1.0000e-12       2660     1.8463         40 0.0000e+00
     23.767   62.78648 -173.49996     24.000     5.2387     5.2359     5.2370    31.3133    31.3391  1024.8386    24.7271    304.786    292.150  314.19158     97.013     93.000     0.2062     0.8893     4.1446     0.5136 1.0000e-12       2697     1.8721         37 0.0000e+00
     24.757   62.78648 -173.49996     25.000     4.0864     4.0939     4.0848    31.4655    31.4970  1025.0833    24.9664    312.682    294.098  322.64144     96.902     91.195     0.2058     0.8867     4.1422     0.5159 1.0000e-12       2738     1.9006         45 0.0000e+00
     25.748   62.78648 -173.49996     26.000     2.1531     2.1807     2.1518    31.7295    31.7463  1025.4628    25.3400    347.764    316.205  337.76377    102.950     93.677     0.2245     0.9987     4.1281     0.5295 1.0000e-12       2786     1.9338         45 0.0000e+00
     26.738   62.78648 -173.49996     27.000     1.2791     1.2852     1.2780    31.7912    31.8189  1025.5774    25.4492    366.335    332.538  345.13619    106.137     96.384     0.2230     0.9903     4.1183     0.5390 1.0000e-12       2830     1.9645         40 0.0000e+00
     27.728   62.78648 -173.49996     28.000     0.6715     0.6824     0.6705    31.8350    31.8703  1025.6524    25.5189    394.178    357.064  350.46444    112.470    101.931     0.2428     1.1087     4.1139     0.5433 3.3588e-07       2875     1.9959         50 0.0000e+00
     28.718   62.78648 -173.49996     29.000    -0.1529    -0.1546    -0.1537    31.8930    31.9393  1025.7438    25.6049    397.831    373.896  357.92259    111.154    104.496     0.2502     1.1534     3.9110     0.7531 1.7775e-09       2924     2.0297         45 0.0000e+00
     29.708   62.78648 -173.49996     30.000    -0.6700    -0.6753    -0.6708    31.9427    31.9807  1025.8092    25.6650    392.545    371.388  362.70621    108.228    102.413     0.2241     0.9967     3.7299     0.9441 1.0000e-12       2970     2.0620         46 0.0000e+00
     30.699   62.78648 -173.49996     31.000    -0.9946    -0.9893    -0.9952    31.9587    31.9887  1025.8380    25.6887    391.343    369.609  365.80641    106.980    101.076     0.2020     0.8643     3.8475     0.8195 1.0000e-12       3017     2.0947         45 0.0000e+00
     31.689   62.78648 -173.49996     32.000    -1.2907    -1.2831    -1.2914    31.9778    32.0042  1025.8669    25.7124    396.776    380.445  368.66919    107.626    103.237     0.1925     0.8069     3.5868     1.0951 4.3143e-07       3059     2.1238         40 0.0000e+00
     32.679   62.78649 -173.49996     33.000    -1.4835    -1.4787    -1.4840    31.9888    32.0144  1025.8856    25.7261    379.532    367.649  370.55470    102.424     99.250     0.1805     0.7350     4.0402     0.6162 1.3391e-09       3096     2.1492         35 0.0000e+00
     33.669   62.78649 -173.49996     34.000    -1.5109    -1.5099    -1.5114    31.9859    32.0113  1025.8888    25.7244    339.333    329.930  370.83695     91.505     88.989     0.1386     0.4837     3.6698     1.0073 4.1974e-07       3143     2.1818         59 0.0000e+00
     34.660   62.78648 -173.49996     35.000    -1.5165    -1.5109    -1.5171    31.9799    32.0008  1025.8888    25.7196    280.607    272.857  370.91141     75.653     73.588     0.1340     0.4559     3.7073     0.9608 8.6788e-07       3206     2.2259         51 0.0000e+00
     35.650   62.78650 -173.49996     36.000    -1.5225    -1.5206    -1.5231    31.9811    32.0015  1025.8948    25.7208    273.381    263.762  370.96757     73.694     71.116     0.1167     0.3524     3.5945     1.0862 1.2124e-06       3245     2.2529         35 0.0000e+00
     36.640   62.78650 -173.49996     37.000    -1.4729    -1.4713    -1.4735    31.9852    32.0045  1025.9017    25.7229    273.433    263.468  370.45938     73.809     71.133     0.0987     0.2445     3.7416     0.9239 1.5610e-06       3282     2.2782         38 0.0000e+00
     37.630   62.78650 -173.49996     38.000    -1.4656    -1.4640    -1.4663    31.9956    32.0141  1025.9148    25.7312    275.924    264.102  370.35612     74.502     71.324     0.1255     0.4049     3.8876     0.7700 1.2761e-06       3328     2.3107         53 0.0000e+00
     38.620   62.78648 -173.49996     39.000    -1.4950    -1.4928    -1.4957    32.0094    32.0268  1025.9316    25.7431    284.619    270.936  370.61005     76.797     73.120     0.1309     0.4372     3.8014     0.8594 8.9116e-07       3379     2.3461         47 0.0000e+00
     39.611   62.78650 -173.49996     40.000    -1.5090    -1.5074    -1.5097    32.0137    32.0310  1025.9403    25.7469    287.196    273.631  370.73716     77.466     73.820     0.1168     0.3526     3.7872     0.8745 1.9037e-06       3421     2.3753         40 0.0000e+00
     40.601   62.78650 -173.49996     41.000    -1.5092    -1.5079    -1.5099    32.0145    32.0309  1025.9457    25.7476    281.833    269.286  370.73703     76.020     72.647     0.1027     0.2680     3.7622     0.9009 1.8425e-06       3464     2.4048         46 0.0000e+00
     41.591   62.78650 -173.49996     42.000    -1.5076    -1.5059    -1.5083    32.0158    32.0318  1025.9516    25.7486    275.228    261.941  370.71654     74.242     70.670     0.0995     0.2493     3.3382     1.4026 1.3315e-06       3517     2.4414         57 0.0000e+00
     42.581   62.78650 -173.49996     43.000    -1.5121    -1.5107    -1.5128    32.0187    32.0345  1025.9589    25.7511    273.105    259.553  370.75312     73.662     70.018     0.0970     0.2340     3.4763     1.2167 1.3376e-06       3564     2.4745         38 0.0000e+00
     43.571   62.78650 -173.49996     44.000    -1.5141    -1.5126    -1.5149    32.0185    32.0337  1025.9636    25.7510    272.170    258.728  370.77380     73.406     69.792     0.0939     0.2153     3.5825     1.0967 1.8840e-06       3602     2.5004         32 0.0000e+00
     44.561   62.78649 -173.49996     45.000    -1.5166    -1.5156    -1.5173    32.0181    32.0330  1025.9681    25.7506    270.743    257.531  370.80008     73.016     69.463     0.0903     0.1940     3.5165     1.1724 2.0268e-06       3643     2.5289         46 0.0000e+00
     45.551   62.78648 -173.49996     46.000    -1.5182    -1.5168    -1.5190    32.0176    32.0320  1025.9727    25.7503    268.891    256.230  370.81765     72.513     69.109     0.0907     0.1959     3.3279     1.3967 2.3791e-06       3695     2.5654         57 0.0000e+00
     46.542   62.78650 -173.49996     47.000    -1.5192    -1.5178    -1.5200    32.0171    32.0312  1025.9770    25.7499    267.484    254.039  370.82896     72.131     68.516     0.0887     0.1846     3.2277     1.5151 1.7805e-06       3744     2.5996         43 0.0000e+00
     47.532   62.78650 -173.49996     48.000    -1.5194    -1.5182    -1.5202    32.0164    32.0303  1025.9813    25.7494    266.721    252.898  370.83302     71.925     68.207     0.0870     0.1739     3.3574     1.3564 2.8373e-06       3787     2.6288         39 0.0000e+00
     48.522   62.78650 -173.49996     49.000    -1.5193    -1.5180    -1.5202    32.0160    32.0299  1025.9859    25.7490    266.499    253.359  370.83381     71.865     68.331     0.0866     0.1718     3.2511     1.4862 3.4791e-06       3826     2.6564         39 0.0000e+00
     49.512   62.78649 -173.49996     50.000    -1.5190    -1.5176    -1.5199    32.0157    32.0294  1025.9904    25.7488    266.093    253.094  370.83167     71.756     68.260     0.0873     0.1755     3.0775     1.7051 2.5690e-06       3867     2.6845         43 0.0000e+00
     50.502   62.78648 -173.49996     51.000    -1.5171    -1.5159    -1.5180    32.0161    32.0293  1025.9956    25.7491    265.863    252.911  370.81139     71.698     68.214     0.0877     0.1781     2.8425     2.0301 2.1212e-06       3917     2.7195         56 0.0000e+00
     51.492   62.78648 -173.49996     52.000    -1.5159    -1.5146    -1.5168    32.0168    32.0298  1026.0009    25.7496    265.661    252.884  370.79729     71.646     68.209     0.0862     0.1689     2.9253     1.9104 3.9479e-06       3972     2.7579         48 0.0000e+00
     52.482   62.78648 -173.49996     53.000    -1.5147    -1.5137    -1.5157    32.0175    32.0302  1026.0063    25.7501    265.725    252.762  370.78343     71.666     68.178     0.0859     0.1672     2.4076     2.8009 5.2627e-06       4013     2.7860         37 0.0000e+00
     53.472   62.78650 -173.49996     54.000    -1.5137    -1.5125    -1.5146    32.0179    32.0307  1026.0114    25.7505    265.093    252.428  370.77117     71.498     68.091     0.0858     0.1667     1.9821     3.5407 4.6520e-06       4052     2.8130         42 0.0000e+00
     54.462   62.78650 -173.49996     55.000    -1.5134    -1.5121    -1.5144    32.0177    32.0302  1026.0160    25.7503    264.884    252.251  370.76951     71.442     68.044     0.0853     0.1638     2.8774     1.9729 2.6989e-06       4100     2.8464         50 0.0000e+00
     55.452   62.78649 -173.49996     56.000    -1.5129    -1.5116    -1.5139    32.0176    32.0301  1026.0208    25.7502    264.522    251.778  370.76510     71.345     67.917     0.0864     0.1701     2.9454     1.8803 3.5289e-06       4149     2.8809         48 0.0000e+00
     56.443   62.78648 -173.49996     57.000    -1.5125    -1.5113    -1.5135    32.0176    32.0297  1026.0256    25.7502    264.320    251.841  370.76022     71.291     67.934     0.0868     0.1726     3.0464     1.7549 3.3952e-06       4213     2.9249         85 0.0000e+00
     57.433   62.78650 -173.49996     58.000    -1.5125    -1.5112    -1.5135    32.0174    32.0293  1026.0303    25.7500    264.011    250.766  370.76100     71.208     67.644     0.0872     0.1754     2.7942     2.1190 2.8286e-06       4292     2.9797         66 0.0000e+00
