EcoFOCI/data/1_SampleCollection/2023_SikuliaqDBO_CruiseData/CTD_raw_BottleFile_SKQ23-12S/proc/skq202312s_072.ros
* Sea-Bird SBE 9 Data File:
* FileName = D:\CTD\SKQ202312S\SKQ202312S_072.hex
* Software Version Seasave V 7.26.7.121
* Temperature SN = 6177
* Conductivity SN = 0369
* Number of Bytes Per Scan = 41
* Number of Voltage Words = 4
* Number of Scans Averaged by the Deck Unit = 1
* NMEA Latitude = 68 00.76 N
* NMEA Longitude = 167 52.45 W
* NMEA UTC (Time) = Oct 01 2023  18:46:53
* NMEA baud rate = 4800
** Ship: R/V Sikuliaq
** Station Number: 072
** Station Name: DBO3.5
** Bottom Depth: 52
** Operator: SD
# nquan = 22
# nvalues = 980                                   
# units = specified
# name 0 = depSM: Depth [salt water, m]
# name 1 = latitude: Latitude [deg]
# name 2 = longitude: Longitude [deg]
# name 3 = prDM: Pressure, Digiquartz [db]
# name 4 = t090C: Temperature [ITS-90, deg C]
# name 5 = t190C: Temperature, 2 [ITS-90, deg C]
# name 6 = potemp090C: Potential Temperature [ITS-90, deg C]
# name 7 = sal00: Salinity, Practical [PSU]
# name 8 = sal11: Salinity, Practical, 2 [PSU]
# name 9 = density00: Density [density, kg/m^3]
# name 10 = sigma-é00: Density [sigma-theta, kg/m^3]
# name 11 = sbox0Mm/Kg: Oxygen, SBE 43 [umol/kg]
# name 12 = sbox1Mm/Kg: Oxygen, SBE 43, 2 [umol/kg]
# name 13 = oxsolMm/Kg: Oxygen Saturation, Garcia & Gordon [umol/kg]
# name 14 = sbeox0PS: Oxygen, SBE 43 [% saturation]
# name 15 = v0: Voltage 0
# name 16 = flECO-AFL: Fluorescence, WET Labs ECO-AFL/FL [mg/m^3]
# name 17 = CStarAt0: Beam Attenuation, WET Labs C-Star [1/m]
# name 18 = par: PAR/Irradiance, Biospherical/Licor
# name 19 = scan: Scan Count
# name 20 = nbf: Bottles Fired
# name 21 = flag:  0.000e+00
# interval = seconds: 0.0416667
# start_time = Oct 01 2023 18:50:54 [NMEA time, first data scan]
# bad_flag = -9.990e-29
*END*
[from data line 725]
     10.153   68.01076 -167.87126     10.256     4.7676     4.7837     4.7669    29.4966    29.6018  1023.3865    23.3386    300.804    287.289  322.06841     93.398     0.3138     1.5348     0.7346 1.1189e+01      20212         15  0.000e+00
     10.091   68.01076 -167.87126     10.193     4.7622     4.7759     4.7615    29.4659    29.5910  1023.3625    23.3149    300.655    287.342  322.18416     93.318     0.3138     1.5348     0.7346 1.1221e+01      20213         15  0.000e+00
     10.091   68.01076 -167.87126     10.193     4.7555     4.7727     4.7549    29.4469    29.5834  1023.3481    23.3004    300.706    287.339  322.28187     93.305     0.3150     1.5421     0.7334 1.1285e+01      20214         15  0.000e+00
     10.037   68.01076 -167.87126     10.139     4.7502     4.7697     4.7495    29.4517    29.5820  1023.3522    23.3048    300.696    287.344  322.31177     93.294     0.3138     1.5348     0.7334 1.1253e+01      20215         15  0.000e+00
     10.091   68.01076 -167.87126     10.193     4.7472     4.7677     4.7465    29.4605    29.5860  1023.3597    23.3121    300.668    287.337  322.31412     93.284     0.3150     1.5421     0.7334 1.1317e+01      20216         15  0.000e+00
     10.037   68.01076 -167.87126     10.139     4.7452     4.7659     4.7446    29.4638    29.5901  1023.3623    23.3149    300.644    287.329  322.32095     93.275     0.3138     1.5348     0.7334 1.1349e+01      20217         15  0.000e+00
     10.091   68.01076 -167.87126     10.193     4.7435     4.7654     4.7428    29.4811    29.5936  1023.3764    23.3288    300.355    287.320  322.29305     93.193     0.3150     1.5421     0.7334 1.1349e+01      20218         15  0.000e+00
     10.006   68.01076 -167.87126     10.108     4.7432     4.7656     4.7425    29.5077    29.5999  1023.3971    23.3498    300.244    287.112  322.23104     93.176     0.3138     1.5348     0.7334 1.1381e+01      20219         15  0.000e+00
     10.037   68.01076 -167.87126     10.139     4.7437     4.7659     4.7430    29.5240    29.6055  1023.4101    23.3627    300.160    286.894  322.18800     93.163     0.3138     1.5348     0.7334 1.1414e+01      20220         15  0.000e+00
      9.975   68.01076 -167.87126     10.077     4.7438     4.7664     4.7432    29.5253    29.6080  1023.4108    23.3637    300.116    287.017  322.18374     93.150     0.3126     1.5275     0.7334 1.1446e+01      20221         15  0.000e+00
     10.779   68.01074 -167.87122     10.888     4.9334     4.9097     4.9326    30.4364    30.3456  1024.1169    24.0662    300.617    286.434  318.54379     94.372     0.2161     0.9487     0.6011 8.6119e+00      20330         16  0.000e+00
     10.779   68.01074 -167.87122     10.888     4.9504     4.8914     4.9496    30.4048    30.3393  1024.0902    24.0394    300.767    286.612  318.48941     94.436     0.2088     0.9047     0.5999 8.6119e+00      20331         16  0.000e+00
     10.779   68.01074 -167.87122     10.888     4.9605     4.8791     4.9598    30.3584    30.3331  1024.0523    24.0016    300.851    286.738  318.52238     94.452     0.2125     0.9267     0.5723 8.5874e+00      20332         16  0.000e+00
     10.779   68.01074 -167.87122     10.888     4.9596     4.8727     4.9588    30.3014    30.3255  1024.0073    23.9566    301.038    286.818  318.66535     94.468     0.2137     0.9341     0.5556 8.5874e+00      20333         16  0.000e+00
     10.779   68.01074 -167.87122     10.888     4.9508     4.8692     4.9501    30.2576    30.3211  1023.9735    23.9228    301.247    286.863  318.83631     94.483     0.2137     0.9341     0.5544 8.5874e+00      20334         16  0.000e+00
     10.809   68.01074 -167.87122     10.919     4.9356     4.8681     4.9349    30.2312    30.3204  1023.9544    23.9035    301.461    286.878  319.01525     94.497     0.2125     0.9267     0.5556 8.6119e+00      20335         16  0.000e+00
     10.779   68.01074 -167.87122     10.888     4.9195     4.8681     4.9188    30.2103    30.3143  1023.9394    23.8886    301.862    287.075  319.18802     94.572     0.2137     0.9341     0.5556 8.6119e+00      20336         16  0.000e+00
     10.725   68.01074 -167.87122     10.833     4.9051     4.8676     4.9044    30.2141    30.2887  1023.9436    23.8931    302.212    287.125  319.28952     94.651     0.2149     0.9414     0.5556 8.6119e+00      20337         16  0.000e+00
     10.779   68.01074 -167.87122     10.888     4.8931     4.8628     4.8924    30.2183    30.2261  1023.9484    23.8976    302.148    287.304  319.37137     94.607     0.2137     0.9341     0.5556 8.6365e+00      20338         16  0.000e+00
     10.725   68.01074 -167.87122     10.833     4.8848     4.8563     4.8841    30.1951    30.1338  1023.9307    23.8801    302.513    287.551  319.48984     94.686     0.2149     0.9414     0.5556 8.6611e+00      20339         16  0.000e+00
     10.725   68.01074 -167.87122     10.833     4.8783     4.8488     4.8776    30.1581    30.0515  1023.9020    23.8515    302.056    287.781  319.62806     94.502     0.2137     0.9341     0.5556 8.6859e+00      20340         16  0.000e+00
     10.694   68.01074 -167.87122     10.802     4.8737     4.8431     4.8729    30.1326    29.9987  1023.8821    23.8317    302.727    287.926  319.72488     94.683     0.2149     0.9414     0.5567 8.6859e+00      20341         16  0.000e+00
     10.725   68.01074 -167.87122     10.833     4.8694     4.8399     4.8686    30.1480    29.9731  1023.8949    23.8444    302.763    287.991  319.72101     94.696     0.2137     0.9341     0.5556 8.7355e+00      20342         16  0.000e+00
     10.725   68.01074 -167.87122     10.833     4.8666     4.8386     4.8659    30.1932    29.9628  1023.9310    23.8805    302.705    288.021  319.63373     94.704     0.2149     0.9414     0.5556 8.7604e+00      20343         16  0.000e+00
     10.663   68.01074 -167.87122     10.771     4.8649     4.8392     4.8642    30.2240    29.9632  1023.9552    23.9050    302.657    287.986  319.57349     94.706     0.2137     0.9341     0.5556 8.7604e+00      20344         16  0.000e+00
     10.663   68.01074 -167.87122     10.771     4.8651     4.8436     4.8644    30.2367    29.9857  1023.9653    23.9150    302.623    287.870  319.54200     94.705     0.2137     0.9341     0.5556 8.8356e+00      20345         16  0.000e+00
     10.663   68.01074 -167.87122     10.771     4.8668     4.8475     4.8661    30.2369    30.0172  1023.9653    23.9151    302.559    287.754  319.52828     94.689     0.2137     0.9341     0.5556 8.8608e+00      20346         16  0.000e+00
     10.609   68.01074 -167.87122     10.716     4.8685     4.8513     4.8678    30.2318    30.0480  1023.9608    23.9108    302.524    287.633  319.52742     94.678     0.2149     0.9414     0.5556 8.8608e+00      20347         16  0.000e+00
     10.640   68.01074 -167.87124     10.748     4.8695     4.8532     4.8688    30.2265    30.0741  1023.9567    23.9065    302.549    287.556  319.53245     94.685     0.2137     0.9341     0.5556 8.9369e+00      20348         16  0.000e+00
     10.609   68.01074 -167.87124     10.717     4.8710     4.8523     4.8702    30.2201    30.0699  1023.9513    23.9013    302.735    287.539  319.53646     94.742     0.2137     0.9341     0.5556 8.9880e+00      20349         16  0.000e+00
     10.555   68.01074 -167.87124     10.662     4.8712     4.8507     4.8705    30.2214    30.0416  1023.9521    23.9023    302.724    287.593  319.53138     94.740     0.2125     0.9267     0.5556 8.9880e+00      20350         16  0.000e+00
     10.609   68.01074 -167.87124     10.717     4.8708     4.8486     4.8701    30.2221    30.0111  1023.9529    23.9029    303.125    287.842  319.53292     94.865     0.2137     0.9341     0.5556 9.0393e+00      20351         16  0.000e+00
     10.555   68.01074 -167.87124     10.662     4.8703     4.8456     4.8696    30.2207    29.9783  1023.9516    23.9019    302.746    287.928  319.53991     94.744     0.2125     0.9267     0.6011 9.1169e+00      20352         16  0.000e+00
     10.555   68.01074 -167.87124     10.662     4.8701     4.8414     4.8694    30.2238    29.9408  1023.9540    23.9043    302.728    288.030  319.53414     94.740     0.2137     0.9341     0.6435 9.1169e+00      20353         16  0.000e+00
     10.493   68.01074 -167.87124     10.600     4.8708     4.8344     4.8701    30.2259    29.8985  1023.9554    23.9060    302.691    287.970  319.52381     94.732     0.2125     0.9267     0.6520 9.1951e+00      20354         16  0.000e+00
     10.524   68.01074 -167.87124     10.631     4.8726     4.8234     4.8719    30.2106    29.8446  1023.9432    23.8936    302.644    288.132  319.54691     94.710     0.2149     0.9414     0.6496 9.2740e+00      20355         16  0.000e+00
     10.493   68.01074 -167.87124     10.600     4.8733     4.8169     4.8726    30.1622    29.8069  1023.9046    23.8552    302.729    288.239  319.65695     94.704     0.2149     0.9414     0.6483 9.3004e+00      20356         16  0.000e+00
     10.439   68.01074 -167.87124     10.545     4.8726     4.8125     4.8719    30.1127    29.7941  1023.8653    23.8161    302.786    288.271  319.78064     94.686     0.2137     0.9341     0.6471 9.3802e+00      20357         16  0.000e+00
     10.493   68.01074 -167.87124     10.600     4.8707     4.8120     4.8699    30.0761    29.7991  1023.8368    23.7873    302.816    288.236  319.88293     94.665     0.2149     0.9414     0.6471 9.5147e+00      20358         16  0.000e+00
     10.439   68.01074 -167.87124     10.545     4.8686     4.8128     4.8679    30.0874    29.8101  1023.8457    23.7965    302.756    288.171  319.87191     94.649     0.2137     0.9341     0.6471 9.5418e+00      20359         16  0.000e+00
     10.439   68.01074 -167.87124     10.545     4.8685     4.8094     4.8678    30.1102    29.8072  1023.8637    23.8145    302.644    288.166  319.81785     94.630     0.2149     0.9414     0.6483 9.5963e+00      20360         16  0.000e+00
     10.378   68.01074 -167.87124     10.483     4.8681     4.8016     4.8674    30.0063    29.7755  1023.7812    23.7323    302.810    288.440  320.06947     94.608     0.2137     0.9341     0.6471 9.7616e+00      20361         16  0.000e+00
     10.409   68.01074 -167.87124     10.514     4.8620     4.7926     4.8613    29.8599    29.7240  1023.6660    23.6169    303.112    288.596  320.46661     94.585     0.2149     0.9414     0.6471 9.8173e+00      20362         16  0.000e+00
     10.324   68.01074 -167.87124     10.428     4.8529     4.7807     4.8522    29.7990    29.6649  1023.6184    23.5697    303.231    288.596  320.68279     94.558     0.2137     0.9341     0.6471 9.8452e+00      20363         16  0.000e+00
     10.378   68.01074 -167.87124     10.483     4.8426     4.7721     4.8419    29.7303    29.6264  1023.5652    23.5163    303.404    288.717  320.92656     94.540     0.2149     0.9414     0.6483 1.0043e+01      20364         16  0.000e+00
     10.378   68.01074 -167.87124     10.483     4.8267     4.7694     4.8260    29.6149    29.6297  1023.4754    23.4264    303.719    288.697  321.32645     94.520     0.2125     0.9267     0.6471 1.0101e+01      20365         16  0.000e+00
     10.262   68.01074 -167.87124     10.366     4.8085     4.7694     4.8078    29.5327    29.6476  1023.4116    23.3632    303.964    288.430  321.66494     94.497     0.2137     0.9341     0.6471 1.0129e+01      20366         16  0.000e+00
     10.324   68.01074 -167.87124     10.428     4.7919     4.7673     4.7912    29.4888    29.6439  1023.3788    23.3301    304.107    288.399  321.89862     94.473     0.2137     0.9341     0.6471 1.0304e+01      20367         16  0.000e+00
     10.262   68.01074 -167.87124     10.366     4.7770     4.7634     4.7763    29.4701    29.6180  1023.3652    23.3167    304.197    288.402  322.05955     94.454     0.2137     0.9341     0.6483 1.0392e+01      20368         16  0.000e+00
     10.293   68.01074 -167.87124     10.397     4.7651     4.7605     4.7644    29.4641    29.5941  1023.3617    23.3131    304.229    288.414  322.16642     94.432     0.2125     0.9267     0.6471 1.0422e+01      20369         16  0.000e+00
     10.208   68.01074 -167.87124     10.312     4.7559     4.7585     4.7552    29.4697    29.5805  1023.3667    23.3185    303.991    288.413  322.22427     94.341     0.2137     0.9341     0.6471 1.0601e+01      20370         16  0.000e+00
     10.262   68.01074 -167.87124     10.366     4.7499     4.7555     4.7492    29.4790    29.5657  1023.3749    23.3265    303.894    288.405  322.24838     94.304     0.2137     0.9341     0.6471 1.0692e+01      20371         16  0.000e+00
     10.208   68.01074 -167.87124     10.312     4.7452     4.7515     4.7446    29.4840    29.5469  1023.3791    23.3309    303.818    288.220  322.27239     94.274     0.2137     0.9341     0.6667 1.0722e+01      20372         16  0.000e+00
     10.208   68.01074 -167.87124     10.312     4.7421     4.7494     4.7414    29.4816    29.5350  1023.3775    23.3293    303.743    288.195  322.30278     94.241     0.2137     0.9341     0.6974 1.0876e+01      20373         16  0.000e+00
     10.208   68.01074 -167.87124     10.312     4.7390     4.7473     4.7384    29.4715    29.5291  1023.3698    23.3216    303.679    287.991  322.35068     94.208     0.2137     0.9341     0.7048 1.1000e+01      20374         16  0.000e+00
     10.154   68.01074 -167.87124     10.257     4.7357     4.7430     4.7350    29.4545    29.5123  1023.3564    23.3085    303.593    287.993  322.41741     94.161     0.2137     0.9341     0.7036 1.1031e+01      20375         16  0.000e+00
     10.154   68.01074 -167.87124     10.257     4.7322     4.7370     4.7315    29.4390    29.4843  1023.3445    23.2965    303.115    288.016  322.48195     93.994     0.2137     0.9341     0.7023 1.1157e+01      20376         16  0.000e+00
     10.123   68.01074 -167.87124     10.226     4.7289     4.7320     4.7283    29.4327    29.4609  1023.3396    23.2918    303.208    288.021  322.52271     94.011     0.2149     0.9414     0.7011 1.1285e+01      20377         16  0.000e+00
     10.154   68.01074 -167.87124     10.257     4.7262     4.7275     4.7256    29.4263    29.4410  1023.3350    23.2870    303.118    288.018  322.55924     93.973     0.2137     0.9341     0.7011 1.1317e+01      20378         16  0.000e+00
      3.251   68.01048 -167.87080      3.284     4.6530     4.6541     4.6528    29.1851    29.1955  1023.1184    23.1030    305.705    292.876  323.71325     94.437     0.4103     2.1135     0.8215 5.3712e+01      23208         17  0.000e+00
      3.367   68.01048 -167.87080      3.401     4.6530     4.6541     4.6528    29.1852    29.1951  1023.1191    23.1031    305.761    292.919  323.71294     94.454     0.4115     2.1209     0.8215 5.2960e+01      23209         17  0.000e+00
      3.251   68.01048 -167.87080      3.284     4.6528     4.6539     4.6526    29.1853    29.1958  1023.1186    23.1033    305.811    292.930  323.71387     94.470     0.4103     2.1135     0.8215 5.2367e+01      23210         17  0.000e+00
      3.421   68.01048 -167.87080      3.455     4.6527     4.6537     4.6525    29.1850    29.1955  1023.1192    23.1030    305.875    292.954  323.71585     94.489     0.4115     2.1209     0.8215 5.2219e+01      23211         17  0.000e+00
      3.367   68.01048 -167.87080      3.401     4.6528     4.6536     4.6526    29.1848    29.1957  1023.1187    23.1028    305.929    292.967  323.71565     94.506     0.4127     2.1282     0.8215 5.1489e+01      23212         17  0.000e+00
      3.367   68.01048 -167.87080      3.401     4.6528     4.6538     4.6526    29.1853    29.1955  1023.1191    23.1032    305.953    292.980  323.71400     94.513     0.4115     2.1209     0.8215 5.0483e+01      23213         17  0.000e+00
