EcoFOCI/data/1_SampleCollection/2023_SikuliaqDBO_CruiseData/CTD_raw_BottleFile_SKQ23-12S/proc/skq202312s_068.cnv
* Sea-Bird SBE 9 Data File:
* FileName = D:\CTD\SKQ202312S\SKQ202312S_068.hex
* Software Version Seasave V 7.26.7.121
* Temperature SN = 6177
* Conductivity SN = 0369
* Number of Bytes Per Scan = 41
* Number of Voltage Words = 4
* Number of Scans Averaged by the Deck Unit = 1
* NMEA Latitude = 67 40.62 N
* NMEA Longitude = 168 56.94 W
* NMEA UTC (Time) = Sep 29 2023  21:42:04
* NMEA baud rate = 4800
** Ship: R/V Sikuliaq
** Station Number: 068
** Station Name: DBO3.8
** Bottom Depth: 50
** Operator: SD
# nquan = 24
# nvalues = 3703                                  
# units = specified
# name 0 = depSM: Depth [salt water, m]
# name 1 = latitude: Latitude [deg]
# name 2 = longitude: Longitude [deg]
# name 3 = prDM: Pressure, Digiquartz [db]
# name 4 = t090C: Temperature [ITS-90, deg C]
# name 5 = t190C: Temperature, 2 [ITS-90, deg C]
# name 6 = potemp090C: Potential Temperature [ITS-90, deg C]
# name 7 = sal00: Salinity, Practical [PSU]
# name 8 = sal11: Salinity, Practical, 2 [PSU]
# name 9 = density00: Density [density, kg/m^3]
# name 10 = sigma-é00: Density [sigma-theta, kg/m^3]
# name 11 = sbox0Mm/Kg: Oxygen, SBE 43 [umol/kg]
# name 12 = sbox1Mm/Kg: Oxygen, SBE 43, 2 [umol/kg]
# name 13 = oxsolMm/Kg: Oxygen Saturation, Garcia & Gordon [umol/kg]
# name 14 = sbeox0PS: Oxygen, SBE 43 [% saturation]
# name 15 = sbeox1PS: Oxygen, SBE 43, 2 [% saturation]
# name 16 = v0: Voltage 0
# name 17 = flECO-AFL: Fluorescence, WET Labs ECO-AFL/FL [mg/m^3]
# name 18 = v1: Voltage 1
# name 19 = CStarAt0: Beam Attenuation, WET Labs C-Star [1/m]
# name 20 = par: PAR/Irradiance, Biospherical/Licor
# name 21 = scan: Scan Count
# name 22 = timeM: Time, Elapsed [minutes]
# name 23 = flag:  0.000e+00
# span 0 =      2.051,     45.081                 
# span 1 =   67.67708,   67.67710                 
# span 2 = -168.94940, -168.94924                 
# span 3 =      2.071,     45.540                 
# span 4 =     2.2800,     4.3266                 
# span 5 =     2.2714,     4.3271                 
# span 6 =     2.2787,     4.3252                 
# span 7 =    26.1225,    32.4304                 
# span 8 =    26.1366,    32.4429                 
# span 9 =  1020.8256,  1026.0550                 
# span 10 =    20.7999,    25.8417                
# span 11 =    236.439,    331.586                
# span 12 =    224.365,    316.898                
# span 13 =  326.96656,  344.61871                
# span 14 =     71.734,     98.278                
# span 15 =     68.080,     93.806                
# span 16 =     0.0757,     0.2686                
# span 17 =     0.1062,     1.2637                
# span 18 =     2.2198,     4.0696                
# span 19 =     0.5866,     3.0122                
# span 20 = 4.2089e-02, 2.5542e+02                
# span 21 =          1,       3703                
# span 22 =     0.0000,     2.5708                
# span 23 = 0.0000e+00, 0.0000e+00                
# interval = seconds: 0.0416667
# start_time = Sep 29 2023 21:45:22 [NMEA time, first data scan]
# bad_flag = -9.990e-29
*END*
[from data line 2899]
     40.091   67.67710 -168.94938     40.499     3.0006     2.9975     2.9983    32.3134    32.3275  1025.9312    25.7411    242.712    230.986  329.19215     73.730     70.170     0.0794     0.1282     3.2332     1.5072 3.2603e-01       2900     2.0132  0.000e+00
     40.029   67.67710 -168.94938     40.437     3.0009     2.9978     2.9986    32.3133    32.3270  1025.9309    25.7410    242.700    230.969  329.19016     73.726     70.165     0.0794     0.1282     3.2344     1.5057 3.2603e-01       2901     2.0139  0.000e+00
     40.091   67.67710 -168.94938     40.499     3.0010     2.9988     2.9987    32.3138    32.3261  1025.9315    25.7413    242.694    230.952  329.18773     73.725     70.161     0.0794     0.1282     3.2344     1.5057 3.2603e-01       2902     2.0146  0.000e+00
     40.091   67.67710 -168.94938     40.499     3.0012     2.9994     2.9989    32.3132    32.3262  1025.9310    25.7408    243.091    230.934  329.18783     73.846     70.156     0.0794     0.1282     3.2332     1.5072 3.2603e-01       2903     2.0153  0.000e+00
     40.037   67.67710 -168.94938     40.445     3.0013     2.9999     2.9991    32.3133    32.3257  1025.9308    25.7409    242.899    230.915  329.18626     73.788     70.151     0.0794     0.1282     3.2344     1.5057 3.2603e-01       2904     2.0160  0.000e+00
     40.091   67.67710 -168.94938     40.499     3.0012     3.0006     2.9989    32.3134    32.3253  1025.9312    25.7410    242.896    230.899  329.18743     73.786     70.147     0.0794     0.1282     3.2344     1.5057 3.2603e-01       2905     2.0167  0.000e+00
     40.037   67.67710 -168.94938     40.445     3.0015     3.0014     2.9992    32.3131    32.3248  1025.9306    25.7407    242.923    231.074  329.18565     73.795     70.202     0.0781     0.1209     3.2344     1.5057 3.2728e-01       2906     2.0174  0.000e+00
     40.091   67.67710 -168.94938     40.499     3.0013     3.0016     2.9991    32.3138    32.3251  1025.9315    25.7413    242.957    230.886  329.18513     73.806     70.145     0.0794     0.1282     3.2344     1.5057 3.2728e-01       2907     2.0181  0.000e+00
     40.029   67.67710 -168.94938     40.437     3.0018     3.0021     2.9995    32.3129    32.3247  1025.9304    25.7406    242.513    230.867  329.18333     73.671     70.140     0.0781     0.1209     3.2344     1.5057 3.2728e-01       2908     2.0187  0.000e+00
     40.091   67.67710 -168.94938     40.499     3.0013     3.0022     2.9991    32.3134    32.3249  1025.9311    25.7410    242.884    230.852  329.18613     73.783     70.136     0.0806     0.1355     3.2344     1.5057 3.3232e-01       2909     2.0194  0.000e+00
     40.037   67.67710 -168.94938     40.445     3.0015     3.0025     2.9992    32.3131    32.3249  1025.9306    25.7407    242.919    230.833  329.18555     73.794     70.131     0.0806     0.1355     3.2344     1.5057 3.3486e-01       2910     2.0201  0.000e+00
     40.037   67.67710 -168.94938     40.445     3.0017     3.0028     2.9994    32.3131    32.3247  1025.9306    25.7407    242.956    230.817  329.18425     73.805     70.126     0.0818     0.1428     3.2344     1.5057 3.3486e-01       2911     2.0208  0.000e+00
     40.037   67.67710 -168.94938     40.445     3.0017     3.0030     2.9994    32.3132    32.3249  1025.9307    25.7408    242.995    230.800  329.18405     73.817     70.121     0.0818     0.1428     3.2344     1.5057 3.2979e-01       2912     2.0215  0.000e+00
     40.091   67.67710 -168.94938     40.499     3.0018     3.0033     2.9995    32.3130    32.3246  1025.9308    25.7406    243.000    230.785  329.18322     73.819     70.117     0.0818     0.1428     3.2344     1.5057 3.2603e-01       2913     2.0222  0.000e+00
     39.975   67.67710 -168.94938     40.382     3.0018     3.0034     2.9995    32.3132    32.3249  1025.9304    25.7408    242.782    230.765  329.18256     73.753     70.111     0.0818     0.1428     3.2344     1.5057 3.2478e-01       2914     2.0229  0.000e+00
     40.091   67.67710 -168.94938     40.499     3.0020     3.0038     2.9997    32.3133    32.3250  1025.9310    25.7408    242.974    230.751  329.18111     73.812     70.108     0.0818     0.1428     3.2344     1.5057 3.2478e-01       2915     2.0236  0.000e+00
     40.091   67.67710 -168.94938     40.499     3.0020     3.0040     2.9997    32.3131    32.3248  1025.9309    25.7407    243.017    230.735  329.18151     73.824     70.103     0.0818     0.1428     3.2344     1.5057 3.2478e-01       2916     2.0243  0.000e+00
     40.037   67.67710 -168.94938     40.445     3.0020     3.0039     2.9997    32.3127    32.3247  1025.9303    25.7404    243.023    230.719  329.18264     73.826     70.098     0.0818     0.1428     3.2344     1.5057 3.2478e-01       2917     2.0250  0.000e+00
     40.037   67.67710 -168.94938     40.445     3.0021     3.0040     2.9999    32.3128    32.3245  1025.9304    25.7404    242.811    230.703  329.18104     73.762     70.093     0.0818     0.1428     3.2344     1.5057 3.2603e-01       2918     2.0257  0.000e+00
     40.037   67.67710 -168.94938     40.445     3.0023     3.0038     3.0000    32.3129    32.3248  1025.9304    25.7405    242.783    230.689  329.17943     73.754     70.089     0.0818     0.1428     3.2344     1.5057 3.2979e-01       2919     2.0264  0.000e+00
     40.037   67.67710 -168.94938     40.445     3.0021     3.0039     2.9999    32.3130    32.3253  1025.9305    25.7406    242.759    230.672  329.18054     73.746     70.084     0.0818     0.1428     3.2344     1.5057 3.2979e-01       2920     2.0271  0.000e+00
     40.029   67.67710 -168.94938     40.437     3.0021     3.0040     2.9999    32.3132    32.3248  1025.9306    25.7407    242.917    230.657  329.18012     73.794     70.080     0.0818     0.1428     3.2344     1.5057 3.2728e-01       2921     2.0278  0.000e+00
     39.975   67.67710 -168.94938     40.382     3.0025     3.0040     3.0002    32.3132    32.3247  1025.9303    25.7407    242.705    230.664  329.17754     73.731     70.082     0.0818     0.1428     3.2344     1.5057 3.2478e-01       2922     2.0285  0.000e+00
     40.037   67.67710 -168.94938     40.445     3.0025     3.0037     3.0002    32.3130    32.3250  1025.9305    25.7405    242.720    230.653  329.17803     73.735     70.078     0.0818     0.1428     3.2344     1.5057 3.2229e-01       2923     2.0292  0.000e+00
     40.037   67.67710 -168.94938     40.445     3.0023     3.0038     3.0000    32.3133    32.3251  1025.9307    25.7408    242.700    230.662  329.17853     73.729     70.081     0.0818     0.1428     3.2344     1.5057 3.2478e-01       2924     2.0299  0.000e+00
     40.037   67.67710 -168.94938     40.445     3.0026     3.0035     3.0003    32.3128    32.3253  1025.9303    25.7404    242.680    230.674  329.17712     73.723     70.084     0.0818     0.1428     3.2344     1.5057 3.2603e-01       2925     2.0306  0.000e+00
     40.037   67.67710 -168.94938     40.445     3.0025     3.0034     3.0002    32.3129    32.3252  1025.9304    25.7405    242.663    230.686  329.17813     73.718     70.088     0.0806     0.1355     3.2344     1.5057 3.2603e-01       2926     2.0313  0.000e+00
     39.975   67.67710 -168.94938     40.382     3.0028     3.0035     3.0005    32.3128    32.3253  1025.9300    25.7404    242.643    230.696  329.17574     73.712     70.091     0.0818     0.1428     3.2344     1.5057 3.2603e-01       2927     2.0319  0.000e+00
     40.029   67.67710 -168.94938     40.437     3.0025     3.0036     3.0002    32.3130    32.3248  1025.9304    25.7405    242.632    230.711  329.17802     73.708     70.095     0.0818     0.1428     3.2344     1.5057 3.2229e-01       2928     2.0326  0.000e+00
     40.037   67.67710 -168.94938     40.445     3.0030     3.0036     3.0008    32.3127    32.3250  1025.9302    25.7403    242.616    230.701  329.17381     73.704     70.092     0.0818     0.1428     3.2344     1.5057 3.2229e-01       2929     2.0333  0.000e+00
     39.975   67.67710 -168.94938     40.382     3.0029     3.0036     3.0006    32.3131    32.3248  1025.9302    25.7406    242.566    230.690  329.17423     73.689     70.089     0.0818     0.1428     3.2344     1.5057 3.2229e-01       2930     2.0340  0.000e+00
     39.975   67.67710 -168.94938     40.382     3.0029     3.0034     3.0007    32.3132    32.3252  1025.9303    25.7407    242.553    230.705  329.17343     73.686     70.093     0.0818     0.1428     3.2344     1.5057 3.2603e-01       2931     2.0347  0.000e+00
     40.037   67.67710 -168.94938     40.445     3.0032     3.0035     3.0009    32.3128    32.3247  1025.9302    25.7403    242.544    230.722  329.17241     73.683     70.098     0.0806     0.1355     3.2344     1.5057 3.2853e-01       2932     2.0354  0.000e+00
     39.975   67.67710 -168.94938     40.382     3.0034     3.0033     3.0011    32.3130    32.3253  1025.9301    25.7404    242.532    230.737  329.17022     73.680     70.103     0.0818     0.1428     3.2332     1.5072 3.2853e-01       2933     2.0361  0.000e+00
     40.029   67.67710 -168.94938     40.437     3.0035     3.0033     3.0013    32.3127    32.3249  1025.9301    25.7403    242.526    230.756  329.16989     73.678     70.109     0.0806     0.1355     3.2344     1.5057 3.2728e-01       2934     2.0368  0.000e+00
     39.975   67.67710 -168.94938     40.382     3.0036     3.0038     3.0013    32.3124    32.3248  1025.9296    25.7400    242.737    230.574  329.17022     73.742     70.054     0.0806     0.1355     3.2344     1.5057 3.2728e-01       2935     2.0375  0.000e+00
     39.975   67.67710 -168.94938     40.382     3.0039     3.0040     3.0016    32.3127    32.3249  1025.9298    25.7402    242.764    230.742  329.16741     73.751     70.105     0.0794     0.1282     3.2344     1.5057 3.2728e-01       2936     2.0382  0.000e+00
     39.975   67.67710 -168.94938     40.382     3.0040     3.0037     3.0017    32.3134    32.3252  1025.9304    25.7408    242.572    230.739  329.16421     73.693     70.104     0.0806     0.1355     3.2344     1.5057 3.2728e-01       2937     2.0389  0.000e+00
     40.037   67.67710 -168.94938     40.444     3.0045     3.0038     3.0022    32.3127    32.3252  1025.9301    25.7402    242.568    230.541  329.16208     73.692     70.044     0.0794     0.1282     3.2344     1.5057 3.2853e-01       2938     2.0396  0.000e+00
     39.975   67.67710 -168.94938     40.382     3.0048     3.0040     3.0025    32.3127    32.3248  1025.9298    25.7401    242.779    230.537  329.15949     73.757     70.043     0.0806     0.1355     3.2344     1.5057 3.2853e-01       2939     2.0403  0.000e+00
     39.975   67.67710 -168.94938     40.382     3.0049     3.0039     3.0026    32.3123    32.3253  1025.9294    25.7398    242.593    230.708  329.15958     73.701     70.095     0.0794     0.1282     3.2344     1.5057 3.2728e-01       2940     2.0410  0.000e+00
     39.975   67.67710 -168.94938     40.382     3.0048     3.0042     3.0025    32.3127    32.3251  1025.9298    25.7401    242.810    230.706  329.15949     73.767     70.095     0.0806     0.1355     3.2344     1.5057 3.2478e-01       2941     2.0417  0.000e+00
     39.975   67.67710 -168.94938     40.382     3.0051     3.0042     3.0029    32.3128    32.3247  1025.9298    25.7401    243.059    230.534  329.15678     73.843     70.042     0.0806     0.1355     3.2344     1.5057 3.2478e-01       2942     2.0424  0.000e+00
     39.975   67.67710 -168.94938     40.382     3.0051     3.0044     3.0028    32.3129    32.3248  1025.9299    25.7402    242.690    230.534  329.15688     73.731     70.043     0.0806     0.1355     3.2332     1.5072 3.2353e-01       2943     2.0431  0.000e+00
     39.975   67.67710 -168.94938     40.382     3.0050     3.0042     3.0027    32.3130    32.3252  1025.9300    25.7403    242.689    230.515  329.15748     73.730     70.037     0.0806     0.1355     3.2344     1.5057 3.2105e-01       2944     2.0438  0.000e+00
     39.975   67.67710 -168.94938     40.382     3.0054     3.0042     3.0031    32.3126    32.3251  1025.9296    25.7400    242.687    230.520  329.15507     73.730     70.038     0.0806     0.1355     3.2357     1.5042 3.1982e-01       2945     2.0444  0.000e+00
     39.975   67.67710 -168.94938     40.382     3.0055     3.0045     3.0032    32.3121    32.3248  1025.9292    25.7396    242.689    230.501  329.15587     73.731     70.033     0.0794     0.1282     3.2357     1.5042 3.2229e-01       2946     2.0451  0.000e+00
     39.913   67.67710 -168.94938     40.320     3.0052     3.0047     3.0030    32.3115    32.3249  1025.9285    25.7391    242.911    230.482  329.15900     73.797     70.028     0.0806     0.1355     3.2369     1.5027 3.2603e-01       2947     2.0458  0.000e+00
     40.037   67.67710 -168.94938     40.444     3.0053     3.0047     3.0030    32.3108    32.3247  1025.9285    25.7385    242.772    230.471  329.16046     73.755     70.024     0.0794     0.1282     3.2369     1.5027 3.2853e-01       2948     2.0465  0.000e+00
     39.975   67.67710 -168.94938     40.382     3.0047     3.0047     3.0024    32.3109    32.3243  1025.9283    25.7387    242.962    230.455  329.16539     73.812     70.019     0.0806     0.1355     3.2369     1.5027 3.2853e-01       2949     2.0472  0.000e+00
     39.921   67.67710 -168.94938     40.328     3.0042     3.0047     3.0019    32.3119    32.3246  1025.9289    25.7395    242.747    230.440  329.16683     73.746     70.015     0.0806     0.1355     3.2369     1.5027 3.3106e-01       2950     2.0479  0.000e+00
     39.975   67.67710 -168.94938     40.382     3.0040     3.0047     3.0017    32.3120    32.3246  1025.9292    25.7396    242.717    230.429  329.16791     73.737     70.011     0.0806     0.1355     3.2369     1.5027 3.3232e-01       2951     2.0486  0.000e+00
     40.037   67.67710 -168.94938     40.444     3.0040     3.0049     3.0017    32.3121    32.3244  1025.9296    25.7397    242.760    230.419  329.16759     73.750     70.008     0.0806     0.1355     3.2369     1.5027 3.3106e-01       2952     2.0493  0.000e+00
     39.921   67.67710 -168.94938     40.328     3.0037     3.0049     3.0015    32.3123    32.3243  1025.9293    25.7399    242.765    230.405  329.16924     73.751     70.004     0.0806     0.1355     3.2369     1.5027 3.2728e-01       2953     2.0500  0.000e+00
     39.975   67.67710 -168.94938     40.382     3.0037     3.0050     3.0014    32.3120    32.3242  1025.9293    25.7397    242.776    230.396  329.17032     73.754     70.002     0.0806     0.1355     3.2369     1.5027 3.2603e-01       2954     2.0507  0.000e+00
     39.975   67.67710 -168.94938     40.382     3.0037     3.0050     3.0015    32.3124    32.3244  1025.9296    25.7399    243.004    230.411  329.16911     73.823     70.006     0.0806     0.1355     3.2357     1.5042 3.2603e-01       2955     2.0514  0.000e+00
     39.975   67.67710 -168.94938     40.382     3.0035     3.0050     3.0013    32.3123    32.3240  1025.9295    25.7399    242.832    230.405  329.17102     73.771     70.004     0.0806     0.1355     3.2369     1.5027 3.2603e-01       2956     2.0521  0.000e+00
     39.975   67.67710 -168.94938     40.382     3.0036     3.0049     3.0013    32.3125    32.3247  1025.9297    25.7401    242.770    230.399  329.17002     73.752     70.003     0.0806     0.1355     3.2369     1.5027 3.2478e-01       2957     2.0528  0.000e+00
     39.921   67.67710 -168.94938     40.328     3.0034     3.0050     3.0011    32.3131    32.3244  1025.9299    25.7406    242.779    230.393  329.17025     73.755     70.001     0.0806     0.1355     3.2369     1.5027 3.2603e-01       2958     2.0535  0.000e+00
