EcoFOCI/data/1_SampleCollection/2023_SikuliaqDBO_CruiseData/CTD_raw_BottleFile_SKQ23-12S/proc/skq202312s_049.ros
* Sea-Bird SBE 9 Data File:
* FileName = D:\CTD\SKQ202312S\SKQ202312S_049.hex
* Software Version Seasave V 7.26.7.121
* Temperature SN = 6177
* Conductivity SN = 0369
* Number of Bytes Per Scan = 41
* Number of Voltage Words = 4
* Number of Scans Averaged by the Deck Unit = 1
* NMEA Latitude = 71 51.00 N
* NMEA Longitude = 162 09.40 W
* NMEA UTC (Time) = Sep 25 2023  06:43:07
* NMEA baud rate = 4800
** Ship: R/V Sikuliaq
** Station Number: 049
** Station Name: DBO4.6n
** Bottom Depth: 41
** Operator: SS
# nquan = 22
# nvalues = 833                                   
# units = specified
# name 0 = depSM: Depth [salt water, m]
# name 1 = latitude: Latitude [deg]
# name 2 = longitude: Longitude [deg]
# name 3 = prDM: Pressure, Digiquartz [db]
# name 4 = t090C: Temperature [ITS-90, deg C]
# name 5 = t190C: Temperature, 2 [ITS-90, deg C]
# name 6 = potemp090C: Potential Temperature [ITS-90, deg C]
# name 7 = sal00: Salinity, Practical [PSU]
# name 8 = sal11: Salinity, Practical, 2 [PSU]
# name 9 = density00: Density [density, kg/m^3]
# name 10 = sigma-é00: Density [sigma-theta, kg/m^3]
# name 11 = sbox0Mm/Kg: Oxygen, SBE 43 [umol/kg]
# name 12 = sbox1Mm/Kg: Oxygen, SBE 43, 2 [umol/kg]
# name 13 = oxsolMm/Kg: Oxygen Saturation, Garcia & Gordon [umol/kg]
# name 14 = sbeox0PS: Oxygen, SBE 43 [% saturation]
# name 15 = v0: Voltage 0
# name 16 = flECO-AFL: Fluorescence, WET Labs ECO-AFL/FL [mg/m^3]
# name 17 = CStarAt0: Beam Attenuation, WET Labs C-Star [1/m]
# name 18 = par: PAR/Irradiance, Biospherical/Licor
# name 19 = scan: Scan Count
# name 20 = nbf: Bottles Fired
# name 21 = flag:  0.000e+00
# interval = seconds: 0.0416667
# start_time = Sep 25 2023 06:46:31 [NMEA time, first data scan]
# bad_flag = -9.990e-29
*END*
     35.839   71.85008 -162.15674     36.212    -0.6504    -0.6492    -0.6513    32.6460    32.6572  1026.4073    26.2335    283.783    267.103  360.51956     78.715     0.1404     0.4945     2.3279 8.4714e-06       5473          1  0.000e+00
     35.769   71.85008 -162.15674     36.142    -0.6501    -0.6493    -0.6511    32.6458    32.6573  1026.4068    26.2333    283.759    267.059  360.51735     78.709     0.1404     0.4945     2.3353 1.0000e-12       5474          1  0.000e+00
     35.839   71.85008 -162.15674     36.212    -0.6503    -0.6490    -0.6512    32.6460    32.6570  1026.4073    26.2335    283.743    267.014  360.51846     78.704     0.1404     0.4945     2.3409 1.0000e-12       5475          1  0.000e+00
     35.839   71.85008 -162.15674     36.212    -0.6503    -0.6489    -0.6512    32.6460    32.6568  1026.4072    26.2334    283.772    266.966  360.51858     78.712     0.1392     0.4872     2.3428 1.0000e-12       5476          1  0.000e+00
     35.769   71.85008 -162.15674     36.142    -0.6503    -0.6492    -0.6512    32.6460    32.6576  1026.4069    26.2334    283.800    267.168  360.51846     78.720     0.1404     0.4945     2.3428 1.0000e-12       5477          1  0.000e+00
     35.777   71.85008 -162.15674     36.150    -0.6503    -0.6493    -0.6512    32.6461    32.6579  1026.4070    26.2335    283.785    267.177  360.51835     78.716     0.1416     0.5018     2.3428 1.0000e-12       5478          1  0.000e+00
     35.823   71.85008 -162.15674     36.197    -0.6504    -0.6491    -0.6513    32.6461    32.6571  1026.4073    26.2335    283.772    267.185  360.51929     78.712     0.1404     0.4945     2.3409 1.0000e-12       5479          1  0.000e+00
     35.838   71.85008 -162.15674     36.212    -0.6504    -0.6492    -0.6513    32.6457    32.6573  1026.4070    26.2332    283.758    266.968  360.52040     78.708     0.1404     0.4945     2.3409 8.4714e-06       5480          1  0.000e+00
     35.777   71.85008 -162.15674     36.150    -0.6504    -0.6491    -0.6513    32.6460    32.6571  1026.4070    26.2334    283.740    266.938  360.51957     78.703     0.1392     0.4872     2.3409 1.0000e-12       5481          1  0.000e+00
     35.823   71.85008 -162.15674     36.196    -0.6504    -0.6491    -0.6513    32.6455    32.6569  1026.4068    26.2330    283.727    266.911  360.52110     78.699     0.1404     0.4945     2.3409 1.0000e-12       5482          1  0.000e+00
     35.838   71.85008 -162.15674     36.212    -0.6504    -0.6491    -0.6513    32.6457    32.6572  1026.4070    26.2332    283.712    266.881  360.52052     78.695     0.1416     0.5018     2.3428 8.4714e-06       5483          1  0.000e+00
     35.777   71.85008 -162.15674     36.150    -0.6506    -0.6492    -0.6515    32.6462    32.6580  1026.4072    26.2336    283.646    266.847  360.52056     78.677     0.1404     0.4945     2.3428 1.0000e-12       5484          1  0.000e+00
     35.877   71.85008 -162.15674     36.251    -0.6504    -0.6491    -0.6513    32.6457    32.6572  1026.4072    26.2332    283.633    266.819  360.52047     78.673     0.1416     0.5018     2.3428 1.0000e-12       5485          1  0.000e+00
     35.777   71.85008 -162.15674     36.150    -0.6503    -0.6489    -0.6512    32.6459    32.6572  1026.4069    26.2333    283.610    266.780  360.51884     78.667     0.1416     0.5018     2.3409 1.0000e-12       5486          1  0.000e+00
     35.823   71.85008 -162.15674     36.196    -0.6504    -0.6491    -0.6513    32.6456    32.6578  1026.4069    26.2331    283.644    266.747  360.52061     78.676     0.1429     0.5091     2.3428 1.0000e-12       5487          1  0.000e+00
     35.838   71.85008 -162.15674     36.212    -0.6503    -0.6490    -0.6512    32.6461    32.6573  1026.4073    26.2335    283.676    266.933  360.51834     78.685     0.1416     0.5018     2.3428 1.0000e-12       5488          1  0.000e+00
     35.838   71.85008 -162.15674     36.212    -0.6506    -0.6486    -0.6515    32.6460    32.6571  1026.4073    26.2334    283.665    266.701  360.52127     78.682     0.1429     0.5091     2.3428 1.0000e-12       5489          1  0.000e+00
     35.823   71.85008 -162.15674     36.196    -0.6504    -0.6488    -0.6513    32.6457    32.6573  1026.4070    26.2332    283.698    266.661  360.52037     78.691     0.1441     0.5165     2.3428 8.4714e-06       5490          1  0.000e+00
     35.838   71.85008 -162.15674     36.212    -0.6503    -0.6488    -0.6512    32.6461    32.6571  1026.4074    26.2336    283.685    266.621  360.51810     78.688     0.1416     0.5018     2.3428 1.0000e-12       5491          1  0.000e+00
     35.823   71.85008 -162.15674     36.196    -0.6503    -0.6489    -0.6512    32.6459    32.6574  1026.4071    26.2333    283.674    266.578  360.51891     78.685     0.1441     0.5165     2.3428 1.0000e-12       5492          1  0.000e+00
     35.838   71.85008 -162.15674     36.212    -0.6501    -0.6489    -0.6511    32.6457    32.6577  1026.4070    26.2332    283.661    266.787  360.51771     78.682     0.1416     0.5018     2.3428 1.0000e-12       5493          1  0.000e+00
     35.838   71.85008 -162.15674     36.212    -0.6503    -0.6488    -0.6512    32.6462    32.6577  1026.4075    26.2336    283.698    266.581  360.51786     78.692     0.1429     0.5091     2.3335 8.4714e-06       5494          1  0.000e+00
     35.877   71.85008 -162.15674     36.251    -0.6503    -0.6488    -0.6512    32.6463    32.6574  1026.4077    26.2336    283.690    266.569  360.51780     78.690     0.1416     0.5018     2.3223 1.0000e-12       5495          1  0.000e+00
     35.838   71.85008 -162.15674     36.212    -0.6503    -0.6488    -0.6512    32.6461    32.6578  1026.4073    26.2335    283.728    266.522  360.51834     78.700     0.1416     0.5018     2.3205 1.0000e-12       5496          1  0.000e+00
     35.838   71.85008 -162.15674     36.212    -0.6501    -0.6489    -0.6511    32.6461    32.6574  1026.4073    26.2335    283.718    266.509  360.51675     78.698     0.1441     0.5165     2.3205 8.4714e-06       5497          1  0.000e+00
     35.877   71.85008 -162.15674     36.251    -0.6503    -0.6488    -0.6512    32.6460    32.6574  1026.4075    26.2335    283.714    266.495  360.51840     78.696     0.1429     0.5091     2.3223 1.0000e-12       5498          1  0.000e+00
     35.838   71.85008 -162.15674     36.212    -0.6503    -0.6489    -0.6512    32.6462    32.6573  1026.4075    26.2336    283.454    266.670  360.51786     78.624     0.1429     0.5091     2.3205 1.0000e-12       5499          1  0.000e+00
     35.823   71.85008 -162.15674     36.196    -0.6503    -0.6491    -0.6512    32.6463    32.6573  1026.4075    26.2337    283.651    266.430  360.51759     78.679     0.1416     0.5018     2.3223 1.0000e-12       5500          1  0.000e+00
     35.892   71.85008 -162.15674     36.266    -0.6503    -0.6490    -0.6512    32.6462    32.6576  1026.4077    26.2336    283.399    266.413  360.51783     78.609     0.1429     0.5091     2.3205 8.4714e-06       5501          1  0.000e+00
     35.838   71.85008 -162.15674     36.212    -0.6503    -0.6488    -0.6512    32.6465    32.6577  1026.4077    26.2339    283.346    266.612  360.51702     78.594     0.1441     0.5165     2.3205 1.0000e-12       5502          1  0.000e+00
     35.877   71.85008 -162.15674     36.251    -0.6501    -0.6489    -0.6511    32.6459    32.6575  1026.4074    26.2334    283.299    266.403  360.51706     78.581     0.1429     0.5091     2.3205 8.4714e-06       5503          1  0.000e+00
     35.838   71.85008 -162.15674     36.212    -0.6501    -0.6489    -0.6511    32.6462    32.6574  1026.4074    26.2336    283.251    266.382  360.51627     78.568     0.1429     0.5091     2.3205 1.0000e-12       5504          1  0.000e+00
     35.877   71.85008 -162.15674     36.251    -0.6499    -0.6490    -0.6509    32.6462    32.6572  1026.4076    26.2336    283.005    266.174  360.51475     78.500     0.1429     0.5091     2.3205 1.0000e-12       5505          1  0.000e+00
     35.838   71.85008 -162.15674     36.212    -0.6501    -0.6489    -0.6511    32.6466    32.6574  1026.4077    26.2339    283.419    266.346  360.51531     78.615     0.1429     0.5091     2.3205 8.4714e-06       5506          1  0.000e+00
     35.892   71.85008 -162.15674     36.266    -0.6499    -0.6491    -0.6509    32.6458    32.6578  1026.4073    26.2333    283.179    266.331  360.51585     78.548     0.1416     0.5018     2.3205 1.0000e-12       5507          1  0.000e+00
     35.877   71.85008 -162.15674     36.251    -0.6501    -0.6490    -0.6511    32.6460    32.6573  1026.4075    26.2334    283.642    266.313  360.51681     78.677     0.1429     0.5091     2.3205 1.0000e-12       5508          1  0.000e+00
     35.892   71.85008 -162.15674     36.266    -0.6501    -0.6489    -0.6511    32.6461    32.6573  1026.4076    26.2335    283.447    266.296  360.51672     78.622     0.1441     0.5165     2.3205 1.0000e-12       5509          1  0.000e+00
     35.838   71.85008 -162.15674     36.212    -0.6501    -0.6489    -0.6511    32.6459    32.6572  1026.4072    26.2333    283.453    266.276  360.51723     78.624     0.1429     0.5091     2.3205 1.0000e-12       5510          1  0.000e+00
     35.877   71.85008 -162.15674     36.251    -0.6498    -0.6490    -0.6507    32.6463    32.6574  1026.4077    26.2337    283.410    266.292  360.51280     78.613     0.1380     0.4798     2.3223 8.4714e-06       5511          1  0.000e+00
     35.892   71.85008 -162.15674     36.266    -0.6499    -0.6486    -0.6509    32.6463    32.6569  1026.4077    26.2336    283.716    266.527  360.51453     78.697     0.1331     0.4505     2.3205 1.0000e-12       5512          1  0.000e+00
     35.877   71.85008 -162.15674     36.251    -0.6498    -0.6486    -0.6507    32.6462    32.6570  1026.4076    26.2336    283.564    266.571  360.51304     78.656     0.1331     0.4505     2.3223 1.0000e-12       5513          1  0.000e+00
     35.892   71.85008 -162.15674     36.266    -0.6499    -0.6488    -0.6509    32.6463    32.6575  1026.4077    26.2336    283.574    266.395  360.51453     78.658     0.1319     0.4432     2.3242 1.0000e-12       5514          1  0.000e+00
     35.892   71.85008 -162.15674     36.266    -0.6498    -0.6487    -0.6507    32.6462    32.6572  1026.4076    26.2335    283.581    266.411  360.51318     78.660     0.1319     0.4432     2.3261 1.0000e-12       5515          1  0.000e+00
     35.877   71.85008 -162.15674     36.251    -0.6498    -0.6486    -0.6508    32.6461    32.6571  1026.4075    26.2335    283.588    266.428  360.51377     78.662     0.1331     0.4505     2.3279 1.0000e-12       5516          1  0.000e+00
     35.892   71.85008 -162.15674     36.266    -0.6498    -0.6484    -0.6507    32.6460    32.6569  1026.4075    26.2334    283.692    266.446  360.51354     78.691     0.1319     0.4432     2.3279 1.0000e-12       5517          1  0.000e+00
     35.877   71.85008 -162.15674     36.251    -0.6498    -0.6488    -0.6507    32.6464    32.6573  1026.4078    26.2338    283.952    266.215  360.51243     78.764     0.1331     0.4505     2.3279 8.4714e-06       5518          1  0.000e+00
     35.892   71.85008 -162.15674     36.266    -0.6498    -0.6488    -0.6507    32.6459    32.6575  1026.4074    26.2333    283.760    266.175  360.51390     78.710     0.1319     0.4432     2.3279 8.4714e-06       5519          1  0.000e+00
     35.892   71.85008 -162.15674     36.266    -0.6499    -0.6486    -0.6509    32.6463    32.6572  1026.4078    26.2337    283.770    266.136  360.51441     78.713     0.1331     0.4505     2.3279 1.0000e-12       5520          1  0.000e+00
     35.877   71.85008 -162.15674     36.251    -0.6498    -0.6485    -0.6507    32.6461    32.6570  1026.4075    26.2335    283.778    266.128  360.51340     78.715     0.1319     0.4432     2.3279 1.0000e-12       5521          1  0.000e+00
     35.719   71.85008 -162.15674     36.092    -0.6509    -0.6489    -0.6518    32.6461    32.6577  1026.4068    26.2335    283.227    268.049  360.52375     78.560     0.1343     0.4579     2.3223 1.0000e-12       5766          2  0.000e+00
     35.820   71.85008 -162.15674     36.193    -0.6509    -0.6489    -0.6519    32.6463    32.6578  1026.4075    26.2337    283.178    268.057  360.52357     78.546     0.1392     0.4872     2.3223 1.0000e-12       5767          2  0.000e+00
     35.835   71.85008 -162.15674     36.209    -0.6509    -0.6488    -0.6518    32.6465    32.6577  1026.4077    26.2339    283.126    268.057  360.52251     78.532     0.1404     0.4945     2.3223 1.0000e-12       5768          2  0.000e+00
     35.773   71.85008 -162.15674     36.146    -0.6512    -0.6489    -0.6521    32.6466    32.6575  1026.4075    26.2340    283.123    268.241  360.52546     78.531     0.1404     0.4945     2.3223 1.0000e-12       5769          2  0.000e+00
     35.820   71.85008 -162.15674     36.193    -0.6509    -0.6489    -0.6518    32.6465    32.6574  1026.4076    26.2338    283.072    268.039  360.52260     78.517     0.1392     0.4872     2.3223 1.0000e-12       5770          2  0.000e+00
     35.835   71.85008 -162.15674     36.209    -0.6507    -0.6488    -0.6517    32.6465    32.6575  1026.4076    26.2338    283.069    267.990  360.52153     78.517     0.1404     0.4945     2.3223 1.0000e-12       5771          2  0.000e+00
     35.874   71.85008 -162.15674     36.248    -0.6506    -0.6489    -0.6515    32.6465    32.6573  1026.4079    26.2339    283.117    267.969  360.51976     78.530     0.1416     0.5018     2.3223 1.0000e-12       5772          2  0.000e+00
     35.773   71.85008 -162.15674     36.146    -0.6504    -0.6488    -0.6513    32.6462    32.6575  1026.4071    26.2336    283.117    268.157  360.51897     78.530     0.1392     0.4872     2.3223 1.0000e-12       5773          2  0.000e+00
     35.835   71.85008 -162.15674     36.209    -0.6504    -0.6487    -0.6513    32.6467    32.6576  1026.4079    26.2340    283.124    267.932  360.51751     78.533     0.1404     0.4945     2.3223 1.0000e-12       5774          2  0.000e+00
     35.820   71.85008 -162.15674     36.193    -0.6499    -0.6488    -0.6509    32.6463    32.6574  1026.4074    26.2337    282.878    267.924  360.51441     78.465     0.1392     0.4872     2.3223 1.0000e-12       5775          2  0.000e+00
     35.835   71.85008 -162.15674     36.209    -0.6499    -0.6489    -0.6509    32.6458    32.6577  1026.4071    26.2332    283.095    267.881  360.51588     78.525     0.1404     0.4945     2.3223 1.0000e-12       5776          2  0.000e+00
     35.835   71.85008 -162.15674     36.209    -0.6498    -0.6488    -0.6507    32.6461    32.6574  1026.4073    26.2335    283.106    267.832  360.51345     78.529     0.1392     0.4872     2.3149 1.0000e-12       5777          2  0.000e+00
     35.820   71.85008 -162.15674     36.193    -0.6497    -0.6487    -0.6506    32.6460    32.6572  1026.4071    26.2334    283.120    267.777  360.51256     78.533     0.1404     0.4945     2.3112 8.4714e-06       5778          2  0.000e+00
     35.835   71.85008 -162.15674     36.209    -0.6498    -0.6488    -0.6508    32.6460    32.6575  1026.4073    26.2335    283.139    267.972  360.51406     78.538     0.1416     0.5018     2.3094 1.0000e-12       5779          2  0.000e+00
     35.820   71.85008 -162.15674     36.193    -0.6498    -0.6486    -0.6507    32.6458    32.6572  1026.4070    26.2333    283.158    267.747  360.51414     78.543     0.1404     0.4945     2.3094 1.0000e-12       5780          2  0.000e+00
     35.835   71.85008 -162.15674     36.209    -0.6497    -0.6487    -0.6506    32.6456    32.6574  1026.4069    26.2331    283.131    267.711  360.51355     78.535     0.1404     0.4945     2.3094 1.0000e-12       5781          2  0.000e+00
