EcoFOCI/data/1_SampleCollection/2023_SikuliaqDBO_CruiseData/CTD_raw_BottleFile_SKQ23-12S/proc/skq202312s_006svp.cnv
* Sea-Bird SBE 9 Data File:
* FileName = D:\CTD\SKQ202312S\SKQ202312S_006.hex
* Software Version Seasave V 7.26.7.121
* Temperature SN = 6177
* Conductivity SN = 0369
* Number of Bytes Per Scan = 41
* Number of Voltage Words = 4
* Number of Scans Averaged by the Deck Unit = 1
* NMEA Latitude = 62 28.06 N
* NMEA Longitude = 174 05.08 W
* NMEA UTC (Time) = Sep 16 2023  02:34:40
* NMEA baud rate = 4800
** Ship: R/V Sikuliaq
** Station Number: 006
** Station Name: DBO1.5
** Bottom Depth: 68
** Operator: SD
# nquan = 7
# nvalues = 5525                                  
# units = specified
# name 0 = depSM: Depth [salt water, m]
# name 1 = latitude: Latitude [deg]
# name 2 = longitude: Longitude [deg]
# name 3 = t090C: Temperature [ITS-90, deg C]
# name 4 = sal00: Salinity, Practical [PSU]
# name 5 = svCM: Sound Velocity [Chen-Millero, m/s]
# name 6 = flag:  0.000e+00
# span 0 =      1.209,     62.412                 
# span 1 =   62.46776,   62.46776                 
# span 2 = -174.08478, -174.08474                 
# span 3 =    -1.5161,     7.8093                 
# span 4 =    30.8752,    31.9264                 
# span 5 =    1438.25,    1476.78                 
# span 6 = 0.0000e+00, 0.0000e+00                 
# interval = seconds: 0.0416667
# start_time = Sep 16 2023 02:39:43 [NMEA time, first data scan]
# bad_flag = -9.990e-29
*END*
[from data line 2462]
     18.615   62.46776 -174.08476     6.8296    31.1971    1473.54  0.000e+00
     18.669   62.46776 -174.08476     6.8358    31.1939    1473.56  0.000e+00
     18.577   62.46776 -174.08476     6.8336    31.1939    1473.55  0.000e+00
     18.731   62.46776 -174.08476     6.8304    31.1922    1473.54  0.000e+00
     18.669   62.46776 -174.08476     6.8270    31.1872    1473.52  0.000e+00
     18.693   62.46776 -174.08476     6.8220    31.1758    1473.49  0.000e+00
     18.669   62.46776 -174.08476     6.8068    31.1649    1473.41  0.000e+00
     18.731   62.46776 -174.08476     6.7704    31.1695    1473.28  0.000e+00
     18.747   62.46776 -174.08476     6.7297    31.1772    1473.13  0.000e+00
     18.731   62.46776 -174.08476     6.7018    31.1712    1473.01  0.000e+00
     18.731   62.46776 -174.08476     6.6780    31.1603    1472.90  0.000e+00
     18.808   62.46776 -174.08476     6.6641    31.1489    1472.83  0.000e+00
     18.785   62.46776 -174.08476     6.6466    31.1416    1472.76  0.000e+00
     18.785   62.46776 -174.08476     6.6212    31.1349    1472.65  0.000e+00
     18.808   62.46776 -174.08476     6.5747    31.1518    1472.48  0.000e+00
     18.839   62.46776 -174.08476     6.5321    31.1718    1472.34  0.000e+00
     18.839   62.46776 -174.08476     6.4952    31.1853    1472.21  0.000e+00
     18.862   62.46776 -174.08476     6.4717    31.1877    1472.12  0.000e+00
     18.901   62.46776 -174.08476     6.4541    31.1847    1472.05  0.000e+00
     18.839   62.46776 -174.08476     6.4307    31.1782    1471.95  0.000e+00
     18.924   62.46776 -174.08476     6.4026    31.1750    1471.83  0.000e+00
     18.901   62.46776 -174.08476     6.3657    31.1749    1471.69  0.000e+00
     18.955   62.46776 -174.08476     6.3150    31.1775    1471.49  0.000e+00
     18.924   62.46776 -174.08476     6.2674    31.1783    1471.30  0.000e+00
     18.955   62.46776 -174.08476     6.2122    31.1931    1471.10  0.000e+00
     18.955   62.46776 -174.08476     6.1516    31.2157    1470.89  0.000e+00
     18.978   62.46776 -174.08476     6.1401    31.1931    1470.81  0.000e+00
     19.016   62.46776 -174.08476     6.1101    31.1871    1470.69  0.000e+00
     18.955   62.46776 -174.08476     6.0700    31.1883    1470.53  0.000e+00
     19.094   62.46776 -174.08476     6.0262    31.1962    1470.36  0.000e+00
     19.070   62.46776 -174.08476     5.9861    31.2082    1470.22  0.000e+00
     19.032   62.46776 -174.08476     5.9540    31.2188    1470.10  0.000e+00
     19.070   62.46776 -174.08476     5.9300    31.2253    1470.01  0.000e+00
     19.132   62.46776 -174.08476     5.9074    31.2314    1469.93  0.000e+00
     19.094   62.46776 -174.08476     5.8862    31.2326    1469.85  0.000e+00
     19.132   62.46776 -174.08476     5.8663    31.2331    1469.77  0.000e+00
     19.132   62.46776 -174.08476     5.8441    31.2363    1469.68  0.000e+00
     19.148   62.46776 -174.08476     5.8231    31.2357    1469.60  0.000e+00
     19.186   62.46776 -174.08476     5.7976    31.2407    1469.50  0.000e+00
     19.186   62.46776 -174.08476     5.7747    31.2419    1469.41  0.000e+00
     19.209   62.46776 -174.08476     5.7527    31.2436    1469.33  0.000e+00
     19.186   62.46776 -174.08476     5.7383    31.2397    1469.26  0.000e+00
     19.240   62.46776 -174.08476     5.7193    31.2417    1469.19  0.000e+00
     19.263   62.46776 -174.08476     5.6915    31.2479    1469.09  0.000e+00
     19.302   62.46776 -174.08476     5.6681    31.2495    1468.99  0.000e+00
     19.240   62.46776 -174.08476     5.6464    31.2490    1468.90  0.000e+00
     19.325   62.46776 -174.08476     5.6232    31.2442    1468.81  0.000e+00
     19.302   62.46776 -174.08476     5.5902    31.2457    1468.67  0.000e+00
     19.379   62.46776 -174.08476     5.5548    31.2499    1468.54  0.000e+00
     19.302   62.46776 -174.08476     5.5217    31.2495    1468.40  0.000e+00
     19.356   62.46776 -174.08476     5.4810    31.2516    1468.24  0.000e+00
     19.433   62.46776 -174.08476     5.4370    31.2517    1468.06  0.000e+00
     19.356   62.46776 -174.08476     5.3882    31.2463    1467.86  0.000e+00
     19.418   62.46776 -174.08476     5.3244    31.2506    1467.60  0.000e+00
     19.495   62.46776 -174.08476     5.2641    31.2529    1467.36  0.000e+00
     19.472   62.46776 -174.08476     5.1956    31.2423    1467.07  0.000e+00
     19.472   62.46776 -174.08476     5.0993    31.2086    1466.63  0.000e+00
     19.495   62.46776 -174.08476     4.9500    31.1893    1465.99  0.000e+00
     19.526   62.46776 -174.08476     4.7908    31.1851    1465.33  0.000e+00
     19.587   62.46776 -174.08476     4.6432    31.2017    1464.74  0.000e+00
     19.549   62.46776 -174.08476     4.5241    31.2209    1464.27  0.000e+00
     19.587   62.46776 -174.08476     4.4124    31.2212    1463.81  0.000e+00
     19.610   62.46776 -174.08476     4.2808    31.2231    1463.26  0.000e+00
     19.587   62.46776 -174.08476     4.1381    31.2433    1462.69  0.000e+00
     19.641   62.46776 -174.08476     4.0108    31.2703    1462.19  0.000e+00
     19.664   62.46776 -174.08476     3.9299    31.2575    1461.84  0.000e+00
     19.703   62.46776 -174.08476     3.8382    31.2410    1461.43  0.000e+00
     19.641   62.46776 -174.08476     3.7289    31.2437    1460.97  0.000e+00
     19.780   62.46776 -174.08476     3.6364    31.2357    1460.57  0.000e+00
     19.703   62.46776 -174.08476     3.5096    31.2640    1460.06  0.000e+00
     19.757   62.46776 -174.08476     3.4129    31.2774    1459.67  0.000e+00
     19.780   62.46776 -174.08476     3.3362    31.2774    1459.34  0.000e+00
     19.819   62.46776 -174.08476     3.2480    31.3017    1459.00  0.000e+00
     19.834   62.46776 -174.08476     3.1579    31.3313    1458.65  0.000e+00
     19.819   62.46776 -174.08476     3.1054    31.3230    1458.41  0.000e+00
     19.873   62.46776 -174.08476     3.0435    31.3243    1458.15  0.000e+00
     19.896   62.46776 -174.08476     2.9826    31.3255    1457.89  0.000e+00
     19.927   62.46776 -174.08476     2.9191    31.3342    1457.63  0.000e+00
     19.927   62.46776 -174.08476     2.8533    31.3397    1457.35  0.000e+00
     19.950   62.46776 -174.08476     2.7925    31.3312    1457.08  0.000e+00
     19.988   62.46776 -174.08476     2.7278    31.3336    1456.80  0.000e+00
     19.988   62.46776 -174.08476     2.6660    31.3445    1456.54  0.000e+00
     20.012   62.46776 -174.08476     2.6180    31.3549    1456.35  0.000e+00
     20.042   62.46776 -174.08476     2.5806    31.3601    1456.19  0.000e+00
     20.066   62.46776 -174.08476     2.5475    31.3543    1456.04  0.000e+00
     20.104   62.46776 -174.08476     2.5017    31.3346    1455.82  0.000e+00
     20.104   62.46776 -174.08476     2.4055    31.3080    1455.36  0.000e+00
     20.120   62.46776 -174.08476     2.2689    31.2880    1454.74  0.000e+00
     20.158   62.46776 -174.08476     2.1240    31.3033    1454.12  0.000e+00
     20.220   62.46776 -174.08476     1.9983    31.3203    1453.59  0.000e+00
     20.181   62.46776 -174.08476     1.8881    31.3221    1453.11  0.000e+00
     20.220   62.46776 -174.08476     1.7894    31.3175    1452.66  0.000e+00
     20.235   62.46776 -174.08476     1.6995    31.3252    1452.27  0.000e+00
     20.328   62.46776 -174.08476     1.5970    31.3424    1451.84  0.000e+00
     20.274   62.46776 -174.08476     1.4945    31.3529    1451.40  0.000e+00
     20.351   62.46776 -174.08476     1.3992    31.3628    1450.98  0.000e+00
     20.328   62.46776 -174.08476     1.3214    31.3682    1450.64  0.000e+00
     20.328   62.46776 -174.08476     1.2511    31.3835    1450.35  0.000e+00
     20.467   62.46776 -174.08476     1.1880    31.3986    1450.08  0.000e+00
     20.444   62.46776 -174.08476     1.1379    31.4063    1449.87  0.000e+00
     20.467   62.46776 -174.08476     1.0866    31.4124    1449.64  0.000e+00
     20.505   62.46776 -174.08476     1.0330    31.4144    1449.41  0.000e+00
     20.505   62.46776 -174.08476     0.9913    31.4098    1449.21  0.000e+00
     20.521   62.46776 -174.08476     0.9558    31.3987    1449.04  0.000e+00
     20.559   62.46776 -174.08476     0.9108    31.3910    1448.82  0.000e+00
     20.621   62.46776 -174.08476     0.8545    31.3886    1448.56  0.000e+00
     20.582   62.46776 -174.08476     0.7897    31.3984    1448.28  0.000e+00
     20.675   62.46776 -174.08476     0.7332    31.4015    1448.03  0.000e+00
     20.636   62.46776 -174.08476     0.6791    31.3955    1447.78  0.000e+00
     20.729   62.46776 -174.08476     0.6199    31.3944    1447.51  0.000e+00
     20.675   62.46776 -174.08476     0.5680    31.3976    1447.27  0.000e+00
     20.752   62.46776 -174.08476     0.5193    31.4041    1447.06  0.000e+00
     20.791   62.46776 -174.08476     0.4716    31.4128    1446.85  0.000e+00
     20.814   62.46776 -174.08476     0.4323    31.4142    1446.68  0.000e+00
     20.791   62.46776 -174.08476     0.3984    31.4161    1446.52  0.000e+00
     20.845   62.46776 -174.08474     0.3648    31.4230    1446.38  0.000e+00
     20.868   62.46776 -174.08474     0.3370    31.4272    1446.26  0.000e+00
     20.906   62.46776 -174.08474     0.3148    31.4294    1446.16  0.000e+00
     20.960   62.46776 -174.08474     0.2899    31.4275    1446.04  0.000e+00
     20.922   62.46776 -174.08474     0.2594    31.4317    1445.91  0.000e+00
     20.960   62.46776 -174.08474     0.2315    31.4306    1445.78  0.000e+00
     21.038   62.46776 -174.08474     0.1995    31.4335    1445.63  0.000e+00
     21.022   62.46776 -174.08474     0.1713    31.4365    1445.51  0.000e+00
     21.076   62.46776 -174.08474     0.1487    31.4333    1445.40  0.000e+00
     21.099   62.46776 -174.08474     0.1236    31.4342    1445.29  0.000e+00
     21.076   62.46776 -174.08474     0.1004    31.4366    1445.18  0.000e+00
     21.099   62.46776 -174.08474     0.0770    31.4372    1445.07  0.000e+00
     21.192   62.46776 -174.08474     0.0594    31.4312    1444.99  0.000e+00
     21.192   62.46776 -174.08474     0.0386    31.4303    1444.89  0.000e+00
     21.215   62.46776 -174.08474     0.0187    31.4275    1444.79  0.000e+00
     21.192   62.46776 -174.08474    -0.0005    31.4257    1444.70  0.000e+00
     21.269   62.46776 -174.08474    -0.0239    31.4254    1444.59  0.000e+00
     21.246   62.46776 -174.08474    -0.0488    31.4284    1444.48  0.000e+00
     21.308   62.46776 -174.08474    -0.0713    31.4267    1444.38  0.000e+00
     21.385   62.46776 -174.08474    -0.0946    31.4178    1444.26  0.000e+00
     21.308   62.46776 -174.08474    -0.1257    31.4172    1444.11  0.000e+00
     21.385   62.46776 -174.08474    -0.1609    31.4239    1443.96  0.000e+00
     21.362   62.46776 -174.08474    -0.1865    31.4262    1443.84  0.000e+00
     21.477   62.46776 -174.08474    -0.2016    31.4199    1443.76  0.000e+00
     21.385   62.46776 -174.08474    -0.2212    31.4215    1443.67  0.000e+00
     21.477   62.46776 -174.08474    -0.2352    31.4219    1443.61  0.000e+00
     21.500   62.46776 -174.08474    -0.2492    31.4228    1443.55  0.000e+00
     21.477   62.46776 -174.08474    -0.2678    31.4285    1443.47  0.000e+00
     21.531   62.46776 -174.08474    -0.2878    31.4352    1443.38  0.000e+00
     21.554   62.46776 -174.08474    -0.3023    31.4319    1443.31  0.000e+00
     21.531   62.46776 -174.08474    -0.3137    31.4288    1443.25  0.000e+00
     21.554   62.46776 -174.08474    -0.3271    31.4270    1443.19  0.000e+00
     21.647   62.46776 -174.08474    -0.3423    31.4269    1443.12  0.000e+00
     21.593   62.46776 -174.08474    -0.3593    31.4287    1443.04  0.000e+00
     21.670   62.46776 -174.08474    -0.3766    31.4340    1442.97  0.000e+00
     21.647   62.46776 -174.08474    -0.3874    31.4329    1442.92  0.000e+00
     21.670   62.46776 -174.08474    -0.4020    31.4340    1442.85  0.000e+00
     21.709   62.46776 -174.08474    -0.4168    31.4341    1442.78  0.000e+00
     21.763   62.46776 -174.08474    -0.4327    31.4358    1442.71  0.000e+00
     21.724   62.46776 -174.08474    -0.4445    31.4363    1442.66  0.000e+00
     21.763   62.46776 -174.08474    -0.4589    31.4394    1442.59  0.000e+00
     21.786   62.46776 -174.08474    -0.4728    31.4351    1442.52  0.000e+00
     21.763   62.46776 -174.08474    -0.4857    31.4342    1442.46  0.000e+00
     21.824   62.46776 -174.08474    -0.4967    31.4359    1442.41  0.000e+00
     21.840   62.46776 -174.08474    -0.5088    31.4379    1442.36  0.000e+00
     21.824   62.46776 -174.08474    -0.5196    31.4338    1442.30  0.000e+00
     21.901   62.46776 -174.08474    -0.5328    31.4347    1442.24  0.000e+00
     21.824   62.46776 -174.08474    -0.5428    31.4370    1442.20  0.000e+00
     21.932   62.46776 -174.08476    -0.5482    31.4364    1442.17  0.000e+00
     21.901   62.46776 -174.08476    -0.5551    31.4394    1442.14  0.000e+00
     21.932   62.46776 -174.08476    -0.5637    31.4436    1442.11  0.000e+00
     21.901   62.46776 -174.08476    -0.5716    31.4425    1442.07  0.000e+00
     21.994   62.46776 -174.08476    -0.5855    31.4426    1442.01  0.000e+00
     21.955   62.46776 -174.08476    -0.5983    31.4428    1441.95  0.000e+00
     21.994   62.46776 -174.08476    -0.6119    31.4414    1441.88  0.000e+00
     21.994   62.46776 -174.08476    -0.6243    31.4412    1441.82  0.000e+00
     22.009   62.46776 -174.08476    -0.6336    31.4380    1441.77  0.000e+00
     22.048   62.46776 -174.08476    -0.6424    31.4361    1441.73  0.000e+00
     22.071   62.46776 -174.08476    -0.6532    31.4333    1441.68  0.000e+00
     22.048   62.46776 -174.08476    -0.6647    31.4324    1441.62  0.000e+00
     22.048   62.46776 -174.08476    -0.6843    31.4405    1441.54  0.000e+00
     22.071   62.46776 -174.08476    -0.6993    31.4441    1441.47  0.000e+00
     22.110   62.46776 -174.08476    -0.7119    31.4457    1441.42  0.000e+00
     22.125   62.46776 -174.08476    -0.7195    31.4432    1441.38  0.000e+00
     22.110   62.46776 -174.08476    -0.7250    31.4414    1441.35  0.000e+00
     22.164   62.46776 -174.08476    -0.7305    31.4417    1441.33  0.000e+00
     22.125   62.46776 -174.08476    -0.7411    31.4426    1441.28  0.000e+00
     22.164   62.46776 -174.08476    -0.7512    31.4451    1441.23  0.000e+00
     22.187   62.46776 -174.08476    -0.7585    31.4459    1441.20  0.000e+00
     22.225   62.46776 -174.08476    -0.7640    31.4475    1441.18  0.000e+00
     22.187   62.46776 -174.08476    -0.7689    31.4479    1441.15  0.000e+00
     22.225   62.46776 -174.08476    -0.7710    31.4449    1441.14  0.000e+00
     22.225   62.46776 -174.08476    -0.7726    31.4448    1441.13  0.000e+00
     22.241   62.46776 -174.08476    -0.7756    31.4434    1441.12  0.000e+00
     22.279   62.46776 -174.08476    -0.7789    31.4426    1441.10  0.000e+00
     22.302   62.46776 -174.08476    -0.7826    31.4428    1441.08  0.000e+00
     22.225   62.46776 -174.08476    -0.7890    31.4451    1441.06  0.000e+00
     22.333   62.46776 -174.08476    -0.7975    31.4459    1441.02  0.000e+00
     22.302   62.46776 -174.08476    -0.8041    31.4460    1440.99  0.000e+00
     22.279   62.46776 -174.08476    -0.8088    31.4427    1440.96  0.000e+00
     22.356   62.46776 -174.08476    -0.8152    31.4389    1440.93  0.000e+00
     22.333   62.46776 -174.08476    -0.8249    31.4425    1440.88  0.000e+00
     22.356   62.46776 -174.08476    -0.8313    31.4422    1440.85  0.000e+00
     22.333   62.46776 -174.08476    -0.8366    31.4402    1440.83  0.000e+00
     22.395   62.46776 -174.08476    -0.8423    31.4365    1440.79  0.000e+00
     22.410   62.46776 -174.08476    -0.8516    31.4417    1440.76  0.000e+00
     22.395   62.46776 -174.08476    -0.8610    31.4480    1440.72  0.000e+00
     22.410   62.46776 -174.08476    -0.8682    31.4479    1440.69  0.000e+00
     22.449   62.46776 -174.08476    -0.8711    31.4433    1440.67  0.000e+00
