EcoFOCI/data/1_SampleCollection/2023_SikuliaqDBO_CruiseData/CTD_raw_BottleFile_SKQ23-12S/proc/skq202312s_042.ros
* Sea-Bird SBE 9 Data File:
* FileName = D:\CTD\SKQ202312S\SKQ202312S_042.hex
* Software Version Seasave V 7.26.7.121
* Temperature SN = 6177
* Conductivity SN = 0369
* Number of Bytes Per Scan = 41
* Number of Voltage Words = 4
* Number of Scans Averaged by the Deck Unit = 1
* NMEA Latitude = 71 27.22 N
* NMEA Longitude = 161 02.26 W
* NMEA UTC (Time) = Sep 24 2023  04:51:21
* NMEA baud rate = 4800
** Ship: R/V Sikuliaq
** Station Number: 042
** Station Name: DBO4.3n
** Bottom Depth: 47
** Operator: SD
# nquan = 22
# nvalues = 980                                   
# units = specified
# name 0 = depSM: Depth [salt water, m]
# name 1 = latitude: Latitude [deg]
# name 2 = longitude: Longitude [deg]
# name 3 = prDM: Pressure, Digiquartz [db]
# name 4 = t090C: Temperature [ITS-90, deg C]
# name 5 = t190C: Temperature, 2 [ITS-90, deg C]
# name 6 = potemp090C: Potential Temperature [ITS-90, deg C]
# name 7 = sal00: Salinity, Practical [PSU]
# name 8 = sal11: Salinity, Practical, 2 [PSU]
# name 9 = density00: Density [density, kg/m^3]
# name 10 = sigma-é00: Density [sigma-theta, kg/m^3]
# name 11 = sbox0Mm/Kg: Oxygen, SBE 43 [umol/kg]
# name 12 = sbox1Mm/Kg: Oxygen, SBE 43, 2 [umol/kg]
# name 13 = oxsolMm/Kg: Oxygen Saturation, Garcia & Gordon [umol/kg]
# name 14 = sbeox0PS: Oxygen, SBE 43 [% saturation]
# name 15 = v0: Voltage 0
# name 16 = flECO-AFL: Fluorescence, WET Labs ECO-AFL/FL [mg/m^3]
# name 17 = CStarAt0: Beam Attenuation, WET Labs C-Star [1/m]
# name 18 = par: PAR/Irradiance, Biospherical/Licor
# name 19 = scan: Scan Count
# name 20 = nbf: Bottles Fired
# name 21 = flag:  0.000e+00
# interval = seconds: 0.0416667
# start_time = Sep 24 2023 04:55:17 [NMEA time, first data scan]
# bad_flag = -9.990e-29
*END*
[from data line 396]
     20.181   71.45320 -161.03862     20.391    -1.3643    -1.3341    -1.3647    32.4254    32.4091  1026.1759    26.0775    336.659    326.389  368.09584     91.460     0.2589     1.2051     0.5866 5.7712e-02      17129          9  0.000e+00
     20.235   71.45320 -161.03862     20.445    -1.3649    -1.3339    -1.3653    32.4261    32.4093  1026.1768    26.0781    336.678    326.389  368.09931     91.464     0.2601     1.2124     0.5866 5.7712e-02      17130          9  0.000e+00
     20.197   71.45320 -161.03862     20.406    -1.3644    -1.3337    -1.3648    32.4258    32.4090  1026.1763    26.0778    336.686    326.384  368.09564     91.467     0.2589     1.2051     0.5866 5.7712e-02      17131          9  0.000e+00
     20.181   71.45320 -161.03862     20.391    -1.3645    -1.3336    -1.3648    32.4262    32.4088  1026.1766    26.0782    336.650    326.376  368.09501     91.457     0.2589     1.2051     0.5854 6.2739e-02      17132          9  0.000e+00
     20.197   71.45320 -161.03862     20.406    -1.3643    -1.3332    -1.3647    32.4261    32.4087  1026.1765    26.0781    336.666    326.136  368.09375     91.462     0.2589     1.2051     0.5866 6.5824e-02      17133          9  0.000e+00
     20.236   71.45320 -161.03862     20.445    -1.3614    -1.3325    -1.3617    32.4227    32.4080  1026.1739    26.0752    336.971    326.087  368.07455     91.550     0.2405     1.0952     0.5854 6.6343e-02      17134          9  0.000e+00
     20.182   71.45320 -161.03862     20.391    -1.3588    -1.3327    -1.3592    32.4198    32.4081  1026.1712    26.0728    336.710    326.072  368.05739     91.483     0.2247     1.0000     0.5866 6.8435e-02      17135          9  0.000e+00
     20.259   71.45320 -161.03862     20.469    -1.3589    -1.3327    -1.3593    32.4201    32.4082  1026.1719    26.0731    336.735    326.059  368.05807     91.490     0.2234     0.9927     0.5854 7.0550e-02      17136          9  0.000e+00
     20.182   71.45320 -161.03862     20.391    -1.3606    -1.3332    -1.3610    32.4219    32.4085  1026.1730    26.0746    336.460    326.044  368.06942     91.412     0.2222     0.9853     0.5854 7.1083e-02      17137          9  0.000e+00
     20.197   71.45320 -161.03862     20.406    -1.3629    -1.3332    -1.3633    32.4243    32.4084  1026.1750    26.0766    336.454    326.026  368.08532     91.407     0.2247     1.0000     0.5854 6.4790e-02      17138          9  0.000e+00
     20.236   71.45320 -161.03862     20.445    -1.3649    -1.3334    -1.3653    32.4265    32.4088  1026.1771    26.0784    336.451    326.009  368.09882     91.402     0.2234     0.9927     0.5866 5.7712e-02      17139          9  0.000e+00
     20.182   71.45320 -161.03862     20.391    -1.3665    -1.3332    -1.3669    32.4282    32.4085  1026.1783    26.0799    336.445    325.985  368.10970     91.398     0.2247     1.0000     0.5866 5.6231e-02      17140          9  0.000e+00
     20.259   71.45320 -161.03862     20.469    -1.3669    -1.3330    -1.3673    32.4288    32.4086  1026.1791    26.0803    336.438    325.963  368.11142     91.396     0.2247     1.0000     0.5854 5.4276e-02      17141          9  0.000e+00
     20.182   71.45320 -161.03862     20.391    -1.3661    -1.3331    -1.3665    32.4283    32.4088  1026.1783    26.0799    336.369    325.937  368.10562     91.379     0.2247     1.0000     0.5866 5.0907e-02      17142          9  0.000e+00
     20.259   71.45320 -161.03862     20.469    -1.3652    -1.3331    -1.3656    32.4276    32.4089  1026.1781    26.0793    336.308    325.915  368.09856     91.364     0.2247     1.0000     0.5854 5.0431e-02      17143          9  0.000e+00
     20.182   71.45320 -161.03862     20.391    -1.3653    -1.3324    -1.3657    32.4276    32.4083  1026.1777    26.0793    336.302    325.880  368.09970     91.362     0.2234     0.9927     0.5854 5.1384e-02      17144          9  0.000e+00
     20.236   71.45320 -161.03862     20.446    -1.3652    -1.3322    -1.3656    32.4271    32.4077  1026.1776    26.0789    336.304    325.854  368.09977     91.362     0.2247     1.0000     0.5866 5.2824e-02      17145          9  0.000e+00
     20.197   71.45320 -161.03862     20.407    -1.3645    -1.3311    -1.3648    32.4267    32.4065  1026.1770    26.0786    336.043    325.816  368.09366     91.293     0.2247     1.0000     0.5866 5.3306e-02      17146          9  0.000e+00
     20.236   71.45320 -161.03862     20.446    -1.3629    -1.3305    -1.3633    32.4247    32.4061  1026.1756    26.0769    336.252    325.782  368.08402     91.352     0.2247     1.0000     0.5866 5.2342e-02      17147          9  0.000e+00
     20.197   71.45320 -161.03862     20.407    -1.3617    -1.3294    -1.3621    32.4241    32.4047  1026.1749    26.0764    336.253    325.741  368.07382     91.355     0.2247     1.0000     0.5890 4.9011e-02      17148          9  0.000e+00
     20.236   71.45320 -161.03862     20.446    -1.3606    -1.3287    -1.3610    32.4227    32.4041  1026.1739    26.0752    336.214    325.737  368.06703     91.346     0.2247     1.0000     0.5902 4.7603e-02      17149          9  0.000e+00
     20.182   71.45320 -161.03862     20.391    -1.3591    -1.3284    -1.3594    32.4210    32.4039  1026.1722    26.0738    336.221    325.732  368.05672     91.350     0.2234     0.9927     0.5902 4.8071e-02      17150          9  0.000e+00
     20.259   71.45320 -161.03862     20.469    -1.3577    -1.3289    -1.3581    32.4194    32.4040  1026.1712    26.0725    336.187    325.707  368.04768     91.343     0.2247     1.0000     0.5902 5.2342e-02      17151          9  0.000e+00
     20.182   71.45320 -161.03862     20.391    -1.3568    -1.3297    -1.3572    32.4181    32.4050  1026.1698    26.0714    336.204    325.676  368.04285     91.349     0.2234     0.9927     0.5902 5.4276e-02      17152          9  0.000e+00
     20.197   71.45320 -161.03862     20.407    -1.3560    -1.3316    -1.3564    32.4173    32.4073  1026.1691    26.0707    336.128    325.688  368.03746     91.330     0.2247     1.0000     0.5902 5.4762e-02      17153          9  0.000e+00
     20.236   71.45320 -161.03862     20.446    -1.3537    -1.3331    -1.3540    32.4146    32.4085  1026.1671    26.0684    336.092    325.699  368.02189     91.324     0.2247     1.0000     0.5902 6.1722e-02      17154          9  0.000e+00
     20.182   71.45320 -161.03862     20.391    -1.3518    -1.3341    -1.3521    32.4126    32.4094  1026.1652    26.0668    336.107    325.702  368.00876     91.331     0.2247     1.0000     0.5902 6.6343e-02      17155          9  0.000e+00
     20.198   71.45320 -161.03862     20.407    -1.3522    -1.3348    -1.3526    32.4135    32.4106  1026.1660    26.0675    336.096    325.703  368.01090     91.328     0.2247     1.0000     0.5902 6.6864e-02      17156          9  0.000e+00
     20.182   71.45320 -161.03862     20.391    -1.3542    -1.3348    -1.3546    32.4152    32.4103  1026.1674    26.0690    336.099    325.668  368.02516     91.325     0.2247     1.0000     0.5902 6.1722e-02      17157          9  0.000e+00
     20.198   71.45320 -161.03862     20.407    -1.3560    -1.3341    -1.3563    32.4173    32.4097  1026.1692    26.0707    336.154    325.627  368.03682     91.337     0.2247     1.0000     0.5902 5.7712e-02      17158          9  0.000e+00
     20.182   71.45320 -161.03862     20.391    -1.3562    -1.3314    -1.3566    32.4175    32.4068  1026.1693    26.0709    336.149    325.601  368.03834     91.335     0.2320     1.0439     0.5902 5.6723e-02      17159          9  0.000e+00
     20.236   71.45320 -161.03862     20.446    -1.3534    -1.3284    -1.3538    32.4146    32.4033  1026.1671    26.0684    335.869    325.577  368.01972     91.264     0.2576     1.1978     0.5902 5.2824e-02      17160          9  0.000e+00
     20.144   71.45320 -161.03862     20.352    -1.3511    -1.3260    -1.3515    32.4119    32.4003  1026.1644    26.0662    335.799    325.550  368.00468     91.249     0.2650     1.2417     0.5902 4.8071e-02      17161          9  0.000e+00
     20.182   71.45320 -161.03862     20.391    -1.3492    -1.3245    -1.3496    32.4096    32.3987  1026.1626    26.0642    335.793    325.536  367.99272     91.250     0.2662     1.2491     0.5902 4.7137e-02      17162          9  0.000e+00
     20.198   71.45320 -161.03862     20.407    -1.3478    -1.3233    -1.3482    32.4079    32.3970  1026.1613    26.0628    335.745    325.523  367.98344     91.239     0.2637     1.2344     0.5902 5.3790e-02      17163          9  0.000e+00
     20.182   71.45320 -161.03862     20.391    -1.3475    -1.3227    -1.3479    32.4079    32.3966  1026.1613    26.0629    335.706    325.511  367.98035     91.229     0.2650     1.2417     0.5902 6.3762e-02      17164          9  0.000e+00
     20.182   71.45320 -161.03862     20.392    -1.3487    -1.3231    -1.3491    32.4090    32.3971  1026.1622    26.0638    335.686    325.282  367.98911     91.222     0.2637     1.2344     0.5902 6.6864e-02      17165          9  0.000e+00
     20.144   71.45320 -161.03862     20.353    -1.3509    -1.3242    -1.3513    32.4115    32.3984  1026.1641    26.0658    335.674    325.254  368.00363     91.215     0.2650     1.2417     0.5902 6.1722e-02      17166          9  0.000e+00
     20.182   71.45320 -161.03862     20.392    -1.3527    -1.3271    -1.3531    32.4137    32.4011  1026.1661    26.0677    335.667    325.470  368.01471     91.210     0.2637     1.2344     0.5902 5.1384e-02      17167          9  0.000e+00
     20.144   71.45320 -161.03862     20.353    -1.3525    -1.3292    -1.3529    32.4136    32.4037  1026.1658    26.0676    335.645    325.481  368.01348     91.205     0.2650     1.2417     0.5830 4.8071e-02      17168          9  0.000e+00
     20.182   71.45320 -161.03862     20.392    -1.3519    -1.3299    -1.3523    32.4127    32.4042  1026.1653    26.0669    335.629    325.486  368.01018     91.201     0.2637     1.2344     0.5795 5.1384e-02      17169          9  0.000e+00
     20.121   71.45320 -161.03862     20.329    -1.3520    -1.3291    -1.3524    32.4128    32.4036  1026.1650    26.0669    335.617    325.474  368.01070     91.197     0.2637     1.2344     0.5783 6.1216e-02      17170          9  0.000e+00
     20.144   71.45320 -161.03862     20.353    -1.3536    -1.3284    -1.3540    32.4145    32.4029  1026.1666    26.0684    335.367    325.240  368.02159     91.127     0.2650     1.2417     0.5795 6.5306e-02      17171          9  0.000e+00
     20.121   71.45320 -161.03862     20.329    -1.3531    -1.3302    -1.3535    32.4142    32.4044  1026.1662    26.0681    335.570    325.448  368.01795     91.183     0.2650     1.2417     0.5795 6.3250e-02      17172          9  0.000e+00
     20.144   71.45320 -161.03862     20.353    -1.3507    -1.3302    -1.3511    32.4114    32.4047  1026.1640    26.0658    335.557    325.447  368.00159     91.183     0.2650     1.2417     0.5795 5.3790e-02      17173          9  0.000e+00
     20.185   71.45318 -161.03864     20.394    -1.3555    -1.3295    -1.3559    32.4167    32.4043  1026.1686    26.0702    337.698    327.861  368.03458     91.757     0.2357     1.0659     0.5711 4.9956e-02      17285         10  0.000e+00
     20.262   71.45318 -161.03864     20.472    -1.3564    -1.3293    -1.3567    32.4174    32.4039  1026.1696    26.0708    337.939    327.857  368.04039     91.821     0.2357     1.0659     0.5711 3.9401e-02      17286         10  0.000e+00
     20.185   71.45318 -161.03864     20.394    -1.3575    -1.3293    -1.3579    32.4187    32.4041  1026.1703    26.0719    337.754    327.841  368.04801     91.769     0.2418     1.1025     0.5711 3.5454e-02      17287         10  0.000e+00
     20.239   71.45318 -161.03864     20.449    -1.3591    -1.3291    -1.3594    32.4205    32.4042  1026.1721    26.0734    337.734    327.825  368.05806     91.761     0.2491     1.1465     0.5711 3.5887e-02      17288         10  0.000e+00
     20.201   71.45318 -161.03864     20.410    -1.3601    -1.3289    -1.3605    32.4217    32.4043  1026.1729    26.0744    338.010    327.801  368.06561     91.834     0.2503     1.1538     0.5747 4.7137e-02      17289         10  0.000e+00
     20.239   71.45318 -161.03864     20.449    -1.3594    -1.3281    -1.3598    32.4205    32.4030  1026.1721    26.0734    337.962    327.774  368.06151     91.822     0.2503     1.1538     0.5795 5.3306e-02      17290         10  0.000e+00
     20.147   71.45318 -161.03864     20.355    -1.3580    -1.3274    -1.3584    32.4196    32.4027  1026.1708    26.0726    337.994    327.737  368.05004     91.834     0.2491     1.1465     0.5795 5.4276e-02      17291         10  0.000e+00
     20.185   71.45318 -161.03864     20.394    -1.3568    -1.3274    -1.3572    32.4184    32.4025  1026.1700    26.0716    337.774    327.707  368.04224     91.776     0.2491     1.1465     0.5795 5.4276e-02      17292         10  0.000e+00
     20.239   71.45318 -161.03864     20.449    -1.3559    -1.3278    -1.3563    32.4170    32.4031  1026.1692    26.0705    337.765    327.710  368.03700     91.775     0.2503     1.1538     0.5795 5.4762e-02      17293         10  0.000e+00
     20.201   71.45318 -161.03864     20.410    -1.3555    -1.3290    -1.3559    32.4168    32.4041  1026.1688    26.0703    338.008    327.713  368.03411     91.841     0.2491     1.1465     0.5795 5.4762e-02      17294         10  0.000e+00
     20.185   71.45318 -161.03864     20.394    -1.3563    -1.3299    -1.3567    32.4175    32.4050  1026.1693    26.0709    338.050    327.678  368.03962     91.852     0.2503     1.1538     0.5795 5.8208e-02      17295         10  0.000e+00
     20.147   71.45318 -161.03864     20.355    -1.3583    -1.3304    -1.3587    32.4199    32.4055  1026.1711    26.0729    338.096    327.636  368.05261     91.861     0.2491     1.1465     0.5795 6.1216e-02      17296         10  0.000e+00
     20.185   71.45318 -161.03864     20.394    -1.3600    -1.3310    -1.3604    32.4212    32.4060  1026.1724    26.0740    338.140    327.594  368.06516     91.870     0.2503     1.1538     0.5795 6.1722e-02      17297         10  0.000e+00
     20.185   71.45318 -161.03864     20.394    -1.3612    -1.3307    -1.3616    32.4227    32.4057  1026.1736    26.0752    338.174    327.572  368.07293     91.877     0.2491     1.1465     0.5795 6.2230e-02      17298         10  0.000e+00
     20.147   71.45318 -161.03864     20.356    -1.3620    -1.3311    -1.3624    32.4230    32.4067  1026.1737    26.0755    338.200    327.550  368.08003     91.882     0.2503     1.1538     0.5795 6.2739e-02      17299         10  0.000e+00
     20.185   71.45318 -161.03864     20.394    -1.3630    -1.3321    -1.3634    32.4243    32.4069  1026.1750    26.0766    338.226    327.569  368.08632     91.888     0.2491     1.1465     0.5795 6.2739e-02      17300         10  0.000e+00
     20.147   71.45318 -161.03864     20.356    -1.3644    -1.3331    -1.3648    32.4257    32.4082  1026.1760    26.0778    338.247    327.548  368.09593     91.891     0.2503     1.1538     0.5795 6.2739e-02      17301         10  0.000e+00
     20.124   71.45318 -161.03864     20.332    -1.3643    -1.3332    -1.3647    32.4251    32.4080  1026.1754    26.0773    338.511    327.520  368.09648     91.963     0.2491     1.1465     0.5795 6.2739e-02      17302         10  0.000e+00
     20.185   71.45318 -161.03864     20.395    -1.3643    -1.3328    -1.3647    32.4254    32.4075  1026.1759    26.0775    338.307    327.748  368.09584     91.907     0.2491     1.1465     0.5795 6.2739e-02      17303         10  0.000e+00
