EcoFOCI/data/1_SampleCollection/2023_SikuliaqDBO_CruiseData/CTD_raw_BottleFile_SKQ23-12S/proc/skq202312s_080svp.cnv
* Sea-Bird SBE 9 Data File:
* FileName = D:\CTD\SKQ202312S\SKQ202312S_080.hex
* Software Version Seasave V 7.26.7.121
* Temperature SN = 6177
* Conductivity SN = 0369
* Number of Bytes Per Scan = 41
* Number of Voltage Words = 4
* Number of Scans Averaged by the Deck Unit = 1
* NMEA Latitude = 65 42.89 N
* NMEA Longitude = 168 33.35 W
* NMEA UTC (Time) = Oct 03 2023  08:21:36
* NMEA baud rate = 4800
** Ship: R/V Sikuliaq
** Station Number: 080
** Station Name: BS5
** Bottom Depth: 52
** Operator: SD
# nquan = 7
# nvalues = 3507                                  
# units = specified
# name 0 = depSM: Depth [salt water, m]
# name 1 = latitude: Latitude [deg]
# name 2 = longitude: Longitude [deg]
# name 3 = t090C: Temperature [ITS-90, deg C]
# name 4 = sal00: Salinity, Practical [PSU]
# name 5 = svCM: Sound Velocity [Chen-Millero, m/s]
# name 6 = flag:  0.000e+00
# span 0 =      2.282,     47.360                 
# span 1 =   65.71490,   65.71494                 
# span 2 = -168.55594, -168.55572                 
# span 3 =     2.8346,     6.5651                 
# span 4 =    26.2910,    32.7164                 
# span 5 =    1459.42,    1472.75                 
# span 6 = 0.0000e+00, 0.0000e+00                 
# interval = seconds: 0.0416667
# start_time = Oct 03 2023 08:24:18 [NMEA time, first data scan]
# bad_flag = -9.990e-29
*END*
[from data line 2872]
     41.913   65.71494 -168.55574     2.8454    32.6906    1459.43  0.000e+00
     41.975   65.71494 -168.55574     2.8454    32.6901    1459.43  0.000e+00
     41.905   65.71494 -168.55574     2.8453    32.6909    1459.43  0.000e+00
     41.975   65.71494 -168.55574     2.8453    32.6909    1459.43  0.000e+00
     41.859   65.71494 -168.55574     2.8454    32.6910    1459.43  0.000e+00
     41.913   65.71494 -168.55574     2.8454    32.6907    1459.43  0.000e+00
     41.967   65.71494 -168.55574     2.8454    32.6909    1459.43  0.000e+00
     41.859   65.71494 -168.55574     2.8456    32.6905    1459.43  0.000e+00
     41.913   65.71494 -168.55574     2.8451    32.6906    1459.43  0.000e+00
     41.859   65.71494 -168.55574     2.8453    32.6910    1459.43  0.000e+00
     41.859   65.71494 -168.55574     2.8453    32.6917    1459.43  0.000e+00
     41.905   65.71494 -168.55574     2.8453    32.6914    1459.43  0.000e+00
     41.859   65.71494 -168.55574     2.8457    32.6912    1459.43  0.000e+00
     41.859   65.71494 -168.55574     2.8456    32.6915    1459.43  0.000e+00
     41.859   65.71494 -168.55574     2.8459    32.6912    1459.44  0.000e+00
     41.851   65.71494 -168.55574     2.8461    32.6912    1459.44  0.000e+00
     41.797   65.71494 -168.55574     2.8464    32.6905    1459.44  0.000e+00
     41.859   65.71494 -168.55574     2.8462    32.6906    1459.44  0.000e+00
     41.797   65.71494 -168.55574     2.8462    32.6903    1459.43  0.000e+00
     41.797   65.71494 -168.55574     2.8464    32.6901    1459.44  0.000e+00
     41.790   65.71494 -168.55574     2.8462    32.6903    1459.43  0.000e+00
     41.797   65.71494 -168.55574     2.8461    32.6909    1459.43  0.000e+00
     41.797   65.71494 -168.55574     2.8464    32.6905    1459.44  0.000e+00
     41.797   65.71494 -168.55574     2.8462    32.6906    1459.44  0.000e+00
     41.736   65.71494 -168.55574     2.8462    32.6902    1459.43  0.000e+00
     41.797   65.71494 -168.55574     2.8462    32.6902    1459.43  0.000e+00
     41.743   65.71494 -168.55574     2.8459    32.6908    1459.43  0.000e+00
     41.743   65.71494 -168.55574     2.8461    32.6905    1459.43  0.000e+00
     41.743   65.71494 -168.55574     2.8457    32.6906    1459.43  0.000e+00
     41.790   65.71494 -168.55574     2.8461    32.6902    1459.43  0.000e+00
     41.681   65.71494 -168.55574     2.8459    32.6904    1459.43  0.000e+00
     41.743   65.71494 -168.55574     2.8459    32.6906    1459.43  0.000e+00
     41.743   65.71494 -168.55574     2.8457    32.6913    1459.43  0.000e+00
     41.790   65.71494 -168.55574     2.8459    32.6912    1459.43  0.000e+00
     41.743   65.71494 -168.55574     2.8459    32.6908    1459.43  0.000e+00
     41.743   65.71494 -168.55574     2.8459    32.6909    1459.43  0.000e+00
     41.797   65.71494 -168.55574     2.8457    32.6906    1459.43  0.000e+00
     41.743   65.71494 -168.55574     2.8457    32.6905    1459.43  0.000e+00
     41.790   65.71494 -168.55574     2.8456    32.6904    1459.43  0.000e+00
     41.797   65.71494 -168.55574     2.8454    32.6906    1459.43  0.000e+00
     41.797   65.71494 -168.55574     2.8454    32.6908    1459.43  0.000e+00
     41.797   65.71494 -168.55574     2.8456    32.6904    1459.43  0.000e+00
     41.790   65.71494 -168.55574     2.8454    32.6908    1459.43  0.000e+00
     41.743   65.71494 -168.55574     2.8456    32.6907    1459.43  0.000e+00
     41.797   65.71494 -168.55574     2.8459    32.6906    1459.43  0.000e+00
     41.797   65.71494 -168.55574     2.8457    32.6910    1459.43  0.000e+00
     41.797   65.71494 -168.55574     2.8459    32.6906    1459.43  0.000e+00
     41.851   65.71494 -168.55574     2.8462    32.6904    1459.44  0.000e+00
     41.743   65.71494 -168.55574     2.8461    32.6908    1459.43  0.000e+00
     41.859   65.71494 -168.55574     2.8464    32.6901    1459.44  0.000e+00
     41.797   65.71494 -168.55574     2.8462    32.6899    1459.43  0.000e+00
     41.851   65.71494 -168.55574     2.8459    32.6900    1459.43  0.000e+00
     41.859   65.71494 -168.55574     2.8459    32.6898    1459.43  0.000e+00
     41.859   65.71494 -168.55574     2.8459    32.6898    1459.43  0.000e+00
     41.913   65.71494 -168.55574     2.8456    32.6898    1459.43  0.000e+00
     41.913   65.71494 -168.55574     2.8456    32.6898    1459.43  0.000e+00
     41.851   65.71494 -168.55574     2.8454    32.6900    1459.43  0.000e+00
     41.975   65.71494 -168.55574     2.8454    32.6905    1459.43  0.000e+00
     41.913   65.71494 -168.55574     2.8454    32.6903    1459.43  0.000e+00
     41.913   65.71494 -168.55574     2.8451    32.6907    1459.43  0.000e+00
     41.967   65.71494 -168.55574     2.8451    32.6906    1459.43  0.000e+00
     41.975   65.71494 -168.55574     2.8451    32.6905    1459.43  0.000e+00
     41.975   65.71494 -168.55574     2.8451    32.6909    1459.43  0.000e+00
     42.029   65.71494 -168.55574     2.8452    32.6903    1459.43  0.000e+00
     41.975   65.71494 -168.55574     2.8453    32.6903    1459.43  0.000e+00
     42.075   65.71494 -168.55574     2.8453    32.6903    1459.44  0.000e+00
     42.029   65.71494 -168.55574     2.8453    32.6904    1459.43  0.000e+00
     42.083   65.71494 -168.55574     2.8449    32.6907    1459.43  0.000e+00
     42.083   65.71494 -168.55574     2.8451    32.6907    1459.43  0.000e+00
     42.021   65.71494 -168.55574     2.8449    32.6909    1459.43  0.000e+00
     42.144   65.71494 -168.55574     2.8449    32.6909    1459.44  0.000e+00
     42.144   65.71494 -168.55574     2.8448    32.6910    1459.44  0.000e+00
     42.083   65.71494 -168.55574     2.8449    32.6909    1459.43  0.000e+00
     42.199   65.71494 -168.55574     2.8445    32.6910    1459.43  0.000e+00
     42.191   65.71494 -168.55574     2.8447    32.6910    1459.44  0.000e+00
     42.144   65.71494 -168.55574     2.8445    32.6913    1459.43  0.000e+00
     42.199   65.71494 -168.55574     2.8443    32.6914    1459.43  0.000e+00
     42.199   65.71494 -168.55574     2.8443    32.6916    1459.43  0.000e+00
     42.199   65.71494 -168.55574     2.8445    32.6916    1459.44  0.000e+00
     42.307   65.71494 -168.55574     2.8445    32.6917    1459.44  0.000e+00
     42.260   65.71494 -168.55574     2.8445    32.6916    1459.44  0.000e+00
     42.260   65.71494 -168.55574     2.8443    32.6914    1459.44  0.000e+00
     42.314   65.71494 -168.55574     2.8442    32.6921    1459.44  0.000e+00
     42.314   65.71494 -168.55574     2.8442    32.6924    1459.44  0.000e+00
     42.307   65.71494 -168.55574     2.8442    32.6921    1459.44  0.000e+00
     42.368   65.71494 -168.55574     2.8442    32.6920    1459.44  0.000e+00
     42.368   65.71494 -168.55574     2.8442    32.6918    1459.44  0.000e+00
     42.314   65.71494 -168.55574     2.8440    32.6924    1459.44  0.000e+00
     42.422   65.71494 -168.55574     2.8439    32.6920    1459.44  0.000e+00
     42.430   65.71494 -168.55574     2.8437    32.6926    1459.44  0.000e+00
     42.368   65.71494 -168.55574     2.8434    32.6929    1459.44  0.000e+00
     42.430   65.71494 -168.55574     2.8434    32.6931    1459.44  0.000e+00
     42.430   65.71494 -168.55574     2.8432    32.6933    1459.44  0.000e+00
     42.476   65.71494 -168.55574     2.8431    32.6932    1459.44  0.000e+00
     42.484   65.71494 -168.55574     2.8429    32.6933    1459.44  0.000e+00
     42.484   65.71494 -168.55574     2.8426    32.6938    1459.43  0.000e+00
     42.484   65.71494 -168.55574     2.8428    32.6937    1459.44  0.000e+00
     42.484   65.71494 -168.55574     2.8427    32.6935    1459.44  0.000e+00
     42.538   65.71494 -168.55574     2.8427    32.6937    1459.44  0.000e+00
     42.546   65.71494 -168.55574     2.8425    32.6938    1459.44  0.000e+00
     42.546   65.71494 -168.55574     2.8426    32.6936    1459.44  0.000e+00
     42.546   65.71494 -168.55574     2.8425    32.6939    1459.44  0.000e+00
     42.546   65.71494 -168.55574     2.8426    32.6936    1459.44  0.000e+00
     42.592   65.71494 -168.55574     2.8426    32.6937    1459.44  0.000e+00
     42.546   65.71494 -168.55574     2.8426    32.6941    1459.44  0.000e+00
     42.600   65.71494 -168.55574     2.8425    32.6938    1459.44  0.000e+00
     42.546   65.71494 -168.55574     2.8425    32.6936    1459.44  0.000e+00
     42.600   65.71494 -168.55574     2.8423    32.6938    1459.44  0.000e+00
     42.654   65.71494 -168.55574     2.8423    32.6936    1459.44  0.000e+00
     42.600   65.71494 -168.55574     2.8423    32.6944    1459.44  0.000e+00
     42.600   65.71494 -168.55574     2.8423    32.6943    1459.44  0.000e+00
     42.662   65.71494 -168.55574     2.8425    32.6939    1459.44  0.000e+00
     42.654   65.71494 -168.55574     2.8423    32.6941    1459.44  0.000e+00
     42.600   65.71494 -168.55574     2.8421    32.6941    1459.44  0.000e+00
     42.662   65.71494 -168.55574     2.8422    32.6941    1459.44  0.000e+00
     42.600   65.71494 -168.55574     2.8425    32.6935    1459.44  0.000e+00
     42.662   65.71494 -168.55574     2.8420    32.6943    1459.44  0.000e+00
     42.654   65.71494 -168.55574     2.8421    32.6936    1459.44  0.000e+00
     42.600   65.71494 -168.55574     2.8421    32.6943    1459.44  0.000e+00
     42.662   65.71494 -168.55574     2.8421    32.6941    1459.44  0.000e+00
     42.662   65.71494 -168.55574     2.8423    32.6938    1459.44  0.000e+00
     42.600   65.71494 -168.55574     2.8420    32.6944    1459.43  0.000e+00
     42.654   65.71494 -168.55574     2.8423    32.6944    1459.44  0.000e+00
     42.662   65.71494 -168.55574     2.8420    32.6945    1459.44  0.000e+00
     42.662   65.71494 -168.55574     2.8421    32.6940    1459.44  0.000e+00
     42.662   65.71494 -168.55574     2.8418    32.6948    1459.44  0.000e+00
     42.600   65.71494 -168.55574     2.8420    32.6946    1459.44  0.000e+00
     42.654   65.71494 -168.55574     2.8420    32.6950    1459.44  0.000e+00
     42.662   65.71494 -168.55574     2.8420    32.6951    1459.44  0.000e+00
     42.662   65.71494 -168.55574     2.8421    32.6951    1459.44  0.000e+00
     42.600   65.71494 -168.55574     2.8425    32.6949    1459.44  0.000e+00
     42.662   65.71494 -168.55574     2.8427    32.6948    1459.44  0.000e+00
     42.592   65.71494 -168.55574     2.8431    32.6941    1459.44  0.000e+00
     42.662   65.71494 -168.55574     2.8434    32.6938    1459.44  0.000e+00
     42.662   65.71494 -168.55574     2.8435    32.6937    1459.44  0.000e+00
     42.600   65.71494 -168.55574     2.8437    32.6938    1459.44  0.000e+00
     42.600   65.71494 -168.55574     2.8442    32.6928    1459.44  0.000e+00
     42.654   65.71494 -168.55574     2.8439    32.6931    1459.44  0.000e+00
     42.600   65.71494 -168.55574     2.8440    32.6930    1459.44  0.000e+00
     42.600   65.71494 -168.55574     2.8439    32.6927    1459.44  0.000e+00
     42.662   65.71494 -168.55574     2.8439    32.6928    1459.44  0.000e+00
     42.600   65.71494 -168.55574     2.8435    32.6932    1459.44  0.000e+00
     42.592   65.71494 -168.55574     2.8437    32.6930    1459.44  0.000e+00
     42.662   65.71494 -168.55574     2.8437    32.6930    1459.44  0.000e+00
     42.600   65.71494 -168.55574     2.8435    32.6936    1459.44  0.000e+00
     42.600   65.71494 -168.55574     2.8439    32.6934    1459.44  0.000e+00
     42.600   65.71494 -168.55574     2.8440    32.6933    1459.44  0.000e+00
     42.592   65.71494 -168.55574     2.8439    32.6932    1459.44  0.000e+00
     42.600   65.71494 -168.55574     2.8440    32.6936    1459.44  0.000e+00
     42.600   65.71494 -168.55574     2.8439    32.6932    1459.44  0.000e+00
     42.662   65.71494 -168.55574     2.8440    32.6933    1459.44  0.000e+00
     42.538   65.71494 -168.55574     2.8440    32.6930    1459.44  0.000e+00
     42.662   65.71494 -168.55574     2.8440    32.6929    1459.44  0.000e+00
     42.600   65.71494 -168.55574     2.8442    32.6928    1459.44  0.000e+00
     42.600   65.71494 -168.55574     2.8440    32.6932    1459.44  0.000e+00
     42.600   65.71494 -168.55574     2.8437    32.6934    1459.44  0.000e+00
     42.654   65.71494 -168.55574     2.8439    32.6931    1459.44  0.000e+00
     42.600   65.71494 -168.55574     2.8434    32.6939    1459.44  0.000e+00
     42.662   65.71494 -168.55574     2.8432    32.6938    1459.44  0.000e+00
     42.600   65.71494 -168.55574     2.8429    32.6943    1459.44  0.000e+00
     42.600   65.71494 -168.55574     2.8431    32.6940    1459.44  0.000e+00
     42.708   65.71494 -168.55574     2.8429    32.6941    1459.44  0.000e+00
     42.662   65.71494 -168.55574     2.8427    32.6943    1459.44  0.000e+00
     42.600   65.71494 -168.55574     2.8427    32.6945    1459.44  0.000e+00
     42.716   65.71494 -168.55574     2.8427    32.6943    1459.44  0.000e+00
     42.662   65.71494 -168.55574     2.8426    32.6946    1459.44  0.000e+00
     42.654   65.71494 -168.55574     2.8431    32.6942    1459.44  0.000e+00
     42.716   65.71494 -168.55574     2.8432    32.6942    1459.44  0.000e+00
     42.716   65.71494 -168.55574     2.8432    32.6939    1459.44  0.000e+00
     42.716   65.71494 -168.55574     2.8434    32.6938    1459.44  0.000e+00
     42.716   65.71494 -168.55574     2.8429    32.6944    1459.44  0.000e+00
     42.708   65.71494 -168.55574     2.8429    32.6946    1459.44  0.000e+00
     42.770   65.71494 -168.55574     2.8426    32.6946    1459.44  0.000e+00
     42.770   65.71494 -168.55574     2.8423    32.6945    1459.44  0.000e+00
     42.770   65.71494 -168.55574     2.8425    32.6946    1459.44  0.000e+00
     42.770   65.71494 -168.55574     2.8423    32.6949    1459.44  0.000e+00
     42.824   65.71494 -168.55574     2.8420    32.6954    1459.44  0.000e+00
     42.831   65.71494 -168.55574     2.8418    32.6959    1459.44  0.000e+00
     42.885   65.71494 -168.55574     2.8417    32.6957    1459.44  0.000e+00
     42.831   65.71494 -168.55574     2.8417    32.6960    1459.44  0.000e+00
     42.885   65.71494 -168.55574     2.8413    32.6966    1459.44  0.000e+00
     42.885   65.71494 -168.55574     2.8413    32.6963    1459.44  0.000e+00
     42.947   65.71494 -168.55574     2.8412    32.6965    1459.44  0.000e+00
     42.947   65.71494 -168.55574     2.8410    32.6969    1459.44  0.000e+00
     42.947   65.71494 -168.55574     2.8408    32.6970    1459.44  0.000e+00
     43.001   65.71494 -168.55574     2.8406    32.6973    1459.44  0.000e+00
     42.993   65.71494 -168.55574     2.8404    32.6973    1459.44  0.000e+00
     43.063   65.71494 -168.55574     2.8403    32.6974    1459.44  0.000e+00
     43.001   65.71494 -168.55574     2.8403    32.6972    1459.44  0.000e+00
     43.063   65.71494 -168.55574     2.8401    32.6977    1459.44  0.000e+00
     43.117   65.71494 -168.55574     2.8401    32.6978    1459.44  0.000e+00
     43.109   65.71494 -168.55574     2.8401    32.6982    1459.44  0.000e+00
     43.171   65.71494 -168.55574     2.8399    32.6983    1459.44  0.000e+00
     43.171   65.71494 -168.55574     2.8398    32.6986    1459.44  0.000e+00
     43.171   65.71494 -168.55574     2.8396    32.6986    1459.44  0.000e+00
     43.233   65.71494 -168.55574     2.8396    32.6988    1459.44  0.000e+00
     43.225   65.71494 -168.55574     2.8393    32.6989    1459.44  0.000e+00
     43.287   65.71494 -168.55574     2.8391    32.6994    1459.44  0.000e+00
     43.287   65.71494 -168.55574     2.8391    32.6998    1459.44  0.000e+00
     43.287   65.71494 -168.55574     2.8390    32.6994    1459.44  0.000e+00
     43.348   65.71494 -168.55574     2.8388    32.7000    1459.44  0.000e+00
     43.402   65.71494 -168.55574     2.8390    32.6995    1459.44  0.000e+00
     43.395   65.71494 -168.55574     2.8388    32.6996    1459.44  0.000e+00
     43.464   65.71494 -168.55574     2.8388    32.6998    1459.44  0.000e+00
