EcoFOCI/data/1_SampleCollection/2023_SikuliaqDBO_CruiseData/CTD_raw_BottleFile_SKQ23-12S/proc/skq202312s_080svp.cnv
* Sea-Bird SBE 9 Data File:
* FileName = D:\CTD\SKQ202312S\SKQ202312S_080.hex
* Software Version Seasave V 7.26.7.121
* Temperature SN = 6177
* Conductivity SN = 0369
* Number of Bytes Per Scan = 41
* Number of Voltage Words = 4
* Number of Scans Averaged by the Deck Unit = 1
* NMEA Latitude = 65 42.89 N
* NMEA Longitude = 168 33.35 W
* NMEA UTC (Time) = Oct 03 2023  08:21:36
* NMEA baud rate = 4800
** Ship: R/V Sikuliaq
** Station Number: 080
** Station Name: BS5
** Bottom Depth: 52
** Operator: SD
# nquan = 7
# nvalues = 3507                                  
# units = specified
# name 0 = depSM: Depth [salt water, m]
# name 1 = latitude: Latitude [deg]
# name 2 = longitude: Longitude [deg]
# name 3 = t090C: Temperature [ITS-90, deg C]
# name 4 = sal00: Salinity, Practical [PSU]
# name 5 = svCM: Sound Velocity [Chen-Millero, m/s]
# name 6 = flag:  0.000e+00
# span 0 =      2.282,     47.360                 
# span 1 =   65.71490,   65.71494                 
# span 2 = -168.55594, -168.55572                 
# span 3 =     2.8346,     6.5651                 
# span 4 =    26.2910,    32.7164                 
# span 5 =    1459.42,    1472.75                 
# span 6 = 0.0000e+00, 0.0000e+00                 
# interval = seconds: 0.0416667
# start_time = Oct 03 2023 08:24:18 [NMEA time, first data scan]
# bad_flag = -9.990e-29
*END*
[from data line 2052]
     34.016   65.71494 -168.55578     2.9479    32.6481    1459.69  0.000e+00
     33.962   65.71494 -168.55578     2.9476    32.6479    1459.69  0.000e+00
     34.008   65.71494 -168.55578     2.9472    32.6488    1459.69  0.000e+00
     34.078   65.71494 -168.55578     2.9468    32.6485    1459.69  0.000e+00
     34.062   65.71494 -168.55578     2.9466    32.6484    1459.69  0.000e+00
     34.078   65.71494 -168.55578     2.9459    32.6489    1459.68  0.000e+00
     34.193   65.71494 -168.55578     2.9456    32.6489    1459.68  0.000e+00
     34.178   65.71494 -168.55578     2.9454    32.6487    1459.68  0.000e+00
     34.193   65.71494 -168.55578     2.9449    32.6490    1459.68  0.000e+00
     34.232   65.71494 -168.55578     2.9445    32.6489    1459.68  0.000e+00
     34.247   65.71494 -168.55578     2.9442    32.6492    1459.68  0.000e+00
     34.301   65.71494 -168.55578     2.9439    32.6499    1459.68  0.000e+00
     34.294   65.71494 -168.55578     2.9437    32.6489    1459.68  0.000e+00
     34.417   65.71494 -168.55578     2.9429    32.6496    1459.68  0.000e+00
     34.363   65.71494 -168.55578     2.9427    32.6493    1459.67  0.000e+00
     34.409   65.71494 -168.55578     2.9425    32.6494    1459.67  0.000e+00
     34.417   65.71494 -168.55578     2.9421    32.6498    1459.67  0.000e+00
     34.463   65.71494 -168.55578     2.9418    32.6498    1459.67  0.000e+00
     34.479   65.71494 -168.55578     2.9415    32.6496    1459.67  0.000e+00
     34.594   65.71494 -168.55578     2.9409    32.6502    1459.67  0.000e+00
     34.463   65.71494 -168.55578     2.9407    32.6497    1459.67  0.000e+00
     34.648   65.71494 -168.55578     2.9402    32.6498    1459.67  0.000e+00
     34.594   65.71494 -168.55578     2.9397    32.6500    1459.67  0.000e+00
     34.633   65.71494 -168.55578     2.9394    32.6499    1459.67  0.000e+00
     34.594   65.71494 -168.55578     2.9393    32.6499    1459.66  0.000e+00
     34.695   65.71494 -168.55578     2.9389    32.6504    1459.67  0.000e+00
     34.702   65.71494 -168.55578     2.9385    32.6502    1459.66  0.000e+00
     34.764   65.71494 -168.55576     2.9381    32.6506    1459.66  0.000e+00
     34.749   65.71494 -168.55576     2.9380    32.6506    1459.66  0.000e+00
     34.764   65.71494 -168.55576     2.9379    32.6504    1459.66  0.000e+00
     34.764   65.71494 -168.55576     2.9375    32.6509    1459.66  0.000e+00
     34.864   65.71494 -168.55576     2.9374    32.6508    1459.66  0.000e+00
     34.818   65.71494 -168.55576     2.9371    32.6509    1459.66  0.000e+00
     34.864   65.71494 -168.55576     2.9371    32.6504    1459.66  0.000e+00
     34.880   65.71494 -168.55576     2.9369    32.6506    1459.66  0.000e+00
     34.934   65.71494 -168.55576     2.9364    32.6509    1459.66  0.000e+00
     34.926   65.71494 -168.55576     2.9366    32.6505    1459.66  0.000e+00
     34.934   65.71494 -168.55576     2.9364    32.6506    1459.66  0.000e+00
     34.934   65.71494 -168.55576     2.9362    32.6509    1459.66  0.000e+00
     34.980   65.71494 -168.55576     2.9363    32.6507    1459.66  0.000e+00
     34.995   65.71494 -168.55576     2.9362    32.6502    1459.66  0.000e+00
     35.049   65.71494 -168.55576     2.9358    32.6500    1459.66  0.000e+00
     35.034   65.71494 -168.55576     2.9355    32.6501    1459.66  0.000e+00
     35.103   65.71494 -168.55576     2.9350    32.6505    1459.66  0.000e+00
     35.096   65.71494 -168.55576     2.9350    32.6500    1459.65  0.000e+00
     35.049   65.71494 -168.55576     2.9349    32.6503    1459.65  0.000e+00
     35.165   65.71494 -168.55576     2.9345    32.6500    1459.65  0.000e+00
     35.095   65.71494 -168.55576     2.9341    32.6503    1459.65  0.000e+00
     35.165   65.71494 -168.55576     2.9342    32.6499    1459.65  0.000e+00
     35.165   65.71494 -168.55576     2.9338    32.6498    1459.65  0.000e+00
     35.149   65.71494 -168.55576     2.9332    32.6501    1459.65  0.000e+00
     35.219   65.71494 -168.55576     2.9330    32.6504    1459.65  0.000e+00
     35.219   65.71494 -168.55576     2.9324    32.6503    1459.65  0.000e+00
     35.211   65.71494 -168.55576     2.9322    32.6496    1459.64  0.000e+00
     35.281   65.71494 -168.55576     2.9322    32.6495    1459.64  0.000e+00
     35.265   65.71494 -168.55576     2.9315    32.6493    1459.64  0.000e+00
     35.219   65.71494 -168.55576     2.9313    32.6496    1459.64  0.000e+00
     35.334   65.71494 -168.55576     2.9308    32.6496    1459.64  0.000e+00
     35.265   65.71494 -168.55576     2.9303    32.6498    1459.64  0.000e+00
     35.334   65.71494 -168.55576     2.9297    32.6496    1459.63  0.000e+00
     35.334   65.71494 -168.55576     2.9297    32.6499    1459.64  0.000e+00
     35.327   65.71494 -168.55576     2.9293    32.6501    1459.63  0.000e+00
     35.388   65.71494 -168.55576     2.9292    32.6499    1459.63  0.000e+00
     35.388   65.71494 -168.55576     2.9288    32.6497    1459.63  0.000e+00
     35.381   65.71494 -168.55576     2.9284    32.6496    1459.63  0.000e+00
     35.388   65.71494 -168.55576     2.9281    32.6499    1459.63  0.000e+00
     35.435   65.71494 -168.55576     2.9274    32.6497    1459.63  0.000e+00
     35.450   65.71494 -168.55576     2.9270    32.6500    1459.63  0.000e+00
     35.450   65.71494 -168.55576     2.9263    32.6505    1459.62  0.000e+00
     35.435   65.71494 -168.55576     2.9263    32.6499    1459.62  0.000e+00
     35.504   65.71494 -168.55576     2.9258    32.6498    1459.62  0.000e+00
     35.504   65.71494 -168.55576     2.9256    32.6498    1459.62  0.000e+00
     35.496   65.71494 -168.55576     2.9247    32.6507    1459.62  0.000e+00
     35.504   65.71494 -168.55576     2.9243    32.6504    1459.62  0.000e+00
     35.566   65.71494 -168.55576     2.9239    32.6506    1459.61  0.000e+00
     35.550   65.71494 -168.55576     2.9235    32.6506    1459.61  0.000e+00
     35.566   65.71494 -168.55576     2.9232    32.6485    1459.61  0.000e+00
     35.620   65.71494 -168.55576     2.9224    32.6488    1459.61  0.000e+00
     35.612   65.71494 -168.55576     2.9221    32.6505    1459.61  0.000e+00
     35.566   65.71494 -168.55576     2.9217    32.6520    1459.61  0.000e+00
     35.681   65.71494 -168.55576     2.9215    32.6516    1459.61  0.000e+00
     35.612   65.71494 -168.55576     2.9210    32.6515    1459.60  0.000e+00
     35.681   65.71494 -168.55576     2.9207    32.6514    1459.60  0.000e+00
     35.728   65.71494 -168.55576     2.9204    32.6519    1459.60  0.000e+00
     35.681   65.71494 -168.55576     2.9202    32.6518    1459.60  0.000e+00
     35.681   65.71494 -168.55576     2.9196    32.6519    1459.60  0.000e+00
     35.727   65.71494 -168.55576     2.9193    32.6521    1459.60  0.000e+00
     35.789   65.71494 -168.55576     2.9188    32.6518    1459.60  0.000e+00
     35.735   65.71494 -168.55576     2.9185    32.6515    1459.60  0.000e+00
     35.781   65.71494 -168.55576     2.9180    32.6519    1459.59  0.000e+00
     35.789   65.71494 -168.55576     2.9174    32.6523    1459.59  0.000e+00
     35.851   65.71494 -168.55576     2.9169    32.6520    1459.59  0.000e+00
     35.835   65.71494 -168.55576     2.9163    32.6522    1459.59  0.000e+00
     35.851   65.71494 -168.55576     2.9158    32.6524    1459.59  0.000e+00
     35.851   65.71494 -168.55576     2.9150    32.6527    1459.58  0.000e+00
     35.897   65.71494 -168.55576     2.9146    32.6530    1459.58  0.000e+00
     35.966   65.71494 -168.55576     2.9141    32.6528    1459.58  0.000e+00
     35.905   65.71494 -168.55576     2.9138    32.6527    1459.58  0.000e+00
     35.951   65.71494 -168.55576     2.9132    32.6533    1459.58  0.000e+00
     35.966   65.71494 -168.55576     2.9128    32.6534    1459.58  0.000e+00
     35.966   65.71494 -168.55576     2.9124    32.6537    1459.58  0.000e+00
     36.013   65.71494 -168.55576     2.9122    32.6537    1459.58  0.000e+00
     36.082   65.71494 -168.55576     2.9119    32.6533    1459.58  0.000e+00
     35.951   65.71494 -168.55576     2.9116    32.6536    1459.57  0.000e+00
     36.136   65.71494 -168.55576     2.9110    32.6538    1459.57  0.000e+00
     36.136   65.71494 -168.55576     2.9106    32.6533    1459.57  0.000e+00
     36.128   65.71494 -168.55576     2.9095    32.6538    1459.57  0.000e+00
     36.136   65.71494 -168.55576     2.9089    32.6543    1459.56  0.000e+00
     36.136   65.71494 -168.55576     2.9081    32.6543    1459.56  0.000e+00
     36.182   65.71494 -168.55576     2.9073    32.6543    1459.56  0.000e+00
     36.190   65.71494 -168.55576     2.9067    32.6543    1459.56  0.000e+00
     36.252   65.71494 -168.55576     2.9060    32.6547    1459.55  0.000e+00
     36.236   65.71494 -168.55576     2.9053    32.6547    1459.55  0.000e+00
     36.306   65.71494 -168.55576     2.9047    32.6553    1459.55  0.000e+00
     36.306   65.71494 -168.55576     2.9040    32.6558    1459.55  0.000e+00
     36.298   65.71494 -168.55576     2.9032    32.6563    1459.55  0.000e+00
     36.367   65.71494 -168.55576     2.9029    32.6559    1459.54  0.000e+00
     36.421   65.71494 -168.55576     2.9020    32.6566    1459.54  0.000e+00
     36.352   65.71494 -168.55576     2.9018    32.6565    1459.54  0.000e+00
     36.421   65.71494 -168.55576     2.9012    32.6565    1459.54  0.000e+00
     36.483   65.71494 -168.55576     2.9005    32.6567    1459.54  0.000e+00
     36.467   65.71494 -168.55576     2.8998    32.6567    1459.53  0.000e+00
     36.483   65.71494 -168.55576     2.8988    32.6575    1459.53  0.000e+00
     36.537   65.71494 -168.55576     2.8979    32.6576    1459.53  0.000e+00
     36.583   65.71494 -168.55576     2.8966    32.6581    1459.52  0.000e+00
     36.591   65.71494 -168.55576     2.8955    32.6588    1459.52  0.000e+00
     36.591   65.71494 -168.55576     2.8943    32.6594    1459.52  0.000e+00
     36.637   65.71494 -168.55576     2.8935    32.6597    1459.51  0.000e+00
     36.653   65.71494 -168.55576     2.8923    32.6609    1459.51  0.000e+00
     36.707   65.71494 -168.55576     2.8914    32.6610    1459.51  0.000e+00
     36.699   65.71494 -168.55576     2.8902    32.6617    1459.50  0.000e+00
     36.706   65.71494 -168.55576     2.8892    32.6621    1459.50  0.000e+00
     36.768   65.71494 -168.55576     2.8885    32.6625    1459.50  0.000e+00
     36.814   65.71494 -168.55576     2.8874    32.6633    1459.49  0.000e+00
     36.822   65.71494 -168.55576     2.8863    32.6636    1459.49  0.000e+00
     36.884   65.71494 -168.55576     2.8853    32.6641    1459.49  0.000e+00
     36.868   65.71494 -168.55576     2.8845    32.6649    1459.49  0.000e+00
     36.884   65.71494 -168.55576     2.8836    32.6654    1459.48  0.000e+00
     36.938   65.71494 -168.55576     2.8827    32.6658    1459.48  0.000e+00
     36.984   65.71494 -168.55576     2.8817    32.6666    1459.48  0.000e+00
     36.992   65.71494 -168.55576     2.8810    32.6673    1459.48  0.000e+00
     36.992   65.71494 -168.55576     2.8805    32.6672    1459.47  0.000e+00
     37.100   65.71494 -168.55576     2.8796    32.6675    1459.47  0.000e+00
     36.992   65.71494 -168.55576     2.8792    32.6682    1459.47  0.000e+00
     37.107   65.71494 -168.55576     2.8786    32.6686    1459.47  0.000e+00
     37.107   65.71494 -168.55576     2.8782    32.6683    1459.47  0.000e+00
     37.154   65.71494 -168.55576     2.8774    32.6688    1459.46  0.000e+00
     37.169   65.71494 -168.55576     2.8772    32.6691    1459.46  0.000e+00
     37.223   65.71494 -168.55576     2.8765    32.6697    1459.46  0.000e+00
     37.269   65.71494 -168.55576     2.8756    32.6700    1459.46  0.000e+00
     37.223   65.71494 -168.55576     2.8753    32.6701    1459.46  0.000e+00
     37.339   65.71494 -168.55576     2.8747    32.6709    1459.46  0.000e+00
     37.331   65.71494 -168.55576     2.8737    32.6713    1459.45  0.000e+00
     37.339   65.71494 -168.55576     2.8732    32.6720    1459.45  0.000e+00
     37.339   65.71494 -168.55576     2.8726    32.6721    1459.45  0.000e+00
     37.385   65.71494 -168.55576     2.8720    32.6725    1459.45  0.000e+00
     37.454   65.71494 -168.55576     2.8715    32.6727    1459.45  0.000e+00
     37.454   65.71494 -168.55576     2.8710    32.6732    1459.45  0.000e+00
     37.439   65.71494 -168.55576     2.8706    32.6736    1459.45  0.000e+00
     37.454   65.71494 -168.55576     2.8701    32.6739    1459.44  0.000e+00
     37.570   65.71494 -168.55576     2.8699    32.6737    1459.45  0.000e+00
     37.501   65.71494 -168.55576     2.8695    32.6742    1459.44  0.000e+00
     37.570   65.71494 -168.55576     2.8690    32.6748    1459.44  0.000e+00
     37.570   65.71494 -168.55576     2.8685    32.6749    1459.44  0.000e+00
     37.686   65.71494 -168.55576     2.8682    32.6753    1459.44  0.000e+00
     37.616   65.71494 -168.55576     2.8681    32.6755    1459.44  0.000e+00
     37.686   65.71494 -168.55576     2.8681    32.6755    1459.44  0.000e+00
     37.686   65.71494 -168.55576     2.8677    32.6758    1459.44  0.000e+00
     37.670   65.71494 -168.55576     2.8677    32.6756    1459.44  0.000e+00
     37.740   65.71494 -168.55576     2.8676    32.6756    1459.44  0.000e+00
     37.794   65.71494 -168.55576     2.8674    32.6755    1459.44  0.000e+00
     37.732   65.71494 -168.55576     2.8673    32.6757    1459.44  0.000e+00
     37.794   65.71494 -168.55576     2.8666    32.6761    1459.44  0.000e+00
     37.794   65.71494 -168.55576     2.8665    32.6764    1459.44  0.000e+00
     37.848   65.71494 -168.55576     2.8663    32.6763    1459.44  0.000e+00
     37.794   65.71494 -168.55576     2.8659    32.6770    1459.44  0.000e+00
     37.855   65.71494 -168.55576     2.8660    32.6764    1459.44  0.000e+00
     37.855   65.71494 -168.55576     2.8657    32.6770    1459.44  0.000e+00
     37.848   65.71494 -168.55576     2.8657    32.6770    1459.44  0.000e+00
     37.909   65.71494 -168.55576     2.8654    32.6769    1459.44  0.000e+00
     37.909   65.71494 -168.55576     2.8651    32.6774    1459.44  0.000e+00
     37.955   65.71494 -168.55576     2.8651    32.6775    1459.44  0.000e+00
     37.909   65.71494 -168.55576     2.8650    32.6779    1459.44  0.000e+00
     37.971   65.71494 -168.55576     2.8647    32.6777    1459.44  0.000e+00
     38.017   65.71494 -168.55576     2.8646    32.6777    1459.44  0.000e+00
     37.971   65.71494 -168.55576     2.8647    32.6778    1459.44  0.000e+00
     38.025   65.71494 -168.55576     2.8644    32.6779    1459.43  0.000e+00
     38.017   65.71494 -168.55576     2.8646    32.6777    1459.44  0.000e+00
     38.025   65.71494 -168.55576     2.8646    32.6777    1459.44  0.000e+00
     38.025   65.71494 -168.55576     2.8644    32.6776    1459.43  0.000e+00
     38.079   65.71494 -168.55576     2.8646    32.6775    1459.44  0.000e+00
     38.071   65.71494 -168.55576     2.8646    32.6777    1459.44  0.000e+00
     38.025   65.71494 -168.55576     2.8647    32.6779    1459.44  0.000e+00
     38.140   65.71494 -168.55576     2.8646    32.6780    1459.44  0.000e+00
     38.071   65.71494 -168.55576     2.8647    32.6778    1459.44  0.000e+00
     38.079   65.71494 -168.55576     2.8651    32.6772    1459.44  0.000e+00
     38.140   65.71494 -168.55576     2.8651    32.6771    1459.44  0.000e+00
     38.071   65.71494 -168.55576     2.8649    32.6773    1459.44  0.000e+00
     38.140   65.71494 -168.55576     2.8648    32.6778    1459.44  0.000e+00
     38.194   65.71494 -168.55576     2.8649    32.6774    1459.44  0.000e+00
     38.140   65.71494 -168.55576     2.8649    32.6773    1459.44  0.000e+00
     38.187   65.71494 -168.55576     2.8646    32.6772    1459.44  0.000e+00
     38.140   65.71494 -168.55576     2.8647    32.6773    1459.44  0.000e+00
     38.194   65.71494 -168.55576     2.8647    32.6772    1459.44  0.000e+00
