EcoFOCI/data/1_SampleCollection/2023_SikuliaqDBO_CruiseData/CTD_raw_BottleFile_SKQ23-12S/proc/skq202312s_075avg.cnv
* Sea-Bird SBE 9 Data File:
* FileName = D:\CTD\SKQ202312S\SKQ202312S_075.hex
* Software Version Seasave V 7.26.7.121
* Temperature SN = 6177
* Conductivity SN = 0369
* Number of Bytes Per Scan = 41
* Number of Voltage Words = 4
* Number of Scans Averaged by the Deck Unit = 1
* NMEA Latitude = 68 14.82 N
* NMEA Longitude = 167 07.33 W
* NMEA UTC (Time) = Oct 02 2023  05:40:29
* NMEA baud rate = 4800
** Ship: R/V Sikuliaq
** Station Number: 075
** Station Name: DBO3.3
** Bottom Depth: 43
** Operator: SD
# nquan = 25
# nvalues = 37                          
# units = specified
# name 0 = depSM: Depth [salt water, m]
# name 1 = latitude: Latitude [deg]
# name 2 = longitude: Longitude [deg]
# name 3 = prDM: Pressure, Digiquartz [db]
# name 4 = t090C: Temperature [ITS-90, deg C]
# name 5 = t190C: Temperature, 2 [ITS-90, deg C]
# name 6 = potemp090C: Potential Temperature [ITS-90, deg C]
# name 7 = sal00: Salinity, Practical [PSU]
# name 8 = sal11: Salinity, Practical, 2 [PSU]
# name 9 = density00: Density [density, kg/m^3]
# name 10 = sigma-é00: Density [sigma-theta, kg/m^3]
# name 11 = sbox0Mm/Kg: Oxygen, SBE 43 [umol/kg]
# name 12 = sbox1Mm/Kg: Oxygen, SBE 43, 2 [umol/kg]
# name 13 = oxsolMm/Kg: Oxygen Saturation, Garcia & Gordon [umol/kg]
# name 14 = sbeox0PS: Oxygen, SBE 43 [% saturation]
# name 15 = sbeox1PS: Oxygen, SBE 43, 2 [% saturation]
# name 16 = v0: Voltage 0
# name 17 = flECO-AFL: Fluorescence, WET Labs ECO-AFL/FL [mg/m^3]
# name 18 = v1: Voltage 1
# name 19 = CStarAt0: Beam Attenuation, WET Labs C-Star [1/m]
# name 20 = par: PAR/Irradiance, Biospherical/Licor
# name 21 = scan: Scan Count
# name 22 = timeM: Time, Elapsed [minutes]
# name 23 = nbin: number of scans per bin
# name 24 = flag: flag
# span 0 =      2.970,     38.606       
# span 1 =   68.24655,   68.24673       
# span 2 = -167.12260, -167.12246       
# span 3 =      3.000,     39.000       
# span 4 =     4.4230,     7.8822       
# span 5 =     4.4305,     7.8867       
# span 6 =     4.4204,     7.8799       
# span 7 =    25.6632,    31.9048       
# span 8 =    25.6482,    31.9145       
# span 9 =  1020.1717,  1025.4648       
# span 10 =    20.1437,    25.2831      
# span 11 =    259.631,    297.197      
# span 12 =    244.213,    282.941      
# span 13 =  299.53895,  318.94555      
# span 14 =     82.468,     93.277      
# span 15 =     77.319,     88.816      
# span 16 =     0.0741,     0.2536      
# span 17 =     0.0965,     1.1737      
# span 18 =     3.1727,     4.0484      
# span 19 =     0.6075,     1.5828      
# span 20 = -2.095e-03, 2.5750e-01      
# span 21 =        -72,       5725      
# span 22 =    -0.0510,     3.9748      
# span 23 =         27,        728      
# span 24 = 0.0000e+00, 0.0000e+00      
# interval = decibars: 1                
# start_time = Oct 02 2023 05:44:07 [NMEA time, first data scan]
# bad_flag = -9.990e-29
*END*
      2.970   68.24673 -167.12246      3.000     6.5515     6.5352     6.5513    25.9993    26.0418  1020.4035    20.3896    295.132    279.846  316.81129     93.157     88.326     0.2351     1.0628     3.7899     0.8715 2.5750e-01        -72    -0.0510         27 0.0000e+00
      3.960   68.24670 -167.12246      4.000     6.3907     6.4227     6.3905    25.7160    25.7704  1020.2030    20.1844    295.825    281.112  318.67715     92.829     88.314     0.2383     1.0819     3.7580     0.9053 1.3605e-01        213     0.1473        130 0.0000e+00
      4.950   68.24670 -167.12246      5.000     6.4169     6.4162     6.4165    25.7519    25.7583  1020.2331    20.2098    296.529    281.428  318.39833     93.132     88.391     0.2389     1.0853     3.7525     0.9112 8.7726e-02        360     0.2496        132 0.0000e+00
      5.940   68.24670 -167.12246      6.000     6.3828     6.3774     6.3824    25.6632    25.6482  1020.1717    20.1437    296.790    282.941  318.86161     93.078     88.714     0.2528     1.1686     3.7501     0.9138 2.7576e-02        559     0.3877        189 0.0000e+00
      6.930   68.24668 -167.12246      7.000     6.4023     6.4110     6.4018    25.7042    25.7125  1020.2065    20.1739    297.197    282.912  318.61879     93.277     88.816     0.2536     1.1737     3.7456     0.9186 3.5611e-03        713     0.4944        107 0.0000e+00
      7.920   68.24668 -167.12248      8.000     6.6269     6.7422     6.6263    26.2300    26.4092  1020.5993    20.5621    292.345    277.169  315.73308     92.594     88.137     0.2415     1.1007     3.7613     0.9018 -2.095e-03        837     0.5806        110 0.0000e+00
      8.910   68.24668 -167.12248      9.000     7.3587     7.4518     7.3579    27.9817    28.1746  1021.8927    21.8511    282.023    266.295  306.44059     92.055     87.223     0.2079     0.8996     3.8035     0.8586 -2.310e-06        974     0.6759        108 0.0000e+00
      9.900   68.24667 -167.12250     10.000     7.4901     7.3993     7.4892    28.4754    28.2054  1022.2683    22.2222    278.584    266.338  304.40498     91.515     87.136     0.1707     0.6764     3.8478     0.8121 2.5451e-07       1123     0.7791        139 0.0000e+00
     10.889   68.24666 -167.12250     11.000     7.3870     7.3077     7.3861    28.4518    28.2664  1022.2675    22.2168    273.683    260.558  305.18486     89.678     85.102     0.1704     0.6745     3.9242     0.7321 1.6775e-07       1279     0.8873        139 0.0000e+00
     11.879   68.24666 -167.12250     12.000     7.4619     7.4694     7.4609    29.0389    29.0625  1022.7235    22.6682    274.929    262.380  303.34854     90.631     86.523     0.1601     0.6128     4.0040     0.6515 3.1252e-07       1402     0.9728        142 0.0000e+00
     12.869   68.24666 -167.12251     13.000     7.5185     7.5172     7.5174    29.2083    29.2117  1022.8537    22.7938    272.326    260.060  302.58122     90.001     85.947     0.1501     0.5524     3.9961     0.6595 3.5519e-07       1547     1.0735        168 0.0000e+00
     13.859   68.24665 -167.12250     14.000     7.5338     7.5358     7.5326    29.2301    29.2395  1022.8734    22.8089    271.983    258.801  302.42728     89.933     85.584     0.1421     0.5048     3.9965     0.6592 6.8455e-07       1650     1.1449         38 0.0000e+00
     14.849   68.24665 -167.12251     15.000     7.5388     7.5406     7.5375    29.2337    29.2431  1022.8802    22.8111    272.621    258.100  302.38489     90.157     85.364     0.1378     0.4788     3.9994     0.6563 2.7247e-07       1679     1.1653         31 0.0000e+00
     15.839   68.24665 -167.12252     16.000     7.5464     7.5480     7.5450    29.2378    29.2473  1022.8870    22.8133    272.313    257.735  302.32357     90.074     85.261     0.1423     0.5056     4.0033     0.6524 8.9978e-07       1737     1.2054         84 0.0000e+00
     16.829   68.24664 -167.12252     17.000     7.5678     7.5714     7.5663    29.2545    29.2620  1022.9019    22.8237    272.012    258.441  302.13877     90.029     85.549     0.1392     0.4871     4.0015     0.6541 4.9606e-07       1798     1.2478         34 0.0000e+00
     17.819   68.24664 -167.12252     18.000     7.6011     7.6047     7.5995    29.2708    29.2799  1022.9149    22.8320    272.600    257.400  301.87321     90.303     85.280     0.1375     0.4768     4.0078     0.6479 5.8259e-07       1837     1.2753         57 0.0000e+00
     18.809   68.24664 -167.12252     19.000     7.6111     7.6141     7.6094    29.2837    29.2921  1022.9283    22.8409    269.984    257.154  301.77570     89.465     85.225     0.1387     0.4843     4.0140     0.6416 -1.098e-07       1910     1.3256         50 0.0000e+00
     19.799   68.24664 -167.12252     20.000     7.6346     7.6368     7.6328    29.2982    29.3065  1022.9412    22.8491    270.164    256.234  301.58223     89.582     84.973     0.1271     0.4147     4.0249     0.6308 1.0000e-12       1942     1.3477         38 0.0000e+00
     20.788   68.24664 -167.12252     21.000     7.6361     7.6472     7.6342    29.3007    29.3164  1022.9476    22.8509    269.817    256.724  301.56603     89.472     85.162     0.1299     0.4315     4.0398     0.6161 5.1067e-07       2007     1.3931         74 0.0000e+00
     21.778   68.24664 -167.12252     22.000     7.7032     7.7080     7.7013    29.3498    29.3561  1022.9817    22.8805    269.237    254.995  300.99730     89.449     84.730     0.1241     0.3963     4.0314     0.6244 8.6328e-07       2056     1.4272         39 0.0000e+00
     22.768   68.24664 -167.12252     23.000     7.7623     7.7679     7.7603    29.3784    29.3826  1023.0008    22.8950    268.545    255.787  300.52977     89.357     85.126     0.1277     0.4183     4.0324     0.6234 1.2303e-06       2108     1.4629         62 0.0000e+00
     23.758   68.24664 -167.12254     24.000     7.8345     7.8399     7.8323    29.4234    29.4282  1023.0309    22.9206    267.043    254.219  299.93849     89.033     84.770     0.1265     0.4111     4.0369     0.6189 1.3580e-08       2158     1.4979         38 0.0000e+00
     24.748   68.24664 -167.12254     25.000     7.8822     7.8867     7.8799    29.4575    29.4652  1023.0558    22.9409    265.398    252.129  299.53895     88.602     84.185     0.1242     0.3971     4.0484     0.6075 7.2597e-07       2206     1.5315         65 0.0000e+00
     25.738   68.24664 -167.12254     26.000     7.8337     7.8162     7.8314    29.5096    29.5360  1023.1078    22.9884    263.942    250.803  299.75598     88.052     83.652     0.1271     0.4143     4.0461     0.6099 5.2387e-07       2270     1.5756         47 0.0000e+00
     26.728   68.24664 -167.12254     27.000     7.2089     7.1960     7.2066    29.9948    30.0182  1023.5764    23.4521    265.060    251.031  302.98805     87.483     82.842     0.1245     0.3988     3.9724     0.6836 9.2174e-07       2310     1.6033         45 0.0000e+00
     27.718   68.24664 -167.12254     28.000     7.0400     7.0433     7.0376    30.2340    30.2396  1023.7910    23.6620    259.938    247.025  303.63076     85.610     81.366     0.1332     0.4512     3.9276     0.7287 6.5520e-07       2369     1.6448         63 0.0000e+00
     28.707   68.24662 -167.12254     29.000     6.1104     6.0563     6.1081    30.9854    31.0602  1024.5016    24.3675    261.529    247.734  308.57381     84.758     80.227     0.1227     0.3884     3.8911     0.7662 9.2923e-07       2425     1.6836         46 0.0000e+00
     29.697   68.24662 -167.12254     30.000     5.0283     5.0104     5.0261    31.7040    31.7442  1025.1995    25.0601    259.631    245.676  314.83312     82.468     78.027     0.1062     0.2889     3.6396     1.0342 1.4823e-06       2472     1.7159         51 0.0000e+00
     30.687   68.24662 -167.12254     31.000     4.8638     4.8592     4.8616    31.7856    31.8113  1025.2867    25.1425    268.608    244.213  315.87388     85.036     77.319     0.0901     0.1931     3.5337     1.1516 1.7794e-06       2521     1.7500         43 0.0000e+00
     31.677   68.24662 -167.12255     32.000     5.0626     5.0924     5.0603    31.6397    31.6330  1025.1540    25.0053    268.567    250.843  314.73183     85.332     79.757     0.0821     0.1444     3.4816     1.2112 2.0847e-06       2595     1.8014        127 0.0000e+00
     32.667   68.24662 -167.12256     33.000     4.8478     5.0097     4.8455    31.7621    31.6836  1025.2790    25.1255    264.728    254.055  316.05368     83.761     80.646     0.0809     0.1372     3.4092     1.2953 2.3198e-06       2778     1.9285         78 0.0000e+00
     33.657   68.24662 -167.12256     34.000     4.6920     4.6701     4.6896    31.8535    31.8802  1025.3729    25.2146    266.889    253.603  317.01176     84.189     79.972     0.0767     0.1123     3.3432     1.3732 3.1977e-06       3290     2.2838        189 0.0000e+00
     34.646   68.24661 -167.12255     35.000     4.7075     4.7065     4.7051    31.8378    31.8513  1025.3634    25.2005    266.856    253.307  316.93297     84.200     79.931     0.0790     0.1258     3.3069     1.4170 2.9814e-06       3454     2.3982         85 0.0000e+00
     35.636   68.24660 -167.12256     36.000     4.6580     4.6570     4.6556    31.8525    31.8695  1025.3849    25.2173    267.695    254.405  317.27405     84.374     80.193     0.0766     0.1114     3.2694     1.4627 2.5563e-06       3494     2.4257         60 0.0000e+00
     36.626   68.24660 -167.12256     37.000     4.5794     4.5882     4.5769    31.8750    31.8856  1025.4157    25.2434    267.301    254.421  317.81979     84.105     80.075     0.0787     0.1241     3.2543     1.4813 2.8017e-06       3607     2.5043        140 0.0000e+00
     37.616   68.24660 -167.12255     38.000     4.4675     4.4658     4.4650    31.8971    31.9145  1025.4494    25.2723    267.283    254.081  318.62259     83.887     79.751     0.0789     0.1254     3.2048     1.5426 3.1236e-06       3707     2.5736         60 0.0000e+00
     38.606   68.24655 -167.12260     39.000     4.4230     4.4305     4.4204    31.9048    31.9120  1025.4648    25.2831    266.885    253.871  318.94555     83.677     79.616     0.0741     0.0965     3.1727     1.5828 3.1454e-06       5725     3.9748        728 0.0000e+00
