EcoFOCI/data/1_SampleCollection/2023_SikuliaqDBO_CruiseData/CTD_raw_BottleFile_SKQ23-12S/proc/skq202312s_072.cnv
* Sea-Bird SBE 9 Data File:
* FileName = D:\CTD\SKQ202312S\SKQ202312S_072.hex
* Software Version Seasave V 7.26.7.121
* Temperature SN = 6177
* Conductivity SN = 0369
* Number of Bytes Per Scan = 41
* Number of Voltage Words = 4
* Number of Scans Averaged by the Deck Unit = 1
* NMEA Latitude = 68 00.76 N
* NMEA Longitude = 167 52.45 W
* NMEA UTC (Time) = Oct 01 2023  18:46:53
* NMEA baud rate = 4800
** Ship: R/V Sikuliaq
** Station Number: 072
** Station Name: DBO3.5
** Bottom Depth: 52
** Operator: SD
# nquan = 24
# nvalues = 7252                                  
# units = specified
# name 0 = depSM: Depth [salt water, m]
# name 1 = latitude: Latitude [deg]
# name 2 = longitude: Longitude [deg]
# name 3 = prDM: Pressure, Digiquartz [db]
# name 4 = t090C: Temperature [ITS-90, deg C]
# name 5 = t190C: Temperature, 2 [ITS-90, deg C]
# name 6 = potemp090C: Potential Temperature [ITS-90, deg C]
# name 7 = sal00: Salinity, Practical [PSU]
# name 8 = sal11: Salinity, Practical, 2 [PSU]
# name 9 = density00: Density [density, kg/m^3]
# name 10 = sigma-é00: Density [sigma-theta, kg/m^3]
# name 11 = sbox0Mm/Kg: Oxygen, SBE 43 [umol/kg]
# name 12 = sbox1Mm/Kg: Oxygen, SBE 43, 2 [umol/kg]
# name 13 = oxsolMm/Kg: Oxygen Saturation, Garcia & Gordon [umol/kg]
# name 14 = sbeox0PS: Oxygen, SBE 43 [% saturation]
# name 15 = sbeox1PS: Oxygen, SBE 43, 2 [% saturation]
# name 16 = v0: Voltage 0
# name 17 = flECO-AFL: Fluorescence, WET Labs ECO-AFL/FL [mg/m^3]
# name 18 = v1: Voltage 1
# name 19 = CStarAt0: Beam Attenuation, WET Labs C-Star [1/m]
# name 20 = par: PAR/Irradiance, Biospherical/Licor
# name 21 = scan: Scan Count
# name 22 = timeM: Time, Elapsed [minutes]
# name 23 = flag:  0.000e+00
# span 0 =      2.833,     47.830                 
# span 1 =   68.01172,   68.01234                 
# span 2 = -167.87380, -167.87292                 
# span 3 =      2.862,     48.319                 
# span 4 =     2.7499,     5.4276                 
# span 5 =     2.7158,     5.4304                 
# span 6 =     2.7486,     5.4263                 
# span 7 =    29.1809,    32.3130                 
# span 8 =    29.1907,    32.3236                 
# span 9 =  1023.1124,  1025.9651                 
# span 10 =    23.0953,    25.7383                
# span 11 =    233.439,    307.451                
# span 12 =    218.157,    294.815                
# span 13 =  314.30048,  332.97861                
# span 14 =     70.880,     95.102                
# span 15 =     66.257,     91.158                
# span 16 =     0.0781,     0.4615                
# span 17 =     0.1209,     2.4212                
# span 18 =     2.8400,     4.1868                
# span 19 =     0.4730,     2.0260                
# span 20 = 1.0000e-12, 6.5605e+01                
# span 21 =          1,       7252                
# span 22 =     0.0000,     5.0354                
# span 23 = 0.0000e+00, 0.0000e+00                
# interval = seconds: 0.0416667
# start_time = Oct 01 2023 18:50:54 [NMEA time, first data scan]
# bad_flag = -9.990e-29
*END*
[from data line 121]
      2.972   68.01234 -167.87378      3.002     4.7145     4.7159     4.7143    29.1883    29.1986  1023.1136    23.0996    305.341    291.337  323.22589     94.467     90.144     0.4151     2.1428     3.8327     0.8266 5.3712e+01        122     0.0840  0.000e+00
      2.895   68.01234 -167.87378      2.924     4.7145     4.7159     4.7143    29.1884    29.1987  1023.1134    23.0997    305.351    291.345  323.22545     94.470     90.147     0.4139     2.1355     3.8327     0.8266 5.3712e+01        123     0.0847  0.000e+00
      2.949   68.01234 -167.87378      2.978     4.7146     4.7159     4.7144    29.1879    29.1985  1023.1132    23.0992    305.365    291.551  323.22561     94.474     90.211     0.4151     2.1428     3.8327     0.8266 5.4936e+01        124     0.0854  0.000e+00
      2.949   68.01234 -167.87378      2.978     4.7143     4.7159     4.7141    29.1880    29.1988  1023.1133    23.0994    305.410    291.567  323.22765     94.488     90.216     0.4139     2.1355     3.8327     0.8266 5.5716e+01        125     0.0861  0.000e+00
      2.895   68.01234 -167.87378      2.924     4.7144     4.7161     4.7142    29.1881    29.1987  1023.1132    23.0995    305.417    291.771  323.22655     94.490     90.279     0.4139     2.1355     3.8327     0.8266 5.6030e+01        126     0.0868  0.000e+00
      2.895   68.01234 -167.87378      2.924     4.7145     4.7159     4.7143    29.1880    29.1986  1023.1130    23.0993    305.426    291.624  323.22661     94.493     90.233     0.4151     2.1428     3.8327     0.8266 5.7146e+01        127     0.0875  0.000e+00
      2.895   68.01234 -167.87378      2.924     4.7145     4.7159     4.7143    29.1875    29.1984  1023.1127    23.0990    305.468    291.646  323.22759     94.505     90.240     0.4139     2.1355     3.8327     0.8266 5.8285e+01        128     0.0882  0.000e+00
      2.895   68.01234 -167.87378      2.924     4.7145     4.7158     4.7143    29.1876    29.1986  1023.1127    23.0990    305.508    291.691  323.22751     94.518     90.253     0.4139     2.1355     3.8327     0.8266 5.8449e+01        129     0.0889  0.000e+00
      2.895   68.01234 -167.87378      2.924     4.7146     4.7156     4.7144    29.1875    29.1987  1023.1126    23.0990    305.547    291.926  323.22644     94.530     90.326     0.4139     2.1355     3.8315     0.8279 5.9445e+01        130     0.0896  0.000e+00
      2.833   68.01234 -167.87378      2.862     4.7144     4.7156     4.7142    29.1875    29.1983  1023.1124    23.0990    305.587    291.993  323.22800     94.542     90.347     0.4151     2.1428     3.8327     0.8266 6.0972e+01        131     0.0903  0.000e+00
      2.895   68.01234 -167.87378      2.924     4.7146     4.7156     4.7144    29.1877    29.1983  1023.1128    23.0991    305.595    291.878  323.22608     94.545     90.311     0.4139     2.1355     3.8327     0.8266 6.1316e+01        132     0.0910  0.000e+00
      2.895   68.01234 -167.87378      2.924     4.7143     4.7156     4.7141    29.1881    29.1986  1023.1131    23.0994    305.813    292.096  323.22759     94.612     90.379     0.4151     2.1428     3.8327     0.8266 6.1837e+01        133     0.0917  0.000e+00
      2.833   68.01234 -167.87378      2.862     4.7146     4.7156     4.7144    29.1878    29.1983  1023.1126    23.0992    305.843    292.168  323.22575     94.622     90.401     0.4127     2.1282     3.8327     0.8266 6.2891e+01        134     0.0924  0.000e+00
      2.833   68.01234 -167.87378      2.862     4.7143     4.7156     4.7141    29.1879    29.1985  1023.1127    23.0993    305.878    292.222  323.22796     94.632     90.417     0.4139     2.1355     3.8327     0.8266 6.3424e+01        135     0.0931  0.000e+00
      2.895   68.01234 -167.87378      2.924     4.7143     4.7156     4.7141    29.1878    29.1989  1023.1129    23.0992    305.944    292.278  323.22821     94.653     90.435     0.4151     2.1428     3.8327     0.8266 6.3424e+01        136     0.0938  0.000e+00
      2.895   68.01234 -167.87378      2.924     4.7144     4.7155     4.7142    29.1877    29.1986  1023.1128    23.0991    305.972    292.336  323.22762     94.661     90.452     0.4139     2.1355     3.8327     0.8266 6.4505e+01        137     0.0944  0.000e+00
      2.833   68.01234 -167.87378      2.862     4.7143     4.7155     4.7141    29.1876    29.1985  1023.1125    23.0991    305.996    292.391  323.22859     94.669     90.469     0.4151     2.1428     3.8327     0.8266 6.4870e+01        138     0.0951  0.000e+00
      2.895   68.01234 -167.87378      2.924     4.7143     4.7155     4.7141    29.1875    29.1986  1023.1127    23.0990    305.813    292.450  323.22884     94.612     90.488     0.4127     2.1282     3.8339     0.8253 6.4870e+01        139     0.0958  0.000e+00
      2.833   68.01234 -167.87378      2.862     4.7143     4.7152     4.7141    29.1878    29.1988  1023.1126    23.0992    306.010    292.508  323.22832     94.673     90.505     0.4139     2.1355     3.8339     0.8253 6.5420e+01        140     0.0965  0.000e+00
      2.895   68.01234 -167.87378      2.924     4.7143     4.7156     4.7141    29.1876    29.1982  1023.1127    23.0990    306.033    292.756  323.22875     94.680     90.582     0.4176     2.1575     3.8339     0.8253 6.5605e+01        141     0.0972  0.000e+00
      2.895   68.01234 -167.87378      2.924     4.7144     4.7155     4.7142    29.1877    29.1984  1023.1128    23.0991    306.049    292.648  323.22771     94.685     90.549     0.4286     2.2234     3.8339     0.8253 6.5605e+01        142     0.0979  0.000e+00
      2.949   68.01234 -167.87378      2.978     4.7145     4.7153     4.7143    29.1878    29.1987  1023.1132    23.0992    306.064    292.689  323.22694     94.690     90.561     0.4310     2.2381     3.8339     0.8253 6.5420e+01        143     0.0986  0.000e+00
      2.895   68.01234 -167.87378      2.924     4.7143     4.7155     4.7141    29.1879    29.1985  1023.1130    23.0993    306.075    292.725  323.22803     94.693     90.573     0.4322     2.2454     3.8339     0.8253 6.5420e+01        144     0.0993  0.000e+00
      2.949   68.01234 -167.87378      2.978     4.7143     4.7152     4.7141    29.1878    29.1988  1023.1131    23.0992    306.087    292.956  323.22827     94.697     90.644     0.4310     2.2381     3.8339     0.8253 6.5236e+01        145     0.1000  0.000e+00
      2.895   68.01234 -167.87378      2.924     4.7143     4.7156     4.7141    29.1876    29.1988  1023.1128    23.0991    306.091    292.821  323.22866     94.698     90.603     0.4310     2.2381     3.8339     0.8253 6.4870e+01        146     0.1007  0.000e+00
      2.949   68.01234 -167.87378      2.978     4.7141     4.7155     4.7139    29.1878    29.1989  1023.1132    23.0993    306.066    293.050  323.22934     94.690     90.674     0.4322     2.2454     3.8339     0.8253 6.4505e+01        147     0.1014  0.000e+00
      2.949   68.01234 -167.87378      2.978     4.7141     4.7156     4.7139    29.1881    29.1983  1023.1134    23.0995    306.098    293.108  323.22901     94.700     90.691     0.4310     2.2381     3.8339     0.8253 6.4505e+01        148     0.1021  0.000e+00
      2.949   68.01234 -167.87378      2.978     4.7141     4.7153     4.7139    29.1878    29.1986  1023.1132    23.0992    306.130    293.145  323.22943     94.710     90.702     0.4322     2.2454     3.8339     0.8253 6.4324e+01        149     0.1028  0.000e+00
      3.003   68.01234 -167.87378      3.033     4.7140     4.7155     4.7138    29.1879    29.1987  1023.1136    23.0994    306.130    292.991  323.23028     94.710     90.655     0.4310     2.2381     3.8339     0.8253 6.4143e+01        150     0.1035  0.000e+00
      2.949   68.01234 -167.87378      2.978     4.7143     4.7153     4.7141    29.1880    29.1989  1023.1133    23.0994    306.120    293.191  323.22774     94.707     90.717     0.4322     2.2454     3.8339     0.8253 6.4143e+01        151     0.1042  0.000e+00
      3.003   68.01234 -167.87378      3.033     4.7141     4.7153     4.7139    29.1880    29.1988  1023.1136    23.0994    306.293    293.225  323.22904     94.760     90.727     0.4310     2.2381     3.8339     0.8253 6.3603e+01        152     0.1049  0.000e+00
      3.003   68.01234 -167.87378      3.033     4.7142     4.7153     4.7140    29.1876    29.1991  1023.1133    23.0991    306.311    293.253  323.22908     94.766     90.736     0.4322     2.2454     3.8339     0.8253 6.2891e+01        153     0.1056  0.000e+00
      3.003   68.01234 -167.87378      3.033     4.7140     4.7150     4.7138    29.1878    29.1993  1023.1134    23.0992    306.118    293.283  323.23073     94.706     90.745     0.4310     2.2381     3.8339     0.8253 6.2891e+01        154     0.1063  0.000e+00
      3.064   68.01234 -167.87378      3.095     4.7141     4.7151     4.7139    29.1878    29.1991  1023.1137    23.0992    306.308    293.312  323.22947     94.765     90.754     0.4322     2.2454     3.8339     0.8253 6.2011e+01        155     0.1069  0.000e+00
      3.064   68.01234 -167.87378      3.095     4.7141     4.7150     4.7139    29.1879    29.1986  1023.1138    23.0993    305.898    293.317  323.22929     94.638     90.755     0.4310     2.2381     3.8339     0.8253 6.0972e+01        156     0.1076  0.000e+00
      3.064   68.01234 -167.87378      3.095     4.7141     4.7148     4.7139    29.1880    29.1988  1023.1139    23.0994    306.292    293.318  323.22884     94.760     90.755     0.4310     2.2381     3.8339     0.8253 6.0459e+01        157     0.1083  0.000e+00
      3.064   68.01234 -167.87378      3.095     4.7140     4.7148     4.7138    29.1879    29.1992  1023.1138    23.0993    306.298    293.316  323.23044     94.761     90.755     0.4322     2.2454     3.8339     0.8253 6.0119e+01        158     0.1090  0.000e+00
      3.064   68.01234 -167.87378      3.095     4.7141     4.7148     4.7139    29.1872    29.1988  1023.1133    23.0988    306.298    293.312  323.23119     94.761     90.753     0.4310     2.2381     3.8327     0.8266 5.8945e+01        159     0.1097  0.000e+00
      3.118   68.01234 -167.87378      3.150     4.7140     4.7150     4.7138    29.1870    29.1984  1023.1134    23.0986    306.331    293.308  323.23256     94.771     90.752     0.4322     2.2454     3.8327     0.8266 5.8614e+01        160     0.1104  0.000e+00
      3.118   68.01234 -167.87378      3.150     4.7135     4.7150     4.7133    29.1869    29.1987  1023.1134    23.0986    306.328    293.486  323.23638     94.769     90.807     0.4310     2.2381     3.8327     0.8266 5.8285e+01        161     0.1111  0.000e+00
      3.118   68.01234 -167.87378      3.150     4.7134     4.7147     4.7132    29.1870    29.1989  1023.1134    23.0987    306.319    293.495  323.23753     94.766     90.810     0.4322     2.2454     3.8327     0.8266 5.7308e+01        162     0.1118  0.000e+00
      3.180   68.01234 -167.87378      3.212     4.7129     4.7148     4.7127    29.1873    29.1989  1023.1140    23.0990    306.343    293.501  323.24026     94.772     90.812     0.4310     2.2381     3.8327     0.8266 5.6825e+01        163     0.1125  0.000e+00
      3.180   68.01232 -167.87378      3.212     4.7129     4.7147     4.7127    29.1869    29.1989  1023.1137    23.0986    306.536    293.315  323.24095     94.832     90.754     0.4310     2.2381     3.8327     0.8266 5.6825e+01        164     0.1132  0.000e+00
      3.180   68.01232 -167.87378      3.212     4.7126     4.7148     4.7124    29.1875    29.1985  1023.1142    23.0992    306.547    293.292  323.24230     94.835     90.747     0.4310     2.2381     3.8327     0.8266 5.6189e+01        165     0.1139  0.000e+00
      3.180   68.01232 -167.87378      3.212     4.7127     4.7145     4.7125    29.1875    29.1986  1023.1142    23.0991    306.582    293.458  323.24115     94.846     90.798     0.4322     2.2454     3.8327     0.8266 5.5716e+01        166     0.1146  0.000e+00
      3.234   68.01232 -167.87378      3.267     4.7126     4.7144     4.7124    29.1878    29.1987  1023.1147    23.0994    306.375    293.454  323.24155     94.782     90.796     0.4225     2.1868     3.8327     0.8266 5.5716e+01        167     0.1153  0.000e+00
      3.234   68.01232 -167.87378      3.267     4.7127     4.7140     4.7125    29.1877    29.1988  1023.1146    23.0993    306.581    293.445  323.24058     94.846     90.793     0.4139     2.1355     3.8327     0.8266 5.5091e+01        168     0.1160  0.000e+00
      3.180   68.01232 -167.87378      3.212     4.7126     4.7139     4.7124    29.1880    29.1987  1023.1146    23.0996    306.604    293.618  323.24066     94.853     90.846     0.4127     2.1282     3.8327     0.8266 5.4628e+01        169     0.1167  0.000e+00
      3.296   68.01232 -167.87378      3.329     4.7126     4.7137     4.7124    29.1881    29.1989  1023.1152    23.0996    306.839    293.625  323.24091     94.926     90.848     0.4127     2.1282     3.8327     0.8266 5.4474e+01        170     0.1174  0.000e+00
      3.234   68.01232 -167.87378      3.267     4.7126     4.7140     4.7124    29.1877    29.1985  1023.1146    23.0993    306.675    293.619  323.24182     94.875     90.846     0.4139     2.1355     3.8327     0.8266 5.4168e+01        171     0.1181  0.000e+00
      3.296   68.01232 -167.87378      3.329     4.7127     4.7139     4.7125    29.1877    29.1987  1023.1148    23.0993    306.688    293.615  323.24074     94.879     90.845     0.4127     2.1282     3.8327     0.8266 5.3712e+01        172     0.1187  0.000e+00
      3.296   68.01232 -167.87378      3.329     4.7127     4.7139     4.7125    29.1877    29.1989  1023.1149    23.0993    306.696    293.437  323.24065     94.882     90.790     0.4127     2.1282     3.8327     0.8266 5.3712e+01        173     0.1194  0.000e+00
      3.296   68.01232 -167.87378      3.329     4.7127     4.7139     4.7125    29.1885    29.1989  1023.1155    23.0999    306.698    293.424  323.23877     94.883     90.786     0.4127     2.1282     3.8327     0.8266 5.3410e+01        174     0.1201  0.000e+00
      3.350   68.01232 -167.87378      3.384     4.7129     4.7140     4.7127    29.1881    29.1989  1023.1154    23.0996    306.908    293.619  323.23801     94.948     90.847     0.4127     2.1282     3.8327     0.8266 5.3110e+01        175     0.1208  0.000e+00
      3.350   68.01232 -167.87378      3.384     4.7127     4.7140     4.7125    29.1882    29.1988  1023.1155    23.0997    306.727    293.622  323.23946     94.891     90.847     0.4127     2.1282     3.8327     0.8266 5.2960e+01        176     0.1215  0.000e+00
      3.350   68.01232 -167.87378      3.384     4.7129     4.7142     4.7127    29.1883    29.1988  1023.1156    23.0997    306.716    293.619  323.23803     94.889     90.847     0.4127     2.1282     3.8327     0.8266 5.2663e+01        177     0.1222  0.000e+00
      3.350   68.01232 -167.87378      3.384     4.7129     4.7140     4.7127    29.1883    29.1990  1023.1156    23.0998    306.703    293.616  323.23794     94.885     90.846     0.4139     2.1355     3.8327     0.8266 5.2219e+01        178     0.1229  0.000e+00
      3.350   68.01232 -167.87378      3.384     4.7132     4.7142     4.7130    29.1880    29.1988  1023.1153    23.0995    306.893    293.629  323.23617     94.944     90.850     0.4127     2.1282     3.8339     0.8253 5.2073e+01        179     0.1236  0.000e+00
      3.404   68.01232 -167.87378      3.438     4.7129     4.7137     4.7127    29.1886    29.1990  1023.1161    23.1000    306.905    293.645  323.23681     94.948     90.854     0.4139     2.1355     3.8352     0.8240 5.1780e+01        180     0.1243  0.000e+00
      3.350   68.01232 -167.87378      3.384     4.7132     4.7134     4.7130    29.1884    29.1991  1023.1156    23.0998    306.906    293.633  323.23537     94.948     90.850     0.4127     2.1282     3.8352     0.8240 5.1344e+01        181     0.1250  0.000e+00
