EcoFOCI/data/1_SampleCollection/2023_SikuliaqDBO_CruiseData/CTD_raw_BottleFile_SKQ23-12S/proc/skq202312s_001svp.cnv
* Sea-Bird SBE 9 Data File:
* FileName = D:\CTD\SKQ202312S\SKQ202312S_001.hex
* Software Version Seasave V 7.26.7.121
* Temperature SN = 6177
* Conductivity SN = 0369
* Number of Bytes Per Scan = 41
* Number of Voltage Words = 4
* Number of Scans Averaged by the Deck Unit = 1
* NMEA Latitude = 62 11.69 N
* NMEA Longitude = 174 40.42 W
* NMEA UTC (Time) = Sep 14 2023  13:19:49
* NMEA baud rate = 4800
** Ship: R/V Sikuliaq
** Station Number: 001
** Station Name: Mooring M8
** Bottom Depth: 73
** Operator: SD
# nquan = 7
# nvalues = 8691                                  
# units = specified
# name 0 = depSM: Depth [salt water, m]
# name 1 = latitude: Latitude [deg]
# name 2 = longitude: Longitude [deg]
# name 3 = t090C: Temperature [ITS-90, deg C]
# name 4 = sal00: Salinity, Practical [PSU]
# name 5 = svCM: Sound Velocity [Chen-Millero, m/s]
# name 6 = flag:  0.000e+00
# span 0 =      1.206,     67.491                 
# span 1 =   62.19444,   62.19452                 
# span 2 = -174.67422, -174.67402                 
# span 3 =    -1.5247,     7.7743                 
# span 4 =    30.5765,    31.8394                 
# span 5 =    1438.47,    1476.65                 
# span 6 = 0.0000e+00, 0.0000e+00                 
# interval = seconds: 0.0416667
# start_time = Sep 14 2023 13:27:19 [NMEA time, first data scan]
# bad_flag = -9.990e-29
*END*
[from data line 2872]
     28.104   62.19446 -174.67416    -1.2831    31.5095    1438.89  0.000e+00
     28.150   62.19446 -174.67416    -1.2830    31.5107    1438.89  0.000e+00
     28.104   62.19446 -174.67416    -1.2827    31.5116    1438.90  0.000e+00
     28.219   62.19446 -174.67416    -1.2824    31.5124    1438.90  0.000e+00
     28.204   62.19446 -174.67416    -1.2816    31.5129    1438.90  0.000e+00
     28.273   62.19446 -174.67416    -1.2813    31.5141    1438.91  0.000e+00
     28.266   62.19446 -174.67416    -1.2807    31.5159    1438.91  0.000e+00
     28.335   62.19446 -174.67416    -1.2799    31.5164    1438.92  0.000e+00
     28.335   62.19446 -174.67416    -1.2795    31.5167    1438.92  0.000e+00
     28.381   62.19446 -174.67416    -1.2789    31.5172    1438.93  0.000e+00
     28.389   62.19446 -174.67416    -1.2781    31.5184    1438.93  0.000e+00
     28.451   62.19446 -174.67416    -1.2780    31.5192    1438.93  0.000e+00
     28.490   62.19446 -174.67416    -1.2773    31.5199    1438.94  0.000e+00
     28.505   62.19446 -174.67416    -1.2771    31.5209    1438.94  0.000e+00
     28.490   62.19446 -174.67416    -1.2764    31.5214    1438.94  0.000e+00
     28.567   62.19446 -174.67414    -1.2760    31.5220    1438.95  0.000e+00
     28.621   62.19446 -174.67414    -1.2755    31.5219    1438.95  0.000e+00
     28.667   62.19446 -174.67414    -1.2750    31.5221    1438.96  0.000e+00
     28.621   62.19446 -174.67414    -1.2748    31.5248    1438.96  0.000e+00
     28.721   62.19446 -174.67414    -1.2743    31.5247    1438.96  0.000e+00
     28.737   62.19446 -174.67414    -1.2738    31.5247    1438.97  0.000e+00
     28.737   62.19446 -174.67414    -1.2734    31.5251    1438.97  0.000e+00
     28.837   62.19446 -174.67414    -1.2727    31.5262    1438.97  0.000e+00
     28.791   62.19446 -174.67414    -1.2723    31.5273    1438.98  0.000e+00
     28.906   62.19446 -174.67414    -1.2717    31.5274    1438.98  0.000e+00
     28.899   62.19446 -174.67414    -1.2712    31.5276    1438.98  0.000e+00
     28.968   62.19446 -174.67414    -1.2709    31.5284    1438.99  0.000e+00
     28.953   62.19446 -174.67414    -1.2702    31.5299    1438.99  0.000e+00
     29.022   62.19446 -174.67414    -1.2697    31.5308    1439.00  0.000e+00
     29.076   62.19446 -174.67414    -1.2692    31.5311    1439.00  0.000e+00
     29.068   62.19446 -174.67414    -1.2689    31.5312    1439.00  0.000e+00
     29.138   62.19446 -174.67414    -1.2684    31.5317    1439.01  0.000e+00
     29.138   62.19446 -174.67414    -1.2679    31.5313    1439.01  0.000e+00
     29.238   62.19446 -174.67414    -1.2672    31.5315    1439.01  0.000e+00
     29.192   62.19446 -174.67414    -1.2670    31.5319    1439.02  0.000e+00
     29.300   62.19446 -174.67414    -1.2668    31.5331    1439.02  0.000e+00
     29.308   62.19446 -174.67414    -1.2662    31.5340    1439.02  0.000e+00
     29.369   62.19446 -174.67414    -1.2659    31.5349    1439.03  0.000e+00
     29.354   62.19446 -174.67414    -1.2649    31.5352    1439.03  0.000e+00
     29.423   62.19446 -174.67414    -1.2647    31.5363    1439.04  0.000e+00
     29.424   62.19446 -174.67414    -1.2636    31.5361    1439.04  0.000e+00
     29.470   62.19446 -174.67414    -1.2625    31.5373    1439.05  0.000e+00
     29.478   62.19446 -174.67414    -1.2617    31.5378    1439.05  0.000e+00
     29.539   62.19446 -174.67414    -1.2613    31.5382    1439.06  0.000e+00
     29.586   62.19446 -174.67414    -1.2608    31.5383    1439.06  0.000e+00
     29.593   62.19446 -174.67414    -1.2606    31.5380    1439.06  0.000e+00
     29.640   62.19446 -174.67414    -1.2604    31.5375    1439.06  0.000e+00
     29.655   62.19446 -174.67414    -1.2595    31.5387    1439.07  0.000e+00
     29.709   62.19446 -174.67414    -1.2583    31.5393    1439.08  0.000e+00
     29.701   62.19446 -174.67414    -1.2576    31.5410    1439.08  0.000e+00
     29.763   62.19446 -174.67414    -1.2567    31.5422    1439.09  0.000e+00
     29.763   62.19446 -174.67414    -1.2559    31.5453    1439.10  0.000e+00
     29.809   62.19446 -174.67414    -1.2553    31.5474    1439.10  0.000e+00
     29.825   62.19446 -174.67414    -1.2547    31.5481    1439.11  0.000e+00
     29.879   62.19446 -174.67414    -1.2542    31.5498    1439.11  0.000e+00
     29.871   62.19446 -174.67414    -1.2535    31.5503    1439.12  0.000e+00
     29.879   62.19446 -174.67414    -1.2528    31.5519    1439.12  0.000e+00
     29.995   62.19446 -174.67414    -1.2526    31.5542    1439.13  0.000e+00
     29.925   62.19446 -174.67414    -1.2521    31.5550    1439.13  0.000e+00
     29.941   62.19446 -174.67414    -1.2516    31.5547    1439.13  0.000e+00
     30.041   62.19446 -174.67414    -1.2512    31.5554    1439.14  0.000e+00
     30.056   62.19446 -174.67414    -1.2507    31.5570    1439.14  0.000e+00
     30.056   62.19446 -174.67414    -1.2503    31.5560    1439.14  0.000e+00
     30.041   62.19446 -174.67414    -1.2500    31.5565    1439.14  0.000e+00
     30.111   62.19446 -174.67414    -1.2495    31.5570    1439.15  0.000e+00
     30.111   62.19446 -174.67414    -1.2491    31.5573    1439.15  0.000e+00
     30.103   62.19446 -174.67414    -1.2491    31.5579    1439.15  0.000e+00
     30.165   62.19446 -174.67414    -1.2486    31.5582    1439.15  0.000e+00
     30.165   62.19446 -174.67414    -1.2483    31.5585    1439.16  0.000e+00
     30.211   62.19446 -174.67414    -1.2477    31.5579    1439.16  0.000e+00
     30.165   62.19446 -174.67414    -1.2473    31.5587    1439.16  0.000e+00
     30.226   62.19446 -174.67414    -1.2468    31.5588    1439.17  0.000e+00
     30.273   62.19446 -174.67414    -1.2463    31.5593    1439.17  0.000e+00
     30.226   62.19446 -174.67414    -1.2460    31.5596    1439.17  0.000e+00
     30.280   62.19446 -174.67414    -1.2454    31.5598    1439.17  0.000e+00
     30.327   62.19446 -174.67414    -1.2452    31.5604    1439.18  0.000e+00
     30.280   62.19446 -174.67414    -1.2450    31.5605    1439.18  0.000e+00
     30.342   62.19446 -174.67414    -1.2449    31.5610    1439.18  0.000e+00
     30.327   62.19446 -174.67414    -1.2449    31.5612    1439.18  0.000e+00
     30.396   62.19446 -174.67414    -1.2450    31.5613    1439.18  0.000e+00
     30.342   62.19446 -174.67414    -1.2448    31.5610    1439.18  0.000e+00
     30.388   62.19446 -174.67414    -1.2450    31.5623    1439.18  0.000e+00
     30.396   62.19446 -174.67414    -1.2449    31.5629    1439.18  0.000e+00
     30.443   62.19446 -174.67414    -1.2454    31.5634    1439.18  0.000e+00
     30.396   62.19446 -174.67414    -1.2455    31.5643    1439.18  0.000e+00
     30.458   62.19446 -174.67414    -1.2458    31.5646    1439.18  0.000e+00
     30.443   62.19446 -174.67414    -1.2461    31.5653    1439.18  0.000e+00
     30.458   62.19446 -174.67414    -1.2458    31.5654    1439.18  0.000e+00
     30.512   62.19446 -174.67414    -1.2460    31.5651    1439.18  0.000e+00
     30.504   62.19446 -174.67414    -1.2466    31.5657    1439.18  0.000e+00
     30.512   62.19446 -174.67414    -1.2463    31.5664    1439.18  0.000e+00
     30.512   62.19446 -174.67414    -1.2463    31.5664    1439.18  0.000e+00
     30.558   62.19446 -174.67414    -1.2463    31.5660    1439.18  0.000e+00
     30.512   62.19446 -174.67414    -1.2470    31.5671    1439.18  0.000e+00
     30.566   62.19446 -174.67414    -1.2480    31.5684    1439.18  0.000e+00
     30.558   62.19446 -174.67414    -1.2487    31.5695    1439.18  0.000e+00
     30.628   62.19446 -174.67414    -1.2483    31.5694    1439.18  0.000e+00
     30.566   62.19446 -174.67414    -1.2481    31.5695    1439.18  0.000e+00
     30.612   62.19446 -174.67414    -1.2484    31.5700    1439.18  0.000e+00
     30.682   62.19446 -174.67414    -1.2496    31.5709    1439.18  0.000e+00
     30.628   62.19446 -174.67414    -1.2496    31.5712    1439.17  0.000e+00
     30.612   62.19446 -174.67414    -1.2507    31.5718    1439.17  0.000e+00
     30.682   62.19446 -174.67414    -1.2521    31.5726    1439.17  0.000e+00
     30.744   62.19446 -174.67414    -1.2526    31.5735    1439.17  0.000e+00
     30.674   62.19446 -174.67414    -1.2518    31.5732    1439.17  0.000e+00
     30.744   62.19446 -174.67414    -1.2518    31.5730    1439.17  0.000e+00
     30.744   62.19446 -174.67414    -1.2516    31.5724    1439.17  0.000e+00
     30.728   62.19446 -174.67414    -1.2530    31.5741    1439.16  0.000e+00
     30.744   62.19446 -174.67414    -1.2547    31.5749    1439.16  0.000e+00
     30.744   62.19446 -174.67414    -1.2548    31.5750    1439.16  0.000e+00
     30.790   62.19446 -174.67414    -1.2561    31.5770    1439.15  0.000e+00
     30.798   62.19446 -174.67414    -1.2574    31.5779    1439.15  0.000e+00
     30.798   62.19446 -174.67414    -1.2581    31.5782    1439.15  0.000e+00
     30.844   62.19446 -174.67414    -1.2588    31.5793    1439.15  0.000e+00
     30.798   62.19446 -174.67414    -1.2599    31.5798    1439.14  0.000e+00
     30.798   62.19446 -174.67414    -1.2597    31.5791    1439.14  0.000e+00
     30.906   62.19446 -174.67414    -1.2596    31.5785    1439.14  0.000e+00
     30.859   62.19446 -174.67414    -1.2601    31.5798    1439.14  0.000e+00
     30.914   62.19446 -174.67414    -1.2613    31.5804    1439.14  0.000e+00
     30.906   62.19446 -174.67414    -1.2622    31.5802    1439.13  0.000e+00
     30.860   62.19446 -174.67414    -1.2616    31.5799    1439.13  0.000e+00
     30.968   62.19446 -174.67414    -1.2605    31.5783    1439.14  0.000e+00
     30.960   62.19446 -174.67414    -1.2602    31.5784    1439.14  0.000e+00
     30.968   62.19446 -174.67414    -1.2616    31.5798    1439.14  0.000e+00
     31.029   62.19446 -174.67414    -1.2627    31.5809    1439.13  0.000e+00
     31.014   62.19446 -174.67414    -1.2636    31.5814    1439.13  0.000e+00
     31.029   62.19446 -174.67414    -1.2639    31.5812    1439.13  0.000e+00
     31.029   62.19446 -174.67414    -1.2643    31.5817    1439.13  0.000e+00
     31.076   62.19446 -174.67414    -1.2656    31.5825    1439.12  0.000e+00
     31.083   62.19446 -174.67414    -1.2670    31.5835    1439.12  0.000e+00
     31.083   62.19446 -174.67414    -1.2679    31.5846    1439.11  0.000e+00
     31.130   62.19446 -174.67414    -1.2682    31.5846    1439.11  0.000e+00
     31.083   62.19446 -174.67414    -1.2691    31.5850    1439.11  0.000e+00
     31.145   62.19446 -174.67414    -1.2702    31.5863    1439.11  0.000e+00
     31.191   62.19446 -174.67414    -1.2709    31.5860    1439.10  0.000e+00
     31.199   62.19446 -174.67414    -1.2725    31.5870    1439.10  0.000e+00
     31.199   62.19446 -174.67414    -1.2725    31.5871    1439.10  0.000e+00
     31.245   62.19446 -174.67414    -1.2737    31.5876    1439.09  0.000e+00
     31.261   62.19446 -174.67414    -1.2748    31.5885    1439.09  0.000e+00
     31.261   62.19446 -174.67414    -1.2764    31.5906    1439.08  0.000e+00
     31.361   62.19446 -174.67414    -1.2781    31.5910    1439.08  0.000e+00
     31.315   62.19446 -174.67414    -1.2795    31.5922    1439.07  0.000e+00
     31.369   62.19446 -174.67414    -1.2804    31.5930    1439.07  0.000e+00
     31.361   62.19446 -174.67414    -1.2813    31.5941    1439.07  0.000e+00
     31.369   62.19446 -174.67414    -1.2816    31.5948    1439.07  0.000e+00
     31.431   62.19446 -174.67414    -1.2824    31.5958    1439.06  0.000e+00
     31.415   62.19446 -174.67414    -1.2826    31.5963    1439.06  0.000e+00
     31.431   62.19446 -174.67414    -1.2831    31.5973    1439.06  0.000e+00
     31.485   62.19446 -174.67414    -1.2831    31.5979    1439.06  0.000e+00
     31.531   62.19446 -174.67414    -1.2828    31.5979    1439.07  0.000e+00
     31.485   62.19446 -174.67414    -1.2828    31.5993    1439.07  0.000e+00
     31.547   62.19446 -174.67414    -1.2822    31.6003    1439.07  0.000e+00
     31.593   62.19446 -174.67414    -1.2819    31.6012    1439.08  0.000e+00
     31.601   62.19446 -174.67414    -1.2815    31.6012    1439.08  0.000e+00
     31.601   62.19446 -174.67414    -1.2804    31.6010    1439.08  0.000e+00
     31.662   62.19446 -174.67414    -1.2803    31.6019    1439.09  0.000e+00
     31.709   62.19446 -174.67414    -1.2798    31.6025    1439.09  0.000e+00
     31.662   62.19446 -174.67414    -1.2792    31.6031    1439.09  0.000e+00
     31.770   62.19446 -174.67414    -1.2792    31.6035    1439.10  0.000e+00
     31.709   62.19446 -174.67414    -1.2792    31.6044    1439.10  0.000e+00
     31.770   62.19446 -174.67414    -1.2789    31.6048    1439.10  0.000e+00
     31.832   62.19446 -174.67414    -1.2783    31.6058    1439.10  0.000e+00
     31.817   62.19446 -174.67414    -1.2767    31.6073    1439.11  0.000e+00
     31.832   62.19446 -174.67414    -1.2752    31.6088    1439.12  0.000e+00
     31.886   62.19446 -174.67414    -1.2732    31.6090    1439.13  0.000e+00
     31.878   62.19446 -174.67414    -1.2723    31.6094    1439.14  0.000e+00
     31.948   62.19446 -174.67414    -1.2729    31.6102    1439.14  0.000e+00
     31.948   62.19446 -174.67414    -1.2740    31.6099    1439.13  0.000e+00
     31.994   62.19446 -174.67414    -1.2769    31.6104    1439.12  0.000e+00
     31.948   62.19446 -174.67414    -1.2802    31.6100    1439.10  0.000e+00
     32.064   62.19446 -174.67414    -1.2845    31.6093    1439.08  0.000e+00
     32.064   62.19446 -174.67414    -1.2913    31.6106    1439.05  0.000e+00
     32.110   62.19446 -174.67414    -1.2965    31.6105    1439.03  0.000e+00
     32.118   62.19446 -174.67414    -1.3006    31.6116    1439.01  0.000e+00
     32.118   62.19446 -174.67414    -1.3031    31.6122    1439.00  0.000e+00
     32.164   62.19446 -174.67414    -1.3052    31.6095    1438.99  0.000e+00
     32.118   62.19446 -174.67414    -1.3075    31.6102    1438.98  0.000e+00
     32.234   62.19446 -174.67414    -1.3098    31.6129    1438.97  0.000e+00
     32.226   62.19446 -174.67414    -1.3114    31.6133    1438.96  0.000e+00
     32.288   62.19446 -174.67414    -1.3130    31.6137    1438.96  0.000e+00
     32.288   62.19446 -174.67414    -1.3144    31.6148    1438.95  0.000e+00
     32.280   62.19446 -174.67414    -1.3148    31.6147    1438.95  0.000e+00
     32.349   62.19446 -174.67414    -1.3157    31.6132    1438.94  0.000e+00
     32.349   62.19446 -174.67414    -1.3192    31.6105    1438.92  0.000e+00
     32.403   62.19446 -174.67414    -1.3270    31.6107    1438.89  0.000e+00
     32.396   62.19446 -174.67414    -1.3330    31.6112    1438.86  0.000e+00
     32.403   62.19446 -174.67414    -1.3377    31.6119    1438.84  0.000e+00
     32.457   62.19446 -174.67414    -1.3430    31.6117    1438.81  0.000e+00
     32.450   62.19446 -174.67414    -1.3479    31.6118    1438.79  0.000e+00
     32.519   62.19446 -174.67414    -1.3524    31.6126    1438.77  0.000e+00
     32.519   62.19446 -174.67414    -1.3560    31.6131    1438.75  0.000e+00
     32.511   62.19446 -174.67414    -1.3580    31.6137    1438.74  0.000e+00
     32.573   62.19446 -174.67414    -1.3594    31.6155    1438.74  0.000e+00
     32.635   62.19446 -174.67414    -1.3599    31.6180    1438.74  0.000e+00
     32.573   62.19446 -174.67414    -1.3595    31.6203    1438.75  0.000e+00
     32.627   62.19446 -174.67414    -1.3589    31.6211    1438.75  0.000e+00
     32.635   62.19446 -174.67414    -1.3586    31.6219    1438.76  0.000e+00
     32.751   62.19446 -174.67414    -1.3586    31.6222    1438.76  0.000e+00
     32.681   62.19446 -174.67414    -1.3583    31.6225    1438.76  0.000e+00
     32.689   62.19446 -174.67414    -1.3585    31.6232    1438.76  0.000e+00
     32.751   62.19446 -174.67414    -1.3585    31.6232    1438.76  0.000e+00
     32.797   62.19446 -174.67414    -1.3583    31.6230    1438.76  0.000e+00
     32.805   62.19446 -174.67414    -1.3581    31.6221    1438.76  0.000e+00
     32.805   62.19446 -174.67414    -1.3581    31.6224    1438.76  0.000e+00
