EcoFOCI/data/1_SampleCollection/2023_SikuliaqDBO_CruiseData/CTD_raw_BottleFile_SKQ23-12S/proc/skq202312s_074svp.cnv
* Sea-Bird SBE 9 Data File:
* FileName = D:\CTD\SKQ202312S\SKQ202312S_074.hex
* Software Version Seasave V 7.26.7.121
* Temperature SN = 6177
* Conductivity SN = 0369
* Number of Bytes Per Scan = 41
* Number of Voltage Words = 4
* Number of Scans Averaged by the Deck Unit = 1
* NMEA Latitude = 68 11.23 N
* NMEA Longitude = 167 17.73 W
* NMEA UTC (Time) = Oct 02 2023  03:41:14
* NMEA baud rate = 4800
** Ship: R/V Sikuliaq
** Station Number: 074
** Station Name: DBO3.3
** Bottom Depth: 47
** Operator: SD
# nquan = 7
# nvalues = 4146                                  
# units = specified
# name 0 = depSM: Depth [salt water, m]
# name 1 = latitude: Latitude [deg]
# name 2 = longitude: Longitude [deg]
# name 3 = t090C: Temperature [ITS-90, deg C]
# name 4 = sal00: Salinity, Practical [PSU]
# name 5 = svCM: Sound Velocity [Chen-Millero, m/s]
# name 6 = flag:  0.000e+00
# span 0 =      2.364,     42.384                 
# span 1 =   68.18698,   68.18702                 
# span 2 = -167.29566, -167.29562                 
# span 3 =     3.3167,     6.4617                 
# span 4 =    25.7777,    32.2111                 
# span 5 =    1460.63,    1470.25                 
# span 6 = 0.0000e+00, 0.0000e+00                 
# interval = seconds: 0.0416667
# start_time = Oct 02 2023 03:44:53 [NMEA time, first data scan]
# bad_flag = -9.990e-29
*END*
[from data line 2257]
     26.873   68.18702 -167.29562     5.0484    31.8141    1467.31  0.000e+00
     26.919   68.18702 -167.29562     5.0437    31.8150    1467.30  0.000e+00
     26.935   68.18702 -167.29562     5.0391    31.8160    1467.28  0.000e+00
     26.973   68.18702 -167.29562     5.0347    31.8178    1467.26  0.000e+00
     26.989   68.18702 -167.29562     5.0310    31.8194    1467.25  0.000e+00
     27.027   68.18702 -167.29562     5.0276    31.8210    1467.24  0.000e+00
     27.051   68.18702 -167.29562     5.0249    31.8220    1467.23  0.000e+00
     27.089   68.18702 -167.29562     5.0222    31.8235    1467.22  0.000e+00
     27.166   68.18702 -167.29562     5.0200    31.8241    1467.22  0.000e+00
     27.143   68.18702 -167.29562     5.0179    31.8254    1467.21  0.000e+00
     27.220   68.18702 -167.29562     5.0160    31.8259    1467.20  0.000e+00
     27.205   68.18702 -167.29562     5.0148    31.8261    1467.20  0.000e+00
     27.274   68.18702 -167.29562     5.0132    31.8267    1467.19  0.000e+00
     27.259   68.18702 -167.29562     5.0117    31.8275    1467.19  0.000e+00
     27.336   68.18702 -167.29562     5.0103    31.8276    1467.18  0.000e+00
     27.320   68.18702 -167.29562     5.0084    31.8285    1467.18  0.000e+00
     27.390   68.18702 -167.29562     5.0072    31.8293    1467.17  0.000e+00
     27.428   68.18702 -167.29562     5.0059    31.8293    1467.17  0.000e+00
     27.390   68.18702 -167.29562     5.0044    31.8293    1467.16  0.000e+00
     27.490   68.18702 -167.29562     5.0032    31.8295    1467.16  0.000e+00
     27.452   68.18702 -167.29562     5.0017    31.8296    1467.15  0.000e+00
     27.490   68.18702 -167.29562     5.0005    31.8303    1467.15  0.000e+00
     27.559   68.18702 -167.29562     4.9995    31.8303    1467.15  0.000e+00
     27.544   68.18702 -167.29562     4.9984    31.8304    1467.14  0.000e+00
     27.559   68.18702 -167.29562     4.9972    31.8303    1467.14  0.000e+00
     27.606   68.18702 -167.29562     4.9959    31.8312    1467.13  0.000e+00
     27.675   68.18702 -167.29562     4.9946    31.8307    1467.13  0.000e+00
     27.606   68.18702 -167.29562     4.9934    31.8309    1467.12  0.000e+00
     27.675   68.18702 -167.29562     4.9924    31.8300    1467.12  0.000e+00
     27.721   68.18702 -167.29562     4.9909    31.8304    1467.11  0.000e+00
     27.675   68.18702 -167.29562     4.9894    31.8305    1467.11  0.000e+00
     27.775   68.18702 -167.29562     4.9881    31.8301    1467.10  0.000e+00
     27.737   68.18702 -167.29562     4.9868    31.8300    1467.10  0.000e+00
     27.775   68.18702 -167.29562     4.9856    31.8298    1467.09  0.000e+00
     27.791   68.18702 -167.29562     4.9842    31.8301    1467.09  0.000e+00
     27.837   68.18702 -167.29562     4.9829    31.8305    1467.08  0.000e+00
     27.791   68.18702 -167.29562     4.9815    31.8314    1467.08  0.000e+00
     27.837   68.18702 -167.29562     4.9805    31.8315    1467.07  0.000e+00
     27.852   68.18702 -167.29562     4.9797    31.8310    1467.07  0.000e+00
     27.891   68.18702 -167.29562     4.9795    31.8291    1467.07  0.000e+00
     27.906   68.18702 -167.29564     4.9778    31.8283    1467.06  0.000e+00
     27.891   68.18702 -167.29564     4.9754    31.8287    1467.05  0.000e+00
     27.906   68.18702 -167.29564     4.9730    31.8302    1467.04  0.000e+00
     27.945   68.18702 -167.29564     4.9711    31.8314    1467.04  0.000e+00
     27.960   68.18702 -167.29564     4.9700    31.8315    1467.03  0.000e+00
     27.960   68.18702 -167.29564     4.9678    31.8329    1467.03  0.000e+00
     27.945   68.18702 -167.29564     4.9660    31.8346    1467.02  0.000e+00
     27.960   68.18702 -167.29564     4.9644    31.8363    1467.02  0.000e+00
     28.061   68.18702 -167.29564     4.9630    31.8375    1467.01  0.000e+00
     27.960   68.18702 -167.29564     4.9622    31.8384    1467.01  0.000e+00
     28.007   68.18702 -167.29564     4.9615    31.8403    1467.01  0.000e+00
     28.022   68.18702 -167.29564     4.9608    31.8418    1467.01  0.000e+00
     28.061   68.18702 -167.29564     4.9598    31.8446    1467.01  0.000e+00
     28.022   68.18702 -167.29564     4.9589    31.8478    1467.01  0.000e+00
     28.122   68.18702 -167.29564     4.9589    31.8482    1467.01  0.000e+00
     28.022   68.18702 -167.29564     4.9602    31.8471    1467.01  0.000e+00
     28.061   68.18702 -167.29564     4.9615    31.8473    1467.02  0.000e+00
     28.076   68.18702 -167.29564     4.9645    31.8456    1467.03  0.000e+00
     28.122   68.18702 -167.29564     4.9680    31.8419    1467.04  0.000e+00
     28.076   68.18702 -167.29564     4.9703    31.8389    1467.05  0.000e+00
     28.122   68.18702 -167.29564     4.9714    31.8371    1467.05  0.000e+00
     28.076   68.18702 -167.29564     4.9711    31.8398    1467.05  0.000e+00
     28.176   68.18702 -167.29564     4.9697    31.8454    1467.05  0.000e+00
     28.076   68.18702 -167.29564     4.9684    31.8504    1467.05  0.000e+00
     28.176   68.18702 -167.29564     4.9697    31.8512    1467.06  0.000e+00
     28.076   68.18702 -167.29564     4.9727    31.8494    1467.07  0.000e+00
     28.176   68.18702 -167.29564     4.9768    31.8468    1467.08  0.000e+00
     28.138   68.18702 -167.29564     4.9816    31.8431    1467.10  0.000e+00
     28.122   68.18702 -167.29564     4.9851    31.8384    1467.11  0.000e+00
     28.138   68.18702 -167.29564     4.9864    31.8348    1467.11  0.000e+00
     28.176   68.18702 -167.29564     4.9871    31.8341    1467.11  0.000e+00
     28.138   68.18702 -167.29564     4.9886    31.8333    1467.11  0.000e+00
     28.238   68.18702 -167.29564     4.9900    31.8325    1467.12  0.000e+00
     28.138   68.18702 -167.29564     4.9917    31.8317    1467.13  0.000e+00
     28.192   68.18702 -167.29564     4.9922    31.8298    1467.13  0.000e+00
     28.176   68.18702 -167.29564     4.9913    31.8280    1467.12  0.000e+00
     28.192   68.18702 -167.29564     4.9901    31.8262    1467.11  0.000e+00
     28.176   68.18702 -167.29564     4.9884    31.8243    1467.10  0.000e+00
     28.191   68.18702 -167.29564     4.9857    31.8242    1467.09  0.000e+00
     28.176   68.18702 -167.29564     4.9832    31.8260    1467.08  0.000e+00
     28.191   68.18702 -167.29564     4.9800    31.8320    1467.08  0.000e+00
     28.176   68.18702 -167.29564     4.9811    31.8369    1467.09  0.000e+00
     28.191   68.18702 -167.29564     4.9874    31.8360    1467.11  0.000e+00
     28.238   68.18702 -167.29564     4.9897    31.8329    1467.12  0.000e+00
     28.253   68.18702 -167.29564     4.9906    31.8298    1467.12  0.000e+00
     28.176   68.18702 -167.29564     4.9906    31.8280    1467.12  0.000e+00
     28.253   68.18702 -167.29564     4.9895    31.8294    1467.12  0.000e+00
     28.238   68.18702 -167.29564     4.9902    31.8316    1467.12  0.000e+00
     28.191   68.18702 -167.29564     4.9921    31.8357    1467.13  0.000e+00
     28.292   68.18702 -167.29564     4.9977    31.8378    1467.16  0.000e+00
     28.191   68.18702 -167.29564     5.0044    31.8401    1467.19  0.000e+00
     28.292   68.18702 -167.29564     5.0135    31.8386    1467.23  0.000e+00
     28.253   68.18702 -167.29564     5.0201    31.8403    1467.25  0.000e+00
     28.292   68.18702 -167.29564     5.0278    31.8392    1467.29  0.000e+00
     28.253   68.18702 -167.29564     5.0373    31.8309    1467.31  0.000e+00
     28.292   68.18702 -167.29564     5.0457    31.8186    1467.33  0.000e+00
     28.253   68.18702 -167.29564     5.0491    31.8076    1467.33  0.000e+00
     28.292   68.18702 -167.29564     5.0505    31.7953    1467.32  0.000e+00
     28.307   68.18702 -167.29564     5.0515    31.7858    1467.31  0.000e+00
     28.292   68.18702 -167.29564     5.0480    31.7833    1467.30  0.000e+00
     28.361   68.18702 -167.29564     5.0419    31.7854    1467.28  0.000e+00
     28.307   68.18702 -167.29564     5.0348    31.7900    1467.25  0.000e+00
     28.346   68.18702 -167.29564     5.0244    31.8012    1467.22  0.000e+00
     28.361   68.18702 -167.29564     5.0159    31.8106    1467.20  0.000e+00
     28.345   68.18702 -167.29564     5.0099    31.8147    1467.18  0.000e+00
     28.361   68.18702 -167.29564     5.0051    31.8177    1467.17  0.000e+00
     28.461   68.18702 -167.29564     5.0022    31.8177    1467.16  0.000e+00
     28.361   68.18702 -167.29564     4.9995    31.8193    1467.15  0.000e+00
     28.407   68.18702 -167.29564     4.9968    31.8224    1467.14  0.000e+00
     28.423   68.18702 -167.29564     4.9956    31.8264    1467.14  0.000e+00
     28.461   68.18702 -167.29564     4.9956    31.8312    1467.15  0.000e+00
     28.477   68.18702 -167.29564     4.9970    31.8353    1467.16  0.000e+00
     28.461   68.18702 -167.29564     5.0003    31.8337    1467.17  0.000e+00
     28.477   68.18702 -167.29564     5.0026    31.8285    1467.17  0.000e+00
     28.577   68.18702 -167.29564     5.0030    31.8240    1467.17  0.000e+00
     28.477   68.18702 -167.29564     5.0024    31.8214    1467.16  0.000e+00
     28.577   68.18702 -167.29564     5.0008    31.8206    1467.16  0.000e+00
     28.538   68.18702 -167.29564     4.9987    31.8247    1467.15  0.000e+00
     28.638   68.18702 -167.29564     4.9990    31.8304    1467.16  0.000e+00
     28.592   68.18702 -167.29564     5.0010    31.8297    1467.17  0.000e+00
     28.654   68.18702 -167.29564     5.0006    31.8188    1467.15  0.000e+00
     28.638   68.18702 -167.29564     4.9933    31.8122    1467.12  0.000e+00
     28.708   68.18702 -167.29564     4.9821    31.8136    1467.07  0.000e+00
     28.692   68.18702 -167.29564     4.9704    31.8179    1467.03  0.000e+00
     28.708   68.18702 -167.29564     4.9591    31.8234    1466.99  0.000e+00
     28.746   68.18702 -167.29564     4.9485    31.8303    1466.96  0.000e+00
     28.762   68.18702 -167.29564     4.9393    31.8373    1466.93  0.000e+00
     28.808   68.18702 -167.29564     4.9314    31.8439    1466.90  0.000e+00
     28.824   68.18702 -167.29564     4.9250    31.8485    1466.88  0.000e+00
     28.862   68.18702 -167.29564     4.9195    31.8521    1466.87  0.000e+00
     28.823   68.18702 -167.29564     4.9146    31.8549    1466.85  0.000e+00
     28.978   68.18702 -167.29564     4.9104    31.8575    1466.84  0.000e+00
     28.877   68.18702 -167.29564     4.9065    31.8594    1466.82  0.000e+00
     28.978   68.18702 -167.29564     4.9026    31.8607    1466.81  0.000e+00
     28.993   68.18702 -167.29564     4.8990    31.8609    1466.80  0.000e+00
     28.924   68.18702 -167.29564     4.8946    31.8608    1466.78  0.000e+00
     29.109   68.18702 -167.29564     4.8905    31.8607    1466.76  0.000e+00
     29.109   68.18702 -167.29564     4.8861    31.8622    1466.75  0.000e+00
     29.093   68.18702 -167.29564     4.8823    31.8633    1466.73  0.000e+00
     29.163   68.18702 -167.29564     4.8787    31.8642    1466.72  0.000e+00
     29.147   68.18702 -167.29564     4.8748    31.8640    1466.70  0.000e+00
     29.224   68.18702 -167.29564     4.8703    31.8646    1466.69  0.000e+00
     29.209   68.18702 -167.29564     4.8662    31.8654    1466.67  0.000e+00
     29.278   68.18702 -167.29564     4.8624    31.8665    1466.66  0.000e+00
     29.325   68.18702 -167.29564     4.8589    31.8679    1466.65  0.000e+00
     29.340   68.18702 -167.29564     4.8556    31.8687    1466.63  0.000e+00
     29.325   68.18702 -167.29564     4.8524    31.8690    1466.62  0.000e+00
     29.448   68.18702 -167.29564     4.8491    31.8684    1466.61  0.000e+00
     29.394   68.18702 -167.29564     4.8456    31.8677    1466.59  0.000e+00
     29.494   68.18702 -167.29564     4.8410    31.8684    1466.58  0.000e+00
     29.510   68.18702 -167.29564     4.8372    31.8694    1466.56  0.000e+00
     29.548   68.18702 -167.29564     4.8336    31.8712    1466.55  0.000e+00
     29.626   68.18702 -167.29564     4.8304    31.8726    1466.54  0.000e+00
     29.610   68.18702 -167.29564     4.8277    31.8738    1466.53  0.000e+00
     29.679   68.18702 -167.29564     4.8251    31.8748    1466.52  0.000e+00
     29.664   68.18702 -167.29564     4.8233    31.8753    1466.51  0.000e+00
     29.741   68.18702 -167.29564     4.8216    31.8762    1466.51  0.000e+00
     29.780   68.18702 -167.29564     4.8201    31.8769    1466.50  0.000e+00
     29.795   68.18702 -167.29564     4.8188    31.8775    1466.50  0.000e+00
     29.849   68.18702 -167.29564     4.8177    31.8776    1466.50  0.000e+00
     29.895   68.18702 -167.29562     4.8167    31.8767    1466.49  0.000e+00
     29.911   68.18702 -167.29562     4.8148    31.8730    1466.48  0.000e+00
     29.949   68.18702 -167.29562     4.8110    31.8659    1466.46  0.000e+00
     30.027   68.18702 -167.29562     4.8036    31.8602    1466.42  0.000e+00
     30.011   68.18702 -167.29562     4.7935    31.8573    1466.37  0.000e+00
     30.081   68.18702 -167.29562     4.7819    31.8575    1466.33  0.000e+00
     30.127   68.18702 -167.29562     4.7700    31.8600    1466.28  0.000e+00
     30.142   68.18702 -167.29562     4.7589    31.8635    1466.24  0.000e+00
     30.250   68.18702 -167.29562     4.7487    31.8674    1466.21  0.000e+00
     30.181   68.18702 -167.29562     4.7393    31.8715    1466.17  0.000e+00
     30.250   68.18702 -167.29562     4.7313    31.8750    1466.14  0.000e+00
     30.350   68.18702 -167.29562     4.7243    31.8788    1466.12  0.000e+00
     30.312   68.18702 -167.29562     4.7188    31.8814    1466.10  0.000e+00
     30.350   68.18702 -167.29562     4.7135    31.8844    1466.08  0.000e+00
     30.428   68.18702 -167.29562     4.7094    31.8869    1466.07  0.000e+00
     30.482   68.18702 -167.29562     4.7061    31.8890    1466.06  0.000e+00
     30.466   68.18702 -167.29562     4.7034    31.8905    1466.05  0.000e+00
     30.543   68.18702 -167.29562     4.7010    31.8913    1466.04  0.000e+00
     30.582   68.18702 -167.29562     4.6991    31.8925    1466.04  0.000e+00
     30.597   68.18702 -167.29562     4.6972    31.8937    1466.03  0.000e+00
     30.643   68.18702 -167.29562     4.6964    31.8936    1466.03  0.000e+00
     30.651   68.18702 -167.29562     4.6951    31.8944    1466.03  0.000e+00
     30.713   68.18702 -167.29562     4.6943    31.8946    1466.02  0.000e+00
     30.751   68.18702 -167.29562     4.6937    31.8937    1466.02  0.000e+00
     30.767   68.18702 -167.29562     4.6924    31.8938    1466.02  0.000e+00
     30.813   68.18702 -167.29562     4.6910    31.8946    1466.01  0.000e+00
     30.829   68.18702 -167.29562     4.6902    31.8943    1466.01  0.000e+00
     30.929   68.18702 -167.29562     4.6896    31.8949    1466.01  0.000e+00
     30.883   68.18702 -167.29562     4.6886    31.8950    1466.00  0.000e+00
     30.944   68.18702 -167.29562     4.6877    31.8939    1466.00  0.000e+00
     30.983   68.18702 -167.29562     4.6863    31.8936    1465.99  0.000e+00
     30.998   68.18702 -167.29562     4.6849    31.8941    1465.99  0.000e+00
     31.045   68.18702 -167.29562     4.6837    31.8946    1465.99  0.000e+00
     31.052   68.18702 -167.29562     4.6828    31.8954    1465.98  0.000e+00
     31.099   68.18702 -167.29562     4.6818    31.8955    1465.98  0.000e+00
     31.168   68.18702 -167.29562     4.6812    31.8959    1465.98  0.000e+00
     31.114   68.18702 -167.29562     4.6809    31.8959    1465.98  0.000e+00
     31.214   68.18702 -167.29562     4.6804    31.8963    1465.98  0.000e+00
     31.168   68.18702 -167.29562     4.6802    31.8962    1465.98  0.000e+00
     31.268   68.18702 -167.29562     4.6800    31.8961    1465.98  0.000e+00
     31.230   68.18702 -167.29562     4.6798    31.8962    1465.97  0.000e+00
     31.338   68.18702 -167.29562     4.6796    31.8964    1465.98  0.000e+00
     31.268   68.18702 -167.29562     4.6796    31.8966    1465.98  0.000e+00
     31.338   68.18702 -167.29562     4.6796    31.8960    1465.98  0.000e+00
