EcoFOCI/data/1_SampleCollection/2023_SikuliaqDBO_CruiseData/CTD_raw_BottleFile_SKQ23-12S/proc/skq202312s_070.ros
* Sea-Bird SBE 9 Data File:
* FileName = D:\CTD\SKQ202312S\SKQ202312S_070.hex
* Software Version Seasave V 7.26.7.121
* Temperature SN = 6177
* Conductivity SN = 0369
* Number of Bytes Per Scan = 41
* Number of Voltage Words = 4
* Number of Scans Averaged by the Deck Unit = 1
* NMEA Latitude = 67 53.89 N
* NMEA Longitude = 168 14.05 W
* NMEA UTC (Time) = Sep 30 2023  04:20:28
* NMEA baud rate = 4800
** Ship: R/V Sikuliaq
** Station Number: 070
** Station Name: DBO3.6
** Bottom Depth: 50
** Operator: SD
# nquan = 22
# nvalues = 1127                                  
# units = specified
# name 0 = depSM: Depth [salt water, m]
# name 1 = latitude: Latitude [deg]
# name 2 = longitude: Longitude [deg]
# name 3 = prDM: Pressure, Digiquartz [db]
# name 4 = t090C: Temperature [ITS-90, deg C]
# name 5 = t190C: Temperature, 2 [ITS-90, deg C]
# name 6 = potemp090C: Potential Temperature [ITS-90, deg C]
# name 7 = sal00: Salinity, Practical [PSU]
# name 8 = sal11: Salinity, Practical, 2 [PSU]
# name 9 = density00: Density [density, kg/m^3]
# name 10 = sigma-é00: Density [sigma-theta, kg/m^3]
# name 11 = sbox0Mm/Kg: Oxygen, SBE 43 [umol/kg]
# name 12 = sbox1Mm/Kg: Oxygen, SBE 43, 2 [umol/kg]
# name 13 = oxsolMm/Kg: Oxygen Saturation, Garcia & Gordon [umol/kg]
# name 14 = sbeox0PS: Oxygen, SBE 43 [% saturation]
# name 15 = v0: Voltage 0
# name 16 = flECO-AFL: Fluorescence, WET Labs ECO-AFL/FL [mg/m^3]
# name 17 = CStarAt0: Beam Attenuation, WET Labs C-Star [1/m]
# name 18 = par: PAR/Irradiance, Biospherical/Licor
# name 19 = scan: Scan Count
# name 20 = nbf: Bottles Fired
# name 21 = flag:  0.000e+00
# interval = seconds: 0.0416667
# start_time = Sep 30 2023 04:23:19 [NMEA time, first data scan]
# bad_flag = -9.990e-29
*END*
[from data line 396]
     30.099   67.89822 -168.23358     30.405     3.0214     3.0226     3.0197    32.3568    32.3671  1025.9166    25.7738    231.376    220.922  328.91455     70.345     0.0818     0.1428     1.3867 4.1638e-02      13748          9  0.000e+00
     30.021   67.89822 -168.23358     30.327     3.0212     3.0231     3.0195    32.3567    32.3667  1025.9162    25.7738    231.336    220.900  328.91605     70.333     0.0806     0.1355     1.3867 4.3907e-02      13749          9  0.000e+00
     30.037   67.89822 -168.23358     30.342     3.0212     3.0220     3.0195    32.3566    32.3677  1025.9162    25.7737    231.332    220.890  328.91627     70.332     0.0818     0.1428     1.3852 4.5283e-02      13750          9  0.000e+00
     30.083   67.89822 -168.23358     30.389     3.0211     3.0216     3.0194    32.3572    32.3674  1025.9169    25.7742    231.329    221.074  328.91613     70.331     0.0830     0.1502     1.3867 4.5745e-02      13751          9  0.000e+00
     30.037   67.89822 -168.23358     30.342     3.0214     3.0215     3.0197    32.3568    32.3679  1025.9163    25.7738    231.322    220.885  328.91447     70.329     0.0818     0.1428     1.3867 4.2089e-02      13752          9  0.000e+00
     30.083   67.89822 -168.23358     30.389     3.0214     3.0220     3.0197    32.3569    32.3678  1025.9166    25.7739    231.319    220.893  328.91413     70.328     0.0818     0.1428     1.3867 3.9401e-02      13753          9  0.000e+00
     30.037   67.89822 -168.23358     30.342     3.0216     3.0226     3.0199    32.3569    32.3672  1025.9164    25.7739    231.312    220.876  328.91296     70.326     0.0806     0.1355     1.3867 3.8958e-02      13754          9  0.000e+00
     30.021   67.89822 -168.23358     30.327     3.0218     3.0233     3.0201    32.3568    32.3671  1025.9162    25.7738    231.523    220.860  328.91094     70.391     0.0806     0.1355     1.3852 4.7137e-02      13755          9  0.000e+00
     30.037   67.89822 -168.23358     30.342     3.0217     3.0234     3.0200    32.3565    32.3671  1025.9161    25.7736    231.336    220.874  328.91256     70.334     0.0806     0.1355     1.3867 5.7712e-02      13756          9  0.000e+00
     30.083   67.89822 -168.23358     30.389     3.0218     3.0237     3.0201    32.3565    32.3666  1025.9163    25.7736    231.549    220.866  328.91172     70.399     0.0806     0.1355     1.3867 5.9706e-02      13757          9  0.000e+00
     29.983   67.89822 -168.23358     30.288     3.0218     3.0230     3.0201    32.3568    32.3674  1025.9160    25.7738    231.573    220.881  328.91089     70.406     0.0794     0.1282     1.3867 5.8208e-02      13758          9  0.000e+00
     30.037   67.89822 -168.23358     30.342     3.0220     3.0218     3.0203    32.3569    32.3679  1025.9164    25.7739    231.382    220.908  328.90936     70.348     0.0806     0.1355     1.3867 5.5740e-02      13759          9  0.000e+00
     30.021   67.89822 -168.23358     30.327     3.0222     3.0212     3.0204    32.3566    32.3681  1025.9160    25.7736    231.372    220.907  328.90884     70.345     0.0794     0.1282     1.3852 5.5251e-02      13760          9  0.000e+00
     30.037   67.89822 -168.23358     30.342     3.0225     3.0212     3.0208    32.3564    32.3680  1025.9159    25.7735    231.580    220.710  328.90665     70.409     0.0806     0.1355     1.3823 5.2342e-02      13761          9  0.000e+00
     30.021   67.89822 -168.23358     30.327     3.0225     3.0210     3.0208    32.3561    32.3680  1025.9156    25.7732    231.605    220.906  328.90753     70.416     0.0794     0.1282     1.3823 4.6671e-02      13762          9  0.000e+00
     29.983   67.89822 -168.23358     30.288     3.0226     3.0209     3.0209    32.3560    32.3682  1025.9153    25.7731    231.408    220.929  328.90638     70.357     0.0806     0.1355     1.3823 4.4823e-02      13763          9  0.000e+00
     30.021   67.89822 -168.23358     30.327     3.0226     3.0215     3.0209    32.3561    32.3679  1025.9156    25.7732    231.615    220.758  328.90623     70.420     0.0806     0.1355     1.3823 4.6671e-02      13764          9  0.000e+00
     29.983   67.89822 -168.23358     30.288     3.0228     3.0221     3.0211    32.3557    32.3675  1025.9151    25.7728    231.636    220.761  328.90588     70.426     0.0806     0.1355     1.3823 5.3790e-02      13765          9  0.000e+00
     30.021   67.89822 -168.23358     30.327     3.0226     3.0228     3.0209    32.3562    32.3672  1025.9157    25.7733    231.657    220.744  328.90593     70.433     0.0806     0.1355     1.3823 5.6723e-02      13766          9  0.000e+00
     30.037   67.89822 -168.23358     30.342     3.0228     3.0229     3.0211    32.3564    32.3673  1025.9159    25.7734    231.675    220.755  328.90415     70.439     0.0806     0.1355     1.3823 5.6231e-02      13767          9  0.000e+00
     29.983   67.89822 -168.23358     30.288     3.0228     3.0235     3.0211    32.3565    32.3667  1025.9157    25.7735    231.655    220.936  328.90388     70.432     0.0806     0.1355     1.3823 4.9011e-02      13768          9  0.000e+00
     30.021   67.89822 -168.23358     30.327     3.0228     3.0235     3.0211    32.3563    32.3671  1025.9157    25.7733    231.671    220.927  328.90453     70.437     0.0806     0.1355     1.3823 4.6207e-02      13769          9  0.000e+00
     29.983   67.89822 -168.23358     30.288     3.0230     3.0237     3.0212    32.3558    32.3673  1025.9151    25.7729    231.683    220.939  328.90428     70.441     0.0806     0.1355     1.3823 4.6207e-02      13770          9  0.000e+00
     30.021   67.89822 -168.23358     30.327     3.0230     3.0240     3.0212    32.3558    32.3666  1025.9153    25.7729    231.695    220.978  328.90443     70.445     0.0794     0.1282     1.3823 4.9956e-02      13771          9  0.000e+00
     29.983   67.89822 -168.23358     30.288     3.0230     3.0240     3.0212    32.3558    32.3669  1025.9151    25.7729    231.704    221.017  328.90438     70.447     0.0806     0.1355     1.3823 5.1863e-02      13772          9  0.000e+00
     30.021   67.89822 -168.23358     30.327     3.0231     3.0240     3.0214    32.3556    32.3671  1025.9151    25.7727    231.714    221.013  328.90353     70.450     0.0794     0.1282     1.3823 5.2824e-02      13773          9  0.000e+00
     29.983   67.89822 -168.23358     30.288     3.0230     3.0241     3.0212    32.3560    32.3668  1025.9153    25.7731    231.720    221.031  328.90388     70.452     0.0806     0.1355     1.3823 5.0431e-02      13774          9  0.000e+00
     30.021   67.89822 -168.23358     30.327     3.0231     3.0240     3.0214    32.3559    32.3669  1025.9154    25.7730    231.726    221.052  328.90283     70.454     0.0794     0.1282     1.3823 4.9011e-02      13775          9  0.000e+00
     29.983   67.89822 -168.23358     30.288     3.0230     3.0241     3.0212    32.3563    32.3670  1025.9155    25.7733    231.730    220.876  328.90308     70.455     0.0806     0.1355     1.3823 4.9011e-02      13776          9  0.000e+00
     29.967   67.89822 -168.23358     30.272     3.0230     3.0240     3.0212    32.3564    32.3670  1025.9155    25.7733    231.732    221.048  328.90296     70.456     0.0794     0.1282     1.3823 5.4762e-02      13777          9  0.000e+00
     30.037   67.89822 -168.23358     30.342     3.0230     3.0240     3.0212    32.3561    32.3668  1025.9156    25.7731    231.773    221.049  328.90365     70.468     0.0806     0.1355     1.3823 6.0711e-02      13778          9  0.000e+00
     29.983   67.89822 -168.23358     30.288     3.0230     3.0240     3.0212    32.3552    32.3669  1025.9147    25.7724    231.774    221.070  328.90578     70.468     0.0806     0.1355     1.3823 6.1722e-02      13779          9  0.000e+00
     30.021   67.89822 -168.23358     30.327     3.0222     3.0240     3.0204    32.3546    32.3671  1025.9144    25.7720    231.781    221.071  328.91384     70.469     0.0806     0.1355     1.3808 5.5740e-02      13780          9  0.000e+00
     29.983   67.89822 -168.23358     30.288     3.0216     3.0241     3.0199    32.3549    32.3668  1025.9145    25.7723    231.782    221.069  328.91789     70.468     0.0806     0.1355     1.3749 4.7603e-02      13781          9  0.000e+00
     30.021   67.89822 -168.23358     30.327     3.0209     3.0240     3.0192    32.3542    32.3669  1025.9142    25.7718    231.786    221.095  328.92485     70.468     0.0806     0.1355     1.3735 4.5745e-02      13782          9  0.000e+00
     29.983   67.89822 -168.23358     30.288     3.0196     3.0238     3.0179    32.3547    32.3673  1025.9145    25.7723    231.788    221.095  328.93402     70.466     0.0806     0.1355     1.3735 4.7137e-02      13783          9  0.000e+00
     29.967   67.89822 -168.23358     30.272     3.0187     3.0241     3.0170    32.3550    32.3668  1025.9148    25.7727    231.787    221.094  328.94061     70.465     0.0806     0.1355     1.3735 5.0431e-02      13784          9  0.000e+00
     30.037   67.89822 -168.23358     30.342     3.0176     3.0237     3.0159    32.3558    32.3672  1025.9158    25.7733    232.006    221.123  328.94791     70.530     0.0806     0.1355     1.3735 5.1384e-02      13785          9  0.000e+00
     30.021   67.89822 -168.23358     30.327     3.0174     3.0240     3.0157    32.3561    32.3671  1025.9160    25.7736    231.813    221.146  328.94839     70.471     0.0794     0.1282     1.3735 5.0907e-02      13786          9  0.000e+00
     29.983   67.89822 -168.23358     30.288     3.0169     3.0238     3.0151    32.3564    32.3667  1025.9161    25.7739    231.840    221.173  328.95255     70.478     0.0806     0.1355     1.3735 4.9483e-02      13787          9  0.000e+00
     30.037   67.89822 -168.23358     30.342     3.0165     3.0240     3.0148    32.3565    32.3667  1025.9165    25.7740    231.832    221.178  328.95513     70.475     0.0806     0.1355     1.3749 4.8540e-02      13788          9  0.000e+00
     30.021   67.89822 -168.23358     30.327     3.0164     3.0237     3.0147    32.3567    32.3666  1025.9166    25.7741    231.819    221.183  328.95571     70.471     0.0806     0.1355     1.3749 4.9011e-02      13789          9  0.000e+00
     30.037   67.89822 -168.23358     30.342     3.0160     3.0238     3.0143    32.3568    32.3667  1025.9168    25.7743    231.807    221.186  328.95833     70.467     0.0794     0.1282     1.3735 5.2824e-02      13790          9  0.000e+00
     30.021   67.89822 -168.23358     30.327     3.0159     3.0237     3.0142    32.3569    32.3674  1025.9168    25.7744    232.045    221.189  328.95912     70.539     0.0806     0.1355     1.3735 5.4276e-02      13791          9  0.000e+00
     29.983   67.89822 -168.23358     30.288     3.0156     3.0238     3.0139    32.3580    32.3670  1025.9175    25.7753    232.061    221.192  328.95877     70.544     0.0794     0.1282     1.3735 5.4276e-02      13792          9  0.000e+00
     29.983   67.89822 -168.23358     30.288     3.0244     3.0251     3.0227    32.3553    32.3663  1025.9146    25.7724    229.832    220.780  328.89376     69.880     0.0818     0.1428     1.4072 5.0431e-02      13937         10  0.000e+00
     29.968   67.89822 -168.23358     30.272     3.0244     3.0252     3.0226    32.3561    32.3660  1025.9152    25.7730    230.035    220.812  328.89224     69.943     0.0806     0.1355     1.4087 4.8540e-02      13938         10  0.000e+00
     29.983   67.89822 -168.23358     30.288     3.0247     3.0252     3.0230    32.3558    32.3660  1025.9150    25.7728    230.059    220.846  328.89036     69.950     0.0806     0.1355     1.4072 4.8071e-02      13939         10  0.000e+00
     30.022   67.89822 -168.23358     30.327     3.0244     3.0257     3.0227    32.3556    32.3659  1025.9150    25.7726    230.308    220.853  328.89321     70.025     0.0818     0.1428     1.4087 4.8071e-02      13940         10  0.000e+00
     29.921   67.89822 -168.23358     30.226     3.0245     3.0256     3.0228    32.3558    32.3664  1025.9147    25.7728    230.150    220.859  328.89168     69.977     0.0818     0.1428     1.4087 4.8071e-02      13941         10  0.000e+00
     29.983   67.89822 -168.23358     30.288     3.0247     3.0260     3.0230    32.3557    32.3655  1025.9149    25.7727    230.183    220.891  328.89026     69.988     0.0818     0.1428     1.3999 4.8071e-02      13942         10  0.000e+00
     30.022   67.89822 -168.23358     30.327     3.0247     3.0260     3.0230    32.3557    32.3656  1025.9151    25.7727    230.219    220.923  328.89061     69.999     0.0818     0.1428     1.3896 4.7137e-02      13943         10  0.000e+00
     29.983   67.89822 -168.23358     30.288     3.0244     3.0259     3.0226    32.3563    32.3657  1025.9154    25.7732    230.221    220.954  328.89176     69.999     0.0818     0.1428     1.3881 4.5283e-02      13944         10  0.000e+00
     29.968   67.89822 -168.23358     30.272     3.0246     3.0257     3.0229    32.3562    32.3660  1025.9152    25.7731    230.222    220.985  328.89034     70.000     0.0818     0.1428     1.3896 4.5283e-02      13945         10  0.000e+00
     29.983   67.89822 -168.23358     30.288     3.0244     3.0256     3.0226    32.3566    32.3661  1025.9156    25.7734    230.010    221.017  328.89106     69.935     0.0830     0.1502     1.3896 4.3907e-02      13946         10  0.000e+00
     29.968   67.89822 -168.23358     30.272     3.0245     3.0256     3.0228    32.3565    32.3659  1025.9155    25.7733    230.198    221.025  328.88994     69.993     0.0806     0.1355     1.3896 3.8516e-02      13947         10  0.000e+00
     29.983   67.89822 -168.23358     30.288     3.0242     3.0254     3.0225    32.3570    32.3663  1025.9160    25.7737    230.209    221.032  328.89096     69.995     0.0818     0.1428     1.3896 3.6758e-02      13948         10  0.000e+00
     30.022   67.89822 -168.23358     30.327     3.0244     3.0254     3.0226    32.3569    32.3662  1025.9161    25.7737    230.219    221.039  328.89021     69.999     0.0806     0.1355     1.3896 3.6758e-02      13949         10  0.000e+00
     29.983   67.89822 -168.23358     30.288     3.0248     3.0252     3.0231    32.3569    32.3660  1025.9158    25.7736    230.263    221.044  328.88646     70.013     0.0818     0.1428     1.3896 3.7635e-02      13950         10  0.000e+00
     29.983   67.89822 -168.23358     30.288     3.0245     3.0252     3.0228    32.3569    32.3660  1025.9159    25.7737    230.062    221.048  328.88896     69.951     0.0806     0.1355     1.3896 3.7635e-02      13951         10  0.000e+00
     29.968   67.89822 -168.23358     30.272     3.0245     3.0252     3.0228    32.3570    32.3660  1025.9159    25.7737    230.262    221.050  328.88874     70.012     0.0818     0.1428     1.3896 3.8074e-02      13952         10  0.000e+00
     29.983   67.89822 -168.23358     30.288     3.0244     3.0252     3.0227    32.3572    32.3662  1025.9161    25.7739    230.281    221.052  328.88916     70.018     0.0818     0.1428     1.3896 4.1638e-02      13953         10  0.000e+00
     30.022   67.89822 -168.23358     30.327     3.0247     3.0251     3.0230    32.3571    32.3662  1025.9162    25.7738    230.301    221.079  328.88721     70.024     0.0818     0.1428     1.3896 4.3450e-02      13954         10  0.000e+00
     29.983   67.89822 -168.23358     30.288     3.0244     3.0251     3.0227    32.3572    32.3658  1025.9161    25.7739    230.324    221.103  328.88906     70.031     0.0806     0.1355     1.3896 4.3450e-02      13955         10  0.000e+00
