EcoFOCI/data/1_SampleCollection/2023_SikuliaqDBO_CruiseData/CTD_raw_BottleFile_SKQ23-12S/proc/skq202312s_070svp.cnv
* Sea-Bird SBE 9 Data File:
* FileName = D:\CTD\SKQ202312S\SKQ202312S_070.hex
* Software Version Seasave V 7.26.7.121
* Temperature SN = 6177
* Conductivity SN = 0369
* Number of Bytes Per Scan = 41
* Number of Voltage Words = 4
* Number of Scans Averaged by the Deck Unit = 1
* NMEA Latitude = 67 53.89 N
* NMEA Longitude = 168 14.05 W
* NMEA UTC (Time) = Sep 30 2023  04:20:28
* NMEA baud rate = 4800
** Ship: R/V Sikuliaq
** Station Number: 070
** Station Name: DBO3.6
** Bottom Depth: 50
** Operator: SD
# nquan = 7
# nvalues = 5805                                  
# units = specified
# name 0 = depSM: Depth [salt water, m]
# name 1 = latitude: Latitude [deg]
# name 2 = longitude: Longitude [deg]
# name 3 = t090C: Temperature [ITS-90, deg C]
# name 4 = sal00: Salinity, Practical [PSU]
# name 5 = svCM: Sound Velocity [Chen-Millero, m/s]
# name 6 = flag:  0.000e+00
# span 0 =      3.017,     53.217                 
# span 1 =   67.89816,   67.89818                 
# span 2 = -168.23388, -168.23360                 
# span 3 =     2.8533,     6.1063                 
# span 4 =    27.4081,    32.4348                 
# span 5 =    1456.30,    1467.93                 
# span 6 = 0.0000e+00, 0.0000e+00                 
# interval = seconds: 0.0416667
# start_time = Sep 30 2023 04:23:19 [NMEA time, first data scan]
# bad_flag = -9.990e-29
*END*
[from data line 2872]
     36.796   67.89816 -168.23368     2.9616    32.3775    1459.44  0.000e+00
     36.842   67.89816 -168.23368     2.9624    32.3778    1459.45  0.000e+00
     36.850   67.89816 -168.23368     2.9629    32.3796    1459.45  0.000e+00
     36.912   67.89816 -168.23368     2.9640    32.3811    1459.46  0.000e+00
     36.850   67.89816 -168.23368     2.9659    32.3824    1459.47  0.000e+00
     36.958   67.89816 -168.23368     2.9675    32.3817    1459.48  0.000e+00
     36.911   67.89816 -168.23368     2.9690    32.3771    1459.48  0.000e+00
     36.911   67.89816 -168.23368     2.9696    32.3722    1459.47  0.000e+00
     36.958   67.89816 -168.23368     2.9690    32.3704    1459.47  0.000e+00
     36.965   67.89816 -168.23368     2.9681    32.3714    1459.47  0.000e+00
     36.965   67.89816 -168.23368     2.9672    32.3729    1459.46  0.000e+00
     37.012   67.89816 -168.23368     2.9665    32.3726    1459.46  0.000e+00
     37.081   67.89816 -168.23366     2.9658    32.3731    1459.46  0.000e+00
     37.027   67.89816 -168.23366     2.9656    32.3837    1459.47  0.000e+00
     37.012   67.89816 -168.23366     2.9685    32.3964    1459.50  0.000e+00
     37.081   67.89816 -168.23366     2.9727    32.4053    1459.53  0.000e+00
     37.081   67.89816 -168.23366     2.9791    32.4119    1459.57  0.000e+00
     37.135   67.89816 -168.23366     2.9880    32.4131    1459.61  0.000e+00
     37.073   67.89816 -168.23366     2.9965    32.4100    1459.64  0.000e+00
     37.135   67.89816 -168.23366     3.0039    32.4047    1459.67  0.000e+00
     37.197   67.89816 -168.23366     3.0098    32.4006    1459.69  0.000e+00
     37.127   67.89816 -168.23366     3.0146    32.3978    1459.70  0.000e+00
     37.197   67.89816 -168.23366     3.0184    32.3946    1459.72  0.000e+00
     37.197   67.89816 -168.23366     3.0209    32.3928    1459.72  0.000e+00
     37.189   67.89816 -168.23366     3.0231    32.3910    1459.73  0.000e+00
     37.251   67.89816 -168.23366     3.0247    32.3895    1459.74  0.000e+00
     37.197   67.89816 -168.23366     3.0258    32.3882    1459.74  0.000e+00
     37.312   67.89816 -168.23366     3.0265    32.3873    1459.74  0.000e+00
     37.243   67.89816 -168.23366     3.0271    32.3870    1459.74  0.000e+00
     37.312   67.89816 -168.23366     3.0275    32.3868    1459.75  0.000e+00
     37.312   67.89816 -168.23366     3.0277    32.3867    1459.75  0.000e+00
     37.359   67.89816 -168.23366     3.0278    32.3865    1459.75  0.000e+00
     37.312   67.89816 -168.23366     3.0280    32.3866    1459.75  0.000e+00
     37.366   67.89816 -168.23366     3.0283    32.3871    1459.75  0.000e+00
     37.358   67.89816 -168.23366     3.0283    32.3869    1459.75  0.000e+00
     37.366   67.89816 -168.23366     3.0284    32.3870    1459.75  0.000e+00
     37.428   67.89816 -168.23366     3.0285    32.3875    1459.75  0.000e+00
     37.428   67.89816 -168.23366     3.0289    32.3876    1459.76  0.000e+00
     37.474   67.89816 -168.23366     3.0289    32.3884    1459.76  0.000e+00
     37.482   67.89816 -168.23366     3.0291    32.3883    1459.76  0.000e+00
     37.482   67.89816 -168.23366     3.0292    32.3891    1459.76  0.000e+00
     37.474   67.89816 -168.23366     3.0292    32.3898    1459.76  0.000e+00
     37.536   67.89816 -168.23366     3.0298    32.3896    1459.76  0.000e+00
     37.536   67.89816 -168.23366     3.0297    32.3899    1459.76  0.000e+00
     37.536   67.89816 -168.23366     3.0298    32.3884    1459.76  0.000e+00
     37.590   67.89816 -168.23366     3.0299    32.3865    1459.76  0.000e+00
     37.597   67.89816 -168.23366     3.0292    32.3863    1459.76  0.000e+00
     37.597   67.89816 -168.23366     3.0290    32.3864    1459.76  0.000e+00
     37.644   67.89816 -168.23366     3.0287    32.3877    1459.76  0.000e+00
     37.651   67.89816 -168.23366     3.0287    32.3884    1459.76  0.000e+00
     37.651   67.89816 -168.23366     3.0290    32.3916    1459.76  0.000e+00
     37.713   67.89816 -168.23366     3.0299    32.3947    1459.77  0.000e+00
     37.759   67.89816 -168.23366     3.0307    32.3961    1459.78  0.000e+00
     37.713   67.89816 -168.23366     3.0317    32.3963    1459.78  0.000e+00
     37.713   67.89816 -168.23366     3.0324    32.3950    1459.78  0.000e+00
     37.813   67.89816 -168.23366     3.0318    32.3947    1459.78  0.000e+00
     37.767   67.89816 -168.23366     3.0302    32.3954    1459.78  0.000e+00
     37.829   67.89816 -168.23366     3.0280    32.3974    1459.77  0.000e+00
     37.875   67.89816 -168.23366     3.0256    32.3995    1459.76  0.000e+00
     37.883   67.89816 -168.23366     3.0240    32.4009    1459.76  0.000e+00
     37.883   67.89816 -168.23366     3.0226    32.4023    1459.76  0.000e+00
     37.883   67.89816 -168.23366     3.0212    32.4037    1459.75  0.000e+00
     37.929   67.89816 -168.23366     3.0206    32.4042    1459.75  0.000e+00
     37.937   67.89816 -168.23366     3.0200    32.4051    1459.75  0.000e+00
     37.998   67.89816 -168.23366     3.0204    32.4052    1459.75  0.000e+00
     37.929   67.89816 -168.23366     3.0217    32.4045    1459.75  0.000e+00
     38.114   67.89816 -168.23366     3.0226    32.4035    1459.76  0.000e+00
     38.052   67.89816 -168.23366     3.0231    32.4029    1459.76  0.000e+00
     38.052   67.89816 -168.23366     3.0234    32.4030    1459.76  0.000e+00
     38.106   67.89816 -168.23366     3.0234    32.4029    1459.76  0.000e+00
     38.114   67.89816 -168.23366     3.0236    32.4029    1459.76  0.000e+00
     38.114   67.89816 -168.23366     3.0236    32.4027    1459.76  0.000e+00
     38.168   67.89816 -168.23366     3.0238    32.4027    1459.77  0.000e+00
     38.214   67.89816 -168.23366     3.0238    32.4022    1459.77  0.000e+00
     38.230   67.89816 -168.23366     3.0238    32.4024    1459.77  0.000e+00
     38.230   67.89816 -168.23366     3.0234    32.4030    1459.77  0.000e+00
     38.276   67.89816 -168.23366     3.0233    32.4030    1459.77  0.000e+00
     38.283   67.89816 -168.23366     3.0231    32.4037    1459.77  0.000e+00
     38.283   67.89816 -168.23366     3.0233    32.4040    1459.77  0.000e+00
     38.399   67.89816 -168.23366     3.0239    32.4035    1459.77  0.000e+00
     38.330   67.89816 -168.23366     3.0242    32.4033    1459.77  0.000e+00
     38.399   67.89816 -168.23366     3.0244    32.4029    1459.77  0.000e+00
     38.399   67.89816 -168.23366     3.0245    32.4026    1459.77  0.000e+00
     38.391   67.89816 -168.23366     3.0248    32.4023    1459.77  0.000e+00
     38.515   67.89816 -168.23366     3.0250    32.4020    1459.78  0.000e+00
     38.515   67.89816 -168.23366     3.0250    32.4018    1459.77  0.000e+00
     38.515   67.89816 -168.23366     3.0256    32.4011    1459.78  0.000e+00
     38.561   67.89816 -168.23366     3.0258    32.4014    1459.78  0.000e+00
     38.569   67.89816 -168.23366     3.0256    32.4014    1459.78  0.000e+00
     38.630   67.89816 -168.23366     3.0255    32.4011    1459.78  0.000e+00
     38.630   67.89816 -168.23366     3.0248    32.4017    1459.78  0.000e+00
     38.615   67.89816 -168.23366     3.0238    32.4025    1459.77  0.000e+00
     38.684   67.89816 -168.23366     3.0231    32.4030    1459.77  0.000e+00
     38.684   67.89816 -168.23366     3.0230    32.4032    1459.77  0.000e+00
     38.738   67.89816 -168.23366     3.0223    32.4037    1459.77  0.000e+00
     38.731   67.89816 -168.23366     3.0218    32.4041    1459.77  0.000e+00
     38.800   67.89816 -168.23366     3.0214    32.4043    1459.77  0.000e+00
     38.800   67.89816 -168.23366     3.0211    32.4045    1459.77  0.000e+00
     38.846   67.89816 -168.23366     3.0206    32.4048    1459.77  0.000e+00
     38.854   67.89816 -168.23366     3.0206    32.4049    1459.77  0.000e+00
     38.854   67.89816 -168.23366     3.0201    32.4050    1459.76  0.000e+00
     38.916   67.89816 -168.23366     3.0200    32.4054    1459.76  0.000e+00
     38.908   67.89816 -168.23366     3.0200    32.4057    1459.76  0.000e+00
     38.970   67.89816 -168.23366     3.0198    32.4057    1459.77  0.000e+00
     38.970   67.89816 -168.23366     3.0198    32.4060    1459.77  0.000e+00
     39.031   67.89816 -168.23366     3.0198    32.4057    1459.77  0.000e+00
     39.016   67.89816 -168.23366     3.0198    32.4060    1459.77  0.000e+00
     39.031   67.89816 -168.23366     3.0200    32.4055    1459.77  0.000e+00
     39.085   67.89816 -168.23366     3.0196    32.4059    1459.77  0.000e+00
     39.139   67.89816 -168.23366     3.0198    32.4056    1459.77  0.000e+00
     39.078   67.89816 -168.23366     3.0198    32.4057    1459.77  0.000e+00
     39.139   67.89816 -168.23366     3.0200    32.4057    1459.77  0.000e+00
     39.201   67.89816 -168.23366     3.0203    32.4053    1459.77  0.000e+00
     39.201   67.89816 -168.23366     3.0204    32.4054    1459.77  0.000e+00
     39.193   67.89816 -168.23366     3.0204    32.4051    1459.77  0.000e+00
     39.255   67.89816 -168.23366     3.0203    32.4053    1459.77  0.000e+00
     39.317   67.89816 -168.23366     3.0200    32.4055    1459.77  0.000e+00
     39.255   67.89816 -168.23366     3.0200    32.4054    1459.77  0.000e+00
     39.363   67.89816 -168.23366     3.0200    32.4054    1459.77  0.000e+00
     39.317   67.89816 -168.23366     3.0198    32.4058    1459.77  0.000e+00
     39.371   67.89816 -168.23366     3.0196    32.4056    1459.77  0.000e+00
     39.309   67.89816 -168.23366     3.0196    32.4058    1459.77  0.000e+00
     39.486   67.89816 -168.23366     3.0195    32.4056    1459.77  0.000e+00
     39.432   67.89816 -168.23366     3.0193    32.4063    1459.77  0.000e+00
     39.432   67.89816 -168.23366     3.0195    32.4059    1459.77  0.000e+00
     39.479   67.89816 -168.23366     3.0193    32.4062    1459.77  0.000e+00
     39.432   67.89816 -168.23366     3.0192    32.4062    1459.77  0.000e+00
     39.540   67.89816 -168.23366     3.0189    32.4063    1459.77  0.000e+00
     39.486   67.89816 -168.23366     3.0190    32.4065    1459.77  0.000e+00
     39.594   67.89816 -168.23366     3.0191    32.4060    1459.77  0.000e+00
     39.540   67.89816 -168.23366     3.0188    32.4065    1459.77  0.000e+00
     39.540   67.89816 -168.23366     3.0189    32.4069    1459.77  0.000e+00
     39.602   67.89816 -168.23366     3.0189    32.4064    1459.77  0.000e+00
     39.594   67.89816 -168.23366     3.0187    32.4068    1459.77  0.000e+00
     39.602   67.89816 -168.23366     3.0191    32.4064    1459.77  0.000e+00
     39.656   67.89816 -168.23366     3.0188    32.4067    1459.77  0.000e+00
     39.656   67.89816 -168.23366     3.0187    32.4067    1459.77  0.000e+00
     39.648   67.89816 -168.23366     3.0186    32.4067    1459.77  0.000e+00
     39.656   67.89816 -168.23366     3.0187    32.4067    1459.77  0.000e+00
     39.717   67.89816 -168.23366     3.0187    32.4065    1459.77  0.000e+00
     39.717   67.89816 -168.23366     3.0186    32.4070    1459.77  0.000e+00
     39.717   67.89816 -168.23366     3.0187    32.4068    1459.77  0.000e+00
     39.764   67.89816 -168.23366     3.0187    32.4069    1459.77  0.000e+00
     39.771   67.89816 -168.23366     3.0187    32.4068    1459.78  0.000e+00
     39.771   67.89816 -168.23366     3.0186    32.4070    1459.77  0.000e+00
     39.771   67.89816 -168.23366     3.0186    32.4070    1459.77  0.000e+00
     39.825   67.89816 -168.23366     3.0183    32.4068    1459.77  0.000e+00
     39.833   67.89816 -168.23366     3.0186    32.4066    1459.78  0.000e+00
     39.833   67.89816 -168.23366     3.0184    32.4069    1459.77  0.000e+00
     39.833   67.89816 -168.23366     3.0184    32.4068    1459.77  0.000e+00
     39.879   67.89816 -168.23366     3.0184    32.4069    1459.78  0.000e+00
     39.887   67.89816 -168.23366     3.0186    32.4068    1459.78  0.000e+00
     39.887   67.89816 -168.23366     3.0186    32.4067    1459.78  0.000e+00
     39.941   67.89816 -168.23366     3.0184    32.4069    1459.78  0.000e+00
     39.879   67.89816 -168.23366     3.0183    32.4073    1459.78  0.000e+00
     39.941   67.89816 -168.23366     3.0183    32.4069    1459.78  0.000e+00
     39.941   67.89816 -168.23366     3.0179    32.4077    1459.78  0.000e+00
     40.003   67.89816 -168.23366     3.0181    32.4074    1459.78  0.000e+00
     39.995   67.89816 -168.23366     3.0183    32.4072    1459.78  0.000e+00
     40.003   67.89816 -168.23366     3.0181    32.4073    1459.78  0.000e+00
     40.003   67.89816 -168.23366     3.0181    32.4069    1459.78  0.000e+00
     40.057   67.89816 -168.23366     3.0178    32.4073    1459.78  0.000e+00
     40.049   67.89816 -168.23366     3.0176    32.4076    1459.78  0.000e+00
     40.057   67.89816 -168.23366     3.0175    32.4080    1459.78  0.000e+00
     40.118   67.89816 -168.23366     3.0178    32.4081    1459.78  0.000e+00
     40.057   67.89816 -168.23366     3.0178    32.4079    1459.78  0.000e+00
     40.111   67.89816 -168.23366     3.0178    32.4075    1459.78  0.000e+00
     40.118   67.89816 -168.23366     3.0179    32.4071    1459.78  0.000e+00
     40.172   67.89816 -168.23366     3.0176    32.4073    1459.78  0.000e+00
     40.172   67.89816 -168.23366     3.0173    32.4072    1459.78  0.000e+00
     40.172   67.89816 -168.23366     3.0170    32.4075    1459.78  0.000e+00
     40.226   67.89816 -168.23366     3.0169    32.4076    1459.78  0.000e+00
     40.234   67.89816 -168.23366     3.0163    32.4075    1459.77  0.000e+00
     40.234   67.89816 -168.23366     3.0159    32.4077    1459.77  0.000e+00
     40.234   67.89816 -168.23366     3.0154    32.4076    1459.77  0.000e+00
     40.280   67.89816 -168.23366     3.0148    32.4083    1459.77  0.000e+00
     40.288   67.89816 -168.23366     3.0145    32.4087    1459.77  0.000e+00
     40.288   67.89816 -168.23366     3.0143    32.4082    1459.77  0.000e+00
     40.342   67.89816 -168.23366     3.0139    32.4079    1459.77  0.000e+00
     40.334   67.89816 -168.23366     3.0135    32.4084    1459.76  0.000e+00
     40.342   67.89816 -168.23366     3.0133    32.4085    1459.76  0.000e+00
     40.403   67.89816 -168.23366     3.0130    32.4089    1459.76  0.000e+00
     40.403   67.89816 -168.23366     3.0128    32.4087    1459.76  0.000e+00
     40.450   67.89816 -168.23366     3.0119    32.4093    1459.76  0.000e+00
     40.403   67.89816 -168.23366     3.0120    32.4095    1459.76  0.000e+00
     40.519   67.89816 -168.23366     3.0115    32.4095    1459.76  0.000e+00
     40.457   67.89816 -168.23366     3.0111    32.4099    1459.76  0.000e+00
     40.519   67.89816 -168.23366     3.0111    32.4100    1459.76  0.000e+00
     40.511   67.89816 -168.23366     3.0113    32.4102    1459.76  0.000e+00
     40.573   67.89816 -168.23366     3.0113    32.4105    1459.76  0.000e+00
     40.573   67.89816 -168.23366     3.0116    32.4098    1459.76  0.000e+00
     40.573   67.89816 -168.23366     3.0115    32.4098    1459.76  0.000e+00
     40.627   67.89816 -168.23366     3.0115    32.4106    1459.76  0.000e+00
     40.635   67.89816 -168.23366     3.0121    32.4104    1459.77  0.000e+00
     40.689   67.89816 -168.23366     3.0117    32.4098    1459.76  0.000e+00
     40.689   67.89816 -168.23366     3.0118    32.4095    1459.76  0.000e+00
     40.681   67.89816 -168.23366     3.0115    32.4099    1459.76  0.000e+00
     40.743   67.89816 -168.23366     3.0111    32.4098    1459.76  0.000e+00
     40.743   67.89816 -168.23366     3.0112    32.4101    1459.76  0.000e+00
     40.743   67.89816 -168.23366     3.0111    32.4103    1459.76  0.000e+00
     40.804   67.89816 -168.23366     3.0110    32.4102    1459.76  0.000e+00
     40.851   67.89816 -168.23366     3.0109    32.4101    1459.76  0.000e+00
     40.804   67.89816 -168.23366     3.0111    32.4100    1459.76  0.000e+00
     40.920   67.89816 -168.23366     3.0106    32.4104    1459.76  0.000e+00
