EcoFOCI/data/1_SampleCollection/2023_SikuliaqDBO_CruiseData/CTD_raw_BottleFile_SKQ23-12S/proc/skq202312s_016svp.cnv
* Sea-Bird SBE 9 Data File:
* FileName = D:\CTD\SKQ202312S\SKQ202312S_016.hex
* Software Version Seasave V 7.26.7.121
* Temperature SN = 6177
* Conductivity SN = 0369
* Number of Bytes Per Scan = 41
* Number of Voltage Words = 4
* Number of Scans Averaged by the Deck Unit = 1
* NMEA Latitude = 64 40.76 N
* NMEA Longitude = 169 06.00 W
* NMEA UTC (Time) = Sep 17 2023  13:39:04
* NMEA baud rate = 4800
** Ship: R/V Sikuliaq
** Station Number: 016
** Station Name: DBO2.2
** Bottom Depth: 45
** Operator: SD
# nquan = 7
# nvalues = 5501                                  
# units = specified
# name 0 = depSM: Depth [salt water, m]
# name 1 = latitude: Latitude [deg]
# name 2 = longitude: Longitude [deg]
# name 3 = t090C: Temperature [ITS-90, deg C]
# name 4 = sal00: Salinity, Practical [PSU]
# name 5 = svCM: Sound Velocity [Chen-Millero, m/s]
# name 6 = flag:  0.000e+00
# span 0 =      1.589,     40.001                 
# span 1 =   64.67940,   64.67944                 
# span 2 = -169.10002, -169.09998                 
# span 3 =     2.5710,     3.0505                 
# span 4 =    32.4382,    32.8462                 
# span 5 =    1457.27,    1460.31                 
# span 6 = 0.0000e+00, 0.0000e+00                 
# interval = seconds: 0.0416667
# start_time = Sep 17 2023 13:42:59 [NMEA time, first data scan]
# bad_flag = -9.990e-29
*END*
[from data line 3283]
     35.367   64.67944 -169.10000     2.9687    32.8383    1460.05  0.000e+00
     35.321   64.67944 -169.10000     2.9694    32.8379    1460.05  0.000e+00
     35.375   64.67944 -169.10000     2.9700    32.8373    1460.05  0.000e+00
     35.367   64.67944 -169.10000     2.9707    32.8367    1460.05  0.000e+00
     35.321   64.67944 -169.10000     2.9704    32.8373    1460.05  0.000e+00
     35.267   64.67944 -169.10000     2.9707    32.8368    1460.05  0.000e+00
     35.306   64.67944 -169.10000     2.9709    32.8367    1460.05  0.000e+00
     35.267   64.67944 -169.10000     2.9716    32.8365    1460.06  0.000e+00
     35.267   64.67944 -169.10000     2.9713    32.8367    1460.06  0.000e+00
     35.252   64.67944 -169.10000     2.9712    32.8366    1460.06  0.000e+00
     35.205   64.67944 -169.10000     2.9711    32.8368    1460.05  0.000e+00
     35.252   64.67944 -169.10000     2.9708    32.8367    1460.05  0.000e+00
     35.205   64.67944 -169.10000     2.9704    32.8368    1460.05  0.000e+00
     35.205   64.67944 -169.10000     2.9701    32.8372    1460.05  0.000e+00
     35.136   64.67944 -169.10000     2.9704    32.8371    1460.05  0.000e+00
     35.151   64.67944 -169.10000     2.9704    32.8355    1460.05  0.000e+00
     35.151   64.67944 -169.10000     2.9700    32.8313    1460.04  0.000e+00
     35.136   64.67944 -169.10000     2.9699    32.8275    1460.04  0.000e+00
     35.151   64.67944 -169.10000     2.9711    32.8243    1460.04  0.000e+00
     35.082   64.67944 -169.10000     2.9718    32.8246    1460.04  0.000e+00
     35.035   64.67944 -169.10000     2.9719    32.8279    1460.04  0.000e+00
     35.089   64.67944 -169.10000     2.9716    32.8309    1460.05  0.000e+00
     35.082   64.67944 -169.10000     2.9714    32.8315    1460.05  0.000e+00
     35.035   64.67944 -169.10000     2.9718    32.8302    1460.05  0.000e+00
     34.974   64.67944 -169.10000     2.9724    32.8287    1460.05  0.000e+00
     35.020   64.67944 -169.10000     2.9724    32.8273    1460.04  0.000e+00
     34.974   64.67944 -169.10000     2.9727    32.8269    1460.04  0.000e+00
     34.966   64.67944 -169.10000     2.9722    32.8277    1460.04  0.000e+00
     34.974   64.67942 -169.10000     2.9719    32.8276    1460.04  0.000e+00
     34.973   64.67942 -169.10000     2.9714    32.8280    1460.04  0.000e+00
     34.966   64.67942 -169.10000     2.9713    32.8288    1460.04  0.000e+00
     34.919   64.67942 -169.10000     2.9711    32.8295    1460.04  0.000e+00
     34.919   64.67942 -169.10000     2.9708    32.8298    1460.04  0.000e+00
     34.904   64.67942 -169.10000     2.9709    32.8299    1460.04  0.000e+00
     34.919   64.67942 -169.10000     2.9709    32.8302    1460.04  0.000e+00
     34.919   64.67942 -169.10000     2.9708    32.8302    1460.04  0.000e+00
     34.850   64.67942 -169.10000     2.9706    32.8304    1460.04  0.000e+00
     34.919   64.67942 -169.10000     2.9705    32.8301    1460.04  0.000e+00
     34.850   64.67942 -169.10000     2.9703    32.8304    1460.04  0.000e+00
     34.865   64.67942 -169.10000     2.9702    32.8302    1460.04  0.000e+00
     34.865   64.67942 -169.10000     2.9703    32.8307    1460.04  0.000e+00
     34.850   64.67942 -169.10000     2.9702    32.8314    1460.04  0.000e+00
     34.865   64.67942 -169.10000     2.9703    32.8322    1460.04  0.000e+00
     34.804   64.67942 -169.10000     2.9703    32.8333    1460.04  0.000e+00
     34.850   64.67942 -169.10000     2.9704    32.8326    1460.04  0.000e+00
     34.865   64.67942 -169.10000     2.9704    32.8334    1460.04  0.000e+00
     34.850   64.67942 -169.10000     2.9704    32.8340    1460.04  0.000e+00
     34.803   64.67942 -169.10000     2.9704    32.8342    1460.04  0.000e+00
     34.803   64.67942 -169.10000     2.9705    32.8338    1460.04  0.000e+00
     34.850   64.67942 -169.10000     2.9704    32.8339    1460.04  0.000e+00
     34.803   64.67942 -169.10000     2.9707    32.8340    1460.04  0.000e+00
     34.865   64.67942 -169.10000     2.9708    32.8342    1460.04  0.000e+00
     34.796   64.67942 -169.10000     2.9706    32.8344    1460.04  0.000e+00
     34.865   64.67942 -169.10000     2.9708    32.8344    1460.04  0.000e+00
     34.796   64.67942 -169.10000     2.9706    32.8345    1460.04  0.000e+00
     34.865   64.67942 -169.10000     2.9707    32.8345    1460.04  0.000e+00
     34.803   64.67942 -169.10000     2.9709    32.8341    1460.04  0.000e+00
     34.904   64.67942 -169.10000     2.9713    32.8343    1460.05  0.000e+00
     34.803   64.67942 -169.10000     2.9717    32.8344    1460.05  0.000e+00
     34.865   64.67942 -169.10000     2.9725    32.8342    1460.05  0.000e+00
     34.850   64.67942 -169.10000     2.9725    32.8340    1460.05  0.000e+00
     34.865   64.67942 -169.10000     2.9724    32.8341    1460.05  0.000e+00
     34.904   64.67942 -169.10000     2.9711    32.8347    1460.05  0.000e+00
     34.865   64.67942 -169.10000     2.9701    32.8350    1460.04  0.000e+00
     34.865   64.67942 -169.10000     2.9699    32.8347    1460.04  0.000e+00
     34.904   64.67942 -169.10000     2.9694    32.8351    1460.04  0.000e+00
     34.919   64.67942 -169.10000     2.9686    32.8349    1460.04  0.000e+00
     34.919   64.67942 -169.10000     2.9681    32.8354    1460.03  0.000e+00
     34.903   64.67942 -169.10000     2.9679    32.8357    1460.03  0.000e+00
     34.919   64.67942 -169.10000     2.9673    32.8360    1460.03  0.000e+00
     34.903   64.67942 -169.10000     2.9672    32.8366    1460.03  0.000e+00
     34.973   64.67942 -169.10000     2.9672    32.8362    1460.03  0.000e+00
     34.973   64.67942 -169.10000     2.9673    32.8366    1460.03  0.000e+00
     34.965   64.67942 -169.10000     2.9675    32.8368    1460.03  0.000e+00
     34.973   64.67942 -169.10000     2.9674    32.8370    1460.03  0.000e+00
     34.973   64.67942 -169.10000     2.9672    32.8370    1460.03  0.000e+00
     34.965   64.67942 -169.10000     2.9667    32.8375    1460.03  0.000e+00
     35.089   64.67942 -169.10000     2.9665    32.8378    1460.03  0.000e+00
     34.965   64.67942 -169.10000     2.9665    32.8377    1460.03  0.000e+00
     35.035   64.67942 -169.10000     2.9664    32.8384    1460.03  0.000e+00
     35.089   64.67942 -169.10000     2.9666    32.8383    1460.03  0.000e+00
     35.019   64.67942 -169.10000     2.9665    32.8380    1460.03  0.000e+00
     35.089   64.67942 -169.10000     2.9663    32.8378    1460.03  0.000e+00
     35.035   64.67942 -169.10000     2.9664    32.8382    1460.03  0.000e+00
     35.135   64.67942 -169.10000     2.9666    32.8380    1460.04  0.000e+00
     35.089   64.67942 -169.10000     2.9665    32.8382    1460.03  0.000e+00
     35.135   64.67942 -169.10000     2.9669    32.8380    1460.04  0.000e+00
     35.088   64.67942 -169.10000     2.9671    32.8387    1460.04  0.000e+00
     35.150   64.67942 -169.10000     2.9673    32.8385    1460.04  0.000e+00
     35.197   64.67942 -169.10000     2.9677    32.8381    1460.04  0.000e+00
     35.150   64.67942 -169.10000     2.9678    32.8380    1460.04  0.000e+00
     35.150   64.67942 -169.10000     2.9677    32.8383    1460.04  0.000e+00
     35.196   64.67942 -169.10000     2.9681    32.8382    1460.04  0.000e+00
     35.204   64.67942 -169.10000     2.9682    32.8378    1460.04  0.000e+00
     35.150   64.67942 -169.10000     2.9685    32.8375    1460.04  0.000e+00
     35.250   64.67942 -169.10000     2.9686    32.8376    1460.04  0.000e+00
     35.204   64.67942 -169.10000     2.9688    32.8375    1460.04  0.000e+00
     35.250   64.67942 -169.10000     2.9687    32.8377    1460.05  0.000e+00
     35.266   64.67942 -169.10000     2.9688    32.8375    1460.05  0.000e+00
     35.266   64.67942 -169.10000     2.9690    32.8372    1460.05  0.000e+00
     35.250   64.67942 -169.10000     2.9686    32.8377    1460.05  0.000e+00
     35.266   64.67942 -169.10000     2.9687    32.8380    1460.05  0.000e+00
     35.320   64.67942 -169.10000     2.9686    32.8374    1460.05  0.000e+00
     35.250   64.67942 -169.10000     2.9684    32.8378    1460.04  0.000e+00
     35.320   64.67942 -169.10000     2.9682    32.8378    1460.04  0.000e+00
     35.304   64.67942 -169.10000     2.9685    32.8377    1460.05  0.000e+00
     35.320   64.67942 -169.10000     2.9682    32.8380    1460.05  0.000e+00
     35.320   64.67942 -169.10000     2.9684    32.8381    1460.05  0.000e+00
     35.304   64.67942 -169.10000     2.9686    32.8377    1460.05  0.000e+00
     35.320   64.67942 -169.10000     2.9684    32.8374    1460.05  0.000e+00
     35.374   64.67942 -169.10000     2.9684    32.8373    1460.05  0.000e+00
     35.304   64.67942 -169.10000     2.9681    32.8374    1460.04  0.000e+00
     35.374   64.67942 -169.10000     2.9675    32.8378    1460.04  0.000e+00
     35.320   64.67942 -169.10000     2.9672    32.8382    1460.04  0.000e+00
     35.420   64.67942 -169.10000     2.9669    32.8380    1460.04  0.000e+00
     35.320   64.67942 -169.10000     2.9670    32.8382    1460.04  0.000e+00
     35.366   64.67942 -169.10000     2.9669    32.8385    1460.04  0.000e+00
     35.435   64.67942 -169.10000     2.9673    32.8377    1460.04  0.000e+00
     35.320   64.67942 -169.10000     2.9672    32.8377    1460.04  0.000e+00
     35.420   64.67942 -169.10000     2.9669    32.8383    1460.04  0.000e+00
     35.374   64.67942 -169.10000     2.9669    32.8383    1460.04  0.000e+00
     35.374   64.67942 -169.10000     2.9669    32.8379    1460.04  0.000e+00
     35.366   64.67942 -169.10000     2.9669    32.8384    1460.04  0.000e+00
     35.435   64.67942 -169.10000     2.9666    32.8387    1460.04  0.000e+00
     35.374   64.67942 -169.10000     2.9669    32.8379    1460.04  0.000e+00
     35.420   64.67942 -169.10000     2.9669    32.8382    1460.04  0.000e+00
     35.374   64.67942 -169.10000     2.9669    32.8385    1460.04  0.000e+00
     35.366   64.67942 -169.10000     2.9670    32.8379    1460.04  0.000e+00
     35.374   64.67942 -169.10000     2.9669    32.8385    1460.04  0.000e+00
     35.435   64.67942 -169.10000     2.9665    32.8386    1460.04  0.000e+00
     35.366   64.67942 -169.10000     2.9665    32.8386    1460.04  0.000e+00
     35.374   64.67942 -169.10000     2.9667    32.8382    1460.04  0.000e+00
     35.435   64.67942 -169.10000     2.9664    32.8386    1460.04  0.000e+00
     35.366   64.67942 -169.10000     2.9666    32.8380    1460.04  0.000e+00
     35.373   64.67942 -169.10000     2.9669    32.8379    1460.04  0.000e+00
     35.373   64.67942 -169.10000     2.9671    32.8379    1460.04  0.000e+00
     35.420   64.67942 -169.10000     2.9679    32.8376    1460.04  0.000e+00
     35.319   64.67942 -169.10000     2.9684    32.8373    1460.04  0.000e+00
     35.420   64.67942 -169.10000     2.9686    32.8373    1460.05  0.000e+00
     35.373   64.67942 -169.10000     2.9684    32.8375    1460.05  0.000e+00
     35.319   64.67942 -169.10000     2.9685    32.8377    1460.05  0.000e+00
     35.420   64.67942 -169.10000     2.9684    32.8378    1460.05  0.000e+00
     35.319   64.67942 -169.10000     2.9680    32.8380    1460.04  0.000e+00
     35.373   64.67942 -169.10000     2.9682    32.8377    1460.05  0.000e+00
     35.366   64.67942 -169.10000     2.9682    32.8378    1460.05  0.000e+00
     35.319   64.67942 -169.10000     2.9681    32.8381    1460.04  0.000e+00
     35.319   64.67942 -169.10000     2.9682    32.8374    1460.04  0.000e+00
     35.366   64.67942 -169.10000     2.9678    32.8373    1460.04  0.000e+00
     35.319   64.67942 -169.10000     2.9672    32.8381    1460.04  0.000e+00
     35.366   64.67942 -169.10000     2.9666    32.8385    1460.04  0.000e+00
     35.319   64.67942 -169.10000     2.9664    32.8390    1460.04  0.000e+00
     35.319   64.67942 -169.10000     2.9666    32.8385    1460.04  0.000e+00
     35.304   64.67942 -169.10000     2.9667    32.8384    1460.04  0.000e+00
     35.265   64.67942 -169.10000     2.9660    32.8389    1460.04  0.000e+00
     35.319   64.67942 -169.10000     2.9659    32.8387    1460.04  0.000e+00
     35.304   64.67942 -169.10000     2.9654    32.8385    1460.03  0.000e+00
     35.265   64.67942 -169.10000     2.9650    32.8389    1460.03  0.000e+00
     35.319   64.67942 -169.10000     2.9647    32.8394    1460.03  0.000e+00
     35.250   64.67942 -169.10000     2.9652    32.8389    1460.03  0.000e+00
     35.319   64.67942 -169.10000     2.9657    32.8385    1460.04  0.000e+00
     35.250   64.67942 -169.10000     2.9660    32.8387    1460.04  0.000e+00
     35.265   64.67942 -169.10000     2.9656    32.8389    1460.03  0.000e+00
     35.265   64.67942 -169.10000     2.9656    32.8381    1460.03  0.000e+00
     35.250   64.67942 -169.10000     2.9652    32.8378    1460.03  0.000e+00
     35.203   64.67942 -169.10000     2.9647    32.8386    1460.03  0.000e+00
     35.265   64.67942 -169.10000     2.9647    32.8385    1460.03  0.000e+00
     35.196   64.67942 -169.10000     2.9649    32.8383    1460.03  0.000e+00
     35.265   64.67942 -169.10000     2.9649    32.8387    1460.03  0.000e+00
     35.203   64.67942 -169.10000     2.9648    32.8388    1460.03  0.000e+00
     35.196   64.67942 -169.10000     2.9648    32.8387    1460.03  0.000e+00
     35.203   64.67942 -169.10000     2.9646    32.8391    1460.03  0.000e+00
     35.196   64.67942 -169.10000     2.9645    32.8388    1460.03  0.000e+00
     35.203   64.67942 -169.10000     2.9646    32.8388    1460.03  0.000e+00
     35.203   64.67942 -169.10000     2.9645    32.8392    1460.03  0.000e+00
     35.250   64.67942 -169.10000     2.9647    32.8388    1460.03  0.000e+00
     35.203   64.67942 -169.10000     2.9647    32.8391    1460.03  0.000e+00
     35.149   64.67942 -169.10000     2.9647    32.8392    1460.03  0.000e+00
     35.250   64.67942 -169.10000     2.9646    32.8392    1460.03  0.000e+00
     35.203   64.67942 -169.10000     2.9643    32.8392    1460.03  0.000e+00
     35.195   64.67942 -169.10000     2.9646    32.8393    1460.03  0.000e+00
     35.203   64.67942 -169.10000     2.9645    32.8394    1460.03  0.000e+00
     35.203   64.67942 -169.10000     2.9646    32.8390    1460.03  0.000e+00
     35.195   64.67942 -169.10000     2.9645    32.8394    1460.03  0.000e+00
     35.203   64.67942 -169.10000     2.9643    32.8395    1460.03  0.000e+00
     35.265   64.67942 -169.10000     2.9644    32.8393    1460.03  0.000e+00
     35.195   64.67942 -169.10000     2.9643    32.8390    1460.03  0.000e+00
     35.265   64.67942 -169.10000     2.9643    32.8393    1460.03  0.000e+00
     35.203   64.67942 -169.10000     2.9643    32.8388    1460.03  0.000e+00
     35.249   64.67942 -169.10000     2.9641    32.8392    1460.03  0.000e+00
     35.203   64.67942 -169.10000     2.9642    32.8391    1460.03  0.000e+00
     35.249   64.67942 -169.10000     2.9639    32.8391    1460.03  0.000e+00
     35.203   64.67942 -169.10000     2.9643    32.8386    1460.03  0.000e+00
     35.265   64.67942 -169.10000     2.9640    32.8393    1460.03  0.000e+00
     35.249   64.67942 -169.10000     2.9640    32.8393    1460.03  0.000e+00
     35.265   64.67942 -169.10000     2.9642    32.8390    1460.03  0.000e+00
     35.203   64.67942 -169.10000     2.9640    32.8392    1460.03  0.000e+00
     35.303   64.67942 -169.10000     2.9641    32.8390    1460.03  0.000e+00
     35.265   64.67942 -169.10000     2.9639    32.8395    1460.03  0.000e+00
     35.249   64.67942 -169.10000     2.9640    32.8393    1460.03  0.000e+00
     35.265   64.67942 -169.10000     2.9639    32.8395    1460.03  0.000e+00
     35.319   64.67942 -169.10000     2.9643    32.8392    1460.03  0.000e+00
     35.303   64.67942 -169.10000     2.9642    32.8390    1460.03  0.000e+00
     35.319   64.67942 -169.10000     2.9640    32.8393    1460.03  0.000e+00
     35.319   64.67942 -169.10000     2.9643    32.8396    1460.03  0.000e+00
