EcoFOCI/data/1_SampleCollection/2023_SikuliaqDBO_CruiseData/CTD_raw_BottleFile_SKQ23-12S/proc/skq202312s_001avg.cnv
* Sea-Bird SBE 9 Data File:
* FileName = D:\CTD\SKQ202312S\SKQ202312S_001.hex
* Software Version Seasave V 7.26.7.121
* Temperature SN = 6177
* Conductivity SN = 0369
* Number of Bytes Per Scan = 41
* Number of Voltage Words = 4
* Number of Scans Averaged by the Deck Unit = 1
* NMEA Latitude = 62 11.69 N
* NMEA Longitude = 174 40.42 W
* NMEA UTC (Time) = Sep 14 2023  13:19:49
* NMEA baud rate = 4800
** Ship: R/V Sikuliaq
** Station Number: 001
** Station Name: Mooring M8
** Bottom Depth: 73
** Operator: SD
# nquan = 25
# nvalues = 68                          
# units = specified
# name 0 = depSM: Depth [salt water, m]
# name 1 = latitude: Latitude [deg]
# name 2 = longitude: Longitude [deg]
# name 3 = prDM: Pressure, Digiquartz [db]
# name 4 = t090C: Temperature [ITS-90, deg C]
# name 5 = t190C: Temperature, 2 [ITS-90, deg C]
# name 6 = potemp090C: Potential Temperature [ITS-90, deg C]
# name 7 = sal00: Salinity, Practical [PSU]
# name 8 = sal11: Salinity, Practical, 2 [PSU]
# name 9 = density00: Density [density, kg/m^3]
# name 10 = sigma-é00: Density [sigma-theta, kg/m^3]
# name 11 = sbox0Mm/Kg: Oxygen, SBE 43 [umol/kg]
# name 12 = sbox1Mm/Kg: Oxygen, SBE 43, 2 [umol/kg]
# name 13 = oxsolMm/Kg: Oxygen Saturation, Garcia & Gordon [umol/kg]
# name 14 = sbeox0PS: Oxygen, SBE 43 [% saturation]
# name 15 = sbeox1PS: Oxygen, SBE 43, 2 [% saturation]
# name 16 = v0: Voltage 0
# name 17 = flECO-AFL: Fluorescence, WET Labs ECO-AFL/FL [mg/m^3]
# name 18 = v1: Voltage 1
# name 19 = CStarAt0: Beam Attenuation, WET Labs C-Star [1/m]
# name 20 = par: PAR/Irradiance, Biospherical/Licor
# name 21 = scan: Scan Count
# name 22 = timeM: Time, Elapsed [minutes]
# name 23 = nbin: number of scans per bin
# name 24 = flag: flag
# span 0 =      0.990,     67.336       
# span 1 =   62.19444,   62.19452       
# span 2 = -174.67424, -174.67401       
# span 3 =      1.000,     68.000       
# span 4 =    -1.5243,     7.7718       
# span 5 =    -1.5231,     7.7717       
# span 6 =    -1.5253,     7.7708       
# span 7 =    30.7763,    31.8385       
# span 8 =    30.7869,    31.8516       
# span 9 =  1023.9955,  1025.9320       
# span 10 =    23.9911,    25.6051      
# span 11 =    280.642,    432.138      
# span 12 =    267.897,    369.329      
# span 13 =  297.41197,  371.41560      
# span 14 =     75.575,    116.942      
# span 15 =     72.140,     99.876      
# span 16 =     0.0701,     0.4061      
# span 17 =     0.0725,     2.0885      
# span 18 =     3.4462,     4.1624      
# span 19 =     0.4965,     1.2519      
# span 20 = -2.295e-08, 1.0710e+00      
# span 21 =       -375,       8150      
# span 22 =    -0.2609,     5.6590      
# span 23 =          1,        766      
# span 24 = 0.0000e+00, 0.0000e+00      
# interval = decibars: 1                
# start_time = Sep 14 2023 13:27:19 [NMEA time, first data scan]
# bad_flag = -9.990e-29
*END*
[from data line 58]
     58.425   62.19450 -174.67408     59.000    -1.5241    -1.5230    -1.5251    31.8383    31.8507  1025.8901    25.6049    281.739    268.718  371.40266     75.858     72.362     0.0731     0.0903     3.4626     1.2330 3.1197e-06       4318     2.9981         76 0.0000e+00
     59.416   62.19450 -174.67408     60.000    -1.5243    -1.5231    -1.5253    31.8381    31.8506  1025.8948    25.6047    281.773    267.897  371.40531     75.867     72.140     0.0727     0.0884     3.4534     1.2436 2.2303e-06       4383     3.0432         49 0.0000e+00
     60.406   62.19450 -174.67406     61.000    -1.5204    -1.5185    -1.5215    31.8369    31.8481  1025.8985    25.6037    281.556    268.884  371.36999     75.816     72.414     0.0726     0.0876     3.4629     1.2326 2.7555e-06       4513     3.1331        264 0.0000e+00
     61.396   62.19452 -174.67404     62.000    -1.5196    -1.5170    -1.5207    31.8352    31.8461  1025.9020    25.6023    282.313    269.425  371.36683     76.020     72.561     0.0738     0.0946     3.4738     1.2201 2.8903e-06       5773     4.0086        238 0.0000e+00
     62.386   62.19452 -174.67404     63.000    -1.5242    -1.5230    -1.5253    31.8372    31.8485  1025.9085    25.6040    280.983    268.532  371.40713     75.653     72.310     0.0725     0.0873     3.4634     1.2320 3.3077e-06       5691     3.9514         51 0.0000e+00
     63.376   62.19452 -174.67404     64.000    -1.5230    -1.5199    -1.5241    31.8370    31.8479  1025.9132    25.6038    280.961    268.443  371.39511     75.650     72.292     0.0725     0.0868     3.4592     1.2369 4.0853e-06       5849     4.0610        131 0.0000e+00
     64.366   62.19452 -174.67404     65.000    -1.5231    -1.5219    -1.5242    31.8371    31.8482  1025.9181    25.6039    280.778    268.514  371.39596     75.601     72.307     0.0738     0.0948     3.4554     1.2413 3.3394e-06       5979     4.1512        134 0.0000e+00
     65.356   62.19452 -174.67404     66.000    -1.5229    -1.5211    -1.5241    31.8371    31.8480  1025.9229    25.6039    280.855    268.495  371.39417     75.622     72.304     0.0731     0.0907     3.4541     1.2428 3.0613e-06       6128     4.2548        139 0.0000e+00
     66.346   62.19452 -174.67404     67.000    -1.5175    -1.5170    -1.5186    31.8363    31.8473  1025.9270    25.6031    280.642    268.576  371.34210     75.575     72.333     0.0724     0.0862     3.4553     1.2413 3.3286e-06       6586     4.5726        307 0.0000e+00
     67.336   62.19452 -174.67401     68.000    -1.5170    -1.5184    -1.5182    31.8365    31.8476  1025.9320    25.6033    280.864    268.087  371.33652     75.636     72.199     0.0732     0.0910     3.4462     1.2519 3.0957e-06       8150     5.6590        766 0.0000e+00
