EcoFOCI/data/1_SampleCollection/2023_SikuliaqDBO_CruiseData/CTD_raw_BottleFile_SKQ23-12S/proc/skq202312s_065.cnv
* Sea-Bird SBE 9 Data File:
* FileName = D:\CTD\SKQ202312S\SKQ202312S_065.hex
* Software Version Seasave V 7.26.7.121
* Temperature SN = 6177
* Conductivity SN = 0369
* Number of Bytes Per Scan = 41
* Number of Voltage Words = 4
* Number of Scans Averaged by the Deck Unit = 1
* NMEA Latitude = 72 05.73 N
* NMEA Longitude = 166 38.74 W
* NMEA UTC (Time) = Sep 28 2023  11:45:18
* NMEA baud rate = 4800
** Ship: R/V Sikuliaq
** Station Number: 065
** Station Name: IC0.2
** Bottom Depth: 46
** Operator: Bern
# nquan = 24
# nvalues = 5154                                  
# units = specified
# name 0 = depSM: Depth [salt water, m]
# name 1 = latitude: Latitude [deg]
# name 2 = longitude: Longitude [deg]
# name 3 = prDM: Pressure, Digiquartz [db]
# name 4 = t090C: Temperature [ITS-90, deg C]
# name 5 = t190C: Temperature, 2 [ITS-90, deg C]
# name 6 = potemp090C: Potential Temperature [ITS-90, deg C]
# name 7 = sal00: Salinity, Practical [PSU]
# name 8 = sal11: Salinity, Practical, 2 [PSU]
# name 9 = density00: Density [density, kg/m^3]
# name 10 = sigma-é00: Density [sigma-theta, kg/m^3]
# name 11 = sbox0Mm/Kg: Oxygen, SBE 43 [umol/kg]
# name 12 = sbox1Mm/Kg: Oxygen, SBE 43, 2 [umol/kg]
# name 13 = oxsolMm/Kg: Oxygen Saturation, Garcia & Gordon [umol/kg]
# name 14 = sbeox0PS: Oxygen, SBE 43 [% saturation]
# name 15 = sbeox1PS: Oxygen, SBE 43, 2 [% saturation]
# name 16 = v0: Voltage 0
# name 17 = flECO-AFL: Fluorescence, WET Labs ECO-AFL/FL [mg/m^3]
# name 18 = v1: Voltage 1
# name 19 = CStarAt0: Beam Attenuation, WET Labs C-Star [1/m]
# name 20 = par: PAR/Irradiance, Biospherical/Licor
# name 21 = scan: Scan Count
# name 22 = timeM: Time, Elapsed [minutes]
# name 23 = flag:  0.000e+00
# span 0 =      2.391,     41.018                 
# span 1 =   72.09544,   72.09544                 
# span 2 = -166.64596, -166.64570                 
# span 3 =      2.415,     41.446                 
# span 4 =    -0.3209,     4.4067                 
# span 5 =    -0.3201,     4.4082                 
# span 6 =    -0.3221,     4.4051                 
# span 7 =    30.8401,    32.3823                 
# span 8 =    30.8552,    32.4209                 
# span 9 =  1024.4885,  1026.1696                 
# span 10 =    24.4653,    26.0028                
# span 11 =    303.785,    347.219                
# span 12 =    286.463,    314.219                
# span 13 =  321.15594,  358.25783                
# span 14 =     88.195,     97.584                
# span 15 =     83.294,     90.578                
# span 16 =     0.0720,     0.1587                
# span 17 =     0.0842,     0.6044                
# span 18 =     3.3004,     4.2503                
# span 19 =     0.4128,     1.4250                
# span 20 = 1.0000e-12, 6.7263e-01                
# span 21 =          1,       5154                
# span 22 =     0.0000,     3.5785                
# span 23 = 0.0000e+00, 0.0000e+00                
# interval = seconds: 0.0416667
# start_time = Sep 28 2023 11:48:51 [NMEA time, first data scan]
# bad_flag = -9.990e-29
*END*
[from data line 4770]
     39.938   72.09544 -166.64592     40.355    -0.3185    -0.3176    -0.3196    32.3365    32.3489  1026.1636    25.9702    317.017    300.641  358.23727     88.494     83.932     0.1074     0.2967     3.3663     1.3458 8.4714e-06       4771     3.3125  0.000e+00
     39.930   72.09544 -166.64592     40.347    -0.3187    -0.3177    -0.3198    32.3370    32.3492  1026.1640    25.9706    317.017    300.681  358.23741     88.494     83.944     0.1062     0.2894     3.3748     1.3357 1.0000e-12       4772     3.3132  0.000e+00
     39.938   72.09544 -166.64592     40.355    -0.3188    -0.3173    -0.3199    32.3368    32.3489  1026.1638    25.9704    317.019    300.498  358.23910     88.494     83.893     0.1074     0.2967     3.3773     1.3328 1.0000e-12       4773     3.3139  0.000e+00
     39.938   72.09544 -166.64592     40.355    -0.3188    -0.3175    -0.3199    32.3369    32.3492  1026.1639    25.9705    317.019    300.478  358.23874     88.494     83.887     0.1062     0.2894     3.3773     1.3328 1.0000e-12       4774     3.3146  0.000e+00
     39.884   72.09544 -166.64592     40.301    -0.3187    -0.3176    -0.3198    32.3367    32.3493  1026.1635    25.9703    317.016    300.675  358.23839     88.493     83.942     0.1074     0.2967     3.3773     1.3328 8.4714e-06       4775     3.3153  0.000e+00
     39.992   72.09544 -166.64592     40.410    -0.3191    -0.3177    -0.3203    32.3370    32.3493  1026.1643    25.9706    317.024    300.465  358.24161     88.494     83.883     0.1160     0.3480     3.3761     1.3342 1.0000e-12       4776     3.3160  0.000e+00
     39.884   72.09544 -166.64592     40.301    -0.3191    -0.3179    -0.3203    32.3371    32.3492  1026.1639    25.9707    317.019    300.657  358.24131     88.493     83.936     0.1197     0.3699     3.3761     1.3342 8.4714e-06       4777     3.3167  0.000e+00
     39.938   72.09544 -166.64592     40.355    -0.3189    -0.3177    -0.3201    32.3371    32.3494  1026.1641    25.9707    316.973    300.469  358.23995     88.481     83.884     0.1209     0.3773     3.3761     1.3342 1.0000e-12       4778     3.3174  0.000e+00
     39.938   72.09544 -166.64592     40.355    -0.3188    -0.3178    -0.3200    32.3369    32.3492  1026.1639    25.9705    316.971    300.662  358.23946     88.480     83.938     0.1184     0.3626     3.3773     1.3328 1.0000e-12       4779     3.3181  0.000e+00
     39.992   72.09544 -166.64592     40.410    -0.3188    -0.3176    -0.3199    32.3366    32.3488  1026.1640    25.9703    316.971    300.662  358.23954     88.480     83.938     0.1197     0.3699     3.3761     1.3342 1.0000e-12       4780     3.3188  0.000e+00
     39.884   72.09544 -166.64592     40.301    -0.3189    -0.3177    -0.3201    32.3376    32.3497  1026.1642    25.9711    316.964    300.683  358.23857     88.478     83.944     0.1184     0.3626     3.3761     1.3342 1.0000e-12       4781     3.3194  0.000e+00
     39.938   72.09544 -166.64592     40.355    -0.3187    -0.3177    -0.3198    32.3370    32.3495  1026.1640    25.9706    316.963    300.681  358.23754     88.478     83.944     0.1184     0.3626     3.3761     1.3342 1.0000e-12       4782     3.3201  0.000e+00
     39.992   72.09544 -166.64592     40.410    -0.3187    -0.3175    -0.3198    32.3371    32.3490  1026.1643    25.9706    316.916    300.674  358.23728     88.465     83.942     0.1197     0.3699     3.3761     1.3342 1.0000e-12       4783     3.3208  0.000e+00
     39.884   72.09544 -166.64592     40.301    -0.3188    -0.3173    -0.3199    32.3375    32.3489  1026.1641    25.9710    316.908    300.659  358.23724     88.463     83.938     0.1184     0.3626     3.3773     1.3328 1.0000e-12       4784     3.3215  0.000e+00
     40.000   72.09544 -166.64592     40.418    -0.3187    -0.3173    -0.3198    32.3374    32.3491  1026.1646    25.9709    316.908    300.652  358.23634     88.463     83.936     0.1197     0.3699     3.3761     1.3342 1.0000e-12       4785     3.3222  0.000e+00
     39.938   72.09544 -166.64592     40.355    -0.3187    -0.3171    -0.3198    32.3379    32.3492  1026.1647    25.9713    316.653    300.663  358.23506     88.393     83.940     0.1184     0.3626     3.3761     1.3342 1.0000e-12       4786     3.3229  0.000e+00
     39.930   72.09544 -166.64592     40.347    -0.3183    -0.3170    -0.3195    32.3372    32.3492  1026.1641    25.9708    316.851    300.676  358.23357     88.448     83.944     0.1197     0.3699     3.3761     1.3342 1.0000e-12       4787     3.3236  0.000e+00
     39.938   72.09544 -166.64592     40.355    -0.3183    -0.3166    -0.3195    32.3375    32.3490  1026.1644    25.9710    317.096    300.686  358.23276     88.517     83.947     0.1184     0.3626     3.3773     1.3328 1.0000e-12       4788     3.3243  0.000e+00
     39.938   72.09544 -166.64592     40.355    -0.3180    -0.3162    -0.3192    32.3373    32.3490  1026.1642    25.9708    316.888    300.665  358.23069     88.459     83.942     0.1197     0.3699     3.3761     1.3342 1.0000e-12       4789     3.3250  0.000e+00
     40.000   72.09544 -166.64592     40.418    -0.3180    -0.3164    -0.3192    32.3375    32.3489  1026.1647    25.9710    316.839    300.648  358.23009     88.446     83.937     0.1184     0.3626     3.3761     1.3342 1.0000e-12       4790     3.3257  0.000e+00
     39.930   72.09544 -166.64592     40.347    -0.3180    -0.3160    -0.3192    32.3374    32.3487  1026.1643    25.9709    316.878    300.649  358.23045     88.457     83.938     0.1197     0.3699     3.3748     1.3357 1.0000e-12       4791     3.3264  0.000e+00
     39.938   72.09544 -166.64592     40.355    -0.3179    -0.3158    -0.3190    32.3374    32.3486  1026.1643    25.9709    316.873    300.654  358.22889     88.456     83.940     0.1197     0.3699     3.3700     1.3415 8.4714e-06       4792     3.3271  0.000e+00
     40.000   72.09544 -166.64592     40.418    -0.3176    -0.3160    -0.3187    32.3371    32.3485  1026.1643    25.9706    316.870    300.663  358.22705     88.455     83.942     0.1184     0.3626     3.3687     1.3429 8.4714e-06       4793     3.3278  0.000e+00
     39.938   72.09544 -166.64592     40.355    -0.3177    -0.3160    -0.3188    32.3375    32.3484  1026.1644    25.9710    316.864    300.665  358.22697     88.453     83.942     0.1197     0.3699     3.3687     1.3429 1.0000e-12       4794     3.3285  0.000e+00
     39.992   72.09544 -166.64592     40.410    -0.3172    -0.3160    -0.3184    32.3368    32.3489  1026.1641    25.9704    316.860    300.668  358.22461     88.453     83.944     0.1184     0.3626     3.3687     1.3429 1.0000e-12       4795     3.3292  0.000e+00
     39.938   72.09544 -166.64592     40.355    -0.3171    -0.3156    -0.3183    32.3369    32.3485  1026.1639    25.9705    316.852    300.665  358.22332     88.451     83.943     0.1197     0.3699     3.3687     1.3429 1.0000e-12       4796     3.3299  0.000e+00
     39.938   72.09544 -166.64592     40.355    -0.3174    -0.3157    -0.3186    32.3370    32.3487  1026.1640    25.9706    317.098    300.665  358.22562     88.519     83.943     0.1184     0.3626     3.3687     1.3429 1.0000e-12       4797     3.3306  0.000e+00
     39.992   72.09544 -166.64592     40.410    -0.3170    -0.3156    -0.3181    32.3369    32.3484  1026.1641    25.9704    316.889    300.666  358.22184     88.462     83.944     0.1197     0.3699     3.3687     1.3429 1.0000e-12       4798     3.3312  0.000e+00
     40.000   72.09544 -166.64592     40.418    -0.3172    -0.3158    -0.3184    32.3369    32.3490  1026.1642    25.9705    316.886    300.664  358.22439     88.460     83.943     0.1184     0.3626     3.3687     1.3429 1.0000e-12       4799     3.3319  0.000e+00
     39.938   72.09544 -166.64592     40.355    -0.3170    -0.3157    -0.3181    32.3371    32.3490  1026.1640    25.9706    316.875    300.657  358.22116     88.458     83.941     0.1197     0.3699     3.3687     1.3429 1.0000e-12       4800     3.3326  0.000e+00
     40.000   72.09544 -166.64592     40.418    -0.3170    -0.3156    -0.3181    32.3366    32.3485  1026.1639    25.9702    316.873    300.656  358.22244     88.457     83.941     0.1184     0.3626     3.3687     1.3429 1.0000e-12       4801     3.3333  0.000e+00
     39.992   72.09544 -166.64592     40.410    -0.3168    -0.3156    -0.3179    32.3364    32.3484  1026.1637    25.9701    316.866    300.869  358.22145     88.455     84.000     0.1148     0.3406     3.3687     1.3429 1.0000e-12       4802     3.3340  0.000e+00
     39.938   72.09544 -166.64592     40.355    -0.3170    -0.3158    -0.3181    32.3370    32.3486  1026.1639    25.9705    316.858    300.889  358.22152     88.453     84.005     0.1148     0.3406     3.3687     1.3429 1.0000e-12       4803     3.3347  0.000e+00
     40.000   72.09544 -166.64592     40.418    -0.3170    -0.3160    -0.3181    32.3370    32.3487  1026.1642    25.9705    316.855    300.911  358.22150     88.452     84.011     0.1136     0.3333     3.3687     1.3429 1.0000e-12       4804     3.3354  0.000e+00
     40.054   72.09544 -166.64592     40.472    -0.3170    -0.3160    -0.3181    32.3366    32.3487  1026.1641    25.9702    316.853    300.709  358.22265     88.451     83.955     0.1148     0.3406     3.3687     1.3429 1.0000e-12       4805     3.3361  0.000e+00
     39.992   72.09544 -166.64592     40.410    -0.3168    -0.3161    -0.3179    32.3363    32.3489  1026.1636    25.9700    316.843    300.693  358.22181     88.449     83.950     0.1136     0.3333     3.3687     1.3429 1.0000e-12       4806     3.3368  0.000e+00
     40.000   72.09544 -166.64592     40.418    -0.3168    -0.3160    -0.3179    32.3364    32.3490  1026.1638    25.9701    316.838    300.895  358.22147     88.447     84.007     0.1136     0.3333     3.3687     1.3429 1.0000e-12       4807     3.3375  0.000e+00
     40.000   72.09544 -166.64592     40.418    -0.3170    -0.3161    -0.3181    32.3365    32.3492  1026.1638    25.9701    316.833    300.907  358.22280     88.446     84.010     0.1148     0.3406     3.3687     1.3429 1.0000e-12       4808     3.3382  0.000e+00
     40.000   72.09544 -166.64592     40.418    -0.3168    -0.3158    -0.3179    32.3367    32.3487  1026.1640    25.9703    316.826    300.695  358.22076     88.444     83.951     0.1136     0.3333     3.3687     1.3429 1.0000e-12       4809     3.3389  0.000e+00
     40.046   72.09544 -166.64592     40.464    -0.3168    -0.3160    -0.3179    32.3366    32.3487  1026.1641    25.9702    316.822    300.676  358.22095     88.443     83.946     0.1148     0.3406     3.3687     1.3429 1.0000e-12       4810     3.3396  0.000e+00
     40.000   72.09544 -166.64592     40.418    -0.3166    -0.3160    -0.3178    32.3363    32.3487  1026.1637    25.9700    317.061    300.651  358.22014     88.510     83.939     0.1136     0.3333     3.3687     1.3429 1.0000e-12       4811     3.3403  0.000e+00
     40.054   72.09544 -166.64592     40.472    -0.3168    -0.3160    -0.3179    32.3363    32.3490  1026.1639    25.9700    316.855    300.628  358.22179     88.452     83.932     0.1148     0.3406     3.3712     1.3400 8.4714e-06       4812     3.3410  0.000e+00
     40.000   72.09544 -166.64592     40.418    -0.3166    -0.3160    -0.3178    32.3362    32.3494  1026.1636    25.9699    316.844    300.819  358.22037     88.449     83.986     0.1136     0.3333     3.3724     1.3386 1.0000e-12       4813     3.3417  0.000e+00
     40.046   72.09544 -166.64592     40.464    -0.3170    -0.3160    -0.3181    32.3367    32.3489  1026.1642    25.9703    317.088    300.603  358.22229     88.517     83.926     0.1148     0.3406     3.3712     1.3400 1.0000e-12       4814     3.3424  0.000e+00
     40.054   72.09544 -166.64592     40.472    -0.3170    -0.3160    -0.3181    32.3362    32.3487  1026.1639    25.9699    316.878    300.794  358.22359     88.458     83.979     0.1136     0.3333     3.3724     1.3386 1.0000e-12       4815     3.3431  0.000e+00
     40.054   72.09544 -166.64592     40.472    -0.3170    -0.3161    -0.3181    32.3368    32.3491  1026.1643    25.9704    316.867    300.573  358.22206     88.455     83.917     0.1136     0.3333     3.3724     1.3386 1.0000e-12       4816     3.3438  0.000e+00
     40.100   72.09544 -166.64592     40.519    -0.3170    -0.3161    -0.3181    32.3364    32.3491  1026.1642    25.9700    317.108    300.542  358.22320     88.522     83.908     0.1148     0.3406     3.3712     1.3400 8.4714e-06       4817     3.3444  0.000e+00
     40.054   72.09544 -166.64592     40.472    -0.3171    -0.3161    -0.3183    32.3367    32.3488  1026.1643    25.9703    316.893    300.537  358.22386     88.462     83.907     0.1136     0.3333     3.3724     1.3386 1.0000e-12       4818     3.3451  0.000e+00
     40.054   72.09544 -166.64592     40.472    -0.3168    -0.3162    -0.3179    32.3361    32.3490  1026.1638    25.9698    316.975    300.534  358.22238     88.485     83.906     0.1148     0.3406     3.3724     1.3386 1.0000e-12       4819     3.3458  0.000e+00
     40.054   72.09544 -166.64592     40.472    -0.3172    -0.3161    -0.3184    32.3368    32.3491  1026.1644    25.9704    316.970    300.529  358.22460     88.483     83.905     0.1136     0.3333     3.3724     1.3386 1.0000e-12       4820     3.3465  0.000e+00
     40.100   72.09544 -166.64592     40.519    -0.3170    -0.3161    -0.3181    32.3369    32.3487  1026.1646    25.9704    316.714    300.748  358.22178     88.413     83.965     0.1148     0.3406     3.3724     1.3386 1.0000e-12       4821     3.3472  0.000e+00
     40.115   72.09544 -166.64592     40.534    -0.3171    -0.3160    -0.3183    32.3371    32.3486  1026.1649    25.9706    316.912    300.522  358.22279     88.468     83.903     0.1136     0.3333     3.3724     1.3386 1.0000e-12       4822     3.3479  0.000e+00
     40.115   72.09544 -166.64592     40.534    -0.3166    -0.3158    -0.3178    32.3368    32.3483  1026.1646    25.9704    316.902    300.704  358.21879     88.466     83.954     0.1148     0.3406     3.3724     1.3386 1.0000e-12       4823     3.3486  0.000e+00
     40.115   72.09544 -166.64592     40.534    -0.3166    -0.3160    -0.3178    32.3371    32.3488  1026.1648    25.9706    316.896    300.725  358.21809     88.465     83.959     0.1123     0.3260     3.3724     1.3386 1.0000e-12       4824     3.3493  0.000e+00
     40.100   72.09544 -166.64592     40.519    -0.3166    -0.3160    -0.3178    32.3370    32.3488  1026.1647    25.9705    316.890    300.713  358.21830     88.463     83.956     0.1136     0.3333     3.3724     1.3386 8.4714e-06       4825     3.3500  0.000e+00
     40.115   72.09544 -166.64592     40.534    -0.3163    -0.3158    -0.3175    32.3370    32.3485  1026.1648    25.9705    316.882    300.730  358.21555     88.461     83.961     0.1148     0.3406     3.3712     1.3400 1.0000e-12       4826     3.3507  0.000e+00
     40.169   72.09544 -166.64592     40.589    -0.3163    -0.3158    -0.3175    32.3371    32.3485  1026.1651    25.9706    316.878    300.718  358.21529     88.460     83.958     0.1099     0.3113     3.3724     1.3386 1.0000e-12       4827     3.3514  0.000e+00
     40.169   72.09544 -166.64592     40.589    -0.3162    -0.3156    -0.3173    32.3365    32.3485  1026.1647    25.9701    316.625    300.729  358.21526     88.390     83.961     0.1099     0.3113     3.3712     1.3400 1.0000e-12       4828     3.3521  0.000e+00
     40.162   72.09544 -166.64592     40.581    -0.3161    -0.3156    -0.3172    32.3367    32.3488  1026.1647    25.9702    316.327    300.741  358.21381     88.307     83.965     0.1087     0.3040     3.3724     1.3386 1.0000e-12       4829     3.3528  0.000e+00
     40.169   72.09544 -166.64592     40.589    -0.3161    -0.3158    -0.3172    32.3364    32.3489  1026.1646    25.9700    316.732    300.754  358.21453     88.420     83.968     0.1087     0.3040     3.3724     1.3386 1.0000e-12       4830     3.3535  0.000e+00
