EcoFOCI/data/1_SampleCollection/2023_SikuliaqDBO_CruiseData/CTD_raw_BottleFile_SKQ23-12S/proc/skq202312s_077.cnv
* Sea-Bird SBE 9 Data File:
* FileName = D:\CTD\SKQ202312S\SKQ202312S_077.hex
* Software Version Seasave V 7.26.7.121
* Temperature SN = 6177
* Conductivity SN = 0369
* Number of Bytes Per Scan = 41
* Number of Voltage Words = 4
* Number of Scans Averaged by the Deck Unit = 1
* NMEA Latitude = 65 46.95 N
* NMEA Longitude = 168 50.45 W
* NMEA UTC (Time) = Oct 03 2023  04:36:08
* NMEA baud rate = 4800
** Ship: R/V Sikuliaq
** Station Number: 077
** Station Name: BS8
** Bottom Depth: 47
** Operator: SD
# nquan = 24
# nvalues = 4966                                  
# units = specified
# name 0 = depSM: Depth [salt water, m]
# name 1 = latitude: Latitude [deg]
# name 2 = longitude: Longitude [deg]
# name 3 = prDM: Pressure, Digiquartz [db]
# name 4 = t090C: Temperature [ITS-90, deg C]
# name 5 = t190C: Temperature, 2 [ITS-90, deg C]
# name 6 = potemp090C: Potential Temperature [ITS-90, deg C]
# name 7 = sal00: Salinity, Practical [PSU]
# name 8 = sal11: Salinity, Practical, 2 [PSU]
# name 9 = density00: Density [density, kg/m^3]
# name 10 = sigma-é00: Density [sigma-theta, kg/m^3]
# name 11 = sbox0Mm/Kg: Oxygen, SBE 43 [umol/kg]
# name 12 = sbox1Mm/Kg: Oxygen, SBE 43, 2 [umol/kg]
# name 13 = oxsolMm/Kg: Oxygen Saturation, Garcia & Gordon [umol/kg]
# name 14 = sbeox0PS: Oxygen, SBE 43 [% saturation]
# name 15 = sbeox1PS: Oxygen, SBE 43, 2 [% saturation]
# name 16 = v0: Voltage 0
# name 17 = flECO-AFL: Fluorescence, WET Labs ECO-AFL/FL [mg/m^3]
# name 18 = v1: Voltage 1
# name 19 = CStarAt0: Beam Attenuation, WET Labs C-Star [1/m]
# name 20 = par: PAR/Irradiance, Biospherical/Licor
# name 21 = scan: Scan Count
# name 22 = timeM: Time, Elapsed [minutes]
# name 23 = flag:  0.000e+00
# span 0 =      2.737,     43.126                 
# span 1 =   65.78198,   65.78216                 
# span 2 = -168.84226, -168.84170                 
# span 3 =      2.764,     43.560                 
# span 4 =     2.8089,     5.7676                 
# span 5 =     2.8092,     5.7722                 
# span 6 =     2.8076,     5.7673                 
# span 7 =    28.3176,    32.9114                 
# span 8 =    28.2585,    32.9230                 
# span 9 =  1022.3250,  1026.4158                 
# span 10 =    22.3085,    26.2122                
# span 11 =    238.650,    296.629                
# span 12 =    229.438,    284.369                
# span 13 =  314.12370,  329.72979                
# span 14 =     72.950,     93.563                
# span 15 =     70.140,     89.588                
# span 16 =     0.1563,     0.4371                
# span 17 =     0.5897,     2.2747                
# span 18 =     3.6752,     3.9731                
# span 19 =     0.6826,     0.9945                
# span 20 = 1.0000e-12, 2.7170e+00                
# span 21 =          1,       4966                
# span 22 =     0.0000,     3.4479                
# span 23 = 0.0000e+00, 0.0000e+00                
# interval = seconds: 0.0416667
# start_time = Oct 03 2023 04:40:00 [NMEA time, first data scan]
# bad_flag = -9.990e-29
*END*
[from data line 3261]
     36.533   65.78202 -168.84214     36.900     3.0667     3.0666     3.0645    32.9090    32.9213  1026.3835    26.2105    240.928    232.019  327.17304     73.639     70.923     0.1832     0.7509     3.7106     0.9561 1.0000e-12       3262     2.2646  0.000e+00
     36.595   65.78202 -168.84214     36.962     3.0665     3.0668     3.0644    32.9091    32.9211  1026.3839    26.2106    240.932    232.024  327.17401     73.640     70.925     0.1807     0.7362     3.7106     0.9561 1.0000e-12       3263     2.2653  0.000e+00
     36.541   65.78202 -168.84214     36.908     3.0666     3.0668     3.0644    32.9091    32.9211  1026.3836    26.2106    240.934    232.026  327.17364     73.641     70.925     0.1819     0.7436     3.7106     0.9561 1.0000e-12       3264     2.2660  0.000e+00
     36.541   65.78202 -168.84214     36.908     3.0668     3.0668     3.0647    32.9094    32.9208  1026.3839    26.2108    240.939    232.030  327.17066     73.643     70.926     0.1819     0.7436     3.7106     0.9561 1.0000e-12       3265     2.2667  0.000e+00
     36.533   65.78202 -168.84214     36.900     3.0667     3.0668     3.0645    32.9102    32.9208  1026.3845    26.2115    240.948    232.034  327.16993     73.646     70.927     0.1819     0.7436     3.7106     0.9561 1.0000e-12       3266     2.2674  0.000e+00
     36.541   65.78202 -168.84214     36.908     3.0671     3.0666     3.0650    32.9100    32.9211  1026.3843    26.2112    240.959    232.038  327.16678     73.650     70.929     0.1807     0.7362     3.7106     0.9561 1.0000e-12       3267     2.2681  0.000e+00
     36.595   65.78202 -168.84214     36.962     3.0675     3.0666     3.0653    32.9102    32.9210  1026.3847    26.2114    240.902    232.044  327.16347     73.633     70.930     0.1819     0.7436     3.7118     0.9548 1.0000e-12       3268     2.2687  0.000e+00
     36.533   65.78202 -168.84214     36.900     3.0675     3.0666     3.0653    32.9105    32.9211  1026.3846    26.2116    240.915    232.046  327.16289     73.638     70.931     0.1832     0.7509     3.7155     0.9509 1.0000e-12       3269     2.2694  0.000e+00
     36.595   65.78202 -168.84214     36.962     3.0678     3.0668     3.0656    32.9105    32.9208  1026.3849    26.2116    240.934    232.051  327.16019     73.644     70.933     0.1819     0.7436     3.7167     0.9496 1.0000e-12       3270     2.2701  0.000e+00
     36.541   65.78202 -168.84214     36.908     3.0676     3.0668     3.0655    32.9103    32.9208  1026.3845    26.2114    240.955    232.053  327.16211     73.650     70.933     0.1832     0.7509     3.7167     0.9496 1.0000e-12       3271     2.2708  0.000e+00
     36.595   65.78202 -168.84214     36.962     3.0676     3.0668     3.0655    32.9098    32.9205  1026.3843    26.2110    240.982    232.059  327.16329     73.658     70.935     0.1856     0.7656     3.7167     0.9496 1.0000e-12       3272     2.2715  0.000e+00
     36.533   65.78202 -168.84214     36.900     3.0678     3.0665     3.0656    32.9098    32.9212  1026.3840    26.2110    241.007    232.062  327.16202     73.666     70.936     0.1905     0.7949     3.7167     0.9496 1.0000e-12       3273     2.2722  0.000e+00
     36.595   65.78202 -168.84214     36.962     3.0678     3.0666     3.0656    32.9096    32.9210  1026.3842    26.2109    241.040    232.067  327.16240     73.676     70.937     0.1905     0.7949     3.7167     0.9496 8.4714e-06       3274     2.2729  0.000e+00
     36.595   65.78202 -168.84214     36.962     3.0678     3.0665     3.0656    32.9102    32.9208  1026.3846    26.2113    241.072    232.072  327.16100     73.686     70.938     0.1917     0.8022     3.7167     0.9496 1.0000e-12       3275     2.2736  0.000e+00
     36.541   65.78202 -168.84214     36.908     3.0678     3.0665     3.0656    32.9102    32.9210  1026.3844    26.2113    241.106    232.074  327.16102     73.697     70.939     0.1905     0.7949     3.7167     0.9496 1.0000e-12       3276     2.2743  0.000e+00
     36.587   65.78202 -168.84214     36.954     3.0679     3.0666     3.0658    32.9104    32.9206  1026.3847    26.2114    241.109    232.078  327.15930     73.698     70.941     0.1917     0.8022     3.7155     0.9509 1.0000e-12       3277     2.2750  0.000e+00
     36.595   65.78202 -168.84214     36.962     3.0679     3.0663     3.0658    32.9101    32.9211  1026.3846    26.2112    241.114    232.084  327.15991     73.699     70.942     0.1905     0.7949     3.7167     0.9496 1.0000e-12       3278     2.2757  0.000e+00
     36.595   65.78202 -168.84214     36.962     3.0681     3.0666     3.0660    32.9100    32.9203  1026.3845    26.2111    241.372    232.087  327.15892     73.778     70.943     0.1905     0.7949     3.7167     0.9496 1.0000e-12       3279     2.2764  0.000e+00
     36.595   65.78202 -168.84214     36.962     3.0678     3.0663     3.0656    32.9102    32.9210  1026.3846    26.2113    241.236    232.091  327.16110     73.736     70.944     0.1905     0.7949     3.7167     0.9496 1.0000e-12       3280     2.2771  0.000e+00
     36.587   65.78202 -168.84214     36.954     3.0679     3.0666     3.0658    32.9100    32.9210  1026.3844    26.2111    241.281    232.093  327.16030     73.750     70.945     0.1905     0.7949     3.7167     0.9496 1.0000e-12       3281     2.2778  0.000e+00
     36.595   65.78202 -168.84214     36.962     3.0679     3.0666     3.0658    32.9097    32.9214  1026.3843    26.2110    241.295    232.073  327.16081     73.754     70.939     0.1905     0.7949     3.7167     0.9496 1.0000e-12       3282     2.2785  0.000e+00
     36.656   65.78202 -168.84214     37.024     3.0681     3.0668     3.0660    32.9093    32.9213  1026.3842    26.2106    241.311    232.076  327.16071     73.759     70.941     0.1917     0.8022     3.7167     0.9496 1.0000e-12       3283     2.2792  0.000e+00
     36.594   65.78202 -168.84214     36.962     3.0678     3.0671     3.0656    32.9095    32.9213  1026.3841    26.2108    241.363    232.269  327.16260     73.775     71.000     0.1905     0.7949     3.7167     0.9496 1.0000e-12       3284     2.2799  0.000e+00
     36.648   65.78202 -168.84214     37.017     3.0676     3.0674     3.0655    32.9092    32.9213  1026.3841    26.2105    241.385    232.099  327.16476     73.781     70.949     0.1905     0.7949     3.7167     0.9496 1.0000e-12       3285     2.2806  0.000e+00
     36.594   65.78202 -168.84214     36.962     3.0678     3.0676     3.0656    32.9089    32.9215  1026.3837    26.2103    241.186    232.098  327.16411     73.720     70.949     0.1905     0.7949     3.7167     0.9496 1.0000e-12       3286     2.2813  0.000e+00
     36.656   65.78202 -168.84214     37.024     3.0675     3.0679     3.0653    32.9090    32.9215  1026.3840    26.2104    241.179    232.100  327.16646     73.717     70.950     0.1905     0.7949     3.7167     0.9496 1.0000e-12       3287     2.2819  0.000e+00
     36.656   65.78202 -168.84214     37.024     3.0673     3.0679     3.0652    32.9093    32.9213  1026.3843    26.2107    241.387    232.102  327.16705     73.781     70.950     0.1905     0.7949     3.7155     0.9509 1.0000e-12       3288     2.2826  0.000e+00
     36.648   65.78202 -168.84214     37.017     3.0675     3.0680     3.0653    32.9090    32.9215  1026.3840    26.2104    241.414    232.102  327.16655     73.789     70.951     0.1905     0.7949     3.7118     0.9548 1.0000e-12       3289     2.2833  0.000e+00
     36.594   65.78202 -168.84214     36.962     3.0671     3.0685     3.0650    32.9098    32.9211  1026.3844    26.2111    241.225    232.100  327.16715     73.732     70.951     0.1905     0.7949     3.7094     0.9575 1.0000e-12       3290     2.2840  0.000e+00
     36.656   65.78202 -168.84214     37.024     3.0671     3.0683     3.0650    32.9096    32.9211  1026.3846    26.2109    241.225    232.082  327.16754     73.731     70.945     0.1905     0.7949     3.7094     0.9575 1.0000e-12       3291     2.2847  0.000e+00
     36.710   65.78202 -168.84214     37.079     3.0671     3.0682     3.0650    32.9093    32.9215  1026.3845    26.2107    241.227    232.061  327.16841     73.732     70.939     0.1917     0.8022     3.7094     0.9575 1.0000e-12       3292     2.2854  0.000e+00
     36.648   65.78202 -168.84214     37.017     3.0671     3.0679     3.0650    32.9098    32.9219  1026.3846    26.2110    241.408    232.060  327.16722     73.787     70.938     0.1905     0.7949     3.7094     0.9575 1.0000e-12       3293     2.2861  0.000e+00
     36.656   65.78202 -168.84214     37.024     3.0670     3.0679     3.0648    32.9105    32.9217  1026.3852    26.2116    241.409    232.255  327.16682     73.788     70.997     0.1917     0.8022     3.7094     0.9575 1.0000e-12       3294     2.2868  0.000e+00
     36.710   65.78202 -168.84214     37.079     3.0671     3.0680     3.0650    32.9097    32.9214  1026.3849    26.2110    241.449    232.278  327.16731     73.800     71.005     0.1905     0.7949     3.7094     0.9575 1.0000e-12       3295     2.2875  0.000e+00
     36.702   65.78202 -168.84214     37.071     3.0673     3.0679     3.0652    32.9098    32.9213  1026.3849    26.2111    241.450    232.105  327.16581     73.801     70.951     0.1917     0.8022     3.7094     0.9575 1.0000e-12       3296     2.2882  0.000e+00
     36.656   65.78202 -168.84214     37.024     3.0671     3.0679     3.0650    32.9102    32.9215  1026.3850    26.2114    241.452    232.296  327.16623     73.801     71.010     0.1905     0.7949     3.7094     0.9575 1.0000e-12       3297     2.2889  0.000e+00
     36.710   65.78202 -168.84214     37.079     3.0675     3.0680     3.0653    32.9098    32.9214  1026.3849    26.2110    241.491    232.316  327.16453     73.813     71.016     0.1832     0.7509     3.7094     0.9575 1.0000e-12       3298     2.2896  0.000e+00
     36.710   65.78202 -168.84214     37.079     3.0673     3.0679     3.0652    32.9097    32.9218  1026.3849    26.2110    241.497    232.141  327.16602     73.815     70.963     0.1783     0.7216     3.7094     0.9575 1.0000e-12       3299     2.2903  0.000e+00
     36.702   65.78202 -168.84214     37.071     3.0673     3.0682     3.0652    32.9097    32.9213  1026.3848    26.2109    241.501    232.330  327.16621     73.816     71.021     0.1783     0.7216     3.7094     0.9575 1.0000e-12       3300     2.2910  0.000e+00
     36.710   65.78202 -168.84214     37.079     3.0673     3.0682     3.0652    32.9097    32.9217  1026.3848    26.2110    241.542    232.348  327.16612     73.829     71.026     0.1783     0.7216     3.7094     0.9575 1.0000e-12       3301     2.2917  0.000e+00
     36.710   65.78202 -168.84214     37.079     3.0675     3.0680     3.0653    32.9093    32.9216  1026.3845    26.2106    241.548    232.366  327.16583     73.830     71.032     0.1795     0.7289     3.7094     0.9575 1.0000e-12       3302     2.2924  0.000e+00
     36.772   65.78202 -168.84214     37.141     3.0671     3.0679     3.0650    32.9097    32.9218  1026.3852    26.2110    241.557    232.384  327.16739     73.833     71.037     0.1783     0.7216     3.7094     0.9575 1.0000e-12       3303     2.2931  0.000e+00
     36.702   65.78202 -168.84214     37.071     3.0673     3.0680     3.0652    32.9099    32.9215  1026.3850    26.2111    241.559    232.397  327.16561     73.834     71.041     0.1783     0.7216     3.7094     0.9575 1.0000e-12       3304     2.2938  0.000e+00
     36.772   65.78202 -168.84214     37.141     3.0675     3.0680     3.0653    32.9100    32.9218  1026.3854    26.2112    241.566    232.412  327.16401     73.836     71.046     0.1783     0.7216     3.7094     0.9575 1.0000e-12       3305     2.2944  0.000e+00
     36.710   65.78202 -168.84214     37.079     3.0675     3.0677     3.0653    32.9103    32.9221  1026.3853    26.2114    241.569    232.425  327.16333     73.837     71.049     0.1783     0.7216     3.7094     0.9575 1.0000e-12       3306     2.2951  0.000e+00
     36.772   65.78202 -168.84214     37.141     3.0676     3.0679     3.0655    32.9097    32.9216  1026.3851    26.2110    241.143    232.439  327.16342     73.707     71.054     0.1770     0.7143     3.7094     0.9575 1.0000e-12       3307     2.2958  0.000e+00
     36.764   65.78202 -168.84214     37.133     3.0676     3.0680     3.0655    32.9096    32.9216  1026.3850    26.2109    241.516    232.449  327.16371     73.821     71.057     0.1783     0.7216     3.7094     0.9575 1.0000e-12       3308     2.2965  0.000e+00
     36.772   65.78202 -168.84214     37.141     3.0678     3.0679     3.0656    32.9097    32.9214  1026.3851    26.2109    241.307    232.461  327.16234     73.757     71.060     0.1783     0.7216     3.7179     0.9482 1.0000e-12       3309     2.2972  0.000e+00
     36.772   65.78202 -168.84214     37.141     3.0676     3.0680     3.0655    32.9103    32.9213  1026.3856    26.2114    241.499    232.446  327.16202     73.816     71.056     0.1783     0.7216     3.7253     0.9404 1.0000e-12       3310     2.2979  0.000e+00
     36.826   65.78202 -168.84214     37.196     3.0676     3.0679     3.0655    32.9102    32.9215  1026.3858    26.2113    241.294    232.456  327.16229     73.754     71.059     0.1783     0.7216     3.7265     0.9391 1.0000e-12       3311     2.2986  0.000e+00
     36.764   65.78202 -168.84214     37.133     3.0676     3.0679     3.0655    32.9102    32.9218  1026.3855    26.2113    241.269    232.460  327.16231     73.746     71.060     0.1783     0.7216     3.7253     0.9404 1.0000e-12       3312     2.2993  0.000e+00
     36.772   65.78202 -168.84214     37.141     3.0679     3.0682     3.0658    32.9099    32.9213  1026.3852    26.2110    241.246    232.465  327.16055     73.739     71.062     0.1795     0.7289     3.7253     0.9404 1.0000e-12       3313     2.3000  0.000e+00
     36.826   65.78202 -168.84214     37.196     3.0678     3.0679     3.0656    32.9102    32.9217  1026.3857    26.2113    241.228    232.473  327.16101     73.734     71.064     0.1783     0.7216     3.7253     0.9404 1.0000e-12       3314     2.3007  0.000e+00
     36.772   65.78202 -168.84214     37.141     3.0679     3.0679     3.0658    32.9103    32.9218  1026.3856    26.2114    241.206    232.474  327.15934     73.727     71.065     0.1795     0.7289     3.7253     0.9404 1.0000e-12       3315     2.3014  0.000e+00
     36.818   65.78202 -168.84214     37.188     3.0679     3.0682     3.0658    32.9100    32.9220  1026.3855    26.2111    241.191    232.476  327.16021     73.722     71.066     0.1783     0.7216     3.7253     0.9404 1.0000e-12       3316     2.3021  0.000e+00
     36.826   65.78202 -168.84214     37.196     3.0679     3.0685     3.0658    32.9100    32.9219  1026.3856    26.2112    241.175    232.477  327.16012     73.718     71.066     0.1795     0.7289     3.7253     0.9404 1.0000e-12       3317     2.3028  0.000e+00
     36.826   65.78202 -168.84214     37.196     3.0678     3.0683     3.0656    32.9098    32.9220  1026.3855    26.2110    241.379    232.478  327.16191     73.780     71.067     0.1783     0.7216     3.7253     0.9404 1.0000e-12       3318     2.3035  0.000e+00
     36.772   65.78202 -168.84214     37.141     3.0679     3.0685     3.0658    32.9098    32.9219  1026.3851    26.2110    241.179    232.476  327.16075     73.719     71.066     0.1795     0.7289     3.7253     0.9404 1.0000e-12       3319     2.3042  0.000e+00
     36.818   65.78202 -168.84214     37.188     3.0679     3.0683     3.0658    32.9098    32.9218  1026.3854    26.2110    241.168    232.478  327.16061     73.715     71.066     0.1783     0.7216     3.7253     0.9404 1.0000e-12       3320     2.3049  0.000e+00
