EcoFOCI/data/1_SampleCollection/2023_SikuliaqDBO_CruiseData/CTD_raw_BottleFile_SKQ23-12S/proc/skq202312s_059.ros
* Sea-Bird SBE 9 Data File:
* FileName = D:\CTD\SKQ202312S\SKQ202312S_059.hex
* Software Version Seasave V 7.26.7.121
* Temperature SN = 6177
* Conductivity SN = 0369
* Number of Bytes Per Scan = 41
* Number of Voltage Words = 4
* Number of Scans Averaged by the Deck Unit = 1
* NMEA Latitude = 71 13.10 N
* NMEA Longitude = 164 14.82 W
* NMEA UTC (Time) = Sep 27 2023  16:34:29
* NMEA baud rate = 4800
** Ship: R/V Sikuliaq
** Station Number: 059
** Station Name: C2
** Bottom Depth: 44
** Operator: SD
# nquan = 22
# nvalues = 147                                   
# units = specified
# name 0 = depSM: Depth [salt water, m]
# name 1 = latitude: Latitude [deg]
# name 2 = longitude: Longitude [deg]
# name 3 = prDM: Pressure, Digiquartz [db]
# name 4 = t090C: Temperature [ITS-90, deg C]
# name 5 = t190C: Temperature, 2 [ITS-90, deg C]
# name 6 = potemp090C: Potential Temperature [ITS-90, deg C]
# name 7 = sal00: Salinity, Practical [PSU]
# name 8 = sal11: Salinity, Practical, 2 [PSU]
# name 9 = density00: Density [density, kg/m^3]
# name 10 = sigma-é00: Density [sigma-theta, kg/m^3]
# name 11 = sbox0Mm/Kg: Oxygen, SBE 43 [umol/kg]
# name 12 = sbox1Mm/Kg: Oxygen, SBE 43, 2 [umol/kg]
# name 13 = oxsolMm/Kg: Oxygen Saturation, Garcia & Gordon [umol/kg]
# name 14 = sbeox0PS: Oxygen, SBE 43 [% saturation]
# name 15 = v0: Voltage 0
# name 16 = flECO-AFL: Fluorescence, WET Labs ECO-AFL/FL [mg/m^3]
# name 17 = CStarAt0: Beam Attenuation, WET Labs C-Star [1/m]
# name 18 = par: PAR/Irradiance, Biospherical/Licor
# name 19 = scan: Scan Count
# name 20 = nbf: Bottles Fired
# name 21 = flag:  0.000e+00
# interval = seconds: 0.0416667
# start_time = Sep 27 2023 16:38:23 [NMEA time, first data scan]
# bad_flag = -9.990e-29
*END*
     38.986   71.21830 -164.24704     39.391    -1.0715    -1.0705    -1.0723    32.3970    32.4093  1026.2358    26.0461    276.007    263.409  365.29785     75.557     0.1038     0.2747     1.5758 8.4714e-06       5107          1  0.000e+00
     38.939   71.21830 -164.24704     39.344    -1.0715    -1.0704    -1.0724    32.3972    32.4092  1026.2358    26.0463    276.023    263.404  365.29778     75.561     0.1050     0.2820     1.5758 1.0000e-12       5108          1  0.000e+00
     38.993   71.21830 -164.24704     39.399    -1.0717    -1.0707    -1.0725    32.3972    32.4097  1026.2360    26.0463    276.045    263.405  365.29963     75.567     0.1038     0.2747     1.5758 1.0000e-12       5109          1  0.000e+00
     38.993   71.21830 -164.24704     39.399    -1.0715    -1.0701    -1.0723    32.3965    32.4091  1026.2355    26.0457    276.062    263.367  365.29921     75.572     0.1050     0.2820     1.5758 8.4714e-06       5110          1  0.000e+00
     38.986   71.21830 -164.24704     39.391    -1.0717    -1.0702    -1.0725    32.3972    32.4092  1026.2360    26.0463    276.080    263.363  365.29949     75.576     0.1038     0.2747     1.5254 1.0000e-12       5111          1  0.000e+00
     38.939   71.21830 -164.24704     39.344    -1.0716    -1.0702    -1.0725    32.3971    32.4093  1026.2357    26.0462    276.096    263.357  365.29915     75.581     0.1038     0.2747     1.4861 1.0000e-12       5112          1  0.000e+00
     38.993   71.21830 -164.24704     39.399    -1.0717    -1.0701    -1.0725    32.3972    32.4089  1026.2361    26.0463    275.862    263.355  365.29938     75.517     0.1038     0.2747     1.4801 1.0000e-12       5113          1  0.000e+00
     38.993   71.21830 -164.24704     39.399    -1.0718    -1.0702    -1.0727    32.3970    32.4092  1026.2359    26.0462    275.835    263.352  365.30113     75.509     0.1038     0.2747     1.4831 1.0000e-12       5114          1  0.000e+00
     38.986   71.21830 -164.24704     39.391    -1.0720    -1.0702    -1.0728    32.3973    32.4093  1026.2361    26.0464    275.810    263.348  365.30189     75.502     0.1038     0.2747     1.4846 1.0000e-12       5115          1  0.000e+00
     38.993   71.21830 -164.24704     39.399    -1.0720    -1.0701    -1.0728    32.3973    32.4090  1026.2361    26.0464    276.041    263.344  365.30203     75.565     0.1038     0.2747     1.4846 1.0000e-12       5116          1  0.000e+00
     38.993   71.21830 -164.24704     39.399    -1.0718    -1.0702    -1.0727    32.3970    32.4092  1026.2358    26.0461    276.064    263.566  365.30125     75.572     0.1038     0.2747     1.4846 8.4714e-06       5117          1  0.000e+00
     38.993   71.21830 -164.24704     39.399    -1.0721    -1.0702    -1.0730    32.3977    32.4088  1026.2365    26.0467    276.089    263.593  365.30243     75.578     0.1050     0.2820     1.4846 1.0000e-12       5118          1  0.000e+00
     39.047   71.21830 -164.24704     39.453    -1.0721    -1.0701    -1.0729    32.3975    32.4086  1026.2365    26.0465    276.115    263.392  365.30264     75.585     0.1062     0.2894     1.4846 1.0000e-12       5119          1  0.000e+00
     38.939   71.21830 -164.24704     39.344    -1.0720    -1.0701    -1.0728    32.3974    32.4091  1026.2359    26.0465    275.625    263.607  365.30169     75.451     0.1050     0.2820     1.4846 1.0000e-12       5120          1  0.000e+00
     39.055   71.21830 -164.24704     39.461    -1.0720    -1.0701    -1.0728    32.3974    32.4086  1026.2365    26.0465    275.767    263.410  365.30176     75.490     0.1062     0.2894     1.4831 8.4714e-06       5121          1  0.000e+00
     38.939   71.21830 -164.24704     39.344    -1.0721    -1.0700    -1.0730    32.3971    32.4086  1026.2357    26.0462    275.490    263.397  365.30430     75.414     0.1050     0.2820     1.4846 1.0000e-12       5122          1  0.000e+00
     39.047   71.21830 -164.24704     39.453    -1.0721    -1.0701    -1.0729    32.3971    32.4088  1026.2362    26.0462    275.380    263.393  365.30374     75.384     0.1050     0.2820     1.4831 1.0000e-12       5123          1  0.000e+00
     38.993   71.21830 -164.24704     39.399    -1.0718    -1.0702    -1.0727    32.3972    32.4092  1026.2360    26.0463    275.313    263.352  365.30076     75.366     0.1050     0.2820     1.4846 1.0000e-12       5124          1  0.000e+00
     38.993   71.21830 -164.24704     39.399    -1.0721    -1.0701    -1.0729    32.3972    32.4088  1026.2360    26.0463    275.258    263.342  365.30340     75.350     0.1050     0.2820     1.4846 1.0000e-12       5125          1  0.000e+00
     38.993   71.21830 -164.24704     39.399    -1.0721    -1.0701    -1.0730    32.3968    32.4091  1026.2357    26.0460    275.460    263.301  365.30501     75.405     0.1050     0.2820     1.4846 8.4714e-06       5126          1  0.000e+00
     38.986   71.21830 -164.24704     39.391    -1.0720    -1.0700    -1.0728    32.3970    32.4088  1026.2358    26.0461    275.454    263.290  365.30299     75.404     0.1050     0.2820     1.4831 1.0000e-12       5127          1  0.000e+00
     38.993   71.21830 -164.24704     39.399    -1.0721    -1.0700    -1.0729    32.3971    32.4089  1026.2360    26.0462    275.198    263.279  365.30365     75.334     0.1050     0.2820     1.4846 1.0000e-12       5128          1  0.000e+00
     39.055   71.21830 -164.24704     39.461    -1.0721    -1.0701    -1.0730    32.3972    32.4092  1026.2364    26.0463    275.409    263.272  365.30389     75.392     0.1050     0.2820     1.4846 1.0000e-12       5129          1  0.000e+00
     38.993   71.21830 -164.24704     39.399    -1.0721    -1.0700    -1.0729    32.3972    32.4088  1026.2361    26.0463    275.565    263.227  365.30328     75.435     0.1050     0.2820     1.4846 1.0000e-12       5130          1  0.000e+00
     38.993   71.21830 -164.24704     39.399    -1.0721    -1.0702    -1.0730    32.3971    32.4092  1026.2359    26.0462    275.309    263.216  365.30439     75.364     0.1050     0.2820     1.5300 1.0000e-12       5131          1  0.000e+00
     38.986   71.21830 -164.24704     39.391    -1.0723    -1.0702    -1.0731    32.3975    32.4092  1026.2362    26.0465    275.259    263.204  365.30429     75.351     0.1062     0.2894     1.5912 1.0000e-12       5132          1  0.000e+00
     38.993   71.21830 -164.24704     39.399    -1.0723    -1.0706    -1.0731    32.3977    32.4094  1026.2364    26.0467    275.259    263.195  365.30369     75.351     0.1050     0.2820     1.6067 1.0000e-12       5133          1  0.000e+00
     38.993   71.21830 -164.24704     39.399    -1.0721    -1.0704    -1.0729    32.3973    32.4092  1026.2361    26.0464    275.006    263.409  365.30316     75.282     0.1062     0.2894     1.6036 1.0000e-12       5134          1  0.000e+00
     38.993   71.21830 -164.24704     39.399    -1.0723    -1.0702    -1.0731    32.3976    32.4090  1026.2363    26.0466    275.424    263.200  365.30405     75.396     0.1050     0.2820     1.6005 1.0000e-12       5135          1  0.000e+00
     39.047   71.21830 -164.24704     39.453    -1.0723    -1.0707    -1.0731    32.3974    32.4092  1026.2365    26.0465    275.478    263.192  365.30439     75.411     0.1062     0.2894     1.6005 1.0000e-12       5136          1  0.000e+00
     38.993   71.21830 -164.24704     39.399    -1.0721    -1.0704    -1.0729    32.3972    32.4093  1026.2361    26.0463    275.273    263.175  365.30328     75.355     0.1050     0.2820     1.6005 1.0000e-12       5137          1  0.000e+00
     38.939   71.21830 -164.24704     39.344    -1.0720    -1.0705    -1.0728    32.3973    32.4089  1026.2358    26.0464    275.276    263.162  365.30205     75.356     0.1062     0.2894     1.6005 8.4714e-06       5138          1  0.000e+00
     39.055   71.21830 -164.24704     39.461    -1.0721    -1.0706    -1.0729    32.3970    32.4088  1026.2362    26.0461    275.544    263.154  365.30400     75.429     0.1050     0.2820     1.6005 1.0000e-12       5139          1  0.000e+00
     38.986   71.21830 -164.24704     39.391    -1.0723    -1.0707    -1.0731    32.3976    32.4094  1026.2363    26.0466    275.598    263.138  365.30404     75.443     0.1062     0.2894     1.6005 8.4714e-06       5140          1  0.000e+00
     38.993   71.21830 -164.24704     39.399    -1.0723    -1.0709    -1.0731    32.3974    32.4092  1026.2362    26.0465    275.400    263.160  365.30454     75.389     0.1050     0.2820     1.6005 1.0000e-12       5141          1  0.000e+00
     38.993   71.21830 -164.24704     39.399    -1.0721    -1.0709    -1.0730    32.3975    32.4090  1026.2363    26.0465    275.408    263.181  365.30317     75.392     0.1062     0.2894     1.6005 1.0000e-12       5142          1  0.000e+00
     38.993   71.21830 -164.24704     39.399    -1.0721    -1.0707    -1.0729    32.3973    32.4090  1026.2361    26.0464    275.166    263.169  365.30316     75.325     0.1062     0.2894     1.6005 1.0000e-12       5143          1  0.000e+00
     38.932   71.21830 -164.24704     39.336    -1.0721    -1.0709    -1.0730    32.3972    32.4093  1026.2358    26.0463    275.641    263.383  365.30392     75.455     0.1074     0.2967     1.6005 1.0000e-12       5144          1  0.000e+00
     39.055   71.21830 -164.24704     39.461    -1.0721    -1.0706    -1.0729    32.3972    32.4092  1026.2363    26.0463    275.709    263.179  365.30351     75.474     0.1074     0.2967     1.6005 1.0000e-12       5145          1  0.000e+00
     38.939   71.21830 -164.24704     39.344    -1.0721    -1.0707    -1.0730    32.3971    32.4092  1026.2357    26.0462    275.465    263.196  365.30430     75.407     0.1062     0.2894     1.6005 1.0000e-12       5146          1  0.000e+00
     38.993   71.21830 -164.24704     39.399    -1.0723    -1.0707    -1.0731    32.3973    32.4087  1026.2361    26.0464    275.738    263.189  365.30491     75.482     0.1074     0.2967     1.6005 1.0000e-12       5147          1  0.000e+00
     38.986   71.21830 -164.24704     39.391    -1.0721    -1.0710    -1.0729    32.3972    32.4091  1026.2360    26.0463    275.546    263.180  365.30339     75.429     0.1062     0.2894     1.6005 1.0000e-12       5148          1  0.000e+00
     38.993   71.21830 -164.24704     39.399    -1.0720    -1.0707    -1.0728    32.3969    32.4090  1026.2358    26.0460    275.818    263.167  365.30325     75.504     0.1074     0.2967     1.6005 1.0000e-12       5149          1  0.000e+00
     38.939   71.21830 -164.24704     39.344    -1.0721    -1.0707    -1.0729    32.3971    32.4092  1026.2357    26.0462    275.628    263.187  365.30367     75.452     0.1062     0.2894     1.6005 1.0000e-12       5150          1  0.000e+00
     38.993   71.21830 -164.24704     39.399    -1.0720    -1.0707    -1.0728    32.3971    32.4091  1026.2359    26.0462    275.904    262.955  365.30264     75.527     0.1074     0.2967     1.5712 8.4714e-06       5151          1  0.000e+00
     38.932   71.21830 -164.24704     39.336    -1.0721    -1.0706    -1.0729    32.3970    32.4088  1026.2356    26.0462    275.970    262.913  365.30391     75.545     0.1062     0.2894     1.4997 1.0000e-12       5152          1  0.000e+00
     38.993   71.21830 -164.24704     39.399    -1.0723    -1.0705    -1.0731    32.3973    32.4089  1026.2361    26.0464    275.992    262.910  365.30491     75.551     0.1074     0.2967     1.4756 8.4714e-06       5153          1  0.000e+00
     38.993   71.21830 -164.24704     39.399    -1.0720    -1.0707    -1.0728    32.3971    32.4096  1026.2359    26.0462    275.801    263.100  365.30264     75.499     0.1062     0.2894     1.4786 1.0000e-12       5154          1  0.000e+00
     38.939   71.21830 -164.24704     39.344    -1.0721    -1.0705    -1.0730    32.3976    32.4093  1026.2361    26.0466    275.819    263.126  365.30295     75.504     0.1062     0.2894     1.4816 1.0000e-12       5155          1  0.000e+00
     38.877   71.21830 -164.24704     39.282    -1.0717    -1.0702    -1.0725    32.3977    32.4091  1026.2358    26.0467    275.504    262.922  365.29820     75.419     0.1026     0.2674     1.4876 1.0000e-12       5232          2  0.000e+00
     38.939   71.21830 -164.24704     39.344    -1.0716    -1.0704    -1.0725    32.3973    32.4095  1026.2359    26.0464    275.538    263.154  365.29854     75.428     0.1038     0.2747     1.4861 8.4714e-06       5233          2  0.000e+00
     38.993   71.21830 -164.24704     39.399    -1.0718    -1.0706    -1.0727    32.3973    32.4097  1026.2361    26.0464    275.321    263.159  365.30039     75.368     0.1050     0.2820     1.4846 1.0000e-12       5234          2  0.000e+00
     38.939   71.21830 -164.24704     39.344    -1.0716    -1.0704    -1.0725    32.3971    32.4090  1026.2357    26.0462    275.563    263.160  365.29928     75.435     0.1038     0.2747     1.4846 1.0000e-12       5235          2  0.000e+00
     38.931   71.21830 -164.24704     39.336    -1.0717    -1.0704    -1.0725    32.3973    32.4093  1026.2358    26.0464    275.602    263.161  365.29928     75.446     0.1050     0.2820     1.4861 1.0000e-12       5236          2  0.000e+00
     38.939   71.21830 -164.24704     39.344    -1.0715    -1.0707    -1.0723    32.3972    32.4093  1026.2357    26.0462    275.593    263.166  365.29740     75.443     0.1038     0.2747     1.4846 1.0000e-12       5237          2  0.000e+00
     38.939   71.21830 -164.24704     39.344    -1.0718    -1.0706    -1.0727    32.3973    32.4090  1026.2359    26.0464    275.638    263.169  365.30030     75.455     0.1038     0.2747     1.4846 1.0000e-12       5238          2  0.000e+00
     38.939   71.21830 -164.24704     39.344    -1.0713    -1.0704    -1.0722    32.3969    32.4088  1026.2355    26.0460    275.628    263.170  365.29700     75.453     0.1038     0.2747     1.4846 1.0000e-12       5239          2  0.000e+00
     38.931   71.21830 -164.24704     39.336    -1.0718    -1.0701    -1.0727    32.3975    32.4090  1026.2360    26.0466    275.625    263.170  365.29967     75.452     0.1038     0.2747     1.4846 1.0000e-12       5240          2  0.000e+00
     38.939   71.21830 -164.24704     39.344    -1.0712    -1.0701    -1.0721    32.3971    32.4092  1026.2357    26.0462    275.665    263.172  365.29526     75.464     0.1038     0.2747     1.4861 8.4714e-06       5241          2  0.000e+00
     38.939   71.21830 -164.24704     39.344    -1.0716    -1.0702    -1.0725    32.3978    32.4088  1026.2362    26.0468    275.713    263.144  365.29732     75.476     0.1038     0.2747     1.4861 1.0000e-12       5242          2  0.000e+00
     38.877   71.21830 -164.24704     39.282    -1.0717    -1.0704    -1.0725    32.3978    32.4093  1026.2359    26.0468    275.504    263.144  365.29783     75.419     0.1026     0.2674     1.4846 1.0000e-12       5243          2  0.000e+00
     38.931   71.21830 -164.24704     39.336    -1.0715    -1.0702    -1.0723    32.3970    32.4090  1026.2356    26.0461    275.715    262.921  365.29775     75.477     0.1038     0.2747     1.4846 8.4714e-06       5244          2  0.000e+00
     38.939   71.21830 -164.24704     39.344    -1.0715    -1.0702    -1.0724    32.3976    32.4087  1026.2361    26.0466    275.716    263.119  365.29668     75.477     0.1038     0.2747     1.4846 1.0000e-12       5245          2  0.000e+00
     38.939   71.21830 -164.24704     39.344    -1.0713    -1.0700    -1.0722    32.3978    32.4088  1026.2362    26.0467    275.462    263.151  365.29455     75.408     0.1050     0.2820     1.4861 1.0000e-12       5246          2  0.000e+00
     38.877   71.21830 -164.24704     39.282    -1.0713    -1.0698    -1.0722    32.3975    32.4089  1026.2357    26.0465    275.671    262.958  365.29542     75.465     0.1062     0.2894     1.4861 8.4714e-06       5247          2  0.000e+00
