EcoFOCI/data/1_SampleCollection/2023_SikuliaqDBO_CruiseData/CTD_raw_BottleFile_SKQ23-12S/proc/skq202312s_057.cnv
* Sea-Bird SBE 9 Data File:
* FileName = D:\CTD\SKQ202312S\SKQ202312S_057.hex
* Software Version Seasave V 7.26.7.121
* Temperature SN = 6177
* Conductivity SN = 0369
* Number of Bytes Per Scan = 41
* Number of Voltage Words = 4
* Number of Scans Averaged by the Deck Unit = 1
* NMEA Latitude = 71 20.18 N
* NMEA Longitude = 164 36.58 W
* NMEA UTC (Time) = Sep 27 2023  08:27:58
* NMEA baud rate = 4800
** Ship: R/V Sikuliaq
** Station Number: 057
** Station Name: IC5
** Bottom Depth: 44
** Operator: SS
# nquan = 24
# nvalues = 5121                                  
# units = specified
# name 0 = depSM: Depth [salt water, m]
# name 1 = latitude: Latitude [deg]
# name 2 = longitude: Longitude [deg]
# name 3 = prDM: Pressure, Digiquartz [db]
# name 4 = t090C: Temperature [ITS-90, deg C]
# name 5 = t190C: Temperature, 2 [ITS-90, deg C]
# name 6 = potemp090C: Potential Temperature [ITS-90, deg C]
# name 7 = sal00: Salinity, Practical [PSU]
# name 8 = sal11: Salinity, Practical, 2 [PSU]
# name 9 = density00: Density [density, kg/m^3]
# name 10 = sigma-é00: Density [sigma-theta, kg/m^3]
# name 11 = sbox0Mm/Kg: Oxygen, SBE 43 [umol/kg]
# name 12 = sbox1Mm/Kg: Oxygen, SBE 43, 2 [umol/kg]
# name 13 = oxsolMm/Kg: Oxygen Saturation, Garcia & Gordon [umol/kg]
# name 14 = sbeox0PS: Oxygen, SBE 43 [% saturation]
# name 15 = sbeox1PS: Oxygen, SBE 43, 2 [% saturation]
# name 16 = v0: Voltage 0
# name 17 = flECO-AFL: Fluorescence, WET Labs ECO-AFL/FL [mg/m^3]
# name 18 = v1: Voltage 1
# name 19 = CStarAt0: Beam Attenuation, WET Labs C-Star [1/m]
# name 20 = par: PAR/Irradiance, Biospherical/Licor
# name 21 = scan: Scan Count
# name 22 = timeM: Time, Elapsed [minutes]
# name 23 = flag:  0.000e+00
# span 0 =      2.121,     38.841                 
# span 1 =   71.33624,   71.33640                 
# span 2 = -164.61044, -164.61020                 
# span 3 =      2.143,     39.245                 
# span 4 =    -1.2715,     3.4471                 
# span 5 =    -1.2704,     3.4486                 
# span 6 =    -1.2723,     3.4459                 
# span 7 =    30.6016,    32.4982                 
# span 8 =    30.6134,    32.5263                 
# span 9 =  1024.4011,  1026.2900                 
# span 10 =    24.3907,    26.1332                
# span 11 =    258.029,    379.746                
# span 12 =    245.394,    358.171                
# span 13 =  329.09100,  367.09031                
# span 14 =     70.292,    106.033                
# span 15 =     66.859,     99.274                
# span 16 =     0.0647,     0.1868                
# span 17 =     0.0403,     0.7729                
# span 18 =     2.6874,     4.2943                
# span 19 =     0.3716,     2.2471                
# span 20 = 1.0000e-12, 1.3835e+00                
# span 21 =          1,       5121                
# span 22 =     0.0000,     3.5556                
# span 23 = 0.0000e+00, 0.0000e+00                
# interval = seconds: 0.0416667
# start_time = Sep 27 2023 08:31:38 [NMEA time, first data scan]
# bad_flag = -9.990e-29
*END*
[from data line 3321]
     33.753   71.33632 -164.61042     34.104    -1.2683    -1.2669    -1.2690    32.4572    32.4702  1026.2652    26.1007    260.808    247.496  367.05580     71.054     67.437     0.1172     0.3553     3.1465     1.6160 1.0000e-12       3322     2.3062  0.000e+00
     33.745   71.33632 -164.61042     34.096    -1.2684    -1.2669    -1.2691    32.4576    32.4700  1026.2654    26.1010    260.792    247.504  367.05581     71.050     67.439     0.1148     0.3406     3.1465     1.6160 1.0000e-12       3323     2.3069  0.000e+00
     33.753   71.33632 -164.61042     34.104    -1.2684    -1.2668    -1.2691    32.4574    32.4701  1026.2653    26.1009    260.778    247.478  367.05632     71.046     67.432     0.1148     0.3406     3.1453     1.6175 1.0000e-12       3324     2.3076  0.000e+00
     33.799   71.33632 -164.61042     34.151    -1.2686    -1.2669    -1.2693    32.4577    32.4704  1026.2658    26.1011    260.769    247.487  367.05719     71.043     67.434     0.1148     0.3406     3.1465     1.6160 1.0000e-12       3325     2.3083  0.000e+00
     33.699   71.33632 -164.61042     34.049    -1.2684    -1.2666    -1.2691    32.4574    32.4700  1026.2651    26.1009    260.754    247.488  367.05635     71.039     67.435     0.1160     0.3480     3.1465     1.6160 1.0000e-12       3326     2.3090  0.000e+00
     33.753   71.33632 -164.61042     34.104    -1.2683    -1.2666    -1.2690    32.4574    32.4701  1026.2653    26.1009    260.747    247.464  367.05518     71.038     67.429     0.1148     0.3406     3.1453     1.6175 1.0000e-12       3327     2.3097  0.000e+00
     33.745   71.33632 -164.61042     34.096    -1.2683    -1.2668    -1.2690    32.4573    32.4701  1026.2652    26.1008    260.997    247.437  367.05566     71.106     67.421     0.1148     0.3406     3.1453     1.6175 8.4714e-06       3328     2.3104  0.000e+00
     33.753   71.33632 -164.61042     34.104    -1.2684    -1.2669    -1.2691    32.4574    32.4704  1026.2653    26.1008    260.734    247.409  367.05657     71.034     67.413     0.1160     0.3480     3.1477     1.6144 1.0000e-12       3329     2.3111  0.000e+00
     33.745   71.33632 -164.61042     34.096    -1.2684    -1.2669    -1.2691    32.4576    32.4700  1026.2654    26.1010    260.727    247.380  367.05594     71.032     67.405     0.1148     0.3406     3.1502     1.6113 1.0000e-12       3330     2.3118  0.000e+00
     33.753   71.33632 -164.61042     34.104    -1.2686    -1.2670    -1.2693    32.4576    32.4700  1026.2654    26.1010    260.469    247.577  367.05760     70.961     67.458     0.1160     0.3480     3.1502     1.6113 1.0000e-12       3331     2.3125  0.000e+00
     33.753   71.33632 -164.61042     34.104    -1.2684    -1.2668    -1.2691    32.4577    32.4700  1026.2656    26.1011    260.419    247.605  367.05546     70.948     67.467     0.1148     0.3406     3.1502     1.6113 8.4714e-06       3332     2.3132  0.000e+00
     33.745   71.33632 -164.61042     34.096    -1.2684    -1.2669    -1.2691    32.4575    32.4704  1026.2653    26.1009    260.374    247.406  367.05619     70.936     67.413     0.1148     0.3406     3.1502     1.6113 8.4714e-06       3333     2.3139  0.000e+00
     33.753   71.33632 -164.61042     34.104    -1.2684    -1.2670    -1.2691    32.4574    32.4699  1026.2653    26.1008    260.591    247.374  367.05657     70.995     67.403     0.1148     0.3406     3.1502     1.6113 1.0000e-12       3334     2.3146  0.000e+00
     33.745   71.33632 -164.61042     34.096    -1.2683    -1.2670    -1.2690    32.4575    32.4699  1026.2653    26.1009    260.599    247.369  367.05504     70.997     67.402     0.1160     0.3480     3.1502     1.6113 8.4714e-06       3335     2.3153  0.000e+00
     33.699   71.33632 -164.61042     34.049    -1.2684    -1.2666    -1.2691    32.4575    32.4698  1026.2651    26.1009    260.611    247.361  367.05623     71.000     67.400     0.1172     0.3553     3.1502     1.6113 1.0000e-12       3336     2.3160  0.000e+00
     33.753   71.33632 -164.61042     34.104    -1.2683    -1.2670    -1.2690    32.4574    32.4704  1026.2653    26.1009    260.626    247.361  367.05518     71.005     67.400     0.1148     0.3406     3.1502     1.6113 1.0000e-12       3337     2.3167  0.000e+00
     33.745   71.33632 -164.61042     34.096    -1.2683    -1.2668    -1.2690    32.4575    32.4701  1026.2654    26.1010    261.154    247.355  367.05492     71.148     67.399     0.1160     0.3480     3.1502     1.6113 1.0000e-12       3338     2.3174  0.000e+00
     33.699   71.33632 -164.61042     34.049    -1.2686    -1.2669    -1.2693    32.4576    32.4702  1026.2652    26.1010    260.753    247.577  367.05751     71.039     67.459     0.1148     0.3406     3.1502     1.6113 1.0000e-12       3339     2.3181  0.000e+00
     33.745   71.33632 -164.61042     34.096    -1.2683    -1.2669    -1.2690    32.4572    32.4700  1026.2651    26.1007    260.770    247.605  367.05579     71.044     67.467     0.1160     0.3480     3.1502     1.6113 1.0000e-12       3340     2.3188  0.000e+00
     33.753   71.33632 -164.61042     34.104    -1.2683    -1.2670    -1.2690    32.4576    32.4700  1026.2655    26.1010    260.787    247.632  367.05469     71.049     67.473     0.1148     0.3406     3.1502     1.6113 1.0000e-12       3341     2.3194  0.000e+00
     33.699   71.33632 -164.61042     34.049    -1.2684    -1.2668    -1.2691    32.4577    32.4697  1026.2653    26.1011    260.756    247.652  367.05548     71.040     67.479     0.1148     0.3406     3.1502     1.6113 1.0000e-12       3342     2.3201  0.000e+00
     33.745   71.33632 -164.61042     34.096    -1.2683    -1.2671    -1.2690    32.4575    32.4700  1026.2654    26.1010    260.777    247.451  367.05492     71.046     67.424     0.1148     0.3406     3.1502     1.6113 1.0000e-12       3343     2.3208  0.000e+00
     33.753   71.33632 -164.61042     34.104    -1.2684    -1.2672    -1.2691    32.4572    32.4704  1026.2651    26.1007    260.801    247.442  367.05707     71.052     67.422     0.1160     0.3480     3.1502     1.6113 1.0000e-12       3344     2.3215  0.000e+00
     33.745   71.33632 -164.61042     34.096    -1.2684    -1.2674    -1.2691    32.4573    32.4703  1026.2652    26.1008    260.825    247.434  367.05680     71.059     67.419     0.1172     0.3553     3.1502     1.6113 1.0000e-12       3345     2.3222  0.000e+00
     33.753   71.33632 -164.61042     34.104    -1.2684    -1.2670    -1.2691    32.4576    32.4699  1026.2654    26.1010    260.851    247.423  367.05595     71.066     67.417     0.1148     0.3406     3.1502     1.6113 8.4714e-06       3346     2.3229  0.000e+00
     33.753   71.33632 -164.61042     34.104    -1.2684    -1.2670    -1.2691    32.4572    32.4700  1026.2652    26.1007    260.880    247.414  367.05694     71.073     67.414     0.1136     0.3333     3.1502     1.6113 8.4714e-06       3347     2.3236  0.000e+00
     33.799   71.33632 -164.61042     34.151    -1.2686    -1.2670    -1.2693    32.4579    32.4697  1026.2659    26.1012    260.912    247.407  367.05682     71.082     67.412     0.1111     0.3187     3.1502     1.6113 1.0000e-12       3348     2.3243  0.000e+00
     33.753   71.33632 -164.61042     34.104    -1.2686    -1.2669    -1.2693    32.4577    32.4697  1026.2655    26.1011    260.893    247.395  367.05735     71.077     67.409     0.1099     0.3113     3.1502     1.6113 1.0000e-12       3349     2.3250  0.000e+00
     33.745   71.33632 -164.61042     34.096    -1.2684    -1.2669    -1.2691    32.4571    32.4701  1026.2650    26.1006    260.925    247.385  367.05730     71.086     67.407     0.1099     0.3113     3.1502     1.6113 1.0000e-12       3350     2.3257  0.000e+00
     33.815   71.33632 -164.61042     34.166    -1.2688    -1.2669    -1.2695    32.4576    32.4698  1026.2658    26.1010    260.707    247.411  367.05924     71.026     67.414     0.1111     0.3187     3.1514     1.6098 1.0000e-12       3351     2.3264  0.000e+00
     33.753   71.33632 -164.61042     34.104    -1.2688    -1.2669    -1.2695    32.4579    32.4702  1026.2657    26.1013    260.950    247.400  367.05826     71.092     67.411     0.1099     0.3113     3.1514     1.6098 1.0000e-12       3352     2.3271  0.000e+00
     33.745   71.33632 -164.61042     34.096    -1.2686    -1.2669    -1.2693    32.4576    32.4703  1026.2654    26.1010    260.939    247.619  367.05759     71.089     67.471     0.1099     0.3113     3.1502     1.6113 1.0000e-12       3353     2.3278  0.000e+00
     33.753   71.33632 -164.61042     34.104    -1.2686    -1.2666    -1.2693    32.4579    32.4699  1026.2657    26.1013    260.211    247.608  367.05661     70.891     67.468     0.1111     0.3187     3.1502     1.6113 1.0000e-12       3354     2.3285  0.000e+00
     33.753   71.33632 -164.61042     34.104    -1.2686    -1.2670    -1.2693    32.4577    32.4701  1026.2655    26.1011    260.883    247.403  367.05735     71.074     67.411     0.1099     0.3113     3.1502     1.6113 1.0000e-12       3355     2.3292  0.000e+00
     33.799   71.33632 -164.61042     34.150    -1.2684    -1.2672    -1.2691    32.4580    32.4701  1026.2660    26.1013    260.933    247.394  367.05479     71.088     67.409     0.1111     0.3187     3.1502     1.6113 1.0000e-12       3356     2.3299  0.000e+00
     33.753   71.33632 -164.61042     34.104    -1.2683    -1.2670    -1.2690    32.4574    32.4702  1026.2653    26.1009    260.984    247.412  367.05518     71.102     67.414     0.1099     0.3113     3.1502     1.6113 1.0000e-12       3357     2.3306  0.000e+00
     33.799   71.33632 -164.61042     34.150    -1.2683    -1.2670    -1.2690    32.4574    32.4703  1026.2655    26.1009    260.990    247.403  367.05526     71.104     67.411     0.1111     0.3187     3.1502     1.6113 1.0000e-12       3358     2.3312  0.000e+00
     33.753   71.33632 -164.61042     34.104    -1.2683    -1.2672    -1.2690    32.4573    32.4702  1026.2652    26.1008    261.043    247.620  367.05568     71.118     67.470     0.1099     0.3113     3.1514     1.6098 1.0000e-12       3359     2.3319  0.000e+00
     33.815   71.33632 -164.61042     34.166    -1.2682    -1.2670    -1.2689    32.4573    32.4697  1026.2655    26.1007    261.050    247.641  367.05401     71.120     67.476     0.1099     0.3113     3.1502     1.6113 1.0000e-12       3360     2.3326  0.000e+00
     33.799   71.33632 -164.61042     34.150    -1.2683    -1.2672    -1.2690    32.4570    32.4701  1026.2652    26.1006    261.057    247.465  367.05638     71.122     67.428     0.1099     0.3113     3.1514     1.6098 1.0000e-12       3361     2.3333  0.000e+00
     33.815   71.33632 -164.61042     34.166    -1.2683    -1.2672    -1.2690    32.4571    32.4701  1026.2654    26.1006    261.114    247.454  367.05616     71.137     67.425     0.1099     0.3113     3.1502     1.6113 1.0000e-12       3362     2.3340  0.000e+00
     33.799   71.33632 -164.61042     34.150    -1.2683    -1.2672    -1.2690    32.4574    32.4701  1026.2655    26.1009    261.121    247.441  367.05526     71.139     67.421     0.1111     0.3187     3.1502     1.6113 8.4714e-06       3363     2.3347  0.000e+00
     33.815   71.33632 -164.61042     34.166    -1.2684    -1.2674    -1.2691    32.4574    32.4701  1026.2656    26.1008    261.131    247.432  367.05655     71.142     67.418     0.1099     0.3113     3.1502     1.6113 1.0000e-12       3364     2.3354  0.000e+00
     33.869   71.33632 -164.61042     34.221    -1.2683    -1.2669    -1.2690    32.4575    32.4697  1026.2660    26.1010    261.139    247.419  367.05489     71.144     67.415     0.1111     0.3187     3.1514     1.6098 1.0000e-12       3365     2.3361  0.000e+00
     33.799   71.33632 -164.61042     34.150    -1.2684    -1.2672    -1.2691    32.4575    32.4699  1026.2656    26.1009    261.146    247.407  367.05628     71.146     67.412     0.1099     0.3113     3.1514     1.6098 1.0000e-12       3366     2.3368  0.000e+00
     33.815   71.33632 -164.61042     34.166    -1.2684    -1.2675    -1.2691    32.4575    32.4701  1026.2657    26.1010    261.155    247.137  367.05606     71.148     67.338     0.1099     0.3113     3.1514     1.6098 1.0000e-12       3367     2.3375  0.000e+00
     33.799   71.33632 -164.61042     34.150    -1.2683    -1.2672    -1.2690    32.4570    32.4698  1026.2652    26.1006    261.162    247.092  367.05638     71.150     67.326     0.1099     0.3113     3.1502     1.6113 1.0000e-12       3368     2.3382  0.000e+00
     33.869   71.33632 -164.61042     34.221    -1.2682    -1.2672    -1.2689    32.4571    32.4698  1026.2656    26.1006    261.171    247.052  367.05448     71.153     67.315     0.1099     0.3113     3.1502     1.6113 1.0000e-12       3369     2.3389  0.000e+00
     33.815   71.33632 -164.61042     34.166    -1.2684    -1.2670    -1.2691    32.4576    32.4696  1026.2658    26.1010    261.179    247.236  367.05581     71.155     67.365     0.1099     0.3113     3.1514     1.6098 1.0000e-12       3370     2.3396  0.000e+00
     33.853   71.33632 -164.61042     34.205    -1.2682    -1.2674    -1.2689    32.4570    32.4702  1026.2655    26.1005    261.187    247.230  367.05470     71.158     67.363     0.1099     0.3113     3.1514     1.6098 8.4714e-06       3371     2.3403  0.000e+00
     33.869   71.33632 -164.61042     34.221    -1.2682    -1.2672    -1.2689    32.4574    32.4699  1026.2658    26.1008    261.195    247.220  367.05361     71.160     67.361     0.1123     0.3260     3.1514     1.6098 8.4714e-06       3372     2.3410  0.000e+00
     33.853   71.33632 -164.61042     34.205    -1.2682    -1.2672    -1.2689    32.4573    32.4698  1026.2657    26.1008    260.946    247.211  367.05383     71.092     67.358     0.1148     0.3406     3.1514     1.6098 1.0000e-12       3373     2.3417  0.000e+00
     33.869   71.33632 -164.61042     34.221    -1.2682    -1.2670    -1.2689    32.4573    32.4698  1026.2657    26.1007    260.909    247.201  367.05398     71.082     67.356     0.1172     0.3553     3.1514     1.6098 1.0000e-12       3374     2.3424  0.000e+00
     33.869   71.33632 -164.61042     34.221    -1.2682    -1.2672    -1.2689    32.4568    32.4701  1026.2654    26.1004    260.873    247.193  367.05534     71.072     67.354     0.1172     0.3553     3.1514     1.6098 1.0000e-12       3375     2.3431  0.000e+00
     33.853   71.33632 -164.61042     34.205    -1.2682    -1.2671    -1.2689    32.4573    32.4698  1026.2657    26.1008    261.093    246.956  367.05383     71.132     67.289     0.1172     0.3553     3.1514     1.6098 1.0000e-12       3376     2.3438  0.000e+00
     33.869   71.33632 -164.61042     34.220    -1.2680    -1.2672    -1.2687    32.4571    32.4700  1026.2656    26.1006    260.901    246.917  367.05270     71.080     67.278     0.1160     0.3480     3.1514     1.6098 1.0000e-12       3377     2.3444  0.000e+00
     33.915   71.33632 -164.61042     34.267    -1.2682    -1.2669    -1.2689    32.4570    32.4697  1026.2657    26.1005    261.131    246.879  367.05481     71.142     67.268     0.1172     0.3553     3.1514     1.6098 1.0000e-12       3378     2.3451  0.000e+00
     33.869   71.33632 -164.61042     34.220    -1.2683    -1.2668    -1.2690    32.4572    32.4699  1026.2657    26.1007    260.892    246.839  367.05600     71.077     67.258     0.1160     0.3480     3.1514     1.6098 8.4714e-06       3379     2.3458  0.000e+00
     33.930   71.33632 -164.61042     34.283    -1.2684    -1.2669    -1.2691    32.4572    32.4701  1026.2660    26.1007    260.816    247.066  367.05688     71.056     67.320     0.1172     0.3553     3.1514     1.6098 1.0000e-12       3380     2.3465  0.000e+00
     33.853   71.33632 -164.61042     34.205    -1.2683    -1.2664    -1.2690    32.4572    32.4696  1026.2656    26.1007    260.990    246.864  367.05598     71.104     67.265     0.1172     0.3553     3.1514     1.6098 1.0000e-12       3381     2.3472  0.000e+00
