EcoFOCI/data/1_SampleCollection/2023_SikuliaqDBO_CruiseData/CTD_raw_BottleFile_SKQ23-12S/proc/skq202312s_009svp.cnv
* Sea-Bird SBE 9 Data File:
* FileName = D:\CTD\SKQ202312S\SKQ202312S_009.hex
* Software Version Seasave V 7.26.7.121
* Temperature SN = 6177
* Conductivity SN = 0369
* Number of Bytes Per Scan = 41
* Number of Voltage Words = 4
* Number of Scans Averaged by the Deck Unit = 1
* NMEA Latitude = 63 01.70 N
* NMEA Longitude = 173 27.64 W
* NMEA UTC (Time) = Sep 16 2023  10:53:46
* NMEA baud rate = 4800
** Ship: R/V Sikuliaq
** Station Number: 009
** Station Name: DBO1.8
** Bottom Depth: 71
** Operator: SD
# nquan = 7
# nvalues = 6445                                  
# units = specified
# name 0 = depSM: Depth [salt water, m]
# name 1 = latitude: Latitude [deg]
# name 2 = longitude: Longitude [deg]
# name 3 = t090C: Temperature [ITS-90, deg C]
# name 4 = sal00: Salinity, Practical [PSU]
# name 5 = svCM: Sound Velocity [Chen-Millero, m/s]
# name 6 = flag:  0.000e+00
# span 0 =      1.077,     66.655                 
# span 1 =   63.02840,   63.02840                 
# span 2 = -173.46060, -173.46058                 
# span 3 =    -1.3989,     7.4412                 
# span 4 =    31.2990,    32.0983                 
# span 5 =    1439.48,    1475.89                 
# span 6 = 0.0000e+00, 0.0000e+00                 
# interval = seconds: 0.0416667
# start_time = Sep 16 2023 10:56:36 [NMEA time, first data scan]
# bad_flag = -9.990e-29
*END*
[from data line 2872]
     34.862   63.02840 -173.46060    -0.9747    31.9870    1441.11  0.000e+00
     34.808   63.02840 -173.46060    -0.9750    31.9870    1441.11  0.000e+00
     34.854   63.02840 -173.46060    -0.9758    31.9878    1441.11  0.000e+00
     35.039   63.02840 -173.46060    -0.9761    31.9869    1441.11  0.000e+00
     34.923   63.02840 -173.46060    -0.9772    31.9872    1441.10  0.000e+00
     34.970   63.02840 -173.46060    -0.9782    31.9874    1441.10  0.000e+00
     35.039   63.02840 -173.46060    -0.9795    31.9868    1441.09  0.000e+00
     34.977   63.02840 -173.46060    -0.9809    31.9871    1441.09  0.000e+00
     35.085   63.02840 -173.46060    -0.9822    31.9874    1441.08  0.000e+00
     35.039   63.02840 -173.46060    -0.9840    31.9885    1441.07  0.000e+00
     35.147   63.02840 -173.46060    -0.9850    31.9890    1441.07  0.000e+00
     35.085   63.02840 -173.46060    -0.9858    31.9885    1441.07  0.000e+00
     35.147   63.02840 -173.46060    -0.9867    31.9892    1441.06  0.000e+00
     35.147   63.02840 -173.46060    -0.9876    31.9889    1441.06  0.000e+00
     35.255   63.02840 -173.46060    -0.9882    31.9898    1441.06  0.000e+00
     35.209   63.02840 -173.46060    -0.9884    31.9902    1441.06  0.000e+00
     35.209   63.02840 -173.46060    -0.9888    31.9903    1441.06  0.000e+00
     35.309   63.02840 -173.46060    -0.9888    31.9907    1441.06  0.000e+00
     35.263   63.02840 -173.46060    -0.9888    31.9907    1441.06  0.000e+00
     35.324   63.02840 -173.46060    -0.9885    31.9903    1441.06  0.000e+00
     35.371   63.02840 -173.46060    -0.9881    31.9908    1441.06  0.000e+00
     35.324   63.02840 -173.46060    -0.9878    31.9914    1441.06  0.000e+00
     35.440   63.02840 -173.46060    -0.9873    31.9909    1441.07  0.000e+00
     35.309   63.02840 -173.46060    -0.9872    31.9919    1441.07  0.000e+00
     35.494   63.02840 -173.46060    -0.9868    31.9917    1441.07  0.000e+00
     35.494   63.02840 -173.46060    -0.9867    31.9918    1441.07  0.000e+00
     35.440   63.02840 -173.46060    -0.9865    31.9915    1441.07  0.000e+00
     35.540   63.02840 -173.46060    -0.9865    31.9908    1441.07  0.000e+00
     35.494   63.02840 -173.46060    -0.9864    31.9906    1441.07  0.000e+00
     35.610   63.02840 -173.46060    -0.9865    31.9906    1441.07  0.000e+00
     35.540   63.02840 -173.46060    -0.9866    31.9904    1441.07  0.000e+00
     35.610   63.02840 -173.46060    -0.9865    31.9909    1441.07  0.000e+00
     35.610   63.02840 -173.46060    -0.9867    31.9908    1441.07  0.000e+00
     35.656   63.02840 -173.46060    -0.9872    31.9907    1441.07  0.000e+00
     35.664   63.02840 -173.46060    -0.9873    31.9905    1441.07  0.000e+00
     35.664   63.02840 -173.46060    -0.9878    31.9913    1441.07  0.000e+00
     35.710   63.02840 -173.46060    -0.9882    31.9919    1441.07  0.000e+00
     35.725   63.02840 -173.46060    -0.9887    31.9909    1441.07  0.000e+00
     35.779   63.02840 -173.46060    -0.9892    31.9918    1441.07  0.000e+00
     35.772   63.02840 -173.46060    -0.9894    31.9909    1441.06  0.000e+00
     35.779   63.02840 -173.46060    -0.9905    31.9912    1441.06  0.000e+00
     35.841   63.02840 -173.46060    -0.9910    31.9917    1441.06  0.000e+00
     35.826   63.02840 -173.46060    -0.9913    31.9918    1441.06  0.000e+00
     35.841   63.02840 -173.46060    -0.9916    31.9912    1441.06  0.000e+00
     35.841   63.02840 -173.46060    -0.9924    31.9915    1441.05  0.000e+00
     35.941   63.02840 -173.46060    -0.9925    31.9913    1441.05  0.000e+00
     35.895   63.02840 -173.46060    -0.9925    31.9903    1441.05  0.000e+00
     35.949   63.02840 -173.46060    -0.9931    31.9903    1441.05  0.000e+00
     35.941   63.02840 -173.46060    -0.9937    31.9911    1441.05  0.000e+00
     35.949   63.02840 -173.46060    -0.9938    31.9913    1441.05  0.000e+00
     36.011   63.02840 -173.46060    -0.9942    31.9914    1441.05  0.000e+00
     36.011   63.02840 -173.46060    -0.9946    31.9908    1441.04  0.000e+00
     36.057   63.02840 -173.46060    -0.9949    31.9902    1441.04  0.000e+00
     36.011   63.02840 -173.46060    -0.9954    31.9902    1441.04  0.000e+00
     36.126   63.02840 -173.46060    -0.9957    31.9897    1441.04  0.000e+00
     36.057   63.02840 -173.46060    -0.9964    31.9899    1441.03  0.000e+00
     36.126   63.02840 -173.46060    -0.9971    31.9902    1441.03  0.000e+00
     36.065   63.02840 -173.46060    -0.9973    31.9901    1441.03  0.000e+00
     36.173   63.02840 -173.46060    -0.9978    31.9895    1441.03  0.000e+00
     36.180   63.02840 -173.46060    -0.9980    31.9891    1441.03  0.000e+00
     36.180   63.02840 -173.46060    -0.9989    31.9891    1441.02  0.000e+00
     36.173   63.02840 -173.46060    -0.9995    31.9893    1441.02  0.000e+00
     36.242   63.02840 -173.46060    -0.9998    31.9901    1441.02  0.000e+00
     36.242   63.02840 -173.46060    -1.0005    31.9908    1441.02  0.000e+00
     36.288   63.02840 -173.46060    -1.0006    31.9900    1441.02  0.000e+00
     36.242   63.02840 -173.46060    -1.0007    31.9899    1441.02  0.000e+00
     36.242   63.02840 -173.46060    -1.0013    31.9898    1441.01  0.000e+00
     36.296   63.02840 -173.46060    -1.0017    31.9902    1441.01  0.000e+00
     36.342   63.02840 -173.46060    -1.0025    31.9903    1441.01  0.000e+00
     36.350   63.02840 -173.46060    -1.0025    31.9902    1441.01  0.000e+00
     36.350   63.02840 -173.46060    -1.0026    31.9904    1441.01  0.000e+00
     36.342   63.02840 -173.46060    -1.0027    31.9910    1441.01  0.000e+00
     36.350   63.02840 -173.46060    -1.0030    31.9912    1441.01  0.000e+00
     36.412   63.02840 -173.46060    -1.0034    31.9911    1441.01  0.000e+00
     36.458   63.02840 -173.46060    -1.0033    31.9910    1441.01  0.000e+00
     36.412   63.02840 -173.46060    -1.0030    31.9915    1441.01  0.000e+00
     36.466   63.02840 -173.46060    -1.0026    31.9914    1441.01  0.000e+00
     36.404   63.02840 -173.46060    -1.0023    31.9910    1441.01  0.000e+00
     36.527   63.02840 -173.46060    -1.0020    31.9911    1441.02  0.000e+00
     36.527   63.02840 -173.46060    -1.0018    31.9910    1441.02  0.000e+00
     36.527   63.02840 -173.46060    -1.0014    31.9902    1441.02  0.000e+00
     36.512   63.02840 -173.46060    -1.0014    31.9904    1441.02  0.000e+00
     36.527   63.02840 -173.46060    -1.0014    31.9898    1441.02  0.000e+00
     36.581   63.02840 -173.46060    -1.0014    31.9893    1441.02  0.000e+00
     36.574   63.02840 -173.46060    -1.0015    31.9898    1441.02  0.000e+00
     36.635   63.02840 -173.46060    -1.0017    31.9897    1441.02  0.000e+00
     36.581   63.02840 -173.46060    -1.0015    31.9890    1441.02  0.000e+00
     36.628   63.02840 -173.46060    -1.0015    31.9890    1441.02  0.000e+00
     36.635   63.02840 -173.46060    -1.0015    31.9889    1441.02  0.000e+00
     36.697   63.02840 -173.46060    -1.0012    31.9886    1441.02  0.000e+00
     36.697   63.02840 -173.46060    -1.0014    31.9891    1441.02  0.000e+00
     36.689   63.02840 -173.46060    -1.0014    31.9892    1441.02  0.000e+00
     36.751   63.02840 -173.46060    -1.0015    31.9891    1441.02  0.000e+00
     36.697   63.02840 -173.46060    -1.0015    31.9887    1441.02  0.000e+00
     36.743   63.02840 -173.46060    -1.0019    31.9890    1441.02  0.000e+00
     36.813   63.02840 -173.46060    -1.0020    31.9886    1441.02  0.000e+00
     36.751   63.02840 -173.46060    -1.0020    31.9882    1441.02  0.000e+00
     36.805   63.02840 -173.46060    -1.0020    31.9885    1441.02  0.000e+00
     36.813   63.02840 -173.46060    -1.0022    31.9886    1441.02  0.000e+00
     36.867   63.02840 -173.46060    -1.0017    31.9882    1441.02  0.000e+00
     36.813   63.02840 -173.46060    -1.0018    31.9885    1441.02  0.000e+00
     36.913   63.02840 -173.46060    -1.0023    31.9887    1441.02  0.000e+00
     36.867   63.02840 -173.46060    -1.0026    31.9885    1441.02  0.000e+00
     36.928   63.02840 -173.46060    -1.0027    31.9878    1441.02  0.000e+00
     36.913   63.02840 -173.46060    -1.0025    31.9873    1441.02  0.000e+00
     36.928   63.02840 -173.46060    -1.0026    31.9879    1441.02  0.000e+00
     36.982   63.02840 -173.46060    -1.0028    31.9874    1441.02  0.000e+00
     36.982   63.02840 -173.46060    -1.0027    31.9871    1441.02  0.000e+00
     36.975   63.02840 -173.46060    -1.0029    31.9872    1441.01  0.000e+00
     37.036   63.02840 -173.46060    -1.0030    31.9876    1441.02  0.000e+00
     36.982   63.02840 -173.46060    -1.0033    31.9885    1441.01  0.000e+00
     37.090   63.02840 -173.46060    -1.0029    31.9881    1441.02  0.000e+00
     37.036   63.02840 -173.46060    -1.0025    31.9878    1441.02  0.000e+00
     37.098   63.02840 -173.46060    -1.0025    31.9876    1441.02  0.000e+00
     37.090   63.02840 -173.46060    -1.0028    31.9873    1441.02  0.000e+00
     37.152   63.02840 -173.46060    -1.0027    31.9874    1441.02  0.000e+00
     37.152   63.02840 -173.46060    -1.0027    31.9864    1441.02  0.000e+00
     37.152   63.02840 -173.46060    -1.0029    31.9867    1441.02  0.000e+00
     37.144   63.02840 -173.46060    -1.0031    31.9874    1441.02  0.000e+00
     37.214   63.02840 -173.46060    -1.0034    31.9877    1441.02  0.000e+00
     37.268   63.02840 -173.46060    -1.0034    31.9867    1441.02  0.000e+00
     37.206   63.02840 -173.46060    -1.0035    31.9867    1441.01  0.000e+00
     37.268   63.02840 -173.46060    -1.0037    31.9866    1441.01  0.000e+00
     37.268   63.02840 -173.46060    -1.0041    31.9863    1441.01  0.000e+00
     37.268   63.02840 -173.46060    -1.0046    31.9863    1441.01  0.000e+00
     37.376   63.02840 -173.46060    -1.0047    31.9866    1441.01  0.000e+00
     37.329   63.02840 -173.46060    -1.0048    31.9863    1441.01  0.000e+00
     37.329   63.02840 -173.46060    -1.0055    31.9874    1441.01  0.000e+00
     37.376   63.02840 -173.46060    -1.0059    31.9873    1441.01  0.000e+00
     37.383   63.02840 -173.46060    -1.0058    31.9867    1441.01  0.000e+00
     37.437   63.02840 -173.46060    -1.0062    31.9866    1441.01  0.000e+00
     37.437   63.02840 -173.46060    -1.0064    31.9860    1441.00  0.000e+00
     37.430   63.02840 -173.46060    -1.0072    31.9858    1441.00  0.000e+00
     37.499   63.02840 -173.46060    -1.0084    31.9857    1441.00  0.000e+00
     37.499   63.02840 -173.46060    -1.0090    31.9853    1440.99  0.000e+00
     37.545   63.02840 -173.46060    -1.0098    31.9850    1440.99  0.000e+00
     37.499   63.02840 -173.46060    -1.0110    31.9866    1440.98  0.000e+00
     37.553   63.02840 -173.46060    -1.0114    31.9865    1440.98  0.000e+00
     37.615   63.02840 -173.46060    -1.0119    31.9868    1440.98  0.000e+00
     37.607   63.02840 -173.46060    -1.0116    31.9867    1440.98  0.000e+00
     37.615   63.02840 -173.46060    -1.0118    31.9873    1440.98  0.000e+00
     37.669   63.02840 -173.46060    -1.0119    31.9865    1440.98  0.000e+00
     37.661   63.02840 -173.46060    -1.0125    31.9866    1440.98  0.000e+00
     37.669   63.02840 -173.46060    -1.0127    31.9851    1440.98  0.000e+00
     37.730   63.02840 -173.46060    -1.0136    31.9852    1440.97  0.000e+00
     37.730   63.02840 -173.46060    -1.0159    31.9851    1440.96  0.000e+00
     37.777   63.02840 -173.46060    -1.0186    31.9844    1440.95  0.000e+00
     37.730   63.02840 -173.46060    -1.0211    31.9832    1440.94  0.000e+00
     37.838   63.02840 -173.46060    -1.0238    31.9827    1440.92  0.000e+00
     37.784   63.02840 -173.46060    -1.0278    31.9841    1440.91  0.000e+00
     37.831   63.02840 -173.46060    -1.0312    31.9847    1440.89  0.000e+00
     37.838   63.02840 -173.46060    -1.0347    31.9854    1440.88  0.000e+00
     37.900   63.02840 -173.46060    -1.0370    31.9861    1440.87  0.000e+00
     37.946   63.02840 -173.46060    -1.0394    31.9874    1440.86  0.000e+00
     37.900   63.02840 -173.46060    -1.0419    31.9879    1440.85  0.000e+00
     37.954   63.02840 -173.46060    -1.0437    31.9888    1440.84  0.000e+00
     37.954   63.02840 -173.46060    -1.0447    31.9895    1440.84  0.000e+00
     38.008   63.02840 -173.46060    -1.0453    31.9899    1440.83  0.000e+00
     38.016   63.02840 -173.46060    -1.0460    31.9913    1440.83  0.000e+00
     38.016   63.02840 -173.46060    -1.0461    31.9917    1440.83  0.000e+00
     38.070   63.02840 -173.46060    -1.0462    31.9907    1440.83  0.000e+00
     38.062   63.02840 -173.46060    -1.0465    31.9903    1440.83  0.000e+00
     38.131   63.02840 -173.46060    -1.0464    31.9903    1440.83  0.000e+00
     38.131   63.02840 -173.46060    -1.0471    31.9909    1440.83  0.000e+00
     38.178   63.02840 -173.46060    -1.0475    31.9910    1440.83  0.000e+00
     38.131   63.02840 -173.46060    -1.0478    31.9915    1440.83  0.000e+00
     38.185   63.02840 -173.46060    -1.0478    31.9911    1440.83  0.000e+00
     38.239   63.02840 -173.46060    -1.0478    31.9907    1440.83  0.000e+00
     38.232   63.02840 -173.46060    -1.0480    31.9911    1440.83  0.000e+00
     38.239   63.02840 -173.46060    -1.0474    31.9907    1440.83  0.000e+00
     38.301   63.02840 -173.46060    -1.0472    31.9909    1440.83  0.000e+00
     38.301   63.02840 -173.46060    -1.0476    31.9915    1440.83  0.000e+00
     38.347   63.02840 -173.46060    -1.0470    31.9915    1440.83  0.000e+00
     38.355   63.02840 -173.46060    -1.0465    31.9918    1440.84  0.000e+00
     38.355   63.02840 -173.46060    -1.0462    31.9919    1440.84  0.000e+00
     38.417   63.02840 -173.46060    -1.0461    31.9912    1440.84  0.000e+00
     38.409   63.02840 -173.46060    -1.0460    31.9905    1440.84  0.000e+00
     38.471   63.02840 -173.46060    -1.0466    31.9914    1440.84  0.000e+00
     38.471   63.02840 -173.46060    -1.0465    31.9917    1440.84  0.000e+00
     38.517   63.02840 -173.46060    -1.0460    31.9913    1440.84  0.000e+00
     38.471   63.02840 -173.46060    -1.0462    31.9917    1440.84  0.000e+00
     38.586   63.02840 -173.46060    -1.0466    31.9916    1440.84  0.000e+00
     38.532   63.02840 -173.46060    -1.0467    31.9904    1440.84  0.000e+00
     38.633   63.02840 -173.46060    -1.0478    31.9909    1440.83  0.000e+00
     38.586   63.02840 -173.46060    -1.0488    31.9910    1440.83  0.000e+00
     38.640   63.02840 -173.46060    -1.0494    31.9911    1440.83  0.000e+00
     38.702   63.02840 -173.46060    -1.0505    31.9911    1440.82  0.000e+00
     38.694   63.02840 -173.46060    -1.0520    31.9912    1440.82  0.000e+00
     38.702   63.02840 -173.46060    -1.0532    31.9919    1440.81  0.000e+00
     38.702   63.02840 -173.46060    -1.0541    31.9922    1440.81  0.000e+00
     38.818   63.02840 -173.46060    -1.0553    31.9928    1440.80  0.000e+00
     38.810   63.02840 -173.46060    -1.0565    31.9929    1440.80  0.000e+00
     38.818   63.02840 -173.46060    -1.0585    31.9936    1440.79  0.000e+00
     38.818   63.02840 -173.46060    -1.0615    31.9946    1440.78  0.000e+00
     38.872   63.02840 -173.46060    -1.0640    31.9946    1440.77  0.000e+00
     38.918   63.02840 -173.46060    -1.0655    31.9942    1440.76  0.000e+00
     38.933   63.02840 -173.46060    -1.0670    31.9943    1440.75  0.000e+00
     38.933   63.02840 -173.46060    -1.0683    31.9947    1440.75  0.000e+00
     38.987   63.02840 -173.46060    -1.0702    31.9952    1440.74  0.000e+00
     39.034   63.02840 -173.46060    -1.0720    31.9955    1440.73  0.000e+00
     38.987   63.02840 -173.46060    -1.0733    31.9962    1440.73  0.000e+00
     39.041   63.02840 -173.46060    -1.0743    31.9964    1440.72  0.000e+00
     39.103   63.02840 -173.46060    -1.0756    31.9967    1440.72  0.000e+00
     39.095   63.02840 -173.46060    -1.0764    31.9968    1440.71  0.000e+00
