EcoFOCI/data/1_SampleCollection/2023_SikuliaqDBO_CruiseData/CTD_raw_BottleFile_SKQ23-12S/proc/skq202312s_005.cnv
* Sea-Bird SBE 9 Data File:
* FileName = D:\CTD\SKQ202312S\SKQ202312S_005.hex
* Software Version Seasave V 7.26.7.121
* Temperature SN = 6177
* Conductivity SN = 0369
* Number of Bytes Per Scan = 41
* Number of Voltage Words = 4
* Number of Scans Averaged by the Deck Unit = 1
* NMEA Latitude = 62 23.39 N
* NMEA Longitude = 174 34.17 W
* NMEA UTC (Time) = Sep 15 2023  22:10:54
* NMEA baud rate = 4800
** Ship: R/V Sikuliaq
** Station Number: 005
** Station Name: DBO1.4
** Bottom Depth: 70
** Operator: SD
# nquan = 24
# nvalues = 8201                                  
# units = specified
# name 0 = depSM: Depth [salt water, m]
# name 1 = latitude: Latitude [deg]
# name 2 = longitude: Longitude [deg]
# name 3 = prDM: Pressure, Digiquartz [db]
# name 4 = t090C: Temperature [ITS-90, deg C]
# name 5 = t190C: Temperature, 2 [ITS-90, deg C]
# name 6 = potemp090C: Potential Temperature [ITS-90, deg C]
# name 7 = sal00: Salinity, Practical [PSU]
# name 8 = sal11: Salinity, Practical, 2 [PSU]
# name 9 = density00: Density [density, kg/m^3]
# name 10 = sigma-é00: Density [sigma-theta, kg/m^3]
# name 11 = sbox0Mm/Kg: Oxygen, SBE 43 [umol/kg]
# name 12 = sbox1Mm/Kg: Oxygen, SBE 43, 2 [umol/kg]
# name 13 = oxsolMm/Kg: Oxygen Saturation, Garcia & Gordon [umol/kg]
# name 14 = sbeox0PS: Oxygen, SBE 43 [% saturation]
# name 15 = sbeox1PS: Oxygen, SBE 43, 2 [% saturation]
# name 16 = v0: Voltage 0
# name 17 = flECO-AFL: Fluorescence, WET Labs ECO-AFL/FL [mg/m^3]
# name 18 = v1: Voltage 1
# name 19 = CStarAt0: Beam Attenuation, WET Labs C-Star [1/m]
# name 20 = par: PAR/Irradiance, Biospherical/Licor
# name 21 = scan: Scan Count
# name 22 = timeM: Time, Elapsed [minutes]
# name 23 = flag:  0.000e+00
# span 0 =      1.585,     65.999                 
# span 1 =   62.38976,   62.38978                 
# span 2 = -174.56960, -174.56958                 
# span 3 =      1.600,     66.650                 
# span 4 =    -1.5350,     7.8557                 
# span 5 =    -1.5339,     7.8588                 
# span 6 =    -1.5357,     7.8556                 
# span 7 =    30.9756,    31.9002                 
# span 8 =    30.9875,    31.9107                 
# span 9 =  1024.1450,  1025.9767                 
# span 10 =    24.1358,    25.6551                
# span 11 =    279.759,    432.005                
# span 12 =    267.699,    386.650                
# span 13 =  296.41069,  371.39393                
# span 14 =     75.330,    120.021                
# span 15 =     72.094,    107.092                
# span 16 =     0.0537,     0.2442                
# span 17 =    -0.0257,     1.1172                
# span 18 =     3.5971,     4.2589                
# span 19 =     0.4048,     1.0805                
# span 20 = 1.0000e-12, 2.2569e+02                
# span 21 =          1,       8201                
# span 22 =     0.0000,     5.6944                
# span 23 = 0.0000e+00, 0.0000e+00                
# interval = seconds: 0.0416667
# start_time = Sep 15 2023 22:14:11 [NMEA time, first data scan]
# bad_flag = -9.990e-29
*END*
[from data line 6582]
     65.583   62.38978 -174.56960     66.230    -1.5250    -1.5237    -1.5261    31.8992    31.9097  1025.9745    25.6544    284.219    271.509  371.23283     76.561     73.146     0.0757     0.1062     3.6740     0.9958 1.1906e-02       6583     4.5708  0.000e+00
     65.536   62.38978 -174.56960     66.183    -1.5254    -1.5237    -1.5265    31.8996    31.9096  1025.9746    25.6547    284.227    271.494  371.23578     76.562     73.142     0.0769     0.1135     3.6593     1.0118 1.4126e-02       6584     4.5715  0.000e+00
     65.482   62.38978 -174.56960     66.128    -1.5249    -1.5237    -1.5261    31.8993    31.9095  1025.9741    25.6544    284.227    271.480  371.23201     76.563     73.138     0.0781     0.1209     3.6496     1.0225 1.5251e-02       6585     4.5722  0.000e+00
     65.583   62.38978 -174.56960     66.230    -1.5251    -1.5236    -1.5262    31.8992    31.9098  1025.9745    25.6544    284.239    271.471  371.23348     76.566     73.136     0.0769     0.1135     3.6484     1.0239 1.5251e-02       6586     4.5729  0.000e+00
     65.482   62.38978 -174.56960     66.128    -1.5250    -1.5236    -1.5261    31.8994    31.9098  1025.9741    25.6545    284.240    271.458  371.23241     76.567     73.132     0.0781     0.1209     3.6496     1.0225 1.6764e-02       6587     4.5736  0.000e+00
     65.536   62.38978 -174.56960     66.183    -1.5249    -1.5236    -1.5261    31.8991    31.9097  1025.9742    25.6543    284.301    271.452  371.23260     76.583     73.131     0.0769     0.1135     3.6496     1.0225 1.7145e-02       6588     4.5743  0.000e+00
     65.529   62.38978 -174.56960     66.175    -1.5249    -1.5236    -1.5261    31.8991    31.9094  1025.9741    25.6543    284.309    271.446  371.23272     76.585     73.129     0.0769     0.1135     3.6496     1.0225 1.7145e-02       6589     4.5750  0.000e+00
     65.482   62.38978 -174.56960     66.128    -1.5251    -1.5237    -1.5262    31.8996    31.9097  1025.9743    25.6547    284.316    271.439  371.23230     76.587     73.127     0.0769     0.1135     3.6496     1.0225 1.5627e-02       6590     4.5757  0.000e+00
     65.536   62.38978 -174.56960     66.183    -1.5252    -1.5237    -1.5263    31.8995    31.9100  1025.9744    25.6546    284.328    271.436  371.23394     76.590     73.126     0.0769     0.1135     3.6496     1.0225 1.4875e-02       6591     4.5764  0.000e+00
     65.467   62.38978 -174.56960     66.113    -1.5249    -1.5237    -1.5261    31.8991    31.9099  1025.9738    25.6543    284.332    271.431  371.23261     76.591     73.125     0.0769     0.1135     3.6496     1.0225 1.4875e-02       6592     4.5771  0.000e+00
     65.482   62.38978 -174.56960     66.128    -1.5251    -1.5239    -1.5262    31.8995    31.9098  1025.9742    25.6546    284.341    271.432  371.23280     76.594     73.125     0.0769     0.1135     3.6496     1.0225 9.7231e-03       6593     4.5778  0.000e+00
     65.482   62.38978 -174.56960     66.128    -1.5252    -1.5238    -1.5263    31.8994    31.9098  1025.9741    25.6545    284.351    271.663  371.23410     76.596     73.187     0.0757     0.1062     3.6496     1.0225 6.1655e-03       6594     4.5785  0.000e+00
     65.467   62.38978 -174.56960     66.113    -1.5249    -1.5237    -1.5261    31.8991    31.9098  1025.9738    25.6543    284.357    271.462  371.23261     76.598     73.133     0.0769     0.1135     3.6496     1.0225 5.4659e-03       6595     4.5792  0.000e+00
     65.428   62.38978 -174.56960     66.074    -1.5251    -1.5239    -1.5262    31.8993    31.9098  1025.9737    25.6544    284.365    271.695  371.23333     76.600     73.196     0.0757     0.1062     3.6496     1.0225 4.0784e-03       6596     4.5799  0.000e+00
     65.482   62.38978 -174.56960     66.128    -1.5252    -1.5239    -1.5264    31.8994    31.9097  1025.9741    25.6545    284.219    271.732  371.23462     76.561     73.205     0.0769     0.1135     3.6496     1.0225 2.3659e-03       6597     4.5806  0.000e+00
     65.467   62.38978 -174.56960     66.113    -1.5250    -1.5237    -1.5261    31.8992    31.9098  1025.9739    25.6543    284.219    271.532  371.23300     76.561     73.152     0.0769     0.1135     3.6496     1.0225 2.3659e-03       6598     4.5812  0.000e+00
     65.428   62.38978 -174.56960     66.074    -1.5251    -1.5239    -1.5262    31.8993    31.9098  1025.9737    25.6544    284.220    271.534  371.23333     76.561     73.152     0.0769     0.1135     3.6496     1.0225 4.7702e-03       6599     4.5819  0.000e+00
     65.428   62.38978 -174.56960     66.074    -1.5251    -1.5236    -1.5262    31.8990    31.9099  1025.9735    25.6542    284.223    271.536  371.23408     76.562     73.153     0.0769     0.1135     3.6496     1.0225 8.6453e-03       6600     4.5826  0.000e+00
     65.467   62.38978 -174.56960     66.113    -1.5251    -1.5239    -1.5262    31.8992    31.9101  1025.9738    25.6543    284.226    271.545  371.23365     76.563     73.155     0.0769     0.1135     3.6496     1.0225 9.3628e-03       6601     4.5833  0.000e+00
     65.366   62.38978 -174.56960     66.011    -1.5252    -1.5239    -1.5263    31.8994    31.9095  1025.9736    25.6545    284.225    271.549  371.23402     76.562     73.156     0.0781     0.1209     3.6496     1.0225 1.0447e-02       6602     4.5840  0.000e+00
     65.428   62.38978 -174.56960     66.074    -1.5251    -1.5239    -1.5262    31.8993    31.9098  1025.9737    25.6544    284.229    271.559  371.23333     76.563     73.159     0.0757     0.1062     3.6484     1.0239 1.1906e-02       6603     4.5847  0.000e+00
     65.428   62.38978 -174.56960     66.074    -1.5249    -1.5237    -1.5261    31.8994    31.9096  1025.9738    25.6545    284.230    271.567  371.23191     76.564     73.161     0.0769     0.1135     3.6569     1.0145 1.2642e-02       6604     4.5854  0.000e+00
     65.413   62.38978 -174.56960     66.058    -1.5251    -1.5240    -1.5262    31.8993    31.9099  1025.9737    25.6544    284.232    271.580  371.23318     76.564     73.164     0.0757     0.1062     3.6642     1.0065 1.3382e-02       6605     4.5861  0.000e+00
     65.428   62.38978 -174.56960     66.074    -1.5252    -1.5239    -1.5263    31.8994    31.9097  1025.9739    25.6545    284.236    271.592  371.23413     76.565     73.168     0.0769     0.1135     3.6654     1.0052 1.6764e-02       6606     4.5868  0.000e+00
     65.366   62.38978 -174.56960     66.011    -1.5251    -1.5237    -1.5262    31.8995    31.9096  1025.9736    25.6546    284.234    271.833  371.23260     76.565     73.233     0.0757     0.1062     3.6654     1.0052 1.7911e-02       6607     4.5875  0.000e+00
     65.413   62.38978 -174.56960     66.058    -1.5252    -1.5239    -1.5264    31.8995    31.9100  1025.9739    25.6546    284.240    271.650  371.23437     76.566     73.184     0.0769     0.1135     3.6654     1.0052 1.7911e-02       6608     4.5882  0.000e+00
     65.366   62.38978 -174.56960     66.011    -1.5250    -1.5237    -1.5261    31.8992    31.9094  1025.9734    25.6544    284.238    271.663  371.23283     76.566     73.187     0.0757     0.1062     3.6654     1.0052 1.6384e-02       6609     4.5889  0.000e+00
     65.366   62.38978 -174.56960     66.011    -1.5252    -1.5239    -1.5264    31.8997    31.9098  1025.9738    25.6548    284.242    271.680  371.23379     76.567     73.192     0.0769     0.1135     3.6654     1.0052 1.6005e-02       6610     4.5896  0.000e+00
     65.413   62.38978 -174.56960     66.058    -1.5252    -1.5236    -1.5264    31.8993    31.9095  1025.9737    25.6544    284.246    271.664  371.23500     76.568     73.187     0.0781     0.1209     3.6654     1.0052 1.6384e-02       6611     4.5903  0.000e+00
     65.366   62.38978 -174.56960     66.011    -1.5249    -1.5238    -1.5261    31.8991    31.9099  1025.9733    25.6542    284.245    271.646  371.23280     76.568     73.183     0.0757     0.1062     3.6654     1.0052 1.9844e-02       6612     4.5910  0.000e+00
     65.366   62.38978 -174.56960     66.011    -1.5250    -1.5236    -1.5261    31.8995    31.9092  1025.9736    25.6546    284.246    271.664  371.23220     76.568     73.187     0.0769     0.1135     3.6654     1.0052 2.1803e-02       6613     4.5917  0.000e+00
     65.359   62.38978 -174.56960     66.004    -1.5252    -1.5237    -1.5264    31.8998    31.9100  1025.9738    25.6548    284.250    271.682  371.23352     76.569     73.192     0.0769     0.1135     3.6654     1.0052 2.2199e-02       6614     4.5924  0.000e+00
     65.366   62.38978 -174.56960     66.011    -1.5251    -1.5237    -1.5262    31.8994    31.9097  1025.9735    25.6545    284.251    271.703  371.23310     76.570     73.198     0.0781     0.1209     3.6654     1.0052 2.1803e-02       6615     4.5931  0.000e+00
     65.366   62.38978 -174.56960     66.011    -1.5251    -1.5237    -1.5262    31.8991    31.9096  1025.9733    25.6542    284.254    271.725  371.23397     76.570     73.204     0.0757     0.1062     3.6654     1.0052 2.1803e-02       6616     4.5938  0.000e+00
     65.359   62.38978 -174.56960     66.004    -1.5253    -1.5238    -1.5264    31.8997    31.9099  1025.9738    25.6547    284.257    271.748  371.23442     76.571     73.210     0.0769     0.1135     3.6654     1.0052 2.1803e-02       6617     4.5944  0.000e+00
     65.366   62.38978 -174.56960     66.011    -1.5251    -1.5239    -1.5262    31.8991    31.9098  1025.9733    25.6543    284.258    271.773  371.23372     76.571     73.217     0.0769     0.1135     3.6654     1.0052 1.3754e-02       6618     4.5951  0.000e+00
     65.312   62.38978 -174.56960     65.957    -1.5251    -1.5239    -1.5262    31.8990    31.9095  1025.9730    25.6542    284.258    271.996  371.23400     76.571     73.276     0.0781     0.1209     3.6654     1.0052 6.5167e-03       6619     4.5958  0.000e+00
     65.359   62.38978 -174.56960     66.004    -1.5252    -1.5239    -1.5264    31.8994    31.9099  1025.9735    25.6545    284.263    272.020  371.23465     76.572     73.283     0.0781     0.1209     3.6654     1.0052 5.1175e-03       6620     4.5965  0.000e+00
     65.366   62.38978 -174.56960     66.011    -1.5252    -1.5237    -1.5263    31.8990    31.9097  1025.9732    25.6542    284.266    271.843  371.23527     76.573     73.236     0.0794     0.1282     3.6654     1.0052 4.4238e-03       6621     4.5972  0.000e+00
     65.366   62.38978 -174.56960     66.011    -1.5252    -1.5237    -1.5264    31.8989    31.9096  1025.9732    25.6541    284.269    271.834  371.23604     76.574     73.233     0.0794     0.1282     3.6654     1.0052 2.7065e-03       6622     4.5979  0.000e+00
     65.297   62.38978 -174.56960     65.941    -1.5251    -1.5238    -1.5262    31.8990    31.9097  1025.9729    25.6542    284.266    271.822  371.23422     76.573     73.230     0.0794     0.1282     3.6654     1.0052 2.3659e-03       6623     4.5986  0.000e+00
     65.366   62.38978 -174.56960     66.011    -1.5253    -1.5239    -1.5264    31.8990    31.9100  1025.9733    25.6542    284.273    271.849  371.23631     76.575     73.237     0.0794     0.1282     3.6691     1.0012 4.0784e-03       6624     4.5993  0.000e+00
     65.366   62.38978 -174.56960     66.011    -1.5251    -1.5237    -1.5262    31.8989    31.9101  1025.9732    25.6541    284.169    271.839  371.23435     76.547     73.235     0.0794     0.1282     3.6752     0.9945 7.5765e-03       6625     4.6000  0.000e+00
     65.297   62.38978 -174.56960     65.941    -1.5252    -1.5237    -1.5264    31.8995    31.9100  1025.9733    25.6546    284.217    271.829  371.23454     76.560     73.232     0.0794     0.1282     3.6777     0.9918 8.6453e-03       6626     4.6007  0.000e+00
     65.366   62.38978 -174.56960     66.011    -1.5251    -1.5240    -1.5262    31.8995    31.9103  1025.9736    25.6546    284.217    272.057  371.23260     76.560     73.293     0.0794     0.1282     3.6777     0.9918 8.6453e-03       6627     4.6014  0.000e+00
     65.366   62.38978 -174.56960     66.011    -1.5252    -1.5239    -1.5263    31.8991    31.9098  1025.9733    25.6543    284.219    272.080  371.23502     76.561     73.299     0.0794     0.1282     3.6764     0.9932 7.5765e-03       6628     4.6021  0.000e+00
     65.359   62.38978 -174.56960     66.004    -1.5251    -1.5236    -1.5262    31.8989    31.9097  1025.9731    25.6541    284.219    271.867  371.23433     76.560     73.242     0.0794     0.1282     3.6764     0.9932 7.2223e-03       6629     4.6028  0.000e+00
     65.312   62.38978 -174.56960     65.957    -1.5251    -1.5233    -1.5262    31.8995    31.9097  1025.9733    25.6546    284.216    271.852  371.23275     76.560     73.239     0.0794     0.1282     3.6764     0.9932 8.6453e-03       6630     4.6035  0.000e+00
     65.366   62.38978 -174.56960     66.011    -1.5251    -1.5233    -1.5262    31.8996    31.9098  1025.9737    25.6547    284.217    271.843  371.23235     76.560     73.237     0.0781     0.1209     3.6764     0.9932 1.6764e-02       6631     4.6042  0.000e+00
     65.297   62.38978 -174.56960     65.941    -1.5245    -1.5231    -1.5257    31.8991    31.9094  1025.9730    25.6542    284.211    271.829  371.22865     76.560     73.233     0.0794     0.1282     3.6764     0.9932 2.0233e-02       6632     4.6049  0.000e+00
     65.366   62.38978 -174.56960     66.011    -1.5243    -1.5233    -1.5254    31.8992    31.9096  1025.9734    25.6543    284.211    271.821  371.22607     76.560     73.231     0.0781     0.1209     3.6764     0.9932 1.9844e-02       6633     4.6056  0.000e+00
     65.366   62.38978 -174.56960     66.011    -1.5242    -1.5228    -1.5253    31.8992    31.9095  1025.9734    25.6544    284.472    271.807  371.22477     76.631     73.228     0.0794     0.1282     3.6764     0.9932 1.3012e-02       6634     4.6063  0.000e+00
     65.366   62.38978 -174.56960     66.011    -1.5228    -1.5224    -1.5240    31.8981    31.9096  1025.9725    25.6534    284.248    272.024  371.21413     76.573     73.287     0.0806     0.1355     3.6764     0.9932 9.7231e-03       6635     4.6069  0.000e+00
     65.359   62.38978 -174.56960     66.004    -1.5221    -1.5219    -1.5233    31.8980    31.9093  1025.9723    25.6533    284.502    272.040  371.20760     76.642     73.292     0.0794     0.1282     3.6764     0.9932 9.7231e-03       6636     4.6076  0.000e+00
     65.312   62.38978 -174.56960     65.957    -1.5217    -1.5218    -1.5229    31.8981    31.9097  1025.9722    25.6534    284.281    272.056  371.20312     76.584     73.297     0.0794     0.1282     3.6764     0.9932 9.0035e-03       6637     4.6083  0.000e+00
     65.428   62.38978 -174.56960     66.074    -1.5214    -1.5214    -1.5226    31.8979    31.9097  1025.9726    25.6532    284.279    272.075  371.20084     76.584     73.303     0.0781     0.1209     3.6764     0.9932 8.6453e-03       6638     4.6090  0.000e+00
     65.297   62.38978 -174.56960     65.941    -1.5215    -1.5210    -1.5226    31.8985    31.9094  1025.9724    25.6537    284.269    272.083  371.19988     76.581     73.306     0.0794     0.1282     3.6764     0.9932 8.6453e-03       6639     4.6097  0.000e+00
     65.366   62.38978 -174.56960     66.011    -1.5214    -1.5209    -1.5226    31.8987    31.9093  1025.9729    25.6539    284.266    272.100  371.19848     76.581     73.310     0.0794     0.1282     3.6764     0.9932 5.4659e-03       6640     4.6104  0.000e+00
     65.366   62.38978 -174.56960     66.011    -1.5211    -1.5206    -1.5222    31.8985    31.9090  1025.9727    25.6537    284.259    272.111  371.19585     76.579     73.314     0.0794     0.1282     3.6764     0.9932 3.0480e-03       6641     4.6111  0.000e+00
