EcoFOCI/data/1_SampleCollection/2023_SikuliaqDBO_CruiseData/CTD_raw_BottleFile_SKQ23-12S/proc/skq202312s_028.cnv
* Sea-Bird SBE 9 Data File:
* FileName = D:\CTD\SKQ202312S\SKQ202312S_028.hex
* Software Version Seasave V 7.26.7.121
* Temperature SN = 6177
* Conductivity SN = 0369
* Number of Bytes Per Scan = 41
* Number of Voltage Words = 4
* Number of Scans Averaged by the Deck Unit = 1
* NMEA Latitude = 71 22.34 N
* NMEA Longitude = 157 24.94 W
* NMEA UTC (Time) = Sep 21 2023  03:13:25
* NMEA baud rate = 4800
** Ship: R/V Sikuliaq
** Station Number: 028
** Station Name: DBO5.4
** Bottom Depth: 112
** Operator: SD
# nquan = 24
# nvalues = 10603                                 
# units = specified
# name 0 = depSM: Depth [salt water, m]
# name 1 = latitude: Latitude [deg]
# name 2 = longitude: Longitude [deg]
# name 3 = prDM: Pressure, Digiquartz [db]
# name 4 = t090C: Temperature [ITS-90, deg C]
# name 5 = t190C: Temperature, 2 [ITS-90, deg C]
# name 6 = potemp090C: Potential Temperature [ITS-90, deg C]
# name 7 = sal00: Salinity, Practical [PSU]
# name 8 = sal11: Salinity, Practical, 2 [PSU]
# name 9 = density00: Density [density, kg/m^3]
# name 10 = sigma-é00: Density [sigma-theta, kg/m^3]
# name 11 = sbox0Mm/Kg: Oxygen, SBE 43 [umol/kg]
# name 12 = sbox1Mm/Kg: Oxygen, SBE 43, 2 [umol/kg]
# name 13 = oxsolMm/Kg: Oxygen Saturation, Garcia & Gordon [umol/kg]
# name 14 = sbeox0PS: Oxygen, SBE 43 [% saturation]
# name 15 = sbeox1PS: Oxygen, SBE 43, 2 [% saturation]
# name 16 = v0: Voltage 0
# name 17 = flECO-AFL: Fluorescence, WET Labs ECO-AFL/FL [mg/m^3]
# name 18 = v1: Voltage 1
# name 19 = CStarAt0: Beam Attenuation, WET Labs C-Star [1/m]
# name 20 = par: PAR/Irradiance, Biospherical/Licor
# name 21 = scan: Scan Count
# name 22 = timeM: Time, Elapsed [minutes]
# name 23 = flag:  0.000e+00
# span 0 =      2.421,    106.151                 
# span 1 =   71.37238,   71.37258                 
# span 2 = -157.41494, -157.41336                 
# span 3 =      2.446,    107.273                 
# span 4 =    -1.5020,     4.8902                 
# span 5 =    -1.5012,     4.8905                 
# span 6 =    -1.5040,     4.8899                 
# span 7 =    30.0278,    32.5827                 
# span 8 =    30.0490,    32.5938                 
# span 9 =  1023.7716,  1026.7256                 
# span 10 =    23.7502,    26.2088                
# span 11 =    295.081,    389.149                
# span 12 =    273.776,    355.676                
# span 13 =  318.65451,  370.23907                
# span 14 =     79.985,    108.091                
# span 15 =     74.230,     98.748                
# span 16 =     0.0684,     0.3980                
# span 17 =     0.0623,     2.0403                
# span 18 =     2.8852,     4.2259                
# span 19 =     0.4359,     1.9629                
# span 20 = 1.0000e-12, 1.5816e+01                
# span 21 =          1,      10603                
# span 22 =     0.0000,     7.3625                
# span 23 = 0.0000e+00, 0.0000e+00                
# interval = seconds: 0.0416667
# start_time = Sep 21 2023 03:18:10 [NMEA time, first data scan]
# bad_flag = -9.990e-29
*END*
[from data line 4891]
     68.094   71.37248 -157.41440     68.808    -1.4345    -1.4327    -1.4359    32.5438    32.5544  1026.5074    26.1755    303.808    286.663  368.44791     82.456     77.813     0.2601     1.2124     3.5275     1.1587 1.0000e-12       4892     3.3965  0.000e+00
     68.094   71.37248 -157.41440     68.808    -1.4343    -1.4330    -1.4356    32.5436    32.5549  1026.5072    26.1753    303.814    286.679  368.44635     82.458     77.817     0.2589     1.2051     3.5263     1.1601 1.0000e-12       4893     3.3972  0.000e+00
     68.148   71.37248 -157.41440     68.862    -1.4342    -1.4329    -1.4355    32.5434    32.5548  1026.5073    26.1751    303.830    286.703  368.44567     82.463     77.824     0.2601     1.2124     3.5263     1.1601 1.0000e-12       4894     3.3979  0.000e+00
     68.195   71.37248 -157.41440     68.909    -1.4342    -1.4329    -1.4355    32.5436    32.5551  1026.5077    26.1753    303.853    286.735  368.44513     82.469     77.833     0.2589     1.2051     3.5263     1.1601 1.0000e-12       4895     3.3986  0.000e+00
     68.202   71.37248 -157.41440     68.917    -1.4341    -1.4330    -1.4354    32.5435    32.5553  1026.5077    26.1752    303.619    286.775  368.44412     82.406     77.843     0.2601     1.2124     3.5263     1.1601 1.0000e-12       4896     3.3993  0.000e+00
     68.202   71.37248 -157.41440     68.917    -1.4342    -1.4330    -1.4355    32.5439    32.5551  1026.5080    26.1755    303.605    286.823  368.44427     82.402     77.856     0.2589     1.2051     3.5275     1.1587 1.0000e-12       4897     3.4000  0.000e+00
     68.249   71.37248 -157.41440     68.964    -1.4339    -1.4332    -1.4352    32.5434    32.5554  1026.5078    26.1751    303.599    286.846  368.44291     82.401     77.863     0.2589     1.2051     3.5263     1.1601 1.0000e-12       4898     3.4007  0.000e+00
     68.264   71.37248 -157.41440     68.979    -1.4339    -1.4332    -1.4352    32.5433    32.5554  1026.5078    26.1750    303.861    286.875  368.44268     82.472     77.870     0.2601     1.2124     3.5275     1.1587 1.0000e-12       4899     3.4014  0.000e+00
     68.318   71.37248 -157.41440     69.034    -1.4344    -1.4332    -1.4357    32.5438    32.5552  1026.5085    26.1754    303.666    286.912  368.44627     82.418     77.880     0.2589     1.2051     3.5263     1.1601 1.0000e-12       4900     3.4021  0.000e+00
     68.310   71.37248 -157.41440     69.026    -1.4342    -1.4333    -1.4355    32.5436    32.5552  1026.5083    26.1753    303.681    286.955  368.44509     82.422     77.892     0.2601     1.2124     3.5263     1.1601 1.0000e-12       4901     3.4028  0.000e+00
     68.380   71.37248 -157.41440     69.096    -1.4342    -1.4333    -1.4355    32.5433    32.5552  1026.5084    26.1750    303.709    287.006  368.44596     82.430     77.905     0.2601     1.2124     3.5263     1.1601 1.0000e-12       4902     3.4035  0.000e+00
     68.380   71.37248 -157.41440     69.096    -1.4345    -1.4335    -1.4358    32.5438    32.5554  1026.5088    26.1754    303.692    287.028  368.44740     82.425     77.911     0.2601     1.2124     3.5263     1.1601 1.0000e-12       4903     3.4042  0.000e+00
     68.364   71.37248 -157.41440     69.081    -1.4347    -1.4336    -1.4360    32.5436    32.5555  1026.5086    26.1753    303.474    286.826  368.44966     82.365     77.856     0.2589     1.2051     3.5263     1.1601 1.0000e-12       4904     3.4049  0.000e+00
     68.380   71.37248 -157.41440     69.096    -1.4345    -1.4336    -1.4358    32.5433    32.5555  1026.5084    26.1750    303.681    287.057  368.44890     82.421     77.919     0.2601     1.2124     3.5263     1.1601 1.0000e-12       4905     3.4056  0.000e+00
     68.434   71.37248 -157.41440     69.151    -1.4347    -1.4338    -1.4360    32.5436    32.5554  1026.5089    26.1753    303.947    287.100  368.44954     82.494     77.930     0.2637     1.2344     3.5263     1.1601 1.0000e-12       4906     3.4063  0.000e+00
     68.480   71.37248 -157.41440     69.198    -1.4350    -1.4338    -1.4363    32.5442    32.5555  1026.5096    26.1758    303.749    287.146  368.45068     82.440     77.943     0.2674     1.2564     3.5263     1.1601 1.0000e-12       4907     3.4069  0.000e+00
     68.434   71.37248 -157.41440     69.151    -1.4350    -1.4336    -1.4363    32.5440    32.5555  1026.5092    26.1756    303.763    287.192  368.45199     82.443     77.956     0.2674     1.2564     3.5263     1.1601 1.0000e-12       4908     3.4076  0.000e+00
     68.495   71.37248 -157.41440     69.213    -1.4351    -1.4334    -1.4365    32.5441    32.5552  1026.5096    26.1757    303.787    287.248  368.45275     82.449     77.971     0.2662     1.2491     3.5263     1.1601 1.0000e-12       4909     3.4083  0.000e+00
     68.480   71.37248 -157.41440     69.198    -1.4351    -1.4332    -1.4365    32.5446    32.5549  1026.5100    26.1761    303.812    287.273  368.45122     82.457     77.978     0.2674     1.2564     3.5263     1.1601 1.0000e-12       4910     3.4090  0.000e+00
     68.495   71.37248 -157.41440     69.213    -1.4350    -1.4335    -1.4363    32.5444    32.5551  1026.5098    26.1759    303.845    287.111  368.45034     82.466     77.934     0.2662     1.2491     3.5263     1.1601 1.0000e-12       4911     3.4097  0.000e+00
     68.549   71.37248 -157.41440     69.268    -1.4347    -1.4334    -1.4360    32.5437    32.5551  1026.5095    26.1754    303.885    287.151  368.44937     82.477     77.945     0.2674     1.2564     3.5238     1.1628 1.0000e-12       4912     3.4104  0.000e+00
     68.534   71.37248 -157.41440     69.252    -1.4347    -1.4336    -1.4360    32.5437    32.5552  1026.5094    26.1754    303.878    287.164  368.44947     82.475     77.948     0.2662     1.2491     3.5226     1.1642 1.0000e-12       4913     3.4111  0.000e+00
     68.603   71.37248 -157.41440     69.322    -1.4345    -1.4339    -1.4359    32.5435    32.5554  1026.5096    26.1752    304.190    287.416  368.44881     82.560     78.016     0.2674     1.2564     3.5226     1.1642 1.0000e-12       4914     3.4118  0.000e+00
     68.603   71.37248 -157.41440     69.322    -1.4347    -1.4342    -1.4360    32.5436    32.5560  1026.5097    26.1753    303.775    287.242  368.44959     82.447     77.968     0.2686     1.2637     3.5226     1.1642 1.0000e-12       4915     3.4125  0.000e+00
     68.596   71.37248 -157.41440     69.314    -1.4347    -1.4342    -1.4360    32.5441    32.5555  1026.5101    26.1757    303.994    287.269  368.44832     82.507     77.975     0.2674     1.2564     3.5226     1.1642 1.0000e-12       4916     3.4132  0.000e+00
     68.603   71.37248 -157.41440     69.322    -1.4342    -1.4344    -1.4355    32.5430    32.5553  1026.5093    26.1748    304.058    287.533  368.44673     82.524     78.046     0.2674     1.2564     3.5226     1.1642 1.0000e-12       4917     3.4139  0.000e+00
     68.665   71.37248 -157.41440     69.385    -1.4347    -1.4346    -1.4360    32.5439    32.5558  1026.5103    26.1756    304.136    287.341  368.44870     82.545     77.994     0.2662     1.2491     3.5226     1.1642 1.0000e-12       4918     3.4146  0.000e+00
     68.650   71.37248 -157.41440     69.369    -1.4347    -1.4347    -1.4360    32.5433    32.5559  1026.5097    26.1751    303.904    287.348  368.45055     82.482     77.996     0.2674     1.2564     3.5226     1.1642 1.0000e-12       4919     3.4153  0.000e+00
     68.665   71.37248 -157.41440     69.385    -1.4347    -1.4347    -1.4360    32.5434    32.5561  1026.5099    26.1751    304.407    287.589  368.45020     82.618     78.061     0.2662     1.2491     3.5226     1.1642 1.0000e-12       4920     3.4160  0.000e+00
     68.665   71.37248 -157.41440     69.385    -1.4350    -1.4348    -1.4363    32.5440    32.5558  1026.5103    26.1756    303.975    287.406  368.45203     82.501     78.011     0.2674     1.2564     3.5226     1.1642 1.0000e-12       4921     3.4167  0.000e+00
     68.765   71.37248 -157.41440     69.486    -1.4352    -1.4350    -1.4366    32.5439    32.5560  1026.5108    26.1756    303.973    287.659  368.45451     82.499     78.080     0.2662     1.2491     3.5226     1.1642 1.0000e-12       4922     3.4174  0.000e+00
     68.665   71.37248 -157.41440     69.385    -1.4353    -1.4351    -1.4366    32.5438    32.5561  1026.5102    26.1754    303.968    287.708  368.45547     82.498     78.093     0.2662     1.2491     3.5226     1.1642 1.0000e-12       4923     3.4181  0.000e+00
     68.781   71.37248 -157.41440     69.502    -1.4356    -1.4351    -1.4369    32.5441    32.5564  1026.5110    26.1758    303.719    287.537  368.45724     82.430     78.047     0.2674     1.2564     3.5226     1.1642 1.0000e-12       4924     3.4188  0.000e+00
     68.765   71.37248 -157.41440     69.486    -1.4358    -1.4349    -1.4371    32.5444    32.5561  1026.5112    26.1760    303.942    287.758  368.45813     82.490     78.107     0.2674     1.2564     3.5226     1.1642 1.0000e-12       4925     3.4194  0.000e+00
     68.719   71.37248 -157.41440     69.439    -1.4357    -1.4348    -1.4370    32.5440    32.5557  1026.5106    26.1756    303.959    287.587  368.45891     82.495     78.060     0.2674     1.2564     3.5226     1.1642 1.0000e-12       4926     3.4201  0.000e+00
     68.835   71.37248 -157.41440     69.556    -1.4358    -1.4351    -1.4371    32.5440    32.5561  1026.5112    26.1757    303.989    287.855  368.45925     82.503     78.133     0.2662     1.2491     3.5226     1.1642 1.0000e-12       4927     3.4208  0.000e+00
     68.827   71.37248 -157.41440     69.548    -1.4362    -1.4350    -1.4375    32.5448    32.5563  1026.5118    26.1763    303.970    287.920  368.46108     82.497     78.151     0.2674     1.2564     3.5226     1.1642 1.0000e-12       4928     3.4215  0.000e+00
     68.781   71.37248 -157.41440     69.501    -1.4359    -1.4350    -1.4372    32.5441    32.5560  1026.5110    26.1757    303.950    287.726  368.46018     82.492     78.098     0.2662     1.2491     3.5226     1.1642 1.0000e-12       4929     3.4222  0.000e+00
     68.835   71.37248 -157.41440     69.556    -1.4357    -1.4350    -1.4370    32.5440    32.5562  1026.5112    26.1756    303.939    287.734  368.45886     82.489     78.100     0.2674     1.2564     3.5226     1.1642 1.0000e-12       4930     3.4229  0.000e+00
     68.881   71.37248 -157.41440     69.603    -1.4359    -1.4350    -1.4372    32.5444    32.5558  1026.5117    26.1760    304.192    287.746  368.45936     82.558     78.103     0.2674     1.2564     3.5226     1.1642 1.0000e-12       4931     3.4236  0.000e+00
     68.835   71.37248 -157.41440     69.556    -1.4360    -1.4350    -1.4374    32.5443    32.5560  1026.5114    26.1759    303.769    287.986  368.46144     82.443     78.168     0.2711     1.2784     3.5238     1.1628 1.0000e-12       4932     3.4243  0.000e+00
     68.881   71.37248 -157.41440     69.603    -1.4359    -1.4351    -1.4372    32.5441    32.5562  1026.5115    26.1758    303.981    287.804  368.46011     82.500     78.119     0.2723     1.2857     3.5250     1.1614 1.0000e-12       4933     3.4250  0.000e+00
     68.896   71.37248 -157.41440     69.618    -1.4360    -1.4350    -1.4374    32.5441    32.5560  1026.5116    26.1758    303.990    288.050  368.46180     82.502     78.186     0.2711     1.2784     3.5263     1.1601 1.0000e-12       4934     3.4257  0.000e+00
     68.896   71.37248 -157.41440     69.618    -1.4359    -1.4351    -1.4372    32.5439    32.5562  1026.5114    26.1756    303.999    288.100  368.46076     82.505     78.199     0.2723     1.2857     3.5250     1.1614 1.0000e-12       4935     3.4264  0.000e+00
     68.935   71.37248 -157.41440     69.657    -1.4362    -1.4350    -1.4375    32.5444    32.5560  1026.5120    26.1760    303.757    287.923  368.46214     82.439     78.151     0.2711     1.2784     3.5263     1.1601 1.0000e-12       4936     3.4271  0.000e+00
     68.950   71.37248 -157.41440     69.673    -1.4358    -1.4350    -1.4371    32.5438    32.5563  1026.5116    26.1755    303.727    287.944  368.45996     82.431     78.157     0.2723     1.2857     3.5263     1.1601 1.0000e-12       4937     3.4278  0.000e+00
     68.950   71.37248 -157.41440     69.673    -1.4360    -1.4351    -1.4374    32.5443    32.5562  1026.5120    26.1759    303.965    288.165  368.46140     82.496     78.217     0.2711     1.2784     3.5250     1.1614 1.0000e-12       4938     3.4285  0.000e+00
     68.997   71.37248 -157.41440     69.720    -1.4360    -1.4350    -1.4374    32.5443    32.5560  1026.5123    26.1759    303.997    288.190  368.46123     82.505     78.224     0.2723     1.2857     3.5250     1.1614 1.0000e-12       4939     3.4292  0.000e+00
     68.950   71.37248 -157.41440     69.673    -1.4360    -1.4351    -1.4374    32.5444    32.5561  1026.5121    26.1760    303.771    287.982  368.46115     82.443     78.167     0.2735     1.2930     3.5250     1.1614 1.0000e-12       4940     3.4299  0.000e+00
     69.004   71.37248 -157.41440     69.727    -1.4360    -1.4350    -1.4374    32.5443    32.5562  1026.5123    26.1759    303.765    287.974  368.46124     82.442     78.165     0.2723     1.2857     3.5250     1.1614 1.0000e-12       4941     3.4306  0.000e+00
     68.997   71.37248 -157.41440     69.720    -1.4359    -1.4350    -1.4372    32.5441    32.5563  1026.5121    26.1758    304.021    287.967  368.46006     82.511     78.163     0.2723     1.2857     3.5263     1.1601 1.0000e-12       4942     3.4312  0.000e+00
     69.066   71.37248 -157.41440     69.790    -1.4360    -1.4350    -1.4374    32.5445    32.5563  1026.5128    26.1761    303.817    287.964  368.46073     82.456     78.163     0.2711     1.2784     3.5263     1.1601 1.0000e-12       4943     3.4319  0.000e+00
     69.004   71.37248 -157.41440     69.727    -1.4358    -1.4350    -1.4371    32.5443    32.5560  1026.5123    26.1759    304.080    287.959  368.45855     82.528     78.161     0.2711     1.2784     3.5263     1.1601 1.0000e-12       4944     3.4326  0.000e+00
     69.112   71.37248 -157.41440     69.837    -1.4360    -1.4351    -1.4374    32.5445    32.5560  1026.5130    26.1761    303.838    287.961  368.46068     82.461     78.161     0.2711     1.2784     3.5250     1.1614 8.4714e-06       4945     3.4333  0.000e+00
     69.066   71.37248 -157.41440     69.790    -1.4359    -1.4350    -1.4372    32.5444    32.5559  1026.5126    26.1759    304.059    288.187  368.45944     82.522     78.223     0.2723     1.2857     3.5250     1.1614 1.0000e-12       4946     3.4340  0.000e+00
     69.120   71.37248 -157.41440     69.844    -1.4357    -1.4354    -1.4370    32.5439    32.5563  1026.5125    26.1756    303.817    288.223  368.45899     82.456     78.232     0.2711     1.2784     3.5263     1.1601 1.0000e-12       4947     3.4347  0.000e+00
     69.112   71.37248 -157.41440     69.837    -1.4360    -1.4351    -1.4374    32.5445    32.5558  1026.5130    26.1760    303.842    288.252  368.46081     82.462     78.240     0.2723     1.2857     3.5263     1.1601 1.0000e-12       4948     3.4354  0.000e+00
     69.120   71.37248 -157.41440     69.844    -1.4359    -1.4356    -1.4372    32.5443    32.5564  1026.5129    26.1759    303.818    288.056  368.45953     82.456     78.186     0.2723     1.2857     3.5250     1.1614 1.0000e-12       4949     3.4361  0.000e+00
     69.120   71.37248 -157.41440     69.844    -1.4359    -1.4355    -1.4372    32.5439    32.5567  1026.5125    26.1756    303.801    288.054  368.46078     82.451     78.186     0.2711     1.2784     3.5250     1.1614 1.0000e-12       4950     3.4368  0.000e+00
