EcoFOCI/data/1_SampleCollection/2023_SikuliaqDBO_CruiseData/CTD_raw_BottleFile_SKQ23-12S/proc/skq202312s_030.ros
* Sea-Bird SBE 9 Data File:
* FileName = D:\CTD\SKQ202312S\SKQ202312S_030.hex
* Software Version Seasave V 7.26.7.121
* Temperature SN = 6177
* Conductivity SN = 0369
* Number of Bytes Per Scan = 41
* Number of Voltage Words = 4
* Number of Scans Averaged by the Deck Unit = 1
* NMEA Latitude = 71 27.31 N
* NMEA Longitude = 157 35.45 W
* NMEA UTC (Time) = Sep 21 2023  07:26:33
* NMEA baud rate = 4800
** Ship: R/V Sikuliaq
** Station Number: 030
** Station Name: DBO5.6
** Bottom Depth: 109
** Operator: SS
# nquan = 22
# nvalues = 1127                                  
# units = specified
# name 0 = depSM: Depth [salt water, m]
# name 1 = latitude: Latitude [deg]
# name 2 = longitude: Longitude [deg]
# name 3 = prDM: Pressure, Digiquartz [db]
# name 4 = t090C: Temperature [ITS-90, deg C]
# name 5 = t190C: Temperature, 2 [ITS-90, deg C]
# name 6 = potemp090C: Potential Temperature [ITS-90, deg C]
# name 7 = sal00: Salinity, Practical [PSU]
# name 8 = sal11: Salinity, Practical, 2 [PSU]
# name 9 = density00: Density [density, kg/m^3]
# name 10 = sigma-é00: Density [sigma-theta, kg/m^3]
# name 11 = sbox0Mm/Kg: Oxygen, SBE 43 [umol/kg]
# name 12 = sbox1Mm/Kg: Oxygen, SBE 43, 2 [umol/kg]
# name 13 = oxsolMm/Kg: Oxygen Saturation, Garcia & Gordon [umol/kg]
# name 14 = sbeox0PS: Oxygen, SBE 43 [% saturation]
# name 15 = v0: Voltage 0
# name 16 = flECO-AFL: Fluorescence, WET Labs ECO-AFL/FL [mg/m^3]
# name 17 = CStarAt0: Beam Attenuation, WET Labs C-Star [1/m]
# name 18 = par: PAR/Irradiance, Biospherical/Licor
# name 19 = scan: Scan Count
# name 20 = nbf: Bottles Fired
# name 21 = flag:  0.000e+00
# interval = seconds: 0.0416667
# start_time = Sep 21 2023 07:30:42 [NMEA time, first data scan]
# bad_flag = -9.990e-29
*END*
[from data line 198]
     50.194   71.45518 -157.58996     50.718    -1.6890    -1.6874    -1.6898    32.6337    32.6438  1026.4997    26.2546    287.167    275.638  370.72331     77.461     0.1099     0.3113     0.5070 1.0000e-12      17246          5  0.000e+00
     50.194   71.45518 -157.58996     50.718    -1.6890    -1.6874    -1.6898    32.6333    32.6430  1026.4993    26.2542    287.135    275.437  370.72445     77.452     0.0989     0.2454     0.5082 1.0000e-12      17247          5  0.000e+00
     50.078   71.45518 -157.58996     50.601    -1.6890    -1.6872    -1.6898    32.6322    32.6421  1026.4979    26.2534    286.888    275.431  370.72753     77.385     0.0965     0.2308     0.5070 1.0000e-12      17248          5  0.000e+00
     50.132   71.45518 -157.58996     50.656    -1.6888    -1.6875    -1.6897    32.6310    32.6417  1026.4972    26.2524    287.121    275.435  370.72950     77.448     0.0952     0.2234     0.5070 1.0000e-12      17249          5  0.000e+00
     50.248   71.45518 -157.58996     50.773    -1.6887    -1.6878    -1.6896    32.6296    32.6411  1026.4966    26.2513    287.147    275.674  370.73222     77.454     0.0977     0.2381     0.5082 1.0000e-12      17250          5  0.000e+00
     50.078   71.45518 -157.58996     50.601    -1.6886    -1.6872    -1.6895    32.6290    32.6407  1026.4953    26.2508    287.160    275.696  370.73355     77.457     0.0952     0.2234     0.5082 1.0000e-12      17251          5  0.000e+00
     50.132   71.45518 -157.58996     50.656    -1.6888    -1.6875    -1.6897    32.6287    32.6404  1026.4954    26.2506    287.183    275.734  370.73597     77.463     0.0965     0.2308     0.5070 1.0000e-12      17252          5  0.000e+00
     50.132   71.45518 -157.58996     50.656    -1.6888    -1.6876    -1.6897    32.6289    32.6403  1026.4955    26.2507    287.201    275.767  370.73546     77.468     0.0952     0.2234     0.5082 8.4714e-06      17253          5  0.000e+00
     50.132   71.45518 -157.58996     50.656    -1.6888    -1.6875    -1.6897    32.6286    32.6399  1026.4952    26.2504    287.221    275.569  370.73647     77.473     0.0965     0.2308     0.5070 1.0000e-12      17254          5  0.000e+00
     50.078   71.45518 -157.58996     50.601    -1.6889    -1.6878    -1.6897    32.6287    32.6398  1026.4951    26.2505    287.760    275.571  370.73664     77.618     0.0965     0.2308     0.5070 1.0000e-12      17255          5  0.000e+00
     50.132   71.45518 -157.58996     50.656    -1.6886    -1.6872    -1.6895    32.6285    32.6383  1026.4952    26.2504    287.354    275.574  370.73491     77.509     0.0965     0.2308     0.5070 1.0000e-12      17256          5  0.000e+00
     50.078   71.45518 -157.58996     50.601    -1.6886    -1.6874    -1.6895    32.6281    32.6378  1026.4946    26.2501    287.315    275.810  370.73608     77.499     0.0977     0.2381     0.5082 1.0000e-12      17257          5  0.000e+00
     50.078   71.45518 -157.58996     50.601    -1.6888    -1.6872    -1.6897    32.6282    32.6364  1026.4946    26.2501    287.329    275.814  370.73764     77.502     0.0965     0.2308     0.5082 1.0000e-12      17258          5  0.000e+00
     50.132   71.45518 -157.58996     50.656    -1.6885    -1.6871    -1.6894    32.6276    32.6354  1026.4944    26.2496    287.290    275.818  370.73654     77.492     0.0965     0.2308     0.5082 8.4714e-06      17259          5  0.000e+00
     50.078   71.45518 -157.58996     50.601    -1.6889    -1.6870    -1.6897    32.6279    32.6345  1026.4944    26.2499    287.040    275.851  370.73892     77.424     0.0952     0.2234     0.5082 1.0000e-12      17260          5  0.000e+00
     50.078   71.45518 -157.58996     50.601    -1.6885    -1.6869    -1.6894    32.6278    32.6345  1026.4943    26.2498    287.260    275.851  370.73593     77.484     0.0965     0.2308     0.5082 8.4714e-06      17261          5  0.000e+00
     50.078   71.45518 -157.58996     50.601    -1.6888    -1.6869    -1.6897    32.6279    32.6336  1026.4944    26.2499    287.275    275.620  370.73840     77.487     0.0965     0.2308     0.5082 1.0000e-12      17262          5  0.000e+00
     50.078   71.45518 -157.58996     50.601    -1.6886    -1.6867    -1.6895    32.6279    32.6326  1026.4944    26.2499    287.286    275.621  370.73672     77.491     0.0965     0.2308     0.5082 1.0000e-12      17263          5  0.000e+00
     50.017   71.45518 -157.58996     50.539    -1.6886    -1.6867    -1.6895    32.6278    32.6322  1026.4940    26.2498    287.297    275.587  370.73711     77.493     0.0977     0.2381     0.5070 1.0000e-12      17264          5  0.000e+00
     50.017   71.45518 -157.58996     50.539    -1.6887    -1.6867    -1.6896    32.6283    32.6322  1026.4944    26.2502    287.309    275.589  370.73624     77.497     0.0965     0.2308     0.5082 8.4714e-06      17265          5  0.000e+00
     50.078   71.45518 -157.58996     50.601    -1.6888    -1.6866    -1.6897    32.6291    32.6321  1026.4954    26.2509    287.323    275.559  370.73485     77.501     0.0965     0.2308     0.5082 1.0000e-12      17266          5  0.000e+00
     50.078   71.45518 -157.58996     50.601    -1.6885    -1.6867    -1.6894    32.6288    32.6326  1026.4951    26.2506    287.281    275.758  370.73301     77.490     0.0952     0.2234     0.5082 1.0000e-12      17267          5  0.000e+00
     50.017   71.45518 -157.58996     50.539    -1.6888    -1.6866    -1.6897    32.6297    32.6329  1026.4956    26.2514    287.237    275.754  370.73309     77.478     0.0977     0.2381     0.5082 8.4714e-06      17268          5  0.000e+00
     50.017   71.45518 -157.58996     50.539    -1.6888    -1.6866    -1.6897    32.6312    32.6338  1026.4968    26.2526    287.242    275.520  370.72865     77.480     0.0952     0.2234     0.5070 8.4714e-06      17269          5  0.000e+00
     50.078   71.45518 -157.58996     50.601    -1.6885    -1.6867    -1.6894    32.6322    32.6348  1026.4979    26.2534    287.248    275.487  370.72300     77.483     0.0965     0.2308     0.5082 1.0000e-12      17270          5  0.000e+00
     50.017   71.45518 -157.58996     50.539    -1.6889    -1.6867    -1.6897    32.6348    32.6364  1026.4998    26.2555    287.094    275.447  370.71865     77.443     0.0965     0.2308     0.5082 8.4714e-06      17271          5  0.000e+00
     50.017   71.45518 -157.58996     50.539    -1.6888    -1.6866    -1.6897    32.6370    32.6381  1026.5015    26.2573    287.091    275.178  370.71179     77.443     0.1001     0.2527     0.5082 8.4714e-06      17272          5  0.000e+00
     50.078   71.45518 -157.58996     50.601    -1.6886    -1.6869    -1.6895    32.6379    32.6393  1026.5026    26.2580    287.091    275.149  370.70729     77.444     0.1026     0.2674     0.5082 1.0000e-12      17273          5  0.000e+00
     50.017   71.45518 -157.58996     50.539    -1.6891    -1.6868    -1.6900    32.6393    32.6398  1026.5034    26.2592    287.092    275.083  370.70779     77.444     0.1026     0.2674     0.5082 1.0000e-12      17274          5  0.000e+00
     50.017   71.45518 -157.58996     50.539    -1.6890    -1.6867    -1.6898    32.6396    32.6399  1026.5037    26.2594    287.092    275.020  370.70574     77.445     0.1038     0.2747     0.5082 8.4714e-06      17275          5  0.000e+00
     50.017   71.45518 -157.58996     50.539    -1.6890    -1.6871    -1.6898    32.6393    32.6405  1026.5034    26.2591    287.095    274.996  370.70675     77.445     0.1026     0.2674     0.5082 1.0000e-12      17276          5  0.000e+00
     50.017   71.45518 -157.58996     50.539    -1.6890    -1.6867    -1.6898    32.6387    32.6403  1026.5029    26.2587    287.099    274.970  370.70853     77.446     0.1026     0.2674     0.5082 1.0000e-12      17277          5  0.000e+00
     50.017   71.45518 -157.58996     50.539    -1.6891    -1.6869    -1.6900    32.6384    32.6406  1026.5027    26.2584    287.363    274.951  370.71045     77.517     0.1026     0.2674     0.5082 8.4714e-06      17278          5  0.000e+00
     50.017   71.45518 -157.58996     50.539    -1.6888    -1.6867    -1.6897    32.6376    32.6399  1026.5020    26.2578    287.152    274.933  370.70988     77.460     0.1026     0.2674     0.5082 1.0000e-12      17279          5  0.000e+00
     50.017   71.45518 -157.58996     50.539    -1.6890    -1.6868    -1.6898    32.6377    32.6403  1026.5021    26.2578    287.153    274.885  370.71144     77.460     0.1038     0.2747     0.5082 1.0000e-12      17280          5  0.000e+00
     50.017   71.45518 -157.58996     50.539    -1.6889    -1.6866    -1.6897    32.6380    32.6399  1026.5023    26.2581    287.152    274.836  370.70952     77.460     0.1026     0.2674     0.5082 8.4714e-06      17281          5  0.000e+00
     50.017   71.45518 -157.58996     50.539    -1.6890    -1.6867    -1.6898    32.6385    32.6405  1026.5027    26.2585    287.152    274.789  370.70916     77.460     0.1038     0.2747     0.5082 1.0000e-12      17282          5  0.000e+00
     50.017   71.45518 -157.58996     50.539    -1.6890    -1.6867    -1.6898    32.6386    32.6415  1026.5028    26.2586    287.151    274.742  370.70891     77.460     0.1026     0.2674     0.5082 1.0000e-12      17283          5  0.000e+00
     50.017   71.45518 -157.58996     50.539    -1.6891    -1.6870    -1.6900    32.6383    32.6433  1026.5025    26.2583    287.153    274.731  370.71096     77.460     0.1038     0.2747     0.5082 1.0000e-12      17284          5  0.000e+00
     49.963   71.45518 -157.58996     50.484    -1.6890    -1.6869    -1.6898    32.6371    32.6453  1026.5014    26.2574    287.153    274.717  370.71312     77.460     0.1026     0.2674     0.5082 1.0000e-12      17285          5  0.000e+00
     50.078   71.45518 -157.58996     50.601    -1.6890    -1.6871    -1.6898    32.6363    32.6458  1026.5013    26.2567    287.159    274.684  370.71549     77.461     0.1026     0.2674     0.5082 1.0000e-12      17286          5  0.000e+00
     49.963   71.45518 -157.58996     50.484    -1.6891    -1.6873    -1.6900    32.6370    32.6462  1026.5013    26.2573    287.154    274.678  370.71454     77.460     0.1026     0.2674     0.5082 1.0000e-12      17287          5  0.000e+00
     50.017   71.45518 -157.58996     50.539    -1.6891    -1.6872    -1.6900    32.6379    32.6456  1026.5023    26.2580    287.154    274.681  370.71198     77.460     0.1026     0.2674     0.5082 8.4714e-06      17288          5  0.000e+00
     50.017   71.45518 -157.58996     50.539    -1.6888    -1.6871    -1.6897    32.6387    32.6460  1026.5029    26.2586    287.150    274.647  370.70684     77.460     0.1038     0.2747     0.5070 1.0000e-12      17289          5  0.000e+00
     50.078   71.45518 -157.58996     50.601    -1.6891    -1.6872    -1.6900    32.6401    32.6473  1026.5043    26.2598    287.151    274.652  370.70562     77.461     0.1026     0.2674     0.5082 1.0000e-12      17290          5  0.000e+00
     50.017   71.45518 -157.58996     50.539    -1.6889    -1.6873    -1.6897    32.6408    32.6481  1026.5046    26.2604    287.145    274.622  370.70115     77.460     0.1038     0.2747     0.5082 1.0000e-12      17291          5  0.000e+00
     50.017   71.45518 -157.58996     50.539    -1.6893    -1.6875    -1.6901    32.6415    32.6490  1026.5052    26.2610    287.147    274.630  370.70313     77.460     0.1026     0.2674     0.5082 1.0000e-12      17292          5  0.000e+00
     50.248   71.45518 -157.58994     50.773    -1.6893    -1.6883    -1.6902    32.6420    32.6421  1026.5067    26.2614    286.405    276.672  370.70230     77.260     0.1074     0.2967     0.5082 8.4714e-06      17439          6  0.000e+00
     50.248   71.45518 -157.58994     50.773    -1.6893    -1.6882    -1.6901    32.6417    32.6421  1026.5064    26.2611    286.210    276.855  370.70267     77.207     0.1074     0.2967     0.5082 1.0000e-12      17440          6  0.000e+00
     50.302   71.45518 -157.58994     50.827    -1.6894    -1.6883    -1.6903    32.6417    32.6424  1026.5068    26.2611    286.701    276.804  370.70368     77.340     0.1074     0.2967     0.5082 1.0000e-12      17441          6  0.000e+00
     50.248   71.45518 -157.58994     50.773    -1.6893    -1.6881    -1.6901    32.6414    32.6421  1026.5062    26.2609    286.503    276.776  370.70343     77.286     0.1074     0.2967     0.5094 1.0000e-12      17442          6  0.000e+00
     50.302   71.45518 -157.58994     50.827    -1.6893    -1.6881    -1.6901    32.6411    32.6418  1026.5062    26.2606    286.520    276.785  370.70441     77.291     0.1087     0.3040     0.5082 1.0000e-12      17443          6  0.000e+00
     50.248   71.45518 -157.58994     50.773    -1.6893    -1.6885    -1.6902    32.6411    32.6417  1026.5060    26.2607    286.272    276.789  370.70484     77.224     0.1074     0.2967     0.5082 1.0000e-12      17444          6  0.000e+00
     50.302   71.45518 -157.58994     50.827    -1.6896    -1.6883    -1.6904    32.6414    32.6417  1026.5065    26.2608    286.503    276.755  370.70651     77.286     0.1087     0.3040     0.5082 8.4714e-06      17445          6  0.000e+00
     50.248   71.45518 -157.58994     50.773    -1.6896    -1.6883    -1.6904    32.6414    32.6416  1026.5062    26.2609    286.518    276.749  370.70641     77.290     0.1074     0.2967     0.5082 1.0000e-12      17446          6  0.000e+00
     50.364   71.45518 -157.58994     50.890    -1.6893    -1.6883    -1.6901    32.6407    32.6416  1026.5063    26.2603    286.538    276.747  370.70541     77.295     0.1074     0.2967     0.5082 1.0000e-12      17447          6  0.000e+00
     50.302   71.45518 -157.58994     50.827    -1.6894    -1.6885    -1.6903    32.6404    32.6416  1026.5057    26.2601    286.032    276.737  370.70748     77.159     0.1074     0.2967     0.5082 1.0000e-12      17448          6  0.000e+00
     50.302   71.45518 -157.58994     50.827    -1.6897    -1.6883    -1.6906    32.6402    32.6410  1026.5055    26.2599    286.478    276.493  370.71162     77.278     0.1074     0.2967     0.5082 1.0000e-12      17449          6  0.000e+00
     50.302   71.45518 -157.58994     50.827    -1.6896    -1.6883    -1.6904    32.6392    32.6412  1026.5047    26.2591    286.500    276.678  370.71272     77.284     0.1062     0.2894     0.5082 1.0000e-12      17450          6  0.000e+00
     50.302   71.45518 -157.58994     50.827    -1.6898    -1.6884    -1.6907    32.6384    32.6410  1026.5041    26.2585    286.525    276.663  370.71798     77.289     0.0977     0.2381     0.5082 1.0000e-12      17451          6  0.000e+00
     50.302   71.45518 -157.58994     50.827    -1.6896    -1.6884    -1.6904    32.6369    32.6413  1026.5029    26.2573    286.547    276.643  370.71944     77.295     0.0952     0.2234     0.5094 1.0000e-12      17452          6  0.000e+00
     50.364   71.45518 -157.58994     50.890    -1.6897    -1.6883    -1.6906    32.6359    32.6412  1026.5024    26.2564    286.574    276.623  370.72416     77.301     0.0940     0.2161     0.5082 8.4714e-06      17453          6  0.000e+00
     50.302   71.45518 -157.58994     50.827    -1.6901    -1.6883    -1.6909    32.6359    32.6407  1026.5020    26.2564    286.596    276.597  370.72780     77.306     0.0952     0.2234     0.5082 1.0000e-12      17454          6  0.000e+00
     50.364   71.45518 -157.58994     50.890    -1.6900    -1.6887    -1.6909    32.6357    32.6415  1026.5022    26.2563    286.358    276.574  370.72764     77.242     0.0940     0.2161     0.5082 1.0000e-12      17455          6  0.000e+00
     50.364   71.45518 -157.58994     50.890    -1.6900    -1.6884    -1.6909    32.6355    32.6415  1026.5020    26.2561    286.593    276.311  370.72841     77.305     0.0952     0.2234     0.5082 8.4714e-06      17456          6  0.000e+00
