EcoFOCI/data/1_SampleCollection/2023_SikuliaqDBO_CruiseData/CTD_raw_BottleFile_SKQ23-12S/proc/skq202312s_066.cnv
* Sea-Bird SBE 9 Data File:
* FileName = D:\CTD\SKQ202312S\SKQ202312S_066.hex
* Software Version Seasave V 7.26.7.121
* Temperature SN = 6177
* Conductivity SN = 0369
* Number of Bytes Per Scan = 41
* Number of Voltage Words = 4
* Number of Scans Averaged by the Deck Unit = 1
* NMEA Latitude = 72 12.41 N
* NMEA Longitude = 166 57.30 W
* NMEA UTC (Time) = Sep 28 2023  13:08:17
* NMEA baud rate = 4800
** Ship: R/V Sikuliaq
** Station Number: 066
** Station Name: IC0.3
** Bottom Depth: 47
** Operator: SD
# nquan = 24
# nvalues = 4842                                  
# units = specified
# name 0 = depSM: Depth [salt water, m]
# name 1 = latitude: Latitude [deg]
# name 2 = longitude: Longitude [deg]
# name 3 = prDM: Pressure, Digiquartz [db]
# name 4 = t090C: Temperature [ITS-90, deg C]
# name 5 = t190C: Temperature, 2 [ITS-90, deg C]
# name 6 = potemp090C: Potential Temperature [ITS-90, deg C]
# name 7 = sal00: Salinity, Practical [PSU]
# name 8 = sal11: Salinity, Practical, 2 [PSU]
# name 9 = density00: Density [density, kg/m^3]
# name 10 = sigma-é00: Density [sigma-theta, kg/m^3]
# name 11 = sbox0Mm/Kg: Oxygen, SBE 43 [umol/kg]
# name 12 = sbox1Mm/Kg: Oxygen, SBE 43, 2 [umol/kg]
# name 13 = oxsolMm/Kg: Oxygen Saturation, Garcia & Gordon [umol/kg]
# name 14 = sbeox0PS: Oxygen, SBE 43 [% saturation]
# name 15 = sbeox1PS: Oxygen, SBE 43, 2 [% saturation]
# name 16 = v0: Voltage 0
# name 17 = flECO-AFL: Fluorescence, WET Labs ECO-AFL/FL [mg/m^3]
# name 18 = v1: Voltage 1
# name 19 = CStarAt0: Beam Attenuation, WET Labs C-Star [1/m]
# name 20 = par: PAR/Irradiance, Biospherical/Licor
# name 21 = scan: Scan Count
# name 22 = timeM: Time, Elapsed [minutes]
# name 23 = flag:  0.000e+00
# span 0 =      2.489,     42.256                 
# span 1 =   72.20680,   72.20682                 
# span 2 = -166.95580, -166.95532                 
# span 3 =      2.514,     42.698                 
# span 4 =     0.2306,     4.3186                 
# span 5 =     0.2313,     4.3202                 
# span 6 =     0.2294,     4.3170                 
# span 7 =    30.9114,    32.4398                 
# span 8 =    30.9226,    32.4884                 
# span 9 =  1024.5362,  1026.2016                 
# span 10 =    24.5236,    26.0200                
# span 11 =    304.815,    350.082                
# span 12 =    288.016,    316.056                
# span 13 =  321.53063,  352.92889                
# span 14 =     88.313,     99.665                
# span 15 =     83.449,     90.669                
# span 16 =     0.0989,     0.2283                
# span 17 =     0.2454,     1.0220                
# span 18 =     2.5726,     4.1490                
# span 19 =     0.5094,     2.4218                
# span 20 = 1.0000e-12, 7.3024e-01                
# span 21 =          1,       4842                
# span 22 =     0.0000,     3.3618                
# span 23 = 0.0000e+00, 0.0000e+00                
# interval = seconds: 0.0416667
# start_time = Sep 28 2023 13:12:40 [NMEA time, first data scan]
# bad_flag = -9.990e-29
*END*
[from data line 1510]
     10.368   72.20682 -166.95544     10.476     4.1248     4.1264     4.1241    30.9118    30.9231  1024.5728    24.5238    308.466    292.266  323.65913     95.306     90.312     0.1477     0.5384     4.1380     0.5200 2.0263e-03       1511     1.0486  0.000e+00
     10.430   72.20682 -166.95544     10.538     4.1246     4.1261     4.1240    30.9126    30.9235  1024.5737    24.5244    308.657    292.262  323.65840     95.365     90.310     0.1490     0.5458     4.1368     0.5212 3.0480e-03       1512     1.0493  0.000e+00
     10.399   72.20682 -166.95544     10.507     4.1246     4.1261     4.1240    30.9127    30.9236  1024.5737    24.5245    308.383    292.252  323.65817     95.281     90.307     0.1477     0.5384     4.1368     0.5212 3.3905e-03       1513     1.0500  0.000e+00
     10.430   72.20682 -166.95544     10.538     4.1246     4.1259     4.1240    30.9129    30.9235  1024.5739    24.5246    308.388    292.247  323.65783     95.282     90.305     0.1490     0.5458     4.1368     0.5212 5.1175e-03       1514     1.0507  0.000e+00
     10.430   72.20682 -166.95544     10.538     4.1248     4.1261     4.1241    30.9123    30.9233  1024.5735    24.5242    308.392    292.450  323.65789     95.283     90.368     0.1465     0.5311     4.1368     0.5212 6.1655e-03       1515     1.0514  0.000e+00
     10.430   72.20682 -166.95544     10.538     4.1248     4.1261     4.1241    30.9122    30.9235  1024.5734    24.5241    308.363    292.463  323.65817     95.274     90.372     0.1477     0.5384     4.1368     0.5212 6.5167e-03       1516     1.0521  0.000e+00
     10.430   72.20682 -166.95544     10.538     4.1246     4.1259     4.1240    30.9128    30.9235  1024.5739    24.5246    308.366    292.498  323.65802     95.275     90.383     0.1465     0.5311     4.1368     0.5212 6.1655e-03       1517     1.0528  0.000e+00
     10.484   72.20682 -166.95544     10.593     4.1250     4.1261     4.1243    30.9125    30.9237  1024.5739    24.5243    308.579    292.510  323.65614     95.342     90.387     0.1477     0.5384     4.1368     0.5212 5.8152e-03       1518     1.0535  0.000e+00
     10.430   72.20682 -166.95544     10.538     4.1248     4.1261     4.1241    30.9129    30.9237  1024.5740    24.5247    308.400    292.352  323.65639     95.286     90.338     0.1477     0.5384     4.1380     0.5200 4.7702e-03       1519     1.0542  0.000e+00
     10.484   72.20682 -166.95544     10.593     4.1250     4.1261     4.1243    30.9129    30.9236  1024.5742    24.5246    308.403    292.557  323.65530     95.287     90.401     0.1477     0.5384     4.1368     0.5212 1.0131e-03       1520     1.0549  0.000e+00
     10.484   72.20682 -166.95544     10.593     4.1250     4.1262     4.1243    30.9129    30.9235  1024.5742    24.5246    308.404    292.568  323.65530     95.288     90.405     0.1490     0.5458     4.1368     0.5212 1.0000e-12       1521     1.0556  0.000e+00
     10.368   72.20682 -166.95544     10.476     4.1251     4.1262     4.1245    30.9131    30.9235  1024.5738    24.5248    308.399    292.575  323.65344     95.287     90.407     0.1477     0.5384     4.1380     0.5200 1.0000e-12       1522     1.0562  0.000e+00
     10.576   72.20682 -166.95544     10.686     4.1253     4.1261     4.1246    30.9128    30.9238  1024.5745    24.5245    308.408    292.594  323.65291     95.290     90.413     0.1477     0.5384     4.1380     0.5200 1.0000e-12       1523     1.0569  0.000e+00
     10.484   72.20682 -166.95544     10.593     4.1251     4.1266     4.1245    30.9130    30.9235  1024.5742    24.5247    308.373    292.597  323.65377     95.279     90.415     0.1477     0.5384     4.1380     0.5200 1.0000e-12       1524     1.0576  0.000e+00
     10.546   72.20682 -166.95544     10.655     4.1253     4.1264     4.1246    30.9132    30.9236  1024.5747    24.5248    308.373    292.609  323.65212     95.279     90.418     0.1477     0.5384     4.1368     0.5212 1.0000e-12       1525     1.0583  0.000e+00
     10.484   72.20682 -166.95544     10.593     4.1254     4.1264     4.1248    30.9136    30.9238  1024.5747    24.5252    308.369    292.614  323.64976     95.278     90.420     0.1477     0.5384     4.1380     0.5200 1.0000e-12       1526     1.0590  0.000e+00
     10.546   72.20682 -166.95544     10.655     4.1259     4.1266     4.1252    30.9133    30.9235  1024.5747    24.5249    308.368    292.645  323.64683     95.279     90.429     0.1477     0.5384     4.1380     0.5200 1.0000e-12       1527     1.0597  0.000e+00
     10.546   72.20682 -166.95544     10.655     4.1258     4.1266     4.1251    30.9135    30.9237  1024.5748    24.5250    308.580    292.652  323.64771     95.344     90.432     0.1490     0.5458     4.1380     0.5200 1.0000e-12       1528     1.0604  0.000e+00
     10.546   72.20682 -166.95544     10.655     4.1259     4.1267     4.1252    30.9133    30.9234  1024.5747    24.5248    308.399    292.657  323.64692     95.289     90.434     0.1477     0.5384     4.1368     0.5212 1.0000e-12       1529     1.0611  0.000e+00
     10.599   72.20682 -166.95544     10.710     4.1256     4.1266     4.1249    30.9132    30.9236  1024.5749    24.5248    308.403    292.665  323.64968     95.289     90.436     0.1490     0.5458     4.1368     0.5212 1.0000e-12       1530     1.0618  0.000e+00
     10.546   72.20682 -166.95544     10.655     4.1258     4.1266     4.1251    30.9129    30.9238  1024.5744    24.5246    308.398    292.667  323.64902     95.288     90.437     0.1477     0.5384     4.1355     0.5223 3.4241e-04       1531     1.0625  0.000e+00
     10.576   72.20682 -166.95544     10.686     4.1261     4.1269     4.1254    30.9128    30.9235  1024.5744    24.5244    308.396    292.670  323.64683     95.288     90.438     0.1477     0.5384     4.1355     0.5223 1.0131e-03       1532     1.0632  0.000e+00
     10.546   72.20682 -166.95544     10.655     4.1259     4.1267     4.1252    30.9126    30.9239  1024.5741    24.5243    308.395    292.672  323.64861     95.287     90.438     0.1429     0.5091     4.1368     0.5212 1.0131e-03       1533     1.0639  0.000e+00
     10.599   72.20682 -166.95544     10.710     4.1259     4.1267     4.1252    30.9129    30.9239  1024.5746    24.5245    308.362    292.676  323.64793     95.277     90.440     0.1416     0.5018     4.1368     0.5212 8.6453e-03       1534     1.0646  0.000e+00
     10.599   72.20682 -166.95544     10.710     4.1259     4.1267     4.1252    30.9132    30.9239  1024.5749    24.5248    308.392    292.677  323.64708     95.286     90.440     0.1392     0.4872     4.1368     0.5212 2.7030e-02       1535     1.0653  0.000e+00
     10.599   72.20682 -166.95544     10.709     4.1261     4.1266     4.1254    30.9129    30.9240  1024.5746    24.5245    308.390    292.677  323.64658     95.286     90.440     0.1404     0.4945     4.1368     0.5212 3.3731e-02       1536     1.0660  0.000e+00
     10.599   72.20680 -166.95546     10.709     4.1259     4.1270     4.1252    30.9130    30.9236  1024.5747    24.5246    308.390    292.674  323.64764     95.286     90.439     0.1416     0.5018     4.1368     0.5212 3.3731e-02       1537     1.0667  0.000e+00
     10.653   72.20680 -166.95546     10.764     4.1262     4.1272     4.1255    30.9129    30.9236  1024.5748    24.5245    308.177    292.673  323.64539     95.221     90.440     0.1392     0.4872     4.1368     0.5212 3.5887e-02       1538     1.0674  0.000e+00
     10.599   72.20680 -166.95546     10.709     4.1261     4.1270     4.1254    30.9131    30.9239  1024.5748    24.5247    308.354    292.669  323.64602     95.275     90.438     0.1416     0.5018     4.1355     0.5223 3.7196e-02       1539     1.0681  0.000e+00
     10.715   72.20680 -166.95546     10.826     4.1261     4.1272     4.1254    30.9130    30.9237  1024.5753    24.5246    308.359    292.669  323.64625     95.277     90.438     0.1404     0.4945     4.1368     0.5212 3.5454e-02       1540     1.0688  0.000e+00
     10.630   72.20680 -166.95546     10.741     4.1262     4.1269     4.1255    30.9132    30.9241  1024.5750    24.5247    308.354    292.663  323.64471     95.275     90.436     0.1404     0.4945     4.1368     0.5212 2.5807e-02       1541     1.0694  0.000e+00
     10.653   72.20680 -166.95546     10.764     4.1262     4.1269     4.1255    30.9132    30.9238  1024.5751    24.5248    308.355    292.681  323.64455     95.276     90.441     0.1392     0.4872     4.1368     0.5212 2.1803e-02       1542     1.0701  0.000e+00
     10.653   72.20680 -166.95546     10.764     4.1264     4.1272     4.1257    30.9132    30.9239  1024.5751    24.5247    308.354    292.673  323.64330     95.276     90.440     0.1404     0.4945     4.1368     0.5212 2.1803e-02       1543     1.0708  0.000e+00
     10.715   72.20680 -166.95546     10.826     4.1262     4.1272     4.1255    30.9138    30.9241  1024.5759    24.5253    308.356    292.669  323.64303     95.277     90.439     0.1416     0.5018     4.1368     0.5212 2.1016e-02       1544     1.0715  0.000e+00
     10.653   72.20680 -166.95546     10.764     4.1262     4.1272     4.1255    30.9132    30.9241  1024.5751    24.5248    308.355    292.660  323.64455     95.276     90.436     0.1404     0.4945     4.1368     0.5212 2.0233e-02       1545     1.0722  0.000e+00
     10.653   72.20680 -166.95546     10.764     4.1264     4.1276     4.1257    30.9128    30.9239  1024.5748    24.5244    308.321    292.649  323.64433     95.265     90.433     0.1416     0.5018     4.1368     0.5212 1.9844e-02       1546     1.0729  0.000e+00
     10.715   72.20680 -166.95546     10.826     4.1262     4.1275     4.1255    30.9129    30.9238  1024.5751    24.5245    308.323    292.644  323.64537     95.266     90.431     0.1404     0.4945     4.1368     0.5212 1.1906e-02       1547     1.0736  0.000e+00
     10.715   72.20680 -166.95546     10.826     4.1264     4.1275     4.1257    30.9124    30.9242  1024.5747    24.5241    308.322    292.444  323.64543     95.265     90.370     0.1416     0.5018     4.1368     0.5212 6.1655e-03       1548     1.0743  0.000e+00
     10.746   72.20680 -166.95546     10.857     4.1261     4.1273     4.1254    30.9125    30.9240  1024.5750    24.5242    308.324    292.605  323.64751     95.265     90.419     0.1392     0.4872     4.1368     0.5212 5.4659e-03       1549     1.0750  0.000e+00
     10.715   72.20680 -166.95546     10.826     4.1259     4.1273     4.1252    30.9129    30.9239  1024.5752    24.5245    308.322    292.594  323.64788     95.265     90.416     0.1404     0.4945     4.1355     0.5223 8.6453e-03       1550     1.0757  0.000e+00
     10.769   72.20680 -166.95546     10.881     4.1259     4.1275     4.1252    30.9131    30.9240  1024.5756    24.5247    308.288    292.583  323.64738     95.254     90.413     0.1392     0.4872     4.1355     0.5223 1.1540e-02       1551     1.0764  0.000e+00
     10.769   72.20680 -166.95546     10.881     4.1259     4.1275     4.1252    30.9134    30.9240  1024.5758    24.5249    308.285    292.593  323.64663     95.254     90.416     0.1404     0.4945     4.1355     0.5223 1.1906e-02       1552     1.0771  0.000e+00
     10.715   72.20680 -166.95546     10.826     4.1261     4.1273     4.1254    30.9133    30.9244  1024.5755    24.5249    308.279    292.411  323.64550     95.252     90.359     0.1416     0.5018     4.1368     0.5212 1.0810e-02       1553     1.0778  0.000e+00
     10.769   72.20680 -166.95546     10.881     4.1262     4.1273     4.1255    30.9127    30.9242  1024.5753    24.5243    308.279    292.593  323.64581     95.252     90.415     0.1404     0.4945     4.1368     0.5212 9.3628e-03       1554     1.0785  0.000e+00
     10.831   72.20680 -166.95546     10.943     4.1261     4.1272     4.1254    30.9127    30.9243  1024.5756    24.5244    308.280    292.585  323.64705     95.252     90.413     0.1416     0.5018     4.1368     0.5212 9.3628e-03       1555     1.0792  0.000e+00
     10.769   72.20680 -166.95546     10.881     4.1261     4.1272     4.1254    30.9130    30.9241  1024.5755    24.5246    308.308    292.571  323.64641     95.261     90.408     0.1404     0.4945     4.1355     0.5223 8.2880e-03       1556     1.0799  0.000e+00
     10.831   72.20680 -166.95546     10.943     4.1258     4.1272     4.1251    30.9131    30.9240  1024.5759    24.5247    308.522    292.370  323.64861     95.326     90.346     0.1404     0.4945     4.1368     0.5212 5.8152e-03       1557     1.0806  0.000e+00
     10.746   72.20680 -166.95546     10.857     4.1258     4.1270     4.1251    30.9130    30.9242  1024.5755    24.5247    308.337    292.334  323.64870     95.269     90.335     0.1404     0.4945     4.1355     0.5223 5.4659e-03       1558     1.0813  0.000e+00
     10.885   72.20680 -166.95546     10.998     4.1261     4.1272     4.1254    30.9133    30.9237  1024.5763    24.5248    308.514    292.305  323.64561     95.325     90.326     0.1441     0.5165     4.1355     0.5223 5.8152e-03       1559     1.0819  0.000e+00
     10.831   72.20680 -166.95546     10.943     4.1259     4.1270     4.1252    30.9139    30.9240  1024.5765    24.5253    308.328    292.269  323.64540     95.267     90.315     0.1453     0.5238     4.1355     0.5223 7.2223e-03       1560     1.0826  0.000e+00
     10.831   72.20680 -166.95546     10.943     4.1261     4.1272     4.1254    30.9144    30.9240  1024.5769    24.5257    308.354    292.234  323.64293     95.276     90.304     0.1441     0.5165     4.1368     0.5212 7.5765e-03       1561     1.0833  0.000e+00
     10.831   72.20680 -166.95546     10.943     4.1263     4.1270     4.1256    30.9142    30.9242  1024.5767    24.5255    308.349    292.201  323.64176     95.275     90.294     0.1441     0.5165     4.1368     0.5212 7.5765e-03       1562     1.0840  0.000e+00
     10.885   72.20680 -166.95546     10.998     4.1264     4.1270     4.1257    30.9138    30.9241  1024.5767    24.5252    308.347    292.169  323.64189     95.274     90.284     0.1441     0.5165     4.1355     0.5223 7.5765e-03       1563     1.0847  0.000e+00
     10.831   72.20680 -166.95546     10.943     4.1265     4.1270     4.1259    30.9132    30.9242  1024.5759    24.5247    308.129    292.155  323.64207     95.207     90.279     0.1441     0.5165     4.1355     0.5223 7.9318e-03       1564     1.0854  0.000e+00
     10.885   72.20680 -166.95546     10.998     4.1264     4.1272     4.1257    30.9138    30.9242  1024.5767    24.5252    308.519    292.144  323.64189     95.327     90.276     0.1441     0.5165     4.1355     0.5223 7.5765e-03       1565     1.0861  0.000e+00
     10.885   72.20680 -166.95546     10.998     4.1264     4.1275     4.1257    30.9145    30.9242  1024.5772    24.5257    308.334    292.131  323.64030     95.271     90.273     0.1441     0.5165     4.1368     0.5212 6.5167e-03       1566     1.0868  0.000e+00
     10.861   72.20680 -166.95546     10.974     4.1269     4.1273     4.1262    30.9150    30.9247  1024.5774    24.5261    308.569    292.121  323.63530     95.345     90.270     0.1441     0.5165     4.1368     0.5212 5.8152e-03       1567     1.0875  0.000e+00
     10.946   72.20680 -166.95546     11.060     4.1269     4.1276     4.1262    30.9150    30.9245  1024.5778    24.5261    308.601    291.902  323.63531     95.354     90.203     0.1441     0.5165     4.1368     0.5212 5.8152e-03       1568     1.0882  0.000e+00
     10.946   72.20680 -166.95546     11.060     4.1270     4.1276     4.1263    30.9146    30.9245  1024.5775    24.5258    308.416    291.873  323.63508     95.298     90.194     0.1453     0.5238     4.1355     0.5223 5.4659e-03       1569     1.0889  0.000e+00
