EcoFOCI/data/1_SampleCollection/2023_SikuliaqDBO_CruiseData/CTD_raw_BottleFile_SKQ23-12S/proc/skq202312s_082.cnv
* Sea-Bird SBE 9 Data File:
* FileName = D:\CTD\SKQ202312S\SKQ202312S_082.hex
* Software Version Seasave V 7.26.7.121
* Temperature SN = 6177
* Conductivity SN = 0369
* Number of Bytes Per Scan = 41
* Number of Voltage Words = 4
* Number of Scans Averaged by the Deck Unit = 1
* NMEA Latitude = 65 40.20 N
* NMEA Longitude = 168 22.04 W
* NMEA UTC (Time) = Oct 03 2023  09:48:47
* NMEA baud rate = 4800
** Ship: R/V Sikuliaq
** Station Number: 082
** Station Name: BS3
** Bottom Depth: 54
** Operator: SD
# nquan = 24
# nvalues = 4335                                  
# units = specified
# name 0 = depSM: Depth [salt water, m]
# name 1 = latitude: Latitude [deg]
# name 2 = longitude: Longitude [deg]
# name 3 = prDM: Pressure, Digiquartz [db]
# name 4 = t090C: Temperature [ITS-90, deg C]
# name 5 = t190C: Temperature, 2 [ITS-90, deg C]
# name 6 = potemp090C: Potential Temperature [ITS-90, deg C]
# name 7 = sal00: Salinity, Practical [PSU]
# name 8 = sal11: Salinity, Practical, 2 [PSU]
# name 9 = density00: Density [density, kg/m^3]
# name 10 = sigma-é00: Density [sigma-theta, kg/m^3]
# name 11 = sbox0Mm/Kg: Oxygen, SBE 43 [umol/kg]
# name 12 = sbox1Mm/Kg: Oxygen, SBE 43, 2 [umol/kg]
# name 13 = oxsolMm/Kg: Oxygen Saturation, Garcia & Gordon [umol/kg]
# name 14 = sbeox0PS: Oxygen, SBE 43 [% saturation]
# name 15 = sbeox1PS: Oxygen, SBE 43, 2 [% saturation]
# name 16 = v0: Voltage 0
# name 17 = flECO-AFL: Fluorescence, WET Labs ECO-AFL/FL [mg/m^3]
# name 18 = v1: Voltage 1
# name 19 = CStarAt0: Beam Attenuation, WET Labs C-Star [1/m]
# name 20 = par: PAR/Irradiance, Biospherical/Licor
# name 21 = scan: Scan Count
# name 22 = timeM: Time, Elapsed [minutes]
# name 23 = flag:  0.000e+00
# span 0 =      1.748,     47.513                 
# span 1 =   65.66982,   65.66992                 
# span 2 = -168.36854, -168.36790                 
# span 3 =      1.765,     47.991                 
# span 4 =     3.0148,     6.5091                 
# span 5 =     3.0152,     6.5102                 
# span 6 =     3.0130,     6.5081                 
# span 7 =    26.2911,    32.8800                 
# span 8 =    26.3032,    32.9084                 
# span 9 =  1020.6688,  1026.4015                 
# span 10 =    20.6565,    26.1912                
# span 11 =    245.087,    294.797                
# span 12 =    236.244,    281.753                
# span 13 =  305.14474,  327.68084                
# span 14 =     74.805,     92.588                
# span 15 =     72.113,     88.519                
# span 16 =     0.1160,     0.2930                
# span 17 =     0.3480,     1.4102                
# span 18 =     3.3248,     4.0537                
# span 19 =     0.6023,     1.3955                
# span 20 = 1.0000e-12, 5.6887e-01                
# span 21 =          1,       4335                
# span 22 =     0.0000,     3.0097                
# span 23 = 0.0000e+00, 0.0000e+00                
# interval = seconds: 0.0416667
# start_time = Oct 03 2023 09:52:12 [NMEA time, first data scan]
# bad_flag = -9.990e-29
*END*
[from data line 3563]
     45.507   65.66984 -168.36836     45.964     3.0242     3.0249     3.0215    32.8614    32.8722  1026.3918    26.1762    245.903    237.807  327.63432     75.054     72.590     0.1685     0.6630     3.7766     0.8857 1.0000e-12       3564     2.4743  0.000e+00
     45.568   65.66984 -168.36836     46.027     3.0238     3.0251     3.0211    32.8612    32.8717  1026.3920    26.1761    245.960    237.799  327.63818     75.070     72.588     0.1697     0.6703     3.7766     0.8857 1.0000e-12       3565     2.4750  0.000e+00
     45.507   65.66984 -168.36836     45.964     3.0239     3.0249     3.0213    32.8614    32.8724  1026.3918    26.1762    246.009    237.981  327.63650     75.086     72.643     0.1685     0.6630     3.7766     0.8857 1.0000e-12       3566     2.4757  0.000e+00
     45.561   65.66984 -168.36836     46.019     3.0240     3.0251     3.0214    32.8611    32.8723  1026.3919    26.1761    245.847    237.990  327.63618     75.036     72.646     0.1697     0.6703     3.7766     0.8857 1.0000e-12       3567     2.4764  0.000e+00
     45.568   65.66984 -168.36836     46.027     3.0239     3.0249     3.0213    32.8616    32.8722  1026.3923    26.1764    245.832    237.997  327.63598     75.032     72.648     0.1685     0.6630     3.7766     0.8857 1.0000e-12       3568     2.4771  0.000e+00
     45.507   65.66984 -168.36836     45.964     3.0240     3.0249     3.0214    32.8610    32.8724  1026.3915    26.1759    246.071    237.803  327.63651     75.105     72.589     0.1697     0.6703     3.7766     0.8857 1.0000e-12       3569     2.4778  0.000e+00
     45.568   65.66984 -168.36836     46.027     3.0238     3.0249     3.0211    32.8611    32.8722  1026.3919    26.1760    246.062    237.978  327.63848     75.102     72.643     0.1697     0.6703     3.7827     0.8792 1.0000e-12       3570     2.4785  0.000e+00
     45.507   65.66984 -168.36836     45.964     3.0239     3.0248     3.0213    32.8611    32.8723  1026.3916    26.1760    245.863    237.975  327.63721     75.041     72.641     0.1685     0.6630     3.7875     0.8740 1.0000e-12       3571     2.4792  0.000e+00
     45.568   65.66984 -168.36836     46.027     3.0239     3.0246     3.0213    32.8612    32.8722  1026.3920    26.1761    246.107    237.974  327.63699     75.116     72.641     0.1697     0.6703     3.7875     0.8740 1.0000e-12       3572     2.4799  0.000e+00
     45.568   65.66984 -168.36836     46.027     3.0239     3.0244     3.0213    32.8611    32.8725  1026.3919    26.1761    245.915    237.967  327.63709     75.057     72.638     0.1685     0.6630     3.7875     0.8740 1.0000e-12       3573     2.4806  0.000e+00
     45.561   65.66984 -168.36836     46.019     3.0240     3.0246     3.0214    32.8611    32.8722  1026.3918    26.1760    246.123    237.955  327.63638     75.121     72.635     0.1697     0.6703     3.7863     0.8753 1.0000e-12       3574     2.4813  0.000e+00
     45.507   65.66984 -168.36836     45.964     3.0236     3.0246     3.0210    32.8613    32.8717  1026.3918    26.1762    246.150    237.965  327.63919     75.128     72.638     0.1685     0.6630     3.7875     0.8740 1.0000e-12       3575     2.4819  0.000e+00
     45.568   65.66984 -168.36836     46.027     3.0239     3.0246     3.0213    32.8613    32.8720  1026.3921    26.1762    246.176    237.951  327.63669     75.137     72.634     0.1685     0.6630     3.7875     0.8740 1.0000e-12       3576     2.4826  0.000e+00
     45.568   65.66984 -168.36836     46.027     3.0239     3.0244     3.0213    32.8612    32.8720  1026.3920    26.1761    246.202    238.153  327.63679     75.145     72.695     0.1685     0.6630     3.7875     0.8740 1.0000e-12       3577     2.4833  0.000e+00
     45.568   65.66984 -168.36836     46.027     3.0238     3.0246     3.0211    32.8611    32.8720  1026.3920    26.1761    246.230    238.177  327.63838     75.153     72.703     0.1697     0.6703     3.7863     0.8753 1.0000e-12       3578     2.4840  0.000e+00
     45.568   65.66984 -168.36836     46.027     3.0238     3.0243     3.0211    32.8615    32.8721  1026.3922    26.1763    246.255    238.007  327.63758     75.161     72.650     0.1697     0.6703     3.7875     0.8740 1.0000e-12       3579     2.4847  0.000e+00
     45.507   65.66984 -168.36836     45.964     3.0239     3.0244     3.0213    32.8613    32.8720  1026.3918    26.1762    246.061    237.979  327.63671     75.102     72.642     0.1685     0.6630     3.7875     0.8740 1.0000e-12       3580     2.4854  0.000e+00
     45.561   65.66984 -168.36836     46.019     3.0239     3.0244     3.0213    32.8611    32.8722  1026.3919    26.1761    246.273    237.975  327.63708     75.167     72.641     0.1697     0.6703     3.7875     0.8740 1.0000e-12       3581     2.4861  0.000e+00
     45.568   65.66984 -168.36836     46.027     3.0239     3.0244     3.0213    32.8612    32.8725  1026.3920    26.1761    246.301    238.163  327.63699     75.175     72.698     0.1685     0.6630     3.7875     0.8740 1.0000e-12       3582     2.4868  0.000e+00
     45.568   65.66984 -168.36836     46.027     3.0236     3.0244     3.0210    32.8613    32.8723  1026.3921    26.1762    246.331    237.982  327.63927     75.184     72.643     0.1697     0.6703     3.7875     0.8740 1.0000e-12       3583     2.4875  0.000e+00
     45.568   65.66984 -168.36836     46.027     3.0239     3.0248     3.0213    32.8613    32.8719  1026.3921    26.1762    246.357    237.969  327.63669     75.192     72.639     0.1685     0.6630     3.7875     0.8740 1.0000e-12       3584     2.4882  0.000e+00
     45.568   65.66984 -168.36836     46.027     3.0240     3.0246     3.0214    32.8613    32.8721  1026.3921    26.1762    246.166    237.957  327.63569     75.134     72.635     0.1697     0.6703     3.7863     0.8753 8.4714e-06       3585     2.4889  0.000e+00
     45.568   65.66984 -168.36836     46.027     3.0239     3.0246     3.0213    32.8614    32.8721  1026.3922    26.1763    246.378    237.747  327.63639     75.199     72.571     0.1685     0.6630     3.7863     0.8753 1.0000e-12       3586     2.4896  0.000e+00
     45.568   65.66984 -168.36836     46.027     3.0240     3.0246     3.0214    32.8611    32.8721  1026.3919    26.1761    246.190    237.903  327.63619     75.141     72.619     0.1734     0.6923     3.7863     0.8753 1.0000e-12       3587     2.4903  0.000e+00
     45.561   65.66984 -168.36836     46.019     3.0240     3.0246     3.0214    32.8615    32.8721  1026.3922    26.1763    246.402    237.861  327.63528     75.206     72.606     0.1844     0.7582     3.7875     0.8740 1.0000e-12       3588     2.4910  0.000e+00
     45.568   65.66984 -168.36836     46.027     3.0238     3.0246     3.0211    32.8617    32.8721  1026.3924    26.1765    246.398    237.841  327.63708     75.205     72.600     0.1868     0.7729     3.7863     0.8753 1.0000e-12       3589     2.4917  0.000e+00
     45.568   65.66984 -168.36836     46.027     3.0242     3.0249     3.0215    32.8612    32.8718  1026.3920    26.1761    246.171    237.816  327.63480     75.136     72.593     0.1868     0.7729     3.7778     0.8844 1.0000e-12       3590     2.4924  0.000e+00
     45.568   65.66984 -168.36836     46.027     3.0238     3.0248     3.0211    32.8614    32.8722  1026.3922    26.1763    246.168    237.792  327.63768     75.134     72.585     0.1856     0.7656     3.7717     0.8908 1.0000e-12       3591     2.4931  0.000e+00
     45.568   65.66984 -168.36836     46.027     3.0238     3.0248     3.0211    32.8613    32.8720  1026.3921    26.1762    246.164    237.790  327.63798     75.133     72.585     0.1868     0.7729     3.7705     0.8921 1.0000e-12       3592     2.4937  0.000e+00
     45.568   65.66984 -168.36836     46.027     3.0239     3.0246     3.0213    32.8612    32.8718  1026.3920    26.1761    246.123    237.982  327.63699     75.121     72.643     0.1856     0.7656     3.7705     0.8921 1.0000e-12       3593     2.4944  0.000e+00
     45.568   65.66984 -168.36836     46.027     3.0239     3.0249     3.0213    32.8611    32.8720  1026.3919    26.1761    246.121    237.802  327.63709     75.120     72.589     0.1868     0.7729     3.7705     0.8921 1.0000e-12       3594     2.4951  0.000e+00
     45.561   65.66984 -168.36836     46.019     3.0239     3.0246     3.0213    32.8614    32.8725  1026.3921    26.1762    246.118    237.991  327.63648     75.119     72.646     0.1856     0.7656     3.7717     0.8908 1.0000e-12       3595     2.4958  0.000e+00
     45.568   65.66984 -168.36836     46.027     3.0238     3.0249     3.0211    32.8614    32.8718  1026.3922    26.1763    246.337    237.810  327.63768     75.186     72.591     0.1856     0.7656     3.7717     0.8908 1.0000e-12       3596     2.4965  0.000e+00
     45.568   65.66984 -168.36836     46.027     3.0236     3.0248     3.0210    32.8617    32.8721  1026.3924    26.1765    245.938    237.606  327.63837     75.064     72.529     0.1868     0.7729     3.7717     0.8908 1.0000e-12       3597     2.4972  0.000e+00
     45.568   65.66984 -168.36838     46.027     3.0236     3.0246     3.0210    32.8618    32.8724  1026.3925    26.1766    246.123    237.574  327.63807     75.120     72.519     0.1856     0.7656     3.7705     0.8921 1.0000e-12       3598     2.4979  0.000e+00
     45.568   65.66984 -168.36838     46.027     3.0239     3.0249     3.0213    32.8615    32.8721  1026.3922    26.1763    246.343    237.541  327.63619     75.188     72.509     0.1868     0.7729     3.7705     0.8921 1.0000e-12       3599     2.4986  0.000e+00
     45.568   65.66984 -168.36838     46.027     3.0239     3.0248     3.0213    32.8612    32.8720  1026.3920    26.1761    246.129    237.510  327.63689     75.123     72.499     0.1856     0.7656     3.7717     0.8908 1.0000e-12       3600     2.4993  0.000e+00
     45.568   65.66984 -168.36838     46.027     3.0236     3.0248     3.0210    32.8613    32.8719  1026.3921    26.1762    246.099    237.478  327.63927     75.113     72.489     0.1868     0.7729     3.7705     0.8921 1.0000e-12       3601     2.5000  0.000e+00
     45.561   65.66984 -168.36838     46.019     3.0239     3.0248     3.0213    32.8611    32.8719  1026.3918    26.1760    246.065    237.640  327.63728     75.103     72.539     0.1856     0.7656     3.7705     0.8921 1.0000e-12       3602     2.5007  0.000e+00
     45.568   65.66984 -168.36838     46.027     3.0239     3.0246     3.0213    32.8614    32.8721  1026.3921    26.1762    246.033    237.631  327.63649     75.093     72.536     0.1856     0.7656     3.7717     0.8908 1.0000e-12       3603     2.5014  0.000e+00
     45.568   65.66984 -168.36838     46.027     3.0238     3.0244     3.0211    32.8612    32.8725  1026.3920    26.1761    246.002    237.425  327.63818     75.083     72.473     0.1856     0.7656     3.7717     0.8908 1.0000e-12       3604     2.5021  0.000e+00
     45.568   65.66984 -168.36838     46.027     3.0238     3.0248     3.0211    32.8615    32.8720  1026.3922    26.1763    246.006    237.390  327.63758     75.085     72.463     0.1868     0.7729     3.7717     0.8908 1.0000e-12       3605     2.5028  0.000e+00
     45.568   65.66984 -168.36838     46.027     3.0239     3.0246     3.0213    32.8612    32.8723  1026.3920    26.1761    246.192    237.356  327.63679     75.142     72.452     0.1868     0.7729     3.7717     0.8908 1.0000e-12       3606     2.5035  0.000e+00
     45.568   65.66984 -168.36838     46.027     3.0238     3.0248     3.0211    32.8611    32.8720  1026.3920    26.1761    245.979    237.322  327.63838     75.076     72.442     0.1856     0.7656     3.7717     0.8908 1.0000e-12       3607     2.5042  0.000e+00
     45.568   65.66984 -168.36838     46.027     3.0236     3.0244     3.0210    32.8618    32.8720  1026.3925    26.1766    246.164    237.290  327.63797     75.133     72.431     0.1868     0.7729     3.7705     0.8921 1.0000e-12       3608     2.5049  0.000e+00
     45.561   65.66984 -168.36838     46.019     3.0239     3.0246     3.0213    32.8611    32.8720  1026.3919    26.1760    246.164    237.254  327.63718     75.133     72.421     0.1856     0.7656     3.7717     0.8908 1.0000e-12       3609     2.5056  0.000e+00
     45.568   65.66984 -168.36838     46.027     3.0236     3.0248     3.0210    32.8616    32.8719  1026.3924    26.1765    246.166    237.220  327.63847     75.133     72.411     0.1856     0.7656     3.7753     0.8870 1.0000e-12       3610     2.5063  0.000e+00
     45.568   65.66984 -168.36838     46.027     3.0236     3.0246     3.0210    32.8616    32.8721  1026.3923    26.1764    245.947    237.186  327.63857     75.067     72.400     0.1856     0.7656     3.7802     0.8818 1.0000e-12       3611     2.5069  0.000e+00
     45.622   65.66984 -168.36838     46.081     3.0236     3.0244     3.0209    32.8613    32.8719  1026.3923    26.1762    245.949    237.155  327.63934     75.067     72.390     0.1856     0.7656     3.7814     0.8805 1.0000e-12       3612     2.5076  0.000e+00
     45.507   65.66984 -168.36838     45.964     3.0236     3.0244     3.0210    32.8610    32.8717  1026.3916    26.1760    245.947    237.118  327.63999     75.066     72.379     0.1661     0.6483     3.7802     0.8818 1.0000e-12       3613     2.5083  0.000e+00
     45.622   65.66984 -168.36838     46.081     3.0236     3.0246     3.0209    32.8613    32.8716  1026.3924    26.1763    246.171    237.087  327.63914     75.135     72.370     0.1514     0.5604     3.7802     0.8818 1.0000e-12       3614     2.5090  0.000e+00
     45.561   65.66984 -168.36838     46.019     3.0236     3.0244     3.0210    32.8615    32.8719  1026.3922    26.1763    245.989    237.075  327.63886     75.079     72.366     0.1514     0.5604     3.7814     0.8805 1.0000e-12       3615     2.5097  0.000e+00
     45.568   65.66984 -168.36838     46.027     3.0236     3.0246     3.0210    32.8613    32.8720  1026.3921    26.1762    246.175    237.065  327.63927     75.136     72.363     0.1514     0.5604     3.7802     0.8818 1.0000e-12       3616     2.5104  0.000e+00
     45.568   65.66984 -168.36838     46.027     3.0236     3.0246     3.0210    32.8615    32.8718  1026.3922    26.1763    246.176    237.057  327.63887     75.136     72.360     0.1514     0.5604     3.7814     0.8805 1.0000e-12       3617     2.5111  0.000e+00
     45.568   65.66984 -168.36838     46.027     3.0239     3.0244     3.0213    32.8613    32.8725  1026.3921    26.1762    245.993    237.025  327.63659     75.081     72.351     0.1514     0.5604     3.7802     0.8818 1.0000e-12       3618     2.5118  0.000e+00
     45.568   65.66984 -168.36838     46.027     3.0239     3.0246     3.0213    32.8612    32.8722  1026.3920    26.1761    245.996    237.017  327.63679     75.082     72.349     0.1526     0.5678     3.7802     0.8818 1.0000e-12       3619     2.5125  0.000e+00
     45.568   65.66984 -168.36838     46.027     3.0239     3.0244     3.0213    32.8612    32.8720  1026.3920    26.1761    246.182    237.012  327.63689     75.139     72.347     0.1514     0.5604     3.7814     0.8805 1.0000e-12       3620     2.5132  0.000e+00
     45.622   65.66984 -168.36838     46.081     3.0238     3.0246     3.0211    32.8617    32.8717  1026.3927    26.1765    246.004    237.007  327.63695     75.084     72.345     0.1514     0.5604     3.7802     0.8818 1.0000e-12       3621     2.5139  0.000e+00
     45.561   65.66984 -168.36838     46.019     3.0239     3.0244     3.0213    32.8613    32.8719  1026.3921    26.1762    245.970    237.001  327.63658     75.074     72.343     0.1502     0.5531     3.7802     0.8818 1.0000e-12       3622     2.5146  0.000e+00
