EcoFOCI/data/1_SampleCollection/2023_SikuliaqDBO_CruiseData/CTD_raw_BottleFile_SKQ23-12S/proc/skq202312s_011svp.cnv
* Sea-Bird SBE 9 Data File:
* FileName = D:\CTD\SKQ202312S\SKQ202312S_011.hex
* Software Version Seasave V 7.26.7.121
* Temperature SN = 6177
* Conductivity SN = 0369
* Number of Bytes Per Scan = 41
* Number of Voltage Words = 4
* Number of Scans Averaged by the Deck Unit = 1
* NMEA Latitude = 63 36.26 N
* NMEA Longitude = 172 35.70 W
* NMEA UTC (Time) = Sep 16 2023  18:45:33
* NMEA baud rate = 4800
** Ship: R/V Sikuliaq
** Station Number: 011
** Station Name: DBO1.10
** Bottom Depth: 53
** Operator: SD
# nquan = 7
# nvalues = 4826                                  
# units = specified
# name 0 = depSM: Depth [salt water, m]
# name 1 = latitude: Latitude [deg]
# name 2 = longitude: Longitude [deg]
# name 3 = t090C: Temperature [ITS-90, deg C]
# name 4 = sal00: Salinity, Practical [PSU]
# name 5 = svCM: Sound Velocity [Chen-Millero, m/s]
# name 6 = flag:  0.000e+00
# span 0 =      1.795,     48.538                 
# span 1 =   63.60454,   63.60480                 
# span 2 = -172.59616, -172.59548                 
# span 3 =    -0.1031,     7.7200                 
# span 4 =    31.6487,    32.4655                 
# span 5 =    1445.94,    1477.59                 
# span 6 = 0.0000e+00, 0.0000e+00                 
# interval = seconds: 0.0416667
# start_time = Sep 16 2023 18:47:53 [NMEA time, first data scan]
# bad_flag = -9.990e-29
*END*
[from data line 3283]
     42.182   63.60478 -172.59588     2.1834    32.3198    1456.08  0.000e+00
     42.182   63.60478 -172.59588     2.2025    32.3195    1456.16  0.000e+00
     42.236   63.60478 -172.59588     2.2269    32.3137    1456.26  0.000e+00
     42.182   63.60478 -172.59588     2.2322    32.3230    1456.29  0.000e+00
     42.236   63.60478 -172.59588     2.2437    32.3214    1456.34  0.000e+00
     42.182   63.60478 -172.59588     2.2885    32.3127    1456.53  0.000e+00
     42.182   63.60478 -172.59588     2.3111    32.2767    1456.58  0.000e+00
     42.182   63.60478 -172.59588     2.2614    32.2515    1456.33  0.000e+00
     42.236   63.60478 -172.59588     2.2113    32.2553    1456.11  0.000e+00
     42.175   63.60478 -172.59588     2.1965    32.2834    1456.09  0.000e+00
     42.236   63.60478 -172.59588     2.1922    32.3105    1456.10  0.000e+00
     42.236   63.60478 -172.59588     2.1994    32.3161    1456.14  0.000e+00
     42.182   63.60478 -172.59588     2.2141    32.3198    1456.21  0.000e+00
     42.236   63.60478 -172.59588     2.2379    32.3176    1456.31  0.000e+00
     42.236   63.60478 -172.59588     2.2620    32.3207    1456.42  0.000e+00
     42.298   63.60478 -172.59588     2.2820    32.2919    1456.47  0.000e+00
     42.236   63.60478 -172.59588     2.2708    32.2460    1456.36  0.000e+00
     42.298   63.60478 -172.59588     2.2426    32.2076    1456.19  0.000e+00
     42.298   63.60478 -172.59588     2.2001    32.2037    1456.00  0.000e+00
     42.236   63.60478 -172.59588     2.1737    32.2294    1455.92  0.000e+00
     42.298   63.60478 -172.59588     2.1714    32.2347    1455.91  0.000e+00
     42.352   63.60478 -172.59588     2.1564    32.2454    1455.86  0.000e+00
     42.352   63.60478 -172.59588     2.1457    32.2506    1455.82  0.000e+00
     42.298   63.60478 -172.59588     2.1186    32.2626    1455.72  0.000e+00
     42.352   63.60478 -172.59588     2.0726    32.2678    1455.52  0.000e+00
     42.352   63.60478 -172.59588     2.0147    32.2608    1455.26  0.000e+00
     42.352   63.60478 -172.59588     1.9693    32.2347    1455.03  0.000e+00
     42.352   63.60478 -172.59588     1.8886    32.2410    1454.68  0.000e+00
     42.414   63.60478 -172.59588     1.8146    32.2529    1454.37  0.000e+00
     42.406   63.60478 -172.59588     1.7877    32.2320    1454.22  0.000e+00
     42.414   63.60478 -172.59590     1.7505    32.2233    1454.04  0.000e+00
     42.414   63.60478 -172.59590     1.6874    32.2467    1453.79  0.000e+00
     42.414   63.60478 -172.59590     1.6311    32.2633    1453.57  0.000e+00
     42.468   63.60478 -172.59590     1.5652    32.2617    1453.27  0.000e+00
     42.468   63.60478 -172.59590     1.4844    32.2616    1452.91  0.000e+00
     42.468   63.60478 -172.59590     1.4059    32.2759    1452.58  0.000e+00
     42.522   63.60478 -172.59590     1.3444    32.3118    1452.35  0.000e+00
     42.529   63.60478 -172.59590     1.3342    32.3304    1452.33  0.000e+00
     42.529   63.60478 -172.59590     1.3412    32.3364    1452.37  0.000e+00
     42.529   63.60478 -172.59590     1.3503    32.3350    1452.41  0.000e+00
     42.583   63.60478 -172.59590     1.3383    32.3346    1452.36  0.000e+00
     42.583   63.60478 -172.59590     1.3256    32.3258    1452.29  0.000e+00
     42.583   63.60478 -172.59590     1.3051    32.3024    1452.17  0.000e+00
     42.576   63.60478 -172.59590     1.2630    32.2920    1451.96  0.000e+00
     42.637   63.60478 -172.59590     1.2210    32.3001    1451.79  0.000e+00
     42.637   63.60478 -172.59590     1.1884    32.3206    1451.67  0.000e+00
     42.637   63.60478 -172.59590     1.1665    32.3396    1451.59  0.000e+00
     42.637   63.60478 -172.59590     1.1653    32.3532    1451.61  0.000e+00
     42.637   63.60478 -172.59590     1.1807    32.3639    1451.69  0.000e+00
     42.699   63.60478 -172.59590     1.2004    32.3553    1451.77  0.000e+00
     42.753   63.60478 -172.59590     1.2031    32.3386    1451.76  0.000e+00
     42.699   63.60478 -172.59590     1.1872    32.3155    1451.66  0.000e+00
     42.699   63.60478 -172.59590     1.1497    32.3012    1451.47  0.000e+00
     42.753   63.60478 -172.59590     1.0926    32.3076    1451.22  0.000e+00
     42.753   63.60478 -172.59590     1.0540    32.3069    1451.05  0.000e+00
     42.753   63.60478 -172.59590     1.0098    32.3182    1450.86  0.000e+00
     42.753   63.60478 -172.59590     0.9736    32.3256    1450.71  0.000e+00
     42.807   63.60478 -172.59590     0.9594    32.3152    1450.63  0.000e+00
     42.815   63.60478 -172.59590     0.9325    32.3216    1450.52  0.000e+00
     42.753   63.60478 -172.59590     0.9026    32.3325    1450.40  0.000e+00
     42.869   63.60478 -172.59590     0.8709    32.3441    1450.27  0.000e+00
     42.815   63.60478 -172.59590     0.8345    32.3584    1450.12  0.000e+00
     42.869   63.60478 -172.59590     0.8151    32.3606    1450.04  0.000e+00
     42.869   63.60478 -172.59590     0.8036    32.3605    1449.99  0.000e+00
     42.869   63.60478 -172.59590     0.7855    32.3731    1449.92  0.000e+00
     42.869   63.60478 -172.59590     0.7683    32.3834    1449.86  0.000e+00
     42.930   63.60478 -172.59590     0.7586    32.3874    1449.82  0.000e+00
     42.930   63.60478 -172.59590     0.7564    32.3852    1449.81  0.000e+00
     42.930   63.60478 -172.59590     0.7525    32.3846    1449.79  0.000e+00
     42.984   63.60478 -172.59590     0.7421    32.3893    1449.75  0.000e+00
     42.930   63.60478 -172.59590     0.7313    32.3949    1449.71  0.000e+00
     42.923   63.60478 -172.59590     0.7240    32.3982    1449.68  0.000e+00
     42.984   63.60478 -172.59590     0.7188    32.3997    1449.66  0.000e+00
     42.984   63.60478 -172.59590     0.7157    32.4008    1449.64  0.000e+00
     42.930   63.60478 -172.59590     0.7156    32.3988    1449.64  0.000e+00
     42.984   63.60478 -172.59590     0.7133    32.3986    1449.63  0.000e+00
     42.984   63.60478 -172.59590     0.7072    32.4009    1449.61  0.000e+00
     42.984   63.60478 -172.59590     0.7000    32.4029    1449.57  0.000e+00
     43.038   63.60478 -172.59590     0.6981    32.4020    1449.57  0.000e+00
     42.977   63.60478 -172.59590     0.6953    32.4017    1449.55  0.000e+00
     43.038   63.60478 -172.59590     0.6952    32.3981    1449.55  0.000e+00
     43.038   63.60478 -172.59590     0.6941    32.3985    1449.54  0.000e+00
     43.038   63.60478 -172.59590     0.6938    32.4051    1449.55  0.000e+00
     43.038   63.60478 -172.59590     0.6945    32.4088    1449.56  0.000e+00
     43.038   63.60478 -172.59590     0.6952    32.4040    1449.56  0.000e+00
     43.100   63.60478 -172.59590     0.6904    32.4049    1449.54  0.000e+00
     43.092   63.60478 -172.59590     0.6937    32.4162    1449.57  0.000e+00
     43.154   63.60478 -172.59590     0.7352    32.4294    1449.77  0.000e+00
     43.100   63.60478 -172.59590     0.8290    32.4159    1450.18  0.000e+00
     43.100   63.60478 -172.59590     0.9163    32.3861    1450.54  0.000e+00
     43.100   63.60478 -172.59590     0.9742    32.3780    1450.79  0.000e+00
     43.038   63.60478 -172.59590     1.0186    32.3700    1450.98  0.000e+00
     43.038   63.60478 -172.59590     1.0158    32.3649    1450.96  0.000e+00
     42.984   63.60478 -172.59590     0.9798    32.3828    1450.82  0.000e+00
     43.038   63.60478 -172.59590     0.9887    32.3740    1450.85  0.000e+00
     42.984   63.60478 -172.59590     0.9957    32.3567    1450.85  0.000e+00
     42.984   63.60478 -172.59590     0.9887    32.3341    1450.79  0.000e+00
     42.984   63.60478 -172.59590     0.9497    32.3243    1450.60  0.000e+00
     42.984   63.60478 -172.59590     0.8877    32.3258    1450.32  0.000e+00
     42.984   63.60478 -172.59590     0.8504    32.3409    1450.18  0.000e+00
     42.984   63.60478 -172.59590     0.8345    32.3730    1450.15  0.000e+00
     42.976   63.60478 -172.59590     0.8354    32.3881    1450.17  0.000e+00
     42.984   63.60478 -172.59590     0.8484    32.3791    1450.22  0.000e+00
     42.984   63.60478 -172.59590     0.8523    32.3712    1450.22  0.000e+00
     43.038   63.60478 -172.59590     0.8424    32.3728    1450.18  0.000e+00
     43.038   63.60478 -172.59590     0.8259    32.3814    1450.12  0.000e+00
     42.984   63.60478 -172.59590     0.8112    32.3881    1450.06  0.000e+00
     43.038   63.60478 -172.59590     0.7956    32.3943    1450.00  0.000e+00
     42.922   63.60478 -172.59590     0.7945    32.3881    1449.98  0.000e+00
     43.038   63.60478 -172.59590     0.7959    32.3820    1449.98  0.000e+00
     42.984   63.60478 -172.59590     0.7941    32.3797    1449.97  0.000e+00
     42.930   63.60478 -172.59590     0.7905    32.3813    1449.96  0.000e+00
     42.984   63.60478 -172.59590     0.7900    32.3774    1449.95  0.000e+00
     42.930   63.60478 -172.59590     0.7796    32.3769    1449.90  0.000e+00
     42.930   63.60478 -172.59590     0.7679    32.3804    1449.85  0.000e+00
     42.984   63.60478 -172.59590     0.7696    32.3918    1449.88  0.000e+00
     42.922   63.60478 -172.59590     0.7792    32.4079    1449.94  0.000e+00
     42.984   63.60478 -172.59590     0.7994    32.4049    1450.03  0.000e+00
     42.930   63.60478 -172.59590     0.8094    32.3926    1450.06  0.000e+00
     42.930   63.60478 -172.59590     0.8007    32.3853    1450.01  0.000e+00
     42.984   63.60478 -172.59590     0.7890    32.3835    1449.95  0.000e+00
     42.984   63.60478 -172.59590     0.7804    32.3801    1449.91  0.000e+00
     42.930   63.60478 -172.59590     0.7696    32.3742    1449.85  0.000e+00
     42.922   63.60478 -172.59590     0.7525    32.3749    1449.78  0.000e+00
     42.984   63.60478 -172.59590     0.7334    32.3838    1449.70  0.000e+00
     42.930   63.60478 -172.59590     0.7278    32.3887    1449.68  0.000e+00
     42.984   63.60478 -172.59590     0.7290    32.3914    1449.69  0.000e+00
     42.930   63.60478 -172.59590     0.7507    32.3840    1449.78  0.000e+00
     42.930   63.60478 -172.59590     0.7643    32.3725    1449.83  0.000e+00
     42.930   63.60478 -172.59590     0.7521    32.3756    1449.77  0.000e+00
     42.868   63.60478 -172.59590     0.7433    32.3795    1449.74  0.000e+00
     42.984   63.60478 -172.59590     0.7378    32.3798    1449.72  0.000e+00
     42.930   63.60478 -172.59590     0.7335    32.3818    1449.70  0.000e+00
     42.930   63.60478 -172.59590     0.7377    32.3865    1449.72  0.000e+00
     42.930   63.60478 -172.59590     0.7456    32.3838    1449.76  0.000e+00
     42.930   63.60478 -172.59590     0.7422    32.3863    1449.74  0.000e+00
     42.930   63.60478 -172.59590     0.7413    32.3866    1449.74  0.000e+00
     42.930   63.60478 -172.59590     0.7428    32.3847    1449.74  0.000e+00
     42.976   63.60478 -172.59590     0.7428    32.3844    1449.74  0.000e+00
     42.930   63.60478 -172.59590     0.7419    32.3817    1449.74  0.000e+00
     42.930   63.60478 -172.59590     0.7414    32.3762    1449.73  0.000e+00
     42.984   63.60478 -172.59590     0.7374    32.3745    1449.71  0.000e+00
     42.930   63.60478 -172.59590     0.7320    32.3766    1449.68  0.000e+00
     42.984   63.60478 -172.59590     0.7293    32.3812    1449.68  0.000e+00
     42.930   63.60478 -172.59590     0.7439    32.3759    1449.74  0.000e+00
     42.976   63.60478 -172.59590     0.7604    32.3709    1449.81  0.000e+00
     42.930   63.60478 -172.59590     0.7804    32.3645    1449.89  0.000e+00
     42.930   63.60478 -172.59590     0.7917    32.3711    1449.95  0.000e+00
     42.984   63.60478 -172.59590     0.8002    32.3720    1449.99  0.000e+00
     42.930   63.60478 -172.59590     0.7954    32.3754    1449.97  0.000e+00
     42.984   63.60478 -172.59590     0.7840    32.3809    1449.93  0.000e+00
     42.984   63.60478 -172.59590     0.7756    32.3846    1449.89  0.000e+00
     42.984   63.60478 -172.59590     0.7761    32.3867    1449.90  0.000e+00
     42.976   63.60478 -172.59590     0.7875    32.3840    1449.95  0.000e+00
     42.984   63.60478 -172.59590     0.7979    32.3870    1450.00  0.000e+00
     43.038   63.60478 -172.59590     0.8063    32.3895    1450.04  0.000e+00
     42.984   63.60478 -172.59590     0.8163    32.3821    1450.08  0.000e+00
     43.038   63.60478 -172.59590     0.8151    32.3775    1450.06  0.000e+00
     43.038   63.60478 -172.59590     0.8044    32.3720    1450.01  0.000e+00
     42.983   63.60478 -172.59590     0.7818    32.3784    1449.91  0.000e+00
     43.038   63.60478 -172.59590     0.7795    32.3812    1449.91  0.000e+00
     43.037   63.60478 -172.59590     0.7874    32.3806    1449.94  0.000e+00
     43.037   63.60478 -172.59590     0.7954    32.3767    1449.97  0.000e+00
     43.037   63.60478 -172.59590     0.8009    32.3733    1449.99  0.000e+00
     43.037   63.60478 -172.59590     0.8019    32.3706    1450.00  0.000e+00
     43.099   63.60478 -172.59590     0.7949    32.3669    1449.96  0.000e+00
     43.037   63.60478 -172.59590     0.7717    32.3672    1449.85  0.000e+00
     43.153   63.60478 -172.59590     0.7552    32.3644    1449.78  0.000e+00
     43.037   63.60478 -172.59590     0.7407    32.3684    1449.72  0.000e+00
     43.153   63.60478 -172.59590     0.7309    32.3709    1449.68  0.000e+00
     43.099   63.60478 -172.59590     0.7208    32.3715    1449.63  0.000e+00
     43.153   63.60478 -172.59590     0.7103    32.3692    1449.58  0.000e+00
     43.099   63.60478 -172.59590     0.6755    32.3738    1449.43  0.000e+00
     43.153   63.60478 -172.59590     0.6305    32.3877    1449.24  0.000e+00
     43.153   63.60478 -172.59592     0.5873    32.3957    1449.06  0.000e+00
     43.153   63.60478 -172.59592     0.5603    32.3939    1448.93  0.000e+00
     43.153   63.60478 -172.59592     0.5474    32.3941    1448.87  0.000e+00
     43.153   63.60478 -172.59592     0.5399    32.3957    1448.84  0.000e+00
     43.215   63.60478 -172.59592     0.5320    32.3895    1448.80  0.000e+00
     43.215   63.60478 -172.59592     0.5196    32.3779    1448.72  0.000e+00
     43.153   63.60478 -172.59592     0.5010    32.3768    1448.64  0.000e+00
     43.215   63.60478 -172.59592     0.4822    32.3814    1448.56  0.000e+00
     43.269   63.60478 -172.59592     0.4743    32.3909    1448.54  0.000e+00
     43.207   63.60478 -172.59592     0.4733    32.4010    1448.54  0.000e+00
     43.215   63.60478 -172.59592     0.4746    32.4060    1448.56  0.000e+00
     43.269   63.60478 -172.59592     0.4759    32.4080    1448.57  0.000e+00
     43.269   63.60478 -172.59592     0.4801    32.4159    1448.60  0.000e+00
     43.269   63.60478 -172.59592     0.4951    32.4174    1448.67  0.000e+00
     43.269   63.60478 -172.59592     0.5093    32.4101    1448.72  0.000e+00
     43.269   63.60478 -172.59592     0.5103    32.4024    1448.71  0.000e+00
     43.323   63.60478 -172.59592     0.4977    32.4007    1448.66  0.000e+00
     43.269   63.60478 -172.59592     0.4883    32.4003    1448.61  0.000e+00
     43.330   63.60478 -172.59592     0.4860    32.4009    1448.60  0.000e+00
     43.330   63.60478 -172.59592     0.4875    32.4002    1448.61  0.000e+00
     43.330   63.60478 -172.59592     0.4820    32.4023    1448.59  0.000e+00
     43.330   63.60478 -172.59592     0.4722    32.4116    1448.55  0.000e+00
     43.330   63.60478 -172.59592     0.4702    32.4084    1448.54  0.000e+00
     43.330   63.60478 -172.59592     0.4489    32.4060    1448.44  0.000e+00
     43.377   63.60478 -172.59592     0.4204    32.4037    1448.31  0.000e+00
     43.330   63.60478 -172.59592     0.3973    32.4002    1448.20  0.000e+00
     43.384   63.60478 -172.59592     0.3864    32.3921    1448.14  0.000e+00
     43.384   63.60478 -172.59592     0.3740    32.3925    1448.08  0.000e+00
     43.384   63.60478 -172.59592     0.3587    32.3993    1448.02  0.000e+00
     43.384   63.60478 -172.59592     0.3451    32.4064    1447.97  0.000e+00
