EcoFOCI/data/1_SampleCollection/2023_SikuliaqDBO_CruiseData/CTD_raw_BottleFile_SKQ23-12S/proc/skq202312s_081.cnv
* Sea-Bird SBE 9 Data File:
* FileName = D:\CTD\SKQ202312S\SKQ202312S_081.hex
* Software Version Seasave V 7.26.7.121
* Temperature SN = 6177
* Conductivity SN = 0369
* Number of Bytes Per Scan = 41
* Number of Voltage Words = 4
* Number of Scans Averaged by the Deck Unit = 1
* NMEA Latitude = 65 41.58 N
* NMEA Longitude = 168 27.84 W
* NMEA UTC (Time) = Oct 03 2023  09:04:12
* NMEA baud rate = 4800
** Ship: R/V Sikuliaq
** Station Number: 081
** Station Name: BS4
** Bottom Depth: 54
** Operator: SD
# nquan = 24
# nvalues = 3554                                  
# units = specified
# name 0 = depSM: Depth [salt water, m]
# name 1 = latitude: Latitude [deg]
# name 2 = longitude: Longitude [deg]
# name 3 = prDM: Pressure, Digiquartz [db]
# name 4 = t090C: Temperature [ITS-90, deg C]
# name 5 = t190C: Temperature, 2 [ITS-90, deg C]
# name 6 = potemp090C: Potential Temperature [ITS-90, deg C]
# name 7 = sal00: Salinity, Practical [PSU]
# name 8 = sal11: Salinity, Practical, 2 [PSU]
# name 9 = density00: Density [density, kg/m^3]
# name 10 = sigma-é00: Density [sigma-theta, kg/m^3]
# name 11 = sbox0Mm/Kg: Oxygen, SBE 43 [umol/kg]
# name 12 = sbox1Mm/Kg: Oxygen, SBE 43, 2 [umol/kg]
# name 13 = oxsolMm/Kg: Oxygen Saturation, Garcia & Gordon [umol/kg]
# name 14 = sbeox0PS: Oxygen, SBE 43 [% saturation]
# name 15 = sbeox1PS: Oxygen, SBE 43, 2 [% saturation]
# name 16 = v0: Voltage 0
# name 17 = flECO-AFL: Fluorescence, WET Labs ECO-AFL/FL [mg/m^3]
# name 18 = v1: Voltage 1
# name 19 = CStarAt0: Beam Attenuation, WET Labs C-Star [1/m]
# name 20 = par: PAR/Irradiance, Biospherical/Licor
# name 21 = scan: Scan Count
# name 22 = timeM: Time, Elapsed [minutes]
# name 23 = flag:  0.000e+00
# span 0 =      2.584,     49.454                 
# span 1 =   65.69290,   65.69292                 
# span 2 = -168.46470, -168.46450                 
# span 3 =      2.610,     49.952                 
# span 4 =     2.9660,     6.7152                 
# span 5 =     2.9670,     6.7166                 
# span 6 =     2.9638,     6.7139                 
# span 7 =    25.8991,    32.8646                 
# span 8 =    25.9061,    32.8755                 
# span 9 =  1020.3680,  1026.4150                 
# span 10 =    20.3443,    26.1810                
# span 11 =    245.834,    296.162                
# span 12 =    234.338,    282.145                
# span 13 =  302.97124,  328.21289                
# span 14 =     74.986,     92.813                
# span 15 =     71.488,     88.529                
# span 16 =     0.1062,     0.2796                
# span 17 =     0.2894,     1.3297                
# span 18 =     3.0317,     4.0488                
# span 19 =     0.6071,     1.7647                
# span 20 = 1.0000e-12, 5.1861e-01                
# span 21 =          1,       3554                
# span 22 =     0.0000,     2.4674                
# span 23 = 0.0000e+00, 0.0000e+00                
# interval = seconds: 0.0416667
# start_time = Oct 03 2023 09:06:59 [NMEA time, first data scan]
# bad_flag = -9.990e-29
*END*
[from data line 785]
      9.457   65.69292 -168.46470      9.551     6.1351     6.1339     6.1344    27.6371    27.6396  1021.7700    21.7256    292.373    278.406  316.08703     92.497     88.078     0.2601     1.2124     3.7717     0.8908 1.0000e-12        786     0.5451  0.000e+00
      9.519   65.69292 -168.46470      9.613     6.1343     6.1339     6.1336    27.6321    27.6424  1021.7665    21.7218    292.400    278.392  316.10479     92.501     88.075     0.2613     1.2198     3.7705     0.8921 1.0000e-12        787     0.5458  0.000e+00
      9.457   65.69292 -168.46470      9.551     6.1339     6.1337     6.1332    27.6310    27.6468  1021.7653    21.7209    292.414    278.555  316.11097     92.503     88.129     0.2601     1.2124     3.7705     0.8921 1.0000e-12        788     0.5465  0.000e+00
      9.573   65.69292 -168.46470      9.668     6.1336     6.1336     6.1328    27.6309    27.6495  1021.7658    21.7209    292.199    278.562  316.11336     92.435     88.133     0.2613     1.2198     3.7717     0.8908 1.0000e-12        789     0.5472  0.000e+00
      9.519   65.69292 -168.46470      9.613     6.1334     6.1336     6.1326    27.6325    27.6520  1021.7669    21.7222    292.179    278.380  316.11106     92.429     88.077     0.2601     1.2124     3.7705     0.8921 1.0000e-12        790     0.5479  0.000e+00
      9.573   65.69292 -168.46470      9.668     6.1333     6.1327     6.1325    27.6358    27.6602  1021.7698    21.7248    292.332    278.359  316.10411     92.480     88.074     0.2613     1.2198     3.7705     0.8921 1.0000e-12        791     0.5486  0.000e+00
      9.573   65.69292 -168.46470      9.668     6.1330     6.1314     6.1323    27.6404    27.6736  1021.7734    21.7284    292.106    278.348  316.09495     92.411     88.077     0.2601     1.2124     3.7705     0.8921 1.0000e-12        792     0.5493  0.000e+00
      9.603   65.69292 -168.46470      9.699     6.1326     6.1307     6.1319    27.6399    27.6827  1021.7732    21.7281    292.069    278.325  316.09958     92.398     88.074     0.2601     1.2124     3.7717     0.8908 1.0000e-12        793     0.5500  0.000e+00
      9.627   65.69292 -168.46470      9.723     6.1330     6.1307     6.1323    27.6344    27.6855  1021.7689    21.7237    292.066    278.309  316.10891     92.394     88.071     0.2625     1.2271     3.7705     0.8921 1.0000e-12        794     0.5507  0.000e+00
      9.627   65.69292 -168.46470      9.723     6.1339     6.1308     6.1331    27.6279    27.6853  1021.7637    21.7185    292.065    278.116  316.11806     92.391     88.009     0.2650     1.2417     3.7705     0.8921 1.0000e-12        795     0.5514  0.000e+00
      9.627   65.69292 -168.46470      9.723     6.1345     6.1311     6.1338    27.6234    27.6834  1021.7601    21.7149    292.033    278.291  316.12405     92.379     88.064     0.2662     1.2491     3.7705     0.8921 1.0000e-12        796     0.5521  0.000e+00
      9.688   65.69292 -168.46470      9.785     6.1353     6.1313     6.1346    27.6174    27.6816  1021.7556    21.7101    292.238    278.123  316.13193     92.442     88.010     0.2662     1.2491     3.7717     0.8908 1.0000e-12        797     0.5528  0.000e+00
      9.688   65.69292 -168.46470      9.785     6.1360     6.1309     6.1352    27.6032    27.6812  1021.7443    21.6987    292.085    278.283  316.16035     92.385     88.060     0.2662     1.2491     3.7717     0.8908 1.0000e-12        798     0.5535  0.000e+00
      9.688   65.69292 -168.46470      9.785     6.1368     6.1308     6.1360    27.5889    27.6800  1021.7329    21.6874    292.108    278.095  316.18758     92.384     88.000     0.2650     1.2417     3.7937     0.8676 1.0000e-12        799     0.5542  0.000e+00
      9.742   65.69292 -168.46470      9.839     6.1372     6.1301     6.1365    27.5854    27.6811  1021.7304    21.6846    292.286    278.257  316.19241     92.439     88.050     0.2662     1.2491     3.8046     0.8560 1.0000e-12        800     0.5549  0.000e+00
      9.688   65.69292 -168.46470      9.785     6.1375     6.1301     6.1368    27.5888    27.6851  1021.7328    21.6872    292.101    278.240  316.18219     92.384     88.047     0.2650     1.2417     3.8059     0.8547 1.0000e-12        801     0.5556  0.000e+00
      9.742   65.69292 -168.46470      9.839     6.1379     6.1305     6.1372    27.5970    27.6894  1021.7394    21.6936    292.287    278.041  316.16043     92.449     87.988     0.2650     1.2417     3.8046     0.8560 1.0000e-12        802     0.5563  0.000e+00
      9.773   65.69292 -168.46470      9.871     6.1382     6.1303     6.1375    27.6025    27.6900  1021.7439    21.6979    292.074    277.998  316.14527     92.386     87.974     0.2662     1.2491     3.8046     0.8560 1.0000e-12        803     0.5569  0.000e+00
      9.804   65.69292 -168.46470      9.902     6.1383     6.1302     6.1376    27.6027    27.6856  1021.7442    21.6981    292.078    277.985  316.14355     92.388     87.967     0.2650     1.2417     3.8046     0.8560 1.0000e-12        804     0.5576  0.000e+00
      9.804   65.69292 -168.46470      9.902     6.1385     6.1303     6.1378    27.5985    27.6798  1021.7409    21.6948    292.094    277.972  316.15224     92.390     87.959     0.2662     1.2491     3.8046     0.8560 1.0000e-12        805     0.5583  0.000e+00
      9.804   65.69292 -168.46470      9.902     6.1387     6.1302     6.1379    27.5938    27.6743  1021.7371    21.6911    292.082    277.961  316.16209     92.384     87.952     0.2650     1.2417     3.8046     0.8560 1.0000e-12        806     0.5590  0.000e+00
      9.858   65.69292 -168.46470      9.956     6.1390     6.1301     6.1383    27.5926    27.6694  1021.7364    21.6901    292.065    277.950  316.16230     92.378     87.945     0.2662     1.2491     3.8034     0.8573 1.0000e-12        807     0.5597  0.000e+00
      9.858   65.69292 -168.46470      9.956     6.1392     6.1303     6.1384    27.5952    27.6667  1021.7384    21.6921    291.868    278.115  316.15512     92.318     87.996     0.2650     1.2417     3.8046     0.8560 1.0000e-12        808     0.5604  0.000e+00
      9.858   65.69292 -168.46470      9.956     6.1392     6.1301     6.1384    27.6011    27.6654  1021.7431    21.6967    291.813    277.934  316.14130     92.304     87.938     0.2650     1.2417     3.8046     0.8560 1.0000e-12        809     0.5611  0.000e+00
      9.920   65.69292 -168.46470     10.019     6.1392     6.1304     6.1384    27.6066    27.6639  1021.7477    21.7011    291.994    277.916  316.12844     92.366     87.932     0.2674     1.2564     3.8034     0.8573 1.0000e-12        810     0.5618  0.000e+00
      9.858   65.69292 -168.46470      9.956     6.1392     6.1303     6.1384    27.6141    27.6622  1021.7533    21.7070    291.794    277.879  316.11086     92.307     87.918     0.2650     1.2417     3.8046     0.8560 1.0000e-12        811     0.5625  0.000e+00
      9.974   65.69292 -168.46470     10.073     6.1387     6.1303     6.1379    27.6189    27.6623  1021.7577    21.7109    291.787    277.863  316.10343     92.307     87.913     0.2662     1.2491     3.8034     0.8573 1.0000e-12        812     0.5632  0.000e+00
      9.889   65.69292 -168.46470      9.987     6.1382     6.1302     6.1375    27.6224    27.6635  1021.7601    21.7136    291.749    277.839  316.09881     92.297     87.906     0.2650     1.2417     3.8046     0.8560 1.0000e-12        813     0.5639  0.000e+00
      9.974   65.69292 -168.46470     10.073     6.1379     6.1301     6.1371    27.6279    27.6606  1021.7649    21.7180    291.744    277.830  316.08816     92.298     87.901     0.2662     1.2491     3.8046     0.8560 1.0000e-12        814     0.5646  0.000e+00
      9.974   65.69292 -168.46470     10.073     6.1369     6.1302     6.1362    27.6344    27.6560  1021.7701    21.7232    291.712    277.821  316.08020     92.291     87.896     0.2650     1.2417     3.8034     0.8573 1.0000e-12        815     0.5653  0.000e+00
      9.974   65.69292 -168.46470     10.073     6.1360     6.1296     6.1352    27.6397    27.6549  1021.7744    21.7275    291.685    278.012  316.07503     92.284     87.954     0.2662     1.2491     3.8034     0.8573 1.0000e-12        816     0.5660  0.000e+00
     10.028   65.69292 -168.46470     10.128     6.1351     6.1290     6.1344    27.6362    27.6573  1021.7720    21.7249    291.711    278.035  316.08916     92.287     87.962     0.2650     1.2417     3.8034     0.8573 1.0000e-12        817     0.5667  0.000e+00
      9.974   65.69292 -168.46470     10.073     6.1351     6.1286     6.1344    27.6246    27.6587  1021.7626    21.7157    291.747    278.056  316.11627     92.291     87.969     0.2662     1.2491     3.8034     0.8573 1.0000e-12        818     0.5674  0.000e+00
     10.089   65.69292 -168.46470     10.190     6.1354     6.1285     6.1347    27.6130    27.6586  1021.7539    21.7065    291.701    277.882  316.14119     92.269     87.913     0.2662     1.2491     3.8120     0.8483 1.0000e-12        819     0.5681  0.000e+00
     10.028   65.69292 -168.46470     10.128     6.1361     6.1279     6.1354    27.6098    27.6603  1021.7511    21.7040    291.919    277.867  316.14362     92.338     87.908     0.2698     1.2710     3.8181     0.8419 1.0000e-12        820     0.5687  0.000e+00
     10.089   65.69292 -168.46470     10.190     6.1364     6.1271     6.1357    27.6167    27.6678  1021.7568    21.7094    291.720    278.028  316.12528     92.280     87.963     0.2735     1.2930     3.8193     0.8406 1.0000e-12        821     0.5694  0.000e+00
     10.120   65.69292 -168.46470     10.221     6.1360     6.1265     6.1352    27.6316    27.6840  1021.7687    21.7211    291.685    278.006  316.09403     92.278     87.965     0.2735     1.2930     3.8193     0.8406 1.0000e-12        822     0.5701  0.000e+00
     10.089   65.69292 -168.46470     10.190     6.1347     6.1258     6.1339    27.6467    27.7050  1021.7806    21.7332    291.655    277.972  316.06814     92.276     87.966     0.2735     1.2930     3.8193     0.8406 1.0000e-12        823     0.5708  0.000e+00
     10.143   65.69292 -168.46470     10.244     6.1329     6.1251     6.1322    27.6641    27.7248  1021.7948    21.7471    291.629    277.963  316.04033     92.276     87.975     0.2723     1.2857     3.8193     0.8406 1.0000e-12        824     0.5715  0.000e+00
     10.205   65.69292 -168.46470     10.307     6.1318     6.1247     6.1310    27.6865    27.7438  1021.8128    21.7649    291.591    277.955  315.99672     92.276     87.984     0.2735     1.2930     3.8193     0.8406 1.0000e-12        825     0.5722  0.000e+00
     10.143   65.69292 -168.46470     10.244     6.1301     6.1244     6.1294    27.7129    27.7615  1021.8336    21.7859    291.455    277.945  315.94711     92.248     87.992     0.2735     1.2930     3.8193     0.8406 1.0000e-12        826     0.5729  0.000e+00
     10.205   65.69292 -168.46470     10.307     6.1294     6.1241     6.1287    27.7409    27.7771  1021.8559    21.8080    291.403    277.944  315.88716     92.249     88.001     0.2735     1.2930     3.8181     0.8419 1.0000e-12        827     0.5736  0.000e+00
     10.205   65.69292 -168.46470     10.307     6.1289     6.1244     6.1281    27.7726    27.7903  1021.8810    21.8330    291.401    277.942  315.81736     92.269     88.010     0.2735     1.2930     3.8193     0.8406 1.0000e-12        828     0.5743  0.000e+00
     10.259   65.69292 -168.46470     10.361     6.1294     6.1248     6.1286    27.8043    27.8006  1021.9062    21.8580    291.368    277.949  315.73945     92.281     88.019     0.2735     1.2930     3.8193     0.8406 1.0000e-12        829     0.5750  0.000e+00
     10.259   65.69292 -168.46470     10.361     6.1304     6.1251     6.1296    27.8391    27.8084  1021.9335    21.8853    291.296    277.961  315.65056     92.284     88.029     0.2735     1.2930     3.8181     0.8419 1.0000e-12        830     0.5757  0.000e+00
     10.236   65.69292 -168.46470     10.338     6.1322     6.1265     6.1315    27.8638    27.8188  1021.9527    21.9046    291.241    277.958  315.57932     92.288     88.038     0.2723     1.2857     3.8181     0.8419 1.0000e-12        831     0.5764  0.000e+00
     10.313   65.69292 -168.46470     10.416     6.1342     6.1301     6.1334    27.8778    27.8362  1021.9638    21.9154    291.214    277.930  315.53231     92.293     88.048     0.2735     1.2930     3.8193     0.8406 1.0000e-12        832     0.5771  0.000e+00
     10.313   65.69292 -168.46470     10.416     6.1356     6.1353     6.1349    27.8938    27.8652  1021.9763    21.9278    291.186    277.846  315.48404     92.298     88.050     0.2723     1.2857     3.8193     0.8406 1.0000e-12        833     0.5778  0.000e+00
     10.375   65.69292 -168.46470     10.478     6.1372     6.1412     6.1364    27.9216    27.9091  1021.9983    21.9496    291.137    277.728  315.40735     92.305     88.054     0.2735     1.2930     3.8193     0.8406 1.0000e-12        834     0.5785  0.000e+00
     10.313   65.69292 -168.46470     10.416     6.1392     6.1474     6.1384    27.9589    27.9602  1022.0272    21.9788    291.062    277.771  315.30601     92.311     88.114     0.2735     1.2930     3.8181     0.8419 1.0000e-12        835     0.5792  0.000e+00
     10.429   65.69292 -168.46470     10.533     6.1420     6.1517     6.1412    27.9956    28.0037  1022.0563    22.0074    290.991    277.685  315.19937     92.320     88.124     0.2723     1.2857     3.8193     0.8406 1.0000e-12        836     0.5799  0.000e+00
     10.429   65.69292 -168.46470     10.533     6.1450     6.1551     6.1442    28.0319    28.0349  1022.0846    22.0356    290.917    277.645  315.09259     92.328     88.138     0.2735     1.2930     3.8181     0.8419 1.0000e-12        837     0.5806  0.000e+00
     10.429   65.69292 -168.46470     10.533     6.1483     6.1583     6.1475    28.0608    28.0606  1022.1070    22.0580    290.831    277.619  315.00111     92.327     88.153     0.2723     1.2857     3.8193     0.8406 1.0000e-12        838     0.5813  0.000e+00
     10.490   65.69292 -168.46470     10.595     6.1509     6.1606     6.1501    28.0711    28.0840  1022.1151    22.0659    290.792    277.586  314.95780     92.327     88.163     0.2735     1.2930     3.8364     0.8228 1.0000e-12        839     0.5819  0.000e+00
     10.460   65.69292 -168.46470     10.564     6.1529     6.1637     6.1521    28.0799    28.1078  1022.1217    22.0726    290.789    277.542  314.92248     92.337     88.171     0.2735     1.2930     3.8596     0.7986 1.0000e-12        840     0.5826  0.000e+00
     10.544   65.69292 -168.46470     10.650     6.1547     6.1667     6.1539    28.0953    28.1340  1022.1340    22.0845    290.951    277.497  314.87315     92.403     88.180     0.2735     1.2930     3.8645     0.7936 1.0000e-12        841     0.5833  0.000e+00
     10.490   65.69292 -168.46470     10.595     6.1567     6.1688     6.1559    28.1089    28.1572  1022.1443    22.0950    290.737    277.460  314.82673     92.348     88.188     0.2735     1.2930     3.8645     0.7936 1.0000e-12        842     0.5840  0.000e+00
     10.606   65.69292 -168.46470     10.712     6.1586     6.1702     6.1578    28.1291    28.1717  1022.1605    22.1107    290.891    277.450  314.76574     92.415     88.197     0.2735     1.2930     3.8632     0.7949 1.0000e-12        843     0.5847  0.000e+00
     10.606   65.69292 -168.46470     10.712     6.1610     6.1708     6.1602    28.1611    28.1804  1022.1854    22.1357    290.838    277.434  314.67364     92.425     88.199     0.2735     1.2930     3.8632     0.7949 1.0000e-12        844     0.5854  0.000e+00
     10.606   65.69292 -168.46470     10.712     6.1639     6.1729     6.1631    28.1899    28.1952  1022.2079    22.1581    290.788    277.413  314.58503     92.435     88.206     0.2686     1.2637     3.8632     0.7949 1.0000e-12        845     0.5861  0.000e+00
