EcoFOCI/data/1_SampleCollection/2023_SikuliaqDBO_CruiseData/CTD_raw_BottleFile_SKQ23-12S/proc/skq202312s_016svp.cnv
* Sea-Bird SBE 9 Data File:
* FileName = D:\CTD\SKQ202312S\SKQ202312S_016.hex
* Software Version Seasave V 7.26.7.121
* Temperature SN = 6177
* Conductivity SN = 0369
* Number of Bytes Per Scan = 41
* Number of Voltage Words = 4
* Number of Scans Averaged by the Deck Unit = 1
* NMEA Latitude = 64 40.76 N
* NMEA Longitude = 169 06.00 W
* NMEA UTC (Time) = Sep 17 2023  13:39:04
* NMEA baud rate = 4800
** Ship: R/V Sikuliaq
** Station Number: 016
** Station Name: DBO2.2
** Bottom Depth: 45
** Operator: SD
# nquan = 7
# nvalues = 5501                                  
# units = specified
# name 0 = depSM: Depth [salt water, m]
# name 1 = latitude: Latitude [deg]
# name 2 = longitude: Longitude [deg]
# name 3 = t090C: Temperature [ITS-90, deg C]
# name 4 = sal00: Salinity, Practical [PSU]
# name 5 = svCM: Sound Velocity [Chen-Millero, m/s]
# name 6 = flag:  0.000e+00
# span 0 =      1.589,     40.001                 
# span 1 =   64.67940,   64.67944                 
# span 2 = -169.10002, -169.09998                 
# span 3 =     2.5710,     3.0505                 
# span 4 =    32.4382,    32.8462                 
# span 5 =    1457.27,    1460.31                 
# span 6 = 0.0000e+00, 0.0000e+00                 
# interval = seconds: 0.0416667
# start_time = Sep 17 2023 13:42:59 [NMEA time, first data scan]
# bad_flag = -9.990e-29
*END*
[from data line 821]
      5.365   64.67942 -169.10002     2.5760    32.4394    1457.34  0.000e+00
      5.419   64.67942 -169.10002     2.5760    32.4397    1457.34  0.000e+00
      5.304   64.67942 -169.10002     2.5760    32.4395    1457.34  0.000e+00
      5.419   64.67942 -169.10002     2.5760    32.4395    1457.34  0.000e+00
      5.365   64.67942 -169.10002     2.5760    32.4398    1457.34  0.000e+00
      5.419   64.67942 -169.10002     2.5760    32.4397    1457.34  0.000e+00
      5.419   64.67942 -169.10002     2.5761    32.4392    1457.34  0.000e+00
      5.419   64.67942 -169.10002     2.5766    32.4396    1457.34  0.000e+00
      5.481   64.67942 -169.10002     2.5768    32.4396    1457.35  0.000e+00
      5.419   64.67942 -169.10002     2.5768    32.4398    1457.34  0.000e+00
      5.481   64.67942 -169.10002     2.5768    32.4394    1457.35  0.000e+00
      5.481   64.67942 -169.10002     2.5767    32.4396    1457.35  0.000e+00
      5.535   64.67942 -169.10002     2.5769    32.4396    1457.35  0.000e+00
      5.481   64.67942 -169.10002     2.5771    32.4400    1457.35  0.000e+00
      5.535   64.67942 -169.10002     2.5774    32.4395    1457.35  0.000e+00
      5.535   64.67942 -169.10002     2.5775    32.4394    1457.35  0.000e+00
      5.535   64.67942 -169.10002     2.5775    32.4391    1457.35  0.000e+00
      5.597   64.67942 -169.10002     2.5769    32.4401    1457.35  0.000e+00
      5.597   64.67942 -169.10002     2.5771    32.4396    1457.35  0.000e+00
      5.535   64.67942 -169.10002     2.5767    32.4397    1457.35  0.000e+00
      5.651   64.67942 -169.10002     2.5766    32.4399    1457.35  0.000e+00
      5.596   64.67942 -169.10002     2.5768    32.4398    1457.35  0.000e+00
      5.596   64.67942 -169.10002     2.5771    32.4399    1457.35  0.000e+00
      5.650   64.67942 -169.10002     2.5774    32.4398    1457.35  0.000e+00
      5.650   64.67942 -169.10002     2.5774    32.4395    1457.35  0.000e+00
      5.650   64.67942 -169.10002     2.5774    32.4400    1457.35  0.000e+00
      5.596   64.67942 -169.10002     2.5774    32.4401    1457.35  0.000e+00
      5.704   64.67942 -169.10002     2.5776    32.4395    1457.35  0.000e+00
      5.650   64.67942 -169.10002     2.5777    32.4399    1457.35  0.000e+00
      5.704   64.67942 -169.10002     2.5777    32.4400    1457.35  0.000e+00
      5.650   64.67942 -169.10002     2.5779    32.4396    1457.35  0.000e+00
      5.704   64.67942 -169.10002     2.5776    32.4402    1457.35  0.000e+00
      5.704   64.67942 -169.10002     2.5775    32.4405    1457.35  0.000e+00
      5.704   64.67942 -169.10002     2.5780    32.4393    1457.35  0.000e+00
      5.704   64.67942 -169.10002     2.5777    32.4400    1457.35  0.000e+00
      5.766   64.67942 -169.10002     2.5776    32.4399    1457.35  0.000e+00
      5.704   64.67942 -169.10002     2.5777    32.4399    1457.35  0.000e+00
      5.766   64.67942 -169.10002     2.5774    32.4400    1457.35  0.000e+00
      5.766   64.67942 -169.10002     2.5777    32.4397    1457.35  0.000e+00
      5.766   64.67942 -169.10002     2.5775    32.4396    1457.35  0.000e+00
      5.704   64.67942 -169.10002     2.5777    32.4396    1457.35  0.000e+00
      5.766   64.67942 -169.10002     2.5777    32.4401    1457.35  0.000e+00
      5.766   64.67942 -169.10002     2.5779    32.4399    1457.36  0.000e+00
      5.820   64.67942 -169.10002     2.5785    32.4394    1457.36  0.000e+00
      5.766   64.67942 -169.10002     2.5784    32.4392    1457.36  0.000e+00
      5.766   64.67942 -169.10002     2.5784    32.4396    1457.36  0.000e+00
      5.820   64.67942 -169.10002     2.5781    32.4400    1457.36  0.000e+00
      5.766   64.67942 -169.10002     2.5784    32.4398    1457.36  0.000e+00
      5.820   64.67942 -169.10002     2.5782    32.4398    1457.36  0.000e+00
      5.766   64.67942 -169.10002     2.5787    32.4395    1457.36  0.000e+00
      5.820   64.67942 -169.10002     2.5785    32.4401    1457.36  0.000e+00
      5.820   64.67942 -169.10002     2.5784    32.4402    1457.36  0.000e+00
      5.820   64.67942 -169.10002     2.5785    32.4400    1457.36  0.000e+00
      5.766   64.67942 -169.10002     2.5785    32.4400    1457.36  0.000e+00
      5.820   64.67942 -169.10002     2.5786    32.4396    1457.36  0.000e+00
      5.820   64.67942 -169.10002     2.5785    32.4396    1457.36  0.000e+00
      5.820   64.67942 -169.10002     2.5784    32.4396    1457.36  0.000e+00
      5.820   64.67942 -169.10002     2.5785    32.4394    1457.36  0.000e+00
      5.820   64.67942 -169.10002     2.5785    32.4396    1457.36  0.000e+00
      5.766   64.67942 -169.10002     2.5782    32.4398    1457.36  0.000e+00
      5.820   64.67942 -169.10002     2.5780    32.4397    1457.36  0.000e+00
      5.820   64.67942 -169.10002     2.5780    32.4398    1457.36  0.000e+00
      5.820   64.67942 -169.10002     2.5781    32.4398    1457.36  0.000e+00
      5.819   64.67942 -169.10002     2.5780    32.4401    1457.36  0.000e+00
      5.819   64.67942 -169.10002     2.5780    32.4404    1457.36  0.000e+00
      5.819   64.67942 -169.10002     2.5784    32.4401    1457.36  0.000e+00
      5.819   64.67942 -169.10002     2.5783    32.4402    1457.36  0.000e+00
      5.881   64.67942 -169.10002     2.5784    32.4396    1457.36  0.000e+00
      5.819   64.67942 -169.10002     2.5784    32.4398    1457.36  0.000e+00
      5.819   64.67942 -169.10002     2.5784    32.4399    1457.36  0.000e+00
      5.881   64.67942 -169.10002     2.5781    32.4398    1457.36  0.000e+00
      5.819   64.67942 -169.10002     2.5782    32.4393    1457.36  0.000e+00
      5.819   64.67942 -169.10002     2.5779    32.4390    1457.36  0.000e+00
      5.881   64.67942 -169.10002     2.5774    32.4397    1457.36  0.000e+00
      5.819   64.67942 -169.10002     2.5775    32.4396    1457.35  0.000e+00
      5.881   64.67942 -169.10002     2.5774    32.4393    1457.35  0.000e+00
      5.881   64.67942 -169.10002     2.5773    32.4392    1457.35  0.000e+00
      5.881   64.67942 -169.10002     2.5773    32.4394    1457.35  0.000e+00
      5.881   64.67942 -169.10002     2.5769    32.4396    1457.35  0.000e+00
      5.935   64.67942 -169.10002     2.5768    32.4394    1457.35  0.000e+00
      5.819   64.67942 -169.10002     2.5766    32.4395    1457.35  0.000e+00
      5.966   64.67942 -169.10002     2.5768    32.4395    1457.35  0.000e+00
      5.881   64.67942 -169.10002     2.5766    32.4399    1457.35  0.000e+00
      5.935   64.67942 -169.10002     2.5766    32.4396    1457.35  0.000e+00
      5.935   64.67942 -169.10002     2.5765    32.4396    1457.35  0.000e+00
      5.935   64.67942 -169.10002     2.5766    32.4395    1457.35  0.000e+00
      5.935   64.67942 -169.10002     2.5762    32.4395    1457.35  0.000e+00
      5.935   64.67942 -169.10002     2.5766    32.4392    1457.35  0.000e+00
      5.935   64.67942 -169.10002     2.5763    32.4397    1457.35  0.000e+00
      5.996   64.67942 -169.10002     2.5763    32.4396    1457.35  0.000e+00
      5.996   64.67942 -169.10002     2.5761    32.4401    1457.35  0.000e+00
      5.996   64.67942 -169.10002     2.5763    32.4397    1457.35  0.000e+00
      5.996   64.67942 -169.10002     2.5766    32.4394    1457.35  0.000e+00
      5.996   64.67942 -169.10002     2.5765    32.4401    1457.35  0.000e+00
      6.050   64.67942 -169.10002     2.5766    32.4398    1457.35  0.000e+00
      6.050   64.67942 -169.10002     2.5768    32.4398    1457.36  0.000e+00
      5.996   64.67942 -169.10002     2.5771    32.4402    1457.36  0.000e+00
      6.104   64.67942 -169.10002     2.5777    32.4402    1457.36  0.000e+00
      6.050   64.67942 -169.10002     2.5781    32.4401    1457.36  0.000e+00
      6.104   64.67942 -169.10002     2.5780    32.4399    1457.36  0.000e+00
      6.050   64.67942 -169.10002     2.5780    32.4395    1457.36  0.000e+00
      6.104   64.67942 -169.10002     2.5777    32.4400    1457.36  0.000e+00
      6.104   64.67942 -169.10002     2.5778    32.4395    1457.36  0.000e+00
      6.166   64.67942 -169.10002     2.5779    32.4395    1457.36  0.000e+00
      6.166   64.67942 -169.10002     2.5779    32.4396    1457.36  0.000e+00
      6.166   64.67942 -169.10002     2.5780    32.4401    1457.36  0.000e+00
      6.104   64.67942 -169.10002     2.5784    32.4397    1457.36  0.000e+00
      6.220   64.67942 -169.10002     2.5782    32.4402    1457.36  0.000e+00
      6.166   64.67942 -169.10002     2.5784    32.4396    1457.36  0.000e+00
      6.220   64.67942 -169.10002     2.5780    32.4399    1457.36  0.000e+00
      6.220   64.67942 -169.10002     2.5779    32.4395    1457.36  0.000e+00
      6.281   64.67942 -169.10002     2.5779    32.4397    1457.36  0.000e+00
      6.220   64.67942 -169.10002     2.5780    32.4397    1457.36  0.000e+00
      6.220   64.67942 -169.10002     2.5780    32.4399    1457.36  0.000e+00
      6.335   64.67942 -169.10002     2.5780    32.4397    1457.37  0.000e+00
      6.281   64.67942 -169.10002     2.5782    32.4397    1457.36  0.000e+00
      6.335   64.67942 -169.10002     2.5784    32.4400    1457.37  0.000e+00
      6.281   64.67942 -169.10002     2.5786    32.4401    1457.37  0.000e+00
      6.335   64.67942 -169.10002     2.5785    32.4398    1457.37  0.000e+00
      6.389   64.67942 -169.10002     2.5785    32.4394    1457.37  0.000e+00
      6.335   64.67942 -169.10002     2.5780    32.4401    1457.37  0.000e+00
      6.335   64.67942 -169.10002     2.5778    32.4402    1457.36  0.000e+00
      6.451   64.67942 -169.10002     2.5780    32.4398    1457.37  0.000e+00
      6.335   64.67942 -169.10002     2.5779    32.4398    1457.36  0.000e+00
      6.389   64.67942 -169.10002     2.5777    32.4397    1457.36  0.000e+00
      6.451   64.67942 -169.10002     2.5778    32.4399    1457.37  0.000e+00
      6.389   64.67942 -169.10002     2.5780    32.4398    1457.37  0.000e+00
      6.389   64.67942 -169.10002     2.5775    32.4401    1457.36  0.000e+00
      6.451   64.67942 -169.10002     2.5777    32.4403    1457.37  0.000e+00
      6.451   64.67942 -169.10002     2.5776    32.4403    1457.37  0.000e+00
      6.389   64.67942 -169.10002     2.5780    32.4396    1457.37  0.000e+00
      6.451   64.67942 -169.10002     2.5779    32.4401    1457.37  0.000e+00
      6.481   64.67942 -169.10002     2.5780    32.4397    1457.37  0.000e+00
      6.451   64.67942 -169.10002     2.5781    32.4401    1457.37  0.000e+00
      6.451   64.67942 -169.10002     2.5782    32.4398    1457.37  0.000e+00
      6.451   64.67942 -169.10002     2.5780    32.4398    1457.37  0.000e+00
      6.451   64.67942 -169.10002     2.5780    32.4398    1457.37  0.000e+00
      6.505   64.67942 -169.10002     2.5778    32.4400    1457.37  0.000e+00
      6.450   64.67942 -169.10002     2.5780    32.4400    1457.37  0.000e+00
      6.450   64.67942 -169.10002     2.5782    32.4399    1457.37  0.000e+00
      6.504   64.67942 -169.10002     2.5782    32.4397    1457.37  0.000e+00
      6.450   64.67942 -169.10002     2.5781    32.4397    1457.37  0.000e+00
      6.450   64.67942 -169.10002     2.5780    32.4396    1457.37  0.000e+00
      6.504   64.67942 -169.10002     2.5779    32.4399    1457.37  0.000e+00
      6.450   64.67942 -169.10002     2.5779    32.4400    1457.37  0.000e+00
      6.504   64.67942 -169.10002     2.5780    32.4399    1457.37  0.000e+00
      6.450   64.67942 -169.10002     2.5779    32.4400    1457.37  0.000e+00
      6.450   64.67942 -169.10002     2.5780    32.4394    1457.37  0.000e+00
      6.450   64.67942 -169.10002     2.5778    32.4399    1457.37  0.000e+00
      6.504   64.67942 -169.10002     2.5784    32.4397    1457.37  0.000e+00
      6.450   64.67942 -169.10002     2.5785    32.4400    1457.37  0.000e+00
      6.504   64.67942 -169.10002     2.5785    32.4397    1457.37  0.000e+00
      6.450   64.67942 -169.10002     2.5785    32.4399    1457.37  0.000e+00
      6.450   64.67942 -169.10002     2.5784    32.4396    1457.37  0.000e+00
      6.450   64.67942 -169.10002     2.5782    32.4399    1457.37  0.000e+00
      6.450   64.67942 -169.10002     2.5785    32.4396    1457.37  0.000e+00
      6.450   64.67942 -169.10002     2.5786    32.4397    1457.37  0.000e+00
      6.450   64.67942 -169.10002     2.5785    32.4401    1457.37  0.000e+00
      6.450   64.67942 -169.10002     2.5787    32.4402    1457.37  0.000e+00
      6.450   64.67942 -169.10002     2.5787    32.4401    1457.37  0.000e+00
      6.450   64.67942 -169.10002     2.5786    32.4398    1457.37  0.000e+00
      6.388   64.67942 -169.10002     2.5788    32.4398    1457.37  0.000e+00
      6.450   64.67942 -169.10002     2.5788    32.4399    1457.37  0.000e+00
      6.450   64.67942 -169.10002     2.5788    32.4396    1457.37  0.000e+00
      6.388   64.67942 -169.10002     2.5788    32.4394    1457.37  0.000e+00
      6.450   64.67942 -169.10002     2.5790    32.4395    1457.37  0.000e+00
      6.388   64.67942 -169.10002     2.5788    32.4397    1457.37  0.000e+00
      6.450   64.67942 -169.10002     2.5788    32.4398    1457.37  0.000e+00
      6.388   64.67942 -169.10002     2.5789    32.4400    1457.37  0.000e+00
      6.388   64.67942 -169.10002     2.5788    32.4395    1457.37  0.000e+00
      6.450   64.67942 -169.10002     2.5787    32.4397    1457.37  0.000e+00
      6.427   64.67942 -169.10002     2.5787    32.4400    1457.37  0.000e+00
      6.388   64.67942 -169.10002     2.5788    32.4397    1457.37  0.000e+00
      6.388   64.67942 -169.10002     2.5788    32.4394    1457.37  0.000e+00
      6.388   64.67942 -169.10002     2.5785    32.4401    1457.37  0.000e+00
      6.450   64.67942 -169.10002     2.5787    32.4398    1457.37  0.000e+00
      6.388   64.67942 -169.10002     2.5786    32.4394    1457.37  0.000e+00
      6.388   64.67942 -169.10002     2.5785    32.4397    1457.37  0.000e+00
      6.450   64.67942 -169.10002     2.5785    32.4401    1457.37  0.000e+00
      6.388   64.67942 -169.10002     2.5784    32.4402    1457.37  0.000e+00
      6.450   64.67942 -169.10002     2.5786    32.4398    1457.37  0.000e+00
      6.388   64.67942 -169.10002     2.5785    32.4403    1457.37  0.000e+00
      6.388   64.67942 -169.10002     2.5788    32.4399    1457.37  0.000e+00
      6.450   64.67942 -169.10002     2.5791    32.4394    1457.37  0.000e+00
      6.388   64.67942 -169.10002     2.5790    32.4397    1457.37  0.000e+00
      6.450   64.67942 -169.10002     2.5788    32.4401    1457.37  0.000e+00
      6.450   64.67942 -169.10002     2.5792    32.4398    1457.37  0.000e+00
      6.388   64.67942 -169.10002     2.5789    32.4400    1457.37  0.000e+00
      6.449   64.67942 -169.10002     2.5792    32.4396    1457.37  0.000e+00
      6.449   64.67942 -169.10002     2.5792    32.4399    1457.37  0.000e+00
      6.503   64.67942 -169.10002     2.5793    32.4397    1457.37  0.000e+00
      6.449   64.67942 -169.10002     2.5791    32.4401    1457.37  0.000e+00
      6.449   64.67942 -169.10002     2.5792    32.4401    1457.37  0.000e+00
      6.503   64.67942 -169.10002     2.5792    32.4398    1457.37  0.000e+00
      6.449   64.67942 -169.10002     2.5788    32.4399    1457.37  0.000e+00
      6.503   64.67942 -169.10002     2.5786    32.4394    1457.37  0.000e+00
      6.503   64.67942 -169.10002     2.5787    32.4396    1457.37  0.000e+00
      6.503   64.67942 -169.10002     2.5787    32.4395    1457.37  0.000e+00
      6.565   64.67942 -169.10002     2.5785    32.4398    1457.37  0.000e+00
      6.503   64.67942 -169.10002     2.5788    32.4396    1457.37  0.000e+00
      6.565   64.67942 -169.10002     2.5784    32.4400    1457.37  0.000e+00
      6.565   64.67942 -169.10002     2.5787    32.4397    1457.37  0.000e+00
      6.565   64.67942 -169.10002     2.5785    32.4403    1457.37  0.000e+00
      6.619   64.67942 -169.10002     2.5785    32.4400    1457.37  0.000e+00
