EcoFOCI/data/1_SampleCollection/2023_SikuliaqDBO_CruiseData/CTD_raw_BottleFile_SKQ23-12S/proc/skq202312s_013avg.cnv
* Sea-Bird SBE 9 Data File:
* FileName = D:\CTD\SKQ202312S\SKQ202312S_013.hex
* Software Version Seasave V 7.26.7.121
* Temperature SN = 6177
* Conductivity SN = 0369
* Number of Bytes Per Scan = 41
* Number of Voltage Words = 4
* Number of Scans Averaged by the Deck Unit = 1
* NMEA Latitude = 64 40.35 N
* NMEA Longitude = 170 15.80 W
* NMEA UTC (Time) = Sep 17 2023  06:56:27
* NMEA baud rate = 4800
** Ship: R/V Sikuliaq
** Station Number: 013
** Station Name: DBO2.0a
** Bottom Depth: 48
** Operator: SS
# nquan = 25
# nvalues = 42                          
# units = specified
# name 0 = depSM: Depth [salt water, m]
# name 1 = latitude: Latitude [deg]
# name 2 = longitude: Longitude [deg]
# name 3 = prDM: Pressure, Digiquartz [db]
# name 4 = t090C: Temperature [ITS-90, deg C]
# name 5 = t190C: Temperature, 2 [ITS-90, deg C]
# name 6 = potemp090C: Potential Temperature [ITS-90, deg C]
# name 7 = sal00: Salinity, Practical [PSU]
# name 8 = sal11: Salinity, Practical, 2 [PSU]
# name 9 = density00: Density [density, kg/m^3]
# name 10 = sigma-é00: Density [sigma-theta, kg/m^3]
# name 11 = sbox0Mm/Kg: Oxygen, SBE 43 [umol/kg]
# name 12 = sbox1Mm/Kg: Oxygen, SBE 43, 2 [umol/kg]
# name 13 = oxsolMm/Kg: Oxygen Saturation, Garcia & Gordon [umol/kg]
# name 14 = sbeox0PS: Oxygen, SBE 43 [% saturation]
# name 15 = sbeox1PS: Oxygen, SBE 43, 2 [% saturation]
# name 16 = v0: Voltage 0
# name 17 = flECO-AFL: Fluorescence, WET Labs ECO-AFL/FL [mg/m^3]
# name 18 = v1: Voltage 1
# name 19 = CStarAt0: Beam Attenuation, WET Labs C-Star [1/m]
# name 20 = par: PAR/Irradiance, Biospherical/Licor
# name 21 = scan: Scan Count
# name 22 = timeM: Time, Elapsed [minutes]
# name 23 = nbin: number of scans per bin
# name 24 = flag: flag
# span 0 =      1.980,     42.575       
# span 1 =   64.67240,   64.67251       
# span 2 = -170.26266, -170.26226       
# span 3 =      2.000,     43.000       
# span 4 =     2.5422,     3.0976       
# span 5 =     2.5431,     3.0983       
# span 6 =     2.5420,     3.0962       
# span 7 =    32.7080,    33.0532       
# span 8 =    32.7184,    33.0631       
# span 9 =  1026.1035,  1026.5305       
# span 10 =    26.0939,    26.3289      
# span 11 =    216.796,    305.703      
# span 12 =    205.964,    291.845      
# span 13 =  326.60822,  331.95975      
# span 14 =     66.272,     92.092      
# span 15 =     62.968,     87.971      
# span 16 =     0.2086,     0.9227      
# span 17 =     0.9039,     5.1882      
# span 18 =     3.4133,     3.8166      
# span 19 =     0.8434,     1.2904      
# span 20 = -1.994e-05, 4.1442e-01      
# span 21 =        -62,       5201      
# span 22 =    -0.0440,     3.6109      
# span 23 =         30,        622      
# span 24 = 0.0000e+00, 0.0000e+00      
# interval = decibars: 1                
# start_time = Sep 17 2023 07:00:46 [NMEA time, first data scan]
# bad_flag = -9.990e-29
*END*
      1.980   64.67242 -170.26266      2.000     2.5429     2.5435     2.5428    32.7084    32.7189  1026.1035    26.0941    304.862    290.466  331.95354     91.839     87.510     0.7676     4.2579     3.5597     1.1224 4.1442e-01        -62    -0.0440         30 0.0000e+00
      2.971   64.67242 -170.26266      3.000     2.5430     2.5439     2.5429    32.7084    32.7187  1026.1082    26.0941    305.486    291.710  331.95229     92.027     87.886     0.8062     4.4889     3.5445     1.1395 2.9981e-01        182     0.1259        274 0.0000e+00
      3.961   64.67242 -170.26266      4.000     2.5422     2.5431     2.5420    32.7080    32.7184  1026.1127    26.0939    305.415    290.830  331.95975     92.003     87.619     0.7888     4.3849     3.5605     1.1214 1.8972e-01        416     0.2884        144 0.0000e+00
      4.951   64.67242 -170.26266      5.000     2.5429     2.5440     2.5427    32.7082    32.7187  1026.1176    26.0940    305.703    291.465  331.95350     92.092     87.812     0.8380     4.6798     3.5665     1.1146 1.1473e-01        546     0.3782         87 0.0000e+00
      5.941   64.67242 -170.26264      6.000     2.5581     2.5614     2.5578    32.7173    32.7271  1026.1283    26.1001    305.369    291.845  331.80519     92.033     87.971     0.7787     4.3241     3.5586     1.1235 6.2782e-02        662     0.4593         41 0.0000e+00
      6.932   64.67242 -170.26264      7.000     2.5993     2.6039     2.5989    32.7374    32.7493  1026.1458    26.1128    304.237    290.467  331.41447     91.800     87.663     0.7725     4.2870     3.5551     1.1275 3.1667e-02        766     0.5313         82 0.0000e+00
      7.922   64.67241 -170.26263      8.000     2.5971     2.6016     2.5967    32.7356    32.7486  1026.1492    26.1115    303.565    289.937  331.43707     91.591     87.497     0.7900     4.3920     3.5584     1.1237 8.5797e-04        929     0.6447         92 0.0000e+00
      8.912   64.67240 -170.26262      9.000     2.6079     2.6104     2.6074    32.7426    32.7523  1026.1586    26.1163    303.492    289.360  331.33047     91.598     87.345     0.8525     4.7672     3.5600     1.1220 6.4264e-04       1103     0.7651        175 0.0000e+00
      9.902   64.67240 -170.26260     10.000     2.6540     2.6559     2.6534    32.7676    32.7769  1026.1795    26.1325    300.670    286.912  330.88776     90.868     86.720     0.8615     4.8209     3.5422     1.1421 -1.994e-05       1257     0.8720        107 0.0000e+00
     10.892   64.67240 -170.26259     11.000     2.6580     2.6626     2.6574    32.7681    32.7809  1026.1843    26.1325    298.941    285.033  330.85382     90.354     86.169     0.8670     4.8539     3.5521     1.1308 1.0000e-12       1394     0.9677        148 0.0000e+00
     11.882   64.67242 -170.26257     12.000     2.6873     2.6812     2.6866    32.7847    32.7913  1026.1998    26.1434    298.361    284.631  330.57105     90.256     86.094     0.7936     4.4135     3.5604     1.1215 1.0000e-12       1513     1.0498        146 0.0000e+00
     12.872   64.67242 -170.26254     13.000     2.7184     2.7069     2.7177    32.8010    32.8034  1026.2149    26.1538    296.782    283.608  330.27491     89.859     85.847     0.8956     5.0258     3.5618     1.1200 1.0000e-12       1642     1.1395        103 0.0000e+00
     13.863   64.67242 -170.26252     14.000     2.7336     2.7364     2.7328    32.8102    32.8200  1026.2258    26.1599    294.498    282.828  330.12727     89.207     85.685     0.9227     5.1882     3.5784     1.1014 1.0000e-12       1733     1.2026         55 0.0000e+00
     14.853   64.67242 -170.26251     15.000     2.7821     2.7798     2.7813    32.8355    32.8424  1026.2466    26.1761    295.087    282.195  329.66692     89.511     85.600     0.8242     4.5974     3.5812     1.0982 1.0000e-12       1788     1.2412         61 0.0000e+00
     15.843   64.67242 -170.26250     16.000     2.8195     2.8323     2.8186    32.8546    32.8698  1026.2633    26.1882    293.310    280.047  329.31335     89.067     85.076     0.8182     4.5615     3.5846     1.0945 1.0000e-12       1858     1.2897         67 0.0000e+00
     16.833   64.67242 -170.26249     17.000     2.8880     2.8979     2.8870    32.8930    32.9051  1026.2929    26.2130    289.636    276.648  328.66046     88.126     84.203     0.7456     4.1254     3.5792     1.1005 1.0000e-12       1916     1.3302         52 0.0000e+00
     17.823   64.67242 -170.26248     18.000     3.0525     3.0563     3.0514    32.9876    32.9966  1026.3587    26.2743    287.777    273.181  327.09236     87.980     83.532     0.7165     3.9512     3.6351     1.0385 1.0000e-12       1967     1.3656         50 0.0000e+00
     18.813   64.67242 -170.26246     19.000     3.0828     3.0836     3.0817    33.0128    33.0214  1026.3809    26.2918    275.469    265.016  326.78554     84.296     81.105     0.5656     3.0453     3.7189     0.9473 1.0000e-12       2029     1.4087         69 0.0000e+00
     19.803   64.67242 -170.26246     20.000     3.0852     3.0860     3.0840    33.0170    33.0258  1026.3887    26.2949    258.186    248.405  326.75578     79.015     76.028     0.4576     2.3974     3.7568     0.9067 1.0000e-12       2086     1.4476         42 0.0000e+00
     20.794   64.67242 -170.26244     21.000     3.0913     3.0923     3.0901    33.0240    33.0329  1026.3984    26.2999    253.951    243.803  326.68914     77.735     74.635     0.4568     2.3931     3.7619     0.9012 1.0000e-12       2123     1.4737         39 0.0000e+00
     21.784   64.67242 -170.26244     22.000     3.0963     3.0972     3.0950    33.0316    33.0408  1026.4088    26.3056    251.901    240.969  326.63016     77.121     73.781     0.4271     2.2147     3.7947     0.8666 1.0000e-12       2179     1.5125         65 0.0000e+00
     22.774   64.67244 -170.26242     23.000     3.0976     3.0983     3.0962    33.0364    33.0459  1026.4171    26.3093    247.554    236.220  326.60822     75.795     72.332     0.3452     1.7236     3.8098     0.8506 1.0000e-12       2232     1.5495         39 0.0000e+00
     23.764   64.67244 -170.26242     24.000     3.0956     3.0964     3.0942    33.0388    33.0482  1026.4239    26.3114    244.956    234.066  326.61812     74.998     71.670     0.3229     1.5890     3.8166     0.8434 1.0000e-12       2272     1.5771         45 0.0000e+00
     24.754   64.67244 -170.26241     25.000     3.0927     3.0936     3.0912    33.0406    33.0501  1026.4303    26.3131    241.850    230.355  326.63727     74.042     70.530     0.3310     1.6378     3.8136     0.8466 1.0000e-12       2326     1.6144         55 0.0000e+00
     25.744   64.67244 -170.26240     26.000     3.0858     3.0872     3.0843    33.0420    33.0518  1026.4367    26.3148    240.099    228.315  326.68865     73.495     69.895     0.3064     1.4905     3.8067     0.8539 1.0000e-12       2373     1.6471         40 0.0000e+00
     26.734   64.67244 -170.26240     27.000     3.0564     3.0587     3.0549    33.0471    33.0569  1026.4481    26.3215    239.302    227.106  326.91290     73.200     69.479     0.3168     1.5529     3.7775     0.8847 1.0000e-12       2416     1.6768         49 0.0000e+00
     27.724   64.67244 -170.26238     28.000     3.0360     3.0372     3.0344    33.0500    33.0599  1026.4569    26.3256    234.418    223.531  327.07008     71.672     68.351     0.2573     1.1959     3.7196     0.9465 1.0000e-12       2480     1.7215         65 0.0000e+00
     28.714   64.67244 -170.26238     29.000     3.0339     3.0347     3.0323    33.0503    33.0605  1026.4621    26.3261    228.090    217.201  327.08582     69.734     66.411     0.2261     1.0086     3.6727     0.9973 1.0000e-12       2523     1.7511         32 0.0000e+00
     29.704   64.67244 -170.26238     30.000     3.0337     3.0347     3.0320    33.0504    33.0604  1026.4668    26.3262    225.326    214.086  327.08730     68.889     65.459     0.2299     1.0312     3.6769     0.9927 1.0000e-12       2560     1.7772         42 0.0000e+00
     30.695   64.67244 -170.26236     31.000     3.0335     3.0345     3.0317    33.0505    33.0605  1026.4716    26.3262    223.981    212.483  327.08888     68.477     64.968     0.2194     0.9683     3.6753     0.9944 1.0000e-12       2618     1.8172         64 0.0000e+00
     31.685   64.67246 -170.26236     32.000     3.0305     3.0313     3.0287    33.0514    33.0616  1026.4773    26.3273    223.746    212.136  327.11083     68.401     64.858     0.2307     1.0362     3.6589     1.0124 1.0000e-12       2668     1.8521         40 0.0000e+00
     32.675   64.67246 -170.26236     33.000     3.0295     3.0302     3.0276    33.0526    33.0626  1026.4830    26.3282    223.565    211.989  327.11645     68.344     64.812     0.2157     0.9460     3.5929     1.0852 1.0000e-12       2708     1.8801         44 0.0000e+00
     33.665   64.67246 -170.26234     34.000     3.0292     3.0302     3.0272    33.0528    33.0626  1026.4879    26.3285    220.893    208.881  327.11830     67.527     63.861     0.2432     1.1109     3.5386     1.1460 1.0000e-12       2782     1.9314         84 0.0000e+00
     34.655   64.67248 -170.26230     35.000     3.0294     3.0301     3.0274    33.0528    33.0627  1026.4926    26.3284    219.276    207.562  327.11633     67.033     63.458     0.2287     1.0239     3.5291     1.1568 8.6648e-08       3096     2.1495        622 0.0000e+00
     35.645   64.67250 -170.26227     36.000     3.0288     3.0297     3.0267    33.0531    33.0629  1026.4975    26.3287    218.331    207.001  327.12094     66.743     63.286     0.2237     0.9944     3.5177     1.1698 3.3701e-07       3498     2.4286        101 0.0000e+00
     36.635   64.67250 -170.26227     37.000     3.0288     3.0297     3.0266    33.0532    33.0630  1026.5023    26.3288    218.212    206.521  327.12072     66.707     63.139     0.2161     0.9485     3.5163     1.1713 8.4550e-08       3615     2.5100         66 0.0000e+00
     37.625   64.67250 -170.26226     38.000     3.0290     3.0299     3.0268    33.0531    33.0629  1026.5069    26.3287    217.780    206.734  327.11887     66.575     63.204     0.2086     0.9039     3.5106     1.1779 2.4482e-07       3666     2.5454         97 0.0000e+00
     38.615   64.67250 -170.26228     39.000     3.0288     3.0297     3.0265    33.0532    33.0630  1026.5117    26.3288    218.193    207.117  327.12045     66.701     63.321     0.2310     1.0378     3.5050     1.1843 1.1008e-07       3768     2.6161         76 0.0000e+00
     39.605   64.67251 -170.26228     40.000     3.0282     3.0292     3.0259    33.0531    33.0630  1026.5163    26.3288    217.700    205.964  327.12517     66.549     62.968     0.2165     0.9511     3.4728     1.2213 -1.082e-08       3900     2.7078        164 0.0000e+00
     40.595   64.67251 -170.26230     41.000     3.0275     3.0283     3.0252    33.0531    33.0630  1026.5212    26.3289    217.104    206.118  327.13063     66.366     63.014     0.2278     1.0189     3.4337     1.2665 5.6525e-08       4691     3.2569        368 0.0000e+00
     41.585   64.67250 -170.26232     42.000     3.0275     3.0283     3.0250    33.0532    33.0631  1026.5259    26.3289    216.796    206.949  327.13110     66.272     63.268     0.2229     0.9892     3.4342     1.2660 2.6911e-07       5042     3.5008         68 0.0000e+00
     42.575   64.67250 -170.26231     43.000     3.0274     3.0282     3.0250    33.0531    33.0630  1026.5305    26.3289    216.893    206.301  327.13145     66.302     63.070     0.2300     1.0318     3.4133     1.2904 3.4995e-08       5201     3.6109        269 0.0000e+00
