EcoFOCI/data/1_SampleCollection/2023_SikuliaqDBO_CruiseData/CTD_raw_BottleFile_SKQ23-12S/proc/skq202312s_075.cnv
* Sea-Bird SBE 9 Data File:
* FileName = D:\CTD\SKQ202312S\SKQ202312S_075.hex
* Software Version Seasave V 7.26.7.121
* Temperature SN = 6177
* Conductivity SN = 0369
* Number of Bytes Per Scan = 41
* Number of Voltage Words = 4
* Number of Scans Averaged by the Deck Unit = 1
* NMEA Latitude = 68 14.82 N
* NMEA Longitude = 167 07.33 W
* NMEA UTC (Time) = Oct 02 2023  05:40:29
* NMEA baud rate = 4800
** Ship: R/V Sikuliaq
** Station Number: 075
** Station Name: DBO3.3
** Bottom Depth: 43
** Operator: SD
# nquan = 24
# nvalues = 6111                                  
# units = specified
# name 0 = depSM: Depth [salt water, m]
# name 1 = latitude: Latitude [deg]
# name 2 = longitude: Longitude [deg]
# name 3 = prDM: Pressure, Digiquartz [db]
# name 4 = t090C: Temperature [ITS-90, deg C]
# name 5 = t190C: Temperature, 2 [ITS-90, deg C]
# name 6 = potemp090C: Potential Temperature [ITS-90, deg C]
# name 7 = sal00: Salinity, Practical [PSU]
# name 8 = sal11: Salinity, Practical, 2 [PSU]
# name 9 = density00: Density [density, kg/m^3]
# name 10 = sigma-é00: Density [sigma-theta, kg/m^3]
# name 11 = sbox0Mm/Kg: Oxygen, SBE 43 [umol/kg]
# name 12 = sbox1Mm/Kg: Oxygen, SBE 43, 2 [umol/kg]
# name 13 = oxsolMm/Kg: Oxygen Saturation, Garcia & Gordon [umol/kg]
# name 14 = sbeox0PS: Oxygen, SBE 43 [% saturation]
# name 15 = sbeox1PS: Oxygen, SBE 43, 2 [% saturation]
# name 16 = v0: Voltage 0
# name 17 = flECO-AFL: Fluorescence, WET Labs ECO-AFL/FL [mg/m^3]
# name 18 = v1: Voltage 1
# name 19 = CStarAt0: Beam Attenuation, WET Labs C-Star [1/m]
# name 20 = par: PAR/Irradiance, Biospherical/Licor
# name 21 = scan: Scan Count
# name 22 = timeM: Time, Elapsed [minutes]
# name 23 = flag:  0.000e+00
# span 0 =      2.824,     38.685                 
# span 1 =   68.24652,   68.24672                 
# span 2 = -167.12266, -167.12246                 
# span 3 =      2.853,     39.080                 
# span 4 =     4.4215,     7.9027                 
# span 5 =     4.4203,     7.9045                 
# span 6 =     4.4189,     7.9004                 
# span 7 =    25.6333,    31.9134                 
# span 8 =    25.6243,    31.9239                 
# span 9 =  1020.1432,  1025.4692                 
# span 10 =    20.1209,    25.2883                
# span 11 =    257.241,    298.544                
# span 12 =    239.983,    284.110                
# span 13 =  299.34244,  319.01891                
# span 14 =     81.646,     95.361                
# span 15 =     76.052,     90.607                
# span 16 =     0.0720,     0.2589                
# span 17 =     0.0842,     1.2051                
# span 18 =     3.1587,     4.0549                
# span 19 =     0.6011,     1.6005                
# span 20 = 1.0000e-12, 3.8176e-01                
# span 21 =          1,       6111                
# span 22 =     0.0000,     4.2431                
# span 23 = 0.0000e+00, 0.0000e+00                
# interval = seconds: 0.0416667
# start_time = Oct 02 2023 05:44:07 [NMEA time, first data scan]
# bad_flag = -9.990e-29
*END*
[from data line 2174]
     24.220   68.24664 -167.12254     24.466     7.8709     7.8749     7.8687    29.4480    29.4561  1023.0474    22.9350    266.731    253.113  299.63650     89.018     84.486     0.1221     0.3846     4.0427     0.6131 1.0000e-12       2175     1.5097  0.000e+00
     24.235   68.24664 -167.12254     24.482     7.8717     7.8757     7.8695    29.4484    29.4564  1023.0476    22.9352    266.543    253.073  299.63040     88.957     84.474     0.1233     0.3919     4.0427     0.6131 1.0000e-12       2176     1.5104  0.000e+00
     24.220   68.24664 -167.12254     24.466     7.8722     7.8757     7.8700    29.4489    29.4570  1023.0479    22.9355    266.714    253.039  299.62583     89.016     84.464     0.1221     0.3846     4.0427     0.6131 1.0000e-12       2177     1.5111  0.000e+00
     24.297   68.24664 -167.12254     24.544     7.8730     7.8760     7.8708    29.4491    29.4572  1023.0483    22.9355    266.647    253.028  299.62010     88.995     84.460     0.1233     0.3919     4.0427     0.6131 8.4714e-06       2178     1.5118  0.000e+00
     24.274   68.24664 -167.12254     24.521     7.8733     7.8760     7.8711    29.4490    29.4569  1023.0481    22.9355    266.659    253.020  299.61814     89.000     84.458     0.1245     0.3993     4.0427     0.6131 1.0000e-12       2179     1.5125  0.000e+00
     24.335   68.24664 -167.12254     24.583     7.8736     7.8761     7.8714    29.4491    29.4571  1023.0484    22.9355    266.703    252.830  299.61569     89.015     84.394     0.1233     0.3919     4.0427     0.6131 1.0000e-12       2180     1.5132  0.000e+00
     24.351   68.24664 -167.12254     24.599     7.8740     7.8762     7.8718    29.4491    29.4573  1023.0484    22.9354    266.697    252.814  299.61329     89.014     84.389     0.1233     0.3919     4.0427     0.6131 1.0000e-12       2181     1.5139  0.000e+00
     24.389   68.24664 -167.12254     24.638     7.8744     7.8760     7.8722    29.4486    29.4576  1023.0481    22.9350    266.531    252.788  299.61142     88.959     84.381     0.1233     0.3919     4.0427     0.6131 1.0000e-12       2182     1.5146  0.000e+00
     24.351   68.24664 -167.12254     24.599     7.8743     7.8764     7.8721    29.4496    29.4580  1023.0488    22.9358    266.721    252.589  299.61010     89.023     84.315     0.1233     0.3919     4.0427     0.6131 1.0000e-12       2183     1.5153  0.000e+00
     24.451   68.24664 -167.12254     24.700     7.8746     7.8767     7.8724    29.4492    29.4582  1023.0489    22.9354    266.728    252.572  299.60863     89.026     84.310     0.1221     0.3846     4.0427     0.6131 1.0000e-12       2184     1.5160  0.000e+00
     24.412   68.24664 -167.12254     24.661     7.8748     7.8769     7.8726    29.4494    29.4582  1023.0488    22.9355    266.544    252.539  299.60731     88.964     84.300     0.1221     0.3846     4.0440     0.6119 1.0000e-12       2185     1.5167  0.000e+00
     24.451   68.24664 -167.12254     24.700     7.8748     7.8767     7.8725    29.4497    29.4586  1023.0493    22.9358    266.178    252.516  299.60657     88.842     84.292     0.1209     0.3773     4.0440     0.6119 1.0000e-12       2186     1.5174  0.000e+00
     24.505   68.24664 -167.12254     24.755     7.8749     7.8771     7.8727    29.4500    29.4586  1023.0497    22.9360    266.498    252.495  299.60495     88.950     84.285     0.1221     0.3846     4.0452     0.6107 1.0000e-12       2187     1.5181  0.000e+00
     24.466   68.24664 -167.12254     24.716     7.8751     7.8768     7.8728    29.4502    29.4590  1023.0497    22.9361    266.301    252.479  299.60348     88.884     84.280     0.1209     0.3773     4.0452     0.6107 1.0000e-12       2188     1.5188  0.000e+00
     24.505   68.24664 -167.12254     24.755     7.8751     7.8773     7.8728    29.4500    29.4592  1023.0497    22.9360    266.276    252.466  299.60382     88.876     84.277     0.1221     0.3846     4.0452     0.6107 1.0000e-12       2189     1.5194  0.000e+00
     24.582   68.24664 -167.12254     24.832     7.8753     7.8772     7.8730    29.4510    29.4596  1023.0508    22.9367    266.254    252.463  299.60042     88.870     84.275     0.1209     0.3773     4.0452     0.6107 1.0000e-12       2190     1.5201  0.000e+00
     24.559   68.24664 -167.12254     24.809     7.8754     7.8774     7.8732    29.4518    29.4598  1023.0513    22.9373    266.233    252.287  299.59764     88.863     84.217     0.1221     0.3846     4.0452     0.6107 1.0000e-12       2191     1.5208  0.000e+00
     24.582   68.24664 -167.12254     24.832     7.8759     7.8779     7.8737    29.4529    29.4602  1023.0523    22.9382    266.215    252.272  299.59179     88.859     84.214     0.1221     0.3846     4.0440     0.6119 1.0000e-12       2192     1.5215  0.000e+00
     24.559   68.24664 -167.12254     24.809     7.8764     7.8788     7.8741    29.4547    29.4609  1023.0535    22.9395    266.198    252.258  299.58481     88.856     84.211     0.1221     0.3846     4.0452     0.6107 8.4714e-06       2193     1.5222  0.000e+00
     24.621   68.24664 -167.12254     24.871     7.8774     7.8802     7.8751    29.4556    29.4615  1023.0544    22.9401    266.187    252.249  299.57606     88.854     84.211     0.1233     0.3919     4.0452     0.6107 1.0000e-12       2194     1.5229  0.000e+00
     24.636   68.24664 -167.12254     24.887     7.8785     7.8811     7.8762    29.4558    29.4627  1023.0544    22.9401    265.989    252.229  299.56794     88.791     84.207     0.1209     0.3773     4.0440     0.6119 1.0000e-12       2195     1.5236  0.000e+00
     24.675   68.24664 -167.12254     24.926     7.8790     7.8821     7.8767    29.4566    29.4635  1023.0552    22.9407    265.965    252.043  299.56279     88.784     84.147     0.1221     0.3846     4.0440     0.6119 1.0000e-12       2196     1.5243  0.000e+00
     24.636   68.24664 -167.12254     24.887     7.8794     7.8826     7.8772    29.4575    29.4641  1023.0556    22.9413    265.917    252.036  299.55775     88.770     84.146     0.1209     0.3773     4.0440     0.6119 1.0000e-12       2197     1.5250  0.000e+00
     24.675   68.24664 -167.12254     24.926     7.8803     7.8836     7.8780    29.4579    29.4642  1023.0560    22.9415    265.875    252.035  299.55120     88.758     84.148     0.1221     0.3846     4.0440     0.6119 1.0000e-12       2198     1.5257  0.000e+00
     24.752   68.24664 -167.12254     25.004     7.8809     7.8846     7.8787    29.4580    29.4647  1023.0563    22.9415    265.839    252.041  299.54667     88.747     84.152     0.1221     0.3846     4.0452     0.6107 1.0000e-12       2199     1.5264  0.000e+00
     24.675   68.24664 -167.12254     24.926     7.8814     7.8852     7.8792    29.4585    29.4657  1023.0563    22.9418    265.803    251.861  299.54220     88.737     84.093     0.1221     0.3846     4.0452     0.6107 1.0000e-12       2200     1.5271  0.000e+00
     24.736   68.24664 -167.12254     24.988     7.8821     7.8857     7.8798    29.4582    29.4662  1023.0563    22.9415    265.777    251.848  299.53844     88.729     84.090     0.1209     0.3773     4.0452     0.6107 1.0000e-12       2201     1.5278  0.000e+00
     24.752   68.24664 -167.12254     25.004     7.8824     7.8861     7.8801    29.4583    29.4670  1023.0564    22.9415    265.565    252.011  299.53612     88.659     84.146     0.1221     0.3846     4.0440     0.6119 1.0000e-12       2202     1.5285  0.000e+00
     24.790   68.24664 -167.12254     25.043     7.8827     7.8865     7.8804    29.4589    29.4675  1023.0570    22.9419    265.711    251.855  299.53250     88.709     84.095     0.1221     0.3846     4.0452     0.6107 1.0000e-12       2203     1.5292  0.000e+00
     24.752   68.24664 -167.12254     25.004     7.8829     7.8869     7.8806    29.4598    29.4679  1023.0575    22.9427    265.696    251.856  299.52947     88.704     84.097     0.1221     0.3846     4.0440     0.6119 1.0000e-12       2204     1.5299  0.000e+00
     24.790   68.24664 -167.12254     25.043     7.8834     7.8871     7.8811    29.4604    29.4684  1023.0581    22.9430    265.686    251.869  299.52487     88.702     84.101     0.1221     0.3846     4.0488     0.6071 1.0000e-12       2205     1.5306  0.000e+00
     24.813   68.24664 -167.12254     25.066     7.8837     7.8877     7.8814    29.4610    29.4687  1023.0586    22.9435    265.491    251.884  299.52148     88.638     84.108     0.1221     0.3846     4.0513     0.6047 1.0000e-12       2206     1.5313  0.000e+00
     24.852   68.24664 -167.12254     25.105     7.8842     7.8881     7.8819    29.4612    29.4692  1023.0588    22.9435    265.655    251.736  299.51781     88.694     84.059     0.1221     0.3846     4.0525     0.6035 1.0000e-12       2207     1.5319  0.000e+00
     24.813   68.24664 -167.12254     25.066     7.8843     7.8882     7.8820    29.4616    29.4694  1023.0590    22.9438    265.280    251.749  299.51587     88.570     84.064     0.1221     0.3846     4.0525     0.6035 1.0000e-12       2208     1.5326  0.000e+00
     24.906   68.24664 -167.12254     25.160     7.8847     7.8881     7.8824    29.4617    29.4695  1023.0595    22.9439    265.432    251.758  299.51315     88.621     84.067     0.1233     0.3919     4.0525     0.6035 1.0000e-12       2209     1.5333  0.000e+00
     24.852   68.24664 -167.12254     25.105     7.8850     7.8881     7.8827    29.4626    29.4700  1023.0599    22.9446    265.230    251.938  299.50922     88.555     84.127     0.1245     0.3993     4.0525     0.6035 1.0000e-12       2210     1.5340  0.000e+00
     24.867   68.24664 -167.12254     25.121     7.8853     7.8886     7.8830    29.4629    29.4699  1023.0601    22.9447    265.176    251.969  299.50635     88.538     84.139     0.1258     0.4066     4.0525     0.6035 1.0000e-12       2211     1.5347  0.000e+00
     24.906   68.24664 -167.12254     25.160     7.8856     7.8889     7.8833    29.4632    29.4699  1023.0605    22.9449    265.154    251.990  299.50359     88.531     84.146     0.1245     0.3993     4.0525     0.6035 1.0000e-12       2212     1.5354  0.000e+00
     24.921   68.24664 -167.12254     25.175     7.8859     7.8896     7.8837    29.4637    29.4702  1023.0609    22.9453    265.137    252.012  299.50017     88.526     84.155     0.1258     0.4066     4.0525     0.6035 1.0000e-12       2213     1.5361  0.000e+00
     24.906   68.24664 -167.12254     25.160     7.8861     7.8913     7.8838    29.4643    29.4696  1023.0613    22.9457    265.125    251.862  299.49779     88.523     84.108     0.1245     0.3993     4.0525     0.6035 1.0000e-12       2214     1.5368  0.000e+00
     24.921   68.24664 -167.12254     25.175     7.8869     7.8932     7.8847    29.4644    29.4690  1023.0613    22.9457    265.118    251.855  299.49184     88.523     84.109     0.1258     0.4066     4.0525     0.6035 8.4714e-06       2215     1.5375  0.000e+00
     24.906   68.24664 -167.12254     25.159     7.8877     7.8943     7.8854    29.4647    29.4695  1023.0614    22.9458    264.927    251.684  299.48580     88.461     84.054     0.1270     0.4139     4.0525     0.6035 1.0000e-12       2216     1.5382  0.000e+00
     24.983   68.24664 -167.12254     25.237     7.8884     7.8963     7.8861    29.4648    29.4693  1023.0617    22.9458    264.912    251.672  299.48127     88.457     84.054     0.1245     0.3993     4.0525     0.6035 1.0000e-12       2217     1.5389  0.000e+00
     24.960   68.24664 -167.12254     25.214     7.8893     7.8982     7.8870    29.4645    29.4692  1023.0613    22.9455    264.873    251.646  299.47542     88.446     84.049     0.1258     0.4066     4.0525     0.6035 8.4714e-06       2218     1.5396  0.000e+00
     24.960   68.24664 -167.12254     25.214     7.8898     7.8994     7.8875    29.4658    29.4697  1023.0622    22.9464    264.841    251.628  299.46931     88.437     84.045     0.1245     0.3993     4.0525     0.6035 1.0000e-12       2219     1.5403  0.000e+00
     24.983   68.24664 -167.12254     25.237     7.8903     7.9003     7.8880    29.4670    29.4702  1023.0632    22.9473    264.817    251.617  299.46323     88.430     84.044     0.1258     0.4066     4.0525     0.6035 1.0000e-12       2220     1.5410  0.000e+00
     25.022   68.24664 -167.12254     25.276     7.8911     7.9007     7.8888    29.4673    29.4708  1023.0635    22.9474    264.610    251.615  299.45723     88.363     84.044     0.1245     0.3993     4.0525     0.6035 1.0000e-12       2221     1.5417  0.000e+00
     24.983   68.24664 -167.12254     25.237     7.8916     7.9008     7.8893    29.4678    29.4718  1023.0637    22.9477    264.573    251.633  299.45272     88.352     84.051     0.1258     0.4066     4.0525     0.6035 1.0000e-12       2222     1.5424  0.000e+00
     25.022   68.24664 -167.12254     25.276     7.8922     7.9008     7.8899    29.4679    29.4717  1023.0638    22.9477    264.546    251.645  299.44809     88.344     84.055     0.1245     0.3993     4.0525     0.6035 1.0000e-12       2223     1.5431  0.000e+00
     25.037   68.24664 -167.12254     25.292     7.8926     7.9010     7.8903    29.4682    29.4714  1023.0640    22.9479    264.338    251.660  299.44522     88.276     84.060     0.1258     0.4066     4.0525     0.6035 1.0000e-12       2224     1.5438  0.000e+00
     25.021   68.24664 -167.12254     25.276     7.8932     7.9013     7.8909    29.4674    29.4715  1023.0633    22.9472    264.464    251.677  299.44255     88.319     84.066     0.1245     0.3993     4.0525     0.6035 1.0000e-12       2225     1.5444  0.000e+00
     25.037   68.24664 -167.12254     25.292     7.8939     7.9015     7.8916    29.4667    29.4731  1023.0627    22.9466    264.460    251.526  299.43961     88.318     84.017     0.1258     0.4066     4.0537     0.6023 1.0000e-12       2226     1.5451  0.000e+00
     25.075   68.24664 -167.12254     25.331     7.8945     7.9016     7.8922    29.4663    29.4744  1023.0625    22.9462    264.274    251.538  299.43606     88.257     84.022     0.1270     0.4139     4.0537     0.6023 1.0000e-12       2227     1.5458  0.000e+00
     25.137   68.24664 -167.12254     25.393     7.8950     7.9019     7.8927    29.4661    29.4746  1023.0625    22.9459    264.262    251.728  299.43327     88.254     84.086     0.1258     0.4066     4.0549     0.6011 1.0000e-12       2228     1.5465  0.000e+00
     25.037   68.24664 -167.12254     25.292     7.8960     7.9020     7.8937    29.4653    29.4754  1023.0613    22.9451    264.251    251.746  299.42867     88.252     84.093     0.1258     0.4066     4.0537     0.6023 1.0000e-12       2229     1.5472  0.000e+00
     25.075   68.24664 -167.12254     25.331     7.8962     7.9023     7.8939    29.4652    29.4758  1023.0614    22.9451    264.256    251.771  299.42741     88.254     84.102     0.1245     0.3993     4.0537     0.6023 1.0000e-12       2230     1.5479  0.000e+00
     25.099   68.24664 -167.12254     25.354     7.8965     7.9020     7.8942    29.4652    29.4762  1023.0615    22.9450    264.242    251.633  299.42534     88.250     84.056     0.1258     0.4066     4.0537     0.6023 1.0000e-12       2231     1.5486  0.000e+00
     25.137   68.24664 -167.12254     25.393     7.8969     7.9018     7.8946    29.4660    29.4765  1023.0622    22.9456    264.260    251.638  299.42028     88.257     84.057     0.1258     0.4066     4.0537     0.6023 1.0000e-12       2232     1.5493  0.000e+00
     25.153   68.24664 -167.12254     25.409     7.8977     7.9019     7.8954    29.4673    29.4765  1023.0632    22.9465    264.093    251.644  299.41217     88.204     84.060     0.1258     0.4066     4.0537     0.6023 1.0000e-12       2233     1.5500  0.000e+00
