EcoFOCI/data/1_SampleCollection/2023_SikuliaqDBO_CruiseData/CTD_raw_BottleFile_SKQ23-12S/proc/skq202312s_055.cnv
* Sea-Bird SBE 9 Data File:
* FileName = D:\CTD\SKQ202312S\SKQ202312S_055.hex
* Software Version Seasave V 7.26.7.121
* Temperature SN = 6177
* Conductivity SN = 0369
* Number of Bytes Per Scan = 41
* Number of Voltage Words = 4
* Number of Scans Averaged by the Deck Unit = 1
* NMEA Latitude = 71 05.09 N
* NMEA Longitude = 163 48.16 W
* NMEA UTC (Time) = Sep 27 2023  03:55:23
* NMEA baud rate = 4800
** Ship: R/V Sikuliaq
** Station Number: 055
** Station Name: IC7
** Bottom Depth: 43
** Operator: SD
# nquan = 24
# nvalues = 4207                                  
# units = specified
# name 0 = depSM: Depth [salt water, m]
# name 1 = latitude: Latitude [deg]
# name 2 = longitude: Longitude [deg]
# name 3 = prDM: Pressure, Digiquartz [db]
# name 4 = t090C: Temperature [ITS-90, deg C]
# name 5 = t190C: Temperature, 2 [ITS-90, deg C]
# name 6 = potemp090C: Potential Temperature [ITS-90, deg C]
# name 7 = sal00: Salinity, Practical [PSU]
# name 8 = sal11: Salinity, Practical, 2 [PSU]
# name 9 = density00: Density [density, kg/m^3]
# name 10 = sigma-é00: Density [sigma-theta, kg/m^3]
# name 11 = sbox0Mm/Kg: Oxygen, SBE 43 [umol/kg]
# name 12 = sbox1Mm/Kg: Oxygen, SBE 43, 2 [umol/kg]
# name 13 = oxsolMm/Kg: Oxygen Saturation, Garcia & Gordon [umol/kg]
# name 14 = sbeox0PS: Oxygen, SBE 43 [% saturation]
# name 15 = sbeox1PS: Oxygen, SBE 43, 2 [% saturation]
# name 16 = v0: Voltage 0
# name 17 = flECO-AFL: Fluorescence, WET Labs ECO-AFL/FL [mg/m^3]
# name 18 = v1: Voltage 1
# name 19 = CStarAt0: Beam Attenuation, WET Labs C-Star [1/m]
# name 20 = par: PAR/Irradiance, Biospherical/Licor
# name 21 = scan: Scan Count
# name 22 = timeM: Time, Elapsed [minutes]
# name 23 = flag:  0.000e+00
# span 0 =      2.116,     37.949                 
# span 1 =   71.08482,   71.08482                 
# span 2 = -163.80274, -163.80274                 
# span 3 =      2.138,     38.343                 
# span 4 =     0.6637,     4.2032                 
# span 5 =     0.6640,     4.2048                 
# span 6 =     0.6624,     4.2030                 
# span 7 =    30.6508,    32.2705                 
# span 8 =    30.6566,    32.2256                 
# span 9 =  1024.3214,  1026.0122                 
# span 10 =    24.3090,    25.8535                
# span 11 =    298.310,    321.139                
# span 12 =    282.173,    301.907                
# span 13 =  321.81449,  349.55777                
# span 14 =     85.791,     98.896                
# span 15 =     81.053,     93.704                
# span 16 =     0.0855,     0.1624                
# span 17 =     0.1648,     0.6264                
# span 18 =     0.3602,     4.1978                
# span 19 =     0.4625,    10.2974                
# span 20 = 1.7911e-02, 1.7763e+01                
# span 21 =          1,       4207                
# span 22 =     0.0000,     2.9208                
# span 23 = 0.0000e+00, 0.0000e+00                
# interval = seconds: 0.0416667
# start_time = Sep 27 2023 03:58:52 [NMEA time, first data scan]
# bad_flag = -9.990e-29
*END*
[from data line 363]
      3.316   71.08482 -163.80274      3.350     3.9958     3.9586     3.9956    30.7399    30.7502  1024.4150    24.3993    310.840    296.481  325.09609     95.615     91.122     0.1514     0.5604     3.9560     0.6999 1.3267e+01        364     0.2521  0.000e+00
      3.370   71.08482 -163.80274      3.405     4.0002     3.9516     4.0000    30.7355    30.7499  1024.4113    24.3954    310.562    296.533  325.07214     95.536     91.123     0.1538     0.5751     3.9915     0.6642 1.3229e+01        365     0.2528  0.000e+00
      3.370   71.08482 -163.80274      3.405     4.0025     3.9453     4.0023    30.7298    30.7518  1024.4066    24.3907    310.524    296.555  325.06816     95.526     91.117     0.1514     0.5604     3.9963     0.6593 1.3229e+01        366     0.2535  0.000e+00
      3.370   71.08482 -163.80274      3.405     4.0000     3.9327     3.9997    30.7252    30.7595  1024.4032    24.3873    310.320    296.426  325.09929     95.454     91.054     0.1526     0.5678     3.9951     0.6606 1.3192e+01        367     0.2542  0.000e+00
      3.370   71.08482 -163.80274      3.405     3.9931     3.9184     3.9928    30.7242    30.7673  1024.4031    24.3871    310.333    296.505  325.15642     95.441     91.052     0.1526     0.5678     3.9927     0.6630 1.3154e+01        368     0.2549  0.000e+00
      3.370   71.08482 -163.80274      3.405     3.9859     3.9065     3.9857    30.7212    30.7714  1024.4013    24.3854    310.226    296.579  325.22022     95.390     91.051     0.1526     0.5678     3.9927     0.6630 1.3154e+01        369     0.2556  0.000e+00
      3.432   71.08482 -163.80274      3.467     3.9783     3.8971     3.9781    30.7176    30.7738  1024.3995    24.3832    310.021    296.643  325.28952     95.306     91.051     0.1514     0.5604     3.9927     0.6630 1.3192e+01        370     0.2562  0.000e+00
      3.432   71.08482 -163.80274      3.467     3.9664     3.8910     3.9662    30.7202    30.7744  1024.4026    24.3864    310.237    296.685  325.37764     95.347     91.052     0.1526     0.5678     3.9927     0.6630 1.3229e+01        371     0.2569  0.000e+00
      3.432   71.08482 -163.80274      3.467     3.9531     3.8870     3.9529    30.7256    30.7746  1024.4082    24.3919    310.074    296.695  325.46976     95.270     91.046     0.1526     0.5678     3.9927     0.6630 1.3229e+01        372     0.2576  0.000e+00
      3.432   71.08482 -163.80274      3.467     3.9428     3.8838     3.9426    30.7287    30.7755  1024.4116    24.3953    309.868    296.700  325.54378     95.185     91.041     0.1526     0.5678     3.9939     0.6618 1.3267e+01        373     0.2583  0.000e+00
      3.432   71.08482 -163.80274      3.467     3.9327     3.8748     3.9325    30.7325    30.7805  1024.4156    24.3993    309.849    296.555  325.61468     95.158     90.980     0.1526     0.5678     3.9927     0.6630 1.3304e+01        374     0.2590  0.000e+00
      3.432   71.08482 -163.80274      3.467     3.9228     3.8640     3.9226    30.7360    30.7872  1024.4192    24.4030    309.839    296.617  325.68461     95.135     90.979     0.1514     0.5604     3.9927     0.6630 1.3304e+01        375     0.2597  0.000e+00
      3.432   71.08482 -163.80274      3.467     3.9126     3.8532     3.9124    30.7410    30.7937  1024.4242    24.4079    309.840    296.663  325.75344     95.115     90.974     0.1526     0.5678     3.9927     0.6630 1.3304e+01        376     0.2604  0.000e+00
      3.486   71.08482 -163.80274      3.522     3.9019     3.8439     3.9017    30.7465    30.7993  1024.4298    24.4133    309.644    296.705  325.82465     95.034     90.970     0.1514     0.5604     3.9927     0.6630 1.3342e+01        377     0.2611  0.000e+00
      3.432   71.08482 -163.80274      3.467     3.8945     3.8390     3.8943    30.7503    30.8014  1024.4332    24.4170    309.646    296.719  325.87458     95.020     90.965     0.1526     0.5678     3.9927     0.6630 1.3342e+01        378     0.2618  0.000e+00
      3.432   71.08482 -163.80274      3.467     3.8870     3.8417     3.8868    30.7551    30.7980  1024.4377    24.4215    309.594    296.692  325.92234     94.990     90.960     0.1538     0.5751     3.9927     0.6630 1.3342e+01        379     0.2625  0.000e+00
      3.486   71.08482 -163.80274      3.522     3.8811     3.8442     3.8809    30.7589    30.7955  1024.4415    24.4250    309.578    296.479  325.96002     94.974     90.899     0.1526     0.5678     3.9927     0.6630 1.3267e+01        380     0.2632  0.000e+00
      3.486   71.08482 -163.80274      3.522     3.8759     3.8450     3.8756    30.7614    30.7955  1024.4440    24.4275    309.570    296.426  325.99547     94.961     90.884     0.1526     0.5678     3.9927     0.6630 1.3267e+01        381     0.2639  0.000e+00
      3.486   71.08482 -163.80274      3.522     3.8721     3.8484     3.8718    30.7635    30.7938  1024.4460    24.4295    309.563    296.360  326.02052     94.952     90.870     0.1526     0.5678     3.9927     0.6630 1.3267e+01        382     0.2646  0.000e+00
      3.486   71.08482 -163.80274      3.522     3.8692     3.8513     3.8690    30.7655    30.7916  1024.4479    24.4314    309.526    296.325  326.03831     94.935     90.865     0.1538     0.5751     3.9927     0.6630 1.3192e+01        383     0.2653  0.000e+00
      3.486   71.08482 -163.80274      3.522     3.8664     3.8469     3.8662    30.7676    30.7956  1024.4498    24.4333    309.286    296.341  326.05543     94.857     90.863     0.1526     0.5678     4.0391     0.6168 1.3154e+01        384     0.2660  0.000e+00
      3.486   71.08482 -163.80274      3.522     3.8648     3.8417     3.8646    30.7690    30.8009  1024.4511    24.4346    309.444    296.174  326.06495     94.903     90.804     0.1538     0.5751     4.0989     0.5579 1.3154e+01        385     0.2667  0.000e+00
      3.547   71.08482 -163.80274      3.584     3.8630     3.8397     3.8628    30.7704    30.8031  1024.4526    24.4358    309.436    296.168  326.07543     94.897     90.798     0.1551     0.5824     4.1136     0.5437 1.3043e+01        386     0.2674  0.000e+00
      3.486   71.08482 -163.80274      3.522     3.8614     3.8392     3.8612    30.7715    30.8036  1024.4533    24.4368    309.220    295.962  326.08553     94.828     90.735     0.1538     0.5751     4.1111     0.5460 1.2969e+01        387     0.2681  0.000e+00
      3.486   71.08482 -163.80274      3.522     3.8594     3.8402     3.8592    30.7739    30.8028  1024.4554    24.4389    309.413    295.905  326.09592     94.884     90.719     0.1538     0.5751     4.1074     0.5496 1.2969e+01        388     0.2687  0.000e+00
      3.486   71.08482 -163.80274      3.522     3.8586     3.8466     3.8584    30.7761    30.7977  1024.4572    24.4407    309.214    295.821  326.09689     94.823     90.704     0.1538     0.5751     4.1074     0.5496 1.2896e+01        389     0.2694  0.000e+00
      3.509   71.08482 -163.80274      3.545     3.8591     3.8515     3.8589    30.7768    30.7947  1024.4579    24.4413    309.201    295.751  326.09121     94.820     90.691     0.1538     0.5751     4.1074     0.5496 1.2859e+01        390     0.2701  0.000e+00
      3.547   71.08482 -163.80274      3.584     3.8597     3.8556     3.8595    30.7767    30.7919  1024.4579    24.4411    309.202    295.503  326.08654     94.822     90.622     0.1526     0.5678     4.1074     0.5496 1.2859e+01        391     0.2708  0.000e+00
      3.486   71.08482 -163.80274      3.522     3.8600     3.8566     3.8598    30.7771    30.7927  1024.4579    24.4414    309.212    295.444  326.08307     94.826     90.607     0.1538     0.5751     4.1074     0.5496 1.2859e+01        392     0.2715  0.000e+00
      3.486   71.08482 -163.80274      3.522     3.8597     3.8584     3.8595    30.7781    30.7943  1024.4588    24.4422    309.241    295.387  326.08306     94.835     90.595     0.1538     0.5751     4.1074     0.5496 1.2859e+01        393     0.2722  0.000e+00
      3.547   71.08482 -163.80274      3.584     3.8591     3.8609     3.8589    30.7791    30.7945  1024.4599    24.4431    309.254    295.337  326.08557     94.838     90.585     0.1538     0.5751     4.1074     0.5496 1.2859e+01        394     0.2729  0.000e+00
      3.547   71.08482 -163.80274      3.584     3.8604     3.8662     3.8602    30.7751    30.7928  1024.4566    24.4398    309.304    295.464  326.08455     94.854     90.635     0.1538     0.5751     4.1074     0.5496 1.2896e+01        395     0.2736  0.000e+00
      3.486   71.08482 -163.80274      3.521     3.8600     3.8724     3.8598    30.7703    30.7910  1024.4525    24.4360    309.381    295.228  326.09973     94.873     90.575     0.1538     0.5751     4.1074     0.5496 1.2896e+01        396     0.2743  0.000e+00
      3.547   71.08482 -163.80274      3.584     3.8567     3.8740     3.8565    30.7706    30.7921  1024.4533    24.4365    309.453    295.203  326.12550     94.888     90.571     0.1538     0.5751     4.1074     0.5496 1.2896e+01        397     0.2750  0.000e+00
      3.547   71.08482 -163.80274      3.584     3.8514     3.8671     3.8511    30.7735    30.8006  1024.4561    24.4393    309.545    295.044  326.16083     94.906     90.513     0.1526     0.5678     4.1074     0.5496 1.2859e+01        398     0.2757  0.000e+00
      3.547   71.08482 -163.80274      3.584     3.8466     3.8652     3.8464    30.7752    30.8035  1024.4579    24.4411    309.645    295.013  326.19450     94.927     90.501     0.1538     0.5751     4.1074     0.5496 1.2823e+01        399     0.2764  0.000e+00
      3.547   71.08482 -163.80274      3.584     3.8445     3.8632     3.8443    30.7760    30.8061  1024.4587    24.4419    309.524    294.990  326.20897     94.885     90.492     0.1538     0.5751     4.1074     0.5496 1.2786e+01        400     0.2771  0.000e+00
      3.486   71.08482 -163.80274      3.521     3.8430     3.8739     3.8427    30.7772    30.7977  1024.4595    24.4430    309.552    294.704  326.21870     94.891     90.422     0.1538     0.5751     4.1074     0.5496 1.2750e+01        401     0.2778  0.000e+00
      3.601   71.08482 -163.80274      3.638     3.8396     3.8917     3.8394    30.7794    30.7812  1024.4622    24.4451    309.825    294.565  326.23973     94.968     90.407     0.1538     0.5751     4.1074     0.5496 1.2714e+01        402     0.2785  0.000e+00
      3.486   71.08482 -163.80274      3.521     3.8360     3.8893     3.8358    30.7813    30.7824  1024.4635    24.4470    309.707    294.546  326.26397     94.925     90.397     0.1526     0.5678     4.1074     0.5496 1.2678e+01        403     0.2792  0.000e+00
      3.601   71.08482 -163.80274      3.638     3.8327     3.8816     3.8325    30.7829    30.7862  1024.4656    24.4486    309.788    294.389  326.28612     94.944     90.334     0.1538     0.5751     4.1111     0.5460 1.2678e+01        404     0.2799  0.000e+00
      3.547   71.08482 -163.80274      3.584     3.8311     3.8803     3.8309    30.7852    30.7831  1024.4673    24.4505    310.071    294.368  326.29330     95.028     90.323     0.1526     0.5678     4.1184     0.5389 1.2642e+01        405     0.2806  0.000e+00
      3.547   71.08482 -163.80274      3.584     3.8308     3.8814     3.8306    30.7862    30.7812  1024.4681    24.4513    309.998    294.146  326.29329     95.006     90.256     0.1538     0.5751     4.1209     0.5365 1.2606e+01        406     0.2813  0.000e+00
      3.547   71.08482 -163.80274      3.584     3.8302     3.8958     3.8300    30.7884    30.7729  1024.4699    24.4531    310.084    294.012  326.29299     95.032     90.241     0.1526     0.5678     4.1209     0.5365 1.2571e+01        407     0.2819  0.000e+00
      3.601   71.08482 -163.80274      3.638     3.8310     3.9195     3.8307    30.7907    30.7579  1024.4720    24.4549    310.170    293.832  326.28090     95.062     90.227     0.1551     0.5824     4.1209     0.5365 1.2464e+01        408     0.2826  0.000e+00
      3.547   71.08482 -163.80274      3.584     3.8352     3.9345     3.8350    30.7907    30.7498  1024.4713    24.4545    310.239    293.710  326.24728     95.093     90.218     0.1575     0.5971     4.1197     0.5377 1.2429e+01        409     0.2833  0.000e+00
      3.547   71.08482 -163.80274      3.584     3.8399     3.9429     3.8397    30.7886    30.7459  1024.4692    24.4524    310.288    293.621  326.21446     95.118     90.206     0.1563     0.5897     4.1197     0.5377 1.2393e+01        410     0.2840  0.000e+00
      3.601   71.08482 -163.80274      3.638     3.8441     3.9491     3.8438    30.7838    30.7439  1024.4653    24.4482    310.360    293.558  326.19353     95.146     90.199     0.1575     0.5971     4.1197     0.5377 1.2358e+01        411     0.2847  0.000e+00
      3.547   71.08482 -163.80274      3.584     3.8476     3.9539     3.8473    30.7787    30.7436  1024.4606    24.4438    310.622    293.336  326.17842     95.231     90.141     0.1563     0.5897     4.1197     0.5377 1.2288e+01        412     0.2854  0.000e+00
      3.601   71.08482 -163.80274      3.638     3.8482     3.9573     3.8480    30.7757    30.7450  1024.4584    24.4414    310.555    293.285  326.18069     95.210     90.134     0.1575     0.5971     4.1197     0.5377 1.2288e+01        413     0.2861  0.000e+00
      3.547   71.08482 -163.80274      3.584     3.8470     3.9582     3.8468    30.7752    30.7480  1024.4579    24.4411    310.650    293.254  326.19146     95.235     90.128     0.1563     0.5897     4.1209     0.5365 1.2288e+01        414     0.2868  0.000e+00
      3.601   71.08482 -163.80274      3.638     3.8460     3.9587     3.8458    30.7778    30.7507  1024.4604    24.4433    310.748    293.242  326.19303     95.265     90.128     0.1575     0.5971     4.1197     0.5377 1.2288e+01        415     0.2875  0.000e+00
      3.547   71.08482 -163.80274      3.584     3.8457     3.9582     3.8454    30.7835    30.7525  1024.4646    24.4478    311.016    293.223  326.18158     95.350     90.122     0.1575     0.5971     4.1209     0.5365 1.2288e+01        416     0.2882  0.000e+00
      3.663   71.08482 -163.80274      3.700     3.8485     3.9605     3.8483    30.7862    30.7507  1024.4671    24.4497    310.882    293.206  326.15226     95.318     90.120     0.1563     0.5897     4.1197     0.5377 1.2393e+01        417     0.2889  0.000e+00
      3.508   71.08482 -163.80274      3.545     3.8534     3.9653     3.8532    30.7851    30.7480  1024.4650    24.4484    310.917    292.978  326.11639     95.339     90.059     0.1563     0.5897     4.1209     0.5365 1.2535e+01        418     0.2896  0.000e+00
      3.717   71.08482 -163.80274      3.755     3.8581     3.9679     3.8579    30.7830    30.7473  1024.4639    24.4463    310.942    292.956  326.08367     95.356     90.058     0.1563     0.5897     4.1209     0.5365 1.2606e+01        419     0.2903  0.000e+00
      3.601   71.08482 -163.80274      3.638     3.8616     3.9669     3.8614    30.7820    30.7503  1024.4622    24.4452    311.002    292.953  326.05836     95.382     90.056     0.1575     0.5971     4.1197     0.5377 1.2678e+01        420     0.2910  0.000e+00
      3.601   71.08482 -163.80274      3.638     3.8653     3.9684     3.8651    30.7825    30.7533  1024.4623    24.4452    311.033    292.943  326.02766     95.401     90.059     0.1563     0.5897     4.1197     0.5377 1.2859e+01        421     0.2917  0.000e+00
      3.601   71.08482 -163.80274      3.638     3.8703     3.9827     3.8701    30.7829    30.7488  1024.4621    24.4451    311.025    292.859  325.98686     95.410     90.061     0.1563     0.5897     4.1209     0.5365 1.2896e+01        422     0.2924  0.000e+00
