EcoFOCI/data/1_SampleCollection/2023_SikuliaqDBO_CruiseData/CTD_raw_BottleFile_SKQ23-12S/proc/skq202312s_082svp.cnv
* Sea-Bird SBE 9 Data File:
* FileName = D:\CTD\SKQ202312S\SKQ202312S_082.hex
* Software Version Seasave V 7.26.7.121
* Temperature SN = 6177
* Conductivity SN = 0369
* Number of Bytes Per Scan = 41
* Number of Voltage Words = 4
* Number of Scans Averaged by the Deck Unit = 1
* NMEA Latitude = 65 40.20 N
* NMEA Longitude = 168 22.04 W
* NMEA UTC (Time) = Oct 03 2023  09:48:47
* NMEA baud rate = 4800
** Ship: R/V Sikuliaq
** Station Number: 082
** Station Name: BS3
** Bottom Depth: 54
** Operator: SD
# nquan = 7
# nvalues = 4335                                  
# units = specified
# name 0 = depSM: Depth [salt water, m]
# name 1 = latitude: Latitude [deg]
# name 2 = longitude: Longitude [deg]
# name 3 = t090C: Temperature [ITS-90, deg C]
# name 4 = sal00: Salinity, Practical [PSU]
# name 5 = svCM: Sound Velocity [Chen-Millero, m/s]
# name 6 = flag:  0.000e+00
# span 0 =      1.748,     47.513                 
# span 1 =   65.66982,   65.66992                 
# span 2 = -168.36854, -168.36790                 
# span 3 =     3.0148,     6.5091                 
# span 4 =    26.2911,    32.8800                 
# span 5 =    1460.20,    1472.27                 
# span 6 = 0.0000e+00, 0.0000e+00                 
# interval = seconds: 0.0416667
# start_time = Oct 03 2023 09:52:12 [NMEA time, first data scan]
# bad_flag = -9.990e-29
*END*
[from data line 1026]
     13.968   65.66990 -168.36800     6.4762    31.0201    1471.85  0.000e+00
     13.999   65.66990 -168.36800     6.4670    31.0279    1471.82  0.000e+00
     13.999   65.66990 -168.36800     6.4574    31.0372    1471.80  0.000e+00
     14.060   65.66990 -168.36800     6.4485    31.0505    1471.78  0.000e+00
     14.060   65.66990 -168.36800     6.4398    31.0662    1471.77  0.000e+00
     14.060   65.66990 -168.36800     6.4329    31.0796    1471.75  0.000e+00
     14.083   65.66990 -168.36800     6.4267    31.0906    1471.74  0.000e+00
     14.114   65.66990 -168.36800     6.4220    31.0983    1471.74  0.000e+00
     14.114   65.66990 -168.36800     6.4180    31.1048    1471.73  0.000e+00
     14.176   65.66990 -168.36800     6.4148    31.1099    1471.72  0.000e+00
     14.176   65.66990 -168.36800     6.4121    31.1143    1471.72  0.000e+00
     14.199   65.66990 -168.36800     6.4095    31.1178    1471.71  0.000e+00
     14.230   65.66990 -168.36800     6.4074    31.1212    1471.71  0.000e+00
     14.230   65.66990 -168.36800     6.4058    31.1233    1471.70  0.000e+00
     14.230   65.66990 -168.36800     6.4045    31.1252    1471.70  0.000e+00
     14.284   65.66990 -168.36800     6.4035    31.1275    1471.70  0.000e+00
     14.315   65.66990 -168.36800     6.4028    31.1283    1471.70  0.000e+00
     14.284   65.66990 -168.36800     6.4020    31.1286    1471.70  0.000e+00
     14.346   65.66990 -168.36800     6.4015    31.1291    1471.70  0.000e+00
     14.284   65.66990 -168.36800     6.4007    31.1297    1471.69  0.000e+00
     14.399   65.66990 -168.36800     6.4002    31.1300    1471.69  0.000e+00
     14.369   65.66990 -168.36800     6.3997    31.1303    1471.69  0.000e+00
     14.399   65.66990 -168.36800     6.3992    31.1310    1471.69  0.000e+00
     14.399   65.66990 -168.36800     6.3983    31.1323    1471.69  0.000e+00
     14.399   65.66990 -168.36800     6.3976    31.1338    1471.69  0.000e+00
     14.399   65.66990 -168.36800     6.3968    31.1359    1471.69  0.000e+00
     14.484   65.66990 -168.36800     6.3955    31.1388    1471.69  0.000e+00
     14.461   65.66990 -168.36800     6.3942    31.1411    1471.68  0.000e+00
     14.461   65.66990 -168.36800     6.3933    31.1430    1471.68  0.000e+00
     14.515   65.66990 -168.36800     6.3923    31.1458    1471.68  0.000e+00
     14.515   65.66990 -168.36800     6.3911    31.1486    1471.68  0.000e+00
     14.484   65.66990 -168.36800     6.3897    31.1540    1471.68  0.000e+00
     14.515   65.66990 -168.36800     6.3883    31.1650    1471.69  0.000e+00
     14.577   65.66990 -168.36800     6.3872    31.1757    1471.70  0.000e+00
     14.577   65.66990 -168.36800     6.3853    31.1870    1471.71  0.000e+00
     14.577   65.66990 -168.36800     6.3836    31.1999    1471.72  0.000e+00
     14.600   65.66990 -168.36800     6.3809    31.2167    1471.73  0.000e+00
     14.631   65.66990 -168.36800     6.3781    31.2323    1471.74  0.000e+00
     14.577   65.66990 -168.36800     6.3738    31.2443    1471.74  0.000e+00
     14.630   65.66990 -168.36800     6.3703    31.2521    1471.73  0.000e+00
     14.684   65.66990 -168.36800     6.3657    31.2635    1471.73  0.000e+00
     14.654   65.66990 -168.36800     6.3599    31.2758    1471.72  0.000e+00
     14.684   65.66990 -168.36800     6.3538    31.2844    1471.71  0.000e+00
     14.684   65.66990 -168.36800     6.3492    31.2902    1471.70  0.000e+00
     14.684   65.66990 -168.36800     6.3461    31.2966    1471.69  0.000e+00
     14.746   65.66990 -168.36800     6.3407    31.3074    1471.69  0.000e+00
     14.769   65.66990 -168.36800     6.3331    31.3178    1471.67  0.000e+00
     14.684   65.66990 -168.36800     6.3255    31.3253    1471.65  0.000e+00
     14.800   65.66990 -168.36800     6.3189    31.3317    1471.63  0.000e+00
     14.800   65.66990 -168.36800     6.3125    31.3391    1471.61  0.000e+00
     14.800   65.66990 -168.36800     6.3050    31.3466    1471.59  0.000e+00
     14.769   65.66990 -168.36800     6.2995    31.3509    1471.58  0.000e+00
     14.862   65.66990 -168.36800     6.2957    31.3544    1471.57  0.000e+00
     14.800   65.66990 -168.36800     6.2920    31.3578    1471.56  0.000e+00
     14.862   65.66990 -168.36800     6.2876    31.3614    1471.54  0.000e+00
     14.916   65.66990 -168.36800     6.2832    31.3661    1471.53  0.000e+00
     14.831   65.66990 -168.36800     6.2803    31.3700    1471.53  0.000e+00
     14.916   65.66990 -168.36800     6.2789    31.3737    1471.53  0.000e+00
     14.916   65.66990 -168.36800     6.2776    31.3769    1471.53  0.000e+00
     14.977   65.66990 -168.36800     6.2761    31.3800    1471.52  0.000e+00
     14.915   65.66990 -168.36800     6.2745    31.3838    1471.52  0.000e+00
     14.946   65.66990 -168.36800     6.2731    31.3878    1471.52  0.000e+00
     15.031   65.66990 -168.36800     6.2717    31.3917    1471.52  0.000e+00
     14.977   65.66990 -168.36800     6.2710    31.3977    1471.53  0.000e+00
     15.031   65.66990 -168.36800     6.2706    31.4052    1471.53  0.000e+00
     15.000   65.66990 -168.36800     6.2715    31.4122    1471.55  0.000e+00
     15.085   65.66990 -168.36800     6.2736    31.4225    1471.57  0.000e+00
     15.085   65.66990 -168.36800     6.2777    31.4279    1471.59  0.000e+00
     15.085   65.66990 -168.36800     6.2822    31.4288    1471.61  0.000e+00
     15.085   65.66990 -168.36800     6.2853    31.4336    1471.63  0.000e+00
     15.116   65.66990 -168.36800     6.2886    31.4372    1471.65  0.000e+00
     15.085   65.66990 -168.36800     6.2917    31.4380    1471.66  0.000e+00
     15.201   65.66990 -168.36800     6.2947    31.4402    1471.68  0.000e+00
     15.147   65.66990 -168.36800     6.2986    31.4419    1471.69  0.000e+00
     15.201   65.66990 -168.36800     6.3025    31.4399    1471.71  0.000e+00
     15.231   65.66990 -168.36800     6.3059    31.4405    1471.72  0.000e+00
     15.201   65.66990 -168.36800     6.3094    31.4425    1471.74  0.000e+00
     15.262   65.66990 -168.36800     6.3127    31.4488    1471.76  0.000e+00
     15.262   65.66990 -168.36800     6.3166    31.4566    1471.79  0.000e+00
     15.285   65.66990 -168.36800     6.3213    31.4595    1471.81  0.000e+00
     15.316   65.66990 -168.36800     6.3272    31.4609    1471.83  0.000e+00
     15.316   65.66990 -168.36800     6.3330    31.4631    1471.86  0.000e+00
     15.316   65.66990 -168.36800     6.3389    31.4686    1471.89  0.000e+00
     15.378   65.66990 -168.36800     6.3455    31.4714    1471.92  0.000e+00
     15.401   65.66990 -168.36800     6.3519    31.4704    1471.95  0.000e+00
     15.378   65.66990 -168.36800     6.3579    31.4686    1471.97  0.000e+00
     15.432   65.66990 -168.36800     6.3643    31.4702    1472.00  0.000e+00
     15.486   65.66990 -168.36800     6.3708    31.4742    1472.03  0.000e+00
     15.486   65.66990 -168.36800     6.3781    31.4746    1472.06  0.000e+00
     15.455   65.66990 -168.36800     6.3843    31.4745    1472.08  0.000e+00
     15.547   65.66990 -168.36800     6.3900    31.4756    1472.11  0.000e+00
     15.547   65.66990 -168.36800     6.3957    31.4761    1472.13  0.000e+00
     15.601   65.66990 -168.36800     6.4011    31.4763    1472.15  0.000e+00
     15.570   65.66990 -168.36800     6.4057    31.4768    1472.17  0.000e+00
     15.601   65.66990 -168.36800     6.4098    31.4767    1472.19  0.000e+00
     15.601   65.66990 -168.36800     6.4135    31.4771    1472.20  0.000e+00
     15.663   65.66990 -168.36800     6.4169    31.4764    1472.22  0.000e+00
     15.717   65.66990 -168.36800     6.4193    31.4754    1472.22  0.000e+00
     15.686   65.66990 -168.36800     6.4211    31.4739    1472.23  0.000e+00
     15.717   65.66990 -168.36800     6.4218    31.4735    1472.23  0.000e+00
     15.779   65.66990 -168.36800     6.4224    31.4725    1472.23  0.000e+00
     15.779   65.66990 -168.36800     6.4222    31.4725    1472.23  0.000e+00
     15.802   65.66990 -168.36800     6.4217    31.4731    1472.23  0.000e+00
     15.833   65.66990 -168.36800     6.4209    31.4741    1472.23  0.000e+00
     15.886   65.66990 -168.36800     6.4198    31.4758    1472.23  0.000e+00
     15.886   65.66990 -168.36800     6.4192    31.4782    1472.23  0.000e+00
     15.856   65.66990 -168.36800     6.4182    31.4807    1472.23  0.000e+00
     15.948   65.66990 -168.36800     6.4178    31.4830    1472.23  0.000e+00
     16.002   65.66990 -168.36800     6.4175    31.4859    1472.24  0.000e+00
     15.948   65.66990 -168.36800     6.4175    31.4897    1472.24  0.000e+00
     16.002   65.66990 -168.36800     6.4183    31.4935    1472.25  0.000e+00
     16.087   65.66990 -168.36800     6.4192    31.4973    1472.26  0.000e+00
     16.064   65.66990 -168.36800     6.4196    31.5004    1472.26  0.000e+00
     16.064   65.66990 -168.36800     6.4201    31.5027    1472.27  0.000e+00
     16.118   65.66990 -168.36800     6.4198    31.5050    1472.27  0.000e+00
     16.141   65.66990 -168.36800     6.4195    31.5068    1472.27  0.000e+00
     16.172   65.66990 -168.36800     6.4185    31.5089    1472.27  0.000e+00
     16.233   65.66990 -168.36800     6.4172    31.5109    1472.27  0.000e+00
     16.233   65.66990 -168.36800     6.4156    31.5129    1472.27  0.000e+00
     16.256   65.66990 -168.36800     6.4136    31.5145    1472.26  0.000e+00
     16.233   65.66990 -168.36800     6.4112    31.5165    1472.25  0.000e+00
     16.349   65.66990 -168.36800     6.4084    31.5175    1472.24  0.000e+00
     16.287   65.66990 -168.36800     6.4045    31.5197    1472.23  0.000e+00
     16.349   65.66990 -168.36800     6.3997    31.5224    1472.22  0.000e+00
     16.426   65.66990 -168.36800     6.3951    31.5245    1472.20  0.000e+00
     16.465   65.66990 -168.36800     6.3896    31.5271    1472.18  0.000e+00
     16.465   65.66990 -168.36800     6.3843    31.5300    1472.17  0.000e+00
     16.465   65.66990 -168.36800     6.3800    31.5331    1472.15  0.000e+00
     16.488   65.66990 -168.36800     6.3758    31.5354    1472.14  0.000e+00
     16.519   65.66990 -168.36800     6.3720    31.5378    1472.13  0.000e+00
     16.573   65.66990 -168.36800     6.3681    31.5415    1472.12  0.000e+00
     16.573   65.66990 -168.36800     6.3651    31.5447    1472.11  0.000e+00
     16.603   65.66990 -168.36800     6.3623    31.5467    1472.10  0.000e+00
     16.634   65.66990 -168.36800     6.3597    31.5476    1472.09  0.000e+00
     16.688   65.66990 -168.36800     6.3565    31.5487    1472.08  0.000e+00
     16.688   65.66990 -168.36800     6.3524    31.5489    1472.07  0.000e+00
     16.719   65.66990 -168.36800     6.3479    31.5499    1472.05  0.000e+00
     16.750   65.66990 -168.36800     6.3428    31.5507    1472.03  0.000e+00
     16.750   65.66990 -168.36800     6.3371    31.5511    1472.01  0.000e+00
     16.804   65.66990 -168.36800     6.3317    31.5513    1471.99  0.000e+00
     16.773   65.66990 -168.36800     6.3251    31.5529    1471.97  0.000e+00
     16.865   65.66990 -168.36800     6.3182    31.5547    1471.94  0.000e+00
     16.865   65.66990 -168.36800     6.3118    31.5563    1471.92  0.000e+00
     16.919   65.66990 -168.36800     6.3054    31.5577    1471.90  0.000e+00
     16.889   65.66990 -168.36800     6.2993    31.5586    1471.87  0.000e+00
     16.919   65.66990 -168.36800     6.2936    31.5595    1471.85  0.000e+00
     16.973   65.66990 -168.36800     6.2873    31.5608    1471.83  0.000e+00
     16.973   65.66990 -168.36800     6.2806    31.5626    1471.80  0.000e+00
     17.004   65.66990 -168.36800     6.2745    31.5644    1471.78  0.000e+00
     17.035   65.66990 -168.36800     6.2680    31.5659    1471.76  0.000e+00
     17.035   65.66990 -168.36800     6.2613    31.5667    1471.73  0.000e+00
     17.035   65.66990 -168.36800     6.2544    31.5680    1471.71  0.000e+00
     17.120   65.66990 -168.36800     6.2486    31.5684    1471.69  0.000e+00
     17.089   65.66990 -168.36800     6.2425    31.5695    1471.66  0.000e+00
     17.151   65.66990 -168.36800     6.2355    31.5701    1471.64  0.000e+00
     17.089   65.66990 -168.36800     6.2290    31.5698    1471.61  0.000e+00
     17.174   65.66990 -168.36800     6.2218    31.5690    1471.58  0.000e+00
     17.205   65.66990 -168.36800     6.2140    31.5687    1471.55  0.000e+00
     17.205   65.66990 -168.36800     6.2055    31.5698    1471.52  0.000e+00
     17.150   65.66990 -168.36800     6.1976    31.5703    1471.49  0.000e+00
     17.289   65.66990 -168.36800     6.1908    31.5713    1471.46  0.000e+00
     17.266   65.66990 -168.36800     6.1828    31.5751    1471.44  0.000e+00
     17.266   65.66990 -168.36800     6.1761    31.5780    1471.41  0.000e+00
     17.266   65.66990 -168.36800     6.1703    31.5801    1471.39  0.000e+00
     17.289   65.66990 -168.36800     6.1654    31.5811    1471.37  0.000e+00
     17.320   65.66990 -168.36800     6.1602    31.5836    1471.36  0.000e+00
     17.320   65.66990 -168.36800     6.1555    31.5857    1471.34  0.000e+00
     17.343   65.66990 -168.36800     6.1501    31.5884    1471.32  0.000e+00
     17.374   65.66990 -168.36800     6.1445    31.5924    1471.31  0.000e+00
     17.320   65.66990 -168.36800     6.1393    31.5960    1471.29  0.000e+00
     17.436   65.66990 -168.36800     6.1348    31.5978    1471.28  0.000e+00
     17.405   65.66990 -168.36800     6.1311    31.5992    1471.26  0.000e+00
     17.374   65.66990 -168.36800     6.1274    31.6010    1471.25  0.000e+00
     17.436   65.66990 -168.36800     6.1244    31.6027    1471.24  0.000e+00
     17.436   65.66990 -168.36800     6.1226    31.6017    1471.23  0.000e+00
     17.459   65.66990 -168.36800     6.1199    31.5981    1471.22  0.000e+00
     17.436   65.66990 -168.36800     6.1160    31.5945    1471.20  0.000e+00
     17.436   65.66990 -168.36800     6.1111    31.5924    1471.17  0.000e+00
     17.490   65.66990 -168.36800     6.1049    31.5940    1471.15  0.000e+00
     17.520   65.66990 -168.36800     6.0997    31.5951    1471.13  0.000e+00
     17.489   65.66990 -168.36800     6.0950    31.5966    1471.12  0.000e+00
     17.489   65.66990 -168.36800     6.0909    31.5978    1471.10  0.000e+00
     17.551   65.66990 -168.36800     6.0872    31.5980    1471.09  0.000e+00
     17.574   65.66990 -168.36800     6.0831    31.5992    1471.07  0.000e+00
     17.551   65.66990 -168.36800     6.0784    31.6021    1471.06  0.000e+00
     17.551   65.66990 -168.36800     6.0741    31.6050    1471.04  0.000e+00
     17.551   65.66990 -168.36800     6.0704    31.6083    1471.03  0.000e+00
     17.628   65.66990 -168.36800     6.0680    31.6100    1471.03  0.000e+00
     17.551   65.66990 -168.36800     6.0672    31.6099    1471.02  0.000e+00
     17.667   65.66990 -168.36800     6.0667    31.6092    1471.02  0.000e+00
     17.574   65.66990 -168.36800     6.0662    31.6086    1471.02  0.000e+00
     17.667   65.66990 -168.36800     6.0654    31.6089    1471.02  0.000e+00
     17.605   65.66990 -168.36800     6.0644    31.6098    1471.01  0.000e+00
     17.667   65.66990 -168.36800     6.0641    31.6099    1471.01  0.000e+00
     17.690   65.66990 -168.36800     6.0632    31.6102    1471.01  0.000e+00
     17.667   65.66990 -168.36800     6.0629    31.6102    1471.01  0.000e+00
     17.721   65.66990 -168.36800     6.0620    31.6109    1471.01  0.000e+00
     17.721   65.66990 -168.36800     6.0616    31.6111    1471.01  0.000e+00
     17.744   65.66990 -168.36800     6.0606    31.6113    1471.00  0.000e+00
     17.721   65.66990 -168.36800     6.0592    31.6120    1471.00  0.000e+00
     17.720   65.66990 -168.36800     6.0582    31.6122    1470.99  0.000e+00
     17.774   65.66990 -168.36800     6.0571    31.6126    1470.99  0.000e+00
     17.805   65.66990 -168.36800     6.0557    31.6127    1470.98  0.000e+00
     17.774   65.66990 -168.36800     6.0539    31.6118    1470.98  0.000e+00
