EcoFOCI/data/1_SampleCollection/2023_SikuliaqDBO_CruiseData/CTD_raw_BottleFile_SKQ23-12S/proc/skq202312s_030.ros
* Sea-Bird SBE 9 Data File:
* FileName = D:\CTD\SKQ202312S\SKQ202312S_030.hex
* Software Version Seasave V 7.26.7.121
* Temperature SN = 6177
* Conductivity SN = 0369
* Number of Bytes Per Scan = 41
* Number of Voltage Words = 4
* Number of Scans Averaged by the Deck Unit = 1
* NMEA Latitude = 71 27.31 N
* NMEA Longitude = 157 35.45 W
* NMEA UTC (Time) = Sep 21 2023  07:26:33
* NMEA baud rate = 4800
** Ship: R/V Sikuliaq
** Station Number: 030
** Station Name: DBO5.6
** Bottom Depth: 109
** Operator: SS
# nquan = 22
# nvalues = 1127                                  
# units = specified
# name 0 = depSM: Depth [salt water, m]
# name 1 = latitude: Latitude [deg]
# name 2 = longitude: Longitude [deg]
# name 3 = prDM: Pressure, Digiquartz [db]
# name 4 = t090C: Temperature [ITS-90, deg C]
# name 5 = t190C: Temperature, 2 [ITS-90, deg C]
# name 6 = potemp090C: Potential Temperature [ITS-90, deg C]
# name 7 = sal00: Salinity, Practical [PSU]
# name 8 = sal11: Salinity, Practical, 2 [PSU]
# name 9 = density00: Density [density, kg/m^3]
# name 10 = sigma-é00: Density [sigma-theta, kg/m^3]
# name 11 = sbox0Mm/Kg: Oxygen, SBE 43 [umol/kg]
# name 12 = sbox1Mm/Kg: Oxygen, SBE 43, 2 [umol/kg]
# name 13 = oxsolMm/Kg: Oxygen Saturation, Garcia & Gordon [umol/kg]
# name 14 = sbeox0PS: Oxygen, SBE 43 [% saturation]
# name 15 = v0: Voltage 0
# name 16 = flECO-AFL: Fluorescence, WET Labs ECO-AFL/FL [mg/m^3]
# name 17 = CStarAt0: Beam Attenuation, WET Labs C-Star [1/m]
# name 18 = par: PAR/Irradiance, Biospherical/Licor
# name 19 = scan: Scan Count
# name 20 = nbf: Bottles Fired
# name 21 = flag:  0.000e+00
# interval = seconds: 0.0416667
# start_time = Sep 21 2023 07:30:42 [NMEA time, first data scan]
# bad_flag = -9.990e-29
*END*
[from data line 659]
     18.430   71.45520 -157.58898     18.621    -1.0465    -1.0370    -1.0469    31.9215    31.9195  1025.7498    25.6600    464.110    450.350  366.42255    126.660     0.1429     0.5091     0.4719 1.0000e-12      30696         14  0.000e+00
     18.492   71.45520 -157.58898     18.684    -1.0467    -1.0374    -1.0471    31.9217    31.9201  1025.7502    25.6602    464.146    450.287  366.42432    126.669     0.1368     0.4725     0.4719 1.0000e-12      30697         14  0.000e+00
     18.546   71.45520 -157.58898     18.738    -1.0472    -1.0376    -1.0476    31.9220    31.9204  1025.7508    25.6605    464.193    450.223  366.42786    126.680     0.1355     0.4652     0.4719 1.0000e-12      30698         14  0.000e+00
     18.453   71.45520 -157.58898     18.645    -1.0475    -1.0383    -1.0479    31.9224    31.9214  1025.7507    25.6608    464.185    450.156  366.42939    126.678     0.1343     0.4579     0.4730 1.0000e-12      30699         14  0.000e+00
     18.546   71.45520 -157.58898     18.738    -1.0477    -1.0386    -1.0481    31.9228    31.9218  1025.7515    25.6611    464.194    450.097  366.42997    126.680     0.1355     0.4652     0.4742 1.0000e-12      30700         14  0.000e+00
     18.546   71.45520 -157.58898     18.738    -1.0474    -1.0382    -1.0478    31.9230    31.9211  1025.7516    25.6613    464.197    449.803  366.42670    126.682     0.1343     0.4579     0.4754 1.0000e-12      30701         14  0.000e+00
     18.515   71.45520 -157.58898     18.707    -1.0473    -1.0383    -1.0477    31.9237    31.9214  1025.7520    25.6619    464.206    449.708  366.42395    126.685     0.1355     0.4652     0.4754 1.0000e-12      30702         14  0.000e+00
     18.546   71.45520 -157.58898     18.738    -1.0477    -1.0384    -1.0481    31.9243    31.9218  1025.7527    25.6624    464.230    449.650  366.42558    126.692     0.1343     0.4579     0.4754 8.4714e-06      30703         14  0.000e+00
     18.546   71.45520 -157.58898     18.738    -1.0476    -1.0383    -1.0480    31.9243    31.9223  1025.7526    25.6623    464.001    449.560  366.42519    126.629     0.1355     0.4652     0.4754 1.0000e-12      30704         14  0.000e+00
     18.600   71.45520 -157.58898     18.793    -1.0481    -1.0385    -1.0485    31.9248    31.9226  1025.7533    25.6628    464.251    449.286  366.42875    126.696     0.1355     0.4652     0.4754 1.0000e-12      30705         14  0.000e+00
     18.569   71.45520 -157.58898     18.762    -1.0480    -1.0392    -1.0484    31.9247    31.9242  1025.7531    25.6627    463.983    449.211  366.42793    126.623     0.1355     0.4652     0.4754 8.4714e-06      30706         14  0.000e+00
     18.600   71.45520 -157.58898     18.793    -1.0485    -1.0399    -1.0489    31.9254    31.9260  1025.7538    25.6632    463.988    449.143  366.43096    126.624     0.1368     0.4725     0.4754 1.0000e-12      30707         14  0.000e+00
     18.600   71.45520 -157.58898     18.793    -1.0489    -1.0405    -1.0493    31.9259    31.9268  1025.7543    25.6637    463.948    449.080  366.43342    126.612     0.1355     0.4652     0.4754 1.0000e-12      30708         14  0.000e+00
     18.600   71.45520 -157.58898     18.793    -1.0489    -1.0410    -1.0493    31.9258    31.9276  1025.7542    25.6636    463.657    448.764  366.43378    126.532     0.1355     0.4652     0.4754 1.0000e-12      30709         14  0.000e+00
     18.569   71.45520 -157.58898     18.762    -1.0490    -1.0412    -1.0494    31.9260    31.9280  1025.7542    25.6638    463.578    448.643  366.43426    126.511     0.1355     0.4652     0.4754 1.0000e-12      30710         14  0.000e+00
     18.662   71.45520 -157.58898     18.855    -1.0488    -1.0416    -1.0491    31.9261    31.9288  1025.7547    25.6638    463.510    448.310  366.43115    126.493     0.1355     0.4652     0.4754 1.0000e-12      30711         14  0.000e+00
     18.600   71.45520 -157.58898     18.793    -1.0489    -1.0419    -1.0493    31.9262    31.9293  1025.7545    25.6639    463.446    448.200  366.43205    126.475     0.1343     0.4579     0.4754 1.0000e-12      30712         14  0.000e+00
     18.631   71.45520 -157.58898     18.824    -1.0492    -1.0421    -1.0496    31.9267    31.9297  1025.7551    25.6643    463.397    448.071  366.43393    126.461     0.1343     0.4579     0.4754 1.0000e-12      30713         14  0.000e+00
     18.600   71.45520 -157.58898     18.793    -1.0494    -1.0422    -1.0498    31.9267    31.9300  1025.7549    25.6644    463.352    447.976  366.43552    126.448     0.1368     0.4725     0.4765 1.0000e-12      30714         14  0.000e+00
     18.662   71.45520 -157.58898     18.855    -1.0500    -1.0423    -1.0503    31.9268    31.9298  1025.7553    25.6645    463.326    447.670  366.44082    126.439     0.1343     0.4579     0.4754 1.0000e-12      30715         14  0.000e+00
     18.600   71.45520 -157.58898     18.793    -1.0501    -1.0417    -1.0505    31.9262    31.9289  1025.7546    25.6640    463.297    447.329  366.44419    126.430     0.1355     0.4652     0.4754 1.0000e-12      30716         14  0.000e+00
     18.631   71.45520 -157.58898     18.824    -1.0509    -1.0411    -1.0513    31.9266    31.9271  1025.7550    25.6643    463.286    447.425  366.45047    126.425     0.1343     0.4579     0.4754 1.0000e-12      30717         14  0.000e+00
     18.601   71.45520 -157.58898     18.793    -1.0509    -1.0408    -1.0513    31.9257    31.9260  1025.7541    25.6636    463.020    447.335  366.45310    126.352     0.1355     0.4652     0.4754 1.0000e-12      30718         14  0.000e+00
     18.662   71.45520 -157.58898     18.856    -1.0509    -1.0402    -1.0513    31.9249    31.9243  1025.7538    25.6629    462.975    447.030  366.45528    126.339     0.1343     0.4579     0.4754 1.0000e-12      30719         14  0.000e+00
     18.631   71.45520 -157.58898     18.824    -1.0500    -1.0398    -1.0503    31.9234    31.9229  1025.7524    25.6617    462.923    446.928  366.45065    126.326     0.1355     0.4652     0.4742 8.4714e-06      30720         14  0.000e+00
     18.601   71.45520 -157.58898     18.793    -1.0489    -1.0402    -1.0493    31.9215    31.9229  1025.7507    25.6601    462.882    446.615  366.44622    126.316     0.1343     0.4579     0.4730 8.4714e-06      30721         14  0.000e+00
     18.601   71.45520 -157.58898     18.793    -1.0478    -1.0406    -1.0482    31.9199    31.9229  1025.7494    25.6588    462.596    446.512  366.44000    126.240     0.1416     0.5018     0.4719 1.0000e-12      30722         14  0.000e+00
     15.275   71.45522 -157.58880     15.433    -0.6273    -0.7391    -0.6277    31.5800    31.6131  1025.4445    25.3702    448.334    437.607  363.32179    123.399     0.1685     0.6630     0.5058 1.0000e-12      33070         15  0.000e+00
     15.391   71.45522 -157.58880     15.550    -0.6308    -0.7466    -0.6312    31.5810    31.6142  1025.4460    25.3712    448.092    437.780  363.35287    123.321     0.1709     0.6776     0.5058 1.0000e-12      33071         15  0.000e+00
     15.337   71.45522 -157.58880     15.496    -0.6460    -0.7501    -0.6463    31.5844    31.6145  1025.4490    25.3745    448.387    438.046  363.48943    123.356     0.1697     0.6703     0.5058 1.0000e-12      33072         15  0.000e+00
     15.306   71.45522 -157.58880     15.465    -0.6676    -0.7529    -0.6679    31.5860    31.6161  1025.4509    25.3765    448.807    438.260  363.69363    123.403     0.1709     0.6776     0.5058 1.0000e-12      33073         15  0.000e+00
     15.453   71.45522 -157.58880     15.613    -0.6890    -0.7574    -0.6894    31.5902    31.6180  1025.4557    25.3806    449.000    438.501  363.88949    123.389     0.1697     0.6703     0.5058 1.0000e-12      33074         15  0.000e+00
     15.391   71.45522 -157.58880     15.551    -0.7048    -0.7611    -0.7051    31.5937    31.6191  1025.4588    25.3840    449.029    438.714  364.03184    123.349     0.1697     0.6703     0.5058 1.0000e-12      33075         15  0.000e+00
     15.453   71.45522 -157.58880     15.613    -0.7148    -0.7666    -0.7151    31.5979    31.6214  1025.4628    25.3876    448.957    438.916  364.11702    123.300     0.1685     0.6630     0.5058 8.4714e-06      33076         15  0.000e+00
     15.453   71.45522 -157.58880     15.613    -0.7224    -0.7708    -0.7228    31.6017    31.6224  1025.4662    25.3910    448.780    438.645  364.17979    123.230     0.1709     0.6776     0.5058 1.0000e-12      33077         15  0.000e+00
     15.476   71.45522 -157.58882     15.636    -0.7293    -0.7730    -0.7296    31.6058    31.6226  1025.4698    25.3946    448.573    438.730  364.23479    123.155     0.1697     0.6703     0.5058 1.0000e-12      33078         15  0.000e+00
     15.507   71.45522 -157.58882     15.668    -0.7358    -0.7757    -0.7362    31.6088    31.6236  1025.4726    25.3972    448.396    438.812  364.28970    123.088     0.1697     0.6703     0.5058 1.0000e-12      33079         15  0.000e+00
     15.507   71.45522 -157.58882     15.668    -0.7425    -0.7814    -0.7429    31.6118    31.6262  1025.4753    25.3999    448.157    438.700  364.34619    123.003     0.1709     0.6776     0.5058 1.0000e-12      33080         15  0.000e+00
     15.561   71.45522 -157.58882     15.722    -0.7485    -0.7879    -0.7489    31.6141    31.6283  1025.4776    25.4019    447.899    438.793  364.39759    122.915     0.1697     0.6703     0.5047 1.0000e-12      33081         15  0.000e+00
     15.507   71.45522 -157.58882     15.668    -0.7541    -0.7960    -0.7544    31.6171    31.6326  1025.4799    25.4045    447.818    438.474  364.44316    122.877     0.1709     0.6776     0.5058 1.0000e-12      33082         15  0.000e+00
     15.592   71.45522 -157.58882     15.753    -0.7582    -0.8007    -0.7585    31.6218    31.6350  1025.4843    25.4084    447.751    438.476  364.46947    122.850     0.1685     0.6630     0.5058 1.0000e-12      33083         15  0.000e+00
     15.623   71.45522 -157.58882     15.785    -0.7606    -0.8032    -0.7609    31.6262    31.6369  1025.4881    25.4121    446.934    438.217  364.48003    122.622     0.1709     0.6776     0.5058 8.4714e-06      33084         15  0.000e+00
     15.623   71.45522 -157.58882     15.785    -0.7618    -0.8037    -0.7622    31.6288    31.6369  1025.4902    25.4142    446.759    437.904  364.48484    122.573     0.1697     0.6703     0.5035 6.7730e-04      33085         15  0.000e+00
     15.623   71.45522 -157.58882     15.785    -0.7607    -0.8041    -0.7611    31.6294    31.6374  1025.4906    25.4147    446.596    437.557  364.47267    122.532     0.1709     0.6776     0.5011 1.0131e-03      33086         15  0.000e+00
     15.646   71.45522 -157.58882     15.808    -0.7577    -0.8052    -0.7580    31.6290    31.6378  1025.4903    25.4142    445.694    437.415  364.44407    122.294     0.1697     0.6703     0.5000 3.4241e-04      33087         15  0.000e+00
     15.677   71.45522 -157.58882     15.839    -0.7577    -0.8071    -0.7581    31.6289    31.6376  1025.4904    25.4142    445.243    436.875  364.44474    122.170     0.1697     0.6703     0.5011 1.0000e-12      33088         15  0.000e+00
     15.739   71.45522 -157.58882     15.902    -0.7603    -0.8102    -0.7606    31.6292    31.6381  1025.4910    25.4145    445.586    436.548  364.46885    122.256     0.1709     0.6776     0.5011 1.0000e-12      33089         15  0.000e+00
     15.677   71.45522 -157.58882     15.839    -0.7612    -0.8126    -0.7616    31.6293    31.6383  1025.4908    25.4146    444.725    436.184  364.47737    122.017     0.1697     0.6703     0.5011 1.0000e-12      33090         15  0.000e+00
     15.739   71.45522 -157.58882     15.902    -0.7623    -0.8157    -0.7626    31.6318    31.6416  1025.4932    25.4167    444.025    435.834  364.48065    121.824     0.1709     0.6776     0.5011 1.0000e-12      33091         15  0.000e+00
     15.762   71.45522 -157.58882     15.925    -0.7618    -0.8178    -0.7622    31.6299    31.6443  1025.4918    25.4151    443.825    435.229  364.48171    121.769     0.1697     0.6703     0.5011 1.0000e-12      33092         15  0.000e+00
     15.739   71.45522 -157.58882     15.902    -0.7606    -0.8193    -0.7609    31.6284    31.6468  1025.4904    25.4138    443.614    434.790  364.47388    121.713     0.1709     0.6776     0.5011 1.0000e-12      33093         15  0.000e+00
     15.739   71.45522 -157.58882     15.902    -0.7616    -0.8199    -0.7620    31.6313    31.6469  1025.4928    25.4162    442.716    434.365  364.47597    121.467     0.1685     0.6630     0.5011 1.0000e-12      33094         15  0.000e+00
     15.855   71.45522 -157.58882     16.019    -0.7660    -0.8204    -0.7663    31.6351    31.6465  1025.4965    25.4194    442.289    433.933  364.50721    121.339     0.1697     0.6703     0.5000 1.0000e-12      33095         15  0.000e+00
     15.793   71.45522 -157.58882     15.956    -0.7702    -0.8221    -0.7706    31.6377    31.6484  1025.4985    25.4217    441.866    433.488  364.54114    121.211     0.1685     0.6630     0.5011 1.0000e-12      33096         15  0.000e+00
     15.762   71.45522 -157.58882     15.925    -0.7714    -0.8230    -0.7718    31.6366    31.6511  1025.4975    25.4208    441.378    432.798  364.55594    121.073     0.1661     0.6483     0.5011 1.0000e-12      33097         15  0.000e+00
     15.855   71.45522 -157.58882     16.019    -0.7723    -0.8235    -0.7727    31.6360    31.6522  1025.4975    25.4204    440.954    432.300  364.56602    120.953     0.1673     0.6557     0.5000 1.0000e-12      33098         15  0.000e+00
     15.793   71.45522 -157.58882     15.956    -0.7760    -0.8249    -0.7764    31.6370    31.6537  1025.4981    25.4213    440.021    431.575  364.59952    120.686     0.1661     0.6483     0.5011 1.0000e-12      33099         15  0.000e+00
     15.855   71.45522 -157.58882     16.019    -0.7815    -0.8254    -0.7819    31.6383    31.6547  1025.4997    25.4226    439.297    431.067  364.64877    120.471     0.1673     0.6557     0.5011 1.0000e-12      33100         15  0.000e+00
     15.878   71.45522 -157.58882     16.042    -0.7878    -0.8254    -0.7882    31.6427    31.6565  1025.5036    25.4263    439.306    430.546  364.69759    120.458     0.1661     0.6483     0.5000 8.4714e-06      33101         15  0.000e+00
     15.793   71.45522 -157.58882     15.956    -0.7942    -0.8236    -0.7946    31.6521    31.6574  1025.5109    25.4341    438.905    429.774  364.73280    120.336     0.1661     0.6483     0.5011 1.0000e-12      33102         15  0.000e+00
     15.855   71.45522 -157.58882     16.019    -0.7978    -0.8210    -0.7981    31.6598    31.6576  1025.5176    25.4404    438.253    429.005  364.74569    120.153     0.1661     0.6483     0.5011 8.4714e-06      33103         15  0.000e+00
     15.909   71.45522 -157.58882     16.073    -0.8006    -0.8173    -0.8009    31.6647    31.6570  1025.5219    25.4445    437.580    428.424  364.75862    119.964     0.1661     0.6483     0.5011 6.7730e-04      33104         15  0.000e+00
     15.855   71.45522 -157.58882     16.019    -0.7988    -0.8128    -0.7991    31.6647    31.6553  1025.5216    25.4445    437.094    427.645  364.74102    119.837     0.1661     0.6483     0.5011 1.6876e-03      33105         15  0.000e+00
     15.878   71.45522 -157.58882     16.042    -0.7875    -0.8112    -0.7878    31.6569    31.6560  1025.5150    25.4378    436.748    426.852  364.65375    119.771     0.1661     0.6483     0.5023 1.6876e-03      33106         15  0.000e+00
     15.855   71.45522 -157.58882     16.019    -0.7730    -0.8071    -0.7734    31.6484    31.6537  1025.5076    25.4305    435.431    426.270  364.53752    119.447     0.1673     0.6557     0.5023 3.4241e-04      33107         15  0.000e+00
