EcoFOCI/data/1_SampleCollection/2023_SikuliaqDBO_CruiseData/CTD_raw_BottleFile_SKQ23-12S/proc/skq202312s_050.ros
* Sea-Bird SBE 9 Data File:
* FileName = D:\CTD\SKQ202312S\SKQ202312S_050.hex
* Software Version Seasave V 7.26.7.121
* Temperature SN = 6177
* Conductivity SN = 0369
* Number of Bytes Per Scan = 41
* Number of Voltage Words = 4
* Number of Scans Averaged by the Deck Unit = 1
* NMEA Latitude = 70 34.79 N
* NMEA Longitude = 162 29.45 W
* NMEA UTC (Time) = Sep 26 2023  15:58:50
* NMEA baud rate = 4800
** Ship: R/V Sikuliaq
** Station Number: 050
** Station Name: IC11
** Bottom Depth: 38
** Operator: SD
# nquan = 22
# nvalues = 735                                   
# units = specified
# name 0 = depSM: Depth [salt water, m]
# name 1 = latitude: Latitude [deg]
# name 2 = longitude: Longitude [deg]
# name 3 = prDM: Pressure, Digiquartz [db]
# name 4 = t090C: Temperature [ITS-90, deg C]
# name 5 = t190C: Temperature, 2 [ITS-90, deg C]
# name 6 = potemp090C: Potential Temperature [ITS-90, deg C]
# name 7 = sal00: Salinity, Practical [PSU]
# name 8 = sal11: Salinity, Practical, 2 [PSU]
# name 9 = density00: Density [density, kg/m^3]
# name 10 = sigma-é00: Density [sigma-theta, kg/m^3]
# name 11 = sbox0Mm/Kg: Oxygen, SBE 43 [umol/kg]
# name 12 = sbox1Mm/Kg: Oxygen, SBE 43, 2 [umol/kg]
# name 13 = oxsolMm/Kg: Oxygen Saturation, Garcia & Gordon [umol/kg]
# name 14 = sbeox0PS: Oxygen, SBE 43 [% saturation]
# name 15 = v0: Voltage 0
# name 16 = flECO-AFL: Fluorescence, WET Labs ECO-AFL/FL [mg/m^3]
# name 17 = CStarAt0: Beam Attenuation, WET Labs C-Star [1/m]
# name 18 = par: PAR/Irradiance, Biospherical/Licor
# name 19 = scan: Scan Count
# name 20 = nbf: Bottles Fired
# name 21 = flag:  0.000e+00
# interval = seconds: 0.0416667
# start_time = Sep 26 2023 16:02:32 [NMEA time, first data scan]
# bad_flag = -9.990e-29
*END*
[from data line 132]
     33.890   70.58002 -162.49076     34.241     5.9786     5.9794     5.9759    30.9917    31.0014  1024.5481    24.3896    198.260    184.441  309.47413     64.064     0.0830     0.1502     2.5668 8.4714e-06       6257          3  0.000e+00
     33.782   70.58002 -162.49076     34.132     5.9786     5.9791     5.9759    30.9917    31.0016  1024.5476    24.3896    198.097    184.622  309.47410     64.011     0.0830     0.1502     2.5668 1.0000e-12       6258          3  0.000e+00
     33.844   70.58002 -162.49076     34.194     5.9787     5.9791     5.9761    30.9919    31.0018  1024.5480    24.3897    198.076    184.661  309.47251     64.004     0.0830     0.1502     2.5668 1.0000e-12       6259          3  0.000e+00
     33.836   70.58002 -162.49076     34.186     5.9787     5.9792     5.9761    30.9919    31.0017  1024.5480    24.3897    197.883    184.676  309.47251     63.942     0.0830     0.1502     2.5648 1.0000e-12       6260          3  0.000e+00
     33.844   70.58002 -162.49076     34.194     5.9787     5.9791     5.9761    30.9918    31.0013  1024.5479    24.3896    198.428    184.511  309.47286     64.118     0.0818     0.1428     2.5648 1.0000e-12       6261          3  0.000e+00
     33.844   70.58002 -162.49076     34.194     5.9788     5.9789     5.9761    30.9918    31.0012  1024.5479    24.3896    197.889    184.684  309.47242     63.944     0.0830     0.1502     2.5648 8.4714e-06       6262          3  0.000e+00
     33.844   70.58002 -162.49076     34.194     5.9787     5.9792     5.9761    30.9918    31.0008  1024.5479    24.3896    197.891    184.710  309.47286     63.945     0.0818     0.1428     2.5648 1.0000e-12       6263          3  0.000e+00
     33.836   70.58002 -162.49076     34.186     5.9787     5.9789     5.9761    30.9919    31.0011  1024.5479    24.3897    198.034    184.537  309.47268     63.991     0.0830     0.1502     2.5668 1.0000e-12       6264          3  0.000e+00
     33.844   70.58002 -162.49076     34.194     5.9787     5.9789     5.9761    30.9922    31.0008  1024.5482    24.3899    198.034    184.522  309.47191     63.991     0.0830     0.1502     2.5668 8.4714e-06       6265          3  0.000e+00
     33.844   70.58002 -162.49076     34.194     5.9787     5.9789     5.9761    30.9921    31.0010  1024.5481    24.3899    198.261    184.504  309.47217     64.064     0.0830     0.1502     2.5668 1.0000e-12       6266          3  0.000e+00
     33.836   70.58002 -162.49076     34.186     5.9786     5.9789     5.9759    30.9926    31.0008  1024.5485    24.3903    198.287    184.484  309.47201     64.073     0.0830     0.1502     2.5648 1.0000e-12       6267          3  0.000e+00
     33.844   70.58002 -162.49076     34.194     5.9790     5.9791     5.9764    30.9921    31.0008  1024.5481    24.3898    198.081    184.282  309.46990     64.007     0.0830     0.1502     2.5668 8.4714e-06       6268          3  0.000e+00
     33.898   70.58002 -162.49076     34.249     5.9787     5.9791     5.9761    30.9919    31.0001  1024.5483    24.3897    197.878    184.421  309.47249     63.940     0.0842     0.1575     2.5668 1.0000e-12       6269          3  0.000e+00
     33.836   70.58002 -162.49076     34.186     5.9789     5.9787     5.9762    30.9915    30.9998  1024.5476    24.3893    198.070    184.395  309.47249     64.002     0.0830     0.1502     2.5648 1.0000e-12       6270          3  0.000e+00
     33.844   70.58002 -162.49076     34.194     5.9787     5.9787     5.9761    30.9907    31.0000  1024.5470    24.3888    198.064    184.386  309.47527     64.000     0.0842     0.1575     2.5609 8.4714e-06       6271          3  0.000e+00
     33.844   70.58002 -162.49076     34.194     5.9776     5.9779     5.9749    30.9892    30.9983  1024.5460    24.3877    197.510    184.034  309.48691     63.818     0.0830     0.1502     2.5550 1.0000e-12       6359          4  0.000e+00
     33.782   70.58002 -162.49076     34.132     5.9777     5.9783     5.9750    30.9899    30.9996  1024.5463    24.3883    197.469    184.023  309.48486     63.806     0.0830     0.1502     2.5570 1.0000e-12       6360          4  0.000e+00
     33.782   70.58002 -162.49076     34.132     5.9778     5.9786     5.9751    30.9900    31.0000  1024.5463    24.3883    197.432    184.015  309.48407     63.794     0.0818     0.1428     2.5550 1.0000e-12       6361          4  0.000e+00
     33.890   70.58002 -162.49076     34.241     5.9779     5.9786     5.9752    30.9903    30.9998  1024.5470    24.3885    197.626    184.011  309.48228     63.857     0.0830     0.1502     2.5570 8.4714e-06       6362          4  0.000e+00
     33.844   70.58002 -162.49076     34.194     5.9779     5.9779     5.9752    30.9906    30.9994  1024.5470    24.3888    197.619    183.987  309.48154     63.855     0.0830     0.1502     2.5550 1.0000e-12       6363          4  0.000e+00
     33.782   70.58002 -162.49076     34.132     5.9782     5.9776     5.9756    30.9903    30.9984  1024.5464    24.3885    197.610    183.960  309.48007     63.852     0.0830     0.1502     2.5570 8.4714e-06       6364          4  0.000e+00
     33.836   70.58002 -162.49076     34.186     5.9783     5.9776     5.9756    30.9898    30.9981  1024.5464    24.3881    197.407    183.752  309.48064     63.786     0.0830     0.1502     2.5550 1.0000e-12       6365          4  0.000e+00
     33.782   70.58002 -162.49076     34.132     5.9782     5.9778     5.9756    30.9898    30.9982  1024.5461    24.3881    197.601    183.701  309.48101     63.849     0.0830     0.1502     2.5550 1.0000e-12       6366          4  0.000e+00
     33.844   70.58002 -162.49076     34.194     5.9782     5.9779     5.9756    30.9897    30.9984  1024.5463    24.3880    197.798    183.670  309.48142     63.913     0.0818     0.1428     2.5550 8.4714e-06       6367          4  0.000e+00
     33.836   70.58002 -162.49076     34.186     5.9782     5.9781     5.9756    30.9902    30.9990  1024.5466    24.3884    197.652    183.638  309.48030     63.866     0.0818     0.1428     2.5570 8.4714e-06       6368          4  0.000e+00
     33.844   70.58002 -162.49076     34.194     5.9781     5.9784     5.9754    30.9904    30.9992  1024.5468    24.3886    197.679    183.605  309.48092     63.874     0.0818     0.1428     2.5550 1.0000e-12       6369          4  0.000e+00
     33.782   70.58002 -162.49076     34.132     5.9783     5.9786     5.9756    30.9905    30.9996  1024.5466    24.3886    197.673    183.572  309.47920     63.873     0.0818     0.1428     2.5550 8.4714e-06       6370          4  0.000e+00
     33.844   70.58002 -162.49076     34.194     5.9784     5.9787     5.9758    30.9903    31.0000  1024.5467    24.3885    197.672    183.541  309.47848     63.873     0.0818     0.1428     2.5570 8.4714e-06       6371          4  0.000e+00
     33.836   70.58002 -162.49076     34.186     5.9784     5.9786     5.9758    30.9902    31.0001  1024.5466    24.3884    197.699    183.511  309.47882     63.881     0.0818     0.1428     2.5550 1.0000e-12       6372          4  0.000e+00
     33.844   70.58002 -162.49076     34.194     5.9784     5.9787     5.9758    30.9900    30.9999  1024.5465    24.3883    197.699    183.480  309.47908     63.881     0.0818     0.1428     2.5570 1.0000e-12       6373          4  0.000e+00
     33.844   70.58002 -162.49076     34.194     5.9784     5.9789     5.9758    30.9897    31.0002  1024.5463    24.3880    197.668    183.448  309.47986     63.871     0.0818     0.1428     2.5550 1.0000e-12       6374          4  0.000e+00
     33.836   70.58002 -162.49076     34.186     5.9783     5.9789     5.9756    30.9894    31.0009  1024.5460    24.3878    197.696    183.435  309.48158     63.880     0.0818     0.1428     2.5550 8.4714e-06       6375          4  0.000e+00
     33.844   70.58002 -162.49076     34.194     5.9784     5.9789     5.9758    30.9895    31.0013  1024.5461    24.3879    197.724    183.424  309.48029     63.889     0.0818     0.1428     2.5550 1.0000e-12       6376          4  0.000e+00
     33.844   70.58002 -162.49076     34.194     5.9782     5.9789     5.9756    30.9901    31.0012  1024.5466    24.3883    197.724    183.414  309.48048     63.889     0.0806     0.1355     2.5550 1.0000e-12       6377          4  0.000e+00
     33.836   70.58002 -162.49076     34.186     5.9782     5.9789     5.9756    30.9901    31.0011  1024.5466    24.3883    197.525    183.405  309.48047     63.825     0.0818     0.1428     2.5550 8.4714e-06       6378          4  0.000e+00
     33.782   70.58002 -162.49076     34.132     5.9782     5.9791     5.9756    30.9902    31.0011  1024.5464    24.3884    197.725    183.394  309.48024     63.889     0.0806     0.1355     2.5570 1.0000e-12       6379          4  0.000e+00
     33.844   70.58002 -162.49076     34.194     5.9783     5.9791     5.9756    30.9898    31.0014  1024.5464    24.3881    197.331    183.388  309.48065     63.762     0.0818     0.1428     2.5550 1.0000e-12       6380          4  0.000e+00
     33.836   70.58002 -162.49076     34.186     5.9784     5.9791     5.9758    30.9899    31.0010  1024.5464    24.3882    197.477    183.202  309.47942     63.809     0.0818     0.1428     2.5550 1.0000e-12       6381          4  0.000e+00
     33.844   70.58002 -162.49076     34.194     5.9782     5.9792     5.9756    30.9903    31.0014  1024.5468    24.3885    197.455    183.356  309.47996     63.802     0.0818     0.1428     2.5550 1.0000e-12       6382          4  0.000e+00
     33.844   70.58002 -162.49076     34.194     5.9784     5.9791     5.9758    30.9899    31.0018  1024.5464    24.3882    197.433    183.352  309.47934     63.795     0.0806     0.1355     2.5550 8.4714e-06       6383          4  0.000e+00
     33.844   70.58002 -162.49076     34.194     5.9782     5.9792     5.9756    30.9899    31.0015  1024.5465    24.3882    197.643    183.168  309.48082     63.863     0.0818     0.1428     2.5550 1.0000e-12       6384          4  0.000e+00
     33.836   70.58002 -162.49076     34.186     5.9784     5.9792     5.9758    30.9896    31.0016  1024.5462    24.3880    197.652    183.147  309.48002     63.866     0.0806     0.1355     2.5570 1.0000e-12       6385          4  0.000e+00
     33.844   70.58002 -162.49076     34.194     5.9784     5.9792     5.9758    30.9899    31.0014  1024.5464    24.3882    197.462    183.308  309.47943     63.805     0.0818     0.1428     2.5550 1.0000e-12       6386          4  0.000e+00
     33.844   70.58002 -162.49076     34.194     5.9782     5.9794     5.9756    30.9901    31.0019  1024.5466    24.3883    197.445    183.127  309.48048     63.799     0.0806     0.1355     2.5570 8.4714e-06       6387          4  0.000e+00
     33.836   70.58002 -162.49076     34.186     5.9782     5.9795     5.9756    30.9899    31.0023  1024.5464    24.3882    197.428    183.109  309.48081     63.793     0.0818     0.1428     2.5550 1.0000e-12       6388          4  0.000e+00
     33.844   70.58002 -162.49076     34.194     5.9782     5.9795     5.9756    30.9900    31.0021  1024.5465    24.3883    197.642    183.094  309.48065     63.862     0.0806     0.1355     2.5550 1.0000e-12       6389          4  0.000e+00
     33.844   70.58002 -162.49076     34.194     5.9782     5.9795     5.9756    30.9903    31.0015  1024.5468    24.3885    197.456    183.260  309.47988     63.803     0.0818     0.1428     2.5550 8.4714e-06       6390          4  0.000e+00
     33.836   70.58002 -162.49076     34.186     5.9781     5.9795     5.9755    30.9907    31.0019  1024.5470    24.3888    197.443    183.265  309.47988     63.798     0.0806     0.1355     2.5550 8.4714e-06       6391          4  0.000e+00
     33.844   70.58002 -162.49076     34.194     5.9784     5.9797     5.9758    30.9907    31.0021  1024.5470    24.3888    197.658    183.091  309.47762     63.868     0.0818     0.1428     2.5550 8.4714e-06       6392          4  0.000e+00
     33.844   70.58002 -162.49076     34.194     5.9782     5.9797     5.9756    30.9905    31.0024  1024.5469    24.3887    197.479    183.079  309.47953     63.810     0.0806     0.1355     2.5530 8.4714e-06       6393          4  0.000e+00
     33.836   70.58002 -162.49076     34.186     5.9784     5.9797     5.9758    30.9900    31.0021  1024.5465    24.3883    197.638    183.269  309.47907     63.861     0.0818     0.1428     2.5550 8.4714e-06       6394          4  0.000e+00
     33.844   70.58002 -162.49076     34.194     5.9784     5.9797     5.9758    30.9899    31.0021  1024.5464    24.3882    197.626    183.280  309.47943     63.858     0.0830     0.1502     2.5550 1.0000e-12       6395          4  0.000e+00
     33.844   70.58002 -162.49076     34.194     5.9784     5.9797     5.9758    30.9900    31.0022  1024.5465    24.3882    197.643    183.292  309.47925     63.863     0.0818     0.1428     2.5530 1.0000e-12       6396          4  0.000e+00
     33.898   70.58002 -162.49076     34.249     5.9782     5.9797     5.9755    30.9901    31.0020  1024.5468    24.3883    197.691    183.305  309.48054     63.878     0.0830     0.1502     2.5550 1.0000e-12       6397          4  0.000e+00
     33.836   70.58002 -162.49076     34.187     5.9784     5.9797     5.9758    30.9901    31.0021  1024.5465    24.3883    197.707    183.317  309.47899     63.884     0.0818     0.1428     2.5530 1.0000e-12       6398          4  0.000e+00
     33.844   70.58002 -162.49076     34.194     5.9782     5.9795     5.9756    30.9898    31.0021  1024.5464    24.3881    197.726    183.152  309.48117     63.890     0.0818     0.1428     2.5530 1.0000e-12       6399          4  0.000e+00
     33.844   70.58002 -162.49076     34.194     5.9784     5.9795     5.9758    30.9893    31.0015  1024.5460    24.3877    197.743    183.329  309.48072     63.895     0.0818     0.1428     2.5530 1.0000e-12       6400          4  0.000e+00
     33.836   70.58002 -162.49076     34.187     5.9781     5.9795     5.9755    30.9895    31.0014  1024.5461    24.3879    197.563    183.345  309.48254     63.837     0.0818     0.1428     2.5530 1.0000e-12       6401          4  0.000e+00
     33.844   70.58002 -162.49076     34.194     5.9781     5.9794     5.9754    30.9894    31.0017  1024.5461    24.3878    197.525    183.363  309.48316     63.824     0.0818     0.1428     2.5550 8.4714e-06       6402          4  0.000e+00
     33.844   70.58002 -162.49076     34.194     5.9782     5.9795     5.9756    30.9899    31.0024  1024.5465    24.3882    197.514    183.199  309.48082     63.821     0.0818     0.1428     2.5530 1.0000e-12       6403          4  0.000e+00
     33.836   70.58002 -162.49076     34.187     5.9784     5.9795     5.9758    30.9899    31.0022  1024.5464    24.3882    197.504    183.200  309.47942     63.818     0.0818     0.1428     2.5530 8.4714e-06       6404          4  0.000e+00
     33.898   70.58002 -162.49076     34.249     5.9779     5.9794     5.9752    30.9902    31.0019  1024.5470    24.3884    197.730    183.205  309.48246     63.890     0.0818     0.1428     2.5530 1.0000e-12       6405          4  0.000e+00
     33.782   70.58002 -162.49076     34.132     5.9781     5.9794     5.9755    30.9897    31.0014  1024.5460    24.3880    197.749    183.207  309.48206     63.897     0.0818     0.1428     2.5550 1.0000e-12       6406          4  0.000e+00
     33.836   70.58002 -162.49076     34.186     5.9781     5.9794     5.9754    30.9897    31.0012  1024.5463    24.3881    197.574    183.393  309.48238     63.840     0.0818     0.1428     2.5530 1.0000e-12       6407          4  0.000e+00
     21.886   70.57996 -162.49074     22.111     5.5056     5.5066     5.5040    30.4864    30.4979  1024.1471    24.0444    186.475    173.248  314.11652     59.365     0.0867     0.1721     2.1804 1.0000e-12       9501          5  0.000e+00
