EcoFOCI/data/1_SampleCollection/2023_SikuliaqDBO_CruiseData/CTD_raw_BottleFile_SKQ23-12S/proc/skq202312s_082svp.cnv
* Sea-Bird SBE 9 Data File:
* FileName = D:\CTD\SKQ202312S\SKQ202312S_082.hex
* Software Version Seasave V 7.26.7.121
* Temperature SN = 6177
* Conductivity SN = 0369
* Number of Bytes Per Scan = 41
* Number of Voltage Words = 4
* Number of Scans Averaged by the Deck Unit = 1
* NMEA Latitude = 65 40.20 N
* NMEA Longitude = 168 22.04 W
* NMEA UTC (Time) = Oct 03 2023  09:48:47
* NMEA baud rate = 4800
** Ship: R/V Sikuliaq
** Station Number: 082
** Station Name: BS3
** Bottom Depth: 54
** Operator: SD
# nquan = 7
# nvalues = 4335                                  
# units = specified
# name 0 = depSM: Depth [salt water, m]
# name 1 = latitude: Latitude [deg]
# name 2 = longitude: Longitude [deg]
# name 3 = t090C: Temperature [ITS-90, deg C]
# name 4 = sal00: Salinity, Practical [PSU]
# name 5 = svCM: Sound Velocity [Chen-Millero, m/s]
# name 6 = flag:  0.000e+00
# span 0 =      1.748,     47.513                 
# span 1 =   65.66982,   65.66992                 
# span 2 = -168.36854, -168.36790                 
# span 3 =     3.0148,     6.5091                 
# span 4 =    26.2911,    32.8800                 
# span 5 =    1460.20,    1472.27                 
# span 6 = 0.0000e+00, 0.0000e+00                 
# interval = seconds: 0.0416667
# start_time = Oct 03 2023 09:52:12 [NMEA time, first data scan]
# bad_flag = -9.990e-29
*END*
[from data line 1642]
     26.371   65.66990 -168.36802     4.0790    32.2876    1463.90  0.000e+00
     26.387   65.66990 -168.36802     4.0673    32.2924    1463.85  0.000e+00
     26.425   65.66990 -168.36802     4.0580    32.2930    1463.82  0.000e+00
     26.441   65.66990 -168.36802     4.0476    32.2954    1463.78  0.000e+00
     26.425   65.66990 -168.36802     4.0357    32.3008    1463.73  0.000e+00
     26.502   65.66990 -168.36802     4.0239    32.3076    1463.69  0.000e+00
     26.479   65.66990 -168.36802     4.0122    32.3136    1463.65  0.000e+00
     26.541   65.66990 -168.36802     4.0018    32.3175    1463.62  0.000e+00
     26.502   65.66990 -168.36802     3.9921    32.3209    1463.58  0.000e+00
     26.595   65.66990 -168.36802     3.9828    32.3236    1463.54  0.000e+00
     26.556   65.66990 -168.36802     3.9732    32.3291    1463.51  0.000e+00
     26.657   65.66990 -168.36802     3.9665    32.3319    1463.49  0.000e+00
     26.618   65.66990 -168.36802     3.9597    32.3363    1463.46  0.000e+00
     26.657   65.66990 -168.36802     3.9540    32.3403    1463.45  0.000e+00
     26.672   65.66990 -168.36802     3.9488    32.3426    1463.43  0.000e+00
     26.657   65.66990 -168.36802     3.9448    32.3450    1463.41  0.000e+00
     26.734   65.66990 -168.36802     3.9408    32.3463    1463.40  0.000e+00
     26.772   65.66990 -168.36802     3.9347    32.3476    1463.38  0.000e+00
     26.711   65.66990 -168.36802     3.9286    32.3507    1463.35  0.000e+00
     26.788   65.66990 -168.36802     3.9230    32.3525    1463.33  0.000e+00
     26.826   65.66990 -168.36802     3.9165    32.3555    1463.31  0.000e+00
     26.842   65.66990 -168.36802     3.9103    32.3583    1463.29  0.000e+00
     26.826   65.66990 -168.36802     3.9041    32.3622    1463.27  0.000e+00
     26.903   65.66990 -168.36802     3.9000    32.3635    1463.25  0.000e+00
     26.880   65.66990 -168.36802     3.8964    32.3642    1463.24  0.000e+00
     26.903   65.66990 -168.36802     3.8913    32.3664    1463.22  0.000e+00
     26.942   65.66990 -168.36802     3.8848    32.3691    1463.20  0.000e+00
     26.903   65.66990 -168.36802     3.8768    32.3741    1463.17  0.000e+00
     26.996   65.66990 -168.36802     3.8702    32.3781    1463.15  0.000e+00
     26.957   65.66990 -168.36802     3.8654    32.3803    1463.13  0.000e+00
     27.058   65.66990 -168.36802     3.8603    32.3833    1463.11  0.000e+00
     26.996   65.66990 -168.36802     3.8545    32.3860    1463.09  0.000e+00
     27.073   65.66990 -168.36802     3.8479    32.3886    1463.07  0.000e+00
     27.058   65.66990 -168.36802     3.8404    32.3914    1463.04  0.000e+00
     27.127   65.66990 -168.36802     3.8321    32.3937    1463.01  0.000e+00
     27.112   65.66990 -168.36802     3.8237    32.3976    1462.98  0.000e+00
     27.127   65.66990 -168.36802     3.8156    32.3992    1462.95  0.000e+00
     27.173   65.66990 -168.36802     3.8052    32.4032    1462.91  0.000e+00
     27.127   65.66990 -168.36802     3.7948    32.4092    1462.87  0.000e+00
     27.227   65.66990 -168.36802     3.7853    32.4137    1462.84  0.000e+00
     27.189   65.66990 -168.36802     3.7748    32.4190    1462.80  0.000e+00
     27.227   65.66990 -168.36802     3.7656    32.4224    1462.77  0.000e+00
     27.243   65.66990 -168.36802     3.7566    32.4272    1462.74  0.000e+00
     27.281   65.66990 -168.36802     3.7484    32.4305    1462.71  0.000e+00
     27.305   65.66990 -168.36802     3.7395    32.4333    1462.67  0.000e+00
     27.281   65.66990 -168.36802     3.7280    32.4393    1462.63  0.000e+00
     27.343   65.66990 -168.36802     3.7164    32.4438    1462.59  0.000e+00
     27.305   65.66990 -168.36802     3.7045    32.4499    1462.55  0.000e+00
     27.397   65.66990 -168.36802     3.6927    32.4572    1462.51  0.000e+00
     27.359   65.66990 -168.36802     3.6815    32.4627    1462.47  0.000e+00
     27.397   65.66990 -168.36802     3.6707    32.4705    1462.43  0.000e+00
     27.420   65.66990 -168.36802     3.6613    32.4773    1462.40  0.000e+00
     27.459   65.66990 -168.36802     3.6529    32.4812    1462.37  0.000e+00
     27.420   65.66990 -168.36802     3.6434    32.4872    1462.34  0.000e+00
     27.459   65.66990 -168.36802     3.6356    32.4901    1462.31  0.000e+00
     27.528   65.66990 -168.36802     3.6280    32.4883    1462.28  0.000e+00
     27.513   65.66990 -168.36802     3.6165    32.4889    1462.23  0.000e+00
     27.474   65.66990 -168.36802     3.5994    32.4931    1462.16  0.000e+00
     27.575   65.66990 -168.36802     3.5800    32.4987    1462.09  0.000e+00
     27.528   65.66990 -168.36802     3.5598    32.5058    1462.01  0.000e+00
     27.575   65.66990 -168.36802     3.5370    32.5233    1461.94  0.000e+00
     27.590   65.66990 -168.36802     3.5169    32.5383    1461.87  0.000e+00
     27.629   65.66990 -168.36802     3.4998    32.5487    1461.81  0.000e+00
     27.644   65.66990 -168.36802     3.4828    32.5615    1461.76  0.000e+00
     27.629   65.66990 -168.36802     3.4683    32.5713    1461.71  0.000e+00
     27.683   65.66990 -168.36802     3.4544    32.5826    1461.67  0.000e+00
     27.706   65.66990 -168.36802     3.4426    32.5934    1461.63  0.000e+00
     27.683   65.66990 -168.36802     3.4337    32.6010    1461.60  0.000e+00
     27.706   65.66990 -168.36802     3.4254    32.6080    1461.58  0.000e+00
     27.744   65.66990 -168.36802     3.4181    32.6150    1461.55  0.000e+00
     27.760   65.66990 -168.36802     3.4119    32.6204    1461.53  0.000e+00
     27.798   65.66990 -168.36802     3.4066    32.6253    1461.52  0.000e+00
     27.760   65.66990 -168.36802     3.4030    32.6273    1461.51  0.000e+00
     27.860   65.66990 -168.36802     3.3996    32.6286    1461.49  0.000e+00
     27.821   65.66990 -168.36802     3.3966    32.6288    1461.48  0.000e+00
     27.860   65.66990 -168.36802     3.3930    32.6294    1461.47  0.000e+00
     27.875   65.66990 -168.36802     3.3865    32.6312    1461.44  0.000e+00
     27.914   65.66990 -168.36802     3.3773    32.6351    1461.41  0.000e+00
     27.929   65.66990 -168.36802     3.3688    32.6379    1461.38  0.000e+00
     27.914   65.66990 -168.36802     3.3587    32.6443    1461.34  0.000e+00
     27.991   65.66990 -168.36802     3.3490    32.6480    1461.31  0.000e+00
     27.976   65.66990 -168.36802     3.3382    32.6540    1461.27  0.000e+00
     27.991   65.66990 -168.36802     3.3278    32.6604    1461.23  0.000e+00
     28.030   65.66990 -168.36802     3.3189    32.6669    1461.20  0.000e+00
     27.991   65.66990 -168.36802     3.3100    32.6741    1461.17  0.000e+00
     28.084   65.66990 -168.36802     3.3019    32.6798    1461.15  0.000e+00
     28.107   65.66990 -168.36802     3.2962    32.6834    1461.13  0.000e+00
     28.145   65.66990 -168.36802     3.2915    32.6868    1461.11  0.000e+00
     28.107   65.66990 -168.36802     3.2871    32.6899    1461.10  0.000e+00
     28.199   65.66990 -168.36802     3.2831    32.6926    1461.09  0.000e+00
     28.161   65.66990 -168.36802     3.2797    32.6956    1461.08  0.000e+00
     28.199   65.66990 -168.36802     3.2770    32.6985    1461.07  0.000e+00
     28.223   65.66990 -168.36802     3.2752    32.6994    1461.06  0.000e+00
     28.261   65.66990 -168.36802     3.2738    32.6996    1461.06  0.000e+00
     28.315   65.66990 -168.36802     3.2719    32.6993    1461.05  0.000e+00
     28.277   65.66990 -168.36802     3.2686    32.7004    1461.04  0.000e+00
     28.377   65.66990 -168.36802     3.2645    32.7015    1461.02  0.000e+00
     28.331   65.66990 -168.36802     3.2573    32.7046    1460.99  0.000e+00
     28.377   65.66990 -168.36802     3.2474    32.7107    1460.96  0.000e+00
     28.392   65.66990 -168.36802     3.2365    32.7191    1460.93  0.000e+00
     28.485   65.66990 -168.36802     3.2266    32.7271    1460.90  0.000e+00
     28.446   65.66990 -168.36802     3.2172    32.7356    1460.87  0.000e+00
     28.485   65.66990 -168.36802     3.2087    32.7417    1460.84  0.000e+00
     28.508   65.66990 -168.36802     3.1991    32.7477    1460.81  0.000e+00
     28.547   65.66990 -168.36802     3.1895    32.7524    1460.77  0.000e+00
     28.624   65.66990 -168.36802     3.1788    32.7605    1460.74  0.000e+00
     28.601   65.66990 -168.36802     3.1689    32.7680    1460.70  0.000e+00
     28.624   65.66990 -168.36802     3.1593    32.7746    1460.67  0.000e+00
     28.662   65.66990 -168.36802     3.1490    32.7817    1460.64  0.000e+00
     28.678   65.66990 -168.36802     3.1378    32.7891    1460.60  0.000e+00
     28.716   65.66990 -168.36802     3.1260    32.7969    1460.56  0.000e+00
     28.794   65.66990 -168.36802     3.1144    32.8061    1460.52  0.000e+00
     28.716   65.66990 -168.36802     3.1042    32.8141    1460.49  0.000e+00
     28.848   65.66990 -168.36802     3.0951    32.8206    1460.46  0.000e+00
     28.832   65.66990 -168.36802     3.0858    32.8271    1460.43  0.000e+00
     28.848   65.66990 -168.36802     3.0766    32.8329    1460.40  0.000e+00
     28.948   65.66990 -168.36802     3.0675    32.8390    1460.37  0.000e+00
     28.909   65.66990 -168.36802     3.0595    32.8455    1460.34  0.000e+00
     28.948   65.66990 -168.36802     3.0530    32.8504    1460.32  0.000e+00
     29.017   65.66990 -168.36802     3.0476    32.8552    1460.30  0.000e+00
     29.002   65.66990 -168.36802     3.0429    32.8585    1460.29  0.000e+00
     29.017   65.66990 -168.36802     3.0392    32.8608    1460.28  0.000e+00
     29.064   65.66990 -168.36802     3.0361    32.8635    1460.27  0.000e+00
     29.079   65.66990 -168.36802     3.0336    32.8651    1460.26  0.000e+00
     29.179   65.66990 -168.36802     3.0314    32.8665    1460.25  0.000e+00
     29.133   65.66990 -168.36802     3.0296    32.8679    1460.25  0.000e+00
     29.179   65.66990 -168.36802     3.0277    32.8690    1460.24  0.000e+00
     29.249   65.66990 -168.36802     3.0261    32.8697    1460.23  0.000e+00
     29.233   65.66990 -168.36802     3.0247    32.8710    1460.23  0.000e+00
     29.249   65.66990 -168.36802     3.0234    32.8722    1460.23  0.000e+00
     29.310   65.66990 -168.36802     3.0228    32.8726    1460.23  0.000e+00
     29.295   65.66990 -168.36802     3.0223    32.8724    1460.22  0.000e+00
     29.418   65.66990 -168.36802     3.0220    32.8720    1460.22  0.000e+00
     29.403   65.66990 -168.36802     3.0217    32.8719    1460.22  0.000e+00
     29.364   65.66990 -168.36802     3.0208    32.8724    1460.22  0.000e+00
     29.465   65.66990 -168.36802     3.0200    32.8732    1460.22  0.000e+00
     29.480   65.66990 -168.36802     3.0192    32.8732    1460.21  0.000e+00
     29.519   65.66990 -168.36802     3.0187    32.8738    1460.21  0.000e+00
     29.480   65.66990 -168.36802     3.0183    32.8736    1460.21  0.000e+00
     29.519   65.66990 -168.36802     3.0176    32.8738    1460.21  0.000e+00
     29.534   65.66990 -168.36802     3.0173    32.8742    1460.21  0.000e+00
     29.634   65.66990 -168.36802     3.0169    32.8749    1460.21  0.000e+00
     29.596   65.66990 -168.36802     3.0165    32.8751    1460.21  0.000e+00
     29.634   65.66990 -168.36802     3.0164    32.8747    1460.21  0.000e+00
     29.596   65.66990 -168.36802     3.0159    32.8751    1460.20  0.000e+00
     29.696   65.66990 -168.36802     3.0157    32.8745    1460.20  0.000e+00
     29.650   65.66990 -168.36802     3.0154    32.8742    1460.20  0.000e+00
     29.750   65.66990 -168.36802     3.0153    32.8747    1460.20  0.000e+00
     29.712   65.66990 -168.36802     3.0150    32.8750    1460.20  0.000e+00
     29.750   65.66990 -168.36802     3.0149    32.8745    1460.20  0.000e+00
     29.712   65.66990 -168.36802     3.0150    32.8744    1460.20  0.000e+00
     29.804   65.66990 -168.36802     3.0150    32.8746    1460.20  0.000e+00
     29.766   65.66990 -168.36802     3.0151    32.8744    1460.20  0.000e+00
     29.804   65.66990 -168.36802     3.0150    32.8742    1460.20  0.000e+00
     29.881   65.66990 -168.36804     3.0148    32.8739    1460.20  0.000e+00
     29.804   65.66990 -168.36804     3.0150    32.8734    1460.20  0.000e+00
     29.820   65.66990 -168.36804     3.0148    32.8739    1460.20  0.000e+00
     29.881   65.66990 -168.36804     3.0148    32.8740    1460.20  0.000e+00
     29.920   65.66990 -168.36804     3.0151    32.8732    1460.20  0.000e+00
     29.881   65.66990 -168.36804     3.0149    32.8735    1460.20  0.000e+00
     29.866   65.66990 -168.36804     3.0151    32.8734    1460.20  0.000e+00
     29.935   65.66990 -168.36804     3.0153    32.8733    1460.20  0.000e+00
     29.982   65.66990 -168.36804     3.0151    32.8731    1460.20  0.000e+00
     29.935   65.66990 -168.36804     3.0153    32.8725    1460.20  0.000e+00
     29.920   65.66990 -168.36804     3.0151    32.8725    1460.20  0.000e+00
     29.997   65.66990 -168.36804     3.0153    32.8725    1460.20  0.000e+00
     29.982   65.66990 -168.36804     3.0151    32.8724    1460.20  0.000e+00
     29.997   65.66990 -168.36804     3.0148    32.8731    1460.20  0.000e+00
     29.982   65.66990 -168.36804     3.0149    32.8735    1460.20  0.000e+00
     29.997   65.66990 -168.36804     3.0151    32.8736    1460.21  0.000e+00
     30.036   65.66990 -168.36804     3.0150    32.8744    1460.21  0.000e+00
     29.997   65.66990 -168.36804     3.0156    32.8740    1460.21  0.000e+00
     30.036   65.66990 -168.36804     3.0156    32.8734    1460.21  0.000e+00
     30.051   65.66990 -168.36804     3.0158    32.8735    1460.21  0.000e+00
     30.036   65.66990 -168.36804     3.0159    32.8731    1460.21  0.000e+00
     30.051   65.66990 -168.36804     3.0157    32.8734    1460.21  0.000e+00
     30.113   65.66990 -168.36804     3.0160    32.8736    1460.21  0.000e+00
     30.036   65.66990 -168.36804     3.0159    32.8742    1460.21  0.000e+00
     30.113   65.66990 -168.36804     3.0166    32.8741    1460.21  0.000e+00
     30.097   65.66990 -168.36804     3.0170    32.8735    1460.21  0.000e+00
     30.051   65.66990 -168.36804     3.0171    32.8729    1460.21  0.000e+00
     30.151   65.66990 -168.36804     3.0175    32.8722    1460.22  0.000e+00
     30.113   65.66990 -168.36804     3.0170    32.8726    1460.21  0.000e+00
     30.097   65.66990 -168.36804     3.0170    32.8724    1460.21  0.000e+00
     30.113   65.66990 -168.36804     3.0170    32.8722    1460.21  0.000e+00
     30.151   65.66990 -168.36804     3.0176    32.8716    1460.22  0.000e+00
     30.113   65.66990 -168.36804     3.0176    32.8710    1460.21  0.000e+00
     30.151   65.66990 -168.36804     3.0176    32.8707    1460.21  0.000e+00
     30.167   65.66990 -168.36804     3.0174    32.8722    1460.22  0.000e+00
     30.151   65.66990 -168.36804     3.0175    32.8756    1460.22  0.000e+00
     30.167   65.66990 -168.36804     3.0174    32.8779    1460.22  0.000e+00
     30.151   65.66990 -168.36804     3.0183    32.8787    1460.23  0.000e+00
     30.167   65.66990 -168.36804     3.0191    32.8788    1460.23  0.000e+00
     30.151   65.66990 -168.36804     3.0195    32.8789    1460.23  0.000e+00
     30.283   65.66990 -168.36804     3.0200    32.8785    1460.24  0.000e+00
     30.167   65.66990 -168.36804     3.0206    32.8787    1460.24  0.000e+00
     30.267   65.66990 -168.36804     3.0206    32.8783    1460.24  0.000e+00
     30.221   65.66990 -168.36804     3.0209    32.8779    1460.24  0.000e+00
     30.205   65.66990 -168.36804     3.0211    32.8780    1460.24  0.000e+00
     30.283   65.66990 -168.36804     3.0211    32.8793    1460.24  0.000e+00
     30.267   65.66990 -168.36804     3.0220    32.8800    1460.25  0.000e+00
     30.283   65.66990 -168.36804     3.0223    32.8796    1460.25  0.000e+00
     30.267   65.66990 -168.36804     3.0230    32.8776    1460.25  0.000e+00
     30.337   65.66990 -168.36804     3.0231    32.8763    1460.25  0.000e+00
