EcoFOCI/data/1_SampleCollection/2023_SikuliaqDBO_CruiseData/CTD_raw_BottleFile_SKQ23-12S/proc/skq202312s_072svp.cnv
* Sea-Bird SBE 9 Data File:
* FileName = D:\CTD\SKQ202312S\SKQ202312S_072.hex
* Software Version Seasave V 7.26.7.121
* Temperature SN = 6177
* Conductivity SN = 0369
* Number of Bytes Per Scan = 41
* Number of Voltage Words = 4
* Number of Scans Averaged by the Deck Unit = 1
* NMEA Latitude = 68 00.76 N
* NMEA Longitude = 167 52.45 W
* NMEA UTC (Time) = Oct 01 2023  18:46:53
* NMEA baud rate = 4800
** Ship: R/V Sikuliaq
** Station Number: 072
** Station Name: DBO3.5
** Bottom Depth: 52
** Operator: SD
# nquan = 7
# nvalues = 7252                                  
# units = specified
# name 0 = depSM: Depth [salt water, m]
# name 1 = latitude: Latitude [deg]
# name 2 = longitude: Longitude [deg]
# name 3 = t090C: Temperature [ITS-90, deg C]
# name 4 = sal00: Salinity, Practical [PSU]
# name 5 = svCM: Sound Velocity [Chen-Millero, m/s]
# name 6 = flag:  0.000e+00
# span 0 =      2.833,     47.830                 
# span 1 =   68.01172,   68.01234                 
# span 2 = -167.87380, -167.87292                 
# span 3 =     2.7499,     5.4276                 
# span 4 =    29.1809,    32.3130                 
# span 5 =    1457.36,    1467.24                 
# span 6 = 0.0000e+00, 0.0000e+00                 
# interval = seconds: 0.0416667
# start_time = Oct 01 2023 18:50:54 [NMEA time, first data scan]
# bad_flag = -9.990e-29
*END*
[from data line 4513]
     47.151   68.01194 -167.87316     3.0037    32.2783    1459.67  0.000e+00
     47.151   68.01194 -167.87316     3.0037    32.2787    1459.67  0.000e+00
     47.151   68.01194 -167.87316     3.0037    32.2793    1459.67  0.000e+00
     47.213   68.01194 -167.87316     3.0039    32.2797    1459.67  0.000e+00
     47.213   68.01194 -167.87316     3.0040    32.2801    1459.67  0.000e+00
     47.213   68.01194 -167.87316     3.0042    32.2801    1459.67  0.000e+00
     47.213   68.01194 -167.87316     3.0042    32.2803    1459.67  0.000e+00
     47.213   68.01194 -167.87316     3.0045    32.2803    1459.67  0.000e+00
     47.213   68.01194 -167.87316     3.0047    32.2802    1459.67  0.000e+00
     47.267   68.01194 -167.87316     3.0045    32.2803    1459.67  0.000e+00
     47.213   68.01194 -167.87316     3.0047    32.2808    1459.67  0.000e+00
     47.267   68.01194 -167.87316     3.0048    32.2804    1459.67  0.000e+00
     47.213   68.01194 -167.87316     3.0049    32.2806    1459.67  0.000e+00
     47.329   68.01194 -167.87316     3.0048    32.2804    1459.68  0.000e+00
     47.267   68.01194 -167.87316     3.0049    32.2802    1459.67  0.000e+00
     47.267   68.01194 -167.87316     3.0048    32.2809    1459.68  0.000e+00
     47.267   68.01194 -167.87316     3.0049    32.2808    1459.68  0.000e+00
     47.267   68.01194 -167.87316     3.0051    32.2808    1459.68  0.000e+00
     47.267   68.01194 -167.87316     3.0050    32.2808    1459.68  0.000e+00
     47.329   68.01194 -167.87316     3.0051    32.2808    1459.68  0.000e+00
     47.267   68.01194 -167.87316     3.0051    32.2810    1459.68  0.000e+00
     47.329   68.01194 -167.87316     3.0052    32.2807    1459.68  0.000e+00
     47.267   68.01194 -167.87316     3.0051    32.2808    1459.68  0.000e+00
     47.267   68.01194 -167.87316     3.0051    32.2811    1459.68  0.000e+00
     47.329   68.01194 -167.87316     3.0055    32.2810    1459.68  0.000e+00
     47.267   68.01194 -167.87316     3.0054    32.2809    1459.68  0.000e+00
     47.329   68.01194 -167.87316     3.0049    32.2813    1459.68  0.000e+00
     47.329   68.01194 -167.87316     3.0053    32.2804    1459.68  0.000e+00
     47.267   68.01194 -167.87316     3.0054    32.2802    1459.68  0.000e+00
     47.267   68.01194 -167.87316     3.0050    32.2802    1459.67  0.000e+00
     47.329   68.01194 -167.87316     3.0049    32.2799    1459.68  0.000e+00
     47.267   68.01194 -167.87316     3.0050    32.2798    1459.67  0.000e+00
     47.267   68.01194 -167.87316     3.0049    32.2801    1459.67  0.000e+00
     47.267   68.01194 -167.87316     3.0048    32.2798    1459.67  0.000e+00
     47.267   68.01194 -167.87316     3.0049    32.2794    1459.67  0.000e+00
     47.267   68.01194 -167.87316     3.0050    32.2793    1459.67  0.000e+00
     47.267   68.01194 -167.87316     3.0048    32.2794    1459.67  0.000e+00
     47.213   68.01194 -167.87316     3.0047    32.2798    1459.67  0.000e+00
     47.267   68.01194 -167.87316     3.0047    32.2794    1459.67  0.000e+00
     47.213   68.01194 -167.87316     3.0047    32.2791    1459.67  0.000e+00
     47.267   68.01194 -167.87316     3.0045    32.2790    1459.67  0.000e+00
     47.213   68.01194 -167.87316     3.0045    32.2789    1459.67  0.000e+00
     47.151   68.01194 -167.87316     3.0043    32.2797    1459.67  0.000e+00
     47.213   68.01194 -167.87316     3.0045    32.2795    1459.67  0.000e+00
     47.213   68.01194 -167.87316     3.0047    32.2789    1459.67  0.000e+00
     47.151   68.01194 -167.87316     3.0045    32.2781    1459.67  0.000e+00
     47.151   68.01194 -167.87316     3.0045    32.2778    1459.67  0.000e+00
     47.213   68.01194 -167.87316     3.0043    32.2781    1459.67  0.000e+00
     47.151   68.01194 -167.87316     3.0042    32.2782    1459.67  0.000e+00
     47.097   68.01194 -167.87316     3.0042    32.2784    1459.67  0.000e+00
     47.097   68.01194 -167.87316     3.0043    32.2785    1459.67  0.000e+00
     47.097   68.01194 -167.87316     3.0040    32.2789    1459.67  0.000e+00
     47.097   68.01194 -167.87316     3.0040    32.2789    1459.67  0.000e+00
     47.097   68.01194 -167.87316     3.0040    32.2767    1459.66  0.000e+00
     47.097   68.01194 -167.87316     3.0035    32.2742    1459.66  0.000e+00
     46.981   68.01194 -167.87316     3.0029    32.2728    1459.65  0.000e+00
     47.097   68.01194 -167.87316     3.0023    32.2725    1459.65  0.000e+00
     46.981   68.01194 -167.87316     3.0020    32.2721    1459.65  0.000e+00
     47.043   68.01194 -167.87316     3.0017    32.2709    1459.64  0.000e+00
     46.981   68.01194 -167.87316     3.0007    32.2682    1459.64  0.000e+00
     46.981   68.01194 -167.87316     2.9999    32.2667    1459.63  0.000e+00
     46.927   68.01194 -167.87316     2.9995    32.2683    1459.63  0.000e+00
     46.981   68.01194 -167.87316     2.9993    32.2710    1459.63  0.000e+00
     46.927   68.01194 -167.87316     2.9993    32.2715    1459.63  0.000e+00
     46.927   68.01194 -167.87316     2.9993    32.2698    1459.63  0.000e+00
     46.927   68.01194 -167.87316     2.9988    32.2677    1459.63  0.000e+00
     46.865   68.01192 -167.87316     2.9983    32.2668    1459.62  0.000e+00
     46.927   68.01192 -167.87316     2.9981    32.2663    1459.62  0.000e+00
     46.865   68.01192 -167.87316     2.9977    32.2666    1459.62  0.000e+00
     46.811   68.01192 -167.87316     2.9977    32.2667    1459.62  0.000e+00
     46.804   68.01192 -167.87316     2.9974    32.2674    1459.62  0.000e+00
     46.865   68.01192 -167.87316     2.9973    32.2676    1459.62  0.000e+00
     46.811   68.01192 -167.87316     2.9973    32.2674    1459.62  0.000e+00
     46.749   68.01192 -167.87316     2.9971    32.2673    1459.62  0.000e+00
     46.811   68.01192 -167.87316     2.9973    32.2671    1459.62  0.000e+00
     46.749   68.01192 -167.87316     2.9971    32.2670    1459.62  0.000e+00
     46.749   68.01192 -167.87316     2.9969    32.2676    1459.62  0.000e+00
     46.749   68.01192 -167.87316     2.9971    32.2682    1459.62  0.000e+00
     46.695   68.01192 -167.87316     2.9969    32.2685    1459.62  0.000e+00
     46.749   68.01192 -167.87316     2.9971    32.2686    1459.62  0.000e+00
     46.695   68.01192 -167.87316     2.9973    32.2685    1459.62  0.000e+00
     46.695   68.01192 -167.87316     2.9974    32.2679    1459.62  0.000e+00
     46.695   68.01192 -167.87316     2.9973    32.2682    1459.62  0.000e+00
     46.641   68.01192 -167.87316     2.9974    32.2677    1459.62  0.000e+00
     46.695   68.01192 -167.87316     2.9974    32.2671    1459.62  0.000e+00
     46.641   68.01192 -167.87316     2.9973    32.2663    1459.61  0.000e+00
     46.695   68.01192 -167.87316     2.9971    32.2649    1459.61  0.000e+00
     46.580   68.01192 -167.87316     2.9965    32.2640    1459.61  0.000e+00
     46.695   68.01192 -167.87316     2.9965    32.2628    1459.61  0.000e+00
     46.580   68.01192 -167.87316     2.9960    32.2627    1459.60  0.000e+00
     46.641   68.01192 -167.87316     2.9959    32.2619    1459.60  0.000e+00
     46.580   68.01192 -167.87316     2.9952    32.2626    1459.60  0.000e+00
     46.634   68.01192 -167.87316     2.9949    32.2625    1459.60  0.000e+00
     46.580   68.01192 -167.87316     2.9948    32.2624    1459.60  0.000e+00
     46.641   68.01192 -167.87316     2.9943    32.2610    1459.59  0.000e+00
     46.580   68.01192 -167.87316     2.9941    32.2581    1459.59  0.000e+00
     46.580   68.01192 -167.87316     2.9935    32.2568    1459.58  0.000e+00
     46.580   68.01192 -167.87316     2.9930    32.2558    1459.58  0.000e+00
     46.580   68.01192 -167.87316     2.9925    32.2550    1459.58  0.000e+00
     46.580   68.01192 -167.87316     2.9923    32.2529    1459.57  0.000e+00
     46.580   68.01192 -167.87316     2.9914    32.2521    1459.57  0.000e+00
     46.580   68.01192 -167.87316     2.9907    32.2520    1459.57  0.000e+00
     46.580   68.01192 -167.87316     2.9905    32.2521    1459.56  0.000e+00
     46.580   68.01192 -167.87316     2.9901    32.2528    1459.56  0.000e+00
     46.580   68.01192 -167.87316     2.9900    32.2529    1459.56  0.000e+00
     46.580   68.01192 -167.87316     2.9896    32.2531    1459.56  0.000e+00
     46.526   68.01192 -167.87316     2.9894    32.2531    1459.56  0.000e+00
     46.641   68.01192 -167.87316     2.9890    32.2534    1459.56  0.000e+00
     46.580   68.01192 -167.87316     2.9889    32.2539    1459.56  0.000e+00
     46.580   68.01192 -167.87316     2.9888    32.2539    1459.56  0.000e+00
     46.526   68.01192 -167.87316     2.9889    32.2543    1459.56  0.000e+00
     46.641   68.01192 -167.87316     2.9890    32.2548    1459.56  0.000e+00
     46.580   68.01192 -167.87316     2.9891    32.2554    1459.56  0.000e+00
     46.580   68.01192 -167.87316     2.9890    32.2556    1459.56  0.000e+00
     46.579   68.01192 -167.87316     2.9891    32.2551    1459.56  0.000e+00
     46.641   68.01192 -167.87316     2.9893    32.2550    1459.56  0.000e+00
     46.579   68.01192 -167.87316     2.9892    32.2545    1459.56  0.000e+00
     46.641   68.01192 -167.87316     2.9893    32.2544    1459.56  0.000e+00
     46.641   68.01192 -167.87316     2.9892    32.2551    1459.56  0.000e+00
     46.579   68.01192 -167.87316     2.9891    32.2558    1459.56  0.000e+00
     46.641   68.01192 -167.87316     2.9888    32.2572    1459.56  0.000e+00
     46.695   68.01192 -167.87316     2.9895    32.2583    1459.57  0.000e+00
     46.641   68.01192 -167.87316     2.9897    32.2601    1459.57  0.000e+00
     46.579   68.01192 -167.87316     2.9903    32.2617    1459.58  0.000e+00
     46.749   68.01192 -167.87316     2.9910    32.2624    1459.58  0.000e+00
     46.695   68.01192 -167.87316     2.9916    32.2623    1459.58  0.000e+00
     46.641   68.01192 -167.87316     2.9919    32.2619    1459.58  0.000e+00
     46.695   68.01192 -167.87316     2.9923    32.2607    1459.59  0.000e+00
     46.695   68.01192 -167.87316     2.9921    32.2598    1459.58  0.000e+00
     46.749   68.01192 -167.87316     2.9923    32.2599    1459.59  0.000e+00
     46.695   68.01192 -167.87316     2.9922    32.2615    1459.59  0.000e+00
     46.749   68.01192 -167.87316     2.9923    32.2623    1459.59  0.000e+00
     46.695   68.01192 -167.87316     2.9927    32.2632    1459.59  0.000e+00
     46.749   68.01192 -167.87316     2.9930    32.2644    1459.59  0.000e+00
     46.803   68.01192 -167.87316     2.9933    32.2660    1459.60  0.000e+00
     46.749   68.01192 -167.87316     2.9940    32.2669    1459.60  0.000e+00
     46.749   68.01192 -167.87316     2.9943    32.2676    1459.60  0.000e+00
     46.811   68.01192 -167.87316     2.9943    32.2686    1459.61  0.000e+00
     46.811   68.01192 -167.87316     2.9955    32.2683    1459.61  0.000e+00
     46.811   68.01192 -167.87316     2.9956    32.2687    1459.61  0.000e+00
     46.811   68.01192 -167.87316     2.9957    32.2697    1459.61  0.000e+00
     46.865   68.01192 -167.87316     2.9964    32.2696    1459.62  0.000e+00
     46.865   68.01192 -167.87316     2.9965    32.2706    1459.62  0.000e+00
     46.865   68.01192 -167.87316     2.9966    32.2710    1459.62  0.000e+00
     46.865   68.01192 -167.87316     2.9971    32.2712    1459.62  0.000e+00
     46.919   68.01192 -167.87316     2.9971    32.2727    1459.63  0.000e+00
     46.865   68.01192 -167.87316     2.9979    32.2728    1459.63  0.000e+00
     46.865   68.01192 -167.87316     2.9984    32.2737    1459.63  0.000e+00
     46.927   68.01192 -167.87316     2.9987    32.2745    1459.63  0.000e+00
     46.927   68.01192 -167.87316     2.9991    32.2746    1459.64  0.000e+00
     46.927   68.01192 -167.87316     2.9993    32.2742    1459.64  0.000e+00
     46.981   68.01192 -167.87316     2.9996    32.2735    1459.64  0.000e+00
     46.927   68.01192 -167.87316     2.9996    32.2732    1459.64  0.000e+00
     46.981   68.01192 -167.87316     2.9998    32.2727    1459.64  0.000e+00
     46.981   68.01192 -167.87316     2.9998    32.2720    1459.64  0.000e+00
     46.981   68.01192 -167.87316     2.9995    32.2724    1459.64  0.000e+00
     47.042   68.01192 -167.87316     2.9995    32.2726    1459.64  0.000e+00
     46.981   68.01192 -167.87316     2.9993    32.2731    1459.64  0.000e+00
     46.981   68.01192 -167.87316     2.9995    32.2730    1459.64  0.000e+00
     47.042   68.01192 -167.87316     2.9996    32.2732    1459.64  0.000e+00
     47.042   68.01192 -167.87316     2.9995    32.2733    1459.64  0.000e+00
     47.042   68.01192 -167.87316     2.9996    32.2733    1459.64  0.000e+00
     47.042   68.01192 -167.87316     2.9996    32.2740    1459.64  0.000e+00
     47.042   68.01192 -167.87316     3.0001    32.2740    1459.64  0.000e+00
     47.042   68.01192 -167.87316     2.9999    32.2750    1459.64  0.000e+00
     47.096   68.01192 -167.87316     3.0006    32.2753    1459.65  0.000e+00
     47.042   68.01192 -167.87316     3.0009    32.2755    1459.65  0.000e+00
     47.042   68.01192 -167.87316     3.0007    32.2759    1459.65  0.000e+00
     47.096   68.01192 -167.87316     3.0010    32.2752    1459.65  0.000e+00
     47.096   68.01192 -167.87316     3.0010    32.2751    1459.65  0.000e+00
     47.096   68.01192 -167.87316     3.0013    32.2750    1459.65  0.000e+00
     47.096   68.01192 -167.87316     3.0012    32.2750    1459.65  0.000e+00
     47.096   68.01192 -167.87316     3.0013    32.2756    1459.65  0.000e+00
     47.096   68.01192 -167.87316     3.0013    32.2761    1459.65  0.000e+00
     47.096   68.01192 -167.87316     3.0017    32.2765    1459.65  0.000e+00
     47.096   68.01192 -167.87316     3.0018    32.2772    1459.65  0.000e+00
     47.096   68.01192 -167.87316     3.0021    32.2773    1459.66  0.000e+00
     47.096   68.01192 -167.87316     3.0023    32.2782    1459.66  0.000e+00
     47.096   68.01192 -167.87316     3.0028    32.2788    1459.66  0.000e+00
     47.096   68.01192 -167.87316     3.0029    32.2790    1459.66  0.000e+00
     47.150   68.01192 -167.87316     3.0030    32.2792    1459.66  0.000e+00
     47.096   68.01192 -167.87316     3.0033    32.2793    1459.66  0.000e+00
     47.096   68.01192 -167.87316     3.0035    32.2789    1459.66  0.000e+00
     47.096   68.01192 -167.87316     3.0036    32.2781    1459.66  0.000e+00
     47.150   68.01192 -167.87316     3.0037    32.2778    1459.66  0.000e+00
     47.096   68.01192 -167.87316     3.0034    32.2781    1459.66  0.000e+00
     47.096   68.01192 -167.87316     3.0035    32.2775    1459.66  0.000e+00
     47.096   68.01192 -167.87316     3.0034    32.2779    1459.66  0.000e+00
     47.096   68.01192 -167.87316     3.0035    32.2773    1459.66  0.000e+00
     47.150   68.01192 -167.87316     3.0034    32.2759    1459.66  0.000e+00
     47.096   68.01192 -167.87316     3.0029    32.2749    1459.66  0.000e+00
     47.096   68.01192 -167.87316     3.0026    32.2747    1459.65  0.000e+00
     47.150   68.01192 -167.87316     3.0026    32.2750    1459.66  0.000e+00
     47.042   68.01192 -167.87316     3.0025    32.2766    1459.66  0.000e+00
     47.150   68.01192 -167.87316     3.0025    32.2770    1459.66  0.000e+00
     47.096   68.01192 -167.87316     3.0026    32.2764    1459.66  0.000e+00
     47.096   68.01192 -167.87316     3.0028    32.2753    1459.66  0.000e+00
     47.096   68.01192 -167.87316     3.0023    32.2750    1459.65  0.000e+00
     47.042   68.01192 -167.87316     3.0023    32.2743    1459.65  0.000e+00
     47.150   68.01192 -167.87316     3.0021    32.2740    1459.65  0.000e+00
     47.042   68.01192 -167.87316     3.0015    32.2748    1459.65  0.000e+00
     47.096   68.01192 -167.87316     3.0017    32.2747    1459.65  0.000e+00
     47.096   68.01192 -167.87316     3.0015    32.2747    1459.65  0.000e+00
     47.096   68.01192 -167.87316     3.0015    32.2748    1459.65  0.000e+00
