EcoFOCI/data/1_SampleCollection/2023_SikuliaqDBO_CruiseData/CTD_raw_BottleFile_SKQ23-12S/proc/skq202312s_084.cnv
* Sea-Bird SBE 9 Data File:
* FileName = D:\CTD\SKQ202312S\SKQ202312S_084.hex
* Software Version Seasave V 7.26.7.121
* Temperature SN = 6177
* Conductivity SN = 0369
* Number of Bytes Per Scan = 41
* Number of Voltage Words = 4
* Number of Scans Averaged by the Deck Unit = 1
* NMEA Latitude = 65 37.11 N
* NMEA Longitude = 168 09.13 W
* NMEA UTC (Time) = Oct 03 2023  11:55:16
* NMEA baud rate = 4800
** Ship: R/V Sikuliaq
** Station Number: 084
** Station Name: BS1
** Bottom Depth: 28
** Operator: SD
# nquan = 24
# nvalues = 5332                                  
# units = specified
# name 0 = depSM: Depth [salt water, m]
# name 1 = latitude: Latitude [deg]
# name 2 = longitude: Longitude [deg]
# name 3 = prDM: Pressure, Digiquartz [db]
# name 4 = t090C: Temperature [ITS-90, deg C]
# name 5 = t190C: Temperature, 2 [ITS-90, deg C]
# name 6 = potemp090C: Potential Temperature [ITS-90, deg C]
# name 7 = sal00: Salinity, Practical [PSU]
# name 8 = sal11: Salinity, Practical, 2 [PSU]
# name 9 = density00: Density [density, kg/m^3]
# name 10 = sigma-é00: Density [sigma-theta, kg/m^3]
# name 11 = sbox0Mm/Kg: Oxygen, SBE 43 [umol/kg]
# name 12 = sbox1Mm/Kg: Oxygen, SBE 43, 2 [umol/kg]
# name 13 = oxsolMm/Kg: Oxygen Saturation, Garcia & Gordon [umol/kg]
# name 14 = sbeox0PS: Oxygen, SBE 43 [% saturation]
# name 15 = sbeox1PS: Oxygen, SBE 43, 2 [% saturation]
# name 16 = v0: Voltage 0
# name 17 = flECO-AFL: Fluorescence, WET Labs ECO-AFL/FL [mg/m^3]
# name 18 = v1: Voltage 1
# name 19 = CStarAt0: Beam Attenuation, WET Labs C-Star [1/m]
# name 20 = par: PAR/Irradiance, Biospherical/Licor
# name 21 = scan: Scan Count
# name 22 = timeM: Time, Elapsed [minutes]
# name 23 = flag:  0.000e+00
# span 0 =      1.898,     23.896                 
# span 1 =   65.61820,   65.61824                 
# span 2 = -168.15362, -168.15330                 
# span 3 =      1.917,     24.135                 
# span 4 =     3.5396,     6.5815                 
# span 5 =     3.5427,     6.5726                 
# span 6 =     3.5382,     6.5810                 
# span 7 =    28.4930,    32.4703                 
# span 8 =    28.5079,    32.4770                 
# span 9 =  1022.4684,  1025.9302                 
# span 10 =    22.4577,    25.8181                
# span 11 =    253.623,    289.336                
# span 12 =    244.295,    276.806                
# span 13 =  305.08159,  324.47944                
# span 14 =     82.628,     91.268                
# span 15 =     79.151,     87.327                
# span 16 =     0.1233,     0.3553                
# span 17 =     0.3919,     1.7839                
# span 18 =     1.5067,     3.8034                
# span 19 =     0.8573,     4.5631                
# span 20 = 1.0000e-12, 3.7063e-01                
# span 21 =          1,       5332                
# span 22 =     0.0000,     3.7021                
# span 23 = 0.0000e+00, 0.0000e+00                
# interval = seconds: 0.0416667
# start_time = Oct 03 2023 11:58:52 [NMEA time, first data scan]
# bad_flag = -9.990e-29
*END*
[from data line 2597]
     17.259   65.61822 -168.15348     17.432     3.8594     3.8560     3.8583    32.3791    32.3920  1025.7969    25.7154    272.084    259.176  322.17403     84.452     80.447     0.1832     0.7509     3.6386     1.0346 1.0000e-12       2598     1.8035  0.000e+00
     17.321   65.61822 -168.15348     17.494     3.8592     3.8554     3.8581    32.3783    32.3926  1025.7966    25.7148    271.893    259.186  322.17718     84.392     80.450     0.1844     0.7582     3.6386     1.0346 1.0000e-12       2599     1.8042  0.000e+00
     17.344   65.61822 -168.15348     17.517     3.8589     3.8547     3.8578    32.3787    32.3927  1025.7971    25.7152    272.308    259.201  322.17855     84.521     80.453     0.1832     0.7509     3.6398     1.0332 1.0000e-12       2600     1.8049  0.000e+00
     17.321   65.61822 -168.15348     17.494     3.8589     3.8543     3.8577    32.3787    32.3933  1025.7970    25.7152    271.947    259.218  322.17899     84.409     80.457     0.1844     0.7582     3.6386     1.0346 1.0000e-12       2601     1.8056  0.000e+00
     17.375   65.61822 -168.15348     17.549     3.8586     3.8542     3.8575    32.3788    32.3932  1025.7973    25.7153    271.954    259.219  322.18078     84.410     80.458     0.1832     0.7509     3.6386     1.0346 1.0000e-12       2602     1.8062  0.000e+00
     17.344   65.61822 -168.15348     17.517     3.8583     3.8539     3.8572    32.3790    32.3934  1025.7973    25.7155    271.968    259.221  322.18294     84.414     80.458     0.1832     0.7509     3.6386     1.0346 1.0000e-12       2603     1.8069  0.000e+00
     17.375   65.61822 -168.15348     17.549     3.8583     3.8539     3.8572    32.3787    32.3936  1025.7972    25.7152    271.990    259.229  322.18366     84.421     80.461     0.1832     0.7509     3.6398     1.0332 1.0000e-12       2604     1.8076  0.000e+00
     17.375   65.61822 -168.15348     17.548     3.8581     3.8535     3.8570    32.3790    32.3941  1025.7975    25.7155    271.985    259.053  322.18413     84.419     80.405     0.1832     0.7509     3.6386     1.0346 1.0000e-12       2605     1.8083  0.000e+00
     17.375   65.61822 -168.15348     17.548     3.8578     3.8537     3.8567    32.3789    32.3939  1025.7975    25.7155    271.989    259.048  322.18681     84.420     80.404     0.1832     0.7509     3.6398     1.0332 1.0000e-12       2606     1.8090  0.000e+00
     17.344   65.61822 -168.15348     17.517     3.8576     3.8536     3.8565    32.3792    32.3940  1025.7976    25.7157    271.996    259.048  322.18734     84.422     80.404     0.1783     0.7216     3.6386     1.0346 1.0000e-12       2607     1.8097  0.000e+00
     17.429   65.61822 -168.15348     17.603     3.8573     3.8533     3.8562    32.3791    32.3942  1025.7979    25.7157    272.051    259.059  322.19003     84.438     80.407     0.1709     0.6776     3.6398     1.0332 1.0000e-12       2608     1.8104  0.000e+00
     17.375   65.61822 -168.15348     17.548     3.8568     3.8531     3.8557    32.3793    32.3946  1025.7978    25.7158    271.865    259.237  322.19341     84.379     80.462     0.1673     0.6557     3.6398     1.0332 1.0000e-12       2609     1.8111  0.000e+00
     17.429   65.61822 -168.15348     17.603     3.8565     3.8527     3.8554    32.3788    32.3941  1025.7977    25.7155    271.868    259.067  322.19702     84.380     80.408     0.1673     0.6557     3.6398     1.0332 1.0000e-12       2610     1.8118  0.000e+00
     17.398   65.61822 -168.15348     17.572     3.8561     3.8519     3.8549    32.3793    32.3947  1025.7981    25.7159    271.877    259.068  322.19947     84.381     80.407     0.1673     0.6557     3.6386     1.0346 1.0000e-12       2611     1.8125  0.000e+00
     17.429   65.61822 -168.15348     17.603     3.8557     3.8518     3.8546    32.3793    32.3945  1025.7982    25.7159    271.895    259.261  322.20209     84.387     80.467     0.1685     0.6630     3.6398     1.0332 1.0000e-12       2612     1.8132  0.000e+00
     17.429   65.61822 -168.15348     17.603     3.8554     3.8516     3.8543    32.3799    32.3946  1025.7987    25.7164    271.885    259.099  322.20314     84.383     80.416     0.1673     0.6557     3.6386     1.0346 1.0000e-12       2613     1.8139  0.000e+00
     17.429   65.61822 -168.15348     17.603     3.8551     3.8513     3.8540    32.3799    32.3952  1025.7988    25.7165    271.884    259.299  322.20553     84.382     80.478     0.1685     0.6630     3.6386     1.0346 1.0000e-12       2614     1.8146  0.000e+00
     17.460   65.61822 -168.15348     17.634     3.8549     3.8511     3.8538    32.3801    32.3952  1025.7991    25.7166    271.888    259.147  322.20633     84.383     80.430     0.1685     0.6630     3.6386     1.0346 1.0000e-12       2615     1.8153  0.000e+00
     17.429   65.61822 -168.15348     17.603     3.8546     3.8512     3.8535    32.3803    32.3948  1025.7991    25.7168    271.688    259.164  322.20830     84.320     80.436     0.1685     0.6630     3.6386     1.0346 1.0000e-12       2616     1.8160  0.000e+00
     17.491   65.61822 -168.15348     17.665     3.8542     3.8508     3.8530    32.3809    32.3951  1025.7999    25.7174    271.677    259.190  322.21057     84.317     80.443     0.1685     0.6630     3.6398     1.0332 1.0000e-12       2617     1.8167  0.000e+00
     17.429   65.61822 -168.15348     17.603     3.8538     3.8508     3.8527    32.3807    32.3948  1025.7995    25.7172    271.671    259.215  322.21356     84.314     80.451     0.1673     0.6557     3.6386     1.0346 1.0000e-12       2618     1.8174  0.000e+00
     17.514   65.61822 -168.15348     17.689     3.8537     3.8506     3.8526    32.3805    32.3944  1025.7998    25.7171    271.677    259.229  322.21520     84.315     80.454     0.1685     0.6630     3.6386     1.0346 1.0000e-12       2619     1.8181  0.000e+00
     17.429   65.61822 -168.15348     17.603     3.8530     3.8505     3.8519    32.3806    32.3947  1025.7995    25.7172    271.654    259.238  322.21997     84.307     80.457     0.1673     0.6557     3.6386     1.0346 1.0000e-12       2620     1.8188  0.000e+00
     17.490   65.61822 -168.15348     17.665     3.8525     3.8505     3.8513    32.3811    32.3945  1025.8003    25.7177    271.641    259.257  322.22320     84.302     80.463     0.1685     0.6630     3.6386     1.0346 1.0000e-12       2621     1.8194  0.000e+00
     17.490   65.61822 -168.15348     17.665     3.8523     3.8504     3.8512    32.3816    32.3945  1025.8006    25.7181    271.631    259.277  322.22339     84.299     80.469     0.1673     0.6557     3.6398     1.0332 1.0000e-12       2622     1.8201  0.000e+00
     17.460   65.61822 -168.15348     17.634     3.8517     3.8507     3.8506    32.3821    32.3946  1025.8009    25.7185    271.418    259.296  322.22717     84.232     80.476     0.1673     0.6557     3.6386     1.0346 1.0000e-12       2623     1.8208  0.000e+00
     17.490   65.61822 -168.15348     17.665     3.8515     3.8508     3.8504    32.3819    32.3944  1025.8010    25.7184    271.603    259.324  322.22874     84.289     80.484     0.1685     0.6630     3.6386     1.0346 1.0000e-12       2624     1.8215  0.000e+00
     17.490   65.61822 -168.15348     17.665     3.8512     3.8504     3.8501    32.3822    32.3948  1025.8012    25.7187    271.405    259.356  322.23056     84.227     80.494     0.1673     0.6557     3.6386     1.0346 1.0000e-12       2625     1.8222  0.000e+00
     17.513   65.61822 -168.15348     17.688     3.8510     3.8507     3.8499    32.3821    32.3947  1025.8013    25.7186    271.393    259.388  322.23203     84.223     80.504     0.1685     0.6630     3.6386     1.0346 8.4714e-06       2626     1.8229  0.000e+00
     17.490   65.61822 -168.15348     17.665     3.8507     3.8505     3.8496    32.3819    32.3950  1025.8011    25.7185    271.390    259.236  322.23497     84.221     80.457     0.1673     0.6557     3.6386     1.0346 1.0000e-12       2627     1.8236  0.000e+00
     17.490   65.61822 -168.15348     17.665     3.8506     3.8505     3.8494    32.3817    32.3945  1025.8009    25.7184    271.360    259.235  322.23669     84.211     80.456     0.1685     0.6630     3.6386     1.0346 1.0000e-12       2628     1.8243  0.000e+00
     17.544   65.61822 -168.15348     17.720     3.8502     3.8502     3.8491    32.3820    32.3943  1025.8014    25.7186    271.339    259.264  322.23857     84.204     80.464     0.1673     0.6557     3.6386     1.0346 1.0000e-12       2629     1.8250  0.000e+00
     17.513   65.61822 -168.15348     17.688     3.8501     3.8499     3.8490    32.3821    32.3948  1025.8014    25.7188    271.355    259.459  322.23940     84.209     80.525     0.1685     0.6630     3.6386     1.0346 1.0000e-12       2630     1.8257  0.000e+00
     17.490   65.61822 -168.15348     17.665     3.8495     3.8496     3.8483    32.3829    32.3950  1025.8020    25.7194    271.137    259.490  322.24242     84.141     80.534     0.1673     0.6557     3.6386     1.0346 8.4714e-06       2631     1.8264  0.000e+00
     17.490   65.61822 -168.15348     17.665     3.8496     3.8493     3.8485    32.3823    32.3955  1025.8015    25.7189    271.103    259.524  322.24281     84.130     80.544     0.1685     0.6630     3.6386     1.0346 1.0000e-12       2632     1.8271  0.000e+00
     17.544   65.61822 -168.15348     17.719     3.8495     3.8492     3.8483    32.3824    32.3949  1025.8018    25.7190    271.080    259.374  322.24374     84.123     80.497     0.1770     0.7143     3.6386     1.0346 1.0000e-12       2633     1.8278  0.000e+00
     17.513   65.61822 -168.15348     17.688     3.8491     3.8490     3.8480    32.3826    32.3949  1025.8018    25.7192    271.063    259.392  322.24580     84.117     80.502     0.1819     0.7436     3.6252     1.0494 1.0000e-12       2634     1.8285  0.000e+00
     17.544   65.61822 -168.15348     17.719     3.8490     3.8485     3.8479    32.3828    32.3954  1025.8022    25.7194    271.055    259.417  322.24651     84.114     80.509     0.1832     0.7509     3.6142     1.0615 1.0000e-12       2635     1.8292  0.000e+00
     17.490   65.61822 -168.15348     17.665     3.8488     3.8483     3.8477    32.3829    32.3955  1025.8020    25.7195    271.053    259.608  322.24749     84.113     80.568     0.1819     0.7436     3.6129     1.0629 1.0000e-12       2636     1.8299  0.000e+00
     17.544   65.61822 -168.15348     17.719     3.8485     3.8481     3.8474    32.3831    32.3956  1025.8025    25.7197    271.064    259.448  322.24938     84.116     80.518     0.1832     0.7509     3.6142     1.0615 1.0000e-12       2637     1.8306  0.000e+00
     17.459   65.61822 -168.15348     17.634     3.8487     3.8480     3.8475    32.3830    32.3958  1025.8020    25.7196    271.075    259.452  322.24841     84.120     80.519     0.1819     0.7436     3.6142     1.0615 1.0000e-12       2638     1.8313  0.000e+00
     17.544   65.61822 -168.15348     17.719     3.8485     3.8479     3.8474    32.3829    32.3958  1025.8023    25.7195    271.102    259.466  322.25005     84.128     80.523     0.1819     0.7436     3.6142     1.0615 1.0000e-12       2639     1.8319  0.000e+00
     17.544   65.61822 -168.15348     17.719     3.8483     3.8478     3.8472    32.3832    32.3960  1025.8026    25.7197    271.134    259.668  322.25053     84.138     80.586     0.1819     0.7436     3.6142     1.0615 1.0000e-12       2640     1.8326  0.000e+00
     17.490   65.61822 -168.15348     17.665     3.8482     3.8479     3.8471    32.3832    32.3955  1025.8024    25.7198    271.139    259.512  322.25161     84.139     80.538     0.1819     0.7436     3.6142     1.0615 1.0000e-12       2641     1.8333  0.000e+00
     17.513   65.61822 -168.15348     17.688     3.8483     3.8479     3.8472    32.3832    32.3954  1025.8025    25.7198    271.117    259.530  322.25039     84.132     80.543     0.1832     0.7509     3.6142     1.0615 1.0000e-12       2642     1.8340  0.000e+00
     17.544   65.61822 -168.15348     17.719     3.8480     3.8477     3.8469    32.3835    32.3957  1025.8029    25.7201    270.960    259.529  322.25215     84.083     80.543     0.1819     0.7436     3.6142     1.0615 1.0000e-12       2643     1.8347  0.000e+00
     17.544   65.61822 -168.15348     17.719     3.8482     3.8478     3.8471    32.3832    32.3955  1025.8026    25.7198    270.954    259.550  322.25167     84.082     80.549     0.1832     0.7509     3.6142     1.0615 1.0000e-12       2644     1.8354  0.000e+00
     17.490   65.61822 -168.15348     17.665     3.8480     3.8477     3.8469    32.3842    32.3955  1025.8031    25.7206    270.954    259.740  322.25054     84.082     80.608     0.1819     0.7436     3.6142     1.0615 1.0000e-12       2645     1.8361  0.000e+00
     17.575   65.61822 -168.15348     17.750     3.8482     3.8477     3.8471    32.3836    32.3952  1025.8031    25.7201    270.968    259.767  322.25066     84.086     80.616     0.1832     0.7509     3.6142     1.0615 1.0000e-12       2646     1.8368  0.000e+00
     17.490   65.61822 -168.15348     17.665     3.8480     3.8473     3.8469    32.3834    32.3954  1025.8025    25.7199    270.986    259.791  322.25256     84.091     80.623     0.1819     0.7436     3.6142     1.0615 1.0000e-12       2647     1.8375  0.000e+00
     17.544   65.61822 -168.15348     17.719     3.8483     3.8474     3.8472    32.3836    32.3956  1025.8029    25.7201    270.556    259.628  322.24947     83.959     80.573     0.1819     0.7436     3.6142     1.0615 1.0000e-12       2648     1.8382  0.000e+00
     17.513   65.61822 -168.15348     17.688     3.8482     3.8474     3.8471    32.3834    32.3956  1025.8026    25.7199    270.984    259.823  322.25125     84.091     80.633     0.1819     0.7436     3.6142     1.0615 1.0000e-12       2649     1.8389  0.000e+00
     17.544   65.61822 -168.15348     17.719     3.8482     3.8474     3.8471    32.3836    32.3954  1025.8029    25.7201    270.997    259.853  322.25081     84.095     80.642     0.1819     0.7436     3.6142     1.0615 1.0000e-12       2650     1.8396  0.000e+00
     17.544   65.61822 -168.15348     17.719     3.8482     3.8476     3.8471    32.3836    32.3952  1025.8029    25.7201    271.016    259.691  322.25062     84.101     80.593     0.1832     0.7509     3.6142     1.0615 1.0000e-12       2651     1.8403  0.000e+00
     17.490   65.61822 -168.15348     17.665     3.8483     3.8476     3.8472    32.3834    32.3953  1025.8024    25.7199    271.040    259.699  322.25007     84.109     80.595     0.1819     0.7436     3.6142     1.0615 1.0000e-12       2652     1.8410  0.000e+00
     17.513   65.61822 -168.15348     17.688     3.8483     3.8477     3.8472    32.3833    32.3954  1025.8025    25.7199    271.073    259.710  322.25020     84.119     80.599     0.1832     0.7509     3.6142     1.0615 1.0000e-12       2653     1.8417  0.000e+00
     17.544   65.61822 -168.15348     17.719     3.8485     3.8478     3.8474    32.3835    32.3952  1025.8028    25.7200    271.112    259.703  322.24842     84.132     80.596     0.1819     0.7436     3.6081     1.0683 1.0000e-12       2654     1.8424  0.000e+00
     17.544   65.61822 -168.15348     17.719     3.8487     3.8477     3.8475    32.3841    32.3954  1025.8033    25.7205    271.156    259.695  322.24573     84.146     80.594     0.1832     0.7509     3.6007     1.0764 1.0000e-12       2655     1.8431  0.000e+00
     17.544   65.61822 -168.15348     17.719     3.8490     3.8480     3.8479    32.3837    32.3949  1025.8029    25.7201    271.208    259.686  322.24439     84.162     80.592     0.1819     0.7436     3.5995     1.0778 1.0000e-12       2656     1.8438  0.000e+00
