EcoFOCI/data/1_SampleCollection/2023_SikuliaqDBO_CruiseData/CTD_raw_BottleFile_SKQ23-12S/proc/skq202312s_056svp.cnv
* Sea-Bird SBE 9 Data File:
* FileName = D:\CTD\SKQ202312S\SKQ202312S_056.hex
* Software Version Seasave V 7.26.7.121
* Temperature SN = 6177
* Conductivity SN = 0369
* Number of Bytes Per Scan = 41
* Number of Voltage Words = 4
* Number of Scans Averaged by the Deck Unit = 1
* NMEA Latitude = 71 11.69 N
* NMEA Longitude = 164 11.92 W
* NMEA UTC (Time) = Sep 27 2023  06:41:16
* NMEA baud rate = 4800
** Ship: R/V Sikuliaq
** Station Number: 056
** Station Name: IC6
** Bottom Depth: 44
** Operator: SD
# nquan = 7
# nvalues = 3968                                  
# units = specified
# name 0 = depSM: Depth [salt water, m]
# name 1 = latitude: Latitude [deg]
# name 2 = longitude: Longitude [deg]
# name 3 = t090C: Temperature [ITS-90, deg C]
# name 4 = sal00: Salinity, Practical [PSU]
# name 5 = svCM: Sound Velocity [Chen-Millero, m/s]
# name 6 = flag:  0.000e+00
# span 0 =      2.089,     38.866                 
# span 1 =   71.19488,   71.19490                 
# span 2 = -164.19864, -164.19862                 
# span 3 =    -0.8832,     4.6042                 
# span 4 =    30.9011,    32.4079                 
# span 5 =    1442.06,    1464.71                 
# span 6 = 0.0000e+00, 0.0000e+00                 
# interval = seconds: 0.0416667
# start_time = Sep 27 2023 06:45:52 [NMEA time, first data scan]
# bad_flag = -9.990e-29
*END*
[from data line 1642]
     11.225   71.19488 -164.19864     4.4919    31.1228    1463.88  0.000e+00
     11.287   71.19488 -164.19864     4.4817    31.1254    1463.84  0.000e+00
     11.225   71.19488 -164.19864     4.4726    31.1345    1463.81  0.000e+00
     11.318   71.19488 -164.19864     4.4673    31.1468    1463.81  0.000e+00
     11.225   71.19488 -164.19864     4.4692    31.1559    1463.83  0.000e+00
     11.287   71.19488 -164.19864     4.4745    31.1596    1463.85  0.000e+00
     11.287   71.19488 -164.19864     4.4803    31.1601    1463.88  0.000e+00
     11.287   71.19488 -164.19864     4.4868    31.1577    1463.90  0.000e+00
     11.287   71.19488 -164.19864     4.4919    31.1558    1463.92  0.000e+00
     11.341   71.19488 -164.19864     4.4958    31.1532    1463.94  0.000e+00
     11.318   71.19488 -164.19864     4.4979    31.1512    1463.94  0.000e+00
     11.287   71.19488 -164.19864     4.4992    31.1493    1463.94  0.000e+00
     11.341   71.19488 -164.19864     4.4998    31.1480    1463.94  0.000e+00
     11.341   71.19488 -164.19864     4.4998    31.1467    1463.94  0.000e+00
     11.341   71.19488 -164.19864     4.4990    31.1466    1463.94  0.000e+00
     11.341   71.19488 -164.19864     4.4978    31.1471    1463.94  0.000e+00
     11.341   71.19488 -164.19864     4.4970    31.1474    1463.93  0.000e+00
     11.403   71.19488 -164.19864     4.4975    31.1466    1463.93  0.000e+00
     11.318   71.19488 -164.19864     4.4970    31.1472    1463.93  0.000e+00
     11.403   71.19488 -164.19864     4.4965    31.1483    1463.93  0.000e+00
     11.403   71.19488 -164.19864     4.4967    31.1492    1463.93  0.000e+00
     11.403   71.19488 -164.19864     4.4964    31.1455    1463.93  0.000e+00
     11.403   71.19488 -164.19864     4.4906    31.1254    1463.88  0.000e+00
     11.403   71.19488 -164.19864     4.4751    31.1010    1463.78  0.000e+00
     11.403   71.19488 -164.19864     4.4578    31.0838    1463.69  0.000e+00
     11.341   71.19488 -164.19864     4.4360    31.0806    1463.59  0.000e+00
     11.542   71.19488 -164.19864     4.4105    31.0900    1463.50  0.000e+00
     11.403   71.19488 -164.19864     4.3899    31.1041    1463.43  0.000e+00
     11.457   71.19488 -164.19864     4.3738    31.1109    1463.37  0.000e+00
     11.457   71.19488 -164.19864     4.3584    31.1145    1463.31  0.000e+00
     11.518   71.19488 -164.19864     4.3452    31.1172    1463.26  0.000e+00
     11.457   71.19488 -164.19864     4.3367    31.1223    1463.23  0.000e+00
     11.457   71.19488 -164.19864     4.3320    31.1301    1463.22  0.000e+00
     11.488   71.19488 -164.19864     4.3308    31.1344    1463.23  0.000e+00
     11.518   71.19488 -164.19864     4.3284    31.1338    1463.22  0.000e+00
     11.518   71.19488 -164.19864     4.3254    31.1336    1463.20  0.000e+00
     11.518   71.19488 -164.19864     4.3232    31.1364    1463.20  0.000e+00
     11.518   71.19488 -164.19864     4.3216    31.1379    1463.19  0.000e+00
     11.518   71.19488 -164.19864     4.3194    31.1328    1463.18  0.000e+00
     11.572   71.19488 -164.19864     4.3129    31.1264    1463.14  0.000e+00
     11.542   71.19488 -164.19864     4.3060    31.1238    1463.11  0.000e+00
     11.572   71.19488 -164.19864     4.3001    31.1341    1463.10  0.000e+00
     11.518   71.19488 -164.19864     4.2995    31.1465    1463.11  0.000e+00
     11.572   71.19488 -164.19864     4.3021    31.1461    1463.12  0.000e+00
     11.626   71.19488 -164.19864     4.3027    31.1392    1463.12  0.000e+00
     11.572   71.19488 -164.19864     4.3016    31.1339    1463.10  0.000e+00
     11.626   71.19488 -164.19864     4.2986    31.1286    1463.09  0.000e+00
     11.572   71.19488 -164.19864     4.2913    31.1240    1463.05  0.000e+00
     11.657   71.19488 -164.19864     4.2821    31.1208    1463.01  0.000e+00
     11.572   71.19488 -164.19864     4.2738    31.1222    1462.97  0.000e+00
     11.626   71.19488 -164.19864     4.2686    31.1240    1462.95  0.000e+00
     11.688   71.19488 -164.19864     4.2647    31.1269    1462.94  0.000e+00
     11.626   71.19488 -164.19864     4.2620    31.1276    1462.93  0.000e+00
     11.626   71.19488 -164.19864     4.2590    31.1281    1462.92  0.000e+00
     11.688   71.19488 -164.19864     4.2560    31.1293    1462.91  0.000e+00
     11.657   71.19488 -164.19864     4.2541    31.1297    1462.90  0.000e+00
     11.688   71.19488 -164.19864     4.2519    31.1291    1462.89  0.000e+00
     11.742   71.19488 -164.19864     4.2492    31.1281    1462.88  0.000e+00
     11.688   71.19488 -164.19864     4.2454    31.1283    1462.86  0.000e+00
     11.688   71.19488 -164.19864     4.2417    31.1308    1462.85  0.000e+00
     11.688   71.19488 -164.19864     4.2396    31.1334    1462.85  0.000e+00
     11.742   71.19488 -164.19864     4.2378    31.1328    1462.84  0.000e+00
     11.719   71.19488 -164.19864     4.2347    31.1296    1462.82  0.000e+00
     11.742   71.19488 -164.19864     4.2319    31.1270    1462.81  0.000e+00
     11.742   71.19488 -164.19864     4.2276    31.1253    1462.79  0.000e+00
     11.742   71.19488 -164.19864     4.2230    31.1241    1462.77  0.000e+00
     11.742   71.19488 -164.19864     4.2181    31.1253    1462.75  0.000e+00
     11.804   71.19488 -164.19864     4.2152    31.1267    1462.74  0.000e+00
     11.804   71.19488 -164.19864     4.2132    31.1265    1462.73  0.000e+00
     11.773   71.19488 -164.19864     4.2105    31.1261    1462.72  0.000e+00
     11.804   71.19488 -164.19864     4.2075    31.1266    1462.71  0.000e+00
     11.804   71.19488 -164.19864     4.2054    31.1265    1462.70  0.000e+00
     11.804   71.19488 -164.19864     4.2035    31.1258    1462.69  0.000e+00
     11.804   71.19488 -164.19864     4.2019    31.1241    1462.68  0.000e+00
     11.804   71.19488 -164.19864     4.1995    31.1232    1462.67  0.000e+00
     11.858   71.19488 -164.19864     4.1970    31.1236    1462.66  0.000e+00
     11.827   71.19488 -164.19864     4.1950    31.1230    1462.65  0.000e+00
     11.804   71.19488 -164.19864     4.1924    31.1240    1462.64  0.000e+00
     11.858   71.19488 -164.19864     4.1899    31.1255    1462.63  0.000e+00
     11.858   71.19488 -164.19864     4.1878    31.1266    1462.62  0.000e+00
     11.858   71.19488 -164.19864     4.1862    31.1277    1462.62  0.000e+00
     11.919   71.19488 -164.19864     4.1856    31.1290    1462.62  0.000e+00
     11.858   71.19488 -164.19864     4.1855    31.1295    1462.62  0.000e+00
     11.888   71.19488 -164.19864     4.1856    31.1291    1462.62  0.000e+00
     11.858   71.19488 -164.19864     4.1853    31.1294    1462.62  0.000e+00
     11.919   71.19488 -164.19864     4.1851    31.1295    1462.62  0.000e+00
     11.919   71.19488 -164.19864     4.1847    31.1299    1462.62  0.000e+00
     11.858   71.19488 -164.19864     4.1845    31.1300    1462.61  0.000e+00
     11.973   71.19488 -164.19864     4.1844    31.1302    1462.62  0.000e+00
     11.858   71.19488 -164.19864     4.1848    31.1306    1462.62  0.000e+00
     11.942   71.19488 -164.19864     4.1851    31.1316    1462.62  0.000e+00
     11.919   71.19488 -164.19864     4.1859    31.1320    1462.62  0.000e+00
     11.973   71.19488 -164.19864     4.1867    31.1317    1462.63  0.000e+00
     11.919   71.19488 -164.19864     4.1870    31.1323    1462.63  0.000e+00
     11.973   71.19488 -164.19864     4.1875    31.1321    1462.63  0.000e+00
     11.973   71.19488 -164.19864     4.1877    31.1319    1462.63  0.000e+00
     11.973   71.19488 -164.19864     4.1878    31.1318    1462.63  0.000e+00
     11.942   71.19488 -164.19864     4.1880    31.1321    1462.63  0.000e+00
     11.973   71.19488 -164.19864     4.1883    31.1320    1462.63  0.000e+00
     11.973   71.19488 -164.19864     4.1885    31.1322    1462.64  0.000e+00
     11.973   71.19488 -164.19864     4.1886    31.1326    1462.64  0.000e+00
     11.973   71.19488 -164.19864     4.1891    31.1321    1462.64  0.000e+00
     12.027   71.19488 -164.19864     4.1894    31.1319    1462.64  0.000e+00
     11.973   71.19488 -164.19864     4.1897    31.1321    1462.64  0.000e+00
     12.004   71.19488 -164.19864     4.1899    31.1318    1462.64  0.000e+00
     12.027   71.19488 -164.19864     4.1900    31.1318    1462.64  0.000e+00
     12.027   71.19488 -164.19864     4.1900    31.1317    1462.64  0.000e+00
     11.973   71.19488 -164.19864     4.1900    31.1316    1462.64  0.000e+00
     12.027   71.19488 -164.19864     4.1900    31.1318    1462.64  0.000e+00
     12.027   71.19488 -164.19864     4.1902    31.1321    1462.64  0.000e+00
     12.027   71.19488 -164.19864     4.1905    31.1324    1462.65  0.000e+00
     12.058   71.19488 -164.19864     4.1907    31.1328    1462.65  0.000e+00
     12.027   71.19488 -164.19864     4.1913    31.1326    1462.65  0.000e+00
     12.027   71.19488 -164.19864     4.1913    31.1326    1462.65  0.000e+00
     12.027   71.19488 -164.19864     4.1918    31.1326    1462.65  0.000e+00
     12.027   71.19488 -164.19864     4.1919    31.1324    1462.65  0.000e+00
     12.089   71.19488 -164.19864     4.1921    31.1323    1462.65  0.000e+00
     12.027   71.19488 -164.19864     4.1918    31.1325    1462.65  0.000e+00
     12.120   71.19488 -164.19864     4.1919    31.1329    1462.65  0.000e+00
     12.089   71.19488 -164.19864     4.1918    31.1337    1462.65  0.000e+00
     12.089   71.19488 -164.19864     4.1916    31.1342    1462.65  0.000e+00
     12.089   71.19488 -164.19864     4.1918    31.1336    1462.65  0.000e+00
     12.089   71.19488 -164.19864     4.1919    31.1340    1462.65  0.000e+00
     12.089   71.19488 -164.19864     4.1919    31.1350    1462.66  0.000e+00
     12.027   71.19488 -164.19864     4.1922    31.1352    1462.66  0.000e+00
     12.174   71.19488 -164.19864     4.1930    31.1345    1462.66  0.000e+00
     12.089   71.19488 -164.19864     4.1933    31.1346    1462.66  0.000e+00
     12.089   71.19488 -164.19864     4.1935    31.1336    1462.66  0.000e+00
     12.143   71.19488 -164.19864     4.1938    31.1323    1462.66  0.000e+00
     12.089   71.19488 -164.19864     4.1933    31.1315    1462.66  0.000e+00
     12.143   71.19488 -164.19864     4.1929    31.1312    1462.66  0.000e+00
     12.174   71.19488 -164.19864     4.1927    31.1320    1462.66  0.000e+00
     12.204   71.19488 -164.19864     4.1930    31.1328    1462.66  0.000e+00
     12.143   71.19488 -164.19864     4.1942    31.1347    1462.67  0.000e+00
     12.204   71.19488 -164.19864     4.1961    31.1375    1462.68  0.000e+00
     12.204   71.19488 -164.19864     4.1991    31.1389    1462.69  0.000e+00
     12.204   71.19488 -164.19864     4.2016    31.1396    1462.70  0.000e+00
     12.204   71.19488 -164.19864     4.2035    31.1407    1462.71  0.000e+00
     12.227   71.19488 -164.19864     4.2054    31.1411    1462.72  0.000e+00
     12.204   71.19488 -164.19864     4.2081    31.1401    1462.73  0.000e+00
     12.258   71.19488 -164.19864     4.2103    31.1404    1462.74  0.000e+00
     12.204   71.19488 -164.19864     4.2127    31.1407    1462.75  0.000e+00
     12.258   71.19488 -164.19864     4.2151    31.1413    1462.76  0.000e+00
     12.258   71.19488 -164.19864     4.2175    31.1424    1462.78  0.000e+00
     12.258   71.19488 -164.19864     4.2202    31.1430    1462.79  0.000e+00
     12.289   71.19488 -164.19864     4.2230    31.1430    1462.80  0.000e+00
     12.258   71.19488 -164.19864     4.2259    31.1432    1462.81  0.000e+00
     12.320   71.19488 -164.19864     4.2287    31.1426    1462.82  0.000e+00
     12.320   71.19488 -164.19864     4.2308    31.1419    1462.83  0.000e+00
     12.374   71.19488 -164.19864     4.2320    31.1412    1462.84  0.000e+00
     12.320   71.19488 -164.19864     4.2328    31.1401    1462.84  0.000e+00
     12.343   71.19488 -164.19864     4.2328    31.1385    1462.84  0.000e+00
     12.374   71.19488 -164.19864     4.2322    31.1370    1462.83  0.000e+00
     12.374   71.19488 -164.19864     4.2309    31.1364    1462.83  0.000e+00
     12.374   71.19488 -164.19864     4.2298    31.1360    1462.82  0.000e+00
     12.428   71.19488 -164.19864     4.2284    31.1362    1462.82  0.000e+00
     12.428   71.19488 -164.19864     4.2275    31.1363    1462.81  0.000e+00
     12.428   71.19488 -164.19864     4.2263    31.1369    1462.81  0.000e+00
     12.405   71.19488 -164.19864     4.2252    31.1372    1462.80  0.000e+00
     12.489   71.19488 -164.19864     4.2242    31.1367    1462.80  0.000e+00
     12.489   71.19488 -164.19864     4.2228    31.1361    1462.79  0.000e+00
     12.489   71.19488 -164.19864     4.2214    31.1372    1462.79  0.000e+00
     12.489   71.19488 -164.19864     4.2205    31.1375    1462.78  0.000e+00
     12.543   71.19488 -164.19864     4.2199    31.1381    1462.78  0.000e+00
     12.513   71.19488 -164.19864     4.2193    31.1389    1462.78  0.000e+00
     12.543   71.19488 -164.19864     4.2193    31.1404    1462.78  0.000e+00
     12.543   71.19488 -164.19864     4.2202    31.1419    1462.79  0.000e+00
     12.605   71.19488 -164.19864     4.2215    31.1431    1462.80  0.000e+00
     12.543   71.19488 -164.19864     4.2230    31.1436    1462.80  0.000e+00
     12.659   71.19488 -164.19864     4.2244    31.1444    1462.81  0.000e+00
     12.628   71.19488 -164.19864     4.2259    31.1440    1462.82  0.000e+00
     12.605   71.19488 -164.19864     4.2273    31.1437    1462.82  0.000e+00
     12.721   71.19488 -164.19864     4.2283    31.1453    1462.83  0.000e+00
     12.659   71.19488 -164.19864     4.2300    31.1461    1462.84  0.000e+00
     12.659   71.19488 -164.19864     4.2317    31.1468    1462.85  0.000e+00
     12.721   71.19488 -164.19864     4.2339    31.1459    1462.86  0.000e+00
     12.775   71.19488 -164.19864     4.2353    31.1452    1462.86  0.000e+00
     12.690   71.19488 -164.19864     4.2363    31.1448    1462.86  0.000e+00
     12.775   71.19488 -164.19864     4.2370    31.1448    1462.87  0.000e+00
     12.775   71.19488 -164.19864     4.2374    31.1439    1462.87  0.000e+00
     12.775   71.19488 -164.19864     4.2373    31.1431    1462.87  0.000e+00
     12.775   71.19488 -164.19864     4.2367    31.1423    1462.86  0.000e+00
     12.829   71.19488 -164.19864     4.2360    31.1417    1462.86  0.000e+00
     12.859   71.19488 -164.19864     4.2349    31.1414    1462.86  0.000e+00
     12.829   71.19488 -164.19864     4.2336    31.1412    1462.85  0.000e+00
     12.890   71.19488 -164.19864     4.2320    31.1391    1462.84  0.000e+00
     12.890   71.19488 -164.19864     4.2292    31.1381    1462.83  0.000e+00
     12.944   71.19488 -164.19864     4.2258    31.1362    1462.81  0.000e+00
     12.890   71.19488 -164.19864     4.2208    31.1346    1462.79  0.000e+00
     12.975   71.19488 -164.19864     4.2155    31.1330    1462.77  0.000e+00
     12.944   71.19488 -164.19864     4.2105    31.1304    1462.74  0.000e+00
     13.006   71.19488 -164.19864     4.2043    31.1271    1462.71  0.000e+00
     12.944   71.19488 -164.19864     4.1965    31.1253    1462.68  0.000e+00
     13.060   71.19488 -164.19864     4.1877    31.1248    1462.64  0.000e+00
     13.006   71.19488 -164.19864     4.1780    31.1253    1462.60  0.000e+00
     13.029   71.19488 -164.19864     4.1697    31.1247    1462.56  0.000e+00
     13.114   71.19488 -164.19864     4.1611    31.1255    1462.53  0.000e+00
     13.060   71.19488 -164.19864     4.1535    31.1272    1462.50  0.000e+00
     13.060   71.19488 -164.19864     4.1473    31.1286    1462.48  0.000e+00
     13.175   71.19488 -164.19864     4.1422    31.1299    1462.46  0.000e+00
     13.114   71.19488 -164.19864     4.1373    31.1329    1462.44  0.000e+00
     13.145   71.19488 -164.19864     4.1338    31.1372    1462.43  0.000e+00
     13.114   71.19488 -164.19864     4.1338    31.1507    1462.45  0.000e+00
     13.175   71.19488 -164.19864     4.1416    31.1671    1462.50  0.000e+00
