EcoFOCI/data/1_SampleCollection/2023_SikuliaqDBO_CruiseData/CTD_raw_BottleFile_SKQ23-12S/proc/skq202312s_020svp.cnv
* Sea-Bird SBE 9 Data File:
* FileName = D:\CTD\SKQ202312S\SKQ202312S_020.hex
* Software Version Seasave V 7.26.7.121
* Temperature SN = 6177
* Conductivity SN = 0369
* Number of Bytes Per Scan = 41
* Number of Voltage Words = 4
* Number of Scans Averaged by the Deck Unit = 1
* NMEA Latitude = 65 00.05 N
* NMEA Longitude = 168 39.16 W
* NMEA UTC (Time) = Sep 18 2023  01:15:09
* NMEA baud rate = 4800
** Ship: R/V Sikuliaq
** Station Number: 020
** Station Name: DBO2.6
** Bottom Depth: 47
** Operator: SS
# nquan = 7
# nvalues = 4927                                  
# units = specified
# name 0 = depSM: Depth [salt water, m]
# name 1 = latitude: Latitude [deg]
# name 2 = longitude: Longitude [deg]
# name 3 = t090C: Temperature [ITS-90, deg C]
# name 4 = sal00: Salinity, Practical [PSU]
# name 5 = svCM: Sound Velocity [Chen-Millero, m/s]
# name 6 = flag:  0.000e+00
# span 0 =      1.495,     42.138                 
# span 1 =   65.00090,   65.00110                 
# span 2 = -168.65348, -168.65326                 
# span 3 =     2.9520,     4.5454                 
# span 4 =    32.0457,    32.6975                 
# span 5 =    1459.29,    1465.24                 
# span 6 = 0.0000e+00, 0.0000e+00                 
# interval = seconds: 0.0416667
# start_time = Sep 18 2023 01:19:33 [NMEA time, first data scan]
# bad_flag = -9.990e-29
*END*
[from data line 2257]
     19.018   65.00098 -168.65344     3.1065    32.3027    1459.68  0.000e+00
     19.003   65.00098 -168.65344     3.1073    32.3025    1459.68  0.000e+00
     19.057   65.00098 -168.65344     3.1083    32.3025    1459.68  0.000e+00
     19.080   65.00098 -168.65344     3.1084    32.3030    1459.68  0.000e+00
     19.057   65.00098 -168.65344     3.1091    32.3027    1459.69  0.000e+00
     19.111   65.00098 -168.65344     3.1095    32.3025    1459.69  0.000e+00
     19.080   65.00098 -168.65344     3.1099    32.3029    1459.69  0.000e+00
     19.111   65.00098 -168.65344     3.1103    32.3031    1459.69  0.000e+00
     19.173   65.00098 -168.65344     3.1105    32.3032    1459.70  0.000e+00
     19.134   65.00098 -168.65344     3.1111    32.3034    1459.70  0.000e+00
     19.173   65.00098 -168.65344     3.1116    32.3030    1459.70  0.000e+00
     19.173   65.00098 -168.65344     3.1119    32.3032    1459.70  0.000e+00
     19.196   65.00098 -168.65344     3.1124    32.3028    1459.70  0.000e+00
     19.227   65.00098 -168.65344     3.1127    32.3029    1459.71  0.000e+00
     19.227   65.00098 -168.65344     3.1130    32.3034    1459.71  0.000e+00
     19.250   65.00098 -168.65344     3.1131    32.3032    1459.71  0.000e+00
     19.288   65.00098 -168.65344     3.1137    32.3033    1459.71  0.000e+00
     19.288   65.00098 -168.65344     3.1136    32.3035    1459.71  0.000e+00
     19.250   65.00098 -168.65344     3.1144    32.3040    1459.71  0.000e+00
     19.342   65.00098 -168.65344     3.1152    32.3051    1459.72  0.000e+00
     19.311   65.00098 -168.65344     3.1161    32.3049    1459.72  0.000e+00
     19.342   65.00098 -168.65344     3.1166    32.3052    1459.73  0.000e+00
     19.404   65.00098 -168.65344     3.1174    32.3049    1459.73  0.000e+00
     19.365   65.00098 -168.65344     3.1181    32.3050    1459.73  0.000e+00
     19.342   65.00098 -168.65344     3.1188    32.3050    1459.74  0.000e+00
     19.404   65.00098 -168.65344     3.1190    32.3051    1459.74  0.000e+00
     19.419   65.00098 -168.65344     3.1194    32.3054    1459.74  0.000e+00
     19.458   65.00098 -168.65344     3.1199    32.3055    1459.74  0.000e+00
     19.458   65.00098 -168.65344     3.1210    32.3058    1459.75  0.000e+00
     19.481   65.00098 -168.65344     3.1224    32.3059    1459.76  0.000e+00
     19.512   65.00098 -168.65344     3.1236    32.3069    1459.76  0.000e+00
     19.512   65.00098 -168.65344     3.1251    32.3072    1459.77  0.000e+00
     19.535   65.00098 -168.65344     3.1266    32.3076    1459.78  0.000e+00
     19.573   65.00098 -168.65344     3.1279    32.3078    1459.78  0.000e+00
     19.573   65.00098 -168.65344     3.1295    32.3080    1459.79  0.000e+00
     19.597   65.00098 -168.65344     3.1311    32.3082    1459.80  0.000e+00
     19.627   65.00098 -168.65344     3.1325    32.3085    1459.80  0.000e+00
     19.627   65.00098 -168.65344     3.1342    32.3091    1459.81  0.000e+00
     19.651   65.00098 -168.65344     3.1361    32.3099    1459.82  0.000e+00
     19.627   65.00098 -168.65344     3.1378    32.3103    1459.83  0.000e+00
     19.689   65.00098 -168.65344     3.1393    32.3107    1459.84  0.000e+00
     19.704   65.00098 -168.65344     3.1408    32.3108    1459.84  0.000e+00
     19.743   65.00098 -168.65344     3.1422    32.3108    1459.85  0.000e+00
     19.743   65.00098 -168.65344     3.1435    32.3108    1459.86  0.000e+00
     19.766   65.00098 -168.65344     3.1444    32.3107    1459.86  0.000e+00
     19.805   65.00098 -168.65344     3.1453    32.3105    1459.86  0.000e+00
     19.805   65.00098 -168.65344     3.1460    32.3107    1459.87  0.000e+00
     19.882   65.00098 -168.65344     3.1466    32.3108    1459.87  0.000e+00
     19.859   65.00098 -168.65344     3.1468    32.3111    1459.87  0.000e+00
     19.882   65.00098 -168.65344     3.1473    32.3112    1459.88  0.000e+00
     19.859   65.00098 -168.65344     3.1476    32.3116    1459.88  0.000e+00
     19.913   65.00098 -168.65344     3.1478    32.3116    1459.88  0.000e+00
     19.998   65.00098 -168.65344     3.1485    32.3121    1459.88  0.000e+00
     19.913   65.00098 -168.65344     3.1493    32.3128    1459.89  0.000e+00
     20.028   65.00098 -168.65344     3.1502    32.3136    1459.89  0.000e+00
     19.997   65.00098 -168.65344     3.1512    32.3140    1459.90  0.000e+00
     20.028   65.00098 -168.65344     3.1521    32.3138    1459.90  0.000e+00
     20.090   65.00098 -168.65344     3.1526    32.3142    1459.91  0.000e+00
     20.105   65.00098 -168.65344     3.1533    32.3144    1459.91  0.000e+00
     20.090   65.00098 -168.65344     3.1535    32.3149    1459.91  0.000e+00
     20.144   65.00098 -168.65344     3.1541    32.3148    1459.91  0.000e+00
     20.167   65.00098 -168.65344     3.1541    32.3149    1459.91  0.000e+00
     20.144   65.00098 -168.65344     3.1540    32.3155    1459.91  0.000e+00
     20.221   65.00098 -168.65344     3.1543    32.3153    1459.92  0.000e+00
     20.260   65.00098 -168.65344     3.1546    32.3160    1459.92  0.000e+00
     20.260   65.00098 -168.65344     3.1551    32.3161    1459.92  0.000e+00
     20.337   65.00098 -168.65344     3.1556    32.3165    1459.93  0.000e+00
     20.314   65.00098 -168.65344     3.1560    32.3164    1459.93  0.000e+00
     20.314   65.00098 -168.65344     3.1557    32.3162    1459.93  0.000e+00
     20.337   65.00098 -168.65344     3.1551    32.3163    1459.92  0.000e+00
     20.429   65.00098 -168.65344     3.1548    32.3162    1459.92  0.000e+00
     20.375   65.00098 -168.65344     3.1556    32.3160    1459.93  0.000e+00
     20.506   65.00098 -168.65344     3.1556    32.3166    1459.93  0.000e+00
     20.491   65.00098 -168.65344     3.1563    32.3168    1459.93  0.000e+00
     20.452   65.00098 -168.65344     3.1588    32.3172    1459.94  0.000e+00
     20.545   65.00098 -168.65344     3.1614    32.3182    1459.96  0.000e+00
     20.545   65.00098 -168.65344     3.1638    32.3189    1459.97  0.000e+00
     20.568   65.00098 -168.65344     3.1650    32.3192    1459.97  0.000e+00
     20.599   65.00098 -168.65344     3.1663    32.3190    1459.98  0.000e+00
     20.661   65.00098 -168.65344     3.1667    32.3197    1459.98  0.000e+00
     20.622   65.00098 -168.65344     3.1677    32.3195    1459.99  0.000e+00
     20.715   65.00098 -168.65344     3.1683    32.3198    1459.99  0.000e+00
     20.715   65.00098 -168.65344     3.1696    32.3201    1460.00  0.000e+00
     20.738   65.00098 -168.65344     3.1703    32.3202    1460.00  0.000e+00
     20.776   65.00098 -168.65344     3.1712    32.3207    1460.00  0.000e+00
     20.738   65.00098 -168.65344     3.1719    32.3210    1460.01  0.000e+00
     20.830   65.00098 -168.65344     3.1724    32.3205    1460.01  0.000e+00
     20.830   65.00098 -168.65344     3.1729    32.3206    1460.01  0.000e+00
     20.853   65.00098 -168.65344     3.1729    32.3211    1460.01  0.000e+00
     20.892   65.00098 -168.65344     3.1732    32.3214    1460.02  0.000e+00
     20.946   65.00098 -168.65344     3.1738    32.3210    1460.02  0.000e+00
     20.907   65.00098 -168.65344     3.1743    32.3212    1460.02  0.000e+00
     21.000   65.00098 -168.65344     3.1746    32.3219    1460.02  0.000e+00
     20.969   65.00098 -168.65344     3.1754    32.3216    1460.03  0.000e+00
     21.062   65.00098 -168.65344     3.1757    32.3221    1460.03  0.000e+00
     21.000   65.00098 -168.65344     3.1762    32.3224    1460.03  0.000e+00
     21.085   65.00098 -168.65344     3.1765    32.3227    1460.03  0.000e+00
     21.115   65.00098 -168.65344     3.1773    32.3224    1460.04  0.000e+00
     21.115   65.00098 -168.65344     3.1779    32.3230    1460.04  0.000e+00
     21.139   65.00098 -168.65344     3.1790    32.3231    1460.05  0.000e+00
     21.115   65.00098 -168.65344     3.1796    32.3236    1460.05  0.000e+00
     21.193   65.00098 -168.65344     3.1809    32.3232    1460.06  0.000e+00
     21.231   65.00098 -168.65344     3.1817    32.3239    1460.06  0.000e+00
     21.231   65.00098 -168.65344     3.1824    32.3235    1460.06  0.000e+00
     21.254   65.00098 -168.65344     3.1829    32.3237    1460.07  0.000e+00
     21.347   65.00098 -168.65344     3.1834    32.3244    1460.07  0.000e+00
     21.231   65.00098 -168.65344     3.1839    32.3240    1460.07  0.000e+00
     21.370   65.00098 -168.65344     3.1842    32.3241    1460.07  0.000e+00
     21.347   65.00098 -168.65344     3.1842    32.3249    1460.08  0.000e+00
     21.424   65.00098 -168.65344     3.1840    32.3246    1460.08  0.000e+00
     21.347   65.00098 -168.65344     3.1844    32.3241    1460.08  0.000e+00
     21.462   65.00098 -168.65344     3.1842    32.3247    1460.08  0.000e+00
     21.424   65.00098 -168.65344     3.1844    32.3249    1460.08  0.000e+00
     21.462   65.00098 -168.65344     3.1844    32.3249    1460.08  0.000e+00
     21.485   65.00098 -168.65344     3.1845    32.3252    1460.08  0.000e+00
     21.516   65.00098 -168.65344     3.1848    32.3256    1460.08  0.000e+00
     21.516   65.00098 -168.65344     3.1852    32.3257    1460.08  0.000e+00
     21.593   65.00098 -168.65344     3.1854    32.3259    1460.09  0.000e+00
     21.578   65.00098 -168.65344     3.1856    32.3257    1460.09  0.000e+00
     21.593   65.00098 -168.65344     3.1856    32.3258    1460.09  0.000e+00
     21.578   65.00098 -168.65344     3.1857    32.3260    1460.09  0.000e+00
     21.632   65.00098 -168.65344     3.1856    32.3259    1460.09  0.000e+00
     21.655   65.00098 -168.65344     3.1857    32.3257    1460.09  0.000e+00
     21.694   65.00098 -168.65344     3.1857    32.3263    1460.09  0.000e+00
     21.694   65.00098 -168.65344     3.1857    32.3261    1460.09  0.000e+00
     21.709   65.00098 -168.65344     3.1859    32.3262    1460.09  0.000e+00
     21.748   65.00098 -168.65344     3.1859    32.3265    1460.09  0.000e+00
     21.771   65.00098 -168.65344     3.1861    32.3267    1460.09  0.000e+00
     21.748   65.00098 -168.65344     3.1865    32.3267    1460.09  0.000e+00
     21.802   65.00098 -168.65344     3.1872    32.3272    1460.10  0.000e+00
     21.771   65.00098 -168.65344     3.1880    32.3276    1460.10  0.000e+00
     21.863   65.00098 -168.65344     3.1886    32.3277    1460.11  0.000e+00
     21.825   65.00098 -168.65344     3.1895    32.3275    1460.11  0.000e+00
     21.863   65.00098 -168.65344     3.1899    32.3279    1460.11  0.000e+00
     21.917   65.00098 -168.65344     3.1903    32.3284    1460.12  0.000e+00
     21.886   65.00098 -168.65344     3.1911    32.3276    1460.12  0.000e+00
     21.917   65.00098 -168.65344     3.1914    32.3285    1460.12  0.000e+00
     21.886   65.00098 -168.65344     3.1924    32.3280    1460.12  0.000e+00
     21.979   65.00098 -168.65344     3.1925    32.3287    1460.13  0.000e+00
     21.979   65.00098 -168.65344     3.1932    32.3285    1460.13  0.000e+00
     21.994   65.00098 -168.65344     3.1936    32.3284    1460.13  0.000e+00
     21.979   65.00098 -168.65344     3.1941    32.3290    1460.13  0.000e+00
     21.994   65.00098 -168.65344     3.1944    32.3293    1460.14  0.000e+00
     22.033   65.00098 -168.65344     3.1950    32.3289    1460.14  0.000e+00
     22.033   65.00098 -168.65344     3.1955    32.3294    1460.14  0.000e+00
     22.110   65.00098 -168.65344     3.1962    32.3294    1460.14  0.000e+00
     22.033   65.00098 -168.65344     3.1965    32.3295    1460.14  0.000e+00
     22.110   65.00098 -168.65344     3.1971    32.3291    1460.15  0.000e+00
     22.148   65.00098 -168.65344     3.1976    32.3293    1460.15  0.000e+00
     22.094   65.00098 -168.65344     3.1979    32.3293    1460.15  0.000e+00
     22.171   65.00098 -168.65344     3.1982    32.3296    1460.15  0.000e+00
     22.148   65.00098 -168.65344     3.1982    32.3300    1460.15  0.000e+00
     22.171   65.00098 -168.65344     3.1987    32.3302    1460.16  0.000e+00
     22.202   65.00098 -168.65346     3.1991    32.3301    1460.16  0.000e+00
     22.202   65.00098 -168.65346     3.1991    32.3302    1460.16  0.000e+00
     22.225   65.00098 -168.65346     3.1995    32.3299    1460.16  0.000e+00
     22.264   65.00098 -168.65346     3.1991    32.3297    1460.16  0.000e+00
     22.225   65.00098 -168.65346     3.1982    32.3297    1460.16  0.000e+00
     22.318   65.00098 -168.65346     3.1965    32.3294    1460.15  0.000e+00
     22.264   65.00098 -168.65346     3.1944    32.3292    1460.14  0.000e+00
     22.279   65.00098 -168.65346     3.1924    32.3285    1460.13  0.000e+00
     22.318   65.00098 -168.65346     3.1897    32.3279    1460.12  0.000e+00
     22.341   65.00098 -168.65346     3.1857    32.3274    1460.10  0.000e+00
     22.380   65.00098 -168.65346     3.1806    32.3269    1460.08  0.000e+00
     22.380   65.00098 -168.65346     3.1744    32.3275    1460.05  0.000e+00
     22.395   65.00098 -168.65346     3.1694    32.3277    1460.03  0.000e+00
     22.380   65.00098 -168.65346     3.1642    32.3275    1460.01  0.000e+00
     22.457   65.00098 -168.65346     3.1593    32.3271    1459.99  0.000e+00
     22.433   65.00098 -168.65346     3.1532    32.3279    1459.96  0.000e+00
     22.433   65.00098 -168.65346     3.1474    32.3287    1459.94  0.000e+00
     22.457   65.00098 -168.65346     3.1418    32.3298    1459.92  0.000e+00
     22.495   65.00098 -168.65346     3.1368    32.3301    1459.90  0.000e+00
     22.511   65.00098 -168.65346     3.1329    32.3310    1459.88  0.000e+00
     22.549   65.00098 -168.65346     3.1304    32.3307    1459.87  0.000e+00
     22.549   65.00098 -168.65346     3.1274    32.3309    1459.86  0.000e+00
     22.572   65.00098 -168.65346     3.1242    32.3314    1459.85  0.000e+00
     22.549   65.00098 -168.65346     3.1210    32.3319    1459.83  0.000e+00
     22.626   65.00098 -168.65346     3.1186    32.3321    1459.82  0.000e+00
     22.603   65.00098 -168.65346     3.1154    32.3333    1459.81  0.000e+00
     22.603   65.00098 -168.65346     3.1125    32.3344    1459.80  0.000e+00
     22.626   65.00098 -168.65346     3.1104    32.3347    1459.79  0.000e+00
     22.665   65.00098 -168.65346     3.1081    32.3348    1459.78  0.000e+00
     22.680   65.00098 -168.65346     3.1065    32.3349    1459.78  0.000e+00
     22.719   65.00098 -168.65346     3.1051    32.3348    1459.77  0.000e+00
     22.680   65.00098 -168.65346     3.1034    32.3356    1459.76  0.000e+00
     22.780   65.00098 -168.65346     3.1018    32.3358    1459.76  0.000e+00
     22.719   65.00098 -168.65346     3.0996    32.3367    1459.75  0.000e+00
     22.742   65.00098 -168.65346     3.0979    32.3367    1459.74  0.000e+00
     22.780   65.00098 -168.65346     3.0963    32.3371    1459.74  0.000e+00
     22.796   65.00098 -168.65346     3.0947    32.3375    1459.73  0.000e+00
     22.834   65.00098 -168.65346     3.0937    32.3377    1459.73  0.000e+00
     22.834   65.00098 -168.65346     3.0921    32.3378    1459.72  0.000e+00
     22.857   65.00098 -168.65346     3.0910    32.3374    1459.72  0.000e+00
     22.896   65.00098 -168.65346     3.0898    32.3379    1459.71  0.000e+00
     22.857   65.00098 -168.65346     3.0885    32.3386    1459.71  0.000e+00
     22.896   65.00098 -168.65346     3.0876    32.3387    1459.70  0.000e+00
     22.911   65.00098 -168.65346     3.0868    32.3398    1459.70  0.000e+00
     22.950   65.00098 -168.65346     3.0863    32.3403    1459.70  0.000e+00
     22.950   65.00098 -168.65346     3.0863    32.3408    1459.70  0.000e+00
     22.973   65.00098 -168.65346     3.0864    32.3415    1459.70  0.000e+00
     23.004   65.00098 -168.65346     3.0866    32.3421    1459.71  0.000e+00
     22.973   65.00098 -168.65346     3.0869    32.3432    1459.71  0.000e+00
     23.004   65.00098 -168.65346     3.0874    32.3436    1459.71  0.000e+00
     23.065   65.00098 -168.65346     3.0880    32.3444    1459.72  0.000e+00
