EcoFOCI/data/1_SampleCollection/2023_SikuliaqDBO_CruiseData/CTD_raw_BottleFile_SKQ23-12S/proc/skq202312s_049svpavg.cnv
* Sea-Bird SBE 9 Data File:
* FileName = D:\CTD\SKQ202312S\SKQ202312S_049.hex
* Software Version Seasave V 7.26.7.121
* Temperature SN = 6177
* Conductivity SN = 0369
* Number of Bytes Per Scan = 41
* Number of Voltage Words = 4
* Number of Scans Averaged by the Deck Unit = 1
* NMEA Latitude = 71 51.00 N
* NMEA Longitude = 162 09.40 W
* NMEA UTC (Time) = Sep 25 2023  06:43:07
* NMEA baud rate = 4800
** Ship: R/V Sikuliaq
** Station Number: 049
** Station Name: DBO4.6n
** Bottom Depth: 41
** Operator: SS
# nquan = 7
# nvalues = 34                          
# units = specified
# name 0 = depSM: Depth [salt water, m]
# name 1 = latitude: Latitude [deg]
# name 2 = longitude: Longitude [deg]
# name 3 = t090C: Temperature [ITS-90, deg C]
# name 4 = sal00: Salinity, Practical [PSU]
# name 5 = svCM: Sound Velocity [Chen-Millero, m/s]
# name 6 = flag: flag
# span 0 =      3.000,     36.000       
# span 1 =   71.85006,   71.85008       
# span 2 = -162.15676, -162.15674       
# span 3 =    -0.7156,     1.7899       
# span 4 =    28.1695,    32.6468       
# span 5 =    1442.85,    1448.83       
# span 6 = 0.0000e+00, 0.0000e+00       
# interval = meters: 1                  
# start_time = Sep 25 2023 06:46:31 [NMEA time, first data scan]
# bad_flag = -9.990e-29
*END*
      3.000   71.85008 -162.15674     1.7338    28.1695    1448.00 0.0000e+00
      4.000   71.85007 -162.15674     1.7593    28.2089    1448.18 0.0000e+00
      5.000   71.85006 -162.15674     1.6743    28.2694    1447.90 0.0000e+00
      6.000   71.85006 -162.15674     1.6455    28.3057    1447.83 0.0000e+00
      7.000   71.85008 -162.15674     1.7429    28.3305    1448.32 0.0000e+00
      8.000   71.85008 -162.15674     1.7783    28.3570    1448.53 0.0000e+00
      9.000   71.85008 -162.15676     1.7862    28.3694    1448.60 0.0000e+00
     10.000   71.85008 -162.15676     1.7899    28.3753    1448.64 0.0000e+00
     11.000   71.85008 -162.15676     1.7659    28.5204    1448.74 0.0000e+00
     12.000   71.85008 -162.15676     1.4455    29.6714    1448.83 0.0000e+00
     13.000   71.85008 -162.15676     1.0151    30.6986    1448.25 0.0000e+00
     14.000   71.85008 -162.15676     0.3168    31.3004    1445.88 0.0000e+00
     15.000   71.85008 -162.15676    -0.4988    31.8517    1442.85 0.0000e+00
     16.000   71.85008 -162.15676    -0.2567    32.1433    1444.39 0.0000e+00
     17.000   71.85008 -162.15676    -0.3658    32.2112    1443.99 0.0000e+00
     18.000   71.85008 -162.15676    -0.4439    32.2739    1443.72 0.0000e+00
     19.000   71.85008 -162.15676    -0.5081    32.3323    1443.52 0.0000e+00
     20.000   71.85008 -162.15676    -0.5941    32.3980    1443.22 0.0000e+00
     21.000   71.85008 -162.15676    -0.6570    32.4462    1443.00 0.0000e+00
     22.000   71.85008 -162.15676    -0.6743    32.5074    1443.02 0.0000e+00
     23.000   71.85008 -162.15676    -0.7156    32.5652    1442.92 0.0000e+00
     24.000   71.85008 -162.15676    -0.6667    32.6131    1443.23 0.0000e+00
     25.000   71.85008 -162.15676    -0.7062    32.6371    1443.10 0.0000e+00
     26.000   71.85008 -162.15676    -0.7059    32.6396    1443.12 0.0000e+00
     27.000   71.85008 -162.15676    -0.7019    32.6405    1443.15 0.0000e+00
     28.000   71.85008 -162.15676    -0.6987    32.6404    1443.18 0.0000e+00
     29.000   71.85008 -162.15676    -0.6963    32.6402    1443.21 0.0000e+00
     30.000   71.85008 -162.15676    -0.6939    32.6401    1443.24 0.0000e+00
     31.000   71.85008 -162.15676    -0.6886    32.6331    1443.27 0.0000e+00
     32.000   71.85006 -162.15676    -0.6895    32.6380    1443.29 0.0000e+00
     33.000   71.85006 -162.15676    -0.6865    32.6389    1443.32 0.0000e+00
     34.000   71.85006 -162.15676    -0.6759    32.6407    1443.39 0.0000e+00
     35.000   71.85006 -162.15676    -0.6600    32.6436    1443.49 0.0000e+00
     36.000   71.85006 -162.15676    -0.6500    32.6468    1443.55 0.0000e+00
