EcoFOCI/data/1_SampleCollection/2023_SikuliaqDBO_CruiseData/CTD_raw_BottleFile_SKQ23-12S/proc/skq202312s_002.ros
* Sea-Bird SBE 9 Data File:
* FileName = D:\CTD\SKQ202312S\SKQ202312S_002.hex
* Software Version Seasave V 7.26.7.121
* Temperature SN = 6177
* Conductivity SN = 0369
* Number of Bytes Per Scan = 41
* Number of Voltage Words = 4
* Number of Scans Averaged by the Deck Unit = 1
* NMEA Latitude = 62 00.59 N
* NMEA Longitude = 175 03.64 W
* NMEA UTC (Time) = Sep 15 2023  05:21:43
* NMEA baud rate = 4800
** Ship: R/V Sikuliaq
** Station Number: 002
** Station Name: DBO1.1
** Bottom Depth: 78
** Operator: SD
# nquan = 22
# nvalues = 1029                                  
# units = specified
# name 0 = depSM: Depth [salt water, m]
# name 1 = latitude: Latitude [deg]
# name 2 = longitude: Longitude [deg]
# name 3 = prDM: Pressure, Digiquartz [db]
# name 4 = t090C: Temperature [ITS-90, deg C]
# name 5 = t190C: Temperature, 2 [ITS-90, deg C]
# name 6 = potemp090C: Potential Temperature [ITS-90, deg C]
# name 7 = sal00: Salinity, Practical [PSU]
# name 8 = sal11: Salinity, Practical, 2 [PSU]
# name 9 = density00: Density [density, kg/m^3]
# name 10 = sigma-é00: Density [sigma-theta, kg/m^3]
# name 11 = sbox0Mm/Kg: Oxygen, SBE 43 [umol/kg]
# name 12 = sbox1Mm/Kg: Oxygen, SBE 43, 2 [umol/kg]
# name 13 = oxsolMm/Kg: Oxygen Saturation, Garcia & Gordon [umol/kg]
# name 14 = sbeox0PS: Oxygen, SBE 43 [% saturation]
# name 15 = v0: Voltage 0
# name 16 = flECO-AFL: Fluorescence, WET Labs ECO-AFL/FL [mg/m^3]
# name 17 = CStarAt0: Beam Attenuation, WET Labs C-Star [1/m]
# name 18 = par: PAR/Irradiance, Biospherical/Licor
# name 19 = scan: Scan Count
# name 20 = nbf: Bottles Fired
# name 21 = flag:  0.000e+00
# interval = seconds: 0.0416667
# start_time = Sep 15 2023 05:25:57 [NMEA time, first data scan]
# bad_flag = -9.990e-29
*END*
[from data line 725]
     10.259   62.00980 -175.06122     10.358     7.4605     7.4666     7.4596    30.6706    30.6782  1023.9974    23.9498    292.812    281.160  299.75947     97.682     0.1844     0.7582     0.5999 2.4512e+00      29940         15  0.000e+00
     10.259   62.00980 -175.06122     10.358     7.4602     7.4659     7.4593    30.6706    30.6784  1023.9975    23.9499    293.162    281.172  299.76142     97.799     0.1856     0.7656     0.6011 2.4512e+00      29941         15  0.000e+00
     10.259   62.00980 -175.06122     10.358     7.4600     7.4656     7.4591    30.6711    30.6781  1023.9978    23.9502    292.828    281.182  299.76143     97.687     0.1844     0.7582     0.5999 2.4512e+00      29942         15  0.000e+00
     10.259   62.00980 -175.06122     10.358     7.4616     7.4656     7.4607    30.6700    30.6784  1023.9968    23.9492    292.976    281.170  299.75281     97.739     0.1844     0.7582     0.5999 2.4585e+00      29943         15  0.000e+00
     10.259   62.00980 -175.06122     10.358     7.4621     7.4656     7.4612    30.6707    30.6784  1023.9972    23.9496    292.990    281.158  299.74804     97.745     0.1832     0.7509     0.6011 2.4657e+00      29944         15  0.000e+00
     10.290   62.00980 -175.06122     10.389     7.4619     7.4650     7.4610    30.6710    30.6781  1023.9977    23.9500    293.011    281.167  299.74857     97.752     0.1856     0.7656     0.5999 2.4585e+00      29945         15  0.000e+00
     10.197   62.00980 -175.06122     10.296     7.4616     7.4647     7.4607    30.6710    30.6786  1023.9973    23.9500    292.839    281.168  299.75066     97.694     0.1832     0.7509     0.5999 2.4657e+00      29946         15  0.000e+00
     10.259   62.00980 -175.06122     10.358     7.4616     7.4653     7.4607    30.6711    30.6780  1023.9976    23.9500    292.999    281.186  299.75048     97.748     0.1844     0.7582     0.5999 2.4657e+00      29947         15  0.000e+00
     10.259   62.00980 -175.06122     10.358     7.4614     7.4661     7.4605    30.6707    30.6777  1023.9974    23.9498    292.831    281.200  299.75266     97.691     0.1844     0.7582     0.5999 2.4730e+00      29948         15  0.000e+00
     10.259   62.00980 -175.06122     10.358     7.4611     7.4656     7.4602    30.6712    30.6778  1023.9978    23.9502    292.990    281.206  299.75365     97.744     0.1844     0.7582     0.6011 2.4730e+00      29949         15  0.000e+00
     10.301   62.00980 -175.06122     10.401     7.4693     7.4686     7.4684    30.6707    30.6793  1023.9964    23.9487    292.875    278.003  299.69894     97.723     0.1746     0.6996     0.6011 2.4011e+00      30243         16  0.000e+00
     10.386   62.00980 -175.06122     10.487     7.4699     7.4691     7.4690    30.6704    30.6786  1023.9966    23.9484    293.091    277.985  299.69537     97.796     0.1758     0.7069     0.5999 2.4082e+00      30244         16  0.000e+00
     10.271   62.00980 -175.06122     10.370     7.4705     7.4693     7.4695    30.6709    30.6784  1023.9963    23.9487    292.919    278.136  299.69065     97.741     0.1746     0.6996     0.5999 2.4154e+00      30245         16  0.000e+00
     10.325   62.00980 -175.06122     10.425     7.4710     7.4694     7.4700    30.6707    30.6783  1023.9964    23.9485    293.082    278.140  299.68762     97.796     0.1746     0.6996     0.6011 2.4154e+00      30246         16  0.000e+00
     10.325   62.00980 -175.06122     10.425     7.4710     7.4694     7.4701    30.6706    30.6783  1023.9963    23.9484    292.890    277.973  299.68737     97.732     0.1746     0.6996     0.5999 2.4011e+00      30247         16  0.000e+00
     10.325   62.00980 -175.06122     10.425     7.4710     7.4699     7.4700    30.6708    30.6780  1023.9964    23.9485    293.104    277.962  299.68738     97.803     0.1758     0.7069     0.6011 2.3941e+00      30248         16  0.000e+00
     10.356   62.00980 -175.06122     10.456     7.4710     7.4704     7.4701    30.6704    30.6786  1023.9963    23.9483    292.939    277.952  299.68780     97.748     0.1746     0.6996     0.6011 2.3941e+00      30249         16  0.000e+00
     10.325   62.00980 -175.06122     10.425     7.4710     7.4708     7.4700    30.6708    30.6782  1023.9964    23.9485    293.099    277.946  299.68738     97.801     0.1746     0.6996     0.5999 2.3870e+00      30250         16  0.000e+00
     10.387   62.00980 -175.06122     10.487     7.4713     7.4712     7.4703    30.6700    30.6783  1023.9961    23.9479    292.932    277.944  299.68701     97.746     0.1746     0.6996     0.5999 2.3870e+00      30251         16  0.000e+00
     10.325   62.00980 -175.06122     10.425     7.4710     7.4714     7.4701    30.6703    30.6781  1023.9960    23.9481    293.143    277.943  299.68817     97.816     0.1746     0.6996     0.5999 2.3870e+00      30252         16  0.000e+00
     10.325   62.00980 -175.06122     10.425     7.4710     7.4714     7.4700    30.6704    30.6783  1023.9961    23.9482    293.138    277.948  299.68826     97.814     0.1746     0.6996     0.6011 2.3870e+00      30253         16  0.000e+00
     10.410   62.00980 -175.06122     10.511     7.4702     7.4714     7.4693    30.6708    30.6786  1023.9969    23.9486    293.138    277.958  299.69249     97.813     0.1746     0.6996     0.6011 2.3800e+00      30254         16  0.000e+00
     10.325   62.00980 -175.06122     10.425     7.4705     7.4717     7.4695    30.6704    30.6784  1023.9962    23.9483    293.177    277.963  299.69174     97.826     0.1758     0.7069     0.5999 2.3730e+00      30255         16  0.000e+00
     10.387   62.00980 -175.06122     10.488     7.4705     7.4715     7.4695    30.6705    30.6785  1023.9966    23.9484    293.196    277.979  299.69148     97.833     0.1746     0.6996     0.6011 2.3730e+00      30256         16  0.000e+00
     10.325   62.00980 -175.06122     10.425     7.4701     7.4714     7.4691    30.6707    30.6787  1023.9965    23.9486    293.186    277.994  299.69370     97.829     0.1758     0.7069     0.6011 2.3730e+00      30257         16  0.000e+00
     10.387   62.00980 -175.06122     10.488     7.4702     7.4714     7.4692    30.6709    30.6789  1023.9969    23.9488    293.148    277.997  299.69255     97.816     0.1746     0.6996     0.6011 2.3660e+00      30258         16  0.000e+00
     10.387   62.00980 -175.06122     10.488     7.4705     7.4715     7.4695    30.6706    30.6786  1023.9966    23.9484    293.157    278.017  299.69124     97.820     0.1734     0.6923     0.6011 2.3730e+00      30259         16  0.000e+00
     10.356   62.00980 -175.06122     10.457     7.4706     7.4714     7.4696    30.6707    30.6787  1023.9965    23.9485    293.138    277.851  299.69040     97.814     0.1685     0.6630     0.6011 2.3660e+00      30260         16  0.000e+00
     10.387   62.00980 -175.06122     10.488     7.4706     7.4717     7.4697    30.6708    30.6788  1023.9968    23.9486    293.146    278.014  299.68979     97.816     0.1673     0.6557     0.6011 2.3660e+00      30261         16  0.000e+00
     10.387   62.00980 -175.06122     10.488     7.4706     7.4722     7.4696    30.6708    30.6783  1023.9968    23.9486    293.179    278.006  299.69019     97.827     0.1673     0.6557     0.6011 2.3660e+00      30262         16  0.000e+00
     10.387   62.00980 -175.06122     10.488     7.4705     7.4723     7.4695    30.6708    30.6779  1023.9968    23.9486    293.160    278.018  299.69076     97.821     0.1685     0.6630     0.6011 2.3520e+00      30263         16  0.000e+00
     10.387   62.00980 -175.06122     10.488     7.4703     7.4725     7.4694    30.6709    30.6784  1023.9969    23.9487    292.949    278.030  299.69150     97.750     0.1661     0.6483     0.6011 2.3451e+00      30264         16  0.000e+00
     10.387   62.00980 -175.06122     10.488     7.4707     7.4725     7.4698    30.6704    30.6787  1023.9964    23.9482    293.141    278.046  299.69002     97.815     0.1673     0.6557     0.6011 2.3451e+00      30265         16  0.000e+00
     10.356   62.00980 -175.06122     10.457     7.4708     7.4725     7.4699    30.6703    30.6784  1023.9962    23.9481    293.169    278.236  299.68958     97.824     0.1673     0.6557     0.6011 2.3451e+00      30266         16  0.000e+00
     10.387   62.00980 -175.06122     10.488     7.4706     7.4725     7.4697    30.6708    30.6785  1023.9968    23.9486    292.957    278.101  299.68971     97.754     0.1673     0.6557     0.6011 2.3451e+00      30267         16  0.000e+00
     10.387   62.00980 -175.06122     10.488     7.4704     7.4730     7.4694    30.6712    30.6784  1023.9971    23.9489    293.151    278.120  299.69061     97.818     0.1661     0.6483     0.6011 2.3520e+00      30268         16  0.000e+00
     10.387   62.00980 -175.06122     10.488     7.4705     7.4727     7.4695    30.6711    30.6788  1023.9970    23.9488    293.179    278.146  299.69012     97.827     0.1673     0.6557     0.6011 2.3520e+00      30269         16  0.000e+00
     10.441   62.00980 -175.06122     10.543     7.4704     7.4730     7.4694    30.6709    30.6780  1023.9972    23.9487    293.158    278.156  299.69114     97.820     0.1685     0.6630     0.6011 2.3520e+00      30270         16  0.000e+00
     10.387   62.00980 -175.06122     10.488     7.4708     7.4725     7.4699    30.6707    30.6785  1023.9967    23.9485    292.937    278.167  299.68857     97.747     0.1673     0.6557     0.6011 2.3520e+00      30271         16  0.000e+00
     10.357   62.00980 -175.06122     10.457     7.4706     7.4725     7.4697    30.6710    30.6784  1023.9968    23.9487    293.126    278.195  299.68936     97.810     0.1673     0.6557     0.6011 2.3451e+00      30272         16  0.000e+00
     10.387   62.00980 -175.06122     10.488     7.4709     7.4723     7.4699    30.6706    30.6785  1023.9966    23.9484    292.936    278.228  299.68841     97.747     0.1673     0.6557     0.6011 2.3313e+00      30273         16  0.000e+00
     10.387   62.00980 -175.06122     10.488     7.4710     7.4720     7.4700    30.6708    30.6787  1023.9967    23.9486    293.071    278.262  299.68736     97.792     0.1685     0.6630     0.6011 2.3313e+00      30274         16  0.000e+00
     10.388   62.00980 -175.06122     10.488     7.4707     7.4720     7.4698    30.6707    30.6787  1023.9967    23.9485    292.907    278.451  299.68930     97.737     0.1673     0.6557     0.6011 2.3382e+00      30275         16  0.000e+00
     10.388   62.00980 -175.06122     10.488     7.4706     7.4720     7.4697    30.6707    30.6782  1023.9967    23.9485    293.070    278.488  299.69003     97.791     0.1685     0.6630     0.6011 2.3451e+00      30276         16  0.000e+00
     10.388   62.00980 -175.06122     10.488     7.4706     7.4720     7.4697    30.6707    30.6788  1023.9967    23.9485    292.851    278.522  299.69003     97.718     0.1661     0.6483     0.6011 2.3451e+00      30277         16  0.000e+00
     10.411   62.00980 -175.06122     10.512     7.4707     7.4718     7.4698    30.6704    30.6790  1023.9965    23.9482    293.038    278.389  299.69005     97.780     0.1685     0.6630     0.6023 2.3451e+00      30278         16  0.000e+00
     10.326   62.00980 -175.06122     10.426     7.4706     7.4722     7.4697    30.6706    30.6784  1023.9964    23.9485    292.841    278.578  299.69013     97.715     0.1673     0.6557     0.6023 2.3451e+00      30279         16  0.000e+00
     10.388   62.00980 -175.06122     10.488     7.4705     7.4720     7.4695    30.6708    30.6789  1023.9968    23.9486    293.004    278.601  299.69076     97.769     0.1673     0.6557     0.6035 2.3451e+00      30280         16  0.000e+00
     10.388   62.00980 -175.06122     10.489     7.4709     7.4723     7.4699    30.6705    30.6785  1023.9965    23.9483    292.834    278.621  299.68881     97.713     0.1673     0.6557     0.6023 2.3382e+00      30281         16  0.000e+00
     10.388   62.00980 -175.06122     10.489     7.4708     7.4723     7.4699    30.6707    30.6785  1023.9967    23.9485    292.993    278.471  299.68857     97.766     0.1673     0.6557     0.6023 2.3382e+00      30282         16  0.000e+00
     10.357   62.00980 -175.06122     10.457     7.4706     7.4723     7.4696    30.6708    30.6787  1023.9967    23.9486    292.799    278.646  299.69008     97.701     0.1661     0.6483     0.6023 2.3451e+00      30283         16  0.000e+00
     10.388   62.00980 -175.06122     10.489     7.4708     7.4722     7.4699    30.6705    30.6787  1023.9965    23.9483    292.795    278.671  299.68905     97.700     0.1673     0.6557     0.6023 2.3451e+00      30284         16  0.000e+00
     10.388   62.00980 -175.06122     10.489     7.4708     7.4725     7.4699    30.6706    30.6783  1023.9966    23.9484    292.928    278.691  299.68881     97.744     0.1770     0.7143     0.6023 2.3520e+00      30285         16  0.000e+00
     10.388   62.00980 -175.06122     10.489     7.4709     7.4725     7.4699    30.6707    30.6783  1023.9967    23.9485    292.542    278.713  299.68825     97.615     0.1819     0.7436     0.6023 2.3590e+00      30286         16  0.000e+00
     10.326   62.00980 -175.06122     10.426     7.4710     7.4723     7.4700    30.6705    30.6785  1023.9962    23.9483    292.862    278.734  299.68810     97.722     0.1832     0.7509     0.6023 2.3590e+00      30287         16  0.000e+00
     10.388   62.00980 -175.06122     10.489     7.4710     7.4725     7.4701    30.6709    30.6785  1023.9968    23.9486    292.667    278.757  299.68679     97.658     0.1819     0.7436     0.6023 2.3520e+00      30288         16  0.000e+00
     10.357   62.00980 -175.06122     10.458     7.4710     7.4723     7.4700    30.6710    30.6788  1023.9967    23.9487    292.472    278.778  299.68701     97.592     0.1832     0.7509     0.6023 2.3520e+00      30289         16  0.000e+00
     10.326   62.00980 -175.06122     10.427     7.4711     7.4733     7.4702    30.6706    30.6788  1023.9963    23.9484    292.794    278.792  299.68681     97.700     0.1819     0.7436     0.6023 2.3520e+00      30290         16  0.000e+00
     10.388   62.00980 -175.06122     10.489     7.4709     7.4733     7.4699    30.6703    30.6787  1023.9964    23.9482    292.631    278.817  299.68913     97.645     0.1819     0.7436     0.6023 2.3590e+00      30291         16  0.000e+00
      2.286   62.00980 -175.06122      2.308     7.4714     7.4733     7.4712    30.6712    30.3972  1023.9593    23.9487    292.436    268.521  299.68350     97.582     0.1685     0.6630     0.6119 8.4900e+00      34137         17  0.000e+00
      2.394   62.00980 -175.06122      2.417     7.4714     7.4733     7.4712    30.6714    30.3978  1023.9600    23.9489    292.108    268.564  299.68337     97.472     0.1685     0.6630     0.6119 8.4659e+00      34138         17  0.000e+00
      2.340   62.00980 -175.06122      2.363     7.4718     7.4736     7.4716    30.6711    30.3979  1023.9595    23.9486    292.264    268.790  299.68121     97.525     0.1685     0.6630     0.6107 8.4659e+00      34139         17  0.000e+00
      2.340   62.00980 -175.06122      2.363     7.4719     7.4733     7.4717    30.6708    30.3974  1023.9592    23.9483    292.261    268.679  299.68095     97.524     0.1734     0.6923     0.6059 8.4177e+00      34140         17  0.000e+00
      2.394   62.00980 -175.06122      2.417     7.4722     7.4736     7.4720    30.6707    30.3958  1023.9593    23.9482    292.095    268.725  299.67946     97.469     0.1795     0.7289     0.6047 8.3699e+00      34141         17  0.000e+00
      2.340   62.00980 -175.06122      2.363     7.4721     7.4735     7.4719    30.6711    30.3954  1023.9594    23.9485    292.634    268.751  299.67934     97.649     0.1807     0.7362     0.6047 8.3699e+00      34142         17  0.000e+00
