EcoFOCI/data/1_SampleCollection/2023_SikuliaqDBO_CruiseData/CTD_raw_BottleFile_SKQ23-12S/proc/skq202312s_078.cnv
* Sea-Bird SBE 9 Data File:
* FileName = D:\CTD\SKQ202312S\SKQ202312S_078.hex
* Software Version Seasave V 7.26.7.121
* Temperature SN = 6177
* Conductivity SN = 0369
* Number of Bytes Per Scan = 41
* Number of Voltage Words = 4
* Number of Scans Averaged by the Deck Unit = 1
* NMEA Latitude = 65 45.65 N
* NMEA Longitude = 168 44.60 W
* NMEA UTC (Time) = Oct 03 2023  06:14:15
* NMEA baud rate = 4800
** Ship: R/V Sikuliaq
** Station Number: 078
** Station Name: BS7
** Bottom Depth: 53
** Operator: SD
# nquan = 24
# nvalues = 4230                                  
# units = specified
# name 0 = depSM: Depth [salt water, m]
# name 1 = latitude: Latitude [deg]
# name 2 = longitude: Longitude [deg]
# name 3 = prDM: Pressure, Digiquartz [db]
# name 4 = t090C: Temperature [ITS-90, deg C]
# name 5 = t190C: Temperature, 2 [ITS-90, deg C]
# name 6 = potemp090C: Potential Temperature [ITS-90, deg C]
# name 7 = sal00: Salinity, Practical [PSU]
# name 8 = sal11: Salinity, Practical, 2 [PSU]
# name 9 = density00: Density [density, kg/m^3]
# name 10 = sigma-é00: Density [sigma-theta, kg/m^3]
# name 11 = sbox0Mm/Kg: Oxygen, SBE 43 [umol/kg]
# name 12 = sbox1Mm/Kg: Oxygen, SBE 43, 2 [umol/kg]
# name 13 = oxsolMm/Kg: Oxygen Saturation, Garcia & Gordon [umol/kg]
# name 14 = sbeox0PS: Oxygen, SBE 43 [% saturation]
# name 15 = sbeox1PS: Oxygen, SBE 43, 2 [% saturation]
# name 16 = v0: Voltage 0
# name 17 = flECO-AFL: Fluorescence, WET Labs ECO-AFL/FL [mg/m^3]
# name 18 = v1: Voltage 1
# name 19 = CStarAt0: Beam Attenuation, WET Labs C-Star [1/m]
# name 20 = par: PAR/Irradiance, Biospherical/Licor
# name 21 = scan: Scan Count
# name 22 = timeM: Time, Elapsed [minutes]
# name 23 = flag:  0.000e+00
# span 0 =      2.078,     47.760                 
# span 1 =   65.76066,   65.76074                 
# span 2 = -168.74416, -168.74384                 
# span 3 =      2.098,     48.241                 
# span 4 =     2.8525,     5.9264                 
# span 5 =     2.8529,     5.9281                 
# span 6 =     2.8508,     5.9261                 
# span 7 =    27.3708,    32.8741                 
# span 8 =    27.3743,    32.8849                 
# span 9 =  1021.5563,  1026.4163                 
# span 10 =    21.5384,    26.1904                
# span 11 =    242.916,    299.067                
# span 12 =    232.866,    285.127                
# span 13 =  308.78096,  329.32106                
# span 14 =     74.062,     94.086                
# span 15 =     71.004,     89.635                
# span 16 =     0.1197,     0.4444                
# span 17 =     0.3699,     2.3187                
# span 18 =     3.3187,     4.0830                
# span 19 =     0.5735,     1.4028                
# span 20 = 1.0000e-12, 4.9574e-01                
# span 21 =          1,       4230                
# span 22 =     0.0000,     2.9368                
# span 23 = 0.0000e+00, 0.0000e+00                
# interval = seconds: 0.0416667
# start_time = Oct 03 2023 06:17:41 [NMEA time, first data scan]
# bad_flag = -9.990e-29
*END*
[from data line 2597]
     30.335   65.76068 -168.74406     30.640     2.8593     2.8603     2.8575    32.7709    32.7838  1026.2620    26.1181    261.568    250.934  329.19876     79.456     76.235     0.2943     1.4176     3.8059     0.8547 1.0000e-12       2598     1.8035  0.000e+00
     30.382   65.76068 -168.74406     30.686     2.8593     2.8607     2.8575    32.7717    32.7838  1026.2629    26.1188    261.295    250.862  329.19670     79.373     76.214     0.2930     1.4102     3.8059     0.8547 1.0000e-12       2599     1.8042  0.000e+00
     30.451   65.76068 -168.74406     30.756     2.8594     2.8605     2.8577    32.7719    32.7847  1026.2634    26.1189    261.007    250.442  329.19488     79.286     76.087     0.2943     1.4176     3.8059     0.8547 1.0000e-12       2600     1.8049  0.000e+00
     30.436   65.76068 -168.74406     30.741     2.8595     2.8609     2.8578    32.7722    32.7849  1026.2635    26.1191    260.737    250.405  329.19365     79.205     76.076     0.2930     1.4102     3.8059     0.8547 1.0000e-12       2601     1.8056  0.000e+00
     30.397   65.76068 -168.74406     30.702     2.8600     2.8609     2.8583    32.7726    32.7854  1026.2636    26.1194    260.703    250.193  329.18847     79.196     76.012     0.2943     1.4176     3.8059     0.8547 1.0000e-12       2602     1.8062  0.000e+00
     30.513   65.76068 -168.74406     30.819     2.8600     2.8613     2.8583    32.7723    32.7851  1026.2639    26.1192    260.519    250.005  329.18903     79.140     75.956     0.2943     1.4176     3.8059     0.8547 1.0000e-12       2603     1.8069  0.000e+00
     30.497   65.76068 -168.74406     30.803     2.8602     2.8611     2.8585    32.7730    32.7857  1026.2644    26.1197    260.277    249.788  329.18598     79.067     75.890     0.2930     1.4102     3.8059     0.8547 1.0000e-12       2604     1.8076  0.000e+00
     30.451   65.76068 -168.74406     30.756     2.8603     2.8616     2.8586    32.7735    32.7857  1026.2646    26.1201    260.020    249.564  329.18340     78.989     75.822     0.2943     1.4176     3.8059     0.8547 1.0000e-12       2605     1.8083  0.000e+00
     30.551   65.76068 -168.74408     30.858     2.8603     2.8613     2.8586    32.7740    32.7865  1026.2654    26.1205    259.790    249.367  329.18222     78.920     75.762     0.2930     1.4102     3.8059     0.8547 1.0000e-12       2606     1.8090  0.000e+00
     30.567   65.76068 -168.74408     30.873     2.8607     2.8615     2.8589    32.7746    32.7872  1026.2659    26.1209    259.580    249.161  329.17822     78.857     75.701     0.2943     1.4176     3.8059     0.8547 1.0000e-12       2607     1.8097  0.000e+00
     30.551   65.76068 -168.74408     30.858     2.8608     2.8617     2.8591    32.7746    32.7875  1026.2658    26.1209    259.540    248.977  329.17689     78.845     75.645     0.2930     1.4102     3.8059     0.8547 1.0000e-12       2608     1.8104  0.000e+00
     30.567   65.76068 -168.74408     30.873     2.8610     2.8620     2.8593    32.7750    32.7875  1026.2662    26.1212    259.339    248.791  329.17449     78.785     75.589     0.2930     1.4102     3.8059     0.8547 1.0000e-12       2609     1.8111  0.000e+00
     30.613   65.76068 -168.74408     30.920     2.8610     2.8619     2.8593    32.7755    32.7885  1026.2668    26.1216    259.127    248.801  329.17294     78.721     75.593     0.2955     1.4249     3.8022     0.8586 1.0000e-12       2610     1.8118  0.000e+00
     30.629   65.76068 -168.74408     30.936     2.8616     2.8622     2.8599    32.7753    32.7888  1026.2667    26.1214    258.935    248.438  329.16845     78.663     75.483     0.2930     1.4102     3.8010     0.8599 1.0000e-12       2611     1.8125  0.000e+00
     30.683   65.76068 -168.74408     30.990     2.8615     2.8626     2.8597    32.7760    32.7889  1026.2675    26.1220    258.991    248.246  329.16810     78.680     75.426     0.2943     1.4176     3.7998     0.8612 1.0000e-12       2612     1.8132  0.000e+00
     30.667   65.76068 -168.74408     30.975     2.8618     2.8627     2.8601    32.7761    32.7894  1026.2675    26.1220    258.555    248.247  329.16517     78.549     75.426     0.2930     1.4102     3.7998     0.8612 1.0000e-12       2613     1.8139  0.000e+00
     30.683   65.76068 -168.74408     30.990     2.8618     2.8627     2.8601    32.7770    32.7896  1026.2683    26.1227    258.584    248.098  329.16296     78.558     75.381     0.2943     1.4176     3.8010     0.8599 1.0000e-12       2614     1.8146  0.000e+00
     30.729   65.76068 -168.74408     31.037     2.8621     2.8632     2.8603    32.7776    32.7895  1026.2690    26.1232    258.343    247.922  329.15930     78.486     75.329     0.2821     1.3443     3.8010     0.8599 1.0000e-12       2615     1.8153  0.000e+00
     30.737   65.76068 -168.74408     31.045     2.8622     2.8635     2.8605    32.7788    32.7908  1026.2699    26.1241    258.160    247.569  329.15497     78.431     75.223     0.2479     1.1392     3.7998     0.8612 1.0000e-12       2616     1.8160  0.000e+00
     30.729   65.76068 -168.74408     31.037     2.8625     2.8639     2.8608    32.7798    32.7917  1026.2707    26.1250    257.964    247.558  329.14972     78.373     75.221     0.2357     1.0659     3.8010     0.8599 1.0000e-12       2617     1.8167  0.000e+00
     30.798   65.76068 -168.74408     31.107     2.8629     2.8641     2.8612    32.7800    32.7928  1026.2712    26.1251    257.978    247.400  329.14620     78.378     75.174     0.2357     1.0659     3.8010     0.8599 1.0000e-12       2618     1.8174  0.000e+00
     30.798   65.76068 -168.74408     31.107     2.8630     2.8645     2.8613    32.7809    32.7934  1026.2719    26.1258    257.794    247.432  329.14307     78.323     75.185     0.2381     1.0806     3.8010     0.8599 1.0000e-12       2619     1.8181  0.000e+00
     30.837   65.76068 -168.74408     31.146     2.8633     2.8647     2.8616    32.7810    32.7937  1026.2721    26.1258    257.634    247.269  329.14021     78.275     75.135     0.2381     1.0806     3.8010     0.8599 1.0000e-12       2620     1.8188  0.000e+00
     30.852   65.76068 -168.74408     31.162     2.8638     2.8648     2.8621    32.7808    32.7944  1026.2719    26.1256    257.244    247.100  329.13692     78.157     75.085     0.2381     1.0806     3.8010     0.8599 1.0000e-12       2621     1.8194  0.000e+00
     30.837   65.76068 -168.74408     31.146     2.8638     2.8650     2.8621    32.7816    32.7947  1026.2725    26.1262    257.682    246.951  329.13488     78.291     75.040     0.2369     1.0732     3.7998     0.8612 1.0000e-12       2622     1.8201  0.000e+00
     30.914   65.76068 -168.74408     31.224     2.8640     2.8650     2.8622    32.7820    32.7945  1026.2732    26.1265    257.121    246.804  329.13256     78.121     74.995     0.2381     1.0806     3.7998     0.8612 1.0000e-12       2623     1.8208  0.000e+00
     30.899   65.76068 -168.74408     31.209     2.8643     2.8652     2.8625    32.7818    32.7947  1026.2730    26.1264    257.349    246.650  329.13074     78.191     74.949     0.2369     1.0732     3.7998     0.8612 1.0000e-12       2624     1.8215  0.000e+00
     30.968   65.76068 -168.74408     31.279     2.8643     2.8654     2.8625    32.7825    32.7954  1026.2738    26.1270    256.981    246.493  329.12901     78.079     74.902     0.2381     1.0806     3.8010     0.8599 1.0000e-12       2625     1.8222  0.000e+00
     30.968   65.76068 -168.74408     31.279     2.8646     2.8656     2.8628    32.7828    32.7952  1026.2740    26.1271    256.779    246.553  329.12569     78.019     74.921     0.2369     1.0732     3.7998     0.8612 1.0000e-12       2626     1.8229  0.000e+00
     30.953   65.76068 -168.74408     31.263     2.8646     2.8656     2.8629    32.7829    32.7964  1026.2741    26.1272    256.821    246.412  329.12497     78.031     74.878     0.2381     1.0806     3.7998     0.8612 1.0000e-12       2627     1.8236  0.000e+00
     31.030   65.76068 -168.74408     31.341     2.8649     2.8661     2.8631    32.7839    32.7965  1026.2751    26.1280    256.666    246.293  329.12044     77.985     74.843     0.2393     1.0879     3.7998     0.8612 1.0000e-12       2628     1.8243  0.000e+00
     31.068   65.76068 -168.74408     31.380     2.8652     2.8663     2.8635    32.7852    32.7971  1026.2764    26.1290    256.496    246.171  329.11444     77.935     74.807     0.2369     1.0732     3.7998     0.8612 1.0000e-12       2629     1.8250  0.000e+00
     31.030   65.76068 -168.74408     31.341     2.8654     2.8667     2.8636    32.7862    32.7977  1026.2770    26.1298    256.530    246.018  329.11056     77.946     74.761     0.2381     1.0806     3.8046     0.8560 1.0000e-12       2630     1.8257  0.000e+00
     31.130   65.76068 -168.74408     31.442     2.8659     2.8674     2.8641    32.7869    32.7985  1026.2780    26.1303    256.369    245.864  329.10486     77.899     74.716     0.2369     1.0732     3.8120     0.8483 1.0000e-12       2631     1.8264  0.000e+00
     31.084   65.76068 -168.74408     31.396     2.8660     2.8677     2.8643    32.7881    32.7999  1026.2787    26.1312    256.226    245.898  329.10076     77.857     74.728     0.2381     1.0806     3.8132     0.8470 1.0000e-12       2632     1.8271  0.000e+00
     31.184   65.76068 -168.74408     31.497     2.8665     2.8678     2.8647    32.7880    32.8006  1026.2791    26.1311    256.294    245.761  329.09738     77.878     74.687     0.2369     1.0732     3.8132     0.8470 1.0000e-12       2633     1.8278  0.000e+00
     31.138   65.76068 -168.74408     31.450     2.8666     2.8683     2.8649    32.7888    32.8008  1026.2795    26.1318    256.160    245.614  329.09409     77.838     74.643     0.2381     1.0806     3.8132     0.8470 1.0000e-12       2634     1.8285  0.000e+00
     31.138   65.76068 -168.74408     31.450     2.8672     2.8684     2.8654    32.7891    32.8016  1026.2796    26.1319    256.011    245.660  329.08907     77.794     74.658     0.2369     1.0732     3.8132     0.8470 1.0000e-12       2635     1.8292  0.000e+00
     31.238   65.76068 -168.74408     31.551     2.8671     2.8684     2.8653    32.7896    32.8018  1026.2805    26.1323    255.854    245.533  329.08819     77.746     74.620     0.2381     1.0806     3.8132     0.8470 1.0000e-12       2636     1.8299  0.000e+00
     31.200   65.76068 -168.74408     31.512     2.8677     2.8689     2.8660    32.7898    32.8021  1026.2804    26.1324    255.893    245.417  329.08252     77.759     74.585     0.2381     1.0806     3.8132     0.8470 1.0000e-12       2637     1.8306  0.000e+00
     31.300   65.76068 -168.74408     31.614     2.8676     2.8693     2.8658    32.7903    32.8027  1026.2813    26.1329    255.778    245.300  329.08254     77.724     74.551     0.2381     1.0806     3.8132     0.8470 1.0000e-12       2638     1.8313  0.000e+00
     31.315   65.76068 -168.74408     31.629     2.8679     2.8697     2.8661    32.7911    32.8034  1026.2820    26.1335    255.641    245.175  329.07783     77.684     74.514     0.2381     1.0806     3.8132     0.8470 1.0000e-12       2639     1.8319  0.000e+00
     31.184   65.76068 -168.74408     31.497     2.8682     2.8700     2.8665    32.7923    32.8043  1026.2823    26.1344    255.703    245.042  329.07221     77.704     74.475     0.2369     1.0732     3.8132     0.8470 1.0000e-12       2640     1.8326  0.000e+00
     31.431   65.76068 -168.74408     31.746     2.8687     2.8702     2.8669    32.7929    32.8053  1026.2840    26.1349    255.578    244.892  329.06711     77.668     74.430     0.2259     1.0073     3.8132     0.8470 1.0000e-12       2641     1.8333  0.000e+00
     31.369   65.76068 -168.74408     31.684     2.8690     2.8707     2.8673    32.7933    32.8062  1026.2840    26.1352    255.428    244.921  329.06311     77.623     74.440     0.2161     0.9487     3.8132     0.8470 1.0000e-12       2642     1.8340  0.000e+00
     31.416   65.76068 -168.74408     31.731     2.8693     2.8710     2.8675    32.7938    32.8066  1026.2845    26.1355    255.521    244.799  329.05975     77.652     74.404     0.2149     0.9414     3.8132     0.8470 1.0000e-12       2643     1.8347  0.000e+00
     31.431   65.76068 -168.74408     31.746     2.8698     2.8712     2.8680    32.7938    32.8068  1026.2845    26.1355    255.413    244.867  329.05586     77.620     74.425     0.2149     0.9414     3.8132     0.8470 1.0000e-12       2644     1.8354  0.000e+00
     31.416   65.76068 -168.74408     31.731     2.8696     2.8712     2.8678    32.7946    32.8074  1026.2852    26.1362    255.291    244.756  329.05502     77.583     74.392     0.2161     0.9487     3.8132     0.8470 1.0000e-12       2645     1.8361  0.000e+00
     31.485   65.76068 -168.74408     31.801     2.8701     2.8716     2.8683    32.7952    32.8079  1026.2859    26.1366    255.370    244.638  329.04968     77.608     74.357     0.2173     0.9560     3.8132     0.8470 1.0000e-12       2646     1.8368  0.000e+00
     31.485   65.76068 -168.74408     31.801     2.8703     2.8720     2.8685    32.7953    32.8080  1026.2860    26.1367    255.248    244.488  329.04807     77.572     74.312     0.2161     0.9487     3.8132     0.8470 1.0000e-12       2647     1.8375  0.000e+00
     31.531   65.76068 -168.74408     31.848     2.8704     2.8720     2.8686    32.7955    32.8085  1026.2864    26.1368    255.111    244.554  329.04622     77.530     74.332     0.2173     0.9560     3.8132     0.8470 1.0000e-12       2648     1.8382  0.000e+00
     31.539   65.76068 -168.74408     31.855     2.8707     2.8725     2.8690    32.7958    32.8087  1026.2866    26.1370    255.172    244.411  329.04292     77.550     74.290     0.2161     0.9487     3.8132     0.8470 1.0000e-12       2649     1.8389  0.000e+00
     31.585   65.76068 -168.74408     31.902     2.8710     2.8724     2.8692    32.7963    32.8094  1026.2872    26.1374    255.032    244.483  329.03956     77.508     74.312     0.2161     0.9487     3.8120     0.8483 1.0000e-12       2650     1.8396  0.000e+00
     31.539   65.76068 -168.74408     31.855     2.8712     2.8730     2.8694    32.7964    32.8093  1026.2870    26.1374    254.908    244.369  329.03799     77.471     74.278     0.2149     0.9414     3.8083     0.8522 1.0000e-12       2651     1.8403  0.000e+00
     31.639   65.76068 -168.74408     31.957     2.8715     2.8730     2.8697    32.7966    32.8101  1026.2877    26.1376    254.987    244.252  329.03471     77.496     74.243     0.2161     0.9487     3.8071     0.8535 1.0000e-12       2652     1.8410  0.000e+00
     31.655   65.76068 -168.74408     31.972     2.8713     2.8734     2.8695    32.7983    32.8104  1026.2891    26.1390    254.863    244.317  329.03179     77.458     74.264     0.2161     0.9487     3.8071     0.8535 1.0000e-12       2653     1.8417  0.000e+00
     31.655   65.76068 -168.74408     31.972     2.8720     2.8736     2.8702    32.7981    32.8114  1026.2889    26.1387    254.936    244.201  329.02718     77.482     74.230     0.2161     0.9487     3.8071     0.8535 1.0000e-12       2654     1.8424  0.000e+00
     31.639   65.76068 -168.74408     31.957     2.8723     2.8739     2.8705    32.7991    32.8116  1026.2895    26.1395    254.804    244.075  329.02212     77.443     74.192     0.2173     0.9560     3.8071     0.8535 8.4714e-06       2655     1.8431  0.000e+00
     31.716   65.76068 -168.74408     32.035     2.8726     2.8741     2.8708    32.7994    32.8117  1026.2901    26.1397    254.656    243.944  329.01911     77.399     74.152     0.2149     0.9414     3.8071     0.8535 1.0000e-12       2656     1.8438  0.000e+00
