EcoFOCI/data/1_SampleCollection/2023_SikuliaqDBO_CruiseData/CTD_raw_BottleFile_SKQ23-12S/proc/skq202312s_019.ros
* Sea-Bird SBE 9 Data File:
* FileName = D:\CTD\SKQ202312S\SKQ202312S_019.hex
* Software Version Seasave V 7.26.7.121
* Temperature SN = 6177
* Conductivity SN = 0369
* Number of Bytes Per Scan = 41
* Number of Voltage Words = 4
* Number of Scans Averaged by the Deck Unit = 1
* NMEA Latitude = 64 59.99 N
* NMEA Longitude = 168 13.30 W
* NMEA UTC (Time) = Sep 17 2023  22:28:58
* NMEA baud rate = 4800
** Ship: R/V Sikuliaq
** Station Number: 019
** Station Name: DBO2.7
** Bottom Depth: 45
** Operator: SD
# nquan = 22
# nvalues = 882                                   
# units = specified
# name 0 = depSM: Depth [salt water, m]
# name 1 = latitude: Latitude [deg]
# name 2 = longitude: Longitude [deg]
# name 3 = prDM: Pressure, Digiquartz [db]
# name 4 = t090C: Temperature [ITS-90, deg C]
# name 5 = t190C: Temperature, 2 [ITS-90, deg C]
# name 6 = potemp090C: Potential Temperature [ITS-90, deg C]
# name 7 = sal00: Salinity, Practical [PSU]
# name 8 = sal11: Salinity, Practical, 2 [PSU]
# name 9 = density00: Density [density, kg/m^3]
# name 10 = sigma-é00: Density [sigma-theta, kg/m^3]
# name 11 = sbox0Mm/Kg: Oxygen, SBE 43 [umol/kg]
# name 12 = sbox1Mm/Kg: Oxygen, SBE 43, 2 [umol/kg]
# name 13 = oxsolMm/Kg: Oxygen Saturation, Garcia & Gordon [umol/kg]
# name 14 = sbeox0PS: Oxygen, SBE 43 [% saturation]
# name 15 = v0: Voltage 0
# name 16 = flECO-AFL: Fluorescence, WET Labs ECO-AFL/FL [mg/m^3]
# name 17 = CStarAt0: Beam Attenuation, WET Labs C-Star [1/m]
# name 18 = par: PAR/Irradiance, Biospherical/Licor
# name 19 = scan: Scan Count
# name 20 = nbf: Bottles Fired
# name 21 = flag:  0.000e+00
# interval = seconds: 0.0416667
# start_time = Sep 17 2023 22:32:38 [NMEA time, first data scan]
# bad_flag = -9.990e-29
*END*
[from data line 659]
      8.280   64.99990 -168.22156      8.363     6.2613     6.2610     6.2606    28.0348    31.4885  1022.0636    22.0247    230.500    280.243  314.22579     73.355     0.4249     2.2015     0.9720 3.4992e+01      19821         14  0.000e+00
      8.219   64.99990 -168.22156      8.300     6.2616     6.2612     6.2610    28.0339    31.4892  1022.0626    22.0240    230.513    280.219  314.22510     73.359     0.4249     2.2015     0.9733 3.5091e+01      19822         14  0.000e+00
      8.280   64.99990 -168.22156      8.363     6.2616     6.2609     6.2609    28.0336    31.4895  1022.0626    22.0238    230.486    280.222  314.22626     73.350     0.4261     2.2088     0.9733 3.5091e+01      19823         14  0.000e+00
      8.219   64.99990 -168.22156      8.300     6.2619     6.2610     6.2613    28.0356    31.4893  1022.0639    22.0254    230.491    280.395  314.21891     73.354     0.4212     2.1795     0.9720 3.5091e+01      19824         14  0.000e+00
      8.219   64.99990 -168.22156      8.300     6.2623     6.2609     6.2617    28.0359    31.4895  1022.0641    22.0255    230.283    280.395  314.21564     73.288     0.4176     2.1575     0.9733 3.5091e+01      19825         14  0.000e+00
      8.219   64.99990 -168.22156      8.300     6.2622     6.2610     6.2616    28.0366    31.4888  1022.0647    22.0261    230.462    280.236  314.21428     73.346     0.4164     2.1502     0.9733 3.5091e+01      19826         14  0.000e+00
      8.196   64.99990 -168.22156      8.277     6.2625     6.2609     6.2619    28.0367    31.4888  1022.0646    22.0261    230.279    280.218  314.21193     73.288     0.4164     2.1502     0.9733 3.5091e+01      19827         14  0.000e+00
      8.280   64.99990 -168.22156      8.363     6.2625     6.2607     6.2619    28.0353    31.4889  1022.0639    22.0250    230.289    280.222  314.21514     73.290     0.4164     2.1502     0.9733 3.5091e+01      19828         14  0.000e+00
      8.165   64.99990 -168.22156      8.246     6.2626     6.2609     6.2620    28.0325    31.4893  1022.0611    22.0228    230.307    280.216  314.22132     73.295     0.4176     2.1575     0.9733 3.5091e+01      19829         14  0.000e+00
      8.219   64.99990 -168.22156      8.300     6.2627     6.2607     6.2621    28.0323    31.4898  1022.0612    22.0227    230.109    280.220  314.22090     73.232     0.4164     2.1502     0.9746 3.5190e+01      19830         14  0.000e+00
      8.219   64.99990 -168.22156      8.300     6.2627     6.2609     6.2621    28.0344    31.4898  1022.0629    22.0243    230.121    280.398  314.21613     73.237     0.4164     2.1502     0.9746 3.5190e+01      19831         14  0.000e+00
      8.165   64.99990 -168.22156      8.246     6.2626     6.2607     6.2620    28.0342    31.4892  1022.0625    22.0242    230.120    280.241  314.21729     73.236     0.4151     2.1428     0.9733 3.5190e+01      19832         14  0.000e+00
      8.219   64.99990 -168.22156      8.300     6.2629     6.2606     6.2623    28.0342    31.4896  1022.0627    22.0241    230.133    280.228  314.21510     73.241     0.4164     2.1502     0.9733 3.5190e+01      19833         14  0.000e+00
      8.219   64.99990 -168.22156      8.300     6.2627     6.2610     6.2621    28.0356    31.4895  1022.0638    22.0253    229.928    280.228  314.21325     73.176     0.4176     2.1575     0.9746 3.5190e+01      19834         14  0.000e+00
      8.165   64.99990 -168.22156      8.246     6.2629     6.2607     6.2623    28.0375    31.4895  1022.0651    22.0268    229.903    280.232  314.20732     73.169     0.4164     2.1502     0.9746 3.5190e+01      19835         14  0.000e+00
      8.219   64.99990 -168.22156      8.300     6.2627     6.2609     6.2621    28.0365    31.4896  1022.0645    22.0260    229.901    280.237  314.21076     73.168     0.4176     2.1575     0.9746 3.5190e+01      19836         14  0.000e+00
      8.111   64.99990 -168.22156      8.191     6.2625     6.2606     6.2619    28.0371    31.4899  1022.0645    22.0264    229.905    280.240  314.21102     73.169     0.4164     2.1502     0.9733 3.5190e+01      19837         14  0.000e+00
      8.250   64.99990 -168.22156      8.331     6.2627     6.2607     6.2621    28.0348    31.4896  1022.0634    22.0246    229.962    280.250  314.21509     73.186     0.4176     2.1575     0.9746 3.5190e+01      19838         14  0.000e+00
      8.165   64.99990 -168.22156      8.246     6.2627     6.2606     6.2621    28.0335    31.4893  1022.0619    22.0236    229.795    280.256  314.21786     73.132     0.4164     2.1502     0.9733 3.5190e+01      19839         14  0.000e+00
      8.165   64.99990 -168.22156      8.246     6.2629     6.2604     6.2623    28.0357    31.4895  1022.0636    22.0253    229.781    280.264  314.21151     73.129     0.4164     2.1502     0.9746 3.5289e+01      19840         14  0.000e+00
      8.219   64.99990 -168.22156      8.300     6.2629     6.2607     6.2623    28.0368    31.4893  1022.0647    22.0261    229.784    280.272  314.20910     73.131     0.4164     2.1502     0.9746 3.5289e+01      19841         14  0.000e+00
      8.165   64.99990 -168.22156      8.246     6.2632     6.2606     6.2626    28.0342    31.4892  1022.0624    22.0241    229.801    280.281  314.21281     73.136     0.4176     2.1575     0.9746 3.5289e+01      19842         14  0.000e+00
      8.165   64.99990 -168.22156      8.246     6.2631     6.2606     6.2625    28.0337    31.4893  1022.0620    22.0237    230.033    280.290  314.21484     73.209     0.4164     2.1502     0.9733 3.5190e+01      19843         14  0.000e+00
      8.219   64.99990 -168.22156      8.300     6.2632     6.2606     6.2626    28.0358    31.4899  1022.0639    22.0254    229.669    280.301  314.20899     73.094     0.4164     2.1502     0.9746 3.5289e+01      19844         14  0.000e+00
      8.165   64.99990 -168.22156      8.246     6.2630     6.2607     6.2624    28.0343    31.4895  1022.0625    22.0242    229.667    280.310  314.21364     73.093     0.4164     2.1502     0.9746 3.5289e+01      19845         14  0.000e+00
      8.165   64.99990 -168.22156      8.246     6.2631     6.2607     6.2625    28.0337    31.4895  1022.0620    22.0237    229.678    280.322  314.21484     73.096     0.4176     2.1575     0.9746 3.5289e+01      19846         14  0.000e+00
      8.165   64.99990 -168.22156      8.246     6.2630     6.2607     6.2624    28.0347    31.4896  1022.0628    22.0245    229.699    280.334  314.21274     73.103     0.4164     2.1502     0.9746 3.5389e+01      19847         14  0.000e+00
      1.184   64.99990 -168.22156      1.195     7.4082     7.4091     7.4081    24.5884    27.0962  1019.1883    19.1827    170.130    280.884  313.77529     54.220     0.2991     1.4469     1.0467 7.5207e+02      22209         15  0.000e+00
      1.299   64.99990 -168.22156      1.312     7.4079     7.4093     7.4078    24.5852    27.0962  1019.1864    19.1803    170.165    280.728  313.78478     54.230     0.2991     1.4469     1.0467 7.5207e+02      22210         15  0.000e+00
      1.245   64.99990 -168.22156      1.258     7.4081     7.4090     7.4080    24.5839    27.0965  1019.1851    19.1792    169.581    280.716  313.78673     54.043     0.2991     1.4469     1.0467 7.5207e+02      22211         15  0.000e+00
      1.299   64.99990 -168.22156      1.312     7.4082     7.4091     7.4081    24.5836    27.0967  1019.1851    19.1790    170.118    280.709  313.78630     54.215     0.2991     1.4469     1.0467 7.5207e+02      22212         15  0.000e+00
      1.376   64.99990 -168.22156      1.390     7.4084     7.4091     7.4082    24.5860    27.0970  1019.1873    19.1809    170.147    280.708  313.77962     54.225     0.2991     1.4469     1.0467 7.5419e+02      22213         15  0.000e+00
      1.353   64.99990 -168.22156      1.367     7.4085     7.4093     7.4084    24.5863    27.0959  1019.1874    19.1811    169.988    280.708  313.77785     54.175     0.2979     1.4395     1.0467 7.5631e+02      22214         15  0.000e+00
      1.415   64.99990 -168.22156      1.429     7.4087     7.4103     7.4086    24.5855    27.0931  1019.1871    19.1804    169.985    280.715  313.77827     54.174     0.2991     1.4469     1.0467 5.9720e+02      22215         15  0.000e+00
      1.415   64.99990 -168.22156      1.429     7.4090     7.4117     7.4089    24.5858    27.0891  1019.1872    19.1806    169.988    280.722  313.77546     54.175     0.2979     1.4395     1.0467 4.5208e+02      22216         15  0.000e+00
      1.415   64.99990 -168.22156      1.429     7.4094     7.4127     7.4092    24.5853    27.0857  1019.1868    19.1802    170.000    280.736  313.77408     54.179     0.2991     1.4469     1.0467 4.2495e+02      22217         15  0.000e+00
      1.469   64.99990 -168.22156      1.484     7.4095     7.4133     7.4094    24.5832    27.0835  1019.1854    19.1785    169.827    280.756  313.77784     54.123     0.2979     1.4395     1.0467 3.7339e+02      22218         15  0.000e+00
      1.469   64.99990 -168.22156      1.484     7.4100     7.4136     7.4099    24.5820    27.0829  1019.1844    19.1775    169.804    280.759  313.77681     54.116     0.2991     1.4469     1.0467 2.9648e+02      22219         15  0.000e+00
      1.415   64.99990 -168.22156      1.429     7.4100     7.4140     7.4099    24.5812    27.0824  1019.1835    19.1769    169.819    280.763  313.77878     54.121     0.2979     1.4395     1.0467 2.7791e+02      22220         15  0.000e+00
      1.531   64.99990 -168.22156      1.546     7.4103     7.4142     7.4102    24.5799    27.0819  1019.1830    19.1758    169.846    280.778  313.77965     54.129     0.2991     1.4469     1.0467 2.7869e+02      22221         15  0.000e+00
      1.469   64.99990 -168.22156      1.484     7.4106     7.4142     7.4105    24.5804    27.0824  1019.1831    19.1762    169.651    280.614  313.77626     54.068     0.2979     1.4395     1.0467 2.7713e+02      22222         15  0.000e+00
      1.531   64.99990 -168.22156      1.546     7.4106     7.4144     7.4105    24.5741    27.0818  1019.1784    19.1712    169.567    280.618  313.79073     54.038     0.2991     1.4469     1.0467 2.7558e+02      22223         15  0.000e+00
      1.531   64.99990 -168.22156      1.546     7.4111     7.4146     7.4110    24.5703    27.0798  1019.1754    19.1682    169.567    280.609  313.79583     54.037     0.2991     1.4469     1.0467 2.7020e+02      22224         15  0.000e+00
      1.585   64.99990 -168.22156      1.600     7.4111     7.4145     7.4110    24.5659    27.0767  1019.1721    19.1647    169.580    280.628  313.80596     54.040     0.3077     1.4982     1.0467 2.4974e+02      22225         15  0.000e+00
      1.585   64.99990 -168.22156      1.600     7.4114     7.4147     7.4113    24.5684    27.0756  1019.1741    19.1667    169.592    280.625  313.79784     54.045     0.3101     1.5128     1.0467 2.4145e+02      22226         15  0.000e+00
      1.585   64.99990 -168.22156      1.600     7.4116     7.4149     7.4115    24.5679    27.0758  1019.1737    19.1663    169.393    280.800  313.79761     53.982     0.3114     1.5201     1.0467 2.3875e+02      22227         15  0.000e+00
      1.647   64.99990 -168.22156      1.663     7.4118     7.4157     7.4116    24.5649    27.0734  1019.1716    19.1639    169.379    280.821  313.80353     53.976     0.3101     1.5128     1.0453 2.1758e+02      22228         15  0.000e+00
      1.701   64.99990 -168.22156      1.717     7.4124     7.4164     7.4123    24.5616    27.0681  1019.1692    19.1612    169.374    280.852  313.80626     53.974     0.3114     1.5201     1.0467 2.0859e+02      22229         15  0.000e+00
      1.754   64.99990 -168.22156      1.772     7.4126     7.4167     7.4124    24.5615    27.0643  1019.1694    19.1611    169.377    280.885  313.80538     53.975     0.3101     1.5128     1.0467 2.0801e+02      22230         15  0.000e+00
      1.701   64.99990 -168.22156      1.717     7.4126     7.4168     7.4124    24.5606    27.0639  1019.1684    19.1604    169.389    280.911  313.80750     53.979     0.3101     1.5128     1.0453 2.1515e+02      22231         15  0.000e+00
      1.870   64.99990 -168.22156      1.889     7.4131     7.4165     7.4129    24.5616    27.0653  1019.1699    19.1612    169.610    280.772  313.80154     54.050     0.3114     1.5201     1.0467 2.1943e+02      22232         15  0.000e+00
      1.754   64.99990 -168.22156      1.772     7.4132     7.4160     7.4131    24.5600    27.0669  1019.1681    19.1599    169.270    280.961  313.80418     53.941     0.3101     1.5128     1.0467 2.2005e+02      22233         15  0.000e+00
      1.870   64.99990 -168.22156      1.889     7.4134     7.4155     7.4133    24.5603    27.0682  1019.1688    19.1601    168.891    281.004  313.80210     53.821     0.3114     1.5201     1.0467 2.0338e+02      22234         15  0.000e+00
      1.755   64.99990 -168.22156      1.772     7.4136     7.4151     7.4134    24.5622    27.0692  1019.1698    19.1616    169.229    280.865  313.79652     53.930     0.3101     1.5128     1.0467 1.9064e+02      22235         15  0.000e+00
      1.816   64.99990 -168.22154      1.834     7.4135     7.4152     7.4134    24.5641    27.0694  1019.1716    19.1631    169.438    280.875  313.79245     53.997     0.3114     1.5201     1.0467 1.8850e+02      22236         15  0.000e+00
      1.893   64.99990 -168.22154      1.912     7.4139     7.4152     7.4137    24.5628    27.0698  1019.1709    19.1620    169.288    280.889  313.79301     53.949     0.3101     1.5128     1.0467 1.8850e+02      22237         15  0.000e+00
      1.755   64.99990 -168.22154      1.772     7.4137     7.4151     7.4136    24.5625    27.0698  1019.1700    19.1617    169.316    280.900  313.79486     53.957     0.3114     1.5201     1.0467 1.8745e+02      22238         15  0.000e+00
      1.755   64.99990 -168.22154      1.772     7.4141     7.4149     7.4139    24.5620    27.0706  1019.1696    19.1614    169.129    280.917  313.79333     53.898     0.3101     1.5128     1.0467 1.8692e+02      22239         15  0.000e+00
      1.816   64.99990 -168.22154      1.834     7.4139     7.4149     7.4137    24.5626    27.0704  1019.1703    19.1618    168.928    280.940  313.79346     53.834     0.3114     1.5201     1.0467 1.8379e+02      22240         15  0.000e+00
      1.816   64.99990 -168.22154      1.834     7.4141     7.4147     7.4139    24.5641    27.0712  1019.1715    19.1630    169.103    280.945  313.78860     53.891     0.3101     1.5128     1.0467 1.7920e+02      22241         15  0.000e+00
      1.870   64.99990 -168.22154      1.889     7.4141     7.4141     7.4139    24.5629    27.0726  1019.1708    19.1620    169.095    280.974  313.79133     53.888     0.3114     1.5201     1.0467 1.7769e+02      22242         15  0.000e+00
      1.816   64.99990 -168.22154      1.834     7.4139     7.4141     7.4137    24.5617    27.0730  1019.1697    19.1611    168.896    280.982  313.79548     53.824     0.3101     1.5128     1.0467 1.7620e+02      22243         15  0.000e+00
      1.986   64.99990 -168.22154      2.006     7.4141     7.4141     7.4139    24.5613    27.0728  1019.1701    19.1608    168.908    281.001  313.79509     53.827     0.3114     1.5201     1.0467 1.7228e+02      22244         15  0.000e+00
      1.870   64.99990 -168.22154      1.889     7.4142     7.4142     7.4140    24.5644    27.0727  1019.1720    19.1632    168.838    281.011  313.78718     53.807     0.3101     1.5128     1.0467 1.7083e+02      22245         15  0.000e+00
      1.932   64.99990 -168.22154      1.951     7.4141     7.4146     7.4139    24.5656    27.0712  1019.1732    19.1642    168.838    281.031  313.78511     53.807     0.3114     1.5201     1.0467 1.6987e+02      22246         15  0.000e+00
