EcoFOCI/data/1_SampleCollection/2023_SikuliaqDBO_CruiseData/CTD_raw_BottleFile_SKQ23-12S/proc/skq202312s_068.ros
* Sea-Bird SBE 9 Data File:
* FileName = D:\CTD\SKQ202312S\SKQ202312S_068.hex
* Software Version Seasave V 7.26.7.121
* Temperature SN = 6177
* Conductivity SN = 0369
* Number of Bytes Per Scan = 41
* Number of Voltage Words = 4
* Number of Scans Averaged by the Deck Unit = 1
* NMEA Latitude = 67 40.62 N
* NMEA Longitude = 168 56.94 W
* NMEA UTC (Time) = Sep 29 2023  21:42:04
* NMEA baud rate = 4800
** Ship: R/V Sikuliaq
** Station Number: 068
** Station Name: DBO3.8
** Bottom Depth: 50
** Operator: SD
# nquan = 22
# nvalues = 1127                                  
# units = specified
# name 0 = depSM: Depth [salt water, m]
# name 1 = latitude: Latitude [deg]
# name 2 = longitude: Longitude [deg]
# name 3 = prDM: Pressure, Digiquartz [db]
# name 4 = t090C: Temperature [ITS-90, deg C]
# name 5 = t190C: Temperature, 2 [ITS-90, deg C]
# name 6 = potemp090C: Potential Temperature [ITS-90, deg C]
# name 7 = sal00: Salinity, Practical [PSU]
# name 8 = sal11: Salinity, Practical, 2 [PSU]
# name 9 = density00: Density [density, kg/m^3]
# name 10 = sigma-é00: Density [sigma-theta, kg/m^3]
# name 11 = sbox0Mm/Kg: Oxygen, SBE 43 [umol/kg]
# name 12 = sbox1Mm/Kg: Oxygen, SBE 43, 2 [umol/kg]
# name 13 = oxsolMm/Kg: Oxygen Saturation, Garcia & Gordon [umol/kg]
# name 14 = sbeox0PS: Oxygen, SBE 43 [% saturation]
# name 15 = v0: Voltage 0
# name 16 = flECO-AFL: Fluorescence, WET Labs ECO-AFL/FL [mg/m^3]
# name 17 = CStarAt0: Beam Attenuation, WET Labs C-Star [1/m]
# name 18 = par: PAR/Irradiance, Biospherical/Licor
# name 19 = scan: Scan Count
# name 20 = nbf: Bottles Fired
# name 21 = flag:  0.000e+00
# interval = seconds: 0.0416667
# start_time = Sep 29 2023 21:45:22 [NMEA time, first data scan]
# bad_flag = -9.990e-29
*END*
[from data line 132]
     44.907   67.67710 -168.94950     45.365     2.9162     2.9168     2.9136    32.4243    32.4357  1026.0498    25.8367    236.530    224.486  329.60268     71.762     0.0940     0.2161     2.8021 4.9956e-02       6429          3  0.000e+00
     44.853   67.67710 -168.94950     45.311     2.9160     2.9168     2.9135    32.4248    32.4362  1026.0499    25.8371    236.542    224.485  329.60271     71.766     0.0928     0.2088     2.8021 4.5283e-02       6430          3  0.000e+00
     44.907   67.67710 -168.94950     45.365     2.9158     2.9168     2.9133    32.4251    32.4361  1026.0504    25.8373    236.557    224.489  329.60329     71.770     0.0940     0.2161     2.8021 4.4364e-02       6431          3  0.000e+00
     44.853   67.67710 -168.94950     45.311     2.9158     2.9168     2.9133    32.4254    32.4358  1026.0504    25.8376    236.568    224.491  329.60251     71.774     0.0928     0.2088     2.8021 4.2996e-02       6432          3  0.000e+00
     44.907   67.67710 -168.94950     45.365     2.9157     2.9168     2.9131    32.4253    32.4359  1026.0507    25.8376    236.548    224.300  329.60389     71.767     0.0940     0.2161     2.8021 4.1188e-02       6433          3  0.000e+00
     44.907   67.67710 -168.94950     45.365     2.9157     2.9168     2.9131    32.4255    32.4364  1026.0508    25.8377    236.340    224.282  329.60349     71.704     0.0928     0.2088     2.8021 4.0740e-02       6434          3  0.000e+00
     44.853   67.67710 -168.94950     45.311     2.9158     2.9167     2.9133    32.4255    32.4373  1026.0505    25.8376    236.497    224.264  329.60231     71.752     0.0940     0.2161     2.8021 4.2996e-02       6435          3  0.000e+00
     44.907   67.67710 -168.94950     45.365     2.9155     2.9165     2.9130    32.4256    32.4377  1026.0509    25.8378    236.513    224.277  329.60460     71.757     0.0940     0.2161     2.8021 4.6207e-02       6436          3  0.000e+00
     44.853   67.67710 -168.94950     45.311     2.9155     2.9167     2.9130    32.4259    32.4375  1026.0509    25.8381    236.522    224.264  329.60372     71.760     0.0940     0.2161     2.8021 4.7137e-02       6437          3  0.000e+00
     44.908   67.67710 -168.94950     45.365     2.9158     2.9167     2.9133    32.4252    32.4369  1026.0506    25.8375    236.754    224.454  329.60289     71.830     0.0940     0.2161     2.8041 4.7137e-02       6438          3  0.000e+00
     44.908   67.67710 -168.94950     45.365     2.9157     2.9167     2.9131    32.4250    32.4370  1026.0504    25.8373    236.363    224.469  329.60470     71.711     0.0940     0.2161     2.8167 4.7137e-02       6439          3  0.000e+00
     44.854   67.67710 -168.94950     45.311     2.9157     2.9167     2.9131    32.4250    32.4372  1026.0501    25.8373    236.557    224.483  329.60473     71.770     0.0940     0.2161     2.8251 4.7603e-02       6440          3  0.000e+00
     44.908   67.67710 -168.94950     45.365     2.9157     2.9167     2.9131    32.4250    32.4374  1026.0504    25.8373    236.351    224.306  329.60480     71.708     0.0940     0.2161     2.8251 4.6207e-02       6441          3  0.000e+00
     44.854   67.67710 -168.94950     45.311     2.9155     2.9166     2.9130    32.4255    32.4374  1026.0505    25.8377    236.547    224.497  329.60493     71.767     0.0940     0.2161     2.8251 4.1188e-02       6442          3  0.000e+00
     44.908   67.67710 -168.94950     45.365     2.9155     2.9167     2.9130    32.4257    32.4374  1026.0509    25.8378    236.525    224.322  329.60440     71.760     0.0940     0.2161     2.8230 3.9846e-02       6443          3  0.000e+00
     44.792   67.67710 -168.94952     45.249     2.9163     2.9175     2.9138    32.4229    32.4336  1026.0481    25.8356    236.465    225.132  329.60474     71.742     0.0940     0.2161     2.8146 5.0431e-02       6609          4  0.000e+00
     44.792   67.67710 -168.94952     45.249     2.9162     2.9175     2.9136    32.4234    32.4337  1026.0485    25.8359    236.474    225.123  329.60494     71.745     0.0940     0.2161     2.8146 5.0431e-02       6610          4  0.000e+00
     44.738   67.67710 -168.94952     45.194     2.9161     2.9176     2.9136    32.4240    32.4334  1026.0488    25.8365    236.480    225.113  329.60377     71.747     0.0940     0.2161     2.8146 4.7603e-02       6611          4  0.000e+00
     44.792   67.67710 -168.94952     45.249     2.9162     2.9175     2.9136    32.4240    32.4334  1026.0490    25.8365    236.491    225.107  329.60334     71.750     0.0965     0.2308     2.8146 4.4823e-02       6612          4  0.000e+00
     44.738   67.67710 -168.94952     45.194     2.9158     2.9173     2.9133    32.4252    32.4329  1026.0497    25.8374    236.279    225.294  329.60296     71.686     0.0965     0.2308     2.8146 4.4823e-02       6613          4  0.000e+00
     44.792   67.67710 -168.94952     45.249     2.9160     2.9176     2.9135    32.4253    32.4325  1026.0501    25.8375    236.473    225.112  329.60132     71.745     0.0977     0.2381     2.8146 4.5745e-02       6614          4  0.000e+00
     44.792   67.67710 -168.94952     45.249     2.9157     2.9173     2.9132    32.4252    32.4329  1026.0500    25.8374    236.267    225.080  329.60434     71.682     0.0965     0.2308     2.8146 4.6207e-02       6615          4  0.000e+00
     44.738   67.67710 -168.94952     45.194     2.9160     2.9176     2.9135    32.4250    32.4326  1026.0495    25.8372    236.459    225.238  329.60226     71.741     0.0965     0.2308     2.8146 4.6671e-02       6616          4  0.000e+00
     44.792   67.67710 -168.94952     45.249     2.9155     2.9176     2.9130    32.4260    32.4323  1026.0507    25.8381    236.473    225.227  329.60354     71.745     0.0965     0.2308     2.8146 4.7603e-02       6617          4  0.000e+00
     44.738   67.67710 -168.94952     45.194     2.9158     2.9176     2.9133    32.4262    32.4325  1026.0506    25.8383    236.481    225.014  329.60035     71.748     0.0977     0.2381     2.8146 4.9011e-02       6618          4  0.000e+00
     44.792   67.67710 -168.94952     45.249     2.9155     2.9173     2.9130    32.4264    32.4331  1026.0510    25.8384    236.496    225.173  329.60253     71.752     0.0965     0.2308     2.8146 4.9483e-02       6619          4  0.000e+00
     44.738   67.67710 -168.94952     45.194     2.9152     2.9173     2.9127    32.4267    32.4340  1026.0510    25.8387    236.508    225.176  329.60437     71.755     0.0977     0.2381     2.8146 5.1863e-02       6620          4  0.000e+00
     44.792   67.67710 -168.94952     45.249     2.9154     2.9168     2.9128    32.4265    32.4350  1026.0511    25.8386    236.740    224.988  329.60354     71.826     0.0965     0.2308     2.8167 5.7217e-02       6621          4  0.000e+00
     44.792   67.67710 -168.94952     45.249     2.9154     2.9170     2.9128    32.4271    32.4351  1026.0516    25.8390    236.565    224.968  329.60203     71.773     0.0965     0.2308     2.8188 5.9205e-02       6622          4  0.000e+00
     44.738   67.67710 -168.94952     45.194     2.9152     2.9170     2.9127    32.4281    32.4352  1026.0521    25.8398    236.574    225.144  329.60105     71.776     0.0965     0.2308     2.8167 5.8706e-02       6623          4  0.000e+00
     44.792   67.67710 -168.94952     45.249     2.9152     2.9167     2.9127    32.4286    32.4366  1026.0527    25.8402    236.585    225.149  329.59972     71.779     0.0977     0.2381     2.8188 5.8706e-02       6624          4  0.000e+00
     44.792   67.67710 -168.94952     45.249     2.9150     2.9166     2.9125    32.4280    32.4370  1026.0523    25.8397    236.597    225.152  329.60253     71.783     0.0965     0.2308     2.8167 5.8208e-02       6625          4  0.000e+00
     44.738   67.67710 -168.94952     45.194     2.9150     2.9168     2.9125    32.4277    32.4367  1026.0518    25.8395    236.606    225.151  329.60317     71.785     0.0965     0.2308     2.8188 5.6723e-02       6626          4  0.000e+00
     44.792   67.67710 -168.94952     45.249     2.9150     2.9167     2.9125    32.4279    32.4364  1026.0522    25.8397    236.618    225.156  329.60274     71.789     0.0965     0.2308     2.8167 4.7137e-02       6627          4  0.000e+00
     44.792   67.67710 -168.94952     45.249     2.9152     2.9167     2.9127    32.4275    32.4360  1026.0518    25.8393    236.591    224.984  329.60253     71.781     0.0977     0.2381     2.8188 4.2542e-02       6628          4  0.000e+00
     44.792   67.67710 -168.94952     45.249     2.9152     2.9168     2.9127    32.4271    32.4359  1026.0515    25.8390    236.564    225.181  329.60354     71.772     0.0952     0.2234     2.8167 4.2542e-02       6629          4  0.000e+00
     44.738   67.67710 -168.94952     45.194     2.9150     2.9168     2.9125    32.4265    32.4356  1026.0509    25.8386    236.571    225.205  329.60618     71.774     0.0977     0.2381     2.8188 3.9846e-02       6630          4  0.000e+00
     44.792   67.67710 -168.94952     45.249     2.9152     2.9170     2.9127    32.4257    32.4350  1026.0504    25.8379    236.800    225.207  329.60706     71.843     0.0965     0.2308     2.8188 3.8516e-02       6631          4  0.000e+00
     44.792   67.67710 -168.94952     45.249     2.9155     2.9170     2.9130    32.4248    32.4351  1026.0497    25.8371    236.841    225.207  329.60666     71.856     0.0977     0.2381     2.8167 3.8074e-02       6632          4  0.000e+00
     44.854   67.67710 -168.94952     45.311     2.9155     2.9168     2.9130    32.4235    32.4353  1026.0490    25.8361    236.629    225.405  329.60976     71.791     0.0965     0.2308     2.8188 4.6207e-02       6633          4  0.000e+00
     44.738   67.67710 -168.94952     45.194     2.9157     2.9170     2.9132    32.4242    32.4352  1026.0490    25.8367    236.626    225.225  329.60668     71.790     0.0965     0.2308     2.8188 5.1863e-02       6634          4  0.000e+00
     44.854   67.67710 -168.94952     45.311     2.9157     2.9167     2.9131    32.4253    32.4363  1026.0504    25.8376    236.630    225.224  329.60392     71.792     0.0965     0.2308     2.8188 5.2824e-02       6635          4  0.000e+00
     44.792   67.67710 -168.94952     45.249     2.9158     2.9165     2.9133    32.4257    32.4372  1026.0504    25.8378    236.630    225.413  329.60173     71.793     0.0977     0.2381     2.8167 5.1863e-02       6636          4  0.000e+00
     44.792   67.67710 -168.94952     45.249     2.9155     2.9162     2.9130    32.4265    32.4382  1026.0510    25.8385    236.633    225.454  329.60233     71.794     0.0952     0.2234     2.8167 5.1384e-02       6637          4  0.000e+00
     44.792   67.67710 -168.94952     45.249     2.9155     2.9162     2.9130    32.4262    32.4388  1026.0508    25.8383    236.637    225.468  329.60304     71.795     0.0928     0.2088     2.8167 5.1384e-02       6638          4  0.000e+00
     44.792   67.67710 -168.94952     45.249     2.9155     2.9160     2.9130    32.4263    32.4392  1026.0509    25.8383    236.640    225.310  329.60283     71.795     0.0916     0.2015     2.8188 5.3306e-02       6639          4  0.000e+00
     44.854   67.67710 -168.94952     45.311     2.9158     2.9162     2.9133    32.4261    32.4384  1026.0510    25.8382    236.606    225.522  329.60070     71.786     0.0928     0.2088     2.8188 5.5740e-02       6640          4  0.000e+00
     44.792   67.67710 -168.94952     45.249     2.9155     2.9162     2.9130    32.4264    32.4381  1026.0510    25.8384    236.570    225.557  329.60263     71.774     0.0928     0.2088     2.8230 5.6231e-02       6641          4  0.000e+00
     44.854   67.67710 -168.94952     45.311     2.9155     2.9165     2.9130    32.4263    32.4374  1026.0512    25.8384    236.572    225.594  329.60272     71.775     0.0928     0.2088     2.8251 5.7712e-02       6642          4  0.000e+00
     44.854   67.67710 -168.94952     45.311     2.9155     2.9164     2.9130    32.4263    32.4377  1026.0512    25.8384    236.572    225.628  329.60272     71.775     0.0928     0.2088     2.8251 6.1216e-02       6643          4  0.000e+00
     44.792   67.67710 -168.94952     45.249     2.9155     2.9164     2.9130    32.4261    32.4379  1026.0508    25.8382    236.571    225.636  329.60324     71.774     0.0928     0.2088     2.8251 6.2230e-02       6644          4  0.000e+00
     44.854   67.67710 -168.94952     45.311     2.9154     2.9164     2.9128    32.4266    32.4379  1026.0515    25.8386    236.573    225.645  329.60332     71.775     0.0928     0.2088     2.8251 6.0711e-02       6645          4  0.000e+00
     44.854   67.67710 -168.94952     45.311     2.9155     2.9166     2.9130    32.4273    32.4374  1026.0520    25.8392    236.753    225.675  329.60020     71.830     0.0928     0.2088     2.8230 5.7712e-02       6646          4  0.000e+00
     44.854   67.67710 -168.94952     45.311     2.9152     2.9164     2.9127    32.4280    32.4377  1026.0526    25.8398    236.567    225.704  329.60111     71.774     0.0928     0.2088     2.8251 5.6723e-02       6647          4  0.000e+00
     44.792   67.67710 -168.94952     45.249     2.9152     2.9164     2.9127    32.4279    32.4380  1026.0522    25.8396    236.562    225.729  329.60153     71.772     0.0928     0.2088     2.8251 5.4762e-02       6648          4  0.000e+00
     44.854   67.67710 -168.94952     45.311     2.9150     2.9162     2.9125    32.4282    32.4391  1026.0527    25.8399    236.562    225.757  329.60211     71.772     0.0928     0.2088     2.8251 4.7137e-02       6649          4  0.000e+00
     44.854   67.67710 -168.94952     45.311     2.9150     2.9162     2.9125    32.4280    32.4391  1026.0526    25.8397    236.741    225.759  329.60252     71.826     0.0928     0.2088     2.8251 4.3907e-02       6650          4  0.000e+00
     44.908   67.67710 -168.94952     45.366     2.9149     2.9161     2.9123    32.4286    32.4393  1026.0533    25.8402    236.554    225.761  329.60239     71.769     0.0928     0.2088     2.8251 4.4364e-02       6651          4  0.000e+00
     44.854   67.67710 -168.94952     45.311     2.9150     2.9162     2.9125    32.4281    32.4388  1026.0527    25.8398    236.546    225.954  329.60222     71.767     0.0928     0.2088     2.8251 5.1863e-02       6652          4  0.000e+00
     44.854   67.67710 -168.94952     45.311     2.9152     2.9161     2.9127    32.4275    32.4392  1026.0522    25.8394    236.540    225.972  329.60232     71.765     0.0928     0.2088     2.8230 5.5740e-02       6653          4  0.000e+00
     44.854   67.67710 -168.94952     45.311     2.9152     2.9160     2.9127    32.4277    32.4399  1026.0523    25.8395    236.753    225.790  329.60191     71.830     0.0928     0.2088     2.8251 5.6231e-02       6654          4  0.000e+00
     44.908   67.67710 -168.94952     45.366     2.9150     2.9160     2.9125    32.4277    32.4403  1026.0526    25.8395    236.345    225.978  329.60329     71.706     0.0928     0.2088     2.8251 4.9483e-02       6655          4  0.000e+00
     44.854   67.67710 -168.94952     45.311     2.9149     2.9159     2.9123    32.4278    32.4401  1026.0525    25.8396    236.522    225.987  329.60423     71.759     0.0928     0.2088     2.8251 4.5745e-02       6656          4  0.000e+00
     44.908   67.67710 -168.94952     45.366     2.9150     2.9159     2.9125    32.4275    32.4402  1026.0525    25.8394    236.116    226.021  329.60370     71.636     0.0928     0.2088     2.8230 4.4823e-02       6657          4  0.000e+00
     44.858   67.67710 -168.94956     45.315     2.9163     2.9175     2.9138    32.4224    32.4333  1026.0480    25.8352    236.579    225.704  329.60604     71.776     0.0952     0.2234     2.8440 2.9508e-02       7737          5  0.000e+00
