EcoFOCI/data/1_SampleCollection/2023_SikuliaqDBO_CruiseData/CTD_raw_BottleFile_SKQ23-12S/proc/skq202312s_044.cnv
* Sea-Bird SBE 9 Data File:
* FileName = D:\CTD\SKQ202312S\SKQ202312S_044.hex
* Software Version Seasave V 7.26.7.121
* Temperature SN = 6177
* Conductivity SN = 0369
* Number of Bytes Per Scan = 41
* Number of Voltage Words = 4
* Number of Scans Averaged by the Deck Unit = 1
* NMEA Latitude = 71 35.18 N
* NMEA Longitude = 161 23.69 W
* NMEA UTC (Time) = Sep 24 2023  08:13:31
* NMEA baud rate = 4800
** Ship: R/V Sikuliaq
** Station Number: 044
** Station Name: DBO4.4n
** Bottom Depth: 47
** Operator: SS
# nquan = 24
# nvalues = 5956                                  
# units = specified
# name 0 = depSM: Depth [salt water, m]
# name 1 = latitude: Latitude [deg]
# name 2 = longitude: Longitude [deg]
# name 3 = prDM: Pressure, Digiquartz [db]
# name 4 = t090C: Temperature [ITS-90, deg C]
# name 5 = t190C: Temperature, 2 [ITS-90, deg C]
# name 6 = potemp090C: Potential Temperature [ITS-90, deg C]
# name 7 = sal00: Salinity, Practical [PSU]
# name 8 = sal11: Salinity, Practical, 2 [PSU]
# name 9 = density00: Density [density, kg/m^3]
# name 10 = sigma-é00: Density [sigma-theta, kg/m^3]
# name 11 = sbox0Mm/Kg: Oxygen, SBE 43 [umol/kg]
# name 12 = sbox1Mm/Kg: Oxygen, SBE 43, 2 [umol/kg]
# name 13 = oxsolMm/Kg: Oxygen Saturation, Garcia & Gordon [umol/kg]
# name 14 = sbeox0PS: Oxygen, SBE 43 [% saturation]
# name 15 = sbeox1PS: Oxygen, SBE 43, 2 [% saturation]
# name 16 = v0: Voltage 0
# name 17 = flECO-AFL: Fluorescence, WET Labs ECO-AFL/FL [mg/m^3]
# name 18 = v1: Voltage 1
# name 19 = CStarAt0: Beam Attenuation, WET Labs C-Star [1/m]
# name 20 = par: PAR/Irradiance, Biospherical/Licor
# name 21 = scan: Scan Count
# name 22 = timeM: Time, Elapsed [minutes]
# name 23 = flag:  0.000e+00
# span 0 =      2.237,     42.100                 
# span 1 =   71.58606,   71.58618                 
# span 2 = -161.39586, -161.39548                 
# span 3 =      2.260,     42.539                 
# span 4 =    -1.5499,     2.4597                 
# span 5 =    -1.5487,     2.4704                 
# span 6 =    -1.5507,     2.4591                 
# span 7 =    27.0614,    32.5734                 
# span 8 =    27.0709,    32.5865                 
# span 9 =  1021.6314,  1026.4054                 
# span 10 =    21.6181,    26.2023                
# span 11 =    256.557,    449.839                
# span 12 =    241.583,    421.391                
# span 13 =  342.43014,  369.90940                
# span 14 =     69.435,    124.080                
# span 15 =     65.389,    116.024                
# span 16 =     0.0806,     1.3309                
# span 17 =     0.1355,     7.6373                
# span 18 =     2.5092,     4.1807                
# span 19 =     0.4789,     2.5218                
# span 20 = 1.0000e-12, 1.4350e+00                
# span 21 =          1,       5956                
# span 22 =     0.0000,     4.1354                
# span 23 = 0.0000e+00, 0.0000e+00                
# interval = seconds: 0.0416667
# start_time = Sep 24 2023 08:17:11 [NMEA time, first data scan]
# bad_flag = -9.990e-29
*END*
[from data line 5072]
     41.927   71.58608 -161.39578     42.364    -1.5467    -1.5471    -1.5475    32.5699    32.5808  1026.4040    26.1994    257.613    243.508  369.48752     69.722     65.909     0.1026     0.2674     2.5409     2.4715 8.4714e-06       5073     3.5222  0.000e+00
     41.873   71.58608 -161.39578     42.309    -1.5468    -1.5474    -1.5476    32.5701    32.5814  1026.4039    26.1996    256.557    243.525  369.48808     69.436     65.914     0.1038     0.2747     2.5409     2.4715 8.4714e-06       5074     3.5229  0.000e+00
     41.873   71.58608 -161.39578     42.309    -1.5465    -1.5471    -1.5473    32.5697    32.5813  1026.4036    26.1993    257.380    243.507  369.48586     69.659     65.909     0.1026     0.2674     2.5409     2.4715 1.0000e-12       5075     3.5236  0.000e+00
     41.934   71.58608 -161.39578     42.372    -1.5465    -1.5466    -1.5473    32.5699    32.5809  1026.4040    26.1994    257.886    243.752  369.48534     69.796     65.976     0.1038     0.2747     2.5397     2.4734 1.0000e-12       5076     3.5243  0.000e+00
     41.927   71.58608 -161.39578     42.364    -1.5466    -1.5466    -1.5473    32.5698    32.5806  1026.4040    26.1994    257.447    243.536  369.48597     69.677     65.918     0.1026     0.2674     2.5409     2.4715 1.0000e-12       5077     3.5250  0.000e+00
     41.873   71.58608 -161.39578     42.309    -1.5467    -1.5466    -1.5474    32.5703    32.5809  1026.4041    26.1998    257.422    243.513  369.48565     69.670     65.912     0.1026     0.2674     2.5409     2.4715 1.0000e-12       5078     3.5257  0.000e+00
     41.934   71.58608 -161.39578     42.372    -1.5465    -1.5465    -1.5473    32.5702    32.5811  1026.4043    26.1997    257.450    243.526  369.48421     69.678     65.915     0.1038     0.2747     2.5409     2.4715 8.4714e-06       5079     3.5264  0.000e+00
     41.934   71.58608 -161.39578     42.372    -1.5464    -1.5468    -1.5471    32.5701    32.5814  1026.4042    26.1996    257.476    243.507  369.48343     69.685     65.910     0.1026     0.2674     2.5409     2.4715 1.0000e-12       5080     3.5271  0.000e+00
     41.927   71.58608 -161.39578     42.364    -1.5462    -1.5466    -1.5470    32.5699    32.5813  1026.4040    26.1995    258.072    243.712  369.48224     69.847     65.966     0.1026     0.2674     2.5397     2.4734 1.0000e-12       5081     3.5278  0.000e+00
     41.934   71.58608 -161.39578     42.371    -1.5464    -1.5465    -1.5471    32.5699    32.5811  1026.4040    26.1994    257.679    243.751  369.48406     69.740     65.976     0.1026     0.2674     2.5409     2.4715 8.4714e-06       5082     3.5285  0.000e+00
     41.934   71.58608 -161.39578     42.372    -1.5464    -1.5466    -1.5471    32.5696    32.5812  1026.4038    26.1992    257.705    243.791  369.48494     69.747     65.987     0.1026     0.2674     2.5409     2.4715 1.0000e-12       5083     3.5292  0.000e+00
     41.934   71.58608 -161.39578     42.371    -1.5465    -1.5464    -1.5473    32.5696    32.5809  1026.4038    26.1992    257.730    243.794  369.48597     69.754     65.988     0.1026     0.2674     2.5397     2.4734 8.4714e-06       5084     3.5299  0.000e+00
     41.927   71.58608 -161.39580     42.364    -1.5465    -1.5465    -1.5473    32.5695    32.5812  1026.4037    26.1991    257.755    243.795  369.48646     69.760     65.988     0.1026     0.2674     2.5397     2.4734 8.4714e-06       5085     3.5306  0.000e+00
     41.988   71.58608 -161.39580     42.426    -1.5468    -1.5466    -1.5476    32.5699    32.5808  1026.4043    26.1994    257.525    243.798  369.48866     69.698     65.989     0.1038     0.2747     2.5409     2.4715 1.0000e-12       5086     3.5313  0.000e+00
     41.934   71.58608 -161.39580     42.372    -1.5468    -1.5466    -1.5476    32.5700    32.5811  1026.4042    26.1995    257.759    243.792  369.48831     69.761     65.987     0.1026     0.2674     2.5397     2.4734 1.0000e-12       5087     3.5319  0.000e+00
     41.934   71.58608 -161.39580     42.372    -1.5471    -1.5465    -1.5479    32.5702    32.5807  1026.4043    26.1997    257.737    243.784  369.49077     69.755     65.985     0.1026     0.2674     2.5409     2.4715 8.4714e-06       5088     3.5326  0.000e+00
     41.865   71.58608 -161.39580     42.301    -1.5470    -1.5468    -1.5477    32.5701    32.5809  1026.4039    26.1996    257.758    243.809  369.48922     69.761     65.991     0.1026     0.2674     2.5397     2.4734 1.0000e-12       5089     3.5333  0.000e+00
     42.042   71.58608 -161.39580     42.481    -1.5468    -1.5466    -1.5476    32.5696    32.5810  1026.4043    26.1992    258.048    243.836  369.48964     69.839     65.999     0.1026     0.2674     2.5433     2.4676 8.4714e-06       5090     3.5340  0.000e+00
     41.988   71.58608 -161.39580     42.426    -1.5471    -1.5469    -1.5479    32.5697    32.5815  1026.4042    26.1993    257.862    243.856  369.49200     69.788     66.004     0.1038     0.2747     2.5482     2.4599 1.0000e-12       5091     3.5347  0.000e+00
     41.934   71.58608 -161.39580     42.371    -1.5472    -1.5473    -1.5480    32.5696    32.5815  1026.4038    26.1992    257.624    244.074  369.49305     69.724     66.062     0.1026     0.2674     2.5495     2.4580 8.4714e-06       5092     3.5354  0.000e+00
     41.988   71.58608 -161.39580     42.426    -1.5471    -1.5473    -1.5479    32.5697    32.5808  1026.4042    26.1993    257.860    243.895  369.49212     69.788     66.014     0.1038     0.2747     2.5495     2.4580 8.4714e-06       5093     3.5361  0.000e+00
     41.981   71.58608 -161.39580     42.418    -1.5471    -1.5473    -1.5479    32.5700    32.5811  1026.4043    26.1995    257.728    243.909  369.49135     69.752     66.018     0.1026     0.2674     2.5495     2.4580 1.0000e-12       5094     3.5368  0.000e+00
     41.934   71.58608 -161.39580     42.371    -1.5473    -1.5474    -1.5481    32.5700    32.5810  1026.4042    26.1995    257.487    244.118  369.49294     69.687     66.074     0.1026     0.2674     2.5495     2.4580 1.0000e-12       5095     3.5375  0.000e+00
     41.988   71.58608 -161.39580     42.426    -1.5473    -1.5474    -1.5481    32.5702    32.5810  1026.4046    26.1997    257.667    243.932  369.49241     69.736     66.024     0.1013     0.2601     2.5495     2.4580 1.0000e-12       5096     3.5382  0.000e+00
     41.988   71.58608 -161.39580     42.426    -1.5473    -1.5477    -1.5481    32.5702    32.5815  1026.4046    26.1997    257.686    243.942  369.49229     69.741     66.026     0.1001     0.2527     2.5495     2.4580 8.4714e-06       5097     3.5389  0.000e+00
     41.981   71.58608 -161.39580     42.418    -1.5471    -1.5477    -1.5479    32.5700    32.5810  1026.4044    26.1996    257.703    243.916  369.49110     69.745     66.019     0.1013     0.2601     2.5495     2.4580 8.4714e-06       5098     3.5396  0.000e+00
     41.988   71.58608 -161.39580     42.426    -1.5468    -1.5477    -1.5476    32.5695    32.5810  1026.4040    26.1991    257.721    243.920  369.48979     69.750     66.020     0.1001     0.2527     2.5495     2.4580 1.0000e-12       5099     3.5403  0.000e+00
     41.988   71.58608 -161.39580     42.426    -1.5473    -1.5478    -1.5481    32.5699    32.5808  1026.4044    26.1995    257.691    244.153  369.49317     69.742     66.083     0.1013     0.2601     2.5495     2.4580 1.0000e-12       5100     3.5410  0.000e+00
     41.988   71.58608 -161.39580     42.426    -1.5471    -1.5478    -1.5479    32.5695    32.5811  1026.4040    26.1991    257.707    244.185  369.49263     69.746     66.091     0.1001     0.2527     2.5495     2.4580 8.4714e-06       5101     3.5417  0.000e+00
     41.981   71.58608 -161.39580     42.418    -1.5470    -1.5480    -1.5478    32.5695    32.5812  1026.4040    26.1991    257.722    244.215  369.49145     69.750     66.099     0.1013     0.2601     2.5495     2.4580 8.4714e-06       5102     3.5424  0.000e+00
     41.988   71.58608 -161.39580     42.426    -1.5471    -1.5480    -1.5479    32.5693    32.5812  1026.4038    26.1989    257.740    244.242  369.49338     69.755     66.107     0.1001     0.2527     2.5495     2.4580 8.4714e-06       5103     3.5431  0.000e+00
     41.988   71.58608 -161.39580     42.426    -1.5474    -1.5477    -1.5482    32.5699    32.5808  1026.4044    26.1995    257.706    244.265  369.49433     69.746     66.113     0.1001     0.2527     2.5495     2.4580 1.0000e-12       5104     3.5438  0.000e+00
     41.988   71.58608 -161.39580     42.426    -1.5477    -1.5478    -1.5485    32.5702    32.5809  1026.4045    26.1997    257.671    244.287  369.49653     69.736     66.119     0.1013     0.2601     2.5495     2.4580 1.0000e-12       5105     3.5444  0.000e+00
     42.035   71.58608 -161.39580     42.473    -1.5477    -1.5482    -1.5485    32.5700    32.5813  1026.4047    26.1996    257.633    244.276  369.49686     69.725     66.115     0.1001     0.2527     2.5495     2.4580 1.0000e-12       5106     3.5451  0.000e+00
     41.988   71.58608 -161.39580     42.426    -1.5473    -1.5480    -1.5481    32.5698    32.5811  1026.4043    26.1994    257.587    244.288  369.49342     69.714     66.119     0.1013     0.2601     2.5495     2.4580 1.0000e-12       5107     3.5458  0.000e+00
     41.988   71.58608 -161.39580     42.426    -1.5476    -1.5478    -1.5484    32.5702    32.5810  1026.4046    26.1997    257.597    244.299  369.49512     69.716     66.122     0.0989     0.2454     2.5495     2.4580 1.0000e-12       5108     3.5465  0.000e+00
     42.042   71.58608 -161.39580     42.481    -1.5473    -1.5477    -1.5481    32.5699    32.5810  1026.4046    26.1995    257.346    244.309  369.49326     69.648     66.125     0.1001     0.2527     2.5495     2.4580 8.4714e-06       5109     3.5472  0.000e+00
     41.980   71.58608 -161.39580     42.418    -1.5474    -1.5480    -1.5482    32.5705    32.5812  1026.4048    26.1999    257.512    244.086  369.49268     69.693     66.064     0.1013     0.2601     2.5458     2.4638 8.4714e-06       5110     3.5479  0.000e+00
     41.988   71.58608 -161.39580     42.426    -1.5471    -1.5480    -1.5479    32.5699    32.5812  1026.4043    26.1994    257.520    244.289  369.49162     69.696     66.119     0.1001     0.2527     2.5385     2.4753 1.0000e-12       5111     3.5486  0.000e+00
     42.042   71.58608 -161.39580     42.481    -1.5473    -1.5480    -1.5481    32.5702    32.5811  1026.4048    26.1997    257.531    244.294  369.49251     69.698     66.121     0.1013     0.2601     2.5360     2.4792 1.0000e-12       5112     3.5493  0.000e+00
     41.988   71.58608 -161.39580     42.426    -1.5470    -1.5478    -1.5477    32.5700    32.5810  1026.4044    26.1995    257.535    244.291  369.48944     69.700     66.120     0.1001     0.2527     2.5360     2.4792 8.4714e-06       5113     3.5500  0.000e+00
     41.981   71.58608 -161.39580     42.418    -1.5470    -1.5478    -1.5477    32.5704    32.5809  1026.4047    26.1998    257.542    244.288  369.48842     69.702     66.119     0.1013     0.2601     2.5360     2.4792 8.4714e-06       5114     3.5507  0.000e+00
     41.988   71.58608 -161.39580     42.426    -1.5467    -1.5475    -1.5474    32.5699    32.5811  1026.4043    26.1994    257.549    244.281  369.48699     69.704     66.118     0.1001     0.2527     2.5360     2.4792 8.4714e-06       5115     3.5514  0.000e+00
     42.042   71.58608 -161.39580     42.481    -1.5466    -1.5478    -1.5473    32.5694    32.5811  1026.4042    26.1990    257.559    244.277  369.48718     69.707     66.116     0.1001     0.2527     2.5360     2.4792 8.4714e-06       5116     3.5521  0.000e+00
     41.988   71.58608 -161.39580     42.426    -1.5462    -1.5477    -1.5470    32.5693    32.5816  1026.4038    26.1989    257.563    244.262  369.48412     69.709     66.113     0.1013     0.2601     2.5360     2.4792 1.0000e-12       5117     3.5528  0.000e+00
     42.034   71.58608 -161.39580     42.473    -1.5464    -1.5475    -1.5472    32.5694    32.5807  1026.4042    26.1991    257.574    244.251  369.48537     69.712     66.109     0.1001     0.2527     2.5360     2.4792 8.4714e-06       5118     3.5535  0.000e+00
     41.988   71.58608 -161.39580     42.426    -1.5465    -1.5477    -1.5473    32.5694    32.5813  1026.4039    26.1990    257.530    244.233  369.48670     69.699     66.105     0.1013     0.2601     2.5360     2.4792 1.0000e-12       5119     3.5542  0.000e+00
     41.988   71.58608 -161.39580     42.426    -1.5465    -1.5477    -1.5473    32.5693    32.5809  1026.4039    26.1990    257.536    244.215  369.48682     69.701     66.100     0.1001     0.2527     2.5360     2.4792 8.4714e-06       5120     3.5549  0.000e+00
     41.988   71.58608 -161.39580     42.426    -1.5467    -1.5477    -1.5475    32.5694    32.5806  1026.4039    26.1990    257.544    244.228  369.48901     69.703     66.103     0.1001     0.2527     2.5360     2.4792 8.4714e-06       5121     3.5556  0.000e+00
     42.034   71.58608 -161.39580     42.473    -1.5468    -1.5477    -1.5476    32.5697    32.5807  1026.4043    26.1992    257.553    244.207  369.48937     69.705     66.097     0.1001     0.2527     2.5360     2.4792 8.4714e-06       5122     3.5562  0.000e+00
     41.988   71.58608 -161.39580     42.426    -1.5468    -1.5477    -1.5476    32.5697    32.5811  1026.4042    26.1993    257.350    244.179  369.48916     69.650     66.090     0.1013     0.2601     2.5360     2.4792 1.0000e-12       5123     3.5569  0.000e+00
     41.988   71.58608 -161.39580     42.426    -1.5470    -1.5477    -1.5477    32.5696    32.5814  1026.4041    26.1992    257.349    244.150  369.49070     69.650     66.082     0.1026     0.2674     2.5360     2.4792 8.4714e-06       5124     3.5576  0.000e+00
     41.988   71.58608 -161.39580     42.426    -1.5468    -1.5474    -1.5476    32.5699    32.5808  1026.4043    26.1994    257.449    244.151  369.48866     69.677     66.083     0.1013     0.2601     2.5360     2.4792 8.4714e-06       5125     3.5583  0.000e+00
     41.988   71.58608 -161.39580     42.426    -1.5472    -1.5474    -1.5480    32.5704    32.5811  1026.4047    26.1998    257.453    244.118  369.49075     69.678     66.074     0.1026     0.2674     2.5360     2.4792 8.4714e-06       5126     3.5590  0.000e+00
     41.980   71.58608 -161.39580     42.418    -1.5470    -1.5473    -1.5477    32.5701    32.5810  1026.4045    26.1996    257.453    244.083  369.48918     69.678     66.065     0.1013     0.2601     2.5360     2.4792 8.4714e-06       5127     3.5597  0.000e+00
     41.988   71.58608 -161.39580     42.426    -1.5470    -1.5474    -1.5477    32.5706    32.5811  1026.4049    26.2000    257.455    244.046  369.48781     69.679     66.055     0.1026     0.2674     2.5360     2.4792 1.0000e-12       5128     3.5604  0.000e+00
     41.988   71.58608 -161.39580     42.426    -1.5470    -1.5475    -1.5477    32.5711    32.5811  1026.4053    26.2005    257.456    244.007  369.48617     69.679     66.044     0.1013     0.2601     2.5360     2.4792 8.4714e-06       5129     3.5611  0.000e+00
     41.988   71.58608 -161.39580     42.426    -1.5462    -1.5473    -1.5470    32.5703    32.5809  1026.4046    26.1997    257.298    243.996  369.48122     69.638     66.041     0.1013     0.2601     2.5360     2.4792 8.4714e-06       5130     3.5618  0.000e+00
     41.980   71.58608 -161.39580     42.418    -1.5464    -1.5474    -1.5472    32.5703    32.5809  1026.4046    26.1998    257.516    243.986  369.48276     69.696     66.038     0.1026     0.2674     2.5348     2.4811 1.0000e-12       5131     3.5625  0.000e+00
     41.988   71.58608 -161.39580     42.426    -1.5459    -1.5471    -1.5467    32.5698    32.5810  1026.4042    26.1994    257.522    243.972  369.47965     69.699     66.035     0.1013     0.2601     2.5348     2.4811 1.0000e-12       5132     3.5632  0.000e+00
