EcoFOCI/data/1_SampleCollection/2023_SikuliaqDBO_CruiseData/CTD_raw_BottleFile_SKQ23-12S/proc/skq202312s_033.ros
* Sea-Bird SBE 9 Data File:
* FileName = D:\CTD\SKQ202312S\SKQ202312S_033.hex
* Software Version Seasave V 7.26.7.121
* Temperature SN = 6177
* Conductivity SN = 0369
* Number of Bytes Per Scan = 41
* Number of Voltage Words = 4
* Number of Scans Averaged by the Deck Unit = 1
* NMEA Latitude = 71 34.65 N
* NMEA Longitude = 157 50.24 W
* NMEA UTC (Time) = Sep 21 2023  14:22:10
* NMEA baud rate = 4800
** Ship: R/V Sikuliaq
** Station Number: 033
** Station Name: DBO5.9
** Bottom Depth: 66
** Operator: SD
# nquan = 22
# nvalues = 1029                                  
# units = specified
# name 0 = depSM: Depth [salt water, m]
# name 1 = latitude: Latitude [deg]
# name 2 = longitude: Longitude [deg]
# name 3 = prDM: Pressure, Digiquartz [db]
# name 4 = t090C: Temperature [ITS-90, deg C]
# name 5 = t190C: Temperature, 2 [ITS-90, deg C]
# name 6 = potemp090C: Potential Temperature [ITS-90, deg C]
# name 7 = sal00: Salinity, Practical [PSU]
# name 8 = sal11: Salinity, Practical, 2 [PSU]
# name 9 = density00: Density [density, kg/m^3]
# name 10 = sigma-é00: Density [sigma-theta, kg/m^3]
# name 11 = sbox0Mm/Kg: Oxygen, SBE 43 [umol/kg]
# name 12 = sbox1Mm/Kg: Oxygen, SBE 43, 2 [umol/kg]
# name 13 = oxsolMm/Kg: Oxygen Saturation, Garcia & Gordon [umol/kg]
# name 14 = sbeox0PS: Oxygen, SBE 43 [% saturation]
# name 15 = v0: Voltage 0
# name 16 = flECO-AFL: Fluorescence, WET Labs ECO-AFL/FL [mg/m^3]
# name 17 = CStarAt0: Beam Attenuation, WET Labs C-Star [1/m]
# name 18 = par: PAR/Irradiance, Biospherical/Licor
# name 19 = scan: Scan Count
# name 20 = nbf: Bottles Fired
# name 21 = flag:  0.000e+00
# interval = seconds: 0.0416667
# start_time = Sep 21 2023 14:28:00 [NMEA time, first data scan]
# bad_flag = -9.990e-29
*END*
[from data line 198]
     49.930   71.57748 -157.83752     50.451    -1.5713    -1.5695    -1.5722    32.7629    32.7736  1026.6004    26.3568    286.844    272.803  369.16880     77.700     0.0696     0.0696     0.7671 1.0000e-12      10715          5  0.000e+00
     49.930   71.57748 -157.83752     50.451    -1.5715    -1.5697    -1.5724    32.7627    32.7735  1026.6002    26.3567    286.851    272.818  369.17111     77.701     0.0708     0.0769     0.7671 8.4714e-06      10716          5  0.000e+00
     49.868   71.57748 -157.83752     50.389    -1.5713    -1.5695    -1.5722    32.7632    32.7735  1026.6003    26.3570    286.850    272.829  369.16806     77.702     0.0708     0.0769     0.7671 1.0000e-12      10717          5  0.000e+00
     49.868   71.57748 -157.83752     50.389    -1.5713    -1.5698    -1.5722    32.7632    32.7737  1026.6003    26.3570    286.854    272.848  369.16806     77.703     0.0708     0.0769     0.7671 1.0000e-12      10718          5  0.000e+00
     49.930   71.57748 -157.83752     50.451    -1.5711    -1.5697    -1.5720    32.7631    32.7737  1026.6005    26.3569    286.859    272.637  369.16663     77.705     0.0708     0.0769     0.7671 8.4714e-06      10719          5  0.000e+00
     49.868   71.57748 -157.83752     50.389    -1.5713    -1.5697    -1.5722    32.7632    32.7741  1026.6003    26.3570    286.862    272.851  369.16806     77.705     0.0708     0.0769     0.7671 8.4714e-06      10720          5  0.000e+00
     49.930   71.57748 -157.83752     50.451    -1.5713    -1.5697    -1.5722    32.7631    32.7739  1026.6005    26.3570    286.869    272.875  369.16830     77.707     0.0708     0.0769     0.7684 8.4714e-06      10721          5  0.000e+00
     49.868   71.57748 -157.83752     50.389    -1.5711    -1.5695    -1.5720    32.7629    32.7739  1026.6001    26.3568    286.870    272.894  369.16702     77.707     0.0708     0.0769     0.7671 1.0000e-12      10722          5  0.000e+00
     49.930   71.57748 -157.83752     50.451    -1.5711    -1.5693    -1.5720    32.7631    32.7740  1026.6005    26.3569    286.876    272.919  369.16663     77.709     0.0708     0.0769     0.7671 8.4714e-06      10723          5  0.000e+00
     49.868   71.57748 -157.83752     50.389    -1.5711    -1.5695    -1.5720    32.7630    32.7744  1026.6001    26.3569    286.878    272.943  369.16689     77.710     0.0720     0.0842     0.7684 8.4714e-06      10724          5  0.000e+00
     49.868   71.57748 -157.83752     50.389    -1.5711    -1.5695    -1.5720    32.7629    32.7744  1026.6001    26.3568    286.882    272.970  369.16702     77.711     0.0708     0.0769     0.7671 1.0000e-12      10725          5  0.000e+00
     49.930   71.57748 -157.83752     50.451    -1.5713    -1.5695    -1.5722    32.7631    32.7743  1026.6005    26.3570    286.890    273.000  369.16830     77.712     0.0708     0.0769     0.7671 8.4714e-06      10726          5  0.000e+00
     49.868   71.57748 -157.83752     50.389    -1.5711    -1.5693    -1.5720    32.7631    32.7746  1026.6002    26.3570    286.890    273.026  369.16652     77.713     0.0708     0.0769     0.7671 1.0000e-12      10727          5  0.000e+00
     49.868   71.57748 -157.83752     50.389    -1.5711    -1.5693    -1.5720    32.7639    32.7740  1026.6008    26.3576    286.944    273.058  369.16437     77.728     0.0708     0.0769     0.7671 8.4714e-06      10728          5  0.000e+00
     49.930   71.57748 -157.83752     50.451    -1.5711    -1.5693    -1.5720    32.7636    32.7745  1026.6009    26.3574    287.265    273.091  369.16511     77.815     0.0720     0.0842     0.7671 8.4714e-06      10729          5  0.000e+00
     49.868   71.57748 -157.83752     50.389    -1.5711    -1.5695    -1.5720    32.7639    32.7747  1026.6009    26.3576    287.110    273.090  369.16412     77.773     0.0708     0.0769     0.7671 1.0000e-12      10730          5  0.000e+00
     49.868   71.57748 -157.83752     50.389    -1.5711    -1.5691    -1.5720    32.7636    32.7742  1026.6006    26.3574    287.119    272.891  369.16500     77.775     0.0708     0.0769     0.7671 8.4714e-06      10731          5  0.000e+00
     49.930   71.57748 -157.83752     50.451    -1.5710    -1.5693    -1.5719    32.7638    32.7747  1026.6011    26.3575    287.129    273.095  369.16345     77.778     0.0708     0.0769     0.7659 8.4714e-06      10732          5  0.000e+00
     49.868   71.57748 -157.83752     50.389    -1.5711    -1.5697    -1.5720    32.7634    32.7752  1026.6005    26.3572    287.136    272.868  369.16563     77.780     0.0708     0.0769     0.7646 8.4714e-06      10733          5  0.000e+00
     49.922   71.57748 -157.83752     50.443    -1.5711    -1.5693    -1.5720    32.7632    32.7745  1026.6005    26.3570    287.147    273.070  369.16636     77.783     0.0708     0.0769     0.7634 8.4714e-06      10734          5  0.000e+00
     49.814   71.57748 -157.83752     50.334    -1.5715    -1.5695    -1.5724    32.7641    32.7747  1026.6007    26.3577    287.153    273.071  369.16724     77.784     0.0708     0.0769     0.7646 8.4714e-06      10735          5  0.000e+00
     49.984   71.57748 -157.83752     50.506    -1.5710    -1.5693    -1.5719    32.7638    32.7746  1026.6014    26.3575    287.164    273.309  369.16330     77.788     0.0720     0.0842     0.7634 1.0000e-12      10736          5  0.000e+00
     49.930   71.57748 -157.83752     50.451    -1.5713    -1.5695    -1.5722    32.7643    32.7752  1026.6015    26.3579    287.172    273.113  369.16489     77.790     0.0708     0.0769     0.7646 8.4714e-06      10737          5  0.000e+00
     49.930   71.57748 -157.83752     50.451    -1.5711    -1.5697    -1.5720    32.7636    32.7753  1026.6009    26.3574    287.180    273.117  369.16511     77.792     0.0708     0.0769     0.7646 1.0000e-12      10738          5  0.000e+00
     49.930   71.57748 -157.83752     50.451    -1.5710    -1.5693    -1.5719    32.7638    32.7745  1026.6011    26.3575    287.135    273.118  369.16345     77.780     0.0708     0.0769     0.7634 8.4714e-06      10739          5  0.000e+00
     49.930   71.57748 -157.83752     50.451    -1.5715    -1.5697    -1.5724    32.7646    32.7750  1026.6018    26.3582    287.143    273.123  369.16555     77.782     0.0708     0.0769     0.7634 8.4714e-06      10740          5  0.000e+00
     49.930   71.57748 -157.83752     50.451    -1.5710    -1.5695    -1.5719    32.7644    32.7750  1026.6016    26.3580    287.094    273.124  369.16156     77.769     0.0696     0.0696     0.7634 8.4714e-06      10741          5  0.000e+00
     49.984   71.57748 -157.83752     50.506    -1.5713    -1.5697    -1.5722    32.7648    32.7746  1026.6022    26.3583    287.102    273.131  369.16335     77.771     0.0708     0.0769     0.7634 8.4714e-06      10742          5  0.000e+00
     49.930   71.57748 -157.83752     50.451    -1.5711    -1.5695    -1.5720    32.7647    32.7746  1026.6018    26.3582    287.103    272.934  369.16196     77.771     0.0720     0.0842     0.7634 8.4714e-06      10743          5  0.000e+00
     49.984   71.57748 -157.83752     50.506    -1.5711    -1.5695    -1.5720    32.7651    32.7748  1026.6024    26.3586    287.368    273.139  369.16079     77.843     0.0708     0.0769     0.7646 8.4714e-06      10744          5  0.000e+00
     49.984   71.57748 -157.83752     50.506    -1.5711    -1.5695    -1.5720    32.7647    32.7750  1026.6021    26.3583    287.161    273.144  369.16180     77.787     0.0708     0.0769     0.7646 8.4714e-06      10745          5  0.000e+00
     49.984   71.57748 -157.83754     50.506    -1.5713    -1.5697    -1.5722    32.7648    32.7749  1026.6022    26.3583    287.112    272.921  369.16335     77.774     0.0708     0.0769     0.7634 8.4714e-06      10746          5  0.000e+00
     49.984   71.57748 -157.83754     50.506    -1.5711    -1.5693    -1.5720    32.7643    32.7742  1026.6018    26.3580    287.060    273.124  369.16294     77.760     0.0708     0.0769     0.7634 1.0000e-12      10747          5  0.000e+00
     50.038   71.57748 -157.83754     50.560    -1.5711    -1.5693    -1.5720    32.7645    32.7745  1026.6022    26.3581    287.008    273.132  369.16253     77.746     0.0708     0.0769     0.7646 8.4714e-06      10748          5  0.000e+00
     49.984   71.57748 -157.83754     50.506    -1.5711    -1.5693    -1.5720    32.7646    32.7743  1026.6020    26.3582    286.949    273.137  369.16218     77.730     0.0708     0.0769     0.7634 1.0000e-12      10749          5  0.000e+00
     50.038   71.57748 -157.83754     50.560    -1.5711    -1.5693    -1.5720    32.7648    32.7743  1026.6024    26.3583    287.204    273.112  369.16165     77.799     0.0720     0.0842     0.7634 8.4714e-06      10750          5  0.000e+00
     50.099   71.57748 -157.83754     50.623    -1.5710    -1.5695    -1.5719    32.7644    32.7745  1026.6024    26.3580    287.248    273.120  369.16149     77.811     0.0708     0.0769     0.7634 8.4714e-06      10751          5  0.000e+00
     49.984   71.57748 -157.83754     50.506    -1.5713    -1.5693    -1.5722    32.7648    32.7746  1026.6022    26.3583    287.285    273.120  369.16335     77.820     0.0720     0.0842     0.7659 1.0000e-12      10752          5  0.000e+00
     50.153   71.57748 -157.83754     50.677    -1.5713    -1.5697    -1.5722    32.7644    32.7748  1026.6027    26.3580    287.329    273.134  369.16441     77.832     0.0708     0.0769     0.7659 1.0000e-12      10753          5  0.000e+00
     50.099   71.57748 -157.83754     50.623    -1.5710    -1.5695    -1.5719    32.7641    32.7745  1026.6022    26.3578    287.413    273.137  369.16250     77.855     0.0708     0.0769     0.7671 8.4714e-06      10754          5  0.000e+00
     50.038   71.57748 -157.83754     50.560    -1.5711    -1.5695    -1.5720    32.7645    32.7746  1026.6022    26.3581    287.446    272.910  369.16253     77.864     0.0696     0.0696     0.7671 1.0000e-12      10755          5  0.000e+00
     50.153   71.57748 -157.83754     50.677    -1.5713    -1.5697    -1.5722    32.7649    32.7739  1026.6031    26.3584    287.484    272.892  369.16302     77.875     0.0708     0.0769     0.7659 8.4714e-06      10756          5  0.000e+00
     50.153   71.57748 -157.83754     50.677    -1.5713    -1.5697    -1.5722    32.7647    32.7744  1026.6029    26.3583    287.516    272.867  369.16353     77.883     0.0720     0.0842     0.7659 8.4714e-06      10757          5  0.000e+00
     50.153   71.57748 -157.83754     50.677    -1.5711    -1.5695    -1.5720    32.7645    32.7740  1026.6027    26.3581    287.284    272.613  369.16249     77.821     0.0708     0.0769     0.7659 8.4714e-06      10758          5  0.000e+00
     50.153   71.57748 -157.83754     50.677    -1.5713    -1.5697    -1.5722    32.7644    32.7744  1026.6027    26.3580    287.265    272.791  369.16441     77.815     0.0708     0.0769     0.7659 1.0000e-12      10759          5  0.000e+00
     50.215   71.57748 -157.83754     50.740    -1.5713    -1.5698    -1.5722    32.7648    32.7745  1026.6033    26.3583    287.505    272.775  369.16339     77.880     0.0708     0.0769     0.7659 8.4714e-06      10760          5  0.000e+00
     50.215   71.57748 -157.83754     50.740    -1.5715    -1.5695    -1.5724    32.7649    32.7744  1026.6034    26.3584    287.534    272.756  369.16481     77.888     0.0708     0.0769     0.7659 1.0000e-12      10761          5  0.000e+00
     39.686   71.57744 -157.83788     40.100    -1.5164    -1.5148    -1.5171    32.5762    32.5866  1026.3974    26.2038    304.967    291.867  369.16661     82.610     0.0720     0.0842     0.4941 8.4714e-06      14277          6  0.000e+00
     39.686   71.57744 -157.83788     40.100    -1.5164    -1.5149    -1.5171    32.5763    32.5865  1026.3975    26.2039    304.956    291.833  369.16623     82.607     0.0708     0.0769     0.4941 1.0000e-12      14278          6  0.000e+00
     39.732   71.57744 -157.83788     40.146    -1.5162    -1.5146    -1.5169    32.5761    32.5861  1026.3975    26.2037    304.945    292.026  369.16527     82.604     0.0720     0.0842     0.4941 8.4714e-06      14279          6  0.000e+00
     39.686   71.57744 -157.83788     40.100    -1.5164    -1.5148    -1.5171    32.5759    32.5861  1026.3972    26.2036    304.930    291.824  369.16749     82.599     0.0733     0.0916     0.4941 8.4714e-06      14280          6  0.000e+00
     39.632   71.57744 -157.83788     40.045    -1.5164    -1.5146    -1.5171    32.5760    32.5853  1026.3970    26.2036    304.912    291.817  369.16726     82.594     0.0720     0.0842     0.4941 1.0000e-12      14281          6  0.000e+00
     39.632   71.57744 -157.83788     40.045    -1.5162    -1.5143    -1.5169    32.5755    32.5850  1026.3966    26.2032    304.893    291.843  369.16698     82.589     0.0720     0.0842     0.4941 8.4714e-06      14282          6  0.000e+00
     39.678   71.57744 -157.83788     40.092    -1.5165    -1.5144    -1.5173    32.5756    32.5849  1026.3969    26.2033    304.877    291.841  369.17002     82.584     0.0720     0.0842     0.4941 8.4714e-06      14283          6  0.000e+00
     39.632   71.57744 -157.83788     40.045    -1.5161    -1.5145    -1.5168    32.5754    32.5849  1026.3965    26.2031    304.848    291.836  369.16607     82.578     0.0720     0.0842     0.4941 8.4714e-06      14284          6  0.000e+00
     39.570   71.57744 -157.83788     39.983    -1.5162    -1.5143    -1.5169    32.5751    32.5851  1026.3960    26.2029    304.823    291.828  369.16800     82.570     0.0720     0.0842     0.4941 8.4714e-06      14285          6  0.000e+00
     39.563   71.57744 -157.83788     39.975    -1.5160    -1.5143    -1.5167    32.5751    32.5850  1026.3959    26.2029    304.535    291.824  369.16644     82.493     0.0720     0.0842     0.4941 1.0000e-12      14286          6  0.000e+00
     39.570   71.57744 -157.83788     39.983    -1.5161    -1.5145    -1.5168    32.5752    32.5850  1026.3960    26.2030    304.718    291.821  369.16671     82.542     0.0733     0.0916     0.4941 8.4714e-06      14287          6  0.000e+00
     39.570   71.57744 -157.83788     39.983    -1.5159    -1.5141    -1.5166    32.5748    32.5844  1026.3957    26.2027    304.689    291.849  369.16605     82.534     0.0720     0.0842     0.4941 8.4714e-06      14288          6  0.000e+00
     39.501   71.57744 -157.83788     39.913    -1.5159    -1.5142    -1.5166    32.5747    32.5844  1026.3953    26.2026    304.655    291.877  369.16630     82.525     0.0733     0.0916     0.4953 1.0000e-12      14289          6  0.000e+00
     39.516   71.57744 -157.83788     39.928    -1.5157    -1.5140    -1.5165    32.5746    32.5842  1026.3952    26.2025    304.363    291.876  369.16503     82.446     0.0720     0.0842     0.4953 1.0000e-12      14290          6  0.000e+00
     39.516   71.57744 -157.83788     39.928    -1.5159    -1.5143    -1.5166    32.5749    32.5846  1026.3955    26.2028    304.332    292.106  369.16570     82.438     0.0720     0.0842     0.4953 1.0000e-12      14291          6  0.000e+00
     39.501   71.57744 -157.83788     39.913    -1.5159    -1.5140    -1.5166    32.5750    32.5842  1026.3955    26.2028    304.251    292.132  369.16542     82.416     0.0708     0.0769     0.4953 1.0000e-12      14292          6  0.000e+00
     39.516   71.57744 -157.83788     39.928    -1.5159    -1.5141    -1.5166    32.5746    32.5845  1026.3953    26.2025    304.224    291.932  369.16658     82.408     0.0720     0.0842     0.4953 8.4714e-06      14293          6  0.000e+00
     39.455   71.57744 -157.83788     39.866    -1.5161    -1.5142    -1.5168    32.5751    32.5845  1026.3954    26.2029    303.677    291.926  369.16688     82.260     0.0733     0.0916     0.4964 8.4714e-06      14294          6  0.000e+00
