EcoFOCI/data/1_SampleCollection/2023_SikuliaqDBO_CruiseData/CTD_raw_BottleFile_SKQ23-12S/proc/skq202312s_030.cnv
* Sea-Bird SBE 9 Data File:
* FileName = D:\CTD\SKQ202312S\SKQ202312S_030.hex
* Software Version Seasave V 7.26.7.121
* Temperature SN = 6177
* Conductivity SN = 0369
* Number of Bytes Per Scan = 41
* Number of Voltage Words = 4
* Number of Scans Averaged by the Deck Unit = 1
* NMEA Latitude = 71 27.31 N
* NMEA Longitude = 157 35.45 W
* NMEA UTC (Time) = Sep 21 2023  07:26:33
* NMEA baud rate = 4800
** Ship: R/V Sikuliaq
** Station Number: 030
** Station Name: DBO5.6
** Bottom Depth: 109
** Operator: SS
# nquan = 24
# nvalues = 8117                                  
# units = specified
# name 0 = depSM: Depth [salt water, m]
# name 1 = latitude: Latitude [deg]
# name 2 = longitude: Longitude [deg]
# name 3 = prDM: Pressure, Digiquartz [db]
# name 4 = t090C: Temperature [ITS-90, deg C]
# name 5 = t190C: Temperature, 2 [ITS-90, deg C]
# name 6 = potemp090C: Potential Temperature [ITS-90, deg C]
# name 7 = sal00: Salinity, Practical [PSU]
# name 8 = sal11: Salinity, Practical, 2 [PSU]
# name 9 = density00: Density [density, kg/m^3]
# name 10 = sigma-é00: Density [sigma-theta, kg/m^3]
# name 11 = sbox0Mm/Kg: Oxygen, SBE 43 [umol/kg]
# name 12 = sbox1Mm/Kg: Oxygen, SBE 43, 2 [umol/kg]
# name 13 = oxsolMm/Kg: Oxygen Saturation, Garcia & Gordon [umol/kg]
# name 14 = sbeox0PS: Oxygen, SBE 43 [% saturation]
# name 15 = sbeox1PS: Oxygen, SBE 43, 2 [% saturation]
# name 16 = v0: Voltage 0
# name 17 = flECO-AFL: Fluorescence, WET Labs ECO-AFL/FL [mg/m^3]
# name 18 = v1: Voltage 1
# name 19 = CStarAt0: Beam Attenuation, WET Labs C-Star [1/m]
# name 20 = par: PAR/Irradiance, Biospherical/Licor
# name 21 = scan: Scan Count
# name 22 = timeM: Time, Elapsed [minutes]
# name 23 = flag:  0.000e+00
# span 0 =      4.093,    104.318                 
# span 1 =   71.45512,   71.45518                 
# span 2 = -157.59108, -157.59050                 
# span 3 =      4.135,    105.421                 
# span 4 =    -1.7033,     4.4585                 
# span 5 =    -1.7019,     4.4616                 
# span 6 =    -1.7046,     4.4581                 
# span 7 =    30.3710,    32.9828                 
# span 8 =    30.3980,    32.9927                 
# span 9 =  1024.0997,  1027.0467                 
# span 10 =    24.0769,    26.5384                
# span 11 =    262.182,    461.276                
# span 12 =    248.630,    443.767                
# span 13 =  322.31349,  370.84397                
# span 14 =     70.907,    125.916                
# span 15 =     67.252,    121.256                
# span 16 =     0.0476,     0.2002                
# span 17 =    -0.0623,     0.8535                
# span 18 =     3.2381,     4.2039                
# span 19 =     0.4567,     1.5012                
# span 20 = 1.0000e-12, 3.3871e-01                
# span 21 =          1,       8117                
# span 22 =     0.0000,     5.6361                
# span 23 = 0.0000e+00, 0.0000e+00                
# interval = seconds: 0.0416667
# start_time = Sep 21 2023 07:30:42 [NMEA time, first data scan]
# bad_flag = -9.990e-29
*END*
[from data line 785]
      7.693   71.45516 -157.59058      7.772     4.4019     4.4034     4.4014    30.4053    30.4135  1024.1313    24.0950    310.117    296.791  322.71872     96.095     91.975     0.1709     0.6776     4.0965     0.5603 7.2689e-02        786     0.5451  0.000e+00
      7.901   71.45516 -157.59058      7.983     4.4059     4.4054     4.4054    30.4034    30.4119  1024.1304    24.0931    310.089    296.786  322.69229     96.094     91.977     0.1709     0.6776     4.0965     0.5603 7.1083e-02        787     0.5458  0.000e+00
      7.809   71.45516 -157.59058      7.889     4.4082     4.4072     4.4077    30.4020    30.4111  1024.1287    24.0918    310.059    296.791  322.67722     96.089     91.981     0.1624     0.6264     4.0977     0.5591 7.1083e-02        788     0.5465  0.000e+00
      7.870   71.45516 -157.59058      7.952     4.4092     4.4090     4.4087    30.4010    30.4106  1024.1280    24.0909    310.045    296.779  322.67241     96.087     91.982     0.1587     0.6044     4.0977     0.5591 7.0550e-02        789     0.5472  0.000e+00
      7.809   71.45516 -157.59058      7.889     4.4100     4.4111     4.4094    30.4003    30.4092  1024.1271    24.0902    310.059    296.764  322.66805     96.092     91.980     0.1587     0.6044     4.0965     0.5603 5.9706e-02        790     0.5479  0.000e+00
      7.870   71.45516 -157.59058      7.952     4.4113     4.4124     4.4107    30.3992    30.4086  1024.1264    24.0892    309.412    296.757  322.66038     95.894     91.981     0.1600     0.6117     4.0965     0.5603 5.3306e-02        791     0.5486  0.000e+00
      7.870   71.45516 -157.59058      7.952     4.4122     4.4134     4.4117    30.3984    30.4080  1024.1257    24.0885    309.930    296.750  322.65495     96.056     91.981     0.1587     0.6044     4.0965     0.5603 5.2342e-02        792     0.5493  0.000e+00
      7.870   71.45516 -157.59058      7.952     4.4141     4.4139     4.4136    30.3969    30.4076  1024.1243    24.0871    309.907    296.747  322.64399     96.052     91.981     0.1587     0.6044     4.0965     0.5603 5.6723e-02        793     0.5500  0.000e+00
      7.924   71.45516 -157.59058      8.006     4.4144     4.4145     4.4139    30.3968    30.4072  1024.1245    24.0870    309.895    296.934  322.64166     96.049     92.039     0.1600     0.6117     4.0977     0.5591 5.9706e-02        794     0.5507  0.000e+00
      7.870   71.45516 -157.59058      7.951     4.4147     4.4155     4.4142    30.3966    30.4063  1024.1240    24.0869    309.877    296.945  322.63966     96.044     92.045     0.1587     0.6044     4.0965     0.5603 6.0208e-02        795     0.5514  0.000e+00
      7.986   71.45516 -157.59058      8.068     4.4155     4.4155     4.4150    30.3959    30.4063  1024.1239    24.0862    309.862    296.802  322.63543     96.041     92.000     0.1600     0.6117     4.0965     0.5603 5.0907e-02        796     0.5521  0.000e+00
      7.924   71.45516 -157.59058      8.006     4.4156     4.4145     4.4150    30.3958    30.4066  1024.1236    24.0861    309.844    296.994  322.63506     96.035     92.058     0.1587     0.6044     4.0965     0.5603 4.0740e-02        797     0.5528  0.000e+00
      7.924   71.45516 -157.59058      8.006     4.4155     4.4131     4.4150    30.3961    30.4070  1024.1238    24.0863    309.826    297.023  322.63489     96.030     92.064     0.1600     0.6117     4.0977     0.5591 3.8516e-02        798     0.5535  0.000e+00
      7.924   71.45516 -157.59058      8.006     4.4152     4.4117     4.4147    30.3958    30.4076  1024.1236    24.0862    309.811    297.052  322.63793     96.024     92.070     0.1587     0.6044     4.0965     0.5603 2.5807e-02        799     0.5542  0.000e+00
      7.986   71.45516 -157.59058      8.068     4.4150     4.4111     4.4145    30.3959    30.4080  1024.1240    24.0863    309.795    297.075  322.63888     96.019     92.076     0.1587     0.6044     4.0965     0.5603 7.9318e-03        800     0.5549  0.000e+00
      7.986   71.45516 -157.59058      8.068     4.4147     4.4103     4.4142    30.3961    30.4082  1024.1241    24.0864    309.776    297.097  322.64099     96.013     92.081     0.1600     0.6117     4.0965     0.5603 3.3905e-03        801     0.5556  0.000e+00
      7.986   71.45516 -157.59058      8.068     4.4142     4.4094     4.4137    30.3962    30.4089  1024.1243    24.0866    309.757    297.118  322.64426     96.006     92.086     0.1587     0.6044     4.0977     0.5591 1.0810e-02        802     0.5563  0.000e+00
      7.986   71.45516 -157.59058      8.068     4.4139     4.4089     4.4134    30.3969    30.4096  1024.1249    24.0871    309.734    297.136  322.64518     95.998     92.091     0.1600     0.6117     4.0965     0.5603 2.9092e-02        803     0.5569  0.000e+00
      8.040   71.45516 -157.59058      8.123     4.4135     4.4090     4.4129    30.3972    30.4098  1024.1254    24.0874    309.715    297.150  322.64805     95.991     92.096     0.1587     0.6044     4.0611     0.5951 3.5887e-02        804     0.5576  0.000e+00
      8.017   71.45516 -157.59058      8.099     4.4133     4.4082     4.4128    30.3973    30.4101  1024.1254    24.0876    309.688    297.167  322.64899     95.983     92.100     0.1600     0.6117     4.0391     0.6168 3.6758e-02        805     0.5583  0.000e+00
      8.040   71.45516 -157.59058      8.123     4.4130     4.4073     4.4125    30.3974    30.4108  1024.1256    24.0876    309.664    297.186  322.65132     95.975     92.104     0.1587     0.6044     4.0366     0.6192 4.1188e-02        806     0.5590  0.000e+00
      8.040   71.45516 -157.59058      8.123     4.4122     4.4073     4.4117    30.3978    30.4107  1024.1260    24.0881    309.640    297.197  322.65634     95.966     92.108     0.1600     0.6117     4.0379     0.6180 4.3450e-02        807     0.5597  0.000e+00
      8.040   71.45516 -157.59058      8.123     4.4119     4.4068     4.4114    30.3981    30.4107  1024.1262    24.0883    309.645    297.211  322.65827     95.967     92.111     0.1587     0.6044     4.0391     0.6168 4.1188e-02        808     0.5604  0.000e+00
      8.040   71.45516 -157.59058      8.123     4.4124     4.4064     4.4118    30.3980    30.4111  1024.1262    24.0882    309.644    297.224  322.65464     95.968     92.114     0.1587     0.6044     4.0391     0.6168 2.6214e-02        809     0.5611  0.000e+00
      8.094   71.45516 -157.59058      8.177     4.4130     4.4064     4.4125    30.3984    30.4114  1024.1267    24.0884    309.643    297.422  322.64890     95.969     92.176     0.1600     0.6117     4.0391     0.6168 1.9844e-02        810     0.5618  0.000e+00
      8.040   71.45516 -157.59058      8.123     4.4149     4.4065     4.4143    30.3977    30.4115  1024.1257    24.0877    309.629    297.257  322.63577     95.968     92.125     0.1587     0.6044     4.0391     0.6168 1.9067e-02        811     0.5625  0.000e+00
      8.094   71.45516 -157.59058      8.177     4.4164     4.4068     4.4159    30.3967    30.4112  1024.1250    24.0868    309.623    297.264  322.62599     95.970     92.127     0.1600     0.6117     4.0391     0.6168 1.4126e-02        812     0.5632  0.000e+00
      8.094   71.45516 -157.59058      8.177     4.4179     4.4078     4.4174    30.3958    30.4113  1024.1241    24.0859    309.615    297.261  322.61672     95.970     92.129     0.1587     0.6044     4.0391     0.6168 1.0810e-02        813     0.5639  0.000e+00
      8.094   71.45516 -157.59058      8.177     4.4184     4.4101     4.4179    30.3953    30.4104  1024.1236    24.0854    309.614    297.249  322.61399     95.971     92.130     0.1587     0.6044     4.0391     0.6168 1.0447e-02        814     0.5646  0.000e+00
      8.094   71.45516 -157.59058      8.177     4.4193     4.4127     4.4188    30.3948    30.4090  1024.1232    24.0850    309.820    297.235  322.60821     96.036     92.130     0.1575     0.5971     4.0391     0.6168 2.1409e-02        815     0.5653  0.000e+00
      8.155   71.45516 -157.59058      8.240     4.4195     4.4137     4.4189    30.3945    30.4087  1024.1233    24.0847    309.646    297.232  322.60759     95.982     92.131     0.1587     0.6044     4.0391     0.6168 3.0343e-02        816     0.5660  0.000e+00
      8.094   71.45516 -157.59058      8.177     4.4198     4.4150     4.4193    30.3944    30.4075  1024.1228    24.0846    309.642    297.036  322.60540     95.982     92.072     0.1587     0.6044     4.0379     0.6180 3.2027e-02        817     0.5667  0.000e+00
      8.094   71.45516 -157.59058      8.177     4.4199     4.4163     4.4194    30.3941    30.4068  1024.1226    24.0844    309.643    297.008  322.60489     95.982     92.066     0.1587     0.6044     4.0391     0.6168 3.6322e-02        818     0.5674  0.000e+00
      8.155   71.45516 -157.59058      8.240     4.4198     4.4169     4.4193    30.3940    30.4063  1024.1228    24.0843    309.648    296.988  322.60648     95.983     92.061     0.1587     0.6044     4.0391     0.6168 4.1188e-02        819     0.5681  0.000e+00
      8.155   71.45516 -157.59058      8.239     4.4198     4.4172     4.4193    30.3941    30.4060  1024.1229    24.0844    309.649    296.967  322.60612     95.984     92.055     0.1575     0.5971     4.0391     0.6168 4.2542e-02        820     0.5687  0.000e+00
      8.094   71.45516 -157.59058      8.177     4.4198     4.4183     4.4193    30.3940    30.4051  1024.1225    24.0843    309.648    296.939  322.60641     95.983     92.048     0.1587     0.6044     4.0379     0.6180 4.6207e-02        821     0.5694  0.000e+00
      8.186   71.45516 -157.59058      8.271     4.4198     4.4191     4.4193    30.3945    30.4052  1024.1233    24.0847    309.652    297.084  322.60523     95.985     92.095     0.1575     0.5971     4.0391     0.6168 5.1863e-02        822     0.5701  0.000e+00
      8.155   71.45516 -157.59060      8.239     4.4199     4.4197     4.4194    30.3942    30.4047  1024.1229    24.0844    309.652    296.891  322.60478     95.985     92.036     0.1587     0.6044     4.0379     0.6180 5.3790e-02        823     0.5708  0.000e+00
      8.155   71.45516 -157.59060      8.239     4.4200     4.4199     4.4195    30.3944    30.4047  1024.1231    24.0846    309.652    296.869  322.60385     95.985     92.030     0.1587     0.6044     4.0659     0.5902 4.8071e-02        824     0.5715  0.000e+00
      8.155   71.45516 -157.59060      8.239     4.4198     4.4199     4.4193    30.3943    30.4048  1024.1231    24.0845    309.865    297.036  322.60566     96.051     92.082     0.1575     0.5971     4.0940     0.5627 3.6322e-02        825     0.5722  0.000e+00
      8.155   71.45516 -157.59060      8.239     4.4198     4.4196     4.4193    30.3942    30.4046  1024.1230    24.0844    309.687    297.039  322.60593     95.996     92.081     0.1587     0.6044     4.1001     0.5567 3.2877e-02        826     0.5729  0.000e+00
      8.155   71.45516 -157.59060      8.239     4.4196     4.4196     4.4191    30.3943    30.4044  1024.1231    24.0846    309.931    297.037  322.60681     96.071     92.081     0.1575     0.5971     4.0977     0.5591 2.8264e-02        827     0.5736  0.000e+00
      8.155   71.45516 -157.59060      8.239     4.4196     4.4196     4.4191    30.3943    30.4046  1024.1231    24.0846    309.753    296.846  322.60681     96.016     92.022     0.1587     0.6044     4.0965     0.5603 1.4500e-02        828     0.5743  0.000e+00
      8.209   71.45516 -157.59060      8.294     4.4198     4.4197     4.4193    30.3942    30.4047  1024.1232    24.0844    309.754    296.823  322.60599     96.016     92.015     0.1575     0.5971     4.0965     0.5603 9.3628e-03        829     0.5750  0.000e+00
      8.155   71.45516 -157.59060      8.239     4.4199     4.4213     4.4194    30.3949    30.4034  1024.1235    24.0849    309.749    296.788  322.60313     96.016     92.007     0.1587     0.6044     4.0965     0.5603 1.0084e-02        830     0.5757  0.000e+00
      8.209   71.45516 -157.59060      8.294     4.4199     4.4232     4.4194    30.3945    30.4026  1024.1234    24.0847    309.752    296.566  322.60402     96.016     91.941     0.1575     0.5971     4.0965     0.5603 1.2642e-02        831     0.5764  0.000e+00
      8.155   71.45516 -157.59060      8.239     4.4201     4.4243     4.4196    30.3946    30.4021  1024.1232    24.0847    309.749    296.513  322.60262     96.016     91.927     0.1575     0.5971     4.0965     0.5603 1.3754e-02        832     0.5771  0.000e+00
      8.209   71.45516 -157.59060      8.294     4.4204     4.4242     4.4199    30.3940    30.4025  1024.1230    24.0842    309.750    296.472  322.60158     96.016     91.915     0.1587     0.6044     4.0965     0.5603 1.4126e-02        833     0.5778  0.000e+00
      8.155   71.45516 -157.59060      8.239     4.4205     4.4230     4.4199    30.3942    30.4030  1024.1229    24.0844    309.746    296.438  322.60058     96.015     91.902     0.1575     0.5971     4.0965     0.5603 2.4997e-02        834     0.5785  0.000e+00
      8.209   71.45516 -157.59060      8.294     4.4207     4.4202     4.4202    30.3939    30.4044  1024.1229    24.0841    309.957    296.419  322.59937     96.081     91.891     0.1587     0.6044     4.0965     0.5603 3.1183e-02        835     0.5792  0.000e+00
      8.209   71.45516 -157.59060      8.294     4.4209     4.4167     4.4204    30.3943    30.4066  1024.1232    24.0844    309.775    296.402  322.59712     96.025     91.879     0.1575     0.5971     4.0977     0.5591 3.2027e-02        836     0.5799  0.000e+00
      8.209   71.45516 -157.59060      8.294     4.4217     4.4166     4.4211    30.3942    30.4066  1024.1230    24.0842    309.768    296.365  322.59137     96.025     91.867     0.1587     0.6044     4.0965     0.5603 3.2877e-02        837     0.5806  0.000e+00
      8.155   71.45516 -157.59060      8.239     4.4225     4.4196     4.4219    30.3940    30.4050  1024.1226    24.0840    309.758    296.305  322.58556     96.023     91.854     0.1587     0.6044     4.0965     0.5603 3.3731e-02        838     0.5813  0.000e+00
      8.186   71.45516 -157.59060      8.270     4.4231     4.4224     4.4226    30.3937    30.4043  1024.1224    24.0837    309.753    296.248  322.58098     96.023     91.842     0.1661     0.6483     4.0965     0.5603 3.4160e-02        839     0.5819  0.000e+00
      8.209   71.45516 -157.59060      8.294     4.4230     4.4230     4.4224    30.3939    30.4050  1024.1227    24.0839    309.654    296.206  322.58169     95.992     91.831     0.1697     0.6703     4.0965     0.5603 3.4590e-02        840     0.5826  0.000e+00
      8.209   71.45516 -157.59060      8.294     4.4228     4.4222     4.4222    30.3945    30.4067  1024.1232    24.0844    309.859    296.174  322.58194     96.056     91.821     0.1685     0.6630     4.0965     0.5603 3.5021e-02        841     0.5833  0.000e+00
      8.209   71.45516 -157.59060      8.294     4.4241     4.4216     4.4235    30.3940    30.4080  1024.1227    24.0839    309.664    296.141  322.57291     95.998     91.810     0.1697     0.6703     4.0965     0.5603 3.5021e-02        842     0.5840  0.000e+00
      8.209   71.45516 -157.59060      8.294     4.4255     4.4218     4.4250    30.3935    30.4087  1024.1221    24.0833    309.647    296.127  322.56311     95.996     91.806     0.1685     0.6630     4.0965     0.5603 3.4590e-02        843     0.5847  0.000e+00
      8.209   71.45516 -157.59060      8.294     4.4264     4.4233     4.4259    30.3939    30.4082  1024.1223    24.0835    309.632    296.105  322.55493     95.993     91.803     0.1685     0.6630     4.0965     0.5603 3.3731e-02        844     0.5854  0.000e+00
      8.209   71.45516 -157.59060      8.294     4.4272     4.4270     4.4266    30.3933    30.4052  1024.1218    24.0830    309.620    296.052  322.55048     95.991     91.793     0.1685     0.6630     4.0977     0.5591 3.3731e-02        845     0.5861  0.000e+00
