EcoFOCI/data/1_SampleCollection/2023_SikuliaqDBO_CruiseData/CTD_raw_BottleFile_SKQ23-12S/proc/skq202312s_047svp.cnv
* Sea-Bird SBE 9 Data File:
* FileName = D:\CTD\SKQ202312S\SKQ202312S_047.hex
* Software Version Seasave V 7.26.7.121
* Temperature SN = 6177
* Conductivity SN = 0369
* Number of Bytes Per Scan = 41
* Number of Voltage Words = 4
* Number of Scans Averaged by the Deck Unit = 1
* NMEA Latitude = 71 43.16 N
* NMEA Longitude = 161 46.33 W
* NMEA UTC (Time) = Sep 25 2023  03:05:57
* NMEA baud rate = 4800
** Ship: R/V Sikuliaq
** Station Number: 047
** Station Name: DBO4.5n
** Bottom Depth: 44
** Operator: SS
# nquan = 7
# nvalues = 4426                                  
# units = specified
# name 0 = depSM: Depth [salt water, m]
# name 1 = latitude: Latitude [deg]
# name 2 = longitude: Longitude [deg]
# name 3 = t090C: Temperature [ITS-90, deg C]
# name 4 = sal00: Salinity, Practical [PSU]
# name 5 = svCM: Sound Velocity [Chen-Millero, m/s]
# name 6 = flag:  0.000e+00
# span 0 =      2.553,     37.926                 
# span 1 =   71.71928,   71.71930                 
# span 2 = -161.77234, -161.77228                 
# span 3 =    -0.7205,     2.3194                 
# span 4 =    27.6069,    32.6544                 
# span 5 =    1442.65,    1450.97                 
# span 6 = 0.0000e+00, 0.0000e+00                 
# interval = seconds: 0.0416667
# start_time = Sep 25 2023 03:09:44 [NMEA time, first data scan]
# bad_flag = -9.990e-29
*END*
[from data line 4308]
     37.703   71.71928 -161.77234    -0.6756    32.6494    1443.46  0.000e+00
     37.695   71.71928 -161.77234    -0.6761    32.6495    1443.46  0.000e+00
     37.703   71.71928 -161.77234    -0.6766    32.6496    1443.46  0.000e+00
     37.703   71.71928 -161.77234    -0.6772    32.6499    1443.46  0.000e+00
     37.695   71.71928 -161.77234    -0.6777    32.6504    1443.46  0.000e+00
     37.703   71.71928 -161.77234    -0.6776    32.6501    1443.46  0.000e+00
     37.757   71.71928 -161.77234    -0.6781    32.6505    1443.45  0.000e+00
     37.695   71.71928 -161.77234    -0.6780    32.6505    1443.45  0.000e+00
     37.757   71.71928 -161.77234    -0.6778    32.6507    1443.46  0.000e+00
     37.703   71.71928 -161.77234    -0.6781    32.6509    1443.45  0.000e+00
     37.757   71.71928 -161.77234    -0.6778    32.6508    1443.46  0.000e+00
     37.749   71.71928 -161.77234    -0.6777    32.6504    1443.46  0.000e+00
     37.757   71.71928 -161.77234    -0.6779    32.6506    1443.46  0.000e+00
     37.757   71.71928 -161.77234    -0.6778    32.6504    1443.46  0.000e+00
     37.803   71.71928 -161.77234    -0.6781    32.6505    1443.46  0.000e+00
     37.818   71.71928 -161.77234    -0.6778    32.6504    1443.46  0.000e+00
     37.818   71.71928 -161.77234    -0.6779    32.6503    1443.46  0.000e+00
     37.803   71.71928 -161.77234    -0.6777    32.6501    1443.46  0.000e+00
     37.818   71.71928 -161.77234    -0.6774    32.6500    1443.46  0.000e+00
     37.818   71.71928 -161.77234    -0.6768    32.6501    1443.46  0.000e+00
     37.803   71.71928 -161.77234    -0.6756    32.6511    1443.47  0.000e+00
     37.757   71.71928 -161.77234    -0.6745    32.6514    1443.47  0.000e+00
     37.757   71.71928 -161.77234    -0.6731    32.6514    1443.48  0.000e+00
     37.703   71.71928 -161.77234    -0.6722    32.6506    1443.48  0.000e+00
     37.749   71.71928 -161.77234    -0.6720    32.6506    1443.48  0.000e+00
     37.703   71.71928 -161.77234    -0.6716    32.6500    1443.48  0.000e+00
     37.641   71.71928 -161.77234    -0.6711    32.6498    1443.48  0.000e+00
     37.695   71.71928 -161.77234    -0.6702    32.6496    1443.49  0.000e+00
     37.703   71.71928 -161.77234    -0.6696    32.6505    1443.49  0.000e+00
     37.641   71.71928 -161.77234    -0.6685    32.6498    1443.50  0.000e+00
     37.695   71.71928 -161.77234    -0.6681    32.6497    1443.50  0.000e+00
     37.703   71.71928 -161.77234    -0.6676    32.6497    1443.50  0.000e+00
     37.703   71.71928 -161.77234    -0.6669    32.6494    1443.50  0.000e+00
     37.757   71.71928 -161.77234    -0.6668    32.6496    1443.51  0.000e+00
     37.695   71.71928 -161.77234    -0.6666    32.6495    1443.51  0.000e+00
     37.757   71.71928 -161.77234    -0.6660    32.6495    1443.51  0.000e+00
     37.703   71.71928 -161.77234    -0.6653    32.6493    1443.51  0.000e+00
     37.695   71.71928 -161.77234    -0.6647    32.6490    1443.51  0.000e+00
     37.757   71.71928 -161.77234    -0.6644    32.6492    1443.52  0.000e+00
     37.703   71.71928 -161.77234    -0.6643    32.6489    1443.52  0.000e+00
     37.633   71.71928 -161.77234    -0.6647    32.6487    1443.51  0.000e+00
     37.703   71.71928 -161.77234    -0.6651    32.6486    1443.51  0.000e+00
     37.641   71.71928 -161.77234    -0.6653    32.6487    1443.51  0.000e+00
     37.695   71.71928 -161.77234    -0.6654    32.6486    1443.51  0.000e+00
     37.641   71.71928 -161.77234    -0.6654    32.6488    1443.51  0.000e+00
     37.641   71.71928 -161.77234    -0.6654    32.6491    1443.51  0.000e+00
     37.703   71.71928 -161.77234    -0.6651    32.6490    1443.51  0.000e+00
     37.633   71.71928 -161.77234    -0.6651    32.6488    1443.51  0.000e+00
     37.703   71.71928 -161.77234    -0.6653    32.6493    1443.51  0.000e+00
     37.703   71.71928 -161.77234    -0.6653    32.6491    1443.51  0.000e+00
     37.695   71.71928 -161.77234    -0.6651    32.6487    1443.51  0.000e+00
     37.703   71.71928 -161.77234    -0.6651    32.6487    1443.51  0.000e+00
     37.641   71.71928 -161.77234    -0.6654    32.6492    1443.51  0.000e+00
     37.749   71.71928 -161.77234    -0.6654    32.6490    1443.51  0.000e+00
     37.703   71.71928 -161.77234    -0.6651    32.6487    1443.51  0.000e+00
     37.641   71.71928 -161.77234    -0.6650    32.6489    1443.51  0.000e+00
     37.695   71.71928 -161.77234    -0.6649    32.6493    1443.51  0.000e+00
     37.703   71.71928 -161.77234    -0.6645    32.6487    1443.52  0.000e+00
     37.703   71.71928 -161.77234    -0.6647    32.6488    1443.51  0.000e+00
     37.641   71.71928 -161.77234    -0.6647    32.6493    1443.51  0.000e+00
     37.695   71.71928 -161.77234    -0.6647    32.6494    1443.52  0.000e+00
     37.641   71.71928 -161.77234    -0.6644    32.6487    1443.51  0.000e+00
     37.703   71.71928 -161.77234    -0.6647    32.6488    1443.51  0.000e+00
     37.695   71.71928 -161.77234    -0.6648    32.6494    1443.51  0.000e+00
     37.703   71.71928 -161.77234    -0.6645    32.6488    1443.52  0.000e+00
     37.703   71.71928 -161.77234    -0.6645    32.6488    1443.52  0.000e+00
     37.695   71.71928 -161.77234    -0.6645    32.6487    1443.52  0.000e+00
     37.703   71.71928 -161.77234    -0.6647    32.6490    1443.51  0.000e+00
     37.757   71.71928 -161.77234    -0.6642    32.6486    1443.52  0.000e+00
     37.749   71.71928 -161.77234    -0.6644    32.6485    1443.52  0.000e+00
     37.641   71.71928 -161.77234    -0.6643    32.6485    1443.51  0.000e+00
     37.757   71.71928 -161.77234    -0.6644    32.6487    1443.52  0.000e+00
     37.703   71.71928 -161.77234    -0.6644    32.6486    1443.52  0.000e+00
     37.749   71.71928 -161.77234    -0.6644    32.6487    1443.52  0.000e+00
     37.757   71.71928 -161.77234    -0.6648    32.6494    1443.52  0.000e+00
     37.703   71.71928 -161.77234    -0.6648    32.6491    1443.51  0.000e+00
     37.749   71.71928 -161.77234    -0.6647    32.6488    1443.52  0.000e+00
     37.703   71.71928 -161.77234    -0.6648    32.6489    1443.51  0.000e+00
     37.703   71.71928 -161.77234    -0.6650    32.6488    1443.51  0.000e+00
     37.803   71.71928 -161.77234    -0.6651    32.6489    1443.51  0.000e+00
     37.703   71.71928 -161.77234    -0.6657    32.6488    1443.51  0.000e+00
     37.757   71.71928 -161.77234    -0.6662    32.6492    1443.51  0.000e+00
     37.818   71.71928 -161.77234    -0.6660    32.6488    1443.51  0.000e+00
     37.749   71.71928 -161.77234    -0.6660    32.6492    1443.51  0.000e+00
     37.757   71.71928 -161.77234    -0.6660    32.6492    1443.51  0.000e+00
     37.818   71.71928 -161.77234    -0.6660    32.6488    1443.51  0.000e+00
     37.803   71.71928 -161.77234    -0.6659    32.6484    1443.51  0.000e+00
     37.757   71.71928 -161.77234    -0.6662    32.6489    1443.51  0.000e+00
     37.818   71.71928 -161.77234    -0.6664    32.6491    1443.51  0.000e+00
     37.749   71.71928 -161.77234    -0.6664    32.6492    1443.51  0.000e+00
     37.818   71.71928 -161.77234    -0.6664    32.6491    1443.51  0.000e+00
     37.818   71.71928 -161.77234    -0.6662    32.6492    1443.51  0.000e+00
     37.803   71.71928 -161.77234    -0.6660    32.6491    1443.51  0.000e+00
     37.757   71.71928 -161.77234    -0.6659    32.6490    1443.51  0.000e+00
     37.818   71.71928 -161.77234    -0.6659    32.6490    1443.51  0.000e+00
     37.872   71.71928 -161.77234    -0.6660    32.6490    1443.51  0.000e+00
     37.803   71.71928 -161.77234    -0.6657    32.6492    1443.51  0.000e+00
     37.818   71.71928 -161.77234    -0.6650    32.6488    1443.51  0.000e+00
     37.818   71.71928 -161.77234    -0.6642    32.6482    1443.52  0.000e+00
     37.865   71.71928 -161.77234    -0.6636    32.6480    1443.52  0.000e+00
     37.872   71.71928 -161.77234    -0.6633    32.6483    1443.52  0.000e+00
     37.818   71.71928 -161.77234    -0.6630    32.6481    1443.52  0.000e+00
     37.865   71.71928 -161.77234    -0.6634    32.6483    1443.52  0.000e+00
     37.872   71.71928 -161.77234    -0.6639    32.6486    1443.52  0.000e+00
     37.872   71.71928 -161.77234    -0.6645    32.6487    1443.52  0.000e+00
     37.818   71.71928 -161.77234    -0.6647    32.6485    1443.52  0.000e+00
     37.919   71.71928 -161.77234    -0.6650    32.6485    1443.52  0.000e+00
     37.818   71.71928 -161.77234    -0.6653    32.6488    1443.51  0.000e+00
     37.872   71.71928 -161.77234    -0.6654    32.6488    1443.51  0.000e+00
     37.919   71.71928 -161.77234    -0.6654    32.6488    1443.51  0.000e+00
     37.872   71.71928 -161.77234    -0.6657    32.6491    1443.51  0.000e+00
     37.872   71.71928 -161.77234    -0.6657    32.6488    1443.51  0.000e+00
     37.865   71.71928 -161.77234    -0.6660    32.6488    1443.51  0.000e+00
     37.872   71.71928 -161.77234    -0.6660    32.6485    1443.51  0.000e+00
     37.872   71.71928 -161.77234    -0.6657    32.6486    1443.51  0.000e+00
     37.926   71.71928 -161.77234    -0.6657    32.6487    1443.51  0.000e+00
     37.865   71.71928 -161.77234    -0.6656    32.6488    1443.51  0.000e+00
     37.926   71.71928 -161.77234    -0.6657    32.6490    1443.51  0.000e+00
