EcoFOCI/data/1_SampleCollection/2023_SikuliaqDBO_CruiseData/CTD_raw_BottleFile_SKQ23-12S/proc/skq202312s_070.ros
* Sea-Bird SBE 9 Data File:
* FileName = D:\CTD\SKQ202312S\SKQ202312S_070.hex
* Software Version Seasave V 7.26.7.121
* Temperature SN = 6177
* Conductivity SN = 0369
* Number of Bytes Per Scan = 41
* Number of Voltage Words = 4
* Number of Scans Averaged by the Deck Unit = 1
* NMEA Latitude = 67 53.89 N
* NMEA Longitude = 168 14.05 W
* NMEA UTC (Time) = Sep 30 2023  04:20:28
* NMEA baud rate = 4800
** Ship: R/V Sikuliaq
** Station Number: 070
** Station Name: DBO3.6
** Bottom Depth: 50
** Operator: SD
# nquan = 22
# nvalues = 1127                                  
# units = specified
# name 0 = depSM: Depth [salt water, m]
# name 1 = latitude: Latitude [deg]
# name 2 = longitude: Longitude [deg]
# name 3 = prDM: Pressure, Digiquartz [db]
# name 4 = t090C: Temperature [ITS-90, deg C]
# name 5 = t190C: Temperature, 2 [ITS-90, deg C]
# name 6 = potemp090C: Potential Temperature [ITS-90, deg C]
# name 7 = sal00: Salinity, Practical [PSU]
# name 8 = sal11: Salinity, Practical, 2 [PSU]
# name 9 = density00: Density [density, kg/m^3]
# name 10 = sigma-é00: Density [sigma-theta, kg/m^3]
# name 11 = sbox0Mm/Kg: Oxygen, SBE 43 [umol/kg]
# name 12 = sbox1Mm/Kg: Oxygen, SBE 43, 2 [umol/kg]
# name 13 = oxsolMm/Kg: Oxygen Saturation, Garcia & Gordon [umol/kg]
# name 14 = sbeox0PS: Oxygen, SBE 43 [% saturation]
# name 15 = v0: Voltage 0
# name 16 = flECO-AFL: Fluorescence, WET Labs ECO-AFL/FL [mg/m^3]
# name 17 = CStarAt0: Beam Attenuation, WET Labs C-Star [1/m]
# name 18 = par: PAR/Irradiance, Biospherical/Licor
# name 19 = scan: Scan Count
# name 20 = nbf: Bottles Fired
# name 21 = flag:  0.000e+00
# interval = seconds: 0.0416667
# start_time = Sep 30 2023 04:23:19 [NMEA time, first data scan]
# bad_flag = -9.990e-29
*END*
[from data line 330]
     30.152   67.89822 -168.23356     30.459     3.0157     3.0158     3.0140    32.3526    32.3646  1025.9140    25.7710    235.307    224.539  328.97100     71.528     0.0818     0.1428     1.4146 3.3303e-02      13439          7  0.000e+00
     30.199   67.89822 -168.23356     30.506     3.0157     3.0151     3.0140    32.3527    32.3654  1025.9143    25.7710    235.330    224.519  328.97086     71.535     0.0806     0.1355     1.4146 3.1604e-02      13440          7  0.000e+00
     30.098   67.89822 -168.23356     30.405     3.0156     3.0150     3.0139    32.3518    32.3656  1025.9131    25.7703    235.129    224.489  328.97443     71.473     0.0818     0.1428     1.4146 3.6322e-02      13441          7  0.000e+00
     30.199   67.89822 -168.23356     30.506     3.0151     3.0148     3.0134    32.3523    32.3655  1025.9140    25.7708    235.331    224.489  328.97657     71.534     0.0830     0.1502     1.4161 4.6671e-02      13442          7  0.000e+00
     30.152   67.89822 -168.23356     30.459     3.0146     3.0142     3.0129    32.3526    32.3655  1025.9141    25.7710    235.343    224.462  328.98031     71.537     0.0818     0.1428     1.4146 4.9483e-02      13443          7  0.000e+00
     30.152   67.89822 -168.23356     30.459     3.0143     3.0140     3.0126    32.3529    32.3653  1025.9143    25.7713    235.314    224.456  328.98172     71.528     0.0818     0.1428     1.4146 4.9011e-02      13444          7  0.000e+00
     30.199   67.89822 -168.23356     30.506     3.0140     3.0144     3.0123    32.3528    32.3648  1025.9145    25.7713    235.354    224.424  328.98448     71.540     0.0818     0.1428     1.4146 4.7603e-02      13445          7  0.000e+00
     30.152   67.89822 -168.23356     30.459     3.0138     3.0148     3.0121    32.3532    32.3646  1025.9146    25.7716    235.351    224.386  328.98532     71.538     0.0818     0.1428     1.4146 4.7137e-02      13446          7  0.000e+00
     30.199   67.89822 -168.23356     30.506     3.0139     3.0145     3.0121    32.3536    32.3645  1025.9151    25.7719    235.126    224.549  328.98388     71.470     0.0806     0.1355     1.4146 4.6671e-02      13447          7  0.000e+00
     30.152   67.89822 -168.23356     30.459     3.0136     3.0149     3.0119    32.3535    32.3645  1025.9149    25.7719    235.299    224.553  328.98583     71.522     0.0818     0.1428     1.4146 4.4823e-02      13448          7  0.000e+00
     30.199   67.89822 -168.23356     30.506     3.0135     3.0156     3.0118    32.3536    32.3642  1025.9152    25.7720    235.068    224.556  328.98629     71.452     0.0818     0.1428     1.4146 4.3450e-02      13449          7  0.000e+00
     30.152   67.89822 -168.23356     30.459     3.0136     3.0158     3.0119    32.3537    32.3641  1025.9150    25.7720    235.013    224.557  328.98533     71.436     0.0818     0.1428     1.4146 4.2996e-02      13450          7  0.000e+00
     30.199   67.89822 -168.23356     30.506     3.0134     3.0157     3.0117    32.3539    32.3645  1025.9154    25.7722    234.924    224.561  328.98699     71.408     0.0806     0.1355     1.4146 3.6322e-02      13451          7  0.000e+00
     29.983   67.89822 -168.23358     30.288     3.0195     3.0165     3.0178    32.3557    32.3644  1025.9154    25.7732    231.264    221.039  328.93232     70.307     0.0818     0.1428     1.4294 5.1863e-02      13575          8  0.000e+00
     30.021   67.89822 -168.23358     30.327     3.0195     3.0167     3.0178    32.3551    32.3645  1025.9150    25.7726    231.283    221.014  328.93437     70.313     0.0806     0.1355     1.4294 4.7603e-02      13576          8  0.000e+00
     29.983   67.89822 -168.23358     30.288     3.0194     3.0164     3.0177    32.3545    32.3651  1025.9144    25.7721    231.054    220.996  328.93682     70.243     0.0794     0.1282     1.4294 4.1638e-02      13577          8  0.000e+00
     30.037   67.89822 -168.23358     30.342     3.0191     3.0164     3.0173    32.3539    32.3647  1025.9142    25.7717    231.238    220.987  328.94080     70.298     0.0781     0.1209     1.4264 3.9846e-02      13578          8  0.000e+00
     30.021   67.89822 -168.23358     30.327     3.0190     3.0165     3.0173    32.3539    32.3647  1025.9142    25.7718    231.243    221.176  328.94118     70.299     0.0794     0.1282     1.4220 3.8958e-02      13579          8  0.000e+00
     30.037   67.89822 -168.23358     30.342     3.0189     3.0164     3.0172    32.3543    32.3649  1025.9145    25.7721    231.037    221.224  328.94110     70.237     0.0781     0.1209     1.4205 3.6322e-02      13580          8  0.000e+00
     30.021   67.89822 -168.23358     30.327     3.0188     3.0166     3.0171    32.3545    32.3649  1025.9146    25.7722    231.022    221.058  328.94118     70.232     0.0794     0.1282     1.4205 3.5887e-02      13581          8  0.000e+00
     30.037   67.89822 -168.23358     30.342     3.0189     3.0170     3.0172    32.3544    32.3651  1025.9146    25.7722    231.016    221.070  328.94080     70.230     0.0781     0.1209     1.4205 3.7635e-02      13582          8  0.000e+00
     29.967   67.89822 -168.23358     30.272     3.0186     3.0173     3.0169    32.3541    32.3653  1025.9141    25.7719    231.020    221.086  328.94421     70.231     0.0794     0.1282     1.4205 4.6207e-02      13583          8  0.000e+00
     30.099   67.89822 -168.23358     30.405     3.0186     3.0175     3.0169    32.3541    32.3647  1025.9147    25.7719    230.781    221.117  328.94438     70.158     0.0781     0.1209     1.4205 4.9483e-02      13584          8  0.000e+00
     30.021   67.89822 -168.23358     30.327     3.0186     3.0176     3.0169    32.3539    32.3649  1025.9142    25.7718    230.946    221.148  328.94468     70.208     0.0794     0.1282     1.4205 4.9483e-02      13585          8  0.000e+00
     30.037   67.89822 -168.23358     30.342     3.0184     3.0170     3.0167    32.3540    32.3651  1025.9144    25.7719    230.975    220.998  328.94570     70.217     0.0781     0.1209     1.4205 4.8540e-02      13586          8  0.000e+00
     30.037   67.89822 -168.23358     30.342     3.0181     3.0168     3.0164    32.3544    32.3654  1025.9147    25.7722    230.976    221.000  328.94751     70.217     0.0781     0.1209     1.4205 4.8071e-02      13587          8  0.000e+00
     30.083   67.89822 -168.23358     30.389     3.0179     3.0168     3.0162    32.3543    32.3649  1025.9148    25.7721    230.769    221.011  328.94907     70.153     0.0794     0.1282     1.4205 4.8071e-02      13588          8  0.000e+00
     30.037   67.89822 -168.23356     30.342     3.0181     3.0178     3.0164    32.3543    32.3648  1025.9146    25.7721    231.183    221.019  328.94761     70.279     0.0794     0.1282     1.4205 5.0431e-02      13589          8  0.000e+00
     30.083   67.89822 -168.23356     30.389     3.0181     3.0191     3.0164    32.3539    32.3652  1025.9145    25.7718    230.806    221.033  328.94867     70.165     0.0794     0.1282     1.4220 5.1863e-02      13590          8  0.000e+00
     30.037   67.89822 -168.23356     30.342     3.0179     3.0198     3.0162    32.3537    32.3656  1025.9142    25.7717    230.802    221.055  328.95041     70.163     0.0794     0.1282     1.4205 5.1863e-02      13591          8  0.000e+00
     30.083   67.89822 -168.23356     30.389     3.0178     3.0206     3.0161    32.3534    32.3660  1025.9141    25.7714    230.809    221.086  328.95257     70.165     0.0794     0.1282     1.4205 4.9011e-02      13592          8  0.000e+00
     30.099   67.89822 -168.23356     30.405     3.0179     3.0212     3.0162    32.3533    32.3659  1025.9141    25.7714    230.785    221.101  328.95139     70.158     0.0781     0.1209     1.4205 4.6671e-02      13593          8  0.000e+00
     30.021   67.89822 -168.23356     30.327     3.0176     3.0214     3.0159    32.3537    32.3655  1025.9141    25.7717    230.805    221.121  328.95299     70.163     0.0794     0.1282     1.4205 4.6207e-02      13594          8  0.000e+00
     30.099   67.89822 -168.23356     30.405     3.0176     3.0213     3.0159    32.3541    32.3660  1025.9148    25.7720    230.835    221.153  328.95210     70.173     0.0781     0.1209     1.4205 4.4364e-02      13595          8  0.000e+00
     30.021   67.89822 -168.23356     30.327     3.0176     3.0212     3.0159    32.3545    32.3661  1025.9147    25.7723    230.870    221.186  328.95109     70.184     0.0794     0.1282     1.4205 4.2542e-02      13596          8  0.000e+00
     30.153   67.89822 -168.23356     30.459     3.0175     3.0211     3.0158    32.3544    32.3663  1025.9153    25.7723    230.922    221.207  328.95217     70.199     0.0794     0.1282     1.4205 4.1638e-02      13597          8  0.000e+00
     30.099   67.89822 -168.23356     30.405     3.0178     3.0207     3.0161    32.3543    32.3662  1025.9149    25.7721    230.938    221.230  328.95029     70.204     0.0794     0.1282     1.4190 4.2996e-02      13598          8  0.000e+00
     30.137   67.89822 -168.23356     30.444     3.0178     3.0206     3.0160    32.3537    32.3660  1025.9146    25.7717    230.748    221.064  328.95175     70.147     0.0781     0.1209     1.4161 4.4823e-02      13599          8  0.000e+00
     30.099   67.89822 -168.23356     30.405     3.0174     3.0206     3.0157    32.3536    32.3662  1025.9144    25.7716    230.967    221.072  328.95460     70.212     0.0794     0.1282     1.4146 4.5745e-02      13600          8  0.000e+00
     30.083   67.89822 -168.23356     30.389     3.0176     3.0210     3.0159    32.3539    32.3656  1025.9145    25.7718    231.007    221.085  328.95268     70.225     0.0781     0.1209     1.4146 4.4364e-02      13601          8  0.000e+00
     30.099   67.89822 -168.23356     30.405     3.0173     3.0212     3.0156    32.3538    32.3658  1025.9146    25.7718    230.841    221.081  328.95500     70.174     0.0806     0.1355     1.4146 4.0292e-02      13602          8  0.000e+00
     30.137   67.89822 -168.23356     30.444     3.0176     3.0221     3.0159    32.3542    32.3663  1025.9151    25.7721    230.863    221.077  328.95175     70.182     0.0818     0.1428     1.4146 3.9401e-02      13603          8  0.000e+00
     30.099   67.89822 -168.23356     30.405     3.0176     3.0224     3.0159    32.3539    32.3662  1025.9146    25.7719    231.076    221.276  328.95250     70.246     0.0818     0.1428     1.4161 4.1638e-02      13604          8  0.000e+00
     30.137   67.89822 -168.23356     30.444     3.0178     3.0226     3.0160    32.3539    32.3661  1025.9148    25.7718    230.895    221.309  328.95125     70.191     0.0818     0.1428     1.4146 4.9011e-02      13605          8  0.000e+00
     30.153   67.89822 -168.23356     30.459     3.0178     3.0217     3.0160    32.3543    32.3666  1025.9152    25.7721    230.904    221.351  328.95037     70.194     0.0818     0.1428     1.4146 5.2342e-02      13606          8  0.000e+00
     30.099   67.89822 -168.23356     30.405     3.0179     3.0206     3.0162    32.3540    32.3664  1025.9146    25.7719    230.881    221.398  328.94979     70.187     0.0818     0.1428     1.4146 5.3306e-02      13607          8  0.000e+00
     30.137   67.89822 -168.23356     30.444     3.0178     3.0198     3.0160    32.3539    32.3665  1025.9148    25.7718    231.123    221.253  328.95135     70.261     0.0806     0.1355     1.4146 5.7712e-02      13608          8  0.000e+00
     30.153   67.89822 -168.23356     30.459     3.0178     3.0197     3.0160    32.3536    32.3663  1025.9146    25.7716    230.969    221.281  328.95207     70.214     0.0818     0.1428     1.4146 6.0208e-02      13609          8  0.000e+00
     30.137   67.89822 -168.23356     30.444     3.0179     3.0198     3.0162    32.3538    32.3660  1025.9147    25.7717    231.002    221.311  328.95034     70.224     0.0818     0.1428     1.4146 5.9706e-02      13610          8  0.000e+00
     30.153   67.89822 -168.23356     30.459     3.0176     3.0199     3.0159    32.3542    32.3661  1025.9151    25.7721    231.046    221.346  328.95177     70.237     0.0818     0.1428     1.4146 5.6723e-02      13611          8  0.000e+00
     30.199   67.89822 -168.23356     30.506     3.0179     3.0195     3.0162    32.3537    32.3669  1025.9149    25.7716    231.060    221.389  328.95053     70.241     0.0806     0.1355     1.4161 5.5251e-02      13612          8  0.000e+00
     30.153   67.89822 -168.23356     30.459     3.0178     3.0195     3.0160    32.3538    32.3662  1025.9148    25.7717    231.332    221.411  328.95157     70.324     0.0818     0.1428     1.4146 5.4762e-02      13613          8  0.000e+00
     30.137   67.89822 -168.23356     30.444     3.0181     3.0190     3.0164    32.3539    32.3668  1025.9147    25.7718    231.171    221.438  328.94874     70.276     0.0806     0.1355     1.4146 5.2824e-02      13614          8  0.000e+00
     30.153   67.89822 -168.23356     30.459     3.0181     3.0189     3.0164    32.3544    32.3669  1025.9152    25.7722    231.202    221.468  328.94736     70.285     0.0818     0.1428     1.4146 5.0431e-02      13615          8  0.000e+00
     30.153   67.89822 -168.23356     30.459     3.0181     3.0181     3.0164    32.3551    32.3675  1025.9158    25.7727    231.237    221.505  328.94576     70.296     0.0818     0.1428     1.4146 5.0431e-02      13616          8  0.000e+00
     30.199   67.89822 -168.23356     30.506     3.0183     3.0174     3.0165    32.3550    32.3680  1025.9159    25.7726    231.280    221.523  328.94472     70.310     0.0818     0.1428     1.4146 4.8540e-02      13617          8  0.000e+00
     30.153   67.89822 -168.23356     30.459     3.0179     3.0163     3.0162    32.3560    32.3681  1025.9165    25.7735    231.327    221.350  328.94486     70.324     0.0830     0.1502     1.4102 4.7137e-02      13618          8  0.000e+00
     30.199   67.89822 -168.23356     30.506     3.0181     3.0148     3.0164    32.3564    32.3689  1025.9171    25.7738    231.380    221.332  328.94232     70.341     0.0818     0.1428     1.3867 4.7137e-02      13619          8  0.000e+00
     30.153   67.89822 -168.23356     30.459     3.0183     3.0143     3.0165    32.3562    32.3687  1025.9167    25.7736    231.401    221.334  328.94156     70.347     0.0818     0.1428     1.3764 4.7137e-02      13620          8  0.000e+00
     30.199   67.89822 -168.23356     30.506     3.0181     3.0142     3.0164    32.3554    32.3686  1025.9162    25.7730    231.433    221.535  328.94492     70.356     0.0806     0.1355     1.3764 4.7137e-02      13621          8  0.000e+00
     30.207   67.89822 -168.23356     30.514     3.0181     3.0147     3.0164    32.3554    32.3687  1025.9162    25.7730    231.465    221.562  328.94503     70.366     0.0818     0.1428     1.3764 4.7603e-02      13622          8  0.000e+00
     30.137   67.89822 -168.23356     30.444     3.0176     3.0147     3.0159    32.3558    32.3684  1025.9163    25.7733    231.284    221.397  328.94795     70.310     0.0806     0.1355     1.3779 4.5283e-02      13623          8  0.000e+00
     30.137   67.89822 -168.23358     30.444     3.0212     3.0227     3.0195    32.3568    32.3669  1025.9168    25.7739    231.351    221.109  328.91570     70.337     0.0818     0.1428     1.3852 5.3306e-02      13744          9  0.000e+00
     30.037   67.89822 -168.23358     30.342     3.0214     3.0228     3.0197    32.3567    32.3669  1025.9162    25.7738    231.345    220.934  328.91467     70.336     0.0806     0.1355     1.3852 5.2342e-02      13745          9  0.000e+00
     30.083   67.89822 -168.23358     30.389     3.0211     3.0221     3.0194    32.3570    32.3671  1025.9167    25.7740    231.347    220.917  328.91653     70.336     0.0818     0.1428     1.3867 4.5283e-02      13746          9  0.000e+00
