EcoFOCI/data/1_SampleCollection/2023_SikuliaqDBO_CruiseData/CTD_raw_BottleFile_SKQ23-12S/proc/skq202312s_032svp.cnv
* Sea-Bird SBE 9 Data File:
* FileName = D:\CTD\SKQ202312S\SKQ202312S_032.hex
* Software Version Seasave V 7.26.7.121
* Temperature SN = 6177
* Conductivity SN = 0369
* Number of Bytes Per Scan = 41
* Number of Voltage Words = 4
* Number of Scans Averaged by the Deck Unit = 1
* NMEA Latitude = 71 32.18 N
* NMEA Longitude = 157 45.08 W
* NMEA UTC (Time) = Sep 21 2023  12:37:07
* NMEA baud rate = 4800
** Ship: R/V Sikuliaq
** Station Number: 032
** Station Name: DBO5.8
** Bottom Depth: 72
** Operator: SD
# nquan = 7
# nvalues = 7300                                  
# units = specified
# name 0 = depSM: Depth [salt water, m]
# name 1 = latitude: Latitude [deg]
# name 2 = longitude: Longitude [deg]
# name 3 = t090C: Temperature [ITS-90, deg C]
# name 4 = sal00: Salinity, Practical [PSU]
# name 5 = svCM: Sound Velocity [Chen-Millero, m/s]
# name 6 = flag:  0.000e+00
# span 0 =      2.874,     65.566                 
# span 1 =   71.53636,   71.53644                 
# span 2 = -157.75158, -157.75112                 
# span 3 =    -1.6089,     2.4267                 
# span 4 =    29.6885,    32.9300                 
# span 5 =    1439.10,    1453.73                 
# span 6 = 0.0000e+00, 0.0000e+00                 
# interval = seconds: 0.0416667
# start_time = Sep 21 2023 12:41:52 [NMEA time, first data scan]
# bad_flag = -9.990e-29
*END*
[from data line 1847]
     13.253   71.53642 -157.75124    -0.8559    32.0098    1441.35  0.000e+00
     13.338   71.53642 -157.75124    -0.8558    32.0086    1441.35  0.000e+00
     13.284   71.53642 -157.75124    -0.8558    32.0086    1441.35  0.000e+00
     13.284   71.53642 -157.75124    -0.8565    32.0098    1441.35  0.000e+00
     13.338   71.53642 -157.75124    -0.8567    32.0112    1441.35  0.000e+00
     13.284   71.53642 -157.75124    -0.8509    32.0092    1441.38  0.000e+00
     13.307   71.53642 -157.75124    -0.8456    32.0066    1441.40  0.000e+00
     13.338   71.53642 -157.75124    -0.8458    32.0056    1441.40  0.000e+00
     13.284   71.53642 -157.75124    -0.8445    32.0083    1441.41  0.000e+00
     13.338   71.53642 -157.75124    -0.8386    32.0100    1441.44  0.000e+00
     13.338   71.53642 -157.75124    -0.8353    32.0079    1441.45  0.000e+00
     13.338   71.53642 -157.75124    -0.8369    32.0035    1441.44  0.000e+00
     13.338   71.53642 -157.75124    -0.8406    32.0031    1441.42  0.000e+00
     13.369   71.53642 -157.75124    -0.8398    32.0025    1441.42  0.000e+00
     13.338   71.53642 -157.75124    -0.8362    32.0026    1441.44  0.000e+00
     13.338   71.53642 -157.75124    -0.8292    32.0026    1441.47  0.000e+00
     13.338   71.53642 -157.75124    -0.8216    32.0047    1441.51  0.000e+00
     13.338   71.53642 -157.75124    -0.8148    32.0077    1441.55  0.000e+00
     13.399   71.53642 -157.75124    -0.8037    32.0038    1441.59  0.000e+00
     13.338   71.53642 -157.75124    -0.7977    31.9956    1441.61  0.000e+00
     13.368   71.53642 -157.75124    -0.8006    31.9878    1441.59  0.000e+00
     13.399   71.53642 -157.75124    -0.8078    31.9850    1441.55  0.000e+00
     13.399   71.53642 -157.75124    -0.8148    31.9876    1441.52  0.000e+00
     13.399   71.53642 -157.75124    -0.8124    31.9852    1441.53  0.000e+00
     13.453   71.53642 -157.75124    -0.8101    31.9858    1441.54  0.000e+00
     13.399   71.53642 -157.75124    -0.8143    31.9918    1441.53  0.000e+00
     13.422   71.53642 -157.75124    -0.8212    31.9968    1441.50  0.000e+00
     13.399   71.53642 -157.75124    -0.8265    31.9961    1441.48  0.000e+00
     13.453   71.53642 -157.75124    -0.8352    31.9981    1441.44  0.000e+00
     13.453   71.53642 -157.75124    -0.8448    32.0076    1441.41  0.000e+00
     13.399   71.53642 -157.75124    -0.8524    32.0203    1441.39  0.000e+00
     13.453   71.53642 -157.75124    -0.8554    32.0272    1441.38  0.000e+00
     13.453   71.53642 -157.75124    -0.8520    32.0242    1441.40  0.000e+00
     13.422   71.53642 -157.75124    -0.8463    32.0170    1441.41  0.000e+00
     13.453   71.53642 -157.75124    -0.8456    32.0157    1441.41  0.000e+00
     13.453   71.53642 -157.75124    -0.8481    32.0195    1441.41  0.000e+00
     13.453   71.53642 -157.75124    -0.8512    32.0230    1441.40  0.000e+00
     13.507   71.53642 -157.75124    -0.8523    32.0224    1441.39  0.000e+00
     13.507   71.53642 -157.75124    -0.8522    32.0194    1441.39  0.000e+00
     13.484   71.53642 -157.75124    -0.8484    32.0146    1441.40  0.000e+00
     13.507   71.53642 -157.75124    -0.8436    32.0114    1441.42  0.000e+00
     13.568   71.53642 -157.75124    -0.8423    32.0112    1441.43  0.000e+00
     13.507   71.53642 -157.75124    -0.8430    32.0129    1441.42  0.000e+00
     13.568   71.53642 -157.75124    -0.8403    32.0108    1441.43  0.000e+00
     13.507   71.53642 -157.75124    -0.8381    32.0075    1441.44  0.000e+00
     13.622   71.53642 -157.75124    -0.8384    32.0065    1441.44  0.000e+00
     13.538   71.53642 -157.75124    -0.8412    32.0090    1441.43  0.000e+00
     13.568   71.53642 -157.75124    -0.8447    32.0105    1441.41  0.000e+00
     13.568   71.53642 -157.75124    -0.8493    32.0138    1441.40  0.000e+00
     13.568   71.53642 -157.75124    -0.8551    32.0225    1441.38  0.000e+00
     13.568   71.53642 -157.75124    -0.8571    32.0285    1441.38  0.000e+00
     13.622   71.53642 -157.75124    -0.8600    32.0315    1441.37  0.000e+00
     13.537   71.53642 -157.75124    -0.8653    32.0372    1441.35  0.000e+00
     13.622   71.53642 -157.75124    -0.8697    32.0411    1441.34  0.000e+00
     13.622   71.53642 -157.75124    -0.8736    32.0377    1441.31  0.000e+00
     13.622   71.53642 -157.75124    -0.8763    32.0297    1441.29  0.000e+00
     13.622   71.53642 -157.75124    -0.8782    32.0243    1441.27  0.000e+00
     13.622   71.53642 -157.75124    -0.8801    32.0229    1441.26  0.000e+00
     13.653   71.53642 -157.75124    -0.8814    32.0218    1441.26  0.000e+00
     13.622   71.53642 -157.75124    -0.8831    32.0216    1441.25  0.000e+00
     13.684   71.53642 -157.75124    -0.8808    32.0170    1441.25  0.000e+00
     13.622   71.53642 -157.75124    -0.8788    32.0142    1441.26  0.000e+00
     13.684   71.53642 -157.75124    -0.8801    32.0154    1441.25  0.000e+00
     13.622   71.53642 -157.75124    -0.8826    32.0177    1441.24  0.000e+00
     13.684   71.53642 -157.75124    -0.8851    32.0202    1441.24  0.000e+00
     13.653   71.53642 -157.75124    -0.8863    32.0211    1441.23  0.000e+00
     13.684   71.53642 -157.75124    -0.8874    32.0238    1441.23  0.000e+00
     13.738   71.53642 -157.75124    -0.8888    32.0258    1441.23  0.000e+00
     13.622   71.53642 -157.75124    -0.8899    32.0257    1441.22  0.000e+00
     13.738   71.53642 -157.75124    -0.8899    32.0253    1441.22  0.000e+00
     13.738   71.53642 -157.75124    -0.8900    32.0256    1441.22  0.000e+00
     13.707   71.53642 -157.75124    -0.8897    32.0251    1441.22  0.000e+00
     13.684   71.53642 -157.75124    -0.8895    32.0264    1441.22  0.000e+00
     13.737   71.53642 -157.75124    -0.8888    32.0263    1441.23  0.000e+00
     13.737   71.53642 -157.75124    -0.8885    32.0252    1441.23  0.000e+00
     13.737   71.53642 -157.75124    -0.8883    32.0234    1441.23  0.000e+00
     13.737   71.53642 -157.75124    -0.8874    32.0225    1441.23  0.000e+00
     13.768   71.53642 -157.75124    -0.8868    32.0226    1441.23  0.000e+00
     13.737   71.53642 -157.75124    -0.8872    32.0239    1441.23  0.000e+00
     13.737   71.53642 -157.75124    -0.8862    32.0230    1441.24  0.000e+00
     13.799   71.53642 -157.75124    -0.8848    32.0222    1441.24  0.000e+00
     13.799   71.53642 -157.75124    -0.8842    32.0221    1441.25  0.000e+00
     13.737   71.53642 -157.75124    -0.8837    32.0212    1441.25  0.000e+00
     13.799   71.53642 -157.75124    -0.8839    32.0207    1441.25  0.000e+00
     13.822   71.53642 -157.75124    -0.8837    32.0199    1441.25  0.000e+00
     13.853   71.53642 -157.75124    -0.8835    32.0198    1441.25  0.000e+00
     13.799   71.53642 -157.75124    -0.8834    32.0206    1441.25  0.000e+00
     13.853   71.53642 -157.75124    -0.8838    32.0218    1441.25  0.000e+00
     13.853   71.53642 -157.75124    -0.8832    32.0219    1441.25  0.000e+00
     13.799   71.53642 -157.75124    -0.8830    32.0220    1441.25  0.000e+00
     13.884   71.53642 -157.75124    -0.8831    32.0228    1441.25  0.000e+00
     13.853   71.53642 -157.75124    -0.8826    32.0224    1441.25  0.000e+00
     13.853   71.53642 -157.75124    -0.8823    32.0224    1441.26  0.000e+00
     13.907   71.53642 -157.75124    -0.8825    32.0231    1441.26  0.000e+00
     13.907   71.53642 -157.75124    -0.8822    32.0236    1441.26  0.000e+00
     13.853   71.53642 -157.75124    -0.8820    32.0237    1441.26  0.000e+00
     13.938   71.53642 -157.75124    -0.8819    32.0235    1441.26  0.000e+00
     13.968   71.53642 -157.75124    -0.8819    32.0234    1441.26  0.000e+00
     13.907   71.53642 -157.75126    -0.8817    32.0224    1441.26  0.000e+00
     14.022   71.53642 -157.75126    -0.8823    32.0236    1441.26  0.000e+00
     13.907   71.53642 -157.75126    -0.8826    32.0245    1441.26  0.000e+00
     13.968   71.53642 -157.75126    -0.8828    32.0251    1441.26  0.000e+00
     13.991   71.53642 -157.75126    -0.8834    32.0259    1441.26  0.000e+00
     13.968   71.53642 -157.75126    -0.8835    32.0265    1441.26  0.000e+00
     13.968   71.53642 -157.75126    -0.8831    32.0262    1441.26  0.000e+00
     14.022   71.53642 -157.75126    -0.8830    32.0266    1441.26  0.000e+00
     14.022   71.53642 -157.75126    -0.8835    32.0272    1441.26  0.000e+00
     14.022   71.53642 -157.75126    -0.8839    32.0275    1441.26  0.000e+00
     14.053   71.53642 -157.75126    -0.8839    32.0275    1441.26  0.000e+00
     14.022   71.53642 -157.75126    -0.8843    32.0282    1441.26  0.000e+00
     14.138   71.53642 -157.75126    -0.8845    32.0291    1441.26  0.000e+00
     14.084   71.53642 -157.75126    -0.8848    32.0298    1441.26  0.000e+00
     14.138   71.53642 -157.75126    -0.8850    32.0301    1441.26  0.000e+00
     14.084   71.53642 -157.75126    -0.8854    32.0307    1441.26  0.000e+00
     14.169   71.53642 -157.75126    -0.8859    32.0310    1441.26  0.000e+00
     14.138   71.53642 -157.75126    -0.8863    32.0317    1441.25  0.000e+00
     14.192   71.53642 -157.75126    -0.8866    32.0322    1441.25  0.000e+00
     14.192   71.53642 -157.75126    -0.8871    32.0328    1441.25  0.000e+00
     14.192   71.53642 -157.75126    -0.8877    32.0335    1441.25  0.000e+00
     14.192   71.53642 -157.75126    -0.8883    32.0344    1441.25  0.000e+00
     14.284   71.53642 -157.75126    -0.8892    32.0352    1441.25  0.000e+00
     14.253   71.53642 -157.75126    -0.8900    32.0357    1441.24  0.000e+00
     14.253   71.53642 -157.75126    -0.8905    32.0362    1441.24  0.000e+00
     14.307   71.53642 -157.75126    -0.8915    32.0370    1441.24  0.000e+00
     14.307   71.53642 -157.75126    -0.8925    32.0377    1441.24  0.000e+00
     14.307   71.53642 -157.75126    -0.8931    32.0376    1441.23  0.000e+00
     14.338   71.53642 -157.75126    -0.8939    32.0389    1441.23  0.000e+00
     14.369   71.53642 -157.75126    -0.8946    32.0403    1441.23  0.000e+00
     14.369   71.53642 -157.75126    -0.8950    32.0405    1441.23  0.000e+00
     14.369   71.53642 -157.75126    -0.8955    32.0412    1441.23  0.000e+00
     14.369   71.53642 -157.75126    -0.8964    32.0422    1441.22  0.000e+00
     14.484   71.53642 -157.75126    -0.8969    32.0428    1441.22  0.000e+00
     14.392   71.53642 -157.75126    -0.8975    32.0437    1441.22  0.000e+00
     14.423   71.53642 -157.75126    -0.8984    32.0454    1441.22  0.000e+00
     14.484   71.53642 -157.75126    -0.8989    32.0459    1441.22  0.000e+00
     14.484   71.53642 -157.75126    -0.8997    32.0473    1441.22  0.000e+00
     14.484   71.53642 -157.75126    -0.9003    32.0479    1441.22  0.000e+00
     14.507   71.53642 -157.75126    -0.9010    32.0489    1441.21  0.000e+00
     14.484   71.53642 -157.75126    -0.9017    32.0496    1441.21  0.000e+00
     14.538   71.53642 -157.75126    -0.9019    32.0501    1441.21  0.000e+00
     14.538   71.53642 -157.75126    -0.9029    32.0512    1441.21  0.000e+00
     14.538   71.53642 -157.75126    -0.9032    32.0515    1441.21  0.000e+00
     14.538   71.53642 -157.75126    -0.9035    32.0522    1441.21  0.000e+00
     14.569   71.53642 -157.75126    -0.9037    32.0519    1441.21  0.000e+00
     14.592   71.53642 -157.75126    -0.9041    32.0528    1441.21  0.000e+00
     14.592   71.53642 -157.75126    -0.9044    32.0529    1441.20  0.000e+00
     14.592   71.53642 -157.75126    -0.9046    32.0531    1441.20  0.000e+00
     14.592   71.53642 -157.75126    -0.9049    32.0539    1441.20  0.000e+00
     14.654   71.53642 -157.75126    -0.9050    32.0538    1441.20  0.000e+00
     14.623   71.53642 -157.75126    -0.9053    32.0542    1441.20  0.000e+00
     14.654   71.53642 -157.75126    -0.9059    32.0549    1441.20  0.000e+00
     14.654   71.53642 -157.75126    -0.9061    32.0551    1441.20  0.000e+00
     14.654   71.53642 -157.75126    -0.9066    32.0558    1441.20  0.000e+00
     14.654   71.53642 -157.75126    -0.9070    32.0564    1441.20  0.000e+00
     14.677   71.53642 -157.75126    -0.9073    32.0564    1441.20  0.000e+00
     14.708   71.53642 -157.75126    -0.9077    32.0569    1441.20  0.000e+00
     14.654   71.53642 -157.75126    -0.9079    32.0565    1441.19  0.000e+00
     14.708   71.53642 -157.75126    -0.9087    32.0572    1441.19  0.000e+00
     14.708   71.53642 -157.75126    -0.9092    32.0574    1441.19  0.000e+00
     14.769   71.53642 -157.75126    -0.9099    32.0577    1441.19  0.000e+00
     14.738   71.53642 -157.75126    -0.9110    32.0584    1441.18  0.000e+00
     14.707   71.53642 -157.75126    -0.9115    32.0590    1441.18  0.000e+00
     14.769   71.53642 -157.75126    -0.9116    32.0588    1441.18  0.000e+00
     14.707   71.53642 -157.75126    -0.9122    32.0597    1441.18  0.000e+00
     14.769   71.53642 -157.75126    -0.9132    32.0606    1441.18  0.000e+00
     14.738   71.53642 -157.75126    -0.9136    32.0611    1441.17  0.000e+00
     14.769   71.53642 -157.75126    -0.9138    32.0607    1441.17  0.000e+00
     14.823   71.53642 -157.75126    -0.9139    32.0608    1441.17  0.000e+00
     14.769   71.53642 -157.75126    -0.9142    32.0609    1441.17  0.000e+00
     14.769   71.53642 -157.75126    -0.9147    32.0611    1441.17  0.000e+00
     14.769   71.53642 -157.75126    -0.9150    32.0614    1441.17  0.000e+00
     14.792   71.53642 -157.75126    -0.9152    32.0612    1441.17  0.000e+00
     14.769   71.53642 -157.75126    -0.9150    32.0609    1441.17  0.000e+00
     14.769   71.53642 -157.75126    -0.9156    32.0608    1441.17  0.000e+00
     14.823   71.53642 -157.75126    -0.9159    32.0620    1441.17  0.000e+00
     14.769   71.53642 -157.75126    -0.9161    32.0619    1441.16  0.000e+00
     14.792   71.53642 -157.75126    -0.9158    32.0615    1441.17  0.000e+00
     14.823   71.53642 -157.75126    -0.9148    32.0605    1441.17  0.000e+00
     14.823   71.53642 -157.75126    -0.9142    32.0601    1441.17  0.000e+00
     14.769   71.53642 -157.75126    -0.9136    32.0603    1441.17  0.000e+00
     14.823   71.53642 -157.75126    -0.9127    32.0597    1441.18  0.000e+00
     14.823   71.53642 -157.75126    -0.9118    32.0583    1441.18  0.000e+00
     14.792   71.53642 -157.75126    -0.9121    32.0594    1441.18  0.000e+00
     14.823   71.53642 -157.75126    -0.9119    32.0597    1441.18  0.000e+00
     14.823   71.53642 -157.75126    -0.9121    32.0600    1441.18  0.000e+00
     14.823   71.53642 -157.75126    -0.9119    32.0602    1441.18  0.000e+00
     14.823   71.53642 -157.75126    -0.9112    32.0602    1441.19  0.000e+00
     14.854   71.53642 -157.75126    -0.9104    32.0589    1441.19  0.000e+00
     14.823   71.53642 -157.75126    -0.9101    32.0584    1441.19  0.000e+00
     14.823   71.53642 -157.75126    -0.9096    32.0586    1441.19  0.000e+00
     14.884   71.53642 -157.75126    -0.9093    32.0588    1441.19  0.000e+00
     14.823   71.53642 -157.75126    -0.9087    32.0593    1441.20  0.000e+00
     14.884   71.53642 -157.75126    -0.9061    32.0582    1441.21  0.000e+00
     14.853   71.53642 -157.75126    -0.9039    32.0566    1441.22  0.000e+00
     14.884   71.53642 -157.75126    -0.9029    32.0565    1441.22  0.000e+00
     14.884   71.53642 -157.75126    -0.9017    32.0569    1441.23  0.000e+00
     14.884   71.53642 -157.75126    -0.8995    32.0551    1441.24  0.000e+00
     14.884   71.53642 -157.75126    -0.8975    32.0530    1441.24  0.000e+00
     14.907   71.53642 -157.75126    -0.8964    32.0507    1441.24  0.000e+00
     14.938   71.53642 -157.75126    -0.8972    32.0497    1441.24  0.000e+00
     14.884   71.53642 -157.75126    -0.8990    32.0492    1441.23  0.000e+00
     14.938   71.53642 -157.75126    -0.9014    32.0504    1441.22  0.000e+00
     14.938   71.53642 -157.75126    -0.9030    32.0509    1441.21  0.000e+00
     14.938   71.53642 -157.75126    -0.9047    32.0526    1441.21  0.000e+00
