EcoFOCI/data/1_SampleCollection/2023_SikuliaqDBO_CruiseData/CTD_raw_BottleFile_SKQ23-12S/proc/skq202312s_064.cnv
* Sea-Bird SBE 9 Data File:
* FileName = D:\CTD\SKQ202312S\SKQ202312S_064.hex
* Software Version Seasave V 7.26.7.121
* Temperature SN = 6177
* Conductivity SN = 0369
* Number of Bytes Per Scan = 41
* Number of Voltage Words = 4
* Number of Scans Averaged by the Deck Unit = 1
* NMEA Latitude = 71 57.82 N
* NMEA Longitude = 166 18.97 W
* NMEA UTC (Time) = Sep 28 2023  10:18:40
* NMEA baud rate = 4800
** Ship: R/V Sikuliaq
** Station Number: 064
** Station Name: IC0.1
** Bottom Depth: 46
** Operator: Bern
# nquan = 24
# nvalues = 3381                                  
# units = specified
# name 0 = depSM: Depth [salt water, m]
# name 1 = latitude: Latitude [deg]
# name 2 = longitude: Longitude [deg]
# name 3 = prDM: Pressure, Digiquartz [db]
# name 4 = t090C: Temperature [ITS-90, deg C]
# name 5 = t190C: Temperature, 2 [ITS-90, deg C]
# name 6 = potemp090C: Potential Temperature [ITS-90, deg C]
# name 7 = sal00: Salinity, Practical [PSU]
# name 8 = sal11: Salinity, Practical, 2 [PSU]
# name 9 = density00: Density [density, kg/m^3]
# name 10 = sigma-é00: Density [sigma-theta, kg/m^3]
# name 11 = sbox0Mm/Kg: Oxygen, SBE 43 [umol/kg]
# name 12 = sbox1Mm/Kg: Oxygen, SBE 43, 2 [umol/kg]
# name 13 = oxsolMm/Kg: Oxygen Saturation, Garcia & Gordon [umol/kg]
# name 14 = sbeox0PS: Oxygen, SBE 43 [% saturation]
# name 15 = sbeox1PS: Oxygen, SBE 43, 2 [% saturation]
# name 16 = v0: Voltage 0
# name 17 = flECO-AFL: Fluorescence, WET Labs ECO-AFL/FL [mg/m^3]
# name 18 = v1: Voltage 1
# name 19 = CStarAt0: Beam Attenuation, WET Labs C-Star [1/m]
# name 20 = par: PAR/Irradiance, Biospherical/Licor
# name 21 = scan: Scan Count
# name 22 = timeM: Time, Elapsed [minutes]
# name 23 = flag:  0.000e+00
# span 0 =      2.287,     40.185                 
# span 1 =   71.96376,   71.96376                 
# span 2 = -166.31568, -166.31550                 
# span 3 =      2.311,     40.604                 
# span 4 =    -0.5402,     3.9940                 
# span 5 =    -0.5350,     3.9955                 
# span 6 =    -0.5413,     3.9923                 
# span 7 =    30.8512,    32.4561                 
# span 8 =    30.8717,    32.3984                 
# span 9 =  1024.5182,  1026.1820                 
# span 10 =    24.5071,    26.0262                
# span 11 =    296.412,    331.384                
# span 12 =    281.292,    326.103                
# span 13 =  323.55945,  360.40386                
# span 14 =     85.474,     95.488                
# span 15 =     81.304,     92.639                
# span 16 =     0.0733,     0.1563                
# span 17 =     0.0916,     0.5897                
# span 18 =     3.4188,     4.2491                
# span 19 =     0.4140,     1.2839                
# span 20 = 1.0000e-12, 1.1865e+00                
# span 21 =          1,       3381                
# span 22 =     0.0000,     2.3472                
# span 23 = 0.0000e+00, 0.0000e+00                
# interval = seconds: 0.0416667
# start_time = Sep 28 2023 10:21:40 [NMEA time, first data scan]
# bad_flag = -9.990e-29
*END*
      2.468   71.96376 -166.31568      2.494     3.7836     3.7811     3.7835    30.8796    30.8844  1024.5416    24.5299    310.458    293.802  326.43976     95.104     90.000     0.1062     0.2894     4.2027     0.4579 2.8097e-01          1     0.0000  0.000e+00
      2.468   71.96376 -166.31568      2.494     3.7839     3.7811     3.7838    30.8801    30.8847  1024.5420    24.5303    310.668    293.802  326.43597     95.170     90.000     0.1074     0.2967     4.2015     0.4591 2.9352e-01          2     0.0007  0.000e+00
      2.468   71.96376 -166.31568      2.494     3.7843     3.7817     3.7841    30.8809    30.8845  1024.5426    24.5309    310.482    293.797  326.43142     95.114     89.999     0.1062     0.2894     4.2015     0.4591 3.3742e-01          3     0.0014  0.000e+00
      2.468   71.96376 -166.31568      2.494     3.7846     3.7817     3.7844    30.8819    30.8853  1024.5433    24.5316    310.689    293.795  326.42649     95.179     89.999     0.1062     0.2894     4.2015     0.4591 4.4289e-01          4     0.0021  0.000e+00
      2.468   71.96376 -166.31568      2.494     3.7848     3.7815     3.7847    30.8830    30.8861  1024.5442    24.5325    310.714    293.795  326.42167     95.188     90.000     0.1099     0.3113     4.2015     0.4591 4.8039e-01          5     0.0028  0.000e+00
      2.468   71.96376 -166.31568      2.494     3.7855     3.7817     3.7853    30.8836    30.8858  1024.5446    24.5329    310.736    293.794  326.41524     95.197     89.999     0.1136     0.3333     4.2015     0.4591 4.4289e-01          6     0.0035  0.000e+00
      2.468   71.96376 -166.31568      2.494     3.7861     3.7820     3.7860    30.8835    30.8860  1024.5444    24.5327    310.759    293.791  326.41042     95.205     89.999     0.1148     0.3406     4.2015     0.4591 3.4648e-01          7     0.0042  0.000e+00
      2.468   71.96376 -166.31568      2.494     3.7861     3.7828     3.7860    30.8835    30.8869  1024.5445    24.5328    310.785    293.783  326.41032     95.213     89.999     0.1136     0.3333     4.2027     0.4579 3.1492e-01          8     0.0049  0.000e+00
      2.468   71.96376 -166.31568      2.494     3.7867     3.7834     3.7866    30.8829    30.8884  1024.5439    24.5322    310.806    293.775  326.40674     95.220     89.999     0.1148     0.3406     4.2015     0.4591 3.4648e-01          9     0.0056  0.000e+00
      2.468   71.96376 -166.31568      2.494     3.7869     3.7845     3.7867    30.8828    30.8889  1024.5438    24.5321    310.828    293.956  326.40584     95.227     90.057     0.1136     0.3333     4.2027     0.4579 6.1273e-01         10     0.0063  0.000e+00
      2.407   71.96376 -166.31568      2.431     3.7869     3.7848     3.7867    30.8822    30.8899  1024.5430    24.5316    310.849    293.970  326.40729     95.233     90.063     0.1136     0.3333     4.2027     0.4579 7.7934e-01         11     0.0069  0.000e+00
      2.468   71.96376 -166.31568      2.494     3.7869     3.7843     3.7867    30.8814    30.8904  1024.5427    24.5310    310.874    293.995  326.40927     95.241     90.070     0.1136     0.3333     4.2015     0.4591 7.5937e-01         12     0.0076  0.000e+00
      2.468   71.96376 -166.31568      2.494     3.7866     3.7845     3.7864    30.8804    30.8900  1024.5419    24.5302    310.898    294.013  326.41420     95.247     90.075     0.1136     0.3333     4.2027     0.4579 4.3661e-01         13     0.0083  0.000e+00
      2.468   71.96376 -166.31568      2.494     3.7866     3.7850     3.7864    30.8805    30.8896  1024.5420    24.5303    310.916    293.836  326.41401     95.252     90.022     0.1148     0.3406     4.2015     0.4591 3.1736e-01         14     0.0090  0.000e+00
      2.468   71.96376 -166.31568      2.494     3.7866     3.7853     3.7864    30.8802    30.8899  1024.5418    24.5301    310.933    294.021  326.41467     95.257     90.080     0.1136     0.3333     4.2027     0.4579 3.0887e-01         15     0.0097  0.000e+00
      2.468   71.96376 -166.31568      2.494     3.7864     3.7857     3.7863    30.8807    30.8901  1024.5422    24.5305    310.949    294.034  326.41481     95.262     90.085     0.1148     0.3406     4.2015     0.4591 4.2579e-01         16     0.0104  0.000e+00
      2.468   71.96376 -166.31568      2.494     3.7863     3.7853     3.7861    30.8809    30.8909  1024.5424    24.5307    310.963    293.861  326.41542     95.266     90.031     0.1136     0.3333     4.2015     0.4591 5.1861e-01         17     0.0111  0.000e+00
      2.407   71.96376 -166.31568      2.431     3.7864     3.7852     3.7863    30.8806    30.8906  1024.5418    24.5304    310.973    293.854  326.41502     95.269     90.029     0.1148     0.3406     4.2027     0.4579 5.3311e-01         18     0.0118  0.000e+00
      2.468   71.96376 -166.31568      2.494     3.7863     3.7846     3.7861    30.8806    30.8905  1024.5422    24.5305    310.987    294.047  326.41608     95.273     90.087     0.1136     0.3333     4.2039     0.4567 3.1614e-01         19     0.0125  0.000e+00
      2.484   71.96376 -166.31568      2.509     3.7864     3.7840     3.7863    30.8805    30.8905  1024.5421    24.5303    310.997    293.877  326.41521     95.276     90.033     0.1148     0.3406     4.2051     0.4556 1.8389e-01         20     0.0132  0.000e+00
      2.468   71.96376 -166.31568      2.494     3.7866     3.7832     3.7864    30.8810    30.8896  1024.5424    24.5307    311.002    294.069  326.41277     95.279     90.090     0.1136     0.3333     4.2051     0.4556 1.6416e-01         21     0.0139  0.000e+00
      2.468   71.96376 -166.31568      2.494     3.7866     3.7818     3.7864    30.8812    30.8898  1024.5426    24.5309    311.008    294.095  326.41229     95.281     90.095     0.1136     0.3333     4.2039     0.4567 1.7140e-01         22     0.0146  0.000e+00
      2.522   71.96376 -166.31568      2.548     3.7866     3.7823     3.7864    30.8807    30.8895  1024.5424    24.5305    311.017    294.107  326.41341     95.283     90.099     0.1148     0.3406     4.2039     0.4567 1.7634e-01         23     0.0153  0.000e+00
      2.468   71.96376 -166.31568      2.494     3.7866     3.7835     3.7864    30.8806    30.8894  1024.5421    24.5304    311.019    294.108  326.41363     95.284     90.102     0.1148     0.3406     4.2039     0.4567 1.7800e-01         24     0.0160  0.000e+00
      2.468   71.96376 -166.31568      2.494     3.7864     3.7845     3.7863    30.8800    30.8901  1024.5416    24.5299    311.238    294.110  326.41652     95.350     90.105     0.1148     0.3406     4.2039     0.4567 2.1706e-01         25     0.0167  0.000e+00
      2.522   71.96376 -166.31568      2.548     3.7863     3.7854     3.7861    30.8802    30.8908  1024.5421    24.5302    311.061    294.114  326.41710     95.296     90.109     0.1136     0.3333     4.2039     0.4567 3.0172e-01         26     0.0174  0.000e+00
      2.468   71.96376 -166.31568      2.494     3.7861     3.7860     3.7860    30.8803    30.8910  1024.5419    24.5302    311.058    294.116  326.41812     95.294     90.111     0.1148     0.3406     4.2039     0.4567 3.2979e-01         27     0.0181  0.000e+00
      2.522   71.96376 -166.31568      2.548     3.7861     3.7867     3.7859    30.8804    30.8913  1024.5423    24.5303    311.058    294.121  326.41790     95.294     90.114     0.1136     0.3333     4.2051     0.4556 3.5706e-01         28     0.0187  0.000e+00
      2.468   71.96376 -166.31568      2.494     3.7859     3.7871     3.7858    30.8803    30.8921  1024.5419    24.5302    311.053    294.122  326.41959     95.292     90.116     0.1136     0.3333     4.2039     0.4567 4.4289e-01         29     0.0194  0.000e+00
      2.576   71.96376 -166.31568      2.603     3.7858     3.7872     3.7856    30.8798    30.8928  1024.5421    24.5299    311.054    293.940  326.42185     95.292     90.061     0.1136     0.3333     4.2051     0.4556 4.7871e-01         30     0.0201  0.000e+00
      2.468   71.96376 -166.31568      2.494     3.7861     3.7868     3.7860    30.8793    30.8926  1024.5411    24.5294    311.042    294.116  326.42078     95.289     90.114     0.1184     0.3626     4.2039     0.4567 4.6872e-01         31     0.0208  0.000e+00
      2.522   71.96376 -166.31568      2.548     3.7858     3.7868     3.7856    30.8796    30.8921  1024.5417    24.5297    311.251    294.126  326.42236     95.352     90.117     0.1197     0.3699     4.2039     0.4567 4.2122e-01         32     0.0215  0.000e+00
      2.576   71.96376 -166.31568      2.603     3.7855     3.7864     3.7853    30.8798    30.8925  1024.5421    24.5299    311.277    294.136  326.42459     95.360     90.119     0.1197     0.3699     4.2039     0.4567 4.0478e-01         33     0.0222  0.000e+00
      2.522   71.96376 -166.31568      2.548     3.7855     3.7860     3.7853    30.8795    30.8926  1024.5416    24.5297    311.082    294.141  326.42519     95.300     90.120     0.1197     0.3699     4.2039     0.4567 3.9458e-01         34     0.0229  0.000e+00
      2.522   71.96376 -166.31568      2.548     3.7855     3.7857     3.7853    30.8793    30.8925  1024.5414    24.5295    311.067    294.147  326.42576     95.295     90.121     0.1184     0.3626     4.2039     0.4567 3.1982e-01         35     0.0236  0.000e+00
      2.576   71.96376 -166.31568      2.603     3.7853     3.7859     3.7852    30.8789    30.8923  1024.5414    24.5292    311.268    294.151  326.42796     95.356     90.122     0.1197     0.3699     4.2039     0.4567 2.8436e-01         36     0.0243  0.000e+00
      2.522   71.96376 -166.31568      2.548     3.7853     3.7862     3.7852    30.8788    30.8922  1024.5410    24.5291    311.280    294.148  326.42828     95.359     90.122     0.1184     0.3626     4.2039     0.4567 2.8210e-01         37     0.0250  0.000e+00
      2.576   71.96376 -166.31568      2.603     3.7850     3.7862     3.7848    30.8792    30.8921  1024.5417    24.5295    311.295    294.152  326.42966     95.364     90.123     0.1197     0.3699     4.2027     0.4579 3.0887e-01         38     0.0257  0.000e+00
      2.522   71.96376 -166.31568      2.548     3.7851     3.7862     3.7850    30.8792    30.8918  1024.5414    24.5294    311.300    294.150  326.42851     95.365     90.123     0.1209     0.3773     4.2002     0.4602 3.2603e-01         39     0.0264  0.000e+00
      2.576   71.96376 -166.31568      2.603     3.7847     3.7862     3.7846    30.8796    30.8921  1024.5420    24.5298    311.310    294.151  326.43087     95.368     90.123     0.1184     0.3626     4.2002     0.4602 3.2853e-01         40     0.0271  0.000e+00
      2.522   71.96376 -166.31568      2.548     3.7848     3.7864     3.7847    30.8793    30.8919  1024.5415    24.5295    311.311    294.146  326.43077     95.368     90.122     0.1197     0.3699     4.2002     0.4602 3.5573e-01         41     0.0278  0.000e+00
      2.576   71.96376 -166.31568      2.603     3.7846     3.7867     3.7844    30.8795    30.8916  1024.5419    24.5297    311.102    294.144  326.43252     95.303     90.121     0.1184     0.3626     4.2002     0.4602 3.7755e-01         42     0.0285  0.000e+00
      2.576   71.96376 -166.31568      2.603     3.7848     3.7865     3.7847    30.8798    30.8914  1024.5422    24.5300    311.277    294.142  326.42951     95.358     90.120     0.1197     0.3699     4.2002     0.4602 3.8176e-01         43     0.0292  0.000e+00
      2.576   71.96376 -166.31568      2.603     3.7848     3.7867     3.7847    30.8798    30.8914  1024.5422    24.5300    311.273    294.136  326.42951     95.357     90.119     0.1184     0.3626     4.2002     0.4602 3.3486e-01         44     0.0299  0.000e+00
      2.545   71.96376 -166.31568      2.572     3.7848     3.7867     3.7847    30.8798    30.8916  1024.5420    24.5299    311.265    294.129  326.42957     95.354     90.117     0.1197     0.3699     4.2002     0.4602 2.8892e-01         45     0.0306  0.000e+00
      2.638   71.96376 -166.31568      2.665     3.7850     3.7865     3.7848    30.8796    30.8914  1024.5422    24.5297    311.045    294.128  326.42888     95.287     90.116     0.1184     0.3626     4.2002     0.4602 2.7873e-01         46     0.0313  0.000e+00
      2.576   71.96376 -166.31568      2.603     3.7851     3.7867     3.7850    30.8801    30.8914  1024.5423    24.5301    311.209    294.117  326.42639     95.338     90.113     0.1197     0.3699     4.2002     0.4602 3.5573e-01         47     0.0319  0.000e+00
      2.576   71.96376 -166.31568      2.603     3.7850     3.7865     3.7848    30.8802    30.8917  1024.5425    24.5303    311.196    294.110  326.42728     95.334     90.111     0.1197     0.3699     4.2002     0.4602 5.0444e-01         48     0.0326  0.000e+00
      2.638   71.96376 -166.31568      2.665     3.7855     3.7864     3.7853    30.8801    30.8920  1024.5426    24.5301    311.179    294.104  326.42381     95.330     90.109     0.1197     0.3699     4.2002     0.4602 5.5358e-01         49     0.0333  0.000e+00
      2.576   71.96376 -166.31568      2.603     3.7855     3.7867     3.7853    30.8803    30.8916  1024.5425    24.5303    311.156    294.281  326.42336     95.323     90.164     0.1197     0.3699     4.2002     0.4602 5.4981e-01         50     0.0340  0.000e+00
      2.576   71.96376 -166.31568      2.603     3.7856     3.7864     3.7855    30.8803    30.8916  1024.5425    24.5303    311.167    294.294  326.42199     95.327     90.167     0.1184     0.3626     4.2002     0.4602 5.4793e-01         51     0.0347  0.000e+00
      2.638   71.96376 -166.31568      2.665     3.7856     3.7863     3.7855    30.8801    30.8916  1024.5426    24.5301    310.933    294.113  326.42244     95.255     90.111     0.1197     0.3699     4.2002     0.4602 5.4793e-01         52     0.0354  0.000e+00
      2.576   71.96376 -166.31568      2.603     3.7858     3.7865     3.7856    30.8800    30.8918  1024.5422    24.5300    311.120    294.094  326.42157     95.312     90.106     0.1184     0.3626     4.2002     0.4602 4.9058e-01         53     0.0361  0.000e+00
      2.576   71.96376 -166.31568      2.603     3.7858     3.7867     3.7856    30.8797    30.8921  1024.5420    24.5298    311.129    294.077  326.42214     95.315     90.101     0.1197     0.3699     4.2002     0.4602 3.0767e-01         54     0.0368  0.000e+00
      2.638   71.96376 -166.31568      2.665     3.7855     3.7868     3.7853    30.8806    30.8920  1024.5430    24.5305    311.139    294.062  326.42258     95.318     90.097     0.1184     0.3626     4.2002     0.4602 2.5281e-01         55     0.0375  0.000e+00
      2.576   71.96376 -166.31568      2.603     3.7856     3.7867     3.7855    30.8808    30.8922  1024.5429    24.5307    311.140    294.044  326.42066     95.319     90.091     0.1111     0.3187     4.2002     0.4602 2.5177e-01         56     0.0382  0.000e+00
      2.638   71.96376 -166.31568      2.665     3.7856     3.7864     3.7855    30.8811    30.8924  1024.5434    24.5309    311.146    294.030  326.42007     95.321     90.087     0.1038     0.2747     4.2002     0.4602 2.5701e-01         57     0.0389  0.000e+00
      2.576   71.96376 -166.31568      2.603     3.7858     3.7867     3.7856    30.8810    30.8920  1024.5430    24.5308    311.145    294.008  326.41890     95.321     90.080     0.1013     0.2601     4.1990     0.4614 2.6019e-01         58     0.0396  0.000e+00
      2.638   71.96376 -166.31568      2.665     3.7861     3.7868     3.7859    30.8811    30.8917  1024.5434    24.5309    311.146    294.012  326.41614     95.322     90.082     0.1013     0.2601     4.1954     0.4649 2.6126e-01         59     0.0403  0.000e+00
      2.576   71.96376 -166.31568      2.603     3.7859     3.7875     3.7858    30.8829    30.8923  1024.5445    24.5323    311.141    294.198  326.41316     95.321     90.140     0.1013     0.2601     4.1954     0.4649 3.1614e-01         60     0.0410  0.000e+00
