EcoFOCI/data/1_SampleCollection/2023_SikuliaqDBO_CruiseData/CTD_raw_BottleFile_SKQ23-12S/proc/skq202312s_055.ros
* Sea-Bird SBE 9 Data File:
* FileName = D:\CTD\SKQ202312S\SKQ202312S_055.hex
* Software Version Seasave V 7.26.7.121
* Temperature SN = 6177
* Conductivity SN = 0369
* Number of Bytes Per Scan = 41
* Number of Voltage Words = 4
* Number of Scans Averaged by the Deck Unit = 1
* NMEA Latitude = 71 05.09 N
* NMEA Longitude = 163 48.16 W
* NMEA UTC (Time) = Sep 27 2023  03:55:23
* NMEA baud rate = 4800
** Ship: R/V Sikuliaq
** Station Number: 055
** Station Name: IC7
** Bottom Depth: 43
** Operator: SD
# nquan = 22
# nvalues = 784                                   
# units = specified
# name 0 = depSM: Depth [salt water, m]
# name 1 = latitude: Latitude [deg]
# name 2 = longitude: Longitude [deg]
# name 3 = prDM: Pressure, Digiquartz [db]
# name 4 = t090C: Temperature [ITS-90, deg C]
# name 5 = t190C: Temperature, 2 [ITS-90, deg C]
# name 6 = potemp090C: Potential Temperature [ITS-90, deg C]
# name 7 = sal00: Salinity, Practical [PSU]
# name 8 = sal11: Salinity, Practical, 2 [PSU]
# name 9 = density00: Density [density, kg/m^3]
# name 10 = sigma-é00: Density [sigma-theta, kg/m^3]
# name 11 = sbox0Mm/Kg: Oxygen, SBE 43 [umol/kg]
# name 12 = sbox1Mm/Kg: Oxygen, SBE 43, 2 [umol/kg]
# name 13 = oxsolMm/Kg: Oxygen Saturation, Garcia & Gordon [umol/kg]
# name 14 = sbeox0PS: Oxygen, SBE 43 [% saturation]
# name 15 = v0: Voltage 0
# name 16 = flECO-AFL: Fluorescence, WET Labs ECO-AFL/FL [mg/m^3]
# name 17 = CStarAt0: Beam Attenuation, WET Labs C-Star [1/m]
# name 18 = par: PAR/Irradiance, Biospherical/Licor
# name 19 = scan: Scan Count
# name 20 = nbf: Bottles Fired
# name 21 = flag:  0.000e+00
# interval = seconds: 0.0416667
# start_time = Sep 27 2023 03:58:52 [NMEA time, first data scan]
# bad_flag = -9.990e-29
*END*
[from data line 725]
      2.126   71.08482 -163.80274      2.147     4.1900     4.2149     4.1899    30.6514    30.6570  1024.3207    24.3107    309.912    294.546  323.78049     95.717     0.1697     0.6703     0.5567 7.9510e+00      22263         15  0.000e+00
      2.126   71.08482 -163.80274      2.147     4.1885     4.2152     4.1883    30.6525    30.6565  1024.3218    24.3118    310.142    294.340  323.79004     95.785     0.1709     0.6776     0.5567 7.9057e+00      22264         15  0.000e+00
      2.072   71.08482 -163.80274      2.093     4.1873     4.2153     4.1872    30.6540    30.6567  1024.3228    24.3130    310.186    294.277  323.79521     95.797     0.1697     0.6703     0.5567 7.8832e+00      22265         15  0.000e+00
      2.126   71.08482 -163.80274      2.147     4.1862     4.2151     4.1861    30.6565    30.6566  1024.3252    24.3151    310.653    294.239  323.79771     95.941     0.1709     0.6776     0.5556 7.8607e+00      22266         15  0.000e+00
      2.126   71.08482 -163.80274      2.147     4.1862     4.2149     4.1861    30.6590    30.6570  1024.3271    24.3171    310.295    294.176  323.79175     95.832     0.1697     0.6703     0.5556 7.7494e+00      22267         15  0.000e+00
      2.126   71.08482 -163.80274      2.147     4.1886     4.2149     4.1885    30.6593    30.6568  1024.3271    24.3171    310.099    294.131  323.77240     95.777     0.1709     0.6776     0.5556 7.6833e+00      22268         15  0.000e+00
      2.126   71.08482 -163.80274      2.147     4.1914     4.2146     4.1913    30.6585    30.6573  1024.3263    24.3162    310.293    294.086  323.75199     95.843     0.1697     0.6703     0.5556 7.6614e+00      22269         15  0.000e+00
      2.126   71.08482 -163.80274      2.147     4.1940     4.2146     4.1939    30.6573    30.6571  1024.3251    24.3150    310.278    294.038  323.73464     95.843     0.1697     0.6703     0.5556 7.5528e+00      22270         15  0.000e+00
      2.126   71.08482 -163.80274      2.147     4.1961     4.2146     4.1959    30.6567    30.6569  1024.3244    24.3143    310.087    293.988  323.72013     95.789     0.1697     0.6703     0.5567 7.4670e+00      22271         15  0.000e+00
      2.126   71.08482 -163.80274      2.147     4.1983     4.2148     4.1981    30.6555    30.6570  1024.3233    24.3132    310.321    293.956  323.70558     95.865     0.1697     0.6703     0.5567 7.4457e+00      22272         15  0.000e+00
      2.241   71.08482 -163.80274      2.264     4.2087     4.2132     4.2086    30.6490    30.6574  1024.3176    24.3070    308.762    292.729  323.63955     95.403     0.1673     0.6557     0.5544 7.4670e+00      22400         16  0.000e+00
      2.187   71.08482 -163.80274      2.210     4.2086     4.2132     4.2084    30.6493    30.6577  1024.3176    24.3073    308.733    292.718  323.63990     95.394     0.1661     0.6483     0.5544 7.4670e+00      22401         16  0.000e+00
      2.187   71.08482 -163.80274      2.210     4.2094     4.2135     4.2092    30.6489    30.6572  1024.3172    24.3068    308.737    292.710  323.63485     95.397     0.1661     0.6483     0.5544 7.4883e+00      22402         16  0.000e+00
      2.187   71.08482 -163.80274      2.210     4.2095     4.2138     4.2094    30.6494    30.6570  1024.3176    24.3072    308.748    292.705  323.63239     95.401     0.1661     0.6483     0.5544 7.4883e+00      22403         16  0.000e+00
      2.187   71.08482 -163.80274      2.210     4.2105     4.2137     4.2103    30.6489    30.6570  1024.3171    24.3068    308.725    292.895  323.62609     95.396     0.1673     0.6557     0.5544 7.4883e+00      22404         16  0.000e+00
      2.187   71.08482 -163.80274      2.210     4.2109     4.2137     4.2108    30.6486    30.6569  1024.3169    24.3065    308.708    292.727  323.62299     95.391     0.1661     0.6483     0.5544 7.5098e+00      22405         16  0.000e+00
      2.187   71.08482 -163.80274      2.210     4.2116     4.2138     4.2114    30.6482    30.6568  1024.3164    24.3061    308.727    292.730  323.61919     95.398     0.1661     0.6483     0.5544 7.5312e+00      22406         16  0.000e+00
      2.241   71.08482 -163.80274      2.264     4.2119     4.2140     4.2118    30.6476    30.6564  1024.3162    24.3056    308.754    292.716  323.61767     95.407     0.1661     0.6483     0.5544 7.5528e+00      22407         16  0.000e+00
      2.187   71.08482 -163.80274      2.210     4.2120     4.2138     4.2119    30.6479    30.6569  1024.3162    24.3058    308.748    292.511  323.61609     95.406     0.1661     0.6483     0.5544 7.5528e+00      22408         16  0.000e+00
      2.187   71.08482 -163.80274      2.210     4.2122     4.2141     4.2121    30.6474    30.6570  1024.3158    24.3054    308.747    292.498  323.61566     95.405     0.1673     0.6557     0.5544 7.5960e+00      22409         16  0.000e+00
      2.241   71.08482 -163.80274      2.264     4.2124     4.2141     4.2123    30.6476    30.6571  1024.3161    24.3055    308.784    292.493  323.61410     95.417     0.1661     0.6483     0.5544 7.5960e+00      22410         16  0.000e+00
      2.187   71.08482 -163.80274      2.210     4.2124     4.2143     4.2123    30.6477    30.6570  1024.3160    24.3056    308.788    292.675  323.61367     95.419     0.1661     0.6483     0.5544 7.6395e+00      22411         16  0.000e+00
      2.203   71.08482 -163.80274      2.226     4.2128     4.2144     4.2127    30.6473    30.6573  1024.3157    24.3053    308.795    292.694  323.61134     95.422     0.1600     0.6117     0.5544 7.6833e+00      22412         16  0.000e+00
      2.241   71.08482 -163.80274      2.264     4.2130     4.2143     4.2129    30.6473    30.6573  1024.3158    24.3053    308.596    292.508  323.60975     95.361     0.1587     0.6044     0.5544 7.7052e+00      22413         16  0.000e+00
      2.241   71.08482 -163.80274      2.264     4.2133     4.2141     4.2132    30.6471    30.6579  1024.3156    24.3050    308.578    292.491  323.60780     95.356     0.1587     0.6044     0.5556 7.7273e+00      22414         16  0.000e+00
      2.241   71.08482 -163.80274      2.264     4.2133     4.2144     4.2132    30.6471    30.6571  1024.3156    24.3050    308.777    292.475  323.60780     95.417     0.1600     0.6117     0.7271 7.7937e+00      22415         16  0.000e+00
      2.187   71.08482 -163.80274      2.210     4.2133     4.2144     4.2132    30.6469    30.6573  1024.3153    24.3049    308.588    292.461  323.60859     95.358     0.1587     0.6044     1.0534 7.7937e+00      22416         16  0.000e+00
      2.241   71.08482 -163.80274      2.264     4.2133     4.2148     4.2132    30.6468    30.6571  1024.3154    24.3048    308.795    292.451  323.60845     95.422     0.1587     0.6044     1.1490 7.8160e+00      22417         16  0.000e+00
      2.241   71.08482 -163.80274      2.264     4.2132     4.2149     4.2130    30.6467    30.6570  1024.3153    24.3047    308.615    292.443  323.61008     95.366     0.1587     0.6044     1.1380 7.8607e+00      22418         16  0.000e+00
      2.187   71.08482 -163.80274      2.210     4.2130     4.2151     4.2128    30.6468    30.6571  1024.3152    24.3049    308.616    292.435  323.61128     95.366     0.1600     0.6117     1.1215 7.8607e+00      22419         16  0.000e+00
      2.241   71.08482 -163.80274      2.264     4.2132     4.2154     4.2130    30.6469    30.6569  1024.3155    24.3049    308.622    292.433  323.60952     95.368     0.1587     0.6044     1.1187 7.8832e+00      22420         16  0.000e+00
      2.241   71.08482 -163.80274      2.264     4.2130     4.2156     4.2129    30.6471    30.6571  1024.3157    24.3051    308.632    292.433  323.61021     95.371     0.1587     0.6044     1.1201 7.9283e+00      22421         16  0.000e+00
      2.241   71.08482 -163.80274      2.264     4.2132     4.2160     4.2130    30.6467    30.6571  1024.3154    24.3048    308.645    292.432  323.60989     95.376     0.1600     0.6117     1.1201 7.9283e+00      22422         16  0.000e+00
      2.241   71.08482 -163.80274      2.264     4.2128     4.2162     4.2127    30.6468    30.6571  1024.3154    24.3049    308.665    292.437  323.61269     95.381     0.1587     0.6044     1.1201 7.9283e+00      22423         16  0.000e+00
      2.187   71.08482 -163.80274      2.210     4.2132     4.2157     4.2130    30.6466    30.6576  1024.3150    24.3047    308.682    292.447  323.61020     95.387     0.1600     0.6117     1.1201 7.8383e+00      22424         16  0.000e+00
      2.241   71.08482 -163.80274      2.264     4.2129     4.2160     4.2127    30.6470    30.6576  1024.3156    24.3050    308.922    292.457  323.61184     95.461     0.1587     0.6044     1.1201 7.7937e+00      22425         16  0.000e+00
      2.241   71.08482 -163.80274      2.264     4.2129     4.2164     4.2127    30.6465    30.6573  1024.3152    24.3047    308.739    292.469  323.61286     95.404     0.1600     0.6117     1.1201 7.7937e+00      22426         16  0.000e+00
      2.241   71.08482 -163.80274      2.264     4.2130     4.2164     4.2128    30.6469    30.6573  1024.3156    24.3050    308.734    292.486  323.61106     95.403     0.1587     0.6044     1.1201 7.6833e+00      22427         16  0.000e+00
      2.203   71.08482 -163.80274      2.226     4.2127     4.2165     4.2126    30.6470    30.6572  1024.3154    24.3050    308.735    292.313  323.61304     95.402     0.1600     0.6117     1.1201 7.6178e+00      22428         16  0.000e+00
      2.241   71.08482 -163.80274      2.264     4.2129     4.2162     4.2127    30.6465    30.6573  1024.3152    24.3046    308.739    292.319  323.61305     95.404     0.1587     0.6044     1.1201 7.5960e+00      22429         16  0.000e+00
      2.241   71.08482 -163.80274      2.264     4.2129     4.2157     4.2127    30.6466    30.6571  1024.3153    24.3047    308.744    292.328  323.61267     95.405     0.1587     0.6044     1.1201 7.4670e+00      22430         16  0.000e+00
      2.241   71.08482 -163.80274      2.265     4.2128     4.2152     4.2127    30.6465    30.6574  1024.3152    24.3046    308.753    292.340  323.61343     95.408     0.1587     0.6044     1.1201 7.3822e+00      22431         16  0.000e+00
      2.241   71.08482 -163.80274      2.265     4.2129     4.2154     4.2127    30.6468    30.6572  1024.3155    24.3049    308.762    292.351  323.61221     95.411     0.1600     0.6117     1.1201 7.3822e+00      22432         16  0.000e+00
      2.187   71.08482 -163.80274      2.210     4.2129     4.2154     4.2127    30.6468    30.6572  1024.3152    24.3048    308.774    292.344  323.61233     95.415     0.1587     0.6044     1.1201 7.3401e+00      22433         16  0.000e+00
      2.241   71.08482 -163.80274      2.265     4.2129     4.2153     4.2127    30.6465    30.6572  1024.3152    24.3046    308.793    292.343  323.61305     95.420     0.1600     0.6117     1.1201 7.3192e+00      22434         16  0.000e+00
      2.187   71.08482 -163.80274      2.210     4.2130     4.2154     4.2128    30.6465    30.6572  1024.3150    24.3046    308.808    292.339  323.61202     95.425     0.1600     0.6117     1.0319 7.3192e+00      22435         16  0.000e+00
      2.241   71.08482 -163.80274      2.265     4.2130     4.2156     4.2129    30.6463    30.6570  1024.3151    24.3045    308.832    292.342  323.61217     95.433     0.1587     0.6044     0.7284 7.3401e+00      22436         16  0.000e+00
      2.241   71.08482 -163.80274      2.265     4.2127     4.2153     4.2126    30.6461    30.6574  1024.3150    24.3044    308.615    292.348  323.61504     95.365     0.1636     0.6337     0.6192 7.3822e+00      22437         16  0.000e+00
      2.187   71.08482 -163.80274      2.210     4.2129     4.2149     4.2127    30.6463    30.6575  1024.3148    24.3045    308.606    292.355  323.61345     95.362     0.1648     0.6410     0.6204 7.4033e+00      22438         16  0.000e+00
      2.241   71.08482 -163.80274      2.265     4.2128     4.2149     4.2127    30.6465    30.6576  1024.3152    24.3046    308.817    292.367  323.61343     95.428     0.1661     0.6483     0.6337 7.4457e+00      22439         16  0.000e+00
      2.187   71.08482 -163.80274      2.210     4.2130     4.2146     4.2129    30.6465    30.6575  1024.3149    24.3046    308.846    292.379  323.61173     95.437     0.1648     0.6410     0.6386 7.5528e+00      22440         16  0.000e+00
      2.187   71.08482 -163.80274      2.210     4.2129     4.2123     4.2127    30.6467    30.6585  1024.3151    24.3048    308.883    292.410  323.61242     95.449     0.1661     0.6483     0.6374 7.5744e+00      22441         16  0.000e+00
      2.187   71.08482 -163.80274      2.210     4.2127     4.2083     4.2126    30.6471    30.6607  1024.3154    24.3051    308.889    292.453  323.61284     95.450     0.1648     0.6410     0.6362 7.6178e+00      22442         16  0.000e+00
      2.241   71.08482 -163.80274      2.265     4.2128     4.2033     4.2127    30.6467    30.6634  1024.3154    24.3048    308.687    292.488  323.61278     95.388     0.1661     0.6483     0.6374 7.7715e+00      22443         16  0.000e+00
      2.203   71.08482 -163.80274      2.226     4.2132     4.2020     4.2130    30.6466    30.6633  1024.3151    24.3046    308.871    292.496  323.61031     95.445     0.1648     0.6410     0.6374 7.8160e+00      22444         16  0.000e+00
      2.187   71.08482 -163.80274      2.210     4.2130     4.2022     4.2129    30.6471    30.6627  1024.3154    24.3051    308.881    292.519  323.61033     95.449     0.1648     0.6410     0.6362 7.8160e+00      22445         16  0.000e+00
      2.187   71.08482 -163.80274      2.210     4.2132     4.2033     4.2130    30.6465    30.6616  1024.3150    24.3046    308.683    292.518  323.61039     95.387     0.1648     0.6410     0.6374 7.9057e+00      22446         16  0.000e+00
      2.187   71.08482 -163.80274      2.210     4.2131     4.2054     4.2130    30.6465    30.6603  1024.3149    24.3046    309.087    292.510  323.61096     95.512     0.1661     0.6483     0.6362 7.9510e+00      22447         16  0.000e+00
      2.187   71.08482 -163.80274      2.210     4.2133     4.2075     4.2132    30.6467    30.6593  1024.3151    24.3047    308.710    292.503  323.60876     95.396     0.1661     0.6483     0.6362 7.9737e+00      22448         16  0.000e+00
