EcoFOCI/data/1_SampleCollection/2023_SikuliaqDBO_CruiseData/CTD_raw_BottleFile_SKQ23-12S/proc/skq202312s_019.cnv
* Sea-Bird SBE 9 Data File:
* FileName = D:\CTD\SKQ202312S\SKQ202312S_019.hex
* Software Version Seasave V 7.26.7.121
* Temperature SN = 6177
* Conductivity SN = 0369
* Number of Bytes Per Scan = 41
* Number of Voltage Words = 4
* Number of Scans Averaged by the Deck Unit = 1
* NMEA Latitude = 64 59.99 N
* NMEA Longitude = 168 13.30 W
* NMEA UTC (Time) = Sep 17 2023  22:28:58
* NMEA baud rate = 4800
** Ship: R/V Sikuliaq
** Station Number: 019
** Station Name: DBO2.7
** Bottom Depth: 45
** Operator: SD
# nquan = 24
# nvalues = 4581                                  
# units = specified
# name 0 = depSM: Depth [salt water, m]
# name 1 = latitude: Latitude [deg]
# name 2 = longitude: Longitude [deg]
# name 3 = prDM: Pressure, Digiquartz [db]
# name 4 = t090C: Temperature [ITS-90, deg C]
# name 5 = t190C: Temperature, 2 [ITS-90, deg C]
# name 6 = potemp090C: Potential Temperature [ITS-90, deg C]
# name 7 = sal00: Salinity, Practical [PSU]
# name 8 = sal11: Salinity, Practical, 2 [PSU]
# name 9 = density00: Density [density, kg/m^3]
# name 10 = sigma-é00: Density [sigma-theta, kg/m^3]
# name 11 = sbox0Mm/Kg: Oxygen, SBE 43 [umol/kg]
# name 12 = sbox1Mm/Kg: Oxygen, SBE 43, 2 [umol/kg]
# name 13 = oxsolMm/Kg: Oxygen Saturation, Garcia & Gordon [umol/kg]
# name 14 = sbeox0PS: Oxygen, SBE 43 [% saturation]
# name 15 = sbeox1PS: Oxygen, SBE 43, 2 [% saturation]
# name 16 = v0: Voltage 0
# name 17 = flECO-AFL: Fluorescence, WET Labs ECO-AFL/FL [mg/m^3]
# name 18 = v1: Voltage 1
# name 19 = CStarAt0: Beam Attenuation, WET Labs C-Star [1/m]
# name 20 = par: PAR/Irradiance, Biospherical/Licor
# name 21 = scan: Scan Count
# name 22 = timeM: Time, Elapsed [minutes]
# name 23 = flag:  0.000e+00
# span 0 =      1.992,     40.581                 
# span 1 =   64.99988,   64.99990                 
# span 2 = -168.22160, -168.22154                 
# span 3 =      2.012,     40.987                 
# span 4 =     4.3446,     7.4247                 
# span 5 =     4.3086,     7.4203                 
# span 6 =     4.3419,     7.4244                 
# span 7 =    27.1996,    32.0704                 
# span 8 =    27.2110,    32.0443                 
# span 9 =  1021.2397,  1025.5989                 
# span 10 =    21.2298,    25.4114                
# span 11 =    232.151,    299.294                
# span 12 =    259.575,    281.738                
# span 13 =  305.50502,  320.31280                
# span 14 =     72.494,     97.482                
# span 15 =     82.649,     92.134                
# span 16 =     0.1368,     0.4640                
# span 17 =     0.4725,     2.4359                
# span 18 =     3.1661,     3.8181                
# span 19 =     0.8419,     1.5912                
# span 20 = 1.0000e-12, 1.5833e+02                
# span 21 =          1,       4581                
# span 22 =     0.0000,     3.1806                
# span 23 = 0.0000e+00, 0.0000e+00                
# interval = seconds: 0.0416667
# start_time = Sep 17 2023 22:32:38 [NMEA time, first data scan]
# bad_flag = -9.990e-29
*END*
[from data line 1087]
      7.369   64.99990 -168.22158      7.442     6.2988     6.2990     6.2982    31.6421    31.6526  1024.8983    24.8639    293.887    281.148  305.69541     96.137     91.977     0.4457     2.3260     3.6252     1.0494 3.0387e+01       1088     0.7549  0.000e+00
      7.423   64.99990 -168.22158      7.497     6.2978     6.2984     6.2972    31.6432    31.6537  1024.8995    24.8649    293.890    281.136  305.70064     96.137     91.973     0.4457     2.3260     3.6361     1.0373 2.9877e+01       1089     0.7556  0.000e+00
      7.423   64.99990 -168.22158      7.497     6.2966     6.2976     6.2960    31.6451    31.6545  1024.9012    24.8666    293.889    281.120  305.70419     96.135     91.967     0.4457     2.3260     3.6374     1.0359 2.9709e+01       1090     0.7562  0.000e+00
      7.423   64.99990 -168.22158      7.497     6.2957     6.2971     6.2951    31.6462    31.6555  1024.9021    24.8675    293.887    281.097  305.70860     96.133     91.959     0.4457     2.3260     3.6361     1.0373 2.9709e+01       1091     0.7569  0.000e+00
      7.477   64.99990 -168.22158      7.551     6.2947     6.2963     6.2941    31.6471    31.6568  1024.9033    24.8684    293.915    281.073  305.71333     96.141     91.950     0.4469     2.3333     3.6374     1.0359 2.9210e+01       1092     0.7576  0.000e+00
      7.423   64.99990 -168.22158      7.497     6.2933     6.2950     6.2927    31.6490    31.6584  1024.9046    24.8700    293.911    281.044  305.71886     96.138     91.939     0.4457     2.3260     3.6361     1.0373 2.9046e+01       1093     0.7583  0.000e+00
      7.539   64.99990 -168.22158      7.613     6.2926     6.2939     6.2920    31.6495    31.6596  1024.9056    24.8705    293.716    281.034  305.72289     96.072     91.934     0.4469     2.3333     3.6361     1.0373 2.8964e+01       1094     0.7590  0.000e+00
      7.477   64.99990 -168.22158      7.551     6.2917     6.2928     6.2910    31.6502    31.6610  1024.9060    24.8712    293.878    281.014  305.72817     96.124     91.926     0.4457     2.3260     3.6361     1.0373 2.8638e+01       1095     0.7597  0.000e+00
      7.539   64.99990 -168.22158      7.613     6.2909     6.2920     6.2902    31.6508    31.6613  1024.9069    24.8717    293.875    280.976  305.73257     96.121     91.912     0.4469     2.3333     3.6361     1.0373 2.8397e+01       1096     0.7604  0.000e+00
      7.539   64.99990 -168.22158      7.613     6.2897     6.2912     6.2891    31.6515    31.6619  1024.9076    24.8724    293.899    280.950  305.73894     96.127     91.902     0.4457     2.3260     3.6361     1.0373 2.8397e+01       1097     0.7611  0.000e+00
      7.539   64.99990 -168.22158      7.613     6.2884     6.2904     6.2877    31.6525    31.6626  1024.9086    24.8734    293.700    280.919  305.74632     96.060     91.891     0.4469     2.3333     3.6361     1.0373 2.8078e+01       1098     0.7618  0.000e+00
      7.569   64.99990 -168.22158      7.645     6.2880     6.2895     6.2874    31.6529    31.6630  1024.9091    24.8738    293.860    280.887  305.74797     96.112     91.879     0.4457     2.3260     3.6361     1.0373 2.7841e+01       1099     0.7625  0.000e+00
      7.593   64.99990 -168.22158      7.668     6.2870     6.2882     6.2864    31.6535    31.6640  1024.9098    24.8744    293.659    280.853  305.75343     96.044     91.866     0.4469     2.3333     3.6361     1.0373 2.7763e+01       1100     0.7632  0.000e+00
      7.593   64.99990 -168.22158      7.668     6.2865     6.2873     6.2859    31.6534    31.6649  1024.9097    24.8743    293.847    280.812  305.75742     96.105     91.851     0.4457     2.3260     3.6361     1.0373 2.7529e+01       1101     0.7639  0.000e+00
      7.593   64.99990 -168.22158      7.668     6.2861     6.2866     6.2854    31.6541    31.6653  1024.9104    24.8750    293.641    280.785  305.75895     96.037     91.841     0.4457     2.3260     3.6361     1.0373 2.7219e+01       1102     0.7646  0.000e+00
      7.593   64.99990 -168.22158      7.668     6.2858     6.2861     6.2851    31.6539    31.6651  1024.9102    24.8748    293.604    280.736  305.76167     96.024     91.824     0.4469     2.3333     3.6361     1.0373 2.7143e+01       1103     0.7653  0.000e+00
      7.708   64.99990 -168.22158      7.785     6.2854     6.2857     6.2848    31.6544    31.6656  1024.9112    24.8753    293.570    280.704  305.76298     96.012     91.813     0.4457     2.3260     3.6361     1.0373 2.6990e+01       1104     0.7660  0.000e+00
      7.654   64.99990 -168.22158      7.730     6.2851     6.2852     6.2845    31.6544    31.6660  1024.9110    24.8753    293.725    280.664  305.76522     96.062     91.799     0.4469     2.3333     3.6374     1.0359 2.6687e+01       1105     0.7667  0.000e+00
      7.654   64.99990 -168.22158      7.730     6.2844     6.2852     6.2838    31.6551    31.6658  1024.9117    24.8760    293.520    280.621  305.76827     95.994     91.784     0.4335     2.2527     3.6361     1.0373 2.6611e+01       1106     0.7674  0.000e+00
      7.708   64.99990 -168.22158      7.785     6.2844     6.2847     6.2838    31.6553    31.6663  1024.9121    24.8761    293.480    280.578  305.76782     95.981     91.770     0.4274     2.2161     3.6361     1.0373 2.6461e+01       1107     0.7681  0.000e+00
      7.708   64.99990 -168.22158      7.785     6.2840     6.2846     6.2834    31.6556    31.6661  1024.9124    24.8764    293.470    280.372  305.77002     95.977     91.702     0.4249     2.2015     3.6459     1.0265 2.6164e+01       1108     0.7688  0.000e+00
      7.708   64.99990 -168.22158      7.785     6.2838     6.2844     6.2832    31.6561    31.6665  1024.9128    24.8768    293.459    280.499  305.77036     95.974     91.743     0.4261     2.2088     3.6606     1.0105 2.6017e+01       1109     0.7694  0.000e+00
      7.654   64.99990 -168.22158      7.730     6.2835     6.2841     6.2829    31.6569    31.6669  1024.9131    24.8775    293.643    280.463  305.77123     96.033     91.731     0.4261     2.2088     3.6654     1.0052 2.5943e+01       1110     0.7701  0.000e+00
      7.739   64.99990 -168.22158      7.816     6.2832     6.2841     6.2825    31.6568    31.6671  1024.9135    24.8774    293.442    280.253  305.77353     95.967     91.662     0.4261     2.2088     3.6654     1.0052 2.5725e+01       1111     0.7708  0.000e+00
      7.770   64.99990 -168.22158      7.847     6.2833     6.2842     6.2827    31.6568    31.6670  1024.9137    24.8775    293.403    280.196  305.77237     95.955     91.644     0.4261     2.2088     3.6642     1.0065 2.5580e+01       1112     0.7715  0.000e+00
      7.708   64.99990 -168.22158      7.785     6.2832     6.2839     6.2826    31.6574    31.6678  1024.9138    24.8779    293.390    280.137  305.77188     95.951     91.625     0.4261     2.2088     3.6642     1.0065 2.5508e+01       1113     0.7722  0.000e+00
      7.770   64.99990 -168.22158      7.847     6.2830     6.2842     6.2824    31.6573    31.6674  1024.9141    24.8779    293.385    280.097  305.77347     95.948     91.612     0.4274     2.2161     3.6642     1.0065 2.5292e+01       1114     0.7729  0.000e+00
      7.770   64.99990 -168.22158      7.847     6.2827     6.2841     6.2821    31.6582    31.6679  1024.9148    24.8786    293.377    280.055  305.77364     95.946     91.599     0.4261     2.2088     3.6642     1.0065 2.5221e+01       1115     0.7736  0.000e+00
      7.770   64.99990 -168.22158      7.847     6.2829     6.2839     6.2822    31.6587    31.6680  1024.9152    24.8789    293.368    280.014  305.77151     95.944     91.585     0.4274     2.2161     3.6642     1.0065 2.5150e+01       1116     0.7743  0.000e+00
      7.824   64.99990 -168.22158      7.901     6.2827     6.2838     6.2821    31.6592    31.6683  1024.9158    24.8794    293.307    279.973  305.77147     95.924     91.571     0.4261     2.2088     3.6642     1.0065 2.5008e+01       1117     0.7750  0.000e+00
      7.770   64.99990 -168.22158      7.847     6.2827     6.2833     6.2821    31.6594    31.6691  1024.9158    24.8796    293.298    279.929  305.77090     95.921     91.556     0.4274     2.2161     3.6642     1.0065 2.4867e+01       1118     0.7757  0.000e+00
      7.824   64.99990 -168.22158      7.901     6.2827     6.2831     6.2821    31.6593    31.6697  1024.9160    24.8795    293.294    279.887  305.77113     95.920     91.543     0.4261     2.2088     3.6642     1.0065 2.4867e+01       1119     0.7764  0.000e+00
      7.824   64.99990 -168.22158      7.901     6.2832     6.2831     6.2825    31.6590    31.6697  1024.9156    24.8791    293.287    279.860  305.76867     95.918     91.534     0.4261     2.2088     3.6642     1.0065 2.4727e+01       1120     0.7771  0.000e+00
      7.824   64.99990 -168.22158      7.901     6.2830     6.2826     6.2824    31.6599    31.6703  1024.9163    24.8799    293.283    279.835  305.76773     95.917     91.525     0.4261     2.2088     3.6642     1.0065 2.4588e+01       1121     0.7778  0.000e+00
      7.801   64.99990 -168.22158      7.878     6.2829     6.2824     6.2822    31.6597    31.6714  1024.9162    24.8798    293.281    279.650  305.76906     95.916     91.465     0.4261     2.2088     3.6642     1.0065 2.4588e+01       1122     0.7785  0.000e+00
      7.824   64.99990 -168.22158      7.901     6.2830     6.2822     6.2824    31.6601    31.6715  1024.9166    24.8801    293.279    279.609  305.76713     95.916     91.451     0.4249     2.2015     3.6642     1.0065 2.4518e+01       1123     0.7792  0.000e+00
      7.878   64.99990 -168.22158      7.956     6.2827     6.2822     6.2821    31.6605    31.6712  1024.9172    24.8804    293.282    279.588  305.76837     95.917     91.444     0.4261     2.2088     3.6642     1.0065 2.4449e+01       1124     0.7799  0.000e+00
      7.824   64.99990 -168.22158      7.901     6.2827     6.2820     6.2821    31.6608    31.6713  1024.9171    24.8807    293.281    279.564  305.76772     95.916     91.436     0.4274     2.2161     3.6642     1.0065 2.4380e+01       1125     0.7806  0.000e+00
      7.878   64.99990 -168.22158      7.956     6.2824     6.2823     6.2818    31.6607    31.6714  1024.9173    24.8806    293.288    279.543  305.77016     95.918     91.430     0.4261     2.2088     3.6630     1.0078 2.4312e+01       1126     0.7813  0.000e+00
      7.824   64.99990 -168.22158      7.901     6.2833     6.2826     6.2827    31.6600    31.6713  1024.9164    24.8799    293.284    279.520  305.76526     95.918     91.423     0.4274     2.2161     3.6642     1.0065 2.4243e+01       1127     0.7819  0.000e+00
      7.878   64.99990 -168.22158      7.956     6.2838     6.2825     6.2832    31.6593    31.6722  1024.9161    24.8793    293.288    279.503  305.76320     95.920     91.417     0.4261     2.2088     3.6667     1.0038 2.4243e+01       1128     0.7826  0.000e+00
      7.824   64.99990 -168.22158      7.901     6.2843     6.2825     6.2836    31.6589    31.6724  1024.9154    24.8790    293.289    279.484  305.76085     95.921     91.411     0.4274     2.2161     3.6752     0.9945 2.4175e+01       1129     0.7833  0.000e+00
      7.878   64.99990 -168.22158      7.956     6.2850     6.2841     6.2843    31.6578    31.6709  1024.9147    24.8780    293.072    279.463  305.75871     95.851     91.407     0.4261     2.2088     3.6789     0.9905 2.4175e+01       1130     0.7840  0.000e+00
      7.878   64.99990 -168.22158      7.956     6.2900     6.2869     6.2893    31.6522    31.6685  1024.9097    24.8730    293.221    279.435  305.73555     95.907     91.402     0.4298     2.2308     3.6789     0.9905 2.4175e+01       1131     0.7847  0.000e+00
      7.878   64.99990 -168.22158      7.956     6.2941     6.2912     6.2934    31.6481    31.6646  1024.9059    24.8692    293.014    279.401  305.71596     95.845     91.397     0.4335     2.2527     3.6777     0.9918 2.4175e+01       1132     0.7854  0.000e+00
      7.824   64.99990 -168.22158      7.901     6.2971     6.2954     6.2965    31.6449    31.6610  1024.9028    24.8663    293.174    279.366  305.70139     95.902     91.392     0.4359     2.2674     3.6777     0.9918 2.4175e+01       1133     0.7861  0.000e+00
      7.908   64.99990 -168.22158      7.987     6.2993     6.2986     6.2987    31.6427    31.6581  1024.9012    24.8643    293.178    279.344  305.69054     95.907     91.390     0.4347     2.2601     3.6789     0.9905 2.4175e+01       1134     0.7868  0.000e+00
      7.878   64.99990 -168.22158      7.956     6.3014     6.3008     6.3008    31.6409    31.6563  1024.8993    24.8626    293.179    279.324  305.67982     95.910     91.387     0.4347     2.2601     3.6777     0.9918 2.4175e+01       1135     0.7875  0.000e+00
      7.939   64.99990 -168.22158      8.018     6.3021     6.3015     6.3014    31.6407    31.6556  1024.8995    24.8625    292.996    279.316  305.67538     95.852     91.385     0.4359     2.2674     3.6777     0.9918 2.4175e+01       1136     0.7882  0.000e+00
      7.878   64.99990 -168.22158      7.956     6.3021     6.3017     6.3014    31.6413    31.6560  1024.8996    24.8629    292.982    279.131  305.67412     95.848     91.326     0.4347     2.2601     3.6777     0.9918 2.4243e+01       1137     0.7889  0.000e+00
      7.824   64.99990 -168.22158      7.901     6.3021     6.3024     6.3014    31.6415    31.6555  1024.8995    24.8631    293.167    279.105  305.67364     95.908     91.318     0.4359     2.2674     3.6777     0.9918 2.4175e+01       1138     0.7896  0.000e+00
      7.878   64.99990 -168.22158      7.956     6.3013     6.3029     6.3006    31.6424    31.6553  1024.9006    24.8639    292.999    279.086  305.67743     95.852     91.313     0.4347     2.2601     3.6777     0.9918 2.4312e+01       1139     0.7903  0.000e+00
      7.939   64.99990 -168.22158      8.018     6.3010     6.3035     6.3003    31.6432    31.6548  1024.9015    24.8645    292.997    279.070  305.67783     95.852     91.309     0.4359     2.2674     3.6777     0.9918 2.4380e+01       1140     0.7910  0.000e+00
      7.878   64.99990 -168.22158      7.956     6.3000     6.3041     6.2993    31.6442    31.6544  1024.9021    24.8654    292.997    279.227  305.68242     95.850     91.361     0.4347     2.2601     3.6777     0.9918 2.4380e+01       1141     0.7917  0.000e+00
      7.878   64.99990 -168.22158      7.956     6.2997     6.3040     6.2990    31.6447    31.6547  1024.9026    24.8659    292.999    279.233  305.68335     95.850     91.363     0.4347     2.2601     3.6777     0.9918 2.4449e+01       1142     0.7924  0.000e+00
      7.878   64.99990 -168.22158      7.956     6.3011     6.3043     6.3005    31.6434    31.6539  1024.9014    24.8647    292.964    279.240  305.67623     95.841     91.365     0.4347     2.2601     3.6777     0.9918 2.4518e+01       1143     0.7931  0.000e+00
      7.877   64.99990 -168.22158      7.956     6.3018     6.3050     6.3011    31.6429    31.6526  1024.9009    24.8642    292.964    279.246  305.67275     95.842     91.368     0.4347     2.2601     3.6777     0.9918 2.4518e+01       1144     0.7937  0.000e+00
      7.854   64.99990 -168.22158      7.932     6.3022     6.3051     6.3016    31.6426    31.6509  1024.9005    24.8639    292.966    279.259  305.67009     95.844     91.371     0.4347     2.2601     3.6777     0.9918 2.4727e+01       1145     0.7944  0.000e+00
      7.939   64.99990 -168.22158      8.018     6.3040     6.3052     6.3034    31.6404    31.6491  1024.8990    24.8620    292.968    279.276  305.66239     95.847     91.376     0.4347     2.2601     3.6777     0.9918 2.4797e+01       1146     0.7951  0.000e+00
      7.877   64.99990 -168.22158      7.956     6.3054     6.3054     6.3048    31.6380    31.6478  1024.8966    24.8599    292.942    279.289  305.65767     95.840     91.380     0.4359     2.2674     3.6777     0.9918 2.4797e+01       1147     0.7958  0.000e+00
