EcoFOCI/data/1_SampleCollection/2023_SikuliaqDBO_CruiseData/CTD_raw_BottleFile_SKQ23-12S/proc/skq202312s_077.ros
* Sea-Bird SBE 9 Data File:
* FileName = D:\CTD\SKQ202312S\SKQ202312S_077.hex
* Software Version Seasave V 7.26.7.121
* Temperature SN = 6177
* Conductivity SN = 0369
* Number of Bytes Per Scan = 41
* Number of Voltage Words = 4
* Number of Scans Averaged by the Deck Unit = 1
* NMEA Latitude = 65 46.95 N
* NMEA Longitude = 168 50.45 W
* NMEA UTC (Time) = Oct 03 2023  04:36:08
* NMEA baud rate = 4800
** Ship: R/V Sikuliaq
** Station Number: 077
** Station Name: BS8
** Bottom Depth: 47
** Operator: SD
# nquan = 22
# nvalues = 833                                   
# units = specified
# name 0 = depSM: Depth [salt water, m]
# name 1 = latitude: Latitude [deg]
# name 2 = longitude: Longitude [deg]
# name 3 = prDM: Pressure, Digiquartz [db]
# name 4 = t090C: Temperature [ITS-90, deg C]
# name 5 = t190C: Temperature, 2 [ITS-90, deg C]
# name 6 = potemp090C: Potential Temperature [ITS-90, deg C]
# name 7 = sal00: Salinity, Practical [PSU]
# name 8 = sal11: Salinity, Practical, 2 [PSU]
# name 9 = density00: Density [density, kg/m^3]
# name 10 = sigma-é00: Density [sigma-theta, kg/m^3]
# name 11 = sbox0Mm/Kg: Oxygen, SBE 43 [umol/kg]
# name 12 = sbox1Mm/Kg: Oxygen, SBE 43, 2 [umol/kg]
# name 13 = oxsolMm/Kg: Oxygen Saturation, Garcia & Gordon [umol/kg]
# name 14 = sbeox0PS: Oxygen, SBE 43 [% saturation]
# name 15 = v0: Voltage 0
# name 16 = flECO-AFL: Fluorescence, WET Labs ECO-AFL/FL [mg/m^3]
# name 17 = CStarAt0: Beam Attenuation, WET Labs C-Star [1/m]
# name 18 = par: PAR/Irradiance, Biospherical/Licor
# name 19 = scan: Scan Count
# name 20 = nbf: Bottles Fired
# name 21 = flag:  0.000e+00
# interval = seconds: 0.0416667
# start_time = Oct 03 2023 04:40:00 [NMEA time, first data scan]
# bad_flag = -9.990e-29
*END*
[from data line 396]
     20.409   65.78152 -168.84360     20.613     3.0140     3.0229     3.0128    32.6166    32.6211  1026.0784    25.9817    276.010    266.895  328.32676     84.066     0.2711     1.2784     0.7835 3.4241e-04      16232          9  0.000e+00
     20.447   65.78152 -168.84360     20.652     3.0157     3.0217     3.0146    32.6155    32.6216  1026.0776    25.9807    276.027    266.711  328.31505     84.074     0.2711     1.2784     0.7835 8.4714e-06      16233          9  0.000e+00
     20.409   65.78152 -168.84360     20.613     3.0169     3.0205     3.0157    32.6147    32.6220  1026.0767    25.9799    276.048    266.697  328.30793     84.082     0.2711     1.2784     0.7835 1.6876e-03      16234          9  0.000e+00
     20.447   65.78152 -168.84360     20.652     3.0176     3.0200     3.0164    32.6137    32.6224  1026.0760    25.9791    276.040    266.876  328.30430     84.080     0.2711     1.2784     0.7835 5.4659e-03      16235          9  0.000e+00
     20.386   65.78152 -168.84360     20.589     3.0186     3.0195     3.0174    32.6124    32.6229  1026.0746    25.9779    276.027    266.879  328.29984     84.078     0.2711     1.2784     0.7835 7.2223e-03      16236          9  0.000e+00
     20.463   65.78152 -168.84360     20.667     3.0193     3.0200     3.0181    32.6114    32.6226  1026.0741    25.9771    276.020    266.688  328.29626     84.077     0.2711     1.2784     0.7835 6.5167e-03      16237          9  0.000e+00
     20.386   65.78152 -168.84360     20.590     3.0198     3.0210     3.0186    32.6107    32.6224  1026.0731    25.9764    276.263    266.659  328.29417     84.151     0.2723     1.2857     0.7835 4.0784e-03      16238          9  0.000e+00
     20.409   65.78152 -168.84360     20.613     3.0196     3.0229     3.0185    32.6103    32.6212  1026.0729    25.9762    276.294    266.630  328.29631     84.160     0.2711     1.2784     0.7835 3.0480e-03      16239          9  0.000e+00
     20.386   65.78152 -168.84360     20.590     3.0192     3.0243     3.0180    32.6101    32.6201  1026.0727    25.9761    276.325    266.605  328.30067     84.168     0.2723     1.2857     0.7835 3.0480e-03      16240          9  0.000e+00
     20.386   65.78152 -168.84360     20.590     3.0179     3.0244     3.0168    32.6115    32.6199  1026.0740    25.9773    276.358    266.782  328.30714     84.177     0.2711     1.2784     0.7835 4.0784e-03      16241          9  0.000e+00
     20.409   65.78152 -168.84360     20.613     3.0174     3.0241     3.0163    32.6119    32.6205  1026.0744    25.9776    276.386    266.791  328.31016     84.185     0.2723     1.2857     0.7835 4.4238e-03      16242          9  0.000e+00
     20.386   65.78152 -168.84360     20.590     3.0170     3.0243     3.0158    32.6126    32.6198  1026.0749    25.9782    276.411    266.602  328.31191     84.192     0.2711     1.2784     0.7847 4.4238e-03      16243          9  0.000e+00
     20.409   65.78152 -168.84360     20.613     3.0163     3.0238     3.0152    32.6133    32.6204  1026.0756    25.9788    276.437    266.590  328.31583     84.199     0.2723     1.2857     0.7835 9.3628e-03      16244          9  0.000e+00
     20.386   65.78152 -168.84360     20.590     3.0161     3.0219     3.0149    32.6133    32.6217  1026.0755    25.9789    276.459    266.781  328.31789     84.205     0.2650     1.2417     0.7847 1.2642e-02      16245          9  0.000e+00
     20.386   65.78152 -168.84360     20.590     3.0159     3.0207     3.0147    32.6135    32.6224  1026.0757    25.9791    276.478    266.603  328.31869     84.210     0.2625     1.2271     0.7835 1.3012e-02      16246          9  0.000e+00
     20.347   65.78152 -168.84360     20.551     3.0157     3.0195     3.0145    32.6132    32.6228  1026.0753    25.9789    276.533    266.596  328.32113     84.226     0.2613     1.2198     0.7835 8.2880e-03      16247          9  0.000e+00
     20.386   65.78152 -168.84360     20.590     3.0159     3.0183     3.0147    32.6135    32.6236  1026.0757    25.9790    276.550    266.593  328.31879     84.232     0.2625     1.2271     0.7822 4.4238e-03      16248          9  0.000e+00
     20.347   65.78152 -168.84360     20.551     3.0162     3.0184     3.0150    32.6135    32.6234  1026.0755    25.9790    276.598    266.580  328.31664     84.247     0.2613     1.2198     0.7822 3.7340e-03      16249          9  0.000e+00
     20.386   65.78152 -168.84360     20.590     3.0165     3.0189     3.0154    32.6127    32.6231  1026.0750    25.9784    276.614    266.568  328.31550     84.253     0.2625     1.2271     0.7822 3.3905e-03      16250          9  0.000e+00
     20.386   65.78152 -168.84360     20.590     3.0170     3.0192     3.0158    32.6131    32.6226  1026.0753    25.9786    276.624    266.557  328.31061     84.257     0.2613     1.2198     0.7822 2.7065e-03      16251          9  0.000e+00
     20.347   65.78152 -168.84360     20.551     3.0178     3.0205     3.0166    32.6140    32.6220  1026.0757    25.9793    276.628    266.539  328.30237     84.260     0.2625     1.2271     0.7835 2.3659e-03      16252          9  0.000e+00
     20.386   65.78152 -168.84360     20.590     3.0196     3.0221     3.0185    32.6135    32.6211  1026.0754    25.9787    276.628    266.523  328.28845     84.264     0.2613     1.2198     0.7822 6.7730e-04      16253          9  0.000e+00
     20.347   65.78152 -168.84360     20.551     3.0217     3.0232     3.0205    32.6123    32.6204  1026.0740    25.9776    276.623    266.508  328.27495     84.266     0.2625     1.2271     0.7835 1.0000e-12      16254          9  0.000e+00
     20.332   65.78152 -168.84360     20.535     3.0234     3.0246     3.0223    32.6109    32.6196  1026.0727    25.9763    276.620    266.493  328.26407     84.268     0.2613     1.2198     0.7822 1.0000e-12      16255          9  0.000e+00
     20.386   65.78152 -168.84360     20.590     3.0250     3.0254     3.0238    32.6095    32.6194  1026.0717    25.9750    276.620    266.485  328.25508     84.270     0.2625     1.2271     0.7822 1.0000e-12      16256          9  0.000e+00
     20.347   65.78152 -168.84360     20.551     3.0252     3.0277     3.0240    32.6092    32.6177  1026.0713    25.9749    276.588    266.466  328.25434     84.260     0.2613     1.2198     0.7822 1.0000e-12      16257          9  0.000e+00
     20.332   65.78152 -168.84360     20.535     3.0258     3.0295     3.0246    32.6084    32.6169  1026.0705    25.9741    276.587    266.452  328.25133     84.261     0.2613     1.2198     0.7822 1.0000e-12      16258          9  0.000e+00
     20.347   65.78152 -168.84360     20.551     3.0261     3.0307     3.0249    32.6082    32.6163  1026.0704    25.9739    276.587    266.442  328.24916     84.261     0.2613     1.2198     0.7822 1.0000e-12      16259          9  0.000e+00
     20.332   65.78152 -168.84360     20.535     3.0272     3.0322     3.0260    32.6075    32.6151  1026.0697    25.9733    276.796    266.432  328.24227     84.327     0.2613     1.2198     0.7822 1.0000e-12      16260          9  0.000e+00
     20.332   65.78152 -168.84360     20.535     3.0273     3.0327     3.0262    32.6077    32.6151  1026.0699    25.9735    276.610    266.428  328.24027     84.270     0.2613     1.2198     0.7822 1.0000e-12      16261          9  0.000e+00
     20.347   65.78152 -168.84360     20.551     3.0277     3.0332     3.0266    32.6070    32.6147  1026.0693    25.9729    276.604    266.427  328.23900     84.269     0.2625     1.2271     0.7822 1.0000e-12      16262          9  0.000e+00
     20.332   65.78152 -168.84360     20.535     3.0278     3.0332     3.0267    32.6071    32.6144  1026.0693    25.9729    276.850    266.429  328.23788     84.344     0.2613     1.2198     0.7822 1.0000e-12      16263          9  0.000e+00
     20.347   65.78152 -168.84360     20.551     3.0281     3.0335     3.0270    32.6072    32.6145  1026.0694    25.9730    276.659    266.430  328.23511     84.287     0.2625     1.2271     0.7835 3.4241e-04      16264          9  0.000e+00
     20.332   65.78152 -168.84360     20.535     3.0292     3.0342     3.0281    32.6067    32.6142  1026.0689    25.9725    276.859    266.428  328.22772     84.350     0.2613     1.2198     0.7835 6.7730e-04      16265          9  0.000e+00
     20.332   65.78152 -168.84360     20.536     3.0300     3.0355     3.0289    32.6063    32.6140  1026.0685    25.9721    276.660    266.424  328.22213     84.290     0.2613     1.2198     0.7822 1.0131e-03      16266          9  0.000e+00
     20.294   65.78152 -168.84360     20.497     3.0309     3.0365     3.0297    32.6053    32.6131  1026.0674    25.9712    276.858    266.423  328.21781     84.352     0.2625     1.2271     0.7734 6.7730e-04      16267          9  0.000e+00
     20.332   65.78152 -168.84360     20.536     3.0311     3.0370     3.0299    32.6047    32.6127  1026.0671    25.9707    276.914    266.428  328.21747     84.369     0.2613     1.2198     0.7696 8.4714e-06      16268          9  0.000e+00
     20.294   65.78152 -168.84360     20.497     3.0308     3.0361     3.0296    32.6053    32.6132  1026.0674    25.9712    276.931    266.439  328.21861     84.374     0.2625     1.2271     0.7696 1.0000e-12      16269          9  0.000e+00
     20.332   65.78152 -168.84360     20.536     3.0307     3.0341     3.0295    32.6049    32.6149  1026.0673    25.9709    276.948    266.461  328.22006     84.379     0.2650     1.2417     0.7696 1.0000e-12      16270          9  0.000e+00
     20.332   65.78152 -168.84360     20.536     3.0303     3.0323     3.0292    32.6047    32.6159  1026.0672    25.9708    276.963    266.481  328.22365     84.382     0.2735     1.2930     0.7696 3.0480e-03      16271          9  0.000e+00
     20.294   65.78152 -168.84360     20.497     3.0301     3.0310     3.0289    32.6050    32.6164  1026.0672    25.9710    276.936    266.499  328.22509     84.374     0.2735     1.2930     0.7696 5.8152e-03      16272          9  0.000e+00
     20.332   65.78152 -168.84360     20.536     3.0299     3.0303     3.0287    32.6051    32.6169  1026.0675    25.9711    276.943    266.710  328.22654     84.376     0.2747     1.3004     0.7696 4.7702e-03      16273          9  0.000e+00
     20.294   65.78152 -168.84360     20.497     3.0297     3.0316     3.0285    32.6052    32.6164  1026.0675    25.9713    276.944    266.710  328.22748     84.376     0.2735     1.2930     0.7696 1.0131e-03      16274          9  0.000e+00
     20.271   65.78152 -168.84360     20.473     3.0296     3.0330     3.0284    32.6055    32.6157  1026.0676    25.9715    276.942    266.733  328.22775     84.375     0.2747     1.3004     0.7696 1.0000e-12      16275          9  0.000e+00
     20.332   65.78152 -168.84362     20.536     3.0295     3.0339     3.0284    32.6056    32.6152  1026.0680    25.9716    276.940    266.763  328.22783     84.374     0.2735     1.2930     0.7696 1.0000e-12      16276          9  0.000e+00
     20.183   65.78150 -168.84366     20.385     3.0086     3.0190     3.0075    32.6182    32.6225  1026.0791    25.9834    275.035    265.299  328.36607     83.759     0.2650     1.2417     0.7671 1.0000e-12      16530         10  0.000e+00
     20.222   65.78150 -168.84366     20.424     3.0084     3.0188     3.0072    32.6183    32.6227  1026.0794    25.9835    275.067    265.297  328.36762     83.768     0.2662     1.2491     0.7659 1.0000e-12      16531         10  0.000e+00
     20.067   65.78150 -168.84366     20.268     3.0080     3.0182     3.0068    32.6189    32.6231  1026.0792    25.9841    274.877    265.097  328.36940     83.710     0.2650     1.2417     0.7671 1.0000e-12      16532         10  0.000e+00
     20.222   65.78150 -168.84366     20.424     3.0076     3.0176     3.0064    32.6190    32.6236  1026.0800    25.9842    274.884    265.299  328.37230     83.711     0.2662     1.2491     0.7671 1.0000e-12      16533         10  0.000e+00
     20.160   65.78150 -168.84366     20.362     3.0075     3.0171     3.0063    32.6193    32.6241  1026.0800    25.9844    274.883    265.106  328.37231     83.711     0.2650     1.2417     0.7671 1.0000e-12      16534         10  0.000e+00
     20.183   65.78150 -168.84366     20.385     3.0078     3.0156     3.0066    32.6192    32.6251  1026.0800    25.9843    274.923    265.095  328.37055     83.723     0.2650     1.2417     0.7671 1.0000e-12      16535         10  0.000e+00
     20.160   65.78150 -168.84366     20.362     3.0078     3.0153     3.0066    32.6193    32.6255  1026.0800    25.9844    275.148    265.100  328.37022     83.792     0.2662     1.2491     0.7659 1.0000e-12      16536         10  0.000e+00
     20.183   65.78150 -168.84366     20.385     3.0080     3.0152     3.0068    32.6192    32.6252  1026.0800    25.9843    274.975    265.281  328.36875     83.740     0.2662     1.2491     0.7671 1.0000e-12      16537         10  0.000e+00
     20.160   65.78150 -168.84366     20.362     3.0081     3.0147     3.0069    32.6189    32.6258  1026.0796    25.9840    275.204    265.119  328.36863     83.809     0.2662     1.2491     0.7671 1.0000e-12      16538         10  0.000e+00
     20.160   65.78150 -168.84366     20.362     3.0083     3.0123     3.0071    32.6189    32.6281  1026.0796    25.9840    274.998    265.119  328.36703     83.747     0.2650     1.2417     0.7671 1.0000e-12      16539         10  0.000e+00
     20.183   65.78150 -168.84366     20.385     3.0086     3.0092     3.0074    32.6190    32.6306  1026.0797    25.9840    274.977    265.151  328.36456     83.741     0.2662     1.2491     0.7659 1.0000e-12      16540         10  0.000e+00
     20.160   65.78150 -168.84366     20.362     3.0086     3.0075     3.0075    32.6189    32.6313  1026.0796    25.9840    274.957    265.372  328.36423     83.735     0.2650     1.2417     0.7659 1.0000e-12      16541         10  0.000e+00
     20.183   65.78150 -168.84366     20.385     3.0092     3.0071     3.0080    32.6186    32.6316  1026.0794    25.9837    275.154    265.198  328.36078     83.796     0.2662     1.2491     0.7659 1.0000e-12      16542         10  0.000e+00
     20.160   65.78150 -168.84366     20.362     3.0094     3.0072     3.0083    32.6183    32.6317  1026.0790    25.9834    274.952    265.192  328.35935     83.735     0.2650     1.2417     0.7659 1.0000e-12      16543         10  0.000e+00
     20.160   65.78150 -168.84366     20.362     3.0098     3.0075     3.0086    32.6180    32.6315  1026.0787    25.9831    274.934    265.383  328.35706     83.730     0.2662     1.2491     0.7659 1.0000e-12      16544         10  0.000e+00
     20.183   65.78150 -168.84366     20.385     3.0101     3.0073     3.0090    32.6177    32.6317  1026.0786    25.9829    275.135    265.406  328.35520     83.792     0.2650     1.2417     0.7659 1.0000e-12      16545         10  0.000e+00
     20.222   65.78150 -168.84366     20.424     3.0103     3.0076     3.0092    32.6178    32.6308  1026.0789    25.9830    275.155    265.430  328.35305     83.798     0.2662     1.2491     0.7659 1.0000e-12      16546         10  0.000e+00
     20.160   65.78150 -168.84366     20.362     3.0111     3.0083     3.0099    32.6178    32.6304  1026.0785    25.9829    274.950    265.252  328.34708     83.738     0.2650     1.2417     0.7659 1.0000e-12      16547         10  0.000e+00
     20.183   65.78150 -168.84366     20.385     3.0115     3.0086     3.0103    32.6173    32.6304  1026.0781    25.9824    274.936    265.448  328.34542     83.734     0.2662     1.2491     0.7671 3.4241e-04      16548         10  0.000e+00
