EcoFOCI/data/1_SampleCollection/2023_SikuliaqDBO_CruiseData/CTD_raw_BottleFile_SKQ23-12S/proc/skq202312s_021svp.cnv
* Sea-Bird SBE 9 Data File:
* FileName = D:\CTD\SKQ202312S\SKQ202312S_021.hex
* Software Version Seasave V 7.26.7.121
* Temperature SN = 6177
* Conductivity SN = 0369
* Number of Bytes Per Scan = 41
* Number of Voltage Words = 4
* Number of Scans Averaged by the Deck Unit = 1
* NMEA Latitude = 64 59.46 N
* NMEA Longitude = 169 08.29 W
* NMEA UTC (Time) = Sep 18 2023  02:53:31
* NMEA baud rate = 4800
** Ship: R/V Sikuliaq
** Station Number: 021
** Station Name: DBO2.5
** Bottom Depth: 48
** Operator: SS
# nquan = 7
# nvalues = 4195                                  
# units = specified
# name 0 = depSM: Depth [salt water, m]
# name 1 = latitude: Latitude [deg]
# name 2 = longitude: Longitude [deg]
# name 3 = t090C: Temperature [ITS-90, deg C]
# name 4 = sal00: Salinity, Practical [PSU]
# name 5 = svCM: Sound Velocity [Chen-Millero, m/s]
# name 6 = flag:  0.000e+00
# span 0 =      1.605,     43.174                 
# span 1 =   64.99128,   64.99152                 
# span 2 = -169.13860, -169.13846                 
# span 3 =     1.9257,     3.2703                 
# span 4 =    32.0542,    32.8614                 
# span 5 =    1454.13,    1461.22                 
# span 6 = 0.0000e+00, 0.0000e+00                 
# interval = seconds: 0.0416667
# start_time = Sep 18 2023 02:57:41 [NMEA time, first data scan]
# bad_flag = -9.990e-29
*END*
[from data line 1847]
     12.925   64.99140 -169.13848     2.8539    32.6590    1458.95  0.000e+00
     12.925   64.99140 -169.13848     2.8539    32.6588    1458.95  0.000e+00
     12.948   64.99140 -169.13848     2.8537    32.6591    1458.95  0.000e+00
     12.979   64.99140 -169.13848     2.8533    32.6594    1458.95  0.000e+00
     12.979   64.99140 -169.13848     2.8530    32.6596    1458.95  0.000e+00
     12.979   64.99140 -169.13848     2.8528    32.6593    1458.95  0.000e+00
     12.979   64.99140 -169.13848     2.8526    32.6594    1458.95  0.000e+00
     13.010   64.99140 -169.13848     2.8522    32.6599    1458.95  0.000e+00
     13.041   64.99140 -169.13848     2.8523    32.6597    1458.95  0.000e+00
     13.041   64.99140 -169.13848     2.8520    32.6598    1458.95  0.000e+00
     13.095   64.99140 -169.13848     2.8517    32.6600    1458.95  0.000e+00
     13.041   64.99140 -169.13848     2.8515    32.6600    1458.95  0.000e+00
     13.064   64.99140 -169.13850     2.8515    32.6601    1458.95  0.000e+00
     13.095   64.99140 -169.13850     2.8514    32.6597    1458.95  0.000e+00
     13.095   64.99140 -169.13850     2.8509    32.6601    1458.94  0.000e+00
     13.095   64.99140 -169.13850     2.8509    32.6598    1458.94  0.000e+00
     13.095   64.99140 -169.13850     2.8505    32.6595    1458.94  0.000e+00
     13.064   64.99140 -169.13850     2.8503    32.6596    1458.94  0.000e+00
     13.156   64.99140 -169.13850     2.8501    32.6596    1458.94  0.000e+00
     13.094   64.99140 -169.13850     2.8495    32.6598    1458.94  0.000e+00
     13.156   64.99140 -169.13850     2.8492    32.6591    1458.94  0.000e+00
     13.156   64.99140 -169.13850     2.8487    32.6592    1458.93  0.000e+00
     13.125   64.99140 -169.13850     2.8483    32.6593    1458.93  0.000e+00
     13.210   64.99140 -169.13850     2.8479    32.6595    1458.93  0.000e+00
     13.156   64.99140 -169.13850     2.8478    32.6593    1458.93  0.000e+00
     13.210   64.99140 -169.13850     2.8476    32.6590    1458.93  0.000e+00
     13.156   64.99140 -169.13850     2.8470    32.6593    1458.93  0.000e+00
     13.233   64.99140 -169.13850     2.8464    32.6590    1458.92  0.000e+00
     13.210   64.99140 -169.13850     2.8459    32.6584    1458.92  0.000e+00
     13.210   64.99140 -169.13850     2.8447    32.6582    1458.92  0.000e+00
     13.264   64.99140 -169.13850     2.8439    32.6583    1458.91  0.000e+00
     13.264   64.99140 -169.13850     2.8427    32.6590    1458.91  0.000e+00
     13.233   64.99140 -169.13850     2.8420    32.6590    1458.91  0.000e+00
     13.264   64.99140 -169.13850     2.8413    32.6591    1458.90  0.000e+00
     13.326   64.99140 -169.13850     2.8403    32.6596    1458.90  0.000e+00
     13.264   64.99140 -169.13850     2.8393    32.6589    1458.89  0.000e+00
     13.326   64.99140 -169.13850     2.8379    32.6590    1458.89  0.000e+00
     13.411   64.99140 -169.13850     2.8368    32.6583    1458.89  0.000e+00
     13.326   64.99140 -169.13850     2.8352    32.6583    1458.88  0.000e+00
     13.380   64.99140 -169.13850     2.8337    32.6582    1458.87  0.000e+00
     13.380   64.99140 -169.13850     2.8319    32.6578    1458.86  0.000e+00
     13.441   64.99140 -169.13850     2.8302    32.6577    1458.86  0.000e+00
     13.411   64.99140 -169.13850     2.8286    32.6574    1458.85  0.000e+00
     13.441   64.99140 -169.13850     2.8264    32.6574    1458.84  0.000e+00
     13.441   64.99140 -169.13850     2.8244    32.6574    1458.83  0.000e+00
     13.495   64.99140 -169.13850     2.8231    32.6566    1458.83  0.000e+00
     13.495   64.99140 -169.13850     2.8213    32.6565    1458.82  0.000e+00
     13.526   64.99140 -169.13850     2.8194    32.6564    1458.81  0.000e+00
     13.495   64.99140 -169.13850     2.8175    32.6574    1458.80  0.000e+00
     13.557   64.99140 -169.13850     2.8161    32.6573    1458.80  0.000e+00
     13.611   64.99140 -169.13850     2.8143    32.6580    1458.79  0.000e+00
     13.611   64.99140 -169.13850     2.8129    32.6585    1458.79  0.000e+00
     13.580   64.99140 -169.13850     2.8120    32.6587    1458.78  0.000e+00
     13.665   64.99140 -169.13850     2.8112    32.6588    1458.78  0.000e+00
     13.665   64.99140 -169.13850     2.8103    32.6592    1458.78  0.000e+00
     13.665   64.99140 -169.13850     2.8098    32.6593    1458.77  0.000e+00
     13.634   64.99140 -169.13850     2.8092    32.6597    1458.77  0.000e+00
     13.727   64.99140 -169.13850     2.8089    32.6590    1458.77  0.000e+00
     13.727   64.99140 -169.13850     2.8082    32.6594    1458.77  0.000e+00
     13.781   64.99140 -169.13850     2.8078    32.6591    1458.77  0.000e+00
     13.727   64.99140 -169.13850     2.8071    32.6598    1458.76  0.000e+00
     13.811   64.99140 -169.13850     2.8071    32.6593    1458.77  0.000e+00
     13.781   64.99140 -169.13850     2.8067    32.6597    1458.76  0.000e+00
     13.842   64.99140 -169.13850     2.8059    32.6596    1458.76  0.000e+00
     13.780   64.99140 -169.13850     2.8057    32.6591    1458.76  0.000e+00
     13.896   64.99140 -169.13850     2.8051    32.6594    1458.76  0.000e+00
     13.865   64.99140 -169.13850     2.8046    32.6599    1458.76  0.000e+00
     13.958   64.99140 -169.13850     2.8043    32.6598    1458.76  0.000e+00
     13.896   64.99140 -169.13850     2.8042    32.6600    1458.76  0.000e+00
     13.958   64.99140 -169.13850     2.8040    32.6596    1458.75  0.000e+00
     13.981   64.99140 -169.13850     2.8031    32.6596    1458.75  0.000e+00
     14.012   64.99140 -169.13850     2.8026    32.6590    1458.75  0.000e+00
     14.012   64.99140 -169.13850     2.8018    32.6591    1458.75  0.000e+00
     14.066   64.99140 -169.13850     2.8010    32.6592    1458.74  0.000e+00
     14.066   64.99140 -169.13850     2.8002    32.6598    1458.74  0.000e+00
     14.097   64.99140 -169.13850     2.7999    32.6595    1458.74  0.000e+00
     14.127   64.99140 -169.13850     2.7993    32.6596    1458.74  0.000e+00
     14.127   64.99140 -169.13850     2.7990    32.6598    1458.74  0.000e+00
     14.181   64.99140 -169.13850     2.7988    32.6596    1458.74  0.000e+00
     14.212   64.99140 -169.13850     2.7987    32.6596    1458.74  0.000e+00
     14.181   64.99140 -169.13850     2.7983    32.6596    1458.73  0.000e+00
     14.297   64.99140 -169.13850     2.7981    32.6594    1458.73  0.000e+00
     14.243   64.99140 -169.13850     2.7969    32.6581    1458.73  0.000e+00
     14.297   64.99140 -169.13850     2.7933    32.6568    1458.71  0.000e+00
     14.320   64.99140 -169.13850     2.7888    32.6570    1458.69  0.000e+00
     14.297   64.99140 -169.13850     2.7852    32.6569    1458.68  0.000e+00
     14.359   64.99140 -169.13850     2.7814    32.6567    1458.66  0.000e+00
     14.359   64.99140 -169.13850     2.7778    32.6568    1458.64  0.000e+00
     14.382   64.99140 -169.13850     2.7749    32.6578    1458.63  0.000e+00
     14.413   64.99140 -169.13850     2.7727    32.6584    1458.63  0.000e+00
     14.413   64.99140 -169.13850     2.7713    32.6590    1458.62  0.000e+00
     14.413   64.99140 -169.13850     2.7701    32.6593    1458.62  0.000e+00
     14.467   64.99140 -169.13850     2.7693    32.6591    1458.61  0.000e+00
     14.498   64.99140 -169.13850     2.7686    32.6591    1458.61  0.000e+00
     14.528   64.99140 -169.13850     2.7681    32.6590    1458.61  0.000e+00
     14.528   64.99140 -169.13850     2.7672    32.6598    1458.61  0.000e+00
     14.582   64.99140 -169.13850     2.7667    32.6598    1458.60  0.000e+00
     14.552   64.99140 -169.13850     2.7659    32.6600    1458.60  0.000e+00
     14.582   64.99140 -169.13850     2.7658    32.6598    1458.60  0.000e+00
     14.644   64.99140 -169.13850     2.7653    32.6599    1458.60  0.000e+00
     14.644   64.99140 -169.13850     2.7653    32.6601    1458.60  0.000e+00
     14.667   64.99140 -169.13850     2.7653    32.6599    1458.60  0.000e+00
     14.644   64.99140 -169.13850     2.7648    32.6600    1458.60  0.000e+00
     14.698   64.99140 -169.13850     2.7650    32.6596    1458.60  0.000e+00
     14.752   64.99140 -169.13850     2.7647    32.6597    1458.60  0.000e+00
     14.752   64.99140 -169.13850     2.7643    32.6602    1458.60  0.000e+00
     14.721   64.99140 -169.13850     2.7647    32.6601    1458.60  0.000e+00
     14.814   64.99140 -169.13850     2.7643    32.6601    1458.60  0.000e+00
     14.752   64.99140 -169.13850     2.7643    32.6597    1458.60  0.000e+00
     14.868   64.99140 -169.13850     2.7642    32.6599    1458.60  0.000e+00
     14.783   64.99140 -169.13850     2.7643    32.6597    1458.60  0.000e+00
     14.868   64.99140 -169.13850     2.7641    32.6599    1458.60  0.000e+00
     14.868   64.99140 -169.13850     2.7641    32.6597    1458.60  0.000e+00
     14.929   64.99140 -169.13850     2.7639    32.6599    1458.60  0.000e+00
     14.898   64.99140 -169.13850     2.7641    32.6597    1458.60  0.000e+00
     14.929   64.99140 -169.13850     2.7639    32.6602    1458.60  0.000e+00
     14.983   64.99140 -169.13850     2.7639    32.6599    1458.60  0.000e+00
     14.929   64.99140 -169.13850     2.7637    32.6601    1458.60  0.000e+00
     15.006   64.99140 -169.13850     2.7636    32.6601    1458.60  0.000e+00
     14.983   64.99140 -169.13850     2.7636    32.6594    1458.60  0.000e+00
     15.045   64.99140 -169.13850     2.7634    32.6597    1458.60  0.000e+00
     14.983   64.99140 -169.13850     2.7634    32.6597    1458.60  0.000e+00
     15.068   64.99140 -169.13850     2.7634    32.6598    1458.60  0.000e+00
     15.099   64.99140 -169.13850     2.7633    32.6596    1458.60  0.000e+00
     15.045   64.99140 -169.13850     2.7633    32.6597    1458.60  0.000e+00
     15.099   64.99140 -169.13850     2.7633    32.6598    1458.60  0.000e+00
     15.099   64.99140 -169.13850     2.7634    32.6594    1458.60  0.000e+00
     15.122   64.99140 -169.13850     2.7631    32.6598    1458.60  0.000e+00
     15.153   64.99140 -169.13850     2.7631    32.6596    1458.60  0.000e+00
     15.153   64.99140 -169.13850     2.7631    32.6591    1458.60  0.000e+00
     15.214   64.99140 -169.13850     2.7629    32.6596    1458.60  0.000e+00
     15.184   64.99140 -169.13850     2.7628    32.6597    1458.60  0.000e+00
     15.214   64.99140 -169.13850     2.7629    32.6597    1458.60  0.000e+00
     15.214   64.99140 -169.13850     2.7628    32.6599    1458.60  0.000e+00
     15.268   64.99140 -169.13850     2.7628    32.6596    1458.60  0.000e+00
     15.299   64.99140 -169.13850     2.7628    32.6598    1458.60  0.000e+00
     15.268   64.99140 -169.13850     2.7629    32.6595    1458.60  0.000e+00
     15.268   64.99140 -169.13850     2.7628    32.6595    1458.60  0.000e+00
     15.330   64.99140 -169.13850     2.7628    32.6593    1458.60  0.000e+00
     15.299   64.99140 -169.13850     2.7629    32.6593    1458.60  0.000e+00
     15.330   64.99140 -169.13850     2.7626    32.6602    1458.60  0.000e+00
     15.330   64.99140 -169.13850     2.7628    32.6597    1458.60  0.000e+00
     15.330   64.99140 -169.13850     2.7628    32.6593    1458.60  0.000e+00
     15.299   64.99140 -169.13850     2.7628    32.6597    1458.60  0.000e+00
     15.384   64.99140 -169.13850     2.7629    32.6596    1458.60  0.000e+00
     15.384   64.99140 -169.13850     2.7626    32.6597    1458.60  0.000e+00
     15.384   64.99140 -169.13850     2.7629    32.6596    1458.60  0.000e+00
     15.353   64.99140 -169.13850     2.7629    32.6592    1458.60  0.000e+00
     15.446   64.99140 -169.13850     2.7628    32.6598    1458.60  0.000e+00
     15.384   64.99140 -169.13850     2.7628    32.6596    1458.60  0.000e+00
     15.446   64.99140 -169.13850     2.7629    32.6590    1458.60  0.000e+00
     15.407   64.99140 -169.13850     2.7626    32.6594    1458.60  0.000e+00
     15.500   64.99140 -169.13850     2.7628    32.6591    1458.60  0.000e+00
     15.446   64.99140 -169.13850     2.7629    32.6592    1458.60  0.000e+00
     15.446   64.99140 -169.13850     2.7626    32.6592    1458.60  0.000e+00
     15.469   64.99140 -169.13850     2.7628    32.6593    1458.60  0.000e+00
     15.500   64.99140 -169.13850     2.7626    32.6596    1458.60  0.000e+00
     15.500   64.99140 -169.13850     2.7625    32.6595    1458.60  0.000e+00
     15.500   64.99140 -169.13850     2.7628    32.6591    1458.60  0.000e+00
     15.469   64.99140 -169.13850     2.7626    32.6593    1458.60  0.000e+00
     15.554   64.99140 -169.13850     2.7625    32.6594    1458.60  0.000e+00
     15.499   64.99140 -169.13850     2.7625    32.6591    1458.60  0.000e+00
     15.553   64.99140 -169.13850     2.7625    32.6590    1458.60  0.000e+00
     15.584   64.99140 -169.13850     2.7621    32.6588    1458.60  0.000e+00
     15.553   64.99140 -169.13850     2.7620    32.6594    1458.60  0.000e+00
     15.553   64.99140 -169.13850     2.7620    32.6594    1458.60  0.000e+00
     15.615   64.99140 -169.13850     2.7619    32.6594    1458.60  0.000e+00
     15.584   64.99140 -169.13850     2.7619    32.6591    1458.60  0.000e+00
     15.615   64.99140 -169.13850     2.7617    32.6591    1458.60  0.000e+00
     15.615   64.99140 -169.13850     2.7615    32.6592    1458.60  0.000e+00
     15.553   64.99140 -169.13850     2.7615    32.6594    1458.60  0.000e+00
     15.638   64.99140 -169.13850     2.7615    32.6592    1458.60  0.000e+00
     15.615   64.99140 -169.13850     2.7614    32.6592    1458.60  0.000e+00
     15.669   64.99140 -169.13850     2.7612    32.6593    1458.60  0.000e+00
     15.669   64.99140 -169.13850     2.7611    32.6593    1458.60  0.000e+00
     15.638   64.99140 -169.13850     2.7611    32.6590    1458.60  0.000e+00
     15.669   64.99140 -169.13850     2.7609    32.6589    1458.60  0.000e+00
     15.669   64.99140 -169.13850     2.7609    32.6592    1458.60  0.000e+00
     15.731   64.99140 -169.13850     2.7609    32.6592    1458.60  0.000e+00
     15.700   64.99140 -169.13850     2.7607    32.6594    1458.60  0.000e+00
     15.669   64.99140 -169.13850     2.7606    32.6593    1458.60  0.000e+00
     15.731   64.99140 -169.13850     2.7606    32.6592    1458.60  0.000e+00
     15.785   64.99140 -169.13850     2.7606    32.6592    1458.60  0.000e+00
     15.700   64.99140 -169.13850     2.7607    32.6586    1458.60  0.000e+00
     15.785   64.99140 -169.13850     2.7607    32.6589    1458.60  0.000e+00
     15.785   64.99140 -169.13850     2.7605    32.6594    1458.60  0.000e+00
     15.785   64.99140 -169.13850     2.7605    32.6593    1458.60  0.000e+00
     15.808   64.99140 -169.13850     2.7606    32.6585    1458.60  0.000e+00
     15.785   64.99140 -169.13850     2.7603    32.6590    1458.60  0.000e+00
     15.846   64.99140 -169.13850     2.7603    32.6594    1458.60  0.000e+00
     15.869   64.99140 -169.13850     2.7601    32.6595    1458.60  0.000e+00
     15.846   64.99140 -169.13850     2.7601    32.6591    1458.60  0.000e+00
     15.846   64.99140 -169.13850     2.7601    32.6588    1458.60  0.000e+00
     15.900   64.99140 -169.13850     2.7600    32.6593    1458.60  0.000e+00
     15.869   64.99140 -169.13850     2.7598    32.6596    1458.60  0.000e+00
     15.900   64.99140 -169.13850     2.7598    32.6595    1458.60  0.000e+00
     15.954   64.99140 -169.13850     2.7598    32.6591    1458.60  0.000e+00
     15.900   64.99140 -169.13850     2.7598    32.6591    1458.60  0.000e+00
     15.923   64.99140 -169.13850     2.7598    32.6590    1458.60  0.000e+00
     15.954   64.99140 -169.13850     2.7595    32.6592    1458.59  0.000e+00
     15.954   64.99140 -169.13850     2.7595    32.6588    1458.59  0.000e+00
     15.954   64.99140 -169.13850     2.7592    32.6593    1458.59  0.000e+00
     15.985   64.99140 -169.13850     2.7593    32.6592    1458.59  0.000e+00
     16.016   64.99140 -169.13850     2.7590    32.6597    1458.59  0.000e+00
