EcoFOCI/data/1_SampleCollection/2023_SikuliaqDBO_CruiseData/CTD_raw_BottleFile_SKQ23-12S/proc/skq202312s_011svpavg.cnv
* Sea-Bird SBE 9 Data File:
* FileName = D:\CTD\SKQ202312S\SKQ202312S_011.hex
* Software Version Seasave V 7.26.7.121
* Temperature SN = 6177
* Conductivity SN = 0369
* Number of Bytes Per Scan = 41
* Number of Voltage Words = 4
* Number of Scans Averaged by the Deck Unit = 1
* NMEA Latitude = 63 36.26 N
* NMEA Longitude = 172 35.70 W
* NMEA UTC (Time) = Sep 16 2023  18:45:33
* NMEA baud rate = 4800
** Ship: R/V Sikuliaq
** Station Number: 011
** Station Name: DBO1.10
** Bottom Depth: 53
** Operator: SD
# nquan = 7
# nvalues = 48                          
# units = specified
# name 0 = depSM: Depth [salt water, m]
# name 1 = latitude: Latitude [deg]
# name 2 = longitude: Longitude [deg]
# name 3 = t090C: Temperature [ITS-90, deg C]
# name 4 = sal00: Salinity, Practical [PSU]
# name 5 = svCM: Sound Velocity [Chen-Millero, m/s]
# name 6 = flag: flag
# span 0 =      2.000,     49.000       
# span 1 =   63.60452,   63.60480       
# span 2 = -172.59616, -172.59548       
# span 3 =    -0.0954,     7.7179       
# span 4 =    31.6552,    32.4795       
# span 5 =    1445.97,    1477.58       
# span 6 = 0.0000e+00, 0.0000e+00       
# interval = meters: 1                  
# start_time = Sep 16 2023 18:47:53 [NMEA time, first data scan]
# bad_flag = -9.990e-29
*END*
      2.000   63.60452 -172.59548     7.7083    31.6576    1477.25 0.0000e+00
      3.000   63.60457 -172.59553     7.7068    31.6567    1477.26 0.0000e+00
      4.000   63.60459 -172.59556     7.7068    31.6566    1477.28 0.0000e+00
      5.000   63.60460 -172.59557     7.7058    31.6562    1477.29 0.0000e+00
      6.000   63.60461 -172.59560     7.7065    31.6560    1477.31 0.0000e+00
      7.000   63.60462 -172.59561     7.7063    31.6552    1477.32 0.0000e+00
      8.000   63.60464 -172.59562     7.7069    31.6558    1477.34 0.0000e+00
      9.000   63.60465 -172.59564     7.7082    31.6565    1477.37 0.0000e+00
     10.000   63.60466 -172.59566     7.7088    31.6574    1477.39 0.0000e+00
     11.000   63.60468 -172.59567     7.7101    31.6623    1477.41 0.0000e+00
     12.000   63.60469 -172.59569     7.7154    31.6774    1477.47 0.0000e+00
     13.000   63.60470 -172.59570     7.7172    31.7013    1477.52 0.0000e+00
     14.000   63.60470 -172.59570     7.7179    31.7136    1477.56 0.0000e+00
     15.000   63.60471 -172.59572     7.7152    31.7301    1477.58 0.0000e+00
     16.000   63.60472 -172.59572     7.6965    31.7570    1477.56 0.0000e+00
     17.000   63.60472 -172.59572     7.6934    31.7638    1477.57 0.0000e+00
     18.000   63.60472 -172.59572     7.6865    31.7704    1477.57 0.0000e+00
     19.000   63.60472 -172.59574     7.6807    31.7738    1477.57 0.0000e+00
     20.000   63.60473 -172.59574     7.6669    31.7766    1477.54 0.0000e+00
     21.000   63.60474 -172.59574     7.6351    31.7812    1477.44 0.0000e+00
     22.000   63.60474 -172.59574     7.5806    31.7845    1477.25 0.0000e+00
     23.000   63.60474 -172.59575     7.5160    31.7883    1477.02 0.0000e+00
     24.000   63.60474 -172.59576     7.4241    31.7958    1476.69 0.0000e+00
     25.000   63.60474 -172.59576     7.3509    31.8045    1476.44 0.0000e+00
     26.000   63.60476 -172.59577     7.2458    31.8412    1476.09 0.0000e+00
     27.000   63.60476 -172.59578     7.2218    31.8996    1476.09 0.0000e+00
     28.000   63.60476 -172.59578     7.4005    31.9896    1476.91 0.0000e+00
     29.000   63.60476 -172.59578     7.3181    32.0373    1476.67 0.0000e+00
     30.000   63.60476 -172.59580     6.3984    32.0272    1473.07 0.0000e+00
     31.000   63.60476 -172.59580     6.0362    32.0530    1471.68 0.0000e+00
     32.000   63.60476 -172.59580     5.5763    32.1395    1469.96 0.0000e+00
     33.000   63.60476 -172.59582     5.8954    32.2984    1471.46 0.0000e+00
     34.000   63.60477 -172.59582     6.0688    32.3572    1472.24 0.0000e+00
     35.000   63.60478 -172.59582     5.5829    32.3474    1470.29 0.0000e+00
     36.000   63.60478 -172.59584     5.0273    32.3415    1468.05 0.0000e+00
     37.000   63.60478 -172.59584     4.8545    32.3391    1467.36 0.0000e+00
     38.000   63.60478 -172.59584     4.7367    32.3445    1466.89 0.0000e+00
     39.000   63.60478 -172.59585     4.2903    32.3452    1465.06 0.0000e+00
     40.000   63.60478 -172.59586     3.7357    32.3203    1462.71 0.0000e+00
     41.000   63.60478 -172.59586     2.4541    32.3127    1457.22 0.0000e+00
     42.000   63.60478 -172.59587     1.9898    32.3017    1455.19 0.0000e+00
     43.000   63.60479 -172.59594     0.7831    32.3671    1449.90 0.0000e+00
     44.000   63.60480 -172.59602     0.2189    32.3957    1447.38 0.0000e+00
     45.000   63.60480 -172.59606    -0.0165    32.3935    1446.31 0.0000e+00
     46.000   63.60480 -172.59606    -0.0954    32.3977    1445.97 0.0000e+00
     47.000   63.60480 -172.59613    -0.0689    32.3923    1446.10 0.0000e+00
     48.000   63.60480 -172.59616     0.1706    32.4441    1447.29 0.0000e+00
     49.000   63.60480 -172.59616     0.4135    32.4795    1448.48 0.0000e+00
