EcoFOCI/data/1_SampleCollection/2023_SikuliaqDBO_CruiseData/CTD_raw_BottleFile_SKQ23-12S/proc/skq202312s_043svp.cnv
* Sea-Bird SBE 9 Data File:
* FileName = D:\CTD\SKQ202312S\SKQ202312S_043.hex
* Software Version Seasave V 7.26.7.121
* Temperature SN = 6177
* Conductivity SN = 0369
* Number of Bytes Per Scan = 41
* Number of Voltage Words = 4
* Number of Scans Averaged by the Deck Unit = 1
* NMEA Latitude = 71 31.26 N
* NMEA Longitude = 161 13.81 W
* NMEA UTC (Time) = Sep 24 2023  07:15:57
* NMEA baud rate = 4800
** Ship: R/V Sikuliaq
** Station Number: 043
** Station Name: DBO4.3na
** Bottom Depth: 47
** Operator: SS
# nquan = 7
# nvalues = 4100                                  
# units = specified
# name 0 = depSM: Depth [salt water, m]
# name 1 = latitude: Latitude [deg]
# name 2 = longitude: Longitude [deg]
# name 3 = t090C: Temperature [ITS-90, deg C]
# name 4 = sal00: Salinity, Practical [PSU]
# name 5 = svCM: Sound Velocity [Chen-Millero, m/s]
# name 6 = flag:  0.000e+00
# span 0 =      2.576,     41.910                 
# span 1 =   71.52086,   71.52090                 
# span 2 = -161.23048, -161.23030                 
# span 3 =    -1.6141,     2.1079                 
# span 4 =    27.1651,    32.5902                 
# span 5 =    1438.83,    1448.46                 
# span 6 = 0.0000e+00, 0.0000e+00                 
# interval = seconds: 0.0416667
# start_time = Sep 24 2023 07:19:11 [NMEA time, first data scan]
# bad_flag = -9.990e-29
*END*
[from data line 2462]
     26.056   71.52088 -161.23036    -1.5650    32.5583    1438.93  0.000e+00
     26.157   71.52088 -161.23036    -1.5653    32.5585    1438.93  0.000e+00
     26.172   71.52088 -161.23036    -1.5656    32.5586    1438.93  0.000e+00
     26.157   71.52088 -161.23036    -1.5660    32.5589    1438.93  0.000e+00
     26.172   71.52088 -161.23036    -1.5661    32.5591    1438.93  0.000e+00
     26.211   71.52088 -161.23036    -1.5664    32.5590    1438.93  0.000e+00
     26.211   71.52088 -161.23036    -1.5666    32.5596    1438.93  0.000e+00
     26.288   71.52088 -161.23036    -1.5667    32.5599    1438.93  0.000e+00
     26.265   71.52088 -161.23036    -1.5666    32.5593    1438.93  0.000e+00
     26.226   71.52088 -161.23036    -1.5670    32.5597    1438.92  0.000e+00
     26.380   71.52088 -161.23036    -1.5672    32.5602    1438.93  0.000e+00
     26.288   71.52088 -161.23036    -1.5673    32.5601    1438.92  0.000e+00
     26.326   71.52088 -161.23036    -1.5675    32.5599    1438.92  0.000e+00
     26.342   71.52088 -161.23036    -1.5676    32.5600    1438.92  0.000e+00
     26.380   71.52088 -161.23036    -1.5678    32.5605    1438.92  0.000e+00
     26.380   71.52088 -161.23036    -1.5676    32.5603    1438.92  0.000e+00
     26.457   71.52088 -161.23036    -1.5676    32.5602    1438.93  0.000e+00
     26.442   71.52088 -161.23036    -1.5681    32.5608    1438.92  0.000e+00
     26.403   71.52088 -161.23036    -1.5681    32.5601    1438.92  0.000e+00
     26.496   71.52088 -161.23036    -1.5684    32.5608    1438.92  0.000e+00
     26.457   71.52088 -161.23036    -1.5687    32.5612    1438.92  0.000e+00
     26.496   71.52088 -161.23036    -1.5684    32.5610    1438.92  0.000e+00
     26.519   71.52088 -161.23036    -1.5685    32.5609    1438.92  0.000e+00
     26.558   71.52088 -161.23036    -1.5687    32.5612    1438.92  0.000e+00
     26.573   71.52088 -161.23036    -1.5687    32.5617    1438.92  0.000e+00
     26.558   71.52088 -161.23036    -1.5690    32.5616    1438.92  0.000e+00
     26.612   71.52088 -161.23036    -1.5693    32.5621    1438.92  0.000e+00
     26.627   71.52088 -161.23036    -1.5693    32.5618    1438.92  0.000e+00
     26.666   71.52088 -161.23036    -1.5696    32.5619    1438.92  0.000e+00
     26.627   71.52088 -161.23036    -1.5697    32.5621    1438.92  0.000e+00
     26.666   71.52088 -161.23036    -1.5701    32.5623    1438.92  0.000e+00
     26.689   71.52088 -161.23036    -1.5703    32.5619    1438.92  0.000e+00
     26.727   71.52088 -161.23036    -1.5705    32.5623    1438.92  0.000e+00
     26.743   71.52088 -161.23036    -1.5702    32.5622    1438.92  0.000e+00
     26.727   71.52088 -161.23036    -1.5708    32.5625    1438.92  0.000e+00
     26.781   71.52088 -161.23036    -1.5715    32.5631    1438.92  0.000e+00
     26.805   71.52088 -161.23036    -1.5713    32.5625    1438.92  0.000e+00
     26.843   71.52088 -161.23036    -1.5717    32.5629    1438.92  0.000e+00
     26.805   71.52088 -161.23036    -1.5719    32.5632    1438.92  0.000e+00
     26.843   71.52088 -161.23036    -1.5722    32.5634    1438.91  0.000e+00
     26.859   71.52088 -161.23036    -1.5722    32.5633    1438.91  0.000e+00
     26.897   71.52088 -161.23036    -1.5725    32.5636    1438.91  0.000e+00
     26.920   71.52088 -161.23036    -1.5725    32.5633    1438.91  0.000e+00
     26.959   71.52088 -161.23036    -1.5727    32.5636    1438.91  0.000e+00
     26.920   71.52088 -161.23036    -1.5727    32.5635    1438.91  0.000e+00
     27.013   71.52088 -161.23036    -1.5727    32.5631    1438.91  0.000e+00
     26.974   71.52088 -161.23036    -1.5727    32.5636    1438.91  0.000e+00
     27.013   71.52088 -161.23036    -1.5731    32.5637    1438.91  0.000e+00
     27.013   71.52088 -161.23036    -1.5732    32.5643    1438.91  0.000e+00
     27.028   71.52088 -161.23036    -1.5731    32.5638    1438.91  0.000e+00
     27.128   71.52088 -161.23036    -1.5732    32.5639    1438.91  0.000e+00
     27.090   71.52088 -161.23036    -1.5731    32.5639    1438.91  0.000e+00
     27.067   71.52088 -161.23036    -1.5732    32.5646    1438.91  0.000e+00
     27.144   71.52088 -161.23036    -1.5730    32.5649    1438.92  0.000e+00
     27.128   71.52088 -161.23036    -1.5728    32.5656    1438.92  0.000e+00
     27.144   71.52088 -161.23036    -1.5724    32.5655    1438.92  0.000e+00
     27.244   71.52088 -161.23036    -1.5722    32.5657    1438.92  0.000e+00
     27.206   71.52088 -161.23036    -1.5719    32.5656    1438.92  0.000e+00
     27.244   71.52088 -161.23036    -1.5719    32.5658    1438.93  0.000e+00
     27.260   71.52088 -161.23036    -1.5717    32.5653    1438.93  0.000e+00
     27.244   71.52088 -161.23036    -1.5719    32.5653    1438.93  0.000e+00
     27.298   71.52088 -161.23036    -1.5720    32.5658    1438.93  0.000e+00
     27.314   71.52088 -161.23036    -1.5724    32.5657    1438.92  0.000e+00
     27.360   71.52088 -161.23036    -1.5727    32.5653    1438.92  0.000e+00
     27.375   71.52088 -161.23036    -1.5728    32.5653    1438.92  0.000e+00
     27.360   71.52088 -161.23036    -1.5736    32.5656    1438.92  0.000e+00
     27.429   71.52088 -161.23036    -1.5741    32.5660    1438.92  0.000e+00
     27.414   71.52088 -161.23036    -1.5742    32.5655    1438.92  0.000e+00
     27.429   71.52088 -161.23036    -1.5746    32.5654    1438.92  0.000e+00
     27.468   71.52088 -161.23036    -1.5751    32.5653    1438.91  0.000e+00
     27.491   71.52088 -161.23036    -1.5756    32.5652    1438.91  0.000e+00
     27.530   71.52088 -161.23036    -1.5765    32.5650    1438.91  0.000e+00
     27.491   71.52088 -161.23036    -1.5774    32.5657    1438.90  0.000e+00
     27.584   71.52088 -161.23036    -1.5782    32.5660    1438.90  0.000e+00
     27.545   71.52088 -161.23036    -1.5788    32.5661    1438.90  0.000e+00
     27.584   71.52088 -161.23036    -1.5794    32.5661    1438.90  0.000e+00
     27.645   71.52088 -161.23036    -1.5798    32.5662    1438.90  0.000e+00
     27.661   71.52088 -161.23036    -1.5802    32.5661    1438.89  0.000e+00
     27.645   71.52088 -161.23036    -1.5803    32.5657    1438.89  0.000e+00
     27.661   71.52088 -161.23036    -1.5809    32.5660    1438.89  0.000e+00
     27.761   71.52088 -161.23036    -1.5814    32.5666    1438.89  0.000e+00
     27.715   71.52088 -161.23036    -1.5820    32.5669    1438.89  0.000e+00
     27.699   71.52088 -161.23036    -1.5823    32.5669    1438.88  0.000e+00
     27.776   71.52088 -161.23036    -1.5828    32.5669    1438.88  0.000e+00
     27.815   71.52088 -161.23036    -1.5835    32.5676    1438.88  0.000e+00
     27.776   71.52088 -161.23036    -1.5835    32.5673    1438.88  0.000e+00
     27.869   71.52088 -161.23036    -1.5839    32.5671    1438.88  0.000e+00
     27.830   71.52088 -161.23036    -1.5844    32.5679    1438.88  0.000e+00
     27.931   71.52088 -161.23036    -1.5847    32.5680    1438.88  0.000e+00
     27.892   71.52088 -161.23036    -1.5846    32.5674    1438.88  0.000e+00
     27.869   71.52088 -161.23036    -1.5851    32.5678    1438.88  0.000e+00
     27.946   71.52088 -161.23036    -1.5855    32.5677    1438.87  0.000e+00
     27.985   71.52088 -161.23036    -1.5855    32.5680    1438.88  0.000e+00
     28.008   71.52088 -161.23036    -1.5859    32.5684    1438.87  0.000e+00
     28.046   71.52088 -161.23036    -1.5861    32.5683    1438.87  0.000e+00
     28.008   71.52088 -161.23036    -1.5864    32.5681    1438.87  0.000e+00
     28.046   71.52088 -161.23036    -1.5866    32.5688    1438.87  0.000e+00
     28.046   71.52088 -161.23036    -1.5867    32.5685    1438.87  0.000e+00
     28.116   71.52088 -161.23036    -1.5869    32.5685    1438.87  0.000e+00
     28.100   71.52088 -161.23036    -1.5869    32.5682    1438.87  0.000e+00
     28.116   71.52088 -161.23036    -1.5870    32.5685    1438.87  0.000e+00
     28.216   71.52088 -161.23036    -1.5870    32.5683    1438.87  0.000e+00
     28.177   71.52088 -161.23036    -1.5872    32.5687    1438.87  0.000e+00
     28.162   71.52088 -161.23036    -1.5872    32.5685    1438.87  0.000e+00
     28.231   71.52088 -161.23036    -1.5873    32.5688    1438.87  0.000e+00
     28.270   71.52088 -161.23036    -1.5877    32.5692    1438.87  0.000e+00
     28.231   71.52088 -161.23036    -1.5877    32.5692    1438.87  0.000e+00
     28.332   71.52088 -161.23036    -1.5877    32.5687    1438.87  0.000e+00
     28.293   71.52088 -161.23036    -1.5877    32.5686    1438.87  0.000e+00
     28.332   71.52088 -161.23036    -1.5875    32.5683    1438.87  0.000e+00
     28.347   71.52088 -161.23036    -1.5880    32.5693    1438.87  0.000e+00
     28.386   71.52088 -161.23036    -1.5880    32.5694    1438.87  0.000e+00
     28.409   71.52088 -161.23036    -1.5878    32.5690    1438.87  0.000e+00
     28.386   71.52088 -161.23036    -1.5880    32.5691    1438.87  0.000e+00
     28.463   71.52088 -161.23036    -1.5881    32.5690    1438.87  0.000e+00
     28.447   71.52088 -161.23036    -1.5882    32.5693    1438.87  0.000e+00
     28.463   71.52088 -161.23036    -1.5880    32.5695    1438.87  0.000e+00
     28.501   71.52088 -161.23036    -1.5882    32.5693    1438.87  0.000e+00
     28.517   71.52088 -161.23036    -1.5884    32.5695    1438.87  0.000e+00
     28.563   71.52088 -161.23036    -1.5882    32.5693    1438.87  0.000e+00
     28.517   71.52088 -161.23036    -1.5885    32.5695    1438.87  0.000e+00
     28.617   71.52088 -161.23038    -1.5884    32.5692    1438.87  0.000e+00
     28.632   71.52088 -161.23038    -1.5887    32.5695    1438.87  0.000e+00
     28.617   71.52088 -161.23038    -1.5889    32.5693    1438.87  0.000e+00
     28.632   71.52088 -161.23038    -1.5890    32.5695    1438.87  0.000e+00
     28.671   71.52088 -161.23038    -1.5893    32.5690    1438.87  0.000e+00
     28.694   71.52088 -161.23038    -1.5893    32.5690    1438.87  0.000e+00
     28.733   71.52088 -161.23038    -1.5896    32.5693    1438.87  0.000e+00
     28.694   71.52088 -161.23038    -1.5898    32.5693    1438.87  0.000e+00
     28.787   71.52088 -161.23038    -1.5899    32.5693    1438.87  0.000e+00
     28.748   71.52088 -161.23038    -1.5904    32.5698    1438.87  0.000e+00
     28.787   71.52088 -161.23038    -1.5904    32.5694    1438.87  0.000e+00
     28.810   71.52088 -161.23038    -1.5906    32.5694    1438.87  0.000e+00
     28.848   71.52088 -161.23038    -1.5910    32.5697    1438.87  0.000e+00
     28.864   71.52088 -161.23038    -1.5910    32.5691    1438.87  0.000e+00
     28.848   71.52088 -161.23038    -1.5915    32.5693    1438.86  0.000e+00
     28.864   71.52088 -161.23038    -1.5918    32.5691    1438.86  0.000e+00
     28.902   71.52088 -161.23038    -1.5922    32.5692    1438.86  0.000e+00
     28.918   71.52088 -161.23038    -1.5925    32.5695    1438.86  0.000e+00
     28.964   71.52088 -161.23038    -1.5927    32.5692    1438.86  0.000e+00
     28.918   71.52088 -161.23038    -1.5934    32.5696    1438.85  0.000e+00
     29.018   71.52088 -161.23038    -1.5934    32.5691    1438.86  0.000e+00
     28.980   71.52088 -161.23038    -1.5940    32.5696    1438.85  0.000e+00
     29.018   71.52088 -161.23038    -1.5944    32.5697    1438.85  0.000e+00
     29.034   71.52088 -161.23038    -1.5945    32.5694    1438.85  0.000e+00
     29.018   71.52088 -161.23038    -1.5951    32.5699    1438.85  0.000e+00
     29.095   71.52088 -161.23038    -1.5953    32.5696    1438.85  0.000e+00
     29.072   71.52088 -161.23038    -1.5956    32.5698    1438.85  0.000e+00
     29.149   71.52088 -161.23038    -1.5960    32.5696    1438.85  0.000e+00
     29.134   71.52088 -161.23038    -1.5962    32.5698    1438.85  0.000e+00
     29.149   71.52088 -161.23038    -1.5965    32.5696    1438.84  0.000e+00
     29.134   71.52088 -161.23038    -1.5967    32.5693    1438.84  0.000e+00
     29.203   71.52088 -161.23038    -1.5972    32.5696    1438.84  0.000e+00
     29.188   71.52088 -161.23038    -1.5974    32.5695    1438.84  0.000e+00
     29.203   71.52088 -161.23038    -1.5982    32.5704    1438.84  0.000e+00
     29.249   71.52088 -161.23038    -1.5983    32.5703    1438.84  0.000e+00
     29.265   71.52088 -161.23038    -1.5986    32.5702    1438.84  0.000e+00
     29.249   71.52088 -161.23038    -1.5990    32.5701    1438.83  0.000e+00
     29.265   71.52088 -161.23038    -1.5993    32.5705    1438.83  0.000e+00
     29.365   71.52088 -161.23038    -1.5996    32.5702    1438.83  0.000e+00
     29.265   71.52088 -161.23038    -1.5997    32.5702    1438.83  0.000e+00
     29.419   71.52088 -161.23038    -1.6000    32.5702    1438.83  0.000e+00
     29.381   71.52088 -161.23038    -1.6000    32.5701    1438.83  0.000e+00
     29.365   71.52088 -161.23038    -1.6006    32.5708    1438.83  0.000e+00
     29.381   71.52088 -161.23038    -1.6008    32.5705    1438.83  0.000e+00
     29.481   71.52088 -161.23038    -1.6009    32.5703    1438.83  0.000e+00
     29.381   71.52088 -161.23038    -1.6009    32.5705    1438.83  0.000e+00
     29.535   71.52088 -161.23038    -1.6012    32.5710    1438.83  0.000e+00
     29.435   71.52088 -161.23038    -1.6011    32.5706    1438.83  0.000e+00
     29.535   71.52088 -161.23038    -1.6011    32.5710    1438.83  0.000e+00
     29.496   71.52088 -161.23038    -1.6014    32.5712    1438.83  0.000e+00
     29.535   71.52088 -161.23038    -1.6014    32.5712    1438.83  0.000e+00
     29.604   71.52088 -161.23038    -1.6012    32.5708    1438.83  0.000e+00
     29.535   71.52088 -161.23038    -1.6014    32.5714    1438.83  0.000e+00
     29.604   71.52088 -161.23038    -1.6014    32.5715    1438.83  0.000e+00
     29.651   71.52088 -161.23038    -1.6014    32.5711    1438.83  0.000e+00
     29.604   71.52088 -161.23038    -1.6012    32.5716    1438.83  0.000e+00
     29.651   71.52088 -161.23038    -1.6010    32.5718    1438.83  0.000e+00
     29.666   71.52088 -161.23038    -1.6011    32.5720    1438.83  0.000e+00
     29.766   71.52088 -161.23038    -1.6008    32.5716    1438.84  0.000e+00
     29.666   71.52088 -161.23038    -1.6008    32.5721    1438.84  0.000e+00
     29.766   71.52088 -161.23038    -1.6005    32.5723    1438.84  0.000e+00
     29.782   71.52088 -161.23038    -1.6003    32.5720    1438.84  0.000e+00
     29.720   71.52088 -161.23038    -1.6002    32.5723    1438.84  0.000e+00
     29.820   71.52088 -161.23038    -1.5998    32.5724    1438.84  0.000e+00
     29.836   71.52088 -161.23038    -1.5996    32.5722    1438.84  0.000e+00
     29.820   71.52088 -161.23038    -1.5994    32.5723    1438.84  0.000e+00
     29.897   71.52088 -161.23038    -1.5994    32.5723    1438.85  0.000e+00
     29.882   71.52088 -161.23038    -1.5990    32.5721    1438.85  0.000e+00
     29.897   71.52088 -161.23038    -1.5990    32.5722    1438.85  0.000e+00
     29.936   71.52088 -161.23038    -1.5988    32.5722    1438.85  0.000e+00
     29.951   71.52088 -161.23038    -1.5986    32.5718    1438.85  0.000e+00
     29.990   71.52088 -161.23038    -1.5985    32.5724    1438.85  0.000e+00
     29.951   71.52088 -161.23038    -1.5982    32.5724    1438.85  0.000e+00
     29.990   71.52088 -161.23038    -1.5983    32.5723    1438.85  0.000e+00
     30.067   71.52088 -161.23038    -1.5982    32.5723    1438.85  0.000e+00
     29.990   71.52088 -161.23038    -1.5981    32.5725    1438.85  0.000e+00
     30.067   71.52088 -161.23038    -1.5981    32.5725    1438.86  0.000e+00
     30.106   71.52088 -161.23038    -1.5981    32.5727    1438.86  0.000e+00
     30.121   71.52088 -161.23038    -1.5979    32.5726    1438.86  0.000e+00
     30.106   71.52088 -161.23038    -1.5979    32.5726    1438.86  0.000e+00
     30.183   71.52088 -161.23038    -1.5977    32.5723    1438.86  0.000e+00
     30.167   71.52088 -161.23038    -1.5974    32.5722    1438.86  0.000e+00
     30.183   71.52088 -161.23038    -1.5974    32.5723    1438.86  0.000e+00
