EcoFOCI/data/1_SampleCollection/2023_SikuliaqDBO_CruiseData/CTD_raw_BottleFile_SKQ23-12S/proc/skq202312s_045.cnv
* Sea-Bird SBE 9 Data File:
* FileName = D:\CTD\SKQ202312S\SKQ202312S_045.hex
* Software Version Seasave V 7.26.7.121
* Temperature SN = 6177
* Conductivity SN = 0369
* Number of Bytes Per Scan = 41
* Number of Voltage Words = 4
* Number of Scans Averaged by the Deck Unit = 1
* NMEA Latitude = 71 39.21 N
* NMEA Longitude = 161 35.21 W
* NMEA UTC (Time) = Sep 24 2023  11:43:57
* NMEA baud rate = 4800
** Ship: R/V Sikuliaq
** Station Number: 045
** Station Name: DBO4.4na
** Bottom Depth: 47
** Operator: Bern
# nquan = 24
# nvalues = 6596                                  
# units = specified
# name 0 = depSM: Depth [salt water, m]
# name 1 = latitude: Latitude [deg]
# name 2 = longitude: Longitude [deg]
# name 3 = prDM: Pressure, Digiquartz [db]
# name 4 = t090C: Temperature [ITS-90, deg C]
# name 5 = t190C: Temperature, 2 [ITS-90, deg C]
# name 6 = potemp090C: Potential Temperature [ITS-90, deg C]
# name 7 = sal00: Salinity, Practical [PSU]
# name 8 = sal11: Salinity, Practical, 2 [PSU]
# name 9 = density00: Density [density, kg/m^3]
# name 10 = sigma-é00: Density [sigma-theta, kg/m^3]
# name 11 = sbox0Mm/Kg: Oxygen, SBE 43 [umol/kg]
# name 12 = sbox1Mm/Kg: Oxygen, SBE 43, 2 [umol/kg]
# name 13 = oxsolMm/Kg: Oxygen Saturation, Garcia & Gordon [umol/kg]
# name 14 = sbeox0PS: Oxygen, SBE 43 [% saturation]
# name 15 = sbeox1PS: Oxygen, SBE 43, 2 [% saturation]
# name 16 = v0: Voltage 0
# name 17 = flECO-AFL: Fluorescence, WET Labs ECO-AFL/FL [mg/m^3]
# name 18 = v1: Voltage 1
# name 19 = CStarAt0: Beam Attenuation, WET Labs C-Star [1/m]
# name 20 = par: PAR/Irradiance, Biospherical/Licor
# name 21 = scan: Scan Count
# name 22 = timeM: Time, Elapsed [minutes]
# name 23 = flag:  0.000e+00
# span 0 =      2.756,     39.988                 
# span 1 =   71.65350,   71.65352                 
# span 2 = -161.58680, -161.58674                 
# span 3 =      2.785,     40.404                 
# span 4 =    -1.4991,     2.4107                 
# span 5 =    -1.4974,     2.4157                 
# span 6 =    -1.4996,     2.4101                 
# span 7 =    27.3134,    32.5744                 
# span 8 =    27.3232,    32.5861                 
# span 9 =  1021.8444,  1026.3910                 
# span 10 =    21.8291,    26.1973                
# span 11 =    265.168,    427.121                
# span 12 =    234.267,    408.123                
# span 13 =  342.65776,  369.07065                
# span 14 =     72.206,    120.768                
# span 15 =     63.796,    114.424                
# span 16 =     0.0879,     0.7668                
# span 17 =     0.1795,     4.2527                
# span 18 =     2.2723,     4.1966                
# span 19 =     0.4637,     2.9186                
# span 20 = 1.0000e-12, 1.3459e+00                
# span 21 =          1,       6596                
# span 22 =     0.0000,     4.5799                
# span 23 = 0.0000e+00, 0.0000e+00                
# interval = seconds: 0.0416667
# start_time = Sep 24 2023 11:47:11 [NMEA time, first data scan]
# bad_flag = -9.990e-29
*END*
[from data line 2536]
     21.823   71.65352 -161.58676     22.050    -1.4193    -1.4228    -1.4197    32.5036    32.5272  1026.2489    26.1424    379.225    368.367  368.41357    102.935     99.996     0.2674     1.2564     3.7497     0.9142 1.0000e-12       2537     1.7611  0.000e+00
     21.800   71.65352 -161.58676     22.026    -1.4216    -1.4248    -1.4220    32.5051    32.5281  1026.2500    26.1437    378.326    367.650  368.43205    102.685     99.797     0.2735     1.2930     3.7497     0.9142 1.0000e-12       2538     1.7618  0.000e+00
     21.916   71.65352 -161.58676     22.143    -1.4230    -1.4272    -1.4234    32.5051    32.5293  1026.2506    26.1438    377.436    366.946  368.44569    102.440     99.601     0.2845     1.3590     3.7509     0.9129 1.0000e-12       2539     1.7625  0.000e+00
     21.823   71.65352 -161.58676     22.050    -1.4247    -1.4278    -1.4251    32.5055    32.5302  1026.2505    26.1441    376.498    366.222  368.46128    102.181     99.403     0.2882     1.3809     3.7497     0.9142 1.0000e-12       2540     1.7632  0.000e+00
     21.916   71.65352 -161.58676     22.143    -1.4267    -1.4292    -1.4271    32.5069    32.5304  1026.2521    26.1453    375.321    365.522  368.47715    101.857     99.210     0.2857     1.3663     3.9206     0.7359 1.0000e-12       2541     1.7639  0.000e+00
     21.916   71.65352 -161.58676     22.143    -1.4287    -1.4313    -1.4292    32.5085    32.5315  1026.2535    26.1466    374.363    364.603  368.49300    101.593     98.955     0.2869     1.3736     4.0659     0.5902 1.0000e-12       2542     1.7646  0.000e+00
     21.931   71.65352 -161.58676     22.159    -1.4308    -1.4332    -1.4312    32.5087    32.5318  1026.2538    26.1469    373.425    363.890  368.51288    101.333     98.757     0.2882     1.3809     4.0916     0.5651 1.0000e-12       2543     1.7653  0.000e+00
     21.915   71.65352 -161.58676     22.143    -1.4333    -1.4346    -1.4337    32.5111    32.5330  1026.2558    26.1489    372.245    362.920  368.53042    101.008     98.491     0.2869     1.3736     4.0818     0.5747 1.0000e-12       2544     1.7660  0.000e+00
     21.969   71.65352 -161.58676     22.197    -1.4347    -1.4371    -1.4351    32.5124    32.5346  1026.2571    26.1499    370.982    362.205  368.54046    100.663     98.292     0.2869     1.3736     4.0745     0.5818 1.0000e-12       2545     1.7667  0.000e+00
     21.931   71.65352 -161.58676     22.158    -1.4354    -1.4387    -1.4358    32.5121    32.5355  1026.2567    26.1497    369.997    361.495  368.54881    100.393     98.096     0.2857     1.3663     4.0745     0.5818 1.0000e-12       2546     1.7674  0.000e+00
     22.023   71.65352 -161.58676     22.252    -1.4371    -1.4391    -1.4375    32.5131    32.5354  1026.2580    26.1506    369.052    360.571  368.56237    100.133     97.844     0.2869     1.3736     4.0757     0.5806 1.0000e-12       2547     1.7681  0.000e+00
     22.023   71.65352 -161.58676     22.252    -1.4380    -1.4400    -1.4384    32.5135    32.5359  1026.2583    26.1509    367.870    359.633  368.57033     99.810     97.587     0.2857     1.3663     4.0757     0.5806 1.0000e-12       2548     1.7688  0.000e+00
     22.046   71.65352 -161.58676     22.275    -1.4394    -1.4417    -1.4398    32.5149    32.5370  1026.2596    26.1521    366.882    358.922  368.58007     99.539     97.390     0.2869     1.3736     4.0757     0.5806 1.0000e-12       2549     1.7694  0.000e+00
     22.023   71.65352 -161.58676     22.252    -1.4408    -1.4428    -1.4412    32.5152    32.5372  1026.2598    26.1524    365.724    357.740  368.59272     99.222     97.067     0.2869     1.3736     4.0757     0.5806 1.0000e-12       2550     1.7701  0.000e+00
     22.023   71.65352 -161.58676     22.252    -1.4425    -1.4440    -1.4429    32.5169    32.5377  1026.2612    26.1538    364.765    356.977  368.60512     98.958     96.857     0.2857     1.3663     4.0757     0.5806 1.0000e-12       2551     1.7708  0.000e+00
     22.046   71.65352 -161.58676     22.275    -1.4431    -1.4451    -1.4435    32.5174    32.5381  1026.2617    26.1542    363.788    356.209  368.60930     98.692     96.647     0.2869     1.3736     4.0757     0.5806 1.0000e-12       2552     1.7715  0.000e+00
     22.085   71.65352 -161.58676     22.314    -1.4437    -1.4459    -1.4441    32.5176    32.5381  1026.2621    26.1544    362.647    355.240  368.61489     98.381     96.382     0.2857     1.3663     4.0757     0.5806 1.0000e-12       2553     1.7722  0.000e+00
     22.139   71.65352 -161.58676     22.369    -1.4444    -1.4467    -1.4449    32.5173    32.5392  1026.2621    26.1541    361.508    354.268  368.62342     98.070     96.116     0.2869     1.3736     4.0757     0.5806 1.0000e-12       2554     1.7729  0.000e+00
     22.108   71.65352 -161.58676     22.338    -1.4457    -1.4484    -1.4461    32.5184    32.5403  1026.2630    26.1551    360.368    353.530  368.63253     97.758     95.913     0.2857     1.3663     4.0757     0.5806 1.0000e-12       2555     1.7736  0.000e+00
     22.085   71.65352 -161.58676     22.314    -1.4461    -1.4493    -1.4465    32.5186    32.5408  1026.2630    26.1553    359.178    352.559  368.63609     97.434     95.647     0.2869     1.3736     4.0757     0.5806 1.0000e-12       2556     1.7743  0.000e+00
     22.139   71.65352 -161.58676     22.369    -1.4467    -1.4504    -1.4472    32.5189    32.5413  1026.2635    26.1555    358.258    351.597  368.64158     97.183     95.384     0.2882     1.3809     4.0757     0.5806 1.0000e-12       2557     1.7750  0.000e+00
     22.216   71.65352 -161.58676     22.447    -1.4478    -1.4513    -1.4482    32.5190    32.5411  1026.2640    26.1557    357.094    350.643  368.65134     96.865     95.123     0.2869     1.3736     4.0757     0.5806 1.0000e-12       2558     1.7757  0.000e+00
     22.139   71.65352 -161.58676     22.369    -1.4486    -1.4524    -1.4490    32.5192    32.5416  1026.2638    26.1558    355.934    349.658  368.65889     96.548     94.853     0.2869     1.3736     4.0757     0.5806 1.0000e-12       2559     1.7764  0.000e+00
     22.162   71.65352 -161.58676     22.392    -1.4496    -1.4529    -1.4500    32.5199    32.5426  1026.2646    26.1565    355.000    348.648  368.66641     96.293     94.578     0.2845     1.3590     4.0757     0.5806 1.0000e-12       2560     1.7771  0.000e+00
     22.254   71.65352 -161.58676     22.485    -1.4503    -1.4537    -1.4507    32.5201    32.5428  1026.2652    26.1566    353.825    347.657  368.67326     95.973     94.308     0.2295     1.0293     4.1111     0.5460 1.0000e-12       2561     1.7778  0.000e+00
     22.200   71.65352 -161.58676     22.431    -1.4516    -1.4543    -1.4520    32.5206    32.5423  1026.2653    26.1570    352.410    346.642  368.68459     95.586     94.031     0.1954     0.8242     4.1612     0.4976 1.0000e-12       2562     1.7785  0.000e+00
     22.216   71.65352 -161.58676     22.446    -1.4524    -1.4552    -1.4529    32.5214    32.5426  1026.2661    26.1577    351.431    345.646  368.69082     95.319     93.758     0.1917     0.8022     4.1734     0.4859 1.0000e-12       2563     1.7792  0.000e+00
     22.254   71.65352 -161.58676     22.485    -1.4530    -1.4562    -1.4534    32.5218    32.5432  1026.2666    26.1580    350.474    344.637  368.69489     95.058     93.483     0.1954     0.8242     4.1722     0.4871 1.0000e-12       2564     1.7799  0.000e+00
     22.254   71.65352 -161.58676     22.485    -1.4540    -1.4571    -1.4544    32.5222    32.5439  1026.2670    26.1584    349.285    343.644  368.70376     94.733     93.212     0.1954     0.8242     4.1697     0.4894 1.0000e-12       2565     1.7806  0.000e+00
     22.277   71.65352 -161.58676     22.509    -1.4551    -1.4578    -1.4555    32.5225    32.5445  1026.2673    26.1587    348.175    342.641  368.71381     94.430     92.938     0.1966     0.8315     4.1697     0.4894 1.0000e-12       2566     1.7813  0.000e+00
     22.316   71.65352 -161.58676     22.548    -1.4563    -1.4578    -1.4567    32.5234    32.5446  1026.2683    26.1594    347.047    341.656  368.72317     94.121     92.671     0.1954     0.8242     4.1697     0.4894 1.0000e-12       2567     1.7819  0.000e+00
     22.316   71.65352 -161.58676     22.548    -1.4570    -1.4592    -1.4575    32.5239    32.5458  1026.2687    26.1599    346.413    340.673  368.72910     93.948     92.402     0.1954     0.8242     4.1697     0.4894 1.0000e-12       2568     1.7826  0.000e+00
     22.277   71.65352 -161.58676     22.509    -1.4578    -1.4608    -1.4582    32.5237    32.5465  1026.2683    26.1597    344.829    339.720  368.73734     93.516     92.140     0.1954     0.8242     4.1697     0.4894 1.0000e-12       2569     1.7833  0.000e+00
     22.370   71.65352 -161.58676     22.602    -1.4591    -1.4619    -1.4595    32.5246    32.5465  1026.2696    26.1604    343.964    338.767  368.74731     93.279     91.878     0.1954     0.8242     4.1697     0.4894 1.0000e-12       2570     1.7840  0.000e+00
     22.316   71.65352 -161.58676     22.548    -1.4598    -1.4631    -1.4602    32.5248    32.5472  1026.2695    26.1606    342.873    337.838  368.75414     92.981     91.624     0.1966     0.8315     4.1697     0.4894 1.0000e-12       2571     1.7847  0.000e+00
     22.393   71.65352 -161.58676     22.625    -1.4607    -1.4641    -1.4612    32.5249    32.5479  1026.2700    26.1607    341.779    336.880  368.76300     92.683     91.363     0.1954     0.8242     4.1697     0.4894 1.0000e-12       2572     1.7854  0.000e+00
     22.424   71.65352 -161.58676     22.657    -1.4618    -1.4645    -1.4622    32.5255    32.5487  1026.2707    26.1613    340.729    335.689  368.77131     92.396     91.039     0.1966     0.8315     4.1697     0.4894 1.0000e-12       2573     1.7861  0.000e+00
     22.370   71.65352 -161.58676     22.602    -1.4630    -1.4651    -1.4635    32.5269    32.5489  1026.2715    26.1624    339.416    334.697  368.78001     92.037     90.769     0.1954     0.8242     4.1697     0.4894 1.0000e-12       2574     1.7868  0.000e+00
     22.393   71.65352 -161.58676     22.625    -1.4637    -1.4656    -1.4641    32.5279    32.5488  1026.2725    26.1632    338.518    333.747  368.78397     91.793     90.510     0.1954     0.8242     4.1697     0.4894 1.0000e-12       2575     1.7875  0.000e+00
     22.424   71.65352 -161.58676     22.657    -1.4646    -1.4671    -1.4650    32.5275    32.5494  1026.2724    26.1630    337.469    332.551  368.79361     91.506     90.182     0.1954     0.8242     4.1697     0.4894 1.0000e-12       2576     1.7882  0.000e+00
     22.370   71.65352 -161.58676     22.602    -1.4651    -1.4674    -1.4655    32.5269    32.5495  1026.2716    26.1625    336.418    331.581  368.80065     91.219     89.918     0.1954     0.8242     4.1697     0.4894 1.0000e-12       2577     1.7889  0.000e+00
     22.509   71.65352 -161.58676     22.742    -1.4661    -1.4682    -1.4665    32.5280    32.5500  1026.2732    26.1634    335.379    330.633  368.80713     90.936     89.660     0.1941     0.8168     4.1697     0.4894 1.0000e-12       2578     1.7896  0.000e+00
     22.485   71.65352 -161.58676     22.719    -1.4663    -1.4694    -1.4667    32.5283    32.5500  1026.2733    26.1637    334.338    329.469  368.80788     90.654     89.341     0.1954     0.8242     4.1697     0.4894 1.0000e-12       2579     1.7903  0.000e+00
     22.509   71.65352 -161.58676     22.742    -1.4671    -1.4707    -1.4675    32.5281    32.5508  1026.2733    26.1635    333.574    328.519  368.81662     90.444     89.081     0.1966     0.8315     4.1697     0.4894 1.0000e-12       2580     1.7910  0.000e+00
     22.485   71.65352 -161.58676     22.719    -1.4679    -1.4713    -1.4683    32.5280    32.5513  1026.2732    26.1635    332.351    327.349  368.82529     90.111     88.763     0.1954     0.8242     4.1758     0.4835 1.0000e-12       2581     1.7917  0.000e+00
     22.485   71.65352 -161.58676     22.719    -1.4688    -1.4716    -1.4692    32.5292    32.5522  1026.2741    26.1644    331.451    326.393  368.83050     89.866     88.503     0.1966     0.8315     4.1917     0.4684 1.0000e-12       2582     1.7924  0.000e+00
     22.562   71.65352 -161.58676     22.797    -1.4699    -1.4723    -1.4704    32.5299    32.5515  1026.2751    26.1651    330.476    325.469  368.83979     89.599     88.251     0.1954     0.8242     4.1966     0.4637 1.0000e-12       2583     1.7931  0.000e+00
     22.539   71.65352 -161.58676     22.773    -1.4709    -1.4728    -1.4713    32.5310    32.5513  1026.2759    26.1659    329.513    324.332  368.84649     89.336     87.941     0.1954     0.8242     4.1966     0.4637 1.0000e-12       2584     1.7938  0.000e+00
     22.539   71.65352 -161.58676     22.773    -1.4719    -1.4730    -1.4723    32.5315    32.5512  1026.2763    26.1664    328.830    323.415  368.85473     89.149     87.692     0.1941     0.8168     4.1954     0.4649 1.0000e-12       2585     1.7944  0.000e+00
     22.562   71.65352 -161.58676     22.797    -1.4730    -1.4735    -1.4734    32.5318    32.5516  1026.2767    26.1667    327.910    322.493  368.86467     88.897     87.441     0.1844     0.7582     4.1954     0.4649 1.0000e-12       2586     1.7951  0.000e+00
     22.655   71.65352 -161.58676     22.890    -1.4738    -1.4736    -1.4742    32.5322    32.5517  1026.2775    26.1670    327.011    321.370  368.87153     88.652     87.136     0.1612     0.6190     4.1954     0.4649 1.0000e-12       2587     1.7958  0.000e+00
     22.601   71.65352 -161.58676     22.835    -1.4745    -1.4745    -1.4750    32.5329    32.5517  1026.2779    26.1676    325.870    320.474  368.87674     88.341     86.891     0.1526     0.5678     4.1966     0.4637 1.0000e-12       2588     1.7965  0.000e+00
     22.562   71.65352 -161.58676     22.797    -1.4755    -1.4753    -1.4759    32.5342    32.5524  1026.2788    26.1687    325.222    319.605  368.88214     88.164     86.654     0.1538     0.5751     4.1954     0.4649 1.0000e-12       2589     1.7972  0.000e+00
     22.709   71.65352 -161.58676     22.945    -1.4760    -1.4762    -1.4765    32.5342    32.5532  1026.2795    26.1687    324.348    318.548  368.88805     87.926     86.366     0.1538     0.5751     4.1954     0.4649 1.0000e-12       2590     1.7979  0.000e+00
     22.601   71.65352 -161.58676     22.835    -1.4764    -1.4765    -1.4768    32.5344    32.5536  1026.2791    26.1689    323.747    317.676  368.89082     87.762     86.129     0.1551     0.5824     4.1954     0.4649 1.0000e-12       2591     1.7986  0.000e+00
     22.678   71.65352 -161.58676     22.913    -1.4770    -1.4773    -1.4774    32.5343    32.5536  1026.2795    26.1688    322.715    316.620  368.89673     87.481     85.841     0.1538     0.5751     4.1954     0.4649 1.0000e-12       2592     1.7993  0.000e+00
     22.709   71.65352 -161.58676     22.944    -1.4778    -1.4781    -1.4782    32.5352    32.5547  1026.2803    26.1696    321.869    315.762  368.90223     87.251     85.607     0.1551     0.5824     4.1954     0.4649 1.0000e-12       2593     1.8000  0.000e+00
     22.678   71.65352 -161.58676     22.913    -1.4779    -1.4786    -1.4783    32.5356    32.5547  1026.2805    26.1699    320.997    314.710  368.90220     87.014     85.321     0.1551     0.5824     4.1954     0.4649 1.0000e-12       2594     1.8007  0.000e+00
     22.709   71.65352 -161.58676     22.944    -1.4783    -1.4786    -1.4788    32.5355    32.5541  1026.2806    26.1698    319.903    313.894  368.90700     86.717     85.099     0.1538     0.5751     4.1954     0.4649 8.4714e-06       2595     1.8014  0.000e+00
     22.709   71.65352 -161.58676     22.944    -1.4788    -1.4794    -1.4792    32.5352    32.5547  1026.2803    26.1696    319.568    312.860  368.91262     86.624     84.818     0.1551     0.5824     4.1954     0.4649 1.0000e-12       2596     1.8021  0.000e+00
