EcoFOCI/data/1_SampleCollection/2023_SikuliaqDBO_CruiseData/CTD_raw_BottleFile_SKQ23-12S/proc/skq202312s_067.ros
* Sea-Bird SBE 9 Data File:
* FileName = D:\CTD\SKQ202312S\SKQ202312S_067.hex
* Software Version Seasave V 7.26.7.121
* Temperature SN = 6177
* Conductivity SN = 0369
* Number of Bytes Per Scan = 41
* Number of Voltage Words = 4
* Number of Scans Averaged by the Deck Unit = 1
* NMEA Latitude = 72 18.60 N
* NMEA Longitude = 167 16.17 W
* NMEA UTC (Time) = Sep 28 2023  14:28:44
* NMEA baud rate = 4800
** Ship: R/V Sikuliaq
** Station Number: 067
** Station Name: C15
** Bottom Depth: 49
** Operator: SD
# nquan = 22
# nvalues = 735                                   
# units = specified
# name 0 = depSM: Depth [salt water, m]
# name 1 = latitude: Latitude [deg]
# name 2 = longitude: Longitude [deg]
# name 3 = prDM: Pressure, Digiquartz [db]
# name 4 = t090C: Temperature [ITS-90, deg C]
# name 5 = t190C: Temperature, 2 [ITS-90, deg C]
# name 6 = potemp090C: Potential Temperature [ITS-90, deg C]
# name 7 = sal00: Salinity, Practical [PSU]
# name 8 = sal11: Salinity, Practical, 2 [PSU]
# name 9 = density00: Density [density, kg/m^3]
# name 10 = sigma-é00: Density [sigma-theta, kg/m^3]
# name 11 = sbox0Mm/Kg: Oxygen, SBE 43 [umol/kg]
# name 12 = sbox1Mm/Kg: Oxygen, SBE 43, 2 [umol/kg]
# name 13 = oxsolMm/Kg: Oxygen Saturation, Garcia & Gordon [umol/kg]
# name 14 = sbeox0PS: Oxygen, SBE 43 [% saturation]
# name 15 = v0: Voltage 0
# name 16 = flECO-AFL: Fluorescence, WET Labs ECO-AFL/FL [mg/m^3]
# name 17 = CStarAt0: Beam Attenuation, WET Labs C-Star [1/m]
# name 18 = par: PAR/Irradiance, Biospherical/Licor
# name 19 = scan: Scan Count
# name 20 = nbf: Bottles Fired
# name 21 = flag:  0.000e+00
# interval = seconds: 0.0416667
# start_time = Sep 28 2023 14:32:23 [NMEA time, first data scan]
# bad_flag = -9.990e-29
*END*
[from data line 198]
     30.170   72.30998 -167.26962     30.485     1.9255     1.9287     1.9241    32.3532    32.3626  1026.0011    25.8570    309.739    292.918  338.04856     91.626     0.1636     0.6337     0.5425 1.0000e-12      10127          5  0.000e+00
     30.186   72.30998 -167.26962     30.501     1.9253     1.9288     1.9238    32.3532    32.3630  1026.0012    25.8570    309.713    292.892  338.05029     91.617     0.1624     0.6264     0.5413 1.0000e-12      10128          5  0.000e+00
     30.232   72.30998 -167.26962     30.548     1.9252     1.9288     1.9237    32.3532    32.3632  1026.0014    25.8570    309.724    292.866  338.05120     91.620     0.1624     0.6264     0.5425 1.0000e-12      10129          5  0.000e+00
     30.248   72.30998 -167.26962     30.563     1.9250     1.9289     1.9236    32.3532    32.3628  1026.0014    25.8570    309.733    293.039  338.05282     91.623     0.1624     0.6264     0.5413 1.0000e-12      10130          5  0.000e+00
     30.170   72.30998 -167.26962     30.485     1.9256     1.9289     1.9242    32.3527    32.3629  1026.0007    25.8566    309.730    293.027  338.04876     91.623     0.1636     0.6337     0.5413 1.0000e-12      10131          5  0.000e+00
     30.186   72.30998 -167.26962     30.501     1.9258     1.9286     1.9244    32.3528    32.3631  1026.0008    25.8567    309.731    292.842  338.04666     91.624     0.1636     0.6337     0.5413 1.0000e-12      10132          5  0.000e+00
     30.232   72.30998 -167.26962     30.548     1.9258     1.9287     1.9244    32.3529    32.3633  1026.0011    25.8567    309.735    292.831  338.04662     91.625     0.1624     0.6264     0.5413 1.0000e-12      10133          5  0.000e+00
     30.248   72.30998 -167.26962     30.563     1.9262     1.9289     1.9248    32.3525    32.3631  1026.0008    25.8563    309.506    293.020  338.04440     91.558     0.1636     0.6337     0.5413 1.0000e-12      10134          5  0.000e+00
     30.232   72.30998 -167.26962     30.548     1.9263     1.9289     1.9248    32.3524    32.3630  1026.0007    25.8563    309.920    292.828  338.04406     91.680     0.1624     0.6264     0.5425 1.0000e-12      10135          5  0.000e+00
     30.186   72.30998 -167.26962     30.501     1.9266     1.9293     1.9252    32.3521    32.3627  1026.0002    25.8560    309.498    292.808  338.04208     91.556     0.1624     0.6264     0.5413 1.0000e-12      10136          5  0.000e+00
     30.232   72.30998 -167.26962     30.548     1.9264     1.9293     1.9250    32.3525    32.3626  1026.0007    25.8564    309.686    292.996  338.04247     91.612     0.1624     0.6264     0.5413 1.0000e-12      10137          5  0.000e+00
     30.186   72.30998 -167.26962     30.501     1.9268     1.9295     1.9254    32.3517    32.3627  1025.9999    25.8557    309.678    292.999  338.04122     91.609     0.1636     0.6337     0.5425 1.0000e-12      10138          5  0.000e+00
     30.286   72.30998 -167.26962     30.602     1.9266     1.9300     1.9251    32.3522    32.3622  1026.0007    25.8561    309.676    293.004  338.04190     91.609     0.1612     0.6190     0.5413 1.0000e-12      10139          5  0.000e+00
     30.186   72.30998 -167.26962     30.501     1.9266     1.9300     1.9252    32.3519    32.3623  1026.0001    25.8559    309.665    293.002  338.04250     91.605     0.1624     0.6264     0.5413 8.4714e-06      10140          5  0.000e+00
     30.248   72.30998 -167.26962     30.563     1.9265     1.9304     1.9251    32.3520    32.3618  1026.0004    25.8560    309.658    293.027  338.04269     91.603     0.1636     0.6337     0.5413 1.0000e-12      10141          5  0.000e+00
     30.232   72.30998 -167.26962     30.548     1.9266     1.9301     1.9251    32.3523    32.3618  1026.0006    25.8562    309.645    293.028  338.04151     91.600     0.1624     0.6264     0.5425 1.0000e-12      10142          5  0.000e+00
     30.248   72.30998 -167.26962     30.563     1.9264     1.9298     1.9250    32.3523    32.3623  1026.0007    25.8562    309.635    293.027  338.04291     91.596     0.1636     0.6337     0.5413 1.0000e-12      10143          5  0.000e+00
     30.232   72.30998 -167.26962     30.548     1.9260     1.9296     1.9245    32.3527    32.3626  1026.0009    25.8565    309.662    293.022  338.04566     91.604     0.1624     0.6264     0.5413 1.0000e-12      10144          5  0.000e+00
     30.248   72.30998 -167.26962     30.563     1.9261     1.9297     1.9246    32.3526    32.3625  1026.0009    25.8565    309.649    293.015  338.04536     91.600     0.1636     0.6337     0.5413 1.0000e-12      10145          5  0.000e+00
     30.232   72.30998 -167.26962     30.548     1.9260     1.9293     1.9245    32.3522    32.3629  1026.0006    25.8562    309.634    293.007  338.04682     91.595     0.1624     0.6264     0.5413 1.0000e-12      10146          5  0.000e+00
     30.248   72.30998 -167.26962     30.563     1.9262     1.9293     1.9247    32.3519    32.3629  1026.0004    25.8559    309.616    292.997  338.04620     91.590     0.1636     0.6337     0.5389 1.0000e-12      10147          5  0.000e+00
     30.286   72.30998 -167.26962     30.602     1.9259     1.9291     1.9244    32.3520    32.3631  1026.0006    25.8560    309.601    292.987  338.04838     91.585     0.1600     0.6117     0.5389 1.0000e-12      10148          5  0.000e+00
     30.248   72.30998 -167.26962     30.563     1.9257     1.9291     1.9242    32.3522    32.3631  1026.0006    25.8561    309.580    292.969  338.04982     91.578     0.1575     0.5971     0.5377 1.0000e-12      10149          5  0.000e+00
     30.286   72.30998 -167.26962     30.602     1.9255     1.9292     1.9241    32.3525    32.3630  1026.0011    25.8564    309.600    292.776  338.05031     91.584     0.1575     0.5971     0.5389 1.0000e-12      10150          5  0.000e+00
     30.302   72.30998 -167.26962     30.618     1.9255     1.9291     1.9240    32.3528    32.3628  1026.0014    25.8567    309.352    292.964  338.04991     91.511     0.1563     0.5897     0.5389 1.0000e-12      10151          5  0.000e+00
     30.232   72.30998 -167.26962     30.548     1.9253     1.9291     1.9239    32.3527    32.3630  1026.0010    25.8566    309.517    292.968  338.05130     91.559     0.1575     0.5971     0.5389 1.0000e-12      10152          5  0.000e+00
     30.302   72.30998 -167.26962     30.618     1.9253     1.9292     1.9239    32.3527    32.3627  1026.0013    25.8566    309.496    292.977  338.05129     91.553     0.1563     0.5897     0.5389 1.0000e-12      10153          5  0.000e+00
     30.286   72.30998 -167.26962     30.602     1.9257     1.9289     1.9242    32.3528    32.3632  1026.0013    25.8567    309.466    292.983  338.04808     91.545     0.1575     0.5971     0.5389 8.4714e-06      10154          5  0.000e+00
     30.248   72.30998 -167.26962     30.563     1.9259     1.9289     1.9244    32.3530    32.3626  1026.0013    25.8568    309.475    292.987  338.04580     91.548     0.1563     0.5897     0.5389 1.0000e-12      10155          5  0.000e+00
     30.286   72.30998 -167.26962     30.602     1.9262     1.9289     1.9247    32.3528    32.3625  1026.0012    25.8566    309.448    292.992  338.04404     91.541     0.1563     0.5897     0.5389 1.0000e-12      10156          5  0.000e+00
     30.302   72.30998 -167.26962     30.618     1.9264     1.9286     1.9250    32.3527    32.3627  1026.0013    25.8566    309.191    292.996  338.04183     91.465     0.1563     0.5897     0.5389 1.0000e-12      10157          5  0.000e+00
     30.286   72.30998 -167.26962     30.602     1.9268     1.9281     1.9254    32.3526    32.3632  1026.0011    25.8564    309.348    293.000  338.03893     91.512     0.1563     0.5897     0.5389 1.0000e-12      10158          5  0.000e+00
     30.302   72.30998 -167.26962     30.618     1.9273     1.9283     1.9258    32.3516    32.3627  1026.0003    25.8556    309.090    293.000  338.03787     91.437     0.1563     0.5897     0.5389 1.0000e-12      10159          5  0.000e+00
     30.286   72.30998 -167.26962     30.602     1.9271     1.9279     1.9256    32.3518    32.3628  1026.0004    25.8557    309.289    293.002  338.03881     91.495     0.1563     0.5897     0.5389 1.0000e-12      10160          5  0.000e+00
     30.302   72.30998 -167.26962     30.618     1.9270     1.9280     1.9255    32.3517    32.3628  1026.0004    25.8557    309.260    292.999  338.03989     91.486     0.1575     0.5971     0.5389 1.0000e-12      10161          5  0.000e+00
     30.302   72.30998 -167.26962     30.618     1.9268     1.9278     1.9253    32.3519    32.3629  1026.0005    25.8558    309.270    292.998  338.04128     91.489     0.1563     0.5897     0.5389 1.0000e-12      10162          5  0.000e+00
     30.286   72.30998 -167.26962     30.602     1.9266     1.9279     1.9251    32.3523    32.3629  1026.0008    25.8562    309.278    292.992  338.04169     91.491     0.1575     0.5971     0.5377 1.0000e-12      10163          5  0.000e+00
     30.363   72.30998 -167.26962     30.680     1.9271     1.9275     1.9256    32.3511    32.3628  1026.0002    25.8552    309.287    292.993  338.04040     91.494     0.1563     0.5897     0.5377 1.0000e-12      10164          5  0.000e+00
     30.286   72.30998 -167.26962     30.602     1.9268     1.9270     1.9254    32.3517    32.3637  1026.0003    25.8557    309.293    292.986  338.04136     91.496     0.1575     0.5971     0.5389 1.0000e-12      10165          5  0.000e+00
     30.363   72.30998 -167.26962     30.680     1.9268     1.9270     1.9253    32.3518    32.3637  1026.0008    25.8558    309.304    292.983  338.04137     91.499     0.1563     0.5897     0.5389 1.0000e-12      10166          5  0.000e+00
     30.286   72.30998 -167.26962     30.602     1.9268     1.9270     1.9253    32.3517    32.3633  1026.0003    25.8557    309.309    293.174  338.04178     91.500     0.1563     0.5897     0.5401 1.0000e-12      10167          5  0.000e+00
     30.302   72.30998 -167.26962     30.618     1.9267     1.9269     1.9253    32.3516    32.3634  1026.0004    25.8557    309.052    293.190  338.04234     91.424     0.1563     0.5897     0.5413 1.0000e-12      10168          5  0.000e+00
     30.348   72.30998 -167.26962     30.665     1.9268     1.9270     1.9253    32.3513    32.3632  1026.0003    25.8554    309.024    293.001  338.04272     91.416     0.1563     0.5897     0.5413 1.0000e-12      10169          5  0.000e+00
     30.302   72.30998 -167.26962     30.618     1.9264     1.9267     1.9250    32.3516    32.3633  1026.0004    25.8557    309.223    292.988  338.04468     91.474     0.1575     0.5971     0.5413 1.0000e-12      10170          5  0.000e+00
     30.348   72.30998 -167.26962     30.665     1.9265     1.9268     1.9251    32.3511    32.3628  1026.0001    25.8552    309.008    292.976  338.04526     91.410     0.1563     0.5897     0.5413 1.0000e-12      10171          5  0.000e+00
     30.363   72.30998 -167.26962     30.680     1.9263     1.9264     1.9248    32.3512    32.3634  1026.0003    25.8553    308.984    292.964  338.04720     91.403     0.1575     0.5971     0.5425 1.0000e-12      10172          5  0.000e+00
     30.348   72.30998 -167.26962     30.665     1.9262     1.9264     1.9247    32.3513    32.3633  1026.0004    25.8554    308.958    293.149  338.04782     91.395     0.1563     0.5897     0.5413 1.0000e-12      10173          5  0.000e+00
     30.232   72.30998 -167.26962     30.548     1.9260     1.9274     1.9245    32.3524    32.3633  1026.0007    25.8563    308.910    292.867  338.04640     91.381     0.1734     0.6923     0.5437 1.0000e-12      10286          6  0.000e+00
     30.132   72.30998 -167.26962     30.446     1.9258     1.9276     1.9244    32.3526    32.3633  1026.0004    25.8565    308.900    292.642  338.04722     91.378     0.1722     0.6850     0.5437 1.0000e-12      10287          6  0.000e+00
     30.170   72.30998 -167.26962     30.485     1.9261     1.9281     1.9246    32.3528    32.3631  1026.0007    25.8566    308.893    292.625  338.04494     91.376     0.1734     0.6923     0.5437 1.0000e-12      10288          6  0.000e+00
     30.186   72.30998 -167.26962     30.501     1.9262     1.9283     1.9247    32.3526    32.3632  1026.0006    25.8565    308.887    292.609  338.04453     91.375     0.1722     0.6850     0.5425 1.0000e-12      10289          6  0.000e+00
     30.232   72.30998 -167.26962     30.548     1.9264     1.9282     1.9250    32.3525    32.3629  1026.0007    25.8564    308.880    292.599  338.04247     91.373     0.1722     0.6850     0.5413 1.0000e-12      10290          6  0.000e+00
     30.186   72.30998 -167.26962     30.501     1.9264     1.9283     1.9250    32.3528    32.3632  1026.0007    25.8566    308.871    292.786  338.04177     91.371     0.1709     0.6776     0.5425 1.0000e-12      10291          6  0.000e+00
     30.232   72.30998 -167.26962     30.548     1.9267     1.9281     1.9253    32.3527    32.3630  1026.0009    25.8565    308.865    292.802  338.03950     91.369     0.1722     0.6850     0.5413 1.0000e-12      10292          6  0.000e+00
     30.186   72.30998 -167.26962     30.501     1.9268     1.9278     1.9253    32.3525    32.3629  1026.0005    25.8564    308.856    292.816  338.03953     91.367     0.1734     0.6923     0.5425 1.0000e-12      10293          6  0.000e+00
     30.248   72.30998 -167.26962     30.563     1.9268     1.9274     1.9253    32.3522    32.3630  1026.0006    25.8561    309.080    292.834  338.04036     91.433     0.1722     0.6850     0.5413 1.0000e-12      10294          6  0.000e+00
     30.286   72.30998 -167.26962     30.602     1.9268     1.9267     1.9254    32.3521    32.3638  1026.0007    25.8560    308.964    292.649  338.04020     91.399     0.1734     0.6923     0.5425 1.0000e-12      10295          6  0.000e+00
     30.248   72.30998 -167.26962     30.563     1.9269     1.9264     1.9255    32.3518    32.3635  1026.0002    25.8558    308.957    292.842  338.04003     91.397     0.1722     0.6850     0.5425 1.0000e-12      10296          6  0.000e+00
     30.232   72.30998 -167.26962     30.548     1.9269     1.9266     1.9255    32.3519    32.3631  1026.0003    25.8559    308.725    292.854  338.03969     91.328     0.1734     0.6923     0.5425 1.0000e-12      10297          6  0.000e+00
     30.302   72.30998 -167.26962     30.618     1.9271     1.9266     1.9256    32.3512    32.3631  1026.0000    25.8553    308.234    292.668  338.04031     91.183     0.1722     0.6850     0.5413 1.0000e-12      10298          6  0.000e+00
     30.286   72.30998 -167.26962     30.602     1.9267     1.9270     1.9253    32.3514    32.3628  1026.0001    25.8554    308.804    292.654  338.04305     91.350     0.1722     0.6850     0.5425 1.0000e-12      10299          6  0.000e+00
     30.302   72.30998 -167.26962     30.618     1.9266     1.9267     1.9251    32.3517    32.3630  1026.0004    25.8557    308.806    292.849  338.04308     91.351     0.1722     0.6850     0.5425 1.0000e-12      10300          6  0.000e+00
     30.286   72.30998 -167.26962     30.602     1.9263     1.9267     1.9248    32.3523    32.3632  1026.0009    25.8562    308.808    292.864  338.04435     91.351     0.1685     0.6630     0.5425 1.0000e-12      10301          6  0.000e+00
     30.302   72.30998 -167.26962     30.618     1.9265     1.9266     1.9251    32.3514    32.3628  1026.0002    25.8555    308.810    292.882  338.04425     91.352     0.1575     0.5971     0.5425 1.0000e-12      10302          6  0.000e+00
     30.348   72.30998 -167.26962     30.665     1.9263     1.9260     1.9248    32.3508    32.3631  1026.0000    25.8550    308.818    292.903  338.04813     91.353     0.1538     0.5751     0.5425 1.0000e-12      10303          6  0.000e+00
