EcoFOCI/data/1_SampleCollection/2023_SikuliaqDBO_CruiseData/CTD_raw_BottleFile_SKQ23-12S/proc/skq202312s_002.cnv
* Sea-Bird SBE 9 Data File:
* FileName = D:\CTD\SKQ202312S\SKQ202312S_002.hex
* Software Version Seasave V 7.26.7.121
* Temperature SN = 6177
* Conductivity SN = 0369
* Number of Bytes Per Scan = 41
* Number of Voltage Words = 4
* Number of Scans Averaged by the Deck Unit = 1
* NMEA Latitude = 62 00.59 N
* NMEA Longitude = 175 03.64 W
* NMEA UTC (Time) = Sep 15 2023  05:21:43
* NMEA baud rate = 4800
** Ship: R/V Sikuliaq
** Station Number: 002
** Station Name: DBO1.1
** Bottom Depth: 78
** Operator: SD
# nquan = 24
# nvalues = 7179                                  
# units = specified
# name 0 = depSM: Depth [salt water, m]
# name 1 = latitude: Latitude [deg]
# name 2 = longitude: Longitude [deg]
# name 3 = prDM: Pressure, Digiquartz [db]
# name 4 = t090C: Temperature [ITS-90, deg C]
# name 5 = t190C: Temperature, 2 [ITS-90, deg C]
# name 6 = potemp090C: Potential Temperature [ITS-90, deg C]
# name 7 = sal00: Salinity, Practical [PSU]
# name 8 = sal11: Salinity, Practical, 2 [PSU]
# name 9 = density00: Density [density, kg/m^3]
# name 10 = sigma-é00: Density [sigma-theta, kg/m^3]
# name 11 = sbox0Mm/Kg: Oxygen, SBE 43 [umol/kg]
# name 12 = sbox1Mm/Kg: Oxygen, SBE 43, 2 [umol/kg]
# name 13 = oxsolMm/Kg: Oxygen Saturation, Garcia & Gordon [umol/kg]
# name 14 = sbeox0PS: Oxygen, SBE 43 [% saturation]
# name 15 = sbeox1PS: Oxygen, SBE 43, 2 [% saturation]
# name 16 = v0: Voltage 0
# name 17 = flECO-AFL: Fluorescence, WET Labs ECO-AFL/FL [mg/m^3]
# name 18 = v1: Voltage 1
# name 19 = CStarAt0: Beam Attenuation, WET Labs C-Star [1/m]
# name 20 = par: PAR/Irradiance, Biospherical/Licor
# name 21 = scan: Scan Count
# name 22 = timeM: Time, Elapsed [minutes]
# name 23 = flag:  0.000e+00
# span 0 =      1.934,     73.792                 
# span 1 =   62.00978,   62.00980                 
# span 2 = -175.06128, -175.06102                 
# span 3 =      1.952,     74.520                 
# span 4 =    -1.4431,     7.4774                 
# span 5 =    -1.4419,     7.4776                 
# span 6 =    -1.4440,     7.4772                 
# span 7 =    30.6601,    31.9548                 
# span 8 =    30.6754,    31.9646                 
# span 9 =  1023.9560,  1026.0363                 
# span 10 =    23.9463,    25.6780                
# span 11 =    249.460,    418.798                
# span 12 =    238.403,    402.059                
# span 13 =  299.64625,  370.98583                
# span 14 =     68.592,    113.447                
# span 15 =     65.562,    108.873                
# span 16 =     0.0427,     1.0147                
# span 17 =    -0.0916,     5.7399                
# span 18 =     3.3626,     4.2222                
# span 19 =     0.4393,     1.3502                
# span 20 = 1.0000e-12, 3.0131e+01                
# span 21 =          1,       7179                
# span 22 =     0.0000,     4.9847                
# span 23 = 0.0000e+00, 0.0000e+00                
# interval = seconds: 0.0416667
# start_time = Sep 15 2023 05:25:57 [NMEA time, first data scan]
# bad_flag = -9.990e-29
*END*
[from data line 4408]
     57.411   62.00980 -175.06120     57.974    -1.2692    -1.2677    -1.2704    31.7277    31.7391  1025.7889    25.5091    270.134    258.616  369.18162     73.171     70.061     0.0659     0.0476     3.8742     0.7835 8.4714e-06       4409     3.0611  0.000e+00
     57.465   62.00980 -175.06120     58.029    -1.2691    -1.2678    -1.2702    31.7277    31.7392  1025.7892    25.5091    270.140    258.842  369.17992     73.173     70.121     0.0659     0.0476     3.8742     0.7835 1.0000e-12       4410     3.0618  0.000e+00
     57.465   62.00980 -175.06120     58.029    -1.2691    -1.2677    -1.2702    31.7282    31.7393  1025.7896    25.5095    270.156    258.870  369.17857     73.177     70.129     0.0659     0.0476     3.8742     0.7835 8.4714e-06       4411     3.0625  0.000e+00
     57.519   62.00980 -175.06120     58.084    -1.2691    -1.2677    -1.2702    31.7283    31.7391  1025.7899    25.5096    270.184    258.676  369.17817     73.185     70.077     0.0659     0.0476     3.8742     0.7835 8.4714e-06       4412     3.0632  0.000e+00
     57.465   62.00980 -175.06120     58.029    -1.2686    -1.2678    -1.2697    31.7281    31.7392  1025.7895    25.5094    269.957    258.682  369.17432     73.124     70.078     0.0659     0.0476     3.8742     0.7835 8.4714e-06       4413     3.0639  0.000e+00
     57.527   62.00980 -175.06120     58.091    -1.2684    -1.2677    -1.2696    31.7283    31.7395  1025.7900    25.5096    269.957    258.727  369.17189     73.125     70.091     0.0672     0.0549     3.8742     0.7835 8.4714e-06       4414     3.0646  0.000e+00
     57.581   62.00980 -175.06120     58.146    -1.2683    -1.2675    -1.2694    31.7290    31.7397  1025.7908    25.5101    269.969    258.516  369.16886     73.129     70.034     0.0672     0.0549     3.8742     0.7835 1.0000e-12       4415     3.0653  0.000e+00
     57.527   62.00980 -175.06120     58.091    -1.2675    -1.2674    -1.2686    31.7290    31.7400  1025.7905    25.5101    269.934    258.507  369.16081     73.121     70.032     0.0659     0.0476     3.8742     0.7835 8.4714e-06       4416     3.0660  0.000e+00
     57.581   62.00980 -175.06120     58.146    -1.2670    -1.2669    -1.2681    31.7288    31.7397  1025.7906    25.5099    269.915    258.505  369.15575     73.117     70.032     0.0659     0.0476     3.8742     0.7835 8.4714e-06       4417     3.0667  0.000e+00
     57.573   62.00980 -175.06120     58.138    -1.2666    -1.2668    -1.2677    31.7285    31.7402  1025.7903    25.5097    269.906    258.476  369.15313     73.115     70.025     0.0659     0.0476     3.8742     0.7835 1.0000e-12       4418     3.0674  0.000e+00
     57.581   62.00980 -175.06120     58.146    -1.2665    -1.2664    -1.2676    31.7294    31.7407  1025.7910    25.5104    269.907    258.451  369.14941     73.116     70.019     0.0672     0.0549     3.8742     0.7835 8.4714e-06       4419     3.0681  0.000e+00
     57.581   62.00980 -175.06120     58.146    -1.2662    -1.2657    -1.2673    31.7296    31.7400  1025.7912    25.5106    269.660    258.431  369.14533     73.050     70.015     0.0659     0.0476     3.8742     0.7835 1.0000e-12       4420     3.0688  0.000e+00
     57.642   62.00980 -175.06120     58.208    -1.2657    -1.2651    -1.2668    31.7294    31.7405  1025.7913    25.5103    269.895    258.416  369.14156     73.114     70.012     0.0659     0.0476     3.8742     0.7835 8.4714e-06       4421     3.0694  0.000e+00
     57.642   62.00980 -175.06120     58.208    -1.2652    -1.2646    -1.2663    31.7294    31.7403  1025.7913    25.5103    269.928    258.441  369.13694     73.124     70.019     0.0659     0.0476     3.8742     0.7835 1.0000e-12       4422     3.0701  0.000e+00
     57.642   62.00980 -175.06120     58.208    -1.2648    -1.2642    -1.2659    31.7292    31.7404  1025.7912    25.5102    269.713    258.668  369.13282     73.067     70.082     0.0659     0.0476     3.8742     0.7835 1.0000e-12       4423     3.0708  0.000e+00
     57.689   62.00980 -175.06120     58.255    -1.2647    -1.2640    -1.2658    31.7292    31.7406  1025.7913    25.5101    269.673    258.509  369.13187     73.056     70.039     0.0659     0.0476     3.8742     0.7835 8.4714e-06       4424     3.0715  0.000e+00
     57.696   62.00980 -175.06120     58.263    -1.2645    -1.2637    -1.2656    31.7292    31.7412  1025.7914    25.5102    269.641    258.517  369.13009     73.048     70.042     0.0659     0.0476     3.8755     0.7822 8.4714e-06       4425     3.0722  0.000e+00
     57.696   62.00980 -175.06120     58.263    -1.2643    -1.2635    -1.2654    31.7302    31.7412  1025.7922    25.5109    269.668    258.533  369.12559     73.056     70.047     0.0659     0.0476     3.8755     0.7822 1.0000e-12       4426     3.0729  0.000e+00
     57.758   62.00980 -175.06120     58.325    -1.2639    -1.2633    -1.2650    31.7304    31.7409  1025.7926    25.5111    269.657    258.556  369.12034     73.054     70.054     0.0659     0.0476     3.8755     0.7822 8.4714e-06       4427     3.0736  0.000e+00
     57.696   62.00980 -175.06120     58.263    -1.2637    -1.2630    -1.2649    31.7305    31.7413  1025.7924    25.5112    269.707    258.579  369.11896     73.068     70.060     0.0659     0.0476     3.8755     0.7822 1.0000e-12       4428     3.0743  0.000e+00
     57.804   62.00980 -175.06120     58.372    -1.2633    -1.2628    -1.2644    31.7306    31.7418  1025.7930    25.5112    269.722    258.384  369.11416     73.073     70.008     0.0659     0.0476     3.8755     0.7822 1.0000e-12       4429     3.0750  0.000e+00
     57.758   62.00980 -175.06120     58.325    -1.2631    -1.2617    -1.2642    31.7313    31.7414  1025.7933    25.5118    269.742    258.383  369.11044     73.079     70.010     0.0659     0.0476     3.8755     0.7822 8.4714e-06       4430     3.0757  0.000e+00
     57.812   62.00980 -175.06120     58.380    -1.2625    -1.2610    -1.2636    31.7310    31.7413  1025.7933    25.5116    269.774    258.360  369.10499     73.089     70.005     0.0659     0.0476     3.8755     0.7822 1.0000e-12       4431     3.0764  0.000e+00
     57.812   62.00980 -175.06120     58.380    -1.2619    -1.2605    -1.2630    31.7311    31.7415  1025.7934    25.5116    269.555    258.343  369.09897     73.031     70.001     0.0672     0.0549     3.8755     0.7822 8.4714e-06       4432     3.0771  0.000e+00
     57.812   62.00980 -175.06120     58.380    -1.2617    -1.2596    -1.2629    31.7320    31.7417  1025.7941    25.5123    269.819    258.327  369.09472     73.103     69.999     0.0659     0.0476     3.8755     0.7822 8.4714e-06       4433     3.0778  0.000e+00
     57.866   62.00980 -175.06120     58.434    -1.2606    -1.2588    -1.2618    31.7312    31.7421  1025.7938    25.5117    269.622    258.123  369.08600     73.051     69.945     0.0659     0.0476     3.8755     0.7822 1.0000e-12       4434     3.0785  0.000e+00
     57.866   62.00980 -175.06120     58.434    -1.2597    -1.2582    -1.2608    31.7316    31.7421  1025.7940    25.5120    269.593    258.092  369.07579     73.045     69.938     0.0659     0.0476     3.8767     0.7810 8.4714e-06       4435     3.0792  0.000e+00
     57.866   62.00980 -175.06120     58.434    -1.2590    -1.2573    -1.2602    31.7319    31.7420  1025.7943    25.5122    269.576    258.294  369.06801     73.042     69.994     0.0659     0.0476     3.8755     0.7822 8.4714e-06       4436     3.0799  0.000e+00
     57.928   62.00980 -175.06120     58.497    -1.2583    -1.2566    -1.2595    31.7322    31.7421  1025.7948    25.5125    269.572    258.307  369.06033     73.043     69.999     0.0659     0.0476     3.8755     0.7822 1.0000e-12       4437     3.0806  0.000e+00
     57.928   62.00980 -175.06120     58.497    -1.2573    -1.2558    -1.2584    31.7323    31.7423  1025.7948    25.5125    269.573    258.290  369.04995     73.045     69.996     0.0672     0.0549     3.8755     0.7822 8.4714e-06       4438     3.0812  0.000e+00
     57.982   62.00980 -175.06120     58.551    -1.2565    -1.2548    -1.2576    31.7323    31.7428  1025.7951    25.5125    269.589    258.276  369.04184     73.051     69.995     0.0659     0.0476     3.8767     0.7810 1.0000e-12       4439     3.0819  0.000e+00
     57.920   62.00980 -175.06120     58.489    -1.2555    -1.2539    -1.2566    31.7331    31.7433  1025.7954    25.5131    269.607    258.033  369.02926     73.058     69.931     0.0659     0.0476     3.8767     0.7810 1.0000e-12       4440     3.0826  0.000e+00
     57.982   62.00980 -175.06120     58.551    -1.2544    -1.2529    -1.2555    31.7334    31.7437  1025.7959    25.5133    269.640    257.998  369.01761     73.070     69.923     0.0659     0.0476     3.8755     0.7822 8.4714e-06       4441     3.0833  0.000e+00
     58.044   62.00980 -175.06120     58.614    -1.2530    -1.2516    -1.2541    31.7332    31.7435  1025.7960    25.5131    269.373    257.966  369.00450     73.000     69.917     0.0659     0.0476     3.8755     0.7822 1.0000e-12       4442     3.0840  0.000e+00
     58.044   62.00980 -175.06120     58.614    -1.2515    -1.2505    -1.2526    31.7330    31.7439  1025.7958    25.5129    269.321    257.938  368.98973     72.989     69.912     0.0659     0.0476     3.8755     0.7822 8.4714e-06       4443     3.0847  0.000e+00
     58.044   62.00980 -175.06120     58.614    -1.2500    -1.2498    -1.2511    31.7332    31.7440  1025.7959    25.5131    269.538    257.919  368.97437     73.051     69.908     0.0659     0.0476     3.8742     0.7835 1.0000e-12       4444     3.0854  0.000e+00
     58.090   62.00980 -175.06120     58.660    -1.2492    -1.2484    -1.2503    31.7333    31.7440  1025.7962    25.5131    269.252    257.901  368.96613     72.975     69.906     0.0659     0.0476     3.8706     0.7873 1.0000e-12       4445     3.0861  0.000e+00
     58.098   62.00980 -175.06120     58.668    -1.2480    -1.2476    -1.2491    31.7335    31.7443  1025.7963    25.5132    269.488    257.892  368.95373     73.041     69.905     0.0659     0.0476     3.8681     0.7898 8.4714e-06       4446     3.0868  0.000e+00
     58.098   62.00980 -175.06120     58.668    -1.2468    -1.2467    -1.2479    31.7340    31.7446  1025.7967    25.5136    269.263    257.886  368.94021     72.983     69.905     0.0647     0.0403     3.8681     0.7898 1.0000e-12       4447     3.0875  0.000e+00
     58.159   62.00980 -175.06120     58.731    -1.2454    -1.2452    -1.2465    31.7341    31.7447  1025.7971    25.5137    269.260    257.884  368.92624     72.985     69.907     0.0659     0.0476     3.8681     0.7898 1.0000e-12       4448     3.0882  0.000e+00
     58.098   62.00980 -175.06120     58.668    -1.2441    -1.2442    -1.2453    31.7344    31.7452  1025.7970    25.5139    269.314    257.657  368.91284     73.002     69.848     0.0672     0.0549     3.8681     0.7898 8.4714e-06       4449     3.0889  0.000e+00
     58.213   62.00980 -175.06120     58.785    -1.2427    -1.2433    -1.2439    31.7340    31.7456  1025.7972    25.5135    269.336    257.608  368.90044     73.010     69.837     0.0659     0.0476     3.8681     0.7898 8.4714e-06       4450     3.0896  0.000e+00
     58.206   62.00980 -175.06120     58.777    -1.2414    -1.2420    -1.2425    31.7340    31.7460  1025.7971    25.5134    269.363    257.590  368.88684     73.021     69.834     0.0672     0.0549     3.8681     0.7898 1.0000e-12       4451     3.0903  0.000e+00
     58.213   62.00980 -175.06120     58.785    -1.2405    -1.2403    -1.2416    31.7349    31.7458  1025.7979    25.5142    269.403    257.577  368.87493     73.034     69.834     0.0659     0.0476     3.8681     0.7898 8.4714e-06       4452     3.0910  0.000e+00
     58.267   62.00980 -175.06120     58.840    -1.2388    -1.2389    -1.2399    31.7349    31.7461  1025.7981    25.5141    269.399    257.573  368.85862     73.036     69.836     0.0672     0.0549     3.8681     0.7898 1.0000e-12       4453     3.0917  0.000e+00
     58.267   62.00980 -175.06120     58.840    -1.2375    -1.2369    -1.2387    31.7353    31.7461  1025.7983    25.5144    269.404    257.570  368.84496     73.040     69.839     0.0659     0.0476     3.8681     0.7898 8.4714e-06       4454     3.0924  0.000e+00
     58.329   62.00980 -175.06120     58.902    -1.2363    -1.2350    -1.2375    31.7356    31.7460  1025.7989    25.5146    269.420    257.544  368.83205     73.047     69.835     0.0598     0.0110     3.8681     0.7898 8.4714e-06       4455     3.0931  0.000e+00
     58.322   62.00980 -175.06120     58.894    -1.2346    -1.2337    -1.2357    31.7360    31.7466  1025.7991    25.5149    269.437    257.524  368.81390     73.055     69.833     0.0562    -0.0110     3.8681     0.7898 1.0000e-12       4456     3.0938  0.000e+00
     58.329   62.00980 -175.06120     58.902    -1.2331    -1.2321    -1.2343    31.7364    31.7468  1025.7994    25.5152    269.465    257.509  368.79795     73.066     69.831     0.0562    -0.0110     3.8681     0.7898 8.4714e-06       4457     3.0944  0.000e+00
     58.383   62.00980 -175.06120     58.957    -1.2316    -1.2306    -1.2327    31.7359    31.7465  1025.7993    25.5148    269.504    257.502  368.78403     73.079     69.832     0.0562    -0.0110     3.8681     0.7898 8.4714e-06       4458     3.0951  0.000e+00
     58.383   62.00980 -175.06120     58.957    -1.2304    -1.2290    -1.2315    31.7363    31.7466  1025.7995    25.5150    269.292    257.530  368.77102     73.024     69.843     0.0562    -0.0110     3.8681     0.7898 1.0000e-12       4459     3.0958  0.000e+00
     58.445   62.00980 -175.06120     59.019    -1.2290    -1.2274    -1.2301    31.7367    31.7470  1025.8001    25.5153    269.558    257.566  368.75608     73.099     69.856     0.0562    -0.0110     3.8681     0.7898 8.4714e-06       4460     3.0965  0.000e+00
     58.437   62.00980 -175.06120     59.011    -1.2273    -1.2259    -1.2285    31.7362    31.7466  1025.7996    25.5149    269.362    257.576  368.74115     73.049     69.861     0.0562    -0.0110     3.8681     0.7898 8.4714e-06       4461     3.0972  0.000e+00
     58.445   62.00980 -175.06120     59.019    -1.2256    -1.2246    -1.2268    31.7360    31.7465  1025.7994    25.5146    269.334    257.821  368.72475     73.045     69.930     0.0562    -0.0110     3.8681     0.7898 1.0000e-12       4462     3.0979  0.000e+00
     58.499   62.00980 -175.06120     59.074    -1.2244    -1.2235    -1.2255    31.7365    31.7466  1025.8001    25.5151    269.319    257.647  368.71122     73.043     69.885     0.0562    -0.0110     3.8681     0.7898 8.4714e-06       4463     3.0986  0.000e+00
     58.499   62.00980 -175.06120     59.074    -1.2231    -1.2221    -1.2243    31.7368    31.7470  1025.8003    25.5152    269.310    257.638  368.69794     73.043     69.885     0.0562    -0.0110     3.8681     0.7898 1.0000e-12       4464     3.0993  0.000e+00
     58.561   62.00980 -175.06120     59.136    -1.2223    -1.2211    -1.2234    31.7376    31.7473  1025.8012    25.5159    269.313    257.637  368.68702     73.047     69.887     0.0562    -0.0110     3.8742     0.7835 8.4714e-06       4465     3.1000  0.000e+00
     58.553   62.00980 -175.06120     59.128    -1.2212    -1.2199    -1.2223    31.7372    31.7474  1025.8009    25.5156    269.581    257.409  368.67736     73.121     69.828     0.0574    -0.0037     3.8791     0.7784 8.4714e-06       4466     3.1007  0.000e+00
     58.615   62.00980 -175.06120     59.191    -1.2201    -1.2185    -1.2213    31.7373    31.7475  1025.8012    25.5156    269.389    257.613  368.66635     73.071     69.886     0.0562    -0.0110     3.8803     0.7772 8.4714e-06       4467     3.1014  0.000e+00
