EcoFOCI/data/1_SampleCollection/2023_SikuliaqDBO_CruiseData/CTD_raw_BottleFile_SKQ23-12S/proc/skq202312s_052svp.cnv
* Sea-Bird SBE 9 Data File:
* FileName = D:\CTD\SKQ202312S\SKQ202312S_052.hex
* Software Version Seasave V 7.26.7.121
* Temperature SN = 6177
* Conductivity SN = 0369
* Number of Bytes Per Scan = 41
* Number of Voltage Words = 4
* Number of Scans Averaged by the Deck Unit = 1
* NMEA Latitude = 70 49.96 N
* NMEA Longitude = 163 07.13 W
* NMEA UTC (Time) = Sep 26 2023  20:42:12
* NMEA baud rate = 4800
** Ship: R/V Sikuliaq
** Station Number: 052
** Station Name: C1
** Bottom Depth: 45
** Operator: SD
** Moorings site C1
# nquan = 7
# nvalues = 3928                                  
# units = specified
# name 0 = depSM: Depth [salt water, m]
# name 1 = latitude: Latitude [deg]
# name 2 = longitude: Longitude [deg]
# name 3 = t090C: Temperature [ITS-90, deg C]
# name 4 = sal00: Salinity, Practical [PSU]
# name 5 = svCM: Sound Velocity [Chen-Millero, m/s]
# name 6 = flag:  0.000e+00
# span 0 =      2.356,     38.957                 
# span 1 =   70.83274,   70.83288                 
# span 2 = -163.11888, -163.11886                 
# span 3 =     4.4581,     7.1671                 
# span 4 =    28.7142,    31.7641                 
# span 5 =    1464.96,    1474.54                 
# span 6 = 0.0000e+00, 0.0000e+00                 
# interval = seconds: 0.0416667
# start_time = Sep 26 2023 20:44:50 [NMEA time, first data scan]
# bad_flag = -9.990e-29
*END*
[from data line 1231]
      9.170   70.83278 -163.11888     6.4026    28.7203    1468.59  0.000e+00
      9.170   70.83278 -163.11888     6.4028    28.7211    1468.59  0.000e+00
      9.170   70.83278 -163.11888     6.4032    28.7211    1468.60  0.000e+00
      9.170   70.83278 -163.11888     6.4035    28.7205    1468.60  0.000e+00
      9.224   70.83278 -163.11888     6.4039    28.7189    1468.60  0.000e+00
      9.170   70.83278 -163.11888     6.4037    28.7187    1468.59  0.000e+00
      9.224   70.83278 -163.11888     6.4029    28.7184    1468.59  0.000e+00
      9.170   70.83278 -163.11888     6.4026    28.7176    1468.59  0.000e+00
      9.224   70.83278 -163.11888     6.4021    28.7175    1468.59  0.000e+00
      9.201   70.83278 -163.11888     6.4015    28.7177    1468.59  0.000e+00
      9.224   70.83278 -163.11888     6.4015    28.7179    1468.59  0.000e+00
      9.224   70.83278 -163.11888     6.4013    28.7184    1468.59  0.000e+00
      9.224   70.83278 -163.11888     6.4011    28.7186    1468.59  0.000e+00
      9.224   70.83278 -163.11888     6.4011    28.7184    1468.59  0.000e+00
      9.286   70.83278 -163.11888     6.4011    28.7185    1468.59  0.000e+00
      9.224   70.83278 -163.11888     6.4013    28.7182    1468.59  0.000e+00
      9.286   70.83278 -163.11888     6.4011    28.7181    1468.59  0.000e+00
      9.224   70.83278 -163.11888     6.4011    28.7182    1468.58  0.000e+00
      9.255   70.83278 -163.11888     6.4015    28.7182    1468.59  0.000e+00
      9.286   70.83278 -163.11888     6.4015    28.7179    1468.59  0.000e+00
      9.340   70.83278 -163.11888     6.4015    28.7178    1468.59  0.000e+00
      9.286   70.83278 -163.11888     6.4017    28.7174    1468.59  0.000e+00
      9.286   70.83278 -163.11888     6.4015    28.7175    1468.59  0.000e+00
      9.286   70.83278 -163.11888     6.4017    28.7179    1468.59  0.000e+00
      9.340   70.83278 -163.11888     6.4018    28.7180    1468.59  0.000e+00
      9.340   70.83278 -163.11888     6.4021    28.7177    1468.59  0.000e+00
      9.286   70.83278 -163.11888     6.4020    28.7169    1468.59  0.000e+00
      9.371   70.83278 -163.11888     6.4013    28.7169    1468.59  0.000e+00
      9.340   70.83278 -163.11888     6.4011    28.7168    1468.58  0.000e+00
      9.340   70.83278 -163.11888     6.4010    28.7174    1468.59  0.000e+00
      9.340   70.83278 -163.11888     6.4013    28.7183    1468.59  0.000e+00
      9.401   70.83278 -163.11888     6.4017    28.7185    1468.59  0.000e+00
      9.401   70.83278 -163.11888     6.4015    28.7183    1468.59  0.000e+00
      9.340   70.83278 -163.11888     6.4015    28.7184    1468.59  0.000e+00
      9.401   70.83278 -163.11888     6.4011    28.7187    1468.59  0.000e+00
      9.401   70.83278 -163.11888     6.4013    28.7184    1468.59  0.000e+00
      9.340   70.83278 -163.11888     6.4011    28.7181    1468.59  0.000e+00
      9.486   70.83278 -163.11888     6.4010    28.7175    1468.59  0.000e+00
      9.401   70.83278 -163.11888     6.4007    28.7174    1468.58  0.000e+00
      9.455   70.83278 -163.11888     6.4007    28.7173    1468.59  0.000e+00
      9.455   70.83278 -163.11888     6.4005    28.7173    1468.58  0.000e+00
      9.401   70.83278 -163.11888     6.4005    28.7176    1468.58  0.000e+00
      9.455   70.83278 -163.11888     6.4008    28.7174    1468.59  0.000e+00
      9.455   70.83278 -163.11888     6.4008    28.7173    1468.59  0.000e+00
      9.455   70.83278 -163.11888     6.4008    28.7170    1468.59  0.000e+00
      9.509   70.83278 -163.11888     6.4007    28.7170    1468.59  0.000e+00
      9.486   70.83278 -163.11888     6.4008    28.7171    1468.59  0.000e+00
      9.509   70.83278 -163.11888     6.4008    28.7172    1468.59  0.000e+00
      9.509   70.83278 -163.11888     6.4007    28.7176    1468.59  0.000e+00
      9.509   70.83278 -163.11888     6.4008    28.7173    1468.59  0.000e+00
      9.509   70.83278 -163.11888     6.4008    28.7169    1468.59  0.000e+00
      9.509   70.83278 -163.11888     6.4007    28.7168    1468.59  0.000e+00
      9.571   70.83278 -163.11888     6.4008    28.7166    1468.59  0.000e+00
      9.509   70.83278 -163.11888     6.4007    28.7168    1468.59  0.000e+00
      9.540   70.83278 -163.11888     6.4007    28.7168    1468.59  0.000e+00
      9.571   70.83278 -163.11888     6.4008    28.7168    1468.59  0.000e+00
      9.625   70.83278 -163.11888     6.4006    28.7170    1468.59  0.000e+00
      9.571   70.83278 -163.11888     6.4007    28.7172    1468.59  0.000e+00
      9.571   70.83278 -163.11888     6.4010    28.7168    1468.59  0.000e+00
      9.625   70.83278 -163.11888     6.4010    28.7169    1468.59  0.000e+00
      9.571   70.83278 -163.11888     6.4008    28.7167    1468.59  0.000e+00
      9.625   70.83278 -163.11888     6.4008    28.7166    1468.59  0.000e+00
      9.625   70.83278 -163.11888     6.4005    28.7163    1468.59  0.000e+00
      9.656   70.83278 -163.11888     6.4003    28.7166    1468.59  0.000e+00
      9.625   70.83278 -163.11888     6.4003    28.7164    1468.59  0.000e+00
      9.625   70.83278 -163.11888     6.4002    28.7166    1468.59  0.000e+00
      9.686   70.83278 -163.11888     6.4002    28.7166    1468.59  0.000e+00
      9.686   70.83278 -163.11888     6.4002    28.7166    1468.59  0.000e+00
      9.686   70.83278 -163.11888     6.3998    28.7167    1468.59  0.000e+00
      9.686   70.83278 -163.11888     6.3999    28.7161    1468.58  0.000e+00
      9.686   70.83278 -163.11888     6.4000    28.7159    1468.59  0.000e+00
      9.686   70.83278 -163.11888     6.3992    28.7161    1468.58  0.000e+00
      9.717   70.83278 -163.11888     6.3994    28.7162    1468.58  0.000e+00
      9.740   70.83278 -163.11888     6.3992    28.7170    1468.58  0.000e+00
      9.740   70.83278 -163.11888     6.3994    28.7168    1468.58  0.000e+00
      9.740   70.83278 -163.11888     6.3997    28.7167    1468.59  0.000e+00
      9.740   70.83278 -163.11888     6.3995    28.7167    1468.59  0.000e+00
      9.740   70.83278 -163.11888     6.3994    28.7168    1468.58  0.000e+00
      9.740   70.83278 -163.11888     6.3997    28.7165    1468.59  0.000e+00
      9.802   70.83278 -163.11888     6.3997    28.7166    1468.59  0.000e+00
      9.771   70.83278 -163.11888     6.3995    28.7167    1468.59  0.000e+00
      9.802   70.83278 -163.11888     6.3998    28.7164    1468.59  0.000e+00
      9.802   70.83278 -163.11888     6.3995    28.7166    1468.59  0.000e+00
      9.802   70.83278 -163.11888     6.3995    28.7162    1468.59  0.000e+00
      9.802   70.83278 -163.11888     6.3994    28.7161    1468.58  0.000e+00
      9.802   70.83278 -163.11888     6.3989    28.7164    1468.58  0.000e+00
      9.856   70.83278 -163.11888     6.3992    28.7165    1468.59  0.000e+00
      9.856   70.83278 -163.11888     6.3992    28.7166    1468.59  0.000e+00
      9.856   70.83278 -163.11888     6.3992    28.7164    1468.59  0.000e+00
      9.825   70.83278 -163.11888     6.3991    28.7161    1468.58  0.000e+00
      9.856   70.83278 -163.11888     6.3989    28.7161    1468.58  0.000e+00
      9.856   70.83278 -163.11888     6.3991    28.7160    1468.58  0.000e+00
      9.856   70.83278 -163.11888     6.3988    28.7166    1468.58  0.000e+00
      9.910   70.83278 -163.11888     6.3989    28.7164    1468.58  0.000e+00
      9.910   70.83278 -163.11888     6.3988    28.7163    1468.58  0.000e+00
      9.856   70.83278 -163.11888     6.3991    28.7162    1468.58  0.000e+00
      9.910   70.83278 -163.11888     6.3989    28.7164    1468.58  0.000e+00
      9.940   70.83278 -163.11888     6.3988    28.7166    1468.59  0.000e+00
      9.910   70.83278 -163.11888     6.3989    28.7164    1468.58  0.000e+00
      9.910   70.83278 -163.11888     6.3991    28.7166    1468.59  0.000e+00
      9.971   70.83278 -163.11888     6.3992    28.7169    1468.59  0.000e+00
      9.909   70.83278 -163.11888     6.3992    28.7165    1468.59  0.000e+00
      9.971   70.83278 -163.11888     6.3992    28.7165    1468.59  0.000e+00
      9.909   70.83278 -163.11888     6.3994    28.7165    1468.59  0.000e+00
      9.971   70.83278 -163.11888     6.3991    28.7167    1468.59  0.000e+00
      9.940   70.83278 -163.11888     6.3994    28.7166    1468.59  0.000e+00
      9.971   70.83278 -163.11888     6.3994    28.7165    1468.59  0.000e+00
      9.971   70.83278 -163.11888     6.3995    28.7161    1468.59  0.000e+00
     10.025   70.83278 -163.11888     6.3992    28.7165    1468.59  0.000e+00
      9.971   70.83278 -163.11888     6.3994    28.7166    1468.59  0.000e+00
      9.971   70.83278 -163.11888     6.3994    28.7169    1468.59  0.000e+00
     10.025   70.83278 -163.11888     6.3995    28.7168    1468.59  0.000e+00
     10.025   70.83278 -163.11888     6.3995    28.7171    1468.59  0.000e+00
     10.002   70.83278 -163.11888     6.3999    28.7172    1468.59  0.000e+00
     10.025   70.83278 -163.11888     6.4000    28.7173    1468.59  0.000e+00
     10.025   70.83278 -163.11888     6.4003    28.7171    1468.59  0.000e+00
     10.025   70.83278 -163.11888     6.4002    28.7172    1468.59  0.000e+00
     10.025   70.83278 -163.11888     6.4007    28.7168    1468.59  0.000e+00
     10.025   70.83278 -163.11888     6.4005    28.7164    1468.59  0.000e+00
     10.087   70.83278 -163.11888     6.4002    28.7165    1468.59  0.000e+00
     10.025   70.83278 -163.11888     6.4002    28.7163    1468.59  0.000e+00
     10.025   70.83278 -163.11888     6.4000    28.7167    1468.59  0.000e+00
     10.056   70.83278 -163.11888     6.4002    28.7173    1468.59  0.000e+00
     10.087   70.83278 -163.11888     6.4003    28.7168    1468.59  0.000e+00
     10.086   70.83278 -163.11888     6.4000    28.7166    1468.59  0.000e+00
     10.086   70.83278 -163.11888     6.4002    28.7164    1468.59  0.000e+00
     10.086   70.83278 -163.11888     6.4000    28.7164    1468.59  0.000e+00
     10.086   70.83278 -163.11888     6.4000    28.7163    1468.59  0.000e+00
     10.086   70.83278 -163.11888     6.3997    28.7164    1468.59  0.000e+00
     10.086   70.83278 -163.11888     6.3997    28.7159    1468.59  0.000e+00
     10.117   70.83278 -163.11888     6.3994    28.7161    1468.59  0.000e+00
     10.086   70.83278 -163.11888     6.3995    28.7168    1468.59  0.000e+00
     10.086   70.83278 -163.11888     6.3994    28.7169    1468.59  0.000e+00
     10.140   70.83278 -163.11888     6.3992    28.7168    1468.59  0.000e+00
     10.086   70.83278 -163.11888     6.3994    28.7168    1468.59  0.000e+00
     10.140   70.83278 -163.11888     6.3994    28.7170    1468.59  0.000e+00
     10.086   70.83278 -163.11888     6.3992    28.7169    1468.59  0.000e+00
     10.202   70.83278 -163.11888     6.3992    28.7167    1468.59  0.000e+00
     10.055   70.83278 -163.11888     6.3992    28.7168    1468.59  0.000e+00
     10.140   70.83278 -163.11888     6.3992    28.7165    1468.59  0.000e+00
     10.140   70.83278 -163.11888     6.3992    28.7163    1468.59  0.000e+00
     10.202   70.83278 -163.11888     6.3991    28.7165    1468.59  0.000e+00
     10.140   70.83278 -163.11888     6.3989    28.7165    1468.59  0.000e+00
     10.140   70.83278 -163.11888     6.3988    28.7166    1468.59  0.000e+00
     10.140   70.83278 -163.11888     6.3989    28.7163    1468.59  0.000e+00
     10.140   70.83278 -163.11888     6.3989    28.7163    1468.59  0.000e+00
     10.171   70.83278 -163.11888     6.3989    28.7164    1468.59  0.000e+00
     10.202   70.83278 -163.11888     6.3989    28.7168    1468.59  0.000e+00
     10.140   70.83278 -163.11888     6.3989    28.7168    1468.59  0.000e+00
     10.202   70.83278 -163.11888     6.3989    28.7171    1468.59  0.000e+00
     10.140   70.83278 -163.11888     6.3992    28.7170    1468.59  0.000e+00
     10.256   70.83278 -163.11888     6.3992    28.7169    1468.59  0.000e+00
     10.140   70.83278 -163.11888     6.3994    28.7169    1468.59  0.000e+00
     10.171   70.83278 -163.11888     6.3995    28.7167    1468.59  0.000e+00
     10.256   70.83278 -163.11888     6.3995    28.7167    1468.59  0.000e+00
     10.202   70.83278 -163.11888     6.3994    28.7170    1468.59  0.000e+00
     10.202   70.83278 -163.11888     6.3994    28.7167    1468.59  0.000e+00
     10.202   70.83278 -163.11888     6.3992    28.7167    1468.59  0.000e+00
     10.256   70.83278 -163.11888     6.3994    28.7167    1468.59  0.000e+00
     10.202   70.83278 -163.11888     6.3992    28.7168    1468.59  0.000e+00
     10.202   70.83278 -163.11888     6.3995    28.7168    1468.59  0.000e+00
     10.225   70.83278 -163.11888     6.3994    28.7167    1468.59  0.000e+00
     10.256   70.83278 -163.11888     6.3995    28.7168    1468.59  0.000e+00
     10.256   70.83278 -163.11888     6.3994    28.7174    1468.59  0.000e+00
     10.256   70.83278 -163.11888     6.3997    28.7165    1468.59  0.000e+00
     10.256   70.83278 -163.11888     6.3992    28.7159    1468.59  0.000e+00
     10.256   70.83278 -163.11888     6.3989    28.7160    1468.59  0.000e+00
     10.256   70.83278 -163.11888     6.3988    28.7161    1468.59  0.000e+00
     10.256   70.83278 -163.11888     6.3988    28.7166    1468.59  0.000e+00
     10.286   70.83278 -163.11888     6.3988    28.7174    1468.59  0.000e+00
     10.309   70.83278 -163.11888     6.3988    28.7172    1468.59  0.000e+00
     10.309   70.83278 -163.11888     6.3991    28.7168    1468.59  0.000e+00
     10.255   70.83278 -163.11888     6.3988    28.7167    1468.59  0.000e+00
     10.309   70.83278 -163.11888     6.3987    28.7164    1468.59  0.000e+00
     10.309   70.83278 -163.11888     6.3989    28.7162    1468.59  0.000e+00
     10.371   70.83278 -163.11888     6.3991    28.7166    1468.59  0.000e+00
     10.309   70.83278 -163.11888     6.3994    28.7163    1468.59  0.000e+00
     10.340   70.83278 -163.11888     6.3991    28.7169    1468.59  0.000e+00
     10.309   70.83278 -163.11888     6.3991    28.7168    1468.59  0.000e+00
     10.371   70.83278 -163.11888     6.3992    28.7176    1468.60  0.000e+00
     10.371   70.83278 -163.11888     6.3995    28.7186    1468.60  0.000e+00
     10.371   70.83278 -163.11888     6.4003    28.7186    1468.60  0.000e+00
     10.371   70.83278 -163.11888     6.4007    28.7192    1468.60  0.000e+00
     10.371   70.83278 -163.11888     6.4008    28.7199    1468.60  0.000e+00
     10.371   70.83278 -163.11888     6.4015    28.7197    1468.61  0.000e+00
     10.456   70.83278 -163.11888     6.4017    28.7192    1468.61  0.000e+00
     10.371   70.83278 -163.11888     6.4019    28.7189    1468.61  0.000e+00
     10.425   70.83278 -163.11888     6.4021    28.7193    1468.61  0.000e+00
     10.425   70.83278 -163.11888     6.4026    28.7200    1468.61  0.000e+00
     10.487   70.83278 -163.11888     6.4037    28.7203    1468.62  0.000e+00
     10.425   70.83278 -163.11888     6.4042    28.7208    1468.62  0.000e+00
     10.425   70.83278 -163.11888     6.4049    28.7203    1468.62  0.000e+00
     10.510   70.83278 -163.11888     6.4050    28.7199    1468.62  0.000e+00
     10.425   70.83278 -163.11888     6.4049    28.7202    1468.62  0.000e+00
     10.540   70.83278 -163.11888     6.4047    28.7201    1468.62  0.000e+00
     10.486   70.83278 -163.11888     6.4047    28.7206    1468.62  0.000e+00
     10.486   70.83278 -163.11888     6.4049    28.7203    1468.62  0.000e+00
     10.540   70.83278 -163.11888     6.4047    28.7203    1468.62  0.000e+00
     10.486   70.83278 -163.11888     6.4048    28.7204    1468.62  0.000e+00
     10.540   70.83278 -163.11888     6.4045    28.7202    1468.62  0.000e+00
     10.571   70.83278 -163.11888     6.4043    28.7201    1468.62  0.000e+00
     10.540   70.83278 -163.11888     6.4047    28.7206    1468.62  0.000e+00
     10.540   70.83278 -163.11888     6.4052    28.7212    1468.63  0.000e+00
     10.540   70.83278 -163.11888     6.4053    28.7211    1468.63  0.000e+00
