EcoFOCI/data/1_SampleCollection/2023_SikuliaqDBO_CruiseData/CTD_raw_BottleFile_SKQ23-12S/proc/skq202312s_079.cnv
* Sea-Bird SBE 9 Data File:
* FileName = D:\CTD\SKQ202312S\SKQ202312S_079.hex
* Software Version Seasave V 7.26.7.121
* Temperature SN = 6177
* Conductivity SN = 0369
* Number of Bytes Per Scan = 41
* Number of Voltage Words = 4
* Number of Scans Averaged by the Deck Unit = 1
* NMEA Latitude = 65 44.28 N
* NMEA Longitude = 168 38.83 W
* NMEA UTC (Time) = Oct 03 2023  07:05:08
* NMEA baud rate = 4800
** Ship: R/V Sikuliaq
** Station Number: 079
** Station Name: BS6
** Bottom Depth: 51
** Operator: SD
# nquan = 24
# nvalues = 5201                                  
# units = specified
# name 0 = depSM: Depth [salt water, m]
# name 1 = latitude: Latitude [deg]
# name 2 = longitude: Longitude [deg]
# name 3 = prDM: Pressure, Digiquartz [db]
# name 4 = t090C: Temperature [ITS-90, deg C]
# name 5 = t190C: Temperature, 2 [ITS-90, deg C]
# name 6 = potemp090C: Potential Temperature [ITS-90, deg C]
# name 7 = sal00: Salinity, Practical [PSU]
# name 8 = sal11: Salinity, Practical, 2 [PSU]
# name 9 = density00: Density [density, kg/m^3]
# name 10 = sigma-é00: Density [sigma-theta, kg/m^3]
# name 11 = sbox0Mm/Kg: Oxygen, SBE 43 [umol/kg]
# name 12 = sbox1Mm/Kg: Oxygen, SBE 43, 2 [umol/kg]
# name 13 = oxsolMm/Kg: Oxygen Saturation, Garcia & Gordon [umol/kg]
# name 14 = sbeox0PS: Oxygen, SBE 43 [% saturation]
# name 15 = sbeox1PS: Oxygen, SBE 43, 2 [% saturation]
# name 16 = v0: Voltage 0
# name 17 = flECO-AFL: Fluorescence, WET Labs ECO-AFL/FL [mg/m^3]
# name 18 = v1: Voltage 1
# name 19 = CStarAt0: Beam Attenuation, WET Labs C-Star [1/m]
# name 20 = par: PAR/Irradiance, Biospherical/Licor
# name 21 = scan: Scan Count
# name 22 = timeM: Time, Elapsed [minutes]
# name 23 = flag:  0.000e+00
# span 0 =      2.896,     46.217                 
# span 1 =   65.73778,   65.73788                 
# span 2 = -168.64800, -168.64748                 
# span 3 =      2.925,     46.682                 
# span 4 =     2.8054,     6.2234                 
# span 5 =     2.8063,     6.2270                 
# span 6 =     2.8035,     6.2227                 
# span 7 =    26.2108,    32.5771                 
# span 8 =    26.6702,    32.8149                 
# span 9 =  1020.6170,  1026.1827                 
# span 10 =    20.6023,    25.9638                
# span 11 =    242.550,    293.804                
# span 12 =    234.208,    281.904                
# span 13 =  309.52429,  335.50888                
# span 14 =     73.339,     92.086                
# span 15 =     71.166,     88.630                
# span 16 =     0.1026,     0.3407                
# span 17 =     0.2674,     1.6960                
# span 18 =     3.6642,     4.0867                
# span 19 =     0.5699,     1.0065                
# span 20 = 1.0000e-12, 3.8458e-01                
# span 21 =          1,       5201                
# span 22 =     0.0000,     3.6111                
# span 23 = 0.0000e+00, 0.0000e+00                
# interval = seconds: 0.0416667
# start_time = Oct 03 2023 07:08:37 [NMEA time, first data scan]
# bad_flag = -9.990e-29
*END*
[from data line 4951]
     45.869   65.73778 -168.64798     46.331     2.8575     2.8578     2.8550    32.5411    32.8143  1026.1525    25.9348    244.190    235.349  329.78853     74.044     71.512     0.2479     1.1392     3.6850     0.9839 1.0000e-12       4952     3.4382  0.000e+00
     45.815   65.73778 -168.64798     46.276     2.8574     2.8581     2.8548    32.5410    32.8141  1026.1522    25.9348    243.968    235.203  329.79007     73.977     71.469     0.2466     1.1319     3.6825     0.9865 1.0000e-12       4953     3.4389  0.000e+00
     45.815   65.73778 -168.64798     46.276     2.8571     2.8580     2.8545    32.5411    32.8141  1026.1523    25.9349    244.191    235.237  329.79249     74.044     71.479     0.2466     1.1319     3.6825     0.9865 1.0000e-12       4954     3.4396  0.000e+00
     45.815   65.73778 -168.64798     46.276     2.8572     2.8580     2.8547    32.5410    32.8142  1026.1522    25.9348    244.229    235.443  329.79138     74.056     71.541     0.2479     1.1392     3.6825     0.9865 1.0000e-12       4955     3.4403  0.000e+00
     45.815   65.73778 -168.64798     46.276     2.8572     2.8583     2.8547    32.5411    32.8140  1026.1523    25.9349    244.012    235.475  329.79108     73.990     71.551     0.2479     1.1392     3.6825     0.9865 1.0000e-12       4956     3.4410  0.000e+00
     45.869   65.73778 -168.64798     46.331     2.8571     2.8583     2.8545    32.5419    32.8144  1026.1532    25.9355    244.020    235.509  329.79044     73.992     71.562     0.2479     1.1392     3.6825     0.9865 1.0000e-12       4957     3.4417  0.000e+00
     45.754   65.73778 -168.64798     46.214     2.8572     2.8581     2.8546    32.5414    32.8141  1026.1523    25.9352    244.244    235.541  329.79069     74.060     71.571     0.2466     1.1319     3.6825     0.9865 1.0000e-12       4958     3.4424  0.000e+00
     45.869   65.73778 -168.64798     46.331     2.8572     2.8583     2.8546    32.5413    32.8136  1026.1527    25.9351    244.037    235.382  329.79054     73.998     71.523     0.2442     1.1172     3.6825     0.9865 1.0000e-12       4959     3.4431  0.000e+00
     45.754   65.73778 -168.64798     46.214     2.8571     2.8581     2.8545    32.5411    32.8146  1026.1520    25.9349    244.229    235.585  329.79230     74.055     71.585     0.2418     1.1025     3.6825     0.9865 1.0000e-12       4960     3.4438  0.000e+00
     45.815   65.73778 -168.64798     46.276     2.8569     2.8585     2.8543    32.5416    32.8140  1026.1527    25.9353    244.023    235.620  329.79248     73.993     71.596     0.2418     1.1025     3.6825     0.9865 1.0000e-12       4961     3.4444  0.000e+00
     45.815   65.73778 -168.64798     46.276     2.8571     2.8583     2.8545    32.5413    32.8140  1026.1525    25.9351    244.255    235.656  329.79188     74.063     71.606     0.2418     1.1025     3.6825     0.9865 1.0000e-12       4962     3.4451  0.000e+00
     45.815   65.73778 -168.64798     46.276     2.8569     2.8583     2.8543    32.5412    32.8142  1026.1524    25.9350    244.269    235.690  329.79339     74.067     71.617     0.2418     1.1025     3.6825     0.9865 1.0000e-12       4963     3.4458  0.000e+00
     45.815   65.73778 -168.64798     46.276     2.8572     2.8583     2.8547    32.5409    32.8146  1026.1521    25.9347    244.025    235.700  329.79168     73.994     71.620     0.2430     1.1099     3.6825     0.9865 1.0000e-12       4964     3.4465  0.000e+00
     45.808   65.73778 -168.64798     46.269     2.8569     2.8586     2.8543    32.5413    32.8138  1026.1524    25.9351    244.223    235.732  329.79318     74.053     71.630     0.2418     1.1025     3.6813     0.9879 1.0000e-12       4965     3.4472  0.000e+00
     45.754   65.73778 -168.64798     46.214     2.8569     2.8586     2.8543    32.5413    32.8139  1026.1521    25.9350    244.235    235.764  329.79331     74.057     71.640     0.2430     1.1099     3.6813     0.9879 1.0000e-12       4966     3.4479  0.000e+00
     45.815   65.73778 -168.64798     46.276     2.8569     2.8585     2.8543    32.5413    32.8142  1026.1525    25.9351    244.030    235.776  329.79319     73.995     71.643     0.2418     1.1025     3.6813     0.9879 1.0000e-12       4967     3.4486  0.000e+00
     45.754   65.73778 -168.64798     46.214     2.8568     2.8586     2.8543    32.5411    32.8140  1026.1520    25.9349    244.008    235.782  329.79412     73.988     71.645     0.2430     1.1099     3.6825     0.9865 1.0000e-12       4968     3.4493  0.000e+00
     45.815   65.73778 -168.64798     46.276     2.8567     2.8585     2.8542    32.5415    32.8139  1026.1526    25.9352    243.991    235.817  329.79410     73.983     71.656     0.2418     1.1025     3.6825     0.9865 1.0000e-12       4969     3.4500  0.000e+00
     45.815   65.73778 -168.64798     46.276     2.8569     2.8580     2.8543    32.5412    32.8143  1026.1524    25.9350    243.973    235.827  329.79349     73.977     71.658     0.2418     1.1025     3.6825     0.9865 1.0000e-12       4970     3.4507  0.000e+00
     45.754   65.73778 -168.64798     46.214     2.8569     2.8577     2.8543    32.5418    32.8142  1026.1526    25.9355    243.953    236.030  329.79190     73.972     71.719     0.2418     1.1025     3.6825     0.9865 1.0000e-12       4971     3.4514  0.000e+00
     45.808   65.73778 -168.64798     46.269     2.8566     2.8577     2.8540    32.5419    32.8140  1026.1529    25.9356    243.943    236.060  329.79439     73.968     71.728     0.2418     1.1025     3.6825     0.9865 1.0000e-12       4972     3.4521  0.000e+00
     45.754   65.73778 -168.64798     46.214     2.8567     2.8577     2.8542    32.5421    32.8140  1026.1528    25.9357    243.926    236.108  329.79260     73.963     71.743     0.2430     1.1099     3.6886     0.9799 1.0000e-12       4973     3.4528  0.000e+00
     45.815   65.73778 -168.64798     46.276     2.8569     2.8574     2.8543    32.5418    32.8143  1026.1529    25.9355    243.916    236.136  329.79198     73.960     71.751     0.2418     1.1025     3.6947     0.9733 1.0000e-12       4974     3.4535  0.000e+00
     45.815   65.73778 -168.64798     46.276     2.8567     2.8577     2.8542    32.5419    32.8140  1026.1529    25.9355    243.906    236.157  329.79309     73.957     71.758     0.2430     1.1099     3.6960     0.9720 1.0000e-12       4975     3.4542  0.000e+00
     45.754   65.73778 -168.64798     46.214     2.8567     2.8574     2.8542    32.5421    32.8145  1026.1529    25.9358    243.895    236.178  329.79240     73.954     71.764     0.2418     1.1025     3.6947     0.9733 1.0000e-12       4976     3.4549  0.000e+00
     45.815   65.73778 -168.64798     46.276     2.8567     2.8578     2.8542    32.5423    32.8139  1026.1533    25.9359    243.889    236.197  329.79188     73.952     71.770     0.2430     1.1099     3.6947     0.9733 1.0000e-12       4977     3.4556  0.000e+00
     45.754   65.73778 -168.64798     46.214     2.8568     2.8580     2.8543    32.5420    32.8140  1026.1527    25.9356    243.881    236.211  329.79200     73.950     71.775     0.2418     1.1025     3.6947     0.9733 1.0000e-12       4978     3.4562  0.000e+00
     45.815   65.73778 -168.64798     46.276     2.8567     2.8576     2.8542    32.5421    32.8144  1026.1531    25.9357    243.879    236.230  329.79248     73.949     71.780     0.2430     1.1099     3.6947     0.9733 1.0000e-12       4979     3.4569  0.000e+00
     45.808   65.73778 -168.64798     46.269     2.8569     2.8578     2.8543    32.5422    32.8141  1026.1531    25.9358    243.875    236.242  329.79096     73.948     71.784     0.2418     1.1025     3.6947     0.9733 1.0000e-12       4980     3.4576  0.000e+00
     45.815   65.73778 -168.64798     46.276     2.8569     2.8581     2.8543    32.5414    32.8140  1026.1526    25.9352    243.875    236.252  329.79289     73.948     71.787     0.2418     1.1025     3.6947     0.9733 1.0000e-12       4981     3.4583  0.000e+00
     45.754   65.73778 -168.64798     46.214     2.8569     2.8581     2.8543    32.5416    32.8139  1026.1524    25.9353    243.873    236.260  329.79250     73.947     71.790     0.2430     1.1099     3.6947     0.9733 1.0000e-12       4982     3.4590  0.000e+00
     45.815   65.73778 -168.64798     46.276     2.8569     2.8581     2.8543    32.5421    32.8143  1026.1531    25.9358    243.875    236.269  329.79107     73.948     71.793     0.2418     1.1025     3.6947     0.9733 1.0000e-12       4983     3.4597  0.000e+00
     45.815   65.73778 -168.64798     46.276     2.8569     2.8580     2.8543    32.5421    32.8141  1026.1531    25.9357    243.878    236.276  329.79127     73.949     71.794     0.2589     1.2051     3.6960     0.9720 1.0000e-12       4984     3.4604  0.000e+00
     45.754   65.73778 -168.64798     46.214     2.8567     2.8581     2.8542    32.5420    32.8141  1026.1527    25.9356    243.882    236.277  329.79280     73.950     71.795     0.2759     1.3077     3.6947     0.9733 1.0000e-12       4985     3.4611  0.000e+00
     45.815   65.73778 -168.64798     46.276     2.8567     2.8580     2.8542    32.5427    32.8143  1026.1536    25.9362    243.888    236.281  329.79097     73.952     71.796     0.2808     1.3370     3.6947     0.9733 1.0000e-12       4986     3.4618  0.000e+00
     45.808   65.73778 -168.64798     46.269     2.8567     2.8583     2.8542    32.5424    32.8140  1026.1533    25.9359    243.896    236.280  329.79187     73.955     71.796     0.2796     1.3297     3.6947     0.9733 1.0000e-12       4987     3.4625  0.000e+00
     45.815   65.73778 -168.64798     46.276     2.8570     2.8583     2.8544    32.5413    32.8140  1026.1524    25.9350    243.942    236.474  329.79238     73.968     71.855     0.2796     1.3297     3.6947     0.9733 1.0000e-12       4988     3.4632  0.000e+00
     45.754   65.73778 -168.64798     46.214     2.8567     2.8583     2.8542    32.5418    32.8141  1026.1526    25.9355    243.953    236.490  329.79331     73.972     71.860     0.2784     1.3223     3.6947     0.9733 1.0000e-12       4989     3.4639  0.000e+00
     45.869   65.73778 -168.64798     46.331     2.8566     2.8581     2.8540    32.5420    32.8139  1026.1533    25.9357    243.752    236.314  329.79407     73.910     71.806     0.2796     1.3297     3.6947     0.9733 1.0000e-12       4990     3.4646  0.000e+00
     45.815   65.73778 -168.64798     46.276     2.8566     2.8583     2.8540    32.5423    32.8141  1026.1533    25.9359    243.912    236.302  329.79339     73.959     71.803     0.2796     1.3297     3.6947     0.9733 1.0000e-12       4991     3.4653  0.000e+00
     45.815   65.73778 -168.64798     46.276     2.8566     2.8583     2.8540    32.5416    32.8143  1026.1528    25.9354    243.930    236.486  329.79500     73.964     71.859     0.2796     1.3297     3.6947     0.9733 1.0000e-12       4992     3.4660  0.000e+00
     45.815   65.73778 -168.64798     46.276     2.8567     2.8583     2.8542    32.5415    32.8138  1026.1526    25.9353    243.910    236.495  329.79400     73.958     71.861     0.2796     1.3297     3.6923     0.9759 1.0000e-12       4993     3.4667  0.000e+00
     45.815   65.73778 -168.64798     46.276     2.8564     2.8583     2.8538    32.5426    32.8141  1026.1535    25.9361    243.891    236.500  329.79399     73.952     71.863     0.2784     1.3223     3.6899     0.9786 1.0000e-12       4994     3.4674  0.000e+00
     45.808   65.73778 -168.64798     46.269     2.8564     2.8583     2.8538    32.5421    32.8141  1026.1531    25.9357    243.909    236.307  329.79519     73.958     71.804     0.2796     1.3297     3.6886     0.9799 1.0000e-12       4995     3.4681  0.000e+00
     45.869   65.73778 -168.64798     46.331     2.8566     2.8581     2.8540    32.5426    32.8142  1026.1538    25.9361    243.928    236.484  329.79265     73.964     71.858     0.2784     1.3223     3.6886     0.9799 1.0000e-12       4996     3.4688  0.000e+00
     45.815   65.73778 -168.64798     46.276     2.8564     2.8581     2.8538    32.5428    32.8139  1026.1537    25.9363    243.948    236.481  329.79328     73.970     71.857     0.2796     1.3297     3.6886     0.9799 1.0000e-12       4997     3.4694  0.000e+00
     45.869   65.73778 -168.64798     46.331     2.8565     2.8580     2.8539    32.5422    32.8142  1026.1535    25.9358    243.972    236.478  329.79396     73.977     71.856     0.2784     1.3223     3.6886     0.9799 1.0000e-12       4998     3.4701  0.000e+00
     45.815   65.73778 -168.64798     46.276     2.8564     2.8578     2.8538    32.5420    32.8142  1026.1531    25.9357    243.996    236.274  329.79540     73.984     71.793     0.2796     1.3297     3.6886     0.9799 1.0000e-12       4999     3.4708  0.000e+00
     45.869   65.73778 -168.64798     46.331     2.8566     2.8578     2.8540    32.5421    32.8139  1026.1534    25.9358    243.984    236.244  329.79376     73.981     71.784     0.2808     1.3370     3.6886     0.9799 1.0000e-12       5000     3.4715  0.000e+00
     45.815   65.73778 -168.64798     46.276     2.8563     2.8576     2.8537    32.5420    32.8139  1026.1531    25.9357    244.010    236.233  329.79661     73.988     71.780     0.2784     1.3223     3.6886     0.9799 1.0000e-12       5001     3.4722  0.000e+00
     45.869   65.73778 -168.64798     46.331     2.8564     2.8578     2.8538    32.5428    32.8141  1026.1540    25.9364    243.999    236.197  329.79326     73.985     71.770     0.2796     1.3297     3.6886     0.9799 1.0000e-12       5002     3.4729  0.000e+00
     45.869   65.73778 -168.64798     46.331     2.8564     2.8576     2.8538    32.5429    32.8143  1026.1540    25.9364    244.025    236.161  329.79315     73.993     71.759     0.2784     1.3223     3.6886     0.9799 1.0000e-12       5003     3.4736  0.000e+00
     45.869   65.73778 -168.64798     46.331     2.8564     2.8576     2.8538    32.5425    32.8136  1026.1537    25.9361    244.054    236.147  329.79406     74.002     71.754     0.2796     1.3297     3.6886     0.9799 1.0000e-12       5004     3.4743  0.000e+00
     45.869   65.73778 -168.64798     46.331     2.8564     2.8573     2.8538    32.5418    32.8138  1026.1532    25.9356    244.048    236.328  329.79578     74.000     71.809     0.2784     1.3223     3.6886     0.9799 1.0000e-12       5005     3.4750  0.000e+00
     45.869   65.73778 -168.64798     46.331     2.8563     2.8576     2.8537    32.5420    32.8142  1026.1533    25.9357    244.041    236.331  329.79669     73.998     71.810     0.2796     1.3297     3.6886     0.9799 1.0000e-12       5006     3.4757  0.000e+00
     45.869   65.73778 -168.64798     46.331     2.8564     2.8576     2.8538    32.5423    32.8141  1026.1536    25.9359    244.069    236.334  329.79467     74.006     71.811     0.2784     1.3223     3.6886     0.9799 1.0000e-12       5007     3.4764  0.000e+00
     45.931   65.73778 -168.64798     46.393     2.8566     2.8576     2.8540    32.5422    32.8138  1026.1538    25.9359    243.845    236.313  329.79344     73.939     71.805     0.2784     1.3223     3.6899     0.9786 1.0000e-12       5008     3.4771  0.000e+00
     45.869   65.73778 -168.64798     46.331     2.8564     2.8577     2.8538    32.5421    32.8139  1026.1534    25.9357    244.061    236.309  329.79568     74.004     71.804     0.2784     1.3223     3.6886     0.9799 1.0000e-12       5009     3.4778  0.000e+00
     45.923   65.73778 -168.64798     46.386     2.8561     2.8576     2.8535    32.5428    32.8140  1026.1543    25.9364    244.060    236.111  329.79595     74.003     71.743     0.2589     1.2051     3.6886     0.9799 1.0000e-12       5010     3.4785  0.000e+00
     45.869   65.73778 -168.64798     46.331     2.8566     2.8576     2.8540    32.5426    32.8140  1026.1538    25.9361    244.090    236.081  329.79255     74.013     71.734     0.2515     1.1612     3.6899     0.9786 1.0000e-12       5011     3.4792  0.000e+00
