EcoFOCI/data/1_SampleCollection/2023_SikuliaqDBO_CruiseData/CTD_raw_BottleFile_SKQ23-12S/proc/skq202312s_055.cnv
* Sea-Bird SBE 9 Data File:
* FileName = D:\CTD\SKQ202312S\SKQ202312S_055.hex
* Software Version Seasave V 7.26.7.121
* Temperature SN = 6177
* Conductivity SN = 0369
* Number of Bytes Per Scan = 41
* Number of Voltage Words = 4
* Number of Scans Averaged by the Deck Unit = 1
* NMEA Latitude = 71 05.09 N
* NMEA Longitude = 163 48.16 W
* NMEA UTC (Time) = Sep 27 2023  03:55:23
* NMEA baud rate = 4800
** Ship: R/V Sikuliaq
** Station Number: 055
** Station Name: IC7
** Bottom Depth: 43
** Operator: SD
# nquan = 24
# nvalues = 4207                                  
# units = specified
# name 0 = depSM: Depth [salt water, m]
# name 1 = latitude: Latitude [deg]
# name 2 = longitude: Longitude [deg]
# name 3 = prDM: Pressure, Digiquartz [db]
# name 4 = t090C: Temperature [ITS-90, deg C]
# name 5 = t190C: Temperature, 2 [ITS-90, deg C]
# name 6 = potemp090C: Potential Temperature [ITS-90, deg C]
# name 7 = sal00: Salinity, Practical [PSU]
# name 8 = sal11: Salinity, Practical, 2 [PSU]
# name 9 = density00: Density [density, kg/m^3]
# name 10 = sigma-é00: Density [sigma-theta, kg/m^3]
# name 11 = sbox0Mm/Kg: Oxygen, SBE 43 [umol/kg]
# name 12 = sbox1Mm/Kg: Oxygen, SBE 43, 2 [umol/kg]
# name 13 = oxsolMm/Kg: Oxygen Saturation, Garcia & Gordon [umol/kg]
# name 14 = sbeox0PS: Oxygen, SBE 43 [% saturation]
# name 15 = sbeox1PS: Oxygen, SBE 43, 2 [% saturation]
# name 16 = v0: Voltage 0
# name 17 = flECO-AFL: Fluorescence, WET Labs ECO-AFL/FL [mg/m^3]
# name 18 = v1: Voltage 1
# name 19 = CStarAt0: Beam Attenuation, WET Labs C-Star [1/m]
# name 20 = par: PAR/Irradiance, Biospherical/Licor
# name 21 = scan: Scan Count
# name 22 = timeM: Time, Elapsed [minutes]
# name 23 = flag:  0.000e+00
# span 0 =      2.116,     37.949                 
# span 1 =   71.08482,   71.08482                 
# span 2 = -163.80274, -163.80274                 
# span 3 =      2.138,     38.343                 
# span 4 =     0.6637,     4.2032                 
# span 5 =     0.6640,     4.2048                 
# span 6 =     0.6624,     4.2030                 
# span 7 =    30.6508,    32.2705                 
# span 8 =    30.6566,    32.2256                 
# span 9 =  1024.3214,  1026.0122                 
# span 10 =    24.3090,    25.8535                
# span 11 =    298.310,    321.139                
# span 12 =    282.173,    301.907                
# span 13 =  321.81449,  349.55777                
# span 14 =     85.791,     98.896                
# span 15 =     81.053,     93.704                
# span 16 =     0.0855,     0.1624                
# span 17 =     0.1648,     0.6264                
# span 18 =     0.3602,     4.1978                
# span 19 =     0.4625,    10.2974                
# span 20 = 1.7911e-02, 1.7763e+01                
# span 21 =          1,       4207                
# span 22 =     0.0000,     2.9208                
# span 23 = 0.0000e+00, 0.0000e+00                
# interval = seconds: 0.0416667
# start_time = Sep 27 2023 03:58:52 [NMEA time, first data scan]
# bad_flag = -9.990e-29
*END*
[from data line 2295]
     24.740   71.08482 -163.80274     24.996     4.0217     4.0823     4.0201    31.6881    31.6473  1025.2674    25.1505    317.203    297.886  322.58059     98.333     92.452     0.1197     0.3699     1.2735     5.2363 1.0153e+00       2296     1.5938  0.000e+00
     24.779   71.08482 -163.80274     25.035     4.0477     4.0942     4.0461    31.6821    31.6559  1025.2602    25.1432    317.274    298.026  322.39194     98.413     92.528     0.1233     0.3919     1.2735     5.2363 1.0122e+00       2297     1.5944  0.000e+00
     24.794   71.08482 -163.80274     25.051     4.0671     4.1014     4.0655    31.6792    31.6617  1025.2561    25.1390    317.195    298.051  322.24670     98.432     92.556     0.1282     0.4212     1.2735     5.2363 1.0090e+00       2298     1.5951  0.000e+00
     24.779   71.08482 -163.80274     25.035     4.0815     4.1079     4.0799    31.6754    31.6636  1025.2516    25.1347    317.140    298.246  322.14357     98.447     92.633     0.1270     0.4139     1.2735     5.2363 1.0090e+00       2299     1.5958  0.000e+00
     24.833   71.08482 -163.80274     25.090     4.0924     4.1134     4.0908    31.6733    31.6656  1025.2491    25.1319    317.094    298.082  322.06374     98.457     92.596     0.1282     0.4212     1.2735     5.2363 1.0122e+00       2300     1.5965  0.000e+00
     24.856   71.08482 -163.80274     25.113     4.0997     4.1170     4.0981    31.6740    31.6679  1025.2491    25.1317    317.261    298.278  322.00537     98.526     92.666     0.1282     0.4212     1.2735     5.2363 1.0122e+00       2301     1.5972  0.000e+00
     24.894   71.08482 -163.80274     25.152     4.1057     4.1188     4.1041    31.6746    31.6715  1025.2491    25.1316    317.027    298.305  321.95667     98.469     92.681     0.1282     0.4212     1.2735     5.2363 1.0122e+00       2302     1.5979  0.000e+00
     24.856   71.08482 -163.80274     25.113     4.1101     4.1195     4.1085    31.6735    31.6736  1025.2477    25.1304    317.421    298.519  321.92474     98.601     92.751     0.1270     0.4139     1.2723     5.2402 1.0122e+00       2303     1.5986  0.000e+00
     24.894   71.08482 -163.80274     25.152     4.1131     4.1195     4.1115    31.6726    31.6767  1025.2469    25.1294    317.450    298.558  321.90349     98.617     92.765     0.1270     0.4139     1.2552     5.2943 1.0122e+00       2304     1.5993  0.000e+00
     24.910   71.08482 -163.80274     25.168     4.1147     4.1194     4.1131    31.6724    31.6800  1025.2466    25.1291    317.677    298.773  321.89168     98.691     92.834     0.1282     0.4212     1.2430     5.3335 1.0122e+00       2305     1.6000  0.000e+00
     24.948   71.08482 -163.80274     25.207     4.1157     4.1188     4.1140    31.6741    31.6836  1025.2480    25.1303    317.704    298.809  321.88033     98.703     92.846     0.1282     0.4212     1.2405     5.3413 1.0122e+00       2306     1.6007  0.000e+00
     24.948   71.08482 -163.80274     25.207     4.1160     4.1185     4.1143    31.6770    31.6887  1025.2504    25.1326    317.708    299.035  321.87068     98.707     92.919     0.1282     0.4212     1.2418     5.3374 1.0122e+00       2307     1.6014  0.000e+00
     24.971   71.08482 -163.80274     25.230     4.1164     4.1171     4.1148    31.6810    31.6933  1025.2535    25.1357    317.718    299.091  321.85746     98.714     92.937     0.1270     0.4139     1.2418     5.3374 1.0122e+00       2308     1.6021  0.000e+00
     25.002   71.08482 -163.80274     25.261     4.1162     4.1157     4.1146    31.6859    31.6975  1025.2576    25.1396    317.988    299.323  321.84723     98.801     93.008     0.1282     0.4212     1.2418     5.3374 1.0027e+00       2309     1.6028  0.000e+00
     25.025   71.08482 -163.80274     25.284     4.1160     4.1149     4.1143    31.6900    31.7021  1025.2610    25.1429    317.992    299.365  321.83935     98.805     93.023     0.1270     0.4139     1.2418     5.3374 9.9638e-01       2310     1.6035  0.000e+00
     25.002   71.08482 -163.80274     25.261     4.1145     4.1141     4.1129    31.6969    31.7081  1025.2665    25.1485    317.974    299.577  321.83368     98.801     93.091     0.1282     0.4212     1.2418     5.3374 9.9638e-01       2311     1.6042  0.000e+00
     25.064   71.08482 -163.80274     25.323     4.1134     4.1134     4.1118    31.7026    31.7141  1025.2715    25.1532    317.547    299.608  321.82846     98.670     93.103     0.1294     0.4286     1.2418     5.3374 9.9951e-01       2312     1.6049  0.000e+00
     25.079   71.08482 -163.80274     25.339     4.1125     4.1122     4.1109    31.7070    31.7204  1025.2751    25.1568    317.878    299.813  321.82515     98.773     93.169     0.1282     0.4212     1.2418     5.3374 1.0027e+00       2313     1.6056  0.000e+00
     25.118   71.08482 -163.80274     25.378     4.1117     4.1117     4.1101    31.7122    31.7254  1025.2795    25.1609    318.038    299.643  321.81884     98.825     93.118     0.1282     0.4212     1.2418     5.3374 1.0058e+00       2314     1.6063  0.000e+00
     25.079   71.08482 -163.80274     25.339     4.1111     4.1102     4.1094    31.7160    31.7298  1025.2824    25.1640    317.993    299.842  321.81449     98.813     93.180     0.1282     0.4212     1.2418     5.3374 9.9951e-01       2315     1.6069  0.000e+00
     25.179   71.08482 -163.80274     25.440     4.1095     4.1083     4.1079    31.7209    31.7342  1025.2870    25.1681    317.970    300.055  321.81483     98.805     93.245     0.1282     0.4212     1.2418     5.3374 9.8701e-01       2316     1.6076  0.000e+00
     25.141   71.08482 -163.80274     25.401     4.1084     4.1066     4.1068    31.7244    31.7386  1025.2896    25.1710    317.918    300.078  321.81505     98.789     93.251     0.1270     0.4139     1.2418     5.3374 9.8701e-01       2317     1.6083  0.000e+00
     25.179   71.08482 -163.80274     25.440     4.1065     4.1039     4.1049    31.7286    31.7450  1025.2933    25.1745    318.061    300.111  321.81967     98.832     93.260     0.1282     0.4212     1.2418     5.3374 9.8701e-01       2318     1.6090  0.000e+00
     25.179   71.08482 -163.80274     25.440     4.1046     4.1008     4.1030    31.7342    31.7524  1025.2980    25.1791    318.031    300.318  321.82085     98.822     93.323     0.1270     0.4139     1.2418     5.3374 9.9012e-01       2319     1.6097  0.000e+00
     25.195   71.08482 -163.80274     25.456     4.1019     4.0981     4.1002    31.7417    31.7595  1025.3043    25.1853    318.192    300.359  321.82408     98.871     93.334     0.1282     0.4212     1.2418     5.3374 9.9012e-01       2320     1.6104  0.000e+00
     25.295   71.08482 -163.80274     25.557     4.0990     4.0953     4.0974    31.7494    31.7656  1025.3112    25.1918    318.188    300.392  321.82752     98.869     93.343     0.1294     0.4286     1.2418     5.3374 9.9012e-01       2321     1.6111  0.000e+00
     25.256   71.08482 -163.80274     25.518     4.0960     4.0914     4.0944    31.7574    31.7735  1025.3176    25.1984    317.946    300.409  321.83174     98.793     93.344     0.1294     0.4286     1.2418     5.3374 9.9012e-01       2322     1.6118  0.000e+00
     25.233   71.08482 -163.80274     25.495     4.0924     4.0867     4.0908    31.7668    31.7827  1025.3253    25.2062    318.284    300.414  321.83724     98.896     93.342     0.1392     0.4872     1.2418     5.3374 9.9012e-01       2323     1.6125  0.000e+00
     25.310   71.08482 -163.80274     25.572     4.0884     4.0809     4.0868    31.7746    31.7918  1025.3323    25.2128    318.076    300.628  321.84941     98.828     93.401     0.1429     0.5091     1.2869     5.1943 9.9012e-01       2324     1.6132  0.000e+00
     25.295   71.08482 -163.80274     25.557     4.0842     4.0752     4.0826    31.7812    31.8000  1025.3379    25.2185    318.026    300.844  321.86631     98.807     93.461     0.1441     0.5165     1.3358     5.0452 9.8701e-01       2325     1.6139  0.000e+00
     25.349   71.08482 -163.80274     25.611     4.0796     4.0697     4.0780    31.7866    31.8067  1025.3428    25.2232    318.174    300.879  321.88899     98.846     93.465     0.1429     0.5091     1.3455     5.0160 9.8391e-01       2326     1.6146  0.000e+00
     25.372   71.08482 -163.80274     25.635     4.0746     4.0653     4.0729    31.7919    31.8112  1025.3476    25.2279    318.123    301.083  321.91564     98.822     93.521     0.1429     0.5091     1.3431     5.0233 9.8391e-01       2327     1.6153  0.000e+00
     25.349   71.08482 -163.80274     25.611     4.0698     4.0614     4.0682    31.7963    31.8152  1025.3515    25.2319    318.081    301.117  321.94184     98.801     93.526     0.1441     0.5165     1.3407     5.0306 9.8081e-01       2328     1.6160  0.000e+00
     25.426   71.08482 -163.80274     25.689     4.0649     4.0578     4.0633    31.8010    31.8186  1025.3560    25.2360    318.233    301.138  321.96884     98.840     93.527     0.1429     0.5091     1.3407     5.0306 9.7773e-01       2329     1.6167  0.000e+00
     25.403   71.08482 -163.80274     25.666     4.0609     4.0544     4.0592    31.8053    31.8216  1025.3598    25.2399    318.206    301.327  321.98989     98.825     93.580     0.1429     0.5091     1.3407     5.0306 9.7773e-01       2330     1.6174  0.000e+00
     25.480   71.08482 -163.80274     25.744     4.0570     4.0506     4.0554    31.8094    31.8254  1025.3638    25.2435    318.195    301.336  322.01011     98.815     93.576     0.1416     0.5018     1.3407     5.0306 9.8081e-01       2331     1.6181  0.000e+00
     25.403   71.08482 -163.80274     25.666     4.0539     4.0478     4.0522    31.8123    31.8280  1025.3660    25.2461    318.119    301.337  322.02763     98.786     93.572     0.1429     0.5091     1.3407     5.0306 9.8391e-01       2332     1.6187  0.000e+00
     25.518   71.08482 -163.80274     25.783     4.0506     4.0450     4.0489    31.8144    31.8301  1025.3685    25.2481    318.068    301.520  322.04863     98.764     93.624     0.1416     0.5018     1.3407     5.0306 9.8391e-01       2333     1.6194  0.000e+00
     25.480   71.08482 -163.80274     25.744     4.0469     4.0419     4.0452    31.8178    31.8332  1025.3715    25.2512    318.234    301.532  322.06898     98.809     93.623     0.1429     0.5091     1.3407     5.0306 9.7465e-01       2334     1.6201  0.000e+00
     25.518   71.08482 -163.80274     25.783     4.0436     4.0393     4.0420    31.8206    31.8350  1025.3742    25.2537    317.992    301.530  322.08771     98.728     93.618     0.1441     0.5165     1.3407     5.0306 9.6852e-01       2335     1.6208  0.000e+00
     25.542   71.08482 -163.80274     25.806     4.0405     4.0362     4.0388    31.8233    31.8376  1025.3768    25.2562    317.907    301.702  322.10584     98.696     93.666     0.1429     0.5091     1.3407     5.0306 9.6852e-01       2336     1.6215  0.000e+00
     25.580   71.08482 -163.80274     25.845     4.0368     4.0327     4.0352    31.8266    31.8401  1025.3799    25.2591    317.841    301.715  322.12639     98.670     93.664     0.1441     0.5165     1.3407     5.0306 9.6852e-01       2337     1.6222  0.000e+00
     25.596   71.08482 -163.80274     25.861     4.0334     4.0292     4.0317    31.8290    31.8428  1025.3822    25.2614    317.791    301.710  322.14728     98.648     93.656     0.1429     0.5091     1.3407     5.0306 9.7158e-01       2338     1.6229  0.000e+00
     25.580   71.08482 -163.80274     25.845     4.0302     4.0257     4.0286    31.8311    31.8457  1025.3841    25.2634    317.510    301.875  322.16680     98.555     93.702     0.1429     0.5091     1.3407     5.0306 9.7158e-01       2339     1.6236  0.000e+00
     25.634   71.08482 -163.80274     25.900     4.0269     4.0232     4.0253    31.8333    31.8469  1025.3864    25.2654    317.397    301.897  322.18745     98.513     93.704     0.1416     0.5018     1.3407     5.0306 9.6547e-01       2340     1.6243  0.000e+00
     25.657   71.08482 -163.80274     25.923     4.0242     4.0200     4.0225    31.8346    31.8486  1025.3879    25.2667    317.264    301.907  322.20567     98.466     93.700     0.1429     0.5091     1.3407     5.0306 9.5636e-01       2341     1.6250  0.000e+00
     25.634   71.08482 -163.80274     25.899     4.0211     4.0159     4.0194    31.8354    31.8513  1025.3887    25.2676    317.154    301.715  322.22812     98.425     93.633     0.1441     0.5165     1.3407     5.0306 9.5334e-01       2342     1.6257  0.000e+00
     25.711   71.08482 -163.80274     25.977     4.0176     4.0116     4.0159    31.8373    31.8542  1025.3909    25.2695    317.034    301.681  322.25072     98.381     93.615     0.1429     0.5091     1.3407     5.0306 9.5334e-01       2343     1.6264  0.000e+00
     25.696   71.08482 -163.80274     25.962     4.0134     4.0069     4.0117    31.8403    31.8574  1025.3936    25.2722    316.724    301.843  322.27648     98.277     93.657     0.1441     0.5165     1.3175     5.1005 9.5334e-01       2344     1.6271  0.000e+00
     25.765   71.08482 -163.80274     26.032     4.0083     4.0025     4.0067    31.8436    31.8603  1025.3971    25.2754    316.591    301.823  322.30781     98.226     93.643     0.1429     0.5091     1.2759     5.2287 9.5334e-01       2345     1.6278  0.000e+00
     25.750   71.08482 -163.80274     26.016     4.0031     3.9983     4.0014    31.8464    31.8624  1025.3997    25.2781    316.480    301.617  322.34228     98.181     93.571     0.1429     0.5091     1.2650     5.2633 9.5334e-01       2346     1.6285  0.000e+00
     25.750   71.08482 -163.80274     26.016     3.9984     3.9936     3.9967    31.8482    31.8650  1025.4016    25.2800    316.359    301.570  322.37466     98.134     93.547     0.1429     0.5091     1.2662     5.2594 9.4135e-01       2347     1.6292  0.000e+00
     25.827   71.08482 -163.80274     26.094     3.9938     3.9891     3.9921    31.8505    31.8671  1025.4042    25.2823    316.017    301.535  322.40504     98.019     93.528     0.1429     0.5091     1.2686     5.2517 9.3838e-01       2348     1.6299  0.000e+00
     25.804   71.08482 -163.80274     26.071     3.9899     3.9841     3.9882    31.8523    31.8697  1025.4059    25.2841    315.837    301.464  322.43108     97.955     93.496     0.1441     0.5165     1.2686     5.2517 9.3838e-01       2349     1.6306  0.000e+00
     25.827   71.08482 -163.80274     26.094     3.9861     3.9788     3.9844    31.8538    31.8718  1025.4076    25.2857    315.473    301.406  322.45709     97.834     93.468     0.1453     0.5238     1.2686     5.2517 9.4733e-01       2350     1.6313  0.000e+00
     25.865   71.08482 -163.80274     26.133     3.9817     3.9724     3.9800    31.8559    31.8755  1025.4099    25.2877    315.252    301.344  322.48677     97.757     93.436     0.1465     0.5311     1.2686     5.2517 9.5033e-01       2351     1.6319  0.000e+00
     25.881   71.08482 -163.80274     26.149     3.9770     3.9661     3.9753    31.8574    31.8787  1025.4116    25.2894    315.307    301.289  322.51977     97.764     93.408     0.1453     0.5238     1.2686     5.2517 9.5033e-01       2352     1.6326  0.000e+00
     25.865   71.08482 -163.80274     26.133     3.9707     3.9604     3.9690    31.8608    31.8816  1025.4148    25.2927    314.763    301.029  322.56082     97.583     93.316     0.1453     0.5238     1.2674     5.2556 9.4135e-01       2353     1.6333  0.000e+00
     25.919   71.08482 -163.80274     26.188     3.9653     3.9562     3.9636    31.8637    31.8831  1025.4179    25.2955    314.604    300.941  322.59630     97.523     93.280     0.1441     0.5165     1.2686     5.2517 9.3541e-01       2354     1.6340  0.000e+00
