EcoFOCI/data/1_SampleCollection/2023_SikuliaqDBO_CruiseData/CTD_raw_BottleFile_SKQ23-12S/proc/skq202312s_016.ros
* Sea-Bird SBE 9 Data File:
* FileName = D:\CTD\SKQ202312S\SKQ202312S_016.hex
* Software Version Seasave V 7.26.7.121
* Temperature SN = 6177
* Conductivity SN = 0369
* Number of Bytes Per Scan = 41
* Number of Voltage Words = 4
* Number of Scans Averaged by the Deck Unit = 1
* NMEA Latitude = 64 40.76 N
* NMEA Longitude = 169 06.00 W
* NMEA UTC (Time) = Sep 17 2023  13:39:04
* NMEA baud rate = 4800
** Ship: R/V Sikuliaq
** Station Number: 016
** Station Name: DBO2.2
** Bottom Depth: 45
** Operator: SD
# nquan = 22
# nvalues = 882                                   
# units = specified
# name 0 = depSM: Depth [salt water, m]
# name 1 = latitude: Latitude [deg]
# name 2 = longitude: Longitude [deg]
# name 3 = prDM: Pressure, Digiquartz [db]
# name 4 = t090C: Temperature [ITS-90, deg C]
# name 5 = t190C: Temperature, 2 [ITS-90, deg C]
# name 6 = potemp090C: Potential Temperature [ITS-90, deg C]
# name 7 = sal00: Salinity, Practical [PSU]
# name 8 = sal11: Salinity, Practical, 2 [PSU]
# name 9 = density00: Density [density, kg/m^3]
# name 10 = sigma-é00: Density [sigma-theta, kg/m^3]
# name 11 = sbox0Mm/Kg: Oxygen, SBE 43 [umol/kg]
# name 12 = sbox1Mm/Kg: Oxygen, SBE 43, 2 [umol/kg]
# name 13 = oxsolMm/Kg: Oxygen Saturation, Garcia & Gordon [umol/kg]
# name 14 = sbeox0PS: Oxygen, SBE 43 [% saturation]
# name 15 = v0: Voltage 0
# name 16 = flECO-AFL: Fluorescence, WET Labs ECO-AFL/FL [mg/m^3]
# name 17 = CStarAt0: Beam Attenuation, WET Labs C-Star [1/m]
# name 18 = par: PAR/Irradiance, Biospherical/Licor
# name 19 = scan: Scan Count
# name 20 = nbf: Bottles Fired
# name 21 = flag:  0.000e+00
# interval = seconds: 0.0416667
# start_time = Sep 17 2023 13:42:59 [NMEA time, first data scan]
# bad_flag = -9.990e-29
*END*
[from data line 527]
     15.170   64.67938 -169.10004     15.321     2.6207     2.6215     2.6199    32.4499    32.4598  1025.9535    25.8814    298.722    285.244  331.96424     89.986     0.2601     1.2124     0.7421 1.0000e-12      16890         11  0.000e+00
     15.140   64.67938 -169.10004     15.290     2.6206     2.6215     2.6198    32.4501    32.4600  1025.9535    25.8816    298.543    285.244  331.96451     89.932     0.2613     1.2198     0.7458 1.0000e-12      16891         11  0.000e+00
     15.116   64.67938 -169.10004     15.266     2.6209     2.6214     2.6200    32.4500    32.4603  1025.9533    25.8814    298.547    285.246  331.96274     89.934     0.2601     1.2124     0.7483 1.0000e-12      16892         11  0.000e+00
     15.116   64.67938 -169.10004     15.266     2.6206     2.6215     2.6198    32.4504    32.4602  1025.9537    25.8818    298.558    285.247  331.96376     89.937     0.2613     1.2198     0.7483 1.0000e-12      16893         11  0.000e+00
     15.170   64.67938 -169.10004     15.321     2.6206     2.6215     2.6198    32.4505    32.4599  1025.9540    25.8819    298.790    285.448  331.96363     90.007     0.2613     1.2198     0.7483 1.0000e-12      16894         11  0.000e+00
     15.116   64.67938 -169.10004     15.266     2.6210     2.6217     2.6202    32.4501    32.4597  1025.9534    25.8815    298.611    285.273  331.96110     89.954     0.2613     1.2198     0.7483 1.0000e-12      16895         11  0.000e+00
     15.086   64.67938 -169.10004     15.235     2.6206     2.6215     2.6198    32.4505    32.4598  1025.9536    25.8819    298.588    285.249  331.96352     89.946     0.2613     1.2198     0.7483 1.0000e-12      16896         11  0.000e+00
     15.116   64.67938 -169.10004     15.266     2.6209     2.6215     2.6201    32.4499    32.4600  1025.9533    25.8814    298.782    285.447  331.96233     90.005     0.2601     1.2124     0.7483 1.0000e-12      16897         11  0.000e+00
     15.116   64.67938 -169.10004     15.266     2.6209     2.6215     2.6200    32.4500    32.4599  1025.9533    25.8814    298.609    285.469  331.96274     89.952     0.2613     1.2198     0.7483 1.0000e-12      16898         11  0.000e+00
     15.116   64.67938 -169.10004     15.266     2.6209     2.6210     2.6201    32.4505    32.4603  1025.9537    25.8819    298.399    285.297  331.96090     89.890     0.2601     1.2124     0.7483 1.0000e-12      16899         11  0.000e+00
     15.116   64.67938 -169.10004     15.266     2.6210     2.6210     2.6202    32.4502    32.4601  1025.9535    25.8816    298.818    285.295  331.96080     90.016     0.2613     1.2198     0.7483 1.0000e-12      16900         11  0.000e+00
     15.086   64.67938 -169.10004     15.235     2.6208     2.6210     2.6199    32.4504    32.4598  1025.9535    25.8818    298.869    285.293  331.96260     90.031     0.2601     1.2124     0.7483 1.0000e-12      16901         11  0.000e+00
     10.200   64.67938 -169.10006     10.301     2.6161     2.6203     2.6155    32.4496    32.4596  1025.9300    25.8815    299.583    286.056  332.00313     90.235     0.2601     1.2124     0.7471 8.4714e-06      19439         12  0.000e+00
     10.231   64.67938 -169.10006     10.332     2.6158     2.6203     2.6153    32.4495    32.4597  1025.9301    25.8814    299.792    286.032  332.00532     90.297     0.2589     1.2051     0.7471 5.1175e-03      19440         12  0.000e+00
     10.200   64.67938 -169.10006     10.301     2.6159     2.6203     2.6154    32.4497    32.4600  1025.9301    25.8816    299.587    286.024  332.00425     90.236     0.2601     1.2124     0.7471 7.9318e-03      19441         12  0.000e+00
     10.200   64.67938 -169.10006     10.301     2.6159     2.6204     2.6154    32.4494    32.4597  1025.9299    25.8814    299.568    286.015  332.00497     90.230     0.2589     1.2051     0.7471 5.4659e-03      19442         12  0.000e+00
     10.200   64.67938 -169.10006     10.301     2.6157     2.6206     2.6151    32.4497    32.4594  1025.9301    25.8817    299.549    286.197  332.00599     90.224     0.2589     1.2051     0.7471 6.7730e-04      19443         12  0.000e+00
     10.200   64.67938 -169.10006     10.301     2.6157     2.6204     2.6152    32.4495    32.4597  1025.9300    25.8815    299.526    286.203  332.00609     90.217     0.2601     1.2124     0.7471 1.0000e-12      19444         12  0.000e+00
     10.254   64.67938 -169.10006     10.355     2.6157     2.6206     2.6152    32.4497    32.4596  1025.9303    25.8816    299.542    286.203  332.00576     90.222     0.2589     1.2051     0.7458 1.0000e-12      19445         12  0.000e+00
     10.200   64.67938 -169.10006     10.301     2.6157     2.6201     2.6151    32.4498    32.4603  1025.9302    25.8817    299.553    286.199  332.00579     90.225     0.2601     1.2124     0.7471 1.0131e-03      19446         12  0.000e+00
     10.254   64.67938 -169.10006     10.355     2.6156     2.6203     2.6150    32.4495    32.4595  1025.9302    25.8814    299.533    285.995  332.00760     90.219     0.2589     1.2051     0.7471 1.3499e-03      19447         12  0.000e+00
     10.200   64.67938 -169.10006     10.301     2.6156     2.6198     2.6150    32.4498    32.4599  1025.9302    25.8817    299.505    286.156  332.00681     90.210     0.2601     1.2124     0.7458 1.6876e-03      19448         12  0.000e+00
     10.231   64.67938 -169.10006     10.332     2.6156     2.6201     2.6150    32.4495    32.4596  1025.9301    25.8814    299.517    285.940  332.00757     90.214     0.2589     1.2051     0.7471 1.4126e-02      19449         12  0.000e+00
     10.254   64.67938 -169.10006     10.355     2.6151     2.6203     2.6145    32.4496    32.4591  1025.9303    25.8816    299.532    285.895  332.01128     90.218     0.2601     1.2124     0.7458 2.1409e-02      19450         12  0.000e+00
     10.254   64.67938 -169.10006     10.355     2.6151     2.6203     2.6145    32.4496    32.4592  1025.9303    25.8815    299.726    285.846  332.01138     90.276     0.2589     1.2051     0.7471 2.2199e-02      19451         12  0.000e+00
     10.200   64.67938 -169.10006     10.301     2.6149     2.6201     2.6144    32.4497    32.4591  1025.9302    25.8817    299.510    285.816  332.01223     90.211     0.2601     1.2124     0.7471 1.5251e-02      19452         12  0.000e+00
     10.316   64.67938 -169.10006     10.418     2.6149     2.6201     2.6144    32.4494    32.4589  1025.9305    25.8815    299.484    285.986  332.01300     90.203     0.2589     1.2051     0.7471 1.0084e-02      19453         12  0.000e+00
     10.254   64.67938 -169.10006     10.355     2.6149     2.6198     2.6144    32.4498    32.4589  1025.9305    25.8818    299.448    285.974  332.01200     90.192     0.2601     1.2124     0.7471 9.0035e-03      19454         12  0.000e+00
     10.254   64.67938 -169.10006     10.355     2.6148     2.6197     2.6142    32.4499    32.4590  1025.9306    25.8819    299.415    285.958  332.01312     90.182     0.2601     1.2124     0.7471 1.1906e-02      19455         12  0.000e+00
     10.254   64.67938 -169.10006     10.355     2.6149     2.6193     2.6144    32.4495    32.4596  1025.9302    25.8815    299.342    285.939  332.01291     90.160     0.2589     1.2051     0.7471 1.4500e-02      19456         12  0.000e+00
     10.316   64.67938 -169.10006     10.418     2.6149     2.6192     2.6144    32.4496    32.4593  1025.9306    25.8816    299.342    285.919  332.01259     90.160     0.2601     1.2124     0.7471 1.5251e-02      19457         12  0.000e+00
     10.316   64.67938 -169.10006     10.418     2.6148     2.6190     2.6142    32.4495    32.4591  1025.9306    25.8815    299.343    285.893  332.01423     90.160     0.2589     1.2051     0.7471 1.2274e-02      19458         12  0.000e+00
     10.285   64.67938 -169.10006     10.387     2.6149     2.6187     2.6144    32.4496    32.4594  1025.9305    25.8816    299.338    285.665  332.01265     90.159     0.2601     1.2124     0.7471 8.6453e-03      19459         12  0.000e+00
     10.370   64.67938 -169.10006     10.472     2.6153     2.6184     2.6147    32.4491    32.4593  1025.9305    25.8812    299.338    285.810  332.01123     90.159     0.2589     1.2051     0.7471 7.9318e-03      19460         12  0.000e+00
     10.254   64.67938 -169.10006     10.355     2.6153     2.6180     2.6147    32.4497    32.4592  1025.9304    25.8817    299.331    285.574  332.00964     90.157     0.2601     1.2124     0.7471 8.6453e-03      19461         12  0.000e+00
     10.370   64.67938 -169.10006     10.472     2.6151     2.6178     2.6145    32.4498    32.4594  1025.9310    25.8818    299.335    285.538  332.01072     90.158     0.2589     1.2051     0.7471 1.0084e-02      19462         12  0.000e+00
     10.370   64.67938 -169.10006     10.472     2.6153     2.6175     2.6147    32.4498    32.4593  1025.9310    25.8817    299.552    285.499  332.00939     90.224     0.2589     1.2051     0.7471 1.0447e-02      19463         12  0.000e+00
     10.316   64.67936 -169.10006     10.418     2.6151     2.6173     2.6145    32.4503    32.4591  1025.9312    25.8821    299.363    285.454  332.00953     90.167     0.2589     1.2051     0.7471 9.3628e-03      19464         12  0.000e+00
     10.370   64.67936 -169.10006     10.472     2.6153     2.6170     2.6147    32.4497    32.4595  1025.9310    25.8817    299.362    285.411  332.00960     90.167     0.2576     1.1978     0.7471 4.7702e-03      19465         12  0.000e+00
     10.431   64.67936 -169.10006     10.535     2.6153     2.6170     2.6147    32.4496    32.4594  1025.9311    25.8815    299.362    285.366  332.00999     90.167     0.2564     1.1905     0.7471 3.3905e-03      19466         12  0.000e+00
     10.370   64.67936 -169.10006     10.472     2.6154     2.6165     2.6149    32.4496    32.4597  1025.9309    25.8816    299.575    285.340  332.00847     90.231     0.2540     1.1758     0.7471 1.6876e-03      19467         12  0.000e+00
     10.347   64.67936 -169.10006     10.449     2.6156     2.6165     2.6150    32.4498    32.4595  1025.9309    25.8817    299.384    285.313  332.00681     90.174     0.2552     1.1831     0.7471 1.0000e-12      19468         12  0.000e+00
     10.431   64.67936 -169.10006     10.535     2.6154     2.6164     2.6149    32.4495    32.4596  1025.9311    25.8815    299.385    285.289  332.00876     90.174     0.2540     1.1758     0.7471 1.0000e-12      19469         12  0.000e+00
     10.431   64.67936 -169.10006     10.535     2.6154     2.6163     2.6149    32.4492    32.4592  1025.9308    25.8812    299.381    285.065  332.00968     90.172     0.2552     1.1831     0.7471 1.0000e-12      19470         12  0.000e+00
     10.431   64.67936 -169.10006     10.535     2.6151     2.6164     2.6145    32.4497    32.4590  1025.9312    25.8816    299.378    285.012  332.01111     90.171     0.2540     1.1758     0.7471 8.4714e-06      19471         12  0.000e+00
     10.431   64.67936 -169.10006     10.535     2.6154     2.6163     2.6149    32.4494    32.4588  1025.9310    25.8814    299.372    284.961  332.00907     90.170     0.2552     1.1831     0.7471 8.4714e-06      19472         12  0.000e+00
     10.431   64.67936 -169.10006     10.535     2.6153     2.6164     2.6147    32.4496    32.4586  1025.9311    25.8815    299.368    284.909  332.00999     90.168     0.2540     1.1758     0.7471 1.6876e-03      19473         12  0.000e+00
     10.431   64.67936 -169.10006     10.535     2.6153     2.6163     2.6147    32.4496    32.4589  1025.9311    25.8815    299.584    284.857  332.00999     90.233     0.2552     1.1831     0.7471 8.2880e-03      19474         12  0.000e+00
     10.431   64.67936 -169.10006     10.535     2.6154     2.6161     2.6149    32.4498    32.4595  1025.9313    25.8817    299.392    284.805  332.00805     90.176     0.2540     1.1758     0.7471 1.1174e-02      19475         12  0.000e+00
     10.485   64.67936 -169.10006     10.589     2.6156     2.6164     2.6150    32.4491    32.4593  1025.9310    25.8812    299.388    284.753  332.00843     90.175     0.2552     1.1831     0.7471 1.0810e-02      19476         12  0.000e+00
     10.462   64.67936 -169.10006     10.566     2.6154     2.6162     2.6149    32.4491    32.4595  1025.9309    25.8812    299.382    284.701  332.00982     90.173     0.2552     1.1831     0.7471 8.6453e-03      19477         12  0.000e+00
     10.485   64.67936 -169.10006     10.589     2.6154     2.6162     2.6149    32.4493    32.4597  1025.9312    25.8813    299.377    284.649  332.00935     90.171     0.2540     1.1758     0.7458 7.2223e-03      19478         12  0.000e+00
     10.485   64.67936 -169.10006     10.589     2.6154     2.6163     2.6149    32.4494    32.4594  1025.9312    25.8814    299.371    284.621  332.00914     90.169     0.2552     1.1831     0.7433 7.5765e-03      19479         12  0.000e+00
     10.485   64.67936 -169.10006     10.589     2.6154     2.6162     2.6149    32.4496    32.4594  1025.9314    25.8815    299.327    284.398  332.00863     90.156     0.2540     1.1758     0.7421 9.0035e-03      19480         12  0.000e+00
     10.485   64.67936 -169.10006     10.589     2.6154     2.6163     2.6149    32.4497    32.4594  1025.9315    25.8816    299.319    284.546  332.00843     90.154     0.2540     1.1758     0.7421 1.0084e-02      19481         12  0.000e+00
     10.485   64.67936 -169.10006     10.589     2.6154     2.6164     2.6149    32.4492    32.4590  1025.9311    25.8813    299.313    284.325  332.00955     90.152     0.2540     1.1758     0.7433 1.0084e-02      19482         12  0.000e+00
     10.485   64.67936 -169.10006     10.589     2.6157     2.6164     2.6152    32.4492    32.4591  1025.9310    25.8812    299.303    284.476  332.00699     90.150     0.2552     1.1831     0.7433 6.8690e-03      19483         12  0.000e+00
     10.540   64.67936 -169.10006     10.644     2.6160     2.6162     2.6154    32.4494    32.4594  1025.9315    25.8814    299.075    284.457  332.00410     90.082     0.2540     1.1758     0.7433 4.4238e-03      19484         12  0.000e+00
     10.486   64.67936 -169.10006     10.589     2.6159     2.6164     2.6153    32.4495    32.4592  1025.9313    25.8814    299.472    284.458  332.00485     90.201     0.2552     1.1831     0.7433 3.0480e-03      19485         12  0.000e+00
     10.516   64.67936 -169.10006     10.621     2.6159     2.6164     2.6153    32.4492    32.4590  1025.9312    25.8812    299.282    284.442  332.00561     90.144     0.2540     1.1758     0.7433 3.4241e-04      19486         12  0.000e+00
     10.540   64.67936 -169.10006     10.644     2.6158     2.6163     2.6153    32.4493    32.4594  1025.9314    25.8813    299.276    284.449  332.00584     90.142     0.2552     1.1831     0.7433 1.0000e-12      19487         12  0.000e+00
     10.432   64.67936 -169.10008     10.536     2.6180     2.6183     2.6174    32.4494    32.4586  1025.9308    25.8812    298.956    285.328  331.98811     90.050     0.2650     1.2417     0.7458 1.0131e-03      19600         13  0.000e+00
     10.432   64.67936 -169.10008     10.536     2.6179     2.6181     2.6173    32.4493    32.4586  1025.9307    25.8811    299.151    285.341  331.98883     90.109     0.2637     1.2344     0.7421 8.4714e-06      19601         13  0.000e+00
     10.432   64.67936 -169.10008     10.536     2.6176     2.6182     2.6171    32.4495    32.4588  1025.9309    25.8813    298.943    285.351  331.99067     90.046     0.2650     1.2417     0.7421 1.0000e-12      19602         13  0.000e+00
     10.432   64.67936 -169.10008     10.536     2.6176     2.6184     2.6171    32.4490    32.4589  1025.9305    25.8809    299.140    285.558  331.99179     90.105     0.2637     1.2344     0.7421 8.4714e-06      19603         13  0.000e+00
