EcoFOCI/data/1_SampleCollection/2023_SikuliaqDBO_CruiseData/CTD_raw_BottleFile_SKQ23-12S/proc/skq202312s_009svpavg.cnv
* Sea-Bird SBE 9 Data File:
* FileName = D:\CTD\SKQ202312S\SKQ202312S_009.hex
* Software Version Seasave V 7.26.7.121
* Temperature SN = 6177
* Conductivity SN = 0369
* Number of Bytes Per Scan = 41
* Number of Voltage Words = 4
* Number of Scans Averaged by the Deck Unit = 1
* NMEA Latitude = 63 01.70 N
* NMEA Longitude = 173 27.64 W
* NMEA UTC (Time) = Sep 16 2023  10:53:46
* NMEA baud rate = 4800
** Ship: R/V Sikuliaq
** Station Number: 009
** Station Name: DBO1.8
** Bottom Depth: 71
** Operator: SD
# nquan = 7
# nvalues = 67                          
# units = specified
# name 0 = depSM: Depth [salt water, m]
# name 1 = latitude: Latitude [deg]
# name 2 = longitude: Longitude [deg]
# name 3 = t090C: Temperature [ITS-90, deg C]
# name 4 = sal00: Salinity, Practical [PSU]
# name 5 = svCM: Sound Velocity [Chen-Millero, m/s]
# name 6 = flag: flag
# span 0 =      1.000,     67.000       
# span 1 =   63.02840,   63.02840       
# span 2 = -173.46060, -173.46058       
# span 3 =    -1.3985,     7.4271       
# span 4 =    31.3034,    32.0977       
# span 5 =    1439.49,    1475.84       
# span 6 = 0.0000e+00, 0.0000e+00       
# interval = meters: 1                  
# start_time = Sep 16 2023 10:56:36 [NMEA time, first data scan]
# bad_flag = -9.990e-29
*END*
      1.000   63.02840 -173.46058     7.4235    31.3087    1475.70 0.0000e+00
      2.000   63.02840 -173.46060     7.4084    31.3097    1475.66 0.0000e+00
      3.000   63.02840 -173.46058     7.4147    31.3080    1475.70 0.0000e+00
      4.000   63.02840 -173.46060     7.4115    31.3096    1475.71 0.0000e+00
      5.000   63.02840 -173.46060     7.4062    31.3059    1475.70 0.0000e+00
      6.000   63.02840 -173.46060     7.4082    31.3034    1475.72 0.0000e+00
      7.000   63.02840 -173.46060     7.4076    31.3074    1475.74 0.0000e+00
      8.000   63.02840 -173.46060     7.4271    31.3153    1475.84 0.0000e+00
      9.000   63.02840 -173.46060     7.3921    31.3273    1475.74 0.0000e+00
     10.000   63.02840 -173.46060     7.3540    31.3722    1475.66 0.0000e+00
     11.000   63.02840 -173.46060     7.3552    31.3843    1475.70 0.0000e+00
     12.000   63.02840 -173.46060     7.3206    31.3886    1475.59 0.0000e+00
     13.000   63.02840 -173.46060     7.2823    31.3919    1475.46 0.0000e+00
     14.000   63.02840 -173.46060     7.2649    31.3938    1475.41 0.0000e+00
     15.000   63.02840 -173.46060     7.2632    31.3958    1475.42 0.0000e+00
     16.000   63.02840 -173.46060     7.2562    31.3988    1475.42 0.0000e+00
     17.000   63.02840 -173.46060     7.2478    31.3988    1475.40 0.0000e+00
     18.000   63.02840 -173.46060     7.2373    31.3989    1475.38 0.0000e+00
     19.000   63.02840 -173.46060     7.2273    31.3986    1475.35 0.0000e+00
     20.000   63.02840 -173.46060     7.2106    31.3982    1475.31 0.0000e+00
     21.000   63.02840 -173.46060     7.1922    31.3979    1475.25 0.0000e+00
     22.000   63.02840 -173.46060     7.1638    31.3970    1475.15 0.0000e+00
     23.000   63.02840 -173.46060     7.1482    31.3968    1475.11 0.0000e+00
     24.000   63.02840 -173.46060     7.1389    31.3963    1475.09 0.0000e+00
     25.000   63.02840 -173.46060     7.0487    31.3980    1474.76 0.0000e+00
     26.000   63.02840 -173.46060     6.1149    31.4776    1471.17 0.0000e+00
     27.000   63.02840 -173.46060     4.9253    31.5961    1466.53 0.0000e+00
     28.000   63.02840 -173.46060     3.4420    31.7091    1460.47 0.0000e+00
     29.000   63.02840 -173.46060     0.9977    31.8944    1449.96 0.0000e+00
     30.000   63.02840 -173.46060    -0.3576    32.0266    1443.99 0.0000e+00
     31.000   63.02840 -173.46060    -0.4126    32.0032    1443.72 0.0000e+00
     32.000   63.02840 -173.46060    -0.6099    31.9864    1442.79 0.0000e+00
     33.000   63.02840 -173.46060    -0.8872    31.9802    1441.49 0.0000e+00
     34.000   63.02840 -173.46060    -0.9813    31.9884    1441.07 0.0000e+00
     35.000   63.02840 -173.46060    -0.9805    31.9889    1441.09 0.0000e+00
     36.000   63.02840 -173.46060    -0.9949    31.9906    1441.04 0.0000e+00
     37.000   63.02840 -173.46060    -1.0033    31.9879    1441.02 0.0000e+00
     38.000   63.02840 -173.46060    -1.0353    31.9886    1440.88 0.0000e+00
     39.000   63.02840 -173.46060    -1.0701    31.9948    1440.74 0.0000e+00
     40.000   63.02840 -173.46060    -1.1895    32.0150    1440.22 0.0000e+00
     41.000   63.02840 -173.46060    -1.2452    32.0284    1439.98 0.0000e+00
     42.000   63.02840 -173.46060    -1.2371    32.0482    1440.07 0.0000e+00
     43.000   63.02840 -173.46060    -1.1730    32.0712    1440.42 0.0000e+00
     44.000   63.02840 -173.46060    -1.2276    32.0823    1440.19 0.0000e+00
     45.000   63.02840 -173.46060    -1.2607    32.0865    1440.05 0.0000e+00
     46.000   63.02840 -173.46060    -1.2738    32.0870    1440.01 0.0000e+00
     47.000   63.02840 -173.46060    -1.3028    32.0885    1439.89 0.0000e+00
     48.000   63.02840 -173.46060    -1.3657    32.0951    1439.61 0.0000e+00
     49.000   63.02840 -173.46060    -1.3941    32.0977    1439.50 0.0000e+00
     50.000   63.02840 -173.46060    -1.3980    32.0967    1439.49 0.0000e+00
     51.000   63.02840 -173.46060    -1.3977    32.0951    1439.51 0.0000e+00
     52.000   63.02840 -173.46060    -1.3985    32.0946    1439.52 0.0000e+00
     53.000   63.02840 -173.46060    -1.3982    32.0941    1439.54 0.0000e+00
     54.000   63.02840 -173.46060    -1.3963    32.0936    1439.56 0.0000e+00
     55.000   63.02840 -173.46060    -1.3957    32.0930    1439.58 0.0000e+00
     56.000   63.02840 -173.46060    -1.3957    32.0928    1439.60 0.0000e+00
     57.000   63.02840 -173.46060    -1.3951    32.0923    1439.62 0.0000e+00
     58.000   63.02840 -173.46060    -1.3954    32.0917    1439.63 0.0000e+00
     59.000   63.02840 -173.46060    -1.3945    32.0915    1439.65 0.0000e+00
     60.000   63.02840 -173.46060    -1.3896    32.0912    1439.69 0.0000e+00
     61.000   63.02840 -173.46060    -1.3886    32.0916    1439.71 0.0000e+00
     62.000   63.02840 -173.46060    -1.3871    32.0921    1439.73 0.0000e+00
     63.000   63.02840 -173.46059    -1.3847    32.0928    1439.76 0.0000e+00
     64.000   63.02840 -173.46060    -1.3828    32.0933    1439.79 0.0000e+00
     65.000   63.02840 -173.46060    -1.3815    32.0936    1439.81 0.0000e+00
     66.000   63.02840 -173.46059    -1.3794    32.0935    1439.84 0.0000e+00
     67.000   63.02840 -173.46060    -1.3732    32.0948    1439.89 0.0000e+00
