EcoFOCI/data/1_SampleCollection/2023_SikuliaqDBO_CruiseData/CTD_raw_BottleFile_SKQ23-12S/proc/skq202312s_022svp.cnv
* Sea-Bird SBE 9 Data File:
* FileName = D:\CTD\SKQ202312S\SKQ202312S_022.hex
* Software Version Seasave V 7.26.7.121
* Temperature SN = 6177
* Conductivity SN = 0369
* Number of Bytes Per Scan = 41
* Number of Voltage Words = 4
* Number of Scans Averaged by the Deck Unit = 1
* NMEA Latitude = 64 58.51 N
* NMEA Longitude = 169 29.22 W
* NMEA UTC (Time) = Sep 18 2023  05:33:31
* NMEA baud rate = 4800
** Ship: R/V Sikuliaq
** Station Number: 022
** Station Name: DBO2.4A
** Bottom Depth: 48
** Operator: SS
# nquan = 7
# nvalues = 4901                                  
# units = specified
# name 0 = depSM: Depth [salt water, m]
# name 1 = latitude: Latitude [deg]
# name 2 = longitude: Longitude [deg]
# name 3 = t090C: Temperature [ITS-90, deg C]
# name 4 = sal00: Salinity, Practical [PSU]
# name 5 = svCM: Sound Velocity [Chen-Millero, m/s]
# name 6 = flag:  0.000e+00
# span 0 =      2.610,     43.772                 
# span 1 =   64.97508,   64.97508                 
# span 2 = -169.48730, -169.48722                 
# span 3 =     3.0715,     3.7795                 
# span 4 =    32.8153,    32.9431                 
# span 5 =    1460.57,    1463.00                 
# span 6 = 0.0000e+00, 0.0000e+00                 
# interval = seconds: 0.0416667
# start_time = Sep 18 2023 05:37:18 [NMEA time, first data scan]
# bad_flag = -9.990e-29
*END*
[from data line 4718]
     42.052   64.97508 -169.48724     3.0730    32.9409    1460.74  0.000e+00
     42.052   64.97508 -169.48724     3.0733    32.9403    1460.74  0.000e+00
     42.106   64.97508 -169.48724     3.0731    32.9409    1460.74  0.000e+00
     42.052   64.97508 -169.48724     3.0732    32.9403    1460.74  0.000e+00
     42.113   64.97508 -169.48724     3.0731    32.9405    1460.74  0.000e+00
     42.113   64.97508 -169.48724     3.0730    32.9408    1460.74  0.000e+00
     42.167   64.97508 -169.48724     3.0731    32.9404    1460.74  0.000e+00
     42.106   64.97508 -169.48724     3.0732    32.9401    1460.74  0.000e+00
     42.113   64.97508 -169.48724     3.0730    32.9405    1460.74  0.000e+00
     42.167   64.97508 -169.48724     3.0731    32.9404    1460.74  0.000e+00
     42.167   64.97508 -169.48724     3.0730    32.9406    1460.74  0.000e+00
     42.113   64.97508 -169.48724     3.0729    32.9407    1460.74  0.000e+00
     42.221   64.97508 -169.48724     3.0731    32.9404    1460.74  0.000e+00
     42.167   64.97508 -169.48724     3.0730    32.9402    1460.74  0.000e+00
     42.167   64.97508 -169.48724     3.0731    32.9405    1460.74  0.000e+00
     42.167   64.97508 -169.48724     3.0730    32.9406    1460.74  0.000e+00
     42.167   64.97508 -169.48724     3.0727    32.9408    1460.74  0.000e+00
     42.221   64.97508 -169.48724     3.0728    32.9404    1460.74  0.000e+00
     42.221   64.97508 -169.48724     3.0727    32.9401    1460.74  0.000e+00
     42.167   64.97508 -169.48724     3.0727    32.9404    1460.74  0.000e+00
     42.283   64.97508 -169.48724     3.0727    32.9407    1460.74  0.000e+00
     42.167   64.97508 -169.48724     3.0727    32.9406    1460.74  0.000e+00
     42.275   64.97508 -169.48724     3.0725    32.9404    1460.74  0.000e+00
     42.221   64.97508 -169.48724     3.0727    32.9402    1460.74  0.000e+00
     42.221   64.97508 -169.48724     3.0724    32.9408    1460.74  0.000e+00
     42.283   64.97508 -169.48724     3.0725    32.9405    1460.74  0.000e+00
     42.283   64.97508 -169.48724     3.0723    32.9408    1460.74  0.000e+00
     42.275   64.97508 -169.48724     3.0727    32.9405    1460.74  0.000e+00
     42.283   64.97508 -169.48724     3.0725    32.9404    1460.74  0.000e+00
     42.221   64.97508 -169.48724     3.0725    32.9402    1460.74  0.000e+00
     42.283   64.97508 -169.48724     3.0723    32.9403    1460.74  0.000e+00
     42.337   64.97508 -169.48724     3.0725    32.9404    1460.74  0.000e+00
     42.283   64.97508 -169.48724     3.0725    32.9404    1460.74  0.000e+00
     42.275   64.97508 -169.48724     3.0725    32.9404    1460.74  0.000e+00
     42.283   64.97508 -169.48724     3.0725    32.9404    1460.74  0.000e+00
     42.337   64.97508 -169.48724     3.0727    32.9404    1460.74  0.000e+00
     42.283   64.97508 -169.48724     3.0724    32.9406    1460.74  0.000e+00
     42.337   64.97508 -169.48724     3.0725    32.9406    1460.74  0.000e+00
     42.275   64.97508 -169.48724     3.0727    32.9403    1460.74  0.000e+00
     42.337   64.97508 -169.48724     3.0723    32.9406    1460.74  0.000e+00
     42.337   64.97508 -169.48724     3.0724    32.9405    1460.74  0.000e+00
     42.337   64.97508 -169.48724     3.0723    32.9409    1460.74  0.000e+00
     42.337   64.97508 -169.48724     3.0723    32.9404    1460.74  0.000e+00
     42.391   64.97508 -169.48724     3.0725    32.9405    1460.74  0.000e+00
     42.337   64.97508 -169.48724     3.0724    32.9408    1460.74  0.000e+00
     42.399   64.97508 -169.48724     3.0723    32.9408    1460.74  0.000e+00
     42.399   64.97508 -169.48724     3.0725    32.9404    1460.74  0.000e+00
     42.337   64.97508 -169.48724     3.0725    32.9408    1460.74  0.000e+00
     42.391   64.97508 -169.48724     3.0725    32.9402    1460.74  0.000e+00
     42.399   64.97508 -169.48724     3.0727    32.9403    1460.74  0.000e+00
     42.453   64.97508 -169.48724     3.0727    32.9403    1460.74  0.000e+00
     42.399   64.97508 -169.48724     3.0725    32.9408    1460.74  0.000e+00
     42.399   64.97508 -169.48724     3.0725    32.9406    1460.74  0.000e+00
     42.399   64.97508 -169.48724     3.0725    32.9402    1460.74  0.000e+00
     42.445   64.97508 -169.48724     3.0725    32.9404    1460.74  0.000e+00
     42.399   64.97508 -169.48724     3.0723    32.9408    1460.74  0.000e+00
     42.453   64.97508 -169.48724     3.0724    32.9405    1460.74  0.000e+00
     42.453   64.97508 -169.48724     3.0725    32.9401    1460.74  0.000e+00
     42.399   64.97508 -169.48724     3.0725    32.9403    1460.74  0.000e+00
     42.445   64.97508 -169.48724     3.0727    32.9407    1460.74  0.000e+00
     42.453   64.97508 -169.48724     3.0725    32.9407    1460.74  0.000e+00
     42.514   64.97508 -169.48724     3.0727    32.9406    1460.74  0.000e+00
     42.453   64.97508 -169.48724     3.0727    32.9407    1460.74  0.000e+00
     42.514   64.97508 -169.48724     3.0727    32.9405    1460.74  0.000e+00
     42.507   64.97508 -169.48724     3.0727    32.9404    1460.74  0.000e+00
     42.453   64.97508 -169.48724     3.0728    32.9403    1460.74  0.000e+00
     42.514   64.97508 -169.48724     3.0725    32.9403    1460.74  0.000e+00
     42.514   64.97508 -169.48724     3.0725    32.9407    1460.74  0.000e+00
     42.514   64.97508 -169.48724     3.0727    32.9404    1460.74  0.000e+00
     42.561   64.97508 -169.48724     3.0725    32.9403    1460.74  0.000e+00
     42.514   64.97508 -169.48724     3.0725    32.9407    1460.74  0.000e+00
     42.514   64.97508 -169.48724     3.0725    32.9404    1460.74  0.000e+00
     42.568   64.97508 -169.48724     3.0725    32.9405    1460.74  0.000e+00
     42.568   64.97508 -169.48724     3.0725    32.9405    1460.75  0.000e+00
     42.568   64.97508 -169.48724     3.0723    32.9405    1460.74  0.000e+00
     42.560   64.97508 -169.48724     3.0725    32.9405    1460.74  0.000e+00
     42.568   64.97508 -169.48724     3.0727    32.9404    1460.75  0.000e+00
     42.622   64.97508 -169.48724     3.0724    32.9405    1460.75  0.000e+00
     42.622   64.97508 -169.48724     3.0727    32.9403    1460.75  0.000e+00
     42.622   64.97508 -169.48724     3.0723    32.9409    1460.75  0.000e+00
     42.622   64.97508 -169.48724     3.0723    32.9410    1460.75  0.000e+00
     42.622   64.97508 -169.48724     3.0724    32.9405    1460.75  0.000e+00
     42.622   64.97508 -169.48724     3.0725    32.9404    1460.75  0.000e+00
     42.684   64.97508 -169.48724     3.0725    32.9400    1460.75  0.000e+00
     42.622   64.97508 -169.48724     3.0725    32.9404    1460.75  0.000e+00
     42.684   64.97508 -169.48724     3.0724    32.9403    1460.75  0.000e+00
     42.676   64.97508 -169.48724     3.0723    32.9409    1460.75  0.000e+00
     42.684   64.97508 -169.48724     3.0727    32.9400    1460.75  0.000e+00
     42.684   64.97508 -169.48724     3.0725    32.9405    1460.75  0.000e+00
     42.738   64.97508 -169.48724     3.0725    32.9402    1460.75  0.000e+00
     42.738   64.97508 -169.48724     3.0725    32.9406    1460.75  0.000e+00
     42.676   64.97508 -169.48724     3.0725    32.9408    1460.75  0.000e+00
     42.800   64.97508 -169.48724     3.0725    32.9403    1460.75  0.000e+00
     42.738   64.97508 -169.48724     3.0724    32.9405    1460.75  0.000e+00
     42.800   64.97508 -169.48724     3.0723    32.9406    1460.75  0.000e+00
     42.738   64.97508 -169.48724     3.0723    32.9408    1460.75  0.000e+00
     42.800   64.97508 -169.48724     3.0725    32.9402    1460.75  0.000e+00
     42.846   64.97508 -169.48724     3.0722    32.9407    1460.75  0.000e+00
     42.800   64.97508 -169.48724     3.0723    32.9409    1460.75  0.000e+00
     42.800   64.97508 -169.48724     3.0723    32.9404    1460.75  0.000e+00
     42.854   64.97508 -169.48724     3.0723    32.9405    1460.75  0.000e+00
     42.854   64.97508 -169.48724     3.0722    32.9407    1460.75  0.000e+00
     42.846   64.97508 -169.48724     3.0723    32.9401    1460.75  0.000e+00
     42.854   64.97508 -169.48724     3.0723    32.9400    1460.75  0.000e+00
     42.915   64.97508 -169.48724     3.0722    32.9407    1460.75  0.000e+00
     42.854   64.97508 -169.48724     3.0724    32.9407    1460.75  0.000e+00
     42.915   64.97508 -169.48724     3.0723    32.9410    1460.75  0.000e+00
     42.915   64.97508 -169.48724     3.0725    32.9405    1460.75  0.000e+00
     42.962   64.97508 -169.48724     3.0723    32.9405    1460.75  0.000e+00
     42.969   64.97508 -169.48724     3.0722    32.9404    1460.75  0.000e+00
     42.969   64.97508 -169.48724     3.0722    32.9404    1460.75  0.000e+00
     42.915   64.97508 -169.48724     3.0722    32.9404    1460.75  0.000e+00
     43.023   64.97508 -169.48724     3.0719    32.9404    1460.75  0.000e+00
     43.023   64.97508 -169.48724     3.0719    32.9407    1460.75  0.000e+00
     42.969   64.97508 -169.48724     3.0719    32.9407    1460.75  0.000e+00
     43.023   64.97508 -169.48724     3.0720    32.9405    1460.75  0.000e+00
     43.023   64.97508 -169.48724     3.0719    32.9409    1460.75  0.000e+00
     43.023   64.97508 -169.48724     3.0719    32.9405    1460.75  0.000e+00
     43.085   64.97508 -169.48724     3.0722    32.9402    1460.75  0.000e+00
     43.077   64.97508 -169.48724     3.0720    32.9407    1460.75  0.000e+00
     43.085   64.97508 -169.48724     3.0720    32.9403    1460.75  0.000e+00
     43.085   64.97508 -169.48724     3.0719    32.9405    1460.75  0.000e+00
     43.139   64.97508 -169.48724     3.0722    32.9405    1460.75  0.000e+00
     43.139   64.97508 -169.48724     3.0720    32.9406    1460.75  0.000e+00
     43.201   64.97508 -169.48724     3.0723    32.9403    1460.75  0.000e+00
     43.139   64.97508 -169.48724     3.0721    32.9404    1460.75  0.000e+00
     43.201   64.97508 -169.48724     3.0719    32.9406    1460.75  0.000e+00
     43.201   64.97508 -169.48724     3.0717    32.9407    1460.75  0.000e+00
     43.201   64.97508 -169.48722     3.0719    32.9406    1460.75  0.000e+00
     43.255   64.97508 -169.48722     3.0719    32.9403    1460.75  0.000e+00
     43.139   64.97508 -169.48722     3.0719    32.9400    1460.75  0.000e+00
     43.370   64.97508 -169.48722     3.0715    32.9407    1460.75  0.000e+00
     43.201   64.97508 -169.48722     3.0719    32.9403    1460.75  0.000e+00
     43.316   64.97508 -169.48722     3.0717    32.9406    1460.75  0.000e+00
     43.255   64.97508 -169.48722     3.0719    32.9407    1460.75  0.000e+00
     43.316   64.97508 -169.48722     3.0720    32.9406    1460.76  0.000e+00
     43.309   64.97508 -169.48722     3.0720    32.9402    1460.75  0.000e+00
     43.316   64.97508 -169.48722     3.0720    32.9401    1460.75  0.000e+00
     43.370   64.97508 -169.48722     3.0724    32.9397    1460.76  0.000e+00
     43.316   64.97508 -169.48722     3.0722    32.9401    1460.76  0.000e+00
     43.370   64.97508 -169.48722     3.0722    32.9404    1460.76  0.000e+00
     43.424   64.97508 -169.48722     3.0722    32.9399    1460.76  0.000e+00
     43.363   64.97508 -169.48722     3.0721    32.9406    1460.76  0.000e+00
     43.424   64.97508 -169.48722     3.0720    32.9400    1460.76  0.000e+00
     43.424   64.97508 -169.48722     3.0720    32.9401    1460.76  0.000e+00
     43.424   64.97508 -169.48722     3.0720    32.9405    1460.76  0.000e+00
     43.424   64.97508 -169.48722     3.0719    32.9407    1460.76  0.000e+00
     43.486   64.97508 -169.48722     3.0722    32.9401    1460.76  0.000e+00
     43.478   64.97508 -169.48722     3.0719    32.9408    1460.76  0.000e+00
     43.486   64.97508 -169.48722     3.0722    32.9404    1460.76  0.000e+00
     43.486   64.97508 -169.48722     3.0719    32.9409    1460.76  0.000e+00
     43.486   64.97508 -169.48722     3.0723    32.9402    1460.76  0.000e+00
     43.486   64.97508 -169.48722     3.0722    32.9405    1460.76  0.000e+00
     43.486   64.97508 -169.48722     3.0722    32.9407    1460.76  0.000e+00
     43.540   64.97508 -169.48722     3.0722    32.9403    1460.76  0.000e+00
     43.540   64.97508 -169.48722     3.0722    32.9406    1460.76  0.000e+00
     43.540   64.97508 -169.48722     3.0723    32.9405    1460.76  0.000e+00
     43.602   64.97508 -169.48722     3.0722    32.9404    1460.76  0.000e+00
     43.540   64.97508 -169.48722     3.0724    32.9399    1460.76  0.000e+00
     43.602   64.97508 -169.48722     3.0723    32.9405    1460.76  0.000e+00
     43.540   64.97508 -169.48722     3.0723    32.9404    1460.76  0.000e+00
     43.602   64.97508 -169.48722     3.0722    32.9408    1460.76  0.000e+00
     43.602   64.97508 -169.48722     3.0724    32.9402    1460.76  0.000e+00
     43.602   64.97508 -169.48722     3.0722    32.9405    1460.76  0.000e+00
     43.602   64.97508 -169.48722     3.0722    32.9408    1460.76  0.000e+00
     43.602   64.97508 -169.48722     3.0723    32.9407    1460.76  0.000e+00
     43.648   64.97508 -169.48722     3.0722    32.9408    1460.76  0.000e+00
     43.602   64.97508 -169.48722     3.0722    32.9404    1460.76  0.000e+00
     43.656   64.97508 -169.48722     3.0723    32.9403    1460.76  0.000e+00
     43.602   64.97508 -169.48722     3.0723    32.9403    1460.76  0.000e+00
     43.656   64.97508 -169.48722     3.0724    32.9403    1460.76  0.000e+00
     43.602   64.97508 -169.48722     3.0723    32.9406    1460.76  0.000e+00
     43.648   64.97508 -169.48722     3.0723    32.9404    1460.76  0.000e+00
     43.656   64.97508 -169.48722     3.0723    32.9402    1460.76  0.000e+00
     43.656   64.97508 -169.48722     3.0722    32.9404    1460.76  0.000e+00
     43.656   64.97508 -169.48722     3.0723    32.9402    1460.76  0.000e+00
     43.656   64.97508 -169.48722     3.0720    32.9405    1460.76  0.000e+00
     43.656   64.97508 -169.48722     3.0722    32.9405    1460.76  0.000e+00
     43.718   64.97508 -169.48722     3.0724    32.9398    1460.76  0.000e+00
     43.648   64.97508 -169.48722     3.0723    32.9402    1460.76  0.000e+00
     43.718   64.97508 -169.48722     3.0720    32.9411    1460.76  0.000e+00
     43.718   64.97508 -169.48722     3.0723    32.9403    1460.76  0.000e+00
     43.772   64.97508 -169.48722     3.0722    32.9402    1460.76  0.000e+00
