EcoFOCI/data/1_SampleCollection/2023_SikuliaqDBO_CruiseData/CTD_raw_BottleFile_SKQ23-12S/proc/skq202312s_036.ros
* Sea-Bird SBE 9 Data File:
* FileName = D:\CTD\SKQ202312S\SKQ202312S_036.hex
* Software Version Seasave V 7.26.7.121
* Temperature SN = 6177
* Conductivity SN = 0369
* Number of Bytes Per Scan = 41
* Number of Voltage Words = 4
* Number of Scans Averaged by the Deck Unit = 1
* NMEA Latitude = 72 27.93 N
* NMEA Longitude = 156 32.77 W
* NMEA UTC (Time) = Sep 22 2023  14:08:00
* NMEA baud rate = 4800
** Ship: R/V Sikuliaq
** Station Number: 036
** Station Name: CK9
** Bottom Depth: 990
** Operator: SD
# nquan = 22
# nvalues = 1176                                  
# units = specified
# name 0 = depSM: Depth [salt water, m]
# name 1 = latitude: Latitude [deg]
# name 2 = longitude: Longitude [deg]
# name 3 = prDM: Pressure, Digiquartz [db]
# name 4 = t090C: Temperature [ITS-90, deg C]
# name 5 = t190C: Temperature, 2 [ITS-90, deg C]
# name 6 = potemp090C: Potential Temperature [ITS-90, deg C]
# name 7 = sal00: Salinity, Practical [PSU]
# name 8 = sal11: Salinity, Practical, 2 [PSU]
# name 9 = density00: Density [density, kg/m^3]
# name 10 = sigma-é00: Density [sigma-theta, kg/m^3]
# name 11 = sbox0Mm/Kg: Oxygen, SBE 43 [umol/kg]
# name 12 = sbox1Mm/Kg: Oxygen, SBE 43, 2 [umol/kg]
# name 13 = oxsolMm/Kg: Oxygen Saturation, Garcia & Gordon [umol/kg]
# name 14 = sbeox0PS: Oxygen, SBE 43 [% saturation]
# name 15 = v0: Voltage 0
# name 16 = flECO-AFL: Fluorescence, WET Labs ECO-AFL/FL [mg/m^3]
# name 17 = CStarAt0: Beam Attenuation, WET Labs C-Star [1/m]
# name 18 = par: PAR/Irradiance, Biospherical/Licor
# name 19 = scan: Scan Count
# name 20 = nbf: Bottles Fired
# name 21 = flag:  0.000e+00
# interval = seconds: 0.0416667
# start_time = Sep 22 2023 14:11:59 [NMEA time, first data scan]
# bad_flag = -9.990e-29
*END*
[from data line 593]
    150.436   72.46468 -156.54700    152.052    -1.4465    -1.4514    -1.4497    33.2399    33.2383  1027.4729    26.7409    285.878    271.567  366.54609     77.992     0.0647     0.0403     0.5094 1.0000e-12      85347         13  0.000e+00
    150.498   72.46468 -156.54700    152.115    -1.4457    -1.4508    -1.4489    33.2404    33.2399  1027.4735    26.7413    286.412    271.554  366.53671     78.140     0.0647     0.0403     0.5094 1.0000e-12      85348         13  0.000e+00
    150.436   72.46468 -156.54700    152.052    -1.4455    -1.4500    -1.4488    33.2393    33.2418  1027.4724    26.7404    286.002    271.533  366.53861     78.028     0.0635     0.0330     0.5094 1.0000e-12      85349         13  0.000e+00
    150.382   72.46468 -156.54700    151.998    -1.4461    -1.4495    -1.4494    33.2383    33.2430  1027.4713    26.7396    285.967    271.548  366.54723     78.016     0.0647     0.0403     0.5094 1.0000e-12      85350         13  0.000e+00
    150.436   72.46468 -156.54700    152.052    -1.4467    -1.4493    -1.4500    33.2354    33.2436  1027.4693    26.7373    285.992    271.340  366.56184     78.020     0.0647     0.0403     0.5094 1.0000e-12      85351         13  0.000e+00
    150.382   72.46468 -156.54700    151.998    -1.4479    -1.4489    -1.4511    33.2326    33.2436  1027.4667    26.7350    285.964    271.525  366.58145     78.008     0.0647     0.0403     0.5094 1.0000e-12      85352         13  0.000e+00
    150.328   72.46468 -156.54700    151.943    -1.4489    -1.4487    -1.4522    33.2334    33.2443  1027.4672    26.7357    285.978    271.510  366.58910     78.011     0.0659     0.0476     0.5094 1.0000e-12      85353         13  0.000e+00
    150.382   72.46468 -156.54700    151.998    -1.4488    -1.4482    -1.4521    33.2366    33.2440  1027.4700    26.7383    285.928    271.498  366.57887     77.999     0.0647     0.0403     0.5094 1.0000e-12      85354         13  0.000e+00
    150.328   72.46468 -156.54700    151.943    -1.4483    -1.4485    -1.4515    33.2366    33.2436  1027.4698    26.7383    285.927    271.521  366.57358     78.000     0.0647     0.0403     0.5105 1.0000e-12      85355         13  0.000e+00
    150.251   72.46468 -156.54700    151.865    -1.4488    -1.4491    -1.4521    33.2342    33.2428  1027.4675    26.7364    285.888    271.548  366.58568     77.987     0.0647     0.0403     0.5105 8.4714e-06      85356         13  0.000e+00
    150.328   72.46468 -156.54700    151.943    -1.4497    -1.4498    -1.4529    33.2320    33.2416  1027.4660    26.7346    285.646    271.546  366.60073     77.917     0.0647     0.0403     0.5094 8.4714e-06      85357         13  0.000e+00
    150.212   72.46468 -156.54700    151.826    -1.4505    -1.4500    -1.4537    33.2311    33.2414  1027.4648    26.7339    285.606    271.565  366.61114     77.904     0.0635     0.0330     0.5105 1.0000e-12      85358         13  0.000e+00
    150.212   72.46468 -156.54700    151.826    -1.4517    -1.4500    -1.4549    33.2302    33.2410  1027.4641    26.7332    285.838    271.552  366.62558     77.965     0.0635     0.0330     0.5105 8.4714e-06      85359         13  0.000e+00
    150.212   72.46468 -156.54700    151.826    -1.4525    -1.4504    -1.4557    33.2306    33.2411  1027.4645    26.7336    285.591    271.806  366.63243     77.896     0.0623     0.0256     0.5105 8.4714e-06      85360         13  0.000e+00
    150.151   72.46468 -156.54700    151.763    -1.4529    -1.4507    -1.4561    33.2318    33.2411  1027.4651    26.7345    285.706    271.857  366.63310     77.927     0.0635     0.0330     0.5094 1.0000e-12      85361         13  0.000e+00
    150.151   72.46468 -156.54700    151.764    -1.4531    -1.4511    -1.4563    33.2326    33.2407  1027.4658    26.7352    285.659    271.679  366.63223     77.914     0.0635     0.0330     0.5105 1.0000e-12      85362         13  0.000e+00
    150.097   72.46468 -156.54700    151.709    -1.4532    -1.4520    -1.4564    33.2338    33.2389  1027.4665    26.7361    285.659    271.671  366.63013     77.915     0.0635     0.0330     0.5105 1.0000e-12      85363         13  0.000e+00
    150.097   72.46468 -156.54700    151.709    -1.4531    -1.4536    -1.4563    33.2340    33.2368  1027.4667    26.7363    285.924    271.901  366.62836     77.987     0.0647     0.0403     0.5094 1.0000e-12      85364         13  0.000e+00
    150.097   72.46468 -156.54700    151.709    -1.4527    -1.4536    -1.4560    33.2347    33.2371  1027.4672    26.7369    285.448    271.680  366.62293     77.859     0.0635     0.0330     0.5094 1.0000e-12      85365         13  0.000e+00
    150.035   72.46468 -156.54700    151.646    -1.4524    -1.4538    -1.4557    33.2357    33.2380  1027.4677    26.7376    285.603    271.655  366.61726     77.902     0.0647     0.0403     0.5105 1.0000e-12      85366         13  0.000e+00
    149.981   72.46468 -156.54700    151.592    -1.4518    -1.4541    -1.4550    33.2359    33.2378  1027.4676    26.7378    286.120    271.631  366.60982     78.045     0.0635     0.0330     0.5105 8.4714e-06      85367         13  0.000e+00
    150.035   72.46468 -156.54700    151.647    -1.4517    -1.4549    -1.4549    33.2336    33.2369  1027.4660    26.7360    285.703    271.616  366.61582     77.930     0.0635     0.0330     0.5094 1.0000e-12      85368         13  0.000e+00
    149.981   72.46468 -156.54700    151.592    -1.4523    -1.4553    -1.4556    33.2281    33.2352  1027.4613    26.7315    285.664    271.824  366.63791     77.914     0.0635     0.0330     0.5094 1.0000e-12      85369         13  0.000e+00
    149.865   72.46468 -156.54700    151.475    -1.4537    -1.4555    -1.4569    33.2226    33.2351  1027.4564    26.7271    285.680    271.628  366.66687     77.913     0.0635     0.0330     0.5094 8.4714e-06      85370         13  0.000e+00
    149.966   72.46468 -156.54700    151.576    -1.4554    -1.4557    -1.4586    33.2187    33.2355  1027.4537    26.7240    285.442    271.834  366.69524     77.842     0.0623     0.0256     0.5094 1.0000e-12      85371         13  0.000e+00
    149.865   72.46468 -156.54700    151.475    -1.4568    -1.4564    -1.4600    33.2155    33.2342  1027.4507    26.7214    285.667    271.839  366.71819     77.898     0.0635     0.0330     0.5094 8.4714e-06      85372         13  0.000e+00
    149.865   72.46468 -156.54700    151.475    -1.4584    -1.4574    -1.4616    33.2141    33.2308  1027.4496    26.7203    285.683    271.852  366.73870     77.898     0.0647     0.0403     0.5105 8.4714e-06      85373         13  0.000e+00
    149.865   72.46468 -156.54700    151.475    -1.4594    -1.4587    -1.4626    33.2133    33.2276  1027.4490    26.7197    285.691    271.865  366.74997     77.898     0.0635     0.0330     0.5105 1.0000e-12      85374         13  0.000e+00
    149.811   72.46468 -156.54700    151.420    -1.4603    -1.4594    -1.4635    33.2124    33.2249  1027.4480    26.7189    285.697    271.900  366.76190     77.897     0.0647     0.0403     0.5105 1.0000e-12      85375         13  0.000e+00
    149.811   72.46468 -156.54700    151.420    -1.4607    -1.4600    -1.4639    33.2116    33.2236  1027.4473    26.7183    285.701    271.701  366.76874     77.897     0.0635     0.0330     0.5105 1.0000e-12      85376         13  0.000e+00
    149.811   72.46468 -156.54700    151.420    -1.4611    -1.4605    -1.4643    33.2108    33.2229  1027.4467    26.7177    285.704    271.931  366.77506     77.896     0.0635     0.0330     0.5105 1.0000e-12      85377         13  0.000e+00
    149.749   72.46468 -156.54700    151.358    -1.4612    -1.4603    -1.4644    33.2142    33.2226  1027.4492    26.7205    285.692    271.719  366.76564     77.895     0.0635     0.0330     0.5105 8.4714e-06      85378         13  0.000e+00
    149.749   72.46468 -156.54700    151.358    -1.4603    -1.4602    -1.4635    33.2197    33.2221  1027.4536    26.7249    285.669    271.907  366.74065     77.894     0.0635     0.0330     0.5105 1.0000e-12      85379         13  0.000e+00
    149.695   72.46468 -156.54700    151.303    -1.4595    -1.4604    -1.4627    33.2229    33.2219  1027.4559    26.7275    285.651    271.928  366.72338     77.893     0.0635     0.0330     0.5105 8.4714e-06      85380         13  0.000e+00
    149.749   72.46468 -156.54700    151.358    -1.4589    -1.4606    -1.4621    33.2207    33.2207  1027.4544    26.7257    285.650    271.954  366.72419     77.892     0.0635     0.0330     0.5105 8.4714e-06      85381         13  0.000e+00
    149.634   72.46468 -156.54700    151.241    -1.4594    -1.4609    -1.4626    33.2153    33.2197  1027.4494    26.7213    285.660    271.971  366.74440     77.891     0.0635     0.0330     0.5105 1.0000e-12      85382         13  0.000e+00
    149.695   72.46468 -156.54700    151.303    -1.4601    -1.4610    -1.4633    33.2109    33.2191  1027.4463    26.7178    285.677    271.992  366.76433     77.891     0.0635     0.0330     0.5105 8.4714e-06      85383         13  0.000e+00
    149.634   72.46468 -156.54700    151.241    -1.4608    -1.4611    -1.4641    33.2087    33.2186  1027.4441    26.7160    285.684    272.007  366.77824     77.890     0.0647     0.0403     0.5105 8.4714e-06      85384         13  0.000e+00
    149.634   72.46468 -156.54700    151.241    -1.4617    -1.4614    -1.4649    33.2071    33.2183  1027.4429    26.7147    285.693    272.025  366.79089     77.890     0.0635     0.0330     0.5105 1.0000e-12      85385         13  0.000e+00
    149.634   72.46468 -156.54700    151.241    -1.4622    -1.4614    -1.4654    33.2063    33.2179  1027.4422    26.7140    285.907    272.038  366.79887     77.947     0.0647     0.0403     0.5105 8.4714e-06      85386         13  0.000e+00
    149.634   72.46468 -156.54700    151.241    -1.4629    -1.4618    -1.4661    33.2059    33.2177  1027.4420    26.7138    285.958    271.821  366.80609     77.959     0.0635     0.0330     0.5105 8.4714e-06      85387         13  0.000e+00
    149.564   72.46468 -156.54700    151.171    -1.4632    -1.4622    -1.4664    33.2060    33.2177  1027.4417    26.7139    286.001    272.031  366.80927     77.970     0.0647     0.0403     0.5105 8.4714e-06      85388         13  0.000e+00
    149.580   72.46468 -156.54700    151.186    -1.4634    -1.4622    -1.4666    33.2062    33.2174  1027.4420    26.7140    285.728    272.042  366.81095     77.895     0.0635     0.0330     0.5105 8.4714e-06      85389         13  0.000e+00
    149.580   72.46468 -156.54700    151.186    -1.4632    -1.4625    -1.4664    33.2054    33.2178  1027.4413    26.7134    285.768    272.051  366.81093     77.906     0.0647     0.0403     0.5105 8.4714e-06      85390         13  0.000e+00
    125.001   72.46466 -156.54704    126.336    -1.6411    -1.6396    -1.6435    32.9488    32.9629  1027.1190    26.5096    284.141    269.460  369.32181     76.936     0.0696     0.0696     0.6851 1.0000e-12      88883         14  0.000e+00
    125.047   72.46466 -156.54704    126.383    -1.6409    -1.6393    -1.6433    32.9490    32.9616  1027.1194    26.5097    284.100    269.424  369.31959     76.925     0.0708     0.0769     0.6851 1.0000e-12      88884         14  0.000e+00
    125.055   72.46466 -156.54704    126.391    -1.6409    -1.6396    -1.6433    32.9489    32.9620  1027.1194    26.5096    284.113    269.423  369.31934     76.929     0.0708     0.0769     0.6851 8.4714e-06      88885         14  0.000e+00
    125.047   72.46466 -156.54704    126.383    -1.6411    -1.6395    -1.6435    32.9495    32.9619  1027.1198    26.5101    284.129    269.188  369.31987     76.933     0.0696     0.0696     0.6851 8.4714e-06      88886         14  0.000e+00
    125.055   72.46466 -156.54704    126.391    -1.6412    -1.6395    -1.6436    32.9499    32.9614  1027.1202    26.5105    284.356    269.390  369.31977     76.995     0.0708     0.0769     0.6851 1.0000e-12      88887         14  0.000e+00
    125.109   72.46466 -156.54704    126.445    -1.6409    -1.6396    -1.6433    32.9498    32.9614  1027.1203    26.5103    284.369    269.163  369.31742     76.998     0.0696     0.0696     0.6851 1.0000e-12      88888         14  0.000e+00
    125.109   72.46466 -156.54704    126.445    -1.6409    -1.6395    -1.6433    32.9497    32.9615  1027.1202    26.5103    284.326    269.367  369.31767     76.987     0.0708     0.0769     0.6851 8.4714e-06      88889         14  0.000e+00
    125.047   72.46466 -156.54704    126.383    -1.6411    -1.6395    -1.6435    32.9498    32.9614  1027.1200    26.5103    284.385    269.372  369.31911     77.002     0.0696     0.0696     0.6851 8.4714e-06      88890         14  0.000e+00
    125.109   72.46466 -156.54704    126.445    -1.6411    -1.6396    -1.6435    32.9496    32.9609  1027.1202    26.5102    284.447    269.350  369.31960     77.019     0.0696     0.0696     0.6851 1.0000e-12      88891         14  0.000e+00
    125.048   72.46466 -156.54704    126.383    -1.6411    -1.6396    -1.6435    32.9500    32.9613  1027.1202    26.5106    284.241    269.356  369.31835     76.964     0.0696     0.0696     0.6839 8.4714e-06      88892         14  0.000e+00
    125.109   72.46466 -156.54704    126.445    -1.6411    -1.6397    -1.6435    32.9500    32.9610  1027.1205    26.5106    284.517    269.369  369.31833     77.038     0.0696     0.0696     0.6826 8.4714e-06      88893         14  0.000e+00
    125.109   72.46466 -156.54704    126.445    -1.6411    -1.6395    -1.6435    32.9501    32.9610  1027.1206    26.5106    284.579    269.145  369.31808     77.055     0.0708     0.0769     0.6826 1.0000e-12      88894         14  0.000e+00
    125.109   72.46466 -156.54704    126.445    -1.6411    -1.6399    -1.6435    32.9502    32.9615  1027.1206    26.5107    284.587    269.361  369.31795     77.058     0.0696     0.0696     0.6826 1.0000e-12      88895         14  0.000e+00
    125.109   72.46466 -156.54704    126.445    -1.6409    -1.6397    -1.6433    32.9498    32.9607  1027.1204    26.5104    284.593    269.144  369.31716     77.059     0.0708     0.0769     0.6826 8.4714e-06      88896         14  0.000e+00
    125.109   72.46466 -156.54704    126.446    -1.6411    -1.6396    -1.6435    32.9497    32.9606  1027.1203    26.5103    284.599    269.360  369.31935     77.060     0.0696     0.0696     0.6826 1.0000e-12      88897         14  0.000e+00
    125.109   72.46466 -156.54704    126.446    -1.6412    -1.6397    -1.6436    32.9496    32.9603  1027.1202    26.5102    284.866    269.381  369.32088     77.132     0.0708     0.0769     0.6826 8.4714e-06      88898         14  0.000e+00
    125.164   72.46466 -156.54704    126.500    -1.6412    -1.6396    -1.6436    32.9496    32.9600  1027.1205    26.5102    284.654    269.170  369.32073     77.075     0.0696     0.0696     0.6826 8.4714e-06      88899         14  0.000e+00
    125.171   72.46466 -156.54704    126.508    -1.6412    -1.6399    -1.6436    32.9494    32.9598  1027.1204    26.5101    284.650    269.164  369.32125     77.074     0.0708     0.0769     0.6826 1.0000e-12      88900         14  0.000e+00
    125.110   72.46466 -156.54704    126.446    -1.6411    -1.6401    -1.6435    32.9489    32.9601  1027.1196    26.5096    284.378    269.389  369.32163     77.000     0.0696     0.0696     0.6826 8.4714e-06      88901         14  0.000e+00
    125.110   72.46466 -156.54704    126.446    -1.6412    -1.6399    -1.6436    32.9493    32.9592  1027.1199    26.5100    284.584    269.417  369.32164     77.056     0.0696     0.0696     0.6826 8.4714e-06      88902         14  0.000e+00
    125.225   72.46466 -156.54704    126.563    -1.6411    -1.6401    -1.6435    32.9491    32.9588  1027.1203    26.5098    284.369    269.453  369.32120     76.998     0.0684     0.0623     0.6826 8.4714e-06      88903         14  0.000e+00
