EcoFOCI/data/1_SampleCollection/2023_SikuliaqDBO_CruiseData/CTD_raw_BottleFile_SKQ23-12S/proc/skq202312s_051.cnv
* Sea-Bird SBE 9 Data File:
* FileName = D:\CTD\SKQ202312S\SKQ202312S_051.hex
* Software Version Seasave V 7.26.7.121
* Temperature SN = 6177
* Conductivity SN = 0369
* Number of Bytes Per Scan = 41
* Number of Voltage Words = 4
* Number of Scans Averaged by the Deck Unit = 1
* NMEA Latitude = 70 43.03 N
* NMEA Longitude = 162 51.44 W
* NMEA UTC (Time) = Sep 26 2023  19:01:27
* NMEA baud rate = 4800
** Ship: R/V Sikuliaq
** Station Number: 051
** Station Name: IC10
** Bottom Depth: 42
** Operator: SD
# nquan = 24
# nvalues = 6154                                  
# units = specified
# name 0 = depSM: Depth [salt water, m]
# name 1 = latitude: Latitude [deg]
# name 2 = longitude: Longitude [deg]
# name 3 = prDM: Pressure, Digiquartz [db]
# name 4 = t090C: Temperature [ITS-90, deg C]
# name 5 = t190C: Temperature, 2 [ITS-90, deg C]
# name 6 = potemp090C: Potential Temperature [ITS-90, deg C]
# name 7 = sal00: Salinity, Practical [PSU]
# name 8 = sal11: Salinity, Practical, 2 [PSU]
# name 9 = density00: Density [density, kg/m^3]
# name 10 = sigma-é00: Density [sigma-theta, kg/m^3]
# name 11 = sbox0Mm/Kg: Oxygen, SBE 43 [umol/kg]
# name 12 = sbox1Mm/Kg: Oxygen, SBE 43, 2 [umol/kg]
# name 13 = oxsolMm/Kg: Oxygen Saturation, Garcia & Gordon [umol/kg]
# name 14 = sbeox0PS: Oxygen, SBE 43 [% saturation]
# name 15 = sbeox1PS: Oxygen, SBE 43, 2 [% saturation]
# name 16 = v0: Voltage 0
# name 17 = flECO-AFL: Fluorescence, WET Labs ECO-AFL/FL [mg/m^3]
# name 18 = v1: Voltage 1
# name 19 = CStarAt0: Beam Attenuation, WET Labs C-Star [1/m]
# name 20 = par: PAR/Irradiance, Biospherical/Licor
# name 21 = scan: Scan Count
# name 22 = timeM: Time, Elapsed [minutes]
# name 23 = flag:  0.000e+00
# span 0 =      2.142,     36.901                 
# span 1 =   70.71704,   70.71714                 
# span 2 = -162.85630, -162.85552                 
# span 3 =      2.164,     37.284                 
# span 4 =     5.3511,     7.2761                 
# span 5 =     5.3517,     7.2778                 
# span 6 =     5.3485,     7.2745                 
# span 7 =    28.6250,    31.4787                 
# span 8 =    28.6387,    31.4965                 
# span 9 =  1022.4825,  1025.0095                 
# span 10 =    22.4667,    24.8437                
# span 11 =    199.233,    294.565                
# span 12 =    185.657,    277.464                
# span 13 =  301.04497,  312.97773                
# span 14 =     63.660,     94.579                
# span 15 =     59.330,     89.082                
# span 16 =     0.0769,     0.1966                
# span 17 =     0.1135,     0.8315                
# span 18 =     1.7192,     4.1624                
# span 19 =     0.4964,     4.0351                
# span 20 = 1.0000e-12, 1.1107e+02                
# span 21 =          1,       6154                
# span 22 =     0.0000,     4.2729                
# span 23 = 0.0000e+00, 0.0000e+00                
# interval = seconds: 0.0416667
# start_time = Sep 26 2023 19:05:40 [NMEA time, first data scan]
# bad_flag = -9.990e-29
*END*
[from data line 2234]
     21.372   70.71714 -162.85600     21.593     7.0915     7.0869     7.0896    31.1139    31.1284  1024.4466    24.3473    271.262    253.896  301.31972     90.025     84.261     0.1172     0.3553     4.1538     0.5047 2.6852e+00       2235     1.5514  0.000e+00
     21.488   70.71714 -162.85600     21.709     7.0891     7.0842     7.0872    31.1161    31.1309  1024.4492    24.3494    271.497    253.963  301.33144     90.099     84.280     0.1172     0.3553     4.1538     0.5047 2.6774e+00       2236     1.5521  0.000e+00
     21.395   70.71714 -162.85600     21.616     7.0861     7.0811     7.0842    31.1187    31.1335  1024.4512    24.3518    271.368    254.023  301.34649     90.052     84.296     0.1172     0.3553     4.1538     0.5047 2.6774e+00       2237     1.5528  0.000e+00
     21.488   70.71714 -162.85600     21.709     7.0836     7.0781     7.0817    31.1209    31.1366  1024.4537    24.3539    271.597    254.087  301.35900     90.124     84.313     0.1148     0.3406     4.1538     0.5047 2.6695e+00       2238     1.5535  0.000e+00
     21.488   70.71714 -162.85600     21.709     7.0807     7.0743     7.0788    31.1235    31.1406  1024.4561    24.3562    271.657    254.149  301.37316     90.140     84.329     0.1148     0.3406     4.1538     0.5047 2.6617e+00       2239     1.5542  0.000e+00
     21.511   70.71714 -162.85600     21.733     7.0771     7.0708     7.0752    31.1272    31.1437  1024.4596    24.3596    271.717    254.211  301.38997     90.155     84.344     0.1136     0.3333     4.1538     0.5047 2.6617e+00       2240     1.5549  0.000e+00
     21.488   70.71714 -162.85600     21.709     7.0742     7.0674     7.0723    31.1299    31.1469  1024.4620    24.3621    271.960    254.442  301.40378     90.231     84.416     0.1148     0.3406     4.1551     0.5035 2.6461e+00       2241     1.5556  0.000e+00
     21.565   70.71714 -162.85600     21.787     7.0717     7.0641     7.0698    31.1323    31.1498  1024.4646    24.3644    271.653    254.345  301.41604     90.125     84.380     0.1136     0.3333     4.1551     0.5035 2.6229e+00       2242     1.5562  0.000e+00
     21.549   70.71714 -162.85600     21.772     7.0687     7.0620     7.0668    31.1349    31.1518  1024.4670    24.3668    271.864    254.394  301.43051     90.191     84.393     0.1148     0.3406     4.1551     0.5035 2.6229e+00       2243     1.5569  0.000e+00
     21.603   70.71714 -162.85600     21.826     7.0660     7.0590     7.0641    31.1371    31.1541  1024.4693    24.3689    272.101    254.449  301.44481     90.265     84.407     0.1136     0.3333     4.1551     0.5035 2.6152e+00       2244     1.5576  0.000e+00
     21.626   70.71714 -162.85600     21.850     7.0631     7.0564     7.0612    31.1394    31.1563  1024.4716    24.3711    272.167    254.499  301.45973     90.283     84.420     0.1136     0.3333     4.1551     0.5035 2.6075e+00       2245     1.5583  0.000e+00
     21.603   70.71714 -162.85600     21.826     7.0599     7.0541     7.0580    31.1422    31.1587  1024.4741    24.3737    272.229    254.544  301.47552     90.299     84.432     0.1136     0.3333     4.1551     0.5035 2.5999e+00       2246     1.5590  0.000e+00
     21.626   70.71714 -162.85600     21.850     7.0569     7.0518     7.0550    31.1453    31.1607  1024.4770    24.3765    272.286    254.589  301.48922     90.314     84.444     0.1148     0.3406     4.1551     0.5035 2.5999e+00       2247     1.5597  0.000e+00
     21.603   70.71714 -162.85600     21.826     7.0542     7.0493     7.0523    31.1487    31.1633  1024.4800    24.3796    272.334    254.615  301.50032     90.326     84.449     0.1136     0.3333     4.1551     0.5035 2.5922e+00       2248     1.5604  0.000e+00
     21.719   70.71714 -162.85600     21.943     7.0515     7.0464     7.0496    31.1514    31.1666  1024.4830    24.3820    272.385    254.643  301.51354     90.339     84.455     0.1148     0.3406     4.1551     0.5035 2.5922e+00       2249     1.5611  0.000e+00
     21.680   70.71714 -162.85600     21.904     7.0490     7.0440     7.0471    31.1543    31.1691  1024.4854    24.3846    272.396    254.663  301.52413     90.340     84.458     0.1148     0.3406     4.1551     0.5035 2.5922e+00       2250     1.5618  0.000e+00
     21.719   70.71714 -162.85600     21.943     7.0466     7.0421     7.0447    31.1566    31.1713  1024.4877    24.3868    272.240    254.682  301.53537     90.285     84.462     0.1148     0.3406     4.1551     0.5035 2.5770e+00       2251     1.5625  0.000e+00
     21.719   70.71714 -162.85600     21.943     7.0440     7.0392     7.0421    31.1590    31.1739  1024.4899    24.3890    272.439    254.701  301.54823     90.347     84.464     0.1148     0.3406     4.1551     0.5035 2.5619e+00       2252     1.5632  0.000e+00
     21.742   70.71714 -162.85600     21.966     7.0415     7.0361     7.0396    31.1615    31.1768  1024.4923    24.3913    272.441    254.721  301.56045     90.344     84.467     0.1136     0.3333     4.1551     0.5035 2.5619e+00       2253     1.5639  0.000e+00
     21.719   70.71714 -162.85600     21.943     7.0388     7.0334     7.0369    31.1638    31.1795  1024.4944    24.3934    272.437    254.734  301.57410     90.338     84.468     0.1148     0.3406     4.1551     0.5035 2.5544e+00       2254     1.5646  0.000e+00
     21.796   70.71714 -162.85600     22.021     7.0360     7.0303     7.0341    31.1664    31.1823  1024.4972    24.3959    272.458    254.733  301.58737     90.341     84.463     0.1136     0.3333     4.1551     0.5035 2.5469e+00       2255     1.5653  0.000e+00
     21.834   70.71714 -162.85600     22.060     7.0334     7.0278     7.0315    31.1688    31.1848  1024.4996    24.3980    272.281    254.570  301.59993     90.279     84.406     0.1148     0.3406     4.1551     0.5035 2.5469e+00       2256     1.5660  0.000e+00
     21.834   70.71714 -162.85600     22.060     7.0304     7.0247     7.0285    31.1722    31.1882  1024.5026    24.4011    272.238    254.562  301.61362     90.261     84.399     0.1136     0.3333     4.1551     0.5035 2.5319e+00       2257     1.5667  0.000e+00
     21.796   70.71714 -162.85600     22.021     7.0269     7.0218     7.0250    31.1753    31.1910  1024.5053    24.4040    272.385    254.552  301.63040     90.304     84.392     0.1148     0.3406     4.1551     0.5035 2.5245e+00       2258     1.5674  0.000e+00
     21.888   70.71714 -162.85600     22.114     7.0239     7.0185     7.0220    31.1777    31.1940  1024.5081    24.4063    272.392    254.546  301.64623     90.302     84.385     0.1136     0.3333     4.1551     0.5035 2.5171e+00       2259     1.5681  0.000e+00
     21.850   70.71714 -162.85600     22.075     7.0204     7.0147     7.0185    31.1801    31.1964  1024.5102    24.4086    272.393    254.538  301.66540     90.296     84.377     0.1148     0.3406     4.1551     0.5035 2.5171e+00       2260     1.5688  0.000e+00
     21.888   70.71714 -162.85600     22.114     7.0174     7.0111     7.0155    31.1815    31.1986  1024.5119    24.4102    272.390    254.532  301.68233     90.290     84.369     0.1148     0.3406     4.1563     0.5023 2.5171e+00       2261     1.5694  0.000e+00
     21.950   70.71714 -162.85600     22.177     7.0142     7.0073     7.0123    31.1828    31.2005  1024.5136    24.4116    272.194    254.509  301.70185     90.219     84.355     0.1136     0.3333     4.1587     0.5000 2.5171e+00       2262     1.5701  0.000e+00
     21.965   70.71714 -162.85600     22.192     7.0104     7.0028     7.0084    31.1837    31.2029  1024.5149    24.4128    272.355    254.311  301.72668     90.266     84.283     0.1160     0.3480     4.1600     0.4988 2.5097e+00       2263     1.5708  0.000e+00
     21.888   70.71714 -162.85600     22.114     7.0068     6.9983     7.0049    31.1846    31.2047  1024.5158    24.4140    272.150    254.267  301.74935     90.191     84.260     0.1148     0.3406     4.1600     0.4988 2.4876e+00       2264     1.5715  0.000e+00
     22.004   70.71714 -162.85600     22.231     7.0039     6.9944     7.0020    31.1849    31.2057  1024.5169    24.4145    272.110    254.226  301.76868     90.172     84.240     0.1160     0.3480     4.1587     0.5000 2.4876e+00       2265     1.5722  0.000e+00
     21.965   70.71714 -162.85600     22.192     7.0002     6.9898     6.9983    31.1855    31.2069  1024.5177    24.4156    272.066    254.199  301.79297     90.150     84.223     0.1148     0.3406     4.1587     0.5000 2.4876e+00       2266     1.5729  0.000e+00
     22.004   70.71714 -162.85600     22.231     6.9965     6.9857     6.9946    31.1855    31.2076  1024.5183    24.4160    272.024    254.173  301.81882     90.128     84.207     0.1160     0.3480     4.1600     0.4988 2.4803e+00       2267     1.5736  0.000e+00
     22.081   70.71714 -162.85600     22.309     6.9920     6.9807     6.9901    31.1865    31.2093  1024.5200    24.4174    272.037    253.977  301.84769     90.124     84.133     0.1148     0.3406     4.1600     0.4988 2.4803e+00       2268     1.5743  0.000e+00
     22.004   70.71714 -162.85600     22.231     6.9880     6.9764     6.9861    31.1875    31.2102  1024.5210    24.4187    272.013    253.930  301.87328     90.108     84.110     0.1160     0.3480     4.1587     0.5000 2.4803e+00       2269     1.5750  0.000e+00
     22.058   70.71714 -162.85600     22.286     6.9832     6.9721     6.9813    31.1885    31.2109  1024.5227    24.4201    271.997    253.887  301.90420     90.094     84.088     0.1148     0.3406     4.1587     0.5000 2.4657e+00       2270     1.5757  0.000e+00
     22.081   70.71714 -162.85600     22.309     6.9770     6.9674     6.9751    31.1903    31.2116  1024.5250    24.4223    271.985    253.864  301.94327     90.078     84.071     0.1160     0.3480     4.1587     0.5000 2.4585e+00       2271     1.5764  0.000e+00
     22.120   70.71714 -162.85600     22.348     6.9709     6.9618     6.9690    31.1908    31.2124  1024.5264    24.4235    271.975    253.829  301.98460     90.062     84.049     0.1172     0.3553     4.1587     0.5000 2.4585e+00       2272     1.5771  0.000e+00
     22.143   70.71714 -162.85600     22.371     6.9654     6.9561     6.9635    31.1914    31.2132  1024.5276    24.4247    271.956    253.621  302.02146     90.045     83.970     0.1148     0.3406     4.1587     0.5000 2.4512e+00       2273     1.5778  0.000e+00
     22.120   70.71714 -162.85600     22.348     6.9596     6.9516     6.9577    31.1925    31.2140  1024.5292    24.4263    271.963    253.561  302.05904     90.036     83.942     0.1172     0.3553     4.1587     0.5000 2.4512e+00       2274     1.5785  0.000e+00
     22.235   70.71714 -162.85600     22.465     6.9543     6.9470     6.9524    31.1943    31.2146  1024.5318    24.4284    271.941    253.525  302.09172     90.019     83.921     0.1148     0.3406     4.1600     0.4988 2.4512e+00       2275     1.5792  0.000e+00
     22.143   70.71714 -162.85600     22.371     6.9498     6.9433     6.9479    31.1955    31.2149  1024.5329    24.4299    271.905    253.460  302.12065     89.999     83.893     0.1160     0.3480     4.1600     0.4988 2.4440e+00       2276     1.5799  0.000e+00
     22.235   70.71714 -162.85600     22.465     6.9453     6.9391     6.9434    31.1962    31.2156  1024.5345    24.4311    271.901    253.423  302.15009     89.989     83.873     0.1148     0.3406     4.1587     0.5000 2.4296e+00       2277     1.5806  0.000e+00
     22.197   70.71714 -162.85600     22.426     6.9413     6.9356     6.9394    31.1966    31.2162  1024.5352    24.4319    271.698    253.396  302.17718     89.913     83.858     0.1148     0.3406     4.1587     0.5000 2.4296e+00       2278     1.5813  0.000e+00
     22.289   70.71714 -162.85600     22.519     6.9379     6.9317     6.9360    31.1966    31.2168  1024.5360    24.4323    271.661    253.378  302.20068     89.894     83.845     0.1148     0.3406     4.1587     0.5000 2.4154e+00       2279     1.5819  0.000e+00
     22.235   70.71714 -162.85600     22.465     6.9344     6.9284     6.9325    31.1972    31.2166  1024.5367    24.4333    271.810    253.181  302.22379     89.937     83.773     0.1160     0.3480     4.1587     0.5000 2.4082e+00       2280     1.5826  0.000e+00
     22.312   70.71714 -162.85600     22.543     6.9302     6.9249     6.9283    31.1981    31.2167  1024.5383    24.4345    271.802    253.149  302.25093     89.926     83.756     0.1148     0.3406     4.1587     0.5000 2.4082e+00       2281     1.5833  0.000e+00
     22.289   70.71714 -162.85600     22.519     6.9265     6.9204     6.9246    31.1980    31.2176  1024.5386    24.4350    271.815    252.948  302.27689     89.922     83.681     0.1160     0.3480     4.1612     0.4976 2.3941e+00       2282     1.5840  0.000e+00
     22.312   70.71714 -162.85600     22.543     6.9222     6.9147     6.9203    31.1978    31.2188  1024.5391    24.4353    271.806    252.933  302.30746     89.911     83.666     0.1148     0.3406     4.1612     0.4976 2.3870e+00       2283     1.5847  0.000e+00
     22.351   70.71714 -162.85600     22.582     6.9177     6.9076     6.9157    31.1973    31.2201  1024.5395    24.4356    271.799    252.931  302.34003     89.898     83.653     0.1160     0.3480     4.1612     0.4976 2.3870e+00       2284     1.5854  0.000e+00
     22.405   70.71714 -162.85600     22.636     6.9117     6.9008     6.9098    31.1966    31.2208  1024.5400    24.4357    271.829    252.934  302.38298     89.896     83.641     0.1172     0.3553     4.1612     0.4976 2.3800e+00       2285     1.5861  0.000e+00
     22.366   70.71714 -162.85600     22.597     6.9042     6.8936     6.9022    31.1971    31.2222  1024.5412    24.4372    271.837    252.765  302.43431     89.883     83.572     0.1148     0.3406     4.1612     0.4976 2.3730e+00       2286     1.5868  0.000e+00
     22.405   70.71714 -162.85600     22.636     6.8968     6.8863     6.8949    31.1983    31.2233  1024.5433    24.4390    271.679    252.761  302.48284     89.816     83.557     0.1160     0.3480     4.1612     0.4976 2.3730e+00       2287     1.5875  0.000e+00
     22.428   70.71714 -162.85600     22.660     6.8895     6.8791     6.8876    31.2002    31.2245  1024.5458    24.4414    271.686    252.761  302.52955     89.805     83.544     0.1136     0.3333     4.1612     0.4976 2.3660e+00       2288     1.5882  0.000e+00
     22.459   70.71714 -162.85600     22.691     6.8827     6.8720     6.8807    31.2017    31.2262  1024.5480    24.4435    271.692    252.764  302.57379     89.794     83.533     0.1123     0.3260     4.1612     0.4976 2.3520e+00       2289     1.5889  0.000e+00
     22.459   70.71714 -162.85600     22.691     6.8755     6.8651     6.8735    31.2039    31.2274  1024.5506    24.4461    271.726    252.790  302.61927     89.791     83.528     0.1111     0.3187     4.1612     0.4976 2.3520e+00       2290     1.5896  0.000e+00
     22.482   70.71714 -162.85600     22.714     6.8687     6.8587     6.8667    31.2059    31.2288  1024.5532    24.4486    271.899    252.800  302.66221     89.836     83.520     0.1123     0.3260     4.1600     0.4988 2.3451e+00       2291     1.5903  0.000e+00
     22.520   70.71714 -162.85600     22.753     6.8625     6.8531     6.8605    31.2080    31.2301  1024.5558    24.4510    271.735    252.637  302.70070     89.770     83.457     0.1111     0.3187     4.1612     0.4976 2.3382e+00       2292     1.5910  0.000e+00
     22.536   70.71714 -162.85600     22.769     6.8567     6.8477     6.8547    31.2091    31.2317  1024.5576    24.4527    271.765    252.634  302.73850     89.769     83.446     0.1123     0.3260     4.1612     0.4976 2.3313e+00       2293     1.5917  0.000e+00
     22.574   70.71714 -162.85600     22.808     6.8515     6.8426     6.8496    31.2099    31.2331  1024.5590    24.4540    271.793    252.636  302.77260     89.768     83.438     0.1111     0.3187     4.1612     0.4976 2.3313e+00       2294     1.5924  0.000e+00
