EcoFOCI/data/1_SampleCollection/2023_SikuliaqDBO_CruiseData/CTD_raw_BottleFile_SKQ23-12S/proc/skq202312s_077.ros
* Sea-Bird SBE 9 Data File:
* FileName = D:\CTD\SKQ202312S\SKQ202312S_077.hex
* Software Version Seasave V 7.26.7.121
* Temperature SN = 6177
* Conductivity SN = 0369
* Number of Bytes Per Scan = 41
* Number of Voltage Words = 4
* Number of Scans Averaged by the Deck Unit = 1
* NMEA Latitude = 65 46.95 N
* NMEA Longitude = 168 50.45 W
* NMEA UTC (Time) = Oct 03 2023  04:36:08
* NMEA baud rate = 4800
** Ship: R/V Sikuliaq
** Station Number: 077
** Station Name: BS8
** Bottom Depth: 47
** Operator: SD
# nquan = 22
# nvalues = 833                                   
# units = specified
# name 0 = depSM: Depth [salt water, m]
# name 1 = latitude: Latitude [deg]
# name 2 = longitude: Longitude [deg]
# name 3 = prDM: Pressure, Digiquartz [db]
# name 4 = t090C: Temperature [ITS-90, deg C]
# name 5 = t190C: Temperature, 2 [ITS-90, deg C]
# name 6 = potemp090C: Potential Temperature [ITS-90, deg C]
# name 7 = sal00: Salinity, Practical [PSU]
# name 8 = sal11: Salinity, Practical, 2 [PSU]
# name 9 = density00: Density [density, kg/m^3]
# name 10 = sigma-é00: Density [sigma-theta, kg/m^3]
# name 11 = sbox0Mm/Kg: Oxygen, SBE 43 [umol/kg]
# name 12 = sbox1Mm/Kg: Oxygen, SBE 43, 2 [umol/kg]
# name 13 = oxsolMm/Kg: Oxygen Saturation, Garcia & Gordon [umol/kg]
# name 14 = sbeox0PS: Oxygen, SBE 43 [% saturation]
# name 15 = v0: Voltage 0
# name 16 = flECO-AFL: Fluorescence, WET Labs ECO-AFL/FL [mg/m^3]
# name 17 = CStarAt0: Beam Attenuation, WET Labs C-Star [1/m]
# name 18 = par: PAR/Irradiance, Biospherical/Licor
# name 19 = scan: Scan Count
# name 20 = nbf: Bottles Fired
# name 21 = flag:  0.000e+00
# interval = seconds: 0.0416667
# start_time = Oct 03 2023 04:40:00 [NMEA time, first data scan]
# bad_flag = -9.990e-29
*END*
     42.895   65.78194 -168.84238     43.326     3.0689     3.0700     3.0663    32.9106    32.9218  1026.4147    26.2116    239.909    231.386  327.15137     73.333     0.1868     0.7729     0.9759 1.0000e-12       6148          1  0.000e+00
     42.841   65.78194 -168.84238     43.272     3.0689     3.0702     3.0664    32.9105    32.9214  1026.4144    26.2115    239.869    231.343  327.15110     73.321     0.1856     0.7656     0.9759 1.0000e-12       6149          1  0.000e+00
     42.895   65.78194 -168.84238     43.326     3.0692     3.0702     3.0667    32.9104    32.9217  1026.4146    26.2114    239.870    231.519  327.14920     73.321     0.1868     0.7729     0.9759 1.0000e-12       6150          1  0.000e+00
     42.841   65.78194 -168.84238     43.272     3.0690     3.0700     3.0665    32.9107    32.9223  1026.4146    26.2116    239.803    231.518  327.14981     73.301     0.1856     0.7656     0.9759 1.0000e-12       6151          1  0.000e+00
     42.841   65.78194 -168.84238     43.272     3.0690     3.0699     3.0665    32.9105    32.9220  1026.4144    26.2115    239.738    231.324  327.15041     73.281     0.1868     0.7729     0.9759 1.0000e-12       6152          1  0.000e+00
     42.895   65.78194 -168.84238     43.326     3.0689     3.0700     3.0664    32.9107    32.9217  1026.4148    26.2117    239.676    231.301  327.15058     73.262     0.1856     0.7656     0.9759 1.0000e-12       6153          1  0.000e+00
     42.841   65.78194 -168.84238     43.272     3.0690     3.0702     3.0665    32.9107    32.9221  1026.4146    26.2116    239.611    231.467  327.14981     73.242     0.1856     0.7656     0.9746 1.0000e-12       6154          1  0.000e+00
     42.841   65.78194 -168.84238     43.272     3.0692     3.0699     3.0667    32.9103    32.9220  1026.4142    26.2113    239.766    231.464  327.14953     73.290     0.1856     0.7656     0.9759 1.0000e-12       6155          1  0.000e+00
     42.895   65.78194 -168.84238     43.326     3.0689     3.0700     3.0663    32.9106    32.9222  1026.4147    26.2115    239.744    231.264  327.15147     73.282     0.1856     0.7656     0.9759 1.0000e-12       6156          1  0.000e+00
     42.841   65.78194 -168.84238     43.272     3.0694     3.0700     3.0669    32.9100    32.9219  1026.4140    26.2111    239.604    231.232  327.14844     73.240     0.1856     0.7656     0.9759 1.0000e-12       6157          1  0.000e+00
     42.833   65.78194 -168.84238     43.264     3.0690     3.0702     3.0665    32.9106    32.9218  1026.4145    26.2116    239.358    231.224  327.15000     73.165     0.1795     0.7289     0.9759 1.0000e-12       6158          1  0.000e+00
     42.841   65.78194 -168.84238     43.272     3.0689     3.0700     3.0663    32.9109    32.9218  1026.4147    26.2118    239.512    231.217  327.15070     73.212     0.1734     0.6923     0.9746 1.0000e-12       6159          1  0.000e+00
     42.895   65.78194 -168.84238     43.326     3.0692     3.0700     3.0667    32.9105    32.9217  1026.4146    26.2115    239.483    231.188  327.14900     73.203     0.1734     0.6923     0.9720 1.0000e-12       6160          1  0.000e+00
     42.841   65.78194 -168.84238     43.272     3.0689     3.0699     3.0664    32.9108    32.9221  1026.4146    26.2117    239.490    231.178  327.15040     73.205     0.1734     0.6923     0.9706 1.0000e-12       6161          1  0.000e+00
     42.841   65.78194 -168.84238     43.272     3.0690     3.0702     3.0665    32.9107    32.9219  1026.4146    26.2116    239.535    231.145  327.14981     73.219     0.1734     0.6923     0.9706 1.0000e-12       6162          1  0.000e+00
     42.895   65.78194 -168.84238     43.326     3.0690     3.0699     3.0665    32.9107    32.9222  1026.4148    26.2116    239.548    231.115  327.14988     73.223     0.1734     0.6923     0.9706 1.0000e-12       6163          1  0.000e+00
     42.841   65.78194 -168.84238     43.272     3.0690     3.0699     3.0665    32.9107    32.9220  1026.4146    26.2116    239.559    231.080  327.14981     73.226     0.1734     0.6923     0.9706 1.0000e-12       6164          1  0.000e+00
     42.779   65.78194 -168.84238     43.209     3.0689     3.0702     3.0664    32.9106    32.9216  1026.4142    26.2116    239.573    231.042  327.15082     73.230     0.1734     0.6923     0.9706 1.0000e-12       6165          1  0.000e+00
     42.895   65.78194 -168.84238     43.326     3.0690     3.0699     3.0665    32.9108    32.9219  1026.4149    26.2117    239.591    231.035  327.14958     73.236     0.1734     0.6923     0.9706 1.0000e-12       6166          1  0.000e+00
     42.841   65.78194 -168.84238     43.272     3.0690     3.0700     3.0665    32.9110    32.9219  1026.4148    26.2119    239.390    231.020  327.14911     73.174     0.1734     0.6923     0.9706 1.0000e-12       6167          1  0.000e+00
     42.841   65.78194 -168.84238     43.272     3.0690     3.0699     3.0665    32.9105    32.9220  1026.4144    26.2115    239.449    231.203  327.15021     73.192     0.1734     0.6923     0.9706 1.0000e-12       6168          1  0.000e+00
     42.895   65.78194 -168.84238     43.326     3.0689     3.0697     3.0664    32.9105    32.9220  1026.4147    26.2115    239.442    231.215  327.15118     73.190     0.1734     0.6923     0.9706 1.0000e-12       6169          1  0.000e+00
     42.841   65.78194 -168.84238     43.272     3.0690     3.0699     3.0665    32.9106    32.9221  1026.4145    26.2116    239.434    231.026  327.15001     73.188     0.1734     0.6923     0.9706 1.0000e-12       6170          1  0.000e+00
     42.841   65.78194 -168.84238     43.272     3.0692     3.0699     3.0667    32.9107    32.9220  1026.4146    26.2117    239.466    231.206  327.14842     73.198     0.1734     0.6923     0.9706 1.0000e-12       6171          1  0.000e+00
     42.841   65.78194 -168.84240     43.272     3.0689     3.0700     3.0663    32.9109    32.9217  1026.4147    26.2118    239.650    231.213  327.15060     73.254     0.1734     0.6923     0.9706 1.0000e-12       6172          1  0.000e+00
     42.833   65.78194 -168.84240     43.264     3.0692     3.0700     3.0667    32.9103    32.9219  1026.4142    26.2113    239.648    231.025  327.14912     73.254     0.1746     0.6996     0.9706 1.0000e-12       6173          1  0.000e+00
     42.841   65.78194 -168.84240     43.272     3.0692     3.0700     3.0667    32.9105    32.9218  1026.4143    26.2114    239.468    231.204  327.14913     73.198     0.1734     0.6923     0.9706 1.0000e-12       6174          1  0.000e+00
     42.841   65.78194 -168.84240     43.272     3.0692     3.0700     3.0667    32.9103    32.9217  1026.4142    26.2113    239.509    231.015  327.14953     73.211     0.1746     0.6996     0.9706 1.0000e-12       6175          1  0.000e+00
     42.841   65.78194 -168.84240     43.272     3.0690     3.0700     3.0665    32.9108    32.9217  1026.4146    26.2117    239.518    230.998  327.14951     73.214     0.1734     0.6923     0.9706 1.0000e-12       6176          1  0.000e+00
     42.841   65.78194 -168.84240     43.272     3.0691     3.0700     3.0666    32.9107    32.9222  1026.4145    26.2116    239.529    230.981  327.14942     73.217     0.1746     0.6996     0.9706 1.0000e-12       6177          1  0.000e+00
     42.841   65.78194 -168.84240     43.272     3.0692     3.0700     3.0667    32.9103    32.9224  1026.4142    26.2113    239.544    230.987  327.14943     73.221     0.1734     0.6923     0.9706 1.0000e-12       6178          1  0.000e+00
     42.841   65.78194 -168.84240     43.272     3.0692     3.0699     3.0667    32.9105    32.9223  1026.4143    26.2114    239.561    231.190  327.14913     73.227     0.1746     0.6996     0.9720 1.0000e-12       6179          1  0.000e+00
     42.841   65.78194 -168.84240     43.272     3.0690     3.0700     3.0665    32.9102    32.9223  1026.4142    26.2113    239.763    231.025  327.15101     73.288     0.1734     0.6923     0.9720 1.0000e-12       6180          1  0.000e+00
     42.833   65.78194 -168.84240     43.264     3.0691     3.0700     3.0666    32.9103    32.9219  1026.4142    26.2113    239.601    231.204  327.15041     73.239     0.1746     0.6996     0.9733 1.0000e-12       6181          1  0.000e+00
     42.841   65.78194 -168.84240     43.272     3.0690     3.0700     3.0665    32.9102    32.9222  1026.4142    26.2113    239.625    231.211  327.15101     73.246     0.1734     0.6923     0.9720 1.0000e-12       6182          1  0.000e+00
     42.841   65.78194 -168.84240     43.272     3.0690     3.0699     3.0665    32.9108    32.9226  1026.4146    26.2117    239.867    231.217  327.14961     73.320     0.1746     0.6996     0.9733 1.0000e-12       6183          1  0.000e+00
     42.841   65.78194 -168.84240     43.272     3.0692     3.0700     3.0667    32.9106    32.9222  1026.4144    26.2115    239.712    231.027  327.14882     73.273     0.1722     0.6850     0.9733 1.0000e-12       6184          1  0.000e+00
     42.841   65.78194 -168.84240     43.272     3.0689     3.0702     3.0664    32.9108    32.9216  1026.4146    26.2117    239.707    231.009  327.15040     73.271     0.1734     0.6923     0.9720 1.0000e-12       6185          1  0.000e+00
     42.787   65.78194 -168.84240     43.217     3.0690     3.0700     3.0665    32.9105    32.9223  1026.4142    26.2115    239.918    230.989  327.15024     73.336     0.1722     0.6850     0.9720 1.0000e-12       6186          1  0.000e+00
     42.841   65.78194 -168.84240     43.272     3.0692     3.0699     3.0667    32.9107    32.9220  1026.4145    26.2116    239.732    230.974  327.14862     73.279     0.1734     0.6923     0.9720 1.0000e-12       6187          1  0.000e+00
     42.841   65.78194 -168.84240     43.272     3.0690     3.0699     3.0665    32.9105    32.9221  1026.4144    26.2115    239.730    231.151  327.15021     73.278     0.1722     0.6850     0.9733 1.0000e-12       6188          1  0.000e+00
     42.833   65.78194 -168.84240     43.264     3.0691     3.0700     3.0666    32.9106    32.9221  1026.4144    26.2115    239.764    231.153  327.14971     73.289     0.1734     0.6923     0.9733 1.0000e-12       6189          1  0.000e+00
     42.841   65.78194 -168.84240     43.272     3.0692     3.0700     3.0667    32.9105    32.9221  1026.4144    26.2115    239.368    231.180  327.14892     73.168     0.1722     0.6850     0.9720 1.0000e-12       6190          1  0.000e+00
     42.841   65.78194 -168.84240     43.272     3.0692     3.0700     3.0667    32.9107    32.9221  1026.4146    26.2117    239.558    231.206  327.14842     73.226     0.1734     0.6923     0.9720 1.0000e-12       6191          1  0.000e+00
     42.787   65.78194 -168.84240     43.217     3.0689     3.0700     3.0664    32.9109    32.9218  1026.4144    26.2118    239.571    231.231  327.15023     73.230     0.1722     0.6850     0.9733 1.0000e-12       6192          1  0.000e+00
     42.841   65.78194 -168.84240     43.272     3.0690     3.0700     3.0665    32.9105    32.9219  1026.4144    26.2115    239.590    231.065  327.15041     73.236     0.1722     0.6850     0.9720 1.0000e-12       6193          1  0.000e+00
     42.841   65.78194 -168.84240     43.272     3.0690     3.0700     3.0665    32.9107    32.9223  1026.4145    26.2116    239.539    231.069  327.14991     73.220     0.1722     0.6850     0.9720 1.0000e-12       6194          1  0.000e+00
     42.841   65.78194 -168.84240     43.272     3.0692     3.0700     3.0667    32.9103    32.9219  1026.4142    26.2113    239.489    231.270  327.14943     73.205     0.1722     0.6850     0.9733 1.0000e-12       6195          1  0.000e+00
     42.841   65.78194 -168.84240     43.272     3.0691     3.0702     3.0666    32.9106    32.9221  1026.4144    26.2115    239.442    231.273  327.14972     73.190     0.1734     0.6923     0.9733 1.0000e-12       6196          1  0.000e+00
     42.957   65.78192 -168.84242     43.389     3.0693     3.0702     3.0668    32.9098    32.9219  1026.4143    26.2109    240.044    231.037  327.14950     73.374     0.1807     0.7362     0.9958 1.0000e-12       6346          2  0.000e+00
     42.779   65.78192 -168.84242     43.210     3.0690     3.0702     3.0665    32.9106    32.9222  1026.4142    26.2116    240.250    231.027  327.15003     73.437     0.1795     0.7289     0.9958 1.0000e-12       6347          2  0.000e+00
     42.895   65.78192 -168.84242     43.326     3.0692     3.0702     3.0667    32.9105    32.9220  1026.4146    26.2115    240.282    230.855  327.14900     73.447     0.1807     0.7362     0.9958 1.0000e-12       6348          2  0.000e+00
     42.895   65.78192 -168.84242     43.326     3.0694     3.0700     3.0669    32.9103    32.9223  1026.4144    26.2113    240.273    230.830  327.14781     73.445     0.1795     0.7289     0.9958 1.0000e-12       6349          2  0.000e+00
     42.895   65.78192 -168.84242     43.326     3.0692     3.0703     3.0667    32.9107    32.9218  1026.4148    26.2116    240.302    230.828  327.14850     73.453     0.1807     0.7362     0.9958 1.0000e-12       6350          2  0.000e+00
     42.895   65.78192 -168.84242     43.326     3.0692     3.0700     3.0667    32.9104    32.9221  1026.4145    26.2114    240.330    230.807  327.14930     73.462     0.1795     0.7289     0.9958 1.0000e-12       6351          2  0.000e+00
     42.895   65.78192 -168.84242     43.326     3.0692     3.0702     3.0667    32.9106    32.9219  1026.4147    26.2116    240.357    230.785  327.14870     73.470     0.1807     0.7362     0.9958 1.0000e-12       6352          2  0.000e+00
     42.895   65.78192 -168.84242     43.326     3.0691     3.0702     3.0666    32.9109    32.9219  1026.4150    26.2118    240.348    230.764  327.14889     73.468     0.1795     0.7289     0.9958 1.0000e-12       6353          2  0.000e+00
     42.957   65.78192 -168.84242     43.389     3.0693     3.0700     3.0668    32.9106    32.9220  1026.4150    26.2115    240.339    230.747  327.14749     73.465     0.1807     0.7362     0.9958 1.0000e-12       6354          2  0.000e+00
     42.895   65.78192 -168.84242     43.326     3.0692     3.0702     3.0667    32.9108    32.9219  1026.4149    26.2117    240.253    230.725  327.14819     73.439     0.1783     0.7216     0.9958 1.0000e-12       6355          2  0.000e+00
     42.895   65.78192 -168.84242     43.326     3.0693     3.0700     3.0668    32.9106    32.9221  1026.4147    26.2116    240.020    230.708  327.14741     73.367     0.1795     0.7289     0.9958 1.0000e-12       6356          2  0.000e+00
     42.957   65.78192 -168.84242     43.389     3.0692     3.0700     3.0667    32.9107    32.9225  1026.4151    26.2116    240.188    230.716  327.14808     73.419     0.1795     0.7289     0.9958 1.0000e-12       6357          2  0.000e+00
     42.957   65.78192 -168.84242     43.389     3.0692     3.0702     3.0667    32.9105    32.9220  1026.4149    26.2115    240.172    230.724  327.14898     73.414     0.1795     0.7289     0.9958 1.0000e-12       6358          2  0.000e+00
     42.895   65.78192 -168.84242     43.326     3.0692     3.0699     3.0667    32.9103    32.9222  1026.4145    26.2113    239.934    230.734  327.14950     73.341     0.1783     0.7216     0.9958 1.0000e-12       6359          2  0.000e+00
     42.957   65.78192 -168.84242     43.389     3.0692     3.0700     3.0667    32.9106    32.9217  1026.4150    26.2116    240.099    230.748  327.14878     73.391     0.1807     0.7362     0.9958 1.0000e-12       6360          2  0.000e+00
     42.957   65.78192 -168.84242     43.389     3.0692     3.0700     3.0667    32.9107    32.9220  1026.4151    26.2116    240.114    230.762  327.14808     73.396     0.1795     0.7289     0.9918 1.0000e-12       6361          2  0.000e+00
