EcoFOCI/data/1_SampleCollection/2023_SikuliaqDBO_CruiseData/CTD_raw_BottleFile_SKQ23-12S/proc/skq202312s_015.cnv
* Sea-Bird SBE 9 Data File:
* FileName = D:\CTD\SKQ202312S\SKQ202312S_015.hex
* Software Version Seasave V 7.26.7.121
* Temperature SN = 6177
* Conductivity SN = 0369
* Number of Bytes Per Scan = 41
* Number of Voltage Words = 4
* Number of Scans Averaged by the Deck Unit = 1
* NMEA Latitude = 64 40.48 N
* NMEA Longitude = 169 28.25 W
* NMEA UTC (Time) = Sep 17 2023  12:08:54
* NMEA baud rate = 4800
** Ship: R/V Sikuliaq
** Station Number: 015
** Station Name: DBO2.1A
** Bottom Depth: 44
** Operator: Bern
# nquan = 24
# nvalues = 3941                                  
# units = specified
# name 0 = depSM: Depth [salt water, m]
# name 1 = latitude: Latitude [deg]
# name 2 = longitude: Longitude [deg]
# name 3 = prDM: Pressure, Digiquartz [db]
# name 4 = t090C: Temperature [ITS-90, deg C]
# name 5 = t190C: Temperature, 2 [ITS-90, deg C]
# name 6 = potemp090C: Potential Temperature [ITS-90, deg C]
# name 7 = sal00: Salinity, Practical [PSU]
# name 8 = sal11: Salinity, Practical, 2 [PSU]
# name 9 = density00: Density [density, kg/m^3]
# name 10 = sigma-é00: Density [sigma-theta, kg/m^3]
# name 11 = sbox0Mm/Kg: Oxygen, SBE 43 [umol/kg]
# name 12 = sbox1Mm/Kg: Oxygen, SBE 43, 2 [umol/kg]
# name 13 = oxsolMm/Kg: Oxygen Saturation, Garcia & Gordon [umol/kg]
# name 14 = sbeox0PS: Oxygen, SBE 43 [% saturation]
# name 15 = sbeox1PS: Oxygen, SBE 43, 2 [% saturation]
# name 16 = v0: Voltage 0
# name 17 = flECO-AFL: Fluorescence, WET Labs ECO-AFL/FL [mg/m^3]
# name 18 = v1: Voltage 1
# name 19 = CStarAt0: Beam Attenuation, WET Labs C-Star [1/m]
# name 20 = par: PAR/Irradiance, Biospherical/Licor
# name 21 = scan: Scan Count
# name 22 = timeM: Time, Elapsed [minutes]
# name 23 = flag:  0.000e+00
# span 0 =      1.660,     39.630                 
# span 1 =   64.67388,   64.67418                 
# span 2 = -169.47154, -169.47120                 
# span 3 =      1.676,     40.026                 
# span 4 =     1.9563,     2.5748                 
# span 5 =     1.9573,     2.5759                 
# span 6 =     1.9544,     2.5738                 
# span 7 =    31.9284,    32.7519                 
# span 8 =    31.9263,    32.7624                 
# span 9 =  1025.4985,  1026.3629                 
# span 10 =    25.4832,    26.1741                
# span 11 =    242.033,    329.595                
# span 12 =    232.946,    315.416                
# span 13 =  332.31199,  338.33349                
# span 14 =     71.887,     97.655                
# span 15 =     69.187,     93.367                
# span 16 =     0.1587,     0.4969                
# span 17 =     0.6044,     2.6337                
# span 18 =     3.3162,     3.9109                
# span 19 =     0.7458,     1.4058                
# span 20 = 1.0000e-12, 6.4209e-01                
# span 21 =          1,       3941                
# span 22 =     0.0000,     2.7361                
# span 23 = 0.0000e+00, 0.0000e+00                
# interval = seconds: 0.0416667
# start_time = Sep 17 2023 12:12:19 [NMEA time, first data scan]
# bad_flag = -9.990e-29
*END*
[from data line 1570]
     10.521   64.67402 -169.47138     10.626     2.0441     2.0446     2.0436    31.9631    31.9755  1025.5863    25.5361    327.696    313.013  338.04793     96.938     92.604     0.3602     1.8132     3.7753     0.8870 1.0000e-12       1571     1.0903  0.000e+00
     10.436   64.67402 -169.47138     10.540     2.0439     2.0446     2.0434    31.9633    31.9754  1025.5861    25.5362    327.702    312.982  338.04877     96.939     92.595     0.3614     1.8205     3.7753     0.8870 1.0000e-12       1572     1.0910  0.000e+00
     10.467   64.67402 -169.47138     10.571     2.0437     2.0446     2.0432    31.9630    31.9754  1025.5860    25.5360    327.451    312.955  338.05093     96.864     92.587     0.3602     1.8132     3.7753     0.8870 1.0000e-12       1573     1.0917  0.000e+00
     10.521   64.67402 -169.47138     10.626     2.0439     2.0447     2.0434    31.9627    31.9751  1025.5860    25.5358    327.611    312.928  338.05035     96.912     92.579     0.3626     1.8278     3.7753     0.8870 1.0000e-12       1574     1.0924  0.000e+00
     10.467   64.67402 -169.47138     10.571     2.0435     2.0447     2.0430    31.9634    31.9747  1025.5863    25.5364    327.619    312.697  338.05222     96.914     92.511     0.3614     1.8205     3.7753     0.8870 1.0000e-12       1575     1.0931  0.000e+00
     10.467   64.67402 -169.47138     10.571     2.0436     2.0450     2.0431    31.9633    31.9748  1025.5862    25.5362    327.361    312.643  338.05115     96.838     92.495     0.3614     1.8205     3.7753     0.8870 1.0000e-12       1576     1.0938  0.000e+00
     10.521   64.67402 -169.47138     10.625     2.0441     2.0449     2.0436    31.9628    31.9753  1025.5861    25.5358    327.291    312.594  338.04866     96.818     92.481     0.3614     1.8205     3.7753     0.8870 1.0000e-12       1577     1.0944  0.000e+00
     10.521   64.67402 -169.47138     10.625     2.0439     2.0451     2.0434    31.9628    31.9752  1025.5861    25.5358    327.263    312.543  338.05014     96.809     92.466     0.3614     1.8205     3.7753     0.8870 1.0000e-12       1578     1.0951  0.000e+00
     10.436   64.67402 -169.47138     10.540     2.0441     2.0451     2.0436    31.9632    31.9752  1025.5860    25.5362    327.229    312.491  338.04760     96.800     92.451     0.3626     1.8278     3.7753     0.8870 1.0000e-12       1579     1.0958  0.000e+00
     10.521   64.67402 -169.47138     10.625     2.0442     2.0453     2.0437    31.9630    31.9747  1025.5862    25.5360    327.127    312.647  338.04686     96.770     92.497     0.3614     1.8205     3.7778     0.8844 1.0000e-12       1580     1.0965  0.000e+00
     10.521   64.67402 -169.47138     10.625     2.0442     2.0457     2.0437    31.9625    31.9748  1025.5858    25.5356    327.100    312.420  338.04801     96.761     92.431     0.3626     1.8278     3.7827     0.8792 1.0000e-12       1581     1.0972  0.000e+00
     10.521   64.67402 -169.47138     10.625     2.0444     2.0457     2.0439    31.9629    31.9751  1025.5861    25.5358    327.257    312.397  338.04579     96.809     92.424     0.3614     1.8205     3.7827     0.8792 1.0000e-12       1582     1.0979  0.000e+00
     10.521   64.67402 -169.47138     10.625     2.0447     2.0458     2.0442    31.9625    31.9748  1025.5858    25.5356    327.039    312.377  338.04429     96.745     92.419     0.3626     1.8278     3.7827     0.8792 1.0000e-12       1583     1.0986  0.000e+00
     10.467   64.67402 -169.47138     10.571     2.0442     2.0455     2.0437    31.9628    31.9749  1025.5858    25.5358    327.014    312.335  338.04741     96.736     92.406     0.3614     1.8205     3.7827     0.8792 1.0000e-12       1584     1.0993  0.000e+00
     10.521   64.67402 -169.47138     10.625     2.0446     2.0457     2.0441    31.9627    31.9749  1025.5860    25.5357    327.214    312.320  338.04472     96.796     92.401     0.3614     1.8205     3.7827     0.8792 1.0000e-12       1585     1.1000  0.000e+00
     10.467   64.67402 -169.47138     10.571     2.0444     2.0455     2.0439    31.9633    31.9749  1025.5862    25.5362    327.224    312.078  338.04467     96.799     92.329     0.3614     1.8205     3.7827     0.8792 1.0000e-12       1586     1.1007  0.000e+00
     10.606   64.67402 -169.47138     10.711     2.0444     2.0455     2.0439    31.9627    31.9750  1025.5863    25.5357    327.019    312.047  338.04622     96.738     92.320     0.3614     1.8205     3.7827     0.8792 1.0000e-12       1587     1.1014  0.000e+00
     10.583   64.67402 -169.47138     10.688     2.0441     2.0455     2.0436    31.9630    31.9746  1025.5865    25.5360    327.222    312.014  338.04822     96.797     92.310     0.3626     1.8278     3.7839     0.8779 1.0000e-12       1588     1.1021  0.000e+00
     10.521   64.67402 -169.47138     10.625     2.0439     2.0455     2.0434    31.9635    31.9747  1025.5866    25.5364    327.008    311.955  338.04837     96.734     92.293     0.3614     1.8205     3.7827     0.8792 1.0000e-12       1589     1.1028  0.000e+00
     10.583   64.67402 -169.47138     10.688     2.0442     2.0453     2.0437    31.9623    31.9752  1025.5860    25.5354    327.067    311.930  338.04851     96.752     92.285     0.3626     1.8278     3.7827     0.8792 1.0000e-12       1590     1.1035  0.000e+00
     10.583   64.67402 -169.47138     10.688     2.0439     2.0461     2.0434    31.9628    31.9744  1025.5864    25.5358    327.052    311.899  338.05013     96.747     92.278     0.3614     1.8205     3.7827     0.8792 1.0000e-12       1591     1.1042  0.000e+00
     10.583   64.67402 -169.47138     10.688     2.0441     2.0465     2.0436    31.9630    31.9743  1025.5865    25.5360    327.034    311.875  338.04822     96.742     92.271     0.3626     1.8278     3.7827     0.8792 1.0000e-12       1592     1.1049  0.000e+00
     10.637   64.67402 -169.47138     10.742     2.0441     2.0467     2.0436    31.9628    31.9746  1025.5866    25.5359    327.248    311.854  338.04861     96.805     92.266     0.3614     1.8205     3.7827     0.8792 1.0000e-12       1593     1.1056  0.000e+00
     10.552   64.67402 -169.47138     10.656     2.0446     2.0467     2.0441    31.9574    31.9749  1025.5819    25.5315    327.277    311.834  338.05845     96.811     92.260     0.3614     1.8205     3.7827     0.8792 1.0000e-12       1594     1.1063  0.000e+00
     10.637   64.67402 -169.47138     10.742     2.0444     2.0466     2.0439    31.9555    31.9744  1025.5808    25.5300    327.085    311.827  338.06476     96.752     92.257     0.3614     1.8205     3.7827     0.8792 1.0000e-12       1595     1.1069  0.000e+00
     10.583   64.67402 -169.47138     10.688     2.0441     2.0466     2.0436    31.9613    31.9745  1025.5851    25.5346    327.284    311.991  338.05272     96.815     92.306     0.3614     1.8205     3.7827     0.8792 1.0000e-12       1596     1.1076  0.000e+00
     10.637   64.67402 -169.47138     10.742     2.0439     2.0467     2.0434    31.9630    31.9744  1025.5868    25.5360    327.083    311.805  338.04958     96.756     92.251     0.3626     1.8278     3.7839     0.8779 8.4714e-06       1597     1.1083  0.000e+00
     10.637   64.67402 -169.47138     10.742     2.0441     2.0470     2.0436    31.9634    31.9741  1025.5871    25.5363    327.070    311.797  338.04725     96.753     92.249     0.3602     1.8132     3.7827     0.8792 1.3499e-03       1598     1.1090  0.000e+00
     10.637   64.67402 -169.47138     10.742     2.0441     2.0466     2.0436    31.9634    31.9744  1025.5871    25.5363    327.060    311.798  338.04715     96.750     92.249     0.3565     1.7912     3.7827     0.8792 1.6876e-03       1599     1.1097  0.000e+00
     10.698   64.67402 -169.47138     10.804     2.0444     2.0469     2.0439    31.9630    31.9744  1025.5870    25.5359    327.279    311.797  338.04552     96.815     92.249     0.3553     1.7839     3.7827     0.8792 6.7730e-04       1600     1.1104  0.000e+00
     10.668   64.67402 -169.47138     10.773     2.0444     2.0467     2.0439    31.9634    31.9746  1025.5872    25.5363    327.081    311.800  338.04443     96.757     92.250     0.3553     1.7839     3.7814     0.8805 1.0000e-12       1601     1.1111  0.000e+00
     10.698   64.67402 -169.47138     10.804     2.0447     2.0466     2.0442    31.9630    31.9746  1025.5870    25.5359    327.074    311.809  338.04265     96.755     92.252     0.3553     1.7839     3.7802     0.8818 1.0000e-12       1602     1.1118  0.000e+00
     10.698   64.67402 -169.47138     10.804     2.0452     2.0466     2.0446    31.9627    31.9743  1025.5867    25.5357    327.066    311.819  338.03977     96.754     92.255     0.3553     1.7839     3.7814     0.8805 1.0000e-12       1603     1.1125  0.000e+00
     10.752   64.67402 -169.47138     10.859     2.0453     2.0467     2.0448    31.9628    31.9742  1025.5870    25.5357    327.289    311.832  338.03815     96.820     92.259     0.3553     1.7839     3.7814     0.8805 1.0000e-12       1604     1.1132  0.000e+00
     10.698   64.67402 -169.47138     10.804     2.0453     2.0467     2.0448    31.9627    31.9743  1025.5867    25.5356    327.095    312.046  338.03839     96.763     92.322     0.3553     1.7839     3.7814     0.8805 1.0000e-12       1605     1.1139  0.000e+00
     10.752   64.67402 -169.47138     10.859     2.0453     2.0466     2.0448    31.9624    31.9748  1025.5867    25.5354    327.097    311.888  338.03920     96.763     92.276     0.3565     1.7912     3.7814     0.8805 1.0000e-12       1606     1.1146  0.000e+00
     10.752   64.67402 -169.47138     10.859     2.0456     2.0469     2.0451    31.9624    31.9743  1025.5867    25.5354    327.094    311.907  338.03643     96.763     92.282     0.3553     1.7839     3.7802     0.8818 1.0000e-12       1607     1.1153  0.000e+00
     10.783   64.67402 -169.47138     10.890     2.0450     2.0466     2.0445    31.9627    31.9748  1025.5872    25.5357    327.101    311.933  338.04064     96.764     92.289     0.3565     1.7912     3.7814     0.8805 1.0000e-12       1608     1.1160  0.000e+00
     10.806   64.67402 -169.47138     10.913     2.0447     2.0469     2.0441    31.9627    31.9745  1025.5873    25.5357    327.109    311.958  338.04386     96.765     92.297     0.3553     1.7839     3.7802     0.8818 1.0000e-12       1609     1.1167  0.000e+00
     10.752   64.67402 -169.47138     10.859     2.0447     2.0469     2.0442    31.9629    31.9748  1025.5872    25.5358    327.111    311.960  338.04347     96.766     92.297     0.3565     1.7912     3.7814     0.8805 1.0000e-12       1610     1.1174  0.000e+00
     10.868   64.67402 -169.47138     10.976     2.0449     2.0467     2.0444    31.9629    31.9745  1025.5877    25.5358    327.346    312.199  338.04151     96.836     92.368     0.3553     1.7839     3.7814     0.8805 1.0000e-12       1611     1.1181  0.000e+00
     10.868   64.67402 -169.47138     10.976     2.0448     2.0466     2.0443    31.9632    31.9743  1025.5880    25.5361    327.389    312.234  338.04120     96.849     92.377     0.3565     1.7912     3.7802     0.8818 1.0000e-12       1612     1.1187  0.000e+00
     10.806   64.67402 -169.47138     10.913     2.0453     2.0467     2.0448    31.9630    31.9743  1025.5875    25.5359    327.201    312.263  338.03750     96.794     92.387     0.3541     1.7765     3.7814     0.8805 1.0000e-12       1613     1.1194  0.000e+00
     10.953   64.67402 -169.47138     11.061     2.0456     2.0465     2.0451    31.9625    31.9748  1025.5878    25.5355    327.213    312.330  338.03609     96.798     92.406     0.3553     1.7839     3.7814     0.8805 1.0000e-12       1614     1.1201  0.000e+00
     10.868   64.67402 -169.47138     10.976     2.0459     2.0469     2.0454    31.9624    31.9745  1025.5872    25.5354    327.177    312.385  338.03405     96.788     92.423     0.3565     1.7912     3.7802     0.8818 1.0000e-12       1615     1.1208  0.000e+00
     10.922   64.67402 -169.47138     11.030     2.0462     2.0470     2.0457    31.9621    31.9741  1025.5873    25.5351    327.226    312.249  338.03199     96.803     92.383     0.3553     1.7839     3.7814     0.8805 1.0000e-12       1616     1.1215  0.000e+00
     10.922   64.67402 -169.47138     11.030     2.0467     2.0469     2.0462    31.9621    31.9747  1025.5872    25.5350    327.459    312.266  338.02795     96.873     92.388     0.3565     1.7912     3.7814     0.8805 3.4241e-04       1617     1.1222  0.000e+00
     10.984   64.67402 -169.47138     11.092     2.0469     2.0470     2.0464    31.9620    31.9743  1025.5874    25.5350    327.246    312.287  338.02676     96.811     92.395     0.3553     1.7839     3.7814     0.8805 3.4241e-04       1618     1.1229  0.000e+00
     10.984   64.67402 -169.47138     11.092     2.0469     2.0474     2.0464    31.9622    31.9739  1025.5876    25.5351    327.258    312.508  338.02624     96.814     92.460     0.3565     1.7912     3.7802     0.8818 3.4241e-04       1619     1.1236  0.000e+00
     10.984   64.67402 -169.47138     11.092     2.0472     2.0470     2.0467    31.9617    31.9743  1025.5871    25.5347    327.270    312.355  338.02473     96.818     92.415     0.3553     1.7839     3.7802     0.8818 8.4714e-06       1620     1.1243  0.000e+00
     11.068   64.67402 -169.47138     11.178     2.0470     2.0467     2.0465    31.9618    31.9738  1025.5877    25.5348    327.517    312.589  338.02624     96.891     92.483     0.3553     1.7839     3.7802     0.8818 1.0000e-12       1621     1.1250  0.000e+00
     11.038   64.67402 -169.47138     11.147     2.0471     2.0467     2.0465    31.9616    31.9744  1025.5873    25.5346    327.304    312.636  338.02640     96.828     92.497     0.3541     1.7765     3.7802     0.8818 1.0000e-12       1622     1.1257  0.000e+00
     11.038   64.67402 -169.47138     11.147     2.0469     2.0466     2.0464    31.9610    31.9742  1025.5869    25.5342    327.548    312.688  338.02924     96.899     92.512     0.3553     1.7839     3.7802     0.8818 1.0000e-12       1623     1.1264  0.000e+00
     11.099   64.67402 -169.47138     11.209     2.0453     2.0457     2.0448    31.9607    31.9743  1025.5870    25.5340    327.620    312.725  338.04355     96.916     92.521     0.3529     1.7692     3.7802     0.8818 1.0000e-12       1624     1.1271  0.000e+00
     11.153   64.67402 -169.47138     11.264     2.0430     2.0441     2.0424    31.9616    31.9745  1025.5882    25.5349    327.656    312.767  338.06109     96.922     92.530     0.3492     1.7472     3.7802     0.8818 1.0000e-12       1625     1.1278  0.000e+00
     11.153   64.67402 -169.47138     11.264     2.0414     2.0421     2.0409    31.9619    31.9755  1025.5885    25.5353    327.683    312.809  338.07385     96.926     92.538     0.3492     1.7472     3.7802     0.8818 1.0000e-12       1626     1.1285  0.000e+00
     11.153   64.67402 -169.47138     11.264     2.0402     2.0412     2.0396    31.9624    31.9752  1025.5890    25.5358    327.479    312.844  338.08322     96.863     92.546     0.3492     1.7472     3.7802     0.8818 1.0000e-12       1627     1.1292  0.000e+00
     11.184   64.67402 -169.47138     11.295     2.0387     2.0403     2.0382    31.9630    31.9755  1025.5898    25.5364    327.691    312.879  338.09360     96.923     92.555     0.3504     1.7546     3.7802     0.8818 1.0000e-12       1628     1.1299  0.000e+00
     11.207   64.67402 -169.47138     11.318     2.0378     2.0396     2.0373    31.9633    31.9756  1025.5902    25.5367    327.709    312.937  338.10077     96.927     92.570     0.3492     1.7472     3.7802     0.8818 1.0000e-12       1629     1.1306  0.000e+00
     11.207   64.67402 -169.47138     11.318     2.0372     2.0390     2.0367    31.9638    31.9761  1025.5906    25.5371    327.722    313.171  338.10461     96.929     92.638     0.3492     1.7472     3.7802     0.8818 1.0000e-12       1630     1.1313  0.000e+00
