EcoFOCI/data/1_SampleCollection/2023_SikuliaqDBO_CruiseData/CTD_raw_BottleFile_SKQ23-12S/proc/skq202312s_024.cnv
* Sea-Bird SBE 9 Data File:
* FileName = D:\CTD\SKQ202312S\SKQ202312S_024.hex
* Software Version Seasave V 7.26.7.121
* Temperature SN = 6177
* Conductivity SN = 0369
* Number of Bytes Per Scan = 41
* Number of Voltage Words = 4
* Number of Scans Averaged by the Deck Unit = 1
* NMEA Latitude = 71 12.47 N
* NMEA Longitude = 158 00.01 W
* NMEA UTC (Time) = Sep 20 2023  13:29:26
* NMEA baud rate = 4800
** Ship: R/V Sikuliaq
** Station Number: 024
** Station Name: C5
** Bottom Depth: 49
** Operator: SD
** C5 Mooring Site pre-deployment
# nquan = 24
# nvalues = 4307                                  
# units = specified
# name 0 = depSM: Depth [salt water, m]
# name 1 = latitude: Latitude [deg]
# name 2 = longitude: Longitude [deg]
# name 3 = prDM: Pressure, Digiquartz [db]
# name 4 = t090C: Temperature [ITS-90, deg C]
# name 5 = t190C: Temperature, 2 [ITS-90, deg C]
# name 6 = potemp090C: Potential Temperature [ITS-90, deg C]
# name 7 = sal00: Salinity, Practical [PSU]
# name 8 = sal11: Salinity, Practical, 2 [PSU]
# name 9 = density00: Density [density, kg/m^3]
# name 10 = sigma-é00: Density [sigma-theta, kg/m^3]
# name 11 = sbox0Mm/Kg: Oxygen, SBE 43 [umol/kg]
# name 12 = sbox1Mm/Kg: Oxygen, SBE 43, 2 [umol/kg]
# name 13 = oxsolMm/Kg: Oxygen Saturation, Garcia & Gordon [umol/kg]
# name 14 = sbeox0PS: Oxygen, SBE 43 [% saturation]
# name 15 = sbeox1PS: Oxygen, SBE 43, 2 [% saturation]
# name 16 = v0: Voltage 0
# name 17 = flECO-AFL: Fluorescence, WET Labs ECO-AFL/FL [mg/m^3]
# name 18 = v1: Voltage 1
# name 19 = CStarAt0: Beam Attenuation, WET Labs C-Star [1/m]
# name 20 = par: PAR/Irradiance, Biospherical/Licor
# name 21 = scan: Scan Count
# name 22 = timeM: Time, Elapsed [minutes]
# name 23 = flag:  0.000e+00
# span 0 =      2.333,     43.192                 
# span 1 =   71.20792,   71.20792                 
# span 2 = -157.99980, -157.99978                 
# span 3 =      2.357,     43.641                 
# span 4 =     0.8896,     4.9502                 
# span 5 =     0.8905,     4.9124                 
# span 6 =     0.8879,     4.9499                 
# span 7 =    30.0861,    32.1344                 
# span 8 =    30.1180,    32.1497                 
# span 9 =  1023.8152,  1025.9481                 
# span 10 =    23.7944,    25.7451                
# span 11 =    300.050,    337.513                
# span 12 =    287.845,    319.577                
# span 13 =  319.18624,  347.70690                
# span 14 =     92.817,     97.767                
# span 15 =     88.099,     93.732                
# span 16 =     0.0806,     0.2125                
# span 17 =     0.1355,     0.9267                
# span 18 =     2.1392,     4.1978                
# span 19 =     0.4625,     3.1602                
# span 20 = 1.0000e-12, 6.0050e-01                
# span 21 =          1,       4307                
# span 22 =     0.0000,     2.9903                
# span 23 = 0.0000e+00, 0.0000e+00                
# interval = seconds: 0.0416667
# start_time = Sep 20 2023 13:33:23 [NMEA time, first data scan]
# bad_flag = -9.990e-29
*END*
[from data line 61]
      2.788   71.20792 -157.99980      2.816     4.8619     4.8444     4.8617    30.1151    30.1270  1023.8322    23.8190    302.661    290.174  319.85721     94.624     90.690     0.2015     0.8608     3.7814     0.8805 3.9458e-01         62     0.0424  0.000e+00
      2.788   71.20792 -157.99980      2.816     4.8629     4.8444     4.8627    30.1147    30.1266  1023.8317    23.8186    302.656    290.156  319.85060     94.624     90.684     0.2015     0.8608     3.7814     0.8805 3.8884e-01         63     0.0431  0.000e+00
      2.726   71.20792 -157.99980      2.754     4.8629     4.8439     4.8627    30.1141    30.1264  1023.8310    23.8181    302.658    290.140  319.85197     94.624     90.678     0.2015     0.8608     3.7814     0.8805 3.8741e-01         64     0.0437  0.000e+00
      2.726   71.20792 -157.99980      2.754     4.8625     4.8447     4.8624    30.1139    30.1267  1023.8309    23.8180    302.663    290.117  319.85485     94.625     90.673     0.2015     0.8608     3.7814     0.8805 3.9747e-01         65     0.0444  0.000e+00
      2.726   71.20792 -157.99980      2.754     4.8624     4.8460     4.8622    30.1140    30.1271  1023.8310    23.8181    302.667    290.093  319.85571     94.626     90.668     0.2015     0.8608     3.7814     0.8805 4.0625e-01         66     0.0451  0.000e+00
      2.726   71.20792 -157.99980      2.754     4.8616     4.8467     4.8614    30.1140    30.1270  1023.8311    23.8182    302.469    290.074  319.86208     94.562     90.664     0.2015     0.8608     3.7814     0.8805 4.0625e-01         67     0.0458  0.000e+00
      2.672   71.20792 -157.99980      2.700     4.8621     4.8469     4.8619    30.1145    30.1271  1023.8311    23.8185    302.642    290.060  319.85701     94.618     90.660     0.2015     0.8608     3.7814     0.8805 4.0625e-01         68     0.0465  0.000e+00
      2.726   71.20792 -157.99980      2.754     4.8627     4.8467     4.8625    30.1153    30.1266  1023.8320    23.8191    302.641    290.055  319.85031     94.620     90.658     0.2015     0.8608     3.7814     0.8805 4.0331e-01         69     0.0472  0.000e+00
      2.672   71.20792 -157.99980      2.700     4.8636     4.8469     4.8635    30.1149    30.1264  1023.8313    23.8187    302.843    289.859  319.84402     94.684     90.596     0.2015     0.8608     3.7814     0.8805 4.0331e-01         70     0.0479  0.000e+00
      2.672   71.20792 -157.99980      2.700     4.8636     4.8469     4.8635    30.1141    30.1271  1023.8306    23.8180    302.671    289.833  319.84609     94.630     90.589     0.2015     0.8608     3.7814     0.8805 4.0625e-01         71     0.0486  0.000e+00
      2.672   71.20792 -157.99980      2.700     4.8633     4.8470     4.8631    30.1144    30.1265  1023.8309    23.8183    302.675    289.810  319.84763     94.631     90.582     0.2002     0.8535     3.7802     0.8818 4.1070e-01         72     0.0493  0.000e+00
      2.672   71.20792 -157.99980      2.700     4.8635     4.8467     4.8633    30.1142    30.1267  1023.8307    23.8182    302.677    289.792  319.84695     94.632     90.575     0.2015     0.8608     3.7802     0.8818 4.1219e-01         73     0.0500  0.000e+00
      2.618   71.20792 -157.99980      2.645     4.8632     4.8463     4.8630    30.1133    30.1265  1023.8298    23.8174    302.682    289.963  319.85156     94.632     90.628     0.2002     0.8535     3.7814     0.8805 3.9027e-01         74     0.0507  0.000e+00
      2.649   71.20792 -157.99980      2.676     4.8617     4.8454     4.8615    30.1131    30.1269  1023.8299    23.8174    302.492    289.767  319.86320     94.569     90.565     0.2015     0.8608     3.7802     0.8818 3.4518e-01         75     0.0514  0.000e+00
      2.556   71.20792 -157.99980      2.583     4.8600     4.8448     4.8598    30.1124    30.1267  1023.8291    23.8171    302.683    289.754  319.87793     94.625     90.559     0.2015     0.8608     3.7814     0.8805 3.2979e-01         76     0.0521  0.000e+00
      2.618   71.20792 -157.99980      2.645     4.8575     4.8445     4.8573    30.1119    30.1265  1023.8293    23.8169    302.918    289.748  319.89876     94.692     90.557     0.2015     0.8608     3.7802     0.8818 3.1859e-01         77     0.0528  0.000e+00
      2.618   71.20792 -157.99980      2.645     4.8551     4.8439     4.8549    30.1117    30.1269  1023.8294    23.8171    302.765    289.742  319.91749     94.638     90.554     0.2015     0.8608     3.7802     0.8818 2.7762e-01         78     0.0535  0.000e+00
      2.556   71.20792 -157.99980      2.583     4.8527     4.8439     4.8525    30.1120    30.1268  1023.8295    23.8175    302.783    289.734  319.93489     94.639     90.551     0.2015     0.8608     3.7814     0.8805 2.6233e-01         79     0.0542  0.000e+00
      2.618   71.20792 -157.99980      2.645     4.8507     4.8436     4.8506    30.1111    30.1267  1023.8293    23.8170    302.807    289.734  319.95222     94.641     90.551     0.2015     0.8608     3.7802     0.8818 2.6447e-01         80     0.0549  0.000e+00
      2.502   71.20792 -157.99980      2.528     4.8488     4.8435     4.8487    30.1115    30.1268  1023.8293    23.8175    302.819    289.729  319.96583     94.641     90.549     0.2015     0.8608     3.7814     0.8805 2.8323e-01         81     0.0556  0.000e+00
      2.556   71.20792 -157.99980      2.583     4.8473     4.8432     4.8471    30.1131    30.1270  1023.8310    23.8189    302.833    289.712  319.97412     94.643     90.543     0.2002     0.8535     3.7814     0.8805 2.9237e-01         82     0.0563  0.000e+00
      2.502   71.20792 -157.99980      2.528     4.8461     4.8435     4.8459    30.1140    30.1270  1023.8315    23.8197    302.841    289.711  319.98119     94.643     90.543     0.2015     0.8608     3.7802     0.8818 2.9585e-01         83     0.0569  0.000e+00
      2.556   71.20792 -157.99980      2.583     4.8450     4.8436     4.8449    30.1136    30.1268  1023.8316    23.8195    303.062    289.718  319.99012     94.710     90.545     0.2027     0.8681     3.7802     0.8818 3.4911e-01         84     0.0576  0.000e+00
      2.502   71.20792 -157.99980      2.528     4.8440     4.8431     4.8439    30.1139    30.1272  1023.8317    23.8199    302.893    289.726  319.99694     94.655     90.547     0.2015     0.8608     3.7802     0.8818 3.8316e-01         85     0.0583  0.000e+00
      2.502   71.20792 -157.99980      2.528     4.8434     4.8426     4.8432    30.1138    30.1268  1023.8317    23.8199    302.867    289.533  320.00200     94.645     90.486     0.2002     0.8535     3.7802     0.8818 3.8741e-01         86     0.0590  0.000e+00
      2.441   71.20792 -157.99980      2.466     4.8426     4.8425     4.8425    30.1145    30.1268  1023.8320    23.8205    302.870    289.525  320.00623     94.645     90.483     0.1941     0.8168     3.7814     0.8805 4.2122e-01         87     0.0597  0.000e+00
      2.502   71.20792 -157.99980      2.528     4.8420     4.8422     4.8418    30.1148    30.1273  1023.8326    23.8208    302.877    289.524  320.01083     94.646     90.482     0.1917     0.8022     3.7802     0.8818 4.5084e-01         88     0.0604  0.000e+00
      2.441   71.20792 -157.99980      2.466     4.8419     4.8420     4.8417    30.1144    30.1268  1023.8320    23.8205    303.083    289.524  320.01259     94.710     90.481     0.1917     0.8022     3.7802     0.8818 4.5566e-01         89     0.0611  0.000e+00
      2.441   71.20792 -157.99980      2.466     4.8417     4.8417     4.8415    30.1143    30.1266  1023.8320    23.8205    302.907    289.715  320.01381     94.654     90.540     0.1929     0.8095     3.7802     0.8818 4.2122e-01         90     0.0618  0.000e+00
      2.387   71.20792 -157.99980      2.411     4.8410     4.8415     4.8409    30.1148    30.1269  1023.8322    23.8209    302.908    289.552  320.01792     94.653     90.489     0.1917     0.8022     3.7802     0.8818 3.9027e-01         91     0.0625  0.000e+00
      2.418   71.20792 -157.99980      2.442     4.8409     4.8417     4.8407    30.1149    30.1269  1023.8324    23.8210    302.909    289.560  320.01891     94.654     90.492     0.1929     0.8095     3.7802     0.8818 3.8316e-01         92     0.0632  0.000e+00
      2.441   71.20792 -157.99980      2.466     4.8407     4.8417     4.8405    30.1146    30.1269  1023.8323    23.8208    302.911    289.573  320.02078     94.653     90.496     0.1917     0.8022     3.7802     0.8818 4.0478e-01         93     0.0639  0.000e+00
      2.387   71.20792 -157.99980      2.411     4.8407     4.8418     4.8405    30.1147    30.1270  1023.8321    23.8209    302.907    289.564  320.02054     94.652     90.494     0.1929     0.8095     3.7790     0.8831 4.3505e-01         94     0.0646  0.000e+00
      2.333   71.20792 -157.99980      2.357     4.8406     4.8417     4.8404    30.1153    30.1270  1023.8324    23.8214    302.904    289.580  320.02026     94.651     90.498     0.1917     0.8022     3.7802     0.8818 4.4289e-01         95     0.0653  0.000e+00
      2.387   71.20792 -157.99980      2.411     4.8406     4.8421     4.8404    30.1154    30.1267  1023.8327    23.8215    302.904    289.580  320.01996     94.652     90.499     0.1929     0.8095     3.7790     0.8831 4.3349e-01         96     0.0660  0.000e+00
      2.387   71.20792 -157.99980      2.411     4.8410     4.8420     4.8409    30.1158    30.1269  1023.8330    23.8217    302.898    289.582  320.01550     94.651     90.500     0.1917     0.8022     3.7802     0.8818 4.1668e-01         97     0.0667  0.000e+00
      2.333   71.20792 -157.99980      2.357     4.8417     4.8423     4.8415    30.1170    30.1269  1023.8336    23.8226    302.886    289.769  320.00740     94.650     90.559     0.1929     0.8095     3.7790     0.8831 4.1219e-01         98     0.0674  0.000e+00
      2.387   71.20792 -157.99980      2.411     4.8426     4.8423     4.8425    30.1169    30.1269  1023.8337    23.8224    302.816    289.612  320.00051     94.630     90.510     0.1917     0.8022     3.7802     0.8818 4.0331e-01         99     0.0681  0.000e+00
      2.333   71.20792 -157.99980      2.357     4.8440     4.8422     4.8439    30.1163    30.1269  1023.8328    23.8218    302.800    289.620  319.99109     94.628     90.512     0.1929     0.8095     3.7790     0.8831 3.8035e-01        100     0.0688  0.000e+00
      2.333   71.20792 -157.99980      2.357     4.8456     4.8423     4.8455    30.1155    30.1267  1023.8320    23.8210    302.785    289.631  319.98077     94.626     90.516     0.1917     0.8022     3.7790     0.8831 3.7200e-01        101     0.0694  0.000e+00
      2.387   71.20792 -157.99980      2.411     4.8467     4.8423     4.8466    30.1150    30.1270  1023.8317    23.8205    302.775    289.646  319.97356     94.625     90.521     0.1929     0.8095     3.7802     0.8818 3.7200e-01        102     0.0701  0.000e+00
      2.333   71.20792 -157.99980      2.357     4.8473     4.8426     4.8471    30.1151    30.1270  1023.8315    23.8205    302.765    289.659  319.96929     94.623     90.525     0.1917     0.8022     3.7790     0.8831 3.7339e-01        103     0.0708  0.000e+00
      2.333   71.20792 -157.99980      2.357     4.8480     4.8431     4.8479    30.1151    30.1270  1023.8314    23.8204    302.754    289.674  319.96329     94.622     90.531     0.1917     0.8022     3.7790     0.8831 3.7477e-01        104     0.0715  0.000e+00
      2.333   71.20792 -157.99980      2.357     4.8484     4.8431     4.8482    30.1152    30.1272  1023.8315    23.8205    302.780    289.695  319.96076     94.630     90.538     0.1917     0.8022     3.7790     0.8831 3.7616e-01        105     0.0722  0.000e+00
      2.333   71.20792 -157.99980      2.357     4.8489     4.8432     4.8488    30.1152    30.1268  1023.8314    23.8204    302.773    289.699  319.95635     94.629     90.539     0.1929     0.8095     3.7802     0.8818 3.9027e-01        106     0.0729  0.000e+00
      2.387   71.20792 -157.99980      2.411     4.8491     4.8438     4.8490    30.1149    30.1267  1023.8314    23.8202    302.771    289.723  319.95545     94.629     90.547     0.1917     0.8022     3.7790     0.8831 3.9892e-01        107     0.0736  0.000e+00
      2.333   71.20792 -157.99980      2.357     4.8495     4.8442     4.8493    30.1143    30.1267  1023.8307    23.8197    302.765    289.725  319.95401     94.628     90.549     0.1917     0.8022     3.7790     0.8831 3.9892e-01        108     0.0743  0.000e+00
      2.333   71.20792 -157.99980      2.357     4.8493     4.8444     4.8491    30.1142    30.1267  1023.8306    23.8196    302.764    289.733  319.95578     94.627     90.552     0.1917     0.8022     3.7790     0.8831 3.7200e-01        109     0.0750  0.000e+00
      2.364   71.20792 -157.99980      2.388     4.8492     4.8447     4.8491    30.1146    30.1268  1023.8311    23.8199    302.762    289.742  319.95530     94.626     90.555     0.1929     0.8095     3.7790     0.8831 3.5307e-01        110     0.0757  0.000e+00
      2.387   71.20792 -157.99980      2.411     4.8493     4.8454     4.8491    30.1149    30.1267  1023.8314    23.8201    302.760    289.936  319.95423     94.626     90.618     0.1917     0.8022     3.7802     0.8818 3.5042e-01        111     0.0764  0.000e+00
      2.387   71.20792 -157.99980      2.411     4.8500     4.8458     4.8498    30.1147    30.1268  1023.8312    23.8199    302.959    289.780  319.94952     94.690     90.570     0.1954     0.8242     3.7790     0.8831 3.6652e-01        112     0.0771  0.000e+00
      2.387   71.20792 -157.99980      2.411     4.8501     4.8463     4.8500    30.1143    30.1267  1023.8309    23.8196    302.778    289.792  319.94920     94.633     90.574     0.1966     0.8315     3.7790     0.8831 3.8035e-01        113     0.0778  0.000e+00
      2.387   71.20792 -157.99980      2.411     4.8500     4.8463     4.8499    30.1145    30.1268  1023.8310    23.8198    302.775    289.994  319.94959     94.632     90.638     0.1978     0.8388     3.7790     0.8831 3.8316e-01        114     0.0785  0.000e+00
      2.387   71.20792 -157.99980      2.411     4.8500     4.8460     4.8498    30.1144    30.1266  1023.8309    23.8197    302.772    290.034  319.95024     94.631     90.649     0.1966     0.8315     3.7790     0.8831 4.0625e-01        115     0.0792  0.000e+00
      2.441   71.20792 -157.99980      2.466     4.8497     4.8451     4.8495    30.1140    30.1266  1023.8309    23.8194    302.948    289.895  319.95354     94.685     90.604     0.1966     0.8315     3.7790     0.8831 4.4131e-01        116     0.0799  0.000e+00
      2.387   71.20792 -157.99980      2.411     4.8487     4.8447     4.8485    30.1137    30.1265  1023.8305    23.8193    302.773    290.103  319.96189     94.628     90.668     0.1966     0.8315     3.7790     0.8831 4.4924e-01        117     0.0806  0.000e+00
      2.441   71.20792 -157.99980      2.466     4.8478     4.8441     4.8477    30.1135    30.1271  1023.8307    23.8192    302.775    290.149  319.96868     94.627     90.681     0.1978     0.8388     3.7790     0.8831 4.4131e-01        118     0.0813  0.000e+00
      2.441   71.20792 -157.99980      2.466     4.8479     4.8436     4.8477    30.1140    30.1270  1023.8311    23.8196    302.800    290.174  319.96714     94.635     90.688     0.1966     0.8315     3.7790     0.8831 4.2886e-01        119     0.0819  0.000e+00
      2.441   71.20792 -157.99980      2.466     4.8476     4.8434     4.8474    30.1146    30.1266  1023.8316    23.8201    302.796    290.197  319.96814     94.633     90.695     0.1966     0.8315     3.7790     0.8831 4.2579e-01        120     0.0826  0.000e+00
