EcoFOCI/data/1_SampleCollection/2023_SikuliaqDBO_CruiseData/CTD_raw_BottleFile_SKQ23-12S/proc/skq202312s_008.cnv
* Sea-Bird SBE 9 Data File:
* FileName = D:\CTD\SKQ202312S\SKQ202312S_008.hex
* Software Version Seasave V 7.26.7.121
* Temperature SN = 6177
* Conductivity SN = 0369
* Number of Bytes Per Scan = 41
* Number of Voltage Words = 4
* Number of Scans Averaged by the Deck Unit = 1
* NMEA Latitude = 62 47.19 N
* NMEA Longitude = 173 30.00 W
* NMEA UTC (Time) = Sep 16 2023  08:58:03
* NMEA baud rate = 4800
** Ship: R/V Sikuliaq
** Station Number: 008
** Station Name: DBO1.7
** Bottom Depth: 69
** Operator: SD
# nquan = 24
# nvalues = 5926                                  
# units = specified
# name 0 = depSM: Depth [salt water, m]
# name 1 = latitude: Latitude [deg]
# name 2 = longitude: Longitude [deg]
# name 3 = prDM: Pressure, Digiquartz [db]
# name 4 = t090C: Temperature [ITS-90, deg C]
# name 5 = t190C: Temperature, 2 [ITS-90, deg C]
# name 6 = potemp090C: Potential Temperature [ITS-90, deg C]
# name 7 = sal00: Salinity, Practical [PSU]
# name 8 = sal11: Salinity, Practical, 2 [PSU]
# name 9 = density00: Density [density, kg/m^3]
# name 10 = sigma-é00: Density [sigma-theta, kg/m^3]
# name 11 = sbox0Mm/Kg: Oxygen, SBE 43 [umol/kg]
# name 12 = sbox1Mm/Kg: Oxygen, SBE 43, 2 [umol/kg]
# name 13 = oxsolMm/Kg: Oxygen Saturation, Garcia & Gordon [umol/kg]
# name 14 = sbeox0PS: Oxygen, SBE 43 [% saturation]
# name 15 = sbeox1PS: Oxygen, SBE 43, 2 [% saturation]
# name 16 = v0: Voltage 0
# name 17 = flECO-AFL: Fluorescence, WET Labs ECO-AFL/FL [mg/m^3]
# name 18 = v1: Voltage 1
# name 19 = CStarAt0: Beam Attenuation, WET Labs C-Star [1/m]
# name 20 = par: PAR/Irradiance, Biospherical/Licor
# name 21 = scan: Scan Count
# name 22 = timeM: Time, Elapsed [minutes]
# name 23 = flag:  0.000e+00
# span 0 =      1.066,     63.296                 
# span 1 =   62.78648,   62.78650                 
# span 2 = -173.49996, -173.49994                 
# span 3 =      1.077,     63.923                 
# span 4 =    -1.5262,     7.1119                 
# span 5 =    -1.5240,     7.1213                 
# span 6 =    -1.5268,     7.1117                 
# span 7 =    30.9959,    32.0193                 
# span 8 =    31.0825,    32.0349                 
# span 9 =  1024.2713,  1026.0587                 
# span 10 =    24.2526,    25.7516                
# span 11 =    261.522,    400.097                
# span 12 =    249.667,    382.100                
# span 13 =  301.21311,  371.00551                
# span 14 =     70.543,    113.168                
# span 15 =     67.351,    104.847                
# span 16 =     0.0818,     0.2808                
# span 17 =     0.1428,     1.3370                
# span 18 =     1.5531,     4.1673                
# span 19 =     0.4917,     4.4417                
# span 20 = 1.0000e-12, 1.5481e+00                
# span 21 =          1,       5926                
# span 22 =     0.0000,     4.1146                
# span 23 = 0.0000e+00, 0.0000e+00                
# interval = seconds: 0.0416667
# start_time = Sep 16 2023 09:02:12 [NMEA time, first data scan]
# bad_flag = -9.990e-29
*END*
[from data line 1268]
      5.524   62.78648 -173.49996      5.578     7.0676     7.0748     7.0671    31.1059    31.1155  1024.3696    24.3439    294.449    281.947  301.50273     97.660     93.536     0.1746     0.6996     4.0598     0.5963 1.5478e-01       1269     0.8806  0.000e+00
      5.524   62.78648 -173.49996      5.578     7.0677     7.0741     7.0673    31.1065    31.1170  1024.3701    24.3444    294.260    281.936  301.50035     97.598     93.532     0.1758     0.7069     4.0598     0.5963 1.4422e-01       1270     0.8812  0.000e+00
      5.586   62.78648 -173.49996      5.640     7.0671     7.0727     7.0666    31.1091    31.1180  1024.3724    24.3465    294.294    282.123  301.49887     97.610     93.592     0.1746     0.6996     4.0598     0.5963 1.3983e-01       1271     0.8819  0.000e+00
      5.470   62.78648 -173.49996      5.524     7.0666     7.0705     7.0662    31.1119    31.1195  1024.3742    24.3488    294.295    282.151  301.49614     97.611     93.597     0.1758     0.7069     4.0598     0.5963 1.3983e-01       1272     0.8826  0.000e+00
      5.640   62.78648 -173.49996      5.695     7.0645     7.0698     7.0640    31.1153    31.1189  1024.3779    24.3517    294.100    282.009  301.50317     97.545     93.548     0.1758     0.7069     4.0598     0.5963 1.3694e-01       1273     0.8833  0.000e+00
      5.586   62.78648 -173.49996      5.640     7.0649     7.0675     7.0644    31.1154    31.1202  1024.3777    24.3517    294.243    282.021  301.50056     97.593     93.548     0.1770     0.7143     4.0598     0.5963 1.3551e-01       1274     0.8840  0.000e+00
      5.524   62.78648 -173.49996      5.578     7.0639     7.0644     7.0634    31.1171    31.1227  1024.3789    24.3533    294.226    282.036  301.50323     97.586     93.548     0.1807     0.7362     4.0598     0.5963 1.3622e-01       1275     0.8847  0.000e+00
      5.586   62.78648 -173.49996      5.640     7.0637     7.0646     7.0632    31.1175    31.1226  1024.3795    24.3536    294.212    282.036  301.50379     97.582     93.549     0.1807     0.7362     4.0598     0.5963 1.4870e-01       1276     0.8854  0.000e+00
      5.586   62.78648 -173.49996      5.640     7.0644     7.0648     7.0639    31.1167    31.1213  1024.3788    24.3528    294.437    282.209  301.50115     97.657     93.605     0.1819     0.7436     4.0586     0.5975 1.5632e-01       1277     0.8861  0.000e+00
      5.470   62.78648 -173.49996      5.524     7.0644     7.0638     7.0639    31.1167    31.1212  1024.3783    24.3529    294.305    282.035  301.50062     97.613     93.546     0.1807     0.7362     4.0598     0.5963 1.5709e-01       1278     0.8868  0.000e+00
      5.671   62.78648 -173.49996      5.726     7.0655     7.0633     7.0650    31.1156    31.1206  1024.3782    24.3519    294.293    282.043  301.49580     97.611     93.547     0.1807     0.7362     4.0598     0.5963 1.3337e-01       1279     0.8875  0.000e+00
      5.586   62.78648 -173.49996      5.640     7.0665     7.0624     7.0660    31.1149    31.1208  1024.3771    24.3512    294.270    282.042  301.49044     97.605     93.544     0.1807     0.7362     4.0537     0.6023 1.1561e-01       1280     0.8882  0.000e+00
      5.640   62.78648 -173.49996      5.695     7.0671     7.0606     7.0666    31.1152    31.1218  1024.3775    24.3513    294.252    282.048  301.48532     97.601     93.543     0.1807     0.7362     4.0501     0.6059 1.1299e-01       1281     0.8889  0.000e+00
      5.586   62.78648 -173.49996      5.640     7.0690     7.0587     7.0686    31.1139    31.1240  1024.3760    24.3500    294.225    282.049  301.47505     97.595     93.541     0.1807     0.7362     4.0501     0.6059 1.3551e-01       1282     0.8896  0.000e+00
      5.586   62.78648 -173.49996      5.640     7.0710     7.0571     7.0705    31.1120    31.1252  1024.3743    24.3483    294.200    282.050  301.46558     97.590     93.539     0.1807     0.7362     4.0501     0.6059 1.6336e-01       1283     0.8903  0.000e+00
      5.586   62.78648 -173.49996      5.640     7.0708     7.0561     7.0703    31.1126    31.1261  1024.3747    24.3488    293.804    282.047  301.46575     97.459     93.537     0.1807     0.7362     4.0501     0.6059 1.6897e-01       1284     0.8910  0.000e+00
      5.640   62.78648 -173.49996      5.695     7.0706     7.0555     7.0702    31.1125    31.1261  1024.3749    24.3487    293.934    282.046  301.46695     97.501     93.535     0.1807     0.7362     4.0501     0.6059 2.0775e-01       1285     0.8917  0.000e+00
      5.586   62.78648 -173.49996      5.640     7.0718     7.0558     7.0713    31.1109    31.1249  1024.3733    24.3473    294.108    282.035  301.46253     97.561     93.531     0.1819     0.7436     4.0501     0.6059 2.7762e-01       1286     0.8924  0.000e+00
      5.640   62.78648 -173.49996      5.695     7.0734     7.0566     7.0729    31.1090    31.1234  1024.3719    24.3456    294.174    282.024  301.45550     97.585     93.528     0.1807     0.7362     4.0501     0.6059 2.9819e-01       1287     0.8931  0.000e+00
      5.640   62.78648 -173.49996      5.695     7.0734     7.0577     7.0729    31.1082    31.1219  1024.3712    24.3450    294.579    282.009  301.45771     97.718     93.524     0.1819     0.7436     4.0501     0.6059 2.6663e-01       1288     0.8938  0.000e+00
      5.640   62.78648 -173.49996      5.695     7.0733     7.0601     7.0728    31.1081    31.1202  1024.3712    24.3450    294.242    281.812  301.45853     97.606     93.463     0.1807     0.7362     4.0501     0.6059 2.0775e-01       1289     0.8944  0.000e+00
      5.694   62.78648 -173.49996      5.749     7.0736     7.0620     7.0731    31.1080    31.1189  1024.3713    24.3448    294.235    281.775  301.45678     97.604     93.454     0.1819     0.7436     4.0501     0.6059 1.9078e-01       1290     0.8951  0.000e+00
      5.640   62.78648 -173.49996      5.695     7.0724     7.0625     7.0719    31.1086    31.1184  1024.3717    24.3455    294.232    281.742  301.46331     97.601     93.444     0.1807     0.7362     4.0501     0.6059 1.8560e-01       1291     0.8958  0.000e+00
      5.694   62.78648 -173.49996      5.749     7.0718     7.0619     7.0713    31.1086    31.1188  1024.3720    24.3455    294.067    281.719  301.46755     97.545     93.435     0.1807     0.7362     4.0501     0.6059 1.6416e-01       1292     0.8965  0.000e+00
      5.640   62.78648 -173.49996      5.695     7.0700     7.0609     7.0695    31.1103    31.1202  1024.3733    24.3471    293.853    281.866  301.47639     97.471     93.483     0.1807     0.7362     4.0501     0.6059 1.5632e-01       1293     0.8972  0.000e+00
      5.640   62.78648 -173.49996      5.695     7.0689     7.0597     7.0684    31.1110    31.1207  1024.3740    24.3478    294.186    281.879  301.48249     97.580     93.485     0.1819     0.7436     4.0501     0.6059 1.5248e-01       1294     0.8979  0.000e+00
      5.694   62.78648 -173.49996      5.749     7.0690     7.0579     7.0685    31.1105    31.1217  1024.3738    24.3474    294.239    281.707  301.48246     97.597     93.424     0.1807     0.7362     4.0501     0.6059 1.2433e-01       1295     0.8986  0.000e+00
      5.671   62.78648 -173.49996      5.726     7.0694     7.0568     7.0689    31.1092    31.1223  1024.3727    24.3463    294.101    281.684  301.48283     97.551     93.415     0.1807     0.7362     4.0501     0.6059 1.1234e-01       1296     0.8993  0.000e+00
      5.640   62.78648 -173.49996      5.695     7.0706     7.0561     7.0702    31.1077    31.1221  1024.3712    24.3450    294.288    281.659  301.47753     97.615     93.405     0.1795     0.7289     4.0501     0.6059 1.1105e-01       1297     0.9000  0.000e+00
      5.755   62.78648 -173.49996      5.812     7.0708     7.0558     7.0703    31.1060    31.1212  1024.3704    24.3436    293.916    281.638  301.48018     97.491     93.397     0.1807     0.7362     4.0501     0.6059 1.0033e-01       1298     0.9007  0.000e+00
      5.640   62.78648 -173.49996      5.695     7.0703     7.0558     7.0699    31.1054    31.1204  1024.3694    24.3432    294.251    281.624  301.48475     97.601     93.392     0.1819     0.7436     4.0501     0.6059 9.4258e-02       1299     0.9014  0.000e+00
      5.694   62.78648 -173.49996      5.749     7.0689     7.0560     7.0684    31.1054    31.1198  1024.3698    24.3434    294.270    281.598  301.49484     97.604     93.383     0.1832     0.7509     4.0525     0.6035 9.3660e-02       1300     0.9021  0.000e+00
      5.755   62.78648 -173.49996      5.812     7.0677     7.0558     7.0672    31.1061    31.1190  1024.3708    24.3441    294.285    281.420  301.50124     97.606     93.323     0.1856     0.7656     4.0537     0.6023 8.7776e-02       1301     0.9028  0.000e+00
      5.694   62.78648 -173.49996      5.749     7.0673     7.0560     7.0668    31.1064    31.1186  1024.3708    24.3443    294.291    281.391  301.50381     97.608     93.313     0.1844     0.7582     4.0549     0.6011 8.3186e-02       1302     0.9035  0.000e+00
      5.694   62.78648 -173.49996      5.749     7.0669     7.0568     7.0664    31.1066    31.1173  1024.3711    24.3446    294.298    281.346  301.50562     97.609     93.299     0.1856     0.7656     4.0549     0.6011 8.2619e-02       1303     0.9042  0.000e+00
      5.755   62.78648 -173.49996      5.811     7.0665     7.0578     7.0660    31.1068    31.1165  1024.3715    24.3448    293.954    281.302  301.50840     97.494     93.286     0.1844     0.7582     4.0549     0.6011 9.0697e-02       1304     0.9049  0.000e+00
      5.694   62.78648 -173.49996      5.749     7.0665     7.0584     7.0660    31.1065    31.1163  1024.3710    24.3445    294.100    281.272  301.50908     97.543     93.277     0.1856     0.7656     4.0549     0.6011 9.8489e-02       1305     0.9056  0.000e+00
      5.694   62.78648 -173.49996      5.749     7.0663     7.0596     7.0658    31.1063    31.1162  1024.3709    24.3444    294.277    281.242  301.51097     97.601     93.270     0.1844     0.7582     4.0549     0.6011 1.0033e-01       1306     0.9063  0.000e+00
      5.755   62.78648 -173.49996      5.811     7.0662     7.0605     7.0657    31.1064    31.1161  1024.3713    24.3445    294.289    281.045  301.51136     97.605     93.207     0.1844     0.7582     4.0549     0.6011 1.3983e-01       1307     0.9069  0.000e+00
      5.755   62.78648 -173.49996      5.811     7.0661     7.0614     7.0656    31.1059    31.1153  1024.3709    24.3441    294.300    281.005  301.51284     97.608     93.195     0.1844     0.7582     4.0549     0.6011 2.0775e-01       1308     0.9076  0.000e+00
      5.755   62.78648 -173.49996      5.811     7.0658     7.0618     7.0653    31.1059    31.1149  1024.3709    24.3441    294.312    280.970  301.51498     97.611     93.184     0.1856     0.7656     4.0549     0.6011 2.2663e-01       1309     0.9083  0.000e+00
      5.755   62.78648 -173.49996      5.811     7.0663     7.0615     7.0658    31.1057    31.1151  1024.3707    24.3439    294.319    280.940  301.51193     97.614     93.173     0.1856     0.7656     4.0549     0.6011 1.9427e-01       1310     0.9090  0.000e+00
      5.755   62.78648 -173.49996      5.811     7.0666     7.0619     7.0661    31.1053    31.1152  1024.3703    24.3436    294.327    280.909  301.51069     97.618     93.164     0.1844     0.7582     4.0549     0.6011 1.4056e-01       1311     0.9097  0.000e+00
      5.755   62.78648 -173.49996      5.811     7.0668     7.0619     7.0663    31.1051    31.1154  1024.3702    24.3434    294.145    280.709  301.51003     97.557     93.098     0.1856     0.7656     4.0549     0.6011 1.2639e-01       1312     0.9104  0.000e+00
      5.786   62.78648 -173.49996      5.843     7.0668     7.0620     7.0663    31.1052    31.1153  1024.3704    24.3435    294.322    280.668  301.50982     97.616     93.084     0.1844     0.7582     4.0549     0.6011 1.2985e-01       1313     0.9111  0.000e+00
      5.755   62.78648 -173.49996      5.811     7.0666     7.0621     7.0661    31.1053    31.1157  1024.3703    24.3436    294.333    280.628  301.51069     97.619     93.071     0.1856     0.7656     4.0537     0.6023 1.3983e-01       1314     0.9118  0.000e+00
      5.809   62.78648 -173.49996      5.866     7.0669     7.0628     7.0664    31.1049    31.1158  1024.3703    24.3433    294.344    280.589  301.50935     97.624     93.060     0.1844     0.7582     4.0549     0.6011 1.4275e-01       1315     0.9125  0.000e+00
      5.755   62.78648 -173.49996      5.811     7.0668     7.0636     7.0663    31.1049    31.1161  1024.3700    24.3433    293.972    280.376  301.51052     97.500     92.991     0.1844     0.7582     4.0549     0.6011 1.4571e-01       1316     0.9132  0.000e+00
      5.871   62.78648 -173.49996      5.928     7.0668     7.0650     7.0663    31.1051    31.1157  1024.3707    24.3434    294.319    280.326  301.50999     97.615     92.977     0.1844     0.7582     4.0549     0.6011 1.6257e-01       1317     0.9139  0.000e+00
      5.809   62.78648 -173.49996      5.866     7.0671     7.0655     7.0666    31.1046    31.1157  1024.3700    24.3430    294.546    280.278  301.50869     97.691     92.962     0.1844     0.7582     4.0549     0.6011 1.6978e-01       1318     0.9146  0.000e+00
      5.755   62.78648 -173.49996      5.811     7.0671     7.0659     7.0666    31.1045    31.1155  1024.3697    24.3429    294.392    280.062  301.50888     97.640     92.892     0.1844     0.7582     4.0549     0.6011 1.6655e-01       1319     0.9153  0.000e+00
      5.871   62.78648 -173.49996      5.928     7.0668     7.0659     7.0663    31.1048    31.1150  1024.3705    24.3432    294.412    280.033  301.51072     97.646     92.882     0.1844     0.7582     4.0549     0.6011 1.2501e-01       1320     0.9160  0.000e+00
      5.809   62.78648 -173.49996      5.866     7.0666     7.0657     7.0661    31.1047    31.1153  1024.3701    24.3432    293.851    280.176  301.51189     97.459     92.929     0.1832     0.7509     4.0562     0.5999 1.0594e-01       1321     0.9167  0.000e+00
      5.871   62.78648 -173.49996      5.928     7.0669     7.0659     7.0664    31.1045    31.1151  1024.3702    24.3429    294.335    279.979  301.51039     97.620     92.864     0.1844     0.7582     4.0574     0.5987 1.0468e-01       1322     0.9174  0.000e+00
      5.809   62.78648 -173.49996      5.866     7.0670     7.0662     7.0665    31.1050    31.1149  1024.3703    24.3433    294.347    279.937  301.50893     97.625     92.850     0.1856     0.7656     4.0574     0.5987 1.1893e-01       1323     0.9181  0.000e+00
      5.871   62.78648 -173.49996      5.928     7.0671     7.0660     7.0666    31.1048    31.1146  1024.3704    24.3431    294.364    279.907  301.50834     97.630     92.840     0.1844     0.7582     4.0574     0.5987 1.2985e-01       1324     0.9187  0.000e+00
      5.871   62.78648 -173.49996      5.928     7.0674     7.0646     7.0669    31.1047    31.1152  1024.3703    24.3430    294.186    279.886  301.50653     97.572     92.830     0.1844     0.7582     4.0562     0.5999 1.3125e-01       1325     0.9194  0.000e+00
      5.871   62.78648 -173.49996      5.928     7.0666     7.0630     7.0661    31.1046    31.1163  1024.3703    24.3430    294.400    279.888  301.51228     97.641     92.828     0.1832     0.7509     4.0574     0.5987 1.1759e-01       1326     0.9201  0.000e+00
      5.871   62.78648 -173.49996      5.928     7.0663     7.0614     7.0658    31.1050    31.1163  1024.3707    24.3434    294.419    279.705  301.51336     97.647     92.764     0.1832     0.7509     4.0574     0.5987 1.0657e-01       1327     0.9208  0.000e+00
      5.925   62.78648 -173.49996      5.983     7.0661     7.0605     7.0656    31.1045    31.1163  1024.3706    24.3430    294.441    279.681  301.51588     97.654     92.754     0.1819     0.7436     4.0574     0.5987 1.0468e-01       1328     0.9215  0.000e+00
