EcoFOCI/data/1_SampleCollection/2023_SikuliaqDBO_CruiseData/CTD_raw_BottleFile_SKQ23-12S/proc/skq202312s_033svp.cnv
* Sea-Bird SBE 9 Data File:
* FileName = D:\CTD\SKQ202312S\SKQ202312S_033.hex
* Software Version Seasave V 7.26.7.121
* Temperature SN = 6177
* Conductivity SN = 0369
* Number of Bytes Per Scan = 41
* Number of Voltage Words = 4
* Number of Scans Averaged by the Deck Unit = 1
* NMEA Latitude = 71 34.65 N
* NMEA Longitude = 157 50.24 W
* NMEA UTC (Time) = Sep 21 2023  14:22:10
* NMEA baud rate = 4800
** Ship: R/V Sikuliaq
** Station Number: 033
** Station Name: DBO5.9
** Bottom Depth: 66
** Operator: SD
# nquan = 7
# nvalues = 6364                                  
# units = specified
# name 0 = depSM: Depth [salt water, m]
# name 1 = latitude: Latitude [deg]
# name 2 = longitude: Longitude [deg]
# name 3 = t090C: Temperature [ITS-90, deg C]
# name 4 = sal00: Salinity, Practical [PSU]
# name 5 = svCM: Sound Velocity [Chen-Millero, m/s]
# name 6 = flag:  0.000e+00
# span 0 =      2.472,     59.570                 
# span 1 =   71.57744,   71.57752                 
# span 2 = -157.83780, -157.83732                 
# span 3 =    -1.6373,     2.2384                 
# span 4 =    29.9692,    32.9009                 
# span 5 =    1439.13,    1452.86                 
# span 6 = 0.0000e+00, 0.0000e+00                 
# interval = seconds: 0.0416667
# start_time = Sep 21 2023 14:28:00 [NMEA time, first data scan]
# bad_flag = -9.990e-29
*END*
[from data line 4103]
     54.819   71.57752 -157.83736    -1.6263    32.8970    1439.57  0.000e+00
     54.819   71.57752 -157.83736    -1.6263    32.8968    1439.56  0.000e+00
     54.819   71.57752 -157.83736    -1.6266    32.8972    1439.56  0.000e+00
     54.873   71.57752 -157.83736    -1.6263    32.8970    1439.57  0.000e+00
     54.873   71.57752 -157.83736    -1.6263    32.8968    1439.57  0.000e+00
     54.873   71.57752 -157.83736    -1.6262    32.8967    1439.57  0.000e+00
     54.934   71.57752 -157.83736    -1.6262    32.8970    1439.57  0.000e+00
     54.988   71.57752 -157.83736    -1.6258    32.8963    1439.57  0.000e+00
     54.934   71.57752 -157.83736    -1.6257    32.8966    1439.57  0.000e+00
     54.934   71.57752 -157.83736    -1.6255    32.8965    1439.57  0.000e+00
     54.988   71.57752 -157.83736    -1.6252    32.8961    1439.57  0.000e+00
     54.988   71.57752 -157.83736    -1.6253    32.8966    1439.57  0.000e+00
     54.988   71.57752 -157.83736    -1.6257    32.8963    1439.57  0.000e+00
     55.050   71.57752 -157.83736    -1.6257    32.8964    1439.57  0.000e+00
     54.988   71.57752 -157.83736    -1.6260    32.8965    1439.57  0.000e+00
     54.988   71.57752 -157.83736    -1.6262    32.8967    1439.57  0.000e+00
     55.050   71.57752 -157.83736    -1.6266    32.8972    1439.57  0.000e+00
     55.050   71.57752 -157.83736    -1.6267    32.8972    1439.57  0.000e+00
     54.988   71.57752 -157.83736    -1.6270    32.8974    1439.56  0.000e+00
     55.050   71.57752 -157.83736    -1.6272    32.8970    1439.56  0.000e+00
     55.050   71.57752 -157.83736    -1.6272    32.8970    1439.56  0.000e+00
     55.050   71.57752 -157.83736    -1.6272    32.8974    1439.56  0.000e+00
     55.050   71.57752 -157.83736    -1.6272    32.8970    1439.56  0.000e+00
     55.050   71.57752 -157.83736    -1.6274    32.8972    1439.56  0.000e+00
     55.050   71.57752 -157.83736    -1.6272    32.8974    1439.56  0.000e+00
     54.988   71.57752 -157.83736    -1.6275    32.8975    1439.56  0.000e+00
     55.050   71.57752 -157.83736    -1.6270    32.8971    1439.57  0.000e+00
     55.050   71.57752 -157.83736    -1.6262    32.8962    1439.57  0.000e+00
     55.050   71.57752 -157.83736    -1.6253    32.8952    1439.57  0.000e+00
     55.050   71.57752 -157.83736    -1.6253    32.8953    1439.57  0.000e+00
     55.050   71.57752 -157.83736    -1.6251    32.8948    1439.57  0.000e+00
     55.050   71.57752 -157.83736    -1.6244    32.8937    1439.57  0.000e+00
     55.050   71.57752 -157.83736    -1.6229    32.8915    1439.58  0.000e+00
     54.988   71.57752 -157.83736    -1.6214    32.8894    1439.58  0.000e+00
     54.988   71.57752 -157.83736    -1.6200    32.8867    1439.58  0.000e+00
     54.934   71.57752 -157.83736    -1.6186    32.8848    1439.59  0.000e+00
     54.872   71.57752 -157.83736    -1.6185    32.8850    1439.59  0.000e+00
     54.872   71.57752 -157.83736    -1.6180    32.8847    1439.59  0.000e+00
     54.818   71.57752 -157.83736    -1.6180    32.8846    1439.59  0.000e+00
     54.818   71.57752 -157.83736    -1.6182    32.8849    1439.59  0.000e+00
     54.764   71.57752 -157.83736    -1.6189    32.8862    1439.58  0.000e+00
     54.764   71.57752 -157.83736    -1.6200    32.8879    1439.58  0.000e+00
     54.703   71.57752 -157.83736    -1.6206    32.8890    1439.58  0.000e+00
     54.764   71.57752 -157.83736    -1.6214    32.8904    1439.58  0.000e+00
     54.649   71.57752 -157.83736    -1.6220    32.8914    1439.58  0.000e+00
     54.649   71.57752 -157.83736    -1.6226    32.8922    1439.57  0.000e+00
     54.649   71.57752 -157.83736    -1.6226    32.8927    1439.57  0.000e+00
     54.649   71.57752 -157.83736    -1.6223    32.8927    1439.58  0.000e+00
     54.587   71.57752 -157.83736    -1.6222    32.8921    1439.57  0.000e+00
     54.649   71.57752 -157.83736    -1.6215    32.8913    1439.58  0.000e+00
     54.533   71.57752 -157.83736    -1.6217    32.8918    1439.58  0.000e+00
     54.587   71.57752 -157.83736    -1.6215    32.8913    1439.58  0.000e+00
     54.533   71.57752 -157.83736    -1.6215    32.8914    1439.58  0.000e+00
     54.471   71.57752 -157.83736    -1.6211    32.8903    1439.58  0.000e+00
     54.471   71.57752 -157.83736    -1.6206    32.8886    1439.58  0.000e+00
     54.471   71.57752 -157.83736    -1.6193    32.8860    1439.58  0.000e+00
     54.471   71.57752 -157.83736    -1.6182    32.8841    1439.58  0.000e+00
     54.471   71.57752 -157.83736    -1.6179    32.8840    1439.58  0.000e+00
     54.363   71.57752 -157.83736    -1.6177    32.8844    1439.58  0.000e+00
     54.417   71.57752 -157.83736    -1.6174    32.8843    1439.58  0.000e+00
     54.363   71.57752 -157.83736    -1.6170    32.8836    1439.58  0.000e+00
     54.363   71.57752 -157.83736    -1.6170    32.8837    1439.58  0.000e+00
     54.363   71.57752 -157.83736    -1.6170    32.8840    1439.58  0.000e+00
     54.301   71.57752 -157.83736    -1.6176    32.8848    1439.58  0.000e+00
     54.301   71.57752 -157.83736    -1.6174    32.8828    1439.58  0.000e+00
     54.301   71.57752 -157.83736    -1.6136    32.8708    1439.58  0.000e+00
     54.247   71.57752 -157.83736    -1.6075    32.8531    1439.59  0.000e+00
     54.301   71.57752 -157.83736    -1.6012    32.8371    1439.60  0.000e+00
     54.247   71.57752 -157.83736    -1.5959    32.8258    1439.60  0.000e+00
     54.247   71.57752 -157.83736    -1.5918    32.8181    1439.61  0.000e+00
     54.247   71.57752 -157.83736    -1.5887    32.8140    1439.62  0.000e+00
     54.247   71.57752 -157.83736    -1.5863    32.8116    1439.63  0.000e+00
     54.247   71.57752 -157.83736    -1.5846    32.8105    1439.64  0.000e+00
     54.247   71.57752 -157.83736    -1.5832    32.8092    1439.64  0.000e+00
     54.186   71.57752 -157.83736    -1.5823    32.8091    1439.65  0.000e+00
     54.247   71.57752 -157.83736    -1.5816    32.8083    1439.65  0.000e+00
     54.186   71.57752 -157.83736    -1.5807    32.8075    1439.65  0.000e+00
     54.186   71.57752 -157.83736    -1.5805    32.8074    1439.65  0.000e+00
     54.186   71.57752 -157.83736    -1.5806    32.8079    1439.65  0.000e+00
     54.186   71.57752 -157.83736    -1.5803    32.8075    1439.65  0.000e+00
     54.247   71.57752 -157.83736    -1.5807    32.8090    1439.65  0.000e+00
     54.186   71.57752 -157.83736    -1.5818    32.8115    1439.65  0.000e+00
     54.186   71.57752 -157.83736    -1.5823    32.8131    1439.65  0.000e+00
     54.247   71.57752 -157.83736    -1.5832    32.8153    1439.65  0.000e+00
     54.186   71.57752 -157.83736    -1.5835    32.8170    1439.65  0.000e+00
     54.247   71.57752 -157.83736    -1.5851    32.8211    1439.65  0.000e+00
     54.247   71.57752 -157.83736    -1.5867    32.8256    1439.65  0.000e+00
     54.247   71.57752 -157.83736    -1.5886    32.8293    1439.64  0.000e+00
     54.301   71.57752 -157.83736    -1.5903    32.8326    1439.64  0.000e+00
     54.247   71.57752 -157.83736    -1.5919    32.8362    1439.64  0.000e+00
     54.301   71.57752 -157.83736    -1.5936    32.8397    1439.64  0.000e+00
     54.301   71.57752 -157.83736    -1.5951    32.8427    1439.63  0.000e+00
     54.301   71.57752 -157.83736    -1.5967    32.8460    1439.63  0.000e+00
     54.363   71.57752 -157.83736    -1.6005    32.8544    1439.62  0.000e+00
     54.363   71.57752 -157.83736    -1.6038    32.8619    1439.62  0.000e+00
     54.363   71.57752 -157.83736    -1.6069    32.8675    1439.61  0.000e+00
     54.417   71.57752 -157.83736    -1.6092    32.8715    1439.61  0.000e+00
     54.417   71.57752 -157.83736    -1.6115    32.8749    1439.60  0.000e+00
     54.417   71.57752 -157.83736    -1.6128    32.8779    1439.60  0.000e+00
     54.471   71.57752 -157.83736    -1.6139    32.8790    1439.59  0.000e+00
     54.533   71.57752 -157.83736    -1.6147    32.8806    1439.59  0.000e+00
     54.471   71.57752 -157.83736    -1.6156    32.8815    1439.59  0.000e+00
     54.587   71.57752 -157.83736    -1.6163    32.8833    1439.59  0.000e+00
     54.533   71.57752 -157.83736    -1.6170    32.8839    1439.59  0.000e+00
     54.648   71.57752 -157.83736    -1.6173    32.8847    1439.59  0.000e+00
     54.587   71.57752 -157.83736    -1.6177    32.8849    1439.59  0.000e+00
     54.648   71.57752 -157.83736    -1.6184    32.8858    1439.59  0.000e+00
     54.702   71.57752 -157.83736    -1.6194    32.8872    1439.58  0.000e+00
     54.702   71.57752 -157.83736    -1.6210    32.8893    1439.58  0.000e+00
     54.764   71.57752 -157.83736    -1.6222    32.8911    1439.58  0.000e+00
     54.818   71.57752 -157.83736    -1.6232    32.8918    1439.57  0.000e+00
     54.764   71.57752 -157.83736    -1.6241    32.8934    1439.57  0.000e+00
     54.872   71.57752 -157.83736    -1.6253    32.8948    1439.57  0.000e+00
     54.872   71.57752 -157.83736    -1.6260    32.8952    1439.56  0.000e+00
     54.934   71.57752 -157.83736    -1.6263    32.8957    1439.57  0.000e+00
     54.934   71.57752 -157.83736    -1.6269    32.8965    1439.56  0.000e+00
     54.988   71.57752 -157.83736    -1.6274    32.8969    1439.56  0.000e+00
     54.988   71.57752 -157.83736    -1.6275    32.8966    1439.56  0.000e+00
     55.050   71.57752 -157.83736    -1.6279    32.8970    1439.56  0.000e+00
     55.104   71.57752 -157.83736    -1.6279    32.8971    1439.56  0.000e+00
     55.104   71.57752 -157.83736    -1.6287    32.8973    1439.56  0.000e+00
     55.165   71.57752 -157.83736    -1.6295    32.8980    1439.56  0.000e+00
     55.165   71.57752 -157.83736    -1.6302    32.8984    1439.55  0.000e+00
     55.219   71.57752 -157.83736    -1.6307    32.8985    1439.55  0.000e+00
     55.273   71.57752 -157.83736    -1.6315    32.8993    1439.55  0.000e+00
     55.273   71.57752 -157.83736    -1.6318    32.8994    1439.55  0.000e+00
     55.335   71.57752 -157.83736    -1.6321    32.8996    1439.55  0.000e+00
     55.273   71.57752 -157.83736    -1.6324    32.9000    1439.55  0.000e+00
     55.389   71.57752 -157.83736    -1.6324    32.9000    1439.55  0.000e+00
     55.451   71.57752 -157.83736    -1.6326    32.9003    1439.55  0.000e+00
     55.389   71.57752 -157.83736    -1.6324    32.8998    1439.55  0.000e+00
     55.451   71.57752 -157.83736    -1.6326    32.8998    1439.55  0.000e+00
     55.505   71.57752 -157.83736    -1.6327    32.8999    1439.55  0.000e+00
     55.505   71.57752 -157.83736    -1.6326    32.8997    1439.55  0.000e+00
     55.566   71.57752 -157.83736    -1.6327    32.9001    1439.55  0.000e+00
     55.566   71.57752 -157.83736    -1.6327    32.9000    1439.55  0.000e+00
     55.620   71.57752 -157.83736    -1.6328    32.9002    1439.55  0.000e+00
     55.620   71.57752 -157.83736    -1.6327    32.9001    1439.55  0.000e+00
     55.620   71.57752 -157.83736    -1.6326    32.8998    1439.55  0.000e+00
     55.674   71.57752 -157.83736    -1.6324    32.8996    1439.55  0.000e+00
     55.674   71.57752 -157.83736    -1.6324    32.9000    1439.55  0.000e+00
     55.674   71.57752 -157.83736    -1.6322    32.8994    1439.55  0.000e+00
     55.674   71.57752 -157.83736    -1.6322    32.8995    1439.55  0.000e+00
     55.736   71.57752 -157.83736    -1.6321    32.8993    1439.56  0.000e+00
     55.736   71.57752 -157.83736    -1.6322    32.8993    1439.55  0.000e+00
     55.790   71.57752 -157.83736    -1.6322    32.8995    1439.56  0.000e+00
     55.736   71.57752 -157.83736    -1.6324    32.8994    1439.55  0.000e+00
     55.790   71.57752 -157.83736    -1.6327    32.8997    1439.55  0.000e+00
     55.790   71.57752 -157.83736    -1.6327    32.8995    1439.55  0.000e+00
     55.790   71.57752 -157.83736    -1.6326    32.8991    1439.55  0.000e+00
     55.790   71.57752 -157.83736    -1.6326    32.9000    1439.55  0.000e+00
     55.790   71.57752 -157.83736    -1.6322    32.8994    1439.56  0.000e+00
     55.852   71.57752 -157.83736    -1.6321    32.8995    1439.56  0.000e+00
     55.790   71.57752 -157.83736    -1.6322    32.8995    1439.56  0.000e+00
     55.852   71.57752 -157.83736    -1.6319    32.8994    1439.56  0.000e+00
     55.790   71.57752 -157.83736    -1.6319    32.8995    1439.56  0.000e+00
     55.852   71.57752 -157.83736    -1.6319    32.8994    1439.56  0.000e+00
     55.852   71.57752 -157.83736    -1.6319    32.8994    1439.56  0.000e+00
     55.790   71.57752 -157.83736    -1.6318    32.8993    1439.56  0.000e+00
     55.852   71.57752 -157.83736    -1.6315    32.8992    1439.56  0.000e+00
     55.790   71.57752 -157.83736    -1.6313    32.8986    1439.56  0.000e+00
     55.790   71.57752 -157.83736    -1.6312    32.8990    1439.56  0.000e+00
     55.852   71.57752 -157.83734    -1.6305    32.8987    1439.56  0.000e+00
     55.736   71.57752 -157.83734    -1.6295    32.8974    1439.57  0.000e+00
     55.790   71.57752 -157.83734    -1.6287    32.8963    1439.57  0.000e+00
     55.790   71.57752 -157.83734    -1.6278    32.8950    1439.57  0.000e+00
     55.736   71.57752 -157.83734    -1.6274    32.8947    1439.57  0.000e+00
     55.736   71.57752 -157.83734    -1.6269    32.8941    1439.57  0.000e+00
     55.736   71.57752 -157.83734    -1.6264    32.8933    1439.57  0.000e+00
     55.736   71.57752 -157.83734    -1.6260    32.8933    1439.58  0.000e+00
     55.674   71.57752 -157.83734    -1.6260    32.8932    1439.58  0.000e+00
     55.674   71.57752 -157.83734    -1.6260    32.8932    1439.58  0.000e+00
     55.674   71.57752 -157.83734    -1.6257    32.8925    1439.58  0.000e+00
     55.674   71.57752 -157.83734    -1.6252    32.8915    1439.58  0.000e+00
     55.620   71.57752 -157.83734    -1.6252    32.8914    1439.58  0.000e+00
     55.620   71.57752 -157.83734    -1.6253    32.8919    1439.58  0.000e+00
     55.559   71.57752 -157.83734    -1.6255    32.8925    1439.57  0.000e+00
     55.566   71.57752 -157.83734    -1.6264    32.8937    1439.57  0.000e+00
     55.566   71.57752 -157.83734    -1.6269    32.8943    1439.57  0.000e+00
     55.505   71.57752 -157.83734    -1.6272    32.8949    1439.57  0.000e+00
     55.505   71.57752 -157.83734    -1.6277    32.8957    1439.57  0.000e+00
     55.451   71.57752 -157.83734    -1.6272    32.8953    1439.57  0.000e+00
     55.451   71.57752 -157.83734    -1.6269    32.8948    1439.57  0.000e+00
     55.451   71.57752 -157.83734    -1.6262    32.8935    1439.57  0.000e+00
     55.389   71.57752 -157.83734    -1.6257    32.8934    1439.57  0.000e+00
     55.335   71.57752 -157.83734    -1.6253    32.8925    1439.57  0.000e+00
     55.389   71.57752 -157.83734    -1.6244    32.8903    1439.57  0.000e+00
     55.273   71.57752 -157.83734    -1.6237    32.8887    1439.57  0.000e+00
     55.335   71.57752 -157.83734    -1.6231    32.8875    1439.58  0.000e+00
     55.273   71.57752 -157.83734    -1.6223    32.8863    1439.58  0.000e+00
     55.219   71.57752 -157.83734    -1.6214    32.8854    1439.58  0.000e+00
     55.273   71.57752 -157.83734    -1.6203    32.8837    1439.58  0.000e+00
     55.165   71.57752 -157.83734    -1.6197    32.8819    1439.58  0.000e+00
     55.165   71.57752 -157.83734    -1.6185    32.8801    1439.59  0.000e+00
     55.103   71.57752 -157.83734    -1.6176    32.8776    1439.59  0.000e+00
     55.103   71.57752 -157.83734    -1.6156    32.8731    1439.59  0.000e+00
     55.103   71.57752 -157.83734    -1.6133    32.8680    1439.59  0.000e+00
     55.049   71.57752 -157.83734    -1.6109    32.8627    1439.60  0.000e+00
     55.049   71.57752 -157.83734    -1.6089    32.8589    1439.60  0.000e+00
     54.987   71.57752 -157.83734    -1.6072    32.8555    1439.60  0.000e+00
     54.987   71.57752 -157.83734    -1.6058    32.8529    1439.61  0.000e+00
     54.933   71.57752 -157.83734    -1.6049    32.8511    1439.61  0.000e+00
     54.933   71.57752 -157.83734    -1.6037    32.8485    1439.61  0.000e+00
     54.933   71.57752 -157.83734    -1.6029    32.8476    1439.61  0.000e+00
