EcoFOCI/data/1_SampleCollection/2023_SikuliaqDBO_CruiseData/CTD_raw_BottleFile_SKQ23-12S/proc/skq202312s_080.cnv
* Sea-Bird SBE 9 Data File:
* FileName = D:\CTD\SKQ202312S\SKQ202312S_080.hex
* Software Version Seasave V 7.26.7.121
* Temperature SN = 6177
* Conductivity SN = 0369
* Number of Bytes Per Scan = 41
* Number of Voltage Words = 4
* Number of Scans Averaged by the Deck Unit = 1
* NMEA Latitude = 65 42.89 N
* NMEA Longitude = 168 33.35 W
* NMEA UTC (Time) = Oct 03 2023  08:21:36
* NMEA baud rate = 4800
** Ship: R/V Sikuliaq
** Station Number: 080
** Station Name: BS5
** Bottom Depth: 52
** Operator: SD
# nquan = 24
# nvalues = 3507                                  
# units = specified
# name 0 = depSM: Depth [salt water, m]
# name 1 = latitude: Latitude [deg]
# name 2 = longitude: Longitude [deg]
# name 3 = prDM: Pressure, Digiquartz [db]
# name 4 = t090C: Temperature [ITS-90, deg C]
# name 5 = t190C: Temperature, 2 [ITS-90, deg C]
# name 6 = potemp090C: Potential Temperature [ITS-90, deg C]
# name 7 = sal00: Salinity, Practical [PSU]
# name 8 = sal11: Salinity, Practical, 2 [PSU]
# name 9 = density00: Density [density, kg/m^3]
# name 10 = sigma-é00: Density [sigma-theta, kg/m^3]
# name 11 = sbox0Mm/Kg: Oxygen, SBE 43 [umol/kg]
# name 12 = sbox1Mm/Kg: Oxygen, SBE 43, 2 [umol/kg]
# name 13 = oxsolMm/Kg: Oxygen Saturation, Garcia & Gordon [umol/kg]
# name 14 = sbeox0PS: Oxygen, SBE 43 [% saturation]
# name 15 = sbeox1PS: Oxygen, SBE 43, 2 [% saturation]
# name 16 = v0: Voltage 0
# name 17 = flECO-AFL: Fluorescence, WET Labs ECO-AFL/FL [mg/m^3]
# name 18 = v1: Voltage 1
# name 19 = CStarAt0: Beam Attenuation, WET Labs C-Star [1/m]
# name 20 = par: PAR/Irradiance, Biospherical/Licor
# name 21 = scan: Scan Count
# name 22 = timeM: Time, Elapsed [minutes]
# name 23 = flag:  0.000e+00
# span 0 =      2.282,     47.360                 
# span 1 =   65.71490,   65.71494                 
# span 2 = -168.55594, -168.55572                 
# span 3 =      2.305,     47.837                 
# span 4 =     2.8346,     6.5651                 
# span 5 =     2.8355,     6.5600                 
# span 6 =     2.8320,     6.5641                 
# span 7 =    26.2910,    32.7164                 
# span 8 =    26.3098,    32.7282                 
# span 9 =  1020.6964,  1026.3013                 
# span 10 =    20.6581,    26.0767                
# span 11 =    251.066,    292.212                
# span 12 =    245.051,    281.832                
# span 13 =  304.27959,  329.55503                
# span 14 =     76.190,     91.945                
# span 15 =     74.370,     88.557                
# span 16 =     0.1136,     0.5690                
# span 17 =     0.3333,     3.0659                
# span 18 =     3.6410,     4.0366                
# span 19 =     0.6192,     1.0319                
# span 20 = 1.0000e-12, 5.6501e-01                
# span 21 =          1,       3507                
# span 22 =     0.0000,     2.4347                
# span 23 = 0.0000e+00, 0.0000e+00                
# interval = seconds: 0.0416667
# start_time = Oct 03 2023 08:24:18 [NMEA time, first data scan]
# bad_flag = -9.990e-29
*END*
[from data line 3442]
     46.959   65.71494 -168.55572     47.432     2.8352     2.8373     2.8326    32.7155    32.7241  1026.2987    26.0760    252.119    245.357  329.53362     76.508     74.465     0.2747     1.3004     3.6716     0.9985 1.0000e-12       3443     2.3903  0.000e+00
     47.013   65.71494 -168.55572     47.486     2.8352     2.8371     2.8326    32.7156    32.7241  1026.2991    26.0761    252.120    245.356  329.53329     76.508     74.464     0.2759     1.3077     3.6716     0.9985 1.0000e-12       3444     2.3910  0.000e+00
     46.959   65.71494 -168.55572     47.432     2.8354     2.8374     2.8327    32.7156    32.7241  1026.2988    26.0760    252.118    245.350  329.53211     76.508     74.462     0.2747     1.3004     3.6716     0.9985 1.0000e-12       3445     2.3917  0.000e+00
     46.959   65.71494 -168.55572     47.432     2.8355     2.8370     2.8329    32.7154    32.7244  1026.2986    26.0759    252.122    245.154  329.53121     76.509     74.402     0.2759     1.3077     3.6716     0.9985 1.0000e-12       3446     2.3924  0.000e+00
     46.959   65.71494 -168.55572     47.432     2.8357     2.8373     2.8331    32.7154    32.7247  1026.2987    26.0759    252.128    245.128  329.52980     76.511     74.395     0.2759     1.3077     3.6716     0.9985 1.0000e-12       3447     2.3931  0.000e+00
     46.959   65.71494 -168.55572     47.432     2.8355     2.8370     2.8329    32.7157    32.7247  1026.2989    26.0761    252.139    245.305  329.53050     76.515     74.449     0.2747     1.3004     3.6716     0.9985 1.0000e-12       3448     2.3937  0.000e+00
     46.951   65.71494 -168.55572     47.424     2.8354     2.8368     2.8327    32.7158    32.7250  1026.2990    26.0762    252.153    245.112  329.53139     76.519     74.390     0.2759     1.3077     3.6716     0.9985 1.0000e-12       3449     2.3944  0.000e+00
     46.959   65.71494 -168.55572     47.432     2.8357     2.8373     2.8331    32.7155    32.7243  1026.2987    26.0759    252.168    245.092  329.52960     76.524     74.384     0.2747     1.3004     3.6716     0.9985 1.0000e-12       3450     2.3951  0.000e+00
     46.959   65.71494 -168.55572     47.432     2.8357     2.8370     2.8331    32.7155    32.7251  1026.2987    26.0759    252.150    245.273  329.52960     76.518     74.439     0.2759     1.3077     3.6716     0.9985 1.0000e-12       3451     2.3958  0.000e+00
     46.959   65.71494 -168.55572     47.432     2.8359     2.8368     2.8332    32.7154    32.7249  1026.2986    26.0758    252.170    245.086  329.52869     76.524     74.382     0.2747     1.3004     3.6716     0.9985 1.0000e-12       3452     2.3965  0.000e+00
     46.959   65.71494 -168.55572     47.432     2.8357     2.8370     2.8331    32.7155    32.7248  1026.2987    26.0759    252.195    245.268  329.52960     76.532     74.437     0.2759     1.3077     3.6716     0.9985 1.0000e-12       3453     2.3972  0.000e+00
     47.013   65.71494 -168.55572     47.486     2.8360     2.8368     2.8334    32.7154    32.7248  1026.2988    26.0758    252.221    245.281  329.52736     76.540     74.441     0.2747     1.3004     3.6703     0.9998 1.0000e-12       3454     2.3979  0.000e+00
     46.959   65.71494 -168.55572     47.432     2.8362     2.8368     2.8335    32.7149    32.7248  1026.2982    26.0754    252.249    245.291  329.52729     76.549     74.444     0.2759     1.3077     3.6703     0.9998 1.0000e-12       3455     2.3986  0.000e+00
     47.013   65.71494 -168.55572     47.486     2.8365     2.8368     2.8338    32.7146    32.7249  1026.2982    26.0752    252.282    245.109  329.52566     76.559     74.389     0.2759     1.3077     3.6728     0.9972 1.0000e-12       3456     2.3993  0.000e+00
     46.959   65.71494 -168.55572     47.432     2.8365     2.8370     2.8338    32.7145    32.7247  1026.2979    26.0751    251.985    245.294  329.52599     76.469     74.445     0.2747     1.3004     3.6764     0.9932 1.0000e-12       3457     2.4000  0.000e+00
     47.013   65.71494 -168.55572     47.486     2.8366     2.8371     2.8340    32.7143    32.7244  1026.2979    26.0749    251.986    245.310  329.52526     76.470     74.450     0.2759     1.3077     3.6777     0.9918 1.0000e-12       3458     2.4007  0.000e+00
     46.959   65.71494 -168.55572     47.432     2.8365     2.8374     2.8338    32.7143    32.7244  1026.2977    26.0749    251.990    245.323  329.52660     76.470     74.455     0.2747     1.3004     3.6777     0.9918 1.0000e-12       3459     2.4014  0.000e+00
     47.013   65.71494 -168.55572     47.486     2.8366     2.8374     2.8340    32.7144    32.7242  1026.2980    26.0750    251.962    245.146  329.52496     76.462     74.401     0.2759     1.3077     3.6777     0.9918 1.0000e-12       3460     2.4021  0.000e+00
     47.013   65.71494 -168.55572     47.486     2.8366     2.8376     2.8340    32.7139    32.7241  1026.2976    26.0746    252.157    245.141  329.52627     76.521     74.400     0.2747     1.3004     3.6777     0.9918 1.0000e-12       3461     2.4028  0.000e+00
     46.959   65.71494 -168.55572     47.432     2.8368     2.8376     2.8341    32.7138    32.7243  1026.2972    26.0745    251.984    245.137  329.52519     76.469     74.398     0.2759     1.3077     3.6777     0.9918 1.0000e-12       3462     2.4035  0.000e+00
     47.075   65.71494 -168.55572     47.549     2.8369     2.8374     2.8343    32.7134    32.7241  1026.2975    26.0741    251.931    245.339  329.52485     76.453     74.459     0.2747     1.3004     3.6777     0.9918 1.0000e-12       3463     2.4042  0.000e+00
     46.959   65.71494 -168.55572     47.432     2.8371     2.8373     2.8345    32.7139    32.7251  1026.2973    26.0745    251.908    245.358  329.52238     76.446     74.465     0.2759     1.3077     3.6777     0.9918 1.0000e-12       3464     2.4049  0.000e+00
     47.013   65.71494 -168.55572     47.486     2.8373     2.8373     2.8346    32.7132    32.7253  1026.2970    26.0740    252.114    245.384  329.52266     76.509     74.474     0.2759     1.3077     3.6777     0.9918 1.0000e-12       3465     2.4056  0.000e+00
     47.075   65.71494 -168.55572     47.549     2.8375     2.8371     2.8349    32.7129    32.7252  1026.2971    26.0737    251.955    245.414  329.52114     76.461     74.482     0.2747     1.3004     3.6777     0.9918 1.0000e-12       3466     2.4063  0.000e+00
     47.013   65.71494 -168.55572     47.486     2.8376     2.8370     2.8349    32.7132    32.7255  1026.2970    26.0739    252.088    245.439  329.52004     76.502     74.490     0.2759     1.3077     3.6777     0.9918 1.0000e-12       3467     2.4069  0.000e+00
     47.013   65.71494 -168.55572     47.486     2.8376     2.8366     2.8349    32.7133    32.7257  1026.2970    26.0740    251.894    245.469  329.51984     76.443     74.498     0.2747     1.3004     3.6777     0.9918 1.0000e-12       3468     2.4076  0.000e+00
     47.075   65.71494 -168.55572     47.549     2.8374     2.8366     2.8348    32.7132    32.7258  1026.2973    26.0739    251.927    245.499  329.52143     76.452     74.507     0.2759     1.3077     3.6777     0.9918 1.0000e-12       3469     2.4083  0.000e+00
     47.075   65.71494 -168.55572     47.549     2.8373     2.8366     2.8346    32.7135    32.7256  1026.2975    26.0742    251.925    245.505  329.52193     76.452     74.509     0.2747     1.3004     3.6777     0.9918 1.0000e-12       3470     2.4090  0.000e+00
     47.075   65.71494 -168.55572     47.549     2.8371     2.8368     2.8344    32.7140    32.7256  1026.2979    26.0746    251.925    245.534  329.52213     76.452     74.518     0.2759     1.3077     3.6777     0.9918 1.0000e-12       3471     2.4097  0.000e+00
     47.075   65.71494 -168.55572     47.549     2.8371     2.8366     2.8344    32.7140    32.7256  1026.2980    26.0746    251.928    245.566  329.52192     76.452     74.528     0.2747     1.3004     3.6777     0.9918 1.0000e-12       3472     2.4104  0.000e+00
     47.075   65.71494 -168.55572     47.549     2.8368     2.8365     2.8341    32.7146    32.7261  1026.2984    26.0751    251.935    245.574  329.52322     76.454     74.530     0.2759     1.3077     3.6777     0.9918 1.0000e-12       3473     2.4111  0.000e+00
     47.075   65.71494 -168.55572     47.549     2.8366     2.8366     2.8340    32.7144    32.7264  1026.2983    26.0749    251.945    245.580  329.52504     76.457     74.532     0.2759     1.3077     3.6777     0.9918 1.0000e-12       3474     2.4118  0.000e+00
     47.013   65.71494 -168.55572     47.486     2.8365     2.8365     2.8338    32.7146    32.7265  1026.2982    26.0752    251.956    245.610  329.52566     76.460     74.541     0.2845     1.3590     3.6777     0.9918 1.0000e-12       3475     2.4125  0.000e+00
     47.244   65.71494 -168.55572     47.720     2.8365     2.8366     2.8338    32.7148    32.7261  1026.2994    26.0753    251.978    245.626  329.52526     76.467     74.546     0.3236     1.5934     3.6764     0.9932 1.0000e-12       3476     2.4132  0.000e+00
     47.075   65.71494 -168.55572     47.549     2.8362     2.8368     2.8335    32.7150    32.7262  1026.2988    26.0755    251.772    245.628  329.52694     76.404     74.547     0.3370     1.6740     3.6728     0.9972 1.0000e-12       3477     2.4139  0.000e+00
     47.129   65.71494 -168.55572     47.603     2.8363     2.8368     2.8337    32.7145    32.7264  1026.2987    26.0751    251.066    245.638  329.52682     76.190     74.550     0.3382     1.6813     3.6716     0.9985 1.0000e-12       3478     2.4146  0.000e+00
     47.129   65.71494 -168.55572     47.603     2.8363     2.8368     2.8337    32.7145    32.7264  1026.2987    26.0751    251.611    245.647  329.52692     76.355     74.553     0.3358     1.6667     3.6716     0.9985 1.0000e-12       3479     2.4153  0.000e+00
     47.129   65.71494 -168.55572     47.603     2.8363     2.8369     2.8337    32.7147    32.7267  1026.2988    26.0752    251.865    245.654  329.52641     76.433     74.555     0.3370     1.6740     3.6716     0.9985 1.0000e-12       3480     2.4160  0.000e+00
     47.129   65.71494 -168.55572     47.603     2.8362     2.8368     2.8335    32.7149    32.7271  1026.2990    26.0754    251.648    245.663  329.52712     76.366     74.558     0.3358     1.6667     3.6716     0.9985 1.0000e-12       3481     2.4167  0.000e+00
     47.183   65.71494 -168.55572     47.658     2.8360     2.8370     2.8334    32.7148    32.7269  1026.2992    26.0754    251.877    245.672  329.52870     76.435     74.561     0.3358     1.6667     3.6716     0.9985 1.0000e-12       3482     2.4174  0.000e+00
     47.129   65.71494 -168.55572     47.603     2.8360     2.8370     2.8334    32.7148    32.7267  1026.2989    26.0754    251.919    245.680  329.52873     76.448     74.563     0.3370     1.6740     3.6728     0.9972 1.0000e-12       3483     2.4181  0.000e+00
     47.183   65.71494 -168.55572     47.658     2.8362     2.8370     2.8335    32.7152    32.7268  1026.2995    26.0757    251.892    245.690  329.52638     76.441     74.566     0.3358     1.6667     3.6716     0.9985 1.0000e-12       3484     2.4188  0.000e+00
     47.183   65.71494 -168.55572     47.658     2.8360     2.8371     2.8334    32.7154    32.7269  1026.2997    26.0758    251.904    245.697  329.52728     76.444     74.569     0.3370     1.6740     3.6716     0.9985 1.0000e-12       3485     2.4194  0.000e+00
     47.183   65.71494 -168.55572     47.658     2.8362     2.8370     2.8335    32.7149    32.7269  1026.2993    26.0754    251.915    245.707  329.52709     76.448     74.572     0.3358     1.6667     3.6728     0.9972 1.0000e-12       3486     2.4201  0.000e+00
     47.183   65.71494 -168.55572     47.658     2.8362     2.8371     2.8335    32.7151    32.7270  1026.2994    26.0756    251.965    245.715  329.52668     76.463     74.574     0.3370     1.6740     3.6716     0.9985 1.0000e-12       3487     2.4208  0.000e+00
     47.183   65.71494 -168.55572     47.658     2.8362     2.8373     2.8335    32.7149    32.7268  1026.2993    26.0754    251.982    245.722  329.52709     76.468     74.577     0.3358     1.6667     3.6728     0.9972 1.0000e-12       3488     2.4215  0.000e+00
     47.183   65.71494 -168.55572     47.658     2.8360     2.8373     2.8334    32.7153    32.7266  1026.2996    26.0757    251.781    245.731  329.52759     76.407     74.579     0.3358     1.6667     3.6716     0.9985 1.0000e-12       3489     2.4222  0.000e+00
     47.244   65.71494 -168.55572     47.720     2.8360     2.8373     2.8334    32.7153    32.7265  1026.2999    26.0758    251.768    245.742  329.52747     76.403     74.583     0.3346     1.6593     3.6716     0.9985 1.0000e-12       3490     2.4229  0.000e+00
     47.244   65.71494 -168.55572     47.720     2.8360     2.8373     2.8334    32.7149    32.7265  1026.2995    26.0754    251.757    245.751  329.52858     76.399     74.585     0.3370     1.6740     3.6716     0.9985 1.0000e-12       3491     2.4236  0.000e+00
     47.183   65.71494 -168.55572     47.658     2.8360     2.8373     2.8334    32.7150    32.7266  1026.2993    26.0755    251.965    245.757  329.52829     76.462     74.587     0.3370     1.6740     3.6728     0.9972 1.0000e-12       3492     2.4243  0.000e+00
     47.244   65.71494 -168.55572     47.720     2.8360     2.8371     2.8333    32.7153    32.7267  1026.2999    26.0757    251.995    245.965  329.52797     76.472     74.650     0.3358     1.6667     3.6728     0.9972 1.0000e-12       3493     2.4250  0.000e+00
     47.237   65.71494 -168.55572     47.712     2.8360     2.8372     2.8334    32.7151    32.7268  1026.2997    26.0756    251.805    245.995  329.52806     76.414     74.659     0.3370     1.6740     3.6716     0.9985 1.0000e-12       3494     2.4257  0.000e+00
     47.298   65.71494 -168.55572     47.774     2.8359     2.8374     2.8332    32.7156    32.7264  1026.3004    26.0760    251.805    246.002  329.52814     76.414     74.662     0.3358     1.6667     3.6716     0.9985 1.0000e-12       3495     2.4264  0.000e+00
     47.244   65.71494 -168.55572     47.720     2.8357     2.8376     2.8330    32.7159    32.7262  1026.3004    26.0763    251.803    246.003  329.52856     76.413     74.662     0.3370     1.6740     3.6716     0.9985 1.0000e-12       3496     2.4271  0.000e+00
     47.244   65.71494 -168.55572     47.720     2.8357     2.8373     2.8330    32.7155    32.7265  1026.3001    26.0759    251.807    245.834  329.52968     76.414     74.611     0.3358     1.6667     3.6703     0.9998 1.0000e-12       3497     2.4278  0.000e+00
     47.298   65.71494 -168.55572     47.774     2.8355     2.8373     2.8329    32.7161    32.7262  1026.3008    26.0764    251.815    245.815  329.52944     76.416     74.605     0.3358     1.6667     3.6691     1.0012 1.0000e-12       3498     2.4285  0.000e+00
     47.244   65.71494 -168.55572     47.720     2.8355     2.8374     2.8329    32.7155    32.7260  1026.3001    26.0760    251.823    245.791  329.53088     76.419     74.598     0.3358     1.6667     3.6691     1.0012 1.0000e-12       3499     2.4292  0.000e+00
     47.298   65.71494 -168.55572     47.774     2.8355     2.8373     2.8329    32.7156    32.7264  1026.3004    26.0760    251.837    245.794  329.53065     76.423     74.598     0.3358     1.6667     3.6679     1.0025 1.0000e-12       3500     2.4299  0.000e+00
     47.244   65.71494 -168.55572     47.720     2.8354     2.8372     2.8327    32.7160    32.7266  1026.3005    26.0763    252.069    245.769  329.53108     76.493     74.591     0.3370     1.6740     3.6691     1.0012 1.0000e-12       3501     2.4306  0.000e+00
