EcoFOCI/data/1_SampleCollection/2023_SikuliaqDBO_CruiseData/CTD_raw_BottleFile_SKQ23-12S/proc/skq202312s_066svp.cnv
* Sea-Bird SBE 9 Data File:
* FileName = D:\CTD\SKQ202312S\SKQ202312S_066.hex
* Software Version Seasave V 7.26.7.121
* Temperature SN = 6177
* Conductivity SN = 0369
* Number of Bytes Per Scan = 41
* Number of Voltage Words = 4
* Number of Scans Averaged by the Deck Unit = 1
* NMEA Latitude = 72 12.41 N
* NMEA Longitude = 166 57.30 W
* NMEA UTC (Time) = Sep 28 2023  13:08:17
* NMEA baud rate = 4800
** Ship: R/V Sikuliaq
** Station Number: 066
** Station Name: IC0.3
** Bottom Depth: 47
** Operator: SD
# nquan = 7
# nvalues = 4842                                  
# units = specified
# name 0 = depSM: Depth [salt water, m]
# name 1 = latitude: Latitude [deg]
# name 2 = longitude: Longitude [deg]
# name 3 = t090C: Temperature [ITS-90, deg C]
# name 4 = sal00: Salinity, Practical [PSU]
# name 5 = svCM: Sound Velocity [Chen-Millero, m/s]
# name 6 = flag:  0.000e+00
# span 0 =      2.489,     42.256                 
# span 1 =   72.20680,   72.20682                 
# span 2 = -166.95580, -166.95532                 
# span 3 =     0.2306,     4.3186                 
# span 4 =    30.9114,    32.4398                 
# span 5 =    1447.30,    1463.43                 
# span 6 = 0.0000e+00, 0.0000e+00                 
# interval = seconds: 0.0416667
# start_time = Sep 28 2023 13:12:40 [NMEA time, first data scan]
# bad_flag = -9.990e-29
*END*
[from data line 3898]
     37.049   72.20682 -166.95572     0.2356    32.4017    1447.35  0.000e+00
     37.049   72.20682 -166.95572     0.2358    32.4017    1447.36  0.000e+00
     37.095   72.20682 -166.95572     0.2359    32.4013    1447.36  0.000e+00
     36.995   72.20682 -166.95572     0.2356    32.4019    1447.35  0.000e+00
     37.111   72.20682 -166.95572     0.2358    32.4013    1447.36  0.000e+00
     37.095   72.20682 -166.95572     0.2356    32.4014    1447.35  0.000e+00
     36.995   72.20682 -166.95572     0.2356    32.4018    1447.35  0.000e+00
     37.049   72.20682 -166.95572     0.2358    32.4016    1447.35  0.000e+00
     37.095   72.20682 -166.95572     0.2356    32.4017    1447.35  0.000e+00
     37.049   72.20682 -166.95572     0.2358    32.4013    1447.35  0.000e+00
     37.049   72.20682 -166.95572     0.2358    32.4019    1447.36  0.000e+00
     37.095   72.20682 -166.95572     0.2359    32.4013    1447.36  0.000e+00
     37.049   72.20682 -166.95572     0.2356    32.4016    1447.35  0.000e+00
     37.049   72.20682 -166.95572     0.2358    32.4015    1447.35  0.000e+00
     37.041   72.20682 -166.95572     0.2359    32.4015    1447.36  0.000e+00
     37.049   72.20682 -166.95572     0.2358    32.4018    1447.36  0.000e+00
     37.049   72.20682 -166.95572     0.2361    32.4012    1447.36  0.000e+00
     37.041   72.20682 -166.95572     0.2359    32.4015    1447.36  0.000e+00
     37.110   72.20682 -166.95572     0.2361    32.4017    1447.36  0.000e+00
     37.110   72.20682 -166.95572     0.2359    32.4019    1447.36  0.000e+00
     37.041   72.20682 -166.95572     0.2361    32.4015    1447.36  0.000e+00
     37.110   72.20682 -166.95572     0.2359    32.4014    1447.36  0.000e+00
     37.110   72.20682 -166.95572     0.2361    32.4016    1447.36  0.000e+00
     37.095   72.20682 -166.95572     0.2361    32.4017    1447.36  0.000e+00
     37.048   72.20682 -166.95572     0.2362    32.4018    1447.36  0.000e+00
     37.110   72.20682 -166.95572     0.2361    32.4020    1447.36  0.000e+00
     37.095   72.20682 -166.95572     0.2361    32.4018    1447.36  0.000e+00
     37.110   72.20682 -166.95572     0.2359    32.4019    1447.36  0.000e+00
     37.110   72.20682 -166.95572     0.2362    32.4013    1447.36  0.000e+00
     37.095   72.20682 -166.95572     0.2364    32.4015    1447.36  0.000e+00
     37.110   72.20682 -166.95572     0.2362    32.4019    1447.36  0.000e+00
     37.110   72.20682 -166.95572     0.2362    32.4019    1447.36  0.000e+00
     37.095   72.20682 -166.95572     0.2366    32.4015    1447.36  0.000e+00
     37.110   72.20682 -166.95572     0.2362    32.4019    1447.36  0.000e+00
     37.164   72.20682 -166.95572     0.2366    32.4015    1447.36  0.000e+00
     37.156   72.20682 -166.95572     0.2366    32.4011    1447.36  0.000e+00
     37.110   72.20682 -166.95572     0.2364    32.4011    1447.36  0.000e+00
     37.164   72.20682 -166.95572     0.2364    32.4020    1447.36  0.000e+00
     37.210   72.20682 -166.95572     0.2364    32.4016    1447.36  0.000e+00
     37.164   72.20682 -166.95572     0.2366    32.4014    1447.36  0.000e+00
     37.110   72.20682 -166.95572     0.2364    32.4019    1447.36  0.000e+00
     37.210   72.20682 -166.95572     0.2362    32.4016    1447.36  0.000e+00
     37.164   72.20682 -166.95572     0.2366    32.4016    1447.36  0.000e+00
     37.164   72.20682 -166.95572     0.2364    32.4017    1447.36  0.000e+00
     37.156   72.20682 -166.95572     0.2367    32.4014    1447.36  0.000e+00
     37.225   72.20682 -166.95572     0.2367    32.4015    1447.36  0.000e+00
     37.164   72.20682 -166.95572     0.2364    32.4020    1447.36  0.000e+00
     37.164   72.20682 -166.95572     0.2367    32.4017    1447.36  0.000e+00
     37.210   72.20682 -166.95572     0.2366    32.4015    1447.36  0.000e+00
     37.225   72.20682 -166.95572     0.2364    32.4016    1447.36  0.000e+00
     37.225   72.20682 -166.95572     0.2367    32.4017    1447.36  0.000e+00
     37.210   72.20682 -166.95572     0.2368    32.4024    1447.36  0.000e+00
     37.225   72.20682 -166.95572     0.2370    32.4022    1447.36  0.000e+00
     37.279   72.20682 -166.95572     0.2373    32.4018    1447.37  0.000e+00
     37.271   72.20682 -166.95572     0.2375    32.4014    1447.37  0.000e+00
     37.225   72.20682 -166.95572     0.2375    32.4011    1447.36  0.000e+00
     37.279   72.20682 -166.95572     0.2375    32.4013    1447.37  0.000e+00
     37.271   72.20682 -166.95572     0.2373    32.4010    1447.36  0.000e+00
     37.333   72.20682 -166.95572     0.2373    32.4011    1447.37  0.000e+00
     37.279   72.20682 -166.95572     0.2370    32.4015    1447.36  0.000e+00
     37.325   72.20682 -166.95572     0.2372    32.4013    1447.37  0.000e+00
     37.279   72.20682 -166.95572     0.2372    32.4016    1447.37  0.000e+00
     37.333   72.20682 -166.95572     0.2370    32.4018    1447.37  0.000e+00
     37.325   72.20682 -166.95572     0.2372    32.4012    1447.37  0.000e+00
     37.333   72.20682 -166.95572     0.2370    32.4012    1447.36  0.000e+00
     37.333   72.20682 -166.95572     0.2372    32.4012    1447.37  0.000e+00
     37.325   72.20682 -166.95572     0.2368    32.4019    1447.36  0.000e+00
     37.395   72.20682 -166.95572     0.2372    32.4011    1447.37  0.000e+00
     37.333   72.20682 -166.95572     0.2368    32.4014    1447.36  0.000e+00
     37.441   72.20682 -166.95572     0.2372    32.4010    1447.37  0.000e+00
     37.333   72.20682 -166.95572     0.2367    32.4020    1447.36  0.000e+00
     37.449   72.20682 -166.95572     0.2370    32.4011    1447.37  0.000e+00
     37.379   72.20682 -166.95572     0.2368    32.4015    1447.37  0.000e+00
     37.448   72.20682 -166.95572     0.2370    32.4012    1447.37  0.000e+00
     37.394   72.20682 -166.95572     0.2368    32.4013    1447.37  0.000e+00
     37.495   72.20682 -166.95572     0.2368    32.4015    1447.37  0.000e+00
     37.448   72.20682 -166.95572     0.2370    32.4012    1447.37  0.000e+00
     37.448   72.20682 -166.95572     0.2367    32.4019    1447.37  0.000e+00
     37.441   72.20682 -166.95572     0.2368    32.4014    1447.37  0.000e+00
     37.510   72.20682 -166.95572     0.2368    32.4013    1447.37  0.000e+00
     37.448   72.20682 -166.95572     0.2368    32.4015    1447.37  0.000e+00
     37.495   72.20682 -166.95572     0.2370    32.4012    1447.37  0.000e+00
     37.510   72.20682 -166.95572     0.2368    32.4010    1447.37  0.000e+00
     37.510   72.20682 -166.95572     0.2366    32.4015    1447.37  0.000e+00
     37.510   72.20682 -166.95572     0.2368    32.4015    1447.37  0.000e+00
     37.610   72.20682 -166.95572     0.2368    32.4011    1447.37  0.000e+00
     37.564   72.20682 -166.95572     0.2368    32.4007    1447.37  0.000e+00
     37.564   72.20682 -166.95572     0.2368    32.4011    1447.37  0.000e+00
     37.556   72.20682 -166.95572     0.2368    32.4013    1447.37  0.000e+00
     37.626   72.20682 -166.95572     0.2367    32.4016    1447.37  0.000e+00
     37.626   72.20682 -166.95572     0.2367    32.4012    1447.37  0.000e+00
     37.610   72.20682 -166.95572     0.2368    32.4011    1447.37  0.000e+00
     37.625   72.20682 -166.95572     0.2367    32.4016    1447.37  0.000e+00
     37.679   72.20682 -166.95572     0.2367    32.4013    1447.37  0.000e+00
     37.672   72.20682 -166.95572     0.2370    32.4010    1447.37  0.000e+00
     37.679   72.20682 -166.95572     0.2367    32.4016    1447.37  0.000e+00
     37.679   72.20682 -166.95572     0.2368    32.4012    1447.37  0.000e+00
     37.672   72.20682 -166.95572     0.2366    32.4012    1447.37  0.000e+00
     37.679   72.20682 -166.95572     0.2367    32.4011    1447.37  0.000e+00
     37.733   72.20682 -166.95572     0.2367    32.4010    1447.37  0.000e+00
     37.726   72.20682 -166.95572     0.2367    32.4015    1447.37  0.000e+00
     37.733   72.20682 -166.95572     0.2367    32.4019    1447.37  0.000e+00
     37.733   72.20682 -166.95572     0.2366    32.4018    1447.37  0.000e+00
     37.795   72.20682 -166.95572     0.2366    32.4012    1447.37  0.000e+00
     37.726   72.20682 -166.95572     0.2367    32.4015    1447.37  0.000e+00
     37.795   72.20682 -166.95572     0.2367    32.4013    1447.37  0.000e+00
     37.795   72.20682 -166.95572     0.2368    32.4013    1447.37  0.000e+00
     37.841   72.20682 -166.95572     0.2367    32.4016    1447.37  0.000e+00
     37.849   72.20682 -166.95572     0.2367    32.4016    1447.37  0.000e+00
     37.849   72.20682 -166.95572     0.2368    32.4016    1447.37  0.000e+00
     37.841   72.20682 -166.95572     0.2367    32.4012    1447.37  0.000e+00
     37.911   72.20682 -166.95572     0.2368    32.4012    1447.37  0.000e+00
     37.849   72.20682 -166.95572     0.2368    32.4011    1447.37  0.000e+00
     37.895   72.20682 -166.95572     0.2367    32.4014    1447.37  0.000e+00
     37.910   72.20682 -166.95572     0.2368    32.4011    1447.37  0.000e+00
     37.910   72.20682 -166.95572     0.2368    32.4013    1447.37  0.000e+00
     37.957   72.20682 -166.95572     0.2368    32.4013    1447.37  0.000e+00
     37.910   72.20682 -166.95572     0.2367    32.4013    1447.37  0.000e+00
     37.964   72.20682 -166.95572     0.2370    32.4013    1447.38  0.000e+00
     37.964   72.20682 -166.95572     0.2367    32.4015    1447.37  0.000e+00
     37.957   72.20682 -166.95572     0.2368    32.4011    1447.37  0.000e+00
     37.964   72.20682 -166.95572     0.2367    32.4011    1447.37  0.000e+00
     38.026   72.20682 -166.95572     0.2370    32.4003    1447.37  0.000e+00
     38.011   72.20682 -166.95572     0.2367    32.4010    1447.37  0.000e+00
     38.026   72.20682 -166.95572     0.2367    32.4011    1447.37  0.000e+00
     38.026   72.20682 -166.95572     0.2366    32.4010    1447.37  0.000e+00
     38.072   72.20682 -166.95572     0.2364    32.4011    1447.37  0.000e+00
     38.026   72.20682 -166.95572     0.2367    32.4011    1447.37  0.000e+00
     38.080   72.20682 -166.95572     0.2366    32.4012    1447.37  0.000e+00
     38.072   72.20682 -166.95572     0.2367    32.4011    1447.38  0.000e+00
     38.080   72.20682 -166.95572     0.2366    32.4012    1447.37  0.000e+00
     38.080   72.20682 -166.95572     0.2366    32.4010    1447.37  0.000e+00
     38.126   72.20682 -166.95572     0.2364    32.4011    1447.37  0.000e+00
     38.080   72.20682 -166.95572     0.2364    32.4011    1447.37  0.000e+00
     38.134   72.20682 -166.95572     0.2364    32.4011    1447.37  0.000e+00
     38.134   72.20682 -166.95572     0.2362    32.4013    1447.37  0.000e+00
     38.126   72.20682 -166.95572     0.2362    32.4010    1447.37  0.000e+00
     38.134   72.20682 -166.95572     0.2364    32.4010    1447.37  0.000e+00
     38.134   72.20682 -166.95572     0.2364    32.4008    1447.37  0.000e+00
     38.188   72.20682 -166.95572     0.2362    32.4010    1447.37  0.000e+00
     38.134   72.20682 -166.95572     0.2361    32.4017    1447.37  0.000e+00
     38.195   72.20682 -166.95572     0.2362    32.4012    1447.38  0.000e+00
     38.188   72.20682 -166.95572     0.2362    32.4014    1447.38  0.000e+00
     38.195   72.20682 -166.95572     0.2361    32.4014    1447.37  0.000e+00
     38.249   72.20682 -166.95572     0.2362    32.4014    1447.38  0.000e+00
     38.126   72.20682 -166.95572     0.2362    32.4011    1447.37  0.000e+00
     38.249   72.20682 -166.95572     0.2361    32.4015    1447.38  0.000e+00
     38.249   72.20682 -166.95572     0.2362    32.4015    1447.38  0.000e+00
     38.195   72.20682 -166.95572     0.2361    32.4017    1447.38  0.000e+00
     38.241   72.20682 -166.95572     0.2361    32.4014    1447.38  0.000e+00
     38.249   72.20682 -166.95572     0.2358    32.4017    1447.37  0.000e+00
     38.249   72.20682 -166.95572     0.2362    32.4014    1447.38  0.000e+00
     38.241   72.20682 -166.95572     0.2362    32.4013    1447.38  0.000e+00
     38.249   72.20682 -166.95572     0.2364    32.4010    1447.38  0.000e+00
     38.249   72.20682 -166.95572     0.2366    32.4013    1447.38  0.000e+00
     38.295   72.20682 -166.95572     0.2366    32.4014    1447.38  0.000e+00
     38.249   72.20682 -166.95572     0.2364    32.4016    1447.38  0.000e+00
     38.249   72.20682 -166.95572     0.2366    32.4012    1447.38  0.000e+00
     38.311   72.20682 -166.95572     0.2364    32.4013    1447.38  0.000e+00
     38.295   72.20682 -166.95572     0.2366    32.4009    1447.38  0.000e+00
     38.249   72.20682 -166.95572     0.2367    32.4009    1447.38  0.000e+00
     38.249   72.20682 -166.95572     0.2366    32.4014    1447.38  0.000e+00
     38.295   72.20682 -166.95572     0.2366    32.4012    1447.38  0.000e+00
     38.311   72.20682 -166.95572     0.2366    32.4011    1447.38  0.000e+00
     38.311   72.20682 -166.95572     0.2366    32.4011    1447.38  0.000e+00
     38.295   72.20682 -166.95572     0.2364    32.4013    1447.38  0.000e+00
     38.311   72.20682 -166.95572     0.2364    32.4013    1447.38  0.000e+00
     38.311   72.20682 -166.95572     0.2366    32.4013    1447.38  0.000e+00
     38.311   72.20682 -166.95572     0.2366    32.4012    1447.38  0.000e+00
     38.357   72.20682 -166.95572     0.2366    32.4011    1447.38  0.000e+00
     38.311   72.20682 -166.95572     0.2367    32.4012    1447.38  0.000e+00
     38.311   72.20682 -166.95572     0.2367    32.4010    1447.38  0.000e+00
     38.357   72.20682 -166.95572     0.2366    32.4015    1447.38  0.000e+00
     38.311   72.20682 -166.95572     0.2367    32.4013    1447.38  0.000e+00
     38.365   72.20682 -166.95572     0.2367    32.4013    1447.38  0.000e+00
     38.357   72.20682 -166.95572     0.2368    32.4013    1447.38  0.000e+00
     38.310   72.20682 -166.95572     0.2367    32.4013    1447.38  0.000e+00
     38.364   72.20682 -166.95572     0.2368    32.4011    1447.38  0.000e+00
     38.295   72.20682 -166.95572     0.2368    32.4007    1447.38  0.000e+00
     38.364   72.20682 -166.95572     0.2368    32.4009    1447.38  0.000e+00
     38.364   72.20682 -166.95572     0.2368    32.4011    1447.38  0.000e+00
     38.310   72.20682 -166.95572     0.2367    32.4012    1447.38  0.000e+00
     38.411   72.20682 -166.95572     0.2367    32.4014    1447.38  0.000e+00
     38.364   72.20682 -166.95572     0.2368    32.4009    1447.38  0.000e+00
     38.364   72.20682 -166.95572     0.2366    32.4017    1447.38  0.000e+00
     38.357   72.20682 -166.95572     0.2366    32.4013    1447.38  0.000e+00
     38.364   72.20682 -166.95572     0.2367    32.4010    1447.38  0.000e+00
     38.364   72.20682 -166.95572     0.2367    32.4007    1447.38  0.000e+00
     38.411   72.20682 -166.95572     0.2367    32.4006    1447.38  0.000e+00
     38.364   72.20682 -166.95572     0.2367    32.4004    1447.38  0.000e+00
     38.364   72.20682 -166.95572     0.2364    32.4009    1447.38  0.000e+00
     38.418   72.20682 -166.95572     0.2367    32.4010    1447.38  0.000e+00
     38.410   72.20682 -166.95572     0.2364    32.4013    1447.38  0.000e+00
     38.364   72.20682 -166.95572     0.2366    32.4013    1447.38  0.000e+00
     38.418   72.20682 -166.95572     0.2366    32.4013    1447.38  0.000e+00
     38.410   72.20682 -166.95572     0.2367    32.4010    1447.38  0.000e+00
     38.418   72.20682 -166.95572     0.2367    32.4009    1447.38  0.000e+00
     38.418   72.20682 -166.95572     0.2366    32.4013    1447.38  0.000e+00
     38.410   72.20682 -166.95572     0.2367    32.4012    1447.38  0.000e+00
     38.418   72.20682 -166.95572     0.2367    32.4010    1447.38  0.000e+00
     38.418   72.20682 -166.95572     0.2366    32.4013    1447.38  0.000e+00
     38.480   72.20682 -166.95572     0.2367    32.4009    1447.38  0.000e+00
     38.410   72.20682 -166.95572     0.2367    32.4011    1447.38  0.000e+00
     38.480   72.20682 -166.95572     0.2368    32.4008    1447.38  0.000e+00
