EcoFOCI/data/1_SampleCollection/2023_SikuliaqDBO_CruiseData/CTD_raw_BottleFile_SKQ23-12S/proc/skq202312s_049.ros
* Sea-Bird SBE 9 Data File:
* FileName = D:\CTD\SKQ202312S\SKQ202312S_049.hex
* Software Version Seasave V 7.26.7.121
* Temperature SN = 6177
* Conductivity SN = 0369
* Number of Bytes Per Scan = 41
* Number of Voltage Words = 4
* Number of Scans Averaged by the Deck Unit = 1
* NMEA Latitude = 71 51.00 N
* NMEA Longitude = 162 09.40 W
* NMEA UTC (Time) = Sep 25 2023  06:43:07
* NMEA baud rate = 4800
** Ship: R/V Sikuliaq
** Station Number: 049
** Station Name: DBO4.6n
** Bottom Depth: 41
** Operator: SS
# nquan = 22
# nvalues = 833                                   
# units = specified
# name 0 = depSM: Depth [salt water, m]
# name 1 = latitude: Latitude [deg]
# name 2 = longitude: Longitude [deg]
# name 3 = prDM: Pressure, Digiquartz [db]
# name 4 = t090C: Temperature [ITS-90, deg C]
# name 5 = t190C: Temperature, 2 [ITS-90, deg C]
# name 6 = potemp090C: Potential Temperature [ITS-90, deg C]
# name 7 = sal00: Salinity, Practical [PSU]
# name 8 = sal11: Salinity, Practical, 2 [PSU]
# name 9 = density00: Density [density, kg/m^3]
# name 10 = sigma-é00: Density [sigma-theta, kg/m^3]
# name 11 = sbox0Mm/Kg: Oxygen, SBE 43 [umol/kg]
# name 12 = sbox1Mm/Kg: Oxygen, SBE 43, 2 [umol/kg]
# name 13 = oxsolMm/Kg: Oxygen Saturation, Garcia & Gordon [umol/kg]
# name 14 = sbeox0PS: Oxygen, SBE 43 [% saturation]
# name 15 = v0: Voltage 0
# name 16 = flECO-AFL: Fluorescence, WET Labs ECO-AFL/FL [mg/m^3]
# name 17 = CStarAt0: Beam Attenuation, WET Labs C-Star [1/m]
# name 18 = par: PAR/Irradiance, Biospherical/Licor
# name 19 = scan: Scan Count
# name 20 = nbf: Bottles Fired
# name 21 = flag:  0.000e+00
# interval = seconds: 0.0416667
# start_time = Sep 25 2023 06:46:31 [NMEA time, first data scan]
# bad_flag = -9.990e-29
*END*
[from data line 198]
     30.426   71.85008 -162.15674     30.743    -0.6912    -0.6911    -0.6920    32.6370    32.6487  1026.3753    26.2276    286.905    270.213  360.93535     79.489     0.1331     0.4505     1.8149 1.0000e-12       8691          5  0.000e+00
     30.442   71.85008 -162.15674     30.759    -0.6912    -0.6912    -0.6920    32.6370    32.6488  1026.3754    26.2277    286.965    270.440  360.93526     79.506     0.1343     0.4579     1.8149 1.0000e-12       8692          5  0.000e+00
     30.426   71.85008 -162.15674     30.743    -0.6910    -0.6911    -0.6918    32.6372    32.6493  1026.3755    26.2278    286.678    270.472  360.93304     79.427     0.1331     0.4505     1.8149 1.0000e-12       8693          5  0.000e+00
     30.442   71.85008 -162.15674     30.759    -0.6910    -0.6909    -0.6918    32.6369    32.6487  1026.3753    26.2275    286.896    270.726  360.93403     79.487     0.1343     0.4579     1.8149 1.0000e-12       8694          5  0.000e+00
     30.365   71.85008 -162.15674     30.681    -0.6908    -0.6910    -0.6916    32.6368    32.6484  1026.3748    26.2275    286.905    270.562  360.93255     79.490     0.1331     0.4505     1.8149 1.0000e-12       8695          5  0.000e+00
     30.442   71.85008 -162.15674     30.759    -0.6908    -0.6911    -0.6916    32.6366    32.6486  1026.3750    26.2273    286.874    270.563  360.93316     79.481     0.1343     0.4579     1.8149 1.0000e-12       8696          5  0.000e+00
     30.426   71.85008 -162.15674     30.743    -0.6912    -0.6909    -0.6920    32.6371    32.6490  1026.3754    26.2278    286.839    270.555  360.93487     79.471     0.1331     0.4505     1.8149 1.0000e-12       8697          5  0.000e+00
     30.442   71.85008 -162.15674     30.759    -0.6908    -0.6909    -0.6916    32.6369    32.6491  1026.3752    26.2275    286.847    270.548  360.93244     79.474     0.1343     0.4579     1.8149 1.0000e-12       8698          5  0.000e+00
     30.426   71.85008 -162.15674     30.743    -0.6910    -0.6906    -0.6918    32.6371    32.6484  1026.3754    26.2278    286.857    270.758  360.93328     79.476     0.1343     0.4579     1.8149 1.0000e-12       8699          5  0.000e+00
     30.442   71.85008 -162.15674     30.759    -0.6907    -0.6907    -0.6915    32.6369    32.6488  1026.3753    26.2276    286.614    270.553  360.93060     79.410     0.1343     0.4579     1.8149 1.0000e-12       8700          5  0.000e+00
     30.426   71.85008 -162.15674     30.743    -0.6908    -0.6906    -0.6916    32.6369    32.6483  1026.3752    26.2276    286.581    270.537  360.93229     79.400     0.1343     0.4579     1.8149 1.0000e-12       8701          5  0.000e+00
     30.380   71.85008 -162.15674     30.696    -0.6909    -0.6905    -0.6917    32.6373    32.6484  1026.3753    26.2279    286.546    270.547  360.93162     79.391     0.1331     0.4505     1.8149 1.0000e-12       8702          5  0.000e+00
     30.480   71.85008 -162.15674     30.798    -0.6910    -0.6905    -0.6918    32.6374    32.6488  1026.3758    26.2279    286.520    270.339  360.93265     79.383     0.1392     0.4872     1.8149 1.0000e-12       8703          5  0.000e+00
     30.442   71.85008 -162.15674     30.759    -0.6908    -0.6902    -0.6916    32.6369    32.6488  1026.3753    26.2276    286.440    270.538  360.93232     79.361     0.1490     0.5458     1.8166 1.0000e-12       8704          5  0.000e+00
     30.426   71.85008 -162.15674     30.743    -0.6907    -0.6901    -0.6915    32.6370    32.6481  1026.3752    26.2276    286.410    270.517  360.93107     79.353     0.1514     0.5604     1.8149 1.0000e-12       8705          5  0.000e+00
     30.380   71.85008 -162.15674     30.696    -0.6910    -0.6901    -0.6918    32.6374    32.6485  1026.3754    26.2280    286.632    270.522  360.93248     79.414     0.1514     0.5604     1.8247 1.0000e-12       8706          5  0.000e+00
     30.426   71.85008 -162.15674     30.743    -0.6907    -0.6901    -0.6915    32.6374    32.6489  1026.3756    26.2280    286.602    270.498  360.92925     79.407     0.1502     0.5531     1.8329 1.0000e-12       8707          5  0.000e+00
     30.442   71.85008 -162.15674     30.759    -0.6909    -0.6900    -0.6917    32.6371    32.6484  1026.3755    26.2278    286.373    270.471  360.93220     79.343     0.1502     0.5531     1.8346 1.0000e-12       8708          5  0.000e+00
     30.426   71.85008 -162.15674     30.743    -0.6908    -0.6901    -0.6916    32.6371    32.6485  1026.3753    26.2277    286.595    270.441  360.93181     79.404     0.1490     0.5458     1.8346 1.0000e-12       8709          5  0.000e+00
     30.442   71.85008 -162.15674     30.759    -0.6910    -0.6901    -0.6918    32.6373    32.6484  1026.3756    26.2279    286.366    270.441  360.93270     79.340     0.1502     0.5531     1.8329 1.0000e-12       8710          5  0.000e+00
     30.426   71.85008 -162.15674     30.743    -0.6910    -0.6900    -0.6918    32.6373    32.6484  1026.3756    26.2279    286.840    270.436  360.93268     79.472     0.1514     0.5604     1.8329 1.0000e-12       8711          5  0.000e+00
     30.442   71.85008 -162.15674     30.759    -0.6908    -0.6901    -0.6916    32.6372    32.6486  1026.3755    26.2278    286.655    270.656  360.93159     79.421     0.1502     0.5531     1.8346 1.0000e-12       8712          5  0.000e+00
     30.426   71.85008 -162.15674     30.743    -0.6909    -0.6898    -0.6917    32.6373    32.6484  1026.3755    26.2279    286.424    270.456  360.93182     79.357     0.1514     0.5604     1.8346 1.0000e-12       8713          5  0.000e+00
     30.442   71.85008 -162.15674     30.759    -0.6907    -0.6899    -0.6915    32.6370    32.6484  1026.3753    26.2276    286.398    270.449  360.93048     79.350     0.1502     0.5531     1.8329 1.0000e-12       8714          5  0.000e+00
     30.426   71.85008 -162.15674     30.743    -0.6908    -0.6898    -0.6916    32.6372    32.6484  1026.3754    26.2278    286.376    270.439  360.93157     79.343     0.1502     0.5531     1.8329 1.0000e-12       8715          5  0.000e+00
     30.442   71.85008 -162.15674     30.759    -0.6910    -0.6901    -0.6918    32.6373    32.6488  1026.3756    26.2279    286.356    270.431  360.93270     79.338     0.1490     0.5458     1.8346 1.0000e-12       8716          5  0.000e+00
     30.365   71.85008 -162.15674     30.681    -0.6908    -0.6901    -0.6916    32.6369    32.6490  1026.3749    26.2276    286.583    270.195  360.93218     79.401     0.1502     0.5531     1.8346 1.0000e-12       8717          5  0.000e+00
     30.442   71.85008 -162.15674     30.759    -0.6907    -0.6900    -0.6915    32.6369    32.6486  1026.3753    26.2275    286.612    270.378  360.93072     79.409     0.1514     0.5604     1.8346 1.0000e-12       8718          5  0.000e+00
     30.426   71.85008 -162.15674     30.743    -0.6909    -0.6899    -0.6917    32.6370    32.6487  1026.3753    26.2276    286.390    270.364  360.93266     79.347     0.1502     0.5531     1.8346 8.4714e-06       8719          5  0.000e+00
     30.380   71.85008 -162.15674     30.696    -0.6906    -0.6897    -0.6914    32.6373    32.6488  1026.3753    26.2279    286.367    270.347  360.92843     79.342     0.1514     0.5604     1.8346 1.0000e-12       8720          5  0.000e+00
     30.426   71.85008 -162.15674     30.743    -0.6908    -0.6898    -0.6916    32.6375    32.6485  1026.3757    26.2281    286.307    270.335  360.93060     79.325     0.1490     0.5458     1.8346 1.0000e-12       8721          5  0.000e+00
     30.442   71.85008 -162.15674     30.759    -0.6904    -0.6898    -0.6912    32.6371    32.6484  1026.3754    26.2277    286.289    270.320  360.92731     79.321     0.1502     0.5531     1.8346 1.0000e-12       8722          5  0.000e+00
     30.364   71.85008 -162.15674     30.681    -0.6906    -0.6898    -0.6913    32.6372    32.6483  1026.3751    26.2278    286.274    270.299  360.92877     79.316     0.1490     0.5458     1.8346 1.0000e-12       8723          5  0.000e+00
     30.380   71.85008 -162.15674     30.696    -0.6906    -0.6898    -0.6914    32.6371    32.6481  1026.3752    26.2278    286.263    270.282  360.92891     79.313     0.1502     0.5531     1.8329 1.0000e-12       8724          5  0.000e+00
     30.426   71.85008 -162.15674     30.743    -0.6906    -0.6901    -0.6914    32.6371    32.6486  1026.3754    26.2277    286.457    270.265  360.92899     79.367     0.1514     0.5604     1.8346 1.0000e-12       8725          5  0.000e+00
     30.380   71.85008 -162.15674     30.696    -0.6906    -0.6899    -0.6914    32.6371    32.6485  1026.3752    26.2278    286.240    270.241  360.92891     79.307     0.1502     0.5531     1.8329 1.0000e-12       8726          5  0.000e+00
     30.426   71.85008 -162.15674     30.743    -0.6907    -0.6901    -0.6915    32.6370    32.6487  1026.3752    26.2276    286.234    270.221  360.93107     79.304     0.1502     0.5531     1.8313 1.0000e-12       8727          5  0.000e+00
     30.380   71.85008 -162.15674     30.696    -0.6910    -0.6901    -0.6918    32.6373    32.6481  1026.3753    26.2279    285.977    270.228  360.93272     79.233     0.1490     0.5458     1.8313 1.0000e-12       8728          5  0.000e+00
     30.364   71.85008 -162.15674     30.681    -0.6912    -0.6902    -0.6920    32.6376    32.6485  1026.3755    26.2281    286.177    270.236  360.93368     79.288     0.1416     0.5018     1.8313 1.0000e-12       8729          5  0.000e+00
     30.380   71.85008 -162.15674     30.696    -0.6915    -0.6905    -0.6923    32.6379    32.6488  1026.3758    26.2284    286.177    270.245  360.93556     79.288     0.1368     0.4725     1.8313 1.0000e-12       8730          5  0.000e+00
     30.364   71.85008 -162.15674     30.681    -0.6910    -0.6899    -0.6918    32.6374    32.6484  1026.3753    26.2280    286.174    270.248  360.93257     79.287     0.1368     0.4725     1.8313 1.0000e-12       8731          5  0.000e+00
     30.380   71.85008 -162.15674     30.696    -0.6913    -0.6905    -0.6921    32.6377    32.6488  1026.3756    26.2282    286.178    270.228  360.93445     79.288     0.1368     0.4725     1.8313 1.0000e-12       8732          5  0.000e+00
     30.364   71.85008 -162.15674     30.681    -0.6910    -0.6907    -0.6918    32.6371    32.6490  1026.3751    26.2278    286.180    270.204  360.93329     79.289     0.1368     0.4725     1.8313 1.0000e-12       8733          5  0.000e+00
     30.380   71.85008 -162.15674     30.696    -0.6910    -0.6907    -0.6918    32.6372    32.6488  1026.3752    26.2278    286.186    270.180  360.93320     79.291     0.1380     0.4798     1.8313 1.0000e-12       8734          5  0.000e+00
     30.364   71.85008 -162.15674     30.681    -0.6909    -0.6909    -0.6917    32.6374    32.6486  1026.3753    26.2280    286.192    270.184  360.93147     79.293     0.1368     0.4725     1.8313 1.0000e-12       8735          5  0.000e+00
     30.326   71.85008 -162.15674     30.642    -0.6910    -0.6907    -0.6918    32.6374    32.6486  1026.3752    26.2280    286.201    270.185  360.93239     79.295     0.1368     0.4725     1.8313 1.0000e-12       8736          5  0.000e+00
     30.364   71.85008 -162.15674     30.681    -0.6910    -0.6906    -0.6918    32.6374    32.6483  1026.3753    26.2280    286.214    270.159  360.93257     79.299     0.1355     0.4652     1.8313 1.0000e-12       8737          5  0.000e+00
     30.271   71.85008 -162.15674     30.586    -0.6927    -0.6925    -0.6935    32.6371    32.6485  1026.3747    26.2278    286.611    270.425  360.94979     79.405     0.1392     0.4872     1.8247 1.0000e-12       8897          6  0.000e+00
     30.309   71.85008 -162.15674     30.625    -0.6928    -0.6928    -0.6936    32.6373    32.6487  1026.3751    26.2280    286.614    270.431  360.95011     79.406     0.1404     0.4945     1.8247 1.0000e-12       8898          6  0.000e+00
     30.271   71.85008 -162.15674     30.586    -0.6927    -0.6930    -0.6934    32.6372    32.6488  1026.3747    26.2279    286.614    270.434  360.94893     79.406     0.1392     0.4872     1.8247 1.0000e-12       8899          6  0.000e+00
     30.248   71.85008 -162.15674     30.563    -0.6929    -0.6929    -0.6937    32.6370    32.6484  1026.3745    26.2277    286.617    270.435  360.95170     79.406     0.1404     0.4945     1.8247 1.0000e-12       8900          6  0.000e+00
     30.271   71.85008 -162.15674     30.586    -0.6930    -0.6926    -0.6938    32.6368    32.6481  1026.3745    26.2276    286.621    270.438  360.95320     79.407     0.1416     0.5018     1.8247 1.0000e-12       8901          6  0.000e+00
     30.309   71.85008 -162.15674     30.625    -0.6933    -0.6928    -0.6941    32.6372    32.6480  1026.3750    26.2279    286.626    270.443  360.95488     79.408     0.1404     0.4945     1.8247 1.0000e-12       8902          6  0.000e+00
     30.271   71.85008 -162.15674     30.586    -0.6932    -0.6924    -0.6940    32.6369    32.6480  1026.3745    26.2277    286.627    270.441  360.95456     79.408     0.1416     0.5018     1.8247 1.0000e-12       8903          6  0.000e+00
     30.248   71.85008 -162.15674     30.563    -0.6932    -0.6928    -0.6940    32.6369    32.6484  1026.3744    26.2276    286.628    270.445  360.95464     79.408     0.1392     0.4872     1.8247 1.0000e-12       8904          6  0.000e+00
     30.271   71.85008 -162.15674     30.586    -0.6932    -0.6926    -0.6940    32.6364    32.6483  1026.3741    26.2273    286.632    270.447  360.95600     79.409     0.1404     0.4945     1.8247 1.0000e-12       8905          6  0.000e+00
     30.248   71.85008 -162.15674     30.563    -0.6936    -0.6924    -0.6944    32.6370    32.6479  1026.3745    26.2278    286.635    270.447  360.95868     79.409     0.1392     0.4872     1.8247 1.0000e-12       8906          6  0.000e+00
     30.271   71.85008 -162.15674     30.586    -0.6936    -0.6923    -0.6944    32.6368    32.6483  1026.3745    26.2276    286.389    270.449  360.95921     79.341     0.1392     0.4872     1.8247 8.4714e-06       8907          6  0.000e+00
     30.309   71.85008 -162.15674     30.625    -0.6938    -0.6925    -0.6946    32.6366    32.6481  1026.3745    26.2274    286.600    270.424  360.96159     79.399     0.1380     0.4798     1.8231 1.0000e-12       8908          6  0.000e+00
     30.271   71.85008 -162.15674     30.586    -0.6939    -0.6925    -0.6947    32.6365    32.6479  1026.3742    26.2273    286.651    270.424  360.96287     79.413     0.1343     0.4579     1.8215 1.0000e-12       8909          6  0.000e+00
     30.248   71.85008 -162.15674     30.563    -0.6941    -0.6926    -0.6949    32.6367    32.6478  1026.3743    26.2275    286.706    270.426  360.96394     79.428     0.1355     0.4652     1.8215 8.4714e-06       8910          6  0.000e+00
     30.271   71.85008 -162.15674     30.586    -0.6938    -0.6930    -0.6946    32.6366    32.6484  1026.3743    26.2274    286.712    270.399  360.96152     79.430     0.1343     0.4579     1.8215 1.0000e-12       8911          6  0.000e+00
     30.248   71.85008 -162.15674     30.563    -0.6941    -0.6932    -0.6949    32.6370    32.6487  1026.3745    26.2278    286.720    270.399  360.96309     79.432     0.1355     0.4652     1.8215 1.0000e-12       8912          6  0.000e+00
     30.325   71.85008 -162.15674     30.641    -0.6939    -0.6933    -0.6947    32.6368    32.6483  1026.3747    26.2276    286.730    270.403  360.96211     79.435     0.1343     0.4579     1.8215 1.0000e-12       8913          6  0.000e+00
     30.248   71.85008 -162.15674     30.563    -0.6938    -0.6932    -0.6946    32.6367    32.6486  1026.3743    26.2275    286.734    270.368  360.96124     79.436     0.1355     0.4652     1.8215 1.0000e-12       8914          6  0.000e+00
