EcoFOCI/data/1_SampleCollection/2023_SikuliaqDBO_CruiseData/CTD_raw_BottleFile_SKQ23-12S/proc/skq202312s_009avg.cnv
* Sea-Bird SBE 9 Data File:
* FileName = D:\CTD\SKQ202312S\SKQ202312S_009.hex
* Software Version Seasave V 7.26.7.121
* Temperature SN = 6177
* Conductivity SN = 0369
* Number of Bytes Per Scan = 41
* Number of Voltage Words = 4
* Number of Scans Averaged by the Deck Unit = 1
* NMEA Latitude = 63 01.70 N
* NMEA Longitude = 173 27.64 W
* NMEA UTC (Time) = Sep 16 2023  10:53:46
* NMEA baud rate = 4800
** Ship: R/V Sikuliaq
** Station Number: 009
** Station Name: DBO1.8
** Bottom Depth: 71
** Operator: SD
# nquan = 25
# nvalues = 67                          
# units = specified
# name 0 = depSM: Depth [salt water, m]
# name 1 = latitude: Latitude [deg]
# name 2 = longitude: Longitude [deg]
# name 3 = prDM: Pressure, Digiquartz [db]
# name 4 = t090C: Temperature [ITS-90, deg C]
# name 5 = t190C: Temperature, 2 [ITS-90, deg C]
# name 6 = potemp090C: Potential Temperature [ITS-90, deg C]
# name 7 = sal00: Salinity, Practical [PSU]
# name 8 = sal11: Salinity, Practical, 2 [PSU]
# name 9 = density00: Density [density, kg/m^3]
# name 10 = sigma-é00: Density [sigma-theta, kg/m^3]
# name 11 = sbox0Mm/Kg: Oxygen, SBE 43 [umol/kg]
# name 12 = sbox1Mm/Kg: Oxygen, SBE 43, 2 [umol/kg]
# name 13 = oxsolMm/Kg: Oxygen Saturation, Garcia & Gordon [umol/kg]
# name 14 = sbeox0PS: Oxygen, SBE 43 [% saturation]
# name 15 = sbeox1PS: Oxygen, SBE 43, 2 [% saturation]
# name 16 = v0: Voltage 0
# name 17 = flECO-AFL: Fluorescence, WET Labs ECO-AFL/FL [mg/m^3]
# name 18 = v1: Voltage 1
# name 19 = CStarAt0: Beam Attenuation, WET Labs C-Star [1/m]
# name 20 = par: PAR/Irradiance, Biospherical/Licor
# name 21 = scan: Scan Count
# name 22 = timeM: Time, Elapsed [minutes]
# name 23 = nbin: number of scans per bin
# name 24 = flag: flag
# span 0 =      0.990,     66.342       
# span 1 =   63.02840,   63.02840       
# span 2 = -173.46060, -173.46058       
# span 3 =      1.000,     67.000       
# span 4 =    -1.3983,     7.4260       
# span 5 =    -1.3971,     7.4192       
# span 6 =    -1.3993,     7.4252       
# span 7 =    31.3036,    32.0973       
# span 8 =    31.2749,    32.1124       
# span 9 =  1024.4606,  1026.1319       
# span 10 =    24.4542,    25.8122      
# span 11 =    258.748,    441.132      
# span 12 =    246.126,    407.450      
# span 13 =  298.58537,  369.39687      
# span 14 =     70.089,    122.094      
# span 15 =     66.659,    112.148      
# span 16 =     0.0843,     0.2080      
# span 17 =     0.1581,     0.9001      
# span 18 =     3.4629,     4.1893      
# span 19 =     0.4707,     1.2379      
# span 20 = -4.453e-05, 7.0959e-01      
# span 21 =        140,       5920      
# span 22 =     0.0969,     4.1103      
# span 23 =         32,       1327      
# span 24 = 0.0000e+00, 0.0000e+00      
# interval = decibars: 1                
# start_time = Sep 16 2023 10:56:36 [NMEA time, first data scan]
# bad_flag = -9.990e-29
*END*
      0.990   63.02840 -173.46058      1.000     7.4237     7.4192     7.4236    31.3087    31.3291  1024.4606    24.4560    291.175    278.740  298.61379     97.509     93.349     0.1754     0.7041     4.0538     0.6023 7.0959e-01        140     0.0969        552 0.0000e+00
      1.981   63.02840 -173.46060      2.000     7.4087     7.4115     7.4085    31.3097    31.2948  1024.4680    24.4588    291.407    278.789  298.71343     97.554     93.326     0.1699     0.6714     4.0557     0.6003 5.1317e-01        604     0.4185         71 0.0000e+00
      2.971   63.02840 -173.46058      3.000     7.4150     7.4151     7.4148    31.3080    31.2749  1024.4704    24.4567    291.426    278.698  298.67378     97.573     93.289     0.1688     0.6646     4.0599     0.5963 3.3948e-01        657     0.4558         64 0.0000e+00
      3.961   63.02840 -173.46060      4.000     7.4117     7.4170     7.4113    31.3094    31.3020  1024.4766    24.4582    291.297    277.320  298.69356     97.524     92.850     0.1731     0.6908     4.0569     0.5991 2.2826e-01        799     0.5541        164 0.0000e+00
      4.952   63.02840 -173.46060      5.000     7.4064     7.4074     7.4060    31.3060    31.2961  1024.4792    24.4563    291.359    277.588  298.73684     97.530     92.916     0.1711     0.6789     4.0597     0.5965 1.7430e-01        909     0.6306        134 0.0000e+00
      5.942   63.02840 -173.46060      6.000     7.4078     7.4080     7.4073    31.3036    31.2939  1024.4817    24.4542    291.315    276.828  298.73255     97.517     92.661     0.1750     0.7019     4.0602     0.5960 1.1132e-01       1050     0.7287         98 0.0000e+00
      6.932   63.02840 -173.46060      7.000     7.4076     7.4092     7.4070    31.3071    31.2973  1024.4891    24.4570    291.413    277.231  298.72634     97.552     92.801     0.1715     0.6813     4.0535     0.6026 8.2244e-02       1172     0.8129        166 0.0000e+00
      7.922   63.02840 -173.46060      8.000     7.4260     7.4175     7.4252    31.3145    31.3051  1024.4971    24.4604    291.521    275.578  298.58537     97.634     92.270     0.1712     0.6789     4.0537     0.6023 4.8349e-02       1307     0.9070         67 0.0000e+00
      8.913   63.02840 -173.46060      9.000     7.3970     7.3953     7.3962    31.3255    31.3200  1024.5142    24.4729    291.962    276.864  298.75864     97.725     92.664     0.1710     0.6780     4.0456     0.6103 2.9644e-02       1420     0.9855        160 0.0000e+00
      9.903   63.02840 -173.46060     10.000     7.3520     7.3525     7.3511    31.3693    31.3737  1024.5593    24.5134    291.690    276.760  298.96958     97.565     92.576     0.1618     0.6228     4.0635     0.5926 1.4597e-02       1522     1.0564         71 0.0000e+00
     10.893   63.02840 -173.46060     11.000     7.3562     7.3567     7.3552    31.3839    31.3926  1024.5748    24.5243    292.968    279.230  298.90859     98.013     93.423     0.1517     0.5625     4.0797     0.5767 6.0258e-03       1645     1.1417        136 0.0000e+00
     11.884   63.02840 -173.46060     12.000     7.3265     7.3273     7.3255    31.3881    31.3980  1024.5868    24.5316    293.147    280.146  299.10184     98.009     93.671     0.1517     0.5625     4.0830     0.5735 7.7239e-04       1745     1.2112         67 0.0000e+00
     12.874   63.02840 -173.46060     13.000     7.2832     7.2845     7.2820    31.3919    31.4015  1024.6001    24.5404    293.245    280.519  299.38967     97.948     93.707     0.1555     0.5847     4.0800     0.5765 -4.453e-05       1797     1.2471         42 0.0000e+00
     13.864   63.02840 -173.46060     14.000     7.2674     7.2694     7.2662    31.3934    31.4029  1024.6081    24.5438    293.726    281.209  299.49423     98.074     93.905     0.1608     0.6165     4.0758     0.5805 8.8830e-07       1844     1.2797         65 0.0000e+00
     14.855   63.02840 -173.46060     15.000     7.2619     7.2596     7.2605    31.3952    31.4058  1024.6149    24.5459    294.101    281.353  299.52789     98.188     93.935     0.1696     0.6697     4.0739     0.5824 4.1315e-07       1942     1.3477         85 0.0000e+00
     15.845   63.02840 -173.46060     16.000     7.2573     7.2584     7.2559    31.3989    31.4084  1024.6229    24.5494    294.286    281.581  299.55111     98.242     94.010     0.1656     0.6459     4.0739     0.5824 -1.178e-08       1988     1.3802         35 0.0000e+00
     16.835   63.02840 -173.46060     17.000     7.2495     7.2507     7.2480    31.3988    31.4084  1024.6285    24.5504    294.179    280.955  299.60488     98.189     93.784     0.1686     0.6634     4.0770     0.5794 2.0719e-07       2025     1.4053         40 0.0000e+00
     17.825   63.02840 -173.46060     18.000     7.2391     7.2402     7.2375    31.3989    31.4083  1024.6346    24.5519    293.990    280.940  299.67605     98.102     93.757     0.1771     0.7146     4.0757     0.5806 -7.580e-10       2070     1.4369         49 0.0000e+00
     18.816   63.02840 -173.46060     19.000     7.2296     7.2302     7.2279    31.3987    31.4082  1024.6403    24.5530    294.069    281.496  299.74166     98.107     93.921     0.1849     0.7615     4.0764     0.5800 1.0000e-12       2120     1.4713         49 0.0000e+00
     19.806   63.02840 -173.46060     20.000     7.2140     7.2144     7.2122    31.3983    31.4078  1024.6466    24.5547    294.170    281.502  299.84953     98.106     93.889     0.1896     0.7895     4.0792     0.5773 1.0000e-12       2174     1.5087         53 0.0000e+00
     20.796   63.02840 -173.46060     21.000     7.1966     7.1978     7.1948    31.3980    31.4078  1024.6534    24.5569    294.112    280.187  299.96909     98.048     93.414     0.1957     0.8260     4.0767     0.5797 1.0000e-12       2225     1.5444         47 0.0000e+00
     21.786   63.02840 -173.46060     22.000     7.1696     7.1706     7.1677    31.3971    31.4070  1024.6608    24.5597    294.006    280.733  300.15679     97.951     93.538     0.2000     0.8520     4.0851     0.5715 1.0000e-12       2269     1.5751         42 0.0000e+00
     22.777   63.02840 -173.46060     23.000     7.1505     7.1516     7.1485    31.3969    31.4066  1024.6678    24.5621    294.409    281.013  300.28842     98.042     93.590     0.2009     0.8574     4.0890     0.5676 3.7694e-07       2312     1.6049         45 0.0000e+00
     23.767   63.02840 -173.46060     24.000     7.1419     7.1425     7.1397    31.3965    31.4061  1024.6733    24.5630    294.670    280.946  300.34873     98.110     93.548     0.2045     0.8790     4.0983     0.5585 -7.739e-09       2356     1.6357         42 0.0000e+00
     24.757   63.02840 -173.46060     25.000     7.0880     7.0833     7.0858    31.3966    31.4085  1024.6851    24.5702    294.863    281.288  300.71962     98.053     93.536     0.2056     0.8857     4.0999     0.5570 1.0000e-12       2401     1.6664         47 0.0000e+00
     25.747   63.02840 -173.46060     26.000     6.5324     6.5118     6.5303    31.4366    31.4621  1024.7918    24.6719    297.600    285.609  304.53572     97.722     93.757     0.2074     0.8962     4.1188     0.5386 1.9127e-07       2446     1.6981         44 0.0000e+00
     26.737   63.02840 -173.46060     27.000     5.0949     5.0769     5.0929    31.5840    31.6140  1025.0831    24.9576    303.104    292.268  314.61852     96.344     92.880     0.2038     0.8746     4.1348     0.5230 5.2793e-07       2492     1.7301         48 0.0000e+00
     27.728   63.02840 -173.46060     28.000     3.9994     3.9474     3.9976    31.6602    31.7086  1025.2594    25.1285    343.403    311.824  322.87728    106.301     96.436     0.2080     0.9001     4.1361     0.5218 2.9627e-07       2547     1.7682         57 0.0000e+00
     28.718   63.02840 -173.46060     29.000     1.8304     1.7177     1.8291    31.8249    31.9012  1025.5748    25.4376    380.349    356.279  340.32352    111.763    104.444     0.2070     0.8939     4.1286     0.5290 2.1570e-07       2597     1.8027         39 0.0000e+00
     29.708   63.02840 -173.46060     30.000    -0.3607    -0.3612    -0.3615    32.0360    32.0869  1025.8737    25.7298    414.015    381.152  359.45831    115.180    106.077     0.1940     0.8158     4.1496     0.5087 -4.454e-09       2636     1.8301         38 0.0000e+00
     30.698   63.02840 -173.46060     31.000    -0.3864    -0.3865    -0.3873    32.0092    32.0459  1025.8572    25.7084    432.896    387.481  359.79987    120.314    107.724     0.1800     0.7318     4.1593     0.4994 4.0637e-07       2676     1.8575         42 0.0000e+00
     31.688   63.02840 -173.46060     32.000    -0.5398    -0.5466    -0.5406    31.9908    32.0268  1025.8530    25.6993    441.132    405.177  361.31573    122.094    112.148     0.1762     0.7090     4.1659     0.4930 1.3309e-08       2722     1.8895         54 0.0000e+00
     32.679   63.02840 -173.46060     33.000    -0.7921    -0.8014    -0.7929    31.9783    32.0139  1025.8568    25.6980    421.477    407.450  363.78207    115.861    112.010     0.1631     0.6303     4.1773     0.4821 4.9153e-07       2778     1.9287         53 0.0000e+00
     33.669   63.02840 -173.46060     34.000    -0.9858    -0.9847    -0.9865    31.9887    32.0160  1025.8765    25.7127    412.739    397.600  365.63405    112.883    108.768     0.1406     0.4952     4.1882     0.4717 4.1167e-07       2825     1.9612         41 0.0000e+00
     34.659   63.02840 -173.46060     35.000    -0.9771    -0.9761    -0.9778    31.9881    32.0126  1025.8806    25.7120    402.452    386.718  365.55101    110.095    105.814     0.1353     0.4639     4.1893     0.4707 1.0071e-06       2865     1.9892         42 0.0000e+00
     35.649   63.02840 -173.46060     36.000    -0.9897    -0.9887    -0.9905    31.9908    32.0138  1025.8879    25.7145    390.041    376.500  365.66688    106.666    102.984     0.1362     0.4690     4.1847     0.4750 1.3363e-06       2907     2.0181         44 0.0000e+00
     36.639   63.02840 -173.46060     37.000    -1.0020    -1.0011    -1.0028    31.9892    32.0104  1025.8918    25.7136    380.107    368.452  365.79186    103.914    100.747     0.1360     0.4679     4.1812     0.4784 8.8249e-07       2960     2.0549         57 0.0000e+00
     37.629   63.02840 -173.46060     38.000    -1.0182    -1.0182    -1.0191    31.9866    32.0076  1025.8951    25.7120    374.480    361.647  365.95774    102.329     98.839     0.1328     0.4490     4.1804     0.4791 7.1393e-07       3013     2.0918         47 0.0000e+00
     38.620   63.02840 -173.46060     39.000    -1.0553    -1.0541    -1.0561    31.9926    32.0118  1025.9059    25.7179    371.919    357.963  366.30379    101.533     97.741     0.1304     0.4348     4.1765     0.4829 8.0924e-07       3057     2.1221         42 0.0000e+00
     39.610   63.02840 -173.46060     40.000    -1.1413    -1.1389    -1.1422    32.0059    32.0258  1025.9240    25.7312    370.999    357.829  367.11101    101.059     97.493     0.1301     0.4325     4.1655     0.4934 1.3711e-06       3095     2.1485         37 0.0000e+00
     40.600   63.02840 -173.46060     41.000    -1.2312    -1.2312    -1.2320    32.0242    32.0435  1025.9463    25.7485    365.560    353.061  367.94363     99.353     95.970     0.1174     0.3564     4.1293     0.5284 1.6185e-06       3137     2.1780         47 0.0000e+00
     41.590   63.02840 -173.46060     42.000    -1.2460    -1.2446    -1.2468    32.0379    32.0556  1025.9626    25.7600    348.396    336.643  368.05010     94.660     91.483     0.1086     0.3037     4.1019     0.5550 1.8995e-06       3192     2.2157         58 0.0000e+00
     42.580   63.02840 -173.46060     43.000    -1.1978    -1.1950    -1.1986    32.0635    32.0784  1025.9868    25.7794    327.535    315.471  367.49992     89.124     85.858     0.1119     0.3233     4.0443     0.6117 3.0027e-06       3246     2.2532         48 0.0000e+00
     43.570   63.02840 -173.46060     44.000    -1.1961    -1.1943    -1.1970    32.0780    32.0942  1026.0033    25.7912    318.935    306.620  367.44151     86.799     83.463     0.1214     0.3806     3.9563     0.6997 1.9210e-06       3288     2.2824         35 0.0000e+00
     44.560   63.02840 -173.46060     45.000    -1.2523    -1.2506    -1.2531    32.0854    32.1016  1026.0158    25.7987    312.711    301.229  367.97424     84.982     81.875     0.1148     0.3411     3.9104     0.7463 2.6558e-06       3321     2.3055         32 0.0000e+00
     45.550   63.02840 -173.46060     46.000    -1.2678    -1.2665    -1.2687    32.0869    32.1027  1026.0222    25.8003    305.063    294.236  368.12385     82.870     79.942     0.1089     0.3057     3.8887     0.7686 1.6310e-06       3360     2.3329         55 0.0000e+00
     46.541   63.02840 -173.46060     47.000    -1.2852    -1.2852    -1.2861    32.0873    32.1027  1026.0279    25.8011    289.114    277.812  368.29470     78.501     75.441     0.1108     0.3164     3.8874     0.7699 1.7081e-06       3432     2.3827         70 0.0000e+00
     47.531   63.02840 -173.46060     48.000    -1.3348    -1.3337    -1.3357    32.0915    32.1075  1026.0375    25.8059    285.161    273.569  368.77412     77.327     74.195     0.1015     0.2611     3.8740     0.7837 2.7125e-06       3482     2.4172         35 0.0000e+00
     48.521   63.02840 -173.46060     49.000    -1.3854    -1.3838    -1.3863    32.0971    32.1124  1026.0482    25.8117    284.483    272.140  369.25981     77.041     73.711     0.0888     0.1847     3.8254     0.8343 3.4421e-06       3513     2.4392         32 0.0000e+00
     49.511   63.02840 -173.46060     50.000    -1.3972    -1.3958    -1.3981    32.0973    32.1121  1026.0536    25.8122    280.987    268.645  369.37663     76.071     72.740     0.0843     0.1583     3.7625     0.9007 3.4296e-06       3549     2.4636         42 0.0000e+00
     50.501   63.02840 -173.46060     51.000    -1.3977    -1.3969    -1.3986    32.0957    32.1100  1026.0571    25.8109    269.004    257.097  369.38602     72.825     69.610     0.0853     0.1641     3.7219     0.9440 2.5949e-06       3606     2.5033         65 0.0000e+00
     51.491   63.02840 -173.46060     52.000    -1.3982    -1.3971    -1.3992    32.0947    32.1086  1026.0611    25.8101    261.611    248.630  369.39497     70.821     67.317     0.0860     0.1679     3.7064     0.9606 2.7014e-06       3664     2.5439         44 0.0000e+00
     52.481   63.02840 -173.46060     53.000    -1.3983    -1.3971    -1.3993    32.0943    32.1081  1026.0656    25.8098    261.775    248.405  369.39687     70.866     67.256     0.0843     0.1581     3.7000     0.9676 3.7909e-06       3701     2.5698         36 0.0000e+00
     53.471   63.02840 -173.46060     54.000    -1.3975    -1.3965    -1.3985    32.0938    32.1072  1026.0700    25.8093    261.980    248.911  369.38979     70.922     67.393     0.0853     0.1640     3.6969     0.9709 3.9849e-06       3743     2.5987         55 0.0000e+00
     54.461   63.02840 -173.46060     55.000    -1.3956    -1.3945    -1.3966    32.0933    32.1063  1026.0744    25.8088    262.277    249.008  369.37223     71.006     67.423     0.0876     0.1777     3.6892     0.9793 3.7014e-06       3812     2.6463         59 0.0000e+00
     55.452   63.02840 -173.46060     56.000    -1.3957    -1.3944    -1.3967    32.0929    32.1058  1026.0789    25.8085    262.559    249.023  369.37449     71.082     67.427     0.0853     0.1640     3.4629     1.2379 4.3666e-06       3853     2.6748         35 0.0000e+00
     56.441   63.02840 -173.46060     57.000    -1.3954    -1.3942    -1.3964    32.0926    32.1052  1026.0834    25.8082    262.479    248.483  369.37237     71.061     67.280     0.0859     0.1675     3.6639     1.0080 3.3561e-06       3895     2.7041         60 0.0000e+00
