EcoFOCI/data/1_SampleCollection/2023_SikuliaqDBO_CruiseData/CTD_raw_BottleFile_SKQ23-12S/proc/skq202312s_051.cnv
* Sea-Bird SBE 9 Data File:
* FileName = D:\CTD\SKQ202312S\SKQ202312S_051.hex
* Software Version Seasave V 7.26.7.121
* Temperature SN = 6177
* Conductivity SN = 0369
* Number of Bytes Per Scan = 41
* Number of Voltage Words = 4
* Number of Scans Averaged by the Deck Unit = 1
* NMEA Latitude = 70 43.03 N
* NMEA Longitude = 162 51.44 W
* NMEA UTC (Time) = Sep 26 2023  19:01:27
* NMEA baud rate = 4800
** Ship: R/V Sikuliaq
** Station Number: 051
** Station Name: IC10
** Bottom Depth: 42
** Operator: SD
# nquan = 24
# nvalues = 6154                                  
# units = specified
# name 0 = depSM: Depth [salt water, m]
# name 1 = latitude: Latitude [deg]
# name 2 = longitude: Longitude [deg]
# name 3 = prDM: Pressure, Digiquartz [db]
# name 4 = t090C: Temperature [ITS-90, deg C]
# name 5 = t190C: Temperature, 2 [ITS-90, deg C]
# name 6 = potemp090C: Potential Temperature [ITS-90, deg C]
# name 7 = sal00: Salinity, Practical [PSU]
# name 8 = sal11: Salinity, Practical, 2 [PSU]
# name 9 = density00: Density [density, kg/m^3]
# name 10 = sigma-é00: Density [sigma-theta, kg/m^3]
# name 11 = sbox0Mm/Kg: Oxygen, SBE 43 [umol/kg]
# name 12 = sbox1Mm/Kg: Oxygen, SBE 43, 2 [umol/kg]
# name 13 = oxsolMm/Kg: Oxygen Saturation, Garcia & Gordon [umol/kg]
# name 14 = sbeox0PS: Oxygen, SBE 43 [% saturation]
# name 15 = sbeox1PS: Oxygen, SBE 43, 2 [% saturation]
# name 16 = v0: Voltage 0
# name 17 = flECO-AFL: Fluorescence, WET Labs ECO-AFL/FL [mg/m^3]
# name 18 = v1: Voltage 1
# name 19 = CStarAt0: Beam Attenuation, WET Labs C-Star [1/m]
# name 20 = par: PAR/Irradiance, Biospherical/Licor
# name 21 = scan: Scan Count
# name 22 = timeM: Time, Elapsed [minutes]
# name 23 = flag:  0.000e+00
# span 0 =      2.142,     36.901                 
# span 1 =   70.71704,   70.71714                 
# span 2 = -162.85630, -162.85552                 
# span 3 =      2.164,     37.284                 
# span 4 =     5.3511,     7.2761                 
# span 5 =     5.3517,     7.2778                 
# span 6 =     5.3485,     7.2745                 
# span 7 =    28.6250,    31.4787                 
# span 8 =    28.6387,    31.4965                 
# span 9 =  1022.4825,  1025.0095                 
# span 10 =    22.4667,    24.8437                
# span 11 =    199.233,    294.565                
# span 12 =    185.657,    277.464                
# span 13 =  301.04497,  312.97773                
# span 14 =     63.660,     94.579                
# span 15 =     59.330,     89.082                
# span 16 =     0.0769,     0.1966                
# span 17 =     0.1135,     0.8315                
# span 18 =     1.7192,     4.1624                
# span 19 =     0.4964,     4.0351                
# span 20 = 1.0000e-12, 1.1107e+02                
# span 21 =          1,       6154                
# span 22 =     0.0000,     4.2729                
# span 23 = 0.0000e+00, 0.0000e+00                
# interval = seconds: 0.0416667
# start_time = Sep 26 2023 19:05:40 [NMEA time, first data scan]
# bad_flag = -9.990e-29
*END*
[from data line 4710]
     36.843   70.71710 -162.85570     37.224     5.3536     5.3548     5.3509    31.4654    31.4764  1025.0084    24.8356    200.630    186.259  312.96158     64.107     59.522     0.0806     0.1355     1.7473     3.9702 8.4714e-06       4711     3.2708  0.000e+00
     36.781   70.71710 -162.85570     37.162     5.3536     5.3545     5.3509    31.4655    31.4765  1025.0082    24.8357    200.488    186.246  312.96133     64.062     59.517     0.0806     0.1355     1.7460     3.9730 8.4714e-06       4712     3.2715  0.000e+00
     36.773   70.71710 -162.85570     37.154     5.3536     5.3547     5.3509    31.4660    31.4764  1025.0085    24.8360    200.460    186.234  312.96035     64.053     59.513     0.0806     0.1355     1.7460     3.9730 1.0000e-12       4713     3.2722  0.000e+00
     36.781   70.71710 -162.85570     37.162     5.3536     5.3547     5.3509    31.4659    31.4766  1025.0084    24.8360    200.666    186.225  312.96053     64.119     59.510     0.0806     0.1355     1.7473     3.9702 8.4714e-06       4714     3.2729  0.000e+00
     36.781   70.71710 -162.85570     37.162     5.3536     5.3547     5.3508    31.4654    31.4766  1025.0081    24.8356    200.498    186.218  312.96196     64.065     59.508     0.0794     0.1282     1.7473     3.9702 1.0000e-12       4715     3.2736  0.000e+00
     36.827   70.71710 -162.85570     37.209     5.3538     5.3548     5.3511    31.4654    31.4762  1025.0082    24.8355    200.908    186.215  312.96022     64.196     59.507     0.0806     0.1355     1.7473     3.9702 1.0000e-12       4716     3.2743  0.000e+00
     36.781   70.71710 -162.85570     37.162     5.3536     5.3548     5.3509    31.4656    31.4764  1025.0082    24.8357    200.737    186.030  312.96124     64.141     59.448     0.0806     0.1355     1.7460     3.9730 1.0000e-12       4717     3.2750  0.000e+00
     36.781   70.71710 -162.85570     37.162     5.3538     5.3547     5.3511    31.4651    31.4768  1025.0078    24.8354    200.567    186.195  312.96079     64.087     59.501     0.0806     0.1355     1.7460     3.9730 1.0000e-12       4718     3.2757  0.000e+00
     36.781   70.71710 -162.85570     37.162     5.3536     5.3548     5.3509    31.4655    31.4768  1025.0081    24.8356    200.773    186.198  312.96151     64.153     59.502     0.0806     0.1355     1.7460     3.9730 8.4714e-06       4719     3.2764  0.000e+00
     36.827   70.71710 -162.85570     37.209     5.3538     5.3550     5.3511    31.4653    31.4763  1025.0082    24.8355    200.574    186.206  312.96031     64.089     59.505     0.0806     0.1355     1.7460     3.9730 8.4714e-06       4720     3.2771  0.000e+00
     36.781   70.71710 -162.85570     37.162     5.3536     5.3548     5.3508    31.4653    31.4764  1025.0080    24.8356    200.780    186.214  312.96214     64.155     59.507     0.0818     0.1428     1.7473     3.9702 1.0000e-12       4721     3.2778  0.000e+00
     36.842   70.71710 -162.85570     37.224     5.3536     5.3551     5.3509    31.4657    31.4761  1025.0085    24.8358    200.691    186.226  312.96105     64.126     59.511     0.0806     0.1355     1.7473     3.9702 1.0000e-12       4722     3.2785  0.000e+00
     36.773   70.71710 -162.85570     37.154     5.3536     5.3550     5.3509    31.4656    31.4763  1025.0082    24.8358    200.515    186.238  312.96115     64.070     59.515     0.0806     0.1355     1.7460     3.9730 1.0000e-12       4723     3.2792  0.000e+00
     36.842   70.71710 -162.85570     37.224     5.3536     5.3550     5.3509    31.4655    31.4763  1025.0084    24.8357    200.688    186.438  312.96140     64.126     59.579     0.0806     0.1355     1.7473     3.9702 1.0000e-12       4724     3.2799  0.000e+00
     36.781   70.71710 -162.85570     37.162     5.3536     5.3551     5.3509    31.4658    31.4761  1025.0083    24.8359    200.684    186.291  312.96080     64.124     59.532     0.0818     0.1428     1.7460     3.9730 8.4714e-06       4725     3.2806  0.000e+00
     36.773   70.71710 -162.85570     37.154     5.3537     5.3548     5.3510    31.4653    31.4766  1025.0079    24.8355    200.742    186.494  312.96114     64.143     59.597     0.0806     0.1355     1.7521     3.9590 8.4714e-06       4726     3.2813  0.000e+00
     36.781   70.71710 -162.85570     37.162     5.3538     5.3550     5.3511    31.4655    31.4766  1025.0081    24.8357    200.536    186.332  312.95990     64.077     59.545     0.0806     0.1355     1.7570     3.9479 1.0000e-12       4727     3.2819  0.000e+00
     36.842   70.71710 -162.85570     37.224     5.3536     5.3548     5.3509    31.4653    31.4765  1025.0083    24.8356    200.741    186.337  312.96176     64.142     59.547     0.0806     0.1355     1.7582     3.9451 1.0000e-12       4728     3.2826  0.000e+00
     36.781   70.71710 -162.85570     37.162     5.3538     5.3549     5.3511    31.4651    31.4763  1025.0078    24.8353    200.736    186.543  312.96088     64.141     59.612     0.0806     0.1355     1.7570     3.9479 1.0000e-12       4729     3.2833  0.000e+00
     36.773   70.71710 -162.85570     37.154     5.3538     5.3550     5.3511    31.4653    31.4765  1025.0079    24.8355    200.763    186.588  312.96042     64.149     59.627     0.0806     0.1355     1.7570     3.9479 8.4714e-06       4730     3.2840  0.000e+00
     36.781   70.71710 -162.85570     37.162     5.3538     5.3551     5.3511    31.4653    31.4765  1025.0080    24.8355    200.759    186.635  312.96025     64.148     59.642     0.0806     0.1355     1.7570     3.9479 8.4714e-06       4731     3.2847  0.000e+00
     36.842   70.71710 -162.85570     37.224     5.3537     5.3550     5.3510    31.4654    31.4763  1025.0083    24.8356    200.523    186.666  312.96086     64.073     59.652     0.0806     0.1355     1.7570     3.9479 1.0000e-12       4732     3.2854  0.000e+00
     36.773   70.71710 -162.85570     37.154     5.3538     5.3551     5.3511    31.4651    31.4764  1025.0078    24.8354    200.718    186.693  312.96078     64.135     59.661     0.0806     0.1355     1.7570     3.9479 8.4714e-06       4733     3.2861  0.000e+00
     36.781   70.71710 -162.85570     37.162     5.3538     5.3550     5.3511    31.4651    31.4766  1025.0078    24.8353    200.510    186.724  312.96088     64.069     59.671     0.0818     0.1428     1.7570     3.9479 8.4714e-06       4734     3.2868  0.000e+00
     36.781   70.71710 -162.85570     37.162     5.3535     5.3548     5.3507    31.4658    31.4768  1025.0084    24.8360    200.475    186.574  312.96179     64.057     59.622     0.0806     0.1355     1.7570     3.9479 8.4714e-06       4735     3.2875  0.000e+00
     36.781   70.71710 -162.85570     37.162     5.3538     5.3551     5.3511    31.4654    31.4765  1025.0080    24.8356    200.671    186.586  312.96008     64.120     59.627     0.0806     0.1355     1.7570     3.9479 1.0000e-12       4736     3.2882  0.000e+00
     36.827   70.71710 -162.85570     37.209     5.3536     5.3548     5.3509    31.4655    31.4767  1025.0084    24.8357    200.464    186.604  312.96138     64.054     59.632     0.0806     0.1355     1.7570     3.9479 1.0000e-12       4737     3.2889  0.000e+00
     36.781   70.71710 -162.85570     37.162     5.3539     5.3551     5.3511    31.4657    31.4762  1025.0083    24.8358    200.628    186.801  312.95901     64.107     59.695     0.0806     0.1355     1.7570     3.9479 1.0000e-12       4738     3.2896  0.000e+00
     36.781   70.71710 -162.85570     37.162     5.3538     5.3548     5.3511    31.4653    31.4766  1025.0079    24.8355    200.653    186.839  312.96043     64.114     59.707     0.0806     0.1355     1.7570     3.9479 1.0000e-12       4739     3.2903  0.000e+00
     36.773   70.71710 -162.85570     37.154     5.3538     5.3550     5.3511    31.4653    31.4766  1025.0079    24.8355    200.442    186.876  312.96042     64.047     59.719     0.0830     0.1502     1.7570     3.9479 8.4714e-06       4740     3.2910  0.000e+00
     36.781   70.71710 -162.85570     37.162     5.3538     5.3548     5.3511    31.4651    31.4766  1025.0078    24.8354    200.639    186.915  312.96079     64.110     59.731     0.0830     0.1502     1.7570     3.9479 8.4714e-06       4741     3.2917  0.000e+00
     36.781   70.71710 -162.85570     37.162     5.3536     5.3550     5.3509    31.4659    31.4763  1025.0084    24.8360    200.663    186.954  312.96053     64.118     59.744     0.0830     0.1502     1.7570     3.9479 8.4714e-06       4742     3.2924  0.000e+00
     36.773   70.71710 -162.85570     37.154     5.3538     5.3548     5.3511    31.4655    31.4764  1025.0080    24.8356    200.655    186.995  312.95998     64.115     59.757     0.0830     0.1502     1.7570     3.9479 1.0000e-12       4743     3.2931  0.000e+00
     36.781   70.71710 -162.85570     37.162     5.3537     5.3548     5.3510    31.4657    31.4766  1025.0082    24.8358    200.272    187.016  312.96026     63.993     59.763     0.0830     0.1502     1.7570     3.9479 8.4714e-06       4744     3.2938  0.000e+00
     36.781   70.71710 -162.85570     37.162     5.3538     5.3548     5.3511    31.4656    31.4768  1025.0082    24.8358    200.642    187.036  312.95954     64.111     59.770     0.0830     0.1502     1.7570     3.9479 8.4714e-06       4745     3.2944  0.000e+00
     36.781   70.71710 -162.85570     37.162     5.3538     5.3550     5.3511    31.4652    31.4766  1025.0079    24.8354    200.434    187.077  312.96061     64.045     59.783     0.0830     0.1502     1.7570     3.9479 8.4714e-06       4746     3.2951  0.000e+00
     36.773   70.71710 -162.85568     37.154     5.3538     5.3550     5.3511    31.4655    31.4761  1025.0081    24.8357    200.631    187.281  312.95989     64.108     59.848     0.0842     0.1575     1.7570     3.9479 8.4714e-06       4747     3.2958  0.000e+00
     36.781   70.71710 -162.85568     37.162     5.3536     5.3548     5.3509    31.4658    31.4766  1025.0084    24.8360    200.657    187.322  312.96062     64.116     59.861     0.0830     0.1502     1.7570     3.9479 8.4714e-06       4748     3.2965  0.000e+00
     36.781   70.71710 -162.85568     37.162     5.3536     5.3550     5.3508    31.4659    31.4763  1025.0084    24.8360    200.448    187.178  312.96089     64.049     59.815     0.0842     0.1575     1.7582     3.9451 1.0000e-12       4749     3.2972  0.000e+00
     36.773   70.71710 -162.85568     37.154     5.3538     5.3551     5.3511    31.4653    31.4759  1025.0079    24.8355    200.411    187.198  312.96033     64.037     59.822     0.0830     0.1502     1.7582     3.9451 1.0000e-12       4750     3.2979  0.000e+00
     36.781   70.71710 -162.85568     37.162     5.3540     5.3548     5.3512    31.4654    31.4764  1025.0080    24.8356    200.406    187.199  312.95900     64.036     59.822     0.0830     0.1502     1.7582     3.9451 1.0000e-12       4751     3.2986  0.000e+00
     36.781   70.71710 -162.85568     37.162     5.3538     5.3550     5.3511    31.4656    31.4765  1025.0082    24.8358    200.403    187.197  312.95954     64.035     59.822     0.0830     0.1502     1.7570     3.9479 8.4714e-06       4752     3.2993  0.000e+00
     36.773   70.71710 -162.85568     37.154     5.3540     5.3548     5.3512    31.4655    31.4765  1025.0081    24.8356    200.368    187.216  312.95873     64.024     59.827     0.0830     0.1502     1.7570     3.9479 1.0000e-12       4753     3.3000  0.000e+00
     36.781   70.71710 -162.85568     37.162     5.3540     5.3548     5.3512    31.4653    31.4764  1025.0079    24.8355    200.802    187.235  312.95927     64.162     59.833     0.0830     0.1502     1.7570     3.9479 1.0000e-12       4754     3.3007  0.000e+00
     36.727   70.71710 -162.85568     37.107     5.3539     5.3550     5.3511    31.4657    31.4763  1025.0080    24.8358    200.655    187.231  312.95895     64.115     59.832     0.0830     0.1502     1.7582     3.9451 1.0000e-12       4755     3.3014  0.000e+00
     36.781   70.71710 -162.85568     37.162     5.3538     5.3547     5.3511    31.4659    31.4768  1025.0084    24.8360    200.419    187.231  312.95892     64.040     59.832     0.0818     0.1428     1.7582     3.9451 1.0000e-12       4756     3.3021  0.000e+00
     36.773   70.71710 -162.85568     37.154     5.3541     5.3548     5.3514    31.4654    31.4765  1025.0079    24.8355    200.384    187.227  312.95783     64.029     59.831     0.0830     0.1502     1.7582     3.9451 1.0000e-12       4757     3.3028  0.000e+00
     36.781   70.71710 -162.85568     37.162     5.3541     5.3548     5.3514    31.4651    31.4764  1025.0078    24.8353    200.552    187.041  312.95846     64.083     59.772     0.0830     0.1502     1.7582     3.9451 8.4714e-06       4758     3.3035  0.000e+00
     36.727   70.71710 -162.85568     37.107     5.3540     5.3548     5.3512    31.4656    31.4763  1025.0079    24.8358    200.373    187.199  312.95841     64.025     59.822     0.0830     0.1502     1.7582     3.9451 1.0000e-12       4759     3.3042  0.000e+00
     36.773   70.71710 -162.85568     37.154     5.3541     5.3548     5.3514    31.4654    31.4764  1025.0079    24.8355    200.370    187.013  312.95783     64.025     59.763     0.0818     0.1428     1.7582     3.9451 8.4714e-06       4760     3.3049  0.000e+00
     36.781   70.71710 -162.85568     37.162     5.3540     5.3547     5.3513    31.4656    31.4766  1025.0082    24.8358    200.540    186.990  312.95802     64.079     59.755     0.0830     0.1502     1.7570     3.9479 1.0000e-12       4761     3.3056  0.000e+00
     36.781   70.71710 -162.85568     37.162     5.3541     5.3548     5.3514    31.4654    31.4765  1025.0080    24.8355    200.534    186.965  312.95784     64.077     59.747     0.0830     0.1502     1.7582     3.9451 1.0000e-12       4762     3.3062  0.000e+00
     36.727   70.71710 -162.85568     37.107     5.3541     5.3547     5.3514    31.4656    31.4766  1025.0079    24.8357    200.558    186.758  312.95742     64.085     59.681     0.0830     0.1502     1.7570     3.9479 8.4714e-06       4763     3.3069  0.000e+00
     36.773   70.71710 -162.85568     37.154     5.3540     5.3548     5.3512    31.4655    31.4764  1025.0081    24.8357    200.351    186.716  312.95864     64.018     59.668     0.0830     0.1502     1.7570     3.9479 1.0000e-12       4764     3.3076  0.000e+00
     36.781   70.71710 -162.85568     37.162     5.3543     5.3548     5.3515    31.4652    31.4764  1025.0078    24.8354    200.376    186.857  312.95712     64.027     59.713     0.0818     0.1428     1.7582     3.9451 1.0000e-12       4765     3.3083  0.000e+00
     36.781   70.71710 -162.85568     37.162     5.3541     5.3548     5.3514    31.4655    31.4762  1025.0081    24.8357    200.576    186.815  312.95748     64.091     59.699     0.0818     0.1428     1.7546     3.9535 8.4714e-06       4766     3.3090  0.000e+00
     36.719   70.71710 -162.85568     37.099     5.3540     5.3550     5.3513    31.4659    31.4765  1025.0081    24.8360    200.571    186.789  312.95733     64.089     59.691     0.0806     0.1355     1.7497     3.9646 8.4714e-06       4767     3.3097  0.000e+00
     36.781   70.71710 -162.85568     37.162     5.3543     5.3548     5.3515    31.4653    31.4765  1025.0079    24.8355    200.396    186.768  312.95685     64.033     59.684     0.0806     0.1355     1.7485     3.9674 1.0000e-12       4768     3.3104  0.000e+00
     36.727   70.71710 -162.85568     37.107     5.3544     5.3548     5.3517    31.4653    31.4764  1025.0076    24.8354    200.562    186.743  312.95580     64.087     59.676     0.0806     0.1355     1.7485     3.9674 1.0000e-12       4769     3.3111  0.000e+00
