EcoFOCI/data/1_SampleCollection/2023_SikuliaqDBO_CruiseData/CTD_raw_BottleFile_SKQ23-12S/proc/skq202312s_030.ros
* Sea-Bird SBE 9 Data File:
* FileName = D:\CTD\SKQ202312S\SKQ202312S_030.hex
* Software Version Seasave V 7.26.7.121
* Temperature SN = 6177
* Conductivity SN = 0369
* Number of Bytes Per Scan = 41
* Number of Voltage Words = 4
* Number of Scans Averaged by the Deck Unit = 1
* NMEA Latitude = 71 27.31 N
* NMEA Longitude = 157 35.45 W
* NMEA UTC (Time) = Sep 21 2023  07:26:33
* NMEA baud rate = 4800
** Ship: R/V Sikuliaq
** Station Number: 030
** Station Name: DBO5.6
** Bottom Depth: 109
** Operator: SS
# nquan = 22
# nvalues = 1127                                  
# units = specified
# name 0 = depSM: Depth [salt water, m]
# name 1 = latitude: Latitude [deg]
# name 2 = longitude: Longitude [deg]
# name 3 = prDM: Pressure, Digiquartz [db]
# name 4 = t090C: Temperature [ITS-90, deg C]
# name 5 = t190C: Temperature, 2 [ITS-90, deg C]
# name 6 = potemp090C: Potential Temperature [ITS-90, deg C]
# name 7 = sal00: Salinity, Practical [PSU]
# name 8 = sal11: Salinity, Practical, 2 [PSU]
# name 9 = density00: Density [density, kg/m^3]
# name 10 = sigma-é00: Density [sigma-theta, kg/m^3]
# name 11 = sbox0Mm/Kg: Oxygen, SBE 43 [umol/kg]
# name 12 = sbox1Mm/Kg: Oxygen, SBE 43, 2 [umol/kg]
# name 13 = oxsolMm/Kg: Oxygen Saturation, Garcia & Gordon [umol/kg]
# name 14 = sbeox0PS: Oxygen, SBE 43 [% saturation]
# name 15 = v0: Voltage 0
# name 16 = flECO-AFL: Fluorescence, WET Labs ECO-AFL/FL [mg/m^3]
# name 17 = CStarAt0: Beam Attenuation, WET Labs C-Star [1/m]
# name 18 = par: PAR/Irradiance, Biospherical/Licor
# name 19 = scan: Scan Count
# name 20 = nbf: Bottles Fired
# name 21 = flag:  0.000e+00
# interval = seconds: 0.0416667
# start_time = Sep 21 2023 07:30:42 [NMEA time, first data scan]
# bad_flag = -9.990e-29
*END*
[from data line 396]
     30.047   71.45520 -157.58958     30.359    -1.5177    -1.5351    -1.5182    32.3762    32.3797  1026.1881    26.0414    332.639    309.225  369.76368     89.960     0.1258     0.4066     0.5094 1.0000e-12      24259          9  0.000e+00
     30.062   71.45520 -157.58958     30.375    -1.5177    -1.5353    -1.5183    32.3761    32.3797  1026.1881    26.0414    332.517    309.265  369.76435     89.927     0.1270     0.4139     0.5094 1.0000e-12      24260          9  0.000e+00
     30.047   71.45520 -157.58958     30.359    -1.5175    -1.5349    -1.5180    32.3762    32.3797  1026.1881    26.0414    332.558    309.275  369.76136     89.938     0.1258     0.4066     0.5094 8.4714e-06      24261          9  0.000e+00
     30.008   71.45520 -157.58958     30.320    -1.5171    -1.5339    -1.5176    32.3757    32.3788  1026.1875    26.0410    332.397    309.486  369.75919     89.895     0.1270     0.4139     0.5094 1.0000e-12      24262          9  0.000e+00
     30.047   71.45520 -157.58958     30.359    -1.5171    -1.5339    -1.5177    32.3766    32.3796  1026.1884    26.0417    332.250    309.486  369.75675     89.856     0.1282     0.4212     0.5094 1.0000e-12      24263          9  0.000e+00
     30.062   71.45520 -157.58958     30.375    -1.5171    -1.5343    -1.5177    32.3770    32.3807  1026.1888    26.0421    332.116    309.464  369.75540     89.820     0.1392     0.4872     0.5094 1.0000e-12      24264          9  0.000e+00
     30.047   71.45520 -157.58958     30.359    -1.5170    -1.5338    -1.5175    32.3766    32.3809  1026.1884    26.0417    331.944    309.443  369.75559     89.774     0.1453     0.5238     0.5094 1.0000e-12      24265          9  0.000e+00
     30.008   71.45520 -157.58958     30.320    -1.5169    -1.5347    -1.5175    32.3768    32.3816  1026.1884    26.0419    331.733    309.641  369.75438     89.717     0.1441     0.5165     0.5082 1.0000e-12      24266          9  0.000e+00
     30.008   71.45520 -157.58958     30.320    -1.5166    -1.5363    -1.5172    32.3769    32.3835  1026.1884    26.0420    331.536    309.623  369.75129     89.665     0.1441     0.5165     0.5094 1.0000e-12      24267          9  0.000e+00
     30.047   71.45520 -157.58958     30.359    -1.5165    -1.5374    -1.5171    32.3752    32.3836  1026.1873    26.0406    331.570    309.845  369.75485     89.673     0.1441     0.5165     0.5094 1.0000e-12      24268          9  0.000e+00
     30.009   71.45520 -157.58958     30.320    -1.5182    -1.5385    -1.5187    32.3749    32.3843  1026.1868    26.0404    331.371    309.840  369.77266     89.615     0.1441     0.5165     0.5094 1.0000e-12      24269          9  0.000e+00
     30.047   71.45520 -157.58958     30.359    -1.5203    -1.5389    -1.5208    32.3737    32.3842  1026.1861    26.0395    331.197    309.844  369.79673     89.562     0.1441     0.5165     0.5094 1.0000e-12      24270          9  0.000e+00
     30.009   71.45520 -157.58958     30.320    -1.5224    -1.5390    -1.5229    32.3718    32.3841  1026.1845    26.0380    331.088    309.851  369.82294     89.526     0.1441     0.5165     0.5094 1.0000e-12      24271          9  0.000e+00
     29.993   71.45520 -157.58958     30.305    -1.5245    -1.5378    -1.5250    32.3711    32.3835  1026.1839    26.0375    330.637    309.794  369.84631     89.399     0.1453     0.5238     0.5094 1.0000e-12      24272          9  0.000e+00
     30.009   71.45520 -157.58958     30.320    -1.5260    -1.5360    -1.5266    32.3717    32.3826  1026.1845    26.0380    330.667    309.742  369.85993     89.403     0.1441     0.5165     0.5094 1.0000e-12      24273          9  0.000e+00
     29.993   71.45520 -157.58958     30.305    -1.5262    -1.5347    -1.5267    32.3728    32.3824  1026.1853    26.0389    330.489    309.900  369.85805     89.356     0.1441     0.5165     0.5094 1.0000e-12      24274          9  0.000e+00
     30.009   71.45520 -157.58958     30.320    -1.5260    -1.5345    -1.5265    32.3738    32.3828  1026.1862    26.0397    330.281    309.850  369.85327     89.301     0.1429     0.5091     0.5094 1.0000e-12      24275          9  0.000e+00
     30.047   71.45520 -157.58958     30.359    -1.5257    -1.5340    -1.5262    32.3746    32.3826  1026.1870    26.0403    330.045    309.811  369.84811     89.238     0.1441     0.5165     0.5094 1.0000e-12      24276          9  0.000e+00
     30.009   71.45520 -157.58958     30.320    -1.5264    -1.5331    -1.5269    32.3761    32.3825  1026.1881    26.0416    329.836    309.937  369.85061     89.181     0.1429     0.5091     0.5094 1.0000e-12      24277          9  0.000e+00
     29.932   71.45520 -157.58958     30.243    -1.5264    -1.5330    -1.5270    32.3764    32.3834  1026.1879    26.0418    329.647    309.879  369.85036     89.130     0.1441     0.5165     0.5094 1.0000e-12      24278          9  0.000e+00
     30.009   71.45520 -157.58958     30.320    -1.5264    -1.5325    -1.5270    32.3763    32.3832  1026.1882    26.0417    329.440    309.839  369.85063     89.074     0.1429     0.5091     0.5094 1.0000e-12      24279          9  0.000e+00
     29.932   71.45520 -157.58958     30.243    -1.5262    -1.5331    -1.5267    32.3760    32.3839  1026.1876    26.0415    329.251    309.778  369.84853     89.023     0.1441     0.5165     0.5094 1.0000e-12      24280          9  0.000e+00
     30.009   71.45520 -157.58958     30.321    -1.5258    -1.5338    -1.5263    32.3760    32.3842  1026.1880    26.0415    329.044    309.704  369.84455     88.968     0.1441     0.5165     0.5094 8.4714e-06      24281          9  0.000e+00
     29.932   71.45520 -157.58958     30.243    -1.5249    -1.5340    -1.5255    32.3764    32.3843  1026.1879    26.0418    328.802    309.666  369.83541     88.905     0.1441     0.5165     0.5094 1.0000e-12      24282          9  0.000e+00
     30.009   71.45520 -157.58958     30.321    -1.5237    -1.5339    -1.5243    32.3769    32.3844  1026.1887    26.0422    328.591    309.611  369.82180     88.851     0.1441     0.5165     0.5094 1.0000e-12      24283          9  0.000e+00
     29.932   71.45520 -157.58958     30.243    -1.5229    -1.5343    -1.5234    32.3772    32.3847  1026.1885    26.0424    328.358    309.504  369.81240     88.790     0.1441     0.5165     0.5094 8.4714e-06      24284          9  0.000e+00
     29.947   71.45520 -157.58958     30.258    -1.5224    -1.5343    -1.5229    32.3773    32.3847  1026.1886    26.0424    328.111    309.639  369.80702     88.725     0.1441     0.5165     0.5094 1.0000e-12      24285          9  0.000e+00
     29.932   71.45520 -157.58958     30.243    -1.5220    -1.5339    -1.5225    32.3772    32.3841  1026.1885    26.0424    327.897    309.553  369.80364     88.668     0.1429     0.5091     0.5094 1.0000e-12      24286          9  0.000e+00
     29.947   71.45520 -157.58958     30.258    -1.5215    -1.5340    -1.5221    32.3777    32.3842  1026.1889    26.0427    327.714    309.452  369.79777     88.620     0.1441     0.5165     0.5094 1.0000e-12      24287          9  0.000e+00
     29.932   71.45520 -157.58958     30.243    -1.5209    -1.5342    -1.5215    32.3777    32.3841  1026.1889    26.0428    327.772    309.364  369.79130     88.637     0.1441     0.5165     0.5094 1.0000e-12      24288          9  0.000e+00
     29.947   71.45520 -157.58958     30.258    -1.5200    -1.5338    -1.5206    32.3773    32.3833  1026.1886    26.0424    327.394    309.254  369.78382     88.537     0.1429     0.5091     0.5094 1.0000e-12      24289          9  0.000e+00
     29.932   71.45520 -157.58958     30.243    -1.5194    -1.5334    -1.5200    32.3768    32.3835  1026.1881    26.0420    327.213    309.155  369.77899     88.489     0.1429     0.5091     0.5094 1.0000e-12      24290          9  0.000e+00
     29.893   71.45520 -157.58958     30.204    -1.5188    -1.5351    -1.5194    32.3764    32.3852  1026.1876    26.0417    327.068    309.056  369.77437     88.451     0.1416     0.5018     0.5094 1.0000e-12      24291          9  0.000e+00
     29.947   71.45520 -157.58958     30.258    -1.5189    -1.5358    -1.5194    32.3768    32.3852  1026.1881    26.0419    326.920    308.937  369.77398     88.411     0.1416     0.5018     0.5082 1.0000e-12      24292          9  0.000e+00
     29.878   71.45520 -157.58958     30.188    -1.5185    -1.5348    -1.5190    32.3762    32.3841  1026.1873    26.0415    326.752    308.815  369.77162     88.366     0.1416     0.5018     0.5058 1.0000e-12      24293          9  0.000e+00
     29.947   71.45520 -157.58958     30.258    -1.5185    -1.5348    -1.5190    32.3759    32.3835  1026.1873    26.0412    326.580    308.920  369.77262     88.319     0.1416     0.5018     0.5047 1.0000e-12      24294          9  0.000e+00
     29.878   71.45520 -157.58956     30.188    -1.5183    -1.5349    -1.5189    32.3761    32.3835  1026.1872    26.0414    326.439    308.838  369.77019     88.282     0.1404     0.4945     0.5047 1.0000e-12      24295          9  0.000e+00
     29.893   71.45520 -157.58956     30.204    -1.5177    -1.5340    -1.5183    32.3756    32.3825  1026.1869    26.0410    326.288    308.736  369.76580     88.242     0.1416     0.5018     0.5058 1.0000e-12      24296          9  0.000e+00
     29.932   71.45520 -157.58956     30.243    -1.5179    -1.5330    -1.5185    32.3753    32.3828  1026.1868    26.0407    326.395    308.614  369.76843     88.270     0.1404     0.4945     0.5058 1.0000e-12      24297          9  0.000e+00
     29.893   71.45520 -157.58956     30.204    -1.5184    -1.5322    -1.5189    32.3764    32.3830  1026.1875    26.0416    326.069    308.510  369.76999     88.181     0.1416     0.5018     0.5047 1.0000e-12      24298          9  0.000e+00
     29.878   71.45520 -157.58956     30.188    -1.5181    -1.5330    -1.5187    32.3770    32.3843  1026.1879    26.0421    326.197    308.437  369.76588     88.217     0.1416     0.5018     0.5047 1.0000e-12      24299          9  0.000e+00
     29.832   71.45520 -157.58956     30.142    -1.5170    -1.5325    -1.5175    32.3775    32.3844  1026.1881    26.0425    325.836    308.308  369.75295     88.123     0.1404     0.4945     0.5058 1.0000e-12      24300          9  0.000e+00
     29.932   71.45520 -157.58956     30.243    -1.5159    -1.5316    -1.5164    32.3776    32.3838  1026.1886    26.0425    326.202    308.200  369.74168     88.224     0.1416     0.5018     0.5047 1.0000e-12      24301          9  0.000e+00
     29.832   71.45520 -157.58956     30.142    -1.5151    -1.5322    -1.5157    32.3769    32.3841  1026.1875    26.0419    325.876    308.117  369.73628     88.137     0.1404     0.4945     0.5047 1.0000e-12      24302          9  0.000e+00
     29.878   71.45520 -157.58956     30.189    -1.5147    -1.5322    -1.5152    32.3763    32.3832  1026.1873    26.0415    325.550    308.026  369.73336     88.050     0.1416     0.5018     0.5047 1.0000e-12      24303          9  0.000e+00
     30.220   71.45518 -157.58956     30.534    -1.5174    -1.5151    -1.5179    32.3842    32.3914  1026.1955    26.0480    341.505    321.678  369.73719     92.364     0.1429     0.5091     0.5247 1.0000e-12      24449         10  0.000e+00
     30.182   71.45518 -157.58956     30.495    -1.5166    -1.5150    -1.5172    32.3837    32.3913  1026.1948    26.0475    341.681    321.732  369.73141     92.413     0.1441     0.5165     0.5247 8.4714e-06      24450         10  0.000e+00
     30.166   71.45518 -157.58956     30.480    -1.5161    -1.5151    -1.5166    32.3836    32.3919  1026.1946    26.0474    341.666    321.759  369.72596     92.411     0.1441     0.5165     0.5247 1.0000e-12      24451         10  0.000e+00
     30.182   71.45518 -157.58956     30.495    -1.5157    -1.5145    -1.5163    32.3840    32.3919  1026.1950    26.0477    341.621    322.019  369.72126     92.400     0.1441     0.5165     0.5247 8.4714e-06      24452         10  0.000e+00
     30.166   71.45518 -157.58956     30.480    -1.5150    -1.5129    -1.5155    32.3836    32.3907  1026.1946    26.0474    341.797    322.047  369.71501     92.449     0.1441     0.5165     0.5247 8.4714e-06      24453         10  0.000e+00
     30.120   71.45518 -157.58956     30.433    -1.5141    -1.5119    -1.5146    32.3835    32.3906  1026.1943    26.0473    341.777    322.311  369.70590     92.446     0.1429     0.5091     0.5212 1.0000e-12      24454         10  0.000e+00
     30.182   71.45518 -157.58956     30.495    -1.5128    -1.5119    -1.5134    32.3836    32.3904  1026.1946    26.0473    341.725    322.596  369.69378     92.435     0.1441     0.5165     0.5176 1.0000e-12      24455         10  0.000e+00
     30.104   71.45518 -157.58956     30.417    -1.5115    -1.5129    -1.5120    32.3831    32.3915  1026.1939    26.0469    341.892    322.659  369.68124     92.483     0.1441     0.5165     0.5164 1.0000e-12      24456         10  0.000e+00
     30.120   71.45518 -157.58956     30.433    -1.5107    -1.5124    -1.5113    32.3838    32.3916  1026.1945    26.0475    341.822    322.945  369.67179     92.466     0.1441     0.5165     0.5164 1.0000e-12      24457         10  0.000e+00
     30.166   71.45518 -157.58956     30.480    -1.5098    -1.5111    -1.5103    32.3834    32.3915  1026.1943    26.0471    341.772    323.001  369.66373     92.455     0.1429     0.5091     0.5164 1.0000e-12      24458         10  0.000e+00
     30.066   71.45518 -157.58956     30.378    -1.5089    -1.5115    -1.5094    32.3830    32.3923  1026.1935    26.0467    341.734    323.266  369.65591     92.446     0.1441     0.5165     0.5164 1.0000e-12      24459         10  0.000e+00
     30.166   71.45518 -157.58956     30.480    -1.5081    -1.5119    -1.5086    32.3826    32.3929  1026.1936    26.0464    341.933    323.314  369.64886     92.502     0.1441     0.5165     0.5164 1.0000e-12      24460         10  0.000e+00
     30.066   71.45518 -157.58956     30.378    -1.5076    -1.5107    -1.5081    32.3824    32.3924  1026.1929    26.0462    341.885    323.310  369.64505     92.490     0.1441     0.5165     0.5164 8.4714e-06      24461         10  0.000e+00
     30.104   71.45520 -157.58954     30.417    -1.5068    -1.5095    -1.5073    32.3816    32.3914  1026.1925    26.0456    341.964    323.777  369.63914     92.513     0.1441     0.5165     0.5164 1.0000e-12      24462         10  0.000e+00
     30.120   71.45520 -157.58954     30.433    -1.5067    -1.5092    -1.5073    32.3816    32.3914  1026.1926    26.0456    341.695    323.857  369.63852     92.440     0.1441     0.5165     0.5164 1.0000e-12      24463         10  0.000e+00
     30.105   71.45520 -157.58954     30.417    -1.5066    -1.5099    -1.5071    32.3819    32.3921  1026.1927    26.0458    341.859    324.145  369.63607     92.485     0.1441     0.5165     0.5164 1.0000e-12      24464         10  0.000e+00
     30.066   71.45520 -157.58954     30.378    -1.5063    -1.5104    -1.5069    32.3814    32.3920  1026.1921    26.0454    341.834    324.203  369.63531     92.479     0.1429     0.5091     0.5164 1.0000e-12      24465         10  0.000e+00
     30.051   71.45520 -157.58954     30.363    -1.5069    -1.5116    -1.5074    32.3814    32.3926  1026.1921    26.0454    341.785    324.466  369.64031     92.464     0.1441     0.5165     0.5164 1.0000e-12      24466         10  0.000e+00
     30.066   71.45520 -157.58954     30.378    -1.5067    -1.5124    -1.5073    32.3798    32.3930  1026.1909    26.0441    341.963    324.531  369.64382     92.512     0.1429     0.5091     0.5164 1.0000e-12      24467         10  0.000e+00
