EcoFOCI/data/1_SampleCollection/2023_SikuliaqDBO_CruiseData/CTD_raw_BottleFile_SKQ23-12S/proc/skq202312s_078svpavg.cnv
* Sea-Bird SBE 9 Data File:
* FileName = D:\CTD\SKQ202312S\SKQ202312S_078.hex
* Software Version Seasave V 7.26.7.121
* Temperature SN = 6177
* Conductivity SN = 0369
* Number of Bytes Per Scan = 41
* Number of Voltage Words = 4
* Number of Scans Averaged by the Deck Unit = 1
* NMEA Latitude = 65 45.65 N
* NMEA Longitude = 168 44.60 W
* NMEA UTC (Time) = Oct 03 2023  06:14:15
* NMEA baud rate = 4800
** Ship: R/V Sikuliaq
** Station Number: 078
** Station Name: BS7
** Bottom Depth: 53
** Operator: SD
# nquan = 7
# nvalues = 46                          
# units = specified
# name 0 = depSM: Depth [salt water, m]
# name 1 = latitude: Latitude [deg]
# name 2 = longitude: Longitude [deg]
# name 3 = t090C: Temperature [ITS-90, deg C]
# name 4 = sal00: Salinity, Practical [PSU]
# name 5 = svCM: Sound Velocity [Chen-Millero, m/s]
# name 6 = flag: flag
# span 0 =      3.000,     48.000       
# span 1 =   65.76066,   65.76074       
# span 2 = -168.74416, -168.74384       
# span 3 =     2.8561,     5.9232       
# span 4 =    27.4233,    32.8741       
# span 5 =    1459.33,    1469.80       
# span 6 = 0.0000e+00, 0.0000e+00       
# interval = meters: 1                  
# start_time = Oct 03 2023 06:17:41 [NMEA time, first data scan]
# bad_flag = -9.990e-29
*END*
      3.000   65.76074 -168.74384     5.9090    27.6660    1465.18 0.0000e+00
      4.000   65.76074 -168.74386     5.9205    27.4741    1465.00 0.0000e+00
      5.000   65.76073 -168.74386     5.9232    27.4233    1464.96 0.0000e+00
      6.000   65.76072 -168.74386     5.9227    27.4662    1465.03 0.0000e+00
      7.000   65.76072 -168.74388     5.8982    28.0095    1465.63 0.0000e+00
      8.000   65.76072 -168.74388     5.6853    30.3022    1467.68 0.0000e+00
      9.000   65.76072 -168.74388     5.7958    31.6107    1469.80 0.0000e+00
     10.000   65.76072 -168.74390     5.7112    31.7664    1469.67 0.0000e+00
     11.000   65.76070 -168.74392     5.6597    31.8058    1469.53 0.0000e+00
     12.000   65.76070 -168.74393     5.5723    31.8355    1469.23 0.0000e+00
     13.000   65.76070 -168.74395     5.3893    31.8481    1468.52 0.0000e+00
     14.000   65.76070 -168.74396     4.9957    31.9189    1467.02 0.0000e+00
     15.000   65.76070 -168.74397     4.8089    31.9572    1466.32 0.0000e+00
     16.000   65.76070 -168.74398     4.6462    31.9647    1465.67 0.0000e+00
     17.000   65.76070 -168.74398     4.4276    31.9799    1464.80 0.0000e+00
     18.000   65.76070 -168.74399     4.1882    32.0169    1463.87 0.0000e+00
     19.000   65.76070 -168.74400     3.9626    32.1198    1463.07 0.0000e+00
     20.000   65.76070 -168.74400     3.8894    32.2551    1462.96 0.0000e+00
     21.000   65.76068 -168.74402     3.5294    32.4110    1461.65 0.0000e+00
     22.000   65.76068 -168.74402     3.2307    32.4778    1460.48 0.0000e+00
     23.000   65.76068 -168.74402     3.0856    32.5278    1459.94 0.0000e+00
     24.000   65.76068 -168.74403     3.0300    32.5391    1459.74 0.0000e+00
     25.000   65.76068 -168.74404     2.9376    32.5691    1459.39 0.0000e+00
     26.000   65.76068 -168.74404     2.9288    32.5802    1459.39 0.0000e+00
     27.000   65.76068 -168.74404     2.9243    32.5840    1459.39 0.0000e+00
     28.000   65.76068 -168.74406     2.8997    32.6332    1459.36 0.0000e+00
     29.000   65.76068 -168.74406     2.8573    32.7359    1459.33 0.0000e+00
     30.000   65.76068 -168.74406     2.8561    32.7637    1459.38 0.0000e+00
     31.000   65.76068 -168.74408     2.8650    32.7844    1459.46 0.0000e+00
     32.000   65.76068 -168.74408     2.8743    32.8016    1459.54 0.0000e+00
     33.000   65.76068 -168.74408     2.8803    32.8101    1459.59 0.0000e+00
     34.000   65.76068 -168.74408     2.8861    32.8175    1459.64 0.0000e+00
     35.000   65.76068 -168.74409     2.8970    32.8269    1459.72 0.0000e+00
     36.000   65.76068 -168.74410     2.9165    32.8404    1459.84 0.0000e+00
     37.000   65.76068 -168.74410     2.9330    32.8480    1459.93 0.0000e+00
     38.000   65.76068 -168.74410     2.9409    32.8525    1459.99 0.0000e+00
     39.000   65.76067 -168.74410     2.9470    32.8555    1460.04 0.0000e+00
     40.000   65.76066 -168.74410     2.9501    32.8569    1460.07 0.0000e+00
     41.000   65.76068 -168.74410     2.9523    32.8580    1460.10 0.0000e+00
     42.000   65.76066 -168.74410     2.9553    32.8586    1460.13 0.0000e+00
     43.000   65.76066 -168.74410     2.9603    32.8611    1460.17 0.0000e+00
     44.000   65.76066 -168.74412     2.9699    32.8682    1460.23 0.0000e+00
     45.000   65.76066 -168.74412     2.9725    32.8701    1460.26 0.0000e+00
     46.000   65.76066 -168.74412     2.9747    32.8714    1460.29 0.0000e+00
     47.000   65.76066 -168.74413     2.9764    32.8718    1460.32 0.0000e+00
     48.000   65.76066 -168.74416     2.9781    32.8741    1460.34 0.0000e+00
