EcoFOCI/data/1_SampleCollection/2023_SikuliaqDBO_CruiseData/CTD_raw_BottleFile_SKQ23-12S/proc/skq202312s_067svp.cnv
* Sea-Bird SBE 9 Data File:
* FileName = D:\CTD\SKQ202312S\SKQ202312S_067.hex
* Software Version Seasave V 7.26.7.121
* Temperature SN = 6177
* Conductivity SN = 0369
* Number of Bytes Per Scan = 41
* Number of Voltage Words = 4
* Number of Scans Averaged by the Deck Unit = 1
* NMEA Latitude = 72 18.60 N
* NMEA Longitude = 167 16.17 W
* NMEA UTC (Time) = Sep 28 2023  14:28:44
* NMEA baud rate = 4800
** Ship: R/V Sikuliaq
** Station Number: 067
** Station Name: C15
** Bottom Depth: 49
** Operator: SD
# nquan = 7
# nvalues = 4750                                  
# units = specified
# name 0 = depSM: Depth [salt water, m]
# name 1 = latitude: Latitude [deg]
# name 2 = longitude: Longitude [deg]
# name 3 = t090C: Temperature [ITS-90, deg C]
# name 4 = sal00: Salinity, Practical [PSU]
# name 5 = svCM: Sound Velocity [Chen-Millero, m/s]
# name 6 = flag:  0.000e+00
# span 0 =      2.138,     43.455                 
# span 1 =   72.30998,   72.31000                 
# span 2 = -167.26968, -167.26960                 
# span 3 =     0.6998,     4.8995                 
# span 4 =    30.7280,    32.5134                 
# span 5 =    1449.55,    1467.16                 
# span 6 = 0.0000e+00, 0.0000e+00                 
# interval = seconds: 0.0416667
# start_time = Sep 28 2023 14:32:23 [NMEA time, first data scan]
# bad_flag = -9.990e-29
*END*
[from data line 3488]
     37.904   72.31000 -167.26964     1.0205    32.4422    1451.00  0.000e+00
     37.950   72.31000 -167.26964     1.0315    32.4322    1451.03  0.000e+00
     37.904   72.31000 -167.26964     1.0411    32.4229    1451.06  0.000e+00
     37.904   72.31000 -167.26964     1.0424    32.4177    1451.06  0.000e+00
     37.896   72.31000 -167.26964     1.0355    32.4160    1451.03  0.000e+00
     37.965   72.31000 -167.26964     1.0279    32.4176    1451.00  0.000e+00
     37.965   72.31000 -167.26964     1.0228    32.4259    1450.99  0.000e+00
     37.965   72.31000 -167.26964     1.0250    32.4296    1451.00  0.000e+00
     37.950   72.31000 -167.26964     1.0384    32.4199    1451.05  0.000e+00
     37.965   72.31000 -167.26964     1.0613    32.4017    1451.13  0.000e+00
     37.904   72.31000 -167.26964     1.0855    32.3876    1451.22  0.000e+00
     37.950   72.31000 -167.26964     1.1063    32.3851    1451.31  0.000e+00
     37.965   72.31000 -167.26964     1.1209    32.3858    1451.37  0.000e+00
     37.904   72.31000 -167.26964     1.1285    32.3860    1451.41  0.000e+00
     37.896   72.31000 -167.26964     1.1331    32.3828    1451.42  0.000e+00
     37.965   72.31000 -167.26964     1.1355    32.3796    1451.43  0.000e+00
     37.903   72.31000 -167.26964     1.1367    32.3753    1451.43  0.000e+00
     37.896   72.31000 -167.26964     1.1362    32.3662    1451.42  0.000e+00
     37.965   72.31000 -167.26964     1.1322    32.3600    1451.39  0.000e+00
     37.903   72.31000 -167.26964     1.1276    32.3573    1451.37  0.000e+00
     37.950   72.31000 -167.26964     1.1219    32.3586    1451.34  0.000e+00
     37.903   72.31000 -167.26964     1.1159    32.3618    1451.32  0.000e+00
     37.903   72.31000 -167.26964     1.1106    32.3660    1451.30  0.000e+00
     37.903   72.31000 -167.26964     1.1066    32.3712    1451.29  0.000e+00
     37.950   72.31000 -167.26964     1.1043    32.3743    1451.28  0.000e+00
     37.903   72.31000 -167.26964     1.1026    32.3753    1451.28  0.000e+00
     37.903   72.31000 -167.26964     1.1016    32.3753    1451.27  0.000e+00
     37.896   72.31000 -167.26964     1.1001    32.3746    1451.26  0.000e+00
     37.849   72.31000 -167.26964     1.0964    32.3726    1451.24  0.000e+00
     37.903   72.31000 -167.26964     1.0911    32.3666    1451.21  0.000e+00
     37.895   72.31000 -167.26964     1.0851    32.3626    1451.18  0.000e+00
     37.849   72.31000 -167.26964     1.0803    32.3571    1451.15  0.000e+00
     37.849   72.31000 -167.26964     1.0736    32.3549    1451.12  0.000e+00
     37.841   72.31000 -167.26964     1.0658    32.3570    1451.09  0.000e+00
     37.849   72.31000 -167.26964     1.0587    32.3611    1451.06  0.000e+00
     37.849   72.31000 -167.26964     1.0524    32.3646    1451.04  0.000e+00
     37.841   72.31000 -167.26964     1.0470    32.3667    1451.01  0.000e+00
     37.849   72.31000 -167.26964     1.0417    32.3715    1451.00  0.000e+00
     37.849   72.31000 -167.26964     1.0374    32.3724    1450.98  0.000e+00
     37.841   72.31000 -167.26964     1.0332    32.3680    1450.95  0.000e+00
     37.795   72.31000 -167.26964     1.0277    32.3666    1450.93  0.000e+00
     37.849   72.31000 -167.26964     1.0228    32.3694    1450.91  0.000e+00
     37.726   72.31000 -167.26964     1.0187    32.3737    1450.89  0.000e+00
     37.849   72.31000 -167.26964     1.0148    32.3757    1450.88  0.000e+00
     37.795   72.31000 -167.26964     1.0120    32.3749    1450.87  0.000e+00
     37.795   72.31000 -167.26964     1.0083    32.3746    1450.85  0.000e+00
     37.779   72.31000 -167.26964     1.0050    32.3749    1450.83  0.000e+00
     37.733   72.31000 -167.26964     1.0022    32.3759    1450.82  0.000e+00
     37.795   72.31000 -167.26964     0.9994    32.3772    1450.81  0.000e+00
     37.725   72.31000 -167.26964     0.9971    32.3766    1450.80  0.000e+00
     37.733   72.31000 -167.26964     0.9940    32.3767    1450.79  0.000e+00
     37.733   72.31000 -167.26964     0.9908    32.3802    1450.78  0.000e+00
     37.725   72.30998 -167.26964     0.9888    32.3807    1450.77  0.000e+00
     37.795   72.30998 -167.26964     0.9872    32.3803    1450.76  0.000e+00
     37.679   72.30998 -167.26964     0.9857    32.3809    1450.75  0.000e+00
     37.725   72.30998 -167.26964     0.9840    32.3794    1450.74  0.000e+00
     37.679   72.30998 -167.26964     0.9809    32.3737    1450.72  0.000e+00
     37.733   72.30998 -167.26964     0.9754    32.3686    1450.69  0.000e+00
     37.725   72.30998 -167.26964     0.9696    32.3680    1450.66  0.000e+00
     37.679   72.30998 -167.26964     0.9637    32.3716    1450.64  0.000e+00
     37.679   72.30998 -167.26964     0.9594    32.3748    1450.63  0.000e+00
     37.663   72.30998 -167.26964     0.9574    32.3769    1450.62  0.000e+00
     37.679   72.30998 -167.26964     0.9551    32.3776    1450.61  0.000e+00
     37.679   72.30998 -167.26964     0.9528    32.3790    1450.60  0.000e+00
     37.663   72.30998 -167.26964     0.9503    32.3806    1450.59  0.000e+00
     37.679   72.30998 -167.26964     0.9482    32.3823    1450.59  0.000e+00
     37.617   72.30998 -167.26964     0.9465    32.3834    1450.58  0.000e+00
     37.679   72.30998 -167.26964     0.9449    32.3859    1450.58  0.000e+00
     37.609   72.30998 -167.26964     0.9441    32.3875    1450.57  0.000e+00
     37.617   72.30998 -167.26964     0.9435    32.3878    1450.57  0.000e+00
     37.679   72.30998 -167.26964     0.9424    32.3888    1450.57  0.000e+00
     37.609   72.30998 -167.26964     0.9421    32.3881    1450.56  0.000e+00
     37.617   72.30998 -167.26964     0.9420    32.3883    1450.56  0.000e+00
     37.679   72.30998 -167.26964     0.9420    32.3880    1450.57  0.000e+00
     37.609   72.30998 -167.26964     0.9421    32.3878    1450.56  0.000e+00
     37.617   72.30998 -167.26964     0.9424    32.3878    1450.57  0.000e+00
     37.617   72.30998 -167.26964     0.9421    32.3885    1450.57  0.000e+00
     37.609   72.30998 -167.26964     0.9416    32.3895    1450.56  0.000e+00
     37.617   72.30998 -167.26964     0.9415    32.3904    1450.57  0.000e+00
     37.617   72.30998 -167.26964     0.9413    32.3911    1450.57  0.000e+00
     37.609   72.30998 -167.26964     0.9416    32.3917    1450.57  0.000e+00
     37.617   72.30998 -167.26964     0.9421    32.3917    1450.57  0.000e+00
     37.617   72.30998 -167.26964     0.9430    32.3908    1450.57  0.000e+00
     37.609   72.30998 -167.26964     0.9438    32.3898    1450.57  0.000e+00
     37.617   72.30998 -167.26964     0.9449    32.3886    1450.58  0.000e+00
     37.617   72.30998 -167.26964     0.9459    32.3876    1450.58  0.000e+00
     37.609   72.30998 -167.26964     0.9463    32.3866    1450.58  0.000e+00
     37.617   72.30998 -167.26964     0.9457    32.3888    1450.58  0.000e+00
     37.617   72.30998 -167.26964     0.9461    32.3905    1450.59  0.000e+00
     37.609   72.30998 -167.26964     0.9468    32.3914    1450.59  0.000e+00
     37.617   72.30998 -167.26964     0.9472    32.3915    1450.59  0.000e+00
     37.678   72.30998 -167.26964     0.9477    32.3919    1450.60  0.000e+00
     37.609   72.30998 -167.26964     0.9485    32.3912    1450.60  0.000e+00
     37.616   72.30998 -167.26964     0.9496    32.3902    1450.60  0.000e+00
     37.678   72.30998 -167.26964     0.9501    32.3891    1450.60  0.000e+00
     37.616   72.30998 -167.26964     0.9501    32.3889    1450.60  0.000e+00
     37.663   72.30998 -167.26964     0.9502    32.3894    1450.60  0.000e+00
     37.678   72.30998 -167.26964     0.9503    32.3901    1450.61  0.000e+00
     37.678   72.30998 -167.26964     0.9511    32.3904    1450.61  0.000e+00
     37.663   72.30998 -167.26964     0.9516    32.3916    1450.61  0.000e+00
     37.616   72.30998 -167.26964     0.9525    32.3931    1450.62  0.000e+00
     37.678   72.30998 -167.26964     0.9539    32.3938    1450.63  0.000e+00
     37.724   72.30998 -167.26964     0.9552    32.3936    1450.63  0.000e+00
     37.678   72.30998 -167.26964     0.9559    32.3947    1450.64  0.000e+00
     37.678   72.30998 -167.26964     0.9567    32.3966    1450.64  0.000e+00
     37.724   72.30998 -167.26964     0.9591    32.3973    1450.66  0.000e+00
     37.732   72.30998 -167.26964     0.9616    32.3994    1450.67  0.000e+00
     37.732   72.30998 -167.26964     0.9650    32.4018    1450.69  0.000e+00
     37.724   72.30998 -167.26964     0.9697    32.4023    1450.71  0.000e+00
     37.732   72.30998 -167.26964     0.9740    32.4028    1450.73  0.000e+00
     37.732   72.30998 -167.26964     0.9783    32.4030    1450.75  0.000e+00
     37.778   72.30998 -167.26964     0.9829    32.4016    1450.77  0.000e+00
     37.732   72.30998 -167.26964     0.9872    32.3949    1450.78  0.000e+00
     37.793   72.30998 -167.26964     0.9896    32.3846    1450.78  0.000e+00
     37.778   72.30998 -167.26964     0.9880    32.3816    1450.77  0.000e+00
     37.793   72.30998 -167.26964     0.9865    32.3852    1450.76  0.000e+00
     37.847   72.30998 -167.26964     0.9871    32.3902    1450.77  0.000e+00
     37.778   72.30998 -167.26964     0.9896    32.3948    1450.79  0.000e+00
     37.847   72.30998 -167.26964     0.9934    32.3956    1450.81  0.000e+00
     37.847   72.30998 -167.26964     0.9973    32.3942    1450.83  0.000e+00
     37.793   72.30998 -167.26964     1.0005    32.3920    1450.84  0.000e+00
     37.894   72.30998 -167.26964     1.0029    32.3896    1450.85  0.000e+00
     37.793   72.30998 -167.26964     1.0043    32.3869    1450.85  0.000e+00
     37.901   72.30998 -167.26964     1.0045    32.3808    1450.84  0.000e+00
     37.894   72.30998 -167.26964     1.0028    32.3709    1450.82  0.000e+00
     37.901   72.30998 -167.26964     0.9973    32.3630    1450.79  0.000e+00
     37.847   72.30998 -167.26964     0.9893    32.3577    1450.74  0.000e+00
     37.947   72.30998 -167.26964     0.9787    32.3562    1450.69  0.000e+00
     37.901   72.30998 -167.26964     0.9654    32.3606    1450.64  0.000e+00
     37.901   72.30998 -167.26964     0.9541    32.3687    1450.60  0.000e+00
     37.947   72.30998 -167.26964     0.9477    32.3821    1450.59  0.000e+00
     37.901   72.30998 -167.26964     0.9465    32.3952    1450.60  0.000e+00
     37.963   72.30998 -167.26964     0.9491    32.4006    1450.62  0.000e+00
     37.947   72.30998 -167.26964     0.9532    32.3985    1450.63  0.000e+00
     37.963   72.30998 -167.26964     0.9556    32.3927    1450.64  0.000e+00
     37.963   72.30998 -167.26964     0.9578    32.3892    1450.64  0.000e+00
     38.009   72.30998 -167.26964     0.9582    32.3903    1450.65  0.000e+00
     37.963   72.30998 -167.26964     0.9583    32.3908    1450.65  0.000e+00
     37.963   72.30998 -167.26964     0.9586    32.3905    1450.65  0.000e+00
     38.017   72.30998 -167.26964     0.9593    32.3899    1450.65  0.000e+00
     38.009   72.30998 -167.26964     0.9605    32.3861    1450.65  0.000e+00
     37.963   72.30998 -167.26964     0.9602    32.3817    1450.64  0.000e+00
     38.017   72.30998 -167.26964     0.9583    32.3789    1450.63  0.000e+00
     38.063   72.30998 -167.26964     0.9556    32.3795    1450.62  0.000e+00
     38.017   72.30998 -167.26964     0.9536    32.3804    1450.61  0.000e+00
     37.962   72.30998 -167.26964     0.9511    32.3825    1450.60  0.000e+00
     38.063   72.30998 -167.26964     0.9488    32.3846    1450.60  0.000e+00
     38.016   72.30998 -167.26964     0.9472    32.3856    1450.59  0.000e+00
     38.016   72.30998 -167.26964     0.9465    32.3822    1450.58  0.000e+00
     38.063   72.30998 -167.26964     0.9447    32.3825    1450.58  0.000e+00
     38.016   72.30998 -167.26964     0.9428    32.3832    1450.57  0.000e+00
     38.016   72.30998 -167.26964     0.9414    32.3810    1450.56  0.000e+00
     38.063   72.30998 -167.26964     0.9413    32.3753    1450.55  0.000e+00
     38.016   72.30998 -167.26964     0.9398    32.3738    1450.54  0.000e+00
     38.078   72.30998 -167.26964     0.9359    32.3794    1450.53  0.000e+00
     38.016   72.30998 -167.26964     0.9318    32.3899    1450.53  0.000e+00
     38.063   72.30998 -167.26964     0.9312    32.3979    1450.54  0.000e+00
     38.016   72.30998 -167.26964     0.9322    32.4043    1450.55  0.000e+00
     38.078   72.30998 -167.26964     0.9353    32.4081    1450.57  0.000e+00
     38.062   72.30998 -167.26964     0.9400    32.4092    1450.59  0.000e+00
     38.016   72.30998 -167.26964     0.9466    32.4059    1450.62  0.000e+00
     38.016   72.30998 -167.26964     0.9522    32.4025    1450.64  0.000e+00
     38.062   72.30998 -167.26964     0.9571    32.3994    1450.66  0.000e+00
     38.016   72.30998 -167.26964     0.9610    32.3975    1450.67  0.000e+00
     38.016   72.30998 -167.26964     0.9644    32.3959    1450.68  0.000e+00
     38.062   72.30998 -167.26964     0.9670    32.3934    1450.69  0.000e+00
     38.016   72.30998 -167.26964     0.9699    32.3901    1450.70  0.000e+00
     38.016   72.30998 -167.26964     0.9725    32.3874    1450.71  0.000e+00
     38.008   72.30998 -167.26964     0.9735    32.3868    1450.71  0.000e+00
     38.016   72.30998 -167.26964     0.9748    32.3875    1450.72  0.000e+00
     38.016   72.30998 -167.26964     0.9761    32.3874    1450.72  0.000e+00
     38.016   72.30998 -167.26964     0.9770    32.3871    1450.73  0.000e+00
     38.008   72.30998 -167.26964     0.9786    32.3856    1450.73  0.000e+00
     37.962   72.30998 -167.26964     0.9796    32.3828    1450.73  0.000e+00
     38.016   72.30998 -167.26964     0.9798    32.3806    1450.73  0.000e+00
     37.946   72.30998 -167.26964     0.9790    32.3804    1450.73  0.000e+00
     38.016   72.30998 -167.26964     0.9782    32.3829    1450.73  0.000e+00
     37.962   72.30998 -167.26964     0.9777    32.3855    1450.73  0.000e+00
     37.946   72.30998 -167.26964     0.9773    32.3869    1450.73  0.000e+00
     37.962   72.30998 -167.26964     0.9773    32.3872    1450.73  0.000e+00
     37.900   72.30998 -167.26964     0.9776    32.3880    1450.73  0.000e+00
     37.946   72.30998 -167.26964     0.9777    32.3879    1450.73  0.000e+00
     37.962   72.30998 -167.26964     0.9784    32.3876    1450.73  0.000e+00
     37.900   72.30998 -167.26964     0.9789    32.3874    1450.73  0.000e+00
     37.892   72.30998 -167.26964     0.9793    32.3865    1450.74  0.000e+00
     37.900   72.30998 -167.26964     0.9792    32.3860    1450.73  0.000e+00
     37.900   72.30998 -167.26964     0.9795    32.3854    1450.73  0.000e+00
     37.838   72.30998 -167.26964     0.9792    32.3856    1450.73  0.000e+00
     37.962   72.30998 -167.26964     0.9790    32.3851    1450.73  0.000e+00
     37.846   72.30998 -167.26964     0.9790    32.3852    1450.73  0.000e+00
     37.846   72.30998 -167.26964     0.9790    32.3855    1450.73  0.000e+00
     37.892   72.30998 -167.26964     0.9790    32.3859    1450.73  0.000e+00
     37.792   72.30998 -167.26964     0.9793    32.3858    1450.73  0.000e+00
     37.846   72.30998 -167.26964     0.9796    32.3857    1450.74  0.000e+00
     37.838   72.30998 -167.26964     0.9795    32.3851    1450.73  0.000e+00
     37.792   72.30998 -167.26964     0.9794    32.3838    1450.73  0.000e+00
     37.846   72.30998 -167.26964     0.9787    32.3835    1450.73  0.000e+00
     37.776   72.30998 -167.26964     0.9783    32.3838    1450.73  0.000e+00
     37.792   72.30998 -167.26964     0.9778    32.3845    1450.72  0.000e+00
     37.730   72.30998 -167.26964     0.9781    32.3838    1450.72  0.000e+00
     37.776   72.30998 -167.26964     0.9773    32.3830    1450.72  0.000e+00
     37.792   72.30998 -167.26964     0.9764    32.3791    1450.71  0.000e+00
     37.730   72.30998 -167.26964     0.9738    32.3763    1450.69  0.000e+00
     37.722   72.30998 -167.26964     0.9707    32.3748    1450.68  0.000e+00
