EcoFOCI/data/1_SampleCollection/2023_SikuliaqDBO_CruiseData/CTD_raw_BottleFile_SKQ23-12S/proc/skq202312s_036.ros
* Sea-Bird SBE 9 Data File:
* FileName = D:\CTD\SKQ202312S\SKQ202312S_036.hex
* Software Version Seasave V 7.26.7.121
* Temperature SN = 6177
* Conductivity SN = 0369
* Number of Bytes Per Scan = 41
* Number of Voltage Words = 4
* Number of Scans Averaged by the Deck Unit = 1
* NMEA Latitude = 72 27.93 N
* NMEA Longitude = 156 32.77 W
* NMEA UTC (Time) = Sep 22 2023  14:08:00
* NMEA baud rate = 4800
** Ship: R/V Sikuliaq
** Station Number: 036
** Station Name: CK9
** Bottom Depth: 990
** Operator: SD
# nquan = 22
# nvalues = 1176                                  
# units = specified
# name 0 = depSM: Depth [salt water, m]
# name 1 = latitude: Latitude [deg]
# name 2 = longitude: Longitude [deg]
# name 3 = prDM: Pressure, Digiquartz [db]
# name 4 = t090C: Temperature [ITS-90, deg C]
# name 5 = t190C: Temperature, 2 [ITS-90, deg C]
# name 6 = potemp090C: Potential Temperature [ITS-90, deg C]
# name 7 = sal00: Salinity, Practical [PSU]
# name 8 = sal11: Salinity, Practical, 2 [PSU]
# name 9 = density00: Density [density, kg/m^3]
# name 10 = sigma-é00: Density [sigma-theta, kg/m^3]
# name 11 = sbox0Mm/Kg: Oxygen, SBE 43 [umol/kg]
# name 12 = sbox1Mm/Kg: Oxygen, SBE 43, 2 [umol/kg]
# name 13 = oxsolMm/Kg: Oxygen Saturation, Garcia & Gordon [umol/kg]
# name 14 = sbeox0PS: Oxygen, SBE 43 [% saturation]
# name 15 = v0: Voltage 0
# name 16 = flECO-AFL: Fluorescence, WET Labs ECO-AFL/FL [mg/m^3]
# name 17 = CStarAt0: Beam Attenuation, WET Labs C-Star [1/m]
# name 18 = par: PAR/Irradiance, Biospherical/Licor
# name 19 = scan: Scan Count
# name 20 = nbf: Bottles Fired
# name 21 = flag:  0.000e+00
# interval = seconds: 0.0416667
# start_time = Sep 22 2023 14:11:59 [NMEA time, first data scan]
# bad_flag = -9.990e-29
*END*
[from data line 1054]
     10.218   72.46462 -156.54704     10.324     3.4880     3.4883     3.4875    27.5761    27.5857  1021.9765    21.9277    324.611    308.483  337.12917     96.287     0.1929     0.8095     0.5627 9.0697e-02     112916         22  0.000e+00
     10.218   72.46462 -156.54704     10.324     3.4883     3.4883     3.4878    27.5758    27.5855  1021.9763    21.9275    324.610    308.488  337.12720     96.287     0.1929     0.8095     0.5627 8.7776e-02     112917         22  0.000e+00
     10.272   72.46462 -156.54704     10.379     3.4883     3.4883     3.4878    27.5754    27.5856  1021.9762    21.9272    324.394    308.471  337.12819     96.223     0.1929     0.8095     0.5627 8.4895e-02     112918         22  0.000e+00
     10.272   72.46462 -156.54704     10.379     3.4887     3.4886     3.4881    27.5750    27.5852  1021.9759    21.9269    324.545    308.249  337.12650     96.268     0.1929     0.8095     0.5627 8.4324e-02     112919         22  0.000e+00
     10.241   72.46462 -156.54704     10.348     3.4885     3.4886     3.4880    27.5753    27.5853  1021.9760    21.9271    324.546    308.424  337.12707     96.268     0.1929     0.8095     0.5627 8.4324e-02     112920         22  0.000e+00
     10.272   72.46462 -156.54704     10.379     3.4888     3.4892     3.4883    27.5750    27.5844  1021.9758    21.9268    324.547    308.200  337.12542     96.269     0.1929     0.8095     0.5639 8.4895e-02     112921         22  0.000e+00
     10.272   72.46462 -156.54704     10.379     3.4891     3.4895     3.4886    27.5744    27.5842  1021.9753    21.9263    324.547    308.349  337.12409     96.269     0.1917     0.8022     0.5639 8.4895e-02     112922         22  0.000e+00
     10.326   72.46462 -156.54704     10.433     3.4890     3.4897     3.4884    27.5747    27.5839  1021.9758    21.9265    324.551    308.150  337.12477     96.270     0.1929     0.8095     0.5627 8.8357e-02     112923         22  0.000e+00
     10.272   72.46462 -156.54704     10.379     3.4893     3.4897     3.4888    27.5745    27.5841  1021.9754    21.9264    324.548    308.098  337.12255     96.270     0.1941     0.8168     0.5639 9.4857e-02     112924         22  0.000e+00
     10.272   72.46462 -156.54704     10.379     3.4893     3.4898     3.4888    27.5743    27.5839  1021.9752    21.9262    324.550    308.072  337.12311     96.270     0.1929     0.8095     0.5639 9.7271e-02     112925         22  0.000e+00
     10.326   72.46462 -156.54704     10.433     3.4893     3.4900     3.4888    27.5744    27.5840  1021.9756    21.9263    324.626    308.045  337.12280     96.293     0.1929     0.8095     0.5627 9.9100e-02     112926         22  0.000e+00
     10.326   72.46462 -156.54704     10.433     3.4893     3.4900     3.4888    27.5745    27.5840  1021.9756    21.9264    324.630    308.019  337.12261     96.294     0.1929     0.8095     0.5627 1.0531e-01     112927         22  0.000e+00
     10.272   72.46462 -156.54704     10.379     3.4895     3.4900     3.4889    27.5744    27.5839  1021.9753    21.9263    324.631    307.991  337.12156     96.295     0.1941     0.8168     0.5627 1.0720e-01     112928         22  0.000e+00
     10.388   72.46462 -156.54704     10.496     3.4895     3.4901     3.4889    27.5745    27.5837  1021.9759    21.9263    324.640    307.968  337.12132     96.298     0.1917     0.8022     0.5627 1.0594e-01     112929         22  0.000e+00
     10.303   72.46462 -156.54704     10.410     3.4895     3.4903     3.4889    27.5744    27.5840  1021.9754    21.9263    324.641    307.936  337.12150     96.298     0.1929     0.8095     0.5639 9.7271e-02     112930         22  0.000e+00
     10.388   72.46462 -156.54704     10.496     3.4895     3.4903     3.4889    27.5741    27.5838  1021.9756    21.9260    324.649    307.914  337.12226     96.300     0.1929     0.8095     0.5627 9.3064e-02     112931         22  0.000e+00
     10.326   72.46462 -156.54704     10.434     3.4896     3.4900     3.4891    27.5740    27.5841  1021.9752    21.9259    324.650    308.086  337.12129     96.301     0.1929     0.8095     0.5627 9.4857e-02     112932         22  0.000e+00
     10.388   72.46462 -156.54704     10.496     3.4896     3.4901     3.4891    27.5743    27.5840  1021.9757    21.9262    324.656    307.907  337.12052     96.303     0.1941     0.8168     0.5639 1.1495e-01     112933         22  0.000e+00
     10.326   72.46462 -156.54704     10.434     3.4895     3.4898     3.4889    27.5744    27.5845  1021.9755    21.9263    324.659    307.904  337.12153     96.303     0.1929     0.8095     0.5627 1.2570e-01     112934         22  0.000e+00
     10.388   72.46462 -156.54704     10.496     3.4896     3.4900     3.4891    27.5743    27.5847  1021.9758    21.9262    324.665    307.879  337.12034     96.305     0.1905     0.7949     0.5639 1.2639e-01     112935         22  0.000e+00
     10.442   72.46462 -156.54704     10.550     3.4896     3.4898     3.4891    27.5744    27.5844  1021.9761    21.9262    324.671    307.683  337.12021     96.307     0.1783     0.7216     0.5639 1.2297e-01     112936         22  0.000e+00
     10.388   72.46462 -156.54704     10.496     3.4896     3.4898     3.4891    27.5744    27.5844  1021.9758    21.9263    324.673    307.658  337.12015     96.308     0.1758     0.7069     0.5639 1.2161e-01     112937         22  0.000e+00
     10.388   72.46462 -156.54704     10.496     3.4896     3.4901     3.4891    27.5744    27.5843  1021.9758    21.9263    324.678    307.635  337.12015     96.309     0.1746     0.6996     0.5627 1.2161e-01     112938         22  0.000e+00
     10.388   72.46462 -156.54704     10.496     3.4895     3.4898     3.4889    27.5742    27.5843  1021.9757    21.9261    324.684    307.619  337.12207     96.310     0.1758     0.7069     0.5639 1.1759e-01     112939         22  0.000e+00
      2.541   72.46458 -156.54708      2.568     3.4874     3.4894     3.4873    27.5674    27.5756  1021.9330    21.9208    324.340    308.183  337.15668     96.199     0.1722     0.6850     0.5639 7.6184e-01     116494         23  0.000e+00
      2.541   72.46458 -156.54708      2.568     3.4874     3.4892     3.4873    27.5672    27.5756  1021.9328    21.9207    324.342    308.169  337.15714     96.199     0.1709     0.6776     0.5639 7.5445e-01     116495         23  0.000e+00
      2.565   72.46458 -156.54708      2.591     3.4874     3.4892     3.4873    27.5673    27.5756  1021.9330    21.9207    324.123    307.955  337.15698     96.134     0.1722     0.6850     0.5639 7.5445e-01     116496         23  0.000e+00
      2.541   72.46458 -156.54708      2.568     3.4874     3.4890     3.4873    27.5672    27.5761  1021.9328    21.9207    324.311    308.112  337.15714     96.190     0.1709     0.6776     0.5639 7.5691e-01     116497         23  0.000e+00
      2.480   72.46458 -156.54708      2.506     3.4872     3.4892     3.4871    27.5671    27.5758  1021.9325    21.9206    324.313    308.089  337.15871     96.190     0.1722     0.6850     0.5627 7.6184e-01     116498         23  0.000e+00
      2.480   72.46458 -156.54708      2.506     3.4871     3.4889     3.4869    27.5672    27.5757  1021.9325    21.9207    324.317    308.070  337.15988     96.191     0.1709     0.6776     0.5627 7.6184e-01     116499         23  0.000e+00
      2.480   72.46458 -156.54708      2.506     3.4872     3.4889     3.4871    27.5673    27.5757  1021.9326    21.9207    324.319    308.047  337.15834     96.192     0.1722     0.6850     0.5639 7.6930e-01     116500         23  0.000e+00
      2.480   72.46458 -156.54708      2.506     3.4872     3.4889     3.4871    27.5673    27.5759  1021.9326    21.9208    324.321    308.021  337.15815     96.193     0.1709     0.6776     0.5627 7.7682e-01     116501         23  0.000e+00
      2.426   72.46458 -156.54708      2.451     3.4872     3.4889     3.4871    27.5667    27.5755  1021.9319    21.9203    324.323    308.016  337.15967     96.193     0.1722     0.6850     0.5639 7.8187e-01     116502         23  0.000e+00
      2.426   72.46458 -156.54708      2.451     3.4871     3.4886     3.4869    27.5667    27.5758  1021.9319    21.9203    324.328    308.013  337.16112     96.194     0.1709     0.6776     0.5639 7.3984e-01     116503         23  0.000e+00
      2.426   72.46458 -156.54708      2.451     3.4871     3.4886     3.4869    27.5665    27.5755  1021.9318    21.9202    324.110    307.985  337.16150     96.129     0.1709     0.6776     0.5651 6.7709e-01     116504         23  0.000e+00
      2.372   72.46458 -156.54708      2.397     3.4869     3.4884     3.4868    27.5663    27.5757  1021.9313    21.9200    324.300    307.976  337.16354     96.185     0.1722     0.6850     0.5651 6.6159e-01     116505         23  0.000e+00
      2.372   72.46458 -156.54708      2.397     3.4869     3.4880     3.4868    27.5659    27.5760  1021.9310    21.9197    324.306    307.971  337.16438     96.186     0.1709     0.6776     0.5651 6.6159e-01     116506         23  0.000e+00
      2.310   72.46458 -156.54708      2.334     3.4864     3.4876     3.4863    27.5660    27.5760  1021.9308    21.9198    324.091    307.962  337.16829     96.121     0.1722     0.6850     0.5651 6.6159e-01     116507         23  0.000e+00
      2.310   72.46458 -156.54708      2.334     3.4863     3.4873     3.4861    27.5662    27.5755  1021.9310    21.9200    324.284    307.757  337.16909     96.178     0.1709     0.6776     0.5651 6.5939e-01     116508         23  0.000e+00
      2.310   72.46458 -156.54708      2.334     3.4860     3.4872     3.4858    27.5663    27.5757  1021.9311    21.9201    324.292    307.702  337.17144     96.180     0.1722     0.6850     0.5651 6.8383e-01     116509         23  0.000e+00
      2.272   72.46458 -156.54708      2.295     3.4860     3.4873     3.4858    27.5662    27.5758  1021.9309    21.9200    324.296    307.863  337.17158     96.181     0.1685     0.6630     0.5651 7.8695e-01     116510         23  0.000e+00
      2.195   72.46458 -156.54708      2.218     3.4856     3.4872     3.4855    27.5664    27.5756  1021.9306    21.9202    324.265    307.850  337.17393     96.171     0.1673     0.6557     0.5651 8.3395e-01     116511         23  0.000e+00
      2.195   72.46458 -156.54708      2.218     3.4856     3.4867     3.4855    27.5661    27.5759  1021.9304    21.9200    324.270    307.840  337.17459     96.173     0.1648     0.6410     0.5651 8.3395e-01     116512         23  0.000e+00
      2.195   72.46458 -156.54708      2.218     3.4855     3.4865     3.4854    27.5662    27.5758  1021.9305    21.9200    324.276    307.804  337.17567     96.174     0.1661     0.6483     0.5651 8.3663e-01     116513         23  0.000e+00
      2.141   72.46458 -156.54708      2.163     3.4853     3.4864     3.4852    27.5662    27.5754  1021.9303    21.9200    324.279    307.765  337.17706     96.175     0.1661     0.6483     0.5651 8.3663e-01     116514         23  0.000e+00
      2.079   72.46458 -156.54708      2.101     3.4852     3.4859     3.4850    27.5661    27.5761  1021.9299    21.9200    324.283    307.747  337.17862     96.175     0.1661     0.6483     0.5651 8.3663e-01     116515         23  0.000e+00
      2.141   72.46458 -156.54708      2.163     3.4850     3.4859     3.4849    27.5663    27.5756  1021.9303    21.9201    324.254    307.732  337.17908     96.167     0.1673     0.6557     0.5651 8.8340e-01     116516         23  0.000e+00
      2.025   72.46458 -156.54708      2.046     3.4849     3.4859     3.4848    27.5664    27.5752  1021.9299    21.9202    324.253    307.510  337.18021     96.166     0.1661     0.6483     0.5651 9.1197e-01     116517         23  0.000e+00
      2.025   72.46458 -156.54708      2.046     3.4849     3.4858     3.4848    27.5663    27.5757  1021.9298    21.9202    324.256    307.468  337.18030     96.167     0.1673     0.6557     0.5651 9.1487e-01     116518         23  0.000e+00
      2.025   72.46458 -156.54708      2.046     3.4849     3.4856     3.4848    27.5661    27.5760  1021.9297    21.9200    324.260    307.426  337.18086     96.168     0.1661     0.6483     0.5651 9.0044e-01     116519         23  0.000e+00
      1.971   72.46458 -156.54708      1.992     3.4846     3.4858     3.4845    27.5662    27.5759  1021.9295    21.9201    324.263    307.579  337.18333     96.168     0.1673     0.6557     0.5651 8.9473e-01     116520         23  0.000e+00
      1.971   72.46458 -156.54708      1.992     3.4846     3.4856     3.4845    27.5663    27.5754  1021.9296    21.9202    324.265    307.585  337.18296     96.169     0.1661     0.6483     0.5651 8.9189e-01     116521         23  0.000e+00
      1.910   72.46458 -156.54708      1.930     3.4841     3.4856     3.4840    27.5662    27.5756  1021.9293    21.9201    324.270    307.584  337.18725     96.169     0.1673     0.6557     0.5651 8.8905e-01     116522         23  0.000e+00
      1.871   72.46458 -156.54708      1.891     3.4841     3.4853     3.4840    27.5659    27.5758  1021.9288    21.9199    324.272    307.588  337.18804     96.170     0.1661     0.6483     0.5651 8.8340e-01     116523         23  0.000e+00
      1.856   72.46458 -156.54708      1.875     3.4838     3.4853     3.4837    27.5663    27.5753  1021.9291    21.9203    324.276    307.393  337.18962     96.170     0.1661     0.6483     0.5651 8.8059e-01     116524         23  0.000e+00
      1.856   72.46458 -156.54708      1.875     3.4838     3.4850     3.4837    27.5663    27.5759  1021.9291    21.9203    324.279    307.376  337.18962     96.171     0.1661     0.6483     0.5651 8.8340e-01     116525         23  0.000e+00
      1.794   72.46458 -156.54708      1.813     3.4835     3.4853     3.4834    27.5668    27.5758  1021.9293    21.9207    324.281    307.551  337.19097     96.171     0.1661     0.6483     0.5651 8.8059e-01     116526         23  0.000e+00
      1.794   72.46458 -156.54708      1.813     3.4833     3.4850     3.4832    27.5667    27.5759  1021.9291    21.9206    324.286    307.558  337.19270     96.172     0.1673     0.6557     0.5639 8.8059e-01     116527         23  0.000e+00
      1.740   72.46458 -156.54708      1.758     3.4836     3.4851     3.4835    27.5664    27.5759  1021.9287    21.9204    324.284    307.583  337.19066     96.172     0.1661     0.6483     0.5639 8.8622e-01     116528         23  0.000e+00
      1.740   72.46458 -156.54708      1.758     3.4835     3.4850     3.4834    27.5665    27.5761  1021.9287    21.9204    324.288    307.589  337.19184     96.173     0.1673     0.6557     0.5651 9.0044e-01     116529         23  0.000e+00
      1.686   72.46458 -156.54708      1.704     3.4835     3.4851     3.4834    27.5661    27.5755  1021.9281    21.9201    324.290    307.593  337.19289     96.173     0.1661     0.6483     0.5651 9.0331e-01     116530         23  0.000e+00
      1.686   72.46458 -156.54708      1.704     3.4833     3.4850     3.4832    27.5665    27.5759  1021.9285    21.9204    324.293    307.599  337.19323     96.174     0.1673     0.6557     0.5651 9.2070e-01     116531         23  0.000e+00
      1.625   72.46458 -156.54708      1.642     3.4835     3.4851     3.4834    27.5661    27.5758  1021.9278    21.9201    324.293    307.601  337.19291     96.174     0.1661     0.6483     0.5639 9.8701e-01     116532         23  0.000e+00
      1.625   72.46458 -156.54708      1.642     3.4833     3.4851     3.4832    27.5665    27.5758  1021.9282    21.9204    324.296    307.606  337.19316     96.175     0.1673     0.6557     0.5651 1.0153e+00     116533         23  0.000e+00
      1.648   72.46458 -156.54708      1.665     3.4835     3.4850     3.4834    27.5667    27.5756  1021.9284    21.9206    324.298    307.615  337.19136     96.176     0.1661     0.6483     0.5651 1.0282e+00     116534         23  0.000e+00
