EcoFOCI/data/1_SampleCollection/2023_SikuliaqDBO_CruiseData/CTD_raw_BottleFile_SKQ23-12S/proc/skq202312s_057svp.cnv
* Sea-Bird SBE 9 Data File:
* FileName = D:\CTD\SKQ202312S\SKQ202312S_057.hex
* Software Version Seasave V 7.26.7.121
* Temperature SN = 6177
* Conductivity SN = 0369
* Number of Bytes Per Scan = 41
* Number of Voltage Words = 4
* Number of Scans Averaged by the Deck Unit = 1
* NMEA Latitude = 71 20.18 N
* NMEA Longitude = 164 36.58 W
* NMEA UTC (Time) = Sep 27 2023  08:27:58
* NMEA baud rate = 4800
** Ship: R/V Sikuliaq
** Station Number: 057
** Station Name: IC5
** Bottom Depth: 44
** Operator: SS
# nquan = 7
# nvalues = 5121                                  
# units = specified
# name 0 = depSM: Depth [salt water, m]
# name 1 = latitude: Latitude [deg]
# name 2 = longitude: Longitude [deg]
# name 3 = t090C: Temperature [ITS-90, deg C]
# name 4 = sal00: Salinity, Practical [PSU]
# name 5 = svCM: Sound Velocity [Chen-Millero, m/s]
# name 6 = flag:  0.000e+00
# span 0 =      2.121,     38.841                 
# span 1 =   71.33624,   71.33640                 
# span 2 = -164.61044, -164.61020                 
# span 3 =    -1.2715,     3.4471                 
# span 4 =    30.6016,    32.4982                 
# span 5 =    1440.33,    1459.35                 
# span 6 = 0.0000e+00, 0.0000e+00                 
# interval = seconds: 0.0416667
# start_time = Sep 27 2023 08:31:38 [NMEA time, first data scan]
# bad_flag = -9.990e-29
*END*
[from data line 2052]
     21.617   71.33628 -164.61036     3.4106    30.9079    1459.21  0.000e+00
     21.555   71.33628 -164.61036     3.4060    30.9078    1459.19  0.000e+00
     21.632   71.33628 -164.61036     3.4011    30.9087    1459.17  0.000e+00
     21.671   71.33628 -164.61036     3.3963    30.9089    1459.15  0.000e+00
     21.694   71.33628 -164.61036     3.3915    30.9094    1459.14  0.000e+00
     21.671   71.33628 -164.61036     3.3871    30.9092    1459.12  0.000e+00
     21.732   71.33628 -164.61036     3.3820    30.9082    1459.09  0.000e+00
     21.694   71.33628 -164.61036     3.3762    30.9087    1459.07  0.000e+00
     21.786   71.33628 -164.61036     3.3694    30.9080    1459.04  0.000e+00
     21.786   71.33628 -164.61036     3.3618    30.9096    1459.01  0.000e+00
     21.809   71.33628 -164.61036     3.3545    30.9115    1458.98  0.000e+00
     21.840   71.33628 -164.61036     3.3481    30.9118    1458.95  0.000e+00
     21.840   71.33628 -164.61036     3.3415    30.9117    1458.93  0.000e+00
     21.863   71.33628 -164.61036     3.3346    30.9117    1458.90  0.000e+00
     21.902   71.33628 -164.61036     3.3277    30.9110    1458.87  0.000e+00
     21.902   71.33628 -164.61036     3.3195    30.9099    1458.83  0.000e+00
     21.925   71.33628 -164.61036     3.3109    30.9109    1458.80  0.000e+00
     21.956   71.33628 -164.61036     3.3023    30.9134    1458.76  0.000e+00
     21.956   71.33628 -164.61036     3.2940    30.9141    1458.73  0.000e+00
     22.033   71.33628 -164.61036     3.2862    30.9132    1458.69  0.000e+00
     22.018   71.33628 -164.61036     3.2778    30.9101    1458.65  0.000e+00
     22.033   71.33628 -164.61036     3.2680    30.9097    1458.61  0.000e+00
     22.071   71.33628 -164.61036     3.2587    30.9095    1458.57  0.000e+00
     22.071   71.33628 -164.61036     3.2487    30.9084    1458.53  0.000e+00
     22.095   71.33628 -164.61036     3.2382    30.9092    1458.48  0.000e+00
     22.125   71.33628 -164.61036     3.2275    30.9082    1458.44  0.000e+00
     22.187   71.33628 -164.61036     3.2160    30.9038    1458.38  0.000e+00
     22.148   71.33628 -164.61036     3.2026    30.9009    1458.32  0.000e+00
     22.187   71.33628 -164.61036     3.1879    30.8984    1458.26  0.000e+00
     22.241   71.33628 -164.61036     3.1716    30.8984    1458.19  0.000e+00
     22.210   71.33628 -164.61036     3.1562    30.9035    1458.13  0.000e+00
     22.303   71.33628 -164.61036     3.1433    30.9091    1458.08  0.000e+00
     22.241   71.33628 -164.61036     3.1317    30.9137    1458.04  0.000e+00
     22.326   71.33628 -164.61036     3.1211    30.9128    1457.99  0.000e+00
     22.303   71.33628 -164.61036     3.1102    30.9092    1457.94  0.000e+00
     22.326   71.33628 -164.61036     3.0976    30.9065    1457.88  0.000e+00
     22.418   71.33628 -164.61036     3.0843    30.9026    1457.82  0.000e+00
     22.356   71.33628 -164.61036     3.0703    30.9026    1457.76  0.000e+00
     22.434   71.33628 -164.61036     3.0569    30.9014    1457.70  0.000e+00
     22.418   71.33628 -164.61036     3.0421    30.9017    1457.64  0.000e+00
     22.418   71.33628 -164.61036     3.0255    30.9081    1457.57  0.000e+00
     22.495   71.33628 -164.61036     3.0080    30.9146    1457.51  0.000e+00
     22.472   71.33628 -164.61036     2.9907    30.9228    1457.44  0.000e+00
     22.526   71.33628 -164.61036     2.9736    30.9328    1457.38  0.000e+00
     22.495   71.33628 -164.61036     2.9568    30.9419    1457.32  0.000e+00
     22.526   71.33628 -164.61036     2.9407    30.9510    1457.27  0.000e+00
     22.549   71.33628 -164.61036     2.9265    30.9597    1457.22  0.000e+00
     22.588   71.33628 -164.61036     2.9128    30.9677    1457.17  0.000e+00
     22.642   71.33628 -164.61036     2.8995    30.9755    1457.12  0.000e+00
     22.611   71.33628 -164.61036     2.8864    30.9791    1457.07  0.000e+00
     22.642   71.33628 -164.61036     2.8703    30.9833    1457.00  0.000e+00
     22.642   71.33628 -164.61036     2.8541    30.9882    1456.94  0.000e+00
     22.719   71.33628 -164.61036     2.8365    30.9929    1456.87  0.000e+00
     22.703   71.33628 -164.61036     2.8075    31.0111    1456.77  0.000e+00
     22.719   71.33628 -164.61036     2.7795    31.0300    1456.67  0.000e+00
     22.703   71.33628 -164.61036     2.7545    31.0421    1456.58  0.000e+00
     22.819   71.33628 -164.61036     2.7267    31.0560    1456.48  0.000e+00
     22.780   71.33628 -164.61036     2.6969    31.0690    1456.37  0.000e+00
     22.757   71.33628 -164.61036     2.6641    31.0826    1456.24  0.000e+00
     22.873   71.33628 -164.61036     2.6311    31.1002    1456.12  0.000e+00
     22.834   71.33628 -164.61036     2.5995    31.1190    1456.01  0.000e+00
     22.819   71.33628 -164.61036     2.5648    31.1377    1455.88  0.000e+00
     22.896   71.33628 -164.61036     2.5238    31.1629    1455.74  0.000e+00
     22.873   71.33628 -164.61036     2.4846    31.1883    1455.60  0.000e+00
     22.927   71.33628 -164.61036     2.4474    31.2111    1455.47  0.000e+00
     22.950   71.33628 -164.61036     2.4128    31.2304    1455.34  0.000e+00
     22.988   71.33628 -164.61036     2.3777    31.2529    1455.22  0.000e+00
     22.988   71.33628 -164.61036     2.3423    31.2776    1455.09  0.000e+00
     22.950   71.33628 -164.61036     2.3097    31.2981    1454.98  0.000e+00
     23.042   71.33628 -164.61036     2.2786    31.3159    1454.87  0.000e+00
     23.011   71.33628 -164.61036     2.2487    31.3355    1454.76  0.000e+00
     23.042   71.33628 -164.61036     2.2182    31.3517    1454.65  0.000e+00
     23.104   71.33628 -164.61036     2.1861    31.3702    1454.53  0.000e+00
     23.065   71.33628 -164.61036     2.1542    31.3896    1454.42  0.000e+00
     23.104   71.33628 -164.61036     2.1192    31.4109    1454.29  0.000e+00
     23.158   71.33628 -164.61036     2.0873    31.4320    1454.18  0.000e+00
     23.119   71.33628 -164.61036     2.0599    31.4476    1454.08  0.000e+00
     23.219   71.33628 -164.61036     2.0311    31.4626    1453.97  0.000e+00
     23.181   71.33628 -164.61036     1.9994    31.4857    1453.86  0.000e+00
     23.219   71.33628 -164.61036     1.9688    31.5042    1453.75  0.000e+00
     23.219   71.33628 -164.61036     1.9386    31.5201    1453.64  0.000e+00
     23.235   71.33628 -164.61036     1.9091    31.5378    1453.53  0.000e+00
     23.327   71.33628 -164.61036     1.8814    31.5504    1453.43  0.000e+00
     23.296   71.33628 -164.61036     1.8518    31.5648    1453.31  0.000e+00
     23.327   71.33628 -164.61036     1.8185    31.5831    1453.19  0.000e+00
     23.273   71.33628 -164.61036     1.7825    31.6038    1453.06  0.000e+00
     23.412   71.33628 -164.61036     1.7474    31.6259    1452.93  0.000e+00
     23.327   71.33628 -164.61036     1.7171    31.6437    1452.82  0.000e+00
     23.389   71.33628 -164.61036     1.6872    31.6578    1452.71  0.000e+00
     23.466   71.33628 -164.61036     1.6576    31.6673    1452.59  0.000e+00
     23.443   71.33628 -164.61036     1.6236    31.6852    1452.46  0.000e+00
     23.412   71.33628 -164.61036     1.5920    31.7078    1452.35  0.000e+00
     23.443   71.33628 -164.61036     1.5682    31.7166    1452.26  0.000e+00
     23.505   71.33628 -164.61036     1.5422    31.7271    1452.15  0.000e+00
     23.520   71.33628 -164.61036     1.5150    31.7388    1452.05  0.000e+00
     23.558   71.33628 -164.61036     1.4844    31.7573    1451.94  0.000e+00
     23.520   71.33628 -164.61036     1.4536    31.7768    1451.82  0.000e+00
     23.558   71.33628 -164.61036     1.4265    31.7930    1451.73  0.000e+00
     23.620   71.33628 -164.61036     1.4036    31.8084    1451.64  0.000e+00
     23.581   71.33628 -164.61036     1.3845    31.8240    1451.58  0.000e+00
     23.620   71.33628 -164.61036     1.3690    31.8356    1451.53  0.000e+00
     23.674   71.33628 -164.61036     1.3552    31.8418    1451.47  0.000e+00
     23.697   71.33628 -164.61036     1.3412    31.8498    1451.42  0.000e+00
     23.674   71.33628 -164.61036     1.3283    31.8566    1451.37  0.000e+00
     23.697   71.33628 -164.61036     1.3171    31.8612    1451.33  0.000e+00
     23.728   71.33628 -164.61036     1.3063    31.8637    1451.28  0.000e+00
     23.790   71.33628 -164.61036     1.2951    31.8667    1451.24  0.000e+00
     23.751   71.33628 -164.61036     1.2832    31.8709    1451.19  0.000e+00
     23.790   71.33628 -164.61036     1.2710    31.8738    1451.14  0.000e+00
     23.813   71.33628 -164.61036     1.2592    31.8717    1451.08  0.000e+00
     23.844   71.33628 -164.61036     1.2446    31.8733    1451.02  0.000e+00
     23.905   71.33628 -164.61036     1.2282    31.8796    1450.96  0.000e+00
     23.867   71.33628 -164.61036     1.2152    31.8878    1450.91  0.000e+00
     23.905   71.33628 -164.61036     1.2052    31.8873    1450.86  0.000e+00
     23.921   71.33628 -164.61036     1.1925    31.8895    1450.81  0.000e+00
     23.905   71.33628 -164.61036     1.1790    31.8946    1450.76  0.000e+00
     23.959   71.33628 -164.61036     1.1645    31.8975    1450.69  0.000e+00
     23.982   71.33628 -164.61036     1.1476    31.9010    1450.62  0.000e+00
     24.021   71.33628 -164.61036     1.1305    31.9082    1450.56  0.000e+00
     24.036   71.33628 -164.61036     1.1159    31.9147    1450.50  0.000e+00
     24.075   71.33628 -164.61036     1.1014    31.9200    1450.44  0.000e+00
     24.075   71.33628 -164.61036     1.0876    31.9240    1450.39  0.000e+00
     24.036   71.33628 -164.61036     1.0740    31.9293    1450.33  0.000e+00
     24.129   71.33628 -164.61038     1.0606    31.9348    1450.28  0.000e+00
     24.152   71.33628 -164.61038     1.0462    31.9379    1450.22  0.000e+00
     24.129   71.33628 -164.61038     1.0324    31.9431    1450.16  0.000e+00
     24.190   71.33628 -164.61038     1.0205    31.9460    1450.11  0.000e+00
     24.206   71.33628 -164.61038     1.0072    31.9508    1450.06  0.000e+00
     24.190   71.33628 -164.61038     0.9945    31.9537    1450.01  0.000e+00
     24.268   71.33628 -164.61038     0.9813    31.9573    1449.95  0.000e+00
     24.244   71.33628 -164.61038     0.9679    31.9590    1449.89  0.000e+00
     24.306   71.33628 -164.61038     0.9524    31.9613    1449.83  0.000e+00
     24.268   71.33628 -164.61038     0.9352    31.9693    1449.76  0.000e+00
     24.360   71.33628 -164.61038     0.9199    31.9760    1449.70  0.000e+00
     24.321   71.33628 -164.61038     0.9056    31.9798    1449.64  0.000e+00
     24.360   71.33628 -164.61038     0.8905    31.9831    1449.58  0.000e+00
     24.422   71.33628 -164.61038     0.8760    31.9872    1449.52  0.000e+00
     24.437   71.33628 -164.61038     0.8612    31.9944    1449.46  0.000e+00
     24.422   71.33628 -164.61038     0.8488    31.9981    1449.41  0.000e+00
     24.499   71.33628 -164.61038     0.8342    32.0003    1449.35  0.000e+00
     24.476   71.33628 -164.61038     0.8193    32.0063    1449.29  0.000e+00
     24.476   71.33628 -164.61038     0.8058    32.0097    1449.23  0.000e+00
     24.553   71.33628 -164.61038     0.7922    32.0143    1449.18  0.000e+00
     24.529   71.33628 -164.61038     0.7800    32.0169    1449.12  0.000e+00
     24.553   71.33628 -164.61038     0.7690    32.0167    1449.07  0.000e+00
     24.591   71.33628 -164.61038     0.7561    32.0154    1449.01  0.000e+00
     24.668   71.33628 -164.61038     0.7397    32.0165    1448.94  0.000e+00
     24.591   71.33628 -164.61038     0.7236    32.0162    1448.87  0.000e+00
     24.645   71.33628 -164.61038     0.7052    32.0204    1448.79  0.000e+00
     24.722   71.33628 -164.61038     0.6874    32.0228    1448.71  0.000e+00
     24.707   71.33628 -164.61038     0.6657    32.0205    1448.61  0.000e+00
     24.668   71.33628 -164.61038     0.6399    32.0237    1448.50  0.000e+00
     24.761   71.33628 -164.61038     0.6191    32.0230    1448.40  0.000e+00
     24.761   71.33628 -164.61038     0.5952    32.0221    1448.29  0.000e+00
     24.784   71.33628 -164.61038     0.5667    32.0325    1448.18  0.000e+00
     24.761   71.33628 -164.61038     0.5435    32.0412    1448.08  0.000e+00
     24.838   71.33628 -164.61038     0.5190    32.0466    1447.98  0.000e+00
     24.876   71.33628 -164.61038     0.4908    32.0494    1447.86  0.000e+00
     24.838   71.33628 -164.61038     0.4623    32.0495    1447.72  0.000e+00
     24.876   71.33628 -164.61038     0.4348    32.0528    1447.60  0.000e+00
     24.930   71.33628 -164.61038     0.4092    32.0499    1447.48  0.000e+00
     24.899   71.33628 -164.61038     0.3758    32.0492    1447.33  0.000e+00
     24.992   71.33628 -164.61038     0.3373    32.0597    1447.17  0.000e+00
     24.953   71.33628 -164.61038     0.3015    32.0674    1447.01  0.000e+00
     24.992   71.33628 -164.61038     0.2656    32.0785    1446.86  0.000e+00
     24.992   71.33628 -164.61038     0.2330    32.0865    1446.72  0.000e+00
     25.007   71.33628 -164.61038     0.2009    32.0933    1446.59  0.000e+00
     25.108   71.33628 -164.61038     0.1728    32.1020    1446.47  0.000e+00
     25.069   71.33628 -164.61038     0.1464    32.1078    1446.36  0.000e+00
     25.046   71.33628 -164.61038     0.1171    32.1223    1446.24  0.000e+00
     25.123   71.33628 -164.61038     0.0905    32.1375    1446.14  0.000e+00
     25.107   71.33628 -164.61038     0.0676    32.1486    1446.05  0.000e+00
     25.161   71.33628 -164.61038     0.0463    32.1561    1445.96  0.000e+00
     25.185   71.33628 -164.61038     0.0243    32.1643    1445.87  0.000e+00
     25.223   71.33628 -164.61038     0.0052    32.1726    1445.79  0.000e+00
     25.184   71.33628 -164.61038    -0.0121    32.1773    1445.72  0.000e+00
     25.223   71.33628 -164.61038    -0.0303    32.1822    1445.64  0.000e+00
     25.300   71.33628 -164.61038    -0.0482    32.1855    1445.56  0.000e+00
     25.223   71.33628 -164.61038    -0.0662    32.1898    1445.48  0.000e+00
     25.277   71.33628 -164.61038    -0.0843    32.1947    1445.41  0.000e+00
     25.300   71.33628 -164.61038    -0.1019    32.1974    1445.33  0.000e+00
     25.393   71.33628 -164.61038    -0.1195    32.1985    1445.25  0.000e+00
     25.300   71.33628 -164.61038    -0.1378    32.2021    1445.17  0.000e+00
     25.393   71.33628 -164.61038    -0.1570    32.2043    1445.09  0.000e+00
     25.354   71.33628 -164.61038    -0.1765    32.2083    1445.00  0.000e+00
     25.393   71.33628 -164.61038    -0.1954    32.2115    1444.92  0.000e+00
     25.447   71.33628 -164.61038    -0.2162    32.2182    1444.83  0.000e+00
     25.470   71.33628 -164.61038    -0.2341    32.2218    1444.75  0.000e+00
     25.331   71.33628 -164.61038    -0.2516    32.2230    1444.67  0.000e+00
     25.585   71.33628 -164.61038    -0.2707    32.2296    1444.59  0.000e+00
     25.508   71.33628 -164.61038    -0.2888    32.2357    1444.52  0.000e+00
     25.524   71.33628 -164.61038    -0.3100    32.2435    1444.43  0.000e+00
     25.508   71.33628 -164.61038    -0.3302    32.2500    1444.34  0.000e+00
     25.562   71.33628 -164.61038    -0.3495    32.2570    1444.26  0.000e+00
     25.585   71.33628 -164.61038    -0.3671    32.2643    1444.19  0.000e+00
     25.624   71.33628 -164.61038    -0.3831    32.2701    1444.13  0.000e+00
     25.585   71.33628 -164.61038    -0.3995    32.2745    1444.05  0.000e+00
     25.678   71.33628 -164.61038    -0.4149    32.2808    1443.99  0.000e+00
     25.639   71.33628 -164.61038    -0.4287    32.2863    1443.93  0.000e+00
     25.678   71.33628 -164.61038    -0.4430    32.2881    1443.87  0.000e+00
     25.678   71.33628 -164.61038    -0.4593    32.2891    1443.80  0.000e+00
     25.755   71.33628 -164.61038    -0.4745    32.2954    1443.73  0.000e+00
     25.678   71.33628 -164.61038    -0.4885    32.2982    1443.67  0.000e+00
     25.755   71.33628 -164.61038    -0.5032    32.2997    1443.61  0.000e+00
