EcoFOCI/data/1_SampleCollection/2023_SikuliaqDBO_CruiseData/CTD_raw_BottleFile_SKQ23-12S/proc/skq202312s_046.ros
* Sea-Bird SBE 9 Data File:
* FileName = D:\CTD\SKQ202312S\SKQ202312S_046.hex
* Software Version Seasave V 7.26.7.121
* Temperature SN = 6177
* Conductivity SN = 0369
* Number of Bytes Per Scan = 41
* Number of Voltage Words = 4
* Number of Scans Averaged by the Deck Unit = 1
* NMEA Latitude = 71 35.89 N
* NMEA Longitude = 161 32.21 W
* NMEA UTC (Time) = Sep 24 2023  19:47:51
* NMEA baud rate = 4800
** Ship: R/V Sikuliaq
** Station Number: 046
** Station Name: CEO2
** Bottom Depth: 46
** Operator: SD
# nquan = 22
# nvalues = 392                                   
# units = specified
# name 0 = depSM: Depth [salt water, m]
# name 1 = latitude: Latitude [deg]
# name 2 = longitude: Longitude [deg]
# name 3 = prDM: Pressure, Digiquartz [db]
# name 4 = t090C: Temperature [ITS-90, deg C]
# name 5 = t190C: Temperature, 2 [ITS-90, deg C]
# name 6 = potemp090C: Potential Temperature [ITS-90, deg C]
# name 7 = sal00: Salinity, Practical [PSU]
# name 8 = sal11: Salinity, Practical, 2 [PSU]
# name 9 = density00: Density [density, kg/m^3]
# name 10 = sigma-é00: Density [sigma-theta, kg/m^3]
# name 11 = sbox0Mm/Kg: Oxygen, SBE 43 [umol/kg]
# name 12 = sbox1Mm/Kg: Oxygen, SBE 43, 2 [umol/kg]
# name 13 = oxsolMm/Kg: Oxygen Saturation, Garcia & Gordon [umol/kg]
# name 14 = sbeox0PS: Oxygen, SBE 43 [% saturation]
# name 15 = v0: Voltage 0
# name 16 = flECO-AFL: Fluorescence, WET Labs ECO-AFL/FL [mg/m^3]
# name 17 = CStarAt0: Beam Attenuation, WET Labs C-Star [1/m]
# name 18 = par: PAR/Irradiance, Biospherical/Licor
# name 19 = scan: Scan Count
# name 20 = nbf: Bottles Fired
# name 21 = flag:  0.000e+00
# interval = seconds: 0.0416667
# start_time = Sep 24 2023 19:50:48 [NMEA time, first data scan]
# bad_flag = -9.990e-29
*END*
[from data line 264]
     19.990   71.59796 -161.53750     20.198    -0.1397    -0.0950    -0.1403    31.7239    31.7114  1025.5649    25.4681    418.444    401.423  358.26490    116.797     0.3284     1.6227     0.5927 2.5292e+01      18248          6  0.000e+00
     20.106   71.59796 -161.53750     20.315    -0.1428    -0.0966    -0.1434    31.7275    31.7131  1025.5685    25.4711    418.490    401.414  358.28411    116.804     0.3297     1.6300     0.5927 2.5221e+01      18249          6  0.000e+00
     20.014   71.59796 -161.53750     20.221    -0.1453    -0.0976    -0.1459    31.7303    31.7141  1025.5704    25.4734    418.506    401.387  358.29964    116.803     0.3284     1.6227     0.5915 2.5150e+01      18250          6  0.000e+00
     20.106   71.59796 -161.53750     20.315    -0.1441    -0.0989    -0.1447    31.7285    31.7153  1025.5693    25.4720    418.486    401.371  358.29288    116.800     0.3284     1.6227     0.5927 2.5079e+01      18251          6  0.000e+00
     19.991   71.59796 -161.53750     20.198    -0.1422    -0.0999    -0.1428    31.7257    31.7167  1025.5664    25.4696    418.391    401.337  358.28337    116.776     0.3272     1.6154     0.5927 2.5079e+01      18252          6  0.000e+00
     20.068   71.59796 -161.53750     20.276    -0.1414    -0.1001    -0.1420    31.7245    31.7169  1025.5658    25.4686    418.346    401.304  358.27917    116.765     0.3297     1.6300     0.6011 2.5079e+01      18253          6  0.000e+00
     20.052   71.59796 -161.53750     20.260    -0.1408    -0.1005    -0.1414    31.7243    31.7175  1025.5655    25.4684    418.282    401.295  358.27395    116.749     0.3284     1.6227     0.6071 2.5008e+01      18254          6  0.000e+00
     20.068   71.59796 -161.53750     20.276    -0.1414    -0.0999    -0.1420    31.7257    31.7173  1025.5668    25.4696    418.264    401.278  358.27580    116.744     0.3284     1.6227     0.6083 2.5008e+01      18255          6  0.000e+00
     20.052   71.59796 -161.53750     20.260    -0.1410    -0.0993    -0.1416    31.7267    31.7172  1025.5675    25.4704    418.466    401.257  358.26877    116.802     0.3272     1.6154     0.6083 2.5008e+01      18256          6  0.000e+00
     20.052   71.59796 -161.53750     20.260    -0.1384    -0.0991    -0.1390    31.7253    31.7171  1025.5662    25.4691    418.190    401.240  358.24829    116.732     0.3089     1.5055     0.6071 2.4867e+01      18257          6  0.000e+00
     20.014   71.59796 -161.53750     20.221    -0.1338    -0.0984    -0.1344    31.7212    31.7164  1025.5626    25.4656    418.330    401.434  358.21616    116.781     0.2906     1.3956     0.6071 2.4867e+01      18258          6  0.000e+00
     20.052   71.59796 -161.53750     20.260    -0.1289    -0.0961    -0.1295    31.7170    31.7140  1025.5591    25.4620    418.304    401.208  358.18247    116.785     0.2857     1.3663     0.6083 2.4867e+01      18259          6  0.000e+00
     20.052   71.59796 -161.53750     20.260    -0.1245    -0.0949    -0.1251    31.7129    31.7126  1025.5556    25.4585    417.777    401.179  358.15186    116.648     0.2869     1.3736     0.6083 2.4867e+01      18260          6  0.000e+00
     20.068   71.59796 -161.53750     20.276    -0.1212    -0.0946    -0.1218    31.7097    31.7123  1025.5530    25.4558    418.104    401.156  358.13015    116.747     0.2869     1.3736     0.6083 2.4867e+01      18261          6  0.000e+00
     19.991   71.59796 -161.53750     20.198    -0.1183    -0.0943    -0.1189    31.7069    31.7120  1025.5502    25.4534    418.014    401.128  358.11038    116.728     0.2882     1.3809     0.6083 2.4867e+01      18262          6  0.000e+00
     20.052   71.59796 -161.53750     20.260    -0.1166    -0.0941    -0.1172    31.7054    31.7119  1025.5492    25.4521    417.930    401.107  358.09867    116.708     0.2869     1.3736     0.6071 2.4867e+01      18263          6  0.000e+00
     20.068   71.59796 -161.53750     20.276    -0.1155    -0.0943    -0.1161    31.7041    31.7123  1025.5482    25.4510    417.931    401.085  358.09219    116.710     0.2882     1.3809     0.6083 2.4797e+01      18264          6  0.000e+00
     20.053   71.59796 -161.53750     20.261    -0.1151    -0.0952    -0.1157    31.7034    31.7134  1025.5476    25.4504    417.880    400.848  358.08993    116.697     0.2869     1.3736     0.6083 2.4797e+01      18265          6  0.000e+00
     19.991   71.59796 -161.53750     20.198    -0.1149    -0.0960    -0.1155    31.7027    31.7140  1025.5467    25.4499    417.866    401.017  358.09012    116.693     0.2882     1.3809     0.6083 2.4867e+01      18266          6  0.000e+00
     20.068   71.59796 -161.53750     20.276    -0.1147    -0.0970    -0.1153    31.7021    31.7152  1025.5466    25.4494    417.849    401.003  358.09019    116.688     0.2882     1.3809     0.6083 2.4938e+01      18267          6  0.000e+00
     20.053   71.59796 -161.53750     20.261    -0.1149    -0.0970    -0.1155    31.7014    31.7145  1025.5460    25.4489    417.823    400.977  358.09382    116.680     0.2882     1.3809     0.6083 2.4867e+01      18268          6  0.000e+00
     20.053   71.59796 -161.53750     20.261    -0.1146    -0.0957    -0.1152    31.7012    31.7131  1025.5458    25.4487    417.781    400.937  358.09115    116.669     0.2882     1.3809     0.6071 2.4867e+01      18269          6  0.000e+00
     20.014   71.59796 -161.53750     20.222    -0.1146    -0.0946    -0.1152    31.7008    31.7119  1025.5452    25.4483    417.977    400.707  358.09248    116.723     0.2882     1.3809     0.6083 2.4867e+01      18270          6  0.000e+00
     20.053   71.59796 -161.53750     20.261    -0.1147    -0.0941    -0.1153    31.7007    31.7115  1025.5454    25.4483    417.967    400.677  358.09423    116.720     0.2882     1.3809     0.6083 2.4867e+01      18271          6  0.000e+00
     20.053   71.59796 -161.53750     20.261    -0.1154    -0.0937    -0.1160    31.7012    31.7109  1025.5458    25.4487    417.948    400.647  358.09921    116.713     0.2869     1.3736     0.6083 2.4867e+01      18272          6  0.000e+00
     20.014   71.59796 -161.53750     20.222    -0.1166    -0.0935    -0.1172    31.7022    31.7109  1025.5465    25.4495    417.968    400.618  358.10766    116.716     0.2882     1.3809     0.6035 2.4938e+01      18273          6  0.000e+00
     20.053   71.59796 -161.53750     20.261    -0.1177    -0.0931    -0.1183    31.7036    31.7101  1025.5478    25.4507    417.979    400.811  358.11376    116.717     0.2869     1.3736     0.5987 2.4938e+01      18274          6  0.000e+00
     20.053   71.59796 -161.53750     20.261    -0.1189    -0.0935    -0.1195    31.7046    31.7101  1025.5487    25.4516    417.982    400.603  358.12264    116.715     0.2882     1.3809     0.5975 2.4938e+01      18275          6  0.000e+00
     20.068   71.59796 -161.53750     20.276    -0.1194    -0.0946    -0.1199    31.7053    31.7113  1025.5494    25.4522    417.968    400.809  358.12479    116.710     0.2869     1.3736     0.5975 2.4938e+01      18276          6  0.000e+00
     20.053   71.59796 -161.53750     20.261    -0.1200    -0.0955    -0.1206    31.7059    31.7125  1025.5498    25.4527    417.945    400.822  358.12891    116.702     0.2882     1.3809     0.5975 2.4938e+01      18277          6  0.000e+00
     10.167   71.59796 -161.53750     10.272     2.3381     2.3443     2.3377    28.8333    28.8461  1023.0616    23.0128    349.067    330.472  343.67481    101.569     0.1148     0.3406     0.4917 1.1488e+02      21299          7  0.000e+00
     10.143   71.59796 -161.53750     10.248     2.3376     2.3455     2.3372    28.8309    28.8424  1023.0596    23.0109    349.084    330.415  343.68544    101.571     0.1136     0.3333     0.4917 1.1456e+02      21300          7  0.000e+00
     10.113   71.59796 -161.53750     10.217     2.3381     2.3473     2.3377    28.8284    28.8405  1023.0574    23.0089    349.087    330.348  343.68772    101.571     0.1148     0.3406     0.4917 1.1392e+02      21301          7  0.000e+00
     10.167   71.59796 -161.53750     10.272     2.3381     2.3480     2.3377    28.8270    28.8423  1023.0565    23.0078    349.094    330.285  343.69139    101.572     0.1136     0.3333     0.4917 1.1360e+02      21302          7  0.000e+00
     10.113   71.59796 -161.53750     10.217     2.3389     2.3454     2.3384    28.8249    28.8473  1023.0545    23.0060    349.315    330.062  343.69044    101.636     0.1136     0.3333     0.4917 1.1328e+02      21303          7  0.000e+00
     10.167   71.59796 -161.53750     10.272     2.3392     2.3416     2.3387    28.8234    28.8513  1023.0536    23.0048    349.347    330.245  343.69146    101.646     0.1136     0.3333     0.4917 1.1044e+02      21304          7  0.000e+00
     10.167   71.59796 -161.53750     10.272     2.3395     2.3390     2.3390    28.8239    28.8515  1023.0539    23.0052    349.140    330.243  343.68795    101.586     0.1148     0.3406     0.4882 1.0890e+02      21305          7  0.000e+00
     10.113   71.59796 -161.53750     10.217     2.3394     2.3384     2.3389    28.8264    28.8507  1023.0557    23.0072    349.116    329.994  343.68217    101.581     0.1136     0.3333     0.4812 1.0890e+02      21306          7  0.000e+00
     10.167   71.59796 -161.53750     10.272     2.3394     2.3395     2.3389    28.8302    28.8496  1023.0590    23.0102    349.090    330.120  343.67225    101.576     0.1136     0.3333     0.4789 1.0678e+02      21307          7  0.000e+00
     10.144   71.59796 -161.53750     10.249     2.3398     2.3417     2.3393    28.8343    28.8478  1023.0621    23.0135    349.091    330.080  343.65771    101.581     0.1123     0.3260     0.4789 1.0558e+02      21308          7  0.000e+00
     10.167   71.59796 -161.53750     10.272     2.3395     2.3431     2.3391    28.8390    28.8472  1023.0660    23.0172    349.059    329.843  343.64786    101.574     0.1136     0.3333     0.4789 1.0528e+02      21309          7  0.000e+00
     10.113   71.59796 -161.53750     10.217     2.3392     2.3429     2.3387    28.8423    28.8487  1023.0684    23.0199    349.252    329.998  343.64194    101.633     0.1148     0.3406     0.4789 1.0410e+02      21310          7  0.000e+00
     10.113   71.59796 -161.53750     10.218     2.3387     2.3426     2.3383    28.8442    28.8498  1023.0699    23.0215    349.258    329.979  343.64122    101.635     0.1136     0.3333     0.4789 1.0294e+02      21311          7  0.000e+00
     10.167   71.59796 -161.53750     10.272     2.3379     2.3436     2.3375    28.8443    28.8494  1023.0703    23.0216    349.270    329.980  343.64746    101.636     0.1148     0.3406     0.4789 1.0294e+02      21312          7  0.000e+00
     10.167   71.59796 -161.53750     10.272     2.3367     2.3440     2.3362    28.8442    28.8483  1023.0703    23.0216    349.280    329.988  343.65860    101.636     0.1136     0.3333     0.4789 1.0093e+02      21313          7  0.000e+00
     10.113   71.59796 -161.53750     10.218     2.3351     2.3446     2.3347    28.8428    28.8461  1023.0691    23.0206    349.289    329.996  343.67582    101.633     0.1136     0.3333     0.4789 9.8961e+01      21314          7  0.000e+00
     10.198   71.59796 -161.53750     10.303     2.3329     2.3448     2.3325    28.8405    28.8447  1023.0678    23.0189    349.309    329.811  343.70121    101.632     0.1136     0.3333     0.4789 9.8683e+01      21315          7  0.000e+00
     10.113   71.59796 -161.53750     10.218     2.3311     2.3463     2.3306    28.8376    28.8432  1023.0652    23.0167    349.353    329.788  343.72480    101.638     0.1148     0.3406     0.4789 9.8961e+01      21316          7  0.000e+00
     10.167   71.59796 -161.53750     10.272     2.3296     2.3464     2.3292    28.8352    28.8454  1023.0636    23.0149    349.167    329.780  343.74368    101.578     0.1123     0.3260     0.4789 9.9520e+01      21317          7  0.000e+00
     10.113   71.59796 -161.53750     10.218     2.3284     2.3451     2.3280    28.8343    28.8525  1023.0628    23.0143    349.348    329.769  343.75631    101.627     0.1136     0.3333     0.4789 9.9520e+01      21318          7  0.000e+00
     10.167   71.59796 -161.53750     10.272     2.3288     2.3448     2.3283    28.8343    28.8615  1023.0630    23.0143    349.320    329.958  343.75299    101.620     0.1136     0.3333     0.4789 9.9520e+01      21319          7  0.000e+00
     10.167   71.59796 -161.53750     10.272     2.3302     2.3448     2.3297    28.8365    28.8703  1023.0646    23.0159    349.309    329.758  343.73567    101.621     0.1099     0.3113     0.4789 9.9800e+01      21320          7  0.000e+00
     10.113   71.59796 -161.53750     10.218     2.3319     2.3451     2.3315    28.8376    28.8779  1023.0652    23.0167    349.251    329.740  343.71714    101.610     0.1099     0.3113     0.4789 1.0008e+02      21321          7  0.000e+00
     10.167   71.59796 -161.53750     10.272     2.3345     2.3448     2.3340    28.8366    28.8858  1023.0644    23.0157    349.458    329.735  343.69767    101.676     0.1099     0.3113     0.4789 9.9800e+01      21322          7  0.000e+00
     10.144   71.59796 -161.53750     10.249     2.3359     2.3454     2.3354    28.8379    28.8905  1023.0653    23.0166    349.473    329.932  343.68207    101.685     0.1111     0.3187     0.4789 1.0008e+02      21323          7  0.000e+00
     10.167   71.59796 -161.53750     10.272     2.3362     2.3445     2.3358    28.8418    28.8927  1023.0684    23.0197    349.488    329.745  343.66917    101.693     0.1099     0.3113     0.4789 1.0008e+02      21324          7  0.000e+00
     10.167   71.59796 -161.53750     10.272     2.3373     2.3442     2.3368    28.8445    28.8926  1023.0706    23.0218    349.493    329.739  343.65255    101.700     0.1099     0.3113     0.4789 9.9800e+01      21325          7  0.000e+00
     10.167   71.59796 -161.53750     10.272     2.3389     2.3455     2.3384    28.8457    28.8926  1023.0714    23.0226    349.265    329.745  343.63587    101.638     0.1099     0.3113     0.4777 9.8683e+01      21326          7  0.000e+00
     10.167   71.59796 -161.53750     10.272     2.3404     2.3477     2.3400    28.8452    28.8957  1023.0709    23.0222    349.228    329.738  343.62348    101.631     0.1099     0.3113     0.4765 9.7853e+01      21327          7  0.000e+00
     10.167   71.59796 -161.53750     10.272     2.3414     2.3509     2.3409    28.8447    28.9000  1023.0705    23.0217    349.424    329.926  343.61678    101.690     0.1099     0.3113     0.4777 9.8129e+01      21328          7  0.000e+00
     10.167   71.59796 -161.53750     10.272     2.3421     2.3528     2.3417    28.8447    28.9046  1023.0704    23.0216    349.424    329.921  343.61031    101.692     0.1099     0.3113     0.4765 9.8961e+01      21329          7  0.000e+00
     10.229   71.59796 -161.53750     10.335     2.3430     2.3540     2.3425    28.8442    28.9087  1023.0703    23.0212    349.422    329.929  343.60394    101.693     0.1111     0.3187     0.4777 9.9240e+01      21330          7  0.000e+00
     10.144   71.59796 -161.53750     10.249     2.3438     2.3566     2.3434    28.8430    28.9103  1023.0688    23.0202    349.411    330.154  343.59967    101.691     0.1099     0.3113     0.4777 9.9520e+01      21331          7  0.000e+00
     10.167   71.59796 -161.53750     10.273     2.3447     2.3595     2.3443    28.8428    28.9106  1023.0687    23.0199    349.437    329.975  343.59274    101.701     0.1099     0.3113     0.4777 1.0008e+02      21332          7  0.000e+00
     10.167   71.59796 -161.53750     10.273     2.3451     2.3618     2.3446    28.8452    28.9110  1023.0706    23.0218    349.417    329.981  343.58317    101.698     0.1099     0.3113     0.4777 1.0065e+02      21333          7  0.000e+00
