EcoFOCI/data/1_SampleCollection/2023_SikuliaqDBO_CruiseData/CTD_raw_BottleFile_SKQ23-12S/proc/skq202312s_049svp.cnv
* Sea-Bird SBE 9 Data File:
* FileName = D:\CTD\SKQ202312S\SKQ202312S_049.hex
* Software Version Seasave V 7.26.7.121
* Temperature SN = 6177
* Conductivity SN = 0369
* Number of Bytes Per Scan = 41
* Number of Voltage Words = 4
* Number of Scans Averaged by the Deck Unit = 1
* NMEA Latitude = 71 51.00 N
* NMEA Longitude = 162 09.40 W
* NMEA UTC (Time) = Sep 25 2023  06:43:07
* NMEA baud rate = 4800
** Ship: R/V Sikuliaq
** Station Number: 049
** Station Name: DBO4.6n
** Bottom Depth: 41
** Operator: SS
# nquan = 7
# nvalues = 3871                                  
# units = specified
# name 0 = depSM: Depth [salt water, m]
# name 1 = latitude: Latitude [deg]
# name 2 = longitude: Longitude [deg]
# name 3 = t090C: Temperature [ITS-90, deg C]
# name 4 = sal00: Salinity, Practical [PSU]
# name 5 = svCM: Sound Velocity [Chen-Millero, m/s]
# name 6 = flag:  0.000e+00
# span 0 =      2.537,     36.027                 
# span 1 =   71.85006,   71.85008                 
# span 2 = -162.15676, -162.15674                 
# span 3 =    -0.7787,     1.8087                 
# span 4 =    28.1422,    32.6489                 
# span 5 =    1441.48,    1449.42                 
# span 6 = 0.0000e+00, 0.0000e+00                 
# interval = seconds: 0.0416667
# start_time = Sep 25 2023 06:46:31 [NMEA time, first data scan]
# bad_flag = -9.990e-29
*END*
[from data line 2257]
     23.016   71.85008 -162.15676    -0.7181    32.5663    1442.91  0.000e+00
     23.070   71.85008 -162.15676    -0.7176    32.5666    1442.92  0.000e+00
     23.093   71.85008 -162.15676    -0.7173    32.5670    1442.92  0.000e+00
     23.132   71.85008 -162.15676    -0.7171    32.5677    1442.92  0.000e+00
     23.132   71.85008 -162.15676    -0.7160    32.5679    1442.93  0.000e+00
     23.155   71.85008 -162.15676    -0.7158    32.5689    1442.93  0.000e+00
     23.186   71.85008 -162.15676    -0.7152    32.5693    1442.93  0.000e+00
     23.070   71.85008 -162.15676    -0.7146    32.5705    1442.94  0.000e+00
     23.325   71.85008 -162.15676    -0.7138    32.5710    1442.94  0.000e+00
     23.247   71.85008 -162.15676    -0.7130    32.5715    1442.95  0.000e+00
     23.263   71.85008 -162.15676    -0.7124    32.5723    1442.95  0.000e+00
     23.301   71.85008 -162.15676    -0.7114    32.5730    1442.96  0.000e+00
     23.247   71.85008 -162.15676    -0.7106    32.5750    1442.96  0.000e+00
     23.325   71.85008 -162.15676    -0.7091    32.5758    1442.97  0.000e+00
     23.363   71.85008 -162.15676    -0.7077    32.5769    1442.98  0.000e+00
     23.363   71.85008 -162.15676    -0.7061    32.5777    1442.99  0.000e+00
     23.325   71.85008 -162.15676    -0.7048    32.5787    1443.00  0.000e+00
     23.417   71.85008 -162.15676    -0.7036    32.5804    1443.01  0.000e+00
     23.417   71.85008 -162.15676    -0.7024    32.5826    1443.01  0.000e+00
     23.440   71.85008 -162.15676    -0.7006    32.5835    1443.02  0.000e+00
     23.417   71.85008 -162.15676    -0.6990    32.5848    1443.03  0.000e+00
     23.533   71.85008 -162.15676    -0.6972    32.5853    1443.04  0.000e+00
     23.440   71.85008 -162.15676    -0.6953    32.5856    1443.05  0.000e+00
     23.533   71.85008 -162.15676    -0.6933    32.5872    1443.07  0.000e+00
     23.533   71.85008 -162.15676    -0.6909    32.5901    1443.08  0.000e+00
     23.494   71.85008 -162.15676    -0.6875    32.5926    1443.10  0.000e+00
     23.587   71.85008 -162.15676    -0.6836    32.5950    1443.12  0.000e+00
     23.556   71.85008 -162.15676    -0.6789    32.5974    1443.15  0.000e+00
     23.648   71.85008 -162.15676    -0.6740    32.5995    1443.17  0.000e+00
     23.587   71.85008 -162.15676    -0.6706    32.6024    1443.19  0.000e+00
     23.610   71.85008 -162.15676    -0.6671    32.6046    1443.21  0.000e+00
     23.648   71.85008 -162.15676    -0.6628    32.6051    1443.23  0.000e+00
     23.702   71.85008 -162.15676    -0.6587    32.6046    1443.25  0.000e+00
     23.726   71.85008 -162.15676    -0.6551    32.6049    1443.27  0.000e+00
     23.702   71.85008 -162.15676    -0.6523    32.6054    1443.29  0.000e+00
     23.756   71.85008 -162.15676    -0.6498    32.6056    1443.30  0.000e+00
     23.780   71.85008 -162.15676    -0.6478    32.6059    1443.31  0.000e+00
     23.756   71.85008 -162.15676    -0.6464    32.6067    1443.32  0.000e+00
     23.756   71.85008 -162.15676    -0.6452    32.6069    1443.32  0.000e+00
     23.780   71.85008 -162.15676    -0.6444    32.6073    1443.33  0.000e+00
     23.818   71.85008 -162.15676    -0.6440    32.6075    1443.33  0.000e+00
     23.841   71.85008 -162.15676    -0.6438    32.6074    1443.33  0.000e+00
     23.872   71.85008 -162.15676    -0.6443    32.6076    1443.33  0.000e+00
     23.872   71.85008 -162.15676    -0.6449    32.6083    1443.33  0.000e+00
     23.895   71.85008 -162.15676    -0.6458    32.6090    1443.32  0.000e+00
     23.872   71.85008 -162.15676    -0.6464    32.6096    1443.32  0.000e+00
     23.934   71.85008 -162.15676    -0.6475    32.6103    1443.32  0.000e+00
     23.957   71.85008 -162.15676    -0.6480    32.6104    1443.32  0.000e+00
     23.934   71.85008 -162.15676    -0.6493    32.6112    1443.31  0.000e+00
     23.934   71.85008 -162.15676    -0.6507    32.6121    1443.31  0.000e+00
     24.011   71.85008 -162.15676    -0.6521    32.6129    1443.30  0.000e+00
     23.988   71.85008 -162.15676    -0.6533    32.6139    1443.30  0.000e+00
     24.011   71.85008 -162.15676    -0.6543    32.6135    1443.29  0.000e+00
     24.050   71.85008 -162.15676    -0.6558    32.6143    1443.29  0.000e+00
     24.050   71.85008 -162.15676    -0.6568    32.6139    1443.28  0.000e+00
     24.065   71.85008 -162.15676    -0.6589    32.6150    1443.27  0.000e+00
     24.104   71.85008 -162.15676    -0.6607    32.6158    1443.27  0.000e+00
     24.050   71.85008 -162.15676    -0.6630    32.6175    1443.26  0.000e+00
     24.127   71.85008 -162.15676    -0.6645    32.6175    1443.25  0.000e+00
     24.158   71.85008 -162.15676    -0.6664    32.6184    1443.24  0.000e+00
     24.158   71.85008 -162.15676    -0.6679    32.6191    1443.24  0.000e+00
     24.127   71.85008 -162.15676    -0.6701    32.6202    1443.23  0.000e+00
     24.219   71.85008 -162.15676    -0.6717    32.6210    1443.22  0.000e+00
     24.181   71.85008 -162.15676    -0.6737    32.6220    1443.22  0.000e+00
     24.219   71.85008 -162.15676    -0.6748    32.6216    1443.21  0.000e+00
     24.219   71.85008 -162.15676    -0.6762    32.6228    1443.20  0.000e+00
     24.242   71.85008 -162.15676    -0.6772    32.6222    1443.20  0.000e+00
     24.273   71.85008 -162.15676    -0.6783    32.6221    1443.20  0.000e+00
     24.335   71.85008 -162.15676    -0.6796    32.6223    1443.19  0.000e+00
     24.296   71.85008 -162.15676    -0.6803    32.6225    1443.19  0.000e+00
     24.273   71.85008 -162.15676    -0.6815    32.6229    1443.18  0.000e+00
     24.350   71.85008 -162.15676    -0.6835    32.6241    1443.17  0.000e+00
     24.389   71.85008 -162.15676    -0.6852    32.6252    1443.17  0.000e+00
     24.335   71.85008 -162.15676    -0.6870    32.6262    1443.16  0.000e+00
     24.412   71.85008 -162.15676    -0.6884    32.6269    1443.16  0.000e+00
     24.451   71.85008 -162.15676    -0.6902    32.6285    1443.15  0.000e+00
     24.389   71.85008 -162.15676    -0.6909    32.6287    1443.15  0.000e+00
     24.466   71.85008 -162.15676    -0.6921    32.6290    1443.14  0.000e+00
     24.451   71.85008 -162.15676    -0.6932    32.6295    1443.14  0.000e+00
     24.466   71.85008 -162.15676    -0.6941    32.6297    1443.13  0.000e+00
     24.505   71.85008 -162.15676    -0.6953    32.6305    1443.13  0.000e+00
     24.559   71.85008 -162.15676    -0.6964    32.6307    1443.13  0.000e+00
     24.528   71.85008 -162.15676    -0.6968    32.6308    1443.12  0.000e+00
     24.505   71.85008 -162.15676    -0.6972    32.6310    1443.12  0.000e+00
     24.558   71.85008 -162.15676    -0.6985    32.6319    1443.12  0.000e+00
     24.643   71.85008 -162.15676    -0.6996    32.6323    1443.11  0.000e+00
     24.620   71.85008 -162.15676    -0.7003    32.6329    1443.11  0.000e+00
     24.643   71.85008 -162.15676    -0.7011    32.6333    1443.11  0.000e+00
     24.620   71.85008 -162.15676    -0.7019    32.6339    1443.11  0.000e+00
     24.674   71.85008 -162.15676    -0.7027    32.6339    1443.10  0.000e+00
     24.697   71.85008 -162.15676    -0.7031    32.6345    1443.10  0.000e+00
     24.736   71.85008 -162.15676    -0.7037    32.6349    1443.10  0.000e+00
     24.736   71.85008 -162.15676    -0.7041    32.6350    1443.10  0.000e+00
     24.697   71.85008 -162.15676    -0.7045    32.6353    1443.10  0.000e+00
     24.790   71.85008 -162.15676    -0.7049    32.6358    1443.10  0.000e+00
     24.751   71.85008 -162.15676    -0.7049    32.6360    1443.10  0.000e+00
     24.852   71.85008 -162.15676    -0.7049    32.6360    1443.10  0.000e+00
     24.790   71.85008 -162.15676    -0.7055    32.6364    1443.10  0.000e+00
     24.867   71.85008 -162.15676    -0.7056    32.6364    1443.10  0.000e+00
     24.852   71.85008 -162.15676    -0.7060    32.6369    1443.09  0.000e+00
     24.906   71.85008 -162.15676    -0.7063    32.6369    1443.09  0.000e+00
     24.929   71.85008 -162.15676    -0.7065    32.6371    1443.09  0.000e+00
     24.906   71.85008 -162.15676    -0.7066    32.6376    1443.09  0.000e+00
     24.983   71.85008 -162.15676    -0.7068    32.6378    1443.09  0.000e+00
     24.959   71.85008 -162.15676    -0.7069    32.6379    1443.09  0.000e+00
     25.021   71.85008 -162.15676    -0.7068    32.6374    1443.09  0.000e+00
     24.983   71.85008 -162.15676    -0.7069    32.6375    1443.09  0.000e+00
     25.021   71.85008 -162.15676    -0.7071    32.6379    1443.09  0.000e+00
     25.098   71.85008 -162.15676    -0.7072    32.6378    1443.09  0.000e+00
     25.075   71.85008 -162.15676    -0.7071    32.6374    1443.09  0.000e+00
     25.075   71.85008 -162.15676    -0.7074    32.6383    1443.09  0.000e+00
     25.152   71.85008 -162.15676    -0.7072    32.6379    1443.09  0.000e+00
     25.137   71.85008 -162.15676    -0.7074    32.6379    1443.09  0.000e+00
     25.137   71.85008 -162.15676    -0.7074    32.6377    1443.09  0.000e+00
     25.214   71.85008 -162.15676    -0.7072    32.6376    1443.10  0.000e+00
     25.253   71.85008 -162.15676    -0.7076    32.6380    1443.10  0.000e+00
     25.214   71.85008 -162.15676    -0.7074    32.6381    1443.10  0.000e+00
     25.253   71.85008 -162.15676    -0.7074    32.6384    1443.10  0.000e+00
     25.307   71.85008 -162.15676    -0.7072    32.6381    1443.10  0.000e+00
     25.330   71.85008 -162.15676    -0.7074    32.6384    1443.10  0.000e+00
     25.307   71.85008 -162.15676    -0.7072    32.6386    1443.10  0.000e+00
     25.330   71.85008 -162.15676    -0.7071    32.6386    1443.10  0.000e+00
     25.422   71.85008 -162.15676    -0.7072    32.6389    1443.10  0.000e+00
     25.422   71.85008 -162.15676    -0.7072    32.6390    1443.10  0.000e+00
     25.384   71.85008 -162.15676    -0.7071    32.6387    1443.10  0.000e+00
     25.476   71.85008 -162.15676    -0.7072    32.6387    1443.10  0.000e+00
     25.445   71.85008 -162.15676    -0.7072    32.6391    1443.10  0.000e+00
     25.538   71.85008 -162.15676    -0.7071    32.6391    1443.10  0.000e+00
     25.476   71.85008 -162.15676    -0.7071    32.6392    1443.10  0.000e+00
     25.553   71.85008 -162.15676    -0.7069    32.6391    1443.10  0.000e+00
     25.538   71.85008 -162.15676    -0.7071    32.6392    1443.10  0.000e+00
     25.615   71.85008 -162.15676    -0.7069    32.6393    1443.11  0.000e+00
     25.592   71.85008 -162.15676    -0.7069    32.6394    1443.11  0.000e+00
     25.654   71.85008 -162.15676    -0.7071    32.6398    1443.11  0.000e+00
     25.731   71.85008 -162.15676    -0.7066    32.6393    1443.11  0.000e+00
     25.654   71.85008 -162.15676    -0.7068    32.6393    1443.11  0.000e+00
     25.731   71.85008 -162.15676    -0.7066    32.6393    1443.11  0.000e+00
     25.708   71.85008 -162.15676    -0.7065    32.6394    1443.11  0.000e+00
     25.823   71.85008 -162.15676    -0.7063    32.6392    1443.11  0.000e+00
     25.731   71.85008 -162.15676    -0.7068    32.6400    1443.11  0.000e+00
     25.823   71.85008 -162.15676    -0.7065    32.6395    1443.11  0.000e+00
     25.839   71.85008 -162.15676    -0.7063    32.6392    1443.11  0.000e+00
     25.877   71.85008 -162.15676    -0.7061    32.6397    1443.11  0.000e+00
     25.877   71.85008 -162.15676    -0.7063    32.6401    1443.11  0.000e+00
     25.900   71.85008 -162.15676    -0.7061    32.6396    1443.11  0.000e+00
     25.939   71.85008 -162.15676    -0.7061    32.6397    1443.12  0.000e+00
     25.900   71.85008 -162.15676    -0.7061    32.6398    1443.11  0.000e+00
     25.993   71.85008 -162.15676    -0.7059    32.6397    1443.12  0.000e+00
     25.993   71.85008 -162.15676    -0.7059    32.6398    1443.12  0.000e+00
     26.070   71.85008 -162.15676    -0.7057    32.6398    1443.12  0.000e+00
     26.055   71.85008 -162.15676    -0.7057    32.6394    1443.12  0.000e+00
     26.070   71.85008 -162.15676    -0.7057    32.6397    1443.12  0.000e+00
     26.109   71.85008 -162.15676    -0.7057    32.6400    1443.12  0.000e+00
     26.109   71.85008 -162.15676    -0.7056    32.6398    1443.12  0.000e+00
     26.132   71.85008 -162.15676    -0.7057    32.6400    1443.12  0.000e+00
     26.163   71.85008 -162.15676    -0.7056    32.6395    1443.12  0.000e+00
     26.186   71.85008 -162.15676    -0.7054    32.6394    1443.12  0.000e+00
     26.224   71.85008 -162.15676    -0.7056    32.6395    1443.12  0.000e+00
     26.224   71.85008 -162.15676    -0.7056    32.6396    1443.12  0.000e+00
     26.301   71.85008 -162.15676    -0.7057    32.6397    1443.12  0.000e+00
     26.224   71.85008 -162.15676    -0.7056    32.6401    1443.12  0.000e+00
     26.301   71.85008 -162.15676    -0.7052    32.6398    1443.13  0.000e+00
     26.340   71.85008 -162.15676    -0.7051    32.6401    1443.13  0.000e+00
     26.355   71.85008 -162.15676    -0.7051    32.6400    1443.13  0.000e+00
     26.394   71.85008 -162.15676    -0.7049    32.6399    1443.13  0.000e+00
     26.340   71.85008 -162.15676    -0.7048    32.6399    1443.13  0.000e+00
     26.417   71.85008 -162.15676    -0.7049    32.6400    1443.13  0.000e+00
     26.456   71.85008 -162.15676    -0.7048    32.6398    1443.13  0.000e+00
     26.471   71.85008 -162.15676    -0.7048    32.6401    1443.13  0.000e+00
     26.456   71.85008 -162.15676    -0.7048    32.6401    1443.13  0.000e+00
     26.510   71.85008 -162.15676    -0.7047    32.6401    1443.13  0.000e+00
     26.471   71.85008 -162.15676    -0.7046    32.6404    1443.13  0.000e+00
     26.564   71.85008 -162.15676    -0.7041    32.6399    1443.14  0.000e+00
     26.533   71.85008 -162.15676    -0.7043    32.6404    1443.13  0.000e+00
     26.625   71.85008 -162.15676    -0.7040    32.6402    1443.14  0.000e+00
     26.587   71.85008 -162.15676    -0.7039    32.6400    1443.14  0.000e+00
     26.625   71.85008 -162.15676    -0.7039    32.6403    1443.14  0.000e+00
     26.625   71.85008 -162.15676    -0.7039    32.6402    1443.14  0.000e+00
     26.641   71.85008 -162.15676    -0.7037    32.6404    1443.14  0.000e+00
     26.679   71.85008 -162.15676    -0.7037    32.6402    1443.14  0.000e+00
     26.702   71.85008 -162.15676    -0.7036    32.6398    1443.14  0.000e+00
     26.679   71.85008 -162.15676    -0.7035    32.6404    1443.14  0.000e+00
     26.795   71.85008 -162.15676    -0.7036    32.6410    1443.14  0.000e+00
     26.702   71.85008 -162.15676    -0.7034    32.6411    1443.14  0.000e+00
     26.795   71.85008 -162.15676    -0.7031    32.6404    1443.14  0.000e+00
     26.756   71.85008 -162.15676    -0.7032    32.6410    1443.14  0.000e+00
     26.857   71.85008 -162.15676    -0.7029    32.6405    1443.15  0.000e+00
     26.818   71.85008 -162.15676    -0.7028    32.6407    1443.15  0.000e+00
     26.795   71.85008 -162.15676    -0.7027    32.6408    1443.15  0.000e+00
     26.911   71.85008 -162.15676    -0.7024    32.6408    1443.15  0.000e+00
     26.872   71.85008 -162.15676    -0.7022    32.6409    1443.15  0.000e+00
     26.911   71.85008 -162.15676    -0.7022    32.6410    1443.15  0.000e+00
     26.934   71.85008 -162.15676    -0.7020    32.6413    1443.15  0.000e+00
     26.911   71.85008 -162.15676    -0.7014    32.6408    1443.15  0.000e+00
     26.934   71.85008 -162.15676    -0.7018    32.6415    1443.15  0.000e+00
     26.965   71.85008 -162.15676    -0.7014    32.6408    1443.16  0.000e+00
     27.026   71.85008 -162.15676    -0.7012    32.6410    1443.16  0.000e+00
     26.988   71.85008 -162.15676    -0.7012    32.6407    1443.16  0.000e+00
     27.026   71.85008 -162.15676    -0.7011    32.6409    1443.16  0.000e+00
     27.042   71.85008 -162.15676    -0.7011    32.6413    1443.16  0.000e+00
     27.026   71.85008 -162.15676    -0.7008    32.6408    1443.16  0.000e+00
     27.042   71.85008 -162.15676    -0.7006    32.6402    1443.16  0.000e+00
     27.142   71.85008 -162.15676    -0.7009    32.6406    1443.16  0.000e+00
     27.080   71.85008 -162.15676    -0.7006    32.6405    1443.16  0.000e+00
