EcoFOCI/data/1_SampleCollection/2023_SikuliaqDBO_CruiseData/CTD_raw_BottleFile_SKQ23-12S/proc/skq202312s_081svp.cnv
* Sea-Bird SBE 9 Data File:
* FileName = D:\CTD\SKQ202312S\SKQ202312S_081.hex
* Software Version Seasave V 7.26.7.121
* Temperature SN = 6177
* Conductivity SN = 0369
* Number of Bytes Per Scan = 41
* Number of Voltage Words = 4
* Number of Scans Averaged by the Deck Unit = 1
* NMEA Latitude = 65 41.58 N
* NMEA Longitude = 168 27.84 W
* NMEA UTC (Time) = Oct 03 2023  09:04:12
* NMEA baud rate = 4800
** Ship: R/V Sikuliaq
** Station Number: 081
** Station Name: BS4
** Bottom Depth: 54
** Operator: SD
# nquan = 7
# nvalues = 3554                                  
# units = specified
# name 0 = depSM: Depth [salt water, m]
# name 1 = latitude: Latitude [deg]
# name 2 = longitude: Longitude [deg]
# name 3 = t090C: Temperature [ITS-90, deg C]
# name 4 = sal00: Salinity, Practical [PSU]
# name 5 = svCM: Sound Velocity [Chen-Millero, m/s]
# name 6 = flag:  0.000e+00
# span 0 =      2.584,     49.454                 
# span 1 =   65.69290,   65.69292                 
# span 2 = -168.46470, -168.46450                 
# span 3 =     2.9660,     6.7152                 
# span 4 =    25.8991,    32.8646                 
# span 5 =    1459.99,    1473.49                 
# span 6 = 0.0000e+00, 0.0000e+00                 
# interval = seconds: 0.0416667
# start_time = Oct 03 2023 09:06:59 [NMEA time, first data scan]
# bad_flag = -9.990e-29
*END*
[from data line 2667]
     43.782   65.69292 -168.46462     2.9780    32.8289    1460.21  0.000e+00
     43.782   65.69292 -168.46462     2.9782    32.8288    1460.22  0.000e+00
     43.782   65.69292 -168.46464     2.9784    32.8290    1460.22  0.000e+00
     43.782   65.69292 -168.46464     2.9786    32.8285    1460.22  0.000e+00
     43.828   65.69292 -168.46464     2.9785    32.8296    1460.22  0.000e+00
     43.720   65.69292 -168.46464     2.9788    32.8297    1460.22  0.000e+00
     43.836   65.69292 -168.46464     2.9790    32.8296    1460.22  0.000e+00
     43.782   65.69292 -168.46464     2.9790    32.8304    1460.22  0.000e+00
     43.782   65.69292 -168.46464     2.9791    32.8300    1460.22  0.000e+00
     43.774   65.69292 -168.46464     2.9793    32.8299    1460.22  0.000e+00
     43.720   65.69292 -168.46464     2.9793    32.8298    1460.22  0.000e+00
     43.782   65.69292 -168.46464     2.9798    32.8296    1460.22  0.000e+00
     43.782   65.69292 -168.46464     2.9798    32.8295    1460.22  0.000e+00
     43.782   65.69292 -168.46464     2.9798    32.8297    1460.22  0.000e+00
     43.782   65.69292 -168.46464     2.9799    32.8298    1460.22  0.000e+00
     43.774   65.69292 -168.46464     2.9798    32.8303    1460.22  0.000e+00
     43.720   65.69292 -168.46464     2.9798    32.8299    1460.22  0.000e+00
     43.782   65.69292 -168.46464     2.9798    32.8298    1460.22  0.000e+00
     43.782   65.69292 -168.46464     2.9796    32.8303    1460.22  0.000e+00
     43.720   65.69292 -168.46464     2.9798    32.8296    1460.22  0.000e+00
     43.774   65.69292 -168.46464     2.9798    32.8290    1460.22  0.000e+00
     43.720   65.69292 -168.46464     2.9799    32.8286    1460.22  0.000e+00
     43.782   65.69292 -168.46464     2.9798    32.8288    1460.22  0.000e+00
     43.720   65.69292 -168.46464     2.9799    32.8294    1460.22  0.000e+00
     43.782   65.69292 -168.46464     2.9799    32.8296    1460.22  0.000e+00
     43.720   65.69292 -168.46464     2.9801    32.8292    1460.22  0.000e+00
     43.774   65.69292 -168.46462     2.9801    32.8292    1460.22  0.000e+00
     43.720   65.69292 -168.46462     2.9801    32.8300    1460.22  0.000e+00
     43.782   65.69292 -168.46462     2.9801    32.8303    1460.23  0.000e+00
     43.720   65.69292 -168.46462     2.9802    32.8304    1460.23  0.000e+00
     43.720   65.69292 -168.46462     2.9801    32.8313    1460.23  0.000e+00
     43.774   65.69292 -168.46462     2.9801    32.8315    1460.23  0.000e+00
     43.720   65.69292 -168.46462     2.9801    32.8313    1460.23  0.000e+00
     43.720   65.69292 -168.46462     2.9799    32.8318    1460.23  0.000e+00
     43.782   65.69292 -168.46462     2.9801    32.8314    1460.23  0.000e+00
     43.720   65.69292 -168.46462     2.9802    32.8311    1460.23  0.000e+00
     43.720   65.69292 -168.46462     2.9805    32.8310    1460.23  0.000e+00
     43.720   65.69292 -168.46462     2.9804    32.8309    1460.23  0.000e+00
     43.720   65.69292 -168.46462     2.9808    32.8307    1460.23  0.000e+00
     43.720   65.69292 -168.46462     2.9812    32.8304    1460.23  0.000e+00
     43.720   65.69292 -168.46462     2.9810    32.8306    1460.23  0.000e+00
     43.720   65.69292 -168.46462     2.9812    32.8306    1460.23  0.000e+00
     43.774   65.69292 -168.46462     2.9812    32.8304    1460.23  0.000e+00
     43.720   65.69292 -168.46462     2.9813    32.8300    1460.23  0.000e+00
     43.666   65.69292 -168.46462     2.9818    32.8295    1460.23  0.000e+00
     43.720   65.69292 -168.46462     2.9824    32.8286    1460.23  0.000e+00
     43.720   65.69292 -168.46462     2.9827    32.8280    1460.23  0.000e+00
     43.720   65.69292 -168.46462     2.9831    32.8278    1460.23  0.000e+00
     43.720   65.69292 -168.46462     2.9835    32.8275    1460.24  0.000e+00
     43.720   65.69292 -168.46462     2.9838    32.8274    1460.24  0.000e+00
     43.720   65.69292 -168.46462     2.9843    32.8269    1460.24  0.000e+00
     43.666   65.69292 -168.46462     2.9846    32.8264    1460.24  0.000e+00
     43.720   65.69292 -168.46462     2.9851    32.8254    1460.24  0.000e+00
     43.720   65.69292 -168.46462     2.9851    32.8256    1460.24  0.000e+00
     43.720   65.69292 -168.46462     2.9852    32.8261    1460.24  0.000e+00
     43.666   65.69292 -168.46462     2.9853    32.8256    1460.24  0.000e+00
     43.720   65.69292 -168.46462     2.9857    32.8253    1460.24  0.000e+00
     43.666   65.69292 -168.46462     2.9858    32.8257    1460.24  0.000e+00
     43.659   65.69292 -168.46462     2.9868    32.8256    1460.25  0.000e+00
     43.782   65.69292 -168.46462     2.9889    32.8242    1460.26  0.000e+00
     43.666   65.69292 -168.46462     2.9907    32.8225    1460.26  0.000e+00
     43.720   65.69292 -168.46462     2.9914    32.8213    1460.26  0.000e+00
     43.666   65.69292 -168.46462     2.9913    32.8215    1460.26  0.000e+00
     43.720   65.69292 -168.46462     2.9914    32.8216    1460.26  0.000e+00
     43.659   65.69292 -168.46462     2.9921    32.8207    1460.26  0.000e+00
     43.720   65.69292 -168.46462     2.9928    32.8197    1460.27  0.000e+00
     43.666   65.69292 -168.46462     2.9929    32.8194    1460.26  0.000e+00
     43.720   65.69292 -168.46462     2.9925    32.8199    1460.26  0.000e+00
     43.666   65.69292 -168.46462     2.9921    32.8204    1460.26  0.000e+00
     43.720   65.69292 -168.46462     2.9921    32.8202    1460.26  0.000e+00
     43.666   65.69292 -168.46462     2.9920    32.8201    1460.26  0.000e+00
     43.720   65.69292 -168.46462     2.9918    32.8204    1460.26  0.000e+00
     43.666   65.69292 -168.46462     2.9916    32.8212    1460.26  0.000e+00
     43.666   65.69292 -168.46462     2.9914    32.8225    1460.26  0.000e+00
     43.720   65.69292 -168.46462     2.9913    32.8226    1460.26  0.000e+00
     43.659   65.69292 -168.46462     2.9913    32.8231    1460.26  0.000e+00
     43.720   65.69292 -168.46462     2.9910    32.8238    1460.26  0.000e+00
     43.666   65.69292 -168.46462     2.9905    32.8244    1460.26  0.000e+00
     43.666   65.69292 -168.46462     2.9901    32.8250    1460.26  0.000e+00
     43.720   65.69292 -168.46462     2.9898    32.8253    1460.26  0.000e+00
     43.720   65.69292 -168.46462     2.9895    32.8255    1460.26  0.000e+00
     43.666   65.69292 -168.46462     2.9891    32.8260    1460.26  0.000e+00
     43.666   65.69292 -168.46462     2.9885    32.8265    1460.25  0.000e+00
     43.720   65.69292 -168.46462     2.9884    32.8260    1460.25  0.000e+00
     43.720   65.69292 -168.46462     2.9882    32.8265    1460.25  0.000e+00
     43.666   65.69292 -168.46462     2.9884    32.8268    1460.25  0.000e+00
     43.720   65.69292 -168.46462     2.9890    32.8260    1460.26  0.000e+00
     43.720   65.69292 -168.46462     2.9897    32.8256    1460.26  0.000e+00
     43.666   65.69292 -168.46462     2.9905    32.8243    1460.26  0.000e+00
     43.720   65.69292 -168.46462     2.9911    32.8236    1460.26  0.000e+00
     43.720   65.69292 -168.46462     2.9910    32.8234    1460.26  0.000e+00
     43.720   65.69292 -168.46462     2.9910    32.8235    1460.26  0.000e+00
     43.720   65.69292 -168.46462     2.9908    32.8241    1460.26  0.000e+00
     43.720   65.69292 -168.46462     2.9906    32.8245    1460.26  0.000e+00
     43.720   65.69292 -168.46462     2.9908    32.8245    1460.26  0.000e+00
     43.720   65.69292 -168.46462     2.9903    32.8258    1460.26  0.000e+00
     43.782   65.69292 -168.46462     2.9904    32.8252    1460.26  0.000e+00
     43.774   65.69292 -168.46462     2.9900    32.8258    1460.26  0.000e+00
     43.720   65.69292 -168.46462     2.9899    32.8261    1460.26  0.000e+00
     43.720   65.69292 -168.46462     2.9897    32.8261    1460.26  0.000e+00
     43.782   65.69292 -168.46462     2.9898    32.8259    1460.26  0.000e+00
     43.782   65.69292 -168.46462     2.9901    32.8255    1460.26  0.000e+00
     43.720   65.69292 -168.46462     2.9901    32.8258    1460.26  0.000e+00
     43.782   65.69292 -168.46462     2.9900    32.8257    1460.26  0.000e+00
     43.782   65.69292 -168.46462     2.9896    32.8258    1460.26  0.000e+00
     43.782   65.69292 -168.46462     2.9894    32.8262    1460.26  0.000e+00
     43.782   65.69292 -168.46462     2.9891    32.8268    1460.26  0.000e+00
     43.782   65.69292 -168.46462     2.9894    32.8267    1460.26  0.000e+00
     43.828   65.69292 -168.46462     2.9895    32.8263    1460.26  0.000e+00
     43.782   65.69292 -168.46462     2.9898    32.8263    1460.26  0.000e+00
     43.836   65.69292 -168.46462     2.9899    32.8261    1460.26  0.000e+00
     43.782   65.69292 -168.46462     2.9906    32.8258    1460.26  0.000e+00
     43.836   65.69292 -168.46462     2.9916    32.8244    1460.27  0.000e+00
     43.828   65.69292 -168.46462     2.9927    32.8237    1460.27  0.000e+00
     43.782   65.69292 -168.46462     2.9935    32.8230    1460.27  0.000e+00
     43.836   65.69292 -168.46462     2.9938    32.8227    1460.28  0.000e+00
     43.836   65.69292 -168.46462     2.9940    32.8220    1460.28  0.000e+00
     43.898   65.69292 -168.46462     2.9938    32.8226    1460.28  0.000e+00
     43.782   65.69292 -168.46462     2.9942    32.8221    1460.28  0.000e+00
     43.890   65.69292 -168.46462     2.9943    32.8219    1460.28  0.000e+00
     43.836   65.69292 -168.46462     2.9948    32.8220    1460.28  0.000e+00
     43.898   65.69292 -168.46462     2.9955    32.8210    1460.28  0.000e+00
     43.836   65.69292 -168.46462     2.9966    32.8204    1460.28  0.000e+00
     43.898   65.69292 -168.46462     2.9974    32.8198    1460.29  0.000e+00
     43.890   65.69292 -168.46462     2.9982    32.8192    1460.29  0.000e+00
     43.836   65.69292 -168.46462     3.0004    32.8173    1460.30  0.000e+00
     43.898   65.69292 -168.46462     3.0015    32.8162    1460.30  0.000e+00
     43.952   65.69292 -168.46462     3.0018    32.8163    1460.30  0.000e+00
     43.898   65.69292 -168.46462     3.0017    32.8163    1460.30  0.000e+00
     43.898   65.69292 -168.46462     3.0009    32.8169    1460.30  0.000e+00
     43.890   65.69292 -168.46462     2.9999    32.8178    1460.30  0.000e+00
     43.898   65.69292 -168.46462     2.9987    32.8186    1460.29  0.000e+00
     43.952   65.69292 -168.46462     2.9979    32.8190    1460.29  0.000e+00
     43.898   65.69292 -168.46462     2.9971    32.8200    1460.29  0.000e+00
     43.898   65.69292 -168.46462     2.9961    32.8208    1460.28  0.000e+00
     43.952   65.69292 -168.46462     2.9957    32.8221    1460.28  0.000e+00
     43.944   65.69292 -168.46462     2.9960    32.8221    1460.29  0.000e+00
     43.898   65.69292 -168.46462     2.9968    32.8219    1460.29  0.000e+00
     43.952   65.69292 -168.46462     2.9986    32.8202    1460.29  0.000e+00
     43.898   65.69292 -168.46462     3.0009    32.8175    1460.30  0.000e+00
     43.952   65.69292 -168.46462     3.0020    32.8158    1460.30  0.000e+00
     43.944   65.69292 -168.46462     3.0021    32.8155    1460.30  0.000e+00
     43.952   65.69292 -168.46462     3.0013    32.8168    1460.30  0.000e+00
     43.898   65.69292 -168.46462     3.0007    32.8173    1460.30  0.000e+00
     43.952   65.69292 -168.46462     3.0001    32.8177    1460.30  0.000e+00
     43.898   65.69292 -168.46462     2.9998    32.8182    1460.30  0.000e+00
     43.952   65.69292 -168.46462     2.9998    32.8186    1460.30  0.000e+00
     43.944   65.69292 -168.46462     2.9999    32.8185    1460.30  0.000e+00
     43.952   65.69292 -168.46462     3.0004    32.8183    1460.30  0.000e+00
     43.952   65.69292 -168.46462     3.0006    32.8176    1460.30  0.000e+00
     43.898   65.69292 -168.46462     3.0001    32.8181    1460.30  0.000e+00
     43.898   65.69292 -168.46462     2.9996    32.8187    1460.30  0.000e+00
     44.006   65.69292 -168.46462     2.9984    32.8199    1460.29  0.000e+00
     43.898   65.69292 -168.46462     2.9973    32.8209    1460.29  0.000e+00
     43.898   65.69292 -168.46462     2.9966    32.8215    1460.29  0.000e+00
     43.898   65.69292 -168.46462     2.9960    32.8218    1460.28  0.000e+00
     43.952   65.69292 -168.46462     2.9961    32.8219    1460.29  0.000e+00
     43.898   65.69292 -168.46462     2.9968    32.8216    1460.29  0.000e+00
     43.944   65.69292 -168.46462     2.9980    32.8206    1460.29  0.000e+00
     43.898   65.69292 -168.46462     2.9987    32.8191    1460.29  0.000e+00
     43.898   65.69292 -168.46462     2.9988    32.8189    1460.29  0.000e+00
     43.898   65.69292 -168.46462     2.9987    32.8191    1460.29  0.000e+00
     43.898   65.69292 -168.46462     2.9988    32.8192    1460.29  0.000e+00
     43.898   65.69292 -168.46462     2.9991    32.8187    1460.29  0.000e+00
     43.890   65.69292 -168.46462     2.9996    32.8185    1460.30  0.000e+00
     43.898   65.69292 -168.46462     2.9995    32.8189    1460.30  0.000e+00
     43.898   65.69292 -168.46462     2.9993    32.8194    1460.30  0.000e+00
     43.836   65.69292 -168.46462     2.9996    32.8196    1460.30  0.000e+00
     43.836   65.69292 -168.46462     3.0009    32.8186    1460.30  0.000e+00
     43.890   65.69292 -168.46462     3.0023    32.8178    1460.31  0.000e+00
     43.836   65.69292 -168.46462     3.0043    32.8172    1460.31  0.000e+00
     43.836   65.69292 -168.46462     3.0073    32.8148    1460.32  0.000e+00
     43.836   65.69292 -168.46462     3.0101    32.8116    1460.33  0.000e+00
     43.836   65.69292 -168.46462     3.0116    32.8089    1460.33  0.000e+00
     43.898   65.69292 -168.46462     3.0120    32.8085    1460.34  0.000e+00
     43.774   65.69292 -168.46462     3.0123    32.8088    1460.34  0.000e+00
     43.836   65.69292 -168.46462     3.0139    32.8082    1460.34  0.000e+00
     43.836   65.69292 -168.46462     3.0167    32.8057    1460.35  0.000e+00
     43.782   65.69292 -168.46462     3.0196    32.8027    1460.36  0.000e+00
     43.782   65.69292 -168.46462     3.0222    32.7997    1460.37  0.000e+00
     43.828   65.69292 -168.46462     3.0236    32.7981    1460.37  0.000e+00
     43.782   65.69292 -168.46462     3.0250    32.7964    1460.37  0.000e+00
     43.782   65.69292 -168.46462     3.0256    32.7957    1460.38  0.000e+00
     43.782   65.69292 -168.46462     3.0260    32.7952    1460.38  0.000e+00
     43.782   65.69292 -168.46462     3.0261    32.7946    1460.38  0.000e+00
     43.782   65.69292 -168.46462     3.0256    32.7951    1460.38  0.000e+00
     43.774   65.69292 -168.46462     3.0247    32.7961    1460.37  0.000e+00
     43.720   65.69292 -168.46462     3.0248    32.7962    1460.37  0.000e+00
     43.782   65.69292 -168.46462     3.0248    32.7960    1460.37  0.000e+00
     43.720   65.69292 -168.46462     3.0244    32.7962    1460.37  0.000e+00
     43.720   65.69292 -168.46462     3.0239    32.7973    1460.37  0.000e+00
     43.720   65.69292 -168.46462     3.0234    32.7986    1460.37  0.000e+00
     43.720   65.69292 -168.46462     3.0238    32.7984    1460.37  0.000e+00
     43.720   65.69292 -168.46462     3.0246    32.7977    1460.37  0.000e+00
     43.720   65.69292 -168.46462     3.0248    32.7974    1460.37  0.000e+00
     43.720   65.69292 -168.46462     3.0250    32.7975    1460.37  0.000e+00
     43.720   65.69292 -168.46462     3.0245    32.7978    1460.37  0.000e+00
     43.720   65.69292 -168.46462     3.0245    32.7978    1460.37  0.000e+00
     43.782   65.69292 -168.46462     3.0241    32.7982    1460.37  0.000e+00
     43.720   65.69292 -168.46462     3.0238    32.7983    1460.37  0.000e+00
     43.782   65.69292 -168.46462     3.0233    32.7985    1460.37  0.000e+00
     43.720   65.69292 -168.46462     3.0231    32.7984    1460.37  0.000e+00
     43.774   65.69292 -168.46462     3.0230    32.7989    1460.37  0.000e+00
     43.720   65.69292 -168.46462     3.0231    32.7989    1460.37  0.000e+00
