EcoFOCI/data/1_SampleCollection/2023_SikuliaqDBO_CruiseData/CTD_raw_BottleFile_SKQ23-12S/proc/skq202312s_066svp.cnv
* Sea-Bird SBE 9 Data File:
* FileName = D:\CTD\SKQ202312S\SKQ202312S_066.hex
* Software Version Seasave V 7.26.7.121
* Temperature SN = 6177
* Conductivity SN = 0369
* Number of Bytes Per Scan = 41
* Number of Voltage Words = 4
* Number of Scans Averaged by the Deck Unit = 1
* NMEA Latitude = 72 12.41 N
* NMEA Longitude = 166 57.30 W
* NMEA UTC (Time) = Sep 28 2023  13:08:17
* NMEA baud rate = 4800
** Ship: R/V Sikuliaq
** Station Number: 066
** Station Name: IC0.3
** Bottom Depth: 47
** Operator: SD
# nquan = 7
# nvalues = 4842                                  
# units = specified
# name 0 = depSM: Depth [salt water, m]
# name 1 = latitude: Latitude [deg]
# name 2 = longitude: Longitude [deg]
# name 3 = t090C: Temperature [ITS-90, deg C]
# name 4 = sal00: Salinity, Practical [PSU]
# name 5 = svCM: Sound Velocity [Chen-Millero, m/s]
# name 6 = flag:  0.000e+00
# span 0 =      2.489,     42.256                 
# span 1 =   72.20680,   72.20682                 
# span 2 = -166.95580, -166.95532                 
# span 3 =     0.2306,     4.3186                 
# span 4 =    30.9114,    32.4398                 
# span 5 =    1447.30,    1463.43                 
# span 6 = 0.0000e+00, 0.0000e+00                 
# interval = seconds: 0.0416667
# start_time = Sep 28 2023 13:12:40 [NMEA time, first data scan]
# bad_flag = -9.990e-29
*END*
[from data line 2462]
     22.331   72.20682 -166.95556     4.2820    31.1180    1463.18  0.000e+00
     22.392   72.20682 -166.95556     4.2822    31.1169    1463.18  0.000e+00
     22.354   72.20682 -166.95556     4.2821    31.1164    1463.18  0.000e+00
     22.392   72.20682 -166.95556     4.2822    31.1154    1463.18  0.000e+00
     22.446   72.20682 -166.95556     4.2817    31.1160    1463.18  0.000e+00
     22.416   72.20682 -166.95556     4.2817    31.1166    1463.18  0.000e+00
     22.508   72.20682 -166.95556     4.2816    31.1169    1463.18  0.000e+00
     22.446   72.20682 -166.95556     4.2817    31.1171    1463.18  0.000e+00
     22.469   72.20682 -166.95556     4.2817    31.1170    1463.18  0.000e+00
     22.562   72.20682 -166.95556     4.2818    31.1167    1463.18  0.000e+00
     22.531   72.20682 -166.95556     4.2817    31.1166    1463.18  0.000e+00
     22.562   72.20682 -166.95556     4.2818    31.1165    1463.18  0.000e+00
     22.562   72.20682 -166.95556     4.2819    31.1166    1463.18  0.000e+00
     22.639   72.20682 -166.95556     4.2817    31.1162    1463.18  0.000e+00
     22.624   72.20682 -166.95556     4.2816    31.1167    1463.18  0.000e+00
     22.624   72.20682 -166.95556     4.2817    31.1166    1463.18  0.000e+00
     22.701   72.20682 -166.95556     4.2819    31.1167    1463.18  0.000e+00
     22.677   72.20682 -166.95556     4.2818    31.1168    1463.18  0.000e+00
     22.731   72.20682 -166.95556     4.2817    31.1174    1463.18  0.000e+00
     22.701   72.20682 -166.95556     4.2817    31.1177    1463.18  0.000e+00
     22.731   72.20682 -166.95556     4.2820    31.1177    1463.19  0.000e+00
     22.754   72.20682 -166.95556     4.2820    31.1169    1463.18  0.000e+00
     22.793   72.20682 -166.95556     4.2820    31.1171    1463.19  0.000e+00
     22.847   72.20682 -166.95556     4.2822    31.1175    1463.19  0.000e+00
     22.816   72.20682 -166.95556     4.2823    31.1179    1463.19  0.000e+00
     22.847   72.20682 -166.95556     4.2822    31.1178    1463.19  0.000e+00
     22.909   72.20682 -166.95556     4.2823    31.1177    1463.19  0.000e+00
     22.870   72.20682 -166.95556     4.2824    31.1177    1463.19  0.000e+00
     22.909   72.20682 -166.95556     4.2825    31.1176    1463.19  0.000e+00
     22.924   72.20682 -166.95556     4.2822    31.1183    1463.19  0.000e+00
     22.963   72.20682 -166.95556     4.2826    31.1180    1463.19  0.000e+00
     22.962   72.20682 -166.95556     4.2825    31.1183    1463.19  0.000e+00
     23.040   72.20682 -166.95556     4.2826    31.1174    1463.19  0.000e+00
     22.962   72.20682 -166.95556     4.2825    31.1178    1463.19  0.000e+00
     23.078   72.20682 -166.95556     4.2826    31.1178    1463.19  0.000e+00
     23.040   72.20682 -166.95556     4.2825    31.1180    1463.19  0.000e+00
     23.078   72.20682 -166.95556     4.2823    31.1180    1463.19  0.000e+00
     23.101   72.20682 -166.95556     4.2825    31.1177    1463.19  0.000e+00
     23.078   72.20682 -166.95556     4.2825    31.1180    1463.19  0.000e+00
     23.132   72.20682 -166.95556     4.2825    31.1182    1463.19  0.000e+00
     23.155   72.20682 -166.95556     4.2825    31.1184    1463.20  0.000e+00
     23.194   72.20682 -166.95556     4.2828    31.1189    1463.20  0.000e+00
     23.194   72.20682 -166.95556     4.2827    31.1194    1463.20  0.000e+00
     23.155   72.20682 -166.95556     4.2828    31.1196    1463.20  0.000e+00
     23.248   72.20682 -166.95556     4.2833    31.1197    1463.20  0.000e+00
     23.271   72.20682 -166.95556     4.2834    31.1200    1463.20  0.000e+00
     23.248   72.20682 -166.95556     4.2836    31.1199    1463.20  0.000e+00
     23.309   72.20682 -166.95556     4.2839    31.1196    1463.21  0.000e+00
     23.271   72.20682 -166.95556     4.2838    31.1204    1463.21  0.000e+00
     23.363   72.20682 -166.95556     4.2844    31.1202    1463.21  0.000e+00
     23.309   72.20682 -166.95556     4.2842    31.1210    1463.21  0.000e+00
     23.386   72.20682 -166.95556     4.2847    31.1208    1463.21  0.000e+00
     23.363   72.20682 -166.95556     4.2846    31.1211    1463.21  0.000e+00
     23.386   72.20682 -166.95556     4.2848    31.1213    1463.21  0.000e+00
     23.425   72.20682 -166.95556     4.2853    31.1216    1463.22  0.000e+00
     23.479   72.20682 -166.95556     4.2853    31.1218    1463.22  0.000e+00
     23.440   72.20682 -166.95556     4.2857    31.1218    1463.22  0.000e+00
     23.479   72.20682 -166.95556     4.2858    31.1217    1463.22  0.000e+00
     23.502   72.20682 -166.95556     4.2860    31.1209    1463.22  0.000e+00
     23.479   72.20682 -166.95556     4.2859    31.1215    1463.22  0.000e+00
     23.533   72.20682 -166.95556     4.2860    31.1212    1463.22  0.000e+00
     23.556   72.20682 -166.95556     4.2861    31.1210    1463.22  0.000e+00
     23.594   72.20682 -166.95556     4.2860    31.1210    1463.22  0.000e+00
     23.594   72.20682 -166.95556     4.2859    31.1211    1463.22  0.000e+00
     23.617   72.20682 -166.95556     4.2857    31.1209    1463.22  0.000e+00
     23.594   72.20682 -166.95556     4.2856    31.1209    1463.22  0.000e+00
     23.671   72.20682 -166.95556     4.2856    31.1211    1463.22  0.000e+00
     23.648   72.20682 -166.95556     4.2857    31.1220    1463.22  0.000e+00
     23.710   72.20682 -166.95556     4.2856    31.1226    1463.22  0.000e+00
     23.617   72.20682 -166.95556     4.2857    31.1237    1463.22  0.000e+00
     23.825   72.20682 -166.95556     4.2862    31.1245    1463.23  0.000e+00
     23.725   72.20682 -166.95556     4.2863    31.1256    1463.23  0.000e+00
     23.764   72.20682 -166.95556     4.2872    31.1261    1463.23  0.000e+00
     23.764   72.20682 -166.95556     4.2876    31.1262    1463.24  0.000e+00
     23.787   72.20682 -166.95556     4.2883    31.1265    1463.24  0.000e+00
     23.825   72.20682 -166.95556     4.2887    31.1265    1463.24  0.000e+00
     23.825   72.20682 -166.95556     4.2889    31.1264    1463.24  0.000e+00
     23.841   72.20682 -166.95556     4.2890    31.1259    1463.24  0.000e+00
     23.879   72.20682 -166.95556     4.2891    31.1259    1463.24  0.000e+00
     23.902   72.20682 -166.95556     4.2889    31.1266    1463.24  0.000e+00
     23.879   72.20682 -166.95556     4.2884    31.1273    1463.24  0.000e+00
     23.879   72.20682 -166.95556     4.2884    31.1276    1463.24  0.000e+00
     23.956   72.20682 -166.95556     4.2881    31.1279    1463.24  0.000e+00
     23.933   72.20682 -166.95556     4.2878    31.1293    1463.24  0.000e+00
     24.018   72.20682 -166.95556     4.2878    31.1310    1463.25  0.000e+00
     23.995   72.20682 -166.95556     4.2879    31.1328    1463.25  0.000e+00
     23.995   72.20682 -166.95556     4.2884    31.1350    1463.26  0.000e+00
     24.018   72.20682 -166.95556     4.2896    31.1369    1463.26  0.000e+00
     24.049   72.20682 -166.95556     4.2909    31.1377    1463.27  0.000e+00
     24.072   72.20682 -166.95556     4.2922    31.1387    1463.28  0.000e+00
     24.110   72.20682 -166.95556     4.2937    31.1387    1463.28  0.000e+00
     24.049   72.20682 -166.95556     4.2949    31.1393    1463.29  0.000e+00
     24.126   72.20682 -166.95556     4.2959    31.1396    1463.29  0.000e+00
     24.110   72.20682 -166.95556     4.2973    31.1404    1463.30  0.000e+00
     24.126   72.20682 -166.95556     4.2984    31.1410    1463.31  0.000e+00
     24.226   72.20682 -166.95556     4.2994    31.1415    1463.31  0.000e+00
     24.164   72.20682 -166.95556     4.3005    31.1422    1463.32  0.000e+00
     24.187   72.20682 -166.95556     4.3016    31.1434    1463.32  0.000e+00
     24.226   72.20682 -166.95556     4.3025    31.1444    1463.33  0.000e+00
     24.187   72.20682 -166.95556     4.3038    31.1443    1463.33  0.000e+00
     24.280   72.20682 -166.95556     4.3051    31.1450    1463.34  0.000e+00
     24.226   72.20682 -166.95556     4.3060    31.1461    1463.35  0.000e+00
     24.303   72.20682 -166.95556     4.3070    31.1466    1463.35  0.000e+00
     24.334   72.20682 -166.95556     4.3084    31.1461    1463.36  0.000e+00
     24.303   72.20682 -166.95556     4.3091    31.1464    1463.36  0.000e+00
     24.334   72.20682 -166.95556     4.3099    31.1465    1463.37  0.000e+00
     24.334   72.20682 -166.95556     4.3108    31.1464    1463.37  0.000e+00
     24.357   72.20682 -166.95556     4.3115    31.1464    1463.37  0.000e+00
     24.395   72.20682 -166.95556     4.3118    31.1468    1463.37  0.000e+00
     24.357   72.20682 -166.95556     4.3127    31.1467    1463.38  0.000e+00
     24.395   72.20682 -166.95556     4.3132    31.1468    1463.38  0.000e+00
     24.449   72.20682 -166.95556     4.3137    31.1473    1463.38  0.000e+00
     24.411   72.20682 -166.95556     4.3139    31.1476    1463.38  0.000e+00
     24.449   72.20682 -166.95556     4.3145    31.1479    1463.39  0.000e+00
     24.472   72.20682 -166.95556     4.3148    31.1481    1463.39  0.000e+00
     24.511   72.20682 -166.95556     4.3150    31.1490    1463.39  0.000e+00
     24.511   72.20682 -166.95556     4.3152    31.1497    1463.39  0.000e+00
     24.526   72.20682 -166.95556     4.3153    31.1504    1463.40  0.000e+00
     24.511   72.20682 -166.95556     4.3159    31.1506    1463.40  0.000e+00
     24.588   72.20682 -166.95556     4.3161    31.1510    1463.40  0.000e+00
     24.565   72.20682 -166.95556     4.3163    31.1517    1463.40  0.000e+00
     24.565   72.20682 -166.95556     4.3164    31.1526    1463.40  0.000e+00
     24.642   72.20682 -166.95556     4.3165    31.1533    1463.41  0.000e+00
     24.626   72.20682 -166.95556     4.3167    31.1542    1463.41  0.000e+00
     24.588   72.20682 -166.95556     4.3170    31.1547    1463.41  0.000e+00
     24.680   72.20682 -166.95556     4.3169    31.1556    1463.41  0.000e+00
     24.680   72.20682 -166.95556     4.3172    31.1566    1463.41  0.000e+00
     24.642   72.20682 -166.95556     4.3169    31.1578    1463.41  0.000e+00
     24.734   72.20682 -166.95556     4.3172    31.1581    1463.42  0.000e+00
     24.703   72.20682 -166.95556     4.3169    31.1596    1463.42  0.000e+00
     24.734   72.20682 -166.95558     4.3169    31.1604    1463.42  0.000e+00
     24.703   72.20682 -166.95558     4.3170    31.1603    1463.42  0.000e+00
     24.796   72.20682 -166.95558     4.3170    31.1613    1463.42  0.000e+00
     24.796   72.20682 -166.95558     4.3170    31.1624    1463.42  0.000e+00
     24.757   72.20682 -166.95558     4.3172    31.1637    1463.42  0.000e+00
     24.796   72.20682 -166.95558     4.3173    31.1643    1463.43  0.000e+00
     24.873   72.20682 -166.95558     4.3175    31.1644    1463.43  0.000e+00
     24.850   72.20682 -166.95558     4.3178    31.1652    1463.43  0.000e+00
     24.850   72.20682 -166.95558     4.3180    31.1653    1463.43  0.000e+00
     24.873   72.20682 -166.95558     4.3183    31.1657    1463.43  0.000e+00
     24.911   72.20682 -166.95558     4.3184    31.1656    1463.43  0.000e+00
     24.873   72.20682 -166.95558     4.3186    31.1649    1463.43  0.000e+00
     24.965   72.20682 -166.95558     4.3186    31.1635    1463.43  0.000e+00
     24.965   72.20682 -166.95558     4.3176    31.1625    1463.43  0.000e+00
     24.927   72.20682 -166.95558     4.3169    31.1616    1463.42  0.000e+00
     24.965   72.20682 -166.95558     4.3153    31.1616    1463.42  0.000e+00
     24.988   72.20682 -166.95558     4.3139    31.1610    1463.41  0.000e+00
     25.027   72.20682 -166.95558     4.3118    31.1618    1463.40  0.000e+00
     25.042   72.20682 -166.95558     4.3099    31.1614    1463.40  0.000e+00
     25.081   72.20682 -166.95558     4.3076    31.1614    1463.39  0.000e+00
     25.081   72.20682 -166.95558     4.3052    31.1618    1463.38  0.000e+00
     25.104   72.20682 -166.95558     4.3021    31.1630    1463.37  0.000e+00
     25.081   72.20682 -166.95558     4.2994    31.1638    1463.36  0.000e+00
     25.158   72.20682 -166.95558     4.2968    31.1648    1463.35  0.000e+00
     25.135   72.20682 -166.95558     4.2942    31.1653    1463.34  0.000e+00
     25.196   72.20682 -166.95558     4.2913    31.1660    1463.33  0.000e+00
     25.158   72.20682 -166.95558     4.2881    31.1674    1463.31  0.000e+00
     25.196   72.20682 -166.95558     4.2853    31.1686    1463.31  0.000e+00
     25.212   72.20682 -166.95558     4.2826    31.1694    1463.30  0.000e+00
     25.250   72.20682 -166.95558     4.2802    31.1707    1463.29  0.000e+00
     25.273   72.20682 -166.95558     4.2782    31.1714    1463.28  0.000e+00
     25.312   72.20682 -166.95558     4.2757    31.1729    1463.27  0.000e+00
     25.250   72.20682 -166.95558     4.2737    31.1751    1463.27  0.000e+00
     25.327   72.20682 -166.95558     4.2716    31.1772    1463.26  0.000e+00
     25.366   72.20682 -166.95558     4.2698    31.1788    1463.26  0.000e+00
     25.327   72.20682 -166.95558     4.2678    31.1807    1463.25  0.000e+00
     25.427   72.20682 -166.95558     4.2665    31.1827    1463.25  0.000e+00
     25.389   72.20682 -166.95558     4.2649    31.1852    1463.24  0.000e+00
     25.427   72.20682 -166.95558     4.2635    31.1870    1463.24  0.000e+00
     25.427   72.20682 -166.95558     4.2621    31.1884    1463.24  0.000e+00
     25.443   72.20682 -166.95558     4.2611    31.1897    1463.23  0.000e+00
     25.481   72.20682 -166.95558     4.2596    31.1911    1463.23  0.000e+00
     25.504   72.20682 -166.95558     4.2590    31.1912    1463.23  0.000e+00
     25.481   72.20682 -166.95558     4.2576    31.1912    1463.22  0.000e+00
     25.535   72.20682 -166.95558     4.2561    31.1916    1463.22  0.000e+00
     25.558   72.20682 -166.95558     4.2544    31.1932    1463.21  0.000e+00
     25.597   72.20682 -166.95558     4.2531    31.1945    1463.21  0.000e+00
     25.558   72.20682 -166.95558     4.2514    31.1969    1463.21  0.000e+00
     25.651   72.20682 -166.95558     4.2503    31.1987    1463.20  0.000e+00
     25.612   72.20682 -166.95558     4.2488    31.2012    1463.20  0.000e+00
     25.651   72.20682 -166.95558     4.2478    31.2038    1463.20  0.000e+00
     25.651   72.20682 -166.95558     4.2468    31.2058    1463.20  0.000e+00
     25.674   72.20682 -166.95558     4.2457    31.2082    1463.20  0.000e+00
     25.712   72.20682 -166.95558     4.2451    31.2103    1463.20  0.000e+00
     25.728   72.20682 -166.95558     4.2441    31.2133    1463.20  0.000e+00
     25.712   72.20682 -166.95558     4.2434    31.2155    1463.20  0.000e+00
     25.728   72.20682 -166.95558     4.2420    31.2176    1463.20  0.000e+00
     25.766   72.20682 -166.95558     4.2412    31.2189    1463.19  0.000e+00
     25.789   72.20682 -166.95558     4.2402    31.2210    1463.19  0.000e+00
     25.828   72.20682 -166.95558     4.2393    31.2215    1463.19  0.000e+00
     25.828   72.20682 -166.95558     4.2385    31.2221    1463.19  0.000e+00
     25.789   72.20682 -166.95558     4.2379    31.2225    1463.19  0.000e+00
     25.882   72.20682 -166.95558     4.2370    31.2241    1463.19  0.000e+00
     25.843   72.20682 -166.95558     4.2359    31.2274    1463.18  0.000e+00
     25.882   72.20682 -166.95558     4.2347    31.2308    1463.18  0.000e+00
     25.897   72.20682 -166.95558     4.2333    31.2339    1463.18  0.000e+00
     25.936   72.20682 -166.95558     4.2309    31.2380    1463.18  0.000e+00
     25.936   72.20682 -166.95558     4.2286    31.2413    1463.17  0.000e+00
     25.897   72.20682 -166.95558     4.2258    31.2442    1463.16  0.000e+00
     25.997   72.20682 -166.95558     4.2236    31.2466    1463.16  0.000e+00
     25.959   72.20682 -166.95558     4.2206    31.2511    1463.15  0.000e+00
     25.997   72.20682 -166.95558     4.2172    31.2557    1463.15  0.000e+00
     26.013   72.20682 -166.95558     4.2135    31.2605    1463.14  0.000e+00
     25.997   72.20682 -166.95558     4.2101    31.2640    1463.13  0.000e+00
