EcoFOCI/data/1_SampleCollection/2023_SikuliaqDBO_CruiseData/CTD_raw_BottleFile_SKQ23-12S/proc/skq202312s_015.cnv
* Sea-Bird SBE 9 Data File:
* FileName = D:\CTD\SKQ202312S\SKQ202312S_015.hex
* Software Version Seasave V 7.26.7.121
* Temperature SN = 6177
* Conductivity SN = 0369
* Number of Bytes Per Scan = 41
* Number of Voltage Words = 4
* Number of Scans Averaged by the Deck Unit = 1
* NMEA Latitude = 64 40.48 N
* NMEA Longitude = 169 28.25 W
* NMEA UTC (Time) = Sep 17 2023  12:08:54
* NMEA baud rate = 4800
** Ship: R/V Sikuliaq
** Station Number: 015
** Station Name: DBO2.1A
** Bottom Depth: 44
** Operator: Bern
# nquan = 24
# nvalues = 3941                                  
# units = specified
# name 0 = depSM: Depth [salt water, m]
# name 1 = latitude: Latitude [deg]
# name 2 = longitude: Longitude [deg]
# name 3 = prDM: Pressure, Digiquartz [db]
# name 4 = t090C: Temperature [ITS-90, deg C]
# name 5 = t190C: Temperature, 2 [ITS-90, deg C]
# name 6 = potemp090C: Potential Temperature [ITS-90, deg C]
# name 7 = sal00: Salinity, Practical [PSU]
# name 8 = sal11: Salinity, Practical, 2 [PSU]
# name 9 = density00: Density [density, kg/m^3]
# name 10 = sigma-é00: Density [sigma-theta, kg/m^3]
# name 11 = sbox0Mm/Kg: Oxygen, SBE 43 [umol/kg]
# name 12 = sbox1Mm/Kg: Oxygen, SBE 43, 2 [umol/kg]
# name 13 = oxsolMm/Kg: Oxygen Saturation, Garcia & Gordon [umol/kg]
# name 14 = sbeox0PS: Oxygen, SBE 43 [% saturation]
# name 15 = sbeox1PS: Oxygen, SBE 43, 2 [% saturation]
# name 16 = v0: Voltage 0
# name 17 = flECO-AFL: Fluorescence, WET Labs ECO-AFL/FL [mg/m^3]
# name 18 = v1: Voltage 1
# name 19 = CStarAt0: Beam Attenuation, WET Labs C-Star [1/m]
# name 20 = par: PAR/Irradiance, Biospherical/Licor
# name 21 = scan: Scan Count
# name 22 = timeM: Time, Elapsed [minutes]
# name 23 = flag:  0.000e+00
# span 0 =      1.660,     39.630                 
# span 1 =   64.67388,   64.67418                 
# span 2 = -169.47154, -169.47120                 
# span 3 =      1.676,     40.026                 
# span 4 =     1.9563,     2.5748                 
# span 5 =     1.9573,     2.5759                 
# span 6 =     1.9544,     2.5738                 
# span 7 =    31.9284,    32.7519                 
# span 8 =    31.9263,    32.7624                 
# span 9 =  1025.4985,  1026.3629                 
# span 10 =    25.4832,    26.1741                
# span 11 =    242.033,    329.595                
# span 12 =    232.946,    315.416                
# span 13 =  332.31199,  338.33349                
# span 14 =     71.887,     97.655                
# span 15 =     69.187,     93.367                
# span 16 =     0.1587,     0.4969                
# span 17 =     0.6044,     2.6337                
# span 18 =     3.3162,     3.9109                
# span 19 =     0.7458,     1.4058                
# span 20 = 1.0000e-12, 6.4209e-01                
# span 21 =          1,       3941                
# span 22 =     0.0000,     2.7361                
# span 23 = 0.0000e+00, 0.0000e+00                
# interval = seconds: 0.0416667
# start_time = Sep 17 2023 12:12:19 [NMEA time, first data scan]
# bad_flag = -9.990e-29
*END*
[from data line 3261]
     34.812   64.67392 -169.47152     35.159     1.9724     1.9738     1.9707    32.7262    32.7351  1026.3184    26.1524    246.875    233.522  336.68506     73.325     69.366     0.1746     0.6996     3.7485     0.9155 1.0000e-12       3262     2.2646  0.000e+00
     34.766   64.67392 -169.47152     35.112     1.9724     1.9735     1.9707    32.7260    32.7356  1026.3180    26.1522    246.570    233.308  336.68563     73.234     69.303     0.1758     0.7069     3.7485     0.9155 1.0000e-12       3263     2.2653  0.000e+00
     34.812   64.67392 -169.47152     35.159     1.9725     1.9735     1.9708    32.7257    32.7359  1026.3180    26.1520    246.761    233.300  336.68591     73.291     69.300     0.1734     0.6923     3.7473     0.9168 1.0000e-12       3264     2.2660  0.000e+00
     34.766   64.67392 -169.47152     35.112     1.9723     1.9735     1.9706    32.7261    32.7358  1026.3180    26.1523    246.765    233.291  336.68690     73.292     69.298     0.1746     0.6996     3.7473     0.9168 1.0000e-12       3265     2.2667  0.000e+00
     34.820   64.67392 -169.47152     35.166     1.9723     1.9738     1.9706    32.7261    32.7356  1026.3184    26.1523    246.509    233.287  336.68624     73.216     69.297     0.1734     0.6923     3.7485     0.9155 1.0000e-12       3266     2.2674  0.000e+00
     34.750   64.67392 -169.47152     35.096     1.9723     1.9735     1.9706    32.7263    32.7358  1026.3182    26.1525    246.480    233.081  336.68614     73.208     69.235     0.1746     0.6996     3.7485     0.9155 1.0000e-12       3267     2.2681  0.000e+00
     34.766   64.67392 -169.47152     35.112     1.9725     1.9735     1.9708    32.7263    32.7359  1026.3182    26.1524    246.457    233.259  336.68447     73.201     69.288     0.1758     0.7069     3.7485     0.9155 1.0000e-12       3268     2.2687  0.000e+00
     34.766   64.67392 -169.47152     35.112     1.9723     1.9732     1.9706    32.7266    32.7367  1026.3185    26.1527    246.627    233.236  336.68542     73.251     69.281     0.1746     0.6996     3.7485     0.9155 1.0000e-12       3269     2.2694  0.000e+00
     34.812   64.67392 -169.47152     35.159     1.9723     1.9732     1.9706    32.7263    32.7369  1026.3185    26.1525    246.425    233.013  336.68622     73.191     69.215     0.1758     0.7069     3.7473     0.9168 1.0000e-12       3270     2.2701  0.000e+00
     34.704   64.67392 -169.47152     35.050     1.9723     1.9732     1.9706    32.7265    32.7369  1026.3181    26.1526    246.410    233.192  336.68523     73.187     69.268     0.1746     0.6996     3.7485     0.9155 1.0000e-12       3271     2.2708  0.000e+00
     34.766   64.67390 -169.47152     35.112     1.9722     1.9733     1.9705    32.7265    32.7368  1026.3184    26.1526    246.368    233.200  336.68679     73.174     69.271     0.1758     0.7069     3.7473     0.9168 1.0000e-12       3272     2.2715  0.000e+00
     34.812   64.67390 -169.47152     35.159     1.9723     1.9734     1.9706    32.7265    32.7364  1026.3186    26.1526    246.100    233.211  336.68538     73.095     69.274     0.1734     0.6923     3.7485     0.9155 1.0000e-12       3273     2.2722  0.000e+00
     34.766   64.67390 -169.47152     35.112     1.9723     1.9735     1.9706    32.7263    32.7362  1026.3183    26.1525    246.288    233.220  336.68616     73.151     69.277     0.1746     0.6996     3.7485     0.9155 1.0000e-12       3274     2.2729  0.000e+00
     34.704   64.67390 -169.47152     35.050     1.9725     1.9732     1.9708    32.7264    32.7368  1026.3180    26.1525    246.026    233.233  336.68428     73.073     69.280     0.1746     0.6996     3.7485     0.9155 1.0000e-12       3275     2.2736  0.000e+00
     34.750   64.67390 -169.47152     35.096     1.9724     1.9735     1.9707    32.7262    32.7360  1026.3181    26.1523    245.962    233.223  336.68519     73.054     69.278     0.1746     0.6996     3.7485     0.9155 1.0000e-12       3276     2.2743  0.000e+00
     34.766   64.67390 -169.47152     35.112     1.9723     1.9735     1.9706    32.7265    32.7356  1026.3184    26.1526    245.941    233.215  336.68531     73.048     69.275     0.1758     0.7069     3.7485     0.9155 1.0000e-12       3277     2.2750  0.000e+00
     34.704   64.67390 -169.47152     35.050     1.9723     1.9735     1.9706    32.7266    32.7358  1026.3182    26.1527    245.884    233.029  336.68554     73.031     69.220     0.1746     0.6996     3.7473     0.9168 1.0000e-12       3278     2.2757  0.000e+00
     34.750   64.67390 -169.47152     35.096     1.9723     1.9734     1.9706    32.7262    32.7362  1026.3181    26.1524    245.875    233.026  336.68656     73.028     69.219     0.1758     0.7069     3.7436     0.9207 1.0000e-12       3279     2.2764  0.000e+00
     34.704   64.67390 -169.47152     35.050     1.9723     1.9735     1.9706    32.7264    32.7365  1026.3180    26.1525    245.417    233.224  336.68554     72.892     69.278     0.1746     0.6996     3.7436     0.9207 1.0000e-12       3280     2.2771  0.000e+00
     34.766   64.67390 -169.47152     35.112     1.9724     1.9734     1.9707    32.7260    32.7364  1026.3180    26.1522    245.308    233.252  336.68563     72.860     69.286     0.1758     0.7069     3.7436     0.9207 1.0000e-12       3281     2.2778  0.000e+00
     34.696   64.67390 -169.47152     35.042     1.9722     1.9732     1.9705    32.7266    32.7368  1026.3181    26.1527    245.430    233.480  336.68648     72.896     69.354     0.1746     0.6996     3.7436     0.9207 1.0000e-12       3282     2.2785  0.000e+00
     34.704   64.67390 -169.47152     35.050     1.9723     1.9734     1.9706    32.7265    32.7365  1026.3181    26.1526    245.372    233.533  336.68586     72.879     69.369     0.1770     0.7143     3.7436     0.9207 1.0000e-12       3283     2.2792  0.000e+00
     34.696   64.67390 -169.47152     35.042     1.9722     1.9732     1.9705    32.7267    32.7368  1026.3182    26.1527    245.320    233.587  336.68627     72.863     69.385     0.1917     0.8022     3.7436     0.9207 1.0000e-12       3284     2.2799  0.000e+00
     34.704   64.67390 -169.47152     35.050     1.9724     1.9734     1.9707    32.7263    32.7370  1026.3179    26.1524    245.048    233.641  336.68491     72.782     69.402     0.1990     0.8461     3.7436     0.9207 1.0000e-12       3285     2.2806  0.000e+00
     34.704   64.67390 -169.47152     35.049     1.9723     1.9732     1.9706    32.7263    32.7370  1026.3179    26.1524    244.973    233.497  336.68628     72.760     69.359     0.2002     0.8535     3.7424     0.9221 1.0000e-12       3286     2.2813  0.000e+00
     34.696   64.67390 -169.47152     35.042     1.9725     1.9732     1.9708    32.7262    32.7366  1026.3178    26.1523    244.904    233.707  336.68479     72.740     69.421     0.1990     0.8461     3.7436     0.9207 1.0000e-12       3287     2.2819  0.000e+00
     34.704   64.67390 -169.47152     35.049     1.9722     1.9732     1.9705    32.7271    32.7368  1026.3186    26.1531    244.845    233.739  336.68522     72.722     69.431     0.1990     0.8461     3.7436     0.9207 1.0000e-12       3288     2.2826  0.000e+00
     34.650   64.67390 -169.47152     34.995     1.9722     1.9731     1.9705    32.7269    32.7368  1026.3182    26.1530    244.792    233.771  336.68557     72.706     69.440     0.1990     0.8461     3.7424     0.9221 1.0000e-12       3289     2.2833  0.000e+00
     34.696   64.67390 -169.47152     35.042     1.9723     1.9735     1.9706    32.7264    32.7365  1026.3180    26.1525    244.749    233.803  336.68606     72.694     69.450     0.1990     0.8461     3.7436     0.9207 1.0000e-12       3290     2.2840  0.000e+00
     34.704   64.67390 -169.47152     35.049     1.9725     1.9732     1.9708    32.7261    32.7369  1026.3178    26.1523    244.712    233.837  336.68481     72.683     69.460     0.1990     0.8461     3.7436     0.9207 1.0000e-12       3291     2.2847  0.000e+00
     34.650   64.67390 -169.47152     34.995     1.9724     1.9732     1.9707    32.7262    32.7367  1026.3176    26.1523    244.457    233.894  336.68526     72.607     69.477     0.1990     0.8461     3.7436     0.9207 1.0000e-12       3292     2.2854  0.000e+00
     34.696   64.67390 -169.47152     35.042     1.9724     1.9732     1.9707    32.7264    32.7373  1026.3180    26.1525    244.175    234.129  336.68458     72.523     69.547     0.1978     0.8388     3.7436     0.9207 1.0000e-12       3293     2.2861  0.000e+00
     34.650   64.67390 -169.47152     34.995     1.9723     1.9732     1.9706    32.7263    32.7369  1026.3177    26.1525    244.317    234.186  336.68568     72.565     69.563     0.1990     0.8461     3.7436     0.9207 1.0000e-12       3294     2.2868  0.000e+00
     34.704   64.67390 -169.47152     35.049     1.9723     1.9731     1.9706    32.7266    32.7369  1026.3182    26.1527    244.508    234.244  336.68554     72.622     69.581     0.2002     0.8535     3.7436     0.9207 1.0000e-12       3295     2.2875  0.000e+00
     34.642   64.67390 -169.47152     34.987     1.9725     1.9733     1.9708    32.7260    32.7368  1026.3174    26.1522    244.250    234.296  336.68524     72.546     69.596     0.1990     0.8461     3.7436     0.9207 1.0000e-12       3296     2.2882  0.000e+00
     34.704   64.67390 -169.47152     35.049     1.9723     1.9732     1.9706    32.7263    32.7371  1026.3179    26.1524    244.007    234.151  336.68628     72.473     69.553     0.2002     0.8535     3.7436     0.9207 1.0000e-12       3297     2.2889  0.000e+00
     34.650   64.67390 -169.47152     34.995     1.9723     1.9732     1.9706    32.7259    32.7373  1026.3173    26.1521    243.919    234.380  336.68694     72.447     69.621     0.1990     0.8461     3.7424     0.9221 1.0000e-12       3298     2.2896  0.000e+00
     34.642   64.67390 -169.47152     34.987     1.9724     1.9732     1.9707    32.7263    32.7370  1026.3177    26.1525    243.879    234.433  336.68482     72.436     69.637     0.2002     0.8535     3.7411     0.9234 1.0000e-12       3299     2.2903  0.000e+00
     34.650   64.67390 -169.47152     34.995     1.9723     1.9733     1.9706    32.7261    32.7368  1026.3176    26.1523    243.854    234.485  336.68620     72.428     69.652     0.1990     0.8461     3.7399     0.9247 1.0000e-12       3300     2.2910  0.000e+00
     34.650   64.67390 -169.47152     34.995     1.9723     1.9732     1.9706    32.7260    32.7369  1026.3175    26.1522    243.839    234.536  336.68694     72.423     69.668     0.1990     0.8461     3.7387     0.9260 1.0000e-12       3301     2.2917  0.000e+00
     34.642   64.67390 -169.47152     34.987     1.9724     1.9733     1.9707    32.7262    32.7368  1026.3175    26.1523    243.607    234.560  336.68524     72.354     69.675     0.1978     0.8388     3.7387     0.9260 1.0000e-12       3302     2.2924  0.000e+00
     34.650   64.67390 -169.47152     34.995     1.9725     1.9732     1.9708    32.7261    32.7369  1026.3175    26.1523    243.577    234.583  336.68494     72.346     69.682     0.1990     0.8461     3.7399     0.9247 1.0000e-12       3303     2.2931  0.000e+00
     34.642   64.67390 -169.47152     34.987     1.9724     1.9732     1.9707    32.7264    32.7370  1026.3177    26.1526    243.294    234.604  336.68451     72.262     69.688     0.1990     0.8461     3.7399     0.9247 1.0000e-12       3304     2.2938  0.000e+00
     34.650   64.67390 -169.47152     34.995     1.9725     1.9732     1.9708    32.7264    32.7364  1026.3177    26.1525    243.251    234.623  336.68420     72.249     69.693     0.1990     0.8461     3.7399     0.9247 8.4714e-06       3305     2.2944  0.000e+00
     34.650   64.67390 -169.47152     34.995     1.9723     1.9730     1.9706    32.7262    32.7370  1026.3176    26.1524    243.225    234.438  336.68641     72.241     69.638     0.2002     0.8535     3.7387     0.9260 1.0000e-12       3306     2.2951  0.000e+00
     34.642   64.67390 -169.47152     34.987     1.9725     1.9732     1.9708    32.7258    32.7362  1026.3172    26.1520    243.170    234.630  336.68567     72.225     69.695     0.1990     0.8461     3.7399     0.9247 1.0000e-12       3307     2.2958  0.000e+00
     34.650   64.67390 -169.47152     34.995     1.9726     1.9732     1.9709    32.7258    32.7364  1026.3172    26.1520    243.129    234.644  336.68483     72.213     69.699     0.2002     0.8535     3.7399     0.9247 1.0000e-12       3308     2.2965  0.000e+00
     34.596   64.67390 -169.47152     34.940     1.9728     1.9731     1.9711    32.7254    32.7365  1026.3166    26.1517    243.099    234.654  336.68455     72.204     69.702     0.1844     0.7582     3.7399     0.9247 1.0000e-12       3309     2.2972  0.000e+00
     34.696   64.67390 -169.47152     35.042     1.9725     1.9732     1.9708    32.7258    32.7365  1026.3175    26.1520    242.861    234.666  336.68574     72.133     69.706     0.1636     0.6337     3.7399     0.9247 1.0000e-12       3310     2.2979  0.000e+00
     34.650   64.67390 -169.47152     34.995     1.9729     1.9732     1.9712    32.7254    32.7368  1026.3169    26.1516    242.818    234.494  336.68315     72.121     69.655     0.1587     0.6044     3.7399     0.9247 1.0000e-12       3311     2.2986  0.000e+00
     34.596   64.67390 -169.47152     34.940     1.9727     1.9733     1.9710    32.7258    32.7363  1026.3170    26.1520    242.753    234.677  336.68444     72.101     69.709     0.1600     0.6117     3.7399     0.9247 1.0000e-12       3312     2.2993  0.000e+00
     34.696   64.67390 -169.47152     35.042     1.9724     1.9732     1.9707    32.7258    32.7364  1026.3175    26.1521    242.745    234.686  336.68606     72.098     69.712     0.1600     0.6117     3.7399     0.9247 8.4714e-06       3313     2.3000  0.000e+00
     34.650   64.67390 -169.47152     34.995     1.9725     1.9733     1.9708    32.7257    32.7369  1026.3172    26.1519    242.745    234.686  336.68599     72.098     69.712     0.1612     0.6190     3.7399     0.9247 1.0000e-12       3314     2.3007  0.000e+00
     34.650   64.67390 -169.47152     34.995     1.9724     1.9735     1.9707    32.7254    32.7359  1026.3169    26.1517    242.723    234.687  336.68726     72.091     69.712     0.1612     0.6190     3.7387     0.9260 1.0000e-12       3315     2.3014  0.000e+00
     34.642   64.67390 -169.47152     34.987     1.9724     1.9733     1.9707    32.7258    32.7360  1026.3172    26.1520    242.033    234.662  336.68619     71.887     69.704     0.1600     0.6117     3.7399     0.9247 8.4714e-06       3316     2.3021  0.000e+00
     34.650   64.67390 -169.47152     34.995     1.9725     1.9734     1.9708    32.7261    32.7366  1026.3175    26.1522    242.377    234.656  336.68504     71.989     69.703     0.1612     0.6190     3.7399     0.9247 1.0000e-12       3317     2.3028  0.000e+00
     34.650   64.67390 -169.47152     34.995     1.9723     1.9732     1.9706    32.7260    32.7370  1026.3174    26.1522    242.401    234.651  336.68715     71.996     69.702     0.1600     0.6117     3.7399     0.9247 1.0000e-12       3318     2.3035  0.000e+00
     34.696   64.67390 -169.47152     35.042     1.9725     1.9734     1.9708    32.7255    32.7362  1026.3172    26.1518    242.400    234.619  336.68648     71.996     69.692     0.1612     0.6190     3.7387     0.9260 1.0000e-12       3319     2.3042  0.000e+00
     34.650   64.67390 -169.47152     34.995     1.9724     1.9733     1.9707    32.7263    32.7366  1026.3177    26.1525    242.410    234.606  336.68483     71.999     69.688     0.1600     0.6117     3.7375     0.9273 1.0000e-12       3320     2.3049  0.000e+00
