EcoFOCI/data/1_SampleCollection/2023_SikuliaqDBO_CruiseData/CTD_raw_BottleFile_SKQ23-12S/proc/skq202312s_046.ros
* Sea-Bird SBE 9 Data File:
* FileName = D:\CTD\SKQ202312S\SKQ202312S_046.hex
* Software Version Seasave V 7.26.7.121
* Temperature SN = 6177
* Conductivity SN = 0369
* Number of Bytes Per Scan = 41
* Number of Voltage Words = 4
* Number of Scans Averaged by the Deck Unit = 1
* NMEA Latitude = 71 35.89 N
* NMEA Longitude = 161 32.21 W
* NMEA UTC (Time) = Sep 24 2023  19:47:51
* NMEA baud rate = 4800
** Ship: R/V Sikuliaq
** Station Number: 046
** Station Name: CEO2
** Bottom Depth: 46
** Operator: SD
# nquan = 22
# nvalues = 392                                   
# units = specified
# name 0 = depSM: Depth [salt water, m]
# name 1 = latitude: Latitude [deg]
# name 2 = longitude: Longitude [deg]
# name 3 = prDM: Pressure, Digiquartz [db]
# name 4 = t090C: Temperature [ITS-90, deg C]
# name 5 = t190C: Temperature, 2 [ITS-90, deg C]
# name 6 = potemp090C: Potential Temperature [ITS-90, deg C]
# name 7 = sal00: Salinity, Practical [PSU]
# name 8 = sal11: Salinity, Practical, 2 [PSU]
# name 9 = density00: Density [density, kg/m^3]
# name 10 = sigma-é00: Density [sigma-theta, kg/m^3]
# name 11 = sbox0Mm/Kg: Oxygen, SBE 43 [umol/kg]
# name 12 = sbox1Mm/Kg: Oxygen, SBE 43, 2 [umol/kg]
# name 13 = oxsolMm/Kg: Oxygen Saturation, Garcia & Gordon [umol/kg]
# name 14 = sbeox0PS: Oxygen, SBE 43 [% saturation]
# name 15 = v0: Voltage 0
# name 16 = flECO-AFL: Fluorescence, WET Labs ECO-AFL/FL [mg/m^3]
# name 17 = CStarAt0: Beam Attenuation, WET Labs C-Star [1/m]
# name 18 = par: PAR/Irradiance, Biospherical/Licor
# name 19 = scan: Scan Count
# name 20 = nbf: Bottles Fired
# name 21 = flag:  0.000e+00
# interval = seconds: 0.0416667
# start_time = Sep 24 2023 19:50:48 [NMEA time, first data scan]
# bad_flag = -9.990e-29
*END*
[from data line 66]
     33.060   71.59796 -161.53750     33.404    -1.5005    -1.4994    -1.5011    32.5360    32.5475  1026.3320    26.1707    271.571    258.581  369.12569     73.571     0.1001     0.2527     1.1105 2.6229e+00       9490          2  0.000e+00
     33.045   71.59796 -161.53750     33.389    -1.5005    -1.4995    -1.5011    32.5359    32.5476  1026.3319    26.1707    271.598    258.618  369.12656     73.579     0.1013     0.2601     1.1119 2.6229e+00       9491          2  0.000e+00
     33.060   71.59796 -161.53750     33.404    -1.5003    -1.4994    -1.5009    32.5353    32.5477  1026.3315    26.1702    271.573    258.656  369.12578     73.572     0.1001     0.2527     1.1105 2.6075e+00       9492          2  0.000e+00
     33.060   71.59796 -161.53750     33.404    -1.5006    -1.4996    -1.5012    32.5363    32.5480  1026.3323    26.1710    272.064    258.697  369.12597     73.705     0.1001     0.2527     1.1119 2.6075e+00       9493          2  0.000e+00
     33.045   71.59796 -161.53750     33.389    -1.5004    -1.4998    -1.5010    32.5359    32.5485  1026.3319    26.1707    271.612    258.705  369.12540     73.582     0.1001     0.2527     1.1105 2.6075e+00       9494          2  0.000e+00
     33.060   71.59796 -161.53750     33.404    -1.5006    -1.4997    -1.5012    32.5363    32.5484  1026.3323    26.1710    271.578    258.746  369.12585     73.573     0.1001     0.2527     1.1119 2.5999e+00       9495          2  0.000e+00
     33.060   71.59796 -161.53750     33.404    -1.5006    -1.4999    -1.5012    32.5363    32.5487  1026.3323    26.1710    271.541    258.756  369.12597     73.563     0.0989     0.2454     1.1119 2.5999e+00       9496          2  0.000e+00
     33.045   71.59796 -161.53750     33.389    -1.5007    -1.4999    -1.5013    32.5365    32.5487  1026.3324    26.1712    271.553    258.765  369.12635     73.566     0.1001     0.2527     1.1105 2.5999e+00       9497          2  0.000e+00
     33.060   71.59796 -161.53750     33.404    -1.5007    -1.4998    -1.5014    32.5368    32.5483  1026.3327    26.1715    271.514    258.775  369.12601     73.556     0.1013     0.2601     1.1119 2.6075e+00       9498          2  0.000e+00
     33.107   71.59796 -161.53750     33.451    -1.5007    -1.4999    -1.5014    32.5365    32.5486  1026.3327    26.1712    271.527    258.787  369.12697     73.559     0.1001     0.2527     1.1119 2.6075e+00       9499          2  0.000e+00
     32.999   71.59796 -161.53750     33.342    -1.5009    -1.4998    -1.5015    32.5367    32.5486  1026.3324    26.1714    271.275    258.791  369.12743     73.491     0.1013     0.2601     1.1078 2.6075e+00       9500          2  0.000e+00
     33.060   71.59796 -161.53750     33.404    -1.5009    -1.4999    -1.5015    32.5370    32.5490  1026.3329    26.1716    271.447    258.802  369.12666     73.538     0.1001     0.2527     1.1037 2.6075e+00       9501          2  0.000e+00
     33.045   71.59796 -161.53750     33.389    -1.5009    -1.5001    -1.5015    32.5371    32.5490  1026.3329    26.1716    271.559    259.041  369.12651     73.568     0.1001     0.2527     1.1023 2.5999e+00       9502          2  0.000e+00
     33.060   71.59796 -161.53750     33.404    -1.5010    -1.4999    -1.5016    32.5372    32.5487  1026.3330    26.1717    271.524    259.081  369.12732     73.558     0.1013     0.2601     1.1023 2.5999e+00       9503          2  0.000e+00
     33.060   71.59796 -161.53750     33.404    -1.5012    -1.4999    -1.5018    32.5370    32.5489  1026.3329    26.1716    271.538    259.119  369.13001     73.562     0.1050     0.2820     1.1023 2.6075e+00       9504          2  0.000e+00
     33.045   71.59796 -161.53750     33.389    -1.5007    -1.4999    -1.5014    32.5364    32.5491  1026.3323    26.1711    271.548    259.156  369.12736     73.565     0.1062     0.2894     1.1023 2.6152e+00       9505          2  0.000e+00
     33.060   71.59796 -161.53750     33.404    -1.5012    -1.5001    -1.5018    32.5370    32.5489  1026.3329    26.1716    271.304    259.194  369.12949     73.498     0.1062     0.2894     1.1023 2.6152e+00       9506          2  0.000e+00
     33.107   71.59796 -161.53750     33.451    -1.5010    -1.4999    -1.5017    32.5369    32.5489  1026.3331    26.1716    271.270    259.000  369.12854     73.489     0.1074     0.2967     1.1023 2.6152e+00       9507          2  0.000e+00
     33.060   71.59796 -161.53750     33.404    -1.5012    -1.4999    -1.5018    32.5369    32.5491  1026.3329    26.1716    271.237    259.001  369.13026     73.480     0.1062     0.2894     1.1023 2.6075e+00       9508          2  0.000e+00
     33.060   71.59796 -161.53750     33.404    -1.5007    -1.5001    -1.5013    32.5363    32.5492  1026.3323    26.1710    271.461    259.004  369.12700     73.541     0.1074     0.2967     1.1023 2.6075e+00       9509          2  0.000e+00
     33.045   71.59796 -161.53750     33.389    -1.5010    -1.4999    -1.5016    32.5364    32.5488  1026.3323    26.1711    271.482    259.006  369.13006     73.546     0.1062     0.2894     1.1023 2.6075e+00       9510          2  0.000e+00
     33.061   71.59796 -161.53750     33.404    -1.5007    -1.4999    -1.5014    32.5365    32.5489  1026.3325    26.1712    271.499    259.009  369.12701     73.552     0.1074     0.2967     1.1037 2.5999e+00       9511          2  0.000e+00
     33.045   71.59796 -161.53750     33.389    -1.5009    -1.5001    -1.5015    32.5365    32.5493  1026.3324    26.1712    271.517    259.241  369.12802     73.556     0.1062     0.2894     1.1023 2.5999e+00       9512          2  0.000e+00
     33.061   71.59796 -161.53750     33.404    -1.5009    -1.5001    -1.5015    32.5363    32.5492  1026.3323    26.1710    271.640    259.274  369.12880     73.589     0.1062     0.2894     1.1023 2.5999e+00       9513          2  0.000e+00
     33.115   71.59796 -161.53750     33.459    -1.5009    -1.4999    -1.5015    32.5361    32.5490  1026.3325    26.1709    271.613    259.307  369.12915     73.582     0.1062     0.2894     1.1023 2.6075e+00       9514          2  0.000e+00
     33.045   71.59796 -161.53750     33.389    -1.5009    -1.5001    -1.5015    32.5364    32.5490  1026.3323    26.1711    271.631    259.337  369.12839     73.587     0.1062     0.2894     1.1023 2.6075e+00       9515          2  0.000e+00
     33.061   71.59796 -161.53750     33.405    -1.5007    -1.4998    -1.5014    32.5364    32.5486  1026.3324    26.1711    271.651    259.366  369.12739     73.593     0.1074     0.2967     1.1023 2.6075e+00       9516          2  0.000e+00
     33.061   71.59796 -161.53750     33.405    -1.5010    -1.4999    -1.5016    32.5362    32.5490  1026.3323    26.1710    271.674    259.393  369.13059     73.598     0.1062     0.2894     1.1023 2.5999e+00       9517          2  0.000e+00
     33.045   71.59796 -161.53750     33.389    -1.5005    -1.4999    -1.5011    32.5360    32.5488  1026.3320    26.1708    272.156    259.420  369.12618     73.730     0.1074     0.2967     1.1023 2.5999e+00       9518          2  0.000e+00
     33.061   71.59796 -161.53750     33.405    -1.5007    -1.5001    -1.5014    32.5364    32.5489  1026.3324    26.1711    271.754    259.447  369.12739     73.621     0.1062     0.2894     1.1023 2.5999e+00       9519          2  0.000e+00
     33.107   71.59796 -161.53750     33.451    -1.5005    -1.4998    -1.5011    32.5360    32.5486  1026.3323    26.1708    271.768    259.471  369.12553     73.625     0.1062     0.2894     1.1009 2.6075e+00       9520          2  0.000e+00
     33.061   71.59796 -161.53750     33.405    -1.5002    -1.5001    -1.5008    32.5360    32.5486  1026.3321    26.1708    271.728    259.494  369.12326     73.614     0.1062     0.2894     1.0941 2.6075e+00       9521          2  0.000e+00
     33.049   71.59796 -161.53750     33.393    -1.5010    -1.4998    -1.5016    32.5380    32.5488  1026.3336    26.1724    272.108    257.041  369.12555     73.717     0.1013     0.2601     1.0955 2.5846e+00       9805          3  0.000e+00
     33.118   71.59796 -161.53750     33.463    -1.5010    -1.4996    -1.5017    32.5377    32.5487  1026.3337    26.1721    272.122    257.035  369.12643     73.720     0.1013     0.2601     1.0968 2.5846e+00       9806          3  0.000e+00
     33.049   71.59796 -161.53750     33.393    -1.5012    -1.4999    -1.5018    32.5379    32.5488  1026.3335    26.1723    272.128    257.263  369.12696     73.722     0.1013     0.2601     1.0968 2.5846e+00       9807          3  0.000e+00
     33.118   71.59796 -161.53750     33.463    -1.5012    -1.4998    -1.5018    32.5382    32.5491  1026.3342    26.1726    272.395    257.069  369.12660     73.794     0.1026     0.2674     1.0968 2.5846e+00       9808          3  0.000e+00
     33.064   71.59796 -161.53750     33.408    -1.5012    -1.4998    -1.5018    32.5381    32.5490  1026.3338    26.1725    271.928    257.075  369.12700     73.668     0.1013     0.2601     1.0968 2.5770e+00       9809          3  0.000e+00
     33.164   71.59796 -161.53750     33.510    -1.5012    -1.4996    -1.5018    32.5379    32.5487  1026.3341    26.1723    272.091    257.091  369.12692     73.712     0.1013     0.2601     1.0968 2.5695e+00       9810          3  0.000e+00
     33.118   71.59796 -161.53750     33.463    -1.5013    -1.4998    -1.5019    32.5385    32.5492  1026.3344    26.1729    272.553    257.109  369.12675     73.837     0.1013     0.2601     1.0968 2.5770e+00       9811          3  0.000e+00
     33.064   71.59796 -161.53750     33.408    -1.5012    -1.4996    -1.5018    32.5386    32.5485  1026.3342    26.1729    272.121    257.131  369.12549     73.721     0.1026     0.2674     1.0968 2.5846e+00       9812          3  0.000e+00
     33.111   71.59796 -161.53750     33.455    -1.5012    -1.4999    -1.5018    32.5385    32.5489  1026.3343    26.1728    272.110    257.163  369.12519     73.718     0.1001     0.2527     1.0968 2.5846e+00       9813          3  0.000e+00
     33.118   71.59796 -161.53750     33.463    -1.5013    -1.4999    -1.5019    32.5385    32.5493  1026.3344    26.1728    272.098    256.969  369.12700     73.714     0.1013     0.2601     1.0968 2.5846e+00       9814          3  0.000e+00
     33.111   71.59796 -161.53750     33.455    -1.5010    -1.4998    -1.5017    32.5381    32.5488  1026.3340    26.1725    272.079    257.174  369.12516     73.709     0.1013     0.2601     1.0968 2.5846e+00       9815          3  0.000e+00
     33.118   71.59796 -161.53750     33.463    -1.5012    -1.4999    -1.5018    32.5384    32.5492  1026.3343    26.1728    272.061    257.219  369.12533     73.704     0.1013     0.2601     1.0968 2.5846e+00       9816          3  0.000e+00
     33.064   71.59796 -161.53750     33.408    -1.5013    -1.4999    -1.5019    32.5387    32.5488  1026.3343    26.1730    272.091    257.268  369.12627     73.712     0.1026     0.2674     1.0968 2.5846e+00       9817          3  0.000e+00
     33.111   71.59796 -161.53750     33.455    -1.5013    -1.5001    -1.5019    32.5385    32.5494  1026.3343    26.1728    272.073    257.293  369.12698     73.707     0.1013     0.2601     1.0968 2.5695e+00       9818          3  0.000e+00
     33.118   71.59796 -161.53750     33.463    -1.5013    -1.4998    -1.5019    32.5386    32.5490  1026.3345    26.1729    271.843    257.318  369.12662     73.645     0.1026     0.2674     1.0968 2.5695e+00       9819          3  0.000e+00
     33.118   71.59796 -161.53750     33.463    -1.5010    -1.4999    -1.5017    32.5386    32.5491  1026.3345    26.1729    272.029    257.121  369.12367     73.696     0.1013     0.2601     1.0968 2.5695e+00       9820          3  0.000e+00
     33.111   71.59796 -161.53750     33.455    -1.5013    -1.5002    -1.5019    32.5388    32.5496  1026.3346    26.1730    272.060    257.126  369.12611     73.704     0.1013     0.2601     1.0968 2.5770e+00       9821          3  0.000e+00
     33.118   71.59796 -161.53750     33.463    -1.5013    -1.4999    -1.5019    32.5382    32.5493  1026.3342    26.1726    272.193    257.134  369.12763     73.740     0.1013     0.2601     1.0968 2.5770e+00       9822          3  0.000e+00
     33.049   71.59796 -161.53750     33.393    -1.5010    -1.4998    -1.5016    32.5383    32.5492  1026.3339    26.1726    272.169    257.374  369.12467     73.734     0.1013     0.2601     1.0968 2.5770e+00       9823          3  0.000e+00
     33.118   71.59796 -161.53750     33.463    -1.5013    -1.4998    -1.5019    32.5385    32.5493  1026.3344    26.1728    272.102    257.427  369.12700     73.715     0.1013     0.2601     1.0982 2.5846e+00       9824          3  0.000e+00
     33.118   71.59796 -161.53750     33.463    -1.5013    -1.5001    -1.5019    32.5384    32.5495  1026.3343    26.1728    272.077    257.483  369.12712     73.708     0.1013     0.2601     1.0982 2.5846e+00       9825          3  0.000e+00
     33.111   71.59796 -161.53750     33.455    -1.5010    -1.4999    -1.5017    32.5381    32.5485  1026.3340    26.1725    272.100    257.542  369.12516     73.715     0.1026     0.2674     1.0982 2.5846e+00       9826          3  0.000e+00
     33.064   71.59796 -161.53750     33.408    -1.5010    -1.4999    -1.5016    32.5381    32.5491  1026.3338    26.1725    272.123    257.602  369.12508     73.721     0.1013     0.2601     1.0982 2.5846e+00       9827          3  0.000e+00
     33.119   71.59796 -161.53750     33.463    -1.5012    -1.4998    -1.5018    32.5375    32.5490  1026.3336    26.1720    272.100    257.637  369.12796     73.714     0.1026     0.2674     1.0982 2.5770e+00       9828          3  0.000e+00
     33.111   71.59796 -161.53750     33.455    -1.5013    -1.4999    -1.5019    32.5382    32.5490  1026.3341    26.1726    272.071    257.673  369.12786     73.707     0.1001     0.2527     1.0996 2.5770e+00       9829          3  0.000e+00
     33.119   71.59796 -161.53750     33.463    -1.5012    -1.4998    -1.5018    32.5380    32.5486  1026.3340    26.1724    272.040    257.712  369.12710     73.698     0.1026     0.2674     1.0996 2.5770e+00       9830          3  0.000e+00
     33.049   71.59796 -161.53750     33.393    -1.5013    -1.4999    -1.5019    32.5384    32.5487  1026.3340    26.1727    272.056    257.752  369.12725     73.703     0.1013     0.2601     1.0982 2.5922e+00       9831          3  0.000e+00
     33.119   71.59796 -161.53750     33.463    -1.5010    -1.4998    -1.5017    32.5383    32.5488  1026.3342    26.1727    272.282    257.797  369.12455     73.764     0.1026     0.2674     1.0982 2.5999e+00       9832          3  0.000e+00
     33.065   71.59796 -161.53750     33.409    -1.5013    -1.5001    -1.5019    32.5385    32.5495  1026.3341    26.1728    272.036    258.038  369.12690     73.697     0.1001     0.2527     1.0982 2.5922e+00       9833          3  0.000e+00
     33.111   71.59796 -161.53750     33.455    -1.5013    -1.4998    -1.5019    32.5382    32.5490  1026.3341    26.1726    271.999    257.855  369.12786     73.687     0.1013     0.2601     1.0982 2.5770e+00       9834          3  0.000e+00
     33.119   71.59796 -161.53750     33.463    -1.5010    -1.4999    -1.5017    32.5376    32.5487  1026.3336    26.1721    271.957    257.904  369.12668     73.676     0.1038     0.2747     1.0982 2.5695e+00       9835          3  0.000e+00
     33.111   71.59796 -161.53750     33.455    -1.5010    -1.4998    -1.5017    32.5375    32.5486  1026.3335    26.1720    271.965    257.921  369.12692     73.678     0.1038     0.2747     1.0982 2.5695e+00       9836          3  0.000e+00
     33.065   71.59796 -161.53750     33.409    -1.5012    -1.4996    -1.5018    32.5381    32.5486  1026.3338    26.1725    271.972    257.936  369.12636     73.680     0.1038     0.2747     1.0982 2.5770e+00       9837          3  0.000e+00
