EcoFOCI/data/1_SampleCollection/2023_SikuliaqDBO_CruiseData/CTD_raw_BottleFile_SKQ23-12S/proc/skq202312s_059.cnv
* Sea-Bird SBE 9 Data File:
* FileName = D:\CTD\SKQ202312S\SKQ202312S_059.hex
* Software Version Seasave V 7.26.7.121
* Temperature SN = 6177
* Conductivity SN = 0369
* Number of Bytes Per Scan = 41
* Number of Voltage Words = 4
* Number of Scans Averaged by the Deck Unit = 1
* NMEA Latitude = 71 13.10 N
* NMEA Longitude = 164 14.82 W
* NMEA UTC (Time) = Sep 27 2023  16:34:29
* NMEA baud rate = 4800
** Ship: R/V Sikuliaq
** Station Number: 059
** Station Name: C2
** Bottom Depth: 44
** Operator: SD
# nquan = 24
# nvalues = 4729                                  
# units = specified
# name 0 = depSM: Depth [salt water, m]
# name 1 = latitude: Latitude [deg]
# name 2 = longitude: Longitude [deg]
# name 3 = prDM: Pressure, Digiquartz [db]
# name 4 = t090C: Temperature [ITS-90, deg C]
# name 5 = t190C: Temperature, 2 [ITS-90, deg C]
# name 6 = potemp090C: Potential Temperature [ITS-90, deg C]
# name 7 = sal00: Salinity, Practical [PSU]
# name 8 = sal11: Salinity, Practical, 2 [PSU]
# name 9 = density00: Density [density, kg/m^3]
# name 10 = sigma-é00: Density [sigma-theta, kg/m^3]
# name 11 = sbox0Mm/Kg: Oxygen, SBE 43 [umol/kg]
# name 12 = sbox1Mm/Kg: Oxygen, SBE 43, 2 [umol/kg]
# name 13 = oxsolMm/Kg: Oxygen Saturation, Garcia & Gordon [umol/kg]
# name 14 = sbeox0PS: Oxygen, SBE 43 [% saturation]
# name 15 = sbeox1PS: Oxygen, SBE 43, 2 [% saturation]
# name 16 = v0: Voltage 0
# name 17 = flECO-AFL: Fluorescence, WET Labs ECO-AFL/FL [mg/m^3]
# name 18 = v1: Voltage 1
# name 19 = CStarAt0: Beam Attenuation, WET Labs C-Star [1/m]
# name 20 = par: PAR/Irradiance, Biospherical/Licor
# name 21 = scan: Scan Count
# name 22 = timeM: Time, Elapsed [minutes]
# name 23 = flag:  0.000e+00
# span 0 =      2.829,     39.103                 
# span 1 =   71.21830,   71.21832                 
# span 2 = -164.24722, -164.24706                 
# span 3 =      2.858,     39.510                 
# span 4 =    -1.0799,     4.3368                 
# span 5 =    -1.0798,     4.3438                 
# span 6 =    -1.0805,     4.3356                 
# span 7 =    30.9439,    32.4387                 
# span 8 =    30.9564,    32.4710                 
# span 9 =  1024.6493,  1026.2388                 
# span 10 =    24.6340,    26.0799                
# span 11 =    273.646,    395.251                
# span 12 =    262.269,    370.631                
# span 13 =  321.13438,  365.43801                
# span 14 =     74.912,    108.680                
# span 15 =     71.806,    101.626                
# span 16 =     0.0733,     0.1758                
# span 17 =     0.0916,     0.7069                
# span 18 =     2.1893,     4.2161                
# span 19 =     0.4451,     3.0676                
# span 20 = 1.0000e-12, 2.0955e+00                
# span 21 =          1,       4729                
# span 22 =     0.0000,     3.2833                
# span 23 = 0.0000e+00, 0.0000e+00                
# interval = seconds: 0.0416667
# start_time = Sep 27 2023 16:38:23 [NMEA time, first data scan]
# bad_flag = -9.990e-29
*END*
[from data line 1872]
     15.236   71.21832 -164.24718     15.393     4.0153     4.0261     4.0143    31.1328    31.1310  1024.7818    24.7097    316.626    303.585  323.98252     97.729     93.727     0.1538     0.5751     4.1441     0.5141 3.3359e-01       1873     1.3000  0.000e+00
     15.236   71.21832 -164.24718     15.393     4.0182     4.0301     4.0173    31.1332    31.1304  1024.7818    24.7098    316.544    303.536  323.95829     97.711     93.721     0.1526     0.5678     4.1441     0.5141 3.2728e-01       1874     1.3007  0.000e+00
     15.236   71.21832 -164.24718     15.393     4.0214     4.0335     4.0204    31.1334    31.1311  1024.7817    24.7096    316.518    303.480  323.93299     97.711     93.712     0.1538     0.5751     4.1441     0.5141 3.2478e-01       1875     1.3014  0.000e+00
     15.321   71.21832 -164.24718     15.479     4.0242     4.0364     4.0232    31.1350    31.1324  1024.7831    24.7106    316.421    303.420  323.90711     97.689     93.701     0.1526     0.5678     4.1441     0.5141 3.2478e-01       1876     1.3021  0.000e+00
     15.290   71.21832 -164.24718     15.448     4.0272     4.0403     4.0263    31.1376    31.1337  1024.7847    24.7124    316.306    303.338  323.87671     97.662     93.685     0.1563     0.5897     4.1429     0.5153 3.2603e-01       1877     1.3028  0.000e+00
     15.290   71.21832 -164.24718     15.448     4.0307     4.0451     4.0297    31.1387    31.1354  1024.7853    24.7130    316.215    303.428  323.84656     97.644     93.726     0.1551     0.5824     4.1416     0.5164 3.2728e-01       1878     1.3035  0.000e+00
     15.351   71.21832 -164.24718     15.510     4.0339     4.0486     4.0329    31.1394    31.1366  1024.7858    24.7133    316.123    303.376  323.81993     97.623     93.718     0.1563     0.5897     4.1416     0.5164 3.2728e-01       1879     1.3042  0.000e+00
     15.375   71.21832 -164.24718     15.534     4.0371     4.0506     4.0362    31.1397    31.1372  1024.7858    24.7131    316.022    303.326  323.79363     97.600     93.708     0.1563     0.5897     4.1416     0.5164 3.3486e-01       1880     1.3049  0.000e+00
     15.351   71.21832 -164.24718     15.510     4.0401     4.0522     4.0392    31.1400    31.1385  1024.7857    24.7132    315.844    303.267  323.76911     97.552     93.694     0.1563     0.5897     4.1416     0.5164 3.3742e-01       1881     1.3056  0.000e+00
     15.405   71.21832 -164.24718     15.565     4.0431     4.0539     4.0422    31.1403    31.1390  1024.7859    24.7131    315.762    303.202  323.74488     97.534     93.678     0.1563     0.5897     4.1416     0.5164 3.3871e-01       1882     1.3062  0.000e+00
     15.405   71.21832 -164.24718     15.565     4.0458     4.0557     4.0448    31.1405    31.1396  1024.7858    24.7130    315.673    303.124  323.72376     97.513     93.659     0.1563     0.5897     4.1416     0.5164 3.4518e-01       1883     1.3069  0.000e+00
     15.436   71.21832 -164.24718     15.596     4.0482     4.0583     4.0472    31.1407    31.1400  1024.7859    24.7129    315.581    303.054  323.70414     97.490     93.643     0.1563     0.5897     4.1416     0.5164 3.4911e-01       1884     1.3076  0.000e+00
     15.405   71.21832 -164.24718     15.565     4.0504     4.0608     4.0494    31.1412    31.1411  1024.7859    24.7131    315.514    302.781  323.68542     97.476     93.565     0.1551     0.5824     4.1416     0.5164 3.5042e-01       1885     1.3083  0.000e+00
     15.521   71.21832 -164.24718     15.682     4.0528     4.0633     4.0518    31.1411    31.1414  1024.7862    24.7128    315.415    302.868  323.66714     97.450     93.598     0.1563     0.5897     4.1416     0.5164 3.3871e-01       1886     1.3090  0.000e+00
     15.467   71.21832 -164.24718     15.627     4.0555     4.0650     4.0545    31.1410    31.1423  1024.7856    24.7125    315.298    302.775  323.64615     97.421     93.574     0.1551     0.5824     4.1416     0.5164 3.2979e-01       1887     1.3097  0.000e+00
     15.544   71.21832 -164.24718     15.705     4.0572     4.0660     4.0562    31.1417    31.1434  1024.7863    24.7128    315.187    302.684  323.63095     97.391     93.549     0.1563     0.5897     4.1416     0.5164 3.2853e-01       1888     1.3104  0.000e+00
     15.521   71.21832 -164.24718     15.682     4.0588     4.0672     4.0578    31.1418    31.1436  1024.7861    24.7128    314.890    302.602  323.61821     97.303     93.526     0.1551     0.5824     4.1416     0.5164 3.2478e-01       1889     1.3111  0.000e+00
     15.583   71.21832 -164.24718     15.744     4.0604     4.0680     4.0594    31.1410    31.1444  1024.7857    24.7120    314.808    302.518  323.60773     97.281     93.503     0.1563     0.5897     4.1416     0.5164 3.1859e-01       1890     1.3118  0.000e+00
     15.544   71.21832 -164.24718     15.705     4.0613     4.0682     4.0603    31.1411    31.1452  1024.7855    24.7120    314.933    302.449  323.59998     97.322     93.482     0.1551     0.5824     4.1416     0.5164 3.1736e-01       1891     1.3125  0.000e+00
     15.583   71.21832 -164.24718     15.744     4.0623     4.0682     4.0613    31.1410    31.1458  1024.7855    24.7118    314.668    302.379  323.59241     97.242     93.461     0.1563     0.5897     4.1416     0.5164 3.1370e-01       1892     1.3132  0.000e+00
     15.637   71.21832 -164.24718     15.798     4.0630     4.0683     4.0620    31.1411    31.1462  1024.7858    24.7119    314.615    302.132  323.58631     97.227     93.386     0.1563     0.5897     4.1416     0.5164 3.0647e-01       1893     1.3139  0.000e+00
     15.637   71.21832 -164.24718     15.798     4.0638     4.0683     4.0628    31.1405    31.1468  1024.7852    24.7113    314.314    302.049  323.58156     97.136     93.360     0.1563     0.5897     4.1416     0.5164 3.0528e-01       1894     1.3146  0.000e+00
     15.660   71.21832 -164.24718     15.822     4.0643     4.0688     4.0633    31.1410    31.1470  1024.7856    24.7116    314.192    301.957  323.57679     97.100     93.333     0.1563     0.5897     4.1416     0.5164 3.0647e-01       1895     1.3153  0.000e+00
     15.637   71.21832 -164.24718     15.798     4.0651     4.0694     4.0641    31.1415    31.1473  1024.7858    24.7119    314.098    301.858  323.56937     97.073     93.304     0.1551     0.5824     4.1416     0.5164 3.1007e-01       1896     1.3160  0.000e+00
     15.691   71.21832 -164.24718     15.853     4.0655     4.0699     4.0645    31.1418    31.1475  1024.7863    24.7121    314.222    301.969  323.56531     97.112     93.339     0.1563     0.5897     4.1416     0.5164 3.1128e-01       1897     1.3167  0.000e+00
     15.691   71.21832 -164.24718     15.853     4.0660     4.0707     4.0650    31.1423    31.1477  1024.7866    24.7125    313.950    301.902  323.55995     97.030     93.321     0.1563     0.5897     4.1416     0.5164 3.1007e-01       1898     1.3174  0.000e+00
     15.775   71.21832 -164.24718     15.939     4.0665     4.0711     4.0655    31.1429    31.1487  1024.7875    24.7129    313.862    301.643  323.55479     97.004     93.242     0.1563     0.5897     4.1416     0.5164 3.1007e-01       1899     1.3181  0.000e+00
     15.752   71.21832 -164.24718     15.915     4.0671     4.0716     4.0661    31.1428    31.1492  1024.7872    24.7128    313.769    301.568  323.55003     96.977     93.221     0.1551     0.5824     4.1416     0.5164 3.0887e-01       1900     1.3188  0.000e+00
     15.752   71.21832 -164.24718     15.915     4.0679     4.0724     4.0669    31.1427    31.1492  1024.7871    24.7126    313.709    301.678  323.54405     96.960     93.257     0.1563     0.5897     4.1416     0.5164 3.0767e-01       1901     1.3194  0.000e+00
     15.806   71.21832 -164.24718     15.970     4.0684     4.0732     4.0674    31.1437    31.1496  1024.7881    24.7134    313.409    301.427  323.53821     96.869     93.181     0.1624     0.6264     4.1416     0.5164 3.0290e-01       1902     1.3201  0.000e+00
     15.775   71.21832 -164.24718     15.939     4.0692     4.0735     4.0682    31.1444    31.1499  1024.7884    24.7138    313.528    301.342  323.53002     96.908     93.156     0.1685     0.6630     4.1416     0.5164 2.9936e-01       1903     1.3208  0.000e+00
     15.922   71.21832 -164.24718     16.087     4.0700     4.0746     4.0690    31.1456    31.1503  1024.7900    24.7147    313.475    301.276  323.52093     96.895     93.138     0.1709     0.6776     4.1416     0.5164 3.0054e-01       1904     1.3215  0.000e+00
     15.806   71.21832 -164.24718     15.970     4.0711     4.0770     4.0701    31.1484    31.1512  1024.7916    24.7169    313.196    301.185  323.50534     96.813     93.116     0.1685     0.6630     4.1416     0.5164 2.9936e-01       1905     1.3222  0.000e+00
     15.891   71.21832 -164.24718     16.055     4.0730     4.0810     4.0720    31.1516    31.1513  1024.7943    24.7192    313.098    300.898  323.48271     96.790     93.036     0.1697     0.6703     4.1416     0.5164 2.9936e-01       1906     1.3229  0.000e+00
     15.922   71.21832 -164.24718     16.087     4.0757     4.0856     4.0747    31.1542    31.1524  1024.7963    24.7210    313.030    300.791  323.45526     96.777     93.014     0.1685     0.6630     4.1416     0.5164 2.9819e-01       1907     1.3236  0.000e+00
     15.922   71.21832 -164.24718     16.087     4.0785     4.0900     4.0775    31.1581    31.1544  1024.7991    24.7239    312.926    300.681  323.42333     96.754     92.992     0.1685     0.6630     4.1416     0.5164 3.0290e-01       1908     1.3243  0.000e+00
     15.984   71.21832 -164.24718     16.149     4.0820     4.0961     4.0810    31.1630    31.1564  1024.8029    24.7274    312.820    300.559  323.38431     96.733     92.969     0.1685     0.6630     4.1416     0.5164 3.0767e-01       1909     1.3250  0.000e+00
     15.945   71.21832 -164.24718     16.110     4.0864     4.1038     4.0854    31.1674    31.1576  1024.8058    24.7305    312.705    300.443  323.33890     96.711     92.951     0.1697     0.6703     4.1416     0.5164 3.0887e-01       1910     1.3257  0.000e+00
     15.984   71.21832 -164.24718     16.149     4.0915     4.1126     4.0904    31.1714    31.1585  1024.8087    24.7332    312.592    300.322  323.28945     96.691     92.934     0.1685     0.6630     4.1416     0.5164 3.0290e-01       1911     1.3264  0.000e+00
     15.984   71.21832 -164.24718     16.149     4.0968     4.1209     4.0958    31.1747    31.1606  1024.8108    24.7353    312.268    300.201  323.23924     96.606     92.917     0.1697     0.6703     4.1416     0.5164 2.9702e-01       1912     1.3271  0.000e+00
     16.038   71.21832 -164.24718     16.203     4.1025     4.1290     4.1015    31.1780    31.1620  1024.8132    24.7374    312.160    300.085  323.18662     96.588     92.901     0.1685     0.6630     4.1416     0.5164 2.9585e-01       1913     1.3278  0.000e+00
     16.061   71.21832 -164.24718     16.227     4.1097     4.1367     4.1086    31.1807    31.1643  1024.8147    24.7389    312.011    299.780  323.12395     96.561     92.825     0.1697     0.6703     4.1416     0.5164 2.9819e-01       1914     1.3285  0.000e+00
     16.038   71.21832 -164.24718     16.203     4.1168     4.1448     4.1157    31.1826    31.1666  1024.8154    24.7397    311.901    299.640  323.06370     96.545     92.802     0.1685     0.6630     4.1416     0.5164 3.0054e-01       1915     1.3292  0.000e+00
     16.092   71.21832 -164.24718     16.258     4.1242     4.1531     4.1231    31.1854    31.1685  1024.8172    24.7412    311.550    299.714  322.99873     96.455     92.844     0.1685     0.6630     4.1404     0.5176 3.0172e-01       1916     1.3299  0.000e+00
     16.122   71.21832 -164.24718     16.289     4.1315     4.1608     4.1304    31.1916    31.1728  1024.8215    24.7454    311.408    299.430  322.92655     96.433     92.777     0.1697     0.6703     4.1404     0.5176 3.0172e-01       1917     1.3306  0.000e+00
     16.153   71.21832 -164.24718     16.320     4.1395     4.1712     4.1385    31.1981    31.1750  1024.8261    24.7498    311.267    299.299  322.84771     96.413     92.761     0.1685     0.6630     4.1392     0.5188 3.0290e-01       1918     1.3313  0.000e+00
     16.091   71.21832 -164.24718     16.258     4.1481     4.1804     4.1471    31.2006    31.1777  1024.8269    24.7509    311.134    299.174  322.77462     96.393     92.745     0.1697     0.6703     4.1392     0.5188 3.0409e-01       1919     1.3319  0.000e+00
     16.207   71.21832 -164.24718     16.375     4.1561     4.1874     4.1551    31.1999    31.1807  1024.8262    24.7496    310.815    299.076  322.71330     96.313     92.732     0.1685     0.6630     4.1392     0.5188 3.0172e-01       1920     1.3326  0.000e+00
     16.176   71.21832 -164.24718     16.344     4.1641     4.1923     4.1630    31.2001    31.1826  1024.8255    24.7490    310.786    298.993  322.65063     96.323     92.719     0.1697     0.6703     4.1392     0.5188 2.9352e-01       1921     1.3333  0.000e+00
     16.207   71.21832 -164.24718     16.375     4.1716     4.1967     4.1706    31.2004    31.1839  1024.8250    24.7485    310.478    298.919  322.59093     96.245     92.707     0.1685     0.6630     4.1392     0.5188 2.9006e-01       1922     1.3340  0.000e+00
     16.207   71.21832 -164.24718     16.375     4.1788     4.2015     4.1777    31.1994    31.1845  1024.8236    24.7471    310.361    298.655  322.53729     96.225     92.636     0.1697     0.6703     4.1392     0.5188 2.9006e-01       1923     1.3347  0.000e+00
     16.230   71.21832 -164.24718     16.398     4.1853     4.2052     4.1843    31.1988    31.1861  1024.8226    24.7460    310.257    298.570  322.48782     96.207     92.619     0.1685     0.6630     4.1392     0.5188 2.8892e-01       1924     1.3354  0.000e+00
     16.269   71.21832 -164.24718     16.437     4.1914     4.2094     4.1904    31.1984    31.1876  1024.8219    24.7450    310.165    298.484  322.44079     96.193     92.603     0.1697     0.6703     4.1392     0.5188 2.8892e-01       1925     1.3361  0.000e+00
     16.269   71.21832 -164.24718     16.437     4.1969     4.2140     4.1959    31.1987    31.1895  1024.8215    24.7447    310.084    298.395  322.39749     96.181     92.587     0.1685     0.6630     4.1392     0.5188 2.8892e-01       1926     1.3368  0.000e+00
     16.323   71.21832 -164.24718     16.492     4.2017     4.2177     4.2007    31.1987    31.1921  1024.8214    24.7443    310.019    298.338  322.35961     96.172     92.579     0.1673     0.6557     4.1392     0.5188 2.8323e-01       1927     1.3375  0.000e+00
     16.346   71.21832 -164.24718     16.515     4.2060     4.2221     4.2050    31.1985    31.1920  1024.8208    24.7437    309.965    298.095  322.32665     96.165     92.514     0.1624     0.6264     4.1392     0.5188 2.7985e-01       1928     1.3382  0.000e+00
     16.323   71.21832 -164.24718     16.492     4.2103     4.2253     4.2092    31.1974    31.1923  1024.8194    24.7424    309.710    298.031  322.29609     96.095     92.501     0.1612     0.6190     4.1392     0.5188 2.7985e-01       1929     1.3389  0.000e+00
     16.384   71.21832 -164.24718     16.554     4.2138     4.2281     4.2127    31.1964    31.1930  1024.8186    24.7412    309.652    297.978  322.27147     96.084     92.492     0.1624     0.6264     4.1392     0.5188 2.8323e-01       1930     1.3396  0.000e+00
     16.346   71.21832 -164.24718     16.515     4.2168     4.2299     4.2158    31.1965    31.1932  1024.8182    24.7411    309.601    297.934  322.24736     96.076     92.482     0.1612     0.6190     4.1392     0.5188 2.8436e-01       1931     1.3403  0.000e+00
     16.438   71.21832 -164.24718     16.608     4.2200     4.2313     4.2189    31.1962    31.1938  1024.8181    24.7405    309.775    297.901  322.22358     96.137     92.476     0.1624     0.6264     4.1392     0.5188 2.8549e-01       1932     1.3410  0.000e+00
