EcoFOCI/data/1_SampleCollection/2023_SikuliaqDBO_CruiseData/CTD_raw_BottleFile_SKQ23-12S/proc/skq202312s_075svp.cnv
* Sea-Bird SBE 9 Data File:
* FileName = D:\CTD\SKQ202312S\SKQ202312S_075.hex
* Software Version Seasave V 7.26.7.121
* Temperature SN = 6177
* Conductivity SN = 0369
* Number of Bytes Per Scan = 41
* Number of Voltage Words = 4
* Number of Scans Averaged by the Deck Unit = 1
* NMEA Latitude = 68 14.82 N
* NMEA Longitude = 167 07.33 W
* NMEA UTC (Time) = Oct 02 2023  05:40:29
* NMEA baud rate = 4800
** Ship: R/V Sikuliaq
** Station Number: 075
** Station Name: DBO3.3
** Bottom Depth: 43
** Operator: SD
# nquan = 7
# nvalues = 6111                                  
# units = specified
# name 0 = depSM: Depth [salt water, m]
# name 1 = latitude: Latitude [deg]
# name 2 = longitude: Longitude [deg]
# name 3 = t090C: Temperature [ITS-90, deg C]
# name 4 = sal00: Salinity, Practical [PSU]
# name 5 = svCM: Sound Velocity [Chen-Millero, m/s]
# name 6 = flag:  0.000e+00
# span 0 =      2.824,     38.685                 
# span 1 =   68.24652,   68.24672                 
# span 2 = -167.12266, -167.12246                 
# span 3 =     4.4215,     7.9027                 
# span 4 =    25.6333,    31.9134                 
# span 5 =    1464.53,    1475.69                 
# span 6 = 0.0000e+00, 0.0000e+00                 
# interval = seconds: 0.0416667
# start_time = Oct 02 2023 05:44:07 [NMEA time, first data scan]
# bad_flag = -9.990e-29
*END*
[from data line 2872]
     32.648   68.24662 -167.12256     4.7724    31.8111    1466.27  0.000e+00
     32.633   68.24662 -167.12256     4.7714    31.8115    1466.27  0.000e+00
     32.702   68.24662 -167.12256     4.7710    31.8122    1466.27  0.000e+00
     32.633   68.24662 -167.12256     4.7708    31.8133    1466.27  0.000e+00
     32.648   68.24662 -167.12256     4.7711    31.8135    1466.27  0.000e+00
     32.648   68.24662 -167.12256     4.7714    31.8136    1466.27  0.000e+00
     32.687   68.24662 -167.12256     4.7722    31.8147    1466.28  0.000e+00
     32.648   68.24662 -167.12256     4.7773    31.8124    1466.29  0.000e+00
     32.633   68.24662 -167.12256     4.7856    31.8065    1466.32  0.000e+00
     32.648   68.24662 -167.12256     4.7906    31.8031    1466.34  0.000e+00
     32.648   68.24662 -167.12256     4.7965    31.7971    1466.35  0.000e+00
     32.687   68.24662 -167.12256     4.8018    31.7912    1466.37  0.000e+00
     32.648   68.24662 -167.12256     4.8052    31.7880    1466.38  0.000e+00
     32.686   68.24662 -167.12256     4.8067    31.7868    1466.38  0.000e+00
     32.648   68.24662 -167.12256     4.8067    31.7861    1466.38  0.000e+00
     32.648   68.24662 -167.12256     4.8046    31.7858    1466.37  0.000e+00
     32.686   68.24662 -167.12256     4.8025    31.7852    1466.36  0.000e+00
     32.702   68.24662 -167.12256     4.7986    31.7873    1466.35  0.000e+00
     32.686   68.24662 -167.12256     4.7935    31.7921    1466.34  0.000e+00
     32.648   68.24662 -167.12256     4.7899    31.7971    1466.33  0.000e+00
     32.702   68.24662 -167.12256     4.7871    31.8010    1466.32  0.000e+00
     32.686   68.24662 -167.12256     4.7851    31.8032    1466.31  0.000e+00
     32.648   68.24662 -167.12256     4.7832    31.8044    1466.31  0.000e+00
     32.763   68.24662 -167.12256     4.7811    31.8041    1466.30  0.000e+00
     32.686   68.24662 -167.12256     4.7784    31.8042    1466.29  0.000e+00
     32.702   68.24662 -167.12256     4.7749    31.8058    1466.28  0.000e+00
     32.748   68.24662 -167.12256     4.7716    31.8089    1466.27  0.000e+00
     32.702   68.24662 -167.12256     4.7694    31.8116    1466.26  0.000e+00
     32.702   68.24662 -167.12256     4.7670    31.8142    1466.25  0.000e+00
     32.748   68.24662 -167.12256     4.7652    31.8157    1466.25  0.000e+00
     32.702   68.24662 -167.12256     4.7638    31.8172    1466.25  0.000e+00
     32.802   68.24662 -167.12256     4.7632    31.8182    1466.25  0.000e+00
     32.763   68.24662 -167.12256     4.7632    31.8188    1466.25  0.000e+00
     32.763   68.24662 -167.12256     4.7637    31.8189    1466.25  0.000e+00
     32.748   68.24662 -167.12256     4.7645    31.8190    1466.25  0.000e+00
     32.763   68.24662 -167.12256     4.7676    31.8178    1466.26  0.000e+00
     32.802   68.24662 -167.12256     4.7732    31.8134    1466.28  0.000e+00
     32.763   68.24662 -167.12256     4.7767    31.8104    1466.29  0.000e+00
     32.763   68.24662 -167.12256     4.7789    31.8075    1466.30  0.000e+00
     32.802   68.24662 -167.12256     4.7808    31.8048    1466.30  0.000e+00
     32.817   68.24662 -167.12256     4.7826    31.8026    1466.31  0.000e+00
     32.802   68.24662 -167.12256     4.7836    31.8017    1466.31  0.000e+00
     32.817   68.24662 -167.12256     4.7835    31.8019    1466.31  0.000e+00
     32.871   68.24662 -167.12256     4.7838    31.7991    1466.31  0.000e+00
     32.802   68.24662 -167.12256     4.7822    31.7971    1466.30  0.000e+00
     32.817   68.24662 -167.12256     4.7776    31.7985    1466.28  0.000e+00
     32.817   68.24662 -167.12256     4.7724    31.8014    1466.26  0.000e+00
     32.863   68.24662 -167.12256     4.7672    31.8050    1466.25  0.000e+00
     32.871   68.24662 -167.12256     4.7622    31.8087    1466.23  0.000e+00
     32.863   68.24662 -167.12256     4.7579    31.8120    1466.22  0.000e+00
     32.817   68.24662 -167.12256     4.7548    31.8144    1466.21  0.000e+00
     32.871   68.24662 -167.12256     4.7521    31.8161    1466.20  0.000e+00
     32.863   68.24662 -167.12256     4.7493    31.8181    1466.19  0.000e+00
     32.933   68.24662 -167.12256     4.7475    31.8192    1466.18  0.000e+00
     32.863   68.24662 -167.12256     4.7457    31.8209    1466.18  0.000e+00
     32.871   68.24662 -167.12256     4.7443    31.8220    1466.17  0.000e+00
     32.871   68.24662 -167.12256     4.7430    31.8229    1466.17  0.000e+00
     32.917   68.24662 -167.12256     4.7422    31.8238    1466.17  0.000e+00
     32.933   68.24662 -167.12256     4.7413    31.8244    1466.17  0.000e+00
     32.863   68.24662 -167.12256     4.7408    31.8249    1466.16  0.000e+00
     32.933   68.24662 -167.12256     4.7403    31.8256    1466.16  0.000e+00
     32.933   68.24662 -167.12256     4.7405    31.8255    1466.16  0.000e+00
     32.917   68.24662 -167.12256     4.7405    31.8251    1466.16  0.000e+00
     32.871   68.24662 -167.12256     4.7408    31.8250    1466.16  0.000e+00
     32.933   68.24662 -167.12256     4.7411    31.8244    1466.16  0.000e+00
     32.917   68.24662 -167.12256     4.7411    31.8250    1466.16  0.000e+00
     32.932   68.24662 -167.12256     4.7414    31.8243    1466.17  0.000e+00
     32.979   68.24662 -167.12256     4.7416    31.8235    1466.17  0.000e+00
     32.932   68.24662 -167.12256     4.7410    31.8240    1466.16  0.000e+00
     32.932   68.24662 -167.12256     4.7407    31.8245    1466.16  0.000e+00
     32.917   68.24662 -167.12256     4.7403    31.8251    1466.16  0.000e+00
     32.932   68.24662 -167.12256     4.7400    31.8252    1466.16  0.000e+00
     32.917   68.24662 -167.12256     4.7397    31.8251    1466.16  0.000e+00
     32.986   68.24662 -167.12256     4.7396    31.8256    1466.16  0.000e+00
     32.932   68.24662 -167.12256     4.7393    31.8259    1466.16  0.000e+00
     32.979   68.24662 -167.12256     4.7392    31.8253    1466.16  0.000e+00
     32.932   68.24662 -167.12256     4.7384    31.8263    1466.16  0.000e+00
     32.917   68.24662 -167.12256     4.7376    31.8266    1466.15  0.000e+00
     32.986   68.24662 -167.12256     4.7367    31.8272    1466.15  0.000e+00
     32.932   68.24662 -167.12256     4.7357    31.8286    1466.15  0.000e+00
     32.979   68.24662 -167.12256     4.7351    31.8298    1466.15  0.000e+00
     32.932   68.24662 -167.12256     4.7351    31.8305    1466.15  0.000e+00
     32.932   68.24662 -167.12256     4.7356    31.8307    1466.15  0.000e+00
     32.979   68.24662 -167.12256     4.7357    31.8307    1466.15  0.000e+00
     32.932   68.24662 -167.12256     4.7359    31.8314    1466.15  0.000e+00
     32.917   68.24662 -167.12256     4.7360    31.8321    1466.15  0.000e+00
     32.986   68.24662 -167.12256     4.7368    31.8319    1466.16  0.000e+00
     32.932   68.24662 -167.12256     4.7379    31.8306    1466.16  0.000e+00
     32.978   68.24662 -167.12256     4.7381    31.8299    1466.16  0.000e+00
     32.932   68.24662 -167.12256     4.7383    31.8303    1466.16  0.000e+00
     32.978   68.24662 -167.12256     4.7378    31.8320    1466.16  0.000e+00
     32.932   68.24662 -167.12256     4.7385    31.8337    1466.17  0.000e+00
     32.932   68.24662 -167.12256     4.7405    31.8336    1466.17  0.000e+00
     32.978   68.24662 -167.12256     4.7421    31.8335    1466.18  0.000e+00
     32.932   68.24662 -167.12256     4.7435    31.8316    1466.18  0.000e+00
     32.863   68.24662 -167.12256     4.7452    31.8286    1466.19  0.000e+00
     33.048   68.24662 -167.12256     4.7462    31.8262    1466.19  0.000e+00
     32.932   68.24662 -167.12256     4.7463    31.8254    1466.19  0.000e+00
     32.978   68.24662 -167.12256     4.7463    31.8255    1466.19  0.000e+00
     32.932   68.24662 -167.12256     4.7457    31.8259    1466.19  0.000e+00
     32.932   68.24662 -167.12256     4.7448    31.8263    1466.18  0.000e+00
     32.917   68.24662 -167.12256     4.7437    31.8275    1466.18  0.000e+00
     32.932   68.24662 -167.12256     4.7432    31.8276    1466.18  0.000e+00
     32.978   68.24662 -167.12256     4.7424    31.8280    1466.17  0.000e+00
     32.932   68.24662 -167.12256     4.7422    31.8277    1466.17  0.000e+00
     32.932   68.24662 -167.12256     4.7417    31.8281    1466.17  0.000e+00
     32.917   68.24662 -167.12256     4.7416    31.8286    1466.17  0.000e+00
     32.986   68.24662 -167.12256     4.7416    31.8284    1466.17  0.000e+00
     32.916   68.24662 -167.12256     4.7427    31.8274    1466.17  0.000e+00
     32.932   68.24662 -167.12256     4.7438    31.8271    1466.18  0.000e+00
     32.932   68.24662 -167.12256     4.7452    31.8273    1466.19  0.000e+00
     32.916   68.24662 -167.12256     4.7463    31.8269    1466.19  0.000e+00
     32.932   68.24662 -167.12256     4.7468    31.8273    1466.19  0.000e+00
     32.932   68.24662 -167.12256     4.7471    31.8273    1466.19  0.000e+00
     32.916   68.24662 -167.12256     4.7470    31.8272    1466.19  0.000e+00
     32.932   68.24662 -167.12256     4.7465    31.8263    1466.19  0.000e+00
     32.916   68.24662 -167.12256     4.7455    31.8256    1466.18  0.000e+00
     32.932   68.24662 -167.12256     4.7434    31.8268    1466.18  0.000e+00
     32.932   68.24662 -167.12256     4.7414    31.8286    1466.17  0.000e+00
     32.916   68.24662 -167.12256     4.7402    31.8300    1466.17  0.000e+00
     32.932   68.24662 -167.12256     4.7395    31.8307    1466.17  0.000e+00
     32.916   68.24662 -167.12256     4.7379    31.8322    1466.16  0.000e+00
     32.932   68.24662 -167.12256     4.7357    31.8339    1466.15  0.000e+00
     32.932   68.24662 -167.12256     4.7340    31.8356    1466.15  0.000e+00
     32.916   68.24662 -167.12256     4.7334    31.8371    1466.15  0.000e+00
     32.932   68.24662 -167.12256     4.7334    31.8386    1466.15  0.000e+00
     32.862   68.24662 -167.12256     4.7343    31.8392    1466.15  0.000e+00
     32.932   68.24662 -167.12256     4.7351    31.8395    1466.16  0.000e+00
     32.870   68.24662 -167.12256     4.7364    31.8387    1466.16  0.000e+00
     32.916   68.24662 -167.12256     4.7384    31.8370    1466.17  0.000e+00
     32.932   68.24662 -167.12256     4.7411    31.8345    1466.18  0.000e+00
     32.870   68.24662 -167.12256     4.7440    31.8319    1466.18  0.000e+00
     32.978   68.24662 -167.12256     4.7449    31.8313    1466.19  0.000e+00
     32.870   68.24662 -167.12256     4.7454    31.8309    1466.19  0.000e+00
     32.916   68.24662 -167.12256     4.7457    31.8304    1466.19  0.000e+00
     32.870   68.24662 -167.12256     4.7452    31.8312    1466.19  0.000e+00
     32.932   68.24662 -167.12256     4.7455    31.8312    1466.19  0.000e+00
     32.916   68.24662 -167.12256     4.7490    31.8282    1466.20  0.000e+00
     32.870   68.24662 -167.12256     4.7538    31.8241    1466.22  0.000e+00
     32.916   68.24662 -167.12256     4.7582    31.8206    1466.23  0.000e+00
     32.870   68.24662 -167.12256     4.7595    31.8200    1466.23  0.000e+00
     32.931   68.24662 -167.12256     4.7593    31.8204    1466.23  0.000e+00
     32.862   68.24662 -167.12256     4.7602    31.8196    1466.24  0.000e+00
     32.931   68.24662 -167.12256     4.7614    31.8185    1466.24  0.000e+00
     32.862   68.24662 -167.12256     4.7630    31.8173    1466.24  0.000e+00
     32.931   68.24662 -167.12256     4.7646    31.8164    1466.25  0.000e+00
     32.870   68.24662 -167.12256     4.7665    31.8155    1466.26  0.000e+00
     32.916   68.24662 -167.12256     4.7689    31.8138    1466.27  0.000e+00
     32.870   68.24662 -167.12256     4.7706    31.8129    1466.27  0.000e+00
     32.931   68.24662 -167.12256     4.7717    31.8125    1466.28  0.000e+00
     32.862   68.24662 -167.12256     4.7722    31.8132    1466.28  0.000e+00
     32.870   68.24662 -167.12256     4.7729    31.8132    1466.28  0.000e+00
     32.916   68.24662 -167.12256     4.7737    31.8129    1466.28  0.000e+00
     32.931   68.24662 -167.12256     4.7754    31.8126    1466.29  0.000e+00
     32.870   68.24662 -167.12256     4.7775    31.8108    1466.30  0.000e+00
     32.916   68.24662 -167.12256     4.7775    31.8107    1466.30  0.000e+00
     32.931   68.24662 -167.12256     4.7765    31.8119    1466.29  0.000e+00
     32.862   68.24662 -167.12256     4.7775    31.8111    1466.30  0.000e+00
     32.870   68.24662 -167.12256     4.7785    31.8096    1466.30  0.000e+00
     32.931   68.24662 -167.12256     4.7794    31.8080    1466.30  0.000e+00
     32.916   68.24662 -167.12256     4.7797    31.8076    1466.30  0.000e+00
     32.870   68.24662 -167.12256     4.7795    31.8081    1466.30  0.000e+00
     32.916   68.24662 -167.12256     4.7781    31.8098    1466.30  0.000e+00
     32.931   68.24662 -167.12256     4.7770    31.8120    1466.30  0.000e+00
     32.869   68.24662 -167.12256     4.7778    31.8129    1466.30  0.000e+00
     32.916   68.24662 -167.12256     4.7788    31.8146    1466.31  0.000e+00
     32.931   68.24662 -167.12256     4.7788    31.8169    1466.31  0.000e+00
     32.931   68.24662 -167.12256     4.7821    31.8152    1466.32  0.000e+00
     32.862   68.24662 -167.12256     4.7903    31.8085    1466.35  0.000e+00
     32.931   68.24662 -167.12256     4.8005    31.7994    1466.38  0.000e+00
     32.916   68.24662 -167.12256     4.8065    31.7944    1466.40  0.000e+00
     32.931   68.24662 -167.12256     4.8091    31.7933    1466.40  0.000e+00
     32.931   68.24662 -167.12256     4.8108    31.7930    1466.41  0.000e+00
     32.916   68.24662 -167.12256     4.8131    31.7920    1466.42  0.000e+00
     32.931   68.24662 -167.12256     4.8140    31.7922    1466.42  0.000e+00
     32.916   68.24662 -167.12256     4.8115    31.7940    1466.42  0.000e+00
     32.931   68.24662 -167.12256     4.8097    31.7931    1466.41  0.000e+00
     32.931   68.24662 -167.12256     4.8079    31.7930    1466.40  0.000e+00
     32.977   68.24662 -167.12256     4.8040    31.7939    1466.39  0.000e+00
     32.931   68.24662 -167.12256     4.8016    31.7933    1466.37  0.000e+00
     32.977   68.24662 -167.12256     4.8022    31.7921    1466.38  0.000e+00
     32.931   68.24662 -167.12256     4.8035    31.7879    1466.38  0.000e+00
     32.931   68.24662 -167.12256     4.8011    31.7856    1466.36  0.000e+00
     32.977   68.24662 -167.12256     4.7936    31.7872    1466.33  0.000e+00
     32.931   68.24662 -167.12256     4.7846    31.7921    1466.30  0.000e+00
     32.985   68.24662 -167.12256     4.7754    31.7985    1466.27  0.000e+00
     32.977   68.24662 -167.12256     4.7668    31.8042    1466.25  0.000e+00
     32.931   68.24662 -167.12256     4.7589    31.8098    1466.22  0.000e+00
     32.977   68.24662 -167.12256     4.7530    31.8149    1466.20  0.000e+00
     32.985   68.24662 -167.12256     4.7489    31.8193    1466.19  0.000e+00
     32.985   68.24662 -167.12256     4.7463    31.8221    1466.18  0.000e+00
     32.977   68.24662 -167.12256     4.7448    31.8234    1466.18  0.000e+00
     32.985   68.24662 -167.12256     4.7443    31.8251    1466.18  0.000e+00
     33.031   68.24662 -167.12256     4.7441    31.8260    1466.18  0.000e+00
     32.985   68.24662 -167.12256     4.7435    31.8281    1466.18  0.000e+00
     32.985   68.24662 -167.12256     4.7445    31.8269    1466.18  0.000e+00
     33.031   68.24662 -167.12256     4.7435    31.8270    1466.18  0.000e+00
     32.985   68.24662 -167.12256     4.7414    31.8277    1466.17  0.000e+00
     33.047   68.24662 -167.12256     4.7397    31.8282    1466.17  0.000e+00
     32.977   68.24662 -167.12256     4.7375    31.8290    1466.16  0.000e+00
     33.047   68.24662 -167.12256     4.7350    31.8308    1466.15  0.000e+00
     33.085   68.24662 -167.12256     4.7334    31.8323    1466.15  0.000e+00
     32.985   68.24662 -167.12256     4.7311    31.8341    1466.14  0.000e+00
     33.046   68.24662 -167.12256     4.7303    31.8340    1466.13  0.000e+00
