EcoFOCI/data/1_SampleCollection/2023_SikuliaqDBO_CruiseData/CTD_raw_BottleFile_SKQ23-12S/proc/skq202312s_069svp.cnv
* Sea-Bird SBE 9 Data File:
* FileName = D:\CTD\SKQ202312S\SKQ202312S_069.hex
* Software Version Seasave V 7.26.7.121
* Temperature SN = 6177
* Conductivity SN = 0369
* Number of Bytes Per Scan = 41
* Number of Voltage Words = 4
* Number of Scans Averaged by the Deck Unit = 1
* NMEA Latitude = 67 46.99 N
* NMEA Longitude = 168 35.84 W
* NMEA UTC (Time) = Sep 30 2023  01:24:11
* NMEA baud rate = 4800
** Ship: R/V Sikuliaq
** Station Number: 069
** Station Name: DBO3.7
** Bottom Depth: 50
** Operator: SD
# nquan = 7
# nvalues = 4111                                  
# units = specified
# name 0 = depSM: Depth [salt water, m]
# name 1 = latitude: Latitude [deg]
# name 2 = longitude: Longitude [deg]
# name 3 = t090C: Temperature [ITS-90, deg C]
# name 4 = sal00: Salinity, Practical [PSU]
# name 5 = svCM: Sound Velocity [Chen-Millero, m/s]
# name 6 = flag:  0.000e+00
# span 0 =      2.464,     45.002                 
# span 1 =   67.78290,   67.78294                 
# span 2 = -168.59750, -168.59740                 
# span 3 =     2.2539,     5.5342                 
# span 4 =    26.3141,    32.5375                 
# span 5 =    1450.24,    1468.18                 
# span 6 = 0.0000e+00, 0.0000e+00                 
# interval = seconds: 0.0416667
# start_time = Sep 30 2023 01:27:32 [NMEA time, first data scan]
# bad_flag = -9.990e-29
*END*
[from data line 2257]
     22.965   67.78294 -168.59746     3.9810    30.2704    1460.84  0.000e+00
     22.942   67.78294 -168.59746     4.0313    30.2755    1461.06  0.000e+00
     22.965   67.78294 -168.59746     4.0799    30.2760    1461.26  0.000e+00
     23.004   67.78294 -168.59746     4.1221    30.2723    1461.44  0.000e+00
     23.004   67.78294 -168.59746     4.1606    30.2669    1461.59  0.000e+00
     23.019   67.78294 -168.59746     4.1950    30.2599    1461.73  0.000e+00
     23.058   67.78294 -168.59746     4.2272    30.2507    1461.85  0.000e+00
     23.019   67.78294 -168.59746     4.2573    30.2365    1461.96  0.000e+00
     23.119   67.78294 -168.59746     4.2828    30.2217    1462.05  0.000e+00
     23.058   67.78294 -168.59746     4.3019    30.2093    1462.11  0.000e+00
     23.081   67.78294 -168.59746     4.3162    30.1986    1462.16  0.000e+00
     23.119   67.78294 -168.59746     4.3267    30.1916    1462.19  0.000e+00
     23.135   67.78294 -168.59746     4.3339    30.1892    1462.22  0.000e+00
     23.173   67.78294 -168.59746     4.3402    30.1945    1462.25  0.000e+00
     23.135   67.78294 -168.59746     4.3502    30.2215    1462.33  0.000e+00
     23.173   67.78294 -168.59746     4.3712    30.2723    1462.48  0.000e+00
     23.235   67.78294 -168.59746     4.4040    30.3184    1462.68  0.000e+00
     23.197   67.78294 -168.59746     4.4386    30.3408    1462.85  0.000e+00
     23.235   67.78294 -168.59746     4.4754    30.3498    1463.02  0.000e+00
     23.250   67.78294 -168.59746     4.5106    30.3528    1463.17  0.000e+00
     23.235   67.78294 -168.59746     4.5397    30.3508    1463.29  0.000e+00
     23.289   67.78294 -168.59746     4.5664    30.3448    1463.39  0.000e+00
     23.312   67.78294 -168.59746     4.5961    30.3361    1463.50  0.000e+00
     23.289   67.78294 -168.59746     4.6214    30.3293    1463.60  0.000e+00
     23.312   67.78294 -168.59746     4.6414    30.3232    1463.68  0.000e+00
     23.343   67.78294 -168.59746     4.6601    30.3159    1463.75  0.000e+00
     23.420   67.78294 -168.59746     4.6770    30.3098    1463.81  0.000e+00
     23.343   67.78294 -168.59746     4.6920    30.3035    1463.86  0.000e+00
     23.405   67.78294 -168.59746     4.7040    30.2983    1463.91  0.000e+00
     23.420   67.78294 -168.59746     4.7132    30.2953    1463.94  0.000e+00
     23.405   67.78294 -168.59746     4.7217    30.2923    1463.97  0.000e+00
     23.482   67.78294 -168.59746     4.7289    30.2891    1464.00  0.000e+00
     23.459   67.78294 -168.59746     4.7343    30.2876    1464.02  0.000e+00
     23.459   67.78294 -168.59746     4.7379    30.2885    1464.03  0.000e+00
     23.536   67.78294 -168.59746     4.7410    30.2883    1464.05  0.000e+00
     23.459   67.78294 -168.59746     4.7448    30.2860    1464.06  0.000e+00
     23.536   67.78294 -168.59746     4.7475    30.2849    1464.07  0.000e+00
     23.574   67.78294 -168.59746     4.7502    30.2840    1464.08  0.000e+00
     23.536   67.78294 -168.59746     4.7521    30.2837    1464.09  0.000e+00
     23.636   67.78294 -168.59746     4.7541    30.2833    1464.10  0.000e+00
     23.574   67.78294 -168.59746     4.7562    30.2823    1464.10  0.000e+00
     23.651   67.78294 -168.59746     4.7579    30.2825    1464.11  0.000e+00
     23.636   67.78294 -168.59746     4.7599    30.2821    1464.12  0.000e+00
     23.651   67.78294 -168.59746     4.7613    30.2821    1464.13  0.000e+00
     23.690   67.78294 -168.59746     4.7630    30.2813    1464.13  0.000e+00
     23.651   67.78294 -168.59746     4.7641    30.2816    1464.14  0.000e+00
     23.744   67.78294 -168.59746     4.7649    30.2814    1464.14  0.000e+00
     23.690   67.78294 -168.59746     4.7657    30.2815    1464.14  0.000e+00
     23.767   67.78294 -168.59746     4.7658    30.2814    1464.15  0.000e+00
     23.744   67.78294 -168.59746     4.7660    30.2812    1464.15  0.000e+00
     23.821   67.78294 -168.59746     4.7662    30.2812    1464.15  0.000e+00
     23.806   67.78294 -168.59746     4.7667    30.2815    1464.15  0.000e+00
     23.821   67.78294 -168.59746     4.7668    30.2831    1464.15  0.000e+00
     23.806   67.78294 -168.59746     4.7676    30.2950    1464.17  0.000e+00
     23.859   67.78294 -168.59746     4.7722    30.3162    1464.22  0.000e+00
     23.937   67.78294 -168.59746     4.7818    30.3308    1464.28  0.000e+00
     23.859   67.78294 -168.59746     4.7938    30.3352    1464.33  0.000e+00
     23.937   67.78294 -168.59746     4.8059    30.3351    1464.38  0.000e+00
     23.975   67.78294 -168.59746     4.8175    30.3310    1464.43  0.000e+00
     23.937   67.78294 -168.59746     4.8278    30.3275    1464.46  0.000e+00
     23.975   67.78294 -168.59746     4.8375    30.3236    1464.50  0.000e+00
     24.037   67.78294 -168.59746     4.8458    30.3202    1464.53  0.000e+00
     23.998   67.78294 -168.59746     4.8527    30.3259    1464.57  0.000e+00
     24.037   67.78294 -168.59746     4.8606    30.3398    1464.62  0.000e+00
     24.106   67.78294 -168.59746     4.8703    30.3527    1464.68  0.000e+00
     24.091   67.78294 -168.59746     4.8814    30.3619    1464.73  0.000e+00
     24.106   67.78294 -168.59746     4.8956    30.3651    1464.80  0.000e+00
     24.091   67.78294 -168.59746     4.9101    30.3649    1464.85  0.000e+00
     24.206   67.78294 -168.59746     4.9239    30.3628    1464.91  0.000e+00
     24.168   67.78294 -168.59746     4.9365    30.3621    1464.96  0.000e+00
     24.206   67.78294 -168.59746     4.9488    30.3593    1465.01  0.000e+00
     24.222   67.78294 -168.59746     4.9596    30.3553    1465.05  0.000e+00
     24.206   67.78294 -168.59746     4.9679    30.3521    1465.08  0.000e+00
     24.284   67.78294 -168.59746     4.9748    30.3491    1465.10  0.000e+00
     24.260   67.78294 -168.59746     4.9802    30.3471    1465.12  0.000e+00
     24.284   67.78294 -168.59746     4.9842    30.3460    1465.14  0.000e+00
     24.376   67.78294 -168.59746     4.9876    30.3445    1465.15  0.000e+00
     24.322   67.78294 -168.59746     4.9904    30.3435    1465.16  0.000e+00
     24.399   67.78294 -168.59746     4.9932    30.3467    1465.18  0.000e+00
     24.376   67.78294 -168.59746     4.9972    30.3583    1465.21  0.000e+00
     24.399   67.78294 -168.59746     5.0043    30.3731    1465.26  0.000e+00
     24.438   67.78294 -168.59746     5.0134    30.3880    1465.32  0.000e+00
     24.453   67.78294 -168.59746     5.0264    30.3977    1465.38  0.000e+00
     24.492   67.78294 -168.59746     5.0392    30.4040    1465.44  0.000e+00
     24.492   67.78294 -168.59746     5.0529    30.4070    1465.50  0.000e+00
     24.507   67.78294 -168.59746     5.0665    30.4092    1465.56  0.000e+00
     24.546   67.78294 -168.59746     5.0804    30.4119    1465.62  0.000e+00
     24.569   67.78294 -168.59746     5.0942    30.4115    1465.68  0.000e+00
     24.607   67.78294 -168.59746     5.1061    30.4095    1465.73  0.000e+00
     24.569   67.78294 -168.59746     5.1170    30.4064    1465.77  0.000e+00
     24.607   67.78294 -168.59746     5.1253    30.4033    1465.80  0.000e+00
     24.684   67.78294 -168.59746     5.1323    30.4006    1465.82  0.000e+00
     24.661   67.78294 -168.59746     5.1382    30.3988    1465.85  0.000e+00
     24.661   67.78294 -168.59746     5.1436    30.3994    1465.87  0.000e+00
     24.684   67.78294 -168.59746     5.1491    30.3985    1465.89  0.000e+00
     24.723   67.78294 -168.59746     5.1536    30.3981    1465.91  0.000e+00
     24.738   67.78294 -168.59746     5.1581    30.3998    1465.93  0.000e+00
     24.777   67.78294 -168.59746     5.1622    30.4027    1465.95  0.000e+00
     24.800   67.78294 -168.59746     5.1665    30.4048    1465.97  0.000e+00
     24.777   67.78294 -168.59746     5.1712    30.4083    1466.00  0.000e+00
     24.800   67.78294 -168.59746     5.1767    30.4145    1466.03  0.000e+00
     24.839   67.78294 -168.59746     5.1822    30.4201    1466.06  0.000e+00
     24.854   67.78294 -168.59746     5.1884    30.4260    1466.09  0.000e+00
     24.893   67.78294 -168.59746     5.1964    30.4306    1466.13  0.000e+00
     24.893   67.78294 -168.59746     5.2035    30.4354    1466.16  0.000e+00
     24.854   67.78294 -168.59746     5.2104    30.4408    1466.20  0.000e+00
     24.947   67.78294 -168.59746     5.2184    30.4441    1466.24  0.000e+00
     24.908   67.78294 -168.59746     5.2249    30.4496    1466.27  0.000e+00
     24.947   67.78294 -168.59746     5.2313    30.4555    1466.30  0.000e+00
     24.970   67.78294 -168.59746     5.2393    30.4612    1466.34  0.000e+00
     25.008   67.78294 -168.59746     5.2480    30.4638    1466.38  0.000e+00
     24.970   67.78294 -168.59746     5.2559    30.4647    1466.42  0.000e+00
     25.008   67.78294 -168.59746     5.2627    30.4658    1466.45  0.000e+00
     25.008   67.78294 -168.59746     5.2700    30.4651    1466.48  0.000e+00
     25.085   67.78294 -168.59746     5.2762    30.4641    1466.50  0.000e+00
     25.062   67.78294 -168.59746     5.2815    30.4619    1466.52  0.000e+00
     25.085   67.78294 -168.59746     5.2857    30.4585    1466.53  0.000e+00
     25.062   67.78294 -168.59746     5.2877    30.4562    1466.54  0.000e+00
     25.085   67.78294 -168.59746     5.2884    30.4523    1466.54  0.000e+00
     25.124   67.78294 -168.59746     5.2873    30.4495    1466.53  0.000e+00
     25.139   67.78294 -168.59746     5.2851    30.4481    1466.52  0.000e+00
     25.124   67.78294 -168.59746     5.2818    30.4470    1466.50  0.000e+00
     25.201   67.78294 -168.59746     5.2780    30.4461    1466.49  0.000e+00
     25.124   67.78294 -168.59746     5.2738    30.4442    1466.47  0.000e+00
     25.201   67.78294 -168.59746     5.2675    30.4437    1466.44  0.000e+00
     25.178   67.78294 -168.59746     5.2607    30.4442    1466.41  0.000e+00
     25.239   67.78294 -168.59746     5.2543    30.4444    1466.39  0.000e+00
     25.201   67.78294 -168.59746     5.2473    30.4445    1466.36  0.000e+00
     25.239   67.78294 -168.59746     5.2417    30.4433    1466.34  0.000e+00
     25.255   67.78294 -168.59746     5.2353    30.4421    1466.31  0.000e+00
     25.293   67.78294 -168.59746     5.2283    30.4413    1466.28  0.000e+00
     25.255   67.78294 -168.59746     5.2211    30.4399    1466.25  0.000e+00
     25.293   67.78294 -168.59746     5.2132    30.4384    1466.21  0.000e+00
     25.309   67.78294 -168.59748     5.2043    30.4372    1466.18  0.000e+00
     25.293   67.78294 -168.59748     5.1948    30.4372    1466.14  0.000e+00
     25.309   67.78294 -168.59748     5.1863    30.4355    1466.10  0.000e+00
     25.347   67.78294 -168.59748     5.1763    30.4320    1466.06  0.000e+00
     25.347   67.78294 -168.59748     5.1632    30.4313    1466.00  0.000e+00
     25.370   67.78294 -168.59748     5.1503    30.4337    1465.95  0.000e+00
     25.409   67.78294 -168.59748     5.1388    30.4341    1465.91  0.000e+00
     25.370   67.78294 -168.59748     5.1285    30.4253    1465.85  0.000e+00
     25.409   67.78294 -168.59748     5.1163    30.4172    1465.79  0.000e+00
     25.424   67.78294 -168.59748     5.1009    30.4152    1465.73  0.000e+00
     25.409   67.78294 -168.59748     5.0849    30.4120    1465.66  0.000e+00
     25.486   67.78294 -168.59748     5.0686    30.4012    1465.58  0.000e+00
     25.463   67.78294 -168.59748     5.0484    30.3956    1465.49  0.000e+00
     25.424   67.78294 -168.59748     5.0292    30.3947    1465.41  0.000e+00
     25.525   67.78294 -168.59748     5.0113    30.3908    1465.33  0.000e+00
     25.486   67.78294 -168.59748     4.9967    30.3801    1465.25  0.000e+00
     25.525   67.78294 -168.59748     4.9770    30.3769    1465.17  0.000e+00
     25.579   67.78294 -168.59748     4.9526    30.3773    1465.07  0.000e+00
     25.486   67.78294 -168.59748     4.9264    30.3773    1464.96  0.000e+00
     25.579   67.78294 -168.59748     4.9016    30.3817    1464.87  0.000e+00
     25.594   67.78294 -168.59748     4.8788    30.3879    1464.78  0.000e+00
     25.579   67.78294 -168.59748     4.8573    30.3928    1464.70  0.000e+00
     25.594   67.78294 -168.59748     4.8385    30.3968    1464.62  0.000e+00
     25.640   67.78294 -168.59748     4.8189    30.4027    1464.55  0.000e+00
     25.594   67.78294 -168.59748     4.7989    30.4096    1464.48  0.000e+00
     25.694   67.78294 -168.59748     4.7806    30.4175    1464.41  0.000e+00
     25.656   67.78294 -168.59748     4.7652    30.4222    1464.35  0.000e+00
     25.694   67.78294 -168.59748     4.7508    30.4263    1464.30  0.000e+00
     25.710   67.78294 -168.59748     4.7379    30.4311    1464.25  0.000e+00
     25.694   67.78294 -168.59748     4.7267    30.4339    1464.21  0.000e+00
     25.771   67.78294 -168.59748     4.7150    30.4379    1464.17  0.000e+00
     25.748   67.78294 -168.59748     4.7034    30.4426    1464.13  0.000e+00
     25.810   67.78294 -168.59748     4.6928    30.4482    1464.09  0.000e+00
     25.771   67.78294 -168.59748     4.6839    30.4532    1464.06  0.000e+00
     25.810   67.78294 -168.59748     4.6763    30.4573    1464.03  0.000e+00
     25.825   67.78294 -168.59748     4.6703    30.4605    1464.01  0.000e+00
     25.864   67.78294 -168.59748     4.6649    30.4638    1464.00  0.000e+00
     25.825   67.78294 -168.59748     4.6605    30.4669    1463.98  0.000e+00
     25.926   67.78294 -168.59748     4.6576    30.4686    1463.97  0.000e+00
     25.887   67.78294 -168.59748     4.6549    30.4716    1463.96  0.000e+00
     25.925   67.78294 -168.59748     4.6538    30.4767    1463.97  0.000e+00
     25.941   67.78294 -168.59748     4.6538    30.4830    1463.98  0.000e+00
     25.979   67.78294 -168.59748     4.6547    30.4883    1463.99  0.000e+00
     25.995   67.78294 -168.59748     4.6563    30.4925    1464.00  0.000e+00
     25.979   67.78294 -168.59748     4.6584    30.4966    1464.01  0.000e+00
     26.057   67.78294 -168.59748     4.6619    30.5019    1464.03  0.000e+00
     26.041   67.78294 -168.59748     4.6668    30.5091    1464.06  0.000e+00
     26.057   67.78294 -168.59748     4.6730    30.5182    1464.10  0.000e+00
     26.095   67.78294 -168.59748     4.6804    30.5288    1464.15  0.000e+00
     26.057   67.78294 -168.59748     4.6908    30.5366    1464.20  0.000e+00
     26.149   67.78294 -168.59748     4.7019    30.5462    1464.26  0.000e+00
     26.149   67.78294 -168.59748     4.7146    30.5562    1464.32  0.000e+00
     26.111   67.78294 -168.59748     4.7299    30.5638    1464.40  0.000e+00
     26.211   67.78294 -168.59748     4.7459    30.5671    1464.47  0.000e+00
     26.226   67.78294 -168.59748     4.7630    30.5667    1464.54  0.000e+00
     26.211   67.78294 -168.59748     4.7781    30.5667    1464.60  0.000e+00
     26.288   67.78294 -168.59748     4.7922    30.5669    1464.66  0.000e+00
     26.265   67.78294 -168.59748     4.8070    30.5673    1464.72  0.000e+00
     26.288   67.78294 -168.59748     4.8216    30.5685    1464.78  0.000e+00
     26.326   67.78294 -168.59748     4.8355    30.5717    1464.85  0.000e+00
     26.342   67.78294 -168.59748     4.8490    30.5758    1464.91  0.000e+00
     26.380   67.78294 -168.59748     4.8609    30.5811    1464.96  0.000e+00
     26.396   67.78294 -168.59748     4.8741    30.5858    1465.03  0.000e+00
     26.380   67.78294 -168.59748     4.8877    30.5903    1465.09  0.000e+00
     26.458   67.78294 -168.59748     4.9016    30.5926    1465.15  0.000e+00
     26.442   67.78294 -168.59748     4.9146    30.5963    1465.21  0.000e+00
     26.457   67.78294 -168.59748     4.9287    30.5984    1465.27  0.000e+00
     26.496   67.78294 -168.59748     4.9427    30.6013    1465.33  0.000e+00
     26.573   67.78294 -168.59748     4.9562    30.6066    1465.39  0.000e+00
     26.496   67.78294 -168.59748     4.9708    30.6114    1465.46  0.000e+00
     26.573   67.78294 -168.59748     4.9845    30.6146    1465.52  0.000e+00
