EcoFOCI/data/1_SampleCollection/2023_SikuliaqDBO_CruiseData/CTD_raw_BottleFile_SKQ23-12S/proc/skq202312s_008svp.cnv
* Sea-Bird SBE 9 Data File:
* FileName = D:\CTD\SKQ202312S\SKQ202312S_008.hex
* Software Version Seasave V 7.26.7.121
* Temperature SN = 6177
* Conductivity SN = 0369
* Number of Bytes Per Scan = 41
* Number of Voltage Words = 4
* Number of Scans Averaged by the Deck Unit = 1
* NMEA Latitude = 62 47.19 N
* NMEA Longitude = 173 30.00 W
* NMEA UTC (Time) = Sep 16 2023  08:58:03
* NMEA baud rate = 4800
** Ship: R/V Sikuliaq
** Station Number: 008
** Station Name: DBO1.7
** Bottom Depth: 69
** Operator: SD
# nquan = 7
# nvalues = 5926                                  
# units = specified
# name 0 = depSM: Depth [salt water, m]
# name 1 = latitude: Latitude [deg]
# name 2 = longitude: Longitude [deg]
# name 3 = t090C: Temperature [ITS-90, deg C]
# name 4 = sal00: Salinity, Practical [PSU]
# name 5 = svCM: Sound Velocity [Chen-Millero, m/s]
# name 6 = flag:  0.000e+00
# span 0 =      1.066,     63.296                 
# span 1 =   62.78648,   62.78650                 
# span 2 = -173.49996, -173.49994                 
# span 3 =    -1.5262,     7.1119                 
# span 4 =    30.9959,    32.0193                 
# span 5 =    1438.48,    1474.28                 
# span 6 = 0.0000e+00, 0.0000e+00                 
# interval = seconds: 0.0416667
# start_time = Sep 16 2023 09:02:12 [NMEA time, first data scan]
# bad_flag = -9.990e-29
*END*
[from data line 1026]
      3.583   62.78648 -173.49996     7.1018    31.1004    1474.24  0.000e+00
      3.614   62.78648 -173.49996     7.1023    31.1001    1474.24  0.000e+00
      3.583   62.78648 -173.49996     7.1030    31.1002    1474.24  0.000e+00
      3.637   62.78648 -173.49996     7.1033    31.1001    1474.24  0.000e+00
      3.583   62.78648 -173.49996     7.1037    31.1000    1474.25  0.000e+00
      3.637   62.78648 -173.49996     7.1033    31.1004    1474.25  0.000e+00
      3.637   62.78648 -173.49996     7.1026    31.0999    1474.24  0.000e+00
      3.637   62.78648 -173.49996     7.1019    31.0997    1474.24  0.000e+00
      3.699   62.78648 -173.49996     7.1013    31.0999    1474.24  0.000e+00
      3.637   62.78648 -173.49996     7.1013    31.1004    1474.24  0.000e+00
      3.699   62.78648 -173.49996     7.1013    31.1003    1474.24  0.000e+00
      3.753   62.78648 -173.49996     7.1014    31.0999    1474.24  0.000e+00
      3.753   62.78648 -173.49996     7.1009    31.0999    1474.24  0.000e+00
      3.699   62.78648 -173.49996     7.0997    31.1001    1474.23  0.000e+00
      3.753   62.78648 -173.49996     7.0989    31.1001    1474.23  0.000e+00
      3.753   62.78648 -173.49996     7.0983    31.0998    1474.23  0.000e+00
      3.753   62.78648 -173.49996     7.0978    31.1006    1474.23  0.000e+00
      3.753   62.78648 -173.49996     7.0976    31.1006    1474.23  0.000e+00
      3.807   62.78648 -173.49996     7.0981    31.1013    1474.23  0.000e+00
      3.807   62.78648 -173.49996     7.0987    31.1026    1474.23  0.000e+00
      3.807   62.78648 -173.49996     7.1002    31.1023    1474.24  0.000e+00
      3.807   62.78648 -173.49996     7.1016    31.1021    1474.24  0.000e+00
      3.807   62.78648 -173.49996     7.1029    31.1018    1474.25  0.000e+00
      3.868   62.78648 -173.49996     7.1037    31.1015    1474.25  0.000e+00
      3.868   62.78648 -173.49996     7.1041    31.1018    1474.25  0.000e+00
      3.868   62.78648 -173.49996     7.1057    31.1014    1474.26  0.000e+00
      3.868   62.78648 -173.49996     7.1066    31.1010    1474.26  0.000e+00
      3.868   62.78648 -173.49996     7.1070    31.1008    1474.26  0.000e+00
      3.922   62.78648 -173.49996     7.1080    31.0998    1474.27  0.000e+00
      3.922   62.78648 -173.49996     7.1086    31.0998    1474.27  0.000e+00
      3.922   62.78648 -173.49996     7.1086    31.1011    1474.27  0.000e+00
      3.984   62.78648 -173.49996     7.1086    31.1012    1474.27  0.000e+00
      3.922   62.78648 -173.49996     7.1091    31.1005    1474.27  0.000e+00
      3.984   62.78648 -173.49996     7.1086    31.1002    1474.27  0.000e+00
      4.038   62.78648 -173.49996     7.1087    31.0999    1474.27  0.000e+00
      3.984   62.78648 -173.49996     7.1085    31.1006    1474.27  0.000e+00
      4.038   62.78648 -173.49996     7.1083    31.1000    1474.27  0.000e+00
      4.038   62.78648 -173.49996     7.1059    31.1006    1474.26  0.000e+00
      4.038   62.78648 -173.49996     7.1044    30.9959    1474.13  0.000e+00
      4.038   62.78648 -173.49996     7.1033    31.0285    1474.16  0.000e+00
      4.092   62.78648 -173.49996     7.1029    31.0889    1474.24  0.000e+00
      4.092   62.78648 -173.49996     7.1026    31.1016    1474.25  0.000e+00
      4.092   62.78648 -173.49996     7.1024    31.1015    1474.25  0.000e+00
      4.092   62.78648 -173.49996     7.1021    31.1018    1474.25  0.000e+00
      4.154   62.78648 -173.49996     7.1019    31.1015    1474.25  0.000e+00
      4.092   62.78648 -173.49996     7.1017    31.1012    1474.25  0.000e+00
      4.154   62.78648 -173.49996     7.1015    31.1013    1474.25  0.000e+00
      4.154   62.78648 -173.49996     7.1010    31.1017    1474.25  0.000e+00
      4.153   62.78648 -173.49996     7.1010    31.1013    1474.25  0.000e+00
      4.153   62.78648 -173.49996     7.0994    31.1007    1474.24  0.000e+00
      4.207   62.78648 -173.49996     7.0962    31.1011    1474.23  0.000e+00
      4.184   62.78648 -173.49996     7.0934    31.1014    1474.22  0.000e+00
      4.207   62.78648 -173.49996     7.0915    31.1024    1474.21  0.000e+00
      4.207   62.78648 -173.49996     7.0895    31.1033    1474.20  0.000e+00
      4.207   62.78648 -173.49996     7.0880    31.1038    1474.20  0.000e+00
      4.269   62.78648 -173.49996     7.0870    31.1033    1474.20  0.000e+00
      4.269   62.78648 -173.49996     7.0863    31.1032    1474.19  0.000e+00
      4.269   62.78648 -173.49996     7.0859    31.1025    1474.19  0.000e+00
      4.269   62.78648 -173.49996     7.0846    31.1030    1474.19  0.000e+00
      4.269   62.78648 -173.49996     7.0827    31.1032    1474.18  0.000e+00
      4.269   62.78648 -173.49996     7.0814    31.1032    1474.17  0.000e+00
      4.323   62.78648 -173.49996     7.0805    31.1036    1474.17  0.000e+00
      4.323   62.78648 -173.49996     7.0808    31.1046    1474.17  0.000e+00
      4.269   62.78648 -173.49996     7.0822    31.1042    1474.18  0.000e+00
      4.323   62.78648 -173.49996     7.0824    31.1046    1474.18  0.000e+00
      4.323   62.78648 -173.49996     7.0828    31.1050    1474.18  0.000e+00
      4.385   62.78648 -173.49996     7.0829    31.1044    1474.18  0.000e+00
      4.323   62.78648 -173.49996     7.0834    31.1042    1474.18  0.000e+00
      4.385   62.78648 -173.49996     7.0837    31.1040    1474.19  0.000e+00
      4.385   62.78648 -173.49996     7.0842    31.1038    1474.19  0.000e+00
      4.385   62.78648 -173.49996     7.0844    31.1042    1474.19  0.000e+00
      4.323   62.78648 -173.49996     7.0849    31.1034    1474.19  0.000e+00
      4.385   62.78648 -173.49996     7.0854    31.1029    1474.19  0.000e+00
      4.385   62.78648 -173.49996     7.0852    31.1026    1474.19  0.000e+00
      4.439   62.78648 -173.49996     7.0853    31.1028    1474.19  0.000e+00
      4.385   62.78648 -173.49996     7.0854    31.1027    1474.19  0.000e+00
      4.439   62.78648 -173.49996     7.0856    31.1018    1474.19  0.000e+00
      4.439   62.78648 -173.49996     7.0850    31.1018    1474.19  0.000e+00
      4.385   62.78648 -173.49996     7.0846    31.1020    1474.19  0.000e+00
      4.439   62.78648 -173.49996     7.0838    31.1025    1474.19  0.000e+00
      4.439   62.78648 -173.49996     7.0838    31.1034    1474.19  0.000e+00
      4.439   62.78648 -173.49996     7.0838    31.1037    1474.19  0.000e+00
      4.439   62.78648 -173.49996     7.0841    31.1039    1474.19  0.000e+00
      4.439   62.78648 -173.49996     7.0844    31.1044    1474.19  0.000e+00
      4.439   62.78648 -173.49996     7.0844    31.1043    1474.19  0.000e+00
      4.469   62.78648 -173.49996     7.0845    31.1041    1474.19  0.000e+00
      4.492   62.78648 -173.49996     7.0854    31.1035    1474.19  0.000e+00
      4.384   62.78648 -173.49996     7.0854    31.1038    1474.19  0.000e+00
      4.492   62.78648 -173.49996     7.0852    31.1036    1474.19  0.000e+00
      4.492   62.78648 -173.49996     7.0855    31.1033    1474.19  0.000e+00
      4.438   62.78648 -173.49996     7.0856    31.1042    1474.19  0.000e+00
      4.492   62.78648 -173.49996     7.0857    31.1046    1474.20  0.000e+00
      4.438   62.78648 -173.49996     7.0871    31.1043    1474.20  0.000e+00
      4.492   62.78648 -173.49996     7.0880    31.1037    1474.20  0.000e+00
      4.492   62.78648 -173.49996     7.0886    31.1027    1474.20  0.000e+00
      4.492   62.78648 -173.49996     7.0895    31.1012    1474.21  0.000e+00
      4.492   62.78648 -173.49996     7.0880    31.1022    1474.20  0.000e+00
      4.492   62.78648 -173.49996     7.0878    31.1027    1474.20  0.000e+00
      4.492   62.78648 -173.49996     7.0886    31.1022    1474.20  0.000e+00
      4.492   62.78648 -173.49996     7.0891    31.1030    1474.21  0.000e+00
      4.492   62.78648 -173.49996     7.0895    31.1033    1474.21  0.000e+00
      4.492   62.78648 -173.49996     7.0907    31.1026    1474.21  0.000e+00
      4.492   62.78648 -173.49996     7.0915    31.1022    1474.22  0.000e+00
      4.554   62.78648 -173.49996     7.0908    31.1023    1474.21  0.000e+00
      4.492   62.78648 -173.49996     7.0907    31.1017    1474.21  0.000e+00
      4.492   62.78648 -173.49996     7.0913    31.1006    1474.21  0.000e+00
      4.554   62.78648 -173.49996     7.0904    31.1008    1474.21  0.000e+00
      4.492   62.78648 -173.49996     7.0891    31.1019    1474.21  0.000e+00
      4.554   62.78648 -173.49996     7.0883    31.1025    1474.20  0.000e+00
      4.554   62.78648 -173.49996     7.0872    31.1037    1474.20  0.000e+00
      4.492   62.78648 -173.49996     7.0871    31.1039    1474.20  0.000e+00
      4.492   62.78648 -173.49996     7.0873    31.1037    1474.20  0.000e+00
      4.554   62.78648 -173.49996     7.0870    31.1037    1474.20  0.000e+00
      4.554   62.78648 -173.49996     7.0868    31.1039    1474.20  0.000e+00
      4.492   62.78648 -173.49996     7.0869    31.1039    1474.20  0.000e+00
      4.608   62.78648 -173.49996     7.0873    31.1041    1474.20  0.000e+00
      4.469   62.78648 -173.49996     7.0876    31.1039    1474.20  0.000e+00
      4.554   62.78648 -173.49996     7.0880    31.1034    1474.20  0.000e+00
      4.554   62.78648 -173.49996     7.0878    31.1033    1474.20  0.000e+00
      4.554   62.78648 -173.49996     7.0863    31.1044    1474.20  0.000e+00
      4.554   62.78648 -173.49996     7.0862    31.1042    1474.20  0.000e+00
      4.554   62.78648 -173.49996     7.0862    31.1043    1474.20  0.000e+00
      4.608   62.78648 -173.49996     7.0861    31.1041    1474.20  0.000e+00
      4.554   62.78648 -173.49996     7.0862    31.1044    1474.20  0.000e+00
      4.554   62.78648 -173.49996     7.0873    31.1038    1474.20  0.000e+00
      4.554   62.78648 -173.49996     7.0872    31.1039    1474.20  0.000e+00
      4.608   62.78648 -173.49996     7.0881    31.1024    1474.20  0.000e+00
      4.554   62.78648 -173.49996     7.0865    31.1025    1474.20  0.000e+00
      4.554   62.78648 -173.49996     7.0840    31.1042    1474.19  0.000e+00
      4.608   62.78648 -173.49996     7.0844    31.1041    1474.19  0.000e+00
      4.554   62.78648 -173.49996     7.0837    31.1049    1474.19  0.000e+00
      4.608   62.78648 -173.49996     7.0849    31.1034    1474.19  0.000e+00
      4.608   62.78648 -173.49996     7.0846    31.1033    1474.19  0.000e+00
      4.608   62.78648 -173.49996     7.0845    31.1033    1474.19  0.000e+00
      4.554   62.78648 -173.49996     7.0839    31.1036    1474.19  0.000e+00
      4.669   62.78648 -173.49996     7.0841    31.1038    1474.19  0.000e+00
      4.608   62.78648 -173.49996     7.0848    31.1037    1474.19  0.000e+00
      4.608   62.78648 -173.49996     7.0846    31.1042    1474.19  0.000e+00
      4.608   62.78648 -173.49996     7.0849    31.1039    1474.19  0.000e+00
      4.608   62.78648 -173.49996     7.0849    31.1037    1474.19  0.000e+00
      4.669   62.78648 -173.49996     7.0858    31.1039    1474.20  0.000e+00
      4.669   62.78648 -173.49996     7.0869    31.1037    1474.20  0.000e+00
      4.608   62.78648 -173.49996     7.0878    31.1041    1474.21  0.000e+00
      4.669   62.78648 -173.49996     7.0883    31.1043    1474.21  0.000e+00
      4.607   62.78648 -173.49996     7.0889    31.1040    1474.21  0.000e+00
      4.700   62.78648 -173.49996     7.0899    31.1034    1474.21  0.000e+00
      4.669   62.78648 -173.49996     7.0907    31.1028    1474.22  0.000e+00
      4.723   62.78648 -173.49996     7.0908    31.1020    1474.22  0.000e+00
      4.669   62.78648 -173.49996     7.0907    31.1019    1474.21  0.000e+00
      4.723   62.78648 -173.49996     7.0904    31.1020    1474.21  0.000e+00
      4.669   62.78648 -173.49996     7.0902    31.1018    1474.21  0.000e+00
      4.723   62.78648 -173.49996     7.0900    31.1024    1474.21  0.000e+00
      4.669   62.78648 -173.49996     7.0901    31.1020    1474.21  0.000e+00
      4.785   62.78648 -173.49996     7.0897    31.1020    1474.21  0.000e+00
      4.723   62.78648 -173.49996     7.0895    31.1023    1474.21  0.000e+00
      4.723   62.78648 -173.49996     7.0899    31.1019    1474.21  0.000e+00
      4.723   62.78648 -173.49996     7.0899    31.1021    1474.21  0.000e+00
      4.785   62.78648 -173.49996     7.0901    31.1024    1474.22  0.000e+00
      4.723   62.78648 -173.49996     7.0905    31.1026    1474.22  0.000e+00
      4.785   62.78648 -173.49996     7.0905    31.1026    1474.22  0.000e+00
      4.785   62.78648 -173.49996     7.0910    31.1024    1474.22  0.000e+00
      4.785   62.78648 -173.49996     7.0908    31.1026    1474.22  0.000e+00
      4.785   62.78648 -173.49996     7.0908    31.1030    1474.22  0.000e+00
      4.839   62.78648 -173.49996     7.0915    31.1021    1474.22  0.000e+00
      4.839   62.78648 -173.49996     7.0916    31.1024    1474.22  0.000e+00
      4.785   62.78648 -173.49996     7.0918    31.1025    1474.22  0.000e+00
      4.839   62.78648 -173.49996     7.0920    31.1026    1474.22  0.000e+00
      4.893   62.78648 -173.49996     7.0923    31.1020    1474.23  0.000e+00
      4.839   62.78648 -173.49996     7.0923    31.1018    1474.22  0.000e+00
      4.839   62.78648 -173.49996     7.0920    31.1021    1474.22  0.000e+00
      4.893   62.78648 -173.49996     7.0921    31.1020    1474.22  0.000e+00
      4.869   62.78648 -173.49996     7.0920    31.1019    1474.22  0.000e+00
      4.954   62.78648 -173.49996     7.0910    31.1019    1474.22  0.000e+00
      4.893   62.78648 -173.49996     7.0905    31.1021    1474.22  0.000e+00
      4.893   62.78648 -173.49996     7.0900    31.1021    1474.22  0.000e+00
      4.954   62.78648 -173.49996     7.0892    31.1022    1474.21  0.000e+00
      4.954   62.78648 -173.49996     7.0889    31.1023    1474.21  0.000e+00
      4.954   62.78648 -173.49996     7.0884    31.1022    1474.21  0.000e+00
      5.008   62.78648 -173.49996     7.0877    31.1022    1474.21  0.000e+00
      4.954   62.78648 -173.49996     7.0875    31.1026    1474.21  0.000e+00
      4.954   62.78648 -173.49996     7.0868    31.1028    1474.21  0.000e+00
      5.008   62.78648 -173.49996     7.0865    31.1033    1474.21  0.000e+00
      5.008   62.78648 -173.49996     7.0868    31.1027    1474.21  0.000e+00
      5.008   62.78648 -173.49996     7.0863    31.1030    1474.20  0.000e+00
      5.070   62.78648 -173.49996     7.0865    31.1032    1474.21  0.000e+00
      5.070   62.78648 -173.49996     7.0870    31.1026    1474.21  0.000e+00
      5.070   62.78648 -173.49996     7.0869    31.1022    1474.21  0.000e+00
      5.070   62.78648 -173.49996     7.0865    31.1036    1474.21  0.000e+00
      5.124   62.78648 -173.49996     7.0870    31.1039    1474.21  0.000e+00
      5.070   62.78648 -173.49996     7.0877    31.1039    1474.21  0.000e+00
      5.124   62.78648 -173.49996     7.0881    31.1036    1474.21  0.000e+00
      5.124   62.78648 -173.49996     7.0892    31.1030    1474.22  0.000e+00
      5.124   62.78648 -173.49996     7.0899    31.1027    1474.22  0.000e+00
      5.124   62.78648 -173.49996     7.0902    31.1026    1474.22  0.000e+00
      5.216   62.78648 -173.49996     7.0899    31.1021    1474.22  0.000e+00
      5.185   62.78648 -173.49996     7.0894    31.1028    1474.22  0.000e+00
      5.185   62.78648 -173.49996     7.0889    31.1038    1474.22  0.000e+00
      5.185   62.78648 -173.49996     7.0894    31.1047    1474.22  0.000e+00
      5.185   62.78648 -173.49996     7.0907    31.1035    1474.23  0.000e+00
      5.239   62.78648 -173.49996     7.0918    31.1029    1474.23  0.000e+00
      5.239   62.78648 -173.49996     7.0926    31.1018    1474.23  0.000e+00
      5.239   62.78648 -173.49996     7.0926    31.1021    1474.23  0.000e+00
      5.239   62.78648 -173.49996     7.0923    31.1011    1474.23  0.000e+00
      5.239   62.78648 -173.49996     7.0913    31.1006    1474.23  0.000e+00
