EcoFOCI/data/1_SampleCollection/2023_SikuliaqDBO_CruiseData/CTD_raw_BottleFile_SKQ23-12S/proc/skq202312s_014svp.cnv
* Sea-Bird SBE 9 Data File:
* FileName = D:\CTD\SKQ202312S\SKQ202312S_014.hex
* Software Version Seasave V 7.26.7.121
* Temperature SN = 6177
* Conductivity SN = 0369
* Number of Bytes Per Scan = 41
* Number of Voltage Words = 4
* Number of Scans Averaged by the Deck Unit = 1
* NMEA Latitude = 64 40.15 N
* NMEA Longitude = 169 55.22 W
* NMEA UTC (Time) = Sep 17 2023  08:29:33
* NMEA baud rate = 4800
** Ship: R/V Sikuliaq
** Station Number: 014
** Station Name: DBO2.1
** Bottom Depth: 47
** Operator: SS
# nquan = 7
# nvalues = 6248                                  
# units = specified
# name 0 = depSM: Depth [salt water, m]
# name 1 = latitude: Latitude [deg]
# name 2 = longitude: Longitude [deg]
# name 3 = t090C: Temperature [ITS-90, deg C]
# name 4 = sal00: Salinity, Practical [PSU]
# name 5 = svCM: Sound Velocity [Chen-Millero, m/s]
# name 6 = flag:  0.000e+00
# span 0 =      1.589,     41.088                 
# span 1 =   64.66922,   64.66926                 
# span 2 = -169.92028, -169.92020                 
# span 3 =     2.2405,     2.8691                 
# span 4 =    32.5535,    33.0245                 
# span 5 =    1455.99,    1459.78                 
# span 6 = 0.0000e+00, 0.0000e+00                 
# interval = seconds: 0.0416667
# start_time = Sep 17 2023 08:33:36 [NMEA time, first data scan]
# bad_flag = -9.990e-29
*END*
[from data line 821]
      4.105   64.66924 -169.92028     2.2448    32.5689    1456.04  0.000e+00
      4.043   64.66924 -169.92028     2.2448    32.5690    1456.04  0.000e+00
      4.105   64.66924 -169.92028     2.2448    32.5687    1456.04  0.000e+00
      4.105   64.66924 -169.92028     2.2446    32.5691    1456.04  0.000e+00
      3.989   64.66924 -169.92028     2.2446    32.5692    1456.04  0.000e+00
      4.105   64.66924 -169.92028     2.2449    32.5686    1456.05  0.000e+00
      4.043   64.66924 -169.92028     2.2447    32.5691    1456.04  0.000e+00
      4.105   64.66924 -169.92028     2.2448    32.5688    1456.04  0.000e+00
      4.105   64.66924 -169.92028     2.2449    32.5690    1456.05  0.000e+00
      4.105   64.66924 -169.92028     2.2449    32.5687    1456.05  0.000e+00
      4.105   64.66924 -169.92028     2.2451    32.5687    1456.05  0.000e+00
      4.105   64.66924 -169.92028     2.2449    32.5691    1456.05  0.000e+00
      4.159   64.66924 -169.92028     2.2451    32.5687    1456.05  0.000e+00
      4.105   64.66924 -169.92028     2.2454    32.5687    1456.05  0.000e+00
      4.159   64.66924 -169.92028     2.2456    32.5687    1456.05  0.000e+00
      4.220   64.66924 -169.92028     2.2460    32.5688    1456.05  0.000e+00
      4.220   64.66924 -169.92028     2.2460    32.5691    1456.05  0.000e+00
      4.274   64.66924 -169.92028     2.2465    32.5685    1456.05  0.000e+00
      4.274   64.66924 -169.92028     2.2472    32.5687    1456.06  0.000e+00
      4.274   64.66924 -169.92028     2.2481    32.5692    1456.06  0.000e+00
      4.336   64.66924 -169.92028     2.2488    32.5691    1456.07  0.000e+00
      4.336   64.66924 -169.92028     2.2498    32.5687    1456.07  0.000e+00
      4.390   64.66924 -169.92028     2.2512    32.5685    1456.08  0.000e+00
      4.390   64.66924 -169.92028     2.2523    32.5688    1456.08  0.000e+00
      4.444   64.66924 -169.92028     2.2531    32.5687    1456.09  0.000e+00
      4.444   64.66924 -169.92028     2.2532    32.5685    1456.09  0.000e+00
      4.506   64.66924 -169.92028     2.2529    32.5681    1456.09  0.000e+00
      4.560   64.66924 -169.92028     2.2526    32.5682    1456.09  0.000e+00
      4.560   64.66924 -169.92028     2.2520    32.5677    1456.08  0.000e+00
      4.560   64.66924 -169.92028     2.2514    32.5675    1456.08  0.000e+00
      4.675   64.66924 -169.92028     2.2506    32.5677    1456.08  0.000e+00
      4.675   64.66924 -169.92028     2.2504    32.5680    1456.08  0.000e+00
      4.675   64.66924 -169.92028     2.2501    32.5682    1456.08  0.000e+00
      4.737   64.66924 -169.92028     2.2503    32.5683    1456.08  0.000e+00
      4.791   64.66924 -169.92028     2.2499    32.5681    1456.08  0.000e+00
      4.791   64.66924 -169.92028     2.2507    32.5708    1456.08  0.000e+00
      4.845   64.66924 -169.92028     2.2602    32.5735    1456.13  0.000e+00
      4.845   64.66924 -169.92028     2.2736    32.5768    1456.19  0.000e+00
      4.906   64.66924 -169.92028     2.2823    32.5770    1456.23  0.000e+00
      4.906   64.66924 -169.92028     2.2831    32.5771    1456.24  0.000e+00
      4.960   64.66924 -169.92028     2.2821    32.5745    1456.23  0.000e+00
      5.022   64.66924 -169.92028     2.2777    32.5737    1456.21  0.000e+00
      4.960   64.66924 -169.92028     2.2746    32.5738    1456.20  0.000e+00
      5.076   64.66924 -169.92028     2.2755    32.5757    1456.20  0.000e+00
      5.076   64.66924 -169.92028     2.2804    32.5771    1456.23  0.000e+00
      5.138   64.66924 -169.92028     2.2851    32.5775    1456.25  0.000e+00
      5.138   64.66924 -169.92028     2.2886    32.5751    1456.26  0.000e+00
      5.192   64.66924 -169.92028     2.2828    32.5739    1456.24  0.000e+00
      5.192   64.66924 -169.92028     2.2769    32.5738    1456.21  0.000e+00
      5.192   64.66924 -169.92028     2.2774    32.5765    1456.22  0.000e+00
      5.307   64.66924 -169.92028     2.2821    32.5785    1456.24  0.000e+00
      5.284   64.66924 -169.92028     2.2849    32.5766    1456.25  0.000e+00
      5.246   64.66924 -169.92028     2.2808    32.5758    1456.23  0.000e+00
      5.307   64.66924 -169.92028     2.2795    32.5778    1456.23  0.000e+00
      5.361   64.66924 -169.92028     2.2853    32.5776    1456.25  0.000e+00
      5.361   64.66924 -169.92028     2.2865    32.5763    1456.26  0.000e+00
      5.361   64.66924 -169.92028     2.2828    32.5761    1456.24  0.000e+00
      5.361   64.66924 -169.92028     2.2802    32.5778    1456.23  0.000e+00
      5.423   64.66924 -169.92028     2.2797    32.5779    1456.23  0.000e+00
      5.361   64.66924 -169.92028     2.2792    32.5775    1456.23  0.000e+00
      5.477   64.66924 -169.92028     2.2789    32.5769    1456.23  0.000e+00
      5.423   64.66924 -169.92028     2.2795    32.5788    1456.23  0.000e+00
      5.423   64.66924 -169.92028     2.2843    32.5796    1456.25  0.000e+00
      5.477   64.66924 -169.92028     2.2896    32.5763    1456.27  0.000e+00
      5.477   64.66924 -169.92028     2.2907    32.5749    1456.28  0.000e+00
      5.477   64.66924 -169.92028     2.2896    32.5735    1456.27  0.000e+00
      5.477   64.66924 -169.92028     2.2861    32.5729    1456.25  0.000e+00
      5.531   64.66924 -169.92028     2.2809    32.5739    1456.23  0.000e+00
      5.477   64.66924 -169.92028     2.2772    32.5749    1456.22  0.000e+00
      5.477   64.66924 -169.92028     2.2748    32.5748    1456.21  0.000e+00
      5.531   64.66924 -169.92028     2.2723    32.5745    1456.20  0.000e+00
      5.477   64.66924 -169.92028     2.2703    32.5748    1456.19  0.000e+00
      5.531   64.66924 -169.92028     2.2700    32.5752    1456.19  0.000e+00
      5.477   64.66924 -169.92028     2.2707    32.5758    1456.19  0.000e+00
      5.477   64.66924 -169.92028     2.2723    32.5757    1456.20  0.000e+00
      5.477   64.66924 -169.92028     2.2732    32.5757    1456.20  0.000e+00
      5.531   64.66924 -169.92028     2.2741    32.5755    1456.21  0.000e+00
      5.477   64.66924 -169.92028     2.2739    32.5755    1456.20  0.000e+00
      5.476   64.66924 -169.92028     2.2727    32.5741    1456.20  0.000e+00
      5.422   64.66924 -169.92028     2.2700    32.5731    1456.18  0.000e+00
      5.476   64.66924 -169.92028     2.2675    32.5733    1456.17  0.000e+00
      5.422   64.66924 -169.92028     2.2658    32.5726    1456.16  0.000e+00
      5.422   64.66924 -169.92028     2.2643    32.5731    1456.16  0.000e+00
      5.476   64.66924 -169.92028     2.2631    32.5724    1456.15  0.000e+00
      5.361   64.66924 -169.92028     2.2620    32.5721    1456.15  0.000e+00
      5.422   64.66924 -169.92028     2.2610    32.5720    1456.14  0.000e+00
      5.422   64.66924 -169.92028     2.2604    32.5729    1456.14  0.000e+00
      5.361   64.66924 -169.92028     2.2612    32.5739    1456.14  0.000e+00
      5.361   64.66924 -169.92028     2.2624    32.5749    1456.15  0.000e+00
      5.361   64.66924 -169.92028     2.2631    32.5743    1456.15  0.000e+00
      5.361   64.66924 -169.92028     2.2634    32.5739    1456.15  0.000e+00
      5.307   64.66924 -169.92028     2.2637    32.5742    1456.15  0.000e+00
      5.306   64.66924 -169.92028     2.2648    32.5757    1456.16  0.000e+00
      5.306   64.66924 -169.92028     2.2659    32.5755    1456.17  0.000e+00
      5.306   64.66924 -169.92028     2.2656    32.5748    1456.16  0.000e+00
      5.245   64.66924 -169.92028     2.2650    32.5738    1456.16  0.000e+00
      5.306   64.66924 -169.92028     2.2646    32.5735    1456.16  0.000e+00
      5.137   64.66924 -169.92028     2.2653    32.5729    1456.16  0.000e+00
      5.337   64.66924 -169.92028     2.2646    32.5714    1456.16  0.000e+00
      5.191   64.66924 -169.92028     2.2623    32.5700    1456.14  0.000e+00
      5.191   64.66924 -169.92028     2.2586    32.5686    1456.12  0.000e+00
      5.137   64.66924 -169.92028     2.2548    32.5682    1456.10  0.000e+00
      5.191   64.66924 -169.92028     2.2521    32.5676    1456.09  0.000e+00
      5.137   64.66924 -169.92028     2.2501    32.5681    1456.08  0.000e+00
      5.137   64.66924 -169.92028     2.2488    32.5683    1456.08  0.000e+00
      5.137   64.66924 -169.92028     2.2478    32.5691    1456.08  0.000e+00
      5.075   64.66924 -169.92028     2.2474    32.5686    1456.07  0.000e+00
      5.136   64.66924 -169.92028     2.2468    32.5691    1456.07  0.000e+00
      5.021   64.66924 -169.92028     2.2465    32.5689    1456.07  0.000e+00
      5.075   64.66924 -169.92028     2.2464    32.5688    1456.07  0.000e+00
      5.021   64.66924 -169.92028     2.2460    32.5695    1456.07  0.000e+00
      4.959   64.66924 -169.92028     2.2460    32.5687    1456.06  0.000e+00
      5.021   64.66924 -169.92028     2.2459    32.5687    1456.06  0.000e+00
      5.021   64.66924 -169.92028     2.2459    32.5688    1456.06  0.000e+00
      4.959   64.66924 -169.92028     2.2456    32.5691    1456.06  0.000e+00
      4.959   64.66924 -169.92028     2.2457    32.5691    1456.06  0.000e+00
      4.959   64.66924 -169.92028     2.2457    32.5690    1456.06  0.000e+00
      4.905   64.66924 -169.92028     2.2455    32.5693    1456.06  0.000e+00
      4.959   64.66924 -169.92028     2.2454    32.5693    1456.06  0.000e+00
      4.959   64.66924 -169.92028     2.2457    32.5692    1456.06  0.000e+00
      4.905   64.66924 -169.92028     2.2457    32.5693    1456.06  0.000e+00
      4.905   64.66924 -169.92028     2.2457    32.5690    1456.06  0.000e+00
      4.905   64.66924 -169.92028     2.2456    32.5691    1456.06  0.000e+00
      4.959   64.66924 -169.92028     2.2457    32.5690    1456.06  0.000e+00
      4.843   64.66924 -169.92028     2.2459    32.5691    1456.06  0.000e+00
      4.959   64.66924 -169.92028     2.2459    32.5693    1456.06  0.000e+00
      4.905   64.66924 -169.92028     2.2462    32.5700    1456.07  0.000e+00
      4.905   64.66924 -169.92028     2.2465    32.5700    1456.07  0.000e+00
      4.905   64.66924 -169.92028     2.2470    32.5694    1456.07  0.000e+00
      4.959   64.66924 -169.92028     2.2470    32.5692    1456.07  0.000e+00
      4.959   64.66924 -169.92028     2.2468    32.5693    1456.07  0.000e+00
      4.905   64.66924 -169.92028     2.2468    32.5695    1456.07  0.000e+00
      4.959   64.66924 -169.92028     2.2476    32.5694    1456.07  0.000e+00
      5.020   64.66924 -169.92028     2.2484    32.5701    1456.08  0.000e+00
      4.958   64.66924 -169.92028     2.2493    32.5704    1456.08  0.000e+00
      5.020   64.66924 -169.92028     2.2506    32.5705    1456.09  0.000e+00
      5.020   64.66924 -169.92028     2.2516    32.5710    1456.09  0.000e+00
      5.020   64.66924 -169.92028     2.2518    32.5733    1456.10  0.000e+00
      5.074   64.66924 -169.92028     2.2540    32.5742    1456.11  0.000e+00
      5.074   64.66924 -169.92028     2.2568    32.5736    1456.12  0.000e+00
      5.136   64.66924 -169.92028     2.2590    32.5726    1456.13  0.000e+00
      5.136   64.66924 -169.92028     2.2606    32.5712    1456.13  0.000e+00
      5.136   64.66924 -169.92028     2.2597    32.5708    1456.13  0.000e+00
      5.190   64.66924 -169.92028     2.2596    32.5704    1456.13  0.000e+00
      5.190   64.66924 -169.92028     2.2587    32.5702    1456.13  0.000e+00
      5.244   64.66924 -169.92028     2.2576    32.5695    1456.12  0.000e+00
      5.244   64.66924 -169.92028     2.2560    32.5689    1456.11  0.000e+00
      5.244   64.66924 -169.92028     2.2539    32.5686    1456.10  0.000e+00
      5.305   64.66924 -169.92028     2.2520    32.5685    1456.10  0.000e+00
      5.359   64.66924 -169.92028     2.2506    32.5689    1456.09  0.000e+00
      5.359   64.66924 -169.92028     2.2504    32.5696    1456.09  0.000e+00
      5.359   64.66924 -169.92028     2.2509    32.5701    1456.09  0.000e+00
      5.475   64.66924 -169.92028     2.2514    32.5702    1456.10  0.000e+00
      5.421   64.66924 -169.92028     2.2512    32.5706    1456.10  0.000e+00
      5.475   64.66924 -169.92028     2.2503    32.5708    1456.09  0.000e+00
      5.529   64.66924 -169.92028     2.2501    32.5701    1456.09  0.000e+00
      5.529   64.66924 -169.92028     2.2499    32.5701    1456.09  0.000e+00
      5.529   64.66924 -169.92028     2.2511    32.5702    1456.10  0.000e+00
      5.591   64.66924 -169.92028     2.2523    32.5702    1456.10  0.000e+00
      5.590   64.66924 -169.92028     2.2523    32.5705    1456.10  0.000e+00
      5.706   64.66924 -169.92028     2.2526    32.5707    1456.11  0.000e+00
      5.621   64.66924 -169.92028     2.2540    32.5726    1456.12  0.000e+00
      5.706   64.66924 -169.92028     2.2565    32.5738    1456.13  0.000e+00
      5.760   64.66924 -169.92028     2.2584    32.5751    1456.14  0.000e+00
      5.760   64.66924 -169.92028     2.2600    32.5752    1456.15  0.000e+00
      5.760   64.66924 -169.92028     2.2604    32.5744    1456.15  0.000e+00
      5.822   64.66924 -169.92028     2.2603    32.5745    1456.15  0.000e+00
      5.876   64.66924 -169.92028     2.2618    32.5755    1456.16  0.000e+00
      5.876   64.66924 -169.92028     2.2674    32.5778    1456.18  0.000e+00
      5.876   64.66924 -169.92028     2.2746    32.5810    1456.22  0.000e+00
      5.930   64.66924 -169.92028     2.2823    32.5788    1456.25  0.000e+00
      5.930   64.66924 -169.92028     2.2812    32.5763    1456.24  0.000e+00
      5.991   64.66924 -169.92028     2.2800    32.5766    1456.24  0.000e+00
      5.991   64.66924 -169.92028     2.2847    32.5772    1456.26  0.000e+00
      6.045   64.66924 -169.92028     2.2901    32.5781    1456.29  0.000e+00
      6.045   64.66924 -169.92028     2.2930    32.5782    1456.30  0.000e+00
      6.107   64.66924 -169.92028     2.2951    32.5772    1456.31  0.000e+00
      6.107   64.66924 -169.92028     2.2962    32.5768    1456.31  0.000e+00
      6.107   64.66924 -169.92028     2.2959    32.5759    1456.31  0.000e+00
      6.161   64.66924 -169.92028     2.2942    32.5748    1456.30  0.000e+00
      6.223   64.66924 -169.92028     2.2886    32.5753    1456.28  0.000e+00
      6.161   64.66924 -169.92028     2.2814    32.5777    1456.25  0.000e+00
      6.223   64.66924 -169.92028     2.2778    32.5778    1456.24  0.000e+00
      6.277   64.66924 -169.92028     2.2758    32.5779    1456.23  0.000e+00
      6.223   64.66924 -169.92028     2.2761    32.5774    1456.23  0.000e+00
      6.277   64.66924 -169.92028     2.2769    32.5776    1456.23  0.000e+00
      6.331   64.66924 -169.92028     2.2769    32.5785    1456.23  0.000e+00
      6.276   64.66924 -169.92028     2.2767    32.5791    1456.23  0.000e+00
      6.330   64.66924 -169.92028     2.2766    32.5798    1456.23  0.000e+00
      6.276   64.66924 -169.92028     2.2774    32.5804    1456.24  0.000e+00
      6.477   64.66924 -169.92028     2.2781    32.5812    1456.25  0.000e+00
      6.330   64.66924 -169.92028     2.2778    32.5831    1456.24  0.000e+00
      6.392   64.66924 -169.92028     2.2771    32.5847    1456.24  0.000e+00
      6.446   64.66924 -169.92028     2.2762    32.5863    1456.24  0.000e+00
      6.392   64.66924 -169.92028     2.2756    32.5865    1456.24  0.000e+00
      6.446   64.66924 -169.92028     2.2752    32.5868    1456.24  0.000e+00
      6.446   64.66924 -169.92028     2.2746    32.5872    1456.24  0.000e+00
      6.508   64.66924 -169.92028     2.2734    32.5878    1456.23  0.000e+00
      6.446   64.66924 -169.92028     2.2732    32.5878    1456.23  0.000e+00
      6.446   64.66924 -169.92028     2.2732    32.5875    1456.23  0.000e+00
      6.508   64.66924 -169.92028     2.2733    32.5876    1456.23  0.000e+00
      6.508   64.66924 -169.92028     2.2739    32.5869    1456.24  0.000e+00
      6.508   64.66924 -169.92028     2.2736    32.5868    1456.23  0.000e+00
      6.508   64.66924 -169.92028     2.2739    32.5858    1456.23  0.000e+00
