EcoFOCI/data/1_SampleCollection/2023_SikuliaqDBO_CruiseData/CTD_raw_BottleFile_SKQ23-12S/proc/skq202312s_060.ros
* Sea-Bird SBE 9 Data File:
* FileName = D:\CTD\SKQ202312S\SKQ202312S_060.hex
* Software Version Seasave V 7.26.7.121
* Temperature SN = 6177
* Conductivity SN = 0369
* Number of Bytes Per Scan = 41
* Number of Voltage Words = 4
* Number of Scans Averaged by the Deck Unit = 1
* NMEA Latitude = 71 36.06 N
* NMEA Longitude = 165 18.28 W
* NMEA UTC (Time) = Sep 27 2023  22:11:30
* NMEA baud rate = 4800
** Ship: R/V Sikuliaq
** Station Number: 060
** Station Name: IC3
** Bottom Depth: 42
** Operator: SD
# nquan = 22
# nvalues = 784                                   
# units = specified
# name 0 = depSM: Depth [salt water, m]
# name 1 = latitude: Latitude [deg]
# name 2 = longitude: Longitude [deg]
# name 3 = prDM: Pressure, Digiquartz [db]
# name 4 = t090C: Temperature [ITS-90, deg C]
# name 5 = t190C: Temperature, 2 [ITS-90, deg C]
# name 6 = potemp090C: Potential Temperature [ITS-90, deg C]
# name 7 = sal00: Salinity, Practical [PSU]
# name 8 = sal11: Salinity, Practical, 2 [PSU]
# name 9 = density00: Density [density, kg/m^3]
# name 10 = sigma-é00: Density [sigma-theta, kg/m^3]
# name 11 = sbox0Mm/Kg: Oxygen, SBE 43 [umol/kg]
# name 12 = sbox1Mm/Kg: Oxygen, SBE 43, 2 [umol/kg]
# name 13 = oxsolMm/Kg: Oxygen Saturation, Garcia & Gordon [umol/kg]
# name 14 = sbeox0PS: Oxygen, SBE 43 [% saturation]
# name 15 = v0: Voltage 0
# name 16 = flECO-AFL: Fluorescence, WET Labs ECO-AFL/FL [mg/m^3]
# name 17 = CStarAt0: Beam Attenuation, WET Labs C-Star [1/m]
# name 18 = par: PAR/Irradiance, Biospherical/Licor
# name 19 = scan: Scan Count
# name 20 = nbf: Bottles Fired
# name 21 = flag:  0.000e+00
# interval = seconds: 0.0416667
# start_time = Sep 27 2023 22:14:51 [NMEA time, first data scan]
# bad_flag = -9.990e-29
*END*
[from data line 198]
     30.123   71.60090 -165.30478     30.437    -0.8250    -0.8251    -0.8257    32.4378    32.4501  1026.2175    26.0712    298.025    283.494  362.78756     82.149     0.1709     0.6776     1.3647 1.1317e+01       8990          5  0.000e+00
     30.085   71.60090 -165.30478     30.398    -0.8247    -0.8251    -0.8255    32.4371    32.4500  1026.2168    26.0706    298.716    283.510  362.78683     82.339     0.1722     0.6850     1.3633 1.1317e+01       8991          5  0.000e+00
     30.185   71.60090 -165.30478     30.499    -0.8250    -0.8249    -0.8257    32.4374    32.4491  1026.2175    26.0708    298.547    283.531  362.78887     82.292     0.1709     0.6776     1.3633 1.1317e+01       8992          5  0.000e+00
     30.085   71.60090 -165.30478     30.398    -0.8247    -0.8253    -0.8255    32.4374    32.4495  1026.2170    26.0709    298.567    283.771  362.78586     82.299     0.1722     0.6850     1.3647 1.1317e+01       8993          5  0.000e+00
     30.139   71.60090 -165.30478     30.452    -0.8247    -0.8250    -0.8255    32.4372    32.4493  1026.2171    26.0707    298.595    283.789  362.78643     82.306     0.1709     0.6776     1.3647 1.1317e+01       8994          5  0.000e+00
     30.123   71.60090 -165.30478     30.437    -0.8246    -0.8251    -0.8253    32.4368    32.4497  1026.2167    26.0704    298.366    283.806  362.78601     82.243     0.1709     0.6776     1.3633 1.1317e+01       8995          5  0.000e+00
     30.085   71.60090 -165.30478     30.398    -0.8247    -0.8251    -0.8255    32.4374    32.4499  1026.2170    26.0708    298.341    283.850  362.78610     82.236     0.1709     0.6776     1.3633 1.1285e+01       8996          5  0.000e+00
     30.185   71.60090 -165.30478     30.499    -0.8249    -0.8252    -0.8256    32.4374    32.4494  1026.2175    26.0708    298.477    283.902  362.78764     82.273     0.1709     0.6776     1.3633 1.1253e+01       8997          5  0.000e+00
     30.085   71.60090 -165.30478     30.398    -0.8247    -0.8253    -0.8255    32.4372    32.4498  1026.2168    26.0707    297.987    283.913  362.78658     82.138     0.1709     0.6776     1.3633 1.1221e+01       8998          5  0.000e+00
     30.185   71.60090 -165.30478     30.499    -0.8249    -0.8253    -0.8256    32.4371    32.4499  1026.2173    26.0706    298.421    283.931  362.78837     82.258     0.1709     0.6776     1.3647 1.1221e+01       8999          5  0.000e+00
     30.085   71.60090 -165.30478     30.398    -0.8252    -0.8251    -0.8259    32.4376    32.4499  1026.2172    26.0711    298.437    283.716  362.78971     82.262     0.1709     0.6776     1.3633 1.1189e+01       9000          5  0.000e+00
     30.123   71.60090 -165.30478     30.437    -0.8252    -0.8251    -0.8259    32.4377    32.4496  1026.2174    26.0711    298.454    283.955  362.78953     82.266     0.1709     0.6776     1.3633 1.1189e+01       9001          5  0.000e+00
     30.139   71.60090 -165.30478     30.452    -0.8253    -0.8248    -0.8261    32.4379    32.4494  1026.2177    26.0712    298.469    283.966  362.79068     82.270     0.1722     0.6850     1.3647 1.1189e+01       9002          5  0.000e+00
     30.139   71.60090 -165.30478     30.452    -0.8253    -0.8252    -0.8261    32.4377    32.4496  1026.2175    26.0711    298.481    283.980  362.79129     82.274     0.1709     0.6776     1.3633 1.1189e+01       9003          5  0.000e+00
     30.185   71.60090 -165.30478     30.499    -0.8252    -0.8251    -0.8259    32.4369    32.4499  1026.2171    26.0705    298.493    283.991  362.79182     82.277     0.1722     0.6850     1.3647 1.1189e+01       9004          5  0.000e+00
     30.085   71.60090 -165.30478     30.398    -0.8256    -0.8248    -0.8264    32.4380    32.4496  1026.2175    26.0713    298.499    283.993  362.79319     82.278     0.1709     0.6776     1.3633 1.1221e+01       9005          5  0.000e+00
     30.185   71.60090 -165.30478     30.499    -0.8253    -0.8245    -0.8261    32.4374    32.4485  1026.2175    26.0709    298.507    284.005  362.79197     82.281     0.1709     0.6776     1.3633 1.1221e+01       9006          5  0.000e+00
     30.139   71.60090 -165.30478     30.452    -0.8253    -0.8244    -0.8261    32.4377    32.4480  1026.2175    26.0711    298.508    284.009  362.79117     82.281     0.1709     0.6776     1.3647 1.1253e+01       9007          5  0.000e+00
     30.123   71.60090 -165.30478     30.437    -0.8255    -0.8243    -0.8263    32.4379    32.4489  1026.2176    26.0712    298.511    284.011  362.79239     82.282     0.1709     0.6776     1.3633 1.1221e+01       9008          5  0.000e+00
     30.139   71.60090 -165.30478     30.452    -0.8258    -0.8245    -0.8265    32.4380    32.4495  1026.2178    26.0714    298.514    284.016  362.79465     82.282     0.1722     0.6850     1.3647 1.1253e+01       9009          5  0.000e+00
     30.185   71.60090 -165.30478     30.499    -0.8256    -0.8247    -0.8264    32.4381    32.4496  1026.2181    26.0714    298.512    284.053  362.79288     82.282     0.1709     0.6776     1.3735 1.1253e+01       9010          5  0.000e+00
     30.139   71.60090 -165.30478     30.452    -0.8256    -0.8248    -0.8264    32.4378    32.4496  1026.2176    26.0712    298.507    284.086  362.79377     82.280     0.1722     0.6850     1.3779 1.1253e+01       9011          5  0.000e+00
     30.123   71.60090 -165.30478     30.437    -0.8256    -0.8245    -0.8264    32.4378    32.4489  1026.2176    26.0712    298.500    284.087  362.79350     82.278     0.1709     0.6776     1.3779 1.1285e+01       9012          5  0.000e+00
     30.139   71.60090 -165.30478     30.452    -0.8258    -0.8245    -0.8265    32.4381    32.4495  1026.2179    26.0715    298.494    284.087  362.79441     82.276     0.1709     0.6776     1.3779 1.1285e+01       9013          5  0.000e+00
     30.139   71.60090 -165.30478     30.452    -0.8256    -0.8245    -0.8264    32.4379    32.4496  1026.2177    26.0713    298.483    284.088  362.79329     82.274     0.1697     0.6703     1.3779 1.1285e+01       9014          5  0.000e+00
     30.185   71.60090 -165.30478     30.499    -0.8256    -0.8250    -0.8264    32.4376    32.4498  1026.2177    26.0711    298.474    284.123  362.79409     82.271     0.1709     0.6776     1.3779 1.1285e+01       9015          5  0.000e+00
     30.139   71.60090 -165.30478     30.452    -0.8255    -0.8248    -0.8263    32.4375    32.4492  1026.2173    26.0709    298.458    284.343  362.79350     82.267     0.1697     0.6703     1.3779 1.1285e+01       9016          5  0.000e+00
     30.123   71.60090 -165.30478     30.437    -0.8260    -0.8251    -0.8267    32.4378    32.4497  1026.2175    26.0712    298.445    284.148  362.79708     82.262     0.1709     0.6776     1.3779 1.1317e+01       9017          5  0.000e+00
     30.139   71.60090 -165.30478     30.452    -0.8258    -0.8252    -0.8265    32.4377    32.4501  1026.2176    26.0711    298.427    284.143  362.79550     82.258     0.1685     0.6630     1.3764 1.1349e+01       9018          5  0.000e+00
     30.185   71.60090 -165.30478     30.499    -0.8259    -0.8251    -0.8267    32.4377    32.4499  1026.2177    26.0711    298.410    284.138  362.79681     82.253     0.1697     0.6703     1.3764 1.1349e+01       9019          5  0.000e+00
     30.139   71.60090 -165.30478     30.452    -0.8261    -0.8251    -0.8268    32.4380    32.4502  1026.2178    26.0714    298.437    284.352  362.79738     82.260     0.1709     0.6776     1.3764 1.1349e+01       9020          5  0.000e+00
     30.185   71.60090 -165.30478     30.499    -0.8263    -0.8254    -0.8270    32.4382    32.4502  1026.2182    26.0716    298.418    284.376  362.79846     82.254     0.1697     0.6703     1.3764 1.1349e+01       9021          5  0.000e+00
     30.085   71.60090 -165.30478     30.398    -0.8264    -0.8253    -0.8272    32.4383    32.4500  1026.2178    26.0716    298.392    284.389  362.80002     82.247     0.1709     0.6776     1.3764 1.1349e+01       9022          5  0.000e+00
     30.201   71.60090 -165.30478     30.515    -0.8261    -0.8254    -0.8268    32.4378    32.4501  1026.2179    26.0712    298.369    284.441  362.79809     82.241     0.1697     0.6703     1.3779 1.1317e+01       9023          5  0.000e+00
     30.124   71.60090 -165.30478     30.437    -0.8263    -0.8255    -0.8270    32.4384    32.4503  1026.2181    26.0717    298.339    284.230  362.79787     82.233     0.1709     0.6776     1.3779 1.1349e+01       9024          5  0.000e+00
     30.139   71.60090 -165.30478     30.452    -0.8258    -0.8254    -0.8265    32.4381    32.4497  1026.2179    26.0715    298.307    284.436  362.79441     82.225     0.1685     0.6630     1.3764 1.1349e+01       9025          5  0.000e+00
     30.185   71.60090 -165.30478     30.499    -0.8258    -0.8253    -0.8265    32.4376    32.4498  1026.2177    26.0710    298.279    284.446  362.79594     82.217     0.1709     0.6776     1.3779 1.1349e+01       9026          5  0.000e+00
     30.139   71.60090 -165.30478     30.452    -0.8256    -0.8253    -0.8264    32.4379    32.4497  1026.2177    26.0713    298.241    284.452  362.79329     82.207     0.1697     0.6703     1.3764 1.1317e+01       9027          5  0.000e+00
     30.124   71.60090 -165.30478     30.437    -0.8256    -0.8254    -0.8264    32.4380    32.4500  1026.2177    26.0713    298.254    284.489  362.79314     82.211     0.1697     0.6703     1.3764 1.1317e+01       9028          5  0.000e+00
     30.201   71.60090 -165.30478     30.515    -0.8256    -0.8254    -0.8264    32.4379    32.4498  1026.2180    26.0713    298.222    284.496  362.79339     82.202     0.1709     0.6776     1.3779 1.1285e+01       9029          5  0.000e+00
     30.124   71.60090 -165.30478     30.437    -0.8253    -0.8254    -0.8261    32.4374    32.4498  1026.2172    26.0708    298.230    284.495  362.79211     82.204     0.1697     0.6703     1.3793 1.1285e+01       9030          5  0.000e+00
     30.139   71.60090 -165.30478     30.452    -0.8256    -0.8254    -0.8264    32.4380    32.4502  1026.2178    26.0714    298.194    284.493  362.79304     82.194     0.1709     0.6776     1.3808 1.1285e+01       9031          5  0.000e+00
     30.185   71.60090 -165.30478     30.499    -0.8253    -0.8253    -0.8261    32.4376    32.4502  1026.2177    26.0710    298.204    284.490  362.79149     82.197     0.1697     0.6703     1.3808 1.1285e+01       9032          5  0.000e+00
     30.139   71.60090 -165.30478     30.452    -0.8255    -0.8251    -0.8263    32.4380    32.4499  1026.2177    26.0713    298.464    284.481  362.79205     82.269     0.1709     0.6776     1.3808 1.1317e+01       9033          5  0.000e+00
     30.139   71.60090 -165.30478     30.452    -0.8255    -0.8254    -0.8263    32.4374    32.4499  1026.2173    26.0709    298.017    284.698  362.79362     82.145     0.1697     0.6703     1.3808 1.1317e+01       9034          5  0.000e+00
     30.124   71.60090 -165.30478     30.437    -0.8255    -0.8255    -0.8262    32.4378    32.4499  1026.2175    26.0712    298.230    284.525  362.79201     82.204     0.1709     0.6776     1.3808 1.1349e+01       9035          5  0.000e+00
     30.139   71.60090 -165.30478     30.452    -0.8255    -0.8254    -0.8263    32.4381    32.4500  1026.2178    26.0714    298.240    284.510  362.79181     82.207     0.1697     0.6703     1.3808 1.1317e+01       9036          5  0.000e+00
     30.139   71.60090 -165.30478     30.452    -0.8244    -0.8253    -0.8252    32.4378    32.4508  1026.2176    26.0711    298.334    284.831  362.78214     82.235     0.1648     0.6410     1.3823 1.1349e+01       9311          6  0.000e+00
     30.239   71.60090 -165.30478     30.554    -0.8244    -0.8254    -0.8252    32.4377    32.4508  1026.2180    26.0711    298.130    284.847  362.78231     82.179     0.1636     0.6337     1.3823 1.1349e+01       9312          6  0.000e+00
     30.139   71.60090 -165.30478     30.452    -0.8246    -0.8251    -0.8253    32.4379    32.4505  1026.2177    26.0712    298.122    284.852  362.78289     82.177     0.1648     0.6410     1.3823 1.1317e+01       9313          6  0.000e+00
     30.239   71.60090 -165.30478     30.554    -0.8246    -0.8254    -0.8253    32.4380    32.4507  1026.2182    26.0713    298.122    284.866  362.78270     82.177     0.1636     0.6337     1.3808 1.1285e+01       9314          6  0.000e+00
     30.139   71.60090 -165.30478     30.452    -0.8241    -0.8253    -0.8248    32.4376    32.4509  1026.2174    26.0710    298.111    284.868  362.77928     82.174     0.1636     0.6337     1.3808 1.1285e+01       9315          6  0.000e+00
     30.201   71.60090 -165.30478     30.515    -0.8244    -0.8253    -0.8252    32.4376    32.4508  1026.2177    26.0710    298.113    284.654  362.78273     82.174     0.1636     0.6337     1.3808 1.1253e+01       9316          6  0.000e+00
     30.185   71.60090 -165.30478     30.499    -0.8244    -0.8254    -0.8252    32.4377    32.4508  1026.2177    26.0711    298.108    284.631  362.78246     82.173     0.1636     0.6337     1.3808 1.1285e+01       9317          6  0.000e+00
     30.201   71.60090 -165.30478     30.515    -0.8246    -0.8254    -0.8253    32.4376    32.4505  1026.2177    26.0710    298.358    284.608  362.78372     82.241     0.1648     0.6410     1.3808 1.1253e+01       9318          6  0.000e+00
     30.185   71.60090 -165.30478     30.499    -0.8244    -0.8253    -0.8252    32.4377    32.4507  1026.2177    26.0711    298.145    284.582  362.78246     82.183     0.1685     0.6630     1.3808 1.1221e+01       9319          6  0.000e+00
     30.201   71.60090 -165.30478     30.515    -0.8247    -0.8256    -0.8255    32.4380    32.4510  1026.2181    26.0713    298.142    284.784  362.78424     82.182     0.1758     0.7069     1.3808 1.1221e+01       9320          6  0.000e+00
     30.185   71.60090 -165.30478     30.499    -0.8246    -0.8258    -0.8253    32.4378    32.4513  1026.2178    26.0712    298.134    284.789  362.78309     82.180     0.1783     0.7216     1.3808 1.1221e+01       9321          6  0.000e+00
     30.139   71.60090 -165.30478     30.452    -0.8247    -0.8259    -0.8255    32.4378    32.4506  1026.2176    26.0712    298.128    284.794  362.78474     82.178     0.1783     0.7216     1.3808 1.1189e+01       9322          6  0.000e+00
     30.239   71.60090 -165.30478     30.554    -0.8247    -0.8265    -0.8255    32.4377    32.4511  1026.2180    26.0711    298.127    284.804  362.78503     82.177     0.1770     0.7143     1.3808 1.1189e+01       9323          6  0.000e+00
     30.139   71.60090 -165.30478     30.452    -0.8249    -0.8265    -0.8256    32.4380    32.4515  1026.2177    26.0713    298.118    284.801  362.78599     82.175     0.1770     0.7143     1.3808 1.1157e+01       9324          6  0.000e+00
     30.239   71.60090 -165.30478     30.554    -0.8249    -0.8270    -0.8256    32.4377    32.4515  1026.2180    26.0711    298.368    284.810  362.78688     82.243     0.1770     0.7143     1.3808 1.1126e+01       9325          6  0.000e+00
     30.139   71.60090 -165.30478     30.452    -0.8250    -0.8273    -0.8257    32.4380    32.4520  1026.2177    26.0713    298.152    284.582  362.78710     82.184     0.1770     0.7143     1.3808 1.1094e+01       9326          6  0.000e+00
     30.201   71.60090 -165.30478     30.515    -0.8249    -0.8273    -0.8256    32.4377    32.4516  1026.2178    26.0711    298.146    284.777  362.78682     82.182     0.1770     0.7143     1.3808 1.1094e+01       9327          6  0.000e+00
     30.185   71.60090 -165.30478     30.499    -0.8252    -0.8276    -0.8259    32.4380    32.4520  1026.2180    26.0713    298.140    284.776  362.78879     82.180     0.1783     0.7216     1.3808 1.1063e+01       9328          6  0.000e+00
