EcoFOCI/data/1_SampleCollection/2023_SikuliaqDBO_CruiseData/CTD_raw_BottleFile_SKQ23-12S/proc/skq202312s_084svp.cnv
* Sea-Bird SBE 9 Data File:
* FileName = D:\CTD\SKQ202312S\SKQ202312S_084.hex
* Software Version Seasave V 7.26.7.121
* Temperature SN = 6177
* Conductivity SN = 0369
* Number of Bytes Per Scan = 41
* Number of Voltage Words = 4
* Number of Scans Averaged by the Deck Unit = 1
* NMEA Latitude = 65 37.11 N
* NMEA Longitude = 168 09.13 W
* NMEA UTC (Time) = Oct 03 2023  11:55:16
* NMEA baud rate = 4800
** Ship: R/V Sikuliaq
** Station Number: 084
** Station Name: BS1
** Bottom Depth: 28
** Operator: SD
# nquan = 7
# nvalues = 5332                                  
# units = specified
# name 0 = depSM: Depth [salt water, m]
# name 1 = latitude: Latitude [deg]
# name 2 = longitude: Longitude [deg]
# name 3 = t090C: Temperature [ITS-90, deg C]
# name 4 = sal00: Salinity, Practical [PSU]
# name 5 = svCM: Sound Velocity [Chen-Millero, m/s]
# name 6 = flag:  0.000e+00
# span 0 =      1.898,     23.896                 
# span 1 =   65.61820,   65.61824                 
# span 2 = -168.15362, -168.15330                 
# span 3 =     3.5396,     6.5815                 
# span 4 =    28.4930,    32.4703                 
# span 5 =    1461.81,    1472.13                 
# span 6 = 0.0000e+00, 0.0000e+00                 
# interval = seconds: 0.0416667
# start_time = Oct 03 2023 11:58:52 [NMEA time, first data scan]
# bad_flag = -9.990e-29
*END*
[from data line 3283]
     19.447   65.61820 -168.15348     3.6922    32.4193    1462.33  0.000e+00
     19.485   65.61820 -168.15348     3.6924    32.4190    1462.33  0.000e+00
     19.485   65.61820 -168.15348     3.6919    32.4195    1462.33  0.000e+00
     19.509   65.61820 -168.15348     3.6916    32.4194    1462.32  0.000e+00
     19.424   65.61820 -168.15348     3.6913    32.4197    1462.32  0.000e+00
     19.539   65.61820 -168.15348     3.6909    32.4198    1462.32  0.000e+00
     19.447   65.61820 -168.15348     3.6907    32.4199    1462.32  0.000e+00
     19.485   65.61820 -168.15348     3.6907    32.4202    1462.32  0.000e+00
     19.485   65.61820 -168.15348     3.6901    32.4202    1462.32  0.000e+00
     19.424   65.61820 -168.15348     3.6902    32.4202    1462.32  0.000e+00
     19.563   65.61820 -168.15348     3.6898    32.4209    1462.32  0.000e+00
     19.485   65.61820 -168.15348     3.6899    32.4210    1462.32  0.000e+00
     19.539   65.61820 -168.15348     3.6900    32.4213    1462.32  0.000e+00
     19.447   65.61820 -168.15348     3.6903    32.4213    1462.32  0.000e+00
     19.539   65.61820 -168.15348     3.6910    32.4210    1462.32  0.000e+00
     19.485   65.61820 -168.15348     3.6911    32.4208    1462.32  0.000e+00
     19.508   65.61820 -168.15348     3.6914    32.4211    1462.33  0.000e+00
     19.539   65.61820 -168.15348     3.6918    32.4201    1462.33  0.000e+00
     19.485   65.61820 -168.15348     3.6918    32.4193    1462.33  0.000e+00
     19.508   65.61820 -168.15348     3.6917    32.4199    1462.33  0.000e+00
     19.539   65.61820 -168.15348     3.6919    32.4199    1462.33  0.000e+00
     19.539   65.61820 -168.15348     3.6918    32.4197    1462.33  0.000e+00
     19.485   65.61820 -168.15348     3.6916    32.4204    1462.33  0.000e+00
     19.562   65.61820 -168.15348     3.6916    32.4207    1462.33  0.000e+00
     19.485   65.61820 -168.15348     3.6919    32.4205    1462.33  0.000e+00
     19.539   65.61820 -168.15348     3.6920    32.4208    1462.33  0.000e+00
     19.508   65.61820 -168.15348     3.6921    32.4205    1462.33  0.000e+00
     19.539   65.61820 -168.15348     3.6922    32.4206    1462.33  0.000e+00
     19.539   65.61820 -168.15348     3.6924    32.4208    1462.33  0.000e+00
     19.562   65.61820 -168.15348     3.6925    32.4212    1462.33  0.000e+00
     19.485   65.61820 -168.15348     3.6928    32.4212    1462.33  0.000e+00
     19.601   65.61820 -168.15348     3.6933    32.4212    1462.34  0.000e+00
     19.485   65.61820 -168.15348     3.6941    32.4202    1462.34  0.000e+00
     19.562   65.61820 -168.15348     3.6941    32.4196    1462.34  0.000e+00
     19.539   65.61820 -168.15348     3.6943    32.4195    1462.34  0.000e+00
     19.601   65.61820 -168.15348     3.6943    32.4195    1462.34  0.000e+00
     19.562   65.61820 -168.15348     3.6946    32.4193    1462.34  0.000e+00
     19.539   65.61820 -168.15348     3.6943    32.4195    1462.34  0.000e+00
     19.539   65.61820 -168.15348     3.6944    32.4196    1462.34  0.000e+00
     19.562   65.61820 -168.15348     3.6944    32.4181    1462.34  0.000e+00
     19.601   65.61820 -168.15348     3.6938    32.4179    1462.33  0.000e+00
     19.601   65.61820 -168.15348     3.6935    32.4180    1462.33  0.000e+00
     19.562   65.61820 -168.15348     3.6930    32.4189    1462.33  0.000e+00
     19.601   65.61820 -168.15348     3.6930    32.4187    1462.33  0.000e+00
     19.601   65.61820 -168.15348     3.6927    32.4188    1462.33  0.000e+00
     19.601   65.61820 -168.15348     3.6925    32.4190    1462.33  0.000e+00
     19.562   65.61820 -168.15348     3.6925    32.4194    1462.33  0.000e+00
     19.655   65.61820 -168.15348     3.6922    32.4194    1462.33  0.000e+00
     19.601   65.61820 -168.15348     3.6920    32.4199    1462.33  0.000e+00
     19.624   65.61820 -168.15348     3.6916    32.4193    1462.33  0.000e+00
     19.601   65.61820 -168.15348     3.6908    32.4199    1462.32  0.000e+00
     19.655   65.61820 -168.15348     3.6902    32.4200    1462.32  0.000e+00
     19.624   65.61820 -168.15348     3.6899    32.4200    1462.32  0.000e+00
     19.717   65.61820 -168.15348     3.6897    32.4198    1462.32  0.000e+00
     19.601   65.61820 -168.15348     3.6894    32.4203    1462.32  0.000e+00
     19.678   65.61820 -168.15348     3.6892    32.4202    1462.32  0.000e+00
     19.655   65.61820 -168.15348     3.6890    32.4202    1462.32  0.000e+00
     19.717   65.61820 -168.15348     3.6892    32.4199    1462.32  0.000e+00
     19.655   65.61820 -168.15348     3.6888    32.4206    1462.32  0.000e+00
     19.740   65.61820 -168.15348     3.6889    32.4206    1462.32  0.000e+00
     19.717   65.61820 -168.15348     3.6888    32.4207    1462.32  0.000e+00
     19.717   65.61820 -168.15348     3.6886    32.4208    1462.32  0.000e+00
     19.740   65.61820 -168.15348     3.6887    32.4205    1462.32  0.000e+00
     19.717   65.61820 -168.15348     3.6886    32.4206    1462.32  0.000e+00
     19.771   65.61820 -168.15348     3.6889    32.4203    1462.32  0.000e+00
     19.740   65.61820 -168.15348     3.6886    32.4203    1462.32  0.000e+00
     19.771   65.61820 -168.15348     3.6883    32.4207    1462.32  0.000e+00
     19.771   65.61820 -168.15348     3.6884    32.4204    1462.32  0.000e+00
     19.794   65.61820 -168.15348     3.6881    32.4204    1462.32  0.000e+00
     19.825   65.61820 -168.15348     3.6880    32.4203    1462.32  0.000e+00
     19.825   65.61820 -168.15348     3.6877    32.4198    1462.31  0.000e+00
     19.825   65.61820 -168.15348     3.6872    32.4199    1462.31  0.000e+00
     19.848   65.61820 -168.15348     3.6867    32.4198    1462.31  0.000e+00
     19.886   65.61820 -168.15348     3.6862    32.4196    1462.31  0.000e+00
     19.886   65.61820 -168.15348     3.6856    32.4197    1462.31  0.000e+00
     19.848   65.61820 -168.15348     3.6849    32.4206    1462.30  0.000e+00
     19.940   65.61820 -168.15348     3.6844    32.4205    1462.30  0.000e+00
     19.886   65.61820 -168.15348     3.6839    32.4213    1462.30  0.000e+00
     19.909   65.61820 -168.15348     3.6838    32.4213    1462.30  0.000e+00
     20.002   65.61820 -168.15348     3.6837    32.4209    1462.30  0.000e+00
     19.886   65.61820 -168.15348     3.6834    32.4206    1462.30  0.000e+00
     19.963   65.61820 -168.15348     3.6830    32.4202    1462.30  0.000e+00
     20.002   65.61820 -168.15348     3.6825    32.4192    1462.29  0.000e+00
     20.002   65.61820 -168.15348     3.6816    32.4183    1462.29  0.000e+00
     19.963   65.61820 -168.15348     3.6801    32.4175    1462.28  0.000e+00
     20.056   65.61820 -168.15348     3.6784    32.4179    1462.28  0.000e+00
     20.056   65.61820 -168.15348     3.6766    32.4183    1462.27  0.000e+00
     20.002   65.61820 -168.15348     3.6749    32.4182    1462.26  0.000e+00
     20.079   65.61820 -168.15348     3.6725    32.4183    1462.25  0.000e+00
     20.056   65.61820 -168.15348     3.6694    32.4196    1462.24  0.000e+00
     20.118   65.61820 -168.15348     3.6670    32.4205    1462.23  0.000e+00
     20.079   65.61820 -168.15348     3.6646    32.4215    1462.22  0.000e+00
     20.118   65.61820 -168.15348     3.6628    32.4225    1462.22  0.000e+00
     20.172   65.61820 -168.15348     3.6606    32.4240    1462.21  0.000e+00
     20.133   65.61820 -168.15348     3.6592    32.4249    1462.21  0.000e+00
     20.118   65.61820 -168.15348     3.6578    32.4261    1462.20  0.000e+00
     20.172   65.61820 -168.15348     3.6567    32.4264    1462.20  0.000e+00
     20.195   65.61820 -168.15348     3.6558    32.4268    1462.19  0.000e+00
     20.172   65.61820 -168.15348     3.6550    32.4273    1462.19  0.000e+00
     20.226   65.61820 -168.15348     3.6542    32.4281    1462.19  0.000e+00
     20.195   65.61820 -168.15348     3.6538    32.4281    1462.19  0.000e+00
     20.226   65.61820 -168.15348     3.6532    32.4282    1462.19  0.000e+00
     20.226   65.61820 -168.15348     3.6526    32.4285    1462.18  0.000e+00
     20.249   65.61820 -168.15348     3.6519    32.4289    1462.18  0.000e+00
     20.226   65.61820 -168.15348     3.6516    32.4294    1462.18  0.000e+00
     20.287   65.61820 -168.15348     3.6515    32.4297    1462.18  0.000e+00
     20.310   65.61820 -168.15348     3.6511    32.4301    1462.18  0.000e+00
     20.226   65.61820 -168.15348     3.6510    32.4305    1462.18  0.000e+00
     20.341   65.61820 -168.15348     3.6511    32.4306    1462.18  0.000e+00
     20.287   65.61820 -168.15348     3.6512    32.4304    1462.18  0.000e+00
     20.310   65.61820 -168.15348     3.6510    32.4303    1462.18  0.000e+00
     20.287   65.61820 -168.15348     3.6512    32.4299    1462.18  0.000e+00
     20.403   65.61820 -168.15348     3.6510    32.4300    1462.18  0.000e+00
     20.310   65.61820 -168.15348     3.6510    32.4300    1462.18  0.000e+00
     20.341   65.61820 -168.15348     3.6510    32.4296    1462.18  0.000e+00
     20.341   65.61820 -168.15348     3.6510    32.4300    1462.18  0.000e+00
     20.364   65.61820 -168.15348     3.6508    32.4300    1462.18  0.000e+00
     20.403   65.61820 -168.15348     3.6510    32.4296    1462.18  0.000e+00
     20.341   65.61820 -168.15348     3.6510    32.4299    1462.18  0.000e+00
     20.426   65.61820 -168.15348     3.6510    32.4299    1462.18  0.000e+00
     20.403   65.61820 -168.15348     3.6510    32.4299    1462.18  0.000e+00
     20.341   65.61820 -168.15348     3.6510    32.4302    1462.18  0.000e+00
     20.426   65.61820 -168.15348     3.6512    32.4298    1462.18  0.000e+00
     20.403   65.61820 -168.15348     3.6511    32.4298    1462.18  0.000e+00
     20.403   65.61820 -168.15348     3.6510    32.4301    1462.18  0.000e+00
     20.426   65.61820 -168.15348     3.6511    32.4296    1462.18  0.000e+00
     20.403   65.61820 -168.15348     3.6512    32.4297    1462.18  0.000e+00
     20.457   65.61820 -168.15348     3.6511    32.4302    1462.18  0.000e+00
     20.426   65.61820 -168.15348     3.6512    32.4301    1462.18  0.000e+00
     20.403   65.61820 -168.15348     3.6511    32.4303    1462.18  0.000e+00
     20.457   65.61820 -168.15348     3.6515    32.4295    1462.18  0.000e+00
     20.426   65.61820 -168.15348     3.6513    32.4292    1462.18  0.000e+00
     20.457   65.61820 -168.15348     3.6510    32.4291    1462.18  0.000e+00
     20.457   65.61820 -168.15348     3.6511    32.4285    1462.18  0.000e+00
     20.426   65.61820 -168.15348     3.6506    32.4290    1462.18  0.000e+00
     20.457   65.61820 -168.15348     3.6502    32.4293    1462.18  0.000e+00
     20.457   65.61820 -168.15348     3.6498    32.4304    1462.18  0.000e+00
     20.480   65.61820 -168.15348     3.6497    32.4310    1462.18  0.000e+00
     20.403   65.61820 -168.15348     3.6499    32.4308    1462.18  0.000e+00
     20.457   65.61820 -168.15348     3.6500    32.4302    1462.18  0.000e+00
     20.518   65.61820 -168.15348     3.6501    32.4295    1462.18  0.000e+00
     20.426   65.61820 -168.15348     3.6501    32.4292    1462.18  0.000e+00
     20.518   65.61820 -168.15348     3.6500    32.4294    1462.18  0.000e+00
     20.457   65.61820 -168.15348     3.6498    32.4295    1462.18  0.000e+00
     20.480   65.61820 -168.15348     3.6499    32.4295    1462.18  0.000e+00
     20.457   65.61820 -168.15348     3.6501    32.4294    1462.18  0.000e+00
     20.457   65.61820 -168.15348     3.6496    32.4297    1462.18  0.000e+00
     20.480   65.61820 -168.15348     3.6498    32.4294    1462.18  0.000e+00
     20.457   65.61820 -168.15348     3.6496    32.4299    1462.18  0.000e+00
     20.518   65.61820 -168.15348     3.6496    32.4299    1462.18  0.000e+00
     20.480   65.61820 -168.15348     3.6496    32.4299    1462.18  0.000e+00
     20.457   65.61820 -168.15348     3.6496    32.4299    1462.18  0.000e+00
     20.518   65.61820 -168.15348     3.6497    32.4297    1462.18  0.000e+00
     20.426   65.61820 -168.15348     3.6498    32.4299    1462.18  0.000e+00
     20.518   65.61820 -168.15348     3.6492    32.4303    1462.18  0.000e+00
     20.457   65.61820 -168.15348     3.6495    32.4298    1462.18  0.000e+00
     20.480   65.61820 -168.15348     3.6497    32.4295    1462.18  0.000e+00
     20.518   65.61820 -168.15348     3.6495    32.4295    1462.18  0.000e+00
     20.518   65.61820 -168.15348     3.6496    32.4291    1462.18  0.000e+00
     20.426   65.61820 -168.15348     3.6491    32.4288    1462.17  0.000e+00
     20.518   65.61820 -168.15348     3.6486    32.4296    1462.17  0.000e+00
     20.518   65.61820 -168.15348     3.6483    32.4295    1462.17  0.000e+00
     20.480   65.61820 -168.15348     3.6480    32.4300    1462.17  0.000e+00
     20.457   65.61820 -168.15348     3.6479    32.4304    1462.17  0.000e+00
     20.518   65.61820 -168.15348     3.6481    32.4306    1462.17  0.000e+00
     20.534   65.61820 -168.15348     3.6482    32.4305    1462.17  0.000e+00
     20.457   65.61820 -168.15348     3.6483    32.4308    1462.17  0.000e+00
     20.518   65.61820 -168.15348     3.6488    32.4307    1462.18  0.000e+00
     20.480   65.61820 -168.15348     3.6490    32.4308    1462.18  0.000e+00
     20.518   65.61820 -168.15348     3.6492    32.4303    1462.18  0.000e+00
     20.518   65.61820 -168.15348     3.6495    32.4298    1462.18  0.000e+00
     20.480   65.61820 -168.15348     3.6494    32.4300    1462.18  0.000e+00
     20.572   65.61820 -168.15348     3.6496    32.4298    1462.18  0.000e+00
     20.457   65.61820 -168.15348     3.6497    32.4300    1462.18  0.000e+00
     20.534   65.61820 -168.15348     3.6496    32.4301    1462.18  0.000e+00
     20.518   65.61820 -168.15348     3.6497    32.4305    1462.18  0.000e+00
     20.518   65.61820 -168.15348     3.6499    32.4300    1462.18  0.000e+00
     20.457   65.61820 -168.15348     3.6502    32.4298    1462.18  0.000e+00
     20.596   65.61820 -168.15348     3.6501    32.4301    1462.18  0.000e+00
     20.572   65.61820 -168.15348     3.6504    32.4297    1462.18  0.000e+00
     20.518   65.61820 -168.15348     3.6502    32.4296    1462.18  0.000e+00
     20.534   65.61820 -168.15348     3.6502    32.4297    1462.18  0.000e+00
     20.518   65.61820 -168.15348     3.6502    32.4298    1462.18  0.000e+00
     20.572   65.61820 -168.15348     3.6502    32.4298    1462.18  0.000e+00
     20.534   65.61820 -168.15348     3.6502    32.4296    1462.18  0.000e+00
     20.572   65.61820 -168.15348     3.6505    32.4296    1462.18  0.000e+00
     20.572   65.61820 -168.15348     3.6504    32.4301    1462.18  0.000e+00
     20.534   65.61820 -168.15348     3.6508    32.4295    1462.18  0.000e+00
     20.572   65.61820 -168.15348     3.6510    32.4299    1462.18  0.000e+00
     20.572   65.61820 -168.15348     3.6511    32.4300    1462.18  0.000e+00
     20.595   65.61820 -168.15348     3.6512    32.4299    1462.19  0.000e+00
     20.626   65.61820 -168.15348     3.6515    32.4294    1462.19  0.000e+00
     20.572   65.61820 -168.15348     3.6515    32.4296    1462.19  0.000e+00
     20.595   65.61820 -168.15348     3.6518    32.4294    1462.19  0.000e+00
     20.626   65.61820 -168.15348     3.6518    32.4291    1462.19  0.000e+00
     20.626   65.61820 -168.15348     3.6521    32.4289    1462.19  0.000e+00
     20.595   65.61820 -168.15348     3.6521    32.4292    1462.19  0.000e+00
     20.626   65.61820 -168.15348     3.6523    32.4287    1462.19  0.000e+00
     20.626   65.61820 -168.15348     3.6519    32.4289    1462.19  0.000e+00
     20.649   65.61820 -168.15348     3.6521    32.4285    1462.19  0.000e+00
     20.626   65.61820 -168.15348     3.6519    32.4288    1462.19  0.000e+00
     20.688   65.61820 -168.15348     3.6519    32.4289    1462.19  0.000e+00
     20.649   65.61820 -168.15348     3.6519    32.4289    1462.19  0.000e+00
     20.688   65.61820 -168.15348     3.6519    32.4288    1462.19  0.000e+00
