EcoFOCI/data/1_SampleCollection/2023_SikuliaqDBO_CruiseData/CTD_raw_BottleFile_SKQ23-12S/proc/skq202312s_058svp.cnv
* Sea-Bird SBE 9 Data File:
* FileName = D:\CTD\SKQ202312S\SKQ202312S_058.hex
* Software Version Seasave V 7.26.7.121
* Temperature SN = 6177
* Conductivity SN = 0369
* Number of Bytes Per Scan = 41
* Number of Voltage Words = 4
* Number of Scans Averaged by the Deck Unit = 1
* NMEA Latitude = 71 26.88 N
* NMEA Longitude = 164 54.84 W
* NMEA UTC (Time) = Sep 27 2023  11:36:42
* NMEA baud rate = 4800
** Ship: R/V Sikuliaq
** Station Number: 058
** Station Name: IC4
** Bottom Depth: 42
** Operator: SS
# nquan = 7
# nvalues = 5949                                  
# units = specified
# name 0 = depSM: Depth [salt water, m]
# name 1 = latitude: Latitude [deg]
# name 2 = longitude: Longitude [deg]
# name 3 = t090C: Temperature [ITS-90, deg C]
# name 4 = sal00: Salinity, Practical [PSU]
# name 5 = svCM: Sound Velocity [Chen-Millero, m/s]
# name 6 = flag:  0.000e+00
# span 0 =      2.346,     36.847                 
# span 1 =   71.44796,   71.44818                 
# span 2 = -164.91512, -164.91406                 
# span 3 =    -1.0936,     3.0468                 
# span 4 =    30.5526,    32.5356                 
# span 5 =    1441.19,    1457.42                 
# span 6 = 0.0000e+00, 0.0000e+00                 
# interval = seconds: 0.0416667
# start_time = Sep 27 2023 11:40:41 [NMEA time, first data scan]
# bad_flag = -9.990e-29
*END*
[from data line 1642]
     10.627   71.44806 -164.91448     2.7894    30.5619    1455.91  0.000e+00
     10.681   71.44806 -164.91448     2.7896    30.5615    1455.91  0.000e+00
     10.681   71.44806 -164.91448     2.7899    30.5611    1455.91  0.000e+00
     10.681   71.44806 -164.91448     2.7896    30.5614    1455.91  0.000e+00
     10.627   71.44806 -164.91448     2.7897    30.5615    1455.91  0.000e+00
     10.735   71.44806 -164.91448     2.7896    30.5614    1455.91  0.000e+00
     10.627   71.44806 -164.91448     2.7897    30.5614    1455.91  0.000e+00
     10.735   71.44806 -164.91448     2.7894    30.5618    1455.91  0.000e+00
     10.712   71.44806 -164.91448     2.7897    30.5615    1455.91  0.000e+00
     10.735   71.44806 -164.91448     2.7896    30.5614    1455.91  0.000e+00
     10.735   71.44806 -164.91448     2.7897    30.5616    1455.91  0.000e+00
     10.681   71.44806 -164.91448     2.7898    30.5615    1455.91  0.000e+00
     10.796   71.44806 -164.91448     2.7899    30.5615    1455.91  0.000e+00
     10.735   71.44806 -164.91448     2.7899    30.5614    1455.91  0.000e+00
     10.735   71.44806 -164.91448     2.7897    30.5609    1455.91  0.000e+00
     10.796   71.44806 -164.91448     2.7901    30.5609    1455.91  0.000e+00
     10.765   71.44806 -164.91448     2.7899    30.5613    1455.91  0.000e+00
     10.796   71.44806 -164.91448     2.7897    30.5616    1455.91  0.000e+00
     10.735   71.44806 -164.91448     2.7899    30.5618    1455.91  0.000e+00
     10.796   71.44806 -164.91448     2.7901    30.5617    1455.91  0.000e+00
     10.850   71.44806 -164.91448     2.7901    30.5618    1455.92  0.000e+00
     10.796   71.44806 -164.91448     2.7901    30.5619    1455.91  0.000e+00
     10.796   71.44806 -164.91448     2.7904    30.5619    1455.92  0.000e+00
     10.850   71.44806 -164.91448     2.7902    30.5621    1455.92  0.000e+00
     10.827   71.44806 -164.91448     2.7904    30.5617    1455.92  0.000e+00
     10.850   71.44806 -164.91448     2.7904    30.5547    1455.91  0.000e+00
     10.850   71.44806 -164.91448     2.7902    30.5538    1455.91  0.000e+00
     10.850   71.44806 -164.91448     2.7904    30.5593    1455.91  0.000e+00
     10.850   71.44806 -164.91448     2.7899    30.5617    1455.91  0.000e+00
     10.912   71.44806 -164.91448     2.7902    30.5612    1455.92  0.000e+00
     10.912   71.44806 -164.91448     2.7901    30.5611    1455.92  0.000e+00
     10.850   71.44806 -164.91448     2.7899    30.5610    1455.91  0.000e+00
     10.942   71.44806 -164.91448     2.7899    30.5609    1455.91  0.000e+00
     10.912   71.44806 -164.91448     2.7901    30.5612    1455.92  0.000e+00
     10.912   71.44806 -164.91448     2.7899    30.5613    1455.91  0.000e+00
     10.911   71.44806 -164.91448     2.7899    30.5614    1455.92  0.000e+00
     10.965   71.44806 -164.91448     2.7899    30.5615    1455.92  0.000e+00
     10.965   71.44806 -164.91448     2.7901    30.5613    1455.92  0.000e+00
     10.911   71.44806 -164.91448     2.7899    30.5613    1455.91  0.000e+00
     10.965   71.44806 -164.91448     2.7899    30.5616    1455.92  0.000e+00
     10.996   71.44806 -164.91448     2.7901    30.5614    1455.92  0.000e+00
     11.027   71.44806 -164.91448     2.7901    30.5609    1455.92  0.000e+00
     10.965   71.44806 -164.91448     2.7899    30.5613    1455.92  0.000e+00
     11.027   71.44806 -164.91448     2.7899    30.5610    1455.92  0.000e+00
     10.965   71.44806 -164.91448     2.7899    30.5609    1455.92  0.000e+00
     11.027   71.44806 -164.91448     2.7899    30.5610    1455.92  0.000e+00
     11.027   71.44806 -164.91448     2.7899    30.5605    1455.92  0.000e+00
     11.081   71.44806 -164.91448     2.7896    30.5610    1455.92  0.000e+00
     10.996   71.44806 -164.91448     2.7899    30.5611    1455.92  0.000e+00
     11.081   71.44806 -164.91448     2.7897    30.5613    1455.92  0.000e+00
     11.081   71.44806 -164.91448     2.7900    30.5613    1455.92  0.000e+00
     11.027   71.44806 -164.91448     2.7899    30.5612    1455.92  0.000e+00
     11.081   71.44806 -164.91448     2.7899    30.5613    1455.92  0.000e+00
     11.135   71.44806 -164.91448     2.7901    30.5616    1455.92  0.000e+00
     11.081   71.44806 -164.91448     2.7899    30.5615    1455.92  0.000e+00
     11.081   71.44806 -164.91448     2.7901    30.5610    1455.92  0.000e+00
     11.112   71.44806 -164.91448     2.7901    30.5612    1455.92  0.000e+00
     11.135   71.44806 -164.91448     2.7901    30.5614    1455.92  0.000e+00
     11.135   71.44806 -164.91448     2.7901    30.5612    1455.92  0.000e+00
     11.135   71.44806 -164.91448     2.7901    30.5614    1455.92  0.000e+00
     11.135   71.44806 -164.91448     2.7902    30.5616    1455.92  0.000e+00
     11.135   71.44806 -164.91448     2.7902    30.5614    1455.92  0.000e+00
     11.196   71.44806 -164.91448     2.7904    30.5612    1455.92  0.000e+00
     11.196   71.44806 -164.91448     2.7902    30.5613    1455.92  0.000e+00
     11.165   71.44806 -164.91448     2.7904    30.5610    1455.92  0.000e+00
     11.196   71.44806 -164.91448     2.7901    30.5612    1455.92  0.000e+00
     11.196   71.44806 -164.91448     2.7901    30.5610    1455.92  0.000e+00
     11.250   71.44806 -164.91450     2.7902    30.5616    1455.92  0.000e+00
     11.196   71.44806 -164.91450     2.7901    30.5616    1455.92  0.000e+00
     11.250   71.44806 -164.91450     2.7901    30.5615    1455.92  0.000e+00
     11.250   71.44806 -164.91450     2.7901    30.5612    1455.92  0.000e+00
     11.227   71.44806 -164.91450     2.7901    30.5610    1455.92  0.000e+00
     11.250   71.44806 -164.91450     2.7899    30.5612    1455.92  0.000e+00
     11.250   71.44806 -164.91450     2.7901    30.5613    1455.92  0.000e+00
     11.312   71.44806 -164.91450     2.7899    30.5613    1455.92  0.000e+00
     11.250   71.44806 -164.91450     2.7901    30.5612    1455.92  0.000e+00
     11.312   71.44806 -164.91450     2.7901    30.5612    1455.92  0.000e+00
     11.312   71.44806 -164.91450     2.7899    30.5611    1455.92  0.000e+00
     11.312   71.44806 -164.91450     2.7899    30.5616    1455.92  0.000e+00
     11.281   71.44806 -164.91450     2.7901    30.5611    1455.92  0.000e+00
     11.312   71.44806 -164.91450     2.7901    30.5611    1455.92  0.000e+00
     11.366   71.44806 -164.91450     2.7899    30.5613    1455.92  0.000e+00
     11.312   71.44806 -164.91450     2.7899    30.5617    1455.92  0.000e+00
     11.365   71.44806 -164.91450     2.7901    30.5614    1455.92  0.000e+00
     11.365   71.44806 -164.91450     2.7899    30.5616    1455.92  0.000e+00
     11.365   71.44806 -164.91450     2.7897    30.5616    1455.92  0.000e+00
     11.335   71.44806 -164.91450     2.7901    30.5612    1455.92  0.000e+00
     11.365   71.44806 -164.91450     2.7899    30.5613    1455.92  0.000e+00
     11.427   71.44806 -164.91450     2.7898    30.5615    1455.92  0.000e+00
     11.427   71.44806 -164.91450     2.7897    30.5619    1455.92  0.000e+00
     11.365   71.44806 -164.91450     2.7902    30.5617    1455.92  0.000e+00
     11.427   71.44806 -164.91450     2.7902    30.5613    1455.92  0.000e+00
     11.427   71.44806 -164.91450     2.7902    30.5612    1455.92  0.000e+00
     11.427   71.44806 -164.91450     2.7901    30.5611    1455.92  0.000e+00
     11.396   71.44806 -164.91450     2.7901    30.5611    1455.92  0.000e+00
     11.481   71.44806 -164.91450     2.7901    30.5608    1455.92  0.000e+00
     11.427   71.44806 -164.91450     2.7899    30.5607    1455.92  0.000e+00
     11.481   71.44806 -164.91450     2.7897    30.5610    1455.92  0.000e+00
     11.427   71.44806 -164.91450     2.7898    30.5612    1455.92  0.000e+00
     11.481   71.44806 -164.91450     2.7899    30.5616    1455.92  0.000e+00
     11.481   71.44806 -164.91450     2.7901    30.5614    1455.93  0.000e+00
     11.450   71.44806 -164.91450     2.7901    30.5614    1455.92  0.000e+00
     11.481   71.44806 -164.91450     2.7899    30.5613    1455.92  0.000e+00
     11.535   71.44806 -164.91450     2.7899    30.5612    1455.92  0.000e+00
     11.481   71.44806 -164.91450     2.7899    30.5610    1455.92  0.000e+00
     11.481   71.44806 -164.91450     2.7901    30.5608    1455.92  0.000e+00
     11.535   71.44806 -164.91450     2.7897    30.5613    1455.92  0.000e+00
     11.535   71.44806 -164.91450     2.7897    30.5609    1455.92  0.000e+00
     11.511   71.44806 -164.91450     2.7896    30.5611    1455.92  0.000e+00
     11.535   71.44806 -164.91450     2.7897    30.5608    1455.92  0.000e+00
     11.535   71.44806 -164.91450     2.7896    30.5610    1455.92  0.000e+00
     11.535   71.44806 -164.91450     2.7896    30.5607    1455.92  0.000e+00
     11.596   71.44806 -164.91450     2.7896    30.5608    1455.92  0.000e+00
     11.534   71.44806 -164.91450     2.7894    30.5611    1455.92  0.000e+00
     11.596   71.44806 -164.91450     2.7894    30.5611    1455.92  0.000e+00
     11.596   71.44806 -164.91452     2.7896    30.5607    1455.92  0.000e+00
     11.565   71.44806 -164.91452     2.7896    30.5611    1455.92  0.000e+00
     11.534   71.44806 -164.91452     2.7893    30.5613    1455.92  0.000e+00
     11.650   71.44806 -164.91452     2.7894    30.5612    1455.92  0.000e+00
     11.596   71.44806 -164.91452     2.7894    30.5611    1455.92  0.000e+00
     11.596   71.44806 -164.91452     2.7894    30.5613    1455.92  0.000e+00
     11.596   71.44806 -164.91452     2.7894    30.5611    1455.92  0.000e+00
     11.650   71.44806 -164.91452     2.7896    30.5611    1455.93  0.000e+00
     11.627   71.44806 -164.91452     2.7894    30.5615    1455.92  0.000e+00
     11.596   71.44806 -164.91452     2.7893    30.5615    1455.92  0.000e+00
     11.650   71.44806 -164.91452     2.7894    30.5615    1455.93  0.000e+00
     11.650   71.44806 -164.91452     2.7897    30.5613    1455.93  0.000e+00
     11.650   71.44806 -164.91452     2.7898    30.5610    1455.93  0.000e+00
     11.650   71.44806 -164.91452     2.7896    30.5612    1455.93  0.000e+00
     11.711   71.44806 -164.91452     2.7897    30.5610    1455.93  0.000e+00
     11.627   71.44806 -164.91452     2.7896    30.5609    1455.92  0.000e+00
     11.711   71.44806 -164.91452     2.7896    30.5615    1455.93  0.000e+00
     11.650   71.44806 -164.91452     2.7897    30.5613    1455.93  0.000e+00
     11.711   71.44806 -164.91452     2.7896    30.5614    1455.93  0.000e+00
     11.650   71.44806 -164.91452     2.7896    30.5610    1455.93  0.000e+00
     11.711   71.44806 -164.91452     2.7896    30.5613    1455.93  0.000e+00
     11.711   71.44806 -164.91452     2.7896    30.5611    1455.93  0.000e+00
     11.680   71.44806 -164.91452     2.7897    30.5611    1455.93  0.000e+00
     11.711   71.44806 -164.91452     2.7897    30.5612    1455.93  0.000e+00
     11.711   71.44806 -164.91452     2.7896    30.5614    1455.93  0.000e+00
     11.711   71.44806 -164.91452     2.7897    30.5613    1455.93  0.000e+00
     11.765   71.44806 -164.91452     2.7894    30.5615    1455.93  0.000e+00
     11.711   71.44806 -164.91452     2.7896    30.5614    1455.93  0.000e+00
     11.711   71.44806 -164.91452     2.7896    30.5614    1455.93  0.000e+00
     11.796   71.44806 -164.91452     2.7897    30.5614    1455.93  0.000e+00
     11.711   71.44806 -164.91452     2.7896    30.5615    1455.93  0.000e+00
     11.765   71.44806 -164.91452     2.7896    30.5615    1455.93  0.000e+00
     11.765   71.44806 -164.91452     2.7897    30.5613    1455.93  0.000e+00
     11.765   71.44806 -164.91452     2.7896    30.5614    1455.93  0.000e+00
     11.765   71.44806 -164.91452     2.7899    30.5608    1455.93  0.000e+00
     11.765   71.44806 -164.91452     2.7896    30.5615    1455.93  0.000e+00
     11.796   71.44806 -164.91452     2.7897    30.5612    1455.93  0.000e+00
     11.765   71.44806 -164.91452     2.7896    30.5615    1455.93  0.000e+00
     11.827   71.44806 -164.91452     2.7896    30.5616    1455.93  0.000e+00
     11.765   71.44806 -164.91452     2.7899    30.5611    1455.93  0.000e+00
     11.827   71.44806 -164.91452     2.7897    30.5612    1455.93  0.000e+00
     11.765   71.44806 -164.91452     2.7900    30.5610    1455.93  0.000e+00
     11.827   71.44806 -164.91452     2.7899    30.5608    1455.93  0.000e+00
     11.796   71.44806 -164.91452     2.7896    30.5613    1455.93  0.000e+00
     11.827   71.44806 -164.91452     2.7897    30.5612    1455.93  0.000e+00
     11.827   71.44806 -164.91452     2.7897    30.5612    1455.93  0.000e+00
     11.827   71.44806 -164.91452     2.7896    30.5611    1455.93  0.000e+00
     11.827   71.44806 -164.91452     2.7897    30.5609    1455.93  0.000e+00
     11.827   71.44806 -164.91452     2.7897    30.5609    1455.93  0.000e+00
     11.880   71.44806 -164.91452     2.7896    30.5608    1455.93  0.000e+00
     11.850   71.44806 -164.91452     2.7895    30.5613    1455.93  0.000e+00
     11.826   71.44806 -164.91452     2.7896    30.5614    1455.93  0.000e+00
     11.880   71.44806 -164.91452     2.7896    30.5611    1455.93  0.000e+00
     11.826   71.44806 -164.91452     2.7894    30.5612    1455.93  0.000e+00
     11.880   71.44806 -164.91452     2.7894    30.5614    1455.93  0.000e+00
     11.880   71.44806 -164.91452     2.7894    30.5617    1455.93  0.000e+00
     11.826   71.44806 -164.91452     2.7897    30.5617    1455.93  0.000e+00
     11.911   71.44806 -164.91452     2.7897    30.5611    1455.93  0.000e+00
     11.880   71.44806 -164.91452     2.7896    30.5614    1455.93  0.000e+00
     11.880   71.44806 -164.91452     2.7897    30.5612    1455.93  0.000e+00
     11.880   71.44806 -164.91452     2.7898    30.5611    1455.93  0.000e+00
     11.934   71.44806 -164.91452     2.7896    30.5615    1455.93  0.000e+00
     11.880   71.44806 -164.91452     2.7896    30.5615    1455.93  0.000e+00
     11.880   71.44806 -164.91452     2.7897    30.5612    1455.93  0.000e+00
     11.911   71.44806 -164.91452     2.7897    30.5615    1455.93  0.000e+00
     11.934   71.44806 -164.91452     2.7899    30.5613    1455.93  0.000e+00
     11.934   71.44806 -164.91452     2.7897    30.5612    1455.93  0.000e+00
     11.934   71.44806 -164.91452     2.7897    30.5613    1455.93  0.000e+00
     11.880   71.44806 -164.91452     2.7899    30.5613    1455.93  0.000e+00
     11.934   71.44806 -164.91452     2.7900    30.5610    1455.93  0.000e+00
     11.934   71.44806 -164.91452     2.7897    30.5613    1455.93  0.000e+00
     11.911   71.44806 -164.91452     2.7897    30.5614    1455.93  0.000e+00
     11.996   71.44806 -164.91454     2.7897    30.5612    1455.93  0.000e+00
     11.934   71.44806 -164.91454     2.7896    30.5613    1455.93  0.000e+00
     11.934   71.44806 -164.91454     2.7897    30.5611    1455.93  0.000e+00
     11.934   71.44806 -164.91454     2.7897    30.5611    1455.93  0.000e+00
     11.996   71.44806 -164.91454     2.7896    30.5610    1455.93  0.000e+00
     11.965   71.44806 -164.91454     2.7896    30.5610    1455.93  0.000e+00
     11.996   71.44806 -164.91454     2.7897    30.5614    1455.93  0.000e+00
     11.934   71.44806 -164.91454     2.7895    30.5617    1455.93  0.000e+00
     11.996   71.44806 -164.91454     2.7896    30.5613    1455.93  0.000e+00
     11.996   71.44806 -164.91454     2.7896    30.5608    1455.93  0.000e+00
     11.996   71.44806 -164.91454     2.7894    30.5613    1455.93  0.000e+00
     11.996   71.44806 -164.91454     2.7896    30.5615    1455.93  0.000e+00
     12.026   71.44806 -164.91454     2.7894    30.5617    1455.93  0.000e+00
     11.995   71.44806 -164.91454     2.7897    30.5614    1455.93  0.000e+00
     11.995   71.44806 -164.91454     2.7897    30.5614    1455.93  0.000e+00
     12.049   71.44806 -164.91454     2.7896    30.5617    1455.93  0.000e+00
     11.995   71.44806 -164.91454     2.7897    30.5614    1455.93  0.000e+00
