EcoFOCI/data/1_SampleCollection/2023_SikuliaqDBO_CruiseData/CTD_raw_BottleFile_SKQ23-12S/proc/skq202312s_069.cnv
* Sea-Bird SBE 9 Data File:
* FileName = D:\CTD\SKQ202312S\SKQ202312S_069.hex
* Software Version Seasave V 7.26.7.121
* Temperature SN = 6177
* Conductivity SN = 0369
* Number of Bytes Per Scan = 41
* Number of Voltage Words = 4
* Number of Scans Averaged by the Deck Unit = 1
* NMEA Latitude = 67 46.99 N
* NMEA Longitude = 168 35.84 W
* NMEA UTC (Time) = Sep 30 2023  01:24:11
* NMEA baud rate = 4800
** Ship: R/V Sikuliaq
** Station Number: 069
** Station Name: DBO3.7
** Bottom Depth: 50
** Operator: SD
# nquan = 24
# nvalues = 4111                                  
# units = specified
# name 0 = depSM: Depth [salt water, m]
# name 1 = latitude: Latitude [deg]
# name 2 = longitude: Longitude [deg]
# name 3 = prDM: Pressure, Digiquartz [db]
# name 4 = t090C: Temperature [ITS-90, deg C]
# name 5 = t190C: Temperature, 2 [ITS-90, deg C]
# name 6 = potemp090C: Potential Temperature [ITS-90, deg C]
# name 7 = sal00: Salinity, Practical [PSU]
# name 8 = sal11: Salinity, Practical, 2 [PSU]
# name 9 = density00: Density [density, kg/m^3]
# name 10 = sigma-é00: Density [sigma-theta, kg/m^3]
# name 11 = sbox0Mm/Kg: Oxygen, SBE 43 [umol/kg]
# name 12 = sbox1Mm/Kg: Oxygen, SBE 43, 2 [umol/kg]
# name 13 = oxsolMm/Kg: Oxygen Saturation, Garcia & Gordon [umol/kg]
# name 14 = sbeox0PS: Oxygen, SBE 43 [% saturation]
# name 15 = sbeox1PS: Oxygen, SBE 43, 2 [% saturation]
# name 16 = v0: Voltage 0
# name 17 = flECO-AFL: Fluorescence, WET Labs ECO-AFL/FL [mg/m^3]
# name 18 = v1: Voltage 1
# name 19 = CStarAt0: Beam Attenuation, WET Labs C-Star [1/m]
# name 20 = par: PAR/Irradiance, Biospherical/Licor
# name 21 = scan: Scan Count
# name 22 = timeM: Time, Elapsed [minutes]
# name 23 = flag:  0.000e+00
# span 0 =      2.464,     45.002                 
# span 1 =   67.78290,   67.78294                 
# span 2 = -168.59750, -168.59740                 
# span 3 =      2.489,     45.461                 
# span 4 =     2.2539,     5.5342                 
# span 5 =     2.2189,     5.5472                 
# span 6 =     2.2522,     5.5320                 
# span 7 =    26.3141,    32.5375                 
# span 8 =    26.5043,    32.5505                 
# span 9 =  1020.9897,  1026.1047                 
# span 10 =    20.9729,    25.8942                
# span 11 =    219.979,    336.915                
# span 12 =    208.681,    321.150                
# span 13 =  312.94888,  346.43338                
# span 14 =     67.409,     99.577                
# span 15 =     63.954,     94.501                
# span 16 =     0.0794,     0.3419                
# span 17 =     0.1282,     1.7033                
# span 18 =     2.7228,     4.1783                
# span 19 =     0.4812,     2.1947                
# span 20 = 6.7730e-04, 2.9070e+02                
# span 21 =          1,       4111                
# span 22 =     0.0000,     2.8542                
# span 23 = 0.0000e+00, 0.0000e+00                
# interval = seconds: 0.0416667
# start_time = Sep 30 2023 01:27:32 [NMEA time, first data scan]
# bad_flag = -9.990e-29
*END*
[from data line 2778]
     32.410   67.78292 -168.59748     32.739     3.9899     4.1414     3.9878    31.8337    31.7113  1025.4224    25.2693    297.915    277.218  322.47623     92.384     86.202     0.1001     0.2527     3.9377     0.7184 1.0576e+00       2779     1.9292  0.000e+00
     32.410   67.78292 -168.59748     32.739     4.0278     4.1566     4.0257    31.8304    31.7191  1025.4160    25.2630    296.839    277.239  322.18759     92.132     86.246     0.1001     0.2527     3.9402     0.7160 1.0576e+00       2780     1.9299  0.000e+00
     32.456   67.78292 -168.59748     32.786     4.0616     4.1690     4.0595    31.8189    31.7310  1025.4038    25.2506    296.382    277.272  321.95125     92.058     86.290     0.1001     0.2527     3.9426     0.7135 1.0576e+00       2781     1.9306  0.000e+00
     32.464   67.78292 -168.59748     32.794     4.0886     4.1755     4.0865    31.8015    31.7407  1025.3873    25.2342    296.199    277.139  321.78280     92.049     86.268     0.1001     0.2527     3.9438     0.7122 1.0576e+00       2782     1.9312  0.000e+00
     32.510   67.78292 -168.59748     32.840     4.1074     4.1727     4.1053    31.7846    31.7500  1025.3723    25.2190    295.478    277.243  321.67669     91.856     86.301     0.1013     0.2601     3.9438     0.7122 1.0576e+00       2783     1.9319  0.000e+00
     32.463   67.78292 -168.59748     32.794     4.1213     4.1627     4.1192    31.7651    31.7558  1025.3553    25.2021    295.120    277.404  321.61568     91.762     86.334     0.1001     0.2527     3.9438     0.7122 1.0576e+00       2784     1.9326  0.000e+00
     32.525   67.78292 -168.59748     32.856     4.1291     4.1435     4.1269    31.7453    31.7627  1025.3391    25.1856    294.845    277.611  321.60335     91.680     86.362     0.1013     0.2601     3.9438     0.7122 1.0543e+00       2785     1.9333  0.000e+00
     32.510   67.78292 -168.59748     32.840     4.1291     4.1202     4.1269    31.7229    31.7649  1025.3212    25.1678    294.633    277.641  321.65768     91.598     86.325     0.1001     0.2527     3.9438     0.7122 1.0543e+00       2786     1.9340  0.000e+00
     32.525   67.78292 -168.59748     32.856     4.1183     4.0912     4.1162    31.7009    31.7660  1025.3049    25.1514    294.503    277.884  321.79436     91.519     86.340     0.1001     0.2527     3.9438     0.7122 1.0477e+00       2787     1.9347  0.000e+00
     32.579   67.78292 -168.59748     32.911     4.0970     4.0437     4.0949    31.6801    31.7766  1025.2907    25.1369    294.454    278.055  322.01146     91.442     86.301     0.1001     0.2527     3.9438     0.7122 1.0444e+00       2788     1.9354  0.000e+00
     32.571   67.78292 -168.59748     32.903     4.0694     3.9835     4.0673    31.6602    31.7886  1025.2775    25.1238    294.447    278.486  322.27543     91.365     86.316     0.1001     0.2527     3.9438     0.7122 1.0411e+00       2789     1.9361  0.000e+00
     32.579   67.78292 -168.59748     32.910     4.0395     3.9237     4.0374    31.6359    31.7929  1025.2611    25.1073    294.532    278.927  322.56847     91.308     86.330     0.1001     0.2527     3.9438     0.7122 1.0411e+00       2790     1.9368  0.000e+00
     32.625   67.78292 -168.59748     32.957     4.0047     3.8681     4.0026    31.6170    31.7912  1025.2497    25.0956    294.610    279.160  322.88683     91.243     86.284     0.1001     0.2527     3.9438     0.7122 1.0379e+00       2791     1.9375  0.000e+00
     32.579   67.78292 -168.59748     32.910     3.9663     3.8067     3.9642    31.6022    31.7943  1025.2414    25.0875    294.702    279.591  323.22444     91.176     86.290     0.1001     0.2527     3.9438     0.7122 1.0346e+00       2792     1.9382  0.000e+00
     32.641   67.78292 -168.59748     32.973     3.9211     3.7475     3.9190    31.5917    31.7995  1025.2378    25.0835    294.874    279.982  323.60532     91.121     86.290     0.1001     0.2527     3.9438     0.7122 1.0346e+00       2793     1.9389  0.000e+00
     32.625   67.78292 -168.59748     32.957     3.8730     3.7023     3.8710    31.5855    31.7970  1025.2373    25.0831    295.480    280.277  323.99951     91.198     86.283     0.0977     0.2381     3.9438     0.7122 1.0314e+00       2794     1.9396  0.000e+00
     32.695   67.78292 -168.59748     33.027     3.8215     3.6552     3.8194    31.5818    31.7954  1025.2396    25.0850    295.323    280.393  324.41571     91.032     86.219     0.0952     0.2234     3.9438     0.7122 1.0282e+00       2795     1.9403  0.000e+00
     32.679   67.78292 -168.59748     33.012     3.7684     3.6106     3.7664    31.5886    31.7886  1025.2499    25.0953    295.935    280.475  324.81897     91.108     86.146     0.0952     0.2234     3.9438     0.7122 1.0314e+00       2796     1.9410  0.000e+00
     32.695   67.78292 -168.59748     33.027     3.7226     3.5715     3.7206    31.5955    31.7817  1025.2597    25.1051    296.126    280.684  325.16585     91.069     86.123     0.0952     0.2234     3.9609     0.6949 1.0379e+00       2797     1.9417  0.000e+00
     32.695   67.78292 -168.59748     33.027     3.6785     3.5222     3.6765    31.5958    31.7889  1025.2640    25.1093    296.312    280.941  325.51543     91.029     86.103     0.0965     0.2308     4.0293     0.6265 1.0379e+00       2798     1.9424  0.000e+00
     32.679   67.78292 -168.59748     33.012     3.6325     3.4619     3.6305    31.5881    31.7989  1025.2621    25.1074    296.562    281.277  325.90099     90.998     86.085     0.0952     0.2234     4.0549     0.6011 1.0379e+00       2799     1.9431  0.000e+00
     32.756   67.78292 -168.59748     33.090     3.5857     3.4003     3.5837    31.5636    31.7961  1025.2472    25.0922    297.072    281.630  326.33511     91.033     86.060     0.0952     0.2234     4.0549     0.6011 1.0282e+00       2800     1.9438  0.000e+00
     32.756   67.78292 -168.59748     33.090     3.5297     3.3347     3.5277    31.5421    31.7966  1025.2353    25.0801    297.749    282.003  326.83642     91.100     86.036     0.0952     0.2234     4.0513     0.6047 1.0282e+00       2801     1.9444  0.000e+00
     32.795   67.78292 -168.59748     33.129     3.4680     3.2626     3.4660    31.5228    31.8058  1025.2256    25.0702    297.855    282.214  327.37908     90.982     85.954     0.0952     0.2234     4.0501     0.6059 1.0282e+00       2802     1.9451  0.000e+00
     32.756   67.78292 -168.59748     33.090     3.3977     3.1810     3.3958    31.5070    31.8276  1025.2191    25.0638    298.782    282.641  327.98414     91.096     85.925     0.0952     0.2234     4.0513     0.6047 1.0217e+00       2803     1.9458  0.000e+00
     32.795   67.78292 -168.59748     33.129     3.3194     3.0978     3.3175    31.5196    31.8381  1025.2362    25.0807    299.167    283.302  328.58565     91.047     85.956     0.0952     0.2234     4.0513     0.6047 1.0217e+00       2804     1.9465  0.000e+00
     32.810   67.78292 -168.59748     33.144     3.2442     3.0339     3.2423    31.5325    31.8241  1025.2531    25.0975    299.707    283.494  329.16235     91.052     85.869     0.0965     0.2308     4.0513     0.6047 1.0217e+00       2805     1.9472  0.000e+00
     32.810   67.78292 -168.59748     33.144     3.1722     2.9778     3.1704    31.5401    31.8099  1025.2655    25.1098    300.523    283.797  329.72815     91.143     85.833     0.0952     0.2234     4.0513     0.6047 1.0153e+00       2806     1.9479  0.000e+00
     32.857   67.78292 -168.59748     33.191     3.1053     2.9140     3.1034    31.5462    31.8059  1025.2763    25.1203    300.248    284.335  330.25895     90.913     85.857     0.0965     0.2308     4.0513     0.6047 1.0090e+00       2807     1.9486  0.000e+00
     32.864   67.78292 -168.59748     33.199     3.0395     2.8608     3.0377    31.5522    31.7940  1025.2866    25.1305    301.176    284.433  330.78126     91.050     85.766     0.0952     0.2234     4.0513     0.6047 1.0090e+00       2808     1.9493  0.000e+00
     32.911   67.78292 -168.59748     33.245     2.9711     2.7909     2.9693    31.5615    31.8043  1025.3000    25.1437    301.722    284.815  331.31863     91.067     85.738     0.0952     0.2234     4.0513     0.6047 1.0058e+00       2809     1.9500  0.000e+00
     32.864   67.78292 -168.59748     33.199     2.8977     2.7103     2.8959    31.5808    31.8211  1025.3213    25.1650    302.327    285.288  331.87393     91.097     85.720     0.0952     0.2234     4.0513     0.6047 1.0058e+00       2810     1.9507  0.000e+00
     32.926   67.78292 -168.59748     33.261     2.8311     2.6423     2.8294    31.5844    31.8310  1025.3299    25.1734    302.737    285.683  332.41382     91.072     85.700     0.0952     0.2234     4.0513     0.6047 1.0058e+00       2811     1.9514  0.000e+00
     32.911   67.78292 -168.59748     33.245     2.7641     2.5838     2.7623    31.5940    31.8361  1025.3430    25.1864    303.108    286.011  332.94436     91.039     85.676     0.0952     0.2234     4.0513     0.6047 1.0090e+00       2812     1.9521  0.000e+00
     32.980   67.78292 -168.59748     33.316     2.6982     2.5326     2.6964    31.6170    31.8404  1025.3669    25.2100    303.453    286.310  333.43290     91.009     85.659     0.0952     0.2234     4.0513     0.6047 1.0090e+00       2813     1.9528  0.000e+00
     32.980   67.78292 -168.59748     33.316     2.6416     2.4861     2.6399    31.6384    31.8453  1025.3886    25.2316    303.697    286.570  333.84874     90.968     85.641     0.0952     0.2234     4.0513     0.6047 1.0090e+00       2814     1.9535  0.000e+00
     32.972   67.78292 -168.59748     33.308     2.5933     2.4400     2.5916    31.6499    31.8487  1025.4015    25.2445    303.870    286.857  334.22218     90.918     85.630     0.0952     0.2234     4.0513     0.6047 1.0090e+00       2815     1.9542  0.000e+00
     32.980   67.78292 -168.59748     33.315     2.5496     2.3993     2.5479    31.6556    31.8481  1025.4095    25.2525    303.996    286.913  334.57217     90.861     85.559     0.0965     0.2308     4.0501     0.6059 1.0058e+00       2816     1.9549  0.000e+00
     33.026   67.78292 -168.59748     33.362     2.5070     2.3676     2.5053    31.6714    31.8493  1025.4258    25.2684    303.848    287.099  334.88809     90.731     85.547     0.0952     0.2234     4.0476     0.6083 1.0027e+00       2817     1.9556  0.000e+00
     33.042   67.78292 -168.59748     33.378     2.4694     2.3352     2.4677    31.6854    31.8557  1025.4399    25.2825    303.829    287.283  335.16700     90.650     85.537     0.0952     0.2234     4.0110     0.6447 1.0027e+00       2818     1.9563  0.000e+00
     33.042   67.78292 -168.59748     33.378     2.4355     2.3018     2.4338    31.6967    31.8616  1025.4516    25.2941    303.769    287.306  335.42318     90.563     85.476     0.0916     0.2015     3.9927     0.6630 9.9638e-01       2819     1.9569  0.000e+00
     33.088   67.78292 -168.59748     33.425     2.4042     2.2690     2.4026    31.7075    31.8703  1025.4628    25.3051    303.226    287.302  335.65787     90.338     85.410     0.0891     0.1868     3.9902     0.6654 9.9638e-01       2820     1.9576  0.000e+00
     33.096   67.78292 -168.59748     33.432     2.3707     2.2500     2.3690    31.7211    31.8675  1025.4763    25.3185    302.835    287.194  335.90547     90.155     85.335     0.0867     0.1721     3.9927     0.6630 9.9638e-01       2821     1.9583  0.000e+00
     33.096   67.78292 -168.59748     33.432     2.3359     2.2373     2.3342    31.7441    31.8663  1025.4973    25.3395    302.124    287.016  336.13939     89.881     85.254     0.0879     0.1795     3.9927     0.6630 9.9325e-01       2822     1.9590  0.000e+00
     33.142   67.78292 -168.59748     33.479     2.3054     2.2235     2.3037    31.7730    31.8709  1025.5229    25.3649    301.472    286.821  336.32275     89.638     85.170     0.0879     0.1795     3.9927     0.6630 9.9012e-01       2823     1.9597  0.000e+00
     33.157   67.78292 -168.59748     33.495     2.2841     2.2189     2.2824    31.7982    31.8734  1025.5448    25.3867    300.708    286.567  336.43742     89.380     85.087     0.0879     0.1795     3.9927     0.6630 9.9012e-01       2824     1.9604  0.000e+00
     33.142   67.78292 -168.59748     33.479     2.2695     2.2225     2.2679    31.8179    31.8786  1025.5615    25.4035    300.087    286.229  336.50997     89.176     84.997     0.0879     0.1795     3.9927     0.6630 9.9012e-01       2825     1.9611  0.000e+00
     33.211   67.78292 -168.59748     33.549     2.2599     2.2265     2.2583    31.8337    31.8845  1025.5752    25.4169    299.135    285.880  336.55018     88.883     84.906     0.0879     0.1795     3.9927     0.6630 9.9012e-01       2826     1.9618  0.000e+00
     33.211   67.78292 -168.59748     33.549     2.2543     2.2361     2.2526    31.8562    31.8865  1025.5936    25.4352    297.912    285.282  336.54000     88.522     84.750     0.0891     0.1868     3.9927     0.6630 9.9325e-01       2827     1.9625  0.000e+00
     33.196   67.78292 -168.59748     33.534     2.2539     2.2663     2.2522    31.8981    31.8854  1025.6271    25.4688    296.761    284.721  336.43578     88.207     84.647     0.0879     0.1795     3.9927     0.6630 9.8391e-01       2828     1.9632  0.000e+00
     33.265   67.78292 -168.59748     33.604     2.2631     2.2978     2.2614    31.9356    31.8979  1025.6567    25.4981    295.179    284.120  336.26171     87.783     84.543     0.0879     0.1795     3.9927     0.6630 9.8081e-01       2829     1.9639  0.000e+00
     33.265   67.78292 -168.59748     33.604     2.2798     2.3194     2.2781    31.9592    31.9184  1025.6743    25.5157    293.731    283.374  336.05991     87.404     84.380     0.0879     0.1795     3.9927     0.6630 9.7773e-01       2830     1.9646  0.000e+00
     33.312   67.78292 -168.59748     33.651     2.2979     2.3533     2.2962    31.9882    31.9290  1025.6963    25.5375    292.281    282.505  335.83324     87.032     84.200     0.0879     0.1795     3.9927     0.6630 9.7773e-01       2831     1.9653  0.000e+00
     33.327   67.78292 -168.59748     33.666     2.3205     2.3978     2.3188    32.0218    31.9394  1025.7215    25.5627    290.470    281.531  335.55708     86.564     84.009     0.0879     0.1795     3.9927     0.6630 9.7773e-01       2832     1.9660  0.000e+00
     33.312   67.78292 -168.59748     33.650     2.3488     2.4502     2.3471    32.0536    31.9516  1025.7448    25.5860    288.794    280.471  335.23770     86.146     83.811     0.0879     0.1795     3.9927     0.6630 9.7773e-01       2833     1.9667  0.000e+00
     33.327   67.78292 -168.59748     33.666     2.3828     2.4940     2.3811    32.0757    31.9705  1025.7598    25.6011    286.867    279.448  334.89541     85.659     83.608     0.0879     0.1795     3.9927     0.6630 9.7465e-01       2834     1.9674  0.000e+00
     33.381   67.78292 -168.59748     33.721     2.4193     2.5279     2.4175    32.0827    31.9866  1025.7629    25.6039    284.919    278.469  334.57234     85.159     83.396     0.0879     0.1795     3.9927     0.6630 9.7465e-01       2835     1.9681  0.000e+00
     33.427   67.78292 -168.59748     33.767     2.4535     2.5506     2.4517    32.0818    32.0013  1025.7597    25.6005    283.196    277.563  334.28869     84.716     83.181     0.0879     0.1795     3.9939     0.6618 9.7158e-01       2836     1.9688  0.000e+00
     33.381   67.78292 -168.59748     33.721     2.4836     2.5696     2.4819    32.0871    32.0132  1025.7614    25.6025    281.270    276.649  334.02311     84.207     82.954     0.0879     0.1795     3.9927     0.6630 9.7158e-01       2837     1.9694  0.000e+00
