EcoFOCI/data/1_SampleCollection/2023_SikuliaqDBO_CruiseData/CTD_raw_BottleFile_SKQ23-12S/proc/skq202312s_073.cnv
* Sea-Bird SBE 9 Data File:
* FileName = D:\CTD\SKQ202312S\SKQ202312S_073.hex
* Software Version Seasave V 7.26.7.121
* Temperature SN = 6177
* Conductivity SN = 0369
* Number of Bytes Per Scan = 41
* Number of Voltage Words = 4
* Number of Scans Averaged by the Deck Unit = 1
* NMEA Latitude = 67 54.34 N
* NMEA Longitude = 168 10.75 W
* NMEA UTC (Time) = Oct 01 2023  20:50:17
* NMEA baud rate = 4800
** Ship: R/V Sikuliaq
** Station Number: 073
** Station Name: C12
** Bottom Depth: 58
** Operator: SD
** Mooring C12
# nquan = 24
# nvalues = 4215                                  
# units = specified
# name 0 = depSM: Depth [salt water, m]
# name 1 = latitude: Latitude [deg]
# name 2 = longitude: Longitude [deg]
# name 3 = prDM: Pressure, Digiquartz [db]
# name 4 = t090C: Temperature [ITS-90, deg C]
# name 5 = t190C: Temperature, 2 [ITS-90, deg C]
# name 6 = potemp090C: Potential Temperature [ITS-90, deg C]
# name 7 = sal00: Salinity, Practical [PSU]
# name 8 = sal11: Salinity, Practical, 2 [PSU]
# name 9 = density00: Density [density, kg/m^3]
# name 10 = sigma-é00: Density [sigma-theta, kg/m^3]
# name 11 = sbox0Mm/Kg: Oxygen, SBE 43 [umol/kg]
# name 12 = sbox1Mm/Kg: Oxygen, SBE 43, 2 [umol/kg]
# name 13 = oxsolMm/Kg: Oxygen Saturation, Garcia & Gordon [umol/kg]
# name 14 = sbeox0PS: Oxygen, SBE 43 [% saturation]
# name 15 = sbeox1PS: Oxygen, SBE 43, 2 [% saturation]
# name 16 = v0: Voltage 0
# name 17 = flECO-AFL: Fluorescence, WET Labs ECO-AFL/FL [mg/m^3]
# name 18 = v1: Voltage 1
# name 19 = CStarAt0: Beam Attenuation, WET Labs C-Star [1/m]
# name 20 = par: PAR/Irradiance, Biospherical/Licor
# name 21 = scan: Scan Count
# name 22 = timeM: Time, Elapsed [minutes]
# name 23 = flag:  0.000e+00
# span 0 =      2.262,     53.673                 
# span 1 =   67.90534,   67.90552                 
# span 2 = -168.17942, -168.17918                 
# span 3 =      2.285,     54.223                 
# span 4 =     2.6735,     4.8323                 
# span 5 =     2.6498,     4.8608                 
# span 6 =     2.6719,     4.8310                 
# span 7 =    28.4800,    32.5035                 
# span 8 =    28.5093,    32.5154                 
# span 9 =  1022.6321,  1026.1524                 
# span 10 =    22.6175,    25.8990                
# span 11 =    189.263,    317.720                
# span 12 =    184.731,    303.337                
# span 13 =  318.83058,  332.73621                
# span 14 =     57.473,     95.806                
# span 15 =     56.103,     91.418                
# span 16 =     0.0720,     0.4005                
# span 17 =     0.0842,     2.0549                
# span 18 =     2.3944,     4.1587                
# span 19 =     0.5000,     2.7091                
# span 20 = 1.0000e-12, 1.5922e+02                
# span 21 =          1,       4215                
# span 22 =     0.0000,     2.9264                
# span 23 = 0.0000e+00, 0.0000e+00                
# interval = seconds: 0.0416667
# start_time = Oct 01 2023 20:53:49 [NMEA time, first data scan]
# bad_flag = -9.990e-29
*END*
[from data line 4106]
     53.212   67.90536 -168.17920     53.756     2.9283     2.9295     2.9253    32.5024    32.5144  1026.1505    25.8981    198.359    188.852  329.30779     60.235     57.355     0.0940     0.2161     2.4078     2.6868 1.0000e-12       4107     2.8514  0.000e+00
     53.158   67.90536 -168.17920     53.702     2.9286     2.9293     2.9256    32.5021    32.5148  1026.1499    25.8978    198.778    188.670  329.30641     60.363     57.299     0.0952     0.2234     2.4066     2.6888 1.0000e-12       4108     2.8521  0.000e+00
     53.212   67.90536 -168.17920     53.756     2.9283     2.9295     2.9253    32.5025    32.5142  1026.1505    25.8981    198.803    188.682  329.30809     60.370     57.303     0.0940     0.2161     2.4078     2.6868 1.0000e-12       4109     2.8528  0.000e+00
     53.212   67.90536 -168.17920     53.756     2.9287     2.9293     2.9256    32.5024    32.5145  1026.1505    25.8980    198.388    188.691  329.30518     60.244     57.306     0.0952     0.2234     2.4078     2.6868 8.4714e-06       4110     2.8535  0.000e+00
     53.212   67.90534 -168.17920     53.756     2.9284     2.9293     2.9254    32.5026    32.5145  1026.1506    25.8982    198.349    188.697  329.30638     60.232     57.308     0.0965     0.2308     2.4066     2.6888 1.0000e-12       4111     2.8542  0.000e+00
     53.158   67.90534 -168.17920     53.702     2.9286     2.9293     2.9256    32.5026    32.5145  1026.1503    25.8982    198.313    188.894  329.30520     60.222     57.368     0.0952     0.2234     2.4066     2.6888 1.0000e-12       4112     2.8549  0.000e+00
     53.212   67.90534 -168.17920     53.756     2.9285     2.9294     2.9255    32.5027    32.5136  1026.1507    25.8983    198.725    188.919  329.30578     60.347     57.375     0.0952     0.2234     2.4078     2.6868 8.4714e-06       4113     2.8556  0.000e+00
     53.212   67.90534 -168.17920     53.756     2.9286     2.9295     2.9256    32.5025    32.5143  1026.1505    25.8981    198.551    188.936  329.30548     60.294     57.380     0.0952     0.2234     2.4066     2.6888 1.0000e-12       4114     2.8563  0.000e+00
     53.212   67.90534 -168.17920     53.756     2.9286     2.9294     2.9256    32.5028    32.5145  1026.1507    25.8983    198.603    188.950  329.30477     60.310     57.385     0.0952     0.2234     2.4066     2.6888 1.0000e-12       4115     2.8569  0.000e+00
     53.212   67.90534 -168.17920     53.756     2.9287     2.9295     2.9256    32.5023    32.5144  1026.1504    25.8979    198.843    188.960  329.30548     60.382     57.388     0.0952     0.2234     2.4066     2.6888 1.0000e-12       4116     2.8576  0.000e+00
     53.158   67.90534 -168.17920     53.702     2.9284     2.9294     2.9254    32.5025    32.5139  1026.1503    25.8981    198.426    188.967  329.30681     60.256     57.390     0.0952     0.2234     2.4078     2.6868 1.0000e-12       4117     2.8583  0.000e+00
     53.212   67.90534 -168.17920     53.756     2.9288     2.9295     2.9257    32.5023    32.5141  1026.1503    25.8979    198.419    188.970  329.30467     60.254     57.391     0.0940     0.2161     2.4066     2.6888 1.0000e-12       4118     2.8590  0.000e+00
     53.158   67.90534 -168.17920     53.702     2.9287     2.9295     2.9256    32.5027    32.5141  1026.1504    25.8983    198.379    188.968  329.30440     60.242     57.390     0.0952     0.2234     2.4005     2.6990 1.0000e-12       4119     2.8597  0.000e+00
     53.212   67.90534 -168.17920     53.756     2.9288     2.9295     2.9257    32.5022    32.5147  1026.1503    25.8978    198.822    189.160  329.30488     60.376     57.449     0.0965     0.2308     2.3956     2.7071 1.0000e-12       4120     2.8604  0.000e+00
     53.158   67.90534 -168.17920     53.702     2.9284     2.9295     2.9254    32.5029    32.5146  1026.1506    25.8984    198.679    189.172  329.30581     60.333     57.452     0.0952     0.2234     2.3944     2.7091 8.4714e-06       4121     2.8611  0.000e+00
     53.158   67.90534 -168.17920     53.702     2.9288     2.9295     2.9257    32.5025    32.5145  1026.1503    25.8981    198.686    189.180  329.30410     60.335     57.455     0.0952     0.2234     2.3944     2.7091 1.0000e-12       4122     2.8618  0.000e+00
     53.158   67.90534 -168.17920     53.702     2.9287     2.9296     2.9256    32.5027    32.5145  1026.1504    25.8982    198.918    189.184  329.30450     60.405     57.456     0.0952     0.2234     2.3956     2.7071 1.0000e-12       4123     2.8625  0.000e+00
     53.212   67.90534 -168.17920     53.756     2.9286     2.9299     2.9256    32.5030    32.5143  1026.1510    25.8985    198.529    189.183  329.30407     60.288     57.456     0.0952     0.2234     2.3944     2.7091 8.4714e-06       4124     2.8632  0.000e+00
     53.158   67.90534 -168.17920     53.702     2.9288     2.9298     2.9257    32.5027    32.5143  1026.1504    25.8982    198.510    189.200  329.30360     60.282     57.461     0.0940     0.2161     2.3944     2.7091 1.0000e-12       4125     2.8639  0.000e+00
     53.158   67.90534 -168.17920     53.702     2.9288     2.9300     2.9257    32.5027    32.5140  1026.1504    25.8982    198.570    189.387  329.30360     60.300     57.518     0.0952     0.2234     2.3944     2.7091 1.0000e-12       4126     2.8646  0.000e+00
     53.158   67.90534 -168.17920     53.702     2.9289     2.9297     2.9258    32.5023    32.5142  1026.1501    25.8979    198.820    189.395  329.30370     60.376     57.520     0.0940     0.2161     2.3956     2.7071 1.0000e-12       4127     2.8653  0.000e+00
     53.212   67.90534 -168.17920     53.756     2.9288     2.9298     2.9257    32.5026    32.5140  1026.1506    25.8982    198.856    189.422  329.30387     60.387     57.528     0.0952     0.2234     2.3944     2.7091 1.0000e-12       4128     2.8660  0.000e+00
     53.158   67.90534 -168.17920     53.702     2.9288     2.9295     2.9257    32.5024    32.5143  1026.1502    25.8980    198.892    189.419  329.30430     60.398     57.527     0.0965     0.2308     2.3956     2.7071 1.0000e-12       4129     2.8667  0.000e+00
     53.158   67.90534 -168.17920     53.702     2.9290     2.9296     2.9260    32.5022    32.5144  1026.1500    25.8978    198.967    189.434  329.30279     60.421     57.532     0.0952     0.2234     2.3944     2.7091 8.4714e-06       4130     2.8674  0.000e+00
     53.158   67.90534 -168.17920     53.702     2.9288     2.9300     2.9257    32.5025    32.5139  1026.1502    25.8981    198.976    189.443  329.30420     60.423     57.535     0.0952     0.2234     2.3956     2.7071 1.0000e-12       4131     2.8681  0.000e+00
     53.158   67.90534 -168.17920     53.702     2.9288     2.9298     2.9257    32.5023    32.5141  1026.1501    25.8980    198.985    189.450  329.30450     60.426     57.537     0.0940     0.2161     2.3956     2.7071 8.4714e-06       4132     2.8687  0.000e+00
     53.158   67.90534 -168.17920     53.702     2.9288     2.9298     2.9257    32.5024    32.5146  1026.1502    25.8980    199.032    189.450  329.30430     60.440     57.537     0.0940     0.2161     2.3944     2.7091 1.0000e-12       4133     2.8694  0.000e+00
     53.158   67.90534 -168.17920     53.701     2.9289     2.9297     2.9258    32.5027    32.5145  1026.1504    25.8982    199.081    189.447  329.30279     60.455     57.536     0.0940     0.2161     2.3956     2.7071 1.0000e-12       4134     2.8701  0.000e+00
     53.158   67.90534 -168.17920     53.701     2.9288     2.9300     2.9257    32.5025    32.5137  1026.1503    25.8981    199.098    189.438  329.30400     60.460     57.533     0.0940     0.2161     2.3944     2.7091 8.4714e-06       4135     2.8708  0.000e+00
     53.096   67.90534 -168.17920     53.639     2.9288     2.9297     2.9257    32.5026    32.5143  1026.1501    25.8982    199.114    189.619  329.30381     60.465     57.588     0.0940     0.2161     2.3944     2.7091 8.4714e-06       4136     2.8715  0.000e+00
     53.212   67.90534 -168.17920     53.756     2.9286     2.9295     2.9256    32.5024    32.5144  1026.1504    25.8980    199.175    189.627  329.30568     60.483     57.590     0.0940     0.2161     2.3944     2.7091 8.4714e-06       4137     2.8722  0.000e+00
     53.096   67.90534 -168.17920     53.639     2.9288     2.9295     2.9257    32.5023    32.5141  1026.1498    25.8980    199.230    189.450  329.30452     60.500     57.537     0.0952     0.2234     2.3944     2.7091 8.4714e-06       4138     2.8729  0.000e+00
     53.158   67.90534 -168.17920     53.701     2.9288     2.9293     2.9257    32.5022    32.5146  1026.1500    25.8979    199.257    189.644  329.30480     60.508     57.595     0.0940     0.2161     2.4029     2.6949 1.0000e-12       4139     2.8736  0.000e+00
     53.158   67.90534 -168.17920     53.701     2.9286     2.9293     2.9256    32.5025    32.5143  1026.1503    25.8981    199.284    189.657  329.30530     60.516     57.599     0.0952     0.2234     2.4164     2.6726 1.0000e-12       4140     2.8743  0.000e+00
     53.096   67.90534 -168.17920     53.639     2.9288     2.9293     2.9257    32.5026    32.5146  1026.1500    25.8982    199.309    189.664  329.30381     60.524     57.602     0.0940     0.2161     2.4200     2.6665 8.4714e-06       4141     2.8750  0.000e+00
     53.158   67.90534 -168.17920     53.701     2.9289     2.9295     2.9259    32.5019    32.5141  1026.1498    25.8976    199.122    189.669  329.30430     60.467     57.603     0.0952     0.2234     2.4188     2.6685 8.4714e-06       4142     2.8757  0.000e+00
     53.158   67.90534 -168.17920     53.701     2.9288     2.9291     2.9257    32.5024    32.5148  1026.1502    25.8980    199.119    189.473  329.30430     60.466     57.543     0.0940     0.2161     2.4188     2.6685 8.4714e-06       4143     2.8764  0.000e+00
     53.158   67.90534 -168.17920     53.701     2.9288     2.9293     2.9257    32.5023    32.5146  1026.1501    25.8979    199.119    189.445  329.30470     60.466     57.535     0.0940     0.2161     2.4188     2.6685 8.4714e-06       4144     2.8771  0.000e+00
     53.158   67.90534 -168.17920     53.701     2.9287     2.9293     2.9256    32.5024    32.5144  1026.1502    25.8980    199.560    189.414  329.30520     60.600     57.525     0.0940     0.2161     2.4188     2.6685 8.4714e-06       4145     2.8778  0.000e+00
     53.096   67.90534 -168.17920     53.639     2.9286     2.9293     2.9256    32.5026    32.5142  1026.1501    25.8982    199.414    189.573  329.30512     60.556     57.574     0.0940     0.2161     2.4188     2.6685 8.4714e-06       4146     2.8785  0.000e+00
     53.273   67.90534 -168.17920     53.818     2.9288     2.9292     2.9257    32.5025    32.5143  1026.1508    25.8981    199.457    189.585  329.30405     60.569     57.577     0.0952     0.2234     2.4188     2.6685 1.0000e-12       4147     2.8792  0.000e+00
     53.157   67.90534 -168.17920     53.701     2.9285     2.9293     2.9255    32.5030    32.5145  1026.1507    25.8985    199.496    189.560  329.30510     60.581     57.570     0.0940     0.2161     2.4188     2.6685 1.0000e-12       4148     2.8799  0.000e+00
     53.211   67.90534 -168.17920     53.756     2.9286     2.9292     2.9256    32.5022    32.5145  1026.1503    25.8979    199.541    189.536  329.30608     60.594     57.562     0.0940     0.2161     2.4188     2.6685 8.4714e-06       4149     2.8806  0.000e+00
     53.211   67.90534 -168.17920     53.756     2.9286     2.9293     2.9256    32.5024    32.5145  1026.1504    25.8980    200.024    189.529  329.30578     60.741     57.560     0.0940     0.2161     2.4188     2.6685 1.0000e-12       4150     2.8813  0.000e+00
     53.211   67.90534 -168.17920     53.756     2.9288     2.9292     2.9257    32.5026    32.5144  1026.1506    25.8982    199.479    189.519  329.30387     60.576     57.557     0.0940     0.2161     2.4188     2.6685 1.0000e-12       4151     2.8819  0.000e+00
     53.211   67.90534 -168.17920     53.756     2.9288     2.9293     2.9257    32.5026    32.5142  1026.1506    25.8982    199.233    189.700  329.30387     60.501     57.612     0.0928     0.2088     2.4188     2.6685 1.0000e-12       4152     2.8826  0.000e+00
     53.157   67.90534 -168.17920     53.701     2.9288     2.9291     2.9257    32.5023    32.5149  1026.1501    25.8979    199.355    189.703  329.30470     60.538     57.613     0.0940     0.2161     2.4188     2.6685 1.0000e-12       4153     2.8833  0.000e+00
     53.157   67.90534 -168.17920     53.701     2.9285     2.9292     2.9255    32.5028    32.5142  1026.1505    25.8983    199.295    189.506  329.30560     60.520     57.553     0.0928     0.2088     2.4188     2.6685 8.4714e-06       4154     2.8840  0.000e+00
     53.157   67.90534 -168.17920     53.701     2.9286     2.9293     2.9256    32.5029    32.5144  1026.1506    25.8984    199.308    189.478  329.30450     60.524     57.545     0.0940     0.2161     2.4188     2.6685 1.0000e-12       4155     2.8847  0.000e+00
     53.096   67.90534 -168.17920     53.639     2.9288     2.9293     2.9257    32.5023    32.5141  1026.1498    25.8979    199.249    189.469  329.30472     60.506     57.542     0.0952     0.2234     2.4188     2.6685 1.0000e-12       4156     2.8854  0.000e+00
     53.096   67.90534 -168.17920     53.639     2.9287     2.9291     2.9256    32.5027    32.5144  1026.1501    25.8982    199.265    189.631  329.30452     60.511     57.591     0.0940     0.2161     2.4188     2.6685 8.4714e-06       4157     2.8861  0.000e+00
     53.096   67.90534 -168.17920     53.639     2.9288     2.9293     2.9257    32.5025    32.5144  1026.1500    25.8981    199.284    189.614  329.30402     60.517     57.586     0.0977     0.2381     2.4176     2.6706 1.0000e-12       4158     2.8868  0.000e+00
     53.042   67.90534 -168.17918     53.584     2.9288     2.9292     2.9257    32.5024    32.5145  1026.1496    25.8980    199.012    189.396  329.30435     60.434     57.520     0.0977     0.2381     2.4261     2.6564 8.4714e-06       4159     2.8875  0.000e+00
     53.096   67.90534 -168.17918     53.639     2.9285     2.9291     2.9255    32.5027    32.5147  1026.1502    25.8983    198.929    189.349  329.30572     60.408     57.506     0.0989     0.2454     2.4469     2.6223 8.4714e-06       4160     2.8882  0.000e+00
     53.096   67.90534 -168.17918     53.639     2.9289     2.9292     2.9259    32.5023    32.5147  1026.1498    25.8979    199.062    189.517  329.30382     60.449     57.557     0.0977     0.2381     2.4554     2.6084 1.0000e-12       4161     2.8889  0.000e+00
     53.096   67.90534 -168.17918     53.639     2.9284     2.9291     2.9254    32.5028    32.5148  1026.1502    25.8983    198.870    189.509  329.30602     60.391     57.554     0.0977     0.2381     2.4554     2.6084 1.0000e-12       4162     2.8896  0.000e+00
     53.096   67.90534 -168.17918     53.639     2.9288     2.9293     2.9257    32.5020    32.5146  1026.1495    25.8977    199.045    189.496  329.30542     60.444     57.550     0.0977     0.2381     2.4542     2.6104 1.0000e-12       4163     2.8903  0.000e+00
     53.211   67.90534 -168.17918     53.756     2.9287     2.9293     2.9256    32.5026    32.5144  1026.1506    25.8982    199.042    189.483  329.30477     60.443     57.546     0.0977     0.2381     2.4542     2.6104 1.0000e-12       4164     2.8910  0.000e+00
     53.095   67.90534 -168.17918     53.639     2.9284     2.9292     2.9254    32.5028    32.5147  1026.1502    25.8983    199.073    189.460  329.30602     60.452     57.539     0.0989     0.2454     2.4542     2.6104 1.0000e-12       4165     2.8917  0.000e+00
     53.211   67.90534 -168.17918     53.756     2.9286     2.9292     2.9256    32.5026    32.5147  1026.1506    25.8981    199.037    189.439  329.30527     60.441     57.533     0.0977     0.2381     2.4542     2.6104 1.0000e-12       4166     2.8924  0.000e+00
