EcoFOCI/data/1_SampleCollection/2023_SikuliaqDBO_CruiseData/CTD_raw_BottleFile_SKQ23-12S/proc/skq202312s_039svp.cnv
* Sea-Bird SBE 9 Data File:
* FileName = D:\CTD\SKQ202312S\SKQ202312S_039.hex
* Software Version Seasave V 7.26.7.121
* Temperature SN = 6177
* Conductivity SN = 0369
* Number of Bytes Per Scan = 41
* Number of Voltage Words = 4
* Number of Scans Averaged by the Deck Unit = 1
* NMEA Latitude = 71 19.31 N
* NMEA Longitude = 160 39.09 W
* NMEA UTC (Time) = Sep 23 2023  11:49:51
* NMEA baud rate = 4800
** Ship: R/V Sikuliaq
** Station Number: 039
** Station Name: DBO4.2n
** Bottom Depth: 48
** Operator: SD
# nquan = 7
# nvalues = 5872                                  
# units = specified
# name 0 = depSM: Depth [salt water, m]
# name 1 = latitude: Latitude [deg]
# name 2 = longitude: Longitude [deg]
# name 3 = t090C: Temperature [ITS-90, deg C]
# name 4 = sal00: Salinity, Practical [PSU]
# name 5 = svCM: Sound Velocity [Chen-Millero, m/s]
# name 6 = flag:  0.000e+00
# span 0 =      2.663,     43.060                 
# span 1 =   71.32186,   71.32190                 
# span 2 = -160.65154, -160.65148                 
# span 3 =    -1.6695,     2.5696                 
# span 4 =    27.5123,    32.6614                 
# span 5 =    1438.64,    1451.04                 
# span 6 = 0.0000e+00, 0.0000e+00                 
# interval = seconds: 0.0416667
# start_time = Sep 23 2023 11:54:34 [NMEA time, first data scan]
# bad_flag = -9.990e-29
*END*
[from data line 5129]
     42.722   71.32188 -160.65152    -1.6687    32.6604    1438.84  0.000e+00
     42.715   71.32188 -160.65152    -1.6687    32.6607    1438.84  0.000e+00
     42.722   71.32188 -160.65152    -1.6684    32.6603    1438.84  0.000e+00
     42.776   71.32188 -160.65152    -1.6687    32.6606    1438.84  0.000e+00
     42.776   71.32188 -160.65152    -1.6687    32.6605    1438.84  0.000e+00
     42.715   71.32188 -160.65152    -1.6685    32.6606    1438.84  0.000e+00
     42.776   71.32188 -160.65152    -1.6687    32.6606    1438.84  0.000e+00
     42.776   71.32188 -160.65152    -1.6687    32.6608    1438.84  0.000e+00
     42.776   71.32188 -160.65152    -1.6687    32.6609    1438.84  0.000e+00
     42.830   71.32188 -160.65152    -1.6687    32.6607    1438.84  0.000e+00
     42.722   71.32188 -160.65152    -1.6687    32.6604    1438.84  0.000e+00
     42.838   71.32188 -160.65152    -1.6687    32.6603    1438.84  0.000e+00
     42.776   71.32188 -160.65152    -1.6687    32.6607    1438.84  0.000e+00
     42.838   71.32188 -160.65152    -1.6687    32.6607    1438.84  0.000e+00
     42.830   71.32188 -160.65152    -1.6685    32.6606    1438.84  0.000e+00
     42.776   71.32188 -160.65152    -1.6688    32.6610    1438.84  0.000e+00
     42.892   71.32188 -160.65152    -1.6684    32.6604    1438.85  0.000e+00
     42.838   71.32188 -160.65152    -1.6685    32.6604    1438.84  0.000e+00
     42.830   71.32188 -160.65152    -1.6687    32.6609    1438.84  0.000e+00
     42.838   71.32188 -160.65152    -1.6685    32.6605    1438.84  0.000e+00
     42.892   71.32188 -160.65152    -1.6685    32.6607    1438.85  0.000e+00
     42.838   71.32188 -160.65152    -1.6684    32.6601    1438.85  0.000e+00
     42.838   71.32188 -160.65152    -1.6685    32.6605    1438.84  0.000e+00
     42.884   71.32188 -160.65152    -1.6685    32.6605    1438.85  0.000e+00
     42.892   71.32188 -160.65152    -1.6685    32.6606    1438.85  0.000e+00
     42.838   71.32188 -160.65152    -1.6685    32.6604    1438.84  0.000e+00
     42.892   71.32188 -160.65152    -1.6685    32.6605    1438.85  0.000e+00
     42.884   71.32188 -160.65152    -1.6684    32.6605    1438.85  0.000e+00
     42.892   71.32188 -160.65152    -1.6682    32.6603    1438.85  0.000e+00
     42.892   71.32188 -160.65152    -1.6684    32.6606    1438.85  0.000e+00
     42.892   71.32188 -160.65152    -1.6684    32.6609    1438.85  0.000e+00
     42.892   71.32188 -160.65152    -1.6684    32.6604    1438.85  0.000e+00
     42.946   71.32188 -160.65152    -1.6684    32.6605    1438.85  0.000e+00
     42.892   71.32188 -160.65152    -1.6685    32.6604    1438.85  0.000e+00
     42.891   71.32188 -160.65152    -1.6684    32.6605    1438.85  0.000e+00
     42.891   71.32188 -160.65152    -1.6684    32.6604    1438.85  0.000e+00
     42.884   71.32188 -160.65152    -1.6682    32.6601    1438.85  0.000e+00
     42.891   71.32188 -160.65152    -1.6682    32.6605    1438.85  0.000e+00
     42.953   71.32188 -160.65152    -1.6684    32.6605    1438.85  0.000e+00
     42.891   71.32188 -160.65152    -1.6684    32.6604    1438.85  0.000e+00
     42.891   71.32188 -160.65152    -1.6684    32.6606    1438.85  0.000e+00
     42.884   71.32188 -160.65152    -1.6682    32.6607    1438.85  0.000e+00
     42.891   71.32188 -160.65152    -1.6684    32.6608    1438.85  0.000e+00
     42.891   71.32188 -160.65152    -1.6679    32.6606    1438.85  0.000e+00
     42.953   71.32188 -160.65152    -1.6679    32.6603    1438.85  0.000e+00
     42.884   71.32188 -160.65152    -1.6678    32.6601    1438.85  0.000e+00
     42.891   71.32188 -160.65152    -1.6676    32.6607    1438.85  0.000e+00
     42.891   71.32188 -160.65152    -1.6676    32.6599    1438.85  0.000e+00
     42.837   71.32188 -160.65152    -1.6676    32.6605    1438.85  0.000e+00
     42.953   71.32188 -160.65152    -1.6675    32.6601    1438.85  0.000e+00
     42.830   71.32188 -160.65152    -1.6673    32.6600    1438.85  0.000e+00
     42.891   71.32188 -160.65152    -1.6675    32.6601    1438.85  0.000e+00
     42.891   71.32188 -160.65152    -1.6673    32.6599    1438.85  0.000e+00
     42.837   71.32188 -160.65152    -1.6675    32.6601    1438.85  0.000e+00
     42.883   71.32188 -160.65152    -1.6676    32.6604    1438.85  0.000e+00
     42.837   71.32188 -160.65152    -1.6675    32.6605    1438.85  0.000e+00
     42.837   71.32188 -160.65152    -1.6676    32.6612    1438.85  0.000e+00
     42.891   71.32188 -160.65152    -1.6675    32.6607    1438.85  0.000e+00
     42.837   71.32188 -160.65152    -1.6675    32.6607    1438.85  0.000e+00
     42.829   71.32188 -160.65152    -1.6676    32.6607    1438.85  0.000e+00
     42.837   71.32188 -160.65152    -1.6675    32.6602    1438.85  0.000e+00
     42.775   71.32188 -160.65152    -1.6673    32.6601    1438.85  0.000e+00
     42.837   71.32188 -160.65152    -1.6676    32.6605    1438.85  0.000e+00
     42.829   71.32188 -160.65152    -1.6673    32.6604    1438.85  0.000e+00
     42.775   71.32188 -160.65152    -1.6673    32.6598    1438.85  0.000e+00
     42.775   71.32188 -160.65152    -1.6673    32.6607    1438.85  0.000e+00
     42.837   71.32188 -160.65152    -1.6673    32.6612    1438.85  0.000e+00
     42.775   71.32188 -160.65152    -1.6671    32.6603    1438.85  0.000e+00
     42.768   71.32188 -160.65152    -1.6670    32.6601    1438.85  0.000e+00
     42.721   71.32188 -160.65152    -1.6671    32.6600    1438.85  0.000e+00
     42.775   71.32188 -160.65152    -1.6672    32.6600    1438.85  0.000e+00
     42.775   71.32188 -160.65152    -1.6675    32.6602    1438.85  0.000e+00
     42.713   71.32188 -160.65152    -1.6673    32.6604    1438.85  0.000e+00
     42.721   71.32188 -160.65152    -1.6675    32.6606    1438.85  0.000e+00
     42.775   71.32188 -160.65152    -1.6675    32.6602    1438.85  0.000e+00
     42.721   71.32188 -160.65152    -1.6673    32.6600    1438.85  0.000e+00
     42.667   71.32188 -160.65152    -1.6676    32.6605    1438.85  0.000e+00
     42.713   71.32188 -160.65152    -1.6676    32.6601    1438.85  0.000e+00
     42.721   71.32188 -160.65152    -1.6676    32.6601    1438.85  0.000e+00
     42.667   71.32188 -160.65152    -1.6676    32.6601    1438.85  0.000e+00
     42.721   71.32188 -160.65152    -1.6678    32.6606    1438.85  0.000e+00
     42.659   71.32188 -160.65152    -1.6679    32.6607    1438.85  0.000e+00
     42.667   71.32188 -160.65152    -1.6681    32.6612    1438.85  0.000e+00
     42.667   71.32188 -160.65152    -1.6678    32.6604    1438.85  0.000e+00
     42.667   71.32188 -160.65152    -1.6679    32.6603    1438.84  0.000e+00
     42.659   71.32188 -160.65152    -1.6678    32.6602    1438.85  0.000e+00
     42.667   71.32188 -160.65152    -1.6678    32.6602    1438.85  0.000e+00
     42.605   71.32188 -160.65152    -1.6681    32.6605    1438.84  0.000e+00
     42.667   71.32188 -160.65152    -1.6681    32.6603    1438.84  0.000e+00
     42.667   71.32188 -160.65152    -1.6679    32.6603    1438.84  0.000e+00
     42.598   71.32188 -160.65152    -1.6681    32.6606    1438.84  0.000e+00
     42.605   71.32188 -160.65152    -1.6681    32.6608    1438.84  0.000e+00
     42.605   71.32188 -160.65152    -1.6682    32.6608    1438.84  0.000e+00
     42.605   71.32188 -160.65152    -1.6681    32.6605    1438.84  0.000e+00
     42.659   71.32188 -160.65152    -1.6681    32.6605    1438.84  0.000e+00
     42.605   71.32188 -160.65152    -1.6681    32.6606    1438.84  0.000e+00
     42.605   71.32188 -160.65152    -1.6682    32.6605    1438.84  0.000e+00
     42.605   71.32188 -160.65152    -1.6681    32.6602    1438.84  0.000e+00
     42.551   71.32188 -160.65152    -1.6681    32.6605    1438.84  0.000e+00
     42.597   71.32188 -160.65152    -1.6684    32.6609    1438.84  0.000e+00
     42.605   71.32188 -160.65152    -1.6682    32.6608    1438.84  0.000e+00
     42.605   71.32188 -160.65152    -1.6681    32.6607    1438.84  0.000e+00
     42.605   71.32188 -160.65152    -1.6682    32.6605    1438.84  0.000e+00
     42.597   71.32188 -160.65152    -1.6682    32.6605    1438.84  0.000e+00
     42.551   71.32188 -160.65152    -1.6684    32.6608    1438.84  0.000e+00
     42.605   71.32188 -160.65152    -1.6682    32.6605    1438.84  0.000e+00
     42.605   71.32188 -160.65152    -1.6682    32.6604    1438.84  0.000e+00
     42.597   71.32188 -160.65152    -1.6682    32.6607    1438.84  0.000e+00
     42.605   71.32188 -160.65152    -1.6682    32.6610    1438.84  0.000e+00
     42.551   71.32188 -160.65152    -1.6682    32.6606    1438.84  0.000e+00
     42.605   71.32188 -160.65152    -1.6682    32.6606    1438.84  0.000e+00
     42.605   71.32188 -160.65152    -1.6679    32.6603    1438.84  0.000e+00
     42.597   71.32188 -160.65152    -1.6676    32.6601    1438.84  0.000e+00
     42.667   71.32188 -160.65152    -1.6676    32.6602    1438.85  0.000e+00
     42.551   71.32188 -160.65152    -1.6675    32.6604    1438.85  0.000e+00
     42.667   71.32188 -160.65152    -1.6676    32.6603    1438.85  0.000e+00
     42.597   71.32188 -160.65152    -1.6676    32.6603    1438.85  0.000e+00
     42.605   71.32188 -160.65152    -1.6675    32.6602    1438.85  0.000e+00
     42.605   71.32188 -160.65152    -1.6676    32.6604    1438.85  0.000e+00
     42.667   71.32188 -160.65152    -1.6673    32.6601    1438.85  0.000e+00
     42.659   71.32188 -160.65152    -1.6676    32.6605    1438.85  0.000e+00
     42.605   71.32188 -160.65152    -1.6676    32.6606    1438.85  0.000e+00
     42.666   71.32188 -160.65152    -1.6675    32.6605    1438.85  0.000e+00
     42.666   71.32188 -160.65152    -1.6676    32.6604    1438.85  0.000e+00
     42.666   71.32188 -160.65152    -1.6675    32.6603    1438.85  0.000e+00
     42.659   71.32188 -160.65152    -1.6676    32.6608    1438.85  0.000e+00
     42.666   71.32188 -160.65152    -1.6678    32.6606    1438.85  0.000e+00
     42.720   71.32188 -160.65152    -1.6675    32.6606    1438.85  0.000e+00
     42.666   71.32188 -160.65152    -1.6678    32.6603    1438.85  0.000e+00
     42.659   71.32188 -160.65152    -1.6676    32.6602    1438.85  0.000e+00
     42.720   71.32188 -160.65152    -1.6679    32.6603    1438.85  0.000e+00
     42.720   71.32188 -160.65152    -1.6676    32.6600    1438.85  0.000e+00
     42.720   71.32188 -160.65152    -1.6679    32.6600    1438.85  0.000e+00
     42.666   71.32188 -160.65152    -1.6679    32.6604    1438.84  0.000e+00
     42.713   71.32188 -160.65152    -1.6681    32.6601    1438.84  0.000e+00
     42.774   71.32188 -160.65152    -1.6681    32.6601    1438.85  0.000e+00
     42.720   71.32188 -160.65152    -1.6682    32.6602    1438.84  0.000e+00
     42.720   71.32188 -160.65152    -1.6682    32.6601    1438.84  0.000e+00
     42.767   71.32188 -160.65152    -1.6682    32.6606    1438.85  0.000e+00
     42.774   71.32188 -160.65152    -1.6681    32.6602    1438.85  0.000e+00
     42.720   71.32188 -160.65152    -1.6681    32.6602    1438.84  0.000e+00
     42.774   71.32188 -160.65152    -1.6684    32.6607    1438.84  0.000e+00
     42.766   71.32188 -160.65152    -1.6682    32.6606    1438.85  0.000e+00
     42.774   71.32188 -160.65152    -1.6684    32.6605    1438.84  0.000e+00
     42.836   71.32188 -160.65152    -1.6681    32.6601    1438.85  0.000e+00
     42.774   71.32188 -160.65152    -1.6684    32.6607    1438.84  0.000e+00
     42.774   71.32188 -160.65152    -1.6685    32.6607    1438.84  0.000e+00
     42.828   71.32188 -160.65152    -1.6684    32.6606    1438.85  0.000e+00
     42.774   71.32188 -160.65152    -1.6682    32.6606    1438.85  0.000e+00
     42.836   71.32188 -160.65152    -1.6687    32.6611    1438.84  0.000e+00
     42.836   71.32188 -160.65152    -1.6682    32.6602    1438.85  0.000e+00
     42.766   71.32188 -160.65152    -1.6682    32.6605    1438.85  0.000e+00
     42.836   71.32188 -160.65152    -1.6684    32.6607    1438.85  0.000e+00
     42.836   71.32188 -160.65152    -1.6684    32.6607    1438.85  0.000e+00
     42.836   71.32188 -160.65152    -1.6684    32.6607    1438.85  0.000e+00
     42.836   71.32188 -160.65152    -1.6684    32.6603    1438.85  0.000e+00
     42.828   71.32188 -160.65152    -1.6684    32.6601    1438.84  0.000e+00
     42.836   71.32188 -160.65152    -1.6684    32.6603    1438.85  0.000e+00
     42.890   71.32188 -160.65150    -1.6684    32.6607    1438.85  0.000e+00
     42.836   71.32188 -160.65150    -1.6685    32.6605    1438.84  0.000e+00
     42.882   71.32188 -160.65150    -1.6687    32.6605    1438.84  0.000e+00
     42.836   71.32188 -160.65150    -1.6685    32.6605    1438.84  0.000e+00
     42.836   71.32188 -160.65150    -1.6685    32.6604    1438.84  0.000e+00
     42.836   71.32188 -160.65150    -1.6687    32.6603    1438.84  0.000e+00
     42.890   71.32188 -160.65150    -1.6688    32.6607    1438.84  0.000e+00
     42.882   71.32188 -160.65150    -1.6687    32.6605    1438.84  0.000e+00
     42.836   71.32188 -160.65150    -1.6689    32.6605    1438.84  0.000e+00
     42.890   71.32188 -160.65150    -1.6690    32.6603    1438.84  0.000e+00
     42.836   71.32188 -160.65150    -1.6687    32.6604    1438.84  0.000e+00
     42.882   71.32188 -160.65150    -1.6688    32.6607    1438.84  0.000e+00
     42.835   71.32188 -160.65150    -1.6687    32.6603    1438.84  0.000e+00
     42.835   71.32188 -160.65150    -1.6687    32.6604    1438.84  0.000e+00
     42.889   71.32188 -160.65150    -1.6690    32.6610    1438.84  0.000e+00
     42.835   71.32188 -160.65150    -1.6685    32.6604    1438.84  0.000e+00
     42.882   71.32188 -160.65150    -1.6687    32.6607    1438.84  0.000e+00
     42.835   71.32188 -160.65150    -1.6687    32.6607    1438.84  0.000e+00
     42.889   71.32188 -160.65150    -1.6688    32.6607    1438.84  0.000e+00
     42.835   71.32188 -160.65150    -1.6687    32.6607    1438.84  0.000e+00
     42.882   71.32188 -160.65150    -1.6684    32.6604    1438.85  0.000e+00
     42.835   71.32188 -160.65150    -1.6684    32.6601    1438.85  0.000e+00
     42.835   71.32188 -160.65150    -1.6681    32.6606    1438.85  0.000e+00
     42.835   71.32188 -160.65150    -1.6682    32.6605    1438.85  0.000e+00
     42.835   71.32188 -160.65150    -1.6681    32.6606    1438.85  0.000e+00
     42.828   71.32188 -160.65150    -1.6681    32.6607    1438.85  0.000e+00
     42.835   71.32188 -160.65150    -1.6681    32.6609    1438.85  0.000e+00
     42.835   71.32188 -160.65150    -1.6678    32.6608    1438.85  0.000e+00
     42.835   71.32188 -160.65150    -1.6676    32.6603    1438.85  0.000e+00
     42.828   71.32188 -160.65150    -1.6675    32.6607    1438.85  0.000e+00
     42.835   71.32188 -160.65150    -1.6672    32.6604    1438.85  0.000e+00
     42.774   71.32188 -160.65150    -1.6673    32.6608    1438.85  0.000e+00
     42.835   71.32188 -160.65150    -1.6675    32.6604    1438.85  0.000e+00
     42.773   71.32188 -160.65150    -1.6671    32.6601    1438.85  0.000e+00
     42.827   71.32188 -160.65150    -1.6671    32.6603    1438.85  0.000e+00
     42.773   71.32188 -160.65150    -1.6671    32.6607    1438.85  0.000e+00
     42.773   71.32188 -160.65150    -1.6671    32.6610    1438.85  0.000e+00
     42.835   71.32188 -160.65150    -1.6670    32.6606    1438.85  0.000e+00
     42.766   71.32188 -160.65150    -1.6670    32.6605    1438.85  0.000e+00
     42.773   71.32188 -160.65150    -1.6671    32.6606    1438.85  0.000e+00
     42.773   71.32188 -160.65150    -1.6670    32.6604    1438.85  0.000e+00
     42.773   71.32188 -160.65150    -1.6671    32.6604    1438.85  0.000e+00
     42.773   71.32188 -160.65150    -1.6670    32.6599    1438.85  0.000e+00
     42.766   71.32188 -160.65150    -1.6673    32.6600    1438.85  0.000e+00
     42.719   71.32188 -160.65150    -1.6670    32.6602    1438.85  0.000e+00
     42.773   71.32188 -160.65150    -1.6675    32.6605    1438.85  0.000e+00
