EcoFOCI/data/1_SampleCollection/2023_SikuliaqDBO_CruiseData/CTD_raw_BottleFile_SKQ23-12S/proc/skq202312s_002.ros
* Sea-Bird SBE 9 Data File:
* FileName = D:\CTD\SKQ202312S\SKQ202312S_002.hex
* Software Version Seasave V 7.26.7.121
* Temperature SN = 6177
* Conductivity SN = 0369
* Number of Bytes Per Scan = 41
* Number of Voltage Words = 4
* Number of Scans Averaged by the Deck Unit = 1
* NMEA Latitude = 62 00.59 N
* NMEA Longitude = 175 03.64 W
* NMEA UTC (Time) = Sep 15 2023  05:21:43
* NMEA baud rate = 4800
** Ship: R/V Sikuliaq
** Station Number: 002
** Station Name: DBO1.1
** Bottom Depth: 78
** Operator: SD
# nquan = 22
# nvalues = 1029                                  
# units = specified
# name 0 = depSM: Depth [salt water, m]
# name 1 = latitude: Latitude [deg]
# name 2 = longitude: Longitude [deg]
# name 3 = prDM: Pressure, Digiquartz [db]
# name 4 = t090C: Temperature [ITS-90, deg C]
# name 5 = t190C: Temperature, 2 [ITS-90, deg C]
# name 6 = potemp090C: Potential Temperature [ITS-90, deg C]
# name 7 = sal00: Salinity, Practical [PSU]
# name 8 = sal11: Salinity, Practical, 2 [PSU]
# name 9 = density00: Density [density, kg/m^3]
# name 10 = sigma-é00: Density [sigma-theta, kg/m^3]
# name 11 = sbox0Mm/Kg: Oxygen, SBE 43 [umol/kg]
# name 12 = sbox1Mm/Kg: Oxygen, SBE 43, 2 [umol/kg]
# name 13 = oxsolMm/Kg: Oxygen Saturation, Garcia & Gordon [umol/kg]
# name 14 = sbeox0PS: Oxygen, SBE 43 [% saturation]
# name 15 = v0: Voltage 0
# name 16 = flECO-AFL: Fluorescence, WET Labs ECO-AFL/FL [mg/m^3]
# name 17 = CStarAt0: Beam Attenuation, WET Labs C-Star [1/m]
# name 18 = par: PAR/Irradiance, Biospherical/Licor
# name 19 = scan: Scan Count
# name 20 = nbf: Bottles Fired
# name 21 = flag:  0.000e+00
# interval = seconds: 0.0416667
# start_time = Sep 15 2023 05:25:57 [NMEA time, first data scan]
# bad_flag = -9.990e-29
*END*
[from data line 461]
     30.252   62.00980 -175.06098     30.547    -1.1026    -1.1009    -1.1032    31.4708    31.4796  1025.4438    25.2964    345.831    331.600  368.27766     93.905     0.1648     0.6410     0.4532 1.5787e-01      20007         10  0.000e+00
     30.298   62.00980 -175.06098     30.594    -1.1029    -1.1012    -1.1035    31.4718    31.4806  1025.4448    25.2972    346.119    331.921  368.27699     93.983     0.1661     0.6483     0.4556 1.6021e-01      20008         10  0.000e+00
     30.314   62.00980 -175.06098     30.609    -1.1028    -1.1012    -1.1034    31.4723    31.4808  1025.4454    25.2977    345.941    331.790  368.27480     93.936     0.1648     0.6410     0.4707 1.6178e-01      20009         10  0.000e+00
     30.252   62.00980 -175.06098     30.547    -1.1030    -1.1013    -1.1036    31.4734    31.4816  1025.4459    25.2985    345.718    331.858  368.27394     93.875     0.1648     0.6410     0.4777 1.6178e-01      20010         10  0.000e+00
     30.352   62.00980 -175.06098     30.648    -1.1033    -1.1018    -1.1039    31.4740    31.4824  1025.4469    25.2990    345.974    331.944  368.27458     93.945     0.1636     0.6337     0.4777 1.5709e-01      20011         10  0.000e+00
     30.314   62.00980 -175.06098     30.609    -1.1031    -1.1018    -1.1037    31.4744    31.4826  1025.4470    25.2993    346.016    332.220  368.27227     93.957     0.1648     0.6410     0.4777 1.5172e-01      20012         10  0.000e+00
     30.352   62.00980 -175.06098     30.648    -1.1033    -1.1019    -1.1039    31.4750    31.4829  1025.4477    25.2999    346.067    332.083  368.27154     93.971     0.1661     0.6483     0.4765 1.5096e-01      20013         10  0.000e+00
     30.314   62.00980 -175.06098     30.610    -1.1029    -1.1022    -1.1035    31.4750    31.4831  1025.4475    25.2998    346.372    332.404  368.26764     94.054     0.1648     0.6410     0.4765 1.5478e-01      20014         10  0.000e+00
     30.368   62.00980 -175.06098     30.664    -1.1029    -1.1019    -1.1035    31.4761    31.4829  1025.4487    25.3007    346.220    332.535  368.26495     94.014     0.1661     0.6483     0.4765 1.6021e-01      20015         10  0.000e+00
     30.353   62.00980 -175.06098     30.649    -1.1030    -1.1021    -1.1036    31.4766    31.4825  1025.4490    25.3012    346.536    332.867  368.26461     94.100     0.1648     0.6410     0.4765 1.6099e-01      20016         10  0.000e+00
     30.368   62.00980 -175.06098     30.664    -1.1026    -1.1020    -1.1032    31.4768    31.4822  1025.4493    25.3013    346.642    333.003  368.26007     94.130     0.1648     0.6410     0.4765 1.6178e-01      20017         10  0.000e+00
     30.414   62.00980 -175.06098     30.711    -1.1024    -1.1023    -1.1030    31.4768    31.4825  1025.4494    25.3013    346.755    332.920  368.25798     94.161     0.1648     0.6410     0.4765 1.6257e-01      20018         10  0.000e+00
     30.422   62.00980 -175.06098     30.719    -1.1026    -1.1022    -1.1032    31.4773    31.4824  1025.4499    25.3017    346.820    333.226  368.25807     94.178     0.1661     0.6483     0.4765 1.6336e-01      20019         10  0.000e+00
     30.422   62.00980 -175.06098     30.719    -1.1022    -1.1023    -1.1028    31.4775    31.4832  1025.4501    25.3018    346.879    333.337  368.25363     94.196     0.1624     0.6264     0.4765 1.6257e-01      20020         10  0.000e+00
     30.414   62.00980 -175.06098     30.711    -1.1022    -1.1021    -1.1028    31.4781    31.4840  1025.4505    25.3023    347.042    333.445  368.25242     94.240     0.1587     0.6044     0.4777 1.6021e-01      20021         10  0.000e+00
     30.422   62.00980 -175.06098     30.719    -1.1020    -1.1018    -1.1026    31.4785    31.4835  1025.4508    25.3026    347.364    333.786  368.24916     94.329     0.1563     0.5897     0.4765 1.5943e-01      20022         10  0.000e+00
     30.469   62.00980 -175.06098     30.766    -1.1016    -1.1018    -1.1022    31.4788    31.4845  1025.4513    25.3029    347.219    333.671  368.24419     94.290     0.1575     0.5971     0.4765 1.5865e-01      20023         10  0.000e+00
     30.422   62.00980 -175.06098     30.719    -1.1015    -1.1018    -1.1021    31.4791    31.4852  1025.4514    25.3032    347.282    333.977  368.24263     94.308     0.1575     0.5971     0.4765 1.5709e-01      20024         10  0.000e+00
     30.422   62.00980 -175.06098     30.719    -1.1015    -1.1017    -1.1021    31.4792    31.4852  1025.4514    25.3032    347.347    334.087  368.24199     94.326     0.1587     0.6044     0.4765 1.5555e-01      20025         10  0.000e+00
     30.530   62.00980 -175.06098     30.828    -1.1014    -1.1017    -1.1020    31.4795    31.4856  1025.4522    25.3034    347.417    334.201  368.24057     94.345     0.1575     0.5971     0.4765 1.5555e-01      20026         10  0.000e+00
     30.484   62.00980 -175.06098     30.781    -1.1013    -1.1016    -1.1019    31.4797    31.4859  1025.4521    25.3036    347.479    334.306  368.23873     94.363     0.1575     0.5971     0.4765 1.5787e-01      20027         10  0.000e+00
     30.469   62.00980 -175.06098     30.766    -1.1011    -1.1017    -1.1017    31.4798    31.4866  1025.4521    25.3036    347.798    334.608  368.23629     94.450     0.1587     0.6044     0.4765 1.5943e-01      20028         10  0.000e+00
     30.484   62.00980 -175.06098     30.781    -1.1009    -1.1010    -1.1015    31.4802    31.4866  1025.4525    25.3040    347.807    334.477  368.23268     94.453     0.1575     0.5971     0.4765 1.5865e-01      20029         10  0.000e+00
     30.538   62.00980 -175.06098     30.836    -1.1008    -1.1007    -1.1014    31.4801    31.4870  1025.4527    25.3039    347.916    334.771  368.23250     94.483     0.1587     0.6044     0.4765 1.4945e-01      20030         10  0.000e+00
     30.469   62.00980 -175.06098     30.766    -1.1007    -1.1003    -1.1013    31.4800    31.4877  1025.4523    25.3038    348.017    334.858  368.23172     94.510     0.1575     0.5971     0.4754 1.4422e-01      20031         10  0.000e+00
     30.538   62.00980 -175.06098     30.836    -1.1005    -1.1003    -1.1011    31.4804    31.4880  1025.4529    25.3041    348.069    334.953  368.22884     94.525     0.1587     0.6044     0.4765 1.4349e-01      20032         10  0.000e+00
     30.538   62.00980 -175.06098     30.836    -1.1004    -1.1001    -1.1010    31.4803    31.4888  1025.4528    25.3040    348.116    335.038  368.22806     94.538     0.1575     0.5971     0.4765 1.4720e-01      20033         10  0.000e+00
     30.531   62.00980 -175.06098     30.828    -1.1003    -1.1000    -1.1009    31.4808    31.4890  1025.4532    25.3045    348.414    335.119  368.22595     94.620     0.1575     0.5971     0.4754 1.4870e-01      20034         10  0.000e+00
     30.538   62.00980 -175.06098     30.836    -1.1006    -1.0999    -1.1012    31.4808    31.4889  1025.4532    25.3045    347.991    335.394  368.22826     94.504     0.1575     0.5971     0.4754 1.4945e-01      20035         10  0.000e+00
     27.606   62.00980 -175.06112     27.875    -1.0900    -1.0881    -1.0905    31.4104    31.4194  1025.3816    25.2471    372.311    358.450  368.32778    101.081     0.2674     1.2564     0.4988 2.2181e-01      23745         11  0.000e+00
     27.528   62.00980 -175.06112     27.797    -1.0898    -1.0878    -1.0904    31.4097    31.4199  1025.3807    25.2466    372.287    358.444  368.32794    101.075     0.2662     1.2491     0.4976 2.1990e-01      23746         11  0.000e+00
     27.606   62.00980 -175.06112     27.875    -1.0898    -1.0875    -1.0904    31.4090    31.4199  1025.3805    25.2460    372.273    358.438  368.33001    101.070     0.2674     1.2564     0.4988 2.1895e-01      23747         11  0.000e+00
     27.528   62.00980 -175.06112     27.797    -1.0901    -1.0875    -1.0906    31.4092    31.4196  1025.3803    25.2462    372.508    358.419  368.33220    101.134     0.2589     1.2051     0.4988 2.1706e-01      23748         11  0.000e+00
     27.606   62.00980 -175.06112     27.875    -1.0904    -1.0881    -1.0910    31.4091    31.4198  1025.3806    25.2461    372.542    358.664  368.33590    101.142     0.2552     1.1831     0.5000 2.0959e-01      23749         11  0.000e+00
     27.590   62.00980 -175.06112     27.859    -1.0906    -1.0881    -1.0911    31.4089    31.4200  1025.3804    25.2460    372.567    358.466  368.33763    101.148     0.2527     1.1685     0.5000 2.0592e-01      23750         11  0.000e+00
     27.544   62.00980 -175.06112     27.812    -1.0910    -1.0879    -1.0916    31.4094    31.4196  1025.3805    25.2463    372.591    358.454  368.34093    101.154     0.2540     1.1758     0.4988 2.0501e-01      23751         11  0.000e+00
     27.606   62.00980 -175.06112     27.875    -1.0906    -1.0883    -1.0911    31.4097    31.4196  1025.3811    25.2466    372.864    358.671  368.33547    101.229     0.2540     1.1758     0.4988 2.0501e-01      23752         11  0.000e+00
     27.590   62.00980 -175.06112     27.859    -1.0895    -1.0883    -1.0901    31.4099    31.4198  1025.3812    25.2467    372.402    358.448  368.32462    101.107     0.2540     1.1758     0.5000 2.0501e-01      23753         11  0.000e+00
     27.544   62.00980 -175.06112     27.813    -1.0888    -1.0883    -1.0894    31.4096    31.4199  1025.3807    25.2464    372.567    358.671  368.31875    101.153     0.2552     1.1831     0.4988 2.0501e-01      23754         11  0.000e+00
     27.590   62.00980 -175.06112     27.859    -1.0895    -1.0875    -1.0901    31.4097    31.4200  1025.3810    25.2465    372.589    358.913  368.32535    101.158     0.2540     1.1758     0.5000 2.0139e-01      23755         11  0.000e+00
     27.606   62.00980 -175.06112     27.875    -1.0901    -1.0866    -1.0906    31.4100    31.4207  1025.3814    25.2468    372.606    358.946  368.32990    101.161     0.2552     1.1831     0.4988 1.9781e-01      23756         11  0.000e+00
     27.591   62.00980 -175.06112     27.859    -1.0901    -1.0859    -1.0906    31.4098    31.4209  1025.3811    25.2466    372.614    358.940  368.33061    101.163     0.2540     1.1758     0.5000 1.9781e-01      23757         11  0.000e+00
     27.544   62.00980 -175.06112     27.813    -1.0903    -1.0855    -1.0908    31.4102    31.4212  1025.3812    25.2469    372.362    358.697  368.33122    101.094     0.2552     1.1831     0.4988 2.0775e-01      23758         11  0.000e+00
     27.591   62.00980 -175.06112     27.859    -1.0900    -1.0855    -1.0905    31.4099    31.4208  1025.3812    25.2467    372.626    358.912  368.32909    101.167     0.2540     1.1758     0.5000 2.1800e-01      23759         11  0.000e+00
     27.606   62.00980 -175.06112     27.875    -1.0901    -1.0858    -1.0906    31.4102    31.4210  1025.3815    25.2470    372.377    358.922  368.32929    101.099     0.2552     1.1831     0.4988 2.1990e-01      23760         11  0.000e+00
     27.591   62.00980 -175.06112     27.860    -1.0900    -1.0859    -1.0905    31.4104    31.4206  1025.3816    25.2471    372.332    358.921  368.32776    101.087     0.2540     1.1758     0.5000 2.1706e-01      23761         11  0.000e+00
     27.544   62.00980 -175.06112     27.813    -1.0901    -1.0858    -1.0906    31.4104    31.4208  1025.3814    25.2471    372.545    358.938  368.32882    101.145     0.2540     1.1758     0.5000 2.1330e-01      23762         11  0.000e+00
     27.591   62.00980 -175.06112     27.860    -1.0896    -1.0859    -1.0902    31.4100    31.4206  1025.3813    25.2468    372.291    358.955  368.32541    101.077     0.2540     1.1758     0.5000 2.1237e-01      23763         11  0.000e+00
     27.606   62.00980 -175.06112     27.875    -1.0896    -1.0864    -1.0902    31.4099    31.4204  1025.3813    25.2467    372.248    358.967  368.32568    101.065     0.2540     1.1758     0.5000 2.1424e-01      23764         11  0.000e+00
     27.606   62.00980 -175.06112     27.875    -1.0895    -1.0872    -1.0901    31.4104    31.4198  1025.3816    25.2471    372.201    358.975  368.32331    101.053     0.2540     1.1758     0.5000 2.1706e-01      23765         11  0.000e+00
     27.591   62.00980 -175.06112     27.860    -1.0893    -1.0878    -1.0898    31.4107    31.4193  1025.3818    25.2474    372.153    358.972  368.32002    101.041     0.2540     1.1758     0.5000 2.1800e-01      23766         11  0.000e+00
     27.545   62.00980 -175.06112     27.813    -1.0894    -1.0884    -1.0899    31.4106    31.4192  1025.3814    25.2472    372.107    358.958  368.32106    101.028     0.2552     1.1831     0.5000 2.1611e-01      23767         11  0.000e+00
     27.591   62.00980 -175.06112     27.860    -1.0892    -1.0889    -1.0897    31.4105    31.4193  1025.3816    25.2472    372.064    358.940  368.31960    101.017     0.2540     1.1758     0.4988 2.0959e-01      23768         11  0.000e+00
     27.545   62.00980 -175.06112     27.813    -1.0892    -1.0888    -1.0897    31.4105    31.4196  1025.3814    25.2472    372.273    358.903  368.31952    101.073     0.2552     1.1831     0.4964 2.0775e-01      23769         11  0.000e+00
     27.591   62.00980 -175.06112     27.860    -1.0890    -1.0890    -1.0896    31.4101    31.4200  1025.3813    25.2468    372.789    358.864  368.31903    101.214     0.2540     1.1758     0.4964 2.0775e-01      23770         11  0.000e+00
     27.606   62.00980 -175.06112     27.875    -1.0894    -1.0892    -1.0899    31.4099    31.4201  1025.3812    25.2467    372.118    358.817  368.32287    101.030     0.2540     1.1758     0.4964 2.0867e-01      23771         11  0.000e+00
     27.591   62.00980 -175.06112     27.860    -1.0899    -1.0893    -1.0905    31.4102    31.4203  1025.3814    25.2470    372.071    358.988  368.32773    101.016     0.2540     1.1758     0.4964 2.0959e-01      23772         11  0.000e+00
     27.545   62.00980 -175.06112     27.813    -1.0901    -1.0892    -1.0906    31.4095    31.4202  1025.3806    25.2464    372.277    358.981  368.33138    101.071     0.2540     1.1758     0.4964 2.0959e-01      23773         11  0.000e+00
     27.591   62.00980 -175.06112     27.860    -1.0903    -1.0887    -1.0908    31.4094    31.4201  1025.3808    25.2463    372.019    358.968  368.33349    101.001     0.2515     1.1612     0.4964 2.0683e-01      23774         11  0.000e+00
     27.607   62.00980 -175.06112     27.876    -1.0904    -1.0881    -1.0910    31.4098    31.4204  1025.3811    25.2466    371.967    358.943  368.33408    100.986     0.2515     1.1612     0.4964 2.0592e-01      23775         11  0.000e+00
     27.475   62.00980 -175.06112     27.743    -1.0904    -1.0881    -1.0909    31.4100    31.4210  1025.3807    25.2468    371.905    358.909  368.33273    100.970     0.2491     1.1465     0.4964 2.0592e-01      23776         11  0.000e+00
     27.661   62.00980 -175.06112     27.930    -1.0904    -1.0884    -1.0910    31.4095    31.4200  1025.3812    25.2464    372.118    358.890  368.33490    101.027     0.2503     1.1538     0.4964 2.0501e-01      23777         11  0.000e+00
     27.545   62.00980 -175.06112     27.813    -1.0907    -1.0893    -1.0913    31.4101    31.4202  1025.3811    25.2469    371.850    358.659  368.33605    100.954     0.2503     1.1538     0.4964 2.0410e-01      23778         11  0.000e+00
     27.591   62.00980 -175.06112     27.860    -1.0906    -1.0899    -1.0911    31.4100    31.4198  1025.3812    25.2468    371.845    358.590  368.33459    100.953     0.2503     1.1538     0.4964 2.0410e-01      23779         11  0.000e+00
     27.607   62.00980 -175.06112     27.876    -1.0907    -1.0907    -1.0913    31.4101    31.4202  1025.3815    25.2469    372.099    358.547  368.33579    101.022     0.2515     1.1612     0.4964 2.0320e-01      23780         11  0.000e+00
