EcoFOCI/data/1_SampleCollection/2023_SikuliaqDBO_CruiseData/CTD_raw_BottleFile_SKQ23-12S/proc/skq202312s_023.ros
* Sea-Bird SBE 9 Data File:
* FileName = D:\CTD\SKQ202312S\SKQ202312S_023.hex
* Software Version Seasave V 7.26.7.121
* Temperature SN = 6177
* Conductivity SN = 0369
* Number of Bytes Per Scan = 41
* Number of Voltage Words = 4
* Number of Scans Averaged by the Deck Unit = 1
* NMEA Latitude = 64 57.70 N
* NMEA Longitude = 169 53.01 W
* NMEA UTC (Time) = Sep 18 2023  07:03:01
* NMEA baud rate = 4800
** Ship: R/V Sikuliaq
** Station Number: 023
** Station Name: DBO2.4
** Bottom Depth: 48
** Operator: SD
# nquan = 22
# nvalues = 931                                   
# units = specified
# name 0 = depSM: Depth [salt water, m]
# name 1 = latitude: Latitude [deg]
# name 2 = longitude: Longitude [deg]
# name 3 = prDM: Pressure, Digiquartz [db]
# name 4 = t090C: Temperature [ITS-90, deg C]
# name 5 = t190C: Temperature, 2 [ITS-90, deg C]
# name 6 = potemp090C: Potential Temperature [ITS-90, deg C]
# name 7 = sal00: Salinity, Practical [PSU]
# name 8 = sal11: Salinity, Practical, 2 [PSU]
# name 9 = density00: Density [density, kg/m^3]
# name 10 = sigma-é00: Density [sigma-theta, kg/m^3]
# name 11 = sbox0Mm/Kg: Oxygen, SBE 43 [umol/kg]
# name 12 = sbox1Mm/Kg: Oxygen, SBE 43, 2 [umol/kg]
# name 13 = oxsolMm/Kg: Oxygen Saturation, Garcia & Gordon [umol/kg]
# name 14 = sbeox0PS: Oxygen, SBE 43 [% saturation]
# name 15 = v0: Voltage 0
# name 16 = flECO-AFL: Fluorescence, WET Labs ECO-AFL/FL [mg/m^3]
# name 17 = CStarAt0: Beam Attenuation, WET Labs C-Star [1/m]
# name 18 = par: PAR/Irradiance, Biospherical/Licor
# name 19 = scan: Scan Count
# name 20 = nbf: Bottles Fired
# name 21 = flag:  0.000e+00
# interval = seconds: 0.0416667
# start_time = Sep 18 2023 07:06:42 [NMEA time, first data scan]
# bad_flag = -9.990e-29
*END*
[from data line 264]
     30.352   64.96160 -169.88354     30.655     3.2457     3.2452     3.2439    32.7849    32.7948  1026.2393    26.0956    264.394    254.860  326.04113     81.092     0.1355     0.4652     0.6496 1.0000e-12      10428          6  0.000e+00
     30.399   64.96160 -169.88354     30.702     3.2458     3.2449     3.2439    32.7848    32.7949  1026.2394    26.0955    264.539    255.064  326.04100     81.137     0.1355     0.4652     0.6496 1.0000e-12      10429          6  0.000e+00
     30.298   64.96160 -169.88354     30.600     3.2458     3.2446     3.2440    32.7846    32.7955  1026.2388    26.0954    264.531    254.897  326.04146     81.134     0.1355     0.4652     0.6496 8.4714e-06      10430          6  0.000e+00
     30.399   64.96160 -169.88354     30.702     3.2457     3.2447     3.2439    32.7848    32.7952  1026.2394    26.0955    264.565    254.904  326.04149     81.145     0.1343     0.4579     0.6496 1.0000e-12      10431          6  0.000e+00
     30.298   64.96160 -169.88354     30.600     3.2456     3.2452     3.2438    32.7850    32.7949  1026.2391    26.0957    264.556    254.925  326.04175     81.142     0.1282     0.4212     0.6496 1.0000e-12      10432          6  0.000e+00
     30.352   64.96160 -169.88354     30.655     3.2456     3.2452     3.2438    32.7850    32.7952  1026.2393    26.0957    264.371    254.930  326.04182     81.085     0.1184     0.3626     0.6496 8.4714e-06      10433          6  0.000e+00
     30.345   64.96160 -169.88354     30.647     3.2456     3.2457     3.2438    32.7849    32.7949  1026.2392    26.0956    264.367    254.930  326.04201     81.084     0.1172     0.3553     0.6496 1.0000e-12      10434          6  0.000e+00
     30.298   64.96160 -169.88354     30.600     3.2459     3.2460     3.2441    32.7845    32.7950  1026.2387    26.0953    264.577    255.121  326.04088     81.148     0.1172     0.3553     0.6496 8.4714e-06      10435          6  0.000e+00
     30.345   64.96160 -169.88354     30.647     3.2461     3.2461     3.2443    32.7846    32.7951  1026.2390    26.0954    264.608    255.143  326.03887     81.158     0.1172     0.3553     0.6496 1.0000e-12      10436          6  0.000e+00
     30.298   64.96160 -169.88354     30.600     3.2459     3.2462     3.2441    32.7847    32.7948  1026.2388    26.0955    264.496    255.162  326.03989     81.124     0.1184     0.3626     0.6496 1.0000e-12      10437          6  0.000e+00
     30.283   64.96160 -169.88354     30.585     3.2462     3.2462     3.2444    32.7844    32.7945  1026.2385    26.0952    264.484    255.181  326.03850     81.120     0.1172     0.3553     0.6508 1.0000e-12      10438          6  0.000e+00
     30.298   64.96160 -169.88354     30.600     3.2464     3.2459     3.2446    32.7847    32.7947  1026.2387    26.0953    264.471    255.007  326.03625     81.117     0.1184     0.3626     0.6496 1.0000e-12      10439          6  0.000e+00
     30.283   64.96160 -169.88354     30.585     3.2472     3.2452     3.2454    32.7840    32.7951  1026.2381    26.0948    264.489    255.004  326.03143     81.124     0.1172     0.3553     0.6496 1.0000e-12      10440          6  0.000e+00
     30.298   64.96160 -169.88354     30.600     3.2483     3.2449     3.2465    32.7829    32.7949  1026.2372    26.0938    264.255    255.193  326.02558     81.054     0.1184     0.3626     0.6508 1.0000e-12      10441          6  0.000e+00
     30.298   64.96160 -169.88354     30.600     3.2484     3.2444     3.2466    32.7832    32.7954  1026.2374    26.0940    264.243    255.208  326.02400     81.050     0.1172     0.3553     0.6508 1.0000e-12      10442          6  0.000e+00
     30.283   64.96160 -169.88354     30.585     3.2484     3.2441     3.2466    32.7831    32.7956  1026.2372    26.0939    264.232    255.220  326.02388     81.047     0.1184     0.3626     0.6520 1.0000e-12      10443          6  0.000e+00
     30.298   64.96160 -169.88354     30.600     3.2484     3.2444     3.2466    32.7836    32.7948  1026.2377    26.0944    264.258    255.229  326.02251     81.055     0.1172     0.3553     0.6532 1.0000e-12      10444          6  0.000e+00
     30.229   64.96160 -169.88354     30.530     3.2482     3.2444     3.2464    32.7841    32.7951  1026.2378    26.0948    264.466    255.234  326.02300     81.119     0.1184     0.3626     0.6532 1.0000e-12      10445          6  0.000e+00
     30.298   64.96160 -169.88354     30.601     3.2481     3.2444     3.2463    32.7849    32.7954  1026.2387    26.0953    264.281    255.241  326.02209     81.062     0.1172     0.3553     0.6532 1.0000e-12      10446          6  0.000e+00
     30.283   64.96160 -169.88354     30.585     3.2483     3.2446     3.2465    32.7849    32.7958  1026.2387    26.0954    264.670    255.435  326.02059     81.182     0.1172     0.3553     0.6520 1.0000e-12      10447          6  0.000e+00
     30.244   64.96160 -169.88354     30.546     3.2484     3.2457     3.2466    32.7848    32.7954  1026.2384    26.0953    264.299    255.257  326.01966     81.068     0.1184     0.3626     0.6532 1.0000e-12      10448          6  0.000e+00
     30.283   64.96160 -169.88354     30.585     3.2484     3.2467     3.2466    32.7839    32.7952  1026.2379    26.0946    264.261    255.250  326.02219     81.056     0.1172     0.3553     0.6532 8.4714e-06      10449          6  0.000e+00
     30.244   64.96160 -169.88354     30.546     3.2481     3.2476     3.2463    32.7837    32.7951  1026.2376    26.0944    264.256    255.241  326.02490     81.054     0.1184     0.3626     0.6532 1.0000e-12      10450          6  0.000e+00
     30.298   64.96160 -169.88354     30.601     3.2474     3.2485     3.2456    32.7835    32.7949  1026.2377    26.0944    264.224    255.232  326.03136     81.042     0.1172     0.3553     0.6520 8.4714e-06      10451          6  0.000e+00
     30.283   64.96160 -169.88354     30.585     3.2462     3.2491     3.2444    32.7836    32.7949  1026.2378    26.0945    264.263    255.221  326.04058     81.052     0.1184     0.3626     0.6532 1.0000e-12      10452          6  0.000e+00
     30.244   64.96160 -169.88352     30.546     3.2458     3.2496     3.2440    32.7835    32.7946  1026.2376    26.0945    264.479    255.208  326.04417     81.118     0.1172     0.3553     0.6532 1.0000e-12      10453          6  0.000e+00
     30.283   64.96160 -169.88352     30.585     3.2459     3.2502     3.2441    32.7835    32.7942  1026.2378    26.0945    264.476    255.196  326.04295     81.117     0.1184     0.3626     0.6532 1.0000e-12      10454          6  0.000e+00
     30.244   64.96160 -169.88352     30.546     3.2456     3.2500     3.2438    32.7838    32.7947  1026.2379    26.0948    264.939    255.182  326.04466     81.258     0.1172     0.3553     0.6520 1.0000e-12      10455          6  0.000e+00
     30.283   64.96160 -169.88352     30.585     3.2440     3.2499     3.2422    32.7846    32.7952  1026.2388    26.0955    264.402    255.170  326.05560     81.091     0.1184     0.3626     0.6532 1.0000e-12      10456          6  0.000e+00
     30.244   64.96160 -169.88352     30.546     3.2423     3.2500     3.2405    32.7857    32.7949  1026.2397    26.0965    264.406    255.176  326.06664     81.090     0.1184     0.3626     0.6532 1.0000e-12      10457          6  0.000e+00
     30.167   64.96160 -169.88352     30.468     3.2459     3.2443     3.2441    32.7839    32.7944  1026.2376    26.0948    264.539    254.337  326.04190     81.136     0.1392     0.4872     0.6557 1.0000e-12      10640          7  0.000e+00
     30.183   64.96160 -169.88352     30.484     3.2459     3.2443     3.2441    32.7837    32.7946  1026.2375    26.0947    264.542    254.356  326.04281     81.137     0.1404     0.4945     0.6557 1.0000e-12      10641          7  0.000e+00
     30.129   64.96160 -169.88352     30.429     3.2456     3.2443     3.2438    32.7840    32.7947  1026.2375    26.0949    264.543    254.374  326.04431     81.137     0.1392     0.4872     0.6557 1.0000e-12      10642          7  0.000e+00
     30.113   64.96160 -169.88352     30.413     3.2450     3.2441     3.2432    32.7844    32.7951  1026.2378    26.0953    264.547    254.394  326.04840     81.137     0.1404     0.4945     0.6557 1.0000e-12      10643          7  0.000e+00
     30.129   64.96160 -169.88352     30.429     3.2445     3.2441     3.2427    32.7844    32.7947  1026.2379    26.0953    264.553    254.416  326.05236     81.138     0.1404     0.4945     0.6557 1.0000e-12      10644          7  0.000e+00
     30.167   64.96160 -169.88352     30.468     3.2445     3.2438     3.2427    32.7842    32.7951  1026.2379    26.0952    264.556    254.441  326.05271     81.139     0.1404     0.4945     0.6520 1.0000e-12      10645          7  0.000e+00
     30.129   64.96160 -169.88352     30.429     3.2443     3.2440     3.2425    32.7844    32.7953  1026.2379    26.0953    264.557    254.462  326.05354     81.139     0.1404     0.4945     0.6496 8.4714e-06      10646          7  0.000e+00
     30.167   64.96160 -169.88352     30.468     3.2441     3.2435     3.2423    32.7842    32.7956  1026.2379    26.0952    264.562    254.490  326.05625     81.140     0.1392     0.4872     0.6483 1.0000e-12      10647          7  0.000e+00
     30.129   64.96160 -169.88352     30.429     3.2436     3.2438     3.2418    32.7841    32.7947  1026.2378    26.0952    264.566    254.513  326.06023     81.140     0.1404     0.4945     0.6483 1.0000e-12      10648          7  0.000e+00
     30.113   64.96160 -169.88352     30.413     3.2434     3.2436     3.2416    32.7840    32.7952  1026.2376    26.0951    264.569    254.322  326.06228     81.141     0.1404     0.4945     0.6496 1.0000e-12      10649          7  0.000e+00
     30.244   64.96160 -169.88352     30.546     3.2429     3.2436     3.2411    32.7839    32.7950  1026.2382    26.0950    264.578    254.309  326.06599     81.142     0.1404     0.4945     0.6496 1.0000e-12      10650          7  0.000e+00
     30.113   64.96160 -169.88352     30.413     3.2429     3.2432     3.2411    32.7840    32.7953  1026.2377    26.0951    264.575    254.482  326.06562     81.142     0.1392     0.4872     0.6496 1.0000e-12      10651          7  0.000e+00
     30.244   64.96160 -169.88352     30.546     3.2426     3.2433     3.2408    32.7844    32.7954  1026.2386    26.0955    264.583    254.490  326.06765     81.143     0.1404     0.4945     0.6496 1.0000e-12      10652          7  0.000e+00
     30.183   64.96160 -169.88352     30.484     3.2426     3.2433     3.2408    32.7850    32.7954  1026.2388    26.0960    264.580    254.493  326.06569     81.143     0.1404     0.4945     0.6496 1.0000e-12      10653          7  0.000e+00
     30.167   64.96160 -169.88352     30.468     3.2426     3.2435     3.2408    32.7853    32.7950  1026.2389    26.0962    264.581    254.497  326.06507     81.143     0.1404     0.4945     0.6496 1.0000e-12      10654          7  0.000e+00
     30.183   64.96160 -169.88352     30.484     3.2426     3.2433     3.2408    32.7848    32.7953  1026.2386    26.0958    264.584    254.695  326.06628     81.144     0.1416     0.5018     0.6496 1.0000e-12      10655          7  0.000e+00
     30.167   64.96160 -169.88352     30.468     3.2423     3.2433     3.2405    32.7847    32.7955  1026.2386    26.0958    264.551    254.527  326.06892     81.134     0.1404     0.4945     0.6496 1.0000e-12      10656          7  0.000e+00
     30.244   64.96160 -169.88352     30.546     3.2423     3.2435     3.2405    32.7847    32.7955  1026.2389    26.0957    264.769    254.532  326.06912     81.200     0.1404     0.4945     0.6496 1.0000e-12      10657          7  0.000e+00
     30.167   64.96160 -169.88352     30.468     3.2420     3.2435     3.2402    32.7850    32.7955  1026.2388    26.0960    264.586    254.534  326.07078     81.144     0.1404     0.4945     0.6496 1.0000e-12      10658          7  0.000e+00
     30.244   64.96160 -169.88352     30.546     3.2421     3.2440     3.2403    32.7848    32.7949  1026.2390    26.0959    264.586    254.538  326.07000     81.144     0.1416     0.5018     0.6496 1.0000e-12      10659          7  0.000e+00
     30.229   64.96160 -169.88352     30.530     3.2420     3.2452     3.2402    32.7852    32.7944  1026.2392    26.0962    264.800    254.340  326.07036     81.210     0.1392     0.4872     0.6496 1.0000e-12      10660          7  0.000e+00
     30.183   64.96160 -169.88352     30.484     3.2425     3.2466     3.2407    32.7850    32.7941  1026.2388    26.0960    264.611    254.504  326.06696     81.152     0.1404     0.4945     0.6496 1.0000e-12      10661          7  0.000e+00
     30.244   64.96160 -169.88352     30.546     3.2421     3.2469     3.2403    32.7851    32.7941  1026.2392    26.0961    264.613    254.509  326.06930     81.152     0.1355     0.4652     0.6496 1.0000e-12      10662          7  0.000e+00
     30.283   64.96160 -169.88352     30.585     3.2423     3.2468     3.2405    32.7849    32.7946  1026.2392    26.0959    264.611    254.515  326.06857     81.152     0.1331     0.4505     0.6496 1.0000e-12      10663          7  0.000e+00
     30.244   64.96160 -169.88352     30.546     3.2420     3.2463     3.2402    32.7850    32.7950  1026.2392    26.0960    264.609    254.521  326.07078     81.151     0.1319     0.4432     0.6496 8.4714e-06      10664          7  0.000e+00
     30.283   64.96160 -169.88352     30.585     3.2421     3.2464     3.2403    32.7846    32.7946  1026.2390    26.0957    264.607    254.504  326.07065     81.150     0.1331     0.4505     0.6508 1.0000e-12      10665          7  0.000e+00
     30.244   64.96160 -169.88352     30.546     3.2420     3.2459     3.2402    32.7847    32.7948  1026.2389    26.0958    264.819    254.317  326.07158     81.215     0.1331     0.4505     0.6508 1.0000e-12      10666          7  0.000e+00
     30.283   64.96160 -169.88352     30.585     3.2418     3.2452     3.2400    32.7849    32.7950  1026.2392    26.0959    264.851    254.304  326.07251     81.225     0.1331     0.4505     0.6520 1.0000e-12      10667          7  0.000e+00
     30.298   64.96160 -169.88352     30.601     3.2418     3.2441     3.2400    32.7848    32.7948  1026.2393    26.0959    264.880    254.296  326.07253     81.234     0.1331     0.4505     0.6520 1.0000e-12      10668          7  0.000e+00
     30.283   64.96160 -169.88352     30.585     3.2415     3.2430     3.2397    32.7852    32.7948  1026.2395    26.0962    264.657    254.481  326.07427     81.165     0.1319     0.4432     0.6520 1.0000e-12      10669          7  0.000e+00
     30.298   64.96160 -169.88352     30.601     3.2417     3.2418     3.2399    32.7850    32.7950  1026.2394    26.0960    264.720    254.496  326.07341     81.184     0.1331     0.4505     0.6520 1.0000e-12      10670          7  0.000e+00
     30.352   64.96160 -169.88352     30.655     3.2417     3.2410     3.2398    32.7847    32.7954  1026.2395    26.0958    264.717    254.509  326.07408     81.183     0.1319     0.4432     0.6508 1.0000e-12      10671          7  0.000e+00
     30.283   64.96160 -169.88352     30.585     3.2417     3.2409     3.2399    32.7845    32.7950  1026.2390    26.0956    264.709    254.492  326.07468     81.180     0.1331     0.4505     0.6508 1.0000e-12      10672          7  0.000e+00
     30.352   64.96160 -169.88352     30.655     3.2415     3.2410     3.2397    32.7850    32.7957  1026.2397    26.0960    264.921    254.498  326.07476     81.246     0.1319     0.4432     0.6508 1.0000e-12      10673          7  0.000e+00
     30.345   64.96160 -169.88352     30.647     3.2415     3.2410     3.2397    32.7849    32.7960  1026.2396    26.0960    264.733    254.502  326.07495     81.188     0.1331     0.4505     0.6508 1.0000e-12      10674          7  0.000e+00
