EcoFOCI/data/1_SampleCollection/2023_SikuliaqDBO_CruiseData/CTD_raw_BottleFile_SKQ23-12S/proc/skq202312s_018svp.cnv
* Sea-Bird SBE 9 Data File:
* FileName = D:\CTD\SKQ202312S\SKQ202312S_018.hex
* Software Version Seasave V 7.26.7.121
* Temperature SN = 6177
* Conductivity SN = 0369
* Number of Bytes Per Scan = 41
* Number of Voltage Words = 4
* Number of Scans Averaged by the Deck Unit = 1
* NMEA Latitude = 64 40.12 N
* NMEA Longitude = 168 14.25 W
* NMEA UTC (Time) = Sep 17 2023  18:54:46
* NMEA baud rate = 4800
** Ship: R/V Sikuliaq
** Station Number: 018
** Station Name: DBO2.3
** Bottom Depth: 38
** Operator: SD
# nquan = 7
# nvalues = 4087                                  
# units = specified
# name 0 = depSM: Depth [salt water, m]
# name 1 = latitude: Latitude [deg]
# name 2 = longitude: Longitude [deg]
# name 3 = t090C: Temperature [ITS-90, deg C]
# name 4 = sal00: Salinity, Practical [PSU]
# name 5 = svCM: Sound Velocity [Chen-Millero, m/s]
# name 6 = flag:  0.000e+00
# span 0 =      3.209,     33.032                 
# span 1 =   64.66886,   64.66890                 
# span 2 = -168.23718, -168.23714                 
# span 3 =     5.3066,     6.2563                 
# span 4 =    31.7797,    31.8869                 
# span 5 =    1468.55,    1471.82                 
# span 6 = 0.0000e+00, 0.0000e+00                 
# interval = seconds: 0.0416667
# start_time = Sep 17 2023 18:58:23 [NMEA time, first data scan]
# bad_flag = -9.990e-29
*END*
[from data line 1231]
      8.919   64.66890 -168.23716     6.0718    31.8234    1471.17  0.000e+00
      9.065   64.66890 -168.23716     6.0721    31.8233    1471.17  0.000e+00
      8.980   64.66890 -168.23716     6.0750    31.8209    1471.18  0.000e+00
      8.980   64.66890 -168.23716     6.0747    31.8214    1471.18  0.000e+00
      8.980   64.66890 -168.23716     6.0731    31.8228    1471.17  0.000e+00
      8.980   64.66890 -168.23716     6.0726    31.8231    1471.17  0.000e+00
      9.034   64.66890 -168.23716     6.0738    31.8217    1471.18  0.000e+00
      8.980   64.66890 -168.23716     6.0742    31.8204    1471.18  0.000e+00
      8.980   64.66890 -168.23716     6.0741    31.8198    1471.17  0.000e+00
      8.980   64.66890 -168.23716     6.0744    31.8194    1471.17  0.000e+00
      8.980   64.66890 -168.23716     6.0742    31.8194    1471.17  0.000e+00
      8.980   64.66890 -168.23716     6.0739    31.8188    1471.17  0.000e+00
      9.034   64.66890 -168.23716     6.0718    31.8204    1471.17  0.000e+00
      8.949   64.66890 -168.23716     6.0699    31.8214    1471.16  0.000e+00
      8.980   64.66890 -168.23716     6.0694    31.8212    1471.16  0.000e+00
      8.980   64.66890 -168.23716     6.0686    31.8203    1471.15  0.000e+00
      8.980   64.66890 -168.23716     6.0689    31.8193    1471.15  0.000e+00
      8.980   64.66890 -168.23716     6.0702    31.8189    1471.16  0.000e+00
      8.980   64.66890 -168.23716     6.0720    31.8196    1471.17  0.000e+00
      8.918   64.66890 -168.23716     6.0776    31.8184    1471.19  0.000e+00
      8.980   64.66890 -168.23716     6.0827    31.8184    1471.21  0.000e+00
      8.980   64.66890 -168.23716     6.0849    31.8188    1471.22  0.000e+00
      8.980   64.66890 -168.23716     6.0875    31.8178    1471.23  0.000e+00
      8.980   64.66890 -168.23716     6.0888    31.8187    1471.23  0.000e+00
      8.918   64.66890 -168.23716     6.0890    31.8194    1471.23  0.000e+00
      8.980   64.66890 -168.23718     6.0899    31.8197    1471.24  0.000e+00
      8.949   64.66890 -168.23718     6.0938    31.8176    1471.25  0.000e+00
      8.980   64.66890 -168.23718     6.0950    31.8181    1471.26  0.000e+00
      8.918   64.66890 -168.23718     6.0964    31.8188    1471.26  0.000e+00
      8.980   64.66890 -168.23718     6.0965    31.8192    1471.26  0.000e+00
      8.980   64.66890 -168.23718     6.0960    31.8193    1471.26  0.000e+00
      8.980   64.66890 -168.23718     6.0961    31.8190    1471.26  0.000e+00
      8.980   64.66890 -168.23718     6.0961    31.8184    1471.26  0.000e+00
      8.918   64.66890 -168.23718     6.0961    31.8180    1471.26  0.000e+00
      8.980   64.66890 -168.23718     6.0947    31.8188    1471.26  0.000e+00
      8.980   64.66890 -168.23718     6.0933    31.8190    1471.25  0.000e+00
      8.980   64.66890 -168.23718     6.0923    31.8189    1471.25  0.000e+00
      8.980   64.66890 -168.23718     6.0926    31.8183    1471.25  0.000e+00
      8.980   64.66890 -168.23718     6.0888    31.8209    1471.23  0.000e+00
      8.949   64.66890 -168.23718     6.0843    31.8230    1471.22  0.000e+00
      8.980   64.66890 -168.23718     6.0804    31.8245    1471.20  0.000e+00
      9.034   64.66890 -168.23718     6.0768    31.8251    1471.19  0.000e+00
      8.980   64.66890 -168.23718     6.0777    31.8231    1471.19  0.000e+00
      8.980   64.66890 -168.23718     6.0837    31.8175    1471.21  0.000e+00
      9.034   64.66890 -168.23718     6.0861    31.8150    1471.22  0.000e+00
      8.980   64.66890 -168.23718     6.0857    31.8149    1471.21  0.000e+00
      9.034   64.66890 -168.23718     6.0848    31.8151    1471.21  0.000e+00
      9.034   64.66890 -168.23718     6.0842    31.8155    1471.21  0.000e+00
      9.034   64.66890 -168.23718     6.0822    31.8172    1471.20  0.000e+00
      9.034   64.66890 -168.23716     6.0793    31.8188    1471.19  0.000e+00
      9.034   64.66890 -168.23716     6.0776    31.8191    1471.19  0.000e+00
      9.064   64.66890 -168.23716     6.0766    31.8192    1471.18  0.000e+00
      9.034   64.66890 -168.23716     6.0787    31.8180    1471.19  0.000e+00
      9.088   64.66890 -168.23716     6.0819    31.8182    1471.20  0.000e+00
      9.088   64.66890 -168.23716     6.0842    31.8182    1471.21  0.000e+00
      9.088   64.66890 -168.23716     6.0856    31.8173    1471.22  0.000e+00
      9.088   64.66890 -168.23716     6.0854    31.8174    1471.22  0.000e+00
      9.149   64.66890 -168.23716     6.0849    31.8174    1471.22  0.000e+00
      9.149   64.66890 -168.23716     6.0853    31.8173    1471.22  0.000e+00
      9.088   64.66890 -168.23716     6.0851    31.8170    1471.22  0.000e+00
      9.203   64.66890 -168.23716     6.0845    31.8156    1471.21  0.000e+00
      9.149   64.66890 -168.23716     6.0825    31.8153    1471.20  0.000e+00
      9.203   64.66890 -168.23716     6.0815    31.8152    1471.20  0.000e+00
      9.149   64.66890 -168.23716     6.0797    31.8158    1471.19  0.000e+00
      9.234   64.66890 -168.23716     6.0783    31.8168    1471.19  0.000e+00
      9.203   64.66890 -168.23716     6.0783    31.8168    1471.19  0.000e+00
      9.265   64.66890 -168.23716     6.0777    31.8168    1471.19  0.000e+00
      9.265   64.66890 -168.23716     6.0774    31.8159    1471.19  0.000e+00
      9.265   64.66890 -168.23716     6.0765    31.8165    1471.18  0.000e+00
      9.265   64.66890 -168.23716     6.0758    31.8175    1471.18  0.000e+00
      9.319   64.66890 -168.23716     6.0766    31.8177    1471.19  0.000e+00
      9.319   64.66890 -168.23716     6.0758    31.8173    1471.18  0.000e+00
      9.319   64.66890 -168.23716     6.0734    31.8176    1471.17  0.000e+00
      9.319   64.66890 -168.23716     6.0715    31.8167    1471.17  0.000e+00
      9.381   64.66890 -168.23716     6.0699    31.8168    1471.16  0.000e+00
      9.350   64.66890 -168.23716     6.0696    31.8174    1471.16  0.000e+00
      9.381   64.66890 -168.23716     6.0699    31.8183    1471.16  0.000e+00
      9.435   64.66890 -168.23716     6.0717    31.8193    1471.17  0.000e+00
      9.435   64.66890 -168.23716     6.0731    31.8196    1471.18  0.000e+00
      9.435   64.66890 -168.23716     6.0742    31.8201    1471.18  0.000e+00
      9.488   64.66890 -168.23716     6.0744    31.8184    1471.18  0.000e+00
      9.434   64.66890 -168.23716     6.0733    31.8180    1471.18  0.000e+00
      9.488   64.66890 -168.23716     6.0718    31.8178    1471.17  0.000e+00
      9.550   64.66890 -168.23716     6.0715    31.8183    1471.17  0.000e+00
      9.488   64.66890 -168.23716     6.0720    31.8191    1471.17  0.000e+00
      9.550   64.66890 -168.23716     6.0736    31.8194    1471.18  0.000e+00
      9.550   64.66890 -168.23716     6.0750    31.8196    1471.19  0.000e+00
      9.581   64.66890 -168.23716     6.0762    31.8194    1471.19  0.000e+00
      9.604   64.66890 -168.23716     6.0772    31.8189    1471.20  0.000e+00
      9.604   64.66890 -168.23716     6.0777    31.8184    1471.20  0.000e+00
      9.604   64.66890 -168.23716     6.0786    31.8187    1471.20  0.000e+00
      9.666   64.66890 -168.23716     6.0792    31.8193    1471.20  0.000e+00
      9.604   64.66890 -168.23716     6.0798    31.8191    1471.21  0.000e+00
      9.666   64.66890 -168.23716     6.0811    31.8187    1471.21  0.000e+00
      9.720   64.66890 -168.23716     6.0814    31.8187    1471.21  0.000e+00
      9.666   64.66890 -168.23716     6.0821    31.8183    1471.22  0.000e+00
      9.720   64.66890 -168.23716     6.0817    31.8176    1471.21  0.000e+00
      9.751   64.66890 -168.23716     6.0806    31.8177    1471.21  0.000e+00
      9.720   64.66890 -168.23716     6.0806    31.8178    1471.21  0.000e+00
      9.720   64.66890 -168.23716     6.0808    31.8184    1471.21  0.000e+00
      9.782   64.66890 -168.23716     6.0806    31.8181    1471.21  0.000e+00
      9.782   64.66890 -168.23716     6.0800    31.8171    1471.21  0.000e+00
      9.782   64.66890 -168.23716     6.0792    31.8171    1471.20  0.000e+00
      9.782   64.66890 -168.23716     6.0786    31.8178    1471.20  0.000e+00
      9.836   64.66890 -168.23716     6.0783    31.8177    1471.20  0.000e+00
      9.836   64.66890 -168.23716     6.0779    31.8173    1471.20  0.000e+00
      9.782   64.66890 -168.23716     6.0771    31.8178    1471.20  0.000e+00
      9.836   64.66890 -168.23716     6.0773    31.8174    1471.20  0.000e+00
      9.866   64.66890 -168.23716     6.0774    31.8174    1471.20  0.000e+00
      9.890   64.66890 -168.23716     6.0773    31.8172    1471.20  0.000e+00
      9.836   64.66890 -168.23716     6.0765    31.8174    1471.19  0.000e+00
      9.890   64.66890 -168.23716     6.0753    31.8169    1471.19  0.000e+00
      9.836   64.66890 -168.23716     6.0742    31.8173    1471.19  0.000e+00
      9.890   64.66890 -168.23716     6.0738    31.8178    1471.19  0.000e+00
      9.890   64.66890 -168.23716     6.0736    31.8183    1471.18  0.000e+00
      9.890   64.66890 -168.23716     6.0741    31.8193    1471.19  0.000e+00
      9.951   64.66890 -168.23716     6.0750    31.8191    1471.19  0.000e+00
      9.890   64.66890 -168.23716     6.0757    31.8189    1471.19  0.000e+00
      9.920   64.66890 -168.23716     6.0765    31.8191    1471.20  0.000e+00
      9.890   64.66890 -168.23716     6.0773    31.8187    1471.20  0.000e+00
      9.951   64.66890 -168.23716     6.0775    31.8191    1471.20  0.000e+00
      9.890   64.66890 -168.23716     6.0783    31.8185    1471.20  0.000e+00
     10.005   64.66890 -168.23716     6.0786    31.8183    1471.21  0.000e+00
      9.951   64.66890 -168.23716     6.0789    31.8178    1471.21  0.000e+00
      9.889   64.66890 -168.23716     6.0790    31.8179    1471.21  0.000e+00
     10.005   64.66890 -168.23716     6.0793    31.8174    1471.21  0.000e+00
      9.889   64.66890 -168.23716     6.0800    31.8176    1471.21  0.000e+00
     10.005   64.66890 -168.23716     6.0808    31.8167    1471.21  0.000e+00
      9.920   64.66890 -168.23716     6.0815    31.8163    1471.21  0.000e+00
      9.951   64.66890 -168.23716     6.0813    31.8167    1471.21  0.000e+00
      9.951   64.66890 -168.23716     6.0810    31.8167    1471.21  0.000e+00
     10.005   64.66890 -168.23716     6.0804    31.8175    1471.21  0.000e+00
      9.951   64.66890 -168.23716     6.0803    31.8174    1471.21  0.000e+00
     10.005   64.66890 -168.23716     6.0793    31.8177    1471.21  0.000e+00
      9.951   64.66890 -168.23716     6.0792    31.8180    1471.21  0.000e+00
      9.951   64.66890 -168.23716     6.0789    31.8182    1471.21  0.000e+00
     10.005   64.66890 -168.23716     6.0786    31.8185    1471.21  0.000e+00
      9.951   64.66890 -168.23716     6.0787    31.8185    1471.21  0.000e+00
      9.982   64.66890 -168.23716     6.0792    31.8178    1471.21  0.000e+00
     10.005   64.66890 -168.23716     6.0783    31.8182    1471.21  0.000e+00
      9.951   64.66890 -168.23716     6.0768    31.8195    1471.20  0.000e+00
     10.005   64.66890 -168.23716     6.0760    31.8203    1471.20  0.000e+00
      9.951   64.66890 -168.23716     6.0760    31.8201    1471.20  0.000e+00
     10.005   64.66890 -168.23716     6.0755    31.8203    1471.20  0.000e+00
      9.951   64.66890 -168.23716     6.0759    31.8198    1471.20  0.000e+00
      9.951   64.66890 -168.23716     6.0768    31.8192    1471.20  0.000e+00
     10.005   64.66890 -168.23716     6.0773    31.8186    1471.20  0.000e+00
     10.005   64.66890 -168.23716     6.0780    31.8180    1471.20  0.000e+00
      9.982   64.66890 -168.23716     6.0784    31.8175    1471.20  0.000e+00
      9.951   64.66890 -168.23716     6.0789    31.8173    1471.21  0.000e+00
     10.005   64.66890 -168.23716     6.0790    31.8171    1471.21  0.000e+00
     10.005   64.66890 -168.23716     6.0787    31.8175    1471.21  0.000e+00
      9.951   64.66890 -168.23716     6.0785    31.8179    1471.20  0.000e+00
     10.005   64.66890 -168.23716     6.0784    31.8182    1471.21  0.000e+00
      9.951   64.66890 -168.23716     6.0789    31.8176    1471.21  0.000e+00
     10.005   64.66890 -168.23716     6.0787    31.8176    1471.21  0.000e+00
     10.005   64.66890 -168.23716     6.0784    31.8177    1471.21  0.000e+00
     10.005   64.66890 -168.23716     6.0784    31.8174    1471.21  0.000e+00
      9.920   64.66890 -168.23716     6.0786    31.8175    1471.20  0.000e+00
     10.005   64.66890 -168.23716     6.0787    31.8175    1471.21  0.000e+00
     10.005   64.66890 -168.23716     6.0788    31.8180    1471.21  0.000e+00
     10.005   64.66890 -168.23716     6.0786    31.8181    1471.21  0.000e+00
     10.005   64.66890 -168.23716     6.0787    31.8175    1471.21  0.000e+00
     10.005   64.66890 -168.23716     6.0786    31.8179    1471.21  0.000e+00
     10.005   64.66890 -168.23716     6.0787    31.8179    1471.21  0.000e+00
     10.005   64.66890 -168.23716     6.0783    31.8177    1471.20  0.000e+00
     10.005   64.66890 -168.23716     6.0765    31.8194    1471.20  0.000e+00
     10.067   64.66890 -168.23716     6.0757    31.8198    1471.20  0.000e+00
      9.982   64.66890 -168.23716     6.0767    31.8183    1471.20  0.000e+00
     10.067   64.66890 -168.23716     6.0777    31.8169    1471.20  0.000e+00
     10.005   64.66890 -168.23716     6.0776    31.8168    1471.20  0.000e+00
     10.067   64.66890 -168.23716     6.0777    31.8164    1471.20  0.000e+00
     10.005   64.66890 -168.23716     6.0766    31.8167    1471.20  0.000e+00
     10.067   64.66890 -168.23716     6.0747    31.8169    1471.19  0.000e+00
     10.067   64.66890 -168.23716     6.0699    31.8190    1471.17  0.000e+00
     10.005   64.66890 -168.23716     6.0637    31.8228    1471.15  0.000e+00
     10.067   64.66890 -168.23716     6.0629    31.8228    1471.15  0.000e+00
     10.121   64.66890 -168.23716     6.0697    31.8189    1471.17  0.000e+00
     10.036   64.66890 -168.23716     6.0762    31.8166    1471.20  0.000e+00
     10.121   64.66890 -168.23716     6.0760    31.8174    1471.20  0.000e+00
     10.067   64.66890 -168.23716     6.0734    31.8189    1471.19  0.000e+00
     10.067   64.66890 -168.23716     6.0738    31.8182    1471.19  0.000e+00
     10.121   64.66890 -168.23716     6.0752    31.8168    1471.19  0.000e+00
     10.121   64.66890 -168.23716     6.0753    31.8161    1471.19  0.000e+00
     10.121   64.66890 -168.23716     6.0750    31.8161    1471.19  0.000e+00
     10.067   64.66890 -168.23716     6.0749    31.8164    1471.19  0.000e+00
     10.121   64.66890 -168.23716     6.0739    31.8172    1471.19  0.000e+00
     10.182   64.66890 -168.23716     6.0723    31.8171    1471.18  0.000e+00
     10.097   64.66890 -168.23716     6.0710    31.8178    1471.18  0.000e+00
     10.182   64.66890 -168.23716     6.0731    31.8158    1471.18  0.000e+00
     10.121   64.66890 -168.23716     6.0718    31.8158    1471.18  0.000e+00
     10.182   64.66890 -168.23716     6.0694    31.8180    1471.17  0.000e+00
     10.182   64.66890 -168.23716     6.0696    31.8197    1471.18  0.000e+00
     10.182   64.66890 -168.23718     6.0718    31.8195    1471.18  0.000e+00
     10.182   64.66890 -168.23718     6.0752    31.8187    1471.20  0.000e+00
     10.182   64.66890 -168.23718     6.0780    31.8185    1471.21  0.000e+00
     10.182   64.66890 -168.23718     6.0793    31.8178    1471.21  0.000e+00
     10.182   64.66890 -168.23718     6.0792    31.8182    1471.21  0.000e+00
     10.267   64.66890 -168.23718     6.0790    31.8184    1471.21  0.000e+00
     10.236   64.66890 -168.23718     6.0797    31.8183    1471.22  0.000e+00
     10.236   64.66890 -168.23718     6.0800    31.8185    1471.22  0.000e+00
     10.236   64.66890 -168.23718     6.0804    31.8183    1471.22  0.000e+00
     10.236   64.66890 -168.23718     6.0810    31.8177    1471.22  0.000e+00
     10.290   64.66890 -168.23718     6.0797    31.8175    1471.22  0.000e+00
