EcoFOCI/data/1_SampleCollection/2023_SikuliaqDBO_CruiseData/CTD_raw_BottleFile_SKQ23-12S/proc/skq202312s_033svp.cnv
* Sea-Bird SBE 9 Data File:
* FileName = D:\CTD\SKQ202312S\SKQ202312S_033.hex
* Software Version Seasave V 7.26.7.121
* Temperature SN = 6177
* Conductivity SN = 0369
* Number of Bytes Per Scan = 41
* Number of Voltage Words = 4
* Number of Scans Averaged by the Deck Unit = 1
* NMEA Latitude = 71 34.65 N
* NMEA Longitude = 157 50.24 W
* NMEA UTC (Time) = Sep 21 2023  14:22:10
* NMEA baud rate = 4800
** Ship: R/V Sikuliaq
** Station Number: 033
** Station Name: DBO5.9
** Bottom Depth: 66
** Operator: SD
# nquan = 7
# nvalues = 6364                                  
# units = specified
# name 0 = depSM: Depth [salt water, m]
# name 1 = latitude: Latitude [deg]
# name 2 = longitude: Longitude [deg]
# name 3 = t090C: Temperature [ITS-90, deg C]
# name 4 = sal00: Salinity, Practical [PSU]
# name 5 = svCM: Sound Velocity [Chen-Millero, m/s]
# name 6 = flag:  0.000e+00
# span 0 =      2.472,     59.570                 
# span 1 =   71.57744,   71.57752                 
# span 2 = -157.83780, -157.83732                 
# span 3 =    -1.6373,     2.2384                 
# span 4 =    29.9692,    32.9009                 
# span 5 =    1439.13,    1452.86                 
# span 6 = 0.0000e+00, 0.0000e+00                 
# interval = seconds: 0.0416667
# start_time = Sep 21 2023 14:28:00 [NMEA time, first data scan]
# bad_flag = -9.990e-29
*END*
[from data line 5744]
     59.057   71.57750 -157.83744    -1.6347    32.8989    1439.60  0.000e+00
     59.050   71.57750 -157.83744    -1.6347    32.8988    1439.60  0.000e+00
     59.057   71.57750 -157.83744    -1.6348    32.8985    1439.60  0.000e+00
     58.996   71.57750 -157.83744    -1.6345    32.8986    1439.60  0.000e+00
     58.996   71.57750 -157.83744    -1.6348    32.8987    1439.59  0.000e+00
     58.996   71.57750 -157.83744    -1.6350    32.8986    1439.59  0.000e+00
     58.996   71.57750 -157.83744    -1.6348    32.8984    1439.59  0.000e+00
     58.996   71.57750 -157.83744    -1.6350    32.8987    1439.59  0.000e+00
     58.942   71.57750 -157.83744    -1.6350    32.8988    1439.59  0.000e+00
     58.996   71.57750 -157.83744    -1.6352    32.8988    1439.59  0.000e+00
     58.942   71.57750 -157.83744    -1.6350    32.8991    1439.59  0.000e+00
     58.934   71.57750 -157.83744    -1.6349    32.8988    1439.59  0.000e+00
     58.942   71.57750 -157.83744    -1.6348    32.8985    1439.59  0.000e+00
     58.888   71.57750 -157.83744    -1.6350    32.8990    1439.59  0.000e+00
     58.942   71.57750 -157.83744    -1.6350    32.8988    1439.59  0.000e+00
     58.888   71.57750 -157.83744    -1.6350    32.8991    1439.59  0.000e+00
     58.888   71.57750 -157.83744    -1.6347    32.8991    1439.59  0.000e+00
     58.888   71.57750 -157.83744    -1.6347    32.8986    1439.59  0.000e+00
     58.826   71.57750 -157.83744    -1.6343    32.8986    1439.59  0.000e+00
     58.888   71.57750 -157.83744    -1.6345    32.8987    1439.59  0.000e+00
     58.826   71.57750 -157.83744    -1.6342    32.8986    1439.59  0.000e+00
     58.826   71.57750 -157.83744    -1.6342    32.8982    1439.59  0.000e+00
     58.826   71.57750 -157.83744    -1.6342    32.8981    1439.59  0.000e+00
     58.772   71.57750 -157.83744    -1.6342    32.8984    1439.59  0.000e+00
     58.826   71.57750 -157.83744    -1.6342    32.8986    1439.59  0.000e+00
     58.772   71.57750 -157.83744    -1.6342    32.8987    1439.59  0.000e+00
     58.772   71.57750 -157.83744    -1.6342    32.8983    1439.59  0.000e+00
     58.772   71.57750 -157.83744    -1.6342    32.8983    1439.59  0.000e+00
     58.772   71.57750 -157.83744    -1.6342    32.8984    1439.59  0.000e+00
     58.772   71.57750 -157.83744    -1.6341    32.8980    1439.59  0.000e+00
     58.710   71.57750 -157.83744    -1.6338    32.8979    1439.59  0.000e+00
     58.710   71.57750 -157.83744    -1.6336    32.8981    1439.60  0.000e+00
     58.772   71.57750 -157.83744    -1.6336    32.8976    1439.60  0.000e+00
     58.648   71.57750 -157.83744    -1.6333    32.8976    1439.59  0.000e+00
     58.710   71.57750 -157.83744    -1.6331    32.8972    1439.60  0.000e+00
     58.710   71.57750 -157.83744    -1.6332    32.8973    1439.60  0.000e+00
     58.656   71.57750 -157.83744    -1.6328    32.8966    1439.60  0.000e+00
     58.710   71.57750 -157.83744    -1.6328    32.8968    1439.60  0.000e+00
     58.656   71.57750 -157.83744    -1.6326    32.8965    1439.60  0.000e+00
     58.710   71.57750 -157.83744    -1.6326    32.8964    1439.60  0.000e+00
     58.656   71.57750 -157.83744    -1.6328    32.8969    1439.60  0.000e+00
     58.656   71.57750 -157.83744    -1.6330    32.8973    1439.60  0.000e+00
     58.656   71.57750 -157.83744    -1.6330    32.8972    1439.60  0.000e+00
     58.656   71.57750 -157.83744    -1.6333    32.8971    1439.59  0.000e+00
     58.594   71.57750 -157.83744    -1.6333    32.8970    1439.59  0.000e+00
     58.656   71.57750 -157.83744    -1.6334    32.8974    1439.59  0.000e+00
     58.656   71.57750 -157.83744    -1.6334    32.8974    1439.59  0.000e+00
     58.594   71.57750 -157.83744    -1.6334    32.8971    1439.59  0.000e+00
     58.656   71.57750 -157.83744    -1.6334    32.8974    1439.59  0.000e+00
     58.594   71.57750 -157.83744    -1.6336    32.8976    1439.59  0.000e+00
     58.656   71.57750 -157.83744    -1.6333    32.8972    1439.59  0.000e+00
     58.594   71.57750 -157.83744    -1.6333    32.8975    1439.59  0.000e+00
     58.594   71.57750 -157.83744    -1.6331    32.8972    1439.59  0.000e+00
     58.594   71.57750 -157.83744    -1.6331    32.8971    1439.59  0.000e+00
     58.594   71.57750 -157.83744    -1.6330    32.8971    1439.59  0.000e+00
     58.594   71.57750 -157.83744    -1.6330    32.8971    1439.59  0.000e+00
     58.594   71.57750 -157.83744    -1.6328    32.8970    1439.60  0.000e+00
     58.594   71.57750 -157.83744    -1.6328    32.8968    1439.59  0.000e+00
     58.656   71.57750 -157.83744    -1.6328    32.8967    1439.60  0.000e+00
     58.594   71.57750 -157.83744    -1.6328    32.8971    1439.60  0.000e+00
     58.594   71.57750 -157.83744    -1.6327    32.8969    1439.60  0.000e+00
     58.594   71.57750 -157.83744    -1.6324    32.8965    1439.60  0.000e+00
     58.594   71.57750 -157.83744    -1.6324    32.8965    1439.60  0.000e+00
     58.594   71.57750 -157.83744    -1.6326    32.8969    1439.60  0.000e+00
     58.594   71.57750 -157.83744    -1.6322    32.8966    1439.60  0.000e+00
     58.594   71.57750 -157.83744    -1.6322    32.8962    1439.60  0.000e+00
     58.648   71.57750 -157.83744    -1.6326    32.8969    1439.60  0.000e+00
     58.594   71.57750 -157.83744    -1.6321    32.8963    1439.60  0.000e+00
     58.594   71.57750 -157.83744    -1.6324    32.8965    1439.60  0.000e+00
     58.594   71.57750 -157.83744    -1.6324    32.8964    1439.60  0.000e+00
     58.656   71.57750 -157.83744    -1.6322    32.8967    1439.60  0.000e+00
     58.594   71.57750 -157.83744    -1.6326    32.8968    1439.60  0.000e+00
     58.594   71.57750 -157.83744    -1.6324    32.8969    1439.60  0.000e+00
     58.656   71.57750 -157.83744    -1.6326    32.8968    1439.60  0.000e+00
     58.656   71.57750 -157.83744    -1.6326    32.8969    1439.60  0.000e+00
     58.656   71.57750 -157.83744    -1.6326    32.8970    1439.60  0.000e+00
     58.594   71.57750 -157.83744    -1.6327    32.8968    1439.60  0.000e+00
     58.656   71.57750 -157.83744    -1.6327    32.8970    1439.60  0.000e+00
     58.648   71.57750 -157.83744    -1.6326    32.8970    1439.60  0.000e+00
     58.656   71.57750 -157.83744    -1.6326    32.8966    1439.60  0.000e+00
     58.656   71.57750 -157.83744    -1.6322    32.8965    1439.60  0.000e+00
     58.710   71.57750 -157.83744    -1.6326    32.8969    1439.60  0.000e+00
     58.656   71.57750 -157.83744    -1.6326    32.8965    1439.60  0.000e+00
     58.656   71.57750 -157.83744    -1.6327    32.8968    1439.60  0.000e+00
     58.710   71.57750 -157.83744    -1.6328    32.8970    1439.60  0.000e+00
     58.710   71.57750 -157.83744    -1.6330    32.8971    1439.60  0.000e+00
     58.710   71.57750 -157.83744    -1.6328    32.8966    1439.60  0.000e+00
     58.710   71.57750 -157.83744    -1.6330    32.8970    1439.60  0.000e+00
     58.656   71.57750 -157.83744    -1.6333    32.8972    1439.59  0.000e+00
     58.764   71.57750 -157.83744    -1.6332    32.8970    1439.60  0.000e+00
     58.710   71.57750 -157.83744    -1.6334    32.8976    1439.60  0.000e+00
     58.710   71.57750 -157.83744    -1.6338    32.8978    1439.59  0.000e+00
     58.771   71.57750 -157.83744    -1.6336    32.8977    1439.60  0.000e+00
     58.710   71.57750 -157.83744    -1.6338    32.8979    1439.59  0.000e+00
     58.771   71.57750 -157.83744    -1.6338    32.8979    1439.59  0.000e+00
     58.771   71.57750 -157.83744    -1.6339    32.8983    1439.59  0.000e+00
     58.771   71.57750 -157.83744    -1.6342    32.8981    1439.59  0.000e+00
     58.771   71.57750 -157.83744    -1.6343    32.8983    1439.59  0.000e+00
     58.771   71.57750 -157.83744    -1.6345    32.8987    1439.59  0.000e+00
     58.771   71.57750 -157.83744    -1.6343    32.8983    1439.59  0.000e+00
     58.764   71.57750 -157.83744    -1.6345    32.8990    1439.59  0.000e+00
     58.825   71.57750 -157.83744    -1.6341    32.8979    1439.59  0.000e+00
     58.771   71.57750 -157.83744    -1.6341    32.8981    1439.59  0.000e+00
     58.825   71.57750 -157.83744    -1.6339    32.8976    1439.59  0.000e+00
     58.771   71.57750 -157.83744    -1.6341    32.8982    1439.59  0.000e+00
     58.825   71.57750 -157.83744    -1.6339    32.8978    1439.60  0.000e+00
     58.825   71.57750 -157.83744    -1.6341    32.8984    1439.59  0.000e+00
     58.771   71.57750 -157.83744    -1.6341    32.8982    1439.59  0.000e+00
     58.825   71.57750 -157.83744    -1.6341    32.8982    1439.59  0.000e+00
     58.825   71.57750 -157.83744    -1.6341    32.8987    1439.60  0.000e+00
     58.825   71.57750 -157.83744    -1.6339    32.8982    1439.60  0.000e+00
     58.825   71.57750 -157.83744    -1.6338    32.8980    1439.60  0.000e+00
     58.825   71.57750 -157.83744    -1.6334    32.8978    1439.60  0.000e+00
     58.825   71.57750 -157.83744    -1.6336    32.8982    1439.60  0.000e+00
     58.825   71.57750 -157.83744    -1.6334    32.8977    1439.60  0.000e+00
     58.825   71.57750 -157.83744    -1.6334    32.8980    1439.60  0.000e+00
     58.887   71.57750 -157.83744    -1.6331    32.8979    1439.60  0.000e+00
     58.825   71.57750 -157.83744    -1.6331    32.8982    1439.60  0.000e+00
     58.825   71.57750 -157.83744    -1.6333    32.8983    1439.60  0.000e+00
     58.887   71.57750 -157.83744    -1.6333    32.8980    1439.60  0.000e+00
     58.825   71.57750 -157.83744    -1.6333    32.8975    1439.60  0.000e+00
     58.825   71.57750 -157.83744    -1.6331    32.8977    1439.60  0.000e+00
     58.887   71.57750 -157.83744    -1.6333    32.8982    1439.60  0.000e+00
     58.825   71.57750 -157.83744    -1.6331    32.8979    1439.60  0.000e+00
     58.825   71.57750 -157.83744    -1.6333    32.8981    1439.60  0.000e+00
     58.887   71.57750 -157.83744    -1.6331    32.8978    1439.60  0.000e+00
     58.825   71.57750 -157.83744    -1.6331    32.8982    1439.60  0.000e+00
     58.887   71.57750 -157.83744    -1.6333    32.8981    1439.60  0.000e+00
     58.825   71.57750 -157.83744    -1.6333    32.8981    1439.60  0.000e+00
     58.825   71.57750 -157.83744    -1.6333    32.8982    1439.60  0.000e+00
     58.887   71.57750 -157.83744    -1.6333    32.8978    1439.60  0.000e+00
     58.825   71.57750 -157.83744    -1.6330    32.8979    1439.60  0.000e+00
     58.879   71.57750 -157.83744    -1.6331    32.8979    1439.60  0.000e+00
     58.825   71.57750 -157.83744    -1.6333    32.8980    1439.60  0.000e+00
     58.887   71.57750 -157.83744    -1.6331    32.8978    1439.60  0.000e+00
     58.825   71.57750 -157.83744    -1.6334    32.8984    1439.60  0.000e+00
     58.887   71.57750 -157.83744    -1.6331    32.8983    1439.60  0.000e+00
     58.825   71.57750 -157.83744    -1.6333    32.8986    1439.60  0.000e+00
     58.887   71.57750 -157.83744    -1.6333    32.8980    1439.60  0.000e+00
     58.887   71.57750 -157.83744    -1.6331    32.8979    1439.60  0.000e+00
     58.825   71.57750 -157.83744    -1.6332    32.8981    1439.60  0.000e+00
     58.887   71.57750 -157.83744    -1.6331    32.8979    1439.60  0.000e+00
     58.825   71.57750 -157.83744    -1.6330    32.8981    1439.60  0.000e+00
     58.933   71.57750 -157.83744    -1.6330    32.8977    1439.60  0.000e+00
     58.887   71.57750 -157.83744    -1.6330    32.8974    1439.60  0.000e+00
     58.887   71.57750 -157.83744    -1.6330    32.8979    1439.60  0.000e+00
     58.825   71.57750 -157.83744    -1.6331    32.8977    1439.60  0.000e+00
     58.941   71.57750 -157.83744    -1.6330    32.8975    1439.60  0.000e+00
     58.825   71.57750 -157.83744    -1.6330    32.8978    1439.60  0.000e+00
     58.941   71.57750 -157.83744    -1.6328    32.8974    1439.60  0.000e+00
     58.887   71.57750 -157.83744    -1.6328    32.8975    1439.60  0.000e+00
     58.887   71.57750 -157.83744    -1.6330    32.8976    1439.60  0.000e+00
     58.941   71.57750 -157.83744    -1.6328    32.8973    1439.60  0.000e+00
     58.879   71.57750 -157.83744    -1.6330    32.8978    1439.60  0.000e+00
     58.887   71.57750 -157.83744    -1.6330    32.8979    1439.60  0.000e+00
     58.941   71.57750 -157.83744    -1.6330    32.8980    1439.60  0.000e+00
     58.941   71.57750 -157.83744    -1.6333    32.8978    1439.60  0.000e+00
     58.941   71.57750 -157.83744    -1.6331    32.8978    1439.60  0.000e+00
     58.941   71.57750 -157.83744    -1.6334    32.8981    1439.60  0.000e+00
     58.941   71.57750 -157.83744    -1.6334    32.8984    1439.60  0.000e+00
     58.941   71.57750 -157.83744    -1.6336    32.8983    1439.60  0.000e+00
     58.995   71.57750 -157.83744    -1.6333    32.8979    1439.60  0.000e+00
     58.941   71.57750 -157.83744    -1.6334    32.8981    1439.60  0.000e+00
     58.941   71.57750 -157.83744    -1.6338    32.8989    1439.60  0.000e+00
     58.995   71.57750 -157.83744    -1.6334    32.8983    1439.60  0.000e+00
     58.941   71.57750 -157.83744    -1.6336    32.8982    1439.60  0.000e+00
     58.995   71.57750 -157.83744    -1.6336    32.8982    1439.60  0.000e+00
     58.995   71.57750 -157.83744    -1.6335    32.8985    1439.60  0.000e+00
     58.995   71.57750 -157.83744    -1.6334    32.8982    1439.60  0.000e+00
     58.995   71.57750 -157.83744    -1.6336    32.8987    1439.60  0.000e+00
     59.056   71.57750 -157.83744    -1.6336    32.8985    1439.60  0.000e+00
     58.995   71.57750 -157.83744    -1.6334    32.8985    1439.60  0.000e+00
     58.995   71.57750 -157.83744    -1.6336    32.8987    1439.60  0.000e+00
     59.056   71.57750 -157.83744    -1.6334    32.8985    1439.60  0.000e+00
     58.995   71.57750 -157.83744    -1.6333    32.8985    1439.60  0.000e+00
     59.056   71.57750 -157.83744    -1.6331    32.8980    1439.60  0.000e+00
     58.995   71.57750 -157.83744    -1.6336    32.8988    1439.60  0.000e+00
     59.056   71.57750 -157.83746    -1.6336    32.8988    1439.60  0.000e+00
     59.056   71.57750 -157.83746    -1.6336    32.8990    1439.60  0.000e+00
     59.056   71.57750 -157.83746    -1.6336    32.8989    1439.60  0.000e+00
     59.056   71.57750 -157.83746    -1.6336    32.8990    1439.60  0.000e+00
     59.056   71.57750 -157.83746    -1.6338    32.8992    1439.60  0.000e+00
     59.056   71.57750 -157.83746    -1.6336    32.8986    1439.60  0.000e+00
     59.056   71.57750 -157.83746    -1.6336    32.8986    1439.60  0.000e+00
     59.049   71.57750 -157.83746    -1.6334    32.8987    1439.60  0.000e+00
     59.056   71.57750 -157.83746    -1.6338    32.8992    1439.60  0.000e+00
     59.056   71.57750 -157.83746    -1.6336    32.8987    1439.60  0.000e+00
     59.056   71.57750 -157.83746    -1.6334    32.8983    1439.60  0.000e+00
     59.056   71.57750 -157.83746    -1.6338    32.8991    1439.60  0.000e+00
     59.056   71.57750 -157.83746    -1.6336    32.8987    1439.60  0.000e+00
     59.056   71.57750 -157.83746    -1.6334    32.8985    1439.60  0.000e+00
     59.056   71.57750 -157.83746    -1.6336    32.8987    1439.60  0.000e+00
     58.994   71.57750 -157.83746    -1.6335    32.8989    1439.60  0.000e+00
     59.056   71.57750 -157.83746    -1.6334    32.8987    1439.60  0.000e+00
     59.048   71.57750 -157.83746    -1.6334    32.8986    1439.60  0.000e+00
     59.056   71.57750 -157.83746    -1.6336    32.8987    1439.60  0.000e+00
     58.994   71.57750 -157.83746    -1.6334    32.8987    1439.60  0.000e+00
     59.056   71.57750 -157.83746    -1.6336    32.8985    1439.60  0.000e+00
     58.994   71.57750 -157.83746    -1.6334    32.8985    1439.60  0.000e+00
     58.994   71.57750 -157.83746    -1.6334    32.8986    1439.60  0.000e+00
     58.994   71.57750 -157.83746    -1.6336    32.8989    1439.60  0.000e+00
     59.056   71.57750 -157.83746    -1.6334    32.8983    1439.60  0.000e+00
     58.994   71.57750 -157.83746    -1.6333    32.8984    1439.60  0.000e+00
     58.940   71.57750 -157.83746    -1.6333    32.8986    1439.60  0.000e+00
