EcoFOCI/data/1_SampleCollection/2023_SikuliaqDBO_CruiseData/CTD_raw_BottleFile_SKQ23-12S/proc/skq202312s_035svp.cnv
* Sea-Bird SBE 9 Data File:
* FileName = D:\CTD\SKQ202312S\SKQ202312S_035.hex
* Software Version Seasave V 7.26.7.121
* Temperature SN = 6177
* Conductivity SN = 0369
* Number of Bytes Per Scan = 41
* Number of Voltage Words = 4
* Number of Scans Averaged by the Deck Unit = 1
* NMEA Latitude = 71 45.08 N
* NMEA Longitude = 154 27.66 W
* NMEA UTC (Time) = Sep 22 2023  01:56:11
* NMEA baud rate = 4800
** Ship: R/V Sikuliaq
** Station Number: 035
** Station Name: BF2
** Bottom Depth: 88
** Operator: SD
# nquan = 7
# nvalues = 9209                                  
# units = specified
# name 0 = depSM: Depth [salt water, m]
# name 1 = latitude: Latitude [deg]
# name 2 = longitude: Longitude [deg]
# name 3 = t090C: Temperature [ITS-90, deg C]
# name 4 = sal00: Salinity, Practical [PSU]
# name 5 = svCM: Sound Velocity [Chen-Millero, m/s]
# name 6 = flag:  0.000e+00
# span 0 =      1.841,     79.392                 
# span 1 =   71.75104,   71.75126                 
# span 2 = -154.46116, -154.46000                 
# span 3 =    -0.9625,     4.2018                 
# span 4 =    28.0118,    32.3375                 
# span 5 =    1442.27,    1461.54                 
# span 6 = 0.0000e+00, 0.0000e+00                 
# interval = seconds: 0.0416667
# start_time = Sep 22 2023 02:02:56 [NMEA time, first data scan]
# bad_flag = -9.990e-29
*END*
[from data line 3898]
     44.350   71.75124 -154.46116    -0.1280    32.1650    1445.48  0.000e+00
     44.404   71.75124 -154.46116    -0.1282    32.1651    1445.48  0.000e+00
     44.404   71.75124 -154.46116    -0.1285    32.1656    1445.48  0.000e+00
     44.404   71.75124 -154.46116    -0.1283    32.1653    1445.48  0.000e+00
     44.466   71.75124 -154.46116    -0.1283    32.1658    1445.48  0.000e+00
     44.520   71.75124 -154.46116    -0.1276    32.1661    1445.48  0.000e+00
     44.520   71.75124 -154.46116    -0.1270    32.1647    1445.49  0.000e+00
     44.520   71.75124 -154.46116    -0.1272    32.1644    1445.48  0.000e+00
     44.581   71.75124 -154.46116    -0.1278    32.1642    1445.48  0.000e+00
     44.581   71.75124 -154.46116    -0.1280    32.1647    1445.48  0.000e+00
     44.635   71.75124 -154.46116    -0.1282    32.1643    1445.48  0.000e+00
     44.581   71.75124 -154.46116    -0.1286    32.1653    1445.48  0.000e+00
     44.689   71.75124 -154.46116    -0.1284    32.1648    1445.48  0.000e+00
     44.689   71.75124 -154.46116    -0.1286    32.1651    1445.48  0.000e+00
     44.743   71.75124 -154.46116    -0.1288    32.1657    1445.48  0.000e+00
     44.751   71.75124 -154.46116    -0.1285    32.1655    1445.48  0.000e+00
     44.751   71.75124 -154.46116    -0.1286    32.1659    1445.48  0.000e+00
     44.805   71.75124 -154.46116    -0.1282    32.1652    1445.49  0.000e+00
     44.805   71.75124 -154.46116    -0.1282    32.1654    1445.49  0.000e+00
     44.805   71.75124 -154.46116    -0.1282    32.1654    1445.49  0.000e+00
     44.867   71.75124 -154.46116    -0.1278    32.1652    1445.49  0.000e+00
     44.921   71.75124 -154.46116    -0.1277    32.1649    1445.49  0.000e+00
     44.921   71.75124 -154.46116    -0.1282    32.1645    1445.49  0.000e+00
     44.921   71.75124 -154.46116    -0.1285    32.1648    1445.48  0.000e+00
     44.982   71.75124 -154.46116    -0.1287    32.1642    1445.48  0.000e+00
     45.036   71.75124 -154.46116    -0.1294    32.1651    1445.48  0.000e+00
     44.982   71.75124 -154.46116    -0.1296    32.1651    1445.48  0.000e+00
     45.036   71.75124 -154.46116    -0.1296    32.1648    1445.48  0.000e+00
     45.090   71.75124 -154.46116    -0.1298    32.1654    1445.48  0.000e+00
     45.090   71.75124 -154.46116    -0.1297    32.1659    1445.48  0.000e+00
     45.090   71.75124 -154.46116    -0.1297    32.1652    1445.48  0.000e+00
     45.036   71.75124 -154.46116    -0.1296    32.1652    1445.48  0.000e+00
     45.268   71.75124 -154.46116    -0.1299    32.1656    1445.48  0.000e+00
     45.206   71.75124 -154.46116    -0.1297    32.1656    1445.48  0.000e+00
     45.206   71.75124 -154.46116    -0.1296    32.1655    1445.49  0.000e+00
     45.206   71.75124 -154.46116    -0.1293    32.1655    1445.49  0.000e+00
     45.268   71.75124 -154.46116    -0.1293    32.1648    1445.49  0.000e+00
     45.322   71.75124 -154.46116    -0.1294    32.1650    1445.49  0.000e+00
     45.268   71.75124 -154.46116    -0.1297    32.1649    1445.49  0.000e+00
     45.384   71.75124 -154.46116    -0.1299    32.1641    1445.48  0.000e+00
     45.322   71.75124 -154.46116    -0.1305    32.1642    1445.48  0.000e+00
     45.376   71.75124 -154.46116    -0.1313    32.1641    1445.48  0.000e+00
     45.438   71.75124 -154.46116    -0.1320    32.1650    1445.48  0.000e+00
     45.384   71.75124 -154.46116    -0.1325    32.1648    1445.47  0.000e+00
     45.438   71.75124 -154.46116    -0.1331    32.1649    1445.47  0.000e+00
     45.438   71.75124 -154.46116    -0.1339    32.1651    1445.47  0.000e+00
     45.553   71.75124 -154.46116    -0.1348    32.1647    1445.47  0.000e+00
     45.438   71.75124 -154.46116    -0.1361    32.1657    1445.46  0.000e+00
     45.553   71.75124 -154.46116    -0.1370    32.1664    1445.46  0.000e+00
     45.553   71.75124 -154.46116    -0.1373    32.1668    1445.46  0.000e+00
     45.553   71.75124 -154.46116    -0.1376    32.1664    1445.46  0.000e+00
     45.607   71.75124 -154.46116    -0.1385    32.1659    1445.45  0.000e+00
     45.607   71.75124 -154.46116    -0.1395    32.1681    1445.45  0.000e+00
     45.607   71.75124 -154.46116    -0.1387    32.1678    1445.45  0.000e+00
     45.669   71.75124 -154.46116    -0.1387    32.1660    1445.45  0.000e+00
     45.669   71.75124 -154.46116    -0.1397    32.1662    1445.45  0.000e+00
     45.723   71.75124 -154.46116    -0.1407    32.1663    1445.44  0.000e+00
     45.669   71.75124 -154.46116    -0.1413    32.1679    1445.44  0.000e+00
     45.723   71.75124 -154.46116    -0.1413    32.1695    1445.44  0.000e+00
     45.785   71.75124 -154.46116    -0.1396    32.1698    1445.45  0.000e+00
     45.785   71.75124 -154.46116    -0.1384    32.1682    1445.46  0.000e+00
     45.777   71.75124 -154.46116    -0.1376    32.1665    1445.46  0.000e+00
     45.785   71.75124 -154.46116    -0.1387    32.1652    1445.45  0.000e+00
     45.785   71.75124 -154.46116    -0.1399    32.1652    1445.45  0.000e+00
     45.893   71.75124 -154.46116    -0.1412    32.1653    1445.44  0.000e+00
     45.839   71.75124 -154.46116    -0.1423    32.1664    1445.44  0.000e+00
     45.893   71.75124 -154.46116    -0.1433    32.1667    1445.43  0.000e+00
     45.839   71.75124 -154.46116    -0.1444    32.1673    1445.43  0.000e+00
     45.954   71.75124 -154.46116    -0.1450    32.1670    1445.43  0.000e+00
     45.893   71.75124 -154.46116    -0.1459    32.1685    1445.42  0.000e+00
     45.954   71.75124 -154.46116    -0.1462    32.1689    1445.43  0.000e+00
     45.954   71.75124 -154.46116    -0.1459    32.1695    1445.43  0.000e+00
     46.008   71.75124 -154.46116    -0.1456    32.1696    1445.43  0.000e+00
     45.954   71.75124 -154.46116    -0.1455    32.1694    1445.43  0.000e+00
     46.008   71.75124 -154.46116    -0.1450    32.1692    1445.43  0.000e+00
     46.008   71.75124 -154.46116    -0.1445    32.1684    1445.43  0.000e+00
     46.070   71.75124 -154.46116    -0.1447    32.1680    1445.43  0.000e+00
     46.070   71.75124 -154.46116    -0.1447    32.1679    1445.43  0.000e+00
     46.070   71.75124 -154.46116    -0.1447    32.1683    1445.43  0.000e+00
     46.070   71.75124 -154.46116    -0.1448    32.1688    1445.43  0.000e+00
     46.124   71.75124 -154.46116    -0.1447    32.1689    1445.43  0.000e+00
     46.070   71.75124 -154.46116    -0.1445    32.1690    1445.43  0.000e+00
     46.186   71.75124 -154.46116    -0.1438    32.1687    1445.44  0.000e+00
     46.124   71.75124 -154.46116    -0.1436    32.1682    1445.44  0.000e+00
     46.124   71.75124 -154.46116    -0.1439    32.1669    1445.44  0.000e+00
     46.186   71.75124 -154.46116    -0.1449    32.1657    1445.43  0.000e+00
     46.186   71.75124 -154.46116    -0.1466    32.1671    1445.42  0.000e+00
     46.186   71.75124 -154.46116    -0.1470    32.1683    1445.42  0.000e+00
     46.186   71.75124 -154.46116    -0.1470    32.1681    1445.42  0.000e+00
     46.240   71.75124 -154.46116    -0.1477    32.1682    1445.42  0.000e+00
     46.240   71.75124 -154.46116    -0.1482    32.1680    1445.42  0.000e+00
     46.294   71.75124 -154.46116    -0.1487    32.1684    1445.42  0.000e+00
     46.240   71.75124 -154.46116    -0.1490    32.1689    1445.42  0.000e+00
     46.294   71.75124 -154.46116    -0.1492    32.1686    1445.42  0.000e+00
     46.240   71.75124 -154.46116    -0.1495    32.1686    1445.41  0.000e+00
     46.356   71.75124 -154.46116    -0.1498    32.1688    1445.41  0.000e+00
     46.240   71.75124 -154.46116    -0.1504    32.1705    1445.41  0.000e+00
     46.356   71.75124 -154.46116    -0.1501    32.1718    1445.42  0.000e+00
     46.294   71.75124 -154.46116    -0.1487    32.1708    1445.42  0.000e+00
     46.356   71.75124 -154.46116    -0.1480    32.1698    1445.42  0.000e+00
     46.356   71.75124 -154.46116    -0.1473    32.1688    1445.43  0.000e+00
     46.410   71.75124 -154.46116    -0.1475    32.1678    1445.43  0.000e+00
     46.356   71.75124 -154.46116    -0.1481    32.1668    1445.42  0.000e+00
     46.356   71.75124 -154.46116    -0.1497    32.1664    1445.41  0.000e+00
     46.410   71.75124 -154.46116    -0.1512    32.1663    1445.41  0.000e+00
     46.410   71.75124 -154.46116    -0.1529    32.1679    1445.40  0.000e+00
     46.471   71.75124 -154.46116    -0.1535    32.1693    1445.40  0.000e+00
     46.356   71.75124 -154.46116    -0.1532    32.1692    1445.40  0.000e+00
     46.471   71.75124 -154.46116    -0.1538    32.1694    1445.40  0.000e+00
     46.471   71.75124 -154.46116    -0.1542    32.1694    1445.40  0.000e+00
     46.471   71.75124 -154.46116    -0.1546    32.1696    1445.40  0.000e+00
     46.471   71.75124 -154.46116    -0.1551    32.1695    1445.39  0.000e+00
     46.525   71.75124 -154.46116    -0.1552    32.1695    1445.39  0.000e+00
     46.471   71.75124 -154.46116    -0.1555    32.1701    1445.39  0.000e+00
     46.525   71.75124 -154.46116    -0.1560    32.1706    1445.39  0.000e+00
     46.525   71.75124 -154.46116    -0.1560    32.1707    1445.39  0.000e+00
     46.525   71.75124 -154.46116    -0.1562    32.1716    1445.39  0.000e+00
     46.525   71.75124 -154.46116    -0.1555    32.1710    1445.39  0.000e+00
     46.587   71.75124 -154.46116    -0.1553    32.1703    1445.39  0.000e+00
     46.525   71.75124 -154.46116    -0.1553    32.1703    1445.39  0.000e+00
     46.579   71.75124 -154.46116    -0.1556    32.1706    1445.39  0.000e+00
     46.641   71.75124 -154.46116    -0.1555    32.1699    1445.39  0.000e+00
     46.587   71.75124 -154.46116    -0.1556    32.1706    1445.39  0.000e+00
     46.587   71.75124 -154.46116    -0.1558    32.1707    1445.39  0.000e+00
     46.641   71.75124 -154.46116    -0.1558    32.1700    1445.39  0.000e+00
     46.641   71.75124 -154.46116    -0.1561    32.1702    1445.39  0.000e+00
     46.641   71.75124 -154.46116    -0.1564    32.1692    1445.39  0.000e+00
     46.695   71.75124 -154.46116    -0.1570    32.1691    1445.39  0.000e+00
     46.641   71.75124 -154.46116    -0.1574    32.1692    1445.38  0.000e+00
     46.695   71.75124 -154.46116    -0.1580    32.1696    1445.38  0.000e+00
     46.695   71.75124 -154.46116    -0.1587    32.1701    1445.38  0.000e+00
     46.695   71.75124 -154.46116    -0.1589    32.1702    1445.38  0.000e+00
     46.757   71.75124 -154.46116    -0.1593    32.1698    1445.38  0.000e+00
     46.757   71.75124 -154.46116    -0.1601    32.1677    1445.37  0.000e+00
     46.757   71.75124 -154.46116    -0.1621    32.1670    1445.36  0.000e+00
     46.757   71.75124 -154.46116    -0.1640    32.1677    1445.35  0.000e+00
     46.811   71.75124 -154.46116    -0.1657    32.1693    1445.35  0.000e+00
     46.811   71.75124 -154.46116    -0.1666    32.1701    1445.35  0.000e+00
     46.811   71.75124 -154.46116    -0.1668    32.1705    1445.35  0.000e+00
     46.811   71.75124 -154.46116    -0.1677    32.1688    1445.34  0.000e+00
     46.872   71.75124 -154.46116    -0.1702    32.1652    1445.32  0.000e+00
     46.872   71.75124 -154.46116    -0.1742    32.1642    1445.30  0.000e+00
     46.926   71.75124 -154.46116    -0.1786    32.1658    1445.29  0.000e+00
     46.872   71.75124 -154.46116    -0.1825    32.1682    1445.27  0.000e+00
     46.926   71.75124 -154.46116    -0.1851    32.1698    1445.26  0.000e+00
     46.926   71.75124 -154.46116    -0.1879    32.1706    1445.25  0.000e+00
     46.926   71.75124 -154.46116    -0.1910    32.1704    1445.24  0.000e+00
     46.980   71.75124 -154.46116    -0.1954    32.1720    1445.22  0.000e+00
     46.988   71.75124 -154.46116    -0.1991    32.1740    1445.20  0.000e+00
     47.042   71.75124 -154.46116    -0.2021    32.1761    1445.19  0.000e+00
     47.042   71.75124 -154.46116    -0.2040    32.1786    1445.19  0.000e+00
     47.042   71.75124 -154.46116    -0.2050    32.1801    1445.18  0.000e+00
     47.096   71.75124 -154.46116    -0.2053    32.1799    1445.18  0.000e+00
     47.042   71.75124 -154.46116    -0.2061    32.1801    1445.18  0.000e+00
     47.096   71.75124 -154.46116    -0.2069    32.1801    1445.18  0.000e+00
     47.158   71.75124 -154.46116    -0.2076    32.1798    1445.17  0.000e+00
     47.158   71.75124 -154.46116    -0.2087    32.1808    1445.17  0.000e+00
     47.212   71.75124 -154.46116    -0.2090    32.1817    1445.17  0.000e+00
     47.212   71.75124 -154.46116    -0.2096    32.1826    1445.17  0.000e+00
     47.212   71.75124 -154.46116    -0.2095    32.1826    1445.17  0.000e+00
     47.274   71.75124 -154.46116    -0.2095    32.1823    1445.17  0.000e+00
     47.212   71.75124 -154.46116    -0.2095    32.1827    1445.17  0.000e+00
     47.328   71.75124 -154.46116    -0.2093    32.1822    1445.17  0.000e+00
     47.328   71.75124 -154.46116    -0.2093    32.1825    1445.17  0.000e+00
     47.328   71.75124 -154.46116    -0.2095    32.1830    1445.17  0.000e+00
     47.389   71.75124 -154.46116    -0.2093    32.1823    1445.17  0.000e+00
     47.389   71.75124 -154.46116    -0.2093    32.1824    1445.17  0.000e+00
     47.443   71.75124 -154.46116    -0.2092    32.1824    1445.18  0.000e+00
     47.443   71.75124 -154.46116    -0.2090    32.1818    1445.18  0.000e+00
     47.443   71.75124 -154.46116    -0.2090    32.1817    1445.17  0.000e+00
     47.497   71.75124 -154.46116    -0.2093    32.1824    1445.18  0.000e+00
     47.497   71.75124 -154.46116    -0.2093    32.1825    1445.18  0.000e+00
     47.559   71.75124 -154.46116    -0.2092    32.1815    1445.18  0.000e+00
     47.613   71.75124 -154.46116    -0.2095    32.1825    1445.18  0.000e+00
     47.559   71.75124 -154.46116    -0.2097    32.1828    1445.17  0.000e+00
     47.613   71.75124 -154.46116    -0.2096    32.1827    1445.18  0.000e+00
     47.675   71.75124 -154.46116    -0.2099    32.1825    1445.18  0.000e+00
     47.675   71.75124 -154.46116    -0.2102    32.1826    1445.17  0.000e+00
     47.675   71.75124 -154.46116    -0.2102    32.1828    1445.17  0.000e+00
     47.791   71.75124 -154.46116    -0.2104    32.1829    1445.18  0.000e+00
     47.729   71.75124 -154.46116    -0.2101    32.1826    1445.18  0.000e+00
     47.791   71.75124 -154.46116    -0.2102    32.1830    1445.18  0.000e+00
     47.791   71.75124 -154.46116    -0.2102    32.1829    1445.18  0.000e+00
     47.845   71.75124 -154.46116    -0.2101    32.1827    1445.18  0.000e+00
     47.845   71.75124 -154.46116    -0.2102    32.1826    1445.18  0.000e+00
     47.899   71.75124 -154.46116    -0.2102    32.1829    1445.18  0.000e+00
     47.899   71.75124 -154.46116    -0.2101    32.1826    1445.18  0.000e+00
     47.960   71.75124 -154.46116    -0.2101    32.1823    1445.18  0.000e+00
     47.960   71.75124 -154.46116    -0.2102    32.1818    1445.18  0.000e+00
     47.960   71.75124 -154.46116    -0.2110    32.1811    1445.17  0.000e+00
     48.014   71.75124 -154.46116    -0.2119    32.1816    1445.17  0.000e+00
     48.076   71.75124 -154.46116    -0.2130    32.1819    1445.17  0.000e+00
     48.076   71.75124 -154.46116    -0.2136    32.1824    1445.16  0.000e+00
     48.076   71.75124 -154.46116    -0.2142    32.1830    1445.16  0.000e+00
     48.130   71.75122 -154.46116    -0.2147    32.1823    1445.16  0.000e+00
     48.130   71.75122 -154.46116    -0.2156    32.1830    1445.16  0.000e+00
     48.192   71.75122 -154.46116    -0.2161    32.1838    1445.16  0.000e+00
     48.192   71.75122 -154.46116    -0.2156    32.1838    1445.16  0.000e+00
     48.246   71.75122 -154.46116    -0.2156    32.1837    1445.16  0.000e+00
     48.192   71.75122 -154.46116    -0.2155    32.1829    1445.16  0.000e+00
     48.300   71.75122 -154.46116    -0.2159    32.1833    1445.16  0.000e+00
     48.246   71.75122 -154.46116    -0.2161    32.1833    1445.16  0.000e+00
     48.361   71.75122 -154.46116    -0.2164    32.1833    1445.16  0.000e+00
     48.361   71.75122 -154.46116    -0.2172    32.1830    1445.15  0.000e+00
