EcoFOCI/data/1_SampleCollection/2023_SikuliaqDBO_CruiseData/CTD_raw_BottleFile_SKQ23-12S/proc/skq202312s_029svp.cnv
* Sea-Bird SBE 9 Data File:
* FileName = D:\CTD\SKQ202312S\SKQ202312S_029.hex
* Software Version Seasave V 7.26.7.121
* Temperature SN = 6177
* Conductivity SN = 0369
* Number of Bytes Per Scan = 41
* Number of Voltage Words = 4
* Number of Scans Averaged by the Deck Unit = 1
* NMEA Latitude = 71 24.54 N
* NMEA Longitude = 157 29.66 W
* NMEA UTC (Time) = Sep 21 2023  04:58:57
* NMEA baud rate = 4800
** Ship: R/V Sikuliaq
** Station Number: 029
** Station Name: DBO5.5
** Bottom Depth: 124
** Operator: SS
# nquan = 7
# nvalues = 9233                                  
# units = specified
# name 0 = depSM: Depth [salt water, m]
# name 1 = latitude: Latitude [deg]
# name 2 = longitude: Longitude [deg]
# name 3 = t090C: Temperature [ITS-90, deg C]
# name 4 = sal00: Salinity, Practical [PSU]
# name 5 = svCM: Sound Velocity [Chen-Millero, m/s]
# name 6 = flag:  0.000e+00
# span 0 =      2.734,    119.316                 
# span 1 =   71.40904,   71.40908                 
# span 2 = -157.49360, -157.49236                 
# span 3 =    -1.6681,     4.7481                 
# span 4 =    30.2602,    32.7515                 
# span 5 =    1439.10,    1464.33                 
# span 6 = 0.0000e+00, 0.0000e+00                 
# interval = seconds: 0.0416667
# start_time = Sep 21 2023 05:03:15 [NMEA time, first data scan]
# bad_flag = -9.990e-29
*END*
[from data line 3077]
     38.610   71.40906 -157.49322    -1.4923    32.5823    1439.52  0.000e+00
     38.602   71.40906 -157.49322    -1.4926    32.5821    1439.51  0.000e+00
     38.610   71.40906 -157.49322    -1.4926    32.5818    1439.51  0.000e+00
     38.556   71.40906 -157.49322    -1.4929    32.5823    1439.51  0.000e+00
     38.656   71.40906 -157.49322    -1.4932    32.5821    1439.51  0.000e+00
     38.664   71.40906 -157.49322    -1.4929    32.5811    1439.51  0.000e+00
     38.664   71.40906 -157.49322    -1.4928    32.5811    1439.51  0.000e+00
     38.656   71.40906 -157.49322    -1.4934    32.5820    1439.51  0.000e+00
     38.725   71.40906 -157.49322    -1.4937    32.5822    1439.51  0.000e+00
     38.725   71.40906 -157.49322    -1.4940    32.5825    1439.51  0.000e+00
     38.725   71.40906 -157.49322    -1.4940    32.5822    1439.51  0.000e+00
     38.772   71.40906 -157.49322    -1.4943    32.5820    1439.51  0.000e+00
     38.779   71.40906 -157.49322    -1.4946    32.5818    1439.51  0.000e+00
     38.779   71.40906 -157.49322    -1.4950    32.5823    1439.50  0.000e+00
     38.772   71.40906 -157.49322    -1.4955    32.5827    1439.50  0.000e+00
     38.841   71.40906 -157.49322    -1.4959    32.5832    1439.50  0.000e+00
     38.841   71.40906 -157.49322    -1.4960    32.5831    1439.50  0.000e+00
     38.833   71.40906 -157.49322    -1.4963    32.5837    1439.50  0.000e+00
     38.895   71.40906 -157.49322    -1.4969    32.5841    1439.50  0.000e+00
     38.895   71.40906 -157.49322    -1.4971    32.5838    1439.50  0.000e+00
     38.841   71.40906 -157.49322    -1.4975    32.5845    1439.50  0.000e+00
     38.941   71.40906 -157.49322    -1.4978    32.5843    1439.50  0.000e+00
     38.957   71.40906 -157.49322    -1.4984    32.5851    1439.50  0.000e+00
     38.957   71.40906 -157.49322    -1.4981    32.5852    1439.50  0.000e+00
     39.003   71.40906 -157.49322    -1.4984    32.5854    1439.50  0.000e+00
     38.957   71.40906 -157.49322    -1.4983    32.5853    1439.50  0.000e+00
     39.011   71.40906 -157.49322    -1.4986    32.5855    1439.50  0.000e+00
     39.065   71.40906 -157.49322    -1.4986    32.5854    1439.50  0.000e+00
     39.057   71.40906 -157.49322    -1.4992    32.5862    1439.49  0.000e+00
     39.065   71.40906 -157.49322    -1.4992    32.5864    1439.50  0.000e+00
     39.064   71.40906 -157.49322    -1.4995    32.5864    1439.49  0.000e+00
     39.118   71.40906 -157.49322    -1.4997    32.5864    1439.49  0.000e+00
     39.126   71.40906 -157.49322    -1.4997    32.5861    1439.49  0.000e+00
     39.180   71.40906 -157.49322    -1.4997    32.5863    1439.49  0.000e+00
     39.118   71.40906 -157.49322    -1.4998    32.5863    1439.49  0.000e+00
     39.180   71.40906 -157.49322    -1.4999    32.5868    1439.49  0.000e+00
     39.242   71.40906 -157.49322    -1.5000    32.5868    1439.49  0.000e+00
     39.242   71.40906 -157.49322    -1.5000    32.5866    1439.49  0.000e+00
     39.234   71.40906 -157.49322    -1.5002    32.5867    1439.49  0.000e+00
     39.296   71.40906 -157.49320    -1.5001    32.5866    1439.49  0.000e+00
     39.296   71.40906 -157.49320    -1.5005    32.5875    1439.49  0.000e+00
     39.288   71.40906 -157.49320    -1.4999    32.5870    1439.50  0.000e+00
     39.296   71.40906 -157.49320    -1.5000    32.5866    1439.50  0.000e+00
     39.357   71.40906 -157.49320    -1.5003    32.5876    1439.50  0.000e+00
     39.411   71.40906 -157.49320    -1.5001    32.5871    1439.50  0.000e+00
     39.342   71.40906 -157.49320    -1.5001    32.5872    1439.50  0.000e+00
     39.411   71.40906 -157.49320    -1.5003    32.5877    1439.50  0.000e+00
     39.465   71.40906 -157.49320    -1.5002    32.5879    1439.50  0.000e+00
     39.404   71.40906 -157.49320    -1.5000    32.5877    1439.50  0.000e+00
     39.465   71.40906 -157.49320    -1.5000    32.5879    1439.50  0.000e+00
     39.527   71.40906 -157.49320    -1.5001    32.5876    1439.50  0.000e+00
     39.465   71.40906 -157.49320    -1.5000    32.5881    1439.50  0.000e+00
     39.573   71.40906 -157.49320    -1.4998    32.5871    1439.50  0.000e+00
     39.527   71.40906 -157.49320    -1.4998    32.5877    1439.50  0.000e+00
     39.527   71.40906 -157.49320    -1.4997    32.5877    1439.50  0.000e+00
     39.635   71.40906 -157.49320    -1.4999    32.5885    1439.50  0.000e+00
     39.581   71.40906 -157.49320    -1.5000    32.5887    1439.50  0.000e+00
     39.643   71.40906 -157.49320    -1.4998    32.5879    1439.50  0.000e+00
     39.643   71.40906 -157.49320    -1.4999    32.5881    1439.50  0.000e+00
     39.689   71.40906 -157.49320    -1.5000    32.5881    1439.50  0.000e+00
     39.696   71.40906 -157.49320    -1.5000    32.5882    1439.50  0.000e+00
     39.696   71.40906 -157.49320    -1.5001    32.5886    1439.50  0.000e+00
     39.696   71.40906 -157.49320    -1.5003    32.5884    1439.50  0.000e+00
     39.804   71.40906 -157.49320    -1.5003    32.5886    1439.51  0.000e+00
     39.758   71.40906 -157.49320    -1.5004    32.5886    1439.50  0.000e+00
     39.812   71.40906 -157.49320    -1.5005    32.5890    1439.50  0.000e+00
     39.804   71.40906 -157.49320    -1.5003    32.5884    1439.50  0.000e+00
     39.812   71.40906 -157.49320    -1.5005    32.5885    1439.50  0.000e+00
     39.866   71.40906 -157.49320    -1.5007    32.5889    1439.50  0.000e+00
     39.866   71.40906 -157.49320    -1.5009    32.5887    1439.50  0.000e+00
     39.920   71.40906 -157.49320    -1.5010    32.5890    1439.50  0.000e+00
     39.866   71.40906 -157.49320    -1.5010    32.5890    1439.50  0.000e+00
     39.982   71.40906 -157.49320    -1.5010    32.5892    1439.51  0.000e+00
     39.858   71.40906 -157.49320    -1.5013    32.5898    1439.50  0.000e+00
     40.043   71.40906 -157.49320    -1.5013    32.5899    1439.51  0.000e+00
     40.043   71.40906 -157.49320    -1.5013    32.5899    1439.51  0.000e+00
     39.982   71.40906 -157.49320    -1.5013    32.5898    1439.50  0.000e+00
     40.036   71.40906 -157.49320    -1.5015    32.5901    1439.51  0.000e+00
     40.097   71.40906 -157.49320    -1.5015    32.5903    1439.51  0.000e+00
     40.043   71.40906 -157.49320    -1.5016    32.5908    1439.51  0.000e+00
     40.097   71.40906 -157.49320    -1.5017    32.5904    1439.51  0.000e+00
     40.144   71.40906 -157.49320    -1.5015    32.5905    1439.51  0.000e+00
     40.159   71.40906 -157.49320    -1.5017    32.5907    1439.51  0.000e+00
     40.159   71.40906 -157.49320    -1.5017    32.5907    1439.51  0.000e+00
     40.159   71.40906 -157.49320    -1.5017    32.5907    1439.51  0.000e+00
     40.205   71.40906 -157.49320    -1.5016    32.5909    1439.51  0.000e+00
     40.267   71.40906 -157.49320    -1.5018    32.5911    1439.51  0.000e+00
     40.213   71.40906 -157.49320    -1.5017    32.5909    1439.51  0.000e+00
     40.259   71.40906 -157.49320    -1.5019    32.5913    1439.51  0.000e+00
     40.267   71.40906 -157.49320    -1.5017    32.5912    1439.51  0.000e+00
     40.329   71.40906 -157.49320    -1.5021    32.5912    1439.51  0.000e+00
     40.329   71.40906 -157.49320    -1.5022    32.5914    1439.51  0.000e+00
     40.321   71.40906 -157.49320    -1.5022    32.5915    1439.51  0.000e+00
     40.328   71.40906 -157.49320    -1.5024    32.5916    1439.51  0.000e+00
     40.444   71.40906 -157.49320    -1.5026    32.5915    1439.51  0.000e+00
     40.382   71.40906 -157.49320    -1.5031    32.5924    1439.51  0.000e+00
     40.436   71.40906 -157.49320    -1.5032    32.5920    1439.51  0.000e+00
     40.382   71.40906 -157.49320    -1.5036    32.5920    1439.50  0.000e+00
     40.498   71.40906 -157.49320    -1.5036    32.5919    1439.50  0.000e+00
     40.444   71.40906 -157.49320    -1.5036    32.5920    1439.50  0.000e+00
     40.544   71.40906 -157.49320    -1.5042    32.5927    1439.50  0.000e+00
     40.498   71.40906 -157.49320    -1.5043    32.5927    1439.50  0.000e+00
     40.560   71.40906 -157.49320    -1.5043    32.5925    1439.50  0.000e+00
     40.544   71.40906 -157.49320    -1.5047    32.5931    1439.50  0.000e+00
     40.560   71.40906 -157.49320    -1.5047    32.5927    1439.50  0.000e+00
     40.614   71.40906 -157.49320    -1.5050    32.5927    1439.50  0.000e+00
     40.614   71.40906 -157.49320    -1.5052    32.5934    1439.50  0.000e+00
     40.660   71.40906 -157.49320    -1.5054    32.5936    1439.50  0.000e+00
     40.614   71.40906 -157.49320    -1.5055    32.5939    1439.50  0.000e+00
     40.729   71.40906 -157.49320    -1.5055    32.5939    1439.50  0.000e+00
     40.668   71.40906 -157.49320    -1.5055    32.5940    1439.50  0.000e+00
     40.722   71.40906 -157.49320    -1.5058    32.5939    1439.50  0.000e+00
     40.729   71.40906 -157.49320    -1.5063    32.5942    1439.50  0.000e+00
     40.783   71.40906 -157.49320    -1.5063    32.5943    1439.50  0.000e+00
     40.783   71.40906 -157.49320    -1.5066    32.5945    1439.50  0.000e+00
     40.837   71.40906 -157.49320    -1.5069    32.5947    1439.50  0.000e+00
     40.783   71.40906 -157.49320    -1.5069    32.5949    1439.50  0.000e+00
     40.845   71.40906 -157.49320    -1.5072    32.5953    1439.50  0.000e+00
     40.899   71.40906 -157.49320    -1.5072    32.5951    1439.50  0.000e+00
     40.891   71.40906 -157.49320    -1.5072    32.5954    1439.50  0.000e+00
     40.899   71.40906 -157.49320    -1.5073    32.5959    1439.50  0.000e+00
     40.961   71.40906 -157.49320    -1.5073    32.5957    1439.50  0.000e+00
     40.961   71.40906 -157.49320    -1.5075    32.5960    1439.50  0.000e+00
     40.945   71.40906 -157.49320    -1.5073    32.5958    1439.50  0.000e+00
     41.015   71.40906 -157.49320    -1.5073    32.5960    1439.50  0.000e+00
     41.014   71.40906 -157.49320    -1.5074    32.5965    1439.50  0.000e+00
     41.014   71.40906 -157.49320    -1.5075    32.5969    1439.50  0.000e+00
     41.061   71.40906 -157.49320    -1.5075    32.5973    1439.50  0.000e+00
     41.130   71.40906 -157.49320    -1.5074    32.5969    1439.50  0.000e+00
     41.068   71.40906 -157.49320    -1.5073    32.5972    1439.50  0.000e+00
     41.184   71.40906 -157.49320    -1.5078    32.5980    1439.50  0.000e+00
     41.122   71.40906 -157.49320    -1.5076    32.5975    1439.50  0.000e+00
     41.184   71.40906 -157.49320    -1.5078    32.5978    1439.50  0.000e+00
     41.184   71.40906 -157.49320    -1.5078    32.5975    1439.50  0.000e+00
     41.246   71.40906 -157.49320    -1.5081    32.5982    1439.50  0.000e+00
     41.238   71.40906 -157.49320    -1.5083    32.5985    1439.50  0.000e+00
     41.300   71.40906 -157.49320    -1.5084    32.5985    1439.50  0.000e+00
     41.246   71.40906 -157.49320    -1.5085    32.5990    1439.50  0.000e+00
     41.361   71.40906 -157.49320    -1.5090    32.5994    1439.50  0.000e+00
     41.354   71.40906 -157.49320    -1.5092    32.5995    1439.50  0.000e+00
     41.361   71.40906 -157.49320    -1.5092    32.5997    1439.50  0.000e+00
     41.415   71.40906 -157.49320    -1.5098    32.6008    1439.50  0.000e+00
     41.361   71.40906 -157.49320    -1.5098    32.6006    1439.50  0.000e+00
     41.462   71.40906 -157.49320    -1.5101    32.6010    1439.50  0.000e+00
     41.469   71.40906 -157.49320    -1.5104    32.6016    1439.50  0.000e+00
     41.531   71.40906 -157.49320    -1.5107    32.6015    1439.50  0.000e+00
     41.531   71.40906 -157.49320    -1.5110    32.6027    1439.50  0.000e+00
     41.523   71.40906 -157.49320    -1.5113    32.6030    1439.50  0.000e+00
     41.585   71.40906 -157.49320    -1.5116    32.6033    1439.50  0.000e+00
     41.585   71.40906 -157.49320    -1.5122    32.6040    1439.50  0.000e+00
     41.647   71.40906 -157.49320    -1.5127    32.6046    1439.50  0.000e+00
     41.639   71.40906 -157.49320    -1.5131    32.6054    1439.50  0.000e+00
     41.701   71.40906 -157.49320    -1.5131    32.6062    1439.50  0.000e+00
     41.701   71.40906 -157.49320    -1.5131    32.6072    1439.50  0.000e+00
     41.701   71.40906 -157.49320    -1.5130    32.6084    1439.50  0.000e+00
     41.762   71.40906 -157.49320    -1.5127    32.6091    1439.51  0.000e+00
     41.808   71.40906 -157.49320    -1.5124    32.6093    1439.51  0.000e+00
     41.762   71.40906 -157.49320    -1.5122    32.6101    1439.51  0.000e+00
     41.870   71.40906 -157.49320    -1.5118    32.6098    1439.51  0.000e+00
     41.816   71.40906 -157.49320    -1.5116    32.6099    1439.51  0.000e+00
     41.924   71.40906 -157.49320    -1.5118    32.6104    1439.51  0.000e+00
     41.870   71.40906 -157.49320    -1.5116    32.6102    1439.51  0.000e+00
     41.932   71.40906 -157.49320    -1.5119    32.6110    1439.51  0.000e+00
     41.986   71.40906 -157.49320    -1.5124    32.6110    1439.51  0.000e+00
     42.040   71.40906 -157.49320    -1.5126    32.6109    1439.51  0.000e+00
     41.986   71.40906 -157.49320    -1.5133    32.6118    1439.51  0.000e+00
     42.047   71.40906 -157.49320    -1.5138    32.6127    1439.51  0.000e+00
     42.047   71.40906 -157.49320    -1.5141    32.6131    1439.51  0.000e+00
     42.101   71.40906 -157.49320    -1.5143    32.6136    1439.51  0.000e+00
     42.155   71.40906 -157.49320    -1.5151    32.6142    1439.51  0.000e+00
     42.101   71.40906 -157.49320    -1.5157    32.6139    1439.50  0.000e+00
     42.217   71.40906 -157.49320    -1.5166    32.6149    1439.50  0.000e+00
     42.163   71.40906 -157.49320    -1.5180    32.6155    1439.50  0.000e+00
     42.209   71.40906 -157.49320    -1.5193    32.6157    1439.49  0.000e+00
     42.271   71.40906 -157.49320    -1.5206    32.6171    1439.49  0.000e+00
     42.217   71.40906 -157.49320    -1.5214    32.6180    1439.48  0.000e+00
     42.333   71.40906 -157.49320    -1.5220    32.6180    1439.48  0.000e+00
     42.325   71.40906 -157.49320    -1.5226    32.6188    1439.48  0.000e+00
     42.333   71.40906 -157.49320    -1.5229    32.6187    1439.48  0.000e+00
     42.333   71.40906 -157.49320    -1.5231    32.6187    1439.48  0.000e+00
     42.387   71.40906 -157.49320    -1.5240    32.6193    1439.48  0.000e+00
     42.387   71.40906 -157.49320    -1.5249    32.6200    1439.47  0.000e+00
     42.441   71.40906 -157.49320    -1.5259    32.6207    1439.47  0.000e+00
     42.448   71.40906 -157.49318    -1.5262    32.6211    1439.47  0.000e+00
     42.448   71.40906 -157.49318    -1.5269    32.6216    1439.47  0.000e+00
     42.502   71.40906 -157.49318    -1.5269    32.6216    1439.47  0.000e+00
     42.494   71.40906 -157.49318    -1.5276    32.6223    1439.46  0.000e+00
     42.564   71.40906 -157.49318    -1.5280    32.6224    1439.46  0.000e+00
     42.564   71.40906 -157.49318    -1.5283    32.6225    1439.46  0.000e+00
     42.564   71.40906 -157.49318    -1.5286    32.6234    1439.46  0.000e+00
     42.618   71.40906 -157.49318    -1.5287    32.6235    1439.46  0.000e+00
     42.610   71.40906 -157.49318    -1.5289    32.6235    1439.46  0.000e+00
     42.618   71.40906 -157.49318    -1.5294    32.6241    1439.46  0.000e+00
     42.618   71.40906 -157.49318    -1.5294    32.6241    1439.46  0.000e+00
     42.733   71.40906 -157.49318    -1.5296    32.6235    1439.46  0.000e+00
     42.672   71.40906 -157.49318    -1.5298    32.6239    1439.46  0.000e+00
     42.726   71.40906 -157.49318    -1.5297    32.6240    1439.46  0.000e+00
     42.672   71.40906 -157.49318    -1.5298    32.6242    1439.46  0.000e+00
     42.787   71.40906 -157.49318    -1.5297    32.6240    1439.46  0.000e+00
     42.733   71.40906 -157.49318    -1.5301    32.6242    1439.46  0.000e+00
     42.780   71.40906 -157.49318    -1.5300    32.6242    1439.46  0.000e+00
     42.787   71.40906 -157.49318    -1.5302    32.6241    1439.46  0.000e+00
     42.849   71.40906 -157.49318    -1.5303    32.6240    1439.46  0.000e+00
     42.787   71.40906 -157.49318    -1.5306    32.6244    1439.46  0.000e+00
     42.849   71.40906 -157.49318    -1.5311    32.6245    1439.46  0.000e+00
