EcoFOCI/data/1_SampleCollection/2023_SikuliaqDBO_CruiseData/CTD_raw_BottleFile_SKQ23-12S/proc/skq202312s_048.cnv
* Sea-Bird SBE 9 Data File:
* FileName = D:\CTD\SKQ202312S\SKQ202312S_048.hex
* Software Version Seasave V 7.26.7.121
* Temperature SN = 6177
* Conductivity SN = 0369
* Number of Bytes Per Scan = 41
* Number of Voltage Words = 4
* Number of Scans Averaged by the Deck Unit = 1
* NMEA Latitude = 71 47.13 N
* NMEA Longitude = 161 57.91 W
* NMEA UTC (Time) = Sep 25 2023  05:45:53
* NMEA baud rate = 4800
** Ship: R/V Sikuliaq
** Station Number: 048
** Station Name: DBO4.5na
** Bottom Depth: 42
** Operator: SS
# nquan = 24
# nvalues = 4049                                  
# units = specified
# name 0 = depSM: Depth [salt water, m]
# name 1 = latitude: Latitude [deg]
# name 2 = longitude: Longitude [deg]
# name 3 = prDM: Pressure, Digiquartz [db]
# name 4 = t090C: Temperature [ITS-90, deg C]
# name 5 = t190C: Temperature, 2 [ITS-90, deg C]
# name 6 = potemp090C: Potential Temperature [ITS-90, deg C]
# name 7 = sal00: Salinity, Practical [PSU]
# name 8 = sal11: Salinity, Practical, 2 [PSU]
# name 9 = density00: Density [density, kg/m^3]
# name 10 = sigma-é00: Density [sigma-theta, kg/m^3]
# name 11 = sbox0Mm/Kg: Oxygen, SBE 43 [umol/kg]
# name 12 = sbox1Mm/Kg: Oxygen, SBE 43, 2 [umol/kg]
# name 13 = oxsolMm/Kg: Oxygen Saturation, Garcia & Gordon [umol/kg]
# name 14 = sbeox0PS: Oxygen, SBE 43 [% saturation]
# name 15 = sbeox1PS: Oxygen, SBE 43, 2 [% saturation]
# name 16 = v0: Voltage 0
# name 17 = flECO-AFL: Fluorescence, WET Labs ECO-AFL/FL [mg/m^3]
# name 18 = v1: Voltage 1
# name 19 = CStarAt0: Beam Attenuation, WET Labs C-Star [1/m]
# name 20 = par: PAR/Irradiance, Biospherical/Licor
# name 21 = scan: Scan Count
# name 22 = timeM: Time, Elapsed [minutes]
# name 23 = flag:  0.000e+00
# span 0 =      2.090,     36.939                 
# span 1 =   71.78546,   71.78546                 
# span 2 = -161.96522, -161.96520                 
# span 3 =      2.112,     37.324                 
# span 4 =    -0.6879,     2.1019                 
# span 5 =    -0.6867,     2.1123                 
# span 6 =    -0.6888,     2.1015                 
# span 7 =    27.4668,    32.6637                 
# span 8 =    27.5900,    32.6894                 
# span 9 =  1021.9728,  1026.4122                 
# span 10 =    21.9548,    26.2469                
# span 11 =    286.901,    452.442                
# span 12 =    265.956,    416.546                
# span 13 =  344.02346,  360.94926                
# span 14 =     79.500,    127.742                
# span 15 =     73.705,    116.755                
# span 16 =     0.0989,     1.0024                
# span 17 =     0.2454,     5.6667                
# span 18 =     2.7741,     4.1380                
# span 19 =     0.5200,     2.1200                
# span 20 = 1.0000e-12, 7.3743e-01                
# span 21 =          1,       4049                
# span 22 =     0.0000,     2.8111                
# span 23 = 0.0000e+00, 0.0000e+00                
# interval = seconds: 0.0416667
# start_time = Sep 25 2023 05:49:13 [NMEA time, first data scan]
# bad_flag = -9.990e-29
*END*
[from data line 3201]
     31.738   71.78546 -161.96522     32.068    -0.6276    -0.6138    -0.6284    32.6112    32.6107  1026.3584    26.2045    290.854    269.183  360.39974     80.703     74.717     0.1343     0.4579     2.9280     1.9041 8.4714e-06       3202     2.2229  0.000e+00
     31.776   71.78546 -161.96522     32.107    -0.6274    -0.6126    -0.6282    32.6114    32.6098  1026.3587    26.2046    290.933    269.395  360.39774     80.725     74.778     0.1355     0.4652     2.9377     1.8907 1.0000e-12       3203     2.2236  0.000e+00
     31.738   71.78546 -161.96522     32.068    -0.6263    -0.6115    -0.6272    32.6104    32.6087  1026.3577    26.2037    290.903    269.412  360.39018     80.719     74.784     0.1343     0.4579     2.9512     1.8725 1.0000e-12       3204     2.2243  0.000e+00
     31.776   71.78546 -161.96522     32.107    -0.6249    -0.6109    -0.6257    32.6091    32.6084  1026.3567    26.2026    290.961    269.431  360.38029     80.737     74.790     0.1380     0.4798     2.9536     1.8692 8.4714e-06       3205     2.2250  0.000e+00
     31.738   71.78546 -161.96522     32.068    -0.6230    -0.6094    -0.6238    32.6071    32.6072  1026.3549    26.2009    290.914    269.440  360.36756     80.727     74.795     0.1416     0.5018     2.9524     1.8708 1.0000e-12       3206     2.2257  0.000e+00
     31.776   71.78546 -161.96522     32.107    -0.6219    -0.6089    -0.6227    32.6061    32.6068  1026.3542    26.2001    291.165    269.455  360.36001     80.798     74.800     0.1416     0.5018     2.9524     1.8708 1.0000e-12       3207     2.2264  0.000e+00
     31.738   71.78546 -161.96522     32.068    -0.6230    -0.6092    -0.6238    32.6072    32.6074  1026.3549    26.2010    291.217    269.249  360.36732     80.811     74.742     0.1416     0.5018     2.9524     1.8708 1.0000e-12       3208     2.2271  0.000e+00
     31.776   71.78546 -161.96522     32.107    -0.6243    -0.6089    -0.6252    32.6086    32.6073  1026.3563    26.2022    291.516    269.453  360.37636     80.892     74.800     0.1416     0.5018     2.9524     1.8708 1.0000e-12       3209     2.2278  0.000e+00
     31.676   71.78546 -161.96522     32.006    -0.6256    -0.6088    -0.6264    32.6099    32.6072  1026.3570    26.2033    291.345    269.460  360.38443     80.843     74.802     0.1416     0.5018     2.9524     1.8708 1.0000e-12       3210     2.2285  0.000e+00
     31.792   71.78546 -161.96522     32.123    -0.6269    -0.6085    -0.6278    32.6118    32.6069  1026.3591    26.2049    291.331    269.502  360.39229     80.837     74.814     0.1404     0.4945     2.9524     1.8708 1.0000e-12       3211     2.2292  0.000e+00
     31.776   71.78546 -161.96522     32.107    -0.6277    -0.6083    -0.6286    32.6124    32.6066  1026.3595    26.2054    291.348    269.508  360.39815     80.841     74.816     0.1416     0.5018     2.9524     1.8708 1.0000e-12       3212     2.2299  0.000e+00
     31.738   71.78546 -161.96522     32.068    -0.6282    -0.6085    -0.6290    32.6134    32.6072  1026.3602    26.2062    291.352    269.512  360.39960     80.841     74.817     0.1416     0.5018     2.9524     1.8708 1.0000e-12       3213     2.2306  0.000e+00
     31.722   71.78546 -161.96522     32.053    -0.6288    -0.6083    -0.6297    32.6137    32.6067  1026.3603    26.2065    291.353    269.513  360.40483     80.840     74.817     0.1416     0.5018     2.9524     1.8708 1.0000e-12       3214     2.2313  0.000e+00
     31.738   71.78546 -161.96522     32.068    -0.6291    -0.6088    -0.6299    32.6135    32.6073  1026.3603    26.2063    291.345    269.516  360.40803     80.838     74.818     0.1416     0.5018     2.9524     1.8708 1.0000e-12       3215     2.2319  0.000e+00
     31.776   71.78546 -161.96522     32.107    -0.6300    -0.6086    -0.6308    32.6150    32.6074  1026.3617    26.2076    291.332    269.514  360.41232     80.833     74.817     0.1404     0.4945     2.9524     1.8708 8.4714e-06       3216     2.2326  0.000e+00
     31.738   71.78546 -161.96522     32.068    -0.6306    -0.6080    -0.6315    32.6157    32.6069  1026.3621    26.2082    291.356    269.503  360.41643     80.839     74.815     0.1416     0.5018     2.9524     1.8708 1.0000e-12       3217     2.2333  0.000e+00
     31.776   71.78546 -161.96522     32.107    -0.6319    -0.6080    -0.6327    32.6170    32.6066  1026.3634    26.2093    291.630    269.498  360.42474     80.913     74.814     0.1416     0.5018     2.9524     1.8708 1.0000e-12       3218     2.2340  0.000e+00
     31.738   71.78546 -161.96522     32.068    -0.6323    -0.6074    -0.6332    32.6175    32.6063  1026.3636    26.2097    291.436    269.513  360.42763     80.858     74.819     0.1416     0.5018     2.9512     1.8725 8.4714e-06       3219     2.2347  0.000e+00
     31.776   71.78546 -161.96522     32.107    -0.6320    -0.6079    -0.6328    32.6167    32.6070  1026.3631    26.2090    291.688    269.506  360.42668     80.928     74.816     0.1429     0.5091     2.9524     1.8708 1.0000e-12       3220     2.2354  0.000e+00
     31.676   71.78546 -161.96522     32.006    -0.6313    -0.6079    -0.6321    32.6156    32.6073  1026.3617    26.2081    291.720    269.488  360.42279     80.938     74.811     0.1416     0.5018     2.9524     1.8708 1.0000e-12       3221     2.2361  0.000e+00
     31.776   71.78546 -161.96522     32.107    -0.6306    -0.6085    -0.6315    32.6156    32.6081  1026.3622    26.2081    291.703    269.700  360.41662     80.935     74.870     0.1416     0.5018     2.9524     1.8708 1.0000e-12       3222     2.2368  0.000e+00
     31.738   71.78546 -161.96522     32.068    -0.6300    -0.6089    -0.6308    32.6146    32.6086  1026.3612    26.2073    291.625    269.490  360.41345     80.914     74.811     0.1404     0.4945     2.9548     1.8675 1.0000e-12       3223     2.2375  0.000e+00
     31.738   71.78546 -161.96522     32.068    -0.6298    -0.6094    -0.6307    32.6142    32.6091  1026.3609    26.2070    291.588    269.471  360.41294     80.904     74.805     0.1416     0.5018     2.9597     1.8609 1.0000e-12       3224     2.2382  0.000e+00
     31.776   71.78546 -161.96522     32.107    -0.6300    -0.6098    -0.6308    32.6146    32.6095  1026.3614    26.2073    291.544    269.481  360.41352     80.891     74.807     0.1416     0.5018     2.9609     1.8593 8.4714e-06       3225     2.2389  0.000e+00
     31.738   71.78546 -161.96522     32.068    -0.6302    -0.6102    -0.6310    32.6151    32.6096  1026.3616    26.2077    291.487    269.487  360.41384     80.876     74.808     0.1416     0.5018     2.9609     1.8593 8.4714e-06       3226     2.2396  0.000e+00
     31.722   71.78546 -161.96522     32.052    -0.6299    -0.6103    -0.6307    32.6149    32.6101  1026.3613    26.2075    291.419    269.490  360.41173     80.857     74.809     0.1416     0.5018     2.9609     1.8593 1.0000e-12       3227     2.2403  0.000e+00
     31.738   71.78546 -161.96522     32.068    -0.6304    -0.6106    -0.6312    32.6151    32.6102  1026.3616    26.2077    291.348    269.496  360.41531     80.837     74.810     0.1416     0.5018     2.9609     1.8593 1.0000e-12       3228     2.2410  0.000e+00
     31.776   71.78546 -161.96522     32.107    -0.6305    -0.6105    -0.6313    32.6154    32.6099  1026.3620    26.2079    291.362    269.688  360.41575     80.841     74.863     0.1416     0.5018     2.9597     1.8609 1.0000e-12       3229     2.2417  0.000e+00
     31.676   71.78546 -161.96522     32.006    -0.6302    -0.6104    -0.6310    32.6148    32.6103  1026.3610    26.2074    291.315    269.458  360.41469     80.828     74.800     0.1416     0.5018     2.9609     1.8593 8.4714e-06       3230     2.2424  0.000e+00
     31.776   71.78546 -161.96522     32.107    -0.6304    -0.6103    -0.6312    32.6148    32.6098  1026.3615    26.2074    291.519    269.457  360.41633     80.884     74.799     0.1477     0.5384     2.9609     1.8593 1.0000e-12       3231     2.2431  0.000e+00
     31.738   71.78546 -161.96522     32.068    -0.6313    -0.6094    -0.6321    32.6159    32.6087  1026.3623    26.2084    291.510    269.444  360.42169     80.880     74.797     0.1526     0.5678     2.9609     1.8593 1.0000e-12       3232     2.2437  0.000e+00
     31.722   71.78546 -161.96522     32.052    -0.6317    -0.6091    -0.6326    32.6161    32.6084  1026.3624    26.2085    291.538    269.403  360.42558     80.887     74.786     0.1514     0.5604     2.9609     1.8593 1.0000e-12       3233     2.2444  0.000e+00
     31.738   71.78546 -161.96522     32.068    -0.6315    -0.6089    -0.6324    32.6162    32.6077  1026.3626    26.2086    291.554    269.363  360.42366     80.892     74.775     0.1514     0.5604     2.9609     1.8593 1.0000e-12       3234     2.2451  0.000e+00
     31.776   71.78546 -161.96522     32.107    -0.6311    -0.6092    -0.6319    32.6156    32.6078  1026.3622    26.2081    291.563    269.575  360.42101     80.895     74.833     0.1514     0.5604     2.9609     1.8593 1.0000e-12       3235     2.2458  0.000e+00
     31.738   71.78546 -161.96522     32.068    -0.6306    -0.6096    -0.6315    32.6148    32.6083  1026.3614    26.2075    291.561    269.339  360.41883     80.895     74.767     0.1514     0.5604     2.9609     1.8593 1.0000e-12       3236     2.2465  0.000e+00
     31.722   71.78546 -161.96522     32.052    -0.6308    -0.6098    -0.6316    32.6143    32.6083  1026.3609    26.2071    291.557    269.292  360.42196     80.893     74.754     0.1526     0.5678     2.9609     1.8593 8.4714e-06       3237     2.2472  0.000e+00
     31.738   71.78546 -161.96522     32.068    -0.6313    -0.6096    -0.6321    32.6148    32.6074  1026.3614    26.2075    291.797    269.494  360.42494     80.959     74.810     0.1514     0.5604     2.9609     1.8593 8.4714e-06       3238     2.2479  0.000e+00
     31.737   71.78546 -161.96522     32.068    -0.6315    -0.6094    -0.6324    32.6149    32.6072  1026.3615    26.2076    291.573    269.278  360.42726     80.896     74.750     0.1514     0.5604     2.9609     1.8593 1.0000e-12       3239     2.2486  0.000e+00
     31.722   71.78546 -161.96522     32.052    -0.6317    -0.6093    -0.6326    32.6153    32.6067  1026.3618    26.2079    291.542    269.254  360.42786     80.888     74.743     0.1514     0.5604     2.9609     1.8593 1.0000e-12       3240     2.2493  0.000e+00
     31.737   71.78546 -161.96522     32.068    -0.6329    -0.6091    -0.6337    32.6164    32.6066  1026.3628    26.2088    291.560    269.229  360.43612     80.891     74.737     0.1514     0.5604     2.9609     1.8593 1.0000e-12       3241     2.2500  0.000e+00
     31.722   71.78546 -161.96522     32.052    -0.6343    -0.6092    -0.6352    32.6183    32.6070  1026.3643    26.2104    291.524    269.454  360.44425     80.879     74.799     0.1514     0.5604     2.9609     1.8593 1.0000e-12       3242     2.2507  0.000e+00
     31.737   71.78546 -161.96522     32.068    -0.6357    -0.6094    -0.6366    32.6200    32.6068  1026.3658    26.2119    291.530    269.490  360.45302     80.879     74.809     0.1514     0.5604     2.9621     1.8576 1.0000e-12       3243     2.2514  0.000e+00
     31.776   71.78546 -161.96522     32.107    -0.6357    -0.6098    -0.6365    32.6199    32.6076  1026.3659    26.2118    291.522    269.495  360.45272     80.877     74.810     0.1526     0.5678     2.9719     1.8444 1.0000e-12       3244     2.2521  0.000e+00
     31.676   71.78546 -161.96522     32.006    -0.6363    -0.6100    -0.6371    32.6211    32.6079  1026.3664    26.2127    291.505    269.491  360.45553     80.871     74.808     0.1514     0.5604     2.9756     1.8395 1.0000e-12       3245     2.2528  0.000e+00
     31.776   71.78546 -161.96522     32.107    -0.6368    -0.6103    -0.6376    32.6219    32.6077  1026.3676    26.2134    291.740    269.494  360.45745     80.936     74.808     0.1514     0.5604     2.9768     1.8379 1.0000e-12       3246     2.2535  0.000e+00
     31.737   71.78546 -161.96522     32.068    -0.6357    -0.6107    -0.6365    32.6209    32.6081  1026.3665    26.2125    291.748    269.489  360.45013     80.940     74.807     0.1514     0.5604     2.9756     1.8395 1.0000e-12       3247     2.2542  0.000e+00
     31.722   71.78546 -161.96522     32.052    -0.6347    -0.6107    -0.6355    32.6201    32.6081  1026.3658    26.2119    291.749    269.480  360.44238     80.942     74.804     0.1514     0.5604     2.9756     1.8395 8.4714e-06       3248     2.2549  0.000e+00
     31.737   71.78546 -161.96522     32.068    -0.6351    -0.6103    -0.6359    32.6207    32.6078  1026.3664    26.2124    291.754    269.687  360.44451     80.943     74.862     0.1502     0.5531     2.9756     1.8395 1.0000e-12       3249     2.2556  0.000e+00
     31.722   71.78546 -161.96522     32.052    -0.6351    -0.6117    -0.6359    32.6214    32.6095  1026.3668    26.2129    291.746    269.741  360.44268     80.941     74.875     0.1514     0.5604     2.9756     1.8395 1.0000e-12       3250     2.2563  0.000e+00
     31.737   71.78546 -161.96522     32.068    -0.6315    -0.6126    -0.6324    32.6182    32.6107  1026.3642    26.2102    291.709    269.758  360.41802     80.936     74.879     0.1526     0.5678     2.9756     1.8395 1.0000e-12       3251     2.2569  0.000e+00
     31.722   71.78546 -161.96522     32.052    -0.6268    -0.6133    -0.6276    32.6137    32.6116  1026.3602    26.2064    291.654    270.023  360.38530     80.928     74.952     0.1514     0.5604     2.9756     1.8395 1.0000e-12       3252     2.2576  0.000e+00
     31.737   71.78546 -161.96522     32.068    -0.6231    -0.6134    -0.6239    32.6101    32.6115  1026.3573    26.2033    291.601    270.091  360.36026     80.919     74.970     0.1514     0.5604     2.9756     1.8395 8.4714e-06       3253     2.2583  0.000e+00
     31.737   71.78546 -161.96522     32.068    -0.6197    -0.6140    -0.6206    32.6067    32.6124  1026.3544    26.2005    291.541    270.155  360.33776     80.908     74.988     0.1514     0.5604     2.9756     1.8395 1.0000e-12       3254     2.2590  0.000e+00
     31.722   71.78546 -161.96522     32.052    -0.6170    -0.6142    -0.6178    32.6036    32.6127  1026.3517    26.1979    291.478    270.215  360.32001     80.894     75.004     0.1514     0.5604     2.9768     1.8379 1.0000e-12       3255     2.2597  0.000e+00
     31.737   71.78546 -161.96522     32.068    -0.6159    -0.6143    -0.6168    32.6028    32.6127  1026.3511    26.1972    291.218    270.271  360.31244     80.824     75.019     0.1551     0.5824     2.9756     1.8395 8.4714e-06       3256     2.2604  0.000e+00
     31.722   71.78546 -161.96522     32.052    -0.6162    -0.6138    -0.6171    32.6026    32.6123  1026.3509    26.1970    291.416    270.286  360.31570     80.878     75.024     0.1575     0.5971     2.9756     1.8395 1.0000e-12       3257     2.2611  0.000e+00
     31.737   71.78546 -161.96522     32.068    -0.6171    -0.6127    -0.6180    32.6038    32.6112  1026.3520    26.1981    291.706    270.547  360.32091     80.957     75.098     0.1600     0.6117     2.9756     1.8395 1.0000e-12       3258     2.2618  0.000e+00
     31.722   71.78546 -161.96522     32.052    -0.6172    -0.6123    -0.6180    32.6045    32.6105  1026.3524    26.1986    291.732    270.615  360.31969     80.965     75.118     0.1587     0.6044     2.9756     1.8395 1.0000e-12       3259     2.2625  0.000e+00
     31.737   71.78546 -161.96522     32.068    -0.6159    -0.6121    -0.6168    32.6033    32.6105  1026.3515    26.1976    291.743    270.680  360.31112     80.970     75.136     0.1600     0.6117     2.9756     1.8395 1.0000e-12       3260     2.2632  0.000e+00
