EcoFOCI/data/1_SampleCollection/2023_SikuliaqDBO_CruiseData/CTD_raw_BottleFile_SKQ23-12S/proc/skq202312s_060.ros
* Sea-Bird SBE 9 Data File:
* FileName = D:\CTD\SKQ202312S\SKQ202312S_060.hex
* Software Version Seasave V 7.26.7.121
* Temperature SN = 6177
* Conductivity SN = 0369
* Number of Bytes Per Scan = 41
* Number of Voltage Words = 4
* Number of Scans Averaged by the Deck Unit = 1
* NMEA Latitude = 71 36.06 N
* NMEA Longitude = 165 18.28 W
* NMEA UTC (Time) = Sep 27 2023  22:11:30
* NMEA baud rate = 4800
** Ship: R/V Sikuliaq
** Station Number: 060
** Station Name: IC3
** Bottom Depth: 42
** Operator: SD
# nquan = 22
# nvalues = 784                                   
# units = specified
# name 0 = depSM: Depth [salt water, m]
# name 1 = latitude: Latitude [deg]
# name 2 = longitude: Longitude [deg]
# name 3 = prDM: Pressure, Digiquartz [db]
# name 4 = t090C: Temperature [ITS-90, deg C]
# name 5 = t190C: Temperature, 2 [ITS-90, deg C]
# name 6 = potemp090C: Potential Temperature [ITS-90, deg C]
# name 7 = sal00: Salinity, Practical [PSU]
# name 8 = sal11: Salinity, Practical, 2 [PSU]
# name 9 = density00: Density [density, kg/m^3]
# name 10 = sigma-é00: Density [sigma-theta, kg/m^3]
# name 11 = sbox0Mm/Kg: Oxygen, SBE 43 [umol/kg]
# name 12 = sbox1Mm/Kg: Oxygen, SBE 43, 2 [umol/kg]
# name 13 = oxsolMm/Kg: Oxygen Saturation, Garcia & Gordon [umol/kg]
# name 14 = sbeox0PS: Oxygen, SBE 43 [% saturation]
# name 15 = v0: Voltage 0
# name 16 = flECO-AFL: Fluorescence, WET Labs ECO-AFL/FL [mg/m^3]
# name 17 = CStarAt0: Beam Attenuation, WET Labs C-Star [1/m]
# name 18 = par: PAR/Irradiance, Biospherical/Licor
# name 19 = scan: Scan Count
# name 20 = nbf: Bottles Fired
# name 21 = flag:  0.000e+00
# interval = seconds: 0.0416667
# start_time = Sep 27 2023 22:14:51 [NMEA time, first data scan]
# bad_flag = -9.990e-29
*END*
[from data line 330]
     26.190   71.60090 -165.30478     26.462    -0.4868    -0.5240    -0.4875    32.4061    32.4357  1026.1601    26.0331    326.365    310.901  359.63652     90.748     0.3516     1.7619     0.7898 2.1960e+01      12431          7  0.000e+00
     26.259   71.60090 -165.30478     26.532    -0.4910    -0.5253    -0.4917    32.4098    32.4369  1026.1636    26.0363    326.423    310.903  359.66578     90.757     0.3516     1.7619     0.7898 2.2084e+01      12432          7  0.000e+00
     26.298   71.60090 -165.30478     26.571    -0.4934    -0.5283    -0.4941    32.4135    32.4428  1026.1669    26.0394    326.508    310.913  359.67870     90.778     0.3516     1.7619     0.7898 2.2084e+01      12433          7  0.000e+00
     26.244   71.60090 -165.30478     26.516    -0.4960    -0.5376    -0.4967    32.4193    32.4546  1026.1714    26.0442    326.586    310.968  359.68709     90.797     0.3504     1.7546     0.7898 2.2084e+01      12434          7  0.000e+00
     26.259   71.60090 -165.30478     26.532    -0.4992    -0.5338    -0.4999    32.4262    32.4519  1026.1772    26.0499    326.870    310.910  359.69821     90.874     0.3346     1.6593     0.7911 2.2084e+01      12435          7  0.000e+00
     26.244   71.60090 -165.30478     26.516    -0.5002    -0.5256    -0.5009    32.4299    32.4435  1026.1801    26.0529    326.732    310.855  359.69718     90.835     0.3248     1.6007     0.7898 2.2022e+01      12436          7  0.000e+00
     26.259   71.60090 -165.30478     26.532    -0.4989    -0.5206    -0.4997    32.4304    32.4393  1026.1806    26.0533    326.784    310.605  359.68387     90.853     0.3248     1.6007     0.7898 2.1960e+01      12437          7  0.000e+00
     26.244   71.60090 -165.30478     26.516    -0.4960    -0.5157    -0.4967    32.4294    32.4358  1026.1796    26.0524    326.820    310.549  359.65851     90.870     0.3236     1.5934     0.7898 2.1960e+01      12438          7  0.000e+00
     26.259   71.60090 -165.30478     26.532    -0.4928    -0.5123    -0.4935    32.4283    32.4331  1026.1786    26.0513    326.808    310.512  359.63113     90.873     0.3248     1.6007     0.7898 2.1960e+01      12439          7  0.000e+00
     26.244   71.60090 -165.30478     26.516    -0.4899    -0.5128    -0.4906    32.4267    32.4338  1026.1771    26.0499    326.798    310.507  359.60806     90.876     0.3248     1.6007     0.7898 2.2022e+01      12440          7  0.000e+00
     26.259   71.60090 -165.30478     26.532    -0.4876    -0.5103    -0.4883    32.4242    32.4309  1026.1751    26.0479    326.795    310.488  359.59288     90.879     0.3248     1.6007     0.7898 2.2022e+01      12441          7  0.000e+00
     26.298   71.60090 -165.30478     26.571    -0.4861    -0.5105    -0.4869    32.4219    32.4305  1026.1734    26.0459    326.847    310.685  359.58589     90.895     0.3248     1.6007     0.7898 2.2084e+01      12442          7  0.000e+00
     26.259   71.60090 -165.30478     26.532    -0.4851    -0.5103    -0.4858    32.4195    32.4290  1026.1712    26.0439    327.100    310.468  359.58252     90.967     0.3248     1.6007     0.7911 2.2084e+01      12443          7  0.000e+00
     20.246   71.60090 -165.30478     20.456     3.1631     3.1752     3.1620    30.7668    30.7741  1024.5903    24.4941    321.772    307.710  331.74208     96.995     0.1050     0.2820     0.4382 3.6814e+01      15197          8  0.000e+00
     20.323   71.60090 -165.30478     20.534     3.1635     3.1747     3.1624    30.7665    30.7740  1024.5904    24.4938    321.954    307.723  331.73981     97.050     0.1050     0.2820     0.4382 3.6918e+01      15198          8  0.000e+00
     20.246   71.60090 -165.30478     20.456     3.1638     3.1746     3.1626    30.7673    30.7744  1024.5907    24.4944    322.162    307.747  331.73562     97.114     0.1050     0.2820     0.4382 3.7023e+01      15199          8  0.000e+00
     20.308   71.60090 -165.30478     20.519     3.1642     3.1742     3.1631    30.7675    30.7742  1024.5911    24.4946    321.972    307.756  331.73104     97.058     0.1050     0.2820     0.4382 3.7654e+01      15200          8  0.000e+00
     20.269   71.60090 -165.30478     20.480     3.1644     3.1736     3.1633    30.7692    30.7742  1024.5922    24.4959    321.997    307.761  331.72556     97.067     0.1050     0.2820     0.4382 3.7867e+01      15201          8  0.000e+00
     20.246   71.60090 -165.30478     20.456     3.1642     3.1736     3.1631    30.7700    30.7743  1024.5928    24.4966    322.211    307.759  331.72470     97.132     0.1050     0.2820     0.4382 3.7867e+01      15202          8  0.000e+00
     20.308   71.60090 -165.30478     20.519     3.1651     3.1743     3.1640    30.7703    30.7739  1024.5932    24.4967    322.235    307.777  331.71667     97.142     0.1062     0.2894     0.4382 3.8297e+01      15203          8  0.000e+00
     20.269   71.60090 -165.30478     20.480     3.1661     3.1747     3.1650    30.7703    30.7737  1024.5930    24.4966    322.254    307.792  331.70869     97.150     0.1050     0.2820     0.4382 3.8514e+01      15204          8  0.000e+00
     20.308   71.60090 -165.30478     20.519     3.1658     3.1736     3.1647    30.7710    30.7747  1024.5937    24.4972    322.284    307.819  331.70962     97.159     0.1062     0.2894     0.4382 3.8514e+01      15205          8  0.000e+00
     20.308   71.60090 -165.30478     20.519     3.1656     3.1736     3.1645    30.7710    30.7749  1024.5938    24.4972    322.312    307.813  331.71084     97.167     0.1050     0.2820     0.4382 3.8731e+01      15206          8  0.000e+00
     20.215   71.60090 -165.30478     20.425     3.1653     3.1738     3.1642    30.7703    30.7749  1024.5928    24.4967    322.410    307.801  331.71533     97.195     0.1062     0.2894     0.4382 3.8950e+01      15207          8  0.000e+00
     20.308   71.60090 -165.30478     20.519     3.1653     3.1741     3.1642    30.7693    30.7749  1024.5924    24.4959    322.443    307.792  331.71789     97.204     0.1050     0.2820     0.4382 3.8841e+01      15208          8  0.000e+00
     20.308   71.60090 -165.30478     20.519     3.1648     3.1749     3.1637    30.7693    30.7744  1024.5925    24.4960    322.508    307.775  331.72166     97.222     0.1050     0.2820     0.4382 3.9392e+01      15209          8  0.000e+00
     20.215   71.60090 -165.30478     20.425     3.1639     3.1753     3.1628    30.7698    30.7744  1024.5925    24.4964    322.536    307.754  331.72799     97.229     0.1050     0.2820     0.4382 3.9839e+01      15210          8  0.000e+00
     20.308   71.60090 -165.30478     20.519     3.1628     3.1757     3.1617    30.7701    30.7736  1024.5933    24.4967    322.573    307.742  331.73649     97.238     0.1050     0.2820     0.4382 3.9952e+01      15211          8  0.000e+00
     20.246   71.60090 -165.30478     20.456     3.1623     3.1750     3.1612    30.7701    30.7738  1024.5930    24.4968    322.596    307.728  331.74028     97.244     0.1050     0.2820     0.4382 3.9839e+01      15212          8  0.000e+00
     20.270   71.60090 -165.30478     20.480     3.1630     3.1749     3.1618    30.7686    30.7731  1024.5919    24.4955    322.615    307.713  331.73883     97.250     0.1050     0.2820     0.4382 3.9727e+01      15213          8  0.000e+00
     20.308   71.60090 -165.30478     20.519     3.1634     3.1743     3.1623    30.7671    30.7732  1024.5908    24.4943    322.599    307.699  331.73873     97.245     0.1062     0.2894     0.4382 3.9727e+01      15214          8  0.000e+00
     20.246   71.60090 -165.30478     20.456     3.1636     3.1739     3.1625    30.7667    30.7732  1024.5902    24.4939    322.612    307.677  331.73841     97.249     0.1050     0.2820     0.4405 3.9952e+01      15215          8  0.000e+00
     20.270   71.60090 -165.30478     20.480     3.1634     3.1735     3.1623    30.7662    30.7738  1024.5899    24.4936    322.630    307.679  331.74093     97.254     0.1074     0.2967     0.4451 4.0178e+01      15216          8  0.000e+00
     20.246   71.60090 -165.30478     20.456     3.1630     3.1733     3.1618    30.7659    30.7738  1024.5896    24.4933    322.647    307.678  331.74575     97.257     0.1062     0.2894     0.4463 4.0291e+01      15217          8  0.000e+00
     20.308   71.60090 -165.30478     20.519     3.1633     3.1731     3.1621    30.7649    30.7736  1024.5891    24.4925    322.661    307.679  331.74553     97.262     0.1074     0.2967     0.4463 4.0291e+01      15218          8  0.000e+00
     20.216   71.60090 -165.30478     20.425     3.1626     3.1730     3.1615    30.7648    30.7737  1024.5886    24.4925    322.673    307.649  331.75100     97.264     0.1062     0.2894     0.4463 4.0064e+01      15219          8  0.000e+00
     20.247   71.60090 -165.30478     20.457     3.1596     3.1733     3.1585    30.7658    30.7735  1024.5898    24.4936    322.708    307.423  331.77311     97.268     0.1062     0.2894     0.4463 3.9952e+01      15220          8  0.000e+00
     20.308   71.60090 -165.30478     20.519     3.1573     3.1733     3.1562    30.7672    30.7738  1024.5915    24.4949    322.736    307.395  331.78871     97.272     0.1062     0.2894     0.4463 3.9952e+01      15221          8  0.000e+00
     20.216   71.60090 -165.30478     20.425     3.1575     3.1731     3.1563    30.7677    30.7740  1024.5914    24.4953    322.735    307.560  331.78629     97.272     0.1074     0.2967     0.4463 4.0519e+01      15222          8  0.000e+00
     20.247   71.60090 -165.30478     20.457     3.1588     3.1733     3.1577    30.7670    30.7739  1024.5908    24.4946    322.730    307.552  331.77669     97.273     0.1050     0.2820     0.4463 4.0633e+01      15223          8  0.000e+00
     20.308   71.60090 -165.30478     20.519     3.1603     3.1741     3.1592    30.7647    30.7733  1024.5892    24.4926    322.728    307.541  331.77064     97.274     0.1062     0.2894     0.4463 4.0633e+01      15224          8  0.000e+00
     20.216   71.60090 -165.30478     20.425     3.1612     3.1744     3.1601    30.7637    30.7734  1024.5879    24.4918    322.938    307.525  331.76523     97.339     0.1074     0.2967     0.4463 4.0519e+01      15225          8  0.000e+00
     20.247   71.60090 -165.30478     20.457     3.1620     3.1752     3.1609    30.7626    30.7734  1024.5871    24.4908    322.750    307.313  331.76181     97.284     0.1062     0.2894     0.4463 4.0405e+01      15226          8  0.000e+00
     20.247   71.60090 -165.30478     20.457     3.1618     3.1755     3.1607    30.7624    30.7733  1024.5869    24.4907    322.968    307.278  331.76362     97.349     0.1074     0.2967     0.4463 4.0405e+01      15227          8  0.000e+00
     20.270   71.60090 -165.30478     20.480     3.1618     3.1755     3.1607    30.7627    30.7735  1024.5873    24.4910    322.778    307.245  331.76277     97.292     0.1062     0.2894     0.4463 4.0064e+01      15228          8  0.000e+00
     20.193   71.60090 -165.30478     20.402     3.1622     3.1753     3.1610    30.7624    30.7739  1024.5867    24.4907    322.766    307.209  331.76100     97.289     0.1062     0.2894     0.4463 3.9839e+01      15229          8  0.000e+00
     20.308   71.60090 -165.30478     20.519     3.1612     3.1750     3.1601    30.7632    30.7740  1024.5879    24.4913    322.768    307.379  331.76653     97.288     0.1050     0.2820     0.4463 3.9839e+01      15230          8  0.000e+00
     20.216   71.60090 -165.30478     20.425     3.1600     3.1749     3.1588    30.7646    30.7741  1024.5887    24.4926    322.981    307.169  331.77337     97.350     0.1062     0.2894     0.4463 3.9839e+01      15231          8  0.000e+00
     20.193   71.60090 -165.30478     20.402     3.1587     3.1750     3.1576    30.7661    30.7742  1024.5899    24.4939    322.791    307.133  331.77979     97.291     0.1062     0.2894     0.4463 3.9952e+01      15232          8  0.000e+00
     20.216   71.60090 -165.30478     20.426     3.1577     3.1752     3.1566    30.7663    30.7739  1024.5902    24.4941    322.786    307.099  331.78758     97.287     0.1062     0.2894     0.4463 3.9839e+01      15233          8  0.000e+00
     20.247   71.60090 -165.30478     20.457     3.1576     3.1750     3.1565    30.7647    30.7740  1024.5891    24.4928    322.776    307.068  331.79254     97.282     0.1050     0.2820     0.4463 4.0178e+01      15234          8  0.000e+00
     20.247   71.60090 -165.30478     20.457     3.1576     3.1749     3.1565    30.7622    30.7734  1024.5871    24.4909    322.765    307.037  331.79881     97.277     0.1062     0.2894     0.4498 4.0519e+01      15235          8  0.000e+00
     20.216   71.60090 -165.30478     20.426     3.1575     3.1742     3.1563    30.7600    30.7736  1024.5853    24.4891    322.751    307.007  331.80557     97.271     0.1074     0.2967     0.4800 4.0519e+01      15236          8  0.000e+00
     20.193   71.60090 -165.30478     20.402     3.1560     3.1739     3.1549    30.7597    30.7731  1024.5850    24.4890    322.707    306.976  331.81833     97.254     0.1062     0.2894     0.4964 4.0519e+01      15237          8  0.000e+00
     20.247   71.60090 -165.30478     20.457     3.1526     3.1735     3.1515    30.7609    30.7733  1024.5865    24.4902    322.715    306.971  331.84336     97.249     0.1074     0.2967     0.4976 4.0633e+01      15238          8  0.000e+00
     20.216   71.60090 -165.30478     20.426     3.1465     3.1731     3.1453    30.7664    30.7731  1024.5912    24.4951    322.731    306.964  331.87991     97.243     0.1062     0.2894     0.4953 4.0519e+01      15239          8  0.000e+00
     20.193   71.60090 -165.30478     20.402     3.1411     3.1727     3.1400    30.7724    30.7734  1024.5964    24.5003    322.738    306.957  331.90869     97.237     0.1074     0.2967     0.4953 4.0633e+01      15240          8  0.000e+00
     20.247   71.60090 -165.30478     20.457     3.1407     3.1724     3.1396    30.7736    30.7731  1024.5976    24.5014    322.932    306.955  331.90909     97.295     0.1001     0.2527     0.4953 4.0633e+01      15241          8  0.000e+00
     20.154   71.60090 -165.30478     20.363     3.1433     3.1719     3.1422    30.7716    30.7733  1024.5954    24.4996    322.914    306.949  331.89258     97.295     0.0940     0.2161     0.4953 4.0633e+01      15242          8  0.000e+00
     20.193   71.60090 -165.30478     20.402     3.1466     3.1712     3.1455    30.7681    30.7736  1024.5925    24.4965    322.457    306.949  331.87435     97.162     0.0916     0.2015     0.4953 4.0748e+01      15243          8  0.000e+00
     20.247   71.60090 -165.30478     20.457     3.1478     3.1708     3.1467    30.7663    30.7734  1024.5912    24.4950    322.603    306.951  331.86865     97.208     0.0928     0.2088     0.4953 4.1327e+01      15244          8  0.000e+00
     20.216   71.60090 -165.30478     20.426     3.1469     3.1702     3.1458    30.7663    30.7738  1024.5911    24.4950    322.612    306.950  331.87624     97.208     0.0916     0.2015     0.4953 4.1560e+01      15245          8  0.000e+00
     20.274   71.60090 -165.30478     20.484     3.1557     3.1768     3.1546    30.7668    30.7728  1024.5911    24.4947    321.992    306.588  331.80256     97.043     0.0965     0.2308     0.4416 4.1094e+01      15439          9  0.000e+00
     20.312   71.60090 -165.30478     20.523     3.1553     3.1777     3.1541    30.7672    30.7730  1024.5916    24.4951    322.007    306.586  331.80540     97.047     0.0977     0.2381     0.4416 4.1210e+01      15440          9  0.000e+00
     20.251   71.60090 -165.30478     20.461     3.1549     3.1781     3.1538    30.7669    30.7729  1024.5912    24.4949    322.018    306.388  331.80875     97.049     0.0977     0.2381     0.4416 4.1560e+01      15441          9  0.000e+00
