EcoFOCI/data/1_SampleCollection/2023_SikuliaqDBO_CruiseData/CTD_raw_BottleFile_SKQ23-12S/proc/skq202312s_005.ros
* Sea-Bird SBE 9 Data File:
* FileName = D:\CTD\SKQ202312S\SKQ202312S_005.hex
* Software Version Seasave V 7.26.7.121
* Temperature SN = 6177
* Conductivity SN = 0369
* Number of Bytes Per Scan = 41
* Number of Voltage Words = 4
* Number of Scans Averaged by the Deck Unit = 1
* NMEA Latitude = 62 23.39 N
* NMEA Longitude = 174 34.17 W
* NMEA UTC (Time) = Sep 15 2023  22:10:54
* NMEA baud rate = 4800
** Ship: R/V Sikuliaq
** Station Number: 005
** Station Name: DBO1.4
** Bottom Depth: 70
** Operator: SD
# nquan = 22
# nvalues = 1078                                  
# units = specified
# name 0 = depSM: Depth [salt water, m]
# name 1 = latitude: Latitude [deg]
# name 2 = longitude: Longitude [deg]
# name 3 = prDM: Pressure, Digiquartz [db]
# name 4 = t090C: Temperature [ITS-90, deg C]
# name 5 = t190C: Temperature, 2 [ITS-90, deg C]
# name 6 = potemp090C: Potential Temperature [ITS-90, deg C]
# name 7 = sal00: Salinity, Practical [PSU]
# name 8 = sal11: Salinity, Practical, 2 [PSU]
# name 9 = density00: Density [density, kg/m^3]
# name 10 = sigma-é00: Density [sigma-theta, kg/m^3]
# name 11 = sbox0Mm/Kg: Oxygen, SBE 43 [umol/kg]
# name 12 = sbox1Mm/Kg: Oxygen, SBE 43, 2 [umol/kg]
# name 13 = oxsolMm/Kg: Oxygen Saturation, Garcia & Gordon [umol/kg]
# name 14 = sbeox0PS: Oxygen, SBE 43 [% saturation]
# name 15 = v0: Voltage 0
# name 16 = flECO-AFL: Fluorescence, WET Labs ECO-AFL/FL [mg/m^3]
# name 17 = CStarAt0: Beam Attenuation, WET Labs C-Star [1/m]
# name 18 = par: PAR/Irradiance, Biospherical/Licor
# name 19 = scan: Scan Count
# name 20 = nbf: Bottles Fired
# name 21 = flag:  0.000e+00
# interval = seconds: 0.0416667
# start_time = Sep 15 2023 22:14:11 [NMEA time, first data scan]
# bad_flag = -9.990e-29
*END*
[from data line 922]
      1.860   62.38976 -174.56960      1.878     7.8521     7.8607     7.8519    30.9443    30.9883  1024.1197    24.1111    284.862    272.344  296.51142     96.071     0.1380     0.4798     0.6654 1.0352e+02      33279         19  0.000e+00
      1.860   62.38976 -174.56960      1.878     7.8523     7.8609     7.8521    30.9437    30.9885  1024.1192    24.1105    284.860    272.330  296.51149     96.070     0.1368     0.4725     0.6654 1.1264e+02      33280         19  0.000e+00
      1.860   62.38976 -174.56960      1.878     7.8520     7.8606     7.8518    30.9442    30.9884  1024.1197    24.1110    284.860    272.322  296.51260     96.070     0.1380     0.4798     0.6654 1.1950e+02      33281         19  0.000e+00
      1.914   62.38976 -174.56960      1.933     7.8523     7.8606     7.8521    30.9442    30.9883  1024.1198    24.1110    284.860    272.315  296.51036     96.071     0.1392     0.4872     0.6654 1.2051e+02      33282         19  0.000e+00
      1.860   62.38976 -174.56960      1.878     7.8526     7.8602     7.8524    30.9438    30.9886  1024.1193    24.1106    284.857    272.306  296.50912     96.070     0.1380     0.4798     0.6654 1.2785e+02      33283         19  0.000e+00
      1.914   62.38976 -174.56960      1.933     7.8533     7.8601     7.8531    30.9444    30.9882  1024.1198    24.1110    284.856    272.303  296.50363     96.072     0.1380     0.4798     0.6654 1.3487e+02      33284         19  0.000e+00
      1.914   62.38976 -174.56960      1.933     7.8533     7.8598     7.8531    30.9439    30.9884  1024.1195    24.1106    284.860    272.300  296.50458     96.073     0.1380     0.4798     0.6654 1.3640e+02      33285         19  0.000e+00
      1.914   62.38976 -174.56960      1.933     7.8538     7.8599     7.8536    30.9437    30.9884  1024.1192    24.1104    284.861    272.295  296.50181     96.074     0.1380     0.4798     0.6654 1.3911e+02      33286         19  0.000e+00
      1.860   62.38976 -174.56960      1.878     7.8549     7.8602     7.8547    30.9436    30.9882  1024.1188    24.1101    284.856    272.288  296.49431     96.075     0.1368     0.4725     0.6642 1.4308e+02      33287         19  0.000e+00
      1.464   62.38976 -174.56960      1.478     7.8638     7.8683     7.8636    30.9423    30.9880  1024.1147    24.1079    285.153    272.186  296.43750     96.193     0.1368     0.4725     0.6802 2.0859e+02      33445         20  0.000e+00
      1.518   62.38976 -174.56960      1.533     7.8648     7.8686     7.8646    30.9415    30.9877  1024.1142    24.1071    285.132    272.169  296.43264     96.188     0.1368     0.4725     0.6802 2.0453e+02      33446         20  0.000e+00
      1.464   62.38976 -174.56960      1.478     7.8652     7.8681     7.8651    30.9415    30.9883  1024.1139    24.1071    285.134    272.153  296.42958     96.190     0.1380     0.4798     0.6802 1.9998e+02      33447         20  0.000e+00
      1.464   62.38976 -174.56960      1.478     7.8654     7.8681     7.8653    30.9419    30.9880  1024.1142    24.1074    285.113    272.138  296.42737     96.183     0.1368     0.4725     0.6802 1.9830e+02      33448         20  0.000e+00
      1.464   62.38976 -174.56960      1.478     7.8656     7.8678     7.8654    30.9415    30.9878  1024.1138    24.1070    285.094    271.956  296.42729     96.177     0.1368     0.4725     0.6802 1.9334e+02      33449         20  0.000e+00
      1.518   62.38976 -174.56960      1.533     7.8658     7.8673     7.8657    30.9415    30.9878  1024.1140    24.1070    285.074    271.931  296.42568     96.170     0.1368     0.4725     0.6802 1.8431e+02      33450         20  0.000e+00
      1.464   62.38976 -174.56960      1.478     7.8659     7.8668     7.8657    30.9417    30.9880  1024.1139    24.1071    285.049    271.904  296.42499     96.162     0.1368     0.4725     0.6802 1.8173e+02      33451         20  0.000e+00
      1.464   62.38976 -174.56960      1.478     7.8659     7.8665     7.8657    30.9414    30.9879  1024.1137    24.1069    285.027    272.047  296.42547     96.155     0.1368     0.4725     0.6802 1.8850e+02      33452         20  0.000e+00
      1.464   62.38976 -174.56960      1.478     7.8657     7.8660     7.8656    30.9417    30.9880  1024.1139    24.1071    285.030    272.040  296.42594     96.156     0.1368     0.4725     0.6802 2.0684e+02      33453         20  0.000e+00
      1.464   62.38976 -174.56960      1.478     7.8657     7.8659     7.8656    30.9418    30.9878  1024.1140    24.1072    285.032    272.031  296.42571     96.156     0.1368     0.4725     0.6802 2.1334e+02      33454         20  0.000e+00
      1.518   62.38976 -174.56960      1.533     7.8656     7.8649     7.8654    30.9417    30.9887  1024.1142    24.1072    285.063    271.876  296.42694     96.166     0.1368     0.4725     0.6802 2.1155e+02      33455         20  0.000e+00
      1.402   62.38976 -174.56960      1.416     7.8659     7.8649     7.8657    30.9418    30.9889  1024.1137    24.1072    285.059    272.034  296.42470     96.166     0.1368     0.4725     0.6802 2.0281e+02      33456         20  0.000e+00
      1.464   62.38976 -174.56960      1.478     7.8662     7.8652     7.8661    30.9416    30.9887  1024.1138    24.1070    284.876    272.045  296.42278     96.105     0.1368     0.4725     0.6802 1.9941e+02      33457         20  0.000e+00
      1.518   62.38976 -174.56960      1.533     7.8659     7.8657     7.8657    30.9419    30.9886  1024.1143    24.1073    284.673    272.055  296.42449     96.036     0.1368     0.4725     0.6802 1.9998e+02      33458         20  0.000e+00
      1.464   62.38976 -174.56960      1.478     7.8662     7.8663     7.8661    30.9416    30.9883  1024.1138    24.1070    284.999    272.064  296.42278     96.146     0.1368     0.4725     0.6802 2.0626e+02      33459         20  0.000e+00
      1.464   62.38976 -174.56960      1.478     7.8664     7.8665     7.8662    30.9413    30.9884  1024.1135    24.1067    285.005    272.077  296.42246     96.148     0.1368     0.4725     0.6802 2.0918e+02      33460         20  0.000e+00
      1.464   62.38976 -174.56960      1.478     7.8662     7.8671     7.8661    30.9419    30.9881  1024.1140    24.1073    284.824    272.089  296.42207     96.087     0.1368     0.4725     0.6802 2.0918e+02      33461         20  0.000e+00
      1.464   62.38976 -174.56960      1.478     7.8665     7.8673     7.8663    30.9417    30.9882  1024.1138    24.1070    284.992    272.105  296.42096     96.144     0.1368     0.4725     0.6802 2.1455e+02      33462         20  0.000e+00
      1.464   62.38976 -174.56960      1.479     7.8667     7.8675     7.8666    30.9416    30.9882  1024.1137    24.1070    284.811    272.123  296.41938     96.084     0.1368     0.4725     0.6802 2.1758e+02      33463         20  0.000e+00
      1.518   62.38976 -174.56960      1.533     7.8668     7.8678     7.8667    30.9415    30.9881  1024.1139    24.1068    284.982    272.143  296.41864     96.142     0.1368     0.4725     0.6802 2.1820e+02      33464         20  0.000e+00
      1.464   62.38976 -174.56960      1.479     7.8666     7.8680     7.8664    30.9416    30.9883  1024.1137    24.1069    284.804    272.160  296.42048     96.081     0.1368     0.4725     0.6802 2.2632e+02      33465         20  0.000e+00
      1.464   62.38976 -174.56960      1.479     7.8667     7.8681     7.8666    30.9419    30.9884  1024.1139    24.1071    284.787    272.351  296.41890     96.076     0.1368     0.4725     0.6802 2.3344e+02      33466         20  0.000e+00
      1.488   62.38976 -174.56960      1.502     7.8668     7.8681     7.8667    30.9414    30.9884  1024.1137    24.1068    284.773    272.391  296.41884     96.071     0.1368     0.4725     0.6814 2.3475e+02      33467         20  0.000e+00
      1.518   62.38976 -174.56960      1.533     7.8667     7.8681     7.8666    30.9414    30.9883  1024.1138    24.1068    284.949    272.263  296.41990     96.130     0.1368     0.4725     0.6839 2.3942e+02      33468         20  0.000e+00
      1.518   62.38976 -174.56960      1.533     7.8666     7.8684     7.8664    30.9416    30.9883  1024.1140    24.1069    284.961    272.287  296.42054     96.134     0.1368     0.4725     0.6851 2.4487e+02      33469         20  0.000e+00
      1.465   62.38976 -174.56960      1.479     7.8666     7.8685     7.8664    30.9417    30.9880  1024.1138    24.1071    284.970    272.311  296.42017     96.137     0.1368     0.4725     0.6851 2.4625e+02      33470         20  0.000e+00
      1.465   62.38976 -174.56960      1.479     7.8668     7.8685     7.8667    30.9416    30.9882  1024.1136    24.1069    284.793    272.339  296.41858     96.078     0.1343     0.4579     0.6863 2.4556e+02      33471         20  0.000e+00
      1.519   62.38976 -174.56960      1.533     7.8668     7.8686     7.8667    30.9416    30.9882  1024.1139    24.1069    284.782    272.352  296.41856     96.074     0.1355     0.4652     0.6851 2.4418e+02      33472         20  0.000e+00
      1.519   62.38976 -174.56960      1.533     7.8669     7.8689     7.8668    30.9413    30.9881  1024.1137    24.1066    284.771    272.364  296.41856     96.071     0.1343     0.4579     0.6851 2.4350e+02      33473         20  0.000e+00
      1.519   62.38976 -174.56960      1.533     7.8668     7.8685     7.8667    30.9411    30.9881  1024.1135    24.1065    284.762    272.381  296.41966     96.067     0.1355     0.4652     0.6863 2.4010e+02      33474         20  0.000e+00
      1.519   62.38976 -174.56960      1.533     7.8668     7.8676     7.8667    30.9417    30.9882  1024.1140    24.1070    284.751    272.401  296.41832     96.064     0.1343     0.4579     0.6851 2.3213e+02      33475         20  0.000e+00
      1.519   62.38976 -174.56960      1.533     7.8672     7.8671     7.8671    30.9413    30.9878  1024.1136    24.1066    284.928    272.420  296.41682     96.124     0.1355     0.4652     0.6851 2.3018e+02      33476         20  0.000e+00
      1.580   62.38976 -174.56960      1.596     7.8678     7.8675     7.8677    30.9408    30.9882  1024.1135    24.1062    284.757    272.435  296.41347     96.067     0.1343     0.4579     0.6851 2.2760e+02      33477         20  0.000e+00
      1.519   62.38976 -174.56960      1.533     7.8681     7.8683     7.8680    30.9411    30.9882  1024.1134    24.1063    284.931    272.444  296.41088     96.127     0.1355     0.4652     0.6851 2.1820e+02      33478         20  0.000e+00
      1.580   62.38976 -174.56960      1.596     7.8680     7.8694     7.8678    30.9413    30.9883  1024.1139    24.1065    284.765    272.456  296.41142     96.071     0.1355     0.4652     0.6851 2.1394e+02      33479         20  0.000e+00
      1.581   62.38976 -174.56960      1.596     7.8680     7.8708     7.8678    30.9411    30.9884  1024.1137    24.1064    284.945    272.465  296.41189     96.132     0.1343     0.4579     0.6851 2.1394e+02      33480         20  0.000e+00
      1.581   62.38976 -174.56960      1.596     7.8676     7.8715     7.8675    30.9418    30.9885  1024.1143    24.1069    284.965    272.462  296.41276     96.138     0.1368     0.4725     0.6851 2.1274e+02      33481         20  0.000e+00
      1.581   62.38976 -174.56960      1.596     7.8676     7.8721     7.8675    30.9419    30.9884  1024.1143    24.1070    284.906    272.460  296.41253     96.118     0.1355     0.4652     0.6851 2.1215e+02      33482         20  0.000e+00
      1.581   62.38976 -174.56960      1.596     7.8675     7.8726     7.8673    30.9420    30.9880  1024.1145    24.1071    284.923    272.460  296.41324     96.123     0.1368     0.4725     0.6851 2.1155e+02      33483         20  0.000e+00
      1.635   62.38976 -174.56960      1.651     7.8676     7.8725     7.8675    30.9411    30.9883  1024.1140    24.1064    284.941    272.464  296.41424     96.129     0.1355     0.4652     0.6851 1.9718e+02      33484         20  0.000e+00
      1.581   62.38976 -174.56960      1.596     7.8673     7.8725     7.8671    30.9415    30.9880  1024.1141    24.1068    284.956    272.464  296.41569     96.134     0.1355     0.4652     0.6851 1.8904e+02      33485         20  0.000e+00
      1.635   62.38976 -174.56960      1.651     7.8672     7.8723     7.8670    30.9407    30.9881  1024.1137    24.1061    284.975    272.469  296.41811     96.140     0.1355     0.4652     0.6851 1.8797e+02      33486         20  0.000e+00
      1.635   62.38976 -174.56960      1.651     7.8667     7.8724     7.8665    30.9408    30.9884  1024.1139    24.1063    285.020    272.470  296.42112     96.154     0.1355     0.4652     0.6851 1.8692e+02      33487         20  0.000e+00
      1.581   62.38976 -174.56960      1.596     7.8657     7.8730     7.8656    30.9419    30.9883  1024.1146    24.1073    285.039    272.467  296.42542     96.159     0.1355     0.4652     0.6851 1.8587e+02      33488         20  0.000e+00
      1.635   62.38976 -174.56960      1.651     7.8652     7.8734     7.8651    30.9416    30.9882  1024.1147    24.1071    285.061    272.298  296.42951     96.165     0.1355     0.4652     0.6839 1.8535e+02      33489         20  0.000e+00
      1.635   62.38976 -174.56960      1.651     7.8651     7.8740     7.8649    30.9417    30.9887  1024.1148    24.1072    285.079    272.281  296.43030     96.171     0.1355     0.4652     0.6839 1.8535e+02      33490         20  0.000e+00
      1.635   62.38976 -174.56960      1.651     7.8648     7.8749     7.8646    30.9418    30.9886  1024.1149    24.1073    285.283    272.246  296.43204     96.239     0.1355     0.4652     0.6851 1.8483e+02      33491         20  0.000e+00
      1.635   62.38976 -174.56960      1.651     7.8646     7.8752     7.8644    30.9419    30.9882  1024.1150    24.1075    285.113    272.232  296.43315     96.181     0.1343     0.4579     0.6839 1.8431e+02      33492         20  0.000e+00
      1.689   62.38976 -174.56960      1.705     7.8646     7.8754     7.8644    30.9417    30.9880  1024.1151    24.1073    285.129    272.221  296.43360     96.187     0.1355     0.4652     0.6839 1.8122e+02      33493         20  0.000e+00
      1.408   62.38976 -174.56960      1.421     7.8638     7.8678     7.8636    30.9392    30.9882  1024.1120    24.1054    284.651    272.889  296.44432     96.022     0.1343     0.4579     0.6839 1.9663e+02      33654         21  0.000e+00
      1.408   62.38976 -174.56960      1.421     7.8639     7.8681     7.8638    30.9391    30.9882  1024.1118    24.1053    284.465    272.880  296.44360     95.959     0.1343     0.4579     0.6839 1.9663e+02      33655         21  0.000e+00
      1.408   62.38976 -174.56960      1.421     7.8638     7.8679     7.8636    30.9392    30.9884  1024.1120    24.1054    284.630    272.874  296.44432     96.015     0.1343     0.4579     0.6839 2.0453e+02      33656         21  0.000e+00
      1.408   62.38976 -174.56960      1.421     7.8637     7.8678     7.8635    30.9393    30.9882  1024.1120    24.1055    284.632    272.867  296.44479     96.015     0.1343     0.4579     0.6839 2.2005e+02      33657         21  0.000e+00
      1.470   62.38976 -174.56960      1.484     7.8636     7.8678     7.8635    30.9393    30.9880  1024.1123    24.1055    284.637    272.844  296.44509     96.017     0.1343     0.4579     0.6839 2.2505e+02      33658         21  0.000e+00
      1.408   62.38976 -174.56960      1.422     7.8635     7.8677     7.8633    30.9391    30.9882  1024.1119    24.1054    284.664    272.832  296.44653     96.025     0.1331     0.4505     0.6839 2.2632e+02      33659         21  0.000e+00
      1.408   62.38976 -174.56960      1.422     7.8635     7.8681     7.8633    30.9391    30.9877  1024.1119    24.1054    284.667    272.820  296.44645     96.026     0.1343     0.4579     0.6839 2.3148e+02      33660         21  0.000e+00
