EcoFOCI/data/1_SampleCollection/2023_SikuliaqDBO_CruiseData/CTD_raw_BottleFile_SKQ23-12S/proc/skq202312s_041svp.cnv
* Sea-Bird SBE 9 Data File:
* FileName = D:\CTD\SKQ202312S\SKQ202312S_041.hex
* Software Version Seasave V 7.26.7.121
* Temperature SN = 6177
* Conductivity SN = 0369
* Number of Bytes Per Scan = 41
* Number of Voltage Words = 4
* Number of Scans Averaged by the Deck Unit = 1
* NMEA Latitude = 71 22.89 N
* NMEA Longitude = 160 50.39 W
* NMEA UTC (Time) = Sep 23 2023  21:13:19
* NMEA baud rate = 4800
** Ship: R/V Sikuliaq
** Station Number: 041
** Station Name: DBO4.2na
** Bottom Depth: 47
** Operator: SS
# nquan = 7
# nvalues = 4249                                  
# units = specified
# name 0 = depSM: Depth [salt water, m]
# name 1 = latitude: Latitude [deg]
# name 2 = longitude: Longitude [deg]
# name 3 = t090C: Temperature [ITS-90, deg C]
# name 4 = sal00: Salinity, Practical [PSU]
# name 5 = svCM: Sound Velocity [Chen-Millero, m/s]
# name 6 = flag:  0.000e+00
# span 0 =      2.260,     41.999                 
# span 1 =   71.38148,   71.38148                 
# span 2 = -160.83978, -160.83978                 
# span 3 =    -1.6599,     2.3096                 
# span 4 =    27.1591,    32.6568                 
# span 5 =    1438.58,    1449.46                 
# span 6 = 0.0000e+00, 0.0000e+00                 
# interval = seconds: 0.0416667
# start_time = Sep 23 2023 21:16:43 [NMEA time, first data scan]
# bad_flag = -9.990e-29
*END*
[from data line 1026]
      8.012   71.38148 -160.83978     2.2932    27.1755    1449.28  0.000e+00
      8.012   71.38148 -160.83978     2.2928    27.1759    1449.28  0.000e+00
      8.066   71.38148 -160.83978     2.2929    27.1754    1449.28  0.000e+00
      8.066   71.38148 -160.83978     2.2929    27.1755    1449.28  0.000e+00
      8.066   71.38148 -160.83978     2.2929    27.1755    1449.28  0.000e+00
      8.012   71.38148 -160.83978     2.2929    27.1757    1449.28  0.000e+00
      8.128   71.38148 -160.83978     2.2931    27.1756    1449.28  0.000e+00
      8.066   71.38148 -160.83978     2.2929    27.1768    1449.28  0.000e+00
      8.066   71.38148 -160.83978     2.2930    27.1777    1449.28  0.000e+00
      8.066   71.38148 -160.83978     2.2929    27.1788    1449.28  0.000e+00
      8.128   71.38148 -160.83978     2.2930    27.1799    1449.29  0.000e+00
      8.097   71.38148 -160.83978     2.2928    27.1805    1449.29  0.000e+00
      8.128   71.38148 -160.83978     2.2926    27.1805    1449.29  0.000e+00
      8.128   71.38148 -160.83978     2.2924    27.1807    1449.29  0.000e+00
      8.128   71.38148 -160.83978     2.2926    27.1805    1449.29  0.000e+00
      8.182   71.38148 -160.83978     2.2924    27.1807    1449.29  0.000e+00
      8.128   71.38148 -160.83978     2.2923    27.1809    1449.28  0.000e+00
      8.128   71.38148 -160.83978     2.2923    27.1810    1449.29  0.000e+00
      8.182   71.38148 -160.83978     2.2924    27.1810    1449.29  0.000e+00
      8.181   71.38148 -160.83978     2.2924    27.1818    1449.29  0.000e+00
      8.127   71.38148 -160.83978     2.2923    27.1824    1449.29  0.000e+00
      8.181   71.38148 -160.83978     2.2923    27.1825    1449.29  0.000e+00
      8.181   71.38148 -160.83978     2.2923    27.1826    1449.29  0.000e+00
      8.181   71.38148 -160.83978     2.2923    27.1831    1449.29  0.000e+00
      8.235   71.38148 -160.83978     2.2924    27.1831    1449.29  0.000e+00
      8.181   71.38148 -160.83978     2.2924    27.1829    1449.29  0.000e+00
      8.181   71.38148 -160.83978     2.2923    27.1832    1449.29  0.000e+00
      8.235   71.38148 -160.83978     2.2923    27.1829    1449.29  0.000e+00
      8.181   71.38148 -160.83978     2.2924    27.1829    1449.29  0.000e+00
      8.212   71.38148 -160.83978     2.2921    27.1829    1449.29  0.000e+00
      8.235   71.38148 -160.83978     2.2923    27.1824    1449.29  0.000e+00
      8.235   71.38148 -160.83978     2.2923    27.1826    1449.29  0.000e+00
      8.235   71.38148 -160.83978     2.2923    27.1826    1449.29  0.000e+00
      8.235   71.38148 -160.83978     2.2924    27.1822    1449.29  0.000e+00
      8.297   71.38148 -160.83978     2.2923    27.1823    1449.29  0.000e+00
      8.235   71.38148 -160.83978     2.2923    27.1822    1449.29  0.000e+00
      8.297   71.38148 -160.83978     2.2921    27.1824    1449.29  0.000e+00
      8.297   71.38148 -160.83978     2.2920    27.1828    1449.29  0.000e+00
      8.235   71.38148 -160.83978     2.2924    27.1825    1449.29  0.000e+00
      8.297   71.38148 -160.83978     2.2921    27.1830    1449.29  0.000e+00
      8.297   71.38148 -160.83978     2.2921    27.1830    1449.29  0.000e+00
      8.297   71.38148 -160.83978     2.2923    27.1832    1449.29  0.000e+00
      8.297   71.38148 -160.83978     2.2921    27.1838    1449.29  0.000e+00
      8.297   71.38148 -160.83978     2.2921    27.1844    1449.29  0.000e+00
      8.297   71.38148 -160.83978     2.2923    27.1843    1449.29  0.000e+00
      8.350   71.38148 -160.83978     2.2923    27.1834    1449.29  0.000e+00
      8.327   71.38148 -160.83978     2.2919    27.1831    1449.29  0.000e+00
      8.296   71.38148 -160.83978     2.2923    27.1825    1449.29  0.000e+00
      8.350   71.38148 -160.83978     2.2923    27.1823    1449.29  0.000e+00
      8.350   71.38148 -160.83978     2.2921    27.1827    1449.29  0.000e+00
      8.350   71.38148 -160.83978     2.2923    27.1824    1449.29  0.000e+00
      8.350   71.38148 -160.83978     2.2924    27.1819    1449.29  0.000e+00
      8.412   71.38148 -160.83978     2.2921    27.1823    1449.29  0.000e+00
      8.350   71.38148 -160.83978     2.2923    27.1824    1449.29  0.000e+00
      8.350   71.38148 -160.83978     2.2923    27.1820    1449.29  0.000e+00
      8.412   71.38148 -160.83978     2.2923    27.1820    1449.29  0.000e+00
      8.412   71.38148 -160.83978     2.2923    27.1822    1449.29  0.000e+00
      8.350   71.38148 -160.83978     2.2923    27.1824    1449.29  0.000e+00
      8.412   71.38148 -160.83978     2.2923    27.1823    1449.29  0.000e+00
      8.466   71.38148 -160.83978     2.2923    27.1827    1449.29  0.000e+00
      8.412   71.38148 -160.83978     2.2923    27.1828    1449.29  0.000e+00
      8.412   71.38148 -160.83978     2.2924    27.1822    1449.29  0.000e+00
      8.443   71.38148 -160.83978     2.2923    27.1823    1449.29  0.000e+00
      8.466   71.38148 -160.83978     2.2923    27.1821    1449.29  0.000e+00
      8.412   71.38148 -160.83978     2.2924    27.1827    1449.29  0.000e+00
      8.466   71.38148 -160.83978     2.2923    27.1835    1449.29  0.000e+00
      8.466   71.38148 -160.83978     2.2924    27.1846    1449.30  0.000e+00
      8.466   71.38148 -160.83978     2.2921    27.1849    1449.29  0.000e+00
      8.466   71.38148 -160.83978     2.2921    27.1856    1449.30  0.000e+00
      8.466   71.38148 -160.83978     2.2921    27.1860    1449.30  0.000e+00
      8.520   71.38148 -160.83978     2.2923    27.1863    1449.30  0.000e+00
      8.466   71.38148 -160.83978     2.2923    27.1864    1449.30  0.000e+00
      8.519   71.38148 -160.83978     2.2921    27.1866    1449.30  0.000e+00
      8.519   71.38148 -160.83978     2.2921    27.1869    1449.30  0.000e+00
      8.519   71.38148 -160.83978     2.2923    27.1869    1449.30  0.000e+00
      8.519   71.38148 -160.83978     2.2921    27.1872    1449.30  0.000e+00
      8.519   71.38148 -160.83978     2.2921    27.1873    1449.30  0.000e+00
      8.519   71.38148 -160.83978     2.2923    27.1871    1449.30  0.000e+00
      8.612   71.38148 -160.83978     2.2921    27.1876    1449.30  0.000e+00
      8.519   71.38148 -160.83978     2.2919    27.1875    1449.30  0.000e+00
      8.581   71.38148 -160.83978     2.2921    27.1871    1449.30  0.000e+00
      8.519   71.38148 -160.83978     2.2921    27.1866    1449.30  0.000e+00
      8.581   71.38148 -160.83978     2.2923    27.1873    1449.30  0.000e+00
      8.635   71.38148 -160.83978     2.2921    27.1879    1449.30  0.000e+00
      8.581   71.38148 -160.83978     2.2921    27.1884    1449.30  0.000e+00
      8.581   71.38148 -160.83978     2.2921    27.1887    1449.30  0.000e+00
      8.635   71.38148 -160.83978     2.2921    27.1890    1449.30  0.000e+00
      8.635   71.38148 -160.83978     2.2921    27.1894    1449.30  0.000e+00
      8.635   71.38148 -160.83978     2.2921    27.1892    1449.30  0.000e+00
      8.581   71.38148 -160.83978     2.2921    27.1894    1449.30  0.000e+00
      8.696   71.38148 -160.83978     2.2920    27.1894    1449.30  0.000e+00
      8.635   71.38148 -160.83978     2.2921    27.1896    1449.30  0.000e+00
      8.635   71.38148 -160.83978     2.2921    27.1894    1449.30  0.000e+00
      8.666   71.38148 -160.83978     2.2919    27.1897    1449.30  0.000e+00
      8.696   71.38148 -160.83978     2.2919    27.1895    1449.30  0.000e+00
      8.750   71.38148 -160.83978     2.2920    27.1897    1449.31  0.000e+00
      8.635   71.38148 -160.83978     2.2921    27.1896    1449.30  0.000e+00
      8.750   71.38148 -160.83978     2.2918    27.1904    1449.31  0.000e+00
      8.696   71.38148 -160.83978     2.2921    27.1897    1449.30  0.000e+00
      8.750   71.38148 -160.83978     2.2919    27.1898    1449.31  0.000e+00
      8.696   71.38148 -160.83978     2.2920    27.1896    1449.30  0.000e+00
      8.750   71.38148 -160.83978     2.2921    27.1893    1449.31  0.000e+00
      8.750   71.38148 -160.83978     2.2923    27.1889    1449.31  0.000e+00
      8.812   71.38148 -160.83978     2.2920    27.1893    1449.31  0.000e+00
      8.750   71.38148 -160.83978     2.2921    27.1892    1449.31  0.000e+00
      8.812   71.38148 -160.83978     2.2920    27.1888    1449.31  0.000e+00
      8.812   71.38148 -160.83978     2.2919    27.1888    1449.30  0.000e+00
      8.750   71.38148 -160.83978     2.2921    27.1888    1449.30  0.000e+00
      8.843   71.38148 -160.83978     2.2920    27.1891    1449.31  0.000e+00
      8.812   71.38148 -160.83978     2.2919    27.1890    1449.31  0.000e+00
      8.866   71.38148 -160.83978     2.2921    27.1887    1449.31  0.000e+00
      8.812   71.38148 -160.83978     2.2919    27.1885    1449.30  0.000e+00
      8.920   71.38148 -160.83978     2.2919    27.1883    1449.31  0.000e+00
      8.866   71.38148 -160.83978     2.2923    27.1882    1449.31  0.000e+00
      8.866   71.38148 -160.83978     2.2919    27.1884    1449.31  0.000e+00
      8.866   71.38148 -160.83978     2.2920    27.1881    1449.31  0.000e+00
      8.919   71.38148 -160.83978     2.2918    27.1886    1449.31  0.000e+00
      8.919   71.38148 -160.83978     2.2919    27.1889    1449.31  0.000e+00
      8.919   71.38148 -160.83978     2.2920    27.1888    1449.31  0.000e+00
      8.919   71.38148 -160.83978     2.2919    27.1888    1449.31  0.000e+00
      8.981   71.38148 -160.83978     2.2920    27.1891    1449.31  0.000e+00
      8.865   71.38148 -160.83978     2.2919    27.1898    1449.31  0.000e+00
      9.066   71.38148 -160.83978     2.2921    27.1902    1449.31  0.000e+00
      8.981   71.38148 -160.83978     2.2917    27.1912    1449.31  0.000e+00
      9.035   71.38148 -160.83978     2.2919    27.1912    1449.31  0.000e+00
      8.981   71.38148 -160.83978     2.2921    27.1909    1449.31  0.000e+00
      9.035   71.38148 -160.83978     2.2919    27.1909    1449.31  0.000e+00
      9.035   71.38148 -160.83978     2.2918    27.1904    1449.31  0.000e+00
      9.035   71.38148 -160.83978     2.2920    27.1901    1449.31  0.000e+00
      9.035   71.38148 -160.83978     2.2918    27.1904    1449.31  0.000e+00
      9.097   71.38148 -160.83978     2.2920    27.1903    1449.31  0.000e+00
      9.097   71.38148 -160.83978     2.2919    27.1908    1449.31  0.000e+00
      9.096   71.38148 -160.83978     2.2918    27.1912    1449.31  0.000e+00
      9.035   71.38148 -160.83978     2.2920    27.1914    1449.31  0.000e+00
      9.150   71.38148 -160.83978     2.2918    27.1918    1449.31  0.000e+00
      9.127   71.38148 -160.83978     2.2921    27.1912    1449.31  0.000e+00
      9.150   71.38148 -160.83978     2.2918    27.1915    1449.31  0.000e+00
      9.096   71.38148 -160.83978     2.2919    27.1912    1449.31  0.000e+00
      9.150   71.38148 -160.83978     2.2918    27.1915    1449.31  0.000e+00
      9.150   71.38148 -160.83978     2.2918    27.1915    1449.31  0.000e+00
      9.212   71.38148 -160.83978     2.2919    27.1916    1449.32  0.000e+00
      9.150   71.38148 -160.83978     2.2918    27.1919    1449.31  0.000e+00
      9.212   71.38148 -160.83978     2.2918    27.1920    1449.32  0.000e+00
      9.212   71.38148 -160.83978     2.2918    27.1919    1449.32  0.000e+00
      9.150   71.38148 -160.83978     2.2919    27.1919    1449.31  0.000e+00
      9.266   71.38148 -160.83978     2.2918    27.1921    1449.32  0.000e+00
      9.212   71.38148 -160.83978     2.2920    27.1919    1449.32  0.000e+00
      9.266   71.38148 -160.83978     2.2918    27.1926    1449.32  0.000e+00
      9.181   71.38148 -160.83978     2.2920    27.1923    1449.32  0.000e+00
      9.266   71.38148 -160.83978     2.2918    27.1923    1449.32  0.000e+00
      9.266   71.38148 -160.83978     2.2919    27.1922    1449.32  0.000e+00
      9.212   71.38148 -160.83978     2.2918    27.1922    1449.32  0.000e+00
      9.266   71.38148 -160.83978     2.2916    27.1919    1449.32  0.000e+00
      9.266   71.38148 -160.83978     2.2920    27.1916    1449.32  0.000e+00
      9.266   71.38148 -160.83978     2.2918    27.1919    1449.32  0.000e+00
      9.266   71.38148 -160.83978     2.2918    27.1916    1449.32  0.000e+00
      9.320   71.38148 -160.83978     2.2918    27.1917    1449.32  0.000e+00
      9.266   71.38148 -160.83978     2.2919    27.1914    1449.32  0.000e+00
      9.320   71.38148 -160.83978     2.2918    27.1912    1449.32  0.000e+00
      9.266   71.38148 -160.83978     2.2918    27.1917    1449.32  0.000e+00
      9.296   71.38148 -160.83978     2.2918    27.1914    1449.32  0.000e+00
      9.320   71.38148 -160.83978     2.2920    27.1915    1449.32  0.000e+00
      9.319   71.38148 -160.83978     2.2918    27.1916    1449.32  0.000e+00
      9.319   71.38148 -160.83978     2.2919    27.1914    1449.32  0.000e+00
      9.319   71.38148 -160.83978     2.2918    27.1917    1449.32  0.000e+00
      9.319   71.38148 -160.83978     2.2918    27.1916    1449.32  0.000e+00
      9.319   71.38148 -160.83978     2.2918    27.1917    1449.32  0.000e+00
      9.319   71.38148 -160.83978     2.2919    27.1917    1449.32  0.000e+00
      9.319   71.38148 -160.83978     2.2916    27.1918    1449.32  0.000e+00
      9.319   71.38148 -160.83978     2.2918    27.1917    1449.32  0.000e+00
      9.381   71.38148 -160.83978     2.2918    27.1914    1449.32  0.000e+00
      9.319   71.38148 -160.83978     2.2918    27.1915    1449.32  0.000e+00
      9.265   71.38148 -160.83978     2.2918    27.1916    1449.32  0.000e+00
      9.412   71.38148 -160.83978     2.2918    27.1917    1449.32  0.000e+00
      9.381   71.38148 -160.83978     2.2918    27.1914    1449.32  0.000e+00
      9.319   71.38148 -160.83978     2.2916    27.1914    1449.32  0.000e+00
      9.381   71.38148 -160.83978     2.2918    27.1914    1449.32  0.000e+00
      9.381   71.38148 -160.83978     2.2918    27.1911    1449.32  0.000e+00
      9.319   71.38148 -160.83978     2.2916    27.1914    1449.32  0.000e+00
      9.381   71.38148 -160.83978     2.2920    27.1908    1449.32  0.000e+00
      9.381   71.38148 -160.83978     2.2918    27.1911    1449.32  0.000e+00
      9.319   71.38148 -160.83978     2.2920    27.1912    1449.32  0.000e+00
      9.381   71.38148 -160.83978     2.2919    27.1911    1449.32  0.000e+00
      9.381   71.38148 -160.83978     2.2918    27.1913    1449.32  0.000e+00
      9.381   71.38148 -160.83978     2.2918    27.1909    1449.32  0.000e+00
      9.350   71.38148 -160.83978     2.2916    27.1910    1449.32  0.000e+00
      9.435   71.38148 -160.83978     2.2918    27.1909    1449.32  0.000e+00
      9.381   71.38148 -160.83978     2.2918    27.1913    1449.32  0.000e+00
      9.381   71.38148 -160.83978     2.2919    27.1908    1449.32  0.000e+00
      9.381   71.38148 -160.83978     2.2918    27.1909    1449.32  0.000e+00
      9.381   71.38148 -160.83978     2.2918    27.1909    1449.32  0.000e+00
      9.381   71.38148 -160.83978     2.2918    27.1907    1449.32  0.000e+00
      9.381   71.38148 -160.83978     2.2919    27.1905    1449.32  0.000e+00
      9.380   71.38148 -160.83978     2.2918    27.1905    1449.32  0.000e+00
      9.434   71.38148 -160.83978     2.2917    27.1905    1449.32  0.000e+00
      9.434   71.38148 -160.83978     2.2921    27.1902    1449.32  0.000e+00
      9.380   71.38148 -160.83978     2.2918    27.1902    1449.32  0.000e+00
      9.411   71.38148 -160.83978     2.2920    27.1898    1449.32  0.000e+00
      9.434   71.38148 -160.83978     2.2921    27.1896    1449.32  0.000e+00
      9.380   71.38148 -160.83978     2.2920    27.1889    1449.31  0.000e+00
      9.434   71.38148 -160.83978     2.2921    27.1888    1449.32  0.000e+00
      9.434   71.38148 -160.83978     2.2924    27.1883    1449.32  0.000e+00
      9.434   71.38148 -160.83978     2.2921    27.1888    1449.32  0.000e+00
      9.434   71.38148 -160.83978     2.2923    27.1880    1449.32  0.000e+00
