EcoFOCI/data/1_SampleCollection/2023_SikuliaqDBO_CruiseData/CTD_raw_BottleFile_SKQ23-12S/proc/skq202312s_036.ros
* Sea-Bird SBE 9 Data File:
* FileName = D:\CTD\SKQ202312S\SKQ202312S_036.hex
* Software Version Seasave V 7.26.7.121
* Temperature SN = 6177
* Conductivity SN = 0369
* Number of Bytes Per Scan = 41
* Number of Voltage Words = 4
* Number of Scans Averaged by the Deck Unit = 1
* NMEA Latitude = 72 27.93 N
* NMEA Longitude = 156 32.77 W
* NMEA UTC (Time) = Sep 22 2023  14:08:00
* NMEA baud rate = 4800
** Ship: R/V Sikuliaq
** Station Number: 036
** Station Name: CK9
** Bottom Depth: 990
** Operator: SD
# nquan = 22
# nvalues = 1176                                  
# units = specified
# name 0 = depSM: Depth [salt water, m]
# name 1 = latitude: Latitude [deg]
# name 2 = longitude: Longitude [deg]
# name 3 = prDM: Pressure, Digiquartz [db]
# name 4 = t090C: Temperature [ITS-90, deg C]
# name 5 = t190C: Temperature, 2 [ITS-90, deg C]
# name 6 = potemp090C: Potential Temperature [ITS-90, deg C]
# name 7 = sal00: Salinity, Practical [PSU]
# name 8 = sal11: Salinity, Practical, 2 [PSU]
# name 9 = density00: Density [density, kg/m^3]
# name 10 = sigma-é00: Density [sigma-theta, kg/m^3]
# name 11 = sbox0Mm/Kg: Oxygen, SBE 43 [umol/kg]
# name 12 = sbox1Mm/Kg: Oxygen, SBE 43, 2 [umol/kg]
# name 13 = oxsolMm/Kg: Oxygen Saturation, Garcia & Gordon [umol/kg]
# name 14 = sbeox0PS: Oxygen, SBE 43 [% saturation]
# name 15 = v0: Voltage 0
# name 16 = flECO-AFL: Fluorescence, WET Labs ECO-AFL/FL [mg/m^3]
# name 17 = CStarAt0: Beam Attenuation, WET Labs C-Star [1/m]
# name 18 = par: PAR/Irradiance, Biospherical/Licor
# name 19 = scan: Scan Count
# name 20 = nbf: Bottles Fired
# name 21 = flag:  0.000e+00
# interval = seconds: 0.0416667
# start_time = Sep 22 2023 14:11:59 [NMEA time, first data scan]
# bad_flag = -9.990e-29
*END*
[from data line 330]
    499.775   72.46498 -156.54672    505.574     0.8596     0.8606     0.8358    34.8408    34.8504  1030.3103    27.9283    284.047    268.912  340.74011     83.362     0.0598     0.0110     0.4048 8.4714e-06      58569          7  0.000e+00
    499.751   72.46498 -156.54672    505.550     0.8596     0.8607     0.8358    34.8405    34.8508  1030.3100    27.9281    284.086    268.673  340.74075     83.373     0.0598     0.0110     0.4048 8.4714e-06      58570          7  0.000e+00
    499.720   72.46498 -156.54672    505.519     0.8596     0.8606     0.8358    34.8407    34.8508  1030.3100    27.9283    284.074    268.659  340.74025     83.370     0.0598     0.0110     0.4059 8.4714e-06      58571          7  0.000e+00
    499.751   72.46498 -156.54672    505.550     0.8596     0.8605     0.8358    34.8408    34.8511  1030.3102    27.9283    284.064    268.618  340.74007     83.367     0.0611     0.0183     0.4048 8.4714e-06      58572          7  0.000e+00
    499.720   72.46498 -156.54672    505.519     0.8596     0.8606     0.8358    34.8405    34.8510  1030.3098    27.9281    283.847    268.572  340.74070     83.303     0.0598     0.0110     0.4048 1.0000e-12      58573          7  0.000e+00
    499.751   72.46498 -156.54672    505.551     0.8597     0.8608     0.8359    34.8408    34.8508  1030.3102    27.9283    284.088    268.561  340.73909     83.374     0.0611     0.0183     0.4048 1.0000e-12      58574          7  0.000e+00
    499.697   72.46498 -156.54672    505.496     0.8595     0.8608     0.8356    34.8408    34.8505  1030.3100    27.9284    284.126    268.549  340.74140     83.385     0.0598     0.0110     0.4048 1.0000e-12      58575          7  0.000e+00
    499.658   72.46498 -156.54672    505.456     0.8597     0.8610     0.8359    34.8406    34.8503  1030.3096    27.9282    284.111    268.538  340.73951     83.381     0.0611     0.0183     0.4048 1.0000e-12      58576          7  0.000e+00
    499.697   72.46498 -156.54672    505.496     0.8596     0.8607     0.8358    34.8407    34.8509  1030.3098    27.9282    284.099    268.533  340.74033     83.377     0.0598     0.0110     0.4048 1.0000e-12      58577          7  0.000e+00
    499.658   72.46498 -156.54672    505.456     0.8597     0.8608     0.8359    34.8404    34.8508  1030.3094    27.9280    284.131    268.524  340.74008     83.386     0.0598     0.0110     0.4048 8.4714e-06      58578          7  0.000e+00
    499.697   72.46498 -156.54672    505.496     0.8596     0.8608     0.8358    34.8407    34.8504  1030.3099    27.9283    284.166    268.522  340.74021     83.397     0.0598     0.0110     0.4048 1.0000e-12      58579          7  0.000e+00
    499.604   72.46498 -156.54672    505.401     0.8596     0.8608     0.8358    34.8406    34.8507  1030.3093    27.9282    284.196    268.514  340.74052     83.405     0.0611     0.0183     0.4048 1.0000e-12      58580          7  0.000e+00
    499.697   72.46498 -156.54672    505.496     0.8597     0.8608     0.8359    34.8406    34.8505  1030.3098    27.9282    284.183    268.515  340.73957     83.402     0.0598     0.0110     0.4048 1.0000e-12      58581          7  0.000e+00
    400.233   72.46474 -156.54692    404.779     0.8761     0.8778     0.8573    34.8206    34.8312  1029.8197    27.9107    281.706    267.402  340.64952     82.697     0.0562    -0.0110     0.4025 1.0000e-12      63337          8  0.000e+00
    400.210   72.46474 -156.54692    404.756     0.8761     0.8778     0.8573    34.8206    34.8312  1029.8196    27.9107    281.677    267.201  340.65003     82.688     0.0574    -0.0037     0.4025 8.4714e-06      63338          8  0.000e+00
    400.349   72.46474 -156.54692    404.897     0.8759     0.8779     0.8571    34.8207    34.8308  1029.8204    27.9107    281.655    267.194  340.65120     82.681     0.0562    -0.0110     0.4025 8.4714e-06      63339          8  0.000e+00
    400.233   72.46474 -156.54692    404.779     0.8758     0.8780     0.8570    34.8214    34.8306  1029.8204    27.9113    281.622    267.179  340.65074     82.672     0.0562    -0.0110     0.4025 8.4714e-06      63340          8  0.000e+00
    400.326   72.46474 -156.54692    404.873     0.8759     0.8780     0.8571    34.8211    34.8306  1029.8206    27.9111    281.596    267.171  340.65015     82.664     0.0562    -0.0110     0.4025 1.0000e-12      63341          8  0.000e+00
    400.287   72.46474 -156.54692    404.834     0.8759     0.8779     0.8571    34.8213    34.8310  1029.8205    27.9112    281.812    267.158  340.64964     82.728     0.0562    -0.0110     0.4025 8.4714e-06      63342          8  0.000e+00
    400.349   72.46474 -156.54692    404.897     0.8756     0.8781     0.8568    34.8211    34.8309  1029.8207    27.9111    281.586    267.148  340.65246     82.661     0.0562    -0.0110     0.4025 8.4714e-06      63343          8  0.000e+00
    400.264   72.46474 -156.54692    404.811     0.8759     0.8780     0.8571    34.8205    34.8313  1029.8198    27.9106    281.551    267.134  340.65175     82.651     0.0562    -0.0110     0.4025 1.0000e-12      63344          8  0.000e+00
    400.404   72.46474 -156.54692    404.952     0.8759     0.8780     0.8571    34.8208    34.8313  1029.8207    27.9109    281.525    267.378  340.65083     82.643     0.0562    -0.0110     0.4025 1.0000e-12      63345          8  0.000e+00
    400.350   72.46474 -156.54692    404.897     0.8759     0.8782     0.8571    34.8210    34.8312  1029.8206    27.9110    281.492    267.174  340.65030     82.634     0.0562    -0.0110     0.4025 8.4714e-06      63346          8  0.000e+00
    400.326   72.46474 -156.54692    404.874     0.8759     0.8782     0.8571    34.8210    34.8311  1029.8205    27.9110    281.461    267.162  340.65037     82.625     0.0562    -0.0110     0.4013 8.4714e-06      63347          8  0.000e+00
    400.404   72.46474 -156.54692    404.952     0.8758     0.8783     0.8570    34.8208    34.8307  1029.8207    27.9109    281.681    267.154  340.65181     82.689     0.0562    -0.0110     0.4025 1.0000e-12      63348          8  0.000e+00
    400.350   72.46474 -156.54692    404.897     0.8758     0.8780     0.8570    34.8211    34.8312  1029.8207    27.9111    281.446    267.361  340.65148     82.620     0.0562    -0.0110     0.4025 1.0000e-12      63349          8  0.000e+00
    400.381   72.46474 -156.54692    404.929     0.8759     0.8784     0.8571    34.8212    34.8307  1029.8209    27.9112    281.413    267.159  340.64978     82.611     0.0562    -0.0110     0.4013 1.0000e-12      63350          8  0.000e+00
    400.404   72.46474 -156.54692    404.952     0.8759     0.8782     0.8571    34.8213    34.8310  1029.8211    27.9112    281.381    267.148  340.64959     82.601     0.0574    -0.0037     0.4025 8.4714e-06      63351          8  0.000e+00
    400.350   72.46474 -156.54692    404.897     0.8761     0.8780     0.8573    34.8211    34.8311  1029.8207    27.9111    281.346    267.135  340.64855     82.591     0.0562    -0.0110     0.4025 1.0000e-12      63352          8  0.000e+00
    400.443   72.46474 -156.54692    404.991     0.8759     0.8781     0.8571    34.8210    34.8311  1029.8211    27.9110    281.565    267.125  340.65033     82.655     0.0574    -0.0037     0.4025 8.4714e-06      63353          8  0.000e+00
    400.350   72.46474 -156.54692    404.897     0.8760     0.8784     0.8572    34.8211    34.8310  1029.8207    27.9111    281.326    267.108  340.64953     82.585     0.0562    -0.0110     0.4025 8.4714e-06      63354          8  0.000e+00
    400.404   72.46474 -156.54692    404.952     0.8759     0.8782     0.8571    34.8212    34.8308  1029.8211    27.9112    281.541    267.099  340.64970     82.648     0.0562    -0.0110     0.4025 8.4714e-06      63355          8  0.000e+00
    400.443   72.46474 -156.54692    404.992     0.8761     0.8782     0.8573    34.8208    34.8311  1029.8209    27.9109    281.304    267.307  340.64937     82.579     0.0562    -0.0110     0.4025 8.4714e-06      63356          8  0.000e+00
    400.404   72.46474 -156.54692    404.952     0.8761     0.8782     0.8573    34.8210    34.8311  1029.8209    27.9110    281.266    267.102  340.64886     82.568     0.0562    -0.0110     0.4025 8.4714e-06      63357          8  0.000e+00
    400.381   72.46474 -156.54692    404.929     0.8761     0.8783     0.8573    34.8211    34.8311  1029.8208    27.9111    281.476    267.087  340.64859     82.629     0.0562    -0.0110     0.4025 1.0000e-12      63358          8  0.000e+00
    400.404   72.46474 -156.54692    404.952     0.8760     0.8782     0.8572    34.8212    34.8311  1029.8211    27.9112    281.238    267.075  340.64927     82.559     0.0562    -0.0110     0.4025 1.0000e-12      63359          8  0.000e+00
    400.404   72.46474 -156.54692    404.952     0.8761     0.8782     0.8573    34.8208    34.8312  1029.8207    27.9109    281.200    267.061  340.64931     82.548     0.0562    -0.0110     0.4025 8.4714e-06      63360          8  0.000e+00
    400.381   72.46474 -156.54692    404.929     0.8761     0.8782     0.8573    34.8210    34.8311  1029.8207    27.9110    281.208    267.047  340.64893     82.551     0.0562    -0.0110     0.4025 8.4714e-06      63361          8  0.000e+00
    400.404   72.46474 -156.54692    404.953     0.8759     0.8784     0.8571    34.8212    34.8307  1029.8211    27.9112    281.174    267.034  340.64970     82.541     0.0574    -0.0037     0.4025 8.4714e-06      63362          8  0.000e+00
    400.350   72.46474 -156.54692    404.898     0.8761     0.8783     0.8573    34.8213    34.8309  1029.8209    27.9113    281.134    267.019  340.64798     82.529     0.0562    -0.0110     0.4025 1.0000e-12      63363          8  0.000e+00
    400.381   72.46474 -156.54692    404.929     0.8761     0.8780     0.8573    34.8209    34.8308  1029.8207    27.9109    281.346    267.008  340.64873     82.591     0.0574    -0.0037     0.4036 8.4714e-06      63364          8  0.000e+00
    400.404   72.46474 -156.54692    404.953     0.8759     0.8784     0.8571    34.8212    34.8310  1029.8210    27.9112    281.356    266.993  340.64982     82.594     0.0562    -0.0110     0.4036 8.4714e-06      63365          8  0.000e+00
    400.350   72.46474 -156.54692    404.898     0.8761     0.8782     0.8573    34.8211    34.8311  1029.8207    27.9111    281.358    267.197  340.64855     82.595     0.0574    -0.0037     0.4036 8.4714e-06      63366          8  0.000e+00
    400.381   72.46474 -156.54692    404.929     0.8762     0.8782     0.8574    34.8210    34.8307  1029.8207    27.9110    281.116    266.995  340.64796     82.524     0.0562    -0.0110     0.4048 1.0000e-12      63367          8  0.000e+00
    400.405   72.46474 -156.54692    404.953     0.8764     0.8781     0.8576    34.8205    34.8312  1029.8205    27.9106    281.122    266.981  340.64771     82.526     0.0562    -0.0110     0.4048 1.0000e-12      63368          8  0.000e+00
    400.350   72.46474 -156.54692    404.898     0.8759     0.8780     0.8571    34.8212    34.8310  1029.8208    27.9112    281.329    266.965  340.64973     82.586     0.0562    -0.0110     0.4048 8.4714e-06      63369          8  0.000e+00
    400.327   72.46474 -156.54692    404.874     0.8763     0.8782     0.8574    34.8207    34.8305  1029.8202    27.9108    281.084    266.730  340.64823     82.514     0.0562    -0.0110     0.4036 8.4714e-06      63370          8  0.000e+00
    400.405   72.46474 -156.54692    404.953     0.8761     0.8780     0.8573    34.8210    34.8308  1029.8209    27.9110    281.292    266.909  340.64886     82.575     0.0562    -0.0110     0.4036 8.4714e-06      63371          8  0.000e+00
    400.288   72.46474 -156.54692    404.835     0.8759     0.8782     0.8571    34.8213    34.8312  1029.8206    27.9113    281.290    266.890  340.64941     82.575     0.0562    -0.0110     0.4048 1.0000e-12      63372          8  0.000e+00
    400.327   72.46474 -156.54692    404.874     0.8762     0.8783     0.8574    34.8210    34.8307  1029.8205    27.9110    281.091    266.659  340.64787     82.517     0.0562    -0.0110     0.4036 8.4714e-06      63373          8  0.000e+00
    400.350   72.46474 -156.54692    404.898     0.8762     0.8780     0.8574    34.8207    34.8307  1029.8204    27.9108    281.096    266.870  340.64859     82.518     0.0562    -0.0110     0.4036 1.0000e-12      63374          8  0.000e+00
    400.289   72.46474 -156.54692    404.835     0.8763     0.8780     0.8575    34.8208    34.8309  1029.8202    27.9109    281.298    266.637  340.64783     82.577     0.0574    -0.0037     0.4036 8.4714e-06      63375          8  0.000e+00
    400.327   72.46474 -156.54692    404.875     0.8761     0.8780     0.8573    34.8209    34.8310  1029.8204    27.9109    281.446    266.599  340.64919     82.620     0.0586     0.0036     0.4036 8.4714e-06      63376          8  0.000e+00
    400.289   72.46474 -156.54692    404.835     0.8762     0.8780     0.8574    34.8209    34.8310  1029.8203    27.9110    281.449    266.590  340.64804     82.622     0.0611     0.0183     0.4036 8.4714e-06      63377          8  0.000e+00
    400.289   72.46474 -156.54692    404.835     0.8762     0.8780     0.8574    34.8210    34.8308  1029.8203    27.9110    281.301    266.805  340.64781     82.578     0.0598     0.0110     0.4036 8.4714e-06      63378          8  0.000e+00
    400.265   72.46474 -156.54692    404.812     0.8762     0.8779     0.8574    34.8213    34.8310  1029.8204    27.9112    281.309    266.830  340.64721     82.581     0.0611     0.0183     0.4048 8.4714e-06      63379          8  0.000e+00
    400.234   72.46474 -156.54692    404.781     0.8761     0.8780     0.8573    34.8208    34.8311  1029.8199    27.9108    281.075    266.605  340.64950     82.511     0.0598     0.0110     0.4036 8.4714e-06      63380          8  0.000e+00
    400.289   72.46474 -156.54692    404.835     0.8764     0.8782     0.8576    34.8204    34.8305  1029.8198    27.9105    281.585    266.825  340.64755     82.662     0.0611     0.0183     0.4036 1.0000e-12      63381          8  0.000e+00
    400.211   72.46474 -156.54692    404.757     0.8762     0.8779     0.8574    34.8205    34.8311  1029.8196    27.9106    281.599    266.852  340.64916     82.665     0.0598     0.0110     0.4036 8.4714e-06      63382          8  0.000e+00
    400.289   72.46474 -156.54692    404.836     0.8761     0.8781     0.8573    34.8210    34.8311  1029.8203    27.9110    281.663    266.884  340.64890     82.684     0.0598     0.0110     0.4036 1.0000e-12      63383          8  0.000e+00
    400.211   72.46474 -156.54692    404.757     0.8761     0.8780     0.8573    34.8209    34.8312  1029.8199    27.9110    281.426    266.883  340.64901     82.615     0.0598     0.0110     0.4025 1.0000e-12      63384          8  0.000e+00
    400.235   72.46474 -156.54692    404.781     0.8762     0.8780     0.8574    34.8210    34.8313  1029.8200    27.9110    281.442    266.666  340.64795     82.619     0.0598     0.0110     0.4013 1.0000e-12      63385          8  0.000e+00
    299.984   72.46466 -156.54702    303.317     0.6275     0.6261     0.6144    34.7471    34.7593  1029.3014    27.8669    275.269    258.730  343.02406     80.248     0.0586     0.0036     0.4036 8.4714e-06      68367          9  0.000e+00
    300.030   72.46466 -156.54702    303.364     0.6277     0.6261     0.6145    34.7470    34.7594  1029.3015    27.8668    275.245    258.730  343.02282     80.241     0.0598     0.0110     0.4036 8.4714e-06      68368          9  0.000e+00
    300.038   72.46466 -156.54702    303.372     0.6276     0.6263     0.6145    34.7464    34.7590  1029.3011    27.8663    275.270    258.731  343.02487     80.248     0.0586     0.0036     0.4036 8.4714e-06      68369          9  0.000e+00
