EcoFOCI/data/1_SampleCollection/2023_SikuliaqDBO_CruiseData/CTD_raw_BottleFile_SKQ23-12S/proc/skq202312s_079avg.cnv
* Sea-Bird SBE 9 Data File:
* FileName = D:\CTD\SKQ202312S\SKQ202312S_079.hex
* Software Version Seasave V 7.26.7.121
* Temperature SN = 6177
* Conductivity SN = 0369
* Number of Bytes Per Scan = 41
* Number of Voltage Words = 4
* Number of Scans Averaged by the Deck Unit = 1
* NMEA Latitude = 65 44.28 N
* NMEA Longitude = 168 38.83 W
* NMEA UTC (Time) = Oct 03 2023  07:05:08
* NMEA baud rate = 4800
** Ship: R/V Sikuliaq
** Station Number: 079
** Station Name: BS6
** Bottom Depth: 51
** Operator: SD
# nquan = 25
# nvalues = 45                          
# units = specified
# name 0 = depSM: Depth [salt water, m]
# name 1 = latitude: Latitude [deg]
# name 2 = longitude: Longitude [deg]
# name 3 = prDM: Pressure, Digiquartz [db]
# name 4 = t090C: Temperature [ITS-90, deg C]
# name 5 = t190C: Temperature, 2 [ITS-90, deg C]
# name 6 = potemp090C: Potential Temperature [ITS-90, deg C]
# name 7 = sal00: Salinity, Practical [PSU]
# name 8 = sal11: Salinity, Practical, 2 [PSU]
# name 9 = density00: Density [density, kg/m^3]
# name 10 = sigma-é00: Density [sigma-theta, kg/m^3]
# name 11 = sbox0Mm/Kg: Oxygen, SBE 43 [umol/kg]
# name 12 = sbox1Mm/Kg: Oxygen, SBE 43, 2 [umol/kg]
# name 13 = oxsolMm/Kg: Oxygen Saturation, Garcia & Gordon [umol/kg]
# name 14 = sbeox0PS: Oxygen, SBE 43 [% saturation]
# name 15 = sbeox1PS: Oxygen, SBE 43, 2 [% saturation]
# name 16 = v0: Voltage 0
# name 17 = flECO-AFL: Fluorescence, WET Labs ECO-AFL/FL [mg/m^3]
# name 18 = v1: Voltage 1
# name 19 = CStarAt0: Beam Attenuation, WET Labs C-Star [1/m]
# name 20 = par: PAR/Irradiance, Biospherical/Licor
# name 21 = scan: Scan Count
# name 22 = timeM: Time, Elapsed [minutes]
# name 23 = nbin: number of scans per bin
# name 24 = flag: flag
# span 0 =      2.970,     46.532       
# span 1 =   65.73777,   65.73788       
# span 2 = -168.64802, -168.64747       
# span 3 =      3.000,     47.000       
# span 4 =     2.8065,     6.1688       
# span 5 =     2.8074,     6.1702       
# span 6 =     2.8046,     6.1683       
# span 7 =    26.2036,    32.4792       
# span 8 =    26.7678,    32.8146       
# span 9 =  1020.6120,  1026.1018       
# span 10 =    20.5980,    25.8857      
# span 11 =    243.775,    291.831      
# span 12 =    235.299,    281.475      
# span 13 =  310.57998,  330.75048      
# span 14 =     73.857,     91.525      
# span 15 =     71.499,     88.493      
# span 16 =     0.1053,     0.2997      
# span 17 =     0.2836,     1.4502      
# span 18 =     3.6851,     4.0729      
# span 19 =     0.5835,     0.9837      
# span 20 = -4.445e-05, 2.5605e-01      
# span 21 =        -28,       5248      
# span 22 =    -0.0202,     3.6435      
# span 23 =         30,        543      
# span 24 = 0.0000e+00, 0.0000e+00      
# interval = decibars: 1                
# start_time = Oct 03 2023 07:08:37 [NMEA time, first data scan]
# bad_flag = -9.990e-29
*END*
      2.970   65.73788 -168.64747      3.000     6.1164     6.1371     6.1162    26.2036    26.7829  1020.6120    20.5980    291.698    281.475  319.59661     91.271     88.493     0.2967     1.4321     3.7437     0.9206 2.5605e-01        -28    -0.0202         58 0.0000e+00
      3.961   65.73788 -168.64751      4.000     6.1510     6.1465     6.1507    26.4156    26.7769  1020.7799    20.7613    291.814    279.576  318.83463     91.525     87.912     0.2788     1.3249     3.7437     0.9206 1.4745e-01        328     0.2274        164 0.0000e+00
      4.951   65.73786 -168.64752      5.000     6.1429     6.1442     6.1426    26.3594    26.7678  1020.7412    20.7179    291.675    280.527  319.02826     91.426     88.200     0.2848     1.3606     3.7412     0.9234 9.0866e-02        429     0.2973        148 0.0000e+00
      5.941   65.73786 -168.64754      6.000     6.1465     6.1487     6.1460    26.3807    26.7922  1020.7623    20.7343    291.831    280.283  318.95135     91.497     88.149     0.2874     1.3766     3.7423     0.9221 2.7551e-02        588     0.4078        139 0.0000e+00
      6.931   65.73786 -168.64756      7.000     6.1688     6.1702     6.1683    26.8338    27.1366  1021.1215    21.0889    290.467    279.681  317.71846     91.423     88.228     0.2838     1.3546     3.7437     0.9206 2.4634e-03        717     0.4972         75 0.0000e+00
      7.921   65.73786 -168.64758      8.000     6.1394     6.1241     6.1388    28.2736    28.7726  1022.2640    22.2268    285.247    274.481  314.57419     90.677     87.546     0.2498     1.1510     3.7771     0.8852 -4.445e-05        848     0.5883        126 0.0000e+00
      8.911   65.73786 -168.64760      9.000     6.1584     6.1553     6.1577    29.1688    29.6621  1022.9721    22.9303    280.298    268.447  312.35648     89.737     86.251     0.2087     0.9042     3.8957     0.7612 -8.088e-06       1002     0.6950        159 0.0000e+00
      9.901   65.73786 -168.64763     10.000     5.9197     5.9143     5.9189    30.3713    30.8560  1023.9528    23.9065    274.960    265.277  311.32948     88.319     85.504     0.1734     0.6923     3.9562     0.7001 4.5118e-07       1181     0.8192        165 0.0000e+00
     10.891   65.73784 -168.64764     11.000     5.8091     5.8131     5.8083    31.0078    31.4653  1024.4728    24.4218    277.201    266.255  310.67044     89.227     86.003     0.1649     0.6412     4.0555     0.6005 5.0944e-07       1311     0.9100        134 0.0000e+00
     11.881   65.73784 -168.64767     12.000     5.7845     5.8034     5.7836    31.1259    31.5813  1024.5735    24.5179    276.562    265.033  310.57998     89.048     85.662     0.1482     0.5410     4.0398     0.6161 7.4760e-07       1475     1.0233        164 0.0000e+00
     12.872   65.73784 -168.64768     13.000     5.4028     5.3814     5.4019    31.1610    31.6299  1024.6494    24.5891    273.209    263.085  313.30783     87.203     84.222     0.1301     0.4328     4.0400     0.6159 6.0866e-07       1606     1.1147        110 0.0000e+00
     13.862   65.73784 -168.64769     14.000     5.3475     5.3540     5.3465    31.2270    31.6776  1024.7125    24.6475    281.104    269.977  313.56304     89.649     86.403     0.1342     0.4571     4.0660     0.5903 5.6549e-07       1695     1.1764         90 0.0000e+00
     14.852   65.73784 -168.64770     15.000     5.3717     5.3707     5.3706    31.2589    31.7119  1024.7397    24.6701    283.768    272.297  313.30882     90.572     87.202     0.1332     0.4510     4.0527     0.6033 1.4605e-07       1771     1.2295         57 0.0000e+00
     15.842   65.73784 -168.64771     16.000     5.3507     5.3508     5.3496    31.2802    31.7303  1024.7635    24.6892    280.081    269.287  313.41508     89.364     86.209     0.1354     0.4644     4.0501     0.6059 6.9234e-07       1832     1.2718         71 0.0000e+00
     16.832   65.73784 -168.64772     17.000     5.4401     5.4509     5.4389    31.3381    31.7690  1024.8039    24.7250    281.316    268.518  312.61908     89.987     86.191     0.1338     0.4548     4.0729     0.5835 4.6839e-07       1903     1.3209         52 0.0000e+00
     17.822   65.73784 -168.64773     18.000     5.4878     5.4865     5.4865    31.3789    31.8262  1024.8354    24.7519    282.659    271.780  312.17098     90.546     87.349     0.1170     0.3540     4.0090     0.6468 1.1380e-06       1945     1.3500         50 0.0000e+00
     18.812   65.73784 -168.64774     19.000     5.4332     5.4337     5.4318    31.4010    31.8455  1024.8638    24.7756    276.483    267.838  312.52237     88.469     85.987     0.1230     0.3899     3.9854     0.6703 8.3228e-07       2009     1.3944         59 0.0000e+00
     19.802   65.73784 -168.64774     20.000     5.4361     5.4365     5.4346    31.4171    31.8583  1024.8808    24.7880    272.123    263.412  312.46361     87.090     84.580     0.1098     0.3108     3.9642     0.6917 1.6863e-06       2054     1.4257         40 0.0000e+00
     20.792   65.73784 -168.64776     21.000     5.4241     5.4249     5.4225    31.4250    31.8637  1024.8931    24.7956    273.825    262.541  312.53436     87.614     84.280     0.1158     0.3471     3.9457     0.7104 6.1722e-07       2109     1.4637         68 0.0000e+00
     21.782   65.73784 -168.64776     22.000     5.3660     5.3581     5.3644    31.4350    31.8783  1024.9121    24.8100    273.040    262.321  312.94088     87.250     84.086     0.1078     0.2988     3.9335     0.7228 1.3360e-06       2166     1.5032         39 0.0000e+00
     22.772   65.73783 -168.64776     23.000     5.1093     5.0929     5.1076    31.4919    31.9409  1024.9902    24.8833    274.135    263.773  314.72130     87.104     84.060     0.1053     0.2836     3.9392     0.7169 9.9695e-07       2204     1.5301         43 0.0000e+00
     23.762   65.73782 -168.64776     24.000     4.8590     4.8340     4.8573    31.5675    32.0236  1025.0818    24.9701    274.329    263.230  316.42663     86.696     83.423     0.1122     0.3255     3.9530     0.7030 1.1776e-06       2260     1.5688         58 0.0000e+00
     24.752   65.73782 -168.64778     25.000     4.2112     4.1530     4.2096    31.7309    32.2141  1025.2825    25.1658    279.355    266.779  321.00648     87.024     83.293     0.1103     0.3138     3.9755     0.6802 1.1451e-06       2305     1.6002         37 0.0000e+00
     25.742   65.73782 -168.64778     26.000     3.5203     3.4885     3.5188    31.9393    32.4027  1025.5188    25.3969    280.261    266.300  325.93692     85.988     81.928     0.1226     0.3877     3.9850     0.6707 4.6711e-07       2352     1.6323         59 0.0000e+00
     26.732   65.73782 -168.64778     27.000     3.2721     3.2637     3.2706    31.9882    32.4368  1025.5849    25.4582    284.559    267.240  327.80221     86.808     81.785     0.1573     0.5959     3.9654     0.6904 5.1373e-07       2414     1.6760         50 0.0000e+00
     27.722   65.73782 -168.64778     28.000     3.0418     3.0244     3.0402    32.1192    32.5772  1025.7141    25.5826    283.456    269.812  329.34362     86.067     82.174     0.1452     0.5229     3.9550     0.7010 4.1412e-07       2456     1.7046         41 0.0000e+00
     28.712   65.73782 -168.64778     29.000     2.8859     2.8822     2.8843    32.2437    32.6892  1025.8313    25.6950    280.108    268.503  330.30292     84.804     81.558     0.1579     0.5995     3.9073     0.7495 6.4097e-09       2504     1.7384         57 0.0000e+00
     29.702   65.73782 -168.64778     30.000     2.8417     2.8412     2.8401    32.2810    32.7222  1025.8695    25.7285    272.132    258.620  330.57086     82.322     78.496     0.1780     0.7203     3.8750     0.7828 1.8989e-07       2559     1.7765         46 0.0000e+00
     30.692   65.73782 -168.64778     31.000     2.8249     2.8254     2.8232    32.2963    32.7355  1025.8879    25.7421    263.151    250.772  330.67033     79.581     76.092     0.2049     0.8815     3.8320     0.8274 1.9238e-07       2602     1.8060         44 0.0000e+00
     31.682   65.73782 -168.64778     32.000     2.8187     2.8194     2.8170    32.3016    32.7387  1025.8973    25.7469    259.037    248.635  330.70746     78.328     75.434     0.2244     0.9983     3.7932     0.8681 1.9709e-09       2652     1.8413         57 0.0000e+00
     32.672   65.73782 -168.64778     33.000     2.8146     2.8156     2.8128    32.3054    32.7405  1025.9053    25.7502    257.390    247.463  330.73180     77.824     75.073     0.2464     1.1304     3.7864     0.8753 1.0000e-12       2705     1.8781         43 0.0000e+00
     33.662   65.73782 -168.64778     34.000     2.8107     2.8115     2.8089    32.3116    32.7453  1025.9153    25.7555    256.674    247.254  330.74823     77.604     75.004     0.2579     1.1993     3.7801     0.8819 1.0000e-12       2752     1.9102         52 0.0000e+00
     34.652   65.73782 -168.64778     35.000     2.8065     2.8074     2.8046    32.3245    32.7558  1025.9307    25.7662    255.274    246.001  330.75048     77.180     74.623     0.2841     1.3565     3.7736     0.8888 1.0000e-12       2811     1.9517         57 0.0000e+00
     35.642   65.73782 -168.64778     36.000     2.8067     2.8079     2.8047    32.3396    32.7701  1025.9475    25.7782    254.708    245.338  330.71081     77.018     74.431     0.2997     1.4502     3.7573     0.9061 1.0000e-12       2858     1.9839         38 0.0000e+00
     36.632   65.73782 -168.64778     37.000     2.8106     2.8119     2.8086    32.3494    32.7791  1025.9597    25.7857    254.443    245.069  330.65420     76.951     74.361     0.2528     1.1690     3.7569     0.9066 1.0000e-12       2893     2.0081         34 0.0000e+00
     37.622   65.73782 -168.64778     38.000     2.8141     2.8154     2.8120    32.3557    32.7820  1025.9691    25.7904    253.530    242.747  330.60983     76.686     73.665     0.2531     1.1703     3.7527     0.9110 9.4749e-08       2950     2.0478         84 0.0000e+00
     38.612   65.73782 -168.64778     39.000     2.8163     2.8174     2.8142    32.3604    32.7847  1025.9773    25.7940    251.214    241.424  330.57950     75.992     73.269     0.2514     1.1603     3.7370     0.9278 -8.626e-09       3020     2.0967         39 0.0000e+00
     39.602   65.73781 -168.64778     40.000     2.8184     2.8197     2.8162    32.3630    32.7871  1025.9839    25.7959    250.865    240.832  330.55584     75.892     73.094     0.2554     1.1846     3.7438     0.9206 1.0000e-12       3049     2.1165         30 0.0000e+00
     40.592   65.73780 -168.64780     41.000     2.8275     2.8316     2.8253    32.3865    32.7753  1026.0066    25.8139    250.267    240.582  330.42203     75.742     73.033     0.2572     1.1952     3.7341     0.9309 1.0000e-12       3359     2.3322        543 0.0000e+00
     41.582   65.73780 -168.64782     42.000     2.8373     2.8365     2.8350    32.4553    32.7985  1026.0654    25.8681    248.622    240.128  330.16931     75.301     72.917     0.2651     1.2425     3.7301     0.9352 1.0000e-12       3692     2.5629        103 0.0000e+00
     42.572   65.73780 -168.64784     43.000     2.8441     2.8455     2.8418    32.4586    32.8053  1026.0722    25.8701    246.768    238.832  330.10492     74.754     72.544     0.2454     1.1241     3.7205     0.9455 1.0000e-12       3737     2.5947         58 0.0000e+00
     43.562   65.73780 -168.64784     44.000     2.8485     2.8495     2.8461    32.4653    32.8085  1026.0818    25.8751    245.535    237.876  330.05238     74.393     72.262     0.2787     1.3241     3.7207     0.9453 1.3637e-07       3815     2.6484         68 0.0000e+00
     44.552   65.73780 -168.64784     45.000     2.8542     2.8554     2.8517    32.4710    32.8129  1026.0906    25.8792    244.941    237.460  329.99193     74.226     72.149     0.2597     1.2102     3.7141     0.9524 3.1717e-09       3862     2.6813         42 0.0000e+00
     45.542   65.73779 -168.64785     46.000     2.8550     2.8563     2.8524    32.4792    32.8132  1026.1018    25.8857    244.072    236.656  329.96473     73.969     71.906     0.2754     1.3045     3.6877     0.9809 7.0486e-08       3985     2.7670        150 0.0000e+00
     46.532   65.73777 -168.64802     47.000     2.8573     2.8586     2.8547    32.4314    32.8146  1026.0682    25.8474    243.775    235.299  330.06638     73.857     71.499     0.2492     1.1473     3.6851     0.9837 5.1871e-08       5248     3.6435        158 0.0000e+00
