EcoFOCI/data/1_SampleCollection/2023_SikuliaqDBO_CruiseData/CTD_raw_BottleFile_SKQ23-12S/proc/skq202312s_075svpavg.cnv
* Sea-Bird SBE 9 Data File:
* FileName = D:\CTD\SKQ202312S\SKQ202312S_075.hex
* Software Version Seasave V 7.26.7.121
* Temperature SN = 6177
* Conductivity SN = 0369
* Number of Bytes Per Scan = 41
* Number of Voltage Words = 4
* Number of Scans Averaged by the Deck Unit = 1
* NMEA Latitude = 68 14.82 N
* NMEA Longitude = 167 07.33 W
* NMEA UTC (Time) = Oct 02 2023  05:40:29
* NMEA baud rate = 4800
** Ship: R/V Sikuliaq
** Station Number: 075
** Station Name: DBO3.3
** Bottom Depth: 43
** Operator: SD
# nquan = 7
# nvalues = 37                          
# units = specified
# name 0 = depSM: Depth [salt water, m]
# name 1 = latitude: Latitude [deg]
# name 2 = longitude: Longitude [deg]
# name 3 = t090C: Temperature [ITS-90, deg C]
# name 4 = sal00: Salinity, Practical [PSU]
# name 5 = svCM: Sound Velocity [Chen-Millero, m/s]
# name 6 = flag: flag
# span 0 =      3.000,     39.000       
# span 1 =   68.24648,   68.24673       
# span 2 = -167.12268, -167.12246       
# span 3 =     4.4163,     7.8906       
# span 4 =    25.6602,    31.9029       
# span 5 =    1464.62,    1475.62       
# span 6 = 0.0000e+00, 0.0000e+00       
# interval = meters: 1                  
# start_time = Oct 02 2023 05:44:07 [NMEA time, first data scan]
# bad_flag = -9.990e-29
*END*
      3.000   68.24673 -167.12246     6.5460    25.9888    1465.64 0.0000e+00
      4.000   68.24670 -167.12246     6.3860    25.7096    1464.67 0.0000e+00
      5.000   68.24670 -167.12246     6.4169    25.7516    1464.86 0.0000e+00
      6.000   68.24670 -167.12246     6.3824    25.6602    1464.62 0.0000e+00
      7.000   68.24668 -167.12246     6.4084    25.7204    1464.82 0.0000e+00
      8.000   68.24668 -167.12248     6.6946    26.3971    1466.83 0.0000e+00
      9.000   68.24668 -167.12248     7.4132    28.1639    1471.89 0.0000e+00
     10.000   68.24667 -167.12250     7.4970    28.5134    1472.67 0.0000e+00
     11.000   68.24666 -167.12250     7.3951    28.6002    1472.39 0.0000e+00
     12.000   68.24666 -167.12250     7.4669    29.0428    1473.24 0.0000e+00
     13.000   68.24666 -167.12251     7.5215    29.2186    1473.69 0.0000e+00
     14.000   68.24665 -167.12250     7.5347    29.2301    1473.77 0.0000e+00
     15.000   68.24666 -167.12252     7.5393    29.2344    1473.81 0.0000e+00
     16.000   68.24665 -167.12252     7.5486    29.2391    1473.87 0.0000e+00
     17.000   68.24664 -167.12252     7.5732    29.2580    1474.00 0.0000e+00
     18.000   68.24664 -167.12252     7.6026    29.2721    1474.15 0.0000e+00
     19.000   68.24664 -167.12252     7.6170    29.2882    1474.24 0.0000e+00
     20.000   68.24664 -167.12252     7.6386    29.3002    1474.36 0.0000e+00
     21.000   68.24664 -167.12252     7.6380    29.3048    1474.38 0.0000e+00
     22.000   68.24664 -167.12252     7.7157    29.3554    1474.76 0.0000e+00
     23.000   68.24664 -167.12253     7.7782    29.3869    1475.05 0.0000e+00
     24.000   68.24664 -167.12254     7.8513    29.4350    1475.41 0.0000e+00
     25.000   68.24664 -167.12254     7.8906    29.4659    1475.62 0.0000e+00
     26.000   68.24664 -167.12254     7.6758    29.5973    1474.97 0.0000e+00
     27.000   68.24664 -167.12254     7.1509    30.0803    1473.54 0.0000e+00
     28.000   68.24663 -167.12254     6.9683    30.3133    1473.14 0.0000e+00
     29.000   68.24662 -167.12254     5.5785    31.3603    1468.92 0.0000e+00
     30.000   68.24662 -167.12254     4.9487    31.7473    1466.87 0.0000e+00
     31.000   68.24662 -167.12254     4.8371    31.7971    1466.49 0.0000e+00
     32.000   68.24662 -167.12255     5.1353    31.5867    1467.46 0.0000e+00
     33.000   68.24662 -167.12256     4.7420    31.8269    1466.17 0.0000e+00
     34.000   68.24662 -167.12256     4.7193    31.8335    1466.10 0.0000e+00
     35.000   68.24660 -167.12254     4.6941    31.8427    1466.03 0.0000e+00
     36.000   68.24660 -167.12256     4.6205    31.8655    1465.77 0.0000e+00
     37.000   68.24660 -167.12256     4.5496    31.8774    1465.51 0.0000e+00
     38.000   68.24657 -167.12258     4.4505    31.8999    1465.14 0.0000e+00
     39.000   68.24648 -167.12268     4.4163    31.9029    1465.02 0.0000e+00
