EcoFOCI/data/1_SampleCollection/2023_SikuliaqDBO_CruiseData/CTD_raw_BottleFile_SKQ23-12S/proc/skq202312s_023svp.cnv
* Sea-Bird SBE 9 Data File:
* FileName = D:\CTD\SKQ202312S\SKQ202312S_023.hex
* Software Version Seasave V 7.26.7.121
* Temperature SN = 6177
* Conductivity SN = 0369
* Number of Bytes Per Scan = 41
* Number of Voltage Words = 4
* Number of Scans Averaged by the Deck Unit = 1
* NMEA Latitude = 64 57.70 N
* NMEA Longitude = 169 53.01 W
* NMEA UTC (Time) = Sep 18 2023  07:03:01
* NMEA baud rate = 4800
** Ship: R/V Sikuliaq
** Station Number: 023
** Station Name: DBO2.4
** Bottom Depth: 48
** Operator: SD
# nquan = 7
# nvalues = 5745                                  
# units = specified
# name 0 = depSM: Depth [salt water, m]
# name 1 = latitude: Latitude [deg]
# name 2 = longitude: Longitude [deg]
# name 3 = t090C: Temperature [ITS-90, deg C]
# name 4 = sal00: Salinity, Practical [PSU]
# name 5 = svCM: Sound Velocity [Chen-Millero, m/s]
# name 6 = flag:  0.000e+00
# span 0 =      2.982,     42.925                 
# span 1 =   64.96160,   64.96168                 
# span 2 = -169.88358, -169.88352                 
# span 3 =     1.2940,     3.3595                 
# span 4 =    31.7597,    32.8509                 
# span 5 =    1451.11,    1461.55                 
# span 6 = 0.0000e+00, 0.0000e+00                 
# interval = seconds: 0.0416667
# start_time = Sep 18 2023 07:06:42 [NMEA time, first data scan]
# bad_flag = -9.990e-29
*END*
[from data line 3077]
     35.372   64.96166 -169.88358     2.7370    32.7863    1458.98  0.000e+00
     35.318   64.96166 -169.88358     2.7347    32.7863    1458.97  0.000e+00
     35.418   64.96166 -169.88358     2.7331    32.7863    1458.97  0.000e+00
     35.434   64.96166 -169.88358     2.7320    32.7867    1458.96  0.000e+00
     35.434   64.96166 -169.88358     2.7322    32.7878    1458.96  0.000e+00
     35.480   64.96166 -169.88358     2.7337    32.7873    1458.97  0.000e+00
     35.488   64.96166 -169.88358     2.7340    32.7868    1458.97  0.000e+00
     35.549   64.96166 -169.88358     2.7327    32.7860    1458.97  0.000e+00
     35.534   64.96166 -169.88358     2.7314    32.7856    1458.96  0.000e+00
     35.603   64.96166 -169.88358     2.7302    32.7856    1458.96  0.000e+00
     35.603   64.96166 -169.88358     2.7296    32.7864    1458.95  0.000e+00
     35.650   64.96166 -169.88358     2.7289    32.7866    1458.95  0.000e+00
     35.665   64.96166 -169.88358     2.7282    32.7859    1458.95  0.000e+00
     35.665   64.96166 -169.88358     2.7265    32.7858    1458.94  0.000e+00
     35.711   64.96166 -169.88358     2.7255    32.7865    1458.94  0.000e+00
     35.719   64.96166 -169.88358     2.7257    32.7872    1458.94  0.000e+00
     35.719   64.96166 -169.88358     2.7265    32.7870    1458.94  0.000e+00
     35.765   64.96166 -169.88358     2.7268    32.7872    1458.95  0.000e+00
     35.773   64.96166 -169.88358     2.7271    32.7869    1458.95  0.000e+00
     35.835   64.96166 -169.88358     2.7272    32.7868    1458.95  0.000e+00
     35.819   64.96166 -169.88358     2.7274    32.7866    1458.95  0.000e+00
     35.835   64.96166 -169.88358     2.7268    32.7868    1458.95  0.000e+00
     35.889   64.96166 -169.88358     2.7267    32.7868    1458.95  0.000e+00
     35.935   64.96166 -169.88358     2.7269    32.7867    1458.95  0.000e+00
     35.889   64.96166 -169.88358     2.7268    32.7858    1458.95  0.000e+00
     35.950   64.96166 -169.88358     2.7232    32.7832    1458.93  0.000e+00
     35.935   64.96166 -169.88358     2.7162    32.7805    1458.89  0.000e+00
     35.950   64.96166 -169.88358     2.7088    32.7813    1458.86  0.000e+00
     36.004   64.96166 -169.88358     2.7044    32.7839    1458.85  0.000e+00
     36.051   64.96166 -169.88358     2.7022    32.7849    1458.84  0.000e+00
     36.004   64.96166 -169.88358     2.6995    32.7847    1458.83  0.000e+00
     36.066   64.96166 -169.88358     2.6958    32.7849    1458.81  0.000e+00
     36.051   64.96166 -169.88358     2.6919    32.7849    1458.80  0.000e+00
     36.066   64.96166 -169.88358     2.6883    32.7859    1458.78  0.000e+00
     36.120   64.96166 -169.88358     2.6860    32.7874    1458.78  0.000e+00
     36.112   64.96166 -169.88358     2.6853    32.7893    1458.78  0.000e+00
     36.174   64.96166 -169.88358     2.6854    32.7907    1458.78  0.000e+00
     36.120   64.96166 -169.88358     2.6860    32.7896    1458.78  0.000e+00
     36.166   64.96166 -169.88358     2.6860    32.7881    1458.78  0.000e+00
     36.174   64.96166 -169.88358     2.6849    32.7868    1458.77  0.000e+00
     36.236   64.96166 -169.88358     2.6827    32.7872    1458.76  0.000e+00
     36.220   64.96166 -169.88358     2.6808    32.7877    1458.76  0.000e+00
     36.236   64.96166 -169.88358     2.6797    32.7883    1458.75  0.000e+00
     36.236   64.96166 -169.88358     2.6789    32.7898    1458.75  0.000e+00
     36.282   64.96166 -169.88358     2.6794    32.7909    1458.75  0.000e+00
     36.290   64.96166 -169.88358     2.6805    32.7928    1458.76  0.000e+00
     36.236   64.96166 -169.88358     2.6829    32.7933    1458.77  0.000e+00
     36.336   64.96166 -169.88358     2.6849    32.7920    1458.78  0.000e+00
     36.351   64.96166 -169.88358     2.6858    32.7896    1458.78  0.000e+00
     36.290   64.96166 -169.88358     2.6852    32.7889    1458.78  0.000e+00
     36.398   64.96166 -169.88358     2.6840    32.7887    1458.77  0.000e+00
     36.351   64.96166 -169.88358     2.6831    32.7886    1458.77  0.000e+00
     36.405   64.96166 -169.88358     2.6822    32.7884    1458.77  0.000e+00
     36.405   64.96166 -169.88358     2.6822    32.7877    1458.76  0.000e+00
     36.398   64.96166 -169.88358     2.6816    32.7882    1458.76  0.000e+00
     36.405   64.96166 -169.88358     2.6812    32.7882    1458.76  0.000e+00
     36.467   64.96166 -169.88358     2.6807    32.7883    1458.76  0.000e+00
     36.452   64.96166 -169.88358     2.6802    32.7885    1458.76  0.000e+00
     36.467   64.96166 -169.88358     2.6802    32.7895    1458.76  0.000e+00
     36.467   64.96166 -169.88358     2.6812    32.7915    1458.77  0.000e+00
     36.513   64.96166 -169.88358     2.6830    32.7916    1458.77  0.000e+00
     36.521   64.96166 -169.88358     2.6846    32.7902    1458.78  0.000e+00
     36.521   64.96166 -169.88358     2.6850    32.7898    1458.78  0.000e+00
     36.567   64.96166 -169.88358     2.6853    32.7893    1458.78  0.000e+00
     36.521   64.96166 -169.88358     2.6856    32.7892    1458.78  0.000e+00
     36.521   64.96166 -169.88358     2.6864    32.7888    1458.79  0.000e+00
     36.567   64.96166 -169.88358     2.6866    32.7891    1458.79  0.000e+00
     36.575   64.96166 -169.88358     2.6867    32.7887    1458.79  0.000e+00
     36.521   64.96166 -169.88358     2.6868    32.7886    1458.79  0.000e+00
     36.567   64.96166 -169.88358     2.6867    32.7888    1458.79  0.000e+00
     36.575   64.96166 -169.88358     2.6872    32.7882    1458.79  0.000e+00
     36.575   64.96166 -169.88358     2.6873    32.7880    1458.79  0.000e+00
     36.513   64.96166 -169.88358     2.6877    32.7879    1458.79  0.000e+00
     36.691   64.96166 -169.88358     2.6883    32.7873    1458.79  0.000e+00
     36.575   64.96166 -169.88358     2.6885    32.7869    1458.79  0.000e+00
     36.637   64.96166 -169.88358     2.6883    32.7865    1458.79  0.000e+00
     36.621   64.96166 -169.88358     2.6874    32.7862    1458.79  0.000e+00
     36.636   64.96166 -169.88358     2.6858    32.7866    1458.78  0.000e+00
     36.690   64.96166 -169.88358     2.6849    32.7866    1458.78  0.000e+00
     36.621   64.96166 -169.88358     2.6836    32.7860    1458.77  0.000e+00
     36.690   64.96166 -169.88358     2.6807    32.7841    1458.76  0.000e+00
     36.690   64.96166 -169.88358     2.6772    32.7834    1458.74  0.000e+00
     36.683   64.96166 -169.88358     2.6750    32.7838    1458.73  0.000e+00
     36.690   64.96166 -169.88358     2.6730    32.7839    1458.72  0.000e+00
     36.690   64.96166 -169.88358     2.6702    32.7846    1458.71  0.000e+00
     36.683   64.96166 -169.88358     2.6676    32.7851    1458.70  0.000e+00
     36.690   64.96166 -169.88358     2.6660    32.7849    1458.70  0.000e+00
     36.752   64.96166 -169.88358     2.6660    32.7849    1458.70  0.000e+00
     36.683   64.96166 -169.88358     2.6665    32.7863    1458.70  0.000e+00
     36.752   64.96166 -169.88358     2.6675    32.7865    1458.70  0.000e+00
     36.752   64.96166 -169.88358     2.6675    32.7862    1458.70  0.000e+00
     36.752   64.96166 -169.88358     2.6660    32.7851    1458.70  0.000e+00
     36.798   64.96166 -169.88358     2.6636    32.7856    1458.69  0.000e+00
     36.752   64.96166 -169.88358     2.6623    32.7880    1458.68  0.000e+00
     36.806   64.96166 -169.88358     2.6629    32.7889    1458.69  0.000e+00
     36.798   64.96166 -169.88358     2.6641    32.7895    1458.70  0.000e+00
     36.868   64.96166 -169.88358     2.6647    32.7893    1458.70  0.000e+00
     36.806   64.96166 -169.88358     2.6654    32.7893    1458.70  0.000e+00
     36.798   64.96166 -169.88358     2.6658    32.7900    1458.70  0.000e+00
     36.868   64.96166 -169.88358     2.6667    32.7898    1458.71  0.000e+00
     36.806   64.96166 -169.88358     2.6667    32.7897    1458.71  0.000e+00
     36.798   64.96166 -169.88358     2.6662    32.7893    1458.70  0.000e+00
     36.806   64.96166 -169.88358     2.6655    32.7891    1458.70  0.000e+00
     36.868   64.96166 -169.88358     2.6651    32.7891    1458.70  0.000e+00
     36.868   64.96166 -169.88358     2.6648    32.7882    1458.70  0.000e+00
     36.852   64.96166 -169.88358     2.6629    32.7864    1458.69  0.000e+00
     36.868   64.96166 -169.88358     2.6587    32.7842    1458.67  0.000e+00
     36.922   64.96166 -169.88358     2.6530    32.7829    1458.64  0.000e+00
     36.914   64.96166 -169.88358     2.6489    32.7835    1458.62  0.000e+00
     36.868   64.96166 -169.88358     2.6456    32.7852    1458.61  0.000e+00
     36.976   64.96166 -169.88358     2.6430    32.7870    1458.60  0.000e+00
     36.914   64.96166 -169.88358     2.6421    32.7880    1458.60  0.000e+00
     36.976   64.96166 -169.88358     2.6430    32.7902    1458.61  0.000e+00
     36.921   64.96166 -169.88358     2.6484    32.7906    1458.63  0.000e+00
     36.968   64.96166 -169.88358     2.6536    32.7911    1458.65  0.000e+00
     36.921   64.96166 -169.88358     2.6569    32.7914    1458.67  0.000e+00
     36.975   64.96166 -169.88358     2.6588    32.7900    1458.68  0.000e+00
     36.852   64.96166 -169.88358     2.6587    32.7905    1458.67  0.000e+00
     37.037   64.96166 -169.88358     2.6588    32.7907    1458.68  0.000e+00
     36.975   64.96166 -169.88358     2.6599    32.7896    1458.68  0.000e+00
     36.975   64.96166 -169.88358     2.6599    32.7823    1458.67  0.000e+00
     37.029   64.96166 -169.88358     2.6491    32.7760    1458.62  0.000e+00
     36.975   64.96166 -169.88358     2.6360    32.7765    1458.56  0.000e+00
     37.037   64.96166 -169.88358     2.6272    32.7752    1458.52  0.000e+00
     37.029   64.96166 -169.88358     2.6163    32.7760    1458.47  0.000e+00
     36.975   64.96166 -169.88358     2.6093    32.7777    1458.45  0.000e+00
     37.091   64.96166 -169.88358     2.6038    32.7814    1458.43  0.000e+00
     37.083   64.96166 -169.88358     2.5997    32.7814    1458.41  0.000e+00
     37.037   64.96166 -169.88358     2.5947    32.7786    1458.38  0.000e+00
     37.091   64.96166 -169.88358     2.5892    32.7789    1458.36  0.000e+00
     37.091   64.96166 -169.88358     2.5851    32.7801    1458.35  0.000e+00
     37.083   64.96166 -169.88358     2.5802    32.7793    1458.32  0.000e+00
     37.037   64.96166 -169.88358     2.5708    32.7831    1458.29  0.000e+00
     37.091   64.96166 -169.88358     2.5668    32.7890    1458.28  0.000e+00
     37.083   64.96166 -169.88358     2.5677    32.7925    1458.29  0.000e+00
     37.091   64.96166 -169.88358     2.5678    32.7919    1458.29  0.000e+00
     37.091   64.96166 -169.88358     2.5638    32.7897    1458.27  0.000e+00
     37.137   64.96166 -169.88358     2.5609    32.7861    1458.25  0.000e+00
     37.091   64.96166 -169.88358     2.5599    32.7873    1458.25  0.000e+00
     37.153   64.96166 -169.88358     2.5608    32.7923    1458.26  0.000e+00
     37.137   64.96166 -169.88358     2.5648    32.7954    1458.28  0.000e+00
     37.153   64.96166 -169.88358     2.5680    32.7969    1458.29  0.000e+00
     37.207   64.96166 -169.88358     2.5722    32.7992    1458.32  0.000e+00
     37.207   64.96166 -169.88358     2.5777    32.8010    1458.34  0.000e+00
     37.199   64.96166 -169.88358     2.5799    32.7981    1458.35  0.000e+00
     37.207   64.96166 -169.88358     2.5766    32.7899    1458.32  0.000e+00
     37.207   64.96166 -169.88358     2.5691    32.7822    1458.28  0.000e+00
     37.199   64.96166 -169.88358     2.5605    32.7809    1458.24  0.000e+00
     37.207   64.96166 -169.88358     2.5542    32.7835    1458.22  0.000e+00
     37.207   64.96166 -169.88358     2.5527    32.7856    1458.21  0.000e+00
     37.253   64.96166 -169.88358     2.5539    32.7869    1458.22  0.000e+00
     37.207   64.96166 -169.88358     2.5546    32.7882    1458.23  0.000e+00
     37.261   64.96166 -169.88358     2.5546    32.7867    1458.22  0.000e+00
     37.206   64.96166 -169.88358     2.5522    32.7841    1458.21  0.000e+00
     37.253   64.96166 -169.88358     2.5457    32.7827    1458.18  0.000e+00
     37.260   64.96166 -169.88358     2.5392    32.7846    1458.15  0.000e+00
     37.260   64.96166 -169.88358     2.5341    32.7862    1458.13  0.000e+00
     37.314   64.96166 -169.88358     2.5310    32.7869    1458.12  0.000e+00
     37.260   64.96166 -169.88358     2.5272    32.7874    1458.11  0.000e+00
     37.322   64.96166 -169.88358     2.5228    32.7860    1458.09  0.000e+00
     37.314   64.96166 -169.88358     2.5175    32.7866    1458.06  0.000e+00
     37.260   64.96166 -169.88358     2.5138    32.7870    1458.05  0.000e+00
     37.322   64.96166 -169.88358     2.5105    32.7874    1458.03  0.000e+00
     37.322   64.96166 -169.88358     2.5078    32.7903    1458.03  0.000e+00
     37.368   64.96166 -169.88358     2.5101    32.7927    1458.04  0.000e+00
     37.322   64.96166 -169.88358     2.5148    32.7931    1458.06  0.000e+00
     37.322   64.96166 -169.88358     2.5189    32.7940    1458.08  0.000e+00
     37.368   64.96166 -169.88358     2.5211    32.7947    1458.09  0.000e+00
     37.376   64.96166 -169.88358     2.5216    32.7953    1458.09  0.000e+00
     37.322   64.96166 -169.88358     2.5224    32.7949    1458.10  0.000e+00
     37.314   64.96166 -169.88358     2.5236    32.7939    1458.10  0.000e+00
     37.376   64.96166 -169.88358     2.5247    32.7924    1458.10  0.000e+00
     37.322   64.96166 -169.88358     2.5245    32.7907    1458.10  0.000e+00
     37.376   64.96166 -169.88358     2.5236    32.7902    1458.10  0.000e+00
     37.314   64.96166 -169.88358     2.5227    32.7909    1458.09  0.000e+00
     37.376   64.96166 -169.88358     2.5225    32.7920    1458.09  0.000e+00
     37.376   64.96166 -169.88358     2.5235    32.7878    1458.09  0.000e+00
     37.368   64.96166 -169.88358     2.5209    32.7727    1458.06  0.000e+00
     37.376   64.96166 -169.88358     2.5061    32.7621    1457.98  0.000e+00
     37.438   64.96166 -169.88358     2.4824    32.7628    1457.88  0.000e+00
     37.368   64.96166 -169.88358     2.4647    32.7667    1457.81  0.000e+00
     37.376   64.96166 -169.88358     2.4546    32.7682    1457.77  0.000e+00
     37.438   64.96166 -169.88358     2.4455    32.7677    1457.73  0.000e+00
     37.376   64.96166 -169.88358     2.4360    32.7680    1457.69  0.000e+00
     37.430   64.96166 -169.88358     2.4223    32.7754    1457.64  0.000e+00
     37.438   64.96166 -169.88358     2.4156    32.7848    1457.62  0.000e+00
     37.376   64.96166 -169.88358     2.4177    32.7983    1457.65  0.000e+00
     37.430   64.96166 -169.88358     2.4244    32.8112    1457.69  0.000e+00
     37.376   64.96166 -169.88358     2.4352    32.8140    1457.74  0.000e+00
     37.438   64.96166 -169.88358     2.4569    32.8071    1457.83  0.000e+00
     37.430   64.96166 -169.88358     2.4799    32.7994    1457.92  0.000e+00
     37.376   64.96166 -169.88358     2.4942    32.7954    1457.98  0.000e+00
     37.438   64.96166 -169.88358     2.4992    32.7979    1458.00  0.000e+00
     37.376   64.96166 -169.88358     2.5025    32.8002    1458.02  0.000e+00
     37.484   64.96166 -169.88358     2.5018    32.7999    1458.02  0.000e+00
     37.438   64.96166 -169.88358     2.4957    32.8010    1457.99  0.000e+00
     37.438   64.96166 -169.88358     2.4959    32.7989    1457.99  0.000e+00
     37.430   64.96166 -169.88358     2.5014    32.7978    1458.01  0.000e+00
     37.438   64.96166 -169.88358     2.5174    32.7939    1458.07  0.000e+00
     37.492   64.96166 -169.88358     2.5374    32.7872    1458.15  0.000e+00
     37.438   64.96166 -169.88358     2.5518    32.7820    1458.21  0.000e+00
     37.430   64.96166 -169.88358     2.5580    32.7794    1458.23  0.000e+00
     37.437   64.96166 -169.88358     2.5627    32.7797    1458.25  0.000e+00
     37.437   64.96166 -169.88358     2.5653    32.7834    1458.27  0.000e+00
     37.484   64.96166 -169.88358     2.5678    32.7858    1458.28  0.000e+00
