EcoFOCI/data/1_SampleCollection/2023_SikuliaqDBO_CruiseData/CTD_raw_BottleFile_SKQ23-12S/proc/skq202312s_030svp.cnv
* Sea-Bird SBE 9 Data File:
* FileName = D:\CTD\SKQ202312S\SKQ202312S_030.hex
* Software Version Seasave V 7.26.7.121
* Temperature SN = 6177
* Conductivity SN = 0369
* Number of Bytes Per Scan = 41
* Number of Voltage Words = 4
* Number of Scans Averaged by the Deck Unit = 1
* NMEA Latitude = 71 27.31 N
* NMEA Longitude = 157 35.45 W
* NMEA UTC (Time) = Sep 21 2023  07:26:33
* NMEA baud rate = 4800
** Ship: R/V Sikuliaq
** Station Number: 030
** Station Name: DBO5.6
** Bottom Depth: 109
** Operator: SS
# nquan = 7
# nvalues = 8117                                  
# units = specified
# name 0 = depSM: Depth [salt water, m]
# name 1 = latitude: Latitude [deg]
# name 2 = longitude: Longitude [deg]
# name 3 = t090C: Temperature [ITS-90, deg C]
# name 4 = sal00: Salinity, Practical [PSU]
# name 5 = svCM: Sound Velocity [Chen-Millero, m/s]
# name 6 = flag:  0.000e+00
# span 0 =      4.093,    104.318                 
# span 1 =   71.45512,   71.45518                 
# span 2 = -157.59108, -157.59050                 
# span 3 =    -1.7033,     4.4585                 
# span 4 =    30.3710,    32.9828                 
# span 5 =    1438.58,    1462.69                 
# span 6 = 0.0000e+00, 0.0000e+00                 
# interval = seconds: 0.0416667
# start_time = Sep 21 2023 07:30:42 [NMEA time, first data scan]
# bad_flag = -9.990e-29
*END*
[from data line 5744]
     94.175   71.45516 -157.59098    -1.6805    32.9593    1440.03  0.000e+00
     94.175   71.45516 -157.59098    -1.6805    32.9592    1440.03  0.000e+00
     94.237   71.45516 -157.59098    -1.6809    32.9596    1440.03  0.000e+00
     94.291   71.45516 -157.59098    -1.6807    32.9600    1440.03  0.000e+00
     94.291   71.45516 -157.59098    -1.6809    32.9598    1440.03  0.000e+00
     94.406   71.45516 -157.59098    -1.6809    32.9599    1440.04  0.000e+00
     94.406   71.45516 -157.59098    -1.6810    32.9602    1440.04  0.000e+00
     94.383   71.45516 -157.59098    -1.6812    32.9604    1440.03  0.000e+00
     94.522   71.45516 -157.59098    -1.6809    32.9600    1440.04  0.000e+00
     94.460   71.45516 -157.59098    -1.6812    32.9599    1440.03  0.000e+00
     94.576   71.45516 -157.59098    -1.6814    32.9605    1440.04  0.000e+00
     94.576   71.45516 -157.59098    -1.6812    32.9603    1440.04  0.000e+00
     94.638   71.45516 -157.59098    -1.6813    32.9603    1440.04  0.000e+00
     94.638   71.45516 -157.59098    -1.6814    32.9602    1440.04  0.000e+00
     94.754   71.45516 -157.59098    -1.6816    32.9604    1440.04  0.000e+00
     94.723   71.45516 -157.59098    -1.6815    32.9606    1440.04  0.000e+00
     94.754   71.45516 -157.59098    -1.6816    32.9605    1440.04  0.000e+00
     94.808   71.45516 -157.59098    -1.6819    32.9613    1440.04  0.000e+00
     94.862   71.45516 -157.59098    -1.6818    32.9609    1440.04  0.000e+00
     94.862   71.45516 -157.59098    -1.6821    32.9611    1440.04  0.000e+00
     94.862   71.45516 -157.59098    -1.6821    32.9613    1440.04  0.000e+00
     94.923   71.45516 -157.59098    -1.6823    32.9613    1440.04  0.000e+00
     94.977   71.45516 -157.59098    -1.6824    32.9611    1440.04  0.000e+00
     94.977   71.45516 -157.59098    -1.6822    32.9613    1440.04  0.000e+00
     95.008   71.45516 -157.59098    -1.6823    32.9613    1440.04  0.000e+00
     95.039   71.45516 -157.59098    -1.6824    32.9611    1440.04  0.000e+00
     95.093   71.45516 -157.59098    -1.6826    32.9619    1440.04  0.000e+00
     95.093   71.45516 -157.59098    -1.6826    32.9618    1440.04  0.000e+00
     95.093   71.45516 -157.59098    -1.6826    32.9617    1440.04  0.000e+00
     95.155   71.45516 -157.59098    -1.6827    32.9619    1440.04  0.000e+00
     95.209   71.45516 -157.59098    -1.6826    32.9621    1440.04  0.000e+00
     95.209   71.45516 -157.59098    -1.6826    32.9619    1440.04  0.000e+00
     95.155   71.45516 -157.59098    -1.6827    32.9618    1440.04  0.000e+00
     95.271   71.45516 -157.59098    -1.6829    32.9619    1440.04  0.000e+00
     95.240   71.45516 -157.59098    -1.6827    32.9623    1440.04  0.000e+00
     95.271   71.45516 -157.59098    -1.6829    32.9621    1440.04  0.000e+00
     95.325   71.45516 -157.59098    -1.6829    32.9622    1440.04  0.000e+00
     95.325   71.45516 -157.59098    -1.6827    32.9618    1440.04  0.000e+00
     95.325   71.45516 -157.59098    -1.6830    32.9623    1440.04  0.000e+00
     95.379   71.45516 -157.59098    -1.6830    32.9622    1440.04  0.000e+00
     95.325   71.45516 -157.59098    -1.6829    32.9621    1440.04  0.000e+00
     95.379   71.45516 -157.59098    -1.6829    32.9624    1440.05  0.000e+00
     95.440   71.45516 -157.59098    -1.6829    32.9622    1440.05  0.000e+00
     95.379   71.45516 -157.59098    -1.6829    32.9622    1440.04  0.000e+00
     95.471   71.45516 -157.59098    -1.6830    32.9623    1440.05  0.000e+00
     95.440   71.45516 -157.59098    -1.6829    32.9621    1440.05  0.000e+00
     95.440   71.45516 -157.59098    -1.6831    32.9625    1440.04  0.000e+00
     95.494   71.45516 -157.59098    -1.6829    32.9621    1440.05  0.000e+00
     95.440   71.45516 -157.59098    -1.6831    32.9625    1440.04  0.000e+00
     95.556   71.45516 -157.59098    -1.6830    32.9623    1440.05  0.000e+00
     95.440   71.45516 -157.59098    -1.6829    32.9621    1440.05  0.000e+00
     95.556   71.45516 -157.59098    -1.6830    32.9627    1440.05  0.000e+00
     95.556   71.45516 -157.59098    -1.6830    32.9627    1440.05  0.000e+00
     95.494   71.45516 -157.59098    -1.6831    32.9627    1440.05  0.000e+00
     95.525   71.45516 -157.59098    -1.6833    32.9629    1440.05  0.000e+00
     95.610   71.45516 -157.59098    -1.6831    32.9624    1440.05  0.000e+00
     95.556   71.45516 -157.59098    -1.6833    32.9626    1440.05  0.000e+00
     95.556   71.45516 -157.59098    -1.6831    32.9624    1440.05  0.000e+00
     95.556   71.45516 -157.59098    -1.6830    32.9623    1440.05  0.000e+00
     95.610   71.45516 -157.59098    -1.6833    32.9628    1440.05  0.000e+00
     95.610   71.45516 -157.59098    -1.6830    32.9621    1440.05  0.000e+00
     95.610   71.45516 -157.59098    -1.6830    32.9626    1440.05  0.000e+00
     95.556   71.45516 -157.59098    -1.6831    32.9625    1440.05  0.000e+00
     95.610   71.45516 -157.59098    -1.6831    32.9624    1440.05  0.000e+00
     95.672   71.45516 -157.59098    -1.6831    32.9625    1440.05  0.000e+00
     95.587   71.45516 -157.59098    -1.6831    32.9627    1440.05  0.000e+00
     95.672   71.45516 -157.59098    -1.6835    32.9630    1440.05  0.000e+00
     95.610   71.45516 -157.59098    -1.6833    32.9629    1440.05  0.000e+00
     95.672   71.45516 -157.59098    -1.6831    32.9626    1440.05  0.000e+00
     95.672   71.45516 -157.59098    -1.6833    32.9628    1440.05  0.000e+00
     95.672   71.45516 -157.59098    -1.6831    32.9625    1440.05  0.000e+00
     95.672   71.45516 -157.59098    -1.6833    32.9630    1440.05  0.000e+00
     95.672   71.45516 -157.59098    -1.6826    32.9623    1440.05  0.000e+00
     95.672   71.45516 -157.59098    -1.6818    32.9615    1440.05  0.000e+00
     95.672   71.45516 -157.59098    -1.6810    32.9603    1440.06  0.000e+00
     95.641   71.45516 -157.59098    -1.6805    32.9602    1440.06  0.000e+00
     95.726   71.45516 -157.59098    -1.6803    32.9595    1440.06  0.000e+00
     95.726   71.45516 -157.59098    -1.6798    32.9589    1440.06  0.000e+00
     95.726   71.45516 -157.59098    -1.6793    32.9586    1440.06  0.000e+00
     95.672   71.45516 -157.59098    -1.6790    32.9581    1440.06  0.000e+00
     95.726   71.45516 -157.59098    -1.6784    32.9576    1440.07  0.000e+00
     95.726   71.45516 -157.59098    -1.6781    32.9573    1440.07  0.000e+00
     95.726   71.45516 -157.59098    -1.6781    32.9578    1440.07  0.000e+00
     95.726   71.45516 -157.59098    -1.6780    32.9571    1440.07  0.000e+00
     95.726   71.45516 -157.59098    -1.6781    32.9572    1440.07  0.000e+00
     95.780   71.45516 -157.59098    -1.6781    32.9571    1440.07  0.000e+00
     95.757   71.45516 -157.59098    -1.6784    32.9575    1440.07  0.000e+00
     95.726   71.45516 -157.59098    -1.6785    32.9575    1440.07  0.000e+00
     95.780   71.45516 -157.59098    -1.6786    32.9579    1440.07  0.000e+00
     95.726   71.45516 -157.59098    -1.6788    32.9583    1440.06  0.000e+00
     95.780   71.45516 -157.59098    -1.6789    32.9584    1440.07  0.000e+00
     95.780   71.45516 -157.59098    -1.6792    32.9583    1440.06  0.000e+00
     95.780   71.45516 -157.59098    -1.6790    32.9579    1440.06  0.000e+00
     95.841   71.45516 -157.59098    -1.6795    32.9589    1440.06  0.000e+00
     95.780   71.45516 -157.59098    -1.6800    32.9592    1440.06  0.000e+00
     95.841   71.45516 -157.59098    -1.6801    32.9592    1440.06  0.000e+00
     95.780   71.45516 -157.59098    -1.6805    32.9597    1440.06  0.000e+00
     95.872   71.45516 -157.59098    -1.6812    32.9606    1440.06  0.000e+00
     95.841   71.45516 -157.59098    -1.6816    32.9613    1440.06  0.000e+00
     95.841   71.45516 -157.59098    -1.6821    32.9622    1440.06  0.000e+00
     95.895   71.45516 -157.59098    -1.6823    32.9622    1440.06  0.000e+00
     95.895   71.45516 -157.59098    -1.6824    32.9620    1440.06  0.000e+00
     95.841   71.45516 -157.59098    -1.6819    32.9617    1440.06  0.000e+00
     95.895   71.45516 -157.59098    -1.6819    32.9615    1440.06  0.000e+00
     95.895   71.45516 -157.59098    -1.6816    32.9614    1440.06  0.000e+00
     95.957   71.45516 -157.59098    -1.6815    32.9612    1440.06  0.000e+00
     95.895   71.45516 -157.59098    -1.6814    32.9609    1440.06  0.000e+00
     96.011   71.45516 -157.59098    -1.6814    32.9609    1440.06  0.000e+00
     95.957   71.45516 -157.59098    -1.6812    32.9610    1440.06  0.000e+00
     95.988   71.45516 -157.59098    -1.6813    32.9609    1440.06  0.000e+00
     95.957   71.45516 -157.59098    -1.6812    32.9610    1440.06  0.000e+00
     96.011   71.45516 -157.59098    -1.6814    32.9609    1440.06  0.000e+00
     96.073   71.45516 -157.59098    -1.6815    32.9608    1440.06  0.000e+00
     96.011   71.45516 -157.59098    -1.6821    32.9620    1440.06  0.000e+00
     96.073   71.45516 -157.59098    -1.6821    32.9619    1440.06  0.000e+00
     96.011   71.45516 -157.59098    -1.6827    32.9625    1440.06  0.000e+00
     96.127   71.45516 -157.59098    -1.6831    32.9630    1440.06  0.000e+00
     96.073   71.45516 -157.59100    -1.6831    32.9634    1440.06  0.000e+00
     96.127   71.45516 -157.59100    -1.6835    32.9636    1440.06  0.000e+00
     96.127   71.45516 -157.59100    -1.6838    32.9642    1440.06  0.000e+00
     96.181   71.45516 -157.59100    -1.6840    32.9639    1440.06  0.000e+00
     96.158   71.45516 -157.59100    -1.6839    32.9640    1440.06  0.000e+00
     96.181   71.45516 -157.59100    -1.6841    32.9644    1440.06  0.000e+00
     96.243   71.45516 -157.59100    -1.6842    32.9644    1440.06  0.000e+00
     96.243   71.45516 -157.59100    -1.6842    32.9648    1440.06  0.000e+00
     96.243   71.45516 -157.59100    -1.6844    32.9648    1440.06  0.000e+00
     96.243   71.45516 -157.59100    -1.6845    32.9646    1440.05  0.000e+00
     96.243   71.45516 -157.59100    -1.6844    32.9647    1440.06  0.000e+00
     96.358   71.45516 -157.59100    -1.6847    32.9649    1440.06  0.000e+00
     96.297   71.45516 -157.59100    -1.6845    32.9649    1440.06  0.000e+00
     96.358   71.45516 -157.59100    -1.6847    32.9648    1440.06  0.000e+00
     96.358   71.45516 -157.59100    -1.6844    32.9647    1440.06  0.000e+00
     96.358   71.45516 -157.59100    -1.6847    32.9653    1440.06  0.000e+00
     96.443   71.45516 -157.59100    -1.6845    32.9647    1440.06  0.000e+00
     96.412   71.45516 -157.59100    -1.6847    32.9652    1440.06  0.000e+00
     96.412   71.45516 -157.59100    -1.6844    32.9648    1440.06  0.000e+00
     96.474   71.45516 -157.59100    -1.6844    32.9649    1440.06  0.000e+00
     96.474   71.45516 -157.59100    -1.6845    32.9649    1440.06  0.000e+00
     96.528   71.45516 -157.59100    -1.6844    32.9649    1440.06  0.000e+00
     96.528   71.45516 -157.59100    -1.6840    32.9640    1440.06  0.000e+00
     96.528   71.45516 -157.59100    -1.6831    32.9634    1440.06  0.000e+00
     96.590   71.45516 -157.59100    -1.6830    32.9632    1440.07  0.000e+00
     96.644   71.45516 -157.59100    -1.6826    32.9623    1440.07  0.000e+00
     96.644   71.45516 -157.59100    -1.6824    32.9623    1440.07  0.000e+00
     96.644   71.45516 -157.59100    -1.6818    32.9615    1440.07  0.000e+00
     96.644   71.45516 -157.59100    -1.6816    32.9615    1440.07  0.000e+00
     96.675   71.45516 -157.59100    -1.6816    32.9615    1440.07  0.000e+00
     96.698   71.45516 -157.59100    -1.6821    32.9620    1440.07  0.000e+00
     96.760   71.45516 -157.59100    -1.6827    32.9628    1440.07  0.000e+00
     96.814   71.45516 -157.59100    -1.6831    32.9636    1440.07  0.000e+00
     96.760   71.45516 -157.59100    -1.6840    32.9646    1440.07  0.000e+00
     96.814   71.45516 -157.59100    -1.6844    32.9648    1440.06  0.000e+00
     96.875   71.45516 -157.59100    -1.6847    32.9657    1440.07  0.000e+00
     96.875   71.45516 -157.59100    -1.6848    32.9659    1440.06  0.000e+00
     96.875   71.45516 -157.59100    -1.6853    32.9663    1440.06  0.000e+00
     96.929   71.45516 -157.59100    -1.6853    32.9667    1440.06  0.000e+00
     96.929   71.45516 -157.59100    -1.6856    32.9668    1440.06  0.000e+00
     96.991   71.45516 -157.59100    -1.6856    32.9671    1440.06  0.000e+00
     96.991   71.45516 -157.59100    -1.6859    32.9673    1440.06  0.000e+00
     96.991   71.45516 -157.59100    -1.6859    32.9675    1440.06  0.000e+00
     97.045   71.45516 -157.59100    -1.6860    32.9678    1440.06  0.000e+00
     97.076   71.45516 -157.59100    -1.6862    32.9678    1440.06  0.000e+00
     97.099   71.45516 -157.59100    -1.6860    32.9676    1440.07  0.000e+00
     97.099   71.45516 -157.59100    -1.6864    32.9680    1440.06  0.000e+00
     97.161   71.45516 -157.59100    -1.6864    32.9684    1440.07  0.000e+00
     97.161   71.45516 -157.59100    -1.6865    32.9684    1440.06  0.000e+00
     97.215   71.45516 -157.59100    -1.6865    32.9681    1440.07  0.000e+00
     97.215   71.45516 -157.59100    -1.6865    32.9685    1440.07  0.000e+00
     97.215   71.45516 -157.59100    -1.6865    32.9686    1440.07  0.000e+00
     97.276   71.45516 -157.59100    -1.6865    32.9684    1440.07  0.000e+00
     97.276   71.45516 -157.59100    -1.6867    32.9685    1440.07  0.000e+00
     97.331   71.45516 -157.59100    -1.6867    32.9687    1440.07  0.000e+00
     97.392   71.45516 -157.59100    -1.6867    32.9687    1440.07  0.000e+00
     97.392   71.45516 -157.59100    -1.6867    32.9683    1440.07  0.000e+00
     97.392   71.45516 -157.59100    -1.6867    32.9686    1440.07  0.000e+00
     97.392   71.45516 -157.59100    -1.6867    32.9684    1440.07  0.000e+00
     97.446   71.45516 -157.59100    -1.6867    32.9684    1440.07  0.000e+00
     97.500   71.45516 -157.59100    -1.6867    32.9688    1440.07  0.000e+00
     97.477   71.45516 -157.59100    -1.6867    32.9683    1440.07  0.000e+00
     97.562   71.45516 -157.59100    -1.6867    32.9682    1440.07  0.000e+00
     97.500   71.45516 -157.59100    -1.6868    32.9687    1440.07  0.000e+00
     97.616   71.45516 -157.59100    -1.6867    32.9685    1440.07  0.000e+00
     97.562   71.45516 -157.59100    -1.6867    32.9684    1440.07  0.000e+00
     97.616   71.45516 -157.59100    -1.6867    32.9683    1440.07  0.000e+00
     97.678   71.45516 -157.59100    -1.6868    32.9689    1440.07  0.000e+00
     97.616   71.45516 -157.59100    -1.6871    32.9694    1440.07  0.000e+00
     97.732   71.45516 -157.59100    -1.6873    32.9695    1440.07  0.000e+00
     97.732   71.45516 -157.59100    -1.6871    32.9695    1440.07  0.000e+00
     97.732   71.45516 -157.59100    -1.6871    32.9694    1440.07  0.000e+00
     97.732   71.45516 -157.59100    -1.6870    32.9693    1440.07  0.000e+00
     97.793   71.45516 -157.59100    -1.6871    32.9693    1440.07  0.000e+00
     97.793   71.45516 -157.59100    -1.6871    32.9693    1440.07  0.000e+00
     97.848   71.45516 -157.59100    -1.6873    32.9697    1440.07  0.000e+00
     97.847   71.45516 -157.59100    -1.6871    32.9695    1440.07  0.000e+00
     97.847   71.45516 -157.59100    -1.6871    32.9693    1440.07  0.000e+00
     97.902   71.45516 -157.59100    -1.6873    32.9696    1440.07  0.000e+00
     97.901   71.45516 -157.59100    -1.6875    32.9699    1440.07  0.000e+00
     97.963   71.45516 -157.59100    -1.6873    32.9694    1440.08  0.000e+00
     97.878   71.45516 -157.59100    -1.6873    32.9694    1440.07  0.000e+00
     98.079   71.45516 -157.59100    -1.6873    32.9693    1440.08  0.000e+00
     97.963   71.45516 -157.59100    -1.6874    32.9695    1440.08  0.000e+00
     98.017   71.45516 -157.59100    -1.6873    32.9690    1440.08  0.000e+00
     98.079   71.45516 -157.59100    -1.6871    32.9690    1440.08  0.000e+00
     98.017   71.45516 -157.59100    -1.6873    32.9695    1440.08  0.000e+00
