EcoFOCI/data/1_SampleCollection/2023_SikuliaqDBO_CruiseData/CTD_raw_BottleFile_SKQ23-12S/proc/skq202312s_052.cnv
* Sea-Bird SBE 9 Data File:
* FileName = D:\CTD\SKQ202312S\SKQ202312S_052.hex
* Software Version Seasave V 7.26.7.121
* Temperature SN = 6177
* Conductivity SN = 0369
* Number of Bytes Per Scan = 41
* Number of Voltage Words = 4
* Number of Scans Averaged by the Deck Unit = 1
* NMEA Latitude = 70 49.96 N
* NMEA Longitude = 163 07.13 W
* NMEA UTC (Time) = Sep 26 2023  20:42:12
* NMEA baud rate = 4800
** Ship: R/V Sikuliaq
** Station Number: 052
** Station Name: C1
** Bottom Depth: 45
** Operator: SD
** Moorings site C1
# nquan = 24
# nvalues = 3928                                  
# units = specified
# name 0 = depSM: Depth [salt water, m]
# name 1 = latitude: Latitude [deg]
# name 2 = longitude: Longitude [deg]
# name 3 = prDM: Pressure, Digiquartz [db]
# name 4 = t090C: Temperature [ITS-90, deg C]
# name 5 = t190C: Temperature, 2 [ITS-90, deg C]
# name 6 = potemp090C: Potential Temperature [ITS-90, deg C]
# name 7 = sal00: Salinity, Practical [PSU]
# name 8 = sal11: Salinity, Practical, 2 [PSU]
# name 9 = density00: Density [density, kg/m^3]
# name 10 = sigma-é00: Density [sigma-theta, kg/m^3]
# name 11 = sbox0Mm/Kg: Oxygen, SBE 43 [umol/kg]
# name 12 = sbox1Mm/Kg: Oxygen, SBE 43, 2 [umol/kg]
# name 13 = oxsolMm/Kg: Oxygen Saturation, Garcia & Gordon [umol/kg]
# name 14 = sbeox0PS: Oxygen, SBE 43 [% saturation]
# name 15 = sbeox1PS: Oxygen, SBE 43, 2 [% saturation]
# name 16 = v0: Voltage 0
# name 17 = flECO-AFL: Fluorescence, WET Labs ECO-AFL/FL [mg/m^3]
# name 18 = v1: Voltage 1
# name 19 = CStarAt0: Beam Attenuation, WET Labs C-Star [1/m]
# name 20 = par: PAR/Irradiance, Biospherical/Licor
# name 21 = scan: Scan Count
# name 22 = timeM: Time, Elapsed [minutes]
# name 23 = flag:  0.000e+00
# span 0 =      2.356,     38.957                 
# span 1 =   70.83274,   70.83288                 
# span 2 = -163.11888, -163.11886                 
# span 3 =      2.380,     39.362                 
# span 4 =     4.4581,     7.1671                 
# span 5 =     4.4592,     7.1717                 
# span 6 =     4.4555,     7.1658                 
# span 7 =    28.7142,    31.7641                 
# span 8 =    28.7251,    31.7935                 
# span 9 =  1022.5562,  1025.3360                 
# span 10 =    22.5443,    25.1559                
# span 11 =    233.960,    294.036                
# span 12 =    219.192,    278.130                
# span 13 =  301.09939,  319.06002                
# span 14 =     73.343,     94.388                
# span 15 =     68.721,     89.256                
# span 16 =     0.0781,     0.2247                
# span 17 =     0.1209,     1.0000                
# span 18 =     2.3919,     4.1868                
# span 19 =     0.4730,     2.7132                
# span 20 = 7.5765e-03, 8.5005e+01                
# span 21 =          1,       3928                
# span 22 =     0.0000,     2.7271                
# span 23 = 0.0000e+00, 0.0000e+00                
# interval = seconds: 0.0416667
# start_time = Sep 26 2023 20:44:50 [NMEA time, first data scan]
# bad_flag = -9.990e-29
*END*
[from data line 3261]
     33.913   70.83284 -163.11886     34.265     4.4894     4.4883     4.4871    31.7421    31.7559  1025.3069    25.1472    236.219    221.984  318.82553     74.090     69.631     0.0818     0.1428     2.5470     2.4619 7.7431e-01       3262     2.2646  0.000e+00
     33.844   70.83284 -163.11886     34.195     4.4890     4.4875     4.4867    31.7425    31.7556  1025.3069    25.1475    236.205    221.969  318.82704     74.086     69.625     0.0818     0.1428     2.5458     2.4638 7.6930e-01       3263     2.2653  0.000e+00
     33.859   70.83284 -163.11886     34.210     4.4890     4.4862     4.4867    31.7428    31.7559  1025.3071    25.1477    236.194    221.958  318.82641     74.082     69.619     0.0830     0.1502     2.5458     2.4638 7.6681e-01       3264     2.2660  0.000e+00
     33.913   70.83284 -163.11886     34.265     4.4889     4.4852     4.4866    31.7429    31.7556  1025.3075    25.1478    236.185    221.947  318.82732     74.079     69.614     0.0818     0.1428     2.5458     2.4638 7.6681e-01       3265     2.2667  0.000e+00
     33.844   70.83284 -163.11886     34.195     4.4892     4.4846     4.4868    31.7429    31.7556  1025.3072    25.1478    236.205    221.951  318.82527     74.086     69.614     0.0830     0.1502     2.5458     2.4638 7.6681e-01       3266     2.2674  0.000e+00
     33.913   70.83284 -163.11886     34.265     4.4890     4.4838     4.4867    31.7433    31.7562  1025.3078    25.1481    236.168    221.960  318.82518     74.074     69.616     0.0818     0.1428     2.5458     2.4638 7.6681e-01       3267     2.2681  0.000e+00
     33.859   70.83284 -163.11886     34.210     4.4890     4.4833     4.4867    31.7431    31.7567  1025.3074    25.1480    236.127    221.965  318.82558     74.062     69.617     0.0818     0.1428     2.5458     2.4638 7.6681e-01       3268     2.2687  0.000e+00
     33.906   70.83284 -163.11886     34.257     4.4889     4.4835     4.4866    31.7432    31.7559  1025.3077    25.1481    236.057    221.972  318.82657     74.039     69.619     0.0818     0.1428     2.5470     2.4619 7.6930e-01       3269     2.2694  0.000e+00
     33.859   70.83284 -163.11886     34.210     4.4889     4.4838     4.4866    31.7435    31.7560  1025.3077    25.1483    236.255    221.975  318.82596     74.102     69.620     0.0818     0.1428     2.5470     2.4619 7.7180e-01       3270     2.2701  0.000e+00
     33.906   70.83284 -163.11886     34.257     4.4890     4.4843     4.4867    31.7434    31.7556  1025.3078    25.1482    236.072    221.772  318.82498     74.044     69.558     0.0806     0.1355     2.5470     2.4619 7.7180e-01       3271     2.2708  0.000e+00
     33.913   70.83284 -163.11886     34.265     4.4890     4.4846     4.4867    31.7435    31.7556  1025.3080    25.1483    236.065    221.737  318.82471     74.042     69.547     0.0818     0.1428     2.5470     2.4619 7.7431e-01       3272     2.2715  0.000e+00
     33.859   70.83284 -163.11886     34.210     4.4894     4.4850     4.4871    31.7430    31.7557  1025.3072    25.1478    236.057    221.720  318.82361     74.040     69.543     0.0806     0.1355     2.5470     2.4619 7.7431e-01       3273     2.2722  0.000e+00
     33.906   70.83284 -163.11886     34.257     4.4894     4.4855     4.4871    31.7434    31.7557  1025.3078    25.1482    236.054    221.708  318.82246     74.039     69.540     0.0794     0.1282     2.5482     2.4599 7.7682e-01       3274     2.2729  0.000e+00
     33.859   70.83284 -163.11886     34.210     4.4896     4.4857     4.4873    31.7434    31.7557  1025.3075    25.1481    236.048    221.698  318.82063     74.038     69.537     0.0806     0.1355     2.5470     2.4619 7.6930e-01       3275     2.2736  0.000e+00
     33.913   70.83284 -163.11886     34.265     4.4897     4.4863     4.4874    31.7433    31.7556  1025.3078    25.1481    236.048    221.689  318.82032     74.038     69.535     0.0794     0.1282     2.5470     2.4619 7.6681e-01       3276     2.2743  0.000e+00
     33.844   70.83284 -163.11886     34.195     4.4898     4.4863     4.4875    31.7432    31.7555  1025.3074    25.1480    236.045    221.869  318.81930     74.037     69.591     0.0794     0.1282     2.5470     2.4619 7.6432e-01       3277     2.2750  0.000e+00
     33.913   70.83284 -163.11886     34.265     4.4898     4.4866     4.4875    31.7436    31.7551  1025.3080    25.1483    236.048    221.699  318.81846     74.038     69.538     0.0781     0.1209     2.5470     2.4619 7.6681e-01       3278     2.2757  0.000e+00
     33.906   70.83284 -163.11886     34.257     4.4903     4.4869     4.4880    31.7430    31.7555  1025.3074    25.1478    235.841    221.672  318.81620     73.974     69.531     0.0794     0.1282     2.5482     2.4599 7.6681e-01       3279     2.2764  0.000e+00
     33.859   70.83284 -163.11886     34.210     4.4900     4.4872     4.4877    31.7435    31.7553  1025.3076    25.1482    236.022    221.646  318.81746     74.030     69.523     0.0794     0.1282     2.5482     2.4599 7.6930e-01       3280     2.2771  0.000e+00
     33.913   70.83284 -163.11886     34.265     4.4903     4.4869     4.4880    31.7431    31.7552  1025.3075    25.1478    235.821    221.649  318.81612     73.968     69.523     0.0794     0.1282     2.5470     2.4619 7.6681e-01       3281     2.2778  0.000e+00
     33.844   70.83284 -163.11886     34.195     4.4905     4.4871     4.4882    31.7433    31.7555  1025.3073    25.1480    235.587    221.647  318.81436     73.895     69.523     0.0781     0.1209     2.5482     2.4599 7.6930e-01       3282     2.2785  0.000e+00
     33.913   70.83284 -163.11886     34.265     4.4906     4.4872     4.4883    31.7430    31.7552  1025.3075    25.1478    235.539    221.651  318.81416     73.880     69.524     0.0794     0.1282     2.5470     2.4619 7.6930e-01       3283     2.2792  0.000e+00
     33.913   70.83284 -163.11886     34.265     4.4906     4.4871     4.4883    31.7428    31.7556  1025.3072    25.1475    235.909    221.655  318.81443     73.996     69.526     0.0806     0.1355     2.5482     2.4599 7.6184e-01       3284     2.2799  0.000e+00
     33.844   70.83284 -163.11886     34.195     4.4905     4.4865     4.4882    31.7435    31.7553  1025.3075    25.1481    235.925    221.663  318.81389     74.001     69.527     0.0794     0.1282     2.5470     2.4619 7.4955e-01       3285     2.2806  0.000e+00
     33.859   70.83284 -163.11886     34.210     4.4906     4.4862     4.4883    31.7435    31.7553  1025.3075    25.1481    235.736    221.673  318.81270     73.942     69.530     0.0806     0.1355     2.5470     2.4619 7.4468e-01       3286     2.2813  0.000e+00
     33.960   70.83284 -163.11886     34.312     4.4908     4.4855     4.4885    31.7433    31.7549  1025.3079    25.1480    235.938    221.690  318.81188     74.005     69.534     0.0794     0.1282     2.5482     2.4599 7.4711e-01       3287     2.2819  0.000e+00
     33.859   70.83284 -163.11886     34.210     4.4908     4.4855     4.4885    31.7434    31.7548  1025.3075    25.1480    235.750    221.490  318.81167     73.946     69.471     0.0794     0.1282     2.5470     2.4619 7.5200e-01       3288     2.2826  0.000e+00
     33.859   70.83284 -163.11886     34.210     4.4908     4.4852     4.4885    31.7434    31.7553  1025.3075    25.1480    235.745    221.484  318.81167     73.945     69.468     0.0794     0.1282     2.5495     2.4580 7.5200e-01       3289     2.2833  0.000e+00
     33.906   70.83284 -163.11886     34.257     4.4908     4.4852     4.4885    31.7435    31.7550  1025.3078    25.1481    235.743    221.459  318.81135     73.944     69.461     0.0794     0.1282     2.5507     2.4561 7.5445e-01       3290     2.2840  0.000e+00
     33.913   70.83284 -163.11886     34.265     4.4908     4.4847     4.4885    31.7428    31.7553  1025.3072    25.1475    235.953    221.458  318.81313     74.010     69.460     0.0794     0.1282     2.5507     2.4561 7.5200e-01       3291     2.2847  0.000e+00
     33.859   70.83284 -163.11886     34.210     4.4909     4.4846     4.4886    31.7420    31.7552  1025.3064    25.1469    235.985    221.457  318.81417     74.020     69.459     0.0794     0.1282     2.5507     2.4561 7.5200e-01       3292     2.2854  0.000e+00
     33.844   70.83284 -163.11886     34.195     4.4903     4.4846     4.4880    31.7425    31.7552  1025.3067    25.1473    235.780    221.458  318.81752     73.955     69.459     0.0806     0.1355     2.5507     2.4561 7.5200e-01       3293     2.2861  0.000e+00
     33.913   70.83284 -163.11886     34.265     4.4903     4.4844     4.4880    31.7422    31.7556  1025.3068    25.1471    235.787    221.443  318.81825     73.957     69.455     0.0794     0.1282     2.5507     2.4561 7.5445e-01       3294     2.2868  0.000e+00
     33.844   70.83284 -163.11886     34.195     4.4901     4.4847     4.4878    31.7421    31.7558  1025.3064    25.1471    236.001    221.237  318.81957     74.023     69.391     0.0794     0.1282     2.5507     2.4561 7.5691e-01       3295     2.2875  0.000e+00
     33.859   70.83284 -163.11886     34.210     4.4900     4.4850     4.4877    31.7424    31.7553  1025.3068    25.1473    235.833    221.203  318.82006     73.971     69.380     0.0794     0.1282     2.5507     2.4561 7.5691e-01       3296     2.2882  0.000e+00
     33.913   70.83284 -163.11886     34.265     4.4900     4.4847     4.4877    31.7428    31.7558  1025.3073    25.1476    235.844    221.175  318.81910     73.974     69.371     0.0794     0.1282     2.5507     2.4561 7.5445e-01       3297     2.2889  0.000e+00
     33.844   70.83284 -163.11886     34.195     4.4903     4.4849     4.4880    31.7432    31.7554  1025.3073    25.1479    235.853    221.331  318.81585     73.978     69.420     0.0806     0.1355     2.5507     2.4561 7.5445e-01       3298     2.2896  0.000e+00
     33.859   70.83284 -163.11886     34.210     4.4903     4.4844     4.4880    31.7435    31.7554  1025.3076    25.1482    235.869    221.142  318.81503     73.983     69.360     0.0830     0.1502     2.5507     2.4561 7.5445e-01       3299     2.2903  0.000e+00
     33.913   70.83284 -163.11886     34.265     4.4907     4.4847     4.4884    31.7427    31.7553  1025.3072    25.1475    235.887    221.118  318.81368     73.989     69.353     0.0830     0.1502     2.5507     2.4561 7.5200e-01       3300     2.2910  0.000e+00
     33.844   70.83284 -163.11886     34.195     4.4905     4.4847     4.4882    31.7424    31.7558  1025.3066    25.1473    235.876    221.093  318.81649     73.985     69.346     0.0830     0.1502     2.5507     2.4561 7.5200e-01       3301     2.2917  0.000e+00
     33.859   70.83284 -163.11886     34.210     4.4901     4.4847     4.4878    31.7422    31.7556  1025.3066    25.1471    235.901    221.076  318.81940     73.992     69.340     0.0818     0.1428     2.5507     2.4561 7.5200e-01       3302     2.2924  0.000e+00
     33.913   70.83284 -163.11886     34.265     4.4897     4.4849     4.4874    31.7425    31.7553  1025.3071    25.1474    236.105    221.061  318.82227     74.055     69.335     0.0830     0.1502     2.5507     2.4561 7.5691e-01       3303     2.2931  0.000e+00
     33.844   70.83284 -163.11886     34.195     4.4889     4.4849     4.4866    31.7427    31.7552  1025.3070    25.1476    235.923    220.858  318.82789     73.997     69.272     0.0830     0.1502     2.5507     2.4561 7.6681e-01       3304     2.2938  0.000e+00
     33.859   70.83284 -163.11886     34.210     4.4887     4.4850     4.4864    31.7425    31.7551  1025.3070    25.1475    235.918    221.014  318.82949     73.995     69.321     0.0830     0.1502     2.5507     2.4561 7.6930e-01       3305     2.2944  0.000e+00
     33.960   70.83284 -163.11886     34.312     4.4886     4.4847     4.4863    31.7423    31.7555  1025.3072    25.1473    235.885    221.010  318.83129     73.984     69.319     0.0830     0.1502     2.5507     2.4561 7.6681e-01       3306     2.2951  0.000e+00
     33.859   70.83284 -163.11886     34.210     4.4881     4.4850     4.4858    31.7424    31.7554  1025.3069    25.1475    235.879    220.814  318.83453     73.982     69.258     0.0830     0.1502     2.5507     2.4561 7.6184e-01       3307     2.2958  0.000e+00
     33.859   70.83284 -163.11886     34.210     4.4876     4.4852     4.4853    31.7426    31.7552  1025.3071    25.1477    235.878    220.791  318.83780     73.981     69.251     0.0830     0.1502     2.5507     2.4561 7.5937e-01       3308     2.2965  0.000e+00
     33.906   70.83284 -163.11886     34.257     4.4874     4.4850     4.4851    31.7423    31.7557  1025.3072    25.1475    235.912    220.774  318.84037     73.991     69.246     0.0818     0.1428     2.5482     2.4599 7.5937e-01       3309     2.2972  0.000e+00
     33.913   70.83284 -163.11886     34.265     4.4870     4.4853     4.4847    31.7423    31.7554  1025.3072    25.1475    235.914    220.757  318.84318     73.991     69.241     0.0830     0.1502     2.5446     2.4657 7.5937e-01       3310     2.2979  0.000e+00
     33.913   70.83284 -163.11886     34.265     4.4866     4.4853     4.4843    31.7422    31.7549  1025.3072    25.1475    235.918    220.933  318.84626     73.991     69.296     0.0830     0.1502     2.5446     2.4657 7.5691e-01       3311     2.2986  0.000e+00
     33.906   70.83284 -163.11886     34.257     4.4865     4.4850     4.4842    31.7424    31.7550  1025.3073    25.1476    235.921    220.946  318.84710     73.992     69.299     0.0830     0.1502     2.5446     2.4657 7.5691e-01       3312     2.2993  0.000e+00
     33.913   70.83284 -163.11886     34.265     4.4862     4.4847     4.4839    31.7424    31.7551  1025.3074    25.1477    235.928    220.961  318.84944     73.993     69.304     0.0830     0.1502     2.5446     2.4657 7.5445e-01       3313     2.3000  0.000e+00
     33.844   70.83284 -163.11886     34.195     4.4859     4.4844     4.4836    31.7424    31.7552  1025.3071    25.1477    235.933    220.790  318.85188     73.994     69.250     0.0830     0.1502     2.5446     2.4657 7.5445e-01       3314     2.3007  0.000e+00
     33.913   70.83284 -163.11886     34.265     4.4857     4.4841     4.4834    31.7426    31.7555  1025.3076    25.1479    235.942    220.792  318.85262     73.997     69.250     0.0830     0.1502     2.5446     2.4657 7.5445e-01       3315     2.3014  0.000e+00
     33.913   70.83284 -163.11886     34.265     4.4854     4.4839     4.4831    31.7434    31.7553  1025.3082    25.1485    235.951    220.796  318.85310     74.000     69.251     0.0830     0.1502     2.5446     2.4657 7.5445e-01       3316     2.3021  0.000e+00
     33.906   70.83284 -163.11886     34.257     4.4859     4.4839     4.4835    31.7433    31.7551  1025.3081    25.1484    235.957    220.802  318.84963     74.002     69.253     0.0830     0.1502     2.5446     2.4657 7.5445e-01       3317     2.3028  0.000e+00
     33.913   70.83284 -163.11886     34.265     4.4860     4.4838     4.4837    31.7430    31.7553  1025.3079    25.1482    235.967    220.813  318.84945     74.006     69.256     0.0830     0.1502     2.5446     2.4657 7.5445e-01       3318     2.3035  0.000e+00
     33.913   70.83284 -163.11886     34.265     4.4860     4.4836     4.4837    31.7427    31.7549  1025.3076    25.1479    236.012    220.827  318.84991     74.020     69.260     0.0830     0.1502     2.5446     2.4657 7.5691e-01       3319     2.3042  0.000e+00
     33.960   70.83284 -163.11886     34.312     4.4860     4.4836     4.4837    31.7428    31.7550  1025.3080    25.1480    236.028    220.823  318.84960     74.025     69.259     0.0818     0.1428     2.5446     2.4657 7.6184e-01       3320     2.3049  0.000e+00
