EcoFOCI/data/1_SampleCollection/2023_SikuliaqDBO_CruiseData/CTD_raw_BottleFile_SKQ23-12S/proc/skq202312s_076avg.cnv
* Sea-Bird SBE 9 Data File:
* FileName = D:\CTD\SKQ202312S\SKQ202312S_076.hex
* Software Version Seasave V 7.26.7.121
* Temperature SN = 6177
* Conductivity SN = 0369
* Number of Bytes Per Scan = 41
* Number of Voltage Words = 4
* Number of Scans Averaged by the Deck Unit = 1
* NMEA Latitude = 68 18.13 N
* NMEA Longitude = 166 55.58 W
* NMEA UTC (Time) = Oct 02 2023  08:17:28
* NMEA baud rate = 4800
** Ship: R/V Sikuliaq
** Station Number: 076
** Station Name: DBO3.1
** Bottom Depth: 34
** Operator: SD
# nquan = 25
# nvalues = 28                          
# units = specified
# name 0 = depSM: Depth [salt water, m]
# name 1 = latitude: Latitude [deg]
# name 2 = longitude: Longitude [deg]
# name 3 = prDM: Pressure, Digiquartz [db]
# name 4 = t090C: Temperature [ITS-90, deg C]
# name 5 = t190C: Temperature, 2 [ITS-90, deg C]
# name 6 = potemp090C: Potential Temperature [ITS-90, deg C]
# name 7 = sal00: Salinity, Practical [PSU]
# name 8 = sal11: Salinity, Practical, 2 [PSU]
# name 9 = density00: Density [density, kg/m^3]
# name 10 = sigma-é00: Density [sigma-theta, kg/m^3]
# name 11 = sbox0Mm/Kg: Oxygen, SBE 43 [umol/kg]
# name 12 = sbox1Mm/Kg: Oxygen, SBE 43, 2 [umol/kg]
# name 13 = oxsolMm/Kg: Oxygen Saturation, Garcia & Gordon [umol/kg]
# name 14 = sbeox0PS: Oxygen, SBE 43 [% saturation]
# name 15 = sbeox1PS: Oxygen, SBE 43, 2 [% saturation]
# name 16 = v0: Voltage 0
# name 17 = flECO-AFL: Fluorescence, WET Labs ECO-AFL/FL [mg/m^3]
# name 18 = v1: Voltage 1
# name 19 = CStarAt0: Beam Attenuation, WET Labs C-Star [1/m]
# name 20 = par: PAR/Irradiance, Biospherical/Licor
# name 21 = scan: Scan Count
# name 22 = timeM: Time, Elapsed [minutes]
# name 23 = nbin: number of scans per bin
# name 24 = flag: flag
# span 0 =      2.970,     29.697       
# span 1 =   68.30196,   68.30200       
# span 2 = -166.92529, -166.92419       
# span 3 =      3.000,     30.000       
# span 4 =     4.8277,     8.0114       
# span 5 =     4.8284,     8.0136       
# span 6 =     4.8256,     8.0102       
# span 7 =    25.4295,    31.8217       
# span 8 =    25.4405,    31.8329       
# span 9 =  1019.9869,  1025.3146       
# span 10 =    19.9671,    25.1750      
# span 11 =    241.179,    293.992      
# span 12 =    232.887,    280.064      
# span 13 =  300.54785,  319.92325      
# span 14 =     80.221,     92.077      
# span 15 =     77.476,     87.648      
# span 16 =     0.0762,     0.2564      
# span 17 =     0.1091,     1.1904      
# span 18 =     2.6446,     3.7836      
# span 19 =     0.8782,     2.3120      
# span 20 = 1.0000e-12, 2.2672e-01      
# span 21 =        242,       3831      
# span 22 =     0.1676,     2.6596      
# span 23 =         31,       1363      
# span 24 = 0.0000e+00, 0.0000e+00      
# interval = decibars: 1                
# start_time = Oct 02 2023 08:20:24 [NMEA time, first data scan]
# bad_flag = -9.990e-29
*END*
      2.970   68.30200 -166.92529      3.000     6.3335     6.3316     6.3333    25.4394    25.4473  1019.9869    19.9729    293.860    278.909  319.76029     91.900     87.225     0.2448     1.1207     3.7807     0.8812 2.2672e-01        242     0.1676        210 0.0000e+00
      3.960   68.30200 -166.92520      4.000     6.3268     6.3233     6.3265    25.4337    25.4426  1019.9878    19.9691    293.992    278.649  319.82482     91.923     87.124     0.2500     1.1522     3.7816     0.8804 1.2536e-01        500     0.3464        109 0.0000e+00
      4.950   68.30200 -166.92518      5.000     6.3151     6.3160     6.3147    25.4295    25.4405  1019.9904    19.9671    292.912    279.706  319.92325     91.557     87.438     0.2432     1.1112     3.7836     0.8782 6.7113e-02        542     0.3754         31 0.0000e+00
      5.940   68.30200 -166.92515      6.000     6.3463     6.3512     6.3459    25.4673    25.4790  1020.0215    19.9935    293.274    279.251  319.59832     91.763     87.393     0.2460     1.1279     3.7750     0.8874 1.6742e-02        592     0.4106         72 0.0000e+00
      6.930   68.30200 -166.92514      7.000     6.3535     6.3516     6.3530    25.4718    25.4782  1020.0290    19.9963    293.744    280.064  319.53342     91.929     87.648     0.2564     1.1904     3.7751     0.8872 6.2914e-03        656     0.4550         45 0.0000e+00
      7.920   68.30200 -166.92512      8.000     6.3592     6.3633     6.3586    25.4920    25.4946  1020.0489    20.0116    292.140    279.568  319.44298     91.453     87.527     0.2437     1.1142     3.7705     0.8921 3.0639e-04        695     0.4823         42 0.0000e+00
      8.910   68.30198 -166.92508      9.000     6.4427     6.4611     6.4420    25.6033    25.6335  1020.1320    20.0901    293.314    277.943  318.55280     92.077     87.309     0.2562     1.1890     3.6694     1.0011 1.0000e-12        766     0.5312         88 0.0000e+00
      9.900   68.30198 -166.92506     10.000     6.7214     6.8182     6.7207    26.2568    26.2337  1020.6184    20.5719    287.658    272.991  314.98703     91.323     86.846     0.2455     1.1251     3.6722     0.9979 1.0000e-12        825     0.5721         31 0.0000e+00
     10.889   68.30198 -166.92506     11.000     7.7470     7.7876     7.7460    28.1018    28.0581  1021.9457    21.8950    278.791    263.649  303.46902     91.871     86.933     0.1966     0.8314     3.1697     1.6008 2.1338e-07        856     0.5938         38 0.0000e+00
     11.879   68.30198 -166.92503     12.000     8.0027     8.0136     8.0016    28.4900    28.5126  1022.2212    22.1660    265.491    258.079  300.83353     88.251     85.823     0.1482     0.5409     2.7427     2.1639 8.8973e-07        916     0.6352         69 0.0000e+00
     12.869   68.30198 -166.92499     13.000     8.0108     8.0121     8.0096    28.5519    28.5584  1022.2732    22.2134    241.179    234.102  300.64335     80.221     77.873     0.1307     0.4364     2.6446     2.3120 2.2331e-06        975     0.6762         53 0.0000e+00
     13.859   68.30198 -166.92498     14.000     8.0114     8.0120     8.0102    28.5935    28.6020  1022.3103    22.2460    244.775    233.628  300.54785     81.443     77.740     0.1307     0.4362     2.6474     2.3072 1.8518e-06       1029     0.7140         50 0.0000e+00
     14.849   68.30198 -166.92497     15.000     7.9816     7.9811     7.9803    28.6339    28.6426  1022.3506    22.2817    245.576    233.072  300.66281     81.678     77.523     0.1316     0.4415     2.7113     2.2125 1.3954e-06       1072     0.7440         43 0.0000e+00
     15.839   68.30198 -166.92494     16.000     7.9580     7.9573     7.9565    28.7234    28.7425  1022.4286    22.3550    245.504    232.887  300.62835     81.663     77.476     0.1418     0.5028     2.8671     1.9886 1.3244e-06       1127     0.7818         64 0.0000e+00
     16.829   68.30198 -166.92491     17.000     7.7227     7.6890     7.7212    29.0413    29.0926  1022.7140    22.6358    249.928    235.456  301.54219     82.883     78.053     0.1390     0.4858     3.0464     1.7525 8.2005e-07       1183     0.8212         40 0.0000e+00
     17.819   68.30198 -166.92490     18.000     7.0473     6.9890     7.0458    30.1659    30.2214  1023.6899    23.6070    250.580    238.092  303.74417     82.497     78.311     0.1266     0.4118     3.4443     1.2568 1.6011e-06       1221     0.8471         42 0.0000e+00
     18.809   68.30198 -166.92489     19.000     5.9948     5.9313     5.9933    31.2008    31.2765  1024.6404    24.5525    259.173    243.743  308.87865     83.905     78.841     0.0995     0.2488     3.6083     1.0678 1.7196e-06       1287     0.8933         79 0.0000e+00
     19.799   68.30198 -166.92486     20.000     5.6238     5.6232     5.6223    31.4551    31.4745  1024.8894    24.7967    262.565    243.726  310.99350     84.428     78.380     0.0813     0.1396     3.5367     1.1482 2.5462e-06       1355     0.9400         54 0.0000e+00
     20.789   68.30198 -166.92484     21.000     5.5593     5.5532     5.5577    31.4955    31.5186  1024.9334    24.8360    261.466    245.778  311.37425     83.971     78.935     0.0805     0.1348     3.4860     1.2060 3.4903e-06       1399     0.9706         39 0.0000e+00
     21.778   68.30198 -166.92482     22.000     5.4647     5.4599     5.4631    31.5510    31.5724  1024.9927    24.8907    261.286    248.053  311.94182     83.761     79.523     0.0794     0.1282     3.4283     1.2728 2.2494e-06       1438     0.9976         42 0.0000e+00
     22.768   68.30198 -166.92481     23.000     5.3931     5.3865     5.3914    31.5902    31.6105  1025.0365    24.9298    260.526    247.503  312.37884     83.401     79.231     0.0795     0.1287     3.3806     1.3290 2.3766e-06       1497     1.0391         85 0.0000e+00
     23.758   68.30197 -166.92472     24.000     5.3171     5.3123     5.3154    31.6229    31.6403  1025.0755    24.9641    261.796    248.791  312.86534     83.677     79.521     0.0796     0.1296     3.3548     1.3595 2.8086e-06       1750     1.2146        431 0.0000e+00
     24.748   68.30196 -166.92460     25.000     5.2256     5.2128     5.2238    31.6705    31.6920  1025.1281    25.0121    261.374    248.441  313.43334     83.390     79.253     0.0777     0.1187     3.3502     1.3650 2.9492e-06       2097     1.4558        110 0.0000e+00
     25.738   68.30197 -166.92458     26.000     5.1150     5.1034     5.1131    31.7262    31.7472  1025.1891    25.0683    263.805    250.932  314.12820     83.980     79.873     0.0780     0.1204     3.3181     1.4035 3.1328e-06       2163     1.5017        133 0.0000e+00
     26.728   68.30196 -166.92455     27.000     4.9323     4.9327     4.9304    31.7944    31.8113  1025.2677    25.1422    263.478    251.674  315.33756     83.555     79.822     0.0762     0.1091     3.3044     1.4202 3.3239e-06       2250     1.5619         71 0.0000e+00
     27.717   68.30196 -166.92447     28.000     4.8582     4.8585     4.8562    31.8169    31.8298  1025.2981    25.1679    264.936    252.108  315.84232     83.882     79.829     0.0781     0.1210     3.2793     1.4506 2.9562e-06       2493     1.7304        412 0.0000e+00
     28.707   68.30196 -166.92440     29.000     4.8370     4.8390     4.8349    31.8210    31.8329  1025.3083    25.1734    264.257    251.806  315.99278     83.627     79.698     0.0772     0.1152     3.2716     1.4600 2.6580e-06       2746     1.9063         54 0.0000e+00
     29.697   68.30196 -166.92419     30.000     4.8277     4.8284     4.8256    31.8217    31.8325  1025.3146    25.1750    265.008    251.968  316.06112     83.847     79.729     0.0800     0.1323     3.2557     1.4794 2.9445e-06       3831     2.6596       1363 0.0000e+00
