EcoFOCI/data/1_SampleCollection/2023_SikuliaqDBO_CruiseData/CTD_raw_BottleFile_SKQ23-12S/proc/skq202312s_033svpavg.cnv
* Sea-Bird SBE 9 Data File:
* FileName = D:\CTD\SKQ202312S\SKQ202312S_033.hex
* Software Version Seasave V 7.26.7.121
* Temperature SN = 6177
* Conductivity SN = 0369
* Number of Bytes Per Scan = 41
* Number of Voltage Words = 4
* Number of Scans Averaged by the Deck Unit = 1
* NMEA Latitude = 71 34.65 N
* NMEA Longitude = 157 50.24 W
* NMEA UTC (Time) = Sep 21 2023  14:22:10
* NMEA baud rate = 4800
** Ship: R/V Sikuliaq
** Station Number: 033
** Station Name: DBO5.9
** Bottom Depth: 66
** Operator: SD
# nquan = 7
# nvalues = 58                          
# units = specified
# name 0 = depSM: Depth [salt water, m]
# name 1 = latitude: Latitude [deg]
# name 2 = longitude: Longitude [deg]
# name 3 = t090C: Temperature [ITS-90, deg C]
# name 4 = sal00: Salinity, Practical [PSU]
# name 5 = svCM: Sound Velocity [Chen-Millero, m/s]
# name 6 = flag: flag
# span 0 =      3.000,     60.000       
# span 1 =   71.57744,   71.57752       
# span 2 = -157.83779, -157.83734       
# span 3 =    -1.6335,     2.2346       
# span 4 =    30.0737,    32.9003       
# span 5 =    1439.18,    1452.83       
# span 6 = 0.0000e+00, 0.0000e+00       
# interval = meters: 1                  
# start_time = Sep 21 2023 14:28:00 [NMEA time, first data scan]
# bad_flag = -9.990e-29
*END*
      3.000   71.57744 -157.83779     2.2328    30.0785    1452.72 0.0000e+00
      4.000   71.57746 -157.83777     2.2346    30.0773    1452.74 0.0000e+00
      5.000   71.57746 -157.83774     2.2324    30.0737    1452.74 0.0000e+00
      6.000   71.57746 -157.83772     2.2311    30.0741    1452.76 0.0000e+00
      7.000   71.57746 -157.83772     2.2339    30.0745    1452.78 0.0000e+00
      8.000   71.57747 -157.83770     2.2341    30.0743    1452.80 0.0000e+00
      9.000   71.57746 -157.83768     2.2306    30.0984    1452.83 0.0000e+00
     10.000   71.57746 -157.83768     1.9577    30.5595    1452.24 0.0000e+00
     11.000   71.57746 -157.83766     0.5637    31.3613    1447.02 0.0000e+00
     12.000   71.57746 -157.83764    -0.2188    31.7077    1443.92 0.0000e+00
     13.000   71.57746 -157.83763    -0.5666    31.7632    1442.38 0.0000e+00
     14.000   71.57746 -157.83762    -0.8514    31.8840    1441.22 0.0000e+00
     15.000   71.57748 -157.83762    -0.9309    31.9634    1440.96 0.0000e+00
     16.000   71.57748 -157.83760    -0.9083    32.0651    1441.23 0.0000e+00
     17.000   71.57748 -157.83760    -1.0222    32.1236    1440.78 0.0000e+00
     18.000   71.57748 -157.83758    -1.1206    32.1657    1440.39 0.0000e+00
     19.000   71.57748 -157.83758    -1.1536    32.1967    1440.29 0.0000e+00
     20.000   71.57748 -157.83757    -1.1493    32.2183    1440.35 0.0000e+00
     21.000   71.57750 -157.83756    -1.2123    32.2388    1440.10 0.0000e+00
     22.000   71.57748 -157.83756    -1.2977    32.2577    1439.73 0.0000e+00
     23.000   71.57748 -157.83755    -1.3352    32.2856    1439.61 0.0000e+00
     24.000   71.57750 -157.83754    -1.3636    32.3072    1439.52 0.0000e+00
     25.000   71.57749 -157.83753    -1.3196    32.3390    1439.79 0.0000e+00
     26.000   71.57750 -157.83752    -1.3826    32.3553    1439.53 0.0000e+00
     27.000   71.57750 -157.83751    -1.3092    32.3716    1439.92 0.0000e+00
     28.000   71.57750 -157.83750    -1.3240    32.3778    1439.87 0.0000e+00
     29.000   71.57750 -157.83750    -1.4783    32.3980    1439.18 0.0000e+00
     30.000   71.57750 -157.83750    -1.4794    32.4180    1439.21 0.0000e+00
     31.000   71.57750 -157.83748    -1.4871    32.4347    1439.21 0.0000e+00
     32.000   71.57750 -157.83748    -1.4976    32.4599    1439.22 0.0000e+00
     33.000   71.57750 -157.83748    -1.4866    32.4738    1439.30 0.0000e+00
     34.000   71.57750 -157.83748    -1.4866    32.4816    1439.33 0.0000e+00
     35.000   71.57750 -157.83746    -1.5197    32.4942    1439.21 0.0000e+00
     36.000   71.57750 -157.83746    -1.5178    32.5335    1439.28 0.0000e+00
     37.000   71.57750 -157.83746    -1.5042    32.5411    1439.38 0.0000e+00
     38.000   71.57750 -157.83744    -1.5022    32.5366    1439.40 0.0000e+00
     39.000   71.57750 -157.83744    -1.5090    32.5592    1439.41 0.0000e+00
     40.000   71.57750 -157.83744    -1.5171    32.5682    1439.40 0.0000e+00
     41.000   71.57751 -157.83743    -1.5187    32.5735    1439.42 0.0000e+00
     42.000   71.57752 -157.83742    -1.5254    32.5929    1439.43 0.0000e+00
     43.000   71.57750 -157.83742    -1.5294    32.6068    1439.44 0.0000e+00
     44.000   71.57751 -157.83741    -1.5352    32.6187    1439.45 0.0000e+00
     45.000   71.57752 -157.83740    -1.5416    32.6357    1439.46 0.0000e+00
     46.000   71.57752 -157.83740    -1.5478    32.6493    1439.46 0.0000e+00
     47.000   71.57752 -157.83738    -1.5571    32.6879    1439.49 0.0000e+00
     48.000   71.57752 -157.83738    -1.5551    32.7138    1439.55 0.0000e+00
     49.000   71.57752 -157.83738    -1.5658    32.7286    1439.53 0.0000e+00
     50.000   71.57752 -157.83737    -1.5648    32.7331    1439.56 0.0000e+00
     51.000   71.57752 -157.83738    -1.5683    32.7531    1439.58 0.0000e+00
     52.000   71.57752 -157.83738    -1.5708    32.7734    1439.62 0.0000e+00
     53.000   71.57752 -157.83736    -1.5713    32.8056    1439.68 0.0000e+00
     54.000   71.57752 -157.83736    -1.5901    32.8379    1439.64 0.0000e+00
     55.000   71.57752 -157.83736    -1.6285    32.9003    1439.56 0.0000e+00
     56.000   71.57752 -157.83734    -1.6301    32.8960    1439.56 0.0000e+00
     57.000   71.57752 -157.83736    -1.6317    32.8979    1439.58 0.0000e+00
     58.000   71.57752 -157.83737    -1.6314    32.8975    1439.59 0.0000e+00
     59.000   71.57750 -157.83743    -1.6335    32.8980    1439.60 0.0000e+00
     60.000   71.57750 -157.83752    -1.6314    32.8972    1439.62 0.0000e+00
