EcoFOCI/data/1_SampleCollection/2023_SikuliaqDBO_CruiseData/CTD_raw_BottleFile_SKQ23-12S/proc/skq202312s_027svp.cnv
* Sea-Bird SBE 9 Data File:
* FileName = D:\CTD\SKQ202312S\SKQ202312S_027.hex
* Software Version Seasave V 7.26.7.121
* Temperature SN = 6177
* Conductivity SN = 0369
* Number of Bytes Per Scan = 41
* Number of Voltage Words = 4
* Number of Scans Averaged by the Deck Unit = 1
* NMEA Latitude = 71 19.80 N
* NMEA Longitude = 157 19.91 W
* NMEA UTC (Time) = Sep 21 2023  01:08:33
* NMEA baud rate = 4800
** Ship: R/V Sikuliaq
** Station Number: 027
** Station Name: DBO5.3
** Bottom Depth: 91
** Operator: SD
# nquan = 7
# nvalues = 6715                                  
# units = specified
# name 0 = depSM: Depth [salt water, m]
# name 1 = latitude: Latitude [deg]
# name 2 = longitude: Longitude [deg]
# name 3 = t090C: Temperature [ITS-90, deg C]
# name 4 = sal00: Salinity, Practical [PSU]
# name 5 = svCM: Sound Velocity [Chen-Millero, m/s]
# name 6 = flag:  0.000e+00
# span 0 =      2.076,     85.515                 
# span 1 =   71.32992,   71.33000                 
# span 2 = -157.33170, -157.33124                 
# span 3 =    -1.2074,     4.8666                 
# span 4 =    30.1071,    32.4541                 
# span 5 =    1441.46,    1464.52                 
# span 6 = 0.0000e+00, 0.0000e+00                 
# interval = seconds: 0.0416667
# start_time = Sep 21 2023 01:12:36 [NMEA time, first data scan]
# bad_flag = -9.990e-29
*END*
[from data line 3488]
     47.593   71.32994 -157.33152    -0.3258    32.2773    1444.76  0.000e+00
     47.593   71.32994 -157.33152    -0.3260    32.2773    1444.76  0.000e+00
     47.593   71.32994 -157.33152    -0.3261    32.2773    1444.76  0.000e+00
     47.655   71.32994 -157.33152    -0.3260    32.2769    1444.76  0.000e+00
     47.709   71.32994 -157.33152    -0.3258    32.2769    1444.76  0.000e+00
     47.655   71.32994 -157.33152    -0.3261    32.2769    1444.76  0.000e+00
     47.771   71.32994 -157.33152    -0.3262    32.2769    1444.76  0.000e+00
     47.709   71.32994 -157.33152    -0.3262    32.2770    1444.76  0.000e+00
     47.771   71.32994 -157.33152    -0.3264    32.2773    1444.76  0.000e+00
     47.825   71.32994 -157.33152    -0.3266    32.2770    1444.76  0.000e+00
     47.825   71.32994 -157.33152    -0.3265    32.2769    1444.76  0.000e+00
     47.825   71.32994 -157.33152    -0.3268    32.2769    1444.76  0.000e+00
     47.825   71.32994 -157.33152    -0.3272    32.2770    1444.76  0.000e+00
     47.941   71.32994 -157.33152    -0.3269    32.2768    1444.76  0.000e+00
     47.887   71.32994 -157.33152    -0.3272    32.2768    1444.76  0.000e+00
     47.941   71.32994 -157.33152    -0.3273    32.2769    1444.76  0.000e+00
     47.941   71.32994 -157.33152    -0.3274    32.2775    1444.76  0.000e+00
     47.941   71.32994 -157.33152    -0.3275    32.2771    1444.76  0.000e+00
     47.941   71.32994 -157.33152    -0.3272    32.2768    1444.76  0.000e+00
     47.995   71.32994 -157.33152    -0.3274    32.2775    1444.76  0.000e+00
     47.995   71.32994 -157.33152    -0.3271    32.2770    1444.76  0.000e+00
     48.049   71.32994 -157.33152    -0.3272    32.2771    1444.76  0.000e+00
     48.056   71.32994 -157.33152    -0.3268    32.2770    1444.76  0.000e+00
     48.056   71.32994 -157.33152    -0.3268    32.2768    1444.76  0.000e+00
     48.056   71.32994 -157.33152    -0.3268    32.2765    1444.76  0.000e+00
     48.056   71.32994 -157.33152    -0.3268    32.2770    1444.76  0.000e+00
     48.110   71.32994 -157.33152    -0.3268    32.2770    1444.77  0.000e+00
     48.110   71.32994 -157.33152    -0.3267    32.2768    1444.77  0.000e+00
     48.110   71.32994 -157.33152    -0.3266    32.2765    1444.77  0.000e+00
     48.110   71.32994 -157.33152    -0.3266    32.2762    1444.77  0.000e+00
     48.110   71.32994 -157.33152    -0.3268    32.2765    1444.76  0.000e+00
     48.164   71.32994 -157.33152    -0.3267    32.2765    1444.77  0.000e+00
     48.172   71.32994 -157.33152    -0.3266    32.2764    1444.77  0.000e+00
     48.172   71.32994 -157.33152    -0.3266    32.2764    1444.77  0.000e+00
     48.172   71.32994 -157.33152    -0.3267    32.2760    1444.77  0.000e+00
     48.172   71.32994 -157.33152    -0.3268    32.2760    1444.77  0.000e+00
     48.226   71.32994 -157.33152    -0.3269    32.2763    1444.77  0.000e+00
     48.172   71.32994 -157.33152    -0.3268    32.2766    1444.77  0.000e+00
     48.226   71.32994 -157.33152    -0.3268    32.2768    1444.77  0.000e+00
     48.226   71.32994 -157.33152    -0.3269    32.2767    1444.77  0.000e+00
     48.172   71.32994 -157.33152    -0.3267    32.2767    1444.77  0.000e+00
     48.164   71.32994 -157.33152    -0.3265    32.2763    1444.77  0.000e+00
     48.288   71.32994 -157.33152    -0.3262    32.2761    1444.77  0.000e+00
     48.288   71.32994 -157.33152    -0.3264    32.2764    1444.77  0.000e+00
     48.226   71.32994 -157.33152    -0.3263    32.2764    1444.77  0.000e+00
     48.226   71.32994 -157.33152    -0.3260    32.2764    1444.77  0.000e+00
     48.288   71.32994 -157.33152    -0.3255    32.2763    1444.77  0.000e+00
     48.288   71.32994 -157.33152    -0.3255    32.2760    1444.77  0.000e+00
     48.226   71.32994 -157.33152    -0.3253    32.2762    1444.77  0.000e+00
     48.288   71.32994 -157.33152    -0.3248    32.2758    1444.78  0.000e+00
     48.288   71.32994 -157.33152    -0.3250    32.2762    1444.78  0.000e+00
     48.288   71.32994 -157.33152    -0.3249    32.2760    1444.78  0.000e+00
     48.280   71.32994 -157.33152    -0.3248    32.2762    1444.78  0.000e+00
     48.342   71.32994 -157.33152    -0.3244    32.2761    1444.78  0.000e+00
     48.288   71.32994 -157.33152    -0.3245    32.2765    1444.78  0.000e+00
     48.342   71.32994 -157.33152    -0.3242    32.2767    1444.78  0.000e+00
     48.288   71.32994 -157.33152    -0.3242    32.2765    1444.78  0.000e+00
     48.342   71.32994 -157.33152    -0.3248    32.2760    1444.78  0.000e+00
     48.342   71.32994 -157.33152    -0.3251    32.2755    1444.77  0.000e+00
     48.342   71.32994 -157.33152    -0.3253    32.2755    1444.77  0.000e+00
     48.342   71.32994 -157.33152    -0.3253    32.2756    1444.77  0.000e+00
     48.342   71.32994 -157.33152    -0.3254    32.2756    1444.77  0.000e+00
     48.396   71.32994 -157.33152    -0.3255    32.2757    1444.77  0.000e+00
     48.396   71.32994 -157.33152    -0.3256    32.2753    1444.77  0.000e+00
     48.396   71.32994 -157.33152    -0.3260    32.2760    1444.77  0.000e+00
     48.396   71.32994 -157.33152    -0.3258    32.2760    1444.77  0.000e+00
     48.396   71.32994 -157.33152    -0.3258    32.2757    1444.77  0.000e+00
     48.457   71.32994 -157.33152    -0.3260    32.2754    1444.77  0.000e+00
     48.396   71.32994 -157.33152    -0.3257    32.2748    1444.77  0.000e+00
     48.457   71.32994 -157.33152    -0.3258    32.2748    1444.77  0.000e+00
     48.457   71.32994 -157.33152    -0.3262    32.2752    1444.77  0.000e+00
     48.457   71.32994 -157.33152    -0.3263    32.2751    1444.77  0.000e+00
     48.511   71.32994 -157.33152    -0.3266    32.2755    1444.77  0.000e+00
     48.511   71.32994 -157.33152    -0.3265    32.2752    1444.77  0.000e+00
     48.511   71.32994 -157.33152    -0.3266    32.2751    1444.77  0.000e+00
     48.511   71.32994 -157.33152    -0.3270    32.2752    1444.77  0.000e+00
     48.573   71.32994 -157.33152    -0.3271    32.2761    1444.77  0.000e+00
     48.573   71.32994 -157.33152    -0.3269    32.2756    1444.77  0.000e+00
     48.573   71.32994 -157.33152    -0.3271    32.2755    1444.77  0.000e+00
     48.627   71.32994 -157.33152    -0.3272    32.2756    1444.77  0.000e+00
     48.573   71.32994 -157.33152    -0.3274    32.2759    1444.77  0.000e+00
     48.627   71.32994 -157.33152    -0.3272    32.2758    1444.77  0.000e+00
     48.689   71.32994 -157.33152    -0.3272    32.2756    1444.77  0.000e+00
     48.627   71.32994 -157.33152    -0.3272    32.2754    1444.77  0.000e+00
     48.689   71.32994 -157.33152    -0.3271    32.2755    1444.77  0.000e+00
     48.743   71.32994 -157.33152    -0.3272    32.2756    1444.77  0.000e+00
     48.743   71.32994 -157.33152    -0.3272    32.2753    1444.77  0.000e+00
     48.689   71.32994 -157.33152    -0.3271    32.2752    1444.77  0.000e+00
     48.797   71.32994 -157.33152    -0.3272    32.2756    1444.77  0.000e+00
     48.797   71.32994 -157.33152    -0.3272    32.2758    1444.77  0.000e+00
     48.797   71.32994 -157.33152    -0.3271    32.2759    1444.77  0.000e+00
     48.797   71.32994 -157.33152    -0.3272    32.2758    1444.77  0.000e+00
     48.859   71.32994 -157.33152    -0.3271    32.2756    1444.77  0.000e+00
     48.913   71.32994 -157.33152    -0.3271    32.2754    1444.77  0.000e+00
     48.859   71.32994 -157.33152    -0.3271    32.2751    1444.77  0.000e+00
     48.974   71.32994 -157.33152    -0.3270    32.2751    1444.78  0.000e+00
     48.913   71.32994 -157.33152    -0.3272    32.2757    1444.77  0.000e+00
     49.028   71.32994 -157.33152    -0.3271    32.2755    1444.78  0.000e+00
     48.974   71.32994 -157.33152    -0.3268    32.2751    1444.78  0.000e+00
     48.974   71.32994 -157.33152    -0.3271    32.2757    1444.78  0.000e+00
     49.028   71.32994 -157.33152    -0.3268    32.2751    1444.78  0.000e+00
     49.090   71.32994 -157.33152    -0.3268    32.2754    1444.78  0.000e+00
     49.090   71.32994 -157.33152    -0.3268    32.2757    1444.78  0.000e+00
     49.144   71.32994 -157.33152    -0.3266    32.2749    1444.78  0.000e+00
     49.090   71.32994 -157.33152    -0.3266    32.2748    1444.78  0.000e+00
     49.198   71.32994 -157.33152    -0.3266    32.2753    1444.78  0.000e+00
     49.144   71.32994 -157.33152    -0.3266    32.2758    1444.78  0.000e+00
     49.198   71.32994 -157.33152    -0.3262    32.2747    1444.78  0.000e+00
     49.260   71.32994 -157.33152    -0.3266    32.2751    1444.78  0.000e+00
     49.260   71.32994 -157.33152    -0.3265    32.2752    1444.78  0.000e+00
     49.314   71.32994 -157.33152    -0.3266    32.2751    1444.78  0.000e+00
     49.260   71.32994 -157.33152    -0.3265    32.2750    1444.78  0.000e+00
     49.376   71.32994 -157.33152    -0.3266    32.2749    1444.78  0.000e+00
     49.314   71.32994 -157.33150    -0.3263    32.2750    1444.78  0.000e+00
     49.376   71.32994 -157.33150    -0.3266    32.2751    1444.78  0.000e+00
     49.430   71.32994 -157.33150    -0.3265    32.2749    1444.79  0.000e+00
     49.430   71.32994 -157.33150    -0.3265    32.2745    1444.79  0.000e+00
     49.430   71.32994 -157.33150    -0.3264    32.2747    1444.79  0.000e+00
     49.491   71.32994 -157.33150    -0.3265    32.2749    1444.79  0.000e+00
     49.491   71.32994 -157.33150    -0.3266    32.2753    1444.79  0.000e+00
     49.545   71.32994 -157.33150    -0.3266    32.2750    1444.79  0.000e+00
     49.545   71.32994 -157.33150    -0.3265    32.2748    1444.79  0.000e+00
     49.545   71.32994 -157.33150    -0.3263    32.2745    1444.79  0.000e+00
     49.599   71.32994 -157.33150    -0.3262    32.2745    1444.79  0.000e+00
     49.599   71.32994 -157.33150    -0.3266    32.2750    1444.79  0.000e+00
     49.661   71.32994 -157.33150    -0.3266    32.2749    1444.79  0.000e+00
     49.661   71.32994 -157.33150    -0.3264    32.2749    1444.79  0.000e+00
     49.661   71.32994 -157.33150    -0.3265    32.2746    1444.79  0.000e+00
     49.715   71.32994 -157.33150    -0.3263    32.2741    1444.79  0.000e+00
     49.715   71.32994 -157.33150    -0.3266    32.2745    1444.79  0.000e+00
     49.777   71.32994 -157.33150    -0.3266    32.2745    1444.79  0.000e+00
     49.777   71.32994 -157.33150    -0.3266    32.2746    1444.79  0.000e+00
     49.777   71.32994 -157.33150    -0.3266    32.2748    1444.79  0.000e+00
     49.831   71.32994 -157.33150    -0.3267    32.2749    1444.79  0.000e+00
     49.831   71.32994 -157.33150    -0.3265    32.2744    1444.79  0.000e+00
     49.892   71.32994 -157.33150    -0.3268    32.2749    1444.79  0.000e+00
     49.892   71.32994 -157.33150    -0.3266    32.2748    1444.79  0.000e+00
     49.892   71.32994 -157.33150    -0.3266    32.2744    1444.79  0.000e+00
     49.946   71.32994 -157.33150    -0.3268    32.2748    1444.79  0.000e+00
     49.946   71.32994 -157.33150    -0.3268    32.2748    1444.79  0.000e+00
     49.946   71.32994 -157.33150    -0.3268    32.2751    1444.79  0.000e+00
     50.000   71.32994 -157.33150    -0.3268    32.2750    1444.79  0.000e+00
     50.000   71.32994 -157.33150    -0.3270    32.2752    1444.79  0.000e+00
     50.062   71.32994 -157.33150    -0.3268    32.2749    1444.79  0.000e+00
     50.062   71.32994 -157.33150    -0.3269    32.2746    1444.79  0.000e+00
     50.000   71.32994 -157.33150    -0.3268    32.2742    1444.79  0.000e+00
     50.116   71.32994 -157.33150    -0.3268    32.2740    1444.79  0.000e+00
     50.116   71.32994 -157.33150    -0.3271    32.2745    1444.79  0.000e+00
     50.116   71.32994 -157.33150    -0.3274    32.2745    1444.79  0.000e+00
     50.178   71.32994 -157.33150    -0.3275    32.2744    1444.79  0.000e+00
     50.116   71.32994 -157.33150    -0.3277    32.2749    1444.79  0.000e+00
     50.178   71.32994 -157.33150    -0.3277    32.2743    1444.79  0.000e+00
     50.232   71.32994 -157.33150    -0.3279    32.2745    1444.79  0.000e+00
     50.232   71.32994 -157.33150    -0.3280    32.2744    1444.79  0.000e+00
     50.232   71.32994 -157.33150    -0.3277    32.2744    1444.79  0.000e+00
     50.232   71.32994 -157.33150    -0.3279    32.2751    1444.79  0.000e+00
     50.294   71.32994 -157.33150    -0.3277    32.2744    1444.79  0.000e+00
     50.294   71.32994 -157.33150    -0.3275    32.2743    1444.79  0.000e+00
     50.348   71.32994 -157.33150    -0.3278    32.2749    1444.79  0.000e+00
     50.348   71.32994 -157.33150    -0.3277    32.2746    1444.79  0.000e+00
     50.348   71.32994 -157.33150    -0.3279    32.2747    1444.79  0.000e+00
     50.348   71.32994 -157.33150    -0.3279    32.2750    1444.79  0.000e+00
     50.402   71.32994 -157.33150    -0.3275    32.2742    1444.80  0.000e+00
     50.402   71.32994 -157.33150    -0.3279    32.2746    1444.79  0.000e+00
     50.463   71.32994 -157.33150    -0.3276    32.2746    1444.80  0.000e+00
     50.463   71.32994 -157.33150    -0.3279    32.2750    1444.80  0.000e+00
     50.463   71.32994 -157.33150    -0.3277    32.2743    1444.80  0.000e+00
     50.463   71.32994 -157.33150    -0.3279    32.2748    1444.80  0.000e+00
     50.517   71.32994 -157.33150    -0.3275    32.2738    1444.80  0.000e+00
     50.517   71.32994 -157.33150    -0.3279    32.2747    1444.80  0.000e+00
     50.579   71.32994 -157.33150    -0.3277    32.2747    1444.80  0.000e+00
     50.517   71.32994 -157.33150    -0.3278    32.2746    1444.80  0.000e+00
     50.633   71.32994 -157.33150    -0.3277    32.2746    1444.80  0.000e+00
     50.579   71.32994 -157.33150    -0.3277    32.2742    1444.80  0.000e+00
     50.633   71.32994 -157.33150    -0.3279    32.2745    1444.80  0.000e+00
     50.633   71.32994 -157.33150    -0.3279    32.2750    1444.80  0.000e+00
     50.695   71.32994 -157.33150    -0.3279    32.2747    1444.80  0.000e+00
     50.695   71.32994 -157.33150    -0.3279    32.2746    1444.80  0.000e+00
     50.695   71.32994 -157.33150    -0.3275    32.2742    1444.80  0.000e+00
     50.749   71.32994 -157.33150    -0.3277    32.2743    1444.80  0.000e+00
     50.749   71.32994 -157.33150    -0.3275    32.2741    1444.80  0.000e+00
     50.803   71.32994 -157.33150    -0.3277    32.2740    1444.80  0.000e+00
     50.803   71.32994 -157.33150    -0.3277    32.2737    1444.80  0.000e+00
     50.803   71.32994 -157.33150    -0.3279    32.2739    1444.80  0.000e+00
     50.803   71.32994 -157.33150    -0.3281    32.2742    1444.80  0.000e+00
     50.864   71.32994 -157.33150    -0.3283    32.2739    1444.80  0.000e+00
     50.918   71.32994 -157.33150    -0.3284    32.2742    1444.80  0.000e+00
     50.918   71.32994 -157.33150    -0.3283    32.2745    1444.80  0.000e+00
     50.918   71.32994 -157.33150    -0.3285    32.2743    1444.80  0.000e+00
     50.980   71.32994 -157.33150    -0.3283    32.2742    1444.80  0.000e+00
     50.980   71.32994 -157.33150    -0.3284    32.2744    1444.80  0.000e+00
     51.034   71.32994 -157.33150    -0.3285    32.2744    1444.80  0.000e+00
     51.034   71.32994 -157.33150    -0.3285    32.2744    1444.80  0.000e+00
     51.034   71.32994 -157.33150    -0.3287    32.2746    1444.80  0.000e+00
     51.096   71.32994 -157.33150    -0.3285    32.2748    1444.80  0.000e+00
     51.096   71.32994 -157.33150    -0.3285    32.2736    1444.80  0.000e+00
     51.150   71.32994 -157.33150    -0.3285    32.2741    1444.80  0.000e+00
     51.150   71.32994 -157.33150    -0.3286    32.2740    1444.80  0.000e+00
     51.204   71.32994 -157.33150    -0.3286    32.2741    1444.80  0.000e+00
     51.204   71.32994 -157.33150    -0.3285    32.2743    1444.80  0.000e+00
     51.266   71.32994 -157.33150    -0.3283    32.2739    1444.81  0.000e+00
     51.266   71.32994 -157.33150    -0.3286    32.2745    1444.81  0.000e+00
     51.266   71.32994 -157.33150    -0.3284    32.2739    1444.81  0.000e+00
     51.320   71.32994 -157.33150    -0.3285    32.2741    1444.81  0.000e+00
