EcoFOCI/data/1_SampleCollection/2023_SikuliaqDBO_CruiseData/CTD_raw_BottleFile_SKQ23-12S/proc/skq202312s_014.cnv
* Sea-Bird SBE 9 Data File:
* FileName = D:\CTD\SKQ202312S\SKQ202312S_014.hex
* Software Version Seasave V 7.26.7.121
* Temperature SN = 6177
* Conductivity SN = 0369
* Number of Bytes Per Scan = 41
* Number of Voltage Words = 4
* Number of Scans Averaged by the Deck Unit = 1
* NMEA Latitude = 64 40.15 N
* NMEA Longitude = 169 55.22 W
* NMEA UTC (Time) = Sep 17 2023  08:29:33
* NMEA baud rate = 4800
** Ship: R/V Sikuliaq
** Station Number: 014
** Station Name: DBO2.1
** Bottom Depth: 47
** Operator: SS
# nquan = 24
# nvalues = 6248                                  
# units = specified
# name 0 = depSM: Depth [salt water, m]
# name 1 = latitude: Latitude [deg]
# name 2 = longitude: Longitude [deg]
# name 3 = prDM: Pressure, Digiquartz [db]
# name 4 = t090C: Temperature [ITS-90, deg C]
# name 5 = t190C: Temperature, 2 [ITS-90, deg C]
# name 6 = potemp090C: Potential Temperature [ITS-90, deg C]
# name 7 = sal00: Salinity, Practical [PSU]
# name 8 = sal11: Salinity, Practical, 2 [PSU]
# name 9 = density00: Density [density, kg/m^3]
# name 10 = sigma-é00: Density [sigma-theta, kg/m^3]
# name 11 = sbox0Mm/Kg: Oxygen, SBE 43 [umol/kg]
# name 12 = sbox1Mm/Kg: Oxygen, SBE 43, 2 [umol/kg]
# name 13 = oxsolMm/Kg: Oxygen Saturation, Garcia & Gordon [umol/kg]
# name 14 = sbeox0PS: Oxygen, SBE 43 [% saturation]
# name 15 = sbeox1PS: Oxygen, SBE 43, 2 [% saturation]
# name 16 = v0: Voltage 0
# name 17 = flECO-AFL: Fluorescence, WET Labs ECO-AFL/FL [mg/m^3]
# name 18 = v1: Voltage 1
# name 19 = CStarAt0: Beam Attenuation, WET Labs C-Star [1/m]
# name 20 = par: PAR/Irradiance, Biospherical/Licor
# name 21 = scan: Scan Count
# name 22 = timeM: Time, Elapsed [minutes]
# name 23 = flag:  0.000e+00
# span 0 =      1.589,     41.088                 
# span 1 =   64.66922,   64.66926                 
# span 2 = -169.92028, -169.92020                 
# span 3 =      1.605,     41.498                 
# span 4 =     2.2405,     2.8691                 
# span 5 =     2.2414,     2.8701                 
# span 6 =     2.2404,     2.8680                 
# span 7 =    32.5535,    33.0245                 
# span 8 =    32.5026,    33.0333                 
# span 9 =  1026.0000,  1026.5178                 
# span 10 =    25.9883,    26.3240                
# span 11 =    225.340,    299.157                
# span 12 =    212.933,    286.292                
# span 13 =  328.51818,  334.83536                
# span 14 =     68.503,     89.354                
# span 15 =     64.748,     85.518                
# span 16 =     0.2271,     0.6496                
# span 17 =     1.0146,     3.5494                
# span 18 =     3.5470,     3.8327                
# span 19 =     0.8266,     1.1366                
# span 20 = 1.0000e-12, 7.3263e-01                
# span 21 =          1,       6248                
# span 22 =     0.0000,     4.3382                
# span 23 = 0.0000e+00, 0.0000e+00                
# interval = seconds: 0.0416667
# start_time = Sep 17 2023 08:33:36 [NMEA time, first data scan]
# bad_flag = -9.990e-29
*END*
[from data line 5133]
     40.467   64.66924 -169.92022     40.870     2.8158     2.8170     2.8136    33.0211    33.0306  1026.5135    26.3216    226.410    215.511  328.92630     68.833     65.526     0.2711     1.2784     3.5995     1.0778 1.0000e-12       5134     3.5646  0.000e+00
     40.513   64.66924 -169.92022     40.917     2.8158     2.8172     2.8135    33.0210    33.0306  1026.5136    26.3215    226.413    215.502  328.92707     68.834     65.524     0.2698     1.2710     3.5983     1.0791 1.0000e-12       5135     3.5653  0.000e+00
     40.521   64.66924 -169.92022     40.925     2.8158     2.8172     2.8135    33.0210    33.0306  1026.5136    26.3215    226.415    215.492  328.92718     68.834     65.520     0.2711     1.2784     3.5849     1.0941 1.0000e-12       5136     3.5660  0.000e+00
     40.521   64.66924 -169.92022     40.925     2.8161     2.8172     2.8138    33.0208    33.0306  1026.5135    26.3214    226.415    215.480  328.92488     68.835     65.517     0.2698     1.2710     3.5788     1.1009 1.0000e-12       5137     3.5667  0.000e+00
     40.521   64.66924 -169.92022     40.925     2.8158     2.8172     2.8135    33.0210    33.0307  1026.5137    26.3215    226.418    215.468  328.92708     68.835     65.513     0.2711     1.2784     3.5788     1.1009 1.0000e-12       5138     3.5674  0.000e+00
     40.575   64.66924 -169.92022     40.979     2.8158     2.8172     2.8135    33.0212    33.0308  1026.5141    26.3217    226.421    215.456  328.92655     68.836     65.510     0.2698     1.2710     3.5788     1.1009 1.0000e-12       5139     3.5681  0.000e+00
     40.521   64.66924 -169.92022     40.925     2.8156     2.8173     2.8133    33.0212    33.0306  1026.5138    26.3217    226.422    215.439  328.92788     68.836     65.505     0.2711     1.2784     3.5788     1.1009 1.0000e-12       5140     3.5688  0.000e+00
     40.582   64.66924 -169.92022     40.987     2.8158     2.8170     2.8135    33.0209    33.0308  1026.5139    26.3215    226.425    215.427  328.92727     68.837     65.501     0.2845     1.3590     3.5788     1.1009 1.0000e-12       5141     3.5694  0.000e+00
     40.582   64.66924 -169.92022     40.987     2.8158     2.8172     2.8135    33.0207    33.0308  1026.5137    26.3213    226.426    215.214  328.92788     68.838     65.436     0.2906     1.3956     3.5788     1.1009 1.0000e-12       5142     3.5701  0.000e+00
     40.575   64.66924 -169.92022     40.979     2.8158     2.8170     2.8135    33.0207    33.0308  1026.5136    26.3212    226.428    215.371  328.92797     68.838     65.484     0.2930     1.4102     3.5788     1.1009 1.0000e-12       5143     3.5708  0.000e+00
     40.582   64.66924 -169.92022     40.987     2.8158     2.8170     2.8135    33.0209    33.0305  1026.5138    26.3214    226.429    215.354  328.92747     68.839     65.479     0.2906     1.3956     3.5788     1.1009 1.0000e-12       5144     3.5715  0.000e+00
     40.582   64.66924 -169.92022     40.987     2.8158     2.8169     2.8135    33.0205    33.0310  1026.5135    26.3211    226.213    215.336  328.92838     68.773     65.473     0.2918     1.4029     3.5788     1.1009 1.0000e-12       5145     3.5722  0.000e+00
     40.582   64.66924 -169.92022     40.987     2.8158     2.8172     2.8135    33.0209    33.0307  1026.5138    26.3214    226.398    215.316  328.92747     68.829     65.467     0.2906     1.3956     3.5800     1.0996 1.0000e-12       5146     3.5729  0.000e+00
     40.636   64.66924 -169.92022     41.042     2.8156     2.8172     2.8133    33.0211    33.0309  1026.5143    26.3216    226.403    215.321  328.92824     68.831     65.469     0.2918     1.4029     3.5788     1.1009 1.0000e-12       5147     3.5736  0.000e+00
     40.629   64.66924 -169.92022     41.034     2.8156     2.8169     2.8133    33.0211    33.0311  1026.5142    26.3216    226.369    215.326  328.92823     68.820     65.470     0.2906     1.3956     3.5788     1.1009 1.0000e-12       5148     3.5743  0.000e+00
     40.582   64.66924 -169.92022     40.987     2.8156     2.8172     2.8133    33.0213    33.0307  1026.5142    26.3218    226.369    215.304  328.92766     68.820     65.463     0.2918     1.4029     3.5788     1.1009 1.0000e-12       5149     3.5750  0.000e+00
     40.636   64.66924 -169.92022     41.042     2.8158     2.8169     2.8135    33.0207    33.0306  1026.5140    26.3213    226.372    215.286  328.92775     68.821     65.458     0.2918     1.4029     3.5800     1.0996 1.0000e-12       5150     3.5757  0.000e+00
     40.636   64.66924 -169.92022     41.042     2.8158     2.8169     2.8135    33.0208    33.0307  1026.5141    26.3214    226.373    215.483  328.92754     68.822     65.518     0.2906     1.3956     3.5800     1.0996 1.0000e-12       5151     3.5764  0.000e+00
     40.629   64.66924 -169.92022     41.034     2.8160     2.8167     2.8136    33.0206    33.0310  1026.5138    26.3212    226.374    215.508  328.92684     68.822     65.525     0.2918     1.4029     3.5788     1.1009 1.0000e-12       5152     3.5771  0.000e+00
     40.636   64.66924 -169.92022     41.042     2.8156     2.8169     2.8133    33.0210    33.0306  1026.5142    26.3215    226.377    215.530  328.92844     68.823     65.532     0.2918     1.4029     3.5788     1.1009 1.0000e-12       5153     3.5778  0.000e+00
     40.690   64.66924 -169.92022     41.096     2.8158     2.8169     2.8135    33.0211    33.0307  1026.5145    26.3216    226.379    215.554  328.92691     68.823     65.539     0.2918     1.4029     3.5788     1.1009 1.0000e-12       5154     3.5785  0.000e+00
     40.636   64.66924 -169.92022     41.042     2.8156     2.8167     2.8133    33.0211    33.0310  1026.5143    26.3216    226.417    215.574  328.92814     68.835     65.545     0.2906     1.3956     3.5788     1.1009 1.0000e-12       5155     3.5792  0.000e+00
     40.683   64.66924 -169.92022     41.089     2.8156     2.8169     2.8133    33.0210    33.0305  1026.5145    26.3216    226.421    215.595  328.92830     68.836     65.551     0.2918     1.4029     3.5922     1.0859 1.0000e-12       5156     3.5799  0.000e+00
     40.690   64.66924 -169.92022     41.096     2.8156     2.8169     2.8133    33.0210    33.0308  1026.5145    26.3216    226.424    215.614  328.92831     68.837     65.557     0.2906     1.3956     3.5995     1.0778 1.0000e-12       5157     3.5806  0.000e+00
     40.690   64.66924 -169.92022     41.096     2.8156     2.8167     2.8133    33.0210    33.0308  1026.5145    26.3216    226.209    215.633  328.92831     68.771     65.563     0.2918     1.4029     3.6007     1.0764 1.0000e-12       5158     3.5812  0.000e+00
     40.690   64.66924 -169.92022     41.096     2.8156     2.8167     2.8133    33.0213    33.0309  1026.5147    26.3218    226.396    215.455  328.92760     68.828     65.509     0.2930     1.4102     3.5995     1.0778 1.0000e-12       5159     3.5819  0.000e+00
     40.683   64.66924 -169.92022     41.089     2.8160     2.8167     2.8136    33.0204    33.0308  1026.5139    26.3210    226.399    215.449  328.92732     68.830     65.507     0.2906     1.3956     3.5995     1.0778 1.0000e-12       5160     3.5826  0.000e+00
     40.752   64.66924 -169.92022     41.159     2.8155     2.8164     2.8132    33.0210    33.0310  1026.5148    26.3215    226.189    215.447  328.92970     68.765     65.506     0.2918     1.4029     3.5995     1.0778 1.0000e-12       5161     3.5833  0.000e+00
     40.690   64.66924 -169.92022     41.096     2.8153     2.8167     2.8130    33.0211    33.0309  1026.5146    26.3217    226.596    215.633  328.93072     68.889     65.563     0.2918     1.4029     3.5995     1.0778 1.0000e-12       5162     3.5840  0.000e+00
     40.752   64.66924 -169.92022     41.159     2.8155     2.8166     2.8132    33.0209    33.0308  1026.5147    26.3215    226.419    215.652  328.93000     68.835     65.568     0.2918     1.4029     3.5995     1.0778 1.0000e-12       5163     3.5847  0.000e+00
     40.752   64.66924 -169.92022     41.159     2.8156     2.8167     2.8133    33.0209    33.0309  1026.5147    26.3215    226.422    215.666  328.92860     68.836     65.573     0.2906     1.3956     3.5995     1.0778 1.0000e-12       5164     3.5854  0.000e+00
     40.744   64.66924 -169.92022     41.151     2.8151     2.8166     2.8128    33.0209    33.0308  1026.5147    26.3215    226.429    215.486  328.93260     68.838     65.518     0.2918     1.4029     3.5995     1.0778 1.0000e-12       5165     3.5861  0.000e+00
     40.752   64.66924 -169.92022     41.159     2.8155     2.8166     2.8132    33.0212    33.0308  1026.5149    26.3217    226.213    215.454  328.92929     68.772     65.508     0.2894     1.3883     3.5995     1.0778 1.0000e-12       5166     3.5868  0.000e+00
     40.752   64.66924 -169.92022     41.159     2.8153     2.8166     2.8130    33.0210    33.0306  1026.5148    26.3215    226.185    215.444  328.93110     68.763     65.505     0.2894     1.3883     3.5995     1.0778 1.0000e-12       5167     3.5875  0.000e+00
     40.806   64.66924 -169.92022     41.213     2.8153     2.8166     2.8130    33.0209    33.0306  1026.5150    26.3215    226.377    215.436  328.93118     68.822     65.503     0.2894     1.3883     3.5995     1.0778 1.0000e-12       5168     3.5882  0.000e+00
     40.744   64.66924 -169.92022     41.151     2.8153     2.8166     2.8130    33.0213    33.0308  1026.5150    26.3218    226.345    215.425  328.93038     68.812     65.499     0.2894     1.3883     3.5995     1.0778 1.0000e-12       5169     3.5889  0.000e+00
     40.806   64.66924 -169.92022     41.213     2.8151     2.8167     2.8128    33.0210    33.0306  1026.5151    26.3216    226.354    215.612  328.93228     68.815     65.556     0.2894     1.3883     3.5995     1.0778 1.0000e-12       5170     3.5896  0.000e+00
     40.806   64.66924 -169.92022     41.213     2.8151     2.8166     2.8128    33.0211    33.0310  1026.5152    26.3217    226.141    215.429  328.93207     68.750     65.501     0.2882     1.3809     3.5995     1.0778 1.0000e-12       5171     3.5903  0.000e+00
     40.752   64.66924 -169.92022     41.159     2.8155     2.8168     2.8132    33.0207    33.0306  1026.5146    26.3213    226.329    215.416  328.93041     68.807     65.497     0.2894     1.3883     3.5995     1.0778 1.0000e-12       5172     3.5910  0.000e+00
     40.798   64.66924 -169.92022     41.205     2.8152     2.8167     2.8129    33.0211    33.0306  1026.5151    26.3216    226.339    215.407  328.93177     68.810     65.494     0.2882     1.3809     3.5995     1.0778 1.0000e-12       5173     3.5917  0.000e+00
     40.806   64.66924 -169.92022     41.213     2.8153     2.8169     2.8130    33.0208    33.0306  1026.5149    26.3214    226.346    215.396  328.93158     68.812     65.491     0.2894     1.3883     3.5995     1.0778 1.0000e-12       5174     3.5924  0.000e+00
     40.806   64.66924 -169.92022     41.213     2.8153     2.8169     2.8130    33.0212    33.0305  1026.5152    26.3217    226.134    215.386  328.93067     68.748     65.488     0.2882     1.3809     3.5995     1.0778 1.0000e-12       5175     3.5931  0.000e+00
     40.806   64.66924 -169.92022     41.213     2.8153     2.8169     2.8130    33.0211    33.0307  1026.5151    26.3216    226.326    215.375  328.93087     68.807     65.485     0.2882     1.3809     3.6081     1.0683 1.0000e-12       5176     3.5938  0.000e+00
     40.806   64.66924 -169.92022     41.213     2.8153     2.8169     2.8130    33.0210    33.0307  1026.5151    26.3216    226.335    215.364  328.93097     68.809     65.481     0.2906     1.3956     3.6154     1.0602 1.0000e-12       5177     3.5944  0.000e+00
     40.798   64.66924 -169.92022     41.205     2.8153     2.8169     2.8130    33.0210    33.0303  1026.5150    26.3216    226.344    215.354  328.93096     68.812     65.478     0.2894     1.3883     3.6178     1.0575 1.0000e-12       5178     3.5951  0.000e+00
     40.806   64.66924 -169.92022     41.213     2.8155     2.8166     2.8132    33.0211    33.0307  1026.5151    26.3216    226.352    215.345  328.92947     68.815     65.475     0.2894     1.3883     3.6166     1.0588 1.0000e-12       5179     3.5958  0.000e+00
     40.806   64.66924 -169.92022     41.213     2.8153     2.8167     2.8130    33.0209    33.0308  1026.5150    26.3215    226.143    215.334  328.93128     68.751     65.472     0.2882     1.3809     3.6166     1.0588 1.0000e-12       5180     3.5965  0.000e+00
     40.806   64.66924 -169.92022     41.213     2.8156     2.8169     2.8133    33.0208    33.0305  1026.5149    26.3214    226.335    215.323  328.92888     68.810     65.469     0.2894     1.3883     3.6166     1.0588 1.0000e-12       5181     3.5972  0.000e+00
     40.860   64.66924 -169.92022     41.268     2.8153     2.8167     2.8130    33.0208    33.0308  1026.5152    26.3214    226.130    215.314  328.93145     68.747     65.466     0.2882     1.3809     3.6166     1.0588 1.0000e-12       5182     3.5979  0.000e+00
     40.806   64.66924 -169.92022     41.213     2.8156     2.8167     2.8133    33.0206    33.0306  1026.5147    26.3212    226.322    215.302  328.92938     68.806     65.462     0.2894     1.3883     3.6166     1.0588 1.0000e-12       5183     3.5986  0.000e+00
     40.806   64.66924 -169.92022     41.213     2.8155     2.8167     2.8132    33.0211    33.0306  1026.5151    26.3216    226.334    215.292  328.92957     68.809     65.459     0.2882     1.3809     3.6166     1.0588 1.0000e-12       5184     3.5993  0.000e+00
     40.806   64.66924 -169.92022     41.213     2.8156     2.8165     2.8133    33.0210    33.0309  1026.5150    26.3215    226.345    215.282  328.92837     68.813     65.456     0.2894     1.3883     3.6166     1.0588 1.0000e-12       5185     3.6000  0.000e+00
     40.798   64.66924 -169.92022     41.205     2.8155     2.8166     2.8132    33.0209    33.0307  1026.5150    26.3215    226.358    215.271  328.92986     68.816     65.453     0.2894     1.3883     3.6166     1.0588 1.0000e-12       5186     3.6007  0.000e+00
     40.868   64.66924 -169.92022     41.276     2.8156     2.8166     2.8133    33.0209    33.0307  1026.5152    26.3214    226.152    215.067  328.92876     68.754     65.391     0.2882     1.3809     3.6166     1.0588 1.0000e-12       5187     3.6014  0.000e+00
     40.806   64.66924 -169.92022     41.213     2.8156     2.8166     2.8133    33.0205    33.0306  1026.5147    26.3212    226.129    215.229  328.92959     68.747     65.440     0.2894     1.3883     3.6166     1.0588 1.0000e-12       5188     3.6021  0.000e+00
     40.806   64.66924 -169.92022     41.213     2.8156     2.8166     2.8133    33.0206    33.0306  1026.5147    26.3212    226.327    215.219  328.92938     68.807     65.437     0.2882     1.3809     3.6166     1.0588 1.0000e-12       5189     3.6028  0.000e+00
     40.806   64.66924 -169.92022     41.213     2.8155     2.8166     2.8132    33.0206    33.0310  1026.5147    26.3212    226.342    215.013  328.93069     68.812     65.374     0.2894     1.3883     3.6166     1.0588 1.0000e-12       5190     3.6035  0.000e+00
     40.798   64.66924 -169.92022     41.205     2.8158     2.8166     2.8135    33.0207    33.0303  1026.5147    26.3212    226.355    214.959  328.92797     68.816     65.357     0.2882     1.3809     3.6166     1.0588 1.0000e-12       5191     3.6042  0.000e+00
     40.806   64.66924 -169.92022     41.213     2.8155     2.8167     2.8132    33.0210    33.0297  1026.5150    26.3215    226.371    214.927  328.92977     68.821     65.348     0.2869     1.3736     3.6166     1.0588 1.0000e-12       5192     3.6049  0.000e+00
