EcoFOCI/data/1_SampleCollection/2023_SikuliaqDBO_CruiseData/CTD_raw_BottleFile_SKQ23-12S/proc/skq202312s_083svp.cnv
* Sea-Bird SBE 9 Data File:
* FileName = D:\CTD\SKQ202312S\SKQ202312S_083.hex
* Software Version Seasave V 7.26.7.121
* Temperature SN = 6177
* Conductivity SN = 0369
* Number of Bytes Per Scan = 41
* Number of Voltage Words = 4
* Number of Scans Averaged by the Deck Unit = 1
* NMEA Latitude = 65 38.84 N
* NMEA Longitude = 168 16.47 W
* NMEA UTC (Time) = Oct 03 2023  11:08:11
* NMEA baud rate = 4800
** Ship: R/V Sikuliaq
** Station Number: 083
** Station Name: BS2
** Bottom Depth: 45
** Operator: SD
# nquan = 7
# nvalues = 2989                                  
# units = specified
# name 0 = depSM: Depth [salt water, m]
# name 1 = latitude: Latitude [deg]
# name 2 = longitude: Longitude [deg]
# name 3 = t090C: Temperature [ITS-90, deg C]
# name 4 = sal00: Salinity, Practical [PSU]
# name 5 = svCM: Sound Velocity [Chen-Millero, m/s]
# name 6 = flag:  0.000e+00
# span 0 =      2.442,     40.356                 
# span 1 =   65.64734,   65.64734                 
# span 2 = -168.27482, -168.27476                 
# span 3 =     2.9949,     6.6692                 
# span 4 =    28.0364,    32.7355                 
# span 5 =    1460.02,    1473.30                 
# span 6 = 0.0000e+00, 0.0000e+00                 
# interval = seconds: 0.0416667
# start_time = Oct 03 2023 11:11:32 [NMEA time, first data scan]
# bad_flag = -9.990e-29
*END*
[from data line 2667]
     37.655   65.64734 -168.27478     2.9990    32.7246    1460.07  0.000e+00
     37.670   65.64734 -168.27478     2.9990    32.7251    1460.07  0.000e+00
     37.724   65.64734 -168.27478     2.9990    32.7253    1460.07  0.000e+00
     37.655   65.64734 -168.27478     2.9988    32.7251    1460.07  0.000e+00
     37.670   65.64734 -168.27478     2.9988    32.7251    1460.07  0.000e+00
     37.670   65.64734 -168.27478     2.9988    32.7252    1460.07  0.000e+00
     37.724   65.64734 -168.27478     2.9990    32.7247    1460.07  0.000e+00
     37.717   65.64734 -168.27478     2.9990    32.7248    1460.07  0.000e+00
     37.670   65.64734 -168.27478     2.9987    32.7253    1460.07  0.000e+00
     37.724   65.64734 -168.27478     2.9988    32.7251    1460.07  0.000e+00
     37.716   65.64734 -168.27478     2.9988    32.7250    1460.07  0.000e+00
     37.724   65.64734 -168.27478     2.9990    32.7247    1460.07  0.000e+00
     37.724   65.64734 -168.27478     2.9987    32.7252    1460.07  0.000e+00
     37.716   65.64734 -168.27478     2.9987    32.7252    1460.07  0.000e+00
     37.724   65.64734 -168.27478     2.9988    32.7253    1460.07  0.000e+00
     37.786   65.64734 -168.27478     2.9986    32.7255    1460.07  0.000e+00
     37.716   65.64734 -168.27478     2.9988    32.7254    1460.07  0.000e+00
     37.786   65.64734 -168.27478     2.9986    32.7253    1460.07  0.000e+00
     37.724   65.64734 -168.27478     2.9987    32.7251    1460.07  0.000e+00
     37.770   65.64734 -168.27478     2.9986    32.7253    1460.07  0.000e+00
     37.786   65.64734 -168.27478     2.9983    32.7255    1460.07  0.000e+00
     37.724   65.64734 -168.27478     2.9987    32.7253    1460.07  0.000e+00
     37.786   65.64734 -168.27478     2.9985    32.7254    1460.07  0.000e+00
     37.770   65.64734 -168.27478     2.9987    32.7253    1460.07  0.000e+00
     37.786   65.64734 -168.27478     2.9985    32.7253    1460.07  0.000e+00
     37.786   65.64734 -168.27478     2.9987    32.7250    1460.07  0.000e+00
     37.770   65.64734 -168.27478     2.9988    32.7248    1460.07  0.000e+00
     37.785   65.64734 -168.27478     2.9987    32.7251    1460.07  0.000e+00
     37.839   65.64734 -168.27478     2.9987    32.7250    1460.07  0.000e+00
     37.832   65.64734 -168.27478     2.9987    32.7250    1460.07  0.000e+00
     37.785   65.64734 -168.27478     2.9986    32.7251    1460.07  0.000e+00
     37.785   65.64734 -168.27478     2.9987    32.7249    1460.07  0.000e+00
     37.832   65.64734 -168.27478     2.9987    32.7251    1460.07  0.000e+00
     37.839   65.64734 -168.27478     2.9988    32.7251    1460.07  0.000e+00
     37.839   65.64734 -168.27478     2.9986    32.7252    1460.07  0.000e+00
     37.785   65.64734 -168.27478     2.9987    32.7252    1460.07  0.000e+00
     37.886   65.64734 -168.27478     2.9987    32.7252    1460.07  0.000e+00
     37.839   65.64734 -168.27478     2.9990    32.7248    1460.07  0.000e+00
     37.839   65.64734 -168.27478     2.9988    32.7248    1460.07  0.000e+00
     37.886   65.64734 -168.27478     2.9991    32.7247    1460.07  0.000e+00
     37.839   65.64734 -168.27478     2.9990    32.7249    1460.07  0.000e+00
     37.893   65.64734 -168.27478     2.9991    32.7242    1460.07  0.000e+00
     37.885   65.64734 -168.27478     2.9991    32.7245    1460.07  0.000e+00
     37.839   65.64734 -168.27478     2.9988    32.7246    1460.07  0.000e+00
     37.893   65.64734 -168.27478     2.9991    32.7245    1460.07  0.000e+00
     37.947   65.64734 -168.27478     2.9990    32.7246    1460.07  0.000e+00
     37.893   65.64734 -168.27478     2.9993    32.7245    1460.07  0.000e+00
     37.893   65.64734 -168.27478     2.9993    32.7241    1460.07  0.000e+00
     37.955   65.64734 -168.27478     2.9991    32.7245    1460.07  0.000e+00
     37.947   65.64734 -168.27478     2.9990    32.7248    1460.07  0.000e+00
     37.893   65.64734 -168.27478     2.9991    32.7247    1460.07  0.000e+00
     38.009   65.64734 -168.27478     2.9990    32.7247    1460.07  0.000e+00
     37.947   65.64734 -168.27478     2.9988    32.7248    1460.07  0.000e+00
     37.955   65.64734 -168.27478     2.9991    32.7246    1460.07  0.000e+00
     38.009   65.64734 -168.27478     2.9988    32.7254    1460.07  0.000e+00
     37.947   65.64734 -168.27478     2.9990    32.7253    1460.07  0.000e+00
     38.009   65.64734 -168.27478     2.9990    32.7256    1460.08  0.000e+00
     38.009   65.64734 -168.27478     2.9987    32.7256    1460.07  0.000e+00
     38.055   65.64734 -168.27478     2.9988    32.7254    1460.08  0.000e+00
     38.009   65.64734 -168.27478     2.9987    32.7259    1460.07  0.000e+00
     38.009   65.64734 -168.27478     2.9986    32.7259    1460.07  0.000e+00
     38.070   65.64734 -168.27478     2.9985    32.7261    1460.07  0.000e+00
     38.055   65.64734 -168.27478     2.9987    32.7259    1460.08  0.000e+00
     38.124   65.64734 -168.27478     2.9985    32.7261    1460.08  0.000e+00
     38.070   65.64734 -168.27478     2.9984    32.7263    1460.07  0.000e+00
     38.117   65.64734 -168.27478     2.9987    32.7259    1460.08  0.000e+00
     38.124   65.64734 -168.27478     2.9984    32.7264    1460.08  0.000e+00
     38.124   65.64734 -168.27478     2.9982    32.7268    1460.08  0.000e+00
     38.116   65.64734 -168.27478     2.9984    32.7265    1460.08  0.000e+00
     38.178   65.64734 -168.27478     2.9983    32.7264    1460.08  0.000e+00
     38.178   65.64734 -168.27478     2.9984    32.7267    1460.08  0.000e+00
     38.178   65.64734 -168.27478     2.9982    32.7272    1460.08  0.000e+00
     38.170   65.64734 -168.27478     2.9981    32.7267    1460.08  0.000e+00
     38.240   65.64734 -168.27478     2.9982    32.7268    1460.08  0.000e+00
     38.178   65.64734 -168.27478     2.9979    32.7268    1460.08  0.000e+00
     38.232   65.64734 -168.27478     2.9977    32.7271    1460.08  0.000e+00
     38.294   65.64734 -168.27478     2.9979    32.7273    1460.08  0.000e+00
     38.240   65.64734 -168.27478     2.9979    32.7270    1460.08  0.000e+00
     38.286   65.64734 -168.27478     2.9979    32.7271    1460.08  0.000e+00
     38.294   65.64734 -168.27478     2.9979    32.7271    1460.08  0.000e+00
     38.355   65.64734 -168.27478     2.9979    32.7271    1460.08  0.000e+00
     38.294   65.64734 -168.27478     2.9979    32.7270    1460.08  0.000e+00
     38.348   65.64734 -168.27478     2.9979    32.7269    1460.08  0.000e+00
     38.355   65.64734 -168.27478     2.9979    32.7270    1460.08  0.000e+00
     38.409   65.64734 -168.27478     2.9976    32.7274    1460.08  0.000e+00
     38.402   65.64734 -168.27478     2.9977    32.7273    1460.08  0.000e+00
     38.409   65.64734 -168.27478     2.9979    32.7268    1460.08  0.000e+00
     38.409   65.64734 -168.27478     2.9979    32.7275    1460.08  0.000e+00
     38.456   65.64734 -168.27478     2.9979    32.7268    1460.08  0.000e+00
     38.409   65.64734 -168.27478     2.9977    32.7270    1460.08  0.000e+00
     38.471   65.64734 -168.27478     2.9976    32.7275    1460.08  0.000e+00
     38.525   65.64734 -168.27478     2.9977    32.7273    1460.08  0.000e+00
     38.455   65.64734 -168.27478     2.9977    32.7269    1460.08  0.000e+00
     38.525   65.64734 -168.27478     2.9976    32.7270    1460.08  0.000e+00
     38.579   65.64734 -168.27478     2.9974    32.7276    1460.08  0.000e+00
     38.517   65.64734 -168.27478     2.9977    32.7273    1460.08  0.000e+00
     38.579   65.64734 -168.27478     2.9976    32.7274    1460.08  0.000e+00
     38.579   65.64734 -168.27478     2.9976    32.7273    1460.08  0.000e+00
     38.579   65.64734 -168.27478     2.9976    32.7271    1460.08  0.000e+00
     38.633   65.64734 -168.27478     2.9974    32.7274    1460.08  0.000e+00
     38.640   65.64734 -168.27478     2.9977    32.7273    1460.08  0.000e+00
     38.694   65.64734 -168.27478     2.9976    32.7276    1460.08  0.000e+00
     38.633   65.64734 -168.27478     2.9976    32.7272    1460.08  0.000e+00
     38.640   65.64734 -168.27478     2.9974    32.7274    1460.08  0.000e+00
     38.756   65.64734 -168.27478     2.9976    32.7272    1460.08  0.000e+00
     38.687   65.64734 -168.27478     2.9977    32.7271    1460.08  0.000e+00
     38.694   65.64734 -168.27478     2.9976    32.7273    1460.08  0.000e+00
     38.756   65.64734 -168.27478     2.9976    32.7272    1460.08  0.000e+00
     38.756   65.64734 -168.27478     2.9976    32.7271    1460.08  0.000e+00
     38.748   65.64734 -168.27478     2.9974    32.7274    1460.08  0.000e+00
     38.810   65.64734 -168.27478     2.9976    32.7273    1460.08  0.000e+00
     38.756   65.64734 -168.27478     2.9974    32.7273    1460.08  0.000e+00
     38.802   65.64734 -168.27478     2.9974    32.7274    1460.08  0.000e+00
     38.872   65.64734 -168.27478     2.9974    32.7274    1460.09  0.000e+00
     38.810   65.64734 -168.27478     2.9976    32.7267    1460.08  0.000e+00
     38.872   65.64734 -168.27478     2.9976    32.7270    1460.09  0.000e+00
     38.856   65.64734 -168.27478     2.9973    32.7273    1460.08  0.000e+00
     38.872   65.64734 -168.27478     2.9976    32.7274    1460.09  0.000e+00
     38.872   65.64734 -168.27478     2.9976    32.7274    1460.09  0.000e+00
     38.918   65.64734 -168.27478     2.9974    32.7274    1460.09  0.000e+00
     38.872   65.64734 -168.27478     2.9974    32.7274    1460.09  0.000e+00
     38.872   65.64734 -168.27478     2.9974    32.7273    1460.09  0.000e+00
     38.980   65.64734 -168.27478     2.9976    32.7271    1460.09  0.000e+00
     38.918   65.64734 -168.27478     2.9973    32.7277    1460.09  0.000e+00
     38.925   65.64734 -168.27478     2.9976    32.7275    1460.09  0.000e+00
     38.979   65.64734 -168.27478     2.9976    32.7269    1460.09  0.000e+00
     38.972   65.64734 -168.27478     2.9973    32.7272    1460.09  0.000e+00
     38.979   65.64734 -168.27478     2.9974    32.7271    1460.09  0.000e+00
     38.979   65.64734 -168.27478     2.9976    32.7274    1460.09  0.000e+00
     38.979   65.64734 -168.27478     2.9973    32.7278    1460.09  0.000e+00
     39.033   65.64734 -168.27478     2.9974    32.7274    1460.09  0.000e+00
     39.041   65.64734 -168.27478     2.9971    32.7272    1460.09  0.000e+00
     38.979   65.64734 -168.27478     2.9973    32.7273    1460.09  0.000e+00
     39.087   65.64734 -168.27478     2.9973    32.7274    1460.09  0.000e+00
     38.979   65.64734 -168.27478     2.9973    32.7277    1460.09  0.000e+00
     39.095   65.64734 -168.27478     2.9973    32.7274    1460.09  0.000e+00
     39.041   65.64734 -168.27478     2.9969    32.7278    1460.09  0.000e+00
     39.087   65.64734 -168.27478     2.9973    32.7272    1460.09  0.000e+00
     39.041   65.64734 -168.27478     2.9971    32.7278    1460.09  0.000e+00
     39.095   65.64734 -168.27478     2.9969    32.7277    1460.09  0.000e+00
     39.095   65.64734 -168.27478     2.9969    32.7275    1460.09  0.000e+00
     39.087   65.64734 -168.27478     2.9973    32.7276    1460.09  0.000e+00
     39.157   65.64734 -168.27478     2.9971    32.7275    1460.09  0.000e+00
     39.095   65.64734 -168.27478     2.9969    32.7279    1460.09  0.000e+00
     39.149   65.64734 -168.27478     2.9971    32.7279    1460.09  0.000e+00
     39.095   65.64734 -168.27478     2.9969    32.7283    1460.09  0.000e+00
     39.156   65.64734 -168.27478     2.9969    32.7278    1460.09  0.000e+00
     39.156   65.64734 -168.27478     2.9969    32.7270    1460.09  0.000e+00
     39.149   65.64734 -168.27478     2.9969    32.7273    1460.09  0.000e+00
     39.156   65.64734 -168.27478     2.9969    32.7276    1460.09  0.000e+00
     39.210   65.64734 -168.27478     2.9968    32.7278    1460.09  0.000e+00
     39.149   65.64734 -168.27478     2.9971    32.7276    1460.09  0.000e+00
     39.156   65.64734 -168.27478     2.9971    32.7273    1460.09  0.000e+00
     39.210   65.64734 -168.27478     2.9969    32.7277    1460.09  0.000e+00
     39.210   65.64734 -168.27478     2.9969    32.7275    1460.09  0.000e+00
     39.203   65.64734 -168.27478     2.9969    32.7278    1460.09  0.000e+00
     39.156   65.64734 -168.27478     2.9969    32.7281    1460.09  0.000e+00
     39.272   65.64734 -168.27478     2.9969    32.7280    1460.09  0.000e+00
     39.203   65.64734 -168.27478     2.9969    32.7275    1460.09  0.000e+00
     39.210   65.64734 -168.27478     2.9971    32.7273    1460.09  0.000e+00
     39.210   65.64734 -168.27478     2.9969    32.7277    1460.09  0.000e+00
     39.272   65.64734 -168.27478     2.9969    32.7277    1460.09  0.000e+00
     39.256   65.64734 -168.27478     2.9966    32.7282    1460.09  0.000e+00
     39.210   65.64734 -168.27478     2.9966    32.7280    1460.09  0.000e+00
     39.272   65.64734 -168.27478     2.9966    32.7282    1460.09  0.000e+00
     39.272   65.64734 -168.27478     2.9965    32.7279    1460.09  0.000e+00
     39.256   65.64734 -168.27478     2.9965    32.7281    1460.09  0.000e+00
     39.272   65.64734 -168.27478     2.9964    32.7281    1460.09  0.000e+00
     39.272   65.64734 -168.27478     2.9965    32.7283    1460.09  0.000e+00
     39.318   65.64734 -168.27478     2.9960    32.7289    1460.09  0.000e+00
     39.272   65.64734 -168.27478     2.9961    32.7284    1460.09  0.000e+00
     39.272   65.64734 -168.27478     2.9960    32.7286    1460.09  0.000e+00
     39.326   65.64734 -168.27478     2.9960    32.7288    1460.09  0.000e+00
     39.318   65.64734 -168.27478     2.9962    32.7284    1460.09  0.000e+00
     39.272   65.64734 -168.27478     2.9961    32.7284    1460.09  0.000e+00
     39.380   65.64734 -168.27478     2.9959    32.7287    1460.09  0.000e+00
     39.318   65.64734 -168.27478     2.9959    32.7283    1460.09  0.000e+00
     39.272   65.64734 -168.27478     2.9958    32.7284    1460.09  0.000e+00
     39.380   65.64734 -168.27478     2.9959    32.7286    1460.09  0.000e+00
     39.326   65.64734 -168.27478     2.9958    32.7288    1460.09  0.000e+00
     39.372   65.64734 -168.27478     2.9959    32.7287    1460.09  0.000e+00
     39.325   65.64734 -168.27478     2.9960    32.7283    1460.09  0.000e+00
     39.379   65.64734 -168.27478     2.9959    32.7286    1460.09  0.000e+00
     39.379   65.64734 -168.27478     2.9957    32.7287    1460.09  0.000e+00
     39.372   65.64734 -168.27478     2.9959    32.7285    1460.09  0.000e+00
     39.379   65.64734 -168.27478     2.9958    32.7287    1460.09  0.000e+00
     39.379   65.64734 -168.27478     2.9959    32.7287    1460.09  0.000e+00
     39.433   65.64734 -168.27478     2.9958    32.7287    1460.09  0.000e+00
     39.379   65.64734 -168.27478     2.9960    32.7287    1460.09  0.000e+00
     39.441   65.64734 -168.27478     2.9957    32.7291    1460.09  0.000e+00
     39.379   65.64734 -168.27478     2.9959    32.7287    1460.09  0.000e+00
     39.433   65.64734 -168.27478     2.9960    32.7284    1460.09  0.000e+00
     39.441   65.64734 -168.27478     2.9960    32.7287    1460.09  0.000e+00
     39.441   65.64734 -168.27478     2.9958    32.7286    1460.09  0.000e+00
     39.371   65.64734 -168.27478     2.9959    32.7286    1460.09  0.000e+00
     39.557   65.64734 -168.27478     2.9958    32.7288    1460.09  0.000e+00
     39.441   65.64734 -168.27478     2.9957    32.7289    1460.09  0.000e+00
     39.495   65.64734 -168.27478     2.9955    32.7290    1460.09  0.000e+00
     39.487   65.64734 -168.27478     2.9957    32.7287    1460.09  0.000e+00
     39.441   65.64734 -168.27478     2.9956    32.7290    1460.09  0.000e+00
     39.495   65.64734 -168.27478     2.9955    32.7290    1460.09  0.000e+00
     39.557   65.64734 -168.27478     2.9957    32.7288    1460.09  0.000e+00
     39.487   65.64734 -168.27478     2.9957    32.7287    1460.09  0.000e+00
     39.556   65.64734 -168.27478     2.9956    32.7291    1460.09  0.000e+00
