EcoFOCI/data/1_SampleCollection/2023_SikuliaqDBO_CruiseData/CTD_raw_BottleFile_SKQ23-12S/proc/skq202312s_042svp.cnv
* Sea-Bird SBE 9 Data File:
* FileName = D:\CTD\SKQ202312S\SKQ202312S_042.hex
* Software Version Seasave V 7.26.7.121
* Temperature SN = 6177
* Conductivity SN = 0369
* Number of Bytes Per Scan = 41
* Number of Voltage Words = 4
* Number of Scans Averaged by the Deck Unit = 1
* NMEA Latitude = 71 27.22 N
* NMEA Longitude = 161 02.26 W
* NMEA UTC (Time) = Sep 24 2023  04:51:21
* NMEA baud rate = 4800
** Ship: R/V Sikuliaq
** Station Number: 042
** Station Name: DBO4.3n
** Bottom Depth: 47
** Operator: SD
# nquan = 7
# nvalues = 5011                                  
# units = specified
# name 0 = depSM: Depth [salt water, m]
# name 1 = latitude: Latitude [deg]
# name 2 = longitude: Longitude [deg]
# name 3 = t090C: Temperature [ITS-90, deg C]
# name 4 = sal00: Salinity, Practical [PSU]
# name 5 = svCM: Sound Velocity [Chen-Millero, m/s]
# name 6 = flag:  0.000e+00
# span 0 =      2.349,     41.855                 
# span 1 =   71.45354,   71.45358                 
# span 2 = -161.03786, -161.03778                 
# span 3 =    -1.6139,     2.1756                 
# span 4 =    27.2189,    32.6070                 
# span 5 =    1438.84,    1449.16                 
# span 6 = 0.0000e+00, 0.0000e+00                 
# interval = seconds: 0.0416667
# start_time = Sep 24 2023 04:55:17 [NMEA time, first data scan]
# bad_flag = -9.990e-29
*END*
[from data line 206]
      2.465   71.45356 -161.03780     2.1590    27.2202    1448.65  0.000e+00
      2.464   71.45356 -161.03780     2.1592    27.2198    1448.65  0.000e+00
      2.464   71.45356 -161.03780     2.1590    27.2196    1448.65  0.000e+00
      2.464   71.45356 -161.03780     2.1587    27.2200    1448.65  0.000e+00
      2.464   71.45356 -161.03780     2.1590    27.2195    1448.65  0.000e+00
      2.403   71.45356 -161.03780     2.1589    27.2194    1448.65  0.000e+00
      2.403   71.45356 -161.03780     2.1589    27.2196    1448.65  0.000e+00
      2.403   71.45356 -161.03780     2.1586    27.2194    1448.65  0.000e+00
      2.464   71.45356 -161.03780     2.1584    27.2193    1448.65  0.000e+00
      2.403   71.45356 -161.03780     2.1584    27.2195    1448.65  0.000e+00
      2.464   71.45356 -161.03780     2.1581    27.2199    1448.65  0.000e+00
      2.403   71.45356 -161.03780     2.1581    27.2196    1448.65  0.000e+00
      2.403   71.45356 -161.03780     2.1581    27.2195    1448.65  0.000e+00
      2.403   71.45356 -161.03780     2.1580    27.2193    1448.64  0.000e+00
      2.403   71.45356 -161.03780     2.1580    27.2192    1448.64  0.000e+00
      2.403   71.45356 -161.03780     2.1578    27.2193    1448.64  0.000e+00
      2.403   71.45356 -161.03780     2.1578    27.2191    1448.64  0.000e+00
      2.464   71.45356 -161.03780     2.1575    27.2195    1448.64  0.000e+00
      2.403   71.45356 -161.03780     2.1576    27.2193    1448.64  0.000e+00
      2.403   71.45356 -161.03780     2.1575    27.2194    1448.64  0.000e+00
      2.403   71.45356 -161.03780     2.1571    27.2196    1448.64  0.000e+00
      2.403   71.45356 -161.03780     2.1571    27.2196    1448.64  0.000e+00
      2.403   71.45356 -161.03780     2.1571    27.2196    1448.64  0.000e+00
      2.464   71.45356 -161.03780     2.1569    27.2201    1448.64  0.000e+00
      2.403   71.45356 -161.03780     2.1568    27.2200    1448.64  0.000e+00
      2.464   71.45356 -161.03780     2.1567    27.2198    1448.64  0.000e+00
      2.403   71.45356 -161.03780     2.1567    27.2199    1448.64  0.000e+00
      2.403   71.45356 -161.03780     2.1570    27.2199    1448.64  0.000e+00
      2.464   71.45356 -161.03780     2.1569    27.2199    1448.64  0.000e+00
      2.464   71.45356 -161.03780     2.1570    27.2195    1448.64  0.000e+00
      2.403   71.45356 -161.03780     2.1567    27.2197    1448.64  0.000e+00
      2.464   71.45356 -161.03780     2.1569    27.2192    1448.64  0.000e+00
      2.464   71.45356 -161.03780     2.1565    27.2198    1448.64  0.000e+00
      2.349   71.45356 -161.03780     2.1564    27.2195    1448.64  0.000e+00
      2.549   71.45356 -161.03780     2.1561    27.2197    1448.64  0.000e+00
      2.464   71.45356 -161.03780     2.1562    27.2193    1448.64  0.000e+00
      2.464   71.45356 -161.03780     2.1561    27.2197    1448.64  0.000e+00
      2.464   71.45356 -161.03780     2.1562    27.2198    1448.64  0.000e+00
      2.464   71.45356 -161.03780     2.1562    27.2195    1448.64  0.000e+00
      2.464   71.45356 -161.03780     2.1562    27.2194    1448.64  0.000e+00
      2.518   71.45356 -161.03780     2.1562    27.2196    1448.64  0.000e+00
      2.464   71.45356 -161.03780     2.1562    27.2191    1448.64  0.000e+00
      2.464   71.45356 -161.03780     2.1559    27.2194    1448.64  0.000e+00
      2.518   71.45356 -161.03780     2.1559    27.2189    1448.64  0.000e+00
      2.464   71.45356 -161.03780     2.1556    27.2191    1448.64  0.000e+00
      2.518   71.45356 -161.03780     2.1556    27.2191    1448.64  0.000e+00
      2.518   71.45356 -161.03780     2.1553    27.2193    1448.63  0.000e+00
      2.464   71.45356 -161.03780     2.1551    27.2196    1448.63  0.000e+00
      2.518   71.45356 -161.03780     2.1551    27.2194    1448.63  0.000e+00
      2.518   71.45356 -161.03780     2.1550    27.2197    1448.63  0.000e+00
      2.518   71.45356 -161.03780     2.1551    27.2194    1448.63  0.000e+00
      2.464   71.45356 -161.03780     2.1550    27.2193    1448.63  0.000e+00
      2.518   71.45356 -161.03780     2.1548    27.2194    1448.63  0.000e+00
      2.518   71.45356 -161.03780     2.1551    27.2195    1448.63  0.000e+00
      2.580   71.45356 -161.03780     2.1551    27.2192    1448.63  0.000e+00
      2.518   71.45356 -161.03780     2.1548    27.2194    1448.63  0.000e+00
      2.580   71.45356 -161.03780     2.1548    27.2194    1448.63  0.000e+00
      2.518   71.45356 -161.03780     2.1550    27.2194    1448.63  0.000e+00
      2.580   71.45356 -161.03780     2.1548    27.2199    1448.63  0.000e+00
      2.580   71.45356 -161.03780     2.1548    27.2199    1448.63  0.000e+00
      2.580   71.45356 -161.03780     2.1548    27.2197    1448.63  0.000e+00
      2.518   71.45356 -161.03780     2.1550    27.2197    1448.63  0.000e+00
      2.634   71.45356 -161.03780     2.1551    27.2195    1448.64  0.000e+00
      2.580   71.45356 -161.03780     2.1551    27.2194    1448.64  0.000e+00
      2.580   71.45356 -161.03780     2.1550    27.2200    1448.64  0.000e+00
      2.634   71.45356 -161.03780     2.1553    27.2194    1448.64  0.000e+00
      2.580   71.45356 -161.03780     2.1551    27.2197    1448.64  0.000e+00
      2.688   71.45356 -161.03780     2.1553    27.2194    1448.64  0.000e+00
      2.549   71.45356 -161.03780     2.1553    27.2200    1448.64  0.000e+00
      2.687   71.45356 -161.03780     2.1551    27.2200    1448.64  0.000e+00
      2.634   71.45356 -161.03780     2.1555    27.2198    1448.64  0.000e+00
      2.687   71.45356 -161.03780     2.1553    27.2197    1448.64  0.000e+00
      2.687   71.45356 -161.03780     2.1555    27.2196    1448.64  0.000e+00
      2.633   71.45356 -161.03780     2.1555    27.2196    1448.64  0.000e+00
      2.749   71.45356 -161.03780     2.1553    27.2196    1448.64  0.000e+00
      2.687   71.45356 -161.03780     2.1553    27.2194    1448.64  0.000e+00
      2.687   71.45356 -161.03780     2.1555    27.2194    1448.64  0.000e+00
      2.749   71.45356 -161.03780     2.1553    27.2198    1448.64  0.000e+00
      2.749   71.45356 -161.03780     2.1553    27.2198    1448.64  0.000e+00
      2.749   71.45356 -161.03780     2.1553    27.2199    1448.64  0.000e+00
      2.749   71.45356 -161.03780     2.1555    27.2197    1448.64  0.000e+00
      2.803   71.45356 -161.03780     2.1553    27.2196    1448.64  0.000e+00
      2.803   71.45356 -161.03780     2.1553    27.2196    1448.64  0.000e+00
      2.865   71.45356 -161.03780     2.1553    27.2197    1448.64  0.000e+00
      2.803   71.45356 -161.03780     2.1555    27.2197    1448.64  0.000e+00
      2.865   71.45356 -161.03780     2.1556    27.2197    1448.64  0.000e+00
      2.919   71.45356 -161.03780     2.1555    27.2198    1448.64  0.000e+00
      2.919   71.45356 -161.03780     2.1556    27.2195    1448.64  0.000e+00
      2.919   71.45356 -161.03780     2.1556    27.2195    1448.64  0.000e+00
      2.919   71.45356 -161.03780     2.1556    27.2197    1448.64  0.000e+00
      2.980   71.45356 -161.03780     2.1555    27.2196    1448.64  0.000e+00
      2.919   71.45356 -161.03780     2.1553    27.2198    1448.64  0.000e+00
      2.980   71.45356 -161.03780     2.1555    27.2194    1448.64  0.000e+00
      2.980   71.45356 -161.03780     2.1555    27.2198    1448.64  0.000e+00
      2.980   71.45356 -161.03780     2.1555    27.2199    1448.64  0.000e+00
      3.034   71.45356 -161.03780     2.1555    27.2196    1448.64  0.000e+00
      3.011   71.45356 -161.03780     2.1553    27.2199    1448.64  0.000e+00
      3.034   71.45356 -161.03780     2.1555    27.2198    1448.64  0.000e+00
      3.034   71.45356 -161.03780     2.1556    27.2199    1448.65  0.000e+00
      3.088   71.45356 -161.03780     2.1553    27.2198    1448.64  0.000e+00
      3.034   71.45356 -161.03780     2.1555    27.2199    1448.64  0.000e+00
      3.088   71.45356 -161.03780     2.1553    27.2200    1448.64  0.000e+00
      3.088   71.45356 -161.03780     2.1553    27.2194    1448.64  0.000e+00
      3.088   71.45356 -161.03780     2.1553    27.2195    1448.64  0.000e+00
      3.088   71.45356 -161.03780     2.1553    27.2193    1448.64  0.000e+00
      3.150   71.45356 -161.03780     2.1550    27.2196    1448.64  0.000e+00
      3.150   71.45356 -161.03780     2.1551    27.2196    1448.64  0.000e+00
      3.088   71.45356 -161.03780     2.1550    27.2200    1448.64  0.000e+00
      3.150   71.45356 -161.03780     2.1551    27.2198    1448.65  0.000e+00
      3.150   71.45356 -161.03780     2.1553    27.2196    1448.65  0.000e+00
      3.150   71.45356 -161.03780     2.1551    27.2200    1448.65  0.000e+00
      3.204   71.45356 -161.03780     2.1555    27.2195    1448.65  0.000e+00
      3.150   71.45356 -161.03780     2.1553    27.2196    1448.65  0.000e+00
      3.150   71.45356 -161.03780     2.1551    27.2198    1448.64  0.000e+00
      3.204   71.45356 -161.03780     2.1551    27.2199    1448.65  0.000e+00
      3.204   71.45356 -161.03780     2.1551    27.2196    1448.65  0.000e+00
      3.204   71.45356 -161.03780     2.1551    27.2201    1448.65  0.000e+00
      3.204   71.45356 -161.03780     2.1553    27.2197    1448.65  0.000e+00
      3.265   71.45356 -161.03780     2.1555    27.2193    1448.65  0.000e+00
      3.204   71.45356 -161.03780     2.1555    27.2196    1448.65  0.000e+00
      3.234   71.45356 -161.03780     2.1550    27.2199    1448.65  0.000e+00
      3.265   71.45356 -161.03780     2.1551    27.2193    1448.65  0.000e+00
      3.204   71.45356 -161.03780     2.1550    27.2196    1448.64  0.000e+00
      3.265   71.45356 -161.03780     2.1550    27.2197    1448.65  0.000e+00
      3.265   71.45356 -161.03780     2.1550    27.2198    1448.65  0.000e+00
      3.265   71.45356 -161.03780     2.1548    27.2200    1448.65  0.000e+00
      3.265   71.45356 -161.03780     2.1550    27.2199    1448.65  0.000e+00
      3.319   71.45356 -161.03780     2.1548    27.2198    1448.65  0.000e+00
      3.265   71.45356 -161.03780     2.1550    27.2198    1448.65  0.000e+00
      3.319   71.45356 -161.03780     2.1548    27.2199    1448.65  0.000e+00
      3.319   71.45356 -161.03780     2.1550    27.2195    1448.65  0.000e+00
      3.319   71.45356 -161.03780     2.1551    27.2194    1448.65  0.000e+00
      3.319   71.45356 -161.03780     2.1550    27.2196    1448.65  0.000e+00
      3.319   71.45356 -161.03780     2.1548    27.2198    1448.65  0.000e+00
      3.319   71.45356 -161.03780     2.1546    27.2197    1448.65  0.000e+00
      3.319   71.45356 -161.03780     2.1548    27.2196    1448.65  0.000e+00
      3.381   71.45356 -161.03780     2.1548    27.2198    1448.65  0.000e+00
      3.381   71.45356 -161.03780     2.1548    27.2198    1448.65  0.000e+00
      3.319   71.45356 -161.03780     2.1548    27.2199    1448.65  0.000e+00
      3.435   71.45356 -161.03780     2.1550    27.2200    1448.65  0.000e+00
      3.381   71.45356 -161.03780     2.1550    27.2195    1448.65  0.000e+00
      3.435   71.45356 -161.03780     2.1548    27.2198    1448.65  0.000e+00
      3.412   71.45356 -161.03780     2.1548    27.2197    1448.65  0.000e+00
      3.381   71.45356 -161.03780     2.1546    27.2198    1448.65  0.000e+00
      3.435   71.45356 -161.03780     2.1547    27.2196    1448.65  0.000e+00
      3.435   71.45356 -161.03780     2.1545    27.2199    1448.65  0.000e+00
      3.435   71.45356 -161.03780     2.1546    27.2198    1448.65  0.000e+00
      3.489   71.45356 -161.03780     2.1545    27.2203    1448.65  0.000e+00
      3.435   71.45356 -161.03780     2.1546    27.2196    1448.65  0.000e+00
      3.489   71.45356 -161.03780     2.1546    27.2198    1448.65  0.000e+00
      3.489   71.45356 -161.03780     2.1548    27.2197    1448.65  0.000e+00
      3.435   71.45356 -161.03780     2.1546    27.2196    1448.65  0.000e+00
      3.550   71.45356 -161.03780     2.1548    27.2197    1448.65  0.000e+00
      3.435   71.45356 -161.03780     2.1546    27.2197    1448.65  0.000e+00
      3.550   71.45356 -161.03780     2.1546    27.2197    1448.65  0.000e+00
      3.550   71.45356 -161.03780     2.1545    27.2197    1448.65  0.000e+00
      3.550   71.45356 -161.03780     2.1546    27.2195    1448.65  0.000e+00
      3.550   71.45356 -161.03780     2.1548    27.2197    1448.65  0.000e+00
      3.550   71.45356 -161.03780     2.1546    27.2198    1448.65  0.000e+00
      3.550   71.45356 -161.03780     2.1546    27.2194    1448.65  0.000e+00
      3.550   71.45356 -161.03780     2.1546    27.2196    1448.65  0.000e+00
      3.550   71.45356 -161.03780     2.1545    27.2201    1448.65  0.000e+00
      3.581   71.45356 -161.03780     2.1546    27.2196    1448.65  0.000e+00
      3.604   71.45356 -161.03780     2.1546    27.2200    1448.65  0.000e+00
      3.604   71.45356 -161.03780     2.1548    27.2201    1448.65  0.000e+00
      3.604   71.45356 -161.03780     2.1548    27.2203    1448.65  0.000e+00
      3.550   71.45356 -161.03780     2.1550    27.2198    1448.65  0.000e+00
      3.666   71.45356 -161.03780     2.1550    27.2199    1448.65  0.000e+00
      3.604   71.45356 -161.03780     2.1550    27.2202    1448.65  0.000e+00
      3.666   71.45356 -161.03780     2.1550    27.2198    1448.65  0.000e+00
      3.604   71.45356 -161.03780     2.1551    27.2201    1448.65  0.000e+00
      3.666   71.45356 -161.03780     2.1553    27.2196    1448.65  0.000e+00
      3.666   71.45356 -161.03780     2.1553    27.2198    1448.65  0.000e+00
      3.666   71.45356 -161.03780     2.1555    27.2199    1448.66  0.000e+00
      3.666   71.45356 -161.03780     2.1555    27.2198    1448.65  0.000e+00
      3.720   71.45356 -161.03780     2.1553    27.2199    1448.66  0.000e+00
      3.666   71.45356 -161.03780     2.1555    27.2198    1448.65  0.000e+00
      3.666   71.45356 -161.03780     2.1553    27.2198    1448.65  0.000e+00
      3.720   71.45356 -161.03780     2.1555    27.2195    1448.66  0.000e+00
      3.720   71.45356 -161.03780     2.1555    27.2198    1448.66  0.000e+00
      3.781   71.45356 -161.03780     2.1553    27.2199    1448.66  0.000e+00
      3.750   71.45356 -161.03780     2.1556    27.2194    1448.66  0.000e+00
      3.720   71.45356 -161.03780     2.1551    27.2196    1448.65  0.000e+00
      3.781   71.45356 -161.03780     2.1553    27.2197    1448.66  0.000e+00
      3.720   71.45356 -161.03780     2.1553    27.2198    1448.65  0.000e+00
      3.781   71.45356 -161.03780     2.1553    27.2198    1448.66  0.000e+00
      3.781   71.45356 -161.03780     2.1551    27.2202    1448.66  0.000e+00
      3.781   71.45356 -161.03780     2.1555    27.2200    1448.66  0.000e+00
      3.781   71.45356 -161.03780     2.1555    27.2200    1448.66  0.000e+00
      3.835   71.45356 -161.03780     2.1555    27.2199    1448.66  0.000e+00
      3.835   71.45356 -161.03780     2.1556    27.2200    1448.66  0.000e+00
      3.781   71.45356 -161.03780     2.1556    27.2198    1448.66  0.000e+00
      3.835   71.45356 -161.03780     2.1555    27.2201    1448.66  0.000e+00
      3.889   71.45356 -161.03780     2.1556    27.2198    1448.66  0.000e+00
      3.835   71.45356 -161.03780     2.1556    27.2200    1448.66  0.000e+00
      3.889   71.45356 -161.03780     2.1555    27.2202    1448.66  0.000e+00
      3.835   71.45356 -161.03780     2.1555    27.2198    1448.66  0.000e+00
      3.889   71.45356 -161.03780     2.1559    27.2196    1448.66  0.000e+00
      3.835   71.45356 -161.03780     2.1556    27.2198    1448.66  0.000e+00
      3.982   71.45356 -161.03780     2.1556    27.2197    1448.66  0.000e+00
      4.005   71.45356 -161.03780     2.1553    27.2202    1448.66  0.000e+00
      3.951   71.45356 -161.03780     2.1555    27.2199    1448.66  0.000e+00
      4.005   71.45356 -161.03780     2.1555    27.2198    1448.66  0.000e+00
      3.951   71.45356 -161.03780     2.1558    27.2199    1448.66  0.000e+00
