EcoFOCI/data/1_SampleCollection/2023_SikuliaqDBO_CruiseData/CTD_raw_BottleFile_SKQ23-12S/proc/skq202312s_075.cnv
* Sea-Bird SBE 9 Data File:
* FileName = D:\CTD\SKQ202312S\SKQ202312S_075.hex
* Software Version Seasave V 7.26.7.121
* Temperature SN = 6177
* Conductivity SN = 0369
* Number of Bytes Per Scan = 41
* Number of Voltage Words = 4
* Number of Scans Averaged by the Deck Unit = 1
* NMEA Latitude = 68 14.82 N
* NMEA Longitude = 167 07.33 W
* NMEA UTC (Time) = Oct 02 2023  05:40:29
* NMEA baud rate = 4800
** Ship: R/V Sikuliaq
** Station Number: 075
** Station Name: DBO3.3
** Bottom Depth: 43
** Operator: SD
# nquan = 24
# nvalues = 6111                                  
# units = specified
# name 0 = depSM: Depth [salt water, m]
# name 1 = latitude: Latitude [deg]
# name 2 = longitude: Longitude [deg]
# name 3 = prDM: Pressure, Digiquartz [db]
# name 4 = t090C: Temperature [ITS-90, deg C]
# name 5 = t190C: Temperature, 2 [ITS-90, deg C]
# name 6 = potemp090C: Potential Temperature [ITS-90, deg C]
# name 7 = sal00: Salinity, Practical [PSU]
# name 8 = sal11: Salinity, Practical, 2 [PSU]
# name 9 = density00: Density [density, kg/m^3]
# name 10 = sigma-é00: Density [sigma-theta, kg/m^3]
# name 11 = sbox0Mm/Kg: Oxygen, SBE 43 [umol/kg]
# name 12 = sbox1Mm/Kg: Oxygen, SBE 43, 2 [umol/kg]
# name 13 = oxsolMm/Kg: Oxygen Saturation, Garcia & Gordon [umol/kg]
# name 14 = sbeox0PS: Oxygen, SBE 43 [% saturation]
# name 15 = sbeox1PS: Oxygen, SBE 43, 2 [% saturation]
# name 16 = v0: Voltage 0
# name 17 = flECO-AFL: Fluorescence, WET Labs ECO-AFL/FL [mg/m^3]
# name 18 = v1: Voltage 1
# name 19 = CStarAt0: Beam Attenuation, WET Labs C-Star [1/m]
# name 20 = par: PAR/Irradiance, Biospherical/Licor
# name 21 = scan: Scan Count
# name 22 = timeM: Time, Elapsed [minutes]
# name 23 = flag:  0.000e+00
# span 0 =      2.824,     38.685                 
# span 1 =   68.24652,   68.24672                 
# span 2 = -167.12266, -167.12246                 
# span 3 =      2.853,     39.080                 
# span 4 =     4.4215,     7.9027                 
# span 5 =     4.4203,     7.9045                 
# span 6 =     4.4189,     7.9004                 
# span 7 =    25.6333,    31.9134                 
# span 8 =    25.6243,    31.9239                 
# span 9 =  1020.1432,  1025.4692                 
# span 10 =    20.1209,    25.2883                
# span 11 =    257.241,    298.544                
# span 12 =    239.983,    284.110                
# span 13 =  299.34244,  319.01891                
# span 14 =     81.646,     95.361                
# span 15 =     76.052,     90.607                
# span 16 =     0.0720,     0.2589                
# span 17 =     0.0842,     1.2051                
# span 18 =     3.1587,     4.0549                
# span 19 =     0.6011,     1.6005                
# span 20 = 1.0000e-12, 3.8176e-01                
# span 21 =          1,       6111                
# span 22 =     0.0000,     4.2431                
# span 23 = 0.0000e+00, 0.0000e+00                
# interval = seconds: 0.0416667
# start_time = Oct 02 2023 05:44:07 [NMEA time, first data scan]
# bad_flag = -9.990e-29
*END*
[from data line 5555]
     37.772   68.24654 -167.12262     38.158     4.4708     4.4721     4.4682    31.8961    31.9064  1025.4491    25.2713    267.518    254.363  318.59981     83.967     79.846     0.0745     0.0989     3.1819     1.5712 1.0000e-12       5556     3.8576  0.000e+00
     37.826   68.24654 -167.12262     38.213     4.4713     4.4718     4.4687    31.8960    31.9062  1025.4492    25.2711    267.542    254.357  318.59661     83.975     79.844     0.0745     0.0989     3.1819     1.5712 1.0000e-12       5557     3.8583  0.000e+00
     37.765   68.24654 -167.12262     38.150     4.4716     4.4719     4.4690    31.8959    31.9056  1025.4488    25.2710    267.767    254.343  318.59430     84.046     79.839     0.0733     0.0916     3.1819     1.5712 8.4714e-06       5558     3.8590  0.000e+00
     37.772   68.24654 -167.12262     38.158     4.4719     4.4720     4.4693    31.8955    31.9057  1025.4485    25.2707    267.605    254.329  318.59291     83.996     79.835     0.0745     0.0989     3.1807     1.5727 1.0000e-12       5559     3.8597  0.000e+00
     37.772   68.24654 -167.12262     38.158     4.4719     4.4723     4.4693    31.8955    31.9055  1025.4485    25.2706    267.617    254.312  318.59300     84.000     79.830     0.0733     0.0916     3.1819     1.5712 1.0000e-12       5560     3.8604  0.000e+00
     37.765   68.24654 -167.12262     38.150     4.4721     4.4726     4.4695    31.8951    31.9052  1025.4481    25.2703    267.624    254.293  318.59280     84.002     79.825     0.0745     0.0989     3.1819     1.5712 1.0000e-12       5561     3.8611  0.000e+00
     37.772   68.24654 -167.12262     38.158     4.4721     4.4730     4.4695    31.8950    31.9055  1025.4480    25.2702    267.837    254.272  318.59300     84.069     79.819     0.0733     0.0916     3.1819     1.5712 1.0000e-12       5562     3.8618  0.000e+00
     37.772   68.24654 -167.12262     38.158     4.4721     4.4734     4.4695    31.8950    31.9056  1025.4481    25.2703    267.867    254.270  318.59290     84.078     79.819     0.0745     0.0989     3.1819     1.5712 8.4714e-06       5563     3.8625  0.000e+00
     37.772   68.24654 -167.12262     38.158     4.4721     4.4737     4.4695    31.8952    31.9056  1025.4482    25.2704    267.891    254.267  318.59206     84.086     79.819     0.0757     0.1062     3.1819     1.5712 8.4714e-06       5564     3.8632  0.000e+00
     37.819   68.24654 -167.12262     38.205     4.4721     4.4756     4.4695    31.8957    31.9045  1025.4488    25.2708    267.912    254.257  318.59138     84.093     79.819     0.0745     0.0989     3.1819     1.5712 1.0000e-12       5565     3.8639  0.000e+00
     37.718   68.24654 -167.12262     38.104     4.4721     4.4772     4.4695    31.8963    31.9045  1025.4488    25.2713    267.889    254.241  318.58986     84.086     79.817     0.0757     0.1062     3.1819     1.5712 1.0000e-12       5566     3.8646  0.000e+00
     37.772   68.24654 -167.12262     38.158     4.4721     4.4780     4.4695    31.8966    31.9047  1025.4494    25.2716    267.898    254.235  318.58900     84.089     79.816     0.0745     0.0989     3.1819     1.5712 1.0000e-12       5567     3.8653  0.000e+00
     37.765   68.24654 -167.12262     38.150     4.4726     4.4780     4.4700    31.8966    31.9051  1025.4492    25.2714    267.896    254.230  318.58516     84.089     79.815     0.0745     0.0989     3.1819     1.5712 1.0000e-12       5568     3.8660  0.000e+00
     37.772   68.24654 -167.12262     38.158     4.4726     4.4776     4.4700    31.8961    31.9053  1025.4489    25.2711    267.895    254.415  318.58629     84.089     79.873     0.0733     0.0916     3.1819     1.5712 8.4714e-06       5569     3.8667  0.000e+00
     37.772   68.24654 -167.12262     38.158     4.4730     4.4793     4.4705    31.8961    31.9037  1025.4488    25.2710    267.884    254.422  318.58275     84.086     79.877     0.0757     0.1062     3.1819     1.5712 1.0000e-12       5570     3.8674  0.000e+00
     37.772   68.24654 -167.12262     38.158     4.4734     4.4810     4.4708    31.8960    31.9030  1025.4487    25.2709    267.868    254.238  318.58060     84.082     79.822     0.0745     0.0989     3.1819     1.5712 1.0000e-12       5571     3.8681  0.000e+00
     37.765   68.24654 -167.12262     38.150     4.4743     4.4808     4.4717    31.8951    31.9035  1025.4478    25.2701    267.845    254.229  318.57555     84.076     79.819     0.0745     0.0989     3.1819     1.5712 8.4714e-06       5572     3.8687  0.000e+00
     37.772   68.24654 -167.12262     38.158     4.4748     4.4800     4.4722    31.8938    31.9043  1025.4468    25.2690    267.820    254.411  318.57499     84.068     79.875     0.0733     0.0916     3.1819     1.5712 1.0000e-12       5573     3.8694  0.000e+00
     37.772   68.24654 -167.12262     38.158     4.4746     4.4800     4.4720    31.8934    31.9046  1025.4465    25.2687    267.793    254.419  318.57704     84.059     79.878     0.0745     0.0989     3.1819     1.5712 1.0000e-12       5574     3.8701  0.000e+00
     37.764   68.24654 -167.12262     38.150     4.4748     4.4792     4.4722    31.8928    31.9056  1025.4460    25.2682    267.759    254.430  318.57731     84.048     79.881     0.0745     0.0989     3.1819     1.5712 1.0000e-12       5575     3.8708  0.000e+00
     37.772   68.24654 -167.12262     38.158     4.4748     4.4797     4.4722    31.8916    31.9049  1025.4451    25.2673    267.722    254.435  318.58020     84.036     79.883     0.0745     0.0989     3.1819     1.5712 1.0000e-12       5576     3.8715  0.000e+00
     37.772   68.24654 -167.12262     38.158     4.4738     4.4796     4.4713    31.8922    31.9045  1025.4457    25.2679    267.716    254.440  318.58598     84.033     79.884     0.0745     0.0989     3.1819     1.5712 8.4714e-06       5577     3.8722  0.000e+00
     37.826   68.24654 -167.12262     38.213     4.4730     4.4783     4.4705    31.8931    31.9048  1025.4467    25.2686    267.914    254.453  318.58988     84.094     79.886     0.0769     0.1135     3.1819     1.5712 8.4714e-06       5578     3.8729  0.000e+00
     37.764   68.24654 -167.12262     38.150     4.4718     4.4770     4.4692    31.8940    31.9050  1025.4472    25.2695    267.722    254.294  318.59736     84.031     79.833     0.0781     0.1209     3.1819     1.5712 1.0000e-12       5579     3.8736  0.000e+00
     37.772   68.24654 -167.12262     38.158     4.4714     4.4770     4.4688    31.8942    31.9050  1025.4475    25.2697    267.699    254.462  318.59961     84.024     79.886     0.0769     0.1135     3.1819     1.5712 8.4714e-06       5580     3.8743  0.000e+00
     37.826   68.24654 -167.12262     38.212     4.4711     4.4769     4.4685    31.8940    31.9050  1025.4476    25.2696    267.675    254.464  318.60247     84.015     79.886     0.0769     0.1135     3.1807     1.5727 1.0000e-12       5581     3.8750  0.000e+00
     37.764   68.24654 -167.12262     38.150     4.4706     4.4776     4.4681    31.8946    31.9044  1025.4479    25.2701    267.642    254.642  318.60464     84.004     79.943     0.0769     0.1135     3.1795     1.5743 1.0000e-12       5582     3.8757  0.000e+00
     37.826   68.24654 -167.12262     38.212     4.4703     4.4776     4.4677    31.8950    31.9050  1025.4485    25.2704    267.609    254.472  318.60621     83.994     79.890     0.0769     0.1135     3.1795     1.5743 8.4714e-06       5583     3.8764  0.000e+00
     37.826   68.24654 -167.12262     38.212     4.4703     4.4780     4.4677    31.8958    31.9045  1025.4491    25.2711    267.566    254.485  318.60426     83.981     79.895     0.0757     0.1062     3.1795     1.5743 1.0000e-12       5584     3.8771  0.000e+00
     37.772   68.24654 -167.12262     38.158     4.4706     4.4780     4.4681    31.8951    31.9048  1025.4483    25.2705    267.519    254.475  318.60344     83.966     79.892     0.0769     0.1135     3.1795     1.5743 1.0000e-12       5585     3.8778  0.000e+00
     37.818   68.24654 -167.12262     38.205     4.4705     4.4778     4.4679    31.8953    31.9051  1025.4487    25.2706    267.681    254.468  318.60424     84.017     79.889     0.0769     0.1135     3.1795     1.5743 8.4714e-06       5586     3.8785  0.000e+00
     37.826   68.24654 -167.12262     38.212     4.4705     4.4775     4.4679    31.8949    31.9051  1025.4484    25.2704    267.484    254.459  318.60509     83.955     79.886     0.0769     0.1135     3.1795     1.5743 1.0000e-12       5587     3.8792  0.000e+00
     37.888   68.24654 -167.12262     38.275     4.4700     4.4775     4.4674    31.8950    31.9045  1025.4488    25.2705    267.433    254.636  318.60852     83.938     79.941     0.0757     0.1062     3.1795     1.5743 1.0000e-12       5588     3.8799  0.000e+00
     37.818   68.24654 -167.12262     38.205     4.4699     4.4774     4.4673    31.8951    31.9047  1025.4486    25.2706    267.371    254.639  318.60947     83.918     79.942     0.0769     0.1135     3.1795     1.5743 1.0000e-12       5589     3.8806  0.000e+00
     37.826   68.24654 -167.12262     38.212     4.4695     4.4772     4.4670    31.8946    31.9045  1025.4483    25.2702    267.310    254.665  318.61311     83.898     79.950     0.0757     0.1062     3.1795     1.5743 1.0000e-12       5590     3.8813  0.000e+00
     37.826   68.24654 -167.12262     38.212     4.4694     4.4772     4.4668    31.8936    31.9046  1025.4475    25.2694    267.485    254.500  318.61665     83.952     79.898     0.0769     0.1135     3.1795     1.5743 8.4714e-06       5591     3.8819  0.000e+00
     37.888   68.24654 -167.12262     38.275     4.4681     4.4774     4.4655    31.8933    31.9049  1025.4476    25.2693    267.490    254.688  318.62716     83.951     79.958     0.0781     0.1209     3.1783     1.5758 1.0000e-12       5592     3.8826  0.000e+00
     37.880   68.24654 -167.12262     38.267     4.4665     4.4762     4.4639    31.8933    31.9057  1025.4478    25.2695    267.489    254.714  318.63937     83.947     79.964     0.0769     0.1135     3.1795     1.5743 1.0000e-12       5593     3.8833  0.000e+00
     37.826   68.24654 -167.12262     38.212     4.4653     4.4743     4.4627    31.8934    31.9066  1025.4478    25.2697    267.272    254.741  318.64883     83.877     79.969     0.0781     0.1209     3.1783     1.5758 8.4714e-06       5594     3.8840  0.000e+00
     37.888   68.24654 -167.12262     38.275     4.4640     4.4736     4.4614    31.8930    31.9068  1025.4479    25.2695    267.234    254.764  318.65935     83.862     79.975     0.0769     0.1135     3.1795     1.5743 1.0000e-12       5595     3.8847  0.000e+00
     37.934   68.24654 -167.12262     38.321     4.4629     4.4741     4.4603    31.8933    31.9063  1025.4484    25.2698    267.224    254.778  318.66724     83.857     79.980     0.0769     0.1135     3.1795     1.5743 1.0000e-12       5596     3.8854  0.000e+00
     37.826   68.24654 -167.12262     38.212     4.4618     4.4742     4.4592    31.8941    31.9055  1025.4486    25.2706    267.414    254.788  318.67411     83.914     79.983     0.0769     0.1135     3.1795     1.5743 8.4714e-06       5597     3.8861  0.000e+00
     37.888   68.24654 -167.12262     38.275     4.4610     4.4734     4.4584    31.8948    31.9055  1025.4496    25.2712    267.428    254.806  318.67849     83.918     79.987     0.0769     0.1135     3.1795     1.5743 1.0000e-12       5598     3.8868  0.000e+00
     37.942   68.24654 -167.12262     38.329     4.4605     4.4728     4.4579    31.8954    31.9054  1025.4504    25.2717    267.437    255.009  318.68061     83.920     80.050     0.0769     0.1135     3.1795     1.5743 8.4714e-06       5599     3.8875  0.000e+00
     37.880   68.24654 -167.12262     38.267     4.4595     4.4714     4.4569    31.8965    31.9058  1025.4510    25.2727    267.410    254.855  318.68567     83.910     79.999     0.0769     0.1135     3.1783     1.5758 8.4714e-06       5600     3.8882  0.000e+00
     37.942   68.24654 -167.12262     38.329     4.4591     4.4699     4.4565    31.8970    31.9058  1025.4518    25.2732    267.621    255.060  318.68752     83.976     80.061     0.0757     0.1062     3.1832     1.5697 8.4714e-06       5601     3.8889  0.000e+00
     37.942   68.24654 -167.12262     38.329     4.4591     4.4684     4.4565    31.8979    31.9060  1025.4525    25.2739    267.437    255.093  318.68538     83.919     80.068     0.0769     0.1135     3.1880     1.5635 8.4714e-06       5602     3.8896  0.000e+00
     37.934   68.24654 -167.12262     38.321     4.4589     4.4661     4.4563    31.8986    31.9070  1025.4530    25.2744    267.429    255.106  318.68501     83.916     80.068     0.0769     0.1135     3.1893     1.5620 1.0000e-12       5603     3.8903  0.000e+00
     37.942   68.24654 -167.12262     38.329     4.4594     4.4638     4.4568    31.8984    31.9071  1025.4529    25.2742    267.416    255.139  318.68184     83.913     80.074     0.0781     0.1209     3.1893     1.5620 1.0000e-12       5604     3.8910  0.000e+00
     37.942   68.24654 -167.12262     38.329     4.4599     4.4616     4.4573    31.8980    31.9076  1025.4525    25.2739    267.400    255.167  318.67913     83.909     80.079     0.0794     0.1282     3.1880     1.5635 1.0000e-12       5605     3.8917  0.000e+00
     37.942   68.24654 -167.12262     38.329     4.4602     4.4602     4.4576    31.8979    31.9084  1025.4524    25.2738    267.590    255.187  318.67699     83.969     80.083     0.0781     0.1209     3.1880     1.5635 1.0000e-12       5606     3.8924  0.000e+00
     37.996   68.24654 -167.12262     38.384     4.4607     4.4580     4.4581    31.8977    31.9095  1025.4524    25.2736    267.218    255.212  318.67388     83.853     80.087     0.0794     0.1282     3.1880     1.5635 1.0000e-12       5607     3.8931  0.000e+00
     37.942   68.24654 -167.12262     38.329     4.4611     4.4564     4.4585    31.8971    31.9097  1025.4517    25.2731    267.370    255.227  318.67166     83.901     80.089     0.0781     0.1209     3.1880     1.5635 1.0000e-12       5608     3.8937  0.000e+00
     38.003   68.24654 -167.12262     38.392     4.4614     4.4547     4.4588    31.8970    31.9103  1025.4518    25.2729    267.556    255.244  318.66959     83.960     80.092     0.0781     0.1209     3.1880     1.5635 1.0000e-12       5609     3.8944  0.000e+00
     38.003   68.24654 -167.12262     38.391     4.4611     4.4533     4.4585    31.8969    31.9106  1025.4518    25.2729    267.356    255.255  318.67220     83.897     80.093     0.0781     0.1209     3.1880     1.5635 1.0000e-12       5610     3.8951  0.000e+00
     37.996   68.24654 -167.12262     38.384     4.4614     4.4525     4.4588    31.8965    31.9110  1025.4514    25.2725    267.358    255.259  318.67079     83.898     80.092     0.0781     0.1209     3.1880     1.5635 1.0000e-12       5611     3.8958  0.000e+00
     38.003   68.24654 -167.12262     38.391     4.4608     4.4529     4.4582    31.8965    31.9103  1025.4515    25.2726    267.573    255.441  318.67565     83.964     80.150     0.0769     0.1135     3.1880     1.5635 1.0000e-12       5612     3.8965  0.000e+00
     38.003   68.24654 -167.12262     38.391     4.4603     4.4531     4.4577    31.8956    31.9103  1025.4509    25.2719    267.610    255.266  318.68124     83.974     80.096     0.0781     0.1209     3.1880     1.5635 8.4714e-06       5613     3.8972  0.000e+00
     38.050   68.24654 -167.12262     38.438     4.4592     4.4543     4.4566    31.8948    31.9101  1025.4506    25.2714    267.650    255.250  318.69156     83.984     80.093     0.0769     0.1135     3.1880     1.5635 1.0000e-12       5614     3.8979  0.000e+00
     38.003   68.24654 -167.12262     38.391     4.4586     4.4556     4.4560    31.8961    31.9101  1025.4514    25.2725    267.677    255.415  318.69347     83.992     80.147     0.0781     0.1209     3.1880     1.5635 8.4714e-06       5615     3.8986  0.000e+00
