EcoFOCI/data/1_SampleCollection/2023_SikuliaqDBO_CruiseData/CTD_raw_BottleFile_SKQ23-12S/proc/skq202312s_032.ros
* Sea-Bird SBE 9 Data File:
* FileName = D:\CTD\SKQ202312S\SKQ202312S_032.hex
* Software Version Seasave V 7.26.7.121
* Temperature SN = 6177
* Conductivity SN = 0369
* Number of Bytes Per Scan = 41
* Number of Voltage Words = 4
* Number of Scans Averaged by the Deck Unit = 1
* NMEA Latitude = 71 32.18 N
* NMEA Longitude = 157 45.08 W
* NMEA UTC (Time) = Sep 21 2023  12:37:07
* NMEA baud rate = 4800
** Ship: R/V Sikuliaq
** Station Number: 032
** Station Name: DBO5.8
** Bottom Depth: 72
** Operator: SD
# nquan = 22
# nvalues = 1127                                  
# units = specified
# name 0 = depSM: Depth [salt water, m]
# name 1 = latitude: Latitude [deg]
# name 2 = longitude: Longitude [deg]
# name 3 = prDM: Pressure, Digiquartz [db]
# name 4 = t090C: Temperature [ITS-90, deg C]
# name 5 = t190C: Temperature, 2 [ITS-90, deg C]
# name 6 = potemp090C: Potential Temperature [ITS-90, deg C]
# name 7 = sal00: Salinity, Practical [PSU]
# name 8 = sal11: Salinity, Practical, 2 [PSU]
# name 9 = density00: Density [density, kg/m^3]
# name 10 = sigma-é00: Density [sigma-theta, kg/m^3]
# name 11 = sbox0Mm/Kg: Oxygen, SBE 43 [umol/kg]
# name 12 = sbox1Mm/Kg: Oxygen, SBE 43, 2 [umol/kg]
# name 13 = oxsolMm/Kg: Oxygen Saturation, Garcia & Gordon [umol/kg]
# name 14 = sbeox0PS: Oxygen, SBE 43 [% saturation]
# name 15 = v0: Voltage 0
# name 16 = flECO-AFL: Fluorescence, WET Labs ECO-AFL/FL [mg/m^3]
# name 17 = CStarAt0: Beam Attenuation, WET Labs C-Star [1/m]
# name 18 = par: PAR/Irradiance, Biospherical/Licor
# name 19 = scan: Scan Count
# name 20 = nbf: Bottles Fired
# name 21 = flag:  0.000e+00
# interval = seconds: 0.0416667
# start_time = Sep 21 2023 12:41:52 [NMEA time, first data scan]
# bad_flag = -9.990e-29
*END*
[from data line 198]
     49.935   71.53640 -157.75142     50.456    -1.5901    -1.5795    -1.5910    32.7638    32.7760  1026.6016    26.3579    287.028    274.374  369.35374     77.711     0.0745     0.0989     0.7147 8.4714e-06      13557          5  0.000e+00
     50.050   71.53640 -157.75142     50.573    -1.5895    -1.5780    -1.5904    32.7641    32.7759  1026.6024    26.3582    286.779    274.362  369.34651     77.645     0.0733     0.0916     0.7147 8.4714e-06      13558          5  0.000e+00
     50.104   71.53640 -157.75142     50.628    -1.5892    -1.5770    -1.5901    32.7640    32.7762  1026.6026    26.3581    286.743    274.352  369.34378     77.636     0.0745     0.0989     0.7147 1.0000e-12      13559          5  0.000e+00
     50.104   71.53640 -157.75142     50.628    -1.5887    -1.5762    -1.5896    32.7644    32.7764  1026.6029    26.3584    286.964    274.342  369.33814     77.697     0.0745     0.0989     0.7147 8.4714e-06      13560          5  0.000e+00
     50.050   71.53640 -157.75142     50.573    -1.5878    -1.5751    -1.5887    32.7650    32.7766  1026.6031    26.3589    286.969    274.328  369.32714     77.700     0.0745     0.0989     0.7147 8.4714e-06      13561          5  0.000e+00
     50.166   71.53640 -157.75142     50.690    -1.5864    -1.5743    -1.5873    32.7656    32.7768  1026.6041    26.3594    286.976    274.093  369.31157     77.706     0.0745     0.0989     0.7147 1.0000e-12      13562          5  0.000e+00
     50.166   71.53640 -157.75142     50.690    -1.5854    -1.5738    -1.5863    32.7659    32.7769  1026.6043    26.3596    286.723    274.054  369.30027     77.640     0.0733     0.0916     0.7147 1.0000e-12      13563          5  0.000e+00
     50.220   71.53640 -157.75142     50.745    -1.5844    -1.5734    -1.5854    32.7661    32.7767  1026.6047    26.3597    286.685    274.021  369.29047     77.631     0.0745     0.0989     0.7147 8.4714e-06      13564          5  0.000e+00
     50.166   71.53640 -157.75142     50.690    -1.5833    -1.5736    -1.5843    32.7658    32.7769  1026.6042    26.3595    286.904    273.989  369.28046     77.693     0.0745     0.0989     0.7147 8.4714e-06      13565          5  0.000e+00
     50.220   71.53640 -157.75142     50.745    -1.5826    -1.5734    -1.5835    32.7665    32.7764  1026.6050    26.3600    286.659    274.190  369.27108     77.628     0.0745     0.0989     0.7147 1.0000e-12      13566          5  0.000e+00
     50.282   71.53640 -157.75142     50.807    -1.5814    -1.5733    -1.5823    32.7662    32.7769  1026.6050    26.3597    286.676    274.194  369.25986     77.635     0.0757     0.1062     0.7147 8.4714e-06      13567          5  0.000e+00
     50.336   71.53640 -157.75142     50.861    -1.5806    -1.5734    -1.5816    32.7666    32.7771  1026.6056    26.3600    286.647    273.969  369.25111     77.629     0.0745     0.0989     0.7147 8.4714e-06      13568          5  0.000e+00
     50.282   71.53640 -157.75142     50.807    -1.5798    -1.5734    -1.5807    32.7667    32.7767  1026.6054    26.3601    286.617    273.940  369.24215     77.623     0.0745     0.0989     0.7147 8.4714e-06      13569          5  0.000e+00
     50.336   71.53640 -157.75142     50.861    -1.5790    -1.5736    -1.5799    32.7665    32.7768  1026.6054    26.3599    286.593    274.146  369.23490     77.618     0.0733     0.0916     0.7147 1.0000e-12      13570          5  0.000e+00
     50.336   71.53640 -157.75142     50.861    -1.5783    -1.5739    -1.5793    32.7668    32.7769  1026.6057    26.3601    286.830    274.187  369.22759     77.684     0.0745     0.0989     0.7147 8.4714e-06      13571          5  0.000e+00
     50.452   71.53640 -157.75142     50.978    -1.5780    -1.5739    -1.5790    32.7669    32.7762  1026.6063    26.3602    286.605    274.233  369.22447     77.623     0.0733     0.0916     0.7147 8.4714e-06      13572          5  0.000e+00
     50.390   71.53640 -157.75142     50.916    -1.5772    -1.5743    -1.5782    32.7674    32.7761  1026.6064    26.3606    286.579    274.277  369.21487     77.619     0.0745     0.0989     0.7147 1.0000e-12      13573          5  0.000e+00
     50.390   71.53640 -157.75142     50.916    -1.5762    -1.5747    -1.5771    32.7679    32.7760  1026.6068    26.3610    286.764    274.060  369.20307     77.671     0.0745     0.0989     0.7147 1.0000e-12      13574          5  0.000e+00
     50.452   71.53640 -157.75142     50.978    -1.5750    -1.5756    -1.5759    32.7684    32.7769  1026.6074    26.3613    286.530    274.047  369.18972     77.611     0.0745     0.0989     0.7147 8.4714e-06      13575          5  0.000e+00
     50.452   71.53640 -157.75142     50.978    -1.5741    -1.5757    -1.5750    32.7689    32.7762  1026.6079    26.3618    286.508    274.259  369.17882     77.607     0.0745     0.0989     0.7147 8.4714e-06      13576          5  0.000e+00
     50.506   71.53640 -157.75142     51.033    -1.5734    -1.5754    -1.5744    32.7690    32.7764  1026.6082    26.3618    286.494    274.270  369.17237     77.604     0.0733     0.0916     0.7085 1.0000e-12      13577          5  0.000e+00
     50.506   71.53640 -157.75142     51.033    -1.5723    -1.5747    -1.5733    32.7690    32.7771  1026.6082    26.3618    286.476    274.274  369.16132     77.602     0.0745     0.0989     0.7061 1.0000e-12      13578          5  0.000e+00
     50.567   71.53640 -157.75142     51.095    -1.5720    -1.5738    -1.5730    32.7695    32.7776  1026.6088    26.3621    286.468    274.280  369.15722     77.601     0.0733     0.0916     0.7061 8.4714e-06      13579          5  0.000e+00
     50.506   71.53640 -157.75142     51.033    -1.5716    -1.5730    -1.5725    32.7692    32.7781  1026.6082    26.3619    286.458    274.052  369.15349     77.599     0.0745     0.0989     0.7061 8.4714e-06      13580          5  0.000e+00
     50.567   71.53640 -157.75142     51.095    -1.5715    -1.5725    -1.5724    32.7688    32.7782  1026.6082    26.3616    286.458    274.031  369.15346     77.599     0.0745     0.0989     0.7061 8.4714e-06      13581          5  0.000e+00
     50.621   71.53640 -157.75142     51.150    -1.5716    -1.5720    -1.5725    32.7692    32.7776  1026.6089    26.3619    286.408    274.012  369.15332     77.585     0.0745     0.0989     0.7061 8.4714e-06      13582          5  0.000e+00
     50.567   71.53640 -157.75142     51.095    -1.5711    -1.5720    -1.5721    32.7691    32.7781  1026.6085    26.3619    286.454    273.993  369.14898     77.599     0.0745     0.0989     0.7061 8.4714e-06      13583          5  0.000e+00
     50.621   71.53640 -157.75142     51.150    -1.5713    -1.5709    -1.5722    32.7694    32.7778  1026.6090    26.3621    286.202    273.971  369.14999     77.530     0.0745     0.0989     0.7061 8.4714e-06      13584          5  0.000e+00
     50.621   71.53640 -157.75142     51.150    -1.5711    -1.5707    -1.5721    32.7692    32.7789  1026.6088    26.3619    286.419    273.954  369.14882     77.589     0.0745     0.0989     0.7061 1.0000e-12      13585          5  0.000e+00
     50.621   71.53640 -157.75142     51.150    -1.5711    -1.5701    -1.5721    32.7694    32.7789  1026.6090    26.3620    286.481    273.937  369.14832     77.606     0.0733     0.0916     0.7061 8.4714e-06      13586          5  0.000e+00
     50.621   71.53640 -157.75142     51.150    -1.5711    -1.5701    -1.5721    32.7699    32.7791  1026.6094    26.3625    286.494    273.925  369.14680     77.610     0.0745     0.0989     0.7061 1.0000e-12      13587          5  0.000e+00
     50.621   71.53640 -157.75142     51.150    -1.5708    -1.5700    -1.5718    32.7695    32.7791  1026.6090    26.3621    286.509    273.915  369.14511     77.614     0.0733     0.0916     0.7061 1.0000e-12      13588          5  0.000e+00
     50.683   71.53640 -157.75142     51.212    -1.5711    -1.5698    -1.5721    32.7697    32.7790  1026.6095    26.3623    286.532    273.908  369.14729     77.620     0.0745     0.0989     0.7061 8.4714e-06      13589          5  0.000e+00
     50.621   71.53640 -157.75142     51.150    -1.5710    -1.5697    -1.5719    32.7696    32.7789  1026.6092    26.3622    286.550    273.898  369.14640     77.625     0.0757     0.1062     0.7061 8.4714e-06      13590          5  0.000e+00
     50.683   71.53640 -157.75142     51.212    -1.5711    -1.5698    -1.5721    32.7701    32.7790  1026.6099    26.3627    286.575    273.895  369.14603     77.632     0.0745     0.0989     0.7061 1.0000e-12      13591          5  0.000e+00
     50.683   71.53640 -157.75142     51.212    -1.5713    -1.5697    -1.5722    32.7696    32.7789  1026.6095    26.3622    286.603    273.661  369.14934     77.639     0.0745     0.0989     0.7061 8.4714e-06      13592          5  0.000e+00
     50.621   71.53640 -157.75142     51.150    -1.5715    -1.5701    -1.5724    32.7697    32.7783  1026.6093    26.3624    286.628    273.630  369.15065     77.645     0.0745     0.0989     0.7061 8.4714e-06      13593          5  0.000e+00
     50.683   71.53640 -157.75142     51.212    -1.5716    -1.5703    -1.5725    32.7693    32.7779  1026.6092    26.3620    286.662    273.603  369.15318     77.654     0.0745     0.0989     0.7061 8.4714e-06      13594          5  0.000e+00
     50.683   71.53640 -157.75142     51.212    -1.5713    -1.5707    -1.5722    32.7687    32.7778  1026.6088    26.3615    286.692    273.546  369.15187     77.662     0.0733     0.0916     0.7061 1.0000e-12      13595          5  0.000e+00
     50.683   71.53640 -157.75142     51.212    -1.5715    -1.5711    -1.5724    32.7691    32.7777  1026.6091    26.3619    286.726    273.522  369.15240     77.671     0.0745     0.0989     0.7061 8.4714e-06      13596          5  0.000e+00
     50.683   71.53640 -157.75142     51.212    -1.5715    -1.5716    -1.5724    32.7693    32.7779  1026.6092    26.3620    286.761    273.502  369.15202     77.681     0.0733     0.0916     0.7036 1.0000e-12      13597          5  0.000e+00
     50.621   71.53640 -157.75142     51.150    -1.5710    -1.5720    -1.5719    32.7688    32.7777  1026.6085    26.3615    286.481    273.252  369.14893     77.606     0.0733     0.0916     0.7011 1.0000e-12      13598          5  0.000e+00
     50.683   71.53640 -157.75142     51.212    -1.5715    -1.5724    -1.5724    32.7679    32.7780  1026.6081    26.3608    286.687    273.438  369.15606     77.660     0.0733     0.0916     0.7011 8.4714e-06      13599          5  0.000e+00
     50.683   71.53640 -157.75142     51.212    -1.5719    -1.5727    -1.5728    32.7670    32.7778  1026.6074    26.3602    286.732    273.655  369.16257     77.671     0.0733     0.0916     0.7023 8.4714e-06      13600          5  0.000e+00
     50.621   71.53640 -157.75142     51.150    -1.5727    -1.5730    -1.5736    32.7666    32.7780  1026.6067    26.3598    286.780    273.444  369.17194     77.682     0.0733     0.0916     0.7011 8.4714e-06      13601          5  0.000e+00
     50.621   71.53640 -157.75142     51.150    -1.5734    -1.5738    -1.5744    32.7668    32.7784  1026.6069    26.3600    286.829    273.669  369.17876     77.694     0.0733     0.0916     0.7023 8.4714e-06      13602          5  0.000e+00
     50.621   71.53640 -157.75142     51.150    -1.5739    -1.5739    -1.5748    32.7664    32.7776  1026.6066    26.3597    286.880    273.465  369.18465     77.706     0.0733     0.0916     0.7023 1.0000e-12      13603          5  0.000e+00
     50.105   71.53640 -157.75146     50.628    -1.5851    -1.5816    -1.5860    32.7644    32.7753  1026.6028    26.3583    287.179    274.827  369.30187     77.763     0.0781     0.1209     0.7172 8.4714e-06      13724          6  0.000e+00
     50.051   71.53640 -157.75146     50.573    -1.5843    -1.5822    -1.5852    32.7645    32.7751  1026.6026    26.3584    287.176    274.839  369.29355     77.764     0.0745     0.0989     0.7172 1.0000e-12      13725          6  0.000e+00
     50.166   71.53640 -157.75146     50.690    -1.5840    -1.5824    -1.5849    32.7650    32.7754  1026.6036    26.3588    287.183    274.852  369.28903     77.766     0.0757     0.1062     0.7172 8.4714e-06      13726          6  0.000e+00
     50.105   71.53640 -157.75146     50.628    -1.5837    -1.5824    -1.5846    32.7654    32.7756  1026.6035    26.3591    287.443    274.823  369.28521     77.838     0.0757     0.1062     0.7172 8.4714e-06      13727          6  0.000e+00
     50.105   71.53640 -157.75146     50.628    -1.5835    -1.5818    -1.5844    32.7651    32.7757  1026.6033    26.3588    287.236    274.791  369.28442     77.782     0.0757     0.1062     0.7172 8.4714e-06      13728          6  0.000e+00
     50.166   71.53640 -157.75146     50.690    -1.5832    -1.5812    -1.5842    32.7658    32.7759  1026.6042    26.3594    287.239    274.759  369.27943     77.784     0.0757     0.1062     0.7172 1.0000e-12      13729          6  0.000e+00
     50.105   71.53638 -157.75146     50.628    -1.5831    -1.5812    -1.5840    32.7662    32.7758  1026.6042    26.3598    287.238    274.727  369.27638     77.784     0.0757     0.1062     0.7172 8.4714e-06      13730          6  0.000e+00
     50.105   71.53638 -157.75146     50.628    -1.5829    -1.5809    -1.5838    32.7655    32.7754  1026.6036    26.3592    287.242    274.729  369.27685     77.785     0.0757     0.1062     0.7172 8.4714e-06      13731          6  0.000e+00
     50.105   71.53638 -157.75146     50.628    -1.5829    -1.5803    -1.5839    32.7657    32.7744  1026.6038    26.3594    287.246    274.728  369.27674     77.786     0.0745     0.0989     0.7172 1.0000e-12      13732          6  0.000e+00
     50.105   71.53638 -157.75146     50.628    -1.5829    -1.5804    -1.5838    32.7658    32.7742  1026.6039    26.3595    287.250    274.733  369.27584     77.787     0.0757     0.1062     0.7172 8.4714e-06      13733          6  0.000e+00
     50.166   71.53638 -157.75146     50.690    -1.5828    -1.5806    -1.5837    32.7659    32.7735  1026.6042    26.3595    287.255    274.741  369.27455     77.789     0.0757     0.1062     0.7160 1.0000e-12      13734          6  0.000e+00
     50.105   71.53638 -157.75146     50.628    -1.5826    -1.5812    -1.5835    32.7658    32.7739  1026.6039    26.3594    287.151    274.745  369.27301     77.761     0.0757     0.1062     0.7172 8.4714e-06      13735          6  0.000e+00
     50.159   71.53638 -157.75146     50.682    -1.5826    -1.5818    -1.5835    32.7653    32.7746  1026.6037    26.3591    287.414    274.720  369.27437     77.832     0.0757     0.1062     0.7172 8.4714e-06      13736          6  0.000e+00
     50.105   71.53638 -157.75146     50.628    -1.5826    -1.5820    -1.5835    32.7654    32.7745  1026.6035    26.3591    287.200    274.721  369.27415     77.774     0.0745     0.0989     0.7172 8.4714e-06      13737          6  0.000e+00
     50.105   71.53638 -157.75146     50.628    -1.5826    -1.5824    -1.5835    32.7655    32.7747  1026.6036    26.3592    287.146    274.692  369.27390     77.760     0.0757     0.1062     0.7184 1.0000e-12      13738          6  0.000e+00
     50.105   71.53638 -157.75146     50.628    -1.5828    -1.5822    -1.5837    32.7653    32.7747  1026.6034    26.3590    287.403    274.691  369.27633     77.829     0.0745     0.0989     0.7197 8.4714e-06      13739          6  0.000e+00
     50.105   71.53638 -157.75146     50.628    -1.5831    -1.5827    -1.5840    32.7652    32.7753  1026.6034    26.3589    287.190    274.693  369.27941     77.770     0.0757     0.1062     0.7209 8.4714e-06      13740          6  0.000e+00
     50.105   71.53638 -157.75146     50.628    -1.5837    -1.5825    -1.5846    32.7654    32.7750  1026.6036    26.3591    286.878    274.463  369.28508     77.685     0.0757     0.1062     0.7209 1.0000e-12      13741          6  0.000e+00
