EcoFOCI/data/1_SampleCollection/2023_SikuliaqDBO_CruiseData/CTD_raw_BottleFile_SKQ23-12S/proc/skq202312s_056.cnv
* Sea-Bird SBE 9 Data File:
* FileName = D:\CTD\SKQ202312S\SKQ202312S_056.hex
* Software Version Seasave V 7.26.7.121
* Temperature SN = 6177
* Conductivity SN = 0369
* Number of Bytes Per Scan = 41
* Number of Voltage Words = 4
* Number of Scans Averaged by the Deck Unit = 1
* NMEA Latitude = 71 11.69 N
* NMEA Longitude = 164 11.92 W
* NMEA UTC (Time) = Sep 27 2023  06:41:16
* NMEA baud rate = 4800
** Ship: R/V Sikuliaq
** Station Number: 056
** Station Name: IC6
** Bottom Depth: 44
** Operator: SD
# nquan = 24
# nvalues = 3968                                  
# units = specified
# name 0 = depSM: Depth [salt water, m]
# name 1 = latitude: Latitude [deg]
# name 2 = longitude: Longitude [deg]
# name 3 = prDM: Pressure, Digiquartz [db]
# name 4 = t090C: Temperature [ITS-90, deg C]
# name 5 = t190C: Temperature, 2 [ITS-90, deg C]
# name 6 = potemp090C: Potential Temperature [ITS-90, deg C]
# name 7 = sal00: Salinity, Practical [PSU]
# name 8 = sal11: Salinity, Practical, 2 [PSU]
# name 9 = density00: Density [density, kg/m^3]
# name 10 = sigma-é00: Density [sigma-theta, kg/m^3]
# name 11 = sbox0Mm/Kg: Oxygen, SBE 43 [umol/kg]
# name 12 = sbox1Mm/Kg: Oxygen, SBE 43, 2 [umol/kg]
# name 13 = oxsolMm/Kg: Oxygen Saturation, Garcia & Gordon [umol/kg]
# name 14 = sbeox0PS: Oxygen, SBE 43 [% saturation]
# name 15 = sbeox1PS: Oxygen, SBE 43, 2 [% saturation]
# name 16 = v0: Voltage 0
# name 17 = flECO-AFL: Fluorescence, WET Labs ECO-AFL/FL [mg/m^3]
# name 18 = v1: Voltage 1
# name 19 = CStarAt0: Beam Attenuation, WET Labs C-Star [1/m]
# name 20 = par: PAR/Irradiance, Biospherical/Licor
# name 21 = scan: Scan Count
# name 22 = timeM: Time, Elapsed [minutes]
# name 23 = flag:  0.000e+00
# span 0 =      2.089,     38.866                 
# span 1 =   71.19488,   71.19490                 
# span 2 = -164.19864, -164.19862                 
# span 3 =      2.111,     39.270                 
# span 4 =    -0.8832,     4.6042                 
# span 5 =    -0.8819,     4.6065                 
# span 6 =    -0.8842,     4.6027                 
# span 7 =    30.9011,    32.4079                 
# span 8 =    30.9257,    32.4242                 
# span 9 =  1024.5989,  1026.2079                 
# span 10 =    24.5714,    26.0466                
# span 11 =    289.674,    389.805                
# span 12 =    275.106,    354.333                
# span 13 =  319.08269,  363.57910                
# span 14 =     79.678,    108.587                
# span 15 =     75.682,     98.445                
# span 16 =     0.0891,     0.1758                
# span 17 =     0.1868,     0.7069                
# span 18 =     3.0513,     4.2198                
# span 19 =     0.4416,     1.7390                
# span 20 = 1.0000e-12, 2.3870e+00                
# span 21 =          1,       3968                
# span 22 =     0.0000,     2.7549                
# span 23 = 0.0000e+00, 0.0000e+00                
# interval = seconds: 0.0416667
# start_time = Sep 27 2023 06:45:52 [NMEA time, first data scan]
# bad_flag = -9.990e-29
*END*
[from data line 3744]
     37.963   71.19488 -164.19864     38.358    -0.8788    -0.8763    -0.8797    32.3598    32.3713  1026.1944    26.0099    291.094    276.714  363.53017     80.074     76.131     0.1062     0.2894     3.1148     1.6566 8.4714e-06       3745     2.6000  0.000e+00
     37.963   71.19488 -164.19864     38.358    -0.8788    -0.8761    -0.8797    32.3601    32.3709  1026.1946    26.0101    291.088    276.702  363.52932     80.073     76.127     0.1062     0.2894     3.1148     1.6566 8.4714e-06       3746     2.6007  0.000e+00
     37.956   71.19488 -164.19864     38.350    -0.8786    -0.8751    -0.8795    32.3603    32.3706  1026.1947    26.0102    291.080    276.681  363.52721     80.071     76.123     0.1050     0.2820     3.1148     1.6566 1.0000e-12       3747     2.6014  0.000e+00
     37.963   71.19488 -164.19864     38.358    -0.8785    -0.8742    -0.8794    32.3604    32.3714  1026.1948    26.0103    290.869    276.881  363.52586     80.013     76.181     0.1074     0.2967     3.1148     1.6566 1.0000e-12       3748     2.6021  0.000e+00
     37.963   71.19488 -164.19864     38.358    -0.8783    -0.8729    -0.8792    32.3599    32.3711  1026.1944    26.0099    290.820    276.661  363.52570     80.000     76.123     0.1074     0.2967     3.1184     1.6519 8.4714e-06       3749     2.6028  0.000e+00
     37.956   71.19488 -164.19864     38.350    -0.8776    -0.8728    -0.8785    32.3592    32.3718  1026.1938    26.0093    290.767    276.640  363.52042     79.986     76.118     0.1062     0.2894     3.1197     1.6503 1.0000e-12       3750     2.6035  0.000e+00
     37.963   71.19488 -164.19864     38.358    -0.8774    -0.8723    -0.8783    32.3590    32.3716  1026.1936    26.0091    291.177    276.618  363.51942     80.099     76.112     0.1074     0.2967     3.1209     1.6487 8.4714e-06       3751     2.6042  0.000e+00
     37.963   71.19488 -164.19864     38.358    -0.8768    -0.8727    -0.8777    32.3588    32.3720  1026.1935    26.0090    291.168    276.600  363.51381     80.098     76.107     0.1062     0.2894     3.1197     1.6503 8.4714e-06       3752     2.6049  0.000e+00
     38.010   71.19488 -164.19864     38.405    -0.8768    -0.8725    -0.8777    32.3587    32.3716  1026.1936    26.0089    290.910    276.579  363.51402     80.027     76.101     0.1074     0.2967     3.1197     1.6503 1.0000e-12       3753     2.6056  0.000e+00
     37.963   71.19488 -164.19864     38.358    -0.8768    -0.8728    -0.8777    32.3590    32.3715  1026.1937    26.0092    290.899    276.589  363.51309     80.024     76.103     0.1062     0.2894     3.1197     1.6503 8.4714e-06       3754     2.6063  0.000e+00
     37.963   71.19488 -164.19864     38.358    -0.8766    -0.8727    -0.8775    32.3592    32.3713  1026.1938    26.0093    290.938    276.566  363.51086     80.036     76.097     0.1074     0.2967     3.1197     1.6503 1.0000e-12       3755     2.6069  0.000e+00
     38.010   71.19488 -164.19864     38.405    -0.8765    -0.8725    -0.8774    32.3596    32.3708  1026.1944    26.0096    290.932    276.767  363.50861     80.035     76.152     0.1050     0.2820     3.1197     1.6503 1.0000e-12       3756     2.6076  0.000e+00
     37.963   71.19488 -164.19864     38.358    -0.8766    -0.8723    -0.8775    32.3607    32.3701  1026.1950    26.0105    290.923    276.769  363.50662     80.032     76.153     0.1074     0.2967     3.1197     1.6503 8.4714e-06       3757     2.6083  0.000e+00
     38.017   71.19488 -164.19864     38.412    -0.8762    -0.8734    -0.8771    32.3603    32.3713  1026.1949    26.0102    290.916    276.555  363.50333     80.031     76.093     0.1074     0.2967     3.1197     1.6503 8.4714e-06       3758     2.6090  0.000e+00
     37.963   71.19488 -164.19864     38.358    -0.8758    -0.8737    -0.8767    32.3605    32.3723  1026.1948    26.0103    290.904    276.523  363.49890     80.029     76.084     0.1062     0.2894     3.1197     1.6503 1.0000e-12       3759     2.6097  0.000e+00
     38.010   71.19488 -164.19864     38.405    -0.8750    -0.8731    -0.8759    32.3594    32.3715  1026.1941    26.0094    290.945    276.714  363.49455     80.041     76.137     0.1111     0.3187     3.1197     1.6503 8.4714e-06       3760     2.6104  0.000e+00
     38.017   71.19488 -164.19864     38.412    -0.8740    -0.8723    -0.8749    32.3580    32.3711  1026.1930    26.0082    290.935    276.704  363.48900     80.040     76.136     0.1111     0.3187     3.1197     1.6503 1.0000e-12       3761     2.6111  0.000e+00
     38.017   71.19488 -164.19864     38.412    -0.8736    -0.8717    -0.8745    32.3568    32.3703  1026.1920    26.0073    290.425    276.726  363.48792     79.899     76.143     0.1123     0.3260     3.1197     1.6503 8.4714e-06       3762     2.6118  0.000e+00
     37.956   71.19488 -164.19864     38.350    -0.8740    -0.8719    -0.8749    32.3573    32.3705  1026.1921    26.0076    290.836    276.749  363.49108     80.012     76.149     0.1111     0.3187     3.1197     1.6503 1.0000e-12       3763     2.6125  0.000e+00
     38.017   71.19488 -164.19864     38.412    -0.8736    -0.8723    -0.8745    32.3569    32.3701  1026.1921    26.0073    290.835    276.555  363.48780     80.012     76.094     0.1111     0.3187     3.1197     1.6503 1.0000e-12       3764     2.6132  0.000e+00
     38.017   71.19488 -164.19864     38.412    -0.8734    -0.8727    -0.8743    32.3565    32.3696  1026.1918    26.0070    290.835    276.551  363.48765     80.012     76.092     0.1111     0.3187     3.1209     1.6487 1.0000e-12       3765     2.6139  0.000e+00
     38.010   71.19488 -164.19864     38.405    -0.8736    -0.8732    -0.8745    32.3568    32.3696  1026.1919    26.0072    291.088    276.548  363.48815     80.082     76.090     0.1123     0.3260     3.1197     1.6503 1.0000e-12       3766     2.6146  0.000e+00
     38.017   71.19488 -164.19864     38.412    -0.8742    -0.8738    -0.8751    32.3571    32.3692  1026.1922    26.0075    291.138    276.547  363.49328     80.095     76.088     0.1123     0.3260     3.1197     1.6503 1.0000e-12       3767     2.6153  0.000e+00
     38.017   71.19488 -164.19864     38.412    -0.8750    -0.8746    -0.8759    32.3581    32.3697  1026.1931    26.0084    291.187    276.545  363.49858     80.107     76.086     0.1111     0.3187     3.1197     1.6503 8.4714e-06       3768     2.6160  0.000e+00
     38.017   71.19488 -164.19864     38.412    -0.8751    -0.8757    -0.8760    32.3579    32.3701  1026.1930    26.0082    290.977    276.545  363.49968     80.049     76.085     0.1123     0.3260     3.1209     1.6487 8.4714e-06       3769     2.6167  0.000e+00
     38.010   71.19488 -164.19864     38.405    -0.8754    -0.8768    -0.8763    32.3583    32.3707  1026.1932    26.0085    290.973    276.738  363.50193     80.047     76.136     0.1111     0.3187     3.1209     1.6487 1.0000e-12       3770     2.6174  0.000e+00
     38.017   71.19488 -164.19864     38.412    -0.8757    -0.8775    -0.8766    32.3578    32.3709  1026.1928    26.0081    291.020    276.540  363.50626     80.059     76.080     0.1123     0.3260     3.1209     1.6487 8.4714e-06       3771     2.6181  0.000e+00
     38.079   71.19488 -164.19864     38.475    -0.8763    -0.8774    -0.8773    32.3576    32.3711  1026.1931    26.0080    291.277    276.755  363.51269     80.128     76.139     0.1111     0.3187     3.1209     1.6487 1.0000e-12       3772     2.6187  0.000e+00
     38.064   71.19488 -164.19864     38.459    -0.8771    -0.8775    -0.8780    32.3577    32.3709  1026.1931    26.0081    290.819    276.551  363.51975     80.001     76.083     0.1123     0.3260     3.1209     1.6487 1.0000e-12       3773     2.6194  0.000e+00
     38.017   71.19488 -164.19864     38.412    -0.8779    -0.8778    -0.8788    32.3588    32.3713  1026.1938    26.0090    290.771    276.508  363.52423     79.987     76.071     0.1111     0.3187     3.1209     1.6487 1.0000e-12       3774     2.6201  0.000e+00
     38.017   71.19488 -164.19864     38.412    -0.8777    -0.8775    -0.8786    32.3589    32.3706  1026.1939    26.0091    291.022    276.718  363.52225     80.056     76.129     0.1123     0.3260     3.1209     1.6487 1.0000e-12       3775     2.6208  0.000e+00
     38.064   71.19488 -164.19864     38.459    -0.8777    -0.8775    -0.8786    32.3588    32.3708  1026.1940    26.0090    291.276    276.736  363.52257     80.126     76.134     0.1123     0.3260     3.1209     1.6487 1.0000e-12       3776     2.6215  0.000e+00
     38.079   71.19488 -164.19864     38.475    -0.8776    -0.8775    -0.8785    32.3586    32.3708  1026.1939    26.0089    291.069    276.528  363.52196     80.069     76.076     0.1123     0.3260     3.1209     1.6487 1.0000e-12       3777     2.6222  0.000e+00
     38.079   71.19488 -164.19864     38.475    -0.8773    -0.8778    -0.8782    32.3579    32.3710  1026.1933    26.0083    291.318    276.546  363.52067     80.138     76.081     0.1123     0.3260     3.1209     1.6487 1.0000e-12       3778     2.6229  0.000e+00
     38.064   71.19488 -164.19864     38.459    -0.8770    -0.8784    -0.8779    32.3572    32.3715  1026.1926    26.0077    291.107    276.536  363.52009     80.080     76.077     0.1111     0.3187     3.1209     1.6487 1.0000e-12       3779     2.6236  0.000e+00
     38.079   71.19488 -164.19864     38.475    -0.8770    -0.8789    -0.8779    32.3577    32.3716  1026.1932    26.0081    291.152    276.526  363.51854     80.093     76.074     0.1123     0.3260     3.1209     1.6487 8.4714e-06       3780     2.6243  0.000e+00
     38.079   71.19488 -164.19864     38.475    -0.8766    -0.8793    -0.8775    32.3573    32.3712  1026.1928    26.0077    291.148    276.517  363.51652     80.092     76.070     0.1111     0.3187     3.1209     1.6487 8.4714e-06       3781     2.6250  0.000e+00
     38.079   71.19488 -164.19864     38.475    -0.8766    -0.8795    -0.8775    32.3575    32.3706  1026.1929    26.0079    291.146    276.730  363.51591     80.092     76.128     0.1123     0.3260     3.1209     1.6487 1.0000e-12       3782     2.6257  0.000e+00
     38.064   71.19488 -164.19864     38.459    -0.8766    -0.8801    -0.8775    32.3583    32.3708  1026.1935    26.0085    291.141    276.749  363.51370     80.091     76.132     0.1111     0.3187     3.1209     1.6487 1.0000e-12       3783     2.6264  0.000e+00
     38.079   71.19488 -164.19864     38.475    -0.8765    -0.8798    -0.8774    32.3585    32.3707  1026.1937    26.0087    291.138    276.761  363.51201     80.090     76.136     0.1123     0.3260     3.1209     1.6487 1.0000e-12       3784     2.6271  0.000e+00
     38.079   71.19488 -164.19864     38.475    -0.8766    -0.8796    -0.8775    32.3587    32.3703  1026.1939    26.0089    291.137    276.549  363.51240     80.090     76.078     0.1123     0.3260     3.1209     1.6487 1.0000e-12       3785     2.6278  0.000e+00
     38.125   71.19488 -164.19864     38.522    -0.8762    -0.8790    -0.8771    32.3587    32.3706  1026.1941    26.0088    291.386    276.527  363.50862     80.159     76.073     0.1099     0.3113     3.1209     1.6487 8.4714e-06       3786     2.6285  0.000e+00
     38.079   71.19488 -164.19864     38.475    -0.8760    -0.8790    -0.8769    32.3602    32.3707  1026.1952    26.0101    291.169    276.508  363.50194     80.101     76.068     0.1099     0.3113     3.1209     1.6487 1.0000e-12       3787     2.6292  0.000e+00
     38.079   71.19488 -164.19864     38.475    -0.8748    -0.8792    -0.8757    32.3600    32.3705  1026.1949    26.0099    291.155    276.716  363.49099     80.100     76.125     0.1087     0.3040     3.1209     1.6487 1.0000e-12       3788     2.6299  0.000e+00
     38.179   71.19488 -164.19864     38.576    -0.8740    -0.8796    -0.8749    32.3595    32.3711  1026.1950    26.0095    291.148    276.733  363.48467     80.099     76.129     0.1099     0.3113     3.1184     1.6519 1.0000e-12       3789     2.6306  0.000e+00
     38.079   71.19490 -164.19864     38.475    -0.8736    -0.8802    -0.8745    32.3593    32.3719  1026.1943    26.0092    291.137    276.743  363.48099     80.097     76.131     0.1087     0.3040     3.1172     1.6534 1.0000e-12       3790     2.6313  0.000e+00
     38.133   71.19490 -164.19864     38.529    -0.8730    -0.8802    -0.8739    32.3592    32.3714  1026.1945    26.0091    291.130    276.755  363.47574     80.096     76.134     0.1099     0.3113     3.1172     1.6534 8.4714e-06       3791     2.6319  0.000e+00
     38.133   71.19490 -164.19864     38.529    -0.8725    -0.8804    -0.8734    32.3589    32.3716  1026.1942    26.0089    291.123    276.764  363.47211     80.095     76.136     0.1087     0.3040     3.1172     1.6534 1.0000e-12       3792     2.6326  0.000e+00
     38.125   71.19490 -164.19864     38.522    -0.8722    -0.8807    -0.8731    32.3590    32.3718  1026.1943    26.0090    291.368    276.772  363.46838     80.163     76.138     0.1099     0.3113     3.1172     1.6534 8.4714e-06       3793     2.6333  0.000e+00
     38.133   71.19490 -164.19864     38.529    -0.8720    -0.8807    -0.8729    32.3587    32.3719  1026.1941    26.0087    291.156    276.777  363.46763     80.105     76.139     0.1087     0.3040     3.1172     1.6534 1.0000e-12       3794     2.6340  0.000e+00
     38.187   71.19490 -164.19864     38.584    -0.8717    -0.8807    -0.8726    32.3585    32.3713  1026.1941    26.0085    291.150    276.785  363.46510     80.104     76.141     0.1087     0.3040     3.1172     1.6534 1.0000e-12       3795     2.6347  0.000e+00
     38.125   71.19490 -164.19864     38.522    -0.8716    -0.8806    -0.8725    32.3581    32.3716  1026.1935    26.0082    291.141    276.783  363.46496     80.102     76.141     0.1099     0.3113     3.1172     1.6534 8.4714e-06       3796     2.6354  0.000e+00
     38.133   71.19490 -164.19864     38.529    -0.8714    -0.8807    -0.8724    32.3575    32.3718  1026.1931    26.0077    291.087    276.817  363.46556     80.086     76.150     0.1087     0.3040     3.1172     1.6534 1.0000e-12       3797     2.6361  0.000e+00
     38.187   71.19490 -164.19864     38.584    -0.8714    -0.8806    -0.8724    32.3574    32.3715  1026.1932    26.0077    291.032    276.820  363.46589     80.071     76.151     0.1099     0.3113     3.1172     1.6534 1.0000e-12       3798     2.6368  0.000e+00
     38.179   71.19490 -164.19864     38.576    -0.8716    -0.8796    -0.8725    32.3572    32.3705  1026.1930    26.0075    290.974    276.814  363.46760     80.055     76.151     0.1087     0.3040     3.1172     1.6534 1.0000e-12       3799     2.6375  0.000e+00
     38.133   71.19490 -164.19864     38.529    -0.8724    -0.8793    -0.8733    32.3574    32.3708  1026.1930    26.0077    291.017    276.808  363.47462     80.065     76.150     0.1099     0.3113     3.1172     1.6534 8.4714e-06       3800     2.6382  0.000e+00
     38.133   71.19490 -164.19864     38.529    -0.8730    -0.8798    -0.8739    32.3573    32.3709  1026.1929    26.0076    291.062    276.809  363.48107     80.076     76.149     0.1087     0.3040     3.1172     1.6534 8.4714e-06       3801     2.6389  0.000e+00
     38.187   71.19490 -164.19864     38.584    -0.8736    -0.8802    -0.8745    32.3567    32.3709  1026.1927    26.0072    291.063    277.035  363.48833     80.075     76.211     0.1087     0.3040     3.1172     1.6534 1.0000e-12       3802     2.6396  0.000e+00
     38.179   71.19490 -164.19864     38.576    -0.8740    -0.8806    -0.8749    32.3561    32.3709  1026.1922    26.0067    291.060    277.062  363.49399     80.073     76.217     0.1087     0.3040     3.1172     1.6534 8.4714e-06       3803     2.6403  0.000e+00
