EcoFOCI/data/1_SampleCollection/2023_SikuliaqDBO_CruiseData/CTD_raw_BottleFile_SKQ23-12S/proc/skq202312s_067.ros
* Sea-Bird SBE 9 Data File:
* FileName = D:\CTD\SKQ202312S\SKQ202312S_067.hex
* Software Version Seasave V 7.26.7.121
* Temperature SN = 6177
* Conductivity SN = 0369
* Number of Bytes Per Scan = 41
* Number of Voltage Words = 4
* Number of Scans Averaged by the Deck Unit = 1
* NMEA Latitude = 72 18.60 N
* NMEA Longitude = 167 16.17 W
* NMEA UTC (Time) = Sep 28 2023  14:28:44
* NMEA baud rate = 4800
** Ship: R/V Sikuliaq
** Station Number: 067
** Station Name: C15
** Bottom Depth: 49
** Operator: SD
# nquan = 22
# nvalues = 735                                   
# units = specified
# name 0 = depSM: Depth [salt water, m]
# name 1 = latitude: Latitude [deg]
# name 2 = longitude: Longitude [deg]
# name 3 = prDM: Pressure, Digiquartz [db]
# name 4 = t090C: Temperature [ITS-90, deg C]
# name 5 = t190C: Temperature, 2 [ITS-90, deg C]
# name 6 = potemp090C: Potential Temperature [ITS-90, deg C]
# name 7 = sal00: Salinity, Practical [PSU]
# name 8 = sal11: Salinity, Practical, 2 [PSU]
# name 9 = density00: Density [density, kg/m^3]
# name 10 = sigma-é00: Density [sigma-theta, kg/m^3]
# name 11 = sbox0Mm/Kg: Oxygen, SBE 43 [umol/kg]
# name 12 = sbox1Mm/Kg: Oxygen, SBE 43, 2 [umol/kg]
# name 13 = oxsolMm/Kg: Oxygen Saturation, Garcia & Gordon [umol/kg]
# name 14 = sbeox0PS: Oxygen, SBE 43 [% saturation]
# name 15 = v0: Voltage 0
# name 16 = flECO-AFL: Fluorescence, WET Labs ECO-AFL/FL [mg/m^3]
# name 17 = CStarAt0: Beam Attenuation, WET Labs C-Star [1/m]
# name 18 = par: PAR/Irradiance, Biospherical/Licor
# name 19 = scan: Scan Count
# name 20 = nbf: Bottles Fired
# name 21 = flag:  0.000e+00
# interval = seconds: 0.0416667
# start_time = Sep 28 2023 14:32:23 [NMEA time, first data scan]
# bad_flag = -9.990e-29
*END*
     42.917   72.30998 -167.26964     43.366     0.7603     0.7383     0.7586    32.3795    32.3966  1026.1589    25.9525    298.098    281.893  348.18166     85.616     0.1026     0.2674     2.1643 1.0000e-12       6320          1  0.000e+00
     42.862   72.30998 -167.26964     43.311     0.7603     0.7371     0.7586    32.3786    32.3979  1026.1579    25.9517    298.121    281.950  348.18415     85.622     0.1001     0.2527     2.1625 1.0000e-12       6321          1  0.000e+00
     42.924   72.30998 -167.26964     43.373     0.7590     0.7364     0.7574    32.3797    32.3988  1026.1591    25.9527    297.915    281.980  348.19222     85.561     0.1013     0.2601     2.1625 1.0000e-12       6322          1  0.000e+00
     42.924   72.30998 -167.26964     43.373     0.7588     0.7368     0.7571    32.3797    32.3985  1026.1592    25.9527    298.134    282.000  348.19449     85.623     0.1026     0.2674     2.1625 1.0000e-12       6323          1  0.000e+00
     42.862   72.30998 -167.26964     43.311     0.7585     0.7372     0.7569    32.3784    32.3983  1026.1578    25.9517    297.918    282.016  348.20001     85.559     0.1013     0.2601     2.1625 1.0000e-12       6324          1  0.000e+00
     42.924   72.30998 -167.26962     43.373     0.7584     0.7377     0.7568    32.3768    32.3983  1026.1568    25.9504    297.946    281.823  348.20548     85.566     0.1026     0.2674     2.1625 8.4714e-06       6325          1  0.000e+00
     42.862   72.30998 -167.26962     43.311     0.7580     0.7383     0.7564    32.3766    32.3979  1026.1564    25.9503    298.164    281.993  348.20991     85.628     0.1013     0.2601     2.1643 1.0000e-12       6326          1  0.000e+00
     42.924   72.30998 -167.26962     43.373     0.7572     0.7393     0.7556    32.3754    32.3971  1026.1557    25.9493    297.959    282.007  348.22028     85.566     0.1013     0.2601     2.1804 1.0000e-12       6327          1  0.000e+00
     42.924   72.30998 -167.26962     43.373     0.7566     0.7395     0.7550    32.3738    32.3972  1026.1545    25.9480    297.989    282.021  348.23008     85.572     0.1013     0.2601     2.1929 1.0000e-12       6328          1  0.000e+00
     42.862   72.30998 -167.26962     43.311     0.7544     0.7391     0.7528    32.3742    32.3978  1026.1546    25.9485    298.178    282.249  348.24848     85.622     0.1013     0.2601     2.1947 1.0000e-12       6329          1  0.000e+00
     42.924   72.30998 -167.26962     43.373     0.7511     0.7394     0.7495    32.3769    32.3976  1026.1573    25.9509    297.984    282.289  348.27102     85.561     0.1013     0.2601     2.1947 8.4714e-06       6330          1  0.000e+00
     42.924   72.30998 -167.26962     43.373     0.7479     0.7396     0.7463    32.3798    32.3973  1026.1598    25.9534    297.981    282.326  348.29223     85.555     0.1013     0.2601     2.1929 1.0000e-12       6331          1  0.000e+00
     42.862   72.30998 -167.26962     43.311     0.7454     0.7394     0.7438    32.3826    32.3959  1026.1620    25.9558    298.207    282.365  348.30643     85.616     0.1026     0.2674     2.1947 8.4714e-06       6332          1  0.000e+00
     42.924   72.30998 -167.26962     43.373     0.7434     0.7393     0.7418    32.3851    32.3951  1026.1643    25.9579    298.000    282.404  348.31785     85.554     0.1013     0.2601     2.1947 8.4714e-06       6333          1  0.000e+00
     42.916   72.30998 -167.26962     43.366     0.7427     0.7387     0.7410    32.3851    32.3949  1026.1644    25.9579    297.980    282.441  348.32476     85.547     0.1013     0.2601     2.1929 1.0000e-12       6334          1  0.000e+00
     42.862   72.30998 -167.26962     43.311     0.7422     0.7364     0.7405    32.3858    32.3964  1026.1647    25.9585    297.955    282.483  348.32743     85.539     0.1013     0.2601     2.1929 1.0000e-12       6335          1  0.000e+00
     42.924   72.30998 -167.26962     43.373     0.7419     0.7334     0.7403    32.3862    32.3993  1026.1653    25.9589    297.933    282.504  348.32879     85.532     0.1026     0.2674     2.1929 1.0000e-12       6336          1  0.000e+00
     42.924   72.30998 -167.26962     43.373     0.7419     0.7323     0.7403    32.3857    32.3997  1026.1650    25.9585    297.908    282.536  348.33002     85.525     0.1013     0.2601     2.1947 1.0000e-12       6337          1  0.000e+00
     42.924   72.30998 -167.26962     43.373     0.7417     0.7325     0.7401    32.3857    32.3993  1026.1649    25.9585    297.884    282.556  348.33172     85.517     0.1013     0.2601     2.1929 1.0000e-12       6338          1  0.000e+00
     42.916   72.30998 -167.26962     43.365     0.7419     0.7331     0.7403    32.3856    32.3986  1026.1648    25.9584    297.856    282.571  348.33045     85.510     0.1013     0.2601     2.1929 1.0000e-12       6339          1  0.000e+00
     42.924   72.30998 -167.26962     43.373     0.7411     0.7335     0.7395    32.3862    32.3977  1026.1654    25.9589    297.836    282.588  348.33582     85.502     0.1013     0.2601     2.1929 1.0000e-12       6340          1  0.000e+00
     42.924   72.30998 -167.26962     43.373     0.7407     0.7339     0.7390    32.3868    32.3968  1026.1659    25.9594    297.812    282.572  348.33811     85.495     0.1026     0.2674     2.1929 1.0000e-12       6341          1  0.000e+00
     42.924   72.30998 -167.26962     43.373     0.7399     0.7336     0.7383    32.3879    32.3979  1026.1668    25.9604    297.704    282.556  348.34213     85.463     0.1013     0.2601     2.1929 1.0000e-12       6342          1  0.000e+00
     42.916   72.30998 -167.26962     43.365     0.7391     0.7332     0.7375    32.3890    32.3977  1026.1677    25.9613    297.678    282.539  348.34613     85.455     0.1013     0.2601     2.1929 1.0000e-12       6343          1  0.000e+00
     42.924   72.30998 -167.26962     43.373     0.7386     0.7331     0.7370    32.3900    32.3980  1026.1686    25.9621    297.694    282.544  348.34789     85.459     0.1013     0.2601     2.1947 1.0000e-12       6344          1  0.000e+00
     42.924   72.30998 -167.26962     43.373     0.7394     0.7320     0.7378    32.3891    32.3997  1026.1678    25.9614    297.705    282.551  348.34331     85.463     0.1038     0.2747     2.1947 1.0000e-12       6345          1  0.000e+00
     42.924   72.30998 -167.26962     43.373     0.7407     0.7322     0.7390    32.3884    32.3998  1026.1672    25.9607    297.713    282.550  348.33386     85.468     0.1050     0.2820     2.1929 1.0000e-12       6346          1  0.000e+00
     42.924   72.30998 -167.26962     43.373     0.7422     0.7323     0.7405    32.3874    32.4003  1026.1663    25.9599    297.677    282.334  348.32294     85.460     0.1062     0.2894     2.2037 1.0000e-12       6347          1  0.000e+00
     42.916   72.30998 -167.26962     43.365     0.7436     0.7333     0.7419    32.3867    32.4000  1026.1656    25.9592    297.642    282.507  348.31246     85.453     0.1062     0.2894     2.2127 1.0000e-12       6348          1  0.000e+00
     42.924   72.30998 -167.26962     43.373     0.7447     0.7347     0.7430    32.3858    32.3984  1026.1649    25.9584    297.610    282.494  348.30484     85.445     0.1050     0.2820     2.2145 1.0000e-12       6349          1  0.000e+00
     42.924   72.30998 -167.26962     43.373     0.7450     0.7351     0.7434    32.3855    32.3983  1026.1646    25.9581    297.584    282.483  348.30267     85.438     0.1062     0.2894     2.2145 1.0000e-12       6350          1  0.000e+00
     42.924   72.30998 -167.26962     43.373     0.7450     0.7355     0.7434    32.3855    32.3986  1026.1646    25.9581    297.559    282.468  348.30267     85.431     0.1050     0.2820     2.2145 1.0000e-12       6351          1  0.000e+00
     42.924   72.30998 -167.26962     43.373     0.7450     0.7359     0.7434    32.3857    32.3984  1026.1648    25.9583    297.535    282.453  348.30211     85.424     0.1062     0.2894     2.2145 1.0000e-12       6352          1  0.000e+00
     42.916   72.30998 -167.26962     43.365     0.7454     0.7369     0.7438    32.3864    32.3976  1026.1652    25.9588    297.505    282.643  348.29634     85.417     0.1050     0.2820     2.2145 8.4714e-06       6353          1  0.000e+00
     42.924   72.30998 -167.26962     43.373     0.7450     0.7380     0.7434    32.3878    32.3968  1026.1665    25.9600    297.287    282.433  348.29641     85.355     0.1062     0.2894     2.2145 1.0000e-12       6354          1  0.000e+00
     42.978   72.30998 -167.26962     43.428     0.7452     0.7376     0.7435    32.3879    32.3973  1026.1667    25.9600    297.225    282.446  348.29479     85.337     0.1038     0.2747     2.2145 8.4714e-06       6355          1  0.000e+00
     42.924   72.30998 -167.26962     43.373     0.7450     0.7362     0.7434    32.3882    32.3985  1026.1668    25.9603    297.207    282.460  348.29540     85.332     0.1050     0.2820     2.2145 1.0000e-12       6356          1  0.000e+00
     42.924   72.30998 -167.26962     43.373     0.7450     0.7364     0.7434    32.3875    32.3990  1026.1662    25.9597    297.432    282.434  348.29741     85.396     0.1062     0.2894     2.2145 1.0000e-12       6357          1  0.000e+00
     42.862   72.30998 -167.26962     43.311     0.7456     0.7371     0.7440    32.3872    32.3983  1026.1656    25.9595    297.217    282.403  348.29254     85.335     0.1050     0.2820     2.2145 1.0000e-12       6358          1  0.000e+00
     42.924   72.30998 -167.26962     43.373     0.7461     0.7387     0.7444    32.3876    32.3970  1026.1662    25.9598    297.206    282.368  348.28755     85.333     0.1062     0.2894     2.2127 1.0000e-12       6359          1  0.000e+00
     42.924   72.30998 -167.26962     43.373     0.7467     0.7383     0.7451    32.3867    32.3973  1026.1655    25.9590    297.197    282.341  348.28400     85.332     0.1050     0.2820     2.2145 1.0000e-12       6360          1  0.000e+00
     42.924   72.30998 -167.26962     43.373     0.7467     0.7376     0.7450    32.3860    32.3970  1026.1649    25.9584    297.197    282.528  348.28647     85.331     0.1062     0.2894     2.2145 8.4714e-06       6361          1  0.000e+00
     42.924   72.30998 -167.26962     43.373     0.7470     0.7367     0.7454    32.3860    32.3977  1026.1649    25.9585    297.196    282.525  348.28329     85.332     0.1050     0.2820     2.2145 8.4714e-06       6362          1  0.000e+00
     42.916   72.30998 -167.26962     43.365     0.7473     0.7359     0.7456    32.3862    32.3987  1026.1650    25.9586    297.198    282.307  348.28034     85.333     0.1050     0.2820     2.2145 1.0000e-12       6363          1  0.000e+00
     42.862   72.30998 -167.26962     43.311     0.7482     0.7366     0.7466    32.3865    32.3974  1026.1649    25.9588    297.152    282.261  348.27108     85.322     0.1050     0.2820     2.2145 1.0000e-12       6364          1  0.000e+00
     42.924   72.30998 -167.26962     43.373     0.7489     0.7376     0.7472    32.3867    32.3967  1026.1653    25.9589    297.115    282.242  348.26461     85.313     0.1050     0.2820     2.2145 1.0000e-12       6365          1  0.000e+00
     42.924   72.30998 -167.26962     43.373     0.7496     0.7378     0.7480    32.3863    32.3973  1026.1650    25.9585    297.078    282.435  348.25904     85.304     0.1062     0.2894     2.2145 1.0000e-12       6366          1  0.000e+00
     42.916   72.30998 -167.26962     43.365     0.7507     0.7371     0.7491    32.3848    32.3974  1026.1637    25.9573    297.042    282.238  348.25318     85.295     0.1050     0.2820     2.2181 1.0000e-12       6367          1  0.000e+00
     42.862   72.30998 -167.26962     43.311     0.7507     0.7366     0.7491    32.3836    32.3977  1026.1625    25.9563    296.971    282.431  348.25634     85.274     0.1062     0.2894     2.2271 1.0000e-12       6368          1  0.000e+00
     42.923   72.30998 -167.26964     43.372     0.7323     0.7155     0.7307    32.3953    32.4000  1026.1732    25.9668    298.155    281.467  348.39053     85.581     0.1038     0.2747     2.2109 8.4714e-06       6468          2  0.000e+00
     43.154   72.30998 -167.26962     43.606     0.7346     0.7150     0.7330    32.3953    32.3999  1026.1742    25.9666    297.941    281.483  348.36967     85.524     0.1038     0.2747     2.2344 8.4714e-06       6469          2  0.000e+00
     42.977   72.30998 -167.26962     43.427     0.7359     0.7135     0.7343    32.3964    32.4013  1026.1741    25.9674    297.913    281.489  348.35480     85.520     0.1050     0.2820     2.2435 1.0000e-12       6470          2  0.000e+00
     43.038   72.30998 -167.26962     43.489     0.7376     0.7120     0.7359    32.3974    32.4036  1026.1751    25.9681    298.410    281.715  348.33757     85.667     0.1038     0.2747     2.2416 1.0000e-12       6471          2  0.000e+00
     43.031   72.30998 -167.26962     43.481     0.7403     0.7100     0.7387    32.3967    32.4068  1026.1744    25.9674    298.224    281.545  348.31439     85.619     0.1050     0.2820     2.2398 1.0000e-12       6472          2  0.000e+00
     43.092   72.30998 -167.26962     43.543     0.7429     0.7117     0.7413    32.3953    32.4057  1026.1734    25.9662    298.000    281.753  348.29470     85.560     0.1038     0.2747     2.2398 1.0000e-12       6473          2  0.000e+00
     42.977   72.30998 -167.26962     43.427     0.7453     0.7149     0.7436    32.3936    32.4032  1026.1713    25.9646    297.968    281.759  348.27834     85.555     0.1038     0.2747     2.2398 1.0000e-12       6474          2  0.000e+00
     43.038   72.30998 -167.26962     43.489     0.7478     0.7178     0.7462    32.3916    32.4011  1026.1699    25.9629    297.942    281.775  348.26078     85.551     0.1038     0.2747     2.2398 8.4714e-06       6475          2  0.000e+00
     42.977   72.30998 -167.26962     43.427     0.7496     0.7207     0.7480    32.3893    32.3997  1026.1676    25.9609    297.919    281.784  348.25118     85.547     0.1038     0.2747     2.2398 1.0000e-12       6476          2  0.000e+00
     43.031   72.30998 -167.26962     43.481     0.7507     0.7231     0.7491    32.3869    32.3982  1026.1659    25.9590    297.906    281.802  348.24743     85.544     0.1038     0.2747     2.2398 8.4714e-06       6477          2  0.000e+00
     43.038   72.30998 -167.26962     43.489     0.7513     0.7253     0.7497    32.3862    32.3978  1026.1653    25.9584    297.892    281.818  348.24390     85.541     0.1050     0.2820     2.2398 1.0000e-12       6478          2  0.000e+00
     42.977   72.30998 -167.26962     43.427     0.7516     0.7267     0.7500    32.3856    32.3974  1026.1645    25.9578    297.878    281.837  348.24310     85.537     0.1050     0.2820     2.2398 1.0000e-12       6479          2  0.000e+00
     42.977   72.30998 -167.26962     43.427     0.7522     0.7277     0.7505    32.3851    32.3964  1026.1641    25.9574    297.864    281.863  348.23945     85.534     0.1038     0.2747     2.2416 8.4714e-06       6480          2  0.000e+00
     43.038   72.30998 -167.26962     43.489     0.7523     0.7276     0.7506    32.3852    32.3972  1026.1645    25.9575    298.092    281.686  348.23808     85.600     0.1050     0.2820     2.2416 1.0000e-12       6481          2  0.000e+00
     42.969   72.30998 -167.26962     43.419     0.7521     0.7276     0.7505    32.3865    32.3979  1026.1652    25.9585    297.880    281.900  348.23621     85.540     0.1038     0.2747     2.2398 1.0000e-12       6482          2  0.000e+00
     42.977   72.30998 -167.26962     43.426     0.7524     0.7271     0.7507    32.3868    32.3977  1026.1655    25.9588    297.865    281.938  348.23283     85.536     0.1050     0.2820     2.2398 1.0000e-12       6483          2  0.000e+00
