EcoFOCI/data/1_SampleCollection/2023_SikuliaqDBO_CruiseData/CTD_raw_BottleFile_SKQ23-12S/proc/skq202312s_044.cnv
* Sea-Bird SBE 9 Data File:
* FileName = D:\CTD\SKQ202312S\SKQ202312S_044.hex
* Software Version Seasave V 7.26.7.121
* Temperature SN = 6177
* Conductivity SN = 0369
* Number of Bytes Per Scan = 41
* Number of Voltage Words = 4
* Number of Scans Averaged by the Deck Unit = 1
* NMEA Latitude = 71 35.18 N
* NMEA Longitude = 161 23.69 W
* NMEA UTC (Time) = Sep 24 2023  08:13:31
* NMEA baud rate = 4800
** Ship: R/V Sikuliaq
** Station Number: 044
** Station Name: DBO4.4n
** Bottom Depth: 47
** Operator: SS
# nquan = 24
# nvalues = 5956                                  
# units = specified
# name 0 = depSM: Depth [salt water, m]
# name 1 = latitude: Latitude [deg]
# name 2 = longitude: Longitude [deg]
# name 3 = prDM: Pressure, Digiquartz [db]
# name 4 = t090C: Temperature [ITS-90, deg C]
# name 5 = t190C: Temperature, 2 [ITS-90, deg C]
# name 6 = potemp090C: Potential Temperature [ITS-90, deg C]
# name 7 = sal00: Salinity, Practical [PSU]
# name 8 = sal11: Salinity, Practical, 2 [PSU]
# name 9 = density00: Density [density, kg/m^3]
# name 10 = sigma-é00: Density [sigma-theta, kg/m^3]
# name 11 = sbox0Mm/Kg: Oxygen, SBE 43 [umol/kg]
# name 12 = sbox1Mm/Kg: Oxygen, SBE 43, 2 [umol/kg]
# name 13 = oxsolMm/Kg: Oxygen Saturation, Garcia & Gordon [umol/kg]
# name 14 = sbeox0PS: Oxygen, SBE 43 [% saturation]
# name 15 = sbeox1PS: Oxygen, SBE 43, 2 [% saturation]
# name 16 = v0: Voltage 0
# name 17 = flECO-AFL: Fluorescence, WET Labs ECO-AFL/FL [mg/m^3]
# name 18 = v1: Voltage 1
# name 19 = CStarAt0: Beam Attenuation, WET Labs C-Star [1/m]
# name 20 = par: PAR/Irradiance, Biospherical/Licor
# name 21 = scan: Scan Count
# name 22 = timeM: Time, Elapsed [minutes]
# name 23 = flag:  0.000e+00
# span 0 =      2.237,     42.100                 
# span 1 =   71.58606,   71.58618                 
# span 2 = -161.39586, -161.39548                 
# span 3 =      2.260,     42.539                 
# span 4 =    -1.5499,     2.4597                 
# span 5 =    -1.5487,     2.4704                 
# span 6 =    -1.5507,     2.4591                 
# span 7 =    27.0614,    32.5734                 
# span 8 =    27.0709,    32.5865                 
# span 9 =  1021.6314,  1026.4054                 
# span 10 =    21.6181,    26.2023                
# span 11 =    256.557,    449.839                
# span 12 =    241.583,    421.391                
# span 13 =  342.43014,  369.90940                
# span 14 =     69.435,    124.080                
# span 15 =     65.389,    116.024                
# span 16 =     0.0806,     1.3309                
# span 17 =     0.1355,     7.6373                
# span 18 =     2.5092,     4.1807                
# span 19 =     0.4789,     2.5218                
# span 20 = 1.0000e-12, 1.4350e+00                
# span 21 =          1,       5956                
# span 22 =     0.0000,     4.1354                
# span 23 = 0.0000e+00, 0.0000e+00                
# interval = seconds: 0.0416667
# start_time = Sep 24 2023 08:17:11 [NMEA time, first data scan]
# bad_flag = -9.990e-29
*END*
[from data line 1389]
      9.222   71.58614 -161.39556      9.317     2.0871     2.0883     2.0867    27.2332    27.2413  1021.7941    21.7497    343.327    326.071  350.12695     98.058     93.138     0.1795     0.7289     4.0720     0.5842 5.8208e-02       1390     0.9646  0.000e+00
      9.199   71.58614 -161.39556      9.294     2.0873     2.0882     2.0869    27.2334    27.2420  1021.7941    21.7498    343.301    326.083  350.12494     98.051     93.142     0.1807     0.7362     4.0720     0.5842 5.4276e-02       1391     0.9653  0.000e+00
      9.222   71.58614 -161.39556      9.317     2.0872     2.0882     2.0868    27.2328    27.2421  1021.7938    21.7494    343.047    326.096  350.12692     97.978     93.146     0.1783     0.7216     4.0720     0.5842 4.7603e-02       1392     0.9660  0.000e+00
      9.222   71.58614 -161.39556      9.317     2.0872     2.0883     2.0868    27.2328    27.2421  1021.7938    21.7493    343.217    326.106  350.12702     98.027     93.149     0.1795     0.7289     4.0708     0.5854 4.5283e-02       1393     0.9667  0.000e+00
      9.276   71.58614 -161.39556      9.372     2.0872     2.0882     2.0868    27.2328    27.2421  1021.7941    21.7494    343.194    326.121  350.12689     98.020     93.152     0.1819     0.7436     4.0696     0.5866 4.2089e-02       1394     0.9674  0.000e+00
      9.222   71.58614 -161.39556      9.317     2.0874     2.0883     2.0871    27.2324    27.2423  1021.7935    21.7491    343.163    326.126  350.12598     98.011     93.154     0.1832     0.7509     4.0696     0.5866 3.2027e-02       1395     0.9681  0.000e+00
      9.222   71.58614 -161.39556      9.317     2.0872     2.0883     2.0868    27.2329    27.2425  1021.7939    21.7495    342.901    326.160  350.12662     97.936     93.164     0.1917     0.8022     4.0696     0.5866 2.8677e-02       1396     0.9688  0.000e+00
      9.222   71.58614 -161.39556      9.317     2.0871     2.0883     2.0867    27.2328    27.2422  1021.7938    21.7494    343.068    326.169  350.12794     97.984     93.167     0.1917     0.8022     4.0696     0.5866 2.9925e-02       1397     0.9694  0.000e+00
      9.276   71.58614 -161.39556      9.372     2.0872     2.0882     2.0868    27.2325    27.2421  1021.7938    21.7491    343.080    326.180  350.12769     97.987     93.169     0.1929     0.8095     4.0696     0.5866 3.7635e-02       1398     0.9701  0.000e+00
      9.222   71.58614 -161.39556      9.317     2.0871     2.0883     2.0867    27.2332    27.2425  1021.7941    21.7497    343.046    326.182  350.12685     97.978     93.171     0.1917     0.8022     4.0696     0.5866 4.0740e-02       1399     0.9708  0.000e+00
      9.276   71.58614 -161.39556      9.372     2.0871     2.0883     2.0867    27.2330    27.2422  1021.7942    21.7496    343.057    326.190  350.12731     97.981     93.173     0.1917     0.8022     4.0696     0.5866 4.0740e-02       1400     0.9715  0.000e+00
      9.222   71.58614 -161.39556      9.317     2.0868     2.0882     2.0864    27.2335    27.2425  1021.7944    21.7500    343.065    326.193  350.12881     97.982     93.173     0.1929     0.8095     4.0696     0.5866 3.8958e-02       1401     0.9722  0.000e+00
      9.276   71.58614 -161.39556      9.372     2.0871     2.0882     2.0867    27.2334    27.2421  1021.7945    21.7498    343.032    326.199  350.12632     97.974     93.175     0.1917     0.8022     4.0696     0.5866 3.8516e-02       1402     0.9729  0.000e+00
      9.276   71.58614 -161.39556      9.372     2.0871     2.0883     2.0867    27.2334    27.2420  1021.7945    21.7498    343.039    326.200  350.12632     97.976     93.175     0.1929     0.8095     4.0684     0.5878 3.8516e-02       1403     0.9736  0.000e+00
      9.276   71.58614 -161.39556      9.372     2.0871     2.0882     2.0867    27.2330    27.2419  1021.7942    21.7496    343.046    326.203  350.12731     97.978     93.176     0.1917     0.8022     4.0696     0.5866 4.4823e-02       1404     0.9743  0.000e+00
      9.276   71.58614 -161.39556      9.372     2.0871     2.0882     2.0867    27.2329    27.2423  1021.7941    21.7495    343.012    326.202  350.12761     97.968     93.176     0.1917     0.8022     4.0696     0.5866 4.9483e-02       1405     0.9750  0.000e+00
      9.307   71.58614 -161.39556      9.403     2.0871     2.0879     2.0867    27.2329    27.2425  1021.7943    21.7494    343.059    326.178  350.12765     97.981     93.168     0.1917     0.8022     4.0696     0.5866 4.9956e-02       1406     0.9757  0.000e+00
      9.276   71.58614 -161.39556      9.372     2.0871     2.0882     2.0867    27.2327    27.2424  1021.7940    21.7493    343.065    326.145  350.12821     97.983     93.160     0.1917     0.8022     4.0684     0.5878 5.3790e-02       1407     0.9764  0.000e+00
      9.276   71.58614 -161.39556      9.372     2.0868     2.0881     2.0864    27.2331    27.2427  1021.7943    21.7496    343.073    326.140  350.12997     97.985     93.158     0.1929     0.8095     4.0696     0.5866 5.6723e-02       1408     0.9771  0.000e+00
      9.338   71.58614 -161.39556      9.434     2.0869     2.0883     2.0866    27.2334    27.2433  1021.7948    21.7498    343.040    326.132  350.12787     97.976     93.157     0.1917     0.8022     4.0696     0.5866 5.7712e-02       1409     0.9778  0.000e+00
      9.338   71.58614 -161.39556      9.434     2.0871     2.0881     2.0867    27.2335    27.2433  1021.7949    21.7499    343.043    326.128  350.12600     97.977     93.155     0.1929     0.8095     4.0696     0.5866 5.6231e-02       1410     0.9785  0.000e+00
      9.276   71.58614 -161.39556      9.372     2.0869     2.0881     2.0866    27.2336    27.2432  1021.7947    21.7500    343.746    326.117  350.12730     98.178     93.152     0.1905     0.7949     4.0696     0.5866 5.4762e-02       1411     0.9792  0.000e+00
      9.338   71.58614 -161.39556      9.434     2.0869     2.0882     2.0866    27.2333    27.2429  1021.7947    21.7498    343.166    326.318  350.12807     98.012     93.210     0.1917     0.8022     4.0696     0.5866 5.4276e-02       1412     0.9799  0.000e+00
      9.276   71.58614 -161.39556      9.372     2.0869     2.0881     2.0866    27.2336    27.2425  1021.7947    21.7500    343.355    326.123  350.12720     98.066     93.153     0.1929     0.8095     4.0708     0.5854 5.6231e-02       1413     0.9806  0.000e+00
      9.338   71.58614 -161.39556      9.434     2.0871     2.0881     2.0867    27.2338    27.2423  1021.7951    21.7501    343.158    326.296  350.12530     98.010     93.202     0.1917     0.8022     4.0733     0.5830 5.8208e-02       1414     0.9812  0.000e+00
      9.338   71.58614 -161.39556      9.434     2.0871     2.0881     2.0867    27.2333    27.2427  1021.7947    21.7498    343.156    326.096  350.12660     98.009     93.145     0.1917     0.8022     4.0745     0.5818 5.8706e-02       1415     0.9819  0.000e+00
      9.392   71.58614 -161.39556      9.489     2.0871     2.0882     2.0867    27.2329    27.2426  1021.7947    21.7494    343.157    326.080  350.12766     98.009     93.141     0.1917     0.8022     4.0745     0.5818 5.7217e-02       1416     0.9826  0.000e+00
      9.338   71.58614 -161.39556      9.434     2.0871     2.0881     2.0867    27.2330    27.2426  1021.7945    21.7496    342.917    326.061  350.12729     97.941     93.136     0.1917     0.8022     4.0733     0.5830 5.3790e-02       1417     0.9833  0.000e+00
      9.338   71.58614 -161.39556      9.434     2.0871     2.0882     2.0867    27.2331    27.2425  1021.7946    21.7496    343.110    326.042  350.12709     97.996     93.130     0.1917     0.8022     4.0733     0.5830 5.2342e-02       1418     0.9840  0.000e+00
      9.392   71.58614 -161.39556      9.489     2.0869     2.0881     2.0866    27.2330    27.2426  1021.7948    21.7496    343.113    326.025  350.12874     97.996     93.125     0.1917     0.8022     4.0745     0.5818 5.1863e-02       1419     0.9847  0.000e+00
      9.392   71.58614 -161.39556      9.489     2.0871     2.0879     2.0867    27.2330    27.2428  1021.7948    21.7495    343.343    326.005  350.12736     98.062     93.119     0.1929     0.8095     4.0745     0.5818 5.0431e-02       1420     0.9854  0.000e+00
      9.368   71.58614 -161.39556      9.465     2.0869     2.0881     2.0866    27.2336    27.2426  1021.7951    21.7500    343.144    325.981  350.12732     98.006     93.113     0.1795     0.7289     4.0733     0.5830 4.9956e-02       1421     0.9861  0.000e+00
      9.392   71.58614 -161.39556      9.489     2.0869     2.0882     2.0866    27.2333    27.2425  1021.7950    21.7498    343.143    325.984  350.12804     98.005     93.114     0.1722     0.6850     4.0745     0.5818 4.7603e-02       1422     0.9868  0.000e+00
      9.453   71.58614 -161.39556      9.551     2.0871     2.0881     2.0867    27.2332    27.2428  1021.7952    21.7497    343.141    325.964  350.12674     98.005     93.108     0.1697     0.6703     4.0733     0.5830 3.0762e-02       1423     0.9875  0.000e+00
      9.392   71.58614 -161.39556      9.489     2.0869     2.0883     2.0866    27.2336    27.2426  1021.7953    21.7500    343.369    325.936  350.12715     98.070     93.100     0.1709     0.6776     4.0733     0.5830 2.3391e-02       1424     0.9882  0.000e+00
      9.392   71.58614 -161.39556      9.489     2.0871     2.0880     2.0867    27.2339    27.2429  1021.7955    21.7503    343.400    325.913  350.12488     98.079     93.093     0.1722     0.6850     4.0733     0.5830 2.2595e-02       1425     0.9889  0.000e+00
      9.453   71.58614 -161.39556      9.551     2.0869     2.0882     2.0866    27.2342    27.2434  1021.7960    21.7505    343.436    325.887  350.12564     98.089     93.087     0.1709     0.6776     4.0745     0.5818 2.2199e-02       1426     0.9896  0.000e+00
      9.453   71.58614 -161.39556      9.551     2.0871     2.0883     2.0867    27.2336    27.2431  1021.7956    21.7500    343.233    325.885  350.12565     98.031     93.086     0.1722     0.6850     4.0733     0.5830 2.2199e-02       1427     0.9903  0.000e+00
      9.392   71.58614 -161.39556      9.489     2.0871     2.0882     2.0867    27.2337    27.2429  1021.7954    21.7501    343.222    325.883  350.12537     98.028     93.085     0.1709     0.6776     4.0745     0.5818 2.2199e-02       1428     0.9910  0.000e+00
      9.453   71.58614 -161.39556      9.551     2.0869     2.0882     2.0866    27.2341    27.2428  1021.7960    21.7504    343.451    325.885  350.12583     98.094     93.086     0.1709     0.6776     4.0733     0.5830 3.8516e-02       1429     0.9917  0.000e+00
      9.507   71.58614 -161.39556      9.606     2.0869     2.0879     2.0866    27.2339    27.2430  1021.7961    21.7503    343.249    325.888  350.12630     98.036     93.086     0.1709     0.6776     4.0745     0.5818 5.2342e-02       1430     0.9924  0.000e+00
      9.453   71.58614 -161.39556      9.551     2.0869     2.0883     2.0866    27.2337    27.2428  1021.7956    21.7501    343.238    325.881  350.12693     98.032     93.085     0.1709     0.6776     4.0733     0.5830 5.5251e-02       1431     0.9931  0.000e+00
      9.507   71.58614 -161.39556      9.606     2.0871     2.0881     2.0867    27.2337    27.2432  1021.7959    21.7501    342.762    326.093  350.12552     97.897     93.145     0.1722     0.6850     4.0745     0.5818 6.4790e-02       1432     0.9938  0.000e+00
      9.507   71.58614 -161.39556      9.606     2.0871     2.0882     2.0867    27.2338    27.2428  1021.7959    21.7501    343.145    326.116  350.12532     98.006     93.152     0.1709     0.6776     4.0733     0.5830 7.7041e-02       1433     0.9944  0.000e+00
      9.507   71.58614 -161.39556      9.606     2.0869     2.0882     2.0866    27.2342    27.2429  1021.7963    21.7505    343.372    325.929  350.12550     98.071     93.098     0.1722     0.6850     4.0733     0.5830 7.9810e-02       1434     0.9951  0.000e+00
      9.484   71.58614 -161.39556      9.582     2.0871     2.0882     2.0867    27.2339    27.2435  1021.7959    21.7502    343.168    325.923  350.12499     98.013     93.097     0.1709     0.6776     4.0733     0.5830 7.8698e-02       1435     0.9958  0.000e+00
      9.507   71.58614 -161.39556      9.606     2.0871     2.0882     2.0867    27.2341    27.2434  1021.7962    21.7504    343.394    325.921  350.12443     98.078     93.096     0.1709     0.6776     4.0733     0.5830 7.7591e-02       1436     0.9965  0.000e+00
      9.561   71.58614 -161.39556      9.660     2.0869     2.0883     2.0866    27.2345    27.2434  1021.7968    21.7508    343.426    325.893  350.12468     98.087     93.089     0.1734     0.6923     4.0733     0.5830 7.7591e-02       1437     0.9972  0.000e+00
      9.561   71.58614 -161.39556      9.660     2.0872     2.0882     2.0868    27.2340    27.2434  1021.7964    21.7503    343.452    325.890  350.12367     98.094     93.088     0.1722     0.6850     4.0733     0.5830 7.4310e-02       1438     0.9979  0.000e+00
      9.507   71.58614 -161.39556      9.606     2.0872     2.0881     2.0868    27.2341    27.2434  1021.7962    21.7504    343.475    325.885  350.12351     98.101     93.086     0.1722     0.6850     4.0733     0.5830 6.5824e-02       1439     0.9986  0.000e+00
      9.561   71.58614 -161.39556      9.660     2.0869     2.0882     2.0866    27.2344    27.2433  1021.7967    21.7506    343.270    325.882  350.12518     98.042     93.085     0.1709     0.6776     4.0733     0.5830 6.3250e-02       1440     0.9993  0.000e+00
      9.561   71.58614 -161.39556      9.660     2.0872     2.0882     2.0868    27.2341    27.2437  1021.7965    21.7504    343.447    325.877  350.12338     98.093     93.084     0.1709     0.6776     4.0733     0.5830 5.7217e-02       1441     1.0000  0.000e+00
      9.623   71.58614 -161.39556      9.722     2.0871     2.0882     2.0867    27.2342    27.2437  1021.7968    21.7505    343.471    325.876  350.12417     98.100     93.084     0.1709     0.6776     4.0733     0.5830 3.6758e-02       1442     1.0007  0.000e+00
      9.623   71.58614 -161.39556      9.722     2.0871     2.0883     2.0867    27.2342    27.2435  1021.7968    21.7505    343.491    325.870  350.12417     98.105     93.082     0.1709     0.6776     4.0733     0.5830 2.9092e-02       1443     1.0014  0.000e+00
      9.561   71.58614 -161.39556      9.660     2.0872     2.0883     2.0868    27.2341    27.2434  1021.7965    21.7504    343.271    325.864  350.12338     98.043     93.080     0.1722     0.6850     4.0733     0.5830 2.7851e-02       1444     1.0021  0.000e+00
      9.623   71.58614 -161.39556      9.722     2.0869     2.0883     2.0866    27.2343    27.2434  1021.7969    21.7506    343.215    325.862  350.12525     98.026     93.080     0.1709     0.6776     4.0733     0.5830 2.1409e-02       1445     1.0028  0.000e+00
      9.677   71.58614 -161.39556      9.777     2.0872     2.0881     2.0868    27.2343    27.2439  1021.7971    21.7505    343.426    325.862  350.12303     98.087     93.079     0.1734     0.6923     4.0733     0.5830 1.8295e-02       1446     1.0035  0.000e+00
      9.623   71.58614 -161.39556      9.722     2.0872     2.0883     2.0868    27.2340    27.2435  1021.7967    21.7503    343.438    325.853  350.12375     98.091     93.078     0.1758     0.7069     4.0733     0.5830 1.8681e-02       1447     1.0042  0.000e+00
      9.677   71.58614 -161.39556      9.777     2.0869     2.0882     2.0866    27.2342    27.2438  1021.7971    21.7505    343.456    325.853  350.12552     98.095     93.077     0.1758     0.7069     4.0733     0.5830 2.9092e-02       1448     1.0049  0.000e+00
      9.654   71.58614 -161.39556      9.754     2.0869     2.0883     2.0866    27.2343    27.2434  1021.7971    21.7506    343.466    325.847  350.12539     98.098     93.076     0.1758     0.7069     4.0733     0.5830 3.5454e-02       1449     1.0056  0.000e+00
