EcoFOCI/data/1_SampleCollection/2023_SikuliaqDBO_CruiseData/CTD_raw_BottleFile_SKQ23-12S/proc/skq202312s_024.cnv
* Sea-Bird SBE 9 Data File:
* FileName = D:\CTD\SKQ202312S\SKQ202312S_024.hex
* Software Version Seasave V 7.26.7.121
* Temperature SN = 6177
* Conductivity SN = 0369
* Number of Bytes Per Scan = 41
* Number of Voltage Words = 4
* Number of Scans Averaged by the Deck Unit = 1
* NMEA Latitude = 71 12.47 N
* NMEA Longitude = 158 00.01 W
* NMEA UTC (Time) = Sep 20 2023  13:29:26
* NMEA baud rate = 4800
** Ship: R/V Sikuliaq
** Station Number: 024
** Station Name: C5
** Bottom Depth: 49
** Operator: SD
** C5 Mooring Site pre-deployment
# nquan = 24
# nvalues = 4307                                  
# units = specified
# name 0 = depSM: Depth [salt water, m]
# name 1 = latitude: Latitude [deg]
# name 2 = longitude: Longitude [deg]
# name 3 = prDM: Pressure, Digiquartz [db]
# name 4 = t090C: Temperature [ITS-90, deg C]
# name 5 = t190C: Temperature, 2 [ITS-90, deg C]
# name 6 = potemp090C: Potential Temperature [ITS-90, deg C]
# name 7 = sal00: Salinity, Practical [PSU]
# name 8 = sal11: Salinity, Practical, 2 [PSU]
# name 9 = density00: Density [density, kg/m^3]
# name 10 = sigma-é00: Density [sigma-theta, kg/m^3]
# name 11 = sbox0Mm/Kg: Oxygen, SBE 43 [umol/kg]
# name 12 = sbox1Mm/Kg: Oxygen, SBE 43, 2 [umol/kg]
# name 13 = oxsolMm/Kg: Oxygen Saturation, Garcia & Gordon [umol/kg]
# name 14 = sbeox0PS: Oxygen, SBE 43 [% saturation]
# name 15 = sbeox1PS: Oxygen, SBE 43, 2 [% saturation]
# name 16 = v0: Voltage 0
# name 17 = flECO-AFL: Fluorescence, WET Labs ECO-AFL/FL [mg/m^3]
# name 18 = v1: Voltage 1
# name 19 = CStarAt0: Beam Attenuation, WET Labs C-Star [1/m]
# name 20 = par: PAR/Irradiance, Biospherical/Licor
# name 21 = scan: Scan Count
# name 22 = timeM: Time, Elapsed [minutes]
# name 23 = flag:  0.000e+00
# span 0 =      2.333,     43.192                 
# span 1 =   71.20792,   71.20792                 
# span 2 = -157.99980, -157.99978                 
# span 3 =      2.357,     43.641                 
# span 4 =     0.8896,     4.9502                 
# span 5 =     0.8905,     4.9124                 
# span 6 =     0.8879,     4.9499                 
# span 7 =    30.0861,    32.1344                 
# span 8 =    30.1180,    32.1497                 
# span 9 =  1023.8152,  1025.9481                 
# span 10 =    23.7944,    25.7451                
# span 11 =    300.050,    337.513                
# span 12 =    287.845,    319.577                
# span 13 =  319.18624,  347.70690                
# span 14 =     92.817,     97.767                
# span 15 =     88.099,     93.732                
# span 16 =     0.0806,     0.2125                
# span 17 =     0.1355,     0.9267                
# span 18 =     2.1392,     4.1978                
# span 19 =     0.4625,     3.1602                
# span 20 = 1.0000e-12, 6.0050e-01                
# span 21 =          1,       4307                
# span 22 =     0.0000,     2.9903                
# span 23 = 0.0000e+00, 0.0000e+00                
# interval = seconds: 0.0416667
# start_time = Sep 20 2023 13:33:23 [NMEA time, first data scan]
# bad_flag = -9.990e-29
*END*
[from data line 3563]
     39.860   71.20792 -157.99978     40.275     0.9057     0.9107     0.9042    32.1226    32.1358  1025.9292    25.7376    323.862    310.460  347.56861     93.179     89.344     0.0928     0.2088     3.5726     1.1078 1.0000e-12       3564     2.4743  0.000e+00
     39.806   71.20792 -157.99978     40.220     0.9053     0.9101     0.9037    32.1232    32.1359  1025.9295    25.7381    323.650    310.661  347.57082     93.118     89.400     0.0928     0.2088     3.5726     1.1078 1.0000e-12       3565     2.4750  0.000e+00
     39.860   71.20792 -157.99978     40.275     0.9051     0.9090     0.9036    32.1236    32.1355  1025.9301    25.7385    323.636    310.475  347.57126     93.114     89.344     0.0928     0.2088     3.5726     1.1078 1.0000e-12       3566     2.4757  0.000e+00
     39.914   71.20792 -157.99978     40.329     0.9049     0.9082     0.9034    32.1236    32.1351  1025.9303    25.7384    323.859    310.468  347.57292     93.177     89.340     0.0928     0.2088     3.5726     1.1078 1.0000e-12       3567     2.4764  0.000e+00
     39.860   71.20792 -157.99978     40.275     0.9051     0.9076     0.9036    32.1234    32.1358  1025.9299    25.7383    323.642    310.452  347.57193     93.115     89.335     0.0928     0.2088     3.5714     1.1091 8.4714e-06       3568     2.4771  0.000e+00
     39.852   71.20792 -157.99978     40.267     0.9047     0.9061     0.9031    32.1237    32.1362  1025.9301    25.7386    323.626    310.446  347.57498     93.110     89.330     0.0928     0.2088     3.5714     1.1091 1.0000e-12       3569     2.4778  0.000e+00
     39.914   71.20792 -157.99978     40.329     0.9053     0.9044     0.9037    32.1236    32.1367  1025.9303    25.7384    323.647    310.443  347.56999     93.117     89.325     0.0916     0.2015     3.5678     1.1132 1.0000e-12       3570     2.4785  0.000e+00
     39.860   71.20792 -157.99978     40.275     0.9053     0.9035     0.9037    32.1238    32.1376  1025.9302    25.7386    323.627    310.426  347.56935     93.112     89.319     0.0928     0.2088     3.5665     1.1146 1.0000e-12       3571     2.4792  0.000e+00
     39.914   71.20792 -157.99978     40.329     0.9054     0.9030     0.9039    32.1231    32.1373  1025.9299    25.7380    323.612    310.411  347.56962     93.107     89.313     0.0928     0.2088     3.5665     1.1146 1.0000e-12       3572     2.4799  0.000e+00
     39.914   71.20792 -157.99978     40.329     0.9053     0.9038     0.9037    32.1237    32.1369  1025.9304    25.7385    324.068    310.381  347.56965     93.238     89.306     0.0928     0.2088     3.5665     1.1146 1.0000e-12       3573     2.4806  0.000e+00
     39.860   71.20792 -157.99978     40.275     0.9053     0.9055     0.9037    32.1234    32.1374  1025.9299    25.7382    323.656    310.366  347.57046     93.119     89.306     0.0928     0.2088     3.5665     1.1146 1.0000e-12       3574     2.4813  0.000e+00
     39.976   71.20792 -157.99978     40.392     0.9053     0.9067     0.9037    32.1225    32.1372  1025.9297    25.7375    323.921    310.335  347.57285     93.195     89.300     0.0928     0.2088     3.5665     1.1146 1.0000e-12       3575     2.4819  0.000e+00
     39.914   71.20792 -157.99978     40.329     0.9045     0.9080     0.9030    32.1228    32.1366  1025.9297    25.7378    323.753    310.297  347.57909     93.145     89.291     0.0928     0.2088     3.5665     1.1146 1.0000e-12       3576     2.4826  0.000e+00
     39.976   71.20792 -157.99978     40.392     0.9040     0.9080     0.9025    32.1227    32.1366  1025.9299    25.7377    323.742    310.273  347.58380     93.141     89.284     0.0928     0.2088     3.5665     1.1146 1.0000e-12       3577     2.4833  0.000e+00
     39.914   71.20792 -157.99978     40.329     0.9037     0.9082     0.9022    32.1226    32.1363  1025.9296    25.7377    323.723    310.241  347.58653     93.135     89.276     0.0928     0.2088     3.5665     1.1146 8.4714e-06       3578     2.4840  0.000e+00
     39.976   71.20792 -157.99978     40.392     0.9026     0.9082     0.9011    32.1230    32.1355  1025.9302    25.7381    323.717    310.216  347.59533     93.130     89.268     0.0928     0.2088     3.5665     1.1146 8.4714e-06       3579     2.4847  0.000e+00
     39.914   71.20792 -157.99978     40.329     0.9012     0.9064     0.8997    32.1230    32.1343  1025.9300    25.7382    323.988    310.203  347.60766     93.205     89.259     0.0928     0.2088     3.5665     1.1146 1.0000e-12       3580     2.4854  0.000e+00
     39.976   71.20792 -157.99978     40.392     0.8994     0.9035     0.8978    32.1247    32.1344  1025.9318    25.7396    323.790    310.229  347.62004     93.145     89.260     0.0928     0.2088     3.5665     1.1146 1.0000e-12       3581     2.4861  0.000e+00
     39.914   71.20792 -157.99978     40.329     0.8999     0.9010     0.8983    32.1258    32.1354  1025.9323    25.7405    323.761    310.216  347.61266     93.139     89.251     0.0928     0.2088     3.5665     1.1146 1.0000e-12       3582     2.4868  0.000e+00
     40.030   71.20792 -157.99978     40.446     0.9017     0.8989     0.9001    32.1263    32.1364  1025.9332    25.7408    323.728    310.233  347.59492     93.134     89.252     0.0928     0.2088     3.5665     1.1146 1.0000e-12       3583     2.4875  0.000e+00
     39.976   71.20792 -157.99978     40.392     0.9039     0.8977     0.9023    32.1252    32.1376  1025.9320    25.7398    323.688    310.234  347.57785     93.127     89.250     0.0965     0.2308     3.5665     1.1146 1.0000e-12       3584     2.4882  0.000e+00
     39.914   71.20792 -157.99978     40.329     0.9051     0.8968     0.9036    32.1244    32.1391  1025.9310    25.7391    323.657    310.232  347.56913     93.120     89.249     0.0989     0.2454     3.5665     1.1146 1.0000e-12       3585     2.4889  0.000e+00
     39.976   71.20792 -157.99978     40.392     0.9059     0.8972     0.9043    32.1240    32.1391  1025.9309    25.7387    323.634    310.227  347.56322     93.115     89.248     0.1001     0.2527     3.5665     1.1146 1.0000e-12       3586     2.4896  0.000e+00
     39.976   71.20792 -157.99978     40.392     0.9063     0.8979     0.9048    32.1238    32.1387  1025.9307    25.7386    323.612    310.216  347.55983     93.110     89.247     0.0989     0.2454     3.5665     1.1146 1.0000e-12       3587     2.4903  0.000e+00
     39.976   71.20792 -157.99978     40.392     0.9065     0.8983     0.9049    32.1232    32.1392  1025.9302    25.7380    323.593    310.207  347.56002     93.104     89.245     0.1001     0.2527     3.5665     1.1146 1.0000e-12       3588     2.4910  0.000e+00
     39.968   71.20792 -157.99978     40.384     0.9063     0.8990     0.9048    32.1234    32.1400  1025.9303    25.7382    323.575    310.194  347.56092     93.099     89.244     0.0989     0.2454     3.5665     1.1146 1.0000e-12       3589     2.4917  0.000e+00
     39.976   71.20792 -157.99978     40.392     0.9062     0.9000     0.9047    32.1232    32.1399  1025.9302    25.7380    323.794    310.182  347.56261     93.161     89.242     0.1001     0.2527     3.5726     1.1078 8.4714e-06       3590     2.4924  0.000e+00
     39.976   71.20792 -157.99978     40.392     0.9062     0.9012     0.9047    32.1227    32.1390  1025.9298    25.7376    323.816    310.168  347.56394     93.167     89.240     0.0989     0.2454     3.5763     1.1037 1.0000e-12       3591     2.4931  0.000e+00
     39.976   71.20792 -157.99978     40.392     0.9056     0.9021     0.9040    32.1221    32.1385  1025.9294    25.7372    323.843    310.157  347.57147     93.173     89.239     0.1001     0.2527     3.5763     1.1037 1.0000e-12       3592     2.4937  0.000e+00
     40.030   71.20792 -157.99978     40.446     0.9045     0.9024     0.9029    32.1217    32.1380  1025.9294    25.7369    323.637    310.153  347.58192     93.111     89.238     0.0989     0.2454     3.5763     1.1037 1.0000e-12       3593     2.4944  0.000e+00
     39.914   71.20792 -157.99978     40.329     0.9034     0.9022     0.9018    32.1226    32.1376  1025.9296    25.7377    323.853    310.174  347.58946     93.171     89.243     0.1001     0.2527     3.5763     1.1037 1.0000e-12       3594     2.4951  0.000e+00
     39.976   71.20792 -157.99978     40.392     0.9028     0.9019     0.9012    32.1230    32.1373  1025.9303    25.7381    323.876    310.177  347.59376     93.176     89.243     0.0989     0.2454     3.5763     1.1037 1.0000e-12       3595     2.4958  0.000e+00
     40.030   71.20792 -157.99978     40.446     0.9023     0.9019     0.9007    32.1236    32.1375  1025.9310    25.7386    323.895    310.175  347.59669     93.181     89.243     0.1001     0.2527     3.5763     1.1037 1.0000e-12       3596     2.4965  0.000e+00
     39.914   71.20792 -157.99978     40.330     0.9025     0.9022     0.9009    32.1236    32.1372  1025.9304    25.7385    323.664    310.165  347.59527     93.115     89.241     0.0989     0.2454     3.5763     1.1037 1.0000e-12       3597     2.4972  0.000e+00
     39.976   71.20792 -157.99978     40.392     0.9026     0.9021     0.9011    32.1236    32.1375  1025.9307    25.7386    323.636    310.165  347.59367     93.108     89.240     0.1001     0.2527     3.5763     1.1037 8.4714e-06       3598     2.4979  0.000e+00
     39.976   71.20792 -157.99978     40.392     0.9030     0.9025     0.9014    32.1237    32.1377  1025.9308    25.7387    323.603    309.947  347.59030     93.099     89.179     0.0989     0.2454     3.5763     1.1037 8.4714e-06       3599     2.4986  0.000e+00
     39.976   71.20792 -157.99978     40.392     0.9031     0.9024     0.9016    32.1235    32.1380  1025.9306    25.7384    323.573    310.128  347.58960     93.091     89.231     0.1001     0.2527     3.5763     1.1037 1.0000e-12       3600     2.4993  0.000e+00
     39.976   71.20792 -157.99978     40.392     0.9026     0.9026     0.9011    32.1231    32.1378  1025.9303    25.7381    323.593    310.153  347.59511     93.095     89.238     0.0989     0.2454     3.5763     1.1037 1.0000e-12       3601     2.5000  0.000e+00
     40.030   71.20792 -157.99978     40.446     0.9026     0.9023     0.9011    32.1226    32.1372  1025.9302    25.7378    323.805    310.158  347.59630     93.155     89.239     0.0989     0.2454     3.5763     1.1037 1.0000e-12       3602     2.5007  0.000e+00
     39.976   71.20792 -157.99978     40.392     0.9028     0.9019     0.9012    32.1236    32.1371  1025.9308    25.7386    323.617    310.158  347.59210     93.103     89.238     0.0989     0.2454     3.5763     1.1037 8.4714e-06       3603     2.5014  0.000e+00
     39.915   71.20792 -157.99978     40.330     0.9030     0.9016     0.9014    32.1237    32.1374  1025.9305    25.7386    323.628    310.157  347.59054     93.106     89.237     0.0989     0.2454     3.5763     1.1037 1.0000e-12       3604     2.5021  0.000e+00
     39.976   71.20792 -157.99978     40.392     0.9028     0.9013     0.9012    32.1231    32.1372  1025.9304    25.7382    323.887    310.161  347.59342     93.180     89.237     0.0989     0.2454     3.5763     1.1037 1.0000e-12       3605     2.5028  0.000e+00
     39.976   71.20792 -157.99978     40.392     0.9023     0.9014     0.9007    32.1230    32.1374  1025.9303    25.7381    323.672    310.159  347.59827     93.117     89.237     0.0989     0.2454     3.5763     1.1037 8.4714e-06       3606     2.5035  0.000e+00
     39.976   71.20792 -157.99978     40.392     0.9018     0.9018     0.9003    32.1230    32.1378  1025.9303    25.7382    323.650    310.153  347.60211     93.109     89.237     0.0989     0.2454     3.5763     1.1037 1.0000e-12       3607     2.5042  0.000e+00
     39.976   71.20792 -157.99978     40.392     0.9014     0.9015     0.8998    32.1235    32.1377  1025.9307    25.7385    323.671    309.945  347.60496     93.114     89.176     0.1001     0.2527     3.5763     1.1037 1.0000e-12       3608     2.5049  0.000e+00
     39.969   71.20792 -157.99978     40.384     0.9009     0.9015     0.8994    32.1236    32.1375  1025.9308    25.7387    323.651    310.129  347.60902     93.108     89.229     0.0989     0.2454     3.5763     1.1037 1.0000e-12       3609     2.5056  0.000e+00
     39.915   71.20792 -157.99978     40.330     0.9006     0.9020     0.8991    32.1236    32.1370  1025.9305    25.7386    323.863    310.123  347.61164     93.168     89.228     0.0989     0.2454     3.5763     1.1037 1.0000e-12       3610     2.5063  0.000e+00
     39.976   71.20792 -157.99978     40.392     0.9001     0.9019     0.8986    32.1242    32.1376  1025.9313    25.7392    323.648    310.153  347.61448     93.106     89.237     0.0977     0.2381     3.5763     1.1037 1.0000e-12       3611     2.5069  0.000e+00
     39.976   71.20792 -157.99978     40.392     0.8999     0.9022     0.8983    32.1246    32.1372  1025.9317    25.7395    323.624    310.152  347.61585     93.098     89.237     0.0989     0.2454     3.5763     1.1037 1.0000e-12       3612     2.5076  0.000e+00
     39.976   71.20792 -157.99978     40.392     0.9003     0.9021     0.8987    32.1245    32.1377  1025.9316    25.7394    323.637    310.153  347.61212     93.103     89.237     0.0977     0.2381     3.5763     1.1037 1.0000e-12       3613     2.5083  0.000e+00
     39.976   71.20792 -157.99978     40.392     0.9005     0.9021     0.8989    32.1250    32.1379  1025.9320    25.7399    323.610    310.181  347.60911     93.096     89.245     0.0977     0.2381     3.5763     1.1037 8.4714e-06       3614     2.5090  0.000e+00
     39.915   71.20792 -157.99978     40.330     0.9012     0.9022     0.8997    32.1245    32.1381  1025.9313    25.7394    323.814    310.179  347.60356     93.156     89.245     0.0977     0.2381     3.5763     1.1037 1.0000e-12       3615     2.5097  0.000e+00
     39.969   71.20792 -157.99978     40.384     0.9018     0.9021     0.9003    32.1244    32.1378  1025.9314    25.7392    323.869    310.186  347.59856     93.173     89.247     0.0977     0.2381     3.5763     1.1037 1.0000e-12       3616     2.5104  0.000e+00
     39.976   71.20792 -157.99978     40.392     0.9023     0.9021     0.9007    32.1246    32.1373  1025.9316    25.7394    323.644    310.189  347.59384     93.110     89.247     0.0977     0.2381     3.5763     1.1037 1.0000e-12       3617     2.5111  0.000e+00
     39.976   71.20792 -157.99978     40.392     0.9031     0.9021     0.9016    32.1250    32.1373  1025.9319    25.7397    323.609    310.192  347.58540     93.102     89.248     0.0977     0.2381     3.5763     1.1037 1.0000e-12       3618     2.5118  0.000e+00
     39.915   71.20792 -157.99978     40.330     0.9043     0.9019     0.9028    32.1246    32.1375  1025.9311    25.7393    323.570    309.982  347.57568     93.093     89.187     0.0977     0.2381     3.5763     1.1037 1.0000e-12       3619     2.5125  0.000e+00
     39.976   71.20792 -157.99978     40.392     0.9051     0.9022     0.9036    32.1241    32.1373  1025.9310    25.7389    323.304    310.169  347.56989     93.018     89.242     0.0977     0.2381     3.5763     1.1037 1.0000e-12       3620     2.5132  0.000e+00
     39.915   71.20792 -157.99978     40.330     0.9056     0.9029     0.9040    32.1236    32.1377  1025.9302    25.7384    323.233    310.163  347.56750     92.999     89.242     0.0977     0.2381     3.5763     1.1037 1.0000e-12       3621     2.5139  0.000e+00
     39.969   71.20792 -157.99978     40.384     0.9054     0.9027     0.9039    32.1238    32.1374  1025.9307    25.7385    323.259    310.171  347.56794     93.006     89.244     0.0989     0.2454     3.5763     1.1037 1.0000e-12       3622     2.5146  0.000e+00
