EcoFOCI/data/1_SampleCollection/2023_SikuliaqDBO_CruiseData/CTD_raw_BottleFile_SKQ23-12S/proc/skq202312s_044.cnv
* Sea-Bird SBE 9 Data File:
* FileName = D:\CTD\SKQ202312S\SKQ202312S_044.hex
* Software Version Seasave V 7.26.7.121
* Temperature SN = 6177
* Conductivity SN = 0369
* Number of Bytes Per Scan = 41
* Number of Voltage Words = 4
* Number of Scans Averaged by the Deck Unit = 1
* NMEA Latitude = 71 35.18 N
* NMEA Longitude = 161 23.69 W
* NMEA UTC (Time) = Sep 24 2023  08:13:31
* NMEA baud rate = 4800
** Ship: R/V Sikuliaq
** Station Number: 044
** Station Name: DBO4.4n
** Bottom Depth: 47
** Operator: SS
# nquan = 24
# nvalues = 5956                                  
# units = specified
# name 0 = depSM: Depth [salt water, m]
# name 1 = latitude: Latitude [deg]
# name 2 = longitude: Longitude [deg]
# name 3 = prDM: Pressure, Digiquartz [db]
# name 4 = t090C: Temperature [ITS-90, deg C]
# name 5 = t190C: Temperature, 2 [ITS-90, deg C]
# name 6 = potemp090C: Potential Temperature [ITS-90, deg C]
# name 7 = sal00: Salinity, Practical [PSU]
# name 8 = sal11: Salinity, Practical, 2 [PSU]
# name 9 = density00: Density [density, kg/m^3]
# name 10 = sigma-é00: Density [sigma-theta, kg/m^3]
# name 11 = sbox0Mm/Kg: Oxygen, SBE 43 [umol/kg]
# name 12 = sbox1Mm/Kg: Oxygen, SBE 43, 2 [umol/kg]
# name 13 = oxsolMm/Kg: Oxygen Saturation, Garcia & Gordon [umol/kg]
# name 14 = sbeox0PS: Oxygen, SBE 43 [% saturation]
# name 15 = sbeox1PS: Oxygen, SBE 43, 2 [% saturation]
# name 16 = v0: Voltage 0
# name 17 = flECO-AFL: Fluorescence, WET Labs ECO-AFL/FL [mg/m^3]
# name 18 = v1: Voltage 1
# name 19 = CStarAt0: Beam Attenuation, WET Labs C-Star [1/m]
# name 20 = par: PAR/Irradiance, Biospherical/Licor
# name 21 = scan: Scan Count
# name 22 = timeM: Time, Elapsed [minutes]
# name 23 = flag:  0.000e+00
# span 0 =      2.237,     42.100                 
# span 1 =   71.58606,   71.58618                 
# span 2 = -161.39586, -161.39548                 
# span 3 =      2.260,     42.539                 
# span 4 =    -1.5499,     2.4597                 
# span 5 =    -1.5487,     2.4704                 
# span 6 =    -1.5507,     2.4591                 
# span 7 =    27.0614,    32.5734                 
# span 8 =    27.0709,    32.5865                 
# span 9 =  1021.6314,  1026.4054                 
# span 10 =    21.6181,    26.2023                
# span 11 =    256.557,    449.839                
# span 12 =    241.583,    421.391                
# span 13 =  342.43014,  369.90940                
# span 14 =     69.435,    124.080                
# span 15 =     65.389,    116.024                
# span 16 =     0.0806,     1.3309                
# span 17 =     0.1355,     7.6373                
# span 18 =     2.5092,     4.1807                
# span 19 =     0.4789,     2.5218                
# span 20 = 1.0000e-12, 1.4350e+00                
# span 21 =          1,       5956                
# span 22 =     0.0000,     4.1354                
# span 23 = 0.0000e+00, 0.0000e+00                
# interval = seconds: 0.0416667
# start_time = Sep 24 2023 08:17:11 [NMEA time, first data scan]
# bad_flag = -9.990e-29
*END*
[from data line 61]
      2.468   71.58618 -161.39548      2.493     1.9957     1.9888     1.9956    27.0779    27.0755  1021.6426    21.6307    343.314    326.556  351.36231     97.709     92.922     0.1709     0.6776     4.0635     0.5927 3.9602e-01         62     0.0424  0.000e+00
      2.522   71.58618 -161.39548      2.548     1.9961     1.9891     1.9960    27.0776    27.0761  1021.6427    21.6305    343.117    326.548  351.35908     97.654     92.921     0.1685     0.6630     4.0635     0.5927 3.9314e-01         63     0.0431  0.000e+00
      2.468   71.58618 -161.39548      2.493     1.9966     1.9895     1.9965    27.0779    27.0769  1021.6426    21.6307    343.069    326.322  351.35385     97.642     92.858     0.1697     0.6703     4.0647     0.5915 4.8377e-01         64     0.0437  0.000e+00
      2.468   71.58618 -161.39548      2.493     1.9966     1.9898     1.9965    27.0789    27.0772  1021.6434    21.6315    343.299    326.283  351.35125     97.708     92.848     0.1685     0.6630     4.0635     0.5927 6.3358e-01         65     0.0444  0.000e+00
      2.522   71.58618 -161.39548      2.548     1.9969     1.9895     1.9968    27.0788    27.0781  1021.6436    21.6314    343.059    326.248  351.34845     97.641     92.838     0.1697     0.6703     4.0635     0.5927 6.7709e-01         66     0.0451  0.000e+00
      2.468   71.58618 -161.39548      2.493     1.9970     1.9898     1.9969    27.0788    27.0782  1021.6433    21.6314    343.051    326.229  351.34765     97.638     92.833     0.1685     0.6630     4.0635     0.5927 6.8383e-01         67     0.0458  0.000e+00
      2.522   71.58618 -161.39548      2.548     1.9974     1.9899     1.9973    27.0787    27.0784  1021.6434    21.6313    343.279    326.398  351.34504     97.704     92.882     0.1770     0.7143     4.0635     0.5927 7.0671e-01         68     0.0465  0.000e+00
      2.491   71.58618 -161.39548      2.517     1.9975     1.9902     1.9974    27.0786    27.0792  1021.6432    21.6312    343.075    326.373  351.34372     97.646     92.876     0.1807     0.7362     4.0635     0.5927 7.1605e-01         69     0.0472  0.000e+00
      2.468   71.58618 -161.39548      2.493     1.9977     1.9912     1.9976    27.0788    27.0789  1021.6433    21.6314    343.340    326.159  351.34170     97.722     92.817     0.1795     0.7289     4.0635     0.5927 6.6159e-01         70     0.0479  0.000e+00
      2.468   71.58618 -161.39548      2.493     1.9978     1.9916     1.9978    27.0783    27.0797  1021.6428    21.6309    343.372    326.130  351.34171     97.732     92.811     0.1807     0.7362     4.0635     0.5927 5.2763e-01         71     0.0486  0.000e+00
      2.468   71.58618 -161.39548      2.493     1.9978     1.9921     1.9978    27.0779    27.0799  1021.6425    21.6306    343.170    326.102  351.34280     97.674     92.804     0.1783     0.7216     4.0635     0.5927 4.8547e-01         72     0.0493  0.000e+00
      2.468   71.58618 -161.39548      2.493     1.9980     1.9929     1.9979    27.0775    27.0806  1021.6422    21.6303    343.395    326.043  351.34231     97.738     92.789     0.1807     0.7362     4.0635     0.5927 4.8377e-01         73     0.0500  0.000e+00
      2.468   71.58618 -161.39548      2.493     1.9978     1.9936     1.9978    27.0774    27.0804  1021.6421    21.6302    343.426    326.010  351.34400     97.746     92.781     0.1807     0.7362     4.0635     0.5927 4.7370e-01         74     0.0507  0.000e+00
      2.468   71.58618 -161.39548      2.493     1.9978     1.9938     1.9978    27.0766    27.0806  1021.6415    21.6296    343.222    325.980  351.34619     97.688     92.774     0.1795     0.7289     4.0635     0.5927 4.7038e-01         75     0.0514  0.000e+00
      2.468   71.58618 -161.39548      2.493     1.9977     1.9939     1.9976    27.0763    27.0810  1021.6413    21.6294    343.447    325.950  351.34838     97.751     92.765     0.1795     0.7289     4.0635     0.5927 4.8039e-01         76     0.0521  0.000e+00
      2.468   71.58618 -161.39548      2.493     1.9977     1.9938     1.9976    27.0763    27.0809  1021.6413    21.6294    343.239    325.921  351.34848     97.692     92.757     0.1795     0.7289     4.0635     0.5927 6.1068e-01         77     0.0528  0.000e+00
      2.406   71.58618 -161.39548      2.431     1.9974     1.9942     1.9973    27.0759    27.0807  1021.6406    21.6290    342.800    325.911  351.35257     97.566     92.755     0.1807     0.7362     4.0635     0.5927 6.9291e-01         78     0.0535  0.000e+00
      2.468   71.58618 -161.39548      2.493     1.9969     1.9944     1.9968    27.0757    27.0806  1021.6408    21.6289    343.190    325.882  351.35751     97.676     92.747     0.1795     0.7289     4.0635     0.5927 6.9978e-01         79     0.0542  0.000e+00
      2.406   71.58618 -161.39548      2.431     1.9966     1.9947     1.9965    27.0753    27.0810  1021.6402    21.6286    343.183    325.844  351.36104     97.673     92.737     0.1795     0.7289     4.0635     0.5927 6.8609e-01         80     0.0549  0.000e+00
      2.468   71.58618 -161.39548      2.493     1.9964     1.9953     1.9963    27.0754    27.0813  1021.6406    21.6287    343.179    325.807  351.36221     97.671     92.728     0.1807     0.7362     4.0623     0.5939 6.7709e-01         81     0.0556  0.000e+00
      2.429   71.58618 -161.39548      2.454     1.9964     1.9959     1.9963    27.0762    27.0822  1021.6410    21.6293    343.401    325.791  351.36007     97.735     92.726     0.1795     0.7289     4.0635     0.5927 6.7709e-01         82     0.0563  0.000e+00
      2.406   71.58618 -161.39548      2.431     1.9966     1.9965     1.9965    27.0770    27.0837  1021.6416    21.6300    343.426    325.773  351.35636     97.743     92.723     0.1807     0.7362     4.0635     0.5927 5.6887e-01         83     0.0569  0.000e+00
      2.468   71.58618 -161.39548      2.493     1.9968     1.9966     1.9967    27.0781    27.0853  1021.6427    21.6308    343.217    325.763  351.35196     97.685     92.722     0.1795     0.7289     4.0623     0.5939 4.9058e-01         84     0.0576  0.000e+00
      2.352   71.58618 -161.39548      2.376     1.9970     1.9972     1.9969    27.0792    27.0850  1021.6431    21.6318    343.195    325.720  351.34641     97.680     92.711     0.1795     0.7289     4.0635     0.5927 4.7536e-01         85     0.0583  0.000e+00
      2.468   71.58618 -161.39548      2.493     1.9975     1.9977     1.9974    27.0793    27.0849  1021.6436    21.6317    343.418    325.686  351.34199     97.745     92.702     0.1807     0.7362     4.0635     0.5927 4.2732e-01         86     0.0590  0.000e+00
      2.352   71.58618 -161.39548      2.376     1.9980     1.9976     1.9979    27.0788    27.0849  1021.6427    21.6313    343.201    325.671  351.33888     97.684     92.698     0.1795     0.7289     4.0635     0.5927 3.7477e-01         87     0.0597  0.000e+00
      2.406   71.58618 -161.39548      2.431     1.9978     1.9972     1.9978    27.0783    27.0846  1021.6425    21.6310    343.428    325.670  351.34163     97.747     92.696     0.1807     0.7362     4.0635     0.5927 3.6380e-01         88     0.0604  0.000e+00
      2.406   71.58618 -161.39548      2.431     1.9981     1.9974     1.9980    27.0775    27.0852  1021.6419    21.6303    343.217    325.656  351.34131     97.688     92.693     0.1795     0.7289     4.0623     0.5939 4.1070e-01         89     0.0611  0.000e+00
      2.406   71.58618 -161.39548      2.431     1.9980     1.9982     1.9979    27.0769    27.0857  1021.6414    21.6299    343.246    325.638  351.34383     97.695     92.690     0.1807     0.7362     4.0635     0.5927 4.9574e-01         90     0.0618  0.000e+00
      2.352   71.58618 -161.39548      2.376     1.9974     1.9980     1.9973    27.0771    27.0866  1021.6414    21.6301    343.470    325.626  351.34911     97.758     92.687     0.1795     0.7289     4.0635     0.5927 5.2221e-01         91     0.0625  0.000e+00
      2.406   71.58618 -161.39548      2.431     1.9971     1.9984     1.9970    27.0775    27.0853  1021.6420    21.6304    343.224    325.618  351.35060     97.687     92.685     0.1795     0.7289     4.0635     0.5927 4.9747e-01         92     0.0632  0.000e+00
      2.352   71.58618 -161.39548      2.376     1.9970     1.9983     1.9969    27.0780    27.0855  1021.6421    21.6307    343.439    325.607  351.34980     97.748     92.682     0.1746     0.6996     4.0635     0.5927 4.4289e-01         93     0.0639  0.000e+00
      2.406   71.58618 -161.39548      2.431     1.9974     1.9984     1.9973    27.0785    27.0865  1021.6428    21.6312    343.458    325.597  351.34540     97.755     92.679     0.1648     0.6410     4.0635     0.5927 4.2579e-01         94     0.0646  0.000e+00
      2.314   71.58618 -161.39548      2.338     1.9974     1.9990     1.9973    27.0795    27.0873  1021.6431    21.6320    343.236    325.366  351.34269     97.693     92.616     0.1636     0.6337     4.0635     0.5927 4.0184e-01         95     0.0653  0.000e+00
      2.352   71.58618 -161.39548      2.376     1.9975     1.9993     1.9974    27.0800    27.0881  1021.6436    21.6323    343.216    325.539  351.34005     97.688     92.666     0.1624     0.6264     4.0635     0.5927 3.1249e-01         96     0.0660  0.000e+00
      2.406   71.58618 -161.39548      2.431     1.9978     1.9996     1.9978    27.0802    27.0888  1021.6440    21.6324    342.961    325.528  351.33665     97.616     92.664     0.1636     0.6337     4.0635     0.5927 2.8097e-01         97     0.0667  0.000e+00
      2.352   71.58618 -161.39548      2.376     1.9984     1.9997     1.9984    27.0805    27.0893  1021.6440    21.6327    343.088    325.515  351.33039     97.654     92.661     0.1648     0.6410     4.0623     0.5939 2.9819e-01         98     0.0674  0.000e+00
      2.352   71.58618 -161.39548      2.376     1.9988     2.0003     1.9987    27.0821    27.0892  1021.6453    21.6340    343.061    325.292  351.32303     97.648     92.599     0.1636     0.6337     4.0647     0.5915 5.1149e-01         99     0.0681  0.000e+00
      2.298   71.58618 -161.39548      2.322     1.9999     2.0002     1.9998    27.0836    27.0898  1021.6461    21.6351    343.025    325.492  351.30932     97.642     92.656     0.1648     0.6410     4.0684     0.5878 6.5721e-01        100     0.0688  0.000e+00
      2.352   71.58618 -161.39548      2.376     2.0008     2.0007     2.0007    27.0837    27.0896  1021.6465    21.6351    342.998    325.484  351.30063     97.637     92.655     0.1636     0.6337     4.0684     0.5878 6.6159e-01        101     0.0694  0.000e+00
      2.298   71.58618 -161.39548      2.322     2.0011     2.0007     2.0010    27.0840    27.0902  1021.6464    21.6353    342.972    325.474  351.29709     97.630     92.653     0.1648     0.6410     4.0684     0.5878 4.5244e-01        102     0.0701  0.000e+00
      2.352   71.58618 -161.39548      2.376     2.0014     2.0010     2.0013    27.0838    27.0907  1021.6465    21.6352    342.952    325.466  351.29458     97.625     92.651     0.1636     0.6337     4.0684     0.5878 3.5706e-01        103     0.0708  0.000e+00
      2.352   71.58618 -161.39548      2.376     2.0018     2.0010     2.0017    27.0841    27.0907  1021.6467    21.6354    342.929    325.459  351.29091     97.620     92.650     0.1636     0.6337     4.0684     0.5878 3.4779e-01        104     0.0715  0.000e+00
      2.298   71.58618 -161.39548      2.322     2.0024     2.0011     2.0023    27.0847    27.0903  1021.6469    21.6358    343.133    325.451  351.28396     97.680     92.647     0.1648     0.6410     4.0684     0.5878 5.8056e-01        105     0.0722  0.000e+00
      2.298   71.58618 -161.39548      2.322     2.0032     2.0007     2.0031    27.0852    27.0899  1021.6472    21.6361    342.908    325.449  351.27533     97.618     92.645     0.1636     0.6337     4.0684     0.5878 8.5289e-01        106     0.0729  0.000e+00
      2.314   71.58618 -161.39548      2.338     2.0035     2.0010     2.0034    27.0851    27.0896  1021.6472    21.6360    342.885    325.467  351.27313     97.612     92.651     0.1648     0.6410     4.0684     0.5878 9.1197e-01        107     0.0736  0.000e+00
      2.298   71.58618 -161.39548      2.322     2.0035     2.0011     2.0034    27.0850    27.0894  1021.6471    21.6360    342.863    325.697  351.27321     97.606     92.716     0.1636     0.6337     4.0684     0.5878 1.0027e+00        108     0.0743  0.000e+00
      2.298   71.58618 -161.39548      2.322     2.0038     2.0012     2.0037    27.0851    27.0897  1021.6471    21.6360    342.839    325.532  351.27014     97.600     92.670     0.1636     0.6337     4.0684     0.5878 1.1291e+00        109     0.0750  0.000e+00
      2.298   71.58618 -161.39548      2.322     2.0041     2.0011     2.0040    27.0855    27.0900  1021.6474    21.6363    342.813    325.554  351.26617     97.594     92.676     0.1661     0.6483     4.0684     0.5878 1.1611e+00        110     0.0757  0.000e+00
      2.298   71.58618 -161.39548      2.322     2.0040     2.0013     2.0040    27.0860    27.0900  1021.6479    21.6368    342.832    325.575  351.26513     97.599     92.683     0.1636     0.6337     4.0684     0.5878 1.0090e+00        111     0.0764  0.000e+00
      2.298   71.58618 -161.39548      2.322     2.0043     2.0015     2.0042    27.0864    27.0901  1021.6481    21.6370    343.043    325.807  351.26229     97.660     92.749     0.1648     0.6410     4.0684     0.5878 8.0494e-01        112     0.0771  0.000e+00
      2.298   71.58618 -161.39548      2.322     2.0044     2.0016     2.0043    27.0864    27.0899  1021.6482    21.6371    342.826    325.620  351.26116     97.599     92.696     0.1636     0.6337     4.0684     0.5878 7.5691e-01        113     0.0778  0.000e+00
      2.298   71.58618 -161.39548      2.322     2.0046     2.0021     2.0045    27.0860    27.0894  1021.6478    21.6367    342.844    325.615  351.26031     97.604     92.696     0.1636     0.6337     4.0684     0.5878 6.2100e-01        114     0.0785  0.000e+00
      2.237   71.58618 -161.39548      2.260     2.0042     2.0018     2.0041    27.0865    27.0900  1021.6480    21.6372    342.824    325.612  351.26237     97.598     92.694     0.1636     0.6337     4.0684     0.5878 3.8599e-01        115     0.0792  0.000e+00
      2.298   71.58618 -161.39548      2.322     2.0043     2.0019     2.0042    27.0867    27.0899  1021.6484    21.6373    342.807    325.820  351.26149     97.593     92.754     0.1636     0.6337     4.0684     0.5878 3.2853e-01        116     0.0799  0.000e+00
      2.298   71.58618 -161.39550      2.322     2.0042     2.0019     2.0041    27.0864    27.0901  1021.6482    21.6371    343.063    325.868  351.26265     97.666     92.768     0.1648     0.6410     4.0684     0.5878 3.2728e-01        117     0.0806  0.000e+00
      2.298   71.58618 -161.39550      2.322     2.0035     2.0019     2.0034    27.0873    27.0897  1021.6489    21.6378    343.088    325.917  351.26713     97.672     92.781     0.1636     0.6337     4.0684     0.5878 3.1614e-01        118     0.0813  0.000e+00
      2.260   71.58618 -161.39550      2.283     2.0040     2.0019     2.0040    27.0870    27.0902  1021.6484    21.6375    342.905    325.937  351.26269     97.621     92.787     0.1661     0.6483     4.0659     0.5902 3.1128e-01        119     0.0819  0.000e+00
      2.237   71.58618 -161.39550      2.260     2.0039     2.0023     2.0038    27.0871    27.0902  1021.6484    21.6377    342.927    325.954  351.26375     97.627     92.793     0.1661     0.6483     4.0611     0.5951 3.2728e-01        120     0.0826  0.000e+00
