EcoFOCI/data/1_SampleCollection/2023_SikuliaqDBO_CruiseData/CTD_raw_BottleFile_SKQ23-12S/proc/skq202312s_058.ros
* Sea-Bird SBE 9 Data File:
* FileName = D:\CTD\SKQ202312S\SKQ202312S_058.hex
* Software Version Seasave V 7.26.7.121
* Temperature SN = 6177
* Conductivity SN = 0369
* Number of Bytes Per Scan = 41
* Number of Voltage Words = 4
* Number of Scans Averaged by the Deck Unit = 1
* NMEA Latitude = 71 26.88 N
* NMEA Longitude = 164 54.84 W
* NMEA UTC (Time) = Sep 27 2023  11:36:42
* NMEA baud rate = 4800
** Ship: R/V Sikuliaq
** Station Number: 058
** Station Name: IC4
** Bottom Depth: 42
** Operator: SS
# nquan = 22
# nvalues = 784                                   
# units = specified
# name 0 = depSM: Depth [salt water, m]
# name 1 = latitude: Latitude [deg]
# name 2 = longitude: Longitude [deg]
# name 3 = prDM: Pressure, Digiquartz [db]
# name 4 = t090C: Temperature [ITS-90, deg C]
# name 5 = t190C: Temperature, 2 [ITS-90, deg C]
# name 6 = potemp090C: Potential Temperature [ITS-90, deg C]
# name 7 = sal00: Salinity, Practical [PSU]
# name 8 = sal11: Salinity, Practical, 2 [PSU]
# name 9 = density00: Density [density, kg/m^3]
# name 10 = sigma-é00: Density [sigma-theta, kg/m^3]
# name 11 = sbox0Mm/Kg: Oxygen, SBE 43 [umol/kg]
# name 12 = sbox1Mm/Kg: Oxygen, SBE 43, 2 [umol/kg]
# name 13 = oxsolMm/Kg: Oxygen Saturation, Garcia & Gordon [umol/kg]
# name 14 = sbeox0PS: Oxygen, SBE 43 [% saturation]
# name 15 = v0: Voltage 0
# name 16 = flECO-AFL: Fluorescence, WET Labs ECO-AFL/FL [mg/m^3]
# name 17 = CStarAt0: Beam Attenuation, WET Labs C-Star [1/m]
# name 18 = par: PAR/Irradiance, Biospherical/Licor
# name 19 = scan: Scan Count
# name 20 = nbf: Bottles Fired
# name 21 = flag:  0.000e+00
# interval = seconds: 0.0416667
# start_time = Sep 27 2023 11:40:41 [NMEA time, first data scan]
# bad_flag = -9.990e-29
*END*
[from data line 725]
      2.586   71.44832 -164.91658      2.613     2.7871     2.7885     2.7869    30.5611    30.5716  1024.3724    24.3601    325.007    309.579  335.37887     96.907     0.0708     0.0769     0.4220 2.9936e-01      21957         15  0.000e+00
      2.586   71.44832 -164.91658      2.613     2.7869     2.7887     2.7868    30.5609    30.5713  1024.3723    24.3599    325.010    309.565  335.38062     96.908     0.0696     0.0696     0.4220 3.2105e-01      21958         15  0.000e+00
      2.586   71.44832 -164.91658      2.613     2.7869     2.7887     2.7868    30.5610    30.5716  1024.3723    24.3600    325.011    309.550  335.38042     96.908     0.0708     0.0769     0.4220 4.3817e-01      21959         15  0.000e+00
      2.586   71.44832 -164.91658      2.613     2.7869     2.7887     2.7868    30.5608    30.5715  1024.3722    24.3599    325.013    309.535  335.38082     96.909     0.0696     0.0696     0.4220 4.9747e-01      21960         15  0.000e+00
      2.586   71.44832 -164.91658      2.613     2.7869     2.7885     2.7868    30.5610    30.5716  1024.3723    24.3600    325.014    309.718  335.38042     96.909     0.0708     0.0769     0.4232 5.0795e-01      21961         15  0.000e+00
      2.586   71.44832 -164.91658      2.613     2.7869     2.7887     2.7868    30.5606    30.5716  1024.3721    24.3597    325.054    309.721  335.38131     96.921     0.0696     0.0696     0.4220 6.1686e-01      21962         15  0.000e+00
      2.640   71.44832 -164.91658      2.668     2.7869     2.7885     2.7868    30.5611    30.5713  1024.3727    24.3601    325.058    309.530  335.38019     96.922     0.0696     0.0696     0.4220 6.8383e-01      21963         15  0.000e+00
      2.586   71.44832 -164.91658      2.613     2.7869     2.7885     2.7868    30.5609    30.5719  1024.3723    24.3599    325.059    309.505  335.38062     96.922     0.0696     0.0696     0.4220 6.8609e-01      21964         15  0.000e+00
      2.586   71.44832 -164.91658      2.613     2.7870     2.7885     2.7868    30.5611    30.5719  1024.3724    24.3601    325.061    309.285  335.37980     96.923     0.0696     0.0696     0.4220 5.3494e-01      21965         15  0.000e+00
      2.587   71.44832 -164.91658      2.613     2.7868     2.7885     2.7867    30.5610    30.5716  1024.3723    24.3600    325.066    309.438  335.38135     96.924     0.0684     0.0623     0.4220 4.5405e-01      21966         15  0.000e+00
      2.422   71.44834 -164.91660      2.447     2.7855     2.7871     2.7854    30.5610    30.5719  1024.3717    24.3601    324.287    309.008  335.39207     96.689     0.0696     0.0696     0.4220 4.9921e-01      22228         16  0.000e+00
      2.530   71.44834 -164.91660      2.556     2.7857     2.7875     2.7855    30.5609    30.5717  1024.3721    24.3600    324.312    309.184  335.39106     96.697     0.0708     0.0769     0.4220 4.1368e-01      22229         16  0.000e+00
      2.476   71.44834 -164.91660      2.502     2.7853     2.7873     2.7852    30.5613    30.5716  1024.3721    24.3603    323.893    308.982  335.39280     96.571     0.0720     0.0842     0.4220 3.8884e-01      22230         16  0.000e+00
      2.476   71.44834 -164.91660      2.502     2.7857     2.7876     2.7855    30.5609    30.5713  1024.3719    24.3601    324.069    308.954  335.39089     96.624     0.0720     0.0842     0.4220 3.7477e-01      22231         16  0.000e+00
      2.476   71.44834 -164.91660      2.502     2.7855     2.7875     2.7854    30.5611    30.5715  1024.3720    24.3602    324.066    308.929  335.39184     96.623     0.0733     0.0916     0.4220 3.1982e-01      22232         16  0.000e+00
      2.530   71.44834 -164.91660      2.557     2.7858     2.7876     2.7857    30.5606    30.5714  1024.3718    24.3597    324.065    308.904  335.39050     96.623     0.0720     0.0842     0.4220 2.9936e-01      22233         16  0.000e+00
      2.438   71.44834 -164.91660      2.463     2.7853     2.7875     2.7852    30.5612    30.5715  1024.3719    24.3603    324.065    308.875  335.39295     96.623     0.0733     0.0916     0.4220 2.9468e-01      22234         16  0.000e+00
      2.530   71.44834 -164.91660      2.557     2.7855     2.7876     2.7854    30.5609    30.5712  1024.3721    24.3600    324.073    308.852  335.39241     96.625     0.0720     0.0842     0.4220 2.7099e-01      22235         16  0.000e+00
      2.477   71.44834 -164.91660      2.502     2.7857     2.7875     2.7855    30.5609    30.5716  1024.3718    24.3600    324.077    308.824  335.39108     96.626     0.0733     0.0916     0.4232 2.5807e-01      22236         16  0.000e+00
      2.477   71.44834 -164.91660      2.502     2.7857     2.7875     2.7855    30.5608    30.5715  1024.3718    24.3600    324.087    308.798  335.39118     96.630     0.0720     0.0842     0.4232 2.6019e-01      22237         16  0.000e+00
      2.531   71.44834 -164.91660      2.557     2.7857     2.7875     2.7855    30.5609    30.5714  1024.3721    24.3600    324.103    308.775  335.39106     96.634     0.0720     0.0842     0.4232 3.8035e-01      22238         16  0.000e+00
      2.477   71.44834 -164.91660      2.502     2.7857     2.7876     2.7855    30.5611    30.5715  1024.3720    24.3602    323.895    308.745  335.39039     96.572     0.0720     0.0842     0.4232 4.7203e-01      22239         16  0.000e+00
      2.477   71.44834 -164.91660      2.502     2.7857     2.7878     2.7855    30.5612    30.5714  1024.3721    24.3603    324.064    308.718  335.39019     96.623     0.0720     0.0842     0.4232 4.8547e-01      22240         16  0.000e+00
      2.531   71.44834 -164.91660      2.557     2.7858     2.7878     2.7857    30.5612    30.5714  1024.3723    24.3603    324.271    308.694  335.38881     96.685     0.0733     0.0916     0.4232 4.9921e-01      22241         16  0.000e+00
      2.531   71.44834 -164.91660      2.557     2.7858     2.7876     2.7857    30.5609    30.5716  1024.3721    24.3600    324.330    308.669  335.38970     96.702     0.0720     0.0842     0.4232 5.1326e-01      22242         16  0.000e+00
      2.477   71.44834 -164.91660      2.502     2.7858     2.7879     2.7857    30.5612    30.5712  1024.3720    24.3602    324.128    308.639  335.38894     96.642     0.0733     0.0916     0.4232 5.1682e-01      22243         16  0.000e+00
      2.531   71.44834 -164.91660      2.557     2.7861     2.7876     2.7860    30.5606    30.5715  1024.3718    24.3597    324.154    308.641  335.38779     96.651     0.0720     0.0842     0.4232 4.8887e-01      22244         16  0.000e+00
      2.477   71.44834 -164.91660      2.502     2.7858     2.7875     2.7857    30.5612    30.5717  1024.3720    24.3602    324.366    308.639  335.38894     96.713     0.0720     0.0842     0.4232 4.6215e-01      22245         16  0.000e+00
      2.531   71.44834 -164.91660      2.557     2.7860     2.7876     2.7859    30.5607    30.5715  1024.3719    24.3598    324.395    308.616  335.38895     96.722     0.0720     0.0842     0.4232 4.5566e-01      22246         16  0.000e+00
      2.477   71.44834 -164.91660      2.502     2.7860     2.7879     2.7859    30.5608    30.5714  1024.3717    24.3599    324.456    308.587  335.38858     96.740     0.0720     0.0842     0.4232 5.0444e-01      22247         16  0.000e+00
      2.531   71.44834 -164.91660      2.557     2.7858     2.7878     2.7857    30.5610    30.5714  1024.3722    24.3601    324.266    308.789  335.38930     96.684     0.0720     0.0842     0.4232 5.9246e-01      22248         16  0.000e+00
      2.531   71.44834 -164.91660      2.557     2.7858     2.7878     2.7857    30.5612    30.5716  1024.3723    24.3603    324.260    308.613  335.38881     96.682     0.0720     0.0842     0.4232 6.1893e-01      22249         16  0.000e+00
      2.531   71.44834 -164.91660      2.557     2.7857     2.7878     2.7855    30.5612    30.5712  1024.3724    24.3603    324.294    308.615  335.39016     96.692     0.0720     0.0842     0.4232 5.9446e-01      22250         16  0.000e+00
      2.477   71.44834 -164.91660      2.502     2.7860     2.7879     2.7859    30.5609    30.5712  1024.3718    24.3600    324.176    308.812  335.38828     96.657     0.0720     0.0842     0.4232 5.4233e-01      22251         16  0.000e+00
      2.531   71.44834 -164.91660      2.557     2.7858     2.7876     2.7857    30.5614    30.5716  1024.3725    24.3604    324.174    308.643  335.38831     96.656     0.0708     0.0769     0.4232 5.2763e-01      22252         16  0.000e+00
      2.500   71.44834 -164.91660      2.526     2.7860     2.7879     2.7859    30.5610    30.5715  1024.3720    24.3601    324.391    308.642  335.38801     96.721     0.0720     0.0842     0.4232 5.3128e-01      22253         16  0.000e+00
      2.531   71.44834 -164.91660      2.557     2.7860     2.7876     2.7859    30.5609    30.5718  1024.3721    24.3600    324.204    308.649  335.38835     96.665     0.0733     0.0916     0.4232 5.4606e-01      22254         16  0.000e+00
      2.531   71.44834 -164.91660      2.557     2.7860     2.7878     2.7859    30.5610    30.5717  1024.3721    24.3601    324.202    308.653  335.38805     96.665     0.0720     0.0842     0.4243 5.5358e-01      22255         16  0.000e+00
      2.531   71.44834 -164.91660      2.557     2.7860     2.7875     2.7859    30.5611    30.5715  1024.3722    24.3602    324.423    308.662  335.38775     96.731     0.0757     0.1062     0.4232 5.3494e-01      22256         16  0.000e+00
      2.477   71.44834 -164.91660      2.502     2.7860     2.7878     2.7859    30.5610    30.5713  1024.3718    24.3600    324.014    308.862  335.38818     96.609     0.0769     0.1135     0.4209 4.1668e-01      22257         16  0.000e+00
      2.531   71.44834 -164.91660      2.557     2.7861     2.7875     2.7860    30.5609    30.5715  1024.3721    24.3600    324.425    308.698  335.38690     96.732     0.0769     0.1135     0.4209 3.6788e-01      22258         16  0.000e+00
      2.531   71.44834 -164.91660      2.557     2.7860     2.7878     2.7859    30.5609    30.5713  1024.3721    24.3600    324.244    308.902  335.38825     96.677     0.0757     0.1062     0.4209 3.6652e-01      22259         16  0.000e+00
      2.531   71.44834 -164.91660      2.557     2.7860     2.7878     2.7859    30.5611    30.5714  1024.3722    24.3601    324.470    308.933  335.38785     96.745     0.0769     0.1135     0.4220 3.8884e-01      22260         16  0.000e+00
      2.477   71.44834 -164.91660      2.502     2.7861     2.7878     2.7860    30.5610    30.5712  1024.3719    24.3601    324.506    308.938  335.38663     96.756     0.0757     0.1062     0.4209 4.0038e-01      22261         16  0.000e+00
      2.531   71.44834 -164.91660      2.557     2.7861     2.7878     2.7860    30.5612    30.5711  1024.3723    24.3602    324.548    308.970  335.38620     96.769     0.0769     0.1135     0.4209 4.0184e-01      22262         16  0.000e+00
      2.531   71.44834 -164.91660      2.557     2.7861     2.7878     2.7860    30.5610    30.5714  1024.3722    24.3601    324.589    308.999  335.38660     96.781     0.0757     0.1062     0.4209 5.4606e-01      22263         16  0.000e+00
      2.531   71.44834 -164.91660      2.557     2.7861     2.7878     2.7860    30.5607    30.5714  1024.3719    24.3598    324.630    308.831  335.38749     96.793     0.0769     0.1135     0.4220 6.8383e-01      22264         16  0.000e+00
      2.477   71.44834 -164.91660      2.502     2.7861     2.7876     2.7860    30.5607    30.5713  1024.3717    24.3598    324.668    309.036  335.38742     96.804     0.0781     0.1209     0.4220 7.1137e-01      22265         16  0.000e+00
      2.531   71.44834 -164.91660      2.557     2.7860     2.7878     2.7859    30.5611    30.5711  1024.3722    24.3601    324.711    309.069  335.38785     96.817     0.0769     0.1135     0.4220 5.7080e-01      22266         16  0.000e+00
      2.531   71.44834 -164.91660      2.557     2.7860     2.7876     2.7859    30.5612    30.5714  1024.3723    24.3602    324.751    309.100  335.38765     96.829     0.0769     0.1135     0.4220 4.5405e-01      22267         16  0.000e+00
      2.531   71.44834 -164.91660      2.557     2.7861     2.7878     2.7860    30.5610    30.5710  1024.3721    24.3601    324.790    309.131  335.38670     96.841     0.0769     0.1135     0.4220 4.3194e-01      22268         16  0.000e+00
      2.531   71.44834 -164.91660      2.557     2.7860     2.7876     2.7859    30.5614    30.5714  1024.3724    24.3604    324.831    309.162  335.38716     96.853     0.0769     0.1135     0.4209 3.7339e-01      22269         16  0.000e+00
      2.477   71.44834 -164.91660      2.502     2.7861     2.7879     2.7860    30.5615    30.5712  1024.3723    24.3605    324.867    309.188  335.38543     96.864     0.0769     0.1135     0.4209 2.9819e-01      22270         16  0.000e+00
      2.531   71.44834 -164.91660      2.557     2.7861     2.7876     2.7860    30.5613    30.5713  1024.3724    24.3603    324.947    309.224  335.38590     96.888     0.0769     0.1135     0.4209 2.7985e-01      22271         16  0.000e+00
      2.554   71.44834 -164.91660      2.580     2.7863     2.7876     2.7862    30.5611    30.5716  1024.3723    24.3601    324.989    309.255  335.38507     96.900     0.0769     0.1135     0.4209 2.6126e-01      22272         16  0.000e+00
      2.477   71.44834 -164.91660      2.503     2.7861     2.7876     2.7860    30.5614    30.5715  1024.3722    24.3604    325.028    309.259  335.38563     96.912     0.0769     0.1135     0.4220 2.2277e-01      22273         16  0.000e+00
      2.531   71.44834 -164.91660      2.557     2.7861     2.7875     2.7860    30.5611    30.5714  1024.3722    24.3601    325.036    309.269  335.38650     96.914     0.0757     0.1062     0.4209 2.1144e-01      22274         16  0.000e+00
      2.531   71.44834 -164.91660      2.557     2.7861     2.7873     2.7860    30.5612    30.5715  1024.3723    24.3602    325.039    309.473  335.38620     96.915     0.0769     0.1135     0.4220 2.0775e-01      22275         16  0.000e+00
      2.531   71.44834 -164.91660      2.557     2.7861     2.7873     2.7860    30.5613    30.5719  1024.3724    24.3603    325.040    309.498  335.38600     96.915     0.0757     0.1062     0.4220 1.9515e-01      22276         16  0.000e+00
