EcoFOCI/data/1_SampleCollection/2023_SikuliaqDBO_CruiseData/CTD_raw_BottleFile_SKQ23-12S/proc/skq202312s_084.ros
* Sea-Bird SBE 9 Data File:
* FileName = D:\CTD\SKQ202312S\SKQ202312S_084.hex
* Software Version Seasave V 7.26.7.121
* Temperature SN = 6177
* Conductivity SN = 0369
* Number of Bytes Per Scan = 41
* Number of Voltage Words = 4
* Number of Scans Averaged by the Deck Unit = 1
* NMEA Latitude = 65 37.11 N
* NMEA Longitude = 168 09.13 W
* NMEA UTC (Time) = Oct 03 2023  11:55:16
* NMEA baud rate = 4800
** Ship: R/V Sikuliaq
** Station Number: 084
** Station Name: BS1
** Bottom Depth: 28
** Operator: SD
# nquan = 22
# nvalues = 588                                   
# units = specified
# name 0 = depSM: Depth [salt water, m]
# name 1 = latitude: Latitude [deg]
# name 2 = longitude: Longitude [deg]
# name 3 = prDM: Pressure, Digiquartz [db]
# name 4 = t090C: Temperature [ITS-90, deg C]
# name 5 = t190C: Temperature, 2 [ITS-90, deg C]
# name 6 = potemp090C: Potential Temperature [ITS-90, deg C]
# name 7 = sal00: Salinity, Practical [PSU]
# name 8 = sal11: Salinity, Practical, 2 [PSU]
# name 9 = density00: Density [density, kg/m^3]
# name 10 = sigma-é00: Density [sigma-theta, kg/m^3]
# name 11 = sbox0Mm/Kg: Oxygen, SBE 43 [umol/kg]
# name 12 = sbox1Mm/Kg: Oxygen, SBE 43, 2 [umol/kg]
# name 13 = oxsolMm/Kg: Oxygen Saturation, Garcia & Gordon [umol/kg]
# name 14 = sbeox0PS: Oxygen, SBE 43 [% saturation]
# name 15 = v0: Voltage 0
# name 16 = flECO-AFL: Fluorescence, WET Labs ECO-AFL/FL [mg/m^3]
# name 17 = CStarAt0: Beam Attenuation, WET Labs C-Star [1/m]
# name 18 = par: PAR/Irradiance, Biospherical/Licor
# name 19 = scan: Scan Count
# name 20 = nbf: Bottles Fired
# name 21 = flag:  0.000e+00
# interval = seconds: 0.0416667
# start_time = Oct 03 2023 11:58:52 [NMEA time, first data scan]
# bad_flag = -9.990e-29
*END*
[from data line 198]
     20.231   65.61818 -168.15382     20.433     3.6430     3.6438     3.6417    32.4295    32.4398  1025.8717    25.7761    270.645    257.615  323.75353     83.596     0.1954     0.8242     1.0968 1.0000e-12       7948          5  0.000e+00
     20.208   65.61818 -168.15382     20.410     3.6429     3.6442     3.6417    32.4292    32.4393  1025.8713    25.7758    270.622    257.829  323.75476     83.588     0.1929     0.8095     1.0968 1.0000e-12       7949          5  0.000e+00
     20.154   65.61818 -168.15382     20.355     3.6428     3.6442     3.6416    32.4295    32.4396  1025.8713    25.7761    270.810    257.852  323.75488     83.647     0.1954     0.8242     1.0832 1.0000e-12       7950          5  0.000e+00
     20.231   65.61818 -168.15382     20.433     3.6431     3.6440     3.6418    32.4292    32.4397  1025.8714    25.7758    270.823    257.903  323.75363     83.651     0.1941     0.8168     1.0751 1.0000e-12       7951          5  0.000e+00
     20.208   65.61818 -168.15382     20.410     3.6430     3.6442     3.6417    32.4296    32.4393  1025.8717    25.7762    270.833    257.947  323.75331     83.654     0.1954     0.8242     1.0751 1.0000e-12       7952          5  0.000e+00
     20.208   65.61818 -168.15382     20.410     3.6428     3.6441     3.6415    32.4298    32.4392  1025.8718    25.7763    270.845    258.186  323.75466     83.658     0.1929     0.8095     1.0751 1.0000e-12       7953          5  0.000e+00
     20.208   65.61818 -168.15382     20.410     3.6428     3.6440     3.6416    32.4294    32.4395  1025.8715    25.7760    270.857    258.041  323.75505     83.661     0.1954     0.8242     1.0764 1.0000e-12       7954          5  0.000e+00
     20.231   65.61818 -168.15382     20.433     3.6431     3.6439     3.6418    32.4291    32.4396  1025.8713    25.7758    270.867    258.255  323.75373     83.665     0.1929     0.8095     1.0764 1.0000e-12       7955          5  0.000e+00
     20.208   65.61818 -168.15382     20.410     3.6431     3.6441     3.6419    32.4295    32.4392  1025.8715    25.7760    270.876    258.296  323.75244     83.668     0.1941     0.8168     1.0764 1.0000e-12       7956          5  0.000e+00
     20.154   65.61818 -168.15382     20.355     3.6431     3.6437     3.6418    32.4297    32.4402  1025.8715    25.7762    270.885    258.335  323.75227     83.671     0.1954     0.8242     1.0751 1.0000e-12       7957          5  0.000e+00
     20.231   65.61818 -168.15382     20.433     3.6433     3.6438     3.6420    32.4295    32.4399  1025.8716    25.7760    270.898    258.354  323.75121     83.675     0.1941     0.8168     1.0751 1.0000e-12       7958          5  0.000e+00
     20.208   65.61818 -168.15382     20.410     3.6431     3.6439     3.6418    32.4294    32.4397  1025.8715    25.7760    270.910    258.366  323.75292     83.678     0.1954     0.8242     1.0764 1.0000e-12       7959          5  0.000e+00
     20.208   65.61818 -168.15382     20.410     3.6433     3.6437     3.6420    32.4294    32.4396  1025.8714    25.7760    270.920    258.401  323.75137     83.681     0.1941     0.8168     1.0751 1.0000e-12       7960          5  0.000e+00
     20.231   65.61818 -168.15382     20.433     3.6436     3.6438     3.6423    32.4292    32.4397  1025.8714    25.7758    270.505    258.433  323.74976     83.554     0.1954     0.8242     1.0764 1.0000e-12       7961          5  0.000e+00
     20.154   65.61818 -168.15382     20.355     3.6436     3.6438     3.6424    32.4294    32.4396  1025.8711    25.7759    270.874    258.460  323.74889     83.668     0.1941     0.8168     1.0764 1.0000e-12       7962          5  0.000e+00
     20.208   65.61818 -168.15382     20.410     3.6436     3.6440     3.6423    32.4292    32.4395  1025.8713    25.7758    271.103    258.488  323.74964     83.738     0.1954     0.8242     1.0764 1.0000e-12       7963          5  0.000e+00
     20.177   65.61818 -168.15382     20.379     3.6438     3.6439     3.6425    32.4290    32.4391  1025.8709    25.7756    270.934    258.514  323.74853     83.687     0.1941     0.8168     1.0764 1.0000e-12       7964          5  0.000e+00
     20.208   65.61818 -168.15382     20.410     3.6437     3.6440     3.6425    32.4292    32.4391  1025.8713    25.7758    270.947    258.539  323.74838     83.691     0.1954     0.8242     1.0751 1.0000e-12       7965          5  0.000e+00
     20.154   65.61818 -168.15382     20.355     3.6436     3.6441     3.6424    32.4297    32.4399  1025.8714    25.7762    270.745    258.748  323.74811     83.628     0.1954     0.8242     1.0764 1.0000e-12       7966          5  0.000e+00
     20.231   65.61818 -168.15382     20.433     3.6437     3.6439     3.6425    32.4294    32.4399  1025.8715    25.7759    270.941    258.580  323.74802     83.689     0.1941     0.8168     1.0764 1.0000e-12       7967          5  0.000e+00
     20.154   65.61818 -168.15382     20.355     3.6439     3.6440     3.6427    32.4287    32.4394  1025.8706    25.7753    270.952    258.595  323.74802     83.692     0.1954     0.8242     1.0764 1.0000e-12       7968          5  0.000e+00
     20.208   65.61818 -168.15382     20.410     3.6437     3.6441     3.6425    32.4289    32.4392  1025.8710    25.7755    270.331    258.612  323.74916     83.500     0.1941     0.8168     1.0764 1.0000e-12       7969          5  0.000e+00
     20.115   65.61818 -168.15382     20.316     3.6436     3.6442     3.6424    32.4292    32.4393  1025.8708    25.7757    270.884    258.621  323.74942     83.671     0.2076     0.8974     1.0846 1.0000e-12       7970          5  0.000e+00
     20.154   65.61818 -168.15382     20.355     3.6439     3.6441     3.6426    32.4294    32.4397  1025.8711    25.7759    270.901    258.634  323.74686     83.677     0.2198     0.9707     1.0927 1.0000e-12       7971          5  0.000e+00
     20.208   65.61818 -168.15382     20.410     3.6439     3.6441     3.6427    32.4292    32.4394  1025.8712    25.7757    270.921    258.837  323.74683     83.683     0.2234     0.9927     1.0941 1.0000e-12       7972          5  0.000e+00
     20.115   65.61818 -168.15382     20.316     3.6439     3.6439     3.6426    32.4295    32.4394  1025.8710    25.7759    270.935    258.842  323.74661     83.688     0.2222     0.9853     1.0941 1.0000e-12       7973          5  0.000e+00
     20.154   65.61818 -168.15382     20.355     3.6439     3.6441     3.6427    32.4295    32.4393  1025.8712    25.7759    270.920    258.844  323.74618     83.683     0.2222     0.9853     1.0927 1.0000e-12       7974          5  0.000e+00
     20.154   65.61818 -168.15382     20.355     3.6440     3.6436     3.6428    32.4291    32.4397  1025.8709    25.7757    270.936    258.846  323.74618     83.688     0.2210     0.9780     1.0927 1.0000e-12       7975          5  0.000e+00
     20.154   65.61818 -168.15382     20.355     3.6443     3.6439     3.6430    32.4291    32.4393  1025.8708    25.7756    270.952    258.650  323.74464     83.693     0.2222     0.9853     1.0927 1.0000e-12       7976          5  0.000e+00
     20.115   65.61818 -168.15382     20.316     3.6444     3.6438     3.6431    32.4288    32.4399  1025.8704    25.7754    270.966    258.810  323.74440     83.698     0.2222     0.9853     1.0927 1.0000e-12       7977          5  0.000e+00
     20.154   65.61818 -168.15382     20.355     3.6443     3.6438     3.6430    32.4294    32.4399  1025.8711    25.7759    270.346    258.801  323.74376     83.506     0.2222     0.9853     1.0927 1.0000e-12       7978          5  0.000e+00
     20.154   65.61818 -168.15382     20.355     3.6445     3.6438     3.6433    32.4290    32.4395  1025.8708    25.7755    270.904    258.618  323.74270     83.679     0.2234     0.9927     1.0941 1.0000e-12       7979          5  0.000e+00
     20.115   65.61818 -168.15382     20.316     3.6443     3.6438     3.6430    32.4292    32.4395  1025.8707    25.7757    270.678    258.602  323.74439     83.608     0.2222     0.9853     1.0927 1.0000e-12       7980          5  0.000e+00
     20.100   65.61818 -168.15382     20.301     3.6444     3.6438     3.6431    32.4293    32.4398  1025.8707    25.7758    270.629    258.775  323.74331     83.594     0.2222     0.9853     1.0927 1.0000e-12       7981          5  0.000e+00
     20.154   65.61818 -168.15382     20.355     3.6444     3.6440     3.6432    32.4290    32.4396  1025.8708    25.7756    270.584    258.777  323.74348     83.580     0.2222     0.9853     1.0927 1.0000e-12       7982          5  0.000e+00
     20.115   65.61818 -168.15382     20.316     3.6444     3.6439     3.6431    32.4288    32.4397  1025.8704    25.7754    270.571    258.775  323.74440     83.576     0.2222     0.9853     1.0927 1.0000e-12       7983          5  0.000e+00
     20.100   65.61818 -168.15382     20.301     3.6444     3.6441     3.6432    32.4289    32.4393  1025.8705    25.7755    270.559    258.771  323.74370     83.572     0.2222     0.9853     1.0927 1.0000e-12       7984          5  0.000e+00
     20.100   65.61818 -168.15382     20.301     3.6444     3.6441     3.6431    32.4291    32.4394  1025.8706    25.7756    270.549    258.764  323.74379     83.569     0.2222     0.9853     1.0927 1.0000e-12       7985          5  0.000e+00
     20.115   65.61818 -168.15382     20.316     3.6446     3.6441     3.6433    32.4286    32.4393  1025.8703    25.7752    270.541    258.756  323.74324     83.566     0.2222     0.9853     1.0927 1.0000e-12       7986          5  0.000e+00
     20.100   65.61818 -168.15382     20.301     3.6445     3.6438     3.6433    32.4288    32.4398  1025.8703    25.7754    270.533    258.745  323.74322     83.564     0.2222     0.9853     1.0941 1.0000e-12       7987          5  0.000e+00
     20.100   65.61818 -168.15382     20.301     3.6444     3.6438     3.6432    32.4290    32.4400  1025.8705    25.7755    270.528    258.730  323.74360     83.562     0.2234     0.9927     1.0927 1.0000e-12       7988          5  0.000e+00
     20.061   65.61818 -168.15382     20.262     3.6444     3.6439     3.6431    32.4293    32.4400  1025.8706    25.7758    270.488    258.711  323.74326     83.550     0.2222     0.9853     1.0941 1.0000e-12       7989          5  0.000e+00
     20.100   65.61818 -168.15382     20.301     3.6439     3.6444     3.6427    32.4295    32.4393  1025.8710    25.7760    270.666    258.690  323.74601     83.604     0.2234     0.9927     1.0982 1.0000e-12       7990          5  0.000e+00
     20.100   65.61818 -168.15382     20.301     3.6440     3.6443     3.6428    32.4298    32.4396  1025.8712    25.7762    270.514    258.668  323.74456     83.558     0.2222     0.9853     1.1064 1.0000e-12       7991          5  0.000e+00
     20.061   65.61818 -168.15382     20.262     3.6439     3.6452     3.6427    32.4296    32.4390  1025.8709    25.7761    270.724    258.637  323.74577     83.622     0.2222     0.9853     1.1078 1.0000e-12       7992          5  0.000e+00
     20.100   65.61818 -168.15382     20.301     3.6439     3.6452     3.6426    32.4295    32.4392  1025.8710    25.7760    270.756    258.800  323.74640     83.632     0.2222     0.9853     1.1078 1.0000e-12       7993          5  0.000e+00
     20.038   65.61818 -168.15382     20.238     3.6438     3.6456     3.6425    32.4297    32.4392  1025.8708    25.7761    270.572    258.785  323.74690     83.575     0.2222     0.9853     1.1064 1.0000e-12       7994          5  0.000e+00
     20.153   65.61818 -168.15382     20.355     3.6448     3.6494     3.6436    32.4286    32.4385  1025.8704    25.7752    270.199    258.367  323.74116     83.462     0.2149     0.9414     1.0982 1.0000e-12       8120          6  0.000e+00
     20.099   65.61818 -168.15382     20.300     3.6449     3.6501     3.6436    32.4289    32.4378  1025.8704    25.7754    270.174    258.336  323.73993     83.454     0.2161     0.9487     1.0982 1.0000e-12       8121          6  0.000e+00
     20.115   65.61818 -168.15382     20.316     3.6448     3.6500     3.6436    32.4289    32.4379  1025.8705    25.7754    270.189    258.502  323.74043     83.459     0.2149     0.9414     1.0982 1.0000e-12       8122          6  0.000e+00
     20.153   65.61818 -168.15382     20.355     3.6451     3.6499     3.6438    32.4288    32.4383  1025.8705    25.7753    270.418    258.500  323.73903     83.530     0.2125     0.9267     1.0982 1.0000e-12       8123          6  0.000e+00
     20.038   65.61818 -168.15382     20.238     3.6448     3.6497     3.6436    32.4291    32.4384  1025.8703    25.7756    270.254    258.303  323.73984     83.479     0.2051     0.8828     1.0982 1.0000e-12       8124          6  0.000e+00
     20.177   65.61818 -168.15382     20.378     3.6449     3.6497     3.6436    32.4293    32.4379  1025.8710    25.7757    270.244    258.284  323.73915     83.476     0.2051     0.8828     1.0982 1.0000e-12       8125          6  0.000e+00
     20.099   65.61818 -168.15382     20.300     3.6452     3.6494     3.6439    32.4295    32.4382  1025.8708    25.7759    270.227    258.069  323.73644     83.471     0.2039     0.8754     1.0982 1.0000e-12       8126          6  0.000e+00
     20.099   65.61818 -168.15382     20.300     3.6454     3.6495     3.6441    32.4295    32.4383  1025.8708    25.7758    270.249    258.025  323.73489     83.478     0.2039     0.8754     1.0982 8.4714e-06       8127          6  0.000e+00
     20.115   65.61818 -168.15382     20.316     3.6455     3.6497     3.6442    32.4298    32.4387  1025.8711    25.7761    270.239    258.173  323.73326     83.476     0.2027     0.8681     1.0982 1.0000e-12       8128          6  0.000e+00
     20.099   65.61818 -168.15382     20.300     3.6462     3.6502     3.6449    32.4293    32.4381  1025.8706    25.7756    270.050    258.152  323.72909     83.419     0.2039     0.8754     1.0982 1.0000e-12       8129          6  0.000e+00
     20.099   65.61818 -168.15382     20.300     3.6461     3.6501     3.6449    32.4291    32.4381  1025.8704    25.7754    270.297    258.134  323.72996     83.494     0.2027     0.8681     1.0982 1.0000e-12       8130          6  0.000e+00
     20.115   65.61818 -168.15382     20.316     3.6463     3.6500     3.6451    32.4286    32.4380  1025.8701    25.7750    270.298    258.141  323.72950     83.495     0.2039     0.8754     1.0968 1.0000e-12       8131          6  0.000e+00
     20.099   65.61818 -168.15382     20.300     3.6463     3.6500     3.6450    32.4281    32.4377  1025.8696    25.7746    270.336    258.126  323.73113     83.506     0.2051     0.8828     1.0927 1.0000e-12       8132          6  0.000e+00
     20.099   65.61818 -168.15382     20.300     3.6460     3.6498     3.6448    32.4282    32.4381  1025.8697    25.7748    270.343    258.112  323.73287     83.508     0.2039     0.8754     1.0900 1.0000e-12       8133          6  0.000e+00
     20.115   65.61818 -168.15382     20.316     3.6458     3.6491     3.6445    32.4282    32.4386  1025.8698    25.7748    270.352    257.913  323.73454     83.511     0.2051     0.8828     1.0900 1.0000e-12       8134          6  0.000e+00
     20.099   65.61818 -168.15382     20.300     3.6458     3.6489     3.6446    32.4281    32.4384  1025.8697    25.7747    270.360    257.903  323.73432     83.513     0.2039     0.8754     1.0900 1.0000e-12       8135          6  0.000e+00
     20.099   65.61818 -168.15382     20.300     3.6456     3.6487     3.6444    32.4284    32.4385  1025.8699    25.7749    270.371    257.896  323.73548     83.516     0.2051     0.8828     1.0900 1.0000e-12       8136          6  0.000e+00
     20.099   65.61818 -168.15382     20.300     3.6455     3.6491     3.6443    32.4282    32.4382  1025.8698    25.7748    270.383    258.057  323.73664     83.519     0.2039     0.8754     1.0900 1.0000e-12       8137          6  0.000e+00
