EcoFOCI/data/1_SampleCollection/2023_SikuliaqDBO_CruiseData/CTD_raw_BottleFile_SKQ23-12S/proc/skq202312s_001svp.cnv
* Sea-Bird SBE 9 Data File:
* FileName = D:\CTD\SKQ202312S\SKQ202312S_001.hex
* Software Version Seasave V 7.26.7.121
* Temperature SN = 6177
* Conductivity SN = 0369
* Number of Bytes Per Scan = 41
* Number of Voltage Words = 4
* Number of Scans Averaged by the Deck Unit = 1
* NMEA Latitude = 62 11.69 N
* NMEA Longitude = 174 40.42 W
* NMEA UTC (Time) = Sep 14 2023  13:19:49
* NMEA baud rate = 4800
** Ship: R/V Sikuliaq
** Station Number: 001
** Station Name: Mooring M8
** Bottom Depth: 73
** Operator: SD
# nquan = 7
# nvalues = 8691                                  
# units = specified
# name 0 = depSM: Depth [salt water, m]
# name 1 = latitude: Latitude [deg]
# name 2 = longitude: Longitude [deg]
# name 3 = t090C: Temperature [ITS-90, deg C]
# name 4 = sal00: Salinity, Practical [PSU]
# name 5 = svCM: Sound Velocity [Chen-Millero, m/s]
# name 6 = flag:  0.000e+00
# span 0 =      1.206,     67.491                 
# span 1 =   62.19444,   62.19452                 
# span 2 = -174.67422, -174.67402                 
# span 3 =    -1.5247,     7.7743                 
# span 4 =    30.5765,    31.8394                 
# span 5 =    1438.47,    1476.65                 
# span 6 = 0.0000e+00, 0.0000e+00                 
# interval = seconds: 0.0416667
# start_time = Sep 14 2023 13:27:19 [NMEA time, first data scan]
# bad_flag = -9.990e-29
*END*
[from data line 7385]
     66.855   62.19452 -174.67402    -1.5173    31.8370    1438.84  0.000e+00
     66.855   62.19452 -174.67402    -1.5176    31.8372    1438.84  0.000e+00
     66.840   62.19452 -174.67402    -1.5177    31.8372    1438.84  0.000e+00
     66.856   62.19452 -174.67402    -1.5173    31.8371    1438.84  0.000e+00
     66.840   62.19452 -174.67402    -1.5168    31.8370    1438.85  0.000e+00
     66.856   62.19452 -174.67402    -1.5169    31.8368    1438.85  0.000e+00
     66.840   62.19452 -174.67402    -1.5170    31.8366    1438.84  0.000e+00
     66.802   62.19452 -174.67402    -1.5170    31.8367    1438.84  0.000e+00
     66.856   62.19452 -174.67402    -1.5168    31.8367    1438.85  0.000e+00
     66.840   62.19452 -174.67402    -1.5169    31.8367    1438.85  0.000e+00
     66.802   62.19452 -174.67402    -1.5171    31.8370    1438.84  0.000e+00
     66.840   62.19452 -174.67402    -1.5170    31.8369    1438.85  0.000e+00
     66.856   62.19452 -174.67402    -1.5171    31.8366    1438.84  0.000e+00
     66.802   62.19452 -174.67402    -1.5173    31.8367    1438.84  0.000e+00
     66.786   62.19452 -174.67402    -1.5168    31.8364    1438.84  0.000e+00
     66.856   62.19452 -174.67402    -1.5168    31.8364    1438.85  0.000e+00
     66.786   62.19452 -174.67402    -1.5168    31.8363    1438.84  0.000e+00
     66.856   62.19452 -174.67402    -1.5176    31.8365    1438.84  0.000e+00
     66.786   62.19452 -174.67402    -1.5177    31.8369    1438.84  0.000e+00
     66.802   62.19452 -174.67402    -1.5172    31.8361    1438.84  0.000e+00
     66.802   62.19452 -174.67402    -1.5173    31.8365    1438.84  0.000e+00
     66.786   62.19452 -174.67402    -1.5170    31.8364    1438.84  0.000e+00
     66.802   62.19452 -174.67402    -1.5171    31.8363    1438.84  0.000e+00
     66.786   62.19452 -174.67402    -1.5171    31.8365    1438.84  0.000e+00
     66.802   62.19452 -174.67402    -1.5170    31.8364    1438.84  0.000e+00
     66.787   62.19452 -174.67402    -1.5173    31.8367    1438.84  0.000e+00
     66.740   62.19452 -174.67402    -1.5166    31.8363    1438.84  0.000e+00
     66.802   62.19452 -174.67402    -1.5165    31.8364    1438.85  0.000e+00
     66.787   62.19452 -174.67402    -1.5168    31.8365    1438.84  0.000e+00
     66.740   62.19452 -174.67402    -1.5174    31.8376    1438.84  0.000e+00
     66.787   62.19452 -174.67402    -1.5173    31.8373    1438.84  0.000e+00
     66.740   62.19452 -174.67402    -1.5170    31.8368    1438.84  0.000e+00
     66.802   62.19452 -174.67402    -1.5166    31.8365    1438.85  0.000e+00
     66.725   62.19452 -174.67402    -1.5166    31.8369    1438.84  0.000e+00
     66.740   62.19452 -174.67402    -1.5165    31.8368    1438.85  0.000e+00
     66.725   62.19452 -174.67402    -1.5165    31.8366    1438.84  0.000e+00
     66.740   62.19452 -174.67402    -1.5165    31.8364    1438.85  0.000e+00
     66.787   62.19452 -174.67402    -1.5166    31.8370    1438.85  0.000e+00
     66.686   62.19452 -174.67402    -1.5165    31.8367    1438.84  0.000e+00
     66.740   62.19452 -174.67402    -1.5168    31.8368    1438.84  0.000e+00
     66.787   62.19452 -174.67402    -1.5171    31.8373    1438.84  0.000e+00
     66.741   62.19452 -174.67402    -1.5173    31.8371    1438.84  0.000e+00
     66.725   62.19452 -174.67402    -1.5176    31.8373    1438.84  0.000e+00
     66.687   62.19452 -174.67402    -1.5176    31.8374    1438.84  0.000e+00
     66.725   62.19452 -174.67402    -1.5170    31.8368    1438.84  0.000e+00
     66.687   62.19452 -174.67402    -1.5170    31.8367    1438.84  0.000e+00
     66.741   62.19452 -174.67402    -1.5170    31.8365    1438.84  0.000e+00
     66.725   62.19452 -174.67402    -1.5166    31.8365    1438.84  0.000e+00
     66.687   62.19452 -174.67402    -1.5164    31.8362    1438.84  0.000e+00
     66.725   62.19452 -174.67402    -1.5161    31.8362    1438.85  0.000e+00
     66.741   62.19452 -174.67402    -1.5159    31.8361    1438.85  0.000e+00
     66.687   62.19452 -174.67402    -1.5162    31.8365    1438.85  0.000e+00
     66.725   62.19452 -174.67402    -1.5164    31.8366    1438.85  0.000e+00
     66.687   62.19452 -174.67402    -1.5161    31.8365    1438.85  0.000e+00
     66.725   62.19452 -174.67402    -1.5156    31.8364    1438.85  0.000e+00
     66.687   62.19452 -174.67402    -1.5153    31.8361    1438.85  0.000e+00
     66.725   62.19452 -174.67402    -1.5151    31.8359    1438.85  0.000e+00
     66.687   62.19452 -174.67402    -1.5148    31.8358    1438.85  0.000e+00
     66.687   62.19452 -174.67402    -1.5145    31.8357    1438.85  0.000e+00
     66.725   62.19452 -174.67402    -1.5147    31.8357    1438.85  0.000e+00
     66.687   62.19452 -174.67402    -1.5148    31.8360    1438.85  0.000e+00
     66.725   62.19452 -174.67402    -1.5147    31.8358    1438.85  0.000e+00
     66.687   62.19452 -174.67402    -1.5143    31.8355    1438.85  0.000e+00
     66.671   62.19452 -174.67402    -1.5141    31.8353    1438.85  0.000e+00
     66.687   62.19452 -174.67402    -1.5143    31.8352    1438.85  0.000e+00
     66.687   62.19452 -174.67402    -1.5142    31.8351    1438.85  0.000e+00
     66.726   62.19452 -174.67402    -1.5143    31.8353    1438.85  0.000e+00
     66.687   62.19452 -174.67402    -1.5143    31.8353    1438.85  0.000e+00
     66.726   62.19452 -174.67402    -1.5142    31.8352    1438.85  0.000e+00
     66.687   62.19452 -174.67402    -1.5147    31.8357    1438.85  0.000e+00
     66.687   62.19452 -174.67402    -1.5156    31.8366    1438.85  0.000e+00
     66.672   62.19452 -174.67402    -1.5162    31.8371    1438.85  0.000e+00
     66.741   62.19452 -174.67402    -1.5164    31.8372    1438.85  0.000e+00
     66.672   62.19452 -174.67402    -1.5165    31.8371    1438.84  0.000e+00
     66.741   62.19452 -174.67402    -1.5165    31.8373    1438.85  0.000e+00
     66.672   62.19452 -174.67402    -1.5162    31.8370    1438.85  0.000e+00
     66.687   62.19452 -174.67402    -1.5166    31.8373    1438.84  0.000e+00
     66.741   62.19452 -174.67402    -1.5165    31.8370    1438.85  0.000e+00
     66.726   62.19452 -174.67402    -1.5164    31.8369    1438.85  0.000e+00
     66.687   62.19452 -174.67402    -1.5159    31.8367    1438.85  0.000e+00
     66.726   62.19452 -174.67402    -1.5164    31.8368    1438.85  0.000e+00
     66.687   62.19452 -174.67402    -1.5165    31.8368    1438.84  0.000e+00
     66.726   62.19452 -174.67402    -1.5166    31.8367    1438.84  0.000e+00
     66.741   62.19452 -174.67402    -1.5171    31.8370    1438.84  0.000e+00
     66.741   62.19452 -174.67402    -1.5172    31.8372    1438.84  0.000e+00
     66.726   62.19452 -174.67402    -1.5173    31.8373    1438.84  0.000e+00
     66.741   62.19452 -174.67402    -1.5170    31.8367    1438.84  0.000e+00
     66.726   62.19452 -174.67402    -1.5166    31.8364    1438.84  0.000e+00
     66.687   62.19452 -174.67402    -1.5165    31.8362    1438.84  0.000e+00
     66.803   62.19452 -174.67402    -1.5165    31.8362    1438.85  0.000e+00
     66.726   62.19452 -174.67402    -1.5166    31.8368    1438.84  0.000e+00
     66.803   62.19452 -174.67402    -1.5169    31.8369    1438.84  0.000e+00
     66.726   62.19452 -174.67402    -1.5166    31.8365    1438.84  0.000e+00
     66.803   62.19452 -174.67402    -1.5165    31.8360    1438.85  0.000e+00
     66.726   62.19452 -174.67402    -1.5166    31.8365    1438.84  0.000e+00
     66.803   62.19452 -174.67402    -1.5166    31.8366    1438.85  0.000e+00
     66.803   62.19452 -174.67402    -1.5166    31.8362    1438.85  0.000e+00
     66.788   62.19452 -174.67402    -1.5166    31.8362    1438.84  0.000e+00
     66.803   62.19452 -174.67402    -1.5166    31.8363    1438.85  0.000e+00
     66.788   62.19452 -174.67402    -1.5166    31.8365    1438.85  0.000e+00
     66.804   62.19452 -174.67402    -1.5168    31.8366    1438.84  0.000e+00
     66.842   62.19452 -174.67402    -1.5165    31.8363    1438.85  0.000e+00
     66.858   62.19452 -174.67402    -1.5165    31.8364    1438.85  0.000e+00
     66.804   62.19452 -174.67402    -1.5164    31.8365    1438.85  0.000e+00
     66.842   62.19452 -174.67402    -1.5164    31.8366    1438.85  0.000e+00
     66.858   62.19452 -174.67402    -1.5165    31.8365    1438.85  0.000e+00
     66.842   62.19452 -174.67402    -1.5165    31.8364    1438.85  0.000e+00
     66.858   62.19452 -174.67402    -1.5164    31.8363    1438.85  0.000e+00
     66.858   62.19452 -174.67402    -1.5162    31.8361    1438.85  0.000e+00
     66.904   62.19452 -174.67402    -1.5162    31.8360    1438.85  0.000e+00
     66.858   62.19452 -174.67402    -1.5162    31.8365    1438.85  0.000e+00
     66.904   62.19452 -174.67402    -1.5162    31.8366    1438.85  0.000e+00
     66.912   62.19452 -174.67402    -1.5164    31.8366    1438.85  0.000e+00
     66.904   62.19452 -174.67402    -1.5162    31.8365    1438.85  0.000e+00
     66.912   62.19452 -174.67402    -1.5165    31.8366    1438.85  0.000e+00
     66.912   62.19452 -174.67402    -1.5165    31.8366    1438.85  0.000e+00
     66.904   62.19452 -174.67402    -1.5162    31.8363    1438.85  0.000e+00
     66.974   62.19452 -174.67402    -1.5166    31.8365    1438.85  0.000e+00
     66.904   62.19452 -174.67402    -1.5166    31.8364    1438.85  0.000e+00
     66.974   62.19452 -174.67402    -1.5166    31.8364    1438.85  0.000e+00
     66.958   62.19452 -174.67402    -1.5168    31.8364    1438.85  0.000e+00
     66.974   62.19452 -174.67402    -1.5168    31.8366    1438.85  0.000e+00
     66.974   62.19452 -174.67402    -1.5171    31.8366    1438.85  0.000e+00
     66.958   62.19452 -174.67402    -1.5176    31.8371    1438.84  0.000e+00
     66.974   62.19452 -174.67402    -1.5175    31.8371    1438.85  0.000e+00
     66.958   62.19452 -174.67402    -1.5172    31.8370    1438.85  0.000e+00
     66.974   62.19452 -174.67402    -1.5170    31.8366    1438.85  0.000e+00
     67.013   62.19452 -174.67402    -1.5171    31.8367    1438.85  0.000e+00
     66.974   62.19452 -174.67402    -1.5168    31.8364    1438.85  0.000e+00
     67.028   62.19452 -174.67402    -1.5169    31.8365    1438.85  0.000e+00
     67.013   62.19452 -174.67402    -1.5170    31.8365    1438.85  0.000e+00
     66.974   62.19452 -174.67402    -1.5168    31.8366    1438.85  0.000e+00
     67.013   62.19452 -174.67402    -1.5166    31.8367    1438.85  0.000e+00
     67.028   62.19452 -174.67402    -1.5166    31.8365    1438.85  0.000e+00
     66.959   62.19452 -174.67402    -1.5166    31.8365    1438.85  0.000e+00
     67.028   62.19452 -174.67402    -1.5164    31.8361    1438.85  0.000e+00
     67.028   62.19452 -174.67402    -1.5165    31.8365    1438.85  0.000e+00
     67.013   62.19452 -174.67402    -1.5164    31.8366    1438.85  0.000e+00
     67.028   62.19452 -174.67402    -1.5165    31.8365    1438.85  0.000e+00
     67.013   62.19452 -174.67402    -1.5165    31.8359    1438.85  0.000e+00
     67.028   62.19452 -174.67402    -1.5165    31.8367    1438.85  0.000e+00
     67.013   62.19452 -174.67402    -1.5170    31.8370    1438.85  0.000e+00
     67.028   62.19452 -174.67402    -1.5170    31.8370    1438.85  0.000e+00
     67.028   62.19452 -174.67402    -1.5172    31.8369    1438.85  0.000e+00
     67.013   62.19452 -174.67402    -1.5180    31.8377    1438.84  0.000e+00
     67.028   62.19452 -174.67402    -1.5179    31.8375    1438.84  0.000e+00
     66.959   62.19452 -174.67402    -1.5181    31.8378    1438.84  0.000e+00
     67.028   62.19452 -174.67402    -1.5180    31.8376    1438.84  0.000e+00
     67.013   62.19452 -174.67402    -1.5177    31.8374    1438.84  0.000e+00
     67.029   62.19452 -174.67402    -1.5171    31.8367    1438.85  0.000e+00
     66.974   62.19452 -174.67402    -1.5171    31.8367    1438.85  0.000e+00
     67.013   62.19452 -174.67402    -1.5176    31.8372    1438.85  0.000e+00
     66.975   62.19452 -174.67402    -1.5166    31.8364    1438.85  0.000e+00
     67.013   62.19452 -174.67402    -1.5162    31.8362    1438.85  0.000e+00
     66.975   62.19452 -174.67402    -1.5161    31.8363    1438.85  0.000e+00
     66.975   62.19452 -174.67402    -1.5157    31.8363    1438.85  0.000e+00
     66.959   62.19452 -174.67402    -1.5156    31.8364    1438.85  0.000e+00
     66.975   62.19452 -174.67402    -1.5159    31.8360    1438.85  0.000e+00
     66.959   62.19452 -174.67402    -1.5162    31.8358    1438.85  0.000e+00
     66.975   62.19452 -174.67402    -1.5165    31.8365    1438.85  0.000e+00
     66.905   62.19452 -174.67402    -1.5164    31.8365    1438.85  0.000e+00
     66.975   62.19452 -174.67402    -1.5162    31.8363    1438.85  0.000e+00
     66.913   62.19452 -174.67402    -1.5159    31.8364    1438.85  0.000e+00
     66.905   62.19452 -174.67402    -1.5159    31.8366    1438.85  0.000e+00
     66.913   62.19452 -174.67402    -1.5153    31.8363    1438.85  0.000e+00
     66.905   62.19452 -174.67402    -1.5153    31.8360    1438.85  0.000e+00
     66.913   62.19452 -174.67402    -1.5157    31.8358    1438.85  0.000e+00
     66.905   62.19452 -174.67402    -1.5159    31.8362    1438.85  0.000e+00
     66.859   62.19452 -174.67402    -1.5159    31.8359    1438.85  0.000e+00
     66.859   62.19452 -174.67402    -1.5157    31.8362    1438.85  0.000e+00
     66.844   62.19452 -174.67402    -1.5159    31.8364    1438.85  0.000e+00
     66.805   62.19452 -174.67402    -1.5156    31.8362    1438.85  0.000e+00
     66.844   62.19452 -174.67402    -1.5154    31.8363    1438.85  0.000e+00
     66.859   62.19452 -174.67402    -1.5157    31.8363    1438.85  0.000e+00
     66.790   62.19452 -174.67402    -1.5154    31.8361    1438.85  0.000e+00
     66.805   62.19452 -174.67402    -1.5156    31.8357    1438.85  0.000e+00
     66.743   62.19452 -174.67402    -1.5161    31.8360    1438.85  0.000e+00
     66.790   62.19452 -174.67402    -1.5165    31.8368    1438.85  0.000e+00
     66.743   62.19452 -174.67402    -1.5164    31.8369    1438.85  0.000e+00
     66.790   62.19452 -174.67402    -1.5161    31.8368    1438.85  0.000e+00
     66.743   62.19452 -174.67402    -1.5156    31.8363    1438.85  0.000e+00
     66.628   62.19452 -174.67402    -1.5157    31.8366    1438.85  0.000e+00
     66.790   62.19452 -174.67402    -1.5156    31.8363    1438.85  0.000e+00
     66.690   62.19452 -174.67402    -1.5154    31.8362    1438.85  0.000e+00
     66.674   62.19452 -174.67402    -1.5154    31.8367    1438.85  0.000e+00
     66.690   62.19452 -174.67402    -1.5153    31.8368    1438.85  0.000e+00
     66.674   62.19452 -174.67402    -1.5150    31.8368    1438.85  0.000e+00
     66.628   62.19452 -174.67402    -1.5148    31.8365    1438.85  0.000e+00
     66.628   62.19452 -174.67402    -1.5145    31.8364    1438.85  0.000e+00
     66.612   62.19452 -174.67402    -1.5145    31.8364    1438.85  0.000e+00
     66.628   62.19452 -174.67402    -1.5142    31.8361    1438.85  0.000e+00
     66.558   62.19452 -174.67402    -1.5143    31.8360    1438.85  0.000e+00
     66.574   62.19452 -174.67402    -1.5145    31.8362    1438.85  0.000e+00
     66.613   62.19452 -174.67402    -1.5145    31.8366    1438.85  0.000e+00
     66.574   62.19452 -174.67402    -1.5145    31.8363    1438.85  0.000e+00
     66.512   62.19452 -174.67402    -1.5145    31.8364    1438.85  0.000e+00
     66.559   62.19452 -174.67402    -1.5142    31.8359    1438.85  0.000e+00
     66.512   62.19452 -174.67402    -1.5143    31.8363    1438.85  0.000e+00
     66.505   62.19452 -174.67402    -1.5142    31.8362    1438.85  0.000e+00
     66.512   62.19452 -174.67402    -1.5143    31.8363    1438.85  0.000e+00
     66.512   62.19452 -174.67402    -1.5142    31.8364    1438.85  0.000e+00
     66.443   62.19452 -174.67402    -1.5141    31.8363    1438.85  0.000e+00
     66.512   62.19452 -174.67402    -1.5138    31.8362    1438.85  0.000e+00
     66.443   62.19452 -174.67402    -1.5141    31.8363    1438.85  0.000e+00
