EcoFOCI/data/1_SampleCollection/2023_SikuliaqDBO_CruiseData/CTD_raw_BottleFile_SKQ23-12S/proc/skq202312s_028.cnv
* Sea-Bird SBE 9 Data File:
* FileName = D:\CTD\SKQ202312S\SKQ202312S_028.hex
* Software Version Seasave V 7.26.7.121
* Temperature SN = 6177
* Conductivity SN = 0369
* Number of Bytes Per Scan = 41
* Number of Voltage Words = 4
* Number of Scans Averaged by the Deck Unit = 1
* NMEA Latitude = 71 22.34 N
* NMEA Longitude = 157 24.94 W
* NMEA UTC (Time) = Sep 21 2023  03:13:25
* NMEA baud rate = 4800
** Ship: R/V Sikuliaq
** Station Number: 028
** Station Name: DBO5.4
** Bottom Depth: 112
** Operator: SD
# nquan = 24
# nvalues = 10603                                 
# units = specified
# name 0 = depSM: Depth [salt water, m]
# name 1 = latitude: Latitude [deg]
# name 2 = longitude: Longitude [deg]
# name 3 = prDM: Pressure, Digiquartz [db]
# name 4 = t090C: Temperature [ITS-90, deg C]
# name 5 = t190C: Temperature, 2 [ITS-90, deg C]
# name 6 = potemp090C: Potential Temperature [ITS-90, deg C]
# name 7 = sal00: Salinity, Practical [PSU]
# name 8 = sal11: Salinity, Practical, 2 [PSU]
# name 9 = density00: Density [density, kg/m^3]
# name 10 = sigma-é00: Density [sigma-theta, kg/m^3]
# name 11 = sbox0Mm/Kg: Oxygen, SBE 43 [umol/kg]
# name 12 = sbox1Mm/Kg: Oxygen, SBE 43, 2 [umol/kg]
# name 13 = oxsolMm/Kg: Oxygen Saturation, Garcia & Gordon [umol/kg]
# name 14 = sbeox0PS: Oxygen, SBE 43 [% saturation]
# name 15 = sbeox1PS: Oxygen, SBE 43, 2 [% saturation]
# name 16 = v0: Voltage 0
# name 17 = flECO-AFL: Fluorescence, WET Labs ECO-AFL/FL [mg/m^3]
# name 18 = v1: Voltage 1
# name 19 = CStarAt0: Beam Attenuation, WET Labs C-Star [1/m]
# name 20 = par: PAR/Irradiance, Biospherical/Licor
# name 21 = scan: Scan Count
# name 22 = timeM: Time, Elapsed [minutes]
# name 23 = flag:  0.000e+00
# span 0 =      2.421,    106.151                 
# span 1 =   71.37238,   71.37258                 
# span 2 = -157.41494, -157.41336                 
# span 3 =      2.446,    107.273                 
# span 4 =    -1.5020,     4.8902                 
# span 5 =    -1.5012,     4.8905                 
# span 6 =    -1.5040,     4.8899                 
# span 7 =    30.0278,    32.5827                 
# span 8 =    30.0490,    32.5938                 
# span 9 =  1023.7716,  1026.7256                 
# span 10 =    23.7502,    26.2088                
# span 11 =    295.081,    389.149                
# span 12 =    273.776,    355.676                
# span 13 =  318.65451,  370.23907                
# span 14 =     79.985,    108.091                
# span 15 =     74.230,     98.748                
# span 16 =     0.0684,     0.3980                
# span 17 =     0.0623,     2.0403                
# span 18 =     2.8852,     4.2259                
# span 19 =     0.4359,     1.9629                
# span 20 = 1.0000e-12, 1.5816e+01                
# span 21 =          1,      10603                
# span 22 =     0.0000,     7.3625                
# span 23 = 0.0000e+00, 0.0000e+00                
# interval = seconds: 0.0416667
# start_time = Sep 21 2023 03:18:10 [NMEA time, first data scan]
# bad_flag = -9.990e-29
*END*
[from data line 5314]
     77.191   71.37248 -157.41436     78.001    -1.4739    -1.4721    -1.4754    32.5673    32.5780  1026.5719    26.1956    301.946    285.689  368.77033     81.879     77.481     0.2637     1.2344     3.5263     1.1601 1.0000e-12       5315     3.6903  0.000e+00
     77.214   71.37248 -157.41436     78.025    -1.4737    -1.4721    -1.4752    32.5669    32.5780  1026.5717    26.1952    301.942    285.696  368.76983     81.878     77.483     0.2650     1.2417     3.5275     1.1587 1.0000e-12       5316     3.6910  0.000e+00
     77.252   71.37248 -157.41436     78.064    -1.4741    -1.4723    -1.4756    32.5676    32.5783  1026.5725    26.1958    301.945    285.674  368.77110     81.879     77.477     0.2650     1.2417     3.5311     1.1545 1.0000e-12       5317     3.6917  0.000e+00
     77.268   71.37248 -157.41436     78.079    -1.4743    -1.4724    -1.4758    32.5677    32.5784  1026.5726    26.1959    301.951    285.654  368.77255     81.880     77.471     0.2637     1.2344     3.5311     1.1545 1.0000e-12       5318     3.6924  0.000e+00
     77.252   71.37248 -157.41436     78.064    -1.4741    -1.4725    -1.4756    32.5671    32.5788  1026.5720    26.1954    301.959    285.635  368.77273     81.882     77.466     0.2650     1.2417     3.5299     1.1559 1.0000e-12       5319     3.6931  0.000e+00
     77.322   71.37248 -157.41436     78.134    -1.4741    -1.4727    -1.4756    32.5673    32.5786  1026.5725    26.1955    301.974    285.623  368.77210     81.886     77.462     0.2662     1.2491     3.5299     1.1559 1.0000e-12       5320     3.6938  0.000e+00
     77.306   71.37248 -157.41436     78.118    -1.4742    -1.4728    -1.4757    32.5672    32.5785  1026.5724    26.1954    301.991    285.610  368.77361     81.891     77.459     0.2637     1.2344     3.5311     1.1545 1.0000e-12       5321     3.6944  0.000e+00
     77.322   71.37248 -157.41436     78.134    -1.4744    -1.4730    -1.4759    32.5674    32.5787  1026.5726    26.1956    302.014    285.405  368.77480     81.896     77.402     0.2650     1.2417     3.5311     1.1545 1.0000e-12       5322     3.6951  0.000e+00
     77.360   71.37248 -157.41436     78.173    -1.4743    -1.4733    -1.4758    32.5673    32.5791  1026.5727    26.1955    302.039    285.371  368.77384     81.904     77.393     0.2637     1.2344     3.5311     1.1545 1.0000e-12       5323     3.6958  0.000e+00
     77.322   71.37248 -157.41436     78.134    -1.4744    -1.4735    -1.4759    32.5675    32.5789  1026.5727    26.1957    301.807    285.337  368.77442     81.841     77.383     0.2650     1.2417     3.5311     1.1545 1.0000e-12       5324     3.6965  0.000e+00
     77.422   71.37248 -157.41436     78.235    -1.4744    -1.4738    -1.4759    32.5676    32.5791  1026.5733    26.1958    301.797    285.280  368.77410     81.838     77.367     0.2637     1.2344     3.5311     1.1545 1.0000e-12       5325     3.6972  0.000e+00
     77.384   71.37248 -157.41436     78.196    -1.4745    -1.4739    -1.4760    32.5675    32.5793  1026.5730    26.1957    302.049    285.252  368.77608     81.906     77.360     0.2650     1.2417     3.5311     1.1545 1.0000e-12       5326     3.6979  0.000e+00
     77.360   71.37248 -157.41436     78.173    -1.4742    -1.4737    -1.4757    32.5670    32.5793  1026.5725    26.1953    301.831    285.227  368.77408     81.847     77.353     0.2637     1.2344     3.5311     1.1545 1.0000e-12       5327     3.6986  0.000e+00
     77.499   71.37248 -157.41436     78.313    -1.4745    -1.4739    -1.4760    32.5675    32.5791  1026.5735    26.1957    301.893    285.215  368.77616     81.864     77.349     0.2637     1.2344     3.5311     1.1545 1.0000e-12       5328     3.6993  0.000e+00
     77.422   71.37248 -157.41436     78.235    -1.4747    -1.4738    -1.4762    32.5677    32.5791  1026.5734    26.1959    301.901    285.196  368.77667     81.866     77.345     0.2662     1.2491     3.5311     1.1545 1.0000e-12       5329     3.7000  0.000e+00
     77.499   71.37248 -157.41436     78.313    -1.4748    -1.4737    -1.4763    32.5677    32.5790  1026.5737    26.1959    301.923    285.188  368.77848     81.871     77.342     0.2637     1.2344     3.5311     1.1545 1.0000e-12       5330     3.7007  0.000e+00
     77.476   71.37248 -157.41436     78.290    -1.4750    -1.4735    -1.4765    32.5680    32.5785  1026.5739    26.1961    301.946    285.145  368.77923     81.877     77.331     0.2650     1.2417     3.5311     1.1545 1.0000e-12       5331     3.7014  0.000e+00
     77.499   71.37248 -157.41436     78.313    -1.4752    -1.4735    -1.4767    32.5680    32.5787  1026.5740    26.1962    301.977    285.108  368.78081     81.885     77.321     0.2637     1.2344     3.5311     1.1545 1.0000e-12       5332     3.7021  0.000e+00
     77.538   71.37248 -157.41436     78.352    -1.4751    -1.4736    -1.4766    32.5677    32.5791  1026.5739    26.1959    301.962    285.109  368.78137     81.881     77.321     0.2650     1.2417     3.5311     1.1545 1.0000e-12       5333     3.7028  0.000e+00
     77.553   71.37248 -157.41436     78.368    -1.4751    -1.4735    -1.4766    32.5678    32.5788  1026.5741    26.1960    302.002    285.111  368.78089     81.892     77.322     0.2637     1.2344     3.5299     1.1559 1.0000e-12       5334     3.7035  0.000e+00
     77.538   71.37248 -157.41436     78.352    -1.4755    -1.4736    -1.4770    32.5685    32.5789  1026.5746    26.1965    301.997    284.889  368.78245     81.890     77.261     0.2650     1.2417     3.5311     1.1545 1.0000e-12       5335     3.7042  0.000e+00
     77.553   71.37248 -157.41436     78.368    -1.4755    -1.4736    -1.4770    32.5681    32.5789  1026.5743    26.1962    301.997    285.099  368.78348     81.890     77.318     0.2637     1.2344     3.5287     1.1573 1.0000e-12       5336     3.7049  0.000e+00
     77.654   71.37248 -157.41436     78.469    -1.4755    -1.4736    -1.4770    32.5681    32.5785  1026.5748    26.1962    301.743    285.120  368.78353     81.821     77.324     0.2637     1.2344     3.5250     1.1614 1.0000e-12       5337     3.7056  0.000e+00
     77.615   71.37248 -157.41436     78.430    -1.4755    -1.4733    -1.4770    32.5682    32.5787  1026.5747    26.1963    301.959    284.906  368.78321     81.880     77.266     0.2650     1.2417     3.5238     1.1628 1.0000e-12       5338     3.7062  0.000e+00
     77.654   71.37248 -157.41436     78.469    -1.4756    -1.4736    -1.4771    32.5683    32.5789  1026.5750    26.1964    301.974    284.869  368.78393     81.884     77.256     0.2650     1.2417     3.5250     1.1614 1.0000e-12       5339     3.7069  0.000e+00
     77.654   71.37248 -157.41436     78.469    -1.4755    -1.4736    -1.4770    32.5684    32.5788  1026.5751    26.1965    301.990    284.832  368.78265     81.888     77.246     0.2686     1.2637     3.5250     1.1614 1.0000e-12       5340     3.7076  0.000e+00
     77.723   71.37248 -157.41436     78.539    -1.4753    -1.4739    -1.4768    32.5682    32.5791  1026.5752    26.1963    302.012    284.805  368.78148     81.895     77.238     0.2698     1.2710     3.5238     1.1628 1.0000e-12       5341     3.7083  0.000e+00
     77.708   71.37248 -157.41436     78.524    -1.4755    -1.4738    -1.4770    32.5684    32.5787  1026.5753    26.1965    301.777    284.545  368.78262     81.831     77.168     0.2711     1.2784     3.5250     1.1614 1.0000e-12       5342     3.7090  0.000e+00
     77.669   71.37248 -157.41436     78.485    -1.4755    -1.4740    -1.4770    32.5680    32.5794  1026.5749    26.1962    301.758    284.489  368.78368     81.825     77.152     0.2698     1.2710     3.5250     1.1614 1.0000e-12       5343     3.7097  0.000e+00
     77.762   71.37248 -157.41436     78.578    -1.4755    -1.4738    -1.4770    32.5681    32.5793  1026.5753    26.1962    302.009    284.441  368.78360     81.893     77.140     0.2711     1.2784     3.5250     1.1614 1.0000e-12       5344     3.7104  0.000e+00
     77.785   71.37248 -157.41436     78.602    -1.4755    -1.4739    -1.4770    32.5683    32.5791  1026.5756    26.1964    302.051    284.432  368.78301     81.905     77.137     0.2711     1.2784     3.5250     1.1614 1.0000e-12       5345     3.7111  0.000e+00
     77.824   71.37248 -157.41436     78.641    -1.4756    -1.4744    -1.4771    32.5683    32.5795  1026.5758    26.1964    301.840    284.433  368.78411     81.847     77.137     0.2698     1.2710     3.5250     1.1614 1.0000e-12       5346     3.7118  0.000e+00
     77.839   71.37248 -157.41436     78.656    -1.4758    -1.4742    -1.4773    32.5682    32.5792  1026.5758    26.1963    301.688    284.436  368.78618     81.806     77.137     0.2711     1.2784     3.5238     1.1628 1.0000e-12       5347     3.7125  0.000e+00
     77.824   71.37248 -157.41436     78.641    -1.4758    -1.4744    -1.4773    32.5681    32.5792  1026.5757    26.1963    301.690    284.182  368.78628     81.806     77.068     0.2711     1.2784     3.5250     1.1614 1.0000e-12       5348     3.7132  0.000e+00
     77.901   71.37248 -157.41436     78.719    -1.4762    -1.4744    -1.4777    32.5685    32.5792  1026.5764    26.1966    301.704    284.365  368.78965     81.809     77.118     0.2711     1.2784     3.5250     1.1614 1.0000e-12       5349     3.7139  0.000e+00
     77.878   71.37248 -157.41436     78.695    -1.4762    -1.4746    -1.4777    32.5683    32.5797  1026.5761    26.1964    301.458    284.123  368.79024     81.743     77.052     0.2698     1.2710     3.5250     1.1614 1.0000e-12       5350     3.7146  0.000e+00
     77.955   71.37248 -157.41436     78.773    -1.4764    -1.4747    -1.4779    32.5687    32.5793  1026.5768    26.1967    301.435    284.090  368.79104     81.736     77.043     0.2711     1.2784     3.5238     1.1628 1.0000e-12       5351     3.7153  0.000e+00
     77.939   71.37248 -157.41436     78.758    -1.4764    -1.4748    -1.4779    32.5687    32.5793  1026.5768    26.1968    301.364    284.059  368.79076     81.717     77.034     0.2698     1.2710     3.5250     1.1614 1.0000e-12       5352     3.7160  0.000e+00
     77.955   71.37248 -157.41436     78.773    -1.4765    -1.4748    -1.4780    32.5683    32.5797  1026.5765    26.1965    301.302    284.068  368.79307     81.699     77.037     0.2711     1.2784     3.5250     1.1614 1.0000e-12       5353     3.7167  0.000e+00
     77.993   71.37248 -157.41436     78.812    -1.4764    -1.4747    -1.4779    32.5688    32.5796  1026.5770    26.1968    301.243    284.053  368.79073     81.684     77.033     0.2711     1.2784     3.5238     1.1628 1.0000e-12       5354     3.7174  0.000e+00
     78.070   71.37248 -157.41436     78.890    -1.4764    -1.4750    -1.4779    32.5687    32.5800  1026.5774    26.1968    301.454    283.818  368.79087     81.741     76.969     0.2698     1.2710     3.5250     1.1614 1.0000e-12       5355     3.7181  0.000e+00
     77.993   71.37248 -157.41436     78.812    -1.4764    -1.4749    -1.4779    32.5689    32.5795  1026.5772    26.1969    301.192    284.012  368.79023     81.670     77.021     0.2711     1.2784     3.5250     1.1614 1.0000e-12       5356     3.7188  0.000e+00
     78.109   71.37248 -157.41436     78.929    -1.4762    -1.4747    -1.4777    32.5687    32.5795  1026.5776    26.1967    301.154    283.789  368.78915     81.660     76.961     0.2698     1.2710     3.5275     1.1587 1.0000e-12       5357     3.7194  0.000e+00
     78.070   71.37248 -157.41436     78.890    -1.4765    -1.4748    -1.4780    32.5688    32.5793  1026.5775    26.1969    301.120    283.770  368.79165     81.650     76.956     0.2711     1.2784     3.5275     1.1587 1.0000e-12       5358     3.7201  0.000e+00
     78.163   71.37248 -157.41436     78.984    -1.4764    -1.4745    -1.4779    32.5686    32.5790  1026.5778    26.1967    301.094    283.761  368.79116     81.643     76.954     0.2698     1.2710     3.5287     1.1573 1.0000e-12       5359     3.7208  0.000e+00
     78.125   71.37248 -157.41436     78.945    -1.4762    -1.4745    -1.4777    32.5688    32.5794  1026.5777    26.1968    301.067    283.756  368.78880     81.637     76.953     0.2711     1.2784     3.5275     1.1587 1.0000e-12       5360     3.7215  0.000e+00
     78.225   71.37248 -157.41436     79.046    -1.4764    -1.4745    -1.4779    32.5687    32.5792  1026.5781    26.1967    301.057    283.732  368.79102     81.633     76.946     0.2698     1.2710     3.5287     1.1573 1.0000e-12       5361     3.7222  0.000e+00
     78.240   71.37248 -157.41436     79.062    -1.4765    -1.4748    -1.4780    32.5691    32.5795  1026.5785    26.1971    301.047    283.713  368.79095     81.631     76.940     0.2711     1.2784     3.5275     1.1587 1.0000e-12       5362     3.7229  0.000e+00
     78.225   71.37248 -157.41436     79.046    -1.4765    -1.4748    -1.4780    32.5686    32.5795  1026.5781    26.1967    300.783    283.467  368.79230     81.559     76.874     0.2711     1.2784     3.5275     1.1587 1.0000e-12       5363     3.7236  0.000e+00
     78.302   71.37248 -157.41436     79.124    -1.4765    -1.4752    -1.4780    32.5684    32.5798  1026.5782    26.1965    301.001    283.433  368.79306     81.618     76.864     0.2698     1.2710     3.5275     1.1587 1.0000e-12       5364     3.7243  0.000e+00
     78.279   71.37248 -157.41436     79.101    -1.4767    -1.4752    -1.4782    32.5687    32.5795  1026.5784    26.1968    301.011    283.402  368.79369     81.620     76.855     0.2686     1.2637     3.5275     1.1587 1.0000e-12       5365     3.7250  0.000e+00
     78.302   71.37248 -157.41436     79.124    -1.4765    -1.4753    -1.4780    32.5686    32.5798  1026.5784    26.1967    301.027    283.380  368.79231     81.625     76.849     0.2637     1.2344     3.5287     1.1573 1.0000e-12       5366     3.7257  0.000e+00
     78.395   71.37248 -157.41436     79.218    -1.4767    -1.4754    -1.4782    32.5692    32.5800  1026.5793    26.1971    300.794    283.370  368.79239     81.562     76.846     0.2625     1.2271     3.5287     1.1573 1.0000e-12       5367     3.7264  0.000e+00
     78.356   71.37248 -157.41436     79.179    -1.4765    -1.4754    -1.4780    32.5690    32.5798  1026.5790    26.1970    301.293    283.362  368.79128     81.697     76.844     0.2625     1.2271     3.5287     1.1573 1.0000e-12       5368     3.7271  0.000e+00
     78.456   71.37248 -157.41436     79.280    -1.4762    -1.4754    -1.4777    32.5685    32.5798  1026.5791    26.1966    300.861    283.137  368.78976     81.581     76.783     0.2637     1.2344     3.5275     1.1587 1.0000e-12       5369     3.7278  0.000e+00
     78.456   71.37248 -157.41436     79.280    -1.4762    -1.4753    -1.4777    32.5685    32.5798  1026.5791    26.1966    300.854    283.114  368.78976     81.579     76.777     0.2637     1.2344     3.5287     1.1573 1.0000e-12       5370     3.7285  0.000e+00
     78.472   71.37248 -157.41436     79.296    -1.4760    -1.4750    -1.4776    32.5685    32.5795  1026.5792    26.1966    300.855    283.067  368.78800     81.580     76.765     0.2637     1.2344     3.5275     1.1587 1.0000e-12       5371     3.7292  0.000e+00
     78.456   71.37248 -157.41436     79.280    -1.4760    -1.4749    -1.4776    32.5684    32.5797  1026.5790    26.1965    300.866    283.028  368.78835     81.582     76.754     0.2637     1.2344     3.5275     1.1587 1.0000e-12       5372     3.7299  0.000e+00
     78.534   71.37248 -157.41436     79.358    -1.4758    -1.4750    -1.4773    32.5681    32.5795  1026.5791    26.1963    300.573    282.771  368.78629     81.503     76.685     0.2625     1.2271     3.5287     1.1573 1.0000e-12       5373     3.7306  0.000e+00
