EcoFOCI/data/1_SampleCollection/2023_SikuliaqDBO_CruiseData/CTD_raw_BottleFile_SKQ23-12S/proc/skq202312s_077svp.cnv
* Sea-Bird SBE 9 Data File:
* FileName = D:\CTD\SKQ202312S\SKQ202312S_077.hex
* Software Version Seasave V 7.26.7.121
* Temperature SN = 6177
* Conductivity SN = 0369
* Number of Bytes Per Scan = 41
* Number of Voltage Words = 4
* Number of Scans Averaged by the Deck Unit = 1
* NMEA Latitude = 65 46.95 N
* NMEA Longitude = 168 50.45 W
* NMEA UTC (Time) = Oct 03 2023  04:36:08
* NMEA baud rate = 4800
** Ship: R/V Sikuliaq
** Station Number: 077
** Station Name: BS8
** Bottom Depth: 47
** Operator: SD
# nquan = 7
# nvalues = 4966                                  
# units = specified
# name 0 = depSM: Depth [salt water, m]
# name 1 = latitude: Latitude [deg]
# name 2 = longitude: Longitude [deg]
# name 3 = t090C: Temperature [ITS-90, deg C]
# name 4 = sal00: Salinity, Practical [PSU]
# name 5 = svCM: Sound Velocity [Chen-Millero, m/s]
# name 6 = flag:  0.000e+00
# span 0 =      2.737,     43.126                 
# span 1 =   65.78198,   65.78216                 
# span 2 = -168.84226, -168.84170                 
# span 3 =     2.8089,     5.7676                 
# span 4 =    28.3176,    32.9114                 
# span 5 =    1459.01,    1467.15                 
# span 6 = 0.0000e+00, 0.0000e+00                 
# interval = seconds: 0.0416667
# start_time = Oct 03 2023 04:40:00 [NMEA time, first data scan]
# bad_flag = -9.990e-29
*END*
[from data line 1642]
     12.726   65.78206 -168.84198     3.4986    32.3305    1461.28  0.000e+00
     12.811   65.78206 -168.84198     3.4984    32.3308    1461.28  0.000e+00
     12.757   65.78206 -168.84198     3.4984    32.3324    1461.28  0.000e+00
     12.757   65.78206 -168.84198     3.4989    32.3341    1461.29  0.000e+00
     12.780   65.78206 -168.84198     3.5008    32.3341    1461.30  0.000e+00
     12.757   65.78206 -168.84198     3.5036    32.3321    1461.30  0.000e+00
     12.757   65.78206 -168.84198     3.5060    32.3301    1461.31  0.000e+00
     12.811   65.78206 -168.84198     3.5082    32.3271    1461.32  0.000e+00
     12.780   65.78206 -168.84198     3.5094    32.3254    1461.32  0.000e+00
     12.757   65.78206 -168.84198     3.5099    32.3249    1461.32  0.000e+00
     12.757   65.78206 -168.84198     3.5102    32.3237    1461.32  0.000e+00
     12.811   65.78206 -168.84198     3.5101    32.3233    1461.32  0.000e+00
     12.780   65.78206 -168.84198     3.5109    32.3229    1461.32  0.000e+00
     12.757   65.78206 -168.84198     3.5114    32.3220    1461.32  0.000e+00
     12.811   65.78206 -168.84198     3.5105    32.3219    1461.32  0.000e+00
     12.757   65.78206 -168.84198     3.5092    32.3224    1461.32  0.000e+00
     12.811   65.78206 -168.84198     3.5077    32.3233    1461.31  0.000e+00
     12.780   65.78206 -168.84198     3.5063    32.3245    1461.31  0.000e+00
     12.811   65.78206 -168.84198     3.5050    32.3252    1461.30  0.000e+00
     12.811   65.78206 -168.84198     3.5044    32.3256    1461.30  0.000e+00
     12.757   65.78206 -168.84198     3.5035    32.3264    1461.30  0.000e+00
     12.834   65.78206 -168.84198     3.5024    32.3270    1461.29  0.000e+00
     12.811   65.78206 -168.84198     3.5016    32.3279    1461.29  0.000e+00
     12.757   65.78206 -168.84198     3.5008    32.3284    1461.29  0.000e+00
     12.811   65.78206 -168.84198     3.5003    32.3280    1461.29  0.000e+00
     12.834   65.78206 -168.84198     3.5001    32.3280    1461.29  0.000e+00
     12.811   65.78206 -168.84198     3.5000    32.3288    1461.29  0.000e+00
     12.811   65.78206 -168.84198     3.5001    32.3282    1461.29  0.000e+00
     12.811   65.78206 -168.84198     3.5000    32.3286    1461.29  0.000e+00
     12.834   65.78206 -168.84198     3.5001    32.3286    1461.29  0.000e+00
     12.811   65.78206 -168.84198     3.5003    32.3287    1461.29  0.000e+00
     12.811   65.78206 -168.84198     3.5003    32.3287    1461.29  0.000e+00
     12.873   65.78206 -168.84198     3.5000    32.3290    1461.29  0.000e+00
     12.834   65.78206 -168.84198     3.4997    32.3293    1461.29  0.000e+00
     12.873   65.78206 -168.84198     3.4997    32.3288    1461.29  0.000e+00
     12.811   65.78206 -168.84198     3.4989    32.3289    1461.28  0.000e+00
     12.873   65.78206 -168.84198     3.4983    32.3293    1461.28  0.000e+00
     12.896   65.78206 -168.84198     3.4972    32.3306    1461.28  0.000e+00
     12.873   65.78206 -168.84198     3.4965    32.3313    1461.28  0.000e+00
     12.873   65.78206 -168.84198     3.4959    32.3317    1461.27  0.000e+00
     12.873   65.78206 -168.84198     3.4957    32.3318    1461.27  0.000e+00
     12.927   65.78206 -168.84198     3.4952    32.3317    1461.27  0.000e+00
     12.896   65.78206 -168.84198     3.4948    32.3323    1461.27  0.000e+00
     12.927   65.78206 -168.84198     3.4942    32.3326    1461.27  0.000e+00
     12.927   65.78206 -168.84198     3.4935    32.3326    1461.27  0.000e+00
     12.927   65.78206 -168.84198     3.4926    32.3337    1461.26  0.000e+00
     12.950   65.78206 -168.84198     3.4918    32.3342    1461.26  0.000e+00
     12.873   65.78206 -168.84198     3.4908    32.3344    1461.26  0.000e+00
     13.042   65.78206 -168.84198     3.4895    32.3345    1461.25  0.000e+00
     12.927   65.78206 -168.84198     3.4883    32.3352    1461.25  0.000e+00
     12.950   65.78206 -168.84198     3.4874    32.3361    1461.24  0.000e+00
     12.981   65.78206 -168.84198     3.4869    32.3361    1461.24  0.000e+00
     12.980   65.78206 -168.84198     3.4863    32.3366    1461.24  0.000e+00
     13.042   65.78206 -168.84198     3.4850    32.3375    1461.24  0.000e+00
     12.950   65.78206 -168.84198     3.4846    32.3382    1461.23  0.000e+00
     13.042   65.78206 -168.84198     3.4843    32.3384    1461.24  0.000e+00
     13.042   65.78206 -168.84198     3.4836    32.3385    1461.23  0.000e+00
     13.042   65.78206 -168.84198     3.4830    32.3386    1461.23  0.000e+00
     13.065   65.78206 -168.84198     3.4819    32.3387    1461.23  0.000e+00
     13.096   65.78206 -168.84198     3.4811    32.3389    1461.22  0.000e+00
     13.096   65.78206 -168.84198     3.4800    32.3397    1461.22  0.000e+00
     13.096   65.78206 -168.84198     3.4789    32.3399    1461.22  0.000e+00
     13.127   65.78206 -168.84198     3.4782    32.3400    1461.21  0.000e+00
     13.096   65.78206 -168.84198     3.4773    32.3411    1461.21  0.000e+00
     13.096   65.78206 -168.84198     3.4767    32.3412    1461.21  0.000e+00
     13.158   65.78206 -168.84200     3.4760    32.3414    1461.21  0.000e+00
     13.181   65.78206 -168.84200     3.4756    32.3411    1461.20  0.000e+00
     13.158   65.78206 -168.84200     3.4748    32.3413    1461.20  0.000e+00
     13.212   65.78206 -168.84200     3.4737    32.3420    1461.20  0.000e+00
     13.158   65.78206 -168.84200     3.4729    32.3419    1461.19  0.000e+00
     13.297   65.78206 -168.84200     3.4715    32.3427    1461.19  0.000e+00
     13.212   65.78206 -168.84200     3.4705    32.3432    1461.19  0.000e+00
     13.273   65.78206 -168.84200     3.4696    32.3440    1461.18  0.000e+00
     13.212   65.78206 -168.84200     3.4684    32.3445    1461.18  0.000e+00
     13.297   65.78206 -168.84200     3.4677    32.3450    1461.18  0.000e+00
     13.327   65.78206 -168.84200     3.4669    32.3451    1461.18  0.000e+00
     13.327   65.78206 -168.84200     3.4661    32.3453    1461.17  0.000e+00
     13.273   65.78206 -168.84200     3.4657    32.3457    1461.17  0.000e+00
     13.351   65.78206 -168.84200     3.4649    32.3457    1461.17  0.000e+00
     13.327   65.78206 -168.84200     3.4644    32.3460    1461.17  0.000e+00
     13.443   65.78206 -168.84200     3.4637    32.3468    1461.17  0.000e+00
     13.381   65.78206 -168.84200     3.4633    32.3465    1461.16  0.000e+00
     13.412   65.78206 -168.84200     3.4628    32.3460    1461.16  0.000e+00
     13.443   65.78206 -168.84200     3.4622    32.3464    1461.16  0.000e+00
     13.443   65.78206 -168.84200     3.4612    32.3465    1461.15  0.000e+00
     13.443   65.78206 -168.84200     3.4601    32.3471    1461.15  0.000e+00
     13.528   65.78206 -168.84200     3.4590    32.3479    1461.15  0.000e+00
     13.443   65.78206 -168.84200     3.4583    32.3486    1461.14  0.000e+00
     13.559   65.78206 -168.84200     3.4576    32.3490    1461.14  0.000e+00
     13.443   65.78206 -168.84200     3.4572    32.3492    1461.14  0.000e+00
     13.528   65.78206 -168.84200     3.4568    32.3495    1461.14  0.000e+00
     13.559   65.78206 -168.84200     3.4564    32.3499    1461.14  0.000e+00
     13.559   65.78206 -168.84200     3.4560    32.3498    1461.14  0.000e+00
     13.559   65.78206 -168.84200     3.4557    32.3502    1461.14  0.000e+00
     13.582   65.78206 -168.84200     3.4552    32.3507    1461.14  0.000e+00
     13.613   65.78206 -168.84200     3.4552    32.3505    1461.14  0.000e+00
     13.613   65.78206 -168.84200     3.4549    32.3510    1461.14  0.000e+00
     13.674   65.78206 -168.84200     3.4551    32.3506    1461.14  0.000e+00
     13.636   65.78206 -168.84200     3.4551    32.3506    1461.14  0.000e+00
     13.613   65.78206 -168.84200     3.4552    32.3506    1461.14  0.000e+00
     13.674   65.78206 -168.84200     3.4549    32.3510    1461.14  0.000e+00
     13.674   65.78206 -168.84200     3.4549    32.3510    1461.14  0.000e+00
     13.636   65.78206 -168.84200     3.4549    32.3508    1461.14  0.000e+00
     13.728   65.78206 -168.84200     3.4546    32.3506    1461.14  0.000e+00
     13.674   65.78206 -168.84200     3.4543    32.3510    1461.13  0.000e+00
     13.728   65.78206 -168.84200     3.4542    32.3512    1461.14  0.000e+00
     13.752   65.78206 -168.84200     3.4543    32.3508    1461.14  0.000e+00
     13.782   65.78206 -168.84200     3.4542    32.3511    1461.14  0.000e+00
     13.782   65.78206 -168.84200     3.4543    32.3512    1461.14  0.000e+00
     13.782   65.78206 -168.84200     3.4543    32.3508    1461.14  0.000e+00
     13.813   65.78206 -168.84200     3.4544    32.3506    1461.14  0.000e+00
     13.782   65.78206 -168.84200     3.4543    32.3502    1461.14  0.000e+00
     13.782   65.78206 -168.84200     3.4540    32.3506    1461.13  0.000e+00
     13.813   65.78206 -168.84200     3.4540    32.3502    1461.13  0.000e+00
     13.844   65.78206 -168.84200     3.4539    32.3503    1461.13  0.000e+00
     13.782   65.78206 -168.84200     3.4537    32.3509    1461.13  0.000e+00
     13.898   65.78206 -168.84200     3.4536    32.3497    1461.13  0.000e+00
     13.813   65.78206 -168.84200     3.4526    32.3506    1461.13  0.000e+00
     13.898   65.78206 -168.84200     3.4523    32.3510    1461.13  0.000e+00
     13.898   65.78206 -168.84200     3.4519    32.3511    1461.13  0.000e+00
     13.960   65.78206 -168.84200     3.4516    32.3513    1461.13  0.000e+00
     13.929   65.78206 -168.84200     3.4513    32.3517    1461.13  0.000e+00
     13.960   65.78206 -168.84200     3.4508    32.3519    1461.13  0.000e+00
     13.960   65.78206 -168.84200     3.4510    32.3521    1461.13  0.000e+00
     13.898   65.78206 -168.84200     3.4510    32.3523    1461.13  0.000e+00
     13.983   65.78206 -168.84200     3.4508    32.3519    1461.13  0.000e+00
     13.960   65.78206 -168.84200     3.4508    32.3510    1461.12  0.000e+00
     13.960   65.78206 -168.84200     3.4498    32.3511    1461.12  0.000e+00
     13.960   65.78206 -168.84200     3.4491    32.3513    1461.12  0.000e+00
     14.037   65.78206 -168.84200     3.4480    32.3517    1461.11  0.000e+00
     14.014   65.78206 -168.84200     3.4472    32.3518    1461.11  0.000e+00
     14.014   65.78206 -168.84200     3.4462    32.3530    1461.11  0.000e+00
     14.037   65.78206 -168.84200     3.4455    32.3532    1461.11  0.000e+00
     14.075   65.78206 -168.84200     3.4449    32.3535    1461.10  0.000e+00
     14.075   65.78206 -168.84200     3.4444    32.3545    1461.10  0.000e+00
     14.075   65.78206 -168.84200     3.4439    32.3548    1461.10  0.000e+00
     14.099   65.78206 -168.84200     3.4438    32.3544    1461.10  0.000e+00
     14.075   65.78206 -168.84200     3.4432    32.3553    1461.10  0.000e+00
     14.129   65.78206 -168.84200     3.4426    32.3555    1461.10  0.000e+00
     14.075   65.78206 -168.84200     3.4423    32.3554    1461.10  0.000e+00
     14.098   65.78206 -168.84200     3.4423    32.3560    1461.10  0.000e+00
     14.183   65.78206 -168.84200     3.4422    32.3559    1461.10  0.000e+00
     14.129   65.78206 -168.84200     3.4419    32.3558    1461.10  0.000e+00
     14.183   65.78206 -168.84200     3.4417    32.3561    1461.10  0.000e+00
     14.214   65.78206 -168.84200     3.4421    32.3561    1461.10  0.000e+00
     14.245   65.78206 -168.84200     3.4417    32.3565    1461.10  0.000e+00
     14.183   65.78206 -168.84200     3.4420    32.3563    1461.10  0.000e+00
     14.268   65.78206 -168.84200     3.4421    32.3557    1461.10  0.000e+00
     14.299   65.78206 -168.84200     3.4421    32.3553    1461.10  0.000e+00
     14.245   65.78206 -168.84200     3.4419    32.3555    1461.10  0.000e+00
     14.299   65.78206 -168.84200     3.4419    32.3556    1461.10  0.000e+00
     14.322   65.78206 -168.84200     3.4416    32.3553    1461.10  0.000e+00
     14.299   65.78206 -168.84200     3.4414    32.3556    1461.10  0.000e+00
     14.299   65.78206 -168.84200     3.4409    32.3563    1461.10  0.000e+00
     14.361   65.78206 -168.84200     3.4410    32.3554    1461.10  0.000e+00
     14.384   65.78206 -168.84200     3.4406    32.3553    1461.09  0.000e+00
     14.361   65.78206 -168.84200     3.4405    32.3548    1461.09  0.000e+00
     14.415   65.78206 -168.84200     3.4393    32.3559    1461.09  0.000e+00
     14.438   65.78206 -168.84200     3.4390    32.3560    1461.09  0.000e+00
     14.476   65.78206 -168.84200     3.4383    32.3564    1461.09  0.000e+00
     14.476   65.78206 -168.84200     3.4376    32.3562    1461.08  0.000e+00
     14.476   65.78206 -168.84200     3.4362    32.3575    1461.08  0.000e+00
     14.499   65.78206 -168.84200     3.4359    32.3570    1461.08  0.000e+00
     14.476   65.78206 -168.84200     3.4346    32.3578    1461.07  0.000e+00
     14.584   65.78206 -168.84200     3.4337    32.3584    1461.07  0.000e+00
     14.530   65.78206 -168.84200     3.4331    32.3592    1461.07  0.000e+00
     14.553   65.78206 -168.84200     3.4324    32.3597    1461.07  0.000e+00
     14.646   65.78206 -168.84200     3.4316    32.3601    1461.07  0.000e+00
     14.646   65.78206 -168.84200     3.4313    32.3608    1461.07  0.000e+00
     14.615   65.78206 -168.84200     3.4308    32.3610    1461.06  0.000e+00
     14.646   65.78206 -168.84200     3.4304    32.3611    1461.06  0.000e+00
     14.700   65.78206 -168.84200     3.4299    32.3612    1461.06  0.000e+00
     14.700   65.78206 -168.84200     3.4293    32.3616    1461.06  0.000e+00
     14.723   65.78206 -168.84200     3.4290    32.3619    1461.06  0.000e+00
     14.762   65.78206 -168.84200     3.4283    32.3625    1461.06  0.000e+00
     14.762   65.78206 -168.84200     3.4280    32.3626    1461.06  0.000e+00
     14.839   65.78206 -168.84200     3.4279    32.3626    1461.06  0.000e+00
     14.816   65.78206 -168.84200     3.4279    32.3628    1461.06  0.000e+00
     14.816   65.78206 -168.84200     3.4277    32.3631    1461.06  0.000e+00
     14.877   65.78206 -168.84200     3.4274    32.3634    1461.06  0.000e+00
     14.900   65.78206 -168.84200     3.4277    32.3632    1461.06  0.000e+00
     14.931   65.78206 -168.84200     3.4275    32.3628    1461.06  0.000e+00
     14.931   65.78206 -168.84200     3.4274    32.3629    1461.06  0.000e+00
     14.985   65.78206 -168.84200     3.4274    32.3628    1461.06  0.000e+00
     14.954   65.78206 -168.84200     3.4272    32.3629    1461.06  0.000e+00
     15.047   65.78206 -168.84200     3.4271    32.3628    1461.06  0.000e+00
     14.985   65.78206 -168.84200     3.4269    32.3629    1461.06  0.000e+00
     15.070   65.78206 -168.84200     3.4265    32.3633    1461.06  0.000e+00
     15.101   65.78206 -168.84200     3.4265    32.3632    1461.06  0.000e+00
     15.101   65.78206 -168.84200     3.4263    32.3634    1461.06  0.000e+00
     15.047   65.78206 -168.84200     3.4260    32.3633    1461.05  0.000e+00
     15.186   65.78206 -168.84200     3.4260    32.3635    1461.06  0.000e+00
     15.163   65.78206 -168.84200     3.4258    32.3634    1461.05  0.000e+00
     15.217   65.78206 -168.84200     3.4258    32.3635    1461.06  0.000e+00
     15.186   65.78206 -168.84200     3.4256    32.3639    1461.05  0.000e+00
     15.278   65.78206 -168.84200     3.4258    32.3635    1461.06  0.000e+00
     15.217   65.78206 -168.84200     3.4257    32.3635    1461.05  0.000e+00
     15.240   65.78206 -168.84200     3.4257    32.3634    1461.05  0.000e+00
     15.332   65.78206 -168.84200     3.4258    32.3638    1461.06  0.000e+00
     15.332   65.78206 -168.84200     3.4257    32.3640    1461.06  0.000e+00
     15.332   65.78206 -168.84200     3.4256    32.3639    1461.06  0.000e+00
     15.355   65.78206 -168.84200     3.4258    32.3633    1461.06  0.000e+00
     15.386   65.78206 -168.84200     3.4257    32.3634    1461.06  0.000e+00
     15.386   65.78206 -168.84200     3.4255    32.3635    1461.06  0.000e+00
