EcoFOCI/data/1_SampleCollection/2023_SikuliaqDBO_CruiseData/CTD_raw_BottleFile_SKQ23-12S/proc/skq202312s_078.cnv
* Sea-Bird SBE 9 Data File:
* FileName = D:\CTD\SKQ202312S\SKQ202312S_078.hex
* Software Version Seasave V 7.26.7.121
* Temperature SN = 6177
* Conductivity SN = 0369
* Number of Bytes Per Scan = 41
* Number of Voltage Words = 4
* Number of Scans Averaged by the Deck Unit = 1
* NMEA Latitude = 65 45.65 N
* NMEA Longitude = 168 44.60 W
* NMEA UTC (Time) = Oct 03 2023  06:14:15
* NMEA baud rate = 4800
** Ship: R/V Sikuliaq
** Station Number: 078
** Station Name: BS7
** Bottom Depth: 53
** Operator: SD
# nquan = 24
# nvalues = 4230                                  
# units = specified
# name 0 = depSM: Depth [salt water, m]
# name 1 = latitude: Latitude [deg]
# name 2 = longitude: Longitude [deg]
# name 3 = prDM: Pressure, Digiquartz [db]
# name 4 = t090C: Temperature [ITS-90, deg C]
# name 5 = t190C: Temperature, 2 [ITS-90, deg C]
# name 6 = potemp090C: Potential Temperature [ITS-90, deg C]
# name 7 = sal00: Salinity, Practical [PSU]
# name 8 = sal11: Salinity, Practical, 2 [PSU]
# name 9 = density00: Density [density, kg/m^3]
# name 10 = sigma-é00: Density [sigma-theta, kg/m^3]
# name 11 = sbox0Mm/Kg: Oxygen, SBE 43 [umol/kg]
# name 12 = sbox1Mm/Kg: Oxygen, SBE 43, 2 [umol/kg]
# name 13 = oxsolMm/Kg: Oxygen Saturation, Garcia & Gordon [umol/kg]
# name 14 = sbeox0PS: Oxygen, SBE 43 [% saturation]
# name 15 = sbeox1PS: Oxygen, SBE 43, 2 [% saturation]
# name 16 = v0: Voltage 0
# name 17 = flECO-AFL: Fluorescence, WET Labs ECO-AFL/FL [mg/m^3]
# name 18 = v1: Voltage 1
# name 19 = CStarAt0: Beam Attenuation, WET Labs C-Star [1/m]
# name 20 = par: PAR/Irradiance, Biospherical/Licor
# name 21 = scan: Scan Count
# name 22 = timeM: Time, Elapsed [minutes]
# name 23 = flag:  0.000e+00
# span 0 =      2.078,     47.760                 
# span 1 =   65.76066,   65.76074                 
# span 2 = -168.74416, -168.74384                 
# span 3 =      2.098,     48.241                 
# span 4 =     2.8525,     5.9264                 
# span 5 =     2.8529,     5.9281                 
# span 6 =     2.8508,     5.9261                 
# span 7 =    27.3708,    32.8741                 
# span 8 =    27.3743,    32.8849                 
# span 9 =  1021.5563,  1026.4163                 
# span 10 =    21.5384,    26.1904                
# span 11 =    242.916,    299.067                
# span 12 =    232.866,    285.127                
# span 13 =  308.78096,  329.32106                
# span 14 =     74.062,     94.086                
# span 15 =     71.004,     89.635                
# span 16 =     0.1197,     0.4444                
# span 17 =     0.3699,     2.3187                
# span 18 =     3.3187,     4.0830                
# span 19 =     0.5735,     1.4028                
# span 20 = 1.0000e-12, 4.9574e-01                
# span 21 =          1,       4230                
# span 22 =     0.0000,     2.9368                
# span 23 = 0.0000e+00, 0.0000e+00                
# interval = seconds: 0.0416667
# start_time = Oct 03 2023 06:17:41 [NMEA time, first data scan]
# bad_flag = -9.990e-29
*END*
[from data line 2234]
     23.176   65.76068 -168.74402     23.408     3.0617     3.0549     3.0604    32.5368    32.5598  1026.0238    25.9139    291.384    275.218  328.13887     88.799     83.873     0.2686     1.2637     3.8706     0.7873 1.0000e-12       2235     1.5514  0.000e+00
     23.214   65.76068 -168.74402     23.447     3.0599     3.0532     3.0586    32.5369    32.5601  1026.0242    25.9141    291.507    275.324  328.15288     88.833     83.902     0.2662     1.2491     3.8706     0.7873 1.0000e-12       2236     1.5521  0.000e+00
     23.160   65.76068 -168.74402     23.392     3.0583     3.0520     3.0570    32.5374    32.5610  1026.0245    25.9147    291.845    275.429  328.16466     88.933     83.932     0.2674     1.2564     3.8706     0.7873 1.0000e-12       2237     1.5528  0.000e+00
     23.353   65.76068 -168.74402     23.587     3.0573     3.0512     3.0559    32.5370    32.5600  1026.0252    25.9145    291.794    275.719  328.17419     88.914     84.018     0.2662     1.2491     3.8706     0.7873 1.0000e-12       2238     1.5535  0.000e+00
     23.276   65.76068 -168.74402     23.509     3.0557     3.0505     3.0544    32.5381    32.5606  1026.0258    25.9155    291.703    275.804  328.18405     88.884     84.043     0.2674     1.2564     3.8706     0.7873 1.0000e-12       2239     1.5542  0.000e+00
     23.237   65.76068 -168.74402     23.470     3.0545     3.0500     3.0531    32.5387    32.5611  1026.0262    25.9160    292.234    275.891  328.19267     89.044     84.069     0.2662     1.2491     3.8706     0.7873 1.0000e-12       2240     1.5549  0.000e+00
     23.330   65.76068 -168.74402     23.563     3.0537     3.0494     3.0524    32.5389    32.5607  1026.0269    25.9163    292.370    276.184  328.19807     89.083     84.156     0.2662     1.2491     3.8706     0.7873 1.0000e-12       2241     1.5556  0.000e+00
     23.353   65.76068 -168.74402     23.587     3.0526     3.0492     3.0513    32.5392    32.5598  1026.0273    25.9166    292.507    276.084  328.20657     89.123     84.125     0.2662     1.2491     3.8706     0.7873 1.0000e-12       2242     1.5562  0.000e+00
     23.330   65.76068 -168.74402     23.563     3.0516     3.0489     3.0503    32.5394    32.5602  1026.0274    25.9169    292.642    276.154  328.21382     89.162     84.146     0.2662     1.2491     3.8706     0.7873 1.0000e-12       2243     1.5569  0.000e+00
     23.392   65.76068 -168.74402     23.626     3.0506     3.0484     3.0492    32.5399    32.5602  1026.0282    25.9173    292.566    276.231  328.22128     89.137     84.169     0.2674     1.2564     3.8706     0.7873 1.0000e-12       2244     1.5576  0.000e+00
     23.407   65.76068 -168.74402     23.641     3.0499     3.0479     3.0486    32.5403    32.5602  1026.0287    25.9178    292.850    276.503  328.22528     89.222     84.250     0.2674     1.2564     3.8706     0.7873 1.0000e-12       2245     1.5583  0.000e+00
     23.446   65.76068 -168.74402     23.680     3.0494     3.0476     3.0481    32.5400    32.5594  1026.0287    25.9175    292.736    276.411  328.23012     89.186     84.221     0.2674     1.2564     3.8694     0.7885 1.0000e-12       2246     1.5590  0.000e+00
     23.407   65.76068 -168.74402     23.641     3.0487     3.0470     3.0473    32.5407    32.5597  1026.0291    25.9182    293.020    276.466  328.23435     89.272     84.237     0.2662     1.2491     3.8694     0.7885 1.0000e-12       2247     1.5597  0.000e+00
     23.446   65.76068 -168.74402     23.680     3.0482     3.0467     3.0468    32.5406    32.5595  1026.0293    25.9181    293.088    276.718  328.23889     89.291     84.313     0.2674     1.2564     3.8681     0.7898 1.0000e-12       2248     1.5604  0.000e+00
     23.500   65.76068 -168.74402     23.735     3.0476     3.0456     3.0462    32.5407    32.5599  1026.0297    25.9183    293.156    276.780  328.24335     89.311     84.330     0.2662     1.2491     3.8681     0.7898 1.0000e-12       2249     1.5611  0.000e+00
     23.523   65.76068 -168.74402     23.758     3.0472     3.0455     3.0459    32.5408    32.5592  1026.0299    25.9183    293.255    276.641  328.24587     89.340     84.287     0.2662     1.2491     3.8681     0.7898 1.0000e-12       2250     1.5618  0.000e+00
     23.500   65.76068 -168.74402     23.735     3.0468     3.0450     3.0454    32.5406    32.5592  1026.0296    25.9182    293.318    276.673  328.25023     89.358     84.295     0.2662     1.2491     3.8681     0.7898 1.0000e-12       2251     1.5625  0.000e+00
     23.523   65.76068 -168.74402     23.758     3.0464     3.0447     3.0451    32.5405    32.5592  1026.0297    25.9182    293.380    276.900  328.25316     89.376     84.364     0.2662     1.2491     3.8681     0.7898 1.0000e-12       2252     1.5632  0.000e+00
     23.561   65.76068 -168.74402     23.797     3.0460     3.0442     3.0447    32.5410    32.5588  1026.0303    25.9186    293.404    277.151  328.25530     89.383     84.439     0.2674     1.2564     3.8681     0.7898 1.0000e-12       2253     1.5639  0.000e+00
     23.615   65.76068 -168.74402     23.852     3.0455     3.0440     3.0442    32.5413    32.5587  1026.0309    25.9189    293.427    277.225  328.25836     89.389     84.461     0.2662     1.2491     3.8694     0.7885 1.0000e-12       2254     1.5646  0.000e+00
     23.577   65.76068 -168.74402     23.813     3.0454     3.0439     3.0440    32.5410    32.5583  1026.0304    25.9187    293.442    277.077  328.26051     89.393     84.416     0.2674     1.2564     3.8681     0.7898 1.0000e-12       2255     1.5653  0.000e+00
     23.615   65.76068 -168.74402     23.852     3.0452     3.0438     3.0439    32.5406    32.5585  1026.0303    25.9184    293.493    277.101  328.26285     89.408     84.423     0.2662     1.2491     3.8681     0.7898 1.0000e-12       2256     1.5660  0.000e+00
     23.638   65.76068 -168.74402     23.875     3.0452     3.0438     3.0439    32.5402    32.5586  1026.0301    25.9181    293.288    277.121  328.26379     89.345     84.429     0.2674     1.2564     3.8681     0.7898 1.0000e-12       2257     1.5667  0.000e+00
     23.677   65.76068 -168.74402     23.914     3.0447     3.0440     3.0434    32.5410    32.5581  1026.0310    25.9188    293.266    277.140  328.26563     89.338     84.435     0.2747     1.3004     3.8681     0.7898 1.0000e-12       2258     1.5674  0.000e+00
     23.615   65.76068 -168.74402     23.852     3.0447     3.0438     3.0434    32.5412    32.5580  1026.0309    25.9189    293.271    277.156  328.26514     89.340     84.439     0.2808     1.3370     3.8681     0.7898 1.0000e-12       2259     1.5681  0.000e+00
     23.692   65.76068 -168.74402     23.930     3.0447     3.0438     3.0434    32.5405    32.5584  1026.0307    25.9184    293.248    277.172  328.26685     89.332     84.444     0.2833     1.3516     3.8681     0.7898 1.0000e-12       2260     1.5688  0.000e+00
     23.731   65.76068 -168.74402     23.969     3.0446     3.0439     3.0432    32.5407    32.5578  1026.0310    25.9185    293.222    277.185  328.26779     89.324     84.448     0.2808     1.3370     3.8681     0.7898 1.0000e-12       2261     1.5694  0.000e+00
     23.692   65.76068 -168.74402     23.930     3.0444     3.0439     3.0431    32.5409    32.5578  1026.0310    25.9187    293.191    277.195  328.26844     89.314     84.451     0.2821     1.3443     3.8681     0.7898 1.0000e-12       2262     1.5701  0.000e+00
     23.731   65.76068 -168.74402     23.969     3.0444     3.0439     3.0430    32.5402    32.5576  1026.0307    25.9182    293.162    277.399  328.27019     89.305     84.513     0.2808     1.3370     3.8681     0.7898 1.0000e-12       2263     1.5708  0.000e+00
     23.754   65.76068 -168.74402     23.992     3.0443     3.0438     3.0429    32.5404    32.5576  1026.0309    25.9183    293.130    277.235  328.27102     89.295     84.463     0.2821     1.3443     3.8681     0.7898 1.0000e-12       2264     1.5715  0.000e+00
     23.731   65.76068 -168.74402     23.969     3.0439     3.0438     3.0426    32.5408    32.5578  1026.0312    25.9187    293.096    277.237  328.27258     89.284     84.464     0.2808     1.3370     3.8681     0.7898 1.0000e-12       2265     1.5722  0.000e+00
     23.793   65.76068 -168.74402     24.031     3.0443     3.0438     3.0429    32.5402    32.5578  1026.0310    25.9182    293.025    277.241  328.27147     89.263     84.465     0.2808     1.3370     3.8571     0.8012 1.0000e-12       2266     1.5729  0.000e+00
     23.808   65.76068 -168.74402     24.047     3.0444     3.0439     3.0430    32.5398    32.5572  1026.0306    25.9178    292.697    277.219  328.27140     89.163     84.458     0.2808     1.3370     3.8364     0.8228 1.0000e-12       2267     1.5736  0.000e+00
     23.847   65.76068 -168.74402     24.086     3.0444     3.0440     3.0430    32.5397    32.5563  1026.0308    25.9177    292.622    277.195  328.27155     89.140     84.451     0.2821     1.3443     3.8303     0.8291 1.0000e-12       2268     1.5743  0.000e+00
     23.808   65.76068 -168.74402     24.047     3.0439     3.0439     3.0426    32.5402    32.5571  1026.0310    25.9182    292.546    277.187  328.27418     89.116     84.448     0.2833     1.3516     3.8303     0.8291 1.0000e-12       2269     1.5750  0.000e+00
     23.847   65.76068 -168.74404     24.086     3.0439     3.0440     3.0426    32.5399    32.5570  1026.0310    25.9180    292.471    277.157  328.27484     89.093     84.439     0.2821     1.3443     3.8315     0.8279 1.0000e-12       2270     1.5757  0.000e+00
     23.847   65.76068 -168.74404     24.086     3.0439     3.0439     3.0426    32.5399    32.5573  1026.0310    25.9179    292.395    277.147  328.27494     89.070     84.436     0.2821     1.3443     3.8315     0.8279 1.0000e-12       2271     1.5764  0.000e+00
     23.870   65.76068 -168.74404     24.109     3.0438     3.0435     3.0424    32.5398    32.5568  1026.0310    25.9179    292.320    276.946  328.27646     89.047     84.374     0.2808     1.3370     3.8315     0.8279 1.0000e-12       2272     1.5771  0.000e+00
     23.901   65.76068 -168.74404     24.140     3.0438     3.0430     3.0424    32.5395    32.5567  1026.0309    25.9176    292.245    276.915  328.27721     89.024     84.363     0.2821     1.3443     3.8315     0.8279 1.0000e-12       2273     1.5778  0.000e+00
     23.924   65.76068 -168.74404     24.163     3.0437     3.0430     3.0423    32.5393    32.5560  1026.0309    25.9175    292.171    276.880  328.27853     89.001     84.352     0.2808     1.3370     3.8315     0.8279 1.0000e-12       2274     1.5785  0.000e+00
     23.901   65.76068 -168.74404     24.140     3.0433     3.0428     3.0420    32.5387    32.5559  1026.0304    25.9171    292.133    276.844  328.28260     88.988     84.341     0.2821     1.3443     3.8315     0.8279 1.0000e-12       2275     1.5792  0.000e+00
     23.978   65.76068 -168.74404     24.218     3.0430     3.0431     3.0416    32.5385    32.5557  1026.0306    25.9169    292.100    276.806  328.28580     88.977     84.330     0.2808     1.3370     3.8315     0.8279 1.0000e-12       2276     1.5799  0.000e+00
     23.901   65.76068 -168.74404     24.140     3.0425     3.0428     3.0412    32.5387    32.5561  1026.0304    25.9171    291.809    276.765  328.28908     88.888     84.317     0.2821     1.3443     3.8315     0.8279 1.0000e-12       2277     1.5806  0.000e+00
     24.016   65.76068 -168.74404     24.257     3.0424     3.0428     3.0410    32.5388    32.5558  1026.0311    25.9172    291.961    276.730  328.29023     88.934     84.306     0.2833     1.3516     3.8315     0.8279 1.0000e-12       2278     1.5813  0.000e+00
     23.978   65.76068 -168.74404     24.218     3.0422     3.0428     3.0408    32.5385    32.5560  1026.0307    25.9170    291.673    276.492  328.29218     88.846     84.234     0.2808     1.3370     3.8315     0.8279 1.0000e-12       2279     1.5819  0.000e+00
     23.962   65.76068 -168.74404     24.202     3.0421     3.0428     3.0407    32.5384    32.5559  1026.0305    25.9169    291.606    276.428  328.29396     88.825     84.214     0.2821     1.3443     3.8315     0.8279 1.0000e-12       2280     1.5826  0.000e+00
     24.040   65.76068 -168.74404     24.280     3.0421     3.0425     3.0407    32.5380    32.5557  1026.0306    25.9166    291.328    276.369  328.29476     88.740     84.196     0.2808     1.3370     3.8315     0.8279 1.0000e-12       2281     1.5833  0.000e+00
     24.078   65.76068 -168.74404     24.319     3.0415     3.0419     3.0401    32.5377    32.5550  1026.0305    25.9164    291.203    276.119  328.30040     88.700     84.117     0.2821     1.3443     3.8315     0.8279 1.0000e-12       2282     1.5840  0.000e+00
     24.040   65.76068 -168.74404     24.280     3.0413     3.0416     3.0399    32.5374    32.5550  1026.0301    25.9162    291.111    276.035  328.30285     88.671     84.091     0.2845     1.3590     3.8315     0.8279 1.0000e-12       2283     1.5847  0.000e+00
     24.078   65.76068 -168.74404     24.319     3.0405     3.0408     3.0391    32.5372    32.5554  1026.0302    25.9161    291.030    275.956  328.30938     88.645     84.066     0.2979     1.4395     3.8315     0.8279 1.0000e-12       2284     1.5854  0.000e+00
     24.078   65.76068 -168.74404     24.319     3.0402     3.0401     3.0388    32.5364    32.5553  1026.0296    25.9155    291.168    276.073  328.31398     88.686     84.100     0.3016     1.4615     3.8315     0.8279 1.0000e-12       2285     1.5861  0.000e+00
     24.155   65.76068 -168.74404     24.397     3.0395     3.0391     3.0382    32.5361    32.5550  1026.0298    25.9152    290.732    275.828  328.32007     88.552     84.023     0.3016     1.4615     3.8315     0.8279 1.0000e-12       2286     1.5868  0.000e+00
     24.132   65.76068 -168.74404     24.374     3.0386     3.0369     3.0372    32.5353    32.5557  1026.0291    25.9147    290.849    275.783  328.32933     88.585     84.005     0.3028     1.4688     3.8291     0.8304 1.0000e-12       2287     1.5875  0.000e+00
     24.155   65.76068 -168.74404     24.397     3.0374     3.0355     3.0360    32.5348    32.5559  1026.0289    25.9144    290.538    275.737  328.34104     88.487     83.989     0.3004     1.4542     3.8291     0.8304 1.0000e-12       2288     1.5882  0.000e+00
     24.132   65.76068 -168.74404     24.374     3.0357     3.0345     3.0344    32.5347    32.5563  1026.0289    25.9145    290.487    275.494  328.35428     88.468     83.912     0.3016     1.4615     3.8291     0.8304 1.0000e-12       2289     1.5889  0.000e+00
     24.194   65.76068 -168.74404     24.436     3.0341     3.0324     3.0327    32.5340    32.5566  1026.0288    25.9141    290.230    275.459  328.36944     88.385     83.898     0.3004     1.4542     3.8291     0.8304 1.0000e-12       2290     1.5896  0.000e+00
     24.155   65.76068 -168.74404     24.397     3.0322     3.0298     3.0308    32.5331    32.5568  1026.0280    25.9135    290.163    275.406  328.38686     88.360     83.876     0.3016     1.4615     3.8291     0.8304 1.0000e-12       2291     1.5903  0.000e+00
     24.194   65.76068 -168.74404     24.436     3.0294     3.0267     3.0280    32.5335    32.5578  1026.0288    25.9141    290.113    275.361  328.40847     88.339     83.857     0.3004     1.4542     3.8291     0.8304 1.0000e-12       2292     1.5910  0.000e+00
     24.209   65.76068 -168.74404     24.452     3.0269     3.0237     3.0255    32.5329    32.5583  1026.0286    25.9138    290.034    275.317  328.43076     88.309     83.838     0.3016     1.4615     3.8291     0.8304 1.0000e-12       2293     1.5917  0.000e+00
     24.248   65.76068 -168.74404     24.491     3.0231     3.0189     3.0217    32.5341    32.5604  1026.0301    25.9151    290.005    275.311  328.45817     88.293     83.827     0.3004     1.4542     3.8291     0.8304 1.0000e-12       2294     1.5924  0.000e+00
