EcoFOCI/data/1_SampleCollection/2023_SikuliaqDBO_CruiseData/CTD_raw_BottleFile_SKQ23-12S/proc/skq202312s_012.cnv
* Sea-Bird SBE 9 Data File:
* FileName = D:\CTD\SKQ202312S\SKQ202312S_012.hex
* Software Version Seasave V 7.26.7.121
* Temperature SN = 6177
* Conductivity SN = 0369
* Number of Bytes Per Scan = 41
* Number of Voltage Words = 4
* Number of Scans Averaged by the Deck Unit = 1
* NMEA Latitude = 64 40.32 N
* NMEA Longitude = 170 38.51 W
* NMEA UTC (Time) = Sep 17 2023  03:44:23
* NMEA baud rate = 4800
** Ship: R/V Sikuliaq
** Station Number: 012
** Station Name: DBO2.0
** Bottom Depth: 48
** Operator: SD
# nquan = 24
# nvalues = 5209                                  
# units = specified
# name 0 = depSM: Depth [salt water, m]
# name 1 = latitude: Latitude [deg]
# name 2 = longitude: Longitude [deg]
# name 3 = prDM: Pressure, Digiquartz [db]
# name 4 = t090C: Temperature [ITS-90, deg C]
# name 5 = t190C: Temperature, 2 [ITS-90, deg C]
# name 6 = potemp090C: Potential Temperature [ITS-90, deg C]
# name 7 = sal00: Salinity, Practical [PSU]
# name 8 = sal11: Salinity, Practical, 2 [PSU]
# name 9 = density00: Density [density, kg/m^3]
# name 10 = sigma-é00: Density [sigma-theta, kg/m^3]
# name 11 = sbox0Mm/Kg: Oxygen, SBE 43 [umol/kg]
# name 12 = sbox1Mm/Kg: Oxygen, SBE 43, 2 [umol/kg]
# name 13 = oxsolMm/Kg: Oxygen Saturation, Garcia & Gordon [umol/kg]
# name 14 = sbeox0PS: Oxygen, SBE 43 [% saturation]
# name 15 = sbeox1PS: Oxygen, SBE 43, 2 [% saturation]
# name 16 = v0: Voltage 0
# name 17 = flECO-AFL: Fluorescence, WET Labs ECO-AFL/FL [mg/m^3]
# name 18 = v1: Voltage 1
# name 19 = CStarAt0: Beam Attenuation, WET Labs C-Star [1/m]
# name 20 = par: PAR/Irradiance, Biospherical/Licor
# name 21 = scan: Scan Count
# name 22 = timeM: Time, Elapsed [minutes]
# name 23 = flag:  0.000e+00
# span 0 =      2.948,     41.300                 
# span 1 =   64.67164,   64.67196                 
# span 2 = -170.64178, -170.64134                 
# span 3 =      2.977,     41.712                 
# span 4 =     3.2201,     3.4137                 
# span 5 =     3.2214,     3.4539                 
# span 6 =     3.2194,     3.4135                 
# span 7 =    32.9813,    33.0676                 
# span 8 =    33.0012,    33.0541                 
# span 9 =  1026.2598,  1026.4756                 
# span 10 =    26.2456,    26.3187                
# span 11 =    226.994,    229.870                
# span 12 =    215.657,    220.405                
# span 13 =  324.13752,  325.67415                
# span 14 =     69.705,     70.631                
# span 15 =     66.302,     67.732                
# span 16 =     0.1355,     0.3065                
# span 17 =     0.4652,     1.4908                
# span 18 =     3.7277,     3.8694                
# span 19 =     0.7885,     0.9377                
# span 20 = 1.3910e-01, 7.8340e+01                
# span 21 =          1,       5209                
# span 22 =     0.0000,     3.6167                
# span 23 = 0.0000e+00, 0.0000e+00                
# interval = seconds: 0.0416667
# start_time = Sep 17 2023 03:45:41 [NMEA time, first data scan]
# bad_flag = -9.990e-29
*END*
[from data line 242]
      3.241   64.67194 -170.64178      3.274     3.2739     3.2848     3.2737    33.0122    33.0224  1026.2894    26.2741    228.040    217.588  325.25531     70.111     66.921     0.1600     0.6117     3.8376     0.8215 7.3015e+01        243     0.1681  0.000e+00
      3.180   64.67194 -170.64178      3.211     3.2728     3.2841     3.2726    33.0124    33.0229  1026.2894    26.2744    228.018    217.582  325.26325     70.103     66.918     0.1600     0.6117     3.8376     0.8215 7.3015e+01        244     0.1688  0.000e+00
      3.180   64.67194 -170.64178      3.211     3.2680     3.2842     3.2678    33.0147    33.0226  1026.2917    26.2766    228.052    217.360  325.29604     70.106     66.850     0.1587     0.6044     3.8364     0.8228 7.3015e+01        245     0.1694  0.000e+00
      3.241   64.67194 -170.64178      3.274     3.2639     3.2825     3.2637    33.0164    33.0235  1026.2937    26.2784    228.262    217.342  325.32453     70.164     66.842     0.1600     0.6117     3.8364     0.8228 7.3221e+01        246     0.1701  0.000e+00
      3.241   64.67194 -170.64178      3.274     3.2621     3.2873     3.2619    33.0169    33.0211  1026.2942    26.2789    228.097    217.291  325.33743     70.111     66.833     0.1587     0.6044     3.8376     0.8215 7.3221e+01        247     0.1708  0.000e+00
      3.180   64.67194 -170.64178      3.211     3.2641     3.3001     3.2639    33.0144    33.0191  1026.2918    26.2768    228.056    217.169  325.32815     70.100     66.815     0.1600     0.6117     3.8364     0.8228 7.3427e+01        248     0.1715  0.000e+00
      3.241   64.67194 -170.64178      3.274     3.2653     3.3041     3.2651    33.0132    33.0250  1026.2911    26.2757    228.054    217.113  325.32084     70.101     66.808     0.1624     0.6264     3.8364     0.8228 7.3634e+01        249     0.1722  0.000e+00
      3.241   64.67194 -170.64178      3.274     3.2648     3.3107     3.2646    33.0134    33.0249  1026.2912    26.2759    228.025    217.052  325.32475     70.092     66.800     0.1685     0.6630     3.8364     0.8228 7.3634e+01        250     0.1729  0.000e+00
      3.241   64.67194 -170.64178      3.274     3.2639     3.3269     3.2637    33.0135    33.0215  1026.2914    26.2761    228.032    216.942  325.33159     70.092     66.790     0.1685     0.6630     3.8364     0.8228 7.3634e+01        251     0.1736  0.000e+00
      3.241   64.67194 -170.64178      3.274     3.2628     3.3408     3.2626    33.0136    33.0253  1026.2916    26.2762    228.254    216.834  325.34040     70.159     66.782     0.1697     0.6703     3.8364     0.8228 7.3427e+01        252     0.1743  0.000e+00
      3.272   64.67194 -170.64178      3.305     3.2620     3.3555     3.2618    33.0125    33.0270  1026.2909    26.2754    228.047    216.729  325.34900     70.093     66.774     0.1685     0.6630     3.8364     0.8228 7.3634e+01        253     0.1750  0.000e+00
      3.295   64.67194 -170.64178      3.328     3.2606     3.3735     3.2604    33.0124    33.0240  1026.2910    26.2754    228.055    216.613  325.36088     70.093     66.767     0.1685     0.6630     3.8364     0.8228 7.3427e+01        254     0.1757  0.000e+00
      3.241   64.67194 -170.64178      3.274     3.2596     3.3917     3.2594    33.0126    33.0202  1026.2910    26.2757    228.023    216.306  325.36805     70.082     66.700     0.1685     0.6630     3.8376     0.8215 7.3221e+01        255     0.1764  0.000e+00
      3.241   64.67194 -170.64178      3.274     3.2590     3.4036     3.2588    33.0128    33.0219  1026.2913    26.2759    227.774    216.392  325.37215     70.004     66.747     0.1685     0.6630     3.8364     0.8228 7.3221e+01        256     0.1771  0.000e+00
      3.295   64.67194 -170.64178      3.328     3.2581     3.4120     3.2579    33.0143    33.0243  1026.2929    26.2773    227.956    216.141  325.37598     70.059     66.684     0.1697     0.6703     3.8376     0.8215 7.3221e+01        257     0.1778  0.000e+00
      3.295   64.67194 -170.64178      3.328     3.2601     3.4187     3.2599    33.0153    33.0242  1026.2934    26.2778    227.939    216.074  325.35744     70.058     66.675     0.1685     0.6630     3.8474     0.8113 7.3015e+01        258     0.1785  0.000e+00
      3.295   64.67194 -170.64178      3.328     3.2625     3.4250     3.2623    33.0145    33.0233  1026.2926    26.2770    227.923    216.014  325.34063     70.057     66.666     0.1697     0.6703     3.8510     0.8075 7.2810e+01        259     0.1792  0.000e+00
      3.295   64.67194 -170.64178      3.328     3.2625     3.4312     3.2623    33.0149    33.0208  1026.2929    26.2773    227.919    215.960  325.33924     70.056     66.658     0.1685     0.6630     3.8510     0.8075 7.2605e+01        260     0.1799  0.000e+00
      3.241   64.67194 -170.64178      3.274     3.2633     3.4362     3.2631    33.0138    33.0191  1026.2917    26.2763    228.339    215.913  325.33609     70.186     66.651     0.1697     0.6703     3.8510     0.8075 7.2197e+01        261     0.1806  0.000e+00
      3.349   64.67194 -170.64178      3.383     3.2631     3.4421     3.2629    33.0135    33.0164  1026.2920    26.2762    227.978    215.869  325.33800     70.074     66.646     0.1685     0.6630     3.8510     0.8075 7.1994e+01        262     0.1812  0.000e+00
      3.295   64.67194 -170.64178      3.328     3.2625     3.4459     3.2623    33.0135    33.0144  1026.2917    26.2762    227.975    215.835  325.34282     70.072     66.640     0.1685     0.6630     3.8510     0.8075 7.1792e+01        263     0.1819  0.000e+00
      3.295   64.67194 -170.64178      3.328     3.2620     3.4500     3.2618    33.0139    33.0124  1026.2922    26.2766    227.971    215.804  325.34545     70.071     66.636     0.1685     0.6630     3.8510     0.8075 7.1388e+01        264     0.1826  0.000e+00
      3.295   64.67194 -170.64178      3.328     3.2629     3.4523     3.2627    33.0172    33.0115  1026.2947    26.2791    227.741    215.783  325.33015     70.003     66.633     0.1685     0.6630     3.8510     0.8075 7.0987e+01        265     0.1833  0.000e+00
      3.349   64.67194 -170.64178      3.383     3.2701     3.4539     3.2699    33.0187    33.0120  1026.2955    26.2796    227.870    215.769  325.26948     70.056     66.632     0.1685     0.6630     3.8510     0.8075 7.1188e+01        266     0.1840  0.000e+00
      3.295   64.67194 -170.64178      3.328     3.2775     3.4532     3.2773    33.0206    33.0130  1026.2961    26.2805    227.814    215.767  325.20566     70.052     66.630     0.1697     0.6703     3.8510     0.8075 7.0589e+01        267     0.1847  0.000e+00
      3.349   64.67194 -170.64178      3.383     3.2846     3.4510     3.2844    33.0215    33.0136  1026.2964    26.2805    227.764    215.781  325.14692     70.050     66.631     0.1685     0.6630     3.8510     0.8075 7.0390e+01        268     0.1854  0.000e+00
      3.349   64.67194 -170.64178      3.383     3.2912     3.4453     3.2910    33.0232    33.0149  1026.2972    26.2814    227.715    215.838  325.08987     70.047     66.640     0.1685     0.6630     3.8510     0.8075 7.0390e+01        269     0.1861  0.000e+00
      3.295   64.67194 -170.64178      3.328     3.3032     3.4390     3.3030    33.0205    33.0162  1026.2937    26.2781    227.638    215.877  325.00051     70.042     66.643     0.1697     0.6703     3.8510     0.8075 7.0192e+01        270     0.1868  0.000e+00
      3.349   64.67194 -170.64178      3.383     3.3232     3.4375     3.3230    33.0095    33.0151  1026.2833    26.2675    227.527    215.899  324.86806     70.037     66.646     0.1685     0.6630     3.8510     0.8075 6.9995e+01        271     0.1875  0.000e+00
      3.349   64.67194 -170.64178      3.383     3.3366     3.4385     3.3364    33.0016    33.0150  1026.2758    26.2600    227.452    215.904  324.78097     70.032     66.650     0.1697     0.6703     3.8510     0.8075 6.9995e+01        272     0.1882  0.000e+00
      3.349   64.67194 -170.64178      3.383     3.3422     3.4411     3.3420    33.0006    33.0154  1026.2745    26.2587    227.414    215.713  324.73899     70.030     66.595     0.1685     0.6630     3.8510     0.8075 6.9995e+01        273     0.1889  0.000e+00
      3.326   64.67194 -170.64178      3.359     3.3473     3.4440     3.3471    32.9992    33.0165  1026.2728    26.2571    227.592    215.689  324.70217     70.093     66.593     0.1685     0.6630     3.8510     0.8075 6.9995e+01        274     0.1896  0.000e+00
      3.349   64.67194 -170.64178      3.383     3.3506     3.4470     3.3504    32.9987    33.0163  1026.2722    26.2564    227.353    215.863  324.67717     70.024     66.652     0.1563     0.5897     3.8510     0.8075 6.9798e+01        275     0.1903  0.000e+00
      3.349   64.67194 -170.64178      3.383     3.3518     3.4489     3.3516    32.9967    33.0157  1026.2705    26.2547    227.341    215.855  324.67189     70.022     66.652     0.1514     0.5604     3.8510     0.8075 6.9798e+01        276     0.1910  0.000e+00
      3.349   64.67194 -170.64178      3.383     3.3509     3.4487     3.3507    32.9959    33.0159  1026.2700    26.2541    227.342    215.669  324.68147     70.020     66.594     0.1514     0.5604     3.8498     0.8088 6.9798e+01        277     0.1917  0.000e+00
      3.349   64.67194 -170.64178      3.383     3.3487     3.4480     3.3485    32.9971    33.0161  1026.2711    26.2553    227.595    215.657  324.69595     70.095     66.590     0.1514     0.5604     3.8462     0.8126 6.9798e+01        278     0.1924  0.000e+00
      3.349   64.67194 -170.64178      3.383     3.3432     3.4469     3.3430    32.9990    33.0163  1026.2731    26.2573    227.440    215.674  324.73496     70.039     66.593     0.1514     0.5604     3.8437     0.8151 6.9602e+01        279     0.1931  0.000e+00
      3.411   64.67194 -170.64178      3.445     3.3281     3.4459     3.3279    33.0064    33.0165  1026.2807    26.2646    227.552    215.694  324.83665     70.051     66.598     0.1514     0.5604     3.8437     0.8151 6.9406e+01        280     0.1938  0.000e+00
      3.349   64.67194 -170.64178      3.383     3.3162     3.4480     3.3160    33.0099    33.0139  1026.2843    26.2685    227.615    215.679  324.92338     70.052     66.595     0.1514     0.5604     3.8437     0.8151 6.9406e+01        281     0.1944  0.000e+00
      3.349   64.67194 -170.64178      3.383     3.3056     3.4470     3.3054    33.0159    33.0133  1026.2901    26.2742    227.666    215.706  324.99315     70.053     66.601     0.1514     0.5604     3.8437     0.8151 6.9211e+01        282     0.1951  0.000e+00
      3.349   64.67194 -170.64178      3.383     3.3015     3.4458     3.3013    33.0190    33.0114  1026.2929    26.2770    227.681    215.930  325.01832     70.052     66.668     0.1502     0.5531     3.8437     0.8151 6.8822e+01        283     0.1958  0.000e+00
      3.349   64.67194 -170.64178      3.383     3.3038     3.4353     3.3036    33.0178    33.0153  1026.2917    26.2759    227.876    216.011  325.00245     70.115     66.677     0.1514     0.5604     3.8437     0.8151 6.8822e+01        284     0.1965  0.000e+00
      3.411   64.67194 -170.64178      3.445     3.3049     3.4236     3.3047    33.0184    33.0173  1026.2924    26.2763    227.683    216.105  324.99206     70.058     66.689     0.1514     0.5604     3.8437     0.8151 6.8822e+01        285     0.1972  0.000e+00
      3.349   64.67194 -170.64178      3.383     3.3090     3.4217     3.3088    33.0145    33.0097  1026.2886    26.2728    227.655    215.943  324.96909     70.054     66.632     0.1514     0.5604     3.8437     0.8151 6.8822e+01        286     0.1979  0.000e+00
      3.349   64.67194 -170.64178      3.383     3.3107     3.4208     3.3105    33.0127    33.0023  1026.2870    26.2712    227.854    215.970  324.95998     70.117     66.635     0.1526     0.5678     3.8437     0.8151 6.8629e+01        287     0.1986  0.000e+00
      3.349   64.67194 -170.64178      3.383     3.3093     3.4152     3.3091    33.0134    33.0012  1026.2877    26.2719    227.673    216.016  324.96913     70.060     66.639     0.1514     0.5604     3.8437     0.8151 6.8822e+01        288     0.1993  0.000e+00
      3.349   64.67194 -170.64178      3.383     3.3109     3.4089     3.3107    33.0160    33.0018  1026.2896    26.2738    227.650    216.258  324.95047     70.057     66.704     0.1514     0.5604     3.8437     0.8151 6.9016e+01        289     0.2000  0.000e+00
      3.411   64.67194 -170.64178      3.445     3.3319     3.4055     3.3317    33.0044    33.0023  1026.2788    26.2627    227.530    216.317  324.81137     70.050     66.717     0.1514     0.5604     3.8437     0.8151 6.9016e+01        290     0.2007  0.000e+00
      3.349   64.67194 -170.64178      3.383     3.3369     3.4101     3.3367    33.0063    33.0016  1026.2796    26.2637    227.485    216.138  324.76684     70.046     66.669     0.1514     0.5604     3.8437     0.8151 6.9211e+01        291     0.2014  0.000e+00
      3.349   64.67194 -170.64178      3.383     3.3353     3.4064     3.3351    33.0132    33.0074  1026.2852    26.2694    227.475    216.362  324.76257     70.043     66.735     0.1514     0.5604     3.8437     0.8151 6.9406e+01        292     0.2021  0.000e+00
      3.349   64.67194 -170.64178      3.383     3.3379     3.3944     3.3377    33.0125    33.0128  1026.2844    26.2685    227.451    216.469  324.74358     70.040     66.751     0.1514     0.5604     3.8437     0.8151 6.9602e+01        293     0.2028  0.000e+00
      3.326   64.67194 -170.64178      3.359     3.3357     3.3794     3.3355    33.0081    33.0161  1026.2810    26.2653    227.464    216.575  324.77259     70.038     66.761     0.1502     0.5531     3.8437     0.8151 6.9798e+01        294     0.2035  0.000e+00
      3.349   64.67194 -170.64178      3.383     3.3179     3.3662     3.3177    33.0115    33.0186  1026.2854    26.2696    227.812    216.675  324.90595     70.116     66.771     0.1514     0.5604     3.8437     0.8151 6.9995e+01        295     0.2042  0.000e+00
      3.349   64.67194 -170.64178      3.383     3.3010     3.3580     3.3008    33.0179    33.0198  1026.2921    26.2762    227.933    216.746  325.02481     70.128     66.780     0.1502     0.5531     3.8437     0.8151 7.0192e+01        296     0.2049  0.000e+00
      3.349   64.67194 -170.64178      3.383     3.2926     3.3516     3.2924    33.0194    33.0207  1026.2940    26.2782    228.008    216.809  325.08777     70.137     66.790     0.1514     0.5604     3.8437     0.8151 7.0192e+01        297     0.2056  0.000e+00
      3.295   64.67194 -170.64178      3.328     3.2863     3.3455     3.2861    33.0171    33.0206  1026.2925    26.2769    228.073    216.871  325.14399     70.145     66.799     0.1526     0.5678     3.8486     0.8101 7.0192e+01        298     0.2062  0.000e+00
      3.349   64.67194 -170.64178      3.383     3.2806     3.3390     3.2804    33.0161    33.0193  1026.2925    26.2767    228.134    216.942  325.19153     70.154     66.809     0.1514     0.5604     3.8523     0.8063 7.0390e+01        299     0.2069  0.000e+00
      3.295   64.67194 -170.64178      3.328     3.2795     3.3334     3.2793    33.0143    33.0179  1026.2909    26.2753    228.162    217.005  325.20493     70.159     66.819     0.1563     0.5897     3.8535     0.8050 7.0390e+01        300     0.2076  0.000e+00
      3.295   64.67194 -170.64178      3.328     3.2813     3.3275     3.2811    33.0133    33.0169  1026.2900    26.2744    228.206    217.264  325.19333     70.176     66.888     0.1636     0.6337     3.8535     0.8050 7.0390e+01        301     0.2083  0.000e+00
