EcoFOCI/data/1_SampleCollection/2023_SikuliaqDBO_CruiseData/CTD_raw_BottleFile_SKQ23-12S/proc/skq202312s_008.cnv
* Sea-Bird SBE 9 Data File:
* FileName = D:\CTD\SKQ202312S\SKQ202312S_008.hex
* Software Version Seasave V 7.26.7.121
* Temperature SN = 6177
* Conductivity SN = 0369
* Number of Bytes Per Scan = 41
* Number of Voltage Words = 4
* Number of Scans Averaged by the Deck Unit = 1
* NMEA Latitude = 62 47.19 N
* NMEA Longitude = 173 30.00 W
* NMEA UTC (Time) = Sep 16 2023  08:58:03
* NMEA baud rate = 4800
** Ship: R/V Sikuliaq
** Station Number: 008
** Station Name: DBO1.7
** Bottom Depth: 69
** Operator: SD
# nquan = 24
# nvalues = 5926                                  
# units = specified
# name 0 = depSM: Depth [salt water, m]
# name 1 = latitude: Latitude [deg]
# name 2 = longitude: Longitude [deg]
# name 3 = prDM: Pressure, Digiquartz [db]
# name 4 = t090C: Temperature [ITS-90, deg C]
# name 5 = t190C: Temperature, 2 [ITS-90, deg C]
# name 6 = potemp090C: Potential Temperature [ITS-90, deg C]
# name 7 = sal00: Salinity, Practical [PSU]
# name 8 = sal11: Salinity, Practical, 2 [PSU]
# name 9 = density00: Density [density, kg/m^3]
# name 10 = sigma-é00: Density [sigma-theta, kg/m^3]
# name 11 = sbox0Mm/Kg: Oxygen, SBE 43 [umol/kg]
# name 12 = sbox1Mm/Kg: Oxygen, SBE 43, 2 [umol/kg]
# name 13 = oxsolMm/Kg: Oxygen Saturation, Garcia & Gordon [umol/kg]
# name 14 = sbeox0PS: Oxygen, SBE 43 [% saturation]
# name 15 = sbeox1PS: Oxygen, SBE 43, 2 [% saturation]
# name 16 = v0: Voltage 0
# name 17 = flECO-AFL: Fluorescence, WET Labs ECO-AFL/FL [mg/m^3]
# name 18 = v1: Voltage 1
# name 19 = CStarAt0: Beam Attenuation, WET Labs C-Star [1/m]
# name 20 = par: PAR/Irradiance, Biospherical/Licor
# name 21 = scan: Scan Count
# name 22 = timeM: Time, Elapsed [minutes]
# name 23 = flag:  0.000e+00
# span 0 =      1.066,     63.296                 
# span 1 =   62.78648,   62.78650                 
# span 2 = -173.49996, -173.49994                 
# span 3 =      1.077,     63.923                 
# span 4 =    -1.5262,     7.1119                 
# span 5 =    -1.5240,     7.1213                 
# span 6 =    -1.5268,     7.1117                 
# span 7 =    30.9959,    32.0193                 
# span 8 =    31.0825,    32.0349                 
# span 9 =  1024.2713,  1026.0587                 
# span 10 =    24.2526,    25.7516                
# span 11 =    261.522,    400.097                
# span 12 =    249.667,    382.100                
# span 13 =  301.21311,  371.00551                
# span 14 =     70.543,    113.168                
# span 15 =     67.351,    104.847                
# span 16 =     0.0818,     0.2808                
# span 17 =     0.1428,     1.3370                
# span 18 =     1.5531,     4.1673                
# span 19 =     0.4917,     4.4417                
# span 20 = 1.0000e-12, 1.5481e+00                
# span 21 =          1,       5926                
# span 22 =     0.0000,     4.1146                
# span 23 = 0.0000e+00, 0.0000e+00                
# interval = seconds: 0.0416667
# start_time = Sep 16 2023 09:02:12 [NMEA time, first data scan]
# bad_flag = -9.990e-29
*END*
[from data line 5193]
     60.830   62.78650 -173.49996     61.431    -1.5113    -1.5101    -1.5124    32.0162    32.0271  1026.0459    25.7490    262.648    251.154  370.75261     70.842     67.750     0.0891     0.1868     3.3175     1.4043 8.4714e-06       5194     3.6063  0.000e+00
     60.891   62.78650 -173.49996     61.493    -1.5115    -1.5102    -1.5125    32.0161    32.0270  1026.0461    25.7490    262.633    251.155  370.75466     70.838     67.750     0.0879     0.1795     3.3175     1.4043 1.0000e-12       5195     3.6069  0.000e+00
     60.837   62.78650 -173.49996     61.439    -1.5112    -1.5099    -1.5123    32.0161    32.0267  1026.0458    25.7489    262.560    251.152  370.75183     70.818     67.749     0.0891     0.1868     3.3175     1.4043 8.4714e-06       5196     3.6076  0.000e+00
     60.891   62.78650 -173.49996     61.493    -1.5113    -1.5102    -1.5124    32.0163    32.0272  1026.0463    25.7491    262.546    251.156  370.75222     70.814     67.750     0.0891     0.1868     3.3175     1.4043 1.0000e-12       5197     3.6083  0.000e+00
     60.891   62.78650 -173.49996     61.493    -1.5113    -1.5100    -1.5124    32.0161    32.0268  1026.0461    25.7490    262.532    251.125  370.75284     70.810     67.742     0.0891     0.1868     3.3175     1.4043 1.0000e-12       5198     3.6090  0.000e+00
     60.945   62.78650 -173.49996     61.548    -1.5113    -1.5102    -1.5124    32.0159    32.0270  1026.0462    25.7488    262.783    251.096  370.75409     70.878     67.734     0.0891     0.1868     3.3175     1.4043 1.0000e-12       5199     3.6097  0.000e+00
     60.891   62.78650 -173.49996     61.493    -1.5115    -1.5099    -1.5125    32.0164    32.0263  1026.0463    25.7492    262.819    251.063  370.75391     70.888     67.725     0.0891     0.1868     3.3162     1.4058 1.0000e-12       5200     3.6104  0.000e+00
     60.891   62.78650 -173.49996     61.493    -1.5113    -1.5102    -1.5124    32.0161    32.0270  1026.0461    25.7490    262.855    251.066  370.75284     70.898     67.726     0.0904     0.1941     3.3162     1.4058 1.0000e-12       5201     3.6111  0.000e+00
     60.953   62.78650 -173.49996     61.556    -1.5115    -1.5100    -1.5125    32.0160    32.0269  1026.0463    25.7489    262.897    251.071  370.75489     70.908     67.727     0.0891     0.1868     3.3150     1.4072 1.0000e-12       5202     3.6118  0.000e+00
     60.945   62.78650 -173.49996     61.548    -1.5116    -1.5101    -1.5127    32.0161    32.0268  1026.0463    25.7489    262.727    251.077  370.75644     70.862     67.729     0.0891     0.1868     3.3150     1.4072 1.0000e-12       5203     3.6125  0.000e+00
     60.953   62.78650 -173.49996     61.556    -1.5115    -1.5101    -1.5125    32.0164    32.0265  1026.0466    25.7492    262.717    251.085  370.75389     70.860     67.731     0.0891     0.1868     3.3150     1.4072 8.4714e-06       5204     3.6132  0.000e+00
     60.953   62.78650 -173.49996     61.556    -1.5115    -1.5102    -1.5125    32.0165    32.0268  1026.0467    25.7492    262.762    251.093  370.75364     70.872     67.733     0.0891     0.1868     3.3150     1.4072 1.0000e-12       5205     3.6139  0.000e+00
     60.953   62.78650 -173.49996     61.556    -1.5113    -1.5102    -1.5124    32.0162    32.0267  1026.0464    25.7490    262.760    251.103  370.75335     70.872     67.735     0.0879     0.1795     3.3150     1.4072 1.0000e-12       5206     3.6146  0.000e+00
     61.007   62.78650 -173.49996     61.610    -1.5113    -1.5102    -1.5124    32.0161    32.0268  1026.0467    25.7490    262.761    250.884  370.75280     70.872     67.677     0.0891     0.1868     3.3150     1.4072 8.4714e-06       5207     3.6153  0.000e+00
     60.999   62.78650 -173.49996     61.603    -1.5112    -1.5101    -1.5123    32.0155    32.0270  1026.0461    25.7485    262.763    251.095  370.75350     70.873     67.734     0.0879     0.1795     3.3150     1.4072 1.0000e-12       5208     3.6160  0.000e+00
     61.007   62.78650 -173.49996     61.610    -1.5116    -1.5098    -1.5127    32.0166    32.0268  1026.0471    25.7494    262.769    251.108  370.75492     70.874     67.738     0.0891     0.1868     3.3150     1.4072 8.4714e-06       5209     3.6167  0.000e+00
     61.007   62.78650 -173.49996     61.610    -1.5115    -1.5101    -1.5125    32.0165    32.0271  1026.0470    25.7493    262.722    251.126  370.75336     70.862     67.742     0.0891     0.1868     3.3150     1.4072 8.4714e-06       5210     3.6174  0.000e+00
     61.007   62.78650 -173.49996     61.610    -1.5115    -1.5102    -1.5125    32.0166    32.0272  1026.0471    25.7494    262.989    251.144  370.75311     70.934     67.747     0.0891     0.1868     3.3150     1.4072 1.0000e-12       5211     3.6181  0.000e+00
     60.999   62.78650 -173.49996     61.603    -1.5113    -1.5100    -1.5124    32.0164    32.0268  1026.0469    25.7492    262.784    251.162  370.75256     70.879     67.752     0.0891     0.1868     3.3150     1.4072 8.4714e-06       5212     3.6187  0.000e+00
     61.069   62.78650 -173.49996     61.673    -1.5112    -1.5101    -1.5123    32.0163    32.0269  1026.0471    25.7491    262.794    251.185  370.75124     70.881     67.758     0.0891     0.1868     3.3150     1.4072 1.0000e-12       5213     3.6194  0.000e+00
     61.007   62.78650 -173.49996     61.610    -1.5113    -1.5101    -1.5124    32.0161    32.0271  1026.0467    25.7490    263.064    251.204  370.75280     70.954     67.763     0.0904     0.1941     3.3150     1.4072 1.0000e-12       5214     3.6201  0.000e+00
     61.069   62.78650 -173.49996     61.673    -1.5113    -1.5102    -1.5124    32.0162    32.0272  1026.0470    25.7490    263.127    250.965  370.75330     70.971     67.699     0.0891     0.1868     3.3150     1.4072 8.4714e-06       5215     3.6208  0.000e+00
     61.069   62.78650 -173.49996     61.673    -1.5116    -1.5101    -1.5127    32.0168    32.0268  1026.0475    25.7495    262.876    251.154  370.75428     70.903     67.750     0.0891     0.1868     3.3150     1.4072 1.0000e-12       5216     3.6215  0.000e+00
     61.115   62.78650 -173.49996     61.720    -1.5115    -1.5102    -1.5125    32.0163    32.0273  1026.0473    25.7491    263.096    251.180  370.75418     70.962     67.757     0.0891     0.1868     3.3150     1.4072 1.0000e-12       5217     3.6222  0.000e+00
     61.123   62.78650 -173.49996     61.727    -1.5113    -1.5099    -1.5124    32.0161    32.0270  1026.0472    25.7489    262.893    251.204  370.75301     70.908     67.763     0.0891     0.1868     3.3150     1.4072 8.4714e-06       5218     3.6229  0.000e+00
     61.069   62.78650 -173.49996     61.673    -1.5115    -1.5098    -1.5125    32.0160    32.0270  1026.0469    25.7489    263.164    251.194  370.75497     70.981     67.761     0.0879     0.1795     3.3150     1.4072 1.0000e-12       5219     3.6236  0.000e+00
     61.123   62.78650 -173.49996     61.727    -1.5115    -1.5099    -1.5125    32.0166    32.0269  1026.0476    25.7494    262.912    251.225  370.75307     70.913     67.769     0.0904     0.1941     3.3150     1.4072 1.0000e-12       5220     3.6243  0.000e+00
     61.115   62.78650 -173.49996     61.720    -1.5113    -1.5099    -1.5124    32.0161    32.0272  1026.0472    25.7490    262.870    251.218  370.75287     70.902     67.767     0.0879     0.1795     3.3089     1.4146 1.0000e-12       5221     3.6250  0.000e+00
     61.123   62.78650 -173.49996     61.727    -1.5116    -1.5101    -1.5127    32.0165    32.0274  1026.0475    25.7492    262.830    251.248  370.75538     70.890     67.775     0.0891     0.1868     3.2759     1.4547 1.0000e-12       5222     3.6257  0.000e+00
     61.123   62.78650 -173.49996     61.727    -1.5113    -1.5098    -1.5124    32.0162    32.0267  1026.0473    25.7490    262.838    251.276  370.75263     70.893     67.783     0.0891     0.1868     3.2601     1.4741 1.0000e-12       5223     3.6264  0.000e+00
     61.177   62.78650 -173.49996     61.782    -1.5115    -1.5099    -1.5125    32.0163    32.0272  1026.0476    25.7491    262.854    251.310  370.75404     70.897     67.792     0.0891     0.1868     3.2589     1.4756 1.0000e-12       5224     3.6271  0.000e+00
     61.169   62.78650 -173.49996     61.774    -1.5113    -1.5099    -1.5124    32.0167    32.0270  1026.0479    25.7494    262.814    251.342  370.75186     70.887     67.801     0.0904     0.1941     3.2601     1.4741 1.0000e-12       5225     3.6278  0.000e+00
     61.123   62.78650 -173.49996     61.727    -1.5113    -1.5098    -1.5124    32.0165    32.0271  1026.0476    25.7493    262.827    251.339  370.75163     70.890     67.800     0.0891     0.1868     3.2613     1.4726 8.4714e-06       5226     3.6285  0.000e+00
     61.177   62.78650 -173.49996     61.782    -1.5113    -1.5098    -1.5124    32.0163    32.0270  1026.0476    25.7491    262.846    251.375  370.75248     70.895     67.810     0.0904     0.1941     3.2613     1.4726 1.0000e-12       5227     3.6292  0.000e+00
     61.177   62.78650 -173.49996     61.782    -1.5113    -1.5098    -1.5124    32.0162    32.0270  1026.0475    25.7490    262.866    251.376  370.75325     70.900     67.810     0.0891     0.1868     3.2613     1.4726 8.4714e-06       5228     3.6299  0.000e+00
     61.177   62.78650 -173.49996     61.782    -1.5113    -1.5098    -1.5124    32.0162    32.0270  1026.0475    25.7490    262.834    251.378  370.75273     70.892     67.811     0.0904     0.1941     3.2613     1.4726 1.0000e-12       5229     3.6306  0.000e+00
     61.169   62.78650 -173.49996     61.774    -1.5113    -1.5099    -1.5124    32.0162    32.0272  1026.0475    25.7490    262.855    251.149  370.75259     70.898     67.749     0.0891     0.1868     3.2613     1.4726 1.0000e-12       5230     3.6313  0.000e+00
     61.239   62.78650 -173.49996     61.844    -1.5112    -1.5098    -1.5123    32.0160    32.0265  1026.0477    25.7488    262.880    251.352  370.75217     70.904     67.803     0.0879     0.1795     3.2613     1.4726 1.0000e-12       5231     3.6319  0.000e+00
     61.239   62.78650 -173.49996     61.844    -1.5113    -1.5098    -1.5124    32.0164    32.0268  1026.0480    25.7492    262.905    251.123  370.75261     70.911     67.742     0.0855     0.1648     3.2613     1.4726 1.0000e-12       5232     3.6326  0.000e+00
     61.239   62.78650 -173.49996     61.844    -1.5113    -1.5099    -1.5124    32.0162    32.0273  1026.0478    25.7490    262.880    251.095  370.75271     70.904     67.734     0.0855     0.1648     3.2613     1.4726 8.4714e-06       5233     3.6333  0.000e+00
     61.231   62.78650 -173.49996     61.836    -1.5112    -1.5098    -1.5123    32.0160    32.0268  1026.0477    25.7489    262.854    251.068  370.75203     70.898     67.727     0.0842     0.1575     3.2613     1.4726 1.0000e-12       5234     3.6340  0.000e+00
     61.239   62.78650 -173.49996     61.844    -1.5115    -1.5099    -1.5125    32.0163    32.0270  1026.0479    25.7491    262.831    251.043  370.75415     70.891     67.720     0.0855     0.1648     3.2613     1.4726 8.4714e-06       5235     3.6347  0.000e+00
     61.293   62.78650 -173.49996     61.899    -1.5113    -1.5098    -1.5124    32.0161    32.0269  1026.0480    25.7489    262.911    251.284  370.75293     70.913     67.785     0.0855     0.1648     3.2613     1.4726 8.4714e-06       5236     3.6354  0.000e+00
     61.293   62.78650 -173.49996     61.899    -1.5115    -1.5101    -1.5125    32.0162    32.0270  1026.0482    25.7491    262.892    251.296  370.75424     70.907     67.788     0.0855     0.1648     3.2625     1.4711 1.0000e-12       5237     3.6361  0.000e+00
     61.231   62.78650 -173.49996     61.836    -1.5110    -1.5098    -1.5121    32.0156    32.0269  1026.0473    25.7485    262.866    251.301  370.75147     70.901     67.790     0.0867     0.1721     3.2613     1.4726 1.0000e-12       5238     3.6368  0.000e+00
     61.293   62.78650 -173.49996     61.899    -1.5112    -1.5099    -1.5123    32.0161    32.0268  1026.0480    25.7489    262.848    251.314  370.75177     70.896     67.793     0.0855     0.1648     3.2625     1.4711 1.0000e-12       5239     3.6375  0.000e+00
     61.293   62.78650 -173.49996     61.899    -1.5110    -1.5099    -1.5121    32.0163    32.0269  1026.0482    25.7491    262.825    251.324  370.74945     70.890     67.796     0.0855     0.1648     3.2625     1.4711 1.0000e-12       5240     3.6382  0.000e+00
     61.355   62.78650 -173.49996     61.961    -1.5112    -1.5099    -1.5123    32.0163    32.0268  1026.0485    25.7491    262.860    251.335  370.75125     70.899     67.799     0.0855     0.1648     3.2613     1.4726 1.0000e-12       5241     3.6389  0.000e+00
     61.355   62.78650 -173.49996     61.961    -1.5113    -1.5099    -1.5124    32.0159    32.0267  1026.0482    25.7488    262.843    251.345  370.75342     70.894     67.801     0.0855     0.1648     3.2430     1.4952 1.0000e-12       5242     3.6396  0.000e+00
     61.285   62.78650 -173.49996     61.891    -1.5112    -1.5099    -1.5123    32.0161    32.0272  1026.0480    25.7490    262.820    251.351  370.75175     70.889     67.803     0.0855     0.1648     3.2295     1.5118 8.4714e-06       5243     3.6403  0.000e+00
     61.355   62.78650 -173.49996     61.961    -1.5113    -1.5098    -1.5124    32.0166    32.0267  1026.0487    25.7493    263.065    251.132  370.75154     70.955     67.744     0.0855     0.1648     3.2283     1.5133 1.0000e-12       5244     3.6410  0.000e+00
     61.355   62.78650 -173.49996     61.961    -1.5112    -1.5099    -1.5123    32.0163    32.0270  1026.0485    25.7491    262.833    251.342  370.75112     70.892     67.801     0.0855     0.1648     3.2295     1.5118 1.0000e-12       5245     3.6417  0.000e+00
     61.409   62.78650 -173.49996     62.016    -1.5113    -1.5099    -1.5124    32.0165    32.0267  1026.0489    25.7493    262.814    251.355  370.75176     70.887     67.804     0.0855     0.1648     3.2295     1.5118 8.4714e-06       5246     3.6424  0.000e+00
     61.347   62.78650 -173.49996     61.953    -1.5113    -1.5099    -1.5124    32.0162    32.0267  1026.0484    25.7491    262.792    251.364  370.75253     70.881     67.806     0.0855     0.1648     3.2295     1.5118 8.4714e-06       5247     3.6431  0.000e+00
     61.409   62.78650 -173.49996     62.016    -1.5112    -1.5101    -1.5123    32.0159    32.0271  1026.0484    25.7488    262.825    251.377  370.75247     70.890     67.810     0.0855     0.1648     3.2295     1.5118 1.0000e-12       5248     3.6437  0.000e+00
     61.409   62.78650 -173.49996     62.016    -1.5113    -1.5099    -1.5124    32.0162    32.0270  1026.0487    25.7491    262.859    251.387  370.75251     70.899     67.813     0.0842     0.1575     3.2295     1.5118 8.4714e-06       5249     3.6444  0.000e+00
     61.355   62.78650 -173.49996     61.961    -1.5113    -1.5099    -1.5124    32.0165    32.0268  1026.0487    25.7493    262.892    251.396  370.75167     70.908     67.815     0.0855     0.1648     3.2295     1.5118 1.0000e-12       5250     3.6451  0.000e+00
     61.455   62.78650 -173.49996     62.063    -1.5112    -1.5099    -1.5123    32.0163    32.0266  1026.0490    25.7491    263.193    251.411  370.75130     70.989     67.819     0.0855     0.1648     3.2295     1.5118 1.0000e-12       5251     3.6458  0.000e+00
     61.409   62.78650 -173.49996     62.016    -1.5115    -1.5098    -1.5125    32.0169    32.0269  1026.0492    25.7496    263.228    251.418  370.75232     70.998     67.821     0.0855     0.1648     3.2295     1.5118 1.0000e-12       5252     3.6465  0.000e+00
