EcoFOCI/data/1_SampleCollection/2023_SikuliaqDBO_CruiseData/CTD_raw_BottleFile_SKQ23-12S/proc/skq202312s_003.cnv
* Sea-Bird SBE 9 Data File:
* FileName = D:\CTD\SKQ202312S\SKQ202312S_003.hex
* Software Version Seasave V 7.26.7.121
* Temperature SN = 6177
* Conductivity SN = 0369
* Number of Bytes Per Scan = 41
* Number of Voltage Words = 4
* Number of Scans Averaged by the Deck Unit = 1
* NMEA Latitude = 62 03.01 N
* NMEA Longitude = 175 12.54 W
* NMEA UTC (Time) = Sep 15 2023  07:57:54
* NMEA baud rate = 4800
** Ship: R/V Sikuliaq
** Station Number: 003
** Station Name: DBO1.2
** Bottom Depth: 78
** Operator: SD
# nquan = 24
# nvalues = 8410                                  
# units = specified
# name 0 = depSM: Depth [salt water, m]
# name 1 = latitude: Latitude [deg]
# name 2 = longitude: Longitude [deg]
# name 3 = prDM: Pressure, Digiquartz [db]
# name 4 = t090C: Temperature [ITS-90, deg C]
# name 5 = t190C: Temperature, 2 [ITS-90, deg C]
# name 6 = potemp090C: Potential Temperature [ITS-90, deg C]
# name 7 = sal00: Salinity, Practical [PSU]
# name 8 = sal11: Salinity, Practical, 2 [PSU]
# name 9 = density00: Density [density, kg/m^3]
# name 10 = sigma-é00: Density [sigma-theta, kg/m^3]
# name 11 = sbox0Mm/Kg: Oxygen, SBE 43 [umol/kg]
# name 12 = sbox1Mm/Kg: Oxygen, SBE 43, 2 [umol/kg]
# name 13 = oxsolMm/Kg: Oxygen Saturation, Garcia & Gordon [umol/kg]
# name 14 = sbeox0PS: Oxygen, SBE 43 [% saturation]
# name 15 = sbeox1PS: Oxygen, SBE 43, 2 [% saturation]
# name 16 = v0: Voltage 0
# name 17 = flECO-AFL: Fluorescence, WET Labs ECO-AFL/FL [mg/m^3]
# name 18 = v1: Voltage 1
# name 19 = CStarAt0: Beam Attenuation, WET Labs C-Star [1/m]
# name 20 = par: PAR/Irradiance, Biospherical/Licor
# name 21 = scan: Scan Count
# name 22 = timeM: Time, Elapsed [minutes]
# name 23 = flag:  0.000e+00
# span 0 =      0.962,     75.423                 
# span 1 =   62.05010,   62.05014                 
# span 2 = -175.20902, -175.20876                 
# span 3 =      0.971,     76.167                 
# span 4 =    -1.3780,     7.3462                 
# span 5 =    -1.3767,     7.3474                 
# span 6 =    -1.3788,     7.3459                 
# span 7 =    30.5121,    31.9177                 
# span 8 =    30.4577,    31.9446                 
# span 9 =  1023.8476,  1026.0186                 
# span 10 =    23.8413,    25.6585                
# span 11 =    252.970,    414.631                
# span 12 =    236.072,    363.539                
# span 13 =  300.56884,  370.97041                
# span 14 =     69.150,    113.076                
# span 15 =     64.548,     98.623                
# span 16 =     0.0440,     0.5140                
# span 17 =    -0.0843,     2.7362                
# span 18 =     3.2576,     4.2418                
# span 19 =     0.4209,     1.4771                
# span 20 = 1.0000e-12, 1.5909e+00                
# span 21 =          1,       8410                
# span 22 =     0.0000,     5.8396                
# span 23 = 0.0000e+00, 0.0000e+00                
# interval = seconds: 0.0416667
# start_time = Sep 15 2023 08:02:23 [NMEA time, first data scan]
# bad_flag = -9.990e-29
*END*
[from data line 5193]
     70.634   62.05012 -175.20888     71.330    -1.2375    -1.0954    -1.2389    31.8345    31.9119  1025.9389    25.5948    259.902    241.995  368.55680     70.519     65.951     0.0684     0.0623     3.5604     1.1215 1.0000e-12       5194     3.6063  0.000e+00
     70.634   62.05012 -175.20888     71.330    -1.2382    -1.0997    -1.2396    31.8336    31.9118  1025.9383    25.5942    259.624    242.029  368.56553     70.442     65.953     0.0684     0.0623     3.5604     1.1215 1.0000e-12       5195     3.6069  0.000e+00
     70.681   62.05012 -175.20888     71.377    -1.2379    -1.0989    -1.2393    31.8328    31.9098  1025.9378    25.5935    259.816    242.030  368.56501     70.494     65.953     0.0684     0.0623     3.5604     1.1215 1.0000e-12       5196     3.6076  0.000e+00
     70.634   62.05012 -175.20888     71.330    -1.2400    -1.0913    -1.2414    31.8355    31.9088  1025.9398    25.5957    259.555    241.746  368.57828     70.421     65.889     0.0696     0.0696     3.5604     1.1215 8.4714e-06       5197     3.6083  0.000e+00
     70.681   62.05012 -175.20888     71.377    -1.2357    -1.0758    -1.2371    31.8333    31.9068  1025.9382    25.5939    259.472    241.605  368.54192     70.405     65.877     0.0684     0.0623     3.5604     1.1215 1.0000e-12       5198     3.6090  0.000e+00
     70.634   62.05012 -175.20888     71.330    -1.2286    -1.0614    -1.2300    31.8309    31.9094  1025.9358    25.5917    259.373    241.690  368.47916     70.390     65.927     0.0696     0.0696     3.5604     1.1215 1.0000e-12       5199     3.6097  0.000e+00
     70.634   62.05012 -175.20888     71.330    -1.2244    -1.0504    -1.2258    31.8306    31.9145  1025.9354    25.5913    259.303    241.601  368.43809     70.379     65.925     0.0684     0.0623     3.5604     1.1215 1.0000e-12       5200     3.6104  0.000e+00
     70.619   62.05012 -175.20888     71.315    -1.2224    -1.0435    -1.2238    31.8285    31.9185  1025.9336    25.5896    259.262    241.545  368.42428     70.370     65.924     0.0696     0.0696     3.5604     1.1215 1.0000e-12       5201     3.6111  0.000e+00
     70.696   62.05012 -175.20888     71.393    -1.2242    -1.0390    -1.2256    31.8282    31.9201  1025.9338    25.5894    259.259    241.515  368.44330     70.366     65.924     0.0684     0.0623     3.5604     1.1215 8.4714e-06       5202     3.6118  0.000e+00
     70.619   62.05012 -175.20888     71.315    -1.2296    -1.0359    -1.2310    31.8342    31.9199  1025.9385    25.5944    259.276    241.493  368.47913     70.364     65.923     0.0696     0.0696     3.5604     1.1215 1.0000e-12       5203     3.6125  0.000e+00
     70.634   62.05012 -175.20888     71.330    -1.2322    -1.0339    -1.2336    31.8375    31.9192  1025.9412    25.5971    259.545    241.484  368.49526     70.434     65.924     0.0684     0.0623     3.5604     1.1215 1.0000e-12       5204     3.6132  0.000e+00
     70.619   62.05012 -175.20888     71.315    -1.2325    -1.0325    -1.2339    31.8380    31.9185  1025.9416    25.5976    259.338    241.250  368.49644     70.377     65.863     0.0684     0.0623     3.5604     1.1215 8.4714e-06       5205     3.6139  0.000e+00
     70.634   62.05012 -175.20888     71.330    -1.2324    -1.0320    -1.2338    31.8397    31.9193  1025.9430    25.5989    259.035    241.219  368.49052     70.296     65.855     0.0684     0.0623     3.5702     1.1105 8.4714e-06       5206     3.6146  0.000e+00
     70.634   62.05012 -175.20888     71.330    -1.2305    -1.0320    -1.2319    31.8404    31.9209  1025.9436    25.5995    258.988    241.191  368.47015     70.287     65.849     0.0684     0.0623     3.5788     1.1009 1.0000e-12       5207     3.6153  0.000e+00
     70.619   62.05012 -175.20888     71.315    -1.2279    -1.0327    -1.2293    31.8392    31.9232  1025.9424    25.5984    258.948    241.168  368.44762     70.281     65.842     0.0635     0.0330     3.5788     1.1009 8.4714e-06       5208     3.6160  0.000e+00
     70.634   62.05012 -175.20888     71.330    -1.2278    -1.0331    -1.2292    31.8391    31.9253  1025.9424    25.5984    258.937    241.146  368.44674     70.278     65.836     0.0623     0.0256     3.5800     1.0996 8.4714e-06       5209     3.6167  0.000e+00
     70.619   62.05012 -175.20888     71.315    -1.2299    -1.0313    -1.2313    31.8405    31.9253  1025.9435    25.5995    258.900    241.111  368.46386     70.265     65.830     0.0623     0.0256     3.5788     1.1009 8.4714e-06       5210     3.6174  0.000e+00
     70.696   62.05012 -175.20888     71.393    -1.2342    -1.0286    -1.2356    31.8454    31.9238  1025.9480    25.6036    258.935    241.076  368.49218     70.269     65.825     0.0623     0.0256     3.5788     1.1009 1.0000e-12       5211     3.6181  0.000e+00
     70.619   62.05012 -175.20888     71.315    -1.2383    -1.0263    -1.2397    31.8517    31.9230  1025.9529    25.6088    258.920    241.040  368.51462     70.261     65.818     0.0635     0.0330     3.5788     1.1009 1.0000e-12       5212     3.6187  0.000e+00
     70.634   62.05012 -175.20888     71.330    -1.2414    -1.0254    -1.2428    31.8581    31.9235  1025.9582    25.6141    258.649    241.015  368.52624     70.185     65.813     0.0623     0.0256     3.5788     1.1009 8.4714e-06       5213     3.6194  0.000e+00
     70.634   62.05012 -175.20888     71.330    -1.2441    -1.0254    -1.2455    31.8661    31.9249  1025.9648    25.6207    258.591    240.997  368.53022     70.168     65.809     0.0635     0.0330     3.5788     1.1009 1.0000e-12       5214     3.6201  0.000e+00
     70.681   62.05012 -175.20888     71.377    -1.2449    -1.0251    -1.2463    31.8720    31.9256  1025.9698    25.6254    258.793    240.980  368.52111     70.225     65.806     0.0623     0.0256     3.5788     1.1009 1.0000e-12       5215     3.6208  0.000e+00
     70.580   62.05012 -175.20888     71.276    -1.2429    -1.0246    -1.2443    31.8724    31.9260  1025.9696    25.6257    258.518    240.960  368.50001     70.154     65.801     0.0635     0.0330     3.5788     1.1009 8.4714e-06       5216     3.6215  0.000e+00
     70.681   62.05012 -175.20888     71.377    -1.2403    -1.0245    -1.2417    31.8683    31.9270  1025.9667    25.6224    258.732    240.949  368.48631     70.215     65.799     0.0623     0.0256     3.5788     1.1009 1.0000e-12       5217     3.6222  0.000e+00
     70.634   62.05012 -175.20888     71.330    -1.2394    -1.0253    -1.2408    31.8634    31.9284  1025.9624    25.6183    258.497    241.167  368.49155     70.150     65.858     0.0623     0.0256     3.5788     1.1009 1.0000e-12       5218     3.6229  0.000e+00
     70.634   62.05012 -175.20888     71.330    -1.2372    -1.0262    -1.2386    31.8563    31.9294  1025.9566    25.6125    258.478    241.193  368.49050     70.145     65.864     0.0623     0.0256     3.5788     1.1009 1.0000e-12       5219     3.6236  0.000e+00
     70.681   62.05012 -175.20888     71.377    -1.2349    -1.0256    -1.2364    31.8496    31.9289  1025.9514    25.6071    258.417    240.985  368.48714     70.129     65.808     0.0623     0.0256     3.5788     1.1009 1.0000e-12       5220     3.6243  0.000e+00
     70.634   62.05012 -175.20888     71.330    -1.2332    -1.0241    -1.2346    31.8447    31.9276  1025.9471    25.6030    258.414    241.193  368.48445     70.129     65.866     0.0635     0.0330     3.5788     1.1009 8.4714e-06       5221     3.6250  0.000e+00
     70.681   62.05012 -175.20888     71.377    -1.2356    -1.0233    -1.2370    31.8459    31.9264  1025.9484    25.6040    258.444    241.212  368.50435     70.133     65.873     0.0623     0.0256     3.5788     1.1009 1.0000e-12       5222     3.6257  0.000e+00
     70.696   62.05012 -175.20888     71.393    -1.2365    -1.0226    -1.2379    31.8457    31.9260  1025.9484    25.6039    258.734    241.230  368.51383     70.210     65.879     0.0635     0.0330     3.5788     1.1009 8.4714e-06       5223     3.6264  0.000e+00
     70.619   62.05012 -175.20888     71.315    -1.2392    -1.0219    -1.2407    31.8502    31.9256  1025.9516    25.6076    258.773    241.246  368.52826     70.218     65.884     0.0623     0.0256     3.5788     1.1009 8.4714e-06       5224     3.6271  0.000e+00
     70.696   62.05012 -175.20888     71.393    -1.2413    -1.0216    -1.2427    31.8579    31.9253  1025.9583    25.6139    258.604    241.269  368.52569     70.172     65.890     0.0623     0.0256     3.5788     1.1009 1.0000e-12       5225     3.6278  0.000e+00
     70.634   62.05012 -175.20888     71.330    -1.2402    -1.0215    -1.2416    31.8660    31.9255  1025.9646    25.6205    258.572    241.288  368.49133     70.170     65.896     0.0623     0.0256     3.5751     1.1050 1.0000e-12       5226     3.6285  0.000e+00
     70.681   62.05012 -175.20888     71.377    -1.2226    -1.0216    -1.2240    31.8524    31.9258  1025.9533    25.6090    258.463    241.312  368.35646     70.167     65.902     0.0623     0.0256     3.5714     1.1091 8.4714e-06       5227     3.6292  0.000e+00
     70.696   62.05012 -175.20888     71.393    -1.1979    -1.0218    -1.1993    31.8262    31.9258  1025.9314    25.5871    258.382    241.563  368.18827     70.177     65.971     0.0623     0.0256     3.5702     1.1105 8.4714e-06       5228     3.6299  0.000e+00
     70.681   62.05012 -175.20888     71.377    -1.1865    -1.0217    -1.1879    31.8175    31.9255  1025.9239    25.5797    258.589    241.615  368.10137     70.249     65.985     0.0623     0.0256     3.5702     1.1105 8.4714e-06       5229     3.6306  0.000e+00
     70.696   62.05012 -175.20888     71.393    -1.1847    -1.0226    -1.1862    31.8204    31.9253  1025.9263    25.5820    258.388    241.673  368.07533     70.200     65.999     0.0623     0.0256     3.5702     1.1105 8.4714e-06       5230     3.6313  0.000e+00
     70.681   62.05012 -175.20888     71.377    -1.1896    -1.0229    -1.1910    31.8326    31.9243  1025.9363    25.5920    258.439    241.500  368.08817     70.211     65.951     0.0623     0.0256     3.5702     1.1105 1.0000e-12       5231     3.6319  0.000e+00
     70.696   62.05012 -175.20888     71.393    -1.1942    -1.0231    -1.1956    31.8457    31.9239  1025.9471    25.6028    258.495    241.521  368.09531     70.225     65.956     0.0635     0.0330     3.5702     1.1105 1.0000e-12       5232     3.6326  0.000e+00
     70.696   62.05012 -175.20888     71.393    -1.1922    -1.0237    -1.1936    31.8481    31.9245  1025.9490    25.6046    258.527    241.542  368.06878     70.239     65.961     0.0659     0.0476     3.5702     1.1105 8.4714e-06       5233     3.6333  0.000e+00
     70.681   62.05012 -175.20888     71.377    -1.1857    -1.0247    -1.1871    31.8419    31.9261  1025.9437    25.5995    258.548    241.565  368.02202     70.253     65.966     0.0733     0.0916     3.5702     1.1105 1.0000e-12       5234     3.6340  0.000e+00
     70.696   62.05012 -175.20888     71.393    -1.1848    -1.0254    -1.1863    31.8423    31.9261  1025.9441    25.5998    258.610    241.816  368.01292     70.272     66.033     0.0733     0.0916     3.5702     1.1105 8.4714e-06       5235     3.6347  0.000e+00
     70.735   62.05012 -175.20888     71.432    -1.1815    -1.0259    -1.1829    31.8421    31.9264  1025.9440    25.5995    258.921    241.869  367.98032     70.363     66.047     0.0733     0.0916     3.5702     1.1105 1.0000e-12       5236     3.6354  0.000e+00
     70.696   62.05012 -175.20888     71.393    -1.1784    -1.0264    -1.1798    31.8441    31.9263  1025.9453    25.6011    258.714    241.919  367.94390     70.313     66.060     0.0733     0.0916     3.5702     1.1105 1.0000e-12       5237     3.6361  0.000e+00
     70.750   62.05012 -175.20888     71.447    -1.1788    -1.0283    -1.1802    31.8482    31.9272  1025.9490    25.6044    259.007    241.979  367.93580     70.395     66.073     0.0733     0.0916     3.5702     1.1105 1.0000e-12       5238     3.6368  0.000e+00
     70.735   62.05012 -175.20888     71.432    -1.1761    -1.0287    -1.1775    31.8502    31.9266  1025.9504    25.6060    259.073    241.994  367.90350     70.419     66.077     0.0720     0.0842     3.5702     1.1105 1.0000e-12       5239     3.6375  0.000e+00
     70.696   62.05012 -175.20888     71.393    -1.1717    -1.0289    -1.1731    31.8542    31.9260  1025.9533    25.6091    259.124    242.265  367.84833     70.443     66.150     0.0733     0.0916     3.5702     1.1105 8.4714e-06       5240     3.6382  0.000e+00
     70.735   62.05012 -175.20888     71.432    -1.1693    -1.0286    -1.1708    31.8654    31.9250  1025.9625    25.6181    259.441    242.336  367.79284     70.540     66.169     0.0733     0.0916     3.5702     1.1105 1.0000e-12       5241     3.6389  0.000e+00
     70.750   62.05012 -175.20888     71.447    -1.1581    -1.0292    -1.1596    31.8685    31.9251  1025.9647    25.6203    259.288    242.409  367.67317     70.521     66.188     0.0733     0.0916     3.5702     1.1105 1.0000e-12       5242     3.6396  0.000e+00
     70.735   62.05012 -175.20888     71.432    -1.1445    -1.0300    -1.1459    31.8709    31.9254  1025.9663    25.6219    259.280    242.479  367.53158     70.546     66.206     0.0720     0.0842     3.5702     1.1105 1.0000e-12       5243     3.6403  0.000e+00
     70.750   62.05012 -175.20888     71.447    -1.1399    -1.0303    -1.1414    31.8811    31.9254  1025.9745    25.6300    259.284    242.544  367.45696     70.562     66.223     0.0733     0.0916     3.5702     1.1105 1.0000e-12       5244     3.6410  0.000e+00
     70.750   62.05012 -175.20888     71.447    -1.1418    -1.0305    -1.1433    31.8866    31.9251  1025.9789    25.6345    259.660    242.607  367.45972     70.663     66.240     0.0733     0.0916     3.5702     1.1105 1.0000e-12       5245     3.6417  0.000e+00
     70.735   62.05012 -175.20888     71.432    -1.1374    -1.0311    -1.1389    31.8754    31.9251  1025.9697    25.6253    259.503    242.635  367.44919     70.623     66.247     0.0733     0.0916     3.5726     1.1078 8.4714e-06       5246     3.6424  0.000e+00
     70.750   62.05012 -175.20888     71.447    -1.1361    -1.0313    -1.1375    31.8635    31.9246  1025.9600    25.6156    259.841    242.660  367.47027     70.711     66.253     0.0733     0.0916     3.5775     1.1023 8.4714e-06       5247     3.6431  0.000e+00
     70.796   62.05012 -175.20888     71.494    -1.1368    -1.0316    -1.1383    31.8557    31.9236  1025.9540    25.6093    259.981    242.715  367.50012     70.743     66.267     0.0733     0.0916     3.5788     1.1009 8.4714e-06       5248     3.6437  0.000e+00
     70.750   62.05012 -175.20888     71.447    -1.1239    -1.0316    -1.1254    31.8482    31.9223  1025.9473    25.6029    260.005    242.763  367.39475     70.770     66.279     0.0733     0.0916     3.5788     1.1009 8.4714e-06       5249     3.6444  0.000e+00
     70.735   62.05012 -175.20888     71.432    -1.1092    -1.0318    -1.1107    31.8440    31.9217  1025.9434    25.5991    260.009    242.810  367.26205     70.797     66.291     0.0733     0.0916     3.5788     1.1009 1.0000e-12       5250     3.6451  0.000e+00
     70.804   62.05012 -175.20888     71.502    -1.1045    -1.0316    -1.1060    31.8410    31.9217  1025.9412    25.5965    260.095    242.852  367.22452     70.827     66.303     0.0733     0.0916     3.5788     1.1009 8.4714e-06       5251     3.6458  0.000e+00
     70.750   62.05012 -175.20888     71.447    -1.1132    -1.0321    -1.1146    31.8498    31.9219  1025.9482    25.6038    260.262    242.893  367.28442     70.861     66.313     0.0720     0.0842     3.5788     1.1009 1.0000e-12       5252     3.6465  0.000e+00
