EcoFOCI/data/1_SampleCollection/2023_SikuliaqDBO_CruiseData/CTD_raw_BottleFile_SKQ23-12S/proc/skq202312s_059.ros
* Sea-Bird SBE 9 Data File:
* FileName = D:\CTD\SKQ202312S\SKQ202312S_059.hex
* Software Version Seasave V 7.26.7.121
* Temperature SN = 6177
* Conductivity SN = 0369
* Number of Bytes Per Scan = 41
* Number of Voltage Words = 4
* Number of Scans Averaged by the Deck Unit = 1
* NMEA Latitude = 71 13.10 N
* NMEA Longitude = 164 14.82 W
* NMEA UTC (Time) = Sep 27 2023  16:34:29
* NMEA baud rate = 4800
** Ship: R/V Sikuliaq
** Station Number: 059
** Station Name: C2
** Bottom Depth: 44
** Operator: SD
# nquan = 22
# nvalues = 147                                   
# units = specified
# name 0 = depSM: Depth [salt water, m]
# name 1 = latitude: Latitude [deg]
# name 2 = longitude: Longitude [deg]
# name 3 = prDM: Pressure, Digiquartz [db]
# name 4 = t090C: Temperature [ITS-90, deg C]
# name 5 = t190C: Temperature, 2 [ITS-90, deg C]
# name 6 = potemp090C: Potential Temperature [ITS-90, deg C]
# name 7 = sal00: Salinity, Practical [PSU]
# name 8 = sal11: Salinity, Practical, 2 [PSU]
# name 9 = density00: Density [density, kg/m^3]
# name 10 = sigma-é00: Density [sigma-theta, kg/m^3]
# name 11 = sbox0Mm/Kg: Oxygen, SBE 43 [umol/kg]
# name 12 = sbox1Mm/Kg: Oxygen, SBE 43, 2 [umol/kg]
# name 13 = oxsolMm/Kg: Oxygen Saturation, Garcia & Gordon [umol/kg]
# name 14 = sbeox0PS: Oxygen, SBE 43 [% saturation]
# name 15 = v0: Voltage 0
# name 16 = flECO-AFL: Fluorescence, WET Labs ECO-AFL/FL [mg/m^3]
# name 17 = CStarAt0: Beam Attenuation, WET Labs C-Star [1/m]
# name 18 = par: PAR/Irradiance, Biospherical/Licor
# name 19 = scan: Scan Count
# name 20 = nbf: Bottles Fired
# name 21 = flag:  0.000e+00
# interval = seconds: 0.0416667
# start_time = Sep 27 2023 16:38:23 [NMEA time, first data scan]
# bad_flag = -9.990e-29
*END*
[from data line 66]
     38.877   71.21830 -164.24704     39.282    -1.0711    -1.0696    -1.0719    32.3974    32.4089  1026.2356    26.0464    275.631    263.164  365.29278     75.455     0.1062     0.2894     1.4861 1.0000e-12       5249          2  0.000e+00
     38.877   71.21830 -164.24704     39.282    -1.0711    -1.0700    -1.0719    32.3971    32.4092  1026.2354    26.0462    275.383    263.173  365.29352     75.387     0.1050     0.2820     1.4846 1.0000e-12       5250          2  0.000e+00
     38.877   71.21830 -164.24704     39.282    -1.0710    -1.0700    -1.0719    32.3966    32.4087  1026.2349    26.0458    275.393    263.180  365.29461     75.389     0.1050     0.2820     1.4846 1.0000e-12       5251          2  0.000e+00
     38.931   71.21830 -164.24704     39.336    -1.0712    -1.0700    -1.0721    32.3968    32.4092  1026.2354    26.0459    275.361    263.188  365.29623     75.380     0.1050     0.2820     1.4861 8.4714e-06       5252          2  0.000e+00
     38.877   71.21830 -164.24704     39.282    -1.0712    -1.0700    -1.0720    32.3971    32.4092  1026.2353    26.0462    275.324    263.192  365.29489     75.370     0.1050     0.2820     1.4876 1.0000e-12       5253          2  0.000e+00
     38.877   71.21830 -164.24704     39.282    -1.0713    -1.0701    -1.0722    32.3980    32.4095  1026.2361    26.0469    275.292    263.199  365.29383     75.362     0.1050     0.2820     1.4891 8.4714e-06       5254          2  0.000e+00
     38.877   71.21830 -164.24704     39.282    -1.0710    -1.0696    -1.0719    32.3982    32.4091  1026.2362    26.0471    275.258    263.170  365.28995     75.353     0.1050     0.2820     1.4891 1.0000e-12       5255          2  0.000e+00
     38.870   71.21830 -164.24704     39.274    -1.0711    -1.0701    -1.0719    32.3983    32.4091  1026.2363    26.0471    275.230    263.179  365.29032     75.346     0.1050     0.2820     1.4891 1.0000e-12       5256          2  0.000e+00
     38.823   71.21830 -164.24704     39.227    -1.0704    -1.0698    -1.0713    32.3978    32.4089  1026.2356    26.0467    275.453    263.181  365.28556     75.408     0.1050     0.2820     1.4876 8.4714e-06       5257          2  0.000e+00
     38.877   71.21830 -164.24704     39.282    -1.0703    -1.0698    -1.0712    32.3974    32.4088  1026.2355    26.0464    275.477    262.962  365.28562     75.414     0.1050     0.2820     1.4891 1.0000e-12       5258          2  0.000e+00
     38.877   71.21830 -164.24704     39.282    -1.0702    -1.0696    -1.0711    32.3973    32.4086  1026.2355    26.0463    275.498    263.162  365.28524     75.420     0.1050     0.2820     1.4891 1.0000e-12       5259          2  0.000e+00
     38.762   71.21830 -164.24704     39.165    -1.0703    -1.0696    -1.0712    32.3968    32.4090  1026.2346    26.0460    275.263    263.164  365.28714     75.355     0.1062     0.2894     1.4876 1.0000e-12       5260          2  0.000e+00
     38.939   71.21830 -164.24704     39.344    -1.0706    -1.0695    -1.0715    32.3970    32.4089  1026.2355    26.0461    275.248    263.176  365.28960     75.351     0.1050     0.2820     1.4891 1.0000e-12       5261          2  0.000e+00
     38.823   71.21830 -164.24704     39.227    -1.0704    -1.0695    -1.0713    32.3968    32.4090  1026.2348    26.0459    275.475    263.178  365.28850     75.413     0.1062     0.2894     1.4891 1.0000e-12       5262          2  0.000e+00
     38.823   71.21830 -164.24704     39.227    -1.0708    -1.0698    -1.0716    32.3971    32.4093  1026.2351    26.0462    275.503    263.186  365.29091     75.420     0.1050     0.2820     1.4891 1.0000e-12       5263          2  0.000e+00
     38.877   71.21830 -164.24704     39.282    -1.0709    -1.0698    -1.0717    32.3970    32.4090  1026.2353    26.0461    275.532    263.002  365.29213     75.428     0.1062     0.2894     1.4891 1.0000e-12       5264          2  0.000e+00
     38.816   71.21830 -164.24704     39.219    -1.0706    -1.0698    -1.0715    32.3966    32.4089  1026.2347    26.0458    275.300    262.978  365.29049     75.365     0.1050     0.2820     1.4876 1.0000e-12       5265          2  0.000e+00
     38.823   71.21830 -164.24704     39.227    -1.0709    -1.0700    -1.0717    32.3969    32.4090  1026.2349    26.0460    275.282    262.958  365.29253     75.359     0.1062     0.2894     1.4891 8.4714e-06       5266          2  0.000e+00
     38.823   71.21830 -164.24704     39.227    -1.0711    -1.0701    -1.0719    32.3968    32.4090  1026.2348    26.0459    275.520    263.166  365.29453     75.424     0.1050     0.2820     1.4876 1.0000e-12       5267          2  0.000e+00
     38.823   71.21830 -164.24704     39.227    -1.0710    -1.0700    -1.0719    32.3967    32.4088  1026.2348    26.0459    275.550    263.177  365.29415     75.432     0.1050     0.2820     1.4876 1.0000e-12       5268          2  0.000e+00
     38.816   71.21830 -164.24704     39.219    -1.0712    -1.0700    -1.0721    32.3966    32.4095  1026.2346    26.0458    275.327    263.187  365.29688     75.371     0.1050     0.2820     1.4891 1.0000e-12       5269          2  0.000e+00
     38.823   71.21830 -164.24704     39.227    -1.0712    -1.0700    -1.0721    32.3968    32.4098  1026.2348    26.0459    275.566    263.198  365.29629     75.436     0.1026     0.2674     1.4876 1.0000e-12       5270          2  0.000e+00
     38.823   71.21830 -164.24704     39.227    -1.0715    -1.0695    -1.0723    32.3965    32.4088  1026.2347    26.0458    275.346    263.208  365.29916     75.375     0.1001     0.2527     1.4876 1.0000e-12       5271          2  0.000e+00
     38.769   71.21830 -164.24704     39.172    -1.0715    -1.0695    -1.0724    32.3969    32.4089  1026.2347    26.0460    275.329    263.218  365.29871     75.371     0.1001     0.2527     1.4891 1.0000e-12       5272          2  0.000e+00
     38.816   71.21830 -164.24704     39.219    -1.0716    -1.0696    -1.0725    32.3973    32.4090  1026.2352    26.0464    275.065    263.232  365.29869     75.299     0.1001     0.2527     1.4861 1.0000e-12       5273          2  0.000e+00
     38.823   71.21830 -164.24704     39.227    -1.0715    -1.0695    -1.0724    32.3968    32.4086  1026.2349    26.0460    275.009    263.243  365.29893     75.283     0.1001     0.2527     1.4846 8.4714e-06       5274          2  0.000e+00
     38.769   71.21830 -164.24704     39.172    -1.0716    -1.0695    -1.0725    32.3971    32.4087  1026.2349    26.0462    275.465    263.253  365.29923     75.408     0.1013     0.2601     1.4846 1.0000e-12       5275          2  0.000e+00
     38.769   71.21830 -164.24704     39.172    -1.0718    -1.0700    -1.0727    32.3972    32.4089  1026.2350    26.0463    275.510    263.268  365.30049     75.420     0.1001     0.2527     1.4846 1.0000e-12       5276          2  0.000e+00
     38.816   71.21830 -164.24704     39.219    -1.0716    -1.0704    -1.0725    32.3971    32.4093  1026.2351    26.0462    275.554    263.284  365.29919     75.432     0.1013     0.2601     1.4846 8.4714e-06       5277          2  0.000e+00
     38.823   71.21830 -164.24704     39.227    -1.0717    -1.0706    -1.0725    32.3967    32.4097  1026.2348    26.0459    275.600    263.264  365.30081     75.445     0.1001     0.2527     1.4831 1.0000e-12       5278          2  0.000e+00
     38.769   71.21830 -164.24704     39.172    -1.0720    -1.0704    -1.0728    32.3972    32.4094  1026.2349    26.0463    275.643    263.272  365.30237     75.456     0.1013     0.2601     1.4846 1.0000e-12       5279          2  0.000e+00
     38.769   71.21830 -164.24704     39.172    -1.0718    -1.0707    -1.0727    32.3972    32.4100  1026.2349    26.0463    275.431    263.251  365.30062     75.398     0.1001     0.2527     1.4846 1.0000e-12       5280          2  0.000e+00
     38.769   71.21830 -164.24704     39.172    -1.0716    -1.0700    -1.0725    32.3976    32.4089  1026.2353    26.0466    276.006    263.168  365.29776     75.557     0.1013     0.2601     1.4891 1.0000e-12       5307          3  0.000e+00
     38.823   71.21830 -164.24704     39.227    -1.0715    -1.0700    -1.0724    32.3982    32.4088  1026.2360    26.0471    276.038    262.960  365.29488     75.566     0.1001     0.2527     1.4891 1.0000e-12       5308          3  0.000e+00
     38.769   71.21830 -164.24704     39.172    -1.0716    -1.0698    -1.0725    32.3986    32.4089  1026.2361    26.0475    276.018    263.168  365.29481     75.560     0.1013     0.2601     1.4891 1.0000e-12       5309          3  0.000e+00
     38.870   71.21830 -164.24704     39.274    -1.0717    -1.0698    -1.0725    32.3988    32.4088  1026.2367    26.0476    276.257    262.963  365.29488     75.626     0.1026     0.2674     1.4891 8.4714e-06       5310          3  0.000e+00
     38.769   71.21830 -164.24704     39.172    -1.0713    -1.0696    -1.0722    32.3985    32.4090  1026.2359    26.0473    276.070    263.171  365.29254     75.575     0.1013     0.2601     1.4891 1.0000e-12       5311          3  0.000e+00
     38.823   71.21830 -164.24704     39.227    -1.0712    -1.0696    -1.0721    32.3982    32.4088  1026.2360    26.0471    276.098    263.191  365.29224     75.583     0.1026     0.2674     1.4891 1.0000e-12       5312          3  0.000e+00
     38.823   71.21830 -164.24704     39.227    -1.0710    -1.0696    -1.0719    32.3981    32.4087  1026.2359    26.0470    276.122    262.951  365.29022     75.590     0.1013     0.2601     1.4876 1.0000e-12       5313          3  0.000e+00
     38.870   71.21830 -164.24704     39.274    -1.0706    -1.0698    -1.0715    32.3976    32.4091  1026.2357    26.0466    276.097    263.134  365.28776     75.583     0.1013     0.2601     1.4846 1.0000e-12       5314          3  0.000e+00
     38.823   71.21830 -164.24704     39.227    -1.0706    -1.0698    -1.0715    32.3975    32.4090  1026.2354    26.0465    276.070    263.117  365.28805     75.576     0.1013     0.2601     1.4831 1.0000e-12       5315          3  0.000e+00
     38.823   71.21830 -164.24704     39.227    -1.0704    -1.0698    -1.0713    32.3973    32.4089  1026.2352    26.0463    276.091    263.133  365.28690     75.582     0.1013     0.2601     1.4846 1.0000e-12       5316          3  0.000e+00
     38.877   71.21830 -164.24704     39.282    -1.0704    -1.0696    -1.0713    32.3976    32.4086  1026.2357    26.0466    276.114    262.924  365.28614     75.588     0.1001     0.2527     1.4831 1.0000e-12       5317          3  0.000e+00
     38.816   71.21830 -164.24704     39.219    -1.0704    -1.0696    -1.0713    32.3972    32.4087  1026.2351    26.0462    276.085    262.907  365.28726     75.580     0.1013     0.2601     1.4831 1.0000e-12       5318          3  0.000e+00
     38.877   71.21830 -164.24704     39.282    -1.0704    -1.0700    -1.0713    32.3965    32.4089  1026.2349    26.0457    276.108    263.125  365.28920     75.586     0.1013     0.2601     1.4831 1.0000e-12       5319          3  0.000e+00
     38.823   71.21830 -164.24704     39.227    -1.0702    -1.0700    -1.0711    32.3961    32.4083  1026.2343    26.0454    276.076    263.142  365.28870     75.577     0.1013     0.2601     1.4831 1.0000e-12       5320          3  0.000e+00
     38.877   71.21830 -164.24704     39.282    -1.0708    -1.0700    -1.0716    32.3967    32.4088  1026.2350    26.0459    276.049    263.161  365.29198     75.569     0.1026     0.2674     1.4831 1.0000e-12       5321          3  0.000e+00
     38.870   71.21830 -164.24704     39.274    -1.0710    -1.0698    -1.0719    32.3972    32.4091  1026.2354    26.0463    275.966    263.177  365.29276     75.546     0.1050     0.2820     1.4831 1.0000e-12       5322          3  0.000e+00
     38.823   71.21830 -164.24704     39.227    -1.0711    -1.0698    -1.0719    32.3984    32.4090  1026.2361    26.0472    275.874    263.193  365.28999     75.522     0.1062     0.2894     1.4831 1.0000e-12       5323          3  0.000e+00
     38.877   71.21830 -164.24704     39.282    -1.0708    -1.0698    -1.0716    32.3987    32.4087  1026.2366    26.0475    275.627    263.214  365.28634     75.455     0.1050     0.2820     1.4831 1.0000e-12       5324          3  0.000e+00
     38.877   71.21830 -164.24704     39.282    -1.0702    -1.0698    -1.0711    32.3991    32.4090  1026.2369    26.0478    275.838    263.231  365.28009     75.514     0.1062     0.2894     1.4846 1.0000e-12       5325          3  0.000e+00
     38.870   71.21830 -164.24704     39.274    -1.0701    -1.0696    -1.0710    32.3998    32.4087  1026.2375    26.0483    275.845    263.248  365.27699     75.517     0.1050     0.2820     1.4846 8.4714e-06       5326          3  0.000e+00
     38.877   71.21830 -164.24704     39.282    -1.0700    -1.0695    -1.0708    32.4001    32.4084  1026.2378    26.0486    275.853    263.267  365.27439     75.519     0.1062     0.2894     1.4831 1.0000e-12       5327          3  0.000e+00
     38.877   71.21830 -164.24704     39.282    -1.0695    -1.0696    -1.0704    32.3999    32.4089  1026.2376    26.0484    275.859    263.059  365.27048     75.522     0.1050     0.2820     1.4831 1.0000e-12       5328          3  0.000e+00
     38.939   71.21830 -164.24704     39.344    -1.0695    -1.0698    -1.0704    32.4004    32.4089  1026.2383    26.0488    275.821    263.051  365.26912     75.512     0.1062     0.2894     1.4846 1.0000e-12       5329          3  0.000e+00
     38.870   71.21830 -164.24704     39.274    -1.0694    -1.0698    -1.0703    32.4006    32.4093  1026.2381    26.0490    275.825    263.263  365.26738     75.513     0.1050     0.2820     1.4831 1.0000e-12       5330          3  0.000e+00
     38.939   71.21830 -164.24704     39.344    -1.0687    -1.0696    -1.0696    32.3995    32.4088  1026.2375    26.0480    275.782    263.285  365.26390     75.502     0.1050     0.2820     1.4831 1.0000e-12       5331          3  0.000e+00
     38.877   71.21830 -164.24704     39.282    -1.0688    -1.0698    -1.0696    32.3997    32.4090  1026.2374    26.0482    276.040    263.079  365.26381     75.573     0.1050     0.2820     1.4831 8.4714e-06       5332          3  0.000e+00
     38.939   71.21830 -164.24704     39.344    -1.0680    -1.0700    -1.0689    32.3980    32.4088  1026.2363    26.0468    275.837    263.074  365.26154     75.518     0.1050     0.2820     1.4861 1.0000e-12       5333          3  0.000e+00
     38.939   71.21830 -164.24704     39.344    -1.0676    -1.0696    -1.0685    32.3977    32.4086  1026.2361    26.0466    275.888    263.258  365.25826     75.532     0.1050     0.2820     1.4891 1.0000e-12       5334          3  0.000e+00
     38.870   71.21830 -164.24704     39.274    -1.0672    -1.0700    -1.0681    32.3977    32.4086  1026.2357    26.0466    275.938    263.248  365.25437     75.547     0.1050     0.2820     1.4891 1.0000e-12       5335          3  0.000e+00
     38.939   71.21830 -164.24704     39.344    -1.0669    -1.0702    -1.0677    32.3978    32.4087  1026.2361    26.0466    275.945    263.273  365.25098     75.550     0.1062     0.2894     1.4891 1.0000e-12       5336          3  0.000e+00
     38.939   71.21830 -164.24704     39.344    -1.0663    -1.0704    -1.0672    32.3960    32.4091  1026.2346    26.0452    275.952    263.294  365.25035     75.552     0.1050     0.2820     1.4906 8.4714e-06       5337          3  0.000e+00
     38.939   71.21830 -164.24704     39.344    -1.0665    -1.0704    -1.0674    32.3956    32.4092  1026.2343    26.0449    275.963    263.282  365.25371     75.554     0.1062     0.2894     1.4891 1.0000e-12       5338          3  0.000e+00
     38.931   71.21830 -164.24704     39.336    -1.0665    -1.0705    -1.0673    32.3955    32.4091  1026.2341    26.0447    275.971    263.270  365.25369     75.556     0.1050     0.2820     1.4891 1.0000e-12       5339          3  0.000e+00
