EcoFOCI/data/1_SampleCollection/2023_SikuliaqDBO_CruiseData/CTD_raw_BottleFile_SKQ23-12S/proc/skq202312s_041svp.cnv
* Sea-Bird SBE 9 Data File:
* FileName = D:\CTD\SKQ202312S\SKQ202312S_041.hex
* Software Version Seasave V 7.26.7.121
* Temperature SN = 6177
* Conductivity SN = 0369
* Number of Bytes Per Scan = 41
* Number of Voltage Words = 4
* Number of Scans Averaged by the Deck Unit = 1
* NMEA Latitude = 71 22.89 N
* NMEA Longitude = 160 50.39 W
* NMEA UTC (Time) = Sep 23 2023  21:13:19
* NMEA baud rate = 4800
** Ship: R/V Sikuliaq
** Station Number: 041
** Station Name: DBO4.2na
** Bottom Depth: 47
** Operator: SS
# nquan = 7
# nvalues = 4249                                  
# units = specified
# name 0 = depSM: Depth [salt water, m]
# name 1 = latitude: Latitude [deg]
# name 2 = longitude: Longitude [deg]
# name 3 = t090C: Temperature [ITS-90, deg C]
# name 4 = sal00: Salinity, Practical [PSU]
# name 5 = svCM: Sound Velocity [Chen-Millero, m/s]
# name 6 = flag:  0.000e+00
# span 0 =      2.260,     41.999                 
# span 1 =   71.38148,   71.38148                 
# span 2 = -160.83978, -160.83978                 
# span 3 =    -1.6599,     2.3096                 
# span 4 =    27.1591,    32.6568                 
# span 5 =    1438.58,    1449.46                 
# span 6 = 0.0000e+00, 0.0000e+00                 
# interval = seconds: 0.0416667
# start_time = Sep 23 2023 21:16:43 [NMEA time, first data scan]
# bad_flag = -9.990e-29
*END*
[from data line 2667]
     33.761   71.38148 -160.83978    -1.6326    32.6404    1438.84  0.000e+00
     33.715   71.38148 -160.83978    -1.6326    32.6408    1438.84  0.000e+00
     33.815   71.38148 -160.83978    -1.6324    32.6408    1438.84  0.000e+00
     33.776   71.38148 -160.83978    -1.6326    32.6412    1438.84  0.000e+00
     33.892   71.38148 -160.83978    -1.6326    32.6412    1438.85  0.000e+00
     33.815   71.38148 -160.83978    -1.6324    32.6408    1438.84  0.000e+00
     33.892   71.38148 -160.83978    -1.6324    32.6405    1438.85  0.000e+00
     33.931   71.38148 -160.83978    -1.6327    32.6409    1438.85  0.000e+00
     33.892   71.38148 -160.83978    -1.6327    32.6412    1438.84  0.000e+00
     34.000   71.38148 -160.83978    -1.6327    32.6410    1438.85  0.000e+00
     33.931   71.38148 -160.83978    -1.6327    32.6415    1438.85  0.000e+00
     34.000   71.38148 -160.83978    -1.6324    32.6410    1438.85  0.000e+00
     33.992   71.38148 -160.83978    -1.6330    32.6413    1438.85  0.000e+00
     34.062   71.38148 -160.83978    -1.6328    32.6416    1438.85  0.000e+00
     34.062   71.38148 -160.83978    -1.6326    32.6416    1438.85  0.000e+00
     34.108   71.38148 -160.83978    -1.6327    32.6417    1438.85  0.000e+00
     34.116   71.38148 -160.83978    -1.6327    32.6417    1438.85  0.000e+00
     34.162   71.38148 -160.83978    -1.6328    32.6420    1438.85  0.000e+00
     34.116   71.38148 -160.83978    -1.6326    32.6416    1438.85  0.000e+00
     34.178   71.38148 -160.83978    -1.6330    32.6423    1438.85  0.000e+00
     34.216   71.38148 -160.83978    -1.6326    32.6418    1438.85  0.000e+00
     34.232   71.38148 -160.83978    -1.6327    32.6414    1438.85  0.000e+00
     34.216   71.38148 -160.83978    -1.6327    32.6415    1438.85  0.000e+00
     34.232   71.38148 -160.83978    -1.6328    32.6425    1438.85  0.000e+00
     34.293   71.38148 -160.83978    -1.6327    32.6419    1438.85  0.000e+00
     34.278   71.38148 -160.83978    -1.6326    32.6417    1438.85  0.000e+00
     34.293   71.38148 -160.83978    -1.6327    32.6419    1438.85  0.000e+00
     34.332   71.38148 -160.83978    -1.6327    32.6419    1438.85  0.000e+00
     34.347   71.38148 -160.83978    -1.6328    32.6421    1438.85  0.000e+00
     34.347   71.38148 -160.83978    -1.6327    32.6417    1438.85  0.000e+00
     34.332   71.38148 -160.83978    -1.6328    32.6422    1438.85  0.000e+00
     34.401   71.38148 -160.83978    -1.6326    32.6415    1438.85  0.000e+00
     34.394   71.38148 -160.83978    -1.6328    32.6422    1438.85  0.000e+00
     34.347   71.38148 -160.83978    -1.6329    32.6426    1438.85  0.000e+00
     34.401   71.38148 -160.83978    -1.6327    32.6422    1438.85  0.000e+00
     34.394   71.38148 -160.83978    -1.6328    32.6422    1438.85  0.000e+00
     34.463   71.38148 -160.83978    -1.6330    32.6424    1438.85  0.000e+00
     34.463   71.38148 -160.83978    -1.6330    32.6425    1438.85  0.000e+00
     34.448   71.38148 -160.83978    -1.6330    32.6422    1438.85  0.000e+00
     34.463   71.38148 -160.83978    -1.6330    32.6423    1438.85  0.000e+00
     34.448   71.38148 -160.83978    -1.6328    32.6423    1438.85  0.000e+00
     34.517   71.38148 -160.83978    -1.6327    32.6418    1438.86  0.000e+00
     34.463   71.38148 -160.83978    -1.6330    32.6425    1438.85  0.000e+00
     34.563   71.38148 -160.83978    -1.6331    32.6430    1438.86  0.000e+00
     34.517   71.38148 -160.83978    -1.6328    32.6428    1438.86  0.000e+00
     34.509   71.38148 -160.83978    -1.6331    32.6431    1438.86  0.000e+00
     34.579   71.38148 -160.83978    -1.6330    32.6428    1438.86  0.000e+00
     34.517   71.38148 -160.83978    -1.6328    32.6428    1438.86  0.000e+00
     34.563   71.38148 -160.83978    -1.6327    32.6426    1438.86  0.000e+00
     34.579   71.38148 -160.83978    -1.6324    32.6427    1438.86  0.000e+00
     34.579   71.38148 -160.83978    -1.6324    32.6430    1438.86  0.000e+00
     34.563   71.38148 -160.83978    -1.6321    32.6426    1438.86  0.000e+00
     34.579   71.38148 -160.83978    -1.6318    32.6419    1438.86  0.000e+00
     34.563   71.38148 -160.83978    -1.6319    32.6426    1438.86  0.000e+00
     34.579   71.38148 -160.83978    -1.6315    32.6419    1438.86  0.000e+00
     34.633   71.38148 -160.83978    -1.6312    32.6413    1438.86  0.000e+00
     34.563   71.38148 -160.83978    -1.6312    32.6413    1438.86  0.000e+00
     34.633   71.38148 -160.83978    -1.6312    32.6411    1438.86  0.000e+00
     34.617   71.38148 -160.83978    -1.6313    32.6413    1438.86  0.000e+00
     34.633   71.38148 -160.83978    -1.6315    32.6415    1438.86  0.000e+00
     34.633   71.38148 -160.83978    -1.6318    32.6426    1438.86  0.000e+00
     34.617   71.38148 -160.83978    -1.6316    32.6422    1438.86  0.000e+00
     34.633   71.38148 -160.83978    -1.6313    32.6420    1438.86  0.000e+00
     34.694   71.38148 -160.83978    -1.6313    32.6415    1438.87  0.000e+00
     34.617   71.38148 -160.83978    -1.6312    32.6422    1438.87  0.000e+00
     34.694   71.38148 -160.83978    -1.6309    32.6416    1438.87  0.000e+00
     34.679   71.38148 -160.83978    -1.6307    32.6412    1438.87  0.000e+00
     34.694   71.38148 -160.83978    -1.6307    32.6410    1438.87  0.000e+00
     34.694   71.38148 -160.83978    -1.6304    32.6410    1438.87  0.000e+00
     34.679   71.38148 -160.83978    -1.6309    32.6415    1438.87  0.000e+00
     34.694   71.38148 -160.83978    -1.6310    32.6411    1438.87  0.000e+00
     34.733   71.38148 -160.83978    -1.6312    32.6410    1438.87  0.000e+00
     34.748   71.38148 -160.83978    -1.6316    32.6416    1438.86  0.000e+00
     34.694   71.38148 -160.83978    -1.6321    32.6417    1438.86  0.000e+00
     34.733   71.38148 -160.83978    -1.6321    32.6413    1438.86  0.000e+00
     34.748   71.38148 -160.83978    -1.6321    32.6418    1438.86  0.000e+00
     34.748   71.38148 -160.83978    -1.6324    32.6420    1438.86  0.000e+00
     34.733   71.38148 -160.83978    -1.6328    32.6426    1438.86  0.000e+00
     34.748   71.38148 -160.83978    -1.6328    32.6432    1438.86  0.000e+00
     34.795   71.38148 -160.83978    -1.6328    32.6435    1438.86  0.000e+00
     34.802   71.38148 -160.83978    -1.6328    32.6433    1438.86  0.000e+00
     34.748   71.38148 -160.83978    -1.6327    32.6431    1438.86  0.000e+00
     34.795   71.38148 -160.83978    -1.6327    32.6429    1438.86  0.000e+00
     34.864   71.38148 -160.83978    -1.6324    32.6428    1438.86  0.000e+00
     34.795   71.38148 -160.83978    -1.6322    32.6432    1438.86  0.000e+00
     34.864   71.38148 -160.83978    -1.6316    32.6427    1438.87  0.000e+00
     34.802   71.38148 -160.83978    -1.6313    32.6425    1438.87  0.000e+00
     34.849   71.38148 -160.83978    -1.6316    32.6428    1438.87  0.000e+00
     34.864   71.38148 -160.83978    -1.6313    32.6424    1438.87  0.000e+00
     34.918   71.38148 -160.83978    -1.6316    32.6426    1438.87  0.000e+00
     34.849   71.38148 -160.83978    -1.6313    32.6426    1438.87  0.000e+00
     34.918   71.38148 -160.83978    -1.6313    32.6426    1438.87  0.000e+00
     34.910   71.38148 -160.83978    -1.6312    32.6422    1438.87  0.000e+00
     34.864   71.38148 -160.83978    -1.6307    32.6418    1438.87  0.000e+00
     34.980   71.38148 -160.83978    -1.6304    32.6413    1438.87  0.000e+00
     34.910   71.38148 -160.83978    -1.6307    32.6419    1438.87  0.000e+00
     34.980   71.38148 -160.83978    -1.6301    32.6420    1438.88  0.000e+00
     34.980   71.38148 -160.83978    -1.6295    32.6417    1438.88  0.000e+00
     34.964   71.38148 -160.83978    -1.6290    32.6408    1438.88  0.000e+00
     34.980   71.38148 -160.83978    -1.6295    32.6405    1438.88  0.000e+00
     35.080   71.38148 -160.83978    -1.6301    32.6410    1438.88  0.000e+00
     35.034   71.38148 -160.83978    -1.6307    32.6416    1438.87  0.000e+00
     35.034   71.38148 -160.83978    -1.6302    32.6420    1438.88  0.000e+00
     35.080   71.38148 -160.83978    -1.6300    32.6420    1438.88  0.000e+00
     35.095   71.38148 -160.83978    -1.6292    32.6417    1438.88  0.000e+00
     35.095   71.38148 -160.83978    -1.6290    32.6413    1438.88  0.000e+00
     35.134   71.38148 -160.83978    -1.6287    32.6406    1438.88  0.000e+00
     35.095   71.38148 -160.83978    -1.6289    32.6402    1438.88  0.000e+00
     35.134   71.38148 -160.83978    -1.6298    32.6406    1438.88  0.000e+00
     35.149   71.38148 -160.83978    -1.6313    32.6415    1438.87  0.000e+00
     35.149   71.38148 -160.83978    -1.6327    32.6425    1438.87  0.000e+00
     35.196   71.38148 -160.83978    -1.6333    32.6427    1438.87  0.000e+00
     35.203   71.38148 -160.83978    -1.6338    32.6435    1438.86  0.000e+00
     35.203   71.38148 -160.83978    -1.6345    32.6441    1438.86  0.000e+00
     35.250   71.38148 -160.83978    -1.6352    32.6447    1438.86  0.000e+00
     35.265   71.38148 -160.83978    -1.6354    32.6450    1438.86  0.000e+00
     35.250   71.38148 -160.83978    -1.6360    32.6458    1438.86  0.000e+00
     35.319   71.38148 -160.83978    -1.6360    32.6459    1438.86  0.000e+00
     35.319   71.38148 -160.83978    -1.6365    32.6461    1438.86  0.000e+00
     35.311   71.38148 -160.83978    -1.6369    32.6467    1438.86  0.000e+00
     35.381   71.38148 -160.83978    -1.6369    32.6467    1438.86  0.000e+00
     35.381   71.38148 -160.83978    -1.6371    32.6471    1438.86  0.000e+00
     35.365   71.38148 -160.83978    -1.6374    32.6476    1438.85  0.000e+00
     35.435   71.38148 -160.83978    -1.6376    32.6481    1438.86  0.000e+00
     35.365   71.38148 -160.83978    -1.6377    32.6483    1438.85  0.000e+00
     35.497   71.38148 -160.83978    -1.6376    32.6483    1438.86  0.000e+00
     35.435   71.38148 -160.83978    -1.6376    32.6479    1438.86  0.000e+00
     35.481   71.38148 -160.83978    -1.6379    32.6487    1438.86  0.000e+00
     35.497   71.38148 -160.83978    -1.6379    32.6486    1438.86  0.000e+00
     35.551   71.38148 -160.83978    -1.6383    32.6490    1438.86  0.000e+00
     35.535   71.38148 -160.83978    -1.6383    32.6489    1438.85  0.000e+00
     35.551   71.38148 -160.83978    -1.6385    32.6492    1438.85  0.000e+00
     35.551   71.38148 -160.83978    -1.6386    32.6499    1438.86  0.000e+00
     35.597   71.38148 -160.83978    -1.6385    32.6494    1438.86  0.000e+00
     35.605   71.38148 -160.83978    -1.6386    32.6494    1438.86  0.000e+00
     35.651   71.38148 -160.83978    -1.6388    32.6497    1438.86  0.000e+00
     35.605   71.38148 -160.83978    -1.6388    32.6500    1438.86  0.000e+00
     35.666   71.38148 -160.83978    -1.6391    32.6502    1438.86  0.000e+00
     35.651   71.38148 -160.83978    -1.6393    32.6503    1438.85  0.000e+00
     35.720   71.38148 -160.83978    -1.6394    32.6507    1438.86  0.000e+00
     35.782   71.38148 -160.83978    -1.6393    32.6503    1438.86  0.000e+00
     35.713   71.38148 -160.83978    -1.6393    32.6507    1438.86  0.000e+00
     35.782   71.38148 -160.83978    -1.6391    32.6505    1438.86  0.000e+00
     35.782   71.38148 -160.83978    -1.6394    32.6510    1438.86  0.000e+00
     35.828   71.38148 -160.83978    -1.6394    32.6508    1438.86  0.000e+00
     35.782   71.38148 -160.83978    -1.6394    32.6503    1438.86  0.000e+00
     35.836   71.38148 -160.83978    -1.6397    32.6507    1438.86  0.000e+00
     35.828   71.38148 -160.83978    -1.6395    32.6510    1438.86  0.000e+00
     35.890   71.38148 -160.83978    -1.6398    32.6514    1438.86  0.000e+00
     35.828   71.38148 -160.83978    -1.6397    32.6512    1438.86  0.000e+00
     35.890   71.38148 -160.83978    -1.6397    32.6514    1438.86  0.000e+00
     35.890   71.38148 -160.83978    -1.6398    32.6517    1438.86  0.000e+00
     35.882   71.38148 -160.83978    -1.6400    32.6514    1438.86  0.000e+00
     35.890   71.38148 -160.83978    -1.6402    32.6518    1438.86  0.000e+00
     35.890   71.38148 -160.83978    -1.6400    32.6520    1438.86  0.000e+00
     35.936   71.38148 -160.83978    -1.6402    32.6523    1438.86  0.000e+00
     35.952   71.38148 -160.83978    -1.6400    32.6522    1438.86  0.000e+00
     35.952   71.38148 -160.83978    -1.6403    32.6522    1438.86  0.000e+00
     35.998   71.38148 -160.83978    -1.6402    32.6522    1438.86  0.000e+00
     35.952   71.38148 -160.83978    -1.6403    32.6525    1438.86  0.000e+00
     35.936   71.38148 -160.83978    -1.6405    32.6525    1438.86  0.000e+00
     36.067   71.38148 -160.83978    -1.6403    32.6521    1438.86  0.000e+00
     36.006   71.38148 -160.83978    -1.6405    32.6525    1438.86  0.000e+00
     35.998   71.38148 -160.83978    -1.6406    32.6527    1438.86  0.000e+00
     36.067   71.38148 -160.83978    -1.6403    32.6523    1438.86  0.000e+00
     36.006   71.38148 -160.83978    -1.6405    32.6528    1438.86  0.000e+00
     36.052   71.38148 -160.83978    -1.6403    32.6527    1438.86  0.000e+00
     36.006   71.38148 -160.83978    -1.6403    32.6528    1438.86  0.000e+00
     36.067   71.38148 -160.83978    -1.6400    32.6528    1438.86  0.000e+00
     36.052   71.38148 -160.83978    -1.6397    32.6528    1438.86  0.000e+00
     36.067   71.38148 -160.83978    -1.6388    32.6520    1438.87  0.000e+00
     36.067   71.38148 -160.83978    -1.6380    32.6511    1438.87  0.000e+00
     36.052   71.38148 -160.83978    -1.6374    32.6510    1438.87  0.000e+00
     36.067   71.38148 -160.83978    -1.6369    32.6501    1438.87  0.000e+00
     36.121   71.38148 -160.83978    -1.6364    32.6500    1438.88  0.000e+00
     36.052   71.38148 -160.83978    -1.6357    32.6492    1438.88  0.000e+00
     36.121   71.38148 -160.83978    -1.6359    32.6495    1438.88  0.000e+00
     36.114   71.38148 -160.83978    -1.6360    32.6491    1438.88  0.000e+00
     36.067   71.38148 -160.83978    -1.6359    32.6492    1438.88  0.000e+00
     36.121   71.38148 -160.83978    -1.6357    32.6491    1438.88  0.000e+00
     36.114   71.38148 -160.83978    -1.6356    32.6487    1438.88  0.000e+00
     36.067   71.38148 -160.83978    -1.6352    32.6485    1438.88  0.000e+00
     36.121   71.38148 -160.83978    -1.6353    32.6488    1438.88  0.000e+00
     36.114   71.38148 -160.83978    -1.6347    32.6480    1438.88  0.000e+00
     36.121   71.38148 -160.83978    -1.6342    32.6475    1438.88  0.000e+00
     36.121   71.38148 -160.83978    -1.6339    32.6469    1438.88  0.000e+00
     36.114   71.38148 -160.83978    -1.6339    32.6465    1438.88  0.000e+00
     36.121   71.38148 -160.83978    -1.6339    32.6460    1438.88  0.000e+00
     36.121   71.38148 -160.83978    -1.6338    32.6452    1438.88  0.000e+00
     36.114   71.38148 -160.83978    -1.6338    32.6451    1438.88  0.000e+00
     36.067   71.38148 -160.83978    -1.6341    32.6455    1438.88  0.000e+00
     36.121   71.38148 -160.83978    -1.6336    32.6446    1438.88  0.000e+00
     36.114   71.38148 -160.83978    -1.6338    32.6446    1438.88  0.000e+00
     36.121   71.38148 -160.83978    -1.6338    32.6446    1438.88  0.000e+00
     36.114   71.38148 -160.83978    -1.6336    32.6440    1438.88  0.000e+00
     36.121   71.38148 -160.83978    -1.6339    32.6442    1438.88  0.000e+00
     36.067   71.38148 -160.83978    -1.6338    32.6437    1438.88  0.000e+00
     36.168   71.38148 -160.83978    -1.6339    32.6433    1438.88  0.000e+00
     36.121   71.38148 -160.83978    -1.6341    32.6434    1438.88  0.000e+00
     36.121   71.38148 -160.83978    -1.6341    32.6432    1438.88  0.000e+00
     36.114   71.38148 -160.83978    -1.6341    32.6434    1438.88  0.000e+00
     36.121   71.38148 -160.83978    -1.6342    32.6437    1438.88  0.000e+00
     36.183   71.38148 -160.83978    -1.6341    32.6433    1438.88  0.000e+00
     36.114   71.38148 -160.83978    -1.6342    32.6430    1438.88  0.000e+00
