EcoFOCI/data/1_SampleCollection/2023_SikuliaqDBO_CruiseData/CTD_raw_BottleFile_SKQ23-12S/proc/skq202312s_034.ros
* Sea-Bird SBE 9 Data File:
* FileName = D:\CTD\SKQ202312S\SKQ202312S_034.hex
* Software Version Seasave V 7.26.7.121
* Temperature SN = 6177
* Conductivity SN = 0369
* Number of Bytes Per Scan = 41
* Number of Voltage Words = 4
* Number of Scans Averaged by the Deck Unit = 1
* NMEA Latitude = 71 37.15 N
* NMEA Longitude = 157 55.43 W
* NMEA UTC (Time) = Sep 21 2023  16:36:56
* NMEA baud rate = 4800
** Ship: R/V Sikuliaq
** Station Number: 034
** Station Name: DBO5.10
** Bottom Depth: 62
** Operator: SD
# nquan = 22
# nvalues = 1029                                  
# units = specified
# name 0 = depSM: Depth [salt water, m]
# name 1 = latitude: Latitude [deg]
# name 2 = longitude: Longitude [deg]
# name 3 = prDM: Pressure, Digiquartz [db]
# name 4 = t090C: Temperature [ITS-90, deg C]
# name 5 = t190C: Temperature, 2 [ITS-90, deg C]
# name 6 = potemp090C: Potential Temperature [ITS-90, deg C]
# name 7 = sal00: Salinity, Practical [PSU]
# name 8 = sal11: Salinity, Practical, 2 [PSU]
# name 9 = density00: Density [density, kg/m^3]
# name 10 = sigma-é00: Density [sigma-theta, kg/m^3]
# name 11 = sbox0Mm/Kg: Oxygen, SBE 43 [umol/kg]
# name 12 = sbox1Mm/Kg: Oxygen, SBE 43, 2 [umol/kg]
# name 13 = oxsolMm/Kg: Oxygen Saturation, Garcia & Gordon [umol/kg]
# name 14 = sbeox0PS: Oxygen, SBE 43 [% saturation]
# name 15 = v0: Voltage 0
# name 16 = flECO-AFL: Fluorescence, WET Labs ECO-AFL/FL [mg/m^3]
# name 17 = CStarAt0: Beam Attenuation, WET Labs C-Star [1/m]
# name 18 = par: PAR/Irradiance, Biospherical/Licor
# name 19 = scan: Scan Count
# name 20 = nbf: Bottles Fired
# name 21 = flag:  0.000e+00
# interval = seconds: 0.0416667
# start_time = Sep 21 2023 16:38:35 [NMEA time, first data scan]
# bad_flag = -9.990e-29
*END*
[from data line 264]
     40.864   71.61912 -157.92422     41.290    -1.5392    -1.5374    -1.5399    32.6320    32.6444  1026.4490    26.2497    303.102    287.402  369.23106     82.090     0.0757     0.1062     0.5094 1.6099e-01      13119          6  0.000e+00
     40.802   71.61912 -157.92422     41.228    -1.5390    -1.5374    -1.5398    32.6314    32.6446  1026.4483    26.2492    303.095    287.622  369.23103     82.088     0.0757     0.1062     0.5094 1.5943e-01      13120          6  0.000e+00
     40.795   71.61912 -157.92422     41.220    -1.5389    -1.5374    -1.5397    32.6305    32.6445  1026.4475    26.2484    303.144    287.649  369.23315     82.101     0.0745     0.0989     0.5094 1.5324e-01      13121          6  0.000e+00
     40.802   71.61912 -157.92422     41.228    -1.5390    -1.5376    -1.5398    32.6302    32.6445  1026.4472    26.2482    303.144    287.645  369.23468     82.100     0.0745     0.0989     0.5082 1.5020e-01      13122          6  0.000e+00
     40.802   71.61912 -157.92422     41.228    -1.5390    -1.5374    -1.5398    32.6300    32.6436  1026.4471    26.2481    303.142    287.673  369.23506     82.100     0.0733     0.0916     0.5094 1.5096e-01      13123          6  0.000e+00
     40.748   71.61912 -157.92422     41.173    -1.5390    -1.5376    -1.5398    32.6296    32.6443  1026.4465    26.2477    303.190    287.701  369.23635     82.113     0.0745     0.0989     0.5094 1.5324e-01      13124          6  0.000e+00
     40.741   71.61912 -157.92422     41.165    -1.5390    -1.5376    -1.5398    32.6298    32.6447  1026.4466    26.2479    303.086    287.731  369.23583     82.085     0.0757     0.1062     0.5082 1.5401e-01      13125          6  0.000e+00
     40.748   71.61912 -157.92422     41.173    -1.5388    -1.5376    -1.5396    32.6293    32.6448  1026.4463    26.2475    303.030    287.763  369.23531     82.070     0.0733     0.0916     0.5094 1.5478e-01      13126          6  0.000e+00
     40.748   71.61912 -157.92422     41.173    -1.5387    -1.5377    -1.5395    32.6295    32.6450  1026.4465    26.2477    302.971    287.763  369.23365     82.054     0.0745     0.0989     0.5082 1.5865e-01      13127          6  0.000e+00
     40.741   71.61912 -157.92422     41.165    -1.5387    -1.5380    -1.5395    32.6298    32.6450  1026.4467    26.2479    302.754    287.766  369.23275     81.995     0.0745     0.0989     0.5094 1.6099e-01      13128          6  0.000e+00
     40.687   71.61912 -157.92422     41.111    -1.5389    -1.5380    -1.5396    32.6291    32.6450  1026.4458    26.2473    302.960    287.797  369.23672     82.050     0.0745     0.0989     0.5082 1.6021e-01      13129          6  0.000e+00
     40.687   71.61912 -157.92422     41.111    -1.5387    -1.5380    -1.5394    32.6290    32.6446  1026.4458    26.2473    302.695    287.800  369.23453     81.979     0.0733     0.0916     0.5082 1.5401e-01      13130          6  0.000e+00
     40.633   71.61912 -157.92422     41.056    -1.5389    -1.5381    -1.5396    32.6300    32.6451  1026.4463    26.2481    302.693    287.569  369.23385     81.979     0.0745     0.0989     0.5094 1.4945e-01      13131          6  0.000e+00
     40.679   71.61912 -157.92422     41.103    -1.5389    -1.5383    -1.5396    32.6306    32.6452  1026.4470    26.2486    302.646    287.543  369.23217     81.966     0.0745     0.0989     0.5094 1.4870e-01      13132          6  0.000e+00
     40.571   71.61912 -157.92422     40.994    -1.5390    -1.5384    -1.5398    32.6302    32.6457  1026.4462    26.2482    302.598    287.740  369.23452     81.953     0.0733     0.0916     0.5082 1.5096e-01      13133          6  0.000e+00
     40.633   71.61912 -157.92422     41.056    -1.5388    -1.5383    -1.5396    32.6298    32.6448  1026.4462    26.2479    302.867    287.747  369.23384     82.026     0.0745     0.0989     0.5082 1.5324e-01      13134          6  0.000e+00
     40.563   71.61912 -157.92422     40.986    -1.5390    -1.5386    -1.5398    32.6297    32.6447  1026.4457    26.2478    302.615    287.752  369.23602     81.957     0.0733     0.0916     0.5094 1.5401e-01      13135          6  0.000e+00
     40.571   71.61912 -157.92422     40.994    -1.5392    -1.5386    -1.5399    32.6301    32.6446  1026.4460    26.2481    302.577    287.756  369.23670     81.947     0.0745     0.0989     0.5082 1.5555e-01      13136          6  0.000e+00
     40.517   71.61912 -157.92422     40.939    -1.5392    -1.5390    -1.5399    32.6301    32.6449  1026.4458    26.2481    302.538    287.761  369.23660     81.936     0.0733     0.0916     0.5094 1.5943e-01      13137          6  0.000e+00
     40.563   71.61912 -157.92422     40.986    -1.5393    -1.5390    -1.5400    32.6304    32.6446  1026.4462    26.2484    302.764    287.735  369.23696     81.997     0.0733     0.0916     0.5094 1.6021e-01      13138          6  0.000e+00
     40.517   71.61912 -157.92422     40.939    -1.5393    -1.5390    -1.5400    32.6301    32.6449  1026.4458    26.2482    302.777    287.701  369.23763     82.001     0.0757     0.1062     0.5082 1.6021e-01      13139          6  0.000e+00
     40.517   71.61912 -157.92422     40.939    -1.5396    -1.5389    -1.5404    32.6309    32.6450  1026.4465    26.2488    302.534    287.701  369.23871     81.935     0.0733     0.0916     0.5082 1.6099e-01      13140          6  0.000e+00
     40.463   71.61912 -157.92422     40.885    -1.5396    -1.5393    -1.5404    32.6306    32.6454  1026.4460    26.2486    302.500    287.507  369.23962     81.925     0.0745     0.0989     0.5082 1.6178e-01      13141          6  0.000e+00
     40.448   71.61912 -157.92422     40.869    -1.5396    -1.5392    -1.5404    32.6303    32.6454  1026.4457    26.2483    302.469    287.478  369.24047     81.916     0.0733     0.0916     0.5082 1.6099e-01      13142          6  0.000e+00
     40.463   71.61912 -157.92422     40.885    -1.5397    -1.5395    -1.5404    32.6304    32.6459  1026.4458    26.2484    302.441    287.682  369.24089     81.909     0.0745     0.0989     0.5094 1.5943e-01      13143          6  0.000e+00
     40.401   71.61912 -157.92422     40.822    -1.5402    -1.5394    -1.5410    32.6309    32.6455  1026.4459    26.2488    302.415    287.685  369.24466     81.901     0.0757     0.1062     0.5094 1.5865e-01      13144          6  0.000e+00
     40.394   71.61912 -157.92422     40.815    -1.5401    -1.5397    -1.5408    32.6300    32.6452  1026.4451    26.2481    302.391    287.693  369.24613     81.894     0.0733     0.0916     0.5094 1.6021e-01      13145          6  0.000e+00
     40.347   71.61912 -157.92422     40.768    -1.5406    -1.5398    -1.5413    32.6302    32.6447  1026.4451    26.2483    302.370    287.700  369.24992     81.888     0.0745     0.0989     0.5082 1.7386e-01      13146          6  0.000e+00
     40.401   71.61912 -157.92422     40.822    -1.5406    -1.5403    -1.5413    32.6301    32.6449  1026.4453    26.2482    302.352    287.940  369.25040     81.883     0.0733     0.0916     0.5082 1.7967e-01      13147          6  0.000e+00
     40.286   71.61912 -157.92422     40.706    -1.5406    -1.5406    -1.5414    32.6298    32.6448  1026.4445    26.2480    302.433    287.779  369.25171     81.904     0.0733     0.0916     0.5082 1.7967e-01      13148          6  0.000e+00
     40.517   71.61912 -157.92422     40.939    -1.5373    -1.5395    -1.5381    32.6242    32.6447  1026.4410    26.2433    303.976    288.488  369.23533     82.326     0.0757     0.1062     0.5070 1.7386e-01      13269          7  0.000e+00
     40.517   71.61912 -157.92422     40.939    -1.5373    -1.5395    -1.5381    32.6238    32.6444  1026.4406    26.2430    303.780    288.701  369.23659     82.272     0.0745     0.0989     0.5070 1.7386e-01      13270          7  0.000e+00
     40.563   71.61912 -157.92422     40.986    -1.5372    -1.5394    -1.5379    32.6237    32.6444  1026.4408    26.2429    303.789    288.714  369.23525     82.275     0.0745     0.0989     0.5070 1.7222e-01      13271          7  0.000e+00
     40.517   71.61912 -157.92422     40.939    -1.5372    -1.5397    -1.5379    32.6241    32.6446  1026.4409    26.2432    303.790    288.723  369.23404     82.276     0.0733     0.0916     0.5070 1.7059e-01      13272          7  0.000e+00
     40.517   71.61912 -157.92422     40.939    -1.5373    -1.5394    -1.5381    32.6245    32.6446  1026.4412    26.2436    303.790    288.724  369.23445     82.276     0.0757     0.1062     0.5070 1.6978e-01      13273          7  0.000e+00
     40.563   71.61912 -157.92422     40.986    -1.5373    -1.5394    -1.5381    32.6248    32.6451  1026.4417    26.2438    303.839    288.725  369.23353     82.289     0.0757     0.1062     0.5070 1.6978e-01      13274          7  0.000e+00
     40.517   71.61912 -157.92422     40.939    -1.5374    -1.5394    -1.5382    32.6256    32.6458  1026.4422    26.2445    303.830    288.752  369.23234     82.287     0.0769     0.1135     0.5058 1.6897e-01      13275          7  0.000e+00
     40.517   71.61912 -157.92422     40.939    -1.5376    -1.5394    -1.5384    32.6262    32.6452  1026.4426    26.2450    303.820    288.779  369.23237     82.284     0.0781     0.1209     0.5070 1.6897e-01      13276          7  0.000e+00
     40.571   71.61912 -157.92422     40.994    -1.5378    -1.5394    -1.5385    32.6263    32.6454  1026.4430    26.2451    303.809    288.805  369.23376     82.281     0.0769     0.1135     0.5070 1.6897e-01      13277          7  0.000e+00
     40.509   71.61912 -157.92422     40.932    -1.5381    -1.5392    -1.5388    32.6268    32.6453  1026.4430    26.2454    303.790    288.822  369.23535     82.275     0.0769     0.1135     0.5058 1.6816e-01      13278          7  0.000e+00
     40.517   71.61912 -157.92422     40.939    -1.5384    -1.5390    -1.5392    32.6273    32.6449  1026.4435    26.2459    304.028    288.841  369.23720     82.340     0.0757     0.1062     0.5070 1.6816e-01      13279          7  0.000e+00
     40.517   71.61912 -157.92422     40.939    -1.5385    -1.5390    -1.5392    32.6271    32.6450  1026.4433    26.2457    304.102    288.823  369.23847     82.359     0.0769     0.1135     0.5070 1.6897e-01      13280          7  0.000e+00
     40.563   71.61912 -157.92422     40.986    -1.5385    -1.5389    -1.5393    32.6274    32.6448  1026.4438    26.2460    304.120    288.803  369.23806     82.364     0.0757     0.1062     0.5070 1.6897e-01      13281          7  0.000e+00
     40.517   71.61912 -157.92422     40.939    -1.5387    -1.5389    -1.5395    32.6275    32.6447  1026.4437    26.2460    304.130    288.776  369.23965     82.367     0.0769     0.1135     0.5070 1.6978e-01      13282          7  0.000e+00
     40.517   71.61912 -157.92422     40.939    -1.5384    -1.5390    -1.5392    32.6267    32.6450  1026.4430    26.2454    304.133    288.976  369.23896     82.368     0.0781     0.1209     0.5070 1.6978e-01      13283          7  0.000e+00
     40.509   71.61912 -157.92422     40.932    -1.5384    -1.5392    -1.5391    32.6266    32.6447  1026.4429    26.2453    304.131    288.780  369.23881     82.367     0.0757     0.1062     0.5070 1.6655e-01      13284          7  0.000e+00
     40.463   71.61912 -157.92422     40.885    -1.5385    -1.5390    -1.5393    32.6267    32.6445  1026.4427    26.2453    304.174    288.773  369.24027     82.378     0.0769     0.1135     0.5070 1.6495e-01      13285          7  0.000e+00
     40.571   71.61912 -157.92422     40.994    -1.5384    -1.5390    -1.5392    32.6263    32.6441  1026.4430    26.2451    304.165    288.771  369.24006     82.376     0.0757     0.1062     0.5070 1.6495e-01      13286          7  0.000e+00
     40.517   71.61912 -157.92422     40.939    -1.5387    -1.5394    -1.5395    32.6263    32.6440  1026.4427    26.2450    304.199    288.763  369.24305     82.385     0.0769     0.1135     0.5070 1.6575e-01      13287          7  0.000e+00
     40.509   71.61912 -157.92422     40.932    -1.5384    -1.5390    -1.5391    32.6259    32.6430  1026.4424    26.2447    304.225    288.750  369.24069     82.392     0.0757     0.1062     0.5070 1.6735e-01      13288          7  0.000e+00
     40.463   71.61912 -157.92422     40.885    -1.5380    -1.5394    -1.5387    32.6256    32.6431  1026.4418    26.2444    304.193    288.736  369.23776     82.384     0.0769     0.1135     0.5070 1.6735e-01      13289          7  0.000e+00
     40.517   71.61912 -157.92422     40.939    -1.5380    -1.5394    -1.5387    32.6254    32.6432  1026.4420    26.2443    304.215    288.721  369.23823     82.390     0.0769     0.1135     0.5070 1.6495e-01      13290          7  0.000e+00
     40.509   71.61912 -157.92422     40.932    -1.5381    -1.5394    -1.5388    32.6256    32.6424  1026.4421    26.2445    304.229    288.932  369.23875     82.394     0.0769     0.1135     0.5070 1.6257e-01      13291          7  0.000e+00
     40.517   71.61912 -157.92422     40.939    -1.5380    -1.5395    -1.5387    32.6260    32.6422  1026.4424    26.2447    304.238    288.941  369.23660     82.397     0.0769     0.1135     0.5070 1.6257e-01      13292          7  0.000e+00
     40.463   71.61912 -157.92422     40.885    -1.5382    -1.5394    -1.5389    32.6261    32.6421  1026.4423    26.2448    304.244    288.943  369.23856     82.398     0.0757     0.1062     0.5070 1.6099e-01      13293          7  0.000e+00
     40.517   71.61912 -157.92422     40.939    -1.5381    -1.5394    -1.5388    32.6261    32.6421  1026.4426    26.2449    303.988    288.945  369.23725     82.329     0.0769     0.1135     0.5070 1.5943e-01      13294          7  0.000e+00
     40.509   71.61912 -157.92422     40.932    -1.5384    -1.5394    -1.5392    32.6259    32.6423  1026.4423    26.2447    304.201    288.710  369.24146     82.385     0.0781     0.1209     0.5070 1.5943e-01      13295          7  0.000e+00
     40.517   71.61912 -157.92422     40.939    -1.5381    -1.5390    -1.5388    32.6257    32.6411  1026.4422    26.2446    304.143    288.671  369.23838     82.370     0.0769     0.1135     0.5058 1.6178e-01      13296          7  0.000e+00
     40.463   71.61912 -157.92422     40.885    -1.5382    -1.5390    -1.5389    32.6255    32.6415  1026.4418    26.2444    304.132    288.856  369.24032     82.367     0.0781     0.1209     0.5070 1.6495e-01      13297          7  0.000e+00
     40.509   71.61912 -157.92422     40.932    -1.5381    -1.5390    -1.5388    32.6250    32.6417  1026.4416    26.2439    304.119    288.615  369.24063     82.363     0.0757     0.1062     0.5070 1.6655e-01      13298          7  0.000e+00
     40.463   71.61912 -157.92422     40.885    -1.5381    -1.5394    -1.5388    32.6253    32.6421  1026.4416    26.2442    304.098    288.568  369.23967     82.358     0.0757     0.1062     0.5070 1.6816e-01      13299          7  0.000e+00
     40.517   71.61912 -157.92422     40.939    -1.5381    -1.5392    -1.5388    32.6253    32.6419  1026.4419    26.2442    304.078    288.517  369.23977     82.352     0.0757     0.1062     0.5070 1.7304e-01      13300          7  0.000e+00
     40.509   71.61912 -157.92422     40.932    -1.5379    -1.5392    -1.5387    32.6249    32.6418  1026.4415    26.2439    304.050    288.464  369.23909     82.345     0.0757     0.1062     0.5070 1.7551e-01      13301          7  0.000e+00
     40.463   71.61912 -157.92422     40.885    -1.5380    -1.5389    -1.5387    32.6247    32.6418  1026.4412    26.2438    304.018    288.437  369.24015     82.336     0.0769     0.1135     0.5070 1.7386e-01      13302          7  0.000e+00
     40.517   71.61912 -157.92422     40.939    -1.5378    -1.5392    -1.5385    32.6246    32.6418  1026.4413    26.2436    303.983    288.417  369.23883     82.327     0.0757     0.1062     0.5070 1.6655e-01      13303          7  0.000e+00
