EcoFOCI/data/1_SampleCollection/2023_SikuliaqDBO_CruiseData/CTD_raw_BottleFile_SKQ23-12S/proc/skq202312s_047.cnv
* Sea-Bird SBE 9 Data File:
* FileName = D:\CTD\SKQ202312S\SKQ202312S_047.hex
* Software Version Seasave V 7.26.7.121
* Temperature SN = 6177
* Conductivity SN = 0369
* Number of Bytes Per Scan = 41
* Number of Voltage Words = 4
* Number of Scans Averaged by the Deck Unit = 1
* NMEA Latitude = 71 43.16 N
* NMEA Longitude = 161 46.33 W
* NMEA UTC (Time) = Sep 25 2023  03:05:57
* NMEA baud rate = 4800
** Ship: R/V Sikuliaq
** Station Number: 047
** Station Name: DBO4.5n
** Bottom Depth: 44
** Operator: SS
# nquan = 24
# nvalues = 4426                                  
# units = specified
# name 0 = depSM: Depth [salt water, m]
# name 1 = latitude: Latitude [deg]
# name 2 = longitude: Longitude [deg]
# name 3 = prDM: Pressure, Digiquartz [db]
# name 4 = t090C: Temperature [ITS-90, deg C]
# name 5 = t190C: Temperature, 2 [ITS-90, deg C]
# name 6 = potemp090C: Potential Temperature [ITS-90, deg C]
# name 7 = sal00: Salinity, Practical [PSU]
# name 8 = sal11: Salinity, Practical, 2 [PSU]
# name 9 = density00: Density [density, kg/m^3]
# name 10 = sigma-é00: Density [sigma-theta, kg/m^3]
# name 11 = sbox0Mm/Kg: Oxygen, SBE 43 [umol/kg]
# name 12 = sbox1Mm/Kg: Oxygen, SBE 43, 2 [umol/kg]
# name 13 = oxsolMm/Kg: Oxygen Saturation, Garcia & Gordon [umol/kg]
# name 14 = sbeox0PS: Oxygen, SBE 43 [% saturation]
# name 15 = sbeox1PS: Oxygen, SBE 43, 2 [% saturation]
# name 16 = v0: Voltage 0
# name 17 = flECO-AFL: Fluorescence, WET Labs ECO-AFL/FL [mg/m^3]
# name 18 = v1: Voltage 1
# name 19 = CStarAt0: Beam Attenuation, WET Labs C-Star [1/m]
# name 20 = par: PAR/Irradiance, Biospherical/Licor
# name 21 = scan: Scan Count
# name 22 = timeM: Time, Elapsed [minutes]
# name 23 = flag:  0.000e+00
# span 0 =      2.553,     37.926                 
# span 1 =   71.71928,   71.71930                 
# span 2 = -161.77234, -161.77228                 
# span 3 =      2.579,     38.322                 
# span 4 =    -0.7205,     2.3194                 
# span 5 =    -0.7210,     2.3200                 
# span 6 =    -0.7210,     2.3189                 
# span 7 =    27.6069,    32.6544                 
# span 8 =    27.6335,    32.6662                 
# span 9 =  1022.0875,  1026.4219                 
# span 10 =    22.0579,    26.2392                
# span 11 =    288.827,    473.490                
# span 12 =    274.424,    447.819                
# span 13 =  345.07783,  361.78480                
# span 14 =     80.082,    130.885                
# span 15 =     76.082,    123.792                
# span 16 =     0.0952,     0.4554                
# span 17 =     0.2234,     2.3846                
# span 18 =     2.8278,     4.1722                
# span 19 =     0.4871,     2.0433                
# span 20 = 3.9846e-02, 3.9281e+01                
# span 21 =          1,       4426                
# span 22 =     0.0000,     3.0729                
# span 23 = 0.0000e+00, 0.0000e+00                
# interval = seconds: 0.0416667
# start_time = Sep 25 2023 03:09:44 [NMEA time, first data scan]
# bad_flag = -9.990e-29
*END*
[from data line 3502]
     33.807   71.71928 -161.77232     34.159    -0.6325    -0.6365    -0.6333    32.6475    32.6594  1026.3980    26.2340    293.489    278.796  360.34383     81.447     77.368     0.1111     0.3187     3.0281     1.7695 2.3053e-01       3503     2.4319  0.000e+00
     33.792   71.71928 -161.77232     34.144    -0.6322    -0.6363    -0.6331    32.6480    32.6585  1026.3982    26.2343    293.439    278.779  360.33992     81.434     77.364     0.1111     0.3187     3.0281     1.7695 2.3250e-01       3504     2.4326  0.000e+00
     33.807   71.71928 -161.77232     34.159    -0.6314    -0.6369    -0.6323    32.6476    32.6585  1026.3980    26.2340    293.384    278.766  360.33383     81.420     77.359     0.1123     0.3260     3.0281     1.7695 2.3250e-01       3505     2.4333  0.000e+00
     33.792   71.71928 -161.77232     34.144    -0.6313    -0.6372    -0.6322    32.6478    32.6587  1026.3981    26.2342    293.375    278.747  360.33174     81.418     77.353     0.1111     0.3187     3.0281     1.7695 2.3250e-01       3506     2.4340  0.000e+00
     33.746   71.71928 -161.77232     34.097    -0.6309    -0.6376    -0.6318    32.6470    32.6589  1026.3972    26.2335    293.316    278.724  360.33065     81.402     77.346     0.1123     0.3260     3.0281     1.7695 2.3250e-01       3507     2.4347  0.000e+00
     33.746   71.71928 -161.77232     34.097    -0.6306    -0.6378    -0.6315    32.6460    32.6587  1026.3963    26.2327    293.305    278.700  360.33096     81.399     77.339     0.1111     0.3187     3.0293     1.7679 2.3250e-01       3508     2.4354  0.000e+00
     33.792   71.71928 -161.77232     34.144    -0.6306    -0.6381    -0.6315    32.6455    32.6582  1026.3961    26.2323    293.246    278.899  360.33236     81.382     77.393     0.1123     0.3260     3.0330     1.7631 2.3250e-01       3509     2.4361  0.000e+00
     33.746   71.71928 -161.77232     34.097    -0.6308    -0.6391    -0.6317    32.6456    32.6590  1026.3961    26.2324    293.228    278.901  360.33351     81.377     77.392     0.1111     0.3187     3.0342     1.7615 2.3349e-01       3510     2.4368  0.000e+00
     33.746   71.71928 -161.77232     34.097    -0.6308    -0.6392    -0.6317    32.6456    32.6586  1026.3960    26.2324    293.161    278.927  360.33363     81.358     77.399     0.1123     0.3260     3.0354     1.7598 2.3250e-01       3511     2.4375  0.000e+00
     33.792   71.71928 -161.77232     34.144    -0.6311    -0.6392    -0.6320    32.6455    32.6586  1026.3962    26.2323    293.143    278.699  360.33664     81.352     77.335     0.1160     0.3480     3.0342     1.7615 2.3448e-01       3512     2.4382  0.000e+00
     33.746   71.71928 -161.77232     34.097    -0.6313    -0.6391    -0.6322    32.6456    32.6591  1026.3961    26.2324    293.366    278.876  360.33790     81.414     77.385     0.1197     0.3699     3.0342     1.7615 2.4150e-01       3513     2.4389  0.000e+00
     33.792   71.71928 -161.77232     34.144    -0.6314    -0.6389    -0.6323    32.6462    32.6594  1026.3968    26.2329    293.136    278.670  360.33728     81.350     77.328     0.1221     0.3846     3.0342     1.7615 2.4455e-01       3514     2.4396  0.000e+00
     33.746   71.71928 -161.77232     34.097    -0.6311    -0.6388    -0.6320    32.6458    32.6596  1026.3962    26.2325    293.351    278.621  360.33584     81.410     77.315     0.1221     0.3846     3.0342     1.7615 2.4455e-01       3515     2.4403  0.000e+00
     33.746   71.71928 -161.77232     34.097    -0.6314    -0.6387    -0.6323    32.6458    32.6599  1026.3962    26.2325    293.116    278.571  360.33913     81.345     77.302     0.1221     0.3846     3.0342     1.7615 2.4557e-01       3516     2.4410  0.000e+00
     33.738   71.71928 -161.77232     34.089    -0.6314    -0.6392    -0.6323    32.6452    32.6594  1026.3957    26.2321    293.080    278.525  360.34007     81.334     77.288     0.1209     0.3773     3.0342     1.7615 2.4557e-01       3517     2.4417  0.000e+00
     33.746   71.71928 -161.77232     34.097    -0.6319    -0.6399    -0.6328    32.6456    32.6596  1026.3960    26.2324    293.046    278.477  360.34400     81.324     77.273     0.1221     0.3846     3.0342     1.7615 2.4557e-01       3518     2.4424  0.000e+00
     33.738   71.71928 -161.77232     34.089    -0.6325    -0.6399    -0.6333    32.6461    32.6599  1026.3964    26.2328    293.009    278.452  360.34804     81.313     77.266     0.1209     0.3773     3.0342     1.7615 2.4353e-01       3519     2.4431  0.000e+00
     33.746   71.71928 -161.77232     34.097    -0.6326    -0.6393    -0.6335    32.6451    32.6600  1026.3957    26.2320    293.019    278.452  360.35240     81.315     77.267     0.1221     0.3846     3.0342     1.7615 2.4353e-01       3520     2.4438  0.000e+00
     33.746   71.71928 -161.77232     34.097    -0.6334    -0.6385    -0.6343    32.6451    32.6599  1026.3957    26.2321    293.234    278.198  360.35997     81.372     77.198     0.1221     0.3846     3.0342     1.7615 2.4353e-01       3521     2.4444  0.000e+00
     33.738   71.71928 -161.77232     34.089    -0.6337    -0.6381    -0.6346    32.6448    32.6602  1026.3955    26.2319    293.236    278.137  360.36337     81.372     77.183     0.1221     0.3846     3.0342     1.7615 2.4150e-01       3522     2.4451  0.000e+00
     33.746   71.71928 -161.77232     34.097    -0.6343    -0.6375    -0.6352    32.6447    32.6597  1026.3954    26.2318    292.990    278.077  360.36984     81.302     77.167     0.1221     0.3846     3.0342     1.7615 2.4049e-01       3523     2.4458  0.000e+00
     33.738   71.71928 -161.77232     34.089    -0.6344    -0.6369    -0.6353    32.6444    32.6590  1026.3952    26.2316    292.939    278.017  360.37165     81.288     77.151     0.1209     0.3773     3.0342     1.7615 2.4049e-01       3524     2.4465  0.000e+00
     33.746   71.71928 -161.77232     34.097    -0.6348    -0.6364    -0.6357    32.6449    32.6588  1026.3956    26.2319    292.888    278.179  360.37363     81.273     77.197     0.1221     0.3846     3.0342     1.7615 2.4150e-01       3525     2.4472  0.000e+00
     33.692   71.71928 -161.77232     34.042    -0.6355    -0.6363    -0.6364    32.6455    32.6587  1026.3959    26.2325    292.882    278.180  360.37821     81.271     77.197     0.1209     0.3773     3.0342     1.7615 2.4353e-01       3526     2.4479  0.000e+00
     33.738   71.71928 -161.77232     34.089    -0.6365    -0.6349    -0.6374    32.6464    32.6574  1026.3968    26.2332    292.884    278.176  360.38565     81.270     77.198     0.1221     0.3846     3.0342     1.7615 2.4353e-01       3527     2.4486  0.000e+00
     33.746   71.71928 -161.77232     34.097    -0.6366    -0.6339    -0.6375    32.6470    32.6567  1026.3974    26.2337    292.876    278.173  360.38496     81.268     77.199     0.1221     0.3846     3.0391     1.7550 2.4150e-01       3528     2.4493  0.000e+00
     33.692   71.71928 -161.77232     34.042    -0.6363    -0.6328    -0.6372    32.6474    32.6564  1026.3975    26.2341    292.767    278.135  360.38098     81.238     77.191     0.1209     0.3773     3.0672     1.7182 2.3747e-01       3529     2.4500  0.000e+00
     33.738   71.71928 -161.77232     34.089    -0.6360    -0.6322    -0.6369    32.6478    32.6566  1026.3980    26.2343    292.753    277.882  360.37680     81.235     77.122     0.1221     0.3846     3.0806     1.7007 2.3647e-01       3530     2.4507  0.000e+00
     33.746   71.71928 -161.77232     34.097    -0.6359    -0.6311    -0.6368    32.6484    32.6555  1026.3985    26.2349    292.740    277.847  360.37440     81.232     77.114     0.1209     0.3773     3.0818     1.6991 2.3647e-01       3531     2.4514  0.000e+00
     33.738   71.71928 -161.77232     34.089    -0.6351    -0.6311    -0.6360    32.6485    32.6563  1026.3985    26.2349    292.720    278.041  360.36597     81.229     77.168     0.1221     0.3846     3.0806     1.7007 2.3948e-01       3532     2.4521  0.000e+00
     33.692   71.71928 -161.77232     34.042    -0.6343    -0.6326    -0.6352    32.6482    32.6574  1026.3980    26.2346    292.701    278.053  360.35990     81.225     77.169     0.1221     0.3846     3.0794     1.7023 2.4150e-01       3533     2.4528  0.000e+00
     33.746   71.71928 -161.77232     34.097    -0.6339    -0.6350    -0.6348    32.6480    32.6589  1026.3981    26.2344    292.688    278.076  360.35608     81.222     77.171     0.1221     0.3846     3.0794     1.7023 2.4251e-01       3534     2.4535  0.000e+00
     33.738   71.71928 -161.77232     34.089    -0.6334    -0.6364    -0.6343    32.6478    32.6605  1026.3979    26.2342    292.672    277.867  360.35239     81.218     77.111     0.1209     0.3773     3.0794     1.7023 2.5177e-01       3535     2.4542  0.000e+00
     33.692   71.71928 -161.77232     34.042    -0.6339    -0.6372    -0.6348    32.6482    32.6604  1026.3980    26.2346    292.662    277.847  360.35550     81.215     77.104     0.1221     0.3846     3.0794     1.7023 2.5490e-01       3536     2.4549  0.000e+00
     33.738   71.71928 -161.77232     34.089    -0.6332    -0.6375    -0.6341    32.6473    32.6601  1026.3975    26.2339    292.649    278.019  360.35200     81.212     77.151     0.1221     0.3846     3.0794     1.7023 2.5490e-01       3537     2.4556  0.000e+00
     33.746   71.71928 -161.77232     34.097    -0.6328    -0.6366    -0.6337    32.6469    32.6593  1026.3972    26.2335    292.634    278.018  360.34883     81.209     77.152     0.1258     0.4066     3.0794     1.7023 2.4762e-01       3538     2.4562  0.000e+00
     33.692   71.71928 -161.77232     34.042    -0.6319    -0.6364    -0.6328    32.6467    32.6589  1026.3967    26.2333    292.910    277.799  360.34091     81.287     77.091     0.1294     0.4286     3.0794     1.7023 2.4353e-01       3539     2.4569  0.000e+00
     33.738   71.71928 -161.77232     34.089    -0.6313    -0.6372    -0.6322    32.6457    32.6597  1026.3961    26.2324    292.694    277.782  360.33777     81.228     77.086     0.1282     0.4212     3.0794     1.7023 2.4251e-01       3540     2.4576  0.000e+00
     33.746   71.71928 -161.77232     34.097    -0.6306    -0.6372    -0.6315    32.6453    32.6594  1026.3958    26.2321    292.678    277.760  360.33277     81.224     77.079     0.1294     0.4286     3.0794     1.7023 2.4353e-01       3541     2.4583  0.000e+00
     33.738   71.71928 -161.77232     34.089    -0.6304    -0.6355    -0.6312    32.6451    32.6576  1026.3956    26.2320    292.961    277.729  360.33067     81.303     77.073     0.1282     0.4212     3.0794     1.7023 2.4353e-01       3542     2.4590  0.000e+00
     33.692   71.71928 -161.77232     34.042    -0.6302    -0.6305    -0.6311    32.6452    32.6524  1026.3954    26.2320    292.743    277.897  360.32876     81.243     77.127     0.1294     0.4286     3.0794     1.7023 2.4353e-01       3543     2.4597  0.000e+00
     33.746   71.71928 -161.77232     34.097    -0.6300    -0.6260    -0.6309    32.6450    32.6478  1026.3955    26.2318    292.982    277.880  360.32775     81.310     77.129     0.1306     0.4359     3.0794     1.7023 2.4251e-01       3544     2.4604  0.000e+00
     33.738   71.71928 -161.77232     34.089    -0.6302    -0.6223    -0.6311    32.6453    32.6439  1026.3957    26.2321    293.015    277.866  360.32860     81.319     77.130     0.1282     0.4212     3.0794     1.7023 2.4150e-01       3545     2.4611  0.000e+00
     33.692   71.71928 -161.77234     34.042    -0.6302    -0.6208    -0.6311    32.6451    32.6429  1026.3953    26.2319    293.045    277.864  360.32912     81.327     77.132     0.1294     0.4286     3.0794     1.7023 2.4150e-01       3546     2.4618  0.000e+00
     33.746   71.71928 -161.77234     34.097    -0.6302    -0.6214    -0.6311    32.6453    32.6439  1026.3958    26.2321    292.826    277.658  360.32837     81.266     77.074     0.1294     0.4286     3.0794     1.7023 2.3948e-01       3547     2.4625  0.000e+00
     33.738   71.71928 -161.77234     34.089    -0.6300    -0.6214    -0.6309    32.6449    32.6442  1026.3954    26.2318    292.807    277.638  360.32797     81.261     77.069     0.1294     0.4286     3.0806     1.7007 2.3747e-01       3548     2.4632  0.000e+00
     33.746   71.71928 -161.77234     34.097    -0.6298    -0.6195    -0.6307    32.6445    32.6420  1026.3951    26.2315    292.790    277.610  360.32736     81.257     77.063     0.1282     0.4212     3.0989     1.6770 2.3847e-01       3549     2.4639  0.000e+00
     33.738   71.71928 -161.77234     34.089    -0.6296    -0.6179    -0.6304    32.6448    32.6404  1026.3953    26.2316    292.520    277.583  360.32406     81.182     77.058     0.1294     0.4286     3.1123     1.6597 2.3747e-01       3550     2.4646  0.000e+00
     33.692   71.71928 -161.77234     34.042    -0.6297    -0.6156    -0.6306    32.6450    32.6384  1026.3953    26.2319    292.707    277.773  360.32497     81.234     77.114     0.1282     0.4212     3.1136     1.6581 2.3647e-01       3551     2.4653  0.000e+00
     33.692   71.71928 -161.77234     34.042    -0.6294    -0.6142    -0.6303    32.6445    32.6370  1026.3948    26.2314    292.939    277.779  360.32312     81.299     77.118     0.1294     0.4286     3.1123     1.6597 2.3547e-01       3552     2.4660  0.000e+00
     33.854   71.71928 -161.77234     34.206    -0.6296    -0.6146    -0.6305    32.6447    32.6373  1026.3958    26.2316    292.726    277.802  360.32426     81.240     77.124     0.1294     0.4286     3.1123     1.6597 2.3647e-01       3553     2.4667  0.000e+00
     33.692   71.71928 -161.77234     34.042    -0.6296    -0.6151    -0.6304    32.6447    32.6385  1026.3950    26.2316    292.453    277.592  360.32422     81.164     77.065     0.1282     0.4212     3.1123     1.6597 2.3847e-01       3554     2.4674  0.000e+00
     33.738   71.71928 -161.77234     34.089    -0.6296    -0.6151    -0.6304    32.6446    32.6388  1026.3952    26.2315    292.643    277.579  360.32442     81.216     77.062     0.1294     0.4286     3.1111     1.6613 2.3948e-01       3555     2.4681  0.000e+00
     33.807   71.71928 -161.77234     34.159    -0.6291    -0.6147    -0.6300    32.6442    32.6384  1026.3952    26.2312    292.876    277.787  360.32123     81.282     77.120     0.1282     0.4212     3.1123     1.6597 2.3948e-01       3556     2.4688  0.000e+00
     33.692   71.71928 -161.77234     34.042    -0.6294    -0.6148    -0.6303    32.6443    32.6386  1026.3946    26.2312    292.654    277.801  360.32384     81.220     77.124     0.1294     0.4286     3.1123     1.6597 2.3948e-01       3557     2.4694  0.000e+00
     33.792   71.71928 -161.77234     34.144    -0.6298    -0.6151    -0.6307    32.6447    32.6395  1026.3955    26.2316    292.643    277.633  360.32684     81.216     77.077     0.1282     0.4212     3.1123     1.6597 2.3948e-01       3558     2.4701  0.000e+00
     33.746   71.71928 -161.77234     34.097    -0.6296    -0.6153    -0.6304    32.6446    32.6392  1026.3952    26.2315    292.622    277.876  360.32456     81.211     77.144     0.1294     0.4286     3.1123     1.6597 2.3847e-01       3559     2.4708  0.000e+00
     33.738   71.71928 -161.77234     34.089    -0.6293    -0.6149    -0.6302    32.6442    32.6387  1026.3948    26.2312    292.353    277.925  360.32294     81.136     77.158     0.1294     0.4286     3.1123     1.6597 2.3547e-01       3560     2.4715  0.000e+00
     33.746   71.71928 -161.77234     34.097    -0.6291    -0.6165    -0.6300    32.6439    32.6404  1026.3946    26.2309    292.541    277.737  360.32221     81.189     77.104     0.1294     0.4286     3.1123     1.6597 2.3448e-01       3561     2.4722  0.000e+00
     33.746   71.71928 -161.77234     34.097    -0.6289    -0.6184    -0.6298    32.6439    32.6422  1026.3946    26.2309    292.572    277.995  360.32062     81.198     77.173     0.1294     0.4286     3.1123     1.6597 2.3448e-01       3562     2.4729  0.000e+00
