EcoFOCI/data/1_SampleCollection/2023_SikuliaqDBO_CruiseData/CTD_raw_BottleFile_SKQ23-12S/proc/skq202312s_054.cnv
* Sea-Bird SBE 9 Data File:
* FileName = D:\CTD\SKQ202312S\SKQ202312S_054.hex
* Software Version Seasave V 7.26.7.121
* Temperature SN = 6177
* Conductivity SN = 0369
* Number of Bytes Per Scan = 41
* Number of Voltage Words = 4
* Number of Scans Averaged by the Deck Unit = 1
* NMEA Latitude = 70 58.30 N
* NMEA Longitude = 163 33.99 W
* NMEA UTC (Time) = Sep 27 2023  02:24:07
* NMEA baud rate = 4800
** Ship: R/V Sikuliaq
** Station Number: 054
** Station Name: IC8
** Bottom Depth: 45
** Operator: SD
# nquan = 24
# nvalues = 6945                                  
# units = specified
# name 0 = depSM: Depth [salt water, m]
# name 1 = latitude: Latitude [deg]
# name 2 = longitude: Longitude [deg]
# name 3 = prDM: Pressure, Digiquartz [db]
# name 4 = t090C: Temperature [ITS-90, deg C]
# name 5 = t190C: Temperature, 2 [ITS-90, deg C]
# name 6 = potemp090C: Potential Temperature [ITS-90, deg C]
# name 7 = sal00: Salinity, Practical [PSU]
# name 8 = sal11: Salinity, Practical, 2 [PSU]
# name 9 = density00: Density [density, kg/m^3]
# name 10 = sigma-é00: Density [sigma-theta, kg/m^3]
# name 11 = sbox0Mm/Kg: Oxygen, SBE 43 [umol/kg]
# name 12 = sbox1Mm/Kg: Oxygen, SBE 43, 2 [umol/kg]
# name 13 = oxsolMm/Kg: Oxygen Saturation, Garcia & Gordon [umol/kg]
# name 14 = sbeox0PS: Oxygen, SBE 43 [% saturation]
# name 15 = sbeox1PS: Oxygen, SBE 43, 2 [% saturation]
# name 16 = v0: Voltage 0
# name 17 = flECO-AFL: Fluorescence, WET Labs ECO-AFL/FL [mg/m^3]
# name 18 = v1: Voltage 1
# name 19 = CStarAt0: Beam Attenuation, WET Labs C-Star [1/m]
# name 20 = par: PAR/Irradiance, Biospherical/Licor
# name 21 = scan: Scan Count
# name 22 = timeM: Time, Elapsed [minutes]
# name 23 = flag:  0.000e+00
# span 0 =      2.676,     39.987                 
# span 1 =   70.97168,   70.97176                 
# span 2 = -163.56664, -163.56640                 
# span 3 =      2.704,     40.402                 
# span 4 =     1.6889,     4.6633                 
# span 5 =     1.6896,     4.6648                 
# span 6 =     1.6871,     4.6627                 
# span 7 =    30.3487,    32.1085                 
# span 8 =    30.3599,    32.1232                 
# span 9 =  1024.0436,  1025.8545                 
# span 10 =    24.0307,    25.6767                
# span 11 =    291.324,    334.793                
# span 12 =    274.905,    313.976                
# span 13 =  320.54221,  340.76345                
# span 14 =     85.519,     99.374                
# span 15 =     80.684,     93.241                
# span 16 =     0.0940,     0.1758                
# span 17 =     0.2161,     0.7069                
# span 18 =     2.4811,     4.1929                
# span 19 =     0.4672,     2.5668                
# span 20 = 1.0000e-12, 6.7289e+01                
# span 21 =          1,       6945                
# span 22 =     0.0000,     4.8222                
# span 23 = 0.0000e+00, 0.0000e+00                
# interval = seconds: 0.0416667
# start_time = Sep 27 2023 02:28:34 [NMEA time, first data scan]
# bad_flag = -9.990e-29
*END*
[from data line 3985]
     35.529   70.97174 -163.56642     35.897     1.6911     1.6919     1.6895    32.0920    32.1044  1025.8340    25.6640    293.573    277.274  340.74158     86.157     81.383     0.1038     0.2747     2.5458     2.4638 2.8097e-01       3986     2.7674  0.000e+00
     35.591   70.97174 -163.56642     35.960     1.6910     1.6922     1.6894    32.0922    32.1042  1025.8344    25.6642    293.552    277.303  340.74200     86.151     81.392     0.1038     0.2747     2.5446     2.4657 2.7762e-01       3987     2.7681  0.000e+00
     35.591   70.97174 -163.56642     35.960     1.6911     1.6921     1.6895    32.0923    32.1038  1025.8345    25.6643    293.567    277.333  340.74071     86.156     81.400     0.1038     0.2747     2.5446     2.4657 2.7319e-01       3988     2.7687  0.000e+00
     35.583   70.97174 -163.56642     35.952     1.6913     1.6921     1.6896    32.0916    32.1041  1025.8339    25.6637    293.814    277.360  340.74121     86.228     81.409     0.1013     0.2601     2.5446     2.4657 2.7099e-01       3989     2.7694  0.000e+00
     35.591   70.97174 -163.56642     35.960     1.6913     1.6922     1.6897    32.0915    32.1042  1025.8339    25.6636    293.601    277.618  340.74089     86.165     81.485     0.0989     0.2454     2.5458     2.4638 2.6881e-01       3990     2.7701  0.000e+00
     35.652   70.97174 -163.56642     36.022     1.6911     1.6919     1.6895    32.0913    32.1042  1025.8340    25.6635    293.394    277.677  340.74325     86.104     81.501     0.0989     0.2454     2.5458     2.4638 2.6555e-01       3991     2.7708  0.000e+00
     35.583   70.97174 -163.56642     35.952     1.6908     1.6921     1.6892    32.0915    32.1042  1025.8339    25.6636    293.605    277.520  340.74520     86.165     81.456     0.0989     0.2454     2.5446     2.4657 2.6447e-01       3992     2.7715  0.000e+00
     35.591   70.97174 -163.56642     35.960     1.6908     1.6922     1.6891    32.0918    32.1044  1025.8341    25.6639    293.627    277.751  340.74490     86.172     81.524     0.1001     0.2527     2.5458     2.4638 2.6340e-01       3993     2.7722  0.000e+00
     35.652   70.97174 -163.56642     36.022     1.6908     1.6918     1.6891    32.0918    32.1044  1025.8345    25.6639    293.654    277.808  340.74478     86.180     81.540     0.0977     0.2381     2.5446     2.4657 2.5913e-01       3994     2.7729  0.000e+00
     35.637   70.97174 -163.56642     36.007     1.6908     1.6919     1.6892    32.0920    32.1041  1025.8345    25.6640    293.678    277.857  340.74390     86.187     81.554     0.1001     0.2527     2.5446     2.4657 2.5701e-01       3995     2.7736  0.000e+00
     35.591   70.97174 -163.56642     35.960     1.6908     1.6918     1.6891    32.0919    32.1045  1025.8342    25.6640    293.705    277.905  340.74458     86.195     81.568     0.0989     0.2454     2.5458     2.4638 2.5701e-01       3996     2.7743  0.000e+00
     35.652   70.97174 -163.56642     36.022     1.6908     1.6919     1.6892    32.0919    32.1045  1025.8345    25.6640    294.154    277.955  340.74403     86.327     81.583     0.0989     0.2454     2.5446     2.4657 2.6126e-01       3997     2.7750  0.000e+00
     35.637   70.97174 -163.56642     36.007     1.6908     1.6918     1.6891    32.0917    32.1046  1025.8343    25.6638    293.988    278.002  340.74518     86.278     81.597     0.1001     0.2527     2.5458     2.4638 2.6233e-01       3998     2.7757  0.000e+00
     35.652   70.97174 -163.56642     36.022     1.6907     1.6918     1.6890    32.0917    32.1038  1025.8343    25.6638    293.823    278.024  340.74618     86.229     81.603     0.0989     0.2454     2.5446     2.4657 2.6126e-01       3999     2.7764  0.000e+00
     35.583   70.97174 -163.56644     35.952     1.6907     1.6915     1.6890    32.0917    32.1042  1025.8340    25.6638    293.847    278.041  340.74608     86.236     81.607     0.1001     0.2527     2.5446     2.4657 2.5595e-01       4000     2.7771  0.000e+00
     35.706   70.97174 -163.56644     36.077     1.6905     1.6913     1.6889    32.0918    32.1046  1025.8347    25.6639    293.840    278.061  340.74724     86.234     81.613     0.0989     0.2454     2.5446     2.4657 2.5281e-01       4001     2.7778  0.000e+00
     35.652   70.97174 -163.56644     36.022     1.6905     1.6912     1.6889    32.0920    32.1044  1025.8346    25.6640    293.824    278.075  340.74673     86.229     81.617     0.1001     0.2527     2.5446     2.4657 2.5177e-01       4002     2.7785  0.000e+00
     35.698   70.97174 -163.56644     36.069     1.6903     1.6908     1.6887    32.0925    32.1045  1025.8352    25.6644    293.813    278.090  340.74693     86.226     81.621     0.0989     0.2454     2.5446     2.4657 2.5177e-01       4003     2.7792  0.000e+00
     35.652   70.97174 -163.56644     36.022     1.6907     1.6907     1.6890    32.0922    32.1044  1025.8348    25.6642    293.796    278.100  340.74469     86.222     81.623     0.1001     0.2527     2.5446     2.4657 2.5177e-01       4004     2.7799  0.000e+00
     35.706   70.97174 -163.56644     36.077     1.6909     1.6908     1.6893    32.0921    32.1046  1025.8349    25.6641    293.783    278.133  340.74260     86.219     81.633     0.0977     0.2381     2.5433     2.4676 2.5177e-01       4005     2.7806  0.000e+00
     35.698   70.97174 -163.56644     36.069     1.6913     1.6906     1.6896    32.0921    32.1043  1025.8349    25.6641    293.767    278.347  340.73988     86.215     81.695     0.0989     0.2454     2.5421     2.4695 2.5490e-01       4006     2.7813  0.000e+00
     35.652   70.97174 -163.56644     36.022     1.6915     1.6904     1.6899    32.0917    32.1045  1025.8343    25.6638    293.752    278.170  340.73894     86.210     81.643     0.0989     0.2454     2.5421     2.4695 2.5701e-01       4007     2.7819  0.000e+00
     35.706   70.97174 -163.56644     36.077     1.6914     1.6904     1.6898    32.0917    32.1041  1025.8345    25.6637    293.741    278.378  340.73955     86.207     81.704     0.0989     0.2454     2.5421     2.4695 2.5701e-01       4008     2.7826  0.000e+00
     35.698   70.97174 -163.56644     36.069     1.6915     1.6902     1.6899    32.0921    32.1046  1025.8348    25.6640    293.767    278.197  340.73805     86.215     81.651     0.1001     0.2527     2.5421     2.4695 2.5913e-01       4009     2.7833  0.000e+00
     35.706   70.97174 -163.56644     36.077     1.6916     1.6902     1.6900    32.0917    32.1045  1025.8345    25.6637    293.756    278.219  340.73815     86.212     81.657     0.0989     0.2454     2.5421     2.4695 2.6233e-01       4010     2.7840  0.000e+00
     35.706   70.97174 -163.56644     36.077     1.6914     1.6907     1.6898    32.0917    32.1042  1025.8346    25.6638    293.746    278.416  340.73945     86.208     81.716     0.1001     0.2527     2.5421     2.4695 2.6233e-01       4011     2.7847  0.000e+00
     35.752   70.97174 -163.56644     36.123     1.6916     1.6908     1.6900    32.0915    32.1046  1025.8346    25.6636    293.736    278.432  340.73853     86.206     81.721     0.0989     0.2454     2.5421     2.4695 2.6019e-01       4012     2.7854  0.000e+00
     35.706   70.97174 -163.56644     36.077     1.6914     1.6912     1.6898    32.0912    32.1043  1025.8342    25.6634    293.725    278.416  340.74072     86.202     81.717     0.1001     0.2527     2.5421     2.4695 2.5490e-01       4013     2.7861  0.000e+00
     35.706   70.97174 -163.56644     36.077     1.6911     1.6913     1.6895    32.0916    32.1040  1025.8345    25.6637    293.755    278.424  340.74204     86.210     81.719     0.0989     0.2454     2.5421     2.4695 2.5385e-01       4014     2.7868  0.000e+00
     35.814   70.97174 -163.56644     36.186     1.6913     1.6916     1.6896    32.0913    32.1039  1025.8348    25.6634    293.749    278.432  340.74197     86.209     81.722     0.1013     0.2601     2.5421     2.4695 2.4865e-01       4015     2.7875  0.000e+00
     35.706   70.97174 -163.56644     36.077     1.6913     1.6916     1.6896    32.0917    32.1042  1025.8346    25.6638    293.775    278.431  340.74085     86.217     81.722     0.1013     0.2601     2.5421     2.4695 2.3647e-01       4016     2.7882  0.000e+00
     35.768   70.97174 -163.56644     36.139     1.6911     1.6919     1.6895    32.0917    32.1040  1025.8349    25.6638    293.541    278.431  340.74181     86.148     81.723     0.1013     0.2601     2.5421     2.4695 2.3250e-01       4017     2.7889  0.000e+00
     35.752   70.97174 -163.56644     36.123     1.6911     1.6921     1.6895    32.0917    32.1043  1025.8348    25.6638    293.725    278.426  340.74233     86.201     81.721     0.1026     0.2674     2.5421     2.4695 2.3349e-01       4018     2.7896  0.000e+00
     35.768   70.97174 -163.56644     36.139     1.6913     1.6922     1.6897    32.0917    32.1039  1025.8349    25.6638    293.758    278.420  340.74040     86.212     81.720     0.1013     0.2601     2.5433     2.4676 2.3647e-01       4019     2.7903  0.000e+00
     35.768   70.97174 -163.56644     36.139     1.6911     1.6924     1.6895    32.0918    32.1038  1025.8349    25.6638    293.525    278.409  340.74213     86.143     81.717     0.1026     0.2674     2.5421     2.4695 2.3747e-01       4020     2.7910  0.000e+00
     35.752   70.97174 -163.56644     36.123     1.6911     1.6924     1.6895    32.0919    32.1039  1025.8350    25.6640    293.711    278.396  340.74169     86.198     81.713     0.1013     0.2601     2.5421     2.4695 2.3747e-01       4021     2.7917  0.000e+00
     35.768   70.97174 -163.56644     36.139     1.6915     1.6922     1.6898    32.0918    32.1038  1025.8350    25.6638    293.706    278.382  340.73868     86.197     81.709     0.1026     0.2674     2.5421     2.4695 2.3747e-01       4022     2.7924  0.000e+00
     35.822   70.97174 -163.56644     36.194     1.6914     1.6924     1.6898    32.0917    32.1037  1025.8351    25.6637    293.705    278.364  340.73951     86.196     81.704     0.1013     0.2601     2.5433     2.4676 2.3747e-01       4023     2.7931  0.000e+00
     35.752   70.97174 -163.56644     36.123     1.6916     1.6926     1.6900    32.0915    32.1038  1025.8346    25.6636    293.699    278.338  340.73864     86.195     81.696     0.1013     0.2601     2.5421     2.4695 2.3847e-01       4024     2.7938  0.000e+00
     35.822   70.97174 -163.56644     36.194     1.6914     1.6927     1.6898    32.0916    32.1038  1025.8351    25.6637    293.699    278.314  340.73961     86.195     81.690     0.1013     0.2601     2.5409     2.4715 2.4762e-01       4025     2.7944  0.000e+00
     35.822   70.97174 -163.56644     36.194     1.6913     1.6927     1.6896    32.0918    32.1038  1025.8352    25.6638    293.697    278.286  340.74059     86.194     81.681     0.1013     0.2601     2.5397     2.4734 2.5177e-01       4026     2.7951  0.000e+00
     35.814   70.97174 -163.56644     36.186     1.6915     1.6929     1.6898    32.0918    32.1035  1025.8352    25.6638    293.692    278.280  340.73874     86.193     81.680     0.1013     0.2601     2.5397     2.4734 2.5281e-01       4027     2.7958  0.000e+00
     35.822   70.97174 -163.56644     36.194     1.6916     1.6929     1.6900    32.0919    32.1037  1025.8353    25.6639    293.458    278.246  340.73746     86.124     81.670     0.1013     0.2601     2.5397     2.4734 2.4660e-01       4028     2.7965  0.000e+00
     35.822   70.97174 -163.56644     36.193     1.6916     1.6931     1.6900    32.0918    32.1034  1025.8352    25.6638    293.458    278.234  340.73778     86.124     81.667     0.1026     0.2674     2.5397     2.4734 2.4150e-01       4029     2.7972  0.000e+00
     35.868   70.97174 -163.56644     36.240     1.6917     1.6930     1.6901    32.0920    32.1035  1025.8355    25.6639    293.650    278.224  340.73591     86.181     81.664     0.1013     0.2601     2.5397     2.4734 2.4150e-01       4030     2.7979  0.000e+00
     35.822   70.97174 -163.56644     36.193     1.6917     1.6933     1.6901    32.0928    32.1032  1025.8360    25.6646    293.648    278.206  340.73382     86.181     81.659     0.1026     0.2674     2.5385     2.4753 2.3647e-01       4031     2.7986  0.000e+00
     35.822   70.97174 -163.56644     36.193     1.6919     1.6929     1.6903    32.0924    32.1032  1025.8357    25.6643    293.650    278.193  340.73338     86.182     81.654     0.1013     0.2601     2.5385     2.4753 2.3250e-01       4032     2.7993  0.000e+00
     35.868   70.97174 -163.56644     36.240     1.6922     1.6929     1.6906    32.0925    32.1032  1025.8360    25.6644    293.421    278.176  340.73064     86.115     81.649     0.1026     0.2674     2.5397     2.4734 2.3151e-01       4033     2.8000  0.000e+00
     35.822   70.97174 -163.56644     36.193     1.6924     1.6926     1.6908    32.0917    32.1037  1025.8351    25.6637    293.384    278.359  340.73086     86.104     81.703     0.1001     0.2527     2.5397     2.4734 2.3448e-01       4034     2.8007  0.000e+00
     35.884   70.97174 -163.56644     36.256     1.6928     1.6927     1.6912    32.0919    32.1037  1025.8355    25.6638    293.578    278.157  340.72707     86.162     81.643     0.1026     0.2674     2.5397     2.4734 2.3747e-01       4035     2.8014  0.000e+00
     35.814   70.97174 -163.56644     36.186     1.6928     1.6926     1.6912    32.0918    32.1035  1025.8351    25.6637    293.580    278.130  340.72739     86.163     81.635     0.1013     0.2601     2.5397     2.4734 2.3847e-01       4036     2.8021  0.000e+00
     35.884   70.97174 -163.56644     36.256     1.6927     1.6929     1.6910    32.0913    32.1037  1025.8350    25.6633    293.590    278.101  340.72964     86.165     81.627     0.1013     0.2601     2.5397     2.4734 2.4251e-01       4037     2.8028  0.000e+00
     35.822   70.97174 -163.56644     36.193     1.6930     1.6926     1.6913    32.0907    32.1036  1025.8342    25.6628    293.632    278.071  340.72887     86.177     81.618     0.1026     0.2674     2.5397     2.4734 2.4969e-01       4038     2.8035  0.000e+00
     35.868   70.97174 -163.56644     36.240     1.6926     1.6929     1.6909    32.0905    32.1033  1025.8343    25.6627    293.644    278.065  340.73261     86.180     81.616     0.1013     0.2601     2.5397     2.4734 2.5177e-01       4039     2.8042  0.000e+00
     35.884   70.97174 -163.56644     36.256     1.6922     1.6927     1.6906    32.0910    32.1035  1025.8348    25.6632    293.612    278.263  340.73460     86.170     81.675     0.1050     0.2820     2.5397     2.4734 2.4762e-01       4040     2.8049  0.000e+00
     35.884   70.97174 -163.56644     36.256     1.6919     1.6924     1.6902    32.0908    32.1038  1025.8347    25.6630    293.391    278.050  340.73805     86.105     81.612     0.1062     0.2894     2.5397     2.4734 2.3349e-01       4041     2.8056  0.000e+00
     35.868   70.97174 -163.56644     36.240     1.6916     1.6921     1.6900    32.0915    32.1039  1025.8352    25.6636    293.588    278.040  340.73859     86.162     81.608     0.1074     0.2967     2.5397     2.4734 2.2857e-01       4042     2.8062  0.000e+00
     35.938   70.97174 -163.56644     36.310     1.6913     1.6916     1.6896    32.0918    32.1042  1025.8358    25.6638    293.141    278.033  340.74065     86.031     81.605     0.1062     0.2894     2.5397     2.4734 2.2857e-01       4043     2.8069  0.000e+00
     35.884   70.97174 -163.56644     36.256     1.6911     1.6918     1.6895    32.0918    32.1036  1025.8356    25.6639    293.530    278.018  340.74144     86.145     81.601     0.1074     0.2967     2.5397     2.4734 2.2955e-01       4044     2.8076  0.000e+00
     35.930   70.97174 -163.56644     36.303     1.6913     1.6918     1.6896    32.0917    32.1036  1025.8357    25.6638    293.541    278.005  340.74086     86.148     81.597     0.1062     0.2894     2.5397     2.4734 2.2955e-01       4045     2.8083  0.000e+00
