EcoFOCI/data/1_SampleCollection/2023_SikuliaqDBO_CruiseData/CTD_raw_BottleFile_SKQ23-12S/proc/skq202312s_084avg.cnv
* Sea-Bird SBE 9 Data File:
* FileName = D:\CTD\SKQ202312S\SKQ202312S_084.hex
* Software Version Seasave V 7.26.7.121
* Temperature SN = 6177
* Conductivity SN = 0369
* Number of Bytes Per Scan = 41
* Number of Voltage Words = 4
* Number of Scans Averaged by the Deck Unit = 1
* NMEA Latitude = 65 37.11 N
* NMEA Longitude = 168 09.13 W
* NMEA UTC (Time) = Oct 03 2023  11:55:16
* NMEA baud rate = 4800
** Ship: R/V Sikuliaq
** Station Number: 084
** Station Name: BS1
** Bottom Depth: 28
** Operator: SD
# nquan = 25
# nvalues = 22                          
# units = specified
# name 0 = depSM: Depth [salt water, m]
# name 1 = latitude: Latitude [deg]
# name 2 = longitude: Longitude [deg]
# name 3 = prDM: Pressure, Digiquartz [db]
# name 4 = t090C: Temperature [ITS-90, deg C]
# name 5 = t190C: Temperature, 2 [ITS-90, deg C]
# name 6 = potemp090C: Potential Temperature [ITS-90, deg C]
# name 7 = sal00: Salinity, Practical [PSU]
# name 8 = sal11: Salinity, Practical, 2 [PSU]
# name 9 = density00: Density [density, kg/m^3]
# name 10 = sigma-é00: Density [sigma-theta, kg/m^3]
# name 11 = sbox0Mm/Kg: Oxygen, SBE 43 [umol/kg]
# name 12 = sbox1Mm/Kg: Oxygen, SBE 43, 2 [umol/kg]
# name 13 = oxsolMm/Kg: Oxygen Saturation, Garcia & Gordon [umol/kg]
# name 14 = sbeox0PS: Oxygen, SBE 43 [% saturation]
# name 15 = sbeox1PS: Oxygen, SBE 43, 2 [% saturation]
# name 16 = v0: Voltage 0
# name 17 = flECO-AFL: Fluorescence, WET Labs ECO-AFL/FL [mg/m^3]
# name 18 = v1: Voltage 1
# name 19 = CStarAt0: Beam Attenuation, WET Labs C-Star [1/m]
# name 20 = par: PAR/Irradiance, Biospherical/Licor
# name 21 = scan: Scan Count
# name 22 = timeM: Time, Elapsed [minutes]
# name 23 = nbin: number of scans per bin
# name 24 = flag: flag
# span 0 =      2.970,     23.762       
# span 1 =   65.61820,   65.61824       
# span 2 = -168.15361, -168.15332       
# span 3 =      3.000,     24.000       
# span 4 =     3.5556,     6.2275       
# span 5 =     3.5578,     6.2204       
# span 6 =     3.5541,     6.2271       
# span 7 =    28.6101,    32.4607       
# span 8 =    28.6112,    32.4707       
# span 9 =  1022.5626,  1025.9214       
# span 10 =    22.5486,    25.8090      
# span 11 =    261.568,    287.639      
# span 12 =    253.018,    275.350      
# span 13 =  306.46020,  324.36904      
# span 14 =     83.163,     90.563      
# span 15 =     79.402,     86.690      
# span 16 =     0.1275,     0.3341      
# span 17 =     0.4169,     1.6568      
# span 18 =     1.5709,     3.7758      
# span 19 =     0.8864,     4.3967      
# span 20 = 5.9001e-08, 8.3001e-02      
# span 21 =        358,       5222      
# span 22 =     0.2481,     3.6257      
# span 23 =        120,       1053      
# span 24 = 0.0000e+00, 0.0000e+00      
# interval = decibars: 1                
# start_time = Oct 03 2023 11:58:52 [NMEA time, first data scan]
# bad_flag = -9.990e-29
*END*
      2.970   65.61822 -168.15332      3.000     5.6268     5.6244     5.6265    28.6101    28.6112  1022.5626    22.5486    287.639    275.350  317.61290     90.563     86.690     0.3341     1.6568     1.5709     4.3967 8.3001e-02        358     0.2481        280 0.0000e+00
      3.961   65.61822 -168.15332      4.000     5.6475     5.6466     5.6472    28.6552    28.6586  1022.6006    22.5820    286.721    274.660  317.35053     90.348     86.548     0.3314     1.6404     1.5931     4.3403 4.1900e-03        589     0.4081        153 0.0000e+00
      4.951   65.61822 -168.15332      5.000     5.9487     5.9298     5.9483    29.4439    29.3512  1023.1934    23.1702    282.344    271.462  313.29736     90.115     86.546     0.3305     1.6351     1.6985     4.0891 8.4657e-05        740     0.5132        152 0.0000e+00
      5.941   65.61822 -168.15332      6.000     6.2275     6.2204     6.2271    31.5279    31.5451  1024.8103    24.7826    261.568    253.018  306.46020     85.360     82.566     0.1506     0.5557     3.1496     1.6824 9.3756e-07        896     0.6214        120 0.0000e+00
      6.931   65.61822 -168.15334      7.000     5.7980     5.7950     5.7975    31.7205    31.7346  1025.0185    24.9861    267.391    254.838  309.11281     86.502     82.443     0.1397     0.4903     3.6788     0.9859 8.2332e-07       1041     0.7226        164 0.0000e+00
      7.921   65.61823 -168.15335      8.000     5.7069     5.7060     5.7063    31.7491    31.7604  1025.0564    25.0194    271.538    259.314  309.70993     87.675     83.733     0.1368     0.4728     3.6933     0.9750 8.7593e-07       1192     0.8268        145 0.0000e+00
      8.911   65.61824 -168.15337      9.000     5.6932     5.6947     5.6925    31.7565    31.7663  1025.0685    25.0268    272.226    259.995  309.79285     87.874     83.935     0.1354     0.4643     3.7054     0.9618 1.2240e-06       1342     0.9311        164 0.0000e+00
      9.901   65.61824 -168.15338     10.000     5.6846     5.6855     5.6838    31.7636    31.7738  1025.0798    25.0335    272.227    259.723  309.83895     87.861     83.833     0.1306     0.4358     3.7057     0.9615 1.0190e-06       1494     1.0371        134 0.0000e+00
     10.891   65.61824 -168.15340     11.000     5.2407     5.2166     5.2399    31.8755    31.9096  1025.2233    25.1723    273.488    260.950  312.84980     87.419     83.385     0.1275     0.4169     3.7308     0.9344 1.0528e-06       1641     1.1391        137 0.0000e+00
     11.882   65.61822 -168.15341     12.000     4.6744     4.6654     4.6736    32.0490    32.0670  1025.4272    25.3714    278.262    264.739  316.67940     87.869     83.592     0.1309     0.4373     3.7433     0.9211 9.4519e-07       1793     1.2442        151 0.0000e+00
     12.871   65.61822 -168.15342     13.000     4.5633     4.5621     4.5624    32.0729    32.0871  1025.4624    25.4018    279.113    266.345  317.47180     87.918     83.902     0.1331     0.4504     3.7305     0.9347 1.1721e-06       1930     1.3398        158 0.0000e+00
     13.862   65.61822 -168.15344     14.000     4.3453     4.3326     4.3443    32.1300    32.1519  1025.5347    25.4695    279.627    267.219  319.00591     87.656     83.755     0.1390     0.4857     3.7113     0.9554 9.9090e-07       2092     1.4520        154 0.0000e+00
     14.852   65.61822 -168.15345     15.000     4.0816     4.0790     4.0806    32.2341    32.2501  1025.6486    25.5785    278.691    266.151  320.79240     86.876     82.972     0.1440     0.5161     3.7230     0.9429 8.4289e-07       2233     1.5501        142 0.0000e+00
     15.842   65.61822 -168.15346     16.000     3.9567     3.9526     3.9556    32.3194    32.3361  1025.7333    25.6586    276.227    263.790  321.55811     85.903     82.037     0.1560     0.5878     3.7758     0.8864 4.6814e-07       2394     1.6619        137 0.0000e+00
     16.832   65.61822 -168.15347     17.000     3.8686     3.8686     3.8675    32.3779    32.3902  1025.7931    25.7136    273.209    260.335  322.10455     84.820     80.831     0.1725     0.6871     3.6729     0.9971 2.8970e-07       2529     1.7553        145 0.0000e+00
     17.822   65.61821 -168.15348     18.000     3.8310     3.8315     3.8298    32.3863    32.3980  1025.8080    25.7239    271.368    259.187  322.37924     84.177     80.406     0.1937     0.8144     3.6039     1.0729 2.1189e-07       2866     1.9898        515 0.0000e+00
     18.812   65.61820 -168.15348     19.000     3.7408     3.7380     3.7396    32.4068    32.4210  1025.8376    25.7488    271.216    259.311  323.03794     83.958     80.276     0.2015     0.8609     3.6222     1.0527 5.9001e-08       3194     2.2175        133 0.0000e+00
     19.802   65.61820 -168.15348     20.000     3.6785     3.6793     3.6772    32.4223    32.4342  1025.8606    25.7670    271.003    259.021  323.49071     83.774     80.079     0.1921     0.8047     3.5965     1.0811 2.0222e-07       3342     2.3202        139 0.0000e+00
     20.792   65.61820 -168.15348     21.000     3.6434     3.6441     3.6421    32.4312    32.4422  1025.8756    25.7774    270.940    258.809  323.74608     83.689     79.950     0.1941     0.8164     3.5622     1.1195 1.5874e-07       3486     2.4201        158 0.0000e+00
     21.782   65.61820 -168.15348     22.000     3.6303     3.6308     3.6289    32.4341    32.4449  1025.8838    25.7809    271.047    258.782  323.84287     83.697     79.917     0.2083     0.9017     3.5173     1.1703 1.5419e-07       3633     2.5221        165 0.0000e+00
     22.772   65.61821 -168.15352     23.000     3.6097     3.6117     3.6083    32.4416    32.4518  1025.8965    25.7888    270.469    258.488  323.98741     83.481     79.794     0.2136     0.9338     3.2863     1.4439 1.6022e-07       4187     2.9067       1053 0.0000e+00
     23.762   65.61820 -168.15361     24.000     3.5556     3.5578     3.5541    32.4607    32.4707  1025.9214    25.8090    269.756    257.522  324.36904     83.163     79.402     0.2357     1.0661     3.2438     1.4940 1.6827e-07       5222     3.6257        558 0.0000e+00
