EcoFOCI/data/1_SampleCollection/2023_SikuliaqDBO_CruiseData/CTD_raw_BottleFile_SKQ23-12S/proc/skq202312s_067svp.cnv
* Sea-Bird SBE 9 Data File:
* FileName = D:\CTD\SKQ202312S\SKQ202312S_067.hex
* Software Version Seasave V 7.26.7.121
* Temperature SN = 6177
* Conductivity SN = 0369
* Number of Bytes Per Scan = 41
* Number of Voltage Words = 4
* Number of Scans Averaged by the Deck Unit = 1
* NMEA Latitude = 72 18.60 N
* NMEA Longitude = 167 16.17 W
* NMEA UTC (Time) = Sep 28 2023  14:28:44
* NMEA baud rate = 4800
** Ship: R/V Sikuliaq
** Station Number: 067
** Station Name: C15
** Bottom Depth: 49
** Operator: SD
# nquan = 7
# nvalues = 4750                                  
# units = specified
# name 0 = depSM: Depth [salt water, m]
# name 1 = latitude: Latitude [deg]
# name 2 = longitude: Longitude [deg]
# name 3 = t090C: Temperature [ITS-90, deg C]
# name 4 = sal00: Salinity, Practical [PSU]
# name 5 = svCM: Sound Velocity [Chen-Millero, m/s]
# name 6 = flag:  0.000e+00
# span 0 =      2.138,     43.455                 
# span 1 =   72.30998,   72.31000                 
# span 2 = -167.26968, -167.26960                 
# span 3 =     0.6998,     4.8995                 
# span 4 =    30.7280,    32.5134                 
# span 5 =    1449.55,    1467.16                 
# span 6 = 0.0000e+00, 0.0000e+00                 
# interval = seconds: 0.0416667
# start_time = Sep 28 2023 14:32:23 [NMEA time, first data scan]
# bad_flag = -9.990e-29
*END*
[from data line 616]
      4.372   72.30998 -167.26962     4.0757    30.7317    1461.52  0.000e+00
      4.310   72.30998 -167.26962     4.0757    30.7315    1461.52  0.000e+00
      4.310   72.30998 -167.26962     4.0755    30.7315    1461.52  0.000e+00
      4.372   72.30998 -167.26962     4.0754    30.7317    1461.52  0.000e+00
      4.372   72.30998 -167.26962     4.0754    30.7318    1461.52  0.000e+00
      4.310   72.30998 -167.26962     4.0752    30.7318    1461.52  0.000e+00
      4.372   72.30998 -167.26962     4.0755    30.7316    1461.52  0.000e+00
      4.372   72.30998 -167.26962     4.0754    30.7318    1461.52  0.000e+00
      4.372   72.30998 -167.26962     4.0755    30.7313    1461.52  0.000e+00
      4.372   72.30998 -167.26962     4.0755    30.7317    1461.52  0.000e+00
      4.372   72.30998 -167.26962     4.0754    30.7317    1461.52  0.000e+00
      4.426   72.30998 -167.26962     4.0750    30.7320    1461.52  0.000e+00
      4.372   72.30998 -167.26962     4.0754    30.7318    1461.52  0.000e+00
      4.426   72.30998 -167.26962     4.0754    30.7316    1461.52  0.000e+00
      4.372   72.30998 -167.26962     4.0752    30.7317    1461.52  0.000e+00
      4.426   72.30998 -167.26962     4.0754    30.7319    1461.52  0.000e+00
      4.426   72.30998 -167.26962     4.0754    30.7317    1461.52  0.000e+00
      4.426   72.30998 -167.26962     4.0754    30.7317    1461.52  0.000e+00
      4.480   72.30998 -167.26962     4.0754    30.7320    1461.52  0.000e+00
      4.480   72.30998 -167.26962     4.0755    30.7317    1461.52  0.000e+00
      4.426   72.30998 -167.26962     4.0754    30.7320    1461.52  0.000e+00
      4.480   72.30998 -167.26962     4.0754    30.7320    1461.52  0.000e+00
      4.541   72.30998 -167.26962     4.0755    30.7319    1461.53  0.000e+00
      4.426   72.30998 -167.26962     4.0755    30.7319    1461.52  0.000e+00
      4.564   72.30998 -167.26962     4.0757    30.7319    1461.53  0.000e+00
      4.480   72.30998 -167.26962     4.0755    30.7319    1461.52  0.000e+00
      4.541   72.30998 -167.26962     4.0755    30.7320    1461.53  0.000e+00
      4.541   72.30998 -167.26962     4.0758    30.7321    1461.53  0.000e+00
      4.541   72.30998 -167.26962     4.0758    30.7321    1461.53  0.000e+00
      4.595   72.30998 -167.26962     4.0757    30.7322    1461.53  0.000e+00
      4.541   72.30998 -167.26962     4.0761    30.7316    1461.53  0.000e+00
      4.595   72.30998 -167.26962     4.0760    30.7319    1461.53  0.000e+00
      4.595   72.30998 -167.26962     4.0760    30.7319    1461.53  0.000e+00
      4.595   72.30998 -167.26962     4.0765    30.7315    1461.53  0.000e+00
      4.657   72.30998 -167.26962     4.0761    30.7315    1461.53  0.000e+00
      4.595   72.30998 -167.26962     4.0763    30.7318    1461.53  0.000e+00
      4.657   72.30998 -167.26962     4.0761    30.7316    1461.53  0.000e+00
      4.657   72.30998 -167.26962     4.0763    30.7317    1461.53  0.000e+00
      4.657   72.30998 -167.26962     4.0761    30.7318    1461.53  0.000e+00
      4.657   72.30998 -167.26962     4.0765    30.7317    1461.53  0.000e+00
      4.711   72.30998 -167.26962     4.0765    30.7315    1461.53  0.000e+00
      4.657   72.30998 -167.26962     4.0765    30.7316    1461.53  0.000e+00
      4.711   72.30998 -167.26962     4.0766    30.7315    1461.53  0.000e+00
      4.711   72.30998 -167.26962     4.0765    30.7317    1461.53  0.000e+00
      4.711   72.30998 -167.26962     4.0768    30.7314    1461.53  0.000e+00
      4.711   72.30998 -167.26962     4.0765    30.7317    1461.53  0.000e+00
      4.711   72.30998 -167.26962     4.0768    30.7314    1461.53  0.000e+00
      4.765   72.30998 -167.26962     4.0765    30.7321    1461.53  0.000e+00
      4.765   72.30998 -167.26962     4.0766    30.7319    1461.53  0.000e+00
      4.765   72.30998 -167.26962     4.0768    30.7318    1461.53  0.000e+00
      4.711   72.30998 -167.26962     4.0766    30.7319    1461.53  0.000e+00
      4.764   72.30998 -167.26962     4.0766    30.7314    1461.53  0.000e+00
      4.826   72.30998 -167.26962     4.0768    30.7308    1461.53  0.000e+00
      4.764   72.30998 -167.26962     4.0768    30.7316    1461.53  0.000e+00
      4.826   72.30998 -167.26962     4.0769    30.7322    1461.54  0.000e+00
      4.764   72.30998 -167.26962     4.0769    30.7327    1461.54  0.000e+00
      4.826   72.30998 -167.26962     4.0771    30.7331    1461.54  0.000e+00
      4.826   72.30998 -167.26962     4.0773    30.7335    1461.54  0.000e+00
      4.826   72.30998 -167.26962     4.0777    30.7334    1461.54  0.000e+00
      4.826   72.30998 -167.26962     4.0782    30.7336    1461.54  0.000e+00
      4.880   72.30998 -167.26962     4.0787    30.7337    1461.55  0.000e+00
      4.826   72.30998 -167.26962     4.0790    30.7336    1461.55  0.000e+00
      4.880   72.30998 -167.26962     4.0795    30.7325    1461.55  0.000e+00
      4.826   72.30998 -167.26962     4.0795    30.7321    1461.55  0.000e+00
      4.826   72.30998 -167.26962     4.0793    30.7318    1461.55  0.000e+00
      4.942   72.30998 -167.26962     4.0791    30.7320    1461.55  0.000e+00
      4.826   72.30998 -167.26962     4.0791    30.7323    1461.55  0.000e+00
      4.880   72.30998 -167.26962     4.0791    30.7324    1461.55  0.000e+00
      4.880   72.30998 -167.26962     4.0790    30.7327    1461.55  0.000e+00
      4.941   72.30998 -167.26962     4.0793    30.7324    1461.55  0.000e+00
      4.880   72.30998 -167.26962     4.0794    30.7330    1461.55  0.000e+00
      4.880   72.30998 -167.26962     4.0793    30.7323    1461.55  0.000e+00
      4.941   72.30998 -167.26962     4.0793    30.7317    1461.55  0.000e+00
      4.880   72.30998 -167.26962     4.0787    30.7314    1461.54  0.000e+00
      4.941   72.30998 -167.26962     4.0782    30.7317    1461.54  0.000e+00
      4.880   72.30998 -167.26962     4.0777    30.7323    1461.54  0.000e+00
      4.941   72.30998 -167.26962     4.0776    30.7322    1461.54  0.000e+00
      4.941   72.30998 -167.26962     4.0777    30.7326    1461.54  0.000e+00
      4.941   72.30998 -167.26962     4.0777    30.7324    1461.54  0.000e+00
      4.941   72.30998 -167.26962     4.0777    30.7325    1461.54  0.000e+00
      4.941   72.30998 -167.26962     4.0780    30.7320    1461.54  0.000e+00
      4.995   72.30998 -167.26962     4.0777    30.7322    1461.54  0.000e+00
      4.941   72.30998 -167.26962     4.0780    30.7320    1461.54  0.000e+00
      4.941   72.30998 -167.26962     4.0779    30.7322    1461.54  0.000e+00
      4.995   72.30998 -167.26962     4.0777    30.7322    1461.54  0.000e+00
      4.941   72.30998 -167.26962     4.0779    30.7319    1461.54  0.000e+00
      4.995   72.30998 -167.26962     4.0777    30.7320    1461.54  0.000e+00
      4.995   72.30998 -167.26962     4.0776    30.7320    1461.54  0.000e+00
      4.995   72.30998 -167.26962     4.0774    30.7324    1461.54  0.000e+00
      4.903   72.30998 -167.26962     4.0776    30.7324    1461.54  0.000e+00
      5.111   72.30998 -167.26962     4.0774    30.7319    1461.54  0.000e+00
      4.995   72.30998 -167.26962     4.0774    30.7322    1461.54  0.000e+00
      5.057   72.30998 -167.26962     4.0773    30.7326    1461.54  0.000e+00
      5.057   72.30998 -167.26962     4.0777    30.7322    1461.54  0.000e+00
      4.995   72.30998 -167.26962     4.0776    30.7326    1461.54  0.000e+00
      5.057   72.30998 -167.26962     4.0776    30.7323    1461.54  0.000e+00
      5.057   72.30998 -167.26962     4.0777    30.7324    1461.54  0.000e+00
      5.057   72.30998 -167.26962     4.0777    30.7323    1461.54  0.000e+00
      5.057   72.30998 -167.26962     4.0777    30.7322    1461.54  0.000e+00
      5.111   72.30998 -167.26962     4.0779    30.7331    1461.55  0.000e+00
      5.057   72.30998 -167.26962     4.0779    30.7336    1461.55  0.000e+00
      5.111   72.30998 -167.26962     4.0782    30.7334    1461.55  0.000e+00
      5.111   72.30998 -167.26962     4.0790    30.7335    1461.55  0.000e+00
      5.111   72.30998 -167.26962     4.0793    30.7333    1461.55  0.000e+00
      5.110   72.30998 -167.26962     4.0796    30.7331    1461.55  0.000e+00
      5.110   72.30998 -167.26962     4.0796    30.7333    1461.55  0.000e+00
      5.110   72.30998 -167.26962     4.0796    30.7328    1461.55  0.000e+00
      5.110   72.30998 -167.26962     4.0795    30.7329    1461.55  0.000e+00
      5.164   72.30998 -167.26962     4.0793    30.7334    1461.55  0.000e+00
      5.164   72.30998 -167.26962     4.0796    30.7335    1461.55  0.000e+00
      5.110   72.30998 -167.26962     4.0799    30.7334    1461.56  0.000e+00
      5.164   72.30998 -167.26962     4.0799    30.7323    1461.55  0.000e+00
      5.164   72.30998 -167.26962     4.0799    30.7322    1461.55  0.000e+00
      5.226   72.30998 -167.26962     4.0798    30.7322    1461.55  0.000e+00
      5.164   72.30998 -167.26962     4.0797    30.7320    1461.55  0.000e+00
      5.164   72.30998 -167.26962     4.0793    30.7321    1461.55  0.000e+00
      5.226   72.30998 -167.26962     4.0790    30.7326    1461.55  0.000e+00
      5.164   72.30998 -167.26962     4.0791    30.7327    1461.55  0.000e+00
      5.226   72.30998 -167.26962     4.0790    30.7329    1461.55  0.000e+00
      5.226   72.30998 -167.26962     4.0790    30.7334    1461.55  0.000e+00
      5.226   72.30998 -167.26962     4.0794    30.7330    1461.55  0.000e+00
      5.226   72.30998 -167.26962     4.0793    30.7328    1461.55  0.000e+00
      5.226   72.30998 -167.26962     4.0793    30.7336    1461.55  0.000e+00
      5.226   72.30998 -167.26962     4.0798    30.7337    1461.56  0.000e+00
      5.280   72.30998 -167.26962     4.0803    30.7341    1461.56  0.000e+00
      5.226   72.30998 -167.26962     4.0809    30.7338    1461.56  0.000e+00
      5.280   72.30998 -167.26962     4.0810    30.7328    1461.56  0.000e+00
      5.280   72.30998 -167.26962     4.0806    30.7307    1461.56  0.000e+00
      5.226   72.30998 -167.26962     4.0799    30.7308    1461.55  0.000e+00
      5.341   72.30998 -167.26962     4.0791    30.7326    1461.55  0.000e+00
      5.280   72.30998 -167.26962     4.0795    30.7337    1461.56  0.000e+00
      5.280   72.30998 -167.26962     4.0798    30.7341    1461.56  0.000e+00
      5.279   72.30998 -167.26962     4.0801    30.7341    1461.56  0.000e+00
      5.341   72.30998 -167.26962     4.0806    30.7335    1461.56  0.000e+00
      5.341   72.30998 -167.26962     4.0809    30.7330    1461.56  0.000e+00
      5.279   72.30998 -167.26962     4.0810    30.7338    1461.56  0.000e+00
      5.341   72.30998 -167.26962     4.0812    30.7340    1461.57  0.000e+00
      5.341   72.30998 -167.26962     4.0817    30.7338    1461.57  0.000e+00
      5.341   72.30998 -167.26962     4.0821    30.7338    1461.57  0.000e+00
      5.341   72.30998 -167.26962     4.0823    30.7338    1461.57  0.000e+00
      5.341   72.30998 -167.26962     4.0827    30.7330    1461.57  0.000e+00
      5.341   72.30998 -167.26962     4.0826    30.7325    1461.57  0.000e+00
      5.395   72.30998 -167.26962     4.0826    30.7324    1461.57  0.000e+00
      5.341   72.30998 -167.26962     4.0826    30.7324    1461.57  0.000e+00
      5.395   72.30998 -167.26962     4.0823    30.7332    1461.57  0.000e+00
      5.395   72.30998 -167.26962     4.0821    30.7330    1461.57  0.000e+00
      5.341   72.30998 -167.26962     4.0821    30.7331    1461.57  0.000e+00
      5.395   72.30998 -167.26962     4.0820    30.7328    1461.57  0.000e+00
      5.395   72.30998 -167.26962     4.0818    30.7330    1461.57  0.000e+00
      5.456   72.30998 -167.26962     4.0818    30.7334    1461.57  0.000e+00
      5.395   72.30998 -167.26962     4.0821    30.7331    1461.57  0.000e+00
      5.395   72.30998 -167.26962     4.0817    30.7325    1461.57  0.000e+00
      5.395   72.30998 -167.26962     4.0814    30.7314    1461.56  0.000e+00
      5.456   72.30998 -167.26962     4.0807    30.7309    1461.56  0.000e+00
      5.456   72.30998 -167.26962     4.0800    30.7313    1461.56  0.000e+00
      5.395   72.30998 -167.26962     4.0795    30.7316    1461.56  0.000e+00
      5.456   72.30998 -167.26962     4.0790    30.7321    1461.56  0.000e+00
      5.456   72.30998 -167.26962     4.0785    30.7324    1461.55  0.000e+00
      5.510   72.30998 -167.26962     4.0784    30.7323    1461.55  0.000e+00
      5.456   72.30998 -167.26962     4.0780    30.7324    1461.55  0.000e+00
      5.456   72.30998 -167.26962     4.0782    30.7325    1461.55  0.000e+00
      5.510   72.30998 -167.26962     4.0780    30.7330    1461.55  0.000e+00
      5.456   72.30998 -167.26962     4.0779    30.7328    1461.55  0.000e+00
      5.510   72.30998 -167.26962     4.0782    30.7324    1461.55  0.000e+00
      5.510   72.30998 -167.26962     4.0780    30.7321    1461.55  0.000e+00
      5.510   72.30998 -167.26962     4.0777    30.7318    1461.55  0.000e+00
      5.510   72.30998 -167.26962     4.0776    30.7319    1461.55  0.000e+00
      5.564   72.30998 -167.26962     4.0774    30.7322    1461.55  0.000e+00
      5.510   72.30998 -167.26962     4.0774    30.7329    1461.55  0.000e+00
      5.510   72.30998 -167.26962     4.0774    30.7333    1461.55  0.000e+00
      5.564   72.30998 -167.26962     4.0777    30.7335    1461.55  0.000e+00
      5.510   72.30998 -167.26962     4.0782    30.7338    1461.56  0.000e+00
      5.564   72.30998 -167.26962     4.0785    30.7337    1461.56  0.000e+00
      5.564   72.30998 -167.26962     4.0788    30.7334    1461.56  0.000e+00
      5.510   72.30998 -167.26962     4.0788    30.7330    1461.56  0.000e+00
      5.626   72.30998 -167.26962     4.0788    30.7325    1461.56  0.000e+00
      5.564   72.30998 -167.26962     4.0790    30.7328    1461.56  0.000e+00
      5.564   72.30998 -167.26962     4.0791    30.7328    1461.56  0.000e+00
      5.625   72.30998 -167.26962     4.0791    30.7324    1461.56  0.000e+00
      5.564   72.30998 -167.26962     4.0792    30.7317    1461.56  0.000e+00
      5.625   72.30998 -167.26962     4.0788    30.7319    1461.56  0.000e+00
      5.625   72.30998 -167.26962     4.0782    30.7320    1461.55  0.000e+00
      5.625   72.30998 -167.26962     4.0782    30.7316    1461.55  0.000e+00
      5.625   72.30998 -167.26962     4.0780    30.7317    1461.55  0.000e+00
      5.625   72.30998 -167.26962     4.0776    30.7319    1461.55  0.000e+00
      5.679   72.30998 -167.26962     4.0776    30.7316    1461.55  0.000e+00
      5.625   72.30998 -167.26962     4.0776    30.7317    1461.55  0.000e+00
      5.679   72.30998 -167.26962     4.0774    30.7325    1461.55  0.000e+00
      5.679   72.30998 -167.26962     4.0776    30.7324    1461.55  0.000e+00
      5.679   72.30998 -167.26962     4.0774    30.7327    1461.55  0.000e+00
      5.679   72.30998 -167.26962     4.0777    30.7327    1461.55  0.000e+00
      5.679   72.30998 -167.26962     4.0777    30.7319    1461.55  0.000e+00
      5.741   72.30998 -167.26962     4.0777    30.7314    1461.55  0.000e+00
      5.679   72.30998 -167.26962     4.0777    30.7310    1461.55  0.000e+00
      5.741   72.30998 -167.26962     4.0774    30.7309    1461.55  0.000e+00
      5.741   72.30998 -167.26962     4.0773    30.7312    1461.55  0.000e+00
      5.741   72.30998 -167.26962     4.0769    30.7312    1461.55  0.000e+00
      5.741   72.30998 -167.26962     4.0766    30.7313    1461.55  0.000e+00
      5.795   72.30998 -167.26962     4.0765    30.7318    1461.55  0.000e+00
      5.741   72.30998 -167.26962     4.0765    30.7320    1461.55  0.000e+00
      5.795   72.30998 -167.26962     4.0761    30.7321    1461.55  0.000e+00
      5.795   72.30998 -167.26962     4.0761    30.7320    1461.55  0.000e+00
      5.795   72.30998 -167.26962     4.0761    30.7320    1461.55  0.000e+00
      5.795   72.30998 -167.26962     4.0763    30.7319    1461.55  0.000e+00
