EcoFOCI/data/1_SampleCollection/2023_SikuliaqDBO_CruiseData/CTD_raw_BottleFile_SKQ23-12S/proc/skq202312s_039svpavg.cnv
* Sea-Bird SBE 9 Data File:
* FileName = D:\CTD\SKQ202312S\SKQ202312S_039.hex
* Software Version Seasave V 7.26.7.121
* Temperature SN = 6177
* Conductivity SN = 0369
* Number of Bytes Per Scan = 41
* Number of Voltage Words = 4
* Number of Scans Averaged by the Deck Unit = 1
* NMEA Latitude = 71 19.31 N
* NMEA Longitude = 160 39.09 W
* NMEA UTC (Time) = Sep 23 2023  11:49:51
* NMEA baud rate = 4800
** Ship: R/V Sikuliaq
** Station Number: 039
** Station Name: DBO4.2n
** Bottom Depth: 48
** Operator: SD
# nquan = 7
# nvalues = 41                          
# units = specified
# name 0 = depSM: Depth [salt water, m]
# name 1 = latitude: Latitude [deg]
# name 2 = longitude: Longitude [deg]
# name 3 = t090C: Temperature [ITS-90, deg C]
# name 4 = sal00: Salinity, Practical [PSU]
# name 5 = svCM: Sound Velocity [Chen-Millero, m/s]
# name 6 = flag: flag
# span 0 =      3.000,     43.000       
# span 1 =   71.32186,   71.32188       
# span 2 = -160.65154, -160.65150       
# span 3 =    -1.6688,     2.5417       
# span 4 =    27.5244,    32.6607       
# span 5 =    1438.64,    1450.83       
# span 6 = 0.0000e+00, 0.0000e+00       
# interval = meters: 1                  
# start_time = Sep 23 2023 11:54:34 [NMEA time, first data scan]
# bad_flag = -9.990e-29
*END*
      3.000   71.32186 -160.65154     2.5048    27.5249    1450.59 0.0000e+00
      4.000   71.32186 -160.65154     2.5087    27.5248    1450.62 0.0000e+00
      5.000   71.32186 -160.65154     2.5333    27.5244    1450.75 0.0000e+00
      6.000   71.32186 -160.65153     2.5171    27.5244    1450.69 0.0000e+00
      7.000   71.32186 -160.65154     2.5316    27.5254    1450.77 0.0000e+00
      8.000   71.32186 -160.65154     2.5417    27.5247    1450.83 0.0000e+00
      9.000   71.32186 -160.65154     2.5050    27.5249    1450.69 0.0000e+00
     10.000   71.32186 -160.65154     2.4817    27.5246    1450.60 0.0000e+00
     11.000   71.32186 -160.65154     2.4764    27.5248    1450.60 0.0000e+00
     12.000   71.32186 -160.65154     2.2985    28.1869    1450.69 0.0000e+00
     13.000   71.32186 -160.65154     0.6394    29.8887    1445.46 0.0000e+00
     14.000   71.32186 -160.65154    -0.4251    30.7992    1441.76 0.0000e+00
     15.000   71.32186 -160.65154    -0.7819    31.2021    1440.64 0.0000e+00
     16.000   71.32186 -160.65154    -0.8272    31.4035    1440.72 0.0000e+00
     17.000   71.32187 -160.65154    -1.1228    31.8401    1439.92 0.0000e+00
     18.000   71.32187 -160.65154    -1.3968    32.3254    1439.29 0.0000e+00
     19.000   71.32186 -160.65154    -1.4955    32.4719    1439.03 0.0000e+00
     20.000   71.32187 -160.65154    -1.5715    32.5579    1438.80 0.0000e+00
     21.000   71.32186 -160.65154    -1.5997    32.5944    1438.73 0.0000e+00
     22.000   71.32186 -160.65154    -1.6152    32.6073    1438.69 0.0000e+00
     23.000   71.32186 -160.65154    -1.6254    32.6135    1438.66 0.0000e+00
     24.000   71.32186 -160.65154    -1.6314    32.6147    1438.66 0.0000e+00
     25.000   71.32186 -160.65154    -1.6373    32.6148    1438.64 0.0000e+00
     26.000   71.32186 -160.65154    -1.6412    32.6146    1438.64 0.0000e+00
     27.000   71.32186 -160.65154    -1.6434    32.6143    1438.64 0.0000e+00
     28.000   71.32186 -160.65154    -1.6450    32.6146    1438.65 0.0000e+00
     29.000   71.32186 -160.65154    -1.6474    32.6147    1438.66 0.0000e+00
     30.000   71.32186 -160.65154    -1.6513    32.6161    1438.66 0.0000e+00
     31.000   71.32186 -160.65154    -1.6540    32.6179    1438.66 0.0000e+00
     32.000   71.32186 -160.65154    -1.6590    32.6254    1438.67 0.0000e+00
     33.000   71.32186 -160.65154    -1.6618    32.6322    1438.68 0.0000e+00
     34.000   71.32186 -160.65154    -1.6639    32.6372    1438.69 0.0000e+00
     35.000   71.32186 -160.65153    -1.6664    32.6443    1438.71 0.0000e+00
     36.000   71.32186 -160.65154    -1.6676    32.6499    1438.72 0.0000e+00
     37.000   71.32186 -160.65154    -1.6677    32.6514    1438.74 0.0000e+00
     38.000   71.32186 -160.65154    -1.6654    32.6538    1438.77 0.0000e+00
     39.000   71.32188 -160.65154    -1.6679    32.6543    1438.78 0.0000e+00
     40.000   71.32188 -160.65154    -1.6685    32.6594    1438.80 0.0000e+00
     41.000   71.32188 -160.65154    -1.6688    32.6607    1438.81 0.0000e+00
     42.000   71.32188 -160.65152    -1.6688    32.6607    1438.83 0.0000e+00
     43.000   71.32188 -160.65150    -1.6679    32.6605    1438.85 0.0000e+00
