EcoFOCI/data/1_SampleCollection/2023_SikuliaqDBO_CruiseData/CTD_raw_BottleFile_SKQ23-12S/proc/skq202312s_002.ros
* Sea-Bird SBE 9 Data File:
* FileName = D:\CTD\SKQ202312S\SKQ202312S_002.hex
* Software Version Seasave V 7.26.7.121
* Temperature SN = 6177
* Conductivity SN = 0369
* Number of Bytes Per Scan = 41
* Number of Voltage Words = 4
* Number of Scans Averaged by the Deck Unit = 1
* NMEA Latitude = 62 00.59 N
* NMEA Longitude = 175 03.64 W
* NMEA UTC (Time) = Sep 15 2023  05:21:43
* NMEA baud rate = 4800
** Ship: R/V Sikuliaq
** Station Number: 002
** Station Name: DBO1.1
** Bottom Depth: 78
** Operator: SD
# nquan = 22
# nvalues = 1029                                  
# units = specified
# name 0 = depSM: Depth [salt water, m]
# name 1 = latitude: Latitude [deg]
# name 2 = longitude: Longitude [deg]
# name 3 = prDM: Pressure, Digiquartz [db]
# name 4 = t090C: Temperature [ITS-90, deg C]
# name 5 = t190C: Temperature, 2 [ITS-90, deg C]
# name 6 = potemp090C: Potential Temperature [ITS-90, deg C]
# name 7 = sal00: Salinity, Practical [PSU]
# name 8 = sal11: Salinity, Practical, 2 [PSU]
# name 9 = density00: Density [density, kg/m^3]
# name 10 = sigma-é00: Density [sigma-theta, kg/m^3]
# name 11 = sbox0Mm/Kg: Oxygen, SBE 43 [umol/kg]
# name 12 = sbox1Mm/Kg: Oxygen, SBE 43, 2 [umol/kg]
# name 13 = oxsolMm/Kg: Oxygen Saturation, Garcia & Gordon [umol/kg]
# name 14 = sbeox0PS: Oxygen, SBE 43 [% saturation]
# name 15 = v0: Voltage 0
# name 16 = flECO-AFL: Fluorescence, WET Labs ECO-AFL/FL [mg/m^3]
# name 17 = CStarAt0: Beam Attenuation, WET Labs C-Star [1/m]
# name 18 = par: PAR/Irradiance, Biospherical/Licor
# name 19 = scan: Scan Count
# name 20 = nbf: Bottles Fired
# name 21 = flag:  0.000e+00
# interval = seconds: 0.0416667
# start_time = Sep 15 2023 05:25:57 [NMEA time, first data scan]
# bad_flag = -9.990e-29
*END*
[from data line 132]
     73.507   62.00980 -175.06118     74.232    -0.7714    -0.7687    -0.7732    31.9475    31.9580  1026.0294    25.6725    250.278    238.934  363.66763     68.821     0.0684     0.0623     1.1338 1.0000e-12       8704          3  0.000e+00
     73.353   62.00980 -175.06118     74.076    -0.7710    -0.7687    -0.7728    31.9478    31.9582  1026.0289    25.6727    250.261    238.957  363.66291     68.817     0.0684     0.0623     1.1324 1.0000e-12       8705          3  0.000e+00
     73.569   62.00980 -175.06118     74.295    -0.7709    -0.7687    -0.7726    31.9477    31.9577  1026.0299    25.6727    250.259    238.739  363.66142     68.817     0.0684     0.0623     1.1338 8.4714e-06       8706          3  0.000e+00
     73.507   62.00980 -175.06118     74.232    -0.7707    -0.7689    -0.7725    31.9483    31.9581  1026.0300    25.6731    250.247    238.932  363.65875     68.814     0.0684     0.0623     1.1324 1.0000e-12       8707          3  0.000e+00
     73.415   62.00980 -175.06118     74.139    -0.7704    -0.7689    -0.7722    31.9483    31.9582  1026.0296    25.6731    250.234    238.932  363.65536     68.811     0.0684     0.0623     1.1338 1.0000e-12       8708          3  0.000e+00
     73.507   62.00980 -175.06118     74.232    -0.7704    -0.7687    -0.7721    31.9481    31.9582  1026.0299    25.6730    250.278    238.970  363.65538     68.823     0.0684     0.0623     1.1338 1.0000e-12       8709          3  0.000e+00
     73.469   62.00980 -175.06118     74.193    -0.7704    -0.7687    -0.7722    31.9479    31.9582  1026.0295    25.6728    250.526    238.975  363.65653     68.891     0.0684     0.0623     1.1324 8.4714e-06       8710          3  0.000e+00
     73.507   62.00980 -175.06118     74.232    -0.7702    -0.7687    -0.7720    31.9478    31.9582  1026.0297    25.6727    250.312    239.016  363.65498     68.832     0.0672     0.0549     1.1324 1.0000e-12       8711          3  0.000e+00
     73.531   62.00980 -175.06118     74.256    -0.7702    -0.7686    -0.7720    31.9485    31.9583  1026.0303    25.6732    250.303    239.058  363.65322     68.830     0.0684     0.0623     1.1338 1.0000e-12       8712          3  0.000e+00
     73.507   62.00980 -175.06118     74.232    -0.7701    -0.7687    -0.7719    31.9482    31.9586  1026.0300    25.6730    250.802    239.070  363.65290     68.967     0.0684     0.0623     1.1324 1.0000e-12       8713          3  0.000e+00
     73.469   62.00980 -175.06118     74.193    -0.7698    -0.7684    -0.7716    31.9481    31.9585  1026.0297    25.6730    250.373    239.081  363.64972     68.850     0.0684     0.0623     1.1338 8.4714e-06       8714          3  0.000e+00
     73.569   62.00980 -175.06118     74.295    -0.7698    -0.7686    -0.7716    31.9484    31.9588  1026.0304    25.6732    250.364    239.101  363.64905     68.848     0.0696     0.0696     1.1324 1.0000e-12       8715          3  0.000e+00
     73.531   62.00980 -175.06118     74.256    -0.7699    -0.7687    -0.7717    31.9482    31.9586  1026.0301    25.6730    250.352    239.117  363.65058     68.844     0.0684     0.0623     1.1338 8.4714e-06       8716          3  0.000e+00
     73.507   62.00980 -175.06118     74.232    -0.7697    -0.7689    -0.7715    31.9486    31.9587  1026.0302    25.6733    250.337    239.135  363.64747     68.841     0.0684     0.0623     1.1324 1.0000e-12       8717          3  0.000e+00
     73.531   62.00980 -175.06118     74.256    -0.7696    -0.7686    -0.7714    31.9482    31.9582  1026.0301    25.6730    250.327    239.154  363.64785     68.838     0.0672     0.0549     1.1338 8.4714e-06       8718          3  0.000e+00
     50.199   62.00980 -175.06120     50.691    -1.4382    -1.4379    -1.4391    31.6964    31.7070  1025.7328    25.4878    275.305    263.543  370.95722     74.215     0.0684     0.0623     0.6728 1.5251e-02      12626          4  0.000e+00
     50.199   62.00980 -175.06120     50.691    -1.4403    -1.4384    -1.4412    31.6972    31.7069  1025.7334    25.4885    275.329    263.586  370.97625     74.217     0.0684     0.0623     0.6728 1.1174e-02      12627          4  0.000e+00
     50.253   62.00980 -175.06120     50.745    -1.4434    -1.4388    -1.4442    31.6975    31.7070  1025.7340    25.4888    275.311    263.400  371.00582     74.207     0.0684     0.0623     0.6728 9.0035e-03      12628          4  0.000e+00
     50.137   62.00980 -175.06120     50.628    -1.4460    -1.4396    -1.4469    31.6978    31.7077  1025.7338    25.4891    275.282    263.144  371.03158     74.194     0.0684     0.0623     0.6728 9.0035e-03      12629          4  0.000e+00
     50.253   62.00980 -175.06120     50.745    -1.4476    -1.4401    -1.4485    31.6987    31.7077  1025.7351    25.4899    275.300    263.591  371.04488     74.196     0.0672     0.0549     0.6814 7.9318e-03      12630          4  0.000e+00
     50.253   62.00980 -175.06120     50.745    -1.4481    -1.4402    -1.4490    31.6995    31.7074  1025.7358    25.4905    275.253    263.634  371.04771     74.183     0.0684     0.0623     0.7011 7.5765e-03      12631          4  0.000e+00
     50.199   62.00980 -175.06120     50.691    -1.4487    -1.4416    -1.4496    31.7002    31.7081  1025.7361    25.4911    275.203    263.684  371.05159     74.168     0.0684     0.0623     0.7073 7.2223e-03      12632          4  0.000e+00
     50.253   62.00980 -175.06120     50.745    -1.4490    -1.4431    -1.4499    31.7001    31.7086  1025.7363    25.4910    275.154    263.739  371.05518     74.154     0.0684     0.0623     0.7061 7.2223e-03      12633          4  0.000e+00
     50.253   62.00980 -175.06120     50.745    -1.4482    -1.4434    -1.4491    31.6998    31.7085  1025.7360    25.4907    275.092    263.553  371.04826     74.139     0.0684     0.0623     0.7048 7.2223e-03      12634          4  0.000e+00
     50.253   62.00980 -175.06120     50.745    -1.4472    -1.4429    -1.4481    31.6985    31.7079  1025.7349    25.4897    275.027    263.263  371.04161     74.123     0.0684     0.0623     0.7061 7.2223e-03      12635          4  0.000e+00
     50.253   62.00980 -175.06120     50.745    -1.4469    -1.4432    -1.4477    31.6984    31.7080  1025.7348    25.4896    275.016    263.441  371.03848     74.121     0.0696     0.0696     0.7061 7.9318e-03      12636          4  0.000e+00
     50.253   62.00980 -175.06120     50.745    -1.4474    -1.4433    -1.4483    31.6987    31.7072  1025.7351    25.4898    274.700    263.223  371.04280     74.035     0.0684     0.0623     0.7061 9.0035e-03      12637          4  0.000e+00
     50.253   62.00980 -175.06120     50.745    -1.4471    -1.4435    -1.4480    31.6985    31.7072  1025.7349    25.4896    274.900    263.437  371.04109     74.089     0.0684     0.0623     0.7061 9.0035e-03      12638          4  0.000e+00
     50.253   62.00980 -175.06120     50.745    -1.4472    -1.4438    -1.4481    31.6982    31.7079  1025.7347    25.4894    274.893    263.616  371.04248     74.087     0.0684     0.0623     0.7048 9.3628e-03      12639          4  0.000e+00
     50.315   62.00980 -175.06120     50.808    -1.4474    -1.4434    -1.4483    31.6978    31.7077  1025.7347    25.4891    274.890    263.626  371.04591     74.085     0.0696     0.0696     0.7061 9.3628e-03      12640          4  0.000e+00
     50.253   62.00980 -175.06120     50.746    -1.4472    -1.4431    -1.4481    31.6977    31.7077  1025.7343    25.4890    274.878    263.664  371.04384     74.082     0.0684     0.0623     0.7061 9.3628e-03      12641          4  0.000e+00
     50.315   62.00980 -175.06120     50.808    -1.4471    -1.4430    -1.4480    31.6970    31.7076  1025.7340    25.4884    274.873    263.214  371.04542     74.081     0.0684     0.0623     0.7048 1.1906e-02      12642          4  0.000e+00
     50.253   62.00980 -175.06120     50.746    -1.4477    -1.4432    -1.4485    31.6974    31.7069  1025.7341    25.4888    274.866    263.392  371.04926     74.078     0.0684     0.0623     0.7061 1.8295e-02      12643          4  0.000e+00
     50.315   62.00980 -175.06120     50.808    -1.4488    -1.4442    -1.4497    31.6982    31.7068  1025.7350    25.4894    275.128    263.645  371.05867     74.147     0.0684     0.0623     0.7061 2.0624e-02      12644          4  0.000e+00
     50.315   62.00980 -175.06120     50.808    -1.4490    -1.4452    -1.4499    31.6985    31.7073  1025.7353    25.4897    274.909    263.697  371.06001     74.087     0.0684     0.0623     0.7061 1.8295e-02      12645          4  0.000e+00
     50.253   62.00980 -175.06120     50.746    -1.4492    -1.4466    -1.4500    31.6983    31.7085  1025.7348    25.4895    274.898    263.748  371.06182     74.084     0.0684     0.0623     0.7061 1.0447e-02      12646          4  0.000e+00
     50.315   62.00980 -175.06120     50.808    -1.4497    -1.4482    -1.4506    31.6991    31.7086  1025.7358    25.4902    274.944    263.808  371.06450     74.096     0.0684     0.0623     0.7061 7.2223e-03      12647          4  0.000e+00
     50.253   62.00980 -175.06120     50.746    -1.4496    -1.4495    -1.4504    31.6991    31.7088  1025.7355    25.4902    274.932    263.860  371.06335     74.093     0.0684     0.0623     0.7061 7.5765e-03      12648          4  0.000e+00
     50.315   62.00980 -175.06120     50.808    -1.4489    -1.4502    -1.4498    31.6987    31.7088  1025.7354    25.4898    275.182    263.879  371.05835     74.161     0.0684     0.0623     0.7048 8.6453e-03      12649          4  0.000e+00
     50.315   62.00980 -175.06120     50.808    -1.4495    -1.4508    -1.4503    31.6987    31.7090  1025.7355    25.4899    274.966    263.860  371.06341     74.102     0.0684     0.0623     0.7011 9.3628e-03      12650          4  0.000e+00
     50.315   62.00980 -175.06120     50.808    -1.4501    -1.4511    -1.4510    31.6991    31.7092  1025.7358    25.4902    274.961    263.902  371.06917     74.100     0.0696     0.0696     0.6826 9.3628e-03      12651          4  0.000e+00
     50.315   62.00980 -175.06120     50.808    -1.4504    -1.4513    -1.4513    31.6989    31.7089  1025.7356    25.4900    274.953    263.945  371.07277     74.097     0.0684     0.0623     0.6740 1.1174e-02      12652          4  0.000e+00
     50.315   62.00980 -175.06120     50.808    -1.4504    -1.4513    -1.4513    31.6988    31.7089  1025.7355    25.4900    274.994    263.918  371.07250     74.108     0.0696     0.0696     0.6740 1.2274e-02      12653          4  0.000e+00
     50.253   62.00980 -175.06120     50.746    -1.4503    -1.4514    -1.4512    31.6984    31.7095  1025.7349    25.4897    274.984    263.919  371.07299     74.105     0.0684     0.0623     0.6740 1.2274e-02      12654          4  0.000e+00
     50.315   62.00980 -175.06120     50.808    -1.4505    -1.4513    -1.4514    31.6984    31.7092  1025.7352    25.4896    274.980    263.957  371.07478     74.104     0.0684     0.0623     0.6753 1.2642e-02      12655          4  0.000e+00
     50.315   62.00980 -175.06120     50.808    -1.4511    -1.4511    -1.4519    31.6986    31.7091  1025.7354    25.4898    274.976    263.925  371.07987     74.102     0.0684     0.0623     0.6753 1.3012e-02      12656          4  0.000e+00
     50.253   62.00980 -175.06120     50.746    -1.4511    -1.4511    -1.4520    31.6985    31.7090  1025.7351    25.4898    274.966    263.890  371.08066     74.099     0.0684     0.0623     0.6753 1.3012e-02      12657          4  0.000e+00
     50.315   62.00980 -175.06120     50.808    -1.4514    -1.4510    -1.4522    31.6986    31.7092  1025.7354    25.4898    274.962    263.887  371.08285     74.097     0.0684     0.0623     0.6753 7.9318e-03      12658          4  0.000e+00
     50.315   62.00980 -175.06120     50.808    -1.4511    -1.4507    -1.4520    31.6984    31.7088  1025.7353    25.4897    274.952    264.146  371.08102     74.095     0.0684     0.0623     0.6753 2.7065e-03      12659          4  0.000e+00
     50.315   62.00980 -175.06120     50.808    -1.4503    -1.4507    -1.4512    31.6981    31.7090  1025.7350    25.4894    274.937    264.206  371.07384     74.092     0.0684     0.0623     0.6753 1.6876e-03      12660          4  0.000e+00
     50.253   62.00980 -175.06120     50.746    -1.4500    -1.4505    -1.4509    31.6979    31.7090  1025.7345    25.4893    274.925    263.964  371.07150     74.089     0.0684     0.0623     0.6753 2.0263e-03      12661          4  0.000e+00
     50.315   62.00980 -175.06120     50.808    -1.4499    -1.4505    -1.4507    31.6984    31.7088  1025.7352    25.4896    274.916    264.188  371.06843     74.088     0.0684     0.0623     0.6753 2.7065e-03      12662          4  0.000e+00
     50.253   62.00980 -175.06120     50.746    -1.4499    -1.4504    -1.4508    31.6984    31.7088  1025.7349    25.4897    274.906    264.238  371.06884     74.085     0.0684     0.0623     0.6753 3.0480e-03      12663          4  0.000e+00
     50.253   62.00980 -175.06120     50.746    -1.4503    -1.4505    -1.4512    31.6982    31.7087  1025.7348    25.4895    275.005    264.061  371.07361     74.111     0.0696     0.0696     0.6753 3.7340e-03      12664          4  0.000e+00
     50.315   62.00980 -175.06120     50.808    -1.4509    -1.4504    -1.4518    31.6986    31.7089  1025.7354    25.4898    275.008    264.313  371.07883     74.110     0.0684     0.0623     0.6753 5.1175e-03      12665          4  0.000e+00
     50.253   62.00980 -175.06120     50.746    -1.4511    -1.4504    -1.4519    31.6981    31.7086  1025.7347    25.4895    275.004    264.362  371.08126     74.109     0.0684     0.0623     0.6753 5.4659e-03      12666          4  0.000e+00
     50.315   62.00980 -175.06120     50.808    -1.4511    -1.4504    -1.4520    31.6982    31.7084  1025.7351    25.4895    275.002    264.184  371.08164     74.108     0.0684     0.0623     0.6753 4.7702e-03      12667          4  0.000e+00
     50.253   62.00980 -175.06120     50.746    -1.4514    -1.4505    -1.4522    31.6989    31.7090  1025.7354    25.4901    275.048    264.429  371.08187     74.121     0.0684     0.0623     0.6753 1.6876e-03      12668          4  0.000e+00
     50.253   62.00980 -175.06120     50.746    -1.4509    -1.4502    -1.4518    31.6982    31.7087  1025.7348    25.4895    274.784    264.409  371.07984     74.050     0.0684     0.0623     0.6753 6.7730e-04      12669          4  0.000e+00
     50.253   62.00980 -175.06120     50.746    -1.4512    -1.4504    -1.4521    31.6986    31.7091  1025.7351    25.4898    274.736    264.420  371.08170     74.036     0.0684     0.0623     0.6777 1.3499e-03      12670          4  0.000e+00
     50.199   62.00980 -175.06120     50.691    -1.4513    -1.4502    -1.4522    31.6988    31.7085  1025.7350    25.4900    274.946    264.690  371.08163     74.093     0.0672     0.0549     0.7135 6.5167e-03      12671          4  0.000e+00
     50.307   62.00980 -175.06120     50.800    -1.4511    -1.4504    -1.4519    31.6984    31.7087  1025.7352    25.4897    274.951    264.536  371.08036     74.095     0.0672     0.0549     0.7346 9.3628e-03      12672          4  0.000e+00
     50.253   62.00980 -175.06120     50.746    -1.4511    -1.4505    -1.4520    31.6984    31.7090  1025.7349    25.4896    274.692    264.735  371.08116     74.025     0.0659     0.0476     0.7371 1.0084e-02      12673          4  0.000e+00
     50.199   62.00980 -175.06120     50.691    -1.4514    -1.4502    -1.4522    31.6987    31.7084  1025.7350    25.4899    274.645    264.763  371.08240     74.012     0.0672     0.0549     0.7346 1.7528e-02      12674          4  0.000e+00
     49.914   62.00980 -175.06118     50.403    -1.4419    -1.4421    -1.4427    31.6972    31.7072  1025.7321    25.4885    275.065    263.267  370.99180     74.143     0.0684     0.0623     0.6642 3.4241e-04      12848          5  0.000e+00
