EcoFOCI/data/1_SampleCollection/2023_SikuliaqDBO_CruiseData/CTD_raw_BottleFile_SKQ23-12S/proc/skq202312s_021svp.cnv
* Sea-Bird SBE 9 Data File:
* FileName = D:\CTD\SKQ202312S\SKQ202312S_021.hex
* Software Version Seasave V 7.26.7.121
* Temperature SN = 6177
* Conductivity SN = 0369
* Number of Bytes Per Scan = 41
* Number of Voltage Words = 4
* Number of Scans Averaged by the Deck Unit = 1
* NMEA Latitude = 64 59.46 N
* NMEA Longitude = 169 08.29 W
* NMEA UTC (Time) = Sep 18 2023  02:53:31
* NMEA baud rate = 4800
** Ship: R/V Sikuliaq
** Station Number: 021
** Station Name: DBO2.5
** Bottom Depth: 48
** Operator: SS
# nquan = 7
# nvalues = 4195                                  
# units = specified
# name 0 = depSM: Depth [salt water, m]
# name 1 = latitude: Latitude [deg]
# name 2 = longitude: Longitude [deg]
# name 3 = t090C: Temperature [ITS-90, deg C]
# name 4 = sal00: Salinity, Practical [PSU]
# name 5 = svCM: Sound Velocity [Chen-Millero, m/s]
# name 6 = flag:  0.000e+00
# span 0 =      1.605,     43.174                 
# span 1 =   64.99128,   64.99152                 
# span 2 = -169.13860, -169.13846                 
# span 3 =     1.9257,     3.2703                 
# span 4 =    32.0542,    32.8614                 
# span 5 =    1454.13,    1461.22                 
# span 6 = 0.0000e+00, 0.0000e+00                 
# interval = seconds: 0.0416667
# start_time = Sep 18 2023 02:57:41 [NMEA time, first data scan]
# bad_flag = -9.990e-29
*END*
[from data line 2872]
     32.455   64.99146 -169.13856     3.2671    32.7694    1461.19  0.000e+00
     32.355   64.99146 -169.13856     3.2675    32.7694    1461.19  0.000e+00
     32.455   64.99146 -169.13856     3.2678    32.7689    1461.19  0.000e+00
     32.409   64.99146 -169.13856     3.2678    32.7691    1461.19  0.000e+00
     32.409   64.99146 -169.13856     3.2677    32.7686    1461.19  0.000e+00
     32.455   64.99146 -169.13856     3.2678    32.7689    1461.19  0.000e+00
     32.470   64.99146 -169.13856     3.2678    32.7692    1461.19  0.000e+00
     32.455   64.99146 -169.13856     3.2678    32.7691    1461.19  0.000e+00
     32.524   64.99146 -169.13856     3.2680    32.7691    1461.19  0.000e+00
     32.470   64.99146 -169.13856     3.2681    32.7688    1461.19  0.000e+00
     32.509   64.99146 -169.13856     3.2682    32.7689    1461.19  0.000e+00
     32.524   64.99146 -169.13856     3.2683    32.7689    1461.19  0.000e+00
     32.571   64.99146 -169.13856     3.2681    32.7691    1461.19  0.000e+00
     32.524   64.99146 -169.13856     3.2682    32.7694    1461.19  0.000e+00
     32.578   64.99146 -169.13856     3.2685    32.7688    1461.20  0.000e+00
     32.624   64.99146 -169.13856     3.2683    32.7689    1461.20  0.000e+00
     32.578   64.99146 -169.13856     3.2683    32.7689    1461.19  0.000e+00
     32.578   64.99146 -169.13856     3.2682    32.7688    1461.19  0.000e+00
     32.686   64.99146 -169.13856     3.2681    32.7687    1461.20  0.000e+00
     32.640   64.99146 -169.13856     3.2680    32.7691    1461.19  0.000e+00
     32.624   64.99146 -169.13856     3.2681    32.7692    1461.20  0.000e+00
     32.694   64.99146 -169.13856     3.2682    32.7694    1461.20  0.000e+00
     32.694   64.99146 -169.13856     3.2683    32.7696    1461.20  0.000e+00
     32.686   64.99146 -169.13856     3.2684    32.7691    1461.20  0.000e+00
     32.694   64.99146 -169.13856     3.2685    32.7693    1461.20  0.000e+00
     32.740   64.99146 -169.13856     3.2686    32.7697    1461.20  0.000e+00
     32.756   64.99146 -169.13856     3.2687    32.7695    1461.20  0.000e+00
     32.810   64.99146 -169.13856     3.2686    32.7698    1461.20  0.000e+00
     32.740   64.99146 -169.13856     3.2686    32.7701    1461.20  0.000e+00
     32.810   64.99146 -169.13856     3.2689    32.7699    1461.20  0.000e+00
     32.810   64.99146 -169.13856     3.2693    32.7701    1461.20  0.000e+00
     32.856   64.99146 -169.13856     3.2694    32.7704    1461.21  0.000e+00
     32.871   64.99146 -169.13856     3.2696    32.7700    1461.21  0.000e+00
     32.856   64.99146 -169.13856     3.2696    32.7704    1461.21  0.000e+00
     32.925   64.99146 -169.13856     3.2698    32.7701    1461.21  0.000e+00
     32.871   64.99146 -169.13856     3.2700    32.7699    1461.21  0.000e+00
     32.971   64.99146 -169.13856     3.2699    32.7703    1461.21  0.000e+00
     32.925   64.99146 -169.13856     3.2700    32.7700    1461.21  0.000e+00
     32.910   64.99146 -169.13856     3.2703    32.7693    1461.21  0.000e+00
     32.979   64.99146 -169.13856     3.2701    32.7699    1461.21  0.000e+00
     33.041   64.99146 -169.13856     3.2701    32.7697    1461.21  0.000e+00
     33.025   64.99146 -169.13856     3.2699    32.7701    1461.21  0.000e+00
     32.979   64.99146 -169.13856     3.2699    32.7704    1461.21  0.000e+00
     33.041   64.99146 -169.13856     3.2700    32.7701    1461.21  0.000e+00
     33.087   64.99146 -169.13856     3.2698    32.7698    1461.21  0.000e+00
     33.095   64.99146 -169.13856     3.2698    32.7699    1461.21  0.000e+00
     33.141   64.99146 -169.13856     3.2696    32.7705    1461.21  0.000e+00
     33.095   64.99146 -169.13856     3.2698    32.7699    1461.21  0.000e+00
     33.157   64.99146 -169.13856     3.2696    32.7705    1461.21  0.000e+00
     33.203   64.99146 -169.13856     3.2696    32.7704    1461.21  0.000e+00
     33.157   64.99146 -169.13856     3.2696    32.7702    1461.21  0.000e+00
     33.211   64.99146 -169.13856     3.2696    32.7703    1461.21  0.000e+00
     33.257   64.99146 -169.13856     3.2696    32.7706    1461.21  0.000e+00
     33.272   64.99146 -169.13856     3.2698    32.7702    1461.21  0.000e+00
     33.257   64.99146 -169.13856     3.2696    32.7705    1461.21  0.000e+00
     33.326   64.99146 -169.13856     3.2698    32.7705    1461.22  0.000e+00
     33.326   64.99146 -169.13856     3.2699    32.7709    1461.22  0.000e+00
     33.373   64.99146 -169.13856     3.2701    32.7707    1461.22  0.000e+00
     33.380   64.99146 -169.13856     3.2701    32.7711    1461.22  0.000e+00
     33.442   64.99146 -169.13856     3.2702    32.7708    1461.22  0.000e+00
     33.372   64.99146 -169.13856     3.2703    32.7703    1461.22  0.000e+00
     33.496   64.99146 -169.13856     3.2703    32.7705    1461.22  0.000e+00
     33.488   64.99146 -169.13856     3.2702    32.7710    1461.22  0.000e+00
     33.496   64.99146 -169.13856     3.2703    32.7703    1461.22  0.000e+00
     33.496   64.99146 -169.13856     3.2702    32.7706    1461.22  0.000e+00
     33.542   64.99146 -169.13856     3.2703    32.7706    1461.22  0.000e+00
     33.558   64.99146 -169.13856     3.2701    32.7706    1461.22  0.000e+00
     33.612   64.99146 -169.13856     3.2701    32.7707    1461.22  0.000e+00
     33.604   64.99146 -169.13856     3.2700    32.7709    1461.22  0.000e+00
     33.612   64.99146 -169.13856     3.2696    32.7711    1461.22  0.000e+00
     33.658   64.99146 -169.13856     3.2699    32.7704    1461.22  0.000e+00
     33.673   64.99146 -169.13856     3.2695    32.7710    1461.22  0.000e+00
     33.673   64.99146 -169.13856     3.2698    32.7708    1461.22  0.000e+00
     33.712   64.99146 -169.13856     3.2694    32.7709    1461.22  0.000e+00
     33.727   64.99146 -169.13856     3.2694    32.7711    1461.22  0.000e+00
     33.781   64.99146 -169.13856     3.2693    32.7708    1461.22  0.000e+00
     33.774   64.99146 -169.13856     3.2690    32.7712    1461.22  0.000e+00
     33.843   64.99146 -169.13856     3.2689    32.7709    1461.22  0.000e+00
     33.843   64.99146 -169.13856     3.2688    32.7711    1461.22  0.000e+00
     33.828   64.99146 -169.13856     3.2686    32.7714    1461.22  0.000e+00
     33.897   64.99146 -169.13856     3.2685    32.7712    1461.22  0.000e+00
     33.889   64.99146 -169.13856     3.2683    32.7715    1461.22  0.000e+00
     33.897   64.99146 -169.13856     3.2683    32.7712    1461.22  0.000e+00
     33.959   64.99146 -169.13856     3.2682    32.7712    1461.22  0.000e+00
     34.005   64.99146 -169.13856     3.2678    32.7717    1461.22  0.000e+00
     33.959   64.99146 -169.13856     3.2675    32.7715    1461.22  0.000e+00
     34.067   64.99146 -169.13856     3.2672    32.7712    1461.22  0.000e+00
     34.059   64.99146 -169.13856     3.2670    32.7714    1461.22  0.000e+00
     34.067   64.99146 -169.13856     3.2664    32.7714    1461.21  0.000e+00
     34.067   64.99146 -169.13856     3.2663    32.7715    1461.21  0.000e+00
     34.113   64.99146 -169.13856     3.2655    32.7719    1461.21  0.000e+00
     34.128   64.99146 -169.13856     3.2648    32.7711    1461.21  0.000e+00
     34.182   64.99146 -169.13856     3.2639    32.7716    1461.21  0.000e+00
     34.229   64.99146 -169.13856     3.2629    32.7717    1461.20  0.000e+00
     34.182   64.99146 -169.13856     3.2621    32.7720    1461.20  0.000e+00
     34.229   64.99146 -169.13856     3.2614    32.7722    1461.20  0.000e+00
     34.298   64.99146 -169.13856     3.2609    32.7717    1461.20  0.000e+00
     34.298   64.99146 -169.13856     3.2604    32.7719    1461.19  0.000e+00
     34.290   64.99146 -169.13856     3.2596    32.7722    1461.19  0.000e+00
     34.360   64.99146 -169.13856     3.2589    32.7722    1461.19  0.000e+00
     34.360   64.99146 -169.13856     3.2581    32.7723    1461.18  0.000e+00
     34.344   64.99146 -169.13856     3.2570    32.7724    1461.18  0.000e+00
     34.468   64.99146 -169.13856     3.2562    32.7720    1461.18  0.000e+00
     34.414   64.99146 -169.13856     3.2553    32.7723    1461.17  0.000e+00
     34.460   64.99146 -169.13856     3.2546    32.7726    1461.17  0.000e+00
     34.468   64.99146 -169.13856     3.2537    32.7733    1461.17  0.000e+00
     34.530   64.99146 -169.13856     3.2529    32.7731    1461.17  0.000e+00
     34.576   64.99146 -169.13856     3.2519    32.7733    1461.16  0.000e+00
     34.529   64.99146 -169.13856     3.2510    32.7735    1461.16  0.000e+00
     34.583   64.99146 -169.13856     3.2505    32.7735    1461.16  0.000e+00
     34.630   64.99146 -169.13856     3.2501    32.7741    1461.16  0.000e+00
     34.583   64.99146 -169.13856     3.2494    32.7737    1461.15  0.000e+00
     34.699   64.99146 -169.13856     3.2483    32.7739    1461.15  0.000e+00
     34.691   64.99146 -169.13856     3.2473    32.7735    1461.15  0.000e+00
     34.699   64.99146 -169.13856     3.2462    32.7738    1461.14  0.000e+00
     34.691   64.99146 -169.13856     3.2454    32.7738    1461.14  0.000e+00
     34.761   64.99146 -169.13856     3.2445    32.7741    1461.14  0.000e+00
     34.761   64.99146 -169.13856     3.2442    32.7747    1461.14  0.000e+00
     34.807   64.99146 -169.13856     3.2439    32.7749    1461.14  0.000e+00
     34.815   64.99146 -169.13856     3.2436    32.7752    1461.13  0.000e+00
     34.869   64.99146 -169.13856     3.2435    32.7752    1461.13  0.000e+00
     34.807   64.99146 -169.13856     3.2436    32.7752    1461.13  0.000e+00
     34.931   64.99146 -169.13856     3.2433    32.7754    1461.14  0.000e+00
     34.869   64.99146 -169.13856     3.2433    32.7755    1461.13  0.000e+00
     34.915   64.99146 -169.13856     3.2434    32.7755    1461.14  0.000e+00
     34.931   64.99146 -169.13856     3.2434    32.7760    1461.14  0.000e+00
     34.985   64.99146 -169.13856     3.2434    32.7756    1461.14  0.000e+00
     34.977   64.99146 -169.13856     3.2436    32.7759    1461.14  0.000e+00
     34.985   64.99146 -169.13856     3.2440    32.7764    1461.14  0.000e+00
     35.046   64.99146 -169.13856     3.2439    32.7769    1461.14  0.000e+00
     35.031   64.99146 -169.13856     3.2442    32.7767    1461.14  0.000e+00
     35.046   64.99146 -169.13856     3.2443    32.7768    1461.14  0.000e+00
     35.100   64.99146 -169.13856     3.2442    32.7769    1461.14  0.000e+00
     35.093   64.99146 -169.13856     3.2445    32.7769    1461.14  0.000e+00
     35.162   64.99146 -169.13856     3.2442    32.7772    1461.15  0.000e+00
     35.100   64.99146 -169.13856     3.2443    32.7767    1461.14  0.000e+00
     35.147   64.99146 -169.13856     3.2446    32.7766    1461.15  0.000e+00
     35.216   64.99146 -169.13856     3.2445    32.7771    1461.15  0.000e+00
     35.216   64.99146 -169.13856     3.2445    32.7772    1461.15  0.000e+00
     35.208   64.99146 -169.13856     3.2445    32.7773    1461.15  0.000e+00
     35.216   64.99146 -169.13856     3.2445    32.7775    1461.15  0.000e+00
     35.270   64.99146 -169.13856     3.2443    32.7774    1461.15  0.000e+00
     35.262   64.99146 -169.13856     3.2446    32.7770    1461.15  0.000e+00
     35.270   64.99146 -169.13856     3.2445    32.7782    1461.15  0.000e+00
     35.332   64.99146 -169.13856     3.2448    32.7785    1461.15  0.000e+00
     35.316   64.99146 -169.13856     3.2453    32.7789    1461.15  0.000e+00
     35.332   64.99146 -169.13856     3.2457    32.7803    1461.16  0.000e+00
     35.332   64.99146 -169.13856     3.2466    32.7810    1461.16  0.000e+00
     35.378   64.99146 -169.13856     3.2470    32.7819    1461.17  0.000e+00
     35.386   64.99146 -169.13856     3.2474    32.7830    1461.17  0.000e+00
     35.447   64.99146 -169.13856     3.2483    32.7831    1461.17  0.000e+00
     35.378   64.99146 -169.13856     3.2491    32.7834    1461.18  0.000e+00
     35.501   64.99146 -169.13856     3.2492    32.7841    1461.18  0.000e+00
     35.447   64.99146 -169.13856     3.2498    32.7844    1461.18  0.000e+00
     35.494   64.99146 -169.13856     3.2502    32.7844    1461.19  0.000e+00
     35.501   64.99146 -169.13856     3.2504    32.7845    1461.19  0.000e+00
     35.501   64.99146 -169.13856     3.2509    32.7843    1461.19  0.000e+00
     35.548   64.99146 -169.13856     3.2505    32.7841    1461.19  0.000e+00
     35.563   64.99146 -169.13856     3.2497    32.7844    1461.18  0.000e+00
     35.563   64.99146 -169.13856     3.2490    32.7847    1461.18  0.000e+00
     35.609   64.99146 -169.13856     3.2488    32.7843    1461.18  0.000e+00
     35.617   64.99146 -169.13856     3.2478    32.7836    1461.18  0.000e+00
     35.617   64.99146 -169.13856     3.2458    32.7819    1461.17  0.000e+00
     35.663   64.99146 -169.13856     3.2417    32.7782    1461.14  0.000e+00
     35.617   64.99146 -169.13856     3.2363    32.7770    1461.12  0.000e+00
     35.733   64.99146 -169.13856     3.2314    32.7787    1461.10  0.000e+00
     35.671   64.99146 -169.13856     3.2281    32.7812    1461.09  0.000e+00
     35.717   64.99146 -169.13856     3.2269    32.7824    1461.09  0.000e+00
     35.733   64.99146 -169.13856     3.2262    32.7822    1461.08  0.000e+00
     35.733   64.99146 -169.13856     3.2235    32.7812    1461.07  0.000e+00
     35.779   64.99146 -169.13856     3.2205    32.7807    1461.06  0.000e+00
     35.787   64.99146 -169.13856     3.2176    32.7806    1461.05  0.000e+00
     35.848   64.99146 -169.13856     3.2150    32.7803    1461.04  0.000e+00
     35.833   64.99146 -169.13856     3.2121    32.7814    1461.02  0.000e+00
     35.848   64.99146 -169.13856     3.2087    32.7837    1461.01  0.000e+00
     35.848   64.99146 -169.13856     3.2067    32.7849    1461.01  0.000e+00
     35.895   64.99146 -169.13856     3.2053    32.7859    1461.00  0.000e+00
     35.902   64.99146 -169.13856     3.2044    32.7871    1461.00  0.000e+00
     35.964   64.99146 -169.13856     3.2042    32.7877    1461.00  0.000e+00
     35.949   64.99146 -169.13856     3.2042    32.7869    1461.00  0.000e+00
     35.964   64.99146 -169.13856     3.2039    32.7876    1461.00  0.000e+00
     36.018   64.99146 -169.13856     3.2040    32.7878    1461.00  0.000e+00
     36.010   64.99146 -169.13856     3.2040    32.7877    1461.00  0.000e+00
     36.018   64.99146 -169.13856     3.2039    32.7881    1461.00  0.000e+00
     36.072   64.99146 -169.13856     3.2041    32.7876    1461.00  0.000e+00
     36.064   64.99146 -169.13856     3.2037    32.7877    1461.00  0.000e+00
     36.072   64.99146 -169.13856     3.2031    32.7876    1461.00  0.000e+00
     36.134   64.99146 -169.13856     3.2026    32.7878    1461.00  0.000e+00
     36.118   64.99146 -169.13856     3.2023    32.7873    1461.00  0.000e+00
     36.188   64.99146 -169.13856     3.2015    32.7879    1460.99  0.000e+00
     36.188   64.99146 -169.13856     3.2013    32.7872    1460.99  0.000e+00
     36.188   64.99146 -169.13856     3.2009    32.7879    1460.99  0.000e+00
     36.234   64.99146 -169.13856     3.2006    32.7877    1460.99  0.000e+00
     36.249   64.99146 -169.13856     3.2001    32.7880    1460.99  0.000e+00
     36.249   64.99146 -169.13856     3.1995    32.7884    1460.99  0.000e+00
     36.296   64.99146 -169.13856     3.1991    32.7883    1460.99  0.000e+00
     36.303   64.99146 -169.13856     3.1990    32.7884    1460.99  0.000e+00
     36.365   64.99146 -169.13856     3.1990    32.7887    1460.99  0.000e+00
     36.350   64.99146 -169.13856     3.1990    32.7890    1460.99  0.000e+00
     36.365   64.99146 -169.13856     3.1995    32.7883    1460.99  0.000e+00
     36.365   64.99146 -169.13856     3.1996    32.7886    1460.99  0.000e+00
     36.465   64.99146 -169.13856     3.1998    32.7883    1460.99  0.000e+00
     36.419   64.99146 -169.13856     3.1996    32.7881    1460.99  0.000e+00
     36.473   64.99146 -169.13856     3.1998    32.7879    1460.99  0.000e+00
