EcoFOCI/data/1_SampleCollection/2023_SikuliaqDBO_CruiseData/CTD_raw_BottleFile_SKQ23-12S/proc/skq202312s_004svp.cnv
* Sea-Bird SBE 9 Data File:
* FileName = D:\CTD\SKQ202312S\SKQ202312S_004.hex
* Software Version Seasave V 7.26.7.121
* Temperature SN = 6177
* Conductivity SN = 0369
* Number of Bytes Per Scan = 41
* Number of Voltage Words = 4
* Number of Scans Averaged by the Deck Unit = 1
* NMEA Latitude = 62 13.13 N
* NMEA Longitude = 174 52.60 W
* NMEA UTC (Time) = Sep 15 2023  19:57:17
* NMEA baud rate = 4800
** Ship: R/V Sikuliaq
** Station Number: 004
** Station Name: DBO1.3
** Bottom Depth: 75
** Operator: SS
** Dry cast
# nquan = 7
# nvalues = 5544                                  
# units = specified
# name 0 = depSM: Depth [salt water, m]
# name 1 = latitude: Latitude [deg]
# name 2 = longitude: Longitude [deg]
# name 3 = t090C: Temperature [ITS-90, deg C]
# name 4 = sal00: Salinity, Practical [PSU]
# name 5 = svCM: Sound Velocity [Chen-Millero, m/s]
# name 6 = flag:  0.000e+00
# span 0 =      0.971,     70.345                 
# span 1 =   62.21878,   62.21880                 
# span 2 = -174.87668, -174.87664                 
# span 3 =    -1.5485,     7.7793                 
# span 4 =    30.8130,    31.9066                 
# span 5 =    1438.44,    1476.85                 
# span 6 = 0.0000e+00, 0.0000e+00                 
# interval = seconds: 0.0416667
# start_time = Sep 15 2023 20:01:28 [NMEA time, first data scan]
# bad_flag = -9.990e-29
*END*
[from data line 4513]
     64.431   62.21880 -174.87666    -1.5476    31.8999    1438.74  0.000e+00
     64.377   62.21880 -174.87666    -1.5477    31.9004    1438.74  0.000e+00
     64.423   62.21880 -174.87666    -1.5476    31.9000    1438.74  0.000e+00
     64.315   62.21880 -174.87666    -1.5476    31.9003    1438.74  0.000e+00
     64.377   62.21880 -174.87666    -1.5474    31.8998    1438.74  0.000e+00
     64.362   62.21880 -174.87666    -1.5473    31.9002    1438.75  0.000e+00
     64.315   62.21880 -174.87666    -1.5468    31.9004    1438.75  0.000e+00
     64.377   62.21880 -174.87666    -1.5460    31.9009    1438.75  0.000e+00
     64.308   62.21880 -174.87666    -1.5456    31.9004    1438.75  0.000e+00
     64.315   62.21880 -174.87666    -1.5451    31.9000    1438.75  0.000e+00
     64.315   62.21880 -174.87666    -1.5452    31.9002    1438.75  0.000e+00
     64.308   62.21880 -174.87666    -1.5448    31.9002    1438.76  0.000e+00
     64.315   62.21880 -174.87666    -1.5444    31.9007    1438.76  0.000e+00
     64.315   62.21880 -174.87666    -1.5434    31.9009    1438.76  0.000e+00
     64.308   62.21880 -174.87666    -1.5423    31.9001    1438.77  0.000e+00
     64.261   62.21880 -174.87666    -1.5415    31.9000    1438.77  0.000e+00
     64.315   62.21880 -174.87666    -1.5411    31.8998    1438.77  0.000e+00
     64.308   62.21880 -174.87666    -1.5406    31.9001    1438.78  0.000e+00
     64.261   62.21880 -174.87666    -1.5399    31.9000    1438.78  0.000e+00
     64.261   62.21880 -174.87666    -1.5396    31.9005    1438.78  0.000e+00
     64.308   62.21880 -174.87666    -1.5385    31.8996    1438.79  0.000e+00
     64.261   62.21880 -174.87666    -1.5381    31.8998    1438.79  0.000e+00
     64.261   62.21880 -174.87666    -1.5375    31.9000    1438.79  0.000e+00
     64.308   62.21880 -174.87666    -1.5370    31.8994    1438.79  0.000e+00
     64.261   62.21880 -174.87666    -1.5369    31.8997    1438.79  0.000e+00
     64.261   62.21880 -174.87666    -1.5367    31.8992    1438.79  0.000e+00
     64.307   62.21880 -174.87666    -1.5366    31.8993    1438.79  0.000e+00
     64.261   62.21880 -174.87666    -1.5365    31.8997    1438.79  0.000e+00
     64.261   62.21880 -174.87666    -1.5366    31.8994    1438.79  0.000e+00
     64.307   62.21880 -174.87666    -1.5362    31.8991    1438.80  0.000e+00
     64.261   62.21880 -174.87666    -1.5360    31.8992    1438.80  0.000e+00
     64.315   62.21880 -174.87666    -1.5358    31.8992    1438.80  0.000e+00
     64.246   62.21880 -174.87666    -1.5356    31.8991    1438.80  0.000e+00
     64.261   62.21880 -174.87666    -1.5357    31.8993    1438.80  0.000e+00
     64.315   62.21880 -174.87666    -1.5355    31.8989    1438.80  0.000e+00
     64.307   62.21880 -174.87666    -1.5358    31.8992    1438.80  0.000e+00
     64.315   62.21880 -174.87666    -1.5360    31.8994    1438.80  0.000e+00
     64.261   62.21880 -174.87666    -1.5358    31.8992    1438.80  0.000e+00
     64.307   62.21880 -174.87666    -1.5358    31.8994    1438.80  0.000e+00
     64.315   62.21880 -174.87666    -1.5360    31.8992    1438.80  0.000e+00
     64.315   62.21880 -174.87666    -1.5362    31.8990    1438.80  0.000e+00
     64.362   62.21880 -174.87666    -1.5361    31.8987    1438.80  0.000e+00
     64.315   62.21880 -174.87666    -1.5364    31.8988    1438.79  0.000e+00
     64.377   62.21880 -174.87666    -1.5369    31.8989    1438.79  0.000e+00
     64.307   62.21880 -174.87666    -1.5372    31.8992    1438.79  0.000e+00
     64.377   62.21880 -174.87666    -1.5376    31.8995    1438.79  0.000e+00
     64.377   62.21880 -174.87666    -1.5380    31.8998    1438.79  0.000e+00
     64.362   62.21880 -174.87666    -1.5384    31.8997    1438.79  0.000e+00
     64.377   62.21880 -174.87666    -1.5385    31.8998    1438.79  0.000e+00
     64.431   62.21880 -174.87666    -1.5387    31.8997    1438.79  0.000e+00
     64.315   62.21880 -174.87666    -1.5387    31.8995    1438.78  0.000e+00
     64.477   62.21880 -174.87666    -1.5392    31.8997    1438.79  0.000e+00
     64.431   62.21880 -174.87666    -1.5396    31.8999    1438.78  0.000e+00
     64.431   62.21880 -174.87666    -1.5396    31.9002    1438.78  0.000e+00
     64.423   62.21880 -174.87666    -1.5393    31.8998    1438.78  0.000e+00
     64.493   62.21880 -174.87666    -1.5390    31.8993    1438.79  0.000e+00
     64.493   62.21880 -174.87666    -1.5385    31.8989    1438.79  0.000e+00
     64.423   62.21880 -174.87666    -1.5377    31.8983    1438.79  0.000e+00
     64.493   62.21880 -174.87666    -1.5376    31.8978    1438.79  0.000e+00
     64.547   62.21880 -174.87666    -1.5380    31.8980    1438.79  0.000e+00
     64.477   62.21880 -174.87666    -1.5387    31.8986    1438.79  0.000e+00
     64.547   62.21880 -174.87666    -1.5398    31.8987    1438.78  0.000e+00
     64.547   62.21880 -174.87666    -1.5406    31.8985    1438.78  0.000e+00
     64.531   62.21880 -174.87666    -1.5416    31.8991    1438.77  0.000e+00
     64.547   62.21880 -174.87666    -1.5419    31.8994    1438.77  0.000e+00
     64.601   62.21880 -174.87666    -1.5425    31.8991    1438.77  0.000e+00
     64.593   62.21880 -174.87666    -1.5432    31.8995    1438.77  0.000e+00
     64.601   62.21880 -174.87666    -1.5433    31.8997    1438.77  0.000e+00
     64.601   62.21880 -174.87666    -1.5434    31.9000    1438.77  0.000e+00
     64.593   62.21880 -174.87666    -1.5432    31.9000    1438.77  0.000e+00
     64.663   62.21880 -174.87666    -1.5429    31.8999    1438.77  0.000e+00
     64.601   62.21880 -174.87666    -1.5429    31.9003    1438.77  0.000e+00
     64.709   62.21880 -174.87666    -1.5427    31.8997    1438.77  0.000e+00
     64.717   62.21880 -174.87666    -1.5429    31.9001    1438.77  0.000e+00
     64.709   62.21880 -174.87666    -1.5429    31.9003    1438.77  0.000e+00
     64.717   62.21880 -174.87666    -1.5432    31.9004    1438.77  0.000e+00
     64.717   62.21880 -174.87666    -1.5428    31.9000    1438.77  0.000e+00
     64.709   62.21880 -174.87666    -1.5427    31.9001    1438.77  0.000e+00
     64.778   62.21880 -174.87666    -1.5425    31.8996    1438.77  0.000e+00
     64.778   62.21880 -174.87666    -1.5425    31.8996    1438.77  0.000e+00
     64.825   62.21880 -174.87666    -1.5425    31.8997    1438.78  0.000e+00
     64.778   62.21880 -174.87666    -1.5424    31.9000    1438.78  0.000e+00
     64.832   62.21880 -174.87666    -1.5422    31.8998    1438.78  0.000e+00
     64.825   62.21880 -174.87666    -1.5422    31.8999    1438.78  0.000e+00
     64.832   62.21880 -174.87666    -1.5425    31.9002    1438.78  0.000e+00
     64.832   62.21880 -174.87666    -1.5425    31.9001    1438.78  0.000e+00
     64.879   62.21880 -174.87666    -1.5427    31.9000    1438.78  0.000e+00
     64.894   62.21880 -174.87666    -1.5429    31.8993    1438.77  0.000e+00
     64.894   62.21880 -174.87666    -1.5430    31.8989    1438.77  0.000e+00
     64.933   62.21880 -174.87666    -1.5435    31.8998    1438.77  0.000e+00
     64.948   62.21880 -174.87666    -1.5434    31.8995    1438.77  0.000e+00
     64.948   62.21880 -174.87666    -1.5436    31.8996    1438.77  0.000e+00
     64.933   62.21880 -174.87666    -1.5441    31.8996    1438.77  0.000e+00
     64.948   62.21880 -174.87666    -1.5444    31.8995    1438.77  0.000e+00
     65.002   62.21880 -174.87666    -1.5444    31.8995    1438.77  0.000e+00
     64.995   62.21880 -174.87666    -1.5447    31.8986    1438.77  0.000e+00
     65.002   62.21880 -174.87666    -1.5456    31.8989    1438.76  0.000e+00
     65.064   62.21880 -174.87666    -1.5460    31.8996    1438.76  0.000e+00
     64.995   62.21880 -174.87666    -1.5465    31.9001    1438.76  0.000e+00
     65.064   62.21880 -174.87666    -1.5468    31.9001    1438.76  0.000e+00
     65.064   62.21880 -174.87666    -1.5470    31.9000    1438.76  0.000e+00
     65.110   62.21880 -174.87666    -1.5470    31.8997    1438.76  0.000e+00
     65.064   62.21880 -174.87666    -1.5471    31.8998    1438.76  0.000e+00
     65.064   62.21880 -174.87666    -1.5473    31.9004    1438.76  0.000e+00
     65.110   62.21880 -174.87666    -1.5472    31.8999    1438.76  0.000e+00
     65.118   62.21880 -174.87666    -1.5473    31.9001    1438.76  0.000e+00
     65.118   62.21880 -174.87666    -1.5470    31.8997    1438.76  0.000e+00
     65.164   62.21880 -174.87666    -1.5473    31.9001    1438.76  0.000e+00
     65.118   62.21880 -174.87666    -1.5474    31.9002    1438.76  0.000e+00
     65.180   62.21880 -174.87666    -1.5472    31.9000    1438.76  0.000e+00
     65.164   62.21880 -174.87666    -1.5471    31.9000    1438.76  0.000e+00
     65.180   62.21880 -174.87666    -1.5473    31.9002    1438.76  0.000e+00
     65.164   62.21880 -174.87666    -1.5474    31.8999    1438.76  0.000e+00
     65.180   62.21880 -174.87666    -1.5470    31.8997    1438.76  0.000e+00
     65.180   62.21880 -174.87666    -1.5471    31.8998    1438.76  0.000e+00
     65.226   62.21880 -174.87666    -1.5476    31.9002    1438.76  0.000e+00
     65.180   62.21880 -174.87666    -1.5473    31.8997    1438.76  0.000e+00
     65.234   62.21880 -174.87666    -1.5477    31.8998    1438.76  0.000e+00
     65.226   62.21880 -174.87666    -1.5478    31.8998    1438.76  0.000e+00
     65.180   62.21880 -174.87666    -1.5481    31.9002    1438.75  0.000e+00
     65.234   62.21880 -174.87666    -1.5479    31.9002    1438.76  0.000e+00
     65.226   62.21880 -174.87666    -1.5476    31.9001    1438.76  0.000e+00
     65.234   62.21880 -174.87666    -1.5477    31.9003    1438.76  0.000e+00
     65.234   62.21880 -174.87666    -1.5478    31.9000    1438.76  0.000e+00
     65.226   62.21880 -174.87666    -1.5477    31.9000    1438.76  0.000e+00
     65.234   62.21880 -174.87666    -1.5476    31.8999    1438.76  0.000e+00
     65.234   62.21880 -174.87666    -1.5477    31.8998    1438.76  0.000e+00
     65.226   62.21880 -174.87666    -1.5477    31.8998    1438.76  0.000e+00
     65.234   62.21880 -174.87666    -1.5475    31.8997    1438.76  0.000e+00
     65.234   62.21880 -174.87666    -1.5477    31.9002    1438.76  0.000e+00
     65.164   62.21880 -174.87666    -1.5476    31.9000    1438.76  0.000e+00
     65.234   62.21880 -174.87666    -1.5477    31.9001    1438.76  0.000e+00
     65.234   62.21880 -174.87666    -1.5477    31.9003    1438.76  0.000e+00
     65.226   62.21880 -174.87666    -1.5478    31.9002    1438.76  0.000e+00
     65.180   62.21880 -174.87666    -1.5476    31.9000    1438.76  0.000e+00
     65.226   62.21880 -174.87666    -1.5476    31.8999    1438.76  0.000e+00
     65.180   62.21880 -174.87666    -1.5477    31.9005    1438.76  0.000e+00
     65.180   62.21880 -174.87666    -1.5477    31.9002    1438.76  0.000e+00
     65.164   62.21880 -174.87666    -1.5476    31.8999    1438.76  0.000e+00
     65.180   62.21880 -174.87666    -1.5476    31.9001    1438.76  0.000e+00
     65.180   62.21880 -174.87666    -1.5474    31.9001    1438.76  0.000e+00
     65.164   62.21880 -174.87666    -1.5473    31.9001    1438.76  0.000e+00
     65.118   62.21880 -174.87666    -1.5470    31.9001    1438.76  0.000e+00
     65.180   62.21880 -174.87666    -1.5461    31.8999    1438.76  0.000e+00
     65.110   62.21880 -174.87666    -1.5456    31.8996    1438.76  0.000e+00
     65.118   62.21880 -174.87666    -1.5453    31.8990    1438.77  0.000e+00
     65.118   62.21880 -174.87666    -1.5460    31.8995    1438.76  0.000e+00
     65.049   62.21880 -174.87666    -1.5465    31.8999    1438.76  0.000e+00
     65.118   62.21880 -174.87666    -1.5470    31.8999    1438.76  0.000e+00
     65.064   62.21880 -174.87666    -1.5471    31.8998    1438.76  0.000e+00
     65.049   62.21880 -174.87666    -1.5470    31.8997    1438.76  0.000e+00
     65.002   62.21880 -174.87666    -1.5470    31.8999    1438.76  0.000e+00
     65.064   62.21880 -174.87666    -1.5467    31.9000    1438.76  0.000e+00
     64.995   62.21880 -174.87666    -1.5466    31.9001    1438.76  0.000e+00
     65.002   62.21880 -174.87666    -1.5459    31.9001    1438.76  0.000e+00
     65.002   62.21880 -174.87666    -1.5457    31.9000    1438.76  0.000e+00
     64.933   62.21880 -174.87666    -1.5455    31.9000    1438.76  0.000e+00
     65.002   62.21880 -174.87666    -1.5451    31.8998    1438.77  0.000e+00
     64.894   62.21880 -174.87666    -1.5448    31.8997    1438.76  0.000e+00
     64.933   62.21880 -174.87666    -1.5453    31.8999    1438.76  0.000e+00
     64.948   62.21880 -174.87666    -1.5450    31.8994    1438.76  0.000e+00
     64.832   62.21880 -174.87666    -1.5456    31.8998    1438.76  0.000e+00
     64.933   62.21880 -174.87666    -1.5455    31.8992    1438.76  0.000e+00
     64.832   62.21880 -174.87666    -1.5456    31.8996    1438.76  0.000e+00
     64.879   62.21880 -174.87666    -1.5457    31.8998    1438.76  0.000e+00
     64.832   62.21880 -174.87666    -1.5455    31.9000    1438.76  0.000e+00
     64.778   62.21880 -174.87666    -1.5455    31.8998    1438.76  0.000e+00
     64.825   62.21880 -174.87666    -1.5453    31.8992    1438.76  0.000e+00
     64.778   62.21880 -174.87666    -1.5453    31.8991    1438.76  0.000e+00
     64.778   62.21880 -174.87666    -1.5453    31.8987    1438.76  0.000e+00
     64.763   62.21880 -174.87666    -1.5459    31.8993    1438.76  0.000e+00
     64.717   62.21880 -174.87666    -1.5459    31.8991    1438.76  0.000e+00
     64.717   62.21880 -174.87666    -1.5458    31.8995    1438.76  0.000e+00
     64.709   62.21880 -174.87666    -1.5456    31.8996    1438.76  0.000e+00
     64.717   62.21880 -174.87666    -1.5455    31.8992    1438.76  0.000e+00
     64.662   62.21880 -174.87666    -1.5455    31.8998    1438.76  0.000e+00
     64.647   62.21880 -174.87666    -1.5456    31.8999    1438.76  0.000e+00
     64.601   62.21880 -174.87666    -1.5451    31.8997    1438.76  0.000e+00
     64.662   62.21880 -174.87666    -1.5445    31.8999    1438.76  0.000e+00
     64.593   62.21880 -174.87666    -1.5441    31.9001    1438.76  0.000e+00
     64.601   62.21880 -174.87666    -1.5436    31.8998    1438.77  0.000e+00
     64.547   62.21880 -174.87666    -1.5435    31.8994    1438.77  0.000e+00
     64.593   62.21880 -174.87666    -1.5437    31.8997    1438.77  0.000e+00
     64.547   62.21880 -174.87666    -1.5436    31.8993    1438.76  0.000e+00
     64.547   62.21880 -174.87666    -1.5436    31.8994    1438.76  0.000e+00
     64.531   62.21880 -174.87666    -1.5437    31.8996    1438.76  0.000e+00
     64.493   62.21880 -174.87666    -1.5438    31.8998    1438.76  0.000e+00
     64.493   62.21880 -174.87666    -1.5437    31.8997    1438.76  0.000e+00
     64.477   62.21880 -174.87666    -1.5439    31.8996    1438.76  0.000e+00
     64.493   62.21880 -174.87666    -1.5436    31.8992    1438.76  0.000e+00
     64.431   62.21880 -174.87666    -1.5441    31.9000    1438.76  0.000e+00
     64.423   62.21880 -174.87666    -1.5437    31.9000    1438.76  0.000e+00
     64.493   62.21880 -174.87666    -1.5436    31.8996    1438.76  0.000e+00
     64.377   62.21880 -174.87666    -1.5436    31.8998    1438.76  0.000e+00
     64.423   62.21880 -174.87666    -1.5439    31.8997    1438.76  0.000e+00
     64.431   62.21880 -174.87666    -1.5440    31.8999    1438.76  0.000e+00
     64.377   62.21880 -174.87666    -1.5434    31.8998    1438.76  0.000e+00
     64.361   62.21880 -174.87666    -1.5422    31.8997    1438.77  0.000e+00
     64.377   62.21880 -174.87666    -1.5413    31.8995    1438.77  0.000e+00
     64.377   62.21880 -174.87666    -1.5406    31.8995    1438.78  0.000e+00
     64.361   62.21880 -174.87666    -1.5402    31.9002    1438.78  0.000e+00
     64.315   62.21880 -174.87666    -1.5392    31.8998    1438.78  0.000e+00
     64.315   62.21880 -174.87666    -1.5385    31.8999    1438.79  0.000e+00
     64.361   62.21880 -174.87666    -1.5380    31.8997    1438.79  0.000e+00
