EcoFOCI/data/1_SampleCollection/2023_SikuliaqDBO_CruiseData/CTD_raw_BottleFile_SKQ23-12S/proc/skq202312s_037.cnv
* Sea-Bird SBE 9 Data File:
* FileName = D:\CTD\SKQ202312S\SKQ202312S_037.hex
* Software Version Seasave V 7.26.7.121
* Temperature SN = 6177
* Conductivity SN = 0369
* Number of Bytes Per Scan = 41
* Number of Voltage Words = 4
* Number of Scans Averaged by the Deck Unit = 1
* NMEA Latitude = 71 11.55 N
* NMEA Longitude = 160 15.97 W
* NMEA UTC (Time) = Sep 23 2023  07:57:53
* NMEA baud rate = 4800
** Ship: R/V Sikuliaq
** Station Number: 037
** Station Name: DBO4.1n
** Bottom Depth: 54
** Operator: SS
# nquan = 24
# nvalues = 6245                                  
# units = specified
# name 0 = depSM: Depth [salt water, m]
# name 1 = latitude: Latitude [deg]
# name 2 = longitude: Longitude [deg]
# name 3 = prDM: Pressure, Digiquartz [db]
# name 4 = t090C: Temperature [ITS-90, deg C]
# name 5 = t190C: Temperature, 2 [ITS-90, deg C]
# name 6 = potemp090C: Potential Temperature [ITS-90, deg C]
# name 7 = sal00: Salinity, Practical [PSU]
# name 8 = sal11: Salinity, Practical, 2 [PSU]
# name 9 = density00: Density [density, kg/m^3]
# name 10 = sigma-é00: Density [sigma-theta, kg/m^3]
# name 11 = sbox0Mm/Kg: Oxygen, SBE 43 [umol/kg]
# name 12 = sbox1Mm/Kg: Oxygen, SBE 43, 2 [umol/kg]
# name 13 = oxsolMm/Kg: Oxygen Saturation, Garcia & Gordon [umol/kg]
# name 14 = sbeox0PS: Oxygen, SBE 43 [% saturation]
# name 15 = sbeox1PS: Oxygen, SBE 43, 2 [% saturation]
# name 16 = v0: Voltage 0
# name 17 = flECO-AFL: Fluorescence, WET Labs ECO-AFL/FL [mg/m^3]
# name 18 = v1: Voltage 1
# name 19 = CStarAt0: Beam Attenuation, WET Labs C-Star [1/m]
# name 20 = par: PAR/Irradiance, Biospherical/Licor
# name 21 = scan: Scan Count
# name 22 = timeM: Time, Elapsed [minutes]
# name 23 = flag:  0.000e+00
# span 0 =      1.857,     49.173                 
# span 1 =   71.19246,   71.19248                 
# span 2 = -160.26612, -160.26610                 
# span 3 =      1.876,     49.685                 
# span 4 =    -1.6781,     2.3758                 
# span 5 =    -1.6768,     2.3778                 
# span 6 =    -1.6787,     2.3754                 
# span 7 =    28.4791,    32.6600                 
# span 8 =    28.4902,    32.6740                 
# span 9 =  1022.7416,  1026.5149                 
# span 10 =    22.7301,    26.2756                
# span 11 =    260.460,    493.476                
# span 12 =    248.935,    471.618                
# span 13 =  342.08078,  370.53992                
# span 14 =     70.295,    134.726                
# span 15 =     67.192,    128.708                
# span 16 =     0.0733,     0.4811                
# span 17 =     0.0916,     2.5384                
# span 18 =     3.1819,     4.1697                
# span 19 =     0.4894,     1.5712                
# span 20 = 1.0000e-12, 1.0477e+00                
# span 21 =          1,       6245                
# span 22 =     0.0000,     4.3361                
# span 23 = 0.0000e+00, 0.0000e+00                
# interval = seconds: 0.0416667
# start_time = Sep 23 2023 08:01:24 [NMEA time, first data scan]
# bad_flag = -9.990e-29
*END*
[from data line 5012]
     47.228   71.19248 -160.26610     47.720    -1.6766    -1.6756    -1.6774    32.6577    32.6695  1026.5044    26.2738    261.651    249.683  370.52876     70.616     67.394     0.0904     0.1941     3.2515     1.4846 1.0000e-12       5013     3.4806  0.000e+00
     47.166   71.19248 -160.26610     47.657    -1.6768    -1.6754    -1.6776    32.6580    32.6695  1026.5044    26.2741    261.616    249.695  370.52958     70.606     67.397     0.0904     0.1941     3.2515     1.4846 8.4714e-06       5014     3.4813  0.000e+00
     47.228   71.19248 -160.26612     47.720    -1.6768    -1.6752    -1.6776    32.6577    32.6689  1026.5045    26.2739    261.375    249.714  370.53045     70.541     67.402     0.0904     0.1941     3.2515     1.4846 1.0000e-12       5015     3.4819  0.000e+00
     47.228   71.19248 -160.26612     47.720    -1.6768    -1.6754    -1.6777    32.6579    32.6697  1026.5046    26.2740    261.604    249.696  370.53059     70.603     67.398     0.0904     0.1941     3.2503     1.4861 1.0000e-12       5016     3.4826  0.000e+00
     47.228   71.19248 -160.26612     47.720    -1.6766    -1.6753    -1.6774    32.6578    32.6693  1026.5045    26.2739    261.622    249.677  370.52864     70.608     67.392     0.0904     0.1941     3.2515     1.4846 1.0000e-12       5017     3.4833  0.000e+00
     47.282   71.19248 -160.26612     47.774    -1.6766    -1.6754    -1.6774    32.6575    32.6692  1026.5045    26.2737    261.643    249.659  370.52937     70.613     67.388     0.0891     0.1868     3.2503     1.4861 8.4714e-06       5018     3.4840  0.000e+00
     47.228   71.19248 -160.26612     47.720    -1.6769    -1.6751    -1.6777    32.6578    32.6692  1026.5045    26.2739    261.662    249.668  370.53136     70.618     67.390     0.0904     0.1941     3.2515     1.4846 1.0000e-12       5019     3.4847  0.000e+00
     47.228   71.19248 -160.26612     47.720    -1.6768    -1.6753    -1.6776    32.6581    32.6695  1026.5047    26.2741    261.679    249.681  370.52943     70.623     67.394     0.0904     0.1941     3.2515     1.4846 8.4714e-06       5020     3.4854  0.000e+00
     47.228   71.19248 -160.26612     47.720    -1.6768    -1.6754    -1.6776    32.6578    32.6696  1026.5045    26.2739    261.698    249.660  370.53019     70.628     67.388     0.0904     0.1941     3.2503     1.4861 1.0000e-12       5021     3.4861  0.000e+00
     47.228   71.19248 -160.26612     47.720    -1.6768    -1.6754    -1.6777    32.6579    32.6694  1026.5046    26.2740    261.196    249.671  370.53059     70.492     67.391     0.0916     0.2015     3.2515     1.4846 1.0000e-12       5022     3.4868  0.000e+00
     47.282   71.19248 -160.26612     47.774    -1.6766    -1.6754    -1.6774    32.6580    32.6695  1026.5049    26.2740    261.379    249.683  370.52810     70.542     67.394     0.0904     0.1941     3.2503     1.4861 1.0000e-12       5023     3.4875  0.000e+00
     47.228   71.19248 -160.26612     47.720    -1.6768    -1.6753    -1.6776    32.6583    32.6695  1026.5049    26.2743    261.353    249.691  370.52893     70.535     67.397     0.0916     0.2015     3.2515     1.4846 1.0000e-12       5024     3.4882  0.000e+00
     47.282   71.19248 -160.26612     47.774    -1.6768    -1.6753    -1.6776    32.6582    32.6694  1026.5051    26.2743    261.593    249.704  370.52903     70.600     67.400     0.0904     0.1941     3.2503     1.4861 1.0000e-12       5025     3.4889  0.000e+00
     47.282   71.19248 -160.26612     47.774    -1.6768    -1.6752    -1.6776    32.6578    32.6691  1026.5048    26.2739    261.621    249.681  370.53029     70.607     67.394     0.0904     0.1941     3.2515     1.4846 1.0000e-12       5026     3.4896  0.000e+00
     47.228   71.19248 -160.26612     47.720    -1.6766    -1.6754    -1.6774    32.6576    32.6695  1026.5044    26.2738    261.332    249.656  370.52902     70.529     67.387     0.0904     0.1941     3.2503     1.4861 1.0000e-12       5027     3.4903  0.000e+00
     47.282   71.19248 -160.26612     47.774    -1.6766    -1.6750    -1.6774    32.6577    32.6690  1026.5047    26.2739    261.571    249.663  370.52874     70.594     67.389     0.0916     0.2015     3.2515     1.4846 8.4714e-06       5028     3.4910  0.000e+00
     47.282   71.19248 -160.26612     47.774    -1.6767    -1.6753    -1.6775    32.6578    32.6694  1026.5048    26.2739    261.599    249.673  370.52900     70.601     67.392     0.0928     0.2088     3.2515     1.4846 1.0000e-12       5029     3.4917  0.000e+00
     47.228   71.19248 -160.26612     47.720    -1.6768    -1.6751    -1.6776    32.6575    32.6693  1026.5043    26.2737    261.365    249.678  370.53108     70.538     67.393     0.0952     0.2234     3.2515     1.4846 1.0000e-12       5030     3.4924  0.000e+00
     47.282   71.19248 -160.26612     47.774    -1.6766    -1.6753    -1.6774    32.6574    32.6694  1026.5044    26.2736    261.345    249.689  370.52975     70.533     67.396     0.0940     0.2161     3.2515     1.4846 8.4714e-06       5031     3.4931  0.000e+00
     47.228   71.19248 -160.26612     47.720    -1.6766    -1.6753    -1.6774    32.6577    32.6689  1026.5044    26.2738    261.323    249.697  370.52876     70.527     67.398     0.0952     0.2234     3.2515     1.4846 1.0000e-12       5032     3.4937  0.000e+00
     47.282   71.19248 -160.26612     47.774    -1.6768    -1.6754    -1.6776    32.6579    32.6691  1026.5048    26.2740    261.570    249.707  370.53004     70.594     67.400     0.0940     0.2161     3.2515     1.4846 1.0000e-12       5033     3.4944  0.000e+00
     47.228   71.19248 -160.26612     47.720    -1.6766    -1.6754    -1.6774    32.6578    32.6700  1026.5045    26.2739    261.340    249.481  370.52864     70.532     67.340     0.0940     0.2161     3.2515     1.4846 8.4714e-06       5034     3.4951  0.000e+00
     47.343   71.19248 -160.26612     47.837    -1.6767    -1.6751    -1.6775    32.6578    32.6693  1026.5051    26.2739    261.330    249.691  370.52911     70.529     67.397     0.0928     0.2088     3.2515     1.4846 1.0000e-12       5035     3.4958  0.000e+00
     47.282   71.19248 -160.26612     47.774    -1.6768    -1.6756    -1.6776    32.6580    32.6692  1026.5049    26.2740    261.055    249.669  370.52979     70.455     67.390     0.0952     0.2234     3.2515     1.4846 1.0000e-12       5036     3.4965  0.000e+00
     47.228   71.19248 -160.26612     47.720    -1.6768    -1.6754    -1.6776    32.6580    32.6694  1026.5047    26.2741    261.255    249.409  370.52969     70.509     67.320     0.0940     0.2161     3.2515     1.4846 8.4714e-06       5037     3.4972  0.000e+00
     47.282   71.19248 -160.26612     47.774    -1.6768    -1.6756    -1.6776    32.6579    32.6695  1026.5048    26.2740    261.199    249.618  370.53004     70.493     67.376     0.0940     0.2161     3.2515     1.4846 1.0000e-12       5038     3.4979  0.000e+00
     47.282   71.19248 -160.26612     47.774    -1.6769    -1.6754    -1.6777    32.6581    32.6692  1026.5050    26.2741    261.401    249.625  370.53070     70.548     67.378     0.0940     0.2161     3.2515     1.4846 1.0000e-12       5039     3.4986  0.000e+00
     47.282   71.19248 -160.26612     47.774    -1.6769    -1.6754    -1.6777    32.6578    32.6695  1026.5048    26.2739    261.444    249.633  370.53133     70.559     67.381     0.0940     0.2161     3.2515     1.4846 1.0000e-12       5040     3.4993  0.000e+00
     47.282   71.19248 -160.26612     47.774    -1.6766    -1.6756    -1.6774    32.6576    32.6697  1026.5046    26.2738    261.483    249.642  370.52847     70.570     67.383     0.0952     0.2234     3.2515     1.4846 1.0000e-12       5041     3.5000  0.000e+00
     47.282   71.19248 -160.26612     47.774    -1.6766    -1.6754    -1.6774    32.6578    32.6693  1026.5047    26.2739    261.264    249.650  370.52861     70.511     67.385     0.0940     0.2161     3.2515     1.4846 8.4714e-06       5042     3.5007  0.000e+00
     47.282   71.19248 -160.26612     47.774    -1.6768    -1.6753    -1.6776    32.6580    32.6691  1026.5049    26.2740    261.520    249.657  370.52979     70.580     67.387     0.0940     0.2161     3.2515     1.4846 1.0000e-12       5043     3.5014  0.000e+00
     47.228   71.19248 -160.26612     47.720    -1.6766    -1.6753    -1.6774    32.6579    32.6689  1026.5046    26.2740    261.300    249.664  370.52813     70.521     67.389     0.0940     0.2161     3.2515     1.4846 1.0000e-12       5044     3.5021  0.000e+00
     47.343   71.19248 -160.26612     47.837    -1.6766    -1.6752    -1.6774    32.6580    32.6692  1026.5052    26.2740    261.560    249.675  370.52809     70.591     67.392     0.0940     0.2161     3.2515     1.4846 1.0000e-12       5045     3.5028  0.000e+00
     47.282   71.19248 -160.26612     47.774    -1.6768    -1.6754    -1.6776    32.6580    32.6695  1026.5049    26.2741    261.553    249.913  370.52966     70.589     67.456     0.0940     0.2161     3.2515     1.4846 8.4714e-06       5046     3.5035  0.000e+00
     47.282   71.19248 -160.26612     47.774    -1.6767    -1.6753    -1.6775    32.6578    32.6694  1026.5048    26.2739    261.336    249.687  370.52900     70.531     67.395     0.0952     0.2234     3.2515     1.4846 1.0000e-12       5047     3.5042  0.000e+00
     47.282   71.19248 -160.26612     47.774    -1.6764    -1.6754    -1.6773    32.6573    32.6695  1026.5044    26.2735    261.592    249.693  370.52819     70.600     67.397     0.0940     0.2161     3.2515     1.4846 1.0000e-12       5048     3.5049  0.000e+00
     47.282   71.19248 -160.26612     47.774    -1.6768    -1.6756    -1.6776    32.6578    32.6695  1026.5048    26.2739    261.640    249.666  370.53029     70.612     67.389     0.0940     0.2161     3.2515     1.4846 8.4714e-06       5049     3.5056  0.000e+00
     47.282   71.19248 -160.26612     47.774    -1.6769    -1.6754    -1.6777    32.6578    32.6692  1026.5048    26.2739    261.687    249.635  370.53133     70.625     67.381     0.0940     0.2161     3.2515     1.4846 1.0000e-12       5050     3.5063  0.000e+00
     47.282   71.19248 -160.26612     47.774    -1.6768    -1.6754    -1.6776    32.6581    32.6695  1026.5050    26.2741    261.731    249.637  370.52953     70.637     67.382     0.0940     0.2161     3.2515     1.4846 1.0000e-12       5051     3.5069  0.000e+00
     47.282   71.19248 -160.26612     47.774    -1.6768    -1.6756    -1.6776    32.6580    32.6697  1026.5049    26.2741    261.777    249.641  370.52966     70.649     67.382     0.0940     0.2161     3.2527     1.4831 1.0000e-12       5052     3.5076  0.000e+00
     47.282   71.19248 -160.26612     47.774    -1.6767    -1.6756    -1.6775    32.6576    32.6697  1026.5046    26.2737    261.823    249.644  370.52976     70.662     67.383     0.0940     0.2161     3.2515     1.4846 8.4714e-06       5053     3.5083  0.000e+00
     47.343   71.19248 -160.26612     47.837    -1.6768    -1.6753    -1.6776    32.6579    32.6694  1026.5051    26.2739    261.715    249.647  370.53015     70.633     67.384     0.0867     0.1721     3.2515     1.4846 1.0000e-12       5054     3.5090  0.000e+00
     47.282   71.19248 -160.26612     47.774    -1.6769    -1.6754    -1.6777    32.6578    32.6699  1026.5048    26.2739    261.701    249.647  370.53146     70.629     67.385     0.0769     0.1135     3.2515     1.4846 8.4714e-06       5055     3.5097  0.000e+00
     47.343   71.19248 -160.26612     47.837    -1.6768    -1.6756    -1.6776    32.6576    32.6692  1026.5049    26.2737    261.741    249.655  370.53091     70.639     67.386     0.0745     0.0989     3.2515     1.4846 1.0000e-12       5056     3.5104  0.000e+00
     47.282   71.19248 -160.26612     47.774    -1.6769    -1.6756    -1.6777    32.6580    32.6695  1026.5049    26.2741    261.776    249.655  370.53082     70.649     67.386     0.0745     0.0989     3.2515     1.4846 8.4714e-06       5057     3.5111  0.000e+00
     47.282   71.19248 -160.26612     47.774    -1.6764    -1.6757    -1.6773    32.6576    32.6697  1026.5046    26.2737    261.811    249.659  370.52743     70.659     67.387     0.0757     0.1062     3.2515     1.4846 8.4714e-06       5058     3.5118  0.000e+00
     47.282   71.19248 -160.26612     47.774    -1.6766    -1.6754    -1.6774    32.6575    32.6692  1026.5045    26.2737    261.850    249.626  370.52937     70.669     67.378     0.0757     0.1062     3.2515     1.4846 1.0000e-12       5059     3.5125  0.000e+00
     47.343   71.19248 -160.26612     47.837    -1.6767    -1.6756    -1.6775    32.6579    32.6694  1026.5051    26.2740    261.890    249.399  370.52886     70.680     67.317     0.0769     0.1135     3.2515     1.4846 1.0000e-12       5060     3.5132  0.000e+00
     47.343   71.19248 -160.26612     47.837    -1.6768    -1.6756    -1.6776    32.6580    32.6696  1026.5052    26.2741    261.928    249.600  370.52977     70.690     67.371     0.0757     0.1062     3.2515     1.4846 1.0000e-12       5061     3.5139  0.000e+00
     47.282   71.19248 -160.26612     47.774    -1.6766    -1.6753    -1.6774    32.6578    32.6689  1026.5047    26.2739    261.963    249.600  370.52861     70.700     67.371     0.0757     0.1062     3.2515     1.4846 1.0000e-12       5062     3.5146  0.000e+00
     47.282   71.19248 -160.26610     47.774    -1.6768    -1.6754    -1.6776    32.6577    32.6691  1026.5047    26.2738    262.002    249.603  370.53055     70.710     67.372     0.0757     0.1062     3.2515     1.4846 1.0000e-12       5063     3.5153  0.000e+00
     47.397   71.19248 -160.26610     47.891    -1.6768    -1.6754    -1.6776    32.6578    32.6692  1026.5053    26.2739    261.991    249.378  370.53025     70.707     67.312     0.0757     0.1062     3.2515     1.4846 8.4714e-06       5064     3.5160  0.000e+00
     47.282   71.19248 -160.26610     47.774    -1.6766    -1.6756    -1.6774    32.6578    32.6697  1026.5047    26.2739    262.021    249.577  370.52861     70.716     67.365     0.0745     0.0989     3.2515     1.4846 1.0000e-12       5065     3.5167  0.000e+00
     47.343   71.19248 -160.26610     47.837    -1.6768    -1.6754    -1.6777    32.6579    32.6698  1026.5052    26.2740    262.061    249.582  370.53054     70.726     67.367     0.0757     0.1062     3.2527     1.4831 1.0000e-12       5066     3.5174  0.000e+00
     47.343   71.19248 -160.26610     47.837    -1.6764    -1.6753    -1.6773    32.6575    32.6689  1026.5048    26.2737    262.094    249.587  370.52767     70.735     67.368     0.0745     0.0989     3.2515     1.4846 1.0000e-12       5067     3.5181  0.000e+00
     47.343   71.19248 -160.26610     47.837    -1.6766    -1.6754    -1.6774    32.6579    32.6690  1026.5052    26.2740    262.130    249.591  370.52821     70.745     67.369     0.0757     0.1062     3.2503     1.4861 1.0000e-12       5068     3.5187  0.000e+00
     47.343   71.19248 -160.26610     47.837    -1.6768    -1.6756    -1.6776    32.6578    32.6694  1026.5050    26.2739    262.167    249.596  370.53041     70.755     67.370     0.0745     0.0989     3.2491     1.4876 8.4714e-06       5069     3.5194  0.000e+00
     47.343   71.19248 -160.26610     47.837    -1.6768    -1.6754    -1.6776    32.6579    32.6692  1026.5051    26.2739    262.203    249.830  370.53015     70.764     67.434     0.0757     0.1062     3.2491     1.4876 1.0000e-12       5070     3.5201  0.000e+00
     47.397   71.19248 -160.26610     47.891    -1.6766    -1.6756    -1.6774    32.6576    32.6696  1026.5052    26.2738    262.135    249.637  370.52907     70.746     67.381     0.0757     0.1062     3.2491     1.4876 8.4714e-06       5071     3.5208  0.000e+00
