EcoFOCI/data/1_SampleCollection/2023_SikuliaqDBO_CruiseData/CTD_raw_BottleFile_SKQ23-12S/proc/skq202312s_039svp.cnv
* Sea-Bird SBE 9 Data File:
* FileName = D:\CTD\SKQ202312S\SKQ202312S_039.hex
* Software Version Seasave V 7.26.7.121
* Temperature SN = 6177
* Conductivity SN = 0369
* Number of Bytes Per Scan = 41
* Number of Voltage Words = 4
* Number of Scans Averaged by the Deck Unit = 1
* NMEA Latitude = 71 19.31 N
* NMEA Longitude = 160 39.09 W
* NMEA UTC (Time) = Sep 23 2023  11:49:51
* NMEA baud rate = 4800
** Ship: R/V Sikuliaq
** Station Number: 039
** Station Name: DBO4.2n
** Bottom Depth: 48
** Operator: SD
# nquan = 7
# nvalues = 5872                                  
# units = specified
# name 0 = depSM: Depth [salt water, m]
# name 1 = latitude: Latitude [deg]
# name 2 = longitude: Longitude [deg]
# name 3 = t090C: Temperature [ITS-90, deg C]
# name 4 = sal00: Salinity, Practical [PSU]
# name 5 = svCM: Sound Velocity [Chen-Millero, m/s]
# name 6 = flag:  0.000e+00
# span 0 =      2.663,     43.060                 
# span 1 =   71.32186,   71.32190                 
# span 2 = -160.65154, -160.65148                 
# span 3 =    -1.6695,     2.5696                 
# span 4 =    27.5123,    32.6614                 
# span 5 =    1438.64,    1451.04                 
# span 6 = 0.0000e+00, 0.0000e+00                 
# interval = seconds: 0.0416667
# start_time = Sep 23 2023 11:54:34 [NMEA time, first data scan]
# bad_flag = -9.990e-29
*END*
[from data line 3693]
     37.505   71.32186 -160.65154    -1.6679    32.6527    1438.75  0.000e+00
     37.513   71.32186 -160.65154    -1.6678    32.6524    1438.75  0.000e+00
     37.505   71.32186 -160.65154    -1.6679    32.6524    1438.75  0.000e+00
     37.513   71.32186 -160.65154    -1.6676    32.6524    1438.75  0.000e+00
     37.574   71.32186 -160.65154    -1.6678    32.6522    1438.75  0.000e+00
     37.559   71.32186 -160.65154    -1.6679    32.6526    1438.75  0.000e+00
     37.513   71.32186 -160.65154    -1.6679    32.6532    1438.75  0.000e+00
     37.574   71.32186 -160.65154    -1.6678    32.6529    1438.75  0.000e+00
     37.621   71.32186 -160.65154    -1.6679    32.6534    1438.75  0.000e+00
     37.574   71.32186 -160.65154    -1.6680    32.6536    1438.75  0.000e+00
     37.628   71.32186 -160.65154    -1.6679    32.6533    1438.75  0.000e+00
     37.621   71.32186 -160.65154    -1.6679    32.6533    1438.75  0.000e+00
     37.628   71.32186 -160.65154    -1.6681    32.6537    1438.75  0.000e+00
     37.682   71.32186 -160.65154    -1.6681    32.6541    1438.75  0.000e+00
     37.621   71.32186 -160.65154    -1.6679    32.6539    1438.75  0.000e+00
     37.682   71.32186 -160.65154    -1.6682    32.6546    1438.75  0.000e+00
     37.682   71.32186 -160.65154    -1.6680    32.6542    1438.75  0.000e+00
     37.675   71.32186 -160.65154    -1.6681    32.6547    1438.75  0.000e+00
     37.744   71.32186 -160.65154    -1.6679    32.6540    1438.76  0.000e+00
     37.682   71.32186 -160.65154    -1.6682    32.6548    1438.75  0.000e+00
     37.790   71.32186 -160.65154    -1.6681    32.6541    1438.76  0.000e+00
     37.682   71.32186 -160.65154    -1.6681    32.6544    1438.75  0.000e+00
     37.744   71.32186 -160.65154    -1.6681    32.6543    1438.76  0.000e+00
     37.790   71.32186 -160.65154    -1.6682    32.6546    1438.76  0.000e+00
     37.798   71.32186 -160.65154    -1.6681    32.6545    1438.76  0.000e+00
     37.798   71.32186 -160.65154    -1.6681    32.6541    1438.76  0.000e+00
     37.798   71.32186 -160.65154    -1.6679    32.6538    1438.76  0.000e+00
     37.844   71.32186 -160.65154    -1.6681    32.6541    1438.76  0.000e+00
     37.860   71.32186 -160.65154    -1.6682    32.6544    1438.76  0.000e+00
     37.860   71.32186 -160.65154    -1.6681    32.6540    1438.76  0.000e+00
     37.906   71.32186 -160.65154    -1.6682    32.6545    1438.76  0.000e+00
     37.914   71.32186 -160.65154    -1.6681    32.6540    1438.76  0.000e+00
     37.914   71.32186 -160.65154    -1.6682    32.6545    1438.76  0.000e+00
     37.960   71.32186 -160.65154    -1.6681    32.6540    1438.76  0.000e+00
     37.914   71.32186 -160.65154    -1.6682    32.6541    1438.76  0.000e+00
     37.860   71.32186 -160.65154    -1.6681    32.6541    1438.76  0.000e+00
     37.906   71.32186 -160.65154    -1.6681    32.6543    1438.76  0.000e+00
     37.798   71.32186 -160.65154    -1.6676    32.6540    1438.76  0.000e+00
     37.860   71.32186 -160.65154    -1.6670    32.6533    1438.76  0.000e+00
     37.844   71.32186 -160.65154    -1.6666    32.6530    1438.76  0.000e+00
     37.798   71.32186 -160.65154    -1.6661    32.6522    1438.76  0.000e+00
     37.860   71.32186 -160.65154    -1.6662    32.6530    1438.76  0.000e+00
     37.844   71.32186 -160.65154    -1.6662    32.6529    1438.76  0.000e+00
     37.798   71.32186 -160.65154    -1.6661    32.6524    1438.76  0.000e+00
     37.860   71.32186 -160.65154    -1.6664    32.6528    1438.76  0.000e+00
     37.844   71.32186 -160.65154    -1.6662    32.6527    1438.76  0.000e+00
     37.914   71.32186 -160.65154    -1.6664    32.6533    1438.76  0.000e+00
     37.860   71.32186 -160.65154    -1.6662    32.6531    1438.76  0.000e+00
     37.906   71.32186 -160.65154    -1.6662    32.6534    1438.77  0.000e+00
     37.914   71.32186 -160.65154    -1.6664    32.6538    1438.77  0.000e+00
     37.914   71.32186 -160.65154    -1.6664    32.6533    1438.76  0.000e+00
     37.906   71.32186 -160.65154    -1.6662    32.6530    1438.77  0.000e+00
     37.860   71.32186 -160.65154    -1.6662    32.6530    1438.76  0.000e+00
     37.914   71.32186 -160.65154    -1.6663    32.6532    1438.77  0.000e+00
     37.844   71.32186 -160.65154    -1.6661    32.6530    1438.76  0.000e+00
     37.860   71.32186 -160.65154    -1.6661    32.6533    1438.77  0.000e+00
     37.914   71.32186 -160.65154    -1.6661    32.6532    1438.77  0.000e+00
     37.844   71.32186 -160.65154    -1.6661    32.6529    1438.76  0.000e+00
     37.860   71.32186 -160.65154    -1.6661    32.6527    1438.76  0.000e+00
     37.860   71.32186 -160.65154    -1.6659    32.6531    1438.77  0.000e+00
     37.844   71.32186 -160.65154    -1.6658    32.6525    1438.77  0.000e+00
     37.860   71.32186 -160.65154    -1.6663    32.6530    1438.76  0.000e+00
     37.860   71.32186 -160.65154    -1.6659    32.6525    1438.77  0.000e+00
     37.906   71.32186 -160.65154    -1.6659    32.6530    1438.77  0.000e+00
     37.914   71.32186 -160.65154    -1.6661    32.6532    1438.77  0.000e+00
     37.860   71.32186 -160.65154    -1.6661    32.6530    1438.76  0.000e+00
     37.906   71.32186 -160.65154    -1.6661    32.6533    1438.77  0.000e+00
     37.860   71.32186 -160.65154    -1.6659    32.6535    1438.77  0.000e+00
     37.914   71.32186 -160.65154    -1.6659    32.6533    1438.77  0.000e+00
     37.844   71.32186 -160.65154    -1.6659    32.6535    1438.77  0.000e+00
     37.914   71.32186 -160.65154    -1.6658    32.6536    1438.77  0.000e+00
     37.860   71.32186 -160.65154    -1.6655    32.6529    1438.77  0.000e+00
     37.844   71.32186 -160.65154    -1.6654    32.6533    1438.77  0.000e+00
     37.860   71.32186 -160.65154    -1.6649    32.6534    1438.77  0.000e+00
     37.860   71.32186 -160.65154    -1.6647    32.6529    1438.77  0.000e+00
     37.844   71.32186 -160.65154    -1.6649    32.6532    1438.77  0.000e+00
     37.860   71.32186 -160.65154    -1.6650    32.6532    1438.77  0.000e+00
     37.860   71.32186 -160.65154    -1.6649    32.6534    1438.77  0.000e+00
     37.844   71.32186 -160.65154    -1.6645    32.6527    1438.77  0.000e+00
     37.860   71.32186 -160.65154    -1.6645    32.6526    1438.77  0.000e+00
     37.860   71.32186 -160.65154    -1.6645    32.6527    1438.77  0.000e+00
     37.906   71.32186 -160.65154    -1.6644    32.6523    1438.77  0.000e+00
     37.860   71.32186 -160.65154    -1.6643    32.6524    1438.77  0.000e+00
     37.860   71.32186 -160.65154    -1.6637    32.6518    1438.78  0.000e+00
     37.844   71.32186 -160.65154    -1.6636    32.6516    1438.77  0.000e+00
     37.860   71.32186 -160.65154    -1.6635    32.6513    1438.78  0.000e+00
     37.860   71.32186 -160.65154    -1.6633    32.6512    1438.78  0.000e+00
     37.790   71.32186 -160.65154    -1.6633    32.6514    1438.78  0.000e+00
     37.860   71.32186 -160.65154    -1.6633    32.6513    1438.78  0.000e+00
     37.860   71.32186 -160.65154    -1.6630    32.6514    1438.78  0.000e+00
     37.790   71.32186 -160.65154    -1.6628    32.6510    1438.78  0.000e+00
     37.860   71.32186 -160.65154    -1.6628    32.6512    1438.78  0.000e+00
     37.798   71.32186 -160.65154    -1.6630    32.6512    1438.78  0.000e+00
     37.844   71.32186 -160.65154    -1.6629    32.6512    1438.78  0.000e+00
     37.798   71.32186 -160.65154    -1.6632    32.6515    1438.78  0.000e+00
     37.860   71.32186 -160.65154    -1.6632    32.6519    1438.78  0.000e+00
     37.729   71.32186 -160.65154    -1.6629    32.6513    1438.78  0.000e+00
     37.860   71.32186 -160.65154    -1.6633    32.6518    1438.78  0.000e+00
     37.798   71.32186 -160.65154    -1.6635    32.6525    1438.78  0.000e+00
     37.860   71.32186 -160.65154    -1.6630    32.6516    1438.78  0.000e+00
     37.790   71.32186 -160.65154    -1.6632    32.6518    1438.78  0.000e+00
     37.798   71.32186 -160.65154    -1.6633    32.6519    1438.78  0.000e+00
     37.798   71.32186 -160.65154    -1.6632    32.6518    1438.78  0.000e+00
     37.790   71.32186 -160.65154    -1.6632    32.6518    1438.78  0.000e+00
     37.798   71.32186 -160.65154    -1.6632    32.6518    1438.78  0.000e+00
     37.798   71.32186 -160.65154    -1.6633    32.6518    1438.78  0.000e+00
     37.790   71.32186 -160.65154    -1.6638    32.6524    1438.77  0.000e+00
     37.798   71.32186 -160.65154    -1.6638    32.6524    1438.77  0.000e+00
     37.798   71.32186 -160.65154    -1.6643    32.6527    1438.77  0.000e+00
     37.790   71.32186 -160.65154    -1.6644    32.6533    1438.77  0.000e+00
     37.798   71.32186 -160.65154    -1.6643    32.6527    1438.77  0.000e+00
     37.798   71.32186 -160.65154    -1.6645    32.6531    1438.77  0.000e+00
     37.790   71.32186 -160.65154    -1.6643    32.6530    1438.77  0.000e+00
     37.798   71.32186 -160.65154    -1.6644    32.6531    1438.77  0.000e+00
     37.744   71.32186 -160.65154    -1.6644    32.6529    1438.77  0.000e+00
     37.790   71.32186 -160.65154    -1.6647    32.6533    1438.77  0.000e+00
     37.744   71.32186 -160.65154    -1.6645    32.6530    1438.77  0.000e+00
     37.798   71.32186 -160.65154    -1.6647    32.6532    1438.77  0.000e+00
     37.729   71.32186 -160.65154    -1.6652    32.6533    1438.77  0.000e+00
     37.744   71.32186 -160.65154    -1.6652    32.6534    1438.77  0.000e+00
     37.798   71.32186 -160.65154    -1.6652    32.6535    1438.77  0.000e+00
     37.729   71.32186 -160.65154    -1.6654    32.6534    1438.77  0.000e+00
     37.744   71.32186 -160.65154    -1.6654    32.6535    1438.77  0.000e+00
     37.744   71.32186 -160.65154    -1.6655    32.6538    1438.77  0.000e+00
     37.729   71.32186 -160.65154    -1.6656    32.6541    1438.77  0.000e+00
     37.744   71.32186 -160.65154    -1.6655    32.6539    1438.77  0.000e+00
     37.744   71.32186 -160.65154    -1.6655    32.6535    1438.77  0.000e+00
     37.729   71.32186 -160.65154    -1.6656    32.6537    1438.77  0.000e+00
     37.682   71.32186 -160.65154    -1.6655    32.6535    1438.77  0.000e+00
     37.744   71.32186 -160.65154    -1.6652    32.6535    1438.77  0.000e+00
     37.729   71.32186 -160.65154    -1.6647    32.6534    1438.77  0.000e+00
     37.682   71.32186 -160.65154    -1.6649    32.6536    1438.77  0.000e+00
     37.682   71.32186 -160.65154    -1.6649    32.6532    1438.77  0.000e+00
     37.729   71.32186 -160.65154    -1.6647    32.6531    1438.77  0.000e+00
     37.744   71.32186 -160.65154    -1.6647    32.6534    1438.77  0.000e+00
     37.682   71.32186 -160.65154    -1.6647    32.6533    1438.77  0.000e+00
     37.675   71.32186 -160.65154    -1.6645    32.6532    1438.77  0.000e+00
     37.682   71.32186 -160.65154    -1.6647    32.6526    1438.77  0.000e+00
     37.682   71.32186 -160.65154    -1.6649    32.6528    1438.77  0.000e+00
     37.675   71.32186 -160.65154    -1.6647    32.6529    1438.77  0.000e+00
     37.682   71.32186 -160.65154    -1.6650    32.6533    1438.77  0.000e+00
     37.682   71.32186 -160.65154    -1.6650    32.6532    1438.77  0.000e+00
     37.675   71.32186 -160.65154    -1.6649    32.6533    1438.77  0.000e+00
     37.682   71.32186 -160.65154    -1.6649    32.6530    1438.77  0.000e+00
     37.682   71.32186 -160.65154    -1.6645    32.6527    1438.77  0.000e+00
     37.675   71.32186 -160.65154    -1.6645    32.6525    1438.77  0.000e+00
     37.682   71.32186 -160.65154    -1.6645    32.6530    1438.77  0.000e+00
     37.628   71.32186 -160.65154    -1.6644    32.6526    1438.77  0.000e+00
     37.675   71.32186 -160.65154    -1.6644    32.6524    1438.77  0.000e+00
     37.682   71.32186 -160.65154    -1.6644    32.6527    1438.77  0.000e+00
     37.628   71.32186 -160.65154    -1.6644    32.6525    1438.77  0.000e+00
     37.675   71.32186 -160.65154    -1.6643    32.6524    1438.77  0.000e+00
     37.628   71.32186 -160.65154    -1.6645    32.6527    1438.77  0.000e+00
     37.682   71.32186 -160.65154    -1.6644    32.6524    1438.77  0.000e+00
     37.675   71.32186 -160.65154    -1.6647    32.6527    1438.77  0.000e+00
     37.628   71.32186 -160.65154    -1.6647    32.6527    1438.77  0.000e+00
     37.682   71.32186 -160.65154    -1.6645    32.6525    1438.77  0.000e+00
     37.621   71.32186 -160.65154    -1.6649    32.6526    1438.77  0.000e+00
     37.682   71.32186 -160.65154    -1.6647    32.6521    1438.77  0.000e+00
     37.628   71.32186 -160.65154    -1.6649    32.6525    1438.77  0.000e+00
     37.675   71.32186 -160.65154    -1.6649    32.6523    1438.77  0.000e+00
     37.628   71.32186 -160.65154    -1.6647    32.6521    1438.77  0.000e+00
     37.682   71.32186 -160.65154    -1.6647    32.6520    1438.77  0.000e+00
     37.675   71.32186 -160.65154    -1.6649    32.6520    1438.77  0.000e+00
     37.682   71.32186 -160.65154    -1.6647    32.6518    1438.77  0.000e+00
     37.628   71.32186 -160.65154    -1.6645    32.6518    1438.77  0.000e+00
     37.675   71.32186 -160.65154    -1.6647    32.6523    1438.77  0.000e+00
     37.682   71.32186 -160.65154    -1.6645    32.6517    1438.77  0.000e+00
     37.628   71.32186 -160.65154    -1.6645    32.6518    1438.77  0.000e+00
     37.675   71.32186 -160.65154    -1.6647    32.6518    1438.77  0.000e+00
     37.682   71.32186 -160.65154    -1.6649    32.6520    1438.77  0.000e+00
     37.682   71.32186 -160.65154    -1.6647    32.6518    1438.77  0.000e+00
     37.675   71.32186 -160.65154    -1.6645    32.6514    1438.77  0.000e+00
     37.682   71.32186 -160.65154    -1.6649    32.6521    1438.77  0.000e+00
     37.682   71.32186 -160.65154    -1.6647    32.6518    1438.77  0.000e+00
     37.729   71.32186 -160.65154    -1.6649    32.6517    1438.77  0.000e+00
     37.682   71.32186 -160.65154    -1.6647    32.6512    1438.77  0.000e+00
     37.682   71.32186 -160.65154    -1.6649    32.6518    1438.77  0.000e+00
     37.729   71.32186 -160.65154    -1.6647    32.6513    1438.77  0.000e+00
     37.682   71.32186 -160.65154    -1.6647    32.6512    1438.77  0.000e+00
     37.744   71.32186 -160.65154    -1.6649    32.6516    1438.77  0.000e+00
     37.675   71.32186 -160.65154    -1.6650    32.6518    1438.77  0.000e+00
     37.744   71.32186 -160.65154    -1.6649    32.6517    1438.77  0.000e+00
     37.744   71.32186 -160.65154    -1.6649    32.6514    1438.77  0.000e+00
     37.729   71.32186 -160.65154    -1.6650    32.6521    1438.77  0.000e+00
     37.682   71.32186 -160.65154    -1.6649    32.6516    1438.77  0.000e+00
     37.744   71.32186 -160.65154    -1.6649    32.6513    1438.77  0.000e+00
     37.790   71.32186 -160.65154    -1.6649    32.6518    1438.77  0.000e+00
     37.744   71.32186 -160.65154    -1.6652    32.6520    1438.77  0.000e+00
     37.744   71.32186 -160.65154    -1.6650    32.6517    1438.77  0.000e+00
     37.790   71.32186 -160.65154    -1.6654    32.6523    1438.77  0.000e+00
     37.744   71.32186 -160.65154    -1.6654    32.6518    1438.77  0.000e+00
     37.798   71.32186 -160.65154    -1.6654    32.6522    1438.77  0.000e+00
     37.790   71.32186 -160.65154    -1.6654    32.6520    1438.77  0.000e+00
     37.798   71.32186 -160.65154    -1.6655    32.6522    1438.77  0.000e+00
     37.798   71.32186 -160.65154    -1.6652    32.6517    1438.77  0.000e+00
     37.844   71.32186 -160.65154    -1.6655    32.6521    1438.77  0.000e+00
     37.798   71.32186 -160.65154    -1.6654    32.6521    1438.77  0.000e+00
     37.860   71.32186 -160.65154    -1.6656    32.6519    1438.77  0.000e+00
     37.790   71.32186 -160.65154    -1.6654    32.6517    1438.77  0.000e+00
     37.860   71.32186 -160.65154    -1.6656    32.6525    1438.77  0.000e+00
     37.798   71.32186 -160.65154    -1.6655    32.6521    1438.77  0.000e+00
     37.844   71.32186 -160.65154    -1.6656    32.6523    1438.77  0.000e+00
     37.860   71.32186 -160.65154    -1.6656    32.6519    1438.77  0.000e+00
