EcoFOCI/data/1_SampleCollection/2023_SikuliaqDBO_CruiseData/CTD_raw_BottleFile_SKQ23-12S/proc/skq202312s_050.ros
* Sea-Bird SBE 9 Data File:
* FileName = D:\CTD\SKQ202312S\SKQ202312S_050.hex
* Software Version Seasave V 7.26.7.121
* Temperature SN = 6177
* Conductivity SN = 0369
* Number of Bytes Per Scan = 41
* Number of Voltage Words = 4
* Number of Scans Averaged by the Deck Unit = 1
* NMEA Latitude = 70 34.79 N
* NMEA Longitude = 162 29.45 W
* NMEA UTC (Time) = Sep 26 2023  15:58:50
* NMEA baud rate = 4800
** Ship: R/V Sikuliaq
** Station Number: 050
** Station Name: IC11
** Bottom Depth: 38
** Operator: SD
# nquan = 22
# nvalues = 735                                   
# units = specified
# name 0 = depSM: Depth [salt water, m]
# name 1 = latitude: Latitude [deg]
# name 2 = longitude: Longitude [deg]
# name 3 = prDM: Pressure, Digiquartz [db]
# name 4 = t090C: Temperature [ITS-90, deg C]
# name 5 = t190C: Temperature, 2 [ITS-90, deg C]
# name 6 = potemp090C: Potential Temperature [ITS-90, deg C]
# name 7 = sal00: Salinity, Practical [PSU]
# name 8 = sal11: Salinity, Practical, 2 [PSU]
# name 9 = density00: Density [density, kg/m^3]
# name 10 = sigma-é00: Density [sigma-theta, kg/m^3]
# name 11 = sbox0Mm/Kg: Oxygen, SBE 43 [umol/kg]
# name 12 = sbox1Mm/Kg: Oxygen, SBE 43, 2 [umol/kg]
# name 13 = oxsolMm/Kg: Oxygen Saturation, Garcia & Gordon [umol/kg]
# name 14 = sbeox0PS: Oxygen, SBE 43 [% saturation]
# name 15 = v0: Voltage 0
# name 16 = flECO-AFL: Fluorescence, WET Labs ECO-AFL/FL [mg/m^3]
# name 17 = CStarAt0: Beam Attenuation, WET Labs C-Star [1/m]
# name 18 = par: PAR/Irradiance, Biospherical/Licor
# name 19 = scan: Scan Count
# name 20 = nbf: Bottles Fired
# name 21 = flag:  0.000e+00
# interval = seconds: 0.0416667
# start_time = Sep 26 2023 16:02:32 [NMEA time, first data scan]
# bad_flag = -9.990e-29
*END*
[from data line 330]
     21.810   70.57996 -162.49074     22.035     5.5077     5.5087     5.5061    30.4881    30.4988  1024.1479    24.0455    186.807    172.360  314.09710     59.474     0.0867     0.1721     2.1608 1.0000e-12       9936          7  0.000e+00
     21.833   70.57996 -162.49074     22.059     5.5079     5.5086     5.5063    30.4874    30.4989  1024.1474    24.0449    186.805    172.342  314.09726     59.474     0.0867     0.1721     2.1608 1.0000e-12       9937          7  0.000e+00
     21.810   70.57996 -162.49074     22.035     5.5080     5.5089     5.5064    30.4874    30.4986  1024.1472    24.0449    186.801    172.526  314.09660     59.473     0.0867     0.1721     2.1608 8.4714e-06       9938          7  0.000e+00
     21.772   70.57996 -162.49074     21.996     5.5079     5.5087     5.5063    30.4876    30.4987  1024.1472    24.0451    186.798    172.370  314.09684     59.472     0.0867     0.1721     2.1608 8.4714e-06       9939          7  0.000e+00
     21.872   70.57996 -162.49074     22.098     5.5082     5.5089     5.5066    30.4874    30.4985  1024.1475    24.0449    186.656    172.545  314.09505     59.427     0.0867     0.1721     2.1608 1.0000e-12       9940          7  0.000e+00
     21.772   70.57996 -162.49074     21.996     5.5080     5.5087     5.5064    30.4875    30.4989  1024.1472    24.0450    186.828    172.556  314.09621     59.481     0.0855     0.1648     2.1608 8.4714e-06       9941          7  0.000e+00
     21.810   70.57996 -162.49074     22.035     5.5081     5.5091     5.5064    30.4875    30.4984  1024.1474    24.0450    186.628    172.409  314.09580     59.418     0.0867     0.1721     2.1608 1.0000e-12       9942          7  0.000e+00
     21.833   70.57996 -162.49074     22.059     5.5084     5.5089     5.5067    30.4874    30.4984  1024.1473    24.0448    186.803    172.612  314.09392     59.473     0.0855     0.1648     2.1608 1.0000e-12       9943          7  0.000e+00
     21.756   70.57996 -162.49074     21.981     5.5080     5.5092     5.5064    30.4875    30.4987  1024.1471    24.0450    186.805    172.651  314.09619     59.474     0.0867     0.1721     2.1608 8.4714e-06       9944          7  0.000e+00
     21.872   70.57996 -162.49074     22.098     5.5082     5.5090     5.5066    30.4874    30.4985  1024.1475    24.0449    186.809    172.700  314.09505     59.475     0.0879     0.1795     2.1608 1.0000e-12       9945          7  0.000e+00
     21.772   70.57996 -162.49074     21.996     5.5082     5.5092     5.5066    30.4875    30.4983  1024.1472    24.0450    186.809    172.746  314.09468     59.475     0.0867     0.1721     2.1608 8.4714e-06       9946          7  0.000e+00
     21.810   70.57996 -162.49074     22.035     5.5082     5.5091     5.5065    30.4875    30.4984  1024.1473    24.0450    186.813    172.779  314.09508     59.476     0.0879     0.1795     2.1608 8.4714e-06       9947          7  0.000e+00
     21.772   70.57996 -162.49074     21.996     5.5082     5.5090     5.5066    30.4872    30.4988  1024.1469    24.0447    186.814    172.812  314.09555     59.477     0.0867     0.1721     2.1608 1.0000e-12       9948          7  0.000e+00
     10.149   70.57988 -162.49072     10.254     6.5704     6.5694     6.5696    28.5714    28.5738  1022.4590    22.4115    291.430    273.254  310.72824     93.789     0.1954     0.8242     0.6204 7.8698e-02      13252          8  0.000e+00
     10.149   70.57988 -162.49072     10.254     6.5721     6.5678     6.5713    28.5716    28.5738  1022.4590    22.4115    291.430    273.092  310.71566     93.793     0.1954     0.8242     0.6204 8.1491e-02      13253          8  0.000e+00
     10.149   70.57988 -162.49072     10.254     6.5739     6.5659     6.5731    28.5733    28.5724  1022.4601    22.4126    291.455    273.096  310.69817     93.806     0.1954     0.8242     0.6204 8.2054e-02      13254          8  0.000e+00
     10.149   70.57988 -162.49072     10.254     6.5762     6.5649     6.5754    28.5737    28.5726  1022.4601    22.4126    291.452    273.090  310.68116     93.811     0.1954     0.8242     0.6192 8.7196e-02      13255          8  0.000e+00
     10.180   70.57988 -162.49072     10.285     6.5781     6.5678     6.5773    28.5746    28.5736  1022.4608    22.4131    291.452    273.058  310.66515     93.815     0.1954     0.8242     0.6204 9.0110e-02      13256          8  0.000e+00
     10.149   70.57988 -162.49072     10.254     6.5800     6.5717     6.5791    28.5750    28.5757  1022.4608    22.4132    291.450    273.014  310.65058     93.819     0.1954     0.8242     0.6204 9.0110e-02      13257          8  0.000e+00
     10.203   70.57988 -162.49072     10.308     6.5818     6.5745     6.5810    28.5745    28.5771  1022.4604    22.4126    291.653    272.981  310.63856     93.888     0.1954     0.8242     0.6192 8.8357e-02      13258          8  0.000e+00
     10.149   70.57988 -162.49072     10.254     6.5829     6.5761     6.5821    28.5736    28.5777  1022.4593    22.4118    291.488    272.955  310.63257     93.837     0.1941     0.8168     0.6204 8.7196e-02      13259          8  0.000e+00
     10.149   70.57988 -162.49072     10.254     6.5836     6.5769     6.5828    28.5710    28.5777  1022.4572    22.4096    291.501    272.938  310.63301     93.841     0.1941     0.8168     0.6204 8.7196e-02      13260          8  0.000e+00
     10.180   70.57988 -162.49072     10.285     6.5839     6.5785     6.5830    28.5695    28.5775  1022.4561    22.4084    291.518    272.935  310.63506     93.846     0.1941     0.8168     0.6204 8.4895e-02      13261          8  0.000e+00
     10.149   70.57988 -162.49072     10.254     6.5837     6.5806     6.5829    28.5696    28.5780  1022.4560    22.4085    291.531    272.926  310.63600     93.850     0.1954     0.8242     0.6180 8.3186e-02      13262          8  0.000e+00
     10.203   70.57988 -162.49072     10.308     6.5837     6.5820     6.5829    28.5698    28.5786  1022.4564    22.4087    291.518    272.925  310.63548     93.846     0.1941     0.8168     0.6156 8.2619e-02      13263          8  0.000e+00
     10.149   70.57988 -162.49072     10.254     6.5835     6.5822     6.5827    28.5693    28.5785  1022.4558    22.4083    291.503    272.752  310.63806     93.840     0.1941     0.8168     0.6156 7.4853e-02      13264          8  0.000e+00
     10.203   70.57988 -162.49072     10.308     6.5834     6.5822     6.5826    28.5679    28.5781  1022.4550    22.4072    291.718    272.729  310.64191     93.908     0.1941     0.8168     0.6156 6.5306e-02      13265          8  0.000e+00
     10.149   70.57988 -162.49072     10.254     6.5834     6.5817     6.5826    28.5663    28.5788  1022.4535    22.4059    291.559    272.704  310.64569     93.856     0.1941     0.8168     0.6156 6.3250e-02      13266          8  0.000e+00
     10.180   70.57988 -162.49072     10.285     6.5826     6.5819     6.5818    28.5648    28.5793  1022.4525    22.4049    291.580    272.697  310.65501     93.860     0.1929     0.8095     0.6156 6.3762e-02      13267          8  0.000e+00
     10.203   70.57988 -162.49072     10.308     6.5817     6.5823     6.5809    28.5639    28.5806  1022.4521    22.4043    291.599    272.669  310.66312     93.864     0.1941     0.8168     0.6156 6.3762e-02      13268          8  0.000e+00
     10.149   70.57988 -162.49072     10.254     6.5808     6.5836     6.5800    28.5643    28.5808  1022.4522    22.4047    291.643    272.635  310.66898     93.876     0.1941     0.8168     0.6156 6.3762e-02      13269          8  0.000e+00
     10.203   70.57988 -162.49072     10.308     6.5799     6.5814     6.5790    28.5644    28.5802  1022.4527    22.4049    291.663    272.632  310.67555     93.880     0.1941     0.8168     0.6156 6.2739e-02      13270          8  0.000e+00
     10.203   70.57988 -162.49072     10.308     6.5795     6.5793     6.5787    28.5643    28.5775  1022.4526    22.4048    291.677    272.631  310.67806     93.884     0.1941     0.8168     0.6156 5.9706e-02      13271          8  0.000e+00
     10.180   70.57988 -162.49072     10.285     6.5785     6.5803     6.5777    28.5650    28.5742  1022.4531    22.4055    291.694    272.610  310.68428     93.888     0.1954     0.8242     0.6156 5.9205e-02      13272          8  0.000e+00
     10.203   70.57988 -162.49072     10.308     6.5782     6.5811     6.5774    28.5645    28.5727  1022.4529    22.4052    291.709    272.589  310.68712     93.892     0.1941     0.8168     0.6156 6.2230e-02      13273          8  0.000e+00
     10.149   70.57988 -162.49072     10.254     6.5776     6.5812     6.5768    28.5643    28.5731  1022.4526    22.4051    291.724    272.567  310.69202     93.895     0.1954     0.8242     0.6156 7.4853e-02      13274          8  0.000e+00
     10.203   70.57988 -162.49072     10.308     6.5771     6.5799     6.5763    28.5638    28.5743  1022.4525    22.4047    291.714    272.557  310.69689     93.890     0.1941     0.8168     0.6156 8.0369e-02      13275          8  0.000e+00
     10.203   70.57988 -162.49072     10.308     6.5761     6.5772     6.5752    28.5631    28.5743  1022.4521    22.4043    291.762    272.559  310.70614     93.903     0.1941     0.8168     0.6156 7.9810e-02      13276          8  0.000e+00
     10.180   70.57988 -162.49072     10.285     6.5750     6.5761     6.5742    28.5625    28.5739  1022.4516    22.4040    291.782    272.748  310.71478     93.907     0.1941     0.8168     0.6156 7.7591e-02      13277          8  0.000e+00
     10.203   70.57988 -162.49072     10.308     6.5736     6.5750     6.5728    28.5629    28.5743  1022.4522    22.4044    292.171    272.597  310.72458     94.029     0.1954     0.8242     0.6156 7.5944e-02      13278          8  0.000e+00
     10.203   70.57988 -162.49072     10.308     6.5735     6.5751     6.5727    28.5635    28.5742  1022.4527    22.4050    291.838    272.601  310.72382     93.922     0.1941     0.8168     0.6156 7.5944e-02      13279          8  0.000e+00
     10.204   70.57988 -162.49072     10.308     6.5731     6.5751     6.5723    28.5641    28.5753  1022.4532    22.4054    291.819    272.765  310.72514     93.915     0.1941     0.8168     0.6156 7.8144e-02      13280          8  0.000e+00
     10.150   70.57988 -162.49072     10.254     6.5733     6.5756     6.5725    28.5632    28.5756  1022.4523    22.4047    291.796    272.585  310.72599     93.908     0.1941     0.8168     0.6156 7.9253e-02      13281          8  0.000e+00
     10.234   70.57988 -162.49072     10.340     6.5723     6.5758     6.5715    28.5630    28.5752  1022.4526    22.4047    291.982    272.576  310.73348     93.965     0.1954     0.8242     0.6168 7.9810e-02      13282          8  0.000e+00
     10.204   70.57988 -162.49072     10.309     6.5713     6.5751     6.5704    28.5627    28.5750  1022.4523    22.4046    292.190    272.587  310.74189     94.030     0.1941     0.8168     0.6168 8.7776e-02      13283          8  0.000e+00
     10.150   70.57988 -162.49072     10.254     6.5709     6.5726     6.5701    28.5633    28.5741  1022.4526    22.4050    291.848    272.595  310.74316     93.919     0.1978     0.8388     0.6168 9.4857e-02      13284          8  0.000e+00
     10.204   70.57988 -162.49072     10.309     6.5710     6.5669     6.5702    28.5660    28.5741  1022.4549    22.4072    291.843    272.788  310.73588     93.920     0.1990     0.8461     0.6168 9.6061e-02      13285          8  0.000e+00
     10.204   70.57988 -162.49072     10.309     6.5722     6.5648     6.5714    28.5654    28.5739  1022.4544    22.4066    292.033    272.632  310.72861     93.983     0.1990     0.8461     0.6168 8.8939e-02      13286          8  0.000e+00
     10.234   70.57988 -162.49072     10.340     6.5723     6.5661     6.5715    28.5640    28.5744  1022.4534    22.4055    292.035    272.812  310.73112     93.983     0.1990     0.8461     0.6168 8.1491e-02      13287          8  0.000e+00
     10.204   70.57988 -162.49072     10.309     6.5720     6.5649     6.5712    28.5630    28.5740  1022.4525    22.4048    292.033    272.829  310.73556     93.981     0.1990     0.8461     0.6168 7.9810e-02      13288          8  0.000e+00
     10.204   70.57988 -162.49072     10.309     6.5714     6.5653     6.5706    28.5633    28.5723  1022.4528    22.4050    292.031    272.661  310.73945     93.979     0.1990     0.8461     0.6168 8.2619e-02      13289          8  0.000e+00
     10.150   70.57988 -162.49072     10.254     6.5712     6.5715     6.5704    28.5632    28.5727  1022.4525    22.4050    292.021    272.786  310.74097     93.976     0.1990     0.8461     0.6168 8.7196e-02      13290          8  0.000e+00
     10.204   70.57988 -162.49072     10.309     6.5710     6.5739     6.5702    28.5624    28.5748  1022.4521    22.4043    292.015    272.778  310.74412     93.973     0.1990     0.8461     0.6168 8.7776e-02      13291          8  0.000e+00
     10.234   70.57988 -162.49072     10.340     6.5704     6.5728     6.5696    28.5634    28.5736  1022.4531    22.4052    292.033    272.640  310.74660     93.978     0.1990     0.8461     0.6168 8.4324e-02      13292          8  0.000e+00
     10.204   70.57988 -162.49072     10.309     6.5703     6.5712     6.5695    28.5684    28.5717  1022.4569    22.4092    292.036    272.666  310.73577     93.982     0.1990     0.8461     0.6168 7.5944e-02      13293          8  0.000e+00
     10.150   70.57988 -162.49072     10.254     6.5717     6.5701     6.5708    28.5703    28.5722  1022.4581    22.4105    292.003    272.864  310.72141     93.976     0.2002     0.8535     0.6168 7.3228e-02      13294          8  0.000e+00
     10.204   70.57988 -162.49072     10.309     6.5730     6.5701     6.5722    28.5698    28.5736  1022.4577    22.4099    292.007    272.896  310.71322     93.980     0.1990     0.8461     0.6168 7.2689e-02      13295          8  0.000e+00
     10.204   70.57988 -162.49072     10.309     6.5738     6.5709     6.5730    28.5690    28.5740  1022.4570    22.4093    292.011    272.744  310.70864     93.982     0.1990     0.8461     0.6180 7.1083e-02      13296          8  0.000e+00
     10.150   70.57988 -162.49072     10.254     6.5749     6.5701     6.5741    28.5699    28.5755  1022.4573    22.4098    291.979    272.762  310.69908     93.975     0.1990     0.8461     0.6168 7.0550e-02      13297          8  0.000e+00
     10.235   70.57988 -162.49072     10.340     6.5768     6.5712     6.5760    28.5718    28.5775  1022.4590    22.4111    291.969    272.753  310.68068     93.977     0.1990     0.8461     0.6168 7.0550e-02      13298          8  0.000e+00
     10.204   70.57988 -162.49072     10.309     6.5790     6.5733     6.5782    28.5721    28.5808  1022.4588    22.4110    291.955    272.910  310.66388     93.978     0.1990     0.8461     0.6168 6.7910e-02      13299          8  0.000e+00
     10.150   70.57988 -162.49072     10.254     6.5803     6.5788     6.5795    28.5720    28.5818  1022.4584    22.4108    291.947    272.887  310.65524     93.978     0.1990     0.8461     0.6168 6.7386e-02      13300          8  0.000e+00
     10.151   70.57988 -162.49072     10.255     6.5909     6.5916     6.5901    28.5736    28.5837  1022.4583    22.4108    291.603    273.375  310.57446     93.892     0.1978     0.8388     0.6192 7.0019e-02      13399          9  0.000e+00
     10.205   70.57988 -162.49072     10.310     6.5909     6.5913     6.5901    28.5738    28.5837  1022.4587    22.4110    291.601    273.430  310.57394     93.891     0.1978     0.8388     0.6204 7.7041e-02      13400          9  0.000e+00
     10.182   70.57988 -162.49072     10.286     6.5911     6.5914     6.5903    28.5737    28.5838  1022.4586    22.4109    291.596    273.477  310.57294     93.890     0.1978     0.8388     0.6192 7.8144e-02      13401          9  0.000e+00
