EcoFOCI/data/1_SampleCollection/2023_SikuliaqDBO_CruiseData/CTD_raw_BottleFile_SKQ23-12S/proc/skq202312s_026svpavg.cnv
* Sea-Bird SBE 9 Data File:
* FileName = D:\CTD\SKQ202312S\SKQ202312S_026.hex
* Software Version Seasave V 7.26.7.121
* Temperature SN = 6177
* Conductivity SN = 0369
* Number of Bytes Per Scan = 41
* Number of Voltage Words = 4
* Number of Scans Averaged by the Deck Unit = 1
* NMEA Latitude = 71 17.26 N
* NMEA Longitude = 157 14.75 W
* NMEA UTC (Time) = Sep 20 2023  23:14:47
* NMEA baud rate = 4800
** Ship: R/V Sikuliaq
** Station Number: 026
** Station Name: DBO5.2
** Bottom Depth: 56
** Operator: SD
# nquan = 7
# nvalues = 49                          
# units = specified
# name 0 = depSM: Depth [salt water, m]
# name 1 = latitude: Latitude [deg]
# name 2 = longitude: Longitude [deg]
# name 3 = t090C: Temperature [ITS-90, deg C]
# name 4 = sal00: Salinity, Practical [PSU]
# name 5 = svCM: Sound Velocity [Chen-Millero, m/s]
# name 6 = flag: flag
# span 0 =      3.000,     51.000       
# span 1 =   71.28776,   71.28778       
# span 2 = -157.24544, -157.24540       
# span 3 =     2.1624,     4.5903       
# span 4 =    30.2774,    31.7864       
# span 5 =    1455.36,    1463.71       
# span 6 = 0.0000e+00, 0.0000e+00       
# interval = meters: 1                  
# start_time = Sep 20 2023 23:18:27 [NMEA time, first data scan]
# bad_flag = -9.990e-29
*END*
      3.000   71.28778 -157.24542     4.3486    30.2790    1462.07 0.0000e+00
      4.000   71.28778 -157.24541     4.3469    30.2774    1462.07 0.0000e+00
      5.000   71.28778 -157.24542     4.3462    30.2778    1462.09 0.0000e+00
      6.000   71.28778 -157.24541     4.3328    30.2784    1462.05 0.0000e+00
      7.000   71.28778 -157.24540     4.3343    30.2786    1462.07 0.0000e+00
      8.000   71.28778 -157.24540     4.3348    30.2796    1462.09 0.0000e+00
      9.000   71.28778 -157.24540     4.3337    30.2783    1462.10 0.0000e+00
     10.000   71.28778 -157.24540     4.3331    30.2778    1462.11 0.0000e+00
     11.000   71.28778 -157.24540     4.3335    30.2788    1462.13 0.0000e+00
     12.000   71.28778 -157.24541     4.4682    30.4326    1462.91 0.0000e+00
     13.000   71.28778 -157.24541     4.5398    30.5001    1463.31 0.0000e+00
     14.000   71.28778 -157.24542     4.5514    30.5114    1463.39 0.0000e+00
     15.000   71.28778 -157.24542     4.5791    30.5422    1463.56 0.0000e+00
     16.000   71.28778 -157.24542     4.5903    30.5949    1463.69 0.0000e+00
     17.000   71.28778 -157.24542     4.5671    30.6737    1463.71 0.0000e+00
     18.000   71.28778 -157.24542     4.3864    30.9322    1463.31 0.0000e+00
     19.000   71.28778 -157.24542     4.3132    31.0506    1463.17 0.0000e+00
     20.000   71.28778 -157.24542     4.1715    31.1796    1462.76 0.0000e+00
     21.000   71.28778 -157.24542     4.0891    31.2272    1462.49 0.0000e+00
     22.000   71.28778 -157.24542     3.9978    31.2920    1462.20 0.0000e+00
     23.000   71.28778 -157.24542     3.9366    31.3262    1462.01 0.0000e+00
     24.000   71.28778 -157.24542     3.8539    31.3622    1461.72 0.0000e+00
     25.000   71.28778 -157.24542     3.7962    31.3946    1461.54 0.0000e+00
     26.000   71.28778 -157.24542     3.7630    31.4072    1461.43 0.0000e+00
     27.000   71.28778 -157.24542     3.7160    31.4229    1461.27 0.0000e+00
     28.000   71.28778 -157.24543     3.6747    31.4448    1461.14 0.0000e+00
     29.000   71.28778 -157.24544     3.5743    31.4712    1460.76 0.0000e+00
     30.000   71.28778 -157.24542     3.3717    31.4838    1459.93 0.0000e+00
     31.000   71.28778 -157.24544     3.1771    31.4922    1459.12 0.0000e+00
     32.000   71.28778 -157.24544     3.1070    31.5144    1458.87 0.0000e+00
     33.000   71.28778 -157.24543     3.1029    31.5244    1458.88 0.0000e+00
     34.000   71.28778 -157.24544     3.1036    31.5298    1458.91 0.0000e+00
     35.000   71.28778 -157.24544     3.0845    31.5655    1458.89 0.0000e+00
     36.000   71.28778 -157.24544     2.9485    31.6107    1458.38 0.0000e+00
     37.000   71.28778 -157.24544     2.6613    31.6862    1457.25 0.0000e+00
     38.000   71.28778 -157.24544     2.3300    31.7598    1455.92 0.0000e+00
     39.000   71.28778 -157.24544     2.2331    31.7820    1455.54 0.0000e+00
     40.000   71.28778 -157.24544     2.2089    31.7838    1455.45 0.0000e+00
     41.000   71.28778 -157.24544     2.1928    31.7862    1455.40 0.0000e+00
     42.000   71.28778 -157.24544     2.1886    31.7860    1455.40 0.0000e+00
     43.000   71.28778 -157.24544     2.1817    31.7858    1455.38 0.0000e+00
     44.000   71.28778 -157.24543     2.1768    31.7862    1455.38 0.0000e+00
     45.000   71.28778 -157.24542     2.1700    31.7864    1455.36 0.0000e+00
     46.000   71.28777 -157.24543     2.1695    31.7849    1455.38 0.0000e+00
     47.000   71.28776 -157.24542     2.1667    31.7844    1455.38 0.0000e+00
     48.000   71.28777 -157.24542     2.1664    31.7844    1455.40 0.0000e+00
     49.000   71.28778 -157.24542     2.1653    31.7845    1455.41 0.0000e+00
     50.000   71.28778 -157.24542     2.1624    31.7851    1455.41 0.0000e+00
     51.000   71.28778 -157.24542     2.1639    31.7843    1455.43 0.0000e+00
