EcoFOCI/data/1_SampleCollection/2023_SikuliaqDBO_CruiseData/CTD_raw_BottleFile_SKQ23-12S/proc/skq202312s_048svp.cnv
* Sea-Bird SBE 9 Data File:
* FileName = D:\CTD\SKQ202312S\SKQ202312S_048.hex
* Software Version Seasave V 7.26.7.121
* Temperature SN = 6177
* Conductivity SN = 0369
* Number of Bytes Per Scan = 41
* Number of Voltage Words = 4
* Number of Scans Averaged by the Deck Unit = 1
* NMEA Latitude = 71 47.13 N
* NMEA Longitude = 161 57.91 W
* NMEA UTC (Time) = Sep 25 2023  05:45:53
* NMEA baud rate = 4800
** Ship: R/V Sikuliaq
** Station Number: 048
** Station Name: DBO4.5na
** Bottom Depth: 42
** Operator: SS
# nquan = 7
# nvalues = 4049                                  
# units = specified
# name 0 = depSM: Depth [salt water, m]
# name 1 = latitude: Latitude [deg]
# name 2 = longitude: Longitude [deg]
# name 3 = t090C: Temperature [ITS-90, deg C]
# name 4 = sal00: Salinity, Practical [PSU]
# name 5 = svCM: Sound Velocity [Chen-Millero, m/s]
# name 6 = flag:  0.000e+00
# span 0 =      2.090,     36.939                 
# span 1 =   71.78546,   71.78546                 
# span 2 = -161.96522, -161.96520                 
# span 3 =    -0.6879,     2.1019                 
# span 4 =    27.4668,    32.6637                 
# span 5 =    1443.17,    1451.49                 
# span 6 = 0.0000e+00, 0.0000e+00                 
# interval = seconds: 0.0416667
# start_time = Sep 25 2023 05:49:13 [NMEA time, first data scan]
# bad_flag = -9.990e-29
*END*
[from data line 1436]
      9.969   71.78546 -161.96522     2.0907    28.3577    1449.96  0.000e+00
     10.031   71.78546 -161.96522     2.0880    28.3580    1449.95  0.000e+00
      9.969   71.78546 -161.96522     2.0860    28.3583    1449.94  0.000e+00
     10.031   71.78546 -161.96522     2.0835    28.3599    1449.93  0.000e+00
     10.000   71.78546 -161.96522     2.0810    28.3635    1449.92  0.000e+00
     10.031   71.78546 -161.96522     2.0788    28.3683    1449.92  0.000e+00
     10.031   71.78546 -161.96522     2.0759    28.3746    1449.91  0.000e+00
     10.085   71.78546 -161.96522     2.0714    28.3836    1449.91  0.000e+00
     10.085   71.78546 -161.96522     2.0664    28.3931    1449.90  0.000e+00
     10.031   71.78546 -161.96522     2.0617    28.4015    1449.88  0.000e+00
     10.085   71.78546 -161.96522     2.0576    28.4067    1449.87  0.000e+00
     10.085   71.78546 -161.96522     2.0535    28.4111    1449.86  0.000e+00
     10.085   71.78546 -161.96522     2.0495    28.4191    1449.85  0.000e+00
     10.085   71.78546 -161.96522     2.0466    28.4338    1449.86  0.000e+00
     10.146   71.78546 -161.96522     2.0439    28.4493    1449.87  0.000e+00
     10.146   71.78546 -161.96522     2.0419    28.4635    1449.88  0.000e+00
     10.085   71.78546 -161.96522     2.0397    28.4801    1449.89  0.000e+00
     10.177   71.78546 -161.96522     2.0373    28.5010    1449.91  0.000e+00
     10.146   71.78546 -161.96522     2.0356    28.5180    1449.92  0.000e+00
     10.200   71.78546 -161.96522     2.0343    28.5247    1449.93  0.000e+00
     10.146   71.78546 -161.96522     2.0335    28.5263    1449.92  0.000e+00
     10.200   71.78546 -161.96522     2.0325    28.5295    1449.93  0.000e+00
     10.200   71.78546 -161.96522     2.0318    28.5335    1449.93  0.000e+00
     10.200   71.78546 -161.96522     2.0311    28.5403    1449.93  0.000e+00
     10.254   71.78546 -161.96522     2.0306    28.5528    1449.95  0.000e+00
     10.254   71.78546 -161.96522     2.0300    28.5666    1449.96  0.000e+00
     10.200   71.78546 -161.96522     2.0293    28.5767    1449.97  0.000e+00
     10.254   71.78546 -161.96522     2.0284    28.5864    1449.98  0.000e+00
     10.254   71.78546 -161.96522     2.0274    28.6047    1450.00  0.000e+00
     10.285   71.78546 -161.96522     2.0252    28.6322    1450.03  0.000e+00
     10.316   71.78546 -161.96522     2.0213    28.6653    1450.06  0.000e+00
     10.254   71.78546 -161.96522     2.0168    28.7000    1450.08  0.000e+00
     10.370   71.78546 -161.96522     2.0116    28.7310    1450.10  0.000e+00
     10.316   71.78546 -161.96522     2.0053    28.7568    1450.10  0.000e+00
     10.316   71.78546 -161.96522     1.9993    28.7804    1450.11  0.000e+00
     10.370   71.78546 -161.96522     1.9928    28.8010    1450.11  0.000e+00
     10.316   71.78546 -161.96522     1.9865    28.8170    1450.10  0.000e+00
     10.370   71.78546 -161.96522     1.9809    28.8320    1450.09  0.000e+00
     10.370   71.78546 -161.96522     1.9761    28.8477    1450.09  0.000e+00
     10.432   71.78546 -161.96522     1.9714    28.8623    1450.09  0.000e+00
     10.370   71.78546 -161.96522     1.9681    28.8753    1450.09  0.000e+00
     10.463   71.78546 -161.96522     1.9646    28.8938    1450.10  0.000e+00
     10.432   71.78546 -161.96522     1.9613    28.9122    1450.11  0.000e+00
     10.432   71.78546 -161.96522     1.9585    28.9260    1450.12  0.000e+00
     10.432   71.78546 -161.96522     1.9562    28.9370    1450.12  0.000e+00
     10.432   71.78546 -161.96522     1.9537    28.9530    1450.13  0.000e+00
     10.486   71.78546 -161.96522     1.9506    28.9775    1450.15  0.000e+00
     10.486   71.78546 -161.96522     1.9481    29.0048    1450.18  0.000e+00
     10.486   71.78546 -161.96522     1.9455    29.0202    1450.19  0.000e+00
     10.486   71.78546 -161.96522     1.9434    29.0247    1450.18  0.000e+00
     10.547   71.78546 -161.96522     1.9410    29.0227    1450.17  0.000e+00
     10.486   71.78546 -161.96522     1.9393    29.0180    1450.15  0.000e+00
     10.547   71.78546 -161.96522     1.9382    29.0226    1450.16  0.000e+00
     10.516   71.78546 -161.96522     1.9369    29.0382    1450.17  0.000e+00
     10.547   71.78546 -161.96522     1.9355    29.0543    1450.19  0.000e+00
     10.547   71.78546 -161.96522     1.9339    29.0632    1450.19  0.000e+00
     10.547   71.78546 -161.96522     1.9317    29.0726    1450.19  0.000e+00
     10.601   71.78546 -161.96522     1.9286    29.0938    1450.21  0.000e+00
     10.601   71.78546 -161.96522     1.9244    29.1173    1450.22  0.000e+00
     10.547   71.78546 -161.96522     1.9183    29.1364    1450.22  0.000e+00
     10.601   71.78546 -161.96522     1.9131    29.1491    1450.21  0.000e+00
     10.601   71.78546 -161.96522     1.9095    29.1617    1450.21  0.000e+00
     10.601   71.78546 -161.96522     1.9061    29.1739    1450.21  0.000e+00
     10.601   71.78546 -161.96522     1.9037    29.1834    1450.21  0.000e+00
     10.632   71.78546 -161.96522     1.9019    29.1918    1450.22  0.000e+00
     10.655   71.78546 -161.96522     1.9000    29.1995    1450.22  0.000e+00
     10.601   71.78546 -161.96522     1.8985    29.2053    1450.22  0.000e+00
     10.655   71.78546 -161.96522     1.8974    29.2100    1450.22  0.000e+00
     10.655   71.78546 -161.96522     1.8969    29.2131    1450.22  0.000e+00
     10.655   71.78546 -161.96522     1.8955    29.2179    1450.22  0.000e+00
     10.655   71.78546 -161.96522     1.8942    29.2241    1450.23  0.000e+00
     10.655   71.78546 -161.96522     1.8928    29.2294    1450.23  0.000e+00
     10.655   71.78546 -161.96522     1.8913    29.2316    1450.22  0.000e+00
     10.655   71.78546 -161.96522     1.8899    29.2317    1450.22  0.000e+00
     10.655   71.78546 -161.96522     1.8883    29.2326    1450.21  0.000e+00
     10.717   71.78546 -161.96522     1.8864    29.2344    1450.21  0.000e+00
     10.632   71.78546 -161.96522     1.8860    29.2360    1450.20  0.000e+00
     10.717   71.78546 -161.96522     1.8855    29.2380    1450.21  0.000e+00
     10.655   71.78546 -161.96522     1.8848    29.2392    1450.20  0.000e+00
     10.717   71.78546 -161.96522     1.8839    29.2398    1450.20  0.000e+00
     10.717   71.78546 -161.96522     1.8843    29.2398    1450.20  0.000e+00
     10.717   71.78546 -161.96522     1.8849    29.2403    1450.21  0.000e+00
     10.717   71.78546 -161.96522     1.8849    29.2414    1450.21  0.000e+00
     10.717   71.78546 -161.96522     1.8850    29.2407    1450.21  0.000e+00
     10.655   71.78546 -161.96522     1.8846    29.2401    1450.20  0.000e+00
     10.717   71.78546 -161.96522     1.8838    29.2404    1450.20  0.000e+00
     10.771   71.78546 -161.96522     1.8834    29.2420    1450.20  0.000e+00
     10.686   71.78546 -161.96522     1.8811    29.2460    1450.20  0.000e+00
     10.717   71.78546 -161.96522     1.8780    29.2501    1450.19  0.000e+00
     10.717   71.78546 -161.96522     1.8764    29.2513    1450.18  0.000e+00
     10.771   71.78546 -161.96522     1.8755    29.2523    1450.18  0.000e+00
     10.717   71.78546 -161.96522     1.8742    29.2566    1450.18  0.000e+00
     10.717   71.78546 -161.96522     1.8722    29.2651    1450.18  0.000e+00
     10.717   71.78546 -161.96522     1.8688    29.2781    1450.18  0.000e+00
     10.771   71.78546 -161.96522     1.8639    29.2884    1450.18  0.000e+00
     10.771   71.78546 -161.96522     1.8605    29.2897    1450.16  0.000e+00
     10.717   71.78546 -161.96522     1.8592    29.2860    1450.15  0.000e+00
     10.771   71.78546 -161.96522     1.8596    29.2820    1450.15  0.000e+00
     10.748   71.78546 -161.96522     1.8602    29.2818    1450.15  0.000e+00
     10.717   71.78546 -161.96522     1.8620    29.2828    1450.16  0.000e+00
     10.771   71.78546 -161.96522     1.8622    29.2850    1450.17  0.000e+00
     10.771   71.78546 -161.96522     1.8607    29.2909    1450.17  0.000e+00
     10.717   71.78546 -161.96522     1.8580    29.2962    1450.16  0.000e+00
     10.771   71.78546 -161.96522     1.8563    29.3019    1450.16  0.000e+00
     10.771   71.78546 -161.96522     1.8550    29.3103    1450.17  0.000e+00
     10.771   71.78546 -161.96522     1.8541    29.3188    1450.17  0.000e+00
     10.771   71.78546 -161.96522     1.8524    29.3272    1450.18  0.000e+00
     10.832   71.78546 -161.96522     1.8512    29.3338    1450.18  0.000e+00
     10.717   71.78546 -161.96522     1.8502    29.3410    1450.18  0.000e+00
     10.801   71.78546 -161.96522     1.8496    29.3473    1450.19  0.000e+00
     10.771   71.78546 -161.96522     1.8488    29.3511    1450.19  0.000e+00
     10.771   71.78546 -161.96522     1.8482    29.3508    1450.19  0.000e+00
     10.832   71.78546 -161.96522     1.8476    29.3484    1450.18  0.000e+00
     10.771   71.78546 -161.96522     1.8463    29.3488    1450.18  0.000e+00
     10.832   71.78546 -161.96522     1.8452    29.3502    1450.18  0.000e+00
     10.771   71.78546 -161.96522     1.8443    29.3498    1450.17  0.000e+00
     10.832   71.78546 -161.96522     1.8440    29.3479    1450.17  0.000e+00
     10.771   71.78546 -161.96522     1.8438    29.3430    1450.16  0.000e+00
     10.886   71.78546 -161.96522     1.8438    29.3400    1450.16  0.000e+00
     10.747   71.78546 -161.96522     1.8438    29.3371    1450.15  0.000e+00
     10.886   71.78546 -161.96522     1.8441    29.3330    1450.15  0.000e+00
     10.832   71.78546 -161.96522     1.8432    29.3325    1450.14  0.000e+00
     10.832   71.78546 -161.96522     1.8416    29.3328    1450.14  0.000e+00
     10.832   71.78546 -161.96522     1.8410    29.3305    1450.13  0.000e+00
     10.832   71.78546 -161.96522     1.8422    29.3335    1450.14  0.000e+00
     10.832   71.78546 -161.96522     1.8418    29.3486    1450.16  0.000e+00
     10.886   71.78546 -161.96522     1.8409    29.3583    1450.17  0.000e+00
     10.886   71.78546 -161.96522     1.8407    29.3586    1450.17  0.000e+00
     10.832   71.78546 -161.96522     1.8415    29.3653    1450.18  0.000e+00
     10.886   71.78546 -161.96522     1.8415    29.3795    1450.20  0.000e+00
     10.863   71.78546 -161.96522     1.8399    29.3887    1450.20  0.000e+00
     10.886   71.78546 -161.96522     1.8384    29.3950    1450.21  0.000e+00
     10.886   71.78546 -161.96522     1.8376    29.4029    1450.21  0.000e+00
     10.886   71.78546 -161.96522     1.8371    29.4067    1450.21  0.000e+00
     10.886   71.78546 -161.96522     1.8363    29.4018    1450.21  0.000e+00
     10.948   71.78546 -161.96522     1.8371    29.3940    1450.20  0.000e+00
     10.886   71.78546 -161.96522     1.8380    29.3927    1450.20  0.000e+00
     10.948   71.78546 -161.96522     1.8387    29.3962    1450.21  0.000e+00
     10.948   71.78546 -161.96522     1.8382    29.3967    1450.21  0.000e+00
     10.948   71.78546 -161.96522     1.8380    29.3975    1450.21  0.000e+00
     10.948   71.78546 -161.96522     1.8376    29.4021    1450.21  0.000e+00
     10.917   71.78546 -161.96522     1.8360    29.4027    1450.21  0.000e+00
     11.002   71.78546 -161.96522     1.8343    29.3999    1450.20  0.000e+00
     10.948   71.78546 -161.96522     1.8331    29.4014    1450.19  0.000e+00
     11.002   71.78546 -161.96522     1.8321    29.4047    1450.19  0.000e+00
     11.002   71.78546 -161.96522     1.8313    29.4075    1450.19  0.000e+00
     10.948   71.78546 -161.96522     1.8302    29.4145    1450.20  0.000e+00
     11.056   71.78546 -161.96522     1.8306    29.4212    1450.21  0.000e+00
     11.002   71.78546 -161.96522     1.8315    29.4279    1450.22  0.000e+00
     11.002   71.78546 -161.96522     1.8321    29.4412    1450.24  0.000e+00
     11.056   71.78546 -161.96522     1.8346    29.4643    1450.28  0.000e+00
     11.033   71.78546 -161.96522     1.8432    29.4841    1450.35  0.000e+00
     11.056   71.78546 -161.96522     1.8561    29.4870    1450.41  0.000e+00
     11.056   71.78546 -161.96522     1.8669    29.4828    1450.45  0.000e+00
     11.056   71.78546 -161.96522     1.8747    29.4748    1450.47  0.000e+00
     11.056   71.78546 -161.96522     1.8785    29.4590    1450.47  0.000e+00
     11.117   71.78546 -161.96522     1.8764    29.4402    1450.44  0.000e+00
     11.117   71.78546 -161.96522     1.8736    29.4223    1450.40  0.000e+00
     11.117   71.78546 -161.96522     1.8691    29.4068    1450.36  0.000e+00
     11.117   71.78546 -161.96522     1.8603    29.3983    1450.31  0.000e+00
     11.171   71.78546 -161.96522     1.8523    29.3967    1450.27  0.000e+00
     11.087   71.78546 -161.96522     1.8476    29.4082    1450.27  0.000e+00
     11.171   71.78546 -161.96522     1.8443    29.4333    1450.29  0.000e+00
     11.171   71.78546 -161.96522     1.8440    29.4477    1450.30  0.000e+00
     11.171   71.78546 -161.96522     1.8456    29.4464    1450.31  0.000e+00
     11.171   71.78546 -161.96522     1.8462    29.4456    1450.31  0.000e+00
     11.171   71.78546 -161.96522     1.8514    29.4578    1450.35  0.000e+00
     11.233   71.78546 -161.96522     1.8646    29.4694    1450.43  0.000e+00
     11.233   71.78546 -161.96522     1.8780    29.4810    1450.50  0.000e+00
     11.233   71.78546 -161.96522     1.8905    29.4953    1450.57  0.000e+00
     11.233   71.78546 -161.96522     1.9036    29.5057    1450.65  0.000e+00
     11.264   71.78546 -161.96522     1.9191    29.5049    1450.71  0.000e+00
     11.233   71.78546 -161.96522     1.9326    29.4996    1450.77  0.000e+00
     11.287   71.78546 -161.96522     1.9421    29.4979    1450.81  0.000e+00
     11.287   71.78546 -161.96522     1.9482    29.5017    1450.84  0.000e+00
     11.233   71.78546 -161.96522     1.9520    29.5052    1450.86  0.000e+00
     11.349   71.78546 -161.96522     1.9547    29.5051    1450.87  0.000e+00
     11.287   71.78546 -161.96522     1.9567    29.5030    1450.88  0.000e+00
     11.349   71.78546 -161.96522     1.9581    29.5008    1450.88  0.000e+00
     11.349   71.78546 -161.96522     1.9592    29.4982    1450.89  0.000e+00
     11.349   71.78546 -161.96522     1.9601    29.4980    1450.89  0.000e+00
     11.318   71.78546 -161.96522     1.9607    29.5000    1450.89  0.000e+00
     11.349   71.78546 -161.96522     1.9607    29.5012    1450.90  0.000e+00
     11.403   71.78546 -161.96522     1.9598    29.5025    1450.89  0.000e+00
     11.349   71.78546 -161.96522     1.9587    29.5037    1450.89  0.000e+00
     11.403   71.78546 -161.96522     1.9576    29.5039    1450.89  0.000e+00
     11.403   71.78546 -161.96522     1.9565    29.5058    1450.88  0.000e+00
     11.403   71.78546 -161.96522     1.9558    29.5108    1450.89  0.000e+00
     11.403   71.78546 -161.96522     1.9552    29.5187    1450.90  0.000e+00
     11.402   71.78546 -161.96522     1.9541    29.5279    1450.90  0.000e+00
     11.487   71.78546 -161.96522     1.9520    29.5392    1450.91  0.000e+00
     11.402   71.78546 -161.96522     1.9491    29.5567    1450.92  0.000e+00
     11.456   71.78546 -161.96522     1.9455    29.5713    1450.92  0.000e+00
     11.456   71.78546 -161.96522     1.9441    29.5799    1450.93  0.000e+00
     11.456   71.78546 -161.96522     1.9416    29.5863    1450.92  0.000e+00
     11.456   71.78546 -161.96522     1.9382    29.5909    1450.92  0.000e+00
     11.518   71.78546 -161.96522     1.9341    29.5996    1450.91  0.000e+00
     11.456   71.78546 -161.96522     1.9302    29.6146    1450.91  0.000e+00
     11.518   71.78546 -161.96522     1.9241    29.6391    1450.92  0.000e+00
     11.518   71.78546 -161.96522     1.9174    29.6620    1450.92  0.000e+00
     11.487   71.78546 -161.96522     1.9111    29.6796    1450.91  0.000e+00
     11.518   71.78546 -161.96522     1.9055    29.6909    1450.90  0.000e+00
     11.518   71.78546 -161.96522     1.8993    29.6997    1450.89  0.000e+00
     11.572   71.78546 -161.96522     1.8922    29.7118    1450.87  0.000e+00
     11.518   71.78546 -161.96522     1.8842    29.7300    1450.86  0.000e+00
