EcoFOCI/data/1_SampleCollection/2023_SikuliaqDBO_CruiseData/CTD_raw_BottleFile_SKQ23-12S/proc/skq202312s_034.cnv
* Sea-Bird SBE 9 Data File:
* FileName = D:\CTD\SKQ202312S\SKQ202312S_034.hex
* Software Version Seasave V 7.26.7.121
* Temperature SN = 6177
* Conductivity SN = 0369
* Number of Bytes Per Scan = 41
* Number of Voltage Words = 4
* Number of Scans Averaged by the Deck Unit = 1
* NMEA Latitude = 71 37.15 N
* NMEA Longitude = 157 55.43 W
* NMEA UTC (Time) = Sep 21 2023  16:36:56
* NMEA baud rate = 4800
** Ship: R/V Sikuliaq
** Station Number: 034
** Station Name: DBO5.10
** Bottom Depth: 62
** Operator: SD
# nquan = 24
# nvalues = 4950                                  
# units = specified
# name 0 = depSM: Depth [salt water, m]
# name 1 = latitude: Latitude [deg]
# name 2 = longitude: Longitude [deg]
# name 3 = prDM: Pressure, Digiquartz [db]
# name 4 = t090C: Temperature [ITS-90, deg C]
# name 5 = t190C: Temperature, 2 [ITS-90, deg C]
# name 6 = potemp090C: Potential Temperature [ITS-90, deg C]
# name 7 = sal00: Salinity, Practical [PSU]
# name 8 = sal11: Salinity, Practical, 2 [PSU]
# name 9 = density00: Density [density, kg/m^3]
# name 10 = sigma-é00: Density [sigma-theta, kg/m^3]
# name 11 = sbox0Mm/Kg: Oxygen, SBE 43 [umol/kg]
# name 12 = sbox1Mm/Kg: Oxygen, SBE 43, 2 [umol/kg]
# name 13 = oxsolMm/Kg: Oxygen Saturation, Garcia & Gordon [umol/kg]
# name 14 = sbeox0PS: Oxygen, SBE 43 [% saturation]
# name 15 = sbeox1PS: Oxygen, SBE 43, 2 [% saturation]
# name 16 = v0: Voltage 0
# name 17 = flECO-AFL: Fluorescence, WET Labs ECO-AFL/FL [mg/m^3]
# name 18 = v1: Voltage 1
# name 19 = CStarAt0: Beam Attenuation, WET Labs C-Star [1/m]
# name 20 = par: PAR/Irradiance, Biospherical/Licor
# name 21 = scan: Scan Count
# name 22 = timeM: Time, Elapsed [minutes]
# name 23 = flag:  0.000e+00
# span 0 =      3.478,     56.893                 
# span 1 =   71.61914,   71.61918                 
# span 2 = -157.92404, -157.92392                 
# span 3 =      3.514,     57.488                 
# span 4 =    -1.6923,     2.3246                 
# span 5 =    -1.6915,     2.3255                 
# span 6 =    -1.6933,     2.3243                 
# span 7 =    29.6606,    32.9205                 
# span 8 =    29.6710,    32.9301                 
# span 9 =  1023.6974,  1026.7651                 
# span 10 =    23.6747,    26.4878                
# span 11 =    275.216,    402.341                
# span 12 =    261.786,    374.358                
# span 13 =  341.61769,  369.91648                
# span 14 =     74.503,    112.184                
# span 15 =     70.895,    105.255                
# span 16 =     0.0659,     0.1783                
# span 17 =     0.0476,     0.7216                
# span 18 =     3.0220,     4.1929                
# span 19 =     0.4672,     1.7776                
# span 20 = 1.0000e-12, 1.1349e+01                
# span 21 =          1,       4950                
# span 22 =     0.0000,     3.4368                
# span 23 = 0.0000e+00, 0.0000e+00                
# interval = seconds: 0.0416667
# start_time = Sep 21 2023 16:38:35 [NMEA time, first data scan]
# bad_flag = -9.990e-29
*END*
[from data line 3382]
     47.389   71.61916 -157.92394     47.884    -1.5809    -1.5797    -1.5818    32.7418    32.7519  1026.5711    26.3399    298.302    284.362  369.32638     80.769     77.004     0.0720     0.0842     4.0647     0.5915 5.6723e-02       3383     2.3486  0.000e+00
     47.497   71.61916 -157.92394     47.993    -1.5828    -1.5815    -1.5836    32.7428    32.7530  1026.5725    26.3407    298.402    284.411  369.34194     80.793     77.014     0.0733     0.0916     4.0525     0.6035 5.7712e-02       3384     2.3493  0.000e+00
     47.443   71.61916 -157.92394     47.939    -1.5844    -1.5830    -1.5853    32.7435    32.7534  1026.5729    26.3414    298.457    284.460  369.35642     80.805     77.024     0.0720     0.0842     4.0525     0.6035 5.8706e-02       3385     2.3500  0.000e+00
     47.505   71.61916 -157.92394     48.001    -1.5860    -1.5850    -1.5869    32.7438    32.7545  1026.5734    26.3417    298.011    284.525  369.37108     80.681     77.038     0.0720     0.0842     4.0549     0.6011 5.8706e-02       3386     2.3507  0.000e+00
     47.505   71.61916 -157.92394     48.001    -1.5878    -1.5862    -1.5887    32.7450    32.7546  1026.5744    26.3427    298.309    284.591  369.38543     80.758     77.054     0.0708     0.0769     4.0549     0.6011 6.2230e-02       3387     2.3514  0.000e+00
     47.559   71.61916 -157.92394     48.056    -1.5892    -1.5874    -1.5900    32.7460    32.7557  1026.5755    26.3435    298.361    284.631  369.39639     80.770     77.063     0.0720     0.0842     4.0549     0.6011 6.5824e-02       3388     2.3521  0.000e+00
     47.559   71.61916 -157.92394     48.056    -1.5903    -1.5880    -1.5911    32.7466    32.7562  1026.5760    26.3440    298.424    284.671  369.40569     80.785     77.073     0.0733     0.0916     4.0549     0.6011 6.6864e-02       3389     2.3528  0.000e+00
     47.559   71.61916 -157.92394     48.056    -1.5913    -1.5886    -1.5922    32.7471    32.7564  1026.5765    26.3444    298.501    284.490  369.41447     80.804     77.022     0.0720     0.0842     4.0549     0.6011 6.7386e-02       3390     2.3535  0.000e+00
     47.559   71.61916 -157.92394     48.056    -1.5918    -1.5893    -1.5926    32.7477    32.7574  1026.5770    26.3449    298.535    284.513  369.41733     80.812     77.028     0.0733     0.0916     4.0549     0.6011 6.8435e-02       3391     2.3542  0.000e+00
     47.675   71.61916 -157.92394     48.173    -1.5922    -1.5898    -1.5931    32.7484    32.7572  1026.5782    26.3456    298.586    284.549  369.41977     80.826     77.036     0.0708     0.0769     4.0549     0.6011 6.8435e-02       3392     2.3549  0.000e+00
     47.621   71.61916 -157.92394     48.118    -1.5930    -1.5904    -1.5938    32.7485    32.7580  1026.5779    26.3456    298.647    284.585  369.42714     80.841     77.045     0.0720     0.0842     4.0549     0.6011 6.7910e-02       3393     2.3556  0.000e+00
     47.675   71.61916 -157.92394     48.173    -1.5931    -1.5907    -1.5940    32.7485    32.7586  1026.5783    26.3457    298.460    284.632  369.42866     80.790     77.058     0.0733     0.0916     4.0549     0.6011 6.4275e-02       3394     2.3563  0.000e+00
     47.621   71.61916 -157.92394     48.118    -1.5933    -1.5906    -1.5942    32.7491    32.7584  1026.5784    26.3461    298.491    284.647  369.42884     80.798     77.062     0.0720     0.0842     4.0549     0.6011 6.3250e-02       3395     2.3569  0.000e+00
     47.675   71.61916 -157.92394     48.173    -1.5937    -1.5907    -1.5946    32.7492    32.7587  1026.5788    26.3462    298.493    284.673  369.43255     80.798     77.069     0.0733     0.0916     4.0549     0.6011 6.3762e-02       3396     2.3576  0.000e+00
     47.667   71.61916 -157.92394     48.165    -1.5939    -1.5909    -1.5948    32.7498    32.7591  1026.5793    26.3467    298.501    284.705  369.43232     80.800     77.077     0.0720     0.0842     4.0549     0.6011 6.5306e-02       3397     2.3583  0.000e+00
     47.729   71.61916 -157.92394     48.227    -1.5940    -1.5912    -1.5949    32.7497    32.7598  1026.5795    26.3466    298.577    284.745  369.43397     80.820     77.088     0.0733     0.0916     4.0549     0.6011 6.5824e-02       3398     2.3590  0.000e+00
     47.729   71.61916 -157.92396     48.227    -1.5939    -1.5913    -1.5948    32.7501    32.7604  1026.5798    26.3469    298.611    284.790  369.43167     80.830     77.100     0.0720     0.0842     4.0549     0.6011 6.5824e-02       3399     2.3597  0.000e+00
     47.729   71.61916 -157.92396     48.227    -1.5937    -1.5912    -1.5946    32.7499    32.7601  1026.5796    26.3468    298.657    284.807  369.43050     80.843     77.105     0.0733     0.0916     4.0549     0.6011 6.3762e-02       3400     2.3604  0.000e+00
     47.791   71.61916 -157.92396     48.290    -1.5939    -1.5910    -1.5948    32.7504    32.7601  1026.5803    26.3472    298.721    284.831  369.43077     80.860     77.112     0.0733     0.0916     4.0549     0.6011 6.2739e-02       3401     2.3611  0.000e+00
     47.729   71.61916 -157.92396     48.227    -1.5936    -1.5913    -1.5945    32.7507    32.7615  1026.5803    26.3474    298.476    284.856  369.42694     80.794     77.119     0.0720     0.0842     4.0537     0.6023 6.2739e-02       3402     2.3618  0.000e+00
     47.791   71.61916 -157.92396     48.290    -1.5934    -1.5910    -1.5943    32.7509    32.7616  1026.5807    26.3476    298.512    284.856  369.42475     80.804     77.119     0.0720     0.0842     4.0403     0.6156 5.4762e-02       3403     2.3625  0.000e+00
     47.783   71.61916 -157.92396     48.282    -1.5937    -1.5910    -1.5946    32.7513    32.7623  1026.5810    26.3479    298.459    284.662  369.42643     80.790     77.067     0.0720     0.0842     4.0317     0.6240 5.0431e-02       3404     2.3632  0.000e+00
     47.845   71.61916 -157.92396     48.344    -1.5933    -1.5906    -1.5942    32.7514    32.7622  1026.5815    26.3480    298.414    284.639  369.42192     80.779     77.062     0.0720     0.0842     4.0305     0.6252 4.9483e-02       3405     2.3639  0.000e+00
     47.791   71.61916 -157.92396     48.290    -1.5933    -1.5901    -1.5942    32.7519    32.7626  1026.5816    26.3484    298.377    284.845  369.42056     80.769     77.119     0.0733     0.0916     4.0317     0.6240 5.4276e-02       3406     2.3646  0.000e+00
     47.845   71.61916 -157.92396     48.344    -1.5929    -1.5900    -1.5937    32.7518    32.7631  1026.5818    26.3483    298.352    284.899  369.41615     80.763     77.134     0.0720     0.0842     4.0317     0.6240 5.8208e-02       3407     2.3653  0.000e+00
     47.845   71.61916 -157.92396     48.344    -1.5927    -1.5897    -1.5936    32.7522    32.7635  1026.5821    26.3486    298.337    284.691  369.41334     80.760     77.079     0.0733     0.0916     4.0330     0.6228 5.8706e-02       3408     2.3660  0.000e+00
     47.845   71.61916 -157.92396     48.344    -1.5924    -1.5893    -1.5933    32.7527    32.7636  1026.5825    26.3490    298.279    284.916  369.40899     80.745     77.141     0.0720     0.0842     4.0317     0.6240 5.5251e-02       3409     2.3667  0.000e+00
     47.845   71.61916 -157.92396     48.344    -1.5922    -1.5889    -1.5931    32.7532    32.7638  1026.5828    26.3494    298.023    284.946  369.40593     80.676     77.150     0.0733     0.0916     4.0317     0.6240 5.1384e-02       3410     2.3674  0.000e+00
     47.960   71.61916 -157.92396     48.461    -1.5919    -1.5883    -1.5928    32.7533    32.7643  1026.5835    26.3495    298.045    284.754  369.40203     80.683     77.099     0.0708     0.0769     4.0317     0.6240 5.0431e-02       3411     2.3681  0.000e+00
     47.845   71.61916 -157.92396     48.344    -1.5919    -1.5874    -1.5928    32.7538    32.7644  1026.5833    26.3499    298.023    284.753  369.40120     80.677     77.101     0.0720     0.0842     4.0330     0.6228 5.2342e-02       3412     2.3687  0.000e+00
     47.906   71.61916 -157.92396     48.407    -1.5916    -1.5866    -1.5925    32.7542    32.7647  1026.5840    26.3502    298.017    284.765  369.39658     80.677     77.106     0.0733     0.0916     4.0317     0.6240 5.4762e-02       3413     2.3694  0.000e+00
     47.960   71.61916 -157.92396     48.461    -1.5915    -1.5863    -1.5924    32.7544    32.7652  1026.5844    26.3504    298.026    284.557  369.39476     80.680     77.050     0.0720     0.0842     4.0317     0.6240 5.5740e-02       3414     2.3701  0.000e+00
     47.906   71.61916 -157.92396     48.407    -1.5913    -1.5854    -1.5922    32.7548    32.7655  1026.5844    26.3507    298.042    284.509  369.39211     80.685     77.040     0.0720     0.0842     4.0317     0.6240 5.5251e-02       3415     2.3708  0.000e+00
     47.960   71.61916 -157.92396     48.461    -1.5903    -1.5845    -1.5911    32.7544    32.7654  1026.5843    26.3503    297.809    284.473  369.38279     80.624     77.032     0.0708     0.0769     4.0317     0.6240 5.4276e-02       3416     2.3715  0.000e+00
     47.960   71.61916 -157.92396     48.461    -1.5899    -1.5839    -1.5908    32.7551    32.7660  1026.5849    26.3509    297.750    284.440  369.37730     80.609     77.024     0.0720     0.0842     4.0317     0.6240 5.3790e-02       3417     2.3722  0.000e+00
     47.960   71.61916 -157.92396     48.461    -1.5895    -1.5834    -1.5903    32.7555    32.7665  1026.5852    26.3513    297.704    284.644  369.37141     80.597     77.081     0.0733     0.0916     4.0317     0.6240 5.4276e-02       3418     2.3729  0.000e+00
     48.014   71.61916 -157.92396     48.516    -1.5890    -1.5830    -1.5899    32.7559    32.7670  1026.5858    26.3515    297.671    284.658  369.36586     80.590     77.086     0.0720     0.0842     4.0330     0.6228 5.5740e-02       3419     2.3736  0.000e+00
     47.960   71.61916 -157.92396     48.461    -1.5890    -1.5825    -1.5899    32.7561    32.7670  1026.5857    26.3517    297.652    284.442  369.36513     80.585     77.028     0.0733     0.0916     4.0317     0.6240 5.6231e-02       3420     2.3743  0.000e+00
     47.960   71.61916 -157.92396     48.461    -1.5884    -1.5821    -1.5893    32.7561    32.7676  1026.5857    26.3517    297.383    284.430  369.35934     80.513     77.026     0.0720     0.0842     4.0317     0.6240 5.6723e-02       3421     2.3750  0.000e+00
     48.076   71.61916 -157.92396     48.578    -1.5880    -1.5809    -1.5888    32.7568    32.7671  1026.5868    26.3523    297.654    284.423  369.35265     80.588     77.027     0.0720     0.0842     4.0317     0.6240 6.2230e-02       3422     2.3757  0.000e+00
     47.960   71.61916 -157.92394     48.461    -1.5877    -1.5793    -1.5885    32.7576    32.7665  1026.5869    26.3529    297.669    284.410  369.34746     80.593     77.026     0.0733     0.0916     4.0220     0.6337 6.4790e-02       3423     2.3764  0.000e+00
     48.076   71.61916 -157.92394     48.578    -1.5869    -1.5782    -1.5877    32.7575    32.7658  1026.5874    26.3528    296.874    284.415  369.33970     80.380     77.030     0.0745     0.0989     4.0147     0.6410 6.4790e-02       3424     2.3771  0.000e+00
     48.076   71.61916 -157.92394     48.578    -1.5859    -1.5775    -1.5868    32.7570    32.7658  1026.5869    26.3524    297.238    284.161  369.33195     80.480     76.962     0.0769     0.1135     4.0147     0.6410 6.0711e-02       3425     2.3778  0.000e+00
     48.014   71.61916 -157.92394     48.516    -1.5852    -1.5772    -1.5861    32.7569    32.7658  1026.5865    26.3523    296.934    284.110  369.32476     80.399     76.949     0.0757     0.1062     4.0147     0.6410 5.8706e-02       3426     2.3785  0.000e+00
     48.076   71.61916 -157.92394     48.578    -1.5844    -1.5768    -1.5853    32.7567    32.7664  1026.5866    26.3521    296.859    284.067  369.31804     80.380     76.938     0.0769     0.1135     4.0147     0.6410 5.8208e-02       3427     2.3792  0.000e+00
     48.076   71.61916 -157.92394     48.578    -1.5835    -1.5757    -1.5844    32.7569    32.7660  1026.5868    26.3522    296.846    284.023  369.30815     80.379     76.929     0.0757     0.1062     4.0147     0.6410 5.4762e-02       3428     2.3799  0.000e+00
     48.076   71.61916 -157.92394     48.578    -1.5829    -1.5748    -1.5838    32.7573    32.7663  1026.5870    26.3525    296.800    283.789  369.30084     80.368     76.867     0.0769     0.1135     4.0147     0.6410 5.1384e-02       3429     2.3806  0.000e+00
     48.130   71.61916 -157.92394     48.633    -1.5823    -1.5745    -1.5832    32.7575    32.7672  1026.5874    26.3526    296.512    283.766  369.29452     80.291     76.862     0.0781     0.1209     4.0134     0.6423 5.1384e-02       3430     2.3813  0.000e+00
     48.130   71.61916 -157.92394     48.633    -1.5816    -1.5742    -1.5824    32.7573    32.7681  1026.5873    26.3525    296.706    283.749  369.28757     80.346     76.859     0.0757     0.1062     4.0147     0.6410 5.2824e-02       3431     2.3819  0.000e+00
     48.130   71.61916 -157.92394     48.633    -1.5806    -1.5729    -1.5815    32.7568    32.7681  1026.5869    26.3521    296.446    283.700  369.27970     80.277     76.848     0.0769     0.1135     4.0147     0.6410 5.4762e-02       3432     2.3826  0.000e+00
     48.130   71.61916 -157.92394     48.633    -1.5799    -1.5711    -1.5808    32.7569    32.7672  1026.5869    26.3521    296.412    283.425  369.27263     80.269     76.777     0.0757     0.1062     4.0147     0.6410 5.5251e-02       3433     2.3833  0.000e+00
     48.130   71.61916 -157.92394     48.633    -1.5794    -1.5703    -1.5802    32.7573    32.7676  1026.5873    26.3525    296.395    283.362  369.26558     80.266     76.762     0.0769     0.1135     4.0147     0.6410 5.1863e-02       3434     2.3840  0.000e+00
     48.192   71.61916 -157.92394     48.695    -1.5783    -1.5689    -1.5792    32.7571    32.7677  1026.5874    26.3523    296.291    283.305  369.25591     80.240     76.749     0.0781     0.1209     4.0147     0.6410 4.6207e-02       3435     2.3847  0.000e+00
     48.192   71.61916 -157.92394     48.695    -1.5777    -1.5677    -1.5786    32.7567    32.7676  1026.5870    26.3519    295.993    283.255  369.25087     80.161     76.738     0.0769     0.1135     4.0147     0.6410 4.4823e-02       3436     2.3854  0.000e+00
     48.130   71.61916 -157.92394     48.633    -1.5771    -1.5668    -1.5780    32.7571    32.7674  1026.5870    26.3522    295.918    283.215  369.24384     80.142     76.729     0.0769     0.1135     4.0147     0.6410 4.8071e-02       3437     2.3861  0.000e+00
     48.246   71.61916 -157.92394     48.750    -1.5763    -1.5662    -1.5772    32.7576    32.7679  1026.5880    26.3526    295.864    282.960  369.23431     80.129     76.661     0.0769     0.1135     4.0147     0.6410 5.6723e-02       3438     2.3868  0.000e+00
     48.192   71.61916 -157.92394     48.695    -1.5756    -1.5650    -1.5764    32.7583    32.7682  1026.5882    26.3531    295.820    282.867  369.22487     80.119     76.639     0.0769     0.1135     4.0147     0.6410 5.9205e-02       3439     2.3875  0.000e+00
     48.246   71.61916 -157.92394     48.750    -1.5745    -1.5636    -1.5754    32.7581    32.7686  1026.5884    26.3530    295.797    282.785  369.21493     80.115     76.620     0.0781     0.1209     4.0147     0.6410 5.6231e-02       3440     2.3882  0.000e+00
     48.246   71.61916 -157.92394     48.750    -1.5731    -1.5629    -1.5740    32.7581    32.7686  1026.5883    26.3529    295.524    282.716  369.20079     80.044     76.602     0.0769     0.1135     4.0147     0.6410 4.3450e-02       3441     2.3889  0.000e+00
