EcoFOCI/data/1_SampleCollection/2023_SikuliaqDBO_CruiseData/CTD_raw_BottleFile_SKQ23-12S/proc/skq202312s_049.cnv
* Sea-Bird SBE 9 Data File:
* FileName = D:\CTD\SKQ202312S\SKQ202312S_049.hex
* Software Version Seasave V 7.26.7.121
* Temperature SN = 6177
* Conductivity SN = 0369
* Number of Bytes Per Scan = 41
* Number of Voltage Words = 4
* Number of Scans Averaged by the Deck Unit = 1
* NMEA Latitude = 71 51.00 N
* NMEA Longitude = 162 09.40 W
* NMEA UTC (Time) = Sep 25 2023  06:43:07
* NMEA baud rate = 4800
** Ship: R/V Sikuliaq
** Station Number: 049
** Station Name: DBO4.6n
** Bottom Depth: 41
** Operator: SS
# nquan = 24
# nvalues = 3871                                  
# units = specified
# name 0 = depSM: Depth [salt water, m]
# name 1 = latitude: Latitude [deg]
# name 2 = longitude: Longitude [deg]
# name 3 = prDM: Pressure, Digiquartz [db]
# name 4 = t090C: Temperature [ITS-90, deg C]
# name 5 = t190C: Temperature, 2 [ITS-90, deg C]
# name 6 = potemp090C: Potential Temperature [ITS-90, deg C]
# name 7 = sal00: Salinity, Practical [PSU]
# name 8 = sal11: Salinity, Practical, 2 [PSU]
# name 9 = density00: Density [density, kg/m^3]
# name 10 = sigma-é00: Density [sigma-theta, kg/m^3]
# name 11 = sbox0Mm/Kg: Oxygen, SBE 43 [umol/kg]
# name 12 = sbox1Mm/Kg: Oxygen, SBE 43, 2 [umol/kg]
# name 13 = oxsolMm/Kg: Oxygen Saturation, Garcia & Gordon [umol/kg]
# name 14 = sbeox0PS: Oxygen, SBE 43 [% saturation]
# name 15 = sbeox1PS: Oxygen, SBE 43, 2 [% saturation]
# name 16 = v0: Voltage 0
# name 17 = flECO-AFL: Fluorescence, WET Labs ECO-AFL/FL [mg/m^3]
# name 18 = v1: Voltage 1
# name 19 = CStarAt0: Beam Attenuation, WET Labs C-Star [1/m]
# name 20 = par: PAR/Irradiance, Biospherical/Licor
# name 21 = scan: Scan Count
# name 22 = timeM: Time, Elapsed [minutes]
# name 23 = flag:  0.000e+00
# span 0 =      2.537,     36.027                 
# span 1 =   71.85006,   71.85008                 
# span 2 = -162.15676, -162.15674                 
# span 3 =      2.563,     36.403                 
# span 4 =    -0.7787,     1.8087                 
# span 5 =    -0.8244,     1.8099                 
# span 6 =    -0.7791,     1.8083                 
# span 7 =    28.1422,    32.6489                 
# span 8 =    28.1511,    32.6591                 
# span 9 =  1022.5106,  1026.4097                 
# span 10 =    22.4977,    26.2360                
# span 11 =    283.339,    428.467                
# span 12 =    265.555,    399.170                
# span 13 =  348.11645,  364.11476                
# span 14 =     78.590,    119.405                
# span 15 =     73.663,    111.184                
# span 16 =     0.1038,     0.4249                
# span 17 =     0.2747,     2.2015                
# span 18 =     2.6691,     4.1453                
# span 19 =     0.5129,     2.2745                
# span 20 = 1.0000e-12, 5.3311e-01                
# span 21 =          1,       3871                
# span 22 =     0.0000,     2.6875                
# span 23 = 0.0000e+00, 0.0000e+00                
# interval = seconds: 0.0416667
# start_time = Sep 25 2023 06:46:31 [NMEA time, first data scan]
# bad_flag = -9.990e-29
*END*
[from data line 544]
      4.711   71.85006 -162.15674      4.760     1.7287     1.7552     1.7285    28.2378    28.2420  1022.5966    22.5739    342.999    318.991  350.63823     97.821     91.039     0.1258     0.4066     4.0977     0.5591 1.7800e-01        545     0.3778  0.000e+00
      4.711   71.85006 -162.15674      4.760     1.7211     1.7544     1.7209    28.2405    28.2432  1022.5992    22.5765    343.055    318.983  350.69915     97.820     91.036     0.1258     0.4066     4.0977     0.5591 1.6978e-01        546     0.3785  0.000e+00
      4.711   71.85006 -162.15674      4.760     1.7148     1.7556     1.7146    28.2395    28.2437  1022.5988    22.5761    343.108    318.959  350.75880     97.819     91.032     0.1258     0.4066     4.0977     0.5591 1.9515e-01        547     0.3792  0.000e+00
      4.765   71.85006 -162.15674      4.814     1.7065     1.7616     1.7063    28.2432    28.2398  1022.6025    22.5795    343.171    318.907  350.82291     97.819     91.029     0.1258     0.4066     4.0977     0.5591 2.9352e-01        548     0.3799  0.000e+00
      4.765   71.85006 -162.15674      4.814     1.6995     1.7663     1.6993    28.2520    28.2364  1022.6099    22.5870    343.246    318.865  350.86202     97.829     91.025     0.1258     0.4066     4.0977     0.5591 3.3742e-01        549     0.3806  0.000e+00
      4.765   71.85006 -162.15674      4.814     1.6999     1.7687     1.6997    28.2576    28.2347  1022.6143    22.5914    343.216    318.844  350.84373     97.826     91.023     0.1245     0.3993     4.0977     0.5591 3.1982e-01        550     0.3812  0.000e+00
      4.711   71.85006 -162.15674      4.760     1.7054     1.7697     1.7052    28.2569    28.2339  1022.6132    22.5905    343.149    318.832  350.79602     97.820     91.022     0.1258     0.4066     4.0977     0.5591 2.2566e-01        551     0.3819  0.000e+00
      4.765   71.85006 -162.15674      4.814     1.7113     1.7706     1.7111    28.2545    28.2333  1022.6112    22.5883    343.127    318.827  350.74933     97.827     91.022     0.1270     0.4139     4.0977     0.5591 1.9078e-01        552     0.3826  0.000e+00
      4.765   71.85006 -162.15674      4.814     1.7157     1.7702     1.7156    28.2522    28.2338  1022.6091    22.5862    343.038    318.623  350.71586     97.811     90.963     0.1245     0.3993     4.0977     0.5591 1.8818e-01        553     0.3833  0.000e+00
      4.765   71.85006 -162.15674      4.814     1.7197     1.7689     1.7195    28.2482    28.2344  1022.6057    22.5827    342.997    318.613  350.69125     97.806     90.958     0.1258     0.4066     4.0977     0.5591 1.7059e-01        554     0.3840  0.000e+00
      4.765   71.85006 -162.15674      4.814     1.7230     1.7654     1.7228    28.2435    28.2368  1022.6018    22.5788    342.965    318.623  350.67443     97.802     90.954     0.1245     0.3993     4.0977     0.5591 1.6099e-01        555     0.3847  0.000e+00
      4.765   71.85006 -162.15674      4.814     1.7253     1.7605     1.7251    28.2404    28.2396  1022.5991    22.5762    342.980    318.647  350.66223     97.809     90.952     0.1270     0.4139     4.0977     0.5591 1.6021e-01        556     0.3854  0.000e+00
      4.765   71.85006 -162.15674      4.814     1.7262     1.7592     1.7261    28.2395    28.2405  1022.5984    22.5754    343.238    318.647  350.65577     97.885     90.949     0.1331     0.4505     4.0977     0.5591 2.1706e-01        557     0.3861  0.000e+00
      4.734   71.85006 -162.15674      4.783     1.7251     1.7607     1.7250    28.2381    28.2385  1022.5972    22.5744    343.046    318.628  350.66935     97.826     90.946     0.1331     0.4505     4.0977     0.5591 2.6126e-01        558     0.3868  0.000e+00
      4.826   71.85006 -162.15674      4.876     1.7179     1.7637     1.7177    28.2399    28.2354  1022.5995    22.5762    343.108    318.608  350.72922     97.827     90.945     0.1343     0.4579     4.0977     0.5591 2.6881e-01        559     0.3875  0.000e+00
      4.826   71.85006 -162.15674      4.876     1.7079     1.7654     1.7077    28.2459    28.2339  1022.6049    22.5816    343.184    318.595  350.80337     97.828     90.944     0.1319     0.4432     4.0977     0.5591 2.1424e-01        560     0.3882  0.000e+00
      4.826   71.85006 -162.15674      4.876     1.6986     1.7637     1.6984    28.2535    28.2354  1022.6115    22.5882    343.248    318.609  350.86637     97.829     90.945     0.1331     0.4505     4.0977     0.5591 1.7140e-01        561     0.3889  0.000e+00
      4.826   71.85006 -162.15674      4.876     1.6917     1.7542     1.6916    28.2594    28.2422  1022.6165    22.5933    343.292    318.685  350.91209     97.828     90.950     0.1319     0.4432     4.0977     0.5591 1.6416e-01        562     0.3896  0.000e+00
      4.826   71.85006 -162.15674      4.876     1.6870     1.7490     1.6869    28.2634    28.2451  1022.6200    22.5967    343.319    318.526  350.94361     97.827     90.894     0.1331     0.4505     4.0977     0.5591 2.0049e-01        563     0.3903  0.000e+00
      4.826   71.85006 -162.15674      4.876     1.6849     1.7415     1.6847    28.2653    28.2495  1022.6217    22.5984    343.326    318.781  350.95809     97.825     90.953     0.1331     0.4505     4.0965     0.5603 2.5177e-01        564     0.3910  0.000e+00
      4.826   71.85006 -162.15674      4.876     1.6849     1.7226     1.6847    28.2645    28.2618  1022.6210    22.5978    343.318    318.732  350.96014     97.822     90.903     0.1319     0.4432     4.0965     0.5603 2.6447e-01        565     0.3917  0.000e+00
      4.826   71.85006 -162.15674      4.876     1.6832     1.7018     1.6830    28.2656    28.2747  1022.6220    22.5987    343.088    318.888  350.97251     97.753     90.908     0.1331     0.4505     4.0965     0.5603 2.3151e-01        566     0.3924  0.000e+00
      4.826   71.85006 -162.15674      4.876     1.6806     1.6878     1.6805    28.2670    28.2833  1022.6233    22.6000    343.061    318.996  350.99120     97.741     90.912     0.1319     0.4432     4.0965     0.5603 1.7800e-01        567     0.3931  0.000e+00
      4.826   71.85006 -162.15674      4.876     1.6784     1.6927     1.6782    28.2689    28.2767  1022.6249    22.6016    343.033    318.969  351.00691     97.728     90.912     0.1331     0.4505     4.0965     0.5603 1.6416e-01        568     0.3937  0.000e+00
      4.880   71.85006 -162.15674      4.931     1.6761     1.6961     1.6759    28.2701    28.2735  1022.6262    22.6027    343.011    318.929  351.02388     97.717     90.906     0.1331     0.4505     4.0965     0.5603 1.6816e-01        569     0.3944  0.000e+00
      4.826   71.85006 -162.15674      4.876     1.6728     1.6919     1.6726    28.2732    28.2766  1022.6286    22.6054    343.073    318.942  351.04553     97.729     90.902     0.1319     0.4432     4.0965     0.5603 1.8051e-01        570     0.3951  0.000e+00
      4.826   71.85006 -162.15674      4.876     1.6705     1.6847     1.6703    28.2747    28.2820  1022.6300    22.6067    343.290    318.773  351.06217     97.786     90.841     0.1331     0.4505     4.0965     0.5603 1.8389e-01        571     0.3958  0.000e+00
      4.880   71.85006 -162.15674      4.931     1.6692     1.6786     1.6690    28.2750    28.2858  1022.6305    22.6070    343.071    318.998  351.07267     97.721     90.893     0.1319     0.4432     4.0965     0.5603 1.8904e-01        572     0.3965  0.000e+00
      4.880   71.85006 -162.15674      4.931     1.6670     1.6728     1.6668    28.2752    28.2894  1022.6309    22.6074    342.821    319.037  351.09168     97.644     90.893     0.1331     0.4505     4.0965     0.5603 2.1424e-01        573     0.3972  0.000e+00
      4.880   71.85006 -162.15674      4.931     1.6647     1.6659     1.6645    28.2763    28.2941  1022.6318    22.6083    342.769    319.088  351.11002     97.624     90.895     0.1319     0.4432     4.0965     0.5603 2.2566e-01        574     0.3979  0.000e+00
      4.880   71.85006 -162.15674      4.931     1.6619     1.6606     1.6617    28.2771    28.2974  1022.6326    22.6091    342.726    318.920  351.13299     97.606     90.837     0.1319     0.4432     4.0965     0.5603 2.2181e-01        575     0.3986  0.000e+00
      4.880   71.85006 -162.15674      4.931     1.6579     1.6570     1.6577    28.2792    28.2987  1022.6346    22.6110    342.929    319.140  351.16315     97.655     90.892     0.1343     0.4579     4.0965     0.5603 1.8220e-01        576     0.3993  0.000e+00
      4.880   71.85006 -162.15674      4.931     1.6542     1.6576     1.6540    28.2809    28.2965  1022.6362    22.6126    342.937    318.938  351.19148     97.650     90.835     0.1331     0.4505     4.0965     0.5603 1.6416e-01        577     0.4000  0.000e+00
      4.880   71.85006 -162.15674      4.931     1.6507     1.6568     1.6505    28.2826    28.2956  1022.6377    22.6142    342.944    318.935  351.21841     97.644     90.831     0.1331     0.4505     4.0965     0.5603 1.6336e-01        578     0.4007  0.000e+00
      4.880   71.85006 -162.15674      4.931     1.6473     1.6528     1.6472    28.2842    28.2977  1022.6392    22.6156    342.759    318.958  351.24474     97.584     90.830     0.1319     0.4432     4.0965     0.5603 2.2566e-01        579     0.4014  0.000e+00
      4.880   71.85006 -162.15674      4.931     1.6446     1.6493     1.6444    28.2852    28.3001  1022.6401    22.6166    342.728    318.954  351.26721     97.569     90.822     0.1331     0.4505     4.0965     0.5603 2.7319e-01        580     0.4021  0.000e+00
      4.934   71.85006 -162.15674      4.985     1.6417     1.6476     1.6415    28.2871    28.3010  1022.6421    22.6183    342.701    318.969  351.28755     97.556     90.823     0.1343     0.4579     4.0965     0.5603 2.7985e-01        581     0.4028  0.000e+00
      4.880   71.85006 -162.15674      4.931     1.6394     1.6471     1.6392    28.2892    28.3011  1022.6436    22.6201    342.667    318.974  351.30271     97.542     90.824     0.1392     0.4872     4.0965     0.5603 2.1990e-01        582     0.4035  0.000e+00
      4.957   71.85006 -162.15674      5.009     1.6377     1.6452     1.6375    28.2914    28.3016  1022.6458    22.6219    342.636    318.974  351.31259     97.530     90.820     0.1441     0.5165     4.0965     0.5603 1.7551e-01        583     0.4042  0.000e+00
      4.880   71.85006 -162.15674      4.931     1.6374     1.6414     1.6372    28.2929    28.3035  1022.6467    22.6232    342.588    319.195  351.31089     97.517     90.875     0.1429     0.5091     4.0867     0.5699 1.6816e-01        584     0.4049  0.000e+00
      4.934   71.85006 -162.15674      4.985     1.6383     1.6400     1.6381    28.2925    28.3040  1022.6466    22.6228    342.543    319.012  351.30417     97.506     90.820     0.1429     0.5091     4.0757     0.5806 1.6735e-01        585     0.4056  0.000e+00
      4.934   71.85006 -162.15674      4.985     1.6392     1.6466     1.6390    28.2917    28.2990  1022.6458    22.6221    342.500    318.951  351.29805     97.496     90.815     0.1416     0.5018     4.0733     0.5830 1.6416e-01        586     0.4063  0.000e+00
      4.934   71.85006 -162.15674      4.985     1.6392     1.6541     1.6391    28.2910    28.2935  1022.6453    22.6216    342.468    319.125  351.29923     97.486     90.878     0.1429     0.5091     4.0733     0.5830 1.6416e-01        587     0.4069  0.000e+00
      4.934   71.85008 -162.15674      4.985     1.6388     1.6581     1.6386    28.2903    28.2909  1022.6448    22.6210    342.486    318.933  351.30556     97.490     90.830     0.1441     0.5165     4.0745     0.5818 1.7140e-01        588     0.4076  0.000e+00
      4.934   71.85008 -162.15674      4.985     1.6380     1.6565     1.6379    28.2894    28.2930  1022.6441    22.6203    342.277    318.968  351.31456     97.428     90.838     0.1429     0.5091     4.0745     0.5818 1.8304e-01        589     0.4083  0.000e+00
      4.934   71.85008 -162.15674      4.985     1.6369     1.6526     1.6367    28.2898    28.2957  1022.6445    22.6207    342.230    319.002  351.32387     97.411     90.841     0.1441     0.5165     4.0745     0.5818 1.8732e-01        590     0.4090  0.000e+00
      4.934   71.85008 -162.15674      4.985     1.6354     1.6491     1.6352    28.2903    28.2982  1022.6449    22.6212    342.426    319.036  351.33632     97.464     90.844     0.1429     0.5091     4.0745     0.5818 1.9604e-01        591     0.4097  0.000e+00
      4.934   71.85008 -162.15674      4.985     1.6339     1.6463     1.6337    28.2902    28.3001  1022.6450    22.6212    342.196    319.068  351.34975     97.395     90.848     0.1429     0.5091     4.0745     0.5818 2.2085e-01        592     0.4104  0.000e+00
      4.996   71.85008 -162.15674      5.047     1.6325     1.6452     1.6323    28.2912    28.2997  1022.6462    22.6221    342.400    319.096  351.35935     97.450     90.853     0.1441     0.5165     4.0745     0.5818 2.2955e-01        593     0.4111  0.000e+00
      4.934   71.85008 -162.15674      4.985     1.6310     1.6431     1.6309    28.2920    28.3008  1022.6466    22.6228    342.174    319.127  351.37064     97.383     90.858     0.1416     0.5018     4.0745     0.5818 2.1990e-01        594     0.4118  0.000e+00
      4.934   71.85008 -162.15674      4.985     1.6303     1.6393     1.6301    28.2919    28.3030  1022.6466    22.6228    342.380    319.177  351.37718     97.439     90.865     0.1429     0.5091     4.0745     0.5818 1.7800e-01        595     0.4125  0.000e+00
      4.996   71.85008 -162.15674      5.047     1.6292     1.6355     1.6290    28.2928    28.3046  1022.6476    22.6236    342.163    319.235  351.38513     97.375     90.873     0.1416     0.5018     4.0745     0.5818 1.6336e-01        596     0.4132  0.000e+00
      4.996   71.85008 -162.15674      5.047     1.6283     1.6328     1.6281    28.2941    28.3055  1022.6487    22.6247    342.375    319.495  351.38946     97.435     90.942     0.1429     0.5091     4.0745     0.5818 1.6575e-01        597     0.4139  0.000e+00
      4.996   71.85008 -162.15674      5.047     1.6276     1.6314     1.6275    28.2955    28.3057  1022.6499    22.6258    341.923    319.352  351.39173     97.305     90.898     0.1416     0.5018     4.0745     0.5818 1.9515e-01        598     0.4146  0.000e+00
      4.996   71.85008 -162.15674      5.047     1.6273     1.6300     1.6271    28.2961    28.3062  1022.6503    22.6262    342.102    319.606  351.39317     97.356     90.967     0.1429     0.5091     4.0745     0.5818 2.1144e-01        599     0.4153  0.000e+00
      4.996   71.85008 -162.15674      5.047     1.6269     1.6294     1.6267    28.2964    28.3064  1022.6506    22.6265    342.092    319.671  351.39626     97.352     90.985     0.1441     0.5165     4.0745     0.5818 2.1330e-01        600     0.4160  0.000e+00
      4.996   71.85008 -162.15674      5.047     1.6270     1.6287     1.6268    28.2963    28.3073  1022.6505    22.6264    342.083    319.738  351.39554     97.350     91.003     0.1416     0.5018     4.0745     0.5818 2.3948e-01        601     0.4167  0.000e+00
      4.996   71.85008 -162.15674      5.047     1.6265     1.6294     1.6264    28.2965    28.3063  1022.6507    22.6266    342.084    319.771  351.39893     97.349     91.013     0.1429     0.5091     4.0745     0.5818 2.5701e-01        602     0.4174  0.000e+00
      4.996   71.85008 -162.15674      5.047     1.6264     1.6311     1.6262    28.2960    28.3050  1022.6503    22.6263    342.088    320.007  351.40166     97.350     91.083     0.1416     0.5018     4.0745     0.5818 2.5913e-01        603     0.4181  0.000e+00
