EcoFOCI/data/1_SampleCollection/2023_SikuliaqDBO_CruiseData/CTD_raw_BottleFile_SKQ23-12S/proc/skq202312s_042.ros
* Sea-Bird SBE 9 Data File:
* FileName = D:\CTD\SKQ202312S\SKQ202312S_042.hex
* Software Version Seasave V 7.26.7.121
* Temperature SN = 6177
* Conductivity SN = 0369
* Number of Bytes Per Scan = 41
* Number of Voltage Words = 4
* Number of Scans Averaged by the Deck Unit = 1
* NMEA Latitude = 71 27.22 N
* NMEA Longitude = 161 02.26 W
* NMEA UTC (Time) = Sep 24 2023  04:51:21
* NMEA baud rate = 4800
** Ship: R/V Sikuliaq
** Station Number: 042
** Station Name: DBO4.3n
** Bottom Depth: 47
** Operator: SD
# nquan = 22
# nvalues = 980                                   
# units = specified
# name 0 = depSM: Depth [salt water, m]
# name 1 = latitude: Latitude [deg]
# name 2 = longitude: Longitude [deg]
# name 3 = prDM: Pressure, Digiquartz [db]
# name 4 = t090C: Temperature [ITS-90, deg C]
# name 5 = t190C: Temperature, 2 [ITS-90, deg C]
# name 6 = potemp090C: Potential Temperature [ITS-90, deg C]
# name 7 = sal00: Salinity, Practical [PSU]
# name 8 = sal11: Salinity, Practical, 2 [PSU]
# name 9 = density00: Density [density, kg/m^3]
# name 10 = sigma-é00: Density [sigma-theta, kg/m^3]
# name 11 = sbox0Mm/Kg: Oxygen, SBE 43 [umol/kg]
# name 12 = sbox1Mm/Kg: Oxygen, SBE 43, 2 [umol/kg]
# name 13 = oxsolMm/Kg: Oxygen Saturation, Garcia & Gordon [umol/kg]
# name 14 = sbeox0PS: Oxygen, SBE 43 [% saturation]
# name 15 = v0: Voltage 0
# name 16 = flECO-AFL: Fluorescence, WET Labs ECO-AFL/FL [mg/m^3]
# name 17 = CStarAt0: Beam Attenuation, WET Labs C-Star [1/m]
# name 18 = par: PAR/Irradiance, Biospherical/Licor
# name 19 = scan: Scan Count
# name 20 = nbf: Bottles Fired
# name 21 = flag:  0.000e+00
# interval = seconds: 0.0416667
# start_time = Sep 24 2023 04:55:17 [NMEA time, first data scan]
# bad_flag = -9.990e-29
*END*
[from data line 198]
     30.256   71.45342 -161.03814     30.570    -1.6006    -1.5997    -1.6012    32.5721    32.5840  1026.3502    26.2025    277.088    263.916  370.01938     74.885     0.1209     0.3773     0.9012 8.4714e-06       9799          5  0.000e+00
     30.194   71.45342 -161.03814     30.508    -1.6008    -1.5997    -1.6013    32.5724    32.5842  1026.3502    26.2028    276.829    263.904  370.01955     74.815     0.1197     0.3699     0.9012 3.4241e-04       9800          5  0.000e+00
     30.186   71.45342 -161.03814     30.500    -1.6005    -1.5995    -1.6010    32.5722    32.5840  1026.3499    26.2026    277.040    263.662  370.01732     74.872     0.1197     0.3699     0.9025 3.4241e-04       9801          5  0.000e+00
     30.256   71.45342 -161.03814     30.570    -1.6008    -1.5995    -1.6013    32.5729    32.5837  1026.3508    26.2032    277.048    263.622  370.01814     74.874     0.1197     0.3699     0.9012 8.4714e-06       9802          5  0.000e+00
     30.186   71.45342 -161.03814     30.500    -1.6006    -1.5997    -1.6012    32.5721    32.5836  1026.3498    26.2025    277.050    263.579  370.01938     74.874     0.1197     0.3699     0.9012 1.0000e-12       9803          5  0.000e+00
     30.256   71.45342 -161.03814     30.570    -1.6006    -1.5998    -1.6012    32.5720    32.5839  1026.3501    26.2024    277.109    263.572  370.01963     74.890     0.1197     0.3699     0.9012 1.0000e-12       9804          5  0.000e+00
     30.194   71.45342 -161.03814     30.508    -1.6006    -1.5995    -1.6012    32.5721    32.5837  1026.3499    26.2025    277.216    263.560  370.01940     74.919     0.1209     0.3773     0.9012 1.0000e-12       9805          5  0.000e+00
     30.240   71.45342 -161.03814     30.555    -1.6006    -1.5997    -1.6012    32.5718    32.5835  1026.3499    26.2023    277.125    263.557  370.02011     74.895     0.1221     0.3846     0.9012 1.0000e-12       9806          5  0.000e+00
     30.194   71.45342 -161.03814     30.508    -1.6008    -1.5995    -1.6013    32.5719    32.5836  1026.3498    26.2024    277.027    263.548  370.02094     74.868     0.1233     0.3919     0.9012 8.4714e-06       9807          5  0.000e+00
     30.194   71.45342 -161.03814     30.508    -1.6009    -1.5998    -1.6015    32.5723    32.5840  1026.3501    26.2027    276.978    263.742  370.02148     74.855     0.1258     0.4066     0.9025 1.0000e-12       9808          5  0.000e+00
     30.186   71.45342 -161.03814     30.500    -1.6009    -1.5995    -1.6015    32.5726    32.5837  1026.3503    26.2029    276.977    263.733  370.02071     74.854     0.1245     0.3993     0.8973 1.0000e-12       9809          5  0.000e+00
     30.194   71.45342 -161.03814     30.508    -1.6009    -1.5997    -1.6015    32.5725    32.5835  1026.3502    26.2028    277.237    263.531  370.02110     74.925     0.1245     0.3993     0.8921 1.0000e-12       9810          5  0.000e+00
     30.186   71.45342 -161.03814     30.500    -1.6008    -1.5995    -1.6013    32.5720    32.5836  1026.3498    26.2024    277.076    263.524  370.02080     74.881     0.1233     0.3919     0.8908 1.0000e-12       9811          5  0.000e+00
     30.256   71.45342 -161.03814     30.570    -1.6009    -1.5995    -1.6015    32.5722    32.5836  1026.3503    26.2026    277.339    263.522  370.02172     74.952     0.1245     0.3993     0.8908 1.0000e-12       9812          5  0.000e+00
     30.194   71.45342 -161.03814     30.508    -1.6008    -1.5995    -1.6013    32.5724    32.5831  1026.3502    26.2028    277.382    263.518  370.01955     74.964     0.1233     0.3919     0.8908 1.0000e-12       9813          5  0.000e+00
     30.186   71.45342 -161.03814     30.500    -1.6008    -1.5995    -1.6013    32.5723    32.5834  1026.3500    26.2027    277.169    263.516  370.01991     74.906     0.1245     0.3993     0.8908 1.0000e-12       9814          5  0.000e+00
     30.194   71.45342 -161.03814     30.508    -1.6007    -1.5997    -1.6012    32.5722    32.5834  1026.3500    26.2026    277.424    263.288  370.01966     74.975     0.1233     0.3919     0.8908 8.4714e-06       9815          5  0.000e+00
     30.187   71.45342 -161.03814     30.500    -1.6008    -1.5998    -1.6013    32.5722    32.5838  1026.3500    26.2026    277.208    263.225  370.02004     74.917     0.1233     0.3919     0.8908 1.3499e-03       9816          5  0.000e+00
     30.194   71.45342 -161.03814     30.508    -1.6009    -1.5995    -1.6015    32.5726    32.5837  1026.3503    26.2029    277.203    263.391  370.02072     74.916     0.1233     0.3919     0.8908 3.0480e-03       9817          5  0.000e+00
     30.194   71.45342 -161.03814     30.508    -1.6006    -1.5997    -1.6012    32.5724    32.5836  1026.3501    26.2027    277.454    263.363  370.01851     74.984     0.1245     0.3993     0.8908 3.3905e-03       9818          5  0.000e+00
     30.187   71.45342 -161.03814     30.500    -1.6008    -1.5998    -1.6013    32.5725    32.5839  1026.3502    26.2028    277.496    263.334  370.01928     74.995     0.1233     0.3919     0.8908 1.0131e-03       9819          5  0.000e+00
     30.194   71.45342 -161.03814     30.508    -1.6008    -1.5998    -1.6013    32.5725    32.5840  1026.3502    26.2028    277.276    263.304  370.01930     74.936     0.1245     0.3993     0.8908 1.0000e-12       9820          5  0.000e+00
     30.194   71.45342 -161.03814     30.508    -1.6008    -1.5995    -1.6013    32.5721    32.5834  1026.3499    26.2025    277.371    263.044  370.02056     74.961     0.1233     0.3919     0.8908 1.0000e-12       9821          5  0.000e+00
     30.187   71.45342 -161.03814     30.500    -1.6009    -1.5995    -1.6015    32.5723    32.5834  1026.3501    26.2027    277.195    262.984  370.02147     74.913     0.1245     0.3993     0.8908 2.0263e-03       9822          5  0.000e+00
     30.140   71.45342 -161.03814     30.453    -1.6009    -1.5995    -1.6015    32.5724    32.5836  1026.3499    26.2028    277.176    263.186  370.02113     74.908     0.1233     0.3919     0.8908 4.0784e-03       9823          5  0.000e+00
     30.187   71.45342 -161.03814     30.500    -1.6009    -1.5997    -1.6015    32.5724    32.5839  1026.3501    26.2028    277.162    262.967  370.02121     74.904     0.1245     0.3993     0.8908 3.7340e-03       9824          5  0.000e+00
     30.194   71.45342 -161.03814     30.508    -1.6008    -1.5995    -1.6013    32.5724    32.5834  1026.3502    26.2028    277.196    262.945  370.01955     74.914     0.1245     0.3993     0.8908 1.0131e-03       9825          5  0.000e+00
     30.140   71.45342 -161.03814     30.453    -1.6008    -1.5997    -1.6013    32.5727    32.5838  1026.3502    26.2030    277.178    262.925  370.01857     74.909     0.1233     0.3919     0.8908 1.0000e-12       9826          5  0.000e+00
     30.187   71.45342 -161.03814     30.500    -1.6006    -1.5997    -1.6012    32.5726    32.5836  1026.3503    26.2029    277.165    262.911  370.01774     74.906     0.1245     0.3993     0.8908 1.0000e-12       9827          5  0.000e+00
     30.194   71.45342 -161.03814     30.508    -1.6006    -1.5997    -1.6012    32.5724    32.5840  1026.3502    26.2028    277.151    263.126  370.01839     74.902     0.1233     0.3919     0.8908 1.0000e-12       9828          5  0.000e+00
     30.125   71.45342 -161.03814     30.438    -1.6005    -1.5995    -1.6010    32.5726    32.5835  1026.3500    26.2030    277.391    262.914  370.01595     74.967     0.1245     0.3993     0.8947 1.0000e-12       9829          5  0.000e+00
     30.194   71.45342 -161.03814     30.508    -1.6003    -1.5997    -1.6008    32.5728    32.5835  1026.3505    26.2031    277.166    262.909  370.01377     74.907     0.1233     0.3919     0.9012 8.4714e-06       9830          5  0.000e+00
     30.140   71.45342 -161.03814     30.453    -1.6000    -1.5995    -1.6005    32.5723    32.5839  1026.3498    26.2027    277.405    262.898  370.01222     74.972     0.1294     0.4286     0.9051 8.4714e-06       9831          5  0.000e+00
     30.187   71.45342 -161.03814     30.500    -1.6002    -1.5995    -1.6007    32.5727    32.5837  1026.3503    26.2030    277.179    262.896  370.01297     74.911     0.1368     0.4725     0.9038 3.4241e-04       9832          5  0.000e+00
     30.140   71.45342 -161.03814     30.454    -1.6005    -1.5995    -1.6010    32.5731    32.5837  1026.3505    26.2033    277.420    262.893  370.01459     74.975     0.1404     0.4945     0.9038 8.4714e-06       9833          5  0.000e+00
     30.187   71.45342 -161.03814     30.500    -1.6002    -1.5993    -1.6008    32.5730    32.5833  1026.3506    26.2032    277.241    262.895  370.01260     74.928     0.1392     0.4872     0.9038 1.0000e-12       9834          5  0.000e+00
     30.140   71.45342 -161.03814     30.454    -1.6002    -1.5995    -1.6007    32.5731    32.5842  1026.3504    26.2033    277.220    262.864  370.01188     74.922     0.1392     0.4872     0.9038 1.0000e-12       9835          5  0.000e+00
     30.140   71.45342 -161.03814     30.454    -1.6002    -1.5993    -1.6007    32.5731    32.5840  1026.3504    26.2033    277.461    262.868  370.01188     74.987     0.1380     0.4798     0.9038 1.0000e-12       9836          5  0.000e+00
     30.187   71.45342 -161.03814     30.500    -1.6002    -1.5995    -1.6007    32.5726    32.5837  1026.3503    26.2029    277.233    262.650  370.01322     74.925     0.1392     0.4872     0.9038 1.0000e-12       9837          5  0.000e+00
     30.140   71.45342 -161.03814     30.454    -1.6002    -1.5995    -1.6007    32.5722    32.5837  1026.3497    26.2026    277.523    262.628  370.01427     75.003     0.1380     0.4798     0.9038 1.0000e-12       9838          5  0.000e+00
     30.079   71.45342 -161.03814     30.391    -1.6000    -1.5995    -1.6005    32.5725    32.5837  1026.3496    26.2028    277.288    262.840  370.01185     74.940     0.1392     0.4872     0.9038 1.0000e-12       9839          5  0.000e+00
     30.187   71.45342 -161.03814     30.500    -1.6002    -1.5993    -1.6007    32.5728    32.5832  1026.3504    26.2030    277.272    262.862  370.01272     74.936     0.1380     0.4798     0.9038 1.0000e-12       9840          5  0.000e+00
     30.140   71.45342 -161.03814     30.454    -1.6002    -1.5997    -1.6007    32.5723    32.5840  1026.3498    26.2027    277.510    262.849  370.01402     75.000     0.1380     0.4798     0.9038 1.0000e-12       9841          5  0.000e+00
     30.125   71.45342 -161.03814     30.438    -1.6000    -1.5993    -1.6005    32.5722    32.5839  1026.3496    26.2026    277.276    262.836  370.01269     74.937     0.1404     0.4945     0.9038 1.0000e-12       9842          5  0.000e+00
     30.140   71.45342 -161.03814     30.454    -1.6002    -1.5993    -1.6007    32.5724    32.5836  1026.3499    26.2028    277.514    262.827  370.01364     75.001     0.1392     0.4872     0.9038 1.0000e-12       9843          5  0.000e+00
     30.140   71.45342 -161.03814     30.454    -1.6000    -1.5991    -1.6005    32.5723    32.5829  1026.3498    26.2027    277.538    262.818  370.01234     75.008     0.1392     0.4872     0.9038 8.4714e-06       9844          5  0.000e+00
     30.125   71.45342 -161.03814     30.438    -1.6003    -1.5992    -1.6008    32.5726    32.5836  1026.3500    26.2029    277.562    262.845  370.01427     75.014     0.1380     0.4798     0.9038 3.3905e-03       9845          5  0.000e+00
     30.142   71.45342 -161.03816     30.455    -1.5997    -1.5986    -1.6003    32.5726    32.5841  1026.3500    26.2029    277.268    264.489  370.00862     74.935     0.1160     0.3480     0.8947 1.0000e-12       9970          6  0.000e+00
     30.188   71.45342 -161.03816     30.501    -1.5996    -1.5989    -1.6001    32.5721    32.5836  1026.3499    26.2025    277.028    264.485  370.00829     74.871     0.1172     0.3553     0.8986 1.0000e-12       9971          6  0.000e+00
     30.257   71.45342 -161.03816     30.572    -1.5997    -1.5989    -1.6003    32.5724    32.5835  1026.3504    26.2027    277.001    264.475  370.00921     74.863     0.1160     0.3480     0.8999 1.0000e-12       9972          6  0.000e+00
     30.196   71.45342 -161.03816     30.509    -1.5997    -1.5989    -1.6003    32.5725    32.5837  1026.3502    26.2028    276.967    264.458  370.00884     74.854     0.1172     0.3553     0.9012 1.0000e-12       9973          6  0.000e+00
     30.126   71.45342 -161.03816     30.439    -1.5997    -1.5992    -1.6003    32.5726    32.5841  1026.3499    26.2029    276.985    264.473  370.00872     74.859     0.1160     0.3480     0.8999 1.0000e-12       9974          6  0.000e+00
     30.196   71.45342 -161.03816     30.509    -1.5996    -1.5991    -1.6001    32.5723    32.5838  1026.3501    26.2027    276.958    264.490  370.00767     74.852     0.1160     0.3480     0.8999 1.0000e-12       9975          6  0.000e+00
     30.142   71.45342 -161.03816     30.455    -1.5997    -1.5991    -1.6003    32.5725    32.5837  1026.3500    26.2029    276.980    264.502  370.00875     74.858     0.1148     0.3406     0.8999 1.0000e-12       9976          6  0.000e+00
     30.188   71.45342 -161.03816     30.501    -1.5996    -1.5992    -1.6001    32.5723    32.5837  1026.3500    26.2027    276.953    264.483  370.00766     74.851     0.1172     0.3553     0.9012 1.0000e-12       9977          6  0.000e+00
     30.142   71.45342 -161.03816     30.455    -1.5998    -1.5993    -1.6004    32.5722    32.5836  1026.3497    26.2026    276.979    264.688  370.01079     74.857     0.1172     0.3553     0.8999 1.0000e-12       9978          6  0.000e+00
     30.188   71.45342 -161.03816     30.501    -1.5997    -1.5992    -1.6003    32.5720    32.5834  1026.3497    26.2024    277.007    264.497  370.01047     74.865     0.1172     0.3553     0.8999 1.0000e-12       9979          6  0.000e+00
     30.142   71.45342 -161.03816     30.455    -1.6001    -1.5992    -1.6006    32.5721    32.5837  1026.3496    26.2025    277.037    264.499  370.01349     74.872     0.1172     0.3553     0.9012 1.0000e-12       9980          6  0.000e+00
     30.142   71.45342 -161.03816     30.455    -1.6000    -1.5993    -1.6005    32.5724    32.5841  1026.3499    26.2027    277.067    264.502  370.01209     74.881     0.1172     0.3553     0.8999 8.4714e-06       9981          6  0.000e+00
     30.126   71.45342 -161.03816     30.439    -1.6003    -1.5992    -1.6008    32.5725    32.5835  1026.3499    26.2028    277.050    264.503  370.01478     74.876     0.1172     0.3553     0.8999 1.0000e-12       9982          6  0.000e+00
     30.142   71.45342 -161.03816     30.455    -1.6002    -1.5992    -1.6007    32.5724    32.5834  1026.3499    26.2028    277.032    264.504  370.01377     74.871     0.1160     0.3480     0.8999 1.0000e-12       9983          6  0.000e+00
     30.188   71.45342 -161.03816     30.502    -1.6002    -1.5992    -1.6007    32.5727    32.5834  1026.3503    26.2030    277.273    264.700  370.01297     74.936     0.1172     0.3553     0.9012 8.4714e-06       9984          6  0.000e+00
     30.080   71.45340 -161.03816     30.392    -1.6005    -1.5992    -1.6010    32.5727    32.5834  1026.3498    26.2030    277.093    264.723  370.01587     74.887     0.1172     0.3553     0.8999 1.0000e-12       9985          6  0.000e+00
     30.142   71.45340 -161.03816     30.455    -1.6002    -1.5992    -1.6007    32.5722    32.5834  1026.3497    26.2026    277.075    264.749  370.01440     74.882     0.1172     0.3553     0.8999 1.0000e-12       9986          6  0.000e+00
     30.188   71.45340 -161.03816     30.502    -1.6003    -1.5993    -1.6008    32.5723    32.5830  1026.3500    26.2027    277.059    264.545  370.01527     74.878     0.1160     0.3480     0.8999 1.0000e-12       9987          6  0.000e+00
