EcoFOCI/data/1_SampleCollection/2023_SikuliaqDBO_CruiseData/CTD_raw_BottleFile_SKQ23-12S/proc/skq202312s_084.ros
* Sea-Bird SBE 9 Data File:
* FileName = D:\CTD\SKQ202312S\SKQ202312S_084.hex
* Software Version Seasave V 7.26.7.121
* Temperature SN = 6177
* Conductivity SN = 0369
* Number of Bytes Per Scan = 41
* Number of Voltage Words = 4
* Number of Scans Averaged by the Deck Unit = 1
* NMEA Latitude = 65 37.11 N
* NMEA Longitude = 168 09.13 W
* NMEA UTC (Time) = Oct 03 2023  11:55:16
* NMEA baud rate = 4800
** Ship: R/V Sikuliaq
** Station Number: 084
** Station Name: BS1
** Bottom Depth: 28
** Operator: SD
# nquan = 22
# nvalues = 588                                   
# units = specified
# name 0 = depSM: Depth [salt water, m]
# name 1 = latitude: Latitude [deg]
# name 2 = longitude: Longitude [deg]
# name 3 = prDM: Pressure, Digiquartz [db]
# name 4 = t090C: Temperature [ITS-90, deg C]
# name 5 = t190C: Temperature, 2 [ITS-90, deg C]
# name 6 = potemp090C: Potential Temperature [ITS-90, deg C]
# name 7 = sal00: Salinity, Practical [PSU]
# name 8 = sal11: Salinity, Practical, 2 [PSU]
# name 9 = density00: Density [density, kg/m^3]
# name 10 = sigma-é00: Density [sigma-theta, kg/m^3]
# name 11 = sbox0Mm/Kg: Oxygen, SBE 43 [umol/kg]
# name 12 = sbox1Mm/Kg: Oxygen, SBE 43, 2 [umol/kg]
# name 13 = oxsolMm/Kg: Oxygen Saturation, Garcia & Gordon [umol/kg]
# name 14 = sbeox0PS: Oxygen, SBE 43 [% saturation]
# name 15 = v0: Voltage 0
# name 16 = flECO-AFL: Fluorescence, WET Labs ECO-AFL/FL [mg/m^3]
# name 17 = CStarAt0: Beam Attenuation, WET Labs C-Star [1/m]
# name 18 = par: PAR/Irradiance, Biospherical/Licor
# name 19 = scan: Scan Count
# name 20 = nbf: Bottles Fired
# name 21 = flag:  0.000e+00
# interval = seconds: 0.0416667
# start_time = Oct 03 2023 11:58:52 [NMEA time, first data scan]
# bad_flag = -9.990e-29
*END*
[from data line 132]
     23.453   65.61818 -168.15366     23.687     3.5533     3.5539     3.5519    32.4622    32.4722  1025.9214    25.8105    270.292    257.439  324.38333     83.325     0.2173     0.9560     1.4502 1.0000e-12       5835          3  0.000e+00
     23.430   65.61818 -168.15366     23.664     3.5540     3.5540     3.5525    32.4623    32.4720  1025.9212    25.8105    269.952    257.633  324.37815     83.221     0.2149     0.9414     1.4502 1.0000e-12       5836          3  0.000e+00
     23.453   65.61818 -168.15366     23.687     3.5543     3.5545     3.5529    32.4619    32.4720  1025.9210    25.8101    269.977    257.657  324.37624     83.230     0.2161     0.9487     1.4517 1.0000e-12       5837          3  0.000e+00
     23.430   65.61818 -168.15366     23.664     3.5549     3.5558     3.5534    32.4613    32.4710  1025.9204    25.8096    270.002    257.484  324.37340     83.238     0.2149     0.9414     1.4502 1.0000e-12       5838          3  0.000e+00
     23.430   65.61818 -168.15366     23.664     3.5552     3.5559     3.5537    32.4603    32.4703  1025.9196    25.8088    269.569    257.490  324.37321     83.105     0.2173     0.9560     1.4502 1.0000e-12       5839          3  0.000e+00
     23.453   65.61818 -168.15366     23.687     3.5549     3.5558     3.5534    32.4602    32.4705  1025.9196    25.8087    269.468    257.498  324.37606     83.073     0.2149     0.9414     1.4502 1.0000e-12       5840          3  0.000e+00
     23.430   65.61818 -168.15368     23.664     3.5545     3.5556     3.5531    32.4605    32.4708  1025.9197    25.8090    269.579    257.504  324.37797     83.106     0.2161     0.9487     1.4502 1.0000e-12       5841          3  0.000e+00
     23.453   65.61818 -168.15368     23.687     3.5546     3.5554     3.5532    32.4603    32.4710  1025.9197    25.8089    269.792    257.514  324.37742     83.172     0.2173     0.9560     1.4502 1.0000e-12       5842          3  0.000e+00
     23.491   65.61818 -168.15368     23.726     3.5544     3.5551     3.5530    32.4603    32.4713  1025.9199    25.8088    269.617    257.526  324.37922     83.118     0.2161     0.9487     1.4502 1.0000e-12       5843          3  0.000e+00
     23.430   65.61818 -168.15368     23.664     3.5543     3.5551     3.5528    32.4599    32.4715  1025.9193    25.8086    269.621    257.534  324.38138     83.119     0.2173     0.9560     1.4502 1.0000e-12       5844          3  0.000e+00
     23.453   65.61818 -168.15368     23.687     3.5540     3.5547     3.5525    32.4606    32.4715  1025.9200    25.8091    269.630    257.549  324.38237     83.121     0.2161     0.9487     1.4502 1.0000e-12       5845          3  0.000e+00
     23.430   65.61818 -168.15368     23.664     3.5534     3.5539     3.5519    32.4609    32.4724  1025.9202    25.8094    269.394    257.541  324.38613     83.047     0.2173     0.9560     1.4502 1.0000e-12       5846          3  0.000e+00
     23.491   65.61818 -168.15368     23.726     3.5533     3.5534     3.5519    32.4608    32.4725  1025.9204    25.8094    269.341    257.535  324.38679     83.031     0.2161     0.9487     1.4487 1.0000e-12       5847          3  0.000e+00
     23.453   65.61818 -168.15368     23.687     3.5530     3.5533     3.5516    32.4609    32.4725  1025.9203    25.8095    269.289    257.524  324.38907     83.014     0.2161     0.9487     1.4353 1.0000e-12       5848          3  0.000e+00
     23.491   65.61818 -168.15368     23.726     3.5528     3.5536     3.5514    32.4616    32.4724  1025.9211    25.8100    269.453    257.535  324.38863     83.065     0.2161     0.9487     1.4279 1.0000e-12       5849          3  0.000e+00
     20.100   65.61818 -168.15380     20.301     3.6426     3.6417     3.6414    32.4308    32.4404  1025.8722    25.7772    270.914    258.922  323.75325     83.679     0.1917     0.8022     1.1078 1.0000e-12       7799          4  0.000e+00
     20.115   65.61818 -168.15380     20.316     3.6431     3.6428     3.6419    32.4311    32.4397  1025.8724    25.7774    270.942    258.722  323.74834     83.689     0.1917     0.8022     1.1078 1.0000e-12       7800          4  0.000e+00
     20.154   65.61818 -168.15380     20.355     3.6437     3.6434     3.6425    32.4307    32.4392  1025.8722    25.7770    271.151    258.886  323.74471     83.754     0.1929     0.8095     1.1078 1.0000e-12       7801          4  0.000e+00
     20.100   65.61818 -168.15380     20.301     3.6443     3.6431     3.6430    32.4300    32.4398  1025.8714    25.7764    271.177    258.902  323.74223     83.763     0.1929     0.8095     1.1078 1.0000e-12       7802          4  0.000e+00
     20.061   65.61818 -168.15380     20.262     3.6447     3.6423     3.6434    32.4296    32.4402  1025.8708    25.7760    271.202    258.922  323.73997     83.772     0.1917     0.8022     1.1078 1.0000e-12       7803          4  0.000e+00
     20.208   65.61818 -168.15380     20.410     3.6452     3.6416     3.6440    32.4290    32.4407  1025.8710    25.7755    271.020    258.946  323.73726     83.716     0.1929     0.8095     1.1078 1.0000e-12       7804          4  0.000e+00
     20.100   65.61818 -168.15380     20.301     3.6455     3.6419     3.6442    32.4290    32.4401  1025.8704    25.7754    271.221    258.956  323.73519     83.779     0.1917     0.8022     1.1078 1.0000e-12       7805          4  0.000e+00
     20.115   65.61818 -168.15380     20.316     3.6457     3.6423     3.6444    32.4290    32.4407  1025.8705    25.7755    271.246    258.944  323.73337     83.787     0.1917     0.8022     1.1078 8.4714e-06       7806          4  0.000e+00
     20.100   65.61818 -168.15380     20.301     3.6460     3.6433     3.6447    32.4291    32.4396  1025.8705    25.7755    271.268    258.927  323.73112     83.794     0.1917     0.8022     1.1078 1.0000e-12       7807          4  0.000e+00
     20.154   65.61818 -168.15380     20.355     3.6463     3.6442     3.6451    32.4286    32.4391  1025.8702    25.7750    271.292    258.933  323.72955     83.802     0.1917     0.8022     1.1064 1.0000e-12       7808          4  0.000e+00
     20.038   65.61818 -168.15380     20.239     3.6463     3.6454     3.6450    32.4285    32.4387  1025.8697    25.7750    270.886    258.931  323.72999     83.676     0.1905     0.7949     1.1050 1.0000e-12       7809          4  0.000e+00
     20.177   65.61818 -168.15380     20.379     3.6462     3.6466     3.6449    32.4286    32.4383  1025.8704    25.7750    271.061    258.745  323.73074     83.730     0.1917     0.8022     1.1050 1.0000e-12       7810          4  0.000e+00
     20.100   65.61818 -168.15380     20.301     3.6463     3.6474     3.6450    32.4288    32.4381  1025.8702    25.7752    271.260    258.702  323.72939     83.792     0.1917     0.8022     1.1050 1.0000e-12       7811          4  0.000e+00
     20.154   65.61818 -168.15380     20.355     3.6466     3.6479     3.6454    32.4280    32.4382  1025.8698    25.7745    271.283    258.685  323.72840     83.799     0.1917     0.8022     1.1050 1.0000e-12       7812          4  0.000e+00
     20.061   65.61818 -168.15380     20.262     3.6464     3.6478     3.6451    32.4280    32.4387  1025.8693    25.7745    271.302    258.667  323.73060     83.805     0.1929     0.8095     1.1050 1.0000e-12       7813          4  0.000e+00
     20.154   65.61818 -168.15380     20.355     3.6463     3.6480     3.6451    32.4270    32.4383  1025.8690    25.7738    271.327    258.656  323.73325     83.812     0.1917     0.8022     1.1050 1.0000e-12       7814          4  0.000e+00
     20.154   65.61818 -168.15380     20.355     3.6458     3.6484     3.6445    32.4277    32.4381  1025.8696    25.7744    271.348    258.830  323.73575     83.818     0.1917     0.8022     1.1050 1.0000e-12       7815          4  0.000e+00
     20.061   65.61818 -168.15380     20.262     3.6452     3.6482     3.6440    32.4278    32.4382  1025.8693    25.7745    271.365    258.812  323.74008     83.822     0.1917     0.8022     1.1050 1.0000e-12       7816          4  0.000e+00
     20.154   65.61818 -168.15380     20.355     3.6450     3.6482     3.6437    32.4280    32.4384  1025.8699    25.7747    271.385    258.819  323.74136     83.828     0.2015     0.8608     1.1050 1.0000e-12       7817          4  0.000e+00
     20.100   65.61818 -168.15380     20.301     3.6446     3.6480     3.6433    32.4283    32.4383  1025.8699    25.7750    271.400    258.822  323.74400     83.832     0.2076     0.8974     1.1050 1.0000e-12       7818          4  0.000e+00
     20.115   65.61818 -168.15380     20.316     3.6440     3.6474     3.6428    32.4285    32.4386  1025.8703    25.7752    271.416    258.638  323.74759     83.836     0.2088     0.9047     1.1050 1.0000e-12       7819          4  0.000e+00
     20.154   65.61818 -168.15380     20.355     3.6438     3.6474     3.6425    32.4285    32.4385  1025.8704    25.7752    271.643    258.621  323.74977     83.905     0.2076     0.8974     1.1050 1.0000e-12       7820          4  0.000e+00
     20.100   65.61818 -168.15380     20.301     3.6434     3.6473     3.6422    32.4291    32.4390  1025.8707    25.7757    271.472    258.600  323.75134     83.852     0.2076     0.8974     1.1050 1.0000e-12       7821          4  0.000e+00
     20.115   65.61818 -168.15380     20.316     3.6433     3.6471     3.6421    32.4290    32.4389  1025.8707    25.7756    271.480    258.584  323.75233     83.854     0.2088     0.9047     1.1050 1.0000e-12       7822          4  0.000e+00
     20.154   65.61818 -168.15380     20.355     3.6433     3.6471     3.6420    32.4292    32.4382  1025.8710    25.7758    271.487    258.758  323.75228     83.856     0.2076     0.8974     1.1050 1.0000e-12       7823          4  0.000e+00
     20.100   65.61818 -168.15380     20.301     3.6430     3.6466     3.6417    32.4293    32.4387  1025.8709    25.7759    271.491    258.570  323.75404     83.857     0.2088     0.9047     1.1050 1.0000e-12       7824          4  0.000e+00
     20.115   65.61818 -168.15380     20.316     3.6429     3.6466     3.6417    32.4291    32.4386  1025.8708    25.7758    271.495    258.551  323.75503     83.858     0.2076     0.8974     1.1050 1.0000e-12       7825          4  0.000e+00
     20.100   65.61818 -168.15380     20.301     3.6428     3.6468     3.6416    32.4292    32.4382  1025.8708    25.7758    271.497    258.530  323.75569     83.859     0.2076     0.8974     1.1050 1.0000e-12       7826          4  0.000e+00
     20.154   65.61818 -168.15380     20.355     3.6428     3.6471     3.6415    32.4294    32.4384  1025.8712    25.7760    271.533    258.487  323.75556     83.870     0.2076     0.8974     1.1050 1.0000e-12       7827          4  0.000e+00
     20.061   65.61818 -168.15380     20.262     3.6428     3.6472     3.6416    32.4298    32.4381  1025.8711    25.7763    271.529    258.463  323.75409     83.869     0.2088     0.9047     1.1023 1.0000e-12       7828          4  0.000e+00
     20.154   65.61818 -168.15380     20.355     3.6428     3.6473     3.6415    32.4296    32.4384  1025.8714    25.7762    271.106    258.444  323.75508     83.738     0.2076     0.8974     1.0887 1.0000e-12       7829          4  0.000e+00
     20.154   65.61818 -168.15380     20.355     3.6430     3.6472     3.6417    32.4295    32.4387  1025.8713    25.7760    271.251    258.423  323.75372     83.783     0.2076     0.8974     1.0846 1.0000e-12       7830          4  0.000e+00
     20.100   65.61818 -168.15380     20.301     3.6431     3.6467     3.6418    32.4297    32.4385  1025.8712    25.7762    271.215    258.405  323.75240     83.772     0.2076     0.8974     1.0846 1.0000e-12       7831          4  0.000e+00
     20.115   65.61818 -168.15380     20.316     3.6430     3.6455     3.6417    32.4298    32.4389  1025.8714    25.7763    271.182    258.392  323.75280     83.762     0.2076     0.8974     1.0846 1.0000e-12       7832          4  0.000e+00
     20.100   65.61818 -168.15380     20.301     3.6434     3.6447     3.6422    32.4294    32.4393  1025.8709    25.7760    271.146    258.376  323.75046     83.752     0.2088     0.9047     1.0846 1.0000e-12       7833          4  0.000e+00
     20.100   65.61818 -168.15380     20.301     3.6435     3.6442     3.6422    32.4298    32.4392  1025.8712    25.7763    271.112    258.359  323.74910     83.741     0.2076     0.8974     1.0846 1.0000e-12       7834          4  0.000e+00
     20.177   65.61818 -168.15380     20.379     3.6436     3.6443     3.6423    32.4298    32.4390  1025.8716    25.7763    271.081    258.341  323.74824     83.732     0.2076     0.8974     1.0846 1.0000e-12       7835          4  0.000e+00
     20.100   65.61818 -168.15380     20.301     3.6438     3.6442     3.6425    32.4292    32.4391  1025.8707    25.7757    271.257    258.318  323.74814     83.786     0.2076     0.8974     1.0859 1.0000e-12       7836          4  0.000e+00
     20.100   65.61818 -168.15380     20.301     3.6437     3.6442     3.6425    32.4293    32.4391  1025.8708    25.7758    271.043    258.297  323.74834     83.720     0.2076     0.8974     1.0846 1.0000e-12       7837          4  0.000e+00
     20.115   65.61818 -168.15380     20.316     3.6438     3.6441     3.6425    32.4291    32.4396  1025.8707    25.7757    271.009    258.299  323.74836     83.710     0.2076     0.8974     1.0846 1.0000e-12       7838          4  0.000e+00
     20.100   65.61818 -168.15380     20.301     3.6439     3.6442     3.6426    32.4294    32.4395  1025.8709    25.7759    270.972    258.301  323.74679     83.699     0.2076     0.8974     1.0846 1.0000e-12       7839          4  0.000e+00
     20.154   65.61818 -168.15380     20.355     3.6438     3.6439     3.6425    32.4291    32.4399  1025.8709    25.7757    270.941    258.308  323.74821     83.689     0.2076     0.8974     1.0846 1.0000e-12       7840          4  0.000e+00
     20.115   65.61818 -168.15380     20.316     3.6439     3.6440     3.6426    32.4294    32.4395  1025.8709    25.7759    270.904    258.311  323.74681     83.678     0.2076     0.8974     1.0859 1.0000e-12       7841          4  0.000e+00
     20.100   65.61818 -168.15380     20.301     3.6439     3.6441     3.6427    32.4295    32.4397  1025.8709    25.7760    270.833    258.293  323.74611     83.656     0.2027     0.8681     1.0846 1.0000e-12       7842          4  0.000e+00
     20.100   65.61818 -168.15380     20.301     3.6442     3.6440     3.6430    32.4292    32.4395  1025.8707    25.7757    270.796    258.299  323.74466     83.645     0.1954     0.8242     1.0859 1.0000e-12       7843          4  0.000e+00
     20.115   65.61818 -168.15380     20.316     3.6441     3.6439     3.6428    32.4291    32.4396  1025.8707    25.7756    270.796    258.284  323.74584     83.645     0.1917     0.8022     1.0846 1.0000e-12       7844          4  0.000e+00
     20.100   65.61818 -168.15380     20.301     3.6440     3.6441     3.6428    32.4291    32.4390  1025.8706    25.7756    270.761    258.290  323.74631     83.634     0.1917     0.8022     1.0846 1.0000e-12       7845          4  0.000e+00
     20.100   65.61818 -168.15380     20.301     3.6443     3.6443     3.6430    32.4292    32.4392  1025.8707    25.7758    270.937    258.104  323.74418     83.689     0.1929     0.8095     1.0859 1.0000e-12       7846          4  0.000e+00
     20.115   65.61818 -168.15380     20.316     3.6445     3.6444     3.6433    32.4294    32.4392  1025.8709    25.7758    270.933    258.091  323.74178     83.688     0.1917     0.8022     1.0859 1.0000e-12       7847          4  0.000e+00
     20.208   65.61818 -168.15382     20.410     3.6431     3.6441     3.6419    32.4290    32.4392  1025.8711    25.7757    270.841    257.520  323.75360     83.657     0.1954     0.8242     1.0968 1.0000e-12       7946          5  0.000e+00
