EcoFOCI/data/1_SampleCollection/2023_SikuliaqDBO_CruiseData/CTD_raw_BottleFile_SKQ23-12S/proc/skq202312s_054.cnv
* Sea-Bird SBE 9 Data File:
* FileName = D:\CTD\SKQ202312S\SKQ202312S_054.hex
* Software Version Seasave V 7.26.7.121
* Temperature SN = 6177
* Conductivity SN = 0369
* Number of Bytes Per Scan = 41
* Number of Voltage Words = 4
* Number of Scans Averaged by the Deck Unit = 1
* NMEA Latitude = 70 58.30 N
* NMEA Longitude = 163 33.99 W
* NMEA UTC (Time) = Sep 27 2023  02:24:07
* NMEA baud rate = 4800
** Ship: R/V Sikuliaq
** Station Number: 054
** Station Name: IC8
** Bottom Depth: 45
** Operator: SD
# nquan = 24
# nvalues = 6945                                  
# units = specified
# name 0 = depSM: Depth [salt water, m]
# name 1 = latitude: Latitude [deg]
# name 2 = longitude: Longitude [deg]
# name 3 = prDM: Pressure, Digiquartz [db]
# name 4 = t090C: Temperature [ITS-90, deg C]
# name 5 = t190C: Temperature, 2 [ITS-90, deg C]
# name 6 = potemp090C: Potential Temperature [ITS-90, deg C]
# name 7 = sal00: Salinity, Practical [PSU]
# name 8 = sal11: Salinity, Practical, 2 [PSU]
# name 9 = density00: Density [density, kg/m^3]
# name 10 = sigma-é00: Density [sigma-theta, kg/m^3]
# name 11 = sbox0Mm/Kg: Oxygen, SBE 43 [umol/kg]
# name 12 = sbox1Mm/Kg: Oxygen, SBE 43, 2 [umol/kg]
# name 13 = oxsolMm/Kg: Oxygen Saturation, Garcia & Gordon [umol/kg]
# name 14 = sbeox0PS: Oxygen, SBE 43 [% saturation]
# name 15 = sbeox1PS: Oxygen, SBE 43, 2 [% saturation]
# name 16 = v0: Voltage 0
# name 17 = flECO-AFL: Fluorescence, WET Labs ECO-AFL/FL [mg/m^3]
# name 18 = v1: Voltage 1
# name 19 = CStarAt0: Beam Attenuation, WET Labs C-Star [1/m]
# name 20 = par: PAR/Irradiance, Biospherical/Licor
# name 21 = scan: Scan Count
# name 22 = timeM: Time, Elapsed [minutes]
# name 23 = flag:  0.000e+00
# span 0 =      2.676,     39.987                 
# span 1 =   70.97168,   70.97176                 
# span 2 = -163.56664, -163.56640                 
# span 3 =      2.704,     40.402                 
# span 4 =     1.6889,     4.6633                 
# span 5 =     1.6896,     4.6648                 
# span 6 =     1.6871,     4.6627                 
# span 7 =    30.3487,    32.1085                 
# span 8 =    30.3599,    32.1232                 
# span 9 =  1024.0436,  1025.8545                 
# span 10 =    24.0307,    25.6767                
# span 11 =    291.324,    334.793                
# span 12 =    274.905,    313.976                
# span 13 =  320.54221,  340.76345                
# span 14 =     85.519,     99.374                
# span 15 =     80.684,     93.241                
# span 16 =     0.0940,     0.1758                
# span 17 =     0.2161,     0.7069                
# span 18 =     2.4811,     4.1929                
# span 19 =     0.4672,     2.5668                
# span 20 = 1.0000e-12, 6.7289e+01                
# span 21 =          1,       6945                
# span 22 =     0.0000,     4.8222                
# span 23 = 0.0000e+00, 0.0000e+00                
# interval = seconds: 0.0416667
# start_time = Sep 27 2023 02:28:34 [NMEA time, first data scan]
# bad_flag = -9.990e-29
*END*
[from data line 1872]
     12.506   70.97176 -163.56642     12.635     4.5367     4.5376     4.5358    30.6276    30.6384  1024.3171    24.2581    305.796    289.183  321.13457     95.224     90.060     0.1648     0.6410     4.0916     0.5651 1.1877e+01       1873     1.3000  0.000e+00
     12.506   70.97176 -163.56642     12.635     4.5359     4.5361     4.5350    30.6286    30.6399  1024.3179    24.2589    305.614    289.179  321.13825     95.166     90.056     0.1661     0.6483     4.0916     0.5651 1.1843e+01       1874     1.3007  0.000e+00
     12.537   70.97176 -163.56642     12.667     4.5352     4.5342     4.5344    30.6292    30.6420  1024.3187    24.2595    305.788    289.179  321.14155     95.219     90.054     0.1648     0.6410     4.0916     0.5651 1.1843e+01       1875     1.3014  0.000e+00
     12.506   70.97176 -163.56642     12.635     4.5350     4.5342     4.5342    30.6290    30.6422  1024.3184    24.2594    305.782    289.355  321.14396     95.216     90.109     0.1661     0.6483     4.0916     0.5651 1.1843e+01       1876     1.3021  0.000e+00
     12.506   70.97176 -163.56642     12.635     4.5343     4.5342     4.5335    30.6296    30.6420  1024.3189    24.2599    305.778    289.181  321.14798     95.214     90.054     0.1648     0.6410     4.0916     0.5651 1.1843e+01       1877     1.3028  0.000e+00
     12.568   70.97176 -163.56642     12.698     4.5332     4.5335     4.5323    30.6310    30.6424  1024.3204    24.2611    305.779    289.181  321.15347     95.213     90.053     0.1648     0.6410     4.0916     0.5651 1.1809e+01       1878     1.3035  0.000e+00
     12.568   70.97176 -163.56642     12.698     4.5324     4.5329     4.5315    30.6320    30.6437  1024.3213    24.2620    305.808    289.177  321.15697     95.221     90.051     0.1661     0.6483     4.0916     0.5651 1.1809e+01       1879     1.3042  0.000e+00
     12.506   70.97176 -163.56642     12.635     4.5319     4.5323     4.5310    30.6329    30.6444  1024.3217    24.2627    305.835    289.174  321.15904     95.228     90.050     0.1661     0.6483     4.0916     0.5651 1.1776e+01       1880     1.3049  0.000e+00
     12.591   70.97176 -163.56642     12.721     4.5314     4.5312     4.5306    30.6333    30.6457  1024.3225    24.2631    305.835    289.369  321.16126     95.228     90.109     0.1661     0.6483     4.0916     0.5651 1.1809e+01       1881     1.3056  0.000e+00
     12.568   70.97176 -163.56642     12.698     4.5314     4.5304     4.5306    30.6335    30.6467  1024.3226    24.2633    305.829    289.392  321.16078     95.226     90.115     0.1648     0.6410     4.0916     0.5651 1.1776e+01       1882     1.3062  0.000e+00
     12.568   70.97176 -163.56642     12.698     4.5308     4.5297     4.5300    30.6343    30.6476  1024.3233    24.2640    305.859    289.416  321.16359     95.235     90.121     0.1661     0.6483     4.0904     0.5663 1.1776e+01       1883     1.3069  0.000e+00
     12.622   70.97176 -163.56642     12.752     4.5303     4.5297     4.5294    30.6349    30.6474  1024.3240    24.2645    305.861    289.419  321.16635     95.234     90.122     0.1648     0.6410     4.0916     0.5651 1.1776e+01       1884     1.3076  0.000e+00
     12.568   70.97176 -163.56642     12.698     4.5295     4.5295     4.5287    30.6356    30.6477  1024.3245    24.2652    305.716    289.417  321.17061     95.188     90.121     0.1648     0.6410     4.0916     0.5651 1.1776e+01       1885     1.3083  0.000e+00
     12.622   70.97176 -163.56642     12.752     4.5295     4.5290     4.5287    30.6356    30.6480  1024.3247    24.2651    306.104    289.256  321.17067     95.309     90.070     0.1648     0.6410     4.0916     0.5651 1.1776e+01       1886     1.3090  0.000e+00
     12.591   70.97176 -163.56642     12.721     4.5290     4.5287     4.5282    30.6360    30.6482  1024.3250    24.2655    305.960    289.426  321.17323     95.263     90.123     0.1648     0.6410     4.0916     0.5651 1.1776e+01       1887     1.3097  0.000e+00
     12.568   70.97176 -163.56640     12.698     4.5288     4.5281     4.5280    30.6364    30.6492  1024.3252    24.2659    305.960    289.429  321.17389     95.263     90.123     0.1661     0.6483     4.0916     0.5651 1.1776e+01       1888     1.3104  0.000e+00
     12.622   70.97176 -163.56640     12.752     4.5287     4.5281     4.5279    30.6368    30.6494  1024.3257    24.2662    305.963    289.454  321.17389     95.264     90.131     0.1648     0.6410     4.0916     0.5651 1.1743e+01       1889     1.3111  0.000e+00
     12.622   70.97176 -163.56640     12.752     4.5287     4.5282     4.5279    30.6370    30.6494  1024.3259    24.2664    305.962    289.477  321.17325     95.264     90.138     0.1661     0.6483     4.0916     0.5651 1.1743e+01       1890     1.3118  0.000e+00
     12.622   70.97176 -163.56640     12.752     4.5281     4.5281     4.5273    30.6375    30.6499  1024.3263    24.2668    305.549    289.480  321.17707     95.134     90.139     0.1648     0.6410     4.0916     0.5651 1.1743e+01       1891     1.3125  0.000e+00
     12.684   70.97176 -163.56640     12.815     4.5279     4.5273     4.5270    30.6380    30.6505  1024.3270    24.2672    305.942    289.512  321.17747     95.256     90.148     0.1661     0.6483     4.0916     0.5651 1.1709e+01       1892     1.3132  0.000e+00
     12.653   70.97176 -163.56640     12.783     4.5278     4.5267     4.5269    30.6378    30.6510  1024.3268    24.2671    305.737    289.519  321.17865     95.192     90.149     0.1648     0.6410     4.0916     0.5651 1.1743e+01       1893     1.3139  0.000e+00
     12.684   70.97176 -163.56640     12.815     4.5270     4.5264     4.5262    30.6386    30.6513  1024.3276    24.2678    305.749    289.526  321.18283     95.195     90.151     0.1648     0.6410     4.0916     0.5651 1.1709e+01       1894     1.3146  0.000e+00
     12.684   70.97176 -163.56640     12.814     4.5267     4.5259     4.5258    30.6387    30.6517  1024.3278    24.2679    305.728    289.533  321.18492     95.188     90.152     0.1648     0.6410     4.0916     0.5651 1.1709e+01       1895     1.3153  0.000e+00
     12.684   70.97176 -163.56640     12.814     4.5258     4.5252     4.5250    30.6397    30.6522  1024.3286    24.2687    305.919    289.375  321.18916     95.246     90.102     0.1648     0.6410     4.0916     0.5651 1.1709e+01       1896     1.3160  0.000e+00
     12.684   70.97176 -163.56640     12.814     4.5251     4.5245     4.5242    30.6405    30.6532  1024.3293    24.2695    305.933    289.573  321.19330     95.249     90.163     0.1648     0.6410     4.0916     0.5651 1.1676e+01       1897     1.3167  0.000e+00
     12.653   70.97176 -163.56640     12.783     4.5246     4.5232     4.5238    30.6411    30.6550  1024.3297    24.2700    305.943    289.397  321.19540     95.252     90.106     0.1636     0.6337     4.0916     0.5651 1.1643e+01       1898     1.3174  0.000e+00
     12.738   70.97176 -163.56640     12.869     4.5243     4.5226     4.5234    30.6412    30.6555  1024.3302    24.2701    305.958    289.600  321.19759     95.256     90.169     0.1648     0.6410     4.0916     0.5651 1.1643e+01       1899     1.3181  0.000e+00
     12.684   70.97176 -163.56640     12.814     4.5237     4.5212     4.5228    30.6420    30.6568  1024.3306    24.2708    305.969    289.636  321.20062     95.258     90.177     0.1636     0.6337     4.0916     0.5651 1.1643e+01       1900     1.3188  0.000e+00
     12.738   70.97176 -163.56640     12.869     4.5229     4.5199     4.5220    30.6430    30.6582  1024.3318    24.2717    305.984    289.467  321.20427     95.262     90.123     0.1648     0.6410     4.0916     0.5651 1.1610e+01       1901     1.3194  0.000e+00
     12.684   70.97176 -163.56640     12.814     4.5221     4.5189     4.5212    30.6436    30.6587  1024.3321    24.2722    305.788    289.461  321.20889     95.199     90.119     0.1636     0.6337     4.0916     0.5651 1.1610e+01       1902     1.3201  0.000e+00
     12.792   70.97176 -163.56640     12.924     4.5211     4.5186     4.5202    30.6441    30.6586  1024.3331    24.2728    305.987    289.646  321.21523     95.259     90.176     0.1648     0.6410     4.0916     0.5651 1.1610e+01       1903     1.3208  0.000e+00
     12.707   70.97176 -163.56640     12.838     4.5203     4.5174     4.5195    30.6443    30.6592  1024.3329    24.2729    305.792    289.662  321.22101     95.197     90.179     0.1636     0.6337     4.0916     0.5651 1.1577e+01       1904     1.3215  0.000e+00
     12.792   70.97176 -163.56640     12.924     4.5194     4.5151     4.5185    30.6445    30.6606  1024.3336    24.2732    305.783    289.524  321.22776     95.192     90.132     0.1636     0.6337     4.0928     0.5639 1.1544e+01       1905     1.3222  0.000e+00
     12.792   70.97176 -163.56640     12.924     4.5176     4.5130     4.5168    30.6449    30.6616  1024.3341    24.2737    305.778    289.552  321.24011     95.187     90.137     0.1648     0.6410     4.0928     0.5639 1.1544e+01       1906     1.3229  0.000e+00
     12.738   70.97176 -163.56640     12.869     4.5156     4.5106     4.5147    30.6455    30.6627  1024.3345    24.2744    305.774    289.748  321.25478     95.181     90.193     0.1636     0.6337     4.0928     0.5639 1.1511e+01       1907     1.3236  0.000e+00
     12.792   70.97176 -163.56640     12.924     4.5138     4.5071     4.5130    30.6458    30.6648  1024.3351    24.2748    305.807    289.787  321.26756     95.188     90.199     0.1648     0.6410     4.0928     0.5639 1.1479e+01       1908     1.3243  0.000e+00
     12.853   70.97176 -163.56640     12.986     4.5117     4.5033     4.5109    30.6458    30.6660  1024.3356    24.2750    305.814    289.830  321.28383     95.185     90.206     0.1636     0.6337     4.0928     0.5639 1.1446e+01       1909     1.3250  0.000e+00
     12.822   70.97176 -163.56640     12.955     4.5094     4.5010     4.5085    30.6458    30.6664  1024.3357    24.2752    305.820    289.861  321.30200     95.182     90.210     0.1648     0.6410     4.0928     0.5639 1.1446e+01       1910     1.3257  0.000e+00
     12.791   70.97176 -163.56640     12.923     4.5071     4.4971     4.5062    30.6455    30.6680  1024.3356    24.2753    305.828    289.714  321.32042     95.179     90.157     0.1636     0.6337     4.0928     0.5639 1.1414e+01       1911     1.3264  0.000e+00
     12.791   70.97176 -163.56640     12.923     4.5039     4.4927     4.5031    30.6467    30.6698  1024.3368    24.2765    305.843    289.738  321.34203     95.177     90.156     0.1636     0.6337     4.0928     0.5639 1.1381e+01       1912     1.3271  0.000e+00
     12.853   70.97176 -163.56640     12.986     4.5004     4.4899     4.4996    30.6487    30.6707  1024.3390    24.2784    305.763    289.756  321.36436     95.145     90.156     0.1636     0.6337     4.0928     0.5639 1.1381e+01       1913     1.3278  0.000e+00
     12.853   70.97176 -163.56640     12.986     4.4973     4.4880     4.4965    30.6501    30.6711  1024.3405    24.2798    305.775    289.767  321.38524     95.143     90.156     0.1636     0.6337     4.0928     0.5639 1.1349e+01       1914     1.3285  0.000e+00
     12.876   70.97176 -163.56640     13.009     4.4944     4.4881     4.4936    30.6519    30.6703  1024.3423    24.2816    305.787    289.745  321.40315     95.141     90.149     0.1636     0.6337     4.0928     0.5639 1.1317e+01       1915     1.3292  0.000e+00
     12.853   70.97176 -163.56640     12.986     4.4918     4.4874     4.4909    30.6538    30.6708  1024.3440    24.2834    305.795    289.746  321.41912     95.139     90.148     0.1636     0.6337     4.0928     0.5639 1.1317e+01       1916     1.3299  0.000e+00
     12.907   70.97176 -163.56640     13.040     4.4900     4.4872     4.4891    30.6557    30.6709  1024.3460    24.2850    305.834    289.747  321.42835     95.149     90.148     0.1648     0.6410     4.0928     0.5639 1.1253e+01       1917     1.3306  0.000e+00
     12.907   70.97176 -163.56640     13.040     4.4883     4.4869     4.4875    30.6582    30.6719  1024.3481    24.2872    305.630    289.746  321.43528     95.083     90.148     0.1636     0.6337     4.0928     0.5639 1.1253e+01       1918     1.3313  0.000e+00
     12.907   70.97176 -163.56640     13.040     4.4873     4.4862     4.4865    30.6609    30.6734  1024.3503    24.2894    305.808    289.728  321.43654     95.138     90.141     0.1648     0.6410     4.0928     0.5639 1.1253e+01       1919     1.3319  0.000e+00
     12.969   70.97176 -163.56640     13.103     4.4863     4.4860     4.4855    30.6631    30.6748  1024.3524    24.2912    305.814    289.728  321.43906     95.139     90.142     0.1636     0.6337     4.0928     0.5639 1.1221e+01       1920     1.3326  0.000e+00
     12.992   70.97176 -163.56640     13.126     4.4862     4.4861     4.4853    30.6643    30.6762  1024.3535    24.2922    305.814    289.705  321.43739     95.140     90.136     0.1648     0.6410     4.0928     0.5639 1.1189e+01       1921     1.3333  0.000e+00
     12.969   70.97176 -163.56640     13.103     4.4854     4.4860     4.4845    30.6653    30.6774  1024.3543    24.2931    305.820    289.682  321.44104     95.140     90.129     0.1648     0.6410     4.0928     0.5639 1.1189e+01       1922     1.3340  0.000e+00
     12.969   70.97176 -163.56640     13.103     4.4854     4.4857     4.4845    30.6661    30.6781  1024.3549    24.2937    305.789    289.662  321.43912     95.131     90.123     0.1661     0.6483     4.0928     0.5639 1.1126e+01       1923     1.3347  0.000e+00
     12.969   70.97176 -163.56640     13.103     4.4852     4.4858     4.4844    30.6671    30.6784  1024.3557    24.2945    305.792    289.640  321.43787     95.133     90.117     0.1648     0.6410     4.0928     0.5639 1.1094e+01       1924     1.3354  0.000e+00
     13.023   70.97176 -163.56640     13.157     4.4849     4.4859     4.4841    30.6678    30.6788  1024.3566    24.2951    305.383    289.642  321.43865     95.005     90.117     0.1648     0.6410     4.0928     0.5639 1.1094e+01       1925     1.3361  0.000e+00
     12.992   70.97176 -163.56640     13.126     4.4849     4.4859     4.4841    30.6681    30.6791  1024.3566    24.2953    305.745    289.620  321.43797     95.118     90.111     0.1661     0.6483     4.0940     0.5627 1.1094e+01       1926     1.3368  0.000e+00
     13.023   70.97176 -163.56640     13.157     4.4849     4.4859     4.4841    30.6681    30.6792  1024.3568    24.2954    305.548    289.602  321.43783     95.057     90.105     0.1648     0.6410     4.0928     0.5639 1.1063e+01       1927     1.3375  0.000e+00
     12.969   70.97176 -163.56640     13.103     4.4850     4.4860     4.4842    30.6685    30.6795  1024.3568    24.2956    305.734    289.579  321.43618     95.115     90.098     0.1661     0.6483     4.0928     0.5639 1.1063e+01       1928     1.3382  0.000e+00
     13.084   70.97176 -163.56640     13.219     4.4849     4.4859     4.4841    30.6682    30.6797  1024.3572    24.2954    305.546    289.564  321.43762     95.056     90.094     0.1648     0.6410     4.0928     0.5639 1.1063e+01       1929     1.3389  0.000e+00
     13.023   70.97176 -163.56640     13.157     4.4848     4.4860     4.4839    30.6683    30.6796  1024.3570    24.2955    305.530    289.562  321.43869     95.051     90.093     0.1661     0.6483     4.0928     0.5639 1.1031e+01       1930     1.3396  0.000e+00
     13.084   70.97176 -163.56640     13.219     4.4846     4.4855     4.4837    30.6688    30.6801  1024.3577    24.2959    305.521    289.382  321.43871     95.048     90.037     0.1648     0.6410     4.0940     0.5627 1.1000e+01       1931     1.3403  0.000e+00
     13.107   70.97176 -163.56640     13.243     4.4846     4.4849     4.4837    30.6685    30.6806  1024.3576    24.2957    305.513    289.558  321.43938     95.045     90.090     0.1661     0.6483     4.0928     0.5639 1.0969e+01       1932     1.3410  0.000e+00
