EcoFOCI/data/1_SampleCollection/2023_SikuliaqDBO_CruiseData/CTD_raw_BottleFile_SKQ23-12S/proc/skq202312s_028.ros
* Sea-Bird SBE 9 Data File:
* FileName = D:\CTD\SKQ202312S\SKQ202312S_028.hex
* Software Version Seasave V 7.26.7.121
* Temperature SN = 6177
* Conductivity SN = 0369
* Number of Bytes Per Scan = 41
* Number of Voltage Words = 4
* Number of Scans Averaged by the Deck Unit = 1
* NMEA Latitude = 71 22.34 N
* NMEA Longitude = 157 24.94 W
* NMEA UTC (Time) = Sep 21 2023  03:13:25
* NMEA baud rate = 4800
** Ship: R/V Sikuliaq
** Station Number: 028
** Station Name: DBO5.4
** Bottom Depth: 112
** Operator: SD
# nquan = 22
# nvalues = 1127                                  
# units = specified
# name 0 = depSM: Depth [salt water, m]
# name 1 = latitude: Latitude [deg]
# name 2 = longitude: Longitude [deg]
# name 3 = prDM: Pressure, Digiquartz [db]
# name 4 = t090C: Temperature [ITS-90, deg C]
# name 5 = t190C: Temperature, 2 [ITS-90, deg C]
# name 6 = potemp090C: Potential Temperature [ITS-90, deg C]
# name 7 = sal00: Salinity, Practical [PSU]
# name 8 = sal11: Salinity, Practical, 2 [PSU]
# name 9 = density00: Density [density, kg/m^3]
# name 10 = sigma-é00: Density [sigma-theta, kg/m^3]
# name 11 = sbox0Mm/Kg: Oxygen, SBE 43 [umol/kg]
# name 12 = sbox1Mm/Kg: Oxygen, SBE 43, 2 [umol/kg]
# name 13 = oxsolMm/Kg: Oxygen Saturation, Garcia & Gordon [umol/kg]
# name 14 = sbeox0PS: Oxygen, SBE 43 [% saturation]
# name 15 = v0: Voltage 0
# name 16 = flECO-AFL: Fluorescence, WET Labs ECO-AFL/FL [mg/m^3]
# name 17 = CStarAt0: Beam Attenuation, WET Labs C-Star [1/m]
# name 18 = par: PAR/Irradiance, Biospherical/Licor
# name 19 = scan: Scan Count
# name 20 = nbf: Bottles Fired
# name 21 = flag:  0.000e+00
# interval = seconds: 0.0416667
# start_time = Sep 21 2023 03:18:10 [NMEA time, first data scan]
# bad_flag = -9.990e-29
*END*
    105.270   71.37254 -157.41352    106.383    -1.4895    -1.4880    -1.4915    32.5755    32.5851  1026.7158    26.2026    297.312    283.697  368.90105     80.594     0.3040     1.4762     1.2089 1.0000e-12      10005          1  0.000e+00
    105.332   71.37254 -157.41352    106.446    -1.4894    -1.4880    -1.4915    32.5752    32.5849  1026.7158    26.2024    297.260    283.669  368.90128     80.580     0.3053     1.4835     1.2060 1.0000e-12      10006          1  0.000e+00
    105.332   71.37254 -157.41352    106.446    -1.4894    -1.4882    -1.4915    32.5752    32.5853  1026.7158    26.2023    297.258    283.671  368.90140     80.579     0.3040     1.4762     1.2060 1.0000e-12      10007          1  0.000e+00
    105.440   71.37254 -157.41352    106.555    -1.4896    -1.4880    -1.4916    32.5751    32.5852  1026.7163    26.2023    297.264    283.675  368.90339     80.580     0.3053     1.4835     1.2060 1.0000e-12      10008          1  0.000e+00
    105.348   71.37254 -157.41352    106.461    -1.4892    -1.4882    -1.4913    32.5751    32.5851  1026.7158    26.2023    297.312    283.443  368.89988     80.594     0.3053     1.4835     1.2060 1.0000e-12      10009          1  0.000e+00
    105.440   71.37254 -157.41352    106.555    -1.4891    -1.4880    -1.4912    32.5747    32.5848  1026.7159    26.2019    297.269    283.416  368.90002     80.583     0.3040     1.4762     1.2060 1.0000e-12      10010          1  0.000e+00
    105.440   71.37254 -157.41352    106.555    -1.4896    -1.4879    -1.4916    32.5754    32.5847  1026.7165    26.2025    297.487    283.386  368.90238     80.641     0.3053     1.4835     1.2060 1.0000e-12      10011          1  0.000e+00
    105.440   71.37254 -157.41352    106.555    -1.4892    -1.4882    -1.4913    32.5750    32.5852  1026.7161    26.2022    297.278    283.592  368.90030     80.585     0.3040     1.4762     1.2060 1.0000e-12      10012          1  0.000e+00
    105.440   71.37254 -157.41352    106.555    -1.4893    -1.4880    -1.4913    32.5752    32.5852  1026.7163    26.2024    297.232    283.330  368.90019     80.572     0.3028     1.4688     1.2074 1.0000e-12      10013          1  0.000e+00
    105.502   71.37254 -157.41352    106.617    -1.4894    -1.4882    -1.4915    32.5751    32.5848  1026.7166    26.2023    297.189    283.539  368.90158     80.561     0.2967     1.4322     1.2060 1.0000e-12      10014          1  0.000e+00
    105.556   71.37254 -157.41352    106.672    -1.4892    -1.4882    -1.4913    32.5751    32.5850  1026.7168    26.2022    297.143    283.546  368.90001     80.549     0.2955     1.4249     1.2060 1.0000e-12      10015          1  0.000e+00
    105.502   71.37254 -157.41352    106.617    -1.4896    -1.4882    -1.4916    32.5756    32.5853  1026.7169    26.2027    297.359    283.549  368.90199     80.606     0.2967     1.4322     1.2060 1.0000e-12      10016          1  0.000e+00
    105.502   71.37254 -157.41352    106.617    -1.4894    -1.4879    -1.4915    32.5751    32.5850  1026.7166    26.2023    297.099    283.553  368.90158     80.536     0.2967     1.4322     1.2060 1.0000e-12      10017          1  0.000e+00
    105.633   71.37254 -157.41352    106.750    -1.4891    -1.4881    -1.4912    32.5747    32.5848  1026.7169    26.2019    297.054    283.565  368.89999     80.524     0.2967     1.4322     1.2060 1.0000e-12      10018          1  0.000e+00
    105.556   71.37254 -157.41352    106.672    -1.4896    -1.4882    -1.4916    32.5752    32.5849  1026.7169    26.2024    297.005    283.337  368.90297     80.510     0.2955     1.4249     1.2060 1.0000e-12      10019          1  0.000e+00
    105.618   71.37254 -157.41352    106.734    -1.4894    -1.4882    -1.4915    32.5752    32.5853  1026.7172    26.2024    296.958    283.312  368.90128     80.498     0.2967     1.4322     1.2060 1.0000e-12      10020          1  0.000e+00
    105.618   71.37254 -157.41352    106.734    -1.4893    -1.4880    -1.4913    32.5752    32.5854  1026.7172    26.2023    296.908    283.286  368.90025     80.485     0.2955     1.4249     1.2060 1.0000e-12      10021          1  0.000e+00
    105.672   71.37254 -157.41352    106.789    -1.4897    -1.4881    -1.4917    32.5751    32.5852  1026.7174    26.2023    296.919    283.498  368.90433     80.487     0.2967     1.4322     1.2060 1.0000e-12      10022          1  0.000e+00
    105.618   71.37254 -157.41352    106.734    -1.4896    -1.4884    -1.4916    32.5753    32.5851  1026.7173    26.2025    296.921    283.508  368.90270     80.488     0.2955     1.4249     1.2060 1.0000e-12      10023          1  0.000e+00
    105.672   71.37254 -157.41352    106.789    -1.4895    -1.4885    -1.4915    32.5751    32.5851  1026.7174    26.2023    297.140    283.520  368.90227     80.547     0.2955     1.4249     1.2060 1.0000e-12      10024          1  0.000e+00
    105.672   71.37254 -157.41352    106.789    -1.4897    -1.4888    -1.4917    32.5753    32.5853  1026.7175    26.2024    296.937    283.533  368.90395     80.492     0.2979     1.4395     1.2074 1.0000e-12      10025          1  0.000e+00
    105.695   71.37254 -157.41352    106.812    -1.4894    -1.4888    -1.4915    32.5749    32.5852  1026.7174    26.2022    296.945    283.543  368.90205     80.494     0.2967     1.4322     1.2089 1.0000e-12      10026          1  0.000e+00
    105.734   71.37254 -157.41352    106.851    -1.4897    -1.4888    -1.4918    32.5753    32.5852  1026.7179    26.2025    296.959    283.323  368.90445     80.498     0.2967     1.4322     1.2103 1.0000e-12      10027          1  0.000e+00
    105.734   71.37254 -157.41352    106.851    -1.4897    -1.4888    -1.4917    32.5748    32.5854  1026.7175    26.2020    296.920    283.532  368.90532     80.487     0.2955     1.4249     1.2103 1.0000e-12      10028          1  0.000e+00
    105.734   71.37254 -157.41352    106.851    -1.4896    -1.4885    -1.4916    32.5752    32.5849  1026.7178    26.2024    296.878    283.310  368.90303     80.476     0.2967     1.4322     1.2103 1.0000e-12      10029          1  0.000e+00
    105.734   71.37254 -157.41352    106.851    -1.4897    -1.4887    -1.4917    32.5751    32.5852  1026.7177    26.2023    296.892    283.521  368.90444     80.479     0.2955     1.4249     1.2103 1.0000e-12      10030          1  0.000e+00
    105.788   71.37254 -157.41352    106.906    -1.4897    -1.4888    -1.4917    32.5751    32.5854  1026.7180    26.2023    296.856    283.537  368.90441     80.470     0.2967     1.4322     1.2103 1.0000e-12      10031          1  0.000e+00
    105.788   71.37254 -157.41352    106.906    -1.4897    -1.4888    -1.4918    32.5751    32.5852  1026.7179    26.2022    297.133    283.318  368.90517     80.545     0.2955     1.4249     1.2103 1.0000e-12      10032          1  0.000e+00
    105.788   71.37254 -157.41352    106.906    -1.4899    -1.4888    -1.4919    32.5753    32.5856  1026.7181    26.2025    297.460    283.298  368.90558     80.633     0.2967     1.4322     1.2103 1.0000e-12      10033          1  0.000e+00
    105.734   71.37254 -157.41352    106.851    -1.4900    -1.4888    -1.4921    32.5754    32.5853  1026.7180    26.2025    296.997    283.279  368.90702     80.507     0.2967     1.4322     1.2103 1.0000e-12      10034          1  0.000e+00
    105.865   71.37254 -157.41352    106.984    -1.4897    -1.4885    -1.4918    32.5747    32.5849  1026.7180    26.2020    297.014    283.265  368.90619     80.512     0.2955     1.4249     1.2103 1.0000e-12      10035          1  0.000e+00
    105.788   71.37254 -157.41352    106.906    -1.4900    -1.4887    -1.4921    32.5754    32.5855  1026.7182    26.2025    297.288    283.248  368.90699     80.586     0.2967     1.4322     1.2089 1.0000e-12      10036          1  0.000e+00
    105.788   71.37254 -157.41352    106.906    -1.4899    -1.4887    -1.4920    32.5748    32.5853  1026.7177    26.2021    297.092    283.234  368.90760     80.533     0.2955     1.4249     1.2103 1.0000e-12      10037          1  0.000e+00
    105.850   71.37254 -157.41352    106.968    -1.4900    -1.4885    -1.4921    32.5753    32.5850  1026.7185    26.2025    297.112    283.224  368.90723     80.538     0.2967     1.4322     1.2103 1.0000e-12      10038          1  0.000e+00
    105.850   71.37254 -157.41352    106.968    -1.4900    -1.4884    -1.4921    32.5755    32.5851  1026.7186    26.2027    297.077    283.212  368.90660     80.529     0.2882     1.3809     1.2103 1.0000e-12      10039          1  0.000e+00
    105.788   71.37254 -157.41352    106.906    -1.4899    -1.4885    -1.4920    32.5750    32.5852  1026.7179    26.2022    297.356    283.201  368.90697     80.605     0.2821     1.3443     1.2103 1.0000e-12      10040          1  0.000e+00
    105.850   71.37254 -157.41352    106.968    -1.4899    -1.4885    -1.4919    32.5748    32.5853  1026.7180    26.2020    297.113    283.195  368.90707     80.539     0.2796     1.3297     1.2103 1.0000e-12      10041          1  0.000e+00
    105.850   71.37254 -157.41352    106.968    -1.4900    -1.4884    -1.4921    32.5754    32.5850  1026.7185    26.2025    297.133    283.187  368.90710     80.544     0.2808     1.3370     1.2103 1.0000e-12      10042          1  0.000e+00
    105.865   71.37254 -157.41352    106.984    -1.4902    -1.4885    -1.4923    32.5753    32.5852  1026.7185    26.2025    297.103    283.183  368.90905     80.536     0.2833     1.3516     1.2103 1.0000e-12      10043          1  0.000e+00
    105.788   71.37254 -157.41352    106.906    -1.4900    -1.4882    -1.4921    32.5752    32.5854  1026.7181    26.2024    297.067    283.173  368.90750     80.526     0.2808     1.3370     1.2103 1.0000e-12      10044          1  0.000e+00
    105.904   71.37254 -157.41352    107.023    -1.4899    -1.4882    -1.4919    32.5748    32.5848  1026.7183    26.2021    297.092    283.176  368.90704     80.533     0.2821     1.3443     1.2103 1.0000e-12      10045          1  0.000e+00
    105.850   71.37254 -157.41352    106.968    -1.4900    -1.4880    -1.4921    32.5750    32.5848  1026.7182    26.2022    297.376    283.171  368.90823     80.610     0.2808     1.3370     1.2032 1.0000e-12      10046          1  0.000e+00
    105.788   71.37254 -157.41352    106.906    -1.4902    -1.4881    -1.4922    32.5755    32.5852  1026.7183    26.2027    297.186    283.168  368.90777     80.558     0.2821     1.3443     1.1990 1.0000e-12      10047          1  0.000e+00
    105.850   71.37254 -157.41352    106.968    -1.4899    -1.4880    -1.4920    32.5752    32.5850  1026.7184    26.2024    297.212    283.172  368.90645     80.566     0.2808     1.3370     1.1990 1.0000e-12      10048          1  0.000e+00
    105.850   71.37254 -157.41352    106.968    -1.4900    -1.4879    -1.4921    32.5750    32.5848  1026.7182    26.2022    297.241    283.174  368.90811     80.573     0.2808     1.3370     1.1990 1.0000e-12      10049          1  0.000e+00
    105.850   71.37254 -157.41352    106.968    -1.4905    -1.4880    -1.4926    32.5755    32.5849  1026.7186    26.2026    297.221    283.411  368.91135     80.567     0.2821     1.3443     1.1990 1.0000e-12      10050          1  0.000e+00
    105.865   71.37254 -157.41352    106.984    -1.4911    -1.4882    -1.4932    32.5759    32.5848  1026.7190    26.2030    297.256    283.218  368.91641     80.575     0.2821     1.3443     1.1990 1.0000e-12      10051          1  0.000e+00
    105.788   71.37254 -157.41352    106.906    -1.4906    -1.4882    -1.4927    32.5756    32.5850  1026.7184    26.2027    297.489    283.452  368.91226     80.640     0.2821     1.3443     1.1990 1.0000e-12      10052          1  0.000e+00
    105.788   71.37254 -157.41352    106.906    -1.4908    -1.4882    -1.4928    32.5758    32.5848  1026.7186    26.2029    297.309    283.259  368.91318     80.590     0.2808     1.3370     1.1990 1.0000e-12      10053          1  0.000e+00
    105.556   71.37256 -157.41348    106.672    -1.4964    -1.4932    -1.4985    32.5802    32.5881  1026.7211    26.2066    297.128    283.794  368.95668     80.532     0.3309     1.6373     1.1962 1.0000e-12      10212          2  0.000e+00
    105.556   71.37256 -157.41348    106.672    -1.4972    -1.4941    -1.4992    32.5809    32.5885  1026.7218    26.2072    297.146    283.801  368.96186     80.536     0.3321     1.6447     1.1962 1.0000e-12      10213          2  0.000e+00
    105.618   71.37256 -157.41348    106.734    -1.4972    -1.4947    -1.4993    32.5807    32.5886  1026.7219    26.2070    296.901    284.040  368.96311     80.469     0.3309     1.6373     1.1962 1.0000e-12      10214          2  0.000e+00
    105.618   71.37256 -157.41348    106.734    -1.4980    -1.4953    -1.5000    32.5811    32.5893  1026.7222    26.2073    297.133    283.844  368.96955     80.530     0.3321     1.6447     1.1962 1.0000e-12      10215          2  0.000e+00
    105.618   71.37256 -157.41348    106.734    -1.4984    -1.4952    -1.5005    32.5812    32.5891  1026.7223    26.2074    297.152    283.842  368.97380     80.535     0.3309     1.6373     1.1962 1.0000e-12      10216          2  0.000e+00
    105.556   71.37256 -157.41348    106.672    -1.4984    -1.4950    -1.5005    32.5809    32.5886  1026.7218    26.2072    297.165    283.838  368.97457     80.538     0.3321     1.6447     1.1962 1.0000e-12      10217          2  0.000e+00
    105.618   71.37256 -157.41348    106.734    -1.4992    -1.4949    -1.5012    32.5814    32.5884  1026.7225    26.2076    297.188    283.838  368.98061     80.543     0.3370     1.6740     1.1962 1.0000e-12      10218          2  0.000e+00
    105.556   71.37256 -157.41348    106.672    -1.4994    -1.4949    -1.5014    32.5816    32.5884  1026.7224    26.2078    297.201    284.066  368.98180     80.546     0.3394     1.6886     1.1962 1.0000e-12      10219          2  0.000e+00
    105.633   71.37256 -157.41348    106.750    -1.4984    -1.4958    -1.5005    32.5810    32.5894  1026.7222    26.2073    297.212    283.873  368.97445     80.551     0.3407     1.6960     1.1949 1.0000e-12      10220          2  0.000e+00
    105.618   71.37256 -157.41348    106.734    -1.4971    -1.4960    -1.4991    32.5794    32.5894  1026.7208    26.2059    297.217    283.872  368.96533     80.554     0.3394     1.6886     1.1962 1.0000e-12      10221          2  0.000e+00
    105.556   71.37256 -157.41348    106.672    -1.4961    -1.4961    -1.4982    32.5786    32.5894  1026.7198    26.2053    297.169    283.867  368.95849     80.543     0.3407     1.6960     1.1962 1.0000e-12      10222          2  0.000e+00
    105.618   71.37256 -157.41348    106.734    -1.4961    -1.4964    -1.4982    32.5784    32.5892  1026.7200    26.2051    297.185    284.102  368.95911     80.547     0.3394     1.6886     1.1962 1.0000e-12      10223          2  0.000e+00
    105.618   71.37256 -157.41348    106.734    -1.4971    -1.4969    -1.4991    32.5798    32.5898  1026.7211    26.2062    297.203    284.133  368.96420     80.551     0.3394     1.6886     1.1962 1.0000e-12      10224          2  0.000e+00
    105.618   71.37256 -157.41348    106.734    -1.4977    -1.4976    -1.4997    32.5801    32.5904  1026.7215    26.2066    296.959    284.131  368.96936     80.483     0.3394     1.6886     1.1962 1.0000e-12      10225          2  0.000e+00
    105.556   71.37256 -157.41348    106.672    -1.4983    -1.4985    -1.5003    32.5811    32.5916  1026.7220    26.2074    297.186    284.160  368.97227     80.544     0.3394     1.6886     1.1962 1.0000e-12      10226          2  0.000e+00
    105.618   71.37256 -157.41346    106.734    -1.4983    -1.4991    -1.5003    32.5806    32.5923  1026.7218    26.2069    296.890    284.155  368.97388     80.464     0.3394     1.6886     1.1976 1.0000e-12      10227          2  0.000e+00
