EcoFOCI/data/1_SampleCollection/2023_SikuliaqDBO_CruiseData/CTD_raw_BottleFile_SKQ23-12S/proc/skq202312s_075.ros
* Sea-Bird SBE 9 Data File:
* FileName = D:\CTD\SKQ202312S\SKQ202312S_075.hex
* Software Version Seasave V 7.26.7.121
* Temperature SN = 6177
* Conductivity SN = 0369
* Number of Bytes Per Scan = 41
* Number of Voltage Words = 4
* Number of Scans Averaged by the Deck Unit = 1
* NMEA Latitude = 68 14.82 N
* NMEA Longitude = 167 07.33 W
* NMEA UTC (Time) = Oct 02 2023  05:40:29
* NMEA baud rate = 4800
** Ship: R/V Sikuliaq
** Station Number: 075
** Station Name: DBO3.3
** Bottom Depth: 43
** Operator: SD
# nquan = 22
# nvalues = 833                                   
# units = specified
# name 0 = depSM: Depth [salt water, m]
# name 1 = latitude: Latitude [deg]
# name 2 = longitude: Longitude [deg]
# name 3 = prDM: Pressure, Digiquartz [db]
# name 4 = t090C: Temperature [ITS-90, deg C]
# name 5 = t190C: Temperature, 2 [ITS-90, deg C]
# name 6 = potemp090C: Potential Temperature [ITS-90, deg C]
# name 7 = sal00: Salinity, Practical [PSU]
# name 8 = sal11: Salinity, Practical, 2 [PSU]
# name 9 = density00: Density [density, kg/m^3]
# name 10 = sigma-é00: Density [sigma-theta, kg/m^3]
# name 11 = sbox0Mm/Kg: Oxygen, SBE 43 [umol/kg]
# name 12 = sbox1Mm/Kg: Oxygen, SBE 43, 2 [umol/kg]
# name 13 = oxsolMm/Kg: Oxygen Saturation, Garcia & Gordon [umol/kg]
# name 14 = sbeox0PS: Oxygen, SBE 43 [% saturation]
# name 15 = v0: Voltage 0
# name 16 = flECO-AFL: Fluorescence, WET Labs ECO-AFL/FL [mg/m^3]
# name 17 = CStarAt0: Beam Attenuation, WET Labs C-Star [1/m]
# name 18 = par: PAR/Irradiance, Biospherical/Licor
# name 19 = scan: Scan Count
# name 20 = nbf: Bottles Fired
# name 21 = flag:  0.000e+00
# interval = seconds: 0.0416667
# start_time = Oct 02 2023 05:44:07 [NMEA time, first data scan]
# bad_flag = -9.990e-29
*END*
     37.820   68.24656 -167.12260     38.207     4.4610     4.4605     4.4584    31.8975    31.9080  1025.4514    25.2734    267.214    253.416  318.67198     83.852     0.0745     0.0989     1.5712 1.0000e-12       5386          1  0.000e+00
     37.828   68.24656 -167.12260     38.214     4.4613     4.4603     4.4587    31.8974    31.9085  1025.4513    25.2732    267.261    253.396  318.66985     83.868     0.0733     0.0916     1.5712 1.0000e-12       5387          1  0.000e+00
     37.828   68.24656 -167.12260     38.214     4.4614     4.4600     4.4589    31.8972    31.9084  1025.4512    25.2731    267.101    253.400  318.66910     83.818     0.0745     0.0989     1.5712 1.0000e-12       5388          1  0.000e+00
     37.828   68.24656 -167.12260     38.214     4.4610     4.4600     4.4584    31.8942    31.9084  1025.4488    25.2707    267.129    253.403  318.67990     83.824     0.0745     0.0989     1.5712 1.0000e-12       5389          1  0.000e+00
     37.820   68.24656 -167.12260     38.207     4.4592     4.4595     4.4567    31.8929    31.9087  1025.4479    25.2699    267.131    253.201  318.69631     83.820     0.0745     0.0989     1.5712 1.0000e-12       5390          1  0.000e+00
     37.774   68.24656 -167.12260     38.160     4.4567     4.4597     4.4541    31.8964    31.9081  1025.4508    25.2729    267.127    253.348  318.70748     83.816     0.0745     0.0989     1.5697 8.4714e-06       5391          1  0.000e+00
     37.828   68.24656 -167.12260     38.214     4.4564     4.4592     4.4538    31.8994    31.9084  1025.4534    25.2753    267.113    253.336  318.70280     83.812     0.0745     0.0989     1.5712 8.4714e-06       5392          1  0.000e+00
     37.820   68.24656 -167.12260     38.207     4.4572     4.4593     4.4546    31.8997    31.9084  1025.4535    25.2755    267.300    253.131  318.69561     83.873     0.0757     0.1062     1.5712 8.4714e-06       5393          1  0.000e+00
     37.774   68.24656 -167.12260     38.160     4.4581     4.4589     4.4556    31.8990    31.9088  1025.4526    25.2748    267.102    253.282  318.69014     83.813     0.0733     0.0916     1.5712 1.0000e-12       5394          1  0.000e+00
     37.828   68.24656 -167.12260     38.214     4.4585     4.4583     4.4559    31.8990    31.9085  1025.4529    25.2748    267.087    253.085  318.68759     83.809     0.0745     0.0989     1.5712 1.0000e-12       5395          1  0.000e+00
     37.774   68.24656 -167.12260     38.160     4.4589     4.4573     4.4564    31.8989    31.9094  1025.4525    25.2747    267.068    253.239  318.68416     83.803     0.0745     0.0989     1.5697 8.4714e-06       5396          1  0.000e+00
     37.820   68.24656 -167.12260     38.206     4.4594     4.4575     4.4568    31.8985    31.9091  1025.4524    25.2744    267.052    253.038  318.68151     83.799     0.0745     0.0989     1.5697 8.4714e-06       5397          1  0.000e+00
     37.774   68.24656 -167.12260     38.160     4.4596     4.4577     4.4570    31.8990    31.9091  1025.4525    25.2747    267.034    253.000  318.67922     83.794     0.0745     0.0989     1.5712 1.0000e-12       5398          1  0.000e+00
     37.774   68.24656 -167.12260     38.160     4.4602     4.4586     4.4576    31.8986    31.9088  1025.4522    25.2743    267.016    252.960  318.67530     83.789     0.0745     0.0989     1.5681 1.0000e-12       5399          1  0.000e+00
     37.766   68.24656 -167.12260     38.152     4.4603     4.4592     4.4578    31.8985    31.9089  1025.4520    25.2742    267.000    253.131  318.67435     83.785     0.0733     0.0916     1.5681 1.0000e-12       5400          1  0.000e+00
     37.774   68.24656 -167.12260     38.160     4.4610     4.4594     4.4584    31.8987    31.9091  1025.4522    25.2743    266.981    252.952  318.66905     83.780     0.0745     0.0989     1.5681 1.0000e-12       5401          1  0.000e+00
     37.774   68.24656 -167.12260     38.160     4.4614     4.4595     4.4589    31.9013    31.9088  1025.4541    25.2763    266.958    252.942  318.65936     83.775     0.0757     0.1062     1.5681 1.0000e-12       5402          1  0.000e+00
     37.828   68.24656 -167.12260     38.214     4.4635     4.4596     4.4609    31.9027    31.9089  1025.4553    25.2772    266.927    252.748  318.63994     83.771     0.0745     0.0989     1.5681 8.4714e-06       5403          1  0.000e+00
     37.766   68.24656 -167.12260     38.152     4.4656     4.4595     4.4630    31.9026    31.9085  1025.4548    25.2770    266.896    252.722  318.62438     83.765     0.0757     0.1062     1.5681 8.4714e-06       5404          1  0.000e+00
     37.774   68.24656 -167.12260     38.160     4.4680     4.4590     4.4654    31.9016    31.9086  1025.4538    25.2759    266.658    252.702  318.60834     83.695     0.0745     0.0989     1.5681 8.4714e-06       5405          1  0.000e+00
     37.774   68.24656 -167.12260     38.160     4.4700     4.4584     4.4674    31.9001    31.9089  1025.4523    25.2745    266.602    252.685  318.59648     83.680     0.0745     0.0989     1.5681 1.0000e-12       5406          1  0.000e+00
     37.766   68.24656 -167.12260     38.152     4.4717     4.4578     4.4692    31.8988    31.9092  1025.4511    25.2733    266.548    252.670  318.58621     83.666     0.0733     0.0916     1.5681 1.0000e-12       5407          1  0.000e+00
     37.774   68.24656 -167.12260     38.160     4.4732     4.4570     4.4706    31.8976    31.9091  1025.4500    25.2722    266.498    252.661  318.57800     83.653     0.0745     0.0989     1.5681 8.4714e-06       5408          1  0.000e+00
     37.774   68.24656 -167.12260     38.160     4.4745     4.4565     4.4719    31.8971    31.9094  1025.4495    25.2717    266.449    252.464  318.56942     83.639     0.0733     0.0916     1.5681 1.0000e-12       5409          1  0.000e+00
     37.828   68.24656 -167.12260     38.214     4.4756     4.4562     4.4730    31.8962    31.9094  1025.4489    25.2708    266.198    252.625  318.56333     83.562     0.0745     0.0989     1.5681 1.0000e-12       5410          1  0.000e+00
     37.766   68.24656 -167.12260     38.152     4.4765     4.4562     4.4739    31.8950    31.9094  1025.4476    25.2698    266.364    252.616  318.55886     83.615     0.0745     0.0989     1.5681 1.0000e-12       5411          1  0.000e+00
     37.774   68.24656 -167.12260     38.160     4.4770     4.4564     4.4744    31.8942    31.9095  1025.4469    25.2691    266.361    252.424  318.55709     83.615     0.0745     0.0989     1.5681 1.0000e-12       5412          1  0.000e+00
     37.774   68.24656 -167.12260     38.160     4.4768     4.4564     4.4742    31.8939    31.9092  1025.4467    25.2689    266.364    252.402  318.55905     83.615     0.0733     0.0916     1.5681 1.0000e-12       5413          1  0.000e+00
     37.820   68.24656 -167.12260     38.206     4.4773     4.4562     4.4748    31.8941    31.9093  1025.4470    25.2690    266.540    252.366  318.55463     83.672     0.0745     0.0989     1.5681 8.4714e-06       5414          1  0.000e+00
     37.774   68.24656 -167.12260     38.160     4.4777     4.4562     4.4751    31.8938    31.9094  1025.4466    25.2688    266.507    252.536  318.55280     83.662     0.0745     0.0989     1.5681 8.4714e-06       5415          1  0.000e+00
     37.774   68.24656 -167.12260     38.160     4.4780     4.4562     4.4754    31.8922    31.9096  1025.4453    25.2674    266.268    252.543  318.55428     83.586     0.0745     0.0989     1.5681 8.4714e-06       5416          1  0.000e+00
     37.828   68.24656 -167.12260     38.214     4.4777     4.4561     4.4751    31.8898    31.9098  1025.4436    25.2655    266.214    252.369  318.56253     83.567     0.0745     0.0989     1.5681 1.0000e-12       5417          1  0.000e+00
     37.820   68.24656 -167.12260     38.206     4.4763     4.4558     4.4738    31.8888    31.9097  1025.4429    25.2649    266.228    252.364  318.57492     83.568     0.0733     0.0916     1.5681 1.0000e-12       5418          1  0.000e+00
     37.774   68.24656 -167.12260     38.159     4.4751     4.4562     4.4725    31.8887    31.9096  1025.4428    25.2650    266.208    252.356  318.58465     83.559     0.0745     0.0989     1.5620 8.4714e-06       5419          1  0.000e+00
     37.774   68.24656 -167.12260     38.159     4.4734     4.4597     4.4708    31.8893    31.9080  1025.4434    25.2656    265.985    252.314  318.59659     83.486     0.0745     0.0989     1.5543 1.0000e-12       5420          1  0.000e+00
     37.882   68.24656 -167.12260     38.269     4.4716     4.4652     4.4690    31.8892    31.9069  1025.4440    25.2657    266.154    252.264  318.61043     83.536     0.0745     0.0989     1.5513 1.0000e-12       5421          1  0.000e+00
     37.774   68.24656 -167.12260     38.159     4.4695     4.4699     4.4670    31.8900    31.9063  1025.4444    25.2666    266.174    252.214  318.62402     83.539     0.0745     0.0989     1.5528 1.0000e-12       5422          1  0.000e+00
     37.828   68.24656 -167.12260     38.214     4.4675     4.4722     4.4649    31.8912    31.9063  1025.4457    25.2677    266.201    252.208  318.63696     83.544     0.0745     0.0989     1.5528 1.0000e-12       5423          1  0.000e+00
     37.828   68.24656 -167.12260     38.214     4.4660     4.4728     4.4635    31.8926    31.9063  1025.4471    25.2690    266.225    252.194  318.64472     83.549     0.0745     0.0989     1.5528 1.0000e-12       5424          1  0.000e+00
     37.882   68.24656 -167.12260     38.269     4.4649     4.4724     4.4624    31.8937    31.9066  1025.4483    25.2700    266.459    252.003  318.65048     83.621     0.0757     0.1062     1.5528 1.0000e-12       5425          1  0.000e+00
     37.828   68.24656 -167.12260     38.214     4.4638     4.4729     4.4613    31.8950    31.9053  1025.4491    25.2711    266.273    252.162  318.65593     83.561     0.0757     0.1062     1.5528 8.4714e-06       5426          1  0.000e+00
     37.828   68.24656 -167.12260     38.214     4.4627     4.4719     4.4602    31.8955    31.9052  1025.4497    25.2716    266.268    251.981  318.66312     83.558     0.0769     0.1135     1.5528 8.4714e-06       5427          1  0.000e+00
     37.882   68.24656 -167.12260     38.269     4.4621     4.4694     4.4595    31.8961    31.9058  1025.4505    25.2722    266.296    251.979  318.66682     83.566     0.0757     0.1062     1.5528 8.4714e-06       5428          1  0.000e+00
     37.889   68.24656 -167.12260     38.276     4.4618     4.4677     4.4592    31.8965    31.9059  1025.4509    25.2725    266.290    251.997  318.66833     83.563     0.0769     0.1135     1.5528 8.4714e-06       5429          1  0.000e+00
     37.828   68.24656 -167.12260     38.214     4.4614     4.4660     4.4589    31.8968    31.9066  1025.4509    25.2728    266.315    251.994  318.66994     83.571     0.0781     0.1209     1.5513 1.0000e-12       5430          1  0.000e+00
     37.889   68.24656 -167.12260     38.276     4.4611     4.4641     4.4585    31.8965    31.9070  1025.4509    25.2725    266.350    252.187  318.67318     83.581     0.0769     0.1135     1.5528 1.0000e-12       5431          1  0.000e+00
     37.936   68.24656 -167.12260     38.323     4.4610     4.4635     4.4584    31.8951    31.9072  1025.4501    25.2715    266.354    252.208  318.67761     83.581     0.0769     0.1135     1.5528 1.0000e-12       5432          1  0.000e+00
     37.889   68.24656 -167.12260     38.276     4.4597     4.4629     4.4571    31.8954    31.9075  1025.4502    25.2718    266.361    252.228  318.68708     83.581     0.0769     0.1135     1.5528 1.0000e-12       5433          1  0.000e+00
     37.889   68.24656 -167.12260     38.276     4.4588     4.4620     4.4562    31.8954    31.9078  1025.4503    25.2719    266.369    252.066  318.69389     83.581     0.0769     0.1135     1.5528 1.0000e-12       5434          1  0.000e+00
     38.057   68.24654 -167.12262     38.446     4.4391     4.4435     4.4365    31.9017    31.9123  1025.4581    25.2790    266.505    254.380  318.82961     83.589     0.0745     0.0989     1.5727 1.0000e-12       5658          2  0.000e+00
     38.173   68.24654 -167.12262     38.562     4.4393     4.4450     4.4367    31.9020    31.9112  1025.4589    25.2791    266.278    254.329  318.82779     83.518     0.0757     0.1062     1.5727 8.4714e-06       5659          2  0.000e+00
     38.057   68.24654 -167.12262     38.446     4.4396     4.4463     4.4370    31.9017    31.9108  1025.4580    25.2789    266.221    254.272  318.82615     83.500     0.0745     0.0989     1.5727 8.4714e-06       5660          2  0.000e+00
     38.165   68.24654 -167.12262     38.555     4.4393     4.4468     4.4367    31.9012    31.9107  1025.4582    25.2785    266.211    254.249  318.82964     83.496     0.0745     0.0989     1.5727 1.0000e-12       5661          2  0.000e+00
     38.118   68.24654 -167.12262     38.508     4.4389     4.4461     4.4364    31.8999    31.9115  1025.4570    25.2775    265.992    254.209  318.83527     83.426     0.0745     0.0989     1.5743 1.0000e-12       5662          2  0.000e+00
     38.118   68.24654 -167.12262     38.508     4.4374     4.4463     4.4348    31.8999    31.9118  1025.4571    25.2776    266.169    254.164  318.84732     83.478     0.0745     0.0989     1.5758 8.4714e-06       5663          2  0.000e+00
     37.995   68.24654 -167.12262     38.383     4.4361     4.4474     4.4335    31.8993    31.9114  1025.4562    25.2773    266.375    254.134  318.85829     83.540     0.0745     0.0989     1.5758 8.4714e-06       5664          2  0.000e+00
     38.172   68.24654 -167.12262     38.562     4.4350     4.4479     4.4324    31.8992    31.9115  1025.4571    25.2773    266.206    254.097  318.86710     83.485     0.0745     0.0989     1.5758 8.4714e-06       5665          2  0.000e+00
     38.057   68.24654 -167.12262     38.445     4.4334     4.4480     4.4308    31.8995    31.9114  1025.4569    25.2778    266.209    254.075  318.87873     83.483     0.0733     0.0916     1.5758 1.0000e-12       5666          2  0.000e+00
     38.118   68.24654 -167.12262     38.508     4.4321     4.4479     4.4295    31.8987    31.9111  1025.4567    25.2772    266.221    254.064  318.89039     83.483     0.0745     0.0989     1.5758 8.4714e-06       5667          2  0.000e+00
     38.103   68.24654 -167.12262     38.492     4.4302     4.4463     4.4276    31.8992    31.9116  1025.4572    25.2778    266.234    254.059  318.90402     83.484     0.0733     0.0916     1.5758 8.4714e-06       5668          2  0.000e+00
     38.057   68.24654 -167.12262     38.445     4.4285     4.4419     4.4259    31.9002    31.9127  1025.4580    25.2788    266.247    254.073  318.91481     83.485     0.0745     0.0989     1.5758 1.0000e-12       5669          2  0.000e+00
     38.057   68.24654 -167.12262     38.445     4.4275     4.4395     4.4250    31.9022    31.9128  1025.4597    25.2805    266.257    254.100  318.91735     83.488     0.0733     0.0916     1.5758 1.0000e-12       5670          2  0.000e+00
     38.057   68.24654 -167.12262     38.445     4.4271     4.4385     4.4245    31.9030    31.9139  1025.4604    25.2812    266.476    254.098  318.91885     83.556     0.0745     0.0989     1.5758 1.0000e-12       5671          2  0.000e+00
     38.049   68.24654 -167.12262     38.438     4.4268     4.4402     4.4242    31.9034    31.9135  1025.4607    25.2815    266.344    254.102  318.92052     83.514     0.0733     0.0916     1.5758 8.4714e-06       5672          2  0.000e+00
     38.057   68.24654 -167.12262     38.445     4.4260     4.4406     4.4234    31.9041    31.9138  1025.4614    25.2822    266.396    253.908  318.92475     83.529     0.0745     0.0989     1.5758 8.4714e-06       5673          2  0.000e+00
