EcoFOCI/data/1_SampleCollection/2023_SikuliaqDBO_CruiseData/CTD_raw_BottleFile_SKQ23-12S/proc/skq202312s_067svp.cnv
* Sea-Bird SBE 9 Data File:
* FileName = D:\CTD\SKQ202312S\SKQ202312S_067.hex
* Software Version Seasave V 7.26.7.121
* Temperature SN = 6177
* Conductivity SN = 0369
* Number of Bytes Per Scan = 41
* Number of Voltage Words = 4
* Number of Scans Averaged by the Deck Unit = 1
* NMEA Latitude = 72 18.60 N
* NMEA Longitude = 167 16.17 W
* NMEA UTC (Time) = Sep 28 2023  14:28:44
* NMEA baud rate = 4800
** Ship: R/V Sikuliaq
** Station Number: 067
** Station Name: C15
** Bottom Depth: 49
** Operator: SD
# nquan = 7
# nvalues = 4750                                  
# units = specified
# name 0 = depSM: Depth [salt water, m]
# name 1 = latitude: Latitude [deg]
# name 2 = longitude: Longitude [deg]
# name 3 = t090C: Temperature [ITS-90, deg C]
# name 4 = sal00: Salinity, Practical [PSU]
# name 5 = svCM: Sound Velocity [Chen-Millero, m/s]
# name 6 = flag:  0.000e+00
# span 0 =      2.138,     43.455                 
# span 1 =   72.30998,   72.31000                 
# span 2 = -167.26968, -167.26960                 
# span 3 =     0.6998,     4.8995                 
# span 4 =    30.7280,    32.5134                 
# span 5 =    1449.55,    1467.16                 
# span 6 = 0.0000e+00, 0.0000e+00                 
# interval = seconds: 0.0416667
# start_time = Sep 28 2023 14:32:23 [NMEA time, first data scan]
# bad_flag = -9.990e-29
*END*
[from data line 3693]
     37.730   72.30998 -167.26964     0.9644    32.3771    1450.65  0.000e+00
     37.722   72.30998 -167.26964     0.9622    32.3774    1450.64  0.000e+00
     37.676   72.30998 -167.26964     0.9600    32.3776    1450.63  0.000e+00
     37.730   72.30998 -167.26964     0.9576    32.3776    1450.62  0.000e+00
     37.606   72.30998 -167.26964     0.9550    32.3783    1450.61  0.000e+00
     37.730   72.30998 -167.26964     0.9533    32.3791    1450.61  0.000e+00
     37.676   72.30998 -167.26964     0.9516    32.3811    1450.60  0.000e+00
     37.676   72.30998 -167.26964     0.9505    32.3831    1450.60  0.000e+00
     37.660   72.30998 -167.26964     0.9497    32.3835    1450.59  0.000e+00
     37.614   72.30998 -167.26964     0.9493    32.3841    1450.59  0.000e+00
     37.676   72.30998 -167.26964     0.9488    32.3854    1450.59  0.000e+00
     37.606   72.30998 -167.26964     0.9485    32.3860    1450.59  0.000e+00
     37.676   72.30998 -167.26964     0.9478    32.3862    1450.59  0.000e+00
     37.614   72.30998 -167.26964     0.9472    32.3863    1450.59  0.000e+00
     37.606   72.30998 -167.26964     0.9468    32.3862    1450.58  0.000e+00
     37.614   72.30998 -167.26964     0.9463    32.3866    1450.58  0.000e+00
     37.614   72.30998 -167.26964     0.9462    32.3862    1450.58  0.000e+00
     37.606   72.30998 -167.26964     0.9462    32.3863    1450.58  0.000e+00
     37.614   72.30998 -167.26964     0.9461    32.3862    1450.58  0.000e+00
     37.560   72.30998 -167.26964     0.9460    32.3864    1450.58  0.000e+00
     37.606   72.30998 -167.26964     0.9460    32.3865    1450.58  0.000e+00
     37.614   72.30998 -167.26964     0.9460    32.3866    1450.58  0.000e+00
     37.560   72.30998 -167.26964     0.9457    32.3865    1450.58  0.000e+00
     37.606   72.30998 -167.26964     0.9457    32.3863    1450.58  0.000e+00
     37.614   72.30998 -167.26964     0.9451    32.3876    1450.58  0.000e+00
     37.560   72.30998 -167.26964     0.9449    32.3882    1450.58  0.000e+00
     37.606   72.30998 -167.26964     0.9446    32.3889    1450.58  0.000e+00
     37.560   72.30998 -167.26964     0.9445    32.3892    1450.58  0.000e+00
     37.614   72.30998 -167.26964     0.9447    32.3894    1450.58  0.000e+00
     37.606   72.30998 -167.26964     0.9446    32.3904    1450.58  0.000e+00
     37.614   72.30998 -167.26964     0.9447    32.3917    1450.58  0.000e+00
     37.560   72.30998 -167.26964     0.9457    32.3910    1450.58  0.000e+00
     37.606   72.30998 -167.26964     0.9463    32.3898    1450.59  0.000e+00
     37.613   72.30998 -167.26964     0.9471    32.3884    1450.59  0.000e+00
     37.613   72.30998 -167.26964     0.9478    32.3884    1450.59  0.000e+00
     37.559   72.30998 -167.26964     0.9485    32.3881    1450.59  0.000e+00
     37.606   72.30998 -167.26964     0.9489    32.3886    1450.60  0.000e+00
     37.675   72.30998 -167.26964     0.9496    32.3891    1450.60  0.000e+00
     37.613   72.30998 -167.26964     0.9498    32.3889    1450.60  0.000e+00
     37.606   72.30998 -167.26964     0.9503    32.3888    1450.60  0.000e+00
     37.613   72.30998 -167.26964     0.9508    32.3886    1450.61  0.000e+00
     37.675   72.30998 -167.26964     0.9515    32.3879    1450.61  0.000e+00
     37.606   72.30998 -167.26964     0.9518    32.3879    1450.61  0.000e+00
     37.675   72.30998 -167.26964     0.9522    32.3878    1450.61  0.000e+00
     37.675   72.30998 -167.26964     0.9525    32.3879    1450.61  0.000e+00
     37.660   72.30998 -167.26964     0.9528    32.3880    1450.61  0.000e+00
     37.675   72.30998 -167.26964     0.9534    32.3885    1450.62  0.000e+00
     37.675   72.30998 -167.26964     0.9539    32.3892    1450.62  0.000e+00
     37.659   72.30998 -167.26964     0.9543    32.3897    1450.62  0.000e+00
     37.729   72.30998 -167.26964     0.9547    32.3927    1450.63  0.000e+00
     37.675   72.30998 -167.26964     0.9566    32.3989    1450.65  0.000e+00
     37.721   72.30998 -167.26964     0.9608    32.4038    1450.67  0.000e+00
     37.729   72.30998 -167.26964     0.9667    32.4018    1450.70  0.000e+00
     37.729   72.30998 -167.26964     0.9721    32.3979    1450.72  0.000e+00
     37.721   72.30998 -167.26964     0.9778    32.3913    1450.73  0.000e+00
     37.790   72.30998 -167.26964     0.9812    32.3854    1450.74  0.000e+00
     37.729   72.30998 -167.26964     0.9821    32.3800    1450.74  0.000e+00
     37.837   72.30998 -167.26964     0.9815    32.3773    1450.73  0.000e+00
     37.729   72.30998 -167.26964     0.9796    32.3789    1450.72  0.000e+00
     37.790   72.30998 -167.26964     0.9781    32.3814    1450.72  0.000e+00
     37.790   72.30998 -167.26964     0.9773    32.3831    1450.72  0.000e+00
     37.837   72.30998 -167.26964     0.9767    32.3839    1450.72  0.000e+00
     37.790   72.30998 -167.26964     0.9765    32.3831    1450.72  0.000e+00
     37.844   72.30998 -167.26964     0.9759    32.3837    1450.72  0.000e+00
     37.775   72.30998 -167.26964     0.9754    32.3842    1450.71  0.000e+00
     37.844   72.30998 -167.26964     0.9752    32.3839    1450.71  0.000e+00
     37.898   72.30998 -167.26964     0.9749    32.3844    1450.71  0.000e+00
     37.837   72.30998 -167.26964     0.9744    32.3848    1450.71  0.000e+00
     37.898   72.30998 -167.26964     0.9743    32.3834    1450.71  0.000e+00
     37.844   72.30998 -167.26964     0.9736    32.3824    1450.70  0.000e+00
     37.890   72.30998 -167.26964     0.9728    32.3809    1450.70  0.000e+00
     37.898   72.30998 -167.26964     0.9716    32.3788    1450.69  0.000e+00
     37.898   72.30998 -167.26964     0.9696    32.3771    1450.68  0.000e+00
     37.890   72.30998 -167.26964     0.9673    32.3772    1450.67  0.000e+00
     37.898   72.30998 -167.26964     0.9645    32.3784    1450.66  0.000e+00
     37.898   72.30998 -167.26964     0.9623    32.3787    1450.65  0.000e+00
     37.944   72.30998 -167.26964     0.9602    32.3790    1450.64  0.000e+00
     37.960   72.30998 -167.26964     0.9580    32.3795    1450.63  0.000e+00
     37.960   72.30998 -167.26964     0.9560    32.3802    1450.62  0.000e+00
     37.898   72.30998 -167.26964     0.9544    32.3812    1450.62  0.000e+00
     38.006   72.30998 -167.26964     0.9525    32.3819    1450.61  0.000e+00
     37.960   72.30998 -167.26964     0.9497    32.3839    1450.60  0.000e+00
     37.960   72.30998 -167.26964     0.9476    32.3861    1450.59  0.000e+00
     37.944   72.30998 -167.26964     0.9472    32.3871    1450.59  0.000e+00
     37.960   72.30998 -167.26964     0.9474    32.3882    1450.59  0.000e+00
     37.960   72.30998 -167.26964     0.9480    32.3889    1450.60  0.000e+00
     38.006   72.30998 -167.26964     0.9498    32.3879    1450.61  0.000e+00
     37.960   72.30998 -167.26964     0.9507    32.3883    1450.61  0.000e+00
     38.014   72.30998 -167.26964     0.9519    32.3891    1450.62  0.000e+00
     38.006   72.30998 -167.26964     0.9528    32.3897    1450.62  0.000e+00
     37.960   72.30998 -167.26964     0.9530    32.3908    1450.62  0.000e+00
     38.014   72.30998 -167.26964     0.9543    32.3910    1450.63  0.000e+00
     37.944   72.30998 -167.26964     0.9553    32.3913    1450.63  0.000e+00
     38.013   72.30998 -167.26964     0.9568    32.3906    1450.64  0.000e+00
     37.959   72.30998 -167.26964     0.9581    32.3897    1450.65  0.000e+00
     38.013   72.30998 -167.26964     0.9590    32.3897    1450.65  0.000e+00
     38.006   72.30998 -167.26964     0.9597    32.3895    1450.65  0.000e+00
     37.959   72.30998 -167.26964     0.9600    32.3890    1450.65  0.000e+00
     37.959   72.30998 -167.26964     0.9603    32.3897    1450.66  0.000e+00
     38.006   72.30998 -167.26964     0.9611    32.3896    1450.66  0.000e+00
     37.959   72.30998 -167.26964     0.9621    32.3892    1450.66  0.000e+00
     38.013   72.30998 -167.26964     0.9631    32.3885    1450.67  0.000e+00
     37.944   72.30998 -167.26964     0.9638    32.3877    1450.67  0.000e+00
     37.959   72.30998 -167.26964     0.9645    32.3866    1450.67  0.000e+00
     37.959   72.30998 -167.26964     0.9650    32.3867    1450.67  0.000e+00
     38.006   72.30998 -167.26964     0.9652    32.3863    1450.67  0.000e+00
     37.959   72.30998 -167.26964     0.9654    32.3850    1450.67  0.000e+00
     37.897   72.30998 -167.26964     0.9656    32.3843    1450.67  0.000e+00
     37.944   72.30998 -167.26964     0.9654    32.3838    1450.67  0.000e+00
     37.959   72.30998 -167.26964     0.9650    32.3834    1450.67  0.000e+00
     37.959   72.30998 -167.26964     0.9645    32.3835    1450.67  0.000e+00
     37.890   72.30998 -167.26964     0.9639    32.3837    1450.66  0.000e+00
     37.959   72.30998 -167.26964     0.9631    32.3834    1450.66  0.000e+00
     37.897   72.30998 -167.26964     0.9627    32.3828    1450.66  0.000e+00
     37.897   72.30998 -167.26964     0.9620    32.3830    1450.65  0.000e+00
     37.944   72.30998 -167.26964     0.9617    32.3827    1450.65  0.000e+00
     37.843   72.30998 -167.26964     0.9610    32.3830    1450.65  0.000e+00
     37.897   72.30998 -167.26964     0.9603    32.3842    1450.65  0.000e+00
     37.890   72.30998 -167.26964     0.9602    32.3845    1450.65  0.000e+00
     37.897   72.30998 -167.26964     0.9600    32.3857    1450.65  0.000e+00
     37.843   72.30998 -167.26964     0.9602    32.3875    1450.65  0.000e+00
     37.890   72.30998 -167.26964     0.9612    32.3871    1450.65  0.000e+00
     37.843   72.30998 -167.26964     0.9617    32.3877    1450.66  0.000e+00
     37.843   72.30998 -167.26964     0.9627    32.3882    1450.66  0.000e+00
     37.835   72.30998 -167.26964     0.9637    32.3872    1450.67  0.000e+00
     37.843   72.30998 -167.26964     0.9642    32.3860    1450.67  0.000e+00
     37.789   72.30998 -167.26964     0.9639    32.3842    1450.66  0.000e+00
     37.835   72.30998 -167.26964     0.9631    32.3850    1450.66  0.000e+00
     37.843   72.30998 -167.26964     0.9625    32.3852    1450.66  0.000e+00
     37.789   72.30998 -167.26964     0.9619    32.3826    1450.65  0.000e+00
     37.835   72.30998 -167.26964     0.9603    32.3818    1450.64  0.000e+00
     37.789   72.30998 -167.26964     0.9594    32.3811    1450.64  0.000e+00
     37.789   72.30998 -167.26964     0.9591    32.3807    1450.63  0.000e+00
     37.789   72.30998 -167.26964     0.9583    32.3807    1450.63  0.000e+00
     37.774   72.30998 -167.26964     0.9571    32.3816    1450.63  0.000e+00
     37.727   72.30998 -167.26964     0.9563    32.3819    1450.62  0.000e+00
     37.789   72.30998 -167.26964     0.9554    32.3833    1450.62  0.000e+00
     37.774   72.30998 -167.26964     0.9550    32.3857    1450.62  0.000e+00
     37.727   72.30998 -167.26964     0.9556    32.3863    1450.63  0.000e+00
     37.789   72.30998 -167.26964     0.9560    32.3843    1450.63  0.000e+00
     37.774   72.30998 -167.26964     0.9552    32.3831    1450.62  0.000e+00
     37.673   72.30998 -167.26964     0.9537    32.3829    1450.61  0.000e+00
     37.789   72.30998 -167.26964     0.9520    32.3833    1450.61  0.000e+00
     37.720   72.30998 -167.26964     0.9505    32.3837    1450.60  0.000e+00
     37.727   72.30998 -167.26964     0.9496    32.3849    1450.60  0.000e+00
     37.727   72.30998 -167.26964     0.9491    32.3857    1450.60  0.000e+00
     37.719   72.30998 -167.26964     0.9489    32.3856    1450.59  0.000e+00
     37.727   72.30998 -167.26964     0.9491    32.3848    1450.59  0.000e+00
     37.727   72.30998 -167.26964     0.9489    32.3842    1450.59  0.000e+00
     37.719   72.30998 -167.26964     0.9486    32.3839    1450.59  0.000e+00
     37.727   72.30998 -167.26964     0.9482    32.3842    1450.59  0.000e+00
     37.727   72.30998 -167.26964     0.9477    32.3848    1450.59  0.000e+00
     37.719   72.30998 -167.26964     0.9471    32.3858    1450.59  0.000e+00
     37.727   72.30998 -167.26964     0.9468    32.3863    1450.59  0.000e+00
     37.673   72.30998 -167.26964     0.9465    32.3869    1450.58  0.000e+00
     37.658   72.30998 -167.26964     0.9465    32.3869    1450.58  0.000e+00
     37.789   72.30998 -167.26964     0.9466    32.3864    1450.59  0.000e+00
     37.673   72.30998 -167.26964     0.9471    32.3858    1450.59  0.000e+00
     37.727   72.30998 -167.26964     0.9471    32.3863    1450.59  0.000e+00
     37.719   72.30998 -167.26964     0.9472    32.3863    1450.59  0.000e+00
     37.727   72.30998 -167.26964     0.9471    32.3865    1450.59  0.000e+00
     37.673   72.30998 -167.26964     0.9474    32.3866    1450.59  0.000e+00
     37.719   72.30998 -167.26964     0.9471    32.3871    1450.59  0.000e+00
     37.727   72.30998 -167.26964     0.9472    32.3865    1450.59  0.000e+00
     37.727   72.30998 -167.26964     0.9475    32.3863    1450.59  0.000e+00
     37.657   72.30998 -167.26964     0.9474    32.3863    1450.59  0.000e+00
     37.727   72.30998 -167.26964     0.9471    32.3871    1450.59  0.000e+00
     37.727   72.30998 -167.26964     0.9474    32.3872    1450.59  0.000e+00
     37.719   72.30998 -167.26964     0.9472    32.3881    1450.59  0.000e+00
     37.673   72.30998 -167.26964     0.9477    32.3894    1450.59  0.000e+00
     37.789   72.30998 -167.26964     0.9483    32.3902    1450.60  0.000e+00
     37.719   72.30998 -167.26964     0.9498    32.3893    1450.60  0.000e+00
     37.727   72.30998 -167.26964     0.9508    32.3892    1450.61  0.000e+00
     37.788   72.30998 -167.26964     0.9520    32.3882    1450.61  0.000e+00
     37.719   72.30998 -167.26964     0.9533    32.3870    1450.62  0.000e+00
     37.788   72.30998 -167.26964     0.9539    32.3869    1450.62  0.000e+00
     37.842   72.30998 -167.26964     0.9545    32.3882    1450.62  0.000e+00
     37.773   72.30998 -167.26964     0.9553    32.3884    1450.63  0.000e+00
     37.842   72.30998 -167.26964     0.9560    32.3897    1450.63  0.000e+00
     37.788   72.30998 -167.26964     0.9572    32.3901    1450.64  0.000e+00
     37.896   72.30998 -167.26964     0.9591    32.3900    1450.65  0.000e+00
     37.835   72.30998 -167.26964     0.9608    32.3914    1450.66  0.000e+00
     37.842   72.30998 -167.26964     0.9636    32.3927    1450.67  0.000e+00
     37.896   72.30998 -167.26964     0.9667    32.3930    1450.69  0.000e+00
     37.835   72.30998 -167.26964     0.9695    32.3907    1450.70  0.000e+00
     37.896   72.30998 -167.26964     0.9718    32.3882    1450.70  0.000e+00
     37.896   72.30998 -167.26964     0.9731    32.3875    1450.71  0.000e+00
     37.889   72.30998 -167.26964     0.9742    32.3866    1450.71  0.000e+00
     37.958   72.30998 -167.26964     0.9747    32.3872    1450.72  0.000e+00
     37.896   72.30998 -167.26964     0.9753    32.3880    1450.72  0.000e+00
     37.943   72.30998 -167.26964     0.9759    32.3860    1450.72  0.000e+00
     37.896   72.30998 -167.26964     0.9761    32.3828    1450.72  0.000e+00
     37.958   72.30998 -167.26964     0.9752    32.3794    1450.71  0.000e+00
     37.942   72.30998 -167.26964     0.9743    32.3729    1450.70  0.000e+00
     37.958   72.30998 -167.26964     0.9724    32.3660    1450.68  0.000e+00
     37.958   72.30998 -167.26964     0.9679    32.3639    1450.66  0.000e+00
     38.004   72.30998 -167.26964     0.9623    32.3652    1450.63  0.000e+00
     38.012   72.30998 -167.26964     0.9563    32.3688    1450.61  0.000e+00
     37.958   72.30998 -167.26964     0.9508    32.3713    1450.59  0.000e+00
     38.012   72.30998 -167.26964     0.9466    32.3751    1450.57  0.000e+00
     38.004   72.30998 -167.26964     0.9437    32.3771    1450.56  0.000e+00
     38.074   72.30998 -167.26964     0.9409    32.3783    1450.55  0.000e+00
     38.073   72.30998 -167.26964     0.9387    32.3793    1450.55  0.000e+00
     38.004   72.30998 -167.26964     0.9367    32.3809    1450.54  0.000e+00
