EcoFOCI/data/1_SampleCollection/2023_SikuliaqDBO_CruiseData/CTD_raw_BottleFile_SKQ23-12S/proc/skq202312s_004svpavg.cnv
* Sea-Bird SBE 9 Data File:
* FileName = D:\CTD\SKQ202312S\SKQ202312S_004.hex
* Software Version Seasave V 7.26.7.121
* Temperature SN = 6177
* Conductivity SN = 0369
* Number of Bytes Per Scan = 41
* Number of Voltage Words = 4
* Number of Scans Averaged by the Deck Unit = 1
* NMEA Latitude = 62 13.13 N
* NMEA Longitude = 174 52.60 W
* NMEA UTC (Time) = Sep 15 2023  19:57:17
* NMEA baud rate = 4800
** Ship: R/V Sikuliaq
** Station Number: 004
** Station Name: DBO1.3
** Bottom Depth: 75
** Operator: SS
** Dry cast
# nquan = 7
# nvalues = 69                          
# units = specified
# name 0 = depSM: Depth [salt water, m]
# name 1 = latitude: Latitude [deg]
# name 2 = longitude: Longitude [deg]
# name 3 = t090C: Temperature [ITS-90, deg C]
# name 4 = sal00: Salinity, Practical [PSU]
# name 5 = svCM: Sound Velocity [Chen-Millero, m/s]
# name 6 = flag: flag
# span 0 =      2.000,     70.000       
# span 1 =   62.21878,   62.21880       
# span 2 = -174.87668, -174.87664       
# span 3 =    -1.5482,     7.7765       
# span 4 =    30.8164,    31.9056       
# span 5 =    1438.45,    1476.81       
# span 6 = 0.0000e+00, 0.0000e+00       
# interval = meters: 1                  
# start_time = Sep 15 2023 20:01:28 [NMEA time, first data scan]
# bad_flag = -9.990e-29
*END*
      2.000   62.21880 -174.87666     7.7164    30.8239    1476.25 0.0000e+00
      3.000   62.21880 -174.87666     7.7147    30.8232    1476.26 0.0000e+00
      4.000   62.21880 -174.87666     7.7147    30.8230    1476.27 0.0000e+00
      5.000   62.21880 -174.87666     7.7116    30.8213    1476.28 0.0000e+00
      6.000   62.21880 -174.87666     7.7027    30.8167    1476.25 0.0000e+00
      7.000   62.21880 -174.87666     7.7053    30.8164    1476.28 0.0000e+00
      8.000   62.21880 -174.87666     7.7059    30.8171    1476.30 0.0000e+00
      9.000   62.21880 -174.87666     7.7155    30.8248    1476.36 0.0000e+00
     10.000   62.21880 -174.87666     7.7406    30.8403    1476.49 0.0000e+00
     11.000   62.21880 -174.87666     7.7632    30.8617    1476.62 0.0000e+00
     12.000   62.21880 -174.87666     7.7553    30.8556    1476.60 0.0000e+00
     13.000   62.21880 -174.87666     7.7667    30.8679    1476.68 0.0000e+00
     14.000   62.21880 -174.87666     7.7647    30.8665    1476.69 0.0000e+00
     15.000   62.21880 -174.87666     7.7742    30.8824    1476.76 0.0000e+00
     16.000   62.21880 -174.87666     7.7765    30.8889    1476.79 0.0000e+00
     17.000   62.21880 -174.87666     7.7755    30.8952    1476.81 0.0000e+00
     18.000   62.21880 -174.87666     7.7657    30.9111    1476.81 0.0000e+00
     19.000   62.21880 -174.87666     7.7469    30.9255    1476.77 0.0000e+00
     20.000   62.21880 -174.87666     7.6550    30.9433    1476.46 0.0000e+00
     21.000   62.21880 -174.87666     7.5936    30.9843    1476.29 0.0000e+00
     22.000   62.21879 -174.87666     5.2672    31.1143    1467.16 0.0000e+00
     23.000   62.21878 -174.87666     2.6176    31.3943    1456.41 0.0000e+00
     24.000   62.21880 -174.87666     0.5340    31.6490    1447.51 0.0000e+00
     25.000   62.21880 -174.87666     0.4428    31.6311    1447.08 0.0000e+00
     26.000   62.21879 -174.87666     0.6808    31.5753    1448.11 0.0000e+00
     27.000   62.21878 -174.87666    -0.0468    31.6164    1444.84 0.0000e+00
     28.000   62.21878 -174.87666    -0.1524    31.6228    1444.37 0.0000e+00
     29.000   62.21878 -174.87666    -0.2641    31.6212    1443.87 0.0000e+00
     30.000   62.21878 -174.87666    -0.4998    31.6290    1442.79 0.0000e+00
     31.000   62.21878 -174.87666    -0.6481    31.6271    1442.11 0.0000e+00
     32.000   62.21878 -174.87666    -0.8521    31.6392    1441.18 0.0000e+00
     33.000   62.21878 -174.87666    -1.0659    31.6597    1440.21 0.0000e+00
     34.000   62.21878 -174.87666    -1.2393    31.6771    1439.42 0.0000e+00
     35.000   62.21878 -174.87666    -1.2622    31.6760    1439.33 0.0000e+00
     36.000   62.21878 -174.87666    -1.3553    31.6950    1438.93 0.0000e+00
     37.000   62.21878 -174.87666    -1.3839    31.7219    1438.84 0.0000e+00
     38.000   62.21878 -174.87666    -1.3945    31.7425    1438.83 0.0000e+00
     39.000   62.21878 -174.87666    -1.4058    31.7529    1438.81 0.0000e+00
     40.000   62.21878 -174.87666    -1.4078    31.7561    1438.82 0.0000e+00
     41.000   62.21878 -174.87666    -1.4157    31.7645    1438.81 0.0000e+00
     42.000   62.21878 -174.87667    -1.4295    31.7912    1438.80 0.0000e+00
     43.000   62.21878 -174.87667    -1.4885    31.8513    1438.61 0.0000e+00
     44.000   62.21878 -174.87666    -1.5381    31.9016    1438.46 0.0000e+00
     45.000   62.21878 -174.87666    -1.5449    31.9056    1438.45 0.0000e+00
     46.000   62.21878 -174.87666    -1.5462    31.9054    1438.46 0.0000e+00
     47.000   62.21878 -174.87667    -1.5470    31.9050    1438.47 0.0000e+00
     48.000   62.21878 -174.87666    -1.5469    31.9041    1438.49 0.0000e+00
     49.000   62.21878 -174.87666    -1.5473    31.9042    1438.50 0.0000e+00
     50.000   62.21878 -174.87666    -1.5475    31.9037    1438.51 0.0000e+00
     51.000   62.21878 -174.87668    -1.5473    31.9028    1438.53 0.0000e+00
     52.000   62.21878 -174.87667    -1.5475    31.9024    1438.55 0.0000e+00
     53.000   62.21878 -174.87666    -1.5478    31.9024    1438.56 0.0000e+00
     54.000   62.21878 -174.87666    -1.5478    31.9022    1438.58 0.0000e+00
     55.000   62.21878 -174.87666    -1.5482    31.9023    1438.59 0.0000e+00
     56.000   62.21878 -174.87667    -1.5463    31.9016    1438.61 0.0000e+00
     57.000   62.21880 -174.87666    -1.5482    31.9017    1438.62 0.0000e+00
     58.000   62.21880 -174.87666    -1.5467    31.9013    1438.65 0.0000e+00
     59.000   62.21880 -174.87666    -1.5463    31.9008    1438.66 0.0000e+00
     60.000   62.21880 -174.87666    -1.5471    31.9006    1438.68 0.0000e+00
     61.000   62.21880 -174.87666    -1.5471    31.9003    1438.69 0.0000e+00
     62.000   62.21880 -174.87666    -1.5475    31.9003    1438.71 0.0000e+00
     63.000   62.21880 -174.87666    -1.5477    31.9001    1438.72 0.0000e+00
     64.000   62.21880 -174.87666    -1.5481    31.9002    1438.74 0.0000e+00
     65.000   62.21880 -174.87666    -1.5459    31.8998    1438.76 0.0000e+00
     66.000   62.21880 -174.87666    -1.5478    31.8998    1438.77 0.0000e+00
     67.000   62.21880 -174.87664    -1.5480    31.8999    1438.78 0.0000e+00
     68.000   62.21880 -174.87666    -1.5455    31.8996    1438.81 0.0000e+00
     69.000   62.21880 -174.87666    -1.5468    31.8998    1438.82 0.0000e+00
     70.000   62.21880 -174.87666    -1.5479    31.9000    1438.83 0.0000e+00
