EcoFOCI/data/1_SampleCollection/2023_SikuliaqDBO_CruiseData/CTD_raw_BottleFile_SKQ23-12S/proc/skq202312s_064.cnv
* Sea-Bird SBE 9 Data File:
* FileName = D:\CTD\SKQ202312S\SKQ202312S_064.hex
* Software Version Seasave V 7.26.7.121
* Temperature SN = 6177
* Conductivity SN = 0369
* Number of Bytes Per Scan = 41
* Number of Voltage Words = 4
* Number of Scans Averaged by the Deck Unit = 1
* NMEA Latitude = 71 57.82 N
* NMEA Longitude = 166 18.97 W
* NMEA UTC (Time) = Sep 28 2023  10:18:40
* NMEA baud rate = 4800
** Ship: R/V Sikuliaq
** Station Number: 064
** Station Name: IC0.1
** Bottom Depth: 46
** Operator: Bern
# nquan = 24
# nvalues = 3381                                  
# units = specified
# name 0 = depSM: Depth [salt water, m]
# name 1 = latitude: Latitude [deg]
# name 2 = longitude: Longitude [deg]
# name 3 = prDM: Pressure, Digiquartz [db]
# name 4 = t090C: Temperature [ITS-90, deg C]
# name 5 = t190C: Temperature, 2 [ITS-90, deg C]
# name 6 = potemp090C: Potential Temperature [ITS-90, deg C]
# name 7 = sal00: Salinity, Practical [PSU]
# name 8 = sal11: Salinity, Practical, 2 [PSU]
# name 9 = density00: Density [density, kg/m^3]
# name 10 = sigma-é00: Density [sigma-theta, kg/m^3]
# name 11 = sbox0Mm/Kg: Oxygen, SBE 43 [umol/kg]
# name 12 = sbox1Mm/Kg: Oxygen, SBE 43, 2 [umol/kg]
# name 13 = oxsolMm/Kg: Oxygen Saturation, Garcia & Gordon [umol/kg]
# name 14 = sbeox0PS: Oxygen, SBE 43 [% saturation]
# name 15 = sbeox1PS: Oxygen, SBE 43, 2 [% saturation]
# name 16 = v0: Voltage 0
# name 17 = flECO-AFL: Fluorescence, WET Labs ECO-AFL/FL [mg/m^3]
# name 18 = v1: Voltage 1
# name 19 = CStarAt0: Beam Attenuation, WET Labs C-Star [1/m]
# name 20 = par: PAR/Irradiance, Biospherical/Licor
# name 21 = scan: Scan Count
# name 22 = timeM: Time, Elapsed [minutes]
# name 23 = flag:  0.000e+00
# span 0 =      2.287,     40.185                 
# span 1 =   71.96376,   71.96376                 
# span 2 = -166.31568, -166.31550                 
# span 3 =      2.311,     40.604                 
# span 4 =    -0.5402,     3.9940                 
# span 5 =    -0.5350,     3.9955                 
# span 6 =    -0.5413,     3.9923                 
# span 7 =    30.8512,    32.4561                 
# span 8 =    30.8717,    32.3984                 
# span 9 =  1024.5182,  1026.1820                 
# span 10 =    24.5071,    26.0262                
# span 11 =    296.412,    331.384                
# span 12 =    281.292,    326.103                
# span 13 =  323.55945,  360.40386                
# span 14 =     85.474,     95.488                
# span 15 =     81.304,     92.639                
# span 16 =     0.0733,     0.1563                
# span 17 =     0.0916,     0.5897                
# span 18 =     3.4188,     4.2491                
# span 19 =     0.4140,     1.2839                
# span 20 = 1.0000e-12, 1.1865e+00                
# span 21 =          1,       3381                
# span 22 =     0.0000,     2.3472                
# span 23 = 0.0000e+00, 0.0000e+00                
# interval = seconds: 0.0416667
# start_time = Sep 28 2023 10:21:40 [NMEA time, first data scan]
# bad_flag = -9.990e-29
*END*
[from data line 363]
      2.403   71.96376 -166.31566      2.428     3.7921     3.7948     3.7920    30.8839    30.8988  1024.5439    24.5326    311.253    293.059  326.36119     95.371     89.812     0.1087     0.3040     4.2027     0.4579 7.9462e-01        364     0.2521  0.000e+00
      2.349   71.96376 -166.31566      2.373     3.7918     3.7947     3.7917    30.8837    30.8985  1024.5435    24.5324    310.877    292.861  326.36424     95.255     89.751     0.1087     0.3040     4.2027     0.4579 8.6941e-01        365     0.2528  0.000e+00
      2.403   71.96376 -166.31566      2.428     3.7917     3.7947     3.7915    30.8840    30.8983  1024.5440    24.5326    310.864    292.836  326.36492     95.250     89.743     0.1087     0.3040     4.2027     0.4579 8.8905e-01        366     0.2535  0.000e+00
      2.403   71.96376 -166.31566      2.428     3.7918     3.7942     3.7917    30.8849    30.8986  1024.5447    24.5334    310.878    292.814  326.36136     95.256     89.735     0.1099     0.3113     4.2027     0.4579 6.7486e-01        367     0.2542  0.000e+00
      2.403   71.96376 -166.31566      2.428     3.7917     3.7942     3.7915    30.8860    30.8982  1024.5456    24.5342    310.862    292.984  326.35997     95.251     89.787     0.1087     0.3040     4.2027     0.4579 4.3349e-01        368     0.2549  0.000e+00
      2.372   71.96376 -166.31566      2.396     3.7920     3.7937     3.7918    30.8885    30.8984  1024.5475    24.5362    310.837    292.985  326.35111     95.246     89.786     0.1087     0.3040     4.2027     0.4579 3.8176e-01        369     0.2556  0.000e+00
      2.464   71.96376 -166.31566      2.490     3.7924     3.7937     3.7923    30.8887    30.8980  1024.5480    24.5363    310.821    293.012  326.34692     95.242     89.794     0.1099     0.3113     4.2027     0.4579 3.7616e-01        370     0.2562  0.000e+00
      2.403   71.96376 -166.31566      2.428     3.7929     3.7939     3.7928    30.8893    30.8978  1024.5481    24.5367    310.798    293.010  326.34169     95.237     89.794     0.1087     0.3040     4.2027     0.4579 3.5573e-01        371     0.2569  0.000e+00
      2.464   71.96376 -166.31566      2.490     3.7936     3.7939     3.7934    30.8923    30.8982  1024.5507    24.5391    310.773    292.823  326.32924     95.233     89.737     0.1099     0.3113     4.2027     0.4579 3.4911e-01        372     0.2576  0.000e+00
      2.403   71.96376 -166.31566      2.428     3.7943     3.7947     3.7942    30.8932    30.8981  1024.5511    24.5398    310.746    292.797  326.32060     95.227     89.731     0.1087     0.3040     4.2027     0.4579 3.0054e-01        373     0.2583  0.000e+00
      2.464   71.96376 -166.31566      2.490     3.7950     3.7953     3.7948    30.8903    30.8989  1024.5491    24.5374    310.735    292.969  326.32271     95.223     89.786     0.1087     0.3040     4.2027     0.4579 1.6575e-01        374     0.2590  0.000e+00
      2.464   71.96376 -166.31566      2.490     3.7952     3.7956     3.7951    30.8874    30.9000  1024.5467    24.5351    310.758    292.972  326.32768     95.229     89.788     0.1087     0.3040     4.2027     0.4579 1.2570e-01        375     0.2597  0.000e+00
      2.403   71.96376 -166.31566      2.428     3.7950     3.7955     3.7948    30.8865    30.9000  1024.5457    24.5343    310.960    292.787  326.33214     95.289     89.731     0.1087     0.3040     4.2027     0.4579 1.4349e-01        376     0.2604  0.000e+00
      2.464   71.96376 -166.31566      2.490     3.7948     3.7950     3.7947    30.8891    30.8997  1024.5481    24.5364    310.762    292.782  326.32703     95.230     89.728     0.1099     0.3113     4.2027     0.4579 3.0647e-01        377     0.2611  0.000e+00
      2.464   71.96376 -166.31566      2.490     3.7956     3.7951     3.7954    30.8927    30.8989  1024.5509    24.5393    310.732    292.773  326.31211     95.225     89.725     0.1087     0.3040     4.2027     0.4579 4.1219e-01        378     0.2618  0.000e+00
      2.464   71.96376 -166.31566      2.490     3.7962     3.7944     3.7960    30.8962    30.8993  1024.5536    24.5419    310.704    292.770  326.29864     95.221     89.723     0.1099     0.3113     4.2027     0.4579 4.1970e-01        379     0.2625  0.000e+00
      2.518   71.96376 -166.31566      2.544     3.7975     3.7942     3.7973    30.8944    30.8989  1024.5524    24.5404    310.684    292.768  326.29278     95.216     89.721     0.1087     0.3040     4.2027     0.4579 4.3505e-01        380     0.2632  0.000e+00
      2.518   71.96376 -166.31566      2.544     3.7984     3.7941     3.7983    30.8898    30.8986  1024.5486    24.5366    310.032    292.766  326.29663     95.015     89.720     0.1099     0.3113     4.2027     0.4579 4.4605e-01        381     0.2639  0.000e+00
      2.464   71.96376 -166.31566      2.490     3.7981     3.7944     3.7980    30.8870    30.8987  1024.5461    24.5344    310.568    292.758  326.30606     95.177     89.719     0.1087     0.3040     4.2027     0.4579 4.4764e-01        382     0.2646  0.000e+00
      2.518   71.96376 -166.31566      2.544     3.7973     3.7947     3.7972    30.8866    30.8988  1024.5462    24.5342    310.567    292.757  326.31326     95.174     89.719     0.1099     0.3113     4.2015     0.4591 5.8847e-01        383     0.2653  0.000e+00
      2.464   71.96376 -166.31566      2.490     3.7968     3.7948     3.7966    30.8874    30.8988  1024.5466    24.5349    310.556    292.777  326.31551     95.171     89.725     0.1087     0.3040     4.2027     0.4579 7.2075e-01        384     0.2660  0.000e+00
      2.518   71.96376 -166.31566      2.544     3.7964     3.7951     3.7962    30.8885    30.8991  1024.5478    24.5358    310.762    292.779  326.31616     95.233     89.727     0.1099     0.3113     4.2027     0.4579 7.4226e-01        385     0.2667  0.000e+00
      2.518   71.96376 -166.31566      2.544     3.7962     3.7951     3.7960    30.8885    30.8992  1024.5477    24.5358    311.211    292.784  326.31753     95.370     89.729     0.1099     0.3113     4.2027     0.4579 4.2732e-01        386     0.2674  0.000e+00
      2.464   71.96376 -166.31566      2.490     3.7960     3.7945     3.7959    30.8896    30.8990  1024.5483    24.5367    311.077    292.795  326.31617     95.330     89.730     0.1074     0.2967     4.2027     0.4579 2.3053e-01        387     0.2681  0.000e+00
      2.518   71.96376 -166.31566      2.544     3.7960     3.7939     3.7959    30.8950    30.8985  1024.5529    24.5410    310.900    292.812  326.30274     95.280     89.734     0.1026     0.2674     4.2027     0.4579 1.9960e-01        388     0.2687  0.000e+00
      2.464   71.96376 -166.31566      2.490     3.7971     3.7936     3.7970    30.8963    30.8979  1024.5536    24.5419    310.932    292.824  326.29080     95.293     89.737     0.1001     0.2527     4.2027     0.4579 2.3647e-01        389     0.2694  0.000e+00
      2.518   71.96376 -166.31566      2.544     3.7981     3.7931     3.7979    30.8929    30.8975  1024.5510    24.5391    310.733    292.821  326.29158     95.232     89.734     0.1001     0.2527     4.2027     0.4579 2.8663e-01        390     0.2701  0.000e+00
      2.464   71.96376 -166.31566      2.490     3.7983     3.7914     3.7981    30.8902    30.8981  1024.5487    24.5370    310.715    292.845  326.29680     95.225     89.738     0.1001     0.2527     4.2015     0.4591 2.9936e-01        391     0.2708  0.000e+00
      2.518   71.96376 -166.31566      2.544     3.7979     3.7900     3.7978    30.8879    30.8982  1024.5471    24.5352    310.705    293.064  326.30502     95.219     89.803     0.1001     0.2527     4.2015     0.4591 3.0767e-01        392     0.2715  0.000e+00
      2.479   71.96376 -166.31566      2.505     3.7971     3.7905     3.7970    30.8868    30.8980  1024.5461    24.5344    310.692    293.075  326.31411     95.212     89.807     0.0989     0.2454     4.2027     0.4579 3.3106e-01        393     0.2722  0.000e+00
      2.572   71.96376 -166.31566      2.599     3.7964     3.7911     3.7962    30.8865    30.8975  1024.5464    24.5342    310.682    292.921  326.32117     95.208     89.760     0.1001     0.2527     4.2027     0.4579 3.3871e-01        394     0.2729  0.000e+00
      2.518   71.96376 -166.31566      2.544     3.7959     3.7912     3.7957    30.8864    30.8974  1024.5461    24.5341    310.664    292.935  326.32531     95.201     89.765     0.1013     0.2601     4.2027     0.4579 3.4518e-01        395     0.2736  0.000e+00
      2.634   71.96376 -166.31566      2.661     3.7954     3.7917     3.7952    30.8870    30.8969  1024.5472    24.5347    310.685    293.126  326.32747     95.207     89.824     0.1001     0.2527     4.2027     0.4579 3.6788e-01        396     0.2743  0.000e+00
      2.572   71.96376 -166.31566      2.598     3.7956     3.7925     3.7954    30.8919    30.8964  1024.5508    24.5386    310.685    293.137  326.31414     95.210     89.829     0.1013     0.2601     4.2027     0.4579 3.7755e-01        397     0.2750  0.000e+00
      2.518   71.96376 -166.31566      2.544     3.7959     3.7928     3.7957    30.8995    30.8972  1024.5565    24.5446    310.644    293.172  326.29308     95.204     89.841     0.1001     0.2527     4.2027     0.4579 3.5573e-01        398     0.2757  0.000e+00
      2.633   71.96376 -166.31566      2.661     3.7971     3.7933     3.7970    30.9027    30.8977  1024.5595    24.5470    310.613    293.214  326.27503     95.200     89.855     0.1001     0.2527     4.2027     0.4579 2.5281e-01        399     0.2764  0.000e+00
      2.633   71.96376 -166.31566      2.661     3.7989     3.7934     3.7987    30.9010    30.8980  1024.5580    24.5455    310.618    293.232  326.26529     95.204     89.861     0.1001     0.2527     4.2027     0.4579 2.1611e-01        400     0.2771  0.000e+00
      2.572   71.96376 -166.31566      2.598     3.8002     3.7936     3.8000    30.8992    30.8980  1024.5561    24.5439    310.592    293.249  326.25967     95.198     89.867     0.1001     0.2527     4.2027     0.4579 2.1990e-01        401     0.2778  0.000e+00
      2.633   71.96376 -166.31566      2.661     3.8010     3.7934     3.8008    30.9017    30.8981  1024.5584    24.5459    310.566    293.273  326.24700     95.193     89.874     0.1013     0.2601     4.2027     0.4579 2.9006e-01        402     0.2785  0.000e+00
      2.633   71.96376 -166.31566      2.661     3.8024     3.7934     3.8022    30.9008    30.8978  1024.5575    24.5451    310.573    293.294  326.23781     95.198     89.880     0.1001     0.2527     4.2039     0.4567 3.3359e-01        403     0.2792  0.000e+00
      2.633   71.96376 -166.31566      2.661     3.8035     3.7930     3.8033    30.8988    30.8977  1024.5558    24.5433    310.553    293.319  326.23402     95.193     89.887     0.1013     0.2601     4.2039     0.4567 3.3871e-01        404     0.2799  0.000e+00
      2.633   71.96376 -166.31566      2.661     3.8046     3.7925     3.8044    30.8958    30.8968  1024.5534    24.5409    310.536    293.345  326.23242     95.188     89.893     0.1001     0.2527     4.2039     0.4567 3.7477e-01        405     0.2806  0.000e+00
      2.633   71.96376 -166.31566      2.661     3.8054     3.7925     3.8052    30.8939    30.8965  1024.5518    24.5393    310.518    293.366  326.23080     95.184     89.899     0.1013     0.2601     4.2039     0.4567 4.0331e-01        406     0.2813  0.000e+00
      2.633   71.96376 -166.31566      2.661     3.8060     3.7936     3.8059    30.9005    30.8976  1024.5570    24.5445    310.482    293.376  326.20954     95.179     89.905     0.1001     0.2527     4.2039     0.4567 4.0625e-01        407     0.2819  0.000e+00
      2.633   71.96376 -166.31566      2.661     3.8071     3.7950     3.8069    30.9095    30.8991  1024.5640    24.5515    310.471    293.382  326.17906     95.184     89.911     0.1001     0.2527     4.2027     0.4579 4.2426e-01        408     0.2826  0.000e+00
      2.687   71.96376 -166.31566      2.715     3.8087     3.7959     3.8085    30.9138    30.8999  1024.5675    24.5548    310.436    293.395  326.15584     95.180     89.918     0.1001     0.2527     4.2039     0.4567 4.3817e-01        409     0.2833  0.000e+00
      2.687   71.96376 -166.31566      2.715     3.8101     3.7964     3.8099    30.9156    30.9004  1024.5688    24.5561    310.406    293.602  326.14009     95.176     89.983     0.1001     0.2527     4.2027     0.4579 4.4131e-01        410     0.2840  0.000e+00
      2.687   71.96376 -166.31566      2.715     3.8117     3.7966     3.8115    30.9161    30.9008  1024.5691    24.5563    310.412    293.450  326.12622     95.181     89.937     0.1013     0.2601     4.2039     0.4567 4.0331e-01        411     0.2847  0.000e+00
      2.687   71.96376 -166.31566      2.715     3.8131     3.7967     3.8129    30.9147    30.9011  1024.5678    24.5551    310.425    293.467  326.11827     95.188     89.943     0.1001     0.2527     4.2027     0.4579 3.6244e-01        412     0.2854  0.000e+00
      2.687   71.96376 -166.31566      2.715     3.8139     3.7967     3.8137    30.9132    30.9016  1024.5666    24.5539    310.479    293.677  326.11551     95.205     90.007     0.0977     0.2381     4.2039     0.4567 3.5307e-01        413     0.2861  0.000e+00
      2.749   71.96376 -166.31566      2.777     3.8147     3.7969     3.8145    30.9122    30.9017  1024.5660    24.5530    310.469    293.505  326.11178     95.203     89.955     0.0940     0.2161     4.2027     0.4579 3.1614e-01        414     0.2868  0.000e+00
      2.687   71.96376 -166.31566      2.715     3.8150     3.7967     3.8148    30.9114    30.9009  1024.5650    24.5523    310.458    293.692  326.11125     95.200     90.012     0.0940     0.2161     4.2039     0.4567 2.5807e-01        415     0.2875  0.000e+00
      2.749   71.96376 -166.31566      2.777     3.8153     3.7962     3.8152    30.9095    30.9006  1024.5638    24.5508    310.453    293.714  326.11325     95.198     90.017     0.0928     0.2088     4.2039     0.4567 2.4353e-01        416     0.2882  0.000e+00
      2.749   71.96376 -166.31566      2.777     3.8155     3.7962     3.8153    30.9068    30.9005  1024.5616    24.5486    310.450    293.750  326.11872     95.195     90.028     0.0940     0.2161     4.2039     0.4567 2.4557e-01        417     0.2889  0.000e+00
      2.749   71.96376 -166.31566      2.777     3.8153     3.7958     3.8152    30.9051    30.8999  1024.5603    24.5473    310.447    293.982  326.12417     95.193     90.097     0.0928     0.2088     4.2039     0.4567 2.4969e-01        418     0.2896  0.000e+00
      2.803   71.96376 -166.31566      2.832     3.8145     3.7947     3.8144    30.9048    30.8999  1024.5604    24.5471    310.449    293.856  326.13127     95.191     90.056     0.0940     0.2161     4.2039     0.4567 2.5177e-01        419     0.2903  0.000e+00
      2.803   71.96376 -166.31566      2.832     3.8142     3.7958     3.8140    30.9049    30.9022  1024.5605    24.5472    310.656    293.874  326.13344     95.254     90.066     0.0952     0.2234     4.2039     0.4567 2.6663e-01        420     0.2910  0.000e+00
      2.826   71.96376 -166.31566      2.855     3.8139     3.7998     3.8137    30.9056    30.9065  1024.5612    24.5478    310.468    294.033  326.13421     95.196     90.127     0.0940     0.2161     4.2039     0.4567 3.4779e-01        421     0.2917  0.000e+00
      2.864   71.96376 -166.31566      2.894     3.8134     3.8057     3.8133    30.9057    30.9124  1024.5615    24.5480    310.464    294.002  326.13779     95.194     90.134     0.0940     0.2161     4.2015     0.4591 3.8741e-01        422     0.2924  0.000e+00
