EcoFOCI/data/1_SampleCollection/2023_SikuliaqDBO_CruiseData/CTD_raw_BottleFile_SKQ23-12S/proc/skq202312s_057svpavg.cnv
* Sea-Bird SBE 9 Data File:
* FileName = D:\CTD\SKQ202312S\SKQ202312S_057.hex
* Software Version Seasave V 7.26.7.121
* Temperature SN = 6177
* Conductivity SN = 0369
* Number of Bytes Per Scan = 41
* Number of Voltage Words = 4
* Number of Scans Averaged by the Deck Unit = 1
* NMEA Latitude = 71 20.18 N
* NMEA Longitude = 164 36.58 W
* NMEA UTC (Time) = Sep 27 2023  08:27:58
* NMEA baud rate = 4800
** Ship: R/V Sikuliaq
** Station Number: 057
** Station Name: IC5
** Bottom Depth: 44
** Operator: SS
# nquan = 7
# nvalues = 38                          
# units = specified
# name 0 = depSM: Depth [salt water, m]
# name 1 = latitude: Latitude [deg]
# name 2 = longitude: Longitude [deg]
# name 3 = t090C: Temperature [ITS-90, deg C]
# name 4 = sal00: Salinity, Practical [PSU]
# name 5 = svCM: Sound Velocity [Chen-Millero, m/s]
# name 6 = flag: flag
# span 0 =      2.000,     39.000       
# span 1 =   71.33624,   71.33634       
# span 2 = -164.61042, -164.61021       
# span 3 =    -1.2709,     3.4444       
# span 4 =    30.6034,    32.4913       
# span 5 =    1440.33,    1459.34       
# span 6 = 0.0000e+00, 0.0000e+00       
# interval = meters: 1                  
# start_time = Sep 27 2023 08:31:38 [NMEA time, first data scan]
# bad_flag = -9.990e-29
*END*
      2.000   71.33624 -164.61021     2.8238    30.6144    1455.98 0.0000e+00
      3.000   71.33624 -164.61025     2.7985    30.6034    1455.88 0.0000e+00
      4.000   71.33625 -164.61026     2.8010    30.6041    1455.91 0.0000e+00
      5.000   71.33626 -164.61028     2.8161    30.6130    1456.00 0.0000e+00
      6.000   71.33626 -164.61029     2.8191    30.6154    1456.03 0.0000e+00
      7.000   71.33626 -164.61030     2.8244    30.6163    1456.07 0.0000e+00
      8.000   71.33626 -164.61031     2.8281    30.6165    1456.11 0.0000e+00
      9.000   71.33626 -164.61032     2.8332    30.6187    1456.15 0.0000e+00
     10.000   71.33626 -164.61032     2.8433    30.6235    1456.21 0.0000e+00
     11.000   71.33626 -164.61034     2.8514    30.6290    1456.27 0.0000e+00
     12.000   71.33626 -164.61034     2.8699    30.6396    1456.38 0.0000e+00
     13.000   71.33626 -164.61034     2.8990    30.6571    1456.55 0.0000e+00
     14.000   71.33626 -164.61034     2.9419    30.6833    1456.78 0.0000e+00
     15.000   71.33627 -164.61034     2.9873    30.7136    1457.03 0.0000e+00
     16.000   71.33628 -164.61034     3.0896    30.7601    1457.55 0.0000e+00
     17.000   71.33628 -164.61035     3.2138    30.8185    1458.18 0.0000e+00
     18.000   71.33628 -164.61036     3.3368    30.8419    1458.75 0.0000e+00
     19.000   71.33628 -164.61036     3.4113    30.8776    1459.13 0.0000e+00
     20.000   71.33628 -164.61036     3.4427    30.8922    1459.30 0.0000e+00
     21.000   71.33628 -164.61036     3.4444    30.9032    1459.34 0.0000e+00
     22.000   71.33628 -164.61036     3.2591    30.9086    1458.57 0.0000e+00
     23.000   71.33628 -164.61036     2.3105    31.2985    1454.97 0.0000e+00
     24.000   71.33628 -164.61037     1.1341    31.9079    1450.57 0.0000e+00
     25.000   71.33628 -164.61038     0.2667    32.1041    1446.90 0.0000e+00
     26.000   71.33628 -164.61038    -0.6795    32.3381    1442.83 0.0000e+00
     27.000   71.33628 -164.61038    -1.1606    32.4729    1440.76 0.0000e+00
     28.000   71.33628 -164.61038    -1.2457    32.4913    1440.40 0.0000e+00
     29.000   71.33628 -164.61038    -1.2525    32.4832    1440.37 0.0000e+00
     30.000   71.33628 -164.61038    -1.2498    32.4788    1440.39 0.0000e+00
     31.000   71.33630 -164.61038    -1.2542    32.4728    1440.38 0.0000e+00
     32.000   71.33630 -164.61040    -1.2660    32.4709    1440.34 0.0000e+00
     33.000   71.33630 -164.61040    -1.2699    32.4685    1440.33 0.0000e+00
     34.000   71.33631 -164.61041    -1.2682    32.4578    1440.34 0.0000e+00
     35.000   71.33632 -164.61042    -1.2693    32.4569    1440.35 0.0000e+00
     36.000   71.33632 -164.61042    -1.2701    32.4568    1440.36 0.0000e+00
     37.000   71.33633 -164.61042    -1.2704    32.4567    1440.38 0.0000e+00
     38.000   71.33634 -164.61042    -1.2707    32.4565    1440.39 0.0000e+00
     39.000   71.33634 -164.61042    -1.2709    32.4564    1440.41 0.0000e+00
