EcoFOCI/data/1_SampleCollection/2023_SikuliaqDBO_CruiseData/CTD_raw_BottleFile_SKQ23-12S/proc/skq202312s_083avg.cnv
* Sea-Bird SBE 9 Data File:
* FileName = D:\CTD\SKQ202312S\SKQ202312S_083.hex
* Software Version Seasave V 7.26.7.121
* Temperature SN = 6177
* Conductivity SN = 0369
* Number of Bytes Per Scan = 41
* Number of Voltage Words = 4
* Number of Scans Averaged by the Deck Unit = 1
* NMEA Latitude = 65 38.84 N
* NMEA Longitude = 168 16.47 W
* NMEA UTC (Time) = Oct 03 2023  11:08:11
* NMEA baud rate = 4800
** Ship: R/V Sikuliaq
** Station Number: 083
** Station Name: BS2
** Bottom Depth: 45
** Operator: SD
# nquan = 25
# nvalues = 39                          
# units = specified
# name 0 = depSM: Depth [salt water, m]
# name 1 = latitude: Latitude [deg]
# name 2 = longitude: Longitude [deg]
# name 3 = prDM: Pressure, Digiquartz [db]
# name 4 = t090C: Temperature [ITS-90, deg C]
# name 5 = t190C: Temperature, 2 [ITS-90, deg C]
# name 6 = potemp090C: Potential Temperature [ITS-90, deg C]
# name 7 = sal00: Salinity, Practical [PSU]
# name 8 = sal11: Salinity, Practical, 2 [PSU]
# name 9 = density00: Density [density, kg/m^3]
# name 10 = sigma-é00: Density [sigma-theta, kg/m^3]
# name 11 = sbox0Mm/Kg: Oxygen, SBE 43 [umol/kg]
# name 12 = sbox1Mm/Kg: Oxygen, SBE 43, 2 [umol/kg]
# name 13 = oxsolMm/Kg: Oxygen Saturation, Garcia & Gordon [umol/kg]
# name 14 = sbeox0PS: Oxygen, SBE 43 [% saturation]
# name 15 = sbeox1PS: Oxygen, SBE 43, 2 [% saturation]
# name 16 = v0: Voltage 0
# name 17 = flECO-AFL: Fluorescence, WET Labs ECO-AFL/FL [mg/m^3]
# name 18 = v1: Voltage 1
# name 19 = CStarAt0: Beam Attenuation, WET Labs C-Star [1/m]
# name 20 = par: PAR/Irradiance, Biospherical/Licor
# name 21 = scan: Scan Count
# name 22 = timeM: Time, Elapsed [minutes]
# name 23 = nbin: number of scans per bin
# name 24 = flag: flag
# span 0 =      2.970,     40.592       
# span 1 =   65.64734,   65.64734       
# span 2 = -168.27482, -168.27477       
# span 3 =      3.000,     41.000       
# span 4 =     2.9950,     6.6653       
# span 5 =     2.9959,     6.6661       
# span 6 =     2.9927,     6.6642       
# span 7 =    28.0400,    32.7331       
# span 8 =    28.0492,    32.7493       
# span 9 =  1022.0972,  1026.2659       
# span 10 =    22.0797,    26.0757      
# span 11 =    256.850,    291.612      
# span 12 =    245.036,    276.682      
# span 13 =  303.25624,  328.19909      
# span 14 =     79.095,     91.822      
# span 15 =     75.323,     87.199      
# span 16 =     0.1070,     0.2883      
# span 17 =     0.2940,     1.3817      
# span 18 =     3.1713,     4.0403      
# span 19 =     0.6155,     1.5846      
# span 20 = -8.598e-08, 2.2401e-01      
# span 21 =        258,       3025      
# span 22 =     0.1785,     2.0997      
# span 23 =         38,        395      
# span 24 = 0.0000e+00, 0.0000e+00      
# interval = decibars: 1                
# start_time = Oct 03 2023 11:11:32 [NMEA time, first data scan]
# bad_flag = -9.990e-29
*END*
      2.970   65.64734 -168.27479      3.000     5.8136     5.8147     5.8134    28.0460    28.0563  1022.0972    22.0832    290.687    276.239  317.53506     91.545     87.004     0.2883     1.3817     3.1713     1.5846 2.2401e-01        258     0.1785        395 0.0000e+00
      3.960   65.64734 -168.27480      4.000     5.8024     5.8039     5.8021    28.0400    28.0492  1022.0983    22.0797    291.337    276.682  317.63360     91.721     87.116     0.2873     1.3757     3.1714     1.5844 1.1548e-01        500     0.3463        116 0.0000e+00
      4.951   65.64734 -168.27481      5.000     5.8079     5.8101     5.8076    28.0438    28.0544  1022.1054    22.0821    291.612    276.267  317.58293     91.822     87.002     0.2808     1.3368     3.1727     1.5828 4.9766e-02        545     0.3776         62 0.0000e+00
      5.941   65.64734 -168.27482      6.000     5.8332     5.8203     5.8328    28.0641    28.0604  1022.1233    22.0954    290.163    275.850  317.34484     91.435     86.895     0.2839     1.3555     3.1718     1.5839 4.7166e-03        612     0.4241         55 0.0000e+00
      6.931   65.64734 -168.27482      7.000     5.9636     5.9760     5.9631    28.1526    28.1498  1022.1835    22.1509    289.460    275.362  316.16087     91.555     87.119     0.2741     1.2968     3.1893     1.5620 3.0166e-04        659     0.4566         52 0.0000e+00
      7.921   65.64734 -168.27482      8.000     6.3476     6.3543     6.3470    29.6493    29.5245  1023.3236    23.2865    282.931    270.447  309.90450     91.294     87.199     0.2516     1.1618     3.2737     1.4582 1.9593e-07        710     0.4926         44 0.0000e+00
      8.911   65.64734 -168.27482      9.000     6.5131     6.5145     6.5123    31.3452    31.3492  1024.6448    24.6033    278.303    264.594  304.84668     91.293     86.801     0.1494     0.5483     3.9123     0.7499 1.1742e-06        753     0.5220         43 0.0000e+00
      9.901   65.64734 -168.27482     10.000     6.4557     6.4547     6.4549    31.4290    31.4389  1024.7226    24.6765    269.289    259.543  305.06346     88.273     85.083     0.1382     0.4811     3.9664     0.6896 1.3141e-06        797     0.5526         45 0.0000e+00
     10.891   65.64734 -168.27482     11.000     6.5224     6.5279     6.5215    31.4945    31.4968  1024.7705    24.7198    262.585    250.952  304.44535     86.250     82.440     0.1359     0.4676     3.9612     0.6946 1.2361e-06        846     0.5866         55 0.0000e+00
     11.881   65.64734 -168.27482     12.000     6.5841     6.5898     6.5831    31.5349    31.5414  1024.7992    24.7439    263.057    250.339  303.92002     86.555     82.385     0.1291     0.4267     3.9603     0.6956 5.8615e-07        899     0.6236         42 0.0000e+00
     12.872   65.64734 -168.27482     13.000     6.6326     6.6409     6.6315    31.5673    31.5708  1024.8232    24.7633    260.532    247.870  303.50718     85.841     81.686     0.1217     0.3823     3.9601     0.6958 1.4740e-06        939     0.6514         40 0.0000e+00
     13.862   65.64734 -168.27482     14.000     6.6653     6.6661     6.6642    31.5767    31.5850  1024.8310    24.7665    259.243    245.531  303.25624     85.486     80.971     0.1194     0.3683     3.9465     0.7096 2.5050e-06        992     0.6879         58 0.0000e+00
     14.852   65.64734 -168.27482     15.000     6.6564     6.6569     6.6552    31.5809    31.5899  1024.8401    24.7710    258.196    245.483  303.30935     85.126     80.941     0.1169     0.3533     3.9405     0.7157 1.9156e-06       1039     0.7206         40 0.0000e+00
     15.842   65.64734 -168.27482     16.000     6.6502     6.6510     6.6488    31.5838    31.5925  1024.8478    24.7740    257.102    245.340  303.34680     84.755     80.884     0.1156     0.3456     3.9416     0.7145 1.7020e-06       1083     0.7513         50 0.0000e+00
     16.832   65.64734 -168.27482     17.000     6.6371     6.6369     6.6356    31.5887    31.5989  1024.8579    24.7796    256.850    245.238  303.42773     84.649     80.829     0.1147     0.3401     3.9396     0.7165 2.2279e-06       1138     0.7896         50 0.0000e+00
     17.822   65.64734 -168.27482     18.000     6.5538     6.5464     6.5523    31.6030    31.6196  1024.8844    24.8014    258.327    245.036  303.98083     84.981     80.605     0.1132     0.3314     3.9408     0.7154 2.2609e-06       1186     0.8226         45 0.0000e+00
     18.812   65.64734 -168.27482     19.000     6.4589     6.4449     6.4573    31.6201    31.6422  1024.9145    24.8268    259.136    245.475  304.61122     85.071     80.573     0.1132     0.3312     3.9483     0.7078 1.9119e-06       1236     0.8576         53 0.0000e+00
     19.802   65.64734 -168.27482     20.000     6.0975     6.0760     6.0959    31.6487    31.6819  1024.9862    24.8938    261.879    248.615  307.11880     85.270     80.930     0.1125     0.3269     3.9568     0.6991 2.8446e-06       1285     0.8918         45 0.0000e+00
     20.792   65.64734 -168.27482     21.000     5.9062     5.8987     5.9045    31.6924    31.7124  1025.0484    24.9512    263.688    249.088  308.39514     85.503     80.767     0.1169     0.3537     3.9552     0.7007 2.2623e-06       1329     0.9220         45 0.0000e+00
     21.782   65.64734 -168.27482     22.000     5.7081     5.6953     5.7064    31.7586    31.7840  1025.1287    25.0268    270.264    253.595  309.67981     87.272     81.880     0.1153     0.3437     3.9811     0.6746 2.3741e-06       1378     0.9565         50 0.0000e+00
     22.772   65.64734 -168.27482     23.000     5.5790     5.5771     5.5773    31.8367    31.8505  1025.2101    25.1036    270.220    255.342  310.44136     87.044     82.256     0.1098     0.3112     3.9962     0.6595 2.4203e-06       1424     0.9885         42 0.0000e+00
     23.762   65.64734 -168.27482     24.000     5.5719     5.5735     5.5701    31.8480    31.8594  1025.2245    25.1133    271.901    257.587  310.46705     87.578     82.978     0.1092     0.3073     4.0004     0.6552 3.5542e-06       1478     1.0255         58 0.0000e+00
     24.752   65.64734 -168.27482     25.000     5.5601     5.5618     5.5582    31.8536    31.8667  1025.2349    25.1191    272.711    258.986  310.54056     87.818     83.410     0.1087     0.3041     4.0023     0.6534 2.3424e-06       1527     1.0598         39 0.0000e+00
     25.742   65.64734 -168.27482     26.000     5.3622     5.3443     5.3603    31.8926    31.9254  1025.2930    25.1724    273.077    260.406  311.90667     87.551     83.474     0.1070     0.2940     4.0025     0.6531 3.0078e-06       1570     1.0895         53 0.0000e+00
     26.732   65.64734 -168.27482     27.000     4.9794     4.9544     4.9774    31.9917    32.0364  1025.4188    25.2933    274.373    260.469  314.52075     87.235     82.793     0.1114     0.3205     4.0187     0.6370 1.8117e-06       1624     1.1271         45 0.0000e+00
     27.722   65.64734 -168.27482     28.000     4.3535     4.3137     4.3516    32.1428    32.2086  1025.6093    25.4788    278.704    264.213  318.91440     87.392     82.809     0.1126     0.3276     4.0309     0.6249 2.6826e-06       1663     1.1541         38 0.0000e+00
     28.712   65.64734 -168.27481     29.000     3.9153     3.9010     3.9134    32.2824    32.3190  1025.7686    25.6332    280.430    263.624  321.97324     87.097     81.872     0.1156     0.3455     4.0403     0.6155 1.6415e-06       1714     1.1893         63 0.0000e+00
     29.702   65.64734 -168.27480     30.000     3.6144     3.5992     3.6126    32.4181    32.4528  1025.9101    25.7697    283.766    266.453  324.00742     87.581     82.228     0.1117     0.3225     4.0170     0.6387 1.7711e-06       1773     1.2304         48 0.0000e+00
     30.692   65.64734 -168.27480     31.000     3.1884     3.1688     3.1866    32.6529    32.6965  1026.1408    25.9954    280.782    266.494  326.82925     85.912     81.528     0.1117     0.3219     3.9797     0.6761 1.6931e-06       1816     1.2606         40 0.0000e+00
     31.682   65.64734 -168.27480     32.000     3.0389     3.0368     3.0371    32.7281    32.7493  1026.2187    26.0686    274.302    260.848  327.84697     83.668     79.573     0.1352     0.4634     3.9090     0.7478 1.7270e-06       1858     1.2893         49 0.0000e+00
     32.672   65.64734 -168.27480     33.000     3.0056     3.0066     3.0037    32.7328    32.7493  1026.2301    26.0752    263.421    250.242  328.10442     80.286     76.280     0.1706     0.6760     3.8469     0.8118 3.7851e-07       1925     1.3364         69 0.0000e+00
     33.662   65.64734 -168.27479     34.000     3.0027     3.0070     3.0007    32.7331    32.7461  1026.2353    26.0757    261.492    249.493  328.12765     79.692     76.051     0.2029     0.8693     3.7994     0.8615 2.4164e-07       2007     1.3930        114 0.0000e+00
     34.652   65.64734 -168.27478     35.000     3.0057     3.0071     3.0037    32.7290    32.7417  1026.2364    26.0722    260.610    248.375  328.11347     79.427     75.708     0.2224     0.9863     3.7959     0.8652 1.2592e-07       2130     1.4785        155 0.0000e+00
     35.642   65.64734 -168.27478     36.000     3.0049     3.0067     3.0029    32.7236    32.7360  1026.2369    26.0679    260.760    248.028  328.13308     79.468     75.598     0.2136     0.9337     3.8003     0.8607 1.2189e-07       2435     1.6903        212 0.0000e+00
     36.632   65.64734 -168.27477     37.000     2.9994     3.0003     2.9973    32.7248    32.7367  1026.2430    26.0694    260.918    247.165  328.17460     79.506     75.323     0.2154     0.9441     3.7841     0.8777 6.1552e-07       2576     1.7885         84 0.0000e+00
     37.622   65.64734 -168.27477     38.000     2.9990     3.0000     2.9969    32.7249    32.7365  1026.2478    26.0695    260.499    247.533  328.17768     79.378     75.435     0.2197     0.9703     3.7901     0.8714 1.5464e-07       2671     1.8539        116 0.0000e+00
     38.612   65.64734 -168.27478     39.000     2.9977     2.9985     2.9955    32.7271    32.7388  1026.2544    26.0714    259.576    247.965  328.18317     79.095     75.565     0.2076     0.8975     3.7806     0.8814 2.1978e-07       2767     1.9211         76 0.0000e+00
     39.602   65.64734 -168.27478     40.000     2.9957     2.9967     2.9934    32.7288    32.7401  1026.2606    26.0729    260.552    247.813  328.19499     79.389     75.516     0.2242     0.9975     3.7744     0.8880 1.4156e-07       2876     1.9968        115 0.0000e+00
     40.592   65.64734 -168.27478     41.000     2.9950     2.9959     2.9927    32.7295    32.7406  1026.2659    26.0735    260.236    247.646  328.19909     79.292     75.464     0.2682     1.2610     3.7576     0.9060 -8.598e-08       3025     2.0997         39 0.0000e+00
