EcoFOCI/data/1_SampleCollection/2023_SikuliaqDBO_CruiseData/CTD_raw_BottleFile_SKQ23-12S/proc/skq202312s_035.cnv
* Sea-Bird SBE 9 Data File:
* FileName = D:\CTD\SKQ202312S\SKQ202312S_035.hex
* Software Version Seasave V 7.26.7.121
* Temperature SN = 6177
* Conductivity SN = 0369
* Number of Bytes Per Scan = 41
* Number of Voltage Words = 4
* Number of Scans Averaged by the Deck Unit = 1
* NMEA Latitude = 71 45.08 N
* NMEA Longitude = 154 27.66 W
* NMEA UTC (Time) = Sep 22 2023  01:56:11
* NMEA baud rate = 4800
** Ship: R/V Sikuliaq
** Station Number: 035
** Station Name: BF2
** Bottom Depth: 88
** Operator: SD
# nquan = 24
# nvalues = 9209                                  
# units = specified
# name 0 = depSM: Depth [salt water, m]
# name 1 = latitude: Latitude [deg]
# name 2 = longitude: Longitude [deg]
# name 3 = prDM: Pressure, Digiquartz [db]
# name 4 = t090C: Temperature [ITS-90, deg C]
# name 5 = t190C: Temperature, 2 [ITS-90, deg C]
# name 6 = potemp090C: Potential Temperature [ITS-90, deg C]
# name 7 = sal00: Salinity, Practical [PSU]
# name 8 = sal11: Salinity, Practical, 2 [PSU]
# name 9 = density00: Density [density, kg/m^3]
# name 10 = sigma-é00: Density [sigma-theta, kg/m^3]
# name 11 = sbox0Mm/Kg: Oxygen, SBE 43 [umol/kg]
# name 12 = sbox1Mm/Kg: Oxygen, SBE 43, 2 [umol/kg]
# name 13 = oxsolMm/Kg: Oxygen Saturation, Garcia & Gordon [umol/kg]
# name 14 = sbeox0PS: Oxygen, SBE 43 [% saturation]
# name 15 = sbeox1PS: Oxygen, SBE 43, 2 [% saturation]
# name 16 = v0: Voltage 0
# name 17 = flECO-AFL: Fluorescence, WET Labs ECO-AFL/FL [mg/m^3]
# name 18 = v1: Voltage 1
# name 19 = CStarAt0: Beam Attenuation, WET Labs C-Star [1/m]
# name 20 = par: PAR/Irradiance, Biospherical/Licor
# name 21 = scan: Scan Count
# name 22 = timeM: Time, Elapsed [minutes]
# name 23 = flag:  0.000e+00
# span 0 =      1.841,     79.392                 
# span 1 =   71.75104,   71.75126                 
# span 2 = -154.46116, -154.46000                 
# span 3 =      1.860,     80.228                 
# span 4 =    -0.9625,     4.2018                 
# span 5 =    -0.9608,     4.2135                 
# span 6 =    -0.9642,     4.2009                 
# span 7 =    28.0118,    32.3375                 
# span 8 =    28.0220,    32.3469                 
# span 9 =  1022.2317,  1026.3748                 
# span 10 =    22.2206,    25.9937                
# span 11 =    307.521,    349.027                
# span 12 =    293.031,    331.623                
# span 13 =  324.76479,  364.44344                
# span 14 =     87.323,    103.853                
# span 15 =     81.604,     97.675                
# span 16 =     0.0781,     0.2405                
# span 17 =     0.1209,     1.0952                
# span 18 =     2.9011,     3.9878                
# span 19 =     0.6679,     1.9409                
# span 20 = 1.0000e-12, 8.6210e+01                
# span 21 =          1,       9209                
# span 22 =     0.0000,     6.3944                
# span 23 = 0.0000e+00, 0.0000e+00                
# interval = seconds: 0.0416667
# start_time = Sep 22 2023 02:02:56 [NMEA time, first data scan]
# bad_flag = -9.990e-29
*END*
[from data line 4589]
     57.188   71.75122 -154.46108     57.787    -0.5560    -0.5532    -0.5575    32.2445    32.2584  1026.1825    25.9052    324.788    309.163  360.75230     90.031     85.715     0.0940     0.2161     3.7790     0.8831 8.4714e-06       4590     3.1868  0.000e+00
     57.242   71.75122 -154.46108     57.841    -0.5571    -0.5544    -0.5586    32.2436    32.2582  1026.1821    25.9045    324.769    309.188  360.76517     90.022     85.719     0.0952     0.2234     3.7790     0.8831 8.4714e-06       4591     3.1875  0.000e+00
     57.242   71.75122 -154.46108     57.841    -0.5581    -0.5564    -0.5596    32.2413    32.2578  1026.1803    25.9027    324.764    309.227  360.78139     90.017     85.726     0.0940     0.2161     3.7790     0.8831 8.4714e-06       4592     3.1882  0.000e+00
     57.242   71.75122 -154.46108     57.841    -0.5603    -0.5578    -0.5618    32.2411    32.2576  1026.1802    25.9025    324.778    309.270  360.80326     90.015     85.734     0.0952     0.2234     3.7790     0.8831 1.0000e-12       4593     3.1889  0.000e+00
     57.358   71.75122 -154.46108     57.958    -0.5623    -0.5579    -0.5638    32.2440    32.2584  1026.1832    25.9050    324.753    309.312  360.81383     90.006     85.746     0.0940     0.2161     3.7790     0.8831 1.0000e-12       4594     3.1896  0.000e+00
     57.358   71.75122 -154.46108     57.958    -0.5621    -0.5568    -0.5637    32.2474    32.2585  1026.1859    25.9077    324.760    309.125  360.80282     90.010     85.697     0.0952     0.2234     3.7790     0.8831 1.0000e-12       4595     3.1903  0.000e+00
     57.419   71.75122 -154.46108     58.021    -0.5608    -0.5573    -0.5623    32.2469    32.2587  1026.1858    25.9073    324.733    309.349  360.79115     90.006     85.758     0.0940     0.2161     3.7790     0.8831 1.0000e-12       4596     3.1910  0.000e+00
     57.419   71.75122 -154.46108     58.021    -0.5614    -0.5602    -0.5629    32.2432    32.2589  1026.1828    25.9043    324.994    309.409  360.80751     90.074     85.768     0.0952     0.2234     3.7790     0.8831 1.0000e-12       4597     3.1917  0.000e+00
     57.535   71.75122 -154.46108     58.138    -0.5636    -0.5632    -0.5651    32.2417    32.2582  1026.1822    25.9031    324.573    309.261  360.83243     89.951     85.720     0.0940     0.2161     3.7802     0.8818 1.0000e-12       4598     3.1924  0.000e+00
     57.473   71.75122 -154.46108     58.075    -0.5660    -0.5655    -0.5675    32.2416    32.2576  1026.1819    25.9031    324.566    309.269  360.85605     89.943     85.716     0.0952     0.2234     3.7863     0.8753 8.4714e-06       4599     3.1931  0.000e+00
     57.589   71.75122 -154.46108     58.192    -0.5692    -0.5684    -0.5708    32.2408    32.2587  1026.1820    25.9027    324.589    309.325  360.88899     89.942     85.726     0.0940     0.2161     3.7888     0.8727 1.0000e-12       4600     3.1938  0.000e+00
     57.527   71.75122 -154.46108     58.130    -0.5731    -0.5704    -0.5746    32.2411    32.2589  1026.1821    25.9030    324.622    309.122  360.92513     89.942     85.665     0.0940     0.2161     3.7900     0.8715 1.0000e-12       4601     3.1944  0.000e+00
     57.759   71.75122 -154.46108     58.364    -0.5760    -0.5722    -0.5776    32.2430    32.2587  1026.1848    25.9047    324.369    309.132  360.94806     89.866     85.664     0.0940     0.2161     3.7888     0.8727 1.0000e-12       4602     3.1951  0.000e+00
     57.705   71.75122 -154.46108     58.309    -0.5772    -0.5739    -0.5788    32.2450    32.2590  1026.1863    25.9064    324.352    309.136  360.95363     89.860     85.661     0.0940     0.2161     3.7888     0.8727 8.4714e-06       4603     3.1958  0.000e+00
     57.759   71.75122 -154.46108     58.364    -0.5780    -0.5753    -0.5795    32.2461    32.2588  1026.1874    25.9072    324.305    309.152  360.95772     89.846     85.662     0.0952     0.2234     3.7875     0.8740 1.0000e-12       4604     3.1965  0.000e+00
     57.759   71.75122 -154.46108     58.364    -0.5781    -0.5765    -0.5797    32.2463    32.2592  1026.1876    25.9074    324.266    309.139  360.95883     89.835     85.656     0.0940     0.2161     3.7888     0.8727 8.4714e-06       4605     3.1972  0.000e+00
     57.821   71.75122 -154.46108     58.426    -0.5783    -0.5780    -0.5798    32.2462    32.2594  1026.1878    25.9073    324.243    309.141  360.96077     89.828     85.654     0.0952     0.2234     3.7888     0.8727 1.0000e-12       4606     3.1979  0.000e+00
     57.867   71.75122 -154.46108     58.473    -0.5786    -0.5789    -0.5801    32.2455    32.2596  1026.1875    25.9068    324.236    308.921  360.96521     89.825     85.591     0.0940     0.2161     3.7888     0.8727 1.0000e-12       4607     3.1986  0.000e+00
     57.936   71.75122 -154.46108     58.543    -0.5795    -0.5797    -0.5810    32.2451    32.2595  1026.1875    25.9065    324.249    308.903  360.97521     89.826     85.584     0.0928     0.2088     3.7888     0.8727 1.0000e-12       4608     3.1993  0.000e+00
     57.936   71.75122 -154.46108     58.543    -0.5801    -0.5798    -0.5817    32.2451    32.2597  1026.1876    25.9066    324.269    308.883  360.98097     89.830     85.578     0.0867     0.1721     3.7888     0.8727 8.4714e-06       4609     3.2000  0.000e+00
     58.052   71.75122 -154.46108     58.660    -0.5807    -0.5808    -0.5823    32.2463    32.2597  1026.1892    25.9076    324.053    308.886  360.98358     89.769     85.577     0.0855     0.1648     3.7888     0.8727 1.0000e-12       4610     3.2007  0.000e+00
     58.052   71.75122 -154.46108     58.660    -0.5806    -0.5829    -0.5821    32.2468    32.2596  1026.1895    25.9079    324.046    308.903  360.98068     89.768     85.577     0.0842     0.1575     3.7888     0.8727 8.4714e-06       4611     3.2014  0.000e+00
     58.052   71.75122 -154.46108     58.660    -0.5801    -0.5842    -0.5817    32.2465    32.2591  1026.1892    25.9076    324.006    308.924  360.97723     89.758     85.579     0.0855     0.1648     3.7888     0.8727 8.4714e-06       4612     3.2021  0.000e+00
     58.106   71.75122 -154.46108     58.715    -0.5801    -0.5853    -0.5817    32.2461    32.2591  1026.1892    25.9073    323.986    308.920  360.97839     89.752     85.575     0.0855     0.1648     3.7888     0.8727 1.0000e-12       4613     3.2028  0.000e+00
     58.214   71.75122 -154.46108     58.824    -0.5809    -0.5859    -0.5825    32.2438    32.2594  1026.1879    25.9056    323.994    308.920  360.99225     89.751     85.574     0.0855     0.1648     3.7888     0.8727 1.0000e-12       4614     3.2035  0.000e+00
     58.276   71.75122 -154.46108     58.886    -0.5840    -0.5873    -0.5855    32.2427    32.2595  1026.1874    25.9047    324.034    308.743  361.02485     89.754     85.522     0.0855     0.1648     3.7888     0.8727 1.0000e-12       4615     3.2042  0.000e+00
     58.276   71.75122 -154.46108     58.886    -0.5870    -0.5895    -0.5886    32.2422    32.2599  1026.1872    25.9045    324.083    308.742  361.05543     89.760     85.517     0.0855     0.1648     3.7888     0.8727 1.0000e-12       4616     3.2049  0.000e+00
     58.338   71.75122 -154.46108     58.949    -0.5899    -0.5913    -0.5915    32.2436    32.2597  1026.1887    25.9056    323.891    308.526  361.07940     89.701     85.453     0.0855     0.1648     3.7888     0.8727 1.0000e-12       4617     3.2056  0.000e+00
     58.338   71.75122 -154.46108     58.949    -0.5916    -0.5926    -0.5932    32.2445    32.2599  1026.1895    25.9065    324.157    308.728  361.09307     89.771     85.506     0.0855     0.1648     3.7888     0.8727 1.0000e-12       4618     3.2062  0.000e+00
     58.384   71.75122 -154.46108     58.995    -0.5931    -0.5936    -0.5946    32.2453    32.2601  1026.1904    25.9072    323.980    308.776  361.10436     89.719     85.518     0.0855     0.1648     3.7961     0.8650 1.0000e-12       4619     3.2069  0.000e+00
     58.453   71.75122 -154.46108     59.066    -0.5940    -0.5942    -0.5955    32.2456    32.2598  1026.1910    25.9075    324.020    308.611  361.11210     89.728     85.470     0.0855     0.1648     3.8010     0.8599 1.0000e-12       4620     3.2076  0.000e+00
     58.507   71.75120 -154.46106     59.120    -0.5946    -0.5947    -0.5961    32.2462    32.2601  1026.1918    25.9080    324.023    308.615  361.11640     89.728     85.470     0.0855     0.1648     3.8010     0.8599 1.0000e-12       4621     3.2083  0.000e+00
     58.561   71.75120 -154.46106     59.175    -0.5950    -0.5947    -0.5966    32.2462    32.2601  1026.1921    25.9080    324.040    308.593  361.12078     89.732     85.464     0.0855     0.1648     3.8010     0.8599 8.4714e-06       4622     3.2090  0.000e+00
     58.561   71.75120 -154.46106     59.175    -0.5960    -0.5947    -0.5975    32.2464    32.2598  1026.1922    25.9081    324.071    308.578  361.12900     89.738     85.460     0.0855     0.1648     3.8010     0.8599 1.0000e-12       4623     3.2097  0.000e+00
     58.623   71.75120 -154.46106     59.237    -0.5960    -0.5947    -0.5975    32.2465    32.2598  1026.1927    25.9083    324.111    308.575  361.12863     89.749     85.459     0.0855     0.1648     3.8010     0.8599 1.0000e-12       4624     3.2104  0.000e+00
     58.669   71.75120 -154.46106     59.284    -0.5961    -0.5945    -0.5977    32.2468    32.2602  1026.1931    25.9085    324.164    308.353  361.12934     89.764     85.399     0.0855     0.1648     3.8010     0.8599 8.4714e-06       4625     3.2111  0.000e+00
     58.677   71.75120 -154.46106     59.292    -0.5961    -0.5938    -0.5977    32.2470    32.2603  1026.1933    25.9087    324.228    308.330  361.12876     89.782     85.394     0.0842     0.1575     3.7998     0.8612 8.4714e-06       4626     3.2118  0.000e+00
     58.793   71.75120 -154.46106     59.409    -0.5961    -0.5928    -0.5977    32.2470    32.2597  1026.1939    25.9087    324.011    308.319  361.12871     89.722     85.392     0.0855     0.1648     3.8010     0.8599 1.0000e-12       4627     3.2125  0.000e+00
     58.739   71.75120 -154.46106     59.354    -0.5961    -0.5923    -0.5977    32.2466    32.2595  1026.1933    25.9084    324.006    308.284  361.12994     89.720     85.384     0.0855     0.1648     3.8010     0.8599 8.4714e-06       4628     3.2132  0.000e+00
     58.855   71.75120 -154.46106     59.471    -0.5958    -0.5923    -0.5973    32.2471    32.2597  1026.1943    25.9087    324.064    308.046  361.12527     89.737     85.318     0.0855     0.1648     3.7998     0.8612 8.4714e-06       4629     3.2139  0.000e+00
     58.909   71.75120 -154.46106     59.526    -0.5952    -0.5922    -0.5967    32.2476    32.2593  1026.1949    25.9091    324.084    308.007  361.11781     89.745     85.307     0.0855     0.1648     3.8010     0.8599 1.0000e-12       4630     3.2146  0.000e+00
     58.901   71.75120 -154.46106     59.518    -0.5946    -0.5924    -0.5961    32.2472    32.2593  1026.1945    25.9088    323.867    307.979  361.11359     89.686     85.299     0.0855     0.1648     3.7998     0.8612 8.4714e-06       4631     3.2153  0.000e+00
     58.909   71.75120 -154.46106     59.526    -0.5944    -0.5929    -0.5960    32.2465    32.2597  1026.1940    25.9082    324.126    307.963  361.11404     89.757     85.294     0.0867     0.1721     3.8010     0.8599 1.0000e-12       4632     3.2160  0.000e+00
     58.963   71.75120 -154.46106     59.580    -0.5946    -0.5931    -0.5961    32.2467    32.2593  1026.1944    25.9083    324.149    307.926  361.11513     89.763     85.283     0.0855     0.1648     3.7998     0.8612 8.4714e-06       4633     3.2167  0.000e+00
     59.078   71.75120 -154.46106     59.697    -0.5944    -0.5931    -0.5960    32.2473    32.2591  1026.1955    25.9089    323.429    307.930  361.11158     89.565     85.284     0.0867     0.1721     3.7998     0.8612 1.0000e-12       4634     3.2174  0.000e+00
     59.024   71.75120 -154.46106     59.643    -0.5935    -0.5937    -0.5951    32.2475    32.2595  1026.1953    25.9090    323.828    307.941  361.10231     89.678     85.286     0.0867     0.1721     3.7998     0.8612 1.0000e-12       4635     3.2181  0.000e+00
     59.132   71.75120 -154.46106     59.752    -0.5929    -0.5949    -0.5944    32.2460    32.2591  1026.1946    25.9077    323.846    307.754  361.10067     89.683     85.231     0.0879     0.1795     3.7998     0.8612 8.4714e-06       4636     3.2188  0.000e+00
     59.140   71.75120 -154.46106     59.760    -0.5935    -0.5963    -0.5951    32.2450    32.2590  1026.1939    25.9070    323.884    307.959  361.10943     89.691     85.285     0.0867     0.1721     3.7998     0.8612 1.0000e-12       4637     3.2194  0.000e+00
     59.140   71.75120 -154.46106     59.760    -0.5947    -0.5970    -0.5963    32.2444    32.2589  1026.1934    25.9065    323.891    307.751  361.12274     89.690     85.225     0.0867     0.1721     3.7998     0.8612 8.4714e-06       4638     3.2201  0.000e+00
     59.194   71.75120 -154.46106     59.814    -0.5961    -0.5976    -0.5977    32.2443    32.2592  1026.1936    25.9065    324.165    307.746  361.13655     89.762     85.223     0.0867     0.1721     3.8046     0.8560 1.0000e-12       4639     3.2208  0.000e+00
     59.256   71.75120 -154.46106     59.877    -0.5973    -0.5986    -0.5989    32.2450    32.2593  1026.1946    25.9071    323.988    307.755  361.14579     89.711     85.223     0.0867     0.1721     3.8095     0.8509 1.0000e-12       4640     3.2215  0.000e+00
     59.302   71.75120 -154.46106     59.923    -0.5981    -0.5990    -0.5997    32.2453    32.2595  1026.1951    25.9074    323.774    307.768  361.15263     89.650     85.226     0.0867     0.1721     3.8095     0.8509 1.0000e-12       4641     3.2222  0.000e+00
     59.256   71.75120 -154.46106     59.877    -0.5990    -0.5993    -0.6006    32.2450    32.2594  1026.1947    25.9072    323.776    307.786  361.16209     89.648     85.230     0.0867     0.1721     3.8095     0.8509 1.0000e-12       4642     3.2229  0.000e+00
     59.364   71.75120 -154.46106     59.986    -0.6003    -0.5996    -0.6018    32.2455    32.2597  1026.1956    25.9076    323.799    307.598  361.17273     89.652     85.177     0.0855     0.1648     3.8095     0.8509 1.0000e-12       4643     3.2236  0.000e+00
     59.364   71.75120 -154.46106     59.986    -0.6008    -0.5994    -0.6023    32.2457    32.2596  1026.1958    25.9078    323.825    307.574  361.17715     89.658     85.171     0.0867     0.1721     3.8095     0.8509 8.4714e-06       4644     3.2243  0.000e+00
     59.364   71.75122 -154.46106     59.986    -0.6013    -0.5995    -0.6029    32.2456    32.2598  1026.1957    25.9077    323.866    307.592  361.18278     89.668     85.176     0.0855     0.1648     3.8095     0.8509 1.0000e-12       4645     3.2250  0.000e+00
     59.426   71.75122 -154.46106     60.048    -0.6018    -0.5993    -0.6034    32.2463    32.2595  1026.1966    25.9083    324.219    307.624  361.18527     89.765     85.185     0.0867     0.1721     3.8095     0.8509 1.0000e-12       4646     3.2257  0.000e+00
     59.472   71.75122 -154.46106     60.095    -0.6021    -0.5995    -0.6036    32.2460    32.2598  1026.1966    25.9081    324.034    307.414  361.18864     89.713     85.127     0.0879     0.1795     3.8095     0.8509 8.4714e-06       4647     3.2264  0.000e+00
     59.480   71.75122 -154.46106     60.103    -0.6023    -0.5998    -0.6038    32.2460    32.2598  1026.1966    25.9081    323.810    307.631  361.19037     89.651     85.186     0.0867     0.1721     3.8095     0.8509 1.0000e-12       4648     3.2271  0.000e+00
     59.480   71.75122 -154.46106     60.103    -0.6025    -0.5998    -0.6041    32.2463    32.2592  1026.1969    25.9083    323.805    307.664  361.19223     89.649     85.195     0.0867     0.1721     3.8095     0.8509 8.4714e-06       4649     3.2278  0.000e+00
