EcoFOCI/data/1_SampleCollection/2023_SikuliaqDBO_CruiseData/CTD_raw_BottleFile_SKQ23-12S/proc/skq202312s_032.ros
* Sea-Bird SBE 9 Data File:
* FileName = D:\CTD\SKQ202312S\SKQ202312S_032.hex
* Software Version Seasave V 7.26.7.121
* Temperature SN = 6177
* Conductivity SN = 0369
* Number of Bytes Per Scan = 41
* Number of Voltage Words = 4
* Number of Scans Averaged by the Deck Unit = 1
* NMEA Latitude = 71 32.18 N
* NMEA Longitude = 157 45.08 W
* NMEA UTC (Time) = Sep 21 2023  12:37:07
* NMEA baud rate = 4800
** Ship: R/V Sikuliaq
** Station Number: 032
** Station Name: DBO5.8
** Bottom Depth: 72
** Operator: SD
# nquan = 22
# nvalues = 1127                                  
# units = specified
# name 0 = depSM: Depth [salt water, m]
# name 1 = latitude: Latitude [deg]
# name 2 = longitude: Longitude [deg]
# name 3 = prDM: Pressure, Digiquartz [db]
# name 4 = t090C: Temperature [ITS-90, deg C]
# name 5 = t190C: Temperature, 2 [ITS-90, deg C]
# name 6 = potemp090C: Potential Temperature [ITS-90, deg C]
# name 7 = sal00: Salinity, Practical [PSU]
# name 8 = sal11: Salinity, Practical, 2 [PSU]
# name 9 = density00: Density [density, kg/m^3]
# name 10 = sigma-é00: Density [sigma-theta, kg/m^3]
# name 11 = sbox0Mm/Kg: Oxygen, SBE 43 [umol/kg]
# name 12 = sbox1Mm/Kg: Oxygen, SBE 43, 2 [umol/kg]
# name 13 = oxsolMm/Kg: Oxygen Saturation, Garcia & Gordon [umol/kg]
# name 14 = sbeox0PS: Oxygen, SBE 43 [% saturation]
# name 15 = v0: Voltage 0
# name 16 = flECO-AFL: Fluorescence, WET Labs ECO-AFL/FL [mg/m^3]
# name 17 = CStarAt0: Beam Attenuation, WET Labs C-Star [1/m]
# name 18 = par: PAR/Irradiance, Biospherical/Licor
# name 19 = scan: Scan Count
# name 20 = nbf: Bottles Fired
# name 21 = flag:  0.000e+00
# interval = seconds: 0.0416667
# start_time = Sep 21 2023 12:41:52 [NMEA time, first data scan]
# bad_flag = -9.990e-29
*END*
[from data line 527]
     29.763   71.53640 -157.75142     30.073    -1.4955    -1.4703    -1.4961    32.4283    32.4306  1026.2284    26.0832    314.957    300.884  369.39041     85.264     0.0757     0.1062     0.4847 1.0000e-12      20842         11  0.000e+00
     29.786   71.53640 -157.75142     30.096    -1.4971    -1.4716    -1.4976    32.4293    32.4305  1026.2294    26.0841    314.996    300.673  369.40287     85.272     0.0757     0.1062     0.4847 8.4714e-06      20843         11  0.000e+00
     29.825   71.53640 -157.75142     30.135    -1.4978    -1.4753    -1.4984    32.4296    32.4317  1026.2299    26.0844    315.027    300.710  369.40940     85.278     0.0745     0.0989     0.4847 8.4714e-06      20844         11  0.000e+00
     29.786   71.53640 -157.75142     30.096    -1.4984    -1.4797    -1.4989    32.4306    32.4330  1026.2305    26.0851    315.049    300.719  369.41248     85.284     0.0757     0.1062     0.4847 8.4714e-06      20845         11  0.000e+00
     29.879   71.53640 -157.75142     30.190    -1.4982    -1.4847    -1.4987    32.4304    32.4347  1026.2308    26.0850    315.069    300.736  369.41058     85.290     0.0757     0.1062     0.4847 8.4714e-06      20846         11  0.000e+00
     29.895   71.53640 -157.75142     30.205    -1.4982    -1.4885    -1.4987    32.4306    32.4365  1026.2310    26.0852    315.086    300.736  369.40998     85.294     0.0757     0.1062     0.4847 8.4714e-06      20847         11  0.000e+00
     29.941   71.53640 -157.75142     30.252    -1.4990    -1.4917    -1.4996    32.4316    32.4378  1026.2321    26.0860    315.109    300.732  369.41568     85.299     0.0757     0.1062     0.4847 8.4714e-06      20848         11  0.000e+00
     29.956   71.53640 -157.75142     30.268    -1.4991    -1.4942    -1.4996    32.4306    32.4391  1026.2313    26.0851    315.176    300.719  369.41935     85.317     0.0757     0.1062     0.4847 8.4714e-06      20849         11  0.000e+00
     29.995   71.53640 -157.75142     30.307    -1.5000    -1.4960    -1.5005    32.4314    32.4402  1026.2322    26.0858    315.197    300.731  369.42605     85.321     0.0757     0.1062     0.4847 8.4714e-06      20850         11  0.000e+00
     30.010   71.53640 -157.75142     30.322    -1.5005    -1.4972    -1.5011    32.4318    32.4407  1026.2326    26.0862    315.212    300.740  369.43009     85.324     0.0745     0.0989     0.4847 8.4714e-06      20851         11  0.000e+00
     30.049   71.53640 -157.75142     30.361    -1.5009    -1.4980    -1.5014    32.4319    32.4412  1026.2329    26.0863    315.226    300.974  369.43326     85.327     0.0757     0.1062     0.4847 8.4714e-06      20852         11  0.000e+00
     30.072   71.53640 -157.75142     30.385    -1.5013    -1.4982    -1.5019    32.4321    32.4416  1026.2332    26.0864    314.978    301.004  369.43730     85.259     0.0757     0.1062     0.4859 1.0000e-12      20853         11  0.000e+00
     19.243   71.53638 -157.75146     19.443    -1.1814    -1.1807    -1.1818    32.1783    32.1903  1025.9658    25.8721    344.938    329.932  367.00589     93.987     0.1026     0.2674     0.5047 1.0000e-12      24393         12  0.000e+00
     19.166   71.53638 -157.75146     19.365    -1.1831    -1.1808    -1.1835    32.1834    32.1910  1025.9696    25.8762    345.135    329.692  367.00873     94.040     0.1026     0.2674     0.5058 8.4714e-06      24394         12  0.000e+00
     19.282   71.53638 -157.75146     19.482    -1.1862    -1.1808    -1.1866    32.1894    32.1910  1025.9752    25.8812    345.154    329.434  367.02176     94.042     0.1013     0.2601     0.5058 8.4714e-06      24395         12  0.000e+00
     19.166   71.53638 -157.75146     19.365    -1.1881    -1.1808    -1.1885    32.1932    32.1917  1025.9777    25.8843    344.907    329.593  367.02886     93.973     0.1026     0.2674     0.5047 1.0000e-12      24396         12  0.000e+00
     19.189   71.53638 -157.75146     19.388    -1.1891    -1.1813    -1.1895    32.1949    32.1932  1025.9793    25.8858    345.136    329.603  367.03463     94.034     0.1038     0.2747     0.5058 1.0000e-12      24397         12  0.000e+00
     19.220   71.53638 -157.75146     19.419    -1.1893    -1.1813    -1.1897    32.1940    32.1940  1025.9787    25.8850    344.958    329.390  367.03841     93.984     0.1026     0.2674     0.5058 8.4714e-06      24398         12  0.000e+00
     19.166   71.53638 -157.75146     19.365    -1.1891    -1.1816    -1.1895    32.1929    32.1944  1025.9775    25.8841    344.943    329.380  367.04038     93.980     0.1026     0.2674     0.5058 1.0000e-12      24399         12  0.000e+00
     19.220   71.53638 -157.75146     19.419    -1.1887    -1.1814    -1.1891    32.1917    32.1940  1025.9768    25.8832    344.940    329.348  367.03935     93.979     0.1026     0.2674     0.5047 1.0000e-12      24400         12  0.000e+00
     19.243   71.53638 -157.75146     19.443    -1.1878    -1.1816    -1.1882    32.1895    32.1951  1025.9751    25.8814    344.793    329.321  367.03667     93.940     0.1026     0.2674     0.5058 8.4714e-06      24401         12  0.000e+00
     19.220   71.53638 -157.75146     19.419    -1.1871    -1.1814    -1.1875    32.1881    32.1954  1025.9739    25.8802    345.054    329.070  367.03448     94.011     0.1026     0.2674     0.5047 1.0000e-12      24402         12  0.000e+00
     19.166   71.53638 -157.75146     19.365    -1.1862    -1.1816    -1.1866    32.1861    32.1956  1025.9719    25.8785    344.808    329.219  367.03129     93.945     0.1026     0.2674     0.5047 1.0000e-12      24403         12  0.000e+00
     19.243   71.53638 -157.75146     19.443    -1.1856    -1.1816    -1.1860    32.1851    32.1959  1025.9715    25.8777    344.833    329.181  367.02804     93.953     0.1038     0.2747     0.5058 8.4714e-06      24404         12  0.000e+00
     19.220   71.53638 -157.75146     19.419    -1.1853    -1.1816    -1.1857    32.1853    32.1961  1025.9715    25.8779    344.610    329.177  367.02459     93.893     0.1026     0.2674     0.5058 8.4714e-06      24405         12  0.000e+00
     19.220   71.53638 -157.75146     19.419    -1.1849    -1.1818    -1.1853    32.1852    32.1961  1025.9714    25.8777    344.556    329.410  367.02103     93.879     0.1038     0.2747     0.5047 1.0000e-12      24406         12  0.000e+00
     19.220   71.53638 -157.75146     19.419    -1.1846    -1.1816    -1.1850    32.1855    32.1955  1025.9717    25.8780    344.511    329.223  367.01662     93.868     0.1026     0.2674     0.5047 8.4714e-06      24407         12  0.000e+00
     19.243   71.53638 -157.75146     19.443    -1.1844    -1.1816    -1.1848    32.1858    32.1947  1025.9720    25.8782    344.479    329.242  367.01428     93.860     0.1026     0.2674     0.5058 8.4714e-06      24408         12  0.000e+00
     19.282   71.53638 -157.75146     19.482    -1.1842    -1.1818    -1.1846    32.1858    32.1949  1025.9722    25.8782    344.509    329.268  367.01245     93.869     0.1026     0.2674     0.5058 8.4714e-06      24409         12  0.000e+00
     19.220   71.53638 -157.75148     19.419    -1.1838    -1.1820    -1.1842    32.1849    32.1950  1025.9711    25.8775    344.497    329.069  367.01112     93.865     0.1026     0.2674     0.5058 1.0000e-12      24410         12  0.000e+00
     19.282   71.53638 -157.75148     19.482    -1.1836    -1.1822    -1.1840    32.1839    32.1948  1025.9706    25.8767    344.502    329.079  367.01165     93.867     0.1038     0.2747     0.5094 1.0000e-12      24411         12  0.000e+00
     19.243   71.53638 -157.75148     19.443    -1.1833    -1.1820    -1.1837    32.1833    32.1948  1025.9699    25.8762    344.511    329.282  367.01076     93.869     0.1026     0.2674     0.5117 8.4714e-06      24412         12  0.000e+00
     19.282   71.53638 -157.75148     19.482    -1.1833    -1.1822    -1.1837    32.1830    32.1948  1025.9699    25.8760    344.535    329.335  367.01145     93.876     0.1038     0.2747     0.5117 1.0000e-12      24413         12  0.000e+00
     19.282   71.53638 -157.75148     19.482    -1.1836    -1.1822    -1.1840    32.1845    32.1947  1025.9711    25.8772    345.076    329.359  367.00993     94.024     0.1013     0.2601     0.5129 1.0000e-12      24414         12  0.000e+00
     19.305   71.53638 -157.75148     19.505    -1.1835    -1.1823    -1.1839    32.1851    32.1946  1025.9717    25.8776    344.699    329.164  367.00786     93.921     0.1026     0.2674     0.5117 8.4714e-06      24415         12  0.000e+00
     19.282   71.53638 -157.75148     19.482    -1.1838    -1.1825    -1.1842    32.1854    32.1944  1025.9719    25.8779    343.932    329.168  367.00899     93.712     0.1013     0.2601     0.5117 1.0000e-12      24416         12  0.000e+00
     19.336   71.53638 -157.75148     19.536    -1.1836    -1.1822    -1.1840    32.1860    32.1948  1025.9726    25.8784    344.309    329.177  367.00559     93.816     0.1013     0.2601     0.5117 1.0000e-12      24417         12  0.000e+00
     19.336   71.53638 -157.75148     19.536    -1.1838    -1.1822    -1.1842    32.1863    32.1951  1025.9728    25.8786    344.284    329.193  367.00663     93.809     0.1001     0.2527     0.5117 1.0000e-12      24418         12  0.000e+00
     19.305   71.53638 -157.75148     19.505    -1.1836    -1.1818    -1.1840    32.1864    32.1952  1025.9727    25.8787    344.265    329.211  367.00518     93.804     0.1013     0.2601     0.5129 1.0000e-12      24419         12  0.000e+00
     19.390   71.53638 -157.75148     19.591    -1.1838    -1.1818    -1.1842    32.1867    32.1960  1025.9734    25.8789    344.008    329.243  367.00537     93.734     0.1026     0.2674     0.5117 8.4714e-06      24420         12  0.000e+00
     19.336   71.53638 -157.75148     19.536    -1.1840    -1.1820    -1.1844    32.1878    32.1971  1025.9741    25.8799    344.219    329.276  367.00498     93.791     0.1013     0.2601     0.5129 1.0000e-12      24421         12  0.000e+00
     19.390   71.53638 -157.75148     19.591    -1.1842    -1.1820    -1.1846    32.1879    32.1974  1025.9744    25.8799    344.239    329.320  367.00636     93.797     0.1013     0.2601     0.5117 1.0000e-12      24422         12  0.000e+00
     19.359   71.53638 -157.75148     19.560    -1.1838    -1.1819    -1.1842    32.1878    32.1974  1025.9742    25.8799    344.260    329.367  367.00262     93.803     0.1013     0.2601     0.5129 8.4714e-06      24423         12  0.000e+00
     19.390   71.53638 -157.75148     19.591    -1.1844    -1.1820    -1.1848    32.1889    32.1968  1025.9752    25.8807    344.301    329.394  367.00530     93.814     0.1026     0.2674     0.5117 8.4714e-06      24424         12  0.000e+00
     19.452   71.53638 -157.75148     19.653    -1.1842    -1.1822    -1.1846    32.1891    32.1974  1025.9757    25.8809    344.347    329.426  367.00290     93.827     0.1013     0.2601     0.5117 1.0000e-12      24425         12  0.000e+00
     19.359   71.53638 -157.75148     19.560    -1.1840    -1.1820    -1.1844    32.1895    32.1971  1025.9756    25.8813    344.396    329.455  366.99998     93.841     0.1013     0.2601     0.5117 1.0000e-12      24426         12  0.000e+00
     19.452   71.53638 -157.75148     19.653    -1.1839    -1.1822    -1.1843    32.1895    32.1977  1025.9760    25.8812    344.415    329.498  366.99887     93.846     0.1026     0.2674     0.5129 1.0000e-12      24427         12  0.000e+00
     19.506   71.53638 -157.75148     19.708    -1.1840    -1.1822    -1.1844    32.1891    32.1981  1025.9759    25.8809    344.443    329.510  367.00071     93.854     0.1013     0.2601     0.5117 1.0000e-12      24428         12  0.000e+00
     19.390   71.53638 -157.75148     19.591    -1.1844    -1.1822    -1.1848    32.1897    32.1984  1025.9759    25.8814    344.473    329.520  367.00284     93.861     0.1026     0.2674     0.5117 1.0000e-12      24429         12  0.000e+00
     19.529   71.53638 -157.75148     19.731    -1.1848    -1.1825    -1.1853    32.1902    32.1986  1025.9769    25.8818    344.523    329.548  367.00604     93.874     0.1013     0.2601     0.5129 1.0000e-12      24430         12  0.000e+00
     19.452   71.53638 -157.75148     19.653    -1.1856    -1.1822    -1.1860    32.1914    32.1984  1025.9776    25.8828    344.572    329.792  367.00982     93.886     0.1013     0.2601     0.5094 8.4714e-06      24431         12  0.000e+00
     19.506   71.53638 -157.75148     19.708    -1.1859    -1.1825    -1.1863    32.1926    32.1983  1025.9788    25.8838    344.631    329.855  367.00976     93.902     0.1001     0.2527     0.5058 8.4714e-06      24432         12  0.000e+00
     19.529   71.53638 -157.75148     19.731    -1.1867    -1.1826    -1.1871    32.1938    32.1986  1025.9799    25.8848    344.701    329.916  367.01371     93.920     0.1013     0.2601     0.5047 1.0000e-12      24433         12  0.000e+00
     19.506   71.53638 -157.75148     19.708    -1.1870    -1.1833    -1.1874    32.1942    32.1992  1025.9801    25.8851    344.774    329.950  367.01535     93.940     0.1026     0.2674     0.5047 1.0000e-12      24434         12  0.000e+00
     19.506   71.53638 -157.75148     19.708    -1.1871    -1.1835    -1.1875    32.1937    32.1999  1025.9798    25.8847    344.807    330.015  367.01835     93.948     0.1013     0.2601     0.5058 8.4714e-06      24435         12  0.000e+00
     19.622   71.53638 -157.75148     19.825    -1.1866    -1.1837    -1.1870    32.1924    32.1997  1025.9792    25.8836    344.846    330.088  367.01655     93.959     0.1026     0.2674     0.5058 8.4714e-06      24436         12  0.000e+00
     19.529   71.53638 -157.75148     19.731    -1.1861    -1.1837    -1.1865    32.1927    32.2006  1025.9790    25.8838    344.928    330.150  367.01070     93.983     0.1013     0.2601     0.5047 1.0000e-12      24437         12  0.000e+00
     19.568   71.53638 -157.75148     19.770    -1.1850    -1.1835    -1.1854    32.1935    32.2007  1025.9798    25.8845    344.966    330.221  366.99816     93.997     0.1026     0.2674     0.5058 8.4714e-06      24438         12  0.000e+00
     19.622   71.53638 -157.75148     19.825    -1.1830    -1.1834    -1.1834    32.1949    32.2014  1025.9811    25.8855    344.999    330.294  366.97441     94.012     0.1013     0.2601     0.5047 1.0000e-12      24439         12  0.000e+00
     19.591   71.53638 -157.75148     19.794    -1.1810    -1.1833    -1.1814    32.1961    32.2020  1025.9819    25.8865    345.035    330.367  366.95113     94.028     0.1013     0.2601     0.5047 8.4714e-06      24440         12  0.000e+00
     19.622   71.53638 -157.75148     19.825    -1.1800    -1.1828    -1.1804    32.1956    32.2019  1025.9816    25.8860    345.095    330.443  366.94303     94.046     0.1013     0.2601     0.5047 1.0000e-12      24441         12  0.000e+00
     19.477   71.53638 -157.75150     19.679    -1.1851    -1.1866    -1.1855    32.1901    32.2064  1025.9767    25.8818    341.667    326.569  367.00899     93.095     0.1001     0.2527     0.5035 1.0000e-12      24633         13  0.000e+00
     19.454   71.53638 -157.75150     19.656    -1.1847    -1.1861    -1.1851    32.1903    32.2057  1025.9767    25.8819    341.644    326.574  367.00402     93.090     0.1001     0.2527     0.5023 8.4714e-06      24634         13  0.000e+00
     19.508   71.53638 -157.75150     19.710    -1.1847    -1.1858    -1.1851    32.1910    32.2055  1025.9775    25.8825    341.648    326.595  367.00253     93.091     0.1001     0.2527     0.5023 8.4714e-06      24635         13  0.000e+00
     19.423   71.53638 -157.75150     19.625    -1.1844    -1.1853    -1.1848    32.1909    32.2058  1025.9770    25.8824    341.660    326.392  366.99945     93.096     0.1013     0.2601     0.5023 1.0000e-12      24636         13  0.000e+00
