EcoFOCI/data/1_SampleCollection/2023_SikuliaqDBO_CruiseData/CTD_raw_BottleFile_SKQ23-12S/proc/skq202312s_025.ros
* Sea-Bird SBE 9 Data File:
* FileName = D:\CTD\SKQ202312S\SKQ202312S_025.hex
* Software Version Seasave V 7.26.7.121
* Temperature SN = 6177
* Conductivity SN = 0369
* Number of Bytes Per Scan = 41
* Number of Voltage Words = 4
* Number of Scans Averaged by the Deck Unit = 1
* NMEA Latitude = 71 14.81 N
* NMEA Longitude = 157 09.84 W
* NMEA UTC (Time) = Sep 20 2023  21:07:47
* NMEA baud rate = 4800
** Ship: R/V Sikuliaq
** Station Number: 025
** Station Name: DBO5.1
** Bottom Depth: 46
** Operator: SD
# nquan = 22
# nvalues = 882                                   
# units = specified
# name 0 = depSM: Depth [salt water, m]
# name 1 = latitude: Latitude [deg]
# name 2 = longitude: Longitude [deg]
# name 3 = prDM: Pressure, Digiquartz [db]
# name 4 = t090C: Temperature [ITS-90, deg C]
# name 5 = t190C: Temperature, 2 [ITS-90, deg C]
# name 6 = potemp090C: Potential Temperature [ITS-90, deg C]
# name 7 = sal00: Salinity, Practical [PSU]
# name 8 = sal11: Salinity, Practical, 2 [PSU]
# name 9 = density00: Density [density, kg/m^3]
# name 10 = sigma-é00: Density [sigma-theta, kg/m^3]
# name 11 = sbox0Mm/Kg: Oxygen, SBE 43 [umol/kg]
# name 12 = sbox1Mm/Kg: Oxygen, SBE 43, 2 [umol/kg]
# name 13 = oxsolMm/Kg: Oxygen Saturation, Garcia & Gordon [umol/kg]
# name 14 = sbeox0PS: Oxygen, SBE 43 [% saturation]
# name 15 = v0: Voltage 0
# name 16 = flECO-AFL: Fluorescence, WET Labs ECO-AFL/FL [mg/m^3]
# name 17 = CStarAt0: Beam Attenuation, WET Labs C-Star [1/m]
# name 18 = par: PAR/Irradiance, Biospherical/Licor
# name 19 = scan: Scan Count
# name 20 = nbf: Bottles Fired
# name 21 = flag:  0.000e+00
# interval = seconds: 0.0416667
# start_time = Sep 20 2023 21:11:24 [NMEA time, first data scan]
# bad_flag = -9.990e-29
*END*
[from data line 659]
     10.005   71.24682 -157.16440     10.109     4.0924     4.0934     4.0918    30.6660    30.6762  1024.3789    24.3316    308.858    296.823  324.51351     95.176     0.1600     0.6117     0.6252 8.2279e+00      19377         14  0.000e+00
     10.005   71.24682 -157.16440     10.109     4.0926     4.0937     4.0919    30.6661    30.6764  1024.3790    24.3317    308.865    296.630  324.51188     95.178     0.1587     0.6044     0.6252 8.2045e+00      19378         14  0.000e+00
     10.005   71.24682 -157.16440     10.109     4.0926     4.0939     4.0919    30.6661    30.6769  1024.3790    24.3317    308.874    296.817  324.51197     95.181     0.1587     0.6044     0.6252 8.1811e+00      19379         14  0.000e+00
     10.005   71.24682 -157.16440     10.109     4.0929     4.0939     4.0922    30.6660    30.6771  1024.3789    24.3316    308.883    296.835  324.50964     95.184     0.1575     0.5971     0.6252 8.1811e+00      19380         14  0.000e+00
     10.036   71.24682 -157.16440     10.140     4.0929     4.0941     4.0922    30.6665    30.6774  1024.3794    24.3319    308.895    296.851  324.50856     95.189     0.1587     0.6044     0.6252 8.1345e+00      19381         14  0.000e+00
     10.059   71.24682 -157.16440     10.163     4.0929     4.0942     4.0922    30.6668    30.6769  1024.3798    24.3322    308.909    296.867  324.50774     95.193     0.1575     0.5971     0.6265 8.1114e+00      19382         14  0.000e+00
     10.005   71.24682 -157.16440     10.109     4.0932     4.0942     4.0926    30.6670    30.6773  1024.3797    24.3323    308.918    296.877  324.50469     95.197     0.1587     0.6044     0.6265 8.1114e+00      19383         14  0.000e+00
     10.005   71.24682 -157.16440     10.109     4.0932     4.0943     4.0926    30.6671    30.6776  1024.3797    24.3324    308.900    296.887  324.50450     95.191     0.1575     0.5971     0.6265 8.0652e+00      19384         14  0.000e+00
     10.059   71.24682 -157.16440     10.163     4.0930     4.0944     4.0924    30.6675    30.6780  1024.3803    24.3327    308.919    296.897  324.50489     95.197     0.1587     0.6044     0.6265 8.0423e+00      19385         14  0.000e+00
     10.090   71.24682 -157.16440     10.194     4.0935     4.0944     4.0929    30.6675    30.6782  1024.3804    24.3327    308.934    296.906  324.50115     95.203     0.1575     0.5971     0.6265 8.0423e+00      19386         14  0.000e+00
     10.005   71.24682 -157.16440     10.109     4.0937     4.0947     4.0930    30.6673    30.6780  1024.3798    24.3325    308.949    296.907  324.50026     95.208     0.1587     0.6044     0.6265 7.9965e+00      19387         14  0.000e+00
     10.121   71.24682 -157.16440     10.226     4.0935     4.0947     4.0929    30.6673    30.6781  1024.3804    24.3325    308.941    296.915  324.50156     95.205     0.1575     0.5971     0.6265 7.9737e+00      19388         14  0.000e+00
     10.059   71.24682 -157.16440     10.163     4.0935     4.0945     4.0929    30.6676    30.6782  1024.3803    24.3327    308.958    296.917  324.50093     95.210     0.1575     0.5971     0.6265 7.9737e+00      19389         14  0.000e+00
     10.059   71.24682 -157.16440     10.163     4.0937     4.0948     4.0930    30.6676    30.6782  1024.3804    24.3328    308.979    296.915  324.49948     95.217     0.1575     0.5971     0.6265 7.9283e+00      19390         14  0.000e+00
     10.090   71.24682 -157.16440     10.195     4.0934     4.0948     4.0927    30.6680    30.6781  1024.3808    24.3331    309.005    296.915  324.50101     95.225     0.1587     0.6044     0.6265 7.8832e+00      19391         14  0.000e+00
     10.060   71.24682 -157.16440     10.163     4.0934     4.0948     4.0927    30.6682    30.6783  1024.3809    24.3333    308.993    296.911  324.50050     95.221     0.1575     0.5971     0.6265 7.8832e+00      19392         14  0.000e+00
     10.121   71.24684 -157.16440     10.226     4.0935     4.0948     4.0929    30.6680    30.6781  1024.3809    24.3330    309.020    296.910  324.49997     95.229     0.1587     0.6044     0.6265 7.8383e+00      19393         14  0.000e+00
     10.060   71.24684 -157.16440     10.163     4.0935     4.0947     4.0929    30.6681    30.6784  1024.3808    24.3332    309.042    296.902  324.49952     95.237     0.1575     0.5971     0.6265 7.7937e+00      19394         14  0.000e+00
     10.121   71.24684 -157.16440     10.226     4.0935     4.0947     4.0929    30.6683    30.6785  1024.3812    24.3333    309.071    297.086  324.49904     95.246     0.1575     0.5971     0.6252 7.7715e+00      19395         14  0.000e+00
     10.121   71.24684 -157.16440     10.226     4.0935     4.0948     4.0929    30.6686    30.6786  1024.3815    24.3336    309.099    296.905  324.49829     95.254     0.1575     0.5971     0.6265 7.7494e+00      19396         14  0.000e+00
     10.090   71.24684 -157.16440     10.195     4.0938     4.0948     4.0932    30.6684    30.6789  1024.3811    24.3334    309.337    296.891  324.49639     95.328     0.1575     0.5971     0.6265 7.6833e+00      19397         14  0.000e+00
     10.121   71.24684 -157.16440     10.226     4.0937     4.0947     4.0930    30.6683    30.6793  1024.3812    24.3333    309.157    297.068  324.49778     95.272     0.1575     0.5971     0.6265 7.6614e+00      19398         14  0.000e+00
     10.121   71.24684 -157.16440     10.226     4.0938     4.0948     4.0932    30.6681    30.6793  1024.3810    24.3331    309.575    297.072  324.49708     95.402     0.1575     0.5971     0.6265 7.6395e+00      19399         14  0.000e+00
     10.121   71.24684 -157.16440     10.226     4.0935     4.0945     4.0929    30.6684    30.6796  1024.3813    24.3334    309.424    297.075  324.49885     95.354     0.1575     0.5971     0.6265 7.5744e+00      19400         14  0.000e+00
     10.060   71.24684 -157.16440     10.164     4.0938     4.0950     4.0932    30.6683    30.6792  1024.3809    24.3333    309.443    296.879  324.49654     95.361     0.1575     0.5971     0.6265 7.5528e+00      19401         14  0.000e+00
     10.145   71.24684 -157.16440     10.249     4.0937     4.0949     4.0930    30.6685    30.6793  1024.3815    24.3335    309.504    297.049  324.49734     95.380     0.1575     0.5971     0.6277 7.5312e+00      19402         14  0.000e+00
     10.121   71.24684 -157.16440     10.226     4.0938     4.0948     4.0932    30.6684    30.6793  1024.3813    24.3334    309.525    297.044  324.49633     95.386     0.1587     0.6044     0.6277 7.4670e+00      19403         14  0.000e+00
      3.449   71.24684 -157.16440      3.485     4.0001     4.0235     3.9998    30.1204    30.1423  1023.9231    23.9068    311.946    298.979  326.58204     95.519     0.1832     0.7509     1.9275 7.2197e+01      21677         15  0.000e+00
      3.418   71.24684 -157.16440      3.454     4.0001     4.0245     3.9999    30.1206    30.1419  1023.9231    23.9069    311.951    298.967  326.58114     95.520     0.1832     0.7509     1.9275 7.2197e+01      21678         15  0.000e+00
      3.418   71.24684 -157.16440      3.454     4.0004     4.0251     4.0002    30.1202    30.1411  1023.9227    23.9066    311.923    298.982  326.57962     95.512     0.1832     0.7509     1.9275 7.2401e+01      21679         15  0.000e+00
      3.418   71.24684 -157.16440      3.454     4.0004     4.0251     4.0002    30.1210    30.1395  1023.9233    23.9071    311.717    298.981  326.57824     95.449     0.1819     0.7436     1.9275 7.2401e+01      21680         15  0.000e+00
      3.472   71.24684 -157.16440      3.508     4.0011     4.0243     4.0008    30.1211    30.1389  1023.9236    23.9072    311.870    298.985  326.57243     95.498     0.1832     0.7509     1.9275 7.2401e+01      21681         15  0.000e+00
      3.419   71.24684 -157.16440      3.454     4.0015     4.0233     4.0013    30.1207    30.1381  1023.9231    23.9069    311.876    298.987  326.56996     95.501     0.1832     0.7509     1.9275 7.2197e+01      21682         15  0.000e+00
      3.419   71.24684 -157.16440      3.454     4.0022     4.0217     4.0020    30.1201    30.1379  1023.9225    23.9063    311.671    298.994  326.56615     95.439     0.1832     0.7509     1.9275 7.2197e+01      21683         15  0.000e+00
      3.473   71.24684 -157.16440      3.508     4.0020     4.0210     4.0018    30.1202    30.1369  1023.9228    23.9064    311.835    298.996  326.56712     95.489     0.1832     0.7509     1.9275 7.1792e+01      21684         15  0.000e+00
      3.473   71.24684 -157.16440      3.508     4.0024     4.0202     4.0022    30.1190    30.1370  1023.9218    23.9054    311.850    299.015  326.56668     95.493     0.1832     0.7509     1.9275 7.1590e+01      21685         15  0.000e+00
      3.419   71.24684 -157.16440      3.454     4.0022     4.0196     4.0020    30.1169    30.1366  1023.9200    23.9038    311.871    299.032  326.57391     95.498     0.1832     0.7509     1.9325 7.1388e+01      21686         15  0.000e+00
      3.473   71.24684 -157.16440      3.508     4.0007     4.0194     4.0005    30.1160    30.1368  1023.9197    23.9032    311.872    299.048  326.58780     95.494     0.1832     0.7509     1.9376 7.0788e+01      21687         15  0.000e+00
      3.419   71.24684 -157.16440      3.454     3.9990     4.0195     3.9988    30.1152    30.1367  1023.9188    23.9026    311.904    299.037  326.60343     95.499     0.1832     0.7509     1.9376 7.0390e+01      21688         15  0.000e+00
      3.473   71.24684 -157.16440      3.508     3.9974     4.0197     3.9972    30.1143    30.1362  1023.9186    23.9021    311.941    299.028  326.61812     95.506     0.1832     0.7509     1.9376 7.0192e+01      21689         15  0.000e+00
      3.473   71.24684 -157.16440      3.508     3.9958     4.0197     3.9956    30.1141    30.1363  1023.9186    23.9021    311.941    299.018  326.63164     95.503     0.1832     0.7509     1.9376 6.9406e+01      21690         15  0.000e+00
      3.473   71.24684 -157.16440      3.508     3.9946     4.0193     3.9944    30.1145    30.1364  1023.9190    23.9025    311.971    299.010  326.64033     95.509     0.1832     0.7509     1.9376 6.8822e+01      21691         15  0.000e+00
      3.534   71.24684 -157.16440      3.571     3.9937     4.0186     3.9935    30.1165    30.1353  1023.9209    23.9042    311.999    299.198  326.64253     95.517     0.1832     0.7509     1.9376 6.8822e+01      21692         15  0.000e+00
      3.473   71.24684 -157.16440      3.509     3.9941     4.0178     3.9939    30.1180    30.1350  1023.9218    23.9053    312.012    299.211  326.63556     95.523     0.1832     0.7509     1.9376 6.8051e+01      21693         15  0.000e+00
      3.473   71.24684 -157.16440      3.509     3.9956     4.0171     3.9954    30.1176    30.1349  1023.9214    23.9049    312.025    299.031  326.62423     95.530     0.1832     0.7509     1.9376 6.7289e+01      21694         15  0.000e+00
      3.534   71.24684 -157.16440      3.571     3.9957     4.0168     3.9955    30.1159    30.1348  1023.9203    23.9036    312.057    299.041  326.62793     95.539     0.1832     0.7509     1.9376 6.7289e+01      21695         15  0.000e+00
      3.534   71.24684 -157.16440      3.571     3.9947     4.0168     3.9945    30.1141    30.1352  1023.9190    23.9022    312.062    299.046  326.63997     95.537     0.1819     0.7436     1.9376 6.6535e+01      21696         15  0.000e+00
      3.534   71.24684 -157.16440      3.571     3.9931     4.0163     3.9928    30.1139    30.1356  1023.9189    23.9022    312.105    299.054  326.65399     95.546     0.1832     0.7509     1.9376 6.5975e+01      21697         15  0.000e+00
      3.535   71.24684 -157.16440      3.571     3.9919     4.0160     3.9917    30.1132    30.1364  1023.9185    23.9018    312.145    299.229  326.66490     95.555     0.1832     0.7509     1.9376 6.5605e+01      21698         15  0.000e+00
      3.565   71.24684 -157.16440      3.602     3.9908     4.0163     3.9906    30.1115    30.1364  1023.9174    23.9005    312.189    299.230  326.67750     95.565     0.1832     0.7509     1.9376 6.5236e+01      21699         15  0.000e+00
      3.589   71.24684 -157.16440      3.626     3.9896     4.0168     3.9894    30.1122    30.1364  1023.9181    23.9011    312.231    299.228  326.68596     95.575     0.1832     0.7509     1.9376 6.4505e+01      21700         15  0.000e+00
      3.589   71.24684 -157.16440      3.626     3.9893     4.0162     3.9890    30.1129    30.1364  1023.9188    23.9018    312.265    299.232  326.68664     95.585     0.1832     0.7509     1.9376 6.4143e+01      21701         15  0.000e+00
      3.589   71.24684 -157.16440      3.626     3.9893     4.0154     3.9890    30.1134    30.1350  1023.9191    23.9021    312.264    299.239  326.68543     95.585     0.1844     0.7582     1.9376 6.3962e+01      21702         15  0.000e+00
      3.643   71.24684 -157.16440      3.680     3.9889     4.0135     3.9887    30.1130    30.1338  1023.9191    23.9019    312.269    299.086  326.68888     95.586     0.1868     0.7729     1.9376 6.3068e+01      21703         15  0.000e+00
      3.589   71.24684 -157.16440      3.626     3.9885     4.0127     3.9882    30.1120    30.1324  1023.9181    23.9011    312.308    299.281  326.69508     95.596     0.1880     0.7802     1.9376 6.3068e+01      21704         15  0.000e+00
      3.643   71.24684 -157.16440      3.680     3.9875     4.0127     3.9873    30.1119    30.1322  1023.9183    23.9011    312.320    299.301  326.70308     95.597     0.1868     0.7729     1.9376 6.2714e+01      21705         15  0.000e+00
      3.643   71.24684 -157.16440      3.680     3.9867     4.0119     3.9865    30.1124    30.1320  1023.9188    23.9016    312.361    299.323  326.70806     95.609     0.1880     0.7802     1.9308 6.2011e+01      21706         15  0.000e+00
      3.704   71.24684 -157.16440      3.743     3.9864     4.0119     3.9862    30.1127    30.1312  1023.9194    23.9018    312.368    299.343  326.70994     95.610     0.1868     0.7729     1.9208 6.1663e+01      21707         15  0.000e+00
      3.643   71.24684 -157.16440      3.680     3.9864     4.0122     3.9862    30.1139    30.1306  1023.9201    23.9028    312.366    299.353  326.70678     95.610     0.1880     0.7802     1.9191 6.1489e+01      21708         15  0.000e+00
      3.704   71.24684 -157.16440      3.743     3.9867     4.0121     3.9865    30.1154    30.1296  1023.9215    23.9039    312.152    299.372  326.70075     95.547     0.1868     0.7729     1.9191 6.0800e+01      21709         15  0.000e+00
      3.758   71.24684 -157.16440      3.797     3.9875     4.0119     3.9873    30.1159    30.1293  1023.9221    23.9043    312.365    299.389  326.69322     95.614     0.1868     0.7729     1.9208 6.0629e+01      21710         15  0.000e+00
      3.704   71.24684 -157.16440      3.743     3.9886     4.0111     3.9884    30.1159    30.1297  1023.9218    23.9042    312.358    299.404  326.68422     95.615     0.1868     0.7729     1.9191 6.0629e+01      21711         15  0.000e+00
      3.758   71.24684 -157.16440      3.797     3.9897     4.0094     3.9895    30.1156    30.1293  1023.9217    23.9039    312.357    299.431  326.67619     95.617     0.1880     0.7802     1.9191 5.9950e+01      21712         15  0.000e+00
      3.758   71.24684 -157.16440      3.797     3.9900     4.0074     3.9898    30.1148    30.1296  1023.9210    23.9032    312.362    299.457  326.67570     95.618     0.1868     0.7729     1.9191 5.9613e+01      21713         15  0.000e+00
      3.758   71.24684 -157.16440      3.797     3.9904     4.0052     3.9901    30.1141    30.1292  1023.9204    23.9026    312.400    299.463  326.67492     95.630     0.1880     0.7802     1.9208 5.9613e+01      21714         15  0.000e+00
