EcoFOCI/data/1_SampleCollection/2023_SikuliaqDBO_CruiseData/CTD_raw_BottleFile_SKQ23-12S/proc/skq202312s_057svp.cnv
* Sea-Bird SBE 9 Data File:
* FileName = D:\CTD\SKQ202312S\SKQ202312S_057.hex
* Software Version Seasave V 7.26.7.121
* Temperature SN = 6177
* Conductivity SN = 0369
* Number of Bytes Per Scan = 41
* Number of Voltage Words = 4
* Number of Scans Averaged by the Deck Unit = 1
* NMEA Latitude = 71 20.18 N
* NMEA Longitude = 164 36.58 W
* NMEA UTC (Time) = Sep 27 2023  08:27:58
* NMEA baud rate = 4800
** Ship: R/V Sikuliaq
** Station Number: 057
** Station Name: IC5
** Bottom Depth: 44
** Operator: SS
# nquan = 7
# nvalues = 5121                                  
# units = specified
# name 0 = depSM: Depth [salt water, m]
# name 1 = latitude: Latitude [deg]
# name 2 = longitude: Longitude [deg]
# name 3 = t090C: Temperature [ITS-90, deg C]
# name 4 = sal00: Salinity, Practical [PSU]
# name 5 = svCM: Sound Velocity [Chen-Millero, m/s]
# name 6 = flag:  0.000e+00
# span 0 =      2.121,     38.841                 
# span 1 =   71.33624,   71.33640                 
# span 2 = -164.61044, -164.61020                 
# span 3 =    -1.2715,     3.4471                 
# span 4 =    30.6016,    32.4982                 
# span 5 =    1440.33,    1459.35                 
# span 6 = 0.0000e+00, 0.0000e+00                 
# interval = seconds: 0.0416667
# start_time = Sep 27 2023 08:31:38 [NMEA time, first data scan]
# bad_flag = -9.990e-29
*END*
[from data line 1231]
      7.996   71.33626 -164.61030     2.8283    30.6154    1456.10  0.000e+00
      7.996   71.33626 -164.61030     2.8283    30.6149    1456.10  0.000e+00
      7.996   71.33626 -164.61030     2.8285    30.6166    1456.11  0.000e+00
      7.996   71.33626 -164.61030     2.8285    30.6169    1456.11  0.000e+00
      7.996   71.33626 -164.61030     2.8285    30.6171    1456.11  0.000e+00
      7.942   71.33626 -164.61030     2.8286    30.6172    1456.11  0.000e+00
      8.058   71.33626 -164.61030     2.8286    30.6167    1456.11  0.000e+00
      7.996   71.33626 -164.61030     2.8288    30.6163    1456.11  0.000e+00
      8.027   71.33626 -164.61032     2.8286    30.6164    1456.11  0.000e+00
      7.996   71.33626 -164.61032     2.8286    30.6161    1456.11  0.000e+00
      7.996   71.33626 -164.61032     2.8283    30.6162    1456.11  0.000e+00
      7.996   71.33626 -164.61032     2.8285    30.6161    1456.11  0.000e+00
      8.058   71.33626 -164.61032     2.8282    30.6160    1456.11  0.000e+00
      7.996   71.33626 -164.61032     2.8282    30.6162    1456.10  0.000e+00
      8.058   71.33626 -164.61032     2.8280    30.6165    1456.11  0.000e+00
      8.058   71.33626 -164.61032     2.8282    30.6161    1456.11  0.000e+00
      8.058   71.33626 -164.61032     2.8280    30.6169    1456.11  0.000e+00
      7.996   71.33626 -164.61032     2.8280    30.6172    1456.11  0.000e+00
      8.058   71.33626 -164.61032     2.8282    30.6171    1456.11  0.000e+00
      8.058   71.33626 -164.61032     2.8283    30.6173    1456.11  0.000e+00
      8.112   71.33626 -164.61032     2.8285    30.6173    1456.11  0.000e+00
      8.058   71.33626 -164.61032     2.8285    30.6170    1456.11  0.000e+00
      8.058   71.33626 -164.61032     2.8285    30.6167    1456.11  0.000e+00
      8.058   71.33626 -164.61032     2.8286    30.6170    1456.11  0.000e+00
      8.058   71.33626 -164.61032     2.8286    30.6168    1456.11  0.000e+00
      8.089   71.33626 -164.61032     2.8288    30.6167    1456.11  0.000e+00
      8.112   71.33626 -164.61032     2.8286    30.6170    1456.11  0.000e+00
      8.058   71.33626 -164.61032     2.8286    30.6166    1456.11  0.000e+00
      8.112   71.33626 -164.61032     2.8286    30.6166    1456.11  0.000e+00
      8.112   71.33626 -164.61032     2.8288    30.6168    1456.11  0.000e+00
      8.112   71.33626 -164.61032     2.8289    30.6162    1456.11  0.000e+00
      8.112   71.33626 -164.61032     2.8285    30.6161    1456.11  0.000e+00
      8.112   71.33626 -164.61032     2.8283    30.6162    1456.11  0.000e+00
      8.166   71.33626 -164.61032     2.8283    30.6162    1456.11  0.000e+00
      8.112   71.33626 -164.61032     2.8283    30.6165    1456.11  0.000e+00
      8.112   71.33626 -164.61032     2.8282    30.6164    1456.11  0.000e+00
      8.166   71.33626 -164.61032     2.8283    30.6166    1456.11  0.000e+00
      8.166   71.33626 -164.61032     2.8282    30.6170    1456.11  0.000e+00
      8.166   71.33626 -164.61032     2.8282    30.6165    1456.11  0.000e+00
      8.166   71.33626 -164.61032     2.8282    30.6165    1456.11  0.000e+00
      8.143   71.33626 -164.61032     2.8283    30.6164    1456.11  0.000e+00
      8.228   71.33626 -164.61032     2.8282    30.6165    1456.11  0.000e+00
      8.166   71.33626 -164.61032     2.8282    30.6162    1456.11  0.000e+00
      8.228   71.33626 -164.61032     2.8279    30.6163    1456.11  0.000e+00
      8.166   71.33626 -164.61032     2.8282    30.6158    1456.11  0.000e+00
      8.228   71.33626 -164.61032     2.8277    30.6165    1456.11  0.000e+00
      8.228   71.33626 -164.61032     2.8277    30.6169    1456.11  0.000e+00
      8.228   71.33626 -164.61032     2.8277    30.6163    1456.11  0.000e+00
      8.228   71.33626 -164.61032     2.8275    30.6165    1456.11  0.000e+00
      8.282   71.33626 -164.61032     2.8274    30.6161    1456.11  0.000e+00
      8.228   71.33626 -164.61032     2.8275    30.6164    1456.11  0.000e+00
      8.282   71.33626 -164.61032     2.8275    30.6161    1456.11  0.000e+00
      8.282   71.33626 -164.61032     2.8275    30.6162    1456.11  0.000e+00
      8.282   71.33626 -164.61032     2.8275    30.6163    1456.11  0.000e+00
      8.282   71.33626 -164.61032     2.8272    30.6163    1456.11  0.000e+00
      8.282   71.33626 -164.61032     2.8275    30.6166    1456.11  0.000e+00
      8.312   71.33626 -164.61032     2.8274    30.6170    1456.11  0.000e+00
      8.343   71.33626 -164.61032     2.8275    30.6172    1456.11  0.000e+00
      8.343   71.33626 -164.61032     2.8277    30.6173    1456.11  0.000e+00
      8.282   71.33626 -164.61032     2.8279    30.6172    1456.11  0.000e+00
      8.397   71.33626 -164.61032     2.8279    30.6174    1456.11  0.000e+00
      8.343   71.33626 -164.61032     2.8280    30.6174    1456.11  0.000e+00
      8.343   71.33626 -164.61032     2.8283    30.6064    1456.10  0.000e+00
      8.397   71.33626 -164.61032     2.8282    30.6116    1456.11  0.000e+00
      8.397   71.33626 -164.61032     2.8285    30.6167    1456.11  0.000e+00
      8.343   71.33626 -164.61032     2.8286    30.6169    1456.11  0.000e+00
      8.459   71.33626 -164.61032     2.8286    30.6170    1456.12  0.000e+00
      8.397   71.33626 -164.61032     2.8289    30.6170    1456.12  0.000e+00
      8.397   71.33626 -164.61032     2.8288    30.6169    1456.11  0.000e+00
      8.459   71.33626 -164.61032     2.8291    30.6166    1456.12  0.000e+00
      8.428   71.33626 -164.61032     2.8291    30.6174    1456.12  0.000e+00
      8.459   71.33626 -164.61032     2.8288    30.6171    1456.12  0.000e+00
      8.459   71.33626 -164.61032     2.8289    30.6172    1456.12  0.000e+00
      8.459   71.33626 -164.61032     2.8293    30.6168    1456.12  0.000e+00
      8.513   71.33626 -164.61032     2.8291    30.6170    1456.12  0.000e+00
      8.459   71.33626 -164.61032     2.8293    30.6167    1456.12  0.000e+00
      8.513   71.33626 -164.61032     2.8291    30.6173    1456.12  0.000e+00
      8.513   71.33626 -164.61032     2.8291    30.6172    1456.12  0.000e+00
      8.513   71.33626 -164.61032     2.8291    30.6175    1456.12  0.000e+00
      8.513   71.33626 -164.61032     2.8289    30.6172    1456.12  0.000e+00
      8.513   71.33626 -164.61032     2.8294    30.6167    1456.12  0.000e+00
      8.567   71.33626 -164.61032     2.8293    30.6173    1456.12  0.000e+00
      8.513   71.33626 -164.61032     2.8293    30.6173    1456.12  0.000e+00
      8.567   71.33626 -164.61032     2.8294    30.6168    1456.12  0.000e+00
      8.598   71.33626 -164.61032     2.8291    30.6172    1456.12  0.000e+00
      8.567   71.33626 -164.61032     2.8293    30.6172    1456.12  0.000e+00
      8.567   71.33626 -164.61032     2.8293    30.6166    1456.12  0.000e+00
      8.629   71.33626 -164.61032     2.8293    30.6169    1456.12  0.000e+00
      8.567   71.33626 -164.61032     2.8293    30.6169    1456.12  0.000e+00
      8.629   71.33626 -164.61032     2.8291    30.6171    1456.12  0.000e+00
      8.629   71.33626 -164.61032     2.8291    30.6172    1456.12  0.000e+00
      8.629   71.33626 -164.61032     2.8293    30.6167    1456.12  0.000e+00
      8.629   71.33626 -164.61032     2.8291    30.6174    1456.12  0.000e+00
      8.629   71.33626 -164.61032     2.8293    30.6170    1456.12  0.000e+00
      8.683   71.33626 -164.61032     2.8294    30.6169    1456.12  0.000e+00
      8.629   71.33626 -164.61032     2.8293    30.6170    1456.12  0.000e+00
      8.683   71.33626 -164.61032     2.8294    30.6169    1456.12  0.000e+00
      8.683   71.33626 -164.61032     2.8291    30.6170    1456.12  0.000e+00
      8.659   71.33626 -164.61032     2.8291    30.6170    1456.12  0.000e+00
      8.683   71.33626 -164.61032     2.8294    30.6169    1456.12  0.000e+00
      8.744   71.33626 -164.61032     2.8293    30.6169    1456.12  0.000e+00
      8.744   71.33626 -164.61032     2.8291    30.6170    1456.12  0.000e+00
      8.683   71.33626 -164.61032     2.8294    30.6169    1456.12  0.000e+00
      8.744   71.33626 -164.61032     2.8293    30.6169    1456.12  0.000e+00
      8.744   71.33626 -164.61032     2.8293    30.6170    1456.12  0.000e+00
      8.683   71.33626 -164.61032     2.8293    30.6168    1456.12  0.000e+00
      8.744   71.33626 -164.61032     2.8291    30.6169    1456.12  0.000e+00
      8.798   71.33626 -164.61032     2.8294    30.6168    1456.12  0.000e+00
      8.744   71.33626 -164.61032     2.8293    30.6171    1456.12  0.000e+00
      8.798   71.33626 -164.61032     2.8293    30.6175    1456.12  0.000e+00
      8.744   71.33626 -164.61032     2.8293    30.6174    1456.12  0.000e+00
      8.775   71.33626 -164.61032     2.8294    30.6170    1456.12  0.000e+00
      8.798   71.33626 -164.61032     2.8296    30.6172    1456.13  0.000e+00
      8.798   71.33626 -164.61032     2.8296    30.6171    1456.12  0.000e+00
      8.798   71.33626 -164.61032     2.8296    30.6174    1456.13  0.000e+00
      8.798   71.33626 -164.61032     2.8297    30.6179    1456.13  0.000e+00
      8.798   71.33626 -164.61032     2.8299    30.6178    1456.13  0.000e+00
      8.860   71.33626 -164.61032     2.8301    30.6176    1456.13  0.000e+00
      8.798   71.33626 -164.61032     2.8301    30.6179    1456.13  0.000e+00
      8.860   71.33626 -164.61032     2.8303    30.6178    1456.13  0.000e+00
      8.860   71.33626 -164.61032     2.8305    30.6180    1456.13  0.000e+00
      8.798   71.33626 -164.61032     2.8308    30.6176    1456.13  0.000e+00
      8.860   71.33626 -164.61032     2.8307    30.6182    1456.13  0.000e+00
      8.860   71.33626 -164.61032     2.8311    30.6177    1456.13  0.000e+00
      8.829   71.33626 -164.61032     2.8310    30.6181    1456.13  0.000e+00
      8.914   71.33626 -164.61032     2.8311    30.6179    1456.13  0.000e+00
      8.860   71.33626 -164.61032     2.8315    30.6179    1456.14  0.000e+00
      8.914   71.33626 -164.61032     2.8313    30.6183    1456.14  0.000e+00
      8.860   71.33626 -164.61032     2.8316    30.6179    1456.14  0.000e+00
      8.914   71.33626 -164.61032     2.8316    30.6179    1456.14  0.000e+00
      8.860   71.33626 -164.61032     2.8319    30.6177    1456.14  0.000e+00
      8.914   71.33626 -164.61032     2.8318    30.6183    1456.14  0.000e+00
      8.914   71.33626 -164.61032     2.8321    30.6177    1456.14  0.000e+00
      8.914   71.33626 -164.61032     2.8319    30.6179    1456.14  0.000e+00
      8.914   71.33626 -164.61032     2.8321    30.6178    1456.14  0.000e+00
      8.968   71.33626 -164.61032     2.8321    30.6178    1456.14  0.000e+00
      8.860   71.33626 -164.61032     2.8321    30.6181    1456.14  0.000e+00
      8.998   71.33626 -164.61032     2.8323    30.6175    1456.14  0.000e+00
      8.914   71.33626 -164.61032     2.8321    30.6181    1456.14  0.000e+00
      8.968   71.33626 -164.61032     2.8321    30.6182    1456.14  0.000e+00
      8.968   71.33626 -164.61032     2.8323    30.6181    1456.14  0.000e+00
      8.914   71.33626 -164.61032     2.8321    30.6183    1456.14  0.000e+00
      9.029   71.33626 -164.61032     2.8323    30.6177    1456.14  0.000e+00
      8.914   71.33626 -164.61032     2.8323    30.6179    1456.14  0.000e+00
      8.968   71.33626 -164.61032     2.8323    30.6177    1456.14  0.000e+00
      9.029   71.33626 -164.61032     2.8324    30.6181    1456.14  0.000e+00
      8.968   71.33626 -164.61032     2.8323    30.6183    1456.14  0.000e+00
      8.968   71.33626 -164.61032     2.8325    30.6179    1456.14  0.000e+00
      9.029   71.33626 -164.61032     2.8323    30.6181    1456.14  0.000e+00
      8.998   71.33626 -164.61032     2.8327    30.6178    1456.14  0.000e+00
      9.029   71.33626 -164.61032     2.8325    30.6179    1456.14  0.000e+00
      8.968   71.33626 -164.61032     2.8325    30.6179    1456.14  0.000e+00
      9.029   71.33626 -164.61032     2.8327    30.6180    1456.14  0.000e+00
      9.029   71.33626 -164.61032     2.8325    30.6181    1456.14  0.000e+00
      9.029   71.33626 -164.61032     2.8327    30.6184    1456.14  0.000e+00
      9.083   71.33626 -164.61032     2.8327    30.6179    1456.14  0.000e+00
      9.029   71.33626 -164.61032     2.8329    30.6178    1456.14  0.000e+00
      9.029   71.33626 -164.61032     2.8327    30.6182    1456.14  0.000e+00
      9.083   71.33626 -164.61032     2.8329    30.6186    1456.15  0.000e+00
      9.083   71.33626 -164.61032     2.8330    30.6183    1456.15  0.000e+00
      9.029   71.33626 -164.61032     2.8329    30.6182    1456.14  0.000e+00
      9.114   71.33626 -164.61032     2.8332    30.6182    1456.15  0.000e+00
      9.083   71.33626 -164.61032     2.8330    30.6185    1456.15  0.000e+00
      9.083   71.33626 -164.61032     2.8332    30.6185    1456.15  0.000e+00
      9.083   71.33626 -164.61032     2.8332    30.6188    1456.15  0.000e+00
      9.083   71.33626 -164.61032     2.8332    30.6191    1456.15  0.000e+00
      9.145   71.33626 -164.61032     2.8335    30.6186    1456.15  0.000e+00
      9.083   71.33626 -164.61032     2.8335    30.6188    1456.15  0.000e+00
      9.145   71.33626 -164.61032     2.8338    30.6189    1456.15  0.000e+00
      9.145   71.33626 -164.61032     2.8340    30.6193    1456.15  0.000e+00
      9.145   71.33626 -164.61032     2.8340    30.6192    1456.15  0.000e+00
      9.145   71.33626 -164.61032     2.8343    30.6190    1456.15  0.000e+00
      9.145   71.33626 -164.61032     2.8344    30.6192    1456.15  0.000e+00
      9.176   71.33626 -164.61032     2.8346    30.6191    1456.16  0.000e+00
      9.145   71.33626 -164.61032     2.8349    30.6195    1456.16  0.000e+00
      9.199   71.33626 -164.61032     2.8347    30.6194    1456.16  0.000e+00
      9.145   71.33626 -164.61032     2.8351    30.6190    1456.16  0.000e+00
      9.199   71.33626 -164.61032     2.8351    30.6189    1456.16  0.000e+00
      9.145   71.33626 -164.61032     2.8352    30.6190    1456.16  0.000e+00
      9.260   71.33626 -164.61032     2.8352    30.6193    1456.16  0.000e+00
      9.199   71.33626 -164.61032     2.8354    30.6194    1456.16  0.000e+00
      9.199   71.33626 -164.61032     2.8352    30.6194    1456.16  0.000e+00
      9.199   71.33626 -164.61032     2.8354    30.6190    1456.16  0.000e+00
      9.260   71.33626 -164.61032     2.8355    30.6190    1456.16  0.000e+00
      9.199   71.33626 -164.61032     2.8355    30.6190    1456.16  0.000e+00
      9.291   71.33626 -164.61032     2.8359    30.6187    1456.16  0.000e+00
      9.199   71.33626 -164.61032     2.8359    30.6191    1456.16  0.000e+00
      9.260   71.33626 -164.61032     2.8360    30.6190    1456.16  0.000e+00
      9.314   71.33626 -164.61032     2.8360    30.6195    1456.16  0.000e+00
      9.260   71.33626 -164.61032     2.8359    30.6197    1456.16  0.000e+00
      9.260   71.33626 -164.61032     2.8363    30.6205    1456.17  0.000e+00
      9.314   71.33626 -164.61032     2.8368    30.6211    1456.17  0.000e+00
      9.260   71.33626 -164.61032     2.8371    30.6214    1456.17  0.000e+00
      9.314   71.33626 -164.61032     2.8374    30.6216    1456.17  0.000e+00
      9.314   71.33626 -164.61032     2.8379    30.6213    1456.17  0.000e+00
      9.314   71.33626 -164.61032     2.8379    30.6215    1456.18  0.000e+00
      9.291   71.33626 -164.61032     2.8382    30.6215    1456.18  0.000e+00
      9.368   71.33626 -164.61032     2.8382    30.6219    1456.18  0.000e+00
      9.368   71.33626 -164.61032     2.8386    30.6217    1456.18  0.000e+00
      9.314   71.33626 -164.61032     2.8388    30.6219    1456.18  0.000e+00
      9.368   71.33626 -164.61032     2.8391    30.6217    1456.18  0.000e+00
      9.368   71.33626 -164.61032     2.8393    30.6220    1456.18  0.000e+00
      9.368   71.33626 -164.61032     2.8395    30.6219    1456.18  0.000e+00
      9.368   71.33626 -164.61032     2.8396    30.6220    1456.18  0.000e+00
