EcoFOCI/data/1_SampleCollection/2023_SikuliaqDBO_CruiseData/CTD_raw_BottleFile_SKQ23-12S/proc/skq202312s_032svp.cnv
* Sea-Bird SBE 9 Data File:
* FileName = D:\CTD\SKQ202312S\SKQ202312S_032.hex
* Software Version Seasave V 7.26.7.121
* Temperature SN = 6177
* Conductivity SN = 0369
* Number of Bytes Per Scan = 41
* Number of Voltage Words = 4
* Number of Scans Averaged by the Deck Unit = 1
* NMEA Latitude = 71 32.18 N
* NMEA Longitude = 157 45.08 W
* NMEA UTC (Time) = Sep 21 2023  12:37:07
* NMEA baud rate = 4800
** Ship: R/V Sikuliaq
** Station Number: 032
** Station Name: DBO5.8
** Bottom Depth: 72
** Operator: SD
# nquan = 7
# nvalues = 7300                                  
# units = specified
# name 0 = depSM: Depth [salt water, m]
# name 1 = latitude: Latitude [deg]
# name 2 = longitude: Longitude [deg]
# name 3 = t090C: Temperature [ITS-90, deg C]
# name 4 = sal00: Salinity, Practical [PSU]
# name 5 = svCM: Sound Velocity [Chen-Millero, m/s]
# name 6 = flag:  0.000e+00
# span 0 =      2.874,     65.566                 
# span 1 =   71.53636,   71.53644                 
# span 2 = -157.75158, -157.75112                 
# span 3 =    -1.6089,     2.4267                 
# span 4 =    29.6885,    32.9300                 
# span 5 =    1439.10,    1453.73                 
# span 6 = 0.0000e+00, 0.0000e+00                 
# interval = seconds: 0.0416667
# start_time = Sep 21 2023 12:41:52 [NMEA time, first data scan]
# bad_flag = -9.990e-29
*END*
[from data line 3077]
     32.630   71.53642 -157.75128    -1.5056    32.4856    1439.22  0.000e+00
     32.645   71.53642 -157.75128    -1.5059    32.4861    1439.22  0.000e+00
     32.745   71.53642 -157.75128    -1.5055    32.4862    1439.23  0.000e+00
     32.707   71.53642 -157.75128    -1.5056    32.4869    1439.23  0.000e+00
     32.707   71.53642 -157.75128    -1.5055    32.4877    1439.23  0.000e+00
     32.745   71.53642 -157.75128    -1.5056    32.4882    1439.23  0.000e+00
     32.815   71.53642 -157.75128    -1.5054    32.4888    1439.23  0.000e+00
     32.807   71.53642 -157.75128    -1.5055    32.4895    1439.23  0.000e+00
     32.815   71.53642 -157.75128    -1.5056    32.4898    1439.23  0.000e+00
     32.861   71.53642 -157.75128    -1.5055    32.4899    1439.23  0.000e+00
     32.930   71.53642 -157.75128    -1.5055    32.4903    1439.23  0.000e+00
     32.915   71.53642 -157.75128    -1.5055    32.4905    1439.23  0.000e+00
     32.930   71.53642 -157.75128    -1.5056    32.4909    1439.23  0.000e+00
     32.992   71.53642 -157.75128    -1.5054    32.4908    1439.24  0.000e+00
     32.976   71.53642 -157.75128    -1.5054    32.4908    1439.24  0.000e+00
     32.992   71.53642 -157.75128    -1.5054    32.4909    1439.24  0.000e+00
     33.092   71.53642 -157.75128    -1.5054    32.4911    1439.24  0.000e+00
     33.046   71.53642 -157.75128    -1.5055    32.4914    1439.24  0.000e+00
     33.092   71.53642 -157.75128    -1.5054    32.4915    1439.24  0.000e+00
     33.108   71.53642 -157.75128    -1.5054    32.4913    1439.24  0.000e+00
     33.162   71.53642 -157.75128    -1.5052    32.4917    1439.24  0.000e+00
     33.146   71.53642 -157.75128    -1.5052    32.4922    1439.24  0.000e+00
     33.162   71.53642 -157.75128    -1.5048    32.4920    1439.24  0.000e+00
     33.262   71.53642 -157.75128    -1.5052    32.4924    1439.24  0.000e+00
     33.161   71.53642 -157.75128    -1.5047    32.4921    1439.24  0.000e+00
     33.262   71.53642 -157.75128    -1.5047    32.4927    1439.25  0.000e+00
     33.277   71.53642 -157.75128    -1.5045    32.4930    1439.25  0.000e+00
     33.331   71.53642 -157.75128    -1.5043    32.4936    1439.25  0.000e+00
     33.316   71.53642 -157.75128    -1.5041    32.4938    1439.25  0.000e+00
     33.331   71.53642 -157.75128    -1.5040    32.4938    1439.25  0.000e+00
     33.377   71.53642 -157.75128    -1.5040    32.4947    1439.26  0.000e+00
     33.393   71.53642 -157.75128    -1.5036    32.4953    1439.26  0.000e+00
     33.377   71.53642 -157.75128    -1.5033    32.4952    1439.26  0.000e+00
     33.447   71.53642 -157.75128    -1.5032    32.4958    1439.26  0.000e+00
     33.447   71.53642 -157.75128    -1.5031    32.4960    1439.26  0.000e+00
     33.493   71.53642 -157.75128    -1.5026    32.4958    1439.26  0.000e+00
     33.562   71.53642 -157.75128    -1.5026    32.4966    1439.27  0.000e+00
     33.547   71.53642 -157.75128    -1.5026    32.4972    1439.27  0.000e+00
     33.562   71.53642 -157.75128    -1.5024    32.4968    1439.27  0.000e+00
     33.493   71.53642 -157.75128    -1.5024    32.4970    1439.27  0.000e+00
     33.732   71.53642 -157.75128    -1.5024    32.4975    1439.27  0.000e+00
     33.562   71.53642 -157.75128    -1.5025    32.4981    1439.27  0.000e+00
     33.717   71.53642 -157.75128    -1.5024    32.4982    1439.27  0.000e+00
     33.616   71.53642 -157.75128    -1.5026    32.4986    1439.27  0.000e+00
     33.717   71.53642 -157.75126    -1.5026    32.4989    1439.27  0.000e+00
     33.678   71.53642 -157.75126    -1.5026    32.4991    1439.27  0.000e+00
     33.732   71.53642 -157.75126    -1.5027    32.4994    1439.27  0.000e+00
     33.717   71.53642 -157.75126    -1.5024    32.4996    1439.27  0.000e+00
     33.794   71.53642 -157.75126    -1.5026    32.5003    1439.28  0.000e+00
     33.717   71.53642 -157.75126    -1.5022    32.5006    1439.28  0.000e+00
     33.794   71.53642 -157.75126    -1.5022    32.5011    1439.28  0.000e+00
     33.717   71.53642 -157.75126    -1.5018    32.5011    1439.28  0.000e+00
     33.794   71.53642 -157.75126    -1.5017    32.5017    1439.28  0.000e+00
     33.848   71.53642 -157.75126    -1.5013    32.5017    1439.28  0.000e+00
     33.778   71.53642 -157.75126    -1.5012    32.5023    1439.29  0.000e+00
     33.902   71.53642 -157.75126    -1.5007    32.5027    1439.29  0.000e+00
     33.832   71.53642 -157.75126    -1.5004    32.5029    1439.29  0.000e+00
     33.848   71.53642 -157.75126    -1.5000    32.5030    1439.29  0.000e+00
     33.902   71.53642 -157.75126    -1.4998    32.5035    1439.30  0.000e+00
     33.948   71.53642 -157.75126    -1.4992    32.5035    1439.30  0.000e+00
     33.902   71.53642 -157.75126    -1.4989    32.5036    1439.30  0.000e+00
     33.894   71.53642 -157.75126    -1.4984    32.5040    1439.30  0.000e+00
     33.963   71.53642 -157.75126    -1.4980    32.5043    1439.31  0.000e+00
     34.010   71.53642 -157.75126    -1.4975    32.5045    1439.31  0.000e+00
     33.902   71.53642 -157.75126    -1.4969    32.5047    1439.31  0.000e+00
     33.963   71.53642 -157.75126    -1.4966    32.5049    1439.31  0.000e+00
     34.010   71.53642 -157.75126    -1.4964    32.5049    1439.32  0.000e+00
     33.963   71.53642 -157.75126    -1.4961    32.5047    1439.32  0.000e+00
     34.009   71.53642 -157.75126    -1.4961    32.5049    1439.32  0.000e+00
     34.017   71.53642 -157.75126    -1.4960    32.5054    1439.32  0.000e+00
     34.017   71.53642 -157.75126    -1.4959    32.5055    1439.32  0.000e+00
     34.063   71.53642 -157.75126    -1.4959    32.5064    1439.32  0.000e+00
     34.017   71.53642 -157.75126    -1.4954    32.5059    1439.32  0.000e+00
     34.117   71.53642 -157.75126    -1.4950    32.5061    1439.33  0.000e+00
     34.017   71.53642 -157.75126    -1.4954    32.5066    1439.32  0.000e+00
     34.133   71.53642 -157.75126    -1.4950    32.5067    1439.33  0.000e+00
     34.063   71.53642 -157.75126    -1.4950    32.5071    1439.33  0.000e+00
     34.133   71.53642 -157.75126    -1.4950    32.5067    1439.33  0.000e+00
     34.117   71.53642 -157.75126    -1.4949    32.5073    1439.33  0.000e+00
     34.133   71.53642 -157.75126    -1.4948    32.5070    1439.33  0.000e+00
     34.117   71.53642 -157.75126    -1.4948    32.5071    1439.33  0.000e+00
     34.133   71.53642 -157.75126    -1.4948    32.5073    1439.33  0.000e+00
     34.194   71.53642 -157.75126    -1.4948    32.5076    1439.33  0.000e+00
     34.179   71.53642 -157.75126    -1.4948    32.5075    1439.33  0.000e+00
     34.194   71.53642 -157.75126    -1.4950    32.5077    1439.33  0.000e+00
     34.179   71.53642 -157.75126    -1.4949    32.5078    1439.33  0.000e+00
     34.194   71.53642 -157.75126    -1.4950    32.5076    1439.33  0.000e+00
     34.248   71.53642 -157.75126    -1.4950    32.5076    1439.33  0.000e+00
     34.295   71.53642 -157.75126    -1.4950    32.5074    1439.33  0.000e+00
     34.248   71.53642 -157.75126    -1.4952    32.5081    1439.33  0.000e+00
     34.295   71.53642 -157.75126    -1.4954    32.5079    1439.33  0.000e+00
     34.302   71.53642 -157.75126    -1.4955    32.5076    1439.33  0.000e+00
     34.248   71.53642 -157.75128    -1.4959    32.5080    1439.33  0.000e+00
     34.349   71.53642 -157.75128    -1.4963    32.5079    1439.33  0.000e+00
     34.302   71.53642 -157.75128    -1.4966    32.5082    1439.32  0.000e+00
     34.349   71.53642 -157.75128    -1.4969    32.5085    1439.32  0.000e+00
     34.364   71.53642 -157.75128    -1.4974    32.5087    1439.32  0.000e+00
     34.364   71.53642 -157.75128    -1.4980    32.5087    1439.32  0.000e+00
     34.410   71.53642 -157.75128    -1.4982    32.5080    1439.32  0.000e+00
     34.418   71.53642 -157.75128    -1.4984    32.5082    1439.32  0.000e+00
     34.410   71.53642 -157.75128    -1.4994    32.5087    1439.31  0.000e+00
     34.480   71.53642 -157.75128    -1.4997    32.5080    1439.31  0.000e+00
     34.418   71.53642 -157.75128    -1.5004    32.5089    1439.31  0.000e+00
     34.518   71.53642 -157.75128    -1.5010    32.5094    1439.31  0.000e+00
     34.534   71.53642 -157.75128    -1.5017    32.5101    1439.31  0.000e+00
     34.518   71.53642 -157.75128    -1.5026    32.5105    1439.30  0.000e+00
     34.595   71.53642 -157.75128    -1.5040    32.5117    1439.30  0.000e+00
     34.595   71.53642 -157.75128    -1.5054    32.5123    1439.29  0.000e+00
     34.634   71.53642 -157.75128    -1.5066    32.5124    1439.29  0.000e+00
     34.595   71.53642 -157.75128    -1.5081    32.5132    1439.28  0.000e+00
     34.696   71.53642 -157.75128    -1.5094    32.5142    1439.28  0.000e+00
     34.649   71.53642 -157.75128    -1.5109    32.5150    1439.27  0.000e+00
     34.703   71.53642 -157.75128    -1.5116    32.5156    1439.27  0.000e+00
     34.696   71.53642 -157.75128    -1.5126    32.5169    1439.27  0.000e+00
     34.765   71.53642 -157.75128    -1.5133    32.5178    1439.26  0.000e+00
     34.749   71.53642 -157.75128    -1.5139    32.5188    1439.26  0.000e+00
     34.819   71.53642 -157.75126    -1.5142    32.5197    1439.26  0.000e+00
     34.819   71.53642 -157.75126    -1.5145    32.5205    1439.26  0.000e+00
     34.865   71.53642 -157.75126    -1.5143    32.5207    1439.26  0.000e+00
     34.881   71.53642 -157.75126    -1.5148    32.5217    1439.26  0.000e+00
     34.919   71.53642 -157.75126    -1.5147    32.5220    1439.27  0.000e+00
     34.881   71.53642 -157.75126    -1.5148    32.5225    1439.27  0.000e+00
     34.996   71.53642 -157.75126    -1.5147    32.5229    1439.27  0.000e+00
     34.981   71.53642 -157.75126    -1.5148    32.5233    1439.27  0.000e+00
     34.996   71.53642 -157.75126    -1.5148    32.5235    1439.27  0.000e+00
     35.035   71.53642 -157.75126    -1.5148    32.5236    1439.27  0.000e+00
     35.050   71.53642 -157.75126    -1.5151    32.5241    1439.27  0.000e+00
     35.104   71.53642 -157.75126    -1.5148    32.5240    1439.27  0.000e+00
     35.150   71.53642 -157.75126    -1.5151    32.5244    1439.27  0.000e+00
     35.104   71.53642 -157.75126    -1.5151    32.5247    1439.27  0.000e+00
     35.212   71.53642 -157.75126    -1.5150    32.5248    1439.27  0.000e+00
     35.166   71.53642 -157.75126    -1.5151    32.5252    1439.27  0.000e+00
     35.220   71.53642 -157.75126    -1.5151    32.5255    1439.27  0.000e+00
     35.212   71.53642 -157.75126    -1.5151    32.5256    1439.27  0.000e+00
     35.282   71.53642 -157.75126    -1.5148    32.5254    1439.28  0.000e+00
     35.282   71.53642 -157.75126    -1.5148    32.5261    1439.28  0.000e+00
     35.382   71.53642 -157.75126    -1.5150    32.5265    1439.28  0.000e+00
     35.336   71.53642 -157.75126    -1.5148    32.5263    1439.28  0.000e+00
     35.320   71.53642 -157.75126    -1.5148    32.5267    1439.28  0.000e+00
     35.397   71.53642 -157.75126    -1.5150    32.5271    1439.28  0.000e+00
     35.397   71.53642 -157.75126    -1.5147    32.5267    1439.28  0.000e+00
     35.497   71.53642 -157.75126    -1.5151    32.5275    1439.28  0.000e+00
     35.451   71.53642 -157.75126    -1.5147    32.5273    1439.28  0.000e+00
     35.497   71.53642 -157.75126    -1.5150    32.5277    1439.28  0.000e+00
     35.505   71.53642 -157.75126    -1.5148    32.5280    1439.28  0.000e+00
     35.505   71.53642 -157.75126    -1.5145    32.5277    1439.28  0.000e+00
     35.551   71.53642 -157.75126    -1.5147    32.5284    1439.28  0.000e+00
     35.567   71.53642 -157.75126    -1.5147    32.5284    1439.29  0.000e+00
     35.567   71.53642 -157.75126    -1.5147    32.5286    1439.29  0.000e+00
     35.613   71.53642 -157.75126    -1.5145    32.5286    1439.29  0.000e+00
     35.621   71.53642 -157.75126    -1.5145    32.5289    1439.29  0.000e+00
     35.667   71.53642 -157.75126    -1.5145    32.5292    1439.29  0.000e+00
     35.621   71.53642 -157.75126    -1.5147    32.5295    1439.29  0.000e+00
     35.682   71.53642 -157.75126    -1.5145    32.5292    1439.29  0.000e+00
     35.729   71.53642 -157.75126    -1.5143    32.5290    1439.29  0.000e+00
     35.736   71.53642 -157.75126    -1.5143    32.5288    1439.29  0.000e+00
     35.682   71.53642 -157.75126    -1.5145    32.5291    1439.29  0.000e+00
     35.783   71.53642 -157.75126    -1.5145    32.5290    1439.29  0.000e+00
     35.736   71.53642 -157.75126    -1.5147    32.5295    1439.29  0.000e+00
     35.783   71.53642 -157.75126    -1.5147    32.5294    1439.29  0.000e+00
     35.798   71.53642 -157.75126    -1.5142    32.5291    1439.29  0.000e+00
     35.798   71.53642 -157.75126    -1.5142    32.5296    1439.29  0.000e+00
     35.837   71.53642 -157.75126    -1.5142    32.5294    1439.29  0.000e+00
     35.852   71.53642 -157.75126    -1.5142    32.5301    1439.29  0.000e+00
     35.852   71.53642 -157.75126    -1.5141    32.5303    1439.30  0.000e+00
     35.837   71.53642 -157.75126    -1.5141    32.5303    1439.30  0.000e+00
     35.852   71.53642 -157.75126    -1.5139    32.5302    1439.30  0.000e+00
     35.898   71.53642 -157.75126    -1.5141    32.5308    1439.30  0.000e+00
     35.852   71.53642 -157.75126    -1.5138    32.5304    1439.30  0.000e+00
     35.906   71.53642 -157.75126    -1.5139    32.5305    1439.30  0.000e+00
     35.952   71.53642 -157.75126    -1.5138    32.5307    1439.30  0.000e+00
     35.906   71.53642 -157.75126    -1.5138    32.5311    1439.30  0.000e+00
     35.906   71.53642 -157.75126    -1.5138    32.5310    1439.30  0.000e+00
     35.952   71.53642 -157.75126    -1.5139    32.5312    1439.30  0.000e+00
     35.906   71.53642 -157.75126    -1.5136    32.5308    1439.30  0.000e+00
     36.014   71.53642 -157.75126    -1.5138    32.5313    1439.30  0.000e+00
     35.968   71.53642 -157.75126    -1.5138    32.5314    1439.30  0.000e+00
     35.968   71.53642 -157.75126    -1.5136    32.5311    1439.30  0.000e+00
     36.014   71.53642 -157.75126    -1.5138    32.5311    1439.30  0.000e+00
     36.022   71.53642 -157.75126    -1.5136    32.5311    1439.30  0.000e+00
     36.022   71.53642 -157.75126    -1.5135    32.5313    1439.30  0.000e+00
     36.014   71.53642 -157.75126    -1.5136    32.5317    1439.30  0.000e+00
     36.083   71.53642 -157.75126    -1.5135    32.5314    1439.30  0.000e+00
     36.022   71.53642 -157.75126    -1.5136    32.5318    1439.30  0.000e+00
     36.068   71.53642 -157.75126    -1.5135    32.5318    1439.30  0.000e+00
     36.083   71.53642 -157.75126    -1.5135    32.5316    1439.30  0.000e+00
     36.068   71.53642 -157.75126    -1.5135    32.5319    1439.30  0.000e+00
     36.137   71.53642 -157.75126    -1.5135    32.5319    1439.30  0.000e+00
     36.137   71.53642 -157.75128    -1.5135    32.5314    1439.30  0.000e+00
     36.129   71.53642 -157.75128    -1.5133    32.5316    1439.31  0.000e+00
     36.137   71.53642 -157.75128    -1.5135    32.5319    1439.30  0.000e+00
     36.137   71.53642 -157.75128    -1.5133    32.5315    1439.31  0.000e+00
     36.183   71.53642 -157.75128    -1.5135    32.5320    1439.31  0.000e+00
     36.199   71.53642 -157.75128    -1.5135    32.5319    1439.31  0.000e+00
     36.183   71.53642 -157.75128    -1.5133    32.5321    1439.31  0.000e+00
     36.199   71.53642 -157.75128    -1.5133    32.5322    1439.31  0.000e+00
     36.253   71.53642 -157.75128    -1.5135    32.5326    1439.31  0.000e+00
     36.299   71.53642 -157.75128    -1.5131    32.5325    1439.31  0.000e+00
     36.253   71.53642 -157.75128    -1.5133    32.5328    1439.31  0.000e+00
     36.253   71.53642 -157.75128    -1.5133    32.5330    1439.31  0.000e+00
     36.353   71.53642 -157.75128    -1.5133    32.5336    1439.31  0.000e+00
     36.307   71.53642 -157.75128    -1.5133    32.5337    1439.31  0.000e+00
     36.307   71.53642 -157.75128    -1.5133    32.5336    1439.31  0.000e+00
     36.415   71.53642 -157.75128    -1.5135    32.5338    1439.31  0.000e+00
     36.368   71.53642 -157.75128    -1.5131    32.5336    1439.31  0.000e+00
