EcoFOCI/data/1_SampleCollection/2023_SikuliaqDBO_CruiseData/CTD_raw_BottleFile_SKQ23-12S/proc/skq202312s_001.ros
* Sea-Bird SBE 9 Data File:
* FileName = D:\CTD\SKQ202312S\SKQ202312S_001.hex
* Software Version Seasave V 7.26.7.121
* Temperature SN = 6177
* Conductivity SN = 0369
* Number of Bytes Per Scan = 41
* Number of Voltage Words = 4
* Number of Scans Averaged by the Deck Unit = 1
* NMEA Latitude = 62 11.69 N
* NMEA Longitude = 174 40.42 W
* NMEA UTC (Time) = Sep 14 2023  13:19:49
* NMEA baud rate = 4800
** Ship: R/V Sikuliaq
** Station Number: 001
** Station Name: Mooring M8
** Bottom Depth: 73
** Operator: SD
# nquan = 22
# nvalues = 1127                                  
# units = specified
# name 0 = depSM: Depth [salt water, m]
# name 1 = latitude: Latitude [deg]
# name 2 = longitude: Longitude [deg]
# name 3 = prDM: Pressure, Digiquartz [db]
# name 4 = t090C: Temperature [ITS-90, deg C]
# name 5 = t190C: Temperature, 2 [ITS-90, deg C]
# name 6 = potemp090C: Potential Temperature [ITS-90, deg C]
# name 7 = sal00: Salinity, Practical [PSU]
# name 8 = sal11: Salinity, Practical, 2 [PSU]
# name 9 = density00: Density [density, kg/m^3]
# name 10 = sigma-é00: Density [sigma-theta, kg/m^3]
# name 11 = sbox0Mm/Kg: Oxygen, SBE 43 [umol/kg]
# name 12 = sbox1Mm/Kg: Oxygen, SBE 43, 2 [umol/kg]
# name 13 = oxsolMm/Kg: Oxygen Saturation, Garcia & Gordon [umol/kg]
# name 14 = sbeox0PS: Oxygen, SBE 43 [% saturation]
# name 15 = v0: Voltage 0
# name 16 = flECO-AFL: Fluorescence, WET Labs ECO-AFL/FL [mg/m^3]
# name 17 = CStarAt0: Beam Attenuation, WET Labs C-Star [1/m]
# name 18 = par: PAR/Irradiance, Biospherical/Licor
# name 19 = scan: Scan Count
# name 20 = nbf: Bottles Fired
# name 21 = flag:  0.000e+00
# interval = seconds: 0.0416667
# start_time = Sep 14 2023 13:27:19 [NMEA time, first data scan]
# bad_flag = -9.990e-29
*END*
[from data line 922]
     10.021   62.19454 -174.67402     10.118     7.7519     7.7543     7.7509    30.7787    30.7871  1024.0415    23.9951    288.101    276.792  297.54458     96.826     0.2247     1.0000     0.7458 1.0000e-12      35368         19  0.000e+00
     10.082   62.19454 -174.67402     10.180     7.7516     7.7541     7.7506    30.7787    30.7871  1024.0418    23.9951    288.106    276.616  297.54672     96.827     0.2259     1.0073     0.7458 1.0000e-12      35369         19  0.000e+00
     10.052   62.19454 -174.67402     10.149     7.7517     7.7543     7.7508    30.7783    30.7868  1024.0414    23.9948    288.107    276.588  297.54644     96.827     0.2247     1.0000     0.7458 1.0000e-12      35370         19  0.000e+00
     10.021   62.19454 -174.67402     10.118     7.7516     7.7541     7.7506    30.7786    30.7872  1024.0414    23.9950    288.109    276.731  297.54697     96.828     0.2259     1.0073     0.7458 1.0000e-12      35371         19  0.000e+00
     10.082   62.19454 -174.67402     10.180     7.7512     7.7541     7.7503    30.7786    30.7866  1024.0418    23.9951    288.118    276.554  297.54927     96.830     0.2271     1.0146     0.7458 1.0000e-12      35372         19  0.000e+00
     10.083   62.19454 -174.67402     10.181     7.7511     7.7541     7.7501    30.7789    30.7868  1024.0421    23.9954    288.124    276.526  297.54959     96.832     0.2259     1.0073     0.7458 1.0000e-12      35373         19  0.000e+00
     10.021   62.19454 -174.67402     10.118     7.7511     7.7543     7.7501    30.7789    30.7867  1024.0418    23.9954    288.128    276.496  297.54953     96.834     0.2259     1.0073     0.7458 1.0000e-12      35374         19  0.000e+00
     10.052   62.19454 -174.67402     10.149     7.7507     7.7540     7.7498    30.7789    30.7868  1024.0420    23.9954    288.139    276.489  297.55196     96.836     0.2247     1.0000     0.7458 1.0000e-12      35375         19  0.000e+00
     10.137   62.19454 -174.67402     10.235     7.7509     7.7540     7.7500    30.7787    30.7870  1024.0422    23.9952    287.936    276.483  297.55100     96.768     0.2259     1.0073     0.7458 1.0000e-12      35376         19  0.000e+00
      1.238   62.19454 -174.67400      1.250     7.7511     7.7514     7.7510    30.7790    30.7878  1024.0011    23.9954    288.213    278.111  297.54933     96.862     0.2149     0.9414     0.7458 4.4447e-01      39174         20  0.000e+00
      1.238   62.19454 -174.67400      1.250     7.7509     7.7514     7.7508    30.7791    30.7878  1024.0012    23.9954    288.213    278.138  297.55020     96.862     0.2149     0.9414     0.7458 4.4764e-01      39175         20  0.000e+00
      1.238   62.19454 -174.67400      1.250     7.7507     7.7513     7.7506    30.7795    30.7878  1024.0015    23.9958    288.025    278.166  297.55061     96.799     0.2149     0.9414     0.7458 4.5566e-01      39176         20  0.000e+00
      1.238   62.19454 -174.67400      1.250     7.7511     7.7516     7.7510    30.7792    30.7874  1024.0012    23.9955    287.998    278.174  297.54893     96.790     0.2149     0.9414     0.7458 4.6052e-01      39177         20  0.000e+00
      1.292   62.19454 -174.67400      1.304     7.7509     7.7516     7.7508    30.7792    30.7875  1024.0015    23.9955    288.004    278.201  297.55002     96.792     0.2149     0.9414     0.7458 4.5084e-01      39178         20  0.000e+00
      1.238   62.19454 -174.67400      1.250     7.7512     7.7514     7.7511    30.7790    30.7877  1024.0010    23.9953    287.978    278.224  297.54837     96.784     0.2149     0.9414     0.7458 3.9027e-01      39179         20  0.000e+00
      1.354   62.19454 -174.67400      1.367     7.7511     7.7514     7.7510    30.7795    30.7875  1024.0020    23.9957    287.962    278.066  297.54841     96.778     0.2149     0.9414     0.7458 3.6244e-01      39180         20  0.000e+00
      1.292   62.19454 -174.67400      1.304     7.7514     7.7514     7.7513    30.7794    30.7876  1024.0015    23.9956    287.938    278.223  297.54627     96.771     0.2149     0.9414     0.7458 3.5975e-01      39181         20  0.000e+00
      1.292   62.19454 -174.67400      1.305     7.7514     7.7516     7.7513    30.7798    30.7871  1024.0019    23.9959    287.918    278.227  297.54572     96.764     0.2149     0.9414     0.7471 3.2979e-01      39182         20  0.000e+00
      1.292   62.19454 -174.67400      1.305     7.7519     7.7512     7.7518    30.7795    30.7877  1024.0016    23.9956    287.898    278.232  297.54292     96.758     0.2149     0.9414     0.7446 3.1128e-01      39183         20  0.000e+00
      1.354   62.19454 -174.67400      1.367     7.7519     7.7512     7.7517    30.7793    30.7877  1024.0017    23.9955    287.884    278.236  297.54338     96.754     0.2125     0.9267     0.7446 3.0887e-01      39184         20  0.000e+00
      1.354   62.19454 -174.67400      1.367     7.7519     7.7510     7.7517    30.7789    30.7875  1024.0014    23.9952    287.869    278.238  297.54417     96.748     0.2112     0.9194     0.7446 2.9936e-01      39185         20  0.000e+00
      1.354   62.19454 -174.67400      1.367     7.7519     7.7511     7.7517    30.7789    30.7874  1024.0014    23.9952    288.042    278.238  297.54417     96.807     0.2100     0.9121     0.7458 2.9121e-01      39186         20  0.000e+00
      1.354   62.19454 -174.67400      1.367     7.7517     7.7511     7.7516    30.7792    30.7874  1024.0017    23.9954    287.866    278.236  297.54457     96.747     0.2112     0.9194     0.7446 2.8892e-01      39187         20  0.000e+00
      1.408   62.19454 -174.67400      1.422     7.7516     7.7511     7.7514    30.7792    30.7876  1024.0020    23.9955    287.855    278.234  297.54551     96.743     0.2112     0.9194     0.7446 3.6788e-01      39188         20  0.000e+00
      1.354   62.19454 -174.67400      1.367     7.7516     7.7511     7.7514    30.7793    30.7877  1024.0018    23.9955    287.841    278.227  297.54529     96.738     0.2112     0.9194     0.7446 4.6872e-01      39189         20  0.000e+00
      1.408   62.19454 -174.67400      1.422     7.7516     7.7511     7.7514    30.7794    30.7879  1024.0021    23.9956    287.831    278.223  297.54511     96.735     0.2100     0.9121     0.7446 4.9230e-01      39190         20  0.000e+00
      1.408   62.19454 -174.67400      1.422     7.7516     7.7514     7.7514    30.7794    30.7876  1024.0021    23.9955    287.795    278.383  297.54527     96.723     0.2112     0.9194     0.7446 4.1368e-01      39191         20  0.000e+00
      1.408   62.19454 -174.67400      1.422     7.7517     7.7517     7.7516    30.7795    30.7876  1024.0022    23.9956    287.783    278.388  297.54391     96.720     0.2125     0.9267     0.7446 3.1859e-01      39192         20  0.000e+00
      1.462   62.19454 -174.67400      1.476     7.7519     7.7520     7.7517    30.7791    30.7881  1024.0021    23.9953    287.776    278.221  297.54372     96.717     0.2112     0.9194     0.7446 2.9702e-01      39193         20  0.000e+00
      1.408   62.19454 -174.67400      1.422     7.7517     7.7528     7.7516    30.7791    30.7877  1024.0019    23.9953    287.767    278.202  297.54479     96.714     0.2112     0.9194     0.7446 2.9585e-01      39194         20  0.000e+00
      1.462   62.19454 -174.67400      1.477     7.7519     7.7533     7.7517    30.7790    30.7877  1024.0020    23.9952    287.760    278.187  297.54396     96.712     0.2112     0.9194     0.7458 2.9237e-01      39195         20  0.000e+00
      1.408   62.19454 -174.67400      1.422     7.7519     7.7532     7.7517    30.7788    30.7877  1024.0016    23.9950    287.727    278.187  297.54454     96.700     0.2112     0.9194     0.7446 2.9006e-01      39196         20  0.000e+00
      1.462   62.19454 -174.67400      1.477     7.7516     7.7533     7.7514    30.7792    30.7877  1024.0022    23.9954    287.724    278.189  297.54556     96.699     0.2112     0.9194     0.7458 3.0172e-01      39197         20  0.000e+00
      1.462   62.19454 -174.67400      1.477     7.7521     7.7535     7.7519    30.7790    30.7877  1024.0019    23.9952    287.690    278.171  297.54276     96.689     0.2112     0.9194     0.7446 3.4779e-01      39198         20  0.000e+00
      1.463   62.19454 -174.67400      1.477     7.7517     7.7532     7.7516    30.7794    30.7877  1024.0023    23.9956    287.686    278.155  297.54412     96.687     0.2100     0.9121     0.7446 3.6652e-01      39199         20  0.000e+00
      1.524   62.19454 -174.67400      1.539     7.7520     7.7532     7.7519    30.7789    30.7878  1024.0022    23.9951    287.683    278.154  297.54330     96.686     0.2125     0.9267     0.7446 3.7200e-01      39200         20  0.000e+00
      1.501   62.19454 -174.67400      1.516     7.7521     7.7533     7.7519    30.7791    30.7876  1024.0022    23.9952    287.705    278.133  297.54256     96.694     0.2112     0.9194     0.7446 4.0038e-01      39201         20  0.000e+00
      1.463   62.19454 -174.67400      1.477     7.7519     7.7533     7.7517    30.7792    30.7877  1024.0022    23.9954    287.891    278.109  297.54356     96.756     0.2112     0.9194     0.7458 4.1668e-01      39202         20  0.000e+00
      1.463   62.19454 -174.67400      1.477     7.7519     7.7535     7.7517    30.7795    30.7877  1024.0024    23.9956    287.726    278.102  297.54293     96.701     0.2112     0.9194     0.7458 4.0625e-01      39203         20  0.000e+00
      1.525   62.19454 -174.67400      1.539     7.7520     7.7535     7.7519    30.7793    30.7874  1024.0025    23.9955    287.728    278.099  297.54227     96.702     0.2112     0.9194     0.7458 2.4353e-01      39204         20  0.000e+00
      1.463   62.19454 -174.67400      1.477     7.7521     7.7534     7.7519    30.7794    30.7876  1024.0023    23.9955    287.726    277.919  297.54181     96.701     0.2112     0.9194     0.7458 1.7468e-01      39205         20  0.000e+00
      1.525   62.19454 -174.67400      1.539     7.7525     7.7532     7.7524    30.7793    30.7877  1024.0024    23.9953    287.540    278.069  297.53908     96.640     0.2112     0.9194     0.7458 1.6816e-01      39206         20  0.000e+00
      1.525   62.19454 -174.67400      1.539     7.7527     7.7533     7.7526    30.7793    30.7875  1024.0024    23.9954    287.705    278.060  297.53764     96.695     0.2100     0.9121     0.7458 2.6555e-01      39207         20  0.000e+00
      1.463   62.19454 -174.67400      1.477     7.7532     7.7533     7.7530    30.7789    30.7877  1024.0017    23.9949    287.706    278.049  297.53558     96.696     0.2112     0.9194     0.7458 3.5307e-01      39208         20  0.000e+00
      1.525   62.19454 -174.67400      1.540     7.7532     7.7535     7.7530    30.7789    30.7874  1024.0020    23.9950    287.714    278.041  297.53548     96.699     0.2100     0.9121     0.7458 3.6788e-01      39209         20  0.000e+00
      1.463   62.19454 -174.67400      1.477     7.7530     7.7532     7.7529    30.7788    30.7877  1024.0017    23.9949    287.721    278.031  297.53670     96.701     0.2112     0.9194     0.7446 5.2221e-01      39210         20  0.000e+00
      1.525   62.19454 -174.67400      1.540     7.7530     7.7533     7.7529    30.7786    30.7875  1024.0018    23.9947    287.732    278.022  297.53723     96.704     0.2100     0.9121     0.7458 7.3984e-01      39211         20  0.000e+00
      1.463   62.19454 -174.67400      1.477     7.7529     7.7533     7.7527    30.7786    30.7873  1024.0016    23.9948    287.552    277.839  297.53813     96.644     0.2112     0.9194     0.7458 7.9462e-01      39212         20  0.000e+00
      1.525   62.19454 -174.67400      1.540     7.7527     7.7530     7.7526    30.7788    30.7872  1024.0020    23.9950    287.729    277.816  297.53875     96.703     0.2112     0.9194     0.7458 6.6819e-01      39213         20  0.000e+00
      1.463   62.19454 -174.67400      1.478     7.7525     7.7530     7.7524    30.7789    30.7878  1024.0019    23.9951    287.741    277.784  297.53981     96.707     0.2112     0.9194     0.7458 5.2945e-01      39214         20  0.000e+00
      1.463   62.19454 -174.67400      1.478     7.7519     7.7529     7.7517    30.7782    30.7874  1024.0013    23.9946    287.760    277.758  297.54586     96.711     0.2125     0.9267     0.7458 4.9921e-01      39215         20  0.000e+00
      1.463   62.19454 -174.67400      1.478     7.7519     7.7528     7.7517    30.7778    30.7878  1024.0011    23.9943    287.776    277.731  297.54665     96.716     0.2112     0.9194     0.7458 5.0620e-01      39216         20  0.000e+00
      1.464   62.19454 -174.67400      1.478     7.7517     7.7528     7.7516    30.7787    30.7874  1024.0018    23.9950    287.790    277.704  297.54571     96.721     0.2112     0.9194     0.7458 5.1682e-01      39217         20  0.000e+00
      1.464   62.19454 -174.67400      1.478     7.7514     7.7528     7.7513    30.7791    30.7871  1024.0021    23.9953    287.808    277.694  297.54691     96.727     0.2112     0.9194     0.7458 5.2041e-01      39218         20  0.000e+00
      1.464   62.19454 -174.67400      1.478     7.7516     7.7527     7.7514    30.7790    30.7876  1024.0020    23.9953    287.825    277.684  297.54603     96.733     0.2125     0.9267     0.7446 4.9574e-01      39219         20  0.000e+00
      1.464   62.19454 -174.67400      1.478     7.7514     7.7523     7.7513    30.7789    30.7878  1024.0020    23.9952    287.845    277.676  297.54731     96.739     0.2112     0.9194     0.7458 4.2886e-01      39220         20  0.000e+00
      1.464   62.19454 -174.67400      1.478     7.7512     7.7522     7.7511    30.7791    30.7876  1024.0021    23.9954    287.917    277.652  297.54827     96.763     0.2112     0.9194     0.7458 4.0625e-01      39221         20  0.000e+00
      1.410   62.19454 -174.67400      1.423     7.7514     7.7520     7.7513    30.7790    30.7875  1024.0018    23.9953    287.936    277.626  297.54702     96.770     0.2112     0.9194     0.7458 4.0625e-01      39222         20  0.000e+00
      1.206   62.19454 -174.67400      1.217     7.7480     7.7495     7.7479    30.7788    30.7877  1024.0012    23.9956    287.920    276.995  297.57027     96.757     0.2063     0.8901     0.7471 5.8648e-01      39747         21  0.000e+00
      1.206   62.19454 -174.67400      1.217     7.7477     7.7493     7.7476    30.7794    30.7878  1024.0017    23.9961    287.916    277.009  297.57140     96.755     0.2076     0.8974     0.7471 5.3128e-01      39748         21  0.000e+00
      1.152   62.19454 -174.67400      1.163     7.7478     7.7493     7.7477    30.7795    30.7878  1024.0015    23.9961    287.908    277.191  297.57015     96.753     0.2063     0.8901     0.7471 5.3494e-01      39749         21  0.000e+00
      1.152   62.19454 -174.67400      1.163     7.7480     7.7495     7.7479    30.7790    30.7874  1024.0011    23.9958    287.902    277.222  297.56975     96.751     0.2076     0.8974     0.7458 5.5358e-01      39750         21  0.000e+00
      1.152   62.19454 -174.67400      1.163     7.7478     7.7492     7.7477    30.7794    30.7880  1024.0015    23.9961    288.111    277.254  297.57023     96.821     0.2076     0.8974     0.7458 5.6309e-01      39751         21  0.000e+00
      1.206   62.19454 -174.67400      1.218     7.7478     7.7493     7.7477    30.7794    30.7878  1024.0017    23.9961    287.997    277.287  297.57036     96.783     0.2076     0.8974     0.7458 5.6501e-01      39752         21  0.000e+00
      1.206   62.19454 -174.67400      1.218     7.7478     7.7496     7.7477    30.7793    30.7875  1024.0016    23.9960    288.020    277.319  297.57060     96.790     0.2076     0.8974     0.7458 6.1068e-01      39753         21  0.000e+00
