EcoFOCI/data/1_SampleCollection/2023_SikuliaqDBO_CruiseData/CTD_raw_BottleFile_SKQ23-12S/proc/skq202312s_034svp.cnv
* Sea-Bird SBE 9 Data File:
* FileName = D:\CTD\SKQ202312S\SKQ202312S_034.hex
* Software Version Seasave V 7.26.7.121
* Temperature SN = 6177
* Conductivity SN = 0369
* Number of Bytes Per Scan = 41
* Number of Voltage Words = 4
* Number of Scans Averaged by the Deck Unit = 1
* NMEA Latitude = 71 37.15 N
* NMEA Longitude = 157 55.43 W
* NMEA UTC (Time) = Sep 21 2023  16:36:56
* NMEA baud rate = 4800
** Ship: R/V Sikuliaq
** Station Number: 034
** Station Name: DBO5.10
** Bottom Depth: 62
** Operator: SD
# nquan = 7
# nvalues = 4950                                  
# units = specified
# name 0 = depSM: Depth [salt water, m]
# name 1 = latitude: Latitude [deg]
# name 2 = longitude: Longitude [deg]
# name 3 = t090C: Temperature [ITS-90, deg C]
# name 4 = sal00: Salinity, Practical [PSU]
# name 5 = svCM: Sound Velocity [Chen-Millero, m/s]
# name 6 = flag:  0.000e+00
# span 0 =      3.478,     56.893                 
# span 1 =   71.61914,   71.61918                 
# span 2 = -157.92404, -157.92392                 
# span 3 =    -1.6923,     2.3246                 
# span 4 =    29.6606,    32.9205                 
# span 5 =    1438.80,    1452.68                 
# span 6 = 0.0000e+00, 0.0000e+00                 
# interval = seconds: 0.0416667
# start_time = Sep 21 2023 16:38:35 [NMEA time, first data scan]
# bad_flag = -9.990e-29
*END*
[from data line 2257]
     24.014   71.61918 -157.92394    -1.4758    32.2844    1438.95  0.000e+00
     24.068   71.61918 -157.92394    -1.4759    32.2885    1438.96  0.000e+00
     24.030   71.61918 -157.92394    -1.4747    32.2917    1438.97  0.000e+00
     24.122   71.61918 -157.92394    -1.4727    32.2948    1438.98  0.000e+00
     24.122   71.61918 -157.92394    -1.4700    32.2968    1439.00  0.000e+00
     24.145   71.61918 -157.92394    -1.4672    32.2973    1439.01  0.000e+00
     24.122   71.61918 -157.92394    -1.4646    32.3002    1439.03  0.000e+00
     24.207   71.61918 -157.92394    -1.4613    32.3023    1439.05  0.000e+00
     24.238   71.61918 -157.92394    -1.4586    32.3030    1439.06  0.000e+00
     24.238   71.61918 -157.92394    -1.4561    32.3039    1439.08  0.000e+00
     24.261   71.61918 -157.92394    -1.4545    32.3046    1439.09  0.000e+00
     24.299   71.61918 -157.92394    -1.4532    32.3042    1439.09  0.000e+00
     24.299   71.61918 -157.92394    -1.4532    32.3042    1439.09  0.000e+00
     24.377   71.61918 -157.92394    -1.4534    32.3041    1439.09  0.000e+00
     24.353   71.61918 -157.92394    -1.4543    32.3040    1439.09  0.000e+00
     24.415   71.61918 -157.92394    -1.4552    32.3040    1439.08  0.000e+00
     24.430   71.61918 -157.92394    -1.4564    32.3040    1439.08  0.000e+00
     24.469   71.61918 -157.92394    -1.4577    32.3048    1439.07  0.000e+00
     24.492   71.61918 -157.92394    -1.4591    32.3066    1439.07  0.000e+00
     24.523   71.61918 -157.92394    -1.4600    32.3077    1439.07  0.000e+00
     24.523   71.61918 -157.92394    -1.4606    32.3088    1439.07  0.000e+00
     24.546   71.61918 -157.92394    -1.4606    32.3100    1439.07  0.000e+00
     24.585   71.61918 -157.92394    -1.4607    32.3113    1439.07  0.000e+00
     24.639   71.61918 -157.92394    -1.4603    32.3121    1439.07  0.000e+00
     24.608   71.61918 -157.92394    -1.4599    32.3133    1439.08  0.000e+00
     24.700   71.61918 -157.92394    -1.4592    32.3139    1439.08  0.000e+00
     24.754   71.61918 -157.92394    -1.4587    32.3148    1439.09  0.000e+00
     24.716   71.61918 -157.92394    -1.4581    32.3157    1439.09  0.000e+00
     24.754   71.61918 -157.92394    -1.4575    32.3164    1439.09  0.000e+00
     24.831   71.61918 -157.92394    -1.4568    32.3172    1439.10  0.000e+00
     24.816   71.61918 -157.92394    -1.4561    32.3180    1439.10  0.000e+00
     24.816   71.61918 -157.92394    -1.4556    32.3184    1439.11  0.000e+00
     24.947   71.61918 -157.92394    -1.4550    32.3199    1439.11  0.000e+00
     24.870   71.61918 -157.92394    -1.4547    32.3205    1439.12  0.000e+00
     24.985   71.61918 -157.92394    -1.4545    32.3215    1439.12  0.000e+00
     24.947   71.61918 -157.92394    -1.4539    32.3226    1439.12  0.000e+00
     24.985   71.61918 -157.92394    -1.4532    32.3231    1439.13  0.000e+00
     25.008   71.61918 -157.92394    -1.4525    32.3237    1439.13  0.000e+00
     25.101   71.61918 -157.92394    -1.4518    32.3246    1439.14  0.000e+00
     25.039   71.61918 -157.92394    -1.4511    32.3249    1439.14  0.000e+00
     25.116   71.61918 -157.92394    -1.4504    32.3252    1439.15  0.000e+00
     25.155   71.61918 -157.92394    -1.4495    32.3257    1439.15  0.000e+00
     25.178   71.61918 -157.92394    -1.4488    32.3267    1439.16  0.000e+00
     25.155   71.61918 -157.92394    -1.4474    32.3268    1439.16  0.000e+00
     25.216   71.61918 -157.92394    -1.4467    32.3272    1439.17  0.000e+00
     25.232   71.61918 -157.92394    -1.4461    32.3277    1439.17  0.000e+00
     25.270   71.61918 -157.92394    -1.4455    32.3280    1439.18  0.000e+00
     25.270   71.61918 -157.92394    -1.4446    32.3286    1439.18  0.000e+00
     25.294   71.61918 -157.92394    -1.4439    32.3296    1439.19  0.000e+00
     25.324   71.61918 -157.92394    -1.4431    32.3296    1439.19  0.000e+00
     25.347   71.61918 -157.92394    -1.4425    32.3309    1439.20  0.000e+00
     25.386   71.61918 -157.92394    -1.4415    32.3308    1439.20  0.000e+00
     25.440   71.61918 -157.92394    -1.4408    32.3307    1439.21  0.000e+00
     25.347   71.61918 -157.92394    -1.4403    32.3316    1439.21  0.000e+00
     25.502   71.61918 -157.92394    -1.4397    32.3319    1439.21  0.000e+00
     25.463   71.61918 -157.92394    -1.4391    32.3321    1439.22  0.000e+00
     25.440   71.61918 -157.92394    -1.4382    32.3324    1439.22  0.000e+00
     25.502   71.61918 -157.92394    -1.4376    32.3327    1439.22  0.000e+00
     25.517   71.61918 -157.92394    -1.4371    32.3329    1439.23  0.000e+00
     25.555   71.61918 -157.92394    -1.4365    32.3328    1439.23  0.000e+00
     25.555   71.61918 -157.92394    -1.4359    32.3332    1439.23  0.000e+00
     25.517   71.61918 -157.92394    -1.4353    32.3332    1439.24  0.000e+00
     25.617   71.61918 -157.92394    -1.4347    32.3332    1439.24  0.000e+00
     25.633   71.61918 -157.92394    -1.4341    32.3336    1439.24  0.000e+00
     25.617   71.61918 -157.92394    -1.4334    32.3336    1439.25  0.000e+00
     25.617   71.61918 -157.92394    -1.4330    32.3335    1439.25  0.000e+00
     25.694   71.61918 -157.92394    -1.4326    32.3341    1439.25  0.000e+00
     25.671   71.61918 -157.92394    -1.4322    32.3342    1439.25  0.000e+00
     25.694   71.61918 -157.92394    -1.4316    32.3339    1439.26  0.000e+00
     25.671   71.61918 -157.92394    -1.4313    32.3341    1439.26  0.000e+00
     25.725   71.61918 -157.92394    -1.4313    32.3349    1439.26  0.000e+00
     25.748   71.61918 -157.92394    -1.4307    32.3347    1439.26  0.000e+00
     25.725   71.61918 -157.92394    -1.4306    32.3349    1439.26  0.000e+00
     25.748   71.61918 -157.92394    -1.4305    32.3351    1439.27  0.000e+00
     25.786   71.61918 -157.92394    -1.4299    32.3352    1439.27  0.000e+00
     25.786   71.61918 -157.92394    -1.4301    32.3353    1439.27  0.000e+00
     25.810   71.61918 -157.92394    -1.4302    32.3352    1439.27  0.000e+00
     25.840   71.61918 -157.92394    -1.4299    32.3356    1439.27  0.000e+00
     25.864   71.61918 -157.92394    -1.4301    32.3361    1439.27  0.000e+00
     25.840   71.61918 -157.92394    -1.4303    32.3361    1439.27  0.000e+00
     25.840   71.61918 -157.92394    -1.4306    32.3361    1439.27  0.000e+00
     25.863   71.61918 -157.92394    -1.4306    32.3365    1439.27  0.000e+00
     25.902   71.61918 -157.92394    -1.4306    32.3364    1439.27  0.000e+00
     25.840   71.61918 -157.92394    -1.4308    32.3372    1439.27  0.000e+00
     25.979   71.61918 -157.92394    -1.4310    32.3373    1439.27  0.000e+00
     25.956   71.61918 -157.92394    -1.4313    32.3378    1439.27  0.000e+00
     25.917   71.61918 -157.92394    -1.4313    32.3380    1439.27  0.000e+00
     25.956   71.61918 -157.92394    -1.4316    32.3386    1439.27  0.000e+00
     25.956   71.61918 -157.92394    -1.4316    32.3388    1439.27  0.000e+00
     25.979   71.61918 -157.92394    -1.4321    32.3393    1439.27  0.000e+00
     26.018   71.61918 -157.92394    -1.4320    32.3388    1439.27  0.000e+00
     26.033   71.61918 -157.92394    -1.4325    32.3396    1439.27  0.000e+00
     26.071   71.61918 -157.92394    -1.4328    32.3403    1439.27  0.000e+00
     26.017   71.61918 -157.92394    -1.4333    32.3405    1439.26  0.000e+00
     26.095   71.61918 -157.92394    -1.4339    32.3416    1439.26  0.000e+00
     26.071   71.61918 -157.92394    -1.4341    32.3416    1439.26  0.000e+00
     26.148   71.61918 -157.92394    -1.4345    32.3423    1439.26  0.000e+00
     26.125   71.61918 -157.92394    -1.4353    32.3431    1439.26  0.000e+00
     26.125   71.61918 -157.92394    -1.4356    32.3429    1439.26  0.000e+00
     26.148   71.61918 -157.92394    -1.4362    32.3434    1439.26  0.000e+00
     26.187   71.61918 -157.92394    -1.4363    32.3438    1439.26  0.000e+00
     26.202   71.61918 -157.92394    -1.4370    32.3445    1439.26  0.000e+00
     26.241   71.61918 -157.92394    -1.4374    32.3450    1439.25  0.000e+00
     26.187   71.61918 -157.92394    -1.4382    32.3456    1439.25  0.000e+00
     26.318   71.61918 -157.92394    -1.4385    32.3458    1439.25  0.000e+00
     26.303   71.61918 -157.92394    -1.4393    32.3467    1439.25  0.000e+00
     26.264   71.61918 -157.92394    -1.4394    32.3472    1439.25  0.000e+00
     26.356   71.61918 -157.92394    -1.4397    32.3474    1439.25  0.000e+00
     26.318   71.61918 -157.92394    -1.4402    32.3481    1439.25  0.000e+00
     26.418   71.61918 -157.92394    -1.4406    32.3492    1439.25  0.000e+00
     26.356   71.61918 -157.92394    -1.4409    32.3499    1439.25  0.000e+00
     26.434   71.61918 -157.92394    -1.4411    32.3499    1439.25  0.000e+00
     26.472   71.61918 -157.92394    -1.4412    32.3510    1439.25  0.000e+00
     26.433   71.61918 -157.92394    -1.4411    32.3511    1439.25  0.000e+00
     26.526   71.61918 -157.92394    -1.4409    32.3513    1439.25  0.000e+00
     26.526   71.61918 -157.92394    -1.4411    32.3524    1439.25  0.000e+00
     26.549   71.61918 -157.92394    -1.4405    32.3523    1439.25  0.000e+00
     26.588   71.61918 -157.92394    -1.4403    32.3533    1439.26  0.000e+00
     26.603   71.61918 -157.92394    -1.4401    32.3538    1439.26  0.000e+00
     26.642   71.61918 -157.92394    -1.4398    32.3536    1439.26  0.000e+00
     26.642   71.61918 -157.92394    -1.4398    32.3543    1439.26  0.000e+00
     26.665   71.61918 -157.92394    -1.4397    32.3546    1439.26  0.000e+00
     26.757   71.61918 -157.92394    -1.4401    32.3551    1439.26  0.000e+00
     26.719   71.61918 -157.92394    -1.4405    32.3550    1439.26  0.000e+00
     26.819   71.61918 -157.92394    -1.4409    32.3560    1439.26  0.000e+00
     26.780   71.61918 -157.92394    -1.4417    32.3564    1439.26  0.000e+00
     26.873   71.61918 -157.92394    -1.4423    32.3568    1439.26  0.000e+00
     26.873   71.61918 -157.92394    -1.4431    32.3572    1439.25  0.000e+00
     26.896   71.61918 -157.92394    -1.4441    32.3584    1439.25  0.000e+00
     26.927   71.61918 -157.92394    -1.4449    32.3595    1439.25  0.000e+00
     26.950   71.61918 -157.92394    -1.4458    32.3605    1439.25  0.000e+00
     27.042   71.61918 -157.92394    -1.4465    32.3616    1439.25  0.000e+00
     27.042   71.61918 -157.92394    -1.4473    32.3629    1439.24  0.000e+00
     27.004   71.61918 -157.92394    -1.4480    32.3640    1439.24  0.000e+00
     27.158   71.61918 -157.92394    -1.4488    32.3650    1439.24  0.000e+00
     27.119   71.61918 -157.92394    -1.4495    32.3663    1439.24  0.000e+00
     27.158   71.61918 -157.92394    -1.4500    32.3676    1439.24  0.000e+00
     27.181   71.61918 -157.92394    -1.4502    32.3689    1439.24  0.000e+00
     27.274   71.61918 -157.92394    -1.4499    32.3705    1439.25  0.000e+00
     27.274   71.61918 -157.92394    -1.4495    32.3721    1439.25  0.000e+00
     27.297   71.61918 -157.92394    -1.4488    32.3736    1439.26  0.000e+00
     27.328   71.61918 -157.92394    -1.4479    32.3741    1439.26  0.000e+00
     27.351   71.61918 -157.92394    -1.4472    32.3758    1439.27  0.000e+00
     27.389   71.61918 -157.92394    -1.4464    32.3765    1439.27  0.000e+00
     27.466   71.61918 -157.92394    -1.4462    32.3771    1439.28  0.000e+00
     27.443   71.61918 -157.92394    -1.4467    32.3766    1439.27  0.000e+00
     27.505   71.61918 -157.92394    -1.4480    32.3765    1439.27  0.000e+00
     27.520   71.61918 -157.92394    -1.4499    32.3765    1439.26  0.000e+00
     27.559   71.61918 -157.92394    -1.4515    32.3772    1439.25  0.000e+00
     27.582   71.61918 -157.92394    -1.4523    32.3788    1439.25  0.000e+00
     27.674   71.61918 -157.92394    -1.4518    32.3810    1439.26  0.000e+00
     27.636   71.61918 -157.92394    -1.4499    32.3829    1439.27  0.000e+00
     27.674   71.61918 -157.92394    -1.4471    32.3860    1439.29  0.000e+00
     27.728   71.61918 -157.92394    -1.4427    32.3877    1439.31  0.000e+00
     27.690   71.61918 -157.92394    -1.4380    32.3894    1439.34  0.000e+00
     27.790   71.61918 -157.92394    -1.4332    32.3903    1439.36  0.000e+00
     27.805   71.61918 -157.92394    -1.4287    32.3904    1439.38  0.000e+00
     27.844   71.61918 -157.92394    -1.4245    32.3902    1439.40  0.000e+00
     27.805   71.61918 -157.92394    -1.4207    32.3898    1439.42  0.000e+00
     27.906   71.61918 -157.92394    -1.4175    32.3895    1439.44  0.000e+00
     27.906   71.61918 -157.92394    -1.4148    32.3889    1439.45  0.000e+00
     27.921   71.61918 -157.92394    -1.4127    32.3890    1439.46  0.000e+00
     27.959   71.61918 -157.92394    -1.4114    32.3897    1439.47  0.000e+00
     27.983   71.61918 -157.92394    -1.4098    32.3892    1439.47  0.000e+00
     27.959   71.61918 -157.92394    -1.4090    32.3889    1439.48  0.000e+00
     28.036   71.61918 -157.92394    -1.4079    32.3889    1439.48  0.000e+00
     28.075   71.61918 -157.92394    -1.4076    32.3893    1439.49  0.000e+00
     28.036   71.61918 -157.92394    -1.4071    32.3895    1439.49  0.000e+00
     28.075   71.61918 -157.92394    -1.4064    32.3897    1439.49  0.000e+00
     28.129   71.61918 -157.92394    -1.4060    32.3899    1439.50  0.000e+00
     28.090   71.61918 -157.92394    -1.4056    32.3905    1439.50  0.000e+00
     28.129   71.61918 -157.92394    -1.4054    32.3906    1439.50  0.000e+00
     28.206   71.61918 -157.92394    -1.4053    32.3906    1439.50  0.000e+00
     28.191   71.61918 -157.92394    -1.4050    32.3909    1439.50  0.000e+00
     28.206   71.61918 -157.92394    -1.4051    32.3916    1439.50  0.000e+00
     28.191   71.61918 -157.92394    -1.4049    32.3919    1439.51  0.000e+00
     28.206   71.61918 -157.92394    -1.4048    32.3919    1439.51  0.000e+00
     28.306   71.61918 -157.92394    -1.4047    32.3920    1439.51  0.000e+00
     28.244   71.61918 -157.92394    -1.4046    32.3921    1439.51  0.000e+00
     28.268   71.61918 -157.92394    -1.4047    32.3921    1439.51  0.000e+00
     28.306   71.61918 -157.92394    -1.4047    32.3929    1439.51  0.000e+00
     28.322   71.61918 -157.92394    -1.4046    32.3925    1439.51  0.000e+00
     28.306   71.61918 -157.92394    -1.4044    32.3924    1439.51  0.000e+00
     28.383   71.61918 -157.92394    -1.4046    32.3929    1439.51  0.000e+00
     28.360   71.61918 -157.92394    -1.4047    32.3936    1439.51  0.000e+00
     28.383   71.61918 -157.92394    -1.4045    32.3930    1439.51  0.000e+00
     28.360   71.61918 -157.92394    -1.4047    32.3933    1439.51  0.000e+00
     28.360   71.61918 -157.92394    -1.4048    32.3931    1439.51  0.000e+00
     28.437   71.61918 -157.92394    -1.4049    32.3932    1439.51  0.000e+00
     28.422   71.61918 -157.92394    -1.4048    32.3931    1439.51  0.000e+00
     28.437   71.61918 -157.92394    -1.4051    32.3933    1439.51  0.000e+00
     28.422   71.61918 -157.92394    -1.4052    32.3938    1439.51  0.000e+00
     28.437   71.61918 -157.92394    -1.4056    32.3941    1439.51  0.000e+00
     28.475   71.61918 -157.92394    -1.4058    32.3946    1439.51  0.000e+00
     28.491   71.61918 -157.92394    -1.4057    32.3945    1439.51  0.000e+00
     28.475   71.61918 -157.92394    -1.4059    32.3951    1439.51  0.000e+00
     28.491   71.61918 -157.92394    -1.4062    32.3952    1439.51  0.000e+00
     28.475   71.61918 -157.92394    -1.4062    32.3949    1439.51  0.000e+00
     28.529   71.61918 -157.92394    -1.4064    32.3946    1439.51  0.000e+00
     28.552   71.61918 -157.92394    -1.4067    32.3950    1439.51  0.000e+00
     28.529   71.61918 -157.92394    -1.4069    32.3951    1439.51  0.000e+00
     28.491   71.61918 -157.92394    -1.4070    32.3953    1439.50  0.000e+00
     28.591   71.61918 -157.92394    -1.4073    32.3954    1439.51  0.000e+00
     28.552   71.61918 -157.92394    -1.4075    32.3955    1439.50  0.000e+00
