EcoFOCI/data/1_SampleCollection/2023_SikuliaqDBO_CruiseData/CTD_raw_BottleFile_SKQ23-12S/proc/skq202312s_071.cnv
* Sea-Bird SBE 9 Data File:
* FileName = D:\CTD\SKQ202312S\SKQ202312S_071.hex
* Software Version Seasave V 7.26.7.121
* Temperature SN = 6177
* Conductivity SN = 0369
* Number of Bytes Per Scan = 41
* Number of Voltage Words = 4
* Number of Scans Averaged by the Deck Unit = 1
* NMEA Latitude = 68 07.96 N
* NMEA Longitude = 167 29.16 W
* NMEA UTC (Time) = Oct 01 2023  15:37:48
* NMEA baud rate = 4800
** Ship: R/V Sikuliaq
** Station Number: 071
** Station Name: DBO3.4
** Bottom Depth: 48
** Operator: SD
# nquan = 24
# nvalues = 5682                                  
# units = specified
# name 0 = depSM: Depth [salt water, m]
# name 1 = latitude: Latitude [deg]
# name 2 = longitude: Longitude [deg]
# name 3 = prDM: Pressure, Digiquartz [db]
# name 4 = t090C: Temperature [ITS-90, deg C]
# name 5 = t190C: Temperature, 2 [ITS-90, deg C]
# name 6 = potemp090C: Potential Temperature [ITS-90, deg C]
# name 7 = sal00: Salinity, Practical [PSU]
# name 8 = sal11: Salinity, Practical, 2 [PSU]
# name 9 = density00: Density [density, kg/m^3]
# name 10 = sigma-é00: Density [sigma-theta, kg/m^3]
# name 11 = sbox0Mm/Kg: Oxygen, SBE 43 [umol/kg]
# name 12 = sbox1Mm/Kg: Oxygen, SBE 43, 2 [umol/kg]
# name 13 = oxsolMm/Kg: Oxygen Saturation, Garcia & Gordon [umol/kg]
# name 14 = sbeox0PS: Oxygen, SBE 43 [% saturation]
# name 15 = sbeox1PS: Oxygen, SBE 43, 2 [% saturation]
# name 16 = v0: Voltage 0
# name 17 = flECO-AFL: Fluorescence, WET Labs ECO-AFL/FL [mg/m^3]
# name 18 = v1: Voltage 1
# name 19 = CStarAt0: Beam Attenuation, WET Labs C-Star [1/m]
# name 20 = par: PAR/Irradiance, Biospherical/Licor
# name 21 = scan: Scan Count
# name 22 = timeM: Time, Elapsed [minutes]
# name 23 = flag:  0.000e+00
# span 0 =      2.762,     44.483                 
# span 1 =   68.13258,   68.13266                 
# span 2 = -167.48644, -167.48614                 
# span 3 =      2.790,     44.938                 
# span 4 =     3.5666,     5.2849                 
# span 5 =     3.5671,     5.3229                 
# span 6 =     3.5639,     5.2843                 
# span 7 =    29.7391,    32.1387                 
# span 8 =    29.7136,    32.1369                 
# span 9 =  1023.5066,  1025.6682                 
# span 10 =    23.4916,    25.5078                
# span 11 =    264.210,    303.124                
# span 12 =    251.676,    290.444                
# span 13 =  314.66490,  325.36157                
# span 14 =     81.305,     95.196                
# span 15 =     77.395,     91.270                
# span 16 =     0.0684,     0.5104                
# span 17 =     0.0623,     2.7143                
# span 18 =     3.2772,     4.2076                
# span 19 =     0.4532,     1.4532                
# span 20 = 1.0000e-12, 4.8039e-01                
# span 21 =          1,       5682                
# span 22 =     0.0000,     3.9451                
# span 23 = 0.0000e+00, 0.0000e+00                
# interval = seconds: 0.0416667
# start_time = Oct 01 2023 15:41:18 [NMEA time, first data scan]
# bad_flag = -9.990e-29
*END*
[from data line 785]
      5.908   68.13264 -167.48620      5.968     5.1530     5.1523     5.1526    29.7411    29.7532  1023.5207    23.4928    300.609    289.329  318.52413     94.376     90.841     0.4811     2.5384     3.7192     0.9469 8.1491e-02        786     0.5451  0.000e+00
      5.970   68.13264 -167.48620      6.030     5.1526     5.1519     5.1522    29.7400    29.7532  1023.5201    23.4920    300.627    289.559  318.52983     94.380     90.912     0.4811     2.5384     3.7192     0.9469 8.0929e-02        787     0.5458  0.000e+00
      5.970   68.13264 -167.48620      6.030     5.1524     5.1516     5.1520    29.7398    29.7530  1023.5200    23.4919    300.636    289.620  318.53193     94.382     90.931     0.4811     2.5384     3.7192     0.9469 8.0929e-02        788     0.5465  0.000e+00
      6.055   68.13264 -167.48620      6.116     5.1519     5.1516     5.1514    29.7397    29.7528  1023.5204    23.4919    300.677    289.680  318.53592     94.394     90.949     0.4811     2.5384     3.7204     0.9456 8.0369e-02        789     0.5472  0.000e+00
      5.970   68.13264 -167.48620      6.030     5.1515     5.1513     5.1511    29.7399    29.7524  1023.5202    23.4921    300.708    289.714  318.53780     94.403     90.959     0.4811     2.5384     3.7216     0.9443 7.5944e-02        790     0.5479  0.000e+00
      6.085   68.13264 -167.48620      6.147     5.1512     5.1509     5.1508    29.7404    29.7525  1023.5211    23.4925    300.774    289.753  318.53910     94.423     90.971     0.4811     2.5384     3.7216     0.9443 7.1083e-02        791     0.5486  0.000e+00
      6.024   68.13264 -167.48620      6.085     5.1511     5.1512     5.1507    29.7406    29.7523  1023.5210    23.4927    301.211    289.964  318.53943     94.560     91.037     0.4811     2.5384     3.7216     0.9443 7.0019e-02        792     0.5493  0.000e+00
      6.139   68.13264 -167.48620      6.202     5.1512     5.1508     5.1508    29.7404    29.7526  1023.5214    23.4925    301.092    289.832  318.53899     94.523     90.995     0.4811     2.5384     3.7216     0.9443 7.3768e-02        793     0.5500  0.000e+00
      6.085   68.13264 -167.48620      6.147     5.1511     5.1508     5.1506    29.7404    29.7526  1023.5212    23.4925    300.935    290.038  318.54031     94.473     91.060     0.4811     2.5384     3.7216     0.9443 7.9810e-02        794     0.5507  0.000e+00
      6.085   68.13264 -167.48620      6.147     5.1512     5.1508     5.1508    29.7404    29.7523  1023.5211    23.4925    300.950    290.078  318.53910     94.478     91.072     0.4811     2.5384     3.7216     0.9443 8.0929e-02        795     0.5514  0.000e+00
      6.193   68.13264 -167.48620      6.256     5.1511     5.1509     5.1506    29.7405    29.7525  1023.5218    23.4926    301.143    290.118  318.53990     94.539     91.085     0.4811     2.5384     3.7216     0.9443 7.8698e-02        796     0.5521  0.000e+00
      6.109   68.13264 -167.48620      6.170     5.1510     5.1510     5.1505    29.7403    29.7527  1023.5212    23.4924    300.975    290.147  318.54134     94.485     91.095     0.4811     2.5384     3.7216     0.9443 7.4853e-02        797     0.5528  0.000e+00
      6.193   68.13264 -167.48620      6.256     5.1508     5.1511     5.1503    29.7403    29.7525  1023.5216    23.4924    301.192    290.160  318.54293     94.553     91.099     0.4811     2.5384     3.7216     0.9443 7.3228e-02        798     0.5535  0.000e+00
      6.193   68.13264 -167.48620      6.256     5.1508     5.1512     5.1503    29.7409    29.7528  1023.5221    23.4929    301.223    290.185  318.54152     94.563     91.107     0.4811     2.5384     3.7216     0.9443 7.2689e-02        799     0.5542  0.000e+00
      6.193   68.13264 -167.48620      6.256     5.1509     5.1515     5.1505    29.7405    29.7523  1023.5218    23.4926    301.252    290.207  318.54119     94.572     91.114     0.4799     2.5311     3.7216     0.9443 6.8435e-02        800     0.5549  0.000e+00
      6.255   68.13264 -167.48620      6.318     5.1509     5.1514     5.1505    29.7406    29.7524  1023.5221    23.4927    301.279    290.229  318.54100     94.581     91.121     0.4811     2.5384     3.7216     0.9443 6.6864e-02        801     0.5556  0.000e+00
      6.255   68.13264 -167.48620      6.318     5.1509     5.1515     5.1505    29.7404    29.7525  1023.5220    23.4926    301.301    290.244  318.54135     94.588     91.126     0.4811     2.5384     3.7216     0.9443 6.7910e-02        802     0.5563  0.000e+00
      6.309   68.13264 -167.48620      6.373     5.1510     5.1516     5.1505    29.7405    29.7526  1023.5223    23.4926    301.731    290.444  318.54077     94.723     91.189     0.4823     2.5458     3.7216     0.9443 7.2152e-02        803     0.5569  0.000e+00
      6.255   68.13264 -167.48620      6.318     5.1509     5.1516     5.1505    29.7402    29.7529  1023.5219    23.4924    301.391    290.284  318.54179     94.616     91.139     0.4799     2.5311     3.7216     0.9443 7.4310e-02        804     0.5576  0.000e+00
      6.340   68.13264 -167.48620      6.404     5.1509     5.1516     5.1505    29.7402    29.7529  1023.5223    23.4924    301.402    290.293  318.54180     94.619     91.142     0.4811     2.5384     3.7216     0.9443 7.4310e-02        805     0.5583  0.000e+00
      6.371   68.13264 -167.48620      6.435     5.1511     5.1517     5.1506    29.7402    29.7528  1023.5223    23.4923    301.406    290.296  318.54080     94.621     91.143     0.4786     2.5238     3.7216     0.9443 7.1083e-02        806     0.5590  0.000e+00
      6.309   68.13264 -167.48620      6.373     5.1508     5.1518     5.1503    29.7405    29.7529  1023.5223    23.4926    301.611    290.292  318.54244     94.685     91.142     0.4750     2.5018     3.7216     0.9443 6.8962e-02        807     0.5597  0.000e+00
      6.425   68.13264 -167.48620      6.490     5.1508     5.1516     5.1504    29.7402    29.7529  1023.5226    23.4924    301.641    290.294  318.54272     94.694     91.142     0.4713     2.4798     3.7216     0.9443 6.8962e-02        808     0.5604  0.000e+00
      6.371   68.13264 -167.48620      6.435     5.1509     5.1518     5.1505    29.7405    29.7526  1023.5226    23.4926    301.657    290.284  318.54130     94.700     91.139     0.4725     2.4872     3.7204     0.9456 6.7910e-02        809     0.5611  0.000e+00
      6.425   68.13264 -167.48620      6.490     5.1508     5.1516     5.1503    29.7413    29.7527  1023.5235    23.4932    301.674    290.277  318.54054     94.705     91.137     0.4725     2.4872     3.7204     0.9456 6.6864e-02        810     0.5618  0.000e+00
      6.425   68.13264 -167.48620      6.490     5.1509     5.1515     5.1505    29.7414    29.7527  1023.5235    23.4933    301.714    290.263  318.53916     94.718     91.132     0.4725     2.4872     3.7204     0.9456 6.6864e-02        811     0.5625  0.000e+00
      6.456   68.13264 -167.48620      6.521     5.1511     5.1515     5.1506    29.7416    29.7527  1023.5238    23.4935    301.720    290.432  318.53746     94.720     91.185     0.4725     2.4872     3.7204     0.9456 7.2689e-02        812     0.5632  0.000e+00
      6.486   68.13264 -167.48620      6.552     5.1508     5.1514     5.1503    29.7422    29.7528  1023.5245    23.4940    301.723    290.432  318.53840     94.721     91.185     0.4725     2.4872     3.7204     0.9456 7.8698e-02        813     0.5639  0.000e+00
      6.486   68.13264 -167.48620      6.552     5.1508     5.1513     5.1504    29.7428    29.7526  1023.5250    23.4944    301.718    290.428  318.53653     94.720     91.183     0.4713     2.4798     3.7204     0.9456 7.9810e-02        814     0.5646  0.000e+00
      6.486   68.13264 -167.48620      6.552     5.1509     5.1514     5.1505    29.7425    29.7525  1023.5247    23.4942    301.709    290.232  318.53649     94.717     91.122     0.4725     2.4872     3.7204     0.9456 6.8962e-02        815     0.5653  0.000e+00
      6.540   68.13264 -167.48620      6.607     5.1512     5.1515     5.1508    29.7421    29.7526  1023.5246    23.4938    301.696    290.386  318.53511     94.713     91.171     0.4725     2.4872     3.7204     0.9456 5.4762e-02        816     0.5660  0.000e+00
      6.540   68.13264 -167.48620      6.607     5.1511     5.1515     5.1506    29.7424    29.7524  1023.5249    23.4941    301.883    290.369  318.53552     94.772     91.165     0.4725     2.4872     3.7204     0.9456 5.1863e-02        817     0.5667  0.000e+00
      6.540   68.13264 -167.48620      6.607     5.1511     5.1513     5.1506    29.7429    29.7523  1023.5253    23.4945    301.681    290.350  318.53437     94.709     91.159     0.4713     2.4798     3.7204     0.9456 5.1384e-02        818     0.5674  0.000e+00
      6.540   68.13264 -167.48620      6.607     5.1511     5.1515     5.1507    29.7439    29.7522  1023.5261    23.4953    301.885    290.138  318.53153     94.774     91.093     0.4725     2.4872     3.7204     0.9456 5.0431e-02        819     0.5681  0.000e+00
      6.625   68.13264 -167.48620      6.692     5.1512     5.1513     5.1508    29.7447    29.7525  1023.5271    23.4959    301.912    290.094  318.52894     94.783     91.079     0.4713     2.4798     3.7204     0.9456 4.9956e-02        820     0.5687  0.000e+00
      6.594   68.13264 -167.48620      6.661     5.1517     5.1515     5.1512    29.7439    29.7523  1023.5263    23.4952    301.931    290.225  318.52723     94.790     91.120     0.4725     2.4872     3.7204     0.9456 5.4276e-02        821     0.5694  0.000e+00
      6.656   68.13264 -167.48620      6.723     5.1519     5.1515     5.1514    29.7430    29.7525  1023.5258    23.4945    301.950    290.212  318.52821     94.795     91.116     0.4725     2.4872     3.7204     0.9456 6.8962e-02        822     0.5701  0.000e+00
      6.594   68.13264 -167.48620      6.661     5.1519     5.1514     5.1514    29.7430    29.7525  1023.5255    23.4945    301.959    290.006  318.52823     94.798     91.051     0.4725     2.4872     3.7204     0.9456 7.4853e-02        823     0.5708  0.000e+00
      6.656   68.13264 -167.48620      6.723     5.1519     5.1512     5.1514    29.7427    29.7523  1023.5256    23.4943    302.173    289.970  318.52837     94.865     91.039     0.4713     2.4798     3.7204     0.9456 7.4310e-02        824     0.5715  0.000e+00
      6.710   68.13264 -167.48620      6.778     5.1515     5.1514     5.1511    29.7422    29.7522  1023.5255    23.4939    301.973    289.927  318.53236     94.801     91.026     0.4725     2.4872     3.7204     0.9456 7.0019e-02        825     0.5722  0.000e+00
      6.656   68.13264 -167.48620      6.723     5.1517     5.1512     5.1512    29.7419    29.7526  1023.5250    23.4936    301.933    289.901  318.53206     94.789     91.018     0.4713     2.4798     3.7204     0.9456 6.8435e-02        826     0.5729  0.000e+00
      6.741   68.13264 -167.48620      6.809     5.1512     5.1513     5.1508    29.7424    29.7524  1023.5258    23.4941    301.926    289.856  318.53427     94.786     91.004     0.4725     2.4872     3.7204     0.9456 6.7386e-02        827     0.5736  0.000e+00
      6.710   68.13264 -167.48620      6.778     5.1515     5.1514     5.1511    29.7418    29.7525  1023.5252    23.4936    301.906    289.804  318.53333     94.780     90.988     0.4713     2.4798     3.7204     0.9456 5.6723e-02        828     0.5743  0.000e+00
      6.710   68.13264 -167.48620      6.778     5.1513     5.1516     5.1508    29.7422    29.7529  1023.5255    23.4939    301.884    289.770  318.53448     94.773     90.978     0.4725     2.4872     3.7192     0.9469 5.1384e-02        829     0.5750  0.000e+00
      6.772   68.13264 -167.48620      6.840     5.1512     5.1519     5.1508    29.7420    29.7532  1023.5257    23.4938    301.860    289.736  318.53519     94.765     90.968     0.4713     2.4798     3.7192     0.9469 5.0907e-02        830     0.5757  0.000e+00
      6.772   68.13264 -167.48620      6.840     5.1512     5.1519     5.1508    29.7421    29.7534  1023.5258    23.4939    302.032    289.700  318.53492     94.819     90.957     0.4725     2.4872     3.7192     0.9469 5.8208e-02        831     0.5764  0.000e+00
      6.772   68.13264 -167.48620      6.840     5.1512     5.1521     5.1508    29.7420    29.7539  1023.5257    23.4938    301.818    289.661  318.53519     94.752     90.945     0.4811     2.5384     3.7192     0.9469 6.2230e-02        832     0.5771  0.000e+00
      6.826   68.13264 -167.48620      6.895     5.1514     5.1530     5.1509    29.7435    29.7547  1023.5271    23.4950    301.772    289.616  318.53043     94.739     90.934     0.4896     2.5897     3.7192     0.9469 6.3250e-02        833     0.5778  0.000e+00
      6.795   68.13264 -167.48620      6.864     5.1512     5.1539     5.1508    29.7464    29.7567  1023.5293    23.4973    301.716    289.564  318.52472     94.723     90.920     0.4908     2.5971     3.7192     0.9469 5.7217e-02        834     0.5785  0.000e+00
      6.826   68.13264 -167.48620      6.895     5.1514     5.1549     5.1510    29.7501    29.7579  1023.5323    23.5002    301.890    289.513  318.51436     94.781     90.907     0.4908     2.5971     3.7192     0.9469 5.2342e-02        835     0.5792  0.000e+00
      6.887   68.13264 -167.48620      6.957     5.1527     5.1556     5.1522    29.7532    29.7591  1023.5349    23.5025    301.878    289.484  318.49755     94.782     90.901     0.4908     2.5971     3.7192     0.9469 5.1863e-02        836     0.5799  0.000e+00
      6.826   68.13264 -167.48620      6.895     5.1539     5.1561     5.1534    29.7563    29.7598  1023.5369    23.5048    301.651    289.453  318.48088     94.715     90.893     0.4908     2.5971     3.7192     0.9469 4.9483e-02        837     0.5806  0.000e+00
      6.887   68.13264 -167.48620      6.957     5.1554     5.1565     5.1549    29.7576    29.7608  1023.5381    23.5057    301.807    289.425  318.46682     94.769     90.886     0.4908     2.5971     3.7192     0.9469 4.7137e-02        838     0.5813  0.000e+00
      6.887   68.13264 -167.48620      6.957     5.1568     5.1572     5.1563    29.7572    29.7626  1023.5376    23.5052    301.785    289.391  318.45667     94.765     90.877     0.4908     2.5971     3.7192     0.9469 4.6671e-02        839     0.5819  0.000e+00
      6.887   68.13264 -167.48620      6.957     5.1578     5.1583     5.1573    29.7565    29.7632  1023.5370    23.5045    301.762    289.355  318.45092     94.759     90.869     0.4921     2.6044     3.7192     0.9469 4.6207e-02        840     0.5826  0.000e+00
      6.910   68.13264 -167.48620      6.980     5.1589     5.1587     5.1584    29.7563    29.7642  1023.5369    23.5043    301.796    289.344  318.44295     94.772     90.867     0.4908     2.5971     3.7192     0.9469 4.6671e-02        841     0.5833  0.000e+00
      6.941   68.13264 -167.48620      7.012     5.1590     5.1586     5.1586    29.7560    29.7647  1023.5367    23.5040    301.805    289.133  318.44258     94.775     90.801     0.4921     2.6044     3.7192     0.9469 4.6207e-02        842     0.5840  0.000e+00
      6.941   68.13264 -167.48620      7.012     5.1590     5.1584     5.1586    29.7549    29.7651  1023.5358    23.5031    301.780    289.107  318.44531     94.767     90.793     0.4908     2.5971     3.7192     0.9469 5.0431e-02        843     0.5847  0.000e+00
      6.941   68.13264 -167.48620      7.012     5.1589     5.1583     5.1584    29.7547    29.7655  1023.5357    23.5030    301.748    289.082  318.44687     94.756     90.785     0.4908     2.5971     3.7192     0.9469 6.0208e-02        844     0.5854  0.000e+00
      6.995   68.13264 -167.48620      7.066     5.1590     5.1589     5.1586    29.7541    29.7665  1023.5355    23.5026    301.744    289.053  318.44704     94.755     90.778     0.4908     2.5971     3.7192     0.9469 6.4275e-02        845     0.5861  0.000e+00
