EcoFOCI/data/1_SampleCollection/2023_SikuliaqDBO_CruiseData/CTD_raw_BottleFile_SKQ23-12S/proc/skq202312s_042.cnv
* Sea-Bird SBE 9 Data File:
* FileName = D:\CTD\SKQ202312S\SKQ202312S_042.hex
* Software Version Seasave V 7.26.7.121
* Temperature SN = 6177
* Conductivity SN = 0369
* Number of Bytes Per Scan = 41
* Number of Voltage Words = 4
* Number of Scans Averaged by the Deck Unit = 1
* NMEA Latitude = 71 27.22 N
* NMEA Longitude = 161 02.26 W
* NMEA UTC (Time) = Sep 24 2023  04:51:21
* NMEA baud rate = 4800
** Ship: R/V Sikuliaq
** Station Number: 042
** Station Name: DBO4.3n
** Bottom Depth: 47
** Operator: SD
# nquan = 24
# nvalues = 5011                                  
# units = specified
# name 0 = depSM: Depth [salt water, m]
# name 1 = latitude: Latitude [deg]
# name 2 = longitude: Longitude [deg]
# name 3 = prDM: Pressure, Digiquartz [db]
# name 4 = t090C: Temperature [ITS-90, deg C]
# name 5 = t190C: Temperature, 2 [ITS-90, deg C]
# name 6 = potemp090C: Potential Temperature [ITS-90, deg C]
# name 7 = sal00: Salinity, Practical [PSU]
# name 8 = sal11: Salinity, Practical, 2 [PSU]
# name 9 = density00: Density [density, kg/m^3]
# name 10 = sigma-é00: Density [sigma-theta, kg/m^3]
# name 11 = sbox0Mm/Kg: Oxygen, SBE 43 [umol/kg]
# name 12 = sbox1Mm/Kg: Oxygen, SBE 43, 2 [umol/kg]
# name 13 = oxsolMm/Kg: Oxygen Saturation, Garcia & Gordon [umol/kg]
# name 14 = sbeox0PS: Oxygen, SBE 43 [% saturation]
# name 15 = sbeox1PS: Oxygen, SBE 43, 2 [% saturation]
# name 16 = v0: Voltage 0
# name 17 = flECO-AFL: Fluorescence, WET Labs ECO-AFL/FL [mg/m^3]
# name 18 = v1: Voltage 1
# name 19 = CStarAt0: Beam Attenuation, WET Labs C-Star [1/m]
# name 20 = par: PAR/Irradiance, Biospherical/Licor
# name 21 = scan: Scan Count
# name 22 = timeM: Time, Elapsed [minutes]
# name 23 = flag:  0.000e+00
# span 0 =      2.349,     41.855                 
# span 1 =   71.45354,   71.45358                 
# span 2 = -161.03786, -161.03778                 
# span 3 =      2.373,     42.291                 
# span 4 =    -1.6139,     2.1756                 
# span 5 =    -1.6127,     2.1767                 
# span 6 =    -1.6146,     2.1751                 
# span 7 =    27.2189,    32.6070                 
# span 8 =    27.2257,    32.6184                 
# span 9 =  1021.7458,  1026.4346                 
# span 10 =    21.7342,    26.2311                
# span 11 =    258.177,    475.370                
# span 12 =    244.449,    448.275                
# span 13 =  348.74348,  370.06334                
# span 14 =     69.775,    131.631                
# span 15 =     66.067,    123.187                
# span 16 =     0.0842,     0.9316                
# span 17 =     0.1575,     5.2417                
# span 18 =     2.3895,     4.1758                
# span 19 =     0.4835,     2.7173                
# span 20 = 1.0000e-12, 2.2500e+00                
# span 21 =          1,       5011                
# span 22 =     0.0000,     3.4792                
# span 23 = 0.0000e+00, 0.0000e+00                
# interval = seconds: 0.0416667
# start_time = Sep 24 2023 04:55:17 [NMEA time, first data scan]
# bad_flag = -9.990e-29
*END*
[from data line 4227]
     41.686   71.45356 -161.03784     42.120    -1.5916    -1.5941    -1.5923    32.5910    32.6081  1026.4211    26.2177    266.870    251.751  369.87346     72.152     68.069     0.1209     0.3773     2.4933     2.5472 1.0000e-12       4228     2.9354  0.000e+00
     41.740   71.45356 -161.03784     42.175    -1.5916    -1.5934    -1.5923    32.5914    32.6076  1026.4217    26.2180    266.809    251.729  369.87230     72.135     68.064     0.1197     0.3699     2.4933     2.5472 1.0000e-12       4229     2.9361  0.000e+00
     41.686   71.45356 -161.03784     42.120    -1.5918    -1.5925    -1.5925    32.5920    32.6068  1026.4219    26.2185    267.046    251.693  369.87224     72.200     68.055     0.1209     0.3773     2.4933     2.5472 1.0000e-12       4230     2.9368  0.000e+00
     41.740   71.45356 -161.03784     42.175    -1.5921    -1.5920    -1.5928    32.5920    32.6059  1026.4222    26.2185    267.017    251.689  369.87505     72.191     68.055     0.1197     0.3699     2.4933     2.5472 8.4714e-06       4231     2.9375  0.000e+00
     41.686   71.45356 -161.03784     42.120    -1.5924    -1.5920    -1.5931    32.5922    32.6057  1026.4221    26.2187    267.232    251.679  369.87793     72.249     68.052     0.1209     0.3773     2.4945     2.5452 8.4714e-06       4232     2.9382  0.000e+00
     41.740   71.45356 -161.03784     42.175    -1.5927    -1.5921    -1.5934    32.5925    32.6056  1026.4226    26.2189    267.329    251.895  369.87998     72.275     68.110     0.1197     0.3699     2.5104     2.5198 1.0000e-12       4233     2.9389  0.000e+00
     41.740   71.45356 -161.03784     42.175    -1.5925    -1.5929    -1.5933    32.5923    32.6068  1026.4225    26.2188    267.359    251.908  369.87881     72.283     68.113     0.1209     0.3773     2.5177     2.5082 1.0000e-12       4234     2.9396  0.000e+00
     41.686   71.45356 -161.03784     42.120    -1.5927    -1.5933    -1.5934    32.5926    32.6072  1026.4225    26.2190    267.325    251.908  369.87963     72.273     68.112     0.1197     0.3699     2.5189     2.5062 8.4714e-06       4235     2.9403  0.000e+00
     41.686   71.45356 -161.03784     42.120    -1.5925    -1.5936    -1.5933    32.5919    32.6078  1026.4219    26.2184    267.017    251.902  369.87997     72.190     68.110     0.1209     0.3773     2.5177     2.5082 1.0000e-12       4236     2.9410  0.000e+00
     41.740   71.45356 -161.03784     42.175    -1.5925    -1.5942    -1.5933    32.5922    32.6084  1026.4223    26.2186    266.961    251.891  369.87932     72.175     68.106     0.1197     0.3699     2.5177     2.5082 1.0000e-12       4237     2.9417  0.000e+00
     41.740   71.45356 -161.03784     42.175    -1.5927    -1.5942    -1.5934    32.5925    32.6085  1026.4226    26.2189    267.204    252.096  369.87998     72.241     68.162     0.1209     0.3773     2.5177     2.5082 8.4714e-06       4238     2.9424  0.000e+00
     41.686   71.45356 -161.03784     42.120    -1.5929    -1.5936    -1.5936    32.5928    32.6073  1026.4226    26.2192    267.434    252.125  369.88081     72.303     68.170     0.1197     0.3699     2.5177     2.5082 8.4714e-06       4239     2.9431  0.000e+00
     41.686   71.45356 -161.03784     42.120    -1.5929    -1.5929    -1.5936    32.5925    32.6061  1026.4224    26.2189    267.181    252.112  369.88169     72.234     68.167     0.1197     0.3699     2.5177     2.5082 1.0000e-12       4240     2.9438  0.000e+00
     41.678   71.45356 -161.03784     42.113    -1.5927    -1.5921    -1.5934    32.5925    32.6052  1026.4223    26.2189    267.175    251.858  369.88013     72.233     68.100     0.1197     0.3699     2.5177     2.5082 1.0000e-12       4241     2.9444  0.000e+00
     41.740   71.45356 -161.03784     42.175    -1.5927    -1.5916    -1.5934    32.5925    32.6048  1026.4226    26.2189    267.423    251.831  369.87998     72.300     68.093     0.1197     0.3699     2.5177     2.5082 8.4714e-06       4242     2.9451  0.000e+00
     41.686   71.45356 -161.03784     42.120    -1.5929    -1.5916    -1.5936    32.5924    32.6047  1026.4223    26.2188    267.445    252.028  369.88207     72.306     68.146     0.1197     0.3699     2.5177     2.5082 1.0000e-12       4243     2.9458  0.000e+00
     41.686   71.45356 -161.03784     42.120    -1.5930    -1.5925    -1.5937    32.5930    32.6061  1026.4227    26.2193    267.455    252.024  369.88159     72.308     68.144     0.1197     0.3699     2.5177     2.5082 1.0000e-12       4244     2.9465  0.000e+00
     41.686   71.45356 -161.03784     42.120    -1.5929    -1.5934    -1.5936    32.5928    32.6075  1026.4226    26.2191    267.712    252.012  369.88093     72.378     68.140     0.1209     0.3773     2.5177     2.5082 1.0000e-12       4245     2.9472  0.000e+00
     41.740   71.45356 -161.03784     42.175    -1.5928    -1.5934    -1.5935    32.5925    32.6073  1026.4226    26.2189    267.748    251.990  369.88115     72.387     68.134     0.1197     0.3699     2.5177     2.5082 1.0000e-12       4246     2.9479  0.000e+00
     41.686   71.45356 -161.03784     42.120    -1.5924    -1.5929    -1.5931    32.5919    32.6067  1026.4219    26.2184    267.762    251.986  369.87881     72.392     68.134     0.1209     0.3773     2.5177     2.5082 1.0000e-12       4247     2.9486  0.000e+00
     41.740   71.45356 -161.03784     42.175    -1.5924    -1.5929    -1.5931    32.5919    32.6066  1026.4221    26.2184    267.509    251.950  369.87891     72.323     68.124     0.1197     0.3699     2.5177     2.5082 1.0000e-12       4248     2.9493  0.000e+00
     41.686   71.45356 -161.03784     42.120    -1.5919    -1.5925    -1.5927    32.5917    32.6061  1026.4216    26.2182    267.964    251.933  369.87505     72.447     68.120     0.1209     0.3773     2.5177     2.5082 1.0000e-12       4249     2.9500  0.000e+00
     41.686   71.45356 -161.03784     42.120    -1.5921    -1.5921    -1.5928    32.5913    32.6060  1026.4214    26.2179    267.679    251.679  369.87722     72.370     68.052     0.1197     0.3699     2.5177     2.5082 8.4714e-06       4250     2.9507  0.000e+00
     41.686   71.45356 -161.03784     42.120    -1.5922    -1.5910    -1.5930    32.5916    32.6044  1026.4216    26.2182    267.691    251.846  369.87802     72.373     68.098     0.1209     0.3773     2.5177     2.5082 1.0000e-12       4251     2.9514  0.000e+00
     41.686   71.45356 -161.03784     42.120    -1.5925    -1.5898    -1.5933    32.5918    32.6035  1026.4218    26.2183    267.691    251.806  369.88035     72.372     68.089     0.1197     0.3699     2.5177     2.5082 1.0000e-12       4252     2.9521  0.000e+00
     41.686   71.45356 -161.03784     42.120    -1.5927    -1.5889    -1.5934    32.5922    32.6022  1026.4221    26.2186    267.677    251.762  369.88102     72.368     68.078     0.1209     0.3773     2.5177     2.5082 8.4714e-06       4253     2.9528  0.000e+00
     41.740   71.45356 -161.03784     42.175    -1.5930    -1.5886    -1.5937    32.5926    32.6019  1026.4227    26.2190    267.653    251.946  369.88257     72.362     68.128     0.1197     0.3699     2.5189     2.5062 1.0000e-12       4254     2.9535  0.000e+00
     41.678   71.45356 -161.03784     42.113    -1.5931    -1.5883    -1.5939    32.5928    32.6017  1026.4225    26.2191    267.613    251.954  369.88389     72.350     68.131     0.1209     0.3773     2.5189     2.5062 1.0000e-12       4255     2.9542  0.000e+00
     41.632   71.45356 -161.03784     42.066    -1.5933    -1.5888    -1.5941    32.5930    32.6023  1026.4225    26.2193    267.872    251.961  369.88498     72.420     68.132     0.1209     0.3773     2.5189     2.5062 8.4714e-06       4256     2.9549  0.000e+00
     41.686   71.45356 -161.03784     42.120    -1.5934    -1.5900    -1.5942    32.5932    32.6037  1026.4229    26.2195    267.652    251.968  369.88560     72.361     68.133     0.1209     0.3773     2.5189     2.5062 1.0000e-12       4257     2.9556  0.000e+00
     41.686   71.45356 -161.03784     42.120    -1.5930    -1.5913    -1.5937    32.5926    32.6056  1026.4224    26.2190    267.886    251.967  369.88273     72.425     68.131     0.1197     0.3699     2.5189     2.5062 1.0000e-12       4258     2.9562  0.000e+00
     41.686   71.45356 -161.03784     42.120    -1.5923    -1.5925    -1.5931    32.5921    32.6073  1026.4220    26.2186    267.896    251.958  369.87779     72.428     68.127     0.1209     0.3773     2.5189     2.5062 1.0000e-12       4259     2.9569  0.000e+00
     41.632   71.45356 -161.03784     42.066    -1.5921    -1.5933    -1.5928    32.5919    32.6080  1026.4216    26.2184    267.894    251.940  369.87549     72.428     68.121     0.1197     0.3699     2.5189     2.5062 8.4714e-06       4260     2.9576  0.000e+00
     41.686   71.45356 -161.03784     42.120    -1.5918    -1.5936    -1.5925    32.5912    32.6082  1026.4213    26.2178    267.625    251.916  369.87464     72.356     68.114     0.1197     0.3699     2.5189     2.5062 1.0000e-12       4261     2.9583  0.000e+00
     41.678   71.45356 -161.03784     42.113    -1.5916    -1.5936    -1.5923    32.5912    32.6077  1026.4213    26.2178    267.812    251.915  369.87282     72.407     68.114     0.1197     0.3699     2.5189     2.5062 1.0000e-12       4262     2.9590  0.000e+00
     41.632   71.45356 -161.03784     42.066    -1.5916    -1.5931    -1.5923    32.5914    32.6062  1026.4212    26.2180    267.829    251.906  369.87236     72.411     68.111     0.1209     0.3773     2.5189     2.5062 1.0000e-12       4263     2.9597  0.000e+00
     41.686   71.45356 -161.03784     42.120    -1.5918    -1.5927    -1.5925    32.5913    32.6054  1026.4213    26.2179    267.841    251.894  369.87439     72.414     68.108     0.1209     0.3773     2.5189     2.5062 8.4714e-06       4264     2.9604  0.000e+00
     41.632   71.45356 -161.03784     42.066    -1.5922    -1.5916    -1.5930    32.5919    32.6038  1026.4216    26.2184    267.840    251.869  369.87729     72.413     68.103     0.1197     0.3699     2.5189     2.5062 1.0000e-12       4265     2.9611  0.000e+00
     41.686   71.45356 -161.03784     42.120    -1.5924    -1.5913    -1.5931    32.5922    32.6032  1026.4221    26.2187    268.090    251.847  369.87806     72.481     68.097     0.1209     0.3773     2.5177     2.5082 8.4714e-06       4266     2.9618  0.000e+00
     41.632   71.45356 -161.03784     42.066    -1.5921    -1.5912    -1.5928    32.5921    32.6026  1026.4218    26.2186    267.850    251.816  369.87486     72.416     68.089     0.1209     0.3773     2.5177     2.5082 8.4714e-06       4267     2.9625  0.000e+00
     41.632   71.45356 -161.03784     42.066    -1.5919    -1.5907    -1.5927    32.5916    32.6024  1026.4213    26.2182    268.075    251.780  369.87521     72.477     68.080     0.1209     0.3773     2.5189     2.5062 1.0000e-12       4268     2.9632  0.000e+00
     41.624   71.45356 -161.03784     42.058    -1.5918    -1.5902    -1.5925    32.5914    32.6019  1026.4211    26.2180    267.816    251.771  369.87415     72.407     68.078     0.1197     0.3699     2.5189     2.5062 1.0000e-12       4269     2.9639  0.000e+00
     41.686   71.45356 -161.03784     42.120    -1.5918    -1.5904    -1.5925    32.5912    32.6019  1026.4213    26.2179    268.020    251.732  369.87451     72.462     68.067     0.1209     0.3773     2.5177     2.5082 1.0000e-12       4270     2.9646  0.000e+00
     41.632   71.45356 -161.03784     42.066    -1.5919    -1.5902    -1.5927    32.5915    32.6021  1026.4212    26.2180    267.998    251.680  369.87559     72.456     68.053     0.1197     0.3699     2.5189     2.5062 1.0000e-12       4271     2.9653  0.000e+00
     41.632   71.45356 -161.03784     42.066    -1.5919    -1.5898    -1.5926    32.5911    32.6014  1026.4209    26.2177    267.965    251.624  369.87621     72.447     68.039     0.1209     0.3773     2.5189     2.5062 1.0000e-12       4272     2.9660  0.000e+00
     41.632   71.45356 -161.03784     42.066    -1.5919    -1.5895    -1.5927    32.5913    32.6012  1026.4211    26.2179    267.971    251.596  369.87597     72.449     68.032     0.1197     0.3699     2.5299     2.4888 1.0000e-12       4273     2.9667  0.000e+00
     41.632   71.45356 -161.03784     42.066    -1.5918    -1.5893    -1.5925    32.5915    32.6009  1026.4213    26.2181    267.965    251.566  369.87378     72.448     68.024     0.1209     0.3773     2.5446     2.4657 1.0000e-12       4274     2.9674  0.000e+00
     41.632   71.45356 -161.03784     42.066    -1.5916    -1.5897    -1.5923    32.5909    32.6014  1026.4208    26.2176    267.951    251.534  369.87375     72.444     68.015     0.1197     0.3699     2.5470     2.4619 1.0000e-12       4275     2.9681  0.000e+00
     41.624   71.45356 -161.03784     42.058    -1.5916    -1.5898    -1.5923    32.5911    32.6019  1026.4209    26.2177    267.925    251.496  369.87323     72.437     68.004     0.1209     0.3773     2.5470     2.4619 1.0000e-12       4276     2.9688  0.000e+00
     41.632   71.45356 -161.03784     42.066    -1.5918    -1.5907    -1.5925    32.5913    32.6027  1026.4211    26.2179    267.839    251.460  369.87441     72.414     67.993     0.1197     0.3699     2.5458     2.4638 8.4714e-06       4277     2.9694  0.000e+00
     41.570   71.45356 -161.03784     42.003    -1.5921    -1.5918    -1.5928    32.5912    32.6041  1026.4207    26.2178    268.259    251.419  369.87752     72.526     67.981     0.1209     0.3773     2.5458     2.4638 1.0000e-12       4278     2.9701  0.000e+00
     41.632   71.45356 -161.03784     42.066    -1.5919    -1.5933    -1.5927    32.5913    32.6061  1026.4211    26.2179    267.776    251.379  369.87609     72.396     67.968     0.1197     0.3699     2.5458     2.4638 1.0000e-12       4279     2.9708  0.000e+00
     41.632   71.45356 -161.03784     42.066    -1.5924    -1.5930    -1.5931    32.5918    32.6051  1026.4216    26.2184    267.704    251.325  369.87910     72.376     67.954     0.1209     0.3773     2.5458     2.4638 8.4714e-06       4280     2.9715  0.000e+00
     41.570   71.45356 -161.03784     42.003    -1.5924    -1.5925    -1.5931    32.5920    32.6048  1026.4214    26.2185    267.669    251.261  369.87873     72.367     67.937     0.1197     0.3699     2.5458     2.4638 1.0000e-12       4281     2.9722  0.000e+00
     41.632   71.45356 -161.03784     42.066    -1.5925    -1.5915    -1.5933    32.5918    32.6036  1026.4216    26.2184    267.631    251.230  369.88026     72.356     67.930     0.1209     0.3773     2.5458     2.4638 1.0000e-12       4282     2.9729  0.000e+00
     41.624   71.45356 -161.03784     42.058    -1.5925    -1.5910    -1.5933    32.5919    32.6033  1026.4216    26.2184    267.580    251.196  369.87999     72.342     67.922     0.1221     0.3846     2.5458     2.4638 8.4714e-06       4283     2.9736  0.000e+00
     41.570   71.45356 -161.03784     42.003    -1.5927    -1.5909    -1.5934    32.5923    32.6029  1026.4216    26.2187    267.780    251.160  369.88069     72.396     67.912     0.1197     0.3699     2.5458     2.4638 1.0000e-12       4284     2.9743  0.000e+00
     41.632   71.45356 -161.03784     42.066    -1.5923    -1.5912    -1.5931    32.5913    32.6026  1026.4211    26.2179    267.711    251.128  369.88022     72.378     67.903     0.1209     0.3773     2.5458     2.4638 1.0000e-12       4285     2.9750  0.000e+00
     41.570   71.45356 -161.03784     42.003    -1.5925    -1.5910    -1.5933    32.5913    32.6022  1026.4208    26.2179    267.627    251.317  369.88191     72.355     67.954     0.1197     0.3699     2.5458     2.4638 8.4714e-06       4286     2.9757  0.000e+00
