EcoFOCI/data/1_SampleCollection/2023_SikuliaqDBO_CruiseData/CTD_raw_BottleFile_SKQ23-12S/proc/skq202312s_016.ros
* Sea-Bird SBE 9 Data File:
* FileName = D:\CTD\SKQ202312S\SKQ202312S_016.hex
* Software Version Seasave V 7.26.7.121
* Temperature SN = 6177
* Conductivity SN = 0369
* Number of Bytes Per Scan = 41
* Number of Voltage Words = 4
* Number of Scans Averaged by the Deck Unit = 1
* NMEA Latitude = 64 40.76 N
* NMEA Longitude = 169 06.00 W
* NMEA UTC (Time) = Sep 17 2023  13:39:04
* NMEA baud rate = 4800
** Ship: R/V Sikuliaq
** Station Number: 016
** Station Name: DBO2.2
** Bottom Depth: 45
** Operator: SD
# nquan = 22
# nvalues = 882                                   
# units = specified
# name 0 = depSM: Depth [salt water, m]
# name 1 = latitude: Latitude [deg]
# name 2 = longitude: Longitude [deg]
# name 3 = prDM: Pressure, Digiquartz [db]
# name 4 = t090C: Temperature [ITS-90, deg C]
# name 5 = t190C: Temperature, 2 [ITS-90, deg C]
# name 6 = potemp090C: Potential Temperature [ITS-90, deg C]
# name 7 = sal00: Salinity, Practical [PSU]
# name 8 = sal11: Salinity, Practical, 2 [PSU]
# name 9 = density00: Density [density, kg/m^3]
# name 10 = sigma-é00: Density [sigma-theta, kg/m^3]
# name 11 = sbox0Mm/Kg: Oxygen, SBE 43 [umol/kg]
# name 12 = sbox1Mm/Kg: Oxygen, SBE 43, 2 [umol/kg]
# name 13 = oxsolMm/Kg: Oxygen Saturation, Garcia & Gordon [umol/kg]
# name 14 = sbeox0PS: Oxygen, SBE 43 [% saturation]
# name 15 = v0: Voltage 0
# name 16 = flECO-AFL: Fluorescence, WET Labs ECO-AFL/FL [mg/m^3]
# name 17 = CStarAt0: Beam Attenuation, WET Labs C-Star [1/m]
# name 18 = par: PAR/Irradiance, Biospherical/Licor
# name 19 = scan: Scan Count
# name 20 = nbf: Bottles Fired
# name 21 = flag:  0.000e+00
# interval = seconds: 0.0416667
# start_time = Sep 17 2023 13:42:59 [NMEA time, first data scan]
# bad_flag = -9.990e-29
*END*
[from data line 396]
     19.982   64.67940 -169.10004     20.180     2.6115     2.6147     2.6104    32.4535    32.4646  1025.9800    25.8850    295.114    282.294  332.03116     88.881     0.2601     1.2124     0.7521 1.0000e-12      13468          9  0.000e+00
     20.005   64.67940 -169.10004     20.204     2.6116     2.6152     2.6106    32.4536    32.4653  1025.9802    25.8851    295.137    282.260  332.02955     88.889     0.2613     1.2198     0.7521 1.0000e-12      13469          9  0.000e+00
     20.036   64.67940 -169.10004     20.235     2.6115     2.6153     2.6104    32.4541    32.4659  1025.9808    25.8855    295.385    282.228  332.02960     88.963     0.2613     1.2198     0.7521 1.0000e-12      13470          9  0.000e+00
     20.036   64.67940 -169.10004     20.235     2.6113     2.6157     2.6102    32.4546    32.4661  1025.9812    25.8859    295.409    282.243  332.02980     88.971     0.2601     1.2124     0.7521 1.0000e-12      13471          9  0.000e+00
     19.943   64.67940 -169.10004     20.141     2.6113     2.6156     2.6103    32.4541    32.4668  1025.9803    25.8855    295.466    282.235  332.03110     88.988     0.2613     1.2198     0.7521 1.0000e-12      13472          9  0.000e+00
     19.982   64.67940 -169.10004     20.180     2.6110     2.6158     2.6099    32.4546    32.4664  1025.9809    25.8859    295.271    282.233  332.03249     88.928     0.2601     1.2124     0.7521 1.0000e-12      13473          9  0.000e+00
     20.036   64.67940 -169.10004     20.235     2.6109     2.6156     2.6098    32.4546    32.4665  1025.9812    25.8859    295.298    282.456  332.03338     88.936     0.2613     1.2198     0.7521 1.0000e-12      13474          9  0.000e+00
     20.005   64.67940 -169.10004     20.204     2.6110     2.6161     2.6099    32.4546    32.4658  1025.9811    25.8860    295.322    282.475  332.03232     88.944     0.2601     1.2124     0.7533 1.0000e-12      13475          9  0.000e+00
     19.982   64.67940 -169.10004     20.180     2.6110     2.6159     2.6099    32.4547    32.4661  1025.9810    25.8861    295.347    282.300  332.03208     88.951     0.2613     1.2198     0.7546 1.0000e-12      13476          9  0.000e+00
     19.982   64.67940 -169.10004     20.180     2.6113     2.6158     2.6103    32.4546    32.4661  1025.9809    25.8859    295.299    282.301  332.02973     88.937     0.2601     1.2124     0.7546 1.0000e-12      13477          9  0.000e+00
     20.005   64.67940 -169.10004     20.204     2.6112     2.6157     2.6101    32.4546    32.4663  1025.9810    25.8859    295.290    282.475  332.03109     88.935     0.2613     1.2198     0.7546 1.0000e-12      13478          9  0.000e+00
     19.920   64.67940 -169.10004     20.118     2.6110     2.6156     2.6099    32.4548    32.4665  1025.9808    25.8861    295.315    282.496  332.03200     88.942     0.2601     1.2124     0.7546 1.0000e-12      13479          9  0.000e+00
     20.098   64.67940 -169.10004     20.297     2.6115     2.6156     2.6104    32.4544    32.4663  1025.9813    25.8857    295.310    282.527  332.02897     88.941     0.2613     1.2198     0.7546 1.0000e-12      13480          9  0.000e+00
     20.036   64.67940 -169.10004     20.235     2.6112     2.6156     2.6101    32.4546    32.4662  1025.9812    25.8859    295.301    282.548  332.03113     88.938     0.2613     1.2198     0.7546 1.0000e-12      13481          9  0.000e+00
     20.005   64.67940 -169.10004     20.204     2.6113     2.6155     2.6102    32.4544    32.4663  1025.9809    25.8858    295.290    282.373  332.03027     88.935     0.2601     1.2124     0.7546 1.0000e-12      13482          9  0.000e+00
     20.036   64.67940 -169.10004     20.235     2.6113     2.6150     2.6102    32.4544    32.4663  1025.9810    25.8858    295.282    282.577  332.03031     88.932     0.2613     1.2198     0.7546 1.0000e-12      13483          9  0.000e+00
     19.982   64.67940 -169.10004     20.180     2.6110     2.6147     2.6099    32.4543    32.4667  1025.9807    25.8857    295.274    282.600  332.03320     88.929     0.2601     1.2124     0.7546 1.0000e-12      13484          9  0.000e+00
     20.059   64.67940 -169.10004     20.258     2.6104     2.6150     2.6093    32.4536    32.4667  1025.9806    25.8852    295.274    282.625  332.03985     88.927     0.2613     1.2198     0.7546 1.0000e-12      13485          9  0.000e+00
     20.036   64.67940 -169.10004     20.235     2.6102     2.6155     2.6092    32.4535    32.4660  1025.9803    25.8851    295.266    282.646  332.04156     88.924     0.2601     1.2124     0.7546 1.0000e-12      13486          9  0.000e+00
     20.036   64.67940 -169.10004     20.235     2.6094     2.6156     2.6084    32.4532    32.4661  1025.9802    25.8849    295.264    282.669  332.04892     88.922     0.2613     1.2198     0.7546 1.0000e-12      13487          9  0.000e+00
     20.059   64.67940 -169.10004     20.258     2.6093     2.6158     2.6082    32.4530    32.4654  1025.9802    25.8848    295.258    282.891  332.05069     88.920     0.2601     1.2124     0.7546 1.0000e-12      13488          9  0.000e+00
     20.036   64.67940 -169.10004     20.235     2.6090     2.6157     2.6079    32.4529    32.4651  1025.9800    25.8847    295.251    282.741  332.05331     88.917     0.2601     1.2124     0.7546 1.0000e-12      13489          9  0.000e+00
     20.036   64.67940 -169.10004     20.235     2.6088     2.6153     2.6077    32.4527    32.4655  1025.9799    25.8846    295.244    282.964  332.05546     88.914     0.2625     1.2271     0.7546 1.0000e-12      13490          9  0.000e+00
     20.121   64.67940 -169.10004     20.321     2.6093     2.6148     2.6083    32.4523    32.4654  1025.9799    25.8842    295.235    282.992  332.05210     88.912     0.2686     1.2637     0.7546 1.0000e-12      13491          9  0.000e+00
     20.098   64.67940 -169.10004     20.297     2.6093     2.6139     2.6082    32.4520    32.4654  1025.9795    25.8840    295.226    283.018  332.05329     88.909     0.2735     1.2930     0.7546 1.0000e-12      13492          9  0.000e+00
     20.098   64.67940 -169.10004     20.297     2.6094     2.6139     2.6084    32.4519    32.4652  1025.9795    25.8839    295.216    283.036  332.05217     88.906     0.2723     1.2857     0.7546 1.0000e-12      13493          9  0.000e+00
     20.121   64.67940 -169.10004     20.321     2.6098     2.6142     2.6087    32.4516    32.4651  1025.9793    25.8837    295.243    283.050  332.05015     88.915     0.2723     1.2857     0.7546 1.0000e-12      13494          9  0.000e+00
     20.098   64.67940 -169.10004     20.297     2.6094     2.6142     2.6084    32.4520    32.4650  1025.9795    25.8840    295.237    283.063  332.05196     88.913     0.2711     1.2784     0.7533 1.0000e-12      13495          9  0.000e+00
     20.152   64.67940 -169.10004     20.352     2.6099     2.6140     2.6088    32.4515    32.4645  1025.9793    25.8835    295.228    283.079  332.04927     88.911     0.2723     1.2857     0.7521 1.0000e-12      13496          9  0.000e+00
     20.152   64.67940 -169.10004     20.352     2.6099     2.6131     2.6088    32.4515    32.4643  1025.9793    25.8835    295.221    283.097  332.04927     88.909     0.2711     1.2784     0.7521 1.0000e-12      13497          9  0.000e+00
     20.121   64.67940 -169.10004     20.321     2.6102     2.6129     2.6092    32.4512    32.4636  1025.9789    25.8833    295.210    283.328  332.04739     88.906     0.2711     1.2784     0.7521 1.0000e-12      13498          9  0.000e+00
     20.152   64.67940 -169.10004     20.352     2.6104     2.6125     2.6093    32.4507    32.4639  1025.9787    25.8829    295.278    283.188  332.04712     88.927     0.2723     1.2857     0.7521 1.0000e-12      13499          9  0.000e+00
     20.213   64.67940 -169.10004     20.414     2.6106     2.6127     2.6095    32.4503    32.4632  1025.9786    25.8825    295.276    283.219  332.04700     88.926     0.2723     1.2857     0.7521 1.0000e-12      13500          9  0.000e+00
     20.229   64.67940 -169.10004     20.430     2.6104     2.6125     2.6093    32.4501    32.4625  1025.9785    25.8824    295.274    283.448  332.04876     88.925     0.2723     1.2857     0.7508 1.0000e-12      13501          9  0.000e+00
     20.213   64.67940 -169.10004     20.414     2.6102     2.6120     2.6092    32.4500    32.4622  1025.9784    25.8823    295.270    283.502  332.05038     88.923     0.2711     1.2784     0.7508 1.0000e-12      13502          9  0.000e+00
     20.213   64.67940 -169.10004     20.414     2.6102     2.6119     2.6092    32.4497    32.4616  1025.9782    25.8821    295.266    283.527  332.05109     88.922     0.2711     1.2784     0.7521 1.0000e-12      13503          9  0.000e+00
     20.229   64.67940 -169.10004     20.430     2.6099     2.6117     2.6088    32.4497    32.4614  1025.9783    25.8821    295.265    283.574  332.05367     88.921     0.2711     1.2784     0.7521 1.0000e-12      13504          9  0.000e+00
     20.267   64.67940 -169.10004     20.469     2.6091     2.6119     2.6080    32.4498    32.4609  1025.9786    25.8823    295.269    283.594  332.06006     88.920     0.2723     1.2857     0.7521 1.0000e-12      13505          9  0.000e+00
     20.267   64.67940 -169.10004     20.469     2.6092     2.6117     2.6081    32.4498    32.4605  1025.9786    25.8823    295.264    283.612  332.05975     88.919     0.2711     1.2784     0.7521 1.0000e-12      13506          9  0.000e+00
     20.291   64.67940 -169.10004     20.492     2.6091     2.6108     2.6080    32.4495    32.4600  1025.9785    25.8820    295.261    283.658  332.06101     88.918     0.2711     1.2784     0.7521 1.0000e-12      13507          9  0.000e+00
     20.267   64.67940 -169.10004     20.469     2.6088     2.6099     2.6078    32.4493    32.4598  1025.9782    25.8819    295.259    283.699  332.06374     88.916     0.2711     1.2784     0.7521 1.0000e-12      13508          9  0.000e+00
     20.322   64.67940 -169.10004     20.523     2.6088     2.6092     2.6077    32.4486    32.4592  1025.9780    25.8814    295.258    283.741  332.06576     88.916     0.2711     1.2784     0.7521 1.0000e-12      13509          9  0.000e+00
     20.291   64.67940 -169.10004     20.492     2.6084     2.6091     2.6073    32.4487    32.4589  1025.9779    25.8814    295.256    283.772  332.06919     88.914     0.2723     1.2857     0.7521 1.0000e-12      13510          9  0.000e+00
     20.383   64.67940 -169.10004     20.586     2.6081     2.6089     2.6070    32.4491    32.4592  1025.9787    25.8818    295.477    283.782  332.07044     88.980     0.2723     1.2857     0.7521 1.0000e-12      13511          9  0.000e+00
     20.322   64.67940 -169.10004     20.523     2.6079     2.6091     2.6068    32.4486    32.4592  1025.9780    25.8814    295.287    283.977  332.07353     88.922     0.2723     1.2857     0.7521 1.0000e-12      13512          9  0.000e+00
     20.037   64.67940 -169.10004     20.235     2.6091     2.6112     2.6080    32.4501    32.4621  1025.9778    25.8825    296.133    281.624  332.05934     89.181     0.2662     1.2491     0.7558 1.0000e-12      13627         10  0.000e+00
     20.060   64.67940 -169.10004     20.259     2.6093     2.6113     2.6083    32.4494    32.4621  1025.9773    25.8819    296.363    281.802  332.05937     89.250     0.2674     1.2564     0.7558 1.0000e-12      13628         10  0.000e+00
     20.037   64.67940 -169.10004     20.235     2.6090     2.6112     2.6079    32.4503    32.4620  1025.9779    25.8826    296.185    281.808  332.06036     89.196     0.2662     1.2491     0.7558 1.0000e-12      13629         10  0.000e+00
     20.037   64.67940 -169.10004     20.235     2.6090     2.6114     2.6079    32.4500    32.4624  1025.9777    25.8825    296.190    281.640  332.06087     89.197     0.2674     1.2564     0.7558 1.0000e-12      13630         10  0.000e+00
     20.098   64.67940 -169.10004     20.298     2.6088     2.6115     2.6078    32.4502    32.4618  1025.9781    25.8826    296.195    281.655  332.06137     89.199     0.2662     1.2491     0.7571 1.0000e-12      13631         10  0.000e+00
     20.006   64.67940 -169.10004     20.204     2.6088     2.6116     2.6077    32.4504    32.4621  1025.9779    25.8828    296.414    281.865  332.06134     89.265     0.2674     1.2564     0.7558 1.0000e-12      13632         10  0.000e+00
     20.098   64.67940 -169.10004     20.298     2.6091     2.6114     2.6080    32.4502    32.4624  1025.9781    25.8826    296.229    281.714  332.05912     89.210     0.2662     1.2491     0.7558 1.0000e-12      13633         10  0.000e+00
     20.098   64.67940 -169.10004     20.298     2.6092     2.6114     2.6081    32.4502    32.4629  1025.9782    25.8826    296.446    281.737  332.05860     89.275     0.2662     1.2491     0.7571 1.0000e-12      13634         10  0.000e+00
     20.006   64.67940 -169.10004     20.204     2.6091     2.6113     2.6080    32.4499    32.4628  1025.9774    25.8823    296.253    281.934  332.05991     89.217     0.2674     1.2564     0.7558 1.0000e-12      13635         10  0.000e+00
     20.152   64.67940 -169.10004     20.352     2.6092     2.6115     2.6081    32.4501    32.4625  1025.9783    25.8825    296.251    281.769  332.05909     89.216     0.2662     1.2491     0.7571 1.0000e-12      13636         10  0.000e+00
     20.098   64.67940 -169.10004     20.298     2.6093     2.6116     2.6082    32.4499    32.4623  1025.9779    25.8823    296.459    281.799  332.05860     89.279     0.2674     1.2564     0.7546 1.0000e-12      13637         10  0.000e+00
     20.060   64.67940 -169.10004     20.259     2.6093     2.6115     2.6082    32.4501    32.4623  1025.9778    25.8825    296.481    281.810  332.05814     89.286     0.2674     1.2564     0.7533 1.0000e-12      13638         10  0.000e+00
     20.098   64.67940 -169.10004     20.298     2.6093     2.6114     2.6083    32.4501    32.4621  1025.9780    25.8825    296.503    281.827  332.05768     89.293     0.2674     1.2564     0.7533 1.0000e-12      13639         10  0.000e+00
     20.098   64.67940 -169.10004     20.298     2.6091     2.6114     2.6080    32.4503    32.4613  1025.9782    25.8827    296.265    281.847  332.05891     89.221     0.2662     1.2491     0.7533 1.0000e-12      13640         10  0.000e+00
     20.121   64.67940 -169.10004     20.321     2.6091     2.6110     2.6080    32.4498    32.4613  1025.9779    25.8823    296.246    281.847  332.06007     89.215     0.2674     1.2564     0.7533 1.0000e-12      13641         10  0.000e+00
     20.098   64.67940 -169.10004     20.298     2.6090     2.6111     2.6079    32.4504    32.4611  1025.9783    25.8828    296.222    281.868  332.05942     89.208     0.2662     1.2491     0.7533 1.0000e-12      13642         10  0.000e+00
     20.152   64.67940 -169.10004     20.352     2.6091     2.6111     2.6080    32.4503    32.4611  1025.9785    25.8827    296.420    281.871  332.05888     89.267     0.2662     1.2491     0.7533 1.0000e-12      13643         10  0.000e+00
     20.121   64.67940 -169.10004     20.321     2.6093     2.6110     2.6082    32.4501    32.4612  1025.9782    25.8825    296.206    281.898  332.05802     89.203     0.2698     1.2710     0.7533 1.0000e-12      13644         10  0.000e+00
     20.152   64.67940 -169.10004     20.352     2.6093     2.6109     2.6082    32.4500    32.4607  1025.9782    25.8824    296.399    281.930  332.05776     89.261     0.2711     1.2784     0.7533 1.0000e-12      13645         10  0.000e+00
