EcoFOCI/data/1_SampleCollection/2023_SikuliaqDBO_CruiseData/CTD_raw_BottleFile_SKQ23-12S/proc/skq202312s_001.cnv
* Sea-Bird SBE 9 Data File:
* FileName = D:\CTD\SKQ202312S\SKQ202312S_001.hex
* Software Version Seasave V 7.26.7.121
* Temperature SN = 6177
* Conductivity SN = 0369
* Number of Bytes Per Scan = 41
* Number of Voltage Words = 4
* Number of Scans Averaged by the Deck Unit = 1
* NMEA Latitude = 62 11.69 N
* NMEA Longitude = 174 40.42 W
* NMEA UTC (Time) = Sep 14 2023  13:19:49
* NMEA baud rate = 4800
** Ship: R/V Sikuliaq
** Station Number: 001
** Station Name: Mooring M8
** Bottom Depth: 73
** Operator: SD
# nquan = 24
# nvalues = 8691                                  
# units = specified
# name 0 = depSM: Depth [salt water, m]
# name 1 = latitude: Latitude [deg]
# name 2 = longitude: Longitude [deg]
# name 3 = prDM: Pressure, Digiquartz [db]
# name 4 = t090C: Temperature [ITS-90, deg C]
# name 5 = t190C: Temperature, 2 [ITS-90, deg C]
# name 6 = potemp090C: Potential Temperature [ITS-90, deg C]
# name 7 = sal00: Salinity, Practical [PSU]
# name 8 = sal11: Salinity, Practical, 2 [PSU]
# name 9 = density00: Density [density, kg/m^3]
# name 10 = sigma-é00: Density [sigma-theta, kg/m^3]
# name 11 = sbox0Mm/Kg: Oxygen, SBE 43 [umol/kg]
# name 12 = sbox1Mm/Kg: Oxygen, SBE 43, 2 [umol/kg]
# name 13 = oxsolMm/Kg: Oxygen Saturation, Garcia & Gordon [umol/kg]
# name 14 = sbeox0PS: Oxygen, SBE 43 [% saturation]
# name 15 = sbeox1PS: Oxygen, SBE 43, 2 [% saturation]
# name 16 = v0: Voltage 0
# name 17 = flECO-AFL: Fluorescence, WET Labs ECO-AFL/FL [mg/m^3]
# name 18 = v1: Voltage 1
# name 19 = CStarAt0: Beam Attenuation, WET Labs C-Star [1/m]
# name 20 = par: PAR/Irradiance, Biospherical/Licor
# name 21 = scan: Scan Count
# name 22 = timeM: Time, Elapsed [minutes]
# name 23 = flag:  0.000e+00
# span 0 =      1.206,     67.491                 
# span 1 =   62.19444,   62.19452                 
# span 2 = -174.67422, -174.67402                 
# span 3 =      1.218,     68.156                 
# span 4 =    -1.5247,     7.7743                 
# span 5 =    -1.5234,     7.7752                 
# span 6 =    -1.5258,     7.7733                 
# span 7 =    30.5765,    31.8394                 
# span 8 =    30.7825,    31.8524                 
# span 9 =  1023.9968,  1025.9340                 
# span 10 =    23.9517,    25.6058                
# span 11 =    279.688,    431.414                
# span 12 =    266.413,    370.586                
# span 13 =  297.39563,  371.45204                
# span 14 =     75.324,    116.877                
# span 15 =     71.754,    100.195                
# span 16 =     0.0684,     0.4896                
# span 17 =     0.0623,     2.5897                
# span 18 =     3.4286,     4.1673                
# span 19 =     0.4917,     1.2725                
# span 20 = 1.0000e-12, 1.5157e+00                
# span 21 =          1,       8691                
# span 22 =     0.0000,     6.0347                
# span 23 = 0.0000e+00, 0.0000e+00                
# interval = seconds: 0.0416667
# start_time = Sep 14 2023 13:27:19 [NMEA time, first data scan]
# bad_flag = -9.990e-29
*END*
[from data line 2114]
     14.385   62.19444 -174.67418     14.525     7.7725     7.7608     7.7712    30.7766    30.7932  1024.0573    23.9906    286.841    275.086  297.41020     96.446     92.481     0.2125     0.9267     3.9121     0.7446 1.0000e-12       2115     1.4681  0.000e+00
     14.408   62.19444 -174.67418     14.548     7.7717     7.7653     7.7704    30.7773    30.7915  1024.0581    23.9913    286.846    274.909  297.41358     96.447     92.429     0.2125     0.9267     3.9121     0.7446 1.0000e-12       2116     1.4688  0.000e+00
     14.385   62.19444 -174.67418     14.525     7.7714     7.7682     7.7701    30.7772    30.7905  1024.0579    23.9913    286.876    275.251  297.41618     96.456     92.550     0.2125     0.9267     3.9133     0.7433 1.0000e-12       2117     1.4694  0.000e+00
     14.385   62.19444 -174.67418     14.525     7.7717     7.7700     7.7704    30.7767    30.7890  1024.0575    23.9908    286.905    275.261  297.41530     96.466     92.556     0.2125     0.9267     3.9121     0.7446 1.0000e-12       2118     1.4701  0.000e+00
     14.408   62.19444 -174.67418     14.548     7.7715     7.7700     7.7702    30.7769    30.7867  1024.0577    23.9910    286.913    274.961  297.41596     96.469     92.453     0.2125     0.9267     3.9121     0.7446 1.0000e-12       2119     1.4708  0.000e+00
     14.439   62.19444 -174.67418     14.579     7.7720     7.7646     7.7707    30.7765    30.7846  1024.0575    23.9906    286.919    275.192  297.41376     96.471     92.518     0.2125     0.9267     3.9121     0.7446 1.0000e-12       2120     1.4715  0.000e+00
     14.385   62.19444 -174.67418     14.525     7.7717     7.7580     7.7704    30.7768    30.7831  1024.0576    23.9909    286.926    275.257  297.41466     96.473     92.525     0.2173     0.9560     3.9121     0.7446 1.0000e-12       2121     1.4722  0.000e+00
     14.408   62.19444 -174.67418     14.548     7.7715     7.7535     7.7702    30.7769    30.7834  1024.0578    23.9910    287.125    275.120  297.41580     96.540     92.470     0.2210     0.9780     3.9121     0.7446 1.0000e-12       2122     1.4729  0.000e+00
     14.439   62.19444 -174.67418     14.579     7.7701     7.7501     7.7687    30.7775    30.7846  1024.0586    23.9917    287.170    275.502  297.42461     96.552     92.592     0.2210     0.9780     3.9121     0.7446 1.0000e-12       2123     1.4736  0.000e+00
     14.385   62.19444 -174.67418     14.525     7.7688     7.7480     7.7675    30.7783    30.7856  1024.0591    23.9925    286.996    275.361  297.43126     96.492     92.541     0.2222     0.9853     3.9121     0.7446 1.0000e-12       2124     1.4743  0.000e+00
     14.408   62.19444 -174.67418     14.548     7.7691     7.7463     7.7677    30.7780    30.7872  1024.0590    23.9923    287.005    275.219  297.43017     96.495     92.491     0.2210     0.9780     3.9133     0.7433 1.0000e-12       2125     1.4750  0.000e+00
     14.439   62.19444 -174.67418     14.579     7.7696     7.7455     7.7683    30.7768    30.7885  1024.0581    23.9912    287.015    275.567  297.42906     96.499     92.607     0.2222     0.9853     3.9121     0.7446 1.0000e-12       2126     1.4757  0.000e+00
     14.439   62.19444 -174.67418     14.579     7.7694     7.7458     7.7681    30.7766    30.7886  1024.0580    23.9911    287.028    275.599  297.43081     96.503     92.618     0.2210     0.9780     3.9121     0.7446 1.0000e-12       2127     1.4764  0.000e+00
     14.408   62.19444 -174.67418     14.548     7.7693     7.7466     7.7680    30.7766    30.7871  1024.0579    23.9911    287.040    275.443  297.43150     96.506     92.567     0.2210     0.9780     3.9121     0.7446 1.0000e-12       2128     1.4771  0.000e+00
     14.439   62.19444 -174.67418     14.579     7.7688     7.7471     7.7675    30.7767    30.7861  1024.0581    23.9913    287.246    275.291  297.43464     96.574     92.516     0.2210     0.9780     3.9121     0.7446 1.0000e-12       2129     1.4778  0.000e+00
     14.439   62.19444 -174.67418     14.579     7.7691     7.7468     7.7677    30.7767    30.7858  1024.0581    23.9912    287.282    275.619  297.43297     96.587     92.625     0.2198     0.9707     3.9121     0.7446 1.0000e-12       2130     1.4785  0.000e+00
     14.462   62.19444 -174.67418     14.603     7.7690     7.7459     7.7676    30.7770    30.7859  1024.0584    23.9914    287.322    275.658  297.43315     96.601     92.637     0.2210     0.9780     3.9121     0.7446 1.0000e-12       2131     1.4792  0.000e+00
     14.439   62.19444 -174.67418     14.579     7.7691     7.7452     7.7677    30.7769    30.7869  1024.0583    23.9914    287.385    275.676  297.43257     96.622     92.642     0.2198     0.9707     3.9096     0.7471 1.0000e-12       2132     1.4799  0.000e+00
     14.439   62.19444 -174.67418     14.579     7.7688     7.7453     7.7675    30.7768    30.7874  1024.0582    23.9914    287.400    275.688  297.43440     96.626     92.646     0.2210     0.9780     3.9084     0.7483 1.0000e-12       2133     1.4806  0.000e+00
     14.501   62.19444 -174.67418     14.642     7.7690     7.7455     7.7676    30.7765    30.7878  1024.0582    23.9911    287.253    275.701  297.43414     96.577     92.651     0.2210     0.9780     3.9084     0.7483 1.0000e-12       2134     1.4813  0.000e+00
     14.462   62.19444 -174.67418     14.603     7.7684     7.7464     7.7671    30.7769    30.7874  1024.0584    23.9914    287.457    275.705  297.43706     96.645     92.655     0.2210     0.9780     3.9084     0.7483 1.0000e-12       2135     1.4819  0.000e+00
     14.501   62.19444 -174.67418     14.642     7.7683     7.7466     7.7670    30.7760    30.7876  1024.0579    23.9907    287.474    275.716  297.43963     96.650     92.658     0.2210     0.9780     3.9084     0.7483 1.0000e-12       2136     1.4826  0.000e+00
     14.501   62.19444 -174.67418     14.642     7.7683     7.7466     7.7669    30.7761    30.7881  1024.0580    23.9908    287.487    275.723  297.43979     96.654     92.661     0.2210     0.9780     3.9084     0.7483 1.0000e-12       2137     1.4833  0.000e+00
     14.462   62.19444 -174.67418     14.603     7.7687     7.7476     7.7673    30.7761    30.7882  1024.0578    23.9908    287.494    275.723  297.43705     96.657     92.663     0.2210     0.9780     3.9084     0.7483 1.0000e-12       2138     1.4840  0.000e+00
     14.501   62.19444 -174.67418     14.642     7.7685     7.7487     7.7672    30.7763    30.7885  1024.0581    23.9910    287.558    275.382  297.43756     96.679     92.551     0.2210     0.9780     3.9084     0.7483 1.0000e-12       2139     1.4847  0.000e+00
     14.555   62.19444 -174.67418     14.696     7.7684     7.7503     7.7671    30.7769    30.7881  1024.0589    23.9915    287.571    275.534  297.43699     96.683     92.606     0.2198     0.9707     3.9084     0.7483 1.0000e-12       2140     1.4854  0.000e+00
     14.524   62.19444 -174.67418     14.665     7.7698     7.7530     7.7685    30.7778    30.7874  1024.0592    23.9919    287.569    275.676  297.42573     96.686     92.659     0.2210     0.9780     3.9084     0.7483 1.0000e-12       2141     1.4861  0.000e+00
     14.501   62.19444 -174.67418     14.642     7.7706     7.7547     7.7692    30.7781    30.7873  1024.0592    23.9921    287.571    275.685  297.42005     96.689     92.665     0.2210     0.9780     3.9084     0.7483 1.0000e-12       2142     1.4868  0.000e+00
     14.555   62.19444 -174.67418     14.696     7.7709     7.7538     7.7696    30.7777    30.7879  1024.0592    23.9918    287.767    275.696  297.41843     96.755     92.667     0.2210     0.9780     3.9084     0.7483 1.0000e-12       2143     1.4875  0.000e+00
     14.578   62.19444 -174.67418     14.720     7.7707     7.7533     7.7694    30.7777    30.7872  1024.0593    23.9918    287.639    275.721  297.41949     96.711     92.674     0.2210     0.9780     3.9084     0.7483 1.0000e-12       2144     1.4882  0.000e+00
     14.555   62.19444 -174.67418     14.696     7.7718     7.7535     7.7705    30.7770    30.7870  1024.0585    23.9911    287.637    275.722  297.41364     96.713     92.675     0.2222     0.9853     3.9084     0.7483 1.0000e-12       2145     1.4889  0.000e+00
     14.555   62.19444 -174.67418     14.696     7.7724     7.7537     7.7710    30.7770    30.7867  1024.0584    23.9910    287.639    275.739  297.40989     96.715     92.681     0.2222     0.9853     3.9084     0.7483 1.0000e-12       2146     1.4896  0.000e+00
     14.578   62.19444 -174.67418     14.720     7.7723     7.7543     7.7710    30.7763    30.7865  1024.0580    23.9905    287.646    275.736  297.41174     96.716     92.681     0.2283     1.0220     3.9084     0.7483 1.0000e-12       2147     1.4903  0.000e+00
     14.616   62.19444 -174.67418     14.759     7.7707     7.7549     7.7694    30.7755    30.7869  1024.0577    23.9900    287.715    275.748  297.42435     96.736     92.686     0.2295     1.0293     3.9084     0.7483 1.0000e-12       2148     1.4910  0.000e+00
     14.616   62.19444 -174.67418     14.759     7.7687     7.7559     7.7673    30.7766    30.7864  1024.0589    23.9912    287.706    275.740  297.43601     96.729     92.685     0.2295     1.0293     3.9084     0.7483 1.0000e-12       2149     1.4917  0.000e+00
     14.640   62.19444 -174.67418     14.782     7.7693     7.7557     7.7679    30.7765    30.7867  1024.0588    23.9910    287.705    275.738  297.43220     96.730     92.685     0.2295     1.0293     3.9084     0.7483 1.0000e-12       2150     1.4924  0.000e+00
     14.616   62.19444 -174.67418     14.759     7.7696     7.7559     7.7683    30.7767    30.7865  1024.0588    23.9911    287.890    275.732  297.42939     96.793     92.683     0.2295     1.0293     3.9084     0.7483 1.0000e-12       2151     1.4931  0.000e+00
     14.670   62.19444 -174.67418     14.813     7.7694     7.7563     7.7680    30.7776    30.7861  1024.0598    23.9919    287.915    275.725  297.42874     96.801     92.681     0.2283     1.0220     3.9084     0.7483 1.0000e-12       2152     1.4937  0.000e+00
     14.578   62.19444 -174.67418     14.720     7.7692     7.7557     7.7678    30.7781    30.7867  1024.0598    23.9923    287.747    275.718  297.42930     96.745     92.678     0.2295     1.0293     3.9109     0.7458 1.0000e-12       2153     1.4944  0.000e+00
     14.670   62.19444 -174.67418     14.813     7.7700     7.7549     7.7686    30.7773    30.7871  1024.0595    23.9915    287.930    275.717  297.42579     96.807     92.676     0.2295     1.0293     3.9109     0.7458 1.0000e-12       2154     1.4951  0.000e+00
     14.670   62.19444 -174.67418     14.813     7.7710     7.7546     7.7697    30.7774    30.7864  1024.0594    23.9915    287.940    275.710  297.41814     96.813     92.673     0.2295     1.0293     3.9109     0.7458 1.0000e-12       2155     1.4958  0.000e+00
     14.640   62.19444 -174.67418     14.782     7.7714     7.7540     7.7700    30.7772    30.7866  1024.0591    23.9913    287.928    275.702  297.41627     96.810     92.669     0.2295     1.0293     3.9109     0.7458 1.0000e-12       2156     1.4965  0.000e+00
     14.732   62.19444 -174.67418     14.876     7.7704     7.7532     7.7690    30.7772    30.7864  1024.0596    23.9914    287.764    275.698  297.42298     96.752     92.666     0.2295     1.0293     3.9109     0.7458 1.0000e-12       2157     1.4972  0.000e+00
     14.732   62.19444 -174.67418     14.876     7.7703     7.7511     7.7689    30.7771    30.7863  1024.0596    23.9914    287.940    275.698  297.42417     96.811     92.661     0.2295     1.0293     3.9109     0.7458 1.0000e-12       2158     1.4979  0.000e+00
     14.694   62.19444 -174.67418     14.837     7.7701     7.7492     7.7687    30.7776    30.7865  1024.0598    23.9917    287.949    275.694  297.42414     96.814     92.656     0.2283     1.0220     3.9109     0.7458 1.0000e-12       2159     1.4986  0.000e+00
     14.732   62.19444 -174.67418     14.876     7.7706     7.7485     7.7692    30.7777    30.7865  1024.0601    23.9918    287.768    275.682  297.42075     96.755     92.651     0.2295     1.0293     3.9096     0.7471 1.0000e-12       2160     1.4993  0.000e+00
     14.786   62.19444 -174.67418     14.930     7.7706     7.7482     7.7692    30.7777    30.7867  1024.0603    23.9918    287.940    275.668  297.42041     96.812     92.645     0.2283     1.0220     3.9096     0.7471 1.0000e-12       2161     1.5000  0.000e+00
     14.748   62.19444 -174.67418     14.891     7.7710     7.7479     7.7697    30.7776    30.7865  1024.0600    23.9917    287.940    275.666  297.41766     96.813     92.644     0.2295     1.0293     3.9109     0.7458 1.0000e-12       2162     1.5007  0.000e+00
     14.786   62.19444 -174.67418     14.930     7.7712     7.7482     7.7699    30.7776    30.7866  1024.0601    23.9917    287.943    275.645  297.41626     96.815     92.638     0.2283     1.0220     3.9096     0.7471 1.0000e-12       2163     1.5014  0.000e+00
     14.786   62.19444 -174.67418     14.930     7.7719     7.7480     7.7705    30.7776    30.7866  1024.0600    23.9915    287.940    275.642  297.41204     96.815     92.636     0.2295     1.0293     3.9109     0.7458 1.0000e-12       2164     1.5021  0.000e+00
     14.840   62.19444 -174.67418     14.985     7.7720     7.7479     7.7706    30.7774    30.7871  1024.0601    23.9914    287.753    275.621  297.41169     96.752     92.629     0.2283     1.0220     3.9109     0.7458 1.0000e-12       2165     1.5028  0.000e+00
     14.809   62.19444 -174.67418     14.953     7.7719     7.7477     7.7705    30.7776    30.7867  1024.0601    23.9915    287.725    275.632  297.41198     96.743     92.632     0.2295     1.0293     3.9109     0.7458 1.0000e-12       2166     1.5035  0.000e+00
     14.840   62.19444 -174.67418     14.985     7.7722     7.7459     7.7708    30.7778    30.7876  1024.0604    23.9917    287.883    275.654  297.40946     96.797     92.636     0.2283     1.0220     3.9109     0.7458 1.0000e-12       2167     1.5042  0.000e+00
     14.840   62.19444 -174.67418     14.985     7.7720     7.7450     7.7707    30.7773    30.7873  1024.0600    23.9913    287.880    275.297  297.41168     96.795     92.514     0.2295     1.0293     3.9109     0.7458 1.0000e-12       2168     1.5049  0.000e+00
     14.863   62.19444 -174.67418     15.008     7.7709     7.7443     7.7695    30.7782    30.7872  1024.0610    23.9922    287.880    275.434  297.41730     96.793     92.559     0.2283     1.0220     3.9109     0.7458 1.0000e-12       2169     1.5056  0.000e+00
     14.902   62.19444 -174.67418     15.047     7.7717     7.7455     7.7703    30.7782    30.7874  1024.0611    23.9920    287.867    275.574  297.41200     96.791     92.608     0.2295     1.0293     3.9109     0.7458 1.0000e-12       2170     1.5063  0.000e+00
     14.956   62.19444 -174.67418     15.102     7.7724     7.7510     7.7710    30.7777    30.7878  1024.0608    23.9915    288.254    275.513  297.40846     96.922     92.600     0.2283     1.0220     3.9109     0.7458 1.0000e-12       2171     1.5069  0.000e+00
     14.925   62.19444 -174.67418     15.070     7.7715     7.7573     7.7702    30.7773    30.7887  1024.0605    23.9914    287.946    275.476  297.41495     96.816     92.601     0.2161     0.9487     3.9096     0.7471 1.0000e-12       2172     1.5076  0.000e+00
     14.956   62.19444 -174.67418     15.102     7.7679     7.7623     7.7665    30.7764    30.7892  1024.0604    23.9912    287.773    275.434  297.44167     96.749     92.598     0.2076     0.8974     3.9084     0.7483 1.0000e-12       2173     1.5083  0.000e+00
