EcoFOCI/data/1_SampleCollection/2023_SikuliaqDBO_CruiseData/CTD_raw_BottleFile_SKQ23-12S/proc/skq202312s_007.cnv
* Sea-Bird SBE 9 Data File:
* FileName = D:\CTD\SKQ202312S\SKQ202312S_007.hex
* Software Version Seasave V 7.26.7.121
* Temperature SN = 6177
* Conductivity SN = 0369
* Number of Bytes Per Scan = 41
* Number of Voltage Words = 4
* Number of Scans Averaged by the Deck Unit = 1
* NMEA Latitude = 62 33.56 N
* NMEA Longitude = 173 33.01 W
* NMEA UTC (Time) = Sep 16 2023  04:45:18
* NMEA baud rate = 4800
** Ship: R/V Sikuliaq
** Station Number: 007
** Station Name: DBO1.6
** Bottom Depth: 65
** Operator: SD
# nquan = 24
# nvalues = 7575                                  
# units = specified
# name 0 = depSM: Depth [salt water, m]
# name 1 = latitude: Latitude [deg]
# name 2 = longitude: Longitude [deg]
# name 3 = prDM: Pressure, Digiquartz [db]
# name 4 = t090C: Temperature [ITS-90, deg C]
# name 5 = t190C: Temperature, 2 [ITS-90, deg C]
# name 6 = potemp090C: Potential Temperature [ITS-90, deg C]
# name 7 = sal00: Salinity, Practical [PSU]
# name 8 = sal11: Salinity, Practical, 2 [PSU]
# name 9 = density00: Density [density, kg/m^3]
# name 10 = sigma-é00: Density [sigma-theta, kg/m^3]
# name 11 = sbox0Mm/Kg: Oxygen, SBE 43 [umol/kg]
# name 12 = sbox1Mm/Kg: Oxygen, SBE 43, 2 [umol/kg]
# name 13 = oxsolMm/Kg: Oxygen Saturation, Garcia & Gordon [umol/kg]
# name 14 = sbeox0PS: Oxygen, SBE 43 [% saturation]
# name 15 = sbeox1PS: Oxygen, SBE 43, 2 [% saturation]
# name 16 = v0: Voltage 0
# name 17 = flECO-AFL: Fluorescence, WET Labs ECO-AFL/FL [mg/m^3]
# name 18 = v1: Voltage 1
# name 19 = CStarAt0: Beam Attenuation, WET Labs C-Star [1/m]
# name 20 = par: PAR/Irradiance, Biospherical/Licor
# name 21 = scan: Scan Count
# name 22 = timeM: Time, Elapsed [minutes]
# name 23 = flag:  0.000e+00
# span 0 =      1.566,     60.986                 
# span 1 =   62.55918,   62.55922                 
# span 2 = -173.55038, -173.55032                 
# span 3 =      1.582,     61.588                 
# span 4 =    -1.5136,     7.6712                 
# span 5 =    -1.5124,     7.6732                 
# span 6 =    -1.5145,     7.6709                 
# span 7 =    31.0334,    31.9096                 
# span 8 =    31.0428,    31.9260                 
# span 9 =  1024.2197,  1025.9436                 
# span 10 =    24.2063,    25.6620                
# span 11 =    277.693,    400.630                
# span 12 =    263.671,    357.364                
# span 13 =  297.52962,  371.14876                
# span 14 =     74.822,    110.676                
# span 15 =     71.055,     97.856                
# span 16 =     0.0830,     0.3492                
# span 17 =     0.1502,     1.7472                
# span 18 =     3.0757,     4.1477                
# span 19 =     0.5105,     1.7071                
# span 20 = 1.0000e-12, 1.0618e+02                
# span 21 =          1,       7575                
# span 22 =     0.0000,     5.2597                
# span 23 = 0.0000e+00, 0.0000e+00                
# interval = seconds: 0.0416667
# start_time = Sep 16 2023 04:49:28 [NMEA time, first data scan]
# bad_flag = -9.990e-29
*END*
[from data line 1751]
      9.234   62.55920 -173.55036      9.324     7.4854     7.4864     7.4846    31.1393    31.1486  1024.3575    24.3147    292.448    278.664  298.56355     97.952     93.343     0.2100     0.9121     3.9512     0.7048 2.1108e+01       1752     1.2160  0.000e+00
      9.234   62.55920 -173.55036      9.324     7.4854     7.4861     7.4846    31.1393    31.1488  1024.3574    24.3146    292.952    278.664  298.56363     98.120     93.343     0.2088     0.9047     3.9512     0.7048 2.1048e+01       1753     1.2167  0.000e+00
      9.349   62.55920 -173.55036      9.440     7.4854     7.4861     7.4846    31.1392    31.1489  1024.3579    24.3146    292.918    278.668  298.56375     98.109     93.344     0.2100     0.9121     3.9512     0.7048 2.1048e+01       1754     1.2174  0.000e+00
      9.264   62.55920 -173.55036      9.355     7.4853     7.4860     7.4844    31.1392    31.1490  1024.3575    24.3146    292.927    278.494  298.56487     98.112     93.286     0.2088     0.9047     3.9512     0.7048 2.0989e+01       1755     1.2181  0.000e+00
      9.295   62.55920 -173.55036      9.386     7.4850     7.4860     7.4841    31.1399    31.1489  1024.3582    24.3151    292.914    278.479  298.56546     98.107     93.281     0.2088     0.9047     3.9512     0.7048 2.0930e+01       1756     1.2188  0.000e+00
      9.349   62.55920 -173.55036      9.440     7.4851     7.4858     7.4843    31.1390    31.1490  1024.3577    24.3144    292.901    278.466  298.56640     98.103     93.276     0.2088     0.9047     3.9512     0.7048 2.0930e+01       1757     1.2194  0.000e+00
      9.349   62.55920 -173.55036      9.440     7.4850     7.4860     7.4841    31.1390    31.1489  1024.3578    24.3145    292.912    278.433  298.56729     98.106     93.265     0.2100     0.9121     3.9512     0.7048 2.0930e+01       1758     1.2201  0.000e+00
      9.295   62.55920 -173.55036      9.386     7.4850     7.4858     7.4841    31.1395    31.1489  1024.3580    24.3149    292.918    278.400  298.56619     98.108     93.254     0.2076     0.8974     3.9512     0.7048 2.0870e+01       1759     1.2208  0.000e+00
      9.411   62.55920 -173.55036      9.503     7.4850     7.4858     7.4841    31.1392    31.1489  1024.3582    24.3146    292.933    278.201  298.56694     98.113     93.187     0.2100     0.9121     3.9512     0.7048 2.0811e+01       1760     1.2215  0.000e+00
      9.349   62.55920 -173.55036      9.440     7.4850     7.4856     7.4841    31.1391    31.1492  1024.3579    24.3145    292.699    278.340  298.56713     98.035     93.233     0.2076     0.8974     3.9512     0.7048 2.0870e+01       1761     1.2222  0.000e+00
      9.411   62.55920 -173.55036      9.503     7.4848     7.4856     7.4839    31.1395    31.1493  1024.3585    24.3148    292.874    278.157  298.56767     98.093     93.172     0.2088     0.9047     3.9512     0.7048 2.0811e+01       1762     1.2229  0.000e+00
      9.380   62.55920 -173.55036      9.471     7.4848     7.4858     7.4839    31.1396    31.1491  1024.3584    24.3149    292.881    278.110  298.56748     98.095     93.157     0.2088     0.9047     3.9499     0.7061 2.0753e+01       1763     1.2236  0.000e+00
      9.411   62.55920 -173.55036      9.503     7.4846     7.4855     7.4838    31.1397    31.1491  1024.3587    24.3150    292.891    278.068  298.56823     98.099     93.142     0.2088     0.9047     3.9487     0.7073 2.0753e+01       1764     1.2243  0.000e+00
      9.411   62.55920 -173.55036      9.503     7.4848     7.4858     7.4839    31.1395    31.1491  1024.3585    24.3149    292.710    277.850  298.56751     98.038     93.070     0.2100     0.9121     3.9487     0.7073 2.0753e+01       1765     1.2250  0.000e+00
      9.411   62.55920 -173.55036      9.503     7.4848     7.4861     7.4839    31.1393    31.1490  1024.3584    24.3147    292.883    277.789  298.56799     98.096     93.050     0.2100     0.9121     3.9487     0.7073 2.0694e+01       1766     1.2257  0.000e+00
      9.411   62.55920 -173.55036      9.503     7.4848     7.4861     7.4839    31.1396    31.1495  1024.3586    24.3150    293.081    277.900  298.56727     98.162     93.087     0.2125     0.9267     3.9487     0.7073 2.0694e+01       1767     1.2264  0.000e+00
      9.465   62.55920 -173.55036      9.557     7.4848     7.4866     7.4839    31.1395    31.1494  1024.3588    24.3149    292.740    277.858  298.56748     98.048     93.074     0.2112     0.9194     3.9487     0.7073 2.0636e+01       1768     1.2271  0.000e+00
      9.465   62.55920 -173.55036      9.557     7.4848     7.4872     7.4839    31.1399    31.1491  1024.3591    24.3152    292.912    277.831  298.56676     98.106     93.066     0.2125     0.9267     3.9487     0.7073 2.0577e+01       1769     1.2278  0.000e+00
      9.434   62.55920 -173.55036      9.526     7.4850     7.4874     7.4841    31.1399    31.1496  1024.3589    24.3151    292.730    277.635  298.56544     98.045     93.001     0.2112     0.9194     3.9487     0.7073 2.0577e+01       1770     1.2285  0.000e+00
      9.519   62.55920 -173.55036      9.612     7.4851     7.4879     7.4843    31.1395    31.1495  1024.3589    24.3148    292.718    277.582  298.56528     98.042     92.985     0.2112     0.9194     3.9487     0.7073 2.0577e+01       1771     1.2292  0.000e+00
      9.465   62.55920 -173.55036      9.557     7.4854     7.4884     7.4846    31.1402    31.1496  1024.3592    24.3153    292.672    277.542  298.56169     98.027     92.972     0.2112     0.9194     3.9499     0.7061 2.0461e+01       1772     1.2299  0.000e+00
      9.465   62.55920 -173.55036      9.557     7.4858     7.4890     7.4849    31.1398    31.1499  1024.3589    24.3150    292.631    277.504  298.56016     98.014     92.961     0.2112     0.9194     3.9487     0.7073 2.0519e+01       1773     1.2306  0.000e+00
      9.519   62.55920 -173.55036      9.612     7.4859     7.4899     7.4851    31.1399    31.1502  1024.3592    24.3151    292.617    277.297  298.55884     98.010     92.894     0.2112     0.9194     3.9499     0.7061 2.0461e+01       1774     1.2313  0.000e+00
      9.519   62.55920 -173.55036      9.611     7.4864     7.4906     7.4856    31.1398    31.1507  1024.3590    24.3149    292.575    277.248  298.55571     97.997     92.879     0.2112     0.9194     3.9499     0.7061 2.0404e+01       1775     1.2319  0.000e+00
      9.519   62.55920 -173.55036      9.611     7.4876     7.4916     7.4867    31.1401    31.1510  1024.3591    24.3150    292.553    277.198  298.54726     97.992     92.865     0.2100     0.9121     3.9487     0.7073 2.0404e+01       1776     1.2326  0.000e+00
      9.496   62.55920 -173.55036      9.588     7.4883     7.4923     7.4875    31.1413    31.1513  1024.3598    24.3158    292.722    276.982  298.53967     98.051     92.794     0.2112     0.9194     3.9487     0.7073 2.0346e+01       1777     1.2333  0.000e+00
      9.519   62.55920 -173.55036      9.611     7.4887     7.4935     7.4878    31.1420    31.1509  1024.3605    24.3163    292.543    277.095  298.53559     97.993     92.834     0.2125     0.9267     3.9487     0.7073 2.0346e+01       1778     1.2340  0.000e+00
      9.580   62.55920 -173.55036      9.674     7.4893     7.4941     7.4885    31.1424    31.1510  1024.3610    24.3166    292.529    277.060  298.53034     97.990     92.824     0.2112     0.9194     3.9487     0.7073 2.0289e+01       1779     1.2347  0.000e+00
      9.519   62.55920 -173.55036      9.611     7.4909     7.4944     7.4901    31.1419    31.1511  1024.3601    24.3159    292.507    277.025  298.52063     97.986     92.813     0.2112     0.9194     3.9487     0.7073 2.0289e+01       1780     1.2354  0.000e+00
      9.580   62.55920 -173.55036      9.674     7.4919     7.4949     7.4910    31.1418    31.1510  1024.3602    24.3158    292.683    276.826  298.51433     98.046     92.747     0.2112     0.9194     3.9487     0.7073 2.0231e+01       1781     1.2361  0.000e+00
      9.580   62.55920 -173.55036      9.674     7.4924     7.4952     7.4916    31.1422    31.1512  1024.3604    24.3160    292.480    276.783  298.50983     97.980     92.734     0.2112     0.9194     3.9487     0.7073 2.0289e+01       1782     1.2368  0.000e+00
      9.519   62.55920 -173.55036      9.611     7.4933     7.4957     7.4925    31.1418    31.1512  1024.3597    24.3155    292.437    276.741  298.50454     97.967     92.720     0.2112     0.9194     3.9499     0.7061 2.0231e+01       1783     1.2375  0.000e+00
      9.580   62.55920 -173.55036      9.674     7.4942     7.4957     7.4933    31.1415    31.1510  1024.3596    24.3152    292.425    276.727  298.49945     97.965     92.716     0.2112     0.9194     3.9536     0.7023 2.0231e+01       1784     1.2382  0.000e+00
      9.611   62.55920 -173.55036      9.705     7.4942     7.4962     7.4933    31.1414    31.1507  1024.3596    24.3151    292.419    276.713  298.49940     97.963     92.712     0.2112     0.9194     3.9560     0.6999 2.0174e+01       1785     1.2389  0.000e+00
      9.580   62.55920 -173.55036      9.674     7.4943     7.4960     7.4934    31.1412    31.1510  1024.3594    24.3149    292.788    276.704  298.49905     98.087     92.709     0.2112     0.9194     3.9560     0.6999 2.0174e+01       1786     1.2396  0.000e+00
      9.580   62.55920 -173.55036      9.674     7.4940     7.4962     7.4931    31.1422    31.1510  1024.3601    24.3157    292.455    276.699  298.49937     97.975     92.707     0.2100     0.9121     3.9560     0.6999 2.0174e+01       1787     1.2403  0.000e+00
      9.634   62.55920 -173.55036      9.728     7.4946     7.4963     7.4937    31.1416    31.1512  1024.3598    24.3152    292.447    276.700  298.49629     97.973     92.708     0.2112     0.9194     3.9548     0.7011 2.0174e+01       1788     1.2410  0.000e+00
      9.580   62.55920 -173.55036      9.674     7.4950     7.4964     7.4941    31.1413    31.1511  1024.3593    24.3149    292.437    276.702  298.49407     97.971     92.709     0.2125     0.9267     3.9548     0.7011 2.0174e+01       1789     1.2417  0.000e+00
      9.580   62.55920 -173.55036      9.674     7.4951     7.4964     7.4942    31.1413    31.1515  1024.3593    24.3149    292.432    276.709  298.49342     97.969     92.711     0.2112     0.9194     3.9560     0.6999 2.0117e+01       1790     1.2424  0.000e+00
      9.634   62.55920 -173.55036      9.728     7.4953     7.4967     7.4944    31.1416    31.1514  1024.3597    24.3151    292.430    276.551  298.49187     97.969     92.659     0.2137     0.9341     3.9548     0.7011 2.0117e+01       1791     1.2431  0.000e+00
      9.611   62.55920 -173.55036      9.705     7.4950     7.4967     7.4941    31.1417    31.1511  1024.3598    24.3152    292.428    276.534  298.49321     97.968     92.653     0.2173     0.9560     3.9560     0.6999 2.0117e+01       1792     1.2437  0.000e+00
      9.634   62.55920 -173.55036      9.728     7.4950     7.4969     7.4941    31.1419    31.1513  1024.3601    24.3154    292.428    276.692  298.49315     97.968     92.707     0.2198     0.9707     3.9560     0.6999 2.0117e+01       1793     1.2444  0.000e+00
      9.634   62.55920 -173.55036      9.728     7.4950     7.4970     7.4941    31.1420    31.1516  1024.3601    24.3155    292.428    276.527  298.49299     97.968     92.652     0.2186     0.9634     3.9548     0.7011 2.0117e+01       1794     1.2451  0.000e+00
      9.634   62.55920 -173.55036      9.728     7.4950     7.4969     7.4941    31.1417    31.1513  1024.3599    24.3152    292.429    276.541  298.49323     97.968     92.656     0.2186     0.9634     3.9548     0.7011 2.0117e+01       1795     1.2458  0.000e+00
      9.634   62.55920 -173.55036      9.728     7.4954     7.4970     7.4945    31.1415    31.1512  1024.3597    24.3150    292.429    276.557  298.49098     97.969     92.662     0.2186     0.9634     3.9560     0.6999 2.0060e+01       1796     1.2465  0.000e+00
      9.696   62.55920 -173.55036      9.790     7.4956     7.4971     7.4947    31.1412    31.1514  1024.3597    24.3147    292.460    276.580  298.49032     97.980     92.670     0.2198     0.9707     3.9560     0.6999 2.0060e+01       1797     1.2472  0.000e+00
      9.634   62.55920 -173.55036      9.728     7.4956     7.4971     7.4947    31.1416    31.1516  1024.3597    24.3150    292.462    276.587  298.48954     97.981     92.672     0.2186     0.9634     3.9548     0.7011 2.0004e+01       1798     1.2479  0.000e+00
      9.665   62.55920 -173.55036      9.759     7.4960     7.4971     7.4951    31.1411    31.1516  1024.3594    24.3146    292.467    276.602  298.48780     97.983     92.677     0.2186     0.9634     3.9560     0.6999 2.0004e+01       1799     1.2486  0.000e+00
      9.634   62.55920 -173.55036      9.728     7.4959     7.4973     7.4950    31.1409    31.1512  1024.3591    24.3145    292.475    276.618  298.48889     97.985     92.683     0.2173     0.9560     3.9548     0.7011 1.9947e+01       1800     1.2493  0.000e+00
      9.696   62.55920 -173.55036      9.790     7.4958     7.4970     7.4949    31.1412    31.1515  1024.3597    24.3147    292.407    276.473  298.48936     97.962     92.634     0.2186     0.9634     3.9548     0.7011 1.9947e+01       1801     1.2500  0.000e+00
      9.634   62.55920 -173.55036      9.728     7.4960     7.4975     7.4951    31.1413    31.1516  1024.3594    24.3147    292.409    276.648  298.48744     97.964     92.693     0.2198     0.9707     3.9548     0.7011 1.9947e+01       1802     1.2507  0.000e+00
      9.696   62.55920 -173.55036      9.790     7.4959     7.4971     7.4950    31.1414    31.1519  1024.3598    24.3149    292.419    276.683  298.48783     97.967     92.705     0.2173     0.9560     3.9548     0.7011 1.9835e+01       1803     1.2514  0.000e+00
      9.696   62.55920 -173.55036      9.790     7.4958     7.4970     7.4949    31.1417    31.1520  1024.3601    24.3151    292.428    276.701  298.48815     97.970     92.711     0.2186     0.9634     3.9499     0.7061 1.9779e+01       1804     1.2521  0.000e+00
      9.634   62.55920 -173.55036      9.728     7.4960     7.4971     7.4951    31.1418    31.1516  1024.3598    24.3152    292.433    276.720  298.48632     97.972     92.717     0.2186     0.9634     3.9463     0.7098 1.9779e+01       1805     1.2528  0.000e+00
      9.719   62.55920 -173.55036      9.814     7.4961     7.4970     7.4952    31.1418    31.1517  1024.3602    24.3151    292.447    276.749  298.48600     97.977     92.726     0.2198     0.9707     3.9463     0.7098 1.9723e+01       1806     1.2535  0.000e+00
      9.634   62.55920 -173.55036      9.728     7.4961     7.4971     7.4952    31.1416    31.1518  1024.3597    24.3150    292.455    276.943  298.48632     97.979     92.792     0.2173     0.9560     3.9475     0.7085 1.9612e+01       1807     1.2542  0.000e+00
      9.696   62.55920 -173.55036      9.790     7.4959     7.4969     7.4950    31.1421    31.1521  1024.3603    24.3154    292.470    276.994  298.48638     97.985     92.808     0.2198     0.9707     3.9475     0.7085 1.9612e+01       1808     1.2549  0.000e+00
      9.750   62.55920 -173.55036      9.845     7.4959     7.4970     7.4950    31.1424    31.1518  1024.3609    24.3157    292.297    277.029  298.48595     97.927     92.820     0.2186     0.9634     3.9475     0.7085 1.9556e+01       1809     1.2556  0.000e+00
      9.696   62.55920 -173.55036      9.790     7.4959     7.4971     7.4950    31.1425    31.1517  1024.3607    24.3157    292.447    277.077  298.48549     97.977     92.837     0.2186     0.9634     3.9463     0.7098 1.9501e+01       1810     1.2563  0.000e+00
      9.696   62.55920 -173.55036      9.790     7.4961     7.4971     7.4952    31.1421    31.1519  1024.3604    24.3154    292.274    277.115  298.48525     97.919     92.849     0.2173     0.9560     3.9475     0.7085 1.9501e+01       1811     1.2569  0.000e+00
