EcoFOCI/data/1_SampleCollection/2023_SikuliaqDBO_CruiseData/CTD_raw_BottleFile_SKQ23-12S/proc/skq202312s_071.cnv
* Sea-Bird SBE 9 Data File:
* FileName = D:\CTD\SKQ202312S\SKQ202312S_071.hex
* Software Version Seasave V 7.26.7.121
* Temperature SN = 6177
* Conductivity SN = 0369
* Number of Bytes Per Scan = 41
* Number of Voltage Words = 4
* Number of Scans Averaged by the Deck Unit = 1
* NMEA Latitude = 68 07.96 N
* NMEA Longitude = 167 29.16 W
* NMEA UTC (Time) = Oct 01 2023  15:37:48
* NMEA baud rate = 4800
** Ship: R/V Sikuliaq
** Station Number: 071
** Station Name: DBO3.4
** Bottom Depth: 48
** Operator: SD
# nquan = 24
# nvalues = 5682                                  
# units = specified
# name 0 = depSM: Depth [salt water, m]
# name 1 = latitude: Latitude [deg]
# name 2 = longitude: Longitude [deg]
# name 3 = prDM: Pressure, Digiquartz [db]
# name 4 = t090C: Temperature [ITS-90, deg C]
# name 5 = t190C: Temperature, 2 [ITS-90, deg C]
# name 6 = potemp090C: Potential Temperature [ITS-90, deg C]
# name 7 = sal00: Salinity, Practical [PSU]
# name 8 = sal11: Salinity, Practical, 2 [PSU]
# name 9 = density00: Density [density, kg/m^3]
# name 10 = sigma-é00: Density [sigma-theta, kg/m^3]
# name 11 = sbox0Mm/Kg: Oxygen, SBE 43 [umol/kg]
# name 12 = sbox1Mm/Kg: Oxygen, SBE 43, 2 [umol/kg]
# name 13 = oxsolMm/Kg: Oxygen Saturation, Garcia & Gordon [umol/kg]
# name 14 = sbeox0PS: Oxygen, SBE 43 [% saturation]
# name 15 = sbeox1PS: Oxygen, SBE 43, 2 [% saturation]
# name 16 = v0: Voltage 0
# name 17 = flECO-AFL: Fluorescence, WET Labs ECO-AFL/FL [mg/m^3]
# name 18 = v1: Voltage 1
# name 19 = CStarAt0: Beam Attenuation, WET Labs C-Star [1/m]
# name 20 = par: PAR/Irradiance, Biospherical/Licor
# name 21 = scan: Scan Count
# name 22 = timeM: Time, Elapsed [minutes]
# name 23 = flag:  0.000e+00
# span 0 =      2.762,     44.483                 
# span 1 =   68.13258,   68.13266                 
# span 2 = -167.48644, -167.48614                 
# span 3 =      2.790,     44.938                 
# span 4 =     3.5666,     5.2849                 
# span 5 =     3.5671,     5.3229                 
# span 6 =     3.5639,     5.2843                 
# span 7 =    29.7391,    32.1387                 
# span 8 =    29.7136,    32.1369                 
# span 9 =  1023.5066,  1025.6682                 
# span 10 =    23.4916,    25.5078                
# span 11 =    264.210,    303.124                
# span 12 =    251.676,    290.444                
# span 13 =  314.66490,  325.36157                
# span 14 =     81.305,     95.196                
# span 15 =     77.395,     91.270                
# span 16 =     0.0684,     0.5104                
# span 17 =     0.0623,     2.7143                
# span 18 =     3.2772,     4.2076                
# span 19 =     0.4532,     1.4532                
# span 20 = 1.0000e-12, 4.8039e-01                
# span 21 =          1,       5682                
# span 22 =     0.0000,     3.9451                
# span 23 = 0.0000e+00, 0.0000e+00                
# interval = seconds: 0.0416667
# start_time = Oct 01 2023 15:41:18 [NMEA time, first data scan]
# bad_flag = -9.990e-29
*END*
[from data line 5434]
     43.333   68.13260 -167.48644     43.776     3.5689     3.5713     3.5663    32.0209    32.0315  1025.6628    25.4578    266.536    254.972  325.34278     81.925     78.381     0.0733     0.0916     3.2991     1.4264 1.0000e-12       5435     3.7736  0.000e+00
     43.333   68.13260 -167.48644     43.776     3.5691     3.5707     3.5664    32.0204    32.0319  1025.6624    25.4574    266.520    255.172  325.34278     81.920     78.442     0.0745     0.0989     3.2991     1.4264 1.0000e-12       5436     3.7743  0.000e+00
     43.333   68.13260 -167.48644     43.776     3.5691     3.5701     3.5664    32.0203    32.0318  1025.6623    25.4573    266.504    255.198  325.34307     81.915     78.448     0.0745     0.0989     3.3004     1.4250 1.0000e-12       5437     3.7750  0.000e+00
     43.333   68.13260 -167.48644     43.776     3.5691     3.5696     3.5664    32.0209    32.0320  1025.6627    25.4578    266.484    255.216  325.34161     81.909     78.453     0.0745     0.0989     3.3004     1.4250 8.4714e-06       5438     3.7757  0.000e+00
     43.333   68.13260 -167.48644     43.776     3.5691     3.5693     3.5664    32.0205    32.0321  1025.6624    25.4574    266.465    255.229  325.34258     81.903     78.456     0.0745     0.0989     3.3016     1.4235 8.4714e-06       5439     3.7764  0.000e+00
     43.333   68.13260 -167.48644     43.776     3.5691     3.5691     3.5664    32.0203    32.0324  1025.6623    25.4573    266.659    255.234  325.34307     81.962     78.458     0.0745     0.0989     3.3028     1.4220 1.0000e-12       5440     3.7771  0.000e+00
     43.279   68.13260 -167.48644     43.721     3.5691     3.5693     3.5664    32.0207    32.0321  1025.6624    25.4576    266.452    255.230  325.34203     81.899     78.457     0.0757     0.1062     3.3028     1.4220 1.0000e-12       5441     3.7778  0.000e+00
     43.333   68.13260 -167.48644     43.776     3.5689     3.5693     3.5663    32.0208    32.0322  1025.6627    25.4577    266.465    255.441  325.34317     81.903     78.522     0.0745     0.0989     3.3028     1.4220 1.0000e-12       5442     3.7785  0.000e+00
     43.333   68.13260 -167.48644     43.776     3.5691     3.5691     3.5664    32.0205    32.0322  1025.6625    25.4575    266.474    255.282  325.34249     81.906     78.473     0.0757     0.1062     3.3016     1.4235 8.4714e-06       5443     3.7792  0.000e+00
     43.271   68.13260 -167.48644     43.714     3.5691     3.5690     3.5664    32.0208    32.0324  1025.6624    25.4577    266.266    255.288  325.34182     81.842     78.474     0.0745     0.0989     3.3028     1.4220 1.0000e-12       5444     3.7799  0.000e+00
     43.333   68.13260 -167.48644     43.776     3.5691     3.5690     3.5664    32.0204    32.0325  1025.6624    25.4574    266.426    255.291  325.34278     81.891     78.475     0.0745     0.0989     3.3028     1.4220 1.0000e-12       5445     3.7806  0.000e+00
     43.279   68.13260 -167.48644     43.721     3.5694     3.5693     3.5668    32.0204    32.0323  1025.6621    25.4573    266.646    255.262  325.34026     81.959     78.467     0.0745     0.0989     3.3028     1.4220 8.4714e-06       5446     3.7813  0.000e+00
     43.333   68.13260 -167.48644     43.776     3.5692     3.5694     3.5666    32.0207    32.0326  1025.6626    25.4576    266.691    255.446  325.34083     81.973     78.524     0.0745     0.0989     3.3016     1.4235 1.0000e-12       5447     3.7819  0.000e+00
     43.333   68.13260 -167.48644     43.776     3.5691     3.5699     3.5664    32.0204    32.0322  1025.6624    25.4574    266.449    255.452  325.34278     81.898     78.526     0.0733     0.0916     3.3028     1.4220 8.4714e-06       5448     3.7826  0.000e+00
     43.279   68.13260 -167.48644     43.721     3.5694     3.5701     3.5668    32.0206    32.0317  1025.6622    25.4575    266.663    255.453  325.33978     81.964     78.527     0.0745     0.0989     3.3028     1.4220 1.0000e-12       5449     3.7833  0.000e+00
     43.279   68.13260 -167.48644     43.721     3.5694     3.5701     3.5668    32.0206    32.0320  1025.6622    25.4575    266.450    255.257  325.33978     81.899     78.467     0.0745     0.0989     3.3028     1.4220 1.0000e-12       5450     3.7840  0.000e+00
     43.333   68.13260 -167.48644     43.776     3.5692     3.5699     3.5666    32.0209    32.0319  1025.6627    25.4577    266.454    255.231  325.34034     81.900     78.458     0.0745     0.0989     3.3028     1.4220 8.4714e-06       5451     3.7847  0.000e+00
     43.333   68.13260 -167.48644     43.776     3.5694     3.5699     3.5667    32.0206    32.0319  1025.6625    25.4575    266.454    255.390  325.33985     81.900     78.507     0.0745     0.0989     3.3028     1.4220 1.0000e-12       5452     3.7854  0.000e+00
     43.279   68.13260 -167.48644     43.721     3.5694     3.5696     3.5668    32.0206    32.0321  1025.6622    25.4575    266.454    255.372  325.33988     81.900     78.501     0.0745     0.0989     3.3028     1.4220 1.0000e-12       5453     3.7861  0.000e+00
     43.333   68.13260 -167.48644     43.776     3.5696     3.5694     3.5669    32.0210    32.0323  1025.6628    25.4578    266.420    255.182  325.33751     81.890     78.443     0.0745     0.0989     3.3028     1.4220 8.4714e-06       5454     3.7868  0.000e+00
     43.279   68.13260 -167.48644     43.721     3.5696     3.5691     3.5669    32.0206    32.0323  1025.6622    25.4575    266.634    255.134  325.33861     81.956     78.427     0.0745     0.0989     3.3028     1.4220 8.4714e-06       5455     3.7875  0.000e+00
     43.333   68.13260 -167.48644     43.776     3.5696     3.5693     3.5669    32.0201    32.0322  1025.6621    25.4571    266.419    255.298  325.33965     81.889     78.478     0.0745     0.0989     3.3028     1.4220 8.4714e-06       5456     3.7882  0.000e+00
     43.279   68.13260 -167.48644     43.721     3.5696     3.5694     3.5669    32.0203    32.0322  1025.6620    25.4573    266.414    255.282  325.33919     81.888     78.473     0.0745     0.0989     3.3028     1.4220 1.0000e-12       5457     3.7889  0.000e+00
     43.333   68.13260 -167.48644     43.776     3.5694     3.5696     3.5667    32.0203    32.0320  1025.6622    25.4573    266.414    255.266  325.34053     81.888     78.468     0.0745     0.0989     3.3004     1.4250 1.0000e-12       5458     3.7896  0.000e+00
     43.333   68.13260 -167.48644     43.776     3.5694     3.5694     3.5667    32.0200    32.0324  1025.6620    25.4570    266.412    255.075  325.34121     81.887     78.410     0.0745     0.0989     3.2930     1.4339 8.4714e-06       5459     3.7903  0.000e+00
     43.333   68.13260 -167.48642     43.776     3.5692     3.5696     3.5666    32.0203    32.0321  1025.6623    25.4573    266.589    255.050  325.34180     81.941     78.402     0.0745     0.0989     3.2906     1.4368 8.4714e-06       5460     3.7910  0.000e+00
     43.279   68.13260 -167.48642     43.721     3.5691     3.5697     3.5664    32.0202    32.0316  1025.6619    25.4572    266.652    255.191  325.34339     81.960     78.446     0.0745     0.0989     3.2906     1.4368 1.0000e-12       5461     3.7917  0.000e+00
     43.333   68.13260 -167.48642     43.776     3.5689     3.5694     3.5663    32.0202    32.0323  1025.6622    25.4572    266.433    255.162  325.34463     81.893     78.436     0.0745     0.0989     3.2906     1.4368 1.0000e-12       5462     3.7924  0.000e+00
     43.333   68.13260 -167.48642     43.776     3.5688     3.5691     3.5661    32.0203    32.0321  1025.6623    25.4573    266.642    254.936  325.34551     81.957     78.366     0.0745     0.0989     3.2906     1.4368 1.0000e-12       5463     3.7931  0.000e+00
     43.333   68.13260 -167.48642     43.776     3.5686     3.5691     3.5660    32.0203    32.0323  1025.6623    25.4573    266.669    254.896  325.34698     81.964     78.354     0.0733     0.0916     3.2906     1.4368 8.4714e-06       5464     3.7938  0.000e+00
     43.333   68.13260 -167.48642     43.776     3.5688     3.5690     3.5661    32.0203    32.0322  1025.6623    25.4573    266.691    254.856  325.34571     81.972     78.341     0.0745     0.0989     3.2906     1.4368 1.0000e-12       5465     3.7944  0.000e+00
     43.395   68.13260 -167.48642     43.838     3.5684     3.5691     3.5658    32.0210    32.0321  1025.6632    25.4579    266.717    254.789  325.34648     81.979     78.321     0.0733     0.0916     3.2906     1.4368 1.0000e-12       5466     3.7951  0.000e+00
     43.333   68.13260 -167.48642     43.776     3.5686     3.5690     3.5660    32.0202    32.0321  1025.6622    25.4572    266.736    254.740  325.34717     81.985     78.306     0.0745     0.0989     3.2906     1.4368 8.4714e-06       5467     3.7958  0.000e+00
     43.395   68.13260 -167.48642     43.838     3.5688     3.5691     3.5661    32.0201    32.0321  1025.6625    25.4572    266.757    254.690  325.34598     81.992     78.290     0.0733     0.0916     3.2906     1.4368 1.0000e-12       5468     3.7965  0.000e+00
     43.333   68.13260 -167.48642     43.776     3.5686     3.5688     3.5660    32.0201    32.0325  1025.6621    25.4571    266.775    254.828  325.34746     81.997     78.332     0.0745     0.0989     3.2906     1.4368 8.4714e-06       5469     3.7972  0.000e+00
     43.395   68.13260 -167.48642     43.838     3.5684     3.5690     3.5658    32.0201    32.0321  1025.6624    25.4572    266.795    254.601  325.34871     82.003     78.263     0.0745     0.0989     3.2906     1.4368 1.0000e-12       5470     3.7979  0.000e+00
     43.395   68.13260 -167.48642     43.838     3.5683     3.5690     3.5656    32.0204    32.0320  1025.6627    25.4575    266.811    254.541  325.34911     82.008     78.244     0.0745     0.0989     3.2906     1.4368 1.0000e-12       5471     3.7986  0.000e+00
     43.333   68.13260 -167.48642     43.776     3.5683     3.5688     3.5656    32.0209    32.0322  1025.6628    25.4578    266.572    254.477  325.34796     81.934     78.225     0.0745     0.0989     3.2906     1.4368 8.4714e-06       5472     3.7993  0.000e+00
     43.395   68.13260 -167.48642     43.838     3.5684     3.5687     3.5658    32.0209    32.0323  1025.6631    25.4578    266.731    254.437  325.34677     81.984     78.212     0.0745     0.0989     3.2906     1.4368 1.0000e-12       5473     3.8000  0.000e+00
     43.395   68.13260 -167.48642     43.838     3.5684     3.5688     3.5658    32.0207    32.0323  1025.6629    25.4576    266.742    254.391  325.34726     81.987     78.198     0.0745     0.0989     3.2906     1.4368 8.4714e-06       5474     3.8007  0.000e+00
     43.449   68.13260 -167.48642     43.893     3.5686     3.5688     3.5659    32.0204    32.0321  1025.6630    25.4574    266.786    254.347  325.34654     82.001     78.184     0.0745     0.0989     3.2906     1.4368 8.4714e-06       5475     3.8014  0.000e+00
     43.395   68.13260 -167.48642     43.838     3.5684     3.5688     3.5658    32.0208    32.0322  1025.6630    25.4578    267.043    254.319  325.34687     82.080     78.176     0.0745     0.0989     3.2906     1.4368 1.0000e-12       5476     3.8021  0.000e+00
     43.449   68.13260 -167.48642     43.893     3.5688     3.5687     3.5661    32.0205    32.0323  1025.6631    25.4575    266.870    254.295  325.34498     82.027     78.168     0.0757     0.1062     3.2906     1.4368 1.0000e-12       5477     3.8028  0.000e+00
     43.449   68.13260 -167.48642     43.893     3.5686     3.5688     3.5659    32.0205    32.0321  1025.6630    25.4575    266.876    254.267  325.34644     82.028     78.160     0.0757     0.1062     3.2894     1.4383 1.0000e-12       5478     3.8035  0.000e+00
     43.449   68.13260 -167.48642     43.893     3.5686     3.5687     3.5659    32.0208    32.0323  1025.6633    25.4578    267.130    254.240  325.34557     82.106     78.151     0.0757     0.1062     3.2845     1.4443 1.0000e-12       5479     3.8042  0.000e+00
     43.449   68.13260 -167.48642     43.893     3.5686     3.5688     3.5659    32.0205    32.0321  1025.6631    25.4575    266.952    254.210  325.34625     82.052     78.142     0.0757     0.1062     3.2833     1.4457 8.4714e-06       5480     3.8049  0.000e+00
     43.503   68.13260 -167.48642     43.947     3.5688     3.5688     3.5661    32.0206    32.0321  1025.6634    25.4576    266.919    254.181  325.34476     82.042     78.134     0.0757     0.1062     3.2833     1.4457 1.0000e-12       5481     3.8056  0.000e+00
     43.449   68.13260 -167.48642     43.893     3.5686     3.5690     3.5659    32.0205    32.0324  1025.6631    25.4575    267.132    254.147  325.34625     82.107     78.124     0.0757     0.1062     3.2833     1.4457 1.0000e-12       5482     3.8062  0.000e+00
     43.503   68.13260 -167.48642     43.947     3.5684     3.5690     3.5658    32.0210    32.0321  1025.6637    25.4579    266.914    254.117  325.34652     82.040     78.114     0.0757     0.1062     3.2833     1.4457 1.0000e-12       5483     3.8069  0.000e+00
     43.503   68.13260 -167.48642     43.947     3.5686     3.5688     3.5659    32.0205    32.0322  1025.6633    25.4575    266.907    253.893  325.34641     82.038     78.045     0.0757     0.1062     3.2833     1.4457 8.4714e-06       5484     3.8076  0.000e+00
     43.503   68.13260 -167.48642     43.947     3.5686     3.5691     3.5659    32.0206    32.0318  1025.6634    25.4576    267.112    253.860  325.34612     82.101     78.035     0.0757     0.1062     3.2833     1.4457 8.4714e-06       5485     3.8083  0.000e+00
     43.565   68.13260 -167.48642     44.010     3.5686     3.5687     3.5659    32.0206    32.0322  1025.6637    25.4576    266.922    253.833  325.34601     82.043     78.026     0.0745     0.0989     3.2833     1.4457 1.0000e-12       5486     3.8090  0.000e+00
     43.503   68.13260 -167.48642     43.947     3.5686     3.5685     3.5659    32.0200    32.0324  1025.6629    25.4571    266.909    253.802  325.34748     82.038     78.016     0.0757     0.1062     3.2833     1.4457 1.0000e-12       5487     3.8097  0.000e+00
     43.565   68.13260 -167.48642     44.010     3.5686     3.5687     3.5659    32.0202    32.0322  1025.6633    25.4573    267.111    253.774  325.34708     82.100     78.008     0.0745     0.0989     3.2833     1.4457 8.4714e-06       5488     3.8104  0.000e+00
     43.565   68.13260 -167.48642     44.010     3.5686     3.5687     3.5659    32.0207    32.0320  1025.6638    25.4577    267.162    253.746  325.34581     82.116     77.999     0.0757     0.1062     3.2833     1.4457 8.4714e-06       5489     3.8111  0.000e+00
     43.565   68.13260 -167.48642     44.010     3.5686     3.5687     3.5659    32.0205    32.0321  1025.6636    25.4575    267.178    253.718  325.34640     82.121     77.991     0.0745     0.0989     3.2833     1.4457 1.0000e-12       5490     3.8118  0.000e+00
     43.565   68.13260 -167.48642     44.010     3.5686     3.5688     3.5659    32.0206    32.0323  1025.6636    25.4575    267.191    253.713  325.34620     82.125     77.990     0.0757     0.1062     3.2833     1.4457 1.0000e-12       5491     3.8125  0.000e+00
     43.680   68.13260 -167.48642     44.127     3.5688     3.5688     3.5661    32.0206    32.0323  1025.6642    25.4576    267.203    253.692  325.34479     82.129     77.983     0.0745     0.0989     3.2833     1.4457 1.0000e-12       5492     3.8132  0.000e+00
     43.619   68.13260 -167.48642     44.064     3.5683     3.5688     3.5656    32.0210    32.0321  1025.6642    25.4579    267.176    253.667  325.34774     82.120     77.975     0.0757     0.1062     3.2833     1.4457 1.0000e-12       5493     3.8139  0.000e+00
     43.619   68.13260 -167.48642     44.064     3.5688     3.5687     3.5661    32.0207    32.0326  1025.6639    25.4576    267.176    253.644  325.34471     82.121     77.969     0.0745     0.0989     3.2833     1.4457 8.4714e-06       5494     3.8146  0.000e+00
