EcoFOCI/data/1_SampleCollection/2023_SikuliaqDBO_CruiseData/CTD_raw_BottleFile_SKQ23-12S/proc/skq202312s_063.cnv
* Sea-Bird SBE 9 Data File:
* FileName = D:\CTD\SKQ202312S\SKQ202312S_063.hex
* Software Version Seasave V 7.26.7.121
* Temperature SN = 6177
* Conductivity SN = 0369
* Number of Bytes Per Scan = 41
* Number of Voltage Words = 4
* Number of Scans Averaged by the Deck Unit = 1
* NMEA Latitude = 71 49.84 N
* NMEA Longitude = 165 58.06 W
* NMEA UTC (Time) = Sep 28 2023  06:16:57
* NMEA baud rate = 4800
** Ship: R/V Sikuliaq
** Station Number: 063
** Station Name: IC1
** Bottom Depth: 44
** Operator: SD
# nquan = 24
# nvalues = 4818                                  
# units = specified
# name 0 = depSM: Depth [salt water, m]
# name 1 = latitude: Latitude [deg]
# name 2 = longitude: Longitude [deg]
# name 3 = prDM: Pressure, Digiquartz [db]
# name 4 = t090C: Temperature [ITS-90, deg C]
# name 5 = t190C: Temperature, 2 [ITS-90, deg C]
# name 6 = potemp090C: Potential Temperature [ITS-90, deg C]
# name 7 = sal00: Salinity, Practical [PSU]
# name 8 = sal11: Salinity, Practical, 2 [PSU]
# name 9 = density00: Density [density, kg/m^3]
# name 10 = sigma-é00: Density [sigma-theta, kg/m^3]
# name 11 = sbox0Mm/Kg: Oxygen, SBE 43 [umol/kg]
# name 12 = sbox1Mm/Kg: Oxygen, SBE 43, 2 [umol/kg]
# name 13 = oxsolMm/Kg: Oxygen Saturation, Garcia & Gordon [umol/kg]
# name 14 = sbeox0PS: Oxygen, SBE 43 [% saturation]
# name 15 = sbeox1PS: Oxygen, SBE 43, 2 [% saturation]
# name 16 = v0: Voltage 0
# name 17 = flECO-AFL: Fluorescence, WET Labs ECO-AFL/FL [mg/m^3]
# name 18 = v1: Voltage 1
# name 19 = CStarAt0: Beam Attenuation, WET Labs C-Star [1/m]
# name 20 = par: PAR/Irradiance, Biospherical/Licor
# name 21 = scan: Scan Count
# name 22 = timeM: Time, Elapsed [minutes]
# name 23 = flag:  0.000e+00
# span 0 =      2.371,     39.010                 
# span 1 =   71.83034,   71.83050                 
# span 2 = -165.96708, -165.96666                 
# span 3 =      2.395,     39.417                 
# span 4 =    -0.7761,     3.7917                 
# span 5 =    -0.7695,     3.7920                 
# span 6 =    -0.7770,     3.7904                 
# span 7 =    30.1534,    32.4386                 
# span 8 =    30.1663,    32.4304                 
# span 9 =  1024.0638,  1026.2423                 
# span 10 =    24.0409,    26.0592                
# span 11 =    296.104,    332.507                
# span 12 =    283.234,    312.167                
# span 13 =  324.28756,  362.47466                
# span 14 =     81.796,     99.825                
# span 15 =     78.246,     94.760                
# span 16 =     0.0781,     0.1722                
# span 17 =     0.1209,     0.6850                
# span 18 =     3.2882,     4.2405                
# span 19 =     0.4220,     1.4398                
# span 20 = 1.0000e-12, 7.7180e-01                
# span 21 =          1,       4818                
# span 22 =     0.0000,     3.3451                
# span 23 = 0.0000e+00, 0.0000e+00                
# interval = seconds: 0.0416667
# start_time = Sep 28 2023 06:20:37 [NMEA time, first data scan]
# bad_flag = -9.990e-29
*END*
[from data line 2053]
     17.880   71.83042 -165.96690     18.065     2.9256     2.9257     2.9247    30.4386    30.4504  1024.3367    24.2516    325.681    309.609  334.53508     97.353     92.558     0.1123     0.3260     4.1856     0.4742 8.4714e-06       2054     1.4257  0.000e+00
     17.903   71.83042 -165.96690     18.089     2.9254     2.9256     2.9245    30.4391    30.4506  1024.3373    24.2520    325.712    309.596  334.53507     97.363     92.554     0.1136     0.3333     4.1844     0.4754 8.4714e-06       2055     1.4264  0.000e+00
     17.941   71.83042 -165.96690     18.128     2.9251     2.9252     2.9241    30.4393    30.4506  1024.3377    24.2522    325.744    309.784  334.53754     97.372     92.609     0.1123     0.3260     4.1856     0.4742 1.0000e-12       2056     1.4271  0.000e+00
     17.880   71.83042 -165.96690     18.065     2.9250     2.9249     2.9240    30.4398    30.4499  1024.3378    24.2526    325.768    309.794  334.53720     97.379     92.611     0.1136     0.3333     4.1856     0.4742 1.0000e-12       2057     1.4278  0.000e+00
     17.995   71.83042 -165.96690     18.182     2.9250     2.9245     2.9240    30.4395    30.4471  1024.3381    24.2524    325.799    309.816  334.53804     97.388     92.614     0.1123     0.3260     4.1844     0.4754 1.0000e-12       2058     1.4285  0.000e+00
     17.964   71.83042 -165.96690     18.151     2.9248     2.9238     2.9238    30.4395    30.4499  1024.3380    24.2524    325.823    309.819  334.53925     97.395     92.616     0.1123     0.3260     4.1856     0.4742 1.0000e-12       2059     1.4292  0.000e+00
     17.941   71.83042 -165.96690     18.128     2.9243     2.9238     2.9233    30.4398    30.4510  1024.3381    24.2527    325.848    309.821  334.54298     97.401     92.617     0.1123     0.3260     4.1856     0.4742 8.4714e-06       2060     1.4299  0.000e+00
     17.995   71.83042 -165.96690     18.182     2.9242     2.9242     2.9232    30.4399    30.4513  1024.3384    24.2527    325.872    309.823  334.54379     97.408     92.619     0.1136     0.3333     4.1856     0.4742 1.0000e-12       2061     1.4306  0.000e+00
     18.018   71.83042 -165.96690     18.205     2.9242     2.9243     2.9232    30.4402    30.4516  1024.3389    24.2530    325.892    309.825  334.54283     97.414     92.620     0.1136     0.3333     4.1868     0.4730 1.0000e-12       2062     1.4312  0.000e+00
     17.995   71.83042 -165.96690     18.182     2.9243     2.9238     2.9233    30.4403    30.4517  1024.3388    24.2531    325.870    309.632  334.54177     97.408     92.561     0.1123     0.3260     4.1856     0.4742 1.0000e-12       2063     1.4319  0.000e+00
     18.049   71.83042 -165.96690     18.237     2.9242     2.9224     2.9232    30.4400    30.4519  1024.3388    24.2528    325.889    309.624  334.54356     97.413     92.556     0.1136     0.3333     4.1856     0.4742 1.0000e-12       2064     1.4326  0.000e+00
     18.049   71.83042 -165.96690     18.237     2.9237     2.9209     2.9228    30.4392    30.4519  1024.3382    24.2522    325.909    309.617  334.54906     97.417     92.550     0.1123     0.3260     4.1868     0.4730 1.0000e-12       2065     1.4333  0.000e+00
     18.018   71.83042 -165.96690     18.205     2.9235     2.9198     2.9225    30.4381    30.4516  1024.3372    24.2514    326.146    309.629  334.55406     97.487     92.551     0.1136     0.3333     4.1856     0.4742 1.0000e-12       2066     1.4340  0.000e+00
     18.111   71.83042 -165.96690     18.299     2.9228     2.9187     2.9218    30.4372    30.4515  1024.3370    24.2507    325.982    309.646  334.56215     97.435     92.553     0.1123     0.3260     4.1856     0.4742 1.0000e-12       2067     1.4347  0.000e+00
     18.049   71.83042 -165.96690     18.236     2.9220     2.9179     2.9210    30.4374    30.4511  1024.3369    24.2509    325.993    309.632  334.56840     97.437     92.547     0.1136     0.3333     4.1868     0.4730 1.0000e-12       2068     1.4354  0.000e+00
     18.134   71.83042 -165.96690     18.322     2.9210     2.9171     2.9201    30.4379    30.4515  1024.3378    24.2514    326.010    309.622  334.57460     97.440     92.542     0.1136     0.3333     4.1856     0.4742 1.0000e-12       2069     1.4361  0.000e+00
     18.111   71.83042 -165.96690     18.299     2.9203     2.9165     2.9194    30.4396    30.4517  1024.3391    24.2528    326.016    309.631  334.57622     97.441     92.544     0.1148     0.3406     4.1868     0.4730 1.0000e-12       2070     1.4368  0.000e+00
     18.111   71.83042 -165.96690     18.299     2.9199     2.9161     2.9190    30.4403    30.4517  1024.3397    24.2534    326.021    309.616  334.57787     97.442     92.538     0.1172     0.3553     4.1868     0.4730 1.0000e-12       2071     1.4375  0.000e+00
     18.188   71.83042 -165.96690     18.377     2.9196     2.9157     2.9186    30.4402    30.4516  1024.3400    24.2533    326.029    309.604  334.58096     97.444     92.534     0.1148     0.3406     4.1856     0.4742 8.4714e-06       2072     1.4382  0.000e+00
     18.165   71.83042 -165.96690     18.353     2.9196     2.9154     2.9186    30.4398    30.4519  1024.3395    24.2530    326.029    309.587  334.58192     97.444     92.528     0.1160     0.3480     4.1868     0.4730 1.0000e-12       2073     1.4389  0.000e+00
     18.111   71.83042 -165.96690     18.299     2.9191     2.9148     2.9182    30.4396    30.4522  1024.3392    24.2529    326.030    309.571  334.58638     97.443     92.522     0.1148     0.3406     4.1868     0.4730 8.4714e-06       2074     1.4396  0.000e+00
     18.226   71.83042 -165.96690     18.416     2.9190     2.9150     2.9180    30.4397    30.4517  1024.3398    24.2530    326.033    309.359  334.58707     97.443     92.459     0.1160     0.3480     4.1856     0.4742 1.0000e-12       2075     1.4403  0.000e+00
     18.188   71.83042 -165.96690     18.377     2.9188     2.9147     2.9179    30.4397    30.4520  1024.3397    24.2530    326.028    309.517  334.58836     97.442     92.506     0.1148     0.3406     4.1856     0.4742 1.0000e-12       2076     1.4410  0.000e+00
     18.226   71.83042 -165.96690     18.416     2.9188     2.9150     2.9178    30.4391    30.4516  1024.3393    24.2525    326.026    309.301  334.59041     97.440     92.442     0.1160     0.3480     4.1856     0.4742 1.0000e-12       2077     1.4417  0.000e+00
     18.226   71.83042 -165.96690     18.416     2.9182     2.9151     2.9172    30.4388    30.4522  1024.3392    24.2524    326.246    309.260  334.59597     97.504     92.430     0.1148     0.3406     4.1856     0.4742 1.0000e-12       2078     1.4424  0.000e+00
     18.249   71.83042 -165.96690     18.439     2.9179     2.9158     2.9169    30.4385    30.4518  1024.3391    24.2521    326.055    309.217  334.59938     97.446     92.419     0.1148     0.3406     4.1868     0.4730 1.0000e-12       2079     1.4431  0.000e+00
     18.226   71.83042 -165.96690     18.415     2.9172     2.9162     2.9163    30.4388    30.4518  1024.3392    24.2524    326.268    309.175  334.60405     97.509     92.407     0.1172     0.3553     4.1880     0.4719 8.4714e-06       2080     1.4438  0.000e+00
     18.342   71.83042 -165.96690     18.532     2.9168     2.9165     2.9158    30.4387    30.4522  1024.3398    24.2524    326.299    309.140  334.60824     97.517     92.397     0.1148     0.3406     4.1905     0.4695 1.0000e-12       2081     1.4444  0.000e+00
     18.280   71.83042 -165.96690     18.470     2.9163     2.9167     2.9154    30.4392    30.4520  1024.3399    24.2528    326.095    309.101  334.61050     97.455     92.386     0.1160     0.3480     4.1893     0.4707 1.0000e-12       2082     1.4451  0.000e+00
     18.303   71.83042 -165.96690     18.493     2.9160     2.9167     2.9150    30.4394    30.4516  1024.3402    24.2530    326.080    309.068  334.61283     97.450     92.376     0.1148     0.3406     4.1893     0.4707 8.4714e-06       2083     1.4458  0.000e+00
     18.342   71.83042 -165.96690     18.532     2.9158     2.9168     2.9149    30.4397    30.4519  1024.3406    24.2532    326.208    309.034  334.61343     97.488     92.366     0.1160     0.3480     4.1893     0.4707 1.0000e-12       2084     1.4465  0.000e+00
     18.342   71.83042 -165.96690     18.532     2.9154     2.9168     2.9144    30.4408    30.4515  1024.3415    24.2541    325.998    309.002  334.61461     97.425     92.357     0.1148     0.3406     4.1893     0.4707 1.0000e-12       2085     1.4472  0.000e+00
     18.365   71.83042 -165.96690     18.556     2.9155     2.9168     2.9146    30.4406    30.4516  1024.3415    24.2540    325.305    308.971  334.61369     97.218     92.347     0.1160     0.3480     4.1893     0.4707 1.0000e-12       2086     1.4479  0.000e+00
     18.396   71.83042 -165.96690     18.587     2.9158     2.9170     2.9149    30.4403    30.4520  1024.3413    24.2537    326.058    308.939  334.61192     97.444     92.338     0.1148     0.3406     4.1893     0.4707 1.0000e-12       2087     1.4486  0.000e+00
     18.396   71.83042 -165.96690     18.587     2.9157     2.9176     2.9147    30.4406    30.4520  1024.3416    24.2540    326.066    308.706  334.61238     97.446     92.270     0.1148     0.3406     4.1893     0.4707 8.4714e-06       2088     1.4493  0.000e+00
     18.365   71.83042 -165.96690     18.556     2.9160     2.9189     2.9150    30.4405    30.4526  1024.3414    24.2539    325.845    308.641  334.60994     97.381     92.254     0.1172     0.3553     4.1893     0.4707 1.0000e-12       2089     1.4500  0.000e+00
     18.396   71.83042 -165.96690     18.587     2.9162     2.9199     2.9152    30.4410    30.4536  1024.3419    24.2543    326.032    308.582  334.60726     97.437     92.240     0.1148     0.3406     4.1893     0.4707 1.0000e-12       2090     1.4507  0.000e+00
     18.450   71.83042 -165.96690     18.641     2.9163     2.9210     2.9153    30.4420    30.4544  1024.3429    24.2550    326.068    308.550  334.60403     97.449     92.233     0.1160     0.3480     4.1893     0.4707 8.4714e-06       2091     1.4514  0.000e+00
     18.450   71.83042 -165.96690     18.641     2.9166     2.9218     2.9157    30.4431    30.4549  1024.3438    24.2559    326.098    308.720  334.59805     97.460     92.286     0.1148     0.3406     4.1893     0.4707 1.0000e-12       2092     1.4521  0.000e+00
     18.473   71.83042 -165.96690     18.665     2.9172     2.9225     2.9163    30.4443    30.4557  1024.3448    24.2568    326.124    308.520  334.58995     97.470     92.228     0.1160     0.3480     4.1905     0.4695 1.0000e-12       2093     1.4528  0.000e+00
     18.450   71.83042 -165.96690     18.641     2.9181     2.9234     2.9172    30.4456    30.4559  1024.3457    24.2578    326.070    308.495  334.57920     97.457     92.223     0.1136     0.3333     4.1893     0.4707 1.0000e-12       2094     1.4535  0.000e+00
     18.511   71.83040 -165.96690     18.703     2.9190     2.9238     2.9180    30.4459    30.4564  1024.3461    24.2579    326.055    308.480  334.57134     97.455     92.220     0.1099     0.3113     4.1893     0.4707 1.0000e-12       2095     1.4542  0.000e+00
     18.473   71.83040 -165.96690     18.664     2.9196     2.9249     2.9186    30.4461    30.4565  1024.3461    24.2581    326.036    308.459  334.56583     97.450     92.216     0.1087     0.3040     4.1893     0.4707 1.0000e-12       2096     1.4549  0.000e+00
     18.565   71.83040 -165.96690     18.758     2.9207     2.9257     2.9197    30.4464    30.4571  1024.3467    24.2582    325.608    308.448  334.55564     97.326     92.215     0.1087     0.3040     4.1893     0.4707 8.4714e-06       2097     1.4556  0.000e+00
     18.511   71.83040 -165.96690     18.703     2.9210     2.9259     2.9200    30.4476    30.4576  1024.3473    24.2591    325.958    308.439  334.55043     97.432     92.213     0.1099     0.3113     4.1905     0.4695 1.0000e-12       2098     1.4563  0.000e+00
     18.534   71.83040 -165.96690     18.727     2.9221     2.9266     2.9211    30.4479    30.4581  1024.3476    24.2593    325.932    308.432  334.54035     97.427     92.213     0.1099     0.3113     4.1893     0.4707 8.4714e-06       2099     1.4569  0.000e+00
     18.565   71.83040 -165.96690     18.758     2.9228     2.9273     2.9218    30.4484    30.4590  1024.3481    24.2597    325.944    308.427  334.53362     97.432     92.214     0.1099     0.3113     4.1917     0.4684 1.0000e-12       2100     1.4576  0.000e+00
     18.627   71.83040 -165.96690     18.820     2.9239     2.9277     2.9230    30.4483    30.4589  1024.3482    24.2595    325.952    308.431  334.52406     97.438     92.216     0.1087     0.3040     4.1929     0.4672 1.0000e-12       2101     1.4583  0.000e+00
     18.588   71.83040 -165.96690     18.781     2.9246     2.9283     2.9237    30.4490    30.4591  1024.3485    24.2599    325.957    308.432  334.51663     97.441     92.218     0.1087     0.3040     4.1929     0.4672 1.0000e-12       2102     1.4590  0.000e+00
     18.627   71.83040 -165.96690     18.820     2.9251     2.9290     2.9241    30.4488    30.4596  1024.3485    24.2598    325.968    308.413  334.51294     97.446     92.214     0.1087     0.3040     4.1929     0.4672 1.0000e-12       2103     1.4597  0.000e+00
     18.627   71.83040 -165.96690     18.820     2.9257     2.9303     2.9247    30.4487    30.4593  1024.3484    24.2597    325.975    308.390  334.50878     97.449     92.210     0.1099     0.3113     4.1929     0.4672 1.0000e-12       2104     1.4604  0.000e+00
     18.681   71.83040 -165.96690     18.875     2.9261     2.9311     2.9251    30.4495    30.4605  1024.3492    24.2602    325.982    308.200  334.50336     97.453     92.156     0.1087     0.3040     4.1929     0.4672 8.4714e-06       2105     1.4611  0.000e+00
     18.650   71.83040 -165.96690     18.844     2.9265     2.9321     2.9255    30.4498    30.4608  1024.3493    24.2605    325.985    308.184  334.49891     97.455     92.154     0.1087     0.3040     4.1929     0.4672 1.0000e-12       2106     1.4618  0.000e+00
     18.681   71.83040 -165.96690     18.875     2.9272     2.9328     2.9262    30.4503    30.4612  1024.3498    24.2608    325.987    308.376  334.49228     97.457     92.213     0.1099     0.3113     4.1929     0.4672 8.4714e-06       2107     1.4625  0.000e+00
     18.681   71.83040 -165.96690     18.875     2.9278     2.9334     2.9269    30.4512    30.4617  1024.3505    24.2615    325.984    308.394  334.48421     97.459     92.220     0.1087     0.3040     4.1929     0.4672 1.0000e-12       2108     1.4632  0.000e+00
     18.704   71.83040 -165.96690     18.898     2.9286     2.9339     2.9276    30.4521    30.4620  1024.3512    24.2621    326.201    308.418  334.47576     97.526     92.228     0.1099     0.3113     4.1929     0.4672 1.0000e-12       2109     1.4639  0.000e+00
     18.742   71.83040 -165.96690     18.937     2.9293     2.9342     2.9284    30.4526    30.4621  1024.3517    24.2625    326.011    308.448  334.46821     97.471     92.238     0.1087     0.3040     4.1929     0.4672 8.4714e-06       2110     1.4646  0.000e+00
     18.742   71.83040 -165.96690     18.937     2.9304     2.9345     2.9294    30.4525    30.4623  1024.3516    24.2623    326.002    308.478  334.46002     97.471     92.248     0.1099     0.3113     4.1929     0.4672 1.0000e-12       2111     1.4653  0.000e+00
     18.766   71.83040 -165.96690     18.960     2.9308     2.9354     2.9298    30.4531    30.4631  1024.3521    24.2628    325.996    308.482  334.45485     97.471     92.252     0.1087     0.3040     4.1929     0.4672 1.0000e-12       2112     1.4660  0.000e+00
     18.796   71.83040 -165.96690     18.991     2.9315     2.9362     2.9306    30.4532    30.4641  1024.3523    24.2628    325.987    308.488  334.44829     97.470     92.256     0.1099     0.3113     4.1929     0.4672 8.4714e-06       2113     1.4667  0.000e+00
