EcoFOCI/data/1_SampleCollection/2023_SikuliaqDBO_CruiseData/CTD_raw_BottleFile_SKQ23-12S/proc/skq202312s_012svp.cnv
* Sea-Bird SBE 9 Data File:
* FileName = D:\CTD\SKQ202312S\SKQ202312S_012.hex
* Software Version Seasave V 7.26.7.121
* Temperature SN = 6177
* Conductivity SN = 0369
* Number of Bytes Per Scan = 41
* Number of Voltage Words = 4
* Number of Scans Averaged by the Deck Unit = 1
* NMEA Latitude = 64 40.32 N
* NMEA Longitude = 170 38.51 W
* NMEA UTC (Time) = Sep 17 2023  03:44:23
* NMEA baud rate = 4800
** Ship: R/V Sikuliaq
** Station Number: 012
** Station Name: DBO2.0
** Bottom Depth: 48
** Operator: SD
# nquan = 7
# nvalues = 5209                                  
# units = specified
# name 0 = depSM: Depth [salt water, m]
# name 1 = latitude: Latitude [deg]
# name 2 = longitude: Longitude [deg]
# name 3 = t090C: Temperature [ITS-90, deg C]
# name 4 = sal00: Salinity, Practical [PSU]
# name 5 = svCM: Sound Velocity [Chen-Millero, m/s]
# name 6 = flag:  0.000e+00
# span 0 =      2.948,     41.300                 
# span 1 =   64.67164,   64.67196                 
# span 2 = -170.64178, -170.64134                 
# span 3 =     3.2201,     3.4137                 
# span 4 =    32.9813,    33.0676                 
# span 5 =    1460.85,    1461.65                 
# span 6 = 0.0000e+00, 0.0000e+00                 
# interval = seconds: 0.0416667
# start_time = Sep 17 2023 03:45:41 [NMEA time, first data scan]
# bad_flag = -9.990e-29
*END*
[from data line 1436]
     10.968   64.67184 -170.64176     3.2380    33.0118    1461.02  0.000e+00
     10.991   64.67184 -170.64176     3.2382    33.0116    1461.03  0.000e+00
     10.968   64.67184 -170.64176     3.2382    33.0118    1461.03  0.000e+00
     10.968   64.67184 -170.64176     3.2382    33.0117    1461.03  0.000e+00
     10.968   64.67184 -170.64176     3.2384    33.0117    1461.03  0.000e+00
     11.022   64.67184 -170.64176     3.2385    33.0116    1461.03  0.000e+00
     10.991   64.67184 -170.64176     3.2387    33.0112    1461.03  0.000e+00
     10.968   64.67184 -170.64176     3.2384    33.0116    1461.03  0.000e+00
     11.022   64.67184 -170.64176     3.2387    33.0112    1461.03  0.000e+00
     10.968   64.67184 -170.64176     3.2382    33.0116    1461.03  0.000e+00
     11.022   64.67184 -170.64176     3.2382    33.0111    1461.03  0.000e+00
     10.937   64.67184 -170.64176     3.2379    33.0109    1461.02  0.000e+00
     10.968   64.67184 -170.64176     3.2377    33.0114    1461.02  0.000e+00
     11.022   64.67184 -170.64176     3.2377    33.0111    1461.02  0.000e+00
     10.968   64.67184 -170.64176     3.2377    33.0112    1461.02  0.000e+00
     10.914   64.67184 -170.64176     3.2374    33.0113    1461.02  0.000e+00
     10.991   64.67184 -170.64176     3.2374    33.0110    1461.02  0.000e+00
     10.968   64.67184 -170.64176     3.2371    33.0115    1461.02  0.000e+00
     10.968   64.67184 -170.64176     3.2370    33.0110    1461.02  0.000e+00
     10.968   64.67184 -170.64176     3.2363    33.0113    1461.02  0.000e+00
     10.937   64.67184 -170.64176     3.2360    33.0118    1461.02  0.000e+00
     10.968   64.67184 -170.64176     3.2357    33.0119    1461.02  0.000e+00
     10.968   64.67184 -170.64176     3.2358    33.0119    1461.02  0.000e+00
     10.914   64.67184 -170.64176     3.2360    33.0119    1461.02  0.000e+00
     10.968   64.67184 -170.64176     3.2366    33.0116    1461.02  0.000e+00
     10.883   64.67184 -170.64176     3.2368    33.0118    1461.02  0.000e+00
     10.914   64.67184 -170.64176     3.2368    33.0115    1461.02  0.000e+00
     10.914   64.67184 -170.64176     3.2365    33.0114    1461.02  0.000e+00
     10.968   64.67184 -170.64176     3.2358    33.0122    1461.02  0.000e+00
     10.914   64.67184 -170.64176     3.2360    33.0117    1461.02  0.000e+00
     10.883   64.67184 -170.64176     3.2354    33.0118    1461.01  0.000e+00
     10.852   64.67184 -170.64176     3.2345    33.0113    1461.01  0.000e+00
     10.914   64.67184 -170.64176     3.2333    33.0118    1461.00  0.000e+00
     10.852   64.67184 -170.64176     3.2325    33.0123    1461.00  0.000e+00
     10.914   64.67184 -170.64176     3.2321    33.0122    1461.00  0.000e+00
     10.821   64.67184 -170.64176     3.2313    33.0127    1461.00  0.000e+00
     10.852   64.67184 -170.64176     3.2306    33.0125    1460.99  0.000e+00
     10.852   64.67184 -170.64176     3.2305    33.0130    1460.99  0.000e+00
     10.852   64.67184 -170.64176     3.2304    33.0125    1460.99  0.000e+00
     10.883   64.67184 -170.64176     3.2296    33.0126    1460.99  0.000e+00
     10.798   64.67184 -170.64176     3.2299    33.0128    1460.99  0.000e+00
     10.852   64.67184 -170.64176     3.2294    33.0128    1460.99  0.000e+00
     10.798   64.67184 -170.64176     3.2294    33.0135    1460.99  0.000e+00
     10.852   64.67184 -170.64176     3.2296    33.0137    1460.99  0.000e+00
     10.821   64.67184 -170.64176     3.2300    33.0129    1460.99  0.000e+00
     10.798   64.67184 -170.64176     3.2304    33.0131    1460.99  0.000e+00
     10.798   64.67184 -170.64176     3.2313    33.0131    1460.99  0.000e+00
     10.798   64.67184 -170.64176     3.2321    33.0126    1461.00  0.000e+00
     10.798   64.67184 -170.64176     3.2325    33.0127    1461.00  0.000e+00
     10.821   64.67184 -170.64176     3.2332    33.0124    1461.00  0.000e+00
     10.798   64.67184 -170.64176     3.2332    33.0125    1461.00  0.000e+00
     10.736   64.67184 -170.64176     3.2333    33.0121    1461.00  0.000e+00
     10.798   64.67184 -170.64176     3.2331    33.0123    1461.00  0.000e+00
     10.736   64.67184 -170.64176     3.2330    33.0126    1461.00  0.000e+00
     10.821   64.67184 -170.64176     3.2333    33.0127    1461.00  0.000e+00
     10.736   64.67184 -170.64176     3.2335    33.0132    1461.00  0.000e+00
     10.736   64.67184 -170.64176     3.2343    33.0129    1461.01  0.000e+00
     10.798   64.67184 -170.64176     3.2352    33.0135    1461.01  0.000e+00
     10.736   64.67184 -170.64176     3.2360    33.0133    1461.01  0.000e+00
     10.767   64.67184 -170.64176     3.2366    33.0127    1461.02  0.000e+00
     10.798   64.67184 -170.64176     3.2370    33.0124    1461.02  0.000e+00
     10.736   64.67184 -170.64176     3.2371    33.0122    1461.02  0.000e+00
     10.736   64.67184 -170.64176     3.2371    33.0118    1461.02  0.000e+00
     10.798   64.67184 -170.64176     3.2373    33.0113    1461.02  0.000e+00
     10.767   64.67184 -170.64176     3.2368    33.0121    1461.02  0.000e+00
     10.736   64.67184 -170.64176     3.2370    33.0121    1461.02  0.000e+00
     10.798   64.67184 -170.64176     3.2370    33.0119    1461.02  0.000e+00
     10.736   64.67184 -170.64176     3.2368    33.0118    1461.02  0.000e+00
     10.682   64.67184 -170.64176     3.2366    33.0121    1461.01  0.000e+00
     10.883   64.67184 -170.64176     3.2365    33.0120    1461.02  0.000e+00
     10.736   64.67184 -170.64176     3.2365    33.0118    1461.01  0.000e+00
     10.798   64.67184 -170.64176     3.2366    33.0120    1461.02  0.000e+00
     10.798   64.67184 -170.64176     3.2365    33.0123    1461.02  0.000e+00
     10.767   64.67184 -170.64176     3.2363    33.0120    1461.01  0.000e+00
     10.798   64.67184 -170.64176     3.2362    33.0123    1461.01  0.000e+00
     10.798   64.67184 -170.64176     3.2362    33.0121    1461.01  0.000e+00
     10.798   64.67184 -170.64176     3.2358    33.0121    1461.01  0.000e+00
     10.798   64.67184 -170.64176     3.2357    33.0120    1461.01  0.000e+00
     10.821   64.67184 -170.64176     3.2355    33.0123    1461.01  0.000e+00
     10.798   64.67184 -170.64176     3.2355    33.0124    1461.01  0.000e+00
     10.798   64.67184 -170.64176     3.2350    33.0127    1461.01  0.000e+00
     10.852   64.67184 -170.64176     3.2349    33.0125    1461.01  0.000e+00
     10.852   64.67184 -170.64176     3.2347    33.0126    1461.01  0.000e+00
     10.821   64.67184 -170.64176     3.2346    33.0121    1461.01  0.000e+00
     10.852   64.67184 -170.64176     3.2341    33.0126    1461.01  0.000e+00
     10.852   64.67184 -170.64176     3.2339    33.0126    1461.01  0.000e+00
     10.852   64.67184 -170.64176     3.2335    33.0130    1461.01  0.000e+00
     10.852   64.67184 -170.64176     3.2335    33.0126    1461.00  0.000e+00
     10.937   64.67184 -170.64176     3.2337    33.0124    1461.01  0.000e+00
     10.852   64.67184 -170.64176     3.2332    33.0126    1461.00  0.000e+00
     10.914   64.67184 -170.64176     3.2333    33.0127    1461.01  0.000e+00
     10.914   64.67184 -170.64176     3.2329    33.0128    1461.00  0.000e+00
     10.914   64.67184 -170.64176     3.2327    33.0129    1461.00  0.000e+00
     10.937   64.67184 -170.64176     3.2319    33.0126    1461.00  0.000e+00
     10.968   64.67184 -170.64176     3.2308    33.0125    1460.99  0.000e+00
     10.914   64.67184 -170.64176     3.2297    33.0125    1460.99  0.000e+00
     10.968   64.67184 -170.64176     3.2288    33.0124    1460.99  0.000e+00
     10.991   64.67184 -170.64176     3.2283    33.0127    1460.98  0.000e+00
     10.968   64.67184 -170.64176     3.2280    33.0135    1460.98  0.000e+00
     11.022   64.67184 -170.64176     3.2281    33.0128    1460.98  0.000e+00
     10.968   64.67184 -170.64176     3.2281    33.0129    1460.98  0.000e+00
     11.022   64.67184 -170.64176     3.2276    33.0129    1460.98  0.000e+00
     11.052   64.67184 -170.64176     3.2270    33.0134    1460.98  0.000e+00
     11.083   64.67184 -170.64176     3.2266    33.0132    1460.98  0.000e+00
     11.022   64.67184 -170.64176     3.2263    33.0133    1460.98  0.000e+00
     11.083   64.67184 -170.64176     3.2256    33.0135    1460.98  0.000e+00
     11.083   64.67184 -170.64176     3.2248    33.0138    1460.97  0.000e+00
     11.052   64.67184 -170.64176     3.2246    33.0136    1460.97  0.000e+00
     11.137   64.67184 -170.64176     3.2243    33.0136    1460.97  0.000e+00
     11.137   64.67184 -170.64176     3.2238    33.0137    1460.97  0.000e+00
     11.083   64.67184 -170.64176     3.2242    33.0136    1460.97  0.000e+00
     11.083   64.67184 -170.64176     3.2237    33.0142    1460.97  0.000e+00
     11.276   64.67184 -170.64176     3.2238    33.0137    1460.97  0.000e+00
     11.137   64.67184 -170.64176     3.2237    33.0136    1460.97  0.000e+00
     11.199   64.67184 -170.64176     3.2238    33.0132    1460.97  0.000e+00
     11.199   64.67184 -170.64176     3.2237    33.0135    1460.97  0.000e+00
     11.168   64.67184 -170.64176     3.2237    33.0136    1460.97  0.000e+00
     11.253   64.67184 -170.64176     3.2237    33.0135    1460.97  0.000e+00
     11.253   64.67184 -170.64176     3.2237    33.0140    1460.97  0.000e+00
     11.253   64.67184 -170.64176     3.2237    33.0137    1460.97  0.000e+00
     11.253   64.67184 -170.64176     3.2238    33.0134    1460.97  0.000e+00
     11.276   64.67184 -170.64176     3.2238    33.0138    1460.97  0.000e+00
     11.315   64.67184 -170.64176     3.2238    33.0139    1460.97  0.000e+00
     11.253   64.67184 -170.64176     3.2241    33.0132    1460.97  0.000e+00
     11.369   64.67184 -170.64176     3.2238    33.0137    1460.97  0.000e+00
     11.338   64.67184 -170.64176     3.2242    33.0133    1460.97  0.000e+00
     11.315   64.67184 -170.64176     3.2240    33.0136    1460.97  0.000e+00
     11.369   64.67184 -170.64176     3.2238    33.0137    1460.97  0.000e+00
     11.369   64.67184 -170.64176     3.2238    33.0137    1460.97  0.000e+00
     11.423   64.67184 -170.64176     3.2238    33.0134    1460.97  0.000e+00
     11.392   64.67184 -170.64176     3.2240    33.0134    1460.97  0.000e+00
     11.423   64.67184 -170.64176     3.2240    33.0132    1460.97  0.000e+00
     11.423   64.67184 -170.64176     3.2240    33.0136    1460.97  0.000e+00
     11.423   64.67184 -170.64176     3.2240    33.0137    1460.98  0.000e+00
     11.423   64.67184 -170.64176     3.2238    33.0136    1460.97  0.000e+00
     11.507   64.67184 -170.64176     3.2240    33.0134    1460.98  0.000e+00
     11.538   64.67184 -170.64176     3.2240    33.0133    1460.98  0.000e+00
     11.484   64.67184 -170.64176     3.2240    33.0136    1460.98  0.000e+00
     11.538   64.67184 -170.64176     3.2240    33.0136    1460.98  0.000e+00
     11.507   64.67184 -170.64176     3.2240    33.0137    1460.98  0.000e+00
     11.538   64.67184 -170.64176     3.2238    33.0135    1460.98  0.000e+00
     11.538   64.67184 -170.64176     3.2238    33.0133    1460.98  0.000e+00
     11.600   64.67184 -170.64176     3.2238    33.0134    1460.98  0.000e+00
     11.538   64.67184 -170.64176     3.2235    33.0136    1460.97  0.000e+00
     11.623   64.67184 -170.64176     3.2238    33.0133    1460.98  0.000e+00
     11.654   64.67184 -170.64176     3.2237    33.0136    1460.98  0.000e+00
     11.600   64.67184 -170.64176     3.2237    33.0137    1460.98  0.000e+00
     11.716   64.67184 -170.64176     3.2237    33.0134    1460.98  0.000e+00
     11.623   64.67184 -170.64176     3.2237    33.0133    1460.98  0.000e+00
     11.654   64.67184 -170.64176     3.2238    33.0136    1460.98  0.000e+00
     11.716   64.67184 -170.64176     3.2237    33.0136    1460.98  0.000e+00
     11.654   64.67184 -170.64176     3.2240    33.0136    1460.98  0.000e+00
     11.739   64.67184 -170.64176     3.2242    33.0133    1460.98  0.000e+00
     11.716   64.67184 -170.64176     3.2240    33.0140    1460.98  0.000e+00
     11.716   64.67184 -170.64176     3.2242    33.0135    1460.98  0.000e+00
     11.770   64.67184 -170.64176     3.2240    33.0136    1460.98  0.000e+00
     11.770   64.67184 -170.64176     3.2240    33.0137    1460.98  0.000e+00
     11.739   64.67184 -170.64176     3.2243    33.0135    1460.98  0.000e+00
     11.770   64.67184 -170.64176     3.2242    33.0134    1460.98  0.000e+00
     11.824   64.67184 -170.64176     3.2238    33.0136    1460.98  0.000e+00
     11.770   64.67184 -170.64176     3.2240    33.0135    1460.98  0.000e+00
     11.793   64.67184 -170.64176     3.2235    33.0140    1460.98  0.000e+00
     11.824   64.67184 -170.64176     3.2237    33.0138    1460.98  0.000e+00
     11.824   64.67184 -170.64176     3.2235    33.0135    1460.98  0.000e+00
     11.885   64.67184 -170.64176     3.2235    33.0131    1460.98  0.000e+00
     11.824   64.67184 -170.64176     3.2234    33.0139    1460.98  0.000e+00
     11.854   64.67184 -170.64176     3.2235    33.0135    1460.98  0.000e+00
     11.885   64.67184 -170.64176     3.2237    33.0133    1460.98  0.000e+00
     11.885   64.67184 -170.64176     3.2237    33.0135    1460.98  0.000e+00
     11.885   64.67184 -170.64176     3.2238    33.0133    1460.98  0.000e+00
     11.854   64.67184 -170.64176     3.2238    33.0134    1460.98  0.000e+00
     11.939   64.67184 -170.64176     3.2237    33.0132    1460.98  0.000e+00
     11.885   64.67184 -170.64176     3.2237    33.0136    1460.98  0.000e+00
     11.939   64.67184 -170.64176     3.2238    33.0136    1460.98  0.000e+00
     11.908   64.67182 -170.64176     3.2240    33.0137    1460.98  0.000e+00
     11.939   64.67182 -170.64176     3.2243    33.0131    1460.98  0.000e+00
     11.939   64.67182 -170.64176     3.2240    33.0132    1460.98  0.000e+00
     11.939   64.67182 -170.64176     3.2242    33.0134    1460.98  0.000e+00
     11.939   64.67182 -170.64176     3.2240    33.0131    1460.98  0.000e+00
     11.970   64.67182 -170.64176     3.2234    33.0138    1460.98  0.000e+00
     12.001   64.67182 -170.64176     3.2237    33.0133    1460.98  0.000e+00
     11.939   64.67182 -170.64176     3.2234    33.0137    1460.98  0.000e+00
     12.001   64.67182 -170.64176     3.2235    33.0134    1460.98  0.000e+00
     11.970   64.67182 -170.64176     3.2234    33.0136    1460.98  0.000e+00
     12.001   64.67182 -170.64176     3.2237    33.0134    1460.98  0.000e+00
     12.001   64.67182 -170.64176     3.2237    33.0134    1460.98  0.000e+00
     12.001   64.67182 -170.64176     3.2235    33.0136    1460.98  0.000e+00
     12.024   64.67182 -170.64176     3.2238    33.0134    1460.98  0.000e+00
     12.001   64.67182 -170.64176     3.2240    33.0134    1460.98  0.000e+00
     12.001   64.67182 -170.64176     3.2237    33.0133    1460.98  0.000e+00
     12.001   64.67182 -170.64176     3.2238    33.0131    1460.98  0.000e+00
     12.055   64.67182 -170.64176     3.2240    33.0132    1460.98  0.000e+00
     12.024   64.67182 -170.64176     3.2238    33.0133    1460.98  0.000e+00
     12.055   64.67182 -170.64176     3.2237    33.0134    1460.98  0.000e+00
     12.001   64.67182 -170.64176     3.2237    33.0134    1460.98  0.000e+00
     12.055   64.67182 -170.64176     3.2240    33.0132    1460.98  0.000e+00
     12.024   64.67182 -170.64176     3.2242    33.0132    1460.99  0.000e+00
     12.109   64.67182 -170.64176     3.2241    33.0130    1460.99  0.000e+00
     12.055   64.67182 -170.64176     3.2240    33.0132    1460.98  0.000e+00
     12.055   64.67182 -170.64176     3.2238    33.0133    1460.98  0.000e+00
     12.024   64.67182 -170.64176     3.2237    33.0134    1460.98  0.000e+00
     12.109   64.67182 -170.64176     3.2237    33.0134    1460.98  0.000e+00
     12.055   64.67182 -170.64176     3.2235    33.0135    1460.98  0.000e+00
     12.109   64.67182 -170.64176     3.2234    33.0136    1460.98  0.000e+00
     12.078   64.67182 -170.64176     3.2233    33.0136    1460.98  0.000e+00
