EcoFOCI/data/1_SampleCollection/2023_SikuliaqDBO_CruiseData/CTD_raw_BottleFile_SKQ23-12S/proc/skq202312s_006svp.cnv
* Sea-Bird SBE 9 Data File:
* FileName = D:\CTD\SKQ202312S\SKQ202312S_006.hex
* Software Version Seasave V 7.26.7.121
* Temperature SN = 6177
* Conductivity SN = 0369
* Number of Bytes Per Scan = 41
* Number of Voltage Words = 4
* Number of Scans Averaged by the Deck Unit = 1
* NMEA Latitude = 62 28.06 N
* NMEA Longitude = 174 05.08 W
* NMEA UTC (Time) = Sep 16 2023  02:34:40
* NMEA baud rate = 4800
** Ship: R/V Sikuliaq
** Station Number: 006
** Station Name: DBO1.5
** Bottom Depth: 68
** Operator: SD
# nquan = 7
# nvalues = 5525                                  
# units = specified
# name 0 = depSM: Depth [salt water, m]
# name 1 = latitude: Latitude [deg]
# name 2 = longitude: Longitude [deg]
# name 3 = t090C: Temperature [ITS-90, deg C]
# name 4 = sal00: Salinity, Practical [PSU]
# name 5 = svCM: Sound Velocity [Chen-Millero, m/s]
# name 6 = flag:  0.000e+00
# span 0 =      1.209,     62.412                 
# span 1 =   62.46776,   62.46776                 
# span 2 = -174.08478, -174.08474                 
# span 3 =    -1.5161,     7.8093                 
# span 4 =    30.8752,    31.9264                 
# span 5 =    1438.25,    1476.78                 
# span 6 = 0.0000e+00, 0.0000e+00                 
# interval = seconds: 0.0416667
# start_time = Sep 16 2023 02:39:43 [NMEA time, first data scan]
# bad_flag = -9.990e-29
*END*
[from data line 1231]
      6.301   62.46776 -174.08474     7.7381    30.9310    1476.54  0.000e+00
      6.355   62.46776 -174.08474     7.7379    30.9309    1476.54  0.000e+00
      6.355   62.46776 -174.08474     7.7376    30.9312    1476.54  0.000e+00
      6.278   62.46776 -174.08474     7.7379    30.9308    1476.53  0.000e+00
      6.355   62.46776 -174.08474     7.7378    30.9310    1476.54  0.000e+00
      6.417   62.46776 -174.08474     7.7376    30.9308    1476.54  0.000e+00
      6.355   62.46776 -174.08474     7.7379    30.9306    1476.54  0.000e+00
      6.355   62.46776 -174.08474     7.7376    30.9312    1476.54  0.000e+00
      6.417   62.46776 -174.08474     7.7376    30.9310    1476.54  0.000e+00
      6.417   62.46776 -174.08474     7.7376    30.9316    1476.54  0.000e+00
      6.417   62.46776 -174.08474     7.7375    30.9315    1476.54  0.000e+00
      6.417   62.46776 -174.08474     7.7377    30.9313    1476.54  0.000e+00
      6.417   62.46776 -174.08474     7.7376    30.9317    1476.54  0.000e+00
      6.417   62.46776 -174.08474     7.7376    30.9318    1476.54  0.000e+00
      6.417   62.46776 -174.08474     7.7375    30.9317    1476.54  0.000e+00
      6.448   62.46776 -174.08474     7.7377    30.9316    1476.54  0.000e+00
      6.471   62.46776 -174.08474     7.7376    30.9315    1476.54  0.000e+00
      6.417   62.46776 -174.08474     7.7377    30.9320    1476.54  0.000e+00
      6.471   62.46776 -174.08474     7.7378    30.9326    1476.54  0.000e+00
      6.471   62.46776 -174.08474     7.7382    30.9323    1476.54  0.000e+00
      6.471   62.46776 -174.08474     7.7381    30.9330    1476.54  0.000e+00
      6.533   62.46776 -174.08474     7.7384    30.9329    1476.54  0.000e+00
      6.471   62.46776 -174.08474     7.7386    30.9328    1476.54  0.000e+00
      6.533   62.46776 -174.08474     7.7385    30.9338    1476.54  0.000e+00
      6.533   62.46776 -174.08474     7.7388    30.9341    1476.55  0.000e+00
      6.533   62.46776 -174.08474     7.7389    30.9347    1476.55  0.000e+00
      6.533   62.46776 -174.08476     7.7389    30.9351    1476.55  0.000e+00
      6.502   62.46776 -174.08476     7.7395    30.9348    1476.55  0.000e+00
      6.587   62.46776 -174.08476     7.7395    30.9350    1476.55  0.000e+00
      6.587   62.46776 -174.08476     7.7399    30.9350    1476.55  0.000e+00
      6.533   62.46776 -174.08476     7.7400    30.9351    1476.55  0.000e+00
      6.587   62.46776 -174.08476     7.7403    30.9354    1476.55  0.000e+00
      6.587   62.46776 -174.08476     7.7403    30.9359    1476.56  0.000e+00
      6.648   62.46776 -174.08476     7.7404    30.9359    1476.56  0.000e+00
      6.587   62.46776 -174.08476     7.7407    30.9359    1476.56  0.000e+00
      6.587   62.46776 -174.08476     7.7408    30.9361    1476.56  0.000e+00
      6.648   62.46776 -174.08476     7.7408    30.9361    1476.56  0.000e+00
      6.648   62.46776 -174.08476     7.7409    30.9362    1476.56  0.000e+00
      6.587   62.46776 -174.08476     7.7408    30.9366    1476.56  0.000e+00
      6.733   62.46776 -174.08476     7.7412    30.9366    1476.56  0.000e+00
      6.648   62.46776 -174.08476     7.7413    30.9369    1476.56  0.000e+00
      6.702   62.46776 -174.08476     7.7414    30.9369    1476.56  0.000e+00
      6.648   62.46776 -174.08476     7.7415    30.9371    1476.56  0.000e+00
      6.702   62.46776 -174.08476     7.7416    30.9370    1476.56  0.000e+00
      6.702   62.46776 -174.08476     7.7418    30.9374    1476.57  0.000e+00
      6.756   62.46776 -174.08476     7.7417    30.9379    1476.57  0.000e+00
      6.702   62.46776 -174.08476     7.7421    30.9376    1476.57  0.000e+00
      6.702   62.46776 -174.08476     7.7422    30.9379    1476.57  0.000e+00
      6.756   62.46776 -174.08476     7.7423    30.9382    1476.57  0.000e+00
      6.756   62.46776 -174.08476     7.7425    30.9384    1476.57  0.000e+00
      6.787   62.46776 -174.08476     7.7426    30.9391    1476.57  0.000e+00
      6.756   62.46776 -174.08476     7.7429    30.9395    1476.57  0.000e+00
      6.756   62.46776 -174.08476     7.7433    30.9399    1476.57  0.000e+00
      6.818   62.46776 -174.08476     7.7438    30.9400    1476.58  0.000e+00
      6.756   62.46776 -174.08476     7.7441    30.9401    1476.58  0.000e+00
      6.818   62.46776 -174.08476     7.7443    30.9403    1476.58  0.000e+00
      6.818   62.46776 -174.08476     7.7446    30.9405    1476.58  0.000e+00
      6.872   62.46776 -174.08476     7.7448    30.9409    1476.58  0.000e+00
      6.818   62.46776 -174.08476     7.7451    30.9407    1476.58  0.000e+00
      6.818   62.46776 -174.08476     7.7453    30.9411    1476.58  0.000e+00
      6.872   62.46776 -174.08476     7.7456    30.9414    1476.59  0.000e+00
      6.903   62.46776 -174.08476     7.7458    30.9417    1476.59  0.000e+00
      6.818   62.46776 -174.08476     7.7464    30.9414    1476.59  0.000e+00
      6.934   62.46776 -174.08476     7.7466    30.9414    1476.59  0.000e+00
      6.872   62.46776 -174.08476     7.7467    30.9417    1476.59  0.000e+00
      6.872   62.46776 -174.08476     7.7469    30.9423    1476.59  0.000e+00
      6.934   62.46776 -174.08476     7.7470    30.9434    1476.60  0.000e+00
      6.934   62.46776 -174.08476     7.7474    30.9434    1476.60  0.000e+00
      6.934   62.46776 -174.08476     7.7475    30.9439    1476.60  0.000e+00
      6.934   62.46776 -174.08476     7.7482    30.9439    1476.60  0.000e+00
      6.934   62.46776 -174.08476     7.7483    30.9445    1476.60  0.000e+00
      6.988   62.46776 -174.08476     7.7486    30.9446    1476.60  0.000e+00
      6.903   62.46776 -174.08476     7.7487    30.9449    1476.60  0.000e+00
      6.988   62.46776 -174.08476     7.7488    30.9446    1476.61  0.000e+00
      6.988   62.46776 -174.08476     7.7491    30.9448    1476.61  0.000e+00
      6.988   62.46776 -174.08476     7.7489    30.9450    1476.61  0.000e+00
      6.988   62.46776 -174.08476     7.7490    30.9457    1476.61  0.000e+00
      6.988   62.46776 -174.08476     7.7494    30.9458    1476.61  0.000e+00
      6.988   62.46776 -174.08476     7.7496    30.9463    1476.61  0.000e+00
      7.049   62.46776 -174.08476     7.7496    30.9465    1476.61  0.000e+00
      6.988   62.46776 -174.08476     7.7498    30.9470    1476.61  0.000e+00
      7.049   62.46776 -174.08476     7.7501    30.9471    1476.61  0.000e+00
      7.072   62.46776 -174.08476     7.7503    30.9470    1476.62  0.000e+00
      7.049   62.46776 -174.08476     7.7504    30.9472    1476.62  0.000e+00
      7.049   62.46776 -174.08476     7.7506    30.9474    1476.62  0.000e+00
      7.049   62.46776 -174.08476     7.7504    30.9483    1476.62  0.000e+00
      7.049   62.46776 -174.08476     7.7508    30.9490    1476.62  0.000e+00
      7.103   62.46776 -174.08476     7.7508    30.9496    1476.62  0.000e+00
      7.103   62.46776 -174.08476     7.7511    30.9497    1476.62  0.000e+00
      7.049   62.46776 -174.08476     7.7512    30.9505    1476.62  0.000e+00
      7.103   62.46776 -174.08476     7.7512    30.9511    1476.62  0.000e+00
      7.103   62.46776 -174.08476     7.7517    30.9512    1476.63  0.000e+00
      7.103   62.46776 -174.08476     7.7517    30.9515    1476.63  0.000e+00
      7.134   62.46776 -174.08476     7.7517    30.9524    1476.63  0.000e+00
      7.103   62.46776 -174.08476     7.7517    30.9531    1476.63  0.000e+00
      7.157   62.46776 -174.08476     7.7521    30.9531    1476.63  0.000e+00
      7.103   62.46776 -174.08476     7.7522    30.9537    1476.63  0.000e+00
      7.157   62.46776 -174.08476     7.7524    30.9542    1476.63  0.000e+00
      7.103   62.46776 -174.08474     7.7522    30.9546    1476.63  0.000e+00
      7.157   62.46776 -174.08474     7.7525    30.9546    1476.63  0.000e+00
      7.157   62.46776 -174.08474     7.7524    30.9548    1476.63  0.000e+00
      7.157   62.46776 -174.08474     7.7525    30.9548    1476.64  0.000e+00
      7.157   62.46776 -174.08474     7.7525    30.9545    1476.63  0.000e+00
      7.188   62.46776 -174.08474     7.7527    30.9546    1476.64  0.000e+00
      7.157   62.46776 -174.08474     7.7527    30.9552    1476.64  0.000e+00
      7.157   62.46776 -174.08474     7.7525    30.9554    1476.64  0.000e+00
      7.219   62.46776 -174.08474     7.7529    30.9553    1476.64  0.000e+00
      7.157   62.46776 -174.08474     7.7527    30.9556    1476.64  0.000e+00
      7.219   62.46776 -174.08474     7.7529    30.9564    1476.64  0.000e+00
      7.219   62.46776 -174.08474     7.7530    30.9566    1476.64  0.000e+00
      7.219   62.46776 -174.08474     7.7534    30.9566    1476.64  0.000e+00
      7.219   62.46776 -174.08474     7.7534    30.9568    1476.64  0.000e+00
      7.219   62.46776 -174.08474     7.7537    30.9570    1476.64  0.000e+00
      7.250   62.46776 -174.08474     7.7534    30.9572    1476.64  0.000e+00
      7.219   62.46776 -174.08474     7.7535    30.9576    1476.64  0.000e+00
      7.219   62.46776 -174.08474     7.7537    30.9578    1476.64  0.000e+00
      7.273   62.46776 -174.08474     7.7534    30.9584    1476.64  0.000e+00
      7.273   62.46776 -174.08474     7.7535    30.9584    1476.65  0.000e+00
      7.219   62.46776 -174.08474     7.7534    30.9591    1476.64  0.000e+00
      7.273   62.46776 -174.08474     7.7537    30.9586    1476.65  0.000e+00
      7.273   62.46776 -174.08474     7.7537    30.9589    1476.65  0.000e+00
      7.273   62.46776 -174.08474     7.7540    30.9591    1476.65  0.000e+00
      7.273   62.46776 -174.08474     7.7537    30.9598    1476.65  0.000e+00
      7.250   62.46776 -174.08474     7.7534    30.9607    1476.65  0.000e+00
      7.273   62.46776 -174.08474     7.7535    30.9608    1476.65  0.000e+00
      7.334   62.46776 -174.08474     7.7537    30.9604    1476.65  0.000e+00
      7.273   62.46776 -174.08474     7.7535    30.9611    1476.65  0.000e+00
      7.334   62.46776 -174.08474     7.7537    30.9614    1476.65  0.000e+00
      7.334   62.46776 -174.08474     7.7537    30.9616    1476.65  0.000e+00
      7.273   62.46776 -174.08474     7.7537    30.9617    1476.65  0.000e+00
      7.334   62.46776 -174.08474     7.7538    30.9620    1476.65  0.000e+00
      7.334   62.46776 -174.08474     7.7538    30.9618    1476.65  0.000e+00
      7.334   62.46776 -174.08474     7.7540    30.9621    1476.65  0.000e+00
      7.365   62.46776 -174.08474     7.7538    30.9620    1476.65  0.000e+00
      7.334   62.46776 -174.08474     7.7540    30.9622    1476.65  0.000e+00
      7.388   62.46776 -174.08474     7.7542    30.9619    1476.65  0.000e+00
      7.334   62.46776 -174.08474     7.7540    30.9624    1476.65  0.000e+00
      7.388   62.46776 -174.08474     7.7540    30.9626    1476.65  0.000e+00
      7.334   62.46776 -174.08474     7.7542    30.9626    1476.65  0.000e+00
      7.388   62.46776 -174.08474     7.7542    30.9624    1476.65  0.000e+00
      7.388   62.46776 -174.08474     7.7542    30.9625    1476.65  0.000e+00
      7.388   62.46776 -174.08474     7.7543    30.9628    1476.66  0.000e+00
      7.450   62.46776 -174.08474     7.7542    30.9629    1476.66  0.000e+00
      7.419   62.46776 -174.08474     7.7543    30.9633    1476.66  0.000e+00
      7.388   62.46776 -174.08474     7.7542    30.9637    1476.66  0.000e+00
      7.450   62.46776 -174.08474     7.7545    30.9642    1476.66  0.000e+00
      7.450   62.46776 -174.08474     7.7543    30.9647    1476.66  0.000e+00
      7.450   62.46776 -174.08474     7.7542    30.9648    1476.66  0.000e+00
      7.450   62.46776 -174.08474     7.7543    30.9650    1476.66  0.000e+00
      7.450   62.46776 -174.08474     7.7543    30.9655    1476.66  0.000e+00
      7.504   62.46776 -174.08474     7.7542    30.9656    1476.66  0.000e+00
      7.450   62.46776 -174.08474     7.7543    30.9656    1476.66  0.000e+00
      7.473   62.46776 -174.08474     7.7542    30.9666    1476.66  0.000e+00
      7.504   62.46776 -174.08474     7.7542    30.9667    1476.66  0.000e+00
      7.504   62.46776 -174.08474     7.7543    30.9667    1476.66  0.000e+00
      7.504   62.46776 -174.08474     7.7542    30.9672    1476.66  0.000e+00
      7.558   62.46776 -174.08474     7.7545    30.9673    1476.66  0.000e+00
      7.504   62.46776 -174.08474     7.7542    30.9675    1476.66  0.000e+00
      7.558   62.46776 -174.08474     7.7543    30.9680    1476.67  0.000e+00
      7.504   62.46776 -174.08474     7.7542    30.9685    1476.66  0.000e+00
      7.620   62.46776 -174.08474     7.7542    30.9692    1476.67  0.000e+00
      7.558   62.46776 -174.08474     7.7542    30.9701    1476.67  0.000e+00
      7.535   62.46776 -174.08474     7.7543    30.9707    1476.67  0.000e+00
      7.620   62.46776 -174.08474     7.7543    30.9715    1476.67  0.000e+00
      7.558   62.46776 -174.08474     7.7542    30.9722    1476.67  0.000e+00
      7.620   62.46776 -174.08474     7.7543    30.9723    1476.67  0.000e+00
      7.620   62.46776 -174.08474     7.7542    30.9730    1476.67  0.000e+00
      7.620   62.46776 -174.08474     7.7543    30.9738    1476.67  0.000e+00
      7.620   62.46776 -174.08474     7.7545    30.9750    1476.68  0.000e+00
      7.620   62.46776 -174.08474     7.7545    30.9761    1476.68  0.000e+00
      7.674   62.46776 -174.08474     7.7545    30.9759    1476.68  0.000e+00
      7.650   62.46776 -174.08474     7.7542    30.9765    1476.68  0.000e+00
      7.674   62.46776 -174.08474     7.7547    30.9763    1476.68  0.000e+00
      7.620   62.46776 -174.08474     7.7545    30.9772    1476.68  0.000e+00
      7.674   62.46776 -174.08474     7.7547    30.9779    1476.68  0.000e+00
      7.735   62.46776 -174.08474     7.7545    30.9786    1476.68  0.000e+00
      7.674   62.46776 -174.08474     7.7545    30.9792    1476.68  0.000e+00
      7.674   62.46776 -174.08474     7.7545    30.9803    1476.68  0.000e+00
      7.735   62.46776 -174.08474     7.7547    30.9815    1476.69  0.000e+00
      7.735   62.46776 -174.08474     7.7545    30.9822    1476.69  0.000e+00
      7.704   62.46776 -174.08474     7.7547    30.9827    1476.69  0.000e+00
      7.735   62.46776 -174.08474     7.7545    30.9827    1476.69  0.000e+00
      7.735   62.46776 -174.08474     7.7547    30.9834    1476.69  0.000e+00
      7.789   62.46776 -174.08474     7.7545    30.9849    1476.69  0.000e+00
      7.735   62.46776 -174.08474     7.7547    30.9853    1476.69  0.000e+00
      7.735   62.46776 -174.08474     7.7543    30.9863    1476.69  0.000e+00
      7.789   62.46776 -174.08474     7.7545    30.9863    1476.69  0.000e+00
      7.789   62.46776 -174.08474     7.7547    30.9863    1476.69  0.000e+00
      7.789   62.46776 -174.08474     7.7547    30.9872    1476.69  0.000e+00
      7.820   62.46776 -174.08474     7.7545    30.9885    1476.70  0.000e+00
      7.789   62.46776 -174.08474     7.7547    30.9890    1476.70  0.000e+00
      7.789   62.46776 -174.08474     7.7548    30.9900    1476.70  0.000e+00
      7.843   62.46776 -174.08474     7.7547    30.9908    1476.70  0.000e+00
      7.789   62.46776 -174.08474     7.7547    30.9914    1476.70  0.000e+00
      7.789   62.46776 -174.08474     7.7550    30.9923    1476.70  0.000e+00
      7.843   62.46776 -174.08474     7.7548    30.9939    1476.70  0.000e+00
      7.843   62.46776 -174.08474     7.7550    30.9951    1476.71  0.000e+00
      7.843   62.46776 -174.08474     7.7552    30.9962    1476.71  0.000e+00
      7.874   62.46776 -174.08474     7.7551    30.9973    1476.71  0.000e+00
      7.843   62.46776 -174.08474     7.7552    30.9984    1476.71  0.000e+00
      7.843   62.46776 -174.08474     7.7556    30.9985    1476.71  0.000e+00
      7.843   62.46776 -174.08474     7.7554    30.9997    1476.71  0.000e+00
      7.905   62.46776 -174.08474     7.7553    31.0012    1476.72  0.000e+00
      7.843   62.46776 -174.08474     7.7553    31.0020    1476.72  0.000e+00
