EcoFOCI/data/1_SampleCollection/2023_SikuliaqDBO_CruiseData/CTD_raw_BottleFile_SKQ23-12S/proc/skq202312s_049.cnv
* Sea-Bird SBE 9 Data File:
* FileName = D:\CTD\SKQ202312S\SKQ202312S_049.hex
* Software Version Seasave V 7.26.7.121
* Temperature SN = 6177
* Conductivity SN = 0369
* Number of Bytes Per Scan = 41
* Number of Voltage Words = 4
* Number of Scans Averaged by the Deck Unit = 1
* NMEA Latitude = 71 51.00 N
* NMEA Longitude = 162 09.40 W
* NMEA UTC (Time) = Sep 25 2023  06:43:07
* NMEA baud rate = 4800
** Ship: R/V Sikuliaq
** Station Number: 049
** Station Name: DBO4.6n
** Bottom Depth: 41
** Operator: SS
# nquan = 24
# nvalues = 3871                                  
# units = specified
# name 0 = depSM: Depth [salt water, m]
# name 1 = latitude: Latitude [deg]
# name 2 = longitude: Longitude [deg]
# name 3 = prDM: Pressure, Digiquartz [db]
# name 4 = t090C: Temperature [ITS-90, deg C]
# name 5 = t190C: Temperature, 2 [ITS-90, deg C]
# name 6 = potemp090C: Potential Temperature [ITS-90, deg C]
# name 7 = sal00: Salinity, Practical [PSU]
# name 8 = sal11: Salinity, Practical, 2 [PSU]
# name 9 = density00: Density [density, kg/m^3]
# name 10 = sigma-é00: Density [sigma-theta, kg/m^3]
# name 11 = sbox0Mm/Kg: Oxygen, SBE 43 [umol/kg]
# name 12 = sbox1Mm/Kg: Oxygen, SBE 43, 2 [umol/kg]
# name 13 = oxsolMm/Kg: Oxygen Saturation, Garcia & Gordon [umol/kg]
# name 14 = sbeox0PS: Oxygen, SBE 43 [% saturation]
# name 15 = sbeox1PS: Oxygen, SBE 43, 2 [% saturation]
# name 16 = v0: Voltage 0
# name 17 = flECO-AFL: Fluorescence, WET Labs ECO-AFL/FL [mg/m^3]
# name 18 = v1: Voltage 1
# name 19 = CStarAt0: Beam Attenuation, WET Labs C-Star [1/m]
# name 20 = par: PAR/Irradiance, Biospherical/Licor
# name 21 = scan: Scan Count
# name 22 = timeM: Time, Elapsed [minutes]
# name 23 = flag:  0.000e+00
# span 0 =      2.537,     36.027                 
# span 1 =   71.85006,   71.85008                 
# span 2 = -162.15676, -162.15674                 
# span 3 =      2.563,     36.403                 
# span 4 =    -0.7787,     1.8087                 
# span 5 =    -0.8244,     1.8099                 
# span 6 =    -0.7791,     1.8083                 
# span 7 =    28.1422,    32.6489                 
# span 8 =    28.1511,    32.6591                 
# span 9 =  1022.5106,  1026.4097                 
# span 10 =    22.4977,    26.2360                
# span 11 =    283.339,    428.467                
# span 12 =    265.555,    399.170                
# span 13 =  348.11645,  364.11476                
# span 14 =     78.590,    119.405                
# span 15 =     73.663,    111.184                
# span 16 =     0.1038,     0.4249                
# span 17 =     0.2747,     2.2015                
# span 18 =     2.6691,     4.1453                
# span 19 =     0.5129,     2.2745                
# span 20 = 1.0000e-12, 5.3311e-01                
# span 21 =          1,       3871                
# span 22 =     0.0000,     2.6875                
# span 23 = 0.0000e+00, 0.0000e+00                
# interval = seconds: 0.0416667
# start_time = Sep 25 2023 06:46:31 [NMEA time, first data scan]
# bad_flag = -9.990e-29
*END*
[from data line 2355]
     24.867   71.85008 -162.15676     25.126    -0.7056    -0.7055    -0.7062    32.6364    32.6512  1026.3484    26.2277    303.921    288.398  361.07469     84.171     79.882     0.1990     0.8461     3.3626     1.3502 1.0000e-12       2356     1.6354  0.000e+00
     24.852   71.85008 -162.15676     25.110    -0.7060    -0.7052    -0.7067    32.6369    32.6510  1026.3487    26.2281    303.875    288.228  361.07763     84.158     79.835     0.1978     0.8388     3.3626     1.3502 1.0000e-12       2357     1.6361  0.000e+00
     24.906   71.85008 -162.15676     25.164    -0.7063    -0.7053    -0.7069    32.6369    32.6512  1026.3490    26.2282    303.776    288.284  361.08030     84.130     79.850     0.1978     0.8388     3.3614     1.3516 1.0000e-12       2358     1.6368  0.000e+00
     24.929   71.85008 -162.15676     25.188    -0.7065    -0.7057    -0.7071    32.6371    32.6513  1026.3492    26.2283    303.714    288.148  361.08157     84.112     79.812     0.1990     0.8461     3.3626     1.3502 1.0000e-12       2359     1.6375  0.000e+00
     24.906   71.85008 -162.15676     25.164    -0.7066    -0.7057    -0.7072    32.6376    32.6512  1026.3496    26.2287    303.640    287.976  361.08107     84.092     79.764     0.1978     0.8388     3.3626     1.3502 1.0000e-12       2360     1.6382  0.000e+00
     24.983   71.85008 -162.15676     25.242    -0.7068    -0.7057    -0.7074    32.6378    32.6513  1026.3501    26.2289    303.516    287.835  361.08219     84.057     79.725     0.1990     0.8461     3.3626     1.3502 1.0000e-12       2361     1.6389  0.000e+00
     24.959   71.85008 -162.15676     25.219    -0.7069    -0.7059    -0.7076    32.6379    32.6516  1026.3501    26.2289    303.676    287.882  361.08363     84.101     79.738     0.1978     0.8388     3.3614     1.3516 1.0000e-12       2362     1.6396  0.000e+00
     25.021   71.85008 -162.15676     25.281    -0.7068    -0.7057    -0.7074    32.6374    32.6514  1026.3499    26.2285    303.625    287.765  361.08346     84.087     79.706     0.1978     0.8388     3.2918     1.4353 1.0000e-12       2363     1.6403  0.000e+00
     24.983   71.85008 -162.15676     25.242    -0.7069    -0.7060    -0.7076    32.6375    32.6517  1026.3499    26.2287    303.562    287.835  361.08463     84.069     79.725     0.1966     0.8315     3.2381     1.5012 1.0000e-12       2364     1.6410  0.000e+00
     25.021   71.85008 -162.15676     25.281    -0.7071    -0.7059    -0.7077    32.6379    32.6519  1026.3504    26.2290    303.741    287.708  361.08520     84.119     79.690     0.1978     0.8388     3.2295     1.5118 1.0000e-12       2365     1.6417  0.000e+00
     25.098   71.85008 -162.15676     25.359    -0.7072    -0.7062    -0.7079    32.6378    32.6520  1026.3507    26.2289    303.707    287.581  361.08656     84.109     79.654     0.1990     0.8461     3.2332     1.5072 1.0000e-12       2366     1.6424  0.000e+00
     25.075   71.85008 -162.15676     25.336    -0.7071    -0.7062    -0.7077    32.6374    32.6519  1026.3502    26.2286    303.609    287.475  361.08662     84.082     79.625     0.1978     0.8388     3.2357     1.5042 1.0000e-12       2367     1.6431  0.000e+00
     25.075   71.85008 -162.15676     25.336    -0.7074    -0.7062    -0.7080    32.6383    32.6519  1026.3510    26.2293    303.796    287.335  361.08679     84.134     79.586     0.1978     0.8388     3.2357     1.5042 1.0000e-12       2368     1.6438  0.000e+00
     25.152   71.85008 -162.15676     25.414    -0.7072    -0.7062    -0.7079    32.6379    32.6513  1026.3510    26.2289    303.769    287.193  361.08641     84.126     79.546     0.1941     0.8168     3.2357     1.5042 1.0000e-12       2369     1.6444  0.000e+00
     25.137   71.85008 -162.15676     25.398    -0.7074    -0.7063    -0.7080    32.6379    32.6515  1026.3510    26.2290    303.533    287.295  361.08786     84.061     79.575     0.1905     0.7949     3.2357     1.5042 1.0000e-12       2370     1.6451  0.000e+00
     25.137   71.85008 -162.15676     25.398    -0.7074    -0.7062    -0.7080    32.6377    32.6515  1026.3508    26.2288    303.421    287.200  361.08858     84.030     79.548     0.1905     0.7949     3.2357     1.5042 1.0000e-12       2371     1.6458  0.000e+00
     25.214   71.85008 -162.15676     25.476    -0.7072    -0.7065    -0.7079    32.6376    32.6520  1026.3511    26.2287    303.592    287.074  361.08712     84.077     79.513     0.1893     0.7875     3.2357     1.5042 1.0000e-12       2372     1.6465  0.000e+00
     25.253   71.85008 -162.15676     25.515    -0.7076    -0.7064    -0.7082    32.6380    32.6517  1026.3516    26.2291    303.546    287.191  361.08917     84.064     79.546     0.1905     0.7949     3.2357     1.5042 1.0000e-12       2373     1.6472  0.000e+00
     25.214   71.85008 -162.15676     25.476    -0.7074    -0.7065    -0.7080    32.6381    32.6520  1026.3515    26.2291    303.728    287.108  361.08739     84.115     79.523     0.1893     0.7875     3.2357     1.5042 1.0000e-12       2374     1.6479  0.000e+00
     25.253   71.85008 -162.15676     25.515    -0.7074    -0.7062    -0.7080    32.6384    32.6518  1026.3519    26.2294    303.645    287.019  361.08661     84.092     79.498     0.1893     0.7875     3.2357     1.5042 1.0000e-12       2375     1.6486  0.000e+00
     25.307   71.85008 -162.15676     25.570    -0.7072    -0.7065    -0.7079    32.6381    32.6526  1026.3519    26.2291    303.591    286.896  361.08571     84.077     79.464     0.1880     0.7802     3.2357     1.5042 1.0000e-12       2376     1.6493  0.000e+00
     25.330   71.85008 -162.15676     25.593    -0.7074    -0.7062    -0.7080    32.6384    32.6522  1026.3523    26.2294    303.520    287.015  361.08662     84.058     79.498     0.1893     0.7875     3.2357     1.5042 1.0000e-12       2377     1.6500  0.000e+00
     25.307   71.85008 -162.15676     25.570    -0.7072    -0.7062    -0.7079    32.6386    32.6525  1026.3524    26.2296    303.428    286.934  361.08426     84.032     79.475     0.1905     0.7949     3.2357     1.5042 1.0000e-12       2378     1.6507  0.000e+00
     25.330   71.85008 -162.15676     25.593    -0.7071    -0.7062    -0.7078    32.6386    32.6528  1026.3525    26.2296    303.570    287.069  361.08308     84.072     79.513     0.1893     0.7875     3.2357     1.5042 1.0000e-12       2379     1.6514  0.000e+00
     25.422   71.85008 -162.15676     25.687    -0.7072    -0.7060    -0.7079    32.6389    32.6527  1026.3532    26.2298    303.494    286.974  361.08337     84.051     79.487     0.1905     0.7949     3.2357     1.5042 1.0000e-12       2380     1.6521  0.000e+00
     25.422   71.85008 -162.15676     25.687    -0.7072    -0.7062    -0.7079    32.6390    32.6528  1026.3532    26.2299    303.644    286.869  361.08313     84.093     79.457     0.1893     0.7875     3.2357     1.5042 1.0000e-12       2381     1.6528  0.000e+00
     25.384   71.85008 -162.15676     25.648    -0.7071    -0.7059    -0.7078    32.6387    32.6529  1026.3528    26.2296    303.568    286.748  361.08305     84.072     79.425     0.1893     0.7875     3.2357     1.5042 1.0000e-12       2382     1.6535  0.000e+00
     25.476   71.85008 -162.15676     25.741    -0.7072    -0.7060    -0.7079    32.6387    32.6529  1026.3532    26.2296    303.525    286.625  361.08407     84.059     79.390     0.1905     0.7949     3.2173     1.5269 1.0000e-12       2383     1.6542  0.000e+00
     25.445   71.85008 -162.15676     25.710    -0.7072    -0.7057    -0.7079    32.6391    32.6528  1026.3534    26.2300    303.408    286.707  361.08281     84.027     79.414     0.1893     0.7875     3.1954     1.5543 1.0000e-12       2384     1.6549  0.000e+00
     25.538   71.85008 -162.15676     25.803    -0.7071    -0.7059    -0.7078    32.6391    32.6527  1026.3539    26.2300    303.524    286.593  361.08174     84.060     79.382     0.1893     0.7875     3.1905     1.5605 1.0000e-12       2385     1.6556  0.000e+00
     25.476   71.85008 -162.15676     25.741    -0.7071    -0.7059    -0.7078    32.6392    32.6535  1026.3536    26.2300    303.659    286.492  361.08164     84.097     79.354     0.1893     0.7875     3.1917     1.5589 1.0000e-12       2386     1.6563  0.000e+00
     25.553   71.85008 -162.15676     25.819    -0.7069    -0.7057    -0.7076    32.6391    32.6532  1026.3540    26.2300    303.319    286.575  361.08005     84.003     79.378     0.1893     0.7875     3.1929     1.5574 1.0000e-12       2387     1.6569  0.000e+00
     25.538   71.85008 -162.15676     25.803    -0.7071    -0.7056    -0.7078    32.6392    32.6530  1026.3539    26.2300    303.158    286.453  361.08162     83.958     79.344     0.1893     0.7875     3.1929     1.5574 1.0000e-12       2388     1.6576  0.000e+00
     25.615   71.85008 -162.15676     25.881    -0.7069    -0.7057    -0.7076    32.6393    32.6531  1026.3544    26.2301    302.975    286.322  361.07968     83.908     79.307     0.1905     0.7949     3.1929     1.5574 1.0000e-12       2389     1.6583  0.000e+00
     25.592   71.85008 -162.15676     25.858    -0.7069    -0.7056    -0.7076    32.6394    32.6534  1026.3543    26.2302    303.017    286.172  361.07940     83.920     79.266     0.1905     0.7949     3.1929     1.5574 1.0000e-12       2390     1.6590  0.000e+00
     25.654   71.85008 -162.15676     25.920    -0.7071    -0.7054    -0.7078    32.6398    32.6534  1026.3550    26.2305    302.882    286.236  361.07989     83.882     79.284     0.1893     0.7875     3.1929     1.5574 1.0000e-12       2391     1.6597  0.000e+00
     25.731   71.85008 -162.15676     25.998    -0.7066    -0.7056    -0.7073    32.6393    32.6531  1026.3549    26.2301    302.720    286.350  361.07632     83.838     79.315     0.1905     0.7949     3.1929     1.5574 1.0000e-12       2392     1.6604  0.000e+00
     25.654   71.85008 -162.15676     25.920    -0.7068    -0.7054    -0.7074    32.6393    32.6528  1026.3546    26.2301    302.784    286.251  361.07803     83.856     79.288     0.1893     0.7875     3.1929     1.5574 1.0000e-12       2393     1.6611  0.000e+00
     25.731   71.85008 -162.15676     25.998    -0.7066    -0.7054    -0.7073    32.6393    32.6535  1026.3549    26.2301    302.623    286.143  361.07694     83.811     79.259     0.1880     0.7802     3.1929     1.5574 1.0000e-12       2394     1.6618  0.000e+00
     25.708   71.85008 -162.15676     25.975    -0.7065    -0.7051    -0.7071    32.6394    32.6529  1026.3549    26.2302    302.634    286.018  361.07494     83.815     79.224     0.1734     0.6923     3.1929     1.5574 8.4714e-06       2395     1.6625  0.000e+00
     25.823   71.85008 -162.15676     26.092    -0.7063    -0.7052    -0.7070    32.6392    32.6533  1026.3553    26.2300    302.418    286.107  361.07379     83.755     79.249     0.1636     0.6337     3.1917     1.5589 1.0000e-12       2396     1.6632  0.000e+00
     25.731   71.85008 -162.15676     25.998    -0.7068    -0.7055    -0.7074    32.6400    32.6532  1026.3555    26.2307    302.169    285.762  361.07599     83.686     79.153     0.1636     0.6337     3.1929     1.5574 1.0000e-12       2397     1.6639  0.000e+00
     25.823   71.85008 -162.15676     26.092    -0.7065    -0.7050    -0.7071    32.6395    32.6530  1026.3555    26.2302    301.991    285.818  361.07478     83.637     79.169     0.1636     0.6337     3.1929     1.5574 1.0000e-12       2398     1.6646  0.000e+00
     25.839   71.85008 -162.15676     26.107    -0.7063    -0.7053    -0.7070    32.6392    32.6533  1026.3554    26.2300    301.535    285.670  361.07381     83.511     79.128     0.1648     0.6410     3.1929     1.5574 1.0000e-12       2399     1.6653  0.000e+00
     25.877   71.85008 -162.15676     26.146    -0.7061    -0.7052    -0.7068    32.6397    32.6534  1026.3559    26.2304    301.509    285.506  361.07096     83.504     79.082     0.1636     0.6337     3.1917     1.5589 8.4714e-06       2400     1.6660  0.000e+00
     25.877   71.85008 -162.15676     26.146    -0.7063    -0.7050    -0.7070    32.6401    32.6534  1026.3563    26.2307    301.506    285.323  361.07147     83.503     79.032     0.1636     0.6337     3.1929     1.5574 1.0000e-12       2401     1.6667  0.000e+00
     25.900   71.85008 -162.15676     26.170    -0.7061    -0.7051    -0.7068    32.6396    32.6537  1026.3560    26.2303    301.272    285.350  361.07100     83.438     79.040     0.1648     0.6410     3.1929     1.5574 1.0000e-12       2402     1.6674  0.000e+00
     25.939   71.85008 -162.15676     26.209    -0.7061    -0.7048    -0.7068    32.6397    32.6528  1026.3563    26.2304    301.060    285.201  361.07082     83.380     78.998     0.1636     0.6337     3.1819     1.5712 1.0000e-12       2403     1.6681  0.000e+00
     25.900   71.85008 -162.15676     26.170    -0.7061    -0.7048    -0.7068    32.6398    32.6529  1026.3562    26.2305    300.772    285.224  361.07051     83.300     79.005     0.1648     0.6410     3.1587     1.6005 1.0000e-12       2404     1.6688  0.000e+00
     25.993   71.85008 -162.15676     26.263    -0.7059    -0.7047    -0.7065    32.6397    32.6533  1026.3565    26.2304    300.806    285.041  361.06810     83.310     78.955     0.1636     0.6337     3.1526     1.6082 1.0000e-12       2405     1.6694  0.000e+00
     25.993   71.85008 -162.15676     26.263    -0.7059    -0.7045    -0.7065    32.6398    32.6532  1026.3566    26.2305    300.610    284.838  361.06785     83.256     78.899     0.1648     0.6410     3.1526     1.6082 1.0000e-12       2406     1.6701  0.000e+00
     26.070   71.85008 -162.15676     26.341    -0.7057    -0.7045    -0.7064    32.6398    32.6535  1026.3569    26.2304    300.391    284.431  361.06627     83.195     78.786     0.1636     0.6337     3.1538     1.6067 8.4714e-06       2407     1.6708  0.000e+00
     26.055   71.85008 -162.15676     26.326    -0.7057    -0.7043    -0.7064    32.6394    32.6536  1026.3566    26.2301    300.145    284.639  361.06733     83.127     78.844     0.1636     0.6337     3.1538     1.6067 1.0000e-12       2408     1.6715  0.000e+00
     26.070   71.85008 -162.15676     26.341    -0.7057    -0.7043    -0.7064    32.6397    32.6535  1026.3569    26.2304    300.124    284.228  361.06651     83.121     78.730     0.1648     0.6410     3.1538     1.6067 8.4714e-06       2409     1.6722  0.000e+00
     26.109   71.85008 -162.15676     26.380    -0.7057    -0.7045    -0.7064    32.6400    32.6538  1026.3574    26.2307    299.873    283.993  361.06549     83.052     78.665     0.1636     0.6337     3.1538     1.6067 1.0000e-12       2410     1.6729  0.000e+00
     26.109   71.85008 -162.15676     26.380    -0.7056    -0.7043    -0.7062    32.6398    32.6531  1026.3571    26.2304    299.642    283.993  361.06523     82.988     78.665     0.1648     0.6410     3.1538     1.6067 1.0000e-12       2411     1.6736  0.000e+00
     26.132   71.85008 -162.15676     26.403    -0.7057    -0.7043    -0.7064    32.6400    32.6535  1026.3575    26.2306    299.388    283.785  361.06553     82.918     78.608     0.1636     0.6337     3.1538     1.6067 1.0000e-12       2412     1.6743  0.000e+00
     26.163   71.85008 -162.15676     26.435    -0.7056    -0.7045    -0.7062    32.6395    32.6533  1026.3572    26.2302    299.358    283.595  361.06593     82.910     78.555     0.1636     0.6337     3.1538     1.6067 1.0000e-12       2413     1.6750  0.000e+00
     26.186   71.85008 -162.15676     26.458    -0.7054    -0.7042    -0.7061    32.6394    32.6528  1026.3572    26.2301    299.145    283.608  361.06462     82.851     78.559     0.1648     0.6410     3.1538     1.6067 1.0000e-12       2414     1.6757  0.000e+00
     26.224   71.85008 -162.15676     26.497    -0.7056    -0.7045    -0.7062    32.6395    32.6531  1026.3575    26.2302    298.909    283.417  361.06591     82.785     78.505     0.1636     0.6337     3.1538     1.6067 1.0000e-12       2415     1.6764  0.000e+00
