EcoFOCI/data/1_SampleCollection/2023_SikuliaqDBO_CruiseData/CTD_raw_BottleFile_SKQ23-12S/proc/skq202312s_028.ros
* Sea-Bird SBE 9 Data File:
* FileName = D:\CTD\SKQ202312S\SKQ202312S_028.hex
* Software Version Seasave V 7.26.7.121
* Temperature SN = 6177
* Conductivity SN = 0369
* Number of Bytes Per Scan = 41
* Number of Voltage Words = 4
* Number of Scans Averaged by the Deck Unit = 1
* NMEA Latitude = 71 22.34 N
* NMEA Longitude = 157 24.94 W
* NMEA UTC (Time) = Sep 21 2023  03:13:25
* NMEA baud rate = 4800
** Ship: R/V Sikuliaq
** Station Number: 028
** Station Name: DBO5.4
** Bottom Depth: 112
** Operator: SD
# nquan = 22
# nvalues = 1127                                  
# units = specified
# name 0 = depSM: Depth [salt water, m]
# name 1 = latitude: Latitude [deg]
# name 2 = longitude: Longitude [deg]
# name 3 = prDM: Pressure, Digiquartz [db]
# name 4 = t090C: Temperature [ITS-90, deg C]
# name 5 = t190C: Temperature, 2 [ITS-90, deg C]
# name 6 = potemp090C: Potential Temperature [ITS-90, deg C]
# name 7 = sal00: Salinity, Practical [PSU]
# name 8 = sal11: Salinity, Practical, 2 [PSU]
# name 9 = density00: Density [density, kg/m^3]
# name 10 = sigma-é00: Density [sigma-theta, kg/m^3]
# name 11 = sbox0Mm/Kg: Oxygen, SBE 43 [umol/kg]
# name 12 = sbox1Mm/Kg: Oxygen, SBE 43, 2 [umol/kg]
# name 13 = oxsolMm/Kg: Oxygen Saturation, Garcia & Gordon [umol/kg]
# name 14 = sbeox0PS: Oxygen, SBE 43 [% saturation]
# name 15 = v0: Voltage 0
# name 16 = flECO-AFL: Fluorescence, WET Labs ECO-AFL/FL [mg/m^3]
# name 17 = CStarAt0: Beam Attenuation, WET Labs C-Star [1/m]
# name 18 = par: PAR/Irradiance, Biospherical/Licor
# name 19 = scan: Scan Count
# name 20 = nbf: Bottles Fired
# name 21 = flag:  0.000e+00
# interval = seconds: 0.0416667
# start_time = Sep 21 2023 03:18:10 [NMEA time, first data scan]
# bad_flag = -9.990e-29
*END*
[from data line 264]
     50.080   71.37274 -157.41174     50.602    -1.2884    -1.2859    -1.2894    32.4683    32.4774  1026.3542    26.1103    313.285    297.183  367.22110     85.312     0.2308     1.0366     1.0656 1.0000e-12      19877          6  0.000e+00
     50.026   71.37274 -157.41174     50.548    -1.2884    -1.2857    -1.2894    32.4686    32.4772  1026.3542    26.1105    313.286    297.223  367.22026     85.313     0.2320     1.0439     1.0656 1.0000e-12      19878          6  0.000e+00
     50.026   71.37274 -157.41174     50.548    -1.2884    -1.2859    -1.2894    32.4688    32.4774  1026.3544    26.1107    313.290    297.261  367.21976     85.314     0.2308     1.0366     1.0656 1.0000e-12      19879          6  0.000e+00
     50.080   71.37274 -157.41174     50.602    -1.2881    -1.2860    -1.2891    32.4682    32.4776  1026.3542    26.1102    313.295    297.295  367.21855     85.316     0.2320     1.0439     1.0656 1.0000e-12      19880          6  0.000e+00
     50.026   71.37274 -157.41174     50.548    -1.2884    -1.2861    -1.2894    32.4687    32.4773  1026.3543    26.1106    313.298    297.318  367.22001     85.316     0.2295     1.0293     1.0656 1.0000e-12      19881          6  0.000e+00
     50.080   71.37274 -157.41174     50.603    -1.2884    -1.2865    -1.2894    32.4685    32.4779  1026.3544    26.1104    313.305    297.339  367.22060     85.318     0.2308     1.0366     1.0656 1.0000e-12      19882          6  0.000e+00
     50.080   71.37274 -157.41174     50.603    -1.2884    -1.2865    -1.2894    32.4684    32.4781  1026.3544    26.1104    313.259    297.578  367.22073     85.305     0.2320     1.0439     1.0656 1.0000e-12      19883          6  0.000e+00
     50.026   71.37274 -157.41174     50.548    -1.2882    -1.2865    -1.2892    32.4679    32.4779  1026.3536    26.1099    313.258    297.610  367.22072     85.305     0.2308     1.0366     1.0656 1.0000e-12      19884          6  0.000e+00
     50.080   71.37274 -157.41174     50.603    -1.2882    -1.2865    -1.2892    32.4683    32.4778  1026.3543    26.1103    313.261    297.671  367.21932     85.306     0.2320     1.0439     1.0656 1.0000e-12      19885          6  0.000e+00
     50.080   71.37274 -157.41174     50.603    -1.2882    -1.2868    -1.2892    32.4683    32.4778  1026.3542    26.1103    313.263    297.694  367.21945     85.307     0.2308     1.0366     1.0656 1.0000e-12      19886          6  0.000e+00
     50.080   71.37274 -157.41174     50.603    -1.2882    -1.2868    -1.2892    32.4680    32.4780  1026.3540    26.1101    313.266    297.705  367.22019     85.307     0.2320     1.0439     1.0656 1.0000e-12      19887          6  0.000e+00
     50.080   71.37274 -157.41174     50.603    -1.2884    -1.2865    -1.2894    32.4684    32.4780  1026.3543    26.1103    313.269    297.707  367.22098     85.308     0.2308     1.0366     1.0656 1.0000e-12      19888          6  0.000e+00
     50.026   71.37274 -157.41174     50.548    -1.2884    -1.2860    -1.2894    32.4681    32.4774  1026.3538    26.1101    313.270    297.731  367.22187     85.308     0.2308     1.0366     1.0642 1.0000e-12      19889          6  0.000e+00
     50.080   71.37274 -157.41174     50.603    -1.2882    -1.2862    -1.2893    32.4680    32.4781  1026.3540    26.1100    313.273    297.755  367.22095     85.309     0.2320     1.0439     1.0642 1.0000e-12      19890          6  0.000e+00
     50.080   71.37274 -157.41174     50.603    -1.2884    -1.2855    -1.2894    32.4686    32.4773  1026.3545    26.1105    313.275    297.766  367.22036     85.310     0.2308     1.0366     1.0642 1.0000e-12      19891          6  0.000e+00
     50.142   71.37274 -157.41174     50.665    -1.2882    -1.2857    -1.2892    32.4683    32.4777  1026.3545    26.1102    313.278    297.746  367.21956     85.311     0.2320     1.0439     1.0642 1.0000e-12      19892          6  0.000e+00
     50.080   71.37274 -157.41174     50.603    -1.2882    -1.2855    -1.2892    32.4681    32.4779  1026.3541    26.1101    313.278    297.742  367.22007     85.311     0.2308     1.0366     1.0642 1.0000e-12      19893          6  0.000e+00
     50.142   71.37274 -157.41174     50.665    -1.2881    -1.2854    -1.2891    32.4680    32.4774  1026.3543    26.1100    313.282    297.740  367.21916     85.312     0.2320     1.0439     1.0642 1.0000e-12      19894          6  0.000e+00
     50.080   71.37274 -157.41174     50.603    -1.2884    -1.2855    -1.2894    32.4684    32.4776  1026.3544    26.1104    313.283    297.726  367.22073     85.312     0.2308     1.0366     1.0642 1.0000e-12      19895          6  0.000e+00
     50.142   71.37274 -157.41174     50.665    -1.2884    -1.2855    -1.2894    32.4686    32.4774  1026.3548    26.1105    313.236    297.938  367.22022     85.299     0.2332     1.0513     1.0642 1.0000e-12      19896          6  0.000e+00
     50.142   71.37274 -157.41174     50.665    -1.2884    -1.2857    -1.2894    32.4681    32.4778  1026.3543    26.1101    313.238    297.945  367.22183     85.299     0.2405     1.0952     1.0642 1.0000e-12      19897          6  0.000e+00
     50.142   71.37274 -157.41174     50.665    -1.2885    -1.2855    -1.2896    32.4684    32.4774  1026.3546    26.1104    313.239    297.941  367.22249     85.299     0.2454     1.1245     1.0642 1.0000e-12      19898          6  0.000e+00
     50.142   71.37274 -157.41174     50.665    -1.2884    -1.2857    -1.2894    32.4684    32.4775  1026.3546    26.1104    313.288    297.932  367.22084     85.313     0.2466     1.1319     1.0642 1.0000e-12      19899          6  0.000e+00
     50.196   71.37274 -157.41174     50.720    -1.2884    -1.2855    -1.2894    32.4684    32.4770  1026.3549    26.1103    313.292    297.915  367.22093     85.314     0.2442     1.1172     1.0642 1.0000e-12      19900          6  0.000e+00
     50.142   71.37274 -157.41174     50.665    -1.2885    -1.2857    -1.2896    32.4684    32.4777  1026.3546    26.1103    313.294    297.920  367.22261     85.314     0.2454     1.1245     1.0642 1.0000e-12      19901          6  0.000e+00
     50.196   71.37274 -157.41174     50.720    -1.2886    -1.2855    -1.2897    32.4682    32.4776  1026.3547    26.1102    313.300    297.887  367.22435     85.316     0.2442     1.1172     1.0642 1.0000e-12      19902          6  0.000e+00
     50.196   71.37274 -157.41174     50.720    -1.2888    -1.2852    -1.2898    32.4687    32.4776  1026.3551    26.1106    313.251    297.877  367.22451     85.302     0.2454     1.1245     1.0642 1.0000e-12      19903          6  0.000e+00
     50.196   71.37274 -157.41174     50.720    -1.2891    -1.2856    -1.2901    32.4685    32.4778  1026.3550    26.1105    312.740    298.093  367.22780     85.162     0.2442     1.1172     1.0642 1.0000e-12      19904          6  0.000e+00
     50.258   71.37274 -157.41174     50.782    -1.2890    -1.2854    -1.2900    32.4682    32.4775  1026.3550    26.1102    313.420    297.876  367.22776     85.348     0.2454     1.1245     1.0642 1.0000e-12      19905          6  0.000e+00
     50.196   71.37274 -157.41174     50.720    -1.2893    -1.2855    -1.2903    32.4688    32.4776  1026.3552    26.1107    312.698    298.073  367.22883     85.151     0.2442     1.1172     1.0642 1.0000e-12      19906          6  0.000e+00
     50.660   71.37274 -157.41172     51.189    -1.3009    -1.2922    -1.3019    32.4726    32.4798  1026.3609    26.1141    313.564    294.480  367.33210     85.363     0.2686     1.2637     1.0615 8.4714e-06      20008          7  0.000e+00
     50.714   71.37274 -157.41172     51.243    -1.3013    -1.2917    -1.3024    32.4731    32.4793  1026.3616    26.1145    313.574    294.470  367.33516     85.364     0.2698     1.2710     1.0615 1.0000e-12      20009          7  0.000e+00
     50.714   71.37274 -157.41172     51.243    -1.3010    -1.2915    -1.3021    32.4731    32.4795  1026.3616    26.1145    313.575    294.430  367.33236     85.365     0.2686     1.2637     1.0602 1.0000e-12      20010          7  0.000e+00
     50.660   71.37274 -157.41172     51.189    -1.3006    -1.2913    -1.3016    32.4727    32.4795  1026.3610    26.1142    313.573    294.393  367.32893     85.366     0.2698     1.2710     1.0588 1.0000e-12      20011          7  0.000e+00
     50.714   71.37274 -157.41172     51.243    -1.3006    -1.2912    -1.3016    32.4723    32.4794  1026.3609    26.1139    313.580    294.366  367.33014     85.367     0.2686     1.2637     1.0602 1.0000e-12      20012          7  0.000e+00
     50.714   71.37274 -157.41172     51.243    -1.3005    -1.2908    -1.3016    32.4725    32.4792  1026.3611    26.1140    313.584    294.338  367.32901     85.369     0.2686     1.2637     1.0602 1.0000e-12      20013          7  0.000e+00
     50.714   71.37274 -157.41172     51.243    -1.3012    -1.2907    -1.3023    32.4730    32.4792  1026.3615    26.1144    313.593    294.315  367.33451     85.370     0.2698     1.2710     1.0588 1.0000e-12      20014          7  0.000e+00
     50.714   71.37274 -157.41172     51.243    -1.3010    -1.2907    -1.3021    32.4724    32.4790  1026.3610    26.1139    313.854    294.299  367.33447     85.441     0.2686     1.2637     1.0588 1.0000e-12      20015          7  0.000e+00
     50.714   71.37274 -157.41172     51.243    -1.3010    -1.2904    -1.3021    32.4727    32.4787  1026.3613    26.1142    313.647    294.284  367.33348     85.385     0.2698     1.2710     1.0588 1.0000e-12      20016          7  0.000e+00
     50.714   71.37274 -157.41172     51.243    -1.3004    -1.2903    -1.3014    32.4724    32.4788  1026.3610    26.1139    313.644    294.045  367.32812     85.385     0.2686     1.2637     1.0588 1.0000e-12      20017          7  0.000e+00
     50.714   71.37274 -157.41172     51.243    -1.3000    -1.2904    -1.3010    32.4722    32.4787  1026.3608    26.1138    313.642    294.011  367.32416     85.386     0.2698     1.2710     1.0588 1.0000e-12      20018          7  0.000e+00
     50.714   71.37274 -157.41170     51.243    -1.2998    -1.2901    -1.3009    32.4722    32.4787  1026.3608    26.1137    313.643    293.978  367.32314     85.386     0.2686     1.2637     1.0588 1.0000e-12      20019          7  0.000e+00
     50.714   71.37274 -157.41170     51.243    -1.3001    -1.2901    -1.3012    32.4727    32.4787  1026.3612    26.1141    313.646    294.181  367.32457     85.387     0.2686     1.2637     1.0588 1.0000e-12      20020          7  0.000e+00
     50.714   71.37274 -157.41170     51.243    -1.3004    -1.2899    -1.3014    32.4729    32.4780  1026.3614    26.1143    313.651    293.963  367.32687     85.387     0.2686     1.2637     1.0588 1.0000e-12      20021          7  0.000e+00
     50.768   71.37274 -157.41170     51.298    -1.3001    -1.2901    -1.3012    32.4726    32.4784  1026.3614    26.1141    313.653    293.950  367.32467     85.388     0.2686     1.2637     1.0588 1.0000e-12      20022          7  0.000e+00
     50.714   71.37274 -157.41170     51.243    -1.3000    -1.2904    -1.3010    32.4726    32.4789  1026.3611    26.1140    313.651    294.167  367.32317     85.388     0.2698     1.2710     1.0588 1.0000e-12      20023          7  0.000e+00
     50.714   71.37274 -157.41170     51.243    -1.2995    -1.2907    -1.3005    32.4721    32.4784  1026.3607    26.1136    314.164    293.969  367.32008     85.529     0.2735     1.2930     1.0588 1.0000e-12      20024          7  0.000e+00
     50.652   71.37274 -157.41170     51.181    -1.2994    -1.2913    -1.3004    32.4720    32.4793  1026.3603    26.1136    314.514    293.968  367.31920     85.624     0.2833     1.3516     1.0588 1.0000e-12      20025          7  0.000e+00
     50.830   71.37274 -157.41170     51.360    -1.2992    -1.2924    -1.3002    32.4715    32.4801  1026.3608    26.1131    313.888    293.987  367.31898     85.454     0.2845     1.3590     1.0588 1.0000e-12      20026          7  0.000e+00
     50.714   71.37274 -157.41170     51.243    -1.2995    -1.2928    -1.3005    32.4720    32.4799  1026.3606    26.1136    313.876    293.963  367.32033     85.450     0.2845     1.3590     1.0602 1.0000e-12      20027          7  0.000e+00
     50.768   71.37274 -157.41170     51.298    -1.3001    -1.2936    -1.3012    32.4725    32.4806  1026.3613    26.1140    313.875    293.951  367.32504     85.449     0.2833     1.3516     1.0588 1.0000e-12      20028          7  0.000e+00
     50.714   71.37274 -157.41170     51.243    -1.3000    -1.2941    -1.3010    32.4723    32.4806  1026.3609    26.1138    313.813    294.198  367.32391     85.432     0.2833     1.3516     1.0602 1.0000e-12      20029          7  0.000e+00
     50.768   71.37274 -157.41170     51.298    -1.2998    -1.2946    -1.3009    32.4723    32.4808  1026.3612    26.1138    313.804    294.225  367.32274     85.430     0.2833     1.3516     1.0602 1.0000e-12      20030          7  0.000e+00
     50.714   71.37274 -157.41170     51.243    -1.2995    -1.2950    -1.3005    32.4719    32.4812  1026.3605    26.1135    313.789    294.020  367.32071     85.426     0.2845     1.3590     1.0615 1.0000e-12      20031          7  0.000e+00
     50.768   71.37274 -157.41170     51.298    -1.2995    -1.2951    -1.3005    32.4719    32.4805  1026.3609    26.1135    313.781    294.247  367.32043     85.424     0.2845     1.3590     1.0615 1.0000e-12      20032          7  0.000e+00
     50.714   71.37274 -157.41170     51.243    -1.2997    -1.2952    -1.3007    32.4720    32.4809  1026.3607    26.1136    313.770    294.079  367.32186     85.421     0.2845     1.3590     1.0615 1.0000e-12      20033          7  0.000e+00
     50.768   71.37274 -157.41170     51.298    -1.2995    -1.2955    -1.3005    32.4720    32.4808  1026.3609    26.1136    313.709    294.348  367.32018     85.405     0.2845     1.3590     1.0615 1.0000e-12      20034          7  0.000e+00
     50.768   71.37274 -157.41170     51.298    -1.2995    -1.2955    -1.3005    32.4722    32.4807  1026.3611    26.1138    313.696    294.387  367.31956     85.402     0.2833     1.3516     1.0615 1.0000e-12      20035          7  0.000e+00
     50.768   71.37274 -157.41170     51.298    -1.2995    -1.2957    -1.3005    32.4723    32.4811  1026.3612    26.1138    313.684    294.200  367.31931     85.398     0.2845     1.3590     1.0615 1.0000e-12      20036          7  0.000e+00
     50.768   71.37274 -157.41170     51.298    -1.2994    -1.2951    -1.3004    32.4720    32.4808  1026.3609    26.1135    313.672    294.436  367.31928     85.395     0.2833     1.3516     1.0615 1.0000e-12      20037          7  0.000e+00
     50.714   71.37274 -157.41170     51.244    -1.2990    -1.2941    -1.3001    32.4718    32.4803  1026.3605    26.1134    313.654    294.473  367.31638     85.391     0.2833     1.3516     1.0615 1.0000e-12      20038          7  0.000e+00
     50.768   71.37274 -157.41170     51.298    -1.2992    -1.2937    -1.3002    32.4718    32.4805  1026.3607    26.1134    313.646    294.522  367.31813     85.388     0.2833     1.3516     1.0615 1.0000e-12      20039          7  0.000e+00
     50.768   71.37274 -157.41170     51.298    -1.2995    -1.2936    -1.3005    32.4727    32.4804  1026.3615    26.1141    313.634    294.574  367.31832     85.385     0.2833     1.3516     1.0615 1.0000e-12      20040          7  0.000e+00
     50.768   71.37274 -157.41170     51.298    -1.2992    -1.2934    -1.3002    32.4726    32.4806  1026.3614    26.1141    313.619    294.627  367.31565     85.381     0.2845     1.3590     1.0615 1.0000e-12      20041          7  0.000e+00
     50.714   71.37274 -157.41170     51.244    -1.2987    -1.2934    -1.2998    32.4719    32.4806  1026.3605    26.1135    313.602    294.683  367.31321     85.377     0.2833     1.3516     1.0615 1.0000e-12      20042          7  0.000e+00
