EcoFOCI/data/1_SampleCollection/2023_SikuliaqDBO_CruiseData/CTD_raw_BottleFile_SKQ23-12S/proc/skq202312s_012.ros
* Sea-Bird SBE 9 Data File:
* FileName = D:\CTD\SKQ202312S\SKQ202312S_012.hex
* Software Version Seasave V 7.26.7.121
* Temperature SN = 6177
* Conductivity SN = 0369
* Number of Bytes Per Scan = 41
* Number of Voltage Words = 4
* Number of Scans Averaged by the Deck Unit = 1
* NMEA Latitude = 64 40.32 N
* NMEA Longitude = 170 38.51 W
* NMEA UTC (Time) = Sep 17 2023  03:44:23
* NMEA baud rate = 4800
** Ship: R/V Sikuliaq
** Station Number: 012
** Station Name: DBO2.0
** Bottom Depth: 48
** Operator: SD
# nquan = 22
# nvalues = 931                                   
# units = specified
# name 0 = depSM: Depth [salt water, m]
# name 1 = latitude: Latitude [deg]
# name 2 = longitude: Longitude [deg]
# name 3 = prDM: Pressure, Digiquartz [db]
# name 4 = t090C: Temperature [ITS-90, deg C]
# name 5 = t190C: Temperature, 2 [ITS-90, deg C]
# name 6 = potemp090C: Potential Temperature [ITS-90, deg C]
# name 7 = sal00: Salinity, Practical [PSU]
# name 8 = sal11: Salinity, Practical, 2 [PSU]
# name 9 = density00: Density [density, kg/m^3]
# name 10 = sigma-é00: Density [sigma-theta, kg/m^3]
# name 11 = sbox0Mm/Kg: Oxygen, SBE 43 [umol/kg]
# name 12 = sbox1Mm/Kg: Oxygen, SBE 43, 2 [umol/kg]
# name 13 = oxsolMm/Kg: Oxygen Saturation, Garcia & Gordon [umol/kg]
# name 14 = sbeox0PS: Oxygen, SBE 43 [% saturation]
# name 15 = v0: Voltage 0
# name 16 = flECO-AFL: Fluorescence, WET Labs ECO-AFL/FL [mg/m^3]
# name 17 = CStarAt0: Beam Attenuation, WET Labs C-Star [1/m]
# name 18 = par: PAR/Irradiance, Biospherical/Licor
# name 19 = scan: Scan Count
# name 20 = nbf: Bottles Fired
# name 21 = flag:  0.000e+00
# interval = seconds: 0.0416667
# start_time = Sep 17 2023 03:45:41 [NMEA time, first data scan]
# bad_flag = -9.990e-29
*END*
[from data line 66]
     41.027   64.67154 -170.64122     41.437     3.2242     3.2247     3.2217    33.0133    33.0234  1026.4738    26.2797    227.825    217.019  325.64973     69.960     0.1551     0.5824     0.8177 1.3551e-01       6849          2  0.000e+00
     40.966   64.67154 -170.64122     41.374     3.2238     3.2247     3.2214    33.0138    33.0232  1026.4739    26.2801    228.191    217.027  325.65100     70.072     0.1563     0.5897     0.8088 1.4129e-01       6850          2  0.000e+00
     41.027   64.67154 -170.64122     41.437     3.2241     3.2250     3.2216    33.0136    33.0228  1026.4740    26.2799    228.843    217.037  325.64942     70.273     0.1563     0.5897     0.8063 1.4275e-01       6851          2  0.000e+00
     40.966   64.67154 -170.64122     41.374     3.2240     3.2250     3.2215    33.0139    33.0228  1026.4740    26.2802    228.297    217.044  325.64933     70.105     0.1563     0.5897     0.8075 1.3551e-01       6852          2  0.000e+00
     41.027   64.67154 -170.64122     41.437     3.2238     3.2249     3.2214    33.0135    33.0231  1026.4740    26.2799    228.517    217.079  325.65168     70.172     0.1563     0.5897     0.8075 1.2846e-01       6853          2  0.000e+00
     40.966   64.67154 -170.64122     41.374     3.2240     3.2249     3.2215    33.0138    33.0230  1026.4739    26.2801    228.546    217.087  325.64973     70.182     0.1563     0.5897     0.8075 1.2708e-01       6854          2  0.000e+00
     40.966   64.67154 -170.64122     41.374     3.2242     3.2249     3.2217    33.0132    33.0232  1026.4734    26.2796    227.931    217.097  325.64994     69.993     0.1551     0.5824     0.8075 1.3337e-01       6855          2  0.000e+00
     41.027   64.67154 -170.64122     41.437     3.2243     3.2247     3.2218    33.0133    33.0231  1026.4738    26.2797    228.079    216.917  325.64884     70.038     0.1563     0.5897     0.8075 1.4422e-01       6856          2  0.000e+00
     40.966   64.67154 -170.64122     41.374     3.2243     3.2250     3.2219    33.0136    33.0233  1026.4737    26.2799    228.043    216.902  325.64757     70.028     0.1563     0.5897     0.8075 1.4645e-01       6857          2  0.000e+00
     40.966   64.67154 -170.64122     41.374     3.2242     3.2249     3.2217    33.0136    33.0231  1026.4737    26.2799    228.444    216.893  325.64885     70.150     0.1563     0.5897     0.8075 1.4496e-01       6858          2  0.000e+00
     40.966   64.67154 -170.64122     41.374     3.2242     3.2249     3.2217    33.0133    33.0232  1026.4735    26.2797    228.480    217.077  325.64955     70.161     0.1563     0.5897     0.8075 1.4056e-01       6859          2  0.000e+00
     40.966   64.67154 -170.64122     41.374     3.2241     3.2249     3.2217    33.0135    33.0235  1026.4737    26.2799    228.335    217.089  325.64954     70.117     0.1563     0.5897     0.8075 1.3983e-01       6860          2  0.000e+00
     40.904   64.67154 -170.64122     41.312     3.2242     3.2250     3.2217    33.0138    33.0235  1026.4736    26.2801    228.549    217.123  325.64837     70.183     0.1563     0.5897     0.8075 1.4056e-01       6861          2  0.000e+00
     40.966   64.67154 -170.64122     41.374     3.2242     3.2249     3.2217    33.0136    33.0236  1026.4737    26.2799    228.155    217.139  325.64885     70.062     0.1575     0.5971     0.8075 1.4422e-01       6862          2  0.000e+00
     40.966   64.67154 -170.64122     41.374     3.2242     3.2249     3.2217    33.0133    33.0231  1026.4735    26.2797    228.122    217.154  325.64955     70.051     0.1636     0.6337     0.8075 1.4496e-01       6863          2  0.000e+00
     40.912   64.67154 -170.64122     41.320     3.2243     3.2249     3.2219    33.0132    33.0232  1026.4731    26.2796    228.088    217.166  325.64870     70.041     0.1636     0.6337     0.8075 1.4496e-01       6864          2  0.000e+00
     40.966   64.67154 -170.64122     41.374     3.2241     3.2249     3.2217    33.0135    33.0233  1026.4737    26.2799    228.025    217.182  325.64954     70.022     0.1648     0.6410     0.8075 1.4645e-01       6865          2  0.000e+00
     40.912   64.67154 -170.64122     41.320     3.2243     3.2250     3.2219    33.0134    33.0229  1026.4733    26.2798    228.172    217.194  325.64810     70.067     0.1636     0.6337     0.8075 1.4645e-01       6866          2  0.000e+00
     40.904   64.67154 -170.64122     41.312     3.2243     3.2249     3.2219    33.0135    33.0230  1026.4733    26.2798    228.138    217.208  325.64799     70.057     0.1636     0.6337     0.8075 1.4645e-01       6867          2  0.000e+00
     40.912   64.67154 -170.64122     41.320     3.2242     3.2249     3.2217    33.0138    33.0232  1026.4736    26.2801    227.889    217.222  325.64838     69.980     0.1636     0.6337     0.8075 1.4349e-01       6868          2  0.000e+00
     40.912   64.67154 -170.64122     41.320     3.2243     3.2249     3.2218    33.0138    33.0233  1026.4736    26.2801    227.820    217.236  325.64760     69.959     0.1636     0.6337     0.8088 1.4129e-01       6869          2  0.000e+00
     40.912   64.67154 -170.64122     41.320     3.2242     3.2252     3.2217    33.0134    33.0230  1026.4733    26.2798    227.752    217.248  325.64938     69.938     0.1636     0.6337     0.8126 1.4129e-01       6870          2  0.000e+00
     40.912   64.67154 -170.64122     41.320     3.2243     3.2247     3.2219    33.0138    33.0235  1026.4736    26.2801    227.682    217.241  325.64720     69.917     0.1648     0.6410     0.8139 1.4422e-01       6871          2  0.000e+00
     40.850   64.67154 -170.64122     41.257     3.2242     3.2250     3.2217    33.0138    33.0232  1026.4733    26.2801    227.828    217.251  325.64850     69.961     0.1636     0.6337     0.8126 1.4571e-01       6872          2  0.000e+00
     40.850   64.67154 -170.64122     41.257     3.2243     3.2249     3.2219    33.0137    33.0231  1026.4732    26.2800    227.575    217.265  325.64742     69.884     0.1636     0.6337     0.8126 1.4571e-01       6873          2  0.000e+00
     40.850   64.67154 -170.64122     41.257     3.2241     3.2250     3.2217    33.0142    33.0228  1026.4737    26.2804    227.757    217.278  325.64789     69.940     0.1648     0.6410     0.8139 1.4571e-01       6874          2  0.000e+00
     40.912   64.67154 -170.64122     41.320     3.2243     3.2249     3.2219    33.0136    33.0235  1026.4734    26.2799    227.723    217.292  325.64770     69.929     0.1636     0.6337     0.8126 1.4496e-01       6875          2  0.000e+00
     40.796   64.67154 -170.64122     41.203     3.2242     3.2250     3.2217    33.0139    33.0233  1026.4731    26.2802    227.467    217.301  325.64823     69.850     0.1648     0.6410     0.8126 1.4496e-01       6876          2  0.000e+00
     40.850   64.67154 -170.64122     41.257     3.2242     3.2249     3.2217    33.0139    33.0236  1026.4734    26.2802    227.684    217.123  325.64810     69.917     0.1636     0.6337     0.8126 1.4349e-01       6877          2  0.000e+00
     40.796   64.67154 -170.64122     41.203     3.2243     3.2250     3.2219    33.0138    33.0233  1026.4731    26.2801    227.682    217.283  325.64715     69.917     0.1648     0.6410     0.8139 1.4349e-01       6878          2  0.000e+00
     40.850   64.67154 -170.64122     41.257     3.2241     3.2250     3.2217    33.0135    33.0232  1026.4731    26.2799    227.721    217.297  325.64949     69.928     0.1636     0.6337     0.8126 1.4349e-01       6879          2  0.000e+00
     40.788   64.67154 -170.64122     41.195     3.2242     3.2250     3.2217    33.0136    33.0232  1026.4729    26.2799    227.756    217.285  325.64891     69.939     0.1636     0.6337     0.8126 1.4422e-01       6880          2  0.000e+00
     40.796   64.67154 -170.64120     41.203     3.2243     3.2250     3.2219    33.0133    33.0232  1026.4726    26.2797    227.899    218.764  325.64845     69.983     0.1929     0.8095     0.8139 1.3266e-01       7000          3  0.000e+00
     40.796   64.67154 -170.64120     41.204     3.2243     3.2252     3.2219    33.0134    33.0233  1026.4728    26.2798    227.709    218.763  325.64805     69.925     0.1929     0.8095     0.8126 1.3337e-01       7001          3  0.000e+00
     40.796   64.67154 -170.64120     41.204     3.2245     3.2250     3.2220    33.0133    33.0238  1026.4727    26.2797    227.881    218.759  325.64697     69.978     0.1929     0.8095     0.8126 1.3337e-01       7002          3  0.000e+00
     40.796   64.67154 -170.64120     41.204     3.2243     3.2252     3.2218    33.0138    33.0235  1026.4731    26.2801    227.692    218.751  325.64764     69.920     0.1929     0.8095     0.8139 1.3622e-01       7003          3  0.000e+00
     40.735   64.67154 -170.64120     41.141     3.2245     3.2252     3.2220    33.0139    33.0232  1026.4728    26.2801    227.681    218.739  325.64569     69.917     0.1929     0.8095     0.8139 1.3766e-01       7004          3  0.000e+00
     40.742   64.67154 -170.64120     41.149     3.2245     3.2252     3.2220    33.0135    33.0233  1026.4726    26.2798    227.712    218.724  325.64660     69.926     0.1917     0.8022     0.8126 1.3766e-01       7005          3  0.000e+00
     40.742   64.67154 -170.64120     41.149     3.2242     3.2252     3.2217    33.0139    33.0232  1026.4729    26.2802    227.675    218.706  325.64815     69.914     0.1929     0.8095     0.8126 1.3408e-01       7006          3  0.000e+00
     40.681   64.67154 -170.64120     41.087     3.2243     3.2252     3.2218    33.0137    33.0233  1026.4724    26.2800    227.454    218.681  325.64789     69.847     0.1929     0.8095     0.8126 1.3337e-01       7007          3  0.000e+00
     40.742   64.67154 -170.64120     41.149     3.2243     3.2253     3.2219    33.0137    33.0233  1026.4728    26.2800    227.601    218.656  325.64728     69.892     0.1929     0.8095     0.8139 1.3266e-01       7008          3  0.000e+00
     40.681   64.67154 -170.64120     41.087     3.2243     3.2250     3.2219    33.0136    33.0234  1026.4724    26.2799    227.599    218.650  325.64759     69.891     0.1929     0.8095     0.8139 1.4129e-01       7009          3  0.000e+00
     40.619   64.67154 -170.64120     41.024     3.2243     3.2252     3.2219    33.0134    33.0232  1026.4719    26.2797    227.599    218.638  325.64821     69.891     0.1929     0.8095     0.8139 1.4795e-01       7010          3  0.000e+00
     40.743   64.67154 -170.64120     41.149     3.2242     3.2252     3.2217    33.0138    33.0231  1026.4729    26.2801    227.391    218.630  325.64835     69.827     0.1941     0.8168     0.8151 1.4870e-01       7011          3  0.000e+00
     40.681   64.67154 -170.64120     41.087     3.2243     3.2250     3.2218    33.0139    33.0235  1026.4726    26.2802    227.359    218.613  325.64729     69.818     0.1929     0.8095     0.8177 1.4870e-01       7012          3  0.000e+00
     40.627   64.67154 -170.64120     41.032     3.2243     3.2250     3.2219    33.0136    33.0234  1026.4721    26.2799    227.763    218.594  325.64752     69.942     0.1941     0.8168     0.8177 1.4870e-01       7013          3  0.000e+00
     40.627   64.67154 -170.64120     41.032     3.2243     3.2252     3.2219    33.0138    33.0232  1026.4723    26.2801    227.590    218.766  325.64712     69.889     0.1929     0.8095     0.8177 1.4795e-01       7014          3  0.000e+00
     40.627   64.67154 -170.64120     41.032     3.2243     3.2250     3.2219    33.0136    33.0233  1026.4721    26.2799    227.600    218.765  325.64752     69.892     0.1868     0.7729     0.8177 1.4720e-01       7015          3  0.000e+00
     40.627   64.67154 -170.64120     41.032     3.2245     3.2253     3.2220    33.0134    33.0230  1026.4719    26.2797    227.611    218.758  325.64685     69.895     0.1600     0.6117     0.8177 1.4496e-01       7016          3  0.000e+00
     40.619   64.67154 -170.64120     41.024     3.2243     3.2252     3.2218    33.0139    33.0232  1026.4723    26.2801    227.625    218.556  325.64741     69.899     0.1502     0.5531     0.8177 1.4422e-01       7017          3  0.000e+00
     40.565   64.67154 -170.64120     40.970     3.2245     3.2250     3.2220    33.0138    33.0234  1026.4719    26.2800    227.600    218.714  325.64597     69.892     0.1490     0.5458     0.8177 1.4795e-01       7018          3  0.000e+00
     40.565   64.67154 -170.64120     40.970     3.2243     3.2252     3.2219    33.0135    33.0232  1026.4717    26.2798    227.832    218.721  325.64794     69.963     0.1514     0.5604     0.8177 1.5632e-01       7019          3  0.000e+00
     40.565   64.67154 -170.64120     40.970     3.2243     3.2252     3.2219    33.0136    33.0229  1026.4718    26.2799    227.880    218.726  325.64774     69.978     0.1514     0.5604     0.8177 1.5943e-01       7020          3  0.000e+00
     40.627   64.67154 -170.64120     41.032     3.2246     3.2250     3.2222    33.0135    33.0230  1026.4720    26.2798    227.893    218.731  325.64566     69.982     0.1514     0.5604     0.8177 1.6099e-01       7021          3  0.000e+00
     40.511   64.67154 -170.64120     40.915     3.2242     3.2253     3.2217    33.0137    33.0229  1026.4716    26.2800    227.904    218.724  325.64874     69.985     0.1514     0.5604     0.8177 1.6495e-01       7022          3  0.000e+00
     40.565   64.67154 -170.64120     40.970     3.2243     3.2250     3.2219    33.0136    33.0231  1026.4718    26.2799    227.735    218.724  325.64774     69.933     0.1514     0.5604     0.8177 1.6735e-01       7023          3  0.000e+00
     40.565   64.67154 -170.64120     40.970     3.2243     3.2249     3.2219    33.0138    33.0237  1026.4720    26.2801    227.963    218.717  325.64704     70.003     0.1502     0.5531     0.8177 1.6655e-01       7024          3  0.000e+00
     40.511   64.67154 -170.64120     40.915     3.2243     3.2252     3.2219    33.0139    33.0236  1026.4718    26.2802    228.008    218.705  325.64677     70.017     0.1514     0.5604     0.8177 1.5943e-01       7025          3  0.000e+00
     40.511   64.67154 -170.64120     40.915     3.2243     3.2249     3.2218    33.0140    33.0233  1026.4719    26.2802    227.805    218.718  325.64706     69.954     0.1502     0.5531     0.8177 1.5632e-01       7026          3  0.000e+00
     40.565   64.67154 -170.64120     40.970     3.2243     3.2250     3.2219    33.0137    33.0230  1026.4719    26.2800    228.035    218.729  325.64744     70.025     0.1514     0.5604     0.8177 1.5478e-01       7027          3  0.000e+00
     40.511   64.67154 -170.64120     40.915     3.2243     3.2249     3.2219    33.0139    33.0234  1026.4718    26.2801    227.829    218.905  325.64697     69.962     0.1526     0.5678     0.8177 1.4945e-01       7028          3  0.000e+00
     40.503   64.67154 -170.64120     40.907     3.2243     3.2252     3.2219    33.0140    33.0229  1026.4718    26.2802    228.021    218.736  325.64676     70.021     0.1514     0.5604     0.8177 1.4571e-01       7029          3  0.000e+00
     40.511   64.67154 -170.64120     40.915     3.2241     3.2250     3.2217    33.0139    33.0232  1026.4718    26.2802    228.033    218.716  325.64854     70.024     0.1526     0.5678     0.8177 1.4571e-01       7030          3  0.000e+00
     40.511   64.67154 -170.64120     40.915     3.2243     3.2250     3.2219    33.0141    33.0231  1026.4719    26.2803    227.860    218.692  325.64647     69.972     0.1514     0.5604     0.8164 1.4795e-01       7031          3  0.000e+00
     40.511   64.67154 -170.64120     40.915     3.2243     3.2250     3.2219    33.0140    33.0230  1026.4719    26.2802    228.087    218.665  325.64667     70.041     0.1514     0.5604     0.8151 1.4870e-01       7032          3  0.000e+00
