EcoFOCI/data/1_SampleCollection/2023_SikuliaqDBO_CruiseData/CTD_raw_BottleFile_SKQ23-12S/proc/skq202312s_083.cnv
* Sea-Bird SBE 9 Data File:
* FileName = D:\CTD\SKQ202312S\SKQ202312S_083.hex
* Software Version Seasave V 7.26.7.121
* Temperature SN = 6177
* Conductivity SN = 0369
* Number of Bytes Per Scan = 41
* Number of Voltage Words = 4
* Number of Scans Averaged by the Deck Unit = 1
* NMEA Latitude = 65 38.84 N
* NMEA Longitude = 168 16.47 W
* NMEA UTC (Time) = Oct 03 2023  11:08:11
* NMEA baud rate = 4800
** Ship: R/V Sikuliaq
** Station Number: 083
** Station Name: BS2
** Bottom Depth: 45
** Operator: SD
# nquan = 24
# nvalues = 2989                                  
# units = specified
# name 0 = depSM: Depth [salt water, m]
# name 1 = latitude: Latitude [deg]
# name 2 = longitude: Longitude [deg]
# name 3 = prDM: Pressure, Digiquartz [db]
# name 4 = t090C: Temperature [ITS-90, deg C]
# name 5 = t190C: Temperature, 2 [ITS-90, deg C]
# name 6 = potemp090C: Potential Temperature [ITS-90, deg C]
# name 7 = sal00: Salinity, Practical [PSU]
# name 8 = sal11: Salinity, Practical, 2 [PSU]
# name 9 = density00: Density [density, kg/m^3]
# name 10 = sigma-é00: Density [sigma-theta, kg/m^3]
# name 11 = sbox0Mm/Kg: Oxygen, SBE 43 [umol/kg]
# name 12 = sbox1Mm/Kg: Oxygen, SBE 43, 2 [umol/kg]
# name 13 = oxsolMm/Kg: Oxygen Saturation, Garcia & Gordon [umol/kg]
# name 14 = sbeox0PS: Oxygen, SBE 43 [% saturation]
# name 15 = sbeox1PS: Oxygen, SBE 43, 2 [% saturation]
# name 16 = v0: Voltage 0
# name 17 = flECO-AFL: Fluorescence, WET Labs ECO-AFL/FL [mg/m^3]
# name 18 = v1: Voltage 1
# name 19 = CStarAt0: Beam Attenuation, WET Labs C-Star [1/m]
# name 20 = par: PAR/Irradiance, Biospherical/Licor
# name 21 = scan: Scan Count
# name 22 = timeM: Time, Elapsed [minutes]
# name 23 = flag:  0.000e+00
# span 0 =      2.442,     40.356                 
# span 1 =   65.64734,   65.64734                 
# span 2 = -168.27482, -168.27476                 
# span 3 =      2.467,     40.762                 
# span 4 =     2.9949,     6.6692                 
# span 5 =     2.9957,     6.6720                 
# span 6 =     2.9926,     6.6681                 
# span 7 =    28.0364,    32.7355                 
# span 8 =    28.0468,    32.7538                 
# span 9 =  1022.0885,  1026.2646                 
# span 10 =    22.0762,    26.0770                
# span 11 =    256.316,    292.022                
# span 12 =    244.267,    277.453                
# span 13 =  303.23674,  328.20107                
# span 14 =     78.964,     91.936                
# span 15 =     75.199,     87.409                
# span 16 =     0.1062,     0.2979                
# span 17 =     0.2894,     1.4395                
# span 18 =     3.1636,     4.0476                
# span 19 =     0.6083,     1.5943                
# span 20 = 1.0000e-12, 4.2732e-01                
# span 21 =          1,       2989                
# span 22 =     0.0000,     2.0750                
# span 23 = 0.0000e+00, 0.0000e+00                
# interval = seconds: 0.0416667
# start_time = Oct 03 2023 11:11:32 [NMEA time, first data scan]
# bad_flag = -9.990e-29
*END*
[from data line 1268]
     19.450   65.64734 -168.27482     19.644     6.2366     6.2126     6.2351    31.6336    31.6697  1024.9557    24.8649    261.241    247.931  306.15729     85.329     80.958     0.1111     0.3187     3.9487     0.7073 8.4714e-06       1269     0.8806  0.000e+00
     19.504   65.64734 -168.27482     19.699     6.2282     6.2026     6.2266    31.6309    31.6714  1024.9548    24.8638    261.317    248.008  306.22363     85.335     80.965     0.1123     0.3260     3.9487     0.7073 1.0000e-12       1270     0.8812  0.000e+00
     19.450   65.64734 -168.27482     19.644     6.2182     6.1910     6.2166    31.6327    31.6733  1024.9573    24.8665    261.390    248.107  306.29088     85.340     80.977     0.1111     0.3187     3.9487     0.7073 1.0000e-12       1271     0.8819  0.000e+00
     19.527   65.64734 -168.27482     19.722     6.2082     6.1816     6.2066    31.6374    31.6733  1024.9626    24.8715    261.403    248.181  306.35137     85.328     80.983     0.1123     0.3260     3.9487     0.7073 8.4714e-06       1272     0.8826  0.000e+00
     19.566   65.64734 -168.27482     19.761     6.1992     6.1735     6.1976    31.6376    31.6735  1024.9639    24.8727    261.442    248.244  306.41538     85.323     80.989     0.1111     0.3187     3.9487     0.7073 8.4714e-06       1273     0.8833  0.000e+00
     19.566   65.64734 -168.27482     19.761     6.1903     6.1647     6.1887    31.6392    31.6738  1024.9663    24.8751    261.699    248.309  306.47484     85.390     80.993     0.1123     0.3260     3.9487     0.7073 8.4714e-06       1274     0.8840  0.000e+00
     19.589   65.64734 -168.27482     19.785     6.1828     6.1566     6.1812    31.6384    31.6744  1024.9667    24.8753    261.585    248.367  306.53052     85.337     80.997     0.1111     0.3187     3.9487     0.7073 1.0000e-12       1275     0.8847  0.000e+00
     19.566   65.64734 -168.27482     19.761     6.1744     6.1515     6.1728    31.6385    31.6739  1024.9677    24.8765    261.642    248.406  306.59061     85.339     81.000     0.1123     0.3260     3.9487     0.7073 1.0000e-12       1276     0.8854  0.000e+00
     19.620   65.64734 -168.27482     19.816     6.1655     6.1437     6.1639    31.6422    31.6738  1024.9720    24.8805    261.696    248.462  306.64557     85.341     81.004     0.1123     0.3260     3.9487     0.7073 8.4714e-06       1277     0.8861  0.000e+00
     19.643   65.64734 -168.27482     19.839     6.1581     6.1338     6.1565    31.6415    31.6738  1024.9724    24.8808    261.746    248.510  306.69995     85.343     81.000     0.1111     0.3187     3.9487     0.7073 1.0000e-12       1278     0.8868  0.000e+00
     19.681   65.64734 -168.27482     19.878     6.1493     6.1249     6.1478    31.6383    31.6729  1024.9712    24.8793    261.781    248.570  306.76988     85.335     81.003     0.1123     0.3260     3.9487     0.7073 1.0000e-12       1279     0.8875  0.000e+00
     19.681   65.64734 -168.27482     19.878     6.1393     6.1146     6.1377    31.6365    31.6735  1024.9710    24.8791    261.847    248.615  306.84571     85.335     80.998     0.1111     0.3187     3.9487     0.7073 8.4714e-06       1280     0.8882  0.000e+00
     19.735   65.64734 -168.27482     19.933     6.1290     6.1013     6.1274    31.6338    31.6760  1024.9703    24.8782    261.917    248.675  306.92559     85.336     80.994     0.1123     0.3260     3.9487     0.7073 1.0000e-12       1281     0.8889  0.000e+00
     19.705   65.64734 -168.27482     19.902     6.1183     6.0883     6.1167    31.6343    31.6774  1024.9719    24.8799    261.981    248.730  307.00154     85.335     80.988     0.1111     0.3187     3.9548     0.7011 1.0000e-12       1282     0.8896  0.000e+00
     19.735   65.64734 -168.27482     19.933     6.1071     6.0763     6.1055    31.6374    31.6788  1024.9758    24.8837    262.043    248.797  307.07476     85.335     80.989     0.1123     0.3260     3.9609     0.6949 1.0000e-12       1283     0.8903  0.000e+00
     19.789   65.64734 -168.27482     19.987     6.0970     6.0664     6.0954    31.6380    31.6789  1024.9778    24.8854    261.876    248.854  307.14574     85.261     80.988     0.1123     0.3260     3.9621     0.6937 1.0000e-12       1284     0.8910  0.000e+00
     19.813   65.64734 -168.27482     20.011     6.0864     6.0547     6.0848    31.6400    31.6811  1024.9807    24.8883    262.102    249.092  307.21689     85.315     81.045     0.1111     0.3187     3.9621     0.6937 8.4714e-06       1285     0.8917  0.000e+00
     19.789   65.64734 -168.27482     19.987     6.0757     6.0434     6.0741    31.6398    31.6828  1024.9818    24.8894    262.163    248.988  307.29456     85.313     80.991     0.1123     0.3260     3.9609     0.6949 8.4714e-06       1286     0.8924  0.000e+00
     19.851   65.64734 -168.27482     20.049     6.0654     6.0331     6.0638    31.6409    31.6847  1024.9842    24.8915    262.219    249.038  307.36558     85.312     80.988     0.1111     0.3187     3.9621     0.6937 1.0000e-12       1287     0.8931  0.000e+00
     19.874   65.64734 -168.27482     20.073     6.0551     6.0237     6.0535    31.6441    31.6858  1024.9881    24.8953    262.268    249.080  307.43184     85.309     80.985     0.1123     0.3260     3.9621     0.6937 1.0000e-12       1288     0.8938  0.000e+00
     19.851   65.64734 -168.27482     20.049     6.0449     6.0168     6.0433    31.6461    31.6860  1024.9908    24.8981    262.317    249.087  307.50067     85.306     80.974     0.1111     0.3187     3.9621     0.6937 8.4714e-06       1289     0.8944  0.000e+00
     19.905   65.64734 -168.27482     20.104     6.0347     6.0099     6.0331    31.6501    31.6877  1024.9954    24.9025    262.364    248.932  307.56523     85.304     80.912     0.1123     0.3260     3.9621     0.6937 8.4714e-06       1290     0.8951  0.000e+00
     19.928   65.64734 -168.27482     20.127     6.0262     6.0032     6.0246    31.6535    31.6893  1024.9992    24.9062    262.200    249.112  307.61840     85.236     80.959     0.1111     0.3187     3.9621     0.6937 1.0000e-12       1291     0.8958  0.000e+00
     19.967   65.64734 -168.27482     20.166     6.0184     5.9981     6.0168    31.6570    31.6900  1025.0031    24.9099    262.202    249.122  307.66687     85.223     80.953     0.1123     0.3260     3.9621     0.6937 1.0000e-12       1292     0.8965  0.000e+00
     19.967   65.64734 -168.27482     20.166     6.0121     5.9943     6.0105    31.6599    31.6899  1025.0061    24.9129    262.389    248.964  307.70523     85.273     80.894     0.1123     0.3260     3.9621     0.6937 1.0000e-12       1293     0.8972  0.000e+00
     19.990   65.64734 -168.27482     20.190     6.0069     5.9898     6.0053    31.6607    31.6904  1025.0076    24.9142    262.207    248.951  307.74104     85.204     80.882     0.1111     0.3187     3.9621     0.6937 1.0000e-12       1294     0.8979  0.000e+00
     20.021   65.64734 -168.27482     20.221     6.0017     5.9856     6.0001    31.6617    31.6907  1025.0091    24.9156    262.194    248.955  307.77592     85.190     80.875     0.1123     0.3260     3.9621     0.6937 1.0000e-12       1295     0.8986  0.000e+00
     20.021   65.64734 -168.27482     20.221     5.9968     5.9816     5.9952    31.6619    31.6904  1025.0099    24.9164    262.179    249.116  307.81105     85.175     80.920     0.1111     0.3187     3.9621     0.6937 1.0000e-12       1296     0.8993  0.000e+00
     20.082   65.64734 -168.27482     20.283     5.9918     5.9776     5.9902    31.6629    31.6902  1025.0115    24.9177    262.165    248.940  307.84460     85.162     80.855     0.1123     0.3260     3.9621     0.6937 8.4714e-06       1297     0.9000  0.000e+00
     20.098   65.64734 -168.27482     20.299     5.9869     5.9735     5.9852    31.6648    31.6907  1025.0137    24.9199    262.148    248.940  307.87578     85.147     80.848     0.1136     0.3333     3.9621     0.6937 8.4714e-06       1298     0.9007  0.000e+00
     20.082   65.64734 -168.27482     20.283     5.9823     5.9705     5.9807    31.6674    31.6918  1025.0162    24.9224    262.154    248.912  307.90269     85.142     80.833     0.1160     0.3480     3.9621     0.6937 8.4714e-06       1299     0.9014  0.000e+00
     20.136   65.64734 -168.27482     20.338     5.9779     5.9692     5.9763    31.6703    31.6919  1025.0193    24.9252    262.134    248.895  307.92770     85.128     80.825     0.1148     0.3406     3.9621     0.6937 1.0000e-12       1300     0.9021  0.000e+00
     20.160   65.64734 -168.27482     20.361     5.9739     5.9675     5.9723    31.6727    31.6923  1025.0218    24.9276    262.081    248.701  307.95086     85.105     80.759     0.1160     0.3480     3.9609     0.6949 1.0000e-12       1301     0.9028  0.000e+00
     20.190   65.64734 -168.27482     20.392     5.9706     5.9654     5.9690    31.6746    31.6924  1025.0238    24.9295    262.082    248.671  307.97076     85.100     80.746     0.1160     0.3480     3.9646     0.6912 8.4714e-06       1302     0.9035  0.000e+00
     20.190   65.64734 -168.27482     20.392     5.9684     5.9628     5.9668    31.6769    31.6937  1025.0259    24.9316    262.075    248.641  307.98146     85.094     80.732     0.1148     0.3406     3.9683     0.6875 1.0000e-12       1303     0.9042  0.000e+00
     20.214   65.64734 -168.27482     20.416     5.9669     5.9613     5.9653    31.6786    31.6946  1025.0275    24.9331    262.462    248.786  307.98831     85.218     80.777     0.1160     0.3480     3.9695     0.6863 8.4714e-06       1304     0.9049  0.000e+00
     20.252   65.64734 -168.27482     20.455     5.9660     5.9608     5.9643    31.6790    31.6950  1025.0281    24.9336    262.112    248.606  307.99388     85.103     80.718     0.1148     0.3406     3.9695     0.6863 1.0000e-12       1305     0.9056  0.000e+00
     20.252   65.64734 -168.27482     20.455     5.9650     5.9614     5.9634    31.6790    31.6944  1025.0283    24.9337    262.102    248.581  308.00088     85.098     80.710     0.1160     0.3480     3.9695     0.6863 1.0000e-12       1306     0.9063  0.000e+00
     20.329   65.64734 -168.27482     20.532     5.9642     5.9622     5.9626    31.6796    31.6936  1025.0292    24.9343    262.094    248.540  308.00537     85.094     80.698     0.1148     0.3406     3.9695     0.6863 1.0000e-12       1307     0.9069  0.000e+00
     20.306   65.64734 -168.27482     20.509     5.9640     5.9627     5.9624    31.6799    31.6934  1025.0293    24.9345    262.109    248.498  308.00620     85.099     80.685     0.1148     0.3406     3.9695     0.6863 1.0000e-12       1308     0.9076  0.000e+00
     20.368   65.64734 -168.27482     20.571     5.9636     5.9630     5.9619    31.6799    31.6927  1025.0296    24.9345    262.102    248.461  308.00921     85.096     80.673     0.1148     0.3406     3.9695     0.6863 8.4714e-06       1309     0.9083  0.000e+00
     20.329   65.64734 -168.27482     20.532     5.9631     5.9630     5.9614    31.6800    31.6927  1025.0296    24.9347    262.094    248.441  308.01262     85.092     80.667     0.1148     0.3406     3.9695     0.6863 1.0000e-12       1310     0.9090  0.000e+00
     20.422   65.64734 -168.27482     20.626     5.9629     5.9624     5.9613    31.6800    31.6934  1025.0301    24.9347    261.693    248.430  308.01368     84.962     80.663     0.1160     0.3480     3.9695     0.6863 8.4714e-06       1311     0.9097  0.000e+00
     20.368   65.64734 -168.27482     20.571     5.9623     5.9619     5.9607    31.6810    31.6941  1025.0307    24.9356    262.026    248.415  308.01543     85.069     80.657     0.1148     0.3406     3.9695     0.6863 1.0000e-12       1312     0.9104  0.000e+00
     20.499   65.64734 -168.27482     20.704     5.9616     5.9616     5.9600    31.6816    31.6947  1025.0318    24.9361    262.030    248.407  308.01937     85.069     80.654     0.1172     0.3553     3.9695     0.6863 1.0000e-12       1313     0.9111  0.000e+00
     20.422   65.64734 -168.27482     20.626     5.9612     5.9608     5.9595    31.6821    31.6948  1025.0320    24.9366    262.055    248.397  308.02136     85.077     80.650     0.1148     0.3406     3.9695     0.6863 1.0000e-12       1314     0.9118  0.000e+00
     20.483   65.64734 -168.27482     20.688     5.9607     5.9578     5.9591    31.6816    31.6957  1025.0319    24.9362    262.060    248.406  308.02592     85.077     80.647     0.1160     0.3480     3.9695     0.6863 1.0000e-12       1315     0.9125  0.000e+00
     20.499   65.64734 -168.27482     20.704     5.9599     5.9538     5.9583    31.6795    31.6964  1025.0304    24.9346    262.070    248.421  308.03632     85.078     80.645     0.1148     0.3406     3.9695     0.6863 8.4714e-06       1316     0.9132  0.000e+00
     20.537   65.64734 -168.27482     20.743     5.9578     5.9489     5.9562    31.6777    31.6971  1025.0294    24.9335    262.091    248.444  308.05592     85.079     80.644     0.1160     0.3480     3.9695     0.6863 1.0000e-12       1317     0.9139  0.000e+00
     20.591   65.64734 -168.27482     20.797     5.9548     5.9450     5.9531    31.6775    31.6978  1025.0299    24.9337    261.918    248.464  308.07803     85.017     80.643     0.1172     0.3553     3.9695     0.6863 1.0000e-12       1318     0.9146  0.000e+00
     20.561   65.64734 -168.27482     20.766     5.9514     5.9413     5.9498    31.6783    31.6994  1025.0307    24.9347    262.113    248.478  308.10056     85.074     80.642     0.1148     0.3406     3.9695     0.6863 8.4714e-06       1319     0.9153  0.000e+00
     20.591   65.64734 -168.27482     20.797     5.9480     5.9391     5.9464    31.6788    31.7001  1025.0317    24.9355    262.142    248.311  308.12377     85.077     80.584     0.1172     0.3553     3.9695     0.6863 1.0000e-12       1320     0.9160  0.000e+00
     20.653   65.64734 -168.27482     20.860     5.9443     5.9373     5.9426    31.6804    31.7007  1025.0337    24.9372    262.371    248.482  308.14728     85.145     80.637     0.1148     0.3406     3.9695     0.6863 1.0000e-12       1321     0.9167  0.000e+00
     20.615   65.64734 -168.27482     20.821     5.9407     5.9347     5.9391    31.6814    31.7007  1025.0347    24.9384    262.428    248.499  308.17051     85.157     80.637     0.1160     0.3480     3.9621     0.6937 1.0000e-12       1322     0.9174  0.000e+00
     20.653   65.64734 -168.27482     20.860     5.9366     5.9297     5.9350    31.6820    31.7025  1025.0359    24.9394    262.520    248.530  308.19859     85.179     80.639     0.1160     0.3480     3.9402     0.7160 1.0000e-12       1323     0.9181  0.000e+00
     20.707   65.64734 -168.27482     20.914     5.9326     5.9238     5.9310    31.6831    31.7051  1025.0375    24.9407    262.584    248.568  308.22522     85.192     80.642     0.1184     0.3626     3.9316     0.7247 1.0000e-12       1324     0.9187  0.000e+00
     20.676   65.64734 -168.27482     20.883     5.9289     5.9205     5.9273    31.6846    31.7059  1025.0389    24.9424    262.642    248.592  308.24838     85.205     80.644     0.1172     0.3553     3.9316     0.7247 1.0000e-12       1325     0.9194  0.000e+00
     20.769   65.64734 -168.27482     20.976     5.9251     5.9171     5.9234    31.6857    31.7067  1025.0407    24.9437    262.904    248.622  308.27350     85.283     80.647     0.1172     0.3553     3.9316     0.7247 8.4714e-06       1326     0.9201  0.000e+00
     20.769   65.64734 -168.27482     20.976     5.9216     5.9129     5.9199    31.6864    31.7075  1025.0417    24.9447    262.990    248.656  308.29723     85.304     80.651     0.1197     0.3699     3.9328     0.7234 8.4714e-06       1327     0.9208  0.000e+00
     20.792   65.64734 -168.27482     21.000     5.9179     5.9076     5.9163    31.6867    31.7091  1025.0425    24.9453    263.078    248.698  308.32290     85.326     80.655     0.1172     0.3553     3.9328     0.7234 1.0000e-12       1328     0.9215  0.000e+00
