EcoFOCI/data/1_SampleCollection/2023_SikuliaqDBO_CruiseData/CTD_raw_BottleFile_SKQ23-12S/proc/skq202312s_003.ros
* Sea-Bird SBE 9 Data File:
* FileName = D:\CTD\SKQ202312S\SKQ202312S_003.hex
* Software Version Seasave V 7.26.7.121
* Temperature SN = 6177
* Conductivity SN = 0369
* Number of Bytes Per Scan = 41
* Number of Voltage Words = 4
* Number of Scans Averaged by the Deck Unit = 1
* NMEA Latitude = 62 03.01 N
* NMEA Longitude = 175 12.54 W
* NMEA UTC (Time) = Sep 15 2023  07:57:54
* NMEA baud rate = 4800
** Ship: R/V Sikuliaq
** Station Number: 003
** Station Name: DBO1.2
** Bottom Depth: 78
** Operator: SD
# nquan = 22
# nvalues = 1029                                  
# units = specified
# name 0 = depSM: Depth [salt water, m]
# name 1 = latitude: Latitude [deg]
# name 2 = longitude: Longitude [deg]
# name 3 = prDM: Pressure, Digiquartz [db]
# name 4 = t090C: Temperature [ITS-90, deg C]
# name 5 = t190C: Temperature, 2 [ITS-90, deg C]
# name 6 = potemp090C: Potential Temperature [ITS-90, deg C]
# name 7 = sal00: Salinity, Practical [PSU]
# name 8 = sal11: Salinity, Practical, 2 [PSU]
# name 9 = density00: Density [density, kg/m^3]
# name 10 = sigma-é00: Density [sigma-theta, kg/m^3]
# name 11 = sbox0Mm/Kg: Oxygen, SBE 43 [umol/kg]
# name 12 = sbox1Mm/Kg: Oxygen, SBE 43, 2 [umol/kg]
# name 13 = oxsolMm/Kg: Oxygen Saturation, Garcia & Gordon [umol/kg]
# name 14 = sbeox0PS: Oxygen, SBE 43 [% saturation]
# name 15 = v0: Voltage 0
# name 16 = flECO-AFL: Fluorescence, WET Labs ECO-AFL/FL [mg/m^3]
# name 17 = CStarAt0: Beam Attenuation, WET Labs C-Star [1/m]
# name 18 = par: PAR/Irradiance, Biospherical/Licor
# name 19 = scan: Scan Count
# name 20 = nbf: Bottles Fired
# name 21 = flag:  0.000e+00
# interval = seconds: 0.0416667
# start_time = Sep 15 2023 08:02:23 [NMEA time, first data scan]
# bad_flag = -9.990e-29
*END*
[from data line 988]
      1.105   62.04998 -175.20984      1.116     7.3319     7.3341     7.3318    30.6520    30.6738  1023.9574    23.9522    293.018    276.527  300.68155     97.451     0.1746     0.6996     0.5711 5.8648e-01      35256         21  0.000e+00
      1.105   62.04998 -175.20984      1.116     7.3321     7.3340     7.3320    30.6521    30.6741  1023.9574    23.9523    292.986    276.546  300.68025     97.441     0.1758     0.7069     0.5711 5.4981e-01      35257         21  0.000e+00
      1.105   62.04998 -175.20984      1.116     7.3321     7.3343     7.3320    30.6518    30.6736  1023.9572    23.9520    293.172    276.548  300.68098     97.503     0.1746     0.6996     0.5711 5.4606e-01      35258         21  0.000e+00
      1.066   62.04998 -175.20984      1.077     7.3322     7.3342     7.3321    30.6516    30.6737  1023.9568    23.9518    293.382    276.566  300.68044     97.573     0.1758     0.7069     0.5699 5.3494e-01      35259         21  0.000e+00
      1.105   62.04998 -175.20984      1.116     7.3321     7.3339     7.3320    30.6517    30.6740  1023.9571    23.9520    293.240    276.759  300.68122     97.525     0.1746     0.6996     0.5699 5.2945e-01      35260         21  0.000e+00
      1.105   62.04998 -175.20984      1.116     7.3321     7.3342     7.3320    30.6519    30.6738  1023.9572    23.9521    293.043    276.792  300.68081     97.460     0.1758     0.7069     0.5699 5.2763e-01      35261         21  0.000e+00
      1.159   62.04998 -175.20984      1.170     7.3321     7.3341     7.3320    30.6517    30.6738  1023.9573    23.9520    293.013    276.811  300.68119     97.450     0.1746     0.6996     0.5699 4.7370e-01      35262         21  0.000e+00
      1.105   62.04998 -175.20984      1.116     7.3321     7.3342     7.3320    30.6521    30.6740  1023.9574    23.9522    293.169    276.823  300.68041     97.502     0.1758     0.7069     0.5711 4.3974e-01      35263         21  0.000e+00
      1.159   62.04998 -175.20984      1.170     7.3322     7.3343     7.3321    30.6518    30.6740  1023.9574    23.9520    292.456    276.856  300.67989     97.265     0.1734     0.6923     0.5711 4.3661e-01      35264         21  0.000e+00
      1.105   62.04998 -175.20984      1.116     7.3324     7.3342     7.3323    30.6519    30.6741  1023.9572    23.9521    292.972    276.885  300.67877     97.437     0.1746     0.6996     0.5711 4.6707e-01      35265         21  0.000e+00
      1.159   62.04998 -175.20984      1.170     7.3321     7.3344     7.3320    30.6518    30.6738  1023.9574    23.9520    293.167    276.915  300.68103     97.501     0.1746     0.6996     0.5711 4.9574e-01      35266         21  0.000e+00
      1.159   62.04998 -175.20984      1.170     7.3324     7.3344     7.3323    30.6516    30.6739  1023.9572    23.9518    293.355    276.755  300.67939     97.564     0.1758     0.7069     0.5699 5.0269e-01      35267         21  0.000e+00
      1.105   62.04998 -175.20984      1.116     7.3322     7.3344     7.3321    30.6518    30.6736  1023.9572    23.9520    293.187    276.766  300.67991     97.508     0.1758     0.7069     0.5699 5.1861e-01      35268         21  0.000e+00
      1.213   62.04998 -175.20984      1.225     7.3324     7.3344     7.3323    30.6516    30.6740  1023.9575    23.9519    292.997    276.763  300.67928     97.445     0.1746     0.6996     0.5711 5.3863e-01      35269         21  0.000e+00
      1.159   62.04998 -175.20984      1.171     7.3324     7.3344     7.3323    30.6518    30.6740  1023.9574    23.9520    293.019    276.755  300.67883     97.453     0.1758     0.7069     0.5699 5.4420e-01      35270         21  0.000e+00
      1.159   62.04998 -175.20984      1.171     7.3326     7.3344     7.3325    30.6515    30.6738  1023.9571    23.9518    293.045    276.920  300.67816     97.461     0.1746     0.6996     0.5711 6.1893e-01      35271         21  0.000e+00
      1.213   62.04998 -175.20984      1.225     7.3324     7.3342     7.3323    30.6520    30.6740  1023.9578    23.9521    293.023    276.760  300.67815     97.454     0.1758     0.7069     0.5711 7.8695e-01      35272         21  0.000e+00
      1.213   62.04998 -175.20984      1.225     7.3326     7.3344     7.3325    30.6518    30.6739  1023.9576    23.9520    292.998    276.939  300.67757     97.446     0.1746     0.6996     0.5711 8.4473e-01      35273         21  0.000e+00
      1.213   62.04998 -175.20984      1.225     7.3326     7.3342     7.3325    30.6517    30.6743  1023.9575    23.9519    292.973    276.964  300.67773     97.438     0.1758     0.7069     0.5711 7.6432e-01      35274         21  0.000e+00
      1.213   62.04998 -175.20984      1.225     7.3324     7.3344     7.3323    30.6521    30.6739  1023.9579    23.9522    292.570    276.797  300.67823     97.303     0.1746     0.6996     0.5711 5.8451e-01      35275         21  0.000e+00
      1.213   62.04998 -175.20984      1.225     7.3326     7.3345     7.3325    30.6518    30.6737  1023.9576    23.9520    292.875    276.975  300.67757     97.405     0.1770     0.7143     0.5711 5.3311e-01      35276         21  0.000e+00
      1.237   62.04998 -175.20984      1.249     7.3324     7.3344     7.3323    30.6517    30.6738  1023.9576    23.9519    293.289    276.981  300.67922     97.542     0.1770     0.7143     0.5711 5.6309e-01      35277         21  0.000e+00
      1.275   62.04998 -175.20984      1.288     7.3326     7.3344     7.3325    30.6518    30.6741  1023.9579    23.9520    293.370    276.986  300.67747     97.570     0.1783     0.7216     0.5711 7.3984e-01      35278         21  0.000e+00
      1.213   62.04998 -175.20984      1.225     7.3326     7.3346     7.3325    30.6516    30.6740  1023.9574    23.9518    293.071    276.813  300.67806     97.470     0.1770     0.7143     0.5711 8.2595e-01      35279         21  0.000e+00
      1.275   62.04998 -175.20984      1.288     7.3326     7.3345     7.3325    30.6516    30.6740  1023.9577    23.9518    293.053    276.800  300.67796     97.464     0.1770     0.7143     0.5711 7.9977e-01      35280         21  0.000e+00
      1.275   62.04998 -175.20984      1.288     7.3326     7.3346     7.3325    30.6517    30.6740  1023.9578    23.9519    293.032    276.784  300.67779     97.457     0.1770     0.7143     0.5711 5.5547e-01      35281         21  0.000e+00
      1.329   62.04998 -175.20984      1.342     7.3324     7.3344     7.3323    30.6518    30.6736  1023.9582    23.9520    293.015    276.599  300.67883     97.451     0.1770     0.7143     0.5711 4.5890e-01      35282         21  0.000e+00
      1.275   62.04998 -175.20984      1.288     7.3326     7.3343     7.3325    30.6517    30.6738  1023.9578    23.9519    292.992    276.736  300.67779     97.444     0.1783     0.7216     0.5711 4.5566e-01      35283         21  0.000e+00
      1.329   62.04998 -175.20984      1.342     7.3324     7.3342     7.3323    30.6518    30.6740  1023.9582    23.9520    293.028    276.721  300.67859     97.455     0.1770     0.7143     0.5699 6.7709e-01      35284         21  0.000e+00
      1.329   62.04998 -175.20984      1.342     7.3326     7.3343     7.3325    30.6521    30.6736  1023.9584    23.9522    293.035    276.531  300.67696     97.458     0.1770     0.7143     0.5699 8.6111e-01      35285         21  0.000e+00
      1.329   62.04998 -175.20984      1.342     7.3326     7.3342     7.3325    30.6514    30.6736  1023.9578    23.9517    293.209    276.497  300.67841     97.516     0.1770     0.7143     0.5699 8.8622e-01      35286         21  0.000e+00
      1.329   62.04998 -175.20984      1.342     7.3326     7.3343     7.3325    30.6517    30.6738  1023.9581    23.9519    293.406    276.462  300.67769     97.581     0.1783     0.7216     0.5699 9.5033e-01      35287         21  0.000e+00
      1.391   62.04998 -175.20984      1.405     7.3326     7.3340     7.3325    30.6519    30.6738  1023.9585    23.9520    293.059    276.603  300.67734     97.466     0.1770     0.7143     0.5699 1.0153e+00      35288         21  0.000e+00
      1.391   62.04998 -175.20984      1.405     7.3326     7.3343     7.3325    30.6519    30.6738  1023.9585    23.9520    293.118    276.583  300.67734     97.486     0.1770     0.7143     0.5699 1.0282e+00      35289         21  0.000e+00
      1.391   62.04998 -175.20984      1.405     7.3324     7.3344     7.3323    30.6518    30.6736  1023.9585    23.9520    293.129    276.391  300.67849     97.489     0.1770     0.7143     0.5699 6.9748e-01      35290         21  0.000e+00
      1.391   62.04998 -175.20984      1.405     7.3327     7.3343     7.3326    30.6515    30.6740  1023.9582    23.9517    293.112    276.527  300.67717     97.484     0.1783     0.7216     0.5699 4.4131e-01      35291         21  0.000e+00
      1.445   62.04998 -175.20984      1.459     7.3326     7.3345     7.3325    30.6518    30.6739  1023.9587    23.9520    293.288    276.335  300.67756     97.542     0.1770     0.7143     0.5699 3.9602e-01      35292         21  0.000e+00
      1.391   62.04998 -175.20984      1.405     7.3326     7.3347     7.3325    30.6517    30.6736  1023.9583    23.9519    293.105    276.468  300.67783     97.481     0.1770     0.7143     0.5699 4.2579e-01      35293         21  0.000e+00
      1.445   62.04998 -175.20984      1.459     7.3326     7.3344     7.3325    30.6516    30.6740  1023.9585    23.9518    293.117    276.451  300.67796     97.485     0.1770     0.7143     0.5699 4.6707e-01      35294         21  0.000e+00
      1.445   62.04998 -175.20984      1.459     7.3326     7.3344     7.3325    30.6518    30.6738  1023.9587    23.9520    293.344    276.275  300.67756     97.561     0.1770     0.7143     0.5699 4.7704e-01      35295         21  0.000e+00
      1.445   62.04998 -175.20984      1.459     7.3326     7.3344     7.3325    30.6519    30.6742  1023.9587    23.9520    293.544    276.426  300.67740     97.628     0.1783     0.7216     0.5699 5.2945e-01      35296         21  0.000e+00
