EcoFOCI/data/1_SampleCollection/2023_SikuliaqDBO_CruiseData/CTD_raw_BottleFile_SKQ23-12S/proc/skq202312s_025.ros
* Sea-Bird SBE 9 Data File:
* FileName = D:\CTD\SKQ202312S\SKQ202312S_025.hex
* Software Version Seasave V 7.26.7.121
* Temperature SN = 6177
* Conductivity SN = 0369
* Number of Bytes Per Scan = 41
* Number of Voltage Words = 4
* Number of Scans Averaged by the Deck Unit = 1
* NMEA Latitude = 71 14.81 N
* NMEA Longitude = 157 09.84 W
* NMEA UTC (Time) = Sep 20 2023  21:07:47
* NMEA baud rate = 4800
** Ship: R/V Sikuliaq
** Station Number: 025
** Station Name: DBO5.1
** Bottom Depth: 46
** Operator: SD
# nquan = 22
# nvalues = 882                                   
# units = specified
# name 0 = depSM: Depth [salt water, m]
# name 1 = latitude: Latitude [deg]
# name 2 = longitude: Longitude [deg]
# name 3 = prDM: Pressure, Digiquartz [db]
# name 4 = t090C: Temperature [ITS-90, deg C]
# name 5 = t190C: Temperature, 2 [ITS-90, deg C]
# name 6 = potemp090C: Potential Temperature [ITS-90, deg C]
# name 7 = sal00: Salinity, Practical [PSU]
# name 8 = sal11: Salinity, Practical, 2 [PSU]
# name 9 = density00: Density [density, kg/m^3]
# name 10 = sigma-é00: Density [sigma-theta, kg/m^3]
# name 11 = sbox0Mm/Kg: Oxygen, SBE 43 [umol/kg]
# name 12 = sbox1Mm/Kg: Oxygen, SBE 43, 2 [umol/kg]
# name 13 = oxsolMm/Kg: Oxygen Saturation, Garcia & Gordon [umol/kg]
# name 14 = sbeox0PS: Oxygen, SBE 43 [% saturation]
# name 15 = v0: Voltage 0
# name 16 = flECO-AFL: Fluorescence, WET Labs ECO-AFL/FL [mg/m^3]
# name 17 = CStarAt0: Beam Attenuation, WET Labs C-Star [1/m]
# name 18 = par: PAR/Irradiance, Biospherical/Licor
# name 19 = scan: Scan Count
# name 20 = nbf: Bottles Fired
# name 21 = flag:  0.000e+00
# interval = seconds: 0.0416667
# start_time = Sep 20 2023 21:11:24 [NMEA time, first data scan]
# bad_flag = -9.990e-29
*END*
[from data line 330]
     30.144   71.24684 -157.16440     30.457     3.7957     3.7998     3.7939    31.1906    31.2260  1024.9189    24.7763    310.342    296.483  325.57862     95.320     0.0940     0.2161     0.6410 5.4762e-02       9730          7  0.000e+00
     30.137   71.24684 -157.16440     30.449     3.7965     3.8003     3.7947    31.2155    31.2277  1024.9386    24.7960    310.106    296.481  325.51123     95.267     0.0940     0.2161     0.6410 5.2342e-02       9731          7  0.000e+00
     30.206   71.24684 -157.16440     30.520     3.7987     3.8025     3.7969    31.2218    31.2282  1024.9438    24.8008    310.476    296.469  325.47800     95.391     0.0928     0.2088     0.6410 5.2824e-02       9732          7  0.000e+00
     30.144   71.24684 -157.16440     30.457     3.8022     3.8063     3.8004    31.2235    31.2297  1024.9445    24.8018    310.295    296.436  325.44620     95.345     0.0940     0.2161     0.6423 5.5251e-02       9733          7  0.000e+00
     30.075   71.24684 -157.16440     30.387     3.8062     3.8088     3.8043    31.2245    31.2307  1024.9446    24.8022    310.324    296.414  325.41230     95.363     0.0940     0.2161     0.6410 5.6231e-02       9734          7  0.000e+00
     30.260   71.24684 -157.16440     30.574     3.8093     3.8105     3.8074    31.2254    31.2308  1024.9459    24.8027    310.334    296.217  325.38517     95.374     0.0940     0.2161     0.6410 5.6231e-02       9735          7  0.000e+00
     30.206   71.24684 -157.16440     30.520     3.8117     3.8114     3.8098    31.2260    31.2310  1024.9459    24.8030    310.305    296.379  325.36484     95.371     0.0928     0.2088     0.6410 5.7712e-02       9736          7  0.000e+00
     30.191   71.24684 -157.16440     30.504     3.8136     3.8121     3.8117    31.2260    31.2316  1024.9457    24.8028    310.278    296.181  325.34970     95.367     0.0940     0.2161     0.6410 5.8208e-02       9737          7  0.000e+00
     30.206   71.24684 -157.16440     30.520     3.8150     3.8130     3.8131    31.2272    31.2315  1024.9465    24.8036    310.284    296.153  325.33564     95.374     0.0940     0.2161     0.6410 5.8208e-02       9738          7  0.000e+00
     30.245   71.24684 -157.16440     30.559     3.8172     3.8146     3.8154    31.2292    31.2314  1024.9481    24.8050    310.315    296.122  325.31298     95.390     0.0940     0.2161     0.6398 5.6231e-02       9739          7  0.000e+00
     30.206   71.24684 -157.16440     30.520     3.8199     3.8157     3.8180    31.2285    31.2322  1024.9471    24.8042    310.309    296.089  325.29368     95.393     0.0928     0.2088     0.6252 5.4762e-02       9740          7  0.000e+00
     30.206   71.24684 -157.16440     30.520     3.8208     3.8172     3.8190    31.2276    31.2328  1024.9463    24.8034    310.282    296.054  325.28846     95.387     0.0940     0.2161     0.6180 5.4762e-02       9741          7  0.000e+00
     30.245   71.24684 -157.16440     30.559     3.8210     3.8187     3.8191    31.2288    31.2339  1024.9474    24.8043    310.324    296.022  325.28428     95.401     0.0952     0.2234     0.6180 5.7217e-02       9742          7  0.000e+00
     19.978   71.24684 -157.16438     20.185     3.5653     3.5632     3.5641    31.0269    31.0355  1024.7615    24.6668    313.339    300.652  327.82474     95.581     0.1026     0.2674     1.1698 8.3932e-01      13576          8  0.000e+00
     20.094   71.24684 -157.16438     20.302     3.5655     3.5611     3.5643    31.0274    31.0353  1024.7624    24.6671    313.327    300.698  327.82235     95.578     0.1038     0.2747     1.1698 8.3932e-01      13577          8  0.000e+00
     20.001   71.24684 -157.16438     20.208     3.5663     3.5590     3.5651    31.0275    31.0347  1024.7620    24.6671    313.304    300.731  327.81569     95.573     0.1038     0.2747     1.1698 8.3663e-01      13578          8  0.000e+00
     20.040   71.24684 -157.16438     20.247     3.5664     3.5578     3.5652    31.0279    31.0345  1024.7625    24.6675    313.291    300.756  327.81330     95.570     0.1038     0.2747     1.1698 8.3663e-01      13579          8  0.000e+00
     20.055   71.24684 -157.16438     20.263     3.5667     3.5564     3.5656    31.0275    31.0346  1024.7622    24.6671    313.280    300.969  327.81170     95.567     0.1038     0.2747     1.1670 8.3395e-01      13580          8  0.000e+00
     20.040   71.24684 -157.16438     20.247     3.5672     3.5537     3.5660    31.0264    31.0340  1024.7612    24.6662    313.270    301.015  327.81061     95.564     0.1038     0.2747     1.1628 8.3395e-01      13581          8  0.000e+00
     20.040   71.24684 -157.16438     20.247     3.5669     3.5515     3.5657    31.0259    31.0333  1024.7608    24.6658    313.267    301.074  327.81444     95.562     0.1038     0.2747     1.1614 8.3395e-01      13582          8  0.000e+00
     20.055   71.24684 -157.16438     20.263     3.5663     3.5518     3.5651    31.0265    31.0329  1024.7614    24.6664    313.266    301.107  327.81807     95.561     0.1050     0.2820     1.1614 8.3663e-01      13583          8  0.000e+00
     19.978   71.24684 -157.16438     20.185     3.5661     3.5533     3.5649    31.0270    31.0338  1024.7615    24.6668    313.259    301.095  327.81820     95.559     0.1062     0.2894     1.1614 8.3663e-01      13584          8  0.000e+00
     20.055   71.24684 -157.16438     20.263     3.5664     3.5551     3.5652    31.0287    31.0353  1024.7632    24.6681    313.252    301.078  327.81130     95.559     0.1050     0.2820     1.1614 8.3663e-01      13585          8  0.000e+00
     20.040   71.24684 -157.16438     20.247     3.5680     3.5581     3.5668    31.0296    31.0372  1024.7637    24.6687    313.235    301.235  327.79677     95.558     0.1062     0.2894     1.1614 8.3395e-01      13586          8  0.000e+00
     20.040   71.24684 -157.16438     20.247     3.5689     3.5619     3.5677    31.0295    31.0384  1024.7635    24.6685    313.227    301.014  327.78942     95.557     0.1050     0.2820     1.1614 8.3395e-01      13587          8  0.000e+00
     20.055   71.24684 -157.16438     20.263     3.5691     3.5646     3.5679    31.0288    31.0389  1024.7630    24.6679    313.229    300.993  327.78988     95.558     0.1050     0.2820     1.1614 8.3395e-01      13588          8  0.000e+00
     20.040   71.24684 -157.16438     20.247     3.5692     3.5655     3.5681    31.0280    31.0391  1024.7623    24.6673    313.232    301.174  327.79050     95.558     0.1050     0.2820     1.1614 8.4202e-01      13589          8  0.000e+00
     20.055   71.24684 -157.16438     20.263     3.5691     3.5663     3.5679    31.0276    31.0381  1024.7621    24.6670    313.023    301.182  327.79277     95.494     0.1050     0.2820     1.1614 8.4473e-01      13590          8  0.000e+00
     20.040   71.24684 -157.16438     20.247     3.5686     3.5660     3.5674    31.0277    31.0380  1024.7621    24.6671    313.000    300.997  327.79633     95.486     0.1050     0.2820     1.1614 8.4473e-01      13591          8  0.000e+00
     20.040   71.24684 -157.16438     20.247     3.5681     3.5668     3.5669    31.0283    31.0378  1024.7626    24.6676    312.979    301.162  327.79865     95.479     0.1062     0.2894     1.1614 8.3395e-01      13592          8  0.000e+00
     20.055   71.24684 -157.16438     20.263     3.5676     3.5685     3.5665    31.0288    31.0384  1024.7632    24.6681    312.961    301.140  327.80119     95.473     0.1050     0.2820     1.1614 8.2595e-01      13593          8  0.000e+00
     20.040   71.24684 -157.16438     20.247     3.5675     3.5702     3.5663    31.0290    31.0388  1024.7632    24.6682    312.943    301.112  327.80208     95.467     0.1062     0.2894     1.1614 8.2595e-01      13594          8  0.000e+00
     20.055   71.24684 -157.16438     20.263     3.5680     3.5716     3.5668    31.0281    31.0389  1024.7625    24.6675    313.106    301.081  327.80054     95.517     0.1050     0.2820     1.1614 8.2861e-01      13595          8  0.000e+00
     20.040   71.24684 -157.16438     20.247     3.5681     3.5723     3.5669    31.0272    31.0389  1024.7617    24.6667    312.909    301.073  327.80144     95.457     0.1050     0.2820     1.1614 8.3128e-01      13596          8  0.000e+00
     20.094   71.24684 -157.16438     20.302     3.5681     3.5723     3.5669    31.0270    31.0387  1024.7618    24.6666    312.900    301.260  327.80199     95.454     0.1050     0.2820     1.1614 8.3128e-01      13597          8  0.000e+00
     20.055   71.24684 -157.16438     20.263     3.5676     3.5719     3.5665    31.0272    31.0387  1024.7619    24.6668    313.107    301.269  327.80523     95.516     0.1062     0.2894     1.1614 8.3395e-01      13598          8  0.000e+00
     20.040   71.24684 -157.16438     20.247     3.5675     3.5718     3.5664    31.0270    31.0383  1024.7617    24.6667    312.918    301.271  327.80649     95.458     0.1050     0.2820     1.1614 8.3395e-01      13599          8  0.000e+00
     20.055   71.24684 -157.16438     20.263     3.5676     3.5713     3.5665    31.0273    31.0379  1024.7619    24.6669    312.911    301.271  327.80504     95.456     0.1050     0.2820     1.1628 8.3395e-01      13600          8  0.000e+00
     20.040   71.24684 -157.16438     20.247     3.5678     3.5710     3.5666    31.0277    31.0377  1024.7622    24.6672    312.905    301.262  327.80277     95.455     0.1050     0.2820     1.1642 8.3128e-01      13601          8  0.000e+00
     20.094   71.24684 -157.16438     20.302     3.5683     3.5705     3.5671    31.0278    31.0378  1024.7625    24.6672    313.083    301.249  327.79868     95.511     0.1050     0.2820     1.1642 8.2861e-01      13602          8  0.000e+00
     20.055   71.24684 -157.16438     20.263     3.5688     3.5701     3.5676    31.0281    31.0379  1024.7625    24.6674    312.895    301.227  327.79410     95.455     0.1050     0.2820     1.1656 8.2861e-01      13603          8  0.000e+00
     20.094   71.24684 -157.16438     20.302     3.5696     3.5694     3.5684    31.0284    31.0383  1024.7628    24.6676    312.892    301.224  327.78703     95.456     0.1050     0.2820     1.1642 8.3128e-01      13604          8  0.000e+00
     19.978   71.24684 -157.16438     20.185     3.5704     3.5694     3.5692    31.0285    31.0379  1024.7623    24.6676    312.886    301.207  327.78025     95.456     0.1050     0.2820     1.1642 8.3663e-01      13605          8  0.000e+00
     20.171   71.24684 -157.16438     20.380     3.5710     3.5690     3.5698    31.0280    31.0379  1024.7628    24.6672    312.898    301.199  327.77630     95.461     0.1050     0.2820     1.1642 8.3663e-01      13606          8  0.000e+00
     20.094   71.24684 -157.16438     20.302     3.5710     3.5691     3.5698    31.0283    31.0383  1024.7626    24.6674    312.905    301.169  327.77572     95.463     0.1050     0.2820     1.1656 8.3663e-01      13607          8  0.000e+00
     20.002   71.24684 -157.16438     20.209     3.5715     3.5693     3.5703    31.0281    31.0380  1024.7620    24.6672    312.912    301.135  327.77222     95.466     0.1026     0.2674     1.1642 8.3128e-01      13608          8  0.000e+00
     20.094   71.24684 -157.16438     20.302     3.5719     3.5693     3.5707    31.0282    31.0384  1024.7624    24.6672    313.144    301.102  327.76877     95.538     0.1026     0.2674     1.1642 8.2861e-01      13609          8  0.000e+00
     20.040   71.24684 -157.16438     20.248     3.5721     3.5697     3.5709    31.0283    31.0384  1024.7623    24.6673    312.976    301.271  327.76663     95.488     0.1013     0.2601     1.1642 8.2861e-01      13610          8  0.000e+00
     20.117   71.24684 -157.16438     20.325     3.5726     3.5702     3.5714    31.0281    31.0387  1024.7624    24.6671    312.997    301.052  327.76335     95.495     0.1026     0.2674     1.1642 8.2595e-01      13611          8  0.000e+00
     20.094   71.24684 -157.16438     20.302     3.5725     3.5705     3.5713    31.0280    31.0389  1024.7623    24.6670    313.021    300.996  327.76400     95.502     0.1013     0.2601     1.1642 8.2330e-01      13612          8  0.000e+00
     20.117   71.24684 -157.16438     20.326     3.5721     3.5696     3.5709    31.0273    31.0391  1024.7619    24.6665    313.449    300.969  327.76914     95.631     0.1013     0.2601     1.1642 8.2330e-01      13613          8  0.000e+00
     20.040   71.24684 -157.16438     20.248     3.5713     3.5699     3.5701    31.0274    31.0389  1024.7616    24.6666    313.331    300.925  327.77539     95.593     0.1013     0.2601     1.1642 8.2066e-01      13614          8  0.000e+00
     20.040   71.24684 -157.16438     20.248     3.5711     3.5710     3.5700    31.0282    31.0388  1024.7623    24.6673    313.140    301.065  327.77456     95.535     0.1026     0.2674     1.1642 8.2066e-01      13615          8  0.000e+00
     20.117   71.24684 -157.16438     20.326     3.5721     3.5718     3.5709    31.0288    31.0396  1024.7631    24.6677    313.127    301.055  327.76588     95.534     0.1013     0.2601     1.1642 8.2066e-01      13616          8  0.000e+00
     20.094   71.24684 -157.16438     20.302     3.5727     3.5721     3.5715    31.0292    31.0397  1024.7632    24.6679    313.329    300.849  327.75943     95.597     0.1013     0.2601     1.1642 8.2330e-01      13617          8  0.000e+00
     20.117   71.24684 -157.16438     20.326     3.5729     3.5723     3.5717    31.0292    31.0396  1024.7633    24.6680    313.141    300.815  327.75798     95.540     0.1013     0.2601     1.1642 8.2595e-01      13618          8  0.000e+00
     20.094   71.24684 -157.16438     20.302     3.5726     3.5733     3.5714    31.0299    31.0394  1024.7638    24.6685    313.137    300.960  327.75880     95.539     0.1026     0.2674     1.1642 8.2595e-01      13619          8  0.000e+00
     19.979   71.24684 -157.16438     20.185     3.5736     3.5752     3.5725    31.0298    31.0400  1024.7630    24.6683    313.120    300.702  327.75071     95.536     0.1013     0.2601     1.1670 8.2595e-01      13620          8  0.000e+00
     20.117   71.24684 -157.16438     20.326     3.5740     3.5782     3.5728    31.0285    31.0408  1024.7626    24.6673    313.125    300.633  327.75089     95.537     0.1026     0.2674     1.1781 8.2595e-01      13621          8  0.000e+00
     20.094   71.24684 -157.16438     20.302     3.5737     3.5814     3.5725    31.0278    31.0412  1024.7620    24.6667    313.343    300.553  327.75517     95.603     0.1013     0.2601     1.1823 8.2330e-01      13622          8  0.000e+00
     20.056   71.24684 -157.16438     20.263     3.5733     3.5824     3.5721    31.0276    31.0412  1024.7617    24.6666    313.164    300.705  327.75857     95.547     0.1013     0.2601     1.1823 8.2066e-01      13623          8  0.000e+00
     20.094   71.24684 -157.16438     20.302     3.5731     3.5827     3.5719    31.0277    31.0402  1024.7620    24.6667    313.169    300.692  327.76042     95.548     0.1013     0.2601     1.1823 8.1539e-01      13624          8  0.000e+00
     20.551   71.24684 -157.16438     20.764     3.5973     3.5971     3.5961    31.0342    31.0433  1024.7671    24.6697    313.410    298.253  327.54923     95.683     0.1013     0.2601     1.1187 7.5445e-01      13745          9  0.000e+00
     20.574   71.24684 -157.16438     20.787     3.5979     3.5977     3.5967    31.0339    31.0432  1024.7669    24.6694    313.222    298.284  327.54537     95.627     0.1013     0.2601     1.1215 7.4226e-01      13746          9  0.000e+00
     20.613   71.24684 -157.16438     20.826     3.5980     3.5984     3.5968    31.0334    31.0433  1024.7667    24.6690    313.437    298.124  327.54618     95.692     0.1013     0.2601     1.1215 7.3503e-01      13747          9  0.000e+00
