EcoFOCI/data/1_SampleCollection/2023_SikuliaqDBO_CruiseData/CTD_raw_BottleFile_SKQ23-12S/proc/skq202312s_049.ros
* Sea-Bird SBE 9 Data File:
* FileName = D:\CTD\SKQ202312S\SKQ202312S_049.hex
* Software Version Seasave V 7.26.7.121
* Temperature SN = 6177
* Conductivity SN = 0369
* Number of Bytes Per Scan = 41
* Number of Voltage Words = 4
* Number of Scans Averaged by the Deck Unit = 1
* NMEA Latitude = 71 51.00 N
* NMEA Longitude = 162 09.40 W
* NMEA UTC (Time) = Sep 25 2023  06:43:07
* NMEA baud rate = 4800
** Ship: R/V Sikuliaq
** Station Number: 049
** Station Name: DBO4.6n
** Bottom Depth: 41
** Operator: SS
# nquan = 22
# nvalues = 833                                   
# units = specified
# name 0 = depSM: Depth [salt water, m]
# name 1 = latitude: Latitude [deg]
# name 2 = longitude: Longitude [deg]
# name 3 = prDM: Pressure, Digiquartz [db]
# name 4 = t090C: Temperature [ITS-90, deg C]
# name 5 = t190C: Temperature, 2 [ITS-90, deg C]
# name 6 = potemp090C: Potential Temperature [ITS-90, deg C]
# name 7 = sal00: Salinity, Practical [PSU]
# name 8 = sal11: Salinity, Practical, 2 [PSU]
# name 9 = density00: Density [density, kg/m^3]
# name 10 = sigma-é00: Density [sigma-theta, kg/m^3]
# name 11 = sbox0Mm/Kg: Oxygen, SBE 43 [umol/kg]
# name 12 = sbox1Mm/Kg: Oxygen, SBE 43, 2 [umol/kg]
# name 13 = oxsolMm/Kg: Oxygen Saturation, Garcia & Gordon [umol/kg]
# name 14 = sbeox0PS: Oxygen, SBE 43 [% saturation]
# name 15 = v0: Voltage 0
# name 16 = flECO-AFL: Fluorescence, WET Labs ECO-AFL/FL [mg/m^3]
# name 17 = CStarAt0: Beam Attenuation, WET Labs C-Star [1/m]
# name 18 = par: PAR/Irradiance, Biospherical/Licor
# name 19 = scan: Scan Count
# name 20 = nbf: Bottles Fired
# name 21 = flag:  0.000e+00
# interval = seconds: 0.0416667
# start_time = Sep 25 2023 06:46:31 [NMEA time, first data scan]
# bad_flag = -9.990e-29
*END*
[from data line 659]
      2.968   71.85008 -162.15676      2.999     1.7197     1.7137     1.7196    28.1397    28.1415  1022.5102    22.4959    343.768    321.408  350.98347     97.944     0.1331     0.4505     0.5615 4.6872e-01      21777         14  0.000e+00
      2.968   71.85008 -162.15676      2.999     1.7187     1.7129     1.7186    28.1411    28.1417  1022.5113    22.4970    343.543    321.364  350.98851     97.879     0.1429     0.5091     0.5615 4.6215e-01      21778         14  0.000e+00
      2.914   71.85008 -162.15676      2.944     1.7186     1.7127     1.7185    28.1405    28.1413  1022.5106    22.4966    343.505    321.315  350.99100     97.867     0.1441     0.5165     0.5603 4.4924e-01      21779         14  0.000e+00
      2.968   71.85008 -162.15676      2.999     1.7177     1.7129     1.7175    28.1385    28.1412  1022.5093    22.4950    343.524    321.269  351.00476     97.869     0.1441     0.5165     0.5615 4.4447e-01      21780         14  0.000e+00
      2.914   71.85008 -162.15676      2.944     1.7167     1.7132     1.7166    28.1381    28.1406  1022.5088    22.4948    343.534    321.430  351.01474     97.869     0.1441     0.5165     0.5603 4.3817e-01      21781         14  0.000e+00
      2.968   71.85008 -162.15676      2.999     1.7160     1.7132     1.7158    28.1394    28.1404  1022.5102    22.4959    343.695    321.205  351.01755     97.914     0.1441     0.5165     0.5615 4.1668e-01      21782         14  0.000e+00
      2.914   71.85008 -162.15676      2.944     1.7163     1.7134     1.7162    28.1405    28.1405  1022.5107    22.4967    343.722    321.160  351.01174     97.923     0.1453     0.5238     0.5615 4.0921e-01      21783         14  0.000e+00
      2.968   71.85008 -162.15676      2.999     1.7162     1.7135     1.7161    28.1404    28.1406  1022.5110    22.4967    343.526    321.121  351.01283     97.867     0.1441     0.5165     0.5627 4.0773e-01      21784         14  0.000e+00
      2.929   71.85008 -162.15676      2.960     1.7160     1.7135     1.7159    28.1386    28.1409  1022.5094    22.4952    343.954    321.317  351.01964     97.987     0.1441     0.5165     0.5639 3.9747e-01      21785         14  0.000e+00
      2.914   71.85008 -162.15676      2.944     1.7155     1.7134     1.7154    28.1364    28.1405  1022.5075    22.4935    343.564    321.100  351.03002     97.873     0.1429     0.5091     0.5639 3.9314e-01      21786         14  0.000e+00
      2.914   71.85008 -162.15676      2.944     1.7149     1.7132     1.7148    28.1348    28.1407  1022.5063    22.4922    343.799    321.068  351.03924     97.937     0.1441     0.5165     0.5639 3.9602e-01      21787         14  0.000e+00
      2.914   71.85008 -162.15676      2.944     1.7139     1.7132     1.7138    28.1344    28.1405  1022.5060    22.4919    343.797    321.038  351.04930     97.934     0.1429     0.5091     0.5639 4.3040e-01      21788         14  0.000e+00
      2.914   71.85008 -162.15676      2.944     1.7130     1.7132     1.7129    28.1339    28.1404  1022.5057    22.4916    343.832    321.219  351.05889     97.941     0.1441     0.5165     0.5639 4.5084e-01      21789         14  0.000e+00
      2.914   71.85008 -162.15676      2.944     1.7121     1.7135     1.7120    28.1331    28.1404  1022.5051    22.4910    343.866    321.004  351.06895     97.948     0.1441     0.5165     0.5639 4.5405e-01      21790         14  0.000e+00
      2.852   71.85008 -162.15676      2.882     1.7116     1.7135     1.7115    28.1327    28.1405  1022.5045    22.4908    343.891    321.212  351.07482     97.954     0.1429     0.5091     0.5639 4.5084e-01      21791         14  0.000e+00
      2.852   71.85008 -162.15676      2.882     1.7108     1.7139     1.7107    28.1330    28.1406  1022.5047    22.4910    343.918    321.028  351.08108     97.960     0.1441     0.5165     0.5639 4.5084e-01      21792         14  0.000e+00
      2.914   71.85008 -162.15676      2.944     1.7104     1.7140     1.7103    28.1325    28.1409  1022.5047    22.4906    343.945    321.035  351.08640     97.966     0.1441     0.5165     0.5639 4.4924e-01      21793         14  0.000e+00
      2.852   71.85008 -162.15676      2.882     1.7101     1.7141     1.7100    28.1315    28.1413  1022.5036    22.4899    343.964    321.039  351.09185     97.970     0.1441     0.5165     0.5639 4.1668e-01      21794         14  0.000e+00
      2.914   71.85008 -162.15676      2.944     1.7090     1.7145     1.7089    28.1311    28.1421  1022.5036    22.4896    343.994    321.260  351.10292     97.975     0.1429     0.5091     0.5639 3.8599e-01      21795         14  0.000e+00
      2.852   71.85008 -162.15676      2.882     1.7087     1.7146     1.7086    28.1308    28.1424  1022.5031    22.4894    344.008    321.086  351.10617     97.978     0.1441     0.5165     0.5639 3.8035e-01      21796         14  0.000e+00
      2.760   71.85008 -162.15676      2.788     1.7084     1.7150     1.7083    28.1295    28.1423  1022.5017    22.4884    344.022    321.096  351.11250     97.980     0.1453     0.5238     0.5639 3.8316e-01      21797         14  0.000e+00
      2.914   71.85008 -162.15676      2.944     1.7075     1.7154     1.7074    28.1303    28.1416  1022.5031    22.4890    344.045    321.122  351.11780     97.986     0.1441     0.5165     0.5639 3.8599e-01      21798         14  0.000e+00
      2.852   71.85008 -162.15676      2.882     1.7069     1.7153     1.7068    28.1320    28.1414  1022.5042    22.4904    344.011    321.356  351.11872     97.976     0.1441     0.5165     0.5639 3.8599e-01      21799         14  0.000e+00
      2.852   71.85008 -162.15676      2.882     1.7069     1.7152     1.7068    28.1332    28.1409  1022.5052    22.4914    344.013    321.200  351.11534     97.977     0.1441     0.5165     0.5639 3.9458e-01      21800         14  0.000e+00
      2.798   71.85008 -162.15676      2.827     1.7068     1.7154     1.7067    28.1337    28.1404  1022.5053    22.4918    344.014    321.410  351.11553     97.977     0.1441     0.5165     0.5639 4.1219e-01      21801         14  0.000e+00
      2.852   71.85008 -162.15676      2.882     1.7066     1.7157     1.7065    28.1340    28.1400  1022.5058    22.4921    344.019    321.231  351.11607     97.979     0.1429     0.5091     0.5639 4.1668e-01      21802         14  0.000e+00
      2.798   71.85008 -162.15676      2.827     1.7073     1.7153     1.7072    28.1339    28.1400  1022.5054    22.4919    344.010    321.448  351.11055     97.978     0.1343     0.4579     0.5639 4.3194e-01      21803         14  0.000e+00
      2.685   71.85008 -162.15676      2.712     1.7084     1.7104     1.7083    28.1263    28.1367  1022.4988    22.4858    343.885    320.712  351.12110     97.939     0.1270     0.4139     0.5544 4.3040e-01      21999         15  0.000e+00
      2.739   71.85008 -162.15676      2.767     1.7082     1.7104     1.7081    28.1263    28.1369  1022.4990    22.4858    343.652    320.724  351.12276     97.872     0.1282     0.4212     0.5544 4.3040e-01      22000         15  0.000e+00
      2.685   71.85008 -162.15676      2.712     1.7080     1.7107     1.7079    28.1264    28.1368  1022.4988    22.4859    343.651    320.731  351.12397     97.872     0.1270     0.4139     0.5544 3.9458e-01      22001         15  0.000e+00
      2.739   71.85008 -162.15676      2.767     1.7079     1.7107     1.7078    28.1261    28.1367  1022.4989    22.4857    343.658    320.747  351.12615     97.873     0.1282     0.4212     0.5544 3.5840e-01      22002         15  0.000e+00
      2.685   71.85008 -162.15676      2.712     1.7077     1.7107     1.7076    28.1256    28.1372  1022.4982    22.4853    343.620    320.759  351.12900     97.862     0.1270     0.4139     0.5544 3.5042e-01      22003         15  0.000e+00
      2.762   71.85008 -162.15676      2.790     1.7075     1.7112     1.7074    28.1255    28.1367  1022.4985    22.4852    343.864    320.778  351.13069     97.930     0.1282     0.4212     0.5544 4.0921e-01      22004         15  0.000e+00
      2.739   71.85008 -162.15676      2.767     1.7073     1.7111     1.7072    28.1261    28.1365  1022.4989    22.4857    343.631    320.799  351.13144     97.864     0.1282     0.4212     0.5544 5.2041e-01      22005         15  0.000e+00
      2.739   71.85008 -162.15676      2.767     1.7075     1.7112     1.7074    28.1268    28.1361  1022.4994    22.4862    343.630    320.821  351.12729     97.865     0.1270     0.4139     0.5591 5.5547e-01      22006         15  0.000e+00
      2.739   71.85008 -162.15676      2.767     1.7076     1.7109     1.7075    28.1274    28.1358  1022.4999    22.4867    343.591    321.059  351.12519     97.854     0.1368     0.4725     0.5663 5.1682e-01      22007         15  0.000e+00
      2.739   71.85008 -162.15676      2.767     1.7080     1.7107     1.7079    28.1267    28.1361  1022.4993    22.4861    343.552    321.084  351.12302     97.844     0.1404     0.4945     0.5675 4.3817e-01      22008         15  0.000e+00
      2.739   71.85008 -162.15676      2.767     1.7082     1.7104     1.7081    28.1262    28.1358  1022.4989    22.4857    343.557    320.902  351.12286     97.845     0.1416     0.5018     0.5675 4.1368e-01      22009         15  0.000e+00
      2.800   71.85008 -162.15676      2.829     1.7080     1.7103     1.7079    28.1261    28.1355  1022.4992    22.4857    343.762    320.934  351.12464     97.903     0.1404     0.4945     0.5663 4.1668e-01      22010         15  0.000e+00
      2.739   71.85008 -162.15676      2.767     1.7082     1.7099     1.7081    28.1254    28.1355  1022.4983    22.4851    343.763    320.963  351.12511     97.903     0.1416     0.5018     0.5663 4.2426e-01      22011         15  0.000e+00
      2.800   71.85008 -162.15676      2.829     1.7080     1.7097     1.7079    28.1255    28.1356  1022.4986    22.4851    343.534    320.972  351.12638     97.838     0.1404     0.4945     0.5663 4.2732e-01      22012         15  0.000e+00
      2.800   71.85008 -162.15676      2.829     1.7079     1.7095     1.7078    28.1249    28.1357  1022.4982    22.4847    343.499    321.189  351.12930     97.827     0.1416     0.5018     0.5663 4.2732e-01      22013         15  0.000e+00
      2.800   71.85008 -162.15676      2.829     1.7079     1.7095     1.7078    28.1245    28.1346  1022.4979    22.4844    343.503    321.222  351.13053     97.828     0.1416     0.5018     0.5663 4.3040e-01      22014         15  0.000e+00
      2.739   71.85008 -162.15676      2.767     1.7077     1.7092     1.7076    28.1244    28.1289  1022.4975    22.4843    343.466    321.268  351.13214     97.817     0.1416     0.5018     0.5663 4.3194e-01      22015         15  0.000e+00
      2.816   71.85008 -162.15676      2.845     1.7076     1.7093     1.7075    28.1248    28.1235  1022.4982    22.4846    343.475    321.314  351.13214     97.819     0.1416     0.5018     0.5663 4.3349e-01      22016         15  0.000e+00
      2.854   71.85008 -162.15676      2.884     1.7075     1.7097     1.7074    28.1244    28.1239  1022.4981    22.4843    343.485    321.342  351.13368     97.822     0.1416     0.5018     0.5663 4.7536e-01      22017         15  0.000e+00
      2.800   71.85008 -162.15676      2.829     1.7075     1.7099     1.7074    28.1246    28.1269  1022.4980    22.4845    343.490    321.361  351.13310     97.823     0.1416     0.5018     0.5663 5.0095e-01      22018         15  0.000e+00
      2.854   71.85008 -162.15676      2.884     1.7076     1.7100     1.7075    28.1250    28.1287  1022.4986    22.4848    343.501    321.389  351.13148     97.827     0.1404     0.4945     0.5663 5.0444e-01      22019         15  0.000e+00
      2.854   71.85008 -162.15676      2.884     1.7077     1.7097     1.7076    28.1251    28.1302  1022.4986    22.4848    343.705    321.419  351.13045     97.885     0.1416     0.5018     0.5675 4.3040e-01      22020         15  0.000e+00
      2.854   71.85008 -162.15676      2.884     1.7073     1.7093     1.7072    28.1253    28.1321  1022.4988    22.4850    343.482    321.449  351.13384     97.821     0.1404     0.4945     0.5675 3.7895e-01      22021         15  0.000e+00
      2.854   71.85008 -162.15676      2.884     1.7074     1.7098     1.7073    28.1251    28.1335  1022.4986    22.4849    343.450    321.472  351.13287     97.812     0.1416     0.5018     0.5663 3.7063e-01      22022         15  0.000e+00
      2.854   71.85008 -162.15676      2.884     1.7069     1.7098     1.7068    28.1259    28.1341  1022.4993    22.4855    343.462    321.501  351.13519     97.815     0.1416     0.5018     0.5663 4.4764e-01      22023         15  0.000e+00
      2.916   71.85008 -162.15676      2.946     1.7069     1.7095     1.7068    28.1264    28.1347  1022.5000    22.4859    343.434    321.536  351.13384     97.807     0.1416     0.5018     0.5663 5.4048e-01      22024         15  0.000e+00
      2.916   71.85008 -162.15676      2.946     1.7071     1.7097     1.7070    28.1269    28.1342  1022.5004    22.4863    343.443    321.776  351.13092     97.810     0.1416     0.5018     0.5663 5.6118e-01      22025         15  0.000e+00
      2.916   71.85008 -162.15676      2.946     1.7074     1.7092     1.7073    28.1264    28.1345  1022.5000    22.4859    343.178    321.836  351.12927     97.735     0.1416     0.5018     0.5663 5.0620e-01      22026         15  0.000e+00
      2.916   71.85008 -162.15676      2.946     1.7076     1.7092     1.7075    28.1261    28.1343  1022.4998    22.4857    343.387    321.891  351.12849     97.795     0.1416     0.5018     0.5615 4.3505e-01      22027         15  0.000e+00
      2.932   71.85008 -162.15676      2.962     1.7077     1.7089     1.7076    28.1255    28.1342  1022.4993    22.4852    343.405    321.947  351.12933     97.800     0.1404     0.4945     0.5603 4.1819e-01      22028         15  0.000e+00
      2.916   71.85008 -162.15676      2.946     1.7074     1.7090     1.7073    28.1246    28.1338  1022.4985    22.4845    343.662    321.972  351.13418     97.872     0.1416     0.5018     0.5603 4.0921e-01      22029         15  0.000e+00
      2.970   71.85008 -162.15676      3.001     1.7076     1.7092     1.7075    28.1237    28.1328  1022.4981    22.4838    343.447    321.999  351.13501     97.810     0.1429     0.5091     0.5603 3.8458e-01      22030         15  0.000e+00
      2.970   71.85008 -162.15676      3.001     1.7074     1.7087     1.7073    28.1245    28.1329  1022.4987    22.4844    343.189    322.234  351.13445     97.737     0.1416     0.5018     0.5603 3.7616e-01      22031         15  0.000e+00
      2.916   71.85008 -162.15676      2.946     1.7074     1.7084     1.7073    28.1244    28.1329  1022.4984    22.4843    343.360    322.305  351.13469     97.786     0.1404     0.4945     0.5603 3.8316e-01      22032         15  0.000e+00
      3.024   71.85008 -162.15676      3.055     1.7076     1.7088     1.7075    28.1241    28.1327  1022.4986    22.4841    343.619    322.375  351.13406     97.860     0.1355     0.4652     0.5603 4.0478e-01      22033         15  0.000e+00
      2.970   71.85008 -162.15676      3.001     1.7075     1.7085     1.7074    28.1240    28.1331  1022.4983    22.4840    343.401    322.413  351.13486     97.797     0.1343     0.4579     0.5603 4.1368e-01      22034         15  0.000e+00
      2.970   71.85008 -162.15676      3.001     1.7073     1.7088     1.7072    28.1238    28.1333  1022.4981    22.4838    343.383    322.447  351.13788     97.791     0.1331     0.4505     0.5603 4.1668e-01      22035         15  0.000e+00
      3.024   71.85008 -162.15676      3.055     1.7073     1.7089     1.7072    28.1234    28.1330  1022.4981    22.4836    343.406    322.482  351.13877     97.798     0.1343     0.4579     0.5603 4.3194e-01      22036         15  0.000e+00
