EcoFOCI/data/1_SampleCollection/2023_SikuliaqDBO_CruiseData/CTD_raw_BottleFile_SKQ23-12S/proc/skq202312s_001.ros
* Sea-Bird SBE 9 Data File:
* FileName = D:\CTD\SKQ202312S\SKQ202312S_001.hex
* Software Version Seasave V 7.26.7.121
* Temperature SN = 6177
* Conductivity SN = 0369
* Number of Bytes Per Scan = 41
* Number of Voltage Words = 4
* Number of Scans Averaged by the Deck Unit = 1
* NMEA Latitude = 62 11.69 N
* NMEA Longitude = 174 40.42 W
* NMEA UTC (Time) = Sep 14 2023  13:19:49
* NMEA baud rate = 4800
** Ship: R/V Sikuliaq
** Station Number: 001
** Station Name: Mooring M8
** Bottom Depth: 73
** Operator: SD
# nquan = 22
# nvalues = 1127                                  
# units = specified
# name 0 = depSM: Depth [salt water, m]
# name 1 = latitude: Latitude [deg]
# name 2 = longitude: Longitude [deg]
# name 3 = prDM: Pressure, Digiquartz [db]
# name 4 = t090C: Temperature [ITS-90, deg C]
# name 5 = t190C: Temperature, 2 [ITS-90, deg C]
# name 6 = potemp090C: Potential Temperature [ITS-90, deg C]
# name 7 = sal00: Salinity, Practical [PSU]
# name 8 = sal11: Salinity, Practical, 2 [PSU]
# name 9 = density00: Density [density, kg/m^3]
# name 10 = sigma-é00: Density [sigma-theta, kg/m^3]
# name 11 = sbox0Mm/Kg: Oxygen, SBE 43 [umol/kg]
# name 12 = sbox1Mm/Kg: Oxygen, SBE 43, 2 [umol/kg]
# name 13 = oxsolMm/Kg: Oxygen Saturation, Garcia & Gordon [umol/kg]
# name 14 = sbeox0PS: Oxygen, SBE 43 [% saturation]
# name 15 = v0: Voltage 0
# name 16 = flECO-AFL: Fluorescence, WET Labs ECO-AFL/FL [mg/m^3]
# name 17 = CStarAt0: Beam Attenuation, WET Labs C-Star [1/m]
# name 18 = par: PAR/Irradiance, Biospherical/Licor
# name 19 = scan: Scan Count
# name 20 = nbf: Bottles Fired
# name 21 = flag:  0.000e+00
# interval = seconds: 0.0416667
# start_time = Sep 14 2023 13:27:19 [NMEA time, first data scan]
# bad_flag = -9.990e-29
*END*
[from data line 132]
     66.952   62.19452 -174.67402     67.612    -1.5224    -1.5225    -1.5235    31.8367    31.8474  1025.9304    25.6036    280.920    266.818  371.38962     75.640     0.0720     0.0842     1.2512 8.4714e-06      10229          3  0.000e+00
     66.944   62.19452 -174.67402     67.604    -1.5224    -1.5222    -1.5235    31.8369    31.8474  1025.9304    25.6037    280.685    266.759  371.38923     75.577     0.0720     0.0842     1.2512 8.4714e-06      10230          3  0.000e+00
     66.952   62.19452 -174.67402     67.612    -1.5219    -1.5222    -1.5230    31.8371    31.8481  1025.9307    25.6039    280.921    266.705  371.38395     75.642     0.0720     0.0842     1.2526 8.4714e-06      10231          3  0.000e+00
     66.952   62.19452 -174.67402     67.612    -1.5219    -1.5221    -1.5231    31.8369    31.8474  1025.9305    25.6037    280.951    266.656  371.38509     75.650     0.0733     0.0916     1.2512 1.0000e-12      10232          3  0.000e+00
     66.998   62.19452 -174.67402     67.658    -1.5220    -1.5219    -1.5232    31.8366    31.8474  1025.9305    25.6035    280.984    266.843  371.38645     75.658     0.0720     0.0842     1.2526 1.0000e-12      10233          3  0.000e+00
     66.898   62.19452 -174.67402     67.557    -1.5217    -1.5217    -1.5229    31.8367    31.8477  1025.9301    25.6036    280.954    266.596  371.38328     75.651     0.0733     0.0916     1.2512 1.0000e-12      10234          3  0.000e+00
     66.944   62.19452 -174.67402     67.604    -1.5221    -1.5216    -1.5233    31.8373    31.8475  1025.9308    25.6040    280.933    266.559  371.38577     75.645     0.0720     0.0842     1.2512 8.4714e-06      10235          3  0.000e+00
     66.952   62.19452 -174.67402     67.612    -1.5220    -1.5218    -1.5232    31.8373    31.8478  1025.9309    25.6041    280.957    266.526  371.38437     75.651     0.0733     0.0916     1.2512 1.0000e-12      10236          3  0.000e+00
     66.944   62.19452 -174.67402     67.604    -1.5219    -1.5219    -1.5230    31.8369    31.8475  1025.9304    25.6037    280.982    266.498  371.38456     75.658     0.0733     0.0916     1.2512 1.0000e-12      10237          3  0.000e+00
     66.952   62.19452 -174.67402     67.612    -1.5217    -1.5216    -1.5229    31.8369    31.8475  1025.9305    25.6037    281.006    266.238  371.38263     75.665     0.0733     0.0916     1.2469 8.4714e-06      10238          3  0.000e+00
     66.898   62.19452 -174.67402     67.557    -1.5217    -1.5214    -1.5228    31.8368    31.8475  1025.9302    25.6036    281.029    266.414  371.38239     75.671     0.0733     0.0916     1.2455 1.0000e-12      10239          3  0.000e+00
     66.944   62.19452 -174.67402     67.604    -1.5219    -1.5215    -1.5230    31.8374    31.8476  1025.9309    25.6041    281.004    266.433  371.38306     75.664     0.0733     0.0916     1.2455 1.0000e-12      10240          3  0.000e+00
     66.898   62.19452 -174.67402     67.557    -1.5215    -1.5214    -1.5227    31.8364    31.8480  1025.9298    25.6033    280.972    266.420  371.38247     75.656     0.0733     0.0916     1.2455 1.0000e-12      10241          3  0.000e+00
     66.944   62.19452 -174.67402     67.604    -1.5220    -1.5212    -1.5232    31.8370    31.8479  1025.9305    25.6038    280.945    266.412  371.38535     75.648     0.0733     0.0916     1.2455 8.4714e-06      10242          3  0.000e+00
     66.898   62.19452 -174.67402     67.557    -1.5219    -1.5212    -1.5231    31.8367    31.8474  1025.9301    25.6035    280.648    266.409  371.38575     75.568     0.0733     0.0916     1.2455 1.0000e-12      10243          3  0.000e+00
     66.768   62.19452 -174.67402     67.427    -1.5215    -1.5213    -1.5227    31.8368    31.8475  1025.9295    25.6036    280.684    269.004  371.38124     75.578     0.0720     0.0842     1.2554 1.0000e-12      10345          4  0.000e+00
     66.730   62.19452 -174.67402     67.388    -1.5215    -1.5213    -1.5227    31.8368    31.8477  1025.9293    25.6036    280.691    268.994  371.38142     75.580     0.0733     0.0916     1.2554 1.0000e-12      10346          4  0.000e+00
     66.714   62.19452 -174.67402     67.372    -1.5217    -1.5216    -1.5228    31.8369    31.8482  1025.9293    25.6037    280.699    268.981  371.38219     75.582     0.0720     0.0842     1.2554 8.4714e-06      10347          4  0.000e+00
     66.730   62.19452 -174.67402     67.388    -1.5215    -1.5214    -1.5227    31.8370    31.8477  1025.9295    25.6038    280.445    268.996  371.38080     75.514     0.0733     0.0916     1.2554 1.0000e-12      10348          4  0.000e+00
     66.784   62.19452 -174.67402     67.442    -1.5215    -1.5214    -1.5227    31.8368    31.8476  1025.9296    25.6036    280.670    268.975  371.38127     75.575     0.0720     0.0842     1.2554 1.0000e-12      10349          4  0.000e+00
     66.768   62.19452 -174.67402     67.427    -1.5215    -1.5213    -1.5227    31.8370    31.8475  1025.9296    25.6037    280.679    268.748  371.38086     75.577     0.0733     0.0916     1.2554 8.4714e-06      10350          4  0.000e+00
     66.784   62.19452 -174.67402     67.442    -1.5217    -1.5213    -1.5228    31.8369    31.8472  1025.9297    25.6037    280.691    268.951  371.38219     75.580     0.0733     0.0916     1.2554 1.0000e-12      10351          4  0.000e+00
     66.769   62.19452 -174.67402     67.427    -1.5219    -1.5213    -1.5230    31.8369    31.8472  1025.9296    25.6037    280.703    268.949  371.38462     75.583     0.0733     0.0916     1.2554 1.0000e-12      10352          4  0.000e+00
     66.784   62.19452 -174.67402     67.442    -1.5220    -1.5214    -1.5232    31.8372    31.8475  1025.9299    25.6039    280.662    268.944  371.38482     75.572     0.0733     0.0916     1.2554 1.0000e-12      10353          4  0.000e+00
     66.830   62.19452 -174.67402     67.489    -1.5217    -1.5216    -1.5228    31.8368    31.8475  1025.9298    25.6036    280.409    268.672  371.38239     75.504     0.0733     0.0916     1.2554 1.0000e-12      10354          4  0.000e+00
     66.846   62.19452 -174.67402     67.505    -1.5219    -1.5216    -1.5230    31.8371    31.8477  1025.9301    25.6038    280.633    268.627  371.38401     75.564     0.0733     0.0916     1.2554 1.0000e-12      10355          4  0.000e+00
     66.846   62.19452 -174.67402     67.505    -1.5219    -1.5216    -1.5230    31.8373    31.8475  1025.9303    25.6040    280.643    268.578  371.38338     75.567     0.0720     0.0842     1.2554 8.4714e-06      10356          4  0.000e+00
     66.884   62.19452 -174.67402     67.544    -1.5220    -1.5217    -1.5232    31.8370    31.8479  1025.9303    25.6038    280.656    268.759  371.38525     75.570     0.0733     0.0916     1.2554 1.0000e-12      10357          4  0.000e+00
     66.846   62.19452 -174.67402     67.505    -1.5219    -1.5218    -1.5231    31.8368    31.8483  1025.9299    25.6036    280.665    268.503  371.38528     75.572     0.0733     0.0916     1.2554 8.4714e-06      10358          4  0.000e+00
     66.884   62.19452 -174.67402     67.544    -1.5222    -1.5216    -1.5233    31.8373    31.8476  1025.9305    25.6040    280.678    268.446  371.38631     75.576     0.0733     0.0916     1.2554 1.0000e-12      10359          4  0.000e+00
     66.846   62.19452 -174.67402     67.505    -1.5222    -1.5214    -1.5233    31.8374    31.8475  1025.9304    25.6041    280.634    268.614  371.38600     75.564     0.0720     0.0842     1.2568 1.0000e-12      10360          4  0.000e+00
     66.954   62.19452 -174.67402     67.614    -1.5220    -1.5216    -1.5232    31.8369    31.8477  1025.9305    25.6037    280.646    268.587  371.38562     75.567     0.0733     0.0916     1.2568 8.4714e-06      10361          4  0.000e+00
     66.884   62.19452 -174.67402     67.544    -1.5222    -1.5215    -1.5234    31.8371    31.8474  1025.9304    25.6039    280.392    268.350  371.38734     75.499     0.0733     0.0916     1.2568 8.4714e-06      10362          4  0.000e+00
     66.900   62.19452 -174.67402     67.559    -1.5222    -1.5216    -1.5233    31.8373    31.8476  1025.9305    25.6040    280.875    268.546  371.38634     75.629     0.0733     0.0916     1.2568 1.0000e-12      10363          4  0.000e+00
     66.946   62.19452 -174.67402     67.606    -1.5222    -1.5219    -1.5233    31.8371    31.8480  1025.9306    25.6038    280.675    268.508  371.38692     75.575     0.0733     0.0916     1.2568 1.0000e-12      10364          4  0.000e+00
     66.900   62.19452 -174.67402     67.559    -1.5221    -1.5221    -1.5233    31.8370    31.8480  1025.9303    25.6038    280.681    268.463  371.38657     75.576     0.0733     0.0916     1.2568 1.0000e-12      10365          4  0.000e+00
     67.000   62.19452 -174.67402     67.661    -1.5222    -1.5218    -1.5233    31.8368    31.8478  1025.9306    25.6036    280.694    268.450  371.38777     75.580     0.0720     0.0842     1.2568 1.0000e-12      10366          4  0.000e+00
     66.954   62.19452 -174.67402     67.614    -1.5222    -1.5219    -1.5233    31.8369    31.8475  1025.9305    25.6037    280.700    268.201  371.38731     75.582     0.0733     0.0916     1.2568 8.4714e-06      10367          4  0.000e+00
     66.954   62.19452 -174.67402     67.614    -1.5225    -1.5220    -1.5236    31.8373    31.8476  1025.9309    25.6041    280.658    268.149  371.38905     75.570     0.0720     0.0842     1.2568 1.0000e-12      10368          4  0.000e+00
     66.946   62.19452 -174.67402     67.606    -1.5224    -1.5221    -1.5236    31.8371    31.8476  1025.9306    25.6039    280.664    268.097  371.38914     75.571     0.0733     0.0916     1.2568 8.4714e-06      10369          4  0.000e+00
     67.016   62.19452 -174.67402     67.676    -1.5224    -1.5221    -1.5235    31.8375    31.8474  1025.9313    25.6042    280.410    268.046  371.38724     75.503     0.0720     0.0842     1.2554 1.0000e-12      10370          4  0.000e+00
     66.946   62.19452 -174.67402     67.606    -1.5224    -1.5222    -1.5235    31.8375    31.8479  1025.9310    25.6042    280.627    267.988  371.38724     75.562     0.0733     0.0916     1.2568 8.4714e-06      10371          4  0.000e+00
     67.016   62.19452 -174.67402     67.676    -1.5224    -1.5222    -1.5235    31.8372    31.8475  1025.9311    25.6040    280.325    267.968  371.38824     75.480     0.0720     0.0842     1.2568 1.0000e-12      10372          4  0.000e+00
     67.000   62.19452 -174.67402     67.661    -1.5222    -1.5221    -1.5234    31.8369    31.8474  1025.9307    25.6037    280.543    268.175  371.38804     75.539     0.0733     0.0916     1.2568 1.0000e-12      10373          4  0.000e+00
     66.954   62.19452 -174.67402     67.614    -1.5220    -1.5224    -1.5232    31.8367    31.8478  1025.9304    25.6036    280.496    268.184  371.38612     75.527     0.0720     0.0842     1.2568 1.0000e-12      10374          4  0.000e+00
     67.070   62.19452 -174.67402     67.731    -1.5222    -1.5223    -1.5233    31.8369    31.8479  1025.9311    25.6037    280.508    267.928  371.38727     75.530     0.0733     0.0916     1.2568 1.0000e-12      10375          4  0.000e+00
     67.001   62.19452 -174.67402     67.661    -1.5222    -1.5225    -1.5234    31.8370    31.8478  1025.9309    25.6038    280.512    267.900  371.38754     75.531     0.0720     0.0842     1.2568 1.0000e-12      10376          4  0.000e+00
     67.016   62.19452 -174.67402     67.677    -1.5222    -1.5222    -1.5233    31.8372    31.8476  1025.9311    25.6040    279.994    267.872  371.38642     75.392     0.0733     0.0916     1.2568 8.4714e-06      10377          4  0.000e+00
     67.001   62.19452 -174.67402     67.661    -1.5225    -1.5222    -1.5236    31.8376    31.8476  1025.9313    25.6043    280.429    267.844  371.38826     75.508     0.0720     0.0842     1.2568 8.4714e-06      10378          4  0.000e+00
     67.070   62.19452 -174.67402     67.731    -1.5222    -1.5224    -1.5233    31.8368    31.8478  1025.9310    25.6036    280.179    267.821  371.38764     75.441     0.0733     0.0916     1.2526 1.0000e-12      10379          4  0.000e+00
     67.001   62.19452 -174.67402     67.661    -1.5222    -1.5223    -1.5234    31.8370    31.8480  1025.9308    25.6038    280.139    267.790  371.38779     75.430     0.0720     0.0842     1.2483 1.0000e-12      10380          4  0.000e+00
     67.016   62.19452 -174.67402     67.677    -1.5219    -1.5223    -1.5231    31.8367    31.8478  1025.9306    25.6035    280.102    267.764  371.38518     75.421     0.0733     0.0916     1.2483 1.0000e-12      10381          4  0.000e+00
     67.070   62.19452 -174.67402     67.731    -1.5224    -1.5222    -1.5235    31.8376    31.8476  1025.9316    25.6042    280.072    267.738  371.38721     75.412     0.0720     0.0842     1.2483 8.4714e-06      10382          4  0.000e+00
     67.001   62.19452 -174.67402     67.661    -1.5219    -1.5222    -1.5231    31.8371    31.8481  1025.9309    25.6038    280.297    267.707  371.38456     75.474     0.0733     0.0916     1.2483 1.0000e-12      10383          4  0.000e+00
     67.016   62.19452 -174.67402     67.677    -1.5217    -1.5221    -1.5229    31.8370    31.8481  1025.9309    25.6038    280.053    267.679  371.38249     75.408     0.0720     0.0842     1.2483 1.0000e-12      10384          4  0.000e+00
     67.055   62.19452 -174.67402     67.716    -1.5220    -1.5221    -1.5232    31.8369    31.8484  1025.9310    25.6037    280.028    267.653  371.38555     75.401     0.0733     0.0916     1.2483 8.4714e-06      10385          4  0.000e+00
     67.016   62.19452 -174.67402     67.677    -1.5222    -1.5222    -1.5233    31.8374    31.8484  1025.9312    25.6041    280.000    267.626  371.38592     75.393     0.0720     0.0842     1.2483 1.0000e-12      10386          4  0.000e+00
     67.055   62.19452 -174.67402     67.716    -1.5224    -1.5218    -1.5236    31.8375    31.8478  1025.9315    25.6042    279.978    267.598  371.38783     75.387     0.0733     0.0916     1.2483 1.0000e-12      10387          4  0.000e+00
     67.016   62.19452 -174.67402     67.677    -1.5222    -1.5218    -1.5233    31.8377    31.8478  1025.9314    25.6043    279.951    267.569  371.38517     75.380     0.0720     0.0842     1.2483 1.0000e-12      10388          4  0.000e+00
     67.016   62.19452 -174.67402     67.677    -1.5220    -1.5218    -1.5232    31.8375    31.8476  1025.9313    25.6042    280.452    267.542  371.38398     75.515     0.0720     0.0842     1.2483 1.0000e-12      10389          4  0.000e+00
     67.001   62.19452 -174.67402     67.661    -1.5215    -1.5216    -1.5227    31.8371    31.8476  1025.9309    25.6038    280.003    267.513  371.38053     75.395     0.0708     0.0769     1.2483 8.4714e-06      10390          4  0.000e+00
     67.016   62.19452 -174.67402     67.677    -1.5214    -1.5217    -1.5225    31.8368    31.8475  1025.9307    25.6036    279.982    267.521  371.37974     75.390     0.0708     0.0769     1.2483 8.4714e-06      10391          4  0.000e+00
     67.055   62.19452 -174.67402     67.716    -1.5217    -1.5218    -1.5229    31.8371    31.8477  1025.9311    25.6038    279.967    267.531  371.38231     75.385     0.0708     0.0769     1.2483 1.0000e-12      10392          4  0.000e+00
     67.016   62.19452 -174.67402     67.677    -1.5215    -1.5218    -1.5227    31.8369    31.8480  1025.9308    25.6037    280.000    267.539  371.38105     75.394     0.0708     0.0769     1.2483 8.4714e-06      10393          4  0.000e+00
     66.903   62.19452 -174.67402     67.563    -1.5215    -1.5212    -1.5227    31.8367    31.8474  1025.9301    25.6036    280.361    270.215  371.38148     75.491     0.0733     0.0916     1.2497 1.0000e-12      10567          5  0.000e+00
