EcoFOCI/data/1_SampleCollection/2023_SikuliaqDBO_CruiseData/CTD_raw_BottleFile_SKQ23-12S/proc/skq202312s_031avg.cnv
* Sea-Bird SBE 9 Data File:
* FileName = D:\CTD\SKQ202312S\SKQ202312S_031.hex
* Software Version Seasave V 7.26.7.121
* Temperature SN = 6177
* Conductivity SN = 0369
* Number of Bytes Per Scan = 41
* Number of Voltage Words = 4
* Number of Scans Averaged by the Deck Unit = 1
* NMEA Latitude = 71 29.95 N
* NMEA Longitude = 157 40.36 W
* NMEA UTC (Time) = Sep 21 2023  09:49:17
* NMEA baud rate = 4800
** Ship: R/V Sikuliaq
** Station Number: 031
** Station Name: DBO5.7
** Bottom Depth: 81
** Operator: SS
# nquan = 25
# nvalues = 74                          
# units = specified
# name 0 = depSM: Depth [salt water, m]
# name 1 = latitude: Latitude [deg]
# name 2 = longitude: Longitude [deg]
# name 3 = prDM: Pressure, Digiquartz [db]
# name 4 = t090C: Temperature [ITS-90, deg C]
# name 5 = t190C: Temperature, 2 [ITS-90, deg C]
# name 6 = potemp090C: Potential Temperature [ITS-90, deg C]
# name 7 = sal00: Salinity, Practical [PSU]
# name 8 = sal11: Salinity, Practical, 2 [PSU]
# name 9 = density00: Density [density, kg/m^3]
# name 10 = sigma-é00: Density [sigma-theta, kg/m^3]
# name 11 = sbox0Mm/Kg: Oxygen, SBE 43 [umol/kg]
# name 12 = sbox1Mm/Kg: Oxygen, SBE 43, 2 [umol/kg]
# name 13 = oxsolMm/Kg: Oxygen Saturation, Garcia & Gordon [umol/kg]
# name 14 = sbeox0PS: Oxygen, SBE 43 [% saturation]
# name 15 = sbeox1PS: Oxygen, SBE 43, 2 [% saturation]
# name 16 = v0: Voltage 0
# name 17 = flECO-AFL: Fluorescence, WET Labs ECO-AFL/FL [mg/m^3]
# name 18 = v1: Voltage 1
# name 19 = CStarAt0: Beam Attenuation, WET Labs C-Star [1/m]
# name 20 = par: PAR/Irradiance, Biospherical/Licor
# name 21 = scan: Scan Count
# name 22 = timeM: Time, Elapsed [minutes]
# name 23 = nbin: number of scans per bin
# name 24 = flag: flag
# span 0 =      3.959,     76.200       
# span 1 =   71.49900,   71.49906       
# span 2 = -157.67369, -157.67337       
# span 3 =      4.000,     77.000       
# span 4 =    -1.6840,     2.9660       
# span 5 =    -1.6822,     2.9395       
# span 6 =    -1.6851,     2.9654       
# span 7 =    29.9764,    32.8939       
# span 8 =    29.9828,    32.9029       
# span 9 =  1023.9126,  1026.8368       
# span 10 =    23.8843,    26.4651      
# span 11 =    254.293,    442.256      
# span 12 =    241.515,    426.319      
# span 13 =  335.07750,  370.21568      
# span 14 =     68.698,    123.916      
# span 15 =     65.258,    120.280      
# span 16 =     0.0760,     0.1678      
# span 17 =     0.1082,     0.6587      
# span 18 =     3.3607,     4.1661      
# span 19 =     0.4929,     1.3557      
# span 20 = -5.349e-08, 2.6124e-01      
# span 21 =        326,       7236      
# span 22 =     0.2254,     5.0241      
# span 23 =         22,        546      
# span 24 = 0.0000e+00, 0.0000e+00      
# interval = decibars: 1                
# start_time = Sep 21 2023 09:54:09 [NMEA time, first data scan]
# bad_flag = -9.990e-29
*END*
      3.959   71.49906 -157.67340      4.000     2.8634     2.8623     2.8632    30.0013    30.0119  1023.9265    23.9076    342.971    327.714  336.16880    102.023     97.490     0.1577     0.5982     4.1189     0.5385 2.6124e-01        326     0.2254        351 0.0000e+00
      4.949   71.49906 -157.67340      5.000     2.8783     2.8781     2.8780    29.9934    30.0039  1023.9238    23.9002    342.103    326.717  336.06436    101.797     97.226     0.1559     0.5875     4.1189     0.5385 1.9867e-01        541     0.3747         59 0.0000e+00
      5.939   71.49905 -157.67338      6.000     2.9080     2.9146     2.9077    29.9764    29.9828  1023.9126    23.8843    341.637    325.807  335.85879    101.720     97.028     0.1583     0.6019     4.1199     0.5375 8.3128e-02        665     0.4614        114 0.0000e+00
      6.928   71.49906 -157.67338      7.000     2.9260     2.9265     2.9256    29.9802    29.9884  1023.9190    23.8860    341.707    325.254  335.69855    101.790     96.896     0.1542     0.5772     4.1175     0.5398 8.0106e-02        734     0.5092         38 0.0000e+00
      7.918   71.49904 -157.67339      8.000     2.9256     2.9253     2.9252    29.9794    29.9872  1023.9231    23.8853    341.759    324.210  335.70416    101.804     96.581     0.1554     0.5843     4.1193     0.5381 7.0699e-02        879     0.6095         52 0.0000e+00
      8.908   71.49904 -157.67337      9.000     2.9257     2.9272     2.9253    29.9793    29.9884  1023.9277    23.8853    341.059    326.176  335.70315    101.595     97.172     0.1658     0.6466     4.1188     0.5385 2.1902e-02       1044     0.7240        175 0.0000e+00
      9.898   71.49904 -157.67338     10.000     2.9247     2.9260     2.9242    29.9792    29.9882  1023.9324    23.8852    340.274    325.263  335.71220    101.359     96.897     0.1618     0.6226     4.1198     0.5376 1.3468e-02       1176     0.8161        137 0.0000e+00
     10.887   71.49904 -157.67337     11.000     2.9283     2.9355     2.9277    29.9815    29.9937  1023.9387    23.8868    341.452    325.333  335.67610    101.721     96.945     0.1603     0.6136     4.1198     0.5376 1.1608e-02       1291     0.8957        142 0.0000e+00
     11.877   71.49904 -157.67337     12.000     2.9660     2.9395     2.9654    30.0930    30.1989  1024.0294    23.9728    340.673    325.037  335.07750    101.670     97.017     0.1595     0.6092     4.1222     0.5353 2.7427e-03       1414     0.9813        104 0.0000e+00
     12.867   71.49904 -157.67337     13.000     1.5736     1.2237     1.5730    31.0437    31.2323  1024.8906    24.8289    359.770    346.708  344.59568    104.410     99.830     0.1509     0.5573     4.1430     0.5152 2.0483e-04       1529     1.0613        129 0.0000e+00
     13.857   71.49904 -157.67337     14.000     0.3824     0.3113     0.3820    31.5429    31.5730  1025.3655    25.2986    438.413    426.319  353.89949    123.916    120.280     0.1548     0.5812     4.1515     0.5069 1.3306e-06       1655     1.1487         84 0.0000e+00
     14.846   71.49904 -157.67338     15.000    -0.3195    -0.3309    -0.3199    31.7962    31.8048  1025.6057    25.5337    438.667    424.520  359.76241    121.926    117.973     0.1597     0.6102     4.1527     0.5057 6.0742e-07       1715     1.1903         40 0.0000e+00
     15.836   71.49904 -157.67338     16.000    -0.5620    -0.5692    -0.5624    31.9299    31.9424  1025.7277    25.6508    442.256    418.501  361.70453    122.268    115.690     0.1678     0.6587     4.1412     0.5168 8.4443e-07       1791     1.2429        111 0.0000e+00
     16.826   71.49904 -157.67338     17.000    -0.9321    -0.9323    -0.9324    32.1170    32.1222  1025.8968    25.8149    429.983    413.479  364.74318    117.888    113.367     0.1595     0.6090     4.1362     0.5217 7.9406e-07       1861     1.2915         32 0.0000e+00
     17.816   71.49904 -157.67340     18.000    -1.0580    -1.0552    -1.0584    32.1847    32.1897  1025.9604    25.8737    425.023    409.360  365.77691    116.197    111.928     0.1504     0.5544     4.1407     0.5174 5.0533e-07       1893     1.3137         34 0.0000e+00
     18.805   71.49904 -157.67339     19.000    -1.0988    -1.1008    -1.0992    32.2237    32.2315  1025.9980    25.9065    413.210    393.068  366.06392    112.882    107.380     0.1490     0.5462     4.1307     0.5270 1.1913e-06       1951     1.3543         89 0.0000e+00
     19.795   71.49904 -157.67340     20.000    -1.1994    -1.2019    -1.1999    32.2731    32.2834  1026.0458    25.9494    379.754    363.569  366.91009    103.500     99.090     0.1360     0.4684     4.1354     0.5225 4.8039e-07       2030     1.4090         47 0.0000e+00
     20.785   71.49904 -157.67342     21.000    -1.1970    -1.1921    -1.1974    32.3099    32.3163  1026.0805    25.9792    372.296    354.362  366.77978    101.504     96.631     0.1185     0.3628     4.1379     0.5200 1.0071e-06       2063     1.4319         26 0.0000e+00
     21.774   71.49904 -157.67341     22.000    -1.2249    -1.2244    -1.2254    32.3368    32.3450  1026.1079    26.0019    367.557    350.394  366.97639    100.158     95.489     0.1062     0.2893     4.1247     0.5328 2.5724e-06       2092     1.4522         35 0.0000e+00
     22.764   71.49904 -157.67341     23.000    -1.2633    -1.2632    -1.2638    32.3519    32.3597  1026.1261    26.0151    357.297    341.456  367.31107     97.274     92.967     0.1055     0.2849     4.1311     0.5266 3.5062e-06       2149     1.4917         77 0.0000e+00
     23.754   71.49904 -157.67342     24.000    -1.3030    -1.3054    -1.3035    32.3533    32.3626  1026.1332    26.0174    346.185    331.004  367.69905     94.149     90.021     0.1108     0.3167     4.1310     0.5268 3.5783e-06       2214     1.5365         45 0.0000e+00
     24.743   71.49904 -157.67343     25.000    -1.3537    -1.3527    -1.3542    32.3689    32.3772  1026.1520    26.0313    342.817    326.994  368.15571     93.118     88.828     0.1007     0.2561     4.0753     0.5815 2.7485e-06       2258     1.5677         43 0.0000e+00
     25.733   71.49904 -157.67344     26.000    -1.4207    -1.4184    -1.4212    32.3879    32.3967  1026.1741    26.0486    341.265    325.131  368.76435     92.543     88.179     0.0948     0.2206     4.1591     0.4997 4.5039e-06       2307     1.6011         56 0.0000e+00
     26.723   71.49904 -157.67344     27.000    -1.4426    -1.4408    -1.4431    32.4088    32.4175  1026.1964    26.0661    335.585    319.396  368.92042     90.964     86.586     0.0961     0.2282     4.1661     0.4929 2.8848e-06       2360     1.6383         43 0.0000e+00
     27.712   71.49904 -157.67345     28.000    -1.4858    -1.4858    -1.4863    32.4273    32.4375  1026.2174    26.0822    328.765    311.223  369.29675     89.025     84.282     0.0980     0.2402     4.1569     0.5017 4.0776e-06       2395     1.6622         29 0.0000e+00
     28.702   71.49904 -157.67346     29.000    -1.5192    -1.5178    -1.5198    32.4531    32.4617  1026.2440    26.1039    324.563    307.499  369.55457     87.826     83.217     0.1119     0.3233     4.1278     0.5298 2.2203e-06       2431     1.6874         50 0.0000e+00
     29.691   71.49904 -157.67345     30.000    -1.4497    -1.4638    -1.4503    32.4091    32.4263  1026.2114    26.0665    321.403    306.665  368.99035     87.103     83.089     0.1097     0.3103     4.1367     0.5212 3.3054e-06       2542     1.7647         89 0.0000e+00
     30.681   71.49904 -157.67347     31.000    -1.5389    -1.5384    -1.5394    32.4763    32.4871  1026.2729    26.1232    322.948    306.469  369.68245     87.358     82.909     0.1066     0.2919     4.1203     0.5370 2.2712e-06       2572     1.7857         26 0.0000e+00
     31.671   71.49904 -157.67348     32.000    -1.5207    -1.5192    -1.5212    32.4910    32.5010  1026.2893    26.1347    324.832    308.203  369.45801     87.921     83.430     0.1076     0.2978     4.1177     0.5397 -5.349e-08       2596     1.8021         22 0.0000e+00
     32.660   71.49904 -157.67348     33.000    -1.5442    -1.5428    -1.5448    32.5112    32.5210  1026.3111    26.1517    325.068    309.312  369.63385     87.943     83.690     0.1090     0.3060     4.1104     0.5468 2.4056e-06       2622     1.8205         36 0.0000e+00
     33.650   71.49904 -157.67346     34.000    -1.5285    -1.5198    -1.5291    32.4932    32.4965  1026.3009    26.1367    317.678    301.494  369.52957     85.968     81.610     0.1131     0.3308     4.1222     0.5352 2.7875e-06       2716     1.8853        108 0.0000e+00
     34.640   71.49904 -157.67348     35.000    -1.5117    -1.5074    -1.5123    32.5169    32.5332  1026.3246    26.1555    313.799    298.575  369.29274     84.973     80.870     0.1047     0.2804     4.1275     0.5301 2.3135e-06       2766     1.9205         33 0.0000e+00
     35.629   71.49904 -157.67348     36.000    -1.4918    -1.4903    -1.4925    32.5546    32.5653  1026.3595    26.1857    315.236    300.912  368.98538     85.433     81.561     0.0909     0.1974     4.1401     0.5178 3.8007e-06       2798     1.9427         31 0.0000e+00
     36.619   71.49904 -157.67350     37.000    -1.4977    -1.4960    -1.4983    32.5653    32.5751  1026.3731    26.1945    316.555    301.516  369.01228     85.784     81.719     0.0868     0.1732     4.0588     0.5974 3.0065e-06       2832     1.9658         37 0.0000e+00
     37.608   71.49904 -157.67350     38.000    -1.5098    -1.5081    -1.5105    32.5739    32.5837  1026.3852    26.2018    312.132    296.273  369.10808     84.564     80.277     0.0933     0.2118     3.9484     0.7087 3.2879e-06       2880     1.9995         64 0.0000e+00
     38.598   71.49904 -157.67350     39.000    -1.5171    -1.5161    -1.5178    32.5771    32.5875  1026.3928    26.2045    305.982    289.428  369.17108     82.884     78.408     0.1031     0.2705     3.7971     0.8636 3.6007e-06       2957     2.0530         71 0.0000e+00
     39.588   71.49904 -157.67350     40.000    -1.5272    -1.5255    -1.5279    32.5831    32.5932  1026.4028    26.2097    304.034    289.229  369.25402     82.337     78.338     0.1014     0.2603     3.8235     0.8363 4.1618e-06       3013     2.0913         43 0.0000e+00
     40.577   71.49904 -157.67352     41.000    -1.5310    -1.5295    -1.5317    32.5874    32.5975  1026.4112    26.2133    303.513    288.860  369.27925     82.191     78.232     0.1000     0.2524     3.8248     0.8349 5.0147e-06       3048     2.1158         32 0.0000e+00
     41.567   71.49904 -157.67352     42.000    -1.5403    -1.5389    -1.5411    32.6008    32.6111  1026.4272    26.2244    303.869    287.885  369.33300     82.275     77.956     0.1087     0.3040     3.8590     0.7992 2.8937e-06       3079     2.1372         30 0.0000e+00
     42.556   71.49904 -157.67352     43.000    -1.5544    -1.5517    -1.5552    32.6183    32.6278  1026.4466    26.2390    302.982    287.053  369.42259     82.015     77.714     0.1325     0.4473     3.7700     0.8929 2.2333e-06       3117     2.1640         55 0.0000e+00
     43.546   71.49904 -157.67352     44.000    -1.5377    -1.5322    -1.5385    32.6001    32.6061  1026.4362    26.2237    294.636    280.702  369.30899     79.781     76.023     0.1329     0.4493     3.7946     0.8665 2.1433e-06       3217     2.2332         75 0.0000e+00
     44.536   71.49904 -157.67352     45.000    -1.6099    -1.6071    -1.6107    32.6667    32.6768  1026.4970    26.2796    293.606    279.198  369.83483     79.388     75.504     0.1198     0.3704     3.8335     0.8261 1.8000e-06       3252     2.2573         33 0.0000e+00
     45.525   71.49902 -157.67354     46.000    -1.6241    -1.6225    -1.6249    32.7021    32.7121  1026.5308    26.3087    295.889    281.526  369.87288     79.998     76.124     0.1123     0.3261     3.8304     0.8296 2.5002e-06       3286     2.2812         34 0.0000e+00
     46.515   71.49903 -157.67354     47.000    -1.6316    -1.6298    -1.6324    32.7114    32.7212  1026.5434    26.3164    294.031    279.798  369.92092     79.485     75.647     0.1104     0.3147     3.7338     0.9314 2.2751e-06       3322     2.3064         45 0.0000e+00
     47.505   71.49904 -157.67351     48.000    -1.6136    -1.6035    -1.6144    32.6853    32.6842  1026.5267    26.2948    270.092    256.100  369.81717     73.034     69.269     0.1160     0.3482     3.7402     0.9245 2.8511e-06       3416     2.3713         79 0.0000e+00
     48.494   71.49902 -157.67354     49.000    -1.6400    -1.6381    -1.6408    32.7226    32.7325  1026.5624    26.3257    267.848    254.503  369.97205     72.397     68.799     0.1080     0.2999     3.7267     0.9389 2.8210e-06       3440     2.3885         24 0.0000e+00
     49.483   71.49902 -157.67355     50.000    -1.6466    -1.6449    -1.6475    32.7318    32.7418  1026.5749    26.3333    270.546    258.272  370.01109     73.118     69.810     0.0978     0.2390     3.7207     0.9453 3.6421e-06       3471     2.4098         39 0.0000e+00
     50.473   71.49903 -157.67355     51.000    -1.6514    -1.6493    -1.6523    32.7364    32.7456  1026.5836    26.3372    268.473    256.322  370.04542     72.551     69.277     0.1012     0.2590     3.7231     0.9428 3.1048e-06       3534     2.4538         79 0.0000e+00
     51.462   71.49903 -157.67354     52.000    -1.6567    -1.6550    -1.6576    32.7412    32.7512  1026.5924    26.3412    260.626    246.904  370.08467     70.423     66.724     0.0996     0.2498     3.7285     0.9369 2.9661e-06       3605     2.5029         57 0.0000e+00
     52.452   71.49902 -157.67356     53.000    -1.6590    -1.6574    -1.6599    32.7469    32.7569  1026.6019    26.3459    259.714    246.638  370.09120     70.176     66.651     0.0925     0.2070     3.7242     0.9414 3.7726e-06       3644     2.5301         27 0.0000e+00
     53.442   71.49902 -157.67356     54.000    -1.6612    -1.6597    -1.6622    32.7509    32.7610  1026.6100    26.3492    259.754    246.460  370.10187     70.184     66.600     0.0889     0.1853     3.7080     0.9590 3.8840e-06       3670     2.5478         24 0.0000e+00
     54.431   71.49902 -157.67356     55.000    -1.6601    -1.6581    -1.6610    32.7504    32.7601  1026.6144    26.3488    258.358    244.410  370.09152     69.809     66.049     0.0872     0.1754     3.7063     0.9608 4.4413e-06       3723     2.5847        104 0.0000e+00
     55.421   71.49902 -157.67356     56.000    -1.6583    -1.6563    -1.6593    32.7482    32.7581  1026.6175    26.3470    256.101    241.924  370.08067     69.201     65.379     0.0868     0.1731     3.7138     0.9527 4.1096e-06       3809     2.6444         39 0.0000e+00
     56.410   71.49902 -157.67356     57.000    -1.6621    -1.6608    -1.6631    32.7558    32.7664  1026.6285    26.3532    256.432    241.850  370.09621     69.288     65.356     0.0821     0.1446     3.7085     0.9585 4.9222e-06       3841     2.6668         31 0.0000e+00
     57.400   71.49902 -157.67356     58.000    -1.6679    -1.6664    -1.6689    32.7629    32.7729  1026.6393    26.3591    256.121    242.440  370.13327     69.197     65.509     0.0797     0.1302     3.7091     0.9577 5.4783e-06       3873     2.6891         34 0.0000e+00
     58.389   71.49902 -157.67357     59.000    -1.6704    -1.6688    -1.6715    32.7656    32.7756  1026.6463    26.3613    255.643    242.686  370.15084     69.065     65.572     0.0803     0.1338     3.6865     0.9823 5.0034e-06       3914     2.7176         51 0.0000e+00
     59.379   71.49902 -157.67357     60.000    -1.6724    -1.6671    -1.6734    32.7691    32.7745  1026.6541    26.3643    254.293    241.515  370.16000     68.698     65.258     0.0821     0.1445     3.6922     0.9761 4.0076e-06       3985     2.7669         89 0.0000e+00
