EcoFOCI/data/1_SampleCollection/2023_SikuliaqDBO_CruiseData/CTD_raw_BottleFile_SKQ23-12S/proc/skq202312s_012avg.cnv
* Sea-Bird SBE 9 Data File:
* FileName = D:\CTD\SKQ202312S\SKQ202312S_012.hex
* Software Version Seasave V 7.26.7.121
* Temperature SN = 6177
* Conductivity SN = 0369
* Number of Bytes Per Scan = 41
* Number of Voltage Words = 4
* Number of Scans Averaged by the Deck Unit = 1
* NMEA Latitude = 64 40.32 N
* NMEA Longitude = 170 38.51 W
* NMEA UTC (Time) = Sep 17 2023  03:44:23
* NMEA baud rate = 4800
** Ship: R/V Sikuliaq
** Station Number: 012
** Station Name: DBO2.0
** Bottom Depth: 48
** Operator: SD
# nquan = 25
# nvalues = 39                          
# units = specified
# name 0 = depSM: Depth [salt water, m]
# name 1 = latitude: Latitude [deg]
# name 2 = longitude: Longitude [deg]
# name 3 = prDM: Pressure, Digiquartz [db]
# name 4 = t090C: Temperature [ITS-90, deg C]
# name 5 = t190C: Temperature, 2 [ITS-90, deg C]
# name 6 = potemp090C: Potential Temperature [ITS-90, deg C]
# name 7 = sal00: Salinity, Practical [PSU]
# name 8 = sal11: Salinity, Practical, 2 [PSU]
# name 9 = density00: Density [density, kg/m^3]
# name 10 = sigma-é00: Density [sigma-theta, kg/m^3]
# name 11 = sbox0Mm/Kg: Oxygen, SBE 43 [umol/kg]
# name 12 = sbox1Mm/Kg: Oxygen, SBE 43, 2 [umol/kg]
# name 13 = oxsolMm/Kg: Oxygen Saturation, Garcia & Gordon [umol/kg]
# name 14 = sbeox0PS: Oxygen, SBE 43 [% saturation]
# name 15 = sbeox1PS: Oxygen, SBE 43, 2 [% saturation]
# name 16 = v0: Voltage 0
# name 17 = flECO-AFL: Fluorescence, WET Labs ECO-AFL/FL [mg/m^3]
# name 18 = v1: Voltage 1
# name 19 = CStarAt0: Beam Attenuation, WET Labs C-Star [1/m]
# name 20 = par: PAR/Irradiance, Biospherical/Licor
# name 21 = scan: Scan Count
# name 22 = timeM: Time, Elapsed [minutes]
# name 23 = nbin: number of scans per bin
# name 24 = flag: flag
# span 0 =      3.961,     41.585       
# span 1 =   64.67165,   64.67194       
# span 2 = -170.64178, -170.64135       
# span 3 =      4.000,     42.000       
# span 4 =     3.2218,     3.3095       
# span 5 =     3.2227,     3.2952       
# span 6 =     3.2201,     3.3092       
# span 7 =    33.0123,    33.0186       
# span 8 =    33.0228,    33.0272       
# span 9 =  1026.2948,  1026.4768       
# span 10 =    26.2756,    26.2802      
# span 11 =    227.427,    229.317      
# span 12 =    217.092,    219.158      
# span 13 =  324.95594,  325.66752      
# span 14 =     69.837,     70.455      
# span 15 =     66.669,     67.364      
# span 16 =     0.1466,     0.2055      
# span 17 =     0.5318,     0.8848      
# span 18 =     3.8253,     3.8615      
# span 19 =     0.7967,     0.8347      
# span 20 = 1.4270e-01, 6.0927e+01      
# span 21 =        485,       5148      
# span 22 =     0.3358,     3.5745      
# span 23 =         33,        369      
# span 24 = 0.0000e+00, 0.0000e+00      
# interval = decibars: 1                
# start_time = Sep 17 2023 03:45:41 [NMEA time, first data scan]
# bad_flag = -9.990e-29
*END*
      3.961   64.67194 -170.64178      4.000     3.3095     3.2952     3.3092    33.0186    33.0272  1026.2948    26.2760    228.177    218.254  324.95594     70.218     67.145     0.1584     0.6022     3.8458     0.8130 6.0927e+01        485     0.3358        119 0.0000e+00
      4.951   64.67192 -170.64178      5.000     3.2678     3.2725     3.2675    33.0133    33.0244  1026.2990    26.2756    228.241    217.397  325.30086     70.163     66.843     0.1571     0.5948     3.8483     0.8103 4.9022e+01        644     0.4468        143 0.0000e+00
      5.941   64.67192 -170.64178      6.000     3.2451     3.2598     3.2447    33.0151    33.0252  1026.3071    26.2790    228.314    218.043  325.47824     70.147     67.021     0.1607     0.6159     3.8427     0.8162 4.0145e+01        783     0.5429        124 0.0000e+00
      6.931   64.67190 -170.64178      7.000     3.2507     3.2527     3.2503    33.0140    33.0245  1026.3104    26.2776    228.711    217.645  325.43583     70.279     66.887     0.1555     0.5848     3.8434     0.8155 3.3158e+01        919     0.6374        150 0.0000e+00
      7.922   64.67189 -170.64178      8.000     3.2577     3.2599     3.2572    33.0143    33.0246  1026.3148    26.2773    228.946    219.158  325.37911     70.363     67.364     0.1556     0.5857     3.8253     0.8347 2.7604e+01       1063     0.7377        112 0.0000e+00
      8.912   64.67188 -170.64178      9.000     3.2634     3.2638     3.2628    33.0134    33.0243  1026.3182    26.2761    229.215    218.942  325.33587     70.455     67.303     0.1473     0.5358     3.8489     0.8097 2.3840e+01       1196     0.8302        146 0.0000e+00
      9.902   64.67186 -170.64178     10.000     3.2323     3.2399     3.2317    33.0135    33.0245  1026.3258    26.2790    229.317    217.294  325.58433     70.432     66.758     0.1571     0.5945     3.8531     0.8054 2.0390e+01       1344     0.9325        132 0.0000e+00
     10.892   64.67184 -170.64176     11.000     3.2336     3.2351     3.2330    33.0123    33.0228  1026.3294    26.2779    229.002    218.927  325.57659     70.337     67.250     0.1466     0.5318     3.8508     0.8078 1.7378e+01       1481     1.0278        167 0.0000e+00
     11.882   64.67183 -170.64176     12.000     3.2242     3.2249     3.2235    33.0134    33.0242  1026.3358    26.2796    228.853    218.386  325.64877     70.276     67.068     0.1717     0.6823     3.8507     0.8079 1.4699e+01       1615     1.1209        121 0.0000e+00
     12.872   64.67181 -170.64176     13.000     3.2227     3.2235     3.2220    33.0135    33.0242  1026.3407    26.2798    228.747    218.166  325.66046     70.241     66.998     0.1714     0.6803     3.8476     0.8111 1.2624e+01       1766     1.2255        119 0.0000e+00
     13.863   64.67180 -170.64176     14.000     3.2235     3.2243     3.2227    33.0132    33.0238  1026.3451    26.2795    228.401    217.344  325.65510     70.136     66.747     0.1658     0.6467     3.8554     0.8030 1.0761e+01       1872     1.2992        106 0.0000e+00
     14.853   64.67180 -170.64174     15.000     3.2238     3.2247     3.2230    33.0130    33.0235  1026.3496    26.2793    228.775    217.211  325.65306     70.251     66.707     0.1688     0.6646     3.8552     0.8032 9.2749e+00       1975     1.3710         99 0.0000e+00
     15.843   64.67178 -170.64174     16.000     3.2242     3.2250     3.2232    33.0131    33.0237  1026.3544    26.2794    229.141    218.533  325.65008     70.364     67.114     0.1609     0.6171     3.8574     0.8009 7.8811e+00       2039     1.4156         48 0.0000e+00
     16.833   64.67178 -170.64174     17.000     3.2242     3.2249     3.2231    33.0132    33.0236  1026.3591    26.2795    228.900    218.944  325.65011     70.290     67.239     0.1586     0.6037     3.8526     0.8059 6.8703e+00       2126     1.4760         98 0.0000e+00
     17.823   64.67178 -170.64173     18.000     3.2243     3.2250     3.2232    33.0132    33.0237  1026.3638    26.2794    228.977    218.443  325.64941     70.314     67.086     0.1570     0.5940     3.8549     0.8035 5.9294e+00       2192     1.5216         52 0.0000e+00
     18.813   64.67177 -170.64172     19.000     3.2236     3.2241     3.2225    33.0132    33.0237  1026.3686    26.2796    228.852    217.724  325.65431     70.275     66.863     0.1594     0.6082     3.8615     0.7967 5.1342e+00       2248     1.5605         56 0.0000e+00
     19.803   64.67176 -170.64172     20.000     3.2238     3.2245     3.2226    33.0130    33.0235  1026.3731    26.2794    228.736    218.310  325.65335     70.239     67.044     0.1551     0.5829     3.8533     0.8051 4.4658e+00       2311     1.6045         73 0.0000e+00
     20.794   64.67176 -170.64170     21.000     3.2240     3.2249     3.2227    33.0130    33.0234  1026.3778    26.2794    228.998    218.162  325.65189     70.320     66.999     0.1572     0.5955     3.8562     0.8021 3.8500e+00       2381     1.6524         51 0.0000e+00
     21.784   64.67176 -170.64170     22.000     3.2227     3.2240     3.2214    33.0135    33.0239  1026.3829    26.2799    228.876    218.273  325.66066     70.280     67.032     0.1683     0.6617     3.8547     0.8037 3.4085e+00       2424     1.6826         48 0.0000e+00
     22.774   64.67176 -170.64170     23.000     3.2223     3.2230     3.2209    33.0136    33.0242  1026.3877    26.2800    228.666    218.295  325.66387     70.215     67.037     0.1576     0.5975     3.8552     0.8032 2.9005e+00       2479     1.7207         57 0.0000e+00
     23.764   64.67176 -170.64168     24.000     3.2222     3.2230     3.2208    33.0136    33.0241  1026.3925    26.2800    228.216    219.107  325.66473     70.077     67.286     0.1784     0.7221     3.8543     0.8041 2.5017e+00       2534     1.7592         52 0.0000e+00
     24.754   64.67175 -170.64168     25.000     3.2223     3.2231     3.2208    33.0136    33.0240  1026.3972    26.2801    228.417    218.172  325.66402     70.139     67.000     0.1680     0.6597     3.8536     0.8049 2.2102e+00       2591     1.7986         69 0.0000e+00
     25.744   64.67175 -170.64166     26.000     3.2226     3.2232     3.2211    33.0136    33.0241  1026.4018    26.2800    228.436    217.729  325.66151     70.145     66.864     0.1548     0.5808     3.8543     0.8042 1.8626e+00       2660     1.8467         50 0.0000e+00
     26.734   64.67174 -170.64166     27.000     3.2225     3.2232     3.2209    33.0136    33.0241  1026.4065    26.2800    228.444    218.667  325.66236     70.147     67.152     0.1549     0.5816     3.8503     0.8083 1.5860e+00       2696     1.8718         34 0.0000e+00
     27.724   64.67174 -170.64166     28.000     3.2219     3.2229     3.2202    33.0137    33.0241  1026.4113    26.2802    228.494    218.529  325.66685     70.162     67.109     0.1660     0.6479     3.8498     0.8089 1.3835e+00       2737     1.8997         51 0.0000e+00
     28.714   64.67174 -170.64164     29.000     3.2218     3.2229     3.2201    33.0137    33.0240  1026.4160    26.2801    228.198    217.361  325.66752     70.071     66.750     0.1619     0.6236     3.8457     0.8131 1.2335e+00       2804     1.9466         60 0.0000e+00
     29.704   64.67174 -170.64164     30.000     3.2220     3.2227     3.2202    33.0137    33.0241  1026.4207    26.2802    227.990    217.597  325.66638     70.007     66.822     0.1555     0.5851     3.8484     0.8103 1.0305e+00       2845     1.9748         35 0.0000e+00
     30.695   64.67174 -170.64163     31.000     3.2219     3.2229     3.2201    33.0137    33.0240  1026.4253    26.2801    227.865    217.194  325.66677     69.969     66.699     0.2055     0.8848     3.8518     0.8067 8.9602e-01       2894     2.0091         70 0.0000e+00
     31.685   64.67174 -170.64162     32.000     3.2220     3.2228     3.2201    33.0136    33.0241  1026.4300    26.2801    227.953    217.447  325.66638     69.996     66.776     0.1496     0.5493     3.8535     0.8049 8.0352e-01       2962     2.0563         45 0.0000e+00
     32.675   64.67174 -170.64162     33.000     3.2222     3.2229     3.2202    33.0138    33.0241  1026.4348    26.2802    228.183    217.616  325.66467     70.067     66.829     0.1530     0.5702     3.8538     0.8046 6.6737e-01       2994     2.0787         33 0.0000e+00
     33.665   64.67174 -170.64161     34.000     3.2224     3.2232     3.2204    33.0137    33.0241  1026.4394    26.2801    227.886    217.565  325.66294     69.976     66.813     0.1688     0.6647     3.8538     0.8046 5.7785e-01       3039     2.1098         56 0.0000e+00
     34.655   64.67174 -170.64160     35.000     3.2230     3.2236     3.2209    33.0136    33.0240  1026.4439    26.2800    228.000    217.720  325.65806     70.012     66.861     0.1912     0.7991     3.8515     0.8071 5.0640e-01       3091     2.1459         43 0.0000e+00
     35.645   64.67174 -170.64160     36.000     3.2233     3.2240     3.2212    33.0135    33.0239  1026.4486    26.2799    228.024    217.678  325.65566     70.020     66.850     0.1619     0.6235     3.8600     0.7982 4.2213e-01       3148     2.1851         80 0.0000e+00
     36.635   64.67174 -170.64158     37.000     3.2232     3.2239     3.2210    33.0136    33.0240  1026.4533    26.2800    227.951    217.092  325.65672     69.997     66.669     0.1523     0.5655     3.8529     0.8056 3.5788e-01       3220     2.2353         53 0.0000e+00
     37.625   64.67172 -170.64152     38.000     3.2235     3.2243     3.2212    33.0137    33.0238  1026.4580    26.2800    228.288    217.736  325.65415     70.101     66.868     0.1582     0.6013     3.8487     0.8100 2.8706e-01       3645     2.5306        179 0.0000e+00
     38.615   64.67172 -170.64149     39.000     3.2238     3.2245     3.2215    33.0135    33.0240  1026.4625    26.2799    227.805    217.376  325.65215     69.954     66.757     0.1497     0.5500     3.8455     0.8133 2.4274e-01       3864     2.6827         88 0.0000e+00
     39.605   64.67172 -170.64148     40.000     3.2236     3.2243     3.2212    33.0135    33.0239  1026.4673    26.2799    228.126    217.891  325.65382     70.052     66.915     0.1510     0.5579     3.8490     0.8096 2.0265e-01       3876     2.6907         44 0.0000e+00
     40.595   64.67170 -170.64143     41.000     3.2240     3.2249     3.2216    33.0137    33.0238  1026.4720    26.2800    227.927    217.864  325.64992     69.991     66.908     0.1593     0.6079     3.8454     0.8135 1.7092e-01       4316     2.9964        369 0.0000e+00
     41.585   64.67165 -170.64135     42.000     3.2233     3.2241     3.2208    33.0137    33.0238  1026.4768    26.2801    227.427    218.178  325.65547     69.837     67.003     0.1526     0.5677     3.8548     0.8036 1.4270e-01       5148     3.5745         76 0.0000e+00
