EcoFOCI/data/1_SampleCollection/2023_SikuliaqDBO_CruiseData/CTD_raw_BottleFile_SKQ23-12S/proc/skq202312s_068.cnv
* Sea-Bird SBE 9 Data File:
* FileName = D:\CTD\SKQ202312S\SKQ202312S_068.hex
* Software Version Seasave V 7.26.7.121
* Temperature SN = 6177
* Conductivity SN = 0369
* Number of Bytes Per Scan = 41
* Number of Voltage Words = 4
* Number of Scans Averaged by the Deck Unit = 1
* NMEA Latitude = 67 40.62 N
* NMEA Longitude = 168 56.94 W
* NMEA UTC (Time) = Sep 29 2023  21:42:04
* NMEA baud rate = 4800
** Ship: R/V Sikuliaq
** Station Number: 068
** Station Name: DBO3.8
** Bottom Depth: 50
** Operator: SD
# nquan = 24
# nvalues = 3703                                  
# units = specified
# name 0 = depSM: Depth [salt water, m]
# name 1 = latitude: Latitude [deg]
# name 2 = longitude: Longitude [deg]
# name 3 = prDM: Pressure, Digiquartz [db]
# name 4 = t090C: Temperature [ITS-90, deg C]
# name 5 = t190C: Temperature, 2 [ITS-90, deg C]
# name 6 = potemp090C: Potential Temperature [ITS-90, deg C]
# name 7 = sal00: Salinity, Practical [PSU]
# name 8 = sal11: Salinity, Practical, 2 [PSU]
# name 9 = density00: Density [density, kg/m^3]
# name 10 = sigma-é00: Density [sigma-theta, kg/m^3]
# name 11 = sbox0Mm/Kg: Oxygen, SBE 43 [umol/kg]
# name 12 = sbox1Mm/Kg: Oxygen, SBE 43, 2 [umol/kg]
# name 13 = oxsolMm/Kg: Oxygen Saturation, Garcia & Gordon [umol/kg]
# name 14 = sbeox0PS: Oxygen, SBE 43 [% saturation]
# name 15 = sbeox1PS: Oxygen, SBE 43, 2 [% saturation]
# name 16 = v0: Voltage 0
# name 17 = flECO-AFL: Fluorescence, WET Labs ECO-AFL/FL [mg/m^3]
# name 18 = v1: Voltage 1
# name 19 = CStarAt0: Beam Attenuation, WET Labs C-Star [1/m]
# name 20 = par: PAR/Irradiance, Biospherical/Licor
# name 21 = scan: Scan Count
# name 22 = timeM: Time, Elapsed [minutes]
# name 23 = flag:  0.000e+00
# span 0 =      2.051,     45.081                 
# span 1 =   67.67708,   67.67710                 
# span 2 = -168.94940, -168.94924                 
# span 3 =      2.071,     45.540                 
# span 4 =     2.2800,     4.3266                 
# span 5 =     2.2714,     4.3271                 
# span 6 =     2.2787,     4.3252                 
# span 7 =    26.1225,    32.4304                 
# span 8 =    26.1366,    32.4429                 
# span 9 =  1020.8256,  1026.0550                 
# span 10 =    20.7999,    25.8417                
# span 11 =    236.439,    331.586                
# span 12 =    224.365,    316.898                
# span 13 =  326.96656,  344.61871                
# span 14 =     71.734,     98.278                
# span 15 =     68.080,     93.806                
# span 16 =     0.0757,     0.2686                
# span 17 =     0.1062,     1.2637                
# span 18 =     2.2198,     4.0696                
# span 19 =     0.5866,     3.0122                
# span 20 = 4.2089e-02, 2.5542e+02                
# span 21 =          1,       3703                
# span 22 =     0.0000,     2.5708                
# span 23 = 0.0000e+00, 0.0000e+00                
# interval = seconds: 0.0416667
# start_time = Sep 29 2023 21:45:22 [NMEA time, first data scan]
# bad_flag = -9.990e-29
*END*
[from data line 2053]
     34.994   67.67708 -168.94934     35.350     3.0756     3.0763     3.0736    32.2284    32.2405  1025.8328    25.6668    256.258    253.661  328.79437     77.939     77.157     0.0879     0.1795     3.3932     1.3140 1.0314e+00       2054     1.4257  0.000e+00
     35.048   67.67708 -168.94934     35.405     3.0755     3.0766     3.0735    32.2287    32.2401  1025.8332    25.6670    255.082    252.852  328.79465     77.581     76.912     0.0891     0.1868     3.3492     1.3662 1.0314e+00       2055     1.4264  0.000e+00
     35.056   67.67708 -168.94934     35.413     3.0756     3.0761     3.0736    32.2286    32.2404  1025.8332    25.6670    254.926    252.063  328.79386     77.534     76.671     0.0879     0.1795     3.3162     1.4058 1.0249e+00       2056     1.4271  0.000e+00
     35.056   67.67708 -168.94934     35.413     3.0753     3.0761     3.0733    32.2291    32.2405  1025.8337    25.6674    254.262    251.288  328.79516     77.331     76.435     0.0879     0.1795     3.3114     1.4117 1.0217e+00       2057     1.4278  0.000e+00
     35.056   67.67708 -168.94934     35.413     3.0752     3.0763     3.0732    32.2291    32.2408  1025.8337    25.6674    253.566    250.336  328.79646     77.119     76.146     0.0879     0.1795     3.3138     1.4087 1.0217e+00       2058     1.4285  0.000e+00
     35.102   67.67708 -168.94934     35.459     3.0752     3.0760     3.0732    32.2294    32.2410  1025.8341    25.6677    252.910    249.389  328.79533     76.920     75.857     0.0879     0.1795     3.3150     1.4072 1.0090e+00       2059     1.4292  0.000e+00
     35.172   67.67708 -168.94934     35.530     3.0750     3.0757     3.0730    32.2298    32.2414  1025.8347    25.6679    252.263    248.640  328.79622     76.723     75.629     0.0879     0.1795     3.3150     1.4072 1.0058e+00       2060     1.4299  0.000e+00
     35.110   67.67708 -168.94934     35.467     3.0750     3.0758     3.0730    32.2298    32.2414  1025.8345    25.6680    251.620    247.889  328.79614     76.528     75.401     0.0879     0.1795     3.3150     1.4072 1.0058e+00       2061     1.4306  0.000e+00
     35.226   67.67708 -168.94934     35.584     3.0748     3.0755     3.0728    32.2299    32.2418  1025.8351    25.6681    250.994    247.174  328.79720     76.337     75.183     0.0879     0.1795     3.3150     1.4072 1.0027e+00       2062     1.4312  0.000e+00
     35.156   67.67708 -168.94934     35.514     3.0747     3.0752     3.0727    32.2298    32.2420  1025.8347    25.6680    250.592    246.460  328.79830     76.214     74.966     0.0879     0.1795     3.3150     1.4072 9.9638e-01       2063     1.4319  0.000e+00
     35.226   67.67708 -168.94934     35.584     3.0748     3.0752     3.0728    32.2298    32.2418  1025.8351    25.6680    250.238    245.585  328.79740     76.107     74.699     0.0879     0.1795     3.3150     1.4072 9.9638e-01       2064     1.4326  0.000e+00
     35.226   67.67708 -168.94934     35.584     3.0744     3.0750     3.0723    32.2304    32.2423  1025.8355    25.6685    249.497    244.914  328.79990     75.881     74.495     0.0879     0.1795     3.3150     1.4072 9.9951e-01       2065     1.4333  0.000e+00
     35.280   67.67708 -168.94934     35.639     3.0745     3.0749     3.0725    32.2302    32.2426  1025.8356    25.6683    249.169    244.257  328.79907     75.782     74.295     0.0879     0.1795     3.3150     1.4072 9.9951e-01       2066     1.4340  0.000e+00
     35.272   67.67708 -168.94934     35.631     3.0743     3.0749     3.0722    32.2307    32.2427  1025.8360    25.6687    248.456    243.634  328.80007     75.564     74.106     0.0867     0.1721     3.3150     1.4072 9.9951e-01       2067     1.4347  0.000e+00
     35.280   67.67708 -168.94934     35.639     3.0740     3.0747     3.0720    32.2307    32.2428  1025.8361    25.6688    248.124    243.029  328.80168     75.463     73.921     0.0855     0.1648     3.3150     1.4072 9.8701e-01       2068     1.4354  0.000e+00
     35.280   67.67708 -168.94934     35.639     3.0739     3.0747     3.0719    32.2310    32.2428  1025.8364    25.6690    247.625    242.438  328.80218     75.311     73.742     0.0855     0.1648     3.3150     1.4072 9.8081e-01       2069     1.4361  0.000e+00
     35.342   67.67708 -168.94934     35.701     3.0736     3.0744     3.0715    32.2314    32.2430  1025.8370    25.6694    247.146    241.672  328.80387     75.165     73.508     0.0842     0.1575     3.3150     1.4072 9.7773e-01       2070     1.4368  0.000e+00
     35.334   67.67708 -168.94934     35.693     3.0737     3.0741     3.0716    32.2313    32.2434  1025.8368    25.6693    246.682    241.095  328.80326     75.024     73.333     0.0855     0.1648     3.3150     1.4072 9.7773e-01       2071     1.4375  0.000e+00
     35.396   67.67708 -168.94934     35.756     3.0735     3.0741     3.0714    32.2315    32.2438  1025.8373    25.6694    246.133    240.562  328.80454     74.857     73.171     0.0855     0.1648     3.3150     1.4072 9.7773e-01       2072     1.4382  0.000e+00
     35.396   67.67708 -168.94934     35.756     3.0733     3.0738     3.0713    32.2320    32.2441  1025.8378    25.6699    245.671    239.856  328.80445     74.716     72.955     0.0855     0.1648     3.3150     1.4072 9.7773e-01       2073     1.4389  0.000e+00
     35.396   67.67708 -168.94934     35.756     3.0733     3.0736     3.0713    32.2322    32.2441  1025.8379    25.6700    245.448    239.321  328.80405     74.649     72.792     0.0855     0.1648     3.3150     1.4072 9.7158e-01       2074     1.4396  0.000e+00
     35.450   67.67708 -168.94934     35.810     3.0730     3.0735     3.0709    32.2325    32.2443  1025.8384    25.6703    245.249    239.006  328.80592     74.588     72.697     0.0855     0.1648     3.3016     1.4235 9.6852e-01       2075     1.4403  0.000e+00
     35.457   67.67708 -168.94934     35.818     3.0729     3.0733     3.0708    32.2324    32.2446  1025.8383    25.6702    244.414    238.541  328.80713     74.334     72.555     0.0842     0.1575     3.2857     1.4428 9.6547e-01       2076     1.4410  0.000e+00
     35.511   67.67708 -168.94934     35.872     3.0723     3.0730     3.0703    32.2328    32.2449  1025.8390    25.6706    244.406    237.884  328.81031     74.331     72.355     0.0855     0.1648     3.2821     1.4472 9.6242e-01       2077     1.4417  0.000e+00
     35.511   67.67708 -168.94934     35.872     3.0725     3.0729     3.0705    32.2331    32.2449  1025.8392    25.6708    244.050    237.423  328.80831     74.222     72.214     0.0855     0.1648     3.2833     1.4457 9.5939e-01       2078     1.4424  0.000e+00
     35.504   67.67708 -168.94934     35.865     3.0725     3.0727     3.0705    32.2330    32.2452  1025.8391    25.6708    243.899    236.965  328.80850     74.177     72.075     0.0867     0.1721     3.2833     1.4457 9.5636e-01       2079     1.4431  0.000e+00
     35.573   67.67708 -168.94934     35.935     3.0722     3.0724     3.0702    32.2329    32.2454  1025.8394    25.6707    243.554    236.535  328.81089     74.071     71.944     0.0855     0.1648     3.2833     1.4457 9.5636e-01       2080     1.4438  0.000e+00
     35.573   67.67708 -168.94934     35.935     3.0717     3.0722     3.0697    32.2339    32.2459  1025.8402    25.6715    243.193    236.130  328.81290     73.961     71.820     0.0855     0.1648     3.2833     1.4457 9.5033e-01       2081     1.4444  0.000e+00
     35.573   67.67708 -168.94934     35.935     3.0717     3.0721     3.0697    32.2338    32.2463  1025.8401    25.6714    243.033    235.730  328.81310     73.912     71.699     0.0855     0.1648     3.2833     1.4457 9.4733e-01       2082     1.4451  0.000e+00
     35.619   67.67708 -168.94934     35.982     3.0714     3.0718     3.0693    32.2342    32.2460  1025.8408    25.6718    242.713    235.361  328.81457     73.815     71.586     0.0855     0.1648     3.2833     1.4457 9.4733e-01       2083     1.4458  0.000e+00
     35.627   67.67708 -168.94934     35.989     3.0713     3.0716     3.0692    32.2344    32.2464  1025.8409    25.6720    242.595    234.995  328.81498     73.779     71.474     0.0855     0.1648     3.2845     1.4443 9.3838e-01       2084     1.4465  0.000e+00
     35.627   67.67708 -168.94934     35.989     3.0709     3.0713     3.0689    32.2347    32.2473  1025.8412    25.6723    242.315    234.634  328.81679     73.693     71.365     0.0855     0.1648     3.2833     1.4457 9.3541e-01       2085     1.4472  0.000e+00
     35.743   67.67708 -168.94934     36.106     3.0708     3.0710     3.0687    32.2348    32.2478  1025.8419    25.6724    242.023    234.283  328.81784     73.604     71.258     0.0855     0.1648     3.2845     1.4443 9.3245e-01       2086     1.4479  0.000e+00
     35.673   67.67710 -168.94934     36.036     3.0708     3.0711     3.0687    32.2351    32.2476  1025.8417    25.6725    241.747    233.931  328.81725     73.520     71.151     0.0855     0.1648     3.2833     1.4457 9.2656e-01       2087     1.4486  0.000e+00
     35.681   67.67710 -168.94934     36.044     3.0704     3.0708     3.0683    32.2356    32.2480  1025.8422    25.6730    241.643    233.589  328.81947     73.488     71.046     0.0855     0.1648     3.2833     1.4457 9.2362e-01       2088     1.4493  0.000e+00
     35.743   67.67710 -168.94934     36.106     3.0703     3.0708     3.0683    32.2354    32.2479  1025.8423    25.6728    241.559    233.471  328.82045     73.462     71.010     0.0855     0.1648     3.2833     1.4457 9.2070e-01       2089     1.4500  0.000e+00
     35.743   67.67710 -168.94934     36.106     3.0701     3.0705     3.0681    32.2357    32.2485  1025.8426    25.6731    241.308    233.162  328.82095     73.386     70.916     0.0855     0.1648     3.2833     1.4457 9.1778e-01       2090     1.4507  0.000e+00
     35.789   67.67710 -168.94934     36.153     3.0698     3.0705     3.0678    32.2363    32.2482  1025.8433    25.6736    241.261    232.663  328.82212     73.371     70.764     0.0855     0.1648     3.2833     1.4457 9.1487e-01       2091     1.4514  0.000e+00
     35.797   67.67710 -168.94934     36.161     3.0696     3.0703     3.0675    32.2366    32.2484  1025.8436    25.6739    241.013    232.560  328.82343     73.296     70.733     0.0842     0.1575     3.2833     1.4457 9.1487e-01       2092     1.4521  0.000e+00
     35.858   67.67710 -168.94934     36.223     3.0697     3.0702     3.0676    32.2365    32.2488  1025.8438    25.6737    240.966    232.292  328.82291     73.281     70.651     0.0830     0.1502     3.2833     1.4457 9.1778e-01       2093     1.4528  0.000e+00
     35.797   67.67710 -168.94934     36.161     3.0693     3.0700     3.0673    32.2368    32.2492  1025.8438    25.6741    240.932    232.025  328.82464     73.271     70.570     0.0818     0.1428     3.2833     1.4457 9.1778e-01       2094     1.4535  0.000e+00
     35.851   67.67710 -168.94934     36.215     3.0695     3.0700     3.0674    32.2370    32.2491  1025.8442    25.6742    240.733    231.963  328.82281     73.210     70.551     0.0818     0.1428     3.2796     1.4502 9.2070e-01       2095     1.4542  0.000e+00
     35.858   67.67710 -168.94934     36.223     3.0691     3.0700     3.0670    32.2378    32.2497  1025.8449    25.6749    240.733    231.707  328.82433     73.210     70.473     0.0818     0.1428     3.2698     1.4621 9.0908e-01       2096     1.4549  0.000e+00
     35.858   67.67710 -168.94934     36.223     3.0692     3.0700     3.0671    32.2380    32.2497  1025.8451    25.6750    240.528    231.456  328.82303     73.148     70.397     0.0818     0.1428     3.2662     1.4666 9.0044e-01       2097     1.4556  0.000e+00
     35.912   67.67710 -168.94934     36.278     3.0692     3.0699     3.0671    32.2384    32.2505  1025.8457    25.6754    240.522    231.185  328.82190     73.147     70.315     0.0818     0.1428     3.2674     1.4651 8.9758e-01       2098     1.4563  0.000e+00
     35.912   67.67710 -168.94934     36.278     3.0691     3.0697     3.0670    32.2385    32.2507  1025.8457    25.6754    240.275    231.136  328.82270     73.071     70.300     0.0818     0.1428     3.2674     1.4651 8.9758e-01       2099     1.4569  0.000e+00
     35.905   67.67710 -168.94934     36.270     3.0690     3.0703     3.0670    32.2391    32.2505  1025.8462    25.6759    240.257    230.913  328.82150     73.066     70.233     0.0806     0.1355     3.2674     1.4651 8.9758e-01       2100     1.4576  0.000e+00
     35.974   67.67710 -168.94934     36.340     3.0689     3.0702     3.0668    32.2397    32.2509  1025.8470    25.6764    240.290    230.894  328.82140     73.076     70.227     0.0818     0.1428     3.2674     1.4651 8.9758e-01       2101     1.4583  0.000e+00
     35.912   67.67710 -168.94934     36.278     3.0692     3.0703     3.0671    32.2397    32.2507  1025.8467    25.6763    240.111    230.676  328.81881     73.022     70.161     0.0806     0.1355     3.2674     1.4651 8.9758e-01       2102     1.4590  0.000e+00
     35.974   67.67710 -168.94934     36.340     3.0691     3.0707     3.0670    32.2400    32.2510  1025.8472    25.6766    240.096    230.461  328.81880     73.018     70.096     0.0818     0.1428     3.2674     1.4651 8.9189e-01       2103     1.4597  0.000e+00
     36.020   67.67710 -168.94934     36.387     3.0692     3.0702     3.0671    32.2404    32.2520  1025.8477    25.6769    240.015    230.444  328.81706     72.994     70.091     0.0818     0.1428     3.2674     1.4651 8.8905e-01       2104     1.4604  0.000e+00
     36.028   67.67710 -168.94934     36.395     3.0690     3.0707     3.0670    32.2411    32.2518  1025.8484    25.6775    239.830    230.251  328.81658     72.937     70.033     0.0818     0.1428     3.2674     1.4651 8.8905e-01       2105     1.4611  0.000e+00
     36.028   67.67710 -168.94934     36.395     3.0693     3.0707     3.0673    32.2411    32.2525  1025.8484    25.6775    239.835    230.059  328.81388     72.939     69.975     0.0818     0.1428     3.2674     1.4651 8.7778e-01       2106     1.4618  0.000e+00
     36.028   67.67710 -168.94934     36.395     3.0697     3.0710     3.0676    32.2410    32.2524  1025.8483    25.6774    239.846    230.038  328.81108     72.944     69.969     0.0818     0.1428     3.2674     1.4651 8.6941e-01       2107     1.4625  0.000e+00
     36.074   67.67710 -168.94934     36.441     3.0695     3.0711     3.0674    32.2417    32.2527  1025.8491    25.6780    239.867    229.820  328.81104     72.950     69.903     0.0818     0.1428     3.2674     1.4651 8.6941e-01       2108     1.4632  0.000e+00
     36.082   67.67710 -168.94934     36.449     3.0698     3.0715     3.0677    32.2420    32.2526  1025.8493    25.6781    239.671    229.793  328.80785     72.891     69.895     0.0818     0.1428     3.2674     1.4651 8.6664e-01       2109     1.4639  0.000e+00
     36.082   67.67710 -168.94934     36.449     3.0700     3.0713     3.0679    32.2424    32.2534  1025.8496    25.6784    239.663    229.591  328.80556     72.889     69.834     0.0818     0.1428     3.2674     1.4651 8.6387e-01       2110     1.4646  0.000e+00
     36.144   67.67710 -168.94934     36.511     3.0699     3.0715     3.0678    32.2419    32.2534  1025.8495    25.6781    239.662    229.582  328.80764     72.888     69.831     0.0818     0.1428     3.2674     1.4651 8.6387e-01       2111     1.4653  0.000e+00
     36.136   67.67710 -168.94934     36.504     3.0701     3.0713     3.0681    32.2425    32.2539  1025.8499    25.6785    239.694    229.589  328.80393     72.899     69.834     0.0806     0.1355     3.2674     1.4651 8.6111e-01       2112     1.4660  0.000e+00
     36.144   67.67710 -168.94934     36.511     3.0701     3.0713     3.0681    32.2427    32.2539  1025.8501    25.6786    239.765    229.591  328.80354     72.921     69.834     0.0818     0.1428     3.2674     1.4651 8.6111e-01       2113     1.4667  0.000e+00
