EcoFOCI/data/1_SampleCollection/2023_SikuliaqDBO_CruiseData/CTD_raw_BottleFile_SKQ23-12S/proc/skq202312s_046svp.cnv
* Sea-Bird SBE 9 Data File:
* FileName = D:\CTD\SKQ202312S\SKQ202312S_046.hex
* Software Version Seasave V 7.26.7.121
* Temperature SN = 6177
* Conductivity SN = 0369
* Number of Bytes Per Scan = 41
* Number of Voltage Words = 4
* Number of Scans Averaged by the Deck Unit = 1
* NMEA Latitude = 71 35.89 N
* NMEA Longitude = 161 32.21 W
* NMEA UTC (Time) = Sep 24 2023  19:47:51
* NMEA baud rate = 4800
** Ship: R/V Sikuliaq
** Station Number: 046
** Station Name: CEO2
** Bottom Depth: 46
** Operator: SD
# nquan = 7
# nvalues = 4389                                  
# units = specified
# name 0 = depSM: Depth [salt water, m]
# name 1 = latitude: Latitude [deg]
# name 2 = longitude: Longitude [deg]
# name 3 = t090C: Temperature [ITS-90, deg C]
# name 4 = sal00: Salinity, Practical [PSU]
# name 5 = svCM: Sound Velocity [Chen-Millero, m/s]
# name 6 = flag:  0.000e+00
# span 0 =      1.531,     41.132                 
# span 1 =   71.59802,   71.59810                 
# span 2 = -161.53712, -161.53668                 
# span 3 =    -1.5417,     2.3014                 
# span 4 =    27.0013,    32.5559                 
# span 5 =    1439.25,    1451.03                 
# span 6 = 0.0000e+00, 0.0000e+00                 
# interval = seconds: 0.0416667
# start_time = Sep 24 2023 19:50:48 [NMEA time, first data scan]
# bad_flag = -9.990e-29
*END*
[from data line 1026]
      7.768   71.59808 -161.53676     2.2196    27.3315    1449.15  0.000e+00
      7.768   71.59808 -161.53676     2.2196    27.3335    1449.16  0.000e+00
      7.768   71.59808 -161.53676     2.2197    27.3359    1449.16  0.000e+00
      7.768   71.59808 -161.53676     2.2201    27.3380    1449.16  0.000e+00
      7.768   71.59808 -161.53676     2.2201    27.3408    1449.17  0.000e+00
      7.822   71.59808 -161.53676     2.2203    27.3413    1449.17  0.000e+00
      7.745   71.59808 -161.53676     2.2201    27.3418    1449.17  0.000e+00
      7.822   71.59808 -161.53676     2.2203    27.3428    1449.17  0.000e+00
      7.822   71.59808 -161.53676     2.2201    27.3455    1449.17  0.000e+00
      7.768   71.59808 -161.53676     2.2202    27.3480    1449.18  0.000e+00
      7.822   71.59808 -161.53676     2.2204    27.3487    1449.18  0.000e+00
      7.822   71.59808 -161.53676     2.2203    27.3491    1449.18  0.000e+00
      7.822   71.59808 -161.53676     2.2202    27.3471    1449.18  0.000e+00
      7.822   71.59808 -161.53676     2.2203    27.3464    1449.18  0.000e+00
      7.822   71.59808 -161.53676     2.2205    27.3464    1449.18  0.000e+00
      7.884   71.59808 -161.53676     2.2203    27.3468    1449.18  0.000e+00
      7.822   71.59808 -161.53676     2.2202    27.3480    1449.18  0.000e+00
      7.853   71.59808 -161.53676     2.2202    27.3483    1449.18  0.000e+00
      7.884   71.59808 -161.53676     2.2201    27.3467    1449.18  0.000e+00
      7.884   71.59808 -161.53676     2.2201    27.3442    1449.17  0.000e+00
      7.884   71.59808 -161.53676     2.2201    27.3435    1449.17  0.000e+00
      7.884   71.59808 -161.53676     2.2203    27.3448    1449.17  0.000e+00
      7.884   71.59808 -161.53676     2.2202    27.3472    1449.18  0.000e+00
      7.884   71.59808 -161.53676     2.2203    27.3491    1449.18  0.000e+00
      7.884   71.59808 -161.53676     2.2205    27.3509    1449.18  0.000e+00
      7.938   71.59808 -161.53676     2.2206    27.3522    1449.19  0.000e+00
      7.884   71.59808 -161.53676     2.2205    27.3532    1449.19  0.000e+00
      7.938   71.59808 -161.53676     2.2204    27.3543    1449.19  0.000e+00
      7.915   71.59808 -161.53676     2.2206    27.3556    1449.19  0.000e+00
      7.938   71.59808 -161.53676     2.2205    27.3569    1449.19  0.000e+00
      7.938   71.59808 -161.53676     2.2206    27.3584    1449.20  0.000e+00
      7.938   71.59808 -161.53676     2.2203    27.3608    1449.20  0.000e+00
      8.000   71.59808 -161.53676     2.2201    27.3624    1449.20  0.000e+00
      7.938   71.59808 -161.53676     2.2203    27.3626    1449.20  0.000e+00
      7.938   71.59808 -161.53676     2.2202    27.3627    1449.20  0.000e+00
      8.000   71.59808 -161.53676     2.2199    27.3635    1449.20  0.000e+00
      7.938   71.59808 -161.53676     2.2197    27.3642    1449.20  0.000e+00
      8.000   71.59808 -161.53676     2.2197    27.3654    1449.20  0.000e+00
      8.054   71.59808 -161.53676     2.2193    27.3655    1449.20  0.000e+00
      7.969   71.59808 -161.53676     2.2191    27.3647    1449.20  0.000e+00
      8.000   71.59808 -161.53676     2.2189    27.3647    1449.20  0.000e+00
      8.000   71.59808 -161.53676     2.2189    27.3660    1449.20  0.000e+00
      8.054   71.59808 -161.53676     2.2189    27.3673    1449.20  0.000e+00
      8.054   71.59808 -161.53676     2.2188    27.3672    1449.20  0.000e+00
      8.054   71.59808 -161.53676     2.2187    27.3662    1449.20  0.000e+00
      8.000   71.59808 -161.53676     2.2185    27.3657    1449.20  0.000e+00
      8.054   71.59808 -161.53676     2.2186    27.3636    1449.20  0.000e+00
      8.115   71.59808 -161.53676     2.2185    27.3622    1449.19  0.000e+00
      8.054   71.59808 -161.53676     2.2185    27.3633    1449.19  0.000e+00
      8.054   71.59808 -161.53676     2.2185    27.3658    1449.20  0.000e+00
      8.085   71.59808 -161.53676     2.2182    27.3710    1449.20  0.000e+00
      8.115   71.59808 -161.53676     2.2177    27.3763    1449.21  0.000e+00
      8.115   71.59808 -161.53676     2.2174    27.3795    1449.21  0.000e+00
      8.115   71.59808 -161.53676     2.2169    27.3830    1449.21  0.000e+00
      8.115   71.59808 -161.53676     2.2169    27.3878    1449.22  0.000e+00
      8.115   71.59808 -161.53676     2.2167    27.3936    1449.23  0.000e+00
      8.169   71.59808 -161.53676     2.2160    27.3998    1449.23  0.000e+00
      8.115   71.59808 -161.53676     2.2157    27.4065    1449.24  0.000e+00
      8.169   71.59808 -161.53676     2.2148    27.4137    1449.25  0.000e+00
      8.169   71.59808 -161.53676     2.2134    27.4210    1449.25  0.000e+00
      8.139   71.59808 -161.53676     2.2122    27.4273    1449.25  0.000e+00
      8.223   71.59808 -161.53676     2.2109    27.4351    1449.26  0.000e+00
      8.169   71.59808 -161.53676     2.2100    27.4483    1449.27  0.000e+00
      8.169   71.59808 -161.53676     2.2080    27.4587    1449.27  0.000e+00
      8.223   71.59808 -161.53676     2.2063    27.4646    1449.27  0.000e+00
      8.169   71.59808 -161.53678     2.2049    27.4716    1449.28  0.000e+00
      8.223   71.59808 -161.53678     2.2033    27.4817    1449.28  0.000e+00
      8.223   71.59808 -161.53678     2.2022    27.4895    1449.29  0.000e+00
      8.223   71.59808 -161.53678     2.2012    27.4976    1449.30  0.000e+00
      8.285   71.59808 -161.53678     2.2001    27.5064    1449.30  0.000e+00
      8.200   71.59808 -161.53678     2.1989    27.5153    1449.31  0.000e+00
      8.285   71.59808 -161.53678     2.1983    27.5205    1449.31  0.000e+00
      8.285   71.59808 -161.53678     2.1977    27.5220    1449.31  0.000e+00
      8.285   71.59808 -161.53678     2.1966    27.5227    1449.31  0.000e+00
      8.285   71.59808 -161.53678     2.1963    27.5252    1449.31  0.000e+00
      8.223   71.59808 -161.53678     2.1953    27.5327    1449.31  0.000e+00
      8.339   71.59808 -161.53678     2.1948    27.5396    1449.32  0.000e+00
      8.339   71.59808 -161.53678     2.1942    27.5445    1449.33  0.000e+00
      8.285   71.59808 -161.53678     2.1936    27.5484    1449.33  0.000e+00
      8.285   71.59808 -161.53678     2.1928    27.5517    1449.33  0.000e+00
      8.370   71.59808 -161.53678     2.1925    27.5542    1449.33  0.000e+00
      8.339   71.59808 -161.53678     2.1923    27.5561    1449.33  0.000e+00
      8.339   71.59808 -161.53678     2.1922    27.5579    1449.34  0.000e+00
      8.339   71.59808 -161.53678     2.1920    27.5593    1449.34  0.000e+00
      8.401   71.59808 -161.53678     2.1920    27.5620    1449.34  0.000e+00
      8.339   71.59808 -161.53678     2.1919    27.5651    1449.34  0.000e+00
      8.401   71.59808 -161.53678     2.1915    27.5670    1449.35  0.000e+00
      8.339   71.59808 -161.53678     2.1915    27.5671    1449.34  0.000e+00
      8.401   71.59808 -161.53678     2.1914    27.5681    1449.35  0.000e+00
      8.455   71.59808 -161.53678     2.1911    27.5693    1449.35  0.000e+00
      8.370   71.59808 -161.53678     2.1910    27.5714    1449.35  0.000e+00
      8.401   71.59808 -161.53678     2.1913    27.5742    1449.35  0.000e+00
      8.401   71.59808 -161.53678     2.1913    27.5776    1449.36  0.000e+00
      8.455   71.59808 -161.53678     2.1913    27.5802    1449.36  0.000e+00
      8.455   71.59808 -161.53678     2.1914    27.5816    1449.37  0.000e+00
      8.455   71.59808 -161.53678     2.1915    27.5833    1449.37  0.000e+00
      8.455   71.59808 -161.53678     2.1914    27.5843    1449.37  0.000e+00
      8.455   71.59808 -161.53678     2.1917    27.5835    1449.37  0.000e+00
      8.455   71.59808 -161.53678     2.1915    27.5839    1449.37  0.000e+00
      8.455   71.59808 -161.53678     2.1919    27.5838    1449.37  0.000e+00
      8.486   71.59808 -161.53678     2.1919    27.5844    1449.37  0.000e+00
      8.516   71.59808 -161.53678     2.1919    27.5835    1449.37  0.000e+00
      8.516   71.59808 -161.53678     2.1919    27.5816    1449.37  0.000e+00
      8.516   71.59808 -161.53678     2.1920    27.5806    1449.37  0.000e+00
      8.516   71.59808 -161.53678     2.1919    27.5800    1449.37  0.000e+00
      8.455   71.59808 -161.53678     2.1920    27.5795    1449.37  0.000e+00
      8.570   71.59808 -161.53678     2.1920    27.5785    1449.37  0.000e+00
      8.516   71.59808 -161.53678     2.1917    27.5776    1449.36  0.000e+00
      8.570   71.59808 -161.53678     2.1919    27.5793    1449.37  0.000e+00
      8.516   71.59808 -161.53678     2.1915    27.5825    1449.37  0.000e+00
      8.540   71.59808 -161.53678     2.1915    27.5849    1449.37  0.000e+00
      8.570   71.59808 -161.53678     2.1917    27.5868    1449.38  0.000e+00
      8.570   71.59808 -161.53678     2.1917    27.5892    1449.38  0.000e+00
      8.570   71.59808 -161.53678     2.1920    27.5908    1449.38  0.000e+00
      8.570   71.59808 -161.53678     2.1917    27.5923    1449.38  0.000e+00
      8.624   71.59808 -161.53678     2.1917    27.5925    1449.38  0.000e+00
      8.570   71.59808 -161.53678     2.1915    27.5925    1449.38  0.000e+00
      8.624   71.59808 -161.53678     2.1915    27.5915    1449.38  0.000e+00
      8.624   71.59808 -161.53678     2.1917    27.5908    1449.38  0.000e+00
      8.601   71.59808 -161.53678     2.1917    27.5913    1449.38  0.000e+00
      8.624   71.59808 -161.53678     2.1914    27.5925    1449.38  0.000e+00
      8.624   71.59808 -161.53678     2.1915    27.5931    1449.38  0.000e+00
      8.686   71.59808 -161.53678     2.1917    27.5928    1449.38  0.000e+00
      8.624   71.59808 -161.53678     2.1914    27.5907    1449.38  0.000e+00
      8.686   71.59808 -161.53678     2.1915    27.5869    1449.38  0.000e+00
      8.624   71.59808 -161.53678     2.1914    27.5840    1449.37  0.000e+00
      8.686   71.59808 -161.53678     2.1914    27.5819    1449.37  0.000e+00
      8.686   71.59808 -161.53678     2.1915    27.5804    1449.37  0.000e+00
      8.624   71.59808 -161.53678     2.1914    27.5809    1449.37  0.000e+00
      8.771   71.59808 -161.53678     2.1913    27.5816    1449.37  0.000e+00
      8.686   71.59808 -161.53678     2.1913    27.5815    1449.37  0.000e+00
      8.686   71.59808 -161.53678     2.1911    27.5820    1449.37  0.000e+00
      8.740   71.59808 -161.53678     2.1913    27.5814    1449.37  0.000e+00
      8.740   71.59808 -161.53678     2.1909    27.5813    1449.37  0.000e+00
      8.686   71.59808 -161.53678     2.1909    27.5804    1449.37  0.000e+00
      8.802   71.59808 -161.53678     2.1909    27.5794    1449.37  0.000e+00
      8.740   71.59808 -161.53678     2.1908    27.5787    1449.36  0.000e+00
      8.740   71.59808 -161.53678     2.1908    27.5773    1449.36  0.000e+00
      8.771   71.59808 -161.53678     2.1908    27.5765    1449.36  0.000e+00
      8.802   71.59808 -161.53678     2.1909    27.5759    1449.36  0.000e+00
      8.740   71.59808 -161.53678     2.1906    27.5761    1449.36  0.000e+00
      8.802   71.59808 -161.53678     2.1909    27.5771    1449.36  0.000e+00
      8.802   71.59808 -161.53678     2.1908    27.5791    1449.36  0.000e+00
      8.856   71.59808 -161.53678     2.1908    27.5895    1449.38  0.000e+00
      8.802   71.59808 -161.53678     2.1909    27.6185    1449.42  0.000e+00
      8.802   71.59808 -161.53678     2.1903    27.6606    1449.47  0.000e+00
      8.856   71.59808 -161.53678     2.1894    27.6955    1449.51  0.000e+00
      8.833   71.59808 -161.53678     2.1886    27.7244    1449.55  0.000e+00
      8.856   71.59808 -161.53678     2.1874    27.7509    1449.57  0.000e+00
      8.856   71.59808 -161.53678     2.1867    27.7780    1449.61  0.000e+00
      8.910   71.59808 -161.53678     2.1853    27.8047    1449.64  0.000e+00
      8.856   71.59808 -161.53678     2.1848    27.8253    1449.66  0.000e+00
      8.910   71.59808 -161.53678     2.1842    27.8428    1449.68  0.000e+00
      8.856   71.59808 -161.53678     2.1837    27.8567    1449.70  0.000e+00
      8.910   71.59808 -161.53678     2.1841    27.8660    1449.71  0.000e+00
      8.910   71.59808 -161.53678     2.1842    27.8714    1449.72  0.000e+00
      8.940   71.59808 -161.53678     2.1848    27.8759    1449.73  0.000e+00
      8.910   71.59808 -161.53678     2.1849    27.8839    1449.74  0.000e+00
      8.910   71.59808 -161.53678     2.1856    27.8964    1449.76  0.000e+00
      8.971   71.59808 -161.53678     2.1865    27.9085    1449.78  0.000e+00
      8.971   71.59808 -161.53678     2.1886    27.9167    1449.80  0.000e+00
      8.971   71.59808 -161.53678     2.1908    27.9199    1449.81  0.000e+00
      8.971   71.59808 -161.53678     2.1920    27.9204    1449.82  0.000e+00
      8.971   71.59808 -161.53678     2.1931    27.9211    1449.82  0.000e+00
      9.025   71.59808 -161.53678     2.1922    27.9210    1449.82  0.000e+00
      9.002   71.59808 -161.53678     2.1905    27.9170    1449.81  0.000e+00
      8.971   71.59808 -161.53678     2.1886    27.9149    1449.80  0.000e+00
      9.025   71.59808 -161.53678     2.1862    27.9159    1449.79  0.000e+00
      9.025   71.59808 -161.53678     2.1847    27.9177    1449.78  0.000e+00
      9.025   71.59808 -161.53678     2.1833    27.9229    1449.78  0.000e+00
      9.025   71.59808 -161.53678     2.1819    27.9278    1449.78  0.000e+00
      9.087   71.59808 -161.53678     2.1811    27.9317    1449.79  0.000e+00
      9.087   71.59808 -161.53678     2.1805    27.9355    1449.79  0.000e+00
      9.056   71.59808 -161.53678     2.1806    27.9365    1449.79  0.000e+00
      9.025   71.59808 -161.53678     2.1812    27.9367    1449.79  0.000e+00
      9.087   71.59808 -161.53678     2.1811    27.9381    1449.79  0.000e+00
      9.141   71.59808 -161.53678     2.1816    27.9405    1449.80  0.000e+00
      9.087   71.59808 -161.53678     2.1823    27.9442    1449.81  0.000e+00
      9.087   71.59808 -161.53678     2.1831    27.9471    1449.82  0.000e+00
      9.087   71.59808 -161.53678     2.1837    27.9492    1449.82  0.000e+00
      9.141   71.59808 -161.53678     2.1855    27.9504    1449.83  0.000e+00
      9.141   71.59808 -161.53678     2.1878    27.9542    1449.85  0.000e+00
      9.118   71.59808 -161.53678     2.1911    27.9590    1449.87  0.000e+00
      9.141   71.59808 -161.53678     2.1953    27.9661    1449.90  0.000e+00
      9.141   71.59808 -161.53678     2.1984    27.9777    1449.92  0.000e+00
      9.203   71.59808 -161.53678     2.2009    27.9986    1449.96  0.000e+00
      9.141   71.59808 -161.53678     2.2056    28.0262    1450.02  0.000e+00
      9.203   71.59808 -161.53678     2.2128    28.0564    1450.09  0.000e+00
      9.141   71.59808 -161.53678     2.2222    28.0910    1450.18  0.000e+00
      9.203   71.59808 -161.53678     2.2333    28.1154    1450.26  0.000e+00
      9.172   71.59808 -161.53678     2.2428    28.1285    1450.32  0.000e+00
      9.203   71.59808 -161.53678     2.2515    28.1312    1450.36  0.000e+00
      9.203   71.59808 -161.53678     2.2581    28.1307    1450.39  0.000e+00
      9.203   71.59808 -161.53678     2.2638    28.1408    1450.43  0.000e+00
      9.257   71.59808 -161.53678     2.2694    28.1524    1450.47  0.000e+00
      9.203   71.59808 -161.53678     2.2739    28.1412    1450.47  0.000e+00
      9.257   71.59808 -161.53678     2.2771    28.1292    1450.47  0.000e+00
      9.257   71.59808 -161.53678     2.2780    28.1373    1450.49  0.000e+00
      9.203   71.59808 -161.53678     2.2797    28.1535    1450.52  0.000e+00
      9.287   71.59808 -161.53678     2.2808    28.1670    1450.54  0.000e+00
      9.257   71.59808 -161.53678     2.2825    28.1739    1450.55  0.000e+00
      9.257   71.59808 -161.53678     2.2838    28.1814    1450.57  0.000e+00
      9.311   71.59808 -161.53678     2.2846    28.1971    1450.60  0.000e+00
      9.257   71.59808 -161.53678     2.2861    28.2112    1450.62  0.000e+00
