EcoFOCI/data/1_SampleCollection/2023_SikuliaqDBO_CruiseData/CTD_raw_BottleFile_SKQ23-12S/proc/skq202312s_010avg.cnv
* Sea-Bird SBE 9 Data File:
* FileName = D:\CTD\SKQ202312S\SKQ202312S_010.hex
* Software Version Seasave V 7.26.7.121
* Temperature SN = 6177
* Conductivity SN = 0369
* Number of Bytes Per Scan = 41
* Number of Voltage Words = 4
* Number of Scans Averaged by the Deck Unit = 1
* NMEA Latitude = 63 16.77 N
* NMEA Longitude = 173 16.77 W
* NMEA UTC (Time) = Sep 16 2023  15:37:33
* NMEA baud rate = 4800
** Ship: R/V Sikuliaq
** Station Number: 010
** Station Name: DBO1.9
** Bottom Depth: 70
** Operator: SD
# nquan = 25
# nvalues = 63                          
# units = specified
# name 0 = depSM: Depth [salt water, m]
# name 1 = latitude: Latitude [deg]
# name 2 = longitude: Longitude [deg]
# name 3 = prDM: Pressure, Digiquartz [db]
# name 4 = t090C: Temperature [ITS-90, deg C]
# name 5 = t190C: Temperature, 2 [ITS-90, deg C]
# name 6 = potemp090C: Potential Temperature [ITS-90, deg C]
# name 7 = sal00: Salinity, Practical [PSU]
# name 8 = sal11: Salinity, Practical, 2 [PSU]
# name 9 = density00: Density [density, kg/m^3]
# name 10 = sigma-é00: Density [sigma-theta, kg/m^3]
# name 11 = sbox0Mm/Kg: Oxygen, SBE 43 [umol/kg]
# name 12 = sbox1Mm/Kg: Oxygen, SBE 43, 2 [umol/kg]
# name 13 = oxsolMm/Kg: Oxygen Saturation, Garcia & Gordon [umol/kg]
# name 14 = sbeox0PS: Oxygen, SBE 43 [% saturation]
# name 15 = sbeox1PS: Oxygen, SBE 43, 2 [% saturation]
# name 16 = v0: Voltage 0
# name 17 = flECO-AFL: Fluorescence, WET Labs ECO-AFL/FL [mg/m^3]
# name 18 = v1: Voltage 1
# name 19 = CStarAt0: Beam Attenuation, WET Labs C-Star [1/m]
# name 20 = par: PAR/Irradiance, Biospherical/Licor
# name 21 = scan: Scan Count
# name 22 = timeM: Time, Elapsed [minutes]
# name 23 = nbin: number of scans per bin
# name 24 = flag: flag
# span 0 =      2.971,     64.361       
# span 1 =   63.27950,   63.27952       
# span 2 = -173.27952, -173.27949       
# span 3 =      3.000,     65.000       
# span 4 =    -1.4891,     7.4846       
# span 5 =    -1.4879,     7.4853       
# span 6 =    -1.4899,     7.4837       
# span 7 =    31.3856,    32.1297       
# span 8 =    31.3957,    32.1405       
# span 9 =  1024.5235,  1026.1502       
# span 10 =    24.5092,    25.8378      
# span 11 =    246.279,    434.909      
# span 12 =    234.195,    409.708      
# span 13 =  298.02858,  370.51160      
# span 14 =     66.741,    122.471      
# span 15 =     63.471,    113.725      
# span 16 =     0.0828,     0.2686      
# span 17 =     0.1489,     1.2637      
# span 18 =     2.9373,     4.2067      
# span 19 =     0.4540,     1.8913      
# span 20 = -6.777e-05, 3.4358e-01      
# span 21 =        425,       5666      
# span 22 =     0.2945,     3.9338      
# span 23 =         27,        443      
# span 24 = 0.0000e+00, 0.0000e+00      
# interval = decibars: 1                
# start_time = Sep 16 2023 15:40:12 [NMEA time, first data scan]
# bad_flag = -9.990e-29
*END*
      2.971   63.27952 -173.27952      3.000     7.4737     7.4740     7.4734    31.3857    31.3957  1024.5235    24.5097    289.536    276.168  298.10574     97.125     92.648     0.1690     0.6660     3.9960     0.6597 3.4358e-01        425     0.2945        443 0.0000e+00
      3.961   63.27952 -173.27952      4.000     7.4710     7.4731     7.4706    31.3856    31.3957  1024.5284    24.5100    289.597    276.247  298.12442     97.140     92.673     0.1737     0.6944     3.9979     0.6577 2.2344e-01        771     0.5344        156 0.0000e+00
      4.952   63.27952 -173.27952      5.000     7.4715     7.4720     7.4710    31.3856    31.3957  1024.5329    24.5100    289.546    276.888  298.12110     97.124     92.886     0.1649     0.6416     3.9997     0.6560 1.5293e-01        918     0.6367        141 0.0000e+00
      5.942   63.27952 -173.27952      6.000     7.4771     7.4793     7.4766    31.3859    31.3960  1024.5370    24.5095    289.658    276.584  298.08206     97.174     92.799     0.1662     0.6490     4.0001     0.6556 1.1472e-01       1026     0.7118        150 0.0000e+00
      6.932   63.27952 -173.27952      7.000     7.4808     7.4810     7.4802    31.3862    31.3961  1024.5413    24.5092    289.555    276.368  298.05621     97.148     92.731     0.1648     0.6409     3.9979     0.6578 7.1363e-02       1152     0.7995         85 0.0000e+00
      7.922   63.27952 -173.27952      8.000     7.4803     7.4810     7.4795    31.3863    31.3963  1024.5461    24.5093    289.632    276.042  298.05992     97.172     92.621     0.1719     0.6834     4.0002     0.6554 4.6144e-02       1292     0.8964        178 0.0000e+00
      8.913   63.27952 -173.27950      9.000     7.4813     7.4812     7.4805    31.3864    31.3963  1024.5507    24.5093    289.559    276.406  298.05217     97.151     92.744     0.1704     0.6746     4.0012     0.6544 1.9594e-02       1447     1.0045        179 0.0000e+00
      9.903   63.27952 -173.27950     10.000     7.4843     7.4822     7.4834    31.3871    31.3965  1024.5553    24.5094    289.785    276.379  298.03047     97.233     92.737     0.1650     0.6421     4.0006     0.6550 2.7362e-03       1584     1.0991         67 0.0000e+00
     10.893   63.27952 -173.27950     11.000     7.4846     7.4853     7.4837    31.3869    31.3968  1024.5598    24.5093    289.735    277.098  298.02858     97.217     92.985     0.1756     0.7054     4.0015     0.6542 1.2588e-03       1747     1.2128        165 0.0000e+00
     11.883   63.27952 -173.27950     12.000     7.4838     7.4842     7.4828    31.3867    31.3966  1024.5644    24.5093    289.837    276.693  298.03450     97.250     92.846     0.1709     0.6777     4.0013     0.6544 -6.777e-05       1869     1.2970        134 0.0000e+00
     12.874   63.27952 -173.27950     13.000     7.4837     7.4839     7.4825    31.3868    31.3967  1024.5690    24.5094    289.766    276.612  298.03525     97.225     92.819     0.1656     0.6458     4.0028     0.6528 1.0481e-07       1962     1.3619         79 0.0000e+00
     13.864   63.27952 -173.27950     14.000     7.4819     7.4827     7.4807    31.3863    31.3963  1024.5735    24.5092    289.536    277.606  298.04833     97.144     93.150     0.1692     0.6668     3.9999     0.6558 3.2164e-07       2063     1.4318         84 0.0000e+00
     14.854   63.27952 -173.27950     15.000     7.4834     7.4840     7.4821    31.3875    31.3973  1024.5788    24.5099    289.601    276.578  298.03577     97.170     92.808     0.1643     0.6377     4.0023     0.6534 1.5669e-07       2125     1.4747         54 0.0000e+00
     15.844   63.27952 -173.27950     16.000     7.4767     7.4740     7.4752    31.3894    31.4004  1024.5858    24.5124    289.666    276.893  298.07715     97.178     92.895     0.1659     0.6474     4.0030     0.6527 7.3164e-07       2178     1.5118         47 0.0000e+00
     16.835   63.27952 -173.27950     17.000     7.3810     7.3699     7.3795    31.4037    31.4172  1024.6146    24.5366    290.007    277.275  298.69640     97.091     92.814     0.1766     0.7117     4.0098     0.6458 3.8345e-08       2235     1.5515         74 0.0000e+00
     17.825   63.27952 -173.27950     18.000     7.3105     7.3181     7.3089    31.4137    31.4241  1024.6366    24.5540    291.897    278.236  299.15500     97.574     93.031     0.2038     0.8749     4.0312     0.6246 1.0000e-12       2303     1.5985         45 0.0000e+00
     18.815   63.27952 -173.27950     19.000     7.2521     7.2517     7.2504    31.4311    31.4431  1024.6628    24.5755    293.784    281.245  299.51618     98.086     93.907     0.2099     0.9111     4.0564     0.5997 1.0000e-12       2346     1.6285         55 0.0000e+00
     19.806   63.27952 -173.27950     20.000     7.2031     7.2049     7.2014    31.4411    31.4534  1024.6818    24.5899    294.627    280.981  299.82956     98.265     93.726     0.2264     1.0104     4.0754     0.5809 1.0000e-12       2419     1.6792         60 0.0000e+00
     20.796   63.27952 -173.27950     21.000     7.1025     7.1042     7.1007    31.4475    31.4592  1024.7048    24.6083    295.477    281.837  300.50708     98.326     93.799     0.1943     0.8176     4.1050     0.5520 1.0000e-12       2460     1.7075         41 0.0000e+00
     21.786   63.27952 -173.27950     22.000     7.0038     7.0032     7.0019    31.4507    31.4652  1024.7249    24.6237    296.148    282.891  301.18122     98.329     93.936     0.1946     0.8195     4.1181     0.5393 1.0000e-12       2521     1.7498         72 0.0000e+00
     22.776   63.27952 -173.27950     23.000     6.3985     6.4266     6.3966    31.4870    31.5031  1024.8351    24.7289    302.656    287.590  305.35026     99.118     94.256     0.1894     0.7886     4.1147     0.5425 2.5211e-07       2574     1.7870         35 0.0000e+00
     23.766   63.27952 -173.27950     24.000     4.8877     4.9106     4.8860    31.5979    31.6308  1025.1011    24.9895    309.135    296.035  316.18181     97.779     93.710     0.2063     0.8898     4.1012     0.5556 1.7330e-07       2613     1.8140         50 0.0000e+00
     24.757   63.27951 -173.27950     25.000     3.2279     3.2495     3.2265    31.7103    31.7342  1025.3581    25.2407    353.445    320.058  328.84826    107.457     97.369     0.2389     1.0853     4.0888     0.5678 -1.420e-08       2677     1.8581         59 0.0000e+00
     25.747   63.27951 -173.27951     26.000     2.0633     2.0911     2.0620    31.7727    31.8045  1025.5043    25.3814    391.743    359.419  338.40388    115.745    106.291     0.2361     1.0687     4.0794     0.5771 1.0000e-12       2720     1.8884         38 0.0000e+00
     26.737   63.27952 -173.27952     27.000     0.9140     0.9266     0.9130    31.8240    31.8606  1025.6251    25.4965    413.910    380.596  348.31136    118.828    109.333     0.2456     1.1253     4.0711     0.5853 1.0000e-12       2769     1.9223         58 0.0000e+00
     27.727   63.27952 -173.27952     28.000     0.1635     0.1792     0.1626    31.8421    31.8750  1025.6838    25.5499    434.909    401.730  355.10654    122.471    113.201     0.2686     1.2637     4.0604     0.5957 1.0000e-12       2821     1.9582         43 0.0000e+00
     28.717   63.27951 -173.27952     29.000    -0.4214    -0.4031    -0.4222    31.8571    31.8996  1025.7258    25.5866    433.735    409.708  360.56885    120.298    113.725     0.2671     1.2549     4.0843     0.5722 1.0000e-12       2863     1.9876         45 0.0000e+00
     29.707   63.27950 -173.27952     30.000    -0.6305    -0.6275    -0.6313    31.8765    31.9072  1025.7544    25.6102    422.465    400.436  362.50992    116.539    110.498     0.2493     1.1479     4.1257     0.5319 1.0000e-12       2914     2.0232         56 0.0000e+00
     30.698   63.27950 -173.27952     31.000    -0.7913    -0.7862    -0.7920    31.8800    31.9085  1025.7676    25.6185    411.173    395.795  364.05371    112.947    108.760     0.2245     0.9989     4.1533     0.5052 1.0000e-12       2973     2.0636         51 0.0000e+00
     31.688   63.27952 -173.27952     32.000    -0.9275    -0.9239    -0.9282    31.8956    31.9213  1025.7896    25.6355    385.125    376.625  365.33321    105.418    103.122     0.1877     0.7783     4.1740     0.4853 1.0000e-12       3015     2.0931         40 0.0000e+00
     32.678   63.27952 -173.27952     33.000    -0.9467    -0.9454    -0.9474    31.8986    31.9229  1025.7975    25.6385    374.679    363.449  365.51125    102.508     99.458     0.1678     0.6589     4.1838     0.4759 2.2235e-07       3052     2.1187         37 0.0000e+00
     33.668   63.27950 -173.27952     34.000    -0.9575    -0.9550    -0.9582    31.8991    31.9237  1025.8030    25.6392    364.631    352.185  365.61577     99.731     96.352     0.1603     0.6138     4.1871     0.4728 9.4478e-09       3102     2.1537         66 0.0000e+00
     34.658   63.27950 -173.27952     35.000    -1.1993    -1.1823    -1.2000    31.9062    31.9267  1025.8207    25.6518    362.708    348.958  367.97390     98.569     94.891     0.1607     0.6164     4.1871     0.4727 1.8032e-07       3166     2.1981         50 0.0000e+00
     35.648   63.27951 -173.27952     36.000    -1.3791    -1.3775    -1.3797    31.9108    31.9333  1025.8342    25.6603    361.476    348.917  369.74043     97.765     94.389     0.1464     0.5305     4.1917     0.4684 9.1078e-07       3203     2.2234         28 0.0000e+00
     36.639   63.27952 -173.27952     37.000    -1.3331    -1.3368    -1.3338    31.9195    31.9408  1025.8449    25.6663    359.819    344.882  369.25751     97.444     93.405     0.1325     0.4470     4.1898     0.4702 2.6804e-07       3234     2.2449         35 0.0000e+00
     37.629   63.27951 -173.27952     38.000    -1.3024    -1.2754    -1.3031    31.9313    31.9441  1025.8585    25.6750    351.862    338.107  368.91869     95.377     91.724     0.1316     0.4417     4.2047     0.4560 6.2494e-07       3294     2.2870         82 0.0000e+00
     38.619   63.27950 -173.27952     39.000    -1.3989    -1.3851    -1.3996    31.9438    31.9583  1025.8760    25.6876    347.741    333.436  369.84195     94.024     90.200     0.1271     0.4144     4.2065     0.4542 -3.788e-08       3363     2.3347         43 0.0000e+00
     39.609   63.27951 -173.27952     40.000    -1.4272    -1.4207    -1.4280    31.9813    32.0001  1025.9119    25.7187    347.199    334.087  370.01576     93.834     90.319     0.1114     0.3206     4.2067     0.4540 1.2052e-06       3394     2.3565         28 0.0000e+00
     40.599   63.27952 -173.27952     41.000    -1.4594    -1.4584    -1.4602    31.9963    32.0149  1025.9298    25.7317    345.488    334.104  370.29220     93.301     90.243     0.1004     0.2544     4.1807     0.4789 2.1462e-06       3425     2.3777         35 0.0000e+00
     41.589   63.27951 -173.27952     42.000    -1.4480    -1.4290    -1.4488    31.9904    31.9974  1025.9295    25.7266    330.667    320.059  370.19551     89.322     86.505     0.0971     0.2344     4.1741     0.4852 2.2090e-06       3488     2.4212         92 0.0000e+00
     42.579   63.27952 -173.27952     43.000    -1.4618    -1.4417    -1.4626    31.9911    31.9982  1025.9353    25.7275    319.093    306.540  370.33161     86.164     82.824     0.0929     0.2092     4.1746     0.4847 2.0573e-06       3555     2.4684         37 0.0000e+00
     43.569   63.27952 -173.27952     44.000    -1.4743    -1.4726    -1.4751    31.9947    32.0112  1025.9433    25.7307    319.905    309.640  370.44582     86.357     83.600     0.0923     0.2058     4.1739     0.4854 2.8352e-06       3586     2.4899         27 0.0000e+00
     44.560   63.27952 -173.27952     45.000    -1.4891    -1.4879    -1.4899    32.0227    32.0383  1025.9712    25.7538    320.508    313.018  370.51160     86.504     84.496     0.0899     0.1915     4.1547     0.5038 1.9888e-06       3617     2.5109         34 0.0000e+00
     45.550   63.27951 -173.27952     46.000    -1.4769    -1.4638    -1.4777    32.0234    32.0214  1025.9763    25.7541    312.713    302.681  370.38764     84.428     81.748     0.0880     0.1800     4.0535     0.6024 2.5071e-06       3688     2.5601         93 0.0000e+00
     46.540   63.27952 -173.27952     47.000    -1.4846    -1.4790    -1.4854    32.0527    32.0588  1026.0051    25.7780    299.258    288.392  370.37863     80.798     77.880     0.0859     0.1674     4.0122     0.6438 2.8257e-06       3741     2.5975         27 0.0000e+00
     47.530   63.27952 -173.27952     48.000    -1.4834    -1.4821    -1.4843    32.0728    32.0870  1026.0262    25.7943    299.072    290.827  370.30826     80.763     78.548     0.0828     0.1489     3.8820     0.7757 3.9152e-06       3768     2.6160         28 0.0000e+00
     48.520   63.27952 -173.27952     49.000    -1.4860    -1.4824    -1.4868    32.0800    32.0899  1026.0369    25.8002    292.765    290.477  370.31256     79.059     78.455     0.0859     0.1672     3.7412     0.9237 2.3149e-06       3816     2.6492         73 0.0000e+00
     49.510   63.27951 -173.27952     50.000    -1.4867    -1.4816    -1.4875    32.0809    32.0857  1026.0425    25.8010    266.167    259.238  370.31692     71.875     70.017     0.0881     0.1805     3.6709     0.9992 1.9630e-06       3880     2.6936         43 0.0000e+00
     50.500   63.27952 -173.27952     51.000    -1.4858    -1.4848    -1.4868    32.0810    32.0950  1026.0474    25.8010    259.457    251.404  370.30848     70.065     67.900     0.0843     0.1579     3.6470     1.0253 2.2293e-06       3918     2.7205         38 0.0000e+00
     51.490   63.27952 -173.27952     52.000    -1.4860    -1.4850    -1.4870    32.0807    32.0945  1026.0520    25.8008    258.661    254.752  370.31118     69.850     68.803     0.0875     0.1767     3.6414     1.0315 2.2739e-06       3959     2.7486         41 0.0000e+00
     52.480   63.27952 -173.27952     53.000    -1.4855    -1.4845    -1.4865    32.0823    32.0957  1026.0582    25.8021    258.520    250.030  370.30148     69.814     67.530     0.0879     0.1794     3.6300     1.0441 1.6693e-06       4001     2.7775         46 0.0000e+00
     53.470   63.27952 -173.27952     54.000    -1.4791    -1.4784    -1.4801    32.0853    32.0981  1026.0652    25.8043    258.327    246.027  370.22892     69.775     66.461     0.0870     0.1737     3.6150     1.0606 1.8388e-06       4058     2.8174         69 0.0000e+00
     54.460   63.27952 -173.27952     55.000    -1.4699    -1.4689    -1.4709    32.0884    32.1013  1026.0724    25.8067    256.508    243.324  370.12788     69.302     65.749     0.0860     0.1677     3.6068     1.0697 3.7110e-06       4118     2.8590         42 0.0000e+00
     55.450   63.27952 -173.27952     56.000    -1.4665    -1.4655    -1.4675    32.0901    32.1029  1026.0784    25.8079    255.816    242.697  370.08904     69.123     65.586     0.0857     0.1663     3.5956     1.0821 1.7106e-06       4154     2.8838         35 0.0000e+00
     56.440   63.27952 -173.27952     57.000    -1.4608    -1.4600    -1.4618    32.0918    32.1042  1026.0845    25.8092    254.946    242.594  370.02639     68.900     65.569     0.0871     0.1747     3.5994     1.0779 3.2150e-06       4198     2.9149         55 0.0000e+00
     57.430   63.27952 -173.27952     58.000    -1.4209    -1.4205    -1.4220    32.1068    32.1186  1026.1005    25.8204    254.222    241.669  369.58524     68.786     65.396     0.0897     0.1901     3.5213     1.1664 1.9049e-06       4249     2.9501         45 0.0000e+00
     58.421   63.27952 -173.27952     59.000    -1.3887    -1.3876    -1.3898    32.1210    32.1323  1026.1160    25.8312    253.990    241.106  369.22289     68.791     65.309     0.0898     0.1907     3.2856     1.4446 1.6187e-06       4299     2.9849         58 0.0000e+00
