EcoFOCI/data/1_SampleCollection/2023_SikuliaqDBO_CruiseData/CTD_raw_BottleFile_SKQ23-12S/proc/skq202312s_078.cnv
* Sea-Bird SBE 9 Data File:
* FileName = D:\CTD\SKQ202312S\SKQ202312S_078.hex
* Software Version Seasave V 7.26.7.121
* Temperature SN = 6177
* Conductivity SN = 0369
* Number of Bytes Per Scan = 41
* Number of Voltage Words = 4
* Number of Scans Averaged by the Deck Unit = 1
* NMEA Latitude = 65 45.65 N
* NMEA Longitude = 168 44.60 W
* NMEA UTC (Time) = Oct 03 2023  06:14:15
* NMEA baud rate = 4800
** Ship: R/V Sikuliaq
** Station Number: 078
** Station Name: BS7
** Bottom Depth: 53
** Operator: SD
# nquan = 24
# nvalues = 4230                                  
# units = specified
# name 0 = depSM: Depth [salt water, m]
# name 1 = latitude: Latitude [deg]
# name 2 = longitude: Longitude [deg]
# name 3 = prDM: Pressure, Digiquartz [db]
# name 4 = t090C: Temperature [ITS-90, deg C]
# name 5 = t190C: Temperature, 2 [ITS-90, deg C]
# name 6 = potemp090C: Potential Temperature [ITS-90, deg C]
# name 7 = sal00: Salinity, Practical [PSU]
# name 8 = sal11: Salinity, Practical, 2 [PSU]
# name 9 = density00: Density [density, kg/m^3]
# name 10 = sigma-é00: Density [sigma-theta, kg/m^3]
# name 11 = sbox0Mm/Kg: Oxygen, SBE 43 [umol/kg]
# name 12 = sbox1Mm/Kg: Oxygen, SBE 43, 2 [umol/kg]
# name 13 = oxsolMm/Kg: Oxygen Saturation, Garcia & Gordon [umol/kg]
# name 14 = sbeox0PS: Oxygen, SBE 43 [% saturation]
# name 15 = sbeox1PS: Oxygen, SBE 43, 2 [% saturation]
# name 16 = v0: Voltage 0
# name 17 = flECO-AFL: Fluorescence, WET Labs ECO-AFL/FL [mg/m^3]
# name 18 = v1: Voltage 1
# name 19 = CStarAt0: Beam Attenuation, WET Labs C-Star [1/m]
# name 20 = par: PAR/Irradiance, Biospherical/Licor
# name 21 = scan: Scan Count
# name 22 = timeM: Time, Elapsed [minutes]
# name 23 = flag:  0.000e+00
# span 0 =      2.078,     47.760                 
# span 1 =   65.76066,   65.76074                 
# span 2 = -168.74416, -168.74384                 
# span 3 =      2.098,     48.241                 
# span 4 =     2.8525,     5.9264                 
# span 5 =     2.8529,     5.9281                 
# span 6 =     2.8508,     5.9261                 
# span 7 =    27.3708,    32.8741                 
# span 8 =    27.3743,    32.8849                 
# span 9 =  1021.5563,  1026.4163                 
# span 10 =    21.5384,    26.1904                
# span 11 =    242.916,    299.067                
# span 12 =    232.866,    285.127                
# span 13 =  308.78096,  329.32106                
# span 14 =     74.062,     94.086                
# span 15 =     71.004,     89.635                
# span 16 =     0.1197,     0.4444                
# span 17 =     0.3699,     2.3187                
# span 18 =     3.3187,     4.0830                
# span 19 =     0.5735,     1.4028                
# span 20 = 1.0000e-12, 4.9574e-01                
# span 21 =          1,       4230                
# span 22 =     0.0000,     2.9368                
# span 23 = 0.0000e+00, 0.0000e+00                
# interval = seconds: 0.0416667
# start_time = Oct 03 2023 06:17:41 [NMEA time, first data scan]
# bad_flag = -9.990e-29
*END*
[from data line 2476]
     28.044   65.76068 -168.74406     28.325     2.8982     2.8937     2.8966    32.6336    32.6511  1026.1383    26.0052    281.120    267.682  329.22495     85.388     81.308     0.3419     1.7033     3.7399     0.9247 1.0000e-12       2477     1.7194  0.000e+00
     28.090   65.76068 -168.74406     28.372     2.8962     2.8911     2.8946    32.6385    32.6563  1026.1425    26.0093    281.144    267.696  329.22937     85.395     81.311     0.3419     1.7033     3.7399     0.9247 1.0000e-12       2478     1.7201  0.000e+00
     28.044   65.76068 -168.74406     28.325     2.8945     2.8893     2.8929    32.6429    32.6615  1026.1459    26.0129    280.956    267.707  329.23247     85.337     81.314     0.3431     1.7106     3.7399     0.9247 1.0000e-12       2479     1.7208  0.000e+00
     28.090   65.76068 -168.74406     28.372     2.8926     2.8880     2.8910    32.6477    32.6658  1026.1502    26.0169    281.440    267.728  329.23559     85.483     81.320     0.3419     1.7033     3.7399     0.9247 1.0000e-12       2480     1.7215  0.000e+00
     28.106   65.76068 -168.74406     28.387     2.8910     2.8871     2.8894    32.6525    32.6696  1026.1542    26.0209    281.092    267.555  329.23666     85.377     81.268     0.3431     1.7106     3.7399     0.9247 1.0000e-12       2481     1.7222  0.000e+00
     28.144   65.76068 -168.74406     28.426     2.8894     2.8861     2.8878    32.6577    32.6742  1026.1587    26.0252    281.047    267.563  329.23644     85.363     81.271     0.3419     1.7033     3.7399     0.9247 1.0000e-12       2482     1.7229  0.000e+00
     28.160   65.76068 -168.74406     28.442     2.8883     2.8850     2.8867    32.6627    32.6784  1026.1628    26.0293    281.081    267.556  329.23259     85.374     81.269     0.3431     1.7106     3.7399     0.9247 1.0000e-12       2483     1.7236  0.000e+00
     28.144   65.76068 -168.74406     28.426     2.8872     2.8843     2.8856    32.6666    32.6828  1026.1659    26.0324    280.909    267.550  329.23211     85.323     81.269     0.3419     1.7033     3.7399     0.9247 1.0000e-12       2484     1.7243  0.000e+00
     28.221   65.76068 -168.74406     28.504     2.8864     2.8837     2.8848    32.6701    32.6859  1026.1692    26.0353    280.899    267.557  329.22986     85.320     81.272     0.3419     1.7033     3.7399     0.9247 1.0000e-12       2485     1.7250  0.000e+00
     28.144   65.76068 -168.74406     28.426     2.8855     2.8831     2.8839    32.6737    32.6886  1026.1718    26.0383    280.896    267.565  329.22820     85.319     81.275     0.3419     1.7033     3.7399     0.9247 1.0000e-12       2486     1.7257  0.000e+00
     28.275   65.76068 -168.74406     28.559     2.8845     2.8826     2.8829    32.6768    32.6915  1026.1749    26.0408    280.913    267.587  329.22844     85.325     81.282     0.3455     1.7253     3.7399     0.9247 1.0000e-12       2487     1.7264  0.000e+00
     28.206   65.76068 -168.74406     28.489     2.8840     2.8822     2.8824    32.6796    32.6944  1026.1769    26.0431    280.933    267.608  329.22580     85.331     81.289     0.4066     2.0916     3.7399     0.9247 1.0000e-12       2488     1.7271  0.000e+00
     28.275   65.76068 -168.74406     28.559     2.8830     2.8814     2.8814    32.6816    32.6960  1026.1789    26.0448    280.974    267.645  329.22897     85.343     81.300     0.4396     2.2894     3.7460     0.9181 1.0000e-12       2489     1.7278  0.000e+00
     28.322   65.76068 -168.74406     28.605     2.8822     2.8806     2.8806    32.6843    32.6966  1026.1813    26.0470    280.768    267.666  329.22890     85.281     81.305     0.4444     2.3187     3.7497     0.9142 1.0000e-12       2490     1.7285  0.000e+00
     28.275   65.76068 -168.74406     28.559     2.8816     2.8798     2.8800    32.6870    32.7003  1026.1834    26.0492    280.752    267.684  329.22689     85.276     81.311     0.4408     2.2967     3.7497     0.9142 1.0000e-12       2491     1.7292  0.000e+00
     28.322   65.76068 -168.74406     28.605     2.8808     2.8789     2.8792    32.6898    32.7049  1026.1859    26.0515    280.753    267.710  329.22641     85.276     81.320     0.4408     2.2967     3.7497     0.9142 1.0000e-12       2492     1.7299  0.000e+00
     28.337   65.76068 -168.74406     28.621     2.8800     2.8781     2.8784    32.6926    32.7080  1026.1882    26.0538    280.327    267.742  329.22599     85.147     81.330     0.4396     2.2894     3.7497     0.9142 1.0000e-12       2493     1.7306  0.000e+00
     28.376   65.76068 -168.74406     28.660     2.8790     2.8769     2.8774    32.6952    32.7110  1026.1906    26.0560    280.504    267.784  329.22741     85.201     81.343     0.4396     2.2894     3.7485     0.9155 1.0000e-12       2494     1.7313  0.000e+00
     28.337   65.76068 -168.74406     28.621     2.8773     2.8756     2.8757    32.6982    32.7137  1026.1929    26.0585    280.439    267.635  329.23394     85.179     81.297     0.4383     2.2820     3.7497     0.9142 1.0000e-12       2495     1.7319  0.000e+00
     28.430   65.76068 -168.74406     28.715     2.8767     2.8747     2.8751    32.7001    32.7162  1026.1949    26.0601    280.419    267.644  329.23394     85.173     81.299     0.4396     2.2894     3.7497     0.9142 1.0000e-12       2496     1.7326  0.000e+00
     28.391   65.76068 -168.74406     28.676     2.8756     2.8738     2.8740    32.7025    32.7185  1026.1967    26.0621    280.410    267.654  329.23717     85.170     81.302     0.4408     2.2967     3.7485     0.9155 1.0000e-12       2497     1.7333  0.000e+00
     28.430   65.76068 -168.74406     28.715     2.8743     2.8725     2.8727    32.7051    32.7209  1026.1991    26.0643    280.415    267.675  329.24059     85.170     81.307     0.4396     2.2894     3.7497     0.9142 1.0000e-12       2498     1.7340  0.000e+00
     28.445   65.76068 -168.74406     28.730     2.8734     2.8713     2.8718    32.7070    32.7236  1026.2009    26.0659    280.394    267.677  329.24360     85.163     81.307     0.4408     2.2967     3.7497     0.9142 1.0000e-12       2499     1.7347  0.000e+00
     28.491   65.76068 -168.74406     28.777     2.8727     2.8699     2.8711    32.7088    32.7262  1026.2025    26.0673    280.201    267.686  329.24454     85.104     81.308     0.4396     2.2894     3.7497     0.9142 1.0000e-12       2500     1.7354  0.000e+00
     28.507   65.76068 -168.74406     28.792     2.8718     2.8691     2.8702    32.7108    32.7282  1026.2043    26.0691    280.168    267.694  329.24683     85.093     81.310     0.4408     2.2967     3.7497     0.9142 1.0000e-12       2501     1.7361  0.000e+00
     28.491   65.76068 -168.74406     28.777     2.8712     2.8681     2.8696    32.7127    32.7304  1026.2057    26.0706    280.106    267.903  329.24749     85.075     81.373     0.4396     2.2894     3.7497     0.9142 1.0000e-12       2502     1.7368  0.000e+00
     28.561   65.76068 -168.74406     28.847     2.8703     2.8674     2.8686    32.7138    32.7317  1026.2071    26.0716    280.136    267.946  329.25198     85.082     81.386     0.4408     2.2967     3.7485     0.9155 1.0000e-12       2503     1.7375  0.000e+00
     28.545   65.76068 -168.74406     28.831     2.8691     2.8661     2.8675    32.7158    32.7343  1026.2087    26.0733    280.138    267.992  329.25615     85.082     81.399     0.4396     2.2894     3.7497     0.9142 1.0000e-12       2504     1.7382  0.000e+00
     28.561   65.76068 -168.74406     28.847     2.8681     2.8652     2.8664    32.7174    32.7356  1026.2102    26.0747    279.717    267.847  329.26087     84.953     81.353     0.4396     2.2894     3.7497     0.9142 1.0000e-12       2505     1.7389  0.000e+00
     28.607   65.76068 -168.74406     28.894     2.8674     2.8644     2.8658    32.7184    32.7369  1026.2112    26.0754    280.113    267.880  329.26383     85.073     81.363     0.4408     2.2967     3.7497     0.9142 1.0000e-12       2506     1.7396  0.000e+00
     28.622   65.76068 -168.74406     28.909     2.8663     2.8636     2.8647    32.7199    32.7382  1026.2126    26.0768    279.719    267.916  329.26864     84.952     81.373     0.4396     2.2894     3.7497     0.9142 1.0000e-12       2507     1.7403  0.000e+00
     28.661   65.76068 -168.74406     28.948     2.8655     2.8628     2.8639    32.7211    32.7390  1026.2138    26.0778    279.886    267.959  329.27219     85.002     81.385     0.4408     2.2967     3.7485     0.9155 1.0000e-12       2508     1.7410  0.000e+00
     28.622   65.76068 -168.74406     28.909     2.8646     2.8624     2.8630    32.7220    32.7396  1026.2144    26.0786    279.882    268.001  329.27795     84.999     81.397     0.4396     2.2894     3.7875     0.8740 1.0000e-12       2509     1.7417  0.000e+00
     28.723   65.76068 -168.74406     29.011     2.8637     2.8614     2.8620    32.7228    32.7403  1026.2155    26.0793    279.676    268.057  329.28340     84.935     81.413     0.4408     2.2967     3.8168     0.8432 1.0000e-12       2510     1.7424  0.000e+00
     28.676   65.76068 -168.74406     28.964     2.8630     2.8605     2.8614    32.7239    32.7420  1026.2163    26.0802    279.657    268.086  329.28583     84.928     81.421     0.4396     2.2894     3.8217     0.8381 1.0000e-12       2511     1.7431  0.000e+00
     28.676   65.76068 -168.74406     28.964     2.8619     2.8601     2.8603    32.7254    32.7421  1026.2176    26.0815    279.657    268.120  329.29123     84.927     81.430     0.4408     2.2967     3.8193     0.8406 1.0000e-12       2512     1.7437  0.000e+00
     28.777   65.76068 -168.74406     29.065     2.8615     2.8592     2.8598    32.7261    32.7433  1026.2186    26.0821    279.633    268.163  329.29306     84.919     81.442     0.4286     2.2234     3.8193     0.8406 1.0000e-12       2513     1.7444  0.000e+00
     28.738   65.76068 -168.74406     29.026     2.8605     2.8585     2.8589    32.7274    32.7446  1026.2196    26.0832    279.401    268.204  329.29771     84.847     81.454     0.4090     2.1062     3.8181     0.8419 1.0000e-12       2514     1.7451  0.000e+00
     28.777   65.76068 -168.74406     29.065     2.8597     2.8578     2.8581    32.7284    32.7455  1026.2207    26.0842    279.366    268.228  329.30157     84.836     81.460     0.4029     2.0696     3.8181     0.8419 1.0000e-12       2515     1.7458  0.000e+00
     28.792   65.76068 -168.74406     29.081     2.8593     2.8576     2.8577    32.7291    32.7461  1026.2213    26.0847    279.342    268.079  329.30298     84.828     81.415     0.4029     2.0696     3.8181     0.8419 1.0000e-12       2516     1.7465  0.000e+00
     28.831   65.76068 -168.74406     29.120     2.8586     2.8572     2.8570    32.7303    32.7468  1026.2225    26.0857    279.333    268.109  329.30563     84.825     81.424     0.4054     2.0842     3.8193     0.8406 1.0000e-12       2517     1.7472  0.000e+00
     28.846   65.76068 -168.74406     29.135     2.8580     2.8564     2.8563    32.7313    32.7479  1026.2234    26.0866    279.336    268.122  329.30834     84.825     81.427     0.4042     2.0769     3.8193     0.8406 1.0000e-12       2518     1.7479  0.000e+00
     28.831   65.76068 -168.74406     29.120     2.8575     2.8563     2.8559    32.7325    32.7487  1026.2243    26.0875    279.095    268.133  329.30901     84.752     81.430     0.4054     2.0842     3.8193     0.8406 1.0000e-12       2519     1.7486  0.000e+00
     28.908   65.76068 -168.74406     29.198     2.8567     2.8560     2.8551    32.7332    32.7494  1026.2254    26.0882    279.312    267.958  329.31362     84.816     81.377     0.4042     2.0769     3.8193     0.8406 1.0000e-12       2520     1.7493  0.000e+00
     28.893   65.76068 -168.74406     29.182     2.8564     2.8557     2.8548    32.7344    32.7496  1026.2262    26.0892    279.096    268.129  329.31338     84.751     81.428     0.4042     2.0769     3.8193     0.8406 1.0000e-12       2521     1.7500  0.000e+00
     28.908   65.76068 -168.74406     29.198     2.8556     2.8555     2.8540    32.7359    32.7503  1026.2276    26.0904    279.080    268.129  329.31619     84.745     81.429     0.4029     2.0696     3.8193     0.8406 1.0000e-12       2522     1.7507  0.000e+00
     28.947   65.76068 -168.74406     29.237     2.8556     2.8553     2.8540    32.7356    32.7505  1026.2275    26.0902    279.077    268.134  329.31695     84.744     81.430     0.4042     2.0769     3.8193     0.8406 1.0000e-12       2523     1.7514  0.000e+00
     28.962   65.76068 -168.74406     29.252     2.8553     2.8550     2.8537    32.7364    32.7512  1026.2282    26.0908    279.085    268.141  329.31716     84.747     81.432     0.4054     2.0842     3.8193     0.8406 1.0000e-12       2524     1.7521  0.000e+00
     29.008   65.76068 -168.74406     29.299     2.8549     2.8545     2.8532    32.7368    32.7519  1026.2289    26.0913    278.891    268.154  329.31993     84.687     81.435     0.4042     2.0769     3.8193     0.8406 1.0000e-12       2525     1.7528  0.000e+00
     28.962   65.76068 -168.74406     29.252     2.8545     2.8543     2.8529    32.7376    32.7524  1026.2293    26.0919    278.891    267.969  329.32106     84.687     81.379     0.4054     2.0842     3.8181     0.8419 1.0000e-12       2526     1.7535  0.000e+00
     29.062   65.76068 -168.74406     29.354     2.8545     2.8541     2.8529    32.7379    32.7531  1026.2300    26.0921    278.690    267.964  329.31998     84.626     81.378     0.4029     2.0696     3.8193     0.8406 1.0000e-12       2527     1.7542  0.000e+00
     29.024   65.76068 -168.74406     29.315     2.8544     2.8538     2.8527    32.7385    32.7541  1026.2303    26.0927    278.647    267.960  329.31962     84.613     81.376     0.4042     2.0769     3.8193     0.8406 1.0000e-12       2528     1.7549  0.000e+00
     29.124   65.76068 -168.74406     29.416     2.8541     2.8538     2.8524    32.7394    32.7544  1026.2315    26.0934    278.480    267.962  329.32014     84.562     81.377     0.4029     2.0696     3.8339     0.8253 1.0000e-12       2529     1.7556  0.000e+00
     29.078   65.76068 -168.74406     29.369     2.8539     2.8537     2.8523    32.7400    32.7550  1026.2318    26.0938    278.436    267.745  329.31997     84.549     81.311     0.4042     2.0769     3.8547     0.8037 1.0000e-12       2530     1.7563  0.000e+00
     29.124   65.76068 -168.74406     29.416     2.8537     2.8537     2.8521    32.7406    32.7553  1026.2325    26.0944    278.411    267.707  329.31972     84.541     81.300     0.4054     2.0842     3.8596     0.7986 1.0000e-12       2531     1.7569  0.000e+00
     29.078   65.76068 -168.74406     29.369     2.8537     2.8535     2.8521    32.7408    32.7558  1026.2324    26.0945    278.399    267.670  329.31925     84.538     81.289     0.4042     2.0769     3.8596     0.7986 1.0000e-12       2532     1.7576  0.000e+00
     29.139   65.76068 -168.74406     29.432     2.8534     2.8533     2.8518    32.7417    32.7565  1026.2335    26.0952    278.371    267.641  329.31962     84.529     81.280     0.4054     2.0842     3.8584     0.7999 1.0000e-12       2533     1.7583  0.000e+00
     29.178   65.76068 -168.74406     29.471     2.8534     2.8533     2.8518    32.7419    32.7574  1026.2338    26.0954    278.137    267.417  329.31906     84.458     81.213     0.4042     2.0769     3.8584     0.7999 1.0000e-12       2534     1.7590  0.000e+00
     29.193   65.76068 -168.74406     29.486     2.8534     2.8532     2.8518    32.7429    32.7583  1026.2348    26.0963    278.100    267.372  329.31646     84.448     81.199     0.4042     2.0769     3.8584     0.7999 1.0000e-12       2535     1.7597  0.000e+00
