EcoFOCI/data/1_SampleCollection/2023_SikuliaqDBO_CruiseData/CTD_raw_BottleFile_SKQ23-12S/proc/skq202312s_014.ros
* Sea-Bird SBE 9 Data File:
* FileName = D:\CTD\SKQ202312S\SKQ202312S_014.hex
* Software Version Seasave V 7.26.7.121
* Temperature SN = 6177
* Conductivity SN = 0369
* Number of Bytes Per Scan = 41
* Number of Voltage Words = 4
* Number of Scans Averaged by the Deck Unit = 1
* NMEA Latitude = 64 40.15 N
* NMEA Longitude = 169 55.22 W
* NMEA UTC (Time) = Sep 17 2023  08:29:33
* NMEA baud rate = 4800
** Ship: R/V Sikuliaq
** Station Number: 014
** Station Name: DBO2.1
** Bottom Depth: 47
** Operator: SS
# nquan = 22
# nvalues = 931                                   
# units = specified
# name 0 = depSM: Depth [salt water, m]
# name 1 = latitude: Latitude [deg]
# name 2 = longitude: Longitude [deg]
# name 3 = prDM: Pressure, Digiquartz [db]
# name 4 = t090C: Temperature [ITS-90, deg C]
# name 5 = t190C: Temperature, 2 [ITS-90, deg C]
# name 6 = potemp090C: Potential Temperature [ITS-90, deg C]
# name 7 = sal00: Salinity, Practical [PSU]
# name 8 = sal11: Salinity, Practical, 2 [PSU]
# name 9 = density00: Density [density, kg/m^3]
# name 10 = sigma-é00: Density [sigma-theta, kg/m^3]
# name 11 = sbox0Mm/Kg: Oxygen, SBE 43 [umol/kg]
# name 12 = sbox1Mm/Kg: Oxygen, SBE 43, 2 [umol/kg]
# name 13 = oxsolMm/Kg: Oxygen Saturation, Garcia & Gordon [umol/kg]
# name 14 = sbeox0PS: Oxygen, SBE 43 [% saturation]
# name 15 = v0: Voltage 0
# name 16 = flECO-AFL: Fluorescence, WET Labs ECO-AFL/FL [mg/m^3]
# name 17 = CStarAt0: Beam Attenuation, WET Labs C-Star [1/m]
# name 18 = par: PAR/Irradiance, Biospherical/Licor
# name 19 = scan: Scan Count
# name 20 = nbf: Bottles Fired
# name 21 = flag:  0.000e+00
# interval = seconds: 0.0416667
# start_time = Sep 17 2023 08:33:36 [NMEA time, first data scan]
# bad_flag = -9.990e-29
*END*
[from data line 725]
      9.923   64.66934 -169.92004     10.022     2.2247     2.2240     2.2242    32.5534    32.5710  1026.0424    25.9952    298.543    282.753  334.99993     89.117     0.5531     2.9707     0.9430 5.1175e-03      23091         15  0.000e+00
      9.977   64.66934 -169.92004     10.076     2.2249     2.2240     2.2244    32.5536    32.5704  1026.0428    25.9953    298.328    282.732  334.99813     89.054     0.5531     2.9707     0.9430 1.6876e-03      23092         15  0.000e+00
      9.923   64.66934 -169.92004     10.022     2.2251     2.2241     2.2246    32.5534    32.5702  1026.0424    25.9951    298.518    282.709  334.99680     89.111     0.5519     2.9634     0.9430 3.4241e-04      23093         15  0.000e+00
      9.923   64.66934 -169.92004     10.022     2.2250     2.2240     2.2245    32.5533    32.5703  1026.0423    25.9951    298.525    282.692  334.99742     89.113     0.5409     2.8974     0.9443 8.4714e-06      23094         15  0.000e+00
      9.923   64.66934 -169.92004     10.022     2.2247     2.2242     2.2242    32.5537    32.5704  1026.0426    25.9954    298.308    282.675  334.99930     89.047     0.5372     2.8754     0.9443 1.0000e-12      23095         15  0.000e+00
      9.893   64.66934 -169.92004      9.990     2.2244     2.2242     2.2239    32.5534    32.5702  1026.0423    25.9951    298.278    282.663  335.00280     89.038     0.5360     2.8681     0.9430 1.0000e-12      23096         15  0.000e+00
      9.977   64.66934 -169.92004     10.076     2.2244     2.2243     2.2239    32.5533    32.5705  1026.0426    25.9951    298.473    282.655  335.00292     89.096     0.5372     2.8754     0.9430 1.0000e-12      23097         15  0.000e+00
      9.862   64.66934 -169.92004      9.959     2.2246     2.2244     2.2241    32.5535    32.5707  1026.0422    25.9952    298.284    282.644  335.00067     89.040     0.5372     2.8754     0.9430 1.0000e-12      23098         15  0.000e+00
      9.923   64.66934 -169.92004     10.022     2.2247     2.2244     2.2242    32.5536    32.5706  1026.0426    25.9953    298.292    282.644  334.99951     89.042     0.5372     2.8754     0.9443 1.0000e-12      23099         15  0.000e+00
      9.923   64.66934 -169.92004     10.022     2.2246     2.2244     2.2241    32.5534    32.5704  1026.0424    25.9951    298.263    282.644  335.00139     89.033     0.5360     2.8681     0.9430 1.3499e-03      23100         15  0.000e+00
      2.472   64.66934 -169.92004      2.496     2.2227     2.2232     2.2226    32.5516    32.5699  1026.0056    25.9939    299.368    285.252  335.02134     89.358     0.4860     2.5678     0.9522 4.5890e-01      27690         16  0.000e+00
      2.534   64.66934 -169.92004      2.559     2.2231     2.2236     2.2230    32.5452    32.5697  1026.0007    25.9887    298.936    285.256  335.03423     89.226     0.4860     2.5678     0.9522 4.5405e-01      27691         16  0.000e+00
      2.418   64.66934 -169.92004      2.442     2.2237     2.2238     2.2236    32.5390    32.5695  1025.9952    25.9837    299.316    285.253  335.04541     89.336     0.4860     2.5678     0.9522 4.9747e-01      27692         16  0.000e+00
      2.534   64.66934 -169.92004      2.559     2.2240     2.2236     2.2238    32.5462    32.5698  1026.0015    25.9894    299.305    285.061  335.02485     89.338     0.4860     2.5678     0.9522 5.3494e-01      27693         16  0.000e+00
      2.418   64.66934 -169.92004      2.442     2.2240     2.2237     2.2238    32.5510    32.5695  1026.0048    25.9933    299.292    285.035  335.01240     89.338     0.4847     2.5604     0.9588 5.4420e-01      27694         16  0.000e+00
      2.418   64.66934 -169.92004      2.442     2.2235     2.2236     2.2233    32.5522    32.5683  1026.0058    25.9942    299.074    285.017  335.01355     89.272     0.4860     2.5678     0.9654 5.3128e-01      27695         16  0.000e+00
      2.418   64.66934 -169.92004      2.442     2.2235     2.2237     2.2233    32.5518    32.5667  1026.0054    25.9939    299.043    284.998  335.01459     89.263     0.4860     2.5678     0.9654 5.1504e-01      27696         16  0.000e+00
      2.379   64.66934 -169.92004      2.403     2.2234     2.2237     2.2232    32.5522    32.5687  1026.0056    25.9942    299.234    284.970  335.01454     89.320     0.4860     2.5678     0.9654 5.1149e-01      27697         16  0.000e+00
      2.356   64.66934 -169.92004      2.379     2.2230     2.2236     2.2229    32.5493    32.5698  1026.0032    25.9919    299.249    284.946  335.02513     89.321     0.4847     2.5604     0.9654 4.6872e-01      27698         16  0.000e+00
      2.356   64.66934 -169.92004      2.379     2.2230     2.2236     2.2229    32.5481    32.5701  1026.0023    25.9910    299.258    284.948  335.02805     89.323     0.4860     2.5678     0.9654 4.0038e-01      27699         16  0.000e+00
      2.302   64.66934 -169.92004      2.325     2.2231     2.2235     2.2230    32.5484    32.5699  1026.0022    25.9913    299.259    284.926  335.02589     89.324     0.4860     2.5678     0.9654 3.8176e-01      27700         16  0.000e+00
      2.302   64.66934 -169.92004      2.325     2.2230     2.2236     2.2229    32.5520    32.5684  1026.0051    25.9941    299.259    284.908  335.01819     89.326     0.4860     2.5678     0.9654 4.2732e-01      27701         16  0.000e+00
      2.356   64.66934 -169.92004      2.379     2.2232     2.2237     2.2231    32.5528    32.5693  1026.0060    25.9947    299.263    284.886  335.01430     89.329     0.4847     2.5604     0.9654 5.7274e-01      27702         16  0.000e+00
      2.240   64.66934 -169.92004      2.263     2.2233     2.2238     2.2232    32.5527    32.5697  1026.0054    25.9947    299.264    284.685  335.01351     89.329     0.4860     2.5678     0.9654 6.3147e-01      27703         16  0.000e+00
      2.241   64.66934 -169.92004      2.263     2.2236     2.2236     2.2235    32.5524    32.5700  1026.0051    25.9944    299.268    284.644  335.01164     89.331     0.4872     2.5751     0.9654 6.3358e-01      27704         16  0.000e+00
      2.187   64.66934 -169.92004      2.208     2.2235     2.2237     2.2234    32.5528    32.5698  1026.0051    25.9947    299.273    284.624  335.01198     89.332     0.4860     2.5678     0.9654 6.3783e-01      27705         16  0.000e+00
      2.241   64.66934 -169.92004      2.263     2.2236     2.2236     2.2235    32.5525    32.5695  1026.0051    25.9944    299.280    284.613  335.01153     89.334     0.4860     2.5678     0.9654 6.3996e-01      27706         16  0.000e+00
      2.133   64.66934 -169.92004      2.154     2.2233     2.2237     2.2232    32.5526    32.5693  1026.0047    25.9945    299.285    284.571  335.01399     89.335     0.4860     2.5678     0.9640 6.2727e-01      27707         16  0.000e+00
      2.187   64.66934 -169.92004      2.208     2.2231     2.2239     2.2230    32.5527    32.5695  1026.0051    25.9947    299.295    284.534  335.01542     89.338     0.4860     2.5678     0.9654 5.2945e-01      27708         16  0.000e+00
      2.133   64.66934 -169.92004      2.154     2.2230     2.2239     2.2229    32.5531    32.5687  1026.0051    25.9950    299.299    284.498  335.01545     89.339     0.4847     2.5604     0.9654 4.8547e-01      27709         16  0.000e+00
      2.071   64.66934 -169.92004      2.091     2.2229     2.2236     2.2228    32.5530    32.5693  1026.0048    25.9950    299.081    284.462  335.01640     89.273     0.4860     2.5678     0.9654 4.8377e-01      27710         16  0.000e+00
      2.071   64.66934 -169.92004      2.091     2.2225     2.2238     2.2224    32.5533    32.5689  1026.0051    25.9952    299.276    284.428  335.01839     89.331     0.4847     2.5604     0.9640 5.3311e-01      27711         16  0.000e+00
      2.071   64.66934 -169.92004      2.091     2.2225     2.2237     2.2224    32.5531    32.5681  1026.0049    25.9951    299.285    284.422  335.01891     89.334     0.4860     2.5678     0.9640 5.6501e-01      27712         16  0.000e+00
      1.955   64.66934 -169.92004      1.974     2.2226     2.2236     2.2225    32.5524    32.5694  1026.0038    25.9944    299.289    284.386  335.02041     89.335     0.4847     2.5604     0.9654 5.6887e-01      27713         16  0.000e+00
      2.017   64.66934 -169.92004      2.037     2.2225     2.2237     2.2224    32.5519    32.5697  1026.0037    25.9941    299.300    284.356  335.02196     89.338     0.4860     2.5678     0.9667 5.8056e-01      27714         16  0.000e+00
      1.955   64.66934 -169.92004      1.974     2.2227     2.2235     2.2226    32.5496    32.5699  1026.0015    25.9922    299.310    284.326  335.02655     89.339     0.4847     2.5604     0.9706 5.8847e-01      27715         16  0.000e+00
      1.955   64.66934 -169.92004      1.974     2.2225     2.2231     2.2224    32.5474    32.5700  1025.9998    25.9905    299.324    284.301  335.03364     89.341     0.4640     2.4359     0.9706 5.9246e-01      27716         16  0.000e+00
      1.924   64.66934 -169.92004      1.943     2.2227     2.2234     2.2226    32.5434    32.5702  1025.9964    25.9873    299.338    284.271  335.04244     89.343     0.4493     2.3480     0.9706 5.5547e-01      27717         16  0.000e+00
      1.901   64.66934 -169.92004      1.920     2.2228     2.2232     2.2227    32.5468    32.5703  1025.9990    25.9900    299.336    284.245  335.03324     89.345     0.4457     2.3260     0.9706 5.1682e-01      27718         16  0.000e+00
      1.847   64.66934 -169.92004      1.865     2.2224     2.2235     2.2223    32.5463    32.5700  1025.9984    25.9896    299.308    284.217  335.03765     89.336     0.4469     2.3333     0.9706 5.0972e-01      27719         16  0.000e+00
      1.847   64.66934 -169.92004      1.865     2.2229     2.2234     2.2228    32.5430    32.5701  1025.9957    25.9869    299.095    284.194  335.04223     89.271     0.4469     2.3333     0.9706 5.1149e-01      27720         16  0.000e+00
      1.785   64.66934 -169.92004      1.803     2.2224     2.2236     2.2223    32.5492    32.5682  1026.0004    25.9919    299.276    283.973  335.03038     89.328     0.4481     2.3406     0.9706 5.1149e-01      27721         16  0.000e+00
      1.786   64.66934 -169.92004      1.803     2.2225     2.2236     2.2225    32.5518    32.5640  1026.0025    25.9940    299.276    283.962  335.02236     89.330     0.4469     2.3333     0.9706 5.1326e-01      27722         16  0.000e+00
      1.732   64.66934 -169.92004      1.749     2.2225     2.2233     2.2225    32.5501    32.5534  1026.0009    25.9926    299.247    283.968  335.02666     89.320     0.4481     2.3406     0.9706 5.2401e-01      27723         16  0.000e+00
      1.732   64.66934 -169.92004      1.749     2.2228     2.2236     2.2227    32.5472    32.5574  1025.9985    25.9903    299.036    283.943  335.03238     89.256     0.4469     2.3333     0.9706 5.5358e-01      27724         16  0.000e+00
      1.732   64.66934 -169.92004      1.749     2.2227     2.2232     2.2226    32.5512    32.5643  1026.0017    25.9935    299.221    283.920  335.02249     89.314     0.4481     2.3406     0.9706 5.6309e-01      27725         16  0.000e+00
      1.616   64.66934 -169.92004      1.632     2.2225     2.2233     2.2225    32.5527    32.5666  1026.0024    25.9947    299.222    284.076  335.01993     89.315     0.4469     2.3333     0.9706 5.8451e-01      27726         16  0.000e+00
      1.670   64.66934 -169.92004      1.686     2.2224     2.2231     2.2223    32.5453    32.5673  1025.9968    25.9888    299.027    284.095  335.04032     89.251     0.4469     2.3333     0.9706 6.9063e-01      27727         16  0.000e+00
      1.616   64.66934 -169.92004      1.632     2.2225     2.2232     2.2225    32.5396    32.5678  1025.9920    25.9843    299.232    283.886  335.05346     89.309     0.4469     2.3333     0.9706 7.3743e-01      27728         16  0.000e+00
      1.616   64.66934 -169.92004      1.632     2.2224     2.2234     2.2224    32.5489    32.5676  1025.9993    25.9916    299.259    283.883  335.03076     89.323     0.4469     2.3333     0.9706 7.3024e-01      27729         16  0.000e+00
      1.554   64.66934 -169.92004      1.569     2.2224     2.2235     2.2223    32.5525    32.5692  1026.0020    25.9946    299.259    283.851  335.02183     89.325     0.4457     2.3260     0.9706 6.6819e-01      27730         16  0.000e+00
      1.554   64.66934 -169.92004      1.570     2.2225     2.2234     2.2225    32.5527    32.5696  1026.0021    25.9947    299.268    283.853  335.02006     89.328     0.4469     2.3333     0.9706 6.3996e-01      27731         16  0.000e+00
      1.554   64.66934 -169.92004      1.570     2.2225     2.2236     2.2225    32.5529    32.5696  1026.0023    25.9949    299.056    283.857  335.01943     89.265     0.4481     2.3406     0.9706 6.3358e-01      27732         16  0.000e+00
      1.500   64.66934 -169.92004      1.515     2.2224     2.2234     2.2223    32.5530    32.5696  1026.0021    25.9949    299.030    283.864  335.02071     89.257     0.4469     2.3333     0.9706 5.5737e-01      27733         16  0.000e+00
      1.462   64.66934 -169.92004      1.476     2.2225     2.2232     2.2225    32.5528    32.5698  1026.0017    25.9948    299.043    283.875  335.01982     89.261     0.4481     2.3406     0.9654 5.1682e-01      27734         16  0.000e+00
      1.500   64.66934 -169.92004      1.515     2.2223     2.2232     2.2222    32.5529    32.5699  1026.0020    25.9949    299.027    283.889  335.02186     89.256     0.4469     2.3333     0.9522 5.1149e-01      27735         16  0.000e+00
      1.446   64.66934 -169.92004      1.460     2.2224     2.2232     2.2223    32.5525    32.5699  1026.0014    25.9945    299.006    283.904  335.02199     89.250     0.4481     2.3406     0.9469 5.2221e-01      27736         16  0.000e+00
      1.446   64.66934 -169.92004      1.460     2.2225     2.2232     2.2225    32.5460    32.5697  1025.9962    25.9893    299.003    283.924  335.03729     89.245     0.4469     2.3333     0.9482 5.2945e-01      27737         16  0.000e+00
      1.446   64.66934 -169.92004      1.461     2.2224     2.2233     2.2223    32.5497    32.5701  1025.9992    25.9923    298.758    283.746  335.02917     89.174     0.4469     2.3333     0.9482 5.2945e-01      27738         16  0.000e+00
      2.536   64.66934 -169.92004      2.561     2.2223     2.2234     2.2221    32.5520    32.5701  1026.0063    25.9942    298.949    285.173  335.02404     89.232     0.5018     2.6630     0.9561 7.0439e-01      27940         17  0.000e+00
      2.475   64.66934 -169.92004      2.499     2.2224     2.2236     2.2223    32.5528    32.5695  1026.0066    25.9948    299.137    285.203  335.02114     89.289     0.5031     2.6703     0.9575 7.5937e-01      27941         17  0.000e+00
      2.475   64.66934 -169.92004      2.499     2.2224     2.2235     2.2223    32.5525    32.5637  1026.0064    25.9946    299.144    285.422  335.02187     89.291     0.5043     2.6776     0.9575 7.6930e-01      27942         17  0.000e+00
      2.475   64.66934 -169.92004      2.499     2.2225     2.2234     2.2224    32.5527    32.5623  1026.0065    25.9947    299.147    285.454  335.02010     89.292     0.5031     2.6703     0.9561 6.8158e-01      27943         17  0.000e+00
      2.475   64.66934 -169.92004      2.499     2.2225     2.2236     2.2224    32.5524    32.5669  1026.0063    25.9945    299.150    285.470  335.02072     89.293     0.5031     2.6703     0.9575 6.0863e-01      27944         17  0.000e+00
      2.475   64.66934 -169.92004      2.499     2.2225     2.2237     2.2224    32.5529    32.5676  1026.0067    25.9949    298.966    285.293  335.01948     89.239     0.5031     2.6703     0.9561 5.9246e-01      27945         17  0.000e+00
