EcoFOCI/data/1_SampleCollection/2023_SikuliaqDBO_CruiseData/CTD_raw_BottleFile_SKQ23-12S/proc/skq202312s_048svp.cnv
* Sea-Bird SBE 9 Data File:
* FileName = D:\CTD\SKQ202312S\SKQ202312S_048.hex
* Software Version Seasave V 7.26.7.121
* Temperature SN = 6177
* Conductivity SN = 0369
* Number of Bytes Per Scan = 41
* Number of Voltage Words = 4
* Number of Scans Averaged by the Deck Unit = 1
* NMEA Latitude = 71 47.13 N
* NMEA Longitude = 161 57.91 W
* NMEA UTC (Time) = Sep 25 2023  05:45:53
* NMEA baud rate = 4800
** Ship: R/V Sikuliaq
** Station Number: 048
** Station Name: DBO4.5na
** Bottom Depth: 42
** Operator: SS
# nquan = 7
# nvalues = 4049                                  
# units = specified
# name 0 = depSM: Depth [salt water, m]
# name 1 = latitude: Latitude [deg]
# name 2 = longitude: Longitude [deg]
# name 3 = t090C: Temperature [ITS-90, deg C]
# name 4 = sal00: Salinity, Practical [PSU]
# name 5 = svCM: Sound Velocity [Chen-Millero, m/s]
# name 6 = flag:  0.000e+00
# span 0 =      2.090,     36.939                 
# span 1 =   71.78546,   71.78546                 
# span 2 = -161.96522, -161.96520                 
# span 3 =    -0.6879,     2.1019                 
# span 4 =    27.4668,    32.6637                 
# span 5 =    1443.17,    1451.49                 
# span 6 = 0.0000e+00, 0.0000e+00                 
# interval = seconds: 0.0416667
# start_time = Sep 25 2023 05:49:13 [NMEA time, first data scan]
# bad_flag = -9.990e-29
*END*
[from data line 206]
      2.144   71.78546 -161.96522     1.7739    27.6439    1447.48  0.000e+00
      2.144   71.78546 -161.96522     1.7739    27.6423    1447.48  0.000e+00
      2.144   71.78546 -161.96522     1.7735    27.6413    1447.47  0.000e+00
      2.144   71.78546 -161.96522     1.7734    27.6402    1447.47  0.000e+00
      2.090   71.78546 -161.96522     1.7734    27.6418    1447.47  0.000e+00
      2.144   71.78546 -161.96522     1.7734    27.6399    1447.47  0.000e+00
      2.144   71.78546 -161.96522     1.7730    27.6363    1447.47  0.000e+00
      2.090   71.78546 -161.96522     1.7728    27.6378    1447.47  0.000e+00
      2.105   71.78546 -161.96522     1.7724    27.6395    1447.47  0.000e+00
      2.144   71.78546 -161.96522     1.7721    27.6417    1447.47  0.000e+00
      2.144   71.78546 -161.96522     1.7721    27.6457    1447.47  0.000e+00
      2.090   71.78546 -161.96522     1.7717    27.6479    1447.47  0.000e+00
      2.144   71.78546 -161.96522     1.7720    27.6435    1447.47  0.000e+00
      2.090   71.78546 -161.96522     1.7717    27.6384    1447.46  0.000e+00
      2.144   71.78546 -161.96522     1.7715    27.6324    1447.45  0.000e+00
      2.144   71.78546 -161.96522     1.7710    27.6280    1447.45  0.000e+00
      2.144   71.78546 -161.96522     1.7709    27.6262    1447.44  0.000e+00
      2.144   71.78546 -161.96522     1.7706    27.6282    1447.44  0.000e+00
      2.090   71.78546 -161.96522     1.7707    27.6282    1447.44  0.000e+00
      2.167   71.78546 -161.96522     1.7704    27.6275    1447.44  0.000e+00
      2.144   71.78546 -161.96522     1.7704    27.6301    1447.45  0.000e+00
      2.144   71.78546 -161.96522     1.7709    27.6356    1447.45  0.000e+00
      2.206   71.78546 -161.96522     1.7709    27.6397    1447.46  0.000e+00
      2.144   71.78546 -161.96522     1.7712    27.6411    1447.46  0.000e+00
      2.144   71.78546 -161.96522     1.7713    27.6404    1447.46  0.000e+00
      2.206   71.78546 -161.96522     1.7710    27.6392    1447.46  0.000e+00
      2.206   71.78546 -161.96522     1.7712    27.6372    1447.46  0.000e+00
      2.206   71.78546 -161.96522     1.7709    27.6362    1447.46  0.000e+00
      2.144   71.78546 -161.96522     1.7710    27.6341    1447.45  0.000e+00
      2.206   71.78546 -161.96522     1.7710    27.6313    1447.45  0.000e+00
      2.221   71.78546 -161.96522     1.7710    27.6303    1447.45  0.000e+00
      2.206   71.78546 -161.96522     1.7704    27.6288    1447.44  0.000e+00
      2.260   71.78546 -161.96522     1.7704    27.6260    1447.44  0.000e+00
      2.206   71.78546 -161.96522     1.7704    27.6234    1447.44  0.000e+00
      2.260   71.78546 -161.96522     1.7703    27.6260    1447.44  0.000e+00
      2.259   71.78546 -161.96522     1.7701    27.6297    1447.45  0.000e+00
      2.259   71.78546 -161.96522     1.7703    27.6331    1447.45  0.000e+00
      2.259   71.78546 -161.96522     1.7699    27.6359    1447.45  0.000e+00
      2.259   71.78546 -161.96522     1.7701    27.6375    1447.46  0.000e+00
      2.321   71.78546 -161.96522     1.7698    27.6388    1447.46  0.000e+00
      2.259   71.78546 -161.96522     1.7703    27.6392    1447.46  0.000e+00
      2.283   71.78546 -161.96522     1.7703    27.6408    1447.46  0.000e+00
      2.321   71.78546 -161.96522     1.7703    27.6439    1447.47  0.000e+00
      2.321   71.78546 -161.96522     1.7701    27.6464    1447.47  0.000e+00
      2.321   71.78546 -161.96522     1.7701    27.6465    1447.47  0.000e+00
      2.375   71.78546 -161.96522     1.7704    27.6459    1447.47  0.000e+00
      2.321   71.78546 -161.96522     1.7703    27.6456    1447.47  0.000e+00
      2.375   71.78546 -161.96522     1.7704    27.6442    1447.47  0.000e+00
      2.375   71.78546 -161.96522     1.7703    27.6436    1447.47  0.000e+00
      2.375   71.78546 -161.96522     1.7703    27.6428    1447.47  0.000e+00
      2.375   71.78546 -161.96522     1.7701    27.6426    1447.46  0.000e+00
      2.375   71.78546 -161.96522     1.7701    27.6414    1447.46  0.000e+00
      2.375   71.78546 -161.96522     1.7699    27.6398    1447.46  0.000e+00
      2.452   71.78546 -161.96522     1.7698    27.6385    1447.46  0.000e+00
      2.429   71.78546 -161.96522     1.7697    27.6388    1447.46  0.000e+00
      2.429   71.78546 -161.96522     1.7695    27.6396    1447.46  0.000e+00
      2.375   71.78546 -161.96522     1.7693    27.6387    1447.46  0.000e+00
      2.491   71.78546 -161.96522     1.7693    27.6363    1447.45  0.000e+00
      2.429   71.78546 -161.96522     1.7688    27.6331    1447.45  0.000e+00
      2.490   71.78546 -161.96522     1.7688    27.6306    1447.44  0.000e+00
      2.429   71.78546 -161.96522     1.7684    27.6297    1447.44  0.000e+00
      2.490   71.78546 -161.96522     1.7684    27.6286    1447.44  0.000e+00
      2.490   71.78546 -161.96522     1.7682    27.6272    1447.44  0.000e+00
      2.490   71.78546 -161.96522     1.7681    27.6266    1447.44  0.000e+00
      2.398   71.78546 -161.96522     1.7679    27.6266    1447.43  0.000e+00
      2.606   71.78546 -161.96522     1.7676    27.6269    1447.44  0.000e+00
      2.490   71.78546 -161.96522     1.7676    27.6278    1447.44  0.000e+00
      2.544   71.78546 -161.96522     1.7671    27.6291    1447.44  0.000e+00
      2.490   71.78546 -161.96522     1.7671    27.6309    1447.44  0.000e+00
      2.544   71.78546 -161.96522     1.7670    27.6323    1447.44  0.000e+00
      2.490   71.78546 -161.96522     1.7670    27.6333    1447.44  0.000e+00
      2.544   71.78546 -161.96522     1.7668    27.6337    1447.44  0.000e+00
      2.544   71.78546 -161.96522     1.7668    27.6344    1447.44  0.000e+00
      2.544   71.78546 -161.96522     1.7668    27.6343    1447.44  0.000e+00
      2.544   71.78546 -161.96522     1.7668    27.6351    1447.44  0.000e+00
      2.544   71.78546 -161.96522     1.7670    27.6364    1447.44  0.000e+00
      2.544   71.78546 -161.96522     1.7668    27.6382    1447.45  0.000e+00
      2.567   71.78546 -161.96522     1.7668    27.6400    1447.45  0.000e+00
      2.544   71.78546 -161.96522     1.7671    27.6419    1447.45  0.000e+00
      2.544   71.78546 -161.96522     1.7673    27.6441    1447.46  0.000e+00
      2.544   71.78546 -161.96522     1.7676    27.6462    1447.46  0.000e+00
      2.606   71.78546 -161.96522     1.7684    27.6464    1447.47  0.000e+00
      2.544   71.78546 -161.96522     1.7687    27.6487    1447.47  0.000e+00
      2.606   71.78546 -161.96522     1.7690    27.6502    1447.47  0.000e+00
      2.544   71.78546 -161.96522     1.7693    27.6507    1447.47  0.000e+00
      2.544   71.78546 -161.96522     1.7699    27.6508    1447.48  0.000e+00
      2.544   71.78546 -161.96522     1.7701    27.6511    1447.48  0.000e+00
      2.544   71.78546 -161.96522     1.7706    27.6503    1447.48  0.000e+00
      2.544   71.78546 -161.96522     1.7707    27.6501    1447.48  0.000e+00
      2.567   71.78546 -161.96522     1.7710    27.6489    1447.48  0.000e+00
      2.544   71.78546 -161.96522     1.7710    27.6481    1447.48  0.000e+00
      2.544   71.78546 -161.96522     1.7707    27.6475    1447.48  0.000e+00
      2.544   71.78546 -161.96522     1.7709    27.6464    1447.48  0.000e+00
      2.544   71.78546 -161.96522     1.7707    27.6458    1447.47  0.000e+00
      2.544   71.78546 -161.96522     1.7707    27.6446    1447.47  0.000e+00
      2.490   71.78546 -161.96522     1.7704    27.6442    1447.47  0.000e+00
      2.544   71.78546 -161.96522     1.7704    27.6450    1447.47  0.000e+00
      2.490   71.78546 -161.96522     1.7704    27.6462    1447.47  0.000e+00
      2.490   71.78546 -161.96522     1.7706    27.6462    1447.47  0.000e+00
      2.490   71.78546 -161.96522     1.7704    27.6463    1447.47  0.000e+00
      2.428   71.78546 -161.96522     1.7706    27.6460    1447.47  0.000e+00
      2.505   71.78546 -161.96522     1.7707    27.6457    1447.47  0.000e+00
      2.490   71.78546 -161.96522     1.7707    27.6458    1447.47  0.000e+00
      2.490   71.78546 -161.96522     1.7710    27.6452    1447.47  0.000e+00
      2.544   71.78546 -161.96522     1.7709    27.6440    1447.47  0.000e+00
      2.490   71.78546 -161.96522     1.7710    27.6428    1447.47  0.000e+00
      2.544   71.78546 -161.96522     1.7710    27.6421    1447.47  0.000e+00
      2.490   71.78546 -161.96522     1.7710    27.6398    1447.47  0.000e+00
      2.490   71.78546 -161.96522     1.7710    27.6363    1447.46  0.000e+00
      2.490   71.78546 -161.96522     1.7710    27.6337    1447.46  0.000e+00
      2.490   71.78546 -161.96522     1.7707    27.6330    1447.46  0.000e+00
      2.490   71.78546 -161.96522     1.7707    27.6296    1447.45  0.000e+00
      2.490   71.78546 -161.96522     1.7706    27.6235    1447.44  0.000e+00
      2.451   71.78546 -161.96522     1.7706    27.6186    1447.44  0.000e+00
      2.490   71.78546 -161.96522     1.7703    27.6160    1447.43  0.000e+00
      2.428   71.78546 -161.96522     1.7701    27.6152    1447.43  0.000e+00
      2.490   71.78546 -161.96522     1.7701    27.6137    1447.43  0.000e+00
      2.490   71.78546 -161.96522     1.7698    27.6089    1447.42  0.000e+00
      2.490   71.78546 -161.96522     1.7697    27.6010    1447.41  0.000e+00
      2.428   71.78546 -161.96522     1.7697    27.5928    1447.40  0.000e+00
      2.490   71.78546 -161.96522     1.7693    27.5873    1447.39  0.000e+00
      2.428   71.78546 -161.96522     1.7687    27.5840    1447.38  0.000e+00
      2.490   71.78546 -161.96522     1.7688    27.5816    1447.38  0.000e+00
      2.428   71.78546 -161.96522     1.7686    27.5821    1447.38  0.000e+00
      2.374   71.78546 -161.96522     1.7684    27.5832    1447.38  0.000e+00
      2.451   71.78546 -161.96522     1.7682    27.5817    1447.38  0.000e+00
      2.428   71.78546 -161.96522     1.7682    27.5817    1447.38  0.000e+00
      2.428   71.78546 -161.96522     1.7679    27.5846    1447.38  0.000e+00
      2.428   71.78546 -161.96522     1.7681    27.5884    1447.38  0.000e+00
      2.428   71.78546 -161.96522     1.7677    27.5901    1447.39  0.000e+00
      2.428   71.78546 -161.96522     1.7679    27.5895    1447.39  0.000e+00
      2.428   71.78546 -161.96522     1.7679    27.5864    1447.38  0.000e+00
      2.428   71.78546 -161.96522     1.7679    27.5828    1447.38  0.000e+00
      2.428   71.78546 -161.96522     1.7677    27.5836    1447.38  0.000e+00
      2.374   71.78546 -161.96522     1.7677    27.5833    1447.38  0.000e+00
      2.428   71.78546 -161.96522     1.7676    27.5803    1447.37  0.000e+00
      2.428   71.78546 -161.96522     1.7673    27.5784    1447.37  0.000e+00
      2.397   71.78546 -161.96522     1.7675    27.5775    1447.37  0.000e+00
      2.428   71.78546 -161.96522     1.7673    27.5768    1447.37  0.000e+00
      2.374   71.78546 -161.96522     1.7673    27.5765    1447.37  0.000e+00
      2.428   71.78546 -161.96522     1.7673    27.5763    1447.37  0.000e+00
      2.428   71.78546 -161.96522     1.7671    27.5755    1447.36  0.000e+00
      2.428   71.78546 -161.96522     1.7673    27.5744    1447.36  0.000e+00
      2.428   71.78546 -161.96522     1.7671    27.5738    1447.36  0.000e+00
      2.428   71.78546 -161.96522     1.7675    27.5730    1447.36  0.000e+00
      2.374   71.78546 -161.96522     1.7671    27.5730    1447.36  0.000e+00
      2.428   71.78546 -161.96522     1.7671    27.5736    1447.36  0.000e+00
      2.428   71.78546 -161.96522     1.7675    27.5743    1447.36  0.000e+00
      2.397   71.78546 -161.96522     1.7671    27.5749    1447.36  0.000e+00
      2.427   71.78546 -161.96522     1.7671    27.5744    1447.36  0.000e+00
      2.427   71.78546 -161.96522     1.7673    27.5738    1447.36  0.000e+00
      2.489   71.78546 -161.96522     1.7671    27.5738    1447.36  0.000e+00
      2.427   71.78546 -161.96522     1.7671    27.5733    1447.36  0.000e+00
      2.427   71.78546 -161.96522     1.7671    27.5723    1447.36  0.000e+00
      2.489   71.78546 -161.96522     1.7671    27.5719    1447.36  0.000e+00
      2.427   71.78546 -161.96522     1.7673    27.5741    1447.36  0.000e+00
      2.427   71.78546 -161.96522     1.7673    27.5783    1447.37  0.000e+00
      2.489   71.78546 -161.96522     1.7671    27.5788    1447.37  0.000e+00
      2.427   71.78546 -161.96522     1.7673    27.5764    1447.37  0.000e+00
      2.489   71.78546 -161.96522     1.7673    27.5770    1447.37  0.000e+00
      2.504   71.78546 -161.96522     1.7675    27.5829    1447.38  0.000e+00
      2.489   71.78546 -161.96522     1.7673    27.5936    1447.39  0.000e+00
      2.489   71.78546 -161.96522     1.7674    27.6031    1447.40  0.000e+00
      2.543   71.78546 -161.96522     1.7675    27.6091    1447.41  0.000e+00
      2.543   71.78546 -161.96522     1.7676    27.6134    1447.42  0.000e+00
      2.543   71.78546 -161.96522     1.7675    27.6162    1447.42  0.000e+00
      2.605   71.78546 -161.96522     1.7676    27.6180    1447.42  0.000e+00
      2.543   71.78546 -161.96522     1.7676    27.6197    1447.43  0.000e+00
      2.543   71.78546 -161.96522     1.7677    27.6212    1447.43  0.000e+00
      2.605   71.78546 -161.96522     1.7677    27.6221    1447.43  0.000e+00
      2.605   71.78546 -161.96522     1.7676    27.6207    1447.43  0.000e+00
      2.605   71.78546 -161.96522     1.7675    27.6173    1447.42  0.000e+00
      2.566   71.78546 -161.96522     1.7677    27.6153    1447.42  0.000e+00
      2.712   71.78546 -161.96522     1.7676    27.6140    1447.42  0.000e+00
      2.658   71.78546 -161.96522     1.7673    27.6134    1447.42  0.000e+00
      2.658   71.78546 -161.96522     1.7675    27.6140    1447.42  0.000e+00
      2.712   71.78546 -161.96522     1.7673    27.6174    1447.42  0.000e+00
      2.658   71.78546 -161.96522     1.7670    27.6226    1447.43  0.000e+00
      2.712   71.78546 -161.96522     1.7671    27.6265    1447.44  0.000e+00
      2.712   71.78546 -161.96522     1.7674    27.6268    1447.44  0.000e+00
      2.774   71.78546 -161.96522     1.7673    27.6278    1447.44  0.000e+00
      2.712   71.78546 -161.96522     1.7675    27.6296    1447.44  0.000e+00
      2.828   71.78546 -161.96522     1.7675    27.6315    1447.45  0.000e+00
      2.774   71.78546 -161.96522     1.7677    27.6314    1447.45  0.000e+00
      2.828   71.78546 -161.96522     1.7677    27.6318    1447.45  0.000e+00
      2.797   71.78546 -161.96522     1.7677    27.6330    1447.45  0.000e+00
      2.828   71.78546 -161.96522     1.7679    27.6350    1447.45  0.000e+00
      2.889   71.78546 -161.96522     1.7679    27.6361    1447.45  0.000e+00
      2.889   71.78546 -161.96522     1.7681    27.6372    1447.46  0.000e+00
      2.889   71.78546 -161.96522     1.7681    27.6371    1447.46  0.000e+00
      2.889   71.78546 -161.96522     1.7682    27.6365    1447.46  0.000e+00
      2.943   71.78546 -161.96522     1.7681    27.6349    1447.45  0.000e+00
      2.889   71.78546 -161.96522     1.7679    27.6321    1447.45  0.000e+00
      2.943   71.78546 -161.96522     1.7679    27.6304    1447.45  0.000e+00
      3.005   71.78546 -161.96522     1.7676    27.6271    1447.44  0.000e+00
      2.943   71.78546 -161.96522     1.7670    27.6217    1447.43  0.000e+00
      3.059   71.78546 -161.96522     1.7667    27.6156    1447.42  0.000e+00
      3.005   71.78546 -161.96522     1.7663    27.6135    1447.42  0.000e+00
      3.005   71.78546 -161.96522     1.7661    27.6123    1447.42  0.000e+00
      3.082   71.78546 -161.96522     1.7653    27.6108    1447.41  0.000e+00
      3.059   71.78546 -161.96522     1.7651    27.6096    1447.41  0.000e+00
      3.059   71.78546 -161.96522     1.7648    27.6058    1447.40  0.000e+00
      3.113   71.78546 -161.96522     1.7645    27.5993    1447.39  0.000e+00
      3.113   71.78546 -161.96522     1.7642    27.5929    1447.38  0.000e+00
