EcoFOCI/data/1_SampleCollection/2023_SikuliaqDBO_CruiseData/CTD_raw_BottleFile_SKQ23-12S/proc/skq202312s_038.cnv
* Sea-Bird SBE 9 Data File:
* FileName = D:\CTD\SKQ202312S\SKQ202312S_038.hex
* Software Version Seasave V 7.26.7.121
* Temperature SN = 6177
* Conductivity SN = 0369
* Number of Bytes Per Scan = 41
* Number of Voltage Words = 4
* Number of Scans Averaged by the Deck Unit = 1
* NMEA Latitude = 71 15.45 N
* NMEA Longitude = 160 27.73 W
* NMEA UTC (Time) = Sep 23 2023  10:47:29
* NMEA baud rate = 4800
** Ship: R/V Sikuliaq
** Station Number: 038
** Station Name: DBO4.1na
** Bottom Depth: 51
** Operator: SS
# nquan = 24
# nvalues = 4735                                  
# units = specified
# name 0 = depSM: Depth [salt water, m]
# name 1 = latitude: Latitude [deg]
# name 2 = longitude: Longitude [deg]
# name 3 = prDM: Pressure, Digiquartz [db]
# name 4 = t090C: Temperature [ITS-90, deg C]
# name 5 = t190C: Temperature, 2 [ITS-90, deg C]
# name 6 = potemp090C: Potential Temperature [ITS-90, deg C]
# name 7 = sal00: Salinity, Practical [PSU]
# name 8 = sal11: Salinity, Practical, 2 [PSU]
# name 9 = density00: Density [density, kg/m^3]
# name 10 = sigma-é00: Density [sigma-theta, kg/m^3]
# name 11 = sbox0Mm/Kg: Oxygen, SBE 43 [umol/kg]
# name 12 = sbox1Mm/Kg: Oxygen, SBE 43, 2 [umol/kg]
# name 13 = oxsolMm/Kg: Oxygen Saturation, Garcia & Gordon [umol/kg]
# name 14 = sbeox0PS: Oxygen, SBE 43 [% saturation]
# name 15 = sbeox1PS: Oxygen, SBE 43, 2 [% saturation]
# name 16 = v0: Voltage 0
# name 17 = flECO-AFL: Fluorescence, WET Labs ECO-AFL/FL [mg/m^3]
# name 18 = v1: Voltage 1
# name 19 = CStarAt0: Beam Attenuation, WET Labs C-Star [1/m]
# name 20 = par: PAR/Irradiance, Biospherical/Licor
# name 21 = scan: Scan Count
# name 22 = timeM: Time, Elapsed [minutes]
# name 23 = flag:  0.000e+00
# span 0 =      1.549,     46.173                 
# span 1 =   71.25746,   71.25746                 
# span 2 = -160.46242, -160.46232                 
# span 3 =      1.565,     46.654                 
# span 4 =    -1.6715,     2.4743                 
# span 5 =    -1.6700,     2.4754                 
# span 6 =    -1.6722,     2.4739                 
# span 7 =    27.5998,    32.6456                 
# span 8 =    27.6107,    32.6568                 
# span 9 =  1022.0312,  1026.4888                 
# span 10 =    22.0192,    26.2638                
# span 11 =    253.566,    482.884                
# span 12 =    240.163,    458.493                
# span 13 =  345.56869,  370.51856                
# span 14 =     68.437,    131.008                
# span 15 =     64.827,    124.397                
# span 16 =     0.0794,     0.2051                
# span 17 =     0.1282,     0.8828                
# span 18 =     3.2808,     4.1917                
# span 19 =     0.4684,     1.4487                
# span 20 = 1.0000e-12, 1.2737e+00                
# span 21 =          1,       4735                
# span 22 =     0.0000,     3.2875                
# span 23 = 0.0000e+00, 0.0000e+00                
# interval = seconds: 0.0416667
# start_time = Sep 23 2023 10:50:45 [NMEA time, first data scan]
# bad_flag = -9.990e-29
*END*
[from data line 242]
      1.989   71.25746 -160.46238      2.009     2.4578     2.4575     2.4577    27.6138    27.6271  1022.0405    22.0310    339.382    322.817  345.83981     98.133     93.352     0.1770     0.7143     4.0733     0.5830 6.1273e-01        243     0.1681  0.000e+00
      1.935   71.25746 -160.46238      1.955     2.4580     2.4567     2.4579    27.6138    27.6280  1022.0403    22.0310    339.601    322.815  345.83821     98.197     93.350     0.1770     0.7143     4.0745     0.5818 6.3783e-01        244     0.1688  0.000e+00
      1.989   71.25746 -160.46238      2.009     2.4578     2.4562     2.4577    27.6142    27.6292  1022.0408    22.0313    339.674    322.839  345.83873     98.218     93.357     0.1783     0.7216     4.0745     0.5818 6.3996e-01        245     0.1694  0.000e+00
      1.935   71.25746 -160.46238      1.955     2.4577     2.4559     2.4576    27.6148    27.6297  1022.0411    22.0318    339.476    322.834  345.83854     98.160     93.355     0.1770     0.7143     4.0733     0.5830 6.4638e-01        246     0.1701  0.000e+00
      1.873   71.25746 -160.46238      1.892     2.4574     2.4557     2.4573    27.6152    27.6299  1022.0411    22.0321    339.471    322.830  345.83981     98.159     93.353     0.1783     0.7216     4.0745     0.5818 6.5069e-01        247     0.1708  0.000e+00
      1.950   71.25746 -160.46238      1.970     2.4569     2.4553     2.4568    27.6156    27.6301  1022.0418    22.0325    339.706    322.831  345.84305     98.226     93.353     0.1770     0.7143     4.0745     0.5818 6.0455e-01        248     0.1715  0.000e+00
      1.873   71.25746 -160.46238      1.892     2.4572     2.4550     2.4572    27.6151    27.6308  1022.0411    22.0321    339.737    322.825  345.84145     98.235     93.351     0.1783     0.7216     4.0745     0.5818 3.8176e-01        249     0.1722  0.000e+00
      1.935   71.25746 -160.46238      1.955     2.4572     2.4549     2.4572    27.6154    27.6309  1022.0416    22.0323    339.775    322.850  345.84074     98.246     93.358     0.1770     0.7143     4.0745     0.5818 3.0647e-01        250     0.1729  0.000e+00
      1.873   71.25746 -160.46238      1.892     2.4574     2.4545     2.4573    27.6154    27.6315  1022.0413    22.0323    339.577    322.871  345.83923     98.189     93.364     0.1770     0.7143     4.0745     0.5818 2.9819e-01        251     0.1736  0.000e+00
      1.935   71.25746 -160.46238      1.955     2.4571     2.4545     2.4570    27.6157    27.6312  1022.0418    22.0325    339.811    322.873  345.84140     98.256     93.364     0.1783     0.7216     4.0745     0.5818 2.3349e-01        252     0.1743  0.000e+00
      1.873   71.25746 -160.46238      1.892     2.4568     2.4544     2.4567    27.6165    27.6314  1022.0422    22.0333    339.618    322.689  345.84194     98.200     93.310     0.1770     0.7143     4.0745     0.5818 2.0229e-01        253     0.1750  0.000e+00
      1.873   71.25746 -160.46238      1.892     2.4564     2.4545     2.4563    27.6170    27.6316  1022.0426    22.0336    339.851    322.893  345.84355     98.267     93.370     0.1783     0.7216     4.0745     0.5818 2.0049e-01        254     0.1757  0.000e+00
      1.873   71.25746 -160.46238      1.892     2.4562     2.4545     2.4561    27.6174    27.6315  1022.0430    22.0340    339.891    322.920  345.84445     98.278     93.378     0.1770     0.7143     4.0757     0.5806 4.1819e-01        255     0.1764  0.000e+00
      1.819   71.25746 -160.46238      1.838     2.4560     2.4547     2.4559    27.6173    27.6313  1022.0426    22.0339    339.930    322.919  345.84656     98.289     93.377     0.1770     0.7143     4.0745     0.5818 6.6598e-01        256     0.1771  0.000e+00
      1.873   71.25746 -160.46238      1.892     2.4560     2.4549     2.4559    27.6175    27.6311  1022.0431    22.0341    339.932    322.922  345.84604     98.290     93.379     0.1770     0.7143     4.0745     0.5818 7.1370e-01        257     0.1778  0.000e+00
      1.819   71.25746 -160.46238      1.838     2.4558     2.4549     2.4558    27.6172    27.6309  1022.0426    22.0339    339.930    322.717  345.84810     98.289     93.319     0.1770     0.7143     4.0745     0.5818 5.3311e-01        258     0.1785  0.000e+00
      1.819   71.25746 -160.46238      1.838     2.4562     2.4550     2.4561    27.6168    27.6307  1022.0422    22.0335    339.925    322.695  345.84650     98.288     93.313     0.1783     0.7216     4.0745     0.5818 4.0478e-01        259     0.1792  0.000e+00
      1.873   71.25746 -160.46238      1.892     2.4563     2.4549     2.4562    27.6164    27.6310  1022.0422    22.0332    339.922    322.678  345.84646     98.287     93.308     0.1783     0.7216     4.0745     0.5818 3.8458e-01        260     0.1799  0.000e+00
      1.757   71.25746 -160.46238      1.776     2.4564     2.4549     2.4564    27.6159    27.6307  1022.0412    22.0328    339.911    322.859  345.84634     98.284     93.360     0.1783     0.7216     4.0745     0.5818 4.3194e-01        261     0.1806  0.000e+00
      1.834   71.25746 -160.46238      1.853     2.4568     2.4552     2.4567    27.6157    27.6302  1022.0414    22.0326    339.713    322.866  345.84415     98.227     93.363     0.1770     0.7143     4.0745     0.5818 4.9747e-01        262     0.1812  0.000e+00
      1.757   71.25746 -160.46238      1.775     2.4568     2.4553     2.4567    27.6154    27.6303  1022.0408    22.0323    339.935    322.866  345.84493     98.291     93.363     0.1783     0.7216     4.0745     0.5818 5.1326e-01        263     0.1819  0.000e+00
      1.757   71.25746 -160.46238      1.775     2.4572     2.4557     2.4571    27.6149    27.6297  1022.0404    22.0319    339.736    322.870  345.84244     98.234     93.364     0.1770     0.7143     4.0745     0.5818 4.2732e-01        264     0.1826  0.000e+00
      1.757   71.25746 -160.46238      1.775     2.4572     2.4557     2.4572    27.6154    27.6296  1022.0408    22.0323    339.731    322.875  345.84062     98.233     93.366     0.1770     0.7143     4.0745     0.5818 3.0054e-01        265     0.1833  0.000e+00
      1.819   71.25746 -160.46238      1.838     2.4572     2.4557     2.4572    27.6150    27.6296  1022.0408    22.0320    339.962    322.883  345.84167     98.300     93.368     0.1783     0.7216     4.0745     0.5818 2.6990e-01        266     0.1840  0.000e+00
      1.703   71.25746 -160.46238      1.721     2.4576     2.4561     2.4575    27.6148    27.6292  1022.0400    22.0318    339.722    322.675  345.83944     98.231     93.309     0.1770     0.7143     4.0733     0.5830 2.8097e-01        267     0.1847  0.000e+00
      1.757   71.25746 -160.46238      1.775     2.4574     2.4564     2.4573    27.6152    27.6288  1022.0406    22.0321    339.914    322.682  345.83986     98.287     93.311     0.1770     0.7143     4.0720     0.5842 3.1249e-01        268     0.1854  0.000e+00
      1.757   71.25746 -160.46238      1.775     2.4576     2.4567     2.4575    27.6149    27.6281  1022.0403    22.0319    339.679    322.665  345.83921     98.219     93.306     0.1758     0.7069     4.0733     0.5830 3.2229e-01        269     0.1861  0.000e+00
      1.757   71.25746 -160.46238      1.775     2.4578     2.4567     2.4578    27.6144    27.6279  1022.0399    22.0315    339.865    322.650  345.83815     98.273     93.302     0.1770     0.7143     4.0733     0.5830 3.2853e-01        270     0.1868  0.000e+00
      1.703   71.25746 -160.46238      1.721     2.4580     2.4569     2.4579    27.6146    27.6281  1022.0398    22.0316    339.854    322.837  345.83615     98.270     93.357     0.1758     0.7069     4.0733     0.5830 3.5840e-01        271     0.1875  0.000e+00
      1.757   71.25746 -160.46238      1.775     2.4582     2.4567     2.4581    27.6140    27.6279  1022.0396    22.0312    339.619    322.646  345.83625     98.202     93.301     0.1758     0.7069     4.0733     0.5830 3.7200e-01        272     0.1882  0.000e+00
      1.757   71.25746 -160.46238      1.775     2.4583     2.4567     2.4582    27.6139    27.6282  1022.0395    22.0311    339.803    322.632  345.83565     98.256     93.297     0.1770     0.7143     4.0733     0.5830 3.7895e-01        273     0.1889  0.000e+00
      1.703   71.25746 -160.46238      1.721     2.4585     2.4566     2.4584    27.6138    27.6281  1022.0392    22.0310    339.560    322.619  345.83399     98.186     93.293     0.1758     0.7069     4.0733     0.5830 4.6707e-01        274     0.1896  0.000e+00
      1.781   71.25746 -160.46238      1.799     2.4586     2.4570     2.4586    27.6136    27.6255  1022.0394    22.0308    339.783    322.819  345.83304     98.251     93.350     0.1770     0.7143     4.0733     0.5830 5.1861e-01        275     0.1903  0.000e+00
      1.703   71.25746 -160.46238      1.721     2.4583     2.4572     2.4582    27.6136    27.6248  1022.0390    22.0308    339.545    322.829  345.83602     98.181     93.353     0.1758     0.7069     4.0720     0.5842 5.2221e-01        276     0.1910  0.000e+00
      1.703   71.25746 -160.46238      1.721     2.4586     2.4578     2.4586    27.6130    27.6257  1022.0385    22.0303    339.535    322.834  345.83471     98.178     93.356     0.1770     0.7143     4.0720     0.5842 4.3349e-01        277     0.1917  0.000e+00
      1.757   71.25746 -160.46238      1.775     2.4593     2.4581     2.4592    27.6122    27.6260  1022.0380    22.0296    339.756    322.846  345.83128     98.243     93.361     0.1758     0.7069     4.0720     0.5842 3.8458e-01        278     0.1924  0.000e+00
      1.757   71.25746 -160.46238      1.775     2.4594     2.4579     2.4593    27.6122    27.6262  1022.0381    22.0296    339.786    322.860  345.83019     98.252     93.365     0.1758     0.7069     4.0733     0.5830 3.7755e-01        279     0.1931  0.000e+00
      1.757   71.25746 -160.46238      1.775     2.4596     2.4584     2.4595    27.6123    27.6253  1022.0381    22.0297    339.777    322.871  345.82855     98.250     93.368     0.1770     0.7143     4.0720     0.5842 4.8717e-01        280     0.1938  0.000e+00
      1.757   71.25746 -160.46238      1.775     2.4594     2.4587     2.4593    27.6127    27.6249  1022.0385    22.0300    339.807    322.677  345.82891     98.259     93.313     0.1758     0.7069     4.0733     0.5830 6.0252e-01        281     0.1944  0.000e+00
      1.703   71.25746 -160.46238      1.721     2.4596     2.4594     2.4595    27.6123    27.6244  1022.0379    22.0297    339.795    322.866  345.82858     98.255     93.368     0.1770     0.7143     4.0720     0.5842 6.2727e-01        282     0.1951  0.000e+00
      1.819   71.25746 -160.46238      1.838     2.4596     2.4595     2.4595    27.6121    27.6237  1022.0383    22.0296    339.560    322.885  345.82902     98.187     93.374     0.1758     0.7069     4.0733     0.5830 5.0269e-01        283     0.1958  0.000e+00
      1.757   71.25746 -160.46238      1.775     2.4596     2.4598     2.4595    27.6123    27.6234  1022.0381    22.0297    339.777    322.895  345.82855     98.250     93.377     0.1770     0.7143     4.0733     0.5830 3.8458e-01        284     0.1965  0.000e+00
      1.819   71.25746 -160.46238      1.838     2.4597     2.4596     2.4596    27.6120    27.6235  1022.0382    22.0295    339.768    322.682  345.82788     98.248     93.315     0.1758     0.7069     4.0720     0.5842 3.6109e-01        285     0.1972  0.000e+00
      1.757   71.25746 -160.46238      1.775     2.4597     2.4595     2.4596    27.6118    27.6236  1022.0377    22.0293    339.753    322.670  345.82849     98.243     93.311     0.1758     0.7069     4.0733     0.5830 4.0921e-01        286     0.1979  0.000e+00
      1.819   71.25746 -160.46238      1.838     2.4596     2.4596     2.4595    27.6122    27.6235  1022.0383    22.0296    340.011    322.663  345.82883     98.318     93.310     0.1770     0.7143     4.0733     0.5830 4.9747e-01        287     0.1986  0.000e+00
      1.781   71.25746 -160.46238      1.799     2.4596     2.4598     2.4595    27.6122    27.6236  1022.0381    22.0296    339.880    322.857  345.82888     98.280     93.366     0.1758     0.7069     4.0745     0.5818 5.2401e-01        288     0.1993  0.000e+00
      1.819   71.25746 -160.46238      1.838     2.4597     2.4600     2.4596    27.6120    27.6231  1022.0382    22.0294    339.866    322.874  345.82798     98.276     93.371     0.1770     0.7143     4.0757     0.5806 4.5890e-01        289     0.2000  0.000e+00
      1.873   71.25746 -160.46238      1.892     2.4597     2.4603     2.4596    27.6121    27.6224  1022.0385    22.0295    339.853    322.892  345.82765     98.272     93.376     0.1758     0.7069     4.0757     0.5806 3.2478e-01        290     0.2007  0.000e+00
      1.819   71.25746 -160.46238      1.838     2.4594     2.4606     2.4593    27.6127    27.6219  1022.0387    22.0300    339.874    322.878  345.82899     98.278     93.373     0.1770     0.7143     4.0745     0.5818 2.8777e-01        291     0.2014  0.000e+00
      1.819   71.25746 -160.46238      1.838     2.4594     2.4604     2.4593    27.6125    27.6221  1022.0386    22.0299    339.857    322.894  345.82938     98.273     93.377     0.1758     0.7069     4.0745     0.5818 3.1249e-01        292     0.2021  0.000e+00
      1.873   71.25746 -160.46238      1.892     2.4592     2.4606     2.4592    27.6128    27.6222  1022.0391    22.0301    339.881    322.910  345.83011     98.280     93.382     0.1770     0.7143     4.0745     0.5818 4.2886e-01        293     0.2028  0.000e+00
      1.873   71.25746 -160.46238      1.892     2.4593     2.4604     2.4592    27.6128    27.6227  1022.0391    22.0301    339.900    322.926  345.82956     98.286     93.387     0.1795     0.7289     4.0745     0.5818 4.8208e-01        294     0.2035  0.000e+00
      1.873   71.25746 -160.46238      1.892     2.4591     2.4606     2.4590    27.6127    27.6220  1022.0391    22.0301    339.883    322.941  345.83120     98.280     93.391     0.1783     0.7216     4.0745     0.5818 4.7871e-01        295     0.2042  0.000e+00
      1.873   71.25746 -160.46238      1.892     2.4590     2.4609     2.4589    27.6132    27.6217  1022.0394    22.0304    339.864    323.159  345.83146     98.274     93.455     0.1795     0.7289     4.0745     0.5818 4.3974e-01        296     0.2049  0.000e+00
      1.873   71.25746 -160.46238      1.892     2.4586     2.4611     2.4586    27.6138    27.6214  1022.0399    22.0309    339.882    323.197  345.83267     98.279     93.466     0.1783     0.7216     4.0757     0.5806 4.2122e-01        297     0.2056  0.000e+00
      1.873   71.25746 -160.46238      1.892     2.4583     2.4608     2.4582    27.6139    27.6216  1022.0401    22.0311    339.902    323.032  345.83516     98.285     93.417     0.1783     0.7216     4.0745     0.5818 4.2274e-01        298     0.2062  0.000e+00
      1.873   71.25746 -160.46238      1.892     2.4580     2.4604     2.4579    27.6143    27.6223  1022.0404    22.0314    340.151    323.046  345.83686     98.356     93.421     0.1783     0.7216     4.0757     0.5806 4.9230e-01        299     0.2069  0.000e+00
      1.935   71.25746 -160.46238      1.955     2.4582     2.4603     2.4581    27.6140    27.6223  1022.0405    22.0312    339.938    323.063  345.83628     98.294     93.426     0.1783     0.7216     4.0757     0.5806 5.3678e-01        300     0.2076  0.000e+00
      1.873   71.25746 -160.46238      1.892     2.4580     2.4601     2.4579    27.6145    27.6226  1022.0406    22.0316    339.949    323.074  345.83637     98.298     93.429     0.1795     0.7289     4.0745     0.5818 5.4420e-01        301     0.2083  0.000e+00
