EcoFOCI/data/1_SampleCollection/2023_SikuliaqDBO_CruiseData/CTD_raw_BottleFile_SKQ23-12S/proc/skq202312s_058svpavg.cnv
* Sea-Bird SBE 9 Data File:
* FileName = D:\CTD\SKQ202312S\SKQ202312S_058.hex
* Software Version Seasave V 7.26.7.121
* Temperature SN = 6177
* Conductivity SN = 0369
* Number of Bytes Per Scan = 41
* Number of Voltage Words = 4
* Number of Scans Averaged by the Deck Unit = 1
* NMEA Latitude = 71 26.88 N
* NMEA Longitude = 164 54.84 W
* NMEA UTC (Time) = Sep 27 2023  11:36:42
* NMEA baud rate = 4800
** Ship: R/V Sikuliaq
** Station Number: 058
** Station Name: IC4
** Bottom Depth: 42
** Operator: SS
# nquan = 7
# nvalues = 36                          
# units = specified
# name 0 = depSM: Depth [salt water, m]
# name 1 = latitude: Latitude [deg]
# name 2 = longitude: Longitude [deg]
# name 3 = t090C: Temperature [ITS-90, deg C]
# name 4 = sal00: Salinity, Practical [PSU]
# name 5 = svCM: Sound Velocity [Chen-Millero, m/s]
# name 6 = flag: flag
# span 0 =      2.000,     37.000       
# span 1 =   71.44794,   71.44818       
# span 2 = -164.91510, -164.91396       
# span 3 =    -1.0923,     3.0072       
# span 4 =    30.5601,    32.5157       
# span 5 =    1441.21,    1457.21       
# span 6 = 0.0000e+00, 0.0000e+00       
# interval = meters: 1                  
# start_time = Sep 27 2023 11:40:41 [NMEA time, first data scan]
# bad_flag = -9.990e-29
*END*
      2.000   71.44794 -164.91396     2.7935    30.5601    1455.77 0.0000e+00
      3.000   71.44799 -164.91420     2.7905    30.5610    1455.79 0.0000e+00
      4.000   71.44800 -164.91422     2.7915    30.5611    1455.81 0.0000e+00
      5.000   71.44800 -164.91426     2.7926    30.5623    1455.83 0.0000e+00
      6.000   71.44802 -164.91430     2.7921    30.5615    1455.84 0.0000e+00
      7.000   71.44802 -164.91433     2.7910    30.5611    1455.86 0.0000e+00
      8.000   71.44803 -164.91437     2.7907    30.5610    1455.87 0.0000e+00
      9.000   71.44804 -164.91441     2.7911    30.5618    1455.89 0.0000e+00
     10.000   71.44804 -164.91445     2.7909    30.5618    1455.90 0.0000e+00
     11.000   71.44806 -164.91449     2.7900    30.5611    1455.92 0.0000e+00
     12.000   71.44806 -164.91453     2.7897    30.5613    1455.93 0.0000e+00
     13.000   71.44806 -164.91456     2.7918    30.5621    1455.96 0.0000e+00
     14.000   71.44808 -164.91458     2.7902    30.5614    1455.97 0.0000e+00
     15.000   71.44808 -164.91461     2.7920    30.5623    1455.99 0.0000e+00
     16.000   71.44808 -164.91462     2.7934    30.5626    1456.01 0.0000e+00
     17.000   71.44808 -164.91464     2.7928    30.5624    1456.03 0.0000e+00
     18.000   71.44809 -164.91466     2.7928    30.5622    1456.04 0.0000e+00
     19.000   71.44810 -164.91467     2.7937    30.5644    1456.07 0.0000e+00
     20.000   71.44810 -164.91468     2.8755    30.6059    1456.49 0.0000e+00
     21.000   71.44810 -164.91470     2.9860    30.6532    1457.05 0.0000e+00
     22.000   71.44810 -164.91472     3.0072    30.6904    1457.21 0.0000e+00
     23.000   71.44810 -164.91472     2.5942    31.0637    1455.91 0.0000e+00
     24.000   71.44811 -164.91474     1.8585    31.6074    1453.41 0.0000e+00
     25.000   71.44812 -164.91475     1.1453    31.9752    1450.73 0.0000e+00
     26.000   71.44812 -164.91477     0.4458    32.2192    1447.89 0.0000e+00
     27.000   71.44812 -164.91479    -0.3400    32.4199    1444.54 0.0000e+00
     28.000   71.44812 -164.91481    -0.8211    32.5049    1442.43 0.0000e+00
     29.000   71.44813 -164.91484    -0.9818    32.5157    1441.70 0.0000e+00
     30.000   71.44816 -164.91498    -1.0785    32.5035    1441.24 0.0000e+00
     31.000   71.44817 -164.91506    -1.0838    32.4992    1441.23 0.0000e+00
     32.000   71.44818 -164.91507    -1.0900    32.4993    1441.21 0.0000e+00
     33.000   71.44818 -164.91508    -1.0917    32.4993    1441.22 0.0000e+00
     34.000   71.44818 -164.91509    -1.0921    32.4987    1441.23 0.0000e+00
     35.000   71.44817 -164.91510    -1.0923    32.4990    1441.25 0.0000e+00
     36.000   71.44816 -164.91510    -1.0902    32.4993    1441.28 0.0000e+00
     37.000   71.44816 -164.91510    -1.0882    32.4990    1441.30 0.0000e+00
