EcoFOCI/data/1_SampleCollection/2023_SikuliaqDBO_CruiseData/CTD_raw_BottleFile_SKQ23-12S/proc/skq202312s_067.cnv
* Sea-Bird SBE 9 Data File:
* FileName = D:\CTD\SKQ202312S\SKQ202312S_067.hex
* Software Version Seasave V 7.26.7.121
* Temperature SN = 6177
* Conductivity SN = 0369
* Number of Bytes Per Scan = 41
* Number of Voltage Words = 4
* Number of Scans Averaged by the Deck Unit = 1
* NMEA Latitude = 72 18.60 N
* NMEA Longitude = 167 16.17 W
* NMEA UTC (Time) = Sep 28 2023  14:28:44
* NMEA baud rate = 4800
** Ship: R/V Sikuliaq
** Station Number: 067
** Station Name: C15
** Bottom Depth: 49
** Operator: SD
# nquan = 24
# nvalues = 4750                                  
# units = specified
# name 0 = depSM: Depth [salt water, m]
# name 1 = latitude: Latitude [deg]
# name 2 = longitude: Longitude [deg]
# name 3 = prDM: Pressure, Digiquartz [db]
# name 4 = t090C: Temperature [ITS-90, deg C]
# name 5 = t190C: Temperature, 2 [ITS-90, deg C]
# name 6 = potemp090C: Potential Temperature [ITS-90, deg C]
# name 7 = sal00: Salinity, Practical [PSU]
# name 8 = sal11: Salinity, Practical, 2 [PSU]
# name 9 = density00: Density [density, kg/m^3]
# name 10 = sigma-é00: Density [sigma-theta, kg/m^3]
# name 11 = sbox0Mm/Kg: Oxygen, SBE 43 [umol/kg]
# name 12 = sbox1Mm/Kg: Oxygen, SBE 43, 2 [umol/kg]
# name 13 = oxsolMm/Kg: Oxygen Saturation, Garcia & Gordon [umol/kg]
# name 14 = sbeox0PS: Oxygen, SBE 43 [% saturation]
# name 15 = sbeox1PS: Oxygen, SBE 43, 2 [% saturation]
# name 16 = v0: Voltage 0
# name 17 = flECO-AFL: Fluorescence, WET Labs ECO-AFL/FL [mg/m^3]
# name 18 = v1: Voltage 1
# name 19 = CStarAt0: Beam Attenuation, WET Labs C-Star [1/m]
# name 20 = par: PAR/Irradiance, Biospherical/Licor
# name 21 = scan: Scan Count
# name 22 = timeM: Time, Elapsed [minutes]
# name 23 = flag:  0.000e+00
# span 0 =      2.138,     43.455                 
# span 1 =   72.30998,   72.31000                 
# span 2 = -167.26968, -167.26960                 
# span 3 =      2.160,     43.910                 
# span 4 =     0.6998,     4.8995                 
# span 5 =     0.6981,     4.9047                 
# span 6 =     0.6982,     4.8980                 
# span 7 =    30.7280,    32.5134                 
# span 8 =    30.7410,    32.5106                 
# span 9 =  1024.3957,  1026.1972                 
# span 10 =    24.3821,    26.0287                
# span 11 =    296.657,    317.723                
# span 12 =    279.902,    298.500                
# span 13 =  314.56922,  348.70026                
# span 14 =     85.150,     98.987                
# span 15 =     80.320,     93.064                
# span 16 =     0.0940,     0.1587                
# span 17 =     0.2161,     0.6044                
# span 18 =     2.6142,     4.1783                
# span 19 =     0.4812,     2.3577                
# span 20 = 1.0000e-12, 1.0911e+00                
# span 21 =          1,       4750                
# span 22 =     0.0000,     3.2979                
# span 23 = 0.0000e+00, 0.0000e+00                
# interval = seconds: 0.0416667
# start_time = Sep 28 2023 14:32:23 [NMEA time, first data scan]
# bad_flag = -9.990e-29
*END*
[from data line 4710]
     42.931   72.30998 -167.26966     43.380     0.7480     0.7156     0.7464    32.3848    32.4009  1026.1639    25.9574    297.938    280.149  348.27713     85.546     80.381     0.1001     0.2527     2.6960     2.2344 1.0000e-12       4711     3.2708  0.000e+00
     42.877   72.30998 -167.26966     43.325     0.7474     0.7168     0.7458    32.3846    32.4001  1026.1635    25.9572    297.974    280.142  348.28328     85.555     80.381     0.1001     0.2527     2.7326     2.1804 1.0000e-12       4712     3.2715  0.000e+00
     42.938   72.30998 -167.26966     43.388     0.7468     0.7193     0.7452    32.3817    32.3998  1026.1615    25.9550    298.496    280.131  348.29642     85.702     80.383     0.1013     0.2601     2.7363     2.1750 8.4714e-06       4713     3.2722  0.000e+00
     42.992   72.30998 -167.26966     43.442     0.7448     0.7219     0.7432    32.3808    32.3994  1026.1612    25.9544    298.157    279.911  348.31677     85.599     80.325     0.1001     0.2527     2.7314     2.1822 8.4714e-06       4714     3.2729  0.000e+00
     42.992   72.30998 -167.26966     43.442     0.7428     0.7241     0.7412    32.3812    32.3994  1026.1616    25.9548    298.160    279.909  348.33380     85.596     80.329     0.1013     0.2601     2.7302     2.1840 1.0000e-12       4715     3.2736  0.000e+00
     43.046   72.30998 -167.26966     43.497     0.7408     0.7245     0.7391    32.3819    32.3999  1026.1625    25.9554    298.207    279.928  348.35048     85.605     80.336     0.1001     0.2527     2.7302     2.1840 1.0000e-12       4716     3.2743  0.000e+00
     43.054   72.30998 -167.26968     43.505     0.7386     0.7260     0.7370    32.3806    32.4001  1026.1616    25.9545    298.494    279.914  348.37347     85.682     80.335     0.1013     0.2601     2.7302     2.1840 1.0000e-12       4717     3.2750  0.000e+00
     43.054   72.30998 -167.26968     43.505     0.7356     0.7281     0.7339    32.3794    32.3995  1026.1609    25.9538    298.355    279.902  348.40395     85.635     80.335     0.1001     0.2527     2.7314     2.1822 8.4714e-06       4718     3.2757  0.000e+00
     43.054   72.30998 -167.26968     43.505     0.7325     0.7290     0.7309    32.3788    32.3993  1026.1605    25.9534    298.410    280.114  348.43321     85.643     80.398     0.1001     0.2527     2.7302     2.1840 1.0000e-12       4719     3.2764  0.000e+00
     43.170   72.30998 -167.26968     43.622     0.7289     0.7293     0.7273    32.3805    32.3993  1026.1626    25.9550    298.469    279.943  348.46116     85.653     80.349     0.1001     0.2527     2.7302     2.1840 8.4714e-06       4720     3.2771  0.000e+00
     43.100   72.30998 -167.26968     43.552     0.7263     0.7288     0.7247    32.3838    32.3995  1026.1651    25.9578    298.464    279.959  348.47572     85.649     80.353     0.1001     0.2527     2.7302     2.1840 1.0000e-12       4721     3.2778  0.000e+00
     43.170   72.30998 -167.26968     43.622     0.7252     0.7279     0.7235    32.3858    32.3992  1026.1671    25.9595    298.691    279.990  348.48023     85.712     80.360     0.1013     0.2601     2.7302     2.1840 1.0000e-12       4722     3.2785  0.000e+00
     43.170   72.30998 -167.26968     43.622     0.7241     0.7271     0.7225    32.3860    32.3996  1026.1674    25.9597    298.481    280.021  348.48909     85.650     80.367     0.1001     0.2527     2.7302     2.1840 1.0000e-12       4723     3.2792  0.000e+00
     43.224   72.30998 -167.26968     43.676     0.7232     0.7271     0.7215    32.3869    32.4000  1026.1684    25.9604    298.703    280.023  348.49534     85.712     80.368     0.1013     0.2601     2.7302     2.1840 8.4714e-06       4724     3.2799  0.000e+00
     43.170   72.30998 -167.26968     43.622     0.7226     0.7270     0.7209    32.3874    32.3997  1026.1685    25.9609    298.719    280.056  348.49948     85.716     80.377     0.1001     0.2527     2.7302     2.1840 1.0000e-12       4725     3.2806  0.000e+00
     43.216   72.30998 -167.26968     43.668     0.7224     0.7275     0.7208    32.3862    32.3992  1026.1678    25.9599    298.498    280.092  348.50416     85.651     80.388     0.1001     0.2527     2.7302     2.1840 1.0000e-12       4726     3.2813  0.000e+00
     43.278   72.30998 -167.26968     43.731     0.7215     0.7271     0.7198    32.3854    32.4000  1026.1675    25.9594    298.759    280.108  348.51479     85.723     80.393     0.1001     0.2527     2.7302     2.1840 1.0000e-12       4727     3.2819  0.000e+00
     43.278   72.30998 -167.26968     43.731     0.7204     0.7268     0.7188    32.3848    32.3996  1026.1671    25.9589    298.863    280.340  348.52590     85.751     80.459     0.1001     0.2527     2.7302     2.1840 8.4714e-06       4728     3.2826  0.000e+00
     43.278   72.30998 -167.26968     43.731     0.7195     0.7267     0.7178    32.3845    32.3991  1026.1669    25.9588    298.923    280.388  348.53520     85.766     80.472     0.1013     0.2601     2.7314     2.1822 1.0000e-12       4729     3.2833  0.000e+00
     43.278   72.30998 -167.26968     43.731     0.7187     0.7252     0.7170    32.3854    32.3998  1026.1677    25.9596    298.977    280.448  348.53967     85.780     80.486     0.1001     0.2527     2.7302     2.1840 1.0000e-12       4730     3.2840  0.000e+00
     43.332   72.30998 -167.26968     43.785     0.7179     0.7225     0.7163    32.3870    32.4003  1026.1693    25.9609    299.029    280.522  348.54243     85.794     80.502     0.1013     0.2601     2.7436     2.1643 1.0000e-12       4731     3.2847  0.000e+00
     43.278   72.30998 -167.26968     43.731     0.7179     0.7199     0.7163    32.3873    32.4007  1026.1693    25.9611    299.072    280.593  348.54167     85.807     80.518     0.1001     0.2527     2.7534     2.1501 1.0000e-12       4732     3.2854  0.000e+00
     43.339   72.30998 -167.26968     43.793     0.7175     0.7189     0.7158    32.3886    32.4005  1026.1706    25.9621    299.075    280.660  348.54227     85.807     80.534     0.1013     0.2601     2.7546     2.1483 8.4714e-06       4733     3.2861  0.000e+00
     43.339   72.30998 -167.26968     43.793     0.7174     0.7182     0.7158    32.3893    32.4001  1026.1712    25.9627    299.589    280.724  348.54071     85.955     80.551     0.1001     0.2527     2.7534     2.1501 8.4714e-06       4734     3.2868  0.000e+00
     43.393   72.30998 -167.26968     43.848     0.7177     0.7176     0.7161    32.3893    32.4007  1026.1715    25.9627    299.232    280.790  348.53773     85.853     80.569     0.1001     0.2527     2.7534     2.1501 1.0000e-12       4735     3.2875  0.000e+00
     43.332   72.30998 -167.26968     43.785     0.7182     0.7172     0.7166    32.3891    32.4013  1026.1710    25.9625    299.258    280.851  348.53376     85.862     80.586     0.1001     0.2527     2.7534     2.1501 1.0000e-12       4736     3.2882  0.000e+00
     43.393   72.30998 -167.26968     43.848     0.7184     0.7172     0.7168    32.3896    32.4012  1026.1717    25.9629    299.289    280.890  348.53093     85.872     80.597     0.1026     0.2674     2.7534     2.1501 8.4714e-06       4737     3.2889  0.000e+00
     43.393   72.30998 -167.26968     43.848     0.7185     0.7174     0.7169    32.3906    32.4013  1026.1724    25.9637    299.078    280.925  348.52733     85.812     80.608     0.1050     0.2820     2.7534     2.1501 1.0000e-12       4738     3.2896  0.000e+00
     43.393   72.30998 -167.26968     43.848     0.7193     0.7172     0.7176    32.3903    32.4020  1026.1721    25.9634    299.016    280.963  348.52118     85.796     80.619     0.1050     0.2820     2.7534     2.1501 1.0000e-12       4739     3.2903  0.000e+00
     43.393   72.30998 -167.26968     43.848     0.7199     0.7170     0.7183    32.3901    32.4025  1026.1719    25.9632    298.954    281.004  348.51618     85.779     80.630     0.1062     0.2894     2.7534     2.1501 1.0000e-12       4740     3.2910  0.000e+00
     43.393   72.30998 -167.26968     43.848     0.7204     0.7179     0.7188    32.3900    32.4014  1026.1718    25.9631    298.890    281.039  348.51197     85.762     80.642     0.1050     0.2820     2.7534     2.1501 8.4714e-06       4741     3.2917  0.000e+00
     43.455   72.30998 -167.26968     43.910     0.7204     0.7183     0.7188    32.3896    32.4002  1026.1718    25.9628    299.114    281.082  348.51307     85.826     80.654     0.1062     0.2894     2.7534     2.1501 1.0000e-12       4742     3.2924  0.000e+00
     43.393   72.30998 -167.26968     43.848     0.7210     0.7168     0.7194    32.3892    32.4014  1026.1712    25.9625    298.848    281.132  348.50842     85.751     80.666     0.1050     0.2820     2.7534     2.1501 1.0000e-12       4743     3.2931  0.000e+00
     43.455   72.30998 -167.26968     43.910     0.7208     0.7156     0.7192    32.3904    32.4020  1026.1725    25.9634    298.829    281.187  348.50675     85.745     80.680     0.1050     0.2820     2.7534     2.1501 8.4714e-06       4744     3.2938  0.000e+00
     43.393   72.30998 -167.26968     43.848     0.7210     0.7150     0.7194    32.3929    32.4016  1026.1742    25.9654    299.035    281.448  348.49846     85.807     80.753     0.1050     0.2820     2.7534     2.1501 1.0000e-12       4745     3.2944  0.000e+00
     43.447   72.30998 -167.26968     43.902     0.7224     0.7144     0.7208    32.3944    32.4018  1026.1755    25.9665    298.760    281.287  348.48213     85.732     80.706     0.1050     0.2820     2.7534     2.1501 8.4714e-06       4746     3.2951  0.000e+00
     43.393   72.30998 -167.26968     43.848     0.7241     0.7144     0.7225    32.3942    32.4023  1026.1750    25.9663    298.675    281.089  348.46706     85.711     80.649     0.1062     0.2894     2.7534     2.1501 8.4714e-06       4747     3.2958  0.000e+00
     43.455   72.30998 -167.26968     43.910     0.7260     0.7144     0.7243    32.3927    32.4019  1026.1740    25.9650    298.357    281.295  348.45449     85.623     80.708     0.1050     0.2820     2.7546     2.1483 1.0000e-12       4748     3.2965  0.000e+00
     43.393   72.30998 -167.26968     43.848     0.7274     0.7144     0.7258    32.3914    32.4019  1026.1725    25.9638    298.234    281.339  348.44526     85.590     80.721     0.1062     0.2894     2.7534     2.1501 8.4714e-06       4749     3.2972  0.000e+00
     43.455   72.30998 -167.26968     43.910     0.7285     0.7155     0.7268    32.3900    32.4020  1026.1717    25.9626    298.119    281.351  348.43951     85.558     80.727     0.1050     0.2820     2.7534     2.1501 1.0000e-12       4750     3.2979  0.000e+00
