EcoFOCI/data/1_SampleCollection/2023_SikuliaqDBO_CruiseData/CTD_raw_BottleFile_SKQ23-12S/proc/skq202312s_022svp.cnv
* Sea-Bird SBE 9 Data File:
* FileName = D:\CTD\SKQ202312S\SKQ202312S_022.hex
* Software Version Seasave V 7.26.7.121
* Temperature SN = 6177
* Conductivity SN = 0369
* Number of Bytes Per Scan = 41
* Number of Voltage Words = 4
* Number of Scans Averaged by the Deck Unit = 1
* NMEA Latitude = 64 58.51 N
* NMEA Longitude = 169 29.22 W
* NMEA UTC (Time) = Sep 18 2023  05:33:31
* NMEA baud rate = 4800
** Ship: R/V Sikuliaq
** Station Number: 022
** Station Name: DBO2.4A
** Bottom Depth: 48
** Operator: SS
# nquan = 7
# nvalues = 4901                                  
# units = specified
# name 0 = depSM: Depth [salt water, m]
# name 1 = latitude: Latitude [deg]
# name 2 = longitude: Longitude [deg]
# name 3 = t090C: Temperature [ITS-90, deg C]
# name 4 = sal00: Salinity, Practical [PSU]
# name 5 = svCM: Sound Velocity [Chen-Millero, m/s]
# name 6 = flag:  0.000e+00
# span 0 =      2.610,     43.772                 
# span 1 =   64.97508,   64.97508                 
# span 2 = -169.48730, -169.48722                 
# span 3 =     3.0715,     3.7795                 
# span 4 =    32.8153,    32.9431                 
# span 5 =    1460.57,    1463.00                 
# span 6 = 0.0000e+00, 0.0000e+00                 
# interval = seconds: 0.0416667
# start_time = Sep 18 2023 05:37:18 [NMEA time, first data scan]
# bad_flag = -9.990e-29
*END*
[from data line 2667]
     30.046   64.97508 -169.48724     3.0816    32.9418    1460.58  0.000e+00
     30.084   64.97508 -169.48724     3.0814    32.9424    1460.58  0.000e+00
     30.100   64.97508 -169.48724     3.0814    32.9420    1460.58  0.000e+00
     30.146   64.97508 -169.48724     3.0815    32.9422    1460.58  0.000e+00
     30.100   64.97508 -169.48724     3.0816    32.9419    1460.58  0.000e+00
     30.146   64.97508 -169.48724     3.0813    32.9417    1460.58  0.000e+00
     30.216   64.97508 -169.48724     3.0814    32.9415    1460.58  0.000e+00
     30.162   64.97508 -169.48724     3.0809    32.9423    1460.58  0.000e+00
     30.200   64.97508 -169.48724     3.0808    32.9419    1460.58  0.000e+00
     30.162   64.97508 -169.48724     3.0808    32.9419    1460.58  0.000e+00
     30.262   64.97508 -169.48724     3.0807    32.9416    1460.58  0.000e+00
     30.270   64.97508 -169.48724     3.0805    32.9420    1460.58  0.000e+00
     30.200   64.97508 -169.48724     3.0805    32.9418    1460.58  0.000e+00
     30.269   64.97508 -169.48724     3.0800    32.9422    1460.58  0.000e+00
     30.316   64.97508 -169.48724     3.0802    32.9421    1460.58  0.000e+00
     30.269   64.97508 -169.48724     3.0802    32.9422    1460.58  0.000e+00
     30.331   64.97508 -169.48724     3.0799    32.9424    1460.58  0.000e+00
     30.370   64.97508 -169.48724     3.0797    32.9425    1460.58  0.000e+00
     30.331   64.97508 -169.48724     3.0799    32.9422    1460.58  0.000e+00
     30.370   64.97508 -169.48724     3.0797    32.9426    1460.58  0.000e+00
     30.447   64.97508 -169.48724     3.0797    32.9419    1460.58  0.000e+00
     30.370   64.97508 -169.48724     3.0798    32.9419    1460.58  0.000e+00
     30.447   64.97508 -169.48724     3.0796    32.9419    1460.58  0.000e+00
     30.485   64.97508 -169.48724     3.0794    32.9422    1460.58  0.000e+00
     30.447   64.97508 -169.48724     3.0792    32.9421    1460.58  0.000e+00
     30.501   64.97508 -169.48724     3.0789    32.9422    1460.58  0.000e+00
     30.547   64.97508 -169.48724     3.0787    32.9423    1460.58  0.000e+00
     30.562   64.97508 -169.48724     3.0783    32.9424    1460.57  0.000e+00
     30.547   64.97508 -169.48724     3.0782    32.9428    1460.57  0.000e+00
     30.616   64.97508 -169.48724     3.0782    32.9425    1460.58  0.000e+00
     30.601   64.97508 -169.48724     3.0779    32.9429    1460.57  0.000e+00
     30.616   64.97508 -169.48724     3.0780    32.9426    1460.57  0.000e+00
     30.717   64.97508 -169.48724     3.0782    32.9423    1460.58  0.000e+00
     30.616   64.97508 -169.48724     3.0778    32.9427    1460.57  0.000e+00
     30.732   64.97508 -169.48724     3.0780    32.9425    1460.58  0.000e+00
     30.717   64.97508 -169.48724     3.0777    32.9430    1460.58  0.000e+00
     30.786   64.97508 -169.48724     3.0778    32.9424    1460.58  0.000e+00
     30.771   64.97508 -169.48724     3.0775    32.9428    1460.58  0.000e+00
     30.786   64.97508 -169.48724     3.0777    32.9425    1460.58  0.000e+00
     30.832   64.97508 -169.48724     3.0775    32.9429    1460.58  0.000e+00
     30.848   64.97508 -169.48724     3.0772    32.9430    1460.58  0.000e+00
     30.902   64.97508 -169.48724     3.0775    32.9426    1460.58  0.000e+00
     30.948   64.97508 -169.48724     3.0772    32.9431    1460.58  0.000e+00
     30.963   64.97508 -169.48724     3.0773    32.9426    1460.58  0.000e+00
     31.002   64.97508 -169.48724     3.0772    32.9430    1460.58  0.000e+00
     31.017   64.97508 -169.48724     3.0770    32.9425    1460.58  0.000e+00
     31.064   64.97508 -169.48724     3.0772    32.9426    1460.58  0.000e+00
     31.071   64.97508 -169.48724     3.0772    32.9428    1460.58  0.000e+00
     31.071   64.97508 -169.48724     3.0768    32.9427    1460.58  0.000e+00
     31.172   64.97508 -169.48724     3.0770    32.9425    1460.58  0.000e+00
     31.133   64.97508 -169.48724     3.0770    32.9426    1460.58  0.000e+00
     31.233   64.97508 -169.48724     3.0767    32.9427    1460.58  0.000e+00
     31.187   64.97508 -169.48724     3.0770    32.9428    1460.58  0.000e+00
     31.233   64.97508 -169.48724     3.0770    32.9427    1460.58  0.000e+00
     31.249   64.97508 -169.48724     3.0770    32.9428    1460.58  0.000e+00
     31.303   64.97508 -169.48724     3.0774    32.9422    1460.58  0.000e+00
     31.349   64.97508 -169.48724     3.0771    32.9426    1460.58  0.000e+00
     31.364   64.97508 -169.48724     3.0769    32.9430    1460.58  0.000e+00
     31.403   64.97508 -169.48724     3.0772    32.9426    1460.58  0.000e+00
     31.364   64.97508 -169.48724     3.0770    32.9428    1460.58  0.000e+00
     31.465   64.97508 -169.48724     3.0769    32.9427    1460.58  0.000e+00
     31.418   64.97508 -169.48724     3.0770    32.9428    1460.58  0.000e+00
     31.534   64.97508 -169.48724     3.0769    32.9429    1460.59  0.000e+00
     31.519   64.97508 -169.48724     3.0770    32.9427    1460.59  0.000e+00
     31.534   64.97508 -169.48724     3.0766    32.9429    1460.58  0.000e+00
     31.573   64.97508 -169.48724     3.0770    32.9424    1460.59  0.000e+00
     31.588   64.97508 -169.48724     3.0769    32.9426    1460.59  0.000e+00
     31.588   64.97508 -169.48724     3.0767    32.9430    1460.59  0.000e+00
     31.688   64.97508 -169.48724     3.0767    32.9427    1460.59  0.000e+00
     31.650   64.97508 -169.48724     3.0768    32.9426    1460.59  0.000e+00
     31.750   64.97508 -169.48724     3.0769    32.9425    1460.59  0.000e+00
     31.704   64.97508 -169.48724     3.0766    32.9428    1460.59  0.000e+00
     31.750   64.97508 -169.48724     3.0766    32.9428    1460.59  0.000e+00
     31.758   64.97508 -169.48724     3.0764    32.9429    1460.59  0.000e+00
     31.819   64.97508 -169.48724     3.0767    32.9424    1460.59  0.000e+00
     31.804   64.97508 -169.48724     3.0766    32.9427    1460.59  0.000e+00
     31.873   64.97508 -169.48724     3.0764    32.9426    1460.59  0.000e+00
     31.866   64.97508 -169.48724     3.0766    32.9422    1460.59  0.000e+00
     31.873   64.97508 -169.48724     3.0763    32.9424    1460.59  0.000e+00
     31.935   64.97508 -169.48724     3.0761    32.9426    1460.59  0.000e+00
     31.974   64.97508 -169.48724     3.0761    32.9430    1460.59  0.000e+00
     31.989   64.97508 -169.48724     3.0761    32.9429    1460.59  0.000e+00
     31.974   64.97508 -169.48724     3.0762    32.9425    1460.59  0.000e+00
     31.989   64.97508 -169.48724     3.0759    32.9426    1460.59  0.000e+00
     32.051   64.97508 -169.48724     3.0761    32.9425    1460.59  0.000e+00
     32.035   64.97508 -169.48724     3.0759    32.9429    1460.59  0.000e+00
     32.105   64.97508 -169.48724     3.0762    32.9427    1460.59  0.000e+00
     32.151   64.97508 -169.48724     3.0761    32.9428    1460.59  0.000e+00
     32.051   64.97508 -169.48724     3.0762    32.9424    1460.59  0.000e+00
     32.205   64.97508 -169.48724     3.0759    32.9422    1460.59  0.000e+00
     32.159   64.97508 -169.48724     3.0759    32.9427    1460.59  0.000e+00
     32.159   64.97508 -169.48724     3.0759    32.9428    1460.59  0.000e+00
     32.205   64.97508 -169.48724     3.0761    32.9424    1460.59  0.000e+00
     32.220   64.97508 -169.48724     3.0761    32.9426    1460.59  0.000e+00
     32.267   64.97508 -169.48724     3.0761    32.9425    1460.59  0.000e+00
     32.220   64.97508 -169.48724     3.0762    32.9424    1460.59  0.000e+00
     32.274   64.97508 -169.48724     3.0762    32.9425    1460.59  0.000e+00
     32.321   64.97508 -169.48724     3.0759    32.9429    1460.59  0.000e+00
     32.274   64.97508 -169.48724     3.0762    32.9428    1460.59  0.000e+00
     32.375   64.97508 -169.48724     3.0760    32.9426    1460.59  0.000e+00
     32.336   64.97508 -169.48724     3.0762    32.9424    1460.60  0.000e+00
     32.390   64.97508 -169.48724     3.0759    32.9427    1460.59  0.000e+00
     32.375   64.97508 -169.48724     3.0761    32.9426    1460.60  0.000e+00
     32.390   64.97508 -169.48724     3.0762    32.9423    1460.60  0.000e+00
     32.436   64.97508 -169.48724     3.0761    32.9428    1460.60  0.000e+00
     32.390   64.97508 -169.48724     3.0759    32.9427    1460.59  0.000e+00
     32.506   64.97508 -169.48724     3.0761    32.9423    1460.60  0.000e+00
     32.436   64.97508 -169.48724     3.0758    32.9428    1460.60  0.000e+00
     32.506   64.97508 -169.48724     3.0760    32.9424    1460.60  0.000e+00
     32.490   64.97508 -169.48724     3.0758    32.9428    1460.60  0.000e+00
     32.506   64.97508 -169.48724     3.0759    32.9425    1460.60  0.000e+00
     32.560   64.97508 -169.48724     3.0756    32.9428    1460.60  0.000e+00
     32.552   64.97508 -169.48724     3.0760    32.9426    1460.60  0.000e+00
     32.560   64.97508 -169.48724     3.0758    32.9424    1460.60  0.000e+00
     32.606   64.97508 -169.48724     3.0759    32.9425    1460.60  0.000e+00
     32.560   64.97508 -169.48724     3.0759    32.9423    1460.60  0.000e+00
     32.621   64.97508 -169.48724     3.0759    32.9422    1460.60  0.000e+00
     32.668   64.97508 -169.48724     3.0759    32.9423    1460.60  0.000e+00
     32.621   64.97508 -169.48724     3.0758    32.9425    1460.60  0.000e+00
     32.668   64.97508 -169.48724     3.0756    32.9424    1460.60  0.000e+00
     32.675   64.97508 -169.48724     3.0759    32.9425    1460.60  0.000e+00
     32.675   64.97508 -169.48724     3.0758    32.9425    1460.60  0.000e+00
     32.667   64.97508 -169.48724     3.0758    32.9421    1460.60  0.000e+00
     32.675   64.97508 -169.48724     3.0756    32.9425    1460.60  0.000e+00
     32.721   64.97508 -169.48724     3.0758    32.9420    1460.60  0.000e+00
     32.791   64.97508 -169.48724     3.0759    32.9422    1460.60  0.000e+00
     32.737   64.97508 -169.48724     3.0756    32.9422    1460.60  0.000e+00
     32.721   64.97508 -169.48724     3.0756    32.9425    1460.60  0.000e+00
     32.791   64.97508 -169.48724     3.0756    32.9424    1460.60  0.000e+00
     32.791   64.97508 -169.48724     3.0755    32.9425    1460.60  0.000e+00
     32.775   64.97508 -169.48724     3.0758    32.9422    1460.60  0.000e+00
     32.791   64.97508 -169.48724     3.0758    32.9424    1460.60  0.000e+00
     32.837   64.97508 -169.48724     3.0758    32.9424    1460.60  0.000e+00
     32.791   64.97508 -169.48724     3.0759    32.9424    1460.60  0.000e+00
     32.852   64.97508 -169.48724     3.0759    32.9423    1460.60  0.000e+00
     32.891   64.97508 -169.48724     3.0759    32.9425    1460.60  0.000e+00
     32.852   64.97508 -169.48724     3.0761    32.9426    1460.60  0.000e+00
     32.891   64.97508 -169.48724     3.0762    32.9423    1460.60  0.000e+00
     32.906   64.97508 -169.48724     3.0761    32.9427    1460.60  0.000e+00
     32.906   64.97508 -169.48724     3.0762    32.9423    1460.60  0.000e+00
     32.953   64.97508 -169.48724     3.0761    32.9426    1460.60  0.000e+00
     32.906   64.97508 -169.48724     3.0761    32.9420    1460.60  0.000e+00
     33.007   64.97508 -169.48724     3.0763    32.9419    1460.61  0.000e+00
     32.960   64.97508 -169.48724     3.0764    32.9422    1460.61  0.000e+00
     32.960   64.97508 -169.48724     3.0762    32.9425    1460.61  0.000e+00
     33.007   64.97508 -169.48724     3.0762    32.9422    1460.61  0.000e+00
     33.022   64.97508 -169.48724     3.0762    32.9420    1460.61  0.000e+00
     33.068   64.97508 -169.48724     3.0761    32.9419    1460.61  0.000e+00
     33.022   64.97508 -169.48724     3.0759    32.9424    1460.60  0.000e+00
     33.076   64.97508 -169.48724     3.0759    32.9422    1460.61  0.000e+00
     33.122   64.97508 -169.48724     3.0760    32.9422    1460.61  0.000e+00
     33.138   64.97508 -169.48724     3.0759    32.9426    1460.61  0.000e+00
     33.076   64.97508 -169.48724     3.0759    32.9423    1460.61  0.000e+00
     33.176   64.97508 -169.48724     3.0759    32.9419    1460.61  0.000e+00
     33.138   64.97508 -169.48724     3.0758    32.9422    1460.61  0.000e+00
     33.176   64.97508 -169.48724     3.0759    32.9424    1460.61  0.000e+00
     33.192   64.97508 -169.48724     3.0761    32.9420    1460.61  0.000e+00
     33.253   64.97508 -169.48724     3.0758    32.9421    1460.61  0.000e+00
     33.176   64.97508 -169.48724     3.0756    32.9423    1460.61  0.000e+00
     33.253   64.97508 -169.48724     3.0760    32.9422    1460.61  0.000e+00
     33.292   64.97508 -169.48724     3.0761    32.9419    1460.61  0.000e+00
     33.253   64.97508 -169.48724     3.0762    32.9424    1460.61  0.000e+00
     33.307   64.97508 -169.48724     3.0761    32.9423    1460.61  0.000e+00
     33.292   64.97508 -169.48724     3.0762    32.9418    1460.61  0.000e+00
     33.361   64.97508 -169.48724     3.0761    32.9421    1460.61  0.000e+00
     33.361   64.97508 -169.48724     3.0761    32.9421    1460.61  0.000e+00
     33.407   64.97508 -169.48724     3.0759    32.9422    1460.61  0.000e+00
     33.361   64.97508 -169.48724     3.0759    32.9423    1460.61  0.000e+00
     33.407   64.97508 -169.48724     3.0759    32.9418    1460.61  0.000e+00
     33.477   64.97508 -169.48724     3.0758    32.9422    1460.61  0.000e+00
     33.423   64.97508 -169.48724     3.0761    32.9419    1460.61  0.000e+00
     33.469   64.97508 -169.48724     3.0756    32.9422    1460.61  0.000e+00
     33.538   64.97508 -169.48724     3.0757    32.9421    1460.61  0.000e+00
     33.477   64.97508 -169.48724     3.0756    32.9422    1460.61  0.000e+00
     33.523   64.97508 -169.48724     3.0756    32.9422    1460.61  0.000e+00
     33.592   64.97508 -169.48724     3.0756    32.9423    1460.61  0.000e+00
     33.585   64.97508 -169.48724     3.0757    32.9424    1460.61  0.000e+00
     33.538   64.97508 -169.48724     3.0756    32.9425    1460.61  0.000e+00
     33.654   64.97508 -169.48724     3.0756    32.9418    1460.61  0.000e+00
     33.639   64.97508 -169.48724     3.0756    32.9420    1460.61  0.000e+00
     33.654   64.97508 -169.48724     3.0757    32.9421    1460.61  0.000e+00
     33.654   64.97508 -169.48724     3.0758    32.9422    1460.61  0.000e+00
     33.639   64.97508 -169.48724     3.0755    32.9419    1460.61  0.000e+00
     33.762   64.97508 -169.48724     3.0756    32.9421    1460.62  0.000e+00
     33.693   64.97508 -169.48724     3.0754    32.9423    1460.61  0.000e+00
     33.762   64.97508 -169.48724     3.0755    32.9422    1460.61  0.000e+00
     33.762   64.97508 -169.48724     3.0753    32.9422    1460.61  0.000e+00
     33.754   64.97508 -169.48724     3.0755    32.9420    1460.61  0.000e+00
     33.762   64.97508 -169.48724     3.0755    32.9417    1460.61  0.000e+00
     33.824   64.97508 -169.48724     3.0752    32.9421    1460.61  0.000e+00
     33.808   64.97508 -169.48724     3.0755    32.9419    1460.62  0.000e+00
     33.878   64.97508 -169.48724     3.0755    32.9421    1460.62  0.000e+00
     33.870   64.97508 -169.48724     3.0753    32.9423    1460.62  0.000e+00
     33.878   64.97508 -169.48724     3.0755    32.9419    1460.62  0.000e+00
     33.824   64.97508 -169.48724     3.0755    32.9420    1460.62  0.000e+00
     33.924   64.97508 -169.48724     3.0755    32.9421    1460.62  0.000e+00
     33.939   64.97508 -169.48724     3.0752    32.9425    1460.62  0.000e+00
     33.939   64.97508 -169.48724     3.0755    32.9421    1460.62  0.000e+00
     33.986   64.97508 -169.48724     3.0756    32.9417    1460.62  0.000e+00
     33.939   64.97508 -169.48724     3.0755    32.9421    1460.62  0.000e+00
     34.040   64.97508 -169.48724     3.0756    32.9419    1460.62  0.000e+00
     33.993   64.97508 -169.48724     3.0755    32.9421    1460.62  0.000e+00
     33.993   64.97508 -169.48724     3.0755    32.9419    1460.62  0.000e+00
     34.094   64.97508 -169.48724     3.0755    32.9421    1460.62  0.000e+00
