EcoFOCI/data/1_SampleCollection/2023_SikuliaqDBO_CruiseData/CTD_raw_BottleFile_SKQ23-12S/proc/skq202312s_033.ros
* Sea-Bird SBE 9 Data File:
* FileName = D:\CTD\SKQ202312S\SKQ202312S_033.hex
* Software Version Seasave V 7.26.7.121
* Temperature SN = 6177
* Conductivity SN = 0369
* Number of Bytes Per Scan = 41
* Number of Voltage Words = 4
* Number of Scans Averaged by the Deck Unit = 1
* NMEA Latitude = 71 34.65 N
* NMEA Longitude = 157 50.24 W
* NMEA UTC (Time) = Sep 21 2023  14:22:10
* NMEA baud rate = 4800
** Ship: R/V Sikuliaq
** Station Number: 033
** Station Name: DBO5.9
** Bottom Depth: 66
** Operator: SD
# nquan = 22
# nvalues = 1029                                  
# units = specified
# name 0 = depSM: Depth [salt water, m]
# name 1 = latitude: Latitude [deg]
# name 2 = longitude: Longitude [deg]
# name 3 = prDM: Pressure, Digiquartz [db]
# name 4 = t090C: Temperature [ITS-90, deg C]
# name 5 = t190C: Temperature, 2 [ITS-90, deg C]
# name 6 = potemp090C: Potential Temperature [ITS-90, deg C]
# name 7 = sal00: Salinity, Practical [PSU]
# name 8 = sal11: Salinity, Practical, 2 [PSU]
# name 9 = density00: Density [density, kg/m^3]
# name 10 = sigma-é00: Density [sigma-theta, kg/m^3]
# name 11 = sbox0Mm/Kg: Oxygen, SBE 43 [umol/kg]
# name 12 = sbox1Mm/Kg: Oxygen, SBE 43, 2 [umol/kg]
# name 13 = oxsolMm/Kg: Oxygen Saturation, Garcia & Gordon [umol/kg]
# name 14 = sbeox0PS: Oxygen, SBE 43 [% saturation]
# name 15 = v0: Voltage 0
# name 16 = flECO-AFL: Fluorescence, WET Labs ECO-AFL/FL [mg/m^3]
# name 17 = CStarAt0: Beam Attenuation, WET Labs C-Star [1/m]
# name 18 = par: PAR/Irradiance, Biospherical/Licor
# name 19 = scan: Scan Count
# name 20 = nbf: Bottles Fired
# name 21 = flag:  0.000e+00
# interval = seconds: 0.0416667
# start_time = Sep 21 2023 14:28:00 [NMEA time, first data scan]
# bad_flag = -9.990e-29
*END*
[from data line 856]
      3.148   71.57738 -157.83814      3.181     2.2619     2.2638     2.2618    30.0905    30.0997  1024.0377    24.0227    353.578    338.804  341.04592    103.675     0.1538     0.5751     0.5082 2.4865e-01      32057         18  0.000e+00
      3.202   71.57738 -157.83814      3.235     2.2616     2.2638     2.2614    30.0908    30.0994  1024.0383    24.0230    353.560    338.807  341.04821    103.669     0.1538     0.5751     0.5082 2.3349e-01      32058         18  0.000e+00
      3.148   71.57738 -157.83814      3.181     2.2620     2.2638     2.2618    30.0905    30.0993  1024.0377    24.0226    353.571    339.009  341.04548    103.673     0.1526     0.5678     0.5082 2.1424e-01      32059         18  0.000e+00
      3.094   71.57738 -157.83814      3.126     2.2618     2.2638     2.2617    30.0906    30.0994  1024.0376    24.0228    353.590    338.853  341.04641    103.678     0.1538     0.5751     0.5082 2.0867e-01      32060         18  0.000e+00
      3.094   71.57738 -157.83814      3.126     2.2621     2.2637     2.2620    30.0900    30.0995  1024.0370    24.0222    353.573    338.855  341.04586    103.673     0.1538     0.5751     0.5082 1.9604e-01      32061         18  0.000e+00
      3.033   71.57738 -157.83814      3.064     2.2618     2.2638     2.2617    30.0907    30.0992  1024.0374    24.0229    353.557    339.056  341.04622    103.668     0.1453     0.5238     0.5082 1.6816e-01      32062         18  0.000e+00
      2.979   71.57738 -157.83814      3.009     2.2618     2.2635     2.2617    30.0907    30.0996  1024.0371    24.0229    353.542    338.877  341.04615    103.664     0.1429     0.5091     0.5082 1.6021e-01      32063         18  0.000e+00
      2.979   71.57738 -157.83814      3.009     2.2616     2.2635     2.2615    30.0904    30.0995  1024.0368    24.0226    353.535    338.877  341.04900    103.661     0.1416     0.5018     0.5082 1.9078e-01      32064         18  0.000e+00
      2.917   71.57738 -157.83814      2.947     2.2618     2.2633     2.2617    30.0903    30.0996  1024.0365    24.0226    353.520    338.875  341.04719    103.657     0.1429     0.5091     0.5082 3.2728e-01      32065         18  0.000e+00
      2.863   71.57738 -157.83814      2.893     2.2616     2.2634     2.2614    30.0905    30.0996  1024.0364    24.0227    353.512    338.873  341.04908    103.654     0.1429     0.5091     0.5082 3.9314e-01      32066         18  0.000e+00
      2.824   71.57738 -157.83814      2.854     2.2616     2.2634     2.2615    30.0902    30.0996  1024.0360    24.0225    353.504    338.871  341.04941    103.652     0.1429     0.5091     0.5082 3.8316e-01      32067         18  0.000e+00
      2.801   71.57738 -157.83814      2.830     2.2618     2.2633     2.2617    30.0902    30.0994  1024.0358    24.0224    353.497    338.871  341.04764    103.650     0.1416     0.5018     0.5082 3.1007e-01      32068         18  0.000e+00
      2.747   71.57738 -157.83814      2.776     2.2617     2.2634     2.2615    30.0900    30.0997  1024.0354    24.0223    353.532    338.867  341.04948    103.660     0.1429     0.5091     0.5082 2.8210e-01      32069         18  0.000e+00
      2.747   71.57738 -157.83814      2.776     2.2617     2.2633     2.2615    30.0900    30.0997  1024.0354    24.0223    353.532    338.867  341.04958    103.660     0.1429     0.5091     0.5082 2.7985e-01      32070         18  0.000e+00
      2.693   71.57738 -157.83814      2.721     2.2616     2.2635     2.2615    30.0906    30.0997  1024.0357    24.0228    353.530    338.838  341.04842    103.660     0.1429     0.5091     0.5082 2.7319e-01      32071         18  0.000e+00
      2.632   71.57738 -157.83814      2.659     2.2618     2.2634     2.2617    30.0900    30.0995  1024.0349    24.0223    353.530    339.014  341.04812    103.660     0.1441     0.5165     0.5082 2.6990e-01      32072         18  0.000e+00
      2.632   71.57738 -157.83814      2.659     2.2618     2.2633     2.2617    30.0900    30.0994  1024.0349    24.0223    353.534    339.010  341.04812    103.661     0.1429     0.5091     0.5082 2.6881e-01      32073         18  0.000e+00
      2.578   71.57738 -157.83814      2.604     2.2616     2.2632     2.2615    30.0905    30.0993  1024.0350    24.0227    353.539    339.028  341.04867    103.662     0.1429     0.5091     0.5070 3.5174e-01      32074         18  0.000e+00
      2.516   71.57738 -157.83814      2.542     2.2617     2.2632     2.2616    30.0901    30.0997  1024.0344    24.0224    353.544    338.840  341.04917    103.664     0.1416     0.5018     0.5082 4.1970e-01      32075         18  0.000e+00
      2.516   71.57738 -157.83814      2.542     2.2617     2.2633     2.2616    30.0904    30.0996  1024.0347    24.0226    353.553    338.833  341.04846    103.666     0.1429     0.5091     0.5082 4.3194e-01      32076         18  0.000e+00
      2.478   71.57738 -157.83814      2.503     2.2615     2.2635     2.2613    30.0907    30.0993  1024.0347    24.0228    353.563    339.027  341.04964    103.669     0.1441     0.5165     0.5082 4.1368e-01      32077         18  0.000e+00
      2.462   71.57738 -157.83814      2.488     2.2616     2.2635     2.2614    30.0906    30.0994  1024.0346    24.0228    353.574    339.044  341.04875    103.673     0.1429     0.5091     0.5082 3.9747e-01      32078         18  0.000e+00
      2.400   71.57738 -157.83814      2.425     2.2617     2.2634     2.2616    30.0904    30.0994  1024.0341    24.0226    353.585    339.058  341.04851    103.676     0.1429     0.5091     0.5070 3.9458e-01      32079         18  0.000e+00
      2.400   71.57738 -157.83814      2.425     2.2616     2.2635     2.2614    30.0902    30.0994  1024.0340    24.0225    353.602    338.869  341.04988    103.680     0.1429     0.5091     0.5070 3.4911e-01      32080         18  0.000e+00
      2.400   71.57738 -157.83814      2.425     2.2616     2.2632     2.2615    30.0901    30.0996  1024.0339    24.0224    353.619    338.863  341.04965    103.685     0.1429     0.5091     0.5070 2.9237e-01      32081         18  0.000e+00
      2.293   71.57738 -157.83816      2.316     2.2617     2.2632     2.2616    30.0901    30.0994  1024.0334    24.0224    353.632    338.849  341.04918    103.689     0.1429     0.5091     0.5070 2.7985e-01      32082         18  0.000e+00
      2.980   71.57738 -157.83816      3.011     2.2630     2.2642     2.2628    30.0900    30.0993  1024.0365    24.0222    353.715    339.052  341.03826    103.717     0.1490     0.5458     0.5082 2.9819e-01      32253         19  0.000e+00
      2.980   71.57738 -157.83816      3.011     2.2631     2.2641     2.2629    30.0902    30.0992  1024.0366    24.0223    353.709    339.062  341.03689    103.716     0.1490     0.5458     0.5070 3.6652e-01      32254         19  0.000e+00
      2.980   71.57738 -157.83816      3.011     2.2630     2.2643     2.2629    30.0902    30.0992  1024.0366    24.0223    353.478    338.866  341.03742    103.648     0.1490     0.5458     0.5070 3.7339e-01      32255         19  0.000e+00
      2.980   71.57738 -157.83816      3.011     2.2630     2.2642     2.2628    30.0902    30.0991  1024.0366    24.0223    353.438    339.053  341.03785    103.636     0.1490     0.5458     0.5070 3.2229e-01      32256         19  0.000e+00
      2.980   71.57738 -157.83816      3.011     2.2628     2.2645     2.2627    30.0903    30.0993  1024.0367    24.0225    353.400    339.058  341.03885    103.625     0.1477     0.5384     0.5070 2.9006e-01      32257         19  0.000e+00
      2.980   71.57738 -157.83816      3.011     2.2632     2.2642     2.2631    30.0893    30.0992  1024.0359    24.0216    353.361    339.066  341.03782    103.614     0.1490     0.5458     0.5070 2.8663e-01      32258         19  0.000e+00
      2.942   71.57738 -157.83816      2.972     2.2630     2.2643     2.2629    30.0899    30.0992  1024.0362    24.0221    353.324    339.069  341.03808    103.603     0.1490     0.5458     0.5070 2.0139e-01      32259         19  0.000e+00
      2.980   71.57738 -157.83816      3.011     2.2631     2.2641     2.2629    30.0899    30.0995  1024.0364    24.0221    353.291    339.075  341.03760    103.593     0.1490     0.5458     0.5082 1.3766e-01      32260         19  0.000e+00
      2.980   71.57738 -157.83816      3.011     2.2630     2.2641     2.2628    30.0901    30.0992  1024.0365    24.0223    353.259    339.080  341.03806    103.584     0.1490     0.5458     0.5082 1.2639e-01      32261         19  0.000e+00
      2.980   71.57738 -157.83816      3.011     2.2630     2.2645     2.2629    30.0899    30.0988  1024.0364    24.0221    353.228    339.079  341.03813    103.574     0.1490     0.5458     0.5082 1.5020e-01      32262         19  0.000e+00
      2.980   71.57738 -157.83816      3.011     2.2630     2.2641     2.2628    30.0902    30.0993  1024.0367    24.0224    353.198    339.082  341.03765    103.566     0.1490     0.5458     0.5082 1.8389e-01      32263         19  0.000e+00
      2.918   71.57738 -157.83816      2.949     2.2630     2.2644     2.2628    30.0902    30.0992  1024.0364    24.0224    353.206    338.874  341.03767    103.568     0.1477     0.5384     0.5082 1.9165e-01      32264         19  0.000e+00
      2.980   71.57738 -157.83816      3.011     2.2632     2.2641     2.2630    30.0895    30.0991  1024.0361    24.0218    353.184    339.058  341.03764    103.562     0.1490     0.5458     0.5082 2.6555e-01      32265         19  0.000e+00
      2.980   71.57738 -157.83816      3.011     2.2628     2.2641     2.2627    30.0900    30.0995  1024.0365    24.0222    353.390    338.879  341.03966    103.621     0.1538     0.5751     0.5082 4.5728e-01      32266         19  0.000e+00
      2.918   71.57738 -157.83816      2.949     2.2631     2.2645     2.2629    30.0898    30.0989  1024.0360    24.0221    353.172    339.053  341.03782    103.558     0.1551     0.5824     0.5082 5.3128e-01      32267         19  0.000e+00
      2.980   71.57738 -157.83816      3.011     2.2629     2.2643     2.2627    30.0902    30.0993  1024.0366    24.0224    353.154    338.853  341.03872    103.553     0.1563     0.5897     0.5082 4.3040e-01      32268         19  0.000e+00
      2.980   71.57738 -157.83816      3.011     2.2630     2.2642     2.2628    30.0899    30.0996  1024.0364    24.0222    353.134    339.055  341.03846    103.547     0.1563     0.5897     0.5082 2.2181e-01      32269         19  0.000e+00
      2.996   71.57738 -157.83816      3.027     2.2628     2.2645     2.2627    30.0898    30.0992  1024.0364    24.0221    353.118    339.053  341.04019    103.541     0.1563     0.5897     0.5082 1.6897e-01      32270         19  0.000e+00
      2.919   71.57738 -157.83816      2.949     2.2625     2.2642     2.2623    30.0905    30.0993  1024.0366    24.0226    353.099    339.050  341.04117    103.535     0.1551     0.5824     0.5082 1.7468e-01      32271         19  0.000e+00
      2.980   71.57738 -157.83816      3.011     2.2625     2.2643     2.2624    30.0902    30.0993  1024.0366    24.0224    353.086    339.074  341.04163    103.532     0.1563     0.5897     0.5082 2.0683e-01      32272         19  0.000e+00
      2.919   71.57738 -157.83816      2.949     2.2628     2.2643     2.2627    30.0897    30.0990  1024.0359    24.0220    353.068    339.272  341.04050    103.527     0.1551     0.5824     0.5082 2.1990e-01      32273         19  0.000e+00
      2.980   71.57738 -157.83816      3.011     2.2625     2.2644     2.2623    30.0900    30.0991  1024.0365    24.0223    353.100    339.090  341.04237    103.535     0.1563     0.5897     0.5082 2.2373e-01      32274         19  0.000e+00
      2.980   71.57738 -157.83816      3.011     2.2625     2.2645     2.2624    30.0902    30.0988  1024.0367    24.0224    353.089    339.287  341.04143    103.533     0.1563     0.5897     0.5082 2.6340e-01      32275         19  0.000e+00
      2.980   71.57738 -157.83816      3.011     2.2626     2.2643     2.2625    30.0900    30.0993  1024.0365    24.0222    353.081    339.303  341.04117    103.530     0.1563     0.5897     0.5082 2.8663e-01      32276         19  0.000e+00
      2.980   71.57738 -157.83816      3.011     2.2626     2.2642     2.2625    30.0901    30.0993  1024.0366    24.0223    353.074    339.140  341.04076    103.529     0.1563     0.5897     0.5082 2.8777e-01      32277         19  0.000e+00
      2.980   71.57738 -157.83816      3.011     2.2625     2.2643     2.2624    30.0901    30.0990  1024.0366    24.0223    353.071    339.155  341.04183    103.527     0.1551     0.5824     0.5082 2.7873e-01      32278         19  0.000e+00
      2.919   71.57738 -157.83816      2.949     2.2623     2.2642     2.2622    30.0905    30.0993  1024.0366    24.0227    353.066    339.168  341.04257    103.526     0.1563     0.5897     0.5082 2.7319e-01      32279         19  0.000e+00
      2.980   71.57738 -157.83816      3.011     2.2626     2.2645     2.2625    30.0902    30.0989  1024.0367    24.0224    353.104    339.159  341.04056    103.537     0.1551     0.5824     0.5082 2.7319e-01      32280         19  0.000e+00
      2.942   71.57738 -157.83816      2.972     2.2625     2.2640     2.2623    30.0901    30.0995  1024.0364    24.0224    353.105    339.150  341.04211    103.537     0.1563     0.5897     0.5094 2.6555e-01      32281         19  0.000e+00
      3.034   71.57738 -157.83816      3.066     2.2624     2.2641     2.2623    30.0903    30.0992  1024.0370    24.0225    353.340    339.167  341.04216    103.606     0.1563     0.5897     0.5082 2.6019e-01      32282         19  0.000e+00
      2.980   71.57738 -157.83816      3.011     2.2626     2.2645     2.2625    30.0902    30.0990  1024.0367    24.0224    353.149    339.149  341.04056    103.550     0.1551     0.5824     0.5082 2.5913e-01      32283         19  0.000e+00
      2.980   71.57738 -157.83816      3.011     2.2625     2.2639     2.2623    30.0901    30.0997  1024.0366    24.0223    353.155    339.139  341.04217    103.552     0.1563     0.5897     0.5094 2.9121e-01      32284         19  0.000e+00
      2.980   71.57738 -157.83816      3.011     2.2625     2.2643     2.2624    30.0902    30.0995  1024.0367    24.0224    353.161    339.122  341.04143    103.554     0.1551     0.5824     0.5082 3.3486e-01      32285         19  0.000e+00
      2.980   71.57738 -157.83816      3.011     2.2623     2.2643     2.2622    30.0902    30.0994  1024.0366    24.0224    353.398    339.107  341.04347    103.622     0.1563     0.5897     0.5082 3.4518e-01      32286         19  0.000e+00
      3.034   71.57738 -157.83816      3.066     2.2625     2.2642     2.2623    30.0904    30.0990  1024.0371    24.0226    353.216    339.095  341.04143    103.570     0.1563     0.5897     0.5082 3.4518e-01      32287         19  0.000e+00
      2.980   71.57738 -157.83816      3.011     2.2625     2.2643     2.2624    30.0902    30.0990  1024.0366    24.0224    353.223    339.075  341.04163    103.572     0.1563     0.5897     0.5082 3.4779e-01      32288         19  0.000e+00
      3.034   71.57738 -157.83816      3.066     2.2625     2.2641     2.2623    30.0901    30.0993  1024.0368    24.0223    353.237    339.060  341.04234    103.576     0.1551     0.5824     0.5082 3.4911e-01      32289         19  0.000e+00
      2.980   71.57738 -157.83816      3.011     2.2625     2.2642     2.2623    30.0903    30.0991  1024.0367    24.0225    353.247    339.063  341.04176    103.579     0.1563     0.5897     0.5094 3.7200e-01      32290         19  0.000e+00
      3.034   71.57738 -157.83816      3.066     2.2625     2.2641     2.2624    30.0903    30.0990  1024.0370    24.0225    353.263    339.048  341.04130    103.584     0.1551     0.5824     0.5082 4.3505e-01      32291         19  0.000e+00
