EcoFOCI/data/1_SampleCollection/2023_SikuliaqDBO_CruiseData/CTD_raw_BottleFile_SKQ23-12S/proc/skq202312s_010svp.cnv
* Sea-Bird SBE 9 Data File:
* FileName = D:\CTD\SKQ202312S\SKQ202312S_010.hex
* Software Version Seasave V 7.26.7.121
* Temperature SN = 6177
* Conductivity SN = 0369
* Number of Bytes Per Scan = 41
* Number of Voltage Words = 4
* Number of Scans Averaged by the Deck Unit = 1
* NMEA Latitude = 63 16.77 N
* NMEA Longitude = 173 16.77 W
* NMEA UTC (Time) = Sep 16 2023  15:37:33
* NMEA baud rate = 4800
** Ship: R/V Sikuliaq
** Station Number: 010
** Station Name: DBO1.9
** Bottom Depth: 70
** Operator: SD
# nquan = 7
# nvalues = 5816                                  
# units = specified
# name 0 = depSM: Depth [salt water, m]
# name 1 = latitude: Latitude [deg]
# name 2 = longitude: Longitude [deg]
# name 3 = t090C: Temperature [ITS-90, deg C]
# name 4 = sal00: Salinity, Practical [PSU]
# name 5 = svCM: Sound Velocity [Chen-Millero, m/s]
# name 6 = flag:  0.000e+00
# span 0 =      2.299,     64.361                 
# span 1 =   63.27950,   63.27952                 
# span 2 = -173.27952, -173.27950                 
# span 3 =    -1.4908,     7.4874                 
# span 4 =    31.3838,    32.1305                 
# span 5 =    1438.80,    1476.28                 
# span 6 = 0.0000e+00, 0.0000e+00                 
# interval = seconds: 0.0416667
# start_time = Sep 16 2023 15:40:12 [NMEA time, first data scan]
# bad_flag = -9.990e-29
*END*
[from data line 3898]
     49.992   63.27952 -173.27952    -1.4862    32.0814    1439.05  0.000e+00
     50.046   63.27952 -173.27952    -1.4862    32.0813    1439.05  0.000e+00
     50.046   63.27952 -173.27952    -1.4862    32.0812    1439.05  0.000e+00
     50.046   63.27952 -173.27952    -1.4860    32.0810    1439.05  0.000e+00
     50.046   63.27952 -173.27952    -1.4859    32.0811    1439.05  0.000e+00
     50.162   63.27952 -173.27952    -1.4862    32.0809    1439.05  0.000e+00
     50.162   63.27952 -173.27952    -1.4858    32.0804    1439.05  0.000e+00
     50.162   63.27952 -173.27952    -1.4862    32.0817    1439.05  0.000e+00
     50.216   63.27952 -173.27952    -1.4859    32.0810    1439.05  0.000e+00
     50.216   63.27952 -173.27952    -1.4859    32.0815    1439.05  0.000e+00
     50.277   63.27952 -173.27952    -1.4857    32.0811    1439.06  0.000e+00
     50.277   63.27952 -173.27952    -1.4860    32.0812    1439.06  0.000e+00
     50.277   63.27952 -173.27952    -1.4858    32.0809    1439.06  0.000e+00
     50.331   63.27952 -173.27952    -1.4857    32.0808    1439.06  0.000e+00
     50.393   63.27952 -173.27952    -1.4859    32.0810    1439.06  0.000e+00
     50.393   63.27952 -173.27952    -1.4859    32.0811    1439.06  0.000e+00
     50.393   63.27952 -173.27952    -1.4860    32.0813    1439.06  0.000e+00
     50.447   63.27952 -173.27952    -1.4858    32.0806    1439.06  0.000e+00
     50.447   63.27952 -173.27952    -1.4859    32.0813    1439.06  0.000e+00
     50.501   63.27952 -173.27952    -1.4857    32.0813    1439.06  0.000e+00
     50.501   63.27952 -173.27952    -1.4858    32.0809    1439.06  0.000e+00
     50.563   63.27952 -173.27952    -1.4857    32.0806    1439.06  0.000e+00
     50.563   63.27952 -173.27952    -1.4858    32.0809    1439.06  0.000e+00
     50.563   63.27952 -173.27952    -1.4857    32.0811    1439.06  0.000e+00
     50.678   63.27952 -173.27952    -1.4857    32.0812    1439.06  0.000e+00
     50.617   63.27952 -173.27952    -1.4859    32.0814    1439.06  0.000e+00
     50.678   63.27952 -173.27952    -1.4857    32.0812    1439.06  0.000e+00
     50.678   63.27952 -173.27952    -1.4855    32.0807    1439.06  0.000e+00
     50.732   63.27952 -173.27952    -1.4859    32.0808    1439.06  0.000e+00
     50.732   63.27952 -173.27952    -1.4857    32.0807    1439.06  0.000e+00
     50.794   63.27952 -173.27952    -1.4858    32.0808    1439.06  0.000e+00
     50.794   63.27952 -173.27952    -1.4857    32.0810    1439.06  0.000e+00
     50.848   63.27952 -173.27952    -1.4859    32.0812    1439.07  0.000e+00
     50.848   63.27952 -173.27952    -1.4857    32.0807    1439.07  0.000e+00
     50.848   63.27952 -173.27952    -1.4859    32.0812    1439.07  0.000e+00
     50.902   63.27952 -173.27952    -1.4857    32.0808    1439.07  0.000e+00
     50.902   63.27952 -173.27952    -1.4858    32.0806    1439.07  0.000e+00
     50.964   63.27952 -173.27952    -1.4855    32.0806    1439.07  0.000e+00
     50.964   63.27952 -173.27952    -1.4857    32.0807    1439.07  0.000e+00
     51.018   63.27952 -173.27952    -1.4855    32.0807    1439.07  0.000e+00
     51.018   63.27952 -173.27952    -1.4855    32.0805    1439.07  0.000e+00
     51.018   63.27952 -173.27952    -1.4858    32.0809    1439.07  0.000e+00
     51.080   63.27952 -173.27952    -1.4859    32.0806    1439.07  0.000e+00
     51.079   63.27952 -173.27952    -1.4858    32.0806    1439.07  0.000e+00
     51.134   63.27952 -173.27952    -1.4859    32.0808    1439.07  0.000e+00
     51.133   63.27952 -173.27952    -1.4855    32.0806    1439.07  0.000e+00
     51.133   63.27952 -173.27952    -1.4857    32.0808    1439.07  0.000e+00
     51.195   63.27952 -173.27952    -1.4859    32.0810    1439.07  0.000e+00
     51.195   63.27952 -173.27952    -1.4859    32.0808    1439.07  0.000e+00
     51.249   63.27952 -173.27952    -1.4857    32.0804    1439.07  0.000e+00
     51.249   63.27952 -173.27952    -1.4857    32.0807    1439.07  0.000e+00
     51.303   63.27952 -173.27952    -1.4858    32.0808    1439.07  0.000e+00
     51.303   63.27952 -173.27952    -1.4857    32.0808    1439.07  0.000e+00
     51.303   63.27952 -173.27952    -1.4860    32.0811    1439.07  0.000e+00
     51.365   63.27952 -173.27952    -1.4858    32.0808    1439.07  0.000e+00
     51.365   63.27952 -173.27952    -1.4859    32.0807    1439.07  0.000e+00
     51.365   63.27952 -173.27952    -1.4859    32.0808    1439.07  0.000e+00
     51.419   63.27952 -173.27952    -1.4859    32.0807    1439.07  0.000e+00
     51.419   63.27952 -173.27952    -1.4860    32.0809    1439.07  0.000e+00
     51.481   63.27952 -173.27952    -1.4859    32.0807    1439.07  0.000e+00
     51.481   63.27952 -173.27952    -1.4857    32.0802    1439.07  0.000e+00
     51.535   63.27952 -173.27952    -1.4860    32.0806    1439.07  0.000e+00
     51.535   63.27952 -173.27952    -1.4859    32.0810    1439.08  0.000e+00
     51.596   63.27952 -173.27952    -1.4860    32.0807    1439.08  0.000e+00
     51.535   63.27952 -173.27952    -1.4860    32.0806    1439.08  0.000e+00
     51.596   63.27952 -173.27952    -1.4861    32.0807    1439.08  0.000e+00
     51.650   63.27952 -173.27952    -1.4862    32.0805    1439.08  0.000e+00
     51.650   63.27952 -173.27952    -1.4859    32.0806    1439.08  0.000e+00
     51.704   63.27952 -173.27952    -1.4864    32.0807    1439.08  0.000e+00
     51.650   63.27952 -173.27952    -1.4864    32.0807    1439.08  0.000e+00
     51.766   63.27952 -173.27952    -1.4861    32.0803    1439.08  0.000e+00
     51.704   63.27952 -173.27952    -1.4864    32.0808    1439.08  0.000e+00
     51.820   63.27952 -173.27952    -1.4864    32.0806    1439.08  0.000e+00
     51.766   63.27952 -173.27952    -1.4864    32.0805    1439.08  0.000e+00
     51.820   63.27952 -173.27952    -1.4865    32.0811    1439.08  0.000e+00
     51.882   63.27952 -173.27952    -1.4866    32.0809    1439.08  0.000e+00
     51.882   63.27952 -173.27952    -1.4866    32.0808    1439.08  0.000e+00
     51.882   63.27952 -173.27952    -1.4865    32.0806    1439.08  0.000e+00
     51.936   63.27952 -173.27952    -1.4867    32.0809    1439.08  0.000e+00
     51.936   63.27952 -173.27952    -1.4866    32.0810    1439.08  0.000e+00
     51.998   63.27952 -173.27952    -1.4868    32.0812    1439.08  0.000e+00
     51.998   63.27952 -173.27952    -1.4866    32.0812    1439.08  0.000e+00
     51.998   63.27952 -173.27952    -1.4866    32.0811    1439.08  0.000e+00
     52.052   63.27952 -173.27952    -1.4867    32.0811    1439.08  0.000e+00
     52.106   63.27952 -173.27952    -1.4865    32.0806    1439.08  0.000e+00
     52.106   63.27952 -173.27952    -1.4866    32.0811    1439.08  0.000e+00
     52.052   63.27952 -173.27952    -1.4867    32.0809    1439.08  0.000e+00
     52.167   63.27952 -173.27952    -1.4866    32.0813    1439.08  0.000e+00
     52.167   63.27952 -173.27952    -1.4864    32.0808    1439.08  0.000e+00
     52.167   63.27952 -173.27952    -1.4862    32.0809    1439.08  0.000e+00
     52.221   63.27952 -173.27952    -1.4864    32.0809    1439.09  0.000e+00
     52.221   63.27952 -173.27952    -1.4864    32.0811    1439.09  0.000e+00
     52.283   63.27952 -173.27952    -1.4862    32.0809    1439.09  0.000e+00
     52.283   63.27952 -173.27952    -1.4864    32.0812    1439.09  0.000e+00
     52.337   63.27952 -173.27952    -1.4864    32.0812    1439.09  0.000e+00
     52.283   63.27952 -173.27952    -1.4866    32.0814    1439.09  0.000e+00
     52.399   63.27952 -173.27952    -1.4864    32.0811    1439.09  0.000e+00
     52.337   63.27952 -173.27952    -1.4866    32.0816    1439.09  0.000e+00
     52.453   63.27952 -173.27952    -1.4866    32.0821    1439.09  0.000e+00
     52.399   63.27952 -173.27952    -1.4867    32.0821    1439.09  0.000e+00
     52.507   63.27952 -173.27952    -1.4865    32.0812    1439.09  0.000e+00
     52.453   63.27952 -173.27952    -1.4862    32.0819    1439.09  0.000e+00
     52.507   63.27952 -173.27952    -1.4861    32.0822    1439.09  0.000e+00
     52.507   63.27952 -173.27952    -1.4860    32.0825    1439.09  0.000e+00
     52.568   63.27952 -173.27952    -1.4858    32.0825    1439.10  0.000e+00
     52.568   63.27952 -173.27952    -1.4855    32.0826    1439.10  0.000e+00
     52.568   63.27952 -173.27952    -1.4855    32.0831    1439.10  0.000e+00
     52.622   63.27952 -173.27952    -1.4853    32.0828    1439.10  0.000e+00
     52.622   63.27952 -173.27952    -1.4853    32.0835    1439.10  0.000e+00
     52.684   63.27952 -173.27952    -1.4851    32.0835    1439.10  0.000e+00
     52.684   63.27952 -173.27952    -1.4850    32.0832    1439.10  0.000e+00
     52.684   63.27952 -173.27952    -1.4848    32.0836    1439.10  0.000e+00
     52.738   63.27952 -173.27952    -1.4847    32.0837    1439.10  0.000e+00
     52.738   63.27952 -173.27952    -1.4848    32.0838    1439.10  0.000e+00
     52.738   63.27952 -173.27952    -1.4845    32.0836    1439.11  0.000e+00
     52.800   63.27952 -173.27952    -1.4843    32.0832    1439.11  0.000e+00
     52.800   63.27952 -173.27952    -1.4843    32.0838    1439.11  0.000e+00
     52.854   63.27952 -173.27952    -1.4842    32.0836    1439.11  0.000e+00
     52.854   63.27952 -173.27952    -1.4841    32.0838    1439.11  0.000e+00
     52.854   63.27952 -173.27952    -1.4840    32.0839    1439.11  0.000e+00
     52.908   63.27952 -173.27952    -1.4838    32.0835    1439.11  0.000e+00
     52.908   63.27952 -173.27952    -1.4836    32.0836    1439.11  0.000e+00
     52.908   63.27952 -173.27952    -1.4836    32.0840    1439.11  0.000e+00
     52.970   63.27952 -173.27952    -1.4836    32.0843    1439.11  0.000e+00
     52.970   63.27952 -173.27952    -1.4836    32.0841    1439.11  0.000e+00
     52.970   63.27952 -173.27952    -1.4835    32.0840    1439.11  0.000e+00
     53.024   63.27952 -173.27952    -1.4833    32.0834    1439.12  0.000e+00
     53.024   63.27952 -173.27952    -1.4836    32.0841    1439.12  0.000e+00
     53.024   63.27952 -173.27952    -1.4834    32.0840    1439.12  0.000e+00
     53.085   63.27952 -173.27952    -1.4831    32.0838    1439.12  0.000e+00
     53.024   63.27952 -173.27952    -1.4834    32.0841    1439.12  0.000e+00
     53.085   63.27952 -173.27952    -1.4831    32.0839    1439.12  0.000e+00
     53.139   63.27952 -173.27952    -1.4831    32.0842    1439.12  0.000e+00
     53.139   63.27952 -173.27952    -1.4828    32.0841    1439.12  0.000e+00
     53.139   63.27952 -173.27952    -1.4831    32.0846    1439.12  0.000e+00
     53.139   63.27952 -173.27952    -1.4827    32.0841    1439.12  0.000e+00
     53.201   63.27952 -173.27952    -1.4826    32.0844    1439.12  0.000e+00
     53.201   63.27952 -173.27952    -1.4827    32.0846    1439.12  0.000e+00
     53.201   63.27952 -173.27952    -1.4823    32.0844    1439.13  0.000e+00
     53.201   63.27952 -173.27952    -1.4822    32.0840    1439.12  0.000e+00
     53.255   63.27952 -173.27952    -1.4820    32.0843    1439.13  0.000e+00
     53.255   63.27952 -173.27952    -1.4820    32.0848    1439.13  0.000e+00
     53.255   63.27952 -173.27952    -1.4819    32.0849    1439.13  0.000e+00
     53.255   63.27952 -173.27952    -1.4817    32.0847    1439.13  0.000e+00
     53.317   63.27952 -173.27952    -1.4815    32.0849    1439.13  0.000e+00
     53.317   63.27952 -173.27952    -1.4815    32.0852    1439.13  0.000e+00
     53.317   63.27952 -173.27952    -1.4812    32.0848    1439.13  0.000e+00
     53.371   63.27952 -173.27952    -1.4815    32.0854    1439.13  0.000e+00
     53.309   63.27952 -173.27952    -1.4811    32.0854    1439.13  0.000e+00
     53.371   63.27952 -173.27952    -1.4807    32.0851    1439.14  0.000e+00
     53.371   63.27952 -173.27952    -1.4807    32.0852    1439.14  0.000e+00
     53.371   63.27952 -173.27952    -1.4803    32.0850    1439.14  0.000e+00
     53.425   63.27952 -173.27952    -1.4801    32.0849    1439.14  0.000e+00
     53.425   63.27952 -173.27952    -1.4802    32.0852    1439.14  0.000e+00
     53.425   63.27952 -173.27952    -1.4798    32.0849    1439.14  0.000e+00
     53.425   63.27952 -173.27952    -1.4799    32.0853    1439.14  0.000e+00
     53.425   63.27952 -173.27952    -1.4798    32.0852    1439.14  0.000e+00
     53.425   63.27952 -173.27952    -1.4793    32.0847    1439.14  0.000e+00
     53.540   63.27952 -173.27952    -1.4792    32.0849    1439.15  0.000e+00
     53.486   63.27952 -173.27952    -1.4791    32.0849    1439.15  0.000e+00
     53.486   63.27952 -173.27952    -1.4792    32.0849    1439.15  0.000e+00
     53.479   63.27952 -173.27952    -1.4793    32.0853    1439.15  0.000e+00
     53.540   63.27952 -173.27952    -1.4788    32.0848    1439.15  0.000e+00
     53.486   63.27952 -173.27952    -1.4790    32.0851    1439.15  0.000e+00
     53.540   63.27952 -173.27952    -1.4790    32.0854    1439.15  0.000e+00
     53.602   63.27952 -173.27952    -1.4787    32.0851    1439.15  0.000e+00
     53.540   63.27952 -173.27952    -1.4788    32.0853    1439.15  0.000e+00
     53.540   63.27952 -173.27952    -1.4787    32.0857    1439.15  0.000e+00
     53.602   63.27952 -173.27952    -1.4785    32.0856    1439.15  0.000e+00
     53.602   63.27952 -173.27952    -1.4783    32.0855    1439.15  0.000e+00
     53.602   63.27952 -173.27952    -1.4783    32.0856    1439.15  0.000e+00
     53.656   63.27952 -173.27952    -1.4783    32.0855    1439.15  0.000e+00
     53.656   63.27952 -173.27952    -1.4783    32.0854    1439.15  0.000e+00
     53.594   63.27952 -173.27952    -1.4782    32.0860    1439.15  0.000e+00
     53.656   63.27952 -173.27952    -1.4781    32.0857    1439.15  0.000e+00
     53.656   63.27952 -173.27952    -1.4781    32.0863    1439.16  0.000e+00
     53.718   63.27952 -173.27952    -1.4777    32.0861    1439.16  0.000e+00
     53.718   63.27952 -173.27952    -1.4776    32.0864    1439.16  0.000e+00
     53.718   63.27952 -173.27952    -1.4770    32.0859    1439.16  0.000e+00
     53.718   63.27952 -173.27952    -1.4767    32.0862    1439.16  0.000e+00
     53.718   63.27952 -173.27952    -1.4764    32.0863    1439.16  0.000e+00
     53.772   63.27952 -173.27952    -1.4760    32.0862    1439.17  0.000e+00
     53.718   63.27952 -173.27952    -1.4758    32.0860    1439.17  0.000e+00
     53.772   63.27952 -173.27952    -1.4753    32.0861    1439.17  0.000e+00
     53.772   63.27952 -173.27952    -1.4747    32.0859    1439.17  0.000e+00
     53.826   63.27952 -173.27952    -1.4744    32.0859    1439.18  0.000e+00
     53.826   63.27952 -173.27952    -1.4739    32.0858    1439.18  0.000e+00
     53.826   63.27952 -173.27952    -1.4739    32.0861    1439.18  0.000e+00
     53.826   63.27952 -173.27952    -1.4737    32.0867    1439.18  0.000e+00
     53.887   63.27952 -173.27952    -1.4733    32.0864    1439.18  0.000e+00
     53.826   63.27952 -173.27952    -1.4732    32.0867    1439.18  0.000e+00
     53.887   63.27952 -173.27952    -1.4729    32.0867    1439.18  0.000e+00
     53.941   63.27952 -173.27952    -1.4727    32.0872    1439.19  0.000e+00
     53.887   63.27952 -173.27952    -1.4726    32.0874    1439.19  0.000e+00
     53.941   63.27952 -173.27952    -1.4725    32.0873    1439.19  0.000e+00
     54.003   63.27952 -173.27952    -1.4722    32.0876    1439.19  0.000e+00
     53.941   63.27952 -173.27952    -1.4721    32.0877    1439.19  0.000e+00
     54.003   63.27952 -173.27952    -1.4719    32.0874    1439.19  0.000e+00
     54.003   63.27952 -173.27952    -1.4715    32.0871    1439.19  0.000e+00
     54.003   63.27952 -173.27952    -1.4714    32.0874    1439.19  0.000e+00
     54.057   63.27952 -173.27952    -1.4714    32.0881    1439.20  0.000e+00
     54.057   63.27952 -173.27952    -1.4709    32.0874    1439.20  0.000e+00
     54.057   63.27952 -173.27952    -1.4709    32.0877    1439.20  0.000e+00
     54.119   63.27952 -173.27952    -1.4707    32.0875    1439.20  0.000e+00
