EcoFOCI/data/1_SampleCollection/2023_SikuliaqDBO_CruiseData/CTD_raw_BottleFile_SKQ23-12S/proc/skq202312s_050svp.cnv
* Sea-Bird SBE 9 Data File:
* FileName = D:\CTD\SKQ202312S\SKQ202312S_050.hex
* Software Version Seasave V 7.26.7.121
* Temperature SN = 6177
* Conductivity SN = 0369
* Number of Bytes Per Scan = 41
* Number of Voltage Words = 4
* Number of Scans Averaged by the Deck Unit = 1
* NMEA Latitude = 70 34.79 N
* NMEA Longitude = 162 29.45 W
* NMEA UTC (Time) = Sep 26 2023  15:58:50
* NMEA baud rate = 4800
** Ship: R/V Sikuliaq
** Station Number: 050
** Station Name: IC11
** Bottom Depth: 38
** Operator: SD
# nquan = 7
# nvalues = 4614                                  
# units = specified
# name 0 = depSM: Depth [salt water, m]
# name 1 = latitude: Latitude [deg]
# name 2 = longitude: Longitude [deg]
# name 3 = t090C: Temperature [ITS-90, deg C]
# name 4 = sal00: Salinity, Practical [PSU]
# name 5 = svCM: Sound Velocity [Chen-Millero, m/s]
# name 6 = flag:  0.000e+00
# span 0 =      2.851,     34.023                 
# span 1 =   70.57986,   70.58002                 
# span 2 = -162.49076, -162.49074                 
# span 3 =     5.4639,     7.5769                 
# span 4 =    28.5417,    30.9913                 
# span 5 =    1467.25,    1475.53                 
# span 6 = 0.0000e+00, 0.0000e+00                 
# interval = seconds: 0.0416667
# start_time = Sep 26 2023 16:02:32 [NMEA time, first data scan]
# bad_flag = -9.990e-29
*END*
[from data line 3077]
     28.576   70.57996 -162.49076     5.8000    30.7579    1469.06  0.000e+00
     28.646   70.57996 -162.49076     5.8000    30.7583    1469.06  0.000e+00
     28.576   70.57996 -162.49076     5.7999    30.7587    1469.06  0.000e+00
     28.646   70.57996 -162.49076     5.7998    30.7586    1469.06  0.000e+00
     28.646   70.57996 -162.49076     5.7999    30.7588    1469.06  0.000e+00
     28.630   70.57996 -162.49076     5.8000    30.7592    1469.06  0.000e+00
     28.646   70.57996 -162.49076     5.8000    30.7599    1469.06  0.000e+00
     28.692   70.57996 -162.49076     5.8001    30.7609    1469.06  0.000e+00
     28.646   70.57996 -162.49076     5.8003    30.7627    1469.07  0.000e+00
     28.700   70.57996 -162.49076     5.8007    30.7642    1469.07  0.000e+00
     28.630   70.57996 -162.49076     5.8010    30.7658    1469.07  0.000e+00
     28.700   70.57996 -162.49076     5.8014    30.7669    1469.08  0.000e+00
     28.746   70.57996 -162.49076     5.8015    30.7674    1469.08  0.000e+00
     28.700   70.57996 -162.49076     5.8018    30.7674    1469.08  0.000e+00
     28.746   70.57996 -162.49076     5.8021    30.7672    1469.08  0.000e+00
     28.700   70.57996 -162.49076     5.8023    30.7678    1469.08  0.000e+00
     28.761   70.57996 -162.49076     5.8026    30.7675    1469.08  0.000e+00
     28.808   70.57996 -162.49076     5.8029    30.7670    1469.08  0.000e+00
     28.700   70.57996 -162.49076     5.8026    30.7676    1469.08  0.000e+00
     28.808   70.57996 -162.49076     5.8030    30.7674    1469.09  0.000e+00
     28.761   70.57996 -162.49076     5.8029    30.7680    1469.09  0.000e+00
     28.815   70.57996 -162.49076     5.8034    30.7681    1469.09  0.000e+00
     28.808   70.57996 -162.49076     5.8036    30.7691    1469.09  0.000e+00
     28.761   70.57996 -162.49076     5.8042    30.7701    1469.09  0.000e+00
     28.862   70.57996 -162.49076     5.8052    30.7711    1469.10  0.000e+00
     28.815   70.57998 -162.49076     5.8061    30.7715    1469.10  0.000e+00
     28.815   70.57998 -162.49076     5.8066    30.7715    1469.11  0.000e+00
     28.862   70.57998 -162.49076     5.8071    30.7712    1469.11  0.000e+00
     28.815   70.57998 -162.49076     5.8076    30.7717    1469.11  0.000e+00
     28.862   70.57998 -162.49076     5.8079    30.7736    1469.11  0.000e+00
     28.877   70.57998 -162.49076     5.8092    30.7746    1469.12  0.000e+00
     28.862   70.57998 -162.49076     5.8104    30.7748    1469.13  0.000e+00
     28.931   70.57998 -162.49076     5.8116    30.7742    1469.13  0.000e+00
     28.877   70.57998 -162.49076     5.8120    30.7735    1469.13  0.000e+00
     28.977   70.57998 -162.49076     5.8122    30.7735    1469.13  0.000e+00
     28.877   70.57998 -162.49076     5.8128    30.7752    1469.14  0.000e+00
     28.977   70.57998 -162.49076     5.8141    30.7785    1469.15  0.000e+00
     28.931   70.57998 -162.49076     5.8161    30.7807    1469.16  0.000e+00
     28.993   70.57998 -162.49076     5.8178    30.7793    1469.16  0.000e+00
     28.977   70.57998 -162.49076     5.8184    30.7804    1469.17  0.000e+00
     28.993   70.57998 -162.49076     5.8195    30.7850    1469.18  0.000e+00
     28.977   70.57998 -162.49076     5.8211    30.7888    1469.19  0.000e+00
     28.993   70.57998 -162.49076     5.8232    30.7871    1469.19  0.000e+00
     28.993   70.57998 -162.49076     5.8244    30.7868    1469.20  0.000e+00
     29.031   70.57998 -162.49076     5.8265    30.7893    1469.21  0.000e+00
     28.993   70.57998 -162.49076     5.8300    30.7921    1469.23  0.000e+00
     29.031   70.57998 -162.49076     5.8332    30.7934    1469.24  0.000e+00
     29.047   70.57998 -162.49076     5.8367    30.7911    1469.26  0.000e+00
     29.101   70.57998 -162.49076     5.8388    30.7905    1469.26  0.000e+00
     29.031   70.57998 -162.49076     5.8399    30.7918    1469.27  0.000e+00
     29.101   70.57998 -162.49076     5.8412    30.7913    1469.27  0.000e+00
     29.093   70.57998 -162.49076     5.8422    30.7909    1469.28  0.000e+00
     29.101   70.57998 -162.49076     5.8431    30.7893    1469.28  0.000e+00
     29.093   70.57998 -162.49076     5.8440    30.7895    1469.28  0.000e+00
     29.101   70.57998 -162.49076     5.8447    30.7957    1469.29  0.000e+00
     29.162   70.57998 -162.49076     5.8464    30.8029    1469.31  0.000e+00
     29.147   70.57998 -162.49076     5.8495    30.8050    1469.33  0.000e+00
     29.100   70.57998 -162.49076     5.8527    30.8056    1469.34  0.000e+00
     29.208   70.57998 -162.49076     5.8550    30.8100    1469.36  0.000e+00
     29.162   70.57998 -162.49076     5.8593    30.8153    1469.38  0.000e+00
     29.162   70.57998 -162.49076     5.8648    30.8155    1469.40  0.000e+00
     29.208   70.57998 -162.49076     5.8712    30.8178    1469.43  0.000e+00
     29.162   70.57998 -162.49076     5.8771    30.8178    1469.45  0.000e+00
     29.262   70.57998 -162.49076     5.8810    30.8174    1469.47  0.000e+00
     29.216   70.57998 -162.49076     5.8835    30.8251    1469.49  0.000e+00
     29.278   70.57998 -162.49076     5.8872    30.8485    1469.53  0.000e+00
     29.262   70.57998 -162.49076     5.8948    30.8591    1469.58  0.000e+00
     29.216   70.57998 -162.49076     5.9030    30.8599    1469.61  0.000e+00
     29.316   70.57998 -162.49076     5.9100    30.8564    1469.64  0.000e+00
     29.278   70.57998 -162.49076     5.9138    30.8452    1469.64  0.000e+00
     29.278   70.57998 -162.49076     5.9146    30.8385    1469.63  0.000e+00
     29.316   70.57998 -162.49076     5.9154    30.8375    1469.63  0.000e+00
     29.332   70.57998 -162.49076     5.9162    30.8441    1469.65  0.000e+00
     29.316   70.57998 -162.49076     5.9189    30.8575    1469.67  0.000e+00
     29.332   70.57998 -162.49076     5.9237    30.8674    1469.71  0.000e+00
     29.332   70.57998 -162.49076     5.9279    30.8699    1469.73  0.000e+00
     29.378   70.57998 -162.49076     5.9319    30.8710    1469.74  0.000e+00
     29.332   70.57998 -162.49076     5.9349    30.8746    1469.76  0.000e+00
     29.432   70.57998 -162.49076     5.9382    30.8786    1469.78  0.000e+00
     29.393   70.57998 -162.49076     5.9409    30.8801    1469.79  0.000e+00
     29.447   70.57998 -162.49076     5.9433    30.8839    1469.81  0.000e+00
     29.378   70.57998 -162.49076     5.9452    30.8874    1469.82  0.000e+00
     29.447   70.57998 -162.49076     5.9471    30.8868    1469.83  0.000e+00
     29.494   70.57998 -162.49076     5.9481    30.8862    1469.83  0.000e+00
     29.447   70.57998 -162.49076     5.9489    30.8865    1469.83  0.000e+00
     29.447   70.57998 -162.49076     5.9503    30.8883    1469.84  0.000e+00
     29.494   70.57998 -162.49076     5.9513    30.8888    1469.85  0.000e+00
     29.447   70.57998 -162.49076     5.9511    30.8899    1469.85  0.000e+00
     29.548   70.57998 -162.49076     5.9514    30.8919    1469.85  0.000e+00
     29.501   70.57998 -162.49076     5.9518    30.8937    1469.85  0.000e+00
     29.501   70.57998 -162.49076     5.9525    30.8935    1469.86  0.000e+00
     29.548   70.57998 -162.49076     5.9529    30.8925    1469.86  0.000e+00
     29.563   70.57998 -162.49076     5.9530    30.8927    1469.86  0.000e+00
     29.609   70.57998 -162.49076     5.9535    30.8921    1469.86  0.000e+00
     29.563   70.57998 -162.49076     5.9541    30.8916    1469.86  0.000e+00
     29.617   70.57998 -162.49076     5.9546    30.8901    1469.86  0.000e+00
     29.609   70.57998 -162.49076     5.9552    30.8893    1469.87  0.000e+00
     29.679   70.57998 -162.49076     5.9554    30.8885    1469.87  0.000e+00
     29.609   70.57998 -162.49076     5.9554    30.8870    1469.86  0.000e+00
     29.679   70.57998 -162.49076     5.9551    30.8857    1469.86  0.000e+00
     29.617   70.57998 -162.49076     5.9548    30.8854    1469.86  0.000e+00
     29.663   70.57998 -162.49076     5.9545    30.8860    1469.86  0.000e+00
     29.733   70.57998 -162.49076     5.9542    30.8858    1469.86  0.000e+00
     29.663   70.57998 -162.49076     5.9537    30.8855    1469.85  0.000e+00
     29.733   70.57998 -162.49076     5.9532    30.8849    1469.85  0.000e+00
     29.733   70.57998 -162.49076     5.9527    30.8847    1469.85  0.000e+00
     29.717   70.57998 -162.49076     5.9527    30.8836    1469.85  0.000e+00
     29.733   70.57998 -162.49076     5.9527    30.8830    1469.85  0.000e+00
     29.794   70.57998 -162.49076     5.9527    30.8826    1469.85  0.000e+00
     29.779   70.57998 -162.49076     5.9526    30.8829    1469.85  0.000e+00
     29.794   70.57998 -162.49076     5.9522    30.8833    1469.85  0.000e+00
     29.833   70.57998 -162.49076     5.9521    30.8840    1469.85  0.000e+00
     29.794   70.57998 -162.49076     5.9519    30.8839    1469.85  0.000e+00
     29.848   70.57998 -162.49076     5.9521    30.8826    1469.85  0.000e+00
     29.833   70.57998 -162.49076     5.9521    30.8821    1469.85  0.000e+00
     29.902   70.57998 -162.49076     5.9519    30.8818    1469.85  0.000e+00
     29.833   70.57998 -162.49076     5.9524    30.8808    1469.85  0.000e+00
     29.902   70.57998 -162.49076     5.9526    30.8798    1469.85  0.000e+00
     29.902   70.57998 -162.49076     5.9533    30.8790    1469.85  0.000e+00
     29.894   70.57998 -162.49076     5.9537    30.8783    1469.85  0.000e+00
     29.902   70.57998 -162.49076     5.9540    30.8776    1469.85  0.000e+00
     29.948   70.57998 -162.49076     5.9543    30.8768    1469.85  0.000e+00
     29.964   70.57998 -162.49076     5.9545    30.8772    1469.85  0.000e+00
     29.964   70.57998 -162.49076     5.9540    30.8778    1469.85  0.000e+00
     29.948   70.57998 -162.49076     5.9539    30.8777    1469.85  0.000e+00
     30.018   70.57998 -162.49076     5.9540    30.8775    1469.85  0.000e+00
     29.894   70.57998 -162.49076     5.9535    30.8780    1469.85  0.000e+00
     30.133   70.57998 -162.49076     5.9535    30.8781    1469.85  0.000e+00
     30.018   70.57998 -162.49076     5.9535    30.8776    1469.85  0.000e+00
     30.010   70.57998 -162.49076     5.9527    30.8783    1469.85  0.000e+00
     30.079   70.57998 -162.49076     5.9528    30.8790    1469.85  0.000e+00
     30.079   70.57998 -162.49076     5.9527    30.8792    1469.85  0.000e+00
     30.064   70.57998 -162.49076     5.9524    30.8795    1469.85  0.000e+00
     30.079   70.57998 -162.49076     5.9525    30.8794    1469.85  0.000e+00
     30.118   70.57998 -162.49076     5.9524    30.8799    1469.85  0.000e+00
     30.079   70.57998 -162.49076     5.9524    30.8800    1469.85  0.000e+00
     30.195   70.57998 -162.49076     5.9527    30.8797    1469.85  0.000e+00
     30.118   70.57998 -162.49076     5.9527    30.8801    1469.85  0.000e+00
     30.133   70.57998 -162.49076     5.9528    30.8797    1469.85  0.000e+00
     30.180   70.57998 -162.49076     5.9527    30.8801    1469.85  0.000e+00
     30.195   70.57998 -162.49076     5.9528    30.8793    1469.85  0.000e+00
     30.195   70.57998 -162.49076     5.9527    30.8787    1469.85  0.000e+00
     30.234   70.57998 -162.49076     5.9529    30.8786    1469.85  0.000e+00
     30.195   70.57998 -162.49076     5.9532    30.8776    1469.85  0.000e+00
     30.249   70.57998 -162.49076     5.9530    30.8772    1469.85  0.000e+00
     30.234   70.57998 -162.49076     5.9530    30.8764    1469.85  0.000e+00
     30.249   70.57998 -162.49076     5.9532    30.8747    1469.85  0.000e+00
     30.234   70.57998 -162.49076     5.9532    30.8737    1469.85  0.000e+00
     30.249   70.57998 -162.49076     5.9528    30.8736    1469.85  0.000e+00
     30.303   70.57998 -162.49076     5.9527    30.8737    1469.85  0.000e+00
     30.295   70.57998 -162.49076     5.9527    30.8739    1469.85  0.000e+00
     30.303   70.57998 -162.49076     5.9524    30.8736    1469.85  0.000e+00
     30.365   70.57998 -162.49076     5.9524    30.8734    1469.85  0.000e+00
     30.295   70.57998 -162.49076     5.9519    30.8739    1469.84  0.000e+00
     30.365   70.57998 -162.49076     5.9519    30.8738    1469.84  0.000e+00
     30.349   70.57998 -162.49076     5.9516    30.8749    1469.84  0.000e+00
     30.365   70.57998 -162.49076     5.9511    30.8754    1469.84  0.000e+00
     30.365   70.57998 -162.49076     5.9509    30.8751    1469.84  0.000e+00
     30.411   70.57998 -162.49076     5.9506    30.8746    1469.84  0.000e+00
     30.365   70.57998 -162.49076     5.9503    30.8752    1469.84  0.000e+00
     30.465   70.57998 -162.49076     5.9500    30.8753    1469.84  0.000e+00
     30.419   70.57998 -162.49076     5.9498    30.8754    1469.84  0.000e+00
     30.365   70.57998 -162.49076     5.9497    30.8764    1469.84  0.000e+00
     30.465   70.57998 -162.49076     5.9495    30.8776    1469.84  0.000e+00
     30.419   70.57998 -162.49076     5.9494    30.8784    1469.84  0.000e+00
     30.480   70.57998 -162.49076     5.9494    30.8791    1469.84  0.000e+00
     30.465   70.57998 -162.49076     5.9494    30.8812    1469.85  0.000e+00
     30.480   70.57998 -162.49076     5.9494    30.8848    1469.85  0.000e+00
     30.527   70.57998 -162.49076     5.9494    30.8883    1469.86  0.000e+00
     30.480   70.57998 -162.49076     5.9492    30.8903    1469.86  0.000e+00
     30.534   70.57998 -162.49076     5.9494    30.8902    1469.86  0.000e+00
     30.526   70.57998 -162.49076     5.9492    30.8909    1469.86  0.000e+00
     30.480   70.57998 -162.49076     5.9497    30.8917    1469.86  0.000e+00
     30.596   70.57998 -162.49076     5.9495    30.8927    1469.86  0.000e+00
     30.526   70.57998 -162.49076     5.9497    30.8931    1469.86  0.000e+00
     30.596   70.57998 -162.49076     5.9495    30.8930    1469.86  0.000e+00
     30.580   70.57998 -162.49076     5.9497    30.8934    1469.86  0.000e+00
     30.596   70.57998 -162.49076     5.9497    30.8951    1469.87  0.000e+00
     30.596   70.57998 -162.49076     5.9500    30.8963    1469.87  0.000e+00
     30.634   70.57998 -162.49076     5.9500    30.8972    1469.87  0.000e+00
     30.596   70.57998 -162.49076     5.9506    30.9009    1469.88  0.000e+00
     30.650   70.57998 -162.49076     5.9513    30.9049    1469.89  0.000e+00
     30.634   70.57998 -162.49076     5.9525    30.9087    1469.90  0.000e+00
     30.650   70.57998 -162.49076     5.9540    30.9113    1469.90  0.000e+00
     30.696   70.57998 -162.49076     5.9551    30.9156    1469.92  0.000e+00
     30.650   70.57998 -162.49076     5.9566    30.9198    1469.93  0.000e+00
     30.704   70.57998 -162.49076     5.9579    30.9207    1469.93  0.000e+00
     30.696   70.57998 -162.49076     5.9589    30.9199    1469.94  0.000e+00
     30.650   70.57998 -162.49076     5.9594    30.9198    1469.94  0.000e+00
     30.765   70.57998 -162.49076     5.9598    30.9201    1469.94  0.000e+00
     30.696   70.57998 -162.49076     5.9602    30.9198    1469.94  0.000e+00
     30.765   70.57998 -162.49076     5.9603    30.9198    1469.94  0.000e+00
     30.750   70.57998 -162.49076     5.9607    30.9214    1469.95  0.000e+00
     30.765   70.57998 -162.49076     5.9609    30.9226    1469.95  0.000e+00
     30.819   70.57998 -162.49076     5.9613    30.9239    1469.95  0.000e+00
     30.812   70.57998 -162.49076     5.9613    30.9256    1469.96  0.000e+00
     30.819   70.57998 -162.49076     5.9618    30.9264    1469.96  0.000e+00
     30.819   70.57998 -162.49076     5.9617    30.9277    1469.96  0.000e+00
     30.812   70.57998 -162.49076     5.9621    30.9279    1469.96  0.000e+00
     30.881   70.57998 -162.49076     5.9620    30.9287    1469.96  0.000e+00
     30.881   70.57998 -162.49076     5.9623    30.9292    1469.96  0.000e+00
     30.866   70.57998 -162.49076     5.9623    30.9294    1469.96  0.000e+00
     30.881   70.57998 -162.49076     5.9626    30.9293    1469.97  0.000e+00
     30.866   70.57998 -162.49076     5.9627    30.9293    1469.97  0.000e+00
     30.935   70.57998 -162.49076     5.9626    30.9302    1469.97  0.000e+00
