EcoFOCI/data/1_SampleCollection/2023_SikuliaqDBO_CruiseData/CTD_raw_BottleFile_SKQ23-12S/proc/skq202312s_061avg.cnv
* Sea-Bird SBE 9 Data File:
* FileName = D:\CTD\SKQ202312S\SKQ202312S_061.hex
* Software Version Seasave V 7.26.7.121
* Temperature SN = 6177
* Conductivity SN = 0369
* Number of Bytes Per Scan = 41
* Number of Voltage Words = 4
* Number of Scans Averaged by the Deck Unit = 1
* NMEA Latitude = 71 36.10 N
* NMEA Longitude = 165 18.30 W
* NMEA UTC (Time) = Sep 27 2023  23:24:16
* NMEA baud rate = 4800
** Ship: R/V Sikuliaq
** Station Number: 061
** Station Name: IC3
** Bottom Depth: 42
** Operator: SS
** Recast for bottom water
# nquan = 25
# nvalues = 36                          
# units = specified
# name 0 = depSM: Depth [salt water, m]
# name 1 = latitude: Latitude [deg]
# name 2 = longitude: Longitude [deg]
# name 3 = prDM: Pressure, Digiquartz [db]
# name 4 = t090C: Temperature [ITS-90, deg C]
# name 5 = t190C: Temperature, 2 [ITS-90, deg C]
# name 6 = potemp090C: Potential Temperature [ITS-90, deg C]
# name 7 = sal00: Salinity, Practical [PSU]
# name 8 = sal11: Salinity, Practical, 2 [PSU]
# name 9 = density00: Density [density, kg/m^3]
# name 10 = sigma-é00: Density [sigma-theta, kg/m^3]
# name 11 = sbox0Mm/Kg: Oxygen, SBE 43 [umol/kg]
# name 12 = sbox1Mm/Kg: Oxygen, SBE 43, 2 [umol/kg]
# name 13 = oxsolMm/Kg: Oxygen Saturation, Garcia & Gordon [umol/kg]
# name 14 = sbeox0PS: Oxygen, SBE 43 [% saturation]
# name 15 = sbeox1PS: Oxygen, SBE 43, 2 [% saturation]
# name 16 = v0: Voltage 0
# name 17 = flECO-AFL: Fluorescence, WET Labs ECO-AFL/FL [mg/m^3]
# name 18 = v1: Voltage 1
# name 19 = CStarAt0: Beam Attenuation, WET Labs C-Star [1/m]
# name 20 = par: PAR/Irradiance, Biospherical/Licor
# name 21 = scan: Scan Count
# name 22 = timeM: Time, Elapsed [minutes]
# name 23 = nbin: number of scans per bin
# name 24 = flag: flag
# span 0 =      2.969,     37.608       
# span 1 =   71.60162,   71.60162       
# span 2 = -165.30500, -165.30498       
# span 3 =      3.000,     38.000       
# span 4 =    -1.0711,     3.1818       
# span 5 =    -1.0679,     3.1927       
# span 6 =    -1.0719,     3.1807       
# span 7 =    30.4310,    32.5005       
# span 8 =    30.4421,    32.5371       
# span 9 =  1024.2806,  1026.3017       
# span 10 =    24.2654,    26.1292      
# span 11 =    263.228,    375.916      
# span 12 =    241.188,    357.603      
# span 13 =  331.59228,  365.03130      
# span 14 =     72.120,    106.074      
# span 15 =     66.093,    100.480      
# span 16 =     0.0788,     0.4560      
# span 17 =     0.1251,     2.3883      
# span 18 =     3.1167,     4.2302      
# span 19 =     0.4317,     1.6540      
# span 20 = 1.0383e+00, 1.1568e+02      
# span 21 =        130,       3621      
# span 22 =     0.0892,     2.5136      
# span 23 =          1,        506      
# span 24 = 0.0000e+00, 0.0000e+00      
# interval = decibars: 1                
# start_time = Sep 27 2023 23:27:17 [NMEA time, first data scan]
# bad_flag = -9.990e-29
*END*
      2.969   71.60162 -165.30500      3.000     2.6700     2.6780     2.6699    30.4325    30.4481  1024.2806    24.2664    325.999    311.085  336.68957     96.825     92.425     0.0788     0.1251     4.2200     0.4415 1.1568e+02        130     0.0892        360 0.0000e+00
      3.959   71.60162 -165.30500      4.000     2.6678     2.6685     2.6676    30.4310    30.4421  1024.2843    24.2654    326.493    310.833  336.71176     96.965     92.324     0.0789     0.1252     4.2296     0.4323 9.9081e+01        449     0.3111        118 0.0000e+00
      4.949   71.60162 -165.30500      5.000     2.6695     2.6693     2.6692    30.4326    30.4428  1024.2901    24.2665    326.130    311.407  336.69411     96.863     92.497     0.0821     0.1446     4.2220     0.4396 8.8447e+01        558     0.3869        151 0.0000e+00
      5.939   71.60162 -165.30500      6.000     2.6753     2.6757     2.6750    30.4362    30.4472  1024.2973    24.2690    326.333    311.102  336.63586     96.939     92.424     0.0791     0.1265     4.2270     0.4348 7.6867e+01        700     0.4853        142 0.0000e+00
      6.928   71.60162 -165.30500      7.000     2.6779     2.6788     2.6776    30.4396    30.4495  1024.3045    24.2714    325.797    310.824  336.60515     96.789     92.350     0.0813     0.1395     4.2276     0.4342 6.7967e+01        842     0.5837        111 0.0000e+00
      7.918   71.60162 -165.30500      8.000     2.6845     2.6869     2.6841    30.4438    30.4554  1024.3121    24.2743    325.743    310.955  336.53920     96.792     92.411     0.0803     0.1336     4.2242     0.4374 6.1020e+01        977     0.6777        162 0.0000e+00
      8.908   71.60162 -165.30500      9.000     2.6816     2.6827     2.6811    30.4407    30.4519  1024.3146    24.2721    326.053    310.866  336.57117     96.875     92.373     0.0816     0.1417     4.2286     0.4332 5.4700e+01       1120     0.7769        124 0.0000e+00
      9.898   71.60162 -165.30500     10.000     2.6734     2.6750     2.6729    30.4345    30.4464  1024.3150    24.2677    326.137    311.125  336.65583     96.876     92.428     0.0809     0.1373     4.2287     0.4332 4.9284e+01       1256     0.8718        142 0.0000e+00
     10.887   71.60162 -165.30500     11.000     2.7199     2.7499     2.7193    30.4765    30.5038  1024.3497    24.2977    325.944    310.625  336.15817     96.962     92.493     0.0819     0.1435     4.2283     0.4336 4.4794e+01       1395     0.9681        125 0.0000e+00
     11.877   71.60162 -165.30500     12.000     2.7567     2.7539     2.7561    30.4985    30.5065  1024.3691    24.3125    326.016    310.542  335.79300     97.088     92.479     0.0816     0.1413     4.2271     0.4347 4.0363e+01       1480     1.0274         56 0.0000e+00
     12.867   71.60162 -165.30500     13.000     2.7602     2.7692     2.7595    30.5010    30.5166  1024.3756    24.3142    325.725    310.647  335.75743     97.012     92.553     0.0820     0.1440     4.2297     0.4322 3.7190e+01       1535     1.0654         54 0.0000e+00
     13.856   71.60162 -165.30500     14.000     2.7900     2.8002     2.7893    30.5249    30.5420  1024.3971    24.3310    324.831    310.043  335.44639     96.835     92.463     0.0803     0.1340     4.2302     0.4317 3.4374e+01       1585     1.1000         45 0.0000e+00
     14.846   71.60162 -165.30500     15.000     2.7898     2.8108     2.7890    30.5289    30.5478  1024.4050    24.3342    325.118    310.390  335.43842     96.923     92.594     0.0795     0.1289     4.2264     0.4353 3.0873e+01       1627     1.1289         41 0.0000e+00
     15.836   71.60162 -165.30500     16.000     2.8573     2.8460     2.8565    30.5738    30.5719  1024.4402    24.3648    324.551    310.003  334.76004     96.950     92.577     0.0796     0.1299     4.2101     0.4508 2.8723e+01       1673     1.1613         50 0.0000e+00
     16.826   71.60162 -165.30500     17.000     2.9232     2.9249     2.9223    30.6234    30.6205  1024.4793    24.3992    324.838    309.222  334.08539     97.232     92.559     0.0823     0.1454     4.2232     0.4383 2.5721e+01       1724     1.1962         48 0.0000e+00
     17.815   71.60162 -165.30500     18.000     2.9774     2.9814     2.9765    30.6501    30.6589  1024.5010    24.4162    325.115    310.250  333.56778     97.466     93.025     0.1009     0.2573     4.2203     0.4412 2.4120e+01       1770     1.2285         43 0.0000e+00
     18.805   71.60162 -165.30500     19.000     3.0002     3.0026     2.9992    30.6598    30.6696  1024.5115    24.4220    324.319    310.013  333.35489     97.289     93.010     0.0935     0.2131     4.2162     0.4450 2.1926e+01       1815     1.2600         48 0.0000e+00
     19.795   71.60162 -165.30500     20.000     3.0487     3.0595     3.0476    30.6945    30.6993  1024.5400    24.4458    323.794    309.556  332.86610     97.275     93.025     0.0927     0.2080     4.2208     0.4407 2.0250e+01       1866     1.2951         48 0.0000e+00
     20.784   71.60162 -165.30500     21.000     3.1818     3.1927     3.1807    30.7654    30.7695  1024.5902    24.4914    322.917    308.000  331.59228     97.384     92.913     0.1004     0.2546     4.2184     0.4429 1.8663e+01       1912     1.3274         45 0.0000e+00
     21.774   71.60162 -165.30500     22.000     2.8601     2.7592     2.8590    31.0705    31.1809  1024.8636    24.7599    324.872    311.629  333.50378     97.411     93.280     0.1038     0.2748     4.1959     0.4644 1.7202e+01       1958     1.3590         46 0.0000e+00
     22.764   71.60162 -165.30500     23.000     1.4423     1.4220     1.4413    32.0761    32.1182  1025.7768    25.6677    322.448    313.506  342.94300     94.026     91.400     0.1362     0.4692     4.1699     0.4892 1.5936e+01       2012     1.3964         57 0.0000e+00
     23.753   71.60162 -165.30500     24.000     1.1784     1.1760     1.1774    32.1556    32.1892  1025.8619    25.7479    355.008    325.968  345.05651    102.875     94.479     0.1672     0.6551     4.1208     0.5367 1.4622e+01       2063     1.4316         42 0.0000e+00
     24.743   71.60162 -165.30500     25.000     0.7712     0.7516     0.7703    32.2469    32.2964  1025.9639    25.8449    367.552    346.394  348.44793    105.488     99.400     0.1906     0.7959     4.0728     0.5842 1.3207e+01       2106     1.4617         46 0.0000e+00
     25.733   71.60162 -165.30500     26.000     0.3250     0.3174     0.3241    32.3742    32.4084  1026.0953    25.9712    359.310    342.073  352.14782    102.034     97.146     0.2546     1.1801     4.0375     0.6187 1.1794e+01       2153     1.4941         46 0.0000e+00
     26.722   71.60162 -165.30498     27.000     0.0697     0.0587     0.0689    32.4170    32.4526  1026.1471    26.0180    375.916    356.102  354.38292    106.074    100.480     0.3006     1.4557     4.0439     0.6121 1.0514e+01       2201     1.5275         51 0.0000e+00
     27.712   71.60162 -165.30498     28.000    -0.2163    -0.2374    -0.2171    32.4277    32.4740  1026.1735    26.0394    373.533    357.603  357.02268    104.628    100.148     0.3986     2.0435     3.9606     0.6953 9.3040e+00       2256     1.5661         52 0.0000e+00
     28.702   71.60162 -165.30499     29.000    -0.6523    -0.6635    -0.6530    32.4491    32.4868  1026.2134    26.0741    362.976    347.609  361.09576    100.522     96.266     0.4560     2.3883     3.8063     0.8548 8.0584e+00       2302     1.5982         44 0.0000e+00
     29.691   71.60162 -165.30498     30.000    -0.5518    -0.6014    -0.5525    32.4205    32.4548  1026.1907    26.0467    322.750    308.906  360.23399     89.570     85.644     0.2983     1.4420     3.6523     1.0205 6.9658e+00       2393     1.6610        148 0.0000e+00
     30.681   71.60162 -165.30498     31.000    -1.0399    -0.9837    -1.0406    32.5005    32.5371  1026.2784    26.1292    301.176    294.561  364.68867     82.584     80.913     0.2554     1.1845     3.2562     1.4782 5.9609e+00       2560     1.7768        150 0.0000e+00
     31.671   71.60162 -165.30498     32.000    -0.9733    -0.9913    -0.9740    32.4778    32.5070  1026.2625    26.1085    274.496    258.274  364.11059     75.389     70.916     0.1971     0.8344     3.2069     1.5401 4.9713e+00       2848     1.9770        506 0.0000e+00
     32.660   71.60162 -165.30498     33.000    -1.0711    -1.0679    -1.0719    32.4886    32.5073  1026.2793    26.1204    269.329    252.038  365.03130     73.782     69.062     0.1649     0.6413     3.1804     1.5731 3.9726e+00       3228     2.2407        123 0.0000e+00
     33.650   71.60162 -165.30498     34.000    -1.0644    -1.0639    -1.0652    32.4869    32.5058  1026.2825    26.1188    264.599    247.241  364.97117     72.498     67.754     0.1652     0.6433     3.1647     1.5930 3.1217e+00       3298     2.2899         80 0.0000e+00
     34.640   71.60162 -165.30498     35.000    -1.0655    -1.0648    -1.0663    32.4869    32.5069  1026.2873    26.1188    263.660    244.947  364.98173     72.239     67.124     0.1620     0.6241     3.1322     1.6343 2.3994e+00       3384     2.3493         80 0.0000e+00
     35.629   71.60162 -165.30499     36.000    -1.0660    -1.0650    -1.0668    32.4870    32.5063  1026.2922    26.1189    263.392    242.000  364.98613     72.165     66.316     0.1659     0.6476     3.1167     1.6540 1.8233e+00       3458     2.4009         72 0.0000e+00
     36.619   71.60162 -165.30500     37.000    -1.0658    -1.0649    -1.0666    32.4864    32.5046  1026.2966    26.1184    263.228    241.188  364.98521     72.120     66.093     0.1610     0.6179     3.1201     1.6497 1.3552e+00       3544     2.4603         89 0.0000e+00
     37.608   71.60162 -165.30500     38.000    -1.0656    -1.0654    -1.0664    32.4867    32.5044  1026.3017    26.1187    263.427    241.952  364.98308     72.175     66.301     0.1699     0.6709     3.1237     1.6451 1.0383e+00       3621     2.5136          1 0.0000e+00
