EcoFOCI/data/1_SampleCollection/2023_SikuliaqDBO_CruiseData/CTD_raw_BottleFile_SKQ23-12S/proc/skq202312s_042svp.cnv
* Sea-Bird SBE 9 Data File:
* FileName = D:\CTD\SKQ202312S\SKQ202312S_042.hex
* Software Version Seasave V 7.26.7.121
* Temperature SN = 6177
* Conductivity SN = 0369
* Number of Bytes Per Scan = 41
* Number of Voltage Words = 4
* Number of Scans Averaged by the Deck Unit = 1
* NMEA Latitude = 71 27.22 N
* NMEA Longitude = 161 02.26 W
* NMEA UTC (Time) = Sep 24 2023  04:51:21
* NMEA baud rate = 4800
** Ship: R/V Sikuliaq
** Station Number: 042
** Station Name: DBO4.3n
** Bottom Depth: 47
** Operator: SD
# nquan = 7
# nvalues = 5011                                  
# units = specified
# name 0 = depSM: Depth [salt water, m]
# name 1 = latitude: Latitude [deg]
# name 2 = longitude: Longitude [deg]
# name 3 = t090C: Temperature [ITS-90, deg C]
# name 4 = sal00: Salinity, Practical [PSU]
# name 5 = svCM: Sound Velocity [Chen-Millero, m/s]
# name 6 = flag:  0.000e+00
# span 0 =      2.349,     41.855                 
# span 1 =   71.45354,   71.45358                 
# span 2 = -161.03786, -161.03778                 
# span 3 =    -1.6139,     2.1756                 
# span 4 =    27.2189,    32.6070                 
# span 5 =    1438.84,    1449.16                 
# span 6 = 0.0000e+00, 0.0000e+00                 
# interval = seconds: 0.0416667
# start_time = Sep 24 2023 04:55:17 [NMEA time, first data scan]
# bad_flag = -9.990e-29
*END*
[from data line 4103]
     41.686   71.45356 -161.03784    -1.5929    32.5935    1439.10  0.000e+00
     41.632   71.45356 -161.03784    -1.5929    32.5931    1439.10  0.000e+00
     41.686   71.45356 -161.03784    -1.5930    32.5929    1439.10  0.000e+00
     41.686   71.45356 -161.03784    -1.5933    32.5928    1439.10  0.000e+00
     41.686   71.45356 -161.03784    -1.5936    32.5932    1439.09  0.000e+00
     41.679   71.45356 -161.03784    -1.5937    32.5937    1439.09  0.000e+00
     41.686   71.45356 -161.03784    -1.5939    32.5939    1439.09  0.000e+00
     41.632   71.45356 -161.03784    -1.5939    32.5946    1439.09  0.000e+00
     41.686   71.45356 -161.03784    -1.5937    32.5941    1439.10  0.000e+00
     41.686   71.45356 -161.03784    -1.5933    32.5939    1439.10  0.000e+00
     41.632   71.45356 -161.03784    -1.5937    32.5943    1439.09  0.000e+00
     41.686   71.45356 -161.03784    -1.5941    32.5949    1439.09  0.000e+00
     41.625   71.45356 -161.03784    -1.5939    32.5940    1439.09  0.000e+00
     41.686   71.45356 -161.03784    -1.5939    32.5945    1439.09  0.000e+00
     41.632   71.45356 -161.03784    -1.5931    32.5940    1439.10  0.000e+00
     41.686   71.45356 -161.03784    -1.5923    32.5930    1439.10  0.000e+00
     41.632   71.45356 -161.03784    -1.5919    32.5927    1439.10  0.000e+00
     41.686   71.45356 -161.03784    -1.5913    32.5917    1439.10  0.000e+00
     41.632   71.45356 -161.03784    -1.5907    32.5910    1439.10  0.000e+00
     41.679   71.45356 -161.03784    -1.5901    32.5898    1439.11  0.000e+00
     41.632   71.45356 -161.03784    -1.5906    32.5903    1439.10  0.000e+00
     41.632   71.45356 -161.03784    -1.5906    32.5905    1439.10  0.000e+00
     41.632   71.45356 -161.03784    -1.5910    32.5908    1439.10  0.000e+00
     41.632   71.45356 -161.03784    -1.5918    32.5915    1439.10  0.000e+00
     41.632   71.45356 -161.03784    -1.5922    32.5918    1439.10  0.000e+00
     41.686   71.45356 -161.03782    -1.5929    32.5924    1439.10  0.000e+00
     41.625   71.45356 -161.03782    -1.5929    32.5921    1439.10  0.000e+00
     41.571   71.45356 -161.03782    -1.5924    32.5913    1439.10  0.000e+00
     41.686   71.45356 -161.03782    -1.5922    32.5911    1439.10  0.000e+00
     41.632   71.45356 -161.03782    -1.5919    32.5911    1439.10  0.000e+00
     41.632   71.45356 -161.03782    -1.5916    32.5904    1439.10  0.000e+00
     41.632   71.45356 -161.03782    -1.5915    32.5900    1439.10  0.000e+00
     41.632   71.45356 -161.03782    -1.5911    32.5897    1439.10  0.000e+00
     41.625   71.45356 -161.03782    -1.5911    32.5899    1439.10  0.000e+00
     41.632   71.45356 -161.03782    -1.5910    32.5896    1439.10  0.000e+00
     41.571   71.45356 -161.03782    -1.5906    32.5892    1439.10  0.000e+00
     41.632   71.45356 -161.03782    -1.5906    32.5891    1439.10  0.000e+00
     41.632   71.45356 -161.03782    -1.5904    32.5891    1439.10  0.000e+00
     41.632   71.45356 -161.03782    -1.5906    32.5893    1439.10  0.000e+00
     41.571   71.45356 -161.03782    -1.5904    32.5894    1439.10  0.000e+00
     41.625   71.45356 -161.03782    -1.5907    32.5893    1439.10  0.000e+00
     41.632   71.45356 -161.03782    -1.5910    32.5896    1439.10  0.000e+00
     41.632   71.45356 -161.03782    -1.5918    32.5907    1439.10  0.000e+00
     41.632   71.45356 -161.03782    -1.5927    32.5915    1439.10  0.000e+00
     41.632   71.45356 -161.03782    -1.5931    32.5919    1439.09  0.000e+00
     41.632   71.45356 -161.03782    -1.5939    32.5925    1439.09  0.000e+00
     41.632   71.45356 -161.03782    -1.5939    32.5926    1439.09  0.000e+00
     41.625   71.45356 -161.03782    -1.5934    32.5922    1439.09  0.000e+00
     41.571   71.45356 -161.03782    -1.5931    32.5920    1439.09  0.000e+00
     41.632   71.45356 -161.03784    -1.5930    32.5920    1439.10  0.000e+00
     41.632   71.45356 -161.03784    -1.5934    32.5924    1439.09  0.000e+00
     41.632   71.45356 -161.03784    -1.5937    32.5926    1439.09  0.000e+00
     41.632   71.45356 -161.03784    -1.5945    32.5932    1439.09  0.000e+00
     41.632   71.45356 -161.03784    -1.5946    32.5934    1439.09  0.000e+00
     41.625   71.45356 -161.03784    -1.5941    32.5929    1439.09  0.000e+00
     41.632   71.45356 -161.03784    -1.5939    32.5928    1439.09  0.000e+00
     41.632   71.45356 -161.03784    -1.5933    32.5921    1439.09  0.000e+00
     41.632   71.45356 -161.03784    -1.5929    32.5919    1439.10  0.000e+00
     41.632   71.45356 -161.03784    -1.5927    32.5915    1439.10  0.000e+00
     41.632   71.45356 -161.03784    -1.5924    32.5909    1439.10  0.000e+00
     41.632   71.45356 -161.03784    -1.5927    32.5916    1439.10  0.000e+00
     41.625   71.45356 -161.03784    -1.5925    32.5914    1439.10  0.000e+00
     41.632   71.45356 -161.03784    -1.5921    32.5910    1439.10  0.000e+00
     41.686   71.45356 -161.03784    -1.5919    32.5906    1439.10  0.000e+00
     41.632   71.45356 -161.03784    -1.5918    32.5904    1439.10  0.000e+00
     41.632   71.45356 -161.03784    -1.5916    32.5905    1439.10  0.000e+00
     41.632   71.45356 -161.03784    -1.5913    32.5902    1439.10  0.000e+00
     41.625   71.45356 -161.03784    -1.5911    32.5900    1439.10  0.000e+00
     41.686   71.45356 -161.03784    -1.5910    32.5899    1439.10  0.000e+00
     41.632   71.45356 -161.03784    -1.5911    32.5902    1439.10  0.000e+00
     41.686   71.45356 -161.03784    -1.5908    32.5899    1439.10  0.000e+00
     41.632   71.45356 -161.03784    -1.5907    32.5896    1439.10  0.000e+00
     41.686   71.45356 -161.03784    -1.5911    32.5901    1439.10  0.000e+00
     41.632   71.45356 -161.03784    -1.5910    32.5903    1439.10  0.000e+00
     41.679   71.45356 -161.03784    -1.5907    32.5901    1439.10  0.000e+00
     41.632   71.45356 -161.03784    -1.5908    32.5900    1439.10  0.000e+00
     41.686   71.45356 -161.03784    -1.5907    32.5899    1439.10  0.000e+00
     41.686   71.45356 -161.03784    -1.5908    32.5904    1439.10  0.000e+00
     41.632   71.45356 -161.03784    -1.5911    32.5906    1439.10  0.000e+00
     41.686   71.45356 -161.03784    -1.5911    32.5908    1439.10  0.000e+00
     41.686   71.45356 -161.03784    -1.5913    32.5909    1439.10  0.000e+00
     41.679   71.45356 -161.03784    -1.5913    32.5910    1439.10  0.000e+00
     41.686   71.45356 -161.03784    -1.5913    32.5917    1439.10  0.000e+00
     41.632   71.45356 -161.03784    -1.5911    32.5912    1439.10  0.000e+00
     41.686   71.45356 -161.03784    -1.5910    32.5912    1439.10  0.000e+00
     41.740   71.45356 -161.03784    -1.5910    32.5913    1439.11  0.000e+00
     41.632   71.45356 -161.03784    -1.5911    32.5910    1439.10  0.000e+00
     41.740   71.45356 -161.03784    -1.5916    32.5918    1439.10  0.000e+00
     41.678   71.45356 -161.03784    -1.5916    32.5915    1439.10  0.000e+00
     41.686   71.45356 -161.03784    -1.5915    32.5916    1439.10  0.000e+00
     41.686   71.45356 -161.03784    -1.5915    32.5918    1439.10  0.000e+00
     41.740   71.45356 -161.03784    -1.5916    32.5918    1439.10  0.000e+00
     41.686   71.45356 -161.03784    -1.5916    32.5914    1439.10  0.000e+00
     41.686   71.45356 -161.03784    -1.5915    32.5916    1439.10  0.000e+00
     41.740   71.45356 -161.03784    -1.5913    32.5917    1439.10  0.000e+00
     41.740   71.45356 -161.03784    -1.5911    32.5914    1439.10  0.000e+00
     41.686   71.45356 -161.03784    -1.5913    32.5914    1439.10  0.000e+00
     41.686   71.45356 -161.03784    -1.5915    32.5915    1439.10  0.000e+00
     41.740   71.45356 -161.03784    -1.5919    32.5923    1439.10  0.000e+00
     41.686   71.45356 -161.03784    -1.5918    32.5924    1439.10  0.000e+00
     41.740   71.45356 -161.03784    -1.5921    32.5924    1439.10  0.000e+00
     41.740   71.45356 -161.03784    -1.5922    32.5926    1439.10  0.000e+00
     41.678   71.45356 -161.03784    -1.5921    32.5923    1439.10  0.000e+00
     41.740   71.45356 -161.03784    -1.5921    32.5921    1439.10  0.000e+00
     41.686   71.45356 -161.03784    -1.5921    32.5922    1439.10  0.000e+00
     41.740   71.45356 -161.03784    -1.5919    32.5919    1439.10  0.000e+00
     41.740   71.45356 -161.03784    -1.5921    32.5918    1439.10  0.000e+00
     41.740   71.45356 -161.03784    -1.5918    32.5919    1439.10  0.000e+00
     41.686   71.45356 -161.03784    -1.5919    32.5921    1439.10  0.000e+00
     41.740   71.45356 -161.03784    -1.5919    32.5923    1439.10  0.000e+00
     41.740   71.45356 -161.03784    -1.5916    32.5917    1439.10  0.000e+00
     41.686   71.45356 -161.03784    -1.5916    32.5918    1439.10  0.000e+00
     41.740   71.45356 -161.03784    -1.5916    32.5917    1439.10  0.000e+00
     41.740   71.45356 -161.03784    -1.5915    32.5916    1439.10  0.000e+00
     41.686   71.45356 -161.03784    -1.5916    32.5917    1439.10  0.000e+00
     41.740   71.45356 -161.03784    -1.5916    32.5914    1439.10  0.000e+00
     41.740   71.45356 -161.03784    -1.5915    32.5915    1439.10  0.000e+00
     41.686   71.45356 -161.03784    -1.5915    32.5913    1439.10  0.000e+00
     41.740   71.45356 -161.03784    -1.5911    32.5910    1439.10  0.000e+00
     41.740   71.45356 -161.03784    -1.5907    32.5900    1439.10  0.000e+00
     41.740   71.45356 -161.03784    -1.5907    32.5905    1439.11  0.000e+00
     41.686   71.45356 -161.03784    -1.5910    32.5906    1439.10  0.000e+00
     41.740   71.45356 -161.03784    -1.5910    32.5908    1439.10  0.000e+00
     41.740   71.45356 -161.03784    -1.5915    32.5912    1439.10  0.000e+00
     41.686   71.45356 -161.03784    -1.5916    32.5910    1439.10  0.000e+00
     41.740   71.45356 -161.03784    -1.5916    32.5914    1439.10  0.000e+00
     41.686   71.45356 -161.03784    -1.5918    32.5920    1439.10  0.000e+00
     41.740   71.45356 -161.03784    -1.5921    32.5920    1439.10  0.000e+00
     41.686   71.45356 -161.03784    -1.5924    32.5922    1439.10  0.000e+00
     41.740   71.45356 -161.03784    -1.5927    32.5925    1439.10  0.000e+00
     41.740   71.45356 -161.03784    -1.5925    32.5923    1439.10  0.000e+00
     41.686   71.45356 -161.03784    -1.5927    32.5926    1439.10  0.000e+00
     41.686   71.45356 -161.03784    -1.5925    32.5919    1439.10  0.000e+00
     41.740   71.45356 -161.03784    -1.5925    32.5922    1439.10  0.000e+00
     41.740   71.45356 -161.03784    -1.5927    32.5925    1439.10  0.000e+00
     41.686   71.45356 -161.03784    -1.5929    32.5928    1439.10  0.000e+00
     41.686   71.45356 -161.03784    -1.5929    32.5925    1439.10  0.000e+00
     41.678   71.45356 -161.03784    -1.5927    32.5925    1439.10  0.000e+00
     41.740   71.45356 -161.03784    -1.5927    32.5925    1439.10  0.000e+00
     41.686   71.45356 -161.03784    -1.5929    32.5924    1439.10  0.000e+00
     41.686   71.45356 -161.03784    -1.5930    32.5930    1439.10  0.000e+00
     41.686   71.45356 -161.03784    -1.5929    32.5928    1439.10  0.000e+00
     41.740   71.45356 -161.03784    -1.5928    32.5925    1439.10  0.000e+00
     41.686   71.45356 -161.03784    -1.5924    32.5919    1439.10  0.000e+00
     41.740   71.45356 -161.03784    -1.5924    32.5919    1439.10  0.000e+00
     41.686   71.45356 -161.03784    -1.5919    32.5917    1439.10  0.000e+00
     41.686   71.45356 -161.03784    -1.5921    32.5913    1439.10  0.000e+00
     41.686   71.45356 -161.03784    -1.5922    32.5916    1439.10  0.000e+00
     41.686   71.45356 -161.03784    -1.5925    32.5918    1439.10  0.000e+00
     41.686   71.45356 -161.03784    -1.5927    32.5922    1439.10  0.000e+00
     41.740   71.45356 -161.03784    -1.5930    32.5926    1439.10  0.000e+00
     41.678   71.45356 -161.03784    -1.5931    32.5928    1439.10  0.000e+00
     41.632   71.45356 -161.03784    -1.5933    32.5930    1439.09  0.000e+00
     41.686   71.45356 -161.03784    -1.5934    32.5932    1439.10  0.000e+00
     41.686   71.45356 -161.03784    -1.5930    32.5926    1439.10  0.000e+00
     41.686   71.45356 -161.03784    -1.5923    32.5921    1439.10  0.000e+00
     41.632   71.45356 -161.03784    -1.5921    32.5919    1439.10  0.000e+00
     41.686   71.45356 -161.03784    -1.5918    32.5912    1439.10  0.000e+00
     41.678   71.45356 -161.03784    -1.5916    32.5912    1439.10  0.000e+00
     41.632   71.45356 -161.03784    -1.5916    32.5914    1439.10  0.000e+00
     41.686   71.45356 -161.03784    -1.5918    32.5913    1439.10  0.000e+00
     41.632   71.45356 -161.03784    -1.5922    32.5919    1439.10  0.000e+00
     41.686   71.45356 -161.03784    -1.5924    32.5922    1439.10  0.000e+00
     41.632   71.45356 -161.03784    -1.5921    32.5921    1439.10  0.000e+00
     41.632   71.45356 -161.03784    -1.5919    32.5916    1439.10  0.000e+00
     41.624   71.45356 -161.03784    -1.5918    32.5914    1439.10  0.000e+00
     41.686   71.45356 -161.03784    -1.5918    32.5912    1439.10  0.000e+00
     41.632   71.45356 -161.03784    -1.5919    32.5915    1439.10  0.000e+00
     41.632   71.45356 -161.03784    -1.5919    32.5911    1439.10  0.000e+00
     41.632   71.45356 -161.03784    -1.5919    32.5913    1439.10  0.000e+00
     41.632   71.45356 -161.03784    -1.5918    32.5915    1439.10  0.000e+00
     41.632   71.45356 -161.03784    -1.5916    32.5909    1439.10  0.000e+00
     41.624   71.45356 -161.03784    -1.5916    32.5911    1439.10  0.000e+00
     41.632   71.45356 -161.03784    -1.5918    32.5913    1439.10  0.000e+00
     41.570   71.45356 -161.03784    -1.5921    32.5912    1439.10  0.000e+00
     41.632   71.45356 -161.03784    -1.5919    32.5913    1439.10  0.000e+00
     41.632   71.45356 -161.03784    -1.5924    32.5918    1439.10  0.000e+00
     41.570   71.45356 -161.03784    -1.5924    32.5920    1439.10  0.000e+00
     41.632   71.45356 -161.03784    -1.5925    32.5918    1439.10  0.000e+00
     41.624   71.45356 -161.03784    -1.5925    32.5919    1439.10  0.000e+00
     41.570   71.45356 -161.03784    -1.5927    32.5923    1439.10  0.000e+00
     41.632   71.45356 -161.03784    -1.5923    32.5913    1439.10  0.000e+00
     41.570   71.45356 -161.03784    -1.5925    32.5913    1439.10  0.000e+00
     41.632   71.45356 -161.03784    -1.5930    32.5916    1439.09  0.000e+00
     41.570   71.45356 -161.03784    -1.5939    32.5925    1439.09  0.000e+00
     41.632   71.45356 -161.03784    -1.5939    32.5920    1439.09  0.000e+00
     41.570   71.45356 -161.03784    -1.5939    32.5923    1439.09  0.000e+00
     41.632   71.45356 -161.03784    -1.5941    32.5925    1439.09  0.000e+00
     41.570   71.45356 -161.03784    -1.5936    32.5915    1439.09  0.000e+00
     41.632   71.45356 -161.03784    -1.5936    32.5915    1439.09  0.000e+00
     41.570   71.45356 -161.03784    -1.5936    32.5914    1439.09  0.000e+00
     41.632   71.45356 -161.03784    -1.5933    32.5911    1439.09  0.000e+00
     41.570   71.45356 -161.03784    -1.5934    32.5909    1439.09  0.000e+00
     41.570   71.45354 -161.03784    -1.5931    32.5909    1439.09  0.000e+00
     41.632   71.45354 -161.03784    -1.5934    32.5914    1439.09  0.000e+00
     41.570   71.45354 -161.03784    -1.5933    32.5914    1439.09  0.000e+00
     41.632   71.45354 -161.03784    -1.5930    32.5911    1439.09  0.000e+00
     41.570   71.45354 -161.03784    -1.5930    32.5916    1439.09  0.000e+00
     41.632   71.45354 -161.03784    -1.5931    32.5922    1439.09  0.000e+00
     41.570   71.45354 -161.03784    -1.5925    32.5916    1439.10  0.000e+00
     41.632   71.45354 -161.03784    -1.5919    32.5916    1439.10  0.000e+00
     41.632   71.45354 -161.03784    -1.5916    32.5911    1439.10  0.000e+00
     41.570   71.45354 -161.03784    -1.5913    32.5911    1439.10  0.000e+00
     41.632   71.45354 -161.03784    -1.5916    32.5914    1439.10  0.000e+00
