EcoFOCI/data/1_SampleCollection/2023_SikuliaqDBO_CruiseData/CTD_raw_BottleFile_SKQ23-12S/proc/skq202312s_032avg.cnv
* Sea-Bird SBE 9 Data File:
* FileName = D:\CTD\SKQ202312S\SKQ202312S_032.hex
* Software Version Seasave V 7.26.7.121
* Temperature SN = 6177
* Conductivity SN = 0369
* Number of Bytes Per Scan = 41
* Number of Voltage Words = 4
* Number of Scans Averaged by the Deck Unit = 1
* NMEA Latitude = 71 32.18 N
* NMEA Longitude = 157 45.08 W
* NMEA UTC (Time) = Sep 21 2023  12:37:07
* NMEA baud rate = 4800
** Ship: R/V Sikuliaq
** Station Number: 032
** Station Name: DBO5.8
** Bottom Depth: 72
** Operator: SD
# nquan = 25
# nvalues = 64                          
# units = specified
# name 0 = depSM: Depth [salt water, m]
# name 1 = latitude: Latitude [deg]
# name 2 = longitude: Longitude [deg]
# name 3 = prDM: Pressure, Digiquartz [db]
# name 4 = t090C: Temperature [ITS-90, deg C]
# name 5 = t190C: Temperature, 2 [ITS-90, deg C]
# name 6 = potemp090C: Potential Temperature [ITS-90, deg C]
# name 7 = sal00: Salinity, Practical [PSU]
# name 8 = sal11: Salinity, Practical, 2 [PSU]
# name 9 = density00: Density [density, kg/m^3]
# name 10 = sigma-é00: Density [sigma-theta, kg/m^3]
# name 11 = sbox0Mm/Kg: Oxygen, SBE 43 [umol/kg]
# name 12 = sbox1Mm/Kg: Oxygen, SBE 43, 2 [umol/kg]
# name 13 = oxsolMm/Kg: Oxygen Saturation, Garcia & Gordon [umol/kg]
# name 14 = sbeox0PS: Oxygen, SBE 43 [% saturation]
# name 15 = sbeox1PS: Oxygen, SBE 43, 2 [% saturation]
# name 16 = v0: Voltage 0
# name 17 = flECO-AFL: Fluorescence, WET Labs ECO-AFL/FL [mg/m^3]
# name 18 = v1: Voltage 1
# name 19 = CStarAt0: Beam Attenuation, WET Labs C-Star [1/m]
# name 20 = par: PAR/Irradiance, Biospherical/Licor
# name 21 = scan: Scan Count
# name 22 = timeM: Time, Elapsed [minutes]
# name 23 = nbin: number of scans per bin
# name 24 = flag: flag
# span 0 =      2.969,     65.316       
# span 1 =   71.53636,   71.53644       
# span 2 = -157.75158, -157.75112       
# span 3 =      3.000,     66.000       
# span 4 =    -1.6082,     2.3654       
# span 5 =    -1.6065,     2.3669       
# span 6 =    -1.6091,     2.3650       
# span 7 =    29.6890,    32.9199       
# span 8 =    29.6978,    32.9331       
# span 9 =  1023.7131,  1026.8024       
# span 10 =    23.6952,    26.4839      
# span 11 =    273.967,    412.764      
# span 12 =    260.950,    394.438      
# span 13 =  340.98363,  369.60884      
# span 14 =     74.332,    115.517      
# span 15 =     70.812,    110.030      
# span 16 =     0.0688,     0.1640      
# span 17 =     0.0650,     0.6363      
# span 18 =     2.9136,     4.1754      
# span 19 =     0.4839,     1.9234      
# span 20 = -3.924e-06, 3.5962e-01      
# span 21 =        -94,       6885      
# span 22 =    -0.0660,     4.7803      
# span 23 =         21,        527      
# span 24 = 0.0000e+00, 0.0000e+00      
# interval = decibars: 1                
# start_time = Sep 21 2023 12:41:52 [NMEA time, first data scan]
# bad_flag = -9.990e-29
*END*
      2.969   71.53641 -157.75122      3.000     2.3496     2.3522     2.3495    29.6929    29.7017  1023.7131    23.6988    351.258    334.411  341.32752    102.909     97.986     0.1555     0.5846     4.1430     0.5151 3.5962e-01        -94    -0.0660        131 0.0000e+00
      3.959   71.53644 -157.75116      4.000     2.3568     2.3598     2.3566    29.6890    29.6978  1023.7142    23.6952    350.781    335.695  341.27602    102.785     98.379     0.1566     0.5914     4.1426     0.5155 3.2870e-01        438     0.3035        258 0.0000e+00
      4.949   71.53644 -157.75116      5.000     2.3608     2.3629     2.3606    29.6908    29.7003  1023.7201    23.6964    351.002    334.452  341.23718    102.862     98.024     0.1526     0.5672     4.1424     0.5157 2.3251e-01        501     0.3473         34 0.0000e+00
      5.939   71.53644 -157.75112      6.000     2.3602     2.3626     2.3600    29.6930    29.7028  1023.7266    23.6982    351.330    335.023  341.23597    102.958     98.192     0.1562     0.5894     4.1435     0.5147 1.1220e-01        738     0.5115        243 0.0000e+00
      6.928   71.53644 -157.75112      7.000     2.3625     2.3647     2.3622    29.6953    29.7053  1023.7330    23.6999    351.224    335.667  341.21092    102.934     98.388     0.1515     0.5611     4.1434     0.5148 1.1458e-01        832     0.5768         32 0.0000e+00
      7.918   71.53643 -157.75113      8.000     2.3651     2.3667     2.3647    29.7055    29.7143  1023.7458    23.7079    351.406    335.875  341.16182    103.003     98.461     0.1548     0.5809     4.1437     0.5145 7.3262e-02       1016     0.7045         93 0.0000e+00
      8.908   71.53642 -157.75116      9.000     2.3654     2.3669     2.3650    29.7730    29.7541  1023.8044    23.7617    351.640    336.538  340.98363    103.125     98.686     0.1609     0.6176     4.1419     0.5161 2.8452e-02       1218     0.8450        204 0.0000e+00
      9.898   71.53642 -157.75118     10.000     1.5078     1.3778     1.5074    30.9499    31.1046  1024.8072    24.7597    368.234    349.534  345.36944    106.613    100.980     0.1640     0.6363     4.1166     0.5407 1.1614e-02       1340     0.9300        145 0.0000e+00
     10.887   71.53642 -157.75122     11.000     0.0870     0.1548     0.0867    31.5965    31.5960  1025.4081    25.3554    411.830    391.547  356.49512    115.517    110.030     0.1536     0.5734     4.1252     0.5323 5.2522e-03       1527     1.0594        173 0.0000e+00
     11.877   71.53642 -157.75123     12.000    -0.2243    -0.3458    -0.2246    31.7397    31.8124  1025.5414    25.4838    412.764    394.438  359.03347    114.960    109.572     0.1359     0.4676     4.1216     0.5359 2.5258e-03       1671     1.1596        168 0.0000e+00
     12.867   71.53642 -157.75124     13.000    -0.6808    -0.6835    -0.6811    31.9575    31.9731  1025.7397    25.6772    400.962    387.277  362.77150    110.534    106.761     0.1305     0.4349     4.1270     0.5306 3.0316e-04       1803     1.2515         84 0.0000e+00
     13.857   71.53642 -157.75125     14.000    -0.8864    -0.8872    -0.8867    32.0254    32.0287  1025.8067    25.7393    397.085    375.945  364.55938    108.921    103.123     0.1300     0.4319     4.1478     0.5105 -3.924e-06       1932     1.3413        109 0.0000e+00
     14.846   71.53642 -157.75126     15.000    -0.9134    -0.9102    -0.9137    32.0586    32.0680  1025.8392    25.7670    378.115    364.450  364.72789    103.671     99.940     0.1126     0.3275     4.1562     0.5024 3.7904e-06       2029     1.4082        100 0.0000e+00
     15.836   71.53642 -157.75126     16.000    -0.9486    -0.9479    -0.9490    32.0842    32.0935  1025.8660    25.7889    354.556    341.722  364.99738     97.140     93.632     0.1088     0.3048     4.1572     0.5015 3.7427e-06       2095     1.4541         43 0.0000e+00
     16.826   71.53644 -157.75127     17.000    -0.9487    -0.9583    -0.9490    32.0896    32.1083  1025.8751    25.7933    347.208    332.188  364.98252     95.130     91.005     0.1109     0.3171     4.1542     0.5043 6.4860e-06       2192     1.5217        116 0.0000e+00
     17.815   71.53642 -157.75128     18.000    -1.0862    -1.0858    -1.0866    32.1378    32.1486  1025.9232    25.8365    350.456    334.171  366.18835     95.704     91.265     0.1074     0.2964     4.1359     0.5220 4.0571e-06       2251     1.5628         36 0.0000e+00
     18.805   71.53643 -157.75128     19.000    -1.0862    -1.0865    -1.0867    32.1910    32.1983  1025.9712    25.8796    357.354    342.650  366.03564     97.630     93.617     0.1092     0.3071     4.1424     0.5157 3.8550e-06       2318     1.6093         90 0.0000e+00
     19.795   71.53644 -157.75127     20.000    -1.1249    -1.1268    -1.1253    32.2169    32.2285  1025.9982    25.9018    364.841    349.395  366.33991     99.591     95.379     0.1018     0.2631     4.1253     0.5323 5.3153e-06       2383     1.6545         40 0.0000e+00
     20.784   71.53643 -157.75128     21.000    -1.1790    -1.1850    -1.1794    32.2421    32.2565  1026.0250    25.9237    358.182    341.339  366.79860     97.651     93.055     0.0903     0.1937     4.1439     0.5142 5.8474e-06       2440     1.6939         82 0.0000e+00
     21.774   71.53643 -157.75128     22.000    -1.2064    -1.1991    -1.2069    32.2703    32.2785  1026.0535    25.9474    350.338    333.076  366.98645     95.464     90.783     0.0902     0.1935     4.1471     0.5111 5.2054e-06       2505     1.7388         34 0.0000e+00
     22.764   71.53644 -157.75128     23.000    -1.2195    -1.2167    -1.2200    32.2864    32.2963  1026.0717    25.9608    348.041    332.294  367.06925     94.816     90.540     0.0844     0.1585     4.1453     0.5129 5.4614e-06       2559     1.7766        106 0.0000e+00
     23.753   71.53643 -157.75128     24.000    -1.2351    -1.2404    -1.2356    32.2965    32.3123  1026.0852    25.9694    343.621    327.602  367.19348     93.580     89.216     0.0875     0.1771     4.1451     0.5131 4.5531e-06       2648     1.8384         31 0.0000e+00
     24.743   71.53642 -157.75128     25.000    -1.2956    -1.2970    -1.2961    32.3329    32.3453  1026.1212    26.0006    343.394    327.229  367.68493     93.394     89.002     0.0824     0.1466     4.1498     0.5085 5.2608e-06       2668     1.8519         21 0.0000e+00
     25.733   71.53642 -157.75128     26.000    -1.3306    -1.3297    -1.3311    32.3469    32.3578  1026.1384    26.0129    343.802    328.380  367.99031     93.427     89.246     0.0775     0.1171     4.1601     0.4986 5.9617e-06       2694     1.8704         38 0.0000e+00
     26.722   71.53644 -157.75127     27.000    -1.3205    -1.3233    -1.3210    32.3462    32.3597  1026.1424    26.0121    329.439    314.285  367.89243     89.548     85.431     0.0785     0.1234     4.1569     0.5017 4.8509e-06       2803     1.9461         34 0.0000e+00
     27.712   71.53642 -157.75128     28.000    -1.3825    -1.3838    -1.3830    32.3805    32.3930  1026.1767    26.0416    329.060    314.209  368.40671     89.320     85.294     0.0779     0.1192     4.1641     0.4948 6.3861e-06       2829     1.9636         25 0.0000e+00
     28.702   71.53642 -157.75128     29.000    -1.4558    -1.4472    -1.4564    32.3984    32.4072  1026.1980    26.0580    329.074    313.755  369.08269     89.160     85.035     0.0771     0.1150     4.1735     0.4858 6.4092e-06       2879     1.9988         78 0.0000e+00
     29.691   71.53642 -157.75128     30.000    -1.4974    -1.4979    -1.4979    32.4266    32.4386  1026.2267    26.0819    323.487    307.784  369.41421     87.567     83.324     0.0780     0.1202     4.1754     0.4839 6.2221e-06       2942     2.0421         34 0.0000e+00
     30.681   71.53642 -157.75126     31.000    -1.4982    -1.4970    -1.4988    32.4458    32.4565  1026.2472    26.0974    319.974    305.037  369.36625     86.628     82.593     0.0744     0.0986     4.1706     0.4885 6.6083e-06       2973     2.0636         32 0.0000e+00
     31.671   71.53642 -157.75126     32.000    -1.5086    -1.5065    -1.5092    32.4606    32.4722  1026.2643    26.1098    318.358    303.036  369.42695     86.176     82.041     0.0760     0.1079     4.1652     0.4938 6.4613e-06       3019     2.0958         63 0.0000e+00
     32.660   71.53642 -157.75127     33.000    -1.5049    -1.5035    -1.5055    32.4858    32.4977  1026.2895    26.1302    315.046    300.570  369.31611     85.305     81.396     0.0797     0.1301     4.1688     0.4903 6.3970e-06       3079     2.1372         45 0.0000e+00
     33.650   71.53642 -157.75127     34.000    -1.5007    -1.4986    -1.5013    32.4993    32.5099  1026.3052    26.1410    314.338    300.523  369.23457     85.132     81.402     0.0747     0.1001     4.1716     0.4876 7.0301e-06       3125     2.1693         61 0.0000e+00
     34.640   71.53642 -157.75127     35.000    -1.5048    -1.5048    -1.5055    32.5145    32.5258  1026.3224    26.1534    316.599    301.223  369.23176     85.745     81.588     0.0758     0.1070     4.1699     0.4892 6.1885e-06       3187     2.2127         46 0.0000e+00
     35.629   71.53642 -157.75126     36.000    -1.5137    -1.5120    -1.5143    32.5281    32.5385  1026.3385    26.1647    316.746    302.214  369.28036     85.774     81.849     0.0740     0.0959     4.1670     0.4920 6.1424e-06       3232     2.2439         58 0.0000e+00
     36.619   71.53642 -157.75128     37.000    -1.5133    -1.5118    -1.5140    32.5366    32.5474  1026.3502    26.1715    315.804    300.859  369.25174     85.526     81.488     0.0743     0.0980     4.1684     0.4906 7.2978e-06       3292     2.2856         47 0.0000e+00
     37.608   71.53642 -157.75128     38.000    -1.5150    -1.5135    -1.5157    32.5521    32.5624  1026.3677    26.1842    314.005    299.461  369.22355     85.045     81.116     0.0733     0.0915     4.1690     0.4901 6.7903e-06       3325     2.3086         30 0.0000e+00
     38.598   71.53642 -157.75128     39.000    -1.5280    -1.5251    -1.5287    32.5826    32.5915  1026.3976    26.2093    312.376    298.497  369.26355     84.594     80.848     0.0740     0.0958     4.1682     0.4909 6.3774e-06       3367     2.3376         63 0.0000e+00
     39.588   71.53642 -157.75128     40.000    -1.5215    -1.5142    -1.5222    32.5696    32.5620  1026.3917    26.1986    308.589    293.679  369.23683     83.575     79.548     0.0751     0.1024     4.1665     0.4925 6.7856e-06       3455     2.3988         62 0.0000e+00
     40.577   71.53642 -157.75128     41.000    -1.5358    -1.5341    -1.5365    32.6182    32.6284  1026.4364    26.2384    307.532    293.167  369.23747     83.288     79.408     0.0697     0.0700     4.1677     0.4914 6.1048e-06       3486     2.4203         32 0.0000e+00
     41.567   71.53642 -157.75128     42.000    -1.5369    -1.5347    -1.5376    32.6347    32.6425  1026.4546    26.2518    307.631    294.089  369.20003     83.324     79.665     0.0697     0.0704     4.1685     0.4905 6.7781e-06       3532     2.4519         69 0.0000e+00
     42.556   71.53642 -157.75128     43.000    -1.5380    -1.5345    -1.5388    32.6479    32.6486  1026.4702    26.2626    304.060    289.264  369.17285     82.362     78.362     0.0733     0.0919     4.1670     0.4920 6.1128e-06       3606     2.5033         45 0.0000e+00
     43.546   71.53642 -157.75128     44.000    -1.5394    -1.5378    -1.5402    32.6758    32.6865  1026.4976    26.2852    302.622    287.891  369.10525     81.988     78.007     0.0698     0.0708     4.1677     0.4914 5.8366e-06       3635     2.5233         29 0.0000e+00
     44.536   71.53642 -157.75128     45.000    -1.5424    -1.5411    -1.5433    32.6885    32.6989  1026.5129    26.2957    302.167    288.040  369.09860     81.866     78.048     0.0696     0.0697     4.1590     0.4997 6.7460e-06       3665     2.5443         36 0.0000e+00
     45.525   71.53642 -157.75128     46.000    -1.5565    -1.5563    -1.5574    32.6987    32.7102  1026.5264    26.3043    300.229    286.301  369.20914     81.317     77.552     0.0725     0.0868     4.1288     0.5289 5.7664e-06       3720     2.5828         69 0.0000e+00
     46.515   71.53642 -157.75128     47.000    -1.5780    -1.5780    -1.5788    32.7085    32.7196  1026.5397    26.3128    297.215    283.041  369.39421     80.460     76.630     0.0729     0.0893     4.1011     0.5558 6.6717e-06       3782     2.6256         51 0.0000e+00
     47.504   71.53642 -157.75130     48.000    -1.6071    -1.6051    -1.6080    32.7345    32.7444  1026.5664    26.3346    295.769    281.794  369.60884     80.022     76.251     0.0761     0.1089     3.9928     0.6630 5.5401e-06       3830     2.6588         49 0.0000e+00
     48.494   71.53642 -157.75130     49.000    -1.6082    -1.6065    -1.6091    32.7479    32.7581  1026.5821    26.3455    294.588    280.655  369.58068     79.709     75.948     0.0805     0.1352     3.9455     0.7106 5.5160e-06       3877     2.6915         43 0.0000e+00
     49.483   71.53642 -157.75130     50.000    -1.5999    -1.5982    -1.6008    32.7613    32.7713  1026.5976    26.3562    292.178    277.581  369.45848     79.083     75.141     0.0813     0.1399     3.9444     0.7117 5.0274e-06       3919     2.7207         37 0.0000e+00
     50.473   71.53642 -157.75130     51.000    -1.5838    -1.5814    -1.5847    32.7707    32.7810  1026.6096    26.3634    289.865    275.525  369.27035     78.497     74.624     0.0893     0.1875     3.9406     0.7156 5.5639e-06       3963     2.7513         59 0.0000e+00
     51.463   71.53642 -157.75130     52.000    -1.5778    -1.5771    -1.5787    32.7805    32.7917  1026.6223    26.3712    287.893    274.502  369.18222     77.981     74.362     0.0807     0.1361     3.9393     0.7168 6.2657e-06       4031     2.7984         56 0.0000e+00
     52.452   71.53642 -157.75130     53.000    -1.5742    -1.5725    -1.5752    32.8096    32.8194  1026.6507    26.3948    287.618    274.220  369.06207     77.932     74.311     0.0746     0.0996     3.8746     0.7837 5.5740e-06       4069     2.8253         35 0.0000e+00
     53.441   71.53642 -157.75130     54.000    -1.5729    -1.5715    -1.5739    32.8139    32.8241  1026.6589    26.3982    287.472    274.169  369.03606     77.898     74.302     0.0704     0.0743     3.6886     0.9803 6.4081e-06       4104     2.8490         33 0.0000e+00
     54.431   71.53642 -157.75130     55.000    -1.5742    -1.5728    -1.5752    32.8100    32.8193  1026.6606    26.3951    285.785    271.814  369.06029     77.436     73.658     0.0699     0.0715     3.6666     1.0040 5.5002e-06       4161     2.8890         96 0.0000e+00
     55.420   71.53642 -157.75132     56.000    -1.5749    -1.5735    -1.5759    32.8070    32.8168  1026.6630    26.3927    283.287    270.178  369.07596     76.756     73.212     0.0709     0.0777     3.7230     0.9428 6.2228e-06       4232     2.9381         26 0.0000e+00
     56.410   71.53642 -157.75132     57.000    -1.5752    -1.5738    -1.5763    32.8162    32.8264  1026.6753    26.4002    282.955    270.468  369.05273     76.670     73.296     0.0703     0.0741     3.6354     1.0381 5.8978e-06       4254     2.9532         23 0.0000e+00
     57.400   71.53642 -157.75132     58.000    -1.5752    -1.5736    -1.5763    32.8165    32.8264  1026.6804    26.4004    283.500    270.637  369.05128     76.819     73.342     0.0696     0.0697     3.5936     1.0845 5.2206e-06       4306     2.9899         92 0.0000e+00
     58.389   71.53642 -157.75132     59.000    -1.5742    -1.5726    -1.5753    32.8304    32.8453  1026.6965    26.4117    282.334    269.415  369.00064     76.513     73.024     0.0698     0.0706     3.6326     1.0411 5.8598e-06       4374     3.0365         29 0.0000e+00
