EcoFOCI/data/1_SampleCollection/2023_SikuliaqDBO_CruiseData/CTD_raw_BottleFile_SKQ23-12S/proc/skq202312s_069.ros
* Sea-Bird SBE 9 Data File:
* FileName = D:\CTD\SKQ202312S\SKQ202312S_069.hex
* Software Version Seasave V 7.26.7.121
* Temperature SN = 6177
* Conductivity SN = 0369
* Number of Bytes Per Scan = 41
* Number of Voltage Words = 4
* Number of Scans Averaged by the Deck Unit = 1
* NMEA Latitude = 67 46.99 N
* NMEA Longitude = 168 35.84 W
* NMEA UTC (Time) = Sep 30 2023  01:24:11
* NMEA baud rate = 4800
** Ship: R/V Sikuliaq
** Station Number: 069
** Station Name: DBO3.7
** Bottom Depth: 50
** Operator: SD
# nquan = 22
# nvalues = 882                                   
# units = specified
# name 0 = depSM: Depth [salt water, m]
# name 1 = latitude: Latitude [deg]
# name 2 = longitude: Longitude [deg]
# name 3 = prDM: Pressure, Digiquartz [db]
# name 4 = t090C: Temperature [ITS-90, deg C]
# name 5 = t190C: Temperature, 2 [ITS-90, deg C]
# name 6 = potemp090C: Potential Temperature [ITS-90, deg C]
# name 7 = sal00: Salinity, Practical [PSU]
# name 8 = sal11: Salinity, Practical, 2 [PSU]
# name 9 = density00: Density [density, kg/m^3]
# name 10 = sigma-é00: Density [sigma-theta, kg/m^3]
# name 11 = sbox0Mm/Kg: Oxygen, SBE 43 [umol/kg]
# name 12 = sbox1Mm/Kg: Oxygen, SBE 43, 2 [umol/kg]
# name 13 = oxsolMm/Kg: Oxygen Saturation, Garcia & Gordon [umol/kg]
# name 14 = sbeox0PS: Oxygen, SBE 43 [% saturation]
# name 15 = v0: Voltage 0
# name 16 = flECO-AFL: Fluorescence, WET Labs ECO-AFL/FL [mg/m^3]
# name 17 = CStarAt0: Beam Attenuation, WET Labs C-Star [1/m]
# name 18 = par: PAR/Irradiance, Biospherical/Licor
# name 19 = scan: Scan Count
# name 20 = nbf: Bottles Fired
# name 21 = flag:  0.000e+00
# interval = seconds: 0.0416667
# start_time = Sep 30 2023 01:27:32 [NMEA time, first data scan]
# bad_flag = -9.990e-29
*END*
[from data line 330]
     30.239   67.78276 -168.59788     30.546     4.1561     3.9555     4.1542    30.8603    30.8833  1024.6228    24.4800    294.476    280.194  323.53839     91.017     0.0989     0.2454     0.5651 1.5861e+00      11666          7  0.000e+00
     30.200   67.78276 -168.59788     30.507     4.1631     3.9614     4.1612    30.8672    30.8743  1024.6275    24.4848    294.438    280.116  323.46665     91.026     0.0989     0.2454     0.5651 1.5861e+00      11667          7  0.000e+00
     30.185   67.78276 -168.59788     30.492     4.1778     3.9877     4.1759    30.8802    30.8591  1024.6363    24.4937    294.314    279.905  323.31963     91.029     0.0989     0.2454     0.5639 1.5765e+00      11668          7  0.000e+00
     30.138   67.78276 -168.59788     30.445     4.1990     3.9916     4.1970    30.8841    30.8625  1024.6371    24.4948    294.147    279.815  323.14459     91.027     0.0989     0.2454     0.5603 1.5765e+00      11669          7  0.000e+00
     30.200   67.78276 -168.59788     30.507     4.2173     3.9634     4.2153    30.8739    30.8832  1024.6275    24.4849    294.030    279.929  323.02585     91.024     0.0989     0.2454     0.5603 1.5765e+00      11670          7  0.000e+00
     30.185   67.78276 -168.59788     30.492     4.2289     3.9306     4.2269    30.8668    30.8996  1024.6207    24.4782    294.159    280.289  322.95212     91.084     0.0989     0.2454     0.5603 1.5909e+00      11671          7  0.000e+00
     30.138   67.78276 -168.59788     30.445     4.2374     3.9206     4.2354    30.8628    30.9048  1024.6165    24.4742    294.115    280.505  322.89539     91.087     0.1001     0.2527     0.5603 1.5957e+00      11672          7  0.000e+00
     30.185   67.78276 -168.59788     30.492     4.2396     3.9392     4.2377    30.8657    30.8992  1024.6188    24.4762    294.101    280.154  322.87074     91.089     0.0965     0.2308     0.5603 1.5957e+00      11673          7  0.000e+00
     30.138   67.78276 -168.59788     30.445     4.2403     3.9651     4.2383    30.8681    30.8923  1024.6204    24.4781    294.086    279.928  322.85993     91.088     0.0916     0.2015     0.5603 1.5861e+00      11674          7  0.000e+00
     30.131   67.78276 -168.59788     30.437     4.2448     3.9907     4.2428    30.8697    30.8857  1024.6212    24.4790    294.031    279.696  322.82065     91.082     0.0891     0.1868     0.5603 1.5813e+00      11675          7  0.000e+00
     30.138   67.78276 -168.59788     30.445     4.2576     4.0038     4.2556    30.9075    30.8897  1024.6500    24.5077    293.854    279.742  322.62894     91.081     0.0904     0.1941     0.5603 1.5813e+00      11676          7  0.000e+00
     30.138   67.78276 -168.59788     30.445     4.2928     4.0030     4.2909    30.9788    30.9011  1024.7031    24.5609    293.410    279.699  322.18123     91.070     0.0904     0.1941     0.5603 1.5813e+00      11677          7  0.000e+00
     30.131   67.78276 -168.59788     30.437     4.3603     3.9945     4.3583    31.0305    30.9099  1024.7375    24.5953    292.740    279.711  321.53120     91.046     0.0904     0.1941     0.5603 1.5813e+00      11678          7  0.000e+00
     30.201   67.78276 -168.59788     30.508     5.4956     5.4921     5.4933    30.8789    30.8243  1024.4975    24.3559    290.296    275.460  313.27584     92.665     0.0891     0.1868     0.5389 1.6005e+00      11802          8  0.000e+00
     30.185   67.78276 -168.59788     30.492     5.4903     5.4737     5.4880    30.8822    30.8315  1024.5006    24.3590    290.589    275.433  313.30726     92.749     0.0891     0.1868     0.5401 1.6005e+00      11803          8  0.000e+00
     30.201   67.78276 -168.59788     30.508     5.4872     5.4479     5.4850    30.8834    30.8436  1024.5020    24.3604    290.484    275.281  313.32715     92.709     0.0891     0.1868     0.5389 1.5957e+00      11804          8  0.000e+00
     30.185   67.78276 -168.59788     30.492     5.4890     5.4238     5.4868    30.8793    30.8569  1024.4985    24.3569    290.512    275.453  313.32335     92.720     0.0904     0.1941     0.5401 1.5957e+00      11805          8  0.000e+00
     30.201   67.78276 -168.59788     30.508     5.4892     5.4254     5.4869    30.8767    30.8516  1024.4964    24.3548    290.541    275.329  313.32835     92.727     0.0891     0.1868     0.5401 1.6005e+00      11806          8  0.000e+00
     30.201   67.78276 -168.59788     30.508     5.4909     5.4386     5.4887    30.8738    30.8425  1024.4940    24.3524    290.545    274.960  313.32203     92.731     0.0891     0.1868     0.5401 1.6053e+00      11807          8  0.000e+00
     30.185   67.78276 -168.59788     30.492     5.4953     5.4511     5.4931    30.8727    30.8409  1024.4925    24.3509    290.918    274.943  313.29201     92.859     0.0879     0.1795     0.5389 1.6053e+00      11808          8  0.000e+00
     30.139   67.78276 -168.59788     30.445     5.5007     5.4533     5.4984    30.8739    30.8470  1024.4926    24.3513    290.514    274.836  313.24953     92.742     0.0891     0.1868     0.5389 1.6102e+00      11809          8  0.000e+00
     30.185   67.78276 -168.59788     30.492     5.5047     5.4343     5.5024    30.8772    30.8641  1024.4950    24.3535    290.485    275.040  313.21247     92.744     0.0879     0.1795     0.5389 1.6151e+00      11810          8  0.000e+00
     30.201   67.78276 -168.59788     30.508     5.5077     5.4283     5.5054    30.8812    30.8672  1024.4979    24.3564    290.420    275.012  313.18053     92.733     0.0891     0.1868     0.5389 1.6102e+00      11811          8  0.000e+00
     30.185   67.78276 -168.59788     30.492     5.5117     5.4389     5.5094    30.8834    30.8612  1024.4991    24.3576    290.542    274.898  313.14586     92.782     0.0891     0.1868     0.5389 1.6102e+00      11812          8  0.000e+00
     30.139   67.78276 -168.59788     30.445     5.5147     5.4570     5.5125    30.8839    30.8573  1024.4990    24.3577    289.882    274.722  313.12202     92.578     0.0891     0.1868     0.5389 1.6102e+00      11813          8  0.000e+00
     30.185   67.78276 -168.59788     30.492     5.5172     5.4619     5.5149    30.8847    30.8643  1024.4996    24.3581    290.174    274.619  313.10188     92.677     0.0891     0.1868     0.5389 1.6053e+00      11814          8  0.000e+00
     30.201   67.78276 -168.59788     30.508     5.5195     5.4577     5.5173    30.8867    30.8710  1024.5009    24.3593    290.108    274.779  313.08024     92.662     0.0891     0.1868     0.5389 1.6053e+00      11815          8  0.000e+00
     30.201   67.78276 -168.59788     30.508     5.5211     5.4501     5.5189    30.8869    30.8749  1024.5009    24.3593    290.243    275.004  313.06790     92.709     0.0891     0.1868     0.5389 1.6005e+00      11816          8  0.000e+00
     30.131   67.78276 -168.59788     30.437     5.5242     5.4421     5.5219    30.8815    30.8782  1024.4959    24.3547    290.193    275.065  313.05771     92.696     0.0891     0.1868     0.5389 1.6005e+00      11817          8  0.000e+00
     30.201   67.78276 -168.59788     30.508     5.5264     5.4277     5.5242    30.8770    30.8892  1024.4925    24.3509    290.141    275.340  313.05167     92.682     0.0879     0.1795     0.5389 1.6005e+00      11818          8  0.000e+00
     30.131   67.78276 -168.59788     30.437     5.5266     5.4208     5.5243    30.8775    30.8981  1024.4925    24.3513    290.079    275.394  313.04947     92.662     0.0891     0.1868     0.5389 1.6053e+00      11819          8  0.000e+00
     30.201   67.78276 -168.59788     30.508     5.5268     5.4411     5.5245    30.8780    30.8912  1024.4932    24.3516    290.010    275.286  313.04680     92.641     0.0891     0.1868     0.5389 1.6053e+00      11820          8  0.000e+00
     30.131   67.78276 -168.59788     30.437     5.5264     5.4684     5.5242    30.8781    30.8825  1024.4930    24.3518    289.930    275.325  313.04923     92.615     0.0891     0.1868     0.5389 1.6053e+00      11821          8  0.000e+00
     30.201   67.78276 -168.59788     30.508     5.5266     5.4901     5.5244    30.8759    30.8756  1024.4916    24.3500    289.845    275.257  313.05278     92.587     0.0891     0.1868     0.5389 1.6102e+00      11822          8  0.000e+00
     30.139   67.78276 -168.59790     30.445     5.5276     5.4997     5.5253    30.8737    30.8713  1024.4894    24.3482    289.770    275.445  313.05109     92.563     0.0891     0.1868     0.5389 1.6102e+00      11823          8  0.000e+00
     30.131   67.78276 -168.59790     30.437     5.5269     5.4982     5.5246    30.8722    30.8666  1024.4883    24.3470    289.666    275.549  313.05959     92.528     0.0891     0.1868     0.5389 1.6151e+00      11824          8  0.000e+00
     30.201   67.78276 -168.59790     30.508     5.5253     5.4903     5.5231    30.8698    30.8651  1024.4870    24.3454    289.594    275.893  313.07639     92.499     0.0891     0.1868     0.5389 1.6151e+00      11825          8  0.000e+00
     30.131   67.78276 -168.59790     30.437     5.5210     5.4753     5.5187    30.8670    30.8734  1024.4849    24.3436    289.560    276.279  313.11538     92.477     0.0891     0.1868     0.5389 1.6199e+00      11826          8  0.000e+00
     30.201   67.78276 -168.59790     30.508     5.5147     5.4586     5.5125    30.8693    30.8843  1024.4877    24.3461    289.496    276.509  313.15613     92.445     0.0879     0.1795     0.5389 1.6151e+00      11827          8  0.000e+00
     30.131   67.78276 -168.59790     30.438     5.5104     5.4443     5.5082    30.8714    30.8908  1024.4896    24.3483    289.433    276.722  313.18320     92.416     0.0879     0.1795     0.5389 1.6102e+00      11828          8  0.000e+00
     30.139   67.78276 -168.59790     30.445     5.5090     5.4405     5.5067    30.8696    30.8894  1024.4883    24.3470    289.380    277.055  313.19799     92.395     0.0867     0.1721     0.5389 1.6102e+00      11829          8  0.000e+00
     30.185   67.78276 -168.59790     30.492     5.5056     5.4398     5.5034    30.8687    30.8874  1024.4882    24.3467    289.335    277.199  313.22487     92.373     0.0879     0.1795     0.5425 1.6102e+00      11830          8  0.000e+00
     30.139   67.78276 -168.59790     30.445     5.5018     5.4421     5.4996    30.8666    30.8867  1024.4867    24.3454    289.488    277.310  313.25814     92.412     0.0879     0.1795     0.5437 1.6151e+00      11831          8  0.000e+00
     30.139   67.78276 -168.59790     30.445     5.4968     5.4487     5.4946    30.8645    30.8871  1024.4857    24.3443    289.267    277.383  313.29990     92.329     0.0879     0.1795     0.5437 1.6248e+00      11832          8  0.000e+00
     30.131   67.78276 -168.59790     30.438     5.4924     5.4575     5.4901    30.8665    30.8864  1024.4877    24.3464    289.229    277.619  313.32840     92.309     0.0891     0.1868     0.5437 1.6248e+00      11833          8  0.000e+00
     30.139   67.78276 -168.59790     30.445     5.4886     5.4605     5.4863    30.8725    30.8855  1024.4929    24.3516    289.142    277.729  313.34261     92.277     0.0879     0.1795     0.5437 1.6151e+00      11834          8  0.000e+00
     30.185   67.78276 -168.59790     30.492     5.4888     5.4602     5.4866    30.8742    30.8843  1024.4945    24.3529    289.259    278.041  313.33682     92.316     0.0879     0.1795     0.5437 1.6053e+00      11835          8  0.000e+00
     30.139   67.78276 -168.59790     30.445     5.4880     5.4625     5.4858    30.8755    30.8815  1024.4953    24.3540    289.030    278.162  313.33961     92.242     0.0879     0.1795     0.5437 1.6102e+00      11836          8  0.000e+00
     30.131   67.78276 -168.59790     30.438     5.4860     5.4669     5.4837    30.8821    30.8761  1024.5008    24.3595    288.969    278.431  313.33939     92.222     0.0891     0.1868     0.5437 1.6102e+00      11837          8  0.000e+00
     30.139   67.78276 -168.59790     30.445     5.4839     5.4646     5.4817    30.8881    30.8763  1024.5057    24.3644    288.904    278.566  313.34076     92.201     0.0879     0.1795     0.5437 1.6102e+00      11838          8  0.000e+00
     30.139   67.78276 -168.59790     30.445     5.4841     5.4589     5.4818    30.8871    30.8790  1024.5049    24.3636    288.833    278.692  313.34196     92.178     0.0879     0.1795     0.5437 1.6102e+00      11839          8  0.000e+00
     30.185   67.78276 -168.59790     30.492     5.4841     5.4558     5.4818    30.8834    30.8798  1024.5022    24.3607    288.796    278.794  313.35054     92.164     0.0879     0.1795     0.5437 1.6053e+00      11840          8  0.000e+00
     30.085   67.78276 -168.59790     30.391     5.4818     5.4536     5.4796    30.8835    30.8808  1024.5021    24.3610    288.759    278.876  313.36711     92.147     0.0879     0.1795     0.5437 1.6053e+00      11841          8  0.000e+00
     30.185   67.78276 -168.59790     30.492     5.4817     5.4489     5.4794    30.8859    30.8848  1024.5045    24.3630    288.907    278.967  313.36259     92.196     0.0879     0.1795     0.5437 1.6005e+00      11842          8  0.000e+00
     30.139   67.78276 -168.59790     30.445     5.4852     5.4537     5.4829    30.8844    30.8810  1024.5027    24.3614    288.650    278.988  313.34013     92.120     0.0879     0.1795     0.5437 1.6053e+00      11843          8  0.000e+00
     30.131   67.78276 -168.59790     30.438     5.4882     5.4564     5.4860    30.8790    30.8810  1024.4980    24.3567    288.575    279.192  313.32991     92.099     0.0867     0.1721     0.5437 1.6102e+00      11844          8  0.000e+00
     30.139   67.78276 -168.59790     30.445     5.4882     5.4611     5.4860    30.8748    30.8785  1024.4948    24.3534    288.548    279.031  313.33967     92.088     0.0879     0.1795     0.5437 1.6102e+00      11845          8  0.000e+00
     30.131   67.78276 -168.59790     30.438     5.4864     5.4712     5.4842    30.8742    30.8727  1024.4944    24.3531    288.495    279.172  313.35451     92.067     0.0879     0.1795     0.5437 1.6102e+00      11846          8  0.000e+00
     30.139   67.78276 -168.59790     30.445     5.4833     5.4777     5.4810    30.8754    30.8703  1024.4958    24.3545    288.506    279.159  313.37521     92.064     0.0879     0.1795     0.5437 1.6102e+00      11847          8  0.000e+00
     30.139   67.78276 -168.59790     30.445     5.4804     5.4772     5.4782    30.8764    30.8723  1024.4969    24.3556    288.482    279.158  313.39392     92.051     0.0891     0.1868     0.5437 1.6102e+00      11848          8  0.000e+00
     30.131   67.78276 -168.59790     30.438     5.4788     5.4753     5.4765    30.8751    30.8733  1024.4960    24.3547    288.452    279.159  313.40918     92.037     0.0879     0.1795     0.5437 1.6102e+00      11849          8  0.000e+00
     30.139   67.78276 -168.59790     30.445     5.4764     5.4722     5.4742    30.8746    30.8748  1024.4960    24.3546    288.423    279.177  313.42783     92.022     0.0879     0.1795     0.5401 1.6199e+00      11850          8  0.000e+00
     20.128   67.78268 -168.59818     20.332     4.2770     4.5524     4.2757    30.2187    30.2950  1024.0542    23.9590    295.119    282.713  324.15036     91.044     0.1722     0.6850     0.6059 7.0927e+00      14691          9  0.000e+00
     20.051   67.78268 -168.59818     20.254     4.2849     4.5510     4.2836    30.2192    30.2985  1024.0534    23.9586    295.080    282.749  324.08698     91.050     0.1709     0.6776     0.6071 7.0927e+00      14692          9  0.000e+00
     19.997   67.78268 -168.59818     20.200     4.2918     4.5495     4.2905    30.2182    30.3009  1024.0517    23.9572    294.956    282.785  324.03497     91.026     0.1722     0.6850     0.6059 7.1130e+00      14693          9  0.000e+00
