EcoFOCI/data/1_SampleCollection/2023_SikuliaqDBO_CruiseData/CTD_raw_BottleFile_SKQ23-12S/proc/skq202312s_079.ros
* Sea-Bird SBE 9 Data File:
* FileName = D:\CTD\SKQ202312S\SKQ202312S_079.hex
* Software Version Seasave V 7.26.7.121
* Temperature SN = 6177
* Conductivity SN = 0369
* Number of Bytes Per Scan = 41
* Number of Voltage Words = 4
* Number of Scans Averaged by the Deck Unit = 1
* NMEA Latitude = 65 44.28 N
* NMEA Longitude = 168 38.83 W
* NMEA UTC (Time) = Oct 03 2023  07:05:08
* NMEA baud rate = 4800
** Ship: R/V Sikuliaq
** Station Number: 079
** Station Name: BS6
** Bottom Depth: 51
** Operator: SD
# nquan = 22
# nvalues = 784                                   
# units = specified
# name 0 = depSM: Depth [salt water, m]
# name 1 = latitude: Latitude [deg]
# name 2 = longitude: Longitude [deg]
# name 3 = prDM: Pressure, Digiquartz [db]
# name 4 = t090C: Temperature [ITS-90, deg C]
# name 5 = t190C: Temperature, 2 [ITS-90, deg C]
# name 6 = potemp090C: Potential Temperature [ITS-90, deg C]
# name 7 = sal00: Salinity, Practical [PSU]
# name 8 = sal11: Salinity, Practical, 2 [PSU]
# name 9 = density00: Density [density, kg/m^3]
# name 10 = sigma-é00: Density [sigma-theta, kg/m^3]
# name 11 = sbox0Mm/Kg: Oxygen, SBE 43 [umol/kg]
# name 12 = sbox1Mm/Kg: Oxygen, SBE 43, 2 [umol/kg]
# name 13 = oxsolMm/Kg: Oxygen Saturation, Garcia & Gordon [umol/kg]
# name 14 = sbeox0PS: Oxygen, SBE 43 [% saturation]
# name 15 = v0: Voltage 0
# name 16 = flECO-AFL: Fluorescence, WET Labs ECO-AFL/FL [mg/m^3]
# name 17 = CStarAt0: Beam Attenuation, WET Labs C-Star [1/m]
# name 18 = par: PAR/Irradiance, Biospherical/Licor
# name 19 = scan: Scan Count
# name 20 = nbf: Bottles Fired
# name 21 = flag:  0.000e+00
# interval = seconds: 0.0416667
# start_time = Oct 03 2023 07:08:37 [NMEA time, first data scan]
# bad_flag = -9.990e-29
*END*
[from data line 264]
     29.927   65.73768 -168.64844     30.227     2.8262     2.8269     2.8245    32.5665    32.7150  1026.0998    25.9577    253.933    246.994  329.98132     76.954     0.2662     1.2491     0.8509 1.0000e-12      10200          6  0.000e+00
     29.827   65.73768 -168.64844     30.126     2.8262     2.8267     2.8245    32.5668    32.7153  1026.0995    25.9580    253.975    246.988  329.98058     76.967     0.2650     1.2417     0.8509 1.0000e-12      10201          6  0.000e+00
     29.981   65.73768 -168.64844     30.282     2.8260     2.8268     2.8243    32.5665    32.7151  1026.1000    25.9577    253.992    246.991  329.98261     76.971     0.2662     1.2491     0.8509 1.0000e-12      10202          6  0.000e+00
     29.942   65.73768 -168.64844     30.243     2.8260     2.8268     2.8243    32.5664    32.7150  1026.0997    25.9576    254.039    246.968  329.98296     76.985     0.2650     1.2417     0.8509 1.0000e-12      10203          6  0.000e+00
     29.927   65.73768 -168.64844     30.227     2.8262     2.8267     2.8245    32.5662    32.7152  1026.0995    25.9575    253.830    246.948  329.98203     76.922     0.2650     1.2417     0.8509 1.0000e-12      10204          6  0.000e+00
     29.942   65.73768 -168.64844     30.243     2.8257     2.8267     2.8240    32.5661    32.7152  1026.0995    25.9574    254.031    246.931  329.98639     76.982     0.2650     1.2417     0.8509 1.0000e-12      10205          6  0.000e+00
     29.981   65.73768 -168.64844     30.282     2.8255     2.8267     2.8238    32.5660    32.7152  1026.0997    25.9574    254.047    246.720  329.98786     76.987     0.2650     1.2417     0.8509 1.0000e-12      10206          6  0.000e+00
     29.942   65.73768 -168.64844     30.243     2.8255     2.8270     2.8238    32.5667    32.7149  1026.1000    25.9579    254.058    246.681  329.98619     76.990     0.2662     1.2491     0.8509 1.0000e-12      10207          6  0.000e+00
     29.981   65.73768 -168.64844     30.282     2.8253     2.8268     2.8237    32.5659    32.7150  1026.0996    25.9573    253.856    246.626  329.98937     76.929     0.2650     1.2417     0.8522 1.0000e-12      10208          6  0.000e+00
     29.996   65.73768 -168.64844     30.297     2.8250     2.8270     2.8233    32.5661    32.7148  1026.0999    25.9575    254.094    246.593  329.99151     77.000     0.2662     1.2491     0.8560 1.0000e-12      10209          6  0.000e+00
     30.043   65.73768 -168.64844     30.344     2.8250     2.8271     2.8233    32.5668    32.7149  1026.1006    25.9580    254.110    246.565  329.98985     77.005     0.2650     1.2417     0.8573 1.0000e-12      10210          6  0.000e+00
     29.996   65.73768 -168.64844     30.297     2.8249     2.8270     2.8232    32.5668    32.7149  1026.1004    25.9580    253.870    246.539  329.99120     76.932     0.2662     1.2491     0.8573 1.0000e-12      10211          6  0.000e+00
     30.043   65.73768 -168.64844     30.344     2.8247     2.8271     2.8230    32.5672    32.7147  1026.1010    25.9584    253.853    246.493  329.99146     76.927     0.2650     1.2417     0.8560 1.0000e-12      10212          6  0.000e+00
     30.058   65.73768 -168.64844     30.360     2.8245     2.8270     2.8229    32.5671    32.7150  1026.1010    25.9583    254.056    246.473  329.99310     76.988     0.2662     1.2491     0.8573 1.0000e-12      10213          6  0.000e+00
     30.058   65.73768 -168.64844     30.360     2.8245     2.8271     2.8229    32.5672    32.7147  1026.1010    25.9584    254.074    246.259  329.99290     76.994     0.2650     1.2417     0.8573 1.0000e-12      10214          6  0.000e+00
     30.043   65.73768 -168.64844     30.344     2.8247     2.8270     2.8230    32.5673    32.7148  1026.1010    25.9584    254.089    246.394  329.99126     76.999     0.2662     1.2491     0.8560 1.0000e-12      10215          6  0.000e+00
     30.058   65.73768 -168.64844     30.360     2.8245     2.8268     2.8229    32.5675    32.7150  1026.1013    25.9586    254.108    246.383  329.99199     77.004     0.2662     1.2491     0.8573 1.0000e-12      10216          6  0.000e+00
     30.097   65.73768 -168.64844     30.399     2.8247     2.8270     2.8230    32.5671    32.7150  1026.1011    25.9583    254.090    246.177  329.99174     76.999     0.2650     1.2417     0.8573 1.0000e-12      10217          6  0.000e+00
     30.112   65.73768 -168.64844     30.414     2.8247     2.8272     2.8230    32.5673    32.7151  1026.1013    25.9584    254.107    246.148  329.99136     77.004     0.2662     1.2491     0.8573 1.0000e-12      10218          6  0.000e+00
     30.097   65.73768 -168.64844     30.399     2.8247     2.8270     2.8230    32.5673    32.7151  1026.1013    25.9585    254.122    246.124  329.99113     77.009     0.2393     1.0879     0.8560 1.0000e-12      10219          6  0.000e+00
     30.174   65.73768 -168.64844     30.476     2.8249     2.8271     2.8232    32.5671    32.7146  1026.1015    25.9583    254.140    246.277  329.99033     77.014     0.2125     0.9267     0.8573 1.0000e-12      10220          6  0.000e+00
     30.158   65.73768 -168.64844     30.461     2.8250     2.8271     2.8233    32.5670    32.7148  1026.1013    25.9582    253.973    246.280  329.98940     76.964     0.2063     0.8901     0.8560 1.0000e-12      10221          6  0.000e+00
     30.112   65.73768 -168.64844     30.414     2.8247     2.8268     2.8230    32.5673    32.7153  1026.1014    25.9585    254.176    246.091  329.99115     77.025     0.2076     0.8974     0.8573 1.0000e-12      10222          6  0.000e+00
     30.212   65.73768 -168.64844     30.515     2.8250     2.8270     2.8233    32.5674    32.7151  1026.1019    25.9585    254.196    246.276  329.98846     77.032     0.2088     0.9047     0.8573 1.0000e-12      10223          6  0.000e+00
     30.174   65.73768 -168.64844     30.476     2.8252     2.8268     2.8235    32.5669    32.7153  1026.1013    25.9581    254.177    246.094  329.98821     77.026     0.2088     0.9047     0.8573 1.0000e-12      10224          6  0.000e+00
     30.212   65.73768 -168.64844     30.515     2.8252     2.8268     2.8235    32.5665    32.7147  1026.1012    25.9578    254.196    246.286  329.98917     77.032     0.2088     0.9047     0.8560 1.0000e-12      10225          6  0.000e+00
     30.228   65.73768 -168.64844     30.531     2.8252     2.8265     2.8235    32.5667    32.7149  1026.1014    25.9579    254.251    246.284  329.98879     77.048     0.2088     0.9047     0.8573 1.0000e-12      10226          6  0.000e+00
     30.212   65.73768 -168.64844     30.515     2.8250     2.8269     2.8233    32.5672    32.7148  1026.1017    25.9583    254.270    246.084  329.98887     77.054     0.2100     0.9121     0.8573 1.0000e-12      10227          6  0.000e+00
     30.228   65.73768 -168.64844     30.531     2.8250     2.8265     2.8233    32.5673    32.7150  1026.1019    25.9584    254.290    246.065  329.98869     77.060     0.2088     0.9047     0.8573 1.0000e-12      10228          6  0.000e+00
     30.282   65.73768 -168.64844     30.586     2.8249     2.8267     2.8232    32.5669    32.7147  1026.1019    25.9581    254.276    246.242  329.99088     77.055     0.2100     0.9121     0.8612 1.0000e-12      10229          6  0.000e+00
     30.228   65.73768 -168.64844     30.531     2.8223     2.8261     2.8207    32.5692    32.7156  1026.1037    25.9602    256.038    247.363  330.00573     77.586     0.2503     1.1538     0.8470 1.0000e-12      10305          7  0.000e+00
     30.212   65.73768 -168.64844     30.515     2.8227     2.8262     2.8210    32.5695    32.7153  1026.1038    25.9604    256.032    247.342  330.00248     77.585     0.2515     1.1612     0.8483 1.0000e-12      10306          7  0.000e+00
     30.228   65.73768 -168.64844     30.531     2.8231     2.8259     2.8215    32.5685    32.7152  1026.1030    25.9595    255.988    247.347  330.00099     77.572     0.2503     1.1538     0.8470 1.0000e-12      10307          7  0.000e+00
     30.158   65.73768 -168.64844     30.461     2.8235     2.8258     2.8218    32.5684    32.7154  1026.1026    25.9594    256.155    247.349  329.99857     77.623     0.2515     1.1612     0.8470 1.0000e-12      10308          7  0.000e+00
     30.112   65.73768 -168.64844     30.414     2.8238     2.8259     2.8221    32.5683    32.7154  1026.1022    25.9593    255.915    247.325  329.99629     77.551     0.2503     1.1538     0.8483 1.0000e-12      10309          7  0.000e+00
     30.212   65.73768 -168.64844     30.515     2.8240     2.8259     2.8223    32.5685    32.7152  1026.1029    25.9595    255.859    247.331  329.99441     77.534     0.2515     1.1612     0.8509 1.0000e-12      10310          7  0.000e+00
     30.112   65.73768 -168.64844     30.414     2.8240     2.8258     2.8223    32.5691    32.7156  1026.1029    25.9600    255.829    247.525  329.99286     77.526     0.2503     1.1538     0.8535 1.0000e-12      10311          7  0.000e+00
     30.112   65.73768 -168.64844     30.414     2.8242     2.8260     2.8225    32.5681    32.7155  1026.1021    25.9591    255.801    247.548  329.99317     77.517     0.2515     1.1612     0.8535 1.0000e-12      10312          7  0.000e+00
     30.158   65.73768 -168.64844     30.461     2.8242     2.8262     2.8225    32.5680    32.7153  1026.1022    25.9591    255.772    247.571  329.99333     77.508     0.2515     1.1612     0.8535 1.0000e-12      10313          7  0.000e+00
     30.112   65.73768 -168.64844     30.414     2.8245     2.8261     2.8229    32.5678    32.7151  1026.1018    25.9589    255.734    247.593  329.99125     77.497     0.2503     1.1538     0.8535 1.0000e-12      10314          7  0.000e+00
     30.097   65.73768 -168.64844     30.399     2.8247     2.8261     2.8230    32.5678    32.7155  1026.1017    25.9589    255.696    247.589  329.98992     77.486     0.2515     1.1612     0.8535 1.0000e-12      10315          7  0.000e+00
     30.112   65.73768 -168.64844     30.414     2.8245     2.8263     2.8229    32.5681    32.7154  1026.1020    25.9591    255.657    247.583  329.99064     77.474     0.2503     1.1538     0.8535 1.0000e-12      10316          7  0.000e+00
     30.097   65.73768 -168.64844     30.399     2.8249     2.8262     2.8232    32.5675    32.7154  1026.1015    25.9586    255.612    247.601  329.98931     77.461     0.2515     1.1612     0.8535 1.0000e-12      10317          7  0.000e+00
     30.058   65.73768 -168.64844     30.360     2.8250     2.8263     2.8233    32.5678    32.7154  1026.1015    25.9588    255.564    247.615  329.98745     77.447     0.2503     1.1538     0.8535 1.0000e-12      10318          7  0.000e+00
     30.097   65.73768 -168.64844     30.399     2.8253     2.8263     2.8237    32.5673    32.7154  1026.1013    25.9584    255.515    247.631  329.98589     77.432     0.2503     1.1538     0.8535 1.0000e-12      10319          7  0.000e+00
     30.058   65.73768 -168.64844     30.360     2.8253     2.8265     2.8237    32.5671    32.7153  1026.1009    25.9582    255.462    247.448  329.98654     77.416     0.2503     1.1538     0.8535 1.0000e-12      10320          7  0.000e+00
     30.043   65.73768 -168.64844     30.344     2.8253     2.8267     2.8237    32.5676    32.7152  1026.1013    25.9587    255.443    247.438  329.98510     77.410     0.2479     1.1392     0.8535 1.0000e-12      10321          7  0.000e+00
     30.058   65.73768 -168.64844     30.360     2.8255     2.8267     2.8238    32.5675    32.7156  1026.1012    25.9585    255.424    247.428  329.98422     77.405     0.2430     1.1099     0.8535 1.0000e-12      10322          7  0.000e+00
     30.043   65.73768 -168.64844     30.344     2.8257     2.8268     2.8240    32.5673    32.7154  1026.1009    25.9584    255.402    247.615  329.98339     77.398     0.2405     1.0952     0.8535 1.0000e-12      10323          7  0.000e+00
     30.058   65.73768 -168.64844     30.360     2.8255     2.8267     2.8238    32.5674    32.7155  1026.1012    25.9585    255.381    247.629  329.98432     77.392     0.2418     1.1025     0.8535 1.0000e-12      10324          7  0.000e+00
     30.043   65.73768 -168.64844     30.344     2.8257     2.8267     2.8240    32.5673    32.7150  1026.1009    25.9584    255.794    247.642  329.98339     77.517     0.2405     1.0952     0.8535 1.0000e-12      10325          7  0.000e+00
     29.996   65.73768 -168.64844     30.297     2.8257     2.8267     2.8240    32.5675    32.7151  1026.1009    25.9585    255.397    247.628  329.98282     77.397     0.2418     1.1025     0.8535 1.0000e-12      10326          7  0.000e+00
     29.996   65.73768 -168.64844     30.297     2.8257     2.8268     2.8240    32.5676    32.7150  1026.1010    25.9586    255.586    247.637  329.98262     77.454     0.2405     1.0952     0.8535 1.0000e-12      10327          7  0.000e+00
     30.043   65.73768 -168.64844     30.344     2.8257     2.8268     2.8240    32.5673    32.7152  1026.1010    25.9584    255.372    247.451  329.98329     77.389     0.2418     1.1025     0.8535 1.0000e-12      10328          7  0.000e+00
     29.996   65.73768 -168.64844     30.297     2.8257     2.8267     2.8240    32.5673    32.7150  1026.1007    25.9584    255.337    247.632  329.98333     77.379     0.2405     1.0952     0.8535 1.0000e-12      10329          7  0.000e+00
     29.981   65.73768 -168.64844     30.282     2.8257     2.8268     2.8240    32.5673    32.7149  1026.1007    25.9584    255.301    247.443  329.98331     77.368     0.2418     1.1025     0.8535 1.0000e-12      10330          7  0.000e+00
     29.996   65.73768 -168.64844     30.297     2.8255     2.8269     2.8238    32.5677    32.7149  1026.1011    25.9587    255.265    247.427  329.98373     77.357     0.2405     1.0952     0.8535 1.0000e-12      10331          7  0.000e+00
     29.981   65.73768 -168.64844     30.282     2.8260     2.8271     2.8243    32.5675    32.7147  1026.1008    25.9585    255.479    247.410  329.98028     77.422     0.2418     1.1025     0.8535 1.0000e-12      10332          7  0.000e+00
     29.996   65.73768 -168.64844     30.297     2.8258     2.8270     2.8242    32.5671    32.7148  1026.1005    25.9582    255.477    247.396  329.98262     77.421     0.2418     1.1025     0.8535 1.0000e-12      10333          7  0.000e+00
     29.981   65.73768 -168.64844     30.282     2.8258     2.8271     2.8242    32.5675    32.7147  1026.1008    25.9585    255.249    247.184  329.98159     77.352     0.2405     1.0952     0.8535 1.0000e-12      10334          7  0.000e+00
     29.942   65.73768 -168.64844     30.243     2.8260     2.8273     2.8243    32.5676    32.7148  1026.1007    25.9586    255.239    247.340  329.98003     77.350     0.2418     1.1025     0.8535 1.0000e-12      10335          7  0.000e+00
     29.981   65.73768 -168.64844     30.282     2.8262     2.8271     2.8245    32.5674    32.7150  1026.1007    25.9584    255.195    247.327  329.97917     77.337     0.2405     1.0952     0.8535 1.0000e-12      10336          7  0.000e+00
     29.942   65.73768 -168.64844     30.243     2.8262     2.8273     2.8245    32.5674    32.7149  1026.1005    25.9584    255.185    247.311  329.97912     77.334     0.2418     1.1025     0.8535 1.0000e-12      10337          7  0.000e+00
     29.981   65.73768 -168.64844     30.282     2.8264     2.8273     2.8247    32.5671    32.7149  1026.1005    25.9582    254.957    247.298  329.97766     77.265     0.2405     1.0952     0.8535 1.0000e-12      10338          7  0.000e+00
     29.996   65.73768 -168.64844     30.297     2.8264     2.8273     2.8247    32.5673    32.7147  1026.1007    25.9583    255.133    247.285  329.97717     77.318     0.2418     1.1025     0.8535 1.0000e-12      10339          7  0.000e+00
