EcoFOCI/data/1_SampleCollection/2023_SikuliaqDBO_CruiseData/CTD_raw_BottleFile_SKQ23-12S/proc/skq202312s_069svp.cnv
* Sea-Bird SBE 9 Data File:
* FileName = D:\CTD\SKQ202312S\SKQ202312S_069.hex
* Software Version Seasave V 7.26.7.121
* Temperature SN = 6177
* Conductivity SN = 0369
* Number of Bytes Per Scan = 41
* Number of Voltage Words = 4
* Number of Scans Averaged by the Deck Unit = 1
* NMEA Latitude = 67 46.99 N
* NMEA Longitude = 168 35.84 W
* NMEA UTC (Time) = Sep 30 2023  01:24:11
* NMEA baud rate = 4800
** Ship: R/V Sikuliaq
** Station Number: 069
** Station Name: DBO3.7
** Bottom Depth: 50
** Operator: SD
# nquan = 7
# nvalues = 4111                                  
# units = specified
# name 0 = depSM: Depth [salt water, m]
# name 1 = latitude: Latitude [deg]
# name 2 = longitude: Longitude [deg]
# name 3 = t090C: Temperature [ITS-90, deg C]
# name 4 = sal00: Salinity, Practical [PSU]
# name 5 = svCM: Sound Velocity [Chen-Millero, m/s]
# name 6 = flag:  0.000e+00
# span 0 =      2.464,     45.002                 
# span 1 =   67.78290,   67.78294                 
# span 2 = -168.59750, -168.59740                 
# span 3 =     2.2539,     5.5342                 
# span 4 =    26.3141,    32.5375                 
# span 5 =    1450.24,    1468.18                 
# span 6 = 0.0000e+00, 0.0000e+00                 
# interval = seconds: 0.0416667
# start_time = Sep 30 2023 01:27:32 [NMEA time, first data scan]
# bad_flag = -9.990e-29
*END*
[from data line 616]
      5.892   67.78294 -168.59740     2.6110    27.4104    1450.96  0.000e+00
      5.892   67.78294 -168.59740     2.6003    27.4233    1450.93  0.000e+00
      5.954   67.78294 -168.59740     2.5928    27.4272    1450.90  0.000e+00
      5.892   67.78294 -168.59740     2.5854    27.4258    1450.86  0.000e+00
      5.892   67.78294 -168.59740     2.5775    27.4267    1450.83  0.000e+00
      5.954   67.78294 -168.59740     2.5706    27.4297    1450.80  0.000e+00
      5.954   67.78294 -168.59740     2.5644    27.4347    1450.78  0.000e+00
      5.954   67.78294 -168.59740     2.5594    27.4403    1450.77  0.000e+00
      5.931   67.78294 -168.59740     2.5545    27.4448    1450.75  0.000e+00
      6.008   67.78294 -168.59740     2.5501    27.4481    1450.74  0.000e+00
      5.954   67.78294 -168.59740     2.5461    27.4517    1450.72  0.000e+00
      5.954   67.78294 -168.59740     2.5432    27.4537    1450.71  0.000e+00
      6.008   67.78294 -168.59740     2.5406    27.4540    1450.70  0.000e+00
      5.954   67.78294 -168.59740     2.5379    27.4547    1450.69  0.000e+00
      6.008   67.78294 -168.59740     2.5355    27.4554    1450.68  0.000e+00
      6.008   67.78294 -168.59740     2.5333    27.4566    1450.68  0.000e+00
      6.008   67.78294 -168.59740     2.5316    27.4580    1450.67  0.000e+00
      6.070   67.78294 -168.59740     2.5302    27.4590    1450.67  0.000e+00
      6.008   67.78294 -168.59740     2.5292    27.4596    1450.66  0.000e+00
      6.008   67.78294 -168.59740     2.5282    27.4607    1450.66  0.000e+00
      6.070   67.78294 -168.59740     2.5274    27.4613    1450.66  0.000e+00
      6.008   67.78294 -168.59740     2.5269    27.4622    1450.65  0.000e+00
      6.070   67.78294 -168.59740     2.5269    27.4630    1450.66  0.000e+00
      6.070   67.78294 -168.59740     2.5269    27.4636    1450.66  0.000e+00
      6.070   67.78294 -168.59740     2.5272    27.4642    1450.66  0.000e+00
      6.070   67.78294 -168.59740     2.5278    27.4641    1450.66  0.000e+00
      6.070   67.78294 -168.59740     2.5283    27.4641    1450.66  0.000e+00
      6.100   67.78294 -168.59740     2.5290    27.4635    1450.67  0.000e+00
      6.070   67.78294 -168.59740     2.5291    27.4633    1450.67  0.000e+00
      6.124   67.78294 -168.59740     2.5294    27.4630    1450.67  0.000e+00
      6.124   67.78294 -168.59740     2.5296    27.4624    1450.67  0.000e+00
      6.124   67.78294 -168.59740     2.5297    27.4620    1450.67  0.000e+00
      6.124   67.78294 -168.59740     2.5299    27.4619    1450.67  0.000e+00
      6.124   67.78294 -168.59740     2.5296    27.4618    1450.67  0.000e+00
      6.123   67.78294 -168.59740     2.5297    27.4615    1450.67  0.000e+00
      6.123   67.78294 -168.59740     2.5297    27.4615    1450.67  0.000e+00
      6.185   67.78294 -168.59740     2.5294    27.4614    1450.67  0.000e+00
      6.123   67.78294 -168.59740     2.5294    27.4615    1450.67  0.000e+00
      6.185   67.78294 -168.59740     2.5292    27.4617    1450.67  0.000e+00
      6.185   67.78294 -168.59740     2.5292    27.4618    1450.67  0.000e+00
      6.185   67.78294 -168.59740     2.5291    27.4617    1450.67  0.000e+00
      6.185   67.78294 -168.59740     2.5291    27.4615    1450.67  0.000e+00
      6.185   67.78294 -168.59740     2.5288    27.4618    1450.67  0.000e+00
      6.185   67.78294 -168.59740     2.5290    27.4652    1450.67  0.000e+00
      6.185   67.78294 -168.59740     2.5282    27.4705    1450.67  0.000e+00
      6.216   67.78294 -168.59740     2.5278    27.4747    1450.68  0.000e+00
      6.239   67.78294 -168.59740     2.5271    27.4812    1450.68  0.000e+00
      6.239   67.78294 -168.59740     2.5280    27.5000    1450.71  0.000e+00
      6.239   67.78294 -168.59740     2.5330    27.5400    1450.79  0.000e+00
      6.239   67.78294 -168.59740     2.5468    27.6164    1450.95  0.000e+00
      6.239   67.78294 -168.59740     2.5724    27.6897    1451.15  0.000e+00
      6.239   67.78294 -168.59740     2.6040    27.7178    1451.33  0.000e+00
      6.293   67.78294 -168.59740     2.6343    27.7119    1451.46  0.000e+00
      6.239   67.78294 -168.59740     2.6597    27.6961    1451.55  0.000e+00
      6.293   67.78294 -168.59740     2.6805    27.6798    1451.62  0.000e+00
      6.293   67.78294 -168.59740     2.6969    27.6664    1451.67  0.000e+00
      6.293   67.78294 -168.59740     2.7084    27.6556    1451.71  0.000e+00
      6.293   67.78294 -168.59740     2.7162    27.6379    1451.72  0.000e+00
      6.293   67.78294 -168.59740     2.7196    27.6302    1451.72  0.000e+00
      6.293   67.78294 -168.59740     2.7231    27.6260    1451.73  0.000e+00
      6.293   67.78294 -168.59740     2.7249    27.6257    1451.74  0.000e+00
      6.355   67.78294 -168.59740     2.7276    27.6255    1451.75  0.000e+00
      6.239   67.78294 -168.59740     2.7307    27.6157    1451.75  0.000e+00
      6.439   67.78294 -168.59740     2.7314    27.5987    1451.74  0.000e+00
      6.355   67.78294 -168.59740     2.7285    27.5825    1451.70  0.000e+00
      6.293   67.78294 -168.59740     2.7227    27.5825    1451.68  0.000e+00
      6.409   67.78294 -168.59740     2.7161    27.5948    1451.67  0.000e+00
      6.355   67.78294 -168.59740     2.7133    27.6111    1451.67  0.000e+00
      6.354   67.78294 -168.59740     2.7146    27.6255    1451.70  0.000e+00
      6.354   67.78294 -168.59740     2.7171    27.6372    1451.72  0.000e+00
      6.408   67.78294 -168.59740     2.7205    27.6435    1451.75  0.000e+00
      6.408   67.78294 -168.59740     2.7243    27.6373    1451.76  0.000e+00
      6.408   67.78294 -168.59740     2.7263    27.6191    1451.74  0.000e+00
      6.354   67.78294 -168.59740     2.7268    27.6139    1451.74  0.000e+00
      6.470   67.78294 -168.59740     2.7271    27.6205    1451.75  0.000e+00
      6.408   67.78294 -168.59740     2.7285    27.6234    1451.76  0.000e+00
      6.408   67.78294 -168.59740     2.7300    27.6287    1451.77  0.000e+00
      6.408   67.78294 -168.59740     2.7320    27.6397    1451.79  0.000e+00
      6.470   67.78294 -168.59740     2.7338    27.6453    1451.81  0.000e+00
      6.439   67.78294 -168.59740     2.7357    27.6406    1451.81  0.000e+00
      6.408   67.78294 -168.59740     2.7364    27.6379    1451.81  0.000e+00
      6.470   67.78294 -168.59740     2.7374    27.6379    1451.82  0.000e+00
      6.470   67.78294 -168.59740     2.7382    27.6398    1451.82  0.000e+00
      6.470   67.78294 -168.59740     2.7394    27.6372    1451.82  0.000e+00
      6.524   67.78294 -168.59740     2.7417    27.6329    1451.83  0.000e+00
      6.470   67.78294 -168.59740     2.7448    27.6316    1451.84  0.000e+00
      6.470   67.78294 -168.59740     2.7482    27.6320    1451.86  0.000e+00
      6.524   67.78294 -168.59740     2.7511    27.6311    1451.87  0.000e+00
      6.524   67.78294 -168.59740     2.7532    27.6234    1451.87  0.000e+00
      6.470   67.78294 -168.59740     2.7542    27.6154    1451.86  0.000e+00
      6.524   67.78294 -168.59740     2.7548    27.6182    1451.87  0.000e+00
      6.524   67.78294 -168.59740     2.7564    27.6259    1451.88  0.000e+00
      6.524   67.78294 -168.59740     2.7575    27.6290    1451.89  0.000e+00
      6.578   67.78294 -168.59740     2.7570    27.6244    1451.89  0.000e+00
      6.524   67.78294 -168.59740     2.7548    27.6237    1451.87  0.000e+00
      6.555   67.78294 -168.59740     2.7525    27.6285    1451.87  0.000e+00
      6.524   67.78294 -168.59740     2.7509    27.6323    1451.87  0.000e+00
      6.578   67.78294 -168.59740     2.7506    27.6342    1451.87  0.000e+00
      6.578   67.78294 -168.59740     2.7509    27.6335    1451.87  0.000e+00
      6.578   67.78294 -168.59740     2.7511    27.6337    1451.87  0.000e+00
      6.639   67.78294 -168.59740     2.7520    27.6353    1451.88  0.000e+00
      6.578   67.78294 -168.59740     2.7537    27.6379    1451.89  0.000e+00
      6.578   67.78294 -168.59740     2.7550    27.6393    1451.90  0.000e+00
      6.639   67.78294 -168.59740     2.7561    27.6383    1451.90  0.000e+00
      6.639   67.78294 -168.59740     2.7567    27.6380    1451.90  0.000e+00
      6.578   67.78294 -168.59740     2.7571    27.6376    1451.90  0.000e+00
      6.639   67.78294 -168.59740     2.7578    27.6350    1451.90  0.000e+00
      6.693   67.78294 -168.59740     2.7582    27.6365    1451.91  0.000e+00
      6.639   67.78294 -168.59740     2.7583    27.6409    1451.91  0.000e+00
      6.639   67.78294 -168.59740     2.7579    27.6435    1451.92  0.000e+00
      6.693   67.78294 -168.59740     2.7573    27.6426    1451.91  0.000e+00
      6.670   67.78294 -168.59740     2.7569    27.6413    1451.91  0.000e+00
      6.639   67.78294 -168.59740     2.7566    27.6429    1451.91  0.000e+00
      6.755   67.78294 -168.59740     2.7562    27.6522    1451.92  0.000e+00
      6.693   67.78294 -168.59740     2.7562    27.6558    1451.93  0.000e+00
      6.693   67.78294 -168.59740     2.7564    27.6566    1451.93  0.000e+00
      6.693   67.78294 -168.59740     2.7561    27.6595    1451.93  0.000e+00
      6.755   67.78294 -168.59740     2.7566    27.6615    1451.94  0.000e+00
      6.755   67.78294 -168.59740     2.7575    27.6756    1451.96  0.000e+00
      6.693   67.78294 -168.59740     2.7584    27.6880    1451.98  0.000e+00
      6.755   67.78294 -168.59740     2.7589    27.6938    1451.99  0.000e+00
      6.755   67.78294 -168.59740     2.7590    27.6869    1451.98  0.000e+00
      6.755   67.78294 -168.59740     2.7593    27.6776    1451.97  0.000e+00
      6.809   67.78294 -168.59740     2.7593    27.6801    1451.97  0.000e+00
      6.755   67.78294 -168.59740     2.7598    27.6885    1451.98  0.000e+00
      6.755   67.78294 -168.59740     2.7603    27.6980    1452.00  0.000e+00
      6.840   67.78294 -168.59740     2.7606    27.7275    1452.04  0.000e+00
      6.809   67.78294 -168.59740     2.7617    27.7700    1452.10  0.000e+00
      6.871   67.78294 -168.59740     2.7642    27.7966    1452.15  0.000e+00
      6.809   67.78294 -168.59740     2.7661    27.8119    1452.17  0.000e+00
      6.809   67.78294 -168.59740     2.7684    27.8220    1452.20  0.000e+00
      6.871   67.78294 -168.59740     2.7699    27.8257    1452.21  0.000e+00
      6.871   67.78294 -168.59740     2.7715    27.8262    1452.22  0.000e+00
      6.871   67.78294 -168.59740     2.7725    27.8234    1452.22  0.000e+00
      6.871   67.78294 -168.59740     2.7736    27.8190    1452.22  0.000e+00
      6.871   67.78294 -168.59740     2.7736    27.8166    1452.21  0.000e+00
      6.871   67.78294 -168.59740     2.7737    27.8122    1452.21  0.000e+00
      6.924   67.78294 -168.59740     2.7728    27.8185    1452.21  0.000e+00
      6.870   67.78294 -168.59740     2.7728    27.8198    1452.21  0.000e+00
      6.924   67.78294 -168.59740     2.7724    27.8068    1452.20  0.000e+00
      6.901   67.78294 -168.59740     2.7717    27.7960    1452.18  0.000e+00
      6.978   67.78294 -168.59740     2.7709    27.8012    1452.18  0.000e+00
      6.870   67.78294 -168.59740     2.7713    27.8038    1452.19  0.000e+00
      6.978   67.78294 -168.59740     2.7708    27.7857    1452.16  0.000e+00
      6.978   67.78294 -168.59740     2.7697    27.7637    1452.13  0.000e+00
      6.924   67.78294 -168.59740     2.7683    27.7701    1452.13  0.000e+00
      6.978   67.78294 -168.59740     2.7677    27.7949    1452.16  0.000e+00
      6.978   67.78294 -168.59740     2.7684    27.8194    1452.20  0.000e+00
      6.978   67.78294 -168.59740     2.7694    27.8294    1452.21  0.000e+00
      6.978   67.78294 -168.59740     2.7705    27.8274    1452.21  0.000e+00
      7.040   67.78294 -168.59740     2.7711    27.8289    1452.22  0.000e+00
      6.978   67.78294 -168.59740     2.7716    27.8272    1452.22  0.000e+00
      7.040   67.78294 -168.59740     2.7722    27.8276    1452.22  0.000e+00
      7.040   67.78294 -168.59740     2.7728    27.8328    1452.23  0.000e+00
      7.009   67.78294 -168.59740     2.7733    27.8372    1452.24  0.000e+00
      7.040   67.78294 -168.59740     2.7737    27.8391    1452.25  0.000e+00
      7.040   67.78294 -168.59740     2.7741    27.8381    1452.25  0.000e+00
      7.094   67.78294 -168.59740     2.7742    27.8384    1452.25  0.000e+00
      7.040   67.78294 -168.59740     2.7745    27.8363    1452.25  0.000e+00
      7.094   67.78294 -168.59740     2.7745    27.8339    1452.24  0.000e+00
      7.040   67.78294 -168.59740     2.7745    27.8380    1452.25  0.000e+00
      7.094   67.78294 -168.59740     2.7745    27.8428    1452.25  0.000e+00
      7.094   67.78294 -168.59740     2.7749    27.8468    1452.26  0.000e+00
      7.094   67.78294 -168.59740     2.7747    27.8487    1452.26  0.000e+00
      7.156   67.78294 -168.59740     2.7745    27.8477    1452.26  0.000e+00
      7.156   67.78294 -168.59740     2.7747    27.8455    1452.26  0.000e+00
      7.094   67.78294 -168.59740     2.7749    27.8426    1452.26  0.000e+00
      7.125   67.78294 -168.59740     2.7749    27.8436    1452.26  0.000e+00
      7.209   67.78294 -168.59740     2.7749    27.8554    1452.27  0.000e+00
      7.155   67.78294 -168.59740     2.7749    27.8707    1452.29  0.000e+00
      7.155   67.78294 -168.59740     2.7744    27.8784    1452.30  0.000e+00
      7.155   67.78294 -168.59740     2.7742    27.8809    1452.30  0.000e+00
      7.209   67.78294 -168.59740     2.7741    27.8859    1452.31  0.000e+00
      7.209   67.78294 -168.59740     2.7736    27.8926    1452.32  0.000e+00
      7.209   67.78294 -168.59740     2.7737    27.8911    1452.32  0.000e+00
      7.209   67.78294 -168.59740     2.7735    27.8868    1452.31  0.000e+00
      7.209   67.78294 -168.59740     2.7735    27.8849    1452.31  0.000e+00
      7.209   67.78294 -168.59740     2.7733    27.8838    1452.30  0.000e+00
      7.209   67.78294 -168.59740     2.7729    27.8820    1452.30  0.000e+00
      7.325   67.78294 -168.59740     2.7728    27.8857    1452.31  0.000e+00
      7.240   67.78294 -168.59740     2.7730    27.8886    1452.31  0.000e+00
      7.271   67.78294 -168.59740     2.7730    27.8894    1452.31  0.000e+00
      7.271   67.78294 -168.59740     2.7728    27.8935    1452.32  0.000e+00
      7.271   67.78294 -168.59740     2.7730    27.8949    1452.32  0.000e+00
      7.271   67.78294 -168.59740     2.7729    27.8941    1452.32  0.000e+00
      7.325   67.78294 -168.59740     2.7728    27.8928    1452.32  0.000e+00
      7.325   67.78294 -168.59740     2.7728    27.8905    1452.31  0.000e+00
      7.271   67.78294 -168.59740     2.7728    27.8917    1452.31  0.000e+00
      7.325   67.78294 -168.59740     2.7728    27.8916    1452.31  0.000e+00
      7.325   67.78294 -168.59740     2.7728    27.8872    1452.31  0.000e+00
      7.379   67.78294 -168.59740     2.7727    27.8899    1452.31  0.000e+00
      7.325   67.78294 -168.59740     2.7725    27.8969    1452.32  0.000e+00
      7.379   67.78294 -168.59740     2.7723    27.8987    1452.32  0.000e+00
      7.302   67.78294 -168.59740     2.7723    27.8970    1452.32  0.000e+00
      7.379   67.78294 -168.59740     2.7727    27.8950    1452.32  0.000e+00
      7.379   67.78294 -168.59740     2.7727    27.8949    1452.32  0.000e+00
      7.379   67.78294 -168.59740     2.7728    27.8929    1452.32  0.000e+00
      7.441   67.78294 -168.59740     2.7729    27.8952    1452.32  0.000e+00
      7.379   67.78294 -168.59740     2.7728    27.8973    1452.32  0.000e+00
      7.379   67.78294 -168.59740     2.7728    27.8957    1452.32  0.000e+00
      7.441   67.78294 -168.59740     2.7727    27.8951    1452.32  0.000e+00
      7.441   67.78294 -168.59740     2.7725    27.9048    1452.33  0.000e+00
      7.379   67.78294 -168.59740     2.7727    27.9168    1452.35  0.000e+00
      7.495   67.78294 -168.59740     2.7724    27.9190    1452.35  0.000e+00
