EcoFOCI/data/1_SampleCollection/2023_SikuliaqDBO_CruiseData/CTD_raw_BottleFile_SKQ23-12S/proc/skq202312s_059.cnv
* Sea-Bird SBE 9 Data File:
* FileName = D:\CTD\SKQ202312S\SKQ202312S_059.hex
* Software Version Seasave V 7.26.7.121
* Temperature SN = 6177
* Conductivity SN = 0369
* Number of Bytes Per Scan = 41
* Number of Voltage Words = 4
* Number of Scans Averaged by the Deck Unit = 1
* NMEA Latitude = 71 13.10 N
* NMEA Longitude = 164 14.82 W
* NMEA UTC (Time) = Sep 27 2023  16:34:29
* NMEA baud rate = 4800
** Ship: R/V Sikuliaq
** Station Number: 059
** Station Name: C2
** Bottom Depth: 44
** Operator: SD
# nquan = 24
# nvalues = 4729                                  
# units = specified
# name 0 = depSM: Depth [salt water, m]
# name 1 = latitude: Latitude [deg]
# name 2 = longitude: Longitude [deg]
# name 3 = prDM: Pressure, Digiquartz [db]
# name 4 = t090C: Temperature [ITS-90, deg C]
# name 5 = t190C: Temperature, 2 [ITS-90, deg C]
# name 6 = potemp090C: Potential Temperature [ITS-90, deg C]
# name 7 = sal00: Salinity, Practical [PSU]
# name 8 = sal11: Salinity, Practical, 2 [PSU]
# name 9 = density00: Density [density, kg/m^3]
# name 10 = sigma-é00: Density [sigma-theta, kg/m^3]
# name 11 = sbox0Mm/Kg: Oxygen, SBE 43 [umol/kg]
# name 12 = sbox1Mm/Kg: Oxygen, SBE 43, 2 [umol/kg]
# name 13 = oxsolMm/Kg: Oxygen Saturation, Garcia & Gordon [umol/kg]
# name 14 = sbeox0PS: Oxygen, SBE 43 [% saturation]
# name 15 = sbeox1PS: Oxygen, SBE 43, 2 [% saturation]
# name 16 = v0: Voltage 0
# name 17 = flECO-AFL: Fluorescence, WET Labs ECO-AFL/FL [mg/m^3]
# name 18 = v1: Voltage 1
# name 19 = CStarAt0: Beam Attenuation, WET Labs C-Star [1/m]
# name 20 = par: PAR/Irradiance, Biospherical/Licor
# name 21 = scan: Scan Count
# name 22 = timeM: Time, Elapsed [minutes]
# name 23 = flag:  0.000e+00
# span 0 =      2.829,     39.103                 
# span 1 =   71.21830,   71.21832                 
# span 2 = -164.24722, -164.24706                 
# span 3 =      2.858,     39.510                 
# span 4 =    -1.0799,     4.3368                 
# span 5 =    -1.0798,     4.3438                 
# span 6 =    -1.0805,     4.3356                 
# span 7 =    30.9439,    32.4387                 
# span 8 =    30.9564,    32.4710                 
# span 9 =  1024.6493,  1026.2388                 
# span 10 =    24.6340,    26.0799                
# span 11 =    273.646,    395.251                
# span 12 =    262.269,    370.631                
# span 13 =  321.13438,  365.43801                
# span 14 =     74.912,    108.680                
# span 15 =     71.806,    101.626                
# span 16 =     0.0733,     0.1758                
# span 17 =     0.0916,     0.7069                
# span 18 =     2.1893,     4.2161                
# span 19 =     0.4451,     3.0676                
# span 20 = 1.0000e-12, 2.0955e+00                
# span 21 =          1,       4729                
# span 22 =     0.0000,     3.2833                
# span 23 = 0.0000e+00, 0.0000e+00                
# interval = seconds: 0.0416667
# start_time = Sep 27 2023 16:38:23 [NMEA time, first data scan]
# bad_flag = -9.990e-29
*END*
[from data line 4106]
     38.947   71.21832 -164.24708     39.352    -1.0721    -1.0707    -1.0730    32.3975    32.4099  1026.2360    26.0465    275.910    263.034  365.30321     75.529     72.014     0.1123     0.3260     3.2308     1.5102 1.0000e-12       4107     2.8514  0.000e+00
     38.947   71.21832 -164.24708     39.352    -1.0721    -1.0709    -1.0729    32.3975    32.4105  1026.2361    26.0466    275.938    262.802  365.30246     75.537     71.951     0.1123     0.3260     3.2308     1.5102 1.0000e-12       4108     2.8521  0.000e+00
     39.001   71.21832 -164.24708     39.406    -1.0721    -1.0707    -1.0730    32.3971    32.4099  1026.2360    26.0463    275.921    262.766  365.30416     75.532     71.941     0.1123     0.3260     3.2308     1.5102 1.0000e-12       4109     2.8528  0.000e+00
     38.939   71.21832 -164.24708     39.344    -1.0723    -1.0706    -1.0731    32.3975    32.4097  1026.2360    26.0466    275.949    262.726  365.30420     75.539     71.930     0.1111     0.3187     3.2295     1.5118 8.4714e-06       4110     2.8535  0.000e+00
     38.947   71.21832 -164.24708     39.352    -1.0720    -1.0705    -1.0728    32.3972    32.4099  1026.2358    26.0463    275.929    262.946  365.30231     75.535     71.990     0.1123     0.3260     3.2295     1.5118 1.0000e-12       4111     2.8542  0.000e+00
     38.885   71.21832 -164.24708     39.289    -1.0723    -1.0707    -1.0731    32.3975    32.4099  1026.2358    26.0466    275.911    262.971  365.30423     75.529     71.997     0.1111     0.3187     3.2308     1.5102 1.0000e-12       4112     2.8549  0.000e+00
     39.001   71.21832 -164.24708     39.406    -1.0723    -1.0709    -1.0731    32.3976    32.4102  1026.2364    26.0466    275.897    262.969  365.30407     75.525     71.996     0.1123     0.3260     3.2295     1.5118 1.0000e-12       4113     2.8556  0.000e+00
     38.939   71.21832 -164.24708     39.344    -1.0721    -1.0706    -1.0730    32.3978    32.4101  1026.2363    26.0468    275.925    262.764  365.30222     75.533     71.941     0.1111     0.3187     3.2308     1.5102 1.0000e-12       4114     2.8563  0.000e+00
     38.947   71.21832 -164.24708     39.352    -1.0721    -1.0709    -1.0729    32.3974    32.4099  1026.2360    26.0465    275.960    262.988  365.30283     75.543     72.001     0.1123     0.3260     3.2308     1.5102 8.4714e-06       4115     2.8569  0.000e+00
     38.947   71.21832 -164.24708     39.352    -1.0723    -1.0706    -1.0731    32.3976    32.4101  1026.2361    26.0466    275.947    263.011  365.30397     75.539     72.008     0.1111     0.3187     3.2308     1.5102 1.0000e-12       4116     2.8576  0.000e+00
     38.947   71.21832 -164.24708     39.352    -1.0721    -1.0707    -1.0729    32.3973    32.4100  1026.2359    26.0464    275.982    262.812  365.30307     75.549     71.953     0.1123     0.3260     3.2308     1.5102 1.0000e-12       4117     2.8583  0.000e+00
     38.939   71.21832 -164.24708     39.344    -1.0724    -1.0707    -1.0733    32.3981    32.4101  1026.2365    26.0470    275.971    263.033  365.30424     75.546     72.014     0.1111     0.3187     3.2308     1.5102 1.0000e-12       4118     2.8590  0.000e+00
     38.947   71.21832 -164.24708     39.352    -1.0723    -1.0709    -1.0731    32.3981    32.4104  1026.2366    26.0471    275.958    262.836  365.30238     75.542     71.960     0.1111     0.3187     3.2308     1.5102 1.0000e-12       4119     2.8597  0.000e+00
     38.947   71.21832 -164.24708     39.352    -1.0721    -1.0707    -1.0730    32.3977    32.4099  1026.2362    26.0467    276.200    262.833  365.30248     75.609     71.959     0.1123     0.3260     3.2344     1.5057 1.0000e-12       4120     2.8604  0.000e+00
     38.947   71.21832 -164.24708     39.352    -1.0721    -1.0702    -1.0730    32.3974    32.4096  1026.2360    26.0465    275.980    263.086  365.30346     75.548     72.029     0.1111     0.3187     3.2442     1.4936 1.0000e-12       4121     2.8611  0.000e+00
     38.939   71.21832 -164.24708     39.344    -1.0720    -1.0701    -1.0728    32.3977    32.4098  1026.2361    26.0467    275.964    263.148  365.30095     75.544     72.046     0.1136     0.3333     3.2466     1.4906 1.0000e-12       4122     2.8618  0.000e+00
     38.947   71.21832 -164.24708     39.352    -1.0720    -1.0700    -1.0728    32.3977    32.4096  1026.2363    26.0467    276.205    263.180  365.30072     75.610     72.055     0.1136     0.3333     3.2466     1.4906 1.0000e-12       4123     2.8625  0.000e+00
     38.947   71.21832 -164.24708     39.352    -1.0721    -1.0702    -1.0729    32.3976    32.4097  1026.2361    26.0466    276.238    262.988  365.30222     75.619     72.002     0.1148     0.3406     3.2466     1.4906 1.0000e-12       4124     2.8632  0.000e+00
     38.947   71.21832 -164.24708     39.352    -1.0723    -1.0698    -1.0731    32.3979    32.4095  1026.2364    26.0469    276.269    262.988  365.30311     75.627     72.003     0.1136     0.3333     3.2466     1.4906 1.0000e-12       4125     2.8639  0.000e+00
     38.939   71.21832 -164.24708     39.344    -1.0720    -1.0698    -1.0728    32.3981    32.4100  1026.2365    26.0471    276.039    263.216  365.29960     75.565     72.066     0.1136     0.3333     3.2466     1.4906 1.0000e-12       4126     2.8646  0.000e+00
     38.947   71.21832 -164.24708     39.352    -1.0721    -1.0698    -1.0730    32.3978    32.4100  1026.2363    26.0468    276.021    263.025  365.30211     75.560     72.014     0.1136     0.3333     3.2466     1.4906 1.0000e-12       4127     2.8653  0.000e+00
     38.947   71.21832 -164.24708     39.352    -1.0720    -1.0698    -1.0728    32.3976    32.4099  1026.2361    26.0466    276.050    263.031  365.30121     75.568     72.015     0.1148     0.3406     3.2466     1.4906 1.0000e-12       4128     2.8660  0.000e+00
     38.947   71.21832 -164.24708     39.352    -1.0721    -1.0700    -1.0730    32.3981    32.4101  1026.2365    26.0470    276.033    263.038  365.30149     75.563     72.017     0.1136     0.3333     3.2466     1.4906 1.0000e-12       4129     2.8667  0.000e+00
     38.939   71.21832 -164.24708     39.344    -1.0718    -1.0696    -1.0727    32.3976    32.4096  1026.2361    26.0466    276.062    263.270  365.29944     75.572     72.081     0.1136     0.3333     3.2466     1.4906 1.0000e-12       4130     2.8674  0.000e+00
     38.947   71.21832 -164.24708     39.352    -1.0723    -1.0693    -1.0731    32.3979    32.4093  1026.2364    26.0469    276.305    263.307  365.30299     75.637     72.091     0.1148     0.3406     3.2466     1.4906 8.4714e-06       4131     2.8681  0.000e+00
     38.947   71.21832 -164.24708     39.352    -1.0720    -1.0693    -1.0728    32.3979    32.4091  1026.2364    26.0469    276.332    263.346  365.30035     75.645     72.102     0.1136     0.3333     3.2466     1.4906 8.4714e-06       4132     2.8687  0.000e+00
     38.947   71.21832 -164.24708     39.352    -1.0718    -1.0692    -1.0727    32.3972    32.4091  1026.2358    26.0463    276.155    263.351  365.30068     75.597     72.103     0.1148     0.3406     3.2466     1.4906 1.0000e-12       4133     2.8694  0.000e+00
     39.001   71.21832 -164.24708     39.406    -1.0723    -1.0695    -1.0731    32.3978    32.4096  1026.2365    26.0468    276.142    263.134  365.30345     75.593     72.044     0.1136     0.3333     3.2466     1.4906 1.0000e-12       4134     2.8701  0.000e+00
     38.939   71.21832 -164.24708     39.344    -1.0720    -1.0698    -1.0728    32.3977    32.4096  1026.2362    26.0467    276.374    263.109  365.30083     75.657     72.036     0.1148     0.3406     3.2466     1.4906 8.4714e-06       4135     2.8708  0.000e+00
     38.947   71.21832 -164.24708     39.351    -1.0720    -1.0701    -1.0728    32.3973    32.4096  1026.2359    26.0464    276.149    263.085  365.30207     75.595     72.029     0.1136     0.3333     3.2466     1.4906 1.0000e-12       4136     2.8715  0.000e+00
     38.947   71.21832 -164.24708     39.351    -1.0723    -1.0702    -1.0731    32.3981    32.4096  1026.2365    26.0470    276.129    263.061  365.30250     75.589     72.022     0.1148     0.3406     3.2466     1.4906 1.0000e-12       4137     2.8722  0.000e+00
     38.947   71.21832 -164.24708     39.351    -1.0723    -1.0701    -1.0731    32.3975    32.4095  1026.2361    26.0466    276.111    263.066  365.30410     75.584     72.024     0.1136     0.3333     3.2466     1.4906 1.0000e-12       4138     2.8729  0.000e+00
     38.993   71.21832 -164.24708     39.398    -1.0723    -1.0701    -1.0731    32.3976    32.4096  1026.2364    26.0466    276.347    263.076  365.30393     75.648     72.027     0.1136     0.3333     3.2466     1.4906 1.0000e-12       4139     2.8736  0.000e+00
     38.947   71.21832 -164.24708     39.351    -1.0721    -1.0700    -1.0730    32.3976    32.4094  1026.2362    26.0467    275.861    263.050  365.30272     75.516     72.020     0.1136     0.3333     3.2442     1.4936 8.4714e-06       4140     2.8743  0.000e+00
     38.947   71.21832 -164.24708     39.351    -1.0723    -1.0701    -1.0731    32.3979    32.4098  1026.2364    26.0469    276.098    263.027  365.30311     75.581     72.013     0.1148     0.3406     3.2381     1.5012 1.0000e-12       4141     2.8750  0.000e+00
     38.947   71.21832 -164.24708     39.351    -1.0724    -1.0698    -1.0733    32.3975    32.4098  1026.2361    26.0466    276.082    263.034  365.30585     75.576     72.016     0.1136     0.3333     3.2357     1.5042 1.0000e-12       4142     2.8757  0.000e+00
     38.939   71.21832 -164.24708     39.344    -1.0724    -1.0695    -1.0733    32.3978    32.4096  1026.2363    26.0468    276.064    263.009  365.30510     75.571     72.010     0.1136     0.3333     3.2357     1.5042 1.0000e-12       4143     2.8764  0.000e+00
     39.000   71.21832 -164.24708     39.406    -1.0723    -1.0689    -1.0731    32.3976    32.4091  1026.2364    26.0466    276.047    262.986  365.30394     75.566     72.004     0.1148     0.3406     3.2357     1.5042 1.0000e-12       4144     2.8771  0.000e+00
     38.946   71.21832 -164.24708     39.351    -1.0723    -1.0685    -1.0731    32.3972    32.4085  1026.2359    26.0463    276.282    262.960  365.30495     75.631     71.997     0.1136     0.3333     3.2369     1.5027 1.0000e-12       4145     2.8778  0.000e+00
     39.000   71.21832 -164.24708     39.406    -1.0723    -1.0681    -1.0731    32.3973    32.4080  1026.2362    26.0464    276.312    262.938  365.30468     75.639     71.992     0.1148     0.3406     3.2357     1.5042 1.0000e-12       4146     2.8785  0.000e+00
     38.939   71.21832 -164.24708     39.344    -1.0724    -1.0684    -1.0733    32.3980    32.4081  1026.2364    26.0470    276.435    262.948  365.30449     75.673     71.994     0.1123     0.3260     3.2357     1.5042 1.0000e-12       4147     2.8792  0.000e+00
     39.000   71.21832 -164.24708     39.406    -1.0723    -1.0687    -1.0731    32.3980    32.4088  1026.2367    26.0469    276.210    262.963  365.30284     75.611     71.998     0.1099     0.3113     3.2369     1.5027 1.0000e-12       4148     2.8799  0.000e+00
     38.946   71.21832 -164.24708     39.351    -1.0724    -1.0692    -1.0733    32.3973    32.4093  1026.2359    26.0464    276.191    262.944  365.30634     75.605     71.992     0.1087     0.3040     3.2357     1.5042 1.0000e-12       4149     2.8806  0.000e+00
     39.000   71.21832 -164.24708     39.406    -1.0723    -1.0696    -1.0731    32.3974    32.4099  1026.2362    26.0465    276.171    263.155  365.30456     75.600     72.049     0.1087     0.3040     3.2357     1.5042 1.0000e-12       4150     2.8813  0.000e+00
     38.993   71.21832 -164.24708     39.398    -1.0723    -1.0700    -1.0731    32.3975    32.4101  1026.2363    26.0465    276.405    262.942  365.30430     75.664     71.990     0.1087     0.3040     3.2357     1.5042 1.0000e-12       4151     2.8819  0.000e+00
     38.946   71.21832 -164.24708     39.351    -1.0724    -1.0701    -1.0733    32.3976    32.4104  1026.2362    26.0467    276.430    262.920  365.30548     75.671     71.984     0.1099     0.3113     3.2369     1.5027 1.0000e-12       4152     2.8826  0.000e+00
     38.946   71.21832 -164.24708     39.351    -1.0724    -1.0700    -1.0733    32.3975    32.4096  1026.2361    26.0466    276.455    263.125  365.30585     75.678     72.040     0.1087     0.3040     3.2369     1.5027 1.0000e-12       4153     2.8833  0.000e+00
     39.000   71.21832 -164.24708     39.406    -1.0723    -1.0698    -1.0731    32.3976    32.4096  1026.2364    26.0466    276.477    262.909  365.30394     75.684     71.982     0.1099     0.3113     3.2369     1.5027 1.0000e-12       4154     2.8840  0.000e+00
     38.993   71.21832 -164.24708     39.398    -1.0723    -1.0696    -1.0731    32.3975    32.4092  1026.2363    26.0465    276.497    262.887  365.30430     75.689     71.975     0.1074     0.2967     3.2357     1.5042 1.0000e-12       4155     2.8847  0.000e+00
     39.000   71.21832 -164.24708     39.406    -1.0721    -1.0696    -1.0730    32.3974    32.4092  1026.2363    26.0465    276.514    262.897  365.30330     75.694     71.978     0.1087     0.3040     3.2369     1.5027 1.0000e-12       4156     2.8854  0.000e+00
     38.946   71.21832 -164.24708     39.351    -1.0724    -1.0696    -1.0733    32.3979    32.4098  1026.2364    26.0469    276.530    262.873  365.30475     75.698     71.972     0.1099     0.3113     3.2369     1.5027 1.0000e-12       4157     2.8861  0.000e+00
     39.000   71.21832 -164.24708     39.406    -1.0721    -1.0693    -1.0730    32.3976    32.4092  1026.2364    26.0466    276.289    262.854  365.30281     75.633     71.967     0.1087     0.3040     3.2369     1.5027 1.0000e-12       4158     2.8868  0.000e+00
     39.000   71.21832 -164.24708     39.406    -1.0723    -1.0696    -1.0731    32.3980    32.4098  1026.2367    26.0470    276.510    262.834  365.30272     75.693     71.961     0.1099     0.3113     3.2357     1.5042 1.0000e-12       4159     2.8875  0.000e+00
     38.939   71.21832 -164.24708     39.343    -1.0718    -1.0698    -1.0727    32.3980    32.4101  1026.2364    26.0469    276.516    262.844  365.29834     75.696     71.964     0.1087     0.3040     3.2369     1.5027 1.0000e-12       4160     2.8882  0.000e+00
     39.000   71.21832 -164.24708     39.406    -1.0711    -1.0698    -1.0719    32.3977    32.4096  1026.2364    26.0467    276.522    262.860  365.29189     75.699     71.968     0.1099     0.3113     3.2442     1.4936 1.0000e-12       4161     2.8889  0.000e+00
     39.000   71.21832 -164.24708     39.406    -1.0707    -1.0701    -1.0716    32.3976    32.4101  1026.2363    26.0466    276.527    262.876  365.28887     75.701     71.972     0.1087     0.3040     3.2479     1.4891 8.4714e-06       4162     2.8896  0.000e+00
     39.000   71.21832 -164.24708     39.406    -1.0703    -1.0701    -1.0712    32.3975    32.4102  1026.2363    26.0465    275.767    262.859  365.28522     75.494     71.968     0.1087     0.3040     3.2491     1.4876 1.0000e-12       4163     2.8903  0.000e+00
     38.993   71.21832 -164.24708     39.398    -1.0696    -1.0701    -1.0705    32.3965    32.4102  1026.2354    26.0456    276.392    263.100  365.28149     75.666     72.033     0.1087     0.3040     3.2479     1.4891 1.0000e-12       4164     2.8910  0.000e+00
     38.946   71.21832 -164.24708     39.351    -1.0697    -1.0702    -1.0705    32.3963    32.4101  1026.2350    26.0455    276.145    262.920  365.28253     75.598     71.984     0.1087     0.3040     3.2479     1.4891 1.0000e-12       4165     2.8917  0.000e+00
     39.000   71.21832 -164.24708     39.406    -1.0695    -1.0702    -1.0704    32.3966    32.4100  1026.2355    26.0457    276.105    262.907  365.28001     75.587     71.980     0.1087     0.3040     3.2479     1.4891 1.0000e-12       4166     2.8924  0.000e+00
