EcoFOCI/data/1_SampleCollection/2023_SikuliaqDBO_CruiseData/CTD_raw_BottleFile_SKQ23-12S/proc/skq202312s_024.cnv
* Sea-Bird SBE 9 Data File:
* FileName = D:\CTD\SKQ202312S\SKQ202312S_024.hex
* Software Version Seasave V 7.26.7.121
* Temperature SN = 6177
* Conductivity SN = 0369
* Number of Bytes Per Scan = 41
* Number of Voltage Words = 4
* Number of Scans Averaged by the Deck Unit = 1
* NMEA Latitude = 71 12.47 N
* NMEA Longitude = 158 00.01 W
* NMEA UTC (Time) = Sep 20 2023  13:29:26
* NMEA baud rate = 4800
** Ship: R/V Sikuliaq
** Station Number: 024
** Station Name: C5
** Bottom Depth: 49
** Operator: SD
** C5 Mooring Site pre-deployment
# nquan = 24
# nvalues = 4307                                  
# units = specified
# name 0 = depSM: Depth [salt water, m]
# name 1 = latitude: Latitude [deg]
# name 2 = longitude: Longitude [deg]
# name 3 = prDM: Pressure, Digiquartz [db]
# name 4 = t090C: Temperature [ITS-90, deg C]
# name 5 = t190C: Temperature, 2 [ITS-90, deg C]
# name 6 = potemp090C: Potential Temperature [ITS-90, deg C]
# name 7 = sal00: Salinity, Practical [PSU]
# name 8 = sal11: Salinity, Practical, 2 [PSU]
# name 9 = density00: Density [density, kg/m^3]
# name 10 = sigma-é00: Density [sigma-theta, kg/m^3]
# name 11 = sbox0Mm/Kg: Oxygen, SBE 43 [umol/kg]
# name 12 = sbox1Mm/Kg: Oxygen, SBE 43, 2 [umol/kg]
# name 13 = oxsolMm/Kg: Oxygen Saturation, Garcia & Gordon [umol/kg]
# name 14 = sbeox0PS: Oxygen, SBE 43 [% saturation]
# name 15 = sbeox1PS: Oxygen, SBE 43, 2 [% saturation]
# name 16 = v0: Voltage 0
# name 17 = flECO-AFL: Fluorescence, WET Labs ECO-AFL/FL [mg/m^3]
# name 18 = v1: Voltage 1
# name 19 = CStarAt0: Beam Attenuation, WET Labs C-Star [1/m]
# name 20 = par: PAR/Irradiance, Biospherical/Licor
# name 21 = scan: Scan Count
# name 22 = timeM: Time, Elapsed [minutes]
# name 23 = flag:  0.000e+00
# span 0 =      2.333,     43.192                 
# span 1 =   71.20792,   71.20792                 
# span 2 = -157.99980, -157.99978                 
# span 3 =      2.357,     43.641                 
# span 4 =     0.8896,     4.9502                 
# span 5 =     0.8905,     4.9124                 
# span 6 =     0.8879,     4.9499                 
# span 7 =    30.0861,    32.1344                 
# span 8 =    30.1180,    32.1497                 
# span 9 =  1023.8152,  1025.9481                 
# span 10 =    23.7944,    25.7451                
# span 11 =    300.050,    337.513                
# span 12 =    287.845,    319.577                
# span 13 =  319.18624,  347.70690                
# span 14 =     92.817,     97.767                
# span 15 =     88.099,     93.732                
# span 16 =     0.0806,     0.2125                
# span 17 =     0.1355,     0.9267                
# span 18 =     2.1392,     4.1978                
# span 19 =     0.4625,     3.1602                
# span 20 = 1.0000e-12, 6.0050e-01                
# span 21 =          1,       4307                
# span 22 =     0.0000,     2.9903                
# span 23 = 0.0000e+00, 0.0000e+00                
# interval = seconds: 0.0416667
# start_time = Sep 20 2023 13:33:23 [NMEA time, first data scan]
# bad_flag = -9.990e-29
*END*
[from data line 3744]
     40.548   71.20792 -157.99978     40.970     0.8912     0.8977     0.8896    32.1261    32.1368  1025.9362    25.7412    324.067    308.802  347.68966     93.206     88.838     0.0952     0.2234     3.5702     1.1105 1.0000e-12       3745     2.6000  0.000e+00
     40.494   71.20792 -157.99978     40.916     0.8910     0.8981     0.8895    32.1258    32.1367  1025.9357    25.7410    324.104    308.858  347.69148     93.216     88.855     0.0965     0.2308     3.5702     1.1105 1.0000e-12       3746     2.6007  0.000e+00
     40.548   71.20792 -157.99978     40.970     0.8912     0.8976     0.8896    32.1255    32.1372  1025.9357    25.7408    323.906    308.930  347.69110     93.159     88.875     0.0952     0.2234     3.5702     1.1105 1.0000e-12       3747     2.6014  0.000e+00
     40.548   71.20792 -157.99978     40.970     0.8912     0.8970     0.8896    32.1259    32.1375  1025.9361    25.7411    323.900    309.003  347.68999     93.158     88.895     0.0965     0.2308     3.5702     1.1105 1.0000e-12       3748     2.6021  0.000e+00
     40.610   71.20792 -157.99978     41.033     0.8918     0.8965     0.8902    32.1254    32.1381  1025.9359    25.7406    323.893    309.082  347.68599     93.157     88.916     0.0952     0.2234     3.5702     1.1105 1.0000e-12       3749     2.6028  0.000e+00
     40.495   71.20792 -157.99978     40.916     0.8918     0.8978     0.8903    32.1253    32.1375  1025.9352    25.7405    324.119    309.114  347.68591     93.222     88.928     0.0965     0.2308     3.5702     1.1105 1.0000e-12       3750     2.6035  0.000e+00
     40.610   71.20792 -157.99978     41.033     0.8916     0.8981     0.8900    32.1255    32.1373  1025.9360    25.7407    323.923    308.956  347.68724     93.165     88.883     0.0952     0.2234     3.5702     1.1105 1.0000e-12       3751     2.6042  0.000e+00
     40.487   71.20792 -157.99978     40.908     0.8919     0.8979     0.8904    32.1257    32.1368  1025.9355    25.7409    323.907    308.981  347.68367     93.162     88.890     0.0952     0.2234     3.5690     1.1119 8.4714e-06       3752     2.6049  0.000e+00
     40.664   71.20792 -157.99978     41.087     0.8928     0.8972     0.8912    32.1262    32.1367  1025.9367    25.7412    323.899    308.997  347.67448     93.161     88.893     0.0952     0.2234     3.5690     1.1119 1.0000e-12       3753     2.6056  0.000e+00
     40.549   71.20792 -157.99978     40.970     0.8939     0.8959     0.8924    32.1257    32.1374  1025.9357    25.7407    323.877    309.007  347.66592     93.158     88.893     0.0965     0.2308     3.5690     1.1119 8.4714e-06       3754     2.6063  0.000e+00
     40.610   71.20792 -157.99978     41.033     0.8948     0.8950     0.8932    32.1255    32.1374  1025.9358    25.7405    323.951    309.235  347.65900     93.181     88.957     0.0952     0.2234     3.5690     1.1119 1.0000e-12       3755     2.6069  0.000e+00
     40.610   71.20792 -157.99978     41.033     0.8953     0.8938     0.8937    32.1252    32.1383  1025.9355    25.7402    323.944    309.278  347.65492     93.180     88.967     0.0952     0.2234     3.5690     1.1119 1.0000e-12       3756     2.6076  0.000e+00
     40.610   71.20792 -157.99978     41.033     0.8955     0.8926     0.8939    32.1244    32.1391  1025.9348    25.7396    324.177    309.323  347.65555     93.247     88.978     0.0952     0.2234     3.5690     1.1119 1.0000e-12       3757     2.6083  0.000e+00
     40.549   71.20792 -157.99978     40.970     0.8947     0.8924     0.8931    32.1245    32.1385  1025.9347    25.7398    323.745    309.361  347.66202     93.121     88.987     0.0952     0.2234     3.5690     1.1119 1.0000e-12       3758     2.6090  0.000e+00
     40.664   71.20792 -157.99978     41.087     0.8937     0.8919     0.8921    32.1241    32.1382  1025.9350    25.7395    323.716    309.198  347.67222     93.109     88.939     0.0952     0.2234     3.5690     1.1119 1.0000e-12       3759     2.6097  0.000e+00
     40.603   71.20792 -157.99978     41.025     0.8925     0.8918     0.8910    32.1245    32.1377  1025.9351    25.7399    323.916    309.421  347.68141     93.165     89.003     0.0952     0.2234     3.5690     1.1119 1.0000e-12       3760     2.6104  0.000e+00
     40.610   71.20792 -157.99978     41.033     0.8920     0.8919     0.8905    32.1244    32.1379  1025.9351    25.7398    323.877    309.462  347.68616     93.152     89.015     0.0952     0.2234     3.5690     1.1119 1.0000e-12       3761     2.6111  0.000e+00
     40.664   71.20792 -157.99978     41.087     0.8912     0.8920     0.8896    32.1247    32.1381  1025.9356    25.7401    323.841    309.504  347.69327     93.140     89.028     0.0965     0.2308     3.5690     1.1119 1.0000e-12       3762     2.6118  0.000e+00
     40.610   71.20792 -157.99978     41.033     0.8912     0.8919     0.8896    32.1250    32.1388  1025.9356    25.7404    323.789    309.755  347.69196     93.125     89.100     0.0977     0.2381     3.5690     1.1119 1.0000e-12       3763     2.6125  0.000e+00
     40.664   71.20792 -157.99978     41.087     0.8910     0.8919     0.8894    32.1253    32.1387  1025.9361    25.7406    323.786    309.589  347.69318     93.124     89.052     0.0977     0.2381     3.5690     1.1119 8.4714e-06       3764     2.6132  0.000e+00
     40.664   71.20792 -157.99978     41.087     0.8908     0.8920     0.8892    32.1257    32.1387  1025.9364    25.7409    323.780    309.815  347.69366     93.122     89.117     0.0977     0.2381     3.5690     1.1119 1.0000e-12       3765     2.6139  0.000e+00
     40.664   71.20792 -157.99978     41.087     0.8914     0.8920     0.8899    32.1250    32.1386  1025.9358    25.7403    323.769    309.856  347.69012     93.120     89.129     0.0977     0.2381     3.5690     1.1119 1.0000e-12       3766     2.6146  0.000e+00
     40.657   71.20792 -157.99978     41.080     0.8910     0.8925     0.8895    32.1259    32.1378  1025.9366    25.7411    323.763    309.893  347.69106     93.118     89.141     0.0977     0.2381     3.5690     1.1119 1.0000e-12       3767     2.6153  0.000e+00
     40.718   71.20792 -157.99978     41.142     0.8912     0.8925     0.8896    32.1253    32.1374  1025.9364    25.7406    323.995    309.753  347.69169     93.185     89.100     0.0977     0.2381     3.5690     1.1119 1.0000e-12       3768     2.6160  0.000e+00
     40.664   71.20792 -157.99978     41.087     0.8908     0.8927     0.8892    32.1251    32.1375  1025.9360    25.7405    323.793    309.763  347.69521     93.126     89.103     0.0977     0.2381     3.5690     1.1119 1.0000e-12       3769     2.6167  0.000e+00
     40.664   71.20792 -157.99978     41.087     0.8912     0.8924     0.8896    32.1250    32.1379  1025.9359    25.7404    323.782    309.989  347.69249     93.123     89.168     0.0977     0.2381     3.5690     1.1119 1.0000e-12       3770     2.6174  0.000e+00
     40.664   71.20792 -157.99978     41.087     0.8908     0.8919     0.8892    32.1251    32.1381  1025.9359    25.7404    323.776    310.031  347.69532     93.121     89.179     0.0977     0.2381     3.5690     1.1119 1.0000e-12       3771     2.6181  0.000e+00
     40.718   71.20792 -157.99978     41.142     0.8908     0.8916     0.8892    32.1253    32.1385  1025.9364    25.7407    323.727    309.862  347.69508     93.106     89.130     0.0977     0.2381     3.5678     1.1132 1.0000e-12       3772     2.6187  0.000e+00
     40.664   71.20792 -157.99978     41.087     0.8910     0.8918     0.8894    32.1254    32.1386  1025.9361    25.7407    323.712    309.842  347.69307     93.103     89.125     0.0977     0.2381     3.5665     1.1146 1.0000e-12       3773     2.6194  0.000e+00
     40.664   71.20792 -157.99978     41.087     0.8907     0.8917     0.8891    32.1252    32.1391  1025.9361    25.7406    323.705    310.034  347.69634     93.100     89.180     0.0977     0.2381     3.5665     1.1146 1.0000e-12       3774     2.6201  0.000e+00
     40.718   71.20792 -157.99978     41.142     0.8912     0.8920     0.8896    32.1249    32.1386  1025.9361    25.7403    323.929    310.041  347.69268     93.165     89.182     0.0977     0.2381     3.5665     1.1146 8.4714e-06       3775     2.6208  0.000e+00
     40.718   71.20792 -157.99978     41.142     0.8910     0.8922     0.8895    32.1253    32.1381  1025.9363    25.7406    323.722    310.045  347.69281     93.106     89.184     0.0977     0.2381     3.5665     1.1146 1.0000e-12       3776     2.6215  0.000e+00
     40.664   71.20792 -157.99978     41.087     0.8913     0.8925     0.8897    32.1252    32.1379  1025.9360    25.7405    323.706    310.070  347.69092     93.102     89.192     0.0977     0.2381     3.5665     1.1146 8.4714e-06       3777     2.6222  0.000e+00
     40.664   71.20792 -157.99978     41.087     0.8913     0.8925     0.8897    32.1253    32.1378  1025.9361    25.7406    323.930    310.100  347.69070     93.166     89.200     0.0977     0.2381     3.5665     1.1146 1.0000e-12       3778     2.6229  0.000e+00
     40.718   71.20792 -157.99978     41.142     0.8916     0.8927     0.8900    32.1248    32.1382  1025.9359    25.7402    323.765    310.127  347.68917     93.119     89.209     0.0977     0.2381     3.5665     1.1146 1.0000e-12       3779     2.6236  0.000e+00
     40.718   71.20792 -157.99978     41.142     0.8914     0.8930     0.8898    32.1249    32.1384  1025.9360    25.7403    323.755    310.151  347.69087     93.116     89.216     0.0977     0.2381     3.5665     1.1146 1.0000e-12       3780     2.6243  0.000e+00
     40.718   71.20792 -157.99978     41.142     0.8912     0.8933     0.8896    32.1249    32.1385  1025.9360    25.7402    323.745    310.174  347.69290     93.112     89.223     0.0977     0.2381     3.5665     1.1146 1.0000e-12       3781     2.6250  0.000e+00
     40.718   71.20792 -157.99978     41.142     0.8910     0.8932     0.8894    32.1252    32.1387  1025.9363    25.7406    323.733    310.198  347.69338     93.109     89.230     0.0977     0.2381     3.5665     1.1146 1.0000e-12       3782     2.6257  0.000e+00
     40.718   71.20792 -157.99978     41.142     0.8910     0.8933     0.8894    32.1253    32.1388  1025.9363    25.7406    323.721    310.193  347.69327     93.105     89.229     0.0977     0.2381     3.5665     1.1146 1.0000e-12       3783     2.6264  0.000e+00
     40.780   71.20792 -157.99978     41.204     0.8913     0.8933     0.8897    32.1252    32.1381  1025.9365    25.7405    323.710    310.190  347.69110     93.103     89.228     0.0977     0.2381     3.5665     1.1146 1.0000e-12       3784     2.6271  0.000e+00
     40.718   71.20792 -157.99978     41.142     0.8912     0.8933     0.8896    32.1252    32.1377  1025.9362    25.7405    323.695    310.208  347.69157     93.098     89.233     0.0977     0.2381     3.5665     1.1146 1.0000e-12       3785     2.6278  0.000e+00
     40.665   71.20792 -157.99978     41.087     0.8914     0.8932     0.8899    32.1247    32.1377  1025.9355    25.7401    323.680    310.224  347.69100     93.094     89.237     0.0977     0.2381     3.5665     1.1146 1.0000e-12       3786     2.6285  0.000e+00
     40.780   71.20792 -157.99978     41.204     0.8912     0.8929     0.8896    32.1250    32.1377  1025.9364    25.7404    323.675    310.431  347.69256     93.092     89.296     0.0977     0.2381     3.5665     1.1146 1.0000e-12       3787     2.6292  0.000e+00
     40.719   71.20792 -157.99978     41.142     0.8910     0.8929     0.8894    32.1247    32.1374  1025.9358    25.7401    323.663    310.259  347.69493     93.088     89.246     0.1050     0.2820     3.5665     1.1146 1.0000e-12       3788     2.6299  0.000e+00
     40.657   71.20792 -157.99978     41.080     0.8909     0.8927     0.8894    32.1252    32.1380  1025.9360    25.7405    323.647    310.269  347.69407     93.084     89.249     0.1087     0.3040     3.5665     1.1146 1.0000e-12       3789     2.6306  0.000e+00
     40.780   71.20792 -157.99978     41.204     0.8907     0.8925     0.8891    32.1250    32.1385  1025.9364    25.7404    323.644    310.469  347.69707     93.082     89.306     0.1099     0.3113     3.5665     1.1146 1.0000e-12       3790     2.6313  0.000e+00
     40.719   71.20792 -157.99978     41.142     0.8905     0.8924     0.8889    32.1250    32.1386  1025.9361    25.7404    323.631    310.474  347.69856     93.078     89.308     0.1087     0.3040     3.5665     1.1146 1.0000e-12       3791     2.6319  0.000e+00
     40.719   71.20792 -157.99978     41.142     0.8907     0.8927     0.8891    32.1256    32.1379  1025.9366    25.7409    323.658    310.476  347.69532     93.087     89.308     0.1087     0.3040     3.5641     1.1173 1.0000e-12       3792     2.6326  0.000e+00
     40.719   71.20792 -157.99978     41.142     0.8912     0.8924     0.8896    32.1255    32.1379  1025.9365    25.7408    323.686    310.479  347.69057     93.096     89.309     0.1087     0.3040     3.5629     1.1187 1.0000e-12       3793     2.6333  0.000e+00
     40.719   71.20792 -157.99978     41.142     0.8918     0.8924     0.8902    32.1253    32.1376  1025.9363    25.7405    323.716    310.504  347.68638     93.106     89.316     0.1099     0.3113     3.5629     1.1187 1.0000e-12       3794     2.6340  0.000e+00
     40.719   71.20792 -157.99978     41.142     0.8918     0.8922     0.8902    32.1252    32.1381  1025.9362    25.7405    323.988    310.526  347.68660     93.184     89.322     0.1087     0.3040     3.5629     1.1187 1.0000e-12       3795     2.6347  0.000e+00
     40.719   71.20792 -157.99978     41.142     0.8919     0.8922     0.8904    32.1251    32.1381  1025.9361    25.7404    323.785    310.547  347.68535     93.126     89.328     0.1099     0.3113     3.5629     1.1187 1.0000e-12       3796     2.6354  0.000e+00
     40.719   71.20792 -157.99978     41.142     0.8916     0.8924     0.8900    32.1255    32.1380  1025.9365    25.7407    323.780    310.563  347.68718     93.124     89.333     0.1087     0.3040     3.5629     1.1187 1.0000e-12       3797     2.6361  0.000e+00
     40.780   71.20792 -157.99978     41.205     0.8917     0.8924     0.8901    32.1254    32.1384  1025.9367    25.7407    323.775    310.580  347.68648     93.123     89.338     0.1087     0.3040     3.5629     1.1187 1.0000e-12       3798     2.6368  0.000e+00
     40.719   71.20792 -157.99978     41.142     0.8916     0.8927     0.8900    32.1251    32.1383  1025.9362    25.7404    323.811    310.588  347.68829     93.132     89.341     0.1087     0.3040     3.5629     1.1187 1.0000e-12       3799     2.6375  0.000e+00
     40.719   71.20792 -157.99978     41.142     0.8914     0.8927     0.8899    32.1251    32.1382  1025.9362    25.7404    323.807    310.782  347.68976     93.131     89.397     0.1099     0.3113     3.5617     1.1201 1.0000e-12       3800     2.6382  0.000e+00
     40.719   71.20792 -157.99978     41.142     0.8914     0.8924     0.8899    32.1254    32.1386  1025.9364    25.7406    323.801    310.790  347.68909     93.130     89.399     0.1087     0.3040     3.5629     1.1187 1.0000e-12       3801     2.6389  0.000e+00
     40.719   71.20792 -157.99978     41.142     0.8915     0.8925     0.8900    32.1253    32.1381  1025.9363    25.7406    323.322    310.791  347.68830     92.992     89.399     0.1099     0.3113     3.5629     1.1187 1.0000e-12       3802     2.6396  0.000e+00
     40.719   71.20792 -157.99978     41.142     0.8916     0.8928     0.8900    32.1252    32.1375  1025.9363    25.7405    323.710    310.787  347.68795     93.104     89.398     0.1074     0.2967     3.5629     1.1187 1.0000e-12       3803     2.6403  0.000e+00
