EcoFOCI/data/1_SampleCollection/2023_SikuliaqDBO_CruiseData/CTD_raw_BottleFile_SKQ23-12S/proc/skq202312s_014.cnv
* Sea-Bird SBE 9 Data File:
* FileName = D:\CTD\SKQ202312S\SKQ202312S_014.hex
* Software Version Seasave V 7.26.7.121
* Temperature SN = 6177
* Conductivity SN = 0369
* Number of Bytes Per Scan = 41
* Number of Voltage Words = 4
* Number of Scans Averaged by the Deck Unit = 1
* NMEA Latitude = 64 40.15 N
* NMEA Longitude = 169 55.22 W
* NMEA UTC (Time) = Sep 17 2023  08:29:33
* NMEA baud rate = 4800
** Ship: R/V Sikuliaq
** Station Number: 014
** Station Name: DBO2.1
** Bottom Depth: 47
** Operator: SS
# nquan = 24
# nvalues = 6248                                  
# units = specified
# name 0 = depSM: Depth [salt water, m]
# name 1 = latitude: Latitude [deg]
# name 2 = longitude: Longitude [deg]
# name 3 = prDM: Pressure, Digiquartz [db]
# name 4 = t090C: Temperature [ITS-90, deg C]
# name 5 = t190C: Temperature, 2 [ITS-90, deg C]
# name 6 = potemp090C: Potential Temperature [ITS-90, deg C]
# name 7 = sal00: Salinity, Practical [PSU]
# name 8 = sal11: Salinity, Practical, 2 [PSU]
# name 9 = density00: Density [density, kg/m^3]
# name 10 = sigma-é00: Density [sigma-theta, kg/m^3]
# name 11 = sbox0Mm/Kg: Oxygen, SBE 43 [umol/kg]
# name 12 = sbox1Mm/Kg: Oxygen, SBE 43, 2 [umol/kg]
# name 13 = oxsolMm/Kg: Oxygen Saturation, Garcia & Gordon [umol/kg]
# name 14 = sbeox0PS: Oxygen, SBE 43 [% saturation]
# name 15 = sbeox1PS: Oxygen, SBE 43, 2 [% saturation]
# name 16 = v0: Voltage 0
# name 17 = flECO-AFL: Fluorescence, WET Labs ECO-AFL/FL [mg/m^3]
# name 18 = v1: Voltage 1
# name 19 = CStarAt0: Beam Attenuation, WET Labs C-Star [1/m]
# name 20 = par: PAR/Irradiance, Biospherical/Licor
# name 21 = scan: Scan Count
# name 22 = timeM: Time, Elapsed [minutes]
# name 23 = flag:  0.000e+00
# span 0 =      1.589,     41.088                 
# span 1 =   64.66922,   64.66926                 
# span 2 = -169.92028, -169.92020                 
# span 3 =      1.605,     41.498                 
# span 4 =     2.2405,     2.8691                 
# span 5 =     2.2414,     2.8701                 
# span 6 =     2.2404,     2.8680                 
# span 7 =    32.5535,    33.0245                 
# span 8 =    32.5026,    33.0333                 
# span 9 =  1026.0000,  1026.5178                 
# span 10 =    25.9883,    26.3240                
# span 11 =    225.340,    299.157                
# span 12 =    212.933,    286.292                
# span 13 =  328.51818,  334.83536                
# span 14 =     68.503,     89.354                
# span 15 =     64.748,     85.518                
# span 16 =     0.2271,     0.6496                
# span 17 =     1.0146,     3.5494                
# span 18 =     3.5470,     3.8327                
# span 19 =     0.8266,     1.1366                
# span 20 = 1.0000e-12, 7.3263e-01                
# span 21 =          1,       6248                
# span 22 =     0.0000,     4.3382                
# span 23 = 0.0000e+00, 0.0000e+00                
# interval = seconds: 0.0416667
# start_time = Sep 17 2023 08:33:36 [NMEA time, first data scan]
# bad_flag = -9.990e-29
*END*
[from data line 5253]
     40.397   64.66924 -169.92024     40.800     2.8161     2.8170     2.8138    33.0209    33.0308  1026.5130    26.3214    226.106    214.750  328.92471     68.741     65.295     0.2906     1.3956     3.5897     1.0887 1.0000e-12       5254     3.6479  0.000e+00
     40.405   64.66924 -169.92024     40.808     2.8158     2.8172     2.8135    33.0211    33.0308  1026.5132    26.3216    226.093    214.773  328.92692     68.736     65.302     0.2918     1.4029     3.5897     1.0887 1.0000e-12       5255     3.6486  0.000e+00
     40.405   64.66924 -169.92024     40.808     2.8160     2.8173     2.8137    33.0209    33.0305  1026.5130    26.3214    226.297    214.796  328.92613     68.799     65.309     0.2906     1.3956     3.5897     1.0887 1.0000e-12       5256     3.6493  0.000e+00
     40.405   64.66924 -169.92024     40.808     2.8161     2.8172     2.8138    33.0207    33.0304  1026.5129    26.3213    226.319    214.994  328.92513     68.806     65.369     0.2918     1.4029     3.5849     1.0941 1.0000e-12       5257     3.6500  0.000e+00
     40.459   64.66924 -169.92024     40.863     2.8160     2.8169     2.8137    33.0210    33.0307  1026.5134    26.3215    226.343    214.824  328.92569     68.813     65.317     0.2918     1.4029     3.5800     1.0996 1.0000e-12       5258     3.6507  0.000e+00
     40.351   64.66924 -169.92024     40.753     2.8160     2.8169     2.8137    33.0209    33.0309  1026.5128    26.3214    226.144    214.649  328.92595     68.752     65.264     0.2906     1.3956     3.5788     1.1009 1.0000e-12       5259     3.6514  0.000e+00
     40.467   64.66924 -169.92024     40.870     2.8161     2.8167     2.8138    33.0207    33.0308  1026.5131    26.3212    226.316    215.024  328.92532     68.805     65.378     0.2918     1.4029     3.5800     1.0996 1.0000e-12       5260     3.6521  0.000e+00
     40.405   64.66924 -169.92024     40.808     2.8160     2.8167     2.8137    33.0211    33.0308  1026.5132    26.3216    226.118    215.046  328.92562     68.745     65.384     0.2906     1.3956     3.5800     1.0996 1.0000e-12       5261     3.6528  0.000e+00
     40.467   64.66924 -169.92024     40.870     2.8160     2.8166     2.8137    33.0209    33.0307  1026.5133    26.3214    226.109    214.876  328.92611     68.741     65.332     0.2918     1.4029     3.5800     1.0996 1.0000e-12       5262     3.6535  0.000e+00
     40.397   64.66924 -169.92024     40.800     2.8160     2.8167     2.8137    33.0206    33.0303  1026.5128    26.3212    226.060    214.874  328.92673     68.726     65.332     0.2906     1.3956     3.5800     1.0996 1.0000e-12       5263     3.6542  0.000e+00
     40.467   64.66924 -169.92024     40.870     2.8160     2.8166     2.8137    33.0208    33.0304  1026.5132    26.3213    226.270    215.096  328.92631     68.790     65.399     0.2918     1.4029     3.5800     1.0996 1.0000e-12       5264     3.6549  0.000e+00
     40.467   64.66924 -169.92024     40.870     2.8158     2.8164     2.8135    33.0208    33.0305  1026.5132    26.3213    226.040    214.924  328.92762     68.720     65.347     0.2906     1.3956     3.5800     1.0996 1.0000e-12       5265     3.6556  0.000e+00
     40.467   64.66924 -169.92024     40.870     2.8158     2.8166     2.8135    33.0207    33.0306  1026.5132    26.3213    226.212    214.923  328.92782     68.773     65.347     0.2918     1.4029     3.5800     1.0996 1.0000e-12       5266     3.6563  0.000e+00
     40.513   64.66924 -169.92024     40.917     2.8158     2.8164     2.8135    33.0211    33.0306  1026.5137    26.3216    226.236    214.925  328.92687     68.780     65.347     0.2930     1.4102     3.5800     1.0996 1.0000e-12       5267     3.6569  0.000e+00
     40.467   64.66924 -169.92024     40.870     2.8158     2.8161     2.8135    33.0213    33.0311  1026.5136    26.3217    226.040    215.145  328.92640     68.720     65.414     0.2906     1.3956     3.5800     1.0996 1.0000e-12       5268     3.6576  0.000e+00
     40.521   64.66924 -169.92024     40.925     2.8158     2.8164     2.8135    33.0213    33.0306  1026.5139    26.3217    226.031    214.972  328.92647     68.718     65.361     0.2906     1.3956     3.5800     1.0996 1.0000e-12       5269     3.6583  0.000e+00
     40.467   64.66924 -169.92024     40.870     2.8160     2.8164     2.8137    33.0209    33.0309  1026.5133    26.3214    226.239    214.775  328.92611     68.781     65.301     0.2894     1.3883     3.5800     1.0996 1.0000e-12       5270     3.6590  0.000e+00
     40.513   64.66924 -169.92024     40.917     2.8158     2.8161     2.8135    33.0210    33.0312  1026.5136    26.3215    226.267    215.123  328.92707     68.790     65.407     0.2906     1.3956     3.5800     1.0996 1.0000e-12       5271     3.6597  0.000e+00
     40.521   64.66924 -169.92024     40.925     2.8160     2.8158     2.8137    33.0208    33.0312  1026.5135    26.3213    226.075    214.903  328.92629     68.731     65.340     0.2894     1.3883     3.5800     1.0996 1.0000e-12       5272     3.6604  0.000e+00
     40.521   64.66924 -169.92024     40.925     2.8160     2.8155     2.8137    33.0208    33.0310  1026.5135    26.3213    226.249    214.879  328.92629     68.784     65.332     0.2906     1.3956     3.5800     1.0996 1.0000e-12       5273     3.6611  0.000e+00
     40.582   64.66924 -169.92024     40.987     2.8160     2.8155     2.8137    33.0210    33.0310  1026.5139    26.3215    226.277    214.681  328.92586     68.793     65.272     0.2894     1.3883     3.5800     1.0996 1.0000e-12       5274     3.6618  0.000e+00
     40.575   64.66924 -169.92024     40.979     2.8160     2.8156     2.8137    33.0208    33.0306  1026.5138    26.3213    226.304    214.850  328.92626     68.801     65.323     0.2906     1.3956     3.5788     1.1009 1.0000e-12       5275     3.6625  0.000e+00
     40.521   64.66924 -169.92024     40.925     2.8160     2.8151     2.8137    33.0208    33.0307  1026.5135    26.3213    226.329    214.849  328.92629     68.808     65.322     0.2906     1.3956     3.5788     1.1009 1.0000e-12       5276     3.6632  0.000e+00
     40.582   64.66924 -169.92024     40.987     2.8161     2.8156     2.8138    33.0209    33.0304  1026.5138    26.3214    226.356    215.017  328.92476     68.817     65.374     0.2894     1.3883     3.5873     1.0914 1.0000e-12       5277     3.6639  0.000e+00
     40.636   64.66924 -169.92024     41.042     2.8160     2.8155     2.8136    33.0210    33.0307  1026.5142    26.3215    226.385    214.842  328.92573     68.826     65.320     0.2906     1.3956     3.5958     1.0819 1.0000e-12       5278     3.6646  0.000e+00
     40.582   64.66924 -169.92024     40.987     2.8160     2.8156     2.8137    33.0211    33.0304  1026.5140    26.3215    226.192    214.835  328.92566     68.767     65.318     0.2894     1.3883     3.5983     1.0791 1.0000e-12       5279     3.6653  0.000e+00
     40.629   64.66924 -169.92024     41.034     2.8158     2.8156     2.8135    33.0210    33.0310  1026.5141    26.3215    226.406    214.830  328.92723     68.831     65.317     0.2906     1.3956     3.5971     1.0805 1.0000e-12       5280     3.6660  0.000e+00
     40.582   64.66924 -169.92024     40.987     2.8158     2.8156     2.8135    33.0211    33.0310  1026.5141    26.3216    226.213    214.824  328.92676     68.773     65.315     0.2894     1.3883     3.5971     1.0805 1.0000e-12       5281     3.6667  0.000e+00
     40.636   64.66924 -169.92024     41.042     2.8158     2.8156     2.8135    33.0205    33.0307  1026.5138    26.3211    226.210    214.821  328.92825     68.772     65.314     0.2906     1.3956     3.5971     1.0805 1.0000e-12       5282     3.6674  0.000e+00
     40.690   64.66924 -169.92024     41.096     2.8158     2.8158     2.8135    33.0207    33.0306  1026.5142    26.3213    226.462    214.793  328.92782     68.849     65.306     0.2894     1.3883     3.5971     1.0805 1.0000e-12       5283     3.6681  0.000e+00
     40.629   64.66924 -169.92024     41.034     2.8158     2.8158     2.8135    33.0210    33.0307  1026.5141    26.3215    226.456    214.786  328.92723     68.847     65.304     0.2906     1.3956     3.5971     1.0805 1.0000e-12       5284     3.6688  0.000e+00
     40.690   64.66924 -169.92024     41.096     2.8155     2.8158     2.8132    33.0208    33.0306  1026.5143    26.3214    226.235    214.782  328.93022     68.779     65.302     0.2906     1.3956     3.5971     1.0805 1.0000e-12       5285     3.6694  0.000e+00
     40.690   64.66924 -169.92024     41.096     2.8153     2.8158     2.8130    33.0212    33.0309  1026.5147    26.3217    226.450    214.556  328.93051     68.844     65.234     0.2906     1.3956     3.5971     1.0805 1.0000e-12       5286     3.6701  0.000e+00
     40.690   64.66924 -169.92024     41.096     2.8156     2.8158     2.8133    33.0208    33.0308  1026.5143    26.3214    226.480    214.723  328.92892     68.854     65.285     0.2906     1.3956     3.5971     1.0805 1.0000e-12       5287     3.6708  0.000e+00
     40.683   64.66924 -169.92024     41.089     2.8153     2.8159     2.8130    33.0211    33.0307  1026.5145    26.3216    226.512    214.912  328.93081     68.863     65.342     0.2894     1.3883     3.5971     1.0805 1.0000e-12       5288     3.6715  0.000e+00
     40.690   64.66924 -169.92024     41.096     2.8155     2.8159     2.8132    33.0207    33.0305  1026.5142    26.3213    226.543    214.733  328.93053     68.873     65.288     0.2906     1.3956     3.5971     1.0805 1.0000e-12       5289     3.6722  0.000e+00
     40.752   64.66924 -169.92024     41.159     2.8155     2.8156     2.8132    33.0209    33.0312  1026.5147    26.3214    226.539    214.729  328.93011     68.871     65.286     0.2894     1.3883     3.5971     1.0805 1.0000e-12       5290     3.6729  0.000e+00
     40.752   64.66924 -169.92024     41.159     2.8155     2.8158     2.8132    33.0208    33.0307  1026.5146    26.3214    226.568    214.550  328.92970     68.880     65.232     0.2906     1.3956     3.5971     1.0805 1.0000e-12       5291     3.6736  0.000e+00
     40.744   64.66924 -169.92024     41.151     2.8153     2.8155     2.8130    33.0211    33.0310  1026.5148    26.3216    226.598    214.720  328.93089     68.889     65.283     0.2894     1.3883     3.5971     1.0805 1.0000e-12       5292     3.6743  0.000e+00
     40.752   64.66924 -169.92024     41.159     2.8151     2.8156     2.8128    33.0214    33.0307  1026.5152    26.3219    226.373    214.715  328.93129     68.821     65.282     0.2906     1.3956     3.5971     1.0805 1.0000e-12       5293     3.6750  0.000e+00
     40.752   64.66924 -169.92024     41.159     2.8153     2.8156     2.8130    33.0211    33.0308  1026.5149    26.3216    226.585    214.710  328.93080     68.885     65.280     0.2747     1.3004     3.5971     1.0805 1.0000e-12       5294     3.6757  0.000e+00
     40.806   64.66924 -169.92024     41.213     2.8150     2.8155     2.8127    33.0211    33.0310  1026.5152    26.3217    226.581    214.903  328.93338     68.884     65.339     0.2564     1.1905     3.5971     1.0805 1.0000e-12       5295     3.6764  0.000e+00
     40.752   64.66924 -169.92024     41.159     2.8151     2.8153     2.8128    33.0207    33.0307  1026.5146    26.3213    226.570    214.920  328.93312     68.880     65.344     0.2540     1.1758     3.5971     1.0805 1.0000e-12       5296     3.6771  0.000e+00
     40.860   64.66924 -169.92024     41.268     2.8151     2.8155     2.8128    33.0211    33.0308  1026.5154    26.3216    226.600    214.938  328.93215     68.889     65.350     0.2540     1.1758     3.6007     1.0764 1.0000e-12       5297     3.6778  0.000e+00
     40.806   64.66924 -169.92024     41.213     2.8151     2.8155     2.8128    33.0210    33.0310  1026.5151    26.3216    226.625    214.756  328.93238     68.897     65.294     0.2540     1.1758     3.6093     1.0669 1.0000e-12       5298     3.6785  0.000e+00
     40.806   64.66924 -169.92024     41.213     2.8150     2.8155     2.8127    33.0208    33.0311  1026.5149    26.3214    226.616    214.748  328.93409     68.894     65.292     0.2540     1.1758     3.6117     1.0642 1.0000e-12       5299     3.6792  0.000e+00
     40.806   64.66924 -169.92024     41.213     2.8148     2.8155     2.8125    33.0210    33.0310  1026.5151    26.3216    226.568    214.936  328.93509     68.879     65.349     0.2552     1.1831     3.6117     1.0642 1.0000e-12       5300     3.6799  0.000e+00
     40.860   64.66924 -169.92024     41.268     2.8151     2.8155     2.8128    33.0208    33.0309  1026.5152    26.3214    226.590    214.976  328.93286     68.886     65.361     0.2540     1.1758     3.6117     1.0642 1.0000e-12       5301     3.6806  0.000e+00
     40.806   64.66924 -169.92024     41.213     2.8147     2.8151     2.8124    33.0212    33.0309  1026.5152    26.3217    226.613    214.819  328.93588     68.893     65.313     0.2540     1.1758     3.6117     1.0642 1.0000e-12       5302     3.6812  0.000e+00
     40.868   64.66924 -169.92024     41.276     2.8147     2.8153     2.8123    33.0213    33.0307  1026.5157    26.3219    226.600    214.813  328.93546     68.889     65.311     0.2552     1.1831     3.6117     1.0642 1.0000e-12       5303     3.6819  0.000e+00
     40.868   64.66924 -169.92024     41.276     2.8145     2.8151     2.8122    33.0211    33.0307  1026.5155    26.3217    226.585    215.002  328.93727     68.884     65.368     0.2540     1.1758     3.6117     1.0642 1.0000e-12       5304     3.6826  0.000e+00
     40.860   64.66924 -169.92024     41.268     2.8145     2.8153     2.8122    33.0210    33.0305  1026.5154    26.3216    226.604    214.819  328.93767     68.890     65.313     0.2552     1.1831     3.6117     1.0642 1.0000e-12       5305     3.6833  0.000e+00
     40.868   64.66924 -169.92024     41.276     2.8145     2.8150     2.8122    33.0210    33.0308  1026.5154    26.3216    226.623    215.032  328.93768     68.896     65.377     0.2540     1.1758     3.6117     1.0642 1.0000e-12       5306     3.6840  0.000e+00
     40.868   64.66924 -169.92022     41.276     2.8143     2.8150     2.8120    33.0213    33.0305  1026.5157    26.3219    226.643    215.047  328.93807     68.901     65.382     0.2540     1.1758     3.6117     1.0642 1.0000e-12       5307     3.6847  0.000e+00
     40.922   64.66924 -169.92022     41.330     2.8147     2.8151     2.8123    33.0211    33.0306  1026.5157    26.3217    226.625    215.037  328.93614     68.896     65.379     0.2540     1.1758     3.6117     1.0642 1.0000e-12       5308     3.6854  0.000e+00
     40.868   64.66924 -169.92022     41.276     2.8147     2.8151     2.8123    33.0215    33.0308  1026.5158    26.3220    226.641    215.070  328.93505     68.901     65.389     0.2552     1.1831     3.6117     1.0642 1.0000e-12       5309     3.6861  0.000e+00
     40.914   64.66924 -169.92022     41.322     2.8143     2.8151     2.8120    33.0209    33.0307  1026.5156    26.3216    226.626    215.303  328.93905     68.896     65.460     0.2540     1.1758     3.6117     1.0642 1.0000e-12       5310     3.6868  0.000e+00
     40.868   64.66924 -169.92022     41.276     2.8147     2.8151     2.8123    33.0207    33.0307  1026.5151    26.3214    226.602    214.944  328.93709     68.889     65.351     0.2552     1.1831     3.6117     1.0642 1.0000e-12       5311     3.6875  0.000e+00
     40.922   64.66924 -169.92022     41.330     2.8145     2.8151     2.8122    33.0211    33.0306  1026.5158    26.3217    226.582    215.129  328.93724     68.883     65.407     0.2552     1.1831     3.6117     1.0642 1.0000e-12       5312     3.6882  0.000e+00
     40.922   64.66924 -169.92022     41.330     2.8145     2.8153     2.8122    33.0212    33.0308  1026.5159    26.3218    226.595    214.965  328.93704     68.887     65.358     0.2552     1.1831     3.6117     1.0642 1.0000e-12       5313     3.6889  0.000e+00
