EcoFOCI/data/1_SampleCollection/2023_SikuliaqDBO_CruiseData/CTD_raw_BottleFile_SKQ23-12S/proc/skq202312s_011svp.cnv
* Sea-Bird SBE 9 Data File:
* FileName = D:\CTD\SKQ202312S\SKQ202312S_011.hex
* Software Version Seasave V 7.26.7.121
* Temperature SN = 6177
* Conductivity SN = 0369
* Number of Bytes Per Scan = 41
* Number of Voltage Words = 4
* Number of Scans Averaged by the Deck Unit = 1
* NMEA Latitude = 63 36.26 N
* NMEA Longitude = 172 35.70 W
* NMEA UTC (Time) = Sep 16 2023  18:45:33
* NMEA baud rate = 4800
** Ship: R/V Sikuliaq
** Station Number: 011
** Station Name: DBO1.10
** Bottom Depth: 53
** Operator: SD
# nquan = 7
# nvalues = 4826                                  
# units = specified
# name 0 = depSM: Depth [salt water, m]
# name 1 = latitude: Latitude [deg]
# name 2 = longitude: Longitude [deg]
# name 3 = t090C: Temperature [ITS-90, deg C]
# name 4 = sal00: Salinity, Practical [PSU]
# name 5 = svCM: Sound Velocity [Chen-Millero, m/s]
# name 6 = flag:  0.000e+00
# span 0 =      1.795,     48.538                 
# span 1 =   63.60454,   63.60480                 
# span 2 = -172.59616, -172.59548                 
# span 3 =    -0.1031,     7.7200                 
# span 4 =    31.6487,    32.4655                 
# span 5 =    1445.94,    1477.59                 
# span 6 = 0.0000e+00, 0.0000e+00                 
# interval = seconds: 0.0416667
# start_time = Sep 16 2023 18:47:53 [NMEA time, first data scan]
# bad_flag = -9.990e-29
*END*
[from data line 821]
      5.856   63.60462 -172.59560     7.7066    31.6559    1477.31  0.000e+00
      5.802   63.60462 -172.59560     7.7068    31.6561    1477.31  0.000e+00
      5.856   63.60462 -172.59560     7.7070    31.6564    1477.31  0.000e+00
      5.856   63.60462 -172.59560     7.7068    31.6570    1477.31  0.000e+00
      5.917   63.60462 -172.59560     7.7070    31.6569    1477.31  0.000e+00
      5.856   63.60462 -172.59560     7.7070    31.6571    1477.31  0.000e+00
      5.917   63.60462 -172.59560     7.7071    31.6570    1477.31  0.000e+00
      5.802   63.60462 -172.59560     7.7073    31.6572    1477.31  0.000e+00
      6.002   63.60462 -172.59560     7.7076    31.6572    1477.32  0.000e+00
      5.971   63.60462 -172.59560     7.7076    31.6570    1477.31  0.000e+00
      5.917   63.60462 -172.59560     7.7076    31.6570    1477.31  0.000e+00
      5.971   63.60462 -172.59560     7.7076    31.6572    1477.31  0.000e+00
      5.971   63.60462 -172.59560     7.7076    31.6569    1477.31  0.000e+00
      5.971   63.60462 -172.59560     7.7078    31.6569    1477.31  0.000e+00
      6.033   63.60462 -172.59560     7.7076    31.6569    1477.32  0.000e+00
      6.033   63.60462 -172.59560     7.7078    31.6568    1477.32  0.000e+00
      6.033   63.60462 -172.59560     7.7076    31.6568    1477.31  0.000e+00
      6.033   63.60462 -172.59560     7.7073    31.6571    1477.31  0.000e+00
      6.087   63.60462 -172.59560     7.7073    31.6568    1477.31  0.000e+00
      6.064   63.60462 -172.59560     7.7074    31.6566    1477.31  0.000e+00
      6.087   63.60462 -172.59560     7.7071    31.6565    1477.31  0.000e+00
      6.087   63.60462 -172.59560     7.7073    31.6570    1477.31  0.000e+00
      6.149   63.60462 -172.59560     7.7074    31.6569    1477.32  0.000e+00
      6.149   63.60462 -172.59560     7.7073    31.6570    1477.32  0.000e+00
      6.149   63.60462 -172.59560     7.7074    31.6569    1477.32  0.000e+00
      6.149   63.60462 -172.59560     7.7071    31.6565    1477.31  0.000e+00
      6.203   63.60462 -172.59560     7.7066    31.6565    1477.31  0.000e+00
      6.256   63.60462 -172.59560     7.7063    31.6565    1477.31  0.000e+00
      6.202   63.60462 -172.59560     7.7061    31.6564    1477.31  0.000e+00
      6.202   63.60462 -172.59560     7.7063    31.6568    1477.31  0.000e+00
      6.256   63.60462 -172.59560     7.7060    31.6571    1477.31  0.000e+00
      6.287   63.60462 -172.59560     7.7061    31.6566    1477.31  0.000e+00
      6.256   63.60462 -172.59560     7.7063    31.6564    1477.31  0.000e+00
      6.318   63.60462 -172.59560     7.7061    31.6568    1477.31  0.000e+00
      6.318   63.60462 -172.59560     7.7064    31.6570    1477.32  0.000e+00
      6.372   63.60462 -172.59560     7.7066    31.6567    1477.32  0.000e+00
      6.318   63.60462 -172.59560     7.7063    31.6572    1477.32  0.000e+00
      6.372   63.60462 -172.59560     7.7061    31.6568    1477.31  0.000e+00
      6.372   63.60462 -172.59560     7.7058    31.6564    1477.31  0.000e+00
      6.434   63.60462 -172.59560     7.7060    31.6565    1477.32  0.000e+00
      6.372   63.60462 -172.59560     7.7061    31.6566    1477.31  0.000e+00
      6.434   63.60462 -172.59560     7.7060    31.6572    1477.32  0.000e+00
      6.465   63.60462 -172.59560     7.7063    31.6568    1477.32  0.000e+00
      6.488   63.60462 -172.59560     7.7063    31.6567    1477.32  0.000e+00
      6.488   63.60462 -172.59560     7.7060    31.6565    1477.32  0.000e+00
      6.488   63.60462 -172.59560     7.7060    31.6564    1477.32  0.000e+00
      6.488   63.60462 -172.59560     7.7058    31.6569    1477.32  0.000e+00
      6.549   63.60462 -172.59560     7.7060    31.6567    1477.32  0.000e+00
      6.549   63.60462 -172.59560     7.7060    31.6566    1477.32  0.000e+00
      6.549   63.60462 -172.59560     7.7060    31.6568    1477.32  0.000e+00
      6.549   63.60462 -172.59560     7.7061    31.6570    1477.32  0.000e+00
      6.603   63.60462 -172.59560     7.7061    31.6565    1477.32  0.000e+00
      6.572   63.60462 -172.59560     7.7064    31.6562    1477.32  0.000e+00
      6.603   63.60462 -172.59560     7.7063    31.6565    1477.32  0.000e+00
      6.603   63.60462 -172.59560     7.7063    31.6560    1477.32  0.000e+00
      6.657   63.60462 -172.59560     7.7064    31.6556    1477.32  0.000e+00
      6.657   63.60462 -172.59560     7.7065    31.6553    1477.32  0.000e+00
      6.657   63.60462 -172.59560     7.7066    31.6553    1477.32  0.000e+00
      6.603   63.60462 -172.59560     7.7065    31.6556    1477.32  0.000e+00
      6.719   63.60462 -172.59560     7.7066    31.6554    1477.32  0.000e+00
      6.657   63.60462 -172.59560     7.7066    31.6556    1477.32  0.000e+00
      6.719   63.60462 -172.59560     7.7066    31.6556    1477.32  0.000e+00
      6.603   63.60462 -172.59560     7.7066    31.6557    1477.32  0.000e+00
      6.804   63.60462 -172.59560     7.7064    31.6539    1477.32  0.000e+00
      6.719   63.60462 -172.59560     7.7068    31.6547    1477.32  0.000e+00
      6.719   63.60462 -172.59560     7.7068    31.6553    1477.32  0.000e+00
      6.719   63.60462 -172.59560     7.7068    31.6554    1477.32  0.000e+00
      6.719   63.60462 -172.59560     7.7070    31.6551    1477.32  0.000e+00
      6.773   63.60462 -172.59560     7.7068    31.6548    1477.32  0.000e+00
      6.719   63.60462 -172.59560     7.7066    31.6553    1477.32  0.000e+00
      6.773   63.60462 -172.59560     7.7068    31.6550    1477.32  0.000e+00
      6.719   63.60462 -172.59560     7.7065    31.6550    1477.32  0.000e+00
      6.773   63.60462 -172.59560     7.7066    31.6550    1477.32  0.000e+00
      6.804   63.60462 -172.59560     7.7063    31.6550    1477.32  0.000e+00
      6.719   63.60462 -172.59560     7.7065    31.6549    1477.32  0.000e+00
      6.773   63.60462 -172.59560     7.7061    31.6549    1477.32  0.000e+00
      6.773   63.60462 -172.59560     7.7061    31.6551    1477.32  0.000e+00
      6.773   63.60462 -172.59560     7.7063    31.6547    1477.32  0.000e+00
      6.773   63.60462 -172.59560     7.7061    31.6549    1477.32  0.000e+00
      6.773   63.60462 -172.59560     7.7063    31.6549    1477.32  0.000e+00
      6.835   63.60462 -172.59560     7.7063    31.6553    1477.32  0.000e+00
      6.773   63.60462 -172.59560     7.7064    31.6550    1477.32  0.000e+00
      6.719   63.60462 -172.59560     7.7063    31.6551    1477.32  0.000e+00
      6.804   63.60462 -172.59560     7.7066    31.6552    1477.32  0.000e+00
      6.834   63.60462 -172.59560     7.7065    31.6553    1477.32  0.000e+00
      6.773   63.60462 -172.59560     7.7065    31.6554    1477.32  0.000e+00
      6.834   63.60462 -172.59560     7.7066    31.6555    1477.32  0.000e+00
      6.773   63.60462 -172.59560     7.7066    31.6558    1477.32  0.000e+00
      6.773   63.60462 -172.59560     7.7066    31.6562    1477.32  0.000e+00
      6.834   63.60462 -172.59560     7.7070    31.6557    1477.32  0.000e+00
      6.773   63.60462 -172.59560     7.7070    31.6554    1477.32  0.000e+00
      6.834   63.60462 -172.59560     7.7073    31.6554    1477.33  0.000e+00
      6.804   63.60462 -172.59560     7.7070    31.6556    1477.32  0.000e+00
      6.773   63.60462 -172.59560     7.7069    31.6554    1477.32  0.000e+00
      6.834   63.60462 -172.59560     7.7071    31.6552    1477.32  0.000e+00
      6.773   63.60462 -172.59560     7.7068    31.6553    1477.32  0.000e+00
      6.834   63.60462 -172.59560     7.7068    31.6555    1477.32  0.000e+00
      6.834   63.60462 -172.59560     7.7068    31.6553    1477.32  0.000e+00
      6.834   63.60462 -172.59560     7.7068    31.6552    1477.32  0.000e+00
      6.773   63.60462 -172.59560     7.7068    31.6555    1477.32  0.000e+00
      6.834   63.60462 -172.59560     7.7066    31.6554    1477.32  0.000e+00
      6.834   63.60462 -172.59560     7.7068    31.6551    1477.32  0.000e+00
      6.803   63.60462 -172.59560     7.7068    31.6554    1477.32  0.000e+00
      6.834   63.60462 -172.59560     7.7068    31.6553    1477.32  0.000e+00
      6.834   63.60462 -172.59560     7.7066    31.6553    1477.32  0.000e+00
      6.834   63.60462 -172.59560     7.7070    31.6548    1477.32  0.000e+00
      6.888   63.60462 -172.59560     7.7066    31.6550    1477.32  0.000e+00
      6.834   63.60462 -172.59560     7.7065    31.6552    1477.32  0.000e+00
      6.834   63.60462 -172.59560     7.7066    31.6553    1477.32  0.000e+00
      6.834   63.60462 -172.59560     7.7064    31.6549    1477.32  0.000e+00
      6.834   63.60462 -172.59560     7.7065    31.6551    1477.32  0.000e+00
      6.888   63.60462 -172.59560     7.7063    31.6555    1477.32  0.000e+00
      6.865   63.60462 -172.59560     7.7061    31.6552    1477.32  0.000e+00
      6.834   63.60462 -172.59560     7.7063    31.6550    1477.32  0.000e+00
      6.888   63.60462 -172.59560     7.7061    31.6550    1477.32  0.000e+00
      6.888   63.60462 -172.59560     7.7061    31.6551    1477.32  0.000e+00
      6.888   63.60462 -172.59560     7.7061    31.6552    1477.32  0.000e+00
      6.888   63.60462 -172.59560     7.7063    31.6550    1477.32  0.000e+00
      6.888   63.60462 -172.59560     7.7061    31.6550    1477.32  0.000e+00
      6.888   63.60462 -172.59560     7.7061    31.6550    1477.32  0.000e+00
      6.888   63.60462 -172.59560     7.7061    31.6550    1477.32  0.000e+00
      6.950   63.60462 -172.59560     7.7061    31.6551    1477.32  0.000e+00
      6.919   63.60462 -172.59560     7.7061    31.6550    1477.32  0.000e+00
      6.950   63.60462 -172.59560     7.7063    31.6546    1477.32  0.000e+00
      6.950   63.60462 -172.59560     7.7061    31.6547    1477.32  0.000e+00
      6.950   63.60462 -172.59560     7.7061    31.6549    1477.32  0.000e+00
      6.950   63.60462 -172.59560     7.7060    31.6552    1477.32  0.000e+00
      6.950   63.60462 -172.59560     7.7063    31.6546    1477.32  0.000e+00
      7.004   63.60462 -172.59560     7.7061    31.6544    1477.32  0.000e+00
      7.058   63.60462 -172.59560     7.7061    31.6547    1477.32  0.000e+00
      6.950   63.60462 -172.59560     7.7060    31.6551    1477.32  0.000e+00
      6.950   63.60462 -172.59560     7.7058    31.6550    1477.32  0.000e+00
      7.150   63.60462 -172.59560     7.7060    31.6548    1477.32  0.000e+00
      7.058   63.60462 -172.59560     7.7058    31.6549    1477.32  0.000e+00
      7.004   63.60462 -172.59560     7.7060    31.6550    1477.32  0.000e+00
      7.119   63.60462 -172.59560     7.7060    31.6550    1477.32  0.000e+00
      7.058   63.60462 -172.59560     7.7061    31.6551    1477.32  0.000e+00
      7.119   63.60462 -172.59560     7.7061    31.6549    1477.32  0.000e+00
      7.119   63.60462 -172.59560     7.7061    31.6548    1477.32  0.000e+00
      7.173   63.60462 -172.59560     7.7061    31.6546    1477.33  0.000e+00
      7.119   63.60462 -172.59562     7.7061    31.6550    1477.33  0.000e+00
      7.204   63.60462 -172.59562     7.7061    31.6549    1477.33  0.000e+00
      7.173   63.60462 -172.59562     7.7061    31.6550    1477.33  0.000e+00
      7.173   63.60462 -172.59562     7.7061    31.6553    1477.33  0.000e+00
      7.235   63.60462 -172.59562     7.7061    31.6549    1477.33  0.000e+00
      7.235   63.60462 -172.59562     7.7061    31.6550    1477.33  0.000e+00
      7.235   63.60462 -172.59562     7.7060    31.6550    1477.33  0.000e+00
      7.289   63.60462 -172.59562     7.7060    31.6552    1477.33  0.000e+00
      7.289   63.60462 -172.59562     7.7061    31.6553    1477.33  0.000e+00
      7.289   63.60462 -172.59562     7.7061    31.6551    1477.33  0.000e+00
      7.320   63.60462 -172.59562     7.7060    31.6552    1477.33  0.000e+00
      7.289   63.60462 -172.59562     7.7061    31.6554    1477.33  0.000e+00
      7.405   63.60462 -172.59562     7.7061    31.6551    1477.33  0.000e+00
      7.343   63.60462 -172.59562     7.7061    31.6548    1477.33  0.000e+00
      7.343   63.60462 -172.59562     7.7060    31.6551    1477.33  0.000e+00
      7.404   63.60462 -172.59562     7.7061    31.6552    1477.33  0.000e+00
      7.343   63.60462 -172.59562     7.7061    31.6553    1477.33  0.000e+00
      7.404   63.60462 -172.59562     7.7061    31.6552    1477.33  0.000e+00
      7.458   63.60462 -172.59562     7.7061    31.6550    1477.33  0.000e+00
      7.374   63.60462 -172.59562     7.7061    31.6552    1477.33  0.000e+00
      7.458   63.60462 -172.59562     7.7060    31.6554    1477.33  0.000e+00
      7.458   63.60462 -172.59562     7.7061    31.6554    1477.33  0.000e+00
      7.458   63.60462 -172.59562     7.7058    31.6553    1477.33  0.000e+00
      7.458   63.60462 -172.59562     7.7060    31.6549    1477.33  0.000e+00
      7.458   63.60462 -172.59562     7.7058    31.6554    1477.33  0.000e+00
      7.520   63.60462 -172.59562     7.7058    31.6557    1477.33  0.000e+00
      7.458   63.60462 -172.59562     7.7056    31.6557    1477.33  0.000e+00
      7.489   63.60462 -172.59562     7.7056    31.6558    1477.33  0.000e+00
      7.520   63.60462 -172.59562     7.7053    31.6560    1477.33  0.000e+00
      7.520   63.60462 -172.59562     7.7053    31.6559    1477.33  0.000e+00
      7.520   63.60462 -172.59562     7.7056    31.6557    1477.33  0.000e+00
      7.458   63.60462 -172.59562     7.7053    31.6547    1477.33  0.000e+00
      7.574   63.60462 -172.59562     7.7053    31.6548    1477.33  0.000e+00
      7.520   63.60462 -172.59562     7.7056    31.6555    1477.33  0.000e+00
      7.520   63.60462 -172.59562     7.7053    31.6559    1477.33  0.000e+00
      7.520   63.60462 -172.59562     7.7055    31.6558    1477.33  0.000e+00
      7.489   63.60462 -172.59562     7.7053    31.6526    1477.33  0.000e+00
      7.574   63.60462 -172.59562     7.7058    31.6527    1477.33  0.000e+00
      7.520   63.60462 -172.59562     7.7056    31.6550    1477.33  0.000e+00
      7.520   63.60462 -172.59562     7.7060    31.6557    1477.33  0.000e+00
      7.520   63.60462 -172.59562     7.7060    31.6559    1477.33  0.000e+00
      7.520   63.60462 -172.59562     7.7061    31.6553    1477.33  0.000e+00
      7.520   63.60462 -172.59562     7.7060    31.6554    1477.33  0.000e+00
      7.520   63.60462 -172.59562     7.7063    31.6554    1477.33  0.000e+00
      7.520   63.60462 -172.59562     7.7061    31.6555    1477.33  0.000e+00
      7.489   63.60462 -172.59562     7.7060    31.6554    1477.33  0.000e+00
      7.458   63.60462 -172.59562     7.7063    31.6555    1477.33  0.000e+00
      7.520   63.60462 -172.59562     7.7061    31.6556    1477.33  0.000e+00
      7.458   63.60462 -172.59562     7.7061    31.6554    1477.33  0.000e+00
      7.458   63.60462 -172.59562     7.7061    31.6557    1477.33  0.000e+00
      7.458   63.60462 -172.59562     7.7061    31.6554    1477.33  0.000e+00
      7.458   63.60462 -172.59562     7.7060    31.6556    1477.33  0.000e+00
      7.458   63.60462 -172.59562     7.7061    31.6555    1477.33  0.000e+00
      7.435   63.60462 -172.59562     7.7060    31.6560    1477.33  0.000e+00
      7.404   63.60462 -172.59562     7.7058    31.6560    1477.33  0.000e+00
      7.458   63.60462 -172.59562     7.7060    31.6554    1477.33  0.000e+00
      7.404   63.60462 -172.59562     7.7060    31.6560    1477.33  0.000e+00
      7.342   63.60462 -172.59562     7.7061    31.6553    1477.33  0.000e+00
      7.404   63.60462 -172.59562     7.7058    31.6560    1477.33  0.000e+00
      7.342   63.60462 -172.59562     7.7058    31.6558    1477.33  0.000e+00
      7.404   63.60462 -172.59562     7.7058    31.6555    1477.33  0.000e+00
      7.288   63.60462 -172.59562     7.7056    31.6560    1477.33  0.000e+00
      7.319   63.60462 -172.59562     7.7058    31.6557    1477.33  0.000e+00
      7.342   63.60462 -172.59562     7.7058    31.6557    1477.33  0.000e+00
