EcoFOCI/data/1_SampleCollection/2023_SikuliaqDBO_CruiseData/CTD_raw_BottleFile_SKQ23-12S/proc/skq202312s_076.cnv
* Sea-Bird SBE 9 Data File:
* FileName = D:\CTD\SKQ202312S\SKQ202312S_076.hex
* Software Version Seasave V 7.26.7.121
* Temperature SN = 6177
* Conductivity SN = 0369
* Number of Bytes Per Scan = 41
* Number of Voltage Words = 4
* Number of Scans Averaged by the Deck Unit = 1
* NMEA Latitude = 68 18.13 N
* NMEA Longitude = 166 55.58 W
* NMEA UTC (Time) = Oct 02 2023  08:17:28
* NMEA baud rate = 4800
** Ship: R/V Sikuliaq
** Station Number: 076
** Station Name: DBO3.1
** Bottom Depth: 34
** Operator: SD
# nquan = 24
# nvalues = 4366                                  
# units = specified
# name 0 = depSM: Depth [salt water, m]
# name 1 = latitude: Latitude [deg]
# name 2 = longitude: Longitude [deg]
# name 3 = prDM: Pressure, Digiquartz [db]
# name 4 = t090C: Temperature [ITS-90, deg C]
# name 5 = t190C: Temperature, 2 [ITS-90, deg C]
# name 6 = potemp090C: Potential Temperature [ITS-90, deg C]
# name 7 = sal00: Salinity, Practical [PSU]
# name 8 = sal11: Salinity, Practical, 2 [PSU]
# name 9 = density00: Density [density, kg/m^3]
# name 10 = sigma-é00: Density [sigma-theta, kg/m^3]
# name 11 = sbox0Mm/Kg: Oxygen, SBE 43 [umol/kg]
# name 12 = sbox1Mm/Kg: Oxygen, SBE 43, 2 [umol/kg]
# name 13 = oxsolMm/Kg: Oxygen Saturation, Garcia & Gordon [umol/kg]
# name 14 = sbeox0PS: Oxygen, SBE 43 [% saturation]
# name 15 = sbeox1PS: Oxygen, SBE 43, 2 [% saturation]
# name 16 = v0: Voltage 0
# name 17 = flECO-AFL: Fluorescence, WET Labs ECO-AFL/FL [mg/m^3]
# name 18 = v1: Voltage 1
# name 19 = CStarAt0: Beam Attenuation, WET Labs C-Star [1/m]
# name 20 = par: PAR/Irradiance, Biospherical/Licor
# name 21 = scan: Scan Count
# name 22 = timeM: Time, Elapsed [minutes]
# name 23 = flag:  0.000e+00
# span 0 =      1.782,     29.736                 
# span 1 =   68.30194,   68.30202                 
# span 2 = -166.92538, -166.92412                 
# span 3 =      1.800,     30.039                 
# span 4 =     4.8244,     8.0163                 
# span 5 =     4.8265,     8.0182                 
# span 6 =     4.8223,     8.0150                 
# span 7 =    25.4268,    31.8301                 
# span 8 =    25.4391,    31.8363                 
# span 9 =  1019.9781,  1025.3181                 
# span 10 =    19.9643,    25.1806                
# span 11 =    240.134,    295.328                
# span 12 =    231.760,    280.292                
# span 13 =  300.49900,  319.93951                
# span 14 =     79.876,     93.579                
# span 15 =     77.073,     88.857                
# span 16 =     0.0745,     0.2650                
# span 17 =     0.0989,     1.2417                
# span 18 =     2.5897,     3.7851                
# span 19 =     0.8766,     2.3953                
# span 20 = 1.0000e-12, 6.4638e-01                
# span 21 =          1,       4366                
# span 22 =     0.0000,     3.0313                
# span 23 = 0.0000e+00, 0.0000e+00                
# interval = seconds: 0.0416667
# start_time = Oct 02 2023 08:20:24 [NMEA time, first data scan]
# bad_flag = -9.990e-29
*END*
[from data line 3019]
     29.351   68.30196 -166.92434     29.650     4.8323     4.8318     4.8302    31.8214    31.8333  1025.3122    25.1742    265.104    252.772  316.02707     83.887     79.991     0.0781     0.1209     3.2589     1.4756 1.0000e-12       3020     2.0965  0.000e+00
     29.274   68.30196 -166.92434     29.572     4.8320     4.8320     4.8299    31.8214    31.8332  1025.3118    25.1743    265.079    252.626  316.02946     83.878     79.945     0.0781     0.1209     3.2589     1.4756 1.0000e-12       3021     2.0972  0.000e+00
     29.351   68.30196 -166.92434     29.650     4.8318     4.8323     4.8297    31.8214    31.8333  1025.3122    25.1743    265.294    252.628  316.03065     83.946     79.946     0.0781     0.1209     3.2589     1.4756 1.0000e-12       3022     2.0979  0.000e+00
     29.389   68.30196 -166.92434     29.689     4.8317     4.8322     4.8296    31.8219    31.8331  1025.3128    25.1747    265.328    252.631  316.03060     83.957     79.947     0.0781     0.1209     3.2589     1.4756 1.0000e-12       3023     2.0986  0.000e+00
     29.351   68.30196 -166.92434     29.650     4.8317     4.8322     4.8296    31.8222    31.8331  1025.3129    25.1750    265.151    252.445  316.02937     83.901     79.888     0.0781     0.1209     3.2589     1.4756 8.4714e-06       3024     2.0993  0.000e+00
     29.389   68.30196 -166.92434     29.689     4.8317     4.8321     4.8296    31.8221    31.8333  1025.3130    25.1749    265.152    252.838  316.03005     83.901     80.012     0.0781     0.1209     3.2589     1.4756 8.4714e-06       3025     2.1000  0.000e+00
     29.351   68.30196 -166.92434     29.650     4.8318     4.8325     4.8297    31.8219    31.8335  1025.3126    25.1747    265.147    252.690  316.02937     83.900     79.966     0.0781     0.1209     3.2589     1.4756 1.0000e-12       3026     2.1007  0.000e+00
     29.335   68.30196 -166.92434     29.634     4.8317     4.8328     4.8296    31.8221    31.8329  1025.3127    25.1749    265.144    252.504  316.03017     83.898     79.907     0.0781     0.1209     3.2589     1.4756 8.4714e-06       3027     2.1014  0.000e+00
     29.405   68.30196 -166.92434     29.705     4.8318     4.8331     4.8297    31.8216    31.8326  1025.3127    25.1745    264.935    252.669  316.02998     83.832     79.960     0.0781     0.1209     3.2589     1.4756 1.0000e-12       3028     2.1021  0.000e+00
     29.389   68.30196 -166.92434     29.689     4.8320     4.8331     4.8299    31.8214    31.8331  1025.3124    25.1743    265.103    252.667  316.02895     83.886     79.960     0.0781     0.1209     3.2601     1.4741 1.0000e-12       3029     2.1028  0.000e+00
     29.405   68.30196 -166.92434     29.705     4.8320     4.8337     4.8299    31.8212    31.8326  1025.3123    25.1742    265.098    252.889  316.02979     83.884     80.031     0.0781     0.1209     3.2613     1.4726 1.0000e-12       3030     2.1035  0.000e+00
     29.405   68.30196 -166.92432     29.705     4.8321     4.8336     4.8300    31.8214    31.8328  1025.3125    25.1743    265.089    252.743  316.02815     83.881     79.985     0.0781     0.1209     3.2613     1.4726 1.0000e-12       3031     2.1042  0.000e+00
     29.389   68.30196 -166.92432     29.689     4.8320     4.8338     4.8299    31.8213    31.8327  1025.3123    25.1742    265.081    252.925  316.02959     83.879     80.042     0.0781     0.1209     3.2613     1.4726 1.0000e-12       3032     2.1049  0.000e+00
     29.405   68.30196 -166.92432     29.705     4.8318     4.8333     4.8297    31.8213    31.8329  1025.3124    25.1743    265.072    252.760  316.03071     83.875     79.989     0.0781     0.1209     3.2613     1.4726 8.4714e-06       3033     2.1056  0.000e+00
     29.451   68.30196 -166.92432     29.751     4.8320     4.8331     4.8299    31.8216    31.8327  1025.3128    25.1744    265.061    252.944  316.02902     83.872     80.047     0.0794     0.1282     3.2613     1.4726 1.0000e-12       3034     2.1063  0.000e+00
     29.405   68.30196 -166.92432     29.705     4.8319     4.8329     4.8298    31.8214    31.8328  1025.3125    25.1743    265.048    252.773  316.03016     83.868     79.993     0.0781     0.1209     3.2613     1.4726 1.0000e-12       3035     2.1069  0.000e+00
     29.451   68.30196 -166.92432     29.751     4.8317     4.8324     4.8296    31.8221    31.8334  1025.3133    25.1749    265.035    252.627  316.03013     83.864     79.946     0.0781     0.1209     3.2613     1.4726 8.4714e-06       3036     2.1076  0.000e+00
     29.466   68.30196 -166.92432     29.767     4.8318     4.8325     4.8297    31.8222    31.8332  1025.3134    25.1749    264.987    252.993  316.02877     83.849     80.061     0.0781     0.1209     3.2613     1.4726 1.0000e-12       3037     2.1083  0.000e+00
     29.451   68.30196 -166.92432     29.751     4.8318     4.8322     4.8297    31.8219    31.8333  1025.3131    25.1747    264.969    252.638  316.02930     83.843     79.949     0.0781     0.1209     3.2613     1.4726 8.4714e-06       3038     2.1090  0.000e+00
     29.466   68.30196 -166.92432     29.767     4.8320     4.8320     4.8299    31.8215    31.8336  1025.3128    25.1743    264.950    252.614  316.02923     83.837     79.941     0.0781     0.1209     3.2613     1.4726 1.0000e-12       3039     2.1097  0.000e+00
     29.451   68.30196 -166.92432     29.751     4.8319     4.8320     4.8298    31.8217    31.8335  1025.3129    25.1746    264.929    252.957  316.02939     83.831     80.050     0.0781     0.1209     3.2613     1.4726 8.4714e-06       3040     2.1104  0.000e+00
     29.466   68.30196 -166.92432     29.767     4.8318     4.8322     4.8297    31.8221    31.8331  1025.3133    25.1749    264.940    252.785  316.02895     83.834     79.995     0.0781     0.1209     3.2613     1.4726 8.4714e-06       3041     2.1111  0.000e+00
     29.466   68.30196 -166.92432     29.767     4.8320     4.8322     4.8299    31.8220    31.8331  1025.3132    25.1748    264.744    252.592  316.02795     83.772     79.934     0.0781     0.1209     3.2613     1.4726 1.0000e-12       3042     2.1118  0.000e+00
     29.505   68.30196 -166.92432     29.806     4.8320     4.8321     4.8299    31.8220    31.8332  1025.3134    25.1748    264.931    252.607  316.02799     83.832     79.939     0.0781     0.1209     3.2613     1.4726 8.4714e-06       3043     2.1125  0.000e+00
     29.466   68.30196 -166.92432     29.767     4.8320     4.8324     4.8299    31.8215    31.8330  1025.3129    25.1744    264.942    252.599  316.02904     83.835     79.937     0.0781     0.1209     3.2613     1.4726 1.0000e-12       3044     2.1132  0.000e+00
     29.505   68.30196 -166.92432     29.806     4.8320     4.8321     4.8299    31.8216    31.8330  1025.3130    25.1744    264.955    252.576  316.02863     83.839     79.929     0.0781     0.1209     3.2613     1.4726 8.4714e-06       3045     2.1139  0.000e+00
     29.466   68.30196 -166.92432     29.767     4.8320     4.8317     4.8299    31.8215    31.8335  1025.3128    25.1743    264.966    252.920  316.02923     83.842     80.037     0.0781     0.1209     3.2613     1.4726 8.4714e-06       3046     2.1146  0.000e+00
     29.505   68.30196 -166.92432     29.806     4.8318     4.8317     4.8297    31.8216    31.8334  1025.3131    25.1744    264.979    252.749  316.03019     83.846     79.983     0.0781     0.1209     3.2613     1.4726 8.4714e-06       3047     2.1153  0.000e+00
     29.520   68.30196 -166.92432     29.821     4.8321     4.8320     4.8300    31.8210    31.8333  1025.3127    25.1740    264.990    252.597  316.02910     83.850     79.935     0.0781     0.1209     3.2613     1.4726 8.4714e-06       3048     2.1160  0.000e+00
     29.567   68.30196 -166.92432     29.868     4.8317     4.8319     4.8296    31.8214    31.8335  1025.3133    25.1743    265.006    252.408  316.03172     83.854     79.876     0.0781     0.1209     3.2564     1.4786 1.0000e-12       3049     2.1167  0.000e+00
     29.466   68.30196 -166.92432     29.767     4.8317     4.8318     4.8296    31.8216    31.8335  1025.3130    25.1745    265.014    252.175  316.03115     83.857     79.802     0.0781     0.1209     3.2540     1.4816 8.4714e-06       3050     2.1174  0.000e+00
     29.566   68.30196 -166.92432     29.868     4.8317     4.8324     4.8296    31.8212    31.8333  1025.3131    25.1742    265.029    252.482  316.03181     83.862     79.900     0.0781     0.1209     3.2527     1.4831 1.0000e-12       3051     2.1181  0.000e+00
     29.466   68.30196 -166.92432     29.767     4.8317     4.8328     4.8296    31.8210    31.8329  1025.3124    25.1740    265.038    252.453  316.03279     83.864     79.891     0.0781     0.1209     3.2540     1.4816 1.0000e-12       3052     2.1187  0.000e+00
     29.574   68.30196 -166.92432     29.876     4.8312     4.8331     4.8291    31.8217    31.8327  1025.3136    25.1746    265.055    252.432  316.03457     83.869     79.885     0.0781     0.1209     3.2540     1.4816 1.0000e-12       3053     2.1194  0.000e+00
     29.505   68.30196 -166.92432     29.806     4.8314     4.8335     4.8293    31.8217    31.8325  1025.3133    25.1746    265.063    252.220  316.03330     83.872     79.818     0.0781     0.1209     3.2540     1.4816 8.4714e-06       3054     2.1201  0.000e+00
     29.520   68.30196 -166.92432     29.821     4.8314     4.8337     4.8293    31.8219    31.8324  1025.3135    25.1748    265.011    252.013  316.03286     83.855     79.753     0.0781     0.1209     3.2540     1.4816 1.0000e-12       3055     2.1208  0.000e+00
     29.566   68.30196 -166.92432     29.868     4.8314     4.8339     4.8293    31.8221    31.8319  1025.3139    25.1749    264.989    252.138  316.03200     83.849     79.793     0.0781     0.1209     3.2540     1.4816 1.0000e-12       3056     2.1215  0.000e+00
     29.520   68.30196 -166.92432     29.821     4.8317     4.8339     4.8296    31.8222    31.8325  1025.3137    25.1750    264.961    251.912  316.02984     83.840     79.722     0.0781     0.1209     3.2540     1.4816 8.4714e-06       3057     2.1222  0.000e+00
     29.566   68.30196 -166.92432     29.868     4.8320     4.8340     4.8299    31.8223    31.8323  1025.3140    25.1750    264.934    252.041  316.02715     83.833     79.763     0.0794     0.1282     3.2540     1.4816 1.0000e-12       3058     2.1229  0.000e+00
     29.520   68.30196 -166.92432     29.821     4.8323     4.8338     4.8302    31.8220    31.8328  1025.3134    25.1747    264.936    251.819  316.02563     83.834     79.692     0.0794     0.1282     3.2540     1.4816 8.4714e-06       3059     2.1236  0.000e+00
     29.566   68.30196 -166.92432     29.868     4.8326     4.8340     4.8305    31.8222    31.8325  1025.3138    25.1749    264.940    251.765  316.02275     83.836     79.675     0.0794     0.1282     3.2540     1.4816 8.4714e-06       3060     2.1243  0.000e+00
     29.574   68.30196 -166.92432     29.876     4.8329     4.8341     4.8308    31.8213    31.8328  1025.3131    25.1741    264.913    251.752  316.02248     83.827     79.672     0.0781     0.1209     3.2540     1.4816 1.0000e-12       3061     2.1250  0.000e+00
     29.566   68.30196 -166.92432     29.868     4.8331     4.8349     4.8310    31.8209    31.8322  1025.3127    25.1737    265.089    251.698  316.02201     83.883     79.656     0.0794     0.1282     3.2540     1.4816 1.0000e-12       3062     2.1257  0.000e+00
     29.520   68.30196 -166.92432     29.821     4.8328     4.8353     4.8307    31.8208    31.8325  1025.3124    25.1737    264.680    251.625  316.02498     83.753     79.634     0.0794     0.1282     3.2540     1.4816 1.0000e-12       3063     2.1264  0.000e+00
     29.574   68.30196 -166.92432     29.876     4.8324     4.8358     4.8303    31.8209    31.8320  1025.3128    25.1739    264.828    251.412  316.02697     83.799     79.567     0.0794     0.1282     3.2540     1.4816 1.0000e-12       3064     2.1271  0.000e+00
     29.566   68.30196 -166.92432     29.868     4.8324     4.8359     4.8303    31.8215    31.8321  1025.3133    25.1744    264.826    251.368  316.02550     83.799     79.553     0.0781     0.1209     3.2540     1.4816 1.0000e-12       3065     2.1278  0.000e+00
     29.520   68.30196 -166.92432     29.821     4.8324     4.8347     4.8303    31.8213    31.8324  1025.3129    25.1742    264.825    251.314  316.02599     83.798     79.534     0.0794     0.1282     3.2540     1.4816 8.4714e-06       3066     2.1285  0.000e+00
     29.566   68.30196 -166.92432     29.868     4.8327     4.8338     4.8306    31.8208    31.8327  1025.3126    25.1737    264.826    251.263  316.02577     83.799     79.516     0.0781     0.1209     3.2540     1.4816 1.0000e-12       3067     2.1292  0.000e+00
     29.574   68.30196 -166.92432     29.876     4.8326     4.8331     4.8305    31.8210    31.8327  1025.3129    25.1739    264.827    251.212  316.02569     83.799     79.499     0.0794     0.1282     3.2540     1.4816 8.4714e-06       3068     2.1299  0.000e+00
     29.566   68.30196 -166.92432     29.868     4.8324     4.8328     4.8303    31.8214    31.8326  1025.3132    25.1743    265.032    251.202  316.02577     83.864     79.495     0.0806     0.1355     3.2637     1.4696 1.0000e-12       3069     2.1306  0.000e+00
     29.520   68.30196 -166.92432     29.821     4.8318     4.8325     4.8297    31.8215    31.8331  1025.3131    25.1744    264.859    251.173  316.03039     83.808     79.486     0.0794     0.1282     3.2735     1.4577 1.0000e-12       3070     2.1313  0.000e+00
     29.566   68.30196 -166.92432     29.868     4.8315     4.8334     4.8294    31.8217    31.8331  1025.3135    25.1746    265.098    251.144  316.03209     83.883     79.478     0.0806     0.1355     3.2759     1.4547 1.0000e-12       3071     2.1319  0.000e+00
     29.520   68.30196 -166.92432     29.821     4.8314     4.8346     4.8293    31.8213    31.8327  1025.3130    25.1743    265.159    251.114  316.03396     83.902     79.471     0.0781     0.1209     3.2759     1.4547 1.0000e-12       3072     2.1326  0.000e+00
     29.566   68.30196 -166.92432     29.868     4.8307     4.8354     4.8286    31.8220    31.8326  1025.3138    25.1749    264.989    251.071  316.03777     83.847     79.459     0.0794     0.1282     3.2747     1.4562 8.4714e-06       3073     2.1333  0.000e+00
     29.520   68.30196 -166.92432     29.821     4.8305     4.8357     4.8284    31.8223    31.8322  1025.3138    25.1751    264.781    251.074  316.03836     83.781     79.460     0.0794     0.1282     3.2747     1.4562 1.0000e-12       3074     2.1340  0.000e+00
     29.574   68.30196 -166.92432     29.876     4.8302     4.8350     4.8281    31.8225    31.8325  1025.3143    25.1754    264.959    251.068  316.04007     83.837     79.457     0.0794     0.1282     3.2747     1.4562 1.0000e-12       3075     2.1347  0.000e+00
     29.566   68.30196 -166.92432     29.868     4.8304     4.8343     4.8283    31.8228    31.8327  1025.3145    25.1756    264.958    251.042  316.03832     83.837     79.448     0.0781     0.1209     3.2747     1.4562 8.4714e-06       3076     2.1354  0.000e+00
     29.520   68.30196 -166.92432     29.821     4.8305     4.8341     4.8284    31.8228    31.8330  1025.3143    25.1756    264.923    251.036  316.03708     83.827     79.445     0.0794     0.1282     3.2747     1.4562 8.4714e-06       3077     2.1361  0.000e+00
     29.566   68.30196 -166.92432     29.868     4.8309     4.8340     4.8288    31.8234    31.8328  1025.3149    25.1760    264.919    251.036  316.03247     83.827     79.445     0.0781     0.1209     3.2759     1.4547 1.0000e-12       3078     2.1368  0.000e+00
     29.520   68.30196 -166.92432     29.821     4.8318     4.8341     4.8297    31.8234    31.8327  1025.3146    25.1759    264.910    251.056  316.02591     83.825     79.451     0.0794     0.1282     3.2747     1.4562 8.4714e-06       3079     2.1375  0.000e+00
