EcoFOCI/data/1_SampleCollection/2023_SikuliaqDBO_CruiseData/CTD_raw_BottleFile_SKQ23-12S/proc/skq202312s_045.cnv
* Sea-Bird SBE 9 Data File:
* FileName = D:\CTD\SKQ202312S\SKQ202312S_045.hex
* Software Version Seasave V 7.26.7.121
* Temperature SN = 6177
* Conductivity SN = 0369
* Number of Bytes Per Scan = 41
* Number of Voltage Words = 4
* Number of Scans Averaged by the Deck Unit = 1
* NMEA Latitude = 71 39.21 N
* NMEA Longitude = 161 35.21 W
* NMEA UTC (Time) = Sep 24 2023  11:43:57
* NMEA baud rate = 4800
** Ship: R/V Sikuliaq
** Station Number: 045
** Station Name: DBO4.4na
** Bottom Depth: 47
** Operator: Bern
# nquan = 24
# nvalues = 6596                                  
# units = specified
# name 0 = depSM: Depth [salt water, m]
# name 1 = latitude: Latitude [deg]
# name 2 = longitude: Longitude [deg]
# name 3 = prDM: Pressure, Digiquartz [db]
# name 4 = t090C: Temperature [ITS-90, deg C]
# name 5 = t190C: Temperature, 2 [ITS-90, deg C]
# name 6 = potemp090C: Potential Temperature [ITS-90, deg C]
# name 7 = sal00: Salinity, Practical [PSU]
# name 8 = sal11: Salinity, Practical, 2 [PSU]
# name 9 = density00: Density [density, kg/m^3]
# name 10 = sigma-é00: Density [sigma-theta, kg/m^3]
# name 11 = sbox0Mm/Kg: Oxygen, SBE 43 [umol/kg]
# name 12 = sbox1Mm/Kg: Oxygen, SBE 43, 2 [umol/kg]
# name 13 = oxsolMm/Kg: Oxygen Saturation, Garcia & Gordon [umol/kg]
# name 14 = sbeox0PS: Oxygen, SBE 43 [% saturation]
# name 15 = sbeox1PS: Oxygen, SBE 43, 2 [% saturation]
# name 16 = v0: Voltage 0
# name 17 = flECO-AFL: Fluorescence, WET Labs ECO-AFL/FL [mg/m^3]
# name 18 = v1: Voltage 1
# name 19 = CStarAt0: Beam Attenuation, WET Labs C-Star [1/m]
# name 20 = par: PAR/Irradiance, Biospherical/Licor
# name 21 = scan: Scan Count
# name 22 = timeM: Time, Elapsed [minutes]
# name 23 = flag:  0.000e+00
# span 0 =      2.756,     39.988                 
# span 1 =   71.65350,   71.65352                 
# span 2 = -161.58680, -161.58674                 
# span 3 =      2.785,     40.404                 
# span 4 =    -1.4991,     2.4107                 
# span 5 =    -1.4974,     2.4157                 
# span 6 =    -1.4996,     2.4101                 
# span 7 =    27.3134,    32.5744                 
# span 8 =    27.3232,    32.5861                 
# span 9 =  1021.8444,  1026.3910                 
# span 10 =    21.8291,    26.1973                
# span 11 =    265.168,    427.121                
# span 12 =    234.267,    408.123                
# span 13 =  342.65776,  369.07065                
# span 14 =     72.206,    120.768                
# span 15 =     63.796,    114.424                
# span 16 =     0.0879,     0.7668                
# span 17 =     0.1795,     4.2527                
# span 18 =     2.2723,     4.1966                
# span 19 =     0.4637,     2.9186                
# span 20 = 1.0000e-12, 1.3459e+00                
# span 21 =          1,       6596                
# span 22 =     0.0000,     4.5799                
# span 23 = 0.0000e+00, 0.0000e+00                
# interval = seconds: 0.0416667
# start_time = Sep 24 2023 11:47:11 [NMEA time, first data scan]
# bad_flag = -9.990e-29
*END*
[from data line 5978]
     39.884   71.65350 -161.58678     40.299    -1.3215    -1.3201    -1.3224    32.5730    32.5791  1026.3905    26.1961    266.437    251.666  367.24517     72.550     68.534     0.1001     0.2527     2.3150     2.8440 1.0000e-12       5979     4.1514  0.000e+00
     39.822   71.65350 -161.58678     40.237    -1.3215    -1.3201    -1.3224    32.5729    32.5795  1026.3900    26.1960    266.445    251.692  367.24568     72.552     68.541     0.0989     0.2454     2.3162     2.8419 1.0000e-12       5980     4.1521  0.000e+00
     39.868   71.65350 -161.58678     40.284    -1.3217    -1.3199    -1.3225    32.5732    32.5793  1026.3905    26.1963    266.508    251.724  367.24579     72.569     68.550     0.0989     0.2454     2.3162     2.8419 8.4714e-06       5981     4.1528  0.000e+00
     39.822   71.65350 -161.58678     40.237    -1.3215    -1.3198    -1.3224    32.5731    32.5791  1026.3902    26.1962    266.467    251.528  367.24493     72.558     68.497     0.0977     0.2381     2.3150     2.8440 8.4714e-06       5982     4.1535  0.000e+00
     39.884   71.65350 -161.58678     40.299    -1.3214    -1.3198    -1.3222    32.5724    32.5790  1026.3900    26.1956    266.428    251.765  367.24526     72.548     68.561     0.0965     0.2308     2.3162     2.8419 8.4714e-06       5983     4.1542  0.000e+00
     39.760   71.65350 -161.58678     40.175    -1.3215    -1.3199    -1.3223    32.5726    32.5795  1026.3895    26.1958    266.382    251.769  367.24593     72.535     68.563     0.0965     0.2308     2.3162     2.8419 8.4714e-06       5984     4.1549  0.000e+00
     39.938   71.65350 -161.58678     40.354    -1.3215    -1.3199    -1.3224    32.5727    32.5793  1026.3905    26.1959    266.445    251.784  367.24613     72.552     68.567     0.0965     0.2308     2.3150     2.8440 1.0000e-12       5985     4.1556  0.000e+00
     39.768   71.65350 -161.58678     40.182    -1.3215    -1.3197    -1.3223    32.5728    32.5790  1026.3897    26.1960    266.447    251.560  367.24571     72.553     68.506     0.0977     0.2381     2.3162     2.8419 1.0000e-12       5986     4.1563  0.000e+00
     39.883   71.65350 -161.58678     40.299    -1.3214    -1.3198    -1.3222    32.5729    32.5793  1026.3903    26.1960    266.458    251.579  367.24389     72.556     68.511     0.0965     0.2308     2.3150     2.8440 1.0000e-12       5987     4.1569  0.000e+00
     39.814   71.65350 -161.58678     40.229    -1.3217    -1.3201    -1.3225    32.5732    32.5799  1026.3903    26.1963    266.465    251.563  367.24569     72.558     68.506     0.0977     0.2381     2.3150     2.8440 1.0000e-12       5988     4.1576  0.000e+00
     39.822   71.65350 -161.58678     40.237    -1.3212    -1.3199    -1.3220    32.5727    32.5800  1026.3899    26.1959    266.471    251.550  367.24262     72.560     68.503     0.0965     0.2308     2.3150     2.8440 8.4714e-06       5989     4.1583  0.000e+00
     39.768   71.65350 -161.58678     40.182    -1.3217    -1.3201    -1.3225    32.5734    32.5793  1026.3902    26.1964    266.480    251.542  367.24536     72.562     68.500     0.0965     0.2308     2.3150     2.8440 1.0000e-12       5990     4.1590  0.000e+00
     39.822   71.65350 -161.58678     40.237    -1.3212    -1.3199    -1.3220    32.5730    32.5791  1026.3901    26.1961    266.487    251.536  367.24200     72.564     68.499     0.0965     0.2308     2.3150     2.8440 1.0000e-12       5991     4.1597  0.000e+00
     39.814   71.65350 -161.58678     40.229    -1.3214    -1.3198    -1.3222    32.5730    32.5793  1026.3901    26.1961    266.496    251.758  367.24364     72.567     68.560     0.0965     0.2308     2.3162     2.8419 8.4714e-06       5992     4.1604  0.000e+00
     39.822   71.65350 -161.58678     40.237    -1.3214    -1.3198    -1.3222    32.5727    32.5792  1026.3899    26.1958    266.556    251.820  367.24453     72.583     68.577     0.0977     0.2381     2.3150     2.8440 1.0000e-12       5993     4.1611  0.000e+00
     39.768   71.65350 -161.58678     40.182    -1.3215    -1.3198    -1.3223    32.5731    32.5793  1026.3900    26.1962    266.564    251.850  367.24484     72.585     68.585     0.0965     0.2308     2.3150     2.8440 8.4714e-06       5994     4.1618  0.000e+00
     39.814   71.65350 -161.58678     40.229    -1.3214    -1.3198    -1.3222    32.5729    32.5789  1026.3900    26.1961    266.575    251.658  367.24377     72.588     68.532     0.0977     0.2381     2.3138     2.8462 1.0000e-12       5995     4.1625  0.000e+00
     39.768   71.65350 -161.58678     40.182    -1.3212    -1.3198    -1.3220    32.5729    32.5790  1026.3898    26.1961    266.582    251.660  367.24203     72.590     68.533     0.0952     0.2234     2.3077     2.8567 1.0000e-12       5996     4.1632  0.000e+00
     39.768   71.65350 -161.58678     40.182    -1.3217    -1.3195    -1.3225    32.5730    32.5790  1026.3899    26.1961    266.853    251.664  367.24648     72.663     68.535     0.0965     0.2308     2.3065     2.8589 8.4714e-06       5997     4.1639  0.000e+00
     39.768   71.65350 -161.58678     40.182    -1.3212    -1.3197    -1.3220    32.5726    32.5798  1026.3896    26.1958    266.650    251.673  367.24290     72.609     68.537     0.0965     0.2308     2.3065     2.8589 8.4714e-06       5998     4.1646  0.000e+00
     39.814   71.65350 -161.58678     40.229    -1.3211    -1.3195    -1.3219    32.5726    32.5795  1026.3898    26.1958    266.710    251.686  367.24184     72.625     68.541     0.0965     0.2308     2.3053     2.8610 1.0000e-12       5999     4.1653  0.000e+00
     39.706   71.65350 -161.58678     40.120    -1.3211    -1.3195    -1.3219    32.5728    32.5795  1026.3894    26.1959    266.459    251.696  367.24140     72.557     68.544     0.0977     0.2381     2.3065     2.8589 1.0000e-12       6000     4.1660  0.000e+00
     39.768   71.65350 -161.58678     40.182    -1.3212    -1.3196    -1.3220    32.5728    32.5796  1026.3897    26.1959    266.375    251.716  367.24253     72.534     68.549     0.0965     0.2308     2.3065     2.8589 1.0000e-12       6001     4.1667  0.000e+00
     39.814   71.65350 -161.58678     40.229    -1.3212    -1.3193    -1.3220    32.5725    32.5793  1026.3897    26.1957    266.597    251.736  367.24336     72.594     68.555     0.0977     0.2381     2.3065     2.8589 1.0000e-12       6002     4.1674  0.000e+00
     39.706   71.65350 -161.58678     40.120    -1.3210    -1.3195    -1.3218    32.5728    32.5795  1026.3894    26.1960    266.603    251.723  367.24064     72.596     68.551     0.0965     0.2308     2.3065     2.8589 8.4714e-06       6003     4.1681  0.000e+00
     39.768   71.65350 -161.58678     40.182    -1.3209    -1.3196    -1.3217    32.5728    32.5796  1026.3897    26.1959    266.309    251.716  367.23973     72.516     68.549     0.0977     0.2381     2.3065     2.8589 8.4714e-06       6004     4.1688  0.000e+00
     39.706   71.65350 -161.58678     40.120    -1.3211    -1.3195    -1.3219    32.5732    32.5795  1026.3897    26.1962    266.220    251.706  367.24028     72.492     68.546     0.0965     0.2308     2.3065     2.8589 8.4714e-06       6005     4.1694  0.000e+00
     39.760   71.65350 -161.58678     40.174    -1.3209    -1.3195    -1.3217    32.5733    32.5795  1026.3901    26.1964    266.133    251.701  367.23810     72.469     68.545     0.0965     0.2308     2.3065     2.8589 1.0000e-12       6006     4.1701  0.000e+00
     39.706   71.65350 -161.58678     40.120    -1.3207    -1.3193    -1.3215    32.5730    32.5796  1026.3895    26.1961    266.043    251.692  367.23747     72.444     68.543     0.0965     0.2308     2.3065     2.8589 1.0000e-12       6007     4.1708  0.000e+00
     39.706   71.65350 -161.58678     40.120    -1.3205    -1.3195    -1.3213    32.5728    32.5796  1026.3894    26.1959    265.954    251.690  367.23517     72.421     68.542     0.0977     0.2381     2.3065     2.8589 1.0000e-12       6008     4.1715  0.000e+00
     39.698   71.65350 -161.58678     40.112    -1.3205    -1.3193    -1.3213    32.5725    32.5796  1026.3891    26.1957    266.123    251.458  367.23591     72.467     68.479     0.0989     0.2454     2.3065     2.8589 8.4714e-06       6009     4.1722  0.000e+00
     39.706   71.65350 -161.58678     40.120    -1.3206    -1.3192    -1.3214    32.5729    32.5790  1026.3894    26.1960    266.134    251.655  367.23607     72.469     68.532     0.0977     0.2381     2.3065     2.8589 1.0000e-12       6010     4.1729  0.000e+00
     39.706   71.65350 -161.58678     40.120    -1.3206    -1.3193    -1.3214    32.5728    32.5794  1026.3894    26.1959    265.888    251.656  367.23683     72.402     68.533     0.0977     0.2381     2.3065     2.8589 8.4714e-06       6011     4.1736  0.000e+00
     39.706   71.65350 -161.58678     40.120    -1.3206    -1.3192    -1.3214    32.5734    32.5795  1026.3899    26.1964    266.107    251.657  367.23509     72.462     68.533     0.0977     0.2381     2.3065     2.8589 1.0000e-12       6012     4.1743  0.000e+00
     39.698   71.65350 -161.58678     40.112    -1.3207    -1.3193    -1.3215    32.5730    32.5797  1026.3895    26.1961    265.864    251.662  367.23746     72.396     68.535     0.0977     0.2381     2.3065     2.8589 1.0000e-12       6013     4.1750  0.000e+00
     39.706   71.65350 -161.58678     40.120    -1.3209    -1.3196    -1.3217    32.5730    32.5794  1026.3896    26.1961    265.831    251.670  367.23900     72.386     68.536     0.0977     0.2381     2.3065     2.8589 8.4714e-06       6014     4.1757  0.000e+00
     39.652   71.65350 -161.58678     40.065    -1.3207    -1.3193    -1.3215    32.5729    32.5790  1026.3892    26.1960    265.795    251.446  367.23763     72.377     68.475     0.0977     0.2381     2.3053     2.8610 8.4714e-06       6015     4.1764  0.000e+00
     39.706   71.65350 -161.58678     40.120    -1.3207    -1.3195    -1.3215    32.5723    32.5794  1026.3890    26.1955    265.768    251.426  367.23934     72.369     68.470     0.0989     0.2454     2.3065     2.8589 1.0000e-12       6016     4.1771  0.000e+00
     39.644   71.65350 -161.58678     40.057    -1.3207    -1.3193    -1.3215    32.5727    32.5791  1026.3890    26.1958    265.737    251.403  367.23823     72.361     68.464     0.0977     0.2381     2.3065     2.8589 8.4714e-06       6017     4.1778  0.000e+00
     39.706   71.65350 -161.58678     40.119    -1.3207    -1.3195    -1.3215    32.5731    32.5794  1026.3896    26.1962    265.712    251.617  367.23710     72.354     68.522     0.0989     0.2454     2.3065     2.8589 1.0000e-12       6018     4.1785  0.000e+00
     39.652   71.65350 -161.58678     40.065    -1.3209    -1.3195    -1.3217    32.5730    32.5790  1026.3893    26.1961    265.738    251.631  367.23890     72.361     68.526     0.0977     0.2381     2.3065     2.8589 1.0000e-12       6019     4.1792  0.000e+00
     39.698   71.65350 -161.58678     40.112    -1.3211    -1.3195    -1.3219    32.5732    32.5791  1026.3897    26.1963    265.720    251.650  367.24014     72.356     68.531     0.0989     0.2454     2.3053     2.8610 8.4714e-06       6020     4.1799  0.000e+00
     39.590   71.65350 -161.58678     40.003    -1.3209    -1.3195    -1.3217    32.5727    32.5797  1026.3887    26.1959    265.697    251.663  367.23992     72.350     68.535     0.0977     0.2381     2.3053     2.8610 1.0000e-12       6021     4.1806  0.000e+00
     39.706   71.65350 -161.58678     40.119    -1.3207    -1.3195    -1.3215    32.5726    32.5793  1026.3892    26.1958    265.684    251.688  367.23847     72.346     68.541     0.0977     0.2381     2.3065     2.8589 1.0000e-12       6022     4.1813  0.000e+00
     39.652   71.65350 -161.58678     40.065    -1.3209    -1.3197    -1.3217    32.5728    32.5794  1026.3891    26.1960    265.926    251.708  367.23953     72.412     68.546     0.0989     0.2454     2.3065     2.8589 1.0000e-12       6023     4.1819  0.000e+00
     39.644   71.65350 -161.58678     40.057    -1.3207    -1.3196    -1.3215    32.5726    32.5793  1026.3889    26.1958    265.702    251.730  367.23848     72.351     68.552     0.0977     0.2381     2.3065     2.8589 1.0000e-12       6024     4.1826  0.000e+00
     39.652   71.65350 -161.58678     40.065    -1.3205    -1.3195    -1.3213    32.5719    32.5794  1026.3884    26.1952    265.946    251.753  367.23757     72.418     68.559     0.0989     0.2454     2.3065     2.8589 8.4714e-06       6025     4.1833  0.000e+00
     39.652   71.65350 -161.58678     40.065    -1.3206    -1.3198    -1.3214    32.5726    32.5799  1026.3889    26.1957    265.726    251.779  367.23748     72.358     68.566     0.0977     0.2381     2.3065     2.8589 8.4714e-06       6026     4.1840  0.000e+00
     39.644   71.65350 -161.58678     40.057    -1.3205    -1.3195    -1.3213    32.5723    32.5796  1026.3887    26.1955    265.715    251.771  367.23643     72.355     68.564     0.0977     0.2381     2.3053     2.8610 1.0000e-12       6027     4.1847  0.000e+00
     39.652   71.65350 -161.58678     40.065    -1.3206    -1.3195    -1.3214    32.5730    32.5793  1026.3893    26.1961    265.707    251.798  367.23623     72.353     68.571     0.0977     0.2381     2.3065     2.8589 8.4714e-06       6028     4.1854  0.000e+00
     39.651   71.65350 -161.58678     40.065    -1.3206    -1.3195    -1.3214    32.5724    32.5790  1026.3888    26.1956    265.702    251.826  367.23746     72.351     68.579     0.0977     0.2381     2.3065     2.8589 1.0000e-12       6029     4.1861  0.000e+00
     39.651   71.65350 -161.58678     40.065    -1.3207    -1.3195    -1.3215    32.5725    32.5796  1026.3889    26.1957    265.699    251.854  367.23874     72.350     68.587     0.0989     0.2454     2.3053     2.8610 1.0000e-12       6030     4.1868  0.000e+00
     39.644   71.65350 -161.58678     40.057    -1.3205    -1.3195    -1.3213    32.5727    32.5793  1026.3890    26.1959    265.694    251.851  367.23531     72.350     68.586     0.0977     0.2381     2.3065     2.8589 8.4714e-06       6031     4.1875  0.000e+00
     39.651   71.65350 -161.58678     40.065    -1.3207    -1.3196    -1.3215    32.5726    32.5795  1026.3890    26.1958    265.696    251.655  367.23837     72.350     68.532     0.0989     0.2454     2.3065     2.8589 1.0000e-12       6032     4.1882  0.000e+00
     39.590   71.65350 -161.58678     40.002    -1.3206    -1.3195    -1.3214    32.5723    32.5796  1026.3884    26.1955    265.696    251.881  367.23836     72.350     68.594     0.0977     0.2381     2.3065     2.8589 1.0000e-12       6033     4.1889  0.000e+00
     39.698   71.65350 -161.58678     40.112    -1.3209    -1.3195    -1.3217    32.5714    32.5792  1026.3882    26.1948    265.708    251.692  367.24371     72.352     68.542     0.0977     0.2381     2.3053     2.8610 8.4714e-06       6034     4.1896  0.000e+00
     39.590   71.65350 -161.58678     40.002    -1.3210    -1.3197    -1.3218    32.5722    32.5794  1026.3883    26.1954    265.710    251.661  367.24255     72.353     68.534     0.0965     0.2308     2.3053     2.8610 1.0000e-12       6035     4.1903  0.000e+00
     39.651   71.65350 -161.58678     40.065    -1.3209    -1.3196    -1.3217    32.5725    32.5795  1026.3889    26.1957    265.718    251.864  367.24052     72.355     68.589     0.0977     0.2381     2.3053     2.8610 1.0000e-12       6036     4.1910  0.000e+00
     39.651   71.65350 -161.58678     40.065    -1.3211    -1.3195    -1.3219    32.5729    32.5793  1026.3892    26.1960    265.729    251.869  367.24105     72.358     68.590     0.0977     0.2381     2.3053     2.8610 1.0000e-12       6037     4.1917  0.000e+00
