EcoFOCI/data/1_SampleCollection/2023_SikuliaqDBO_CruiseData/CTD_raw_BottleFile_SKQ23-12S/proc/skq202312s_038svp.cnv
* Sea-Bird SBE 9 Data File:
* FileName = D:\CTD\SKQ202312S\SKQ202312S_038.hex
* Software Version Seasave V 7.26.7.121
* Temperature SN = 6177
* Conductivity SN = 0369
* Number of Bytes Per Scan = 41
* Number of Voltage Words = 4
* Number of Scans Averaged by the Deck Unit = 1
* NMEA Latitude = 71 15.45 N
* NMEA Longitude = 160 27.73 W
* NMEA UTC (Time) = Sep 23 2023  10:47:29
* NMEA baud rate = 4800
** Ship: R/V Sikuliaq
** Station Number: 038
** Station Name: DBO4.1na
** Bottom Depth: 51
** Operator: SS
# nquan = 7
# nvalues = 4735                                  
# units = specified
# name 0 = depSM: Depth [salt water, m]
# name 1 = latitude: Latitude [deg]
# name 2 = longitude: Longitude [deg]
# name 3 = t090C: Temperature [ITS-90, deg C]
# name 4 = sal00: Salinity, Practical [PSU]
# name 5 = svCM: Sound Velocity [Chen-Millero, m/s]
# name 6 = flag:  0.000e+00
# span 0 =      1.549,     46.173                 
# span 1 =   71.25746,   71.25746                 
# span 2 = -160.46242, -160.46232                 
# span 3 =    -1.6715,     2.4743                 
# span 4 =    27.5998,    32.6456                 
# span 5 =    1438.52,    1450.73                 
# span 6 = 0.0000e+00, 0.0000e+00                 
# interval = seconds: 0.0416667
# start_time = Sep 23 2023 10:50:45 [NMEA time, first data scan]
# bad_flag = -9.990e-29
*END*
[from data line 1847]
     14.055   71.25746 -160.46240    -1.2816    31.9652    1439.29  0.000e+00
     14.163   71.25746 -160.46240    -1.2824    31.9670    1439.29  0.000e+00
     14.109   71.25746 -160.46240    -1.2833    31.9687    1439.28  0.000e+00
     14.163   71.25746 -160.46240    -1.2836    31.9687    1439.28  0.000e+00
     14.140   71.25746 -160.46240    -1.2844    31.9692    1439.28  0.000e+00
     14.225   71.25746 -160.46240    -1.2841    31.9674    1439.28  0.000e+00
     14.225   71.25746 -160.46240    -1.2836    31.9642    1439.28  0.000e+00
     14.225   71.25746 -160.46240    -1.2828    31.9592    1439.27  0.000e+00
     14.279   71.25746 -160.46240    -1.2815    31.9529    1439.27  0.000e+00
     14.341   71.25746 -160.46240    -1.2801    31.9513    1439.28  0.000e+00
     14.310   71.25746 -160.46240    -1.2803    31.9583    1439.29  0.000e+00
     14.341   71.25746 -160.46240    -1.2810    31.9665    1439.29  0.000e+00
     14.341   71.25746 -160.46240    -1.2828    31.9751    1439.30  0.000e+00
     14.395   71.25746 -160.46240    -1.2858    31.9863    1439.30  0.000e+00
     14.395   71.25746 -160.46240    -1.2904    32.0035    1439.30  0.000e+00
     14.479   71.25746 -160.46240    -1.2957    32.0200    1439.30  0.000e+00
     14.456   71.25746 -160.46240    -1.3013    32.0330    1439.29  0.000e+00
     14.456   71.25746 -160.46240    -1.3059    32.0433    1439.28  0.000e+00
     14.510   71.25746 -160.46240    -1.3094    32.0498    1439.27  0.000e+00
     14.510   71.25746 -160.46240    -1.3122    32.0545    1439.27  0.000e+00
     14.541   71.25746 -160.46240    -1.3145    32.0587    1439.26  0.000e+00
     14.564   71.25746 -160.46240    -1.3160    32.0619    1439.26  0.000e+00
     14.564   71.25746 -160.46240    -1.3174    32.0645    1439.26  0.000e+00
     14.626   71.25746 -160.46240    -1.3188    32.0656    1439.25  0.000e+00
     14.626   71.25746 -160.46240    -1.3194    32.0661    1439.25  0.000e+00
     14.649   71.25746 -160.46240    -1.3198    32.0663    1439.25  0.000e+00
     14.626   71.25746 -160.46240    -1.3202    32.0676    1439.25  0.000e+00
     14.680   71.25746 -160.46240    -1.3207    32.0691    1439.25  0.000e+00
     14.680   71.25746 -160.46240    -1.3214    32.0699    1439.25  0.000e+00
     14.742   71.25746 -160.46240    -1.3215    32.0702    1439.25  0.000e+00
     14.711   71.25746 -160.46240    -1.3221    32.0716    1439.25  0.000e+00
     14.742   71.25746 -160.46240    -1.3226    32.0737    1439.25  0.000e+00
     14.796   71.25746 -160.46240    -1.3237    32.0773    1439.25  0.000e+00
     14.796   71.25746 -160.46240    -1.3241    32.0800    1439.25  0.000e+00
     14.796   71.25746 -160.46240    -1.3252    32.0833    1439.25  0.000e+00
     14.826   71.25746 -160.46240    -1.3267    32.0879    1439.25  0.000e+00
     14.796   71.25746 -160.46240    -1.3288    32.0933    1439.25  0.000e+00
     14.911   71.25746 -160.46240    -1.3306    32.0978    1439.25  0.000e+00
     14.911   71.25746 -160.46240    -1.3330    32.1032    1439.24  0.000e+00
     14.857   71.25746 -160.46240    -1.3345    32.1076    1439.24  0.000e+00
     14.934   71.25746 -160.46240    -1.3362    32.1112    1439.24  0.000e+00
     14.965   71.25746 -160.46240    -1.3379    32.1167    1439.24  0.000e+00
     14.911   71.25746 -160.46240    -1.3392    32.1222    1439.24  0.000e+00
     14.965   71.25746 -160.46240    -1.3404    32.1269    1439.24  0.000e+00
     14.965   71.25746 -160.46240    -1.3415    32.1307    1439.24  0.000e+00
     14.996   71.25746 -160.46240    -1.3427    32.1345    1439.24  0.000e+00
     15.027   71.25746 -160.46240    -1.3435    32.1375    1439.24  0.000e+00
     14.965   71.25746 -160.46240    -1.3452    32.1425    1439.24  0.000e+00
     15.081   71.25746 -160.46240    -1.3475    32.1481    1439.24  0.000e+00
     15.027   71.25746 -160.46240    -1.3499    32.1533    1439.23  0.000e+00
     15.050   71.25746 -160.46240    -1.3519    32.1581    1439.23  0.000e+00
     15.143   71.25746 -160.46240    -1.3538    32.1630    1439.23  0.000e+00
     15.081   71.25746 -160.46240    -1.3551    32.1673    1439.22  0.000e+00
     15.143   71.25746 -160.46240    -1.3571    32.1711    1439.22  0.000e+00
     15.143   71.25746 -160.46240    -1.3588    32.1738    1439.22  0.000e+00
     15.112   71.25746 -160.46240    -1.3603    32.1766    1439.21  0.000e+00
     15.143   71.25746 -160.46240    -1.3612    32.1783    1439.21  0.000e+00
     15.197   71.25746 -160.46240    -1.3621    32.1796    1439.21  0.000e+00
     15.143   71.25746 -160.46240    -1.3634    32.1820    1439.21  0.000e+00
     15.197   71.25746 -160.46240    -1.3637    32.1827    1439.21  0.000e+00
     15.227   71.25746 -160.46240    -1.3644    32.1840    1439.21  0.000e+00
     15.197   71.25746 -160.46240    -1.3655    32.1857    1439.20  0.000e+00
     15.258   71.25746 -160.46240    -1.3661    32.1864    1439.20  0.000e+00
     15.258   71.25746 -160.46240    -1.3670    32.1872    1439.20  0.000e+00
     15.258   71.25746 -160.46240    -1.3672    32.1880    1439.20  0.000e+00
     15.281   71.25746 -160.46240    -1.3670    32.1877    1439.20  0.000e+00
     15.312   71.25746 -160.46240    -1.3673    32.1880    1439.20  0.000e+00
     15.312   71.25746 -160.46240    -1.3676    32.1882    1439.20  0.000e+00
     15.312   71.25746 -160.46240    -1.3676    32.1884    1439.20  0.000e+00
     15.335   71.25746 -160.46240    -1.3672    32.1888    1439.20  0.000e+00
     15.312   71.25746 -160.46240    -1.3662    32.1888    1439.20  0.000e+00
     15.366   71.25746 -160.46240    -1.3639    32.1868    1439.21  0.000e+00
     15.366   71.25746 -160.46240    -1.3617    32.1854    1439.22  0.000e+00
     15.428   71.25746 -160.46240    -1.3583    32.1823    1439.24  0.000e+00
     15.397   71.25746 -160.46240    -1.3557    32.1797    1439.24  0.000e+00
     15.366   71.25746 -160.46240    -1.3533    32.1772    1439.25  0.000e+00
     15.482   71.25746 -160.46240    -1.3523    32.1757    1439.26  0.000e+00
     15.428   71.25746 -160.46240    -1.3513    32.1747    1439.26  0.000e+00
     15.428   71.25746 -160.46240    -1.3507    32.1741    1439.26  0.000e+00
     15.513   71.25746 -160.46240    -1.3493    32.1734    1439.27  0.000e+00
     15.482   71.25746 -160.46240    -1.3481    32.1720    1439.27  0.000e+00
     15.482   71.25746 -160.46240    -1.3484    32.1718    1439.27  0.000e+00
     15.544   71.25746 -160.46240    -1.3492    32.1732    1439.27  0.000e+00
     15.428   71.25746 -160.46240    -1.3492    32.1738    1439.27  0.000e+00
     15.621   71.25746 -160.46240    -1.3485    32.1734    1439.27  0.000e+00
     15.598   71.25746 -160.46240    -1.3480    32.1736    1439.28  0.000e+00
     15.598   71.25746 -160.46240    -1.3470    32.1731    1439.28  0.000e+00
     15.598   71.25746 -160.46240    -1.3462    32.1725    1439.28  0.000e+00
     15.567   71.25746 -160.46240    -1.3460    32.1736    1439.29  0.000e+00
     15.659   71.25746 -160.46240    -1.3469    32.1746    1439.28  0.000e+00
     15.659   71.25746 -160.46240    -1.3464    32.1728    1439.28  0.000e+00
     15.659   71.25746 -160.46240    -1.3449    32.1700    1439.29  0.000e+00
     15.659   71.25746 -160.46240    -1.3429    32.1689    1439.29  0.000e+00
     15.682   71.25746 -160.46240    -1.3415    32.1684    1439.30  0.000e+00
     15.713   71.25746 -160.46240    -1.3414    32.1695    1439.30  0.000e+00
     15.767   71.25746 -160.46240    -1.3426    32.1733    1439.30  0.000e+00
     15.713   71.25746 -160.46240    -1.3443    32.1772    1439.30  0.000e+00
     15.798   71.25746 -160.46240    -1.3455    32.1787    1439.30  0.000e+00
     15.767   71.25746 -160.46240    -1.3452    32.1778    1439.30  0.000e+00
     15.829   71.25746 -160.46240    -1.3439    32.1742    1439.30  0.000e+00
     15.829   71.25746 -160.46240    -1.3423    32.1695    1439.30  0.000e+00
     15.829   71.25746 -160.46240    -1.3409    32.1673    1439.30  0.000e+00
     15.914   71.25746 -160.46240    -1.3408    32.1710    1439.31  0.000e+00
     15.829   71.25746 -160.46240    -1.3455    32.1839    1439.31  0.000e+00
     15.883   71.25746 -160.46240    -1.3543    32.2014    1439.29  0.000e+00
     15.945   71.25746 -160.46240    -1.3612    32.2154    1439.27  0.000e+00
     15.914   71.25746 -160.46240    -1.3673    32.2260    1439.26  0.000e+00
     15.999   71.25746 -160.46240    -1.3726    32.2352    1439.25  0.000e+00
     15.999   71.25746 -160.46240    -1.3777    32.2457    1439.24  0.000e+00
     15.999   71.25746 -160.46240    -1.3835    32.2555    1439.22  0.000e+00
     15.999   71.25746 -160.46240    -1.3880    32.2639    1439.21  0.000e+00
     16.083   71.25746 -160.46240    -1.3933    32.2759    1439.21  0.000e+00
     15.999   71.25746 -160.46240    -1.3993    32.2852    1439.19  0.000e+00
     16.114   71.25746 -160.46240    -1.4056    32.2991    1439.18  0.000e+00
     16.114   71.25746 -160.46240    -1.4111    32.3099    1439.17  0.000e+00
     16.137   71.25746 -160.46240    -1.4161    32.3190    1439.16  0.000e+00
     16.168   71.25746 -160.46240    -1.4205    32.3267    1439.15  0.000e+00
     16.168   71.25746 -160.46240    -1.4244    32.3332    1439.14  0.000e+00
     16.168   71.25746 -160.46240    -1.4278    32.3390    1439.13  0.000e+00
     16.230   71.25746 -160.46240    -1.4309    32.3447    1439.12  0.000e+00
     16.199   71.25746 -160.46240    -1.4328    32.3475    1439.12  0.000e+00
     16.284   71.25746 -160.46240    -1.4344    32.3476    1439.11  0.000e+00
     16.284   71.25746 -160.46240    -1.4352    32.3470    1439.10  0.000e+00
     16.284   71.25746 -160.46240    -1.4360    32.3482    1439.10  0.000e+00
     16.369   71.25746 -160.46240    -1.4374    32.3527    1439.10  0.000e+00
     16.346   71.25746 -160.46240    -1.4403    32.3589    1439.10  0.000e+00
     16.346   71.25746 -160.46240    -1.4431    32.3633    1439.09  0.000e+00
     16.453   71.25746 -160.46240    -1.4452    32.3672    1439.09  0.000e+00
     16.369   71.25746 -160.46240    -1.4476    32.3704    1439.08  0.000e+00
     16.453   71.25746 -160.46240    -1.4490    32.3721    1439.08  0.000e+00
     16.453   71.25746 -160.46240    -1.4506    32.3749    1439.07  0.000e+00
     16.453   71.25746 -160.46240    -1.4513    32.3776    1439.07  0.000e+00
     16.538   71.25746 -160.46240    -1.4520    32.3803    1439.07  0.000e+00
     16.515   71.25746 -160.46240    -1.4534    32.3830    1439.07  0.000e+00
     16.569   71.25746 -160.46240    -1.4543    32.3831    1439.07  0.000e+00
     16.569   71.25746 -160.46240    -1.4549    32.3834    1439.06  0.000e+00
     16.569   71.25746 -160.46240    -1.4556    32.3815    1439.06  0.000e+00
     16.600   71.25746 -160.46240    -1.4557    32.3790    1439.06  0.000e+00
     16.685   71.25746 -160.46240    -1.4554    32.3783    1439.06  0.000e+00
     16.631   71.25746 -160.46240    -1.4554    32.3795    1439.06  0.000e+00
     16.685   71.25746 -160.46240    -1.4556    32.3815    1439.06  0.000e+00
     16.708   71.25746 -160.46240    -1.4552    32.3799    1439.06  0.000e+00
     16.685   71.25746 -160.46240    -1.4556    32.3782    1439.06  0.000e+00
     16.747   71.25746 -160.46240    -1.4549    32.3747    1439.06  0.000e+00
     16.800   71.25746 -160.46240    -1.4532    32.3672    1439.05  0.000e+00
     16.770   71.25746 -160.46240    -1.4508    32.3582    1439.05  0.000e+00
     16.800   71.25746 -160.46240    -1.4476    32.3506    1439.06  0.000e+00
     16.854   71.25746 -160.46240    -1.4463    32.3519    1439.07  0.000e+00
     16.854   71.25746 -160.46240    -1.4462    32.3572    1439.08  0.000e+00
     16.885   71.25746 -160.46240    -1.4474    32.3615    1439.08  0.000e+00
     16.854   71.25746 -160.46240    -1.4487    32.3661    1439.08  0.000e+00
     16.854   71.25746 -160.46240    -1.4499    32.3715    1439.08  0.000e+00
     17.032   71.25746 -160.46240    -1.4515    32.3784    1439.08  0.000e+00
     16.939   71.25746 -160.46240    -1.4535    32.3846    1439.08  0.000e+00
     17.032   71.25746 -160.46240    -1.4555    32.3894    1439.08  0.000e+00
     16.970   71.25746 -160.46240    -1.4583    32.3947    1439.07  0.000e+00
     17.032   71.25746 -160.46240    -1.4600    32.3983    1439.07  0.000e+00
     17.001   71.25746 -160.46240    -1.4624    32.4022    1439.06  0.000e+00
     17.086   71.25746 -160.46240    -1.4646    32.4064    1439.06  0.000e+00
     17.032   71.25746 -160.46240    -1.4672    32.4113    1439.05  0.000e+00
     17.086   71.25746 -160.46240    -1.4704    32.4170    1439.04  0.000e+00
     17.109   71.25746 -160.46240    -1.4737    32.4231    1439.04  0.000e+00
     17.201   71.25746 -160.46240    -1.4767    32.4280    1439.03  0.000e+00
     17.086   71.25746 -160.46240    -1.4805    32.4333    1439.02  0.000e+00
     17.201   71.25746 -160.46240    -1.4855    32.4397    1439.01  0.000e+00
     17.171   71.25746 -160.46240    -1.4897    32.4450    1438.99  0.000e+00
     17.255   71.25746 -160.46240    -1.4931    32.4486    1438.98  0.000e+00
     17.201   71.25746 -160.46240    -1.4959    32.4512    1438.97  0.000e+00
     17.255   71.25746 -160.46240    -1.4984    32.4542    1438.96  0.000e+00
     17.225   71.25746 -160.46240    -1.5001    32.4562    1438.96  0.000e+00
     17.255   71.25746 -160.46240    -1.5014    32.4579    1438.95  0.000e+00
     17.317   71.25746 -160.46240    -1.5033    32.4593    1438.95  0.000e+00
     17.317   71.25746 -160.46240    -1.5056    32.4616    1438.94  0.000e+00
     17.340   71.25746 -160.46240    -1.5085    32.4644    1438.93  0.000e+00
     17.317   71.25746 -160.46240    -1.5108    32.4687    1438.92  0.000e+00
     17.371   71.25746 -160.46240    -1.5133    32.4737    1438.92  0.000e+00
     17.371   71.25746 -160.46240    -1.5156    32.4784    1438.92  0.000e+00
     17.402   71.25746 -160.46240    -1.5188    32.4848    1438.91  0.000e+00
     17.433   71.25746 -160.46240    -1.5231    32.4914    1438.90  0.000e+00
     17.433   71.25746 -160.46240    -1.5268    32.4968    1438.89  0.000e+00
     17.433   71.25746 -160.46240    -1.5302    32.5018    1438.88  0.000e+00
     17.456   71.25746 -160.46240    -1.5338    32.5075    1438.87  0.000e+00
     17.487   71.25746 -160.46240    -1.5369    32.5119    1438.86  0.000e+00
     17.487   71.25746 -160.46240    -1.5399    32.5161    1438.85  0.000e+00
     17.487   71.25746 -160.46240    -1.5408    32.5174    1438.85  0.000e+00
     17.510   71.25746 -160.46240    -1.5430    32.5210    1438.84  0.000e+00
     17.548   71.25746 -160.46240    -1.5456    32.5238    1438.84  0.000e+00
     17.548   71.25746 -160.46240    -1.5496    32.5284    1438.82  0.000e+00
     17.548   71.25746 -160.46240    -1.5532    32.5328    1438.81  0.000e+00
     17.625   71.25746 -160.46240    -1.5555    32.5355    1438.81  0.000e+00
     17.602   71.25746 -160.46240    -1.5570    32.5375    1438.80  0.000e+00
     17.548   71.25746 -160.46240    -1.5591    32.5400    1438.79  0.000e+00
     17.656   71.25746 -160.46240    -1.5606    32.5426    1438.79  0.000e+00
     17.625   71.25746 -160.46240    -1.5619    32.5440    1438.79  0.000e+00
     17.656   71.25746 -160.46240    -1.5629    32.5455    1438.79  0.000e+00
     17.656   71.25746 -160.46240    -1.5641    32.5477    1438.78  0.000e+00
     17.718   71.25746 -160.46240    -1.5662    32.5502    1438.78  0.000e+00
     17.687   71.25746 -160.46240    -1.5682    32.5524    1438.77  0.000e+00
     17.718   71.25746 -160.46240    -1.5693    32.5533    1438.77  0.000e+00
     17.718   71.25746 -160.46240    -1.5702    32.5540    1438.76  0.000e+00
     17.656   71.25746 -160.46240    -1.5708    32.5556    1438.76  0.000e+00
     17.803   71.25746 -160.46240    -1.5715    32.5562    1438.76  0.000e+00
     17.772   71.25746 -160.46240    -1.5716    32.5573    1438.76  0.000e+00
     17.772   71.25746 -160.46240    -1.5715    32.5586    1438.76  0.000e+00
