EcoFOCI/data/1_SampleCollection/2023_SikuliaqDBO_CruiseData/CTD_raw_BottleFile_SKQ23-12S/proc/skq202312s_064svp.cnv
* Sea-Bird SBE 9 Data File:
* FileName = D:\CTD\SKQ202312S\SKQ202312S_064.hex
* Software Version Seasave V 7.26.7.121
* Temperature SN = 6177
* Conductivity SN = 0369
* Number of Bytes Per Scan = 41
* Number of Voltage Words = 4
* Number of Scans Averaged by the Deck Unit = 1
* NMEA Latitude = 71 57.82 N
* NMEA Longitude = 166 18.97 W
* NMEA UTC (Time) = Sep 28 2023  10:18:40
* NMEA baud rate = 4800
** Ship: R/V Sikuliaq
** Station Number: 064
** Station Name: IC0.1
** Bottom Depth: 46
** Operator: Bern
# nquan = 7
# nvalues = 3381                                  
# units = specified
# name 0 = depSM: Depth [salt water, m]
# name 1 = latitude: Latitude [deg]
# name 2 = longitude: Longitude [deg]
# name 3 = t090C: Temperature [ITS-90, deg C]
# name 4 = sal00: Salinity, Practical [PSU]
# name 5 = svCM: Sound Velocity [Chen-Millero, m/s]
# name 6 = flag:  0.000e+00
# span 0 =      2.287,     40.185                 
# span 1 =   71.96376,   71.96376                 
# span 2 = -166.31568, -166.31550                 
# span 3 =    -0.5402,     3.9940                 
# span 4 =    30.8512,    32.4561                 
# span 5 =    1443.69,    1462.39                 
# span 6 = 0.0000e+00, 0.0000e+00                 
# interval = seconds: 0.0416667
# start_time = Sep 28 2023 10:21:40 [NMEA time, first data scan]
# bad_flag = -9.990e-29
*END*
[from data line 2667]
     34.694   71.96376 -166.31552    -0.2099    32.2887    1445.11  0.000e+00
     34.748   71.96376 -166.31552    -0.2099    32.2881    1445.11  0.000e+00
     34.740   71.96376 -166.31552    -0.2102    32.2877    1445.10  0.000e+00
     34.748   71.96376 -166.31552    -0.2109    32.2880    1445.10  0.000e+00
     34.747   71.96376 -166.31552    -0.2116    32.2889    1445.10  0.000e+00
     34.794   71.96376 -166.31552    -0.2119    32.2902    1445.10  0.000e+00
     34.747   71.96376 -166.31552    -0.2118    32.2923    1445.10  0.000e+00
     34.747   71.96376 -166.31552    -0.2110    32.2955    1445.11  0.000e+00
     34.740   71.96376 -166.31552    -0.2095    32.2985    1445.12  0.000e+00
     34.747   71.96376 -166.31552    -0.2076    32.3000    1445.13  0.000e+00
     34.740   71.96376 -166.31552    -0.2056    32.2978    1445.14  0.000e+00
     34.747   71.96376 -166.31552    -0.2040    32.2950    1445.14  0.000e+00
     34.801   71.96376 -166.31552    -0.2033    32.2942    1445.15  0.000e+00
     34.740   71.96376 -166.31552    -0.2033    32.2942    1445.14  0.000e+00
     34.747   71.96376 -166.31552    -0.2023    32.2910    1445.14  0.000e+00
     34.801   71.96376 -166.31552    -0.2027    32.2887    1445.14  0.000e+00
     34.740   71.96376 -166.31552    -0.2030    32.2880    1445.14  0.000e+00
     34.747   71.96376 -166.31552    -0.2033    32.2876    1445.14  0.000e+00
     34.801   71.96376 -166.31552    -0.2036    32.2884    1445.14  0.000e+00
     34.740   71.96376 -166.31552    -0.2036    32.2898    1445.14  0.000e+00
     34.801   71.96376 -166.31552    -0.2031    32.2899    1445.14  0.000e+00
     34.747   71.96376 -166.31552    -0.2027    32.2883    1445.14  0.000e+00
     34.794   71.96376 -166.31552    -0.2029    32.2850    1445.13  0.000e+00
     34.747   71.96376 -166.31552    -0.2040    32.2834    1445.13  0.000e+00
     34.794   71.96376 -166.31552    -0.2053    32.2833    1445.12  0.000e+00
     34.747   71.96376 -166.31552    -0.2064    32.2830    1445.12  0.000e+00
     34.801   71.96376 -166.31552    -0.2079    32.2835    1445.11  0.000e+00
     34.794   71.96376 -166.31552    -0.2090    32.2843    1445.11  0.000e+00
     34.747   71.96376 -166.31552    -0.2101    32.2851    1445.10  0.000e+00
     34.801   71.96376 -166.31552    -0.2110    32.2857    1445.10  0.000e+00
     34.794   71.96376 -166.31552    -0.2126    32.2868    1445.09  0.000e+00
     34.801   71.96376 -166.31552    -0.2130    32.2866    1445.09  0.000e+00
     34.801   71.96376 -166.31552    -0.2139    32.2873    1445.09  0.000e+00
     34.794   71.96376 -166.31552    -0.2145    32.2873    1445.08  0.000e+00
     34.801   71.96376 -166.31552    -0.2151    32.2874    1445.08  0.000e+00
     34.801   71.96376 -166.31552    -0.2158    32.2864    1445.08  0.000e+00
     34.794   71.96376 -166.31552    -0.2164    32.2866    1445.07  0.000e+00
     34.747   71.96376 -166.31552    -0.2172    32.2869    1445.07  0.000e+00
     34.848   71.96376 -166.31552    -0.2176    32.2870    1445.07  0.000e+00
     34.801   71.96376 -166.31552    -0.2185    32.2871    1445.07  0.000e+00
     34.801   71.96376 -166.31552    -0.2195    32.2872    1445.06  0.000e+00
     34.848   71.96376 -166.31552    -0.2204    32.2871    1445.06  0.000e+00
     34.801   71.96376 -166.31552    -0.2213    32.2852    1445.05  0.000e+00
     34.801   71.96376 -166.31552    -0.2227    32.2830    1445.04  0.000e+00
     34.794   71.96376 -166.31552    -0.2247    32.2808    1445.03  0.000e+00
     34.863   71.96376 -166.31552    -0.2276    32.2788    1445.01  0.000e+00
     34.801   71.96376 -166.31552    -0.2313    32.2780    1444.99  0.000e+00
     34.793   71.96376 -166.31552    -0.2358    32.2780    1444.97  0.000e+00
     34.863   71.96376 -166.31552    -0.2409    32.2802    1444.95  0.000e+00
     34.801   71.96376 -166.31552    -0.2447    32.2846    1444.94  0.000e+00
     34.847   71.96376 -166.31552    -0.2467    32.2888    1444.94  0.000e+00
     34.801   71.96376 -166.31552    -0.2478    32.2918    1444.94  0.000e+00
     34.847   71.96376 -166.31552    -0.2481    32.2932    1444.94  0.000e+00
     34.863   71.96376 -166.31552    -0.2484    32.2945    1444.94  0.000e+00
     34.801   71.96376 -166.31552    -0.2485    32.2949    1444.94  0.000e+00
     34.847   71.96376 -166.31552    -0.2483    32.2952    1444.94  0.000e+00
     34.801   71.96376 -166.31552    -0.2481    32.2955    1444.94  0.000e+00
     34.863   71.96376 -166.31552    -0.2473    32.2947    1444.94  0.000e+00
     34.847   71.96376 -166.31552    -0.2470    32.2937    1444.94  0.000e+00
     34.801   71.96376 -166.31552    -0.2475    32.2938    1444.94  0.000e+00
     34.863   71.96376 -166.31552    -0.2479    32.2944    1444.94  0.000e+00
     34.847   71.96376 -166.31552    -0.2479    32.2952    1444.94  0.000e+00
     34.801   71.96376 -166.31552    -0.2478    32.2951    1444.94  0.000e+00
     34.863   71.96376 -166.31552    -0.2476    32.2950    1444.94  0.000e+00
     34.847   71.96376 -166.31552    -0.2475    32.2946    1444.94  0.000e+00
     34.801   71.96376 -166.31552    -0.2472    32.2937    1444.94  0.000e+00
     34.909   71.96376 -166.31552    -0.2472    32.2932    1444.94  0.000e+00
     34.863   71.96376 -166.31552    -0.2473    32.2930    1444.94  0.000e+00
     34.801   71.96376 -166.31552    -0.2472    32.2927    1444.94  0.000e+00
     34.847   71.96376 -166.31552    -0.2473    32.2914    1444.94  0.000e+00
     34.863   71.96376 -166.31552    -0.2480    32.2896    1444.93  0.000e+00
     34.863   71.96376 -166.31552    -0.2492    32.2886    1444.93  0.000e+00
     34.847   71.96376 -166.31552    -0.2501    32.2869    1444.92  0.000e+00
     34.863   71.96376 -166.31552    -0.2512    32.2852    1444.91  0.000e+00
     34.863   71.96376 -166.31552    -0.2527    32.2844    1444.90  0.000e+00
     34.847   71.96376 -166.31552    -0.2546    32.2871    1444.90  0.000e+00
     34.863   71.96376 -166.31552    -0.2558    32.2905    1444.90  0.000e+00
     34.863   71.96376 -166.31552    -0.2566    32.2934    1444.90  0.000e+00
     34.909   71.96376 -166.31552    -0.2564    32.2931    1444.90  0.000e+00
     34.863   71.96376 -166.31552    -0.2570    32.2922    1444.89  0.000e+00
     34.847   71.96376 -166.31552    -0.2581    32.2914    1444.89  0.000e+00
     34.863   71.96376 -166.31552    -0.2589    32.2909    1444.88  0.000e+00
     34.863   71.96376 -166.31552    -0.2593    32.2911    1444.88  0.000e+00
     34.847   71.96376 -166.31552    -0.2598    32.2914    1444.88  0.000e+00
     34.863   71.96376 -166.31552    -0.2597    32.2903    1444.88  0.000e+00
     34.917   71.96376 -166.31552    -0.2602    32.2898    1444.88  0.000e+00
     34.847   71.96376 -166.31552    -0.2608    32.2906    1444.87  0.000e+00
     34.863   71.96376 -166.31552    -0.2618    32.2924    1444.87  0.000e+00
     34.863   71.96376 -166.31552    -0.2623    32.2932    1444.87  0.000e+00
     34.909   71.96376 -166.31552    -0.2625    32.2946    1444.87  0.000e+00
     34.863   71.96376 -166.31552    -0.2624    32.2969    1444.88  0.000e+00
     34.863   71.96376 -166.31552    -0.2613    32.2979    1444.88  0.000e+00
     34.909   71.96376 -166.31552    -0.2599    32.2978    1444.89  0.000e+00
     34.863   71.96376 -166.31552    -0.2587    32.2953    1444.89  0.000e+00
     34.847   71.96376 -166.31552    -0.2580    32.2925    1444.89  0.000e+00
     34.916   71.96376 -166.31552    -0.2581    32.2915    1444.89  0.000e+00
     34.862   71.96376 -166.31552    -0.2578    32.2920    1444.89  0.000e+00
     34.909   71.96376 -166.31552    -0.2572    32.2919    1444.89  0.000e+00
     34.862   71.96376 -166.31552    -0.2568    32.2899    1444.89  0.000e+00
     34.862   71.96376 -166.31552    -0.2568    32.2895    1444.89  0.000e+00
     34.909   71.96376 -166.31552    -0.2572    32.2915    1444.89  0.000e+00
     34.862   71.96376 -166.31552    -0.2567    32.2941    1444.90  0.000e+00
     34.862   71.96376 -166.31552    -0.2558    32.2961    1444.91  0.000e+00
     34.909   71.96376 -166.31552    -0.2544    32.2960    1444.91  0.000e+00
     34.862   71.96376 -166.31552    -0.2527    32.2949    1444.92  0.000e+00
     34.862   71.96376 -166.31552    -0.2518    32.2936    1444.92  0.000e+00
     34.847   71.96376 -166.31552    -0.2509    32.2925    1444.92  0.000e+00
     34.916   71.96376 -166.31552    -0.2502    32.2922    1444.93  0.000e+00
     34.909   71.96376 -166.31552    -0.2496    32.2917    1444.93  0.000e+00
     34.862   71.96376 -166.31552    -0.2493    32.2914    1444.93  0.000e+00
     34.862   71.96376 -166.31552    -0.2492    32.2908    1444.93  0.000e+00
     34.847   71.96376 -166.31552    -0.2492    32.2901    1444.93  0.000e+00
     34.862   71.96376 -166.31552    -0.2492    32.2898    1444.93  0.000e+00
     34.862   71.96376 -166.31552    -0.2496    32.2905    1444.93  0.000e+00
     34.909   71.96376 -166.31552    -0.2495    32.2900    1444.93  0.000e+00
     34.801   71.96376 -166.31552    -0.2495    32.2903    1444.93  0.000e+00
     34.862   71.96376 -166.31552    -0.2499    32.2911    1444.93  0.000e+00
     34.909   71.96376 -166.31552    -0.2498    32.2908    1444.93  0.000e+00
     34.862   71.96376 -166.31552    -0.2500    32.2909    1444.93  0.000e+00
     34.801   71.96376 -166.31552    -0.2502    32.2911    1444.92  0.000e+00
     34.847   71.96376 -166.31552    -0.2504    32.2915    1444.92  0.000e+00
     34.862   71.96376 -166.31552    -0.2506    32.2914    1444.92  0.000e+00
     34.793   71.96376 -166.31552    -0.2506    32.2915    1444.92  0.000e+00
     34.862   71.96376 -166.31552    -0.2506    32.2913    1444.92  0.000e+00
     34.862   71.96376 -166.31552    -0.2507    32.2918    1444.92  0.000e+00
     34.847   71.96376 -166.31552    -0.2506    32.2446    1444.86  0.000e+00
     34.801   71.96376 -166.31552    -0.2504    32.2444    1444.86  0.000e+00
     34.862   71.96376 -166.31554    -0.2502    32.2795    1444.91  0.000e+00
     34.793   71.96376 -166.31554    -0.2507    32.2896    1444.92  0.000e+00
     34.800   71.96376 -166.31554    -0.2516    32.2902    1444.92  0.000e+00
     34.862   71.96376 -166.31554    -0.2521    32.2904    1444.91  0.000e+00
     34.793   71.96376 -166.31554    -0.2524    32.2909    1444.91  0.000e+00
     34.800   71.96376 -166.31554    -0.2524    32.2907    1444.91  0.000e+00
     34.800   71.96376 -166.31554    -0.2524    32.2928    1444.92  0.000e+00
     34.847   71.96376 -166.31554    -0.2521    32.2969    1444.92  0.000e+00
     34.800   71.96376 -166.31554    -0.2516    32.3000    1444.93  0.000e+00
     34.793   71.96376 -166.31554    -0.2504    32.3004    1444.93  0.000e+00
     34.746   71.96376 -166.31554    -0.2494    32.3005    1444.94  0.000e+00
     34.800   71.96376 -166.31554    -0.2489    32.3003    1444.94  0.000e+00
     34.793   71.96376 -166.31554    -0.2479    32.2988    1444.94  0.000e+00
     34.800   71.96376 -166.31554    -0.2468    32.2991    1444.95  0.000e+00
     34.746   71.96376 -166.31554    -0.2453    32.2998    1444.96  0.000e+00
     34.793   71.96376 -166.31554    -0.2428    32.2986    1444.97  0.000e+00
     34.800   71.96376 -166.31554    -0.2409    32.2983    1444.98  0.000e+00
     34.746   71.96376 -166.31554    -0.2387    32.2976    1444.98  0.000e+00
     34.739   71.96376 -166.31554    -0.2365    32.2976    1444.99  0.000e+00
     34.746   71.96376 -166.31554    -0.2338    32.2964    1445.01  0.000e+00
     34.800   71.96376 -166.31554    -0.2316    32.2944    1445.01  0.000e+00
     34.739   71.96376 -166.31554    -0.2299    32.2924    1445.02  0.000e+00
     34.746   71.96376 -166.31554    -0.2291    32.2919    1445.02  0.000e+00
     34.739   71.96376 -166.31554    -0.2282    32.2914    1445.02  0.000e+00
     34.746   71.96376 -166.31554    -0.2278    32.2918    1445.03  0.000e+00
     34.746   71.96376 -166.31554    -0.2269    32.2924    1445.03  0.000e+00
     34.739   71.96376 -166.31554    -0.2255    32.2937    1445.04  0.000e+00
     34.692   71.96376 -166.31554    -0.2227    32.2936    1445.05  0.000e+00
     34.746   71.96376 -166.31554    -0.2207    32.2929    1445.06  0.000e+00
     34.739   71.96376 -166.31554    -0.2189    32.2929    1445.07  0.000e+00
     34.692   71.96376 -166.31554    -0.2176    32.2933    1445.08  0.000e+00
     34.746   71.96376 -166.31554    -0.2162    32.2929    1445.08  0.000e+00
     34.738   71.96376 -166.31554    -0.2150    32.2939    1445.09  0.000e+00
     34.692   71.96376 -166.31554    -0.2139    32.2945    1445.09  0.000e+00
     34.692   71.96376 -166.31554    -0.2122    32.2948    1445.10  0.000e+00
     34.738   71.96376 -166.31554    -0.2102    32.2943    1445.11  0.000e+00
     34.692   71.96376 -166.31554    -0.2080    32.2917    1445.12  0.000e+00
     34.738   71.96376 -166.31554    -0.2067    32.2870    1445.12  0.000e+00
     34.692   71.96376 -166.31554    -0.2065    32.2848    1445.12  0.000e+00
     34.692   71.96376 -166.31554    -0.2064    32.2832    1445.11  0.000e+00
     34.677   71.96376 -166.31554    -0.2064    32.2816    1445.11  0.000e+00
     34.692   71.96376 -166.31554    -0.2071    32.2797    1445.11  0.000e+00
     34.692   71.96376 -166.31554    -0.2082    32.2798    1445.10  0.000e+00
     34.738   71.96376 -166.31554    -0.2095    32.2797    1445.10  0.000e+00
     34.692   71.96376 -166.31554    -0.2111    32.2806    1445.09  0.000e+00
     34.692   71.96376 -166.31554    -0.2124    32.2814    1445.08  0.000e+00
     34.677   71.96376 -166.31554    -0.2137    32.2820    1445.08  0.000e+00
     34.692   71.96376 -166.31554    -0.2147    32.2830    1445.08  0.000e+00
     34.738   71.96376 -166.31554    -0.2155    32.2839    1445.07  0.000e+00
     34.630   71.96376 -166.31554    -0.2159    32.2845    1445.07  0.000e+00
     34.746   71.96376 -166.31554    -0.2161    32.2854    1445.07  0.000e+00
     34.677   71.96376 -166.31554    -0.2161    32.2876    1445.08  0.000e+00
     34.630   71.96376 -166.31554    -0.2159    32.2912    1445.08  0.000e+00
     34.746   71.96376 -166.31554    -0.2153    32.2927    1445.09  0.000e+00
     34.677   71.96376 -166.31554    -0.2141    32.2946    1445.09  0.000e+00
     34.692   71.96376 -166.31554    -0.2122    32.2955    1445.10  0.000e+00
     34.692   71.96376 -166.31554    -0.2104    32.2958    1445.11  0.000e+00
     34.738   71.96376 -166.31554    -0.2086    32.2956    1445.12  0.000e+00
     34.630   71.96376 -166.31554    -0.2061    32.2954    1445.13  0.000e+00
     34.746   71.96376 -166.31554    -0.2039    32.2941    1445.14  0.000e+00
     34.677   71.96376 -166.31554    -0.2016    32.2929    1445.15  0.000e+00
     34.692   71.96376 -166.31554    -0.1998    32.2913    1445.16  0.000e+00
     34.738   71.96376 -166.31554    -0.1982    32.2905    1445.16  0.000e+00
     34.692   71.96376 -166.31554    -0.1970    32.2900    1445.17  0.000e+00
     34.692   71.96376 -166.31554    -0.1954    32.2893    1445.17  0.000e+00
     34.738   71.96376 -166.31554    -0.1942    32.2887    1445.18  0.000e+00
     34.692   71.96376 -166.31554    -0.1930    32.2875    1445.18  0.000e+00
     34.692   71.96376 -166.31554    -0.1919    32.2866    1445.19  0.000e+00
     34.738   71.96376 -166.31554    -0.1910    32.2868    1445.19  0.000e+00
     34.692   71.96376 -166.31554    -0.1902    32.2874    1445.20  0.000e+00
     34.746   71.96376 -166.31554    -0.1891    32.2866    1445.20  0.000e+00
     34.738   71.96376 -166.31554    -0.1884    32.2862    1445.20  0.000e+00
     34.692   71.96376 -166.31554    -0.1877    32.2845    1445.20  0.000e+00
     34.738   71.96376 -166.31554    -0.1877    32.2812    1445.20  0.000e+00
     34.746   71.96376 -166.31554    -0.1887    32.2788    1445.19  0.000e+00
     34.692   71.96376 -166.31554    -0.1903    32.2771    1445.18  0.000e+00
     34.738   71.96376 -166.31554    -0.1922    32.2758    1445.17  0.000e+00
