EcoFOCI/data/1_SampleCollection/2023_SikuliaqDBO_CruiseData/CTD_raw_BottleFile_SKQ23-12S/proc/skq202312s_043.cnv
* Sea-Bird SBE 9 Data File:
* FileName = D:\CTD\SKQ202312S\SKQ202312S_043.hex
* Software Version Seasave V 7.26.7.121
* Temperature SN = 6177
* Conductivity SN = 0369
* Number of Bytes Per Scan = 41
* Number of Voltage Words = 4
* Number of Scans Averaged by the Deck Unit = 1
* NMEA Latitude = 71 31.26 N
* NMEA Longitude = 161 13.81 W
* NMEA UTC (Time) = Sep 24 2023  07:15:57
* NMEA baud rate = 4800
** Ship: R/V Sikuliaq
** Station Number: 043
** Station Name: DBO4.3na
** Bottom Depth: 47
** Operator: SS
# nquan = 24
# nvalues = 4100                                  
# units = specified
# name 0 = depSM: Depth [salt water, m]
# name 1 = latitude: Latitude [deg]
# name 2 = longitude: Longitude [deg]
# name 3 = prDM: Pressure, Digiquartz [db]
# name 4 = t090C: Temperature [ITS-90, deg C]
# name 5 = t190C: Temperature, 2 [ITS-90, deg C]
# name 6 = potemp090C: Potential Temperature [ITS-90, deg C]
# name 7 = sal00: Salinity, Practical [PSU]
# name 8 = sal11: Salinity, Practical, 2 [PSU]
# name 9 = density00: Density [density, kg/m^3]
# name 10 = sigma-é00: Density [sigma-theta, kg/m^3]
# name 11 = sbox0Mm/Kg: Oxygen, SBE 43 [umol/kg]
# name 12 = sbox1Mm/Kg: Oxygen, SBE 43, 2 [umol/kg]
# name 13 = oxsolMm/Kg: Oxygen Saturation, Garcia & Gordon [umol/kg]
# name 14 = sbeox0PS: Oxygen, SBE 43 [% saturation]
# name 15 = sbeox1PS: Oxygen, SBE 43, 2 [% saturation]
# name 16 = v0: Voltage 0
# name 17 = flECO-AFL: Fluorescence, WET Labs ECO-AFL/FL [mg/m^3]
# name 18 = v1: Voltage 1
# name 19 = CStarAt0: Beam Attenuation, WET Labs C-Star [1/m]
# name 20 = par: PAR/Irradiance, Biospherical/Licor
# name 21 = scan: Scan Count
# name 22 = timeM: Time, Elapsed [minutes]
# name 23 = flag:  0.000e+00
# span 0 =      2.576,     41.910                 
# span 1 =   71.52086,   71.52090                 
# span 2 = -161.23048, -161.23030                 
# span 3 =      2.603,     42.347                 
# span 4 =    -1.6141,     2.1079                 
# span 5 =    -1.6128,     2.1086                 
# span 6 =    -1.6147,     2.1075                 
# span 7 =    27.1651,    32.5902                 
# span 8 =    27.1753,    32.6031                 
# span 9 =  1021.7071,  1026.4197                 
# span 10 =    21.6942,    26.2175                
# span 11 =    260.987,    436.225                
# span 12 =    246.481,    415.937                
# span 13 =  350.11976,  370.11915                
# span 14 =     70.524,    123.106                
# span 15 =     66.608,    116.847                
# span 16 =     0.0867,     2.5409                
# span 17 =     0.1721,    14.8974                
# span 18 =     2.3626,     4.1697                
# span 19 =     0.4894,     2.7626                
# span 20 = 1.0000e-12, 9.6242e-01                
# span 21 =          1,       4100                
# span 22 =     0.0000,     2.8465                
# span 23 = 0.0000e+00, 0.0000e+00                
# interval = seconds: 0.0416667
# start_time = Sep 24 2023 07:19:11 [NMEA time, first data scan]
# bad_flag = -9.990e-29
*END*
[from data line 3442]
     36.875   71.52088 -161.23042     37.258    -1.5968    -1.6084    -1.5974    32.5798    32.5991  1026.3887    26.2087    268.573    247.809  369.95816     72.596     66.972     0.1563     0.5897     2.7460     2.1608 8.4714e-06       3443     2.3903  0.000e+00
     36.867   71.52088 -161.23042     37.251    -1.5964    -1.6083    -1.5970    32.5793    32.5992  1026.3882    26.2083    268.653    247.856  369.95553     72.618     66.985     0.1551     0.5824     2.7509     2.1537 1.0000e-12       3444     2.3910  0.000e+00
     36.875   71.52088 -161.23042     37.258    -1.5962    -1.6081    -1.5969    32.5788    32.5990  1026.3879    26.2079    268.633    247.876  369.95525     72.612     66.991     0.1563     0.5897     2.7570     2.1448 1.0000e-12       3445     2.3917  0.000e+00
     36.875   71.52088 -161.23042     37.258    -1.5960    -1.6081    -1.5967    32.5786    32.5990  1026.3877    26.2077    268.607    247.903  369.95421     72.605     66.998     0.1551     0.5824     2.7582     2.1430 1.0000e-12       3446     2.3924  0.000e+00
     36.867   71.52088 -161.23042     37.251    -1.5967    -1.6083    -1.5973    32.5795    32.5992  1026.3884    26.2084    268.840    247.706  369.95787     72.668     66.945     0.1551     0.5824     2.7582     2.1430 1.0000e-12       3447     2.3931  0.000e+00
     36.875   71.52088 -161.23044     37.258    -1.5974    -1.6083    -1.5981    32.5799    32.5992  1026.3887    26.2088    268.861    247.713  369.96423     72.672     66.947     0.1563     0.5897     2.7570     2.1448 1.0000e-12       3448     2.3937  0.000e+00
     36.875   71.52088 -161.23044     37.258    -1.5979    -1.6086    -1.5985    32.5805    32.5997  1026.3892    26.2093    268.872    247.728  369.96711     72.674     66.950     0.1563     0.5897     2.7570     2.1448 1.0000e-12       3449     2.3944  0.000e+00
     36.867   71.52088 -161.23044     37.251    -1.5974    -1.6086    -1.5981    32.5798    32.5996  1026.3887    26.2087    268.871    247.748  369.96434     72.675     66.956     0.1563     0.5897     2.7570     2.1448 1.0000e-12       3450     2.3951  0.000e+00
     36.875   71.52088 -161.23044     37.258    -1.5971    -1.6084    -1.5978    32.5795    32.5995  1026.3884    26.2084    268.606    247.740  369.96253     72.604     66.954     0.1551     0.5824     2.7570     2.1448 8.4714e-06       3451     2.3958  0.000e+00
     36.821   71.52088 -161.23044     37.204    -1.5968    -1.6083    -1.5974    32.5791    32.5995  1026.3879    26.2081    268.803    247.966  369.96008     72.657     67.015     0.1563     0.5897     2.7570     2.1448 1.0000e-12       3452     2.3965  0.000e+00
     36.867   71.52088 -161.23044     37.251    -1.5970    -1.6083    -1.5976    32.5793    32.5997  1026.3882    26.2083    268.532    248.002  369.96134     72.584     67.025     0.1538     0.5751     2.7570     2.1448 1.0000e-12       3453     2.3972  0.000e+00
     36.875   71.52088 -161.23044     37.258    -1.5970    -1.6085    -1.5976    32.5790    32.5998  1026.3880    26.2081    268.724    247.813  369.96211     72.635     66.973     0.1563     0.5897     2.7570     2.1448 1.0000e-12       3454     2.3979  0.000e+00
     36.874   71.52088 -161.23044     37.258    -1.5971    -1.6086    -1.5978    32.5792    32.6003  1026.3882    26.2082    268.700    247.825  369.96341     72.629     66.977     0.1563     0.5897     2.7570     2.1448 1.0000e-12       3455     2.3986  0.000e+00
     36.867   71.52088 -161.23044     37.250    -1.5976    -1.6083    -1.5982    32.5790    32.5996  1026.3880    26.2081    268.413    247.841  369.96842     72.550     66.981     0.1563     0.5897     2.7582     2.1430 1.0000e-12       3456     2.3993  0.000e+00
     36.820   71.52088 -161.23044     37.204    -1.5978    -1.6083    -1.5985    32.5793    32.5993  1026.3880    26.2083    268.639    247.863  369.96990     72.611     66.987     0.1709     0.6776     2.7570     2.1448 8.4714e-06       3457     2.4000  0.000e+00
     36.874   71.52088 -161.23044     37.258    -1.5976    -1.6088    -1.5982    32.5787    32.5997  1026.3878    26.2078    268.601    247.896  369.96944     72.601     66.995     0.1770     0.7143     2.7570     2.1448 1.0000e-12       3458     2.4007  0.000e+00
     36.867   71.52088 -161.23044     37.250    -1.5985    -1.6089    -1.5992    32.5795    32.5995  1026.3884    26.2085    268.613    247.931  369.97632     72.603     67.004     0.1783     0.7216     2.7570     2.1448 1.0000e-12       3459     2.4014  0.000e+00
     36.874   71.52088 -161.23044     37.258    -1.5996    -1.6093    -1.6002    32.5800    32.5999  1026.3889    26.2089    268.572    248.202  369.98527     72.590     67.077     0.1770     0.7143     2.7570     2.1448 1.0000e-12       3460     2.4021  0.000e+00
     36.874   71.52088 -161.23044     37.258    -1.6003    -1.6093    -1.6010    32.5811    32.5992  1026.3898    26.2098    268.572    248.246  369.98960     72.589     67.089     0.1770     0.7143     2.7582     2.1430 1.0000e-12       3461     2.4028  0.000e+00
     36.867   71.52088 -161.23044     37.250    -1.6005    -1.6097    -1.6011    32.5808    32.5995  1026.3895    26.2096    268.565    248.292  369.99215     72.587     67.101     0.1783     0.7216     2.7582     2.1430 1.0000e-12       3462     2.4035  0.000e+00
     36.874   71.52088 -161.23044     37.258    -1.6005    -1.6097    -1.6011    32.5807    32.5996  1026.3895    26.2095    268.553    248.109  369.99229     72.583     67.051     0.1770     0.7143     2.7570     2.1448 1.0000e-12       3463     2.4042  0.000e+00
     36.820   71.52088 -161.23044     37.204    -1.6008    -1.6095    -1.6014    32.5813    32.5997  1026.3898    26.2100    268.536    248.125  369.99340     72.579     67.056     0.1783     0.7216     2.7619     2.1377 1.0000e-12       3464     2.4049  0.000e+00
     36.867   71.52088 -161.23044     37.250    -1.6006    -1.6097    -1.6013    32.5813    32.5998  1026.3899    26.2100    268.516    248.150  369.99244     72.573     67.062     0.1770     0.7143     2.7692     2.1271 1.0000e-12       3465     2.4056  0.000e+00
     36.874   71.52088 -161.23044     37.258    -1.6006    -1.6097    -1.6013    32.5809    32.5999  1026.3896    26.2096    268.233    247.947  369.99359     72.497     67.008     0.1770     0.7143     2.7717     2.1236 1.0000e-12       3466     2.4063  0.000e+00
     36.874   71.52088 -161.23044     37.258    -1.6009    -1.6095    -1.6016    32.5812    32.5993  1026.3899    26.2099    268.157    248.177  369.99542     72.476     67.070     0.1758     0.7069     2.7717     2.1236 1.0000e-12       3467     2.4069  0.000e+00
     36.867   71.52088 -161.23044     37.250    -1.6014    -1.6096    -1.6021    32.5816    32.5992  1026.3902    26.2103    268.341    248.214  369.99892     72.525     67.079     0.1783     0.7216     2.7717     2.1236 8.4714e-06       3468     2.4076  0.000e+00
     36.874   71.52088 -161.23044     37.258    -1.6020    -1.6095    -1.6026    32.5824    32.5993  1026.3909    26.2109    268.311    247.990  370.00247     72.516     67.019     0.1783     0.7216     2.7717     2.1236 1.0000e-12       3469     2.4083  0.000e+00
     36.820   71.52088 -161.23044     37.204    -1.6024    -1.6097    -1.6031    32.5830    32.5996  1026.3911    26.2114    268.275    247.967  370.00538     72.506     67.013     0.1770     0.7143     2.7717     2.1236 1.0000e-12       3470     2.4090  0.000e+00
     36.921   71.52088 -161.23044     37.305    -1.6028    -1.6095    -1.6034    32.5829    32.5992  1026.3915    26.2113    268.344    247.953  370.00904     72.524     67.009     0.1783     0.7216     2.7717     2.1236 1.0000e-12       3471     2.4097  0.000e+00
     36.820   71.52088 -161.23044     37.203    -1.6037    -1.6095    -1.6044    32.5840    32.5992  1026.3920    26.2123    268.096    248.166  370.01487     72.456     67.067     0.1770     0.7143     2.7717     2.1236 1.0000e-12       3472     2.4104  0.000e+00
     36.874   71.52088 -161.23044     37.258    -1.6042    -1.6097    -1.6048    32.5843    32.5990  1026.3925    26.2126    268.322    248.191  370.01861     72.516     67.073     0.1783     0.7216     2.7717     2.1236 1.0000e-12       3473     2.4111  0.000e+00
     36.921   71.52088 -161.23044     37.305    -1.6046    -1.6097    -1.6052    32.5845    32.5991  1026.3929    26.2127    268.075    248.216  370.02232     72.448     67.080     0.1770     0.7143     2.7717     2.1236 1.0000e-12       3474     2.4118  0.000e+00
     36.874   71.52088 -161.23044     37.258    -1.6042    -1.6097    -1.6048    32.5844    32.5995  1026.3926    26.2126    268.288    248.241  370.01848     72.507     67.087     0.1783     0.7216     2.7705     2.1253 1.0000e-12       3475     2.4125  0.000e+00
     36.820   71.52088 -161.23044     37.203    -1.6042    -1.6097    -1.6048    32.5850    32.5994  1026.3928    26.2131    268.032    248.269  370.01662     72.438     67.094     0.1783     0.7216     2.7717     2.1236 1.0000e-12       3476     2.4132  0.000e+00
     36.866   71.52088 -161.23044     37.250    -1.6037    -1.6095    -1.6044    32.5840    32.5996  1026.3922    26.2123    268.248    248.071  370.01496     72.496     67.041     0.1770     0.7143     2.7717     2.1236 1.0000e-12       3477     2.4139  0.000e+00
     36.874   71.52088 -161.23044     37.258    -1.6031    -1.6097    -1.6037    32.5835    32.5995  1026.3918    26.2118    268.248    248.307  370.01016     72.497     67.105     0.1783     0.7216     2.7717     2.1236 1.0000e-12       3478     2.4146  0.000e+00
     36.936   71.52088 -161.23044     37.320    -1.6021    -1.6093    -1.6028    32.5828    32.5994  1026.3916    26.2113    267.986    248.116  370.00287     72.428     67.053     0.1770     0.7143     2.7717     2.1236 1.0000e-12       3479     2.4153  0.000e+00
     36.866   71.52088 -161.23044     37.250    -1.6012    -1.6092    -1.6019    32.5813    32.5992  1026.3900    26.2100    267.931    248.123  369.99812     72.414     67.056     0.1770     0.7143     2.7717     2.1236 1.0000e-12       3480     2.4160  0.000e+00
     36.874   71.52088 -161.23044     37.258    -1.6008    -1.6089    -1.6014    32.5807    32.5988  1026.3895    26.2095    267.881    248.103  369.99526     72.401     67.051     0.1770     0.7143     2.7717     2.1236 1.0000e-12       3481     2.4167  0.000e+00
     36.874   71.52088 -161.23044     37.258    -1.6005    -1.6091    -1.6011    32.5807    32.5989  1026.3895    26.2095    267.831    248.088  369.99229     72.388     67.046     0.1685     0.6630     2.7717     2.1236 1.0000e-12       3482     2.4174  0.000e+00
     36.866   71.52088 -161.23044     37.250    -1.6006    -1.6089    -1.6013    32.5806    32.5990  1026.3894    26.2094    267.785    248.106  369.99446     72.375     67.052     0.1551     0.5824     2.7717     2.1236 1.0000e-12       3483     2.4181  0.000e+00
     36.874   71.52088 -161.23044     37.258    -1.6008    -1.6088    -1.6014    32.5808    32.5992  1026.3896    26.2096    267.738    248.129  369.99501     72.363     67.058     0.1502     0.5531     2.7668     2.1306 1.0000e-12       3484     2.4188  0.000e+00
     36.936   71.52088 -161.23044     37.320    -1.6017    -1.6086    -1.6023    32.5818    32.5993  1026.3908    26.2105    267.698    248.125  370.00113     72.351     67.057     0.1514     0.5604     2.7497     2.1554 8.4714e-06       3485     2.4194  0.000e+00
     36.866   71.52088 -161.23044     37.250    -1.6023    -1.6084    -1.6030    32.5819    32.5991  1026.3904    26.2105    267.653    248.119  370.00746     72.337     67.056     0.1514     0.5604     2.7424     2.1661 8.4714e-06       3486     2.4201  0.000e+00
     36.874   71.52088 -161.23044     37.258    -1.6031    -1.6083    -1.6037    32.5831    32.5988  1026.3915    26.2115    267.609    248.119  370.01117     72.325     67.056     0.1514     0.5604     2.7424     2.1661 1.0000e-12       3487     2.4208  0.000e+00
     36.936   71.52088 -161.23044     37.320    -1.6029    -1.6086    -1.6036    32.5827    32.5993  1026.3915    26.2112    267.823    248.355  370.01074     72.382     67.119     0.1514     0.5604     2.7424     2.1661 1.0000e-12       3488     2.4215  0.000e+00
     36.866   71.52088 -161.23044     37.250    -1.6024    -1.6083    -1.6031    32.5825    32.5992  1026.3910    26.2110    267.505    248.387  370.00660     72.297     67.128     0.1514     0.5604     2.7436     2.1643 1.0000e-12       3489     2.4222  0.000e+00
     36.874   71.52088 -161.23044     37.258    -1.6026    -1.6083    -1.6033    32.5826    32.5992  1026.3911    26.2111    267.455    248.424  370.00804     72.284     67.139     0.1526     0.5678     2.7436     2.1643 1.0000e-12       3490     2.4229  0.000e+00
     36.874   71.52088 -161.23044     37.258    -1.6031    -1.6081    -1.6037    32.5833    32.5990  1026.3917    26.2117    267.405    248.233  370.01066     72.270     67.087     0.1514     0.5604     2.7436     2.1643 1.0000e-12       3491     2.4236  0.000e+00
     36.866   71.52088 -161.23044     37.250    -1.6034    -1.6081    -1.6040    32.5836    32.5990  1026.3919    26.2120    267.355    248.242  370.01261     72.256     67.090     0.1514     0.5604     2.7436     2.1643 1.0000e-12       3492     2.4243  0.000e+00
     36.936   71.52088 -161.23044     37.320    -1.6037    -1.6083    -1.6044    32.5838    32.5984  1026.3924    26.2121    267.308    248.259  370.01559     72.242     67.093     0.1514     0.5604     2.7436     2.1643 1.0000e-12       3493     2.4250  0.000e+00
     36.874   71.52088 -161.23044     37.258    -1.6037    -1.6089    -1.6044    32.5844    32.5993  1026.3926    26.2126    266.993    248.274  370.01371     72.158     67.097     0.1514     0.5604     2.7436     2.1643 1.0000e-12       3494     2.4257  0.000e+00
     36.866   71.52088 -161.23044     37.250    -1.6040    -1.6089    -1.6046    32.5847    32.5990  1026.3928    26.2129    267.155    248.292  370.01578     72.201     67.102     0.1514     0.5604     2.7436     2.1643 8.4714e-06       3495     2.4264  0.000e+00
     36.874   71.52088 -161.23044     37.258    -1.6040    -1.6093    -1.6046    32.5847    32.5990  1026.3928    26.2128    267.157    248.282  370.01592     72.202     67.098     0.1514     0.5604     2.7436     2.1643 8.4714e-06       3496     2.4271  0.000e+00
     36.874   71.52088 -161.23044     37.258    -1.6041    -1.6098    -1.6047    32.5851    32.5994  1026.3932    26.2132    267.161    248.043  370.01517     72.203     67.033     0.1526     0.5678     2.7436     2.1643 1.0000e-12       3497     2.4278  0.000e+00
     36.920   71.52088 -161.23044     37.305    -1.6038    -1.6100    -1.6045    32.5846    32.5993  1026.3930    26.2127    266.908    248.234  370.01445     72.135     67.084     0.1514     0.5604     2.7436     2.1643 8.4714e-06       3498     2.4285  0.000e+00
     36.936   71.52088 -161.23044     37.320    -1.6038    -1.6102    -1.6045    32.5844    32.5997  1026.3929    26.2126    267.129    248.228  370.01486     72.194     67.082     0.1526     0.5678     2.7436     2.1643 8.4714e-06       3499     2.4292  0.000e+00
     36.936   71.52088 -161.23044     37.320    -1.6035    -1.6102    -1.6042    32.5843    32.5996  1026.3928    26.2125    267.088    248.222  370.01227     72.183     67.081     0.1514     0.5604     2.7436     2.1643 1.0000e-12       3500     2.4299  0.000e+00
     36.920   71.52088 -161.23044     37.304    -1.6038    -1.6104    -1.6045    32.5854    32.5999  1026.3936    26.2134    267.100    248.250  370.01205     72.187     67.088     0.1514     0.5604     2.7436     2.1643 1.0000e-12       3501     2.4306  0.000e+00
