EcoFOCI/data/1_SampleCollection/2023_SikuliaqDBO_CruiseData/CTD_raw_BottleFile_SKQ23-12S/proc/skq202312s_026svp.cnv
* Sea-Bird SBE 9 Data File:
* FileName = D:\CTD\SKQ202312S\SKQ202312S_026.hex
* Software Version Seasave V 7.26.7.121
* Temperature SN = 6177
* Conductivity SN = 0369
* Number of Bytes Per Scan = 41
* Number of Voltage Words = 4
* Number of Scans Averaged by the Deck Unit = 1
* NMEA Latitude = 71 17.26 N
* NMEA Longitude = 157 14.75 W
* NMEA UTC (Time) = Sep 20 2023  23:14:47
* NMEA baud rate = 4800
** Ship: R/V Sikuliaq
** Station Number: 026
** Station Name: DBO5.2
** Bottom Depth: 56
** Operator: SD
# nquan = 7
# nvalues = 5478                                  
# units = specified
# name 0 = depSM: Depth [salt water, m]
# name 1 = latitude: Latitude [deg]
# name 2 = longitude: Longitude [deg]
# name 3 = t090C: Temperature [ITS-90, deg C]
# name 4 = sal00: Salinity, Practical [PSU]
# name 5 = svCM: Sound Velocity [Chen-Millero, m/s]
# name 6 = flag:  0.000e+00
# span 0 =      2.412,     51.387                 
# span 1 =   71.28776,   71.28778                 
# span 2 = -157.24544, -157.24540                 
# span 3 =     2.1595,     4.5957                 
# span 4 =    30.2644,    31.7894                 
# span 5 =    1455.34,    1463.73                 
# span 6 = 0.0000e+00, 0.0000e+00                 
# interval = seconds: 0.0416667
# start_time = Sep 20 2023 23:18:27 [NMEA time, first data scan]
# bad_flag = -9.990e-29
*END*
[from data line 2667]
     38.096   71.28778 -157.24544     2.2841    31.7731    1455.73  0.000e+00
     38.096   71.28778 -157.24544     2.2811    31.7736    1455.72  0.000e+00
     38.197   71.28778 -157.24544     2.2776    31.7733    1455.71  0.000e+00
     38.150   71.28778 -157.24544     2.2730    31.7745    1455.69  0.000e+00
     38.204   71.28778 -157.24544     2.2694    31.7762    1455.68  0.000e+00
     38.204   71.28778 -157.24544     2.2664    31.7762    1455.66  0.000e+00
     38.312   71.28778 -157.24544     2.2623    31.7771    1455.65  0.000e+00
     38.266   71.28778 -157.24544     2.2595    31.7781    1455.64  0.000e+00
     38.320   71.28778 -157.24544     2.2565    31.7786    1455.62  0.000e+00
     38.312   71.28778 -157.24544     2.2532    31.7795    1455.61  0.000e+00
     38.382   71.28778 -157.24544     2.2506    31.7808    1455.60  0.000e+00
     38.382   71.28778 -157.24544     2.2482    31.7814    1455.59  0.000e+00
     38.436   71.28778 -157.24544     2.2464    31.7816    1455.59  0.000e+00
     38.428   71.28778 -157.24544     2.2448    31.7819    1455.58  0.000e+00
     38.436   71.28778 -157.24544     2.2437    31.7823    1455.57  0.000e+00
     38.497   71.28778 -157.24544     2.2426    31.7827    1455.57  0.000e+00
     38.551   71.28778 -157.24544     2.2419    31.7828    1455.57  0.000e+00
     38.544   71.28778 -157.24544     2.2410    31.7831    1455.57  0.000e+00
     38.551   71.28778 -157.24544     2.2405    31.7830    1455.56  0.000e+00
     38.551   71.28778 -157.24544     2.2401    31.7828    1455.56  0.000e+00
     38.659   71.28778 -157.24544     2.2398    31.7830    1455.56  0.000e+00
     38.605   71.28778 -157.24544     2.2396    31.7830    1455.56  0.000e+00
     38.667   71.28778 -157.24544     2.2396    31.7829    1455.56  0.000e+00
     38.721   71.28778 -157.24544     2.2398    31.7829    1455.56  0.000e+00
     38.713   71.28778 -157.24544     2.2399    31.7828    1455.56  0.000e+00
     38.721   71.28778 -157.24544     2.2396    31.7823    1455.56  0.000e+00
     38.783   71.28778 -157.24544     2.2382    31.7819    1455.56  0.000e+00
     38.721   71.28778 -157.24544     2.2371    31.7813    1455.55  0.000e+00
     38.829   71.28778 -157.24544     2.2360    31.7815    1455.55  0.000e+00
     38.837   71.28778 -157.24544     2.2346    31.7820    1455.54  0.000e+00
     38.837   71.28778 -157.24544     2.2337    31.7828    1455.54  0.000e+00
     38.883   71.28778 -157.24544     2.2327    31.7827    1455.53  0.000e+00
     38.899   71.28778 -157.24544     2.2319    31.7827    1455.53  0.000e+00
     38.899   71.28778 -157.24544     2.2313    31.7831    1455.53  0.000e+00
     38.899   71.28778 -157.24544     2.2313    31.7831    1455.53  0.000e+00
     38.999   71.28778 -157.24544     2.2310    31.7829    1455.53  0.000e+00
     38.953   71.28778 -157.24544     2.2302    31.7835    1455.53  0.000e+00
     38.953   71.28778 -157.24544     2.2300    31.7826    1455.52  0.000e+00
     39.006   71.28778 -157.24544     2.2294    31.7830    1455.52  0.000e+00
     39.060   71.28778 -157.24544     2.2293    31.7828    1455.52  0.000e+00
     39.068   71.28778 -157.24544     2.2291    31.7828    1455.52  0.000e+00
     39.006   71.28778 -157.24544     2.2288    31.7832    1455.52  0.000e+00
     39.114   71.28778 -157.24544     2.2289    31.7826    1455.52  0.000e+00
     39.068   71.28778 -157.24544     2.2289    31.7826    1455.52  0.000e+00
     39.122   71.28778 -157.24544     2.2287    31.7829    1455.52  0.000e+00
     39.184   71.28778 -157.24544     2.2286    31.7830    1455.52  0.000e+00
     39.114   71.28778 -157.24544     2.2288    31.7829    1455.52  0.000e+00
     39.184   71.28778 -157.24544     2.2286    31.7830    1455.52  0.000e+00
     39.184   71.28778 -157.24544     2.2285    31.7826    1455.52  0.000e+00
     39.184   71.28778 -157.24544     2.2283    31.7824    1455.52  0.000e+00
     39.230   71.28778 -157.24544     2.2277    31.7824    1455.52  0.000e+00
     39.238   71.28778 -157.24544     2.2271    31.7824    1455.52  0.000e+00
     39.238   71.28778 -157.24544     2.2263    31.7822    1455.51  0.000e+00
     39.300   71.28778 -157.24544     2.2259    31.7819    1455.51  0.000e+00
     39.284   71.28778 -157.24544     2.2247    31.7827    1455.51  0.000e+00
     39.300   71.28778 -157.24544     2.2238    31.7823    1455.50  0.000e+00
     39.300   71.28778 -157.24544     2.2222    31.7826    1455.50  0.000e+00
     39.300   71.28778 -157.24544     2.2206    31.7831    1455.49  0.000e+00
     39.400   71.28778 -157.24544     2.2192    31.7835    1455.49  0.000e+00
     39.353   71.28778 -157.24544     2.2184    31.7835    1455.48  0.000e+00
     39.353   71.28778 -157.24544     2.2178    31.7832    1455.48  0.000e+00
     39.346   71.28778 -157.24544     2.2174    31.7833    1455.48  0.000e+00
     39.469   71.28778 -157.24544     2.2167    31.7833    1455.48  0.000e+00
     39.407   71.28778 -157.24544     2.2157    31.7841    1455.47  0.000e+00
     39.407   71.28778 -157.24544     2.2155    31.7840    1455.47  0.000e+00
     39.461   71.28778 -157.24544     2.2148    31.7839    1455.47  0.000e+00
     39.469   71.28778 -157.24544     2.2144    31.7841    1455.47  0.000e+00
     39.523   71.28778 -157.24544     2.2139    31.7842    1455.46  0.000e+00
     39.469   71.28778 -157.24544     2.2134    31.7844    1455.46  0.000e+00
     39.515   71.28778 -157.24544     2.2133    31.7848    1455.46  0.000e+00
     39.523   71.28778 -157.24544     2.2134    31.7846    1455.46  0.000e+00
     39.585   71.28778 -157.24544     2.2134    31.7843    1455.46  0.000e+00
     39.523   71.28778 -157.24544     2.2132    31.7845    1455.46  0.000e+00
     39.631   71.28778 -157.24544     2.2130    31.7850    1455.46  0.000e+00
     39.585   71.28778 -157.24544     2.2133    31.7843    1455.46  0.000e+00
     39.585   71.28778 -157.24544     2.2132    31.7842    1455.46  0.000e+00
     39.639   71.28778 -157.24544     2.2132    31.7839    1455.46  0.000e+00
     39.631   71.28778 -157.24544     2.2128    31.7840    1455.46  0.000e+00
     39.639   71.28778 -157.24544     2.2128    31.7840    1455.46  0.000e+00
     39.701   71.28778 -157.24544     2.2127    31.7845    1455.46  0.000e+00
     39.639   71.28778 -157.24544     2.2125    31.7842    1455.46  0.000e+00
     39.685   71.28778 -157.24544     2.2124    31.7839    1455.46  0.000e+00
     39.701   71.28778 -157.24544     2.2122    31.7840    1455.46  0.000e+00
     39.701   71.28778 -157.24544     2.2120    31.7842    1455.46  0.000e+00
     39.755   71.28778 -157.24544     2.2119    31.7841    1455.46  0.000e+00
     39.747   71.28778 -157.24544     2.2119    31.7836    1455.46  0.000e+00
     39.809   71.28778 -157.24544     2.2118    31.7837    1455.46  0.000e+00
     39.809   71.28778 -157.24544     2.2118    31.7836    1455.46  0.000e+00
     39.809   71.28778 -157.24544     2.2114    31.7839    1455.46  0.000e+00
     39.863   71.28778 -157.24544     2.2114    31.7834    1455.46  0.000e+00
     39.809   71.28778 -157.24544     2.2114    31.7837    1455.46  0.000e+00
     39.924   71.28778 -157.24544     2.2113    31.7838    1455.46  0.000e+00
     39.870   71.28778 -157.24544     2.2114    31.7833    1455.46  0.000e+00
     39.863   71.28778 -157.24544     2.2111    31.7836    1455.46  0.000e+00
     39.924   71.28778 -157.24544     2.2108    31.7839    1455.46  0.000e+00
     39.924   71.28778 -157.24544     2.2106    31.7836    1455.46  0.000e+00
     39.924   71.28778 -157.24544     2.2104    31.7840    1455.46  0.000e+00
     39.978   71.28778 -157.24544     2.2104    31.7836    1455.46  0.000e+00
     40.040   71.28778 -157.24544     2.2105    31.7835    1455.46  0.000e+00
     39.986   71.28778 -157.24544     2.2102    31.7834    1455.45  0.000e+00
     39.986   71.28778 -157.24544     2.2105    31.7830    1455.46  0.000e+00
     40.094   71.28778 -157.24544     2.2105    31.7834    1455.46  0.000e+00
     40.040   71.28778 -157.24544     2.2105    31.7836    1455.46  0.000e+00
     40.102   71.28778 -157.24544     2.2104    31.7834    1455.46  0.000e+00
     40.102   71.28778 -157.24544     2.2102    31.7827    1455.46  0.000e+00
     40.148   71.28778 -157.24544     2.2095    31.7832    1455.45  0.000e+00
     40.156   71.28778 -157.24544     2.2088    31.7834    1455.45  0.000e+00
     40.156   71.28778 -157.24544     2.2085    31.7838    1455.45  0.000e+00
     40.210   71.28778 -157.24544     2.2083    31.7838    1455.45  0.000e+00
     40.264   71.28778 -157.24544     2.2085    31.7841    1455.45  0.000e+00
     40.210   71.28778 -157.24544     2.2091    31.7840    1455.45  0.000e+00
     40.271   71.28778 -157.24544     2.2091    31.7840    1455.46  0.000e+00
     40.271   71.28778 -157.24544     2.2092    31.7828    1455.45  0.000e+00
     40.202   71.28778 -157.24544     2.2086    31.7820    1455.45  0.000e+00
     40.387   71.28778 -157.24544     2.2070    31.7823    1455.45  0.000e+00
     40.325   71.28778 -157.24544     2.2055    31.7830    1455.44  0.000e+00
     40.387   71.28778 -157.24544     2.2042    31.7830    1455.43  0.000e+00
     40.387   71.28778 -157.24544     2.2031    31.7837    1455.43  0.000e+00
     40.379   71.28778 -157.24544     2.2025    31.7845    1455.43  0.000e+00
     40.441   71.28778 -157.24544     2.2021    31.7851    1455.43  0.000e+00
     40.503   71.28778 -157.24544     2.2017    31.7849    1455.43  0.000e+00
     40.441   71.28778 -157.24544     2.2017    31.7846    1455.43  0.000e+00
     40.495   71.28778 -157.24544     2.2016    31.7853    1455.43  0.000e+00
     40.557   71.28778 -157.24544     2.2023    31.7853    1455.43  0.000e+00
     40.557   71.28778 -157.24544     2.2033    31.7852    1455.44  0.000e+00
     40.557   71.28778 -157.24544     2.2039    31.7848    1455.44  0.000e+00
     40.603   71.28778 -157.24544     2.2041    31.7841    1455.44  0.000e+00
     40.611   71.28778 -157.24544     2.2036    31.7832    1455.44  0.000e+00
     40.672   71.28778 -157.24544     2.2028    31.7832    1455.43  0.000e+00
     40.672   71.28778 -157.24544     2.2019    31.7837    1455.43  0.000e+00
     40.665   71.28778 -157.24544     2.2009    31.7840    1455.43  0.000e+00
     40.788   71.28778 -157.24544     2.1998    31.7849    1455.42  0.000e+00
     40.726   71.28778 -157.24544     2.1994    31.7847    1455.42  0.000e+00
     40.726   71.28778 -157.24544     2.1991    31.7852    1455.42  0.000e+00
     40.842   71.28778 -157.24544     2.1987    31.7852    1455.42  0.000e+00
     40.780   71.28778 -157.24544     2.1985    31.7847    1455.42  0.000e+00
     40.904   71.28778 -157.24544     2.1972    31.7843    1455.41  0.000e+00
     40.842   71.28778 -157.24544     2.1945    31.7846    1455.40  0.000e+00
     40.904   71.28778 -157.24544     2.1919    31.7855    1455.39  0.000e+00
     40.896   71.28778 -157.24544     2.1905    31.7872    1455.39  0.000e+00
     40.958   71.28778 -157.24544     2.1899    31.7878    1455.39  0.000e+00
     40.958   71.28778 -157.24544     2.1900    31.7878    1455.39  0.000e+00
     41.012   71.28778 -157.24544     2.1897    31.7873    1455.39  0.000e+00
     41.074   71.28778 -157.24544     2.1892    31.7872    1455.39  0.000e+00
     41.004   71.28778 -157.24544     2.1889    31.7869    1455.38  0.000e+00
     41.074   71.28778 -157.24544     2.1884    31.7873    1455.38  0.000e+00
     41.128   71.28778 -157.24544     2.1888    31.7874    1455.38  0.000e+00
     41.128   71.28778 -157.24544     2.1890    31.7877    1455.39  0.000e+00
     41.182   71.28778 -157.24544     2.1894    31.7873    1455.39  0.000e+00
     41.128   71.28778 -157.24544     2.1894    31.7873    1455.39  0.000e+00
     41.189   71.28778 -157.24544     2.1897    31.7869    1455.39  0.000e+00
     41.243   71.28778 -157.24544     2.1892    31.7869    1455.39  0.000e+00
     41.243   71.28778 -157.24544     2.1884    31.7871    1455.39  0.000e+00
     41.297   71.28778 -157.24544     2.1876    31.7874    1455.38  0.000e+00
     41.305   71.28778 -157.24544     2.1874    31.7867    1455.38  0.000e+00
     41.305   71.28778 -157.24544     2.1862    31.7873    1455.38  0.000e+00
     41.359   71.28778 -157.24544     2.1858    31.7876    1455.38  0.000e+00
     41.405   71.28778 -157.24544     2.1850    31.7878    1455.37  0.000e+00
     41.359   71.28778 -157.24544     2.1845    31.7876    1455.37  0.000e+00
     41.413   71.28778 -157.24544     2.1841    31.7882    1455.37  0.000e+00
     41.475   71.28778 -157.24544     2.1841    31.7884    1455.37  0.000e+00
     41.413   71.28778 -157.24544     2.1839    31.7881    1455.37  0.000e+00
     41.521   71.28778 -157.24544     2.1837    31.7877    1455.37  0.000e+00
     41.529   71.28778 -157.24544     2.1836    31.7882    1455.37  0.000e+00
     41.529   71.28778 -157.24544     2.1837    31.7882    1455.37  0.000e+00
     41.529   71.28778 -157.24544     2.1839    31.7885    1455.37  0.000e+00
     41.590   71.28778 -157.24544     2.1841    31.7882    1455.37  0.000e+00
     41.583   71.28778 -157.24544     2.1844    31.7876    1455.37  0.000e+00
     41.590   71.28778 -157.24544     2.1845    31.7878    1455.37  0.000e+00
     41.644   71.28778 -157.24544     2.1847    31.7877    1455.38  0.000e+00
     41.644   71.28778 -157.24544     2.1842    31.7878    1455.37  0.000e+00
     41.698   71.28778 -157.24544     2.1845    31.7877    1455.38  0.000e+00
     41.698   71.28778 -157.24544     2.1847    31.7877    1455.38  0.000e+00
     41.698   71.28778 -157.24544     2.1848    31.7876    1455.38  0.000e+00
     41.698   71.28778 -157.24544     2.1848    31.7872    1455.38  0.000e+00
     41.698   71.28778 -157.24544     2.1848    31.7870    1455.38  0.000e+00
     41.752   71.28778 -157.24544     2.1848    31.7872    1455.38  0.000e+00
     41.760   71.28778 -157.24544     2.1850    31.7871    1455.38  0.000e+00
     41.760   71.28778 -157.24544     2.1850    31.7873    1455.38  0.000e+00
     41.760   71.28778 -157.24544     2.1850    31.7874    1455.38  0.000e+00
     41.814   71.28778 -157.24544     2.1850    31.7874    1455.38  0.000e+00
     41.806   71.28778 -157.24544     2.1848    31.7869    1455.38  0.000e+00
     41.760   71.28778 -157.24544     2.1848    31.7865    1455.38  0.000e+00
     41.876   71.28778 -157.24544     2.1844    31.7868    1455.38  0.000e+00
     41.814   71.28778 -157.24544     2.1841    31.7868    1455.37  0.000e+00
     41.876   71.28778 -157.24544     2.1836    31.7873    1455.37  0.000e+00
     41.868   71.28778 -157.24544     2.1835    31.7871    1455.37  0.000e+00
     41.930   71.28778 -157.24544     2.1833    31.7877    1455.37  0.000e+00
     41.876   71.28778 -157.24544     2.1833    31.7881    1455.37  0.000e+00
     41.876   71.28778 -157.24544     2.1834    31.7875    1455.37  0.000e+00
     41.922   71.28778 -157.24544     2.1836    31.7874    1455.38  0.000e+00
     41.930   71.28778 -157.24544     2.1833    31.7875    1455.37  0.000e+00
     41.876   71.28778 -157.24544     2.1834    31.7874    1455.37  0.000e+00
     41.930   71.28778 -157.24544     2.1831    31.7880    1455.37  0.000e+00
     41.930   71.28778 -157.24544     2.1830    31.7878    1455.37  0.000e+00
     41.922   71.28778 -157.24544     2.1828    31.7882    1455.37  0.000e+00
     41.930   71.28778 -157.24544     2.1828    31.7886    1455.37  0.000e+00
     41.930   71.28778 -157.24544     2.1828    31.7882    1455.37  0.000e+00
     41.991   71.28778 -157.24544     2.1830    31.7885    1455.38  0.000e+00
     41.930   71.28778 -157.24544     2.1833    31.7888    1455.38  0.000e+00
     41.984   71.28778 -157.24544     2.1837    31.7894    1455.38  0.000e+00
     41.991   71.28778 -157.24544     2.1847    31.7893    1455.38  0.000e+00
     41.991   71.28778 -157.24544     2.1865    31.7879    1455.39  0.000e+00
     41.991   71.28778 -157.24544     2.1876    31.7871    1455.39  0.000e+00
