EcoFOCI/data/1_SampleCollection/2023_SikuliaqDBO_CruiseData/CTD_raw_BottleFile_SKQ23-12S/proc/skq202312s_058.ros
* Sea-Bird SBE 9 Data File:
* FileName = D:\CTD\SKQ202312S\SKQ202312S_058.hex
* Software Version Seasave V 7.26.7.121
* Temperature SN = 6177
* Conductivity SN = 0369
* Number of Bytes Per Scan = 41
* Number of Voltage Words = 4
* Number of Scans Averaged by the Deck Unit = 1
* NMEA Latitude = 71 26.88 N
* NMEA Longitude = 164 54.84 W
* NMEA UTC (Time) = Sep 27 2023  11:36:42
* NMEA baud rate = 4800
** Ship: R/V Sikuliaq
** Station Number: 058
** Station Name: IC4
** Bottom Depth: 42
** Operator: SS
# nquan = 22
# nvalues = 784                                   
# units = specified
# name 0 = depSM: Depth [salt water, m]
# name 1 = latitude: Latitude [deg]
# name 2 = longitude: Longitude [deg]
# name 3 = prDM: Pressure, Digiquartz [db]
# name 4 = t090C: Temperature [ITS-90, deg C]
# name 5 = t190C: Temperature, 2 [ITS-90, deg C]
# name 6 = potemp090C: Potential Temperature [ITS-90, deg C]
# name 7 = sal00: Salinity, Practical [PSU]
# name 8 = sal11: Salinity, Practical, 2 [PSU]
# name 9 = density00: Density [density, kg/m^3]
# name 10 = sigma-é00: Density [sigma-theta, kg/m^3]
# name 11 = sbox0Mm/Kg: Oxygen, SBE 43 [umol/kg]
# name 12 = sbox1Mm/Kg: Oxygen, SBE 43, 2 [umol/kg]
# name 13 = oxsolMm/Kg: Oxygen Saturation, Garcia & Gordon [umol/kg]
# name 14 = sbeox0PS: Oxygen, SBE 43 [% saturation]
# name 15 = v0: Voltage 0
# name 16 = flECO-AFL: Fluorescence, WET Labs ECO-AFL/FL [mg/m^3]
# name 17 = CStarAt0: Beam Attenuation, WET Labs C-Star [1/m]
# name 18 = par: PAR/Irradiance, Biospherical/Licor
# name 19 = scan: Scan Count
# name 20 = nbf: Bottles Fired
# name 21 = flag:  0.000e+00
# interval = seconds: 0.0416667
# start_time = Sep 27 2023 11:40:41 [NMEA time, first data scan]
# bad_flag = -9.990e-29
*END*
[from data line 461]
     10.208   71.44828 -164.91620     10.313     2.7895     2.7912     2.7889    30.5594    30.5702  1024.4072    24.3585    324.567    309.086  335.36303     96.781     0.0720     0.0842     0.4197 4.0740e-02      17349         10  0.000e+00
     10.177   71.44828 -164.91620     10.282     2.7894     2.7912     2.7889    30.5596    30.5704  1024.4072    24.3587    324.556    309.291  335.36291     96.777     0.0720     0.0842     0.4197 4.1638e-02      17350         10  0.000e+00
     10.146   71.44828 -164.91620     10.251     2.7894     2.7912     2.7889    30.5597    30.5706  1024.4072    24.3588    324.544    309.121  335.36267     96.774     0.0720     0.0842     0.4197 6.0711e-02      17351         10  0.000e+00
     10.208   71.44828 -164.91620     10.313     2.7896     2.7912     2.7891    30.5595    30.5707  1024.4073    24.3586    324.535    309.130  335.36180     96.772     0.0733     0.0916     0.4197 7.7041e-02      17352         10  0.000e+00
     10.146   71.44828 -164.91620     10.251     2.7894     2.7913     2.7889    30.5599    30.5702  1024.4073    24.3589    324.597    308.935  335.36217     96.790     0.0720     0.0842     0.4197 8.0369e-02      17353         10  0.000e+00
     10.208   71.44828 -164.91620     10.313     2.7896     2.7913     2.7891    30.5598    30.5701  1024.4075    24.3588    324.591    308.923  335.36110     96.788     0.0733     0.0916     0.4197 7.3228e-02      17354         10  0.000e+00
     10.146   71.44828 -164.91620     10.251     2.7896     2.7913     2.7891    30.5600    30.5701  1024.4074    24.3590    324.580    308.930  335.36052     96.785     0.0720     0.0842     0.4197 6.7386e-02      17355         10  0.000e+00
     10.146   71.44828 -164.91620     10.251     2.7896     2.7913     2.7891    30.5601    30.5701  1024.4075    24.3591    324.573    309.116  335.36032     96.783     0.0733     0.0916     0.4197 6.6343e-02      17356         10  0.000e+00
     10.208   71.44828 -164.91620     10.313     2.7894     2.7913     2.7889    30.5601    30.5701  1024.4078    24.3591    324.569    308.931  335.36166     96.782     0.0720     0.0842     0.4197 4.5745e-02      17357         10  0.000e+00
     10.146   71.44828 -164.91620     10.251     2.7895     2.7912     2.7890    30.5597    30.5701  1024.4072    24.3588    324.559    309.116  335.36215     96.779     0.0720     0.0842     0.4197 2.0624e-02      17358         10  0.000e+00
     10.177   71.44828 -164.91620     10.282     2.7896     2.7913     2.7891    30.5597    30.5705  1024.4073    24.3588    324.552    309.127  335.36126     96.777     0.0720     0.0842     0.4197 1.4875e-02      17359         10  0.000e+00
     10.146   71.44828 -164.91620     10.251     2.7894     2.7913     2.7889    30.5601    30.5702  1024.4075    24.3592    324.544    309.138  335.36148     96.774     0.0720     0.0842     0.4197 1.4500e-02      17360         10  0.000e+00
     10.146   71.44828 -164.91620     10.251     2.7896     2.7913     2.7891    30.5598    30.5701  1024.4073    24.3589    324.536    309.126  335.36092     96.772     0.0708     0.0769     0.4197 1.3012e-02      17361         10  0.000e+00
     10.208   71.44828 -164.91620     10.313     2.7896     2.7913     2.7891    30.5598    30.5701  1024.4075    24.3588    324.790    309.139  335.36110     96.848     0.0720     0.0842     0.4197 1.2274e-02      17362         10  0.000e+00
     10.146   71.44828 -164.91620     10.251     2.7896     2.7910     2.7891    30.5600    30.5703  1024.4074    24.3590    324.815    309.149  335.36052     96.856     0.0733     0.0916     0.4197 1.1174e-02      17363         10  0.000e+00
     10.146   71.44828 -164.91620     10.251     2.7896     2.7912     2.7891    30.5596    30.5704  1024.4071    24.3587    324.621    309.158  335.36142     96.797     0.0720     0.0842     0.4209 8.2880e-03      17364         10  0.000e+00
     10.146   71.44828 -164.91620     10.251     2.7897     2.7909     2.7892    30.5598    30.5703  1024.4072    24.3588    324.611    308.973  335.35977     96.795     0.0720     0.0842     0.4209 6.8690e-03      17365         10  0.000e+00
     10.146   71.44828 -164.91620     10.251     2.7897     2.7912     2.7892    30.5595    30.5701  1024.4070    24.3586    324.602    309.158  335.36046     96.792     0.0720     0.0842     0.4209 3.0480e-03      17366         10  0.000e+00
     10.146   71.44828 -164.91620     10.251     2.7896     2.7912     2.7891    30.5595    30.5704  1024.4070    24.3587    324.595    309.168  335.36172     96.789     0.0733     0.0916     0.4209 8.4714e-06      17367         10  0.000e+00
     10.177   71.44828 -164.91620     10.282     2.7896     2.7912     2.7891    30.5595    30.5704  1024.4071    24.3586    324.624    309.181  335.36144     96.798     0.0720     0.0842     0.4220 1.0000e-12      17368         10  0.000e+00
     10.146   71.44828 -164.91620     10.251     2.7897     2.7915     2.7892    30.5595    30.5702  1024.4070    24.3586    324.652    309.190  335.36046     96.807     0.0720     0.0842     0.4209 8.4714e-06      17369         10  0.000e+00
     10.146   71.44828 -164.91620     10.251     2.7896     2.7915     2.7891    30.5598    30.5700  1024.4072    24.3588    324.684    309.202  335.36112     96.816     0.0720     0.0842     0.4209 1.0131e-03      17370         10  0.000e+00
     10.146   71.44828 -164.91620     10.251     2.7894     2.7913     2.7889    30.5599    30.5701  1024.4074    24.3590    324.680    309.215  335.36198     96.815     0.0720     0.0842     0.4209 1.0131e-03      17371         10  0.000e+00
     10.208   71.44828 -164.91620     10.314     2.7897     2.7913     2.7892    30.5600    30.5703  1024.4077    24.3590    324.675    309.228  335.35915     96.814     0.0720     0.0842     0.4209 9.0035e-03      17372         10  0.000e+00
     10.146   71.44828 -164.91620     10.251     2.7896     2.7913     2.7891    30.5599    30.5702  1024.4073    24.3590    324.892    309.039  335.36072     96.878     0.0720     0.0842     0.4209 4.4364e-02      17373         10  0.000e+00
     10.147   71.44828 -164.91620     10.251     2.7896     2.7912     2.7891    30.5600    30.5706  1024.4074    24.3590    324.700    309.028  335.36052     96.821     0.0733     0.0916     0.4209 6.1216e-02      17374         10  0.000e+00
     10.147   71.44828 -164.91620     10.251     2.7896     2.7913     2.7891    30.5598    30.5702  1024.4073    24.3589    324.916    309.193  335.36092     96.885     0.0720     0.0842     0.4209 6.1722e-02      17375         10  0.000e+00
     10.147   71.44828 -164.91620     10.251     2.7896     2.7912     2.7891    30.5600    30.5702  1024.4074    24.3590    324.907    308.984  335.36052     96.883     0.0733     0.0916     0.4209 5.8208e-02      17376         10  0.000e+00
     10.177   71.44828 -164.91620     10.283     2.7894     2.7910     2.7889    30.5602    30.5701  1024.4077    24.3592    324.712    309.175  335.36132     96.825     0.0720     0.0842     0.4209 5.7217e-02      17377         10  0.000e+00
     10.211   71.44828 -164.91622     10.317     2.7894     2.7915     2.7889    30.5599    30.5700  1024.4077    24.3590    325.206    309.164  335.36206     96.972     0.0733     0.0916     0.4416 2.8677e-02      17515         11  0.000e+00
     10.211   71.44828 -164.91622     10.317     2.7896     2.7915     2.7891    30.5598    30.5703  1024.4075    24.3588    325.212    309.358  335.36110     96.974     0.0720     0.0842     0.4405 2.7440e-02      17516         11  0.000e+00
     10.149   71.44828 -164.91622     10.254     2.7893     2.7913     2.7887    30.5601    30.5707  1024.4075    24.3591    325.255    309.176  335.36294     96.986     0.0733     0.0916     0.4416 2.5807e-02      17517         11  0.000e+00
     10.211   71.44828 -164.91622     10.317     2.7897     2.7913     2.7892    30.5596    30.5707  1024.4074    24.3587    325.261    309.372  335.36015     96.988     0.0720     0.0842     0.4405 2.4192e-02      17518         11  0.000e+00
     10.150   71.44828 -164.91622     10.254     2.7894     2.7915     2.7889    30.5597    30.5704  1024.4072    24.3588    325.487    309.386  335.36258     97.055     0.0720     0.0842     0.4416 2.4192e-02      17519         11  0.000e+00
     10.211   71.44828 -164.91622     10.317     2.7896     2.7913     2.7891    30.5598    30.5701  1024.4075    24.3588    325.081    309.407  335.36069     96.935     0.0720     0.0842     0.4405 4.5745e-02      17520         11  0.000e+00
     10.150   71.44828 -164.91622     10.255     2.7896     2.7913     2.7891    30.5600    30.5702  1024.4074    24.3591    325.266    309.420  335.36043     96.990     0.0733     0.0916     0.4405 6.7386e-02      17521         11  0.000e+00
     10.211   71.44828 -164.91622     10.317     2.7896     2.7912     2.7891    30.5600    30.5704  1024.4077    24.3591    325.047    309.437  335.36041     96.925     0.0720     0.0842     0.4405 7.1617e-02      17522         11  0.000e+00
     10.180   71.44828 -164.91622     10.286     2.7896     2.7913     2.7891    30.5598    30.5706  1024.4074    24.3589    325.232    309.448  335.36096     96.980     0.0720     0.0842     0.4416 6.0208e-02      17523         11  0.000e+00
     10.150   71.44828 -164.91622     10.255     2.7897     2.7913     2.7892    30.5598    30.5705  1024.4073    24.3589    325.227    309.460  335.35957     96.979     0.0733     0.0916     0.4416 4.8071e-02      17524         11  0.000e+00
     10.150   71.44828 -164.91622     10.255     2.7896     2.7913     2.7891    30.5601    30.5704  1024.4075    24.3591    325.225    309.472  335.36033     96.978     0.0720     0.0842     0.4405 4.5745e-02      17525         11  0.000e+00
     10.211   71.44828 -164.91622     10.317     2.7894     2.7913     2.7889    30.5600    30.5703  1024.4077    24.3590    325.225    309.485  335.36196     96.977     0.0733     0.0916     0.4347 4.2089e-02      17526         11  0.000e+00
     10.150   71.44828 -164.91622     10.255     2.7894     2.7912     2.7889    30.5597    30.5705  1024.4072    24.3588    325.255    309.517  335.36258     96.986     0.0720     0.0842     0.4220 3.6322e-02      17527         11  0.000e+00
     10.150   71.44828 -164.91622     10.255     2.7896     2.7912     2.7891    30.5599    30.5703  1024.4073    24.3590    325.284    309.527  335.36073     96.995     0.0720     0.0842     0.4197 3.4590e-02      17528         11  0.000e+00
     10.211   71.44828 -164.91622     10.317     2.7896     2.7915     2.7891    30.5598    30.5699  1024.4076    24.3589    325.281    309.537  335.36100     96.994     0.0720     0.0842     0.4197 3.6758e-02      17529         11  0.000e+00
     10.150   71.44828 -164.91622     10.255     2.7896     2.7915     2.7891    30.5601    30.5702  1024.4075    24.3591    325.270    309.541  335.35971     96.991     0.0720     0.0842     0.4197 4.2542e-02      17530         11  0.000e+00
     10.211   71.44828 -164.91622     10.317     2.7896     2.7913     2.7891    30.5598    30.5706  1024.4076    24.3589    325.302    309.551  335.36100     97.000     0.0720     0.0842     0.4197 4.4823e-02      17531         11  0.000e+00
     10.181   71.44828 -164.91622     10.286     2.7897     2.7913     2.7892    30.5598    30.5704  1024.4074    24.3588    325.253    309.556  335.35971     96.986     0.0720     0.0842     0.4197 4.6207e-02      17532         11  0.000e+00
     10.150   71.44828 -164.91622     10.255     2.7897     2.7913     2.7892    30.5597    30.5704  1024.4071    24.3588    325.240    309.560  335.35997     96.982     0.0720     0.0842     0.4197 5.3790e-02      17533         11  0.000e+00
     10.212   71.44828 -164.91622     10.317     2.7897     2.7912     2.7892    30.5598    30.5705  1024.4075    24.3589    325.229    309.567  335.35965     96.979     0.0720     0.0842     0.4197 5.6723e-02      17534         11  0.000e+00
     10.150   71.44828 -164.91622     10.255     2.7896     2.7913     2.7891    30.5601    30.5704  1024.4075    24.3591    325.249    309.566  335.36033     96.985     0.0733     0.0916     0.4197 5.2824e-02      17535         11  0.000e+00
     10.212   71.44828 -164.91622     10.317     2.7897     2.7915     2.7892    30.5599    30.5703  1024.4076    24.3589    325.236    309.594  335.35945     96.981     0.0720     0.0842     0.4197 2.7440e-02      17536         11  0.000e+00
     10.150   71.44828 -164.91622     10.255     2.7896     2.7913     2.7891    30.5598    30.5706  1024.4073    24.3589    325.256    309.594  335.36092     96.987     0.0733     0.0916     0.4197 1.7145e-02      17537         11  0.000e+00
     10.150   71.44828 -164.91622     10.255     2.7896     2.7913     2.7891    30.5600    30.5704  1024.4074    24.3590    325.239    309.620  335.36053     96.982     0.0720     0.0842     0.4197 1.7145e-02      17538         11  0.000e+00
     10.212   71.44828 -164.91622     10.317     2.7899     2.7912     2.7894    30.5595    30.5702  1024.4073    24.3586    325.259    309.624  335.35909     96.988     0.0733     0.0916     0.4197 3.6322e-02      17539         11  0.000e+00
     10.150   71.44828 -164.91622     10.255     2.7898     2.7915     2.7893    30.5600    30.5702  1024.4074    24.3590    325.460    309.620  335.35876     97.048     0.0720     0.0842     0.4197 4.9011e-02      17540         11  0.000e+00
     10.181   71.44828 -164.91622     10.286     2.7897     2.7912     2.7892    30.5595    30.5705  1024.4072    24.3587    325.219    309.622  335.36031     96.976     0.0733     0.0916     0.4197 5.0907e-02      17541         11  0.000e+00
     10.212   71.44828 -164.91622     10.317     2.7896     2.7913     2.7891    30.5597    30.5701  1024.4075    24.3588    324.976    309.819  335.36130     96.903     0.0708     0.0769     0.4197 2.7440e-02      17542         11  0.000e+00
     10.150   71.44828 -164.91622     10.255     2.7899     2.7912     2.7894    30.5594    30.5703  1024.4069    24.3585    325.133    309.638  335.35941     96.951     0.0733     0.0916     0.4197 1.2274e-02      17543         11  0.000e+00
     10.150   71.44828 -164.91622     10.255     2.7896     2.7912     2.7891    30.5601    30.5702  1024.4075    24.3591    325.146    309.634  335.36013     96.954     0.0708     0.0769     0.4197 1.0084e-02      17544         11  0.000e+00
     10.212   71.44828 -164.91622     10.317     2.7897     2.7913     2.7892    30.5597    30.5703  1024.4075    24.3588    325.123    309.629  335.35985     96.947     0.0720     0.0842     0.4197 4.0292e-02      17545         11  0.000e+00
     10.150   71.44828 -164.91622     10.255     2.7894     2.7913     2.7889    30.5601    30.5702  1024.4075    24.3592    325.133    309.596  335.36148     96.950     0.0733     0.0916     0.4232 7.9810e-02      17546         11  0.000e+00
     10.212   71.44828 -164.91622     10.317     2.7894     2.7912     2.7889    30.5598    30.5704  1024.4075    24.3589    325.109    309.590  335.36246     96.943     0.0720     0.0842     0.4336 9.0110e-02      17547         11  0.000e+00
     10.212   71.44828 -164.91622     10.317     2.7896     2.7912     2.7891    30.5599    30.5704  1024.4076    24.3589    325.338    309.581  335.36081     97.011     0.0733     0.0916     0.4370 8.4324e-02      17548         11  0.000e+00
     10.212   71.44828 -164.91622     10.317     2.7896     2.7913     2.7891    30.5600    30.5699  1024.4077    24.3590    325.381    309.570  335.36009     97.024     0.0720     0.0842     0.4370 7.7591e-02      17549         11  0.000e+00
     10.127   71.44828 -164.91622     10.232     2.7894     2.7912     2.7889    30.5602    30.5704  1024.4075    24.3592    325.161    309.555  335.36125     96.959     0.0720     0.0842     0.4370 6.8435e-02      17550         11  0.000e+00
