EcoFOCI/data/1_SampleCollection/2023_SikuliaqDBO_CruiseData/CTD_raw_BottleFile_SKQ23-12S/proc/skq202312s_032.ros
* Sea-Bird SBE 9 Data File:
* FileName = D:\CTD\SKQ202312S\SKQ202312S_032.hex
* Software Version Seasave V 7.26.7.121
* Temperature SN = 6177
* Conductivity SN = 0369
* Number of Bytes Per Scan = 41
* Number of Voltage Words = 4
* Number of Scans Averaged by the Deck Unit = 1
* NMEA Latitude = 71 32.18 N
* NMEA Longitude = 157 45.08 W
* NMEA UTC (Time) = Sep 21 2023  12:37:07
* NMEA baud rate = 4800
** Ship: R/V Sikuliaq
** Station Number: 032
** Station Name: DBO5.8
** Bottom Depth: 72
** Operator: SD
# nquan = 22
# nvalues = 1127                                  
# units = specified
# name 0 = depSM: Depth [salt water, m]
# name 1 = latitude: Latitude [deg]
# name 2 = longitude: Longitude [deg]
# name 3 = prDM: Pressure, Digiquartz [db]
# name 4 = t090C: Temperature [ITS-90, deg C]
# name 5 = t190C: Temperature, 2 [ITS-90, deg C]
# name 6 = potemp090C: Potential Temperature [ITS-90, deg C]
# name 7 = sal00: Salinity, Practical [PSU]
# name 8 = sal11: Salinity, Practical, 2 [PSU]
# name 9 = density00: Density [density, kg/m^3]
# name 10 = sigma-é00: Density [sigma-theta, kg/m^3]
# name 11 = sbox0Mm/Kg: Oxygen, SBE 43 [umol/kg]
# name 12 = sbox1Mm/Kg: Oxygen, SBE 43, 2 [umol/kg]
# name 13 = oxsolMm/Kg: Oxygen Saturation, Garcia & Gordon [umol/kg]
# name 14 = sbeox0PS: Oxygen, SBE 43 [% saturation]
# name 15 = v0: Voltage 0
# name 16 = flECO-AFL: Fluorescence, WET Labs ECO-AFL/FL [mg/m^3]
# name 17 = CStarAt0: Beam Attenuation, WET Labs C-Star [1/m]
# name 18 = par: PAR/Irradiance, Biospherical/Licor
# name 19 = scan: Scan Count
# name 20 = nbf: Bottles Fired
# name 21 = flag:  0.000e+00
# interval = seconds: 0.0416667
# start_time = Sep 21 2023 12:41:52 [NMEA time, first data scan]
# bad_flag = -9.990e-29
*END*
[from data line 593]
     19.393   71.53638 -157.75150     19.594    -1.1848    -1.1834    -1.1852    32.1923    32.2053  1025.9780    25.8835    341.754    326.413  366.99977     93.121     0.1013     0.2601     0.5023 1.0000e-12      24638         13  0.000e+00
     19.454   71.53638 -157.75150     19.656    -1.1858    -1.1835    -1.1862    32.1929    32.2059  1025.9788    25.8840    341.279    326.424  367.00728     92.990     0.1001     0.2527     0.5023 1.0000e-12      24639         13  0.000e+00
     19.423   71.53638 -157.75150     19.625    -1.1862    -1.1831    -1.1866    32.1931    32.2057  1025.9789    25.8842    341.740    326.438  367.01105     93.114     0.1001     0.2527     0.5023 8.4714e-06      24640         13  0.000e+00
     19.454   71.53638 -157.75150     19.656    -1.1865    -1.1829    -1.1869    32.1930    32.2060  1025.9789    25.8841    341.550    326.468  367.01427     93.062     0.0989     0.2454     0.5023 1.0000e-12      24641         13  0.000e+00
     19.393   71.53638 -157.75150     19.594    -1.1874    -1.1826    -1.1878    32.1941    32.2058  1025.9796    25.8851    341.583    326.280  367.01996     93.069     0.1001     0.2527     0.5023 1.0000e-12      24642         13  0.000e+00
     19.423   71.53638 -157.75150     19.625    -1.1881    -1.1826    -1.1885    32.1950    32.2056  1025.9804    25.8858    341.587    326.274  367.02364     93.070     0.1013     0.2601     0.5023 8.4714e-06      24643         13  0.000e+00
     19.393   71.53638 -157.75150     19.594    -1.1885    -1.1829    -1.1889    32.1956    32.2059  1025.9808    25.8863    341.348    326.311  367.02643     93.004     0.1026     0.2674     0.5023 1.0000e-12      24644         13  0.000e+00
     19.393   71.53638 -157.75150     19.594    -1.1887    -1.1828    -1.1891    32.1960    32.2047  1025.9811    25.8867    341.588    326.329  367.02685     93.069     0.1050     0.2820     0.5023 1.0000e-12      24645         13  0.000e+00
     19.454   71.53638 -157.75150     19.656    -1.1896    -1.1826    -1.1900    32.1968    32.2040  1025.9821    25.8873    341.391    326.328  367.03362     93.014     0.1038     0.2747     0.5023 1.0000e-12      24646         13  0.000e+00
     19.362   71.53638 -157.75150     19.563    -1.1912    -1.1829    -1.1915    32.1983    32.2033  1025.9829    25.8886    341.417    326.562  367.04462     93.018     0.1038     0.2747     0.5023 1.0000e-12      24647         13  0.000e+00
     19.393   71.53638 -157.75150     19.594    -1.1926    -1.1828    -1.1930    32.2000    32.2025  1025.9844    25.8899    341.466    326.384  367.05446     93.029     0.1026     0.2674     0.5023 1.0000e-12      24648         13  0.000e+00
     19.393   71.53638 -157.75150     19.594    -1.1949    -1.1829    -1.1953    32.2021    32.2013  1025.9862    25.8917    341.488    326.641  367.07087     93.031     0.1038     0.2747     0.5023 8.4714e-06      24649         13  0.000e+00
     19.393   71.53638 -157.75150     19.594    -1.1969    -1.1829    -1.1973    32.2039    32.1996  1025.9878    25.8933    341.525    326.744  367.08524     93.037     0.1050     0.2820     0.5023 1.0000e-12      24650         13  0.000e+00
     19.424   71.53638 -157.75150     19.625    -1.1979    -1.1828    -1.1983    32.2054    32.1985  1025.9892    25.8945    341.568    326.597  367.08999     93.047     0.1038     0.2747     0.5023 1.0000e-12      24651         13  0.000e+00
     19.393   71.53638 -157.75150     19.594    -1.1991    -1.1828    -1.1995    32.2070    32.1979  1025.9903    25.8959    341.628    326.653  367.09781     93.062     0.1050     0.2820     0.5023 8.4714e-06      24652         13  0.000e+00
     19.393   71.53638 -157.75150     19.594    -1.1997    -1.1828    -1.2001    32.2075    32.1974  1025.9907    25.8962    341.445    326.947  367.10216     93.011     0.1038     0.2747     0.5023 1.0000e-12      24653         13  0.000e+00
     19.424   71.53638 -157.75150     19.625    -1.2001    -1.1828    -1.2005    32.2080    32.1971  1025.9913    25.8966    341.438    327.022  367.10467     93.008     0.1050     0.2820     0.5035 1.0000e-12      24654         13  0.000e+00
     19.393   71.53638 -157.75150     19.594    -1.1997    -1.1826    -1.2001    32.2075    32.1973  1025.9907    25.8962    341.437    326.874  367.10216     93.009     0.1038     0.2747     0.5035 8.4714e-06      24655         13  0.000e+00
     19.393   71.53638 -157.75150     19.594    -1.1992    -1.1829    -1.1996    32.2071    32.1975  1025.9904    25.8959    341.454    326.936  367.09883     93.014     0.1038     0.2747     0.5035 8.4714e-06      24656         13  0.000e+00
     19.393   71.53638 -157.75150     19.594    -1.1989    -1.1828    -1.1993    32.2073    32.1982  1025.9905    25.8960    341.486    327.002  367.09542     93.024     0.1026     0.2674     0.5035 8.4714e-06      24657         13  0.000e+00
     19.424   71.53638 -157.75150     19.625    -1.1988    -1.1828    -1.1992    32.2077    32.1983  1025.9910    25.8964    341.282    327.081  367.09247     92.969     0.1038     0.2747     0.5035 1.0000e-12      24658         13  0.000e+00
     19.393   71.53638 -157.75150     19.594    -1.1987    -1.1829    -1.1991    32.2076    32.1985  1025.9908    25.8963    341.557    327.135  367.09228     93.044     0.1050     0.2820     0.5035 8.4714e-06      24659         13  0.000e+00
     19.393   71.53638 -157.75150     19.594    -1.1980    -1.1829    -1.1984    32.2070    32.1985  1025.9903    25.8958    341.588    327.197  367.08715     93.054     0.1038     0.2747     0.5035 8.4714e-06      24660         13  0.000e+00
     19.454   71.53638 -157.75150     19.656    -1.1971    -1.1826    -1.1975    32.2067    32.1984  1025.9903    25.8955    341.632    327.267  367.07912     93.068     0.1038     0.2747     0.5035 1.0000e-12      24661         13  0.000e+00
     19.362   71.53638 -157.75150     19.563    -1.1964    -1.1825    -1.1968    32.2065    32.1992  1025.9897    25.8954    341.684    327.563  367.07221     93.084     0.1038     0.2747     0.5035 8.4714e-06      24662         13  0.000e+00
     19.454   71.53638 -157.75150     19.656    -1.1964    -1.1822    -1.1968    32.2073    32.2001  1025.9908    25.8960    341.509    327.419  367.07003     93.037     0.1038     0.2747     0.5035 8.4714e-06      24663         13  0.000e+00
     19.454   71.53638 -157.75150     19.656    -1.1963    -1.1822    -1.1967    32.2078    32.2010  1025.9912    25.8964    341.808    327.475  367.06780     93.119     0.1026     0.2674     0.5035 8.4714e-06      24664         13  0.000e+00
     19.424   71.53638 -157.75150     19.625    -1.1964    -1.1825    -1.1968    32.2087    32.2020  1025.9918    25.8972    341.914    327.507  367.06579     93.148     0.1038     0.2747     0.5035 1.0000e-12      24665         13  0.000e+00
     19.393   71.53638 -157.75150     19.594    -1.1962    -1.1825    -1.1966    32.2092    32.2026  1025.9920    25.8975    342.031    327.541  367.06273     93.181     0.1050     0.2820     0.5035 8.4714e-06      24666         13  0.000e+00
     19.454   71.53638 -157.75150     19.656    -1.1964    -1.1826    -1.1968    32.2095    32.2029  1025.9926    25.8978    342.172    327.846  367.06363     93.219     0.1038     0.2747     0.5023 1.0000e-12      24667         13  0.000e+00
     19.454   71.53638 -157.75150     19.656    -1.1968    -1.1828    -1.1972    32.2102    32.2033  1025.9932    25.8984    342.019    327.732  367.06597     93.177     0.1038     0.2747     0.5023 1.0000e-12      24668         13  0.000e+00
     19.478   71.53638 -157.75150     19.680    -1.1972    -1.1825    -1.1976    32.2105    32.2035  1025.9935    25.8986    342.346    328.010  367.06921     93.265     0.1038     0.2747     0.5035 8.4714e-06      24669         13  0.000e+00
     19.455   71.53638 -157.75150     19.656    -1.1976    -1.1826    -1.1980    32.2106    32.2044  1025.9935    25.8987    342.424    328.098  367.07235     93.285     0.1038     0.2747     0.5035 8.4714e-06      24670         13  0.000e+00
     19.509   71.53638 -157.75150     19.711    -1.1983    -1.1828    -1.1987    32.2109    32.2055  1025.9940    25.8989    342.520    328.192  367.07881     93.310     0.1038     0.2747     0.5035 8.4714e-06      24671         13  0.000e+00
     19.478   71.53638 -157.75150     19.680    -1.1991    -1.1835    -1.1995    32.2118    32.2068  1025.9946    25.8997    342.621    328.292  367.08404     93.336     0.1038     0.2747     0.5035 1.0000e-12      24672         13  0.000e+00
     19.455   71.53638 -157.75150     19.656    -1.1994    -1.1855    -1.1998    32.2113    32.2096  1025.9942    25.8994    342.730    328.373  367.08814     93.365     0.1038     0.2747     0.5035 8.4714e-06      24673         13  0.000e+00
     19.570   71.53636 -157.75152     19.773    -1.1997    -1.1869    -1.2001    32.2121    32.2103  1025.9954    25.9000    342.853    328.494  367.08867     93.398     0.1038     0.2747     0.5047 8.4714e-06      24674         13  0.000e+00
     19.509   71.53636 -157.75152     19.711    -1.1998    -1.1890    -1.2002    32.2117    32.2117  1025.9947    25.8997    342.673    328.585  367.09106     93.348     0.1050     0.2820     0.5058 1.0000e-12      24675         13  0.000e+00
     19.532   71.53636 -157.75152     19.734    -1.1994    -1.1913    -1.1998    32.2112    32.2133  1025.9945    25.8993    342.709    328.683  367.08840     93.359     0.1038     0.2747     0.5058 1.0000e-12      24676         13  0.000e+00
     19.509   71.53636 -157.75152     19.711    -1.1991    -1.1940    -1.1995    32.2110    32.2152  1025.9941    25.8991    342.754    328.754  367.08631     93.372     0.1050     0.2820     0.5058 8.4714e-06      24677         13  0.000e+00
     19.570   71.53636 -157.75152     19.773    -1.1988    -1.1960    -1.1992    32.2104    32.2166  1025.9939    25.8986    342.813    329.049  367.08472     93.388     0.1038     0.2747     0.5058 1.0000e-12      24678         13  0.000e+00
     19.532   71.53636 -157.75152     19.734    -1.1985    -1.1971    -1.1989    32.2111    32.2190  1025.9943    25.8991    342.875    329.132  367.07989     93.406     0.1050     0.2820     0.5058 1.0000e-12      24679         13  0.000e+00
     19.624   71.53636 -157.75152     19.828    -1.1981    -1.1962    -1.1985    32.2125    32.2202  1025.9958    25.9002    342.949    329.204  367.07193     93.428     0.1026     0.2674     0.5058 1.0000e-12      24680         13  0.000e+00
     19.570   71.53636 -157.75152     19.773    -1.1973    -1.1934    -1.1977    32.2132    32.2210  1025.9962    25.9008    342.974    329.251  367.06187     93.438     0.1038     0.2747     0.5058 8.4714e-06      24681         13  0.000e+00
     20.088   71.53638 -157.75152     20.297    -1.2055    -1.2071    -1.2059    32.2156    32.2250  1026.0009    25.9030    345.602    330.137  367.13621     94.135     0.1013     0.2601     0.5047 8.4714e-06      24802         14  0.000e+00
     20.027   71.53638 -157.75152     20.234    -1.2053    -1.2079    -1.2057    32.2155    32.2253  1026.0005    25.9029    345.534    330.097  367.13356     94.117     0.1013     0.2601     0.5047 1.0000e-12      24803         14  0.000e+00
     20.088   71.53638 -157.75152     20.297    -1.2051    -1.2090    -1.2055    32.2153    32.2259  1026.0006    25.9027    345.474    330.069  367.13251     94.101     0.1013     0.2601     0.5035 8.4714e-06      24804         14  0.000e+00
     20.050   71.53638 -157.75152     20.258    -1.2050    -1.2099    -1.2054    32.2156    32.2264  1026.0007    25.9030    345.407    329.810  367.13044     94.083     0.1013     0.2601     0.5047 8.4714e-06      24805         14  0.000e+00
     20.088   71.53638 -157.75152     20.297    -1.2053    -1.2106    -1.2057    32.2164    32.2268  1026.0015    25.9036    345.348    330.010  367.13120     94.067     0.1026     0.2674     0.5047 1.0000e-12      24806         14  0.000e+00
     20.088   71.53638 -157.75152     20.297    -1.2049    -1.2116    -1.2053    32.2160    32.2279  1026.0012    25.9033    345.028    329.987  367.12876     93.980     0.1013     0.2601     0.5047 1.0000e-12      24807         14  0.000e+00
     20.111   71.53638 -157.75152     20.320    -1.2048    -1.2125    -1.2052    32.2159    32.2287  1026.0012    25.9032    345.175    329.999  367.12803     94.020     0.1026     0.2674     0.5047 8.4714e-06      24808         14  0.000e+00
     20.088   71.53638 -157.75152     20.297    -1.2048    -1.2129    -1.2052    32.2155    32.2292  1026.0007    25.9029    345.165    330.008  367.12922     94.017     0.1001     0.2527     0.5047 1.0000e-12      24809         14  0.000e+00
     20.088   71.53638 -157.75152     20.297    -1.2046    -1.2130    -1.2050    32.2153    32.2292  1026.0006    25.9027    345.105    329.988  367.12794     94.001     0.1026     0.2674     0.5047 1.0000e-12      24810         14  0.000e+00
     20.088   71.53638 -157.75152     20.297    -1.2048    -1.2120    -1.2052    32.2154    32.2277  1026.0007    25.9028    345.099    329.964  367.12947     93.999     0.1013     0.2601     0.5047 8.4714e-06      24811         14  0.000e+00
     20.111   71.53638 -157.75152     20.320    -1.2054    -1.2120    -1.2058    32.2159    32.2274  1026.0012    25.9032    345.099    329.723  367.13362     93.998     0.1013     0.2601     0.5047 1.0000e-12      24812         14  0.000e+00
     20.088   71.53638 -157.75152     20.297    -1.2054    -1.2121    -1.2058    32.2161    32.2272  1026.0013    25.9034    345.093    329.681  367.13296     93.997     0.1026     0.2674     0.5047 1.0000e-12      24813         14  0.000e+00
     20.142   71.53638 -157.75152     20.351    -1.2055    -1.2125    -1.2059    32.2157    32.2275  1026.0012    25.9031    345.046    329.681  367.13582     93.983     0.1013     0.2601     0.5047 8.4714e-06      24814         14  0.000e+00
     20.050   71.53638 -157.75152     20.258    -1.2058    -1.2127    -1.2062    32.2161    32.2275  1026.0011    25.9034    345.042    329.645  367.13771     93.982     0.1026     0.2674     0.5047 1.0000e-12      24815         14  0.000e+00
     20.142   71.53638 -157.75152     20.351    -1.2062    -1.2129    -1.2066    32.2158    32.2282  1026.0013    25.9032    344.796    329.619  367.14179     93.913     0.1013     0.2601     0.5047 8.4714e-06      24816         14  0.000e+00
     20.088   71.53638 -157.75152     20.297    -1.2060    -1.2130    -1.2064    32.2159    32.2286  1026.0011    25.9032    344.952    329.364  367.13992     93.957     0.1013     0.2601     0.5058 8.4714e-06      24817         14  0.000e+00
     20.111   71.53638 -157.75152     20.320    -1.2058    -1.2129    -1.2062    32.2156    32.2287  1026.0010    25.9030    344.956    329.571  367.13905     93.958     0.1001     0.2527     0.5058 1.0000e-12      24818         14  0.000e+00
     20.142   71.53638 -157.75152     20.351    -1.2063    -1.2120    -1.2067    32.2156    32.2279  1026.0012    25.9030    344.713    329.549  367.14342     93.891     0.1013     0.2601     0.5047 1.0000e-12      24819         14  0.000e+00
     20.088   71.53638 -157.75152     20.297    -1.2065    -1.2118    -1.2069    32.2161    32.2278  1026.0013    25.9034    344.673    329.533  367.14375     93.880     0.1001     0.2527     0.5058 1.0000e-12      24820         14  0.000e+00
     20.142   71.53638 -157.75152     20.351    -1.2066    -1.2110    -1.2070    32.2167    32.2272  1026.0020    25.9039    344.847    329.295  367.14389     93.927     0.1013     0.2601     0.5058 1.0000e-12      24821         14  0.000e+00
     20.111   71.53638 -157.75152     20.320    -1.2069    -1.2103    -1.2073    32.2177    32.2265  1026.0027    25.9047    344.860    329.254  367.14379     93.931     0.1026     0.2674     0.5047 1.0000e-12      24822         14  0.000e+00
