EcoFOCI/data/1_SampleCollection/2023_SikuliaqDBO_CruiseData/CTD_raw_BottleFile_SKQ23-12S/proc/skq202312s_020.cnv
* Sea-Bird SBE 9 Data File:
* FileName = D:\CTD\SKQ202312S\SKQ202312S_020.hex
* Software Version Seasave V 7.26.7.121
* Temperature SN = 6177
* Conductivity SN = 0369
* Number of Bytes Per Scan = 41
* Number of Voltage Words = 4
* Number of Scans Averaged by the Deck Unit = 1
* NMEA Latitude = 65 00.05 N
* NMEA Longitude = 168 39.16 W
* NMEA UTC (Time) = Sep 18 2023  01:15:09
* NMEA baud rate = 4800
** Ship: R/V Sikuliaq
** Station Number: 020
** Station Name: DBO2.6
** Bottom Depth: 47
** Operator: SS
# nquan = 24
# nvalues = 4927                                  
# units = specified
# name 0 = depSM: Depth [salt water, m]
# name 1 = latitude: Latitude [deg]
# name 2 = longitude: Longitude [deg]
# name 3 = prDM: Pressure, Digiquartz [db]
# name 4 = t090C: Temperature [ITS-90, deg C]
# name 5 = t190C: Temperature, 2 [ITS-90, deg C]
# name 6 = potemp090C: Potential Temperature [ITS-90, deg C]
# name 7 = sal00: Salinity, Practical [PSU]
# name 8 = sal11: Salinity, Practical, 2 [PSU]
# name 9 = density00: Density [density, kg/m^3]
# name 10 = sigma-é00: Density [sigma-theta, kg/m^3]
# name 11 = sbox0Mm/Kg: Oxygen, SBE 43 [umol/kg]
# name 12 = sbox1Mm/Kg: Oxygen, SBE 43, 2 [umol/kg]
# name 13 = oxsolMm/Kg: Oxygen Saturation, Garcia & Gordon [umol/kg]
# name 14 = sbeox0PS: Oxygen, SBE 43 [% saturation]
# name 15 = sbeox1PS: Oxygen, SBE 43, 2 [% saturation]
# name 16 = v0: Voltage 0
# name 17 = flECO-AFL: Fluorescence, WET Labs ECO-AFL/FL [mg/m^3]
# name 18 = v1: Voltage 1
# name 19 = CStarAt0: Beam Attenuation, WET Labs C-Star [1/m]
# name 20 = par: PAR/Irradiance, Biospherical/Licor
# name 21 = scan: Scan Count
# name 22 = timeM: Time, Elapsed [minutes]
# name 23 = flag:  0.000e+00
# span 0 =      1.495,     42.138                 
# span 1 =   65.00090,   65.00110                 
# span 2 = -168.65348, -168.65326                 
# span 3 =      1.509,     42.560                 
# span 4 =     2.9520,     4.5454                 
# span 5 =     2.9536,     4.5444                 
# span 6 =     2.9504,     4.5449                 
# span 7 =    32.0457,    32.6975                 
# span 8 =    32.1051,    32.7342                 
# span 9 =  1025.4052,  1026.2340                 
# span 10 =    25.3963,    26.0358                
# span 11 =    248.906,    302.527                
# span 12 =    238.023,    290.219                
# span 13 =  317.61083,  329.34434                
# span 14 =     75.924,     94.055                
# span 15 =     72.637,     90.580                
# span 16 =     0.1026,     0.4896                
# span 17 =     0.2674,     2.5897                
# span 18 =     3.5995,     4.0635                
# span 19 =     0.5927,     1.0778                
# span 20 = 6.4423e-01, 1.5094e+02                
# span 21 =          1,       4927                
# span 22 =     0.0000,     3.4208                
# span 23 = 0.0000e+00, 0.0000e+00                
# interval = seconds: 0.0416667
# start_time = Sep 18 2023 01:19:33 [NMEA time, first data scan]
# bad_flag = -9.990e-29
*END*
[from data line 4529]
     41.909   65.00108 -168.65348     42.328     3.1329     3.1691     3.1305    32.6935    32.7111  1026.2313    26.0328    261.999    251.602  327.17367     80.079     76.981     0.1343     0.4579     3.8620     0.7961 6.5939e-01       4530     3.1451  0.000e+00
     41.909   65.00108 -168.65348     42.328     3.1333     3.1675     3.1308    32.6930    32.7125  1026.2309    26.0324    262.251    251.642  327.17230     80.157     76.991     0.1343     0.4579     3.8620     0.7961 6.6378e-01       4531     3.1458  0.000e+00
     41.909   65.00108 -168.65348     42.328     3.1331     3.1656     3.1306    32.6933    32.7147  1026.2311    26.0326    262.107    251.490  327.17299     80.113     76.942     0.1343     0.4579     3.8620     0.7961 6.6819e-01       4532     3.1465  0.000e+00
     41.909   65.00108 -168.65348     42.328     3.1334     3.1655     3.1310    32.6930    32.7148  1026.2308    26.0324    261.893    251.697  327.17101     80.048     77.005     0.1343     0.4579     3.8620     0.7961 6.6819e-01       4533     3.1472  0.000e+00
     41.855   65.00108 -168.65348     42.273     3.1331     3.1652     3.1306    32.6931    32.7153  1026.2307    26.0325    262.082    251.732  327.17331     80.105     77.015     0.1331     0.4505     3.8620     0.7961 6.6159e-01       4534     3.1479  0.000e+00
     41.970   65.00108 -168.65348     42.390     3.1331     3.1647     3.1306    32.6934    32.7154  1026.2315    26.0327    261.877    251.776  327.17257     80.043     77.028     0.1343     0.4579     3.8620     0.7961 6.5721e-01       4535     3.1486  0.000e+00
     41.909   65.00108 -168.65348     42.328     3.1336     3.1633     3.1311    32.6929    32.7166  1026.2307    26.0322    262.066    251.818  327.17002     80.101     77.039     0.1343     0.4579     3.8620     0.7961 6.5721e-01       4536     3.1493  0.000e+00
     41.909   65.00108 -168.65348     42.328     3.1334     3.1606     3.1310    32.6932    32.7191  1026.2310    26.0325    262.116    251.870  327.17051     80.116     77.051     0.1343     0.4579     3.8620     0.7961 6.6159e-01       4537     3.1500  0.000e+00
     41.909   65.00108 -168.65348     42.328     3.1339     3.1588     3.1314    32.6928    32.7203  1026.2307    26.0322    262.599    251.920  327.16755     80.264     77.064     0.1355     0.4652     3.8608     0.7974 6.6819e-01       4538     3.1507  0.000e+00
     41.909   65.00108 -168.65348     42.328     3.1339     3.1585     3.1314    32.6928    32.7203  1026.2306    26.0321    262.468    251.963  327.16765     80.224     77.076     0.1343     0.4579     3.8608     0.7974 6.7041e-01       4539     3.1514  0.000e+00
     41.909   65.00108 -168.65348     42.328     3.1339     3.1582     3.1314    32.6932    32.7205  1026.2309    26.0325    262.517    251.982  327.16665     80.240     77.082     0.1355     0.4652     3.8608     0.7974 6.6598e-01       4540     3.1521  0.000e+00
     41.909   65.00108 -168.65348     42.328     3.1342     3.1572     3.1317    32.6929    32.7212  1026.2306    26.0322    262.567    252.029  327.16537     80.255     77.094     0.1343     0.4579     3.8608     0.7974 6.5939e-01       4541     3.1528  0.000e+00
     41.909   65.00108 -168.65348     42.328     3.1343     3.1564     3.1319    32.6929    32.7219  1026.2306    26.0322    262.616    252.051  327.16408     80.271     77.100     0.1355     0.4652     3.8608     0.7974 6.5939e-01       4542     3.1535  0.000e+00
     41.909   65.00108 -168.65348     42.328     3.1340     3.1567     3.1315    32.6926    32.7216  1026.2305    26.0320    262.670    252.069  327.16725     80.286     77.106     0.1331     0.4505     3.8608     0.7974 6.5939e-01       4543     3.1542  0.000e+00
     41.909   65.00108 -168.65348     42.328     3.1337     3.1572     3.1313    32.6933    32.7209  1026.2310    26.0326    262.504    252.085  327.16774     80.235     77.112     0.1343     0.4579     3.8608     0.7974 6.5721e-01       4544     3.1549  0.000e+00
     41.909   65.00108 -168.65348     42.328     3.1336     3.1574     3.1311    32.6931    32.7206  1026.2309    26.0324    262.523    252.103  327.16952     80.241     77.117     0.1343     0.4579     3.8608     0.7974 6.5503e-01       4545     3.1556  0.000e+00
     41.909   65.00108 -168.65348     42.328     3.1334     3.1575     3.1310    32.6930    32.7199  1026.2308    26.0324    262.760    252.122  327.17101     80.313     77.123     0.1355     0.4652     3.8608     0.7974 6.5939e-01       4546     3.1563  0.000e+00
     41.909   65.00108 -168.65348     42.328     3.1333     3.1575     3.1308    32.6936    32.7198  1026.2313    26.0328    262.778    252.141  327.17090     80.318     77.129     0.1368     0.4725     3.8608     0.7974 6.6159e-01       4547     3.1569  0.000e+00
     41.847   65.00108 -168.65348     42.266     3.1333     3.1564     3.1308    32.6935    32.7214  1026.2310    26.0328    262.611    252.163  327.17102     80.267     77.134     0.1368     0.4725     3.8608     0.7974 6.6378e-01       4548     3.1576  0.000e+00
     41.970   65.00108 -168.65348     42.390     3.1328     3.1547     3.1303    32.6937    32.7233  1026.2317    26.0329    262.854    252.194  327.17455     80.341     77.141     0.1355     0.4652     3.8608     0.7974 6.6378e-01       4549     3.1583  0.000e+00
     41.855   65.00108 -168.65348     42.273     3.1326     3.1532     3.1302    32.6939    32.7244  1026.2313    26.0331    262.688    252.218  327.17538     80.290     77.146     0.1368     0.4725     3.8608     0.7974 6.6598e-01       4550     3.1590  0.000e+00
     41.909   65.00108 -168.65348     42.328     3.1328     3.1524     3.1303    32.6937    32.7250  1026.2314    26.0329    262.890    252.242  327.17456     80.351     77.153     0.1380     0.4798     3.8608     0.7974 6.6598e-01       4551     3.1597  0.000e+00
     41.909   65.00108 -168.65348     42.328     3.1325     3.1527     3.1300    32.6942    32.7245  1026.2319    26.0334    262.908    252.431  327.17574     80.357     77.211     0.1368     0.4725     3.8608     0.7974 6.6598e-01       4552     3.1604  0.000e+00
     41.847   65.00108 -168.65348     42.266     3.1323     3.1527     3.1298    32.6945    32.7241  1026.2318    26.0336    262.706    252.468  327.17645     80.295     77.222     0.1368     0.4725     3.8608     0.7974 6.6159e-01       4553     3.1611  0.000e+00
     41.970   65.00108 -168.65348     42.390     3.1323     3.1522     3.1298    32.6944    32.7242  1026.2323    26.0336    262.691    252.491  327.17661     80.290     77.228     0.1368     0.4725     3.8608     0.7974 6.5939e-01       4554     3.1618  0.000e+00
     41.909   65.00108 -168.65348     42.328     3.1320     3.1518     3.1295    32.6945    32.7242  1026.2322    26.0337    262.673    252.529  327.17891     80.284     77.239     0.1368     0.4725     3.8608     0.7974 6.5939e-01       4555     3.1625  0.000e+00
     41.855   65.00108 -168.65348     42.273     3.1321     3.1525     3.1297    32.6945    32.7227  1026.2319    26.0337    262.687    252.560  327.17755     80.289     77.249     0.1368     0.4725     3.8608     0.7974 6.6819e-01       4556     3.1632  0.000e+00
     41.909   65.00108 -168.65348     42.328     3.1323     3.1525     3.1298    32.6944    32.7222  1026.2321    26.0336    262.887    252.597  327.17653     80.350     77.260     0.1368     0.4725     3.8596     0.7986 6.7709e-01       4557     3.1639  0.000e+00
     41.909   65.00108 -168.65348     42.328     3.1325     3.1488     3.1300    32.6938    32.7247  1026.2316    26.0331    262.686    252.629  327.17674     80.289     77.264     0.1368     0.4725     3.8596     0.7986 6.7933e-01       4558     3.1646  0.000e+00
     41.909   65.00108 -168.65348     42.328     3.1323     3.1445     3.1298    32.6941    32.7274  1026.2318    26.0333    262.704    252.662  327.17733     80.294     77.268     0.1368     0.4725     3.8584     0.7999 6.7041e-01       4559     3.1653  0.000e+00
     41.909   65.00108 -168.65348     42.328     3.1323     3.1415     3.1298    32.6944    32.7291  1026.2320    26.0335    262.723    252.687  327.17673     80.300     77.270     0.1368     0.4725     3.8584     0.7999 6.6378e-01       4560     3.1660  0.000e+00
     41.855   65.00108 -168.65348     42.273     3.1326     3.1389     3.1302    32.6939    32.7306  1026.2314    26.0331    262.703    252.728  327.17528     80.294     77.279     0.1368     0.4725     3.8584     0.7999 6.6378e-01       4561     3.1667  0.000e+00
     41.909   65.00108 -168.65348     42.328     3.1325     3.1374     3.1300    32.6940    32.7313  1026.2317    26.0332    262.727    252.960  327.17634     80.301     77.348     0.1355     0.4652     3.8584     0.7999 6.6378e-01       4562     3.1674  0.000e+00
     41.909   65.00108 -168.65348     42.328     3.1328     3.1360     3.1303    32.6939    32.7319  1026.2316    26.0331    262.674    252.994  327.17406     80.286     77.355     0.1368     0.4725     3.8584     0.7999 6.6598e-01       4563     3.1681  0.000e+00
     41.909   65.00108 -168.65348     42.328     3.1329     3.1355     3.1305    32.6938    32.7318  1026.2315    26.0330    262.548    252.824  327.17298     80.248     77.303     0.1380     0.4798     3.8584     0.7999 6.6819e-01       4564     3.1688  0.000e+00
     41.855   65.00108 -168.65348     42.273     3.1333     3.1350     3.1308    32.6937    32.7323  1026.2311    26.0329    262.488    252.822  327.17063     80.230     77.301     0.1368     0.4725     3.8584     0.7999 6.6819e-01       4565     3.1694  0.000e+00
     41.909   65.00108 -168.65348     42.328     3.1334     3.1346     3.1310    32.6936    32.7320  1026.2313    26.0328    262.503    252.823  327.16951     80.235     77.301     0.1368     0.4725     3.8584     0.7999 6.7041e-01       4566     3.1701  0.000e+00
     41.855   65.00108 -168.65348     42.273     3.1340     3.1347     3.1315    32.6935    32.7316  1026.2309    26.0327    262.477    252.815  327.16519     80.228     77.298     0.1368     0.4725     3.8584     0.7999 6.7263e-01       4567     3.1708  0.000e+00
     41.909   65.00108 -168.65348     42.328     3.1350     3.1344     3.1325    32.6930    32.7324  1026.2307    26.0322    262.452    252.809  327.15853     80.222     77.296     0.1368     0.4725     3.8584     0.7999 6.7041e-01       4568     3.1715  0.000e+00
     41.855   65.00108 -168.65348     42.273     3.1353     3.1341     3.1328    32.6931    32.7329  1026.2305    26.0322    262.428    252.798  327.15578     80.215     77.292     0.1368     0.4725     3.8584     0.7999 6.6819e-01       4569     3.1722  0.000e+00
     41.909   65.00108 -168.65348     42.328     3.1353     3.1349     3.1328    32.6935    32.7323  1026.2311    26.0326    262.409    252.977  327.15466     80.209     77.348     0.1368     0.4725     3.8584     0.7999 6.6819e-01       4570     3.1729  0.000e+00
     41.855   65.00108 -168.65348     42.273     3.1357     3.1358     3.1332    32.6933    32.7320  1026.2306    26.0324    262.420    252.977  327.15211     80.214     77.350     0.1355     0.4652     3.8584     0.7999 6.6819e-01       4571     3.1736  0.000e+00
     41.855   65.00108 -168.65348     42.273     3.1356     3.1372     3.1332    32.6934    32.7312  1026.2307    26.0325    262.402    252.973  327.15241     80.208     77.351     0.1355     0.4652     3.8584     0.7999 6.6819e-01       4572     3.1743  0.000e+00
     41.909   65.00108 -168.65348     42.328     3.1358     3.1388     3.1333    32.6932    32.7302  1026.2308    26.0323    262.384    252.968  327.15149     80.203     77.352     0.1343     0.4579     3.8584     0.7999 6.6819e-01       4573     3.1750  0.000e+00
     41.855   65.00108 -168.65348     42.273     3.1353     3.1399     3.1328    32.6937    32.7298  1026.2310    26.0328    262.366    252.958  327.15419     80.196     77.351     0.1355     0.4652     3.8584     0.7999 6.6819e-01       4574     3.1757  0.000e+00
     41.847   65.00108 -168.65348     42.265     3.1354     3.1405     3.1330    32.6936    32.7299  1026.2308    26.0326    262.346    252.973  327.15329     80.191     77.356     0.1343     0.4579     3.8584     0.7999 6.6598e-01       4575     3.1764  0.000e+00
     41.855   65.00108 -168.65348     42.273     3.1354     3.1410     3.1330    32.6936    32.7294  1026.2308    26.0326    262.327    252.965  327.15330     80.185     77.355     0.1355     0.4652     3.8584     0.7999 6.6598e-01       4576     3.1771  0.000e+00
     41.909   65.00108 -168.65348     42.328     3.1356     3.1405     3.1331    32.6929    32.7297  1026.2306    26.0321    262.311    252.961  327.15358     80.180     77.353     0.1368     0.4725     3.8584     0.7999 6.6598e-01       4577     3.1778  0.000e+00
     41.855   65.00108 -168.65348     42.273     3.1353     3.1403     3.1328    32.6932    32.7301  1026.2305    26.0323    262.111    252.972  327.15558     80.118     77.356     0.1355     0.4652     3.8584     0.7999 6.6598e-01       4578     3.1785  0.000e+00
     41.855   65.00108 -168.65348     42.273     3.1351     3.1407     3.1327    32.6936    32.7302  1026.2309    26.0326    262.278    252.980  327.15587     80.169     77.359     0.1368     0.4725     3.8547     0.8037 6.6378e-01       4579     3.1792  0.000e+00
     41.855   65.00108 -168.65348     42.273     3.1346     3.1415     3.1322    32.6939    32.7294  1026.2312    26.0329    262.301    252.984  327.15894     80.175     77.361     0.1355     0.4652     3.8535     0.8050 6.6378e-01       4580     3.1799  0.000e+00
     41.847   65.00108 -168.65348     42.265     3.1348     3.1416     3.1324    32.6936    32.7298  1026.2309    26.0327    262.069    253.160  327.15824     80.105     77.416     0.1368     0.4725     3.8535     0.8050 6.6598e-01       4581     3.1806  0.000e+00
     41.855   65.00108 -168.65348     42.273     3.1346     3.1415     3.1322    32.6936    32.7296  1026.2309    26.0327    261.986    253.187  327.15974     80.079     77.423     0.1355     0.4652     3.8535     0.8050 6.6598e-01       4582     3.1812  0.000e+00
     41.855   65.00108 -168.65348     42.273     3.1345     3.1411     3.1320    32.6937    32.7300  1026.2310    26.0328    261.939    253.016  327.16072     80.064     77.371     0.1355     0.4652     3.8535     0.8050 6.6598e-01       4583     3.1819  0.000e+00
     41.855   65.00108 -168.65348     42.273     3.1346     3.1410     3.1322    32.6937    32.7303  1026.2310    26.0328    262.073    253.015  327.15934     80.105     77.370     0.1355     0.4652     3.8535     0.8050 6.6598e-01       4584     3.1826  0.000e+00
     41.855   65.00108 -168.65348     42.273     3.1343     3.1411     3.1319    32.6939    32.7299  1026.2312    26.0330    261.845    253.011  327.16151     80.035     77.369     0.1355     0.4652     3.8547     0.8037 6.6819e-01       4585     3.1833  0.000e+00
     41.847   65.00108 -168.65348     42.265     3.1345     3.1409     3.1320    32.6935    32.7298  1026.2309    26.0327    261.798    253.007  327.16111     80.021     77.368     0.1343     0.4579     3.8535     0.8050 6.6819e-01       4586     3.1840  0.000e+00
     41.793   65.00108 -168.65348     42.211     3.1343     3.1407     3.1319    32.6934    32.7304  1026.2305    26.0326    261.825    253.192  327.16283     80.029     77.424     0.1355     0.4652     3.8535     0.8050 6.6819e-01       4587     3.1847  0.000e+00
     41.909   65.00108 -168.65348     42.328     3.1343     3.1397     3.1319    32.6932    32.7310  1026.2309    26.0324    261.825    253.214  327.16318     80.029     77.429     0.1343     0.4579     3.8535     0.8050 6.6159e-01       4588     3.1854  0.000e+00
