EcoFOCI/data/1_SampleCollection/2023_SikuliaqDBO_CruiseData/CTD_raw_BottleFile_SKQ23-12S/proc/skq202312s_007svp.cnv
* Sea-Bird SBE 9 Data File:
* FileName = D:\CTD\SKQ202312S\SKQ202312S_007.hex
* Software Version Seasave V 7.26.7.121
* Temperature SN = 6177
* Conductivity SN = 0369
* Number of Bytes Per Scan = 41
* Number of Voltage Words = 4
* Number of Scans Averaged by the Deck Unit = 1
* NMEA Latitude = 62 33.56 N
* NMEA Longitude = 173 33.01 W
* NMEA UTC (Time) = Sep 16 2023  04:45:18
* NMEA baud rate = 4800
** Ship: R/V Sikuliaq
** Station Number: 007
** Station Name: DBO1.6
** Bottom Depth: 65
** Operator: SD
# nquan = 7
# nvalues = 7575                                  
# units = specified
# name 0 = depSM: Depth [salt water, m]
# name 1 = latitude: Latitude [deg]
# name 2 = longitude: Longitude [deg]
# name 3 = t090C: Temperature [ITS-90, deg C]
# name 4 = sal00: Salinity, Practical [PSU]
# name 5 = svCM: Sound Velocity [Chen-Millero, m/s]
# name 6 = flag:  0.000e+00
# span 0 =      1.566,     60.986                 
# span 1 =   62.55918,   62.55922                 
# span 2 = -173.55038, -173.55032                 
# span 3 =    -1.5136,     7.6712                 
# span 4 =    31.0334,    31.9096                 
# span 5 =    1438.53,    1476.38                 
# span 6 = 0.0000e+00, 0.0000e+00                 
# interval = seconds: 0.0416667
# start_time = Sep 16 2023 04:49:28 [NMEA time, first data scan]
# bad_flag = -9.990e-29
*END*
[from data line 1642]
      8.379   62.55920 -173.55036     7.5182    31.1269    1475.97  0.000e+00
      8.433   62.55920 -173.55036     7.5194    31.1253    1475.97  0.000e+00
      8.379   62.55920 -173.55036     7.5158    31.1283    1475.96  0.000e+00
      8.379   62.55920 -173.55036     7.5115    31.1330    1475.95  0.000e+00
      8.348   62.55920 -173.55036     7.5228    31.1245    1475.98  0.000e+00
      8.379   62.55920 -173.55036     7.5411    31.1093    1476.03  0.000e+00
      8.379   62.55920 -173.55036     7.5525    31.0992    1476.06  0.000e+00
      8.379   62.55920 -173.55036     7.5540    31.0972    1476.07  0.000e+00
      8.433   62.55920 -173.55036     7.5490    31.1019    1476.06  0.000e+00
      8.378   62.55920 -173.55036     7.5493    31.1009    1476.05  0.000e+00
      8.317   62.55920 -173.55036     7.5514    31.0982    1476.06  0.000e+00
      8.432   62.55920 -173.55036     7.5506    31.0987    1476.06  0.000e+00
      8.378   62.55920 -173.55036     7.5438    31.1046    1476.04  0.000e+00
      8.348   62.55920 -173.55036     7.5337    31.1136    1476.01  0.000e+00
      8.432   62.55920 -173.55036     7.5272    31.1185    1475.99  0.000e+00
      8.378   62.55920 -173.55036     7.5228    31.1226    1475.98  0.000e+00
      8.317   62.55920 -173.55036     7.5211    31.1239    1475.97  0.000e+00
      8.432   62.55920 -173.55036     7.5195    31.1252    1475.97  0.000e+00
      8.378   62.55920 -173.55036     7.5126    31.1312    1475.95  0.000e+00
      8.378   62.55920 -173.55036     7.5078    31.1354    1475.94  0.000e+00
      8.378   62.55920 -173.55036     7.5046    31.1378    1475.93  0.000e+00
      8.432   62.55920 -173.55036     7.5031    31.1384    1475.92  0.000e+00
      8.347   62.55920 -173.55036     7.5020    31.1391    1475.92  0.000e+00
      8.378   62.55920 -173.55036     7.5014    31.1391    1475.92  0.000e+00
      8.432   62.55920 -173.55036     7.5011    31.1395    1475.92  0.000e+00
      8.378   62.55920 -173.55036     7.5007    31.1397    1475.92  0.000e+00
      8.378   62.55920 -173.55036     7.5005    31.1394    1475.91  0.000e+00
      8.432   62.55920 -173.55036     7.5003    31.1394    1475.91  0.000e+00
      8.378   62.55920 -173.55036     7.5001    31.1400    1475.91  0.000e+00
      8.432   62.55920 -173.55036     7.5009    31.1396    1475.92  0.000e+00
      8.378   62.55920 -173.55036     7.5011    31.1398    1475.92  0.000e+00
      8.463   62.55920 -173.55036     7.5011    31.1402    1475.92  0.000e+00
      8.378   62.55920 -173.55036     7.5007    31.1407    1475.92  0.000e+00
      8.432   62.55920 -173.55036     7.5005    31.1407    1475.92  0.000e+00
      8.432   62.55920 -173.55036     7.5006    31.1401    1475.92  0.000e+00
      8.432   62.55920 -173.55036     7.5008    31.1392    1475.92  0.000e+00
      8.378   62.55920 -173.55036     7.5006    31.1390    1475.91  0.000e+00
      8.432   62.55920 -173.55036     7.5011    31.1380    1475.92  0.000e+00
      8.494   62.55920 -173.55036     7.5044    31.1350    1475.93  0.000e+00
      8.463   62.55920 -173.55036     7.5062    31.1333    1475.93  0.000e+00
      8.432   62.55920 -173.55036     7.5065    31.1328    1475.93  0.000e+00
      8.494   62.55920 -173.55036     7.5054    31.1338    1475.93  0.000e+00
      8.494   62.55920 -173.55036     7.5035    31.1353    1475.92  0.000e+00
      8.494   62.55920 -173.55036     7.5025    31.1358    1475.92  0.000e+00
      8.494   62.55920 -173.55036     7.5013    31.1369    1475.92  0.000e+00
      8.494   62.55920 -173.55036     7.5011    31.1373    1475.92  0.000e+00
      8.548   62.55920 -173.55036     7.5019    31.1363    1475.92  0.000e+00
      8.494   62.55920 -173.55036     7.5024    31.1357    1475.92  0.000e+00
      8.525   62.55920 -173.55036     7.5019    31.1360    1475.92  0.000e+00
      8.548   62.55920 -173.55036     7.5008    31.1368    1475.91  0.000e+00
      8.548   62.55920 -173.55036     7.5004    31.1369    1475.91  0.000e+00
      8.548   62.55920 -173.55036     7.5009    31.1361    1475.91  0.000e+00
      8.548   62.55920 -173.55036     7.5013    31.1360    1475.92  0.000e+00
      8.609   62.55920 -173.55036     7.5011    31.1356    1475.92  0.000e+00
      8.548   62.55920 -173.55036     7.5006    31.1362    1475.91  0.000e+00
      8.609   62.55920 -173.55036     7.5006    31.1361    1475.91  0.000e+00
      8.578   62.55920 -173.55036     7.5003    31.1359    1475.91  0.000e+00
      8.609   62.55920 -173.55036     7.4998    31.1369    1475.91  0.000e+00
      8.609   62.55920 -173.55036     7.4995    31.1371    1475.91  0.000e+00
      8.609   62.55920 -173.55036     7.4996    31.1375    1475.91  0.000e+00
      8.663   62.55920 -173.55036     7.4998    31.1375    1475.91  0.000e+00
      8.609   62.55920 -173.55036     7.5001    31.1377    1475.91  0.000e+00
      8.663   62.55920 -173.55036     7.4998    31.1381    1475.91  0.000e+00
      8.663   62.55920 -173.55036     7.4998    31.1383    1475.91  0.000e+00
      8.663   62.55920 -173.55036     7.4999    31.1381    1475.91  0.000e+00
      8.748   62.55920 -173.55036     7.4996    31.1386    1475.92  0.000e+00
      8.663   62.55920 -173.55036     7.4998    31.1386    1475.91  0.000e+00
      8.663   62.55920 -173.55036     7.5000    31.1389    1475.92  0.000e+00
      8.779   62.55920 -173.55036     7.5001    31.1389    1475.92  0.000e+00
      8.717   62.55920 -173.55036     7.5003    31.1388    1475.92  0.000e+00
      8.717   62.55920 -173.55036     7.5003    31.1389    1475.92  0.000e+00
      8.779   62.55920 -173.55036     7.4999    31.1391    1475.92  0.000e+00
      8.779   62.55920 -173.55036     7.4995    31.1388    1475.92  0.000e+00
      8.748   62.55920 -173.55036     7.4992    31.1383    1475.91  0.000e+00
      8.779   62.55920 -173.55036     7.4988    31.1382    1475.91  0.000e+00
      8.833   62.55920 -173.55036     7.4980    31.1380    1475.91  0.000e+00
      8.779   62.55920 -173.55036     7.4974    31.1375    1475.91  0.000e+00
      8.833   62.55920 -173.55036     7.4969    31.1374    1475.90  0.000e+00
      8.833   62.55920 -173.55036     7.4960    31.1375    1475.90  0.000e+00
      8.833   62.55920 -173.55036     7.4956    31.1369    1475.90  0.000e+00
      8.894   62.55920 -173.55036     7.4945    31.1374    1475.90  0.000e+00
      8.864   62.55920 -173.55036     7.4934    31.1379    1475.89  0.000e+00
      8.894   62.55920 -173.55036     7.4927    31.1378    1475.89  0.000e+00
      8.894   62.55920 -173.55036     7.4921    31.1379    1475.89  0.000e+00
      8.948   62.55920 -173.55036     7.4915    31.1379    1475.89  0.000e+00
      8.894   62.55920 -173.55036     7.4909    31.1379    1475.88  0.000e+00
      8.948   62.55920 -173.55036     7.4906    31.1382    1475.88  0.000e+00
      8.948   62.55920 -173.55036     7.4900    31.1384    1475.88  0.000e+00
      9.010   62.55920 -173.55036     7.4893    31.1385    1475.88  0.000e+00
      8.979   62.55920 -173.55036     7.4890    31.1383    1475.88  0.000e+00
      8.948   62.55920 -173.55036     7.4890    31.1383    1475.88  0.000e+00
      9.064   62.55920 -173.55036     7.4884    31.1387    1475.88  0.000e+00
      9.010   62.55920 -173.55036     7.4880    31.1390    1475.88  0.000e+00
      9.010   62.55920 -173.55036     7.4879    31.1391    1475.88  0.000e+00
      9.118   62.55920 -173.55036     7.4876    31.1391    1475.88  0.000e+00
      9.064   62.55920 -173.55036     7.4874    31.1393    1475.87  0.000e+00
      9.064   62.55920 -173.55036     7.4874    31.1395    1475.87  0.000e+00
      9.095   62.55920 -173.55036     7.4874    31.1389    1475.87  0.000e+00
      9.118   62.55920 -173.55036     7.4870    31.1392    1475.87  0.000e+00
      9.118   62.55920 -173.55036     7.4870    31.1391    1475.87  0.000e+00
      9.118   62.55920 -173.55036     7.4867    31.1393    1475.87  0.000e+00
      9.180   62.55920 -173.55036     7.4866    31.1390    1475.87  0.000e+00
      9.180   62.55920 -173.55036     7.4861    31.1391    1475.87  0.000e+00
      9.180   62.55920 -173.55036     7.4861    31.1390    1475.87  0.000e+00
      9.180   62.55920 -173.55036     7.4856    31.1392    1475.87  0.000e+00
      9.210   62.55920 -173.55036     7.4854    31.1389    1475.87  0.000e+00
      9.180   62.55920 -173.55036     7.4854    31.1396    1475.87  0.000e+00
      9.234   62.55920 -173.55036     7.4856    31.1395    1475.87  0.000e+00
      9.295   62.55920 -173.55036     7.4856    31.1394    1475.87  0.000e+00
      9.234   62.55920 -173.55036     7.4854    31.1393    1475.87  0.000e+00
      9.234   62.55920 -173.55036     7.4854    31.1393    1475.87  0.000e+00
      9.349   62.55920 -173.55036     7.4854    31.1392    1475.87  0.000e+00
      9.264   62.55920 -173.55036     7.4853    31.1392    1475.87  0.000e+00
      9.295   62.55920 -173.55036     7.4850    31.1399    1475.87  0.000e+00
      9.349   62.55920 -173.55036     7.4851    31.1390    1475.87  0.000e+00
      9.349   62.55920 -173.55036     7.4850    31.1390    1475.87  0.000e+00
      9.295   62.55920 -173.55036     7.4850    31.1395    1475.87  0.000e+00
      9.411   62.55920 -173.55036     7.4850    31.1392    1475.87  0.000e+00
      9.349   62.55920 -173.55036     7.4850    31.1391    1475.87  0.000e+00
      9.411   62.55920 -173.55036     7.4848    31.1395    1475.87  0.000e+00
      9.380   62.55920 -173.55036     7.4848    31.1396    1475.87  0.000e+00
      9.411   62.55920 -173.55036     7.4846    31.1397    1475.87  0.000e+00
      9.411   62.55920 -173.55036     7.4848    31.1395    1475.87  0.000e+00
      9.411   62.55920 -173.55036     7.4848    31.1393    1475.87  0.000e+00
      9.411   62.55920 -173.55036     7.4848    31.1396    1475.87  0.000e+00
      9.465   62.55920 -173.55036     7.4848    31.1395    1475.87  0.000e+00
      9.465   62.55920 -173.55036     7.4848    31.1399    1475.87  0.000e+00
      9.434   62.55920 -173.55036     7.4850    31.1399    1475.87  0.000e+00
      9.519   62.55920 -173.55036     7.4851    31.1395    1475.87  0.000e+00
      9.465   62.55920 -173.55036     7.4854    31.1402    1475.87  0.000e+00
      9.465   62.55920 -173.55036     7.4858    31.1398    1475.88  0.000e+00
      9.519   62.55920 -173.55036     7.4859    31.1399    1475.88  0.000e+00
      9.519   62.55920 -173.55036     7.4864    31.1398    1475.88  0.000e+00
      9.519   62.55920 -173.55036     7.4876    31.1401    1475.88  0.000e+00
      9.496   62.55920 -173.55036     7.4883    31.1413    1475.89  0.000e+00
      9.519   62.55920 -173.55036     7.4887    31.1420    1475.89  0.000e+00
      9.580   62.55920 -173.55036     7.4893    31.1424    1475.89  0.000e+00
      9.519   62.55920 -173.55036     7.4909    31.1419    1475.90  0.000e+00
      9.580   62.55920 -173.55036     7.4919    31.1418    1475.90  0.000e+00
      9.580   62.55920 -173.55036     7.4924    31.1422    1475.91  0.000e+00
      9.519   62.55920 -173.55036     7.4933    31.1418    1475.91  0.000e+00
      9.580   62.55920 -173.55036     7.4942    31.1415    1475.91  0.000e+00
      9.611   62.55920 -173.55036     7.4942    31.1414    1475.91  0.000e+00
      9.580   62.55920 -173.55036     7.4943    31.1412    1475.91  0.000e+00
      9.580   62.55920 -173.55036     7.4940    31.1422    1475.91  0.000e+00
      9.634   62.55920 -173.55036     7.4946    31.1416    1475.91  0.000e+00
      9.580   62.55920 -173.55036     7.4950    31.1413    1475.92  0.000e+00
      9.580   62.55920 -173.55036     7.4951    31.1413    1475.92  0.000e+00
      9.634   62.55920 -173.55036     7.4953    31.1416    1475.92  0.000e+00
      9.611   62.55920 -173.55036     7.4950    31.1417    1475.92  0.000e+00
      9.634   62.55920 -173.55036     7.4950    31.1419    1475.92  0.000e+00
      9.634   62.55920 -173.55036     7.4950    31.1420    1475.92  0.000e+00
      9.634   62.55920 -173.55036     7.4950    31.1417    1475.92  0.000e+00
      9.634   62.55920 -173.55036     7.4954    31.1415    1475.92  0.000e+00
      9.696   62.55920 -173.55036     7.4956    31.1412    1475.92  0.000e+00
      9.634   62.55920 -173.55036     7.4956    31.1416    1475.92  0.000e+00
      9.665   62.55920 -173.55036     7.4960    31.1411    1475.92  0.000e+00
      9.634   62.55920 -173.55036     7.4959    31.1409    1475.92  0.000e+00
      9.696   62.55920 -173.55036     7.4958    31.1412    1475.92  0.000e+00
      9.634   62.55920 -173.55036     7.4960    31.1413    1475.92  0.000e+00
      9.696   62.55920 -173.55036     7.4959    31.1414    1475.92  0.000e+00
      9.696   62.55920 -173.55036     7.4958    31.1417    1475.92  0.000e+00
      9.634   62.55920 -173.55036     7.4960    31.1418    1475.92  0.000e+00
      9.719   62.55920 -173.55036     7.4961    31.1418    1475.92  0.000e+00
      9.634   62.55920 -173.55036     7.4961    31.1416    1475.92  0.000e+00
      9.696   62.55920 -173.55036     7.4959    31.1421    1475.92  0.000e+00
      9.750   62.55920 -173.55036     7.4959    31.1424    1475.92  0.000e+00
      9.696   62.55920 -173.55036     7.4959    31.1425    1475.92  0.000e+00
      9.696   62.55920 -173.55036     7.4961    31.1421    1475.92  0.000e+00
      9.750   62.55920 -173.55036     7.4963    31.1420    1475.92  0.000e+00
      9.719   62.55920 -173.55036     7.4958    31.1426    1475.92  0.000e+00
      9.696   62.55920 -173.55036     7.4963    31.1426    1475.92  0.000e+00
      9.696   62.55920 -173.55036     7.4962    31.1424    1475.92  0.000e+00
      9.750   62.55920 -173.55036     7.4964    31.1426    1475.92  0.000e+00
      9.750   62.55920 -173.55036     7.4963    31.1428    1475.92  0.000e+00
      9.696   62.55920 -173.55036     7.4963    31.1425    1475.92  0.000e+00
      9.811   62.55920 -173.55036     7.4960    31.1426    1475.92  0.000e+00
      9.719   62.55920 -173.55036     7.4959    31.1425    1475.92  0.000e+00
      9.750   62.55920 -173.55036     7.4958    31.1430    1475.92  0.000e+00
      9.750   62.55920 -173.55036     7.4965    31.1426    1475.93  0.000e+00
      9.811   62.55920 -173.55036     7.4967    31.1429    1475.93  0.000e+00
      9.750   62.55920 -173.55036     7.4971    31.1430    1475.93  0.000e+00
      9.811   62.55920 -173.55036     7.4970    31.1425    1475.93  0.000e+00
      9.750   62.55920 -173.55036     7.4969    31.1426    1475.93  0.000e+00
      9.780   62.55920 -173.55036     7.4966    31.1433    1475.93  0.000e+00
      9.811   62.55920 -173.55036     7.4972    31.1435    1475.93  0.000e+00
      9.811   62.55920 -173.55036     7.4981    31.1435    1475.93  0.000e+00
      9.811   62.55920 -173.55036     7.4987    31.1438    1475.94  0.000e+00
      9.811   62.55920 -173.55036     7.4987    31.1442    1475.94  0.000e+00
      9.865   62.55920 -173.55036     7.4988    31.1442    1475.94  0.000e+00
      9.811   62.55920 -173.55036     7.4964    31.1447    1475.93  0.000e+00
      9.834   62.55920 -173.55036     7.4909    31.1437    1475.91  0.000e+00
      9.811   62.55920 -173.55036     7.4858    31.1427    1475.88  0.000e+00
      9.865   62.55920 -173.55036     7.4835    31.1423    1475.88  0.000e+00
      9.865   62.55920 -173.55036     7.4822    31.1425    1475.87  0.000e+00
      9.865   62.55920 -173.55036     7.4822    31.1428    1475.87  0.000e+00
      9.919   62.55920 -173.55036     7.4800    31.1440    1475.87  0.000e+00
      9.865   62.55920 -173.55036     7.4773    31.1440    1475.85  0.000e+00
      9.896   62.55920 -173.55036     7.4745    31.1446    1475.84  0.000e+00
      9.919   62.55920 -173.55036     7.4732    31.1445    1475.84  0.000e+00
      9.865   62.55920 -173.55036     7.4739    31.1437    1475.84  0.000e+00
      9.919   62.55920 -173.55036     7.4738    31.1437    1475.84  0.000e+00
      9.919   62.55920 -173.55036     7.4737    31.1440    1475.84  0.000e+00
      9.981   62.55920 -173.55036     7.4762    31.1438    1475.85  0.000e+00
