EcoFOCI/data/1_SampleCollection/2023_SikuliaqDBO_CruiseData/CTD_raw_BottleFile_SKQ23-12S/proc/skq202312s_019svp.cnv
* Sea-Bird SBE 9 Data File:
* FileName = D:\CTD\SKQ202312S\SKQ202312S_019.hex
* Software Version Seasave V 7.26.7.121
* Temperature SN = 6177
* Conductivity SN = 0369
* Number of Bytes Per Scan = 41
* Number of Voltage Words = 4
* Number of Scans Averaged by the Deck Unit = 1
* NMEA Latitude = 64 59.99 N
* NMEA Longitude = 168 13.30 W
* NMEA UTC (Time) = Sep 17 2023  22:28:58
* NMEA baud rate = 4800
** Ship: R/V Sikuliaq
** Station Number: 019
** Station Name: DBO2.7
** Bottom Depth: 45
** Operator: SD
# nquan = 7
# nvalues = 4581                                  
# units = specified
# name 0 = depSM: Depth [salt water, m]
# name 1 = latitude: Latitude [deg]
# name 2 = longitude: Longitude [deg]
# name 3 = t090C: Temperature [ITS-90, deg C]
# name 4 = sal00: Salinity, Practical [PSU]
# name 5 = svCM: Sound Velocity [Chen-Millero, m/s]
# name 6 = flag:  0.000e+00
# span 0 =      1.992,     40.581                 
# span 1 =   64.99988,   64.99990                 
# span 2 = -168.22160, -168.22154                 
# span 3 =     4.3446,     7.4247                 
# span 4 =    27.1996,    32.0704                 
# span 5 =    1464.34,    1471.92                 
# span 6 = 0.0000e+00, 0.0000e+00                 
# interval = seconds: 0.0416667
# start_time = Sep 17 2023 22:32:38 [NMEA time, first data scan]
# bad_flag = -9.990e-29
*END*
[from data line 1642]
     11.481   64.99990 -168.22158     6.2653    31.6718    1471.79  0.000e+00
     11.481   64.99990 -168.22158     6.2644    31.6724    1471.79  0.000e+00
     11.481   64.99990 -168.22158     6.2624    31.6734    1471.78  0.000e+00
     11.543   64.99990 -168.22158     6.2603    31.6746    1471.78  0.000e+00
     11.512   64.99990 -168.22158     6.2586    31.6763    1471.77  0.000e+00
     11.543   64.99990 -168.22158     6.2569    31.6795    1471.77  0.000e+00
     11.597   64.99990 -168.22158     6.2558    31.6824    1471.77  0.000e+00
     11.543   64.99990 -168.22158     6.2547    31.6836    1471.76  0.000e+00
     11.597   64.99990 -168.22158     6.2536    31.6856    1471.76  0.000e+00
     11.597   64.99990 -168.22158     6.2530    31.6875    1471.76  0.000e+00
     11.566   64.99990 -168.22158     6.2526    31.6891    1471.76  0.000e+00
     11.651   64.99990 -168.22158     6.2525    31.6899    1471.77  0.000e+00
     11.597   64.99990 -168.22158     6.2522    31.6903    1471.76  0.000e+00
     11.651   64.99990 -168.22158     6.2520    31.6912    1471.76  0.000e+00
     11.651   64.99990 -168.22158     6.2517    31.6921    1471.76  0.000e+00
     11.597   64.99990 -168.22158     6.2519    31.6928    1471.77  0.000e+00
     11.743   64.99990 -168.22158     6.2513    31.6945    1471.77  0.000e+00
     11.651   64.99990 -168.22158     6.2513    31.6951    1471.77  0.000e+00
     11.597   64.99990 -168.22158     6.2507    31.6962    1471.77  0.000e+00
     11.767   64.99990 -168.22158     6.2507    31.6963    1471.77  0.000e+00
     11.713   64.99990 -168.22158     6.2505    31.6971    1471.77  0.000e+00
     11.713   64.99990 -168.22158     6.2504    31.6975    1471.77  0.000e+00
     11.743   64.99990 -168.22158     6.2501    31.6978    1471.77  0.000e+00
     11.713   64.99990 -168.22158     6.2502    31.6972    1471.77  0.000e+00
     11.767   64.99990 -168.22158     6.2507    31.6968    1471.77  0.000e+00
     11.766   64.99990 -168.22158     6.2504    31.6969    1471.77  0.000e+00
     11.766   64.99990 -168.22158     6.2502    31.6973    1471.77  0.000e+00
     11.712   64.99990 -168.22158     6.2499    31.6976    1471.77  0.000e+00
     11.797   64.99990 -168.22158     6.2498    31.6973    1471.77  0.000e+00
     11.766   64.99990 -168.22158     6.2500    31.6969    1471.77  0.000e+00
     11.828   64.99990 -168.22158     6.2502    31.6965    1471.77  0.000e+00
     11.766   64.99990 -168.22158     6.2499    31.6966    1471.77  0.000e+00
     11.828   64.99990 -168.22158     6.2511    31.6955    1471.77  0.000e+00
     11.828   64.99990 -168.22158     6.2513    31.6958    1471.77  0.000e+00
     11.797   64.99990 -168.22158     6.2507    31.6967    1471.77  0.000e+00
     11.828   64.99990 -168.22158     6.2502    31.6975    1471.77  0.000e+00
     11.828   64.99990 -168.22158     6.2505    31.6968    1471.77  0.000e+00
     11.828   64.99990 -168.22158     6.2505    31.6961    1471.77  0.000e+00
     11.828   64.99990 -168.22158     6.2505    31.6953    1471.77  0.000e+00
     11.882   64.99990 -168.22158     6.2510    31.6944    1471.77  0.000e+00
     11.913   64.99990 -168.22158     6.2509    31.6942    1471.77  0.000e+00
     11.882   64.99990 -168.22158     6.2510    31.6938    1471.77  0.000e+00
     11.882   64.99990 -168.22158     6.2508    31.6939    1471.77  0.000e+00
     11.882   64.99990 -168.22158     6.2504    31.6943    1471.77  0.000e+00
     11.944   64.99990 -168.22158     6.2502    31.6945    1471.77  0.000e+00
     11.913   64.99990 -168.22158     6.2496    31.6952    1471.76  0.000e+00
     11.882   64.99990 -168.22158     6.2493    31.6961    1471.76  0.000e+00
     11.944   64.99990 -168.22158     6.2490    31.6963    1471.76  0.000e+00
     11.882   64.99990 -168.22158     6.2488    31.6960    1471.76  0.000e+00
     11.944   64.99990 -168.22158     6.2487    31.6953    1471.76  0.000e+00
     11.943   64.99990 -168.22158     6.2483    31.6948    1471.76  0.000e+00
     11.967   64.99990 -168.22158     6.2486    31.6941    1471.76  0.000e+00
     12.051   64.99990 -168.22158     6.2488    31.6934    1471.76  0.000e+00
     11.997   64.99990 -168.22158     6.2490    31.6929    1471.76  0.000e+00
     11.997   64.99990 -168.22158     6.2491    31.6927    1471.76  0.000e+00
     12.051   64.99990 -168.22158     6.2490    31.6926    1471.76  0.000e+00
     12.051   64.99990 -168.22158     6.2487    31.6924    1471.76  0.000e+00
     12.028   64.99990 -168.22158     6.2486    31.6923    1471.76  0.000e+00
     12.051   64.99990 -168.22158     6.2487    31.6935    1471.76  0.000e+00
     12.051   64.99990 -168.22158     6.2487    31.6938    1471.76  0.000e+00
     12.051   64.99990 -168.22158     6.2488    31.6944    1471.76  0.000e+00
     12.051   64.99990 -168.22158     6.2491    31.6945    1471.76  0.000e+00
     12.136   64.99990 -168.22158     6.2493    31.6944    1471.77  0.000e+00
     12.051   64.99990 -168.22158     6.2499    31.6945    1471.77  0.000e+00
     12.113   64.99990 -168.22158     6.2501    31.6943    1471.77  0.000e+00
     12.113   64.99990 -168.22158     6.2505    31.6934    1471.77  0.000e+00
     12.167   64.99990 -168.22158     6.2504    31.6934    1471.77  0.000e+00
     12.167   64.99990 -168.22158     6.2509    31.6933    1471.77  0.000e+00
     12.198   64.99990 -168.22158     6.2510    31.6937    1471.77  0.000e+00
     12.229   64.99990 -168.22158     6.2508    31.6941    1471.77  0.000e+00
     12.229   64.99990 -168.22158     6.2510    31.6936    1471.77  0.000e+00
     12.229   64.99990 -168.22158     6.2512    31.6926    1471.77  0.000e+00
     12.283   64.99990 -168.22158     6.2511    31.6921    1471.77  0.000e+00
     12.252   64.99990 -168.22158     6.2512    31.6924    1471.77  0.000e+00
     12.283   64.99990 -168.22158     6.2510    31.6925    1471.77  0.000e+00
     12.283   64.99990 -168.22158     6.2511    31.6925    1471.77  0.000e+00
     12.282   64.99990 -168.22158     6.2512    31.6923    1471.77  0.000e+00
     12.344   64.99990 -168.22158     6.2512    31.6921    1471.77  0.000e+00
     12.282   64.99990 -168.22158     6.2510    31.6917    1471.77  0.000e+00
     12.367   64.99990 -168.22158     6.2510    31.6920    1471.77  0.000e+00
     12.398   64.99990 -168.22158     6.2510    31.6922    1471.77  0.000e+00
     12.344   64.99990 -168.22158     6.2512    31.6922    1471.77  0.000e+00
     12.452   64.99990 -168.22158     6.2513    31.6923    1471.78  0.000e+00
     12.398   64.99990 -168.22158     6.2510    31.6922    1471.77  0.000e+00
     12.429   64.99990 -168.22158     6.2512    31.6907    1471.77  0.000e+00
     12.514   64.99990 -168.22158     6.2511    31.6900    1471.77  0.000e+00
     12.452   64.99990 -168.22158     6.2509    31.6897    1471.77  0.000e+00
     12.514   64.99990 -168.22158     6.2509    31.6900    1471.77  0.000e+00
     12.514   64.99990 -168.22158     6.2504    31.6911    1471.77  0.000e+00
     12.514   64.99990 -168.22158     6.2501    31.6917    1471.77  0.000e+00
     12.537   64.99990 -168.22158     6.2498    31.6921    1471.77  0.000e+00
     12.514   64.99990 -168.22158     6.2497    31.6922    1471.77  0.000e+00
     12.568   64.99990 -168.22158     6.2493    31.6923    1471.77  0.000e+00
     12.568   64.99990 -168.22158     6.2496    31.6920    1471.77  0.000e+00
     12.629   64.99990 -168.22158     6.2492    31.6925    1471.77  0.000e+00
     12.598   64.99990 -168.22158     6.2490    31.6931    1471.77  0.000e+00
     12.683   64.99990 -168.22158     6.2487    31.6931    1471.77  0.000e+00
     12.629   64.99990 -168.22158     6.2482    31.6933    1471.77  0.000e+00
     12.683   64.99988 -168.22158     6.2480    31.6942    1471.77  0.000e+00
     12.683   64.99988 -168.22158     6.2483    31.6953    1471.77  0.000e+00
     12.714   64.99988 -168.22158     6.2489    31.6954    1471.78  0.000e+00
     12.683   64.99988 -168.22158     6.2493    31.6959    1471.78  0.000e+00
     12.745   64.99988 -168.22158     6.2494    31.6954    1471.78  0.000e+00
     12.745   64.99988 -168.22158     6.2492    31.6946    1471.78  0.000e+00
     12.745   64.99988 -168.22158     6.2488    31.6949    1471.77  0.000e+00
     12.768   64.99988 -168.22158     6.2487    31.6941    1471.77  0.000e+00
     12.799   64.99988 -168.22158     6.2478    31.6947    1471.77  0.000e+00
     12.799   64.99988 -168.22158     6.2475    31.6947    1471.77  0.000e+00
     12.799   64.99988 -168.22158     6.2475    31.6946    1471.77  0.000e+00
     12.853   64.99988 -168.22158     6.2476    31.6947    1471.77  0.000e+00
     12.853   64.99988 -168.22158     6.2472    31.6950    1471.77  0.000e+00
     12.830   64.99988 -168.22158     6.2467    31.6949    1471.77  0.000e+00
     12.853   64.99988 -168.22158     6.2464    31.6951    1471.77  0.000e+00
     12.853   64.99988 -168.22158     6.2466    31.6952    1471.77  0.000e+00
     12.914   64.99988 -168.22158     6.2467    31.6950    1471.77  0.000e+00
     12.914   64.99988 -168.22158     6.2468    31.6952    1471.77  0.000e+00
     12.884   64.99988 -168.22158     6.2470    31.6952    1471.77  0.000e+00
     12.968   64.99988 -168.22158     6.2470    31.6949    1471.77  0.000e+00
     12.968   64.99988 -168.22158     6.2467    31.6955    1471.77  0.000e+00
     12.968   64.99988 -168.22158     6.2466    31.6953    1471.77  0.000e+00
     13.030   64.99988 -168.22158     6.2463    31.6954    1471.77  0.000e+00
     12.999   64.99988 -168.22158     6.2464    31.6950    1471.77  0.000e+00
     12.968   64.99988 -168.22158     6.2461    31.6948    1471.77  0.000e+00
     13.030   64.99988 -168.22158     6.2463    31.6944    1471.77  0.000e+00
     13.030   64.99988 -168.22158     6.2460    31.6945    1471.77  0.000e+00
     13.030   64.99988 -168.22158     6.2463    31.6941    1471.77  0.000e+00
     13.053   64.99988 -168.22158     6.2463    31.6951    1471.77  0.000e+00
     13.084   64.99988 -168.22158     6.2464    31.6953    1471.77  0.000e+00
     13.084   64.99988 -168.22158     6.2464    31.6953    1471.77  0.000e+00
     13.030   64.99988 -168.22158     6.2469    31.6954    1471.77  0.000e+00
     13.146   64.99988 -168.22158     6.2473    31.6950    1471.78  0.000e+00
     13.115   64.99988 -168.22158     6.2475    31.6951    1471.78  0.000e+00
     13.146   64.99988 -168.22158     6.2475    31.6951    1471.78  0.000e+00
     13.146   64.99988 -168.22158     6.2473    31.6952    1471.78  0.000e+00
     13.146   64.99988 -168.22158     6.2475    31.6948    1471.78  0.000e+00
     13.146   64.99988 -168.22158     6.2478    31.6944    1471.78  0.000e+00
     13.169   64.99988 -168.22158     6.2482    31.6943    1471.78  0.000e+00
     13.200   64.99988 -168.22158     6.2488    31.6941    1471.78  0.000e+00
     13.200   64.99988 -168.22158     6.2490    31.6941    1471.78  0.000e+00
     13.200   64.99988 -168.22158     6.2491    31.6943    1471.78  0.000e+00
     13.200   64.99988 -168.22158     6.2493    31.6944    1471.78  0.000e+00
     13.223   64.99988 -168.22158     6.2493    31.6939    1471.78  0.000e+00
     13.200   64.99988 -168.22158     6.2494    31.6937    1471.78  0.000e+00
     13.254   64.99988 -168.22158     6.2491    31.6940    1471.78  0.000e+00
     13.200   64.99988 -168.22158     6.2493    31.6941    1471.78  0.000e+00
     13.315   64.99988 -168.22158     6.2491    31.6946    1471.78  0.000e+00
     13.223   64.99990 -168.22158     6.2491    31.6949    1471.78  0.000e+00
     13.315   64.99990 -168.22158     6.2491    31.6944    1471.78  0.000e+00
     13.253   64.99990 -168.22158     6.2486    31.6946    1471.78  0.000e+00
     13.315   64.99990 -168.22158     6.2488    31.6947    1471.78  0.000e+00
     13.315   64.99990 -168.22158     6.2487    31.6954    1471.78  0.000e+00
     13.338   64.99990 -168.22158     6.2489    31.6959    1471.79  0.000e+00
     13.315   64.99990 -168.22158     6.2488    31.6959    1471.79  0.000e+00
     13.315   64.99990 -168.22158     6.2487    31.6956    1471.78  0.000e+00
     13.369   64.99990 -168.22158     6.2484    31.6957    1471.78  0.000e+00
     13.369   64.99990 -168.22158     6.2487    31.6955    1471.79  0.000e+00
     13.338   64.99990 -168.22158     6.2487    31.6958    1471.79  0.000e+00
     13.369   64.99990 -168.22158     6.2491    31.6959    1471.79  0.000e+00
     13.431   64.99990 -168.22158     6.2491    31.6963    1471.79  0.000e+00
     13.369   64.99990 -168.22158     6.2490    31.6968    1471.79  0.000e+00
     13.454   64.99990 -168.22158     6.2492    31.6972    1471.79  0.000e+00
     13.369   64.99990 -168.22158     6.2491    31.6982    1471.79  0.000e+00
     13.431   64.99990 -168.22158     6.2494    31.6979    1471.79  0.000e+00
     13.485   64.99990 -168.22158     6.2496    31.6979    1471.79  0.000e+00
     13.431   64.99990 -168.22158     6.2499    31.6974    1471.79  0.000e+00
     13.454   64.99990 -168.22158     6.2502    31.6972    1471.80  0.000e+00
     13.485   64.99990 -168.22158     6.2500    31.6977    1471.80  0.000e+00
     13.485   64.99990 -168.22158     6.2502    31.6980    1471.80  0.000e+00
     13.485   64.99990 -168.22158     6.2504    31.6984    1471.80  0.000e+00
     13.546   64.99990 -168.22158     6.2508    31.6987    1471.80  0.000e+00
     13.515   64.99990 -168.22158     6.2507    31.6993    1471.80  0.000e+00
     13.546   64.99990 -168.22158     6.2510    31.6991    1471.80  0.000e+00
     13.546   64.99990 -168.22158     6.2510    31.6995    1471.80  0.000e+00
     13.546   64.99990 -168.22158     6.2512    31.6993    1471.80  0.000e+00
     13.600   64.99990 -168.22158     6.2510    31.6993    1471.80  0.000e+00
     13.569   64.99990 -168.22158     6.2510    31.6991    1471.80  0.000e+00
     13.600   64.99990 -168.22158     6.2508    31.6992    1471.80  0.000e+00
     13.600   64.99990 -168.22158     6.2509    31.6991    1471.80  0.000e+00
     13.654   64.99990 -168.22158     6.2509    31.6992    1471.80  0.000e+00
     13.600   64.99990 -168.22158     6.2510    31.6994    1471.80  0.000e+00
     13.623   64.99990 -168.22158     6.2509    31.7001    1471.80  0.000e+00
     13.716   64.99990 -168.22158     6.2512    31.6995    1471.81  0.000e+00
     13.654   64.99990 -168.22158     6.2510    31.6996    1471.80  0.000e+00
     13.654   64.99990 -168.22158     6.2510    31.7006    1471.81  0.000e+00
     13.685   64.99990 -168.22158     6.2513    31.7010    1471.81  0.000e+00
     13.770   64.99990 -168.22158     6.2518    31.7015    1471.81  0.000e+00
     13.716   64.99990 -168.22158     6.2520    31.7021    1471.81  0.000e+00
     13.770   64.99990 -168.22158     6.2522    31.7029    1471.82  0.000e+00
     13.716   64.99990 -168.22158     6.2528    31.7026    1471.82  0.000e+00
     13.801   64.99990 -168.22158     6.2530    31.7032    1471.82  0.000e+00
     13.770   64.99990 -168.22158     6.2533    31.7037    1471.82  0.000e+00
     13.770   64.99990 -168.22158     6.2536    31.7037    1471.82  0.000e+00
     13.831   64.99990 -168.22158     6.2539    31.7039    1471.82  0.000e+00
     13.831   64.99990 -168.22158     6.2542    31.7039    1471.83  0.000e+00
     13.855   64.99990 -168.22158     6.2546    31.7041    1471.83  0.000e+00
     13.885   64.99990 -168.22158     6.2552    31.7044    1471.83  0.000e+00
     13.831   64.99990 -168.22158     6.2555    31.7048    1471.83  0.000e+00
     13.947   64.99990 -168.22158     6.2557    31.7052    1471.84  0.000e+00
     13.909   64.99990 -168.22158     6.2560    31.7049    1471.84  0.000e+00
     13.947   64.99990 -168.22158     6.2562    31.7052    1471.84  0.000e+00
     14.001   64.99990 -168.22158     6.2566    31.7054    1471.84  0.000e+00
     13.947   64.99990 -168.22158     6.2566    31.7064    1471.84  0.000e+00
     14.001   64.99990 -168.22158     6.2574    31.7061    1471.84  0.000e+00
     14.024   64.99990 -168.22158     6.2573    31.7065    1471.84  0.000e+00
