EcoFOCI/data/1_SampleCollection/2023_SikuliaqDBO_CruiseData/CTD_raw_BottleFile_SKQ23-12S/proc/skq202312s_073.cnv
* Sea-Bird SBE 9 Data File:
* FileName = D:\CTD\SKQ202312S\SKQ202312S_073.hex
* Software Version Seasave V 7.26.7.121
* Temperature SN = 6177
* Conductivity SN = 0369
* Number of Bytes Per Scan = 41
* Number of Voltage Words = 4
* Number of Scans Averaged by the Deck Unit = 1
* NMEA Latitude = 67 54.34 N
* NMEA Longitude = 168 10.75 W
* NMEA UTC (Time) = Oct 01 2023  20:50:17
* NMEA baud rate = 4800
** Ship: R/V Sikuliaq
** Station Number: 073
** Station Name: C12
** Bottom Depth: 58
** Operator: SD
** Mooring C12
# nquan = 24
# nvalues = 4215                                  
# units = specified
# name 0 = depSM: Depth [salt water, m]
# name 1 = latitude: Latitude [deg]
# name 2 = longitude: Longitude [deg]
# name 3 = prDM: Pressure, Digiquartz [db]
# name 4 = t090C: Temperature [ITS-90, deg C]
# name 5 = t190C: Temperature, 2 [ITS-90, deg C]
# name 6 = potemp090C: Potential Temperature [ITS-90, deg C]
# name 7 = sal00: Salinity, Practical [PSU]
# name 8 = sal11: Salinity, Practical, 2 [PSU]
# name 9 = density00: Density [density, kg/m^3]
# name 10 = sigma-é00: Density [sigma-theta, kg/m^3]
# name 11 = sbox0Mm/Kg: Oxygen, SBE 43 [umol/kg]
# name 12 = sbox1Mm/Kg: Oxygen, SBE 43, 2 [umol/kg]
# name 13 = oxsolMm/Kg: Oxygen Saturation, Garcia & Gordon [umol/kg]
# name 14 = sbeox0PS: Oxygen, SBE 43 [% saturation]
# name 15 = sbeox1PS: Oxygen, SBE 43, 2 [% saturation]
# name 16 = v0: Voltage 0
# name 17 = flECO-AFL: Fluorescence, WET Labs ECO-AFL/FL [mg/m^3]
# name 18 = v1: Voltage 1
# name 19 = CStarAt0: Beam Attenuation, WET Labs C-Star [1/m]
# name 20 = par: PAR/Irradiance, Biospherical/Licor
# name 21 = scan: Scan Count
# name 22 = timeM: Time, Elapsed [minutes]
# name 23 = flag:  0.000e+00
# span 0 =      2.262,     53.673                 
# span 1 =   67.90534,   67.90552                 
# span 2 = -168.17942, -168.17918                 
# span 3 =      2.285,     54.223                 
# span 4 =     2.6735,     4.8323                 
# span 5 =     2.6498,     4.8608                 
# span 6 =     2.6719,     4.8310                 
# span 7 =    28.4800,    32.5035                 
# span 8 =    28.5093,    32.5154                 
# span 9 =  1022.6321,  1026.1524                 
# span 10 =    22.6175,    25.8990                
# span 11 =    189.263,    317.720                
# span 12 =    184.731,    303.337                
# span 13 =  318.83058,  332.73621                
# span 14 =     57.473,     95.806                
# span 15 =     56.103,     91.418                
# span 16 =     0.0720,     0.4005                
# span 17 =     0.0842,     2.0549                
# span 18 =     2.3944,     4.1587                
# span 19 =     0.5000,     2.7091                
# span 20 = 1.0000e-12, 1.5922e+02                
# span 21 =          1,       4215                
# span 22 =     0.0000,     2.9264                
# span 23 = 0.0000e+00, 0.0000e+00                
# interval = seconds: 0.0416667
# start_time = Oct 01 2023 20:53:49 [NMEA time, first data scan]
# bad_flag = -9.990e-29
*END*
[from data line 3563]
     52.188   67.90536 -168.17926     52.722     2.9284     2.9295     2.9255    32.5023    32.5145  1026.1455    25.8980    190.867    188.327  329.30712     57.960     57.196     0.0965     0.2308     2.4029     2.6949 8.4714e-06       3564     2.4743  0.000e+00
     52.242   67.90536 -168.17926     52.776     2.9287     2.9291     2.9257    32.5024    32.5146  1026.1458    25.8980    191.127    188.361  329.30529     58.039     57.206     0.0965     0.2308     2.4029     2.6949 1.0000e-12       3565     2.4750  0.000e+00
     52.188   67.90536 -168.17926     52.722     2.9286     2.9293     2.9256    32.5021    32.5146  1026.1453    25.8977    191.350    188.400  329.30652     58.107     57.218     0.0977     0.2381     2.4042     2.6929 1.0000e-12       3566     2.4757  0.000e+00
     52.188   67.90536 -168.17926     52.722     2.9284     2.9295     2.9255    32.5021    32.5148  1026.1454    25.8978    191.607    188.230  329.30763     58.185     57.166     0.0977     0.2381     2.4029     2.6949 8.4714e-06       3567     2.4764  0.000e+00
     52.188   67.90536 -168.17926     52.722     2.9285     2.9293     2.9255    32.5022    32.5146  1026.1455    25.8979    191.824    188.244  329.30692     58.251     57.170     0.0965     0.2308     2.4042     2.6929 1.0000e-12       3568     2.4771  0.000e+00
     52.188   67.90536 -168.17926     52.722     2.9283     2.9296     2.9253    32.5026    32.5140  1026.1458    25.8982    192.072    188.266  329.30783     58.326     57.177     0.0977     0.2381     2.4029     2.6949 1.0000e-12       3569     2.4778  0.000e+00
     52.126   67.90536 -168.17926     52.659     2.9283     2.9295     2.9253    32.5023    32.5142  1026.1453    25.8980    192.131    188.078  329.30845     58.344     57.120     0.0952     0.2234     2.4029     2.6949 8.4714e-06       3570     2.4785  0.000e+00
     52.126   67.90536 -168.17926     52.659     2.9283     2.9293     2.9254    32.5025    32.5144  1026.1454    25.8981    192.589    188.074  329.30764     58.483     57.118     0.0928     0.2088     2.4029     2.6949 1.0000e-12       3571     2.4792  0.000e+00
     52.126   67.90536 -168.17926     52.659     2.9280     2.9294     2.9250    32.5030    32.5146  1026.1458    25.8985    192.857    188.078  329.30945     58.564     57.120     0.0916     0.2015     2.4029     2.6949 1.0000e-12       3572     2.4799  0.000e+00
     52.126   67.90536 -168.17926     52.659     2.9283     2.9292     2.9253    32.5025    32.5149  1026.1454    25.8982    193.115    188.093  329.30794     58.643     57.124     0.0928     0.2088     2.4066     2.6888 1.0000e-12       3573     2.4806  0.000e+00
     52.126   67.90536 -168.17926     52.659     2.9282     2.9295     2.9252    32.5029    32.5146  1026.1457    25.8985    193.363    188.116  329.30784     58.718     57.131     0.0928     0.2088     2.4530     2.6124 8.4714e-06       3574     2.4813  0.000e+00
     52.072   67.90536 -168.17926     52.605     2.9281     2.9294     2.9252    32.5028    32.5147  1026.1454    25.8984    193.635    187.928  329.30857     58.801     57.074     0.0928     0.2088     2.4799     2.5688 1.0000e-12       3575     2.4819  0.000e+00
     52.072   67.90536 -168.17926     52.605     2.9283     2.9293     2.9253    32.5026    32.5146  1026.1453    25.8982    193.896    187.949  329.30767     58.880     57.081     0.0940     0.2161     2.4823     2.5648 1.0000e-12       3576     2.4826  0.000e+00
     52.072   67.90536 -168.17926     52.605     2.9283     2.9297     2.9254    32.5030    32.5138  1026.1455    25.8985    194.143    187.955  329.30646     58.955     57.083     0.0928     0.2088     2.4811     2.5668 8.4714e-06       3577     2.4833  0.000e+00
     52.072   67.90536 -168.17926     52.605     2.9283     2.9304     2.9253    32.5028    32.5125  1026.1454    25.8983    194.414    187.969  329.30737     59.037     57.087     0.0940     0.2161     2.4786     2.5708 8.4714e-06       3578     2.4840  0.000e+00
     52.072   67.90536 -168.17926     52.605     2.9286     2.9321     2.9256    32.5020    32.5104  1026.1447    25.8977    194.669    187.965  329.30657     59.115     57.088     0.0928     0.2088     2.4786     2.5708 8.4714e-06       3579     2.4847  0.000e+00
     52.072   67.90536 -168.17926     52.605     2.9284     2.9328     2.9255    32.5018    32.5094  1026.1445    25.8975    194.909    187.974  329.30858     59.187     57.091     0.0928     0.2088     2.4786     2.5708 1.0000e-12       3580     2.4854  0.000e+00
     52.010   67.90536 -168.17926     52.542     2.9288     2.9329     2.9258    32.5018    32.5094  1026.1442    25.8975    195.383    187.794  329.30588     59.332     57.037     0.0928     0.2088     2.4786     2.5708 8.4714e-06       3581     2.4861  0.000e+00
     52.010   67.90536 -168.17926     52.542     2.9289     2.9325     2.9259    32.5017    32.5099  1026.1442    25.8974    195.438    187.802  329.30518     59.349     57.038     0.0928     0.2088     2.4786     2.5708 1.0000e-12       3582     2.4868  0.000e+00
     52.010   67.90536 -168.17926     52.542     2.9289     2.9315     2.9259    32.5014    32.5116  1026.1439    25.8972    195.659    187.820  329.30609     59.416     57.043     0.0928     0.2088     2.4786     2.5708 8.4714e-06       3583     2.4875  0.000e+00
     51.956   67.90536 -168.17926     52.488     2.9291     2.9306     2.9261    32.5012    32.5131  1026.1435    25.8970    195.893    187.626  329.30481     59.487     56.984     0.0928     0.2088     2.4786     2.5708 1.0000e-12       3584     2.4882  0.000e+00
     52.010   67.90536 -168.17926     52.542     2.9290     2.9304     2.9261    32.5009    32.5133  1026.1435    25.8968    196.111    187.419  329.30599     59.553     56.921     0.0928     0.2088     2.4786     2.5708 1.0000e-12       3585     2.4889  0.000e+00
     51.956   67.90536 -168.17926     52.488     2.9293     2.9306     2.9264    32.5006    32.5124  1026.1430    25.8965    196.301    187.785  329.30401     59.611     57.032     0.0928     0.2088     2.4786     2.5708 8.4714e-06       3586     2.4896  0.000e+00
     52.010   67.90536 -168.17926     52.542     2.9296     2.9307     2.9266    32.5005    32.5123  1026.1431    25.8964    196.508    187.816  329.30257     59.674     57.041     0.0928     0.2088     2.4786     2.5708 1.0000e-12       3587     2.4903  0.000e+00
     51.895   67.90536 -168.17926     52.425     2.9298     2.9311     2.9269    32.5000    32.5123  1026.1422    25.8960    196.688    187.654  329.30162     59.729     56.992     0.0928     0.2088     2.4786     2.5708 1.0000e-12       3588     2.4910  0.000e+00
     51.956   67.90536 -168.17926     52.488     2.9300     2.9318     2.9270    32.4996    32.5112  1026.1421    25.8957    196.847    187.458  329.30130     59.777     56.933     0.0928     0.2088     2.4786     2.5708 8.4714e-06       3589     2.4917  0.000e+00
     51.895   67.90536 -168.17926     52.425     2.9297     2.9324     2.9268    32.5000    32.5101  1026.1422    25.8960    197.234    187.638  329.30252     59.894     56.989     0.0928     0.2088     2.4799     2.5688 1.0000e-12       3590     2.4924  0.000e+00
     51.956   67.90536 -168.17926     52.488     2.9297     2.9323     2.9267    32.5008    32.5099  1026.1431    25.8966    197.447    187.660  329.30099     59.959     56.995     0.0928     0.2088     2.4786     2.5708 1.0000e-12       3591     2.4931  0.000e+00
     51.895   67.90536 -168.17926     52.425     2.9295     2.9315     2.9266    32.5006    32.5114  1026.1427    25.8965    197.594    187.688  329.30282     60.004     57.003     0.0940     0.2161     2.4799     2.5688 8.4714e-06       3592     2.4937  0.000e+00
     51.895   67.90536 -168.17926     52.425     2.9294     2.9310     2.9265    32.5008    32.5122  1026.1428    25.8967    197.128    187.310  329.30312     59.862     56.888     0.0928     0.2088     2.4786     2.5708 8.4714e-06       3593     2.4944  0.000e+00
     51.895   67.90536 -168.17926     52.425     2.9292     2.9306     2.9262    32.5010    32.5130  1026.1430    25.8969    197.845    187.483  329.30433     60.080     56.940     0.0940     0.2161     2.5263     2.4946 1.0000e-12       3594     2.4951  0.000e+00
     51.895   67.90536 -168.17926     52.425     2.9290     2.9304     2.9261    32.5017    32.5132  1026.1436    25.8974    197.979    187.295  329.30392     60.120     56.883     0.0928     0.2088     2.5665     2.4313 1.0000e-12       3595     2.4958  0.000e+00
     51.895   67.90536 -168.17926     52.425     2.9292     2.9303     2.9263    32.5013    32.5129  1026.1433    25.8971    198.117    187.486  329.30312     60.162     56.941     0.0916     0.2015     2.5726     2.4218 1.0000e-12       3596     2.4965  0.000e+00
     51.841   67.90536 -168.17926     52.371     2.9288     2.9300     2.9258    32.5019    32.5137  1026.1435    25.8976    198.224    187.292  329.30566     60.194     56.881     0.0904     0.1941     2.5702     2.4256 1.0000e-12       3597     2.4972  0.000e+00
     51.895   67.90536 -168.17926     52.425     2.9288     2.9299     2.9258    32.5018    32.5137  1026.1437    25.8975    198.554    187.109  329.30593     60.295     56.826     0.0904     0.1941     2.5690     2.4275 8.4714e-06       3598     2.4979  0.000e+00
     51.841   67.90536 -168.17926     52.371     2.9291     2.9298     2.9261    32.5011    32.5137  1026.1428    25.8969    198.479    187.083  329.30506     60.272     56.818     0.0904     0.1941     2.5690     2.4275 8.4714e-06       3599     2.4986  0.000e+00
     51.895   67.90536 -168.17926     52.425     2.9290     2.9297     2.9261    32.5005    32.5138  1026.1426    25.8964    198.558    187.069  329.30704     60.296     56.814     0.0904     0.1941     2.5678     2.4294 8.4714e-06       3600     2.4993  0.000e+00
     51.841   67.90536 -168.17926     52.371     2.9292     2.9296     2.9262    32.4998    32.5137  1026.1418    25.8959    198.635    187.063  329.30727     60.319     56.812     0.0916     0.2015     2.5678     2.4294 8.4714e-06       3601     2.5000  0.000e+00
     51.895   67.90536 -168.17926     52.425     2.9293     2.9296     2.9264    32.5001    32.5136  1026.1423    25.8961    198.715    187.068  329.30543     60.344     56.813     0.0904     0.1941     2.5690     2.4275 1.0000e-12       3602     2.5007  0.000e+00
     51.787   67.90536 -168.17926     52.316     2.9294     2.9297     2.9265    32.4998    32.5138  1026.1415    25.8959    199.012    186.882  329.30559     60.434     56.757     0.0916     0.2015     2.5690     2.4275 1.0000e-12       3603     2.5014  0.000e+00
     51.895   67.90536 -168.17926     52.425     2.9295     2.9296     2.9266    32.4998    32.5138  1026.1421    25.8959    199.131    186.862  329.30463     60.470     56.751     0.0904     0.1941     2.5690     2.4275 1.0000e-12       3604     2.5021  0.000e+00
     51.841   67.90536 -168.17926     52.371     2.9297     2.9299     2.9267    32.4989    32.5134  1026.1410    25.8951    199.173    186.847  329.30577     60.483     56.746     0.0904     0.1941     2.5690     2.4275 1.0000e-12       3605     2.5028  0.000e+00
     51.841   67.90536 -168.17926     52.371     2.9299     2.9298     2.9269    32.4989    32.5139  1026.1410    25.8951    199.249    186.819  329.30406     60.506     56.738     0.0904     0.1941     2.5678     2.4294 1.0000e-12       3606     2.5035  0.000e+00
     51.841   67.90536 -168.17926     52.371     2.9298     2.9302     2.9269    32.4990    32.5135  1026.1411    25.8952    199.543    186.626  329.30416     60.595     56.680     0.0904     0.1941     2.5690     2.4275 1.0000e-12       3607     2.5042  0.000e+00
     51.841   67.90536 -168.17926     52.371     2.9298     2.9301     2.9269    32.4988    32.5132  1026.1410    25.8951    199.432    186.595  329.30456     60.562     56.670     0.0891     0.1868     2.5690     2.4275 8.4714e-06       3608     2.5049  0.000e+00
     51.841   67.90536 -168.17926     52.371     2.9296     2.9304     2.9266    32.4994    32.5128  1026.1414    25.8955    199.503    186.768  329.30536     60.583     56.723     0.0904     0.1941     2.5690     2.4275 1.0000e-12       3609     2.5056  0.000e+00
     51.841   67.90536 -168.17926     52.371     2.9300     2.9303     2.9270    32.4985    32.5129  1026.1407    25.8948    199.754    186.582  329.30396     60.659     56.666     0.0916     0.2015     2.5690     2.4275 8.4714e-06       3610     2.5063  0.000e+00
     51.895   67.90536 -168.17926     52.425     2.9298     2.9301     2.9269    32.4990    32.5129  1026.1414    25.8952    199.819    186.385  329.30413     60.679     56.606     0.0904     0.1941     2.5690     2.4275 8.4714e-06       3611     2.5069  0.000e+00
     51.787   67.90536 -168.17926     52.316     2.9308     2.9305     2.9279    32.4978    32.5127  1026.1398    25.8941    199.872    186.364  329.29937     60.696     56.600     0.0916     0.2015     2.5690     2.4275 1.0000e-12       3612     2.5076  0.000e+00
     51.895   67.90536 -168.17926     52.425     2.9322     2.9307     2.9292    32.4966    32.5122  1026.1393    25.8931    199.923    186.360  329.29088     60.713     56.599     0.0904     0.1941     2.5678     2.4294 1.0000e-12       3613     2.5083  0.000e+00
     51.841   67.90536 -168.17926     52.371     2.9332     2.9316     2.9302    32.4947    32.5110  1026.1374    25.8915    199.969    186.361  329.28770     60.728     56.600     0.0904     0.1941     2.5714     2.4237 1.0000e-12       3614     2.5090  0.000e+00
     51.895   67.90536 -168.17926     52.425     2.9333     2.9315     2.9304    32.4950    32.5108  1026.1379    25.8917    200.015    186.182  329.28577     60.742     56.546     0.0904     0.1941     2.5775     2.4142 8.4714e-06       3615     2.5097  0.000e+00
     51.841   67.90536 -168.17926     52.371     2.9328     2.9320     2.9299    32.4954    32.5105  1026.1380    25.8921    200.057    186.159  329.28860     60.754     56.539     0.0904     0.1941     2.5788     2.4123 1.0000e-12       3616     2.5104  0.000e+00
     51.895   67.90536 -168.17926     52.425     2.9320     2.9323     2.9291    32.4965    32.5096  1026.1392    25.8930    200.098    185.954  329.29259     60.766     56.477     0.0904     0.1941     2.5775     2.4142 8.4714e-06       3617     2.5111  0.000e+00
     51.841   67.90536 -168.17926     52.371     2.9314     2.9320     2.9285    32.4971    32.5101  1026.1394    25.8935    200.351    185.933  329.29583     60.842     56.470     0.0904     0.1941     2.5775     2.4142 1.0000e-12       3618     2.5118  0.000e+00
     51.895   67.90536 -168.17926     52.425     2.9313     2.9323     2.9283    32.4977    32.5096  1026.1402    25.8940    200.377    185.900  329.29560     60.850     56.460     0.0916     0.2015     2.5775     2.4142 1.0000e-12       3619     2.5125  0.000e+00
     51.895   67.90536 -168.17926     52.425     2.9310     2.9323     2.9280    32.4981    32.5098  1026.1406    25.8944    200.433    185.877  329.29720     60.867     56.453     0.0904     0.1941     2.5775     2.4142 1.0000e-12       3620     2.5132  0.000e+00
     51.895   67.90536 -168.17926     52.425     2.9306     2.9323     2.9277    32.4983    32.5099  1026.1407    25.8945    200.483    185.864  329.29941     60.882     56.450     0.0916     0.2015     2.5775     2.4142 8.4714e-06       3621     2.5139  0.000e+00
     51.895   67.90536 -168.17926     52.425     2.9308     2.9320     2.9278    32.4988    32.5104  1026.1412    25.8950    200.524    185.863  329.29670     60.895     56.449     0.0916     0.2015     2.5775     2.4142 8.4714e-06       3622     2.5146  0.000e+00
