EcoFOCI/data/1_SampleCollection/2023_SikuliaqDBO_CruiseData/CTD_raw_BottleFile_SKQ23-12S/proc/skq202312s_024svp.cnv
* Sea-Bird SBE 9 Data File:
* FileName = D:\CTD\SKQ202312S\SKQ202312S_024.hex
* Software Version Seasave V 7.26.7.121
* Temperature SN = 6177
* Conductivity SN = 0369
* Number of Bytes Per Scan = 41
* Number of Voltage Words = 4
* Number of Scans Averaged by the Deck Unit = 1
* NMEA Latitude = 71 12.47 N
* NMEA Longitude = 158 00.01 W
* NMEA UTC (Time) = Sep 20 2023  13:29:26
* NMEA baud rate = 4800
** Ship: R/V Sikuliaq
** Station Number: 024
** Station Name: C5
** Bottom Depth: 49
** Operator: SD
** C5 Mooring Site pre-deployment
# nquan = 7
# nvalues = 4307                                  
# units = specified
# name 0 = depSM: Depth [salt water, m]
# name 1 = latitude: Latitude [deg]
# name 2 = longitude: Longitude [deg]
# name 3 = t090C: Temperature [ITS-90, deg C]
# name 4 = sal00: Salinity, Practical [PSU]
# name 5 = svCM: Sound Velocity [Chen-Millero, m/s]
# name 6 = flag:  0.000e+00
# span 0 =      2.333,     43.192                 
# span 1 =   71.20792,   71.20792                 
# span 2 = -157.99980, -157.99978                 
# span 3 =     0.8896,     4.9502                 
# span 4 =    30.0861,    32.1344                 
# span 5 =    1450.03,    1464.36                 
# span 6 = 0.0000e+00, 0.0000e+00                 
# interval = seconds: 0.0416667
# start_time = Sep 20 2023 13:33:23 [NMEA time, first data scan]
# bad_flag = -9.990e-29
*END*
[from data line 3488]
     39.289   71.20792 -157.99978     0.9119    32.1229    1450.10  0.000e+00
     39.343   71.20792 -157.99978     0.9116    32.1232    1450.10  0.000e+00
     39.343   71.20792 -157.99978     0.9119    32.1229    1450.11  0.000e+00
     39.289   71.20792 -157.99978     0.9122    32.1229    1450.11  0.000e+00
     39.343   71.20792 -157.99978     0.9130    32.1223    1450.11  0.000e+00
     39.335   71.20792 -157.99978     0.9129    32.1225    1450.11  0.000e+00
     39.289   71.20792 -157.99978     0.9130    32.1228    1450.11  0.000e+00
     39.343   71.20792 -157.99978     0.9130    32.1227    1450.11  0.000e+00
     39.289   71.20792 -157.99978     0.9132    32.1227    1450.11  0.000e+00
     39.343   71.20792 -157.99978     0.9135    32.1230    1450.11  0.000e+00
     39.343   71.20792 -157.99978     0.9142    32.1223    1450.11  0.000e+00
     39.281   71.20792 -157.99978     0.9141    32.1224    1450.11  0.000e+00
     39.343   71.20792 -157.99978     0.9143    32.1224    1450.12  0.000e+00
     39.289   71.20792 -157.99978     0.9139    32.1230    1450.11  0.000e+00
     39.343   71.20792 -157.99978     0.9134    32.1234    1450.11  0.000e+00
     39.343   71.20792 -157.99978     0.9126    32.1236    1450.11  0.000e+00
     39.289   71.20792 -157.99978     0.9118    32.1240    1450.11  0.000e+00
     39.335   71.20792 -157.99978     0.9115    32.1227    1450.10  0.000e+00
     39.343   71.20792 -157.99978     0.9104    32.1221    1450.10  0.000e+00
     39.343   71.20792 -157.99978     0.9088    32.1229    1450.09  0.000e+00
     39.343   71.20792 -157.99978     0.9080    32.1235    1450.09  0.000e+00
     39.343   71.20792 -157.99978     0.9074    32.1247    1450.09  0.000e+00
     39.343   71.20792 -157.99978     0.9076    32.1248    1450.09  0.000e+00
     39.397   71.20792 -157.99978     0.9076    32.1242    1450.09  0.000e+00
     39.343   71.20792 -157.99978     0.9074    32.1233    1450.09  0.000e+00
     39.343   71.20792 -157.99978     0.9070    32.1234    1450.08  0.000e+00
     39.405   71.20792 -157.99978     0.9067    32.1237    1450.08  0.000e+00
     39.405   71.20792 -157.99978     0.9071    32.1234    1450.09  0.000e+00
     39.343   71.20792 -157.99978     0.9068    32.1230    1450.08  0.000e+00
     39.397   71.20792 -157.99978     0.9059    32.1231    1450.08  0.000e+00
     39.405   71.20792 -157.99978     0.9053    32.1230    1450.08  0.000e+00
     39.405   71.20792 -157.99978     0.9046    32.1232    1450.07  0.000e+00
     39.405   71.20792 -157.99978     0.9043    32.1240    1450.07  0.000e+00
     39.459   71.20792 -157.99978     0.9039    32.1243    1450.07  0.000e+00
     39.405   71.20792 -157.99978     0.9040    32.1247    1450.07  0.000e+00
     39.397   71.20792 -157.99978     0.9045    32.1243    1450.07  0.000e+00
     39.459   71.20792 -157.99978     0.9048    32.1240    1450.08  0.000e+00
     39.459   71.20792 -157.99978     0.9051    32.1238    1450.08  0.000e+00
     39.405   71.20792 -157.99978     0.9054    32.1241    1450.08  0.000e+00
     39.459   71.20792 -157.99978     0.9059    32.1237    1450.08  0.000e+00
     39.513   71.20792 -157.99978     0.9062    32.1233    1450.08  0.000e+00
     39.459   71.20792 -157.99978     0.9065    32.1235    1450.08  0.000e+00
     39.513   71.20792 -157.99978     0.9063    32.1238    1450.08  0.000e+00
     39.459   71.20792 -157.99978     0.9065    32.1234    1450.08  0.000e+00
     39.574   71.20792 -157.99978     0.9061    32.1235    1450.08  0.000e+00
     39.574   71.20792 -157.99978     0.9061    32.1234    1450.08  0.000e+00
     39.575   71.20792 -157.99978     0.9063    32.1236    1450.08  0.000e+00
     39.575   71.20792 -157.99978     0.9061    32.1238    1450.08  0.000e+00
     39.567   71.20792 -157.99978     0.9063    32.1234    1450.08  0.000e+00
     39.629   71.20792 -157.99978     0.9067    32.1231    1450.09  0.000e+00
     39.575   71.20792 -157.99978     0.9065    32.1239    1450.09  0.000e+00
     39.629   71.20792 -157.99978     0.9068    32.1235    1450.09  0.000e+00
     39.629   71.20792 -157.99978     0.9070    32.1237    1450.09  0.000e+00
     39.629   71.20792 -157.99978     0.9074    32.1237    1450.09  0.000e+00
     39.683   71.20792 -157.99978     0.9076    32.1237    1450.09  0.000e+00
     39.629   71.20792 -157.99978     0.9080    32.1229    1450.09  0.000e+00
     39.690   71.20792 -157.99978     0.9080    32.1229    1450.09  0.000e+00
     39.690   71.20792 -157.99978     0.9080    32.1235    1450.09  0.000e+00
     39.629   71.20792 -157.99978     0.9084    32.1235    1450.09  0.000e+00
     39.744   71.20792 -157.99978     0.9088    32.1234    1450.10  0.000e+00
     39.690   71.20792 -157.99978     0.9088    32.1232    1450.10  0.000e+00
     39.744   71.20792 -157.99978     0.9088    32.1220    1450.10  0.000e+00
     39.744   71.20792 -157.99978     0.9084    32.1217    1450.09  0.000e+00
     39.744   71.20792 -157.99978     0.9078    32.1225    1450.09  0.000e+00
     39.744   71.20792 -157.99978     0.9074    32.1228    1450.09  0.000e+00
     39.744   71.20792 -157.99978     0.9070    32.1233    1450.09  0.000e+00
     39.806   71.20792 -157.99978     0.9073    32.1225    1450.09  0.000e+00
     39.798   71.20792 -157.99978     0.9069    32.1227    1450.09  0.000e+00
     39.806   71.20792 -157.99978     0.9068    32.1230    1450.09  0.000e+00
     39.744   71.20792 -157.99978     0.9070    32.1232    1450.09  0.000e+00
     39.860   71.20792 -157.99978     0.9076    32.1232    1450.09  0.000e+00
     39.806   71.20792 -157.99978     0.9075    32.1235    1450.09  0.000e+00
     39.806   71.20792 -157.99978     0.9078    32.1229    1450.09  0.000e+00
     39.806   71.20792 -157.99978     0.9071    32.1230    1450.09  0.000e+00
     39.852   71.20792 -157.99978     0.9067    32.1224    1450.09  0.000e+00
     39.860   71.20792 -157.99978     0.9057    32.1226    1450.09  0.000e+00
     39.806   71.20792 -157.99978     0.9053    32.1232    1450.08  0.000e+00
     39.860   71.20792 -157.99978     0.9051    32.1236    1450.08  0.000e+00
     39.914   71.20792 -157.99978     0.9049    32.1236    1450.08  0.000e+00
     39.860   71.20792 -157.99978     0.9051    32.1234    1450.08  0.000e+00
     39.852   71.20792 -157.99978     0.9047    32.1237    1450.08  0.000e+00
     39.914   71.20792 -157.99978     0.9053    32.1236    1450.09  0.000e+00
     39.860   71.20792 -157.99978     0.9053    32.1238    1450.08  0.000e+00
     39.914   71.20792 -157.99978     0.9054    32.1231    1450.09  0.000e+00
     39.914   71.20792 -157.99978     0.9053    32.1237    1450.09  0.000e+00
     39.860   71.20792 -157.99978     0.9053    32.1234    1450.08  0.000e+00
     39.976   71.20792 -157.99978     0.9053    32.1225    1450.09  0.000e+00
     39.914   71.20792 -157.99978     0.9045    32.1228    1450.08  0.000e+00
     39.976   71.20792 -157.99978     0.9040    32.1227    1450.08  0.000e+00
     39.914   71.20792 -157.99978     0.9037    32.1226    1450.08  0.000e+00
     39.976   71.20792 -157.99978     0.9026    32.1230    1450.07  0.000e+00
     39.914   71.20792 -157.99978     0.9012    32.1230    1450.07  0.000e+00
     39.976   71.20792 -157.99978     0.8994    32.1247    1450.06  0.000e+00
     39.914   71.20792 -157.99978     0.8999    32.1258    1450.06  0.000e+00
     40.030   71.20792 -157.99978     0.9017    32.1263    1450.07  0.000e+00
     39.976   71.20792 -157.99978     0.9039    32.1252    1450.08  0.000e+00
     39.914   71.20792 -157.99978     0.9051    32.1244    1450.09  0.000e+00
     39.976   71.20792 -157.99978     0.9059    32.1240    1450.09  0.000e+00
     39.976   71.20792 -157.99978     0.9063    32.1238    1450.09  0.000e+00
     39.976   71.20792 -157.99978     0.9065    32.1232    1450.09  0.000e+00
     39.968   71.20792 -157.99978     0.9063    32.1234    1450.09  0.000e+00
     39.976   71.20792 -157.99978     0.9062    32.1232    1450.09  0.000e+00
     39.976   71.20792 -157.99978     0.9062    32.1227    1450.09  0.000e+00
     39.976   71.20792 -157.99978     0.9056    32.1221    1450.09  0.000e+00
     40.030   71.20792 -157.99978     0.9045    32.1217    1450.08  0.000e+00
     39.914   71.20792 -157.99978     0.9034    32.1226    1450.08  0.000e+00
     39.976   71.20792 -157.99978     0.9028    32.1230    1450.07  0.000e+00
     40.030   71.20792 -157.99978     0.9023    32.1236    1450.07  0.000e+00
     39.914   71.20792 -157.99978     0.9025    32.1236    1450.07  0.000e+00
     39.976   71.20792 -157.99978     0.9026    32.1236    1450.07  0.000e+00
     39.976   71.20792 -157.99978     0.9030    32.1237    1450.08  0.000e+00
     39.976   71.20792 -157.99978     0.9031    32.1235    1450.08  0.000e+00
     39.976   71.20792 -157.99978     0.9026    32.1231    1450.07  0.000e+00
     40.030   71.20792 -157.99978     0.9026    32.1226    1450.07  0.000e+00
     39.976   71.20792 -157.99978     0.9028    32.1236    1450.08  0.000e+00
     39.915   71.20792 -157.99978     0.9030    32.1237    1450.08  0.000e+00
     39.976   71.20792 -157.99978     0.9028    32.1231    1450.07  0.000e+00
     39.976   71.20792 -157.99978     0.9023    32.1230    1450.07  0.000e+00
     39.976   71.20792 -157.99978     0.9018    32.1230    1450.07  0.000e+00
     39.976   71.20792 -157.99978     0.9014    32.1235    1450.07  0.000e+00
     39.969   71.20792 -157.99978     0.9009    32.1236    1450.07  0.000e+00
     39.915   71.20792 -157.99978     0.9006    32.1236    1450.06  0.000e+00
     39.976   71.20792 -157.99978     0.9001    32.1242    1450.06  0.000e+00
     39.976   71.20792 -157.99978     0.8999    32.1246    1450.06  0.000e+00
     39.976   71.20792 -157.99978     0.9003    32.1245    1450.07  0.000e+00
     39.976   71.20792 -157.99978     0.9005    32.1250    1450.07  0.000e+00
     39.915   71.20792 -157.99978     0.9012    32.1245    1450.07  0.000e+00
     39.969   71.20792 -157.99978     0.9018    32.1244    1450.07  0.000e+00
     39.976   71.20792 -157.99978     0.9023    32.1246    1450.07  0.000e+00
     39.976   71.20792 -157.99978     0.9031    32.1250    1450.08  0.000e+00
     39.915   71.20792 -157.99978     0.9043    32.1246    1450.08  0.000e+00
     39.976   71.20792 -157.99978     0.9051    32.1241    1450.09  0.000e+00
     39.915   71.20792 -157.99978     0.9056    32.1236    1450.09  0.000e+00
     39.969   71.20792 -157.99978     0.9054    32.1238    1450.09  0.000e+00
     39.976   71.20792 -157.99978     0.9056    32.1232    1450.09  0.000e+00
     39.915   71.20792 -157.99978     0.9057    32.1227    1450.09  0.000e+00
     39.976   71.20792 -157.99978     0.9056    32.1224    1450.09  0.000e+00
     39.915   71.20792 -157.99978     0.9051    32.1225    1450.08  0.000e+00
     39.976   71.20792 -157.99978     0.9045    32.1232    1450.08  0.000e+00
     39.915   71.20792 -157.99978     0.9047    32.1221    1450.08  0.000e+00
     39.915   71.20792 -157.99978     0.9039    32.1224    1450.08  0.000e+00
     39.977   71.20792 -157.99978     0.9037    32.1231    1450.08  0.000e+00
     39.915   71.20792 -157.99978     0.9040    32.1225    1450.08  0.000e+00
     39.977   71.20792 -157.99978     0.9036    32.1227    1450.08  0.000e+00
     39.915   71.20792 -157.99978     0.9030    32.1233    1450.07  0.000e+00
     39.915   71.20792 -157.99978     0.9026    32.1235    1450.07  0.000e+00
     39.977   71.20792 -157.99978     0.9026    32.1238    1450.07  0.000e+00
     39.915   71.20792 -157.99978     0.9023    32.1238    1450.07  0.000e+00
     39.915   71.20792 -157.99978     0.9018    32.1231    1450.07  0.000e+00
     39.977   71.20792 -157.99978     0.9009    32.1233    1450.07  0.000e+00
     39.915   71.20792 -157.99978     0.9008    32.1241    1450.07  0.000e+00
     39.915   71.20792 -157.99978     0.9012    32.1246    1450.07  0.000e+00
     39.977   71.20792 -157.99978     0.9020    32.1245    1450.07  0.000e+00
     39.915   71.20792 -157.99978     0.9032    32.1242    1450.08  0.000e+00
     39.915   71.20792 -157.99978     0.9039    32.1231    1450.08  0.000e+00
     39.977   71.20792 -157.99978     0.9034    32.1232    1450.08  0.000e+00
     39.915   71.20792 -157.99978     0.9030    32.1232    1450.07  0.000e+00
     39.915   71.20792 -157.99978     0.9022    32.1230    1450.07  0.000e+00
     39.861   71.20792 -157.99978     0.9011    32.1235    1450.07  0.000e+00
     40.031   71.20792 -157.99978     0.9005    32.1237    1450.07  0.000e+00
     39.915   71.20792 -157.99978     0.9006    32.1237    1450.06  0.000e+00
     39.977   71.20792 -157.99978     0.9005    32.1239    1450.07  0.000e+00
     39.915   71.20792 -157.99978     0.9001    32.1238    1450.06  0.000e+00
     39.915   71.20792 -157.99978     0.8995    32.1237    1450.06  0.000e+00
     39.977   71.20792 -157.99978     0.8991    32.1250    1450.06  0.000e+00
     39.915   71.20792 -157.99978     0.8999    32.1249    1450.06  0.000e+00
     39.977   71.20792 -157.99978     0.9005    32.1249    1450.07  0.000e+00
     39.969   71.20792 -157.99978     0.9006    32.1240    1450.07  0.000e+00
     39.915   71.20792 -157.99978     0.8999    32.1243    1450.06  0.000e+00
     39.977   71.20792 -157.99978     0.8997    32.1240    1450.06  0.000e+00
     39.977   71.20792 -157.99978     0.8994    32.1247    1450.06  0.000e+00
     39.977   71.20792 -157.99978     0.8997    32.1244    1450.06  0.000e+00
     39.915   71.20792 -157.99978     0.8997    32.1244    1450.06  0.000e+00
     39.969   71.20792 -157.99978     0.8992    32.1245    1450.06  0.000e+00
     39.977   71.20792 -157.99978     0.8992    32.1250    1450.06  0.000e+00
     39.977   71.20792 -157.99978     0.8995    32.1259    1450.06  0.000e+00
     39.977   71.20792 -157.99978     0.9005    32.1248    1450.07  0.000e+00
     39.977   71.20792 -157.99978     0.9008    32.1238    1450.07  0.000e+00
     40.031   71.20792 -157.99978     0.9009    32.1234    1450.07  0.000e+00
     39.977   71.20792 -157.99978     0.9009    32.1236    1450.07  0.000e+00
     40.031   71.20792 -157.99978     0.9012    32.1242    1450.07  0.000e+00
     39.977   71.20792 -157.99978     0.9023    32.1231    1450.07  0.000e+00
     40.031   71.20792 -157.99978     0.9017    32.1231    1450.07  0.000e+00
     39.977   71.20792 -157.99978     0.9006    32.1236    1450.07  0.000e+00
     40.031   71.20792 -157.99978     0.8996    32.1232    1450.06  0.000e+00
     40.031   71.20792 -157.99978     0.8984    32.1238    1450.06  0.000e+00
     40.031   71.20792 -157.99978     0.8974    32.1245    1450.05  0.000e+00
     40.031   71.20792 -157.99978     0.8966    32.1254    1450.05  0.000e+00
     40.031   71.20792 -157.99978     0.8969    32.1254    1450.05  0.000e+00
     40.031   71.20792 -157.99978     0.8975    32.1249    1450.05  0.000e+00
     40.093   71.20792 -157.99978     0.8981    32.1246    1450.06  0.000e+00
     40.031   71.20792 -157.99978     0.8981    32.1242    1450.06  0.000e+00
     40.093   71.20792 -157.99978     0.8979    32.1244    1450.06  0.000e+00
     40.085   71.20792 -157.99978     0.8981    32.1246    1450.06  0.000e+00
     40.093   71.20792 -157.99978     0.8981    32.1244    1450.06  0.000e+00
     40.093   71.20792 -157.99978     0.8984    32.1246    1450.06  0.000e+00
     40.093   71.20792 -157.99978     0.8986    32.1243    1450.06  0.000e+00
     40.147   71.20792 -157.99978     0.8987    32.1244    1450.06  0.000e+00
     40.031   71.20792 -157.99978     0.8989    32.1245    1450.06  0.000e+00
     40.147   71.20792 -157.99978     0.8992    32.1245    1450.06  0.000e+00
     40.147   71.20792 -157.99978     0.8991    32.1247    1450.06  0.000e+00
     40.093   71.20792 -157.99978     0.8992    32.1244    1450.06  0.000e+00
     40.147   71.20792 -157.99978     0.8992    32.1243    1450.06  0.000e+00
     40.147   71.20792 -157.99978     0.8994    32.1245    1450.06  0.000e+00
