EcoFOCI/data/1_SampleCollection/2023_SikuliaqDBO_CruiseData/CTD_raw_BottleFile_SKQ23-12S/proc/skq202312s_077svp.cnv
* Sea-Bird SBE 9 Data File:
* FileName = D:\CTD\SKQ202312S\SKQ202312S_077.hex
* Software Version Seasave V 7.26.7.121
* Temperature SN = 6177
* Conductivity SN = 0369
* Number of Bytes Per Scan = 41
* Number of Voltage Words = 4
* Number of Scans Averaged by the Deck Unit = 1
* NMEA Latitude = 65 46.95 N
* NMEA Longitude = 168 50.45 W
* NMEA UTC (Time) = Oct 03 2023  04:36:08
* NMEA baud rate = 4800
** Ship: R/V Sikuliaq
** Station Number: 077
** Station Name: BS8
** Bottom Depth: 47
** Operator: SD
# nquan = 7
# nvalues = 4966                                  
# units = specified
# name 0 = depSM: Depth [salt water, m]
# name 1 = latitude: Latitude [deg]
# name 2 = longitude: Longitude [deg]
# name 3 = t090C: Temperature [ITS-90, deg C]
# name 4 = sal00: Salinity, Practical [PSU]
# name 5 = svCM: Sound Velocity [Chen-Millero, m/s]
# name 6 = flag:  0.000e+00
# span 0 =      2.737,     43.126                 
# span 1 =   65.78198,   65.78216                 
# span 2 = -168.84226, -168.84170                 
# span 3 =     2.8089,     5.7676                 
# span 4 =    28.3176,    32.9114                 
# span 5 =    1459.01,    1467.15                 
# span 6 = 0.0000e+00, 0.0000e+00                 
# interval = seconds: 0.0416667
# start_time = Oct 03 2023 04:40:00 [NMEA time, first data scan]
# bad_flag = -9.990e-29
*END*
[from data line 2257]
     23.352   65.78204 -168.84204     2.8199    32.7373    1459.08  0.000e+00
     23.367   65.78204 -168.84204     2.8203    32.7390    1459.08  0.000e+00
     23.406   65.78204 -168.84206     2.8211    32.7403    1459.09  0.000e+00
     23.367   65.78204 -168.84206     2.8219    32.7409    1459.09  0.000e+00
     23.406   65.78204 -168.84206     2.8228    32.7413    1459.10  0.000e+00
     23.429   65.78204 -168.84206     2.8235    32.7416    1459.10  0.000e+00
     23.468   65.78204 -168.84206     2.8240    32.7422    1459.10  0.000e+00
     23.429   65.78204 -168.84206     2.8244    32.7438    1459.11  0.000e+00
     23.468   65.78204 -168.84206     2.8252    32.7446    1459.11  0.000e+00
     23.483   65.78204 -168.84206     2.8267    32.7453    1459.12  0.000e+00
     23.468   65.78204 -168.84206     2.8279    32.7459    1459.13  0.000e+00
     23.483   65.78204 -168.84206     2.8286    32.7466    1459.13  0.000e+00
     23.522   65.78204 -168.84206     2.8301    32.7487    1459.14  0.000e+00
     23.522   65.78204 -168.84206     2.8316    32.7503    1459.15  0.000e+00
     23.537   65.78204 -168.84206     2.8335    32.7504    1459.16  0.000e+00
     23.583   65.78204 -168.84206     2.8346    32.7510    1459.16  0.000e+00
     23.537   65.78204 -168.84206     2.8357    32.7531    1459.17  0.000e+00
     23.583   65.78204 -168.84206     2.8371    32.7550    1459.18  0.000e+00
     23.599   65.78204 -168.84206     2.8381    32.7563    1459.19  0.000e+00
     23.637   65.78204 -168.84206     2.8393    32.7575    1459.19  0.000e+00
     23.599   65.78204 -168.84206     2.8409    32.7604    1459.20  0.000e+00
     23.637   65.78204 -168.84206     2.8427    32.7603    1459.21  0.000e+00
     23.653   65.78204 -168.84206     2.8437    32.7618    1459.22  0.000e+00
     23.637   65.78204 -168.84206     2.8449    32.7641    1459.23  0.000e+00
     23.714   65.78204 -168.84206     2.8465    32.7651    1459.24  0.000e+00
     23.691   65.78204 -168.84206     2.8478    32.7661    1459.24  0.000e+00
     23.768   65.78204 -168.84206     2.8489    32.7684    1459.25  0.000e+00
     23.753   65.78204 -168.84206     2.8505    32.7699    1459.26  0.000e+00
     23.753   65.78204 -168.84206     2.8522    32.7717    1459.27  0.000e+00
     23.768   65.78204 -168.84206     2.8541    32.7723    1459.28  0.000e+00
     23.807   65.78204 -168.84206     2.8556    32.7737    1459.29  0.000e+00
     23.768   65.78204 -168.84206     2.8574    32.7760    1459.30  0.000e+00
     23.869   65.78204 -168.84206     2.8590    32.7778    1459.31  0.000e+00
     23.884   65.78204 -168.84206     2.8608    32.7806    1459.32  0.000e+00
     23.869   65.78204 -168.84206     2.8629    32.7827    1459.33  0.000e+00
     23.884   65.78204 -168.84206     2.8649    32.7837    1459.34  0.000e+00
     23.923   65.78204 -168.84206     2.8671    32.7850    1459.35  0.000e+00
     23.938   65.78204 -168.84206     2.8690    32.7870    1459.36  0.000e+00
     23.984   65.78204 -168.84206     2.8712    32.7899    1459.38  0.000e+00
     24.000   65.78204 -168.84206     2.8737    32.7917    1459.39  0.000e+00
     24.038   65.78204 -168.84206     2.8760    32.7962    1459.41  0.000e+00
     24.000   65.78204 -168.84206     2.8787    32.8014    1459.43  0.000e+00
     24.092   65.78204 -168.84206     2.8816    32.8058    1459.45  0.000e+00
     24.054   65.78204 -168.84206     2.8844    32.8083    1459.46  0.000e+00
     24.092   65.78204 -168.84206     2.8880    32.8105    1459.48  0.000e+00
     24.115   65.78204 -168.84206     2.8914    32.8146    1459.50  0.000e+00
     24.154   65.78204 -168.84206     2.8948    32.8173    1459.52  0.000e+00
     24.208   65.78204 -168.84206     2.8980    32.8192    1459.54  0.000e+00
     24.169   65.78204 -168.84206     2.9015    32.8221    1459.55  0.000e+00
     24.208   65.78204 -168.84206     2.9050    32.8263    1459.58  0.000e+00
     24.285   65.78204 -168.84206     2.9091    32.8323    1459.60  0.000e+00
     24.270   65.78204 -168.84206     2.9141    32.8393    1459.63  0.000e+00
     24.285   65.78204 -168.84206     2.9196    32.8457    1459.66  0.000e+00
     24.324   65.78204 -168.84206     2.9255    32.8502    1459.70  0.000e+00
     24.401   65.78204 -168.84206     2.9314    32.8534    1459.73  0.000e+00
     24.385   65.78204 -168.84206     2.9369    32.8571    1459.76  0.000e+00
     24.339   65.78204 -168.84206     2.9420    32.8598    1459.78  0.000e+00
     24.493   65.78204 -168.84206     2.9471    32.8606    1459.81  0.000e+00
     24.455   65.78204 -168.84206     2.9516    32.8613    1459.83  0.000e+00
     24.439   65.78204 -168.84206     2.9557    32.8627    1459.84  0.000e+00
     24.516   65.78204 -168.84206     2.9596    32.8639    1459.86  0.000e+00
     24.555   65.78204 -168.84206     2.9628    32.8659    1459.88  0.000e+00
     24.570   65.78204 -168.84206     2.9662    32.8673    1459.90  0.000e+00
     24.609   65.78204 -168.84206     2.9691    32.8680    1459.91  0.000e+00
     24.632   65.78204 -168.84206     2.9714    32.8687    1459.92  0.000e+00
     24.609   65.78204 -168.84206     2.9739    32.8688    1459.93  0.000e+00
     24.686   65.78204 -168.84206     2.9757    32.8702    1459.94  0.000e+00
     24.725   65.78204 -168.84206     2.9779    32.8719    1459.96  0.000e+00
     24.740   65.78204 -168.84206     2.9801    32.8739    1459.97  0.000e+00
     24.725   65.78204 -168.84206     2.9824    32.8758    1459.98  0.000e+00
     24.802   65.78204 -168.84206     2.9847    32.8773    1459.99  0.000e+00
     24.840   65.78204 -168.84206     2.9868    32.8789    1460.01  0.000e+00
     24.802   65.78204 -168.84206     2.9893    32.8804    1460.02  0.000e+00
     24.894   65.78204 -168.84206     2.9916    32.8818    1460.03  0.000e+00
     24.918   65.78204 -168.84206     2.9938    32.8829    1460.04  0.000e+00
     24.894   65.78204 -168.84206     2.9960    32.8840    1460.05  0.000e+00
     24.972   65.78204 -168.84206     2.9982    32.8852    1460.07  0.000e+00
     24.956   65.78204 -168.84206     3.0003    32.8864    1460.08  0.000e+00
     25.033   65.78204 -168.84206     3.0023    32.8872    1460.09  0.000e+00
     25.010   65.78204 -168.84206     3.0042    32.8874    1460.09  0.000e+00
     25.087   65.78204 -168.84206     3.0060    32.8880    1460.10  0.000e+00
     25.072   65.78204 -168.84206     3.0076    32.8880    1460.11  0.000e+00
     25.141   65.78204 -168.84206     3.0088    32.8884    1460.12  0.000e+00
     25.126   65.78204 -168.84206     3.0103    32.8890    1460.12  0.000e+00
     25.141   65.78204 -168.84206     3.0116    32.8900    1460.13  0.000e+00
     25.188   65.78204 -168.84206     3.0130    32.8909    1460.14  0.000e+00
     25.257   65.78204 -168.84206     3.0143    32.8917    1460.15  0.000e+00
     25.241   65.78204 -168.84206     3.0157    32.8920    1460.15  0.000e+00
     25.257   65.78204 -168.84206     3.0170    32.8925    1460.16  0.000e+00
     25.295   65.78204 -168.84206     3.0181    32.8930    1460.17  0.000e+00
     25.319   65.78204 -168.84206     3.0192    32.8939    1460.17  0.000e+00
     25.357   65.78204 -168.84206     3.0201    32.8943    1460.18  0.000e+00
     25.373   65.78204 -168.84206     3.0214    32.8946    1460.18  0.000e+00
     25.411   65.78204 -168.84206     3.0223    32.8951    1460.19  0.000e+00
     25.373   65.78204 -168.84206     3.0233    32.8954    1460.19  0.000e+00
     25.473   65.78204 -168.84206     3.0239    32.8958    1460.20  0.000e+00
     25.488   65.78204 -168.84206     3.0252    32.8959    1460.20  0.000e+00
     25.473   65.78204 -168.84206     3.0258    32.8957    1460.21  0.000e+00
     25.542   65.78204 -168.84206     3.0265    32.8961    1460.21  0.000e+00
     25.527   65.78204 -168.84206     3.0271    32.8965    1460.21  0.000e+00
     25.542   65.78204 -168.84206     3.0278    32.8961    1460.22  0.000e+00
     25.589   65.78204 -168.84206     3.0281    32.8967    1460.22  0.000e+00
     25.658   65.78204 -168.84206     3.0286    32.8967    1460.22  0.000e+00
     25.589   65.78204 -168.84206     3.0292    32.8966    1460.22  0.000e+00
     25.658   65.78204 -168.84206     3.0294    32.8962    1460.22  0.000e+00
     25.643   65.78204 -168.84206     3.0299    32.8964    1460.23  0.000e+00
     25.720   65.78204 -168.84206     3.0299    32.8963    1460.23  0.000e+00
     25.758   65.78204 -168.84206     3.0304    32.8962    1460.23  0.000e+00
     25.720   65.78204 -168.84206     3.0302    32.8967    1460.23  0.000e+00
     25.758   65.78204 -168.84206     3.0307    32.8963    1460.23  0.000e+00
     25.774   65.78204 -168.84206     3.0306    32.8968    1460.23  0.000e+00
     25.812   65.78204 -168.84206     3.0309    32.8968    1460.23  0.000e+00
     25.828   65.78204 -168.84206     3.0313    32.8967    1460.24  0.000e+00
     25.812   65.78204 -168.84206     3.0313    32.8969    1460.24  0.000e+00
     25.828   65.78204 -168.84206     3.0314    32.8968    1460.24  0.000e+00
     25.928   65.78204 -168.84206     3.0311    32.8974    1460.24  0.000e+00
     25.828   65.78204 -168.84206     3.0317    32.8964    1460.24  0.000e+00
     25.928   65.78204 -168.84206     3.0317    32.8972    1460.24  0.000e+00
     25.943   65.78204 -168.84206     3.0316    32.8974    1460.24  0.000e+00
     25.928   65.78204 -168.84206     3.0319    32.8969    1460.24  0.000e+00
     25.943   65.78204 -168.84206     3.0319    32.8974    1460.24  0.000e+00
     26.044   65.78204 -168.84206     3.0322    32.8974    1460.24  0.000e+00
     25.943   65.78204 -168.84206     3.0321    32.8975    1460.24  0.000e+00
     26.044   65.78204 -168.84206     3.0323    32.8973    1460.24  0.000e+00
     26.005   65.78204 -168.84206     3.0325    32.8978    1460.25  0.000e+00
     26.059   65.78204 -168.84206     3.0324    32.8979    1460.25  0.000e+00
     26.044   65.78204 -168.84206     3.0328    32.8979    1460.25  0.000e+00
     26.121   65.78204 -168.84206     3.0328    32.8979    1460.25  0.000e+00
     26.105   65.78204 -168.84206     3.0329    32.8981    1460.25  0.000e+00
     26.121   65.78204 -168.84206     3.0333    32.8980    1460.25  0.000e+00
     26.105   65.78204 -168.84206     3.0333    32.8983    1460.25  0.000e+00
     26.121   65.78204 -168.84206     3.0334    32.8984    1460.25  0.000e+00
     26.159   65.78204 -168.84206     3.0334    32.8983    1460.25  0.000e+00
     26.175   65.78204 -168.84206     3.0336    32.8986    1460.25  0.000e+00
     26.159   65.78204 -168.84206     3.0336    32.8985    1460.25  0.000e+00
     26.175   65.78204 -168.84206     3.0336    32.8985    1460.25  0.000e+00
     26.213   65.78204 -168.84206     3.0339    32.8989    1460.26  0.000e+00
     26.229   65.78204 -168.84206     3.0339    32.8985    1460.26  0.000e+00
     26.213   65.78204 -168.84206     3.0342    32.8981    1460.26  0.000e+00
     26.290   65.78204 -168.84206     3.0341    32.8985    1460.26  0.000e+00
     26.275   65.78204 -168.84206     3.0341    32.8986    1460.26  0.000e+00
     26.229   65.78204 -168.84206     3.0342    32.8987    1460.26  0.000e+00
     26.329   65.78204 -168.84206     3.0343    32.8986    1460.26  0.000e+00
     26.290   65.78204 -168.84206     3.0344    32.8988    1460.26  0.000e+00
     26.329   65.78204 -168.84206     3.0346    32.8986    1460.26  0.000e+00
     26.290   65.78204 -168.84206     3.0348    32.8989    1460.26  0.000e+00
     26.391   65.78204 -168.84206     3.0346    32.8992    1460.26  0.000e+00
     26.344   65.78204 -168.84206     3.0348    32.8992    1460.26  0.000e+00
     26.344   65.78204 -168.84206     3.0349    32.8989    1460.26  0.000e+00
     26.391   65.78204 -168.84206     3.0346    32.8997    1460.26  0.000e+00
     26.406   65.78204 -168.84206     3.0350    32.8991    1460.26  0.000e+00
     26.445   65.78204 -168.84206     3.0351    32.8994    1460.27  0.000e+00
     26.406   65.78204 -168.84206     3.0350    32.8996    1460.27  0.000e+00
     26.445   65.78204 -168.84206     3.0353    32.8992    1460.27  0.000e+00
     26.406   65.78204 -168.84206     3.0353    32.8995    1460.27  0.000e+00
     26.506   65.78204 -168.84206     3.0356    32.8992    1460.27  0.000e+00
     26.460   65.78204 -168.84206     3.0356    32.8993    1460.27  0.000e+00
     26.506   65.78204 -168.84206     3.0355    32.8994    1460.27  0.000e+00
     26.576   65.78204 -168.84206     3.0356    32.8996    1460.27  0.000e+00
     26.506   65.78204 -168.84206     3.0357    32.8996    1460.27  0.000e+00
     26.576   65.78204 -168.84206     3.0360    32.8999    1460.27  0.000e+00
     26.506   65.78204 -168.84206     3.0361    32.8998    1460.27  0.000e+00
     26.576   65.78204 -168.84206     3.0361    32.9001    1460.27  0.000e+00
     26.614   65.78204 -168.84206     3.0364    32.9000    1460.28  0.000e+00
     26.630   65.78204 -168.84206     3.0364    32.9005    1460.28  0.000e+00
     26.630   65.78204 -168.84206     3.0367    32.9003    1460.28  0.000e+00
     26.614   65.78204 -168.84206     3.0368    32.9005    1460.28  0.000e+00
     26.691   65.78204 -168.84206     3.0373    32.9005    1460.28  0.000e+00
     26.676   65.78204 -168.84206     3.0372    32.9012    1460.28  0.000e+00
     26.691   65.78204 -168.84206     3.0375    32.9012    1460.28  0.000e+00
     26.730   65.78204 -168.84206     3.0378    32.9011    1460.28  0.000e+00
     26.691   65.78204 -168.84206     3.0380    32.9011    1460.28  0.000e+00
     26.792   65.78204 -168.84206     3.0383    32.9008    1460.29  0.000e+00
     26.745   65.78204 -168.84206     3.0386    32.9009    1460.29  0.000e+00
     26.792   65.78204 -168.84206     3.0388    32.9011    1460.29  0.000e+00
     26.861   65.78204 -168.84206     3.0391    32.9012    1460.29  0.000e+00
     26.846   65.78204 -168.84206     3.0392    32.9010    1460.29  0.000e+00
     26.861   65.78204 -168.84206     3.0395    32.9005    1460.29  0.000e+00
     26.846   65.78204 -168.84206     3.0394    32.9012    1460.29  0.000e+00
     26.923   65.78204 -168.84206     3.0397    32.9013    1460.30  0.000e+00
     26.923   65.78204 -168.84206     3.0399    32.9018    1460.30  0.000e+00
     26.961   65.78204 -168.84206     3.0400    32.9017    1460.30  0.000e+00
     26.977   65.78204 -168.84206     3.0403    32.9022    1460.30  0.000e+00
     26.961   65.78204 -168.84206     3.0407    32.9025    1460.30  0.000e+00
     27.031   65.78204 -168.84206     3.0412    32.9024    1460.31  0.000e+00
     27.077   65.78204 -168.84206     3.0416    32.9021    1460.31  0.000e+00
     27.031   65.78204 -168.84206     3.0421    32.9018    1460.31  0.000e+00
     27.131   65.78204 -168.84206     3.0424    32.9022    1460.31  0.000e+00
     27.093   65.78204 -168.84206     3.0424    32.9028    1460.31  0.000e+00
     27.131   65.78204 -168.84206     3.0429    32.9029    1460.32  0.000e+00
     27.147   65.78204 -168.84206     3.0432    32.9028    1460.32  0.000e+00
     27.193   65.78204 -168.84206     3.0433    32.9032    1460.32  0.000e+00
     27.208   65.78204 -168.84206     3.0438    32.9027    1460.32  0.000e+00
     27.262   65.78204 -168.84206     3.0438    32.9028    1460.32  0.000e+00
     27.247   65.78204 -168.84206     3.0439    32.9026    1460.32  0.000e+00
     27.262   65.78204 -168.84206     3.0443    32.9028    1460.32  0.000e+00
     27.363   65.78204 -168.84206     3.0443    32.9029    1460.32  0.000e+00
     27.316   65.78204 -168.84206     3.0447    32.9027    1460.33  0.000e+00
     27.363   65.78204 -168.84206     3.0449    32.9030    1460.33  0.000e+00
     27.378   65.78204 -168.84206     3.0449    32.9034    1460.33  0.000e+00
     27.417   65.78204 -168.84206     3.0452    32.9038    1460.33  0.000e+00
     27.432   65.78204 -168.84206     3.0457    32.9037    1460.33  0.000e+00
     27.478   65.78204 -168.84206     3.0459    32.9040    1460.34  0.000e+00
     27.494   65.78204 -168.84206     3.0462    32.9042    1460.34  0.000e+00
