EcoFOCI/data/1_SampleCollection/2023_SikuliaqDBO_CruiseData/CTD_raw_BottleFile_SKQ23-12S/proc/skq202312s_042.cnv
* Sea-Bird SBE 9 Data File:
* FileName = D:\CTD\SKQ202312S\SKQ202312S_042.hex
* Software Version Seasave V 7.26.7.121
* Temperature SN = 6177
* Conductivity SN = 0369
* Number of Bytes Per Scan = 41
* Number of Voltage Words = 4
* Number of Scans Averaged by the Deck Unit = 1
* NMEA Latitude = 71 27.22 N
* NMEA Longitude = 161 02.26 W
* NMEA UTC (Time) = Sep 24 2023  04:51:21
* NMEA baud rate = 4800
** Ship: R/V Sikuliaq
** Station Number: 042
** Station Name: DBO4.3n
** Bottom Depth: 47
** Operator: SD
# nquan = 24
# nvalues = 5011                                  
# units = specified
# name 0 = depSM: Depth [salt water, m]
# name 1 = latitude: Latitude [deg]
# name 2 = longitude: Longitude [deg]
# name 3 = prDM: Pressure, Digiquartz [db]
# name 4 = t090C: Temperature [ITS-90, deg C]
# name 5 = t190C: Temperature, 2 [ITS-90, deg C]
# name 6 = potemp090C: Potential Temperature [ITS-90, deg C]
# name 7 = sal00: Salinity, Practical [PSU]
# name 8 = sal11: Salinity, Practical, 2 [PSU]
# name 9 = density00: Density [density, kg/m^3]
# name 10 = sigma-é00: Density [sigma-theta, kg/m^3]
# name 11 = sbox0Mm/Kg: Oxygen, SBE 43 [umol/kg]
# name 12 = sbox1Mm/Kg: Oxygen, SBE 43, 2 [umol/kg]
# name 13 = oxsolMm/Kg: Oxygen Saturation, Garcia & Gordon [umol/kg]
# name 14 = sbeox0PS: Oxygen, SBE 43 [% saturation]
# name 15 = sbeox1PS: Oxygen, SBE 43, 2 [% saturation]
# name 16 = v0: Voltage 0
# name 17 = flECO-AFL: Fluorescence, WET Labs ECO-AFL/FL [mg/m^3]
# name 18 = v1: Voltage 1
# name 19 = CStarAt0: Beam Attenuation, WET Labs C-Star [1/m]
# name 20 = par: PAR/Irradiance, Biospherical/Licor
# name 21 = scan: Scan Count
# name 22 = timeM: Time, Elapsed [minutes]
# name 23 = flag:  0.000e+00
# span 0 =      2.349,     41.855                 
# span 1 =   71.45354,   71.45358                 
# span 2 = -161.03786, -161.03778                 
# span 3 =      2.373,     42.291                 
# span 4 =    -1.6139,     2.1756                 
# span 5 =    -1.6127,     2.1767                 
# span 6 =    -1.6146,     2.1751                 
# span 7 =    27.2189,    32.6070                 
# span 8 =    27.2257,    32.6184                 
# span 9 =  1021.7458,  1026.4346                 
# span 10 =    21.7342,    26.2311                
# span 11 =    258.177,    475.370                
# span 12 =    244.449,    448.275                
# span 13 =  348.74348,  370.06334                
# span 14 =     69.775,    131.631                
# span 15 =     66.067,    123.187                
# span 16 =     0.0842,     0.9316                
# span 17 =     0.1575,     5.2417                
# span 18 =     2.3895,     4.1758                
# span 19 =     0.4835,     2.7173                
# span 20 = 1.0000e-12, 2.2500e+00                
# span 21 =          1,       5011                
# span 22 =     0.0000,     3.4792                
# span 23 = 0.0000e+00, 0.0000e+00                
# interval = seconds: 0.0416667
# start_time = Sep 24 2023 04:55:17 [NMEA time, first data scan]
# bad_flag = -9.990e-29
*END*
[from data line 4468]
     41.740   71.45354 -161.03784     42.175    -1.5944    -1.6024    -1.5951    32.5935    32.6120  1026.4235    26.2198    266.893    251.615  369.89385     72.154     68.019     0.1111     0.3187     2.6520     2.3002 1.0000e-12       4469     3.1028  0.000e+00
     41.740   71.45354 -161.03784     42.175    -1.5948    -1.6030    -1.5956    32.5931    32.6120  1026.4232    26.2194    266.856    251.581  369.89963     72.143     68.009     0.1123     0.3260     2.6508     2.3020 8.4714e-06       4470     3.1035  0.000e+00
     41.740   71.45354 -161.03784     42.175    -1.5959    -1.6034    -1.5967    32.5938    32.6121  1026.4237    26.2200    266.820    251.581  369.90858     72.131     68.008     0.1123     0.3260     2.6520     2.3002 1.0000e-12       4471     3.1042  0.000e+00
     41.740   71.45354 -161.03784     42.175    -1.5968    -1.6030    -1.5975    32.5943    32.6121  1026.4242    26.2205    266.781    251.541  369.91558     72.119     67.998     0.1111     0.3187     2.6520     2.3002 1.0000e-12       4472     3.1049  0.000e+00
     41.740   71.45354 -161.03784     42.175    -1.5976    -1.6025    -1.5984    32.5951    32.6118  1026.4248    26.2211    266.791    251.535  369.92208     72.121     67.997     0.1123     0.3260     2.6520     2.3002 1.0000e-12       4473     3.1056  0.000e+00
     41.740   71.45354 -161.03784     42.175    -1.5983    -1.6016    -1.5991    32.5960    32.6108  1026.4256    26.2219    267.059    251.495  369.92627     72.192     67.987     0.1111     0.3187     2.6520     2.3002 1.0000e-12       4474     3.1063  0.000e+00
     41.801   71.45354 -161.03784     42.237    -1.5983    -1.6001    -1.5991    32.5956    32.6094  1026.4256    26.2216    266.594    251.453  369.92739     72.067     67.978     0.1123     0.3260     2.6337     2.3279 1.0000e-12       4475     3.1069  0.000e+00
     41.740   71.45354 -161.03784     42.175    -1.5981    -1.5989    -1.5988    32.5951    32.6084  1026.4249    26.2211    266.545    251.408  369.92608     72.054     67.967     0.1111     0.3187     2.6129     2.3596 1.0000e-12       4476     3.1076  0.000e+00
     41.794   71.45354 -161.03784     42.229    -1.5979    -1.5981    -1.5986    32.5952    32.6081  1026.4252    26.2212    265.982    251.403  369.92412     71.902     67.967     0.1123     0.3260     2.6093     2.3652 1.0000e-12       4477     3.1083  0.000e+00
     41.740   71.45354 -161.03784     42.175    -1.5981    -1.5980    -1.5988    32.5950    32.6079  1026.4248    26.2211    266.832    251.171  369.92621     72.131     67.905     0.1111     0.3187     2.6105     2.3633 8.4714e-06       4478     3.1090  0.000e+00
     41.801   71.45354 -161.03784     42.237    -1.5982    -1.5981    -1.5989    32.5952    32.6082  1026.4253    26.2212    266.893    251.340  369.92685     72.147     67.950     0.1123     0.3260     2.6105     2.3633 1.0000e-12       4479     3.1097  0.000e+00
     41.740   71.45354 -161.03784     42.175    -1.5985    -1.5979    -1.5993    32.5954    32.6078  1026.4251    26.2214    266.690    251.306  369.92984     72.092     67.941     0.1111     0.3187     2.6117     2.3614 1.0000e-12       4480     3.1104  0.000e+00
     41.801   71.45354 -161.03784     42.237    -1.5983    -1.5979    -1.5991    32.5954    32.6077  1026.4254    26.2214    266.697    251.541  369.92815     72.094     68.005     0.1123     0.3260     2.6105     2.3633 8.4714e-06       4481     3.1111  0.000e+00
     41.801   71.45354 -161.03784     42.237    -1.5985    -1.5983    -1.5993    32.5957    32.6084  1026.4257    26.2216    266.911    251.348  369.92894     72.152     67.952     0.1111     0.3187     2.6117     2.3614 1.0000e-12       4482     3.1118  0.000e+00
     41.740   71.45354 -161.03784     42.175    -1.5983    -1.5981    -1.5991    32.5955    32.6081  1026.4252    26.2215    266.700    251.383  369.92766     72.095     67.962     0.1123     0.3260     2.6117     2.3614 1.0000e-12       4483     3.1125  0.000e+00
     41.794   71.45354 -161.03784     42.229    -1.5986    -1.5983    -1.5994    32.5959    32.6082  1026.4258    26.2218    266.706    251.426  369.92946     72.096     67.973     0.1111     0.3187     2.6105     2.3633 8.4714e-06       4484     3.1132  0.000e+00
     41.801   71.45354 -161.03784     42.237    -1.5991    -1.5988    -1.5998    32.5961    32.6091  1026.4260    26.2220    266.712    251.437  369.93349     72.097     67.976     0.1123     0.3260     2.6105     2.3633 1.0000e-12       4485     3.1139  0.000e+00
     41.801   71.45354 -161.03784     42.237    -1.5996    -1.5983    -1.6003    32.5970    32.6085  1026.4267    26.2227    266.716    251.446  369.93561     72.098     67.979     0.1111     0.3187     2.6117     2.3614 1.0000e-12       4486     3.1146  0.000e+00
     41.801   71.45354 -161.03784     42.237    -1.5997    -1.5977    -1.6005    32.5971    32.6079  1026.4268    26.2228    266.719    251.454  369.93703     72.099     67.982     0.1111     0.3187     2.6117     2.3614 1.0000e-12       4487     3.1153  0.000e+00
     41.801   71.45354 -161.03784     42.237    -1.5993    -1.5974    -1.6000    32.5966    32.6072  1026.4264    26.2224    265.939    251.433  369.93378     71.888     67.976     0.1111     0.3187     2.6105     2.3633 1.0000e-12       4488     3.1160  0.000e+00
     41.801   71.45354 -161.03784     42.237    -1.5991    -1.5972    -1.5998    32.5966    32.6072  1026.4264    26.2224    266.524    251.445  369.93210     72.047     67.980     0.1111     0.3187     2.6105     2.3633 8.4714e-06       4489     3.1167  0.000e+00
     41.801   71.45354 -161.03784     42.237    -1.5987    -1.5970    -1.5995    32.5962    32.6065  1026.4261    26.2221    266.528    251.426  369.92962     72.048     67.975     0.1123     0.3260     2.6117     2.3614 1.0000e-12       4490     3.1174  0.000e+00
     41.794   71.45354 -161.03784     42.229    -1.5983    -1.5972    -1.5991    32.5955    32.6071  1026.4255    26.2215    266.532    251.441  369.92763     72.050     67.979     0.1123     0.3260     2.6117     2.3614 8.4714e-06       4491     3.1181  0.000e+00
     41.801   71.45354 -161.03784     42.237    -1.5983    -1.5977    -1.5991    32.5963    32.6076  1026.4261    26.2221    266.537    251.427  369.92550     72.051     67.974     0.1123     0.3260     2.6105     2.3633 8.4714e-06       4492     3.1187  0.000e+00
     41.801   71.45354 -161.03784     42.237    -1.5977    -1.5980    -1.5985    32.5954    32.6078  1026.4254    26.2214    266.799    251.445  369.92157     72.123     67.979     0.1111     0.3187     2.6117     2.3614 1.0000e-12       4493     3.1194  0.000e+00
     41.801   71.45354 -161.03784     42.237    -1.5974    -1.5979    -1.5982    32.5950    32.6079  1026.4251    26.2211    266.592    251.461  369.91987     72.067     67.983     0.1123     0.3260     2.6105     2.3633 1.0000e-12       4494     3.1201  0.000e+00
     41.740   71.45354 -161.03784     42.175    -1.5971    -1.5984    -1.5979    32.5951    32.6084  1026.4249    26.2211    266.591    251.481  369.91679     72.068     67.988     0.1111     0.3187     2.5995     2.3802 1.0000e-12       4495     3.1208  0.000e+00
     41.801   71.45354 -161.03784     42.237    -1.5976    -1.5991    -1.5983    32.5958    32.6087  1026.4257    26.2217    266.860    251.474  369.91940     72.140     67.985     0.1111     0.3187     2.5788     2.4123 1.0000e-12       4496     3.1215  0.000e+00
     41.801   71.45354 -161.03784     42.237    -1.5976    -1.5989    -1.5983    32.5956    32.6084  1026.4255    26.2215    266.912    251.494  369.92003     72.154     67.990     0.1099     0.3113     2.5739     2.4199 1.0000e-12       4497     3.1222  0.000e+00
     41.794   71.45354 -161.03784     42.229    -1.5986    -1.5998    -1.5994    32.5964    32.6092  1026.4262    26.2222    266.709    251.521  369.92794     72.098     67.997     0.1111     0.3187     2.5739     2.4199 1.0000e-12       4498     3.1229  0.000e+00
     41.801   71.45354 -161.03784     42.237    -1.5990    -1.6009    -1.5997    32.5971    32.6103  1026.4268    26.2228    266.711    251.550  369.92942     72.098     68.003     0.1099     0.3113     2.5751     2.4180 1.0000e-12       4499     3.1236  0.000e+00
     41.801   71.45354 -161.03784     42.237    -1.5997    -1.6002    -1.6005    32.5975    32.6101  1026.4271    26.2231    266.716    251.570  369.93577     72.098     68.009     0.1099     0.3113     2.5751     2.4180 1.0000e-12       4500     3.1243  0.000e+00
     41.801   71.45354 -161.03784     42.237    -1.6011    -1.6001    -1.6019    32.5992    32.6094  1026.4286    26.2246    266.724    251.562  369.94453     72.098     68.007     0.1099     0.3113     2.5751     2.4180 1.0000e-12       4501     3.1250  0.000e+00
     41.801   71.45354 -161.03784     42.237    -1.6019    -1.6006    -1.6026    32.6000    32.6101  1026.4292    26.2252    266.729    251.556  369.94987     72.099     68.005     0.1099     0.3113     2.5751     2.4180 1.0000e-12       4502     3.1257  0.000e+00
     41.740   71.45354 -161.03784     42.175    -1.6014    -1.6001    -1.6021    32.5998    32.6100  1026.4288    26.2250    266.723    251.543  369.94574     72.098     68.002     0.1099     0.3113     2.5751     2.4180 8.4714e-06       4503     3.1264  0.000e+00
     41.801   71.45354 -161.03784     42.237    -1.6006    -1.5997    -1.6014    32.5989    32.6099  1026.4283    26.2243    266.721    251.567  369.94077     72.098     68.010     0.1099     0.3113     2.5751     2.4180 1.0000e-12       4504     3.1271  0.000e+00
     41.794   71.45354 -161.03784     42.229    -1.5996    -1.5992    -1.6003    32.5977    32.6100  1026.4273    26.2233    266.714    251.590  369.93345     72.098     68.017     0.1099     0.3113     2.5751     2.4180 1.0000e-12       4505     3.1278  0.000e+00
     41.740   71.45354 -161.03784     42.175    -1.5991    -1.5988    -1.5998    32.5976    32.6097  1026.4269    26.2232    266.708    251.613  369.92908     72.097     68.024     0.1111     0.3187     2.5739     2.4199 1.0000e-12       4506     3.1285  0.000e+00
     41.801   71.45354 -161.03784     42.237    -1.5981    -1.5993    -1.5989    32.5968    32.6103  1026.4265    26.2225    266.704    251.648  369.92166     72.097     68.032     0.1099     0.3113     2.5751     2.4180 1.0000e-12       4507     3.1292  0.000e+00
     41.740   71.45354 -161.03784     42.174    -1.5970    -1.6007    -1.5977    32.5957    32.6116  1026.4253    26.2216    266.694    251.685  369.91335     72.096     68.041     0.1099     0.3113     2.5751     2.4180 1.0000e-12       4508     3.1299  0.000e+00
     41.801   71.45354 -161.03784     42.237    -1.5964    -1.6025    -1.5971    32.5948    32.6129  1026.4249    26.2209    266.746    251.962  369.91018     72.111     68.113     0.1111     0.3187     2.5751     2.4180 1.0000e-12       4509     3.1306  0.000e+00
     41.740   71.45354 -161.03784     42.174    -1.5965    -1.6020    -1.5972    32.5947    32.6121  1026.4245    26.2208    266.747    251.758  369.91161     72.111     68.058     0.1099     0.3113     2.5751     2.4180 8.4714e-06       4510     3.1313  0.000e+00
     41.740   71.45354 -161.03784     42.174    -1.5968    -1.6013    -1.5975    32.5946    32.6115  1026.4245    26.2207    267.011    251.752  369.91470     72.182     68.058     0.1111     0.3187     2.5751     2.4180 1.0000e-12       4511     3.1319  0.000e+00
     41.794   71.45354 -161.03784     42.229    -1.5971    -1.6006    -1.5979    32.5952    32.6109  1026.4252    26.2212    266.805    251.748  369.91651     72.126     68.058     0.1099     0.3113     2.5751     2.4180 1.0000e-12       4512     3.1326  0.000e+00
     41.740   71.45354 -161.03784     42.174    -1.5979    -1.6002    -1.5986    32.5957    32.6106  1026.4254    26.2216    266.808    251.743  369.92251     72.125     68.057     0.1111     0.3187     2.5751     2.4180 1.0000e-12       4513     3.1333  0.000e+00
     41.740   71.45354 -161.03784     42.174    -1.5979    -1.6006    -1.5986    32.5961    32.6108  1026.4257    26.2220    266.807    251.744  369.92137     72.125     68.056     0.1099     0.3113     2.5751     2.4180 1.0000e-12       4514     3.1340  0.000e+00
     41.740   71.45354 -161.03784     42.174    -1.5971    -1.6006    -1.5979    32.5956    32.6106  1026.4252    26.2215    266.802    251.743  369.91540     72.125     68.056     0.1111     0.3187     2.5702     2.4256 1.0000e-12       4515     3.1347  0.000e+00
     41.740   71.45354 -161.03784     42.174    -1.5962    -1.6004    -1.5970    32.5948    32.6102  1026.4246    26.2209    267.056    251.741  369.90839     72.195     68.056     0.1099     0.3113     2.5531     2.4523 1.0000e-12       4516     3.1354  0.000e+00
     41.740   71.45354 -161.03784     42.174    -1.5957    -1.6010    -1.5965    32.5940    32.6111  1026.4239    26.2202    266.842    251.743  369.90627     72.138     68.055     0.1111     0.3187     2.5458     2.4638 8.4714e-06       4517     3.1361  0.000e+00
     41.686   71.45354 -161.03784     42.120    -1.5955    -1.6009    -1.5962    32.5937    32.6110  1026.4234    26.2199    266.836    251.739  369.90434     72.136     68.054     0.1099     0.3113     2.5458     2.4638 1.0000e-12       4518     3.1368  0.000e+00
     41.740   71.45354 -161.03784     42.174    -1.5953    -1.6001    -1.5960    32.5936    32.6104  1026.4235    26.2198    266.834    251.964  369.90289     72.136     68.117     0.1099     0.3113     2.5470     2.4619 8.4714e-06       4519     3.1375  0.000e+00
     41.740   71.45354 -161.03784     42.174    -1.5951    -1.6009    -1.5959    32.5934    32.6111  1026.4234    26.2197    267.091    251.769  369.90159     72.206     68.063     0.1099     0.3113     2.5470     2.4619 1.0000e-12       4520     3.1382  0.000e+00
     41.740   71.45354 -161.03784     42.174    -1.5950    -1.6015    -1.5957    32.5933    32.6119  1026.4233    26.2196    266.616    251.999  369.90080     72.078     68.124     0.1111     0.3187     2.5470     2.4619 1.0000e-12       4521     3.1389  0.000e+00
     41.686   71.45354 -161.03784     42.120    -1.5945    -1.6025    -1.5952    32.5931    32.6124  1026.4229    26.2194    266.559    252.033  369.89618     72.063     68.132     0.1136     0.3333     2.5470     2.4619 1.0000e-12       4522     3.1396  0.000e+00
     41.740   71.45354 -161.03784     42.174    -1.5945    -1.6029    -1.5953    32.5925    32.6123  1026.4226    26.2189    266.564    252.065  369.89856     72.064     68.140     0.1172     0.3553     2.5470     2.4619 1.0000e-12       4523     3.1403  0.000e+00
     41.686   71.45354 -161.03784     42.120    -1.5942    -1.6033    -1.5949    32.5910    32.6124  1026.4211    26.2177    266.984    252.092  369.89952     72.178     68.146     0.1160     0.3480     2.5470     2.4619 8.4714e-06       4524     3.1410  0.000e+00
     41.686   71.45354 -161.03784     42.120    -1.5942    -1.6038    -1.5949    32.5905    32.6128  1026.4207    26.2173    266.724    252.119  369.90103     72.107     68.153     0.1172     0.3553     2.5470     2.4619 1.0000e-12       4525     3.1417  0.000e+00
     41.740   71.45354 -161.03784     42.174    -1.5937    -1.6041    -1.5945    32.5891    32.6134  1026.4199    26.2162    266.567    252.145  369.90040     72.064     68.160     0.1160     0.3480     2.5470     2.4619 1.0000e-12       4526     3.1424  0.000e+00
     41.686   71.45354 -161.03784     42.120    -1.5939    -1.6047    -1.5946    32.5892    32.6142  1026.4197    26.2162    266.610    251.904  369.90185     72.076     68.094     0.1172     0.3553     2.5470     2.4619 1.0000e-12       4527     3.1431  0.000e+00
     41.686   71.45354 -161.03784     42.120    -1.5939    -1.6051    -1.5946    32.5892    32.6147  1026.4197    26.2163    266.655    251.895  369.90173     72.088     68.091     0.1172     0.3553     2.5470     2.4619 1.0000e-12       4528     3.1437  0.000e+00
