EcoFOCI/data/1_SampleCollection/2023_SikuliaqDBO_CruiseData/CTD_raw_BottleFile_SKQ23-12S/proc/skq202312s_082.cnv
* Sea-Bird SBE 9 Data File:
* FileName = D:\CTD\SKQ202312S\SKQ202312S_082.hex
* Software Version Seasave V 7.26.7.121
* Temperature SN = 6177
* Conductivity SN = 0369
* Number of Bytes Per Scan = 41
* Number of Voltage Words = 4
* Number of Scans Averaged by the Deck Unit = 1
* NMEA Latitude = 65 40.20 N
* NMEA Longitude = 168 22.04 W
* NMEA UTC (Time) = Oct 03 2023  09:48:47
* NMEA baud rate = 4800
** Ship: R/V Sikuliaq
** Station Number: 082
** Station Name: BS3
** Bottom Depth: 54
** Operator: SD
# nquan = 24
# nvalues = 4335                                  
# units = specified
# name 0 = depSM: Depth [salt water, m]
# name 1 = latitude: Latitude [deg]
# name 2 = longitude: Longitude [deg]
# name 3 = prDM: Pressure, Digiquartz [db]
# name 4 = t090C: Temperature [ITS-90, deg C]
# name 5 = t190C: Temperature, 2 [ITS-90, deg C]
# name 6 = potemp090C: Potential Temperature [ITS-90, deg C]
# name 7 = sal00: Salinity, Practical [PSU]
# name 8 = sal11: Salinity, Practical, 2 [PSU]
# name 9 = density00: Density [density, kg/m^3]
# name 10 = sigma-é00: Density [sigma-theta, kg/m^3]
# name 11 = sbox0Mm/Kg: Oxygen, SBE 43 [umol/kg]
# name 12 = sbox1Mm/Kg: Oxygen, SBE 43, 2 [umol/kg]
# name 13 = oxsolMm/Kg: Oxygen Saturation, Garcia & Gordon [umol/kg]
# name 14 = sbeox0PS: Oxygen, SBE 43 [% saturation]
# name 15 = sbeox1PS: Oxygen, SBE 43, 2 [% saturation]
# name 16 = v0: Voltage 0
# name 17 = flECO-AFL: Fluorescence, WET Labs ECO-AFL/FL [mg/m^3]
# name 18 = v1: Voltage 1
# name 19 = CStarAt0: Beam Attenuation, WET Labs C-Star [1/m]
# name 20 = par: PAR/Irradiance, Biospherical/Licor
# name 21 = scan: Scan Count
# name 22 = timeM: Time, Elapsed [minutes]
# name 23 = flag:  0.000e+00
# span 0 =      1.748,     47.513                 
# span 1 =   65.66982,   65.66992                 
# span 2 = -168.36854, -168.36790                 
# span 3 =      1.765,     47.991                 
# span 4 =     3.0148,     6.5091                 
# span 5 =     3.0152,     6.5102                 
# span 6 =     3.0130,     6.5081                 
# span 7 =    26.2911,    32.8800                 
# span 8 =    26.3032,    32.9084                 
# span 9 =  1020.6688,  1026.4015                 
# span 10 =    20.6565,    26.1912                
# span 11 =    245.087,    294.797                
# span 12 =    236.244,    281.753                
# span 13 =  305.14474,  327.68084                
# span 14 =     74.805,     92.588                
# span 15 =     72.113,     88.519                
# span 16 =     0.1160,     0.2930                
# span 17 =     0.3480,     1.4102                
# span 18 =     3.3248,     4.0537                
# span 19 =     0.6023,     1.3955                
# span 20 = 1.0000e-12, 5.6887e-01                
# span 21 =          1,       4335                
# span 22 =     0.0000,     3.0097                
# span 23 = 0.0000e+00, 0.0000e+00                
# interval = seconds: 0.0416667
# start_time = Oct 03 2023 09:52:12 [NMEA time, first data scan]
# bad_flag = -9.990e-29
*END*
[from data line 242]
      2.781   65.66992 -168.36794      2.809     6.2093     6.2108     6.2091    26.3702    26.4941  1020.7323    20.7192    293.905    281.258  318.50297     92.277     88.390     0.2686     1.2637     3.3639     1.3487 2.4762e-01        243     0.1681  0.000e+00
      2.781   65.66992 -168.36794      2.809     6.2093     6.2107     6.2091    26.3694    26.4964  1020.7317    20.7186    293.902    281.238  318.50467     92.275     88.385     0.2686     1.2637     3.3639     1.3487 2.6340e-01        244     0.1688  0.000e+00
      2.781   65.66992 -168.36794      2.809     6.2095     6.2108     6.2093    26.3682    26.5004  1020.7307    20.7176    294.102    281.212  318.50646     92.338     88.380     0.2698     1.2710     3.3639     1.3487 2.6881e-01        245     0.1694  0.000e+00
      2.835   65.66992 -168.36794      2.863     6.2095     6.2107     6.2093    26.3669    26.5022  1020.7299    20.7166    294.129    281.193  318.50959     92.345     88.375     0.2686     1.2637     3.3639     1.3487 2.7319e-01        246     0.1701  0.000e+00
      2.781   65.66992 -168.36794      2.809     6.2095     6.2110     6.2093    26.3662    26.5008  1020.7291    20.7160    293.947    281.171  318.51115     92.288     88.368     0.2711     1.2784     3.3639     1.3487 2.8663e-01        247     0.1708  0.000e+00
      2.835   65.66992 -168.36794      2.863     6.2095     6.2108     6.2093    26.3651    26.4995  1020.7286    20.7152    294.147    281.156  318.51363     92.350     88.362     0.2686     1.2637     3.3639     1.3487 2.9237e-01        248     0.1715  0.000e+00
      2.781   65.66992 -168.36794      2.809     6.2095     6.2110     6.2093    26.3640    26.5012  1020.7274    20.7143    294.168    281.126  318.51624     92.356     88.354     0.2698     1.2710     3.3639     1.3487 2.8892e-01        249     0.1722  0.000e+00
      2.835   65.66992 -168.36794      2.863     6.2095     6.2116     6.2093    26.3623    26.5041  1020.7263    20.7130    293.990    281.093  318.52033     92.299     88.346     0.2686     1.2637     3.3651     1.3473 2.7985e-01        250     0.1729  0.000e+00
      2.835   65.66992 -168.36794      2.863     6.2093     6.2115     6.2091    26.3620    26.5051  1020.7261    20.7127    293.982    281.065  318.52225     92.296     88.338     0.2698     1.2710     3.3639     1.3487 2.7651e-01        251     0.1736  0.000e+00
      2.835   65.66992 -168.36794      2.863     6.2093     6.2115     6.2091    26.3646    26.5026  1020.7281    20.7148    294.170    281.042  318.51611     92.356     88.329     0.2698     1.2710     3.3639     1.3487 2.7209e-01        252     0.1743  0.000e+00
      2.835   65.66992 -168.36794      2.863     6.2093     6.2115     6.2091    26.3705    26.4995  1020.7328    20.7195    294.175    281.039  318.50205     92.362     88.326     0.2698     1.2710     3.3639     1.3487 2.3948e-01        253     0.1750  0.000e+00
      2.835   65.66992 -168.36794      2.863     6.2093     6.2116     6.2091    26.3796    26.4988  1020.7399    20.7266    294.172    281.028  318.48080     92.367     88.323     0.2698     1.2710     3.3639     1.3487 2.2373e-01        254     0.1757  0.000e+00
      2.897   65.66992 -168.36794      2.926     6.2093     6.2116     6.2091    26.3916    26.4999  1020.7497    20.7360    294.164    280.997  318.45257     92.373     88.314     0.2686     1.2637     3.3626     1.3502 2.2277e-01        255     0.1764  0.000e+00
      2.835   65.66992 -168.36794      2.863     6.2093     6.2117     6.2091    26.4045    26.5009  1020.7596    20.7462    293.944    280.979  318.42212     92.313     88.309     0.2698     1.2710     3.3626     1.3502 2.2663e-01        256     0.1771  0.000e+00
      2.897   65.66992 -168.36794      2.926     6.2095     6.2118     6.2093    26.4165    26.5010  1020.7693    20.7557    294.108    280.967  318.39270     92.373     88.305     0.2686     1.2637     3.3626     1.3502 2.2857e-01        257     0.1778  0.000e+00
      2.835   65.66992 -168.36794      2.863     6.2093     6.2118     6.2091    26.4225    26.5029  1020.7737    20.7604    293.904    280.946  318.37992     92.312     88.300     0.2686     1.2637     3.3626     1.3502 2.2857e-01        258     0.1785  0.000e+00
      2.858   65.66992 -168.36794      2.887     6.2095     6.2115     6.2093    26.4194    26.5086  1020.7714    20.7579    293.895    280.922  318.38603     92.308     88.295     0.2686     1.2637     3.3626     1.3502 2.0592e-01        259     0.1792  0.000e+00
      2.897   65.66992 -168.36794      2.926     6.2095     6.2115     6.2093    26.4114    26.5140  1020.7653    20.7517    293.898    280.895  318.40474     92.303     88.291     0.2698     1.2710     3.3626     1.3502 1.8732e-01        260     0.1799  0.000e+00
      2.897   65.66992 -168.36794      2.926     6.2097     6.2113     6.2095    26.4078    26.5175  1020.7624    20.7488    293.889    280.873  318.41167     92.298     88.285     0.2698     1.2710     3.3626     1.3502 1.8475e-01        261     0.1806  0.000e+00
      2.897   65.66990 -168.36794      2.926     6.2093     6.2114     6.2091    26.4135    26.5194  1020.7669    20.7533    294.067    280.850  318.40108     92.358     88.280     0.2686     1.2637     3.3626     1.3502 2.0049e-01        262     0.1812  0.000e+00
      2.835   65.66990 -168.36794      2.863     6.2098     6.2113     6.2096    26.4219    26.5195  1020.7732    20.7599    294.055    280.830  318.37743     92.360     88.273     0.2698     1.2710     3.3626     1.3502 2.1800e-01        263     0.1819  0.000e+00
      2.897   65.66990 -168.36794      2.926     6.2096     6.2113     6.2094    26.4262    26.5188  1020.7770    20.7633    293.857    280.814  318.36870     92.301     88.268     0.2686     1.2637     3.3626     1.3502 2.2181e-01        264     0.1826  0.000e+00
      2.835   65.66990 -168.36794      2.863     6.2095     6.2115     6.2093    26.4288    26.5157  1020.7787    20.7653    294.035    280.816  318.36385     92.358     88.267     0.2698     1.2710     3.3626     1.3502 2.3151e-01        265     0.1833  0.000e+00
      2.897   65.66990 -168.36794      2.926     6.2096     6.2115     6.2094    26.4345    26.5118  1020.7835    20.7698    294.033    280.806  318.34922     92.362     88.261     0.2686     1.2637     3.3626     1.3502 2.4660e-01        266     0.1840  0.000e+00
      2.835   65.66990 -168.36794      2.863     6.2097     6.2115     6.2095    26.4378    26.5070  1020.7858    20.7724    293.829    280.813  318.34111     92.300     88.260     0.2698     1.2710     3.3626     1.3502 2.5177e-01        267     0.1847  0.000e+00
      2.897   65.66990 -168.36794      2.926     6.2095     6.2114     6.2093    26.4385    26.5017  1020.7866    20.7730    294.014    280.825  318.34103     92.358     88.260     0.2796     1.3297     3.3626     1.3502 2.4557e-01        268     0.1854  0.000e+00
      2.835   65.66990 -168.36794      2.863     6.2095     6.2113     6.2093    26.4364    26.4970  1020.7847    20.7713    294.053    280.832  318.34598     92.369     88.259     0.2833     1.3516     3.3626     1.3502 2.3448e-01        269     0.1861  0.000e+00
      2.897   65.66990 -168.36794      2.926     6.2093     6.2116     6.2091    26.4360    26.4928  1020.7847    20.7710    293.975    280.838  318.34812     92.344     88.259     0.2845     1.3590     3.3626     1.3502 2.3053e-01        270     0.1868  0.000e+00
      2.835   65.66990 -168.36794      2.863     6.2093     6.2113     6.2091    26.4394    26.4902  1020.7871    20.7737    293.968    280.843  318.34006     92.344     88.258     0.2821     1.3443     3.3626     1.3502 2.3647e-01        271     0.1875  0.000e+00
      2.835   65.66990 -168.36794      2.863     6.2095     6.2111     6.2093    26.4434    26.4865  1020.7902    20.7768    293.959    280.850  318.32957     92.344     88.258     0.2833     1.3516     3.3626     1.3502 2.5385e-01        272     0.1882  0.000e+00
      2.897   65.66990 -168.36794      2.926     6.2095     6.2110     6.2093    26.4443    26.4829  1020.7912    20.7776    293.960    280.859  318.32728     92.345     88.258     0.2821     1.3443     3.3626     1.3502 2.6126e-01        273     0.1889  0.000e+00
      2.835   65.66990 -168.36794      2.863     6.2097     6.2110     6.2095    26.4433    26.4807  1020.7901    20.7768    293.957    280.677  318.32817     92.344     88.199     0.2833     1.3516     3.3626     1.3502 2.5701e-01        274     0.1896  0.000e+00
      2.835   65.66990 -168.36794      2.863     6.2095     6.2108     6.2093    26.4416    26.4799  1020.7888    20.7754    293.960    280.660  318.33369     92.343     88.193     0.2821     1.3443     3.3614     1.3516 2.3053e-01        275     0.1903  0.000e+00
      2.781   65.66990 -168.36794      2.809     6.2095     6.2107     6.2093    26.4401    26.4784  1020.7873    20.7742    293.957    280.663  318.33736     92.341     88.193     0.2833     1.3516     3.3602     1.3531 2.1895e-01        276     0.1910  0.000e+00
      2.835   65.66990 -168.36794      2.863     6.2095     6.2107     6.2093    26.4377    26.4764  1020.7857    20.7724    293.960    280.652  318.34283     92.341     88.188     0.2833     1.3516     3.3602     1.3531 2.1895e-01        277     0.1917  0.000e+00
      2.781   65.66990 -168.36794      2.809     6.2095     6.2105     6.2093    26.4334    26.4752  1020.7821    20.7690    293.758    280.821  318.35297     92.274     88.240     0.2833     1.3516     3.3602     1.3531 2.2857e-01        278     0.1924  0.000e+00
      2.835   65.66990 -168.36794      2.863     6.2095     6.2105     6.2093    26.4288    26.4729  1020.7787    20.7654    293.329    280.830  318.36377     92.136     88.241     0.2833     1.3516     3.3602     1.3531 2.3349e-01        279     0.1931  0.000e+00
      2.781   65.66990 -168.36794      2.809     6.2092     6.2105     6.2090    26.4245    26.4724  1020.7750    20.7620    293.656    280.831  318.37637     92.235     88.241     0.2821     1.3443     3.3602     1.3531 2.3448e-01        280     0.1938  0.000e+00
      2.743   65.66990 -168.36794      2.770     6.2092     6.2103     6.2090    26.4210    26.4732  1020.7722    20.7593    293.832    280.649  318.38442     92.289     88.184     0.2833     1.3516     3.3602     1.3531 2.6340e-01        281     0.1944  0.000e+00
      2.781   65.66990 -168.36794      2.809     6.2090     6.2105     6.2088    26.4209    26.4768  1020.7723    20.7592    294.237    280.809  318.38589     92.415     88.237     0.2821     1.3443     3.3602     1.3531 2.8663e-01        282     0.1951  0.000e+00
      2.781   65.66990 -168.36794      2.809     6.2089     6.2105     6.2087    26.4251    26.4848  1020.7756    20.7625    293.902    280.612  318.37722     92.312     88.181     0.2833     1.3516     3.3602     1.3531 2.9006e-01        283     0.1958  0.000e+00
      2.727   65.66990 -168.36794      2.754     6.2092     6.2105     6.2090    26.4314    26.4921  1020.7803    20.7674    293.905    280.580  318.35999     92.318     88.175     0.2845     1.3590     3.3602     1.3531 2.5807e-01        284     0.1965  0.000e+00
      2.781   65.66990 -168.36794      2.809     6.2090     6.2106     6.2088    26.4396    26.4939  1020.7870    20.7739    293.912    280.767  318.34182     92.326     88.235     0.2833     1.3516     3.3614     1.3516 2.2955e-01        285     0.1972  0.000e+00
      2.727   65.66990 -168.36794      2.754     6.2087     6.2107     6.2085    26.4483    26.4887  1020.7936    20.7808    293.915    280.597  318.32369     92.332     88.179     0.2833     1.3516     3.3602     1.3531 2.2373e-01        286     0.1979  0.000e+00
      2.727   65.66990 -168.36794      2.754     6.2087     6.2108     6.2085    26.4587    26.4806  1020.8018    20.7890    293.914    280.600  318.29935     92.339     88.175     0.2821     1.3443     3.3602     1.3531 2.3948e-01        287     0.1986  0.000e+00
      2.666   65.66990 -168.36794      2.692     6.2089     6.2108     6.2087    26.4668    26.4785  1020.8079    20.7953    293.914    280.591  318.27909     92.345     88.170     0.2833     1.3516     3.3602     1.3531 2.6233e-01        288     0.1993  0.000e+00
      2.727   65.66990 -168.36794      2.754     6.2085     6.2111     6.2083    26.4705    26.4837  1020.8111    20.7983    293.903    280.569  318.27300     92.343     88.168     0.2821     1.3443     3.3602     1.3531 2.6881e-01        289     0.2000  0.000e+00
      2.666   65.66990 -168.36794      2.692     6.2089     6.2113     6.2087    26.4672    26.4885  1020.8082    20.7957    293.895    280.546  318.27812     92.339     88.164     0.2833     1.3516     3.3602     1.3531 2.6990e-01        290     0.2007  0.000e+00
      2.666   65.66990 -168.36794      2.692     6.2087     6.2111     6.2085    26.4600    26.4872  1020.8025    20.7900    293.901    280.540  318.29629     92.336     88.161     0.2821     1.3443     3.3614     1.3516 2.7540e-01        291     0.2014  0.000e+00
      2.666   65.66990 -168.36794      2.692     6.2087     6.2108     6.2085    26.4516    26.4841  1020.7959    20.7834    293.908    280.724  318.31603     92.332     88.216     0.2833     1.3516     3.3602     1.3531 2.7762e-01        292     0.2021  0.000e+00
      2.666   65.66990 -168.36794      2.692     6.2087     6.2110     6.2085    26.4448    26.4867  1020.7905    20.7780    293.909    280.728  318.33205     92.328     88.219     0.2784     1.3223     3.3602     1.3531 2.6663e-01        293     0.2028  0.000e+00
      2.612   65.66990 -168.36794      2.638     6.2085     6.2113     6.2083    26.4419    26.4945  1020.7881    20.7758    293.930    280.534  318.34027     92.332     88.164     0.2686     1.2637     3.3602     1.3531 2.3647e-01        294     0.2035  0.000e+00
      2.666   65.66990 -168.36794      2.692     6.2084     6.2113     6.2082    26.4454    26.4986  1020.7911    20.7786    293.738    280.520  318.33318     92.274     88.162     0.2674     1.2564     3.3455     1.3706 2.2566e-01        295     0.2042  0.000e+00
      2.612   65.66990 -168.36794      2.638     6.2085     6.2116     6.2083    26.4465    26.4991  1020.7917    20.7794    293.894    280.508  318.32951     92.324     88.159     0.2662     1.2491     3.3309     1.3881 2.2469e-01        296     0.2049  0.000e+00
      2.612   65.66990 -168.36794      2.638     6.2084     6.2121     6.2082    26.4409    26.5003  1020.7873    20.7750    293.923    280.495  318.34389     92.329     88.157     0.2674     1.2564     3.3284     1.3911 2.2085e-01        297     0.2056  0.000e+00
      2.612   65.66990 -168.36794      2.638     6.2084     6.2122     6.2082    26.4334    26.5026  1020.7814    20.7691    293.955    280.484  318.36152     92.334     88.155     0.2662     1.2491     3.3297     1.3896 2.1800e-01        298     0.2062  0.000e+00
      2.550   65.66990 -168.36794      2.575     6.2084     6.2127     6.2082    26.4275    26.5041  1020.7764    20.7644    293.951    280.470  318.37537     92.328     88.153     0.2674     1.2564     3.3297     1.3896 2.2085e-01        299     0.2069  0.000e+00
      2.519   65.66990 -168.36794      2.544     6.2082     6.2129     6.2080    26.4214    26.5048  1020.7715    20.7596    293.949    280.463  318.39092     92.323     88.152     0.2674     1.2564     3.3297     1.3896 2.5701e-01        300     0.2076  0.000e+00
      2.612   65.66990 -168.36794      2.638     6.2079     6.2129     6.2077    26.4132    26.5064  1020.7656    20.7533    293.985    280.643  318.41231     92.329     88.209     0.2662     1.2491     3.3309     1.3881 2.7762e-01        301     0.2083  0.000e+00
