EcoFOCI/data/1_SampleCollection/2023_SikuliaqDBO_CruiseData/CTD_raw_BottleFile_SKQ23-12S/proc/skq202312s_029avg.cnv
* Sea-Bird SBE 9 Data File:
* FileName = D:\CTD\SKQ202312S\SKQ202312S_029.hex
* Software Version Seasave V 7.26.7.121
* Temperature SN = 6177
* Conductivity SN = 0369
* Number of Bytes Per Scan = 41
* Number of Voltage Words = 4
* Number of Scans Averaged by the Deck Unit = 1
* NMEA Latitude = 71 24.54 N
* NMEA Longitude = 157 29.66 W
* NMEA UTC (Time) = Sep 21 2023  04:58:57
* NMEA baud rate = 4800
** Ship: R/V Sikuliaq
** Station Number: 029
** Station Name: DBO5.5
** Bottom Depth: 124
** Operator: SS
# nquan = 25
# nvalues = 118                         
# units = specified
# name 0 = depSM: Depth [salt water, m]
# name 1 = latitude: Latitude [deg]
# name 2 = longitude: Longitude [deg]
# name 3 = prDM: Pressure, Digiquartz [db]
# name 4 = t090C: Temperature [ITS-90, deg C]
# name 5 = t190C: Temperature, 2 [ITS-90, deg C]
# name 6 = potemp090C: Potential Temperature [ITS-90, deg C]
# name 7 = sal00: Salinity, Practical [PSU]
# name 8 = sal11: Salinity, Practical, 2 [PSU]
# name 9 = density00: Density [density, kg/m^3]
# name 10 = sigma-é00: Density [sigma-theta, kg/m^3]
# name 11 = sbox0Mm/Kg: Oxygen, SBE 43 [umol/kg]
# name 12 = sbox1Mm/Kg: Oxygen, SBE 43, 2 [umol/kg]
# name 13 = oxsolMm/Kg: Oxygen Saturation, Garcia & Gordon [umol/kg]
# name 14 = sbeox0PS: Oxygen, SBE 43 [% saturation]
# name 15 = sbeox1PS: Oxygen, SBE 43, 2 [% saturation]
# name 16 = v0: Voltage 0
# name 17 = flECO-AFL: Fluorescence, WET Labs ECO-AFL/FL [mg/m^3]
# name 18 = v1: Voltage 1
# name 19 = CStarAt0: Beam Attenuation, WET Labs C-Star [1/m]
# name 20 = par: PAR/Irradiance, Biospherical/Licor
# name 21 = scan: Scan Count
# name 22 = timeM: Time, Elapsed [minutes]
# name 23 = nbin: number of scans per bin
# name 24 = flag: flag
# span 0 =      3.959,    119.730       
# span 1 =   71.40904,   71.40908       
# span 2 = -157.49357, -157.49247       
# span 3 =      4.000,    121.000       
# span 4 =    -1.6678,     4.7423       
# span 5 =    -1.6665,     4.7429       
# span 6 =    -1.6700,     4.7414       
# span 7 =    30.2778,    32.7520       
# span 8 =    30.2878,    32.7622       
# span 9 =  1023.9903,  1026.9343       
# span 10 =    23.9634,    26.3502      
# span 11 =    245.002,    487.743      
# span 12 =    229.662,    446.218      
# span 13 =  319.55509,  370.18224      
# span 14 =     66.187,    132.890      
# span 15 =     62.051,    121.323      
# span 16 =     0.0728,     0.3417      
# span 17 =     0.0890,     1.7021      
# span 18 =     2.8935,     4.2170      
# span 19 =     0.4442,     1.9916      
# span 20 = -5.624e-09, 1.1419e+00      
# span 21 =        236,       8140      
# span 22 =     0.1632,     5.6519      
# span 23 =         18,        490      
# span 24 = 0.0000e+00, 0.0000e+00      
# interval = decibars: 1                
# start_time = Sep 21 2023 05:03:15 [NMEA time, first data scan]
# bad_flag = -9.990e-29
*END*
[from data line 58]
     61.358   71.40906 -157.49291     62.000    -1.6541    -1.6526    -1.6552    32.7264    32.7373  1026.6286    26.3291    253.440    238.368  370.10245     68.478     64.414     0.0914     0.2003     3.5877     1.0909 2.9032e-06       4202     2.9172         63 0.0000e+00
     62.347   71.40906 -157.49287     63.000    -1.6519    -1.6506    -1.6531    32.7260    32.7356  1026.6330    26.3287    252.679    237.699  370.08179     68.277     64.236     0.0957     0.2261     3.5903     1.0881 2.8714e-06       4281     2.9724         68 0.0000e+00
     63.337   71.40906 -157.49286     64.000    -1.6543    -1.6531    -1.6554    32.7272    32.7384  1026.6389    26.3298    252.458    236.768  370.10191     68.213     63.981     0.0991     0.2464     3.5833     1.0959 3.2765e-06       4321     2.9998         31 0.0000e+00
     64.326   71.40906 -157.49286     65.000    -1.6548    -1.6537    -1.6560    32.7272    32.7392  1026.6438    26.3298    252.396    236.953  370.10707     68.195     64.031     0.0920     0.2041     3.5741     1.1061 2.6272e-06       4355     3.0236         39 0.0000e+00
     65.316   71.40906 -157.49284     66.000    -1.6558    -1.6544    -1.6570    32.7287    32.7398  1026.6498    26.3311    252.275    235.900  370.11252     68.162     63.745     0.0960     0.2277     3.5758     1.1042 3.1191e-06       4404     3.0575         57 0.0000e+00
     66.305   71.40906 -157.49281     67.000    -1.6566    -1.6548    -1.6578    32.7293    32.7402  1026.6551    26.3315    251.926    234.811  370.11842     68.066     63.450     0.0966     0.2314     3.5832     1.0959 2.4774e-06       4474     3.1059         67 0.0000e+00
     67.295   71.40906 -157.49280     68.000    -1.6575    -1.6564    -1.6587    32.7296    32.7406  1026.6603    26.3318    252.100    234.905  370.12694     68.112     63.473     0.0956     0.2256     3.5808     1.0986 2.9883e-06       4518     3.1370         34 0.0000e+00
     68.284   71.40906 -157.49280     69.000    -1.6583    -1.6569    -1.6595    32.7300    32.7409  1026.6654    26.3321    251.419    234.845  370.13336     67.927     63.457     0.0917     0.2020     3.5801     1.0995 3.3364e-06       4554     3.1616         38 0.0000e+00
     69.274   71.40906 -157.49277     70.000    -1.6580    -1.6567    -1.6592    32.7298    32.7406  1026.6700    26.3320    251.009    235.500  370.13115     67.816     63.634     0.0916     0.2016     3.5839     1.0952 2.9958e-06       4606     3.1981         65 0.0000e+00
     70.263   71.40906 -157.49275     71.000    -1.6588    -1.6574    -1.6600    32.7300    32.7409  1026.6750    26.3321    250.871    235.450  370.13851     67.778     63.619     0.0992     0.2472     3.5796     1.1000 3.3529e-06       4661     3.2358         43 0.0000e+00
     71.253   71.40906 -157.49275     72.000    -1.6592    -1.6578    -1.6604    32.7303    32.7410  1026.6801    26.3324    250.719    234.753  370.14148     67.736     63.430     0.0923     0.2056     3.5853     1.0936 2.1032e-06       4708     3.2688         53 0.0000e+00
     72.242   71.40906 -157.49274     73.000    -1.6589    -1.6577    -1.6602    32.7301    32.7409  1026.6848    26.3322    250.492    234.478  370.13924     67.675     63.356     0.0928     0.2087     3.5758     1.1042 2.9146e-06       4757     3.3030         41 0.0000e+00
     73.232   71.40906 -157.49271     74.000    -1.6589    -1.6576    -1.6602    32.7301    32.7409  1026.6896    26.3322    249.938    234.086  370.13938     67.525     63.250     0.0952     0.2233     3.5821     1.0972 3.3723e-06       4807     3.3377         65 0.0000e+00
     74.221   71.40906 -157.49270     75.000    -1.6588    -1.6575    -1.6602    32.7300    32.7407  1026.6944    26.3322    250.055    234.221  370.13882     67.557     63.287     0.0951     0.2226     3.5810     1.0985 3.1093e-06       4864     3.3769         38 0.0000e+00
     75.210   71.40906 -157.49270     76.000    -1.6588    -1.6574    -1.6602    32.7297    32.7406  1026.6990    26.3319    250.402    234.644  370.13963     67.651     63.401     0.0937     0.2145     3.5836     1.0956 2.3517e-06       4894     3.3982         29 0.0000e+00
     76.200   71.40906 -157.49269     77.000    -1.6588    -1.6573    -1.6602    32.7302    32.7407  1026.7042    26.3323    250.355    233.730  370.13836     67.638     63.154     0.0929     0.2096     3.5859     1.0930 3.4119e-06       4947     3.4348         94 0.0000e+00
     77.189   71.40906 -157.49266     78.000    -1.6594    -1.6564    -1.6608    32.7312    32.7406  1026.7098    26.3331    250.377    233.881  370.14123     67.644     63.197     0.0890     0.1858     3.5887     1.0899 2.7773e-06       5034     3.4952         32 0.0000e+00
     78.179   71.40906 -157.49266     79.000    -1.6637    -1.6623    -1.6651    32.7359    32.7465  1026.7186    26.3370    250.506    233.806  370.17043     67.673     63.169     0.0919     0.2036     3.6039     1.0729 5.0957e-06       5051     3.5070         25 0.0000e+00
     79.168   71.40906 -157.49266     80.000    -1.6639    -1.6621    -1.6654    32.7365    32.7466  1026.7239    26.3375    250.000    233.799  370.17115     67.536     63.168     0.0892     0.1872     3.6104     1.0657 3.9277e-06       5090     3.5338         66 0.0000e+00
     80.158   71.40906 -157.49264     81.000    -1.6634    -1.6611    -1.6648    32.7362    32.7461  1026.7285    26.3373    248.811    232.977  370.16630     67.216     62.947     0.0819     0.1435     3.6051     1.0716 3.9967e-06       5164     3.5851         47 0.0000e+00
     81.147   71.40906 -157.49264     82.000    -1.6657    -1.6643    -1.6672    32.7392    32.7497  1026.7358    26.3398    248.516    232.869  370.18074     67.134     62.915     0.0893     0.1877     3.6067     1.0698 2.3165e-06       5196     3.6075         33 0.0000e+00
     82.136   71.40906 -157.49264     83.000    -1.6659    -1.6646    -1.6674    32.7397    32.7504  1026.7410    26.3402    248.366    233.025  370.18148     67.093     62.956     0.0894     0.1882     3.6043     1.0724 4.1263e-06       5240     3.6380         61 0.0000e+00
     83.126   71.40906 -157.49262     84.000    -1.6663    -1.6649    -1.6678    32.7409    32.7513  1026.7469    26.3412    247.878    232.668  370.18145     66.961     62.860     0.0970     0.2341     3.6048     1.0720 3.1421e-06       5308     3.6853         52 0.0000e+00
     84.115   71.40906 -157.49261     85.000    -1.6665    -1.6652    -1.6680    32.7416    32.7522  1026.7522    26.3418    247.533    232.041  370.18194     66.868     62.691     0.0869     0.1733     3.5955     1.0822 3.1784e-06       5348     3.7129         40 0.0000e+00
     85.104   71.40906 -157.49260     86.000    -1.6667    -1.6652    -1.6682    32.7419    32.7523  1026.7573    26.3420    247.212    230.989  370.18224     66.781     62.406     0.0903     0.1937     3.5911     1.0872 2.7279e-06       5393     3.7443         50 0.0000e+00
     86.094   71.40906 -157.49260     87.000    -1.6666    -1.6652    -1.6681    32.7420    32.7524  1026.7622    26.3421    246.975    231.723  370.18173     66.717     62.605     0.0849     0.1614     3.5938     1.0842 3.4566e-06       5446     3.7814         47 0.0000e+00
     87.083   71.40906 -157.49259     88.000    -1.6669    -1.6655    -1.6684    32.7428    32.7532  1026.7677    26.3428    247.269    231.099  370.18176     66.797     62.436     0.0838     0.1546     3.5836     1.0955 3.9126e-06       5487     3.8099         39 0.0000e+00
     88.073   71.40906 -157.49258     89.000    -1.6667    -1.6650    -1.6683    32.7428    32.7530  1026.7725    26.3427    246.924    230.670  370.18028     66.704     62.321     0.0868     0.1729     3.5895     1.0889 2.9343e-06       5555     3.8568         81 0.0000e+00
     89.062   71.40906 -157.49258     90.000    -1.6668    -1.6654    -1.6684    32.7427    32.7531  1026.7772    26.3427    246.768    231.553  370.18112     66.662     62.559     0.0876     0.1775     3.5869     1.0919 3.4647e-06       5604     3.8908         27 0.0000e+00
     90.051   71.40906 -157.49258     91.000    -1.6669    -1.6655    -1.6685    32.7430    32.7534  1026.7824    26.3430    246.022    231.084  370.18071     66.460     62.432     0.0801     0.1324     3.5839     1.0952 3.4513e-06       5628     3.9080         27 0.0000e+00
     91.041   71.40907 -157.49257     92.000    -1.6666    -1.6652    -1.6682    32.7429    32.7532  1026.7871    26.3429    246.008    230.437  370.17883     66.457     62.258     0.0811     0.1386     3.5799     1.0997 4.0562e-06       5679     3.9429         86 0.0000e+00
     92.030   71.40908 -157.49256     93.000    -1.6666    -1.6647    -1.6682    32.7430    32.7532  1026.7919    26.3429    246.750    233.270  370.17837     66.657     63.024     0.0834     0.1524     3.5790     1.1007 3.4123e-06       5764     4.0022         51 0.0000e+00
     93.019   71.40908 -157.49254     94.000    -1.6668    -1.6654    -1.6685    32.7430    32.7535  1026.7968    26.3430    247.032    232.826  370.18029     66.733     62.903     0.0835     0.1529     3.5836     1.0955 3.6724e-06       5797     4.0249         30 0.0000e+00
     94.009   71.40906 -157.49254     95.000    -1.6668    -1.6654    -1.6685    32.7431    32.7535  1026.8018    26.3430    247.156    232.053  370.17998     66.766     62.694     0.0728     0.0890     3.5846     1.0944 5.2439e-06       5827     4.0455         32 0.0000e+00
     94.998   71.40908 -157.49254     96.000    -1.6669    -1.6654    -1.6686    32.7432    32.7535  1026.8066    26.3431    246.798    230.971  370.18038     66.670     62.402     0.0862     0.1691     3.5804     1.0991 3.5386e-06       5868     4.0742         51 0.0000e+00
     95.988   71.40908 -157.49253     97.000    -1.6666    -1.6650    -1.6684    32.7430    32.7533  1026.8113    26.3430    246.350    230.245  370.17865     66.549     62.206     0.0835     0.1528     3.5822     1.0971 4.4940e-06       5949     4.1305         87 0.0000e+00
     96.977   71.40907 -157.49252     98.000    -1.6668    -1.6654    -1.6685    32.7435    32.7537  1026.8165    26.3433    246.616    231.169  370.17902     66.621     62.455     0.0837     0.1542     3.5912     1.0871 2.5115e-06       5997     4.1639         27 0.0000e+00
     97.966   71.40906 -157.49252     99.000    -1.6668    -1.6654    -1.6685    32.7436    32.7540  1026.8214    26.3434    246.814    232.228  370.17815     66.674     62.742     0.0811     0.1383     3.5909     1.0873 3.6897e-06       6022     4.1814         25 0.0000e+00
     98.955   71.40907 -157.49252    100.000    -1.6668    -1.6654    -1.6686    32.7443    32.7543  1026.8268    26.3440    246.740    231.707  370.17707     66.655     62.601     0.0806     0.1356     3.5901     1.0882 3.5877e-06       6059     4.2067         57 0.0000e+00
     99.945   71.40908 -157.49250    101.000    -1.6664    -1.6650    -1.6683    32.7440    32.7540  1026.8313    26.3437    246.341    230.918  370.17414     66.547     62.388     0.0844     0.1588     3.5850     1.0939 4.1822e-06       6154     4.2729         65 0.0000e+00
    100.934   71.40908 -157.49250    102.000    -1.6670    -1.6656    -1.6689    32.7453    32.7556  1026.8373    26.3448    246.154    230.226  370.17601     66.497     62.201     0.0824     0.1468     3.5765     1.1034 3.8016e-06       6180     4.2911         29 0.0000e+00
    101.923   71.40907 -157.49250    103.000    -1.6671    -1.6657    -1.6689    32.7453    32.7556  1026.8421    26.3448    246.160    229.850  370.17676     66.498     62.099     0.0855     0.1650     3.5815     1.0979 2.3878e-06       6216     4.3163         43 0.0000e+00
    102.913   71.40907 -157.49250    104.000    -1.6670    -1.6657    -1.6689    32.7453    32.7556  1026.8469    26.3448    246.411    229.826  370.17594     66.566     62.093     0.0799     0.1315     3.5830     1.0961 4.3347e-06       6261     4.3470         38 0.0000e+00
    103.902   71.40908 -157.49248    105.000    -1.6672    -1.6659    -1.6691    32.7461    32.7565  1026.8524    26.3455    246.096    230.188  370.17570     66.481     62.191     0.0906     0.1954     3.5865     1.0923 2.4869e-06       6295     4.3706         34 0.0000e+00
    104.891   71.40908 -157.49248    106.000    -1.6669    -1.6653    -1.6688    32.7460    32.7557  1026.8571    26.3454    245.948    231.048  370.17305     66.441     62.424     0.0851     0.1627     3.5790     1.1006 3.1236e-06       6393     4.4387        106 0.0000e+00
    105.880   71.40908 -157.49248    107.000    -1.6672    -1.6656    -1.6692    32.7465    32.7565  1026.8624    26.3458    245.786    231.305  370.17464     66.397     62.493     0.0807     0.1359     3.5821     1.0972 2.8227e-06       6432     4.4656         21 0.0000e+00
    106.870   71.40908 -157.49248    108.000    -1.6672    -1.6658    -1.6692    32.7466    32.7567  1026.8672    26.3458    246.260    231.491  370.17449     66.525     62.543     0.0805     0.1349     3.5915     1.0867 5.5046e-06       6453     4.4804         23 0.0000e+00
    107.859   71.40908 -157.49248    109.000    -1.6671    -1.6657    -1.6691    32.7461    32.7565  1026.8717    26.3454    245.936    231.206  370.17451     66.438     62.466     0.0885     0.1830     3.5838     1.0953 3.9139e-06       6490     4.5060         63 0.0000e+00
    108.848   71.40908 -157.49247    110.000    -1.6669    -1.6655    -1.6689    32.7462    32.7566  1026.8766    26.3456    245.905    230.232  370.17250     66.430     62.204     0.0859     0.1674     3.5797     1.0998 3.1207e-06       6570     4.5616         53 0.0000e+00
    109.838   71.40908 -157.49248    111.000    -1.6672    -1.6658    -1.6692    32.7467    32.7568  1026.8818    26.3459    245.611    230.067  370.17432     66.350     62.158     0.0869     0.1733     3.5826     1.0966 3.9636e-06       6601     4.5834         32 0.0000e+00
    110.827   71.40908 -157.49247    112.000    -1.6672    -1.6657    -1.6692    32.7469    32.7573  1026.8868    26.3461    245.899    230.189  370.17343     66.428     62.192     0.0858     0.1671     3.5900     1.0884 3.5365e-06       6662     4.6256         86 0.0000e+00
    111.816   71.40908 -157.49247    113.000    -1.6676    -1.6662    -1.6696    32.7484    32.7586  1026.8929    26.3474    245.869    230.527  370.17276     66.420     62.283     0.0849     0.1615     3.5812     1.0982 4.4247e-06       6722     4.6673         29 0.0000e+00
    112.805   71.40908 -157.49248    114.000    -1.6675    -1.6661    -1.6696    32.7481    32.7584  1026.8974    26.3471    246.041    231.202  370.17235     66.467     62.465     0.0733     0.0917     3.5753     1.1048 3.5279e-06       6746     4.6837         24 0.0000e+00
    113.795   71.40908 -157.49248    115.000    -1.6665    -1.6654    -1.6686    32.7474    32.7578  1026.9017    26.3465    245.592    230.658  370.16460     66.347     62.319     0.0844     0.1585     3.5797     1.0999 3.4689e-06       7178     4.9837        490 0.0000e+00
    114.784   71.40906 -157.49253    116.000    -1.6671    -1.6658    -1.6692    32.7482    32.7584  1026.9072    26.3472    245.314    230.957  370.16786     66.271     62.400     0.0793     0.1278     3.5837     1.0954 3.5696e-06       7731     5.3684        117 0.0000e+00
    115.773   71.40907 -157.49252    117.000    -1.6676    -1.6662    -1.6697    32.7487    32.7588  1026.9124    26.3476    245.554    230.456  370.17161     66.335     62.264     0.0847     0.1603     3.5859     1.0929 2.0376e-06       7676     5.3296         51 0.0000e+00
    116.762   71.40906 -157.49252    118.000    -1.6678    -1.6664    -1.6699    32.7498    32.7599  1026.9181    26.3485    245.242    230.991  370.17045     66.251     62.409     0.0828     0.1487     3.5731     1.1072 2.9842e-06       7745     5.3776         82 0.0000e+00
