EcoFOCI/data/1_SampleCollection/2023_SikuliaqDBO_CruiseData/CTD_raw_BottleFile_SKQ23-12S/proc/skq202312s_015avg.cnv
* Sea-Bird SBE 9 Data File:
* FileName = D:\CTD\SKQ202312S\SKQ202312S_015.hex
* Software Version Seasave V 7.26.7.121
* Temperature SN = 6177
* Conductivity SN = 0369
* Number of Bytes Per Scan = 41
* Number of Voltage Words = 4
* Number of Scans Averaged by the Deck Unit = 1
* NMEA Latitude = 64 40.48 N
* NMEA Longitude = 169 28.25 W
* NMEA UTC (Time) = Sep 17 2023  12:08:54
* NMEA baud rate = 4800
** Ship: R/V Sikuliaq
** Station Number: 015
** Station Name: DBO2.1A
** Bottom Depth: 44
** Operator: Bern
# nquan = 25
# nvalues = 38                          
# units = specified
# name 0 = depSM: Depth [salt water, m]
# name 1 = latitude: Latitude [deg]
# name 2 = longitude: Longitude [deg]
# name 3 = prDM: Pressure, Digiquartz [db]
# name 4 = t090C: Temperature [ITS-90, deg C]
# name 5 = t190C: Temperature, 2 [ITS-90, deg C]
# name 6 = potemp090C: Potential Temperature [ITS-90, deg C]
# name 7 = sal00: Salinity, Practical [PSU]
# name 8 = sal11: Salinity, Practical, 2 [PSU]
# name 9 = density00: Density [density, kg/m^3]
# name 10 = sigma-é00: Density [sigma-theta, kg/m^3]
# name 11 = sbox0Mm/Kg: Oxygen, SBE 43 [umol/kg]
# name 12 = sbox1Mm/Kg: Oxygen, SBE 43, 2 [umol/kg]
# name 13 = oxsolMm/Kg: Oxygen Saturation, Garcia & Gordon [umol/kg]
# name 14 = sbeox0PS: Oxygen, SBE 43 [% saturation]
# name 15 = sbeox1PS: Oxygen, SBE 43, 2 [% saturation]
# name 16 = v0: Voltage 0
# name 17 = flECO-AFL: Fluorescence, WET Labs ECO-AFL/FL [mg/m^3]
# name 18 = v1: Voltage 1
# name 19 = CStarAt0: Beam Attenuation, WET Labs C-Star [1/m]
# name 20 = par: PAR/Irradiance, Biospherical/Licor
# name 21 = scan: Scan Count
# name 22 = timeM: Time, Elapsed [minutes]
# name 23 = nbin: number of scans per bin
# name 24 = flag: flag
# span 0 =      2.971,     39.605       
# span 1 =   64.67388,   64.67414       
# span 2 = -169.47155, -169.47125       
# span 3 =      3.000,     40.000       
# span 4 =     1.9563,     2.4904       
# span 5 =     1.9575,     2.4973       
# span 6 =     1.9543,     2.4893       
# span 7 =    31.9617,    32.7522       
# span 8 =    31.9736,    32.7622       
# span 9 =  1025.5351,  1026.3632       
# span 10 =    25.5209,    26.1744      
# span 11 =    245.996,    327.986      
# span 12 =    233.657,    313.802      
# span 13 =  332.93749,  338.31836      
# span 14 =     73.061,     97.322      
# span 15 =     69.392,     92.937      
# span 16 =     0.1689,     0.4658      
# span 17 =     0.6655,     2.4468      
# span 18 =     3.7159,     3.9049      
# span 19 =     0.7519,     0.9506      
# span 20 = -8.636e-04, 3.4437e-01      
# span 21 =        320,       3941      
# span 22 =     0.2213,     2.7361      
# span 23 =         20,        587      
# span 24 = 0.0000e+00, 0.0000e+00      
# interval = decibars: 1                
# start_time = Sep 17 2023 12:12:19 [NMEA time, first data scan]
# bad_flag = -9.990e-29
*END*
      2.971   64.67414 -169.47125      3.000     2.2502     2.2500     2.2501    31.9631    31.9736  1025.5351    25.5209    327.294    312.522  336.30026     97.322     92.937     0.3418     1.7026     3.7807     0.8813 3.4437e-01        320     0.2213        233 0.0000e+00
      3.961   64.67411 -169.47129      4.000     2.1259     2.1189     2.1257    31.9634    31.9761  1025.5492    25.5303    327.655    312.791  337.35182     97.126     92.712     0.3423     1.7056     3.7794     0.8827 2.3005e-01        595     0.4128        176 0.0000e+00
      4.951   64.67409 -169.47131      5.000     2.0893     2.0897     2.0891    31.9618    31.9744  1025.5553    25.5317    327.666    313.151  337.66641     97.038     92.750     0.3582     1.8011     3.7805     0.8815 1.5137e-01        785     0.5441        135 0.0000e+00
      5.941   64.67408 -169.47132      6.000     2.0654     2.0750     2.0651    31.9622    31.9741  1025.5622    25.5338    327.834    312.564  337.86864     97.030     92.541     0.3503     1.7540     3.7800     0.8821 1.0840e-01        915     0.6346        126 0.0000e+00
      6.931   64.67406 -169.47134      7.000     2.0496     2.0467     2.0493    31.9617    31.9739  1025.5677    25.5346    327.839    311.745  338.00422     96.993     92.233     0.3497     1.7503     3.7788     0.8832 6.4977e-02       1069     0.7414        112 0.0000e+00
      7.922   64.67405 -169.47135      8.000     2.0431     2.0414     2.0427    31.9649    31.9777  1025.5754    25.5376    327.554    311.710  338.05150     96.895     92.213     0.3534     1.7727     3.7774     0.8848 3.1067e-02       1199     0.8318        176 0.0000e+00
      8.912   64.67404 -169.47136      9.000     2.0362     2.0374     2.0357    31.9665    31.9780  1025.5819    25.5393    327.478    312.196  338.10653     96.857     92.348     0.3565     1.7908     3.7756     0.8867 1.4034e-02       1332     0.9245        153 0.0000e+00
      9.902   64.67402 -169.47136     10.000     2.0427     2.0443     2.0422    31.9631    31.9749  1025.5834    25.5362    327.217    312.858  338.06002     96.793     92.557     0.3546     1.7796     3.7757     0.8866 3.7024e-03       1475     1.0238         86 0.0000e+00
     10.892   64.67402 -169.47139     11.000     2.0428     2.0452     2.0423    31.9628    31.9748  1025.5879    25.5359    327.672    312.802  338.05917     96.927     92.543     0.3570     1.7941     3.7806     0.8814 -8.636e-04       1611     1.1183        119 0.0000e+00
     11.882   64.67401 -169.47138     12.000     2.0357     2.0363     2.0351    31.9649    31.9771  1025.5948    25.5381    327.351    313.215  338.11474     96.816     92.646     0.3581     1.8007     3.7790     0.8831 8.8994e-06       1694     1.1754        109 0.0000e+00
     12.873   64.67400 -169.47138     13.000     2.0276     2.0292     2.0270    31.9657    31.9777  1025.6008    25.5394    327.854    311.088  338.18131     96.946     92.001     0.3493     1.7479     3.7761     0.8861 -3.207e-08       1769     1.2279         43 0.0000e+00
     13.863   64.67400 -169.47140     14.000     2.0311     2.0327     2.0304    31.9644    31.9764  1025.6042    25.5381    327.590    312.670  338.15542     96.875     92.476     0.3530     1.7699     3.7729     0.8896 1.0000e-12       1832     1.2717         91 0.0000e+00
     14.853   64.67400 -169.47140     15.000     2.0325     2.0344     2.0318    31.9638    31.9757  1025.6084    25.5375    327.986    313.802  338.14428     96.996     92.814     0.3616     1.8214     3.7699     0.8927 1.0000e-12       1914     1.3286         49 0.0000e+00
     15.843   64.67400 -169.47140     16.000     2.0228     2.0235     2.0220    31.9689    31.9806  1025.6179    25.5422    327.981    312.506  338.21456     96.974     92.409     0.3445     1.7187     3.7684     0.8943 1.0000e-12       1953     1.3557         51 0.0000e+00
     16.833   64.67398 -169.47142     17.000     2.0083     2.0089     2.0075    31.9764    31.9889  1025.6296    25.5493    327.213    313.409  338.31836     96.717     92.648     0.3699     1.8712     3.7725     0.8900 1.0000e-12       2054     1.4254         64 0.0000e+00
     17.823   64.67398 -169.47142     18.000     2.0310     2.0328     2.0301    31.9993    32.0112  1025.6511    25.5660    327.427    311.854  338.06561     96.853     92.259     0.3524     1.7665     3.7649     0.8981 1.0000e-12       2080     1.4436         34 0.0000e+00
     18.813   64.67398 -169.47143     19.000     2.1604     2.1224     2.1594    32.1057    32.0809  1025.7315    25.6418    325.641    311.286  336.69319     96.718     92.349     0.4084     2.1022     3.7559     0.9076 1.0000e-12       2144     1.4879         96 0.0000e+00
     19.804   64.67398 -169.47144     20.000     2.4850     2.4899     2.4840    32.4012    32.4075  1025.9473    25.8532    313.653    301.525  333.21688     94.127     90.504     0.4488     2.3448     3.7159     0.9506 1.0000e-12       2213     1.5361         32 0.0000e+00
     20.794   64.67398 -169.47144     21.000     2.4904     2.4973     2.4893    32.4919    32.5030  1026.0243    25.9254    313.946    302.426  332.93749     94.295     90.859     0.4658     2.4468     3.7941     0.8672 1.0000e-12       2242     1.5560         32 0.0000e+00
     21.784   64.67397 -169.47145     22.000     2.2241     2.2282     2.2230    32.5247    32.5378  1026.0760    25.9722    299.347    290.772  335.07932     89.336     86.794     0.3962     2.0291     3.8232     0.8366 1.0000e-12       2300     1.5968         89 0.0000e+00
     22.774   64.67396 -169.47146     23.000     2.1892     2.1870     2.1880    32.5337    32.5483  1026.0906    25.9821    276.315    263.047  335.34975     82.396     78.445     0.3370     1.6743     3.8412     0.8179 1.0000e-12       2368     1.6436         33 0.0000e+00
     23.764   64.67396 -169.47146     24.000     2.1248     2.1261     2.1236    32.5640    32.5759  1026.1245    26.0112    276.099    261.660  335.81390     82.218     77.928     0.2709     1.2772     3.8528     0.8057 2.7736e-07       2398     1.6649         31 0.0000e+00
     24.754   64.67396 -169.47146     25.000     2.1215     2.1225     2.1202    32.5998    32.6119  1026.1580    26.0401    274.765    261.047  335.75027     81.836     77.760     0.2577     1.1986     3.8822     0.7753 1.3418e-07       2445     1.6974         68 0.0000e+00
     25.744   64.67395 -169.47148     26.000     2.0795     2.0789     2.0782    32.6222    32.6355  1026.1839    26.0612    268.214    255.822  336.04657     79.815     76.133     0.2471     1.1346     3.9049     0.7519 -6.937e-09       2512     1.7440         53 0.0000e+00
     26.734   64.67394 -169.47148     27.000     2.0156     2.0165     2.0143    32.6459    32.6586  1026.2124    26.0849    265.106    252.624  336.52579     78.777     75.077     0.2238     0.9950     3.8780     0.7797 1.0000e-12       2558     1.7754         43 0.0000e+00
     27.724   64.67394 -169.47148     28.000     1.9992     1.9999     1.9978    32.6745    32.6877  1026.2412    26.1090    262.669    250.418  336.59143     78.038     74.407     0.2282     1.0214     3.8331     0.8262 1.0000e-12       2598     1.8037         35 0.0000e+00
     28.714   64.67394 -169.47148     29.000     1.9839     1.9848     1.9825    32.6989    32.7117  1026.2666    26.1297    259.082    246.227  336.65811     76.957     73.147     0.1851     0.7626     3.7964     0.8647 2.1949e-07       2640     1.8326         65 0.0000e+00
     29.704   64.67394 -169.47150     30.000     1.9793     1.9815     1.9779    32.7061    32.7169  1026.2774    26.1357    250.416    237.449  336.67858     74.379     70.536     0.1718     0.6826     3.7827     0.8791 1.9671e-07       2731     1.8961         41 0.0000e+00
     30.695   64.67394 -169.47150     31.000     1.9755     1.9764     1.9740    32.7130    32.7256  1026.2879    26.1416    249.408    235.865  336.69303     74.076     70.062     0.1841     0.7563     3.7333     0.9317 9.6283e-10       2751     1.9096         23 0.0000e+00
     31.685   64.67394 -169.47150     32.000     1.9742     1.9750     1.9726    32.7078    32.7281  1026.2886    26.1375    248.989    235.912  336.71781     73.946     70.075     0.1734     0.6925     3.7207     0.9453 1.0000e-12       2784     1.9325         54 0.0000e+00
     32.675   64.67392 -169.47150     33.000     1.9742     1.9753     1.9726    32.7168    32.7283  1026.3005    26.1447    247.410    234.751  336.69472     73.482     69.730     0.2029     0.8691     3.7285     0.9369 2.1182e-07       2876     1.9965         51 0.0000e+00
     33.665   64.67392 -169.47150     34.000     1.9735     1.9743     1.9718    32.7172    32.7311  1026.3056    26.1450    247.778    235.492  336.69963     73.590     69.950     0.1689     0.6655     3.7266     0.9390 2.9838e-07       2897     2.0113         28 0.0000e+00
     34.655   64.67391 -169.47152     35.000     1.9730     1.9737     1.9713    32.7184    32.7349  1026.3113    26.1460    246.969    234.477  336.70061     73.350     69.650     0.1838     0.7545     3.7181     0.9489 4.2549e-07       3188     2.2135        587 0.0000e+00
     35.645   64.67390 -169.47155     36.000     1.9716     1.9724     1.9698    32.7310    32.7401  1026.3262    26.1563    246.508    234.150  336.68039     73.217     69.553     0.1759     0.7076     3.7468     0.9171 1.3487e-06       3675     2.5515         51 0.0000e+00
     36.635   64.67389 -169.47154     37.000     1.9679     1.9676     1.9661    32.7350    32.7466  1026.3345    26.1598    245.996    234.103  336.70083     73.061     69.534     0.1719     0.6836     3.7608     0.9024 3.1465e-07       3715     2.5794         79 0.0000e+00
     37.625   64.67388 -169.47154     38.000     1.9606     1.9616     1.9588    32.7439    32.7543  1026.3468    26.1674    246.028    233.843  336.73990     73.062     69.450     0.2024     0.8665     3.7825     0.8794 3.7266e-07       3814     2.6478        116 0.0000e+00
     38.615   64.67388 -169.47154     39.000     1.9573     1.9577     1.9554    32.7495    32.7601  1026.3563    26.1722    246.151    234.165  336.75354     73.095     69.542     0.1874     0.7762     3.7763     0.8860 -8.015e-09       3906     2.7116         33 0.0000e+00
     39.605   64.67388 -169.47154     40.000     1.9563     1.9575     1.9543    32.7522    32.7622  1026.3632    26.1744    246.661    233.657  336.75551     73.246     69.392     0.1830     0.7501     3.7876     0.8739 5.7238e-07       3941     2.7361         20 0.0000e+00
