EcoFOCI/data/1_SampleCollection/2023_SikuliaqDBO_CruiseData/CTD_raw_BottleFile_SKQ23-12S/proc/skq202312s_004avg.cnv
* Sea-Bird SBE 9 Data File:
* FileName = D:\CTD\SKQ202312S\SKQ202312S_004.hex
* Software Version Seasave V 7.26.7.121
* Temperature SN = 6177
* Conductivity SN = 0369
* Number of Bytes Per Scan = 41
* Number of Voltage Words = 4
* Number of Scans Averaged by the Deck Unit = 1
* NMEA Latitude = 62 13.13 N
* NMEA Longitude = 174 52.60 W
* NMEA UTC (Time) = Sep 15 2023  19:57:17
* NMEA baud rate = 4800
** Ship: R/V Sikuliaq
** Station Number: 004
** Station Name: DBO1.3
** Bottom Depth: 75
** Operator: SS
** Dry cast
# nquan = 25
# nvalues = 70                          
# units = specified
# name 0 = depSM: Depth [salt water, m]
# name 1 = latitude: Latitude [deg]
# name 2 = longitude: Longitude [deg]
# name 3 = prDM: Pressure, Digiquartz [db]
# name 4 = t090C: Temperature [ITS-90, deg C]
# name 5 = t190C: Temperature, 2 [ITS-90, deg C]
# name 6 = potemp090C: Potential Temperature [ITS-90, deg C]
# name 7 = sal00: Salinity, Practical [PSU]
# name 8 = sal11: Salinity, Practical, 2 [PSU]
# name 9 = density00: Density [density, kg/m^3]
# name 10 = sigma-é00: Density [sigma-theta, kg/m^3]
# name 11 = sbox0Mm/Kg: Oxygen, SBE 43 [umol/kg]
# name 12 = sbox1Mm/Kg: Oxygen, SBE 43, 2 [umol/kg]
# name 13 = oxsolMm/Kg: Oxygen Saturation, Garcia & Gordon [umol/kg]
# name 14 = sbeox0PS: Oxygen, SBE 43 [% saturation]
# name 15 = sbeox1PS: Oxygen, SBE 43, 2 [% saturation]
# name 16 = v0: Voltage 0
# name 17 = flECO-AFL: Fluorescence, WET Labs ECO-AFL/FL [mg/m^3]
# name 18 = v1: Voltage 1
# name 19 = CStarAt0: Beam Attenuation, WET Labs C-Star [1/m]
# name 20 = par: PAR/Irradiance, Biospherical/Licor
# name 21 = scan: Scan Count
# name 22 = timeM: Time, Elapsed [minutes]
# name 23 = nbin: number of scans per bin
# name 24 = flag: flag
# span 0 =      1.981,     70.306       
# span 1 =   62.21878,   62.21880       
# span 2 = -174.87668, -174.87664       
# span 3 =      2.000,     71.000       
# span 4 =    -1.5482,     7.7765       
# span 5 =    -1.5469,     7.7771       
# span 6 =    -1.5493,     7.7750       
# span 7 =    30.8165,    31.9054       
# span 8 =    30.8268,    31.9205       
# span 9 =  1024.0446,  1025.9987       
# span 10 =    24.0311,    25.6599      
# span 11 =    283.060,    409.010      
# span 12 =    269.049,    395.285      
# span 13 =  297.13620,  371.46250      
# span 14 =     76.202,    116.339      
# span 15 =     72.443,    110.866      
# span 16 =     0.0630,     0.2581      
# span 17 =     0.0300,     1.2009      
# span 18 =     3.5260,     4.2615      
# span 19 =     0.4023,     1.1603      
# span 20 = 2.2760e-06, 1.4226e+02      
# span 21 =        188,       5538      
# span 22 =     0.1301,     3.8453      
# span 23 =         27,        374      
# span 24 = 0.0000e+00, 0.0000e+00      
# interval = decibars: 1                
# start_time = Sep 15 2023 20:01:28 [NMEA time, first data scan]
# bad_flag = -9.990e-29
*END*
      1.981   62.21880 -174.87666      2.000     7.7166     7.7191     7.7164    30.8241    30.8360  1024.0446    24.0354    286.790    272.230  297.68425     96.340     91.463     0.1883     0.7815     4.0039     0.6517 1.4226e+02        188     0.1301        141 0.0000e+00
      2.971   62.21880 -174.87666      3.000     7.7147     7.7193     7.7144    30.8232    30.8357  1024.0488    24.0350    286.715    272.960  297.69923     96.310     91.708     0.1880     0.7797     4.0004     0.6553 1.3197e+02        519     0.3597        134 0.0000e+00
      3.962   62.21880 -174.87666      4.000     7.7151     7.7170     7.7147    30.8232    30.8342  1024.0534    24.0350    286.928    272.829  297.69617     96.383     91.658     0.1939     0.8154     4.0019     0.6537 1.0585e+02        572     0.3965        131 0.0000e+00
      4.952   62.21880 -174.87666      5.000     7.7118     7.7130     7.7113    30.8213    30.8320  1024.0569    24.0340    286.944    272.998  297.72269     96.380     91.705     0.1959     0.8276     4.0046     0.6511 8.8531e+01        743     0.5151         99 0.0000e+00
      5.942   62.21880 -174.87666      6.000     7.7026     7.7036     7.7021    30.8168    30.8268  1024.0592    24.0317    287.211    272.315  297.79459     96.446     91.453     0.2010     0.8580     4.0057     0.6500 7.2208e+01        839     0.5822        119 0.0000e+00
      6.933   62.21880 -174.87666      7.000     7.7053     7.7054     7.7047    30.8165    30.8271  1024.0632    24.0311    287.143    273.020  297.77682     96.429     91.693     0.2048     0.8811     4.0082     0.6475 6.2155e+01        989     0.6864        128 0.0000e+00
      7.923   62.21880 -174.87666      8.000     7.7058     7.7061     7.7051    30.8171    30.8273  1024.0682    24.0315    286.995    273.177  297.77235     96.381     91.748     0.2087     0.9042     4.0087     0.6470 5.1146e+01       1083     0.7511        122 0.0000e+00
      8.913   62.21880 -174.87666      9.000     7.7131     7.7150     7.7123    30.8229    30.8337  1024.0764    24.0351    287.479    272.690  297.71036     96.563     91.607     0.2080     0.9002     4.0074     0.6483 4.3809e+01       1235     0.8568        105 0.0000e+00
      9.904   62.21880 -174.87666     10.000     7.7545     7.7567     7.7535    30.8499    30.8606  1024.0965    24.0506    286.853    272.383  297.37261     96.462     91.608     0.2027     0.8684     4.0075     0.6482 3.5115e+01       1281     0.8889         45 0.0000e+00
     10.894   62.21880 -174.87666     11.000     7.7598     7.7611     7.7588    30.8577    30.8658  1024.1065    24.0560    286.539    272.608  297.31948     96.374     91.697     0.2067     0.8925     4.0057     0.6499 2.9816e+01       1420     0.9851         38 0.0000e+00
     11.884   62.21880 -174.87666     12.000     7.7544     7.7559     7.7533    30.8548    30.8660  1024.1095    24.0545    286.835    272.384  297.36233     96.460     91.611     0.2006     0.8558     4.0035     0.6522 2.5918e+01       1526     1.0588        111 0.0000e+00
     12.875   62.21880 -174.87666     13.000     7.7652     7.7700     7.7641    30.8661    30.8809  1024.1215    24.0619    286.855    273.463  297.26476     96.498     92.013     0.2028     0.8689     4.0040     0.6517 2.1598e+01       1627     1.1294         35 0.0000e+00
     13.865   62.21880 -174.87666     14.000     7.7654     7.7647     7.7641    30.8672    30.8760  1024.1270    24.0627    286.554    272.919  297.26146     96.398     91.815     0.2158     0.9470     4.0021     0.6536 2.0632e+01       1727     1.1985        135 0.0000e+00
     14.855   62.21880 -174.87666     15.000     7.7722     7.7729     7.7708    30.8788    30.8892  1024.1397    24.0709    286.317    272.027  297.19022     96.341     91.541     0.2200     0.9719     4.0023     0.6534 1.6822e+01       1811     1.2567         45 0.0000e+00
     15.846   62.21880 -174.87666     16.000     7.7765     7.7771     7.7750    30.8886    30.8985  1024.1514    24.0781    286.145    271.984  297.14005     96.300     91.542     0.2029     0.8693     4.0006     0.6550 1.4502e+01       1850     1.2838         40 0.0000e+00
     16.836   62.21880 -174.87666     17.000     7.7755     7.7759     7.7739    30.8936    30.9038  1024.1601    24.0821    286.249    272.387  297.13620     96.336     91.678     0.2144     0.9387     3.9981     0.6575 1.2991e+01       1898     1.3176         61 0.0000e+00
     17.826   62.21880 -174.87666     18.000     7.7693     7.7700     7.7676    30.9075    30.9190  1024.1765    24.0939    286.197    272.434  297.14783     96.315     91.692     0.2263     1.0100     3.9915     0.6642 1.1430e+01       1973     1.3694         73 0.0000e+00
     18.817   62.21880 -174.87666     19.000     7.7498     7.7501     7.7480    30.9244    30.9348  1024.1970    24.1098    286.587    272.332  297.24254     96.415     91.627     0.2355     1.0654     3.9869     0.6688 9.3697e+00       2030     1.4087         39 0.0000e+00
     19.807   62.21880 -174.87666     20.000     7.6801     7.6838     7.6783    30.9376    30.9483  1024.2216    24.1298    287.275    272.784  297.68434     96.503     91.650     0.2317     1.0423     3.9918     0.6638 8.1128e+00       2063     1.4321         32 0.0000e+00
     20.797   62.21880 -174.87666     21.000     7.6034     7.6048     7.6015    30.9770    30.9882  1024.2676    24.1712    287.556    273.038  298.11734     96.457     91.598     0.2581     1.2009     4.0121     0.6436 7.1561e+00       2114     1.4677         72 0.0000e+00
     21.788   62.21880 -174.87666     22.000     6.0594     6.0891     6.0576    31.0524    31.1064  1024.5190    24.4172    299.313    283.787  309.02841     96.854     91.925     0.2446     1.1198     4.0420     0.6139 6.4611e+00       2180     1.5130         50 0.0000e+00
     22.778   62.21878 -174.87666     23.000     3.2233     3.2238     3.2220    31.3237    31.3969  1025.0371    24.9290    311.851    288.577  329.96519     94.403     87.515     0.1879     0.7791     4.1037     0.5533 5.4137e+00       2235     1.5513         57 0.0000e+00
     23.768   62.21879 -174.87666     24.000     0.6896     0.7546     0.6888    31.6464    31.6989  1025.4815    25.3671    396.554    343.670  350.78530    113.070     98.162     0.1575     0.5968     4.1460     0.5123 4.5408e+00       2279     1.5821         31 0.0000e+00
     24.759   62.21880 -174.87666     25.000     0.4380     0.4643     0.4372    31.6389    31.6788  1025.4927    25.3733    396.405    361.848  353.12337    112.257    102.572     0.1534     0.5728     4.1829     0.4768 3.8898e+00       2307     1.6013         27 0.0000e+00
     25.749   62.21879 -174.87666     26.000     0.6244     0.6480     0.6235    31.5914    31.6137  1025.4494    25.3253    409.010    371.616  351.55619    116.339    105.802     0.1557     0.5864     4.1869     0.4730 3.5288e+00       2364     1.6411         99 0.0000e+00
     26.739   62.21878 -174.87666     27.000     0.2041     0.0683     0.2033    31.5897    31.6445  1025.4731    25.3439    402.855    395.285  355.44509    113.343    110.866     0.1697     0.6704     4.1738     0.4855 3.1291e+00       2441     1.6947         35 0.0000e+00
     27.729   62.21878 -174.87666     28.000    -0.1412    -0.1401    -0.1420    31.6257    31.6553  1025.5231    25.3889    396.323    388.205  358.55233    110.534    108.298     0.1512     0.5595     4.2021     0.4584 2.6914e+00       2471     1.7149         27 0.0000e+00
     28.720   62.21878 -174.87666     29.000    -0.2180    -0.2241    -0.2188    31.6202    31.6511  1025.5266    25.3875    396.595    378.365  359.29476    110.381    105.317     0.1496     0.5493     4.2065     0.4542 2.3610e+00       2499     1.7351         31 0.0000e+00
     29.710   62.21878 -174.87666     30.000    -0.4339    -0.4370    -0.4347    31.6267    31.6565  1025.5452    25.4011    406.017    381.824  361.33304    112.367    105.687     0.1521     0.5643     4.2110     0.4499 2.1379e+00       2539     1.7626         51 0.0000e+00
     30.700   62.21878 -174.87666     31.000    -0.6092    -0.6086    -0.6099    31.6288    31.6548  1025.5582    25.4091    397.811    380.808  363.00821    109.588    104.927     0.1542     0.5770     4.2208     0.4406 1.9716e+00       2600     1.8047         67 0.0000e+00
     31.690   62.21878 -174.87666     32.000    -0.7815    -0.7790    -0.7822    31.6314    31.6578  1025.5710    25.4170    391.407    374.257  364.66933    107.333    102.658     0.1511     0.5588     4.2245     0.4371 1.7113e+00       2662     1.8478         49 0.0000e+00
     32.681   62.21878 -174.87666     33.000    -0.9952    -0.9986    -0.9959    31.6566    31.6832  1025.6030    25.4439    388.351    373.349  366.68347    105.910    101.830     0.1453     0.5237     4.2323     0.4298 1.5305e+00       2704     1.8773         40 0.0000e+00
     33.671   62.21878 -174.87666     34.000    -1.2012    -1.2003    -1.2018    31.6713    31.6969  1025.6257    25.4616    384.835    370.195  368.67081    104.385    100.437     0.1414     0.5003     4.2390     0.4235 1.3904e+00       2749     1.9080         48 0.0000e+00
     34.661   62.21878 -174.87666     35.000    -1.2516    -1.2503    -1.2523    31.6761    31.6979  1025.6358    25.4668    375.921    360.573  369.15664    101.833     97.695     0.1368     0.4730     4.2514     0.4118 1.2831e+00       2791     1.9377         36 0.0000e+00
     35.651   62.21878 -174.87666     36.000    -1.3160    -1.3146    -1.3166    31.6844    31.7070  1025.6490    25.4751    365.018    350.087  369.77260     98.715     94.698     0.1287     0.4239     4.2533     0.4100 1.1672e+00       2836     1.9684         51 0.0000e+00
     36.641   62.21878 -174.87666     37.000    -1.3882    -1.3872    -1.3888    31.7159    31.7355  1025.6812    25.5024    356.911    343.566  370.40033     96.358     92.772     0.1224     0.3863     4.2615     0.4023 1.0581e+00       2881     1.9999         36 0.0000e+00
     37.632   62.21878 -174.87666     38.000    -1.3896    -1.3882    -1.3902    31.7349    31.7538  1025.7015    25.5179    353.854    339.859  370.35862     95.544     91.782     0.1101     0.3124     4.2505     0.4127 9.6838e-01       2919     2.0263         49 0.0000e+00
     38.622   62.21878 -174.87666     39.000    -1.4030    -1.4015    -1.4037    31.7511    31.7688  1025.7198    25.5313    346.464    332.346  370.44562     93.526     89.731     0.1069     0.2934     4.2327     0.4295 8.9919e-01       2985     2.0723         62 0.0000e+00
     39.612   62.21878 -174.87666     40.000    -1.4074    -1.4062    -1.4081    31.7552    31.7725  1025.7280    25.5347    343.368    329.703  370.47737     92.682     89.009     0.0971     0.2349     4.2232     0.4384 8.3345e-01       3028     2.1023         34 0.0000e+00
     40.602   62.21878 -174.87666     41.000    -1.4106    -1.4093    -1.4113    31.7591    31.7758  1025.7361    25.5380    341.221    327.536  370.49761     92.098     88.419     0.1031     0.2705     4.2214     0.4401 7.6843e-01       3067     2.1289         47 0.0000e+00
     41.592   62.21878 -174.87666     42.000    -1.4219    -1.4206    -1.4227    31.7771    31.7933  1025.7558    25.5528    339.504    324.697  370.55893     91.619     87.638     0.0958     0.2267     4.2122     0.4488 7.0931e-01       3117     2.1642         53 0.0000e+00
     42.583   62.21878 -174.87668     43.000    -1.4575    -1.4560    -1.4582    31.8210    31.8371  1025.7971    25.5893    338.810    324.278  370.78560     91.376     87.472     0.1042     0.2773     4.2091     0.4518 6.5898e-01       3168     2.1992         40 0.0000e+00
     43.573   62.21878 -174.87666     44.000    -1.5262    -1.5250    -1.5269    31.8906    31.9066  1025.8601    25.6474    336.978    322.982  371.26992     90.764     87.008     0.0812     0.1391     4.0518     0.6050 6.0565e-01       3206     2.2260         38 0.0000e+00
     44.563   62.21878 -174.87666     45.000    -1.5432    -1.5413    -1.5440    31.9049    31.9202  1025.8769    25.6594    327.599    315.604  371.39936     88.207     84.992     0.0731     0.0907     3.7299     0.9360 5.6822e-01       3249     2.2555         50 0.0000e+00
     45.553   62.21878 -174.87666     46.000    -1.5456    -1.5443    -1.5464    31.9054    31.9205  1025.8822    25.6598    299.886    289.873  371.42138     80.740     78.056     0.0808     0.1368     3.6416     1.0313 5.4518e-01       3302     2.2923         55 0.0000e+00
     46.544   62.21878 -174.87667     47.000    -1.5468    -1.5456    -1.5476    31.9054    31.9203  1025.8871    25.6599    284.849    273.438  371.43375     76.689     73.628     0.0713     0.0799     3.6203     1.0548 4.8240e-01       3356     2.3300         50 0.0000e+00
     47.534   62.21878 -174.87666     48.000    -1.5468    -1.5458    -1.5477    31.9043    31.9192  1025.8910    25.6590    283.866    271.161  371.43714     76.424     73.014     0.0771     0.1150     3.6111     1.0648 4.2317e-01       3404     2.3629         41 0.0000e+00
     48.524   62.21878 -174.87666     49.000    -1.5471    -1.5460    -1.5480    31.9041    31.9187  1025.8957    25.6588    284.582    271.365  371.44064     76.616     73.068     0.0763     0.1098     3.6091     1.0671 3.6076e-01       3439     2.3874         34 0.0000e+00
     49.514   62.21878 -174.87666     50.000    -1.5474    -1.5463    -1.5483    31.9040    31.9182  1025.9004    25.6587    284.944    271.194  371.44413     76.713     73.021     0.0706     0.0758     3.5998     1.0774 3.0373e-01       3472     2.4103         36 0.0000e+00
     50.504   62.21878 -174.87667     51.000    -1.5474    -1.5459    -1.5483    31.9033    31.9173  1025.9047    25.6582    285.766    270.893  371.44560     76.934     72.940     0.0734     0.0927     3.5985     1.0790 2.4651e-01       3531     2.4517         87 0.0000e+00
     51.494   62.21878 -174.87668     52.000    -1.5474    -1.5462    -1.5483    31.9024    31.9159  1025.9088    25.6574    285.609    271.047  371.44844     76.891     72.980     0.0677     0.0582     3.6003     1.0769 2.0075e-01       3604     2.5021         41 0.0000e+00
     52.485   62.21878 -174.87666     53.000    -1.5477    -1.5466    -1.5486    31.9025    31.9161  1025.9137    25.6575    285.582    271.338  371.45093     76.883     73.058     0.0724     0.0867     3.5934     1.0845 1.6243e-01       3635     2.5237         31 0.0000e+00
     53.475   62.21878 -174.87666     54.000    -1.5478    -1.5465    -1.5487    31.9023    31.9155  1025.9184    25.6573    285.328    271.269  371.45243     76.814     73.039     0.0720     0.0843     3.5846     1.0944 1.2539e-01       3677     2.5529         52 0.0000e+00
     54.465   62.21878 -174.87666     55.000    -1.5481    -1.5469    -1.5490    31.9023    31.9154  1025.9233    25.6574    285.563    271.788  371.45530     76.877     73.178     0.0694     0.0681     3.5651     1.1162 9.4539e-02       3730     2.5893         43 0.0000e+00
     55.455   62.21878 -174.87667     56.000    -1.5470    -1.5447    -1.5479    31.9020    31.9146  1025.9278    25.6571    285.021    270.841  371.44550     76.733     72.927     0.0725     0.0867     3.5625     1.1191 6.7061e-02       3790     2.6315        103 0.0000e+00
     56.445   62.21880 -174.87666     57.000    -1.5479    -1.5468    -1.5489    31.9016    31.9143  1025.9324    25.6568    284.731    270.663  371.45587     76.653     72.875     0.0858     0.1668     3.5495     1.1338 4.5078e-02       3875     2.6906         35 0.0000e+00
     57.435   62.21880 -174.87666     58.000    -1.5482    -1.5469    -1.5492    31.9015    31.9141  1025.9371    25.6567    284.856    270.173  371.45916     76.686     72.743     0.0733     0.0915     3.5607     1.1211 2.6197e-02       3902     2.7090         30 0.0000e+00
