EcoFOCI/data/1_SampleCollection/2023_SikuliaqDBO_CruiseData/CTD_raw_BottleFile_SKQ23-12S/proc/skq202312s_060avg.cnv
* Sea-Bird SBE 9 Data File:
* FileName = D:\CTD\SKQ202312S\SKQ202312S_060.hex
* Software Version Seasave V 7.26.7.121
* Temperature SN = 6177
* Conductivity SN = 0369
* Number of Bytes Per Scan = 41
* Number of Voltage Words = 4
* Number of Scans Averaged by the Deck Unit = 1
* NMEA Latitude = 71 36.06 N
* NMEA Longitude = 165 18.28 W
* NMEA UTC (Time) = Sep 27 2023  22:11:30
* NMEA baud rate = 4800
** Ship: R/V Sikuliaq
** Station Number: 060
** Station Name: IC3
** Bottom Depth: 42
** Operator: SD
# nquan = 25
# nvalues = 36                          
# units = specified
# name 0 = depSM: Depth [salt water, m]
# name 1 = latitude: Latitude [deg]
# name 2 = longitude: Longitude [deg]
# name 3 = prDM: Pressure, Digiquartz [db]
# name 4 = t090C: Temperature [ITS-90, deg C]
# name 5 = t190C: Temperature, 2 [ITS-90, deg C]
# name 6 = potemp090C: Potential Temperature [ITS-90, deg C]
# name 7 = sal00: Salinity, Practical [PSU]
# name 8 = sal11: Salinity, Practical, 2 [PSU]
# name 9 = density00: Density [density, kg/m^3]
# name 10 = sigma-é00: Density [sigma-theta, kg/m^3]
# name 11 = sbox0Mm/Kg: Oxygen, SBE 43 [umol/kg]
# name 12 = sbox1Mm/Kg: Oxygen, SBE 43, 2 [umol/kg]
# name 13 = oxsolMm/Kg: Oxygen Saturation, Garcia & Gordon [umol/kg]
# name 14 = sbeox0PS: Oxygen, SBE 43 [% saturation]
# name 15 = sbeox1PS: Oxygen, SBE 43, 2 [% saturation]
# name 16 = v0: Voltage 0
# name 17 = flECO-AFL: Fluorescence, WET Labs ECO-AFL/FL [mg/m^3]
# name 18 = v1: Voltage 1
# name 19 = CStarAt0: Beam Attenuation, WET Labs C-Star [1/m]
# name 20 = par: PAR/Irradiance, Biospherical/Licor
# name 21 = scan: Scan Count
# name 22 = timeM: Time, Elapsed [minutes]
# name 23 = nbin: number of scans per bin
# name 24 = flag: flag
# span 0 =      1.979,     36.619       
# span 1 =   71.60090,   71.60090       
# span 2 = -165.30478, -165.30476       
# span 3 =      2.000,     37.000       
# span 4 =    -1.0349,     3.1667       
# span 5 =    -1.0335,     3.1737       
# span 6 =    -1.0357,     3.1656       
# span 7 =    30.3826,    32.4838       
# span 8 =    30.3951,    32.4961       
# span 9 =  1024.2406,  1026.2931       
# span 10 =    24.2312,    26.1153      
# span 11 =    268.229,    393.386      
# span 12 =    254.331,    366.930      
# span 13 =  331.71284,  364.69298      
# span 14 =     73.549,    110.482      
# span 15 =     69.748,    103.063      
# span 16 =     0.0751,     0.5590      
# span 17 =     0.1024,     3.0057      
# span 18 =     3.1419,     4.2365      
# span 19 =     0.4258,     1.6219      
# span 20 = 2.5459e+00, 2.2115e+02      
# span 21 =        -58,       3643      
# span 22 =    -0.0410,     2.5292      
# span 23 =         39,        508      
# span 24 = 0.0000e+00, 0.0000e+00      
# interval = decibars: 1                
# start_time = Sep 27 2023 22:14:51 [NMEA time, first data scan]
# bad_flag = -9.990e-29
*END*
      1.979   71.60090 -165.30477      2.000     2.6080     2.6079     2.6079    30.3826    30.3951  1024.2406    24.2312    326.572    311.931  337.34018     96.808     92.476     0.0751     0.1024     4.2354     0.4269 2.2115e+02        -58    -0.0410        104 0.0000e+00
      2.970   71.60090 -165.30478      3.000     2.6297     2.6353     2.6296    30.4031    30.4151  1024.2601    24.2459    326.435    311.728  337.10461     96.835     92.494     0.0754     0.1044     4.2331     0.4290 1.8706e+02        389     0.2691        103 0.0000e+00
      3.959   71.60090 -165.30478      4.000     2.6528     2.6512     2.6526    30.4169    30.4252  1024.2741    24.2552    326.423    311.987  336.87492     96.897     92.614     0.0774     0.1166     4.2365     0.4258 1.6172e+02        513     0.3554        132 0.0000e+00
      4.949   71.60090 -165.30478      5.000     2.6593     2.6553     2.6591    30.4215    30.4295  1024.2820    24.2584    326.361    311.491  336.80787     96.898     92.479     0.0765     0.1108     4.2323     0.4299 1.4034e+02        644     0.4463        112 0.0000e+00
      5.939   71.60090 -165.30478      6.000     2.6653     2.6675     2.6650    30.4284    30.4397  1024.2918    24.2634    326.378    311.737  336.73982     96.923     92.588     0.0791     0.1269     4.2346     0.4277 1.2373e+02        764     0.5300        116 0.0000e+00
      6.928   71.60090 -165.30478      7.000     2.6476     2.6512     2.6473    30.4130    30.4283  1024.2856    24.2525    326.261    311.768  336.92810     96.834     92.551     0.0778     0.1187     4.2299     0.4320 1.0949e+02        891     0.6182        128 0.0000e+00
      7.918   71.60090 -165.30478      8.000     2.6467     2.6421     2.6463    30.4154    30.4223  1024.2923    24.2545    326.496    311.357  336.92970     96.903     92.404     0.0775     0.1167     4.2278     0.4340 9.8998e+01       1015     0.7044        124 0.0000e+00
      8.908   71.60090 -165.30478      9.000     2.6386     2.6552     2.6382    30.4107    30.4346  1024.2938    24.2513    326.423    311.784  337.01022     96.859     92.570     0.0797     0.1302     4.2364     0.4259 8.9087e+01       1136     0.7883        120 0.0000e+00
      9.898   71.60090 -165.30478     10.000     2.7294     2.7491     2.7289    30.4870    30.5075  1024.3526    24.3054    325.983    310.798  336.05124     97.004     92.545     0.0787     0.1246     4.2328     0.4294 8.1786e+01       1261     0.8750        128 0.0000e+00
     10.887   71.60090 -165.30478     11.000     2.7290     2.7395     2.7285    30.4898    30.5031  1024.3595    24.3076    325.722    310.347  336.04755     96.927     92.386     0.0787     0.1242     4.2180     0.4433 7.2750e+01       1388     0.9633        116 0.0000e+00
     11.877   71.60090 -165.30478     12.000     2.8115     2.8131     2.8109    30.5585    30.5691  1024.4127    24.3561    325.552    310.842  335.18077     97.127     92.750     0.0800     0.1322     4.2341     0.4281 6.6057e+01       1502     1.0424         96 0.0000e+00
     12.867   71.60090 -165.30478     13.000     2.8406     2.8490     2.8399    30.5934    30.6062  1024.4430    24.3817    324.693    309.701  334.84982     96.967     92.518     0.0867     0.1722     4.1951     0.4652 6.1193e+01       1573     1.0917         57 0.0000e+00
     13.857   71.60090 -165.30476     14.000     2.8595     2.8605     2.8587    30.6062    30.6172  1024.4564    24.3904    324.875    310.148  334.65964     97.076     92.686     0.0852     0.1632     4.2333     0.4289 5.6414e+01       1632     1.1325         61 0.0000e+00
     14.846   71.60090 -165.30478     15.000     2.8613     2.8621     2.8605    30.6073    30.6186  1024.4619    24.3912    324.318    310.079  334.64134     96.915     92.670     0.0814     0.1402     4.2284     0.4334 5.1063e+01       1689     1.1720         48 0.0000e+00
     15.836   71.60090 -165.30476     16.000     2.8692     2.8739     2.8684    30.6122    30.6208  1024.4699    24.3945    324.784    309.247  334.56337     97.077     92.450     0.0798     0.1311     4.2319     0.4301 4.9138e+01       1737     1.2056         48 0.0000e+00
     16.826   71.60090 -165.30476     17.000     2.9880     2.9976     2.9871    30.6508    30.6546  1024.4960    24.4159    324.184    308.462  333.47875     97.213     92.523     0.0844     0.1582     4.2230     0.4386 4.5459e+01       1790     1.2424         53 0.0000e+00
     17.815   71.60090 -165.30476     18.000     3.0836     3.0837     3.0827    30.6939    30.7042  1024.5272    24.4425    324.202    309.496  332.57945     97.481     93.067     0.0941     0.2166     4.2138     0.4473 4.2375e+01       1839     1.2763         46 0.0000e+00
     18.805   71.60090 -165.30476     19.000     3.0737     3.0757     3.0727    30.7296    30.7392  1024.5612    24.4718    324.053    310.217  332.57151     97.439     93.290     0.0941     0.2166     4.2287     0.4332 4.0220e+01       1887     1.3099         53 0.0000e+00
     19.795   71.60090 -165.30476     20.000     3.1667     3.1737     3.1656    30.7668    30.7705  1024.5879    24.4938    322.081    307.696  331.71284     97.096     92.778     0.0929     0.2092     4.2266     0.4352 3.8785e+01       1940     1.3466         48 0.0000e+00
     20.784   71.60090 -165.30476     21.000     3.1247     3.1100     3.1235    30.8622    30.8899  1024.6720    24.5732    322.328    307.971  331.81982     97.139     92.798     0.1030     0.2702     4.2000     0.4604 3.6264e+01       1986     1.3782         42 0.0000e+00
     21.774   71.60090 -165.30476     22.000     1.9351     1.8867     1.9341    31.6765    31.7441  1025.4177    25.3136    326.990    315.269  339.74887     96.253     92.732     0.1351     0.4628     4.1930     0.4671 3.4158e+01       2031     1.4099         51 0.0000e+00
     22.764   71.60090 -165.30476     23.000     0.8410     0.7712     0.8402    32.1052    32.1803  1025.8365    25.7270    338.678    318.241  348.20236     97.248     91.279     0.1743     0.6977     4.1470     0.5113 3.2098e+01       2082     1.4452         48 0.0000e+00
     23.753   71.60090 -165.30476     24.000     0.3271     0.1663     0.3263    32.2220    32.3444  1025.9629    25.8483    384.203    352.138  352.54936    108.972     99.559     0.2255     1.0054     4.1683     0.4909 2.8525e+01       2130     1.4788         47 0.0000e+00
     24.743   71.60090 -165.30476     25.000    -0.1016    -0.1036    -0.1024    32.3817    32.4046  1026.1170    25.9974    393.386    366.930  356.07392    110.482    103.063     0.2751     1.3026     3.9890     0.6705 2.6855e+01       2183     1.5151         51 0.0000e+00
     25.733   71.60090 -165.30476     26.000    -0.2098    -0.2109    -0.2106    32.4340    32.4562  1026.1689    26.0443    375.248    351.700  356.94187    105.129     98.546     0.5590     3.0057     3.9095     0.7477 2.3945e+01       2226     1.5448         39 0.0000e+00
     26.722   71.60090 -165.30476     27.000    -0.5492    -0.5669    -0.5499    32.4317    32.4746  1026.1857    26.0561    364.498    346.992  360.16373    101.208     96.332     0.4472     2.3349     3.8877     0.7703 2.0712e+01       2270     1.5756         52 0.0000e+00
     27.712   71.60090 -165.30476     28.000    -0.7311    -0.7276    -0.7318    32.4458    32.4652  1026.2089    26.0743    341.997    329.071  361.86026     94.511     90.962     0.3119     1.5236     3.6191     1.0566 1.8047e+01       2329     1.6167         65 0.0000e+00
     28.702   71.60090 -165.30476     29.000    -0.7373    -0.7374    -0.7380    32.4447    32.4632  1026.2130    26.0737    315.516    302.996  361.92283     87.178     83.730     0.2726     1.2877     3.5169     1.1708 1.5565e+01       2399     1.6651         75 0.0000e+00
     29.691   71.60090 -165.30476     30.000    -0.7671    -0.7712    -0.7678    32.4471    32.4663  1026.2208    26.0767    308.683    295.807  362.20252     85.224     81.672     0.2850     1.3619     3.4766     1.2169 1.3263e+01       2496     1.7326        119 0.0000e+00
     30.681   71.60090 -165.30476     31.000    -0.8251    -0.8310    -0.8259    32.4522    32.4695  1026.2319    26.0828    306.157    292.054  362.74779     84.400     80.510     0.2227     0.9882     3.3434     1.3737 1.0865e+01       2615     1.8153        103 0.0000e+00
     31.671   71.60090 -165.30476     32.000    -0.8188    -0.8683    -0.8195    32.4454    32.4705  1026.2309    26.0771    296.993    280.751  362.70705     81.881     77.319     0.2061     0.8883     3.2381     1.5023 8.8344e+00       2882     2.0006        508 0.0000e+00
     32.660   71.60090 -165.30477     33.000    -1.0179    -1.0194    -1.0186    32.4790    32.4934  1026.2697    26.1109    286.839    262.959  364.53961     78.685     72.139     0.1620     0.6244     3.1907     1.5602 7.1138e+00       3235     2.2458         96 0.0000e+00
     33.650   71.60090 -165.30476     34.000    -1.0318    -1.0305    -1.0326    32.4832    32.4958  1026.2784    26.1147    270.984    258.817  364.66370     74.310     70.984     0.1582     0.6012     3.1715     1.5843 5.6595e+00       3330     2.3116        100 0.0000e+00
     34.639   71.60090 -165.30476     35.000    -1.0336    -1.0310    -1.0344    32.4838    32.4961  1026.2837    26.1153    268.956    255.963  364.67955     73.751     70.200     0.1601     0.6124     3.1609     1.5978 4.4272e+00       3432     2.3828        121 0.0000e+00
     35.629   71.60090 -165.30476     36.000    -1.0343    -1.0327    -1.0351    32.4834    32.4958  1026.2883    26.1150    268.475    254.622  364.68749     73.618     69.829     0.1637     0.6342     3.1475     1.6147 3.4017e+00       3545     2.4609        103 0.0000e+00
     36.619   71.60090 -165.30476     37.000    -1.0349    -1.0335    -1.0357    32.4833    32.4957  1026.2931    26.1150    268.229    254.331  364.69298     73.549     69.748     0.1634     0.6325     3.1419     1.6219 2.5459e+00       3643     2.5292         88 0.0000e+00
