EcoFOCI/data/1_SampleCollection/2023_SikuliaqDBO_CruiseData/CTD_raw_BottleFile_SKQ23-12S/proc/skq202312s_068avg.cnv
* Sea-Bird SBE 9 Data File:
* FileName = D:\CTD\SKQ202312S\SKQ202312S_068.hex
* Software Version Seasave V 7.26.7.121
* Temperature SN = 6177
* Conductivity SN = 0369
* Number of Bytes Per Scan = 41
* Number of Voltage Words = 4
* Number of Scans Averaged by the Deck Unit = 1
* NMEA Latitude = 67 40.62 N
* NMEA Longitude = 168 56.94 W
* NMEA UTC (Time) = Sep 29 2023  21:42:04
* NMEA baud rate = 4800
** Ship: R/V Sikuliaq
** Station Number: 068
** Station Name: DBO3.8
** Bottom Depth: 50
** Operator: SD
# nquan = 25
# nvalues = 45                          
# units = specified
# name 0 = depSM: Depth [salt water, m]
# name 1 = latitude: Latitude [deg]
# name 2 = longitude: Longitude [deg]
# name 3 = prDM: Pressure, Digiquartz [db]
# name 4 = t090C: Temperature [ITS-90, deg C]
# name 5 = t190C: Temperature, 2 [ITS-90, deg C]
# name 6 = potemp090C: Potential Temperature [ITS-90, deg C]
# name 7 = sal00: Salinity, Practical [PSU]
# name 8 = sal11: Salinity, Practical, 2 [PSU]
# name 9 = density00: Density [density, kg/m^3]
# name 10 = sigma-é00: Density [sigma-theta, kg/m^3]
# name 11 = sbox0Mm/Kg: Oxygen, SBE 43 [umol/kg]
# name 12 = sbox1Mm/Kg: Oxygen, SBE 43, 2 [umol/kg]
# name 13 = oxsolMm/Kg: Oxygen Saturation, Garcia & Gordon [umol/kg]
# name 14 = sbeox0PS: Oxygen, SBE 43 [% saturation]
# name 15 = sbeox1PS: Oxygen, SBE 43, 2 [% saturation]
# name 16 = v0: Voltage 0
# name 17 = flECO-AFL: Fluorescence, WET Labs ECO-AFL/FL [mg/m^3]
# name 18 = v1: Voltage 1
# name 19 = CStarAt0: Beam Attenuation, WET Labs C-Star [1/m]
# name 20 = par: PAR/Irradiance, Biospherical/Licor
# name 21 = scan: Scan Count
# name 22 = timeM: Time, Elapsed [minutes]
# name 23 = nbin: number of scans per bin
# name 24 = flag: flag
# span 0 =      1.980,     45.537       
# span 1 =   67.67708,   67.67710       
# span 2 = -168.94940, -168.94924       
# span 3 =      2.000,     46.000       
# span 4 =     2.3103,     4.1979       
# span 5 =     2.3170,     4.1890       
# span 6 =     2.3089,     4.1966       
# span 7 =    26.1397,    32.4251       
# span 8 =    26.1471,    32.4362       
# span 9 =  1020.8381,  1026.0535       
# span 10 =    20.8143,    25.8374      
# span 11 =    237.188,    330.873      
# span 12 =    224.577,    316.436      
# span 13 =  328.22113,  344.57878      
# span 14 =     71.961,     97.788      
# span 15 =     68.142,     93.383      
# span 16 =     0.0789,     0.2613      
# span 17 =     0.1254,     1.2199      
# span 18 =     2.2263,     4.0472      
# span 19 =     0.6087,     2.9963      
# span 20 = 4.6142e-02, 2.2056e+02      
# span 21 =        119,       3830      
# span 22 =     0.0819,     2.6595      
# span 23 =          1,        422      
# span 24 = 0.0000e+00, 0.0000e+00      
# interval = decibars: 1                
# start_time = Sep 29 2023 21:45:22 [NMEA time, first data scan]
# bad_flag = -9.990e-29
*END*
      1.980   67.67708 -168.94924      2.000     3.0698     3.0582     3.0697    26.1586    26.1597  1020.8397    20.8302    330.530    316.436  344.33991     95.989     91.870     0.1825     0.7470     3.9612     0.6947 2.2056e+02        119     0.0819        422 0.0000e+00
      2.970   67.67708 -168.94926      3.000     3.0568     3.0701     3.0566    26.1531    26.1800  1020.8410    20.8267    330.730    315.446  344.46714     96.012     91.624     0.1841     0.7563     3.9489     0.7071 1.7802e+02        518     0.3592         78 0.0000e+00
      3.960   67.67708 -168.94926      4.000     3.0450     3.0455     3.0448    26.1494    26.1604  1020.8436    20.8246    330.847    316.014  344.57878     96.015     91.719     0.1890     0.7858     3.9516     0.7044 1.4673e+02        544     0.3769         71 0.0000e+00
      4.950   67.67708 -168.94926      5.000     3.0813     3.0858     3.0811    26.1397    26.1471  1020.8381    20.8143    330.524    315.996  344.29019     96.002     91.797     0.1867     0.7723     3.9502     0.7058 1.1711e+02        603     0.4180         47 0.0000e+00
      5.940   67.67708 -168.94926      6.000     3.0583     3.0540     3.0581    26.2184    26.2214  1020.9071    20.8786    330.873    316.344  344.28319     96.105     91.877     0.1782     0.7214     3.9489     0.7071 9.5739e+01        650     0.4508         50 0.0000e+00
      6.930   67.67708 -168.94927      7.000     3.1035     3.1025     3.1032    26.3085    26.3002  1020.9804    20.9472    329.289    314.266  343.66014     95.818     91.438     0.1788     0.7250     3.9408     0.7153 7.9114e+01        705     0.4890         55 0.0000e+00
      7.920   67.67708 -168.94928      8.000     3.4172     3.4212     3.4168    26.3766    26.3761  1021.0171    20.9792    325.226    309.521  340.79923     95.430     90.831     0.1995     0.8490     3.9565     0.6994 6.7078e+01        757     0.5247         45 0.0000e+00
      8.910   67.67708 -168.94928      9.000     3.5762     3.5927     3.5757    26.6287    26.6168  1021.2101    21.1676    323.762    310.758  338.81147     95.558     91.750     0.1879     0.7792     3.9973     0.6584 5.6317e+01        799     0.5545         44 0.0000e+00
      9.900   67.67708 -168.94928     10.000     3.6773     3.6694     3.6768    26.7575    26.7735  1021.3095    21.2622    322.673    309.739  337.63334     95.569     91.731     0.1687     0.6639     4.0303     0.6255 4.6234e+01        846     0.5868         46 0.0000e+00
     10.890   67.67708 -168.94928     11.000     3.6328     3.6196     3.6322    26.8793    26.9017  1021.4143    21.3623    317.203    305.049  337.69857     93.931     90.319     0.1531     0.5707     4.0472     0.6087 3.9245e+01        893     0.6197         47 0.0000e+00
     11.880   67.67708 -168.94928     12.000     3.3375     3.3244     3.3369    27.0749    27.0928  1021.5972    21.5405    315.534    302.847  339.67848     92.892     89.140     0.1337     0.4540     4.0098     0.6461 3.3394e+01        939     0.6511         42 0.0000e+00
     12.870   67.67708 -168.94928     13.000     3.0198     3.0102     3.0192    27.3822    27.4013  1021.8698    21.8082    313.047    299.250  341.58650     91.645     87.597     0.1908     0.7969     3.9306     0.7257 2.8504e+01        984     0.6824         45 0.0000e+00
     13.860   67.67708 -168.94928     14.000     3.1409     3.1661     3.1402    27.5343    27.5253  1021.9869    21.9206    316.502    297.295  340.16194     93.048     87.449     0.2389     1.0854     3.9209     0.7356 2.4314e+01       1030     0.7147         44 0.0000e+00
     14.850   67.67708 -168.94928     15.000     3.4127     3.4242     3.4120    27.5858    27.5858  1022.0122    21.9413    329.210    310.708  337.73522     97.477     92.025     0.2613     1.2199     3.9260     0.7304 2.0550e+01       1079     0.7484         54 0.0000e+00
     15.840   67.67708 -168.94930     16.000     3.5410     3.5489     3.5401    27.6207    27.6237  1022.0346    21.9590    329.129    314.235  336.57405     97.788     93.383     0.2613     1.2196     3.9356     0.7205 1.7268e+01       1127     0.7822         44 0.0000e+00
     16.830   67.67708 -168.94930     17.000     3.6029     3.6037     3.6020    27.6414    27.6499  1022.0509    21.9707    324.935    310.590  336.00519     96.705     92.444     0.2533     1.1716     3.9402     0.7159 1.4641e+01       1168     0.8107         38 0.0000e+00
     17.819   67.67708 -168.94930     18.000     3.5695     3.5686     3.5685    27.6435    27.6534  1022.0599    21.9750    322.252    308.098  336.27856     95.829     91.625     0.2576     1.1972     3.9444     0.7117 1.2295e+01       1212     0.8407         47 0.0000e+00
     18.809   67.67708 -168.94930     19.000     3.3810     3.3362     3.3801    27.7057    27.7522  1022.1286    22.0388    321.965    308.023  337.70402     95.339     91.141     0.2533     1.1716     3.9561     0.6999 1.0354e+01       1261     0.8750         51 0.0000e+00
     19.799   67.67708 -168.94930     20.000     2.8689     2.8550     2.8679    27.8897    27.9207  1022.3181    22.2233    321.002    307.415  341.56254     93.982     89.994     0.2185     0.9630     3.9428     0.7132 8.7608e+00       1313     0.9109         53 0.0000e+00
     20.789   67.67708 -168.94930     21.000     3.5363     3.6722     3.5351    28.1718    28.0832  1022.4951    22.3961    313.926    295.242  335.26209     93.641     88.302     0.1930     0.8099     3.9483     0.7079 7.4161e+00       1364     0.9464         45 0.0000e+00
     21.779   67.67708 -168.94930     22.000     4.1979     4.1890     4.1966    28.2212    28.2456  1022.4845    22.3811    321.264    301.654  329.68495     97.444     91.489     0.2370     1.0742     4.0080     0.6477 6.4172e+00       1408     0.9770         43 0.0000e+00
     22.769   67.67708 -168.94930     23.000     3.9310     3.9143     3.9297    28.5107    28.5348  1022.7424    22.6343    313.754    305.282  331.12446     94.754     92.175     0.2450     1.1221     4.0311     0.6247 5.4626e+00       1450     1.0063         46 0.0000e+00
     23.759   67.67708 -168.94932     24.000     3.0882     3.0517     3.0870    28.6985    28.7507  1022.9648    22.8514    312.000    300.363  337.62906     92.412     88.920     0.2454     1.1244     4.0143     0.6413 4.6175e+00       1503     1.0429         56 0.0000e+00
     24.749   67.67708 -168.94932     25.000     3.1560     3.1434     3.1547    28.9874    29.0162  1023.1948    23.0768    308.003    290.683  336.31201     91.577     86.422     0.2297     1.0299     3.9979     0.6578 4.0472e+00       1558     1.0811         48 0.0000e+00
     25.739   67.67708 -168.94932     26.000     2.7418     2.7302     2.7405    29.2676    29.2956  1023.4544    23.3314    319.067    302.338  339.07972     94.098     89.157     0.2027     0.8686     3.9704     0.6857 3.5836e+00       1600     1.1105         41 0.0000e+00
     26.729   67.67708 -168.94932     27.000     2.5795     2.5720     2.5782    29.4938    29.5169  1023.6515    23.5238    309.562    295.427  339.87514     91.081     86.921     0.1978     0.8387     3.9610     0.6950 3.1412e+00       1642     1.1396         42 0.0000e+00
     27.719   67.67708 -168.94932     28.000     2.4154     2.3987     2.4141    29.6989    29.7374  1023.8317    23.6991    306.554    291.389  340.74807     89.965     85.504     0.1715     0.6808     3.9618     0.6941 2.7506e+00       1689     1.1723         51 0.0000e+00
     28.708   67.67708 -168.94932     29.000     2.3103     2.3170     2.3089    29.9958    30.0050  1024.0810    23.9437    301.515    287.294  340.87723     88.453     84.301     0.1589     0.6054     3.8748     0.7829 2.4467e+00       1744     1.2103         52 0.0000e+00
     29.698   67.67708 -168.94932     30.000     2.4320     2.4350     2.4305    30.0844    30.0970  1024.1479    24.0060    302.110    286.256  339.60456     88.959     84.306     0.1387     0.4844     3.8747     0.7831 2.1603e+00       1792     1.2436         46 0.0000e+00
     30.688   67.67708 -168.94932     31.000     2.4213     2.4254     2.4198    30.1373    30.1502  1024.1956    24.0490    304.416    288.403  339.55887     89.651     84.952     0.1372     0.4752     3.8683     0.7896 1.8823e+00       1837     1.2749         48 0.0000e+00
     31.678   67.67708 -168.94932     32.000     2.4936     2.4971     2.4921    30.2411    30.2712  1024.2780    24.1267    308.710    292.779  338.67443     91.152     86.476     0.1340     0.4561     3.8000     0.8609 1.6435e+00       1889     1.3111         49 0.0000e+00
     32.668   67.67708 -168.94932     33.000     2.4690     2.4993     2.4674    30.7030    30.6814  1024.6534    24.4974    301.915    288.714  337.69433     89.402     85.543     0.1216     0.3816     3.8219     0.8379 1.4376e+00       1934     1.3423         38 0.0000e+00
     33.658   67.67708 -168.94932     34.000     3.2375     3.2505     3.2355    31.9356    31.9239  1025.5787    25.4191    286.061    271.928  328.22113     87.152     82.865     0.1045     0.2788     3.7495     0.9149 1.2353e+00       1978     1.3727         53 0.0000e+00
     34.648   67.67708 -168.94934     35.000     3.0781     3.0769     3.0761    32.2295    32.2422  1025.8318    25.6675    272.930    268.023  328.77174     83.015     81.528     0.0921     0.2048     3.4495     1.2492 1.0776e+00       2034     1.4121         53 0.0000e+00
     35.637   67.67709 -168.94934     36.000     3.0715     3.0722     3.0694    32.2351    32.2470  1025.8415    25.6725    243.709    236.290  328.81151     74.118     71.870     0.0845     0.1588     3.2893     1.4385 9.3847e-01       2085     1.4472         50 0.0000e+00
     36.627   67.67709 -168.94934     37.000     3.0539     3.0537     3.0518    32.2529    32.2662  1025.8620    25.6882    240.239    229.575  328.90974     73.041     69.805     0.0813     0.1399     3.2706     1.4612 7.9059e-01       2147     1.4905         70 0.0000e+00
     37.617   67.67709 -168.94934     38.000     3.0177     3.0154     3.0156    32.2673    32.2846  1025.8812    25.7028    242.541    230.945  329.16816     73.683     70.166     0.0803     0.1337     3.2800     1.4502 6.4921e-01       2211     1.5347         64 0.0000e+00
     38.607   67.67710 -168.94934     39.000     2.9738     2.9737     2.9716    32.2969    32.3071  1025.9133    25.7302    245.173    232.864  329.45160     74.419     70.688     0.0789     0.1254     3.4249     1.2784 5.0383e-01       2303     1.5988        119 0.0000e+00
     39.597   67.67710 -168.94934     40.000     3.0048     3.0060     3.0026    32.3098    32.3219  1025.9256    25.7378    245.291    233.083  329.16675     74.519     70.818     0.0800     0.1316     3.2126     1.5322 3.9105e-01       2414     1.6759         76 0.0000e+00
     40.587   67.67710 -168.94938     41.000     2.9945     2.9947     2.9922    32.3176    32.3304  1025.9374    25.7449    242.725    230.747  329.23128     73.725     70.094     0.0817     0.1421     3.2084     1.5382 2.8603e-01       2960     2.0548        156 0.0000e+00
     41.577   67.67710 -168.94938     42.000     2.9673     2.9668     2.9649    32.3390    32.3528  1025.9616    25.7643    242.335    229.688  329.39938     73.569     69.736     0.0837     0.1542     3.0459     1.7462 2.1467e-01       3238     2.2483        111 0.0000e+00
     42.566   67.67710 -168.94940     43.000     2.9366     2.9375     2.9342    32.3737    32.3862  1025.9966    25.7946    240.863    228.767  329.56270     73.086     69.424     0.0840     0.1562     2.8987     1.9465 1.6926e-01       3340     2.3191        111 0.0000e+00
     43.556   67.67710 -168.94940     44.000     2.9211     2.9217     2.9187    32.3980    32.4117  1026.0220    25.8153    238.091    226.900  329.62804     72.230     68.843     0.0886     0.1835     2.6318     2.3325 1.2241e-01       3444     2.3908         99 0.0000e+00
     44.546   67.67710 -168.94940     45.000     2.9167     2.9172     2.9142    32.4202    32.4339  1026.0448    25.8334    237.188    225.478  329.60859     71.961     68.416     0.0918     0.2026     2.3574     2.7779 7.6732e-02       3574     2.4813        204 0.0000e+00
     45.537   67.67710 -168.94940     46.000     2.9161     2.9170     2.9137    32.4251    32.4362  1026.0535    25.8374    237.254    224.577  329.60083     71.983     68.142     0.0988     0.2455     2.2263     2.9963 4.6142e-02       3830     2.6595          1 0.0000e+00
