EcoFOCI/data/1_SampleCollection/2023_SikuliaqDBO_CruiseData/CTD_raw_BottleFile_SKQ23-12S/proc/skq202312s_077.cnv
* Sea-Bird SBE 9 Data File:
* FileName = D:\CTD\SKQ202312S\SKQ202312S_077.hex
* Software Version Seasave V 7.26.7.121
* Temperature SN = 6177
* Conductivity SN = 0369
* Number of Bytes Per Scan = 41
* Number of Voltage Words = 4
* Number of Scans Averaged by the Deck Unit = 1
* NMEA Latitude = 65 46.95 N
* NMEA Longitude = 168 50.45 W
* NMEA UTC (Time) = Oct 03 2023  04:36:08
* NMEA baud rate = 4800
** Ship: R/V Sikuliaq
** Station Number: 077
** Station Name: BS8
** Bottom Depth: 47
** Operator: SD
# nquan = 24
# nvalues = 4966                                  
# units = specified
# name 0 = depSM: Depth [salt water, m]
# name 1 = latitude: Latitude [deg]
# name 2 = longitude: Longitude [deg]
# name 3 = prDM: Pressure, Digiquartz [db]
# name 4 = t090C: Temperature [ITS-90, deg C]
# name 5 = t190C: Temperature, 2 [ITS-90, deg C]
# name 6 = potemp090C: Potential Temperature [ITS-90, deg C]
# name 7 = sal00: Salinity, Practical [PSU]
# name 8 = sal11: Salinity, Practical, 2 [PSU]
# name 9 = density00: Density [density, kg/m^3]
# name 10 = sigma-é00: Density [sigma-theta, kg/m^3]
# name 11 = sbox0Mm/Kg: Oxygen, SBE 43 [umol/kg]
# name 12 = sbox1Mm/Kg: Oxygen, SBE 43, 2 [umol/kg]
# name 13 = oxsolMm/Kg: Oxygen Saturation, Garcia & Gordon [umol/kg]
# name 14 = sbeox0PS: Oxygen, SBE 43 [% saturation]
# name 15 = sbeox1PS: Oxygen, SBE 43, 2 [% saturation]
# name 16 = v0: Voltage 0
# name 17 = flECO-AFL: Fluorescence, WET Labs ECO-AFL/FL [mg/m^3]
# name 18 = v1: Voltage 1
# name 19 = CStarAt0: Beam Attenuation, WET Labs C-Star [1/m]
# name 20 = par: PAR/Irradiance, Biospherical/Licor
# name 21 = scan: Scan Count
# name 22 = timeM: Time, Elapsed [minutes]
# name 23 = flag:  0.000e+00
# span 0 =      2.737,     43.126                 
# span 1 =   65.78198,   65.78216                 
# span 2 = -168.84226, -168.84170                 
# span 3 =      2.764,     43.560                 
# span 4 =     2.8089,     5.7676                 
# span 5 =     2.8092,     5.7722                 
# span 6 =     2.8076,     5.7673                 
# span 7 =    28.3176,    32.9114                 
# span 8 =    28.2585,    32.9230                 
# span 9 =  1022.3250,  1026.4158                 
# span 10 =    22.3085,    26.2122                
# span 11 =    238.650,    296.629                
# span 12 =    229.438,    284.369                
# span 13 =  314.12370,  329.72979                
# span 14 =     72.950,     93.563                
# span 15 =     70.140,     89.588                
# span 16 =     0.1563,     0.4371                
# span 17 =     0.5897,     2.2747                
# span 18 =     3.6752,     3.9731                
# span 19 =     0.6826,     0.9945                
# span 20 = 1.0000e-12, 2.7170e+00                
# span 21 =          1,       4966                
# span 22 =     0.0000,     3.4479                
# span 23 = 0.0000e+00, 0.0000e+00                
# interval = seconds: 0.0416667
# start_time = Oct 03 2023 04:40:00 [NMEA time, first data scan]
# bad_flag = -9.990e-29
*END*
[from data line 1933]
     17.013   65.78206 -168.84202     17.183     3.2805     3.2713     3.2795    32.4474    32.4720  1025.9039    25.8234    286.204    275.569  326.59701     87.632     84.373     0.2308     1.0366     3.9096     0.7471 9.0697e-02       1934     1.3424  0.000e+00
     17.106   65.78206 -168.84202     17.277     3.2775     3.2688     3.2765    32.4492    32.4729  1025.9061    25.8251    286.169    275.560  326.61635     87.616     84.365     0.2295     1.0293     3.9072     0.7496 9.0110e-02       1935     1.3431  0.000e+00
     17.168   65.78206 -168.84202     17.339     3.2749     3.2662     3.2739    32.4511    32.4752  1025.9081    25.8268    286.345    275.764  326.63230     87.666     84.424     0.2308     1.0366     3.9060     0.7508 8.0369e-02       1936     1.3438  0.000e+00
     17.129   65.78206 -168.84202     17.300     3.2723     3.2640     3.2713    32.4526    32.4759  1025.9094    25.8283    286.120    275.600  326.64950     87.592     84.370     0.2295     1.0293     3.9060     0.7508 7.4853e-02       1937     1.3444  0.000e+00
     17.168   65.78206 -168.84202     17.339     3.2699     3.2624     3.2689    32.4542    32.4770  1025.9110    25.8297    286.113    275.606  326.66493     87.586     84.369     0.2295     1.0293     3.9060     0.7508 7.4310e-02       1938     1.3451  0.000e+00
     17.222   65.78206 -168.84202     17.394     3.2674     3.2605     3.2663    32.4561    32.4781  1025.9130    25.8315    285.894    275.615  326.68078     87.515     84.368     0.2295     1.0293     3.9060     0.7508 7.9810e-02       1939     1.3458  0.000e+00
     17.191   65.78206 -168.84202     17.363     3.2651     3.2593     3.2641    32.4576    32.4789  1025.9143    25.8329    285.817    275.618  326.69484     87.488     84.367     0.2308     1.0366     3.9072     0.7496 8.3186e-02       1940     1.3465  0.000e+00
     17.222   65.78206 -168.84202     17.394     3.2629     3.2578     3.2619    32.4587    32.4793  1025.9155    25.8340    285.996    275.627  326.70977     87.538     84.367     0.2308     1.0366     3.9060     0.7508 8.4324e-02       1941     1.3472  0.000e+00
     17.283   65.78206 -168.84202     17.456     3.2607     3.2560     3.2597    32.4601    32.4805  1025.9171    25.8353    285.745    275.446  326.72386     87.458     84.309     0.2295     1.0293     3.9060     0.7508 8.4324e-02       1942     1.3479  0.000e+00
     17.245   65.78206 -168.84202     17.417     3.2590     3.2544     3.2580    32.4603    32.4811  1025.9172    25.8356    285.707    275.603  326.73713     87.442     84.354     0.2308     1.0366     3.9060     0.7508 8.4324e-02       1943     1.3486  0.000e+00
     17.337   65.78206 -168.84202     17.511     3.2568     3.2521     3.2558    32.4615    32.4823  1025.9189    25.8368    285.679    275.598  326.75205     87.430     84.348     0.2344     1.0586     3.9060     0.7508 8.4324e-02       1944     1.3493  0.000e+00
     17.337   65.78206 -168.84202     17.511     3.2549     3.2502     3.2539    32.4626    32.4832  1025.9199    25.8378    285.862    275.395  326.76438     87.483     84.283     0.2454     1.1245     3.9072     0.7496 7.8144e-02       1945     1.3500  0.000e+00
     17.299   65.78206 -168.84202     17.472     3.2532     3.2479     3.2522    32.4631    32.4845  1025.9203    25.8384    285.685    275.387  326.77677     87.425     84.276     0.2479     1.1392     3.9060     0.7508 6.8962e-02       1946     1.3507  0.000e+00
     17.391   65.78206 -168.84202     17.565     3.2512     3.2457     3.2501    32.4641    32.4857  1025.9217    25.8393    285.665    275.385  326.79110     87.415     84.272     0.2479     1.1392     3.9060     0.7508 6.6343e-02       1947     1.3514  0.000e+00
     17.391   65.78206 -168.84202     17.565     3.2496     3.2435     3.2485    32.4650    32.4864  1025.9226    25.8402    285.424    275.383  326.80166     87.339     84.267     0.2479     1.1392     3.9060     0.7508 7.0550e-02       1948     1.3521  0.000e+00
     17.414   65.78206 -168.84202     17.588     3.2473     3.2411     3.2463    32.4659    32.4879  1025.9236    25.8411    285.591    275.576  326.81749     87.385     84.322     0.2479     1.1392     3.9060     0.7508 7.8698e-02       1949     1.3528  0.000e+00
     17.391   65.78206 -168.84202     17.565     3.2445     3.2383     3.2435    32.4677    32.4897  1025.9251    25.8427    285.365    275.384  326.83582     87.311     84.259     0.2466     1.1319     3.9060     0.7508 8.0929e-02       1950     1.3535  0.000e+00
     17.453   65.78206 -168.84202     17.627     3.2420     3.2355     3.2409    32.4691    32.4915  1025.9268    25.8441    285.325    275.390  326.85238     87.295     84.256     0.2479     1.1392     3.9060     0.7508 8.0369e-02       1951     1.3542  0.000e+00
     17.476   65.78206 -168.84202     17.651     3.2395     3.2328     3.2384    32.4707    32.4927  1025.9283    25.8456    285.289    275.396  326.86870     87.279     84.253     0.2466     1.1319     3.9060     0.7508 7.8144e-02       1952     1.3549  0.000e+00
     17.507   65.78206 -168.84202     17.682     3.2366     3.2303     3.2356    32.4724    32.4946  1025.9301    25.8472    285.259    275.403  326.88711     87.265     84.251     0.2479     1.1392     3.9060     0.7508 7.7591e-02       1953     1.3556  0.000e+00
     17.569   65.78206 -168.84202     17.744     3.2338     3.2274     3.2327    32.4744    32.4962  1025.9323    25.8491    285.234    275.415  326.90536     87.253     84.250     0.2466     1.1319     3.9060     0.7508 7.7591e-02       1954     1.3563  0.000e+00
     17.530   65.78206 -168.84202     17.705     3.2309     3.2247     3.2299    32.4754    32.4980  1025.9332    25.8502    285.211    275.401  326.92546     87.240     84.241     0.2479     1.1392     3.9048     0.7521 8.1491e-02       1955     1.3569  0.000e+00
     17.569   65.78206 -168.84202     17.744     3.2281     3.2219     3.2271    32.4774    32.4995  1025.9352    25.8520    285.194    275.391  326.94329     87.230     84.233     0.2466     1.1319     3.9035     0.7533 8.3754e-02       1956     1.3576  0.000e+00
     17.623   65.78206 -168.84202     17.799     3.2254     3.2192     3.2244    32.4797    32.5015  1025.9375    25.8541    284.964    275.212  326.95946     87.156     84.174     0.2466     1.1319     3.9035     0.7533 8.3186e-02       1957     1.3583  0.000e+00
     17.592   65.78206 -168.84202     17.768     3.2228     3.2164     3.2217    32.4819    32.5036  1025.9393    25.8560    284.917    275.397  326.97522     87.137     84.226     0.2466     1.1319     3.9035     0.7533 8.2619e-02       1958     1.3590  0.000e+00
     17.623   65.78206 -168.84202     17.799     3.2201     3.2138     3.2191    32.4838    32.5056  1025.9412    25.8578    284.880    275.414  326.99186     87.121     84.227     0.2479     1.1392     3.9035     0.7533 8.2054e-02       1959     1.3597  0.000e+00
     17.684   65.78206 -168.84202     17.861     3.2174     3.2120     3.2163    32.4856    32.5065  1025.9432    25.8594    284.850    275.429  327.00933     87.108     84.229     0.2466     1.1319     3.9035     0.7533 8.2054e-02       1960     1.3604  0.000e+00
     17.700   65.78206 -168.84202     17.877     3.2152     3.2100     3.2142    32.4872    32.5080  1025.9447    25.8609    284.820    275.253  327.02298     87.095     84.172     0.2479     1.1392     3.9035     0.7533 8.0369e-02       1961     1.3611  0.000e+00
     17.684   65.78206 -168.84202     17.861     3.2132     3.2087     3.2121    32.4884    32.5084  1025.9458    25.8620    284.794    275.246  327.03631     87.083     84.167     0.2479     1.1392     3.9035     0.7533 7.8698e-02       1962     1.3618  0.000e+00
     17.738   65.78206 -168.84202     17.916     3.2116     3.2077     3.2105    32.4895    32.5092  1025.9471    25.8631    284.774    275.240  327.04636     87.074     84.164     0.2479     1.1392     3.9035     0.7533 7.8698e-02       1963     1.3625  0.000e+00
     17.761   65.78206 -168.84202     17.939     3.2103     3.2063     3.2093    32.4907    32.5099  1025.9483    25.8642    284.754    275.240  327.05321     87.067     84.161     0.2479     1.1392     3.9035     0.7533 7.4310e-02       1964     1.3632  0.000e+00
     17.738   65.78206 -168.84202     17.916     3.2089     3.2056     3.2079    32.4920    32.5107  1025.9493    25.8653    284.525    275.235  327.06177     86.994     84.159     0.2466     1.1319     3.9035     0.7533 7.0019e-02       1965     1.3639  0.000e+00
     17.792   65.78206 -168.84202     17.970     3.2078     3.2045     3.2067    32.4930    32.5116  1025.9505    25.8662    284.485    275.239  327.06817     86.980     84.159     0.2479     1.1392     3.9035     0.7533 6.8962e-02       1966     1.3646  0.000e+00
     17.815   65.78206 -168.84202     17.993     3.2066     3.2034     3.2055    32.4940    32.5121  1025.9515    25.8671    284.452    275.245  327.07561     86.968     84.158     0.2466     1.1319     3.9035     0.7533 6.8962e-02       1967     1.3653  0.000e+00
     17.792   65.78206 -168.84202     17.970     3.2054     3.2023     3.2043    32.4949    32.5132  1025.9522    25.8679    284.424    275.035  327.08279     86.958     84.093     0.2479     1.1392     3.9035     0.7533 6.8435e-02       1968     1.3660  0.000e+00
     17.815   65.78206 -168.84202     17.993     3.2043     3.2015     3.2033    32.4959    32.5140  1025.9532    25.8688    284.404    275.022  327.08895     86.950     84.087     0.2466     1.1319     3.9035     0.7533 6.8435e-02       1969     1.3667  0.000e+00
     17.908   65.78206 -168.84202     18.087     3.2034     3.2008     3.2024    32.4963    32.5144  1025.9540    25.8692    284.394    274.992  327.09530     86.945     84.077     0.2466     1.1319     3.9023     0.7546 6.8962e-02       1970     1.3674  0.000e+00
     17.854   65.78206 -168.84202     18.032     3.2023     3.1999     3.2012    32.4976    32.5154  1025.9549    25.8703    284.169    275.176  327.10116     86.875     84.132     0.2442     1.1172     3.9035     0.7533 6.8962e-02       1971     1.3681  0.000e+00
     17.931   65.78206 -168.84202     18.110     3.2015     3.1989     3.2004    32.4980    32.5163  1025.9556    25.8707    284.139    275.004  327.10660     86.864     84.078     0.2454     1.1245     3.9035     0.7533 6.8962e-02       1972     1.3687  0.000e+00
     17.908   65.78206 -168.84202     18.087     3.2006     3.1980     3.1995    32.4990    32.5170  1025.9564    25.8716    284.113    275.003  327.11141     86.855     84.076     0.2442     1.1172     3.9035     0.7533 6.8435e-02       1973     1.3694  0.000e+00
     17.970   65.78206 -168.84202     18.149     3.1996     3.1972     3.1985    32.5002    32.5179  1025.9578    25.8727    284.099    275.008  327.11643     86.850     84.077     0.2454     1.1245     3.9023     0.7546 6.6343e-02       1974     1.3701  0.000e+00
     17.931   65.78206 -168.84202     18.110     3.1983     3.1967     3.1973    32.5013    32.5185  1025.9586    25.8737    284.092    275.010  327.12360     86.846     84.077     0.2442     1.1172     3.8877     0.7696 6.5306e-02       1975     1.3708  0.000e+00
     18.024   65.78206 -168.84202     18.204     3.1977     3.1959     3.1966    32.5017    32.5187  1025.9594    25.8740    284.096    275.002  327.12787     86.845     84.073     0.2454     1.1245     3.8791     0.7784 6.7910e-02       1976     1.3715  0.000e+00
     17.969   65.78206 -168.84202     18.149     3.1966     3.1950     3.1956    32.5031    32.5192  1025.9604    25.8752    283.888    274.797  327.13294     86.781     84.009     0.2442     1.1172     3.8779     0.7797 7.8144e-02       1977     1.3722  0.000e+00
     18.047   65.78206 -168.84202     18.227     3.1960     3.1938     3.1949    32.5030    32.5207  1025.9607    25.8752    283.876    274.580  327.13828     86.775     83.941     0.2454     1.1245     3.8791     0.7784 8.2619e-02       1978     1.3729  0.000e+00
     18.085   65.78206 -168.84202     18.266     3.1954     3.1931     3.1943    32.5035    32.5203  1025.9614    25.8757    283.871    274.729  327.14219     86.773     83.985     0.2442     1.1172     3.8791     0.7784 8.3186e-02       1979     1.3736  0.000e+00
     18.023   65.78206 -168.84202     18.204     3.1944     3.1919     3.1934    32.5042    32.5213  1025.9616    25.8763    283.839    274.709  327.14795     86.762     83.977     0.2454     1.1245     3.8791     0.7784 8.2054e-02       1980     1.3743  0.000e+00
     18.101   65.78206 -168.84202     18.282     3.1933     3.1910     3.1923    32.5053    32.5217  1025.9630    25.8773    283.821    274.697  327.15417     86.754     83.971     0.2442     1.1172     3.8791     0.7784 8.1491e-02       1981     1.3750  0.000e+00
     18.085   65.78206 -168.84202     18.266     3.1926     3.1903     3.1915    32.5057    32.5227  1025.9633    25.8777    283.807    274.682  327.15920     86.749     83.966     0.2454     1.1245     3.8791     0.7784 8.0929e-02       1982     1.3757  0.000e+00
     18.139   65.78206 -168.84202     18.321     3.1916     3.1895     3.1905    32.5064    32.5233  1025.9642    25.8783    283.805    274.674  327.16570     86.747     83.962     0.2442     1.1172     3.8791     0.7784 7.6491e-02       1983     1.3764  0.000e+00
     18.101   65.78206 -168.84202     18.282     3.1908     3.1889     3.1898    32.5071    32.5237  1025.9646    25.8789    283.807    274.473  327.17000     86.746     83.900     0.2442     1.1172     3.8791     0.7784 7.3228e-02       1984     1.3771  0.000e+00
     18.139   65.78206 -168.84202     18.321     3.1900     3.1880     3.1890    32.5078    32.5247  1025.9655    25.8796    283.856    274.475  327.17450     86.760     83.899     0.2454     1.1245     3.8791     0.7784 7.3228e-02       1985     1.3778  0.000e+00
     18.193   65.78206 -168.84202     18.375     3.1891     3.1867     3.1880    32.5086    32.5259  1025.9665    25.8803    283.881    274.462  327.18041     86.766     83.893     0.2454     1.1245     3.8791     0.7784 7.3768e-02       1986     1.3785  0.000e+00
     18.216   65.78206 -168.84202     18.398     3.1883     3.1856     3.1872    32.5088    32.5268  1025.9668    25.8805    283.913    274.451  327.18578     86.774     83.888     0.2454     1.1245     3.8791     0.7784 7.4310e-02       1987     1.3792  0.000e+00
     18.193   65.78206 -168.84202     18.375     3.1873     3.1844     3.1863    32.5098    32.5276  1025.9676    25.8814    283.700    274.252  327.19109     86.708     83.825     0.2442     1.1172     3.8791     0.7784 7.4310e-02       1988     1.3799  0.000e+00
     18.216   65.78206 -168.84202     18.398     3.1859     3.1831     3.1848    32.5109    32.5289  1025.9687    25.8824    283.683    274.230  327.20002     86.700     83.817     0.2454     1.1245     3.8791     0.7784 7.4310e-02       1989     1.3806  0.000e+00
     18.255   65.78206 -168.84202     18.437     3.1847     3.1816     3.1836    32.5118    32.5301  1025.9697    25.8832    283.493    274.409  327.20769     86.640     83.869     0.2442     1.1172     3.8791     0.7784 7.4310e-02       1990     1.3813  0.000e+00
     18.255   65.78206 -168.84202     18.437     3.1833     3.1803     3.1823    32.5128    32.5306  1025.9707    25.8842    283.676    274.204  327.21580     86.694     83.804     0.2454     1.1245     3.8791     0.7784 7.4310e-02       1991     1.3819  0.000e+00
     18.332   65.78206 -168.84202     18.515     3.1819     3.1789     3.1808    32.5136    32.5316  1025.9718    25.8849    283.690    274.007  327.22590     86.695     83.742     0.2442     1.1172     3.8791     0.7784 7.3228e-02       1992     1.3826  0.000e+00
