EcoFOCI/data/1_SampleCollection/2023_SikuliaqDBO_CruiseData/CTD_raw_BottleFile_SKQ23-12S/proc/skq202312s_006svpavg.cnv
* Sea-Bird SBE 9 Data File:
* FileName = D:\CTD\SKQ202312S\SKQ202312S_006.hex
* Software Version Seasave V 7.26.7.121
* Temperature SN = 6177
* Conductivity SN = 0369
* Number of Bytes Per Scan = 41
* Number of Voltage Words = 4
* Number of Scans Averaged by the Deck Unit = 1
* NMEA Latitude = 62 28.06 N
* NMEA Longitude = 174 05.08 W
* NMEA UTC (Time) = Sep 16 2023  02:34:40
* NMEA baud rate = 4800
** Ship: R/V Sikuliaq
** Station Number: 006
** Station Name: DBO1.5
** Bottom Depth: 68
** Operator: SD
# nquan = 7
# nvalues = 62                          
# units = specified
# name 0 = depSM: Depth [salt water, m]
# name 1 = latitude: Latitude [deg]
# name 2 = longitude: Longitude [deg]
# name 3 = t090C: Temperature [ITS-90, deg C]
# name 4 = sal00: Salinity, Practical [PSU]
# name 5 = svCM: Sound Velocity [Chen-Millero, m/s]
# name 6 = flag: flag
# span 0 =      1.000,     62.000       
# span 1 =   62.46776,   62.46776       
# span 2 = -174.08477, -174.08474       
# span 3 =    -1.5153,     7.7881       
# span 4 =    30.9173,    31.9196       
# span 5 =    1438.25,    1476.71       
# span 6 = 0.0000e+00, 0.0000e+00       
# interval = meters: 1                  
# start_time = Sep 16 2023 02:39:43 [NMEA time, first data scan]
# bad_flag = -9.990e-29
*END*
      1.000   62.46776 -174.08474     7.7655    30.9382    1476.56 0.0000e+00
      2.000   62.46776 -174.08474     7.7829    30.9275    1476.63 0.0000e+00
      3.000   62.46776 -174.08474     7.7810    30.9284    1476.64 0.0000e+00
      4.000   62.46776 -174.08474     7.7881    30.9173    1476.67 0.0000e+00
      5.000   62.46776 -174.08474     7.7708    30.9241    1476.63 0.0000e+00
      6.000   62.46776 -174.08474     7.7478    30.9307    1476.57 0.0000e+00
      7.000   62.46776 -174.08475     7.7487    30.9488    1476.61 0.0000e+00
      8.000   62.46776 -174.08475     7.7522    31.0077    1476.71 0.0000e+00
      9.000   62.46776 -174.08475     7.7232    31.0840    1476.71 0.0000e+00
     10.000   62.46776 -174.08475     7.6913    31.1105    1476.64 0.0000e+00
     11.000   62.46776 -174.08476     7.6544    31.1177    1476.52 0.0000e+00
     12.000   62.46776 -174.08476     7.6510    31.1172    1476.52 0.0000e+00
     13.000   62.46776 -174.08476     7.6413    31.1190    1476.51 0.0000e+00
     14.000   62.46776 -174.08476     7.6268    31.1212    1476.47 0.0000e+00
     15.000   62.46776 -174.08476     7.6053    31.1235    1476.41 0.0000e+00
     16.000   62.46776 -174.08476     7.5900    31.1279    1476.37 0.0000e+00
     17.000   62.46776 -174.08476     7.5011    31.1358    1476.05 0.0000e+00
     18.000   62.46776 -174.08476     7.1934    31.1528    1474.90 0.0000e+00
     19.000   62.46776 -174.08476     6.1548    31.2064    1470.87 0.0000e+00
     20.000   62.46776 -174.08476     2.6919    31.3120    1456.58 0.0000e+00
     21.000   62.46776 -174.08475     0.2803    31.4183    1445.97 0.0000e+00
     22.000   62.46776 -174.08475    -0.6080    31.4389    1441.89 0.0000e+00
     23.000   62.46776 -174.08476    -1.0822    31.4557    1439.69 0.0000e+00
     24.000   62.46776 -174.08476    -1.1926    31.4785    1439.21 0.0000e+00
     25.000   62.46776 -174.08474    -1.2528    31.5069    1438.98 0.0000e+00
     26.000   62.46776 -174.08476    -1.2892    31.5310    1438.86 0.0000e+00
     27.000   62.46776 -174.08476    -1.3686    31.5559    1438.53 0.0000e+00
     28.000   62.46776 -174.08476    -1.3921    31.5909    1438.48 0.0000e+00
     29.000   62.46776 -174.08475    -1.4145    31.6250    1438.43 0.0000e+00
     30.000   62.46776 -174.08476    -1.4319    31.6513    1438.40 0.0000e+00
     31.000   62.46776 -174.08476    -1.4536    31.6716    1438.34 0.0000e+00
     32.000   62.46776 -174.08476    -1.4756    31.6846    1438.27 0.0000e+00
     33.000   62.46776 -174.08475    -1.4823    31.6907    1438.26 0.0000e+00
     34.000   62.46776 -174.08476    -1.4911    31.7022    1438.25 0.0000e+00
     35.000   62.46776 -174.08476    -1.4952    31.7096    1438.26 0.0000e+00
     36.000   62.46776 -174.08476    -1.4981    31.7160    1438.27 0.0000e+00
     37.000   62.46776 -174.08476    -1.5017    31.7264    1438.28 0.0000e+00
     38.000   62.46776 -174.08475    -1.5044    31.7351    1438.30 0.0000e+00
     39.000   62.46776 -174.08476    -1.5058    31.7471    1438.32 0.0000e+00
     40.000   62.46776 -174.08476    -1.5060    31.7562    1438.35 0.0000e+00
     41.000   62.46776 -174.08476    -1.5056    31.7659    1438.38 0.0000e+00
     42.000   62.46776 -174.08476    -1.5044    31.7703    1438.41 0.0000e+00
     43.000   62.46776 -174.08476    -1.5028    31.7737    1438.44 0.0000e+00
     44.000   62.46776 -174.08476    -1.5024    31.7776    1438.46 0.0000e+00
     45.000   62.46776 -174.08476    -1.5032    31.7864    1438.49 0.0000e+00
     46.000   62.46776 -174.08476    -1.5052    31.7905    1438.50 0.0000e+00
     47.000   62.46776 -174.08476    -1.5060    31.7917    1438.51 0.0000e+00
     48.000   62.46776 -174.08476    -1.5086    31.7972    1438.52 0.0000e+00
     49.000   62.46776 -174.08476    -1.5109    31.8239    1438.57 0.0000e+00
     50.000   62.46776 -174.08476    -1.5115    31.8343    1438.59 0.0000e+00
     51.000   62.46776 -174.08476    -1.5112    31.8381    1438.62 0.0000e+00
     52.000   62.46776 -174.08476    -1.5113    31.8437    1438.64 0.0000e+00
     53.000   62.46776 -174.08476    -1.5116    31.8494    1438.66 0.0000e+00
     54.000   62.46776 -174.08476    -1.5120    31.8549    1438.68 0.0000e+00
     55.000   62.46776 -174.08476    -1.5125    31.8609    1438.71 0.0000e+00
     56.000   62.46776 -174.08476    -1.5129    31.8675    1438.73 0.0000e+00
     57.000   62.46776 -174.08477    -1.5110    31.8751    1438.76 0.0000e+00
     58.000   62.46776 -174.08476    -1.5147    31.9031    1438.80 0.0000e+00
     59.000   62.46776 -174.08476    -1.5151    31.9089    1438.82 0.0000e+00
     60.000   62.46776 -174.08476    -1.5153    31.9151    1438.85 0.0000e+00
     61.000   62.46776 -174.08476    -1.5153    31.9184    1438.87 0.0000e+00
     62.000   62.46776 -174.08476    -1.5143    31.9196    1438.89 0.0000e+00
