EcoFOCI/data/1_SampleCollection/2023_SikuliaqDBO_CruiseData/CTD_raw_BottleFile_SKQ23-12S/proc/skq202312s_074.ros
* Sea-Bird SBE 9 Data File:
* FileName = D:\CTD\SKQ202312S\SKQ202312S_074.hex
* Software Version Seasave V 7.26.7.121
* Temperature SN = 6177
* Conductivity SN = 0369
* Number of Bytes Per Scan = 41
* Number of Voltage Words = 4
* Number of Scans Averaged by the Deck Unit = 1
* NMEA Latitude = 68 11.23 N
* NMEA Longitude = 167 17.73 W
* NMEA UTC (Time) = Oct 02 2023  03:41:14
* NMEA baud rate = 4800
** Ship: R/V Sikuliaq
** Station Number: 074
** Station Name: DBO3.3
** Bottom Depth: 47
** Operator: SD
# nquan = 22
# nvalues = 784                                   
# units = specified
# name 0 = depSM: Depth [salt water, m]
# name 1 = latitude: Latitude [deg]
# name 2 = longitude: Longitude [deg]
# name 3 = prDM: Pressure, Digiquartz [db]
# name 4 = t090C: Temperature [ITS-90, deg C]
# name 5 = t190C: Temperature, 2 [ITS-90, deg C]
# name 6 = potemp090C: Potential Temperature [ITS-90, deg C]
# name 7 = sal00: Salinity, Practical [PSU]
# name 8 = sal11: Salinity, Practical, 2 [PSU]
# name 9 = density00: Density [density, kg/m^3]
# name 10 = sigma-é00: Density [sigma-theta, kg/m^3]
# name 11 = sbox0Mm/Kg: Oxygen, SBE 43 [umol/kg]
# name 12 = sbox1Mm/Kg: Oxygen, SBE 43, 2 [umol/kg]
# name 13 = oxsolMm/Kg: Oxygen Saturation, Garcia & Gordon [umol/kg]
# name 14 = sbeox0PS: Oxygen, SBE 43 [% saturation]
# name 15 = v0: Voltage 0
# name 16 = flECO-AFL: Fluorescence, WET Labs ECO-AFL/FL [mg/m^3]
# name 17 = CStarAt0: Beam Attenuation, WET Labs C-Star [1/m]
# name 18 = par: PAR/Irradiance, Biospherical/Licor
# name 19 = scan: Scan Count
# name 20 = nbf: Bottles Fired
# name 21 = flag:  0.000e+00
# interval = seconds: 0.0416667
# start_time = Oct 02 2023 03:44:53 [NMEA time, first data scan]
# bad_flag = -9.990e-29
*END*
[from data line 66]
     41.625   68.18696 -167.29568     42.051     3.3433     3.3859     3.3409    32.0467    32.0552  1025.6958    25.4986    268.322    254.518  327.08394     82.035     0.0720     0.0842     1.3516 8.4714e-06       5479          2  0.000e+00
     41.687   68.18696 -167.29568     42.113     3.3415     3.3866     3.3390    32.0471    32.0550  1025.6965    25.4991    268.172    254.521  327.09797     81.985     0.0733     0.0916     1.3516 8.4714e-06       5480          2  0.000e+00
     41.687   68.18696 -167.29568     42.113     3.3404     3.3866     3.3379    32.0465    32.0558  1025.6962    25.4987    268.344    254.521  327.10785     82.035     0.0733     0.0916     1.3502 1.0000e-12       5481          2  0.000e+00
     41.625   68.18696 -167.29568     42.051     3.3389     3.3856     3.3364    32.0466    32.0563  1025.6961    25.4989    268.333    254.718  327.11973     82.029     0.0733     0.0916     1.3516 1.0000e-12       5482          2  0.000e+00
     41.733   68.18696 -167.29568     42.160     3.3373     3.3836     3.3348    32.0465    32.0570  1025.6967    25.4990    268.328    254.729  327.13312     82.024     0.0733     0.0916     1.3516 8.4714e-06       5483          2  0.000e+00
     41.687   68.18696 -167.29568     42.113     3.3353     3.3820     3.3328    32.0483    32.0581  1025.6981    25.5006    268.314    254.749  327.14456     82.017     0.0733     0.0916     1.3516 8.4714e-06       5484          2  0.000e+00
     41.687   68.18696 -167.29568     42.113     3.3338     3.3814     3.3313    32.0490    32.0575  1025.6987    25.5013    268.300    254.764  327.15486     82.010     0.0733     0.0916     1.3516 8.4714e-06       5485          2  0.000e+00
     41.687   68.18696 -167.29568     42.113     3.3318     3.3822     3.3293    32.0503    32.0569  1025.7000    25.5025    268.286    254.765  327.16794     82.003     0.0733     0.0916     1.3516 8.4714e-06       5486          2  0.000e+00
     41.741   68.18696 -167.29568     42.167     3.3305     3.3816     3.3280    32.0507    32.0572  1025.7007    25.5030    268.270    254.772  327.17702     81.995     0.0733     0.0916     1.3516 1.0000e-12       5487          2  0.000e+00
     41.733   68.18696 -167.29568     42.160     3.3291     3.3799     3.3266    32.0523    32.0577  1025.7020    25.5044    268.284    254.781  327.18426     81.998     0.0720     0.0842     1.3502 1.0000e-12       5488          2  0.000e+00
     41.687   68.18696 -167.29568     42.113     3.3287     3.3769     3.3263    32.0531    32.0582  1025.7025    25.5050    268.507    254.794  327.18540     82.066     0.0733     0.0916     1.3516 8.4714e-06       5489          2  0.000e+00
     41.741   68.18696 -167.29568     42.167     3.3283     3.3746     3.3258    32.0542    32.0579  1025.7036    25.5059    268.334    254.804  327.18608     82.013     0.0720     0.0842     1.3516 8.4714e-06       5490          2  0.000e+00
     41.741   68.18696 -167.29568     42.167     3.3285     3.3710     3.3260    32.0542    32.0583  1025.7037    25.5060    268.338    255.009  327.18460     82.014     0.0733     0.0916     1.3516 8.4714e-06       5491          2  0.000e+00
     41.741   68.18696 -167.29568     42.167     3.3286     3.3677     3.3262    32.0530    32.0594  1025.7027    25.5049    268.129    255.035  327.18646     81.950     0.0720     0.0842     1.3516 8.4714e-06       5492          2  0.000e+00
     41.795   68.18696 -167.29568     42.222     3.3280     3.3668     3.3255    32.0520    32.0599  1025.7022    25.5042    268.327    255.042  327.19413     82.008     0.0733     0.0916     1.3516 1.0000e-12       5493          2  0.000e+00
     41.741   68.18696 -167.29568     42.167     3.3272     3.3673     3.3247    32.0513    32.0597  1025.7015    25.5037    268.339    255.033  327.20216     82.010     0.0733     0.0916     1.3516 1.0000e-12       5494          2  0.000e+00
     41.795   68.18696 -167.29568     42.222     3.3258     3.3677     3.3233    32.0513    32.0598  1025.7018    25.5039    268.359    255.022  327.21371     82.013     0.0733     0.0916     1.3516 1.0000e-12       5495          2  0.000e+00
     41.741   68.18696 -167.29568     42.167     3.3245     3.3662     3.3221    32.0520    32.0605  1025.7022    25.5045    268.372    255.039  327.22186     82.015     0.0745     0.0989     1.3516 1.0000e-12       5496          2  0.000e+00
     41.795   68.18696 -167.29568     42.222     3.3232     3.3629     3.3208    32.0525    32.0609  1025.7030    25.5051    268.390    255.069  327.23085     82.018     0.0745     0.0989     1.3516 8.4714e-06       5497          2  0.000e+00
     41.795   68.18696 -167.29568     42.222     3.3225     3.3609     3.3200    32.0526    32.0604  1025.7032    25.5052    268.547    255.086  327.23659     82.065     0.0745     0.0989     1.3574 8.4714e-06       5498          2  0.000e+00
     41.856   68.18696 -167.29568     42.284     3.3218     3.3606     3.3193    32.0529    32.0605  1025.7038    25.5055    268.158    255.088  327.24143     81.945     0.0733     0.0916     1.3618 1.0000e-12       5499          2  0.000e+00
     41.795   68.18696 -167.29568     42.222     3.3207     3.3595     3.3183    32.0535    32.0599  1025.7040    25.5060    268.133    255.089  327.24858     81.935     0.0745     0.0989     1.3618 1.0000e-12       5500          2  0.000e+00
     41.795   68.18696 -167.29568     42.222     3.3204     3.3557     3.3180    32.0535    32.0596  1025.7040    25.5060    268.107    255.107  327.25125     81.927     0.0745     0.0989     1.3618 1.0000e-12       5501          2  0.000e+00
     41.856   68.18696 -167.29568     42.284     3.3197     3.3504     3.3172    32.0541    32.0598  1025.7049    25.5066    268.086    255.327  327.25560     81.919     0.0745     0.0989     1.3618 8.4714e-06       5502          2  0.000e+00
     41.849   68.18696 -167.29568     42.276     3.3191     3.3454     3.3167    32.0547    32.0612  1025.7054    25.5071    268.098    255.364  327.25857     81.922     0.0733     0.0916     1.3618 1.0000e-12       5503          2  0.000e+00
     41.856   68.18696 -167.29568     42.284     3.3189     3.3422     3.3164    32.0547    32.0623  1025.7054    25.5072    268.114    255.385  327.26066     81.927     0.0745     0.0989     1.3618 1.0000e-12       5504          2  0.000e+00
     41.856   68.18696 -167.29568     42.284     3.3187     3.3432     3.3162    32.0551    32.0625  1025.7058    25.5075    268.094    255.373  327.26136     81.921     0.0733     0.0916     1.3618 1.0000e-12       5505          2  0.000e+00
     41.856   68.18696 -167.29568     42.284     3.3182     3.3454     3.3158    32.0553    32.0630  1025.7060    25.5077    268.078    255.370  327.26413     81.915     0.0745     0.0989     1.3618 1.0000e-12       5506          2  0.000e+00
     41.910   68.18696 -167.29568     42.339     3.3185     3.3468     3.3160    32.0550    32.0632  1025.7060    25.5074    268.062    255.372  327.26291     81.910     0.0733     0.0916     1.3618 1.0000e-12       5507          2  0.000e+00
     41.856   68.18696 -167.29568     42.284     3.3181     3.3476     3.3156    32.0550    32.0632  1025.7058    25.5075    268.047    255.371  327.26630     81.905     0.0745     0.0989     1.3618 8.4714e-06       5508          2  0.000e+00
     41.910   68.18696 -167.29568     42.339     3.3182     3.3476     3.3157    32.0547    32.0636  1025.7058    25.5073    268.034    255.375  327.26607     81.901     0.0757     0.1062     1.3618 1.0000e-12       5509          2  0.000e+00
     41.910   68.18696 -167.29568     42.339     3.3179     3.3479     3.3154    32.0550    32.0637  1025.7060    25.5075    268.023    255.372  327.26756     81.897     0.0745     0.0989     1.3618 1.0000e-12       5510          2  0.000e+00
     41.962   68.18696 -167.29568     42.391     3.3353     3.3614     3.3328    32.0524    32.0608  1025.7027    25.5039    267.353    253.824  327.13431     81.726     0.0733     0.0916     1.3487 1.0000e-12       5635          3  0.000e+00
     41.970   68.18696 -167.29568     42.399     3.3350     3.3625     3.3325    32.0525    32.0602  1025.7028    25.5040    267.358    253.811  327.13630     81.727     0.0745     0.0989     1.3487 1.0000e-12       5636          3  0.000e+00
     41.970   68.18696 -167.29568     42.399     3.3348     3.3626     3.3323    32.0531    32.0602  1025.7033    25.5044    267.363    253.806  327.13661     81.728     0.0733     0.0916     1.3487 1.0000e-12       5637          3  0.000e+00
     41.908   68.18696 -167.29568     42.337     3.3350     3.3624     3.3325    32.0528    32.0608  1025.7027    25.5042    267.366    253.802  327.13553     81.729     0.0745     0.0989     1.3487 8.4714e-06       5638          3  0.000e+00
     41.970   68.18696 -167.29568     42.399     3.3345     3.3618     3.3320    32.0530    32.0612  1025.7032    25.5044    267.378    253.807  327.13927     81.732     0.0733     0.0916     1.3502 1.0000e-12       5639          3  0.000e+00
     41.962   68.18696 -167.29568     42.391     3.3345     3.3616     3.3321    32.0529    32.0612  1025.7031    25.5044    267.387    253.808  327.13907     81.735     0.0745     0.0989     1.3574 8.4714e-06       5640          3  0.000e+00
     41.970   68.18696 -167.29568     42.399     3.3345     3.3612     3.3321    32.0524    32.0609  1025.7028    25.5040    267.398    253.814  327.14025     81.738     0.0733     0.0916     1.3604 8.4714e-06       5641          3  0.000e+00
     41.970   68.18696 -167.29568     42.399     3.3345     3.3602     3.3320    32.0519    32.0616  1025.7024    25.5036    267.411    253.825  327.14193     81.741     0.0745     0.0989     1.3589 8.4714e-06       5642          3  0.000e+00
     41.908   68.18696 -167.29568     42.337     3.3340     3.3595     3.3315    32.0519    32.0619  1025.7022    25.5036    267.425    253.640  327.14620     81.745     0.0745     0.0989     1.3589 1.0000e-12       5643          3  0.000e+00
     41.970   68.18696 -167.29568     42.399     3.3334     3.3585     3.3309    32.0524    32.0619  1025.7028    25.5040    267.445    253.830  327.14985     81.750     0.0733     0.0916     1.3589 8.4714e-06       5644          3  0.000e+00
     41.970   68.18696 -167.29568     42.399     3.3328     3.3581     3.3303    32.0529    32.0621  1025.7033    25.5045    267.464    253.820  327.15282     81.755     0.0745     0.0989     1.3589 8.4714e-06       5645          3  0.000e+00
     41.908   68.18696 -167.29568     42.337     3.3324     3.3574     3.3299    32.0534    32.0626  1025.7034    25.5049    267.698    253.811  327.15512     81.826     0.0745     0.0989     1.3589 1.0000e-12       5646          3  0.000e+00
     41.970   68.18696 -167.29568     42.399     3.3324     3.3588     3.3299    32.0540    32.0614  1025.7042    25.5054    267.534    253.795  327.15403     81.776     0.0745     0.0989     1.3589 1.0000e-12       5647          3  0.000e+00
     41.908   68.18696 -167.29568     42.337     3.3324     3.3614     3.3299    32.0544    32.0598  1025.7042    25.5057    267.549    253.792  327.15257     81.781     0.0757     0.1062     1.3589 1.0000e-12       5648          3  0.000e+00
     41.908   68.18696 -167.29568     42.337     3.3327     3.3620     3.3302    32.0546    32.0603  1025.7044    25.5059    267.567    253.802  327.14990     81.787     0.0781     0.1209     1.3589 1.0000e-12       5649          3  0.000e+00
     41.970   68.18696 -167.29568     42.399     3.3332     3.3614     3.3307    32.0548    32.0609  1025.7048    25.5060    267.586    253.802  327.14504     81.794     0.0781     0.1209     1.3589 1.0000e-12       5650          3  0.000e+00
     41.908   68.18696 -167.29568     42.336     3.3336     3.3602     3.3311    32.0549    32.0610  1025.7045    25.5060    267.387    253.803  327.14150     81.735     0.0781     0.1209     1.3589 1.0000e-12       5651          3  0.000e+00
     41.908   68.18696 -167.29568     42.336     3.3344     3.3599     3.3319    32.0544    32.0610  1025.7040    25.5055    267.554    253.802  327.13635     81.787     0.0781     0.1209     1.3589 1.0000e-12       5652          3  0.000e+00
     41.908   68.18696 -167.29568     42.336     3.3348     3.3597     3.3323    32.0538    32.0610  1025.7036    25.5051    267.795    253.607  327.13466     81.861     0.0781     0.1209     1.3589 8.4714e-06       5653          3  0.000e+00
     41.854   68.18696 -167.29568     42.282     3.3349     3.3595     3.3324    32.0542    32.0616  1025.7036    25.5053    267.636    253.776  327.13341     81.812     0.0769     0.1135     1.3589 1.0000e-12       5654          3  0.000e+00
     41.908   68.18696 -167.29568     42.336     3.3350     3.3599     3.3325    32.0538    32.0611  1025.7035    25.5050    267.665    253.776  327.13357     81.821     0.0781     0.1209     1.3589 1.0000e-12       5655          3  0.000e+00
     41.908   68.18696 -167.29568     42.336     3.3355     3.3602     3.3330    32.0531    32.0614  1025.7029    25.5044    267.475    253.797  327.13089     81.764     0.0781     0.1209     1.3589 1.0000e-12       5656          3  0.000e+00
     41.854   68.18696 -167.29568     42.282     3.3355     3.3611     3.3331    32.0537    32.0621  1025.7031    25.5049    267.649    253.620  327.12905     81.817     0.0781     0.1209     1.3589 8.4714e-06       5657          3  0.000e+00
     41.854   68.18696 -167.29568     42.282     3.3360     3.3618     3.3335    32.0541    32.0625  1025.7034    25.5052    267.892    253.792  327.12460     81.893     0.0781     0.1209     1.3589 8.4714e-06       5658          3  0.000e+00
     41.854   68.18696 -167.29568     42.282     3.3363     3.3601     3.3339    32.0542    32.0628  1025.7035    25.5052    267.739    253.616  327.12134     81.847     0.0781     0.1209     1.3589 1.0000e-12       5659          3  0.000e+00
     41.854   68.18696 -167.29568     42.282     3.3368     3.3579     3.3343    32.0542    32.0617  1025.7035    25.5052    267.949    253.813  327.11788     81.912     0.0781     0.1209     1.3531 1.0000e-12       5660          3  0.000e+00
     41.908   68.18696 -167.29568     42.336     3.3374     3.3562     3.3349    32.0540    32.0601  1025.7034    25.5049    268.013    253.839  327.11340     81.933     0.0781     0.1209     1.3502 1.0000e-12       5661          3  0.000e+00
     41.792   68.18696 -167.29568     42.219     3.3376     3.3556     3.3351    32.0532    32.0589  1025.7023    25.5044    267.931    253.852  327.11343     81.908     0.0781     0.1209     1.3502 8.4714e-06       5662          3  0.000e+00
     41.854   68.18696 -167.29568     42.282     3.3374     3.3542     3.3349    32.0513    32.0594  1025.7011    25.5028    267.747    253.874  327.12001     81.850     0.0781     0.1209     1.3502 8.4714e-06       5663          3  0.000e+00
     41.792   68.18696 -167.29568     42.219     3.3375     3.3529     3.3350    32.0502    32.0599  1025.6999    25.5020    267.737    254.086  327.12218     81.846     0.0781     0.1209     1.3502 1.0000e-12       5664          3  0.000e+00
     41.854   68.18696 -167.29568     42.282     3.3368     3.3516     3.3343    32.0497    32.0601  1025.6998    25.5016    267.771    254.130  327.12918     81.855     0.0781     0.1209     1.3502 1.0000e-12       5665          3  0.000e+00
     41.792   68.18696 -167.29568     42.219     3.3359     3.3502     3.3334    32.0498    32.0609  1025.6997    25.5018    267.983    254.171  327.13602     81.918     0.0781     0.1209     1.3502 1.0000e-12       5666          3  0.000e+00
     41.792   68.18696 -167.29568     42.219     3.3349     3.3490     3.3324    32.0503    32.0615  1025.7002    25.5022    268.050    254.019  327.14305     81.937     0.0781     0.1209     1.3502 8.4714e-06       5667          3  0.000e+00
