EcoFOCI/data/1_SampleCollection/2023_SikuliaqDBO_CruiseData/CTD_raw_BottleFile_SKQ23-12S/proc/skq202312s_011.cnv
* Sea-Bird SBE 9 Data File:
* FileName = D:\CTD\SKQ202312S\SKQ202312S_011.hex
* Software Version Seasave V 7.26.7.121
* Temperature SN = 6177
* Conductivity SN = 0369
* Number of Bytes Per Scan = 41
* Number of Voltage Words = 4
* Number of Scans Averaged by the Deck Unit = 1
* NMEA Latitude = 63 36.26 N
* NMEA Longitude = 172 35.70 W
* NMEA UTC (Time) = Sep 16 2023  18:45:33
* NMEA baud rate = 4800
** Ship: R/V Sikuliaq
** Station Number: 011
** Station Name: DBO1.10
** Bottom Depth: 53
** Operator: SD
# nquan = 24
# nvalues = 4826                                  
# units = specified
# name 0 = depSM: Depth [salt water, m]
# name 1 = latitude: Latitude [deg]
# name 2 = longitude: Longitude [deg]
# name 3 = prDM: Pressure, Digiquartz [db]
# name 4 = t090C: Temperature [ITS-90, deg C]
# name 5 = t190C: Temperature, 2 [ITS-90, deg C]
# name 6 = potemp090C: Potential Temperature [ITS-90, deg C]
# name 7 = sal00: Salinity, Practical [PSU]
# name 8 = sal11: Salinity, Practical, 2 [PSU]
# name 9 = density00: Density [density, kg/m^3]
# name 10 = sigma-é00: Density [sigma-theta, kg/m^3]
# name 11 = sbox0Mm/Kg: Oxygen, SBE 43 [umol/kg]
# name 12 = sbox1Mm/Kg: Oxygen, SBE 43, 2 [umol/kg]
# name 13 = oxsolMm/Kg: Oxygen Saturation, Garcia & Gordon [umol/kg]
# name 14 = sbeox0PS: Oxygen, SBE 43 [% saturation]
# name 15 = sbeox1PS: Oxygen, SBE 43, 2 [% saturation]
# name 16 = v0: Voltage 0
# name 17 = flECO-AFL: Fluorescence, WET Labs ECO-AFL/FL [mg/m^3]
# name 18 = v1: Voltage 1
# name 19 = CStarAt0: Beam Attenuation, WET Labs C-Star [1/m]
# name 20 = par: PAR/Irradiance, Biospherical/Licor
# name 21 = scan: Scan Count
# name 22 = timeM: Time, Elapsed [minutes]
# name 23 = flag:  0.000e+00
# span 0 =      1.795,     48.538                 
# span 1 =   63.60454,   63.60480                 
# span 2 = -172.59616, -172.59548                 
# span 3 =      1.813,     49.020                 
# span 4 =    -0.1031,     7.7200                 
# span 5 =    -0.1049,     7.7198                 
# span 6 =    -0.1046,     7.7187                 
# span 7 =    31.6487,    32.4655                 
# span 8 =    31.6485,    32.4726                 
# span 9 =  1024.6986,  1026.2796                 
# span 10 =    24.6842,    26.0462                
# span 11 =    234.728,    330.499                
# span 12 =    222.704,    313.854                
# span 13 =  295.71660,  356.04584                
# span 14 =     66.356,    100.109                
# span 15 =     63.052,     95.134                
# span 16 =     0.0830,     0.2979                
# span 17 =     0.1502,     1.4395                
# span 18 =     3.7021,     4.2051                
# span 19 =     0.4556,     0.9654                
# span 20 = 4.4764e-01, 6.1078e+02                
# span 21 =          1,       4826                
# span 22 =     0.0000,     3.3507                
# span 23 = 0.0000e+00, 0.0000e+00                
# interval = seconds: 0.0416667
# start_time = Sep 16 2023 18:47:53 [NMEA time, first data scan]
# bad_flag = -9.990e-29
*END*
[from data line 2838]
     33.937   63.60478 -172.59582     34.273     6.0715     6.0743     6.0687    32.3524    32.3641  1025.6107    25.4526    305.434    285.720  305.70780     99.910     93.476     0.1245     0.3993     4.1685     0.4906 2.0160e+00       2839     1.9708  0.000e+00
     33.937   63.60478 -172.59582     34.273     6.0691     6.0720     6.0663    32.3531    32.3647  1025.6116    25.4534    305.759    285.935  305.72360    100.012     93.542     0.1258     0.4066     4.1685     0.4906 2.0100e+00       2840     1.9715  0.000e+00
     33.983   63.60478 -172.59582     34.319     6.0676     6.0706     6.0649    32.3533    32.3650  1025.6122    25.4538    305.890    286.139  305.73327    100.051     93.606     0.1245     0.3993     4.1685     0.4906 2.0040e+00       2841     1.9722  0.000e+00
     33.991   63.60478 -172.59582     34.327     6.0661     6.0694     6.0633    32.3533    32.3650  1025.6124    25.4540    305.942    286.512  305.74451    100.065     93.725     0.1221     0.3846     4.1685     0.4906 2.0040e+00       2842     1.9729  0.000e+00
     33.991   63.60478 -172.59582     34.327     6.0646     6.0668     6.0619    32.3539    32.3662  1025.6130    25.4546    305.997    287.061  305.75343    100.080     93.900     0.1172     0.3553     4.1685     0.4906 1.9862e+00       2843     1.9736  0.000e+00
     34.037   63.60478 -172.59582     34.374     6.0627     6.0649     6.0599    32.3547    32.3666  1025.6141    25.4555    306.093    287.457  305.76545    100.107     94.025     0.1172     0.3553     4.1685     0.4906 1.9803e+00       2844     1.9743  0.000e+00
     34.045   63.60478 -172.59582     34.382     6.0605     6.0637     6.0577    32.3561    32.3680  1025.6156    25.4569    306.111    287.675  305.77817    100.109     94.095     0.1160     0.3480     4.1685     0.4906 1.9803e+00       2845     1.9750  0.000e+00
     33.991   63.60478 -172.59582     34.327     6.0595     6.0630     6.0567    32.3570    32.3701  1025.6161    25.4577    306.095    288.053  305.78319    100.102     94.218     0.1172     0.3553     4.1685     0.4906 1.9803e+00       2846     1.9757  0.000e+00
     34.091   63.60478 -172.59582     34.428     6.0590     6.0630     6.0562    32.3586    32.3718  1025.6179    25.4590    305.861    288.438  305.78280    100.025     94.346     0.1160     0.3480     4.1685     0.4906 1.9803e+00       2847     1.9764  0.000e+00
     34.045   63.60478 -172.59582     34.382     6.0597     6.0637     6.0569    32.3610    32.3739  1025.6195    25.4608    305.983    288.799  305.77269    100.069     94.467     0.1172     0.3553     4.1685     0.4906 1.9803e+00       2848     1.9771  0.000e+00
     34.107   63.60478 -172.59582     34.444     6.0614     6.0652     6.0586    32.3625    32.3761  1025.6208    25.4618    305.716    288.808  305.75684     99.987     94.474     0.1172     0.3553     4.1685     0.4906 1.9744e+00       2849     1.9778  0.000e+00
     34.091   63.60478 -172.59582     34.428     6.0625     6.0668     6.0598    32.3652    32.3780  1025.6227    25.4638    305.401    289.137  305.74283     99.888     94.587     0.1172     0.3553     4.1685     0.4906 1.9744e+00       2850     1.9785  0.000e+00
     34.161   63.60478 -172.59582     34.498     6.0646     6.0679     6.0618    32.3669    32.3791  1025.6241    25.4649    305.627    289.283  305.72401     99.968     94.638     0.1172     0.3553     4.1685     0.4906 1.9685e+00       2851     1.9792  0.000e+00
     34.107   63.60478 -172.59582     34.444     6.0664     6.0689     6.0636    32.3689    32.3800  1025.6252    25.4663    305.295    289.589  305.70701     99.865     94.741     0.1172     0.3553     4.1685     0.4906 1.9685e+00       2852     1.9799  0.000e+00
     34.153   63.60478 -172.59582     34.491     6.0682     6.0698     6.0654    32.3698    32.3804  1025.6259    25.4668    304.951    289.707  305.69230     99.757     94.782     0.1172     0.3553     4.1685     0.4906 1.9627e+00       2853     1.9806  0.000e+00
     34.161   63.60478 -172.59582     34.498     6.0693     6.0700     6.0665    32.3702    32.3810  1025.6261    25.4669    304.763    289.813  305.68352     99.699     94.817     0.1172     0.3553     4.1685     0.4906 1.9627e+00       2854     1.9813  0.000e+00
     34.161   63.60478 -172.59582     34.498     6.0706     6.0700     6.0678    32.3698    32.3820  1025.6257    25.4665    304.587    290.080  305.67519     99.644     94.905     0.1172     0.3553     4.1685     0.4906 1.9568e+00       2855     1.9819  0.000e+00
     34.207   63.60478 -172.59582     34.545     6.0707     6.0697     6.0679    32.3701    32.3827  1025.6261    25.4667    304.403    290.176  305.67344     99.585     94.937     0.1172     0.3553     4.1685     0.4906 1.9510e+00       2856     1.9826  0.000e+00
     34.161   63.60478 -172.59582     34.498     6.0710     6.0693     6.0682    32.3707    32.3836  1025.6263    25.4671    303.806    290.253  305.66988     99.390     94.962     0.1172     0.3553     4.1685     0.4906 1.9452e+00       2857     1.9833  0.000e+00
     34.223   63.60478 -172.59582     34.561     6.0709     6.0693     6.0681    32.3712    32.3842  1025.6270    25.4675    303.568    290.491  305.67001     99.312     95.040     0.1160     0.3480     4.1685     0.4906 1.9452e+00       2858     1.9840  0.000e+00
     34.269   63.60478 -172.59582     34.607     6.0707     6.0684     6.0678    32.3717    32.3850  1025.6277    25.4680    303.317    290.559  305.67012     99.230     95.061     0.1172     0.3553     4.1697     0.4894 1.9452e+00       2859     1.9847  0.000e+00
     34.222   63.60478 -172.59582     34.561     6.0700     6.0666     6.0672    32.3725    32.3857  1025.6282    25.4687    302.886    290.595  305.67276     99.088     95.069     0.1172     0.3553     4.1697     0.4894 1.9394e+00       2860     1.9854  0.000e+00
     34.222   63.60478 -172.59582     34.561     6.0694     6.0639     6.0666    32.3729    32.3860  1025.6285    25.4690    302.615    290.622  305.67632     98.998     95.072     0.1172     0.3553     4.1697     0.4894 1.9394e+00       2861     1.9861  0.000e+00
     34.276   63.60478 -172.59582     34.615     6.0683     6.0612     6.0655    32.3730    32.3858  1025.6290    25.4692    302.144    290.830  305.68403     98.842     95.134     0.1160     0.3480     4.1697     0.4894 1.9279e+00       2862     1.9868  0.000e+00
     34.323   63.60478 -172.59582     34.662     6.0667     6.0585     6.0639    32.3730    32.3856  1025.6294    25.4694    301.835    290.683  305.69566     98.737     95.080     0.1172     0.3553     4.1709     0.4882 1.9164e+00       2863     1.9875  0.000e+00
     34.276   63.60478 -172.59582     34.615     6.0649     6.0545     6.0621    32.3714    32.3861  1025.6282    25.4684    301.322    290.682  305.71151     98.564     95.071     0.1160     0.3480     4.1697     0.4894 1.9164e+00       2864     1.9882  0.000e+00
     34.276   63.60478 -172.59582     34.615     6.0633     6.0503     6.0605    32.3702    32.3875  1025.6274    25.4677    301.027    290.666  305.72595     98.463     95.057     0.1172     0.3553     4.1697     0.4894 1.9107e+00       2865     1.9889  0.000e+00
     34.384   63.60478 -172.59582     34.724     6.0592     6.0472     6.0564    32.3703    32.3876  1025.6285    25.4682    300.522    290.631  305.75527     98.288     95.039     0.1172     0.3553     4.1697     0.4894 1.9050e+00       2866     1.9896  0.000e+00
     34.338   63.60478 -172.59582     34.678     6.0526     6.0453     6.0498    32.3721    32.3873  1025.6305    25.4705    300.218    290.564  305.79798     98.175     95.013     0.1172     0.3553     4.1697     0.4894 1.9050e+00       2867     1.9903  0.000e+00
     34.338   63.60478 -172.59582     34.678     6.0478     6.0419     6.0450    32.3743    32.3884  1025.6329    25.4728    299.728    290.313  305.82720     98.006     94.924     0.1172     0.3553     4.1697     0.4894 1.9050e+00       2868     1.9910  0.000e+00
     34.384   63.60478 -172.59582     34.724     6.0459     6.0380     6.0431    32.3742    32.3892  1025.6332    25.4730    299.389    290.051  305.84122     97.890     94.830     0.1160     0.3480     4.1697     0.4894 1.9050e+00       2869     1.9917  0.000e+00
     34.392   63.60478 -172.59582     34.732     6.0440     6.0336     6.0412    32.3738    32.3896  1025.6332    25.4729    299.076    290.114  305.85565     97.783     94.841     0.1160     0.3480     4.1709     0.4882 1.9050e+00       2870     1.9924  0.000e+00
     34.392   63.60478 -172.59582     34.732     6.0405     6.0291     6.0376    32.3745    32.3902  1025.6341    25.4738    298.407    290.002  305.87923     97.557     94.795     0.1148     0.3406     4.1697     0.4894 1.8936e+00       2871     1.9931  0.000e+00
     34.438   63.60478 -172.59582     34.779     6.0369     6.0242     6.0341    32.3746    32.3911  1025.6349    25.4743    298.277    289.720  305.90417     97.507     94.693     0.1160     0.3480     4.1697     0.4894 1.8823e+00       2872     1.9937  0.000e+00
     34.392   63.60478 -172.59582     34.732     6.0329     6.0192     6.0301    32.3742    32.3924  1025.6349    25.4745    297.814    289.578  305.93372     97.346     94.636     0.1148     0.3406     4.1697     0.4894 1.8823e+00       2873     1.9944  0.000e+00
     34.446   63.60478 -172.59582     34.787     6.0275     6.0145     6.0247    32.3751    32.3932  1025.6364    25.4759    297.534    289.444  305.97042     97.243     94.583     0.1172     0.3553     4.1697     0.4894 1.8880e+00       2874     1.9951  0.000e+00
     34.492   63.60478 -172.59582     34.833     6.0227     6.0104     6.0199    32.3764    32.3923  1025.6383    25.4775    297.084    289.295  306.00172     97.086     94.524     0.1148     0.3406     4.1697     0.4894 1.8936e+00       2875     1.9958  0.000e+00
     34.446   63.60478 -172.59582     34.787     6.0184     6.0043     6.0155    32.3763    32.3931  1025.6385    25.4779    296.440    288.982  306.03290     96.865     94.409     0.1160     0.3480     4.1709     0.4882 1.8936e+00       2876     1.9965  0.000e+00
     34.508   63.60478 -172.59582     34.849     6.0129     5.9975     6.0101    32.3768    32.3940  1025.6399    25.4790    296.380    288.824  306.07041     96.834     94.343     0.1148     0.3406     4.1697     0.4894 1.8936e+00       2877     1.9972  0.000e+00
     34.492   63.60478 -172.59582     34.833     6.0057     5.9921     6.0029    32.3783    32.3930  1025.6419    25.4811    295.971    288.663  306.11831     96.685     94.278     0.1160     0.3480     4.1673     0.4917 1.8823e+00       2878     1.9979  0.000e+00
     34.562   63.60478 -172.59582     34.903     5.9977     5.9861     5.9949    32.3794    32.3928  1025.6440    25.4829    295.781    288.321  306.17317     96.606     94.153     0.1148     0.3406     4.1624     0.4964 1.8823e+00       2879     1.9986  0.000e+00
     34.508   63.60478 -172.59582     34.849     5.9909     5.9779     5.9881    32.3795    32.3933  1025.6447    25.4838    295.365    287.977  306.22189     96.455     94.023     0.1160     0.3480     4.1612     0.4976 1.8767e+00       2880     1.9993  0.000e+00
     34.562   63.60478 -172.59582     34.903     5.9850     5.9686     5.9822    32.3784    32.3929  1025.6449    25.4837    294.991    287.817  306.26618     96.318     93.950     0.1148     0.3406     4.1612     0.4976 1.8655e+00       2881     2.0000  0.000e+00
     34.608   63.60478 -172.59582     34.950     5.9805     5.9611     5.9777    32.3748    32.3904  1025.6428    25.4814    294.766    287.658  306.30682     96.232     93.880     0.1160     0.3480     4.1624     0.4964 1.8655e+00       2882     2.0007  0.000e+00
     34.562   63.60478 -172.59582     34.903     5.9730     5.9536     5.9702    32.3718    32.3888  1025.6411    25.4799    294.434    287.486  306.36754     96.105     93.806     0.1148     0.3406     4.1612     0.4976 1.8655e+00       2883     2.0014  0.000e+00
     34.624   63.60478 -172.59582     34.966     5.9629     5.9419     5.9601    32.3709    32.3893  1025.6419    25.4805    294.109    287.178  306.44140     95.976     93.681     0.1160     0.3480     4.1612     0.4976 1.8600e+00       2884     2.0021  0.000e+00
     34.670   63.60478 -172.59582     35.012     5.9540     5.9291     5.9512    32.3666    32.3892  1025.6398    25.4781    294.030    286.854  306.51535     95.927     93.547     0.1160     0.3480     4.1612     0.4976 1.8544e+00       2885     2.0028  0.000e+00
     34.624   63.60478 -172.59582     34.966     5.9383     5.9140     5.9355    32.3649    32.3880  1025.6402    25.4787    293.983    286.737  306.63145     95.875     93.475     0.1148     0.3406     4.1612     0.4976 1.8600e+00       2886     2.0035  0.000e+00
     34.739   63.60478 -172.59582     35.083     5.9208     5.8992     5.9180    32.3617    32.3846  1025.6403    25.4782    293.810    286.486  306.76411     95.777     93.358     0.1172     0.3553     4.1612     0.4976 1.8489e+00       2887     2.0042  0.000e+00
     34.670   63.60478 -172.59582     35.012     5.9003     5.8789     5.8975    32.3596    32.3845  1025.6408    25.4790    293.812    286.418  306.91562     95.731     93.292     0.1148     0.3406     4.1612     0.4976 1.8433e+00       2888     2.0049  0.000e+00
     34.739   63.60478 -172.59582     35.083     5.8808     5.8548     5.8780    32.3556    32.3821  1025.6403    25.4782    293.670    286.208  307.06538     95.638     93.169     0.1172     0.3553     4.1612     0.4976 1.8433e+00       2889     2.0056  0.000e+00
     34.739   63.60478 -172.59582     35.083     5.8599     5.8250     5.8571    32.3534    32.3806  1025.6411    25.4790    293.723    286.372  307.21989     95.607     93.157     0.1160     0.3480     4.1624     0.4964 1.8378e+00       2890     2.0063  0.000e+00
     34.786   63.60478 -172.59582     35.129     5.8326     5.7944     5.8298    32.3482    32.3797  1025.6405    25.4782    293.659    286.221  307.42877     95.521     93.040     0.1160     0.3480     4.1612     0.4976 1.8378e+00       2891     2.0069  0.000e+00
     34.739   63.60478 -172.59582     35.083     5.7936     5.7677     5.7909    32.3479    32.3782  1025.6448    25.4826    293.860    285.880  307.70979     95.499     92.870     0.1148     0.3406     4.1624     0.4964 1.8378e+00       2892     2.0076  0.000e+00
     34.847   63.60478 -172.59582     35.192     5.7599     5.7447     5.7571    32.3521    32.3788  1025.6526    25.4899    293.846    285.856  307.94379     95.422     92.813     0.1148     0.3406     4.1612     0.4976 1.8323e+00       2893     2.0083  0.000e+00
     34.840   63.60478 -172.59582     35.184     5.7321     5.7248     5.7293    32.3564    32.3777  1025.6593    25.4966    293.979    285.453  308.13481     95.406     92.638     0.1136     0.3333     4.1612     0.4976 1.8269e+00       2894     2.0090  0.000e+00
     34.847   63.60478 -172.59582     35.192     5.7076     5.7052     5.7049    32.3588    32.3774  1025.6642    25.5014    293.919    285.571  308.30605     95.334     92.633     0.1136     0.3333     4.1612     0.4976 1.8269e+00       2895     2.0097  0.000e+00
     34.847   63.60478 -172.59582     35.192     5.6909     5.6850     5.6882    32.3557    32.3776  1025.6637    25.5009    293.782    285.377  308.43438     95.250     92.527     0.1123     0.3260     4.1624     0.4964 1.8160e+00       2896     2.0104  0.000e+00
     34.909   63.60478 -172.59582     35.254     5.6716     5.6649     5.6689    32.3532    32.3772  1025.6642    25.5012    293.893    285.372  308.57990     95.240     92.481     0.1136     0.3333     4.1612     0.4976 1.8105e+00       2897     2.0111  0.000e+00
     34.901   63.60478 -172.59582     35.246     5.6485     5.6389     5.6458    32.3504    32.3780  1025.6647    25.5017    294.029    285.214  308.75379     95.231     92.374     0.1123     0.3260     4.1624     0.4964 1.8051e+00       2898     2.0118  0.000e+00
