EcoFOCI/data/1_SampleCollection/2023_SikuliaqDBO_CruiseData/CTD_raw_BottleFile_SKQ23-12S/proc/skq202312s_061svp.cnv
* Sea-Bird SBE 9 Data File:
* FileName = D:\CTD\SKQ202312S\SKQ202312S_061.hex
* Software Version Seasave V 7.26.7.121
* Temperature SN = 6177
* Conductivity SN = 0369
* Number of Bytes Per Scan = 41
* Number of Voltage Words = 4
* Number of Scans Averaged by the Deck Unit = 1
* NMEA Latitude = 71 36.10 N
* NMEA Longitude = 165 18.30 W
* NMEA UTC (Time) = Sep 27 2023  23:24:16
* NMEA baud rate = 4800
** Ship: R/V Sikuliaq
** Station Number: 061
** Station Name: IC3
** Bottom Depth: 42
** Operator: SS
** Recast for bottom water
# nquan = 7
# nvalues = 3879                                  
# units = specified
# name 0 = depSM: Depth [salt water, m]
# name 1 = latitude: Latitude [deg]
# name 2 = longitude: Longitude [deg]
# name 3 = t090C: Temperature [ITS-90, deg C]
# name 4 = sal00: Salinity, Practical [PSU]
# name 5 = svCM: Sound Velocity [Chen-Millero, m/s]
# name 6 = flag:  0.000e+00
# span 0 =      3.015,     37.164                 
# span 1 =   71.60162,   71.60162                 
# span 2 = -165.30500, -165.30498                 
# span 3 =    -1.0664,     3.2483                 
# span 4 =    30.4293,    32.5473                 
# span 5 =    1441.33,    1458.41                 
# span 6 = 0.0000e+00, 0.0000e+00                 
# interval = seconds: 0.0416667
# start_time = Sep 27 2023 23:27:17 [NMEA time, first data scan]
# bad_flag = -9.990e-29
*END*
[from data line 1026]
      8.228   71.60162 -165.30500     2.6919    30.4469    1455.30  0.000e+00
      8.228   71.60162 -165.30500     2.6917    30.4470    1455.30  0.000e+00
      8.228   71.60162 -165.30500     2.6913    30.4453    1455.29  0.000e+00
      8.282   71.60162 -165.30500     2.6908    30.4443    1455.29  0.000e+00
      8.282   71.60162 -165.30500     2.6901    30.4442    1455.29  0.000e+00
      8.282   71.60162 -165.30500     2.6897    30.4440    1455.28  0.000e+00
      8.228   71.60162 -165.30500     2.6893    30.4453    1455.28  0.000e+00
      8.282   71.60162 -165.30500     2.6890    30.4465    1455.28  0.000e+00
      8.336   71.60162 -165.30500     2.6893    30.4476    1455.29  0.000e+00
      8.282   71.60162 -165.30500     2.6893    30.4476    1455.29  0.000e+00
      8.258   71.60162 -165.30500     2.6895    30.4463    1455.29  0.000e+00
      8.336   71.60162 -165.30500     2.6895    30.4447    1455.28  0.000e+00
      8.336   71.60162 -165.30500     2.6891    30.4437    1455.28  0.000e+00
      8.282   71.60162 -165.30500     2.6885    30.4427    1455.28  0.000e+00
      8.336   71.60162 -165.30500     2.6886    30.4408    1455.28  0.000e+00
      8.336   71.60162 -165.30500     2.6880    30.4391    1455.27  0.000e+00
      8.336   71.60162 -165.30500     2.6868    30.4379    1455.26  0.000e+00
      8.397   71.60162 -165.30500     2.6855    30.4370    1455.26  0.000e+00
      8.336   71.60162 -165.30500     2.6842    30.4378    1455.25  0.000e+00
      8.397   71.60162 -165.30500     2.6833    30.4388    1455.25  0.000e+00
      8.336   71.60162 -165.30500     2.6829    30.4387    1455.25  0.000e+00
      8.397   71.60162 -165.30500     2.6827    30.4396    1455.25  0.000e+00
      8.397   71.60162 -165.30500     2.6822    30.4402    1455.25  0.000e+00
      8.397   71.60162 -165.30500     2.6824    30.4414    1455.25  0.000e+00
      8.397   71.60162 -165.30500     2.6825    30.4423    1455.25  0.000e+00
      8.397   71.60162 -165.30500     2.6824    30.4413    1455.25  0.000e+00
      8.397   71.60162 -165.30500     2.6822    30.4381    1455.25  0.000e+00
      8.428   71.60162 -165.30500     2.6814    30.4399    1455.24  0.000e+00
      8.451   71.60162 -165.30500     2.6816    30.4426    1455.25  0.000e+00
      8.451   71.60162 -165.30500     2.6817    30.4445    1455.25  0.000e+00
      8.451   71.60162 -165.30500     2.6821    30.4447    1455.25  0.000e+00
      8.397   71.60162 -165.30500     2.6825    30.4442    1455.25  0.000e+00
      8.513   71.60162 -165.30500     2.6829    30.4435    1455.26  0.000e+00
      8.451   71.60162 -165.30500     2.6831    30.4431    1455.26  0.000e+00
      8.451   71.60162 -165.30500     2.6836    30.4429    1455.26  0.000e+00
      8.513   71.60162 -165.30500     2.6838    30.4432    1455.26  0.000e+00
      8.451   71.60162 -165.30500     2.6839    30.4431    1455.26  0.000e+00
      8.513   71.60162 -165.30500     2.6842    30.4428    1455.26  0.000e+00
      8.513   71.60162 -165.30500     2.6847    30.4417    1455.26  0.000e+00
      8.451   71.60162 -165.30500     2.6843    30.4399    1455.26  0.000e+00
      8.513   71.60162 -165.30500     2.6843    30.4377    1455.26  0.000e+00
      8.513   71.60162 -165.30500     2.6836    30.4380    1455.25  0.000e+00
      8.567   71.60162 -165.30500     2.6835    30.4384    1455.25  0.000e+00
      8.482   71.60162 -165.30500     2.6831    30.4379    1455.25  0.000e+00
      8.567   71.60162 -165.30500     2.6829    30.4378    1455.25  0.000e+00
      8.567   71.60162 -165.30500     2.6831    30.4386    1455.25  0.000e+00
      8.513   71.60162 -165.30500     2.6831    30.4401    1455.25  0.000e+00
      8.567   71.60162 -165.30500     2.6834    30.4401    1455.26  0.000e+00
      8.567   71.60162 -165.30500     2.6831    30.4392    1455.25  0.000e+00
      8.567   71.60162 -165.30500     2.6825    30.4381    1455.25  0.000e+00
      8.567   71.60162 -165.30500     2.6819    30.4364    1455.24  0.000e+00
      8.567   71.60162 -165.30500     2.6808    30.4364    1455.24  0.000e+00
      8.621   71.60162 -165.30500     2.6799    30.4373    1455.24  0.000e+00
      8.567   71.60162 -165.30500     2.6796    30.4383    1455.24  0.000e+00
      8.621   71.60162 -165.30500     2.6794    30.4395    1455.24  0.000e+00
      8.567   71.60162 -165.30500     2.6796    30.4398    1455.24  0.000e+00
      8.621   71.60162 -165.30500     2.6799    30.4396    1455.24  0.000e+00
      8.621   71.60162 -165.30500     2.6802    30.4401    1455.24  0.000e+00
      8.621   71.60162 -165.30500     2.6803    30.4400    1455.24  0.000e+00
      8.659   71.60162 -165.30500     2.6805    30.4385    1455.24  0.000e+00
      8.621   71.60162 -165.30500     2.6801    30.4386    1455.24  0.000e+00
      8.683   71.60162 -165.30500     2.6797    30.4381    1455.24  0.000e+00
      8.621   71.60162 -165.30500     2.6794    30.4375    1455.24  0.000e+00
      8.683   71.60162 -165.30500     2.6791    30.4372    1455.24  0.000e+00
      8.683   71.60162 -165.30500     2.6789    30.4368    1455.23  0.000e+00
      8.683   71.60162 -165.30500     2.6786    30.4362    1455.23  0.000e+00
      8.621   71.60162 -165.30500     2.6780    30.4363    1455.23  0.000e+00
      8.737   71.60162 -165.30500     2.6779    30.4355    1455.23  0.000e+00
      8.683   71.60162 -165.30500     2.6774    30.4353    1455.23  0.000e+00
      8.737   71.60162 -165.30500     2.6772    30.4355    1455.23  0.000e+00
      8.683   71.60162 -165.30500     2.6767    30.4358    1455.22  0.000e+00
      8.737   71.60162 -165.30500     2.6766    30.4361    1455.22  0.000e+00
      8.737   71.60162 -165.30500     2.6766    30.4364    1455.22  0.000e+00
      8.737   71.60162 -165.30500     2.6764    30.4372    1455.22  0.000e+00
      8.713   71.60162 -165.30500     2.6771    30.4374    1455.23  0.000e+00
      8.798   71.60162 -165.30500     2.6771    30.4380    1455.23  0.000e+00
      8.737   71.60162 -165.30500     2.6774    30.4376    1455.23  0.000e+00
      8.737   71.60162 -165.30500     2.6774    30.4380    1455.23  0.000e+00
      8.798   71.60162 -165.30500     2.6777    30.4382    1455.23  0.000e+00
      8.737   71.60162 -165.30500     2.6777    30.4384    1455.23  0.000e+00
      8.852   71.60162 -165.30500     2.6777    30.4387    1455.23  0.000e+00
      8.798   71.60162 -165.30500     2.6779    30.4385    1455.23  0.000e+00
      8.798   71.60162 -165.30500     2.6779    30.4386    1455.23  0.000e+00
      8.798   71.60162 -165.30500     2.6783    30.4391    1455.24  0.000e+00
      8.852   71.60162 -165.30500     2.6785    30.4398    1455.24  0.000e+00
      8.798   71.60162 -165.30500     2.6786    30.4394    1455.24  0.000e+00
      8.852   71.60162 -165.30500     2.6789    30.4390    1455.24  0.000e+00
      8.852   71.60162 -165.30500     2.6789    30.4390    1455.24  0.000e+00
      8.852   71.60162 -165.30500     2.6789    30.4390    1455.24  0.000e+00
      8.883   71.60162 -165.30500     2.6789    30.4396    1455.24  0.000e+00
      8.852   71.60162 -165.30500     2.6793    30.4395    1455.24  0.000e+00
      8.852   71.60162 -165.30500     2.6794    30.4399    1455.24  0.000e+00
      8.914   71.60162 -165.30500     2.6798    30.4398    1455.25  0.000e+00
      8.852   71.60162 -165.30500     2.6800    30.4396    1455.24  0.000e+00
      8.914   71.60162 -165.30500     2.6799    30.4397    1455.25  0.000e+00
      8.914   71.60162 -165.30500     2.6802    30.4394    1455.25  0.000e+00
      8.914   71.60162 -165.30500     2.6800    30.4398    1455.25  0.000e+00
      8.914   71.60162 -165.30500     2.6801    30.4398    1455.25  0.000e+00
      8.968   71.60162 -165.30500     2.6800    30.4404    1455.25  0.000e+00
      8.914   71.60162 -165.30500     2.6802    30.4409    1455.25  0.000e+00
      8.968   71.60162 -165.30500     2.6803    30.4417    1455.25  0.000e+00
      8.968   71.60162 -165.30500     2.6805    30.4420    1455.25  0.000e+00
      8.968   71.60162 -165.30500     2.6810    30.4418    1455.25  0.000e+00
      8.945   71.60162 -165.30500     2.6813    30.4420    1455.25  0.000e+00
      9.022   71.60162 -165.30500     2.6813    30.4410    1455.26  0.000e+00
      8.968   71.60162 -165.30500     2.6810    30.4410    1455.25  0.000e+00
      9.022   71.60162 -165.30500     2.6808    30.4421    1455.25  0.000e+00
      8.968   71.60162 -165.30500     2.6810    30.4440    1455.26  0.000e+00
      9.083   71.60162 -165.30500     2.6815    30.4458    1455.26  0.000e+00
      9.022   71.60162 -165.30500     2.6817    30.4474    1455.27  0.000e+00
      9.022   71.60162 -165.30500     2.6825    30.4468    1455.27  0.000e+00
      9.022   71.60162 -165.30500     2.6831    30.4460    1455.27  0.000e+00
      9.083   71.60162 -165.30500     2.6836    30.4444    1455.27  0.000e+00
      9.083   71.60162 -165.30500     2.6840    30.4427    1455.27  0.000e+00
      9.083   71.60162 -165.30500     2.6841    30.4417    1455.27  0.000e+00
      9.083   71.60162 -165.30500     2.6838    30.4403    1455.27  0.000e+00
      9.083   71.60162 -165.30500     2.6836    30.4386    1455.26  0.000e+00
      9.114   71.60162 -165.30500     2.6831    30.4388    1455.26  0.000e+00
      9.083   71.60162 -165.30500     2.6830    30.4390    1455.26  0.000e+00
      9.137   71.60162 -165.30500     2.6825    30.4395    1455.26  0.000e+00
      9.137   71.60162 -165.30500     2.6824    30.4402    1455.26  0.000e+00
      9.137   71.60162 -165.30500     2.6824    30.4414    1455.26  0.000e+00
      9.137   71.60162 -165.30500     2.6824    30.4424    1455.26  0.000e+00
      9.137   71.60162 -165.30500     2.6825    30.4418    1455.26  0.000e+00
      9.199   71.60162 -165.30500     2.6824    30.4405    1455.26  0.000e+00
      9.199   71.60162 -165.30500     2.6825    30.4403    1455.26  0.000e+00
      9.137   71.60162 -165.30500     2.6824    30.4401    1455.26  0.000e+00
      9.199   71.60162 -165.30500     2.6824    30.4396    1455.26  0.000e+00
      9.199   71.60162 -165.30500     2.6821    30.4399    1455.26  0.000e+00
      9.253   71.60162 -165.30500     2.6818    30.4399    1455.26  0.000e+00
      9.168   71.60162 -165.30500     2.6817    30.4408    1455.26  0.000e+00
      9.253   71.60162 -165.30500     2.6816    30.4426    1455.26  0.000e+00
      9.253   71.60162 -165.30500     2.6820    30.4438    1455.27  0.000e+00
      9.199   71.60162 -165.30500     2.6827    30.4450    1455.27  0.000e+00
      9.315   71.60162 -165.30500     2.6834    30.4462    1455.28  0.000e+00
      9.199   71.60162 -165.30500     2.6844    30.4457    1455.28  0.000e+00
      9.315   71.60162 -165.30500     2.6846    30.4441    1455.28  0.000e+00
      9.253   71.60162 -165.30500     2.6847    30.4427    1455.28  0.000e+00
      9.315   71.60162 -165.30500     2.6845    30.4436    1455.28  0.000e+00
      9.253   71.60162 -165.30500     2.6843    30.4450    1455.28  0.000e+00
      9.315   71.60162 -165.30500     2.6843    30.4469    1455.28  0.000e+00
      9.315   71.60162 -165.30500     2.6849    30.4484    1455.29  0.000e+00
      9.369   71.60162 -165.30500     2.6857    30.4498    1455.29  0.000e+00
      9.284   71.60162 -165.30500     2.6864    30.4514    1455.30  0.000e+00
      9.315   71.60162 -165.30500     2.6877    30.4520    1455.30  0.000e+00
      9.369   71.60162 -165.30500     2.6885    30.4501    1455.30  0.000e+00
      9.369   71.60162 -165.30500     2.6895    30.4464    1455.30  0.000e+00
      9.369   71.60162 -165.30500     2.6894    30.4425    1455.30  0.000e+00
      9.369   71.60162 -165.30500     2.6893    30.4401    1455.29  0.000e+00
      9.369   71.60162 -165.30500     2.6888    30.4402    1455.29  0.000e+00
      9.369   71.60162 -165.30500     2.6881    30.4416    1455.29  0.000e+00
      9.369   71.60162 -165.30500     2.6878    30.4436    1455.29  0.000e+00
      9.423   71.60162 -165.30500     2.6877    30.4445    1455.29  0.000e+00
      9.423   71.60162 -165.30500     2.6876    30.4449    1455.29  0.000e+00
      9.423   71.60162 -165.30500     2.6883    30.4447    1455.30  0.000e+00
      9.423   71.60162 -165.30500     2.6887    30.4455    1455.30  0.000e+00
      9.400   71.60162 -165.30500     2.6890    30.4464    1455.30  0.000e+00
      9.423   71.60162 -165.30500     2.6891    30.4465    1455.30  0.000e+00
      9.484   71.60162 -165.30500     2.6890    30.4468    1455.30  0.000e+00
      9.423   71.60162 -165.30500     2.6891    30.4458    1455.30  0.000e+00
      9.423   71.60162 -165.30500     2.6892    30.4442    1455.30  0.000e+00
      9.484   71.60162 -165.30500     2.6881    30.4435    1455.30  0.000e+00
      9.484   71.60162 -165.30500     2.6877    30.4423    1455.29  0.000e+00
      9.484   71.60162 -165.30500     2.6871    30.4410    1455.29  0.000e+00
      9.484   71.60162 -165.30500     2.6863    30.4383    1455.28  0.000e+00
      9.484   71.60162 -165.30500     2.6852    30.4359    1455.27  0.000e+00
      9.538   71.60162 -165.30500     2.6836    30.4334    1455.26  0.000e+00
      9.484   71.60162 -165.30500     2.6816    30.4323    1455.25  0.000e+00
      9.515   71.60162 -165.30500     2.6801    30.4310    1455.24  0.000e+00
      9.538   71.60162 -165.30500     2.6788    30.4309    1455.24  0.000e+00
      9.484   71.60162 -165.30500     2.6774    30.4315    1455.23  0.000e+00
      9.538   71.60162 -165.30500     2.6761    30.4324    1455.23  0.000e+00
      9.600   71.60162 -165.30500     2.6752    30.4327    1455.23  0.000e+00
      9.484   71.60162 -165.30500     2.6746    30.4329    1455.22  0.000e+00
      9.600   71.60162 -165.30500     2.6740    30.4329    1455.22  0.000e+00
      9.538   71.60162 -165.30500     2.6735    30.4331    1455.22  0.000e+00
      9.538   71.60162 -165.30500     2.6733    30.4330    1455.22  0.000e+00
      9.600   71.60162 -165.30500     2.6729    30.4336    1455.22  0.000e+00
      9.538   71.60162 -165.30500     2.6729    30.4330    1455.22  0.000e+00
      9.600   71.60162 -165.30500     2.6725    30.4329    1455.22  0.000e+00
      9.569   71.60162 -165.30500     2.6724    30.4332    1455.22  0.000e+00
      9.600   71.60162 -165.30500     2.6720    30.4332    1455.21  0.000e+00
      9.600   71.60162 -165.30500     2.6719    30.4336    1455.21  0.000e+00
      9.600   71.60162 -165.30500     2.6718    30.4338    1455.21  0.000e+00
      9.654   71.60162 -165.30500     2.6717    30.4334    1455.21  0.000e+00
      9.600   71.60162 -165.30500     2.6717    30.4332    1455.21  0.000e+00
      9.654   71.60162 -165.30500     2.6716    30.4334    1455.21  0.000e+00
      9.600   71.60162 -165.30500     2.6716    30.4335    1455.21  0.000e+00
      9.600   71.60162 -165.30500     2.6713    30.4338    1455.21  0.000e+00
      9.654   71.60162 -165.30500     2.6712    30.4334    1455.21  0.000e+00
      9.654   71.60162 -165.30500     2.6710    30.4331    1455.21  0.000e+00
      9.654   71.60162 -165.30500     2.6708    30.4327    1455.21  0.000e+00
      9.685   71.60162 -165.30500     2.6704    30.4329    1455.21  0.000e+00
      9.654   71.60162 -165.30500     2.6700    30.4334    1455.21  0.000e+00
      9.654   71.60162 -165.30500     2.6700    30.4336    1455.21  0.000e+00
      9.654   71.60162 -165.30500     2.6700    30.4342    1455.21  0.000e+00
      9.716   71.60162 -165.30500     2.6701    30.4353    1455.21  0.000e+00
      9.716   71.60162 -165.30500     2.6707    30.4363    1455.21  0.000e+00
      9.654   71.60162 -165.30500     2.6712    30.4368    1455.22  0.000e+00
      9.716   71.60162 -165.30500     2.6716    30.4364    1455.22  0.000e+00
      9.716   71.60162 -165.30500     2.6718    30.4349    1455.22  0.000e+00
      9.716   71.60162 -165.30500     2.6719    30.4339    1455.22  0.000e+00
      9.716   71.60162 -165.30500     2.6718    30.4335    1455.22  0.000e+00
      9.685   71.60162 -165.30500     2.6717    30.4328    1455.21  0.000e+00
