EcoFOCI/data/1_SampleCollection/2023_SikuliaqDBO_CruiseData/CTD_raw_BottleFile_SKQ23-12S/proc/skq202312s_059svp.cnv
* Sea-Bird SBE 9 Data File:
* FileName = D:\CTD\SKQ202312S\SKQ202312S_059.hex
* Software Version Seasave V 7.26.7.121
* Temperature SN = 6177
* Conductivity SN = 0369
* Number of Bytes Per Scan = 41
* Number of Voltage Words = 4
* Number of Scans Averaged by the Deck Unit = 1
* NMEA Latitude = 71 13.10 N
* NMEA Longitude = 164 14.82 W
* NMEA UTC (Time) = Sep 27 2023  16:34:29
* NMEA baud rate = 4800
** Ship: R/V Sikuliaq
** Station Number: 059
** Station Name: C2
** Bottom Depth: 44
** Operator: SD
# nquan = 7
# nvalues = 4729                                  
# units = specified
# name 0 = depSM: Depth [salt water, m]
# name 1 = latitude: Latitude [deg]
# name 2 = longitude: Longitude [deg]
# name 3 = t090C: Temperature [ITS-90, deg C]
# name 4 = sal00: Salinity, Practical [PSU]
# name 5 = svCM: Sound Velocity [Chen-Millero, m/s]
# name 6 = flag:  0.000e+00
# span 0 =      2.829,     39.103                 
# span 1 =   71.21830,   71.21832                 
# span 2 = -164.24722, -164.24706                 
# span 3 =    -1.0799,     4.3368                 
# span 4 =    30.9439,    32.4387                 
# span 5 =    1441.00,    1463.54                 
# span 6 = 0.0000e+00, 0.0000e+00                 
# interval = seconds: 0.0416667
# start_time = Sep 27 2023 16:38:23 [NMEA time, first data scan]
# bad_flag = -9.990e-29
*END*
[from data line 1642]
     12.399   71.21832 -164.24720     3.2210    30.9644    1458.32  0.000e+00
     12.430   71.21832 -164.24720     3.2218    30.9656    1458.33  0.000e+00
     12.430   71.21832 -164.24720     3.2229    30.9658    1458.33  0.000e+00
     12.430   71.21832 -164.24720     3.2237    30.9664    1458.34  0.000e+00
     12.430   71.21832 -164.24720     3.2248    30.9663    1458.34  0.000e+00
     12.461   71.21832 -164.24720     3.2256    30.9661    1458.35  0.000e+00
     12.314   71.21832 -164.24720     3.2267    30.9652    1458.35  0.000e+00
     12.599   71.21832 -164.24720     3.2269    30.9654    1458.35  0.000e+00
     12.491   71.21832 -164.24720     3.2276    30.9651    1458.35  0.000e+00
     12.491   71.21832 -164.24720     3.2281    30.9655    1458.36  0.000e+00
     12.461   71.21832 -164.24720     3.2284    30.9661    1458.36  0.000e+00
     12.491   71.21832 -164.24720     3.2296    30.9662    1458.36  0.000e+00
     12.545   71.21832 -164.24720     3.2302    30.9673    1458.37  0.000e+00
     12.491   71.21832 -164.24720     3.2314    30.9675    1458.37  0.000e+00
     12.545   71.21832 -164.24720     3.2325    30.9679    1458.38  0.000e+00
     12.461   71.21832 -164.24720     3.2337    30.9675    1458.38  0.000e+00
     12.545   71.21832 -164.24720     3.2346    30.9666    1458.39  0.000e+00
     12.545   71.21832 -164.24720     3.2354    30.9659    1458.39  0.000e+00
     12.545   71.21832 -164.24720     3.2358    30.9658    1458.39  0.000e+00
     12.545   71.21832 -164.24720     3.2362    30.9659    1458.39  0.000e+00
     12.515   71.21832 -164.24720     3.2363    30.9658    1458.39  0.000e+00
     12.599   71.21832 -164.24720     3.2363    30.9651    1458.39  0.000e+00
     12.545   71.21832 -164.24720     3.2365    30.9646    1458.39  0.000e+00
     12.599   71.21832 -164.24720     3.2363    30.9642    1458.39  0.000e+00
     12.599   71.21832 -164.24720     3.2362    30.9632    1458.39  0.000e+00
     12.515   71.21832 -164.24720     3.2362    30.9636    1458.39  0.000e+00
     12.599   71.21832 -164.24720     3.2363    30.9636    1458.39  0.000e+00
     12.599   71.21832 -164.24720     3.2365    30.9634    1458.39  0.000e+00
     12.599   71.21832 -164.24720     3.2366    30.9630    1458.39  0.000e+00
     12.661   71.21832 -164.24720     3.2365    30.9631    1458.39  0.000e+00
     12.630   71.21832 -164.24720     3.2360    30.9634    1458.39  0.000e+00
     12.599   71.21832 -164.24720     3.2360    30.9641    1458.39  0.000e+00
     12.661   71.21832 -164.24720     3.2362    30.9648    1458.39  0.000e+00
     12.599   71.21832 -164.24720     3.2363    30.9653    1458.39  0.000e+00
     12.661   71.21832 -164.24720     3.2366    30.9652    1458.40  0.000e+00
     12.630   71.21832 -164.24720     3.2370    30.9641    1458.40  0.000e+00
     12.661   71.21832 -164.24720     3.2370    30.9629    1458.39  0.000e+00
     12.661   71.21832 -164.24720     3.2370    30.9628    1458.39  0.000e+00
     12.715   71.21832 -164.24720     3.2370    30.9641    1458.40  0.000e+00
     12.661   71.21832 -164.24720     3.2373    30.9665    1458.40  0.000e+00
     12.684   71.21832 -164.24720     3.2379    30.9704    1458.41  0.000e+00
     12.661   71.21832 -164.24720     3.2400    30.9733    1458.42  0.000e+00
     12.715   71.21832 -164.24720     3.2420    30.9748    1458.43  0.000e+00
     12.715   71.21832 -164.24720     3.2441    30.9746    1458.44  0.000e+00
     12.715   71.21832 -164.24720     3.2459    30.9733    1458.45  0.000e+00
     12.684   71.21832 -164.24720     3.2474    30.9724    1458.45  0.000e+00
     12.777   71.21832 -164.24720     3.2481    30.9721    1458.46  0.000e+00
     12.661   71.21832 -164.24720     3.2489    30.9716    1458.46  0.000e+00
     12.777   71.21832 -164.24720     3.2491    30.9719    1458.46  0.000e+00
     12.661   71.21832 -164.24720     3.2497    30.9727    1458.46  0.000e+00
     12.800   71.21832 -164.24720     3.2506    30.9716    1458.47  0.000e+00
     12.777   71.21832 -164.24720     3.2516    30.9694    1458.47  0.000e+00
     12.777   71.21832 -164.24720     3.2521    30.9678    1458.47  0.000e+00
     12.715   71.21832 -164.24720     3.2519    30.9679    1458.47  0.000e+00
     12.800   71.21832 -164.24720     3.2518    30.9674    1458.47  0.000e+00
     12.777   71.21832 -164.24720     3.2517    30.9669    1458.46  0.000e+00
     12.777   71.21832 -164.24720     3.2512    30.9665    1458.46  0.000e+00
     12.831   71.21832 -164.24720     3.2506    30.9667    1458.46  0.000e+00
     12.777   71.21832 -164.24720     3.2504    30.9668    1458.46  0.000e+00
     12.800   71.21832 -164.24720     3.2500    30.9672    1458.46  0.000e+00
     12.831   71.21832 -164.24720     3.2498    30.9687    1458.46  0.000e+00
     12.777   71.21832 -164.24720     3.2499    30.9701    1458.46  0.000e+00
     12.831   71.21832 -164.24720     3.2504    30.9716    1458.47  0.000e+00
     12.831   71.21832 -164.24720     3.2510    30.9724    1458.47  0.000e+00
     12.861   71.21832 -164.24720     3.2515    30.9733    1458.47  0.000e+00
     12.831   71.21832 -164.24720     3.2522    30.9754    1458.48  0.000e+00
     12.831   71.21832 -164.24720     3.2532    30.9764    1458.48  0.000e+00
     12.892   71.21832 -164.24720     3.2543    30.9757    1458.49  0.000e+00
     12.830   71.21832 -164.24720     3.2553    30.9752    1458.49  0.000e+00
     12.915   71.21832 -164.24720     3.2560    30.9764    1458.50  0.000e+00
     12.830   71.21832 -164.24720     3.2573    30.9789    1458.50  0.000e+00
     12.892   71.21832 -164.24720     3.2587    30.9818    1458.52  0.000e+00
     12.892   71.21832 -164.24720     3.2612    30.9837    1458.53  0.000e+00
     12.892   71.21832 -164.24720     3.2646    30.9842    1458.54  0.000e+00
     12.915   71.21832 -164.24720     3.2674    30.9835    1458.56  0.000e+00
     12.892   71.21832 -164.24720     3.2701    30.9811    1458.56  0.000e+00
     12.892   71.21832 -164.24720     3.2723    30.9788    1458.57  0.000e+00
     12.946   71.21832 -164.24720     3.2735    30.9787    1458.58  0.000e+00
     12.969   71.21832 -164.24720     3.2751    30.9806    1458.59  0.000e+00
     12.946   71.21832 -164.24720     3.2773    30.9819    1458.60  0.000e+00
     13.000   71.21832 -164.24720     3.2797    30.9815    1458.61  0.000e+00
     13.000   71.21832 -164.24720     3.2813    30.9803    1458.61  0.000e+00
     13.000   71.21832 -164.24720     3.2823    30.9778    1458.61  0.000e+00
     12.969   71.21832 -164.24720     3.2825    30.9735    1458.61  0.000e+00
     13.000   71.21832 -164.24720     3.2811    30.9715    1458.60  0.000e+00
     13.062   71.21832 -164.24720     3.2795    30.9730    1458.60  0.000e+00
     13.000   71.21832 -164.24720     3.2792    30.9740    1458.60  0.000e+00
     13.000   71.21832 -164.24720     3.2792    30.9748    1458.60  0.000e+00
     13.031   71.21832 -164.24720     3.2797    30.9751    1458.60  0.000e+00
     13.062   71.21832 -164.24720     3.2800    30.9751    1458.60  0.000e+00
     13.116   71.21832 -164.24720     3.2805    30.9754    1458.60  0.000e+00
     13.062   71.21832 -164.24720     3.2808    30.9773    1458.61  0.000e+00
     13.062   71.21832 -164.24720     3.2817    30.9795    1458.61  0.000e+00
     13.147   71.21832 -164.24720     3.2833    30.9807    1458.62  0.000e+00
     13.177   71.21832 -164.24720     3.2844    30.9798    1458.63  0.000e+00
     13.116   71.21832 -164.24718     3.2855    30.9784    1458.63  0.000e+00
     13.116   71.21832 -164.24718     3.2860    30.9781    1458.63  0.000e+00
     13.147   71.21832 -164.24718     3.2871    30.9784    1458.64  0.000e+00
     13.177   71.21832 -164.24718     3.2877    30.9797    1458.64  0.000e+00
     13.116   71.21832 -164.24718     3.2888    30.9803    1458.65  0.000e+00
     13.177   71.21832 -164.24718     3.2901    30.9802    1458.65  0.000e+00
     13.231   71.21832 -164.24718     3.2909    30.9806    1458.66  0.000e+00
     13.147   71.21832 -164.24718     3.2922    30.9798    1458.66  0.000e+00
     13.293   71.21832 -164.24718     3.2928    30.9795    1458.67  0.000e+00
     13.231   71.21832 -164.24718     3.2932    30.9792    1458.67  0.000e+00
     13.231   71.21832 -164.24718     3.2936    30.9784    1458.67  0.000e+00
     13.255   71.21832 -164.24718     3.2940    30.9775    1458.67  0.000e+00
     13.231   71.21832 -164.24718     3.2942    30.9764    1458.67  0.000e+00
     13.293   71.21832 -164.24718     3.2939    30.9765    1458.67  0.000e+00
     13.293   71.21832 -164.24718     3.2943    30.9778    1458.67  0.000e+00
     13.293   71.21832 -164.24718     3.2948    30.9803    1458.68  0.000e+00
     13.316   71.21832 -164.24718     3.2957    30.9822    1458.68  0.000e+00
     13.293   71.21832 -164.24718     3.2964    30.9821    1458.68  0.000e+00
     13.293   71.21832 -164.24718     3.2974    30.9823    1458.69  0.000e+00
     13.347   71.21832 -164.24718     3.2982    30.9828    1458.69  0.000e+00
     13.347   71.21832 -164.24718     3.2990    30.9831    1458.70  0.000e+00
     13.370   71.21832 -164.24718     3.3002    30.9847    1458.71  0.000e+00
     13.347   71.21832 -164.24718     3.3015    30.9878    1458.71  0.000e+00
     13.401   71.21832 -164.24718     3.3029    30.9912    1458.73  0.000e+00
     13.401   71.21832 -164.24718     3.3054    30.9932    1458.74  0.000e+00
     13.370   71.21832 -164.24718     3.3079    30.9901    1458.75  0.000e+00
     13.463   71.21832 -164.24718     3.3089    30.9866    1458.75  0.000e+00
     13.401   71.21832 -164.24718     3.3098    30.9845    1458.75  0.000e+00
     13.463   71.21832 -164.24718     3.3105    30.9840    1458.75  0.000e+00
     13.463   71.21832 -164.24718     3.3111    30.9850    1458.75  0.000e+00
     13.432   71.21832 -164.24718     3.3122    30.9854    1458.76  0.000e+00
     13.463   71.21832 -164.24718     3.3129    30.9871    1458.76  0.000e+00
     13.463   71.21832 -164.24718     3.3141    30.9875    1458.77  0.000e+00
     13.517   71.21832 -164.24718     3.3151    30.9878    1458.78  0.000e+00
     13.486   71.21832 -164.24718     3.3158    30.9876    1458.78  0.000e+00
     13.517   71.21832 -164.24718     3.3165    30.9876    1458.78  0.000e+00
     13.517   71.21832 -164.24718     3.3174    30.9878    1458.79  0.000e+00
     13.578   71.21832 -164.24718     3.3187    30.9890    1458.79  0.000e+00
     13.578   71.21832 -164.24718     3.3196    30.9920    1458.80  0.000e+00
     13.601   71.21832 -164.24718     3.3214    30.9944    1458.81  0.000e+00
     13.578   71.21832 -164.24718     3.3240    30.9962    1458.83  0.000e+00
     13.578   71.21832 -164.24718     3.3275    30.9982    1458.84  0.000e+00
     13.632   71.21832 -164.24718     3.3313    31.0008    1458.86  0.000e+00
     13.601   71.21832 -164.24718     3.3355    31.0020    1458.88  0.000e+00
     13.694   71.21832 -164.24718     3.3394    31.0030    1458.90  0.000e+00
     13.694   71.21832 -164.24718     3.3432    31.0056    1458.92  0.000e+00
     13.694   71.21832 -164.24718     3.3476    31.0099    1458.95  0.000e+00
     13.694   71.21832 -164.24718     3.3523    31.0195    1458.98  0.000e+00
     13.717   71.21832 -164.24718     3.3593    31.0278    1459.02  0.000e+00
     13.748   71.21832 -164.24718     3.3680    31.0298    1459.06  0.000e+00
     13.748   71.21832 -164.24718     3.3761    31.0294    1459.09  0.000e+00
     13.694   71.21832 -164.24718     3.3829    31.0349    1459.13  0.000e+00
     13.771   71.21832 -164.24718     3.3920    31.0441    1459.18  0.000e+00
     13.802   71.21832 -164.24718     3.4036    31.0510    1459.24  0.000e+00
     13.802   71.21832 -164.24718     3.4145    31.0550    1459.29  0.000e+00
     13.802   71.21832 -164.24718     3.4265    31.0537    1459.34  0.000e+00
     13.833   71.21832 -164.24718     3.4380    31.0581    1459.40  0.000e+00
     13.864   71.21832 -164.24718     3.4498    31.0698    1459.46  0.000e+00
     13.918   71.21832 -164.24718     3.4629    31.0790    1459.53  0.000e+00
     13.864   71.21832 -164.24718     3.4784    31.0838    1459.60  0.000e+00
     13.918   71.21832 -164.24718     3.4964    31.0841    1459.68  0.000e+00
     13.948   71.21832 -164.24718     3.5132    31.0887    1459.76  0.000e+00
     13.918   71.21832 -164.24718     3.5298    31.0945    1459.84  0.000e+00
     13.979   71.21832 -164.24718     3.5464    31.0974    1459.91  0.000e+00
     13.979   71.21832 -164.24718     3.5619    31.0967    1459.98  0.000e+00
     14.002   71.21832 -164.24718     3.5768    31.0940    1460.04  0.000e+00
     13.979   71.21832 -164.24718     3.5909    31.1000    1460.10  0.000e+00
     14.087   71.21832 -164.24718     3.6061    31.1050    1460.18  0.000e+00
     14.033   71.21832 -164.24718     3.6208    31.1071    1460.24  0.000e+00
     14.056   71.21832 -164.24718     3.6350    31.1066    1460.30  0.000e+00
     14.087   71.21832 -164.24718     3.6480    31.1031    1460.35  0.000e+00
     14.087   71.21832 -164.24718     3.6602    31.0977    1460.40  0.000e+00
     14.149   71.21832 -164.24718     3.6714    31.0933    1460.44  0.000e+00
     14.149   71.21832 -164.24718     3.6820    31.0912    1460.48  0.000e+00
     14.118   71.21832 -164.24718     3.6919    31.0911    1460.52  0.000e+00
     14.149   71.21832 -164.24718     3.7004    31.0927    1460.56  0.000e+00
     14.203   71.21832 -164.24718     3.7086    31.0980    1460.61  0.000e+00
     14.203   71.21832 -164.24718     3.7174    31.1045    1460.65  0.000e+00
     14.234   71.21832 -164.24718     3.7272    31.1108    1460.70  0.000e+00
     14.264   71.21832 -164.24718     3.7372    31.1178    1460.75  0.000e+00
     14.264   71.21832 -164.24718     3.7491    31.1204    1460.81  0.000e+00
     14.264   71.21832 -164.24718     3.7607    31.1192    1460.85  0.000e+00
     14.342   71.21832 -164.24718     3.7722    31.1186    1460.90  0.000e+00
     14.318   71.21832 -164.24718     3.7827    31.1186    1460.95  0.000e+00
     14.380   71.21832 -164.24718     3.7926    31.1169    1460.99  0.000e+00
     14.318   71.21832 -164.24718     3.8019    31.1171    1461.03  0.000e+00
     14.403   71.21832 -164.24718     3.8118    31.1163    1461.07  0.000e+00
     14.380   71.21832 -164.24718     3.8216    31.1155    1461.11  0.000e+00
     14.434   71.21832 -164.24718     3.8300    31.1145    1461.14  0.000e+00
     14.434   71.21832 -164.24718     3.8376    31.1143    1461.18  0.000e+00
     14.457   71.21832 -164.24718     3.8445    31.1141    1461.21  0.000e+00
     14.434   71.21832 -164.24718     3.8515    31.1137    1461.23  0.000e+00
     14.488   71.21832 -164.24718     3.8580    31.1133    1461.26  0.000e+00
     14.488   71.21832 -164.24718     3.8637    31.1128    1461.29  0.000e+00
     14.519   71.21832 -164.24718     3.8694    31.1113    1461.31  0.000e+00
     14.550   71.21832 -164.24718     3.8743    31.1114    1461.33  0.000e+00
     14.550   71.21832 -164.24718     3.8792    31.1120    1461.35  0.000e+00
     14.604   71.21832 -164.24718     3.8845    31.1142    1461.38  0.000e+00
     14.604   71.21832 -164.24718     3.8902    31.1168    1461.40  0.000e+00
     14.573   71.21832 -164.24718     3.8961    31.1164    1461.43  0.000e+00
     14.604   71.21832 -164.24718     3.9013    31.1166    1461.45  0.000e+00
     14.665   71.21832 -164.24718     3.9068    31.1165    1461.48  0.000e+00
     14.665   71.21832 -164.24718     3.9115    31.1167    1461.50  0.000e+00
     14.635   71.21832 -164.24718     3.9159    31.1170    1461.51  0.000e+00
     14.719   71.21832 -164.24718     3.9195    31.1187    1461.53  0.000e+00
     14.665   71.21832 -164.24718     3.9235    31.1219    1461.55  0.000e+00
     14.781   71.21832 -164.24718     3.9282    31.1243    1461.58  0.000e+00
     14.688   71.21832 -164.24718     3.9340    31.1246    1461.60  0.000e+00
     14.781   71.21832 -164.24718     3.9387    31.1241    1461.62  0.000e+00
