EcoFOCI/data/1_SampleCollection/2023_SikuliaqDBO_CruiseData/CTD_raw_BottleFile_SKQ23-12S/proc/skq202312s_027.cnv
* Sea-Bird SBE 9 Data File:
* FileName = D:\CTD\SKQ202312S\SKQ202312S_027.hex
* Software Version Seasave V 7.26.7.121
* Temperature SN = 6177
* Conductivity SN = 0369
* Number of Bytes Per Scan = 41
* Number of Voltage Words = 4
* Number of Scans Averaged by the Deck Unit = 1
* NMEA Latitude = 71 19.80 N
* NMEA Longitude = 157 19.91 W
* NMEA UTC (Time) = Sep 21 2023  01:08:33
* NMEA baud rate = 4800
** Ship: R/V Sikuliaq
** Station Number: 027
** Station Name: DBO5.3
** Bottom Depth: 91
** Operator: SD
# nquan = 24
# nvalues = 6715                                  
# units = specified
# name 0 = depSM: Depth [salt water, m]
# name 1 = latitude: Latitude [deg]
# name 2 = longitude: Longitude [deg]
# name 3 = prDM: Pressure, Digiquartz [db]
# name 4 = t090C: Temperature [ITS-90, deg C]
# name 5 = t190C: Temperature, 2 [ITS-90, deg C]
# name 6 = potemp090C: Potential Temperature [ITS-90, deg C]
# name 7 = sal00: Salinity, Practical [PSU]
# name 8 = sal11: Salinity, Practical, 2 [PSU]
# name 9 = density00: Density [density, kg/m^3]
# name 10 = sigma-é00: Density [sigma-theta, kg/m^3]
# name 11 = sbox0Mm/Kg: Oxygen, SBE 43 [umol/kg]
# name 12 = sbox1Mm/Kg: Oxygen, SBE 43, 2 [umol/kg]
# name 13 = oxsolMm/Kg: Oxygen Saturation, Garcia & Gordon [umol/kg]
# name 14 = sbeox0PS: Oxygen, SBE 43 [% saturation]
# name 15 = sbeox1PS: Oxygen, SBE 43, 2 [% saturation]
# name 16 = v0: Voltage 0
# name 17 = flECO-AFL: Fluorescence, WET Labs ECO-AFL/FL [mg/m^3]
# name 18 = v1: Voltage 1
# name 19 = CStarAt0: Beam Attenuation, WET Labs C-Star [1/m]
# name 20 = par: PAR/Irradiance, Biospherical/Licor
# name 21 = scan: Scan Count
# name 22 = timeM: Time, Elapsed [minutes]
# name 23 = flag:  0.000e+00
# span 0 =      2.076,     85.515                 
# span 1 =   71.32992,   71.33000                 
# span 2 = -157.33170, -157.33124                 
# span 3 =      2.097,     86.414                 
# span 4 =    -1.2074,     4.8666                 
# span 5 =    -1.2150,     4.8681                 
# span 6 =    -1.2092,     4.8664                 
# span 7 =    30.1071,    32.4541                 
# span 8 =    30.1299,    32.4766                 
# span 9 =  1023.8266,  1026.5111                 
# span 10 =    23.8131,    26.0963                
# span 11 =    300.320,    339.718                
# span 12 =    284.736,    318.170                
# span 13 =  319.35409,  366.48556                
# span 14 =     85.598,     98.928                
# span 15 =     81.128,     93.124                
# span 16 =     0.0684,     0.2381                
# span 17 =     0.0623,     1.0806                
# span 18 =     3.5433,     4.2479                
# span 19 =     0.4151,     1.1407                
# span 20 = 1.0000e-12, 1.1044e+02                
# span 21 =          1,       6715                
# span 22 =     0.0000,     4.6625                
# span 23 = 0.0000e+00, 0.0000e+00                
# interval = seconds: 0.0416667
# start_time = Sep 21 2023 01:12:36 [NMEA time, first data scan]
# bad_flag = -9.990e-29
*END*
[from data line 2657]
     30.641   71.32994 -157.33158     30.960     1.0004     0.9900     0.9992    32.0324    32.0860  1025.8069    25.6596    327.032    314.139  346.96474     94.255     90.553     0.0867     0.1721     4.1600     0.4988 1.0314e+00       2658     1.8451  0.000e+00
     30.626   71.32994 -157.33158     30.944     0.9876     0.9773     0.9864    32.0388    32.0908  1025.8127    25.6655    326.734    313.732  347.06202     94.143     90.409     0.0855     0.1648     4.1600     0.4988 1.0314e+00       2659     1.8458  0.000e+00
     30.703   71.32994 -157.33158     31.022     0.9792     0.9688     0.9780    32.0422    32.0946  1025.8163    25.6687    326.449    313.285  347.12748     94.043     90.263     0.0867     0.1721     4.1587     0.5000 1.0282e+00       2660     1.8465  0.000e+00
     30.703   71.32994 -157.33158     31.022     0.9712     0.9582     0.9700    32.0450    32.1001  1025.8190    25.6714    326.165    312.632  347.19169     93.944     90.054     0.0842     0.1575     4.1600     0.4988 1.0185e+00       2661     1.8472  0.000e+00
     30.742   71.32994 -157.33158     31.061     0.9623     0.9482     0.9611    32.0491    32.1018  1025.8230    25.6752    326.086    312.190  347.25978     93.903     89.905     0.0855     0.1648     4.1600     0.4988 1.0122e+00       2662     1.8479  0.000e+00
     30.757   71.32994 -157.33158     31.076     0.9545     0.9402     0.9533    32.0523    32.1034  1025.8261    25.6782    325.809    311.727  347.32082     93.806     89.754     0.0842     0.1575     4.1770     0.4824 1.0122e+00       2663     1.8486  0.000e+00
     30.742   71.32994 -157.33158     31.061     0.9475     0.9326     0.9463    32.0547    32.1068  1025.8284    25.6806    325.811    311.043  347.37717     93.792     89.542     0.0855     0.1648     4.1893     0.4707 1.0090e+00       2664     1.8493  0.000e+00
     30.757   71.32994 -157.33158     31.076     0.9396     0.9242     0.9384    32.0574    32.1106  1025.8310    25.6832    325.828    310.551  347.44071     93.780     89.384     0.0842     0.1575     4.1917     0.4684 1.0058e+00       2665     1.8500  0.000e+00
     30.803   71.32994 -157.33158     31.123     0.9323     0.9166     0.9311    32.0586    32.1140  1025.8326    25.6846    325.657    310.083  347.50288     93.713     89.234     0.0855     0.1648     4.1905     0.4695 1.0058e+00       2666     1.8507  0.000e+00
     30.819   71.32994 -157.33158     31.139     0.9252     0.9124     0.9240    32.0607    32.1145  1025.8349    25.6867    325.725    309.594  347.56102     93.717     89.084     0.0855     0.1648     4.1893     0.4707 1.0058e+00       2667     1.8514  0.000e+00
     30.857   71.32994 -157.33158     31.178     0.9190     0.9072     0.9178    32.0629    32.1158  1025.8372    25.6888    326.028    309.147  347.61063     93.791     88.944     0.0855     0.1648     4.1905     0.4695 1.0058e+00       2668     1.8521  0.000e+00
     30.819   71.32994 -157.33158     31.139     0.9138     0.9002     0.9126    32.0651    32.1182  1025.8390    25.6909    326.169    308.479  347.65078     93.821     88.738     0.0855     0.1648     4.1893     0.4707 1.0058e+00       2669     1.8528  0.000e+00
     30.857   71.32994 -157.33158     31.178     0.9099     0.8937     0.9087    32.0658    32.1186  1025.8401    25.6917    326.309    308.006  347.68397     93.852     88.587     0.0855     0.1648     4.1905     0.4695 9.9951e-01       2670     1.8535  0.000e+00
     30.873   71.32994 -157.33158     31.193     0.9056     0.8890     0.9044    32.0678    32.1179  1025.8419    25.6935    326.494    307.530  347.71742     93.896     88.439     0.0855     0.1648     4.1893     0.4707 9.9325e-01       2671     1.8542  0.000e+00
     30.911   71.32994 -157.33158     31.232     0.9020     0.8839     0.9008    32.0681    32.1195  1025.8425    25.6939    326.250    307.273  347.74845     93.818     88.355     0.0842     0.1575     4.1905     0.4695 9.9012e-01       2672     1.8549  0.000e+00
     30.873   71.32994 -157.33158     31.193     0.8978     0.8763     0.8966    32.0692    32.1221  1025.8435    25.6951    326.401    306.887  347.78303     93.852     88.228     0.0842     0.1575     4.1893     0.4707 9.9012e-01       2673     1.8556  0.000e+00
     30.926   71.32994 -157.33158     31.248     0.8932     0.8673     0.8920    32.0703    32.1247  1025.8449    25.6962    326.563    306.742  347.82127     93.888     88.168     0.0806     0.1355     4.1905     0.4695 9.9012e-01       2674     1.8563  0.000e+00
     30.911   71.32994 -157.33158     31.232     0.8869     0.8568     0.8858    32.0705    32.1290  1025.8454    25.6967    326.784    306.403  347.87687     93.937     88.049     0.0781     0.1209     4.1893     0.4707 9.9325e-01       2675     1.8569  0.000e+00
     30.988   71.32994 -157.33158     31.310     0.8778     0.8474     0.8766    32.0727    32.1321  1025.8481    25.6991    327.034    305.864  347.95324     93.988     87.875     0.0781     0.1209     4.1893     0.4707 9.9012e-01       2676     1.8576  0.000e+00
     30.911   71.32994 -157.33158     31.232     0.8698     0.8413     0.8686    32.0743    32.1326  1025.8495    25.7008    327.267    305.496  348.01997     94.037     87.756     0.0769     0.1135     4.1905     0.4695 9.8701e-01       2677     1.8583  0.000e+00
     30.988   71.32994 -157.33158     31.310     0.8629     0.8371     0.8617    32.0760    32.1334  1025.8516    25.7026    327.775    305.343  348.07802     94.167     87.703     0.0781     0.1209     4.1893     0.4707 9.8391e-01       2678     1.8590  0.000e+00
     30.973   71.32994 -157.33158     31.294     0.8570     0.8366     0.8558    32.0783    32.1334  1025.8537    25.7048    327.833    305.201  348.12455     94.171     87.661     0.0769     0.1135     4.1893     0.4707 9.8391e-01       2679     1.8597  0.000e+00
     30.988   71.32994 -157.33158     31.310     0.8521     0.8349     0.8509    32.0802    32.1348  1025.8555    25.7065    328.356    304.871  348.16342     94.311     87.564     0.0781     0.1209     4.1905     0.4695 9.8081e-01       2680     1.8604  0.000e+00
     31.027   71.32994 -157.33158     31.349     0.8480     0.8305     0.8468    32.0798    32.1378  1025.8556    25.7064    328.721    304.579  348.20129     94.405     87.472     0.0794     0.1282     4.1893     0.4707 9.7773e-01       2681     1.8611  0.000e+00
     31.042   71.32994 -157.33158     31.364     0.8444     0.8248     0.8432    32.0782    32.1392  1025.8546    25.7053    329.078    304.319  348.23794     94.498     87.385     0.0781     0.1209     4.1893     0.4707 9.8081e-01       2682     1.8618  0.000e+00
     31.027   71.32994 -157.33158     31.349     0.8384     0.8225     0.8372    32.0792    32.1370  1025.8558    25.7065    329.443    304.238  348.28932     94.589     87.355     0.0781     0.1209     4.1770     0.4824 9.7773e-01       2683     1.8625  0.000e+00
     31.042   71.32994 -157.33158     31.364     0.8325     0.8236     0.8313    32.0823    32.1335  1025.8586    25.7093    330.268    304.177  348.33385     94.814     87.338     0.0781     0.1209     4.1624     0.4964 9.7465e-01       2684     1.8632  0.000e+00
     31.027   71.32994 -157.33158     31.349     0.8278     0.8262     0.8266    32.0838    32.1322  1025.8601    25.7108    330.250    303.931  348.37157     94.798     87.272     0.0781     0.1209     4.1600     0.4988 9.7465e-01       2685     1.8639  0.000e+00
     31.104   71.32994 -157.33158     31.427     0.8236     0.8282     0.8224    32.0853    32.1310  1025.8619    25.7122    330.375    303.713  348.40546     94.825     87.213     0.0769     0.1135     4.1600     0.4988 9.6852e-01       2686     1.8646  0.000e+00
     31.042   71.32994 -157.33158     31.364     0.8198     0.8257     0.8186    32.0844    32.1318  1025.8610    25.7117    330.919    303.753  348.44230     94.971     87.220     0.0781     0.1209     4.1612     0.4976 9.5939e-01       2687     1.8653  0.000e+00
     31.088   71.32994 -157.33158     31.411     0.8134     0.8159     0.8122    32.0851    32.1356  1025.8622    25.7126    331.322    303.661  348.49779     95.071     87.174     0.0769     0.1135     4.1612     0.4976 9.5939e-01       2688     1.8660  0.000e+00
     31.104   71.32994 -157.33158     31.427     0.8080     0.8054     0.8068    32.0862    32.1388  1025.8635    25.7138    331.743    303.806  348.54363     95.180     87.194     0.0781     0.1209     4.1612     0.4976 9.5636e-01       2689     1.8667  0.000e+00
     31.142   71.32994 -157.33158     31.466     0.8030     0.7986     0.8019    32.0877    32.1394  1025.8651    25.7153    332.146    303.734  348.58398     95.284     87.159     0.0781     0.1209     4.1612     0.4976 9.5334e-01       2690     1.8674  0.000e+00
     31.104   71.32994 -157.33158     31.427     0.7979     0.7945     0.7968    32.0897    32.1386  1025.8668    25.7172    332.531    303.871  348.62458     95.384     87.188     0.0781     0.1209     4.1612     0.4976 9.5334e-01       2691     1.8681  0.000e+00
     31.142   71.32994 -157.33158     31.466     0.7939     0.7899     0.7927    32.0906    32.1385  1025.8680    25.7182    333.174    303.822  348.65844     95.559     87.164     0.0781     0.1209     4.1612     0.4976 9.5033e-01       2692     1.8687  0.000e+00
     31.158   71.32994 -157.33158     31.481     0.7905     0.7848     0.7893    32.0910    32.1392  1025.8685    25.7186    333.598    304.189  348.68802     95.672     87.258     0.0769     0.1135     4.1612     0.4976 9.5033e-01       2693     1.8694  0.000e+00
     31.142   71.32994 -157.33158     31.465     0.7875     0.7799     0.7863    32.0914    32.1393  1025.8690    25.7191    333.758    304.415  348.71382     95.711     87.312     0.0781     0.1209     4.1612     0.4976 9.5033e-01       2694     1.8701  0.000e+00
     31.158   71.32994 -157.33158     31.481     0.7846     0.7747     0.7834    32.0923    32.1405  1025.8699    25.7200    334.373    304.659  348.73788     95.881     87.371     0.0781     0.1209     4.1612     0.4976 9.4733e-01       2695     1.8708  0.000e+00
     31.142   71.32994 -157.33158     31.465     0.7824     0.7715     0.7812    32.0934    32.1409  1025.8709    25.7210    334.998    304.691  348.75429     96.056     87.373     0.0781     0.1209     4.1612     0.4976 9.3541e-01       2696     1.8715  0.000e+00
     31.157   71.32994 -157.33158     31.481     0.7812     0.7691     0.7800    32.0923    32.1395  1025.8701    25.7202    335.162    304.949  348.76824     96.099     87.441     0.0781     0.1209     4.1612     0.4976 9.3541e-01       2697     1.8722  0.000e+00
     31.211   71.32994 -157.33158     31.536     0.7800     0.7664     0.7788    32.0918    32.1388  1025.8700    25.7199    335.777    305.015  348.78069     96.272     87.453     0.0781     0.1209     4.1612     0.4976 9.3541e-01       2698     1.8729  0.000e+00
     31.204   71.32994 -157.33158     31.528     0.7778     0.7632     0.7766    32.0922    32.1395  1025.8704    25.7203    336.129    305.280  348.79912     96.368     87.522     0.0781     0.1209     4.1612     0.4976 9.3838e-01       2699     1.8736  0.000e+00
     31.211   71.32994 -157.33158     31.536     0.7742     0.7603     0.7730    32.0929    32.1402  1025.8712    25.7211    336.508    305.346  348.82976     96.468     87.535     0.0769     0.1135     4.1612     0.4976 9.3838e-01       2700     1.8743  0.000e+00
     31.204   71.32994 -157.33158     31.528     0.7710     0.7578     0.7698    32.0940    32.1401  1025.8723    25.7222    336.850    305.608  348.85553     96.559     87.605     0.0769     0.1135     4.1612     0.4976 9.3541e-01       2701     1.8750  0.000e+00
     31.211   71.32994 -157.33158     31.536     0.7683     0.7563     0.7671    32.0953    32.1406  1025.8735    25.7234    337.197    305.665  348.87609     96.652     87.618     0.0769     0.1135     4.1612     0.4976 9.3245e-01       2702     1.8757  0.000e+00
     31.258   71.32994 -157.33158     31.582     0.7666     0.7560     0.7655    32.0957    32.1387  1025.8742    25.7238    337.463    305.915  348.89007     96.725     87.687     0.0769     0.1135     4.1587     0.5000 9.2950e-01       2703     1.8764  0.000e+00
     31.211   71.32994 -157.33158     31.535     0.7648     0.7549     0.7636    32.0964    32.1378  1025.8746    25.7244    337.732    306.178  348.90517     96.798     87.760     0.0781     0.1209     4.1538     0.5047 9.2950e-01       2704     1.8771  0.000e+00
     31.258   71.32994 -157.33158     31.582     0.7628     0.7537     0.7616    32.0973    32.1393  1025.8757    25.7253    337.971    306.452  348.92077     96.862     87.836     0.0769     0.1135     4.1538     0.5047 9.2950e-01       2705     1.8778  0.000e+00
     31.211   71.32994 -157.33158     31.535     0.7618     0.7535     0.7606    32.0959    32.1384  1025.8743    25.7242    338.442    306.728  348.93314     96.993     87.915     0.0769     0.1135     4.1538     0.5047 9.2950e-01       2706     1.8785  0.000e+00
     31.312   71.32994 -157.33158     31.637     0.7617     0.7535     0.7605    32.0956    32.1379  1025.8746    25.7240    338.717    307.017  348.93476     97.072     87.997     0.0757     0.1062     4.1538     0.5047 9.2950e-01       2707     1.8792  0.000e+00
     31.273   71.32994 -157.33158     31.598     0.7618     0.7534     0.7606    32.0959    32.1363  1025.8747    25.7242    338.705    307.313  348.93301     97.069     88.080     0.0769     0.1135     4.1538     0.5047 9.2656e-01       2708     1.8799  0.000e+00
     31.273   71.32994 -157.33158     31.598     0.7621     0.7514     0.7610    32.0956    32.1368  1025.8744    25.7240    338.850    307.628  348.93072     97.111     88.167     0.0757     0.1062     4.1538     0.5047 9.2362e-01       2709     1.8806  0.000e+00
     31.258   71.32994 -157.33158     31.582     0.7618     0.7478     0.7606    32.0960    32.1381  1025.8747    25.7243    339.194    307.720  348.93276     97.209     88.186     0.0769     0.1135     4.1538     0.5047 9.2362e-01       2710     1.8813  0.000e+00
     31.327   71.32994 -157.33158     31.652     0.7626     0.7449     0.7614    32.0960    32.1390  1025.8749    25.7242    339.335    308.211  348.92581     97.251     88.321     0.0769     0.1135     4.1538     0.5047 9.1487e-01       2711     1.8819  0.000e+00
     31.258   71.32994 -157.33158     31.582     0.7639     0.7423     0.7627    32.0939    32.1392  1025.8729    25.7225    339.188    308.303  348.91989     97.211     88.341     0.0769     0.1135     4.1538     0.5047 9.1197e-01       2712     1.8826  0.000e+00
     31.327   71.32994 -157.33158     31.652     0.7621     0.7408     0.7610    32.0914    32.1388  1025.8713    25.7206    339.509    308.762  348.94205     97.297     88.469     0.0769     0.1135     4.1538     0.5047 9.0908e-01       2713     1.8833  0.000e+00
     31.312   71.32994 -157.33158     31.637     0.7598     0.7405     0.7586    32.0905    32.1388  1025.8706    25.7199    339.393    308.809  348.96565     97.257     88.482     0.0769     0.1135     4.1538     0.5047 9.0908e-01       2714     1.8840  0.000e+00
     31.327   71.32994 -157.33158     31.652     0.7583     0.7385     0.7571    32.0909    32.1384  1025.8711    25.7204    339.417    309.056  348.97845     97.260     88.548     0.0769     0.1135     4.1538     0.5047 9.0619e-01       2715     1.8847  0.000e+00
     31.311   71.32994 -157.33158     31.637     0.7552     0.7372     0.7540    32.0921    32.1381  1025.8722    25.7215    339.450    309.294  349.00331     97.263     88.613     0.0769     0.1135     4.1538     0.5047 9.0619e-01       2716     1.8854  0.000e+00
