EcoFOCI/data/1_SampleCollection/2023_SikuliaqDBO_CruiseData/CTD_raw_BottleFile_SKQ23-12S/proc/skq202312s_057svp.cnv
* Sea-Bird SBE 9 Data File:
* FileName = D:\CTD\SKQ202312S\SKQ202312S_057.hex
* Software Version Seasave V 7.26.7.121
* Temperature SN = 6177
* Conductivity SN = 0369
* Number of Bytes Per Scan = 41
* Number of Voltage Words = 4
* Number of Scans Averaged by the Deck Unit = 1
* NMEA Latitude = 71 20.18 N
* NMEA Longitude = 164 36.58 W
* NMEA UTC (Time) = Sep 27 2023  08:27:58
* NMEA baud rate = 4800
** Ship: R/V Sikuliaq
** Station Number: 057
** Station Name: IC5
** Bottom Depth: 44
** Operator: SS
# nquan = 7
# nvalues = 5121                                  
# units = specified
# name 0 = depSM: Depth [salt water, m]
# name 1 = latitude: Latitude [deg]
# name 2 = longitude: Longitude [deg]
# name 3 = t090C: Temperature [ITS-90, deg C]
# name 4 = sal00: Salinity, Practical [PSU]
# name 5 = svCM: Sound Velocity [Chen-Millero, m/s]
# name 6 = flag:  0.000e+00
# span 0 =      2.121,     38.841                 
# span 1 =   71.33624,   71.33640                 
# span 2 = -164.61044, -164.61020                 
# span 3 =    -1.2715,     3.4471                 
# span 4 =    30.6016,    32.4982                 
# span 5 =    1440.33,    1459.35                 
# span 6 = 0.0000e+00, 0.0000e+00                 
# interval = seconds: 0.0416667
# start_time = Sep 27 2023 08:31:38 [NMEA time, first data scan]
# bad_flag = -9.990e-29
*END*
[from data line 821]
      5.086   71.33626 -164.61028     2.8209    30.6136    1456.02  0.000e+00
      5.086   71.33626 -164.61028     2.8206    30.6129    1456.02  0.000e+00
      5.086   71.33626 -164.61028     2.8205    30.6113    1456.02  0.000e+00
      5.086   71.33626 -164.61028     2.8201    30.6104    1456.01  0.000e+00
      5.024   71.33626 -164.61028     2.8199    30.6098    1456.01  0.000e+00
      5.086   71.33626 -164.61028     2.8189    30.6104    1456.01  0.000e+00
      5.086   71.33626 -164.61028     2.8186    30.6116    1456.01  0.000e+00
      5.086   71.33626 -164.61028     2.8184    30.6127    1456.01  0.000e+00
      5.086   71.33626 -164.61028     2.8184    30.6132    1456.01  0.000e+00
      5.140   71.33626 -164.61028     2.8183    30.6134    1456.01  0.000e+00
      5.086   71.33626 -164.61028     2.8180    30.6135    1456.01  0.000e+00
      5.086   71.33626 -164.61028     2.8183    30.6129    1456.01  0.000e+00
      5.086   71.33626 -164.61028     2.8177    30.6132    1456.01  0.000e+00
      5.140   71.33626 -164.61028     2.8181    30.6126    1456.01  0.000e+00
      5.086   71.33626 -164.61028     2.8180    30.6129    1456.01  0.000e+00
      5.140   71.33626 -164.61028     2.8181    30.6131    1456.01  0.000e+00
      5.086   71.33626 -164.61028     2.8180    30.6134    1456.01  0.000e+00
      5.086   71.33626 -164.61028     2.8178    30.6136    1456.01  0.000e+00
      5.140   71.33626 -164.61028     2.8180    30.6138    1456.01  0.000e+00
      5.140   71.33626 -164.61028     2.8183    30.6140    1456.01  0.000e+00
      5.140   71.33626 -164.61028     2.8183    30.6146    1456.01  0.000e+00
      5.140   71.33626 -164.61028     2.8186    30.6151    1456.01  0.000e+00
      5.086   71.33626 -164.61028     2.8189    30.6152    1456.02  0.000e+00
      5.194   71.33626 -164.61028     2.8194    30.6151    1456.02  0.000e+00
      5.086   71.33626 -164.61028     2.8194    30.6151    1456.02  0.000e+00
      5.194   71.33626 -164.61028     2.8197    30.6148    1456.02  0.000e+00
      5.140   71.33626 -164.61028     2.8199    30.6146    1456.02  0.000e+00
      5.140   71.33626 -164.61028     2.8199    30.6145    1456.02  0.000e+00
      5.193   71.33626 -164.61028     2.8201    30.6143    1456.02  0.000e+00
      5.139   71.33626 -164.61028     2.8197    30.6144    1456.02  0.000e+00
      5.193   71.33626 -164.61028     2.8197    30.6144    1456.02  0.000e+00
      5.193   71.33626 -164.61028     2.8200    30.6143    1456.02  0.000e+00
      5.139   71.33626 -164.61028     2.8199    30.6150    1456.02  0.000e+00
      5.193   71.33626 -164.61028     2.8201    30.6147    1456.02  0.000e+00
      5.193   71.33626 -164.61028     2.8201    30.6148    1456.02  0.000e+00
      5.255   71.33626 -164.61028     2.8203    30.6148    1456.02  0.000e+00
      5.139   71.33626 -164.61028     2.8203    30.6150    1456.02  0.000e+00
      5.255   71.33626 -164.61028     2.8205    30.6146    1456.02  0.000e+00
      5.255   71.33626 -164.61028     2.8201    30.6151    1456.02  0.000e+00
      5.193   71.33626 -164.61028     2.8205    30.6147    1456.02  0.000e+00
      5.255   71.33626 -164.61028     2.8203    30.6147    1456.02  0.000e+00
      5.255   71.33626 -164.61028     2.8203    30.6149    1456.02  0.000e+00
      5.255   71.33626 -164.61028     2.8203    30.6150    1456.02  0.000e+00
      5.255   71.33626 -164.61028     2.8203    30.6149    1456.02  0.000e+00
      5.309   71.33626 -164.61028     2.8203    30.6149    1456.02  0.000e+00
      5.255   71.33626 -164.61028     2.8201    30.6153    1456.02  0.000e+00
      5.309   71.33626 -164.61028     2.8201    30.6154    1456.02  0.000e+00
      5.309   71.33626 -164.61028     2.8205    30.6150    1456.03  0.000e+00
      5.309   71.33626 -164.61028     2.8203    30.6152    1456.02  0.000e+00
      5.309   71.33626 -164.61028     2.8205    30.6148    1456.03  0.000e+00
      5.309   71.33626 -164.61028     2.8203    30.6150    1456.02  0.000e+00
      5.370   71.33626 -164.61028     2.8201    30.6155    1456.03  0.000e+00
      5.309   71.33626 -164.61028     2.8201    30.6155    1456.02  0.000e+00
      5.370   71.33626 -164.61028     2.8201    30.6149    1456.02  0.000e+00
      5.370   71.33626 -164.61028     2.8201    30.6148    1456.02  0.000e+00
      5.370   71.33626 -164.61028     2.8199    30.6153    1456.02  0.000e+00
      5.370   71.33626 -164.61028     2.8201    30.6149    1456.02  0.000e+00
      5.424   71.33626 -164.61028     2.8199    30.6152    1456.03  0.000e+00
      5.424   71.33626 -164.61028     2.8199    30.6149    1456.02  0.000e+00
      5.424   71.33626 -164.61028     2.8200    30.6149    1456.03  0.000e+00
      5.424   71.33626 -164.61028     2.8195    30.6151    1456.02  0.000e+00
      5.424   71.33626 -164.61028     2.8197    30.6149    1456.02  0.000e+00
      5.486   71.33626 -164.61028     2.8195    30.6146    1456.02  0.000e+00
      5.424   71.33626 -164.61028     2.8195    30.6146    1456.02  0.000e+00
      5.486   71.33626 -164.61028     2.8191    30.6152    1456.02  0.000e+00
      5.486   71.33626 -164.61028     2.8194    30.6149    1456.02  0.000e+00
      5.540   71.33626 -164.61028     2.8192    30.6148    1456.02  0.000e+00
      5.486   71.33626 -164.61028     2.8191    30.6148    1456.02  0.000e+00
      5.540   71.33626 -164.61028     2.8187    30.6152    1456.02  0.000e+00
      5.540   71.33626 -164.61028     2.8189    30.6148    1456.02  0.000e+00
      5.540   71.33626 -164.61028     2.8186    30.6147    1456.02  0.000e+00
      5.540   71.33626 -164.61028     2.8184    30.6150    1456.02  0.000e+00
      5.594   71.33626 -164.61028     2.8184    30.6146    1456.02  0.000e+00
      5.594   71.33626 -164.61028     2.8183    30.6146    1456.02  0.000e+00
      5.540   71.33626 -164.61028     2.8181    30.6145    1456.02  0.000e+00
      5.594   71.33626 -164.61028     2.8180    30.6147    1456.02  0.000e+00
      5.655   71.33626 -164.61028     2.8180    30.6146    1456.02  0.000e+00
      5.594   71.33626 -164.61028     2.8177    30.6146    1456.02  0.000e+00
      5.655   71.33626 -164.61028     2.8178    30.6142    1456.02  0.000e+00
      5.655   71.33626 -164.61028     2.8173    30.6149    1456.02  0.000e+00
      5.655   71.33626 -164.61028     2.8172    30.6151    1456.02  0.000e+00
      5.655   71.33626 -164.61028     2.8172    30.6146    1456.02  0.000e+00
      5.709   71.33626 -164.61028     2.8172    30.6150    1456.02  0.000e+00
      5.709   71.33626 -164.61028     2.8172    30.6148    1456.02  0.000e+00
      5.593   71.33626 -164.61028     2.8172    30.6154    1456.02  0.000e+00
      5.802   71.33626 -164.61028     2.8170    30.6154    1456.02  0.000e+00
      5.709   71.33626 -164.61028     2.8169    30.6156    1456.02  0.000e+00
      5.709   71.33626 -164.61028     2.8170    30.6153    1456.02  0.000e+00
      5.771   71.33626 -164.61028     2.8170    30.6152    1456.02  0.000e+00
      5.771   71.33626 -164.61028     2.8172    30.6152    1456.02  0.000e+00
      5.771   71.33626 -164.61028     2.8170    30.6152    1456.02  0.000e+00
      5.771   71.33626 -164.61028     2.8170    30.6154    1456.02  0.000e+00
      5.771   71.33626 -164.61028     2.8169    30.6158    1456.02  0.000e+00
      5.771   71.33626 -164.61028     2.8169    30.6156    1456.02  0.000e+00
      5.825   71.33626 -164.61028     2.8169    30.6151    1456.02  0.000e+00
      5.771   71.33626 -164.61028     2.8170    30.6153    1456.02  0.000e+00
      5.886   71.33626 -164.61028     2.8170    30.6151    1456.02  0.000e+00
      5.825   71.33626 -164.61028     2.8169    30.6154    1456.02  0.000e+00
      5.824   71.33626 -164.61028     2.8170    30.6164    1456.02  0.000e+00
      5.824   71.33626 -164.61028     2.8175    30.6175    1456.02  0.000e+00
      5.824   71.33626 -164.61028     2.8178    30.6178    1456.03  0.000e+00
      5.886   71.33626 -164.61028     2.8183    30.6180    1456.03  0.000e+00
      5.886   71.33626 -164.61028     2.8187    30.6175    1456.03  0.000e+00
      5.886   71.33626 -164.61028     2.8194    30.6173    1456.03  0.000e+00
      5.886   71.33626 -164.61028     2.8199    30.6176    1456.04  0.000e+00
      5.886   71.33626 -164.61028     2.8205    30.6172    1456.04  0.000e+00
      5.886   71.33626 -164.61028     2.8206    30.6169    1456.04  0.000e+00
      5.940   71.33626 -164.61028     2.8213    30.6164    1456.04  0.000e+00
      5.886   71.33626 -164.61028     2.8214    30.6160    1456.04  0.000e+00
      5.940   71.33626 -164.61028     2.8217    30.6152    1456.04  0.000e+00
      5.940   71.33626 -164.61028     2.8214    30.6157    1456.04  0.000e+00
      5.940   71.33626 -164.61028     2.8216    30.6155    1456.04  0.000e+00
      5.940   71.33626 -164.61028     2.8211    30.6160    1456.04  0.000e+00
      5.886   71.33626 -164.61028     2.8211    30.6160    1456.04  0.000e+00
      5.994   71.33626 -164.61028     2.8213    30.6153    1456.04  0.000e+00
      5.940   71.33626 -164.61028     2.8211    30.6154    1456.04  0.000e+00
      5.940   71.33626 -164.61028     2.8209    30.6152    1456.04  0.000e+00
      5.940   71.33626 -164.61028     2.8208    30.6150    1456.04  0.000e+00
      5.994   71.33626 -164.61028     2.8208    30.6148    1456.04  0.000e+00
      5.940   71.33626 -164.61028     2.8206    30.6157    1456.04  0.000e+00
      5.994   71.33626 -164.61028     2.8208    30.6157    1456.04  0.000e+00
      5.994   71.33626 -164.61028     2.8208    30.6166    1456.04  0.000e+00
      5.994   71.33626 -164.61028     2.8208    30.6173    1456.04  0.000e+00
      5.994   71.33626 -164.61028     2.8216    30.6168    1456.04  0.000e+00
      5.994   71.33626 -164.61028     2.8217    30.6169    1456.04  0.000e+00
      5.994   71.33626 -164.61028     2.8222    30.6169    1456.05  0.000e+00
      5.994   71.33626 -164.61028     2.8225    30.6168    1456.05  0.000e+00
      5.994   71.33626 -164.61028     2.8230    30.6168    1456.05  0.000e+00
      6.055   71.33626 -164.61028     2.8235    30.6162    1456.05  0.000e+00
      5.994   71.33626 -164.61028     2.8235    30.6158    1456.05  0.000e+00
      6.055   71.33626 -164.61028     2.8233    30.6158    1456.05  0.000e+00
      5.994   71.33626 -164.61028     2.8233    30.6154    1456.05  0.000e+00
      6.055   71.33626 -164.61028     2.8233    30.6150    1456.05  0.000e+00
      5.994   71.33626 -164.61028     2.8231    30.6150    1456.05  0.000e+00
      6.055   71.33626 -164.61028     2.8228    30.6151    1456.05  0.000e+00
      6.055   71.33626 -164.61028     2.8227    30.6149    1456.05  0.000e+00
      6.055   71.33626 -164.61028     2.8228    30.6145    1456.05  0.000e+00
      6.055   71.33626 -164.61028     2.8227    30.6139    1456.05  0.000e+00
      6.055   71.33626 -164.61028     2.8222    30.6139    1456.04  0.000e+00
      5.993   71.33626 -164.61028     2.8217    30.6139    1456.04  0.000e+00
      6.109   71.33626 -164.61028     2.8217    30.6132    1456.04  0.000e+00
      6.055   71.33626 -164.61028     2.8214    30.6138    1456.04  0.000e+00
      6.055   71.33626 -164.61028     2.8209    30.6143    1456.04  0.000e+00
      6.109   71.33626 -164.61028     2.8208    30.6139    1456.04  0.000e+00
      6.032   71.33626 -164.61028     2.8205    30.6144    1456.04  0.000e+00
      6.109   71.33626 -164.61028     2.8201    30.6139    1456.04  0.000e+00
      6.055   71.33626 -164.61028     2.8200    30.6139    1456.03  0.000e+00
      6.055   71.33626 -164.61028     2.8195    30.6147    1456.03  0.000e+00
      6.109   71.33626 -164.61028     2.8192    30.6151    1456.03  0.000e+00
      6.109   71.33626 -164.61028     2.8191    30.6154    1456.03  0.000e+00
      6.109   71.33626 -164.61028     2.8194    30.6155    1456.03  0.000e+00
      6.109   71.33626 -164.61028     2.8189    30.6162    1456.03  0.000e+00
      6.109   71.33626 -164.61028     2.8194    30.6158    1456.03  0.000e+00
      6.055   71.33626 -164.61028     2.8191    30.6160    1456.03  0.000e+00
      6.109   71.33626 -164.61030     2.8191    30.6158    1456.03  0.000e+00
      6.171   71.33626 -164.61030     2.8192    30.6149    1456.03  0.000e+00
      6.055   71.33626 -164.61030     2.8192    30.6149    1456.03  0.000e+00
      6.171   71.33626 -164.61030     2.8189    30.6148    1456.03  0.000e+00
      6.109   71.33626 -164.61030     2.8189    30.6150    1456.03  0.000e+00
      6.171   71.33626 -164.61030     2.8187    30.6149    1456.03  0.000e+00
      6.109   71.33626 -164.61030     2.8187    30.6146    1456.03  0.000e+00
      6.171   71.33626 -164.61030     2.8184    30.6149    1456.03  0.000e+00
      6.109   71.33626 -164.61030     2.8184    30.6147    1456.03  0.000e+00
      6.171   71.33626 -164.61030     2.8183    30.6150    1456.03  0.000e+00
      6.171   71.33626 -164.61030     2.8184    30.6152    1456.03  0.000e+00
      6.171   71.33626 -164.61030     2.8183    30.6150    1456.03  0.000e+00
      6.171   71.33626 -164.61030     2.8181    30.6154    1456.03  0.000e+00
      6.170   71.33626 -164.61030     2.8180    30.6152    1456.03  0.000e+00
      6.170   71.33626 -164.61030     2.8181    30.6152    1456.03  0.000e+00
      6.170   71.33626 -164.61030     2.8178    30.6151    1456.03  0.000e+00
      6.224   71.33626 -164.61030     2.8180    30.6148    1456.03  0.000e+00
      6.170   71.33626 -164.61030     2.8178    30.6152    1456.03  0.000e+00
      6.224   71.33626 -164.61030     2.8178    30.6153    1456.03  0.000e+00
      6.224   71.33626 -164.61030     2.8180    30.6149    1456.03  0.000e+00
      6.224   71.33626 -164.61030     2.8178    30.6151    1456.03  0.000e+00
      6.170   71.33626 -164.61030     2.8180    30.6155    1456.03  0.000e+00
      6.224   71.33626 -164.61030     2.8178    30.6156    1456.03  0.000e+00
      6.278   71.33626 -164.61030     2.8180    30.6151    1456.03  0.000e+00
      6.224   71.33626 -164.61030     2.8180    30.6152    1456.03  0.000e+00
      6.224   71.33626 -164.61030     2.8178    30.6152    1456.03  0.000e+00
      6.278   71.33626 -164.61030     2.8178    30.6154    1456.03  0.000e+00
      6.278   71.33626 -164.61030     2.8177    30.6152    1456.03  0.000e+00
      6.224   71.33626 -164.61030     2.8180    30.6150    1456.03  0.000e+00
      6.278   71.33626 -164.61030     2.8177    30.6151    1456.03  0.000e+00
      6.278   71.33626 -164.61030     2.8178    30.6152    1456.03  0.000e+00
      6.278   71.33626 -164.61030     2.8177    30.6151    1456.03  0.000e+00
      6.340   71.33626 -164.61030     2.8178    30.6151    1456.03  0.000e+00
      6.278   71.33626 -164.61030     2.8175    30.6159    1456.03  0.000e+00
      6.278   71.33626 -164.61030     2.8177    30.6153    1456.03  0.000e+00
      6.278   71.33626 -164.61030     2.8175    30.6154    1456.03  0.000e+00
      6.371   71.33626 -164.61030     2.8177    30.6155    1456.03  0.000e+00
      6.340   71.33626 -164.61030     2.8177    30.6153    1456.03  0.000e+00
      6.394   71.33626 -164.61030     2.8177    30.6159    1456.03  0.000e+00
      6.340   71.33626 -164.61030     2.8180    30.6154    1456.03  0.000e+00
      6.340   71.33626 -164.61030     2.8178    30.6160    1456.03  0.000e+00
      6.394   71.33626 -164.61030     2.8180    30.6161    1456.03  0.000e+00
      6.340   71.33626 -164.61030     2.8183    30.6163    1456.03  0.000e+00
      6.394   71.33626 -164.61030     2.8186    30.6160    1456.04  0.000e+00
      6.394   71.33626 -164.61030     2.8189    30.6161    1456.04  0.000e+00
      6.394   71.33626 -164.61030     2.8192    30.6157    1456.04  0.000e+00
      6.455   71.33626 -164.61030     2.8192    30.6157    1456.04  0.000e+00
      6.394   71.33626 -164.61030     2.8192    30.6161    1456.04  0.000e+00
      6.455   71.33626 -164.61030     2.8195    30.6163    1456.04  0.000e+00
      6.455   71.33626 -164.61030     2.8197    30.6165    1456.04  0.000e+00
