EcoFOCI/data/1_SampleCollection/2023_SikuliaqDBO_CruiseData/CTD_raw_BottleFile_SKQ23-12S/proc/skq202312s_034svp.cnv
* Sea-Bird SBE 9 Data File:
* FileName = D:\CTD\SKQ202312S\SKQ202312S_034.hex
* Software Version Seasave V 7.26.7.121
* Temperature SN = 6177
* Conductivity SN = 0369
* Number of Bytes Per Scan = 41
* Number of Voltage Words = 4
* Number of Scans Averaged by the Deck Unit = 1
* NMEA Latitude = 71 37.15 N
* NMEA Longitude = 157 55.43 W
* NMEA UTC (Time) = Sep 21 2023  16:36:56
* NMEA baud rate = 4800
** Ship: R/V Sikuliaq
** Station Number: 034
** Station Name: DBO5.10
** Bottom Depth: 62
** Operator: SD
# nquan = 7
# nvalues = 4950                                  
# units = specified
# name 0 = depSM: Depth [salt water, m]
# name 1 = latitude: Latitude [deg]
# name 2 = longitude: Longitude [deg]
# name 3 = t090C: Temperature [ITS-90, deg C]
# name 4 = sal00: Salinity, Practical [PSU]
# name 5 = svCM: Sound Velocity [Chen-Millero, m/s]
# name 6 = flag:  0.000e+00
# span 0 =      3.478,     56.893                 
# span 1 =   71.61914,   71.61918                 
# span 2 = -157.92404, -157.92392                 
# span 3 =    -1.6923,     2.3246                 
# span 4 =    29.6606,    32.9205                 
# span 5 =    1438.80,    1452.68                 
# span 6 = 0.0000e+00, 0.0000e+00                 
# interval = seconds: 0.0416667
# start_time = Sep 21 2023 16:38:35 [NMEA time, first data scan]
# bad_flag = -9.990e-29
*END*
[from data line 1026]
      9.626   71.61916 -157.92396     2.2948    29.6927    1452.60  0.000e+00
      9.595   71.61916 -157.92396     2.2957    29.6915    1452.60  0.000e+00
      9.595   71.61916 -157.92396     2.2971    29.6899    1452.60  0.000e+00
      9.595   71.61916 -157.92396     2.2996    29.6871    1452.61  0.000e+00
      9.656   71.61916 -157.92396     2.3021    29.6845    1452.62  0.000e+00
      9.595   71.61916 -157.92396     2.3045    29.6820    1452.63  0.000e+00
      9.595   71.61916 -157.92396     2.3067    29.6794    1452.63  0.000e+00
      9.595   71.61916 -157.92396     2.3083    29.6782    1452.64  0.000e+00
      9.595   71.61916 -157.92396     2.3089    29.6780    1452.64  0.000e+00
      9.594   71.61916 -157.92396     2.3099    29.6766    1452.64  0.000e+00
      9.540   71.61916 -157.92396     2.3108    29.6756    1452.64  0.000e+00
      9.594   71.61916 -157.92396     2.3105    29.6758    1452.64  0.000e+00
      9.594   71.61916 -157.92396     2.3103    29.6764    1452.64  0.000e+00
      9.540   71.61916 -157.92396     2.3103    29.6761    1452.64  0.000e+00
      9.594   71.61916 -157.92396     2.3111    29.6756    1452.65  0.000e+00
      9.540   71.61916 -157.92396     2.3114    29.6753    1452.65  0.000e+00
      9.594   71.61916 -157.92396     2.3114    29.6750    1452.65  0.000e+00
      9.594   71.61916 -157.92396     2.3106    29.6765    1452.64  0.000e+00
      9.540   71.61916 -157.92396     2.3096    29.6773    1452.64  0.000e+00
      9.594   71.61916 -157.92396     2.3078    29.6789    1452.64  0.000e+00
      9.571   71.61916 -157.92396     2.3065    29.6807    1452.63  0.000e+00
      9.594   71.61916 -157.92396     2.3040    29.6830    1452.62  0.000e+00
      9.594   71.61916 -157.92396     2.3026    29.6846    1452.62  0.000e+00
      9.594   71.61916 -157.92396     2.3031    29.6843    1452.62  0.000e+00
      9.540   71.61916 -157.92396     2.3029    29.6845    1452.62  0.000e+00
      9.656   71.61916 -157.92396     2.2999    29.6870    1452.61  0.000e+00
      9.594   71.61916 -157.92396     2.2967    29.6898    1452.60  0.000e+00
      9.594   71.61916 -157.92396     2.2946    29.6919    1452.59  0.000e+00
      9.594   71.61916 -157.92396     2.2935    29.6928    1452.59  0.000e+00
      9.656   71.61916 -157.92396     2.2907    29.6951    1452.58  0.000e+00
      9.656   71.61916 -157.92396     2.2871    29.6990    1452.57  0.000e+00
      9.594   71.61916 -157.92396     2.2833    29.7022    1452.56  0.000e+00
      9.656   71.61916 -157.92396     2.2797    29.7056    1452.55  0.000e+00
      9.656   71.61916 -157.92396     2.2800    29.7053    1452.55  0.000e+00
      9.710   71.61916 -157.92396     2.2823    29.7032    1452.56  0.000e+00
      9.656   71.61916 -157.92396     2.2854    29.7000    1452.57  0.000e+00
      9.710   71.61916 -157.92396     2.2896    29.6960    1452.58  0.000e+00
      9.709   71.61916 -157.92396     2.2926    29.6928    1452.59  0.000e+00
      9.709   71.61916 -157.92396     2.2920    29.6935    1452.59  0.000e+00
      9.686   71.61916 -157.92396     2.2896    29.6961    1452.58  0.000e+00
      9.771   71.61916 -157.92396     2.2884    29.6968    1452.58  0.000e+00
      9.709   71.61916 -157.92396     2.2893    29.6962    1452.58  0.000e+00
      9.771   71.61916 -157.92396     2.2877    29.6979    1452.57  0.000e+00
      9.771   71.61916 -157.92396     2.2834    29.7025    1452.56  0.000e+00
      9.825   71.61916 -157.92396     2.2771    29.7081    1452.54  0.000e+00
      9.771   71.61916 -157.92396     2.2702    29.7150    1452.52  0.000e+00
      9.825   71.61916 -157.92396     2.2621    29.7223    1452.49  0.000e+00
      9.825   71.61916 -157.92396     2.2499    29.7332    1452.46  0.000e+00
      9.879   71.61916 -157.92396     2.2357    29.7466    1452.41  0.000e+00
      9.825   71.61916 -157.92396     2.2206    29.7601    1452.36  0.000e+00
      9.879   71.61916 -157.92396     2.2066    29.7727    1452.32  0.000e+00
      9.940   71.61916 -157.92396     2.1940    29.7837    1452.28  0.000e+00
      9.879   71.61916 -157.92396     2.1826    29.7936    1452.24  0.000e+00
      9.940   71.61916 -157.92396     2.1742    29.8010    1452.21  0.000e+00
      9.879   71.61916 -157.92396     2.1684    29.8060    1452.19  0.000e+00
      9.994   71.61916 -157.92396     2.1667    29.8078    1452.19  0.000e+00
      9.971   71.61916 -157.92396     2.1659    29.8081    1452.18  0.000e+00
      9.940   71.61916 -157.92396     2.1667    29.8069    1452.19  0.000e+00
      9.994   71.61916 -157.92396     2.1667    29.8068    1452.19  0.000e+00
     10.056   71.61916 -157.92396     2.1648    29.8079    1452.18  0.000e+00
      9.994   71.61916 -157.92396     2.1637    29.8088    1452.18  0.000e+00
     10.056   71.61916 -157.92396     2.1631    29.8093    1452.18  0.000e+00
     10.056   71.61916 -157.92396     2.1600    29.8117    1452.16  0.000e+00
     10.056   71.61916 -157.92396     2.1556    29.8158    1452.15  0.000e+00
     10.056   71.61916 -157.92396     2.1505    29.8201    1452.13  0.000e+00
     10.110   71.61916 -157.92396     2.1425    29.8268    1452.11  0.000e+00
     10.110   71.61916 -157.92396     2.1322    29.8353    1452.07  0.000e+00
     10.110   71.61916 -157.92396     2.1231    29.8430    1452.04  0.000e+00
     10.164   71.61916 -157.92396     2.1159    29.8495    1452.02  0.000e+00
     10.110   71.61916 -157.92396     2.1095    29.8550    1452.00  0.000e+00
     10.164   71.61916 -157.92396     2.1029    29.8604    1451.98  0.000e+00
     10.164   71.61916 -157.92396     2.0944    29.8673    1451.95  0.000e+00
     10.202   71.61916 -157.92396     2.0860    29.8747    1451.92  0.000e+00
     10.164   71.61916 -157.92396     2.0799    29.8804    1451.90  0.000e+00
     10.225   71.61916 -157.92396     2.0760    29.8833    1451.89  0.000e+00
     10.164   71.61916 -157.92396     2.0751    29.8833    1451.88  0.000e+00
     10.225   71.61916 -157.92396     2.0729    29.8856    1451.88  0.000e+00
     10.225   71.61916 -157.92396     2.0702    29.8878    1451.87  0.000e+00
     10.225   71.61916 -157.92396     2.0695    29.8884    1451.87  0.000e+00
     10.279   71.61916 -157.92396     2.0705    29.8871    1451.87  0.000e+00
     10.225   71.61916 -157.92396     2.0720    29.8864    1451.88  0.000e+00
     10.279   71.61916 -157.92396     2.0739    29.8847    1451.88  0.000e+00
     10.279   71.61916 -157.92396     2.0741    29.8837    1451.88  0.000e+00
     10.225   71.61916 -157.92396     2.0716    29.8856    1451.87  0.000e+00
     10.279   71.61916 -157.92396     2.0684    29.8885    1451.86  0.000e+00
     10.341   71.61916 -157.92396     2.0645    29.8918    1451.85  0.000e+00
     10.279   71.61916 -157.92396     2.0598    29.8959    1451.84  0.000e+00
     10.225   71.61916 -157.92396     2.0562    29.8996    1451.82  0.000e+00
     10.371   71.61916 -157.92396     2.0560    29.9001    1451.83  0.000e+00
     10.341   71.61916 -157.92396     2.0592    29.8972    1451.84  0.000e+00
     10.340   71.61916 -157.92396     2.0659    29.8913    1451.86  0.000e+00
     10.340   71.61916 -157.92396     2.0679    29.8895    1451.86  0.000e+00
     10.340   71.61916 -157.92396     2.0682    29.8895    1451.86  0.000e+00
     10.279   71.61916 -157.92396     2.0664    29.8921    1451.86  0.000e+00
     10.394   71.61916 -157.92396     2.0685    29.8896    1451.87  0.000e+00
     10.340   71.61916 -157.92396     2.0734    29.8850    1451.88  0.000e+00
     10.340   71.61916 -157.92396     2.0811    29.8780    1451.91  0.000e+00
     10.340   71.61916 -157.92396     2.0841    29.8761    1451.92  0.000e+00
     10.394   71.61916 -157.92396     2.0852    29.8751    1451.92  0.000e+00
     10.340   71.61916 -157.92396     2.0880    29.8726    1451.93  0.000e+00
     10.340   71.61916 -157.92396     2.1000    29.8619    1451.97  0.000e+00
     10.394   71.61916 -157.92396     2.1110    29.8522    1452.01  0.000e+00
     10.371   71.61916 -157.92396     2.1178    29.8459    1452.03  0.000e+00
     10.340   71.61916 -157.92396     2.1269    29.8380    1452.06  0.000e+00
     10.394   71.61916 -157.92396     2.1364    29.8294    1452.09  0.000e+00
     10.394   71.61916 -157.92396     2.1473    29.8198    1452.12  0.000e+00
     10.340   71.61916 -157.92396     2.1595    29.8088    1452.16  0.000e+00
     10.394   71.61916 -157.92396     2.1706    29.7988    1452.20  0.000e+00
     10.340   71.61916 -157.92396     2.1798    29.7903    1452.23  0.000e+00
     10.394   71.61916 -157.92396     2.1841    29.7863    1452.24  0.000e+00
     10.394   71.61916 -157.92396     2.1833    29.7866    1452.24  0.000e+00
     10.394   71.61916 -157.92396     2.1812    29.7886    1452.23  0.000e+00
     10.340   71.61916 -157.92396     2.1831    29.7865    1452.24  0.000e+00
     10.394   71.61916 -157.92396     2.1807    29.7882    1452.23  0.000e+00
     10.394   71.61916 -157.92396     2.1794    29.7892    1452.23  0.000e+00
     10.394   71.61916 -157.92396     2.1715    29.7965    1452.20  0.000e+00
     10.278   71.61916 -157.92396     2.1541    29.8123    1452.14  0.000e+00
     10.371   71.61916 -157.92396     2.1348    29.8297    1452.08  0.000e+00
     10.455   71.61916 -157.92396     2.1224    29.8407    1452.04  0.000e+00
     10.340   71.61916 -157.92396     2.1190    29.8441    1452.03  0.000e+00
     10.340   71.61916 -157.92396     2.1252    29.8387    1452.05  0.000e+00
     10.394   71.61916 -157.92396     2.1317    29.8320    1452.07  0.000e+00
     10.394   71.61916 -157.92396     2.1403    29.8243    1452.10  0.000e+00
     10.340   71.61916 -157.92396     2.1472    29.8179    1452.12  0.000e+00
     10.340   71.61916 -157.92396     2.1459    29.8193    1452.12  0.000e+00
     10.394   71.61916 -157.92396     2.1476    29.8180    1452.12  0.000e+00
     10.340   71.61916 -157.92396     2.1548    29.8118    1452.15  0.000e+00
     10.394   71.61916 -157.92396     2.1625    29.8049    1452.17  0.000e+00
     10.340   71.61916 -157.92396     2.1703    29.7981    1452.20  0.000e+00
     10.340   71.61916 -157.92396     2.1799    29.7894    1452.23  0.000e+00
     10.393   71.61916 -157.92396     2.1925    29.7782    1452.27  0.000e+00
     10.278   71.61916 -157.92396     2.2055    29.7667    1452.31  0.000e+00
     10.424   71.61916 -157.92396     2.2171    29.7559    1452.35  0.000e+00
     10.393   71.61916 -157.92396     2.2240    29.7498    1452.37  0.000e+00
     10.339   71.61916 -157.92396     2.2274    29.7470    1452.38  0.000e+00
     10.393   71.61916 -157.92396     2.2294    29.7453    1452.39  0.000e+00
     10.339   71.61916 -157.92396     2.2288    29.7462    1452.39  0.000e+00
     10.393   71.61916 -157.92396     2.2286    29.7464    1452.39  0.000e+00
     10.393   71.61916 -157.92396     2.2293    29.7460    1452.39  0.000e+00
     10.393   71.61916 -157.92396     2.2266    29.7481    1452.38  0.000e+00
     10.393   71.61916 -157.92396     2.2213    29.7534    1452.36  0.000e+00
     10.393   71.61916 -157.92396     2.2172    29.7566    1452.35  0.000e+00
     10.393   71.61916 -157.92396     2.2113    29.7616    1452.33  0.000e+00
     10.393   71.61916 -157.92396     2.2003    29.7722    1452.30  0.000e+00
     10.455   71.61916 -157.92396     2.1887    29.7828    1452.26  0.000e+00
     10.393   71.61916 -157.92396     2.1851    29.7857    1452.25  0.000e+00
     10.424   71.61916 -157.92396     2.1841    29.7866    1452.24  0.000e+00
     10.455   71.61916 -157.92396     2.1823    29.7882    1452.24  0.000e+00
     10.455   71.61916 -157.92396     2.1836    29.7874    1452.24  0.000e+00
     10.393   71.61916 -157.92396     2.1850    29.7862    1452.25  0.000e+00
     10.509   71.61916 -157.92396     2.1830    29.7878    1452.24  0.000e+00
     10.455   71.61916 -157.92396     2.1791    29.7909    1452.23  0.000e+00
     10.455   71.61916 -157.92396     2.1773    29.7926    1452.22  0.000e+00
     10.509   71.61916 -157.92396     2.1737    29.7959    1452.21  0.000e+00
     10.455   71.61916 -157.92396     2.1686    29.8004    1452.19  0.000e+00
     10.563   71.61916 -157.92396     2.1644    29.8044    1452.18  0.000e+00
     10.509   71.61916 -157.92396     2.1633    29.8055    1452.18  0.000e+00
     10.508   71.61916 -157.92396     2.1637    29.8049    1452.18  0.000e+00
     10.508   71.61916 -157.92396     2.1639    29.8047    1452.18  0.000e+00
     10.562   71.61916 -157.92396     2.1628    29.8057    1452.18  0.000e+00
     10.539   71.61916 -157.92396     2.1575    29.8099    1452.16  0.000e+00
     10.562   71.61916 -157.92396     2.1470    29.8188    1452.12  0.000e+00
     10.562   71.61916 -157.92396     2.1342    29.8301    1452.08  0.000e+00
     10.562   71.61916 -157.92396     2.1195    29.8423    1452.03  0.000e+00
     10.562   71.61916 -157.92396     2.1011    29.8586    1451.97  0.000e+00
     10.624   71.61916 -157.92396     2.0859    29.8715    1451.92  0.000e+00
     10.562   71.61916 -157.92396     2.0734    29.8819    1451.88  0.000e+00
     10.624   71.61916 -157.92396     2.0635    29.8901    1451.85  0.000e+00
     10.624   71.61916 -157.92396     2.0593    29.8937    1451.84  0.000e+00
     10.624   71.61916 -157.92396     2.0610    29.8923    1451.84  0.000e+00
     10.678   71.61916 -157.92396     2.0624    29.8914    1451.85  0.000e+00
     10.624   71.61916 -157.92396     2.0607    29.8928    1451.84  0.000e+00
     10.678   71.61916 -157.92396     2.0554    29.8973    1451.82  0.000e+00
     10.678   71.61916 -157.92396     2.0516    29.9010    1451.81  0.000e+00
     10.709   71.61916 -157.92396     2.0485    29.9034    1451.80  0.000e+00
     10.678   71.61916 -157.92396     2.0453    29.9059    1451.79  0.000e+00
     10.739   71.61916 -157.92396     2.0442    29.9065    1451.79  0.000e+00
     10.678   71.61916 -157.92396     2.0427    29.9079    1451.78  0.000e+00
     10.793   71.61916 -157.92396     2.0389    29.9110    1451.77  0.000e+00
     10.739   71.61916 -157.92396     2.0303    29.9176    1451.74  0.000e+00
     10.739   71.61916 -157.92396     1.9781    29.9615    1451.57  0.000e+00
     10.793   71.61916 -157.92396     1.8794    30.0456    1451.24  0.000e+00
     10.739   71.61916 -157.92396     1.7306    30.1767    1450.75  0.000e+00
     10.793   71.61916 -157.92396     1.5616    30.3274    1450.19  0.000e+00
     10.855   71.61916 -157.92396     1.3986    30.4727    1449.65  0.000e+00
     10.793   71.61916 -157.92396     1.2367    30.6101    1449.10  0.000e+00
     10.855   71.61916 -157.92396     1.0717    30.7497    1448.54  0.000e+00
     10.824   71.61916 -157.92396     0.9129    30.8840    1448.00  0.000e+00
     10.855   71.61916 -157.92396     0.7762    30.9985    1447.53  0.000e+00
     10.855   71.61916 -157.92396     0.6670    31.0902    1447.16  0.000e+00
     10.909   71.61916 -157.92396     0.5629    31.1762    1446.80  0.000e+00
     10.855   71.61916 -157.92396     0.4637    31.2582    1446.45  0.000e+00
     10.909   71.61916 -157.92396     0.3811    31.3271    1446.16  0.000e+00
     10.909   71.61916 -157.92396     0.3185    31.3810    1445.95  0.000e+00
     10.909   71.61916 -157.92396     0.2681    31.4206    1445.77  0.000e+00
     10.963   71.61916 -157.92396     0.2188    31.4599    1445.59  0.000e+00
     10.909   71.61916 -157.92396     0.1734    31.4958    1445.43  0.000e+00
     10.962   71.61916 -157.92396     0.1375    31.5234    1445.30  0.000e+00
     10.962   71.61916 -157.92396     0.1078    31.5470    1445.20  0.000e+00
     10.993   71.61916 -157.92396     0.0902    31.5600    1445.13  0.000e+00
     10.962   71.61916 -157.92396     0.0823    31.5654    1445.10  0.000e+00
     10.962   71.61916 -157.92396     0.0728    31.5730    1445.07  0.000e+00
     11.024   71.61916 -157.92396     0.0656    31.5804    1445.05  0.000e+00
     11.024   71.61916 -157.92396     0.0617    31.5851    1445.04  0.000e+00
