EcoFOCI/data/1_SampleCollection/2023_SikuliaqDBO_CruiseData/CTD_raw_BottleFile_SKQ23-12S/proc/skq202312s_053.cnv
* Sea-Bird SBE 9 Data File:
* FileName = D:\CTD\SKQ202312S\SKQ202312S_053.hex
* Software Version Seasave V 7.26.7.121
* Temperature SN = 6177
* Conductivity SN = 0369
* Number of Bytes Per Scan = 41
* Number of Voltage Words = 4
* Number of Scans Averaged by the Deck Unit = 1
* NMEA Latitude = 70 50.92 N
* NMEA Longitude = 163 11.04 W
* NMEA UTC (Time) = Sep 26 2023  23:34:43
* NMEA baud rate = 4800
** Ship: R/V Sikuliaq
** Station Number: 053
** Station Name: IC9
** Bottom Depth: 44
** Operator: SS
# nquan = 24
# nvalues = 4192                                  
# units = specified
# name 0 = depSM: Depth [salt water, m]
# name 1 = latitude: Latitude [deg]
# name 2 = longitude: Longitude [deg]
# name 3 = prDM: Pressure, Digiquartz [db]
# name 4 = t090C: Temperature [ITS-90, deg C]
# name 5 = t190C: Temperature, 2 [ITS-90, deg C]
# name 6 = potemp090C: Potential Temperature [ITS-90, deg C]
# name 7 = sal00: Salinity, Practical [PSU]
# name 8 = sal11: Salinity, Practical, 2 [PSU]
# name 9 = density00: Density [density, kg/m^3]
# name 10 = sigma-é00: Density [sigma-theta, kg/m^3]
# name 11 = sbox0Mm/Kg: Oxygen, SBE 43 [umol/kg]
# name 12 = sbox1Mm/Kg: Oxygen, SBE 43, 2 [umol/kg]
# name 13 = oxsolMm/Kg: Oxygen Saturation, Garcia & Gordon [umol/kg]
# name 14 = sbeox0PS: Oxygen, SBE 43 [% saturation]
# name 15 = sbeox1PS: Oxygen, SBE 43, 2 [% saturation]
# name 16 = v0: Voltage 0
# name 17 = flECO-AFL: Fluorescence, WET Labs ECO-AFL/FL [mg/m^3]
# name 18 = v1: Voltage 1
# name 19 = CStarAt0: Beam Attenuation, WET Labs C-Star [1/m]
# name 20 = par: PAR/Irradiance, Biospherical/Licor
# name 21 = scan: Scan Count
# name 22 = timeM: Time, Elapsed [minutes]
# name 23 = flag:  0.000e+00
# span 0 =      2.319,     38.959                 
# span 1 =   70.84866,   70.84870                 
# span 2 = -163.18456, -163.18434                 
# span 3 =      2.343,     39.363                 
# span 4 =     4.3929,     6.8622                 
# span 5 =     4.3935,     6.8575                 
# span 6 =     4.3908,     6.8610                 
# span 7 =    29.2773,    31.8033                 
# span 8 =    29.2885,    31.8251                 
# span 9 =  1023.0908,  1025.3775                 
# span 10 =    23.0785,    25.2017                
# span 11 =    234.045,    299.936                
# span 12 =    219.552,    281.234                
# span 13 =  302.16909,  319.55082                
# span 14 =     73.274,     95.266                
# span 15 =     68.739,     89.727                
# span 16 =     0.0781,     0.2271                
# span 17 =     0.1209,     1.0146                
# span 18 =     1.9035,     4.1746                
# span 19 =     0.4847,     3.6273                
# span 20 = 1.0000e-12, 1.1684e+02                
# span 21 =          1,       4192                
# span 22 =     0.0000,     2.9104                
# span 23 = 0.0000e+00, 0.0000e+00                
# interval = seconds: 0.0416667
# start_time = Sep 26 2023 23:38:01 [NMEA time, first data scan]
# bad_flag = -9.990e-29
*END*
[from data line 1268]
      9.304   70.84866 -163.18440      9.400     5.6286     5.6282     5.6279    29.7796    29.7874  1023.5158    23.4721    296.845    277.591  314.85277     94.281     88.170     0.2051     0.8828     4.0586     0.5975 2.6312e+01       1269     0.8806  0.000e+00
      9.250   70.84866 -163.18440      9.346     5.6292     5.6301     5.6285    29.7801    29.7899  1023.5159    23.4725    296.860    277.576  314.84706     94.287     88.171     0.2051     0.8828     4.0586     0.5975 2.6312e+01       1270     0.8812  0.000e+00
      9.304   70.84866 -163.18440      9.400     5.6294     5.6321     5.6287    29.7799    29.7925  1023.5160    23.4723    296.683    277.569  314.84638     94.231     88.174     0.2051     0.8828     4.0586     0.5975 2.6312e+01       1271     0.8819  0.000e+00
      9.304   70.84866 -163.18440      9.400     5.6296     5.6337     5.6289    29.7780    29.7947  1023.5145    23.4708    296.886    277.567  314.84916     94.295     88.178     0.2051     0.8828     4.0586     0.5975 2.6238e+01       1272     0.8826  0.000e+00
      9.281   70.84866 -163.18440      9.377     5.6295     5.6347     5.6288    29.7749    29.7962  1023.5119    23.4683    296.718    277.574  314.85683     94.239     88.184     0.2063     0.8901     4.0586     0.5975 2.6238e+01       1273     0.8833  0.000e+00
      9.304   70.84866 -163.18440      9.400     5.6295     5.6353     5.6288    29.7708    29.7965  1023.5088    23.4651    296.729    277.592  314.86652     94.240     88.191     0.2051     0.8828     4.0586     0.5975 2.6238e+01       1274     0.8840  0.000e+00
      9.304   70.84866 -163.18440      9.400     5.6298     5.6351     5.6291    29.7659    29.7961  1023.5049    23.4612    296.134    277.620  314.87565     94.048     88.199     0.2051     0.8828     4.0586     0.5975 2.6238e+01       1275     0.8847  0.000e+00
      9.304   70.84866 -163.18440      9.400     5.6310     5.6349     5.6303    29.7608    29.7950  1023.5007    23.4570    296.665    277.654  314.87878     94.216     88.209     0.2051     0.8828     4.0586     0.5975 2.6238e+01       1276     0.8854  0.000e+00
      9.304   70.84866 -163.18440      9.400     5.6322     5.6350     5.6316    29.7587    29.7950  1023.4989    23.4552    296.875    277.505  314.87447     94.283     88.162     0.2051     0.8828     4.0586     0.5975 2.6164e+01       1277     0.8861  0.000e+00
      9.366   70.84866 -163.18440      9.462     5.6338     5.6361     5.6331    29.7645    29.7954  1023.5037    23.4597    296.662    277.681  314.84897     94.223     88.220     0.2039     0.8754     4.0586     0.5975 2.6164e+01       1278     0.8868  0.000e+00
      9.304   70.84866 -163.18440      9.400     5.6347     5.6369     5.6340    29.7724    29.7964  1023.5095    23.4658    296.649    277.693  314.82394     94.227     88.226     0.2039     0.8754     4.0586     0.5975 2.6164e+01       1279     0.8875  0.000e+00
      9.366   70.84866 -163.18440      9.462     5.6343     5.6372     5.6336    29.7777    29.7967  1023.5140    23.4701    296.630    277.718  314.81465     94.224     88.235     0.2027     0.8681     4.0586     0.5975 2.6090e+01       1280     0.8882  0.000e+00
      9.366   70.84866 -163.18440      9.462     5.6348     5.6369     5.6341    29.7813    29.7966  1023.5168    23.4728    296.606    277.749  314.80285     94.220     88.244     0.2051     0.8828     4.0586     0.5975 2.6090e+01       1281     0.8889  0.000e+00
      9.304   70.84866 -163.18440      9.400     5.6353     5.6364     5.6346    29.7845    29.7964  1023.5189    23.4753    296.613    277.782  314.79165     94.225     88.253     0.2051     0.8828     4.0586     0.5975 2.6090e+01       1282     0.8896  0.000e+00
      9.397   70.84866 -163.18440      9.494     5.6363     5.6371     5.6356    29.7871    29.7967  1023.5214    23.4773    296.765    277.613  314.77777     94.278     88.201     0.2039     0.8754     4.0586     0.5975 2.6090e+01       1283     0.8903  0.000e+00
      9.366   70.84866 -163.18440      9.462     5.6372     5.6389     5.6365    29.7892    29.7984  1023.5228    23.4788    296.570    277.613  314.76631     94.219     88.206     0.2051     0.8828     4.0586     0.5975 2.6090e+01       1284     0.8910  0.000e+00
      9.366   70.84866 -163.18440      9.462     5.6386     5.6420     5.6379    29.7911    29.8000  1023.5241    23.4801    296.546    277.591  314.75125     94.216     88.207     0.2039     0.8754     4.0586     0.5975 2.6090e+01       1285     0.8917  0.000e+00
      9.366   70.84866 -163.18440      9.462     5.6398     5.6440     5.6391    29.7921    29.8022  1023.5248    23.4808    296.527    277.780  314.73979     94.213     88.273     0.2051     0.8828     4.0586     0.5975 2.6090e+01       1286     0.8924  0.000e+00
      9.366   70.84866 -163.18440      9.462     5.6410     5.6459     5.6403    29.7915    29.8034  1023.5242    23.4802    296.544    277.611  314.73276     94.221     88.223     0.2039     0.8754     4.0598     0.5963 2.6017e+01       1287     0.8931  0.000e+00
      9.420   70.84866 -163.18440      9.517     5.6423     5.6459     5.6416    29.7901    29.8033  1023.5232    23.4790    296.535    277.625  314.72644     94.220     88.228     0.2039     0.8754     4.0611     0.5951 2.5943e+01       1288     0.8938  0.000e+00
      9.420   70.84866 -163.18440      9.517     5.6427     5.6442     5.6420    29.7881    29.8023  1023.5215    23.4773    296.534    277.838  314.72775     94.219     88.291     0.2027     0.8681     4.0611     0.5951 2.5943e+01       1289     0.8944  0.000e+00
      9.366   70.84866 -163.18440      9.462     5.6430     5.6429     5.6423    29.7869    29.8003  1023.5203    23.4763    296.359    277.886  314.72819     94.163     88.303     0.2039     0.8754     4.0598     0.5963 2.6017e+01       1290     0.8951  0.000e+00
      9.420   70.84866 -163.18440      9.517     5.6429     5.6427     5.6422    29.7884    29.8000  1023.5218    23.4775    296.332    277.930  314.72543     94.156     88.316     0.2051     0.8828     4.0598     0.5963 2.5943e+01       1291     0.8958  0.000e+00
      9.366   70.84866 -163.18440      9.462     5.6437     5.6448     5.6430    29.7914    29.8004  1023.5238    23.4798    296.495    277.934  314.71270     94.211     88.322     0.2039     0.8754     4.0611     0.5951 2.5943e+01       1292     0.8965  0.000e+00
      9.505   70.84866 -163.18440      9.603     5.6463     5.6470     5.6456    29.7968    29.8019  1023.5284    23.4838    296.505    277.943  314.68093     94.224     88.330     0.2051     0.8828     4.0598     0.5963 2.5943e+01       1293     0.8972  0.000e+00
      9.420   70.84866 -163.18440      9.517     5.6511     5.6491     5.6504    29.8037    29.8032  1023.5329    23.4887    296.659    277.948  314.62894     94.289     88.337     0.2039     0.8754     4.0611     0.5951 2.5943e+01       1294     0.8979  0.000e+00
      9.482   70.84866 -163.18440      9.579     5.6564     5.6510     5.6557    29.8086    29.8036  1023.5365    23.4920    296.646    278.145  314.57782     94.300     88.404     0.2039     0.8754     4.0598     0.5963 2.6017e+01       1295     0.8986  0.000e+00
      9.420   70.84866 -163.18440      9.517     5.6610     5.6526     5.6603    29.8172    29.8045  1023.5425    23.4983    296.425    278.176  314.52337     94.246     88.418     0.2039     0.8754     4.0611     0.5951 2.6017e+01       1296     0.8993  0.000e+00
      9.482   70.84866 -163.18440      9.579     5.6673     5.6546     5.6666    29.8251    29.8050  1023.5483    23.5038    296.572    278.209  314.45827     94.312     88.433     0.2039     0.8754     4.0611     0.5951 2.5943e+01       1297     0.9000  0.000e+00
      9.482   70.84866 -163.18440      9.579     5.6743     5.6562     5.6736    29.8334    29.8059  1023.5541    23.5096    296.276    278.244  314.38712     94.239     88.448     0.2051     0.8828     4.0611     0.5951 2.5943e+01       1298     0.9007  0.000e+00
      9.482   70.84866 -163.18440      9.579     5.6839     5.6584     5.6832    29.8401    29.8068  1023.5583    23.5138    296.598    278.255  314.30007     94.368     88.457     0.2039     0.8754     4.0611     0.5951 2.5943e+01       1299     0.9014  0.000e+00
      9.482   70.84866 -163.18440      9.579     5.6935     5.6619     5.6928    29.8432    29.8090  1023.5597    23.5152    296.380    278.275  314.22168     94.322     88.471     0.2051     0.8828     4.0598     0.5963 2.5943e+01       1300     0.9021  0.000e+00
      9.482   70.84866 -163.18440      9.579     5.7011     5.6662     5.7004    29.8449    29.8118  1023.5602    23.5157    296.151    278.268  314.16101     94.267     88.480     0.2039     0.8754     4.0598     0.5963 2.5943e+01       1301     0.9028  0.000e+00
      9.505   70.84866 -163.18440      9.603     5.7089     5.6718     5.7082    29.8448    29.8154  1023.5594    23.5148    296.301    278.251  314.10326     94.332     88.489     0.2051     0.8828     4.0611     0.5951 2.5870e+01       1302     0.9035  0.000e+00
      9.536   70.84866 -163.18440      9.634     5.7142     5.6793     5.7135    29.8459    29.8208  1023.5598    23.5150    296.296    278.216  314.06149     94.343     88.497     0.2039     0.8754     4.0611     0.5951 2.5797e+01       1303     0.9042  0.000e+00
      9.536   70.84866 -163.18440      9.634     5.7198     5.6885     5.7191    29.8473    29.8270  1023.5602    23.5155    296.287    278.167  314.01694     94.354     88.505     0.2039     0.8754     4.0611     0.5951 2.5797e+01       1304     0.9049  0.000e+00
      9.536   70.84866 -163.18440      9.634     5.7255     5.6966     5.7248    29.8494    29.8309  1023.5612    23.5165    296.275    278.312  313.96943     94.364     88.570     0.2039     0.8754     4.0598     0.5963 2.5797e+01       1305     0.9056  0.000e+00
      9.536   70.84866 -163.18440      9.634     5.7310     5.6992     5.7302    29.8513    29.8336  1023.5621    23.5174    296.266    278.336  313.92470     94.375     88.585     0.2051     0.8828     4.0611     0.5951 2.5725e+01       1306     0.9063  0.000e+00
      9.536   70.84866 -163.18440      9.634     5.7367     5.7001     5.7360    29.8540    29.8343  1023.5636    23.5189    296.252    278.193  313.87584     94.385     88.542     0.2051     0.8828     4.0611     0.5951 2.5725e+01       1307     0.9069  0.000e+00
      9.536   70.84866 -163.18440      9.634     5.7431     5.7015     5.7424    29.8601    29.8341  1023.5677    23.5230    296.226    278.393  313.81408     94.395     88.609     0.2039     0.8754     4.0611     0.5951 2.5725e+01       1308     0.9076  0.000e+00
      9.590   70.84866 -163.18440      9.688     5.7497     5.7037     5.7490    29.8655    29.8340  1023.5715    23.5265    296.172    278.426  313.75286     94.397     88.624     0.2051     0.8828     4.0623     0.5939 2.5652e+01       1309     0.9083  0.000e+00
      9.536   70.84866 -163.18440      9.634     5.7550     5.7054     5.7543    29.8687    29.8348  1023.5732    23.5284    296.158    278.456  313.70611     94.406     88.637     0.2039     0.8754     4.0611     0.5951 2.5580e+01       1310     0.9090  0.000e+00
      9.590   70.84866 -163.18440      9.688     5.7596     5.7069     5.7588    29.8703    29.8345  1023.5742    23.5292    296.127    278.492  313.66857     94.408     88.652     0.2051     0.8828     4.0623     0.5939 2.5580e+01       1311     0.9097  0.000e+00
      9.620   70.84866 -163.18440      9.719     5.7636     5.7082     5.7628    29.8712    29.8346  1023.5746    23.5295    296.130    278.508  313.63686     94.418     88.659     0.2039     0.8754     4.0611     0.5951 2.5508e+01       1312     0.9104  0.000e+00
      9.590   70.84866 -163.18440      9.688     5.7669     5.7091     5.7662    29.8710    29.8359  1023.5739    23.5289    296.137    278.338  313.61224     94.428     88.608     0.2051     0.8828     4.0611     0.5951 2.5436e+01       1313     0.9111  0.000e+00
      9.590   70.84866 -163.18440      9.688     5.7698     5.7141     5.7691    29.8718    29.8379  1023.5743    23.5293    296.148    278.483  313.58911     94.438     88.666     0.2027     0.8681     4.0611     0.5951 2.5436e+01       1314     0.9118  0.000e+00
      9.590   70.84866 -163.18440      9.688     5.7731     5.7217     5.7724    29.8751    29.8426  1023.5765    23.5315    296.150    278.257  313.55682     94.449     88.613     0.2039     0.8754     4.0611     0.5951 2.5364e+01       1315     0.9125  0.000e+00
      9.651   70.84866 -163.18440      9.751     5.7760     5.7263     5.7753    29.8795    29.8465  1023.5799    23.5346    296.326    278.219  313.52552     94.514     88.613     0.2051     0.8828     4.0611     0.5951 2.5292e+01       1316     0.9132  0.000e+00
      9.651   70.84866 -163.18440      9.751     5.7788     5.7298     5.7781    29.8831    29.8493  1023.5824    23.5371    296.127    278.188  313.49669     94.459     88.612     0.2039     0.8754     4.0623     0.5939 2.5292e+01       1317     0.9139  0.000e+00
      9.651   70.84866 -163.18440      9.751     5.7816     5.7415     5.7809    29.8849    29.8562  1023.5835    23.5382    296.333    278.088  313.47126     94.533     88.610     0.2051     0.8828     4.0611     0.5951 2.5292e+01       1318     0.9146  0.000e+00
      9.651   70.84866 -163.18440      9.751     5.7842     5.7545     5.7835    29.8858    29.8678  1023.5839    23.5386    296.370    277.968  313.45021     94.551     88.606     0.2039     0.8754     4.0611     0.5951 2.5150e+01       1319     0.9153  0.000e+00
      9.705   70.84866 -163.18440      9.805     5.7861     5.7646     5.7854    29.8866    29.8751  1023.5846    23.5391    296.383    277.881  313.43424     94.560     88.604     0.2051     0.8828     4.0623     0.5939 2.5079e+01       1320     0.9160  0.000e+00
      9.620   70.84866 -163.18440      9.719     5.7881     5.7687     5.7873    29.8864    29.8770  1023.5839    23.5387    296.420    277.659  313.42025     94.576     88.543     0.2039     0.8754     4.0611     0.5951 2.5079e+01       1321     0.9167  0.000e+00
      9.705   70.84866 -163.18440      9.805     5.7893     5.7680     5.7885    29.8858    29.8762  1023.5837    23.5381    296.439    277.647  313.41258     94.584     88.538     0.2039     0.8754     4.0623     0.5939 2.5008e+01       1322     0.9174  0.000e+00
      9.705   70.84866 -163.18440      9.805     5.7903     5.7676     5.7895    29.8862    29.8761  1023.5839    23.5383    296.452    277.629  313.40447     94.591     88.531     0.2039     0.8754     4.0623     0.5939 2.4938e+01       1323     0.9181  0.000e+00
      9.705   70.84866 -163.18440      9.805     5.7911     5.7700     5.7903    29.8879    29.8791  1023.5850    23.5395    296.371    277.583  313.39461     94.568     88.523     0.2039     0.8754     4.0611     0.5951 2.4938e+01       1324     0.9187  0.000e+00
      9.705   70.84866 -163.18440      9.805     5.7919     5.7779     5.7912    29.8896    29.8849  1023.5863    23.5408    296.374    277.492  313.38458     94.572     88.515     0.2051     0.8828     4.0611     0.5951 2.4797e+01       1325     0.9194  0.000e+00
      9.705   70.84866 -163.18440      9.805     5.7939     5.7883     5.7932    29.8966    29.8944  1023.5916    23.5461    296.383    277.357  313.35308     94.585     88.499     0.2039     0.8754     4.0623     0.5939 2.4727e+01       1326     0.9201  0.000e+00
      9.767   70.84866 -163.18440      9.867     5.7975     5.7976     5.7968    29.9054    29.9034  1023.5985    23.5527    296.348    277.251  313.30608     94.587     88.491     0.2051     0.8828     4.0647     0.5915 2.4727e+01       1327     0.9208  0.000e+00
      9.651   70.84866 -163.18440      9.751     5.8009     5.8041     5.8001    29.9096    29.9099  1023.6008    23.5556    296.316    277.164  313.27184     94.587     88.481     0.2051     0.8828     4.0647     0.5915 2.4588e+01       1328     0.9215  0.000e+00
