EcoFOCI/data/1_SampleCollection/2023_SikuliaqDBO_CruiseData/CTD_raw_BottleFile_SKQ23-12S/proc/skq202312s_003avg.cnv
* Sea-Bird SBE 9 Data File:
* FileName = D:\CTD\SKQ202312S\SKQ202312S_003.hex
* Software Version Seasave V 7.26.7.121
* Temperature SN = 6177
* Conductivity SN = 0369
* Number of Bytes Per Scan = 41
* Number of Voltage Words = 4
* Number of Scans Averaged by the Deck Unit = 1
* NMEA Latitude = 62 03.01 N
* NMEA Longitude = 175 12.54 W
* NMEA UTC (Time) = Sep 15 2023  07:57:54
* NMEA baud rate = 4800
** Ship: R/V Sikuliaq
** Station Number: 003
** Station Name: DBO1.2
** Bottom Depth: 78
** Operator: SD
# nquan = 25
# nvalues = 76                          
# units = specified
# name 0 = depSM: Depth [salt water, m]
# name 1 = latitude: Latitude [deg]
# name 2 = longitude: Longitude [deg]
# name 3 = prDM: Pressure, Digiquartz [db]
# name 4 = t090C: Temperature [ITS-90, deg C]
# name 5 = t190C: Temperature, 2 [ITS-90, deg C]
# name 6 = potemp090C: Potential Temperature [ITS-90, deg C]
# name 7 = sal00: Salinity, Practical [PSU]
# name 8 = sal11: Salinity, Practical, 2 [PSU]
# name 9 = density00: Density [density, kg/m^3]
# name 10 = sigma-é00: Density [sigma-theta, kg/m^3]
# name 11 = sbox0Mm/Kg: Oxygen, SBE 43 [umol/kg]
# name 12 = sbox1Mm/Kg: Oxygen, SBE 43, 2 [umol/kg]
# name 13 = oxsolMm/Kg: Oxygen Saturation, Garcia & Gordon [umol/kg]
# name 14 = sbeox0PS: Oxygen, SBE 43 [% saturation]
# name 15 = sbeox1PS: Oxygen, SBE 43, 2 [% saturation]
# name 16 = v0: Voltage 0
# name 17 = flECO-AFL: Fluorescence, WET Labs ECO-AFL/FL [mg/m^3]
# name 18 = v1: Voltage 1
# name 19 = CStarAt0: Beam Attenuation, WET Labs C-Star [1/m]
# name 20 = par: PAR/Irradiance, Biospherical/Licor
# name 21 = scan: Scan Count
# name 22 = timeM: Time, Elapsed [minutes]
# name 23 = nbin: number of scans per bin
# name 24 = flag: flag
# span 0 =      0.990,     75.258       
# span 1 =   62.05010,   62.05013       
# span 2 = -175.20902, -175.20879       
# span 3 =      1.000,     76.000       
# span 4 =    -1.3756,     7.3451       
# span 5 =    -1.3741,     7.3463       
# span 6 =    -1.3763,     7.3446       
# span 7 =    30.6569,    31.9143       
# span 8 =    30.5544,    31.9443       
# span 9 =  1023.9651,  1026.0183       
# span 10 =    23.9550,    25.6523      
# span 11 =    253.695,    411.422      
# span 12 =    236.873,    362.764      
# span 13 =  300.57255,  370.82795      
# span 14 =     69.354,    112.054      
# span 15 =     64.771,     98.454      
# span 16 =     0.0597,     0.5011      
# span 17 =     0.0100,     2.6585      
# span 18 =     3.2688,     4.2394      
# span 19 =     0.4231,     1.4629      
# span 20 = -1.007e-08, 8.3145e-01      
# span 21 =       -271,       7624      
# span 22 =    -0.1891,     5.2936      
# span 23 =         25,       1815      
# span 24 = 0.0000e+00, 0.0000e+00      
# interval = decibars: 1                
# start_time = Sep 15 2023 08:02:23 [NMEA time, first data scan]
# bad_flag = -9.990e-29
*END*
[from data line 58]
     58.426   62.05011 -175.20894     59.000    -1.2758    -1.2749    -1.2769    31.8174    31.8435  1025.8667    25.5820    267.349    249.624  368.98578     72.455     67.667     0.0710     0.0780     3.5926     1.0855 3.3472e-06       4065     2.8225         53 0.0000e+00
     59.416   62.05012 -175.20892     60.000    -1.2829    -1.2815    -1.2840    31.8181    31.8440  1025.8723    25.5827    266.476    247.849  369.05404     72.205     67.174     0.0688     0.0645     3.5573     1.1251 4.9028e-06       4114     2.8566         42 0.0000e+00
     60.406   62.05012 -175.20892     61.000    -1.2842    -1.2827    -1.2854    31.8184    31.8442  1025.8774    25.5830    266.584    246.986  369.06657     72.232     66.938     0.0796     0.1295     3.5264     1.1598 2.3516e-06       4149     2.8808         33 0.0000e+00
     61.396   62.05012 -175.20892     62.000    -1.2824    -1.2815    -1.2836    31.8182    31.8440  1025.8820    25.5828    266.696    247.271  369.04917     72.266     67.018     0.0647     0.0400     3.5051     1.1842 3.3409e-06       4187     2.9069         47 0.0000e+00
     62.386   62.05012 -175.20892     63.000    -1.2790    -1.2778    -1.2802    31.8183    31.8439  1025.8869    25.5828    266.873    248.589  369.01484     72.321     67.381     0.0668     0.0529     3.4865     1.2053 4.3174e-06       4250     2.9507         62 0.0000e+00
     63.377   62.05011 -175.20892     64.000    -1.2923    -1.2909    -1.2935    31.8209    31.8464  1025.8941    25.5852    266.657    248.615  369.13910     72.237     67.366     0.0686     0.0637     3.4828     1.2097 2.7251e-06       4300     2.9851         51 0.0000e+00
     64.367   62.05011 -175.20892     65.000    -1.3020    -1.3010    -1.3033    31.8235    31.8491  1025.9013    25.5876    266.626    248.667  369.22861     72.212     67.363     0.0705     0.0750     3.4796     1.2134 6.0575e-06       4359     3.0267         55 0.0000e+00
     65.357   62.05012 -175.20892     66.000    -1.2492    -1.2481    -1.2505    31.8318    31.8564  1025.9114    25.5930    266.640    249.165  368.68055     72.323     67.598     0.0700     0.0722     3.4865     1.2054 3.2321e-06       4400     3.0547         31 0.0000e+00
     66.347   62.05012 -175.20892     67.000    -1.1916    -1.1926    -1.1929    31.8367    31.8614  1025.9185    25.5954    267.445    249.087  368.09588     72.656     67.680     0.0671     0.0543     3.5906     1.0880 5.5419e-06       4432     3.0774         39 0.0000e+00
     67.337   62.05012 -175.20892     68.000    -1.2019    -1.2157    -1.2033    31.8374    31.8610  1025.9243    25.5963    265.030    247.693  368.19609     71.981     67.260     0.0692     0.0670     3.6471     1.0254 3.3649e-06       4515     3.1350        118 0.0000e+00
     68.327   62.05012 -175.20890     69.000    -1.1656    -1.1747    -1.1670    31.8572    31.8774  1025.9441    25.6113    264.040    246.860  367.77963     71.793     67.116     0.0622     0.0251     3.6353     1.0383 5.6716e-06       4599     3.1932         59 0.0000e+00
     69.317   62.05012 -175.20890     70.000    -1.1334    -1.1394    -1.1348    31.8698    31.8897  1025.9581    25.6206    263.264    246.573  367.42584     71.651     67.108     0.0663     0.0495     3.6577     1.0137 5.9055e-06       4724     3.2796        178 0.0000e+00
     70.307   62.05012 -175.20890     71.000    -1.1038    -1.0826    -1.1053    31.8843    31.9086  1025.9737    25.6316    261.280    243.616  367.09319     71.176     66.414     0.0662     0.0491     3.5811     1.0985 4.5306e-06       4940     3.4300        272 0.0000e+00
     71.297   62.05012 -175.20887     72.000    -1.0475    -1.0201    -1.0491    31.8937    31.9275  1025.9844    25.6376    260.250    240.210  366.51300     71.007     65.605     0.0659     0.0472     3.5434     1.1408 4.6182e-06       5505     3.8225        238 0.0000e+00
     72.287   62.05012 -175.20886     73.000    -0.9971    -0.9973    -0.9987    31.9127    31.9372  1026.0030    25.6515    256.656    239.765  365.96389     70.132     65.528     0.0682     0.0613     3.4774     1.2159 5.1466e-06       5658     3.9285         53 0.0000e+00
     73.277   62.05012 -175.20886     74.000    -0.9971    -0.9953    -0.9987    31.9111    31.9378  1026.0065    25.6502    255.536    238.443  365.96845     69.825     65.171     0.0687     0.0639     3.3922     1.3155 4.4101e-06       5747     3.9904        160 0.0000e+00
     74.267   62.05012 -175.20886     75.000    -0.9957    -0.9881    -0.9973    31.9068    31.9406  1026.0078    25.6467    255.594    239.190  365.96699     69.841     65.389     0.0673     0.0559     3.3756     1.3349 4.1344e-06       5906     4.1007        139 0.0000e+00
     75.258   62.05013 -175.20879     76.000    -0.9808    -0.9802    -0.9825    31.9143    31.9443  1026.0183    25.6523    253.695    236.873  365.79927     69.354     64.771     0.0702     0.0731     3.2688     1.4629 3.6335e-06       7624     5.2936       1815 0.0000e+00
