EcoFOCI/data/1_SampleCollection/2023_SikuliaqDBO_CruiseData/CTD_raw_BottleFile_SKQ23-12S/proc/skq202312s_018svp.cnv
* Sea-Bird SBE 9 Data File:
* FileName = D:\CTD\SKQ202312S\SKQ202312S_018.hex
* Software Version Seasave V 7.26.7.121
* Temperature SN = 6177
* Conductivity SN = 0369
* Number of Bytes Per Scan = 41
* Number of Voltage Words = 4
* Number of Scans Averaged by the Deck Unit = 1
* NMEA Latitude = 64 40.12 N
* NMEA Longitude = 168 14.25 W
* NMEA UTC (Time) = Sep 17 2023  18:54:46
* NMEA baud rate = 4800
** Ship: R/V Sikuliaq
** Station Number: 018
** Station Name: DBO2.3
** Bottom Depth: 38
** Operator: SD
# nquan = 7
# nvalues = 4087                                  
# units = specified
# name 0 = depSM: Depth [salt water, m]
# name 1 = latitude: Latitude [deg]
# name 2 = longitude: Longitude [deg]
# name 3 = t090C: Temperature [ITS-90, deg C]
# name 4 = sal00: Salinity, Practical [PSU]
# name 5 = svCM: Sound Velocity [Chen-Millero, m/s]
# name 6 = flag:  0.000e+00
# span 0 =      3.209,     33.032                 
# span 1 =   64.66886,   64.66890                 
# span 2 = -168.23718, -168.23714                 
# span 3 =     5.3066,     6.2563                 
# span 4 =    31.7797,    31.8869                 
# span 5 =    1468.55,    1471.82                 
# span 6 = 0.0000e+00, 0.0000e+00                 
# interval = seconds: 0.0416667
# start_time = Sep 17 2023 18:58:23 [NMEA time, first data scan]
# bad_flag = -9.990e-29
*END*
[from data line 3693]
     31.766   64.66888 -168.23718     5.5301    31.8552    1469.41  0.000e+00
     31.782   64.66888 -168.23718     5.5295    31.8542    1469.40  0.000e+00
     31.820   64.66888 -168.23718     5.5266    31.8548    1469.39  0.000e+00
     31.782   64.66888 -168.23718     5.5245    31.8546    1469.38  0.000e+00
     31.820   64.66888 -168.23718     5.5218    31.8545    1469.37  0.000e+00
     31.782   64.66888 -168.23718     5.5191    31.8564    1469.37  0.000e+00
     31.836   64.66888 -168.23718     5.5191    31.8565    1469.37  0.000e+00
     31.882   64.66888 -168.23718     5.5208    31.8533    1469.37  0.000e+00
     31.836   64.66888 -168.23718     5.5194    31.8537    1469.36  0.000e+00
     31.820   64.66888 -168.23718     5.5188    31.8524    1469.36  0.000e+00
     31.890   64.66888 -168.23718     5.5152    31.8530    1469.35  0.000e+00
     31.882   64.66888 -168.23718     5.5112    31.8539    1469.33  0.000e+00
     31.836   64.66888 -168.23718     5.5084    31.8555    1469.32  0.000e+00
     31.936   64.66888 -168.23718     5.5079    31.8566    1469.32  0.000e+00
     31.890   64.66888 -168.23718     5.5084    31.8578    1469.33  0.000e+00
     31.951   64.66888 -168.23718     5.5082    31.8595    1469.33  0.000e+00
     31.882   64.66888 -168.23718     5.5085    31.8605    1469.33  0.000e+00
     31.951   64.66888 -168.23718     5.5084    31.8596    1469.33  0.000e+00
     31.936   64.66888 -168.23718     5.5085    31.8557    1469.32  0.000e+00
     31.951   64.66888 -168.23718     5.5068    31.8556    1469.32  0.000e+00
     31.936   64.66888 -168.23718     5.5047    31.8566    1469.31  0.000e+00
     32.005   64.66888 -168.23718     5.5040    31.8546    1469.31  0.000e+00
     31.951   64.66888 -168.23718     5.5010    31.8542    1469.29  0.000e+00
     31.990   64.66888 -168.23718     5.4964    31.8533    1469.27  0.000e+00
     31.951   64.66888 -168.23718     5.4943    31.8522    1469.26  0.000e+00
     31.990   64.66888 -168.23718     5.4891    31.8523    1469.24  0.000e+00
     32.005   64.66888 -168.23718     5.4813    31.8543    1469.21  0.000e+00
     32.052   64.66888 -168.23718     5.4718    31.8591    1469.18  0.000e+00
     32.005   64.66888 -168.23718     5.4648    31.8614    1469.16  0.000e+00
     32.052   64.66888 -168.23718     5.4599    31.8611    1469.14  0.000e+00
     32.005   64.66888 -168.23718     5.4517    31.8635    1469.10  0.000e+00
     32.067   64.66888 -168.23718     5.4456    31.8650    1469.08  0.000e+00
     32.106   64.66888 -168.23718     5.4442    31.8635    1469.08  0.000e+00
     32.067   64.66888 -168.23718     5.4424    31.8609    1469.07  0.000e+00
     32.167   64.66888 -168.23718     5.4360    31.8610    1469.04  0.000e+00
     32.067   64.66888 -168.23718     5.4271    31.8620    1469.00  0.000e+00
     32.167   64.66888 -168.23718     5.4218    31.8583    1468.98  0.000e+00
     32.121   64.66888 -168.23718     5.4143    31.8577    1468.95  0.000e+00
     32.121   64.66888 -168.23718     5.4075    31.8578    1468.92  0.000e+00
     32.167   64.66888 -168.23718     5.3998    31.8601    1468.89  0.000e+00
     32.183   64.66888 -168.23718     5.3915    31.8626    1468.86  0.000e+00
     32.167   64.66888 -168.23718     5.3844    31.8655    1468.84  0.000e+00
     32.183   64.66888 -168.23718     5.3785    31.8681    1468.82  0.000e+00
     32.221   64.66888 -168.23718     5.3715    31.8707    1468.79  0.000e+00
     32.236   64.66888 -168.23718     5.3681    31.8726    1468.78  0.000e+00
     32.236   64.66888 -168.23718     5.3657    31.8737    1468.77  0.000e+00
     32.283   64.66888 -168.23718     5.3622    31.8754    1468.76  0.000e+00
     32.236   64.66888 -168.23718     5.3621    31.8764    1468.76  0.000e+00
     32.337   64.66888 -168.23718     5.3641    31.8761    1468.77  0.000e+00
     32.236   64.66888 -168.23718     5.3648    31.8755    1468.77  0.000e+00
     32.283   64.66888 -168.23718     5.3634    31.8761    1468.77  0.000e+00
     32.290   64.66888 -168.23718     5.3615    31.8751    1468.76  0.000e+00
     32.290   64.66888 -168.23718     5.3595    31.8747    1468.75  0.000e+00
     32.337   64.66888 -168.23718     5.3581    31.8743    1468.74  0.000e+00
     32.290   64.66888 -168.23718     5.3554    31.8750    1468.73  0.000e+00
     32.337   64.66888 -168.23718     5.3552    31.8736    1468.73  0.000e+00
     32.352   64.66888 -168.23718     5.3541    31.8724    1468.73  0.000e+00
     32.337   64.66888 -168.23718     5.3492    31.8739    1468.71  0.000e+00
     32.352   64.66888 -168.23718     5.3451    31.8756    1468.69  0.000e+00
     32.352   64.66888 -168.23718     5.3441    31.8758    1468.69  0.000e+00
     32.391   64.66888 -168.23718     5.3444    31.8751    1468.69  0.000e+00
     32.406   64.66888 -168.23718     5.3428    31.8752    1468.68  0.000e+00
     32.391   64.66888 -168.23718     5.3395    31.8769    1468.67  0.000e+00
     32.468   64.66888 -168.23718     5.3374    31.8770    1468.67  0.000e+00
     32.390   64.66888 -168.23718     5.3358    31.8767    1468.66  0.000e+00
     32.468   64.66888 -168.23718     5.3342    31.8766    1468.65  0.000e+00
     32.468   64.66888 -168.23718     5.3323    31.8752    1468.64  0.000e+00
     32.452   64.66888 -168.23718     5.3287    31.8750    1468.63  0.000e+00
     32.468   64.66888 -168.23718     5.3261    31.8741    1468.62  0.000e+00
     32.506   64.66888 -168.23718     5.3223    31.8758    1468.60  0.000e+00
     32.522   64.66888 -168.23718     5.3206    31.8764    1468.60  0.000e+00
     32.506   64.66888 -168.23718     5.3199    31.8761    1468.59  0.000e+00
     32.522   64.66888 -168.23718     5.3199    31.8752    1468.59  0.000e+00
     32.522   64.66888 -168.23718     5.3182    31.8759    1468.59  0.000e+00
     32.568   64.66888 -168.23718     5.3164    31.8768    1468.58  0.000e+00
     32.521   64.66888 -168.23718     5.3160    31.8765    1468.58  0.000e+00
     32.568   64.66888 -168.23718     5.3153    31.8788    1468.58  0.000e+00
     32.583   64.66888 -168.23718     5.3165    31.8809    1468.59  0.000e+00
     32.622   64.66888 -168.23718     5.3188    31.8805    1468.60  0.000e+00
     32.583   64.66888 -168.23718     5.3202    31.8790    1468.60  0.000e+00
     32.637   64.66888 -168.23718     5.3206    31.8785    1468.60  0.000e+00
     32.622   64.66888 -168.23718     5.3202    31.8783    1468.60  0.000e+00
     32.691   64.66888 -168.23718     5.3199    31.8780    1468.60  0.000e+00
     32.622   64.66888 -168.23718     5.3179    31.8794    1468.59  0.000e+00
     32.691   64.66888 -168.23718     5.3170    31.8788    1468.59  0.000e+00
     32.637   64.66888 -168.23718     5.3165    31.8782    1468.59  0.000e+00
     32.737   64.66888 -168.23718     5.3154    31.8789    1468.58  0.000e+00
     32.637   64.66888 -168.23718     5.3147    31.8784    1468.58  0.000e+00
     32.737   64.66888 -168.23718     5.3140    31.8779    1468.58  0.000e+00
     32.691   64.66888 -168.23718     5.3141    31.8773    1468.57  0.000e+00
     32.683   64.66888 -168.23718     5.3137    31.8773    1468.57  0.000e+00
     32.753   64.66888 -168.23718     5.3132    31.8771    1468.57  0.000e+00
     32.753   64.66888 -168.23718     5.3123    31.8771    1468.57  0.000e+00
     32.737   64.66888 -168.23718     5.3113    31.8775    1468.56  0.000e+00
     32.753   64.66888 -168.23718     5.3110    31.8773    1468.56  0.000e+00
     32.791   64.66888 -168.23718     5.3102    31.8781    1468.56  0.000e+00
     32.807   64.66888 -168.23718     5.3098    31.8781    1468.56  0.000e+00
     32.737   64.66888 -168.23718     5.3098    31.8781    1468.56  0.000e+00
     32.807   64.66888 -168.23718     5.3094    31.8783    1468.56  0.000e+00
     32.806   64.66888 -168.23718     5.3094    31.8778    1468.56  0.000e+00
     32.853   64.66888 -168.23718     5.3091    31.8777    1468.56  0.000e+00
     32.868   64.66888 -168.23718     5.3088    31.8779    1468.56  0.000e+00
     32.791   64.66888 -168.23718     5.3080    31.8785    1468.55  0.000e+00
     32.868   64.66888 -168.23718     5.3079    31.8785    1468.55  0.000e+00
     32.806   64.66888 -168.23718     5.3074    31.8792    1468.55  0.000e+00
     32.853   64.66888 -168.23718     5.3072    31.8799    1468.55  0.000e+00
     32.868   64.66888 -168.23718     5.3072    31.8798    1468.55  0.000e+00
     32.791   64.66888 -168.23718     5.3066    31.8818    1468.55  0.000e+00
     32.868   64.66888 -168.23718     5.3069    31.8869    1468.56  0.000e+00
     32.853   64.66888 -168.23718     5.3129    31.8855    1468.58  0.000e+00
     32.806   64.66888 -168.23718     5.3183    31.8822    1468.60  0.000e+00
     32.868   64.66888 -168.23718     5.3228    31.8789    1468.62  0.000e+00
     32.907   64.66888 -168.23718     5.3182    31.8846    1468.60  0.000e+00
     32.868   64.66888 -168.23718     5.3223    31.8830    1468.62  0.000e+00
     32.852   64.66888 -168.23718     5.3292    31.8805    1468.64  0.000e+00
     32.868   64.66888 -168.23718     5.3303    31.8807    1468.65  0.000e+00
     32.868   64.66888 -168.23718     5.3312    31.8789    1468.65  0.000e+00
     32.852   64.66888 -168.23718     5.3393    31.8734    1468.68  0.000e+00
     32.806   64.66888 -168.23718     5.3521    31.8696    1468.72  0.000e+00
     32.852   64.66888 -168.23718     5.3597    31.8739    1468.76  0.000e+00
     32.752   64.66888 -168.23718     5.3672    31.8746    1468.79  0.000e+00
     32.791   64.66888 -168.23718     5.3728    31.8709    1468.81  0.000e+00
     32.806   64.66888 -168.23718     5.3799    31.8656    1468.83  0.000e+00
     32.806   64.66888 -168.23718     5.3777    31.8736    1468.83  0.000e+00
     32.791   64.66888 -168.23718     5.3740    31.8856    1468.83  0.000e+00
     32.806   64.66888 -168.23718     5.3779    31.8857    1468.85  0.000e+00
     32.791   64.66888 -168.23718     5.3865    31.8815    1468.88  0.000e+00
     32.806   64.66888 -168.23718     5.4118    31.8641    1468.96  0.000e+00
     32.806   64.66888 -168.23718     5.4234    31.8641    1469.00  0.000e+00
     32.790   64.66888 -168.23718     5.4660    31.8393    1469.15  0.000e+00
     32.806   64.66888 -168.23718     5.4712    31.8467    1469.18  0.000e+00
     32.790   64.66888 -168.23718     5.4648    31.8765    1469.19  0.000e+00
     32.752   64.66888 -168.23718     5.5023    31.8789    1469.34  0.000e+00
     32.736   64.66888 -168.23718     5.5427    31.8814    1469.51  0.000e+00
     32.752   64.66888 -168.23718     5.5855    31.8727    1469.67  0.000e+00
     32.806   64.66888 -168.23718     5.6247    31.8547    1469.81  0.000e+00
     32.736   64.66888 -168.23718     5.6463    31.8452    1469.88  0.000e+00
     32.690   64.66888 -168.23718     5.6576    31.8433    1469.92  0.000e+00
     32.736   64.66888 -168.23718     5.6692    31.8386    1469.96  0.000e+00
     32.752   64.66888 -168.23718     5.6777    31.8361    1470.00  0.000e+00
     32.752   64.66888 -168.23718     5.6816    31.8363    1470.01  0.000e+00
     32.682   64.66888 -168.23718     5.6850    31.8363    1470.02  0.000e+00
     32.752   64.66888 -168.23718     5.6904    31.8310    1470.04  0.000e+00
     32.682   64.66888 -168.23718     5.6949    31.8249    1470.05  0.000e+00
     32.690   64.66888 -168.23718     5.6951    31.8227    1470.05  0.000e+00
     32.736   64.66888 -168.23718     5.6967    31.8201    1470.05  0.000e+00
     32.690   64.66888 -168.23718     5.6967    31.8191    1470.05  0.000e+00
     32.690   64.66888 -168.23718     5.6941    31.8183    1470.04  0.000e+00
     32.682   64.66888 -168.23718     5.6894    31.8186    1470.02  0.000e+00
     32.690   64.66888 -168.23718     5.6849    31.8197    1470.00  0.000e+00
     32.620   64.66888 -168.23718     5.6807    31.8205    1469.99  0.000e+00
     32.690   64.66888 -168.23718     5.6759    31.8212    1469.97  0.000e+00
     32.682   64.66888 -168.23718     5.6686    31.8244    1469.94  0.000e+00
     32.636   64.66888 -168.23718     5.6639    31.8276    1469.93  0.000e+00
     32.636   64.66888 -168.23718     5.6617    31.8292    1469.92  0.000e+00
     32.620   64.66888 -168.23718     5.6601    31.8263    1469.91  0.000e+00
     32.636   64.66888 -168.23718     5.6542    31.8253    1469.89  0.000e+00
     32.682   64.66888 -168.23718     5.6510    31.8196    1469.87  0.000e+00
     32.636   64.66888 -168.23718     5.6442    31.8104    1469.83  0.000e+00
     32.636   64.66888 -168.23718     5.6273    31.8142    1469.76  0.000e+00
     32.620   64.66888 -168.23718     5.6172    31.8214    1469.73  0.000e+00
     32.581   64.66888 -168.23718     5.6080    31.8289    1469.70  0.000e+00
     32.682   64.66888 -168.23718     5.6017    31.8279    1469.68  0.000e+00
     32.581   64.66888 -168.23718     5.5946    31.8263    1469.65  0.000e+00
     32.620   64.66888 -168.23718     5.5850    31.8253    1469.61  0.000e+00
     32.635   64.66888 -168.23718     5.5741    31.8285    1469.57  0.000e+00
     32.581   64.66888 -168.23718     5.5629    31.8357    1469.53  0.000e+00
     32.620   64.66888 -168.23718     5.5652    31.8335    1469.54  0.000e+00
     32.581   64.66888 -168.23718     5.5656    31.8355    1469.54  0.000e+00
     32.620   64.66888 -168.23718     5.5641    31.8395    1469.54  0.000e+00
     32.635   64.66888 -168.23718     5.5647    31.8424    1469.55  0.000e+00
     32.566   64.66888 -168.23718     5.5660    31.8422    1469.55  0.000e+00
     32.635   64.66888 -168.23718     5.5610    31.8421    1469.53  0.000e+00
     32.581   64.66888 -168.23718     5.5523    31.8412    1469.49  0.000e+00
     32.620   64.66888 -168.23718     5.5474    31.8390    1469.47  0.000e+00
     32.635   64.66888 -168.23718     5.5425    31.8377    1469.45  0.000e+00
     32.566   64.66888 -168.23718     5.5426    31.8348    1469.45  0.000e+00
     32.635   64.66888 -168.23718     5.5469    31.8306    1469.46  0.000e+00
     32.620   64.66888 -168.23718     5.5477    31.8276    1469.46  0.000e+00
     32.581   64.66888 -168.23718     5.5342    31.8393    1469.42  0.000e+00
     32.635   64.66888 -168.23718     5.5330    31.8428    1469.42  0.000e+00
     32.620   64.66888 -168.23718     5.5344    31.8414    1469.42  0.000e+00
     32.581   64.66888 -168.23718     5.5221    31.8455    1469.38  0.000e+00
     32.681   64.66888 -168.23718     5.5072    31.8446    1469.32  0.000e+00
     32.581   64.66888 -168.23718     5.4743    31.8589    1469.20  0.000e+00
     32.635   64.66888 -168.23718     5.4522    31.8666    1469.12  0.000e+00
     32.619   64.66888 -168.23718     5.4502    31.8609    1469.11  0.000e+00
     32.689   64.66888 -168.23718     5.4532    31.8562    1469.11  0.000e+00
     32.619   64.66888 -168.23718     5.4523    31.8566    1469.11  0.000e+00
     32.635   64.66888 -168.23718     5.4508    31.8556    1469.10  0.000e+00
     32.681   64.66888 -168.23718     5.4477    31.8589    1469.09  0.000e+00
     32.689   64.66888 -168.23718     5.4490    31.8586    1469.10  0.000e+00
     32.635   64.66888 -168.23718     5.4499    31.8552    1469.10  0.000e+00
     32.681   64.66888 -168.23718     5.4443    31.8556    1469.08  0.000e+00
     32.689   64.66888 -168.23718     5.4421    31.8550    1469.07  0.000e+00
     32.681   64.66888 -168.23718     5.4423    31.8549    1469.07  0.000e+00
     32.689   64.66888 -168.23718     5.4402    31.8559    1469.06  0.000e+00
     32.681   64.66888 -168.23718     5.4352    31.8566    1469.04  0.000e+00
     32.689   64.66888 -168.23718     5.4272    31.8595    1469.01  0.000e+00
     32.750   64.66888 -168.23718     5.4164    31.8637    1468.97  0.000e+00
     32.681   64.66888 -168.23718     5.4081    31.8637    1468.94  0.000e+00
     32.750   64.66888 -168.23718     5.3982    31.8628    1468.90  0.000e+00
     32.735   64.66888 -168.23718     5.3896    31.8639    1468.87  0.000e+00
     32.750   64.66888 -168.23718     5.3868    31.8626    1468.85  0.000e+00
