EcoFOCI/data/1_SampleCollection/2023_SikuliaqDBO_CruiseData/CTD_raw_BottleFile_SKQ23-12S/proc/skq202312s_035svp.cnv
* Sea-Bird SBE 9 Data File:
* FileName = D:\CTD\SKQ202312S\SKQ202312S_035.hex
* Software Version Seasave V 7.26.7.121
* Temperature SN = 6177
* Conductivity SN = 0369
* Number of Bytes Per Scan = 41
* Number of Voltage Words = 4
* Number of Scans Averaged by the Deck Unit = 1
* NMEA Latitude = 71 45.08 N
* NMEA Longitude = 154 27.66 W
* NMEA UTC (Time) = Sep 22 2023  01:56:11
* NMEA baud rate = 4800
** Ship: R/V Sikuliaq
** Station Number: 035
** Station Name: BF2
** Bottom Depth: 88
** Operator: SD
# nquan = 7
# nvalues = 9209                                  
# units = specified
# name 0 = depSM: Depth [salt water, m]
# name 1 = latitude: Latitude [deg]
# name 2 = longitude: Longitude [deg]
# name 3 = t090C: Temperature [ITS-90, deg C]
# name 4 = sal00: Salinity, Practical [PSU]
# name 5 = svCM: Sound Velocity [Chen-Millero, m/s]
# name 6 = flag:  0.000e+00
# span 0 =      1.841,     79.392                 
# span 1 =   71.75104,   71.75126                 
# span 2 = -154.46116, -154.46000                 
# span 3 =    -0.9625,     4.2018                 
# span 4 =    28.0118,    32.3375                 
# span 5 =    1442.27,    1461.54                 
# span 6 = 0.0000e+00, 0.0000e+00                 
# interval = seconds: 0.0416667
# start_time = Sep 22 2023 02:02:56 [NMEA time, first data scan]
# bad_flag = -9.990e-29
*END*
[from data line 5334]
     71.358   71.75118 -154.46088    -0.9207    32.3254    1442.42  0.000e+00
     71.296   71.75118 -154.46088    -0.9202    32.3250    1442.42  0.000e+00
     71.280   71.75118 -154.46088    -0.9199    32.3249    1442.42  0.000e+00
     71.358   71.75118 -154.46088    -0.9195    32.3246    1442.43  0.000e+00
     71.280   71.75118 -154.46088    -0.9188    32.3241    1442.43  0.000e+00
     71.358   71.75118 -154.46088    -0.9177    32.3222    1442.43  0.000e+00
     71.342   71.75118 -154.46088    -0.9167    32.3208    1442.44  0.000e+00
     71.296   71.75118 -154.46088    -0.9166    32.3199    1442.43  0.000e+00
     71.396   71.75118 -154.46088    -0.9175    32.3201    1442.43  0.000e+00
     71.296   71.75118 -154.46088    -0.9188    32.3204    1442.42  0.000e+00
     71.412   71.75118 -154.46088    -0.9201    32.3207    1442.42  0.000e+00
     71.342   71.75118 -154.46088    -0.9208    32.3209    1442.42  0.000e+00
     71.412   71.75118 -154.46088    -0.9216    32.3202    1442.41  0.000e+00
     71.342   71.75118 -154.46088    -0.9250    32.3209    1442.40  0.000e+00
     71.412   71.75118 -154.46088    -0.9277    32.3221    1442.39  0.000e+00
     71.458   71.75118 -154.46088    -0.9293    32.3234    1442.38  0.000e+00
     71.412   71.75118 -154.46088    -0.9306    32.3243    1442.37  0.000e+00
     71.512   71.75118 -154.46088    -0.9314    32.3252    1442.37  0.000e+00
     71.473   71.75118 -154.46088    -0.9314    32.3260    1442.37  0.000e+00
     71.473   71.75118 -154.46088    -0.9313    32.3270    1442.38  0.000e+00
     71.512   71.75118 -154.46088    -0.9305    32.3270    1442.38  0.000e+00
     71.589   71.75118 -154.46088    -0.9304    32.3266    1442.38  0.000e+00
     71.512   71.75118 -154.46088    -0.9304    32.3261    1442.38  0.000e+00
     71.527   71.75118 -154.46088    -0.9306    32.3260    1442.38  0.000e+00
     71.628   71.75118 -154.46088    -0.9309    32.3253    1442.38  0.000e+00
     71.589   71.75118 -154.46088    -0.9316    32.3255    1442.38  0.000e+00
     71.628   71.75118 -154.46088    -0.9320    32.3257    1442.37  0.000e+00
     71.643   71.75118 -154.46088    -0.9329    32.3256    1442.37  0.000e+00
     71.643   71.75118 -154.46088    -0.9337    32.3250    1442.37  0.000e+00
     71.682   71.75118 -154.46088    -0.9351    32.3252    1442.36  0.000e+00
     71.697   71.75118 -154.46086    -0.9365    32.3253    1442.35  0.000e+00
     71.744   71.75118 -154.46086    -0.9380    32.3257    1442.35  0.000e+00
     71.759   71.75118 -154.46086    -0.9397    32.3267    1442.34  0.000e+00
     71.744   71.75118 -154.46086    -0.9405    32.3275    1442.34  0.000e+00
     71.813   71.75118 -154.46086    -0.9418    32.3279    1442.33  0.000e+00
     71.798   71.75118 -154.46086    -0.9423    32.3284    1442.33  0.000e+00
     71.875   71.75118 -154.46086    -0.9434    32.3281    1442.33  0.000e+00
     71.859   71.75118 -154.46086    -0.9447    32.3280    1442.32  0.000e+00
     71.875   71.75118 -154.46086    -0.9459    32.3287    1442.32  0.000e+00
     71.929   71.75118 -154.46086    -0.9467    32.3295    1442.31  0.000e+00
     71.975   71.75118 -154.46086    -0.9470    32.3294    1442.31  0.000e+00
     71.991   71.75118 -154.46086    -0.9478    32.3296    1442.31  0.000e+00
     71.975   71.75118 -154.46086    -0.9486    32.3297    1442.31  0.000e+00
     72.045   71.75118 -154.46086    -0.9493    32.3304    1442.31  0.000e+00
     72.029   71.75118 -154.46086    -0.9498    32.3306    1442.30  0.000e+00
     72.106   71.75118 -154.46086    -0.9501    32.3307    1442.30  0.000e+00
     72.145   71.75118 -154.46086    -0.9503    32.3315    1442.30  0.000e+00
     72.160   71.75118 -154.46086    -0.9499    32.3312    1442.31  0.000e+00
     72.199   71.75118 -154.46086    -0.9499    32.3313    1442.31  0.000e+00
     72.214   71.75118 -154.46086    -0.9502    32.3314    1442.31  0.000e+00
     72.199   71.75118 -154.46086    -0.9501    32.3313    1442.31  0.000e+00
     72.276   71.75118 -154.46086    -0.9499    32.3310    1442.31  0.000e+00
     72.330   71.75118 -154.46086    -0.9501    32.3314    1442.31  0.000e+00
     72.315   71.75118 -154.46086    -0.9495    32.3310    1442.31  0.000e+00
     72.392   71.75118 -154.46086    -0.9498    32.3314    1442.31  0.000e+00
     72.430   71.75118 -154.46086    -0.9493    32.3306    1442.31  0.000e+00
     72.446   71.75118 -154.46086    -0.9495    32.3311    1442.31  0.000e+00
     72.430   71.75118 -154.46086    -0.9490    32.3310    1442.31  0.000e+00
     72.508   71.75118 -154.46086    -0.9493    32.3303    1442.31  0.000e+00
     72.600   71.75118 -154.46086    -0.9500    32.3300    1442.31  0.000e+00
     72.562   71.75118 -154.46086    -0.9507    32.3303    1442.31  0.000e+00
     72.600   71.75118 -154.46086    -0.9513    32.3304    1442.30  0.000e+00
     72.616   71.75118 -154.46086    -0.9518    32.3305    1442.30  0.000e+00
     72.716   71.75118 -154.46086    -0.9526    32.3306    1442.30  0.000e+00
     72.677   71.75118 -154.46086    -0.9533    32.3314    1442.30  0.000e+00
     72.716   71.75118 -154.46086    -0.9532    32.3314    1442.30  0.000e+00
     72.793   71.75118 -154.46086    -0.9533    32.3310    1442.30  0.000e+00
     72.832   71.75118 -154.46086    -0.9535    32.3319    1442.30  0.000e+00
     72.793   71.75118 -154.46086    -0.9527    32.3326    1442.30  0.000e+00
     72.886   71.75118 -154.46086    -0.9516    32.3324    1442.31  0.000e+00
     72.909   71.75118 -154.46086    -0.9507    32.3319    1442.31  0.000e+00
     72.909   71.75118 -154.46086    -0.9499    32.3312    1442.32  0.000e+00
     73.002   71.75118 -154.46086    -0.9496    32.3309    1442.32  0.000e+00
     72.963   71.75118 -154.46086    -0.9496    32.3305    1442.32  0.000e+00
     73.002   71.75118 -154.46086    -0.9501    32.3301    1442.32  0.000e+00
     73.079   71.75118 -154.46086    -0.9510    32.3305    1442.31  0.000e+00
     73.063   71.75118 -154.46086    -0.9515    32.3304    1442.31  0.000e+00
     73.079   71.75118 -154.46086    -0.9516    32.3308    1442.31  0.000e+00
     73.179   71.75118 -154.46086    -0.9519    32.3309    1442.31  0.000e+00
     73.195   71.75118 -154.46086    -0.9519    32.3306    1442.31  0.000e+00
     73.179   71.75118 -154.46086    -0.9522    32.3309    1442.31  0.000e+00
     73.195   71.75118 -154.46086    -0.9522    32.3311    1442.31  0.000e+00
     73.287   71.75118 -154.46086    -0.9524    32.3313    1442.31  0.000e+00
     73.249   71.75118 -154.46086    -0.9522    32.3314    1442.31  0.000e+00
     73.287   71.75118 -154.46086    -0.9526    32.3313    1442.31  0.000e+00
     73.364   71.75118 -154.46086    -0.9526    32.3316    1442.31  0.000e+00
     73.349   71.75118 -154.46086    -0.9526    32.3313    1442.31  0.000e+00
     73.426   71.75118 -154.46086    -0.9531    32.3318    1442.31  0.000e+00
     73.403   71.75118 -154.46086    -0.9530    32.3314    1442.31  0.000e+00
     73.426   71.75118 -154.46086    -0.9532    32.3315    1442.31  0.000e+00
     73.465   71.75118 -154.46086    -0.9532    32.3315    1442.31  0.000e+00
     73.480   71.75118 -154.46086    -0.9528    32.3320    1442.31  0.000e+00
     73.519   71.75118 -154.46086    -0.9524    32.3320    1442.32  0.000e+00
     73.534   71.75118 -154.46086    -0.9522    32.3316    1442.32  0.000e+00
     73.581   71.75118 -154.46086    -0.9519    32.3310    1442.32  0.000e+00
     73.534   71.75118 -154.46086    -0.9519    32.3307    1442.32  0.000e+00
     73.635   71.75118 -154.46086    -0.9523    32.3313    1442.32  0.000e+00
     73.596   71.75118 -154.46086    -0.9521    32.3314    1442.32  0.000e+00
     73.689   71.75118 -154.46086    -0.9522    32.3310    1442.32  0.000e+00
     73.650   71.75118 -154.46086    -0.9522    32.3314    1442.32  0.000e+00
     73.689   71.75118 -154.46086    -0.9524    32.3312    1442.32  0.000e+00
     73.712   71.75118 -154.46086    -0.9522    32.3311    1442.32  0.000e+00
     73.750   71.75118 -154.46084    -0.9526    32.3309    1442.32  0.000e+00
     73.766   71.75118 -154.46084    -0.9528    32.3309    1442.32  0.000e+00
     73.750   71.75118 -154.46084    -0.9536    32.3314    1442.31  0.000e+00
     73.828   71.75118 -154.46084    -0.9534    32.3314    1442.32  0.000e+00
     73.804   71.75118 -154.46084    -0.9532    32.3313    1442.32  0.000e+00
     73.828   71.75118 -154.46084    -0.9527    32.3317    1442.32  0.000e+00
     73.866   71.75118 -154.46084    -0.9526    32.3319    1442.32  0.000e+00
     73.882   71.75118 -154.46084    -0.9522    32.3321    1442.32  0.000e+00
     73.920   71.75118 -154.46084    -0.9516    32.3316    1442.33  0.000e+00
     73.882   71.75118 -154.46084    -0.9513    32.3315    1442.33  0.000e+00
     73.982   71.75118 -154.46084    -0.9508    32.3312    1442.33  0.000e+00
     73.936   71.75118 -154.46084    -0.9504    32.3308    1442.33  0.000e+00
     73.982   71.75118 -154.46084    -0.9504    32.3310    1442.33  0.000e+00
     73.936   71.75118 -154.46084    -0.9500    32.3314    1442.33  0.000e+00
     74.036   71.75118 -154.46084    -0.9495    32.3303    1442.34  0.000e+00
     73.997   71.75118 -154.46084    -0.9496    32.3307    1442.34  0.000e+00
     74.036   71.75118 -154.46084    -0.9492    32.3305    1442.34  0.000e+00
     74.051   71.75118 -154.46084    -0.9488    32.3304    1442.34  0.000e+00
     74.090   71.75118 -154.46084    -0.9486    32.3298    1442.34  0.000e+00
     74.113   71.75118 -154.46084    -0.9484    32.3298    1442.34  0.000e+00
     74.090   71.75118 -154.46084    -0.9484    32.3296    1442.34  0.000e+00
     74.113   71.75118 -154.46084    -0.9484    32.3296    1442.34  0.000e+00
     74.152   71.75118 -154.46084    -0.9488    32.3299    1442.34  0.000e+00
     74.167   71.75118 -154.46084    -0.9485    32.3293    1442.34  0.000e+00
     74.152   71.75118 -154.46084    -0.9488    32.3300    1442.34  0.000e+00
     74.167   71.75118 -154.46084    -0.9488    32.3301    1442.34  0.000e+00
     74.206   71.75118 -154.46084    -0.9488    32.3299    1442.34  0.000e+00
     74.229   71.75118 -154.46084    -0.9488    32.3296    1442.34  0.000e+00
     74.206   71.75118 -154.46084    -0.9492    32.3297    1442.34  0.000e+00
     74.283   71.75118 -154.46084    -0.9493    32.3301    1442.34  0.000e+00
     74.206   71.75118 -154.46084    -0.9496    32.3303    1442.34  0.000e+00
     74.283   71.75118 -154.46084    -0.9496    32.3303    1442.34  0.000e+00
     74.268   71.75118 -154.46084    -0.9493    32.3304    1442.34  0.000e+00
     74.337   71.75118 -154.46084    -0.9494    32.3307    1442.34  0.000e+00
     74.268   71.75118 -154.46084    -0.9493    32.3304    1442.34  0.000e+00
     74.337   71.75118 -154.46084    -0.9493    32.3305    1442.34  0.000e+00
     74.322   71.75118 -154.46084    -0.9493    32.3301    1442.34  0.000e+00
     74.337   71.75118 -154.46084    -0.9496    32.3301    1442.34  0.000e+00
     74.383   71.75118 -154.46084    -0.9496    32.3300    1442.34  0.000e+00
     74.337   71.75118 -154.46084    -0.9499    32.3301    1442.34  0.000e+00
     74.383   71.75118 -154.46084    -0.9499    32.3305    1442.34  0.000e+00
     74.399   71.75118 -154.46084    -0.9498    32.3300    1442.34  0.000e+00
     74.383   71.75118 -154.46084    -0.9498    32.3299    1442.34  0.000e+00
     74.399   71.75118 -154.46084    -0.9502    32.3303    1442.34  0.000e+00
     74.383   71.75118 -154.46084    -0.9506    32.3303    1442.34  0.000e+00
     74.399   71.75118 -154.46084    -0.9506    32.3308    1442.34  0.000e+00
     74.437   71.75118 -154.46084    -0.9503    32.3309    1442.34  0.000e+00
     74.399   71.75118 -154.46084    -0.9499    32.3306    1442.34  0.000e+00
     74.383   71.75118 -154.46082    -0.9495    32.3301    1442.34  0.000e+00
     74.453   71.75118 -154.46082    -0.9498    32.3307    1442.34  0.000e+00
     74.383   71.75118 -154.46082    -0.9495    32.3302    1442.34  0.000e+00
     74.453   71.75118 -154.46082    -0.9496    32.3307    1442.34  0.000e+00
     74.437   71.75118 -154.46082    -0.9496    32.3302    1442.34  0.000e+00
     74.399   71.75118 -154.46082    -0.9496    32.3306    1442.34  0.000e+00
     74.438   71.75118 -154.46082    -0.9493    32.3305    1442.34  0.000e+00
     74.453   71.75118 -154.46082    -0.9495    32.3307    1442.34  0.000e+00
     74.438   71.75118 -154.46082    -0.9490    32.3302    1442.35  0.000e+00
     74.453   71.75118 -154.46082    -0.9490    32.3300    1442.35  0.000e+00
     74.492   71.75118 -154.46082    -0.9488    32.3299    1442.35  0.000e+00
     74.453   71.75118 -154.46082    -0.9487    32.3301    1442.35  0.000e+00
     74.438   71.75118 -154.46082    -0.9486    32.3297    1442.35  0.000e+00
     74.453   71.75118 -154.46082    -0.9486    32.3297    1442.35  0.000e+00
     74.492   71.75118 -154.46082    -0.9487    32.3300    1442.35  0.000e+00
     74.453   71.75118 -154.46082    -0.9484    32.3302    1442.35  0.000e+00
     74.438   71.75118 -154.46082    -0.9486    32.3314    1442.35  0.000e+00
     74.515   71.75118 -154.46082    -0.9481    32.3313    1442.35  0.000e+00
     74.438   71.75118 -154.46082    -0.9474    32.3311    1442.35  0.000e+00
     74.453   71.75118 -154.46082    -0.9467    32.3303    1442.36  0.000e+00
     74.492   71.75118 -154.46082    -0.9463    32.3295    1442.36  0.000e+00
     74.515   71.75118 -154.46082    -0.9459    32.3295    1442.36  0.000e+00
     74.438   71.75118 -154.46082    -0.9459    32.3297    1442.36  0.000e+00
     74.438   71.75118 -154.46082    -0.9458    32.3301    1442.36  0.000e+00
     74.453   71.75118 -154.46082    -0.9458    32.3295    1442.36  0.000e+00
     74.492   71.75118 -154.46082    -0.9455    32.3291    1442.36  0.000e+00
     74.453   71.75118 -154.46082    -0.9455    32.3297    1442.36  0.000e+00
     74.492   71.75118 -154.46082    -0.9453    32.3293    1442.36  0.000e+00
     74.453   71.75118 -154.46082    -0.9450    32.3291    1442.36  0.000e+00
     74.438   71.75118 -154.46082    -0.9449    32.3293    1442.36  0.000e+00
     74.453   71.75118 -154.46082    -0.9449    32.3293    1442.36  0.000e+00
     74.492   71.75118 -154.46082    -0.9447    32.3290    1442.37  0.000e+00
     74.399   71.75118 -154.46082    -0.9449    32.3290    1442.36  0.000e+00
     74.492   71.75118 -154.46082    -0.9450    32.3290    1442.36  0.000e+00
     74.399   71.75118 -154.46082    -0.9450    32.3291    1442.36  0.000e+00
     74.438   71.75118 -154.46082    -0.9452    32.3296    1442.36  0.000e+00
     74.453   71.75118 -154.46082    -0.9450    32.3294    1442.36  0.000e+00
     74.438   71.75118 -154.46082    -0.9450    32.3297    1442.36  0.000e+00
     74.399   71.75118 -154.46082    -0.9449    32.3294    1442.36  0.000e+00
     74.438   71.75118 -154.46082    -0.9446    32.3290    1442.37  0.000e+00
     74.399   71.75118 -154.46082    -0.9447    32.3293    1442.36  0.000e+00
     74.384   71.75118 -154.46082    -0.9443    32.3286    1442.36  0.000e+00
     74.453   71.75118 -154.46082    -0.9441    32.3288    1442.37  0.000e+00
     74.384   71.75118 -154.46082    -0.9443    32.3294    1442.37  0.000e+00
     74.399   71.75118 -154.46082    -0.9443    32.3292    1442.37  0.000e+00
     74.384   71.75118 -154.46082    -0.9441    32.3290    1442.37  0.000e+00
     74.399   71.75118 -154.46082    -0.9438    32.3289    1442.37  0.000e+00
     74.384   71.75118 -154.46082    -0.9432    32.3289    1442.37  0.000e+00
     74.399   71.75118 -154.46082    -0.9430    32.3287    1442.37  0.000e+00
     74.384   71.75118 -154.46082    -0.9426    32.3284    1442.37  0.000e+00
     74.399   71.75118 -154.46082    -0.9426    32.3285    1442.37  0.000e+00
     74.322   71.75118 -154.46082    -0.9426    32.3287    1442.37  0.000e+00
     74.399   71.75118 -154.46082    -0.9426    32.3281    1442.37  0.000e+00
     74.384   71.75118 -154.46082    -0.9426    32.3283    1442.37  0.000e+00
