EcoFOCI/data/1_SampleCollection/2023_SikuliaqDBO_CruiseData/CTD_raw_BottleFile_SKQ23-12S/proc/skq202312s_011avg.cnv
* Sea-Bird SBE 9 Data File:
* FileName = D:\CTD\SKQ202312S\SKQ202312S_011.hex
* Software Version Seasave V 7.26.7.121
* Temperature SN = 6177
* Conductivity SN = 0369
* Number of Bytes Per Scan = 41
* Number of Voltage Words = 4
* Number of Scans Averaged by the Deck Unit = 1
* NMEA Latitude = 63 36.26 N
* NMEA Longitude = 172 35.70 W
* NMEA UTC (Time) = Sep 16 2023  18:45:33
* NMEA baud rate = 4800
** Ship: R/V Sikuliaq
** Station Number: 011
** Station Name: DBO1.10
** Bottom Depth: 53
** Operator: SD
# nquan = 25
# nvalues = 48                          
# units = specified
# name 0 = depSM: Depth [salt water, m]
# name 1 = latitude: Latitude [deg]
# name 2 = longitude: Longitude [deg]
# name 3 = prDM: Pressure, Digiquartz [db]
# name 4 = t090C: Temperature [ITS-90, deg C]
# name 5 = t190C: Temperature, 2 [ITS-90, deg C]
# name 6 = potemp090C: Potential Temperature [ITS-90, deg C]
# name 7 = sal00: Salinity, Practical [PSU]
# name 8 = sal11: Salinity, Practical, 2 [PSU]
# name 9 = density00: Density [density, kg/m^3]
# name 10 = sigma-é00: Density [sigma-theta, kg/m^3]
# name 11 = sbox0Mm/Kg: Oxygen, SBE 43 [umol/kg]
# name 12 = sbox1Mm/Kg: Oxygen, SBE 43, 2 [umol/kg]
# name 13 = oxsolMm/Kg: Oxygen Saturation, Garcia & Gordon [umol/kg]
# name 14 = sbeox0PS: Oxygen, SBE 43 [% saturation]
# name 15 = sbeox1PS: Oxygen, SBE 43, 2 [% saturation]
# name 16 = v0: Voltage 0
# name 17 = flECO-AFL: Fluorescence, WET Labs ECO-AFL/FL [mg/m^3]
# name 18 = v1: Voltage 1
# name 19 = CStarAt0: Beam Attenuation, WET Labs C-Star [1/m]
# name 20 = par: PAR/Irradiance, Biospherical/Licor
# name 21 = scan: Scan Count
# name 22 = timeM: Time, Elapsed [minutes]
# name 23 = nbin: number of scans per bin
# name 24 = flag: flag
# span 0 =      1.980,     48.519       
# span 1 =   63.60452,   63.60480       
# span 2 = -172.59617, -172.59548       
# span 3 =      2.000,     49.000       
# span 4 =    -0.0997,     7.7181       
# span 5 =    -0.0998,     7.7181       
# span 6 =    -0.1011,     7.7168       
# span 7 =    31.6553,    32.4757       
# span 8 =    31.6652,    32.4802       
# span 9 =  1024.7003,  1026.2857       
# span 10 =    24.6895,    26.0519      
# span 11 =    234.340,    324.993      
# span 12 =    222.587,    303.118      
# span 13 =  295.73253,  356.01262      
# span 14 =     66.455,     98.791      
# span 15 =     63.052,     93.874      
# span 16 =     0.0909,     0.2924      
# span 17 =     0.1973,     1.4063      
# span 18 =     3.7112,     4.1911      
# span 19 =     0.4689,     0.9556      
# span 20 = 4.5303e-01, 3.6413e+02      
# span 21 =       -134,       4823      
# span 22 =    -0.0940,     3.3488      
# span 23 =         17,        371      
# span 24 = 0.0000e+00, 0.0000e+00      
# interval = decibars: 1                
# start_time = Sep 16 2023 18:47:53 [NMEA time, first data scan]
# bad_flag = -9.990e-29
*END*
      1.980   63.60452 -172.59548      2.000     7.7083     7.7091     7.7082    31.6577    31.6677  1024.7003    24.6911    282.746    269.764  295.93325     95.544     91.165     0.1855     0.7652     4.0154     0.6403 3.6413e+02       -134    -0.0940         50 0.0000e+00
      2.971   63.60457 -172.59553      3.000     7.7068     7.7075     7.7065    31.6567    31.6666  1024.7043    24.6905    282.331    268.822  295.94551     95.400     90.843     0.1777     0.7183     4.0111     0.6446 2.8945e+02        317     0.2193        371 0.0000e+00
      3.961   63.60459 -172.59556      4.000     7.7067     7.7070     7.7063    31.6567    31.6663  1024.7089    24.6905    282.685    269.556  295.94644     95.519     91.090     0.1836     0.7535     4.0138     0.6419 2.3681e+02        544     0.3768         62 0.0000e+00
      4.951   63.60460 -172.59557      5.000     7.7059     7.7069     7.7055    31.6562    31.6661  1024.7132    24.6903    282.403    269.337  295.95236     95.422     91.015     0.1930     0.8098     4.0120     0.6437 1.7771e+02        663     0.4594        136 0.0000e+00
      5.942   63.60461 -172.59559      6.000     7.7064     7.7066     7.7059    31.6560    31.6656  1024.7175    24.6900    282.212    268.575  295.94962     95.358     90.757     0.2007     0.8564     4.0102     0.6454 1.5603e+02        823     0.5707        136 0.0000e+00
      6.932   63.60462 -172.59560      7.000     7.7064     7.7069     7.7057    31.6553    31.6652  1024.7216    24.6895    282.382    269.695  295.95166     95.415     91.136     0.2066     0.8915     4.0115     0.6442 1.2557e+02        928     0.6437        116 0.0000e+00
      7.922   63.60463 -172.59562      8.000     7.7066     7.7068     7.7058    31.6557    31.6653  1024.7265    24.6898    282.484    269.664  295.94927     95.450     91.125     0.2124     0.9264     4.0164     0.6393 1.0625e+02       1089     0.7555         70 0.0000e+00
      8.912   63.60464 -172.59564      9.000     7.7082     7.7088     7.7073    31.6564    31.6662  1024.7314    24.6902    282.297    269.455  295.93709     95.391     91.059     0.2166     0.9514     4.0146     0.6411 8.1188e+01       1233     0.8559        172 0.0000e+00
      9.903   63.60466 -172.59565     10.000     7.7087     7.7090     7.7078    31.6573    31.6668  1024.7366    24.6908    282.284    270.310  295.93155     95.388     91.349     0.2145     0.9389     4.0130     0.6427 7.1396e+01       1387     0.9623        163 0.0000e+00
     10.893   63.60468 -172.59567     11.000     7.7098     7.7100     7.7088    31.6616    31.6703  1024.7445    24.6941    282.416    269.421  295.91464     95.438     91.053     0.2159     0.9471     4.0117     0.6439 5.8409e+01       1511     1.0485        139 0.0000e+00
     11.883   63.60469 -172.59569     12.000     7.7148     7.7134     7.7137    31.6745    31.6789  1024.7585    24.7035    282.739    268.506  295.85371     95.567     90.757     0.2228     0.9887     4.0054     0.6502 4.9402e+01       1659     1.1515        104 0.0000e+00
     12.873   63.60470 -172.59570     13.000     7.7170     7.7175     7.7158    31.6985    31.7087  1024.7816    24.7220    283.005    271.197  295.78681     95.679     91.694     0.2289     1.0256     4.0007     0.6550 4.1436e+01       1755     1.2178         94 0.0000e+00
     13.864   63.60470 -172.59570     14.000     7.7181     7.7181     7.7168    31.7128    31.7227  1024.7973    24.7331    283.168    270.745  295.74855     95.746     91.552     0.2350     1.0618     3.9919     0.6638 3.6229e+01       1839     1.2761         66 0.0000e+00
     14.854   63.60470 -172.59572     15.000     7.7158     7.7169     7.7144    31.7274    31.7360  1024.8137    24.7450    283.583    270.724  295.73253     95.892     91.552     0.2391     1.0864     3.9969     0.6588 3.1178e+01       1905     1.3222         65 0.0000e+00
     15.844   63.60472 -172.59572     16.000     7.7001     7.7015     7.6986    31.7523    31.7618  1024.8400    24.7667    283.904    269.985  295.78391     95.983     91.287     0.2319     1.0432     4.0090     0.6467 2.5233e+01       1962     1.3620         50 0.0000e+00
     16.834   63.60472 -172.59572     17.000     7.6929     7.6933     7.6913    31.7638    31.7738  1024.8547    24.7768    284.043    270.793  295.80751     96.023     91.551     0.2151     0.9426     4.0388     0.6171 2.2005e+01       2003     1.3905         36 0.0000e+00
     17.825   63.60472 -172.59572     18.000     7.6879     7.6888     7.6863    31.7693    31.7787  1024.8642    24.7818    284.778    270.457  295.82876     96.264     91.432     0.2101     0.9126     4.0426     0.6133 1.9171e+01       2051     1.4239         66 0.0000e+00
     18.815   63.60472 -172.59574     19.000     7.6815     7.6828     7.6797    31.7735    31.7832  1024.8731    24.7860    285.227    272.292  295.86296     96.405     92.043     0.2096     0.9097     4.0427     0.6132 1.6303e+01       2118     1.4700         45 0.0000e+00
     19.805   63.60473 -172.59574     20.000     7.6701     7.6712     7.6683    31.7759    31.7857  1024.8811    24.7895    285.538    273.370  295.93355     96.487     92.384     0.2039     0.8752     4.0398     0.6161 1.4066e+01       2157     1.4972         44 0.0000e+00
     20.795   63.60474 -172.59574     21.000     7.6440     7.6451     7.6420    31.7799    31.7900  1024.8925    24.7962    285.809    273.287  296.10054     96.524     92.304     0.2086     0.9039     4.0465     0.6094 1.1867e+01       2207     1.5318         48 0.0000e+00
     21.785   63.60474 -172.59574     22.000     7.5986     7.5998     7.5966    31.7837    31.7945  1024.9063    24.8055    285.967    272.012  296.39696     96.481     91.782     0.2029     0.8693     4.0398     0.6161 1.0605e+01       2244     1.5580         33 0.0000e+00
     22.776   63.60474 -172.59575     23.000     7.5308     7.5363     7.5287    31.7877    31.7980  1024.9235    24.8180    286.560    272.605  296.84485     96.535     91.853     0.2056     0.8859     4.0465     0.6095 9.1790e+00       2297     1.5943         75 0.0000e+00
     23.766   63.60474 -172.59576     24.000     7.4453     7.4485     7.4431    31.7927    31.8039  1024.9438    24.8337    288.060    273.781  297.41116     96.856     92.069     0.1984     0.8426     4.0486     0.6073 8.0192e+00       2356     1.6357         37 0.0000e+00
     24.756   63.60474 -172.59576     25.000     7.3652     7.3728     7.3629    31.8030    31.8133  1024.9674    24.8527    288.448    274.830  297.93176     96.817     92.269     0.1984     0.8423     4.0558     0.6002 6.8427e+00       2394     1.6616         47 0.0000e+00
     25.746   63.60475 -172.59576     26.000     7.2811     7.2870     7.2787    31.8241    31.8347  1025.0001    24.8807    290.685    276.504  298.45757     97.396     92.664     0.2166     0.9513     4.0639     0.5923 6.0685e+00       2455     1.7042         53 0.0000e+00
     26.736   63.60476 -172.59578     27.000     7.2062     7.2089     7.2038    31.8828    31.8931  1025.0609    24.9369    291.592    279.724  298.83906     97.575     93.617     0.2255     1.0050     4.0539     0.6021 5.2749e+00       2492     1.7299         33 0.0000e+00
     27.726   63.60476 -172.59578     28.000     7.3728     7.3700     7.3703    31.9756    31.9824  1025.1158    24.9874    290.993    278.964  297.50423     97.812     93.767     0.2712     1.2791     4.0320     0.6238 4.6270e+00       2529     1.7553         45 0.0000e+00
     28.717   63.60476 -172.59578     29.000     7.4230     7.4229     7.4203    32.0284    32.0398  1025.1551    25.0221    292.011    278.830  297.04932     98.304     93.874     0.2924     1.4063     4.0376     0.6183 4.0029e+00       2593     1.8003         63 0.0000e+00
     29.707   63.60476 -172.59579     30.000     6.6292     6.6013     6.6267    32.0253    32.0486  1025.2625    25.1244    292.400    281.367  302.51776     96.657     92.966     0.2402     1.0930     4.0827     0.5739 3.4600e+00       2643     1.8345         40 0.0000e+00
     30.697   63.60476 -172.59580     31.000     6.1162     6.1184     6.1136    32.0394    32.0590  1025.3431    25.2000    289.614    277.068  306.09979     94.614     90.535     0.1811     0.7388     4.1287     0.5290 3.0000e+00       2685     1.8640         48 0.0000e+00
     31.687   63.60476 -172.59580     32.000     5.7565     5.7463     5.7540    32.0936    32.1170  1025.4337    25.2857    304.840    284.461  308.56849     98.791     92.177     0.1511     0.5587     4.1485     0.5098 2.6210e+00       2742     1.9034         58 0.0000e+00
     32.677   63.60476 -172.59581     33.000     5.6075     5.5898     5.6050    32.2635    32.2684  1025.5903    25.4375    302.604    289.455  309.25815     97.844     93.559     0.1393     0.4880     4.1548     0.5038 2.3683e+00       2788     1.9357         36 0.0000e+00
     33.667   63.60477 -172.59582     34.000     6.0788     6.0773     6.0761    32.3439    32.3551  1025.6017    25.4448    301.631    284.527  305.67843     98.675     93.084     0.1267     0.4121     4.1616     0.4972 2.0880e+00       2827     1.9628         50 0.0000e+00
     34.657   63.60478 -172.59582     35.000     5.8703     5.8582     5.8675    32.3637    32.3847  1025.6474    25.4857    296.515    287.937  307.12864     96.550     93.745     0.1147     0.3403     4.1657     0.4933 1.8536e+00       2884     2.0023         51 0.0000e+00
     35.648   63.60478 -172.59583     36.000     5.0983     5.0986     5.0956    32.3389    32.3606  1025.7224    25.5553    293.823    283.277  312.82282     93.928     90.573     0.1159     0.3472     4.1620     0.4968 1.6934e+00       2926     2.0316         39 0.0000e+00
     36.638   63.60478 -172.59584     37.000     4.8993     4.8985     4.8967    32.3386    32.3577  1025.7489    25.5770    298.558    280.103  314.30444     94.989     89.129     0.1151     0.3424     4.1676     0.4914 1.5184e+00       2984     2.0716         69 0.0000e+00
     37.628   63.60478 -172.59584     38.000     4.7770     4.7853     4.7743    32.3406    32.3592  1025.7685    25.5918    305.319    287.959  315.21895     96.860     91.383     0.1102     0.3131     4.1699     0.4893 1.3530e+00       3034     2.1061         32 0.0000e+00
     38.618   63.60478 -172.59585     39.000     4.5479     4.5475     4.5452    32.3465    32.3685  1025.8020    25.6205    304.983    290.392  316.94393     96.227     91.636     0.1034     0.2724     4.1776     0.4819 1.2325e+00       3065     2.1279         37 0.0000e+00
     39.608   63.60478 -172.59586     40.000     3.9945     3.9506     3.9920    32.3371    32.3479  1025.8560    25.6692    305.497    290.084  321.21678     95.104     90.217     0.1023     0.2658     4.1864     0.4734 1.1384e+00       3133     2.1753         77 0.0000e+00
     40.598   63.60478 -172.59586     41.000     2.8979     2.8907     2.8956    32.3128    32.3582  1025.9415    25.7488    318.666    298.018  330.04324     96.553     90.309     0.0992     0.2474     4.1911     0.4689 1.0164e+00       3180     2.2074         29 0.0000e+00
     41.588   63.60478 -172.59586     42.000     1.9790     1.9937     1.9770    32.3159    32.3516  1026.0213    25.8228    317.341    303.118  337.70415     93.978     89.820     0.0936     0.2136     4.1898     0.4701 9.1845e-01       3210     2.2284         38 0.0000e+00
     42.578   63.60478 -172.59589     43.000     1.5392     1.3062     1.5373    32.3176    32.3594  1026.0567    25.8530    324.993    302.997  341.52839     95.186     88.214     0.0909     0.1973     4.1744     0.4850 8.4973e-01       3316     2.3019        136 0.0000e+00
     43.568   63.60480 -172.59598     44.000     0.2534     0.2576     0.2519    32.4019    32.4179  1026.2099    25.9999    263.586    248.795  352.64557     74.599     70.462     0.0920     0.2040     3.8977     0.7583 7.6417e-01       3891     2.7012        343 0.0000e+00
     44.558   63.60480 -172.59605     45.000     0.0308    -0.0012     0.0294    32.4002    32.4135  1026.2217    26.0065    264.240    247.261  354.78470     74.472     69.637     0.0934     0.2123     3.7352     0.9290 7.3016e-01       4236     2.9413        115 0.0000e+00
     45.548   63.60480 -172.59606     46.000    -0.0785    -0.0815    -0.0799    32.3985    32.4143  1026.2300    26.0099    241.108    229.562  355.81197     67.763     64.521     0.0930     0.2103     3.7351     0.9298 6.5207e-01       4266     2.9617         45 0.0000e+00
     46.539   63.60480 -172.59607     47.000    -0.0997    -0.0998    -0.1011    32.3973    32.4122  1026.2348    26.0100    240.204    227.061  356.01262     67.471     63.786     0.1026     0.2675     3.7112     0.9556 5.8181e-01       4323     3.0013         61 0.0000e+00
     47.529   63.60480 -172.59617     48.000    -0.0078     0.0015    -0.0093    32.4049    32.4146  1026.2415    26.0119    236.002    223.847  355.13615     66.455     63.052     0.1111     0.3188     3.7220     0.9439 5.4746e-01       4821     3.3475         91 0.0000e+00
     48.519   63.60480 -172.59616     49.000     0.3529     0.3449     0.3512    32.4757    32.4802  1026.2857    26.0519    234.340    222.587  351.60733     66.648     63.294     0.1040     0.2758     3.7789     0.8832 4.5303e-01       4823     3.3488         17 0.0000e+00
