EcoFOCI/data/1_SampleCollection/2023_SikuliaqDBO_CruiseData/CTD_raw_BottleFile_SKQ23-12S/proc/skq202312s_030.ros
* Sea-Bird SBE 9 Data File:
* FileName = D:\CTD\SKQ202312S\SKQ202312S_030.hex
* Software Version Seasave V 7.26.7.121
* Temperature SN = 6177
* Conductivity SN = 0369
* Number of Bytes Per Scan = 41
* Number of Voltage Words = 4
* Number of Scans Averaged by the Deck Unit = 1
* NMEA Latitude = 71 27.31 N
* NMEA Longitude = 157 35.45 W
* NMEA UTC (Time) = Sep 21 2023  07:26:33
* NMEA baud rate = 4800
** Ship: R/V Sikuliaq
** Station Number: 030
** Station Name: DBO5.6
** Bottom Depth: 109
** Operator: SS
# nquan = 22
# nvalues = 1127                                  
# units = specified
# name 0 = depSM: Depth [salt water, m]
# name 1 = latitude: Latitude [deg]
# name 2 = longitude: Longitude [deg]
# name 3 = prDM: Pressure, Digiquartz [db]
# name 4 = t090C: Temperature [ITS-90, deg C]
# name 5 = t190C: Temperature, 2 [ITS-90, deg C]
# name 6 = potemp090C: Potential Temperature [ITS-90, deg C]
# name 7 = sal00: Salinity, Practical [PSU]
# name 8 = sal11: Salinity, Practical, 2 [PSU]
# name 9 = density00: Density [density, kg/m^3]
# name 10 = sigma-é00: Density [sigma-theta, kg/m^3]
# name 11 = sbox0Mm/Kg: Oxygen, SBE 43 [umol/kg]
# name 12 = sbox1Mm/Kg: Oxygen, SBE 43, 2 [umol/kg]
# name 13 = oxsolMm/Kg: Oxygen Saturation, Garcia & Gordon [umol/kg]
# name 14 = sbeox0PS: Oxygen, SBE 43 [% saturation]
# name 15 = v0: Voltage 0
# name 16 = flECO-AFL: Fluorescence, WET Labs ECO-AFL/FL [mg/m^3]
# name 17 = CStarAt0: Beam Attenuation, WET Labs C-Star [1/m]
# name 18 = par: PAR/Irradiance, Biospherical/Licor
# name 19 = scan: Scan Count
# name 20 = nbf: Bottles Fired
# name 21 = flag:  0.000e+00
# interval = seconds: 0.0416667
# start_time = Sep 21 2023 07:30:42 [NMEA time, first data scan]
# bad_flag = -9.990e-29
*END*
[from data line 791]
     10.205   71.45522 -157.58872     10.310     4.1972     4.2439     4.1965    30.4575    30.4541  1024.2044    24.1561    314.603    298.027  324.19643     97.041     0.1648     0.6410     0.5567 4.0784e-03      36144         17  0.000e+00
     10.205   71.45522 -157.58872     10.310     4.1960     4.2434     4.1953    30.4573    30.4534  1024.2043    24.1561    314.808    298.266  324.20637     97.101     0.1661     0.6483     0.5567 7.2223e-03      36145         17  0.000e+00
     10.236   71.45522 -157.58872     10.342     4.1948     4.2429     4.1942    30.4575    30.4526  1024.2047    24.1563    314.624    298.335  324.21502     97.042     0.1648     0.6410     0.5567 7.9318e-03      36146         17  0.000e+00
     10.151   71.45522 -157.58872     10.256     4.1951     4.2417     4.1945    30.4571    30.4524  1024.2040    24.1560    314.638    298.403  324.21362     97.046     0.1648     0.6410     0.5567 1.1906e-02      36147         17  0.000e+00
     10.259   71.45522 -157.58872     10.365     4.1983     4.2406     4.1976    30.4543    30.4524  1024.2020    24.1534    314.787    298.475  324.19560     97.098     0.1636     0.6337     0.5567 1.6764e-02      36148         17  0.000e+00
     10.205   71.45522 -157.58872     10.310     4.2010     4.2392     4.2003    30.4521    30.4522  1024.1997    24.1515    314.786    298.732  324.17985     97.102     0.1661     0.6483     0.5567 1.7911e-02      36149         17  0.000e+00
     10.205   71.45522 -157.58872     10.310     4.2042     4.2353     4.2035    30.4494    30.4546  1024.1973    24.1490    314.572    298.812  324.16123     97.042     0.1661     0.6483     0.5567 1.7145e-02      36150         17  0.000e+00
     10.205   71.45522 -157.58872     10.310     4.2042     4.2315     4.2035    30.4492    30.4565  1024.1971    24.1489    314.772    298.889  324.16160     97.103     0.1648     0.6410     0.5567 1.6005e-02      36151         17  0.000e+00
     10.205   71.45522 -157.58872     10.311     4.2032     4.2284     4.2025    30.4489    30.4581  1024.1969    24.1487    314.557    299.147  324.17035     97.034     0.1661     0.6483     0.5567 1.6005e-02      36152         17  0.000e+00
     10.259   71.45522 -157.58872     10.365     4.2034     4.2283     4.2027    30.4487    30.4572  1024.1970    24.1485    314.545    299.025  324.16915     97.031     0.1648     0.6410     0.5567 1.4126e-02      36153         17  0.000e+00
     10.205   71.45522 -157.58872     10.311     4.2043     4.2285     4.2037    30.4496    30.4575  1024.1974    24.1491    314.522    299.250  324.15951     97.027     0.1648     0.6410     0.5567 8.6453e-03      36154         17  0.000e+00
     10.205   71.45522 -157.58872     10.311     4.2083     4.2277     4.2076    30.4488    30.4588  1024.1964    24.1481    314.692    299.310  324.13054     97.088     0.1648     0.6410     0.5567 7.2223e-03      36155         17  0.000e+00
     10.236   71.45522 -157.58872     10.342     4.2133     4.2265     4.2127    30.4463    30.4602  1024.1941    24.1457    314.467    299.369  324.09643     97.029     0.1661     0.6483     0.5567 7.5765e-03      36156         17  0.000e+00
     10.205   71.45522 -157.58872     10.311     4.2173     4.2261     4.2166    30.4440    30.4603  1024.1917    24.1435    314.429    299.607  324.07106     97.025     0.1636     0.6337     0.5567 9.0035e-03      36157         17  0.000e+00
     10.259   71.45522 -157.58872     10.365     4.2168     4.2248     4.2161    30.4447    30.4620  1024.1926    24.1441    314.427    299.679  324.07342     97.023     0.1648     0.6410     0.5567 9.7231e-03      36158         17  0.000e+00
     10.205   71.45522 -157.58872     10.311     4.2114     4.2244     4.2108    30.4483    30.4630  1024.1957    24.1475    314.668    299.735  324.10683     97.088     0.1661     0.6483     0.5567 9.3628e-03      36159         17  0.000e+00
     10.205   71.45522 -157.58872     10.311     4.2062     4.2257     4.2056    30.4510    30.4627  1024.1984    24.1501    314.523    299.778  324.14110     97.033     0.1673     0.6557     0.5567 7.2223e-03      36160         17  0.000e+00
     10.259   71.45522 -157.58872     10.365     4.2016     4.2273     4.2009    30.4548    30.4619  1024.2020    24.1535    314.763    299.815  324.16839     97.099     0.1709     0.6776     0.5567 5.8152e-03      36161         17  0.000e+00
     10.205   71.45522 -157.58872     10.311     4.1974     4.2294     4.1967    30.4579    30.4601  1024.2046    24.1564    314.818    299.842  324.19386     97.108     0.1709     0.6776     0.5567 5.8152e-03      36162         17  0.000e+00
     10.205   71.45522 -157.58872     10.311     4.1930     4.2349     4.1924    30.4610    30.4545  1024.2076    24.1593    314.876    300.035  324.22046     97.118     0.1709     0.6776     0.5567 7.9318e-03      36163         17  0.000e+00
     10.259   71.45522 -157.58872     10.365     4.1897     4.2387     4.1891    30.4633    30.4501  1024.2099    24.1614    314.930    300.068  324.24105     97.128     0.1709     0.6776     0.5567 9.3628e-03      36164         17  0.000e+00
     10.205   71.45522 -157.58872     10.311     4.1899     4.2403     4.1892    30.4624    30.4480  1024.2089    24.1607    314.957    300.103  324.24205     97.136     0.1709     0.6776     0.5567 9.3628e-03      36165         17  0.000e+00
     10.205   71.45522 -157.58872     10.311     4.1907     4.2400     4.1900    30.4610    30.4482  1024.2078    24.1595    314.981    300.144  324.23911     97.145     0.1709     0.6776     0.5567 9.3628e-03      36166         17  0.000e+00
     10.236   71.45522 -157.58872     10.342     4.1927     4.2384     4.1921    30.4588    30.4490  1024.2059    24.1575    314.999    300.190  324.22849     97.153     0.1709     0.6776     0.5567 9.7231e-03      36167         17  0.000e+00
     10.205   71.45522 -157.58872     10.311     4.1946     4.2357     4.1939    30.4576    30.4500  1024.2047    24.1564    314.979    300.424  324.21654     97.151     0.1722     0.6850     0.5567 9.3628e-03      36168         17  0.000e+00
     10.259   71.45522 -157.58872     10.365     4.1948     4.2310     4.1942    30.4575    30.4532  1024.2048    24.1563    314.972    300.309  324.21515     97.149     0.1709     0.6776     0.5567 7.9318e-03      36169         17  0.000e+00
     10.259   71.45522 -157.58872     10.365     4.1980     4.2255     4.1973    30.4548    30.4583  1024.2024    24.1539    314.943    300.546  324.19681     97.146     0.1722     0.6850     0.5567 6.1655e-03      36170         17  0.000e+00
     10.205   71.45522 -157.58872     10.311     4.2030     4.2226     4.2024    30.4505    30.4608  1024.1982    24.1500    314.932    300.590  324.16771     97.151     0.1709     0.6776     0.5567 5.1175e-03      36171         17  0.000e+00
     10.205   71.45522 -157.58872     10.311     4.2060     4.2222     4.2054    30.4483    30.4609  1024.1962    24.1479    314.902    300.614  324.14904     97.147     0.1709     0.6776     0.5567 1.3499e-03      36172         17  0.000e+00
     10.259   71.45522 -157.58872     10.366     4.2065     4.2220     4.2059    30.4478    30.4608  1024.1960    24.1475    315.135    300.632  324.14645     97.220     0.1709     0.6776     0.5567 1.0000e-12      36173         17  0.000e+00
     10.206   71.45522 -157.58872     10.311     4.2065     4.2257     4.2059    30.4480    30.4583  1024.1959    24.1477    314.941    300.613  324.14602     97.160     0.1709     0.6776     0.5567 1.0000e-12      36174         17  0.000e+00
     10.206   71.45522 -157.58872     10.311     4.2083     4.2328     4.2076    30.4467    30.4534  1024.1947    24.1464    314.950    300.565  324.13565     97.166     0.1709     0.6776     0.5567 3.0480e-03      36175         17  0.000e+00
     10.260   71.45522 -157.58872     10.366     4.2097     4.2351     4.2090    30.4458    30.4525  1024.1941    24.1456    315.173    300.733  324.12664     97.238     0.1709     0.6776     0.5567 6.1655e-03      36176         17  0.000e+00
     10.175   71.45522 -157.58872     10.280     4.2075     4.2342     4.2068    30.4472    30.4540  1024.1951    24.1470    315.025    300.740  324.14049     97.188     0.1722     0.6850     0.5567 6.5167e-03      36177         17  0.000e+00
     10.260   71.45522 -157.58872     10.366     4.2000     4.2312     4.1994    30.4530    30.4557  1024.2008    24.1523    314.853    300.762  324.18504     97.121     0.1709     0.6776     0.5556 1.0084e-02      36178         17  0.000e+00
     10.206   71.45522 -157.58872     10.311     4.1967     4.2292     4.1961    30.4556    30.4568  1024.2029    24.1547    315.038    300.786  324.20475     97.172     0.1722     0.6850     0.5544 1.4126e-02      36179         17  0.000e+00
     10.206   71.45522 -157.58872     10.311     4.1951     4.2288     4.1945    30.4566    30.4564  1024.2039    24.1556    315.066    300.774  324.21471     97.178     0.1709     0.6776     0.5544 1.5251e-02      36180         17  0.000e+00
     10.206   71.45522 -157.58872     10.311     4.1908     4.2301     4.1902    30.4592    30.4555  1024.2064    24.1581    315.326    300.741  324.24223     97.250     0.1709     0.6776     0.5544 1.5627e-02      36181         17  0.000e+00
     10.260   71.45522 -157.58872     10.366     4.1875     4.2327     4.1869    30.4615    30.4530  1024.2087    24.1602    315.400    300.717  324.26282     97.267     0.1709     0.6776     0.5544 1.6005e-02      36182         17  0.000e+00
     10.206   71.45522 -157.58872     10.311     4.1859     4.2351     4.1853    30.4621    30.4515  1024.2090    24.1608    315.457    300.681  324.27383     97.281     0.1709     0.6776     0.5544 1.6384e-02      36183         17  0.000e+00
     10.206   71.45522 -157.58872     10.311     4.1877     4.2338     4.1870    30.4606    30.4525  1024.2077    24.1594    315.280    300.665  324.26382     97.230     0.1709     0.6776     0.5544 1.8681e-02      36184         17  0.000e+00
     10.260   71.45522 -157.58872     10.366     4.1885     4.2275     4.1878    30.4601    30.4565  1024.2076    24.1590    315.290    300.868  324.25862     97.234     0.1709     0.6776     0.5544 2.4997e-02      36185         17  0.000e+00
     10.440   71.45522 -157.58870     10.547     4.2140     4.2085     4.2133    30.4517    30.4608  1024.1993    24.1499    315.368    299.585  324.07829     97.312     0.1624     0.6264     0.5520 9.0035e-03      36288         18  0.000e+00
     10.378   71.45522 -157.58870     10.485     4.2151     4.2057     4.2144    30.4521    30.4620  1024.1992    24.1501    315.350    299.767  324.06878     97.310     0.1563     0.5897     0.5520 1.0810e-02      36289         18  0.000e+00
     10.378   71.45522 -157.58870     10.485     4.2150     4.2030     4.2144    30.4522    30.4628  1024.1993    24.1502    315.343    299.593  324.06880     97.308     0.1538     0.5751     0.5520 1.1540e-02      36290         18  0.000e+00
     10.440   71.45522 -157.58870     10.548     4.2144     4.2000     4.2138    30.4522    30.4639  1024.1996    24.1502    315.343    299.590  324.07351     97.306     0.1551     0.5824     0.5520 1.4500e-02      36291         18  0.000e+00
     10.470   71.45522 -157.58870     10.579     4.2140     4.1981     4.2133    30.4519    30.4640  1024.1996    24.1501    315.306    299.600  324.07777     97.293     0.1563     0.5897     0.5520 1.6005e-02      36292         18  0.000e+00
     10.378   71.45522 -157.58870     10.485     4.2140     4.1962     4.2133    30.4526    30.4643  1024.1997    24.1506    315.288    299.795  324.07608     97.288     0.1563     0.5897     0.5520 1.6005e-02      36293         18  0.000e+00
     10.494   71.45522 -157.58870     10.602     4.2136     4.1937     4.2129    30.4532    30.4658  1024.2007    24.1511    315.282    299.641  324.07763     97.286     0.1563     0.5897     0.5520 1.1906e-02      36294         18  0.000e+00
     10.440   71.45522 -157.58870     10.548     4.2141     4.1918     4.2135    30.4539    30.4658  1024.2010    24.1516    315.258    299.647  324.07175     97.280     0.1551     0.5824     0.5520 9.3628e-03      36295         18  0.000e+00
     10.440   71.45522 -157.58870     10.548     4.2159     4.1905     4.2152    30.4547    30.4661  1024.2015    24.1521    315.225    299.649  324.05609     97.275     0.1563     0.5897     0.5520 9.0035e-03      36296         18  0.000e+00
     10.494   71.45522 -157.58870     10.602     4.2193     4.1910     4.2186    30.4550    30.4665  1024.2016    24.1520    315.146    299.640  324.02857     97.259     0.1563     0.5897     0.5520 4.4238e-03      36297         18  0.000e+00
     10.440   71.45522 -157.58870     10.548     4.2255     4.1923     4.2249    30.4533    30.4663  1024.1994    24.1501    315.108    299.810  323.98365     97.260     0.1563     0.5897     0.5520 1.0131e-03      36298         18  0.000e+00
     10.494   71.45522 -157.58870     10.602     4.2309     4.1932     4.2303    30.4510    30.4667  1024.1973    24.1477    315.048    299.627  323.94672     97.253     0.1551     0.5824     0.5532 3.4241e-04      36299         18  0.000e+00
     10.494   71.45522 -157.58870     10.602     4.2370     4.1935     4.2363    30.4480    30.4664  1024.1944    24.1448    314.982    299.618  323.90650     97.245     0.1563     0.5897     0.5544 3.0480e-03      36300         18  0.000e+00
     10.440   71.45522 -157.58870     10.548     4.2434     4.1950     4.2427    30.4438    30.4660  1024.1902    24.1408    315.122    299.597  323.86647     97.300     0.1563     0.5897     0.5556 6.1655e-03      36301         18  0.000e+00
     10.525   71.45522 -157.58870     10.633     4.2484     4.1987     4.2477    30.4407    30.4651  1024.1876    24.1379    314.886    299.564  323.83494     97.237     0.1551     0.5824     0.5556 7.2223e-03      36302         18  0.000e+00
     10.494   71.45522 -157.58870     10.602     4.2476     4.2032     4.2470    30.4424    30.4664  1024.1889    24.1393    314.860    299.516  323.83661     97.228     0.1563     0.5897     0.5556 9.0035e-03      36303         18  0.000e+00
     10.494   71.45522 -157.58870     10.602     4.2458     4.2075     4.2452    30.4441    30.4677  1024.1904    24.1408    314.843    299.470  323.84642     97.220     0.1551     0.5824     0.5556 1.2274e-02      36304         18  0.000e+00
     10.494   71.45522 -157.58870     10.602     4.2440     4.2107     4.2433    30.4449    30.4693  1024.1913    24.1417    314.828    299.433  323.85923     97.211     0.1563     0.5897     0.5556 1.3012e-02      36305         18  0.000e+00
     10.494   71.45522 -157.58870     10.602     4.2431     4.2182     4.2424    30.4449    30.4672  1024.1913    24.1417    314.805    299.369  323.86636     97.202     0.1551     0.5824     0.5556 1.0810e-02      36306         18  0.000e+00
     10.494   71.45522 -157.58870     10.602     4.2428     4.2307     4.2422    30.4445    30.4607  1024.1910    24.1414    314.809    299.275  323.86902     97.203     0.1563     0.5897     0.5544 5.1175e-03      36307         18  0.000e+00
     10.494   71.45522 -157.58870     10.602     4.2427     4.2392     4.2420    30.4453    30.4580  1024.1917    24.1421    314.810    299.205  323.86823     97.203     0.1551     0.5824     0.5556 3.3905e-03      36308         18  0.000e+00
     10.556   71.45522 -157.58870     10.665     4.2432     4.2457     4.2425    30.4455    30.4563  1024.1921    24.1422    314.809    299.150  323.86360     97.204     0.1563     0.5897     0.5556 3.3905e-03      36309         18  0.000e+00
