EcoFOCI/data/1_SampleCollection/2023_SikuliaqDBO_CruiseData/CTD_raw_BottleFile_SKQ23-12S/proc/skq202312s_058.ros
* Sea-Bird SBE 9 Data File:
* FileName = D:\CTD\SKQ202312S\SKQ202312S_058.hex
* Software Version Seasave V 7.26.7.121
* Temperature SN = 6177
* Conductivity SN = 0369
* Number of Bytes Per Scan = 41
* Number of Voltage Words = 4
* Number of Scans Averaged by the Deck Unit = 1
* NMEA Latitude = 71 26.88 N
* NMEA Longitude = 164 54.84 W
* NMEA UTC (Time) = Sep 27 2023  11:36:42
* NMEA baud rate = 4800
** Ship: R/V Sikuliaq
** Station Number: 058
** Station Name: IC4
** Bottom Depth: 42
** Operator: SS
# nquan = 22
# nvalues = 784                                   
# units = specified
# name 0 = depSM: Depth [salt water, m]
# name 1 = latitude: Latitude [deg]
# name 2 = longitude: Longitude [deg]
# name 3 = prDM: Pressure, Digiquartz [db]
# name 4 = t090C: Temperature [ITS-90, deg C]
# name 5 = t190C: Temperature, 2 [ITS-90, deg C]
# name 6 = potemp090C: Potential Temperature [ITS-90, deg C]
# name 7 = sal00: Salinity, Practical [PSU]
# name 8 = sal11: Salinity, Practical, 2 [PSU]
# name 9 = density00: Density [density, kg/m^3]
# name 10 = sigma-é00: Density [sigma-theta, kg/m^3]
# name 11 = sbox0Mm/Kg: Oxygen, SBE 43 [umol/kg]
# name 12 = sbox1Mm/Kg: Oxygen, SBE 43, 2 [umol/kg]
# name 13 = oxsolMm/Kg: Oxygen Saturation, Garcia & Gordon [umol/kg]
# name 14 = sbeox0PS: Oxygen, SBE 43 [% saturation]
# name 15 = v0: Voltage 0
# name 16 = flECO-AFL: Fluorescence, WET Labs ECO-AFL/FL [mg/m^3]
# name 17 = CStarAt0: Beam Attenuation, WET Labs C-Star [1/m]
# name 18 = par: PAR/Irradiance, Biospherical/Licor
# name 19 = scan: Scan Count
# name 20 = nbf: Bottles Fired
# name 21 = flag:  0.000e+00
# interval = seconds: 0.0416667
# start_time = Sep 27 2023 11:40:41 [NMEA time, first data scan]
# bad_flag = -9.990e-29
*END*
[from data line 527]
     10.212   71.44828 -164.91622     10.318     2.7896     2.7912     2.7891    30.5595    30.5699  1024.4073    24.3586    325.396    309.533  335.36180     97.028     0.0720     0.0842     0.4359 1.0000e-12      17552         11  0.000e+00
     10.212   71.44828 -164.91622     10.318     2.7894     2.7912     2.7889    30.5596    30.5700  1024.4074    24.3588    325.214    309.519  335.36276     96.974     0.0720     0.0842     0.4359 1.0000e-12      17553         11  0.000e+00
     10.150   71.44828 -164.91622     10.255     2.7896     2.7910     2.7891    30.5597    30.5703  1024.4072    24.3588    325.213    309.303  335.36122     96.974     0.0720     0.0842     0.4359 1.0000e-12      17554         11  0.000e+00
     10.212   71.44828 -164.91622     10.318     2.7896     2.7913     2.7891    30.5596    30.5703  1024.4074    24.3588    324.775    309.463  335.36140     96.843     0.0720     0.0842     0.4359 8.4714e-06      17555         11  0.000e+00
     10.212   71.44828 -164.91622     10.318     2.7896     2.7913     2.7891    30.5595    30.5699  1024.4073    24.3587    324.931    309.249  335.36170     96.890     0.0720     0.0842     0.4359 8.4714e-06      17556         11  0.000e+00
     10.212   71.44828 -164.91622     10.318     2.7894     2.7912     2.7889    30.5596    30.5703  1024.4074    24.3588    325.348    309.408  335.36276     97.014     0.0733     0.0916     0.4359 8.4714e-06      17557         11  0.000e+00
     10.212   71.44828 -164.91622     10.318     2.7896     2.7912     2.7891    30.5599    30.5702  1024.4076    24.3589    325.128    309.390  335.36081     96.949     0.0720     0.0842     0.4359 8.4714e-06      17558         11  0.000e+00
     10.181   71.44828 -164.91622     10.287     2.7893     2.7913     2.7888    30.5599    30.5702  1024.4075    24.3590    325.097    309.370  335.36306     96.939     0.0733     0.0916     0.4370 2.3659e-03      17559         11  0.000e+00
     10.212   71.44828 -164.91622     10.318     2.7894     2.7912     2.7889    30.5586    30.5707  1024.4066    24.3579    325.066    309.376  335.36544     96.929     0.0720     0.0842     0.4359 1.6005e-02      17560         11  0.000e+00
     10.212   71.44828 -164.91622     10.318     2.7897     2.7913     2.7892    30.5580    30.5699  1024.4061    24.3574    325.029    309.382  335.36433     96.918     0.0733     0.0916     0.4359 2.2199e-02      17561         11  0.000e+00
     10.212   71.44828 -164.91622     10.318     2.7894     2.7910     2.7889    30.5597    30.5702  1024.4075    24.3588    325.027    309.364  335.36266     96.918     0.0720     0.0842     0.4359 2.3791e-02      17562         11  0.000e+00
     10.212   71.44828 -164.91622     10.318     2.7894     2.7912     2.7889    30.5600    30.5702  1024.4077    24.3590    325.027    309.342  335.36196     96.918     0.0720     0.0842     0.4359 3.8958e-02      17563         11  0.000e+00
     10.268   71.44830 -164.91624     10.375     2.7899     2.7912     2.7894    30.5596    30.5706  1024.4077    24.3587    324.860    309.053  335.35877     96.870     0.0720     0.0842     0.4220 5.7712e-02      17692         12  0.000e+00
     10.268   71.44830 -164.91624     10.375     2.7898     2.7913     2.7893    30.5598    30.5698  1024.4078    24.3589    324.868    309.056  335.35921     96.872     0.0733     0.0916     0.4220 4.9011e-02      17693         12  0.000e+00
     10.268   71.44830 -164.91624     10.375     2.7897     2.7913     2.7892    30.5597    30.5699  1024.4078    24.3588    324.877    309.059  335.35983     96.874     0.0720     0.0842     0.4220 3.2451e-02      17694         12  0.000e+00
     10.245   71.44830 -164.91624     10.351     2.7897     2.7915     2.7892    30.5600    30.5700  1024.4079    24.3590    324.882    309.060  335.35910     96.876     0.0720     0.0842     0.4220 2.7440e-02      17695         12  0.000e+00
     10.215   71.44830 -164.91624     10.320     2.7897     2.7913     2.7892    30.5602    30.5701  1024.4078    24.3591    324.888    309.065  335.35876     96.878     0.0720     0.0842     0.4220 2.7440e-02      17696         12  0.000e+00
     10.269   71.44830 -164.91624     10.375     2.7897     2.7912     2.7892    30.5597    30.5701  1024.4077    24.3588    324.824    308.875  335.35992     96.858     0.0720     0.0842     0.4220 2.5807e-02      17697         12  0.000e+00
     10.269   71.44830 -164.91624     10.375     2.7897     2.7913     2.7892    30.5596    30.5703  1024.4076    24.3587    324.829    309.057  335.36022     96.860     0.0733     0.0916     0.4220 2.5402e-02      17698         12  0.000e+00
     10.269   71.44830 -164.91624     10.375     2.7897     2.7912     2.7892    30.5598    30.5702  1024.4078    24.3588    324.833    309.067  335.35973     96.861     0.0720     0.0842     0.4220 1.0447e-02      17699         12  0.000e+00
     10.215   71.44830 -164.91624     10.320     2.7896     2.7915     2.7891    30.5598    30.5699  1024.4076    24.3589    324.615    309.097  335.36101     96.796     0.0720     0.0842     0.4220 3.4241e-04      17700         12  0.000e+00
     10.269   71.44830 -164.91624     10.375     2.7897     2.7912     2.7892    30.5596    30.5701  1024.4076    24.3587    324.549    309.113  335.36022     96.776     0.0720     0.0842     0.4220 1.0000e-12      17701         12  0.000e+00
     10.269   71.44830 -164.91624     10.375     2.7896     2.7915     2.7891    30.5599    30.5701  1024.4079    24.3589    324.520    309.123  335.36036     96.767     0.0720     0.0842     0.4220 1.0000e-12      17702         12  0.000e+00
     10.269   71.44830 -164.91624     10.375     2.7896     2.7913     2.7891    30.5602    30.5701  1024.4081    24.3592    324.713    309.138  335.35999     96.825     0.0720     0.0842     0.4220 8.4714e-06      17703         12  0.000e+00
     10.245   71.44830 -164.91624     10.351     2.7896     2.7915     2.7891    30.5599    30.5701  1024.4078    24.3589    324.720    309.126  335.36085     96.827     0.0720     0.0842     0.4220 8.4714e-06      17704         12  0.000e+00
     10.215   71.44830 -164.91624     10.320     2.7901     2.7913     2.7895    30.5595    30.5699  1024.4073    24.3586    324.501    309.117  335.35774     96.763     0.0720     0.0842     0.4220 8.4714e-06      17705         12  0.000e+00
     10.269   71.44830 -164.91624     10.375     2.7896     2.7915     2.7891    30.5601    30.5700  1024.4081    24.3591    324.479    309.132  335.36018     96.755     0.0720     0.0842     0.4220 1.0000e-12      17706         12  0.000e+00
     10.269   71.44830 -164.91624     10.375     2.7899     2.7916     2.7894    30.5595    30.5700  1024.4076    24.3586    324.452    309.146  335.35907     96.748     0.0720     0.0842     0.4220 8.4714e-06      17707         12  0.000e+00
     10.215   71.44830 -164.91624     10.320     2.7899     2.7913     2.7894    30.5598    30.5704  1024.4076    24.3589    324.647    309.138  335.35820     96.806     0.0720     0.0842     0.4220 8.4714e-06      17708         12  0.000e+00
     10.269   71.44830 -164.91624     10.375     2.7899     2.7913     2.7894    30.5597    30.5704  1024.4077    24.3588    324.662    309.156  335.35847     96.810     0.0733     0.0916     0.4209 1.0000e-12      17709         12  0.000e+00
     10.269   71.44830 -164.91624     10.375     2.7897     2.7916     2.7892    30.5596    30.5703  1024.4077    24.3587    324.454    309.171  335.36012     96.748     0.0720     0.0842     0.4209 2.0263e-03      17710         12  0.000e+00
     10.215   71.44830 -164.91624     10.320     2.7899     2.7918     2.7894    30.5595    30.5702  1024.4073    24.3586    324.428    309.186  335.35920     96.740     0.0733     0.0916     0.4209 1.3754e-02      17711         12  0.000e+00
     10.269   71.44830 -164.91624     10.375     2.7896     2.7918     2.7891    30.5597    30.5704  1024.4077    24.3588    324.633    309.207  335.36086     96.801     0.0720     0.0842     0.4209 1.9067e-02      17712         12  0.000e+00
     10.184   71.44830 -164.91624     10.289     2.7897     2.7918     2.7892    30.5600    30.5703  1024.4076    24.3590    324.421    309.224  335.35912     96.738     0.0720     0.0842     0.4209 2.2199e-02      17713         12  0.000e+00
     10.269   71.44830 -164.91624     10.375     2.7899     2.7916     2.7894    30.5602    30.5704  1024.4081    24.3591    324.403    309.250  335.35738     96.733     0.0720     0.0842     0.4209 6.6864e-02      17714         12  0.000e+00
     10.269   71.44830 -164.91624     10.375     2.7899     2.7919     2.7894    30.5600    30.5703  1024.4080    24.3590    324.607    309.270  335.35778     96.794     0.0720     0.0842     0.4209 9.7271e-02      17715         12  0.000e+00
     10.215   71.44830 -164.91624     10.320     2.7899     2.7919     2.7894    30.5600    30.5706  1024.4077    24.3590    324.401    309.290  335.35780     96.733     0.0720     0.0842     0.4209 1.0033e-01      17716         12  0.000e+00
     10.215   71.44830 -164.91624     10.320     2.7901     2.7918     2.7895    30.5600    30.5708  1024.4077    24.3590    324.605    309.316  335.35635     96.794     0.0720     0.0842     0.4209 7.8698e-02      17717         12  0.000e+00
     10.269   71.44830 -164.91624     10.375     2.7899     2.7916     2.7894    30.5599    30.5709  1024.4079    24.3590    324.406    309.320  335.35797     96.734     0.0733     0.0916     0.4209 6.5306e-02      17718         12  0.000e+00
     10.269   71.44830 -164.91624     10.375     2.7901     2.7918     2.7895    30.5602    30.5708  1024.4081    24.3591    324.389    309.320  335.35602     96.730     0.0720     0.0842     0.4209 6.3762e-02      17719         12  0.000e+00
     10.215   71.44830 -164.91624     10.321     2.7902     2.7916     2.7897    30.5598    30.5710  1024.4075    24.3588    324.595    309.319  335.35560     96.791     0.0733     0.0916     0.4209 6.8962e-02      17720         12  0.000e+00
     10.215   71.44830 -164.91624     10.321     2.7901     2.7915     2.7895    30.5598    30.5709  1024.4076    24.3589    324.397    309.322  335.35685     96.732     0.0720     0.0842     0.4209 7.3228e-02      17721         12  0.000e+00
     10.246   71.44830 -164.91624     10.352     2.7901     2.7918     2.7895    30.5594    30.5704  1024.4074    24.3585    324.572    309.322  335.35798     96.784     0.0720     0.0842     0.4209 7.3768e-02      17722         12  0.000e+00
     10.215   71.44830 -164.91624     10.321     2.7901     2.7916     2.7895    30.5593    30.5707  1024.4071    24.3584    324.593    309.323  335.35824     96.790     0.0720     0.0842     0.4209 4.1638e-02      17723         12  0.000e+00
     10.215   71.44830 -164.91624     10.321     2.7899     2.7916     2.7894    30.5596    30.5707  1024.4074    24.3587    324.394    309.324  335.35870     96.731     0.0720     0.0842     0.4209 1.0447e-02      17724         12  0.000e+00
     10.215   71.44830 -164.91624     10.321     2.7901     2.7916     2.7895    30.5598    30.5700  1024.4075    24.3588    324.381    309.327  335.35705     96.727     0.0720     0.0842     0.4209 4.0784e-03      17725         12  0.000e+00
     10.215   71.44830 -164.91624     10.321     2.7901     2.7916     2.7895    30.5598    30.5698  1024.4076    24.3589    324.370    309.328  335.35685     96.724     0.0720     0.0842     0.4209 3.3905e-03      17726         12  0.000e+00
     10.215   71.44830 -164.91624     10.321     2.7899     2.7915     2.7894    30.5600    30.5699  1024.4077    24.3590    324.584    309.330  335.35781     96.787     0.0720     0.0842     0.4209 1.3499e-03      17727         12  0.000e+00
     10.215   71.44830 -164.91624     10.321     2.7897     2.7913     2.7892    30.5602    30.5702  1024.4078    24.3591    324.612    309.332  335.35876     96.795     0.0720     0.0842     0.4209 3.4241e-04      17728         12  0.000e+00
     10.269   71.44830 -164.91624     10.375     2.7899     2.7913     2.7894    30.5597    30.5700  1024.4078    24.3588    324.641    309.335  335.35847     96.804     0.0733     0.0916     0.4209 5.8152e-03      17729         12  0.000e+00
     10.153   71.44830 -164.91624     10.258     2.7897     2.7913     2.7892    30.5596    30.5701  1024.4071    24.3587    324.443    309.331  335.36017     96.745     0.0720     0.0842     0.4209 2.1803e-02      17730         12  0.000e+00
     10.246   71.44830 -164.91624     10.352     2.7900     2.7912     2.7894    30.5597    30.5702  1024.4076    24.3588    324.437    309.337  335.35802     96.743     0.0733     0.0916     0.4209 2.7851e-02      17731         12  0.000e+00
     10.153   71.44830 -164.91624     10.258     2.7897     2.7915     2.7892    30.5600    30.5700  1024.4074    24.3590    324.428    309.332  335.35928     96.741     0.0720     0.0842     0.4209 3.2027e-02      17732         12  0.000e+00
     10.215   71.44830 -164.91624     10.321     2.7899     2.7912     2.7894    30.5595    30.5698  1024.4073    24.3586    324.648    309.338  335.35910     96.806     0.0720     0.0842     0.4209 5.3306e-02      17733         12  0.000e+00
     10.215   71.44830 -164.91624     10.321     2.7899     2.7913     2.7894    30.5596    30.5699  1024.4074    24.3587    324.457    309.338  335.35870     96.749     0.0720     0.0842     0.4209 6.3250e-02      17734         12  0.000e+00
     10.215   71.44830 -164.91624     10.321     2.7896     2.7912     2.7891    30.5600    30.5702  1024.4078    24.3591    324.456    309.339  335.36041     96.749     0.0720     0.0842     0.4209 6.0711e-02      17735         12  0.000e+00
     10.154   71.44830 -164.91624     10.259     2.7899     2.7913     2.7894    30.5600    30.5703  1024.4074    24.3590    324.449    309.337  335.35792     96.747     0.0720     0.0842     0.4209 3.4160e-02      17736         12  0.000e+00
     10.215   71.44830 -164.91624     10.321     2.7897     2.7912     2.7892    30.5602    30.5705  1024.4078    24.3591    324.453    309.341  335.35876     96.748     0.0720     0.0842     0.4209 2.2199e-02      17737         12  0.000e+00
     10.154   71.44830 -164.91624     10.259     2.7899     2.7913     2.7894    30.5598    30.5704  1024.4072    24.3588    324.451    309.338  335.35832     96.748     0.0720     0.0842     0.4209 2.1016e-02      17738         12  0.000e+00
     10.215   71.44830 -164.91624     10.321     2.7899     2.7915     2.7894    30.5599    30.5701  1024.4076    24.3589    324.641    309.341  335.35800     96.804     0.0720     0.0842     0.4209 1.8295e-02      17739         12  0.000e+00
     10.184   71.44830 -164.91624     10.290     2.7899     2.7915     2.7894    30.5600    30.5702  1024.4076    24.3590    324.677    309.341  335.35777     96.815     0.0733     0.0916     0.4209 1.6005e-02      17740         12  0.000e+00
      2.517   71.44832 -164.91654      2.543     2.7882     2.7896     2.7881    30.5607    30.5715  1024.3717    24.3597    324.670    309.162  335.37029     96.809     0.0708     0.0769     0.4232 4.4764e-01      21481         13  0.000e+00
      2.517   71.44832 -164.91654      2.543     2.7880     2.7898     2.7879    30.5612    30.5711  1024.3721    24.3601    324.640    309.189  335.37035     96.801     0.0708     0.0769     0.4232 2.0683e-01      21482         13  0.000e+00
      2.578   71.44832 -164.91654      2.605     2.7880     2.7898     2.7879    30.5609    30.5715  1024.3722    24.3599    324.651    309.394  335.37113     96.804     0.0720     0.0842     0.4232 1.3196e-01      21483         13  0.000e+00
      2.517   71.44832 -164.91654      2.543     2.7882     2.7896     2.7881    30.5611    30.5716  1024.3720    24.3600    324.618    309.420  335.36940     96.794     0.0708     0.0769     0.4243 1.2777e-01      21484         13  0.000e+00
