EcoFOCI/data/1_SampleCollection/2023_SikuliaqDBO_CruiseData/CTD_raw_BottleFile_SKQ23-12S/proc/skq202312s_014.ros
* Sea-Bird SBE 9 Data File:
* FileName = D:\CTD\SKQ202312S\SKQ202312S_014.hex
* Software Version Seasave V 7.26.7.121
* Temperature SN = 6177
* Conductivity SN = 0369
* Number of Bytes Per Scan = 41
* Number of Voltage Words = 4
* Number of Scans Averaged by the Deck Unit = 1
* NMEA Latitude = 64 40.15 N
* NMEA Longitude = 169 55.22 W
* NMEA UTC (Time) = Sep 17 2023  08:29:33
* NMEA baud rate = 4800
** Ship: R/V Sikuliaq
** Station Number: 014
** Station Name: DBO2.1
** Bottom Depth: 47
** Operator: SS
# nquan = 22
# nvalues = 931                                   
# units = specified
# name 0 = depSM: Depth [salt water, m]
# name 1 = latitude: Latitude [deg]
# name 2 = longitude: Longitude [deg]
# name 3 = prDM: Pressure, Digiquartz [db]
# name 4 = t090C: Temperature [ITS-90, deg C]
# name 5 = t190C: Temperature, 2 [ITS-90, deg C]
# name 6 = potemp090C: Potential Temperature [ITS-90, deg C]
# name 7 = sal00: Salinity, Practical [PSU]
# name 8 = sal11: Salinity, Practical, 2 [PSU]
# name 9 = density00: Density [density, kg/m^3]
# name 10 = sigma-é00: Density [sigma-theta, kg/m^3]
# name 11 = sbox0Mm/Kg: Oxygen, SBE 43 [umol/kg]
# name 12 = sbox1Mm/Kg: Oxygen, SBE 43, 2 [umol/kg]
# name 13 = oxsolMm/Kg: Oxygen Saturation, Garcia & Gordon [umol/kg]
# name 14 = sbeox0PS: Oxygen, SBE 43 [% saturation]
# name 15 = v0: Voltage 0
# name 16 = flECO-AFL: Fluorescence, WET Labs ECO-AFL/FL [mg/m^3]
# name 17 = CStarAt0: Beam Attenuation, WET Labs C-Star [1/m]
# name 18 = par: PAR/Irradiance, Biospherical/Licor
# name 19 = scan: Scan Count
# name 20 = nbf: Bottles Fired
# name 21 = flag:  0.000e+00
# interval = seconds: 0.0416667
# start_time = Sep 17 2023 08:33:36 [NMEA time, first data scan]
# bad_flag = -9.990e-29
*END*
[from data line 330]
     30.520   64.66932 -169.92012     30.823     2.8596     2.8605     2.8578    33.0241    33.0343  1026.4649    26.3202    227.364    216.824  328.56299     69.199     0.2295     1.0293     0.8895 1.0000e-12      11531          7  0.000e+00
     30.535   64.66932 -169.92012     30.839     2.8594     2.8605     2.8577    33.0244    33.0345  1026.4653    26.3205    227.360    216.843  328.56350     69.198     0.2283     1.0220     0.8895 1.0000e-12      11532          7  0.000e+00
     30.520   64.66932 -169.92012     30.823     2.8596     2.8605     2.8578    33.0244    33.0344  1026.4651    26.3204    227.354    216.860  328.56238     69.197     0.2295     1.0293     0.8895 1.0000e-12      11533          7  0.000e+00
     30.535   64.66932 -169.92012     30.839     2.8594     2.8605     2.8577    33.0249    33.0345  1026.4656    26.3209    227.350    216.851  328.56229     69.196     0.2295     1.0293     0.8895 1.0000e-12      11534          7  0.000e+00
     30.520   64.66932 -169.92012     30.823     2.8597     2.8605     2.8580    33.0244    33.0346  1026.4651    26.3204    227.345    216.839  328.56148     69.194     0.2283     1.0220     0.8883 1.0000e-12      11535          7  0.000e+00
     30.535   64.66932 -169.92012     30.839     2.8594     2.8605     2.8577    33.0248    33.0344  1026.4655    26.3207    227.342    216.826  328.56269     69.193     0.2295     1.0293     0.8895 1.0000e-12      11536          7  0.000e+00
     30.589   64.66932 -169.92012     30.894     2.8594     2.8605     2.8577    33.0248    33.0345  1026.4658    26.3208    227.339    216.834  328.56266     69.192     0.2283     1.0220     0.8895 1.0000e-12      11537          7  0.000e+00
     30.520   64.66932 -169.92012     30.823     2.8595     2.8605     2.8577    33.0247    33.0347  1026.4654    26.3207    227.332    216.813  328.56227     69.190     0.2295     1.0293     0.8895 1.0000e-12      11538          7  0.000e+00
     30.535   64.66932 -169.92012     30.839     2.8596     2.8605     2.8578    33.0247    33.0341  1026.4654    26.3207    227.328    216.816  328.56159     69.189     0.2283     1.0220     0.8895 1.0000e-12      11539          7  0.000e+00
     30.520   64.66932 -169.92012     30.823     2.8594     2.8604     2.8577    33.0252    33.0343  1026.4658    26.3211    227.323    216.816  328.56156     69.187     0.2295     1.0293     0.8895 1.0000e-12      11540          7  0.000e+00
     30.535   64.66932 -169.92012     30.839     2.8596     2.8604     2.8578    33.0248    33.0345  1026.4655    26.3208    227.319    216.814  328.56129     69.186     0.2283     1.0220     0.8895 1.0000e-12      11541          7  0.000e+00
     30.520   64.66932 -169.92012     30.823     2.8593     2.8605     2.8575    33.0250    33.0347  1026.4657    26.3210    227.316    216.809  328.56336     69.185     0.2295     1.0293     0.8895 1.0000e-12      11542          7  0.000e+00
     30.535   64.66932 -169.92012     30.839     2.8596     2.8605     2.8578    33.0246    33.0345  1026.4654    26.3206    227.310    216.804  328.56170     69.183     0.2283     1.0220     0.8908 1.0000e-12      11543          7  0.000e+00
     30.181   64.66932 -169.92012     30.481     2.8588     2.8589     2.8571    33.0246    33.0344  1026.4637    26.3206    227.560    216.521  328.56843     69.258     0.2869     1.3736     0.9338 1.0000e-12      11791          8  0.000e+00
     30.189   64.66932 -169.92012     30.489     2.8588     2.8589     2.8571    33.0249    33.0344  1026.4641    26.3209    227.576    216.509  328.56752     69.263     0.2882     1.3809     0.9338 1.0000e-12      11792          8  0.000e+00
     30.181   64.66932 -169.92012     30.481     2.8588     2.8590     2.8571    33.0248    33.0341  1026.4640    26.3209    227.372    216.494  328.56772     69.201     0.2869     1.3736     0.9338 1.0000e-12      11793          8  0.000e+00
     30.250   64.66932 -169.92012     30.551     2.8587     2.8589     2.8570    33.0248    33.0345  1026.4642    26.3208    227.136    216.480  328.56831     69.129     0.2882     1.3809     0.9338 1.0000e-12      11794          8  0.000e+00
     30.189   64.66932 -169.92012     30.489     2.8589     2.8588     2.8572    33.0244    33.0347  1026.4636    26.3205    227.080    216.680  328.56754     69.112     0.2869     1.3736     0.9338 1.0000e-12      11795          8  0.000e+00
     30.235   64.66932 -169.92012     30.536     2.8591     2.8589     2.8574    33.0250    33.0341  1026.4643    26.3210    227.244    216.708  328.56468     69.163     0.2882     1.3809     0.9338 1.0000e-12      11796          8  0.000e+00
     30.250   64.66932 -169.92012     30.551     2.8589     2.8591     2.8572    33.0250    33.0347  1026.4644    26.3210    227.228    216.536  328.56600     69.157     0.2869     1.3736     0.9338 1.0000e-12      11797          8  0.000e+00
     30.235   64.66932 -169.92012     30.536     2.8591     2.8594     2.8574    33.0247    33.0346  1026.4641    26.3207    227.209    216.511  328.56549     69.152     0.2869     1.3736     0.9338 1.0000e-12      11798          8  0.000e+00
     30.250   64.66932 -169.92012     30.551     2.8593     2.8592     2.8575    33.0245    33.0349  1026.4640    26.3206    227.191    216.487  328.56452     69.147     0.2869     1.3736     0.9338 1.0000e-12      11799          8  0.000e+00
     30.289   64.66932 -169.92012     30.590     2.8593     2.8594     2.8575    33.0249    33.0344  1026.4645    26.3209    227.174    216.462  328.56356     69.142     0.2882     1.3809     0.9338 1.0000e-12      11800          8  0.000e+00
     30.304   64.66932 -169.92012     30.606     2.8593     2.8592     2.8575    33.0246    33.0346  1026.4643    26.3207    227.158    216.434  328.56429     69.136     0.2882     1.3809     0.9338 1.0000e-12      11801          8  0.000e+00
     30.289   64.66932 -169.92012     30.590     2.8593     2.8594     2.8575    33.0250    33.0345  1026.4645    26.3209    227.139    216.426  328.56345     69.131     0.2882     1.3809     0.9338 1.0000e-12      11802          8  0.000e+00
     30.304   64.66932 -169.92012     30.606     2.8592     2.8594     2.8574    33.0252    33.0344  1026.4648    26.3211    227.122    216.420  328.56377     69.126     0.2882     1.3809     0.9338 1.0000e-12      11803          8  0.000e+00
     30.304   64.66932 -169.92012     30.606     2.8594     2.8594     2.8577    33.0249    33.0344  1026.4646    26.3209    227.103    216.411  328.56228     69.120     0.2869     1.3736     0.9338 1.0000e-12      11804          8  0.000e+00
     30.289   64.66932 -169.92012     30.590     2.8594     2.8592     2.8577    33.0250    33.0345  1026.4645    26.3209    227.085    216.401  328.56215     69.115     0.2882     1.3809     0.9207 1.0000e-12      11805          8  0.000e+00
     30.366   64.66932 -169.92012     30.668     2.8594     2.8594     2.8577    33.0249    33.0344  1026.4648    26.3208    227.070    216.392  328.56236     69.110     0.2698     1.2710     0.8999 1.0000e-12      11806          8  0.000e+00
     30.351   64.66932 -169.92012     30.653     2.8593     2.8596     2.8575    33.0248    33.0341  1026.4647    26.3208    226.835    216.380  328.56384     69.038     0.2430     1.1099     0.8934 1.0000e-12      11807          8  0.000e+00
     30.366   64.66932 -169.92012     30.668     2.8594     2.8597     2.8577    33.0246    33.0344  1026.4646    26.3206    227.001    216.367  328.56307     69.089     0.2344     1.0586     0.8947 1.0000e-12      11808          8  0.000e+00
     30.351   64.66932 -169.92012     30.653     2.8593     2.8599     2.8575    33.0245    33.0341  1026.4645    26.3206    227.023    216.352  328.56455     69.095     0.2357     1.0659     0.8947 1.0000e-12      11809          8  0.000e+00
     30.366   64.66932 -169.92012     30.668     2.8591     2.8599     2.8574    33.0249    33.0343  1026.4648    26.3208    227.046    216.338  328.56506     69.102     0.2369     1.0732     0.8960 1.0000e-12      11810          8  0.000e+00
     30.351   64.66932 -169.92010     30.653     2.8593     2.8597     2.8575    33.0243    33.0345  1026.4643    26.3204    227.068    216.323  328.56506     69.109     0.2369     1.0732     0.8960 1.0000e-12      11811          8  0.000e+00
     30.366   64.66932 -169.92010     30.668     2.8591     2.8600     2.8574    33.0250    33.0345  1026.4649    26.3209    227.094    216.306  328.56476     69.117     0.2381     1.0806     0.8960 1.0000e-12      11812          8  0.000e+00
     30.466   64.66932 -169.92010     30.770     2.8592     2.8600     2.8574    33.0247    33.0343  1026.4651    26.3207    227.087    216.292  328.56510     69.115     0.2369     1.0732     0.8960 1.0000e-12      11813          8  0.000e+00
     30.366   64.66932 -169.92010     30.668     2.8591     2.8599     2.8574    33.0244    33.0343  1026.4645    26.3205    227.111    216.272  328.56618     69.122     0.2381     1.0806     0.8960 1.0000e-12      11814          8  0.000e+00
     30.366   64.66932 -169.92010     30.668     2.8589     2.8600     2.8572    33.0249    33.0342  1026.4649    26.3209    227.102    216.252  328.56626     69.119     0.2369     1.0732     0.8960 1.0000e-12      11815          8  0.000e+00
     30.466   64.66932 -169.92010     30.770     2.8593     2.8600     2.8575    33.0245    33.0341  1026.4650    26.3205    227.095    216.235  328.56471     69.117     0.2381     1.0806     0.8960 1.0000e-12      11816          8  0.000e+00
     30.366   64.66932 -169.92010     30.668     2.8588     2.8600     2.8571    33.0252    33.0345  1026.4651    26.3211    227.122    216.211  328.56685     69.125     0.2369     1.0732     0.8960 1.0000e-12      11817          8  0.000e+00
     30.405   64.66932 -169.92010     30.707     2.8591     2.8600     2.8574    33.0249    33.0345  1026.4650    26.3209    227.151    216.190  328.56501     69.134     0.2369     1.0732     0.8960 1.0000e-12      11818          8  0.000e+00
     30.482   64.66932 -169.92010     30.785     2.8591     2.8602     2.8574    33.0248    33.0343  1026.4654    26.3208    227.147    216.169  328.56512     69.133     0.2369     1.0732     0.8960 1.0000e-12      11819          8  0.000e+00
     30.405   64.66932 -169.92010     30.707     2.8589     2.8604     2.8572    33.0248    33.0342  1026.4650    26.3208    227.140    216.166  328.56642     69.131     0.2381     1.0806     0.8960 1.0000e-12      11820          8  0.000e+00
     30.420   64.66932 -169.92010     30.723     2.8589     2.8602     2.8572    33.0249    33.0343  1026.4652    26.3209    227.171    216.167  328.56613     69.140     0.2369     1.0732     0.8960 1.0000e-12      11821          8  0.000e+00
     30.405   64.66932 -169.92010     30.707     2.8590     2.8601     2.8573    33.0249    33.0344  1026.4651    26.3209    227.203    216.143  328.56531     69.150     0.2369     1.0732     0.8960 1.0000e-12      11822          8  0.000e+00
     30.420   64.66932 -169.92010     30.723     2.8591     2.8604     2.8574    33.0251    33.0342  1026.4653    26.3211    227.236    216.118  328.56432     69.160     0.2381     1.0806     0.8960 1.0000e-12      11823          8  0.000e+00
     30.420   64.66932 -169.92010     30.723     2.8591     2.8602     2.8574    33.0247    33.0343  1026.4650    26.3208    227.235    216.116  328.56534     69.160     0.2369     1.0732     0.8960 1.0000e-12      11824          8  0.000e+00
     30.466   64.66932 -169.92010     30.770     2.8588     2.8604     2.8570    33.0251    33.0344  1026.4655    26.3211    227.273    216.115  328.56699     69.171     0.2381     1.0806     0.8947 1.0000e-12      11825          8  0.000e+00
     30.420   64.66932 -169.92010     30.723     2.8593     2.8603     2.8575    33.0245    33.0343  1026.4648    26.3206    227.270    216.112  328.56465     69.171     0.2369     1.0732     0.8921 1.0000e-12      11826          8  0.000e+00
     30.466   64.66932 -169.92010     30.770     2.8591     2.8602     2.8574    33.0246    33.0345  1026.4651    26.3206    227.272    216.112  328.56581     69.171     0.2381     1.0806     0.8908 1.0000e-12      11827          8  0.000e+00
     30.420   64.66932 -169.92010     30.723     2.8588     2.8604     2.8570    33.0249    33.0340  1026.4652    26.3209    227.272    216.108  328.56753     69.171     0.2369     1.0732     0.8908 1.0000e-12      11828          8  0.000e+00
     30.405   64.66932 -169.92010     30.707     2.8589     2.8602     2.8572    33.0250    33.0340  1026.4651    26.3210    227.053    216.107  328.56601     69.104     0.2369     1.0732     0.8908 1.0000e-12      11829          8  0.000e+00
     30.482   64.66932 -169.92010     30.785     2.8589     2.8604     2.8572    33.0245    33.0340  1026.4651    26.3206    227.022    215.911  328.56713     69.095     0.2369     1.0732     0.8908 1.0000e-12      11830          8  0.000e+00
     30.405   64.66932 -169.92010     30.707     2.8590     2.8603     2.8573    33.0248    33.0340  1026.4650    26.3208    227.204    215.886  328.56562     69.150     0.2381     1.0806     0.8921 1.0000e-12      11831          8  0.000e+00
     30.482   64.66932 -169.92010     30.785     2.8589     2.8600     2.8572    33.0253    33.0343  1026.4657    26.3212    226.773    215.866  328.56530     69.019     0.2564     1.1905     0.8908 1.0000e-12      11832          8  0.000e+00
     30.405   64.66932 -169.92010     30.707     2.8589     2.8600     2.8572    33.0249    33.0347  1026.4651    26.3209    226.271    216.036  328.56621     68.866     0.2686     1.2637     0.8908 1.0000e-12      11833          8  0.000e+00
     30.420   64.66932 -169.92010     30.723     2.8589     2.8602     2.8572    33.0247    33.0339  1026.4650    26.3208    227.015    216.038  328.56664     69.092     0.2698     1.2710     0.8908 1.0000e-12      11834          8  0.000e+00
     30.420   64.66932 -169.92010     30.723     2.8591     2.8600     2.8574    33.0248    33.0343  1026.4651    26.3208    226.807    215.844  328.56514     69.030     0.2686     1.2637     0.8921 1.0000e-12      11835          8  0.000e+00
     30.466   64.66932 -169.92010     30.770     2.8591     2.8601     2.8574    33.0246    33.0344  1026.4651    26.3207    227.005    215.824  328.56560     69.090     0.2686     1.2637     0.8908 1.0000e-12      11836          8  0.000e+00
     30.420   64.66932 -169.92010     30.723     2.8589     2.8600     2.8572    33.0249    33.0347  1026.4652    26.3209    226.799    215.803  328.56613     69.027     0.2674     1.2564     0.8908 1.0000e-12      11837          8  0.000e+00
     30.405   64.66932 -169.92010     30.707     2.8589     2.8602     2.8572    33.0248    33.0342  1026.4650    26.3208    226.996    215.783  328.56642     69.087     0.2686     1.2637     0.8908 1.0000e-12      11838          8  0.000e+00
     30.366   64.66932 -169.92010     30.668     2.8589     2.8602     2.8572    33.0246    33.0343  1026.4646    26.3206    227.047    215.764  328.56707     69.102     0.2674     1.2564     0.8921 1.0000e-12      11839          8  0.000e+00
     20.453   64.66930 -169.92014     20.656     2.8657     2.8658     2.8645    33.0201    33.0302  1026.4134    26.3164    234.301    223.367  328.52343     71.319     0.4383     2.2820     0.8266 1.0000e-12      15404          9  0.000e+00
     20.476   64.66930 -169.92014     20.679     2.8657     2.8656     2.8645    33.0198    33.0302  1026.4133    26.3162    234.490    223.387  328.52407     71.377     0.4371     2.2747     0.8215 1.0000e-12      15405          9  0.000e+00
     20.507   64.66930 -169.92014     20.710     2.8659     2.8658     2.8647    33.0198    33.0297  1026.4134    26.3162    234.493    223.232  328.52281     71.378     0.4371     2.2747     0.8215 1.0000e-12      15406          9  0.000e+00
