EcoFOCI/data/1_SampleCollection/2023_SikuliaqDBO_CruiseData/CTD_raw_BottleFile_SKQ23-12S/proc/skq202312s_081.cnv
* Sea-Bird SBE 9 Data File:
* FileName = D:\CTD\SKQ202312S\SKQ202312S_081.hex
* Software Version Seasave V 7.26.7.121
* Temperature SN = 6177
* Conductivity SN = 0369
* Number of Bytes Per Scan = 41
* Number of Voltage Words = 4
* Number of Scans Averaged by the Deck Unit = 1
* NMEA Latitude = 65 41.58 N
* NMEA Longitude = 168 27.84 W
* NMEA UTC (Time) = Oct 03 2023  09:04:12
* NMEA baud rate = 4800
** Ship: R/V Sikuliaq
** Station Number: 081
** Station Name: BS4
** Bottom Depth: 54
** Operator: SD
# nquan = 24
# nvalues = 3554                                  
# units = specified
# name 0 = depSM: Depth [salt water, m]
# name 1 = latitude: Latitude [deg]
# name 2 = longitude: Longitude [deg]
# name 3 = prDM: Pressure, Digiquartz [db]
# name 4 = t090C: Temperature [ITS-90, deg C]
# name 5 = t190C: Temperature, 2 [ITS-90, deg C]
# name 6 = potemp090C: Potential Temperature [ITS-90, deg C]
# name 7 = sal00: Salinity, Practical [PSU]
# name 8 = sal11: Salinity, Practical, 2 [PSU]
# name 9 = density00: Density [density, kg/m^3]
# name 10 = sigma-é00: Density [sigma-theta, kg/m^3]
# name 11 = sbox0Mm/Kg: Oxygen, SBE 43 [umol/kg]
# name 12 = sbox1Mm/Kg: Oxygen, SBE 43, 2 [umol/kg]
# name 13 = oxsolMm/Kg: Oxygen Saturation, Garcia & Gordon [umol/kg]
# name 14 = sbeox0PS: Oxygen, SBE 43 [% saturation]
# name 15 = sbeox1PS: Oxygen, SBE 43, 2 [% saturation]
# name 16 = v0: Voltage 0
# name 17 = flECO-AFL: Fluorescence, WET Labs ECO-AFL/FL [mg/m^3]
# name 18 = v1: Voltage 1
# name 19 = CStarAt0: Beam Attenuation, WET Labs C-Star [1/m]
# name 20 = par: PAR/Irradiance, Biospherical/Licor
# name 21 = scan: Scan Count
# name 22 = timeM: Time, Elapsed [minutes]
# name 23 = flag:  0.000e+00
# span 0 =      2.584,     49.454                 
# span 1 =   65.69290,   65.69292                 
# span 2 = -168.46470, -168.46450                 
# span 3 =      2.610,     49.952                 
# span 4 =     2.9660,     6.7152                 
# span 5 =     2.9670,     6.7166                 
# span 6 =     2.9638,     6.7139                 
# span 7 =    25.8991,    32.8646                 
# span 8 =    25.9061,    32.8755                 
# span 9 =  1020.3680,  1026.4150                 
# span 10 =    20.3443,    26.1810                
# span 11 =    245.834,    296.162                
# span 12 =    234.338,    282.145                
# span 13 =  302.97124,  328.21289                
# span 14 =     74.986,     92.813                
# span 15 =     71.488,     88.529                
# span 16 =     0.1062,     0.2796                
# span 17 =     0.2894,     1.3297                
# span 18 =     3.0317,     4.0488                
# span 19 =     0.6071,     1.7647                
# span 20 = 1.0000e-12, 5.1861e-01                
# span 21 =          1,       3554                
# span 22 =     0.0000,     2.4674                
# span 23 = 0.0000e+00, 0.0000e+00                
# interval = seconds: 0.0416667
# start_time = Oct 03 2023 09:06:59 [NMEA time, first data scan]
# bad_flag = -9.990e-29
*END*
[from data line 1087]
     15.759   65.69290 -168.46470     15.916     6.7149     6.7164     6.7135    31.5441    31.5511  1024.8079    24.7346    263.406    252.168  302.98240     86.938     83.236     0.1343     0.4579     3.9707     0.6851 1.0000e-12       1088     0.7549  0.000e+00
     15.759   65.69290 -168.46470     15.916     6.7149     6.7166     6.7135    31.5447    31.5517  1024.8084    24.7351    263.414    252.164  302.98106     86.941     83.235     0.1331     0.4505     3.9707     0.6851 1.0000e-12       1089     0.7556  0.000e+00
     15.843   65.69290 -168.46470     16.002     6.7150     6.7164     6.7137    31.5456    31.5527  1024.8095    24.7357    263.256    252.008  302.97806     86.889     83.184     0.1343     0.4579     3.9719     0.6839 1.0000e-12       1090     0.7562  0.000e+00
     15.813   65.69290 -168.46470     15.971     6.7152     6.7164     6.7139    31.5467    31.5534  1024.8101    24.7366    263.258    251.850  302.97427     86.891     83.132     0.1331     0.4505     3.9707     0.6851 1.0000e-12       1091     0.7569  0.000e+00
     15.813   65.69290 -168.46470     15.971     6.7152     6.7165     6.7139    31.5476    31.5544  1024.8108    24.7373    263.068    251.851  302.97226     86.829     83.134     0.1343     0.4579     3.9707     0.6851 1.0000e-12       1092     0.7576  0.000e+00
     15.874   65.69290 -168.46470     16.033     6.7151     6.7164     6.7137    31.5485    31.5555  1024.8119    24.7380    262.879    251.701  302.97124     86.767     83.084     0.1331     0.4505     3.9707     0.6851 1.0000e-12       1093     0.7583  0.000e+00
     15.843   65.69290 -168.46470     16.002     6.7151     6.7162     6.7137    31.5483    31.5561  1024.8116    24.7379    262.854    251.708  302.97171     86.759     83.087     0.1343     0.4579     3.9707     0.6851 1.0000e-12       1094     0.7590  0.000e+00
     15.928   65.69290 -168.46470     16.087     6.7151     6.7159     6.7137    31.5485    31.5565  1024.8121    24.7380    262.665    251.721  302.97129     86.696     83.091     0.1343     0.4579     3.9707     0.6851 1.0000e-12       1095     0.7597  0.000e+00
     15.874   65.69290 -168.46470     16.033     6.7145     6.7153     6.7131    31.5492    31.5578  1024.8125    24.7386    262.474    251.556  302.97356     86.632     83.036     0.1331     0.4505     3.9707     0.6851 1.0000e-12       1096     0.7604  0.000e+00
     15.990   65.69290 -168.46470     16.150     6.7143     6.7148     6.7129    31.5494    31.5585  1024.8132    24.7388    262.453    251.417  302.97484     86.625     82.989     0.1343     0.4579     3.9707     0.6851 8.4714e-06       1097     0.7611  0.000e+00
     15.928   65.69290 -168.46470     16.087     6.7136     6.7135     6.7122    31.5501    31.5599  1024.8135    24.7394    262.455    251.261  302.97802     86.625     82.936     0.1343     0.4579     3.9707     0.6851 1.0000e-12       1098     0.7618  0.000e+00
     15.959   65.69290 -168.46470     16.119     6.7133     6.7127     6.7119    31.5503    31.5605  1024.8139    24.7397    262.265    251.265  302.97955     86.562     82.936     0.1343     0.4579     3.9707     0.6851 1.0000e-12       1099     0.7625  0.000e+00
     15.990   65.69290 -168.46470     16.150     6.7120     6.7115     6.7106    31.5521    31.5620  1024.8156    24.7412    262.271    251.271  302.98481     86.562     82.937     0.1331     0.4505     3.9707     0.6851 8.4714e-06       1100     0.7632  0.000e+00
     15.990   65.69290 -168.46470     16.150     6.7112     6.7104     6.7098    31.5525    31.5623  1024.8160    24.7416    262.081    251.123  302.98963     86.498     82.886     0.1282     0.4212     3.9707     0.6851 8.4714e-06       1101     0.7639  0.000e+00
     16.098   65.69290 -168.46470     16.259     6.7102     6.7097     6.7088    31.5533    31.5630  1024.8173    24.7424    261.868    250.976  302.99448     86.427     82.837     0.1245     0.3993     3.9634     0.6925 1.0000e-12       1102     0.7646  0.000e+00
     16.013   65.69290 -168.46470     16.173     6.7094     6.7089     6.7080    31.5539    31.5636  1024.8175    24.7430    261.840    250.984  302.99872     86.416     82.838     0.1245     0.3993     3.9585     0.6974 1.0000e-12       1103     0.7653  0.000e+00
     16.098   65.69290 -168.46470     16.259     6.7086     6.7084     6.7072    31.5546    31.5640  1024.8185    24.7436    262.037    250.823  303.00288     86.480     82.784     0.1258     0.4066     3.9573     0.6986 8.4714e-06       1104     0.7660  0.000e+00
     16.098   65.69290 -168.46470     16.259     6.7079     6.7075     6.7066    31.5551    31.5646  1024.8190    24.7441    261.705    250.663  303.00629     86.369     82.730     0.1245     0.3993     3.9573     0.6986 1.0000e-12       1105     0.7667  0.000e+00
     16.098   65.69290 -168.46470     16.259     6.7073     6.7069     6.7060    31.5559    31.5655  1024.8197    24.7448    261.704    250.659  303.00878     86.368     82.729     0.1258     0.4066     3.9585     0.6974 1.0000e-12       1106     0.7674  0.000e+00
     16.129   65.69290 -168.46470     16.290     6.7068     6.7065     6.7054    31.5565    31.5661  1024.8204    24.7453    261.510    250.676  303.01106     86.304     82.734     0.1245     0.3993     3.9573     0.6986 1.0000e-12       1107     0.7681  0.000e+00
     16.214   65.69290 -168.46470     16.376     6.7062     6.7062     6.7048    31.5568    31.5667  1024.8211    24.7457    261.319    250.521  303.01489     86.239     82.682     0.1258     0.4066     3.9585     0.6974 1.0000e-12       1108     0.7688  0.000e+00
     16.160   65.69290 -168.46470     16.321     6.7060     6.7058     6.7046    31.5577    31.5668  1024.8216    24.7464    261.313    250.365  303.01399     86.238     82.630     0.1245     0.3993     3.9585     0.6974 1.0000e-12       1109     0.7694  0.000e+00
     16.275   65.69290 -168.46470     16.438     6.7057     6.7059     6.7043    31.5582    31.5670  1024.8226    24.7468    261.121    250.371  303.01494     86.174     82.632     0.1258     0.4066     3.9585     0.6974 1.0000e-12       1110     0.7701  0.000e+00
     16.244   65.69290 -168.46470     16.407     6.7054     6.7058     6.7040    31.5590    31.5674  1024.8231    24.7475    261.119    250.218  303.01565     86.173     82.582     0.1258     0.4066     3.9573     0.6986 8.4714e-06       1111     0.7708  0.000e+00
     16.275   65.69290 -168.46470     16.438     6.7052     6.7057     6.7038    31.5595    31.5681  1024.8236    24.7479    260.925    250.225  303.01567     86.109     82.585     0.1245     0.3993     3.9585     0.6974 1.0000e-12       1112     0.7715  0.000e+00
     16.275   65.69290 -168.46470     16.438     6.7049     6.7057     6.7035    31.5600    31.5688  1024.8241    24.7484    260.731    250.077  303.01650     86.045     82.536     0.1258     0.4066     3.9585     0.6974 1.0000e-12       1113     0.7722  0.000e+00
     16.329   65.69290 -168.46470     16.492     6.7048     6.7056     6.7034    31.5603    31.5688  1024.8246    24.7487    260.707    250.091  303.01689     86.037     82.540     0.1245     0.3993     3.9585     0.6974 1.0000e-12       1114     0.7729  0.000e+00
     16.329   65.69290 -168.46470     16.492     6.7046     6.7053     6.7032    31.5610    31.5691  1024.8252    24.7492    260.515    249.930  303.01646     85.974     82.487     0.1258     0.4066     3.9573     0.6986 1.0000e-12       1115     0.7736  0.000e+00
     16.352   65.69290 -168.46470     16.516     6.7043     6.7052     6.7029    31.5615    31.5698  1024.8257    24.7496    260.492    249.771  303.01756     85.966     82.435     0.1245     0.3993     3.9573     0.6986 1.0000e-12       1116     0.7743  0.000e+00
     16.445   65.69290 -168.46470     16.609     6.7041     6.7044     6.7027    31.5616    31.5707  1024.8262    24.7497    260.279    249.777  303.01866     85.895     82.436     0.1245     0.3993     3.9585     0.6974 1.0000e-12       1117     0.7750  0.000e+00
     16.391   65.69290 -168.46470     16.555     6.7036     6.7039     6.7022    31.5621    31.5712  1024.8264    24.7502    260.284    249.605  303.02110     85.896     82.378     0.1245     0.3993     3.9573     0.6986 1.0000e-12       1118     0.7757  0.000e+00
     16.499   65.69290 -168.46470     16.664     6.7034     6.7037     6.7020    31.5624    31.5714  1024.8272    24.7504    260.100    249.613  303.02154     85.836     82.381     0.1245     0.3993     3.9573     0.6986 1.0000e-12       1119     0.7764  0.000e+00
     16.468   65.69290 -168.46470     16.633     6.7030     6.7031     6.7016    31.5632    31.5723  1024.8278    24.7511    260.080    249.445  303.02283     85.829     82.324     0.1258     0.4066     3.9585     0.6974 1.0000e-12       1120     0.7771  0.000e+00
     16.499   65.69290 -168.46470     16.664     6.7023     6.7026     6.7009    31.5640    31.5730  1024.8286    24.7518    259.734    249.281  303.02569     85.713     82.270     0.1245     0.3993     3.9573     0.6986 1.0000e-12       1121     0.7778  0.000e+00
     16.561   65.69290 -168.46470     16.726     6.7018     6.7022     6.7004    31.5647    31.5736  1024.8295    24.7524    259.916    249.276  303.02774     85.773     82.268     0.1258     0.4066     3.9548     0.7011 1.0000e-12       1122     0.7785  0.000e+00
     16.561   65.69290 -168.46470     16.726     6.7014     6.7015     6.7000    31.5658    31.5745  1024.8304    24.7534    259.737    249.272  303.02848     85.714     82.266     0.1245     0.3993     3.9512     0.7048 1.0000e-12       1123     0.7792  0.000e+00
     16.584   65.69290 -168.46470     16.749     6.7006     6.7010     6.6992    31.5673    31.5758  1024.8318    24.7546    259.535    249.111  303.03040     85.646     82.212     0.1258     0.4066     3.9512     0.7048 1.0000e-12       1124     0.7799  0.000e+00
     16.615   65.69290 -168.46470     16.781     6.7004     6.7006     6.6990    31.5678    31.5764  1024.8324    24.7551    259.333    249.110  303.03059     85.580     82.212     0.1245     0.3993     3.9512     0.7048 1.0000e-12       1125     0.7806  0.000e+00
     16.676   65.69290 -168.46470     16.843     6.6998     6.7002     6.6983    31.5695    31.5776  1024.8341    24.7565    259.495    248.953  303.03139     85.633     82.160     0.1233     0.3919     3.9512     0.7048 8.4714e-06       1126     0.7813  0.000e+00
     16.676   65.69290 -168.46470     16.843     6.6996     6.7001     6.6982    31.5715    31.5792  1024.8357    24.7581    259.319    248.950  303.02804     85.576     82.160     0.1221     0.3846     3.9512     0.7048 1.0000e-12       1127     0.7819  0.000e+00
     16.699   65.69290 -168.46470     16.866     6.6995     6.7002     6.6980    31.5735    31.5808  1024.8374    24.7597    259.118    248.791  303.02454     85.511     82.108     0.1197     0.3699     3.9512     0.7048 1.0000e-12       1128     0.7826  0.000e+00
     16.792   65.69290 -168.46470     16.960     6.6993     6.7002     6.6978    31.5754    31.5824  1024.8394    24.7612    259.115    248.618  303.02178     85.510     82.052     0.1209     0.3773     3.9512     0.7048 8.4714e-06       1129     0.7833  0.000e+00
     16.792   65.69290 -168.46470     16.960     6.6991     6.7002     6.6977    31.5768    31.5837  1024.8405    24.7623    258.946    248.620  303.01977     85.455     82.054     0.1197     0.3699     3.9512     0.7048 1.0000e-12       1130     0.7840  0.000e+00
     16.792   65.69290 -168.46470     16.960     6.6991     6.7003     6.6977    31.5779    31.5848  1024.8413    24.7632    258.752    248.467  303.01734     85.392     82.004     0.1209     0.3773     3.9512     0.7048 1.0000e-12       1131     0.7847  0.000e+00
     16.815   65.69290 -168.46470     16.983     6.6990     6.7001     6.6975    31.5793    31.5865  1024.8426    24.7643    258.728    248.475  303.01518     85.385     82.007     0.1197     0.3699     3.9512     0.7048 1.0000e-12       1132     0.7854  0.000e+00
     16.846   65.69290 -168.46470     17.014     6.6988     6.6999     6.6974    31.5795    31.5870  1024.8429    24.7645    258.735    248.312  303.01538     85.387     81.953     0.1197     0.3699     3.9512     0.7048 1.0000e-12       1133     0.7861  0.000e+00
     16.962   65.69290 -168.46470     17.131     6.6988     6.6996     6.6973    31.5803    31.5880  1024.8440    24.7651    258.551    248.328  303.01407     85.326     81.959     0.1197     0.3699     3.9512     0.7048 8.4714e-06       1134     0.7868  0.000e+00
     16.900   65.69290 -168.46470     17.069     6.6983     6.6988     6.6968    31.5815    31.5895  1024.8448    24.7661    258.366    248.167  303.01491     85.265     81.905     0.1209     0.3773     3.9512     0.7048 1.0000e-12       1135     0.7875  0.000e+00
     16.931   65.69290 -168.46470     17.100     6.6980     6.6984     6.6965    31.5821    31.5904  1024.8454    24.7667    258.352    248.010  303.01568     85.260     81.853     0.1209     0.3773     3.9512     0.7048 1.0000e-12       1136     0.7882  0.000e+00
     17.016   65.69290 -168.46470     17.186     6.6972     6.6973     6.6957    31.5833    31.5918  1024.8469    24.7677    258.178    248.018  303.01867     85.202     81.854     0.1209     0.3773     3.9512     0.7048 8.4714e-06       1137     0.7889  0.000e+00
     17.016   65.69290 -168.46470     17.186     6.6967     6.6965     6.6953    31.5839    31.5931  1024.8474    24.7682    258.197    248.041  303.02058     85.208     81.861     0.1209     0.3773     3.9512     0.7048 1.0000e-12       1138     0.7896  0.000e+00
     17.016   65.69290 -168.46470     17.186     6.6957     6.6959     6.6943    31.5856    31.5945  1024.8489    24.7697    258.026    247.889  303.02381     85.150     81.811     0.1197     0.3699     3.9512     0.7048 1.0000e-12       1139     0.7903  0.000e+00
     17.101   65.69290 -168.46470     17.271     6.6951     6.6946     6.6937    31.5874    31.5967  1024.8508    24.7712    258.051    247.727  303.02396     85.159     81.756     0.1209     0.3773     3.9512     0.7048 8.4714e-06       1140     0.7910  0.000e+00
     17.077   65.69290 -168.46470     17.248     6.6942     6.6932     6.6927    31.5882    31.5984  1024.8514    24.7720    257.886    247.739  303.02884     85.103     81.759     0.1197     0.3699     3.9512     0.7048 1.0000e-12       1141     0.7917  0.000e+00
     17.131   65.69290 -168.46470     17.303     6.6928     6.6913     6.6913    31.5891    31.6001  1024.8526    24.7729    257.702    247.585  303.03638     85.040     81.705     0.1209     0.3773     3.9499     0.7061 1.0000e-12       1142     0.7924  0.000e+00
     17.131   65.69290 -168.46470     17.303     6.6908     6.6881     6.6893    31.5901    31.6021  1024.8536    24.7739    257.716    247.437  303.04837     85.041     81.652     0.1221     0.3846     3.9499     0.7061 8.4714e-06       1143     0.7931  0.000e+00
     17.216   65.69290 -168.46470     17.388     6.6883     6.6844     6.6869    31.5906    31.6043  1024.8547    24.7746    257.739    247.298  303.06428     85.044     81.600     0.1197     0.3699     3.9499     0.7061 1.0000e-12       1144     0.7937  0.000e+00
     17.193   65.69290 -168.46470     17.365     6.6855     6.6808     6.6840    31.5913    31.6060  1024.8555    24.7755    257.762    247.317  303.08275     85.047     81.600     0.1209     0.3773     3.9499     0.7061 1.0000e-12       1145     0.7944  0.000e+00
     17.247   65.69290 -168.46470     17.419     6.6825     6.6775     6.6811    31.5925    31.6068  1024.8571    24.7768    257.428    247.164  303.10063     84.932     81.544     0.1197     0.3699     3.9487     0.7073 8.4714e-06       1146     0.7951  0.000e+00
     17.301   65.69290 -168.46470     17.474     6.6798     6.6745     6.6783    31.5933    31.6078  1024.8583    24.7778    257.457    247.169  303.11784     84.936     81.541     0.1209     0.3773     3.9487     0.7073 1.0000e-12       1147     0.7958  0.000e+00
