EcoFOCI/data/1_SampleCollection/2023_SikuliaqDBO_CruiseData/CTD_raw_BottleFile_SKQ23-12S/proc/skq202312s_074.ros
* Sea-Bird SBE 9 Data File:
* FileName = D:\CTD\SKQ202312S\SKQ202312S_074.hex
* Software Version Seasave V 7.26.7.121
* Temperature SN = 6177
* Conductivity SN = 0369
* Number of Bytes Per Scan = 41
* Number of Voltage Words = 4
* Number of Scans Averaged by the Deck Unit = 1
* NMEA Latitude = 68 11.23 N
* NMEA Longitude = 167 17.73 W
* NMEA UTC (Time) = Oct 02 2023  03:41:14
* NMEA baud rate = 4800
** Ship: R/V Sikuliaq
** Station Number: 074
** Station Name: DBO3.3
** Bottom Depth: 47
** Operator: SD
# nquan = 22
# nvalues = 784                                   
# units = specified
# name 0 = depSM: Depth [salt water, m]
# name 1 = latitude: Latitude [deg]
# name 2 = longitude: Longitude [deg]
# name 3 = prDM: Pressure, Digiquartz [db]
# name 4 = t090C: Temperature [ITS-90, deg C]
# name 5 = t190C: Temperature, 2 [ITS-90, deg C]
# name 6 = potemp090C: Potential Temperature [ITS-90, deg C]
# name 7 = sal00: Salinity, Practical [PSU]
# name 8 = sal11: Salinity, Practical, 2 [PSU]
# name 9 = density00: Density [density, kg/m^3]
# name 10 = sigma-é00: Density [sigma-theta, kg/m^3]
# name 11 = sbox0Mm/Kg: Oxygen, SBE 43 [umol/kg]
# name 12 = sbox1Mm/Kg: Oxygen, SBE 43, 2 [umol/kg]
# name 13 = oxsolMm/Kg: Oxygen Saturation, Garcia & Gordon [umol/kg]
# name 14 = sbeox0PS: Oxygen, SBE 43 [% saturation]
# name 15 = v0: Voltage 0
# name 16 = flECO-AFL: Fluorescence, WET Labs ECO-AFL/FL [mg/m^3]
# name 17 = CStarAt0: Beam Attenuation, WET Labs C-Star [1/m]
# name 18 = par: PAR/Irradiance, Biospherical/Licor
# name 19 = scan: Scan Count
# name 20 = nbf: Bottles Fired
# name 21 = flag:  0.000e+00
# interval = seconds: 0.0416667
# start_time = Oct 02 2023 03:44:53 [NMEA time, first data scan]
# bad_flag = -9.990e-29
*END*
[from data line 396]
     20.790   68.18692 -167.29566     21.001     5.3209     5.2795     5.3193    31.7135    31.7419  1025.1329    25.0354    269.220    256.525  312.62654     86.116     0.0769     0.1135     0.8458 2.0501e-01      12364          9  0.000e+00
     20.736   68.18692 -167.29566     20.947     5.3207     5.2777     5.3192    31.7115    31.7444  1025.1311    25.0339    269.288    256.565  312.63237     86.136     0.0781     0.1209     0.8458 2.0501e-01      12365          9  0.000e+00
     20.759   68.18692 -167.29566     20.970     5.3175     5.2787     5.3160    31.7124    31.7432  1025.1322    25.0349    269.406    256.781  312.65403     86.167     0.0781     0.1209     0.8458 2.0139e-01      12366          9  0.000e+00
     20.790   68.18692 -167.29566     21.001     5.3135     5.2753     5.3120    31.7152    31.7457  1025.1351    25.0376    269.467    256.839  312.67678     86.181     0.0781     0.1209     0.8470 1.9870e-01      12367          9  0.000e+00
     20.759   68.18692 -167.29566     20.970     5.3098     5.2710     5.3083    31.7184    31.7507  1025.1379    25.0406    269.523    256.919  312.69687     86.193     0.0769     0.1135     0.8458 1.9870e-01      12368          9  0.000e+00
     20.790   68.18692 -167.29566     21.001     5.3064     5.2937     5.3049    31.7210    31.7350  1025.1404    25.0429    269.782    256.659  312.71623     86.271     0.0781     0.1209     0.8458 2.0139e-01      12369          9  0.000e+00
     20.736   68.18692 -167.29566     20.947     5.3042     5.3284     5.3026    31.7245    31.7131  1025.1432    25.0460    269.823    256.493  312.72432     86.282     0.0781     0.1209     0.8470 2.0501e-01      12370          9  0.000e+00
     20.759   68.18692 -167.29566     20.970     5.3056     5.3464     5.3041    31.7251    31.7047  1025.1436    25.0463    269.876    256.237  312.71227     86.302     0.0781     0.1209     0.8458 2.0501e-01      12371          9  0.000e+00
     20.736   68.18692 -167.29566     20.947     5.3101     5.3435     5.3085    31.7225    31.7105  1025.1410    25.0438    269.910    256.420  312.68550     86.320     0.0781     0.1209     0.8445 2.0501e-01      12372          9  0.000e+00
     20.736   68.18692 -167.29566     20.947     5.3134     5.3442     5.3118    31.7198    31.7127  1025.1384    25.0412    269.952    256.262  312.66743     86.338     0.0781     0.1209     0.8458 2.0501e-01      12373          9  0.000e+00
     20.697   68.18692 -167.29566     20.908     5.3158     5.3374     5.3143    31.7160    31.7220  1025.1350    25.0380    270.000    256.488  312.65826     86.356     0.0781     0.1209     0.8458 2.0501e-01      12374          9  0.000e+00
     20.790   68.18692 -167.29566     21.001     5.3196     5.3286     5.3180    31.7136    31.7316  1025.1331    25.0356    269.806    256.551  312.63601     86.300     0.0781     0.1209     0.8458 2.0775e-01      12375          9  0.000e+00
     20.674   68.18692 -167.29566     20.884     5.3220     5.3262     5.3205    31.7112    31.7354  1025.1304    25.0335    269.987    256.576  312.62345     86.362     0.0781     0.1209     0.8458 2.1330e-01      12376          9  0.000e+00
     20.697   68.18692 -167.29566     20.908     5.3207     5.3292     5.3192    31.7101    31.7344  1025.1298    25.0328    269.821    256.581  312.63554     86.305     0.0781     0.1209     0.8458 2.1517e-01      12377          9  0.000e+00
     20.736   68.18692 -167.29566     20.947     5.3180     5.3365     5.3164    31.7101    31.7286  1025.1303    25.0331    270.037    256.569  312.65578     86.369     0.0781     0.1209     0.8458 2.1144e-01      12378          9  0.000e+00
     20.697   68.18692 -167.29566     20.908     5.3145     5.3479     5.3130    31.7124    31.7182  1025.1323    25.0353    270.075    256.537  312.67613     86.375     0.0781     0.1209     0.8458 1.9427e-01      12379          9  0.000e+00
     20.674   68.18692 -167.29566     20.884     5.3117     5.3501     5.3101    31.7150    31.7141  1025.1345    25.0376    270.107    256.557  312.69113     86.381     0.0781     0.1209     0.8458 1.8818e-01      12380          9  0.000e+00
     20.674   68.18692 -167.29566     20.884     5.3092     5.3393     5.3077    31.7177    31.7194  1025.1370    25.0400    270.336    256.647  312.70321     86.451     0.0781     0.1209     0.8445 1.8818e-01      12381          9  0.000e+00
     20.643   68.18692 -167.29566     20.853     5.3075     5.3289     5.3060    31.7197    31.7241  1025.1386    25.0418    270.182    256.717  312.71114     86.400     0.0781     0.1209     0.8458 1.9252e-01      12382          9  0.000e+00
     20.674   68.18692 -167.29566     20.884     5.3061     5.3273     5.3046    31.7209    31.7235  1025.1398    25.0429    270.200    256.761  312.71869     86.403     0.0781     0.1209     0.8458 1.9427e-01      12383          9  0.000e+00
     20.620   68.18692 -167.29566     20.830     5.3045     5.3524     5.3030    31.7228    31.7047  1025.1413    25.0446    270.211    256.660  312.72615     86.405     0.0781     0.1209     0.8458 1.9427e-01      12384          9  0.000e+00
     20.643   68.18692 -167.29566     20.853     5.3023     5.3697     5.3007    31.7261    31.6947  1025.1442    25.0474    270.225    256.579  312.73495     86.407     0.0769     0.1135     0.8458 2.0501e-01      12385          9  0.000e+00
     20.620   68.18692 -167.29566     20.830     5.3027     5.3741     5.3012    31.7266    31.6931  1025.1445    25.0478    270.221    256.567  312.73027     86.407     0.0781     0.1209     0.8458 2.1144e-01      12386          9  0.000e+00
     20.620   68.18692 -167.29566     20.830     5.3053     5.3659     5.3037    31.7252    31.6994  1025.1431    25.0465    270.205    256.444  312.71471     86.406     0.0769     0.1135     0.8458 2.1237e-01      12387          9  0.000e+00
     20.581   68.18692 -167.29566     20.791     5.3082     5.3482     5.3067    31.7248    31.7107  1025.1423    25.0458    270.179    256.719  312.69383     86.404     0.0781     0.1209     0.8445 2.0592e-01      12388          9  0.000e+00
     20.620   68.18692 -167.29566     20.830     5.3132     5.3269     5.3117    31.7254    31.7230  1025.1423    25.0457    270.137    256.676  312.65552     86.401     0.0781     0.1209     0.8458 2.0229e-01      12389          9  0.000e+00
     20.620   68.18692 -167.29566     20.830     5.3191     5.3188     5.3176    31.7276    31.7262  1025.1434    25.0468    270.082    256.725  312.60681     86.397     0.0781     0.1209     0.8458 2.0139e-01      12390          9  0.000e+00
     20.527   68.18692 -167.29566     20.736     5.3284     5.3435     5.3269    31.7265    31.7121  1025.1411    25.0449    269.972    256.586  312.54050     86.380     0.0769     0.1135     0.8445 2.0049e-01      12391          9  0.000e+00
     20.558   68.18692 -167.29566     20.767     5.3395     5.3909     5.3379    31.7248    31.6890  1025.1386    25.0423    269.882    256.318  312.46249     86.373     0.0781     0.1209     0.8445 1.9960e-01      12392          9  0.000e+00
     20.527   68.18692 -167.29566     20.736     5.3511     5.4131     5.3496    31.7198    31.6865  1025.1332    25.0370    269.790    256.160  312.38819     86.364     0.0781     0.1209     0.8432 1.9960e-01      12393          9  0.000e+00
     20.558   68.18692 -167.29566     20.767     5.3616     5.4089     5.3601    31.7134    31.6959  1025.1271    25.0308    269.911    256.338  312.32533     86.420     0.0781     0.1209     0.8432 1.9692e-01      12394          9  0.000e+00
     20.504   68.18692 -167.29566     20.713     5.3710     5.3874     5.3695    31.7074    31.7079  1025.1210    25.0250    269.658    256.301  312.26997     86.354     0.0781     0.1209     0.8432 1.9252e-01      12395          9  0.000e+00
     20.527   68.18692 -167.29566     20.736     5.3785     5.3565     5.3769    31.7037    31.7237  1025.1174    25.0212    269.587    256.486  312.22329     86.344     0.0781     0.1209     0.8432 1.9165e-01      12396          9  0.000e+00
     20.504   68.18692 -167.29566     20.713     5.3858     5.3404     5.3843    31.6979    31.7272  1025.1119    25.0158    269.517    256.576  312.18270     86.333     0.0781     0.1209     0.8432 1.9078e-01      12397          9  0.000e+00
     20.450   68.18692 -167.29566     20.658     5.3923     5.3361     5.3908    31.6921    31.7242  1025.1062    25.0104    269.650    256.781  312.14797     86.385     0.0781     0.1209     0.8432 1.9078e-01      12398          9  0.000e+00
     20.466   68.18692 -167.29566     20.674     5.3971     5.3316     5.3956    31.6879    31.7244  1025.1025    25.0066    269.620    256.821  312.12215     86.383     0.0781     0.1209     0.8445 1.8991e-01      12399          9  0.000e+00
     20.450   68.18692 -167.29566     20.658     5.3998     5.3357     5.3983    31.6852    31.7175  1025.1000    25.0042    269.396    256.816  312.10877     86.315     0.0781     0.1209     0.8445 1.9340e-01      12400          9  0.000e+00
     20.450   68.18692 -167.29566     20.658     5.4016     5.3418     5.4000    31.6832    31.7108  1025.0982    25.0024    269.548    256.797  312.10048     86.366     0.0781     0.1209     0.8432 2.0229e-01      12401          9  0.000e+00
     20.412   68.18692 -167.29566     20.619     5.4033     5.3463     5.4018    31.6817    31.7071  1025.0966    25.0010    269.553    256.782  312.09100     86.370     0.0781     0.1209     0.8432 2.0592e-01      12402          9  0.000e+00
     20.389   68.18692 -167.29566     20.596     5.4045     5.3547     5.4029    31.6807    31.7031  1025.0956    25.0001    269.560    256.743  312.08491     86.374     0.0781     0.1209     0.8432 2.0501e-01      12403          9  0.000e+00
     20.389   68.18692 -167.29566     20.596     5.4054     5.3643     5.4038    31.6792    31.7010  1025.0943    24.9988    269.537    256.672  312.08162     86.367     0.0781     0.1209     0.8432 1.9604e-01      12404          9  0.000e+00
     20.412   68.18692 -167.29566     20.619     5.4046     5.3799     5.4031    31.6784    31.6954  1025.0939    24.9983    269.552    256.769  312.08912     86.370     0.0781     0.1209     0.8432 1.9252e-01      12405          9  0.000e+00
     20.389   68.18692 -167.29566     20.596     5.4022     5.3955     5.4007    31.6799    31.6900  1025.0952    24.9997    269.570    256.702  312.10325     86.372     0.0781     0.1209     0.8432 1.9252e-01      12406          9  0.000e+00
     20.358   68.18692 -167.29566     20.565     5.4013     5.4039     5.3997    31.6819    31.6886  1025.0968    25.0014    269.574    256.654  312.10572     86.373     0.0781     0.1209     0.8432 1.9870e-01      12407          9  0.000e+00
     20.389   68.18692 -167.29566     20.596     5.4024     5.4097     5.4009    31.6831    31.6864  1025.0977    25.0022    269.565    256.624  312.09463     86.373     0.0769     0.1135     0.8432 2.0139e-01      12408          9  0.000e+00
     13.119   68.18698 -167.29562     13.252     5.7584     5.7592     5.7574    31.4864    31.4983  1024.8672    24.8059    261.969    251.898  309.93855     84.523     0.0830     0.1502     0.7999 6.8609e-01      15844         10  0.000e+00
     13.142   68.18698 -167.29562     13.275     5.7583     5.7588     5.7573    31.4865    31.4984  1024.8674    24.8059    261.921    251.865  309.93945     84.507     0.0830     0.1502     0.7986 6.8383e-01      15845         10  0.000e+00
     13.173   68.18698 -167.29562     13.306     5.7581     5.7584     5.7571    31.4865    31.4985  1024.8676    24.8059    261.875    252.008  309.94062     84.492     0.0830     0.1502     0.7986 6.8158e-01      15846         10  0.000e+00
     13.234   68.18698 -167.29562     13.369     5.7578     5.7581     5.7568    31.4869    31.4988  1024.8682    24.8063    261.859    251.985  309.94183     84.486     0.0830     0.1502     0.7986 6.8158e-01      15847         10  0.000e+00
     13.173   68.18698 -167.29562     13.306     5.7574     5.7583     5.7563    31.4872    31.4988  1024.8682    24.8066    261.842    251.968  309.94466     84.480     0.0830     0.1502     0.8024 6.7933e-01      15848         10  0.000e+00
     13.234   68.18698 -167.29562     13.369     5.7575     5.7577     5.7564    31.4872    31.4992  1024.8685    24.8066    261.995    251.955  309.94376     84.530     0.0818     0.1428     0.8050 6.7263e-01      15849         10  0.000e+00
     13.258   68.18698 -167.29562     13.392     5.7572     5.7576     5.7561    31.4876    31.4992  1024.8690    24.8070    261.779    251.935  309.94511     84.460     0.0830     0.1502     0.8063 6.7041e-01      15850         10  0.000e+00
     13.234   68.18698 -167.29562     13.369     5.7568     5.7575     5.7558    31.4875    31.4992  1024.8688    24.8069    261.763    251.747  309.94771     84.454     0.0818     0.1428     0.8063 6.6819e-01      15851         10  0.000e+00
     13.288   68.18698 -167.29562     13.423     5.7568     5.7573     5.7558    31.4873    31.4992  1024.8689    24.8067    261.749    251.721  309.94820     84.449     0.0830     0.1502     0.8063 6.5939e-01      15852         10  0.000e+00
     13.234   68.18698 -167.29562     13.369     5.7565     5.7571     5.7555    31.4876    31.4993  1024.8689    24.8070    261.932    251.688  309.94964     84.508     0.0830     0.1502     0.8063 6.5503e-01      15853         10  0.000e+00
     13.288   68.18698 -167.29562     13.423     5.7567     5.7573     5.7557    31.4875    31.4993  1024.8690    24.8069    261.747    251.653  309.94882     84.448     0.0830     0.1502     0.8063 6.5503e-01      15854         10  0.000e+00
     13.258   68.18698 -167.29562     13.392     5.7562     5.7571     5.7552    31.4878    31.4997  1024.8693    24.8072    261.704    251.594  309.95133     84.434     0.0830     0.1502     0.8063 6.4853e-01      15855         10  0.000e+00
     13.288   68.18698 -167.29562     13.423     5.7564     5.7573     5.7554    31.4875    31.4992  1024.8691    24.8070    261.691    251.373  309.95092     84.430     0.0830     0.1502     0.8063 6.4423e-01      15856         10  0.000e+00
     13.350   68.18698 -167.29562     13.486     5.7559     5.7577     5.7548    31.4881    31.4987  1024.8700    24.8075    261.881    251.310  309.95327     84.490     0.0830     0.1502     0.8063 6.4209e-01      15857         10  0.000e+00
     13.288   68.18698 -167.29564     13.423     5.7561     5.7574     5.7550    31.4882    31.4990  1024.8697    24.8075    261.694    251.243  309.95172     84.431     0.0830     0.1502     0.8050 6.2727e-01      15858         10  0.000e+00
     13.350   68.18698 -167.29564     13.486     5.7557     5.7571     5.7547    31.4880    31.4993  1024.8698    24.8074    261.687    251.179  309.95476     84.427     0.0830     0.1502     0.8063 6.1893e-01      15859         10  0.000e+00
     13.319   68.18698 -167.29564     13.454     5.7553     5.7573     5.7542    31.4885    31.4988  1024.8701    24.8078    261.677    251.107  309.95701     84.424     0.0830     0.1502     0.8050 6.1893e-01      15860         10  0.000e+00
     13.350   68.18698 -167.29564     13.486     5.7551     5.7571     5.7541    31.4886    31.4994  1024.8704    24.8079    261.670    251.055  309.95792     84.421     0.0830     0.1502     0.8063 6.2100e-01      15861         10  0.000e+00
     13.350   68.18698 -167.29564     13.486     5.7547     5.7571     5.7537    31.4885    31.4991  1024.8704    24.8080    261.465    250.821  309.96055     84.354     0.0830     0.1502     0.8063 6.2309e-01      15862         10  0.000e+00
