EcoFOCI/data/1_SampleCollection/2023_SikuliaqDBO_CruiseData/CTD_raw_BottleFile_SKQ23-12S/proc/skq202312s_072.cnv
* Sea-Bird SBE 9 Data File:
* FileName = D:\CTD\SKQ202312S\SKQ202312S_072.hex
* Software Version Seasave V 7.26.7.121
* Temperature SN = 6177
* Conductivity SN = 0369
* Number of Bytes Per Scan = 41
* Number of Voltage Words = 4
* Number of Scans Averaged by the Deck Unit = 1
* NMEA Latitude = 68 00.76 N
* NMEA Longitude = 167 52.45 W
* NMEA UTC (Time) = Oct 01 2023  18:46:53
* NMEA baud rate = 4800
** Ship: R/V Sikuliaq
** Station Number: 072
** Station Name: DBO3.5
** Bottom Depth: 52
** Operator: SD
# nquan = 24
# nvalues = 7252                                  
# units = specified
# name 0 = depSM: Depth [salt water, m]
# name 1 = latitude: Latitude [deg]
# name 2 = longitude: Longitude [deg]
# name 3 = prDM: Pressure, Digiquartz [db]
# name 4 = t090C: Temperature [ITS-90, deg C]
# name 5 = t190C: Temperature, 2 [ITS-90, deg C]
# name 6 = potemp090C: Potential Temperature [ITS-90, deg C]
# name 7 = sal00: Salinity, Practical [PSU]
# name 8 = sal11: Salinity, Practical, 2 [PSU]
# name 9 = density00: Density [density, kg/m^3]
# name 10 = sigma-é00: Density [sigma-theta, kg/m^3]
# name 11 = sbox0Mm/Kg: Oxygen, SBE 43 [umol/kg]
# name 12 = sbox1Mm/Kg: Oxygen, SBE 43, 2 [umol/kg]
# name 13 = oxsolMm/Kg: Oxygen Saturation, Garcia & Gordon [umol/kg]
# name 14 = sbeox0PS: Oxygen, SBE 43 [% saturation]
# name 15 = sbeox1PS: Oxygen, SBE 43, 2 [% saturation]
# name 16 = v0: Voltage 0
# name 17 = flECO-AFL: Fluorescence, WET Labs ECO-AFL/FL [mg/m^3]
# name 18 = v1: Voltage 1
# name 19 = CStarAt0: Beam Attenuation, WET Labs C-Star [1/m]
# name 20 = par: PAR/Irradiance, Biospherical/Licor
# name 21 = scan: Scan Count
# name 22 = timeM: Time, Elapsed [minutes]
# name 23 = flag:  0.000e+00
# span 0 =      2.833,     47.830                 
# span 1 =   68.01172,   68.01234                 
# span 2 = -167.87380, -167.87292                 
# span 3 =      2.862,     48.319                 
# span 4 =     2.7499,     5.4276                 
# span 5 =     2.7158,     5.4304                 
# span 6 =     2.7486,     5.4263                 
# span 7 =    29.1809,    32.3130                 
# span 8 =    29.1907,    32.3236                 
# span 9 =  1023.1124,  1025.9651                 
# span 10 =    23.0953,    25.7383                
# span 11 =    233.439,    307.451                
# span 12 =    218.157,    294.815                
# span 13 =  314.30048,  332.97861                
# span 14 =     70.880,     95.102                
# span 15 =     66.257,     91.158                
# span 16 =     0.0781,     0.4615                
# span 17 =     0.1209,     2.4212                
# span 18 =     2.8400,     4.1868                
# span 19 =     0.4730,     2.0260                
# span 20 = 1.0000e-12, 6.5605e+01                
# span 21 =          1,       7252                
# span 22 =     0.0000,     5.0354                
# span 23 = 0.0000e+00, 0.0000e+00                
# interval = seconds: 0.0416667
# start_time = Oct 01 2023 18:50:54 [NMEA time, first data scan]
# bad_flag = -9.990e-29
*END*
[from data line 1872]
     16.627   68.01214 -167.87362     16.796     5.3522     5.3411     5.3510    30.5682    30.5740  1024.2040    24.1259    290.542    279.156  315.06926     92.215     88.582     0.1465     0.5311     4.1612     0.4976 2.9578e+00       1873     1.3000  0.000e+00
     16.565   68.01214 -167.87362     16.733     5.3533     5.3423     5.3521    30.5769    30.5740  1024.2104    24.1327    290.498    279.117  315.04076     92.210     88.572     0.1477     0.5384     4.1612     0.4976 2.9578e+00       1874     1.3007  0.000e+00
     16.565   68.01214 -167.87362     16.733     5.3551     5.3391     5.3539    30.5834    30.5739  1024.2154    24.1376    290.491    279.115  315.01228     92.216     88.565     0.1490     0.5458     4.1612     0.4976 2.9578e+00       1875     1.3014  0.000e+00
     16.588   68.01214 -167.87362     16.757     5.3575     5.3367     5.3563    30.5918    30.5729  1024.2219    24.1440    290.482    279.114  314.97416     92.224     88.558     0.1477     0.5384     4.1612     0.4976 2.9665e+00       1876     1.3021  0.000e+00
     16.565   68.01214 -167.87362     16.733     5.3621     5.3349     5.3609    30.6045    30.5737  1024.2313    24.1535    290.422    279.124  314.91054     92.224     88.559     0.1490     0.5458     4.1587     0.5000 2.9665e+00       1877     1.3028  0.000e+00
     16.565   68.01214 -167.87362     16.733     5.3675     5.3330     5.3663    30.6092    30.5732  1024.2345    24.1567    290.377    279.142  314.85894     92.225     88.560     0.1526     0.5678     4.1575     0.5011 2.9665e+00       1878     1.3035  0.000e+00
     16.565   68.01214 -167.87362     16.733     5.3715     5.3279     5.3703    30.5834    30.5691  1024.2136    24.1358    290.415    279.194  314.88982     92.228     88.563     0.1575     0.5971     4.1563     0.5023 2.9752e+00       1879     1.3042  0.000e+00
     16.534   68.01214 -167.87362     16.702     5.3681     5.3234     5.3669    30.5439    30.5669  1024.1826    24.1049    290.339    279.240  315.00751     92.169     88.567     0.1563     0.5897     4.1575     0.5011 2.9752e+00       1880     1.3049  0.000e+00
     16.511   68.01214 -167.87362     16.679     5.3589     5.3275     5.3577    30.5239    30.5715  1024.1677    24.0901    290.415    279.233  315.12344     92.159     88.576     0.1575     0.5971     4.1575     0.5011 2.9839e+00       1881     1.3056  0.000e+00
     16.565   68.01214 -167.87362     16.733     5.3484     5.3371     5.3472    30.5143    30.5803  1024.1615    24.0837    290.517    279.183  315.22430     92.162     88.586     0.1563     0.5897     4.1575     0.5011 2.9839e+00       1882     1.3062  0.000e+00
     16.588   68.01214 -167.87362     16.757     5.3381     5.3429     5.3369    30.5185    30.5876  1024.1661    24.0882    290.389    279.148  315.29112     92.102     88.592     0.1575     0.5971     4.1575     0.5011 2.9839e+00       1883     1.3069  0.000e+00
     16.511   68.01214 -167.87362     16.679     5.3307     5.3491     5.3295    30.5353    30.5937  1024.1797    24.1022    290.390    279.111  315.30750     92.097     88.598     0.1563     0.5897     4.1575     0.5011 2.9926e+00       1884     1.3076  0.000e+00
     16.511   68.01214 -167.87362     16.679     5.3293     5.3626     5.3281    30.5611    30.6008  1024.2003    24.1228    290.335    278.843  315.25736     92.095     88.545     0.1563     0.5897     4.1563     0.5023 3.0102e+00       1885     1.3083  0.000e+00
     16.565   68.01214 -167.87362     16.733     5.3328     5.3654     5.3316    30.5842    30.6046  1024.2185    24.1407    290.227    278.829  315.17712     92.084     88.549     0.1575     0.5971     4.1575     0.5011 3.0102e+00       1886     1.3090  0.000e+00
     16.534   68.01214 -167.87362     16.702     5.3396     5.3588     5.3384    30.5933    30.5990  1024.2248    24.1472    289.923    278.903  315.10482     92.009     88.555     0.1563     0.5897     4.1575     0.5011 3.0102e+00       1887     1.3097  0.000e+00
     16.511   68.01214 -167.87362     16.679     5.3447     5.3539     5.3435    30.5896    30.5902  1024.2212    24.1436    289.842    279.160  315.07504     91.991     88.621     0.1575     0.5971     4.1575     0.5011 3.0190e+00       1888     1.3104  0.000e+00
     16.565   68.01214 -167.87362     16.733     5.3468     5.3543     5.3456    30.5872    30.5863  1024.2193    24.1416    289.791    279.006  315.06506     91.978     88.570     0.1575     0.5971     4.1575     0.5011 3.0190e+00       1889     1.3111  0.000e+00
     16.511   68.01214 -167.87362     16.679     5.3493     5.3588     5.3481    30.5882    30.5895  1024.2196    24.1421    289.733    278.971  315.04384     91.966     88.571     0.1575     0.5971     4.1575     0.5011 3.0190e+00       1890     1.3118  0.000e+00
     16.534   68.01214 -167.87362     16.702     5.3527     5.3667     5.3515    30.5828    30.5959  1024.2150    24.1374    289.489    279.094  315.03152     91.892     88.630     0.1563     0.5897     4.1575     0.5011 3.0190e+00       1891     1.3125  0.000e+00
     16.511   68.01214 -167.87362     16.679     5.3552     5.3664     5.3540    30.5773    30.5955  1024.2104    24.1328    289.402    279.127  315.02577     91.866     88.640     0.1575     0.5971     4.1575     0.5011 3.0278e+00       1892     1.3132  0.000e+00
     16.511   68.01214 -167.87362     16.679     5.3568     5.3591     5.3556    30.5873    30.5836  1024.2180    24.1405    289.327    279.239  314.99009     91.853     88.652     0.1563     0.5897     4.1575     0.5011 3.0190e+00       1893     1.3139  0.000e+00
     16.534   68.01214 -167.87362     16.702     5.3589     5.3510     5.3577    30.6066    30.5710  1024.2332    24.1556    289.239    279.158  314.92941     91.842     88.601     0.1575     0.5971     4.1575     0.5011 3.0190e+00       1894     1.3146  0.000e+00
     16.511   68.01214 -167.87362     16.679     5.3646     5.3377     5.3634    30.6214    30.5611  1024.2442    24.1667    289.139    279.273  314.85189     91.833     88.603     0.1563     0.5897     4.1575     0.5011 3.0278e+00       1895     1.3153  0.000e+00
     16.511   68.01214 -167.87362     16.679     5.3728     5.3305     5.3715    30.6265    30.5513  1024.2473    24.1698    289.051    279.348  314.77905     91.827     88.606     0.1575     0.5971     4.1575     0.5011 3.0278e+00       1896     1.3160  0.000e+00
     16.565   68.01214 -167.87362     16.733     5.3796     5.3303     5.3784    30.6153    30.5522  1024.2379    24.1601    288.957    279.353  314.75429     91.804     88.607     0.1587     0.6044     4.1538     0.5047 3.0367e+00       1897     1.3167  0.000e+00
     16.534   68.01214 -167.87362     16.702     5.3833     5.3289     5.3821    30.5829    30.5572  1024.2117    24.1341    288.967    279.176  314.80279     91.793     88.551     0.1563     0.5897     4.1514     0.5070 3.0367e+00       1898     1.3174  0.000e+00
     16.511   68.01214 -167.87362     16.679     5.3793     5.3270     5.3781    30.5534    30.5551  1024.1888    24.1113    289.036    279.183  314.90147     91.786     88.548     0.1575     0.5971     4.1514     0.5070 3.0367e+00       1899     1.3181  0.000e+00
     16.511   68.01214 -167.87362     16.679     5.3704     5.3289     5.3692    30.5484    30.5510  1024.1858    24.1082    288.926    278.988  314.97996     91.729     88.488     0.1563     0.5897     4.1514     0.5070 3.0367e+00       1900     1.3188  0.000e+00
     16.565   68.01214 -167.87362     16.733     5.3632     5.3336     5.3620    30.5642    30.5504  1024.1993    24.1215    288.914    279.119  314.99690     91.719     88.539     0.1575     0.5971     4.1526     0.5058 3.0367e+00       1901     1.3194  0.000e+00
     16.534   68.01214 -167.87362     16.702     5.3624     5.3354     5.3612    30.5679    30.5552  1024.2022    24.1246    289.086    279.095  314.99395     91.775     88.538     0.1563     0.5897     4.1514     0.5070 3.0367e+00       1902     1.3201  0.000e+00
     16.565   68.01214 -167.87362     16.733     5.3640     5.3398     5.3628    30.5557    30.5601  1024.1925    24.1148    288.908    278.855  315.01055     91.714     88.474     0.1587     0.6044     4.1526     0.5058 3.0278e+00       1903     1.3208  0.000e+00
     16.511   68.01214 -167.87362     16.678     5.3657     5.3433     5.3645    30.5381    30.5660  1024.1782    24.1007    288.919    278.987  315.03864     91.709     88.527     0.1624     0.6264     4.1526     0.5058 3.0278e+00       1904     1.3215  0.000e+00
     16.588   68.01214 -167.87362     16.756     5.3629     5.3438     5.3616    30.5285    30.5706  1024.1713    24.0934    288.962    278.804  315.08276     91.710     88.473     0.1648     0.6410     4.1526     0.5058 3.0278e+00       1905     1.3222  0.000e+00
     16.565   68.01214 -167.87362     16.733     5.3565     5.3444     5.3553    30.5343    30.5733  1024.1764    24.0986    288.973    278.768  315.11671     91.703     88.465     0.1636     0.6337     4.1526     0.5058 3.0190e+00       1906     1.3229  0.000e+00
     16.565   68.01214 -167.87362     16.733     5.3529     5.3449     5.3517    30.5477    30.5744  1024.1874    24.1096    288.954    278.740  315.11222     91.699     88.458     0.1636     0.6337     4.1526     0.5058 3.0190e+00       1907     1.3236  0.000e+00
     16.565   68.01214 -167.87362     16.733     5.3536     5.3493     5.3524    30.5544    30.5724  1024.1926    24.1148    288.924    278.694  315.09127     91.695     88.451     0.1648     0.6410     4.1526     0.5058 3.0190e+00       1908     1.3243  0.000e+00
     16.588   68.01214 -167.87362     16.756     5.3546     5.3526     5.3534    30.5555    30.5720  1024.1935    24.1156    288.913    278.473  315.08131     91.695     88.388     0.1636     0.6337     4.1514     0.5070 3.0102e+00       1909     1.3250  0.000e+00
     16.627   68.01214 -167.87362     16.795     5.3541     5.3539     5.3529    30.5573    30.5722  1024.1952    24.1171    288.919    278.435  315.08048     91.697     88.379     0.1648     0.6410     4.1526     0.5058 3.0014e+00       1910     1.3257  0.000e+00
     16.565   68.01214 -167.87362     16.733     5.3535     5.3515     5.3523    30.5581    30.5714  1024.1956    24.1178    288.932    278.424  315.08355     91.700     88.370     0.1636     0.6337     4.1526     0.5058 3.0014e+00       1911     1.3264  0.000e+00
     16.627   68.01214 -167.87362     16.795     5.3525     5.3499     5.3513    30.5600    30.5682  1024.1975    24.1194    288.957    278.423  315.08611     91.707     88.364     0.1648     0.6410     4.1526     0.5058 2.9926e+00       1912     1.3271  0.000e+00
     16.650   68.01214 -167.87362     16.819     5.3513     5.3483     5.3501    30.5630    30.5647  1024.2001    24.1219    288.988    278.424  315.08834     91.717     88.359     0.1636     0.6337     4.1514     0.5070 2.9926e+00       1913     1.3278  0.000e+00
     16.627   68.01214 -167.87362     16.795     5.3509     5.3468     5.3497    30.5650    30.5623  1024.2016    24.1235    289.020    278.425  315.08628     91.727     88.354     0.1648     0.6410     4.1514     0.5070 2.9839e+00       1914     1.3285  0.000e+00
     16.681   68.01214 -167.87362     16.850     5.3506     5.3450     5.3494    30.5691    30.5619  1024.2051    24.1268    289.058    278.430  315.07901     91.741     88.352     0.1636     0.6337     4.1526     0.5058 2.9839e+00       1915     1.3292  0.000e+00
     16.565   68.01214 -167.87360     16.733     5.3516     5.3444     5.3503    30.5885    30.5626  1024.2198    24.1420    289.055    278.239  315.02659     91.756     88.290     0.1648     0.6410     4.1514     0.5070 2.9665e+00       1916     1.3299  0.000e+00
     16.765   68.01214 -167.87360     16.935     5.3567     5.3445     5.3554    30.6056    30.5637  1024.2337    24.1550    289.043    278.202  314.94837     91.775     88.280     0.1636     0.6337     4.1514     0.5070 2.9578e+00       1917     1.3306  0.000e+00
     16.680   68.01214 -167.87360     16.850     5.3632     5.3423     5.3620    30.5906    30.5642  1024.2208    24.1425    289.087    278.177  314.93448     91.793     88.267     0.1636     0.6337     4.1526     0.5058 2.9492e+00       1918     1.3313  0.000e+00
     16.680   68.01214 -167.87360     16.850     5.3643     5.3393     5.3631    30.5688    30.5623  1024.2034    24.1251    289.166    278.169  314.97759     91.805     88.257     0.1648     0.6410     4.1526     0.5058 2.9406e+00       1919     1.3319  0.000e+00
     16.704   68.01214 -167.87360     16.873     5.3632     5.3390     5.3620    30.5665    30.5588  1024.2018    24.1233    289.228    278.171  314.99114     91.821     88.255     0.1636     0.6337     4.1526     0.5058 2.9320e+00       1920     1.3326  0.000e+00
     16.742   68.01214 -167.87360     16.912     5.3625     5.3385     5.3613    30.5655    30.5567  1024.2012    24.1226    289.289    278.156  314.99846     91.838     88.248     0.1648     0.6410     4.1526     0.5058 2.9234e+00       1921     1.3333  0.000e+00
     16.742   68.01214 -167.87360     16.912     5.3619     5.3374     5.3607    30.5627    30.5551  1024.1991    24.1205    289.359    278.148  315.00961     91.857     88.242     0.1636     0.6337     4.1526     0.5058 2.9064e+00       1922     1.3340  0.000e+00
     16.742   68.01214 -167.87360     16.912     5.3609     5.3367     5.3597    30.5704    30.5539  1024.2053    24.1267    289.416    277.956  314.99889     91.878     88.179     0.1648     0.6410     4.1526     0.5058 2.8979e+00       1923     1.3347  0.000e+00
     16.819   68.01214 -167.87360     16.990     5.3625     5.3370     5.3613    30.5803    30.5562  1024.2133    24.1344    289.457    277.921  314.96367     91.902     88.170     0.1636     0.6337     4.1526     0.5058 2.8894e+00       1924     1.3354  0.000e+00
     16.796   68.01214 -167.87360     16.967     5.3643     5.3442     5.3631    30.5898    30.5640  1024.2205    24.1417    289.500    278.010  314.92839     91.926     88.218     0.1648     0.6410     4.1526     0.5058 2.8725e+00       1925     1.3361  0.000e+00
     16.850   68.01214 -167.87360     17.021     5.3670     5.3574     5.3658    30.6059    30.5774  1024.2332    24.1541    289.531    277.886  314.87018     91.952     88.215     0.1636     0.6337     4.1526     0.5058 2.8558e+00       1926     1.3368  0.000e+00
     16.819   68.01214 -167.87360     16.990     5.3721     5.3722     5.3709    30.6202    30.5928  1024.2438    24.1649    289.550    277.565  314.79846     91.979     88.154     0.1636     0.6337     4.1526     0.5058 2.8558e+00       1927     1.3375  0.000e+00
     16.912   68.01214 -167.87360     17.083     5.3783     5.3838     5.3771    30.6262    30.6075  1024.2483    24.1689    289.589    277.625  314.73821     92.010     88.207     0.1636     0.6337     4.1526     0.5058 2.8391e+00       1928     1.3382  0.000e+00
     16.850   68.01214 -167.87360     17.021     5.3839     5.3901     5.3827    30.6284    30.6187  1024.2492    24.1701    289.611    277.564  314.69149     92.030     88.209     0.1648     0.6410     4.1526     0.5058 2.8225e+00       1929     1.3389  0.000e+00
     16.912   68.01214 -167.87360     17.083     5.3888     5.3965     5.3876    30.6289    30.6237  1024.2493    24.1699    289.651    277.342  314.65341     92.054     88.155     0.1661     0.6483     4.1526     0.5058 2.8225e+00       1930     1.3396  0.000e+00
     16.935   68.01214 -167.87360     17.107     5.3933     5.4006     5.3920    30.6305    30.6260  1024.2501    24.1706    289.696    277.309  314.61672     92.079     88.154     0.1648     0.6410     4.1526     0.5058 2.8060e+00       1931     1.3403  0.000e+00
     16.966   68.01214 -167.87360     17.138     5.3970     5.4032     5.3957    30.6320    30.6275  1024.2511    24.1714    289.721    277.292  314.58548     92.096     88.155     0.1661     0.6483     4.1526     0.5058 2.7978e+00       1932     1.3410  0.000e+00
