EcoFOCI/data/1_SampleCollection/2023_SikuliaqDBO_CruiseData/CTD_raw_BottleFile_SKQ23-12S/proc/skq202312s_065.cnv
* Sea-Bird SBE 9 Data File:
* FileName = D:\CTD\SKQ202312S\SKQ202312S_065.hex
* Software Version Seasave V 7.26.7.121
* Temperature SN = 6177
* Conductivity SN = 0369
* Number of Bytes Per Scan = 41
* Number of Voltage Words = 4
* Number of Scans Averaged by the Deck Unit = 1
* NMEA Latitude = 72 05.73 N
* NMEA Longitude = 166 38.74 W
* NMEA UTC (Time) = Sep 28 2023  11:45:18
* NMEA baud rate = 4800
** Ship: R/V Sikuliaq
** Station Number: 065
** Station Name: IC0.2
** Bottom Depth: 46
** Operator: Bern
# nquan = 24
# nvalues = 5154                                  
# units = specified
# name 0 = depSM: Depth [salt water, m]
# name 1 = latitude: Latitude [deg]
# name 2 = longitude: Longitude [deg]
# name 3 = prDM: Pressure, Digiquartz [db]
# name 4 = t090C: Temperature [ITS-90, deg C]
# name 5 = t190C: Temperature, 2 [ITS-90, deg C]
# name 6 = potemp090C: Potential Temperature [ITS-90, deg C]
# name 7 = sal00: Salinity, Practical [PSU]
# name 8 = sal11: Salinity, Practical, 2 [PSU]
# name 9 = density00: Density [density, kg/m^3]
# name 10 = sigma-é00: Density [sigma-theta, kg/m^3]
# name 11 = sbox0Mm/Kg: Oxygen, SBE 43 [umol/kg]
# name 12 = sbox1Mm/Kg: Oxygen, SBE 43, 2 [umol/kg]
# name 13 = oxsolMm/Kg: Oxygen Saturation, Garcia & Gordon [umol/kg]
# name 14 = sbeox0PS: Oxygen, SBE 43 [% saturation]
# name 15 = sbeox1PS: Oxygen, SBE 43, 2 [% saturation]
# name 16 = v0: Voltage 0
# name 17 = flECO-AFL: Fluorescence, WET Labs ECO-AFL/FL [mg/m^3]
# name 18 = v1: Voltage 1
# name 19 = CStarAt0: Beam Attenuation, WET Labs C-Star [1/m]
# name 20 = par: PAR/Irradiance, Biospherical/Licor
# name 21 = scan: Scan Count
# name 22 = timeM: Time, Elapsed [minutes]
# name 23 = flag:  0.000e+00
# span 0 =      2.391,     41.018                 
# span 1 =   72.09544,   72.09544                 
# span 2 = -166.64596, -166.64570                 
# span 3 =      2.415,     41.446                 
# span 4 =    -0.3209,     4.4067                 
# span 5 =    -0.3201,     4.4082                 
# span 6 =    -0.3221,     4.4051                 
# span 7 =    30.8401,    32.3823                 
# span 8 =    30.8552,    32.4209                 
# span 9 =  1024.4885,  1026.1696                 
# span 10 =    24.4653,    26.0028                
# span 11 =    303.785,    347.219                
# span 12 =    286.463,    314.219                
# span 13 =  321.15594,  358.25783                
# span 14 =     88.195,     97.584                
# span 15 =     83.294,     90.578                
# span 16 =     0.0720,     0.1587                
# span 17 =     0.0842,     0.6044                
# span 18 =     3.3004,     4.2503                
# span 19 =     0.4128,     1.4250                
# span 20 = 1.0000e-12, 6.7263e-01                
# span 21 =          1,       5154                
# span 22 =     0.0000,     3.5785                
# span 23 = 0.0000e+00, 0.0000e+00                
# interval = seconds: 0.0416667
# start_time = Sep 28 2023 11:48:51 [NMEA time, first data scan]
# bad_flag = -9.990e-29
*END*
[from data line 1268]
      8.796   72.09544 -166.64570      8.888     4.0868     4.0873     4.0863    30.8607    30.8721  1024.5284    24.4868    308.509    292.079  324.08232     95.195     90.134     0.1490     0.5458     4.1319     0.5259 3.5021e-02       1269     0.8806  0.000e+00
      8.796   72.09544 -166.64570      8.888     4.0874     4.0875     4.0868    30.8606    30.8721  1024.5283    24.4867    308.505    292.102  324.07844     95.194     90.141     0.1502     0.5531     4.1319     0.5259 3.4160e-02       1270     0.8812  0.000e+00
      8.796   72.09544 -166.64570      8.888     4.0870     4.0875     4.0865    30.8611    30.8725  1024.5286    24.4871    308.506    292.124  324.07983     95.195     90.148     0.1490     0.5458     4.1319     0.5259 3.3731e-02       1271     0.8819  0.000e+00
      8.796   72.09544 -166.64570      8.888     4.0872     4.0876     4.0866    30.8614    30.8718  1024.5289    24.4873    308.504    292.148  324.07792     95.194     90.156     0.1490     0.5458     4.1331     0.5247 3.1183e-02       1272     0.8826  0.000e+00
      8.796   72.09544 -166.64570      8.888     4.0875     4.0875     4.0870    30.8610    30.8721  1024.5285    24.4869    308.502    292.173  324.07634     95.194     90.163     0.1490     0.5458     4.1319     0.5259 2.8677e-02       1273     0.8833  0.000e+00
      8.858   72.09544 -166.64570      8.950     4.0874     4.0873     4.0868    30.8604    30.8726  1024.5284    24.4865    308.930    292.199  324.07899     95.326     90.171     0.1490     0.5458     4.1319     0.5259 2.8264e-02       1274     0.8840  0.000e+00
      8.796   72.09544 -166.64570      8.888     4.0872     4.0876     4.0866    30.8612    30.8724  1024.5287    24.4871    308.567    292.196  324.07829     95.214     90.171     0.1477     0.5384     4.1331     0.5247 2.2199e-02       1275     0.8847  0.000e+00
      8.796   72.09544 -166.64570      8.888     4.0867     4.0880     4.0862    30.8619    30.8716  1024.5293    24.4877    308.778    292.196  324.08028     95.278     90.171     0.1490     0.5458     4.1319     0.5259 1.4875e-02       1276     0.8854  0.000e+00
      8.858   72.09544 -166.64570      8.950     4.0864     4.0886     4.0858    30.8625    30.8708  1024.5301    24.4882    308.811    292.195  324.08185     95.288     90.172     0.1502     0.5531     4.1319     0.5259 1.3382e-02       1277     0.8861  0.000e+00
      8.858   72.09544 -166.64570      8.950     4.0862     4.0887     4.0857    30.8622    30.8712  1024.5299    24.4880    308.628    292.193  324.08328     95.231     90.171     0.1490     0.5458     4.1319     0.5259 1.1540e-02       1278     0.8868  0.000e+00
      8.858   72.09544 -166.64570      8.950     4.0859     4.0887     4.0854    30.8621    30.8713  1024.5299    24.4880    308.625    292.190  324.08598     95.229     90.171     0.1490     0.5458     4.1319     0.5259 8.2880e-03       1279     0.8875  0.000e+00
      8.827   72.09544 -166.64570      8.919     4.0853     4.0887     4.0847    30.8629    30.8709  1024.5304    24.4887    308.622    292.188  324.08900     95.228     90.170     0.1490     0.5458     4.1331     0.5247 7.2223e-03       1280     0.8882  0.000e+00
      8.858   72.09544 -166.64570      8.950     4.0850     4.0886     4.0844    30.8628    30.8708  1024.5305    24.4886    308.621    292.187  324.09173     95.226     90.169     0.1490     0.5458     4.1331     0.5247 1.0810e-02       1281     0.8889  0.000e+00
      8.912   72.09544 -166.64570      9.004     4.0844     4.0887     4.0838    30.8631    30.8706  1024.5310    24.4889    308.622    292.373  324.09617     95.226     90.227     0.1490     0.5458     4.1331     0.5247 2.1409e-02       1282     0.8896  0.000e+00
      8.912   72.09544 -166.64570      9.004     4.0836     4.0886     4.0830    30.8638    30.8710  1024.5316    24.4895    308.622    292.389  324.10067     95.224     90.231     0.1490     0.5458     4.1319     0.5259 2.5402e-02       1283     0.8903  0.000e+00
      8.858   72.09544 -166.64570      8.950     4.0835     4.0886     4.0829    30.8641    30.8711  1024.5317    24.4898    308.615    292.399  324.10072     95.222     90.235     0.1477     0.5384     4.1319     0.5259 2.4192e-02       1284     0.8910  0.000e+00
      8.912   72.09544 -166.64570      9.004     4.0836     4.0884     4.0830    30.8642    30.8710  1024.5320    24.4899    308.855    292.225  324.09954     95.296     90.180     0.1490     0.5458     4.1331     0.5247 1.9067e-02       1285     0.8917  0.000e+00
      8.912   72.09544 -166.64570      9.004     4.0832     4.0884     4.0827    30.8646    30.8715  1024.5323    24.4902    308.884    292.213  324.10111     95.305     90.177     0.1502     0.5531     4.1319     0.5259 1.6764e-02       1286     0.8924  0.000e+00
      8.966   72.09544 -166.64570      9.059     4.0832     4.0883     4.0827    30.8646    30.8714  1024.5326    24.4902    308.701    292.205  324.10118     95.248     90.174     0.1490     0.5458     4.1331     0.5247 1.7528e-02       1287     0.8931  0.000e+00
      8.966   72.09544 -166.64570      9.059     4.0831     4.0881     4.0825    30.8645    30.8720  1024.5325    24.4901    308.907    292.193  324.10262     95.311     90.170     0.1502     0.5531     4.1319     0.5259 2.0624e-02       1288     0.8938  0.000e+00
      8.912   72.09544 -166.64570      9.004     4.0826     4.0880     4.0821    30.8649    30.8726  1024.5327    24.4905    308.932    292.178  324.10530     95.318     90.166     0.1490     0.5458     4.1319     0.5259 2.2199e-02       1289     0.8944  0.000e+00
      9.027   72.09544 -166.64570      9.121     4.0826     4.0878     4.0820    30.8649    30.8727  1024.5332    24.4905    308.960    292.169  324.10544     95.327     90.163     0.1490     0.5458     4.1319     0.5259 2.2595e-02       1290     0.8951  0.000e+00
      8.966   72.09544 -166.64570      9.059     4.0825     4.0878     4.0819    30.8646    30.8730  1024.5326    24.4903    308.558    292.151  324.10698     95.202     90.158     0.1477     0.5384     4.1331     0.5247 2.5807e-02       1291     0.8958  0.000e+00
      8.966   72.09544 -166.64570      9.059     4.0818     4.0876     4.0813    30.8649    30.8732  1024.5330    24.4906    308.944    292.326  324.11155     95.320     90.211     0.1490     0.5458     4.1319     0.5259 2.8677e-02       1292     0.8965  0.000e+00
      8.997   72.09544 -166.64570      9.090     4.0812     4.0881     4.0806    30.8650    30.8728  1024.5332    24.4907    308.760    292.138  324.11633     95.262     90.154     0.1502     0.5531     4.1319     0.5259 2.9092e-02       1293     0.8972  0.000e+00
      9.027   72.09544 -166.64570      9.121     4.0803     4.0878     4.0797    30.8657    30.8726  1024.5341    24.4914    308.968    292.335  324.12193     95.325     90.214     0.1490     0.5458     4.1319     0.5259 3.2027e-02       1294     0.8979  0.000e+00
      9.081   72.09544 -166.64570      9.176     4.0796     4.0872     4.0790    30.8661    30.8727  1024.5347    24.4918    308.784    292.366  324.12599     95.267     90.222     0.1490     0.5458     4.1319     0.5259 3.5454e-02       1295     0.8986  0.000e+00
      9.027   72.09544 -166.64570      9.121     4.0793     4.0853     4.0787    30.8666    30.8745  1024.5348    24.4921    308.983    292.186  324.12741     95.328     90.164     0.1490     0.5458     4.1319     0.5259 3.6322e-02       1296     0.8993  0.000e+00
      9.081   72.09544 -166.64570      9.176     4.0788     4.0834     4.0783    30.8672    30.8755  1024.5357    24.4927    309.006    292.180  324.12946     95.334     90.158     0.1502     0.5531     4.1319     0.5259 2.6214e-02       1297     0.9000  0.000e+00
      9.081   72.09544 -166.64570      9.176     4.0784     4.0820     4.0778    30.8674    30.8766  1024.5358    24.4929    309.028    292.166  324.13286     95.340     90.152     0.1490     0.5458     4.1319     0.5259 1.6384e-02       1298     0.9007  0.000e+00
      9.081   72.09544 -166.64570      9.175     4.0782     4.0812     4.0776    30.8676    30.8771  1024.5360    24.4930    309.045    292.171  324.13364     95.345     90.152     0.1490     0.5458     4.1319     0.5259 1.4500e-02       1299     0.9014  0.000e+00
      9.143   72.09544 -166.64570      9.238     4.0780     4.0804     4.0775    30.8675    30.8780  1024.5363    24.4930    309.064    292.344  324.13497     95.350     90.204     0.1502     0.5531     4.1319     0.5259 1.9455e-02       1300     0.9021  0.000e+00
      9.081   72.09544 -166.64570      9.175     4.0780     4.0801     4.0775    30.8675    30.8779  1024.5360    24.4930    308.863    292.341  324.13499     95.288     90.203     0.1490     0.5458     4.1319     0.5259 2.7851e-02       1301     0.9028  0.000e+00
      9.143   72.09544 -166.64570      9.238     4.0779     4.0796     4.0773    30.8676    30.8784  1024.5363    24.4931    309.025    292.363  324.13604     95.338     90.209     0.1502     0.5531     4.1319     0.5259 2.9925e-02       1302     0.9035  0.000e+00
      9.143   72.09544 -166.64570      9.238     4.0780     4.0795     4.0775    30.8675    30.8786  1024.5362    24.4930    309.035    292.379  324.13516     95.341     90.214     0.1490     0.5458     4.1319     0.5259 3.2877e-02       1303     0.9042  0.000e+00
      9.197   72.09544 -166.64570      9.292     4.0780     4.0793     4.0775    30.8675    30.8785  1024.5365    24.4930    309.047    292.208  324.13513     95.345     90.160     0.1490     0.5458     4.1319     0.5259 4.1188e-02       1304     0.9049  0.000e+00
      9.174   72.09544 -166.64570      9.269     4.0782     4.0793     4.0776    30.8677    30.8787  1024.5365    24.4932    309.052    292.390  324.13329     95.347     90.217     0.1477     0.5384     4.1319     0.5259 4.4364e-02       1305     0.9056  0.000e+00
      9.197   72.09544 -166.64570      9.292     4.0784     4.0791     4.0778    30.8673    30.8786  1024.5363    24.4928    308.848    292.385  324.13318     95.284     90.215     0.1477     0.5384     4.1331     0.5247 3.6322e-02       1306     0.9063  0.000e+00
      9.259   72.09544 -166.64570      9.355     4.0785     4.0793     4.0779    30.8674    30.8784  1024.5367    24.4929    309.035    292.399  324.13153     95.342     90.219     0.1465     0.5311     4.1319     0.5259 1.0084e-02       1307     0.9069  0.000e+00
      9.259   72.09544 -166.64570      9.355     4.0788     4.0793     4.0782    30.8664    30.8781  1024.5358    24.4920    309.040    292.411  324.13155     95.344     90.223     0.1477     0.5384     4.1319     0.5259 1.0131e-03       1308     0.9076  0.000e+00
      9.197   72.09544 -166.64570      9.292     4.0788     4.0802     4.0782    30.8663    30.8775  1024.5355    24.4920    309.042    292.413  324.13166     95.344     90.225     0.1490     0.5458     4.1319     0.5259 1.0131e-03       1309     0.9083  0.000e+00
      9.312   72.09544 -166.64570      9.409     4.0792     4.0809     4.0786    30.8661    30.8766  1024.5358    24.4917    309.046    292.424  324.12947     95.347     90.229     0.1477     0.5384     4.1319     0.5259 2.7065e-03       1310     0.9090  0.000e+00
      9.258   72.09544 -166.64570      9.355     4.0791     4.0810     4.0786    30.8659    30.8770  1024.5354    24.4916    309.046    292.407  324.13026     95.346     90.224     0.1477     0.5384     4.1319     0.5259 3.7340e-03       1311     0.9097  0.000e+00
      9.312   72.09544 -166.64572      9.409     4.0795     4.0807     4.0789    30.8653    30.8771  1024.5351    24.4911    309.047    292.396  324.12931     95.347     90.220     0.1477     0.5384     4.1319     0.5259 4.0784e-03       1312     0.9104  0.000e+00
      9.312   72.09544 -166.64572      9.409     4.0799     4.0801     4.0793    30.8642    30.8779  1024.5342    24.4902    309.044    292.405  324.12817     95.346     90.222     0.1477     0.5384     4.1319     0.5259 1.6764e-02       1313     0.9111  0.000e+00
      9.312   72.09544 -166.64572      9.409     4.0798     4.0796     4.0792    30.8639    30.8781  1024.5340    24.4900    309.044    292.412  324.13008     95.346     90.224     0.1465     0.5311     4.1319     0.5259 2.4997e-02       1314     0.9118  0.000e+00
      9.312   72.09544 -166.64572      9.409     4.0796     4.0791     4.0790    30.8642    30.8783  1024.5343    24.4902    309.040    292.419  324.13068     95.344     90.225     0.1477     0.5384     4.1331     0.5247 2.5807e-02       1315     0.9125  0.000e+00
      9.343   72.09544 -166.64572      9.440     4.0795     4.0795     4.0789    30.8646    30.8774  1024.5348    24.4906    308.825    292.422  324.13085     95.278     90.226     0.1490     0.5458     4.1343     0.5235 3.4160e-02       1316     0.9132  0.000e+00
      9.366   72.09544 -166.64572      9.463     4.0790     4.0801     4.0784    30.8653    30.8771  1024.5354    24.4911    308.790    292.421  324.13266     95.267     90.227     0.1477     0.5384     4.1343     0.5235 4.1188e-02       1317     0.9139  0.000e+00
      9.366   72.09544 -166.64572      9.463     4.0795     4.0810     4.0789    30.8649    30.8764  1024.5351    24.4908    308.961    292.416  324.13013     95.320     90.227     0.1490     0.5458     4.1343     0.5235 4.2089e-02       1318     0.9146  0.000e+00
      9.366   72.09544 -166.64572      9.463     4.0803     4.0812     4.0797    30.8648    30.8758  1024.5350    24.4907    308.736    292.416  324.12413     95.253     90.227     0.1477     0.5384     4.1343     0.5235 2.6621e-02       1319     0.9153  0.000e+00
      9.428   72.09544 -166.64572      9.526     4.0814     4.0801     4.0808    30.8637    30.8771  1024.5343    24.4897    308.693    292.423  324.11813     95.241     90.227     0.1477     0.5384     4.1343     0.5235 1.2642e-02       1320     0.9160  0.000e+00
      9.428   72.09544 -166.64572      9.526     4.0823     4.0793     4.0817    30.8632    30.8778  1024.5337    24.4891    308.858    292.426  324.11209     95.294     90.227     0.1477     0.5384     4.1343     0.5235 1.0084e-02       1321     0.9167  0.000e+00
      9.366   72.09544 -166.64572      9.463     4.0826     4.0784     4.0820    30.8627    30.8783  1024.5330    24.4888    309.058    292.427  324.11072     95.356     90.226     0.1477     0.5384     4.1343     0.5235 1.2642e-02       1322     0.9174  0.000e+00
      9.482   72.09544 -166.64572      9.580     4.0825     4.0776     4.0819    30.8624    30.8789  1024.5333    24.4885    308.730    292.433  324.11239     95.254     90.226     0.1490     0.5458     4.1343     0.5235 1.6005e-02       1323     0.9181  0.000e+00
      9.428   72.09544 -166.64572      9.526     4.0818     4.0774     4.0812    30.8629    30.8784  1024.5336    24.4890    308.692    292.429  324.11633     95.241     90.224     0.1477     0.5384     4.1343     0.5235 1.6764e-02       1324     0.9187  0.000e+00
      9.428   72.09544 -166.64572      9.526     4.0814     4.0770     4.0808    30.8632    30.8786  1024.5339    24.4893    308.900    292.427  324.11934     95.304     90.223     0.1490     0.5458     4.1343     0.5235 1.6005e-02       1325     0.9194  0.000e+00
      9.482   72.09544 -166.64572      9.580     4.0810     4.0765     4.0804    30.8634    30.8788  1024.5343    24.4895    308.930    292.426  324.12145     95.313     90.222     0.1477     0.5384     4.1343     0.5235 1.3382e-02       1326     0.9201  0.000e+00
      9.459   72.09544 -166.64572      9.557     4.0806     4.0765     4.0800    30.8639    30.8790  1024.5346    24.4899    309.347    292.418  324.12407     95.441     90.219     0.1477     0.5384     4.1343     0.5235 1.3012e-02       1327     0.9208  0.000e+00
      9.482   72.09544 -166.64572      9.580     4.0806     4.0776     4.0800    30.8643    30.8783  1024.5351    24.4902    308.977    292.404  324.12297     95.327     90.217     0.1465     0.5311     4.1343     0.5235 1.1540e-02       1328     0.9215  0.000e+00
