EcoFOCI/data/1_SampleCollection/2023_SikuliaqDBO_CruiseData/CTD_raw_BottleFile_SKQ23-12S/proc/skq202312s_012.ros
* Sea-Bird SBE 9 Data File:
* FileName = D:\CTD\SKQ202312S\SKQ202312S_012.hex
* Software Version Seasave V 7.26.7.121
* Temperature SN = 6177
* Conductivity SN = 0369
* Number of Bytes Per Scan = 41
* Number of Voltage Words = 4
* Number of Scans Averaged by the Deck Unit = 1
* NMEA Latitude = 64 40.32 N
* NMEA Longitude = 170 38.51 W
* NMEA UTC (Time) = Sep 17 2023  03:44:23
* NMEA baud rate = 4800
** Ship: R/V Sikuliaq
** Station Number: 012
** Station Name: DBO2.0
** Bottom Depth: 48
** Operator: SD
# nquan = 22
# nvalues = 931                                   
# units = specified
# name 0 = depSM: Depth [salt water, m]
# name 1 = latitude: Latitude [deg]
# name 2 = longitude: Longitude [deg]
# name 3 = prDM: Pressure, Digiquartz [db]
# name 4 = t090C: Temperature [ITS-90, deg C]
# name 5 = t190C: Temperature, 2 [ITS-90, deg C]
# name 6 = potemp090C: Potential Temperature [ITS-90, deg C]
# name 7 = sal00: Salinity, Practical [PSU]
# name 8 = sal11: Salinity, Practical, 2 [PSU]
# name 9 = density00: Density [density, kg/m^3]
# name 10 = sigma-é00: Density [sigma-theta, kg/m^3]
# name 11 = sbox0Mm/Kg: Oxygen, SBE 43 [umol/kg]
# name 12 = sbox1Mm/Kg: Oxygen, SBE 43, 2 [umol/kg]
# name 13 = oxsolMm/Kg: Oxygen Saturation, Garcia & Gordon [umol/kg]
# name 14 = sbeox0PS: Oxygen, SBE 43 [% saturation]
# name 15 = v0: Voltage 0
# name 16 = flECO-AFL: Fluorescence, WET Labs ECO-AFL/FL [mg/m^3]
# name 17 = CStarAt0: Beam Attenuation, WET Labs C-Star [1/m]
# name 18 = par: PAR/Irradiance, Biospherical/Licor
# name 19 = scan: Scan Count
# name 20 = nbf: Bottles Fired
# name 21 = flag:  0.000e+00
# interval = seconds: 0.0416667
# start_time = Sep 17 2023 03:45:41 [NMEA time, first data scan]
# bad_flag = -9.990e-29
*END*
[from data line 396]
     30.084   64.67126 -170.64076     30.384     3.2248     3.2260     3.2229    33.0137    33.0226  1026.4222    26.2799    228.229    218.315  325.64405     70.085     0.1502     0.5531     0.7911 8.5016e-01      11940          9  0.000e+00
     30.084   64.67126 -170.64076     30.384     3.2248     3.2258     3.2230    33.0136    33.0230  1026.4221    26.2798    228.223    218.115  325.64386     70.084     0.1502     0.5531     0.7911 8.5016e-01      11941          9  0.000e+00
     30.069   64.67126 -170.64076     30.368     3.2250     3.2258     3.2232    33.0136    33.0231  1026.4221    26.2798    228.251    218.277  325.64247     70.093     0.1490     0.5458     0.7911 8.5016e-01      11942          9  0.000e+00
     30.084   64.67126 -170.64076     30.384     3.2248     3.2258     3.2230    33.0136    33.0231  1026.4222    26.2798    228.248    218.267  325.64376     70.091     0.1502     0.5531     0.7923 8.5016e-01      11943          9  0.000e+00
     30.069   64.67126 -170.64076     30.368     3.2248     3.2256     3.2230    33.0133    33.0230  1026.4219    26.2796    228.244    218.449  325.64444     70.090     0.1514     0.5604     0.7936 8.5016e-01      11944          9  0.000e+00
     30.084   64.67126 -170.64076     30.384     3.2252     3.2258     3.2234    33.0133    33.0228  1026.4218    26.2795    228.238    218.286  325.64122     70.089     0.1526     0.5678     0.7961 8.5016e-01      11945          9  0.000e+00
     30.084   64.67126 -170.64076     30.384     3.2248     3.2258     3.2230    33.0139    33.0225  1026.4224    26.2800    228.235    218.271  325.64316     70.088     0.1526     0.5678     0.7974 8.5016e-01      11946          9  0.000e+00
     30.069   64.67126 -170.64076     30.368     3.2250     3.2258     3.2232    33.0135    33.0227  1026.4220    26.2797    228.230    218.253  325.64286     70.086     0.1514     0.5604     0.7974 8.4744e-01      11947          9  0.000e+00
     30.084   64.67126 -170.64076     30.384     3.2248     3.2256     3.2230    33.0131    33.0230  1026.4217    26.2794    228.228    218.234  325.64506     70.085     0.1526     0.5678     0.7974 8.4202e-01      11948          9  0.000e+00
     30.084   64.67126 -170.64076     30.384     3.2248     3.2258     3.2229    33.0137    33.0225  1026.4222    26.2799    228.223    218.213  325.64405     70.084     0.1514     0.5604     0.7974 8.4202e-01      11949          9  0.000e+00
     30.069   64.67126 -170.64076     30.368     3.2250     3.2258     3.2232    33.0135    33.0229  1026.4220    26.2797    228.217    218.189  325.64286     70.082     0.1526     0.5678     0.7974 8.4202e-01      11950          9  0.000e+00
     30.023   64.67126 -170.64076     30.321     3.2246     3.2258     3.2228    33.0138    33.0229  1026.4220    26.2800    228.213    218.185  325.64466     70.080     0.1514     0.5604     0.7974 8.4744e-01      11951          9  0.000e+00
     30.131   64.67126 -170.64076     30.431     3.2250     3.2256     3.2232    33.0134    33.0227  1026.4222    26.2796    228.211    218.187  325.64305     70.080     0.1526     0.5678     0.7974 8.5016e-01      11952          9  0.000e+00
     30.023   64.67126 -170.64076     30.321     3.2248     3.2256     3.2230    33.0138    33.0226  1026.4220    26.2800    228.203    218.180  325.64338     70.078     0.1514     0.5604     0.7974 8.5016e-01      11953          9  0.000e+00
     30.023   64.67126 -170.64076     30.321     3.2248     3.2256     3.2230    33.0137    33.0229  1026.4219    26.2799    228.200    218.175  325.64397     70.076     0.1526     0.5678     0.7974 8.4744e-01      11954          9  0.000e+00
     30.069   64.67126 -170.64076     30.368     3.2248     3.2256     3.2230    33.0136    33.0227  1026.4221    26.2798    228.197    218.171  325.64384     70.076     0.1514     0.5604     0.7974 8.4744e-01      11955          9  0.000e+00
     30.023   64.67126 -170.64076     30.321     3.2248     3.2258     3.2230    33.0136    33.0224  1026.4219    26.2798    228.227    218.140  325.64378     70.085     0.1526     0.5678     0.7974 8.4744e-01      11956          9  0.000e+00
     30.069   64.67126 -170.64076     30.368     3.2248     3.2258     3.2230    33.0136    33.0227  1026.4221    26.2798    228.225    218.302  325.64384     70.084     0.1514     0.5604     0.7974 8.4473e-01      11957          9  0.000e+00
     30.023   64.67126 -170.64076     30.322     3.2249     3.2258     3.2231    33.0135    33.0223  1026.4217    26.2797    228.471    218.097  325.64329     70.160     0.1514     0.5604     0.7974 8.4473e-01      11958          9  0.000e+00
     30.085   64.67126 -170.64076     30.384     3.2251     3.2256     3.2233    33.0130    33.0228  1026.4216    26.2793    228.289    218.086  325.64271     70.104     0.1526     0.5678     0.7974 8.4744e-01      11959          9  0.000e+00
     30.015   64.67126 -170.64076     30.314     3.2251     3.2258     3.2233    33.0136    33.0229  1026.4218    26.2798    228.283    218.069  325.64122     70.103     0.1526     0.5678     0.7974 8.4202e-01      11960          9  0.000e+00
     30.023   64.67126 -170.64076     30.322     3.2251     3.2258     3.2233    33.0134    33.0225  1026.4217    26.2796    228.281    218.055  325.64173     70.102     0.1514     0.5604     0.7974 8.3932e-01      11961          9  0.000e+00
     30.069   64.67126 -170.64076     30.368     3.2251     3.2255     3.2233    33.0136    33.0230  1026.4221    26.2798    228.279    218.041  325.64119     70.101     0.1514     0.5604     0.7974 8.3932e-01      11962          9  0.000e+00
     30.023   64.67126 -170.64076     30.322     3.2251     3.2258     3.2233    33.0137    33.0225  1026.4219    26.2798    228.275    218.022  325.64152     70.100     0.1526     0.5678     0.7974 8.4202e-01      11963          9  0.000e+00
     29.969   64.67126 -170.64076     30.267     3.2250     3.2255     3.2232    33.0138    33.0228  1026.4217    26.2799    228.271    218.005  325.64213     70.099     0.1526     0.5678     0.7974 8.4202e-01      11964          9  0.000e+00
     30.015   64.67126 -170.64076     30.314     3.2248     3.2255     3.2230    33.0137    33.0230  1026.4219    26.2799    228.486    218.180  325.64367     70.164     0.1526     0.5678     0.7961 8.4473e-01      11965          9  0.000e+00
     30.085   64.67126 -170.64076     30.384     3.2250     3.2258     3.2232    33.0132    33.0228  1026.4218    26.2795    228.518    217.989  325.64358     70.174     0.1526     0.5678     0.7936 8.3932e-01      11966          9  0.000e+00
     29.969   64.67126 -170.64076     30.267     3.2248     3.2256     3.2230    33.0135    33.0230  1026.4215    26.2797    228.328    218.158  325.64401     70.116     0.1526     0.5678     0.7936 8.3932e-01      11967          9  0.000e+00
     30.015   64.67126 -170.64076     30.314     3.2248     3.2258     3.2230    33.0139    33.0228  1026.4220    26.2800    228.538    218.181  325.64356     70.181     0.1526     0.5678     0.7936 8.3663e-01      11968          9  0.000e+00
     30.023   64.67126 -170.64076     30.322     3.2246     3.2260     3.2228    33.0138    33.0226  1026.4220    26.2800    228.567    217.986  325.64456     70.189     0.1526     0.5678     0.7936 8.4473e-01      11969          9  0.000e+00
     29.954   64.67126 -170.64076     30.252     3.2248     3.2258     3.2230    33.0136    33.0226  1026.4216    26.2799    228.374    217.983  325.64369     70.130     0.1514     0.5604     0.7936 8.5562e-01      11970          9  0.000e+00
     30.023   64.67126 -170.64076     30.322     3.2250     3.2258     3.2232    33.0130    33.0227  1026.4213    26.2793    228.368    218.176  325.64410     70.128     0.1514     0.5604     0.7949 8.5836e-01      11971          9  0.000e+00
     29.969   64.67126 -170.64076     30.267     3.2248     3.2258     3.2230    33.0135    33.0228  1026.4215    26.2797    228.358    218.194  325.64450     70.125     0.1502     0.5531     0.7936 8.5562e-01      11972          9  0.000e+00
     30.015   64.67126 -170.64076     30.314     3.2248     3.2258     3.2230    33.0136    33.0231  1026.4218    26.2798    228.351    218.020  325.64387     70.123     0.1514     0.5604     0.7949 8.5016e-01      11973          9  0.000e+00
     29.969   64.67126 -170.64076     30.267     3.2246     3.2256     3.2228    33.0138    33.0228  1026.4218    26.2800    228.341    218.016  325.64458     70.120     0.1514     0.5604     0.7936 8.4744e-01      11974          9  0.000e+00
     30.015   64.67126 -170.64076     30.314     3.2250     3.2258     3.2232    33.0128    33.0224  1026.4211    26.2791    228.334    217.991  325.64459     70.118     0.1514     0.5604     0.7936 8.4744e-01      11975          9  0.000e+00
     29.969   64.67126 -170.64076     30.267     3.2246     3.2256     3.2228    33.0133    33.0231  1026.4214    26.2796    228.325    217.985  325.64578     70.115     0.1514     0.5604     0.7936 8.4473e-01      11976          9  0.000e+00
     29.969   64.67126 -170.64076     30.267     3.2248     3.2258     3.2230    33.0134    33.0230  1026.4214    26.2796    228.531    217.956  325.64480     70.178     0.1514     0.5604     0.7936 8.4473e-01      11977          9  0.000e+00
     29.954   64.67126 -170.64076     30.252     3.2248     3.2256     3.2230    33.0136    33.0230  1026.4215    26.2798    228.339    217.951  325.64389     70.119     0.1502     0.5531     0.7949 8.4473e-01      11978          9  0.000e+00
     29.969   64.67126 -170.64076     30.267     3.2250     3.2258     3.2232    33.0132    33.0226  1026.4213    26.2795    228.329    217.946  325.64343     70.116     0.1514     0.5604     0.7949 8.5016e-01      11979          9  0.000e+00
     29.954   64.67126 -170.64076     30.252     3.2248     3.2256     3.2230    33.0134    33.0229  1026.4213    26.2796    228.319    217.940  325.64438     70.113     0.1526     0.5678     0.7949 8.5016e-01      11980          9  0.000e+00
     29.969   64.67126 -170.64076     30.267     3.2248     3.2260     3.2230    33.0136    33.0227  1026.4216    26.2798    228.310    217.933  325.64430     70.110     0.1514     0.5604     0.7936 8.5289e-01      11981          9  0.000e+00
     29.969   64.67126 -170.64076     30.267     3.2248     3.2256     3.2230    33.0136    33.0231  1026.4216    26.2798    228.299    217.929  325.64381     70.107     0.1514     0.5604     0.7949 8.4473e-01      11982          9  0.000e+00
     29.954   64.67126 -170.64076     30.252     3.2248     3.2256     3.2230    33.0136    33.0230  1026.4216    26.2799    228.289    217.923  325.64369     70.104     0.1514     0.5604     0.7936 8.4202e-01      11983          9  0.000e+00
     29.915   64.67126 -170.64076     30.213     3.2250     3.2258     3.2232    33.0135    33.0226  1026.4213    26.2797    228.277    217.724  325.64276     70.100     0.1526     0.5678     0.7949 8.4202e-01      11984          9  0.000e+00
     20.492   64.67110 -170.64048     20.695     3.2243     3.2255     3.2231    33.0134    33.0231  1026.3766    26.2797    228.311    217.712  325.64810     70.110     0.1685     0.6630     0.7936 3.0190e+00      14809         10  0.000e+00
     20.515   64.67110 -170.64048     20.718     3.2243     3.2255     3.2231    33.0134    33.0233  1026.3767    26.2797    228.138    217.709  325.64813     70.057     0.1661     0.6483     0.7936 3.0278e+00      14810         10  0.000e+00
     20.492   64.67110 -170.64048     20.695     3.2243     3.2255     3.2231    33.0136    33.0230  1026.3767    26.2798    228.110    217.704  325.64771     70.048     0.1685     0.6630     0.7936 3.0278e+00      14811         10  0.000e+00
     20.492   64.67110 -170.64048     20.695     3.2244     3.2253     3.2232    33.0134    33.0235  1026.3766    26.2796    228.118    217.698  325.64742     70.051     0.1673     0.6557     0.7936 3.0367e+00      14812         10  0.000e+00
     20.453   64.67110 -170.64048     20.656     3.2245     3.2255     3.2233    33.0133    33.0233  1026.3763    26.2795    228.091    217.690  325.64718     70.043     0.1673     0.6557     0.7936 3.0367e+00      14813         10  0.000e+00
     20.492   64.67110 -170.64048     20.695     3.2245     3.2255     3.2233    33.0137    33.0230  1026.3768    26.2799    228.102    217.469  325.64613     70.046     0.1673     0.6557     0.7936 3.0456e+00      14814         10  0.000e+00
     20.453   64.67110 -170.64048     20.656     3.2246     3.2255     3.2234    33.0134    33.0231  1026.3764    26.2796    228.076    217.414  325.64550     70.038     0.1673     0.6557     0.7949 3.0545e+00      14815         10  0.000e+00
     20.492   64.67110 -170.64048     20.695     3.2245     3.2256     3.2233    33.0137    33.0233  1026.3769    26.2799    228.304    217.383  325.64603     70.108     0.1673     0.6557     0.7999 3.0545e+00      14816         10  0.000e+00
     20.492   64.67110 -170.64048     20.695     3.2244     3.2255     3.2232    33.0134    33.0230  1026.3766    26.2797    228.100    217.545  325.64722     70.045     0.1673     0.6557     0.8024 3.0634e+00      14817         10  0.000e+00
     20.453   64.67110 -170.64048     20.656     3.2245     3.2255     3.2233    33.0135    33.0233  1026.3765    26.2797    228.110    217.533  325.64668     70.048     0.1685     0.6630     0.8024 3.0545e+00      14818         10  0.000e+00
     20.438   64.67110 -170.64048     20.641     3.2246     3.2255     3.2234    33.0134    33.0231  1026.3763    26.2796    228.121    217.522  325.64568     70.052     0.1673     0.6557     0.8012 3.0634e+00      14819         10  0.000e+00
     20.453   64.67110 -170.64048     20.656     3.2245     3.2255     3.2233    33.0138    33.0229  1026.3767    26.2799    228.101    217.511  325.64598     70.046     0.1685     0.6630     0.8024 3.0634e+00      14820         10  0.000e+00
     20.492   64.67110 -170.64048     20.695     3.2246     3.2255     3.2234    33.0137    33.0231  1026.3768    26.2799    228.151    217.499  325.64486     70.061     0.1673     0.6557     0.8012 3.0724e+00      14821         10  0.000e+00
     20.438   64.67110 -170.64048     20.641     3.2244     3.2256     3.2232    33.0135    33.0231  1026.3764    26.2797    228.168    217.482  325.64715     70.066     0.1685     0.6630     0.8024 3.0903e+00      14822         10  0.000e+00
     20.453   64.67110 -170.64048     20.656     3.2245     3.2255     3.2233    33.0132    33.0230  1026.3763    26.2795    228.402    217.492  325.64728     70.138     0.1673     0.6557     0.8012 3.0903e+00      14823         10  0.000e+00
     20.438   64.67110 -170.64048     20.641     3.2245     3.2253     3.2233    33.0135    33.0233  1026.3764    26.2797    228.239    217.501  325.64666     70.088     0.1685     0.6630     0.8012 3.0994e+00      14824         10  0.000e+00
     20.453   64.67110 -170.64048     20.656     3.2246     3.2255     3.2234    33.0134    33.0233  1026.3764    26.2796    228.258    217.485  325.64560     70.094     0.1673     0.6557     0.8024 3.1084e+00      14825         10  0.000e+00
     20.438   64.67110 -170.64048     20.641     3.2246     3.2255     3.2234    33.0139    33.0235  1026.3767    26.2800    228.493    217.492  325.64478     70.166     0.1673     0.6557     0.8012 3.1175e+00      14826         10  0.000e+00
     20.399   64.67110 -170.64048     20.602     3.2246     3.2255     3.2234    33.0140    33.0231  1026.3766    26.2801    228.297    217.476  325.64404     70.106     0.1673     0.6557     0.8024 3.1266e+00      14827         10  0.000e+00
