EcoFOCI/data/1_SampleCollection/2023_SikuliaqDBO_CruiseData/CTD_raw_BottleFile_SKQ23-12S/proc/skq202312s_066.cnv
* Sea-Bird SBE 9 Data File:
* FileName = D:\CTD\SKQ202312S\SKQ202312S_066.hex
* Software Version Seasave V 7.26.7.121
* Temperature SN = 6177
* Conductivity SN = 0369
* Number of Bytes Per Scan = 41
* Number of Voltage Words = 4
* Number of Scans Averaged by the Deck Unit = 1
* NMEA Latitude = 72 12.41 N
* NMEA Longitude = 166 57.30 W
* NMEA UTC (Time) = Sep 28 2023  13:08:17
* NMEA baud rate = 4800
** Ship: R/V Sikuliaq
** Station Number: 066
** Station Name: IC0.3
** Bottom Depth: 47
** Operator: SD
# nquan = 24
# nvalues = 4842                                  
# units = specified
# name 0 = depSM: Depth [salt water, m]
# name 1 = latitude: Latitude [deg]
# name 2 = longitude: Longitude [deg]
# name 3 = prDM: Pressure, Digiquartz [db]
# name 4 = t090C: Temperature [ITS-90, deg C]
# name 5 = t190C: Temperature, 2 [ITS-90, deg C]
# name 6 = potemp090C: Potential Temperature [ITS-90, deg C]
# name 7 = sal00: Salinity, Practical [PSU]
# name 8 = sal11: Salinity, Practical, 2 [PSU]
# name 9 = density00: Density [density, kg/m^3]
# name 10 = sigma-é00: Density [sigma-theta, kg/m^3]
# name 11 = sbox0Mm/Kg: Oxygen, SBE 43 [umol/kg]
# name 12 = sbox1Mm/Kg: Oxygen, SBE 43, 2 [umol/kg]
# name 13 = oxsolMm/Kg: Oxygen Saturation, Garcia & Gordon [umol/kg]
# name 14 = sbeox0PS: Oxygen, SBE 43 [% saturation]
# name 15 = sbeox1PS: Oxygen, SBE 43, 2 [% saturation]
# name 16 = v0: Voltage 0
# name 17 = flECO-AFL: Fluorescence, WET Labs ECO-AFL/FL [mg/m^3]
# name 18 = v1: Voltage 1
# name 19 = CStarAt0: Beam Attenuation, WET Labs C-Star [1/m]
# name 20 = par: PAR/Irradiance, Biospherical/Licor
# name 21 = scan: Scan Count
# name 22 = timeM: Time, Elapsed [minutes]
# name 23 = flag:  0.000e+00
# span 0 =      2.489,     42.256                 
# span 1 =   72.20680,   72.20682                 
# span 2 = -166.95580, -166.95532                 
# span 3 =      2.514,     42.698                 
# span 4 =     0.2306,     4.3186                 
# span 5 =     0.2313,     4.3202                 
# span 6 =     0.2294,     4.3170                 
# span 7 =    30.9114,    32.4398                 
# span 8 =    30.9226,    32.4884                 
# span 9 =  1024.5362,  1026.2016                 
# span 10 =    24.5236,    26.0200                
# span 11 =    304.815,    350.082                
# span 12 =    288.016,    316.056                
# span 13 =  321.53063,  352.92889                
# span 14 =     88.313,     99.665                
# span 15 =     83.449,     90.669                
# span 16 =     0.0989,     0.2283                
# span 17 =     0.2454,     1.0220                
# span 18 =     2.5726,     4.1490                
# span 19 =     0.5094,     2.4218                
# span 20 = 1.0000e-12, 7.3024e-01                
# span 21 =          1,       4842                
# span 22 =     0.0000,     3.3618                
# span 23 = 0.0000e+00, 0.0000e+00                
# interval = seconds: 0.0416667
# start_time = Sep 28 2023 13:12:40 [NMEA time, first data scan]
# bad_flag = -9.990e-29
*END*
[from data line 3019]
     32.007   72.20682 -166.95562     32.341     0.2429     0.2407     0.2418    32.4166    32.4379  1026.1639    26.0095    315.985    300.073  352.78404     89.569     85.068     0.1123     0.3260     3.4615     1.2342 1.0000e-12       3020     2.0965  0.000e+00
     31.961   72.20682 -166.95562     32.294     0.2423     0.2402     0.2412    32.4160    32.4387  1026.1633    26.0090    315.799    300.148  352.79140     89.514     85.089     0.1123     0.3260     3.4615     1.2342 1.0000e-12       3021     2.0972  0.000e+00
     32.007   72.20682 -166.95562     32.341     0.2415     0.2402     0.2404    32.4163    32.4381  1026.1638    26.0093    315.847    299.996  352.79779     89.526     85.045     0.1111     0.3187     3.4615     1.2342 1.0000e-12       3022     2.0979  0.000e+00
     32.022   72.20682 -166.95562     32.356     0.2407     0.2395     0.2396    32.4172    32.4387  1026.1646    26.0101    315.925    300.262  352.80240     89.547     85.119     0.1123     0.3260     3.4615     1.2342 1.0000e-12       3023     2.0986  0.000e+00
     32.022   72.20682 -166.95562     32.356     0.2403     0.2389     0.2392    32.4172    32.4385  1026.1646    26.0101    315.747    300.139  352.80671     89.496     85.083     0.1111     0.3187     3.4615     1.2342 1.0000e-12       3024     2.0993  0.000e+00
     32.061   72.20682 -166.95562     32.395     0.2396     0.2387     0.2386    32.4167    32.4382  1026.1644    26.0097    315.804    300.001  352.81363     89.510     85.043     0.1123     0.3260     3.4579     1.2384 1.0000e-12       3025     2.1000  0.000e+00
     32.022   72.20682 -166.95562     32.356     0.2392     0.2380     0.2381    32.4178    32.4384  1026.1651    26.0106    315.840    300.035  352.81479     89.520     85.051     0.1111     0.3187     3.4493     1.2483 1.0000e-12       3026     2.1007  0.000e+00
     32.061   72.20682 -166.95562     32.395     0.2389     0.2378     0.2378    32.4177    32.4376  1026.1653    26.0106    315.911    300.300  352.81800     89.539     85.125     0.1123     0.3260     3.4457     1.2526 1.0000e-12       3027     2.1014  0.000e+00
     32.138   72.20682 -166.95562     32.473     0.2386     0.2375     0.2375    32.4178    32.4374  1026.1657    26.0107    315.683    300.362  352.82046     89.474     85.142     0.1111     0.3187     3.4457     1.2526 1.0000e-12       3028     2.1021  0.000e+00
     32.061   72.20682 -166.95562     32.395     0.2386     0.2372     0.2375    32.4176    32.4377  1026.1652    26.0105    315.718    300.428  352.82102     89.484     85.161     0.1123     0.3260     3.4457     1.2526 1.0000e-12       3029     2.1028  0.000e+00
     32.138   72.20682 -166.95562     32.473     0.2381     0.2370     0.2370    32.4178    32.4376  1026.1658    26.0107    315.749    300.298  352.82512     89.492     85.123     0.1123     0.3260     3.4469     1.2512 1.0000e-12       3030     2.1035  0.000e+00
     32.122   72.20682 -166.95562     32.458     0.2378     0.2373     0.2367    32.4180    32.4372  1026.1659    26.0109    315.802    300.330  352.82697     89.506     85.133     0.1111     0.3187     3.4457     1.2526 1.0000e-12       3031     2.1042  0.000e+00
     32.192   72.20682 -166.95562     32.528     0.2375     0.2372     0.2364    32.4188    32.4368  1026.1668    26.0115    315.887    300.382  352.82805     89.530     85.147     0.1123     0.3260     3.4457     1.2526 1.0000e-12       3032     2.1049  0.000e+00
     32.138   72.20682 -166.95562     32.473     0.2375     0.2375     0.2364    32.4190    32.4368  1026.1667    26.0117    315.753    300.435  352.82751     89.492     85.162     0.1111     0.3187     3.4457     1.2526 1.0000e-12       3033     2.1056  0.000e+00
     32.238   72.20682 -166.95562     32.574     0.2375     0.2378     0.2364    32.4184    32.4369  1026.1668    26.0113    315.811    300.291  352.82893     89.508     85.122     0.1123     0.3260     3.4469     1.2512 8.4714e-06       3034     2.1063  0.000e+00
     32.192   72.20682 -166.95562     32.528     0.2378     0.2376     0.2367    32.4180    32.4364  1026.1662    26.0109    315.646    300.318  352.82708     89.462     85.129     0.1111     0.3187     3.4469     1.2512 1.0000e-12       3035     2.1069  0.000e+00
     32.238   72.20682 -166.95562     32.574     0.2378     0.2378     0.2367    32.4175    32.4366  1026.1661    26.0105    315.718    300.354  352.82830     89.482     85.140     0.1123     0.3260     3.4469     1.2512 8.4714e-06       3036     2.1076  0.000e+00
     32.192   72.20682 -166.95562     32.528     0.2381     0.2378     0.2370    32.4174    32.4370  1026.1657    26.0104    315.767    300.186  352.82624     89.497     85.093     0.1111     0.3187     3.4457     1.2526 1.0000e-12       3037     2.1083  0.000e+00
     32.292   72.20682 -166.95562     32.629     0.2378     0.2378     0.2367    32.4178    32.4365  1026.1666    26.0108    315.856    300.196  352.82747     89.521     85.095     0.1111     0.3187     3.4469     1.2512 1.0000e-12       3038     2.1090  0.000e+00
     32.253   72.20682 -166.95562     32.590     0.2375     0.2374     0.2364    32.4181    32.4370  1026.1666    26.0110    315.923    300.213  352.82987     89.540     85.100     0.1111     0.3187     3.4457     1.2526 8.4714e-06       3039     2.1097  0.000e+00
     32.307   72.20682 -166.95562     32.645     0.2376     0.2375     0.2365    32.4176    32.4367  1026.1665    26.0106    315.777    300.243  352.82970     89.498     85.108     0.1074     0.2967     3.4469     1.2512 1.0000e-12       3040     2.1104  0.000e+00
     32.292   72.20682 -166.95562     32.629     0.2373     0.2376     0.2363    32.4179    32.4371  1026.1666    26.0108    315.858    300.251  352.83155     89.521     85.111     0.1074     0.2967     3.4457     1.2526 1.0000e-12       3041     2.1111  0.000e+00
     32.361   72.20682 -166.95562     32.699     0.2375     0.2378     0.2364    32.4175    32.4365  1026.1666    26.0105    315.924    300.275  352.83165     89.539     85.117     0.1062     0.2894     3.4457     1.2526 1.0000e-12       3042     2.1118  0.000e+00
     32.354   72.20682 -166.95562     32.691     0.2375     0.2378     0.2364    32.4180    32.4359  1026.1670    26.0109    316.012    300.092  352.83003     89.565     85.065     0.1074     0.2967     3.4457     1.2526 1.0000e-12       3043     2.1125  0.000e+00
     32.361   72.20682 -166.95562     32.699     0.2376     0.2381     0.2365    32.4181    32.4358  1026.1671    26.0109    315.841    300.076  352.82841     89.517     85.061     0.1062     0.2894     3.4469     1.2512 8.4714e-06       3044     2.1132  0.000e+00
     32.354   72.20682 -166.95562     32.691     0.2375     0.2379     0.2364    32.4174    32.4365  1026.1665    26.0104    315.900    300.072  352.83187     89.533     85.060     0.1062     0.2894     3.4457     1.2526 1.0000e-12       3045     2.1139  0.000e+00
     32.361   72.20682 -166.95562     32.699     0.2378     0.2380     0.2367    32.4165    32.4364  1026.1658    26.0097    315.937    300.079  352.83114     89.543     85.062     0.1062     0.2894     3.4347     1.2653 8.4714e-06       3046     2.1146  0.000e+00
     32.423   72.20682 -166.95562     32.761     0.2376     0.2381     0.2365    32.4166    32.4362  1026.1662    26.0098    315.762    299.855  352.83241     89.494     84.999     0.1074     0.2967     3.4298     1.2710 1.0000e-12       3047     2.1153  0.000e+00
     32.462   72.20682 -166.95562     32.800     0.2375     0.2378     0.2364    32.4165    32.4358  1026.1663    26.0097    315.812    299.831  352.83422     89.507     84.991     0.1074     0.2967     3.4310     1.2696 1.0000e-12       3048     2.1160  0.000e+00
     32.423   72.20682 -166.95562     32.761     0.2370     0.2375     0.2359    32.4170    32.4356  1026.1665    26.0101    315.843    299.843  352.83709     89.515     84.994     0.1062     0.2894     3.4310     1.2696 1.0000e-12       3049     2.1167  0.000e+00
     32.462   72.20682 -166.95562     32.800     0.2375     0.2378     0.2364    32.4160    32.4359  1026.1659    26.0093    315.896    299.834  352.83559     89.531     84.992     0.1074     0.2967     3.4310     1.2696 1.0000e-12       3050     2.1174  0.000e+00
     32.539   72.20682 -166.95562     32.878     0.2372     0.2376     0.2361    32.4164    32.4363  1026.1666    26.0096    315.739    299.626  352.83713     89.486     84.933     0.1062     0.2894     3.4310     1.2696 1.0000e-12       3051     2.1181  0.000e+00
     32.462   72.20682 -166.95562     32.800     0.2368     0.2375     0.2357    32.4168    32.4362  1026.1666    26.0100    315.756    299.612  352.83901     89.490     84.929     0.1074     0.2967     3.4310     1.2696 1.0000e-12       3052     2.1187  0.000e+00
     32.539   72.20682 -166.95562     32.878     0.2368     0.2374     0.2357    32.4164    32.4357  1026.1666    26.0096    315.803    299.587  352.84028     89.503     84.921     0.1062     0.2894     3.4310     1.2696 1.0000e-12       3053     2.1194  0.000e+00
     32.539   72.20682 -166.95562     32.878     0.2368     0.2375     0.2357    32.4164    32.4351  1026.1667    26.0097    315.872    299.567  352.84017     89.523     84.915     0.1062     0.2894     3.4310     1.2696 1.0000e-12       3054     2.1201  0.000e+00
     32.577   72.20682 -166.95562     32.917     0.2367     0.2370     0.2356    32.4170    32.4358  1026.1673    26.0101    315.921    299.348  352.83956     89.537     84.853     0.1074     0.2967     3.4310     1.2696 1.0000e-12       3055     2.1208  0.000e+00
     32.593   72.20682 -166.95562     32.933     0.2367     0.2375     0.2356    32.4172    32.4354  1026.1676    26.0103    315.753    299.319  352.83948     89.489     84.845     0.1074     0.2967     3.4310     1.2696 1.0000e-12       3056     2.1215  0.000e+00
     32.577   72.20682 -166.95562     32.917     0.2368     0.2376     0.2357    32.4173    32.4355  1026.1675    26.0103    315.759    299.303  352.83782     89.491     84.841     0.1074     0.2967     3.4310     1.2696 1.0000e-12       3057     2.1222  0.000e+00
     32.654   72.20682 -166.95562     32.995     0.2372     0.2376     0.2361    32.4161    32.4350  1026.1669    26.0094    315.795    299.305  352.83801     89.501     84.841     0.1062     0.2894     3.4310     1.2696 8.4714e-06       3058     2.1229  0.000e+00
     32.577   72.20682 -166.95562     32.917     0.2367     0.2380     0.2356    32.4161    32.4345  1026.1666    26.0094    315.852    299.280  352.84243     89.516     84.835     0.1074     0.2967     3.4310     1.2696 1.0000e-12       3059     2.1236  0.000e+00
     32.708   72.20682 -166.95562     33.050     0.2367     0.2376     0.2356    32.4160    32.4346  1026.1672    26.0094    315.695    299.279  352.84276     89.472     84.834     0.1062     0.2894     3.4322     1.2682 1.0000e-12       3060     2.1243  0.000e+00
     32.708   72.20682 -166.95562     33.050     0.2366     0.2368     0.2355    32.4159    32.4346  1026.1671    26.0093    315.713    299.072  352.84415     89.477     84.773     0.1074     0.2967     3.4310     1.2696 1.0000e-12       3061     2.1250  0.000e+00
     32.693   72.20682 -166.95562     33.034     0.2364     0.2365     0.2353    32.4158    32.4351  1026.1669    26.0092    315.754    299.058  352.84599     89.488     84.769     0.1062     0.2894     3.4310     1.2696 1.0000e-12       3062     2.1257  0.000e+00
     32.708   72.20682 -166.95562     33.050     0.2362     0.2368     0.2351    32.4157    32.4348  1026.1669    26.0091    315.819    299.054  352.84787     89.506     84.768     0.1062     0.2894     3.4310     1.2696 1.0000e-12       3063     2.1264  0.000e+00
     32.755   72.20682 -166.95562     33.096     0.2362     0.2370     0.2351    32.4158    32.4339  1026.1672    26.0092    315.862    298.820  352.84749     89.518     84.702     0.1074     0.2967     3.4310     1.2696 8.4714e-06       3064     2.1271  0.000e+00
     32.762   72.20682 -166.95562     33.104     0.2362     0.2372     0.2351    32.4159    32.4338  1026.1673    26.0093    315.925    298.996  352.84727     89.536     84.752     0.1062     0.2894     3.4310     1.2696 1.0000e-12       3065     2.1278  0.000e+00
     32.762   72.20682 -166.95562     33.104     0.2359     0.2372     0.2348    32.4164    32.4346  1026.1678    26.0097    316.011    298.966  352.84846     89.560     84.744     0.1050     0.2820     3.4188     1.2839 1.0000e-12       3066     2.1285  0.000e+00
     32.863   72.20682 -166.95562     33.206     0.2358     0.2372     0.2347    32.4162    32.4344  1026.1681    26.0095    315.837    298.767  352.85060     89.510     84.687     0.1050     0.2820     3.4103     1.2939 1.0000e-12       3067     2.1292  0.000e+00
     32.824   72.20682 -166.95562     33.167     0.2355     0.2367     0.2344    32.4159    32.4345  1026.1677    26.0093    315.879    298.763  352.85402     89.521     84.685     0.1062     0.2894     3.4090     1.2953 1.0000e-12       3068     2.1299  0.000e+00
     32.809   72.20682 -166.95562     33.151     0.2353     0.2364     0.2342    32.4153    32.4339  1026.1671    26.0088    315.942    298.557  352.85712     89.538     84.626     0.1050     0.2820     3.4103     1.2939 8.4714e-06       3069     2.1306  0.000e+00
     32.878   72.20682 -166.95562     33.221     0.2354     0.2359     0.2343    32.4151    32.4346  1026.1673    26.0087    315.741    298.554  352.85652     89.481     84.624     0.1050     0.2820     3.4103     1.2939 1.0000e-12       3070     2.1313  0.000e+00
     32.924   72.20682 -166.95562     33.268     0.2352     0.2359     0.2341    32.4163    32.4348  1026.1685    26.0097    315.758    298.529  352.85584     89.487     84.618     0.1050     0.2820     3.4103     1.2939 1.0000e-12       3071     2.1319  0.000e+00
     32.878   72.20682 -166.95562     33.221     0.2352     0.2359     0.2341    32.4162    32.4346  1026.1682    26.0096    315.795    298.543  352.85622     89.497     84.621     0.1050     0.2820     3.4103     1.2939 8.4714e-06       3072     2.1326  0.000e+00
     32.994   72.20682 -166.95562     33.338     0.2354     0.2363     0.2343    32.4163    32.4336  1026.1689    26.0097    315.569    298.331  352.85326     89.434     84.561     0.1062     0.2894     3.4103     1.2939 1.0000e-12       3073     2.1333  0.000e+00
     32.924   72.20682 -166.95562     33.268     0.2356     0.2362     0.2345    32.4160    32.4337  1026.1682    26.0094    315.559    298.498  352.85267     89.431     84.609     0.1050     0.2820     3.4103     1.2939 1.0000e-12       3074     2.1340  0.000e+00
     32.994   72.20682 -166.95562     33.338     0.2359     0.2364     0.2348    32.4155    32.4336  1026.1681    26.0089    315.574    298.492  352.85101     89.436     84.607     0.1062     0.2894     3.4103     1.2939 1.0000e-12       3075     2.1347  0.000e+00
     32.978   72.20682 -166.95562     33.322     0.2358     0.2363     0.2347    32.4156    32.4342  1026.1682    26.0091    315.611    298.309  352.85204     89.446     84.556     0.1050     0.2820     3.4103     1.2939 1.0000e-12       3076     2.1354  0.000e+00
     32.994   72.20682 -166.95562     33.338     0.2358     0.2362     0.2347    32.4161    32.4337  1026.1686    26.0094    315.623    298.329  352.85092     89.449     84.561     0.1050     0.2820     3.4103     1.2939 1.0000e-12       3077     2.1361  0.000e+00
     33.109   72.20682 -166.95562     33.455     0.2358     0.2360     0.2347    32.4155    32.4338  1026.1687    26.0090    315.420    298.150  352.85248     89.391     84.510     0.1050     0.2820     3.4103     1.2939 1.0000e-12       3078     2.1368  0.000e+00
     33.040   72.20682 -166.95562     33.385     0.2359     0.2353     0.2348    32.4145    32.4337  1026.1676    26.0082    315.429    298.141  352.85361     89.394     84.506     0.1050     0.2820     3.4103     1.2939 1.0000e-12       3079     2.1375  0.000e+00
