EcoFOCI/data/1_SampleCollection/2023_SikuliaqDBO_CruiseData/CTD_raw_BottleFile_SKQ23-12S/proc/skq202312s_065.cnv
* Sea-Bird SBE 9 Data File:
* FileName = D:\CTD\SKQ202312S\SKQ202312S_065.hex
* Software Version Seasave V 7.26.7.121
* Temperature SN = 6177
* Conductivity SN = 0369
* Number of Bytes Per Scan = 41
* Number of Voltage Words = 4
* Number of Scans Averaged by the Deck Unit = 1
* NMEA Latitude = 72 05.73 N
* NMEA Longitude = 166 38.74 W
* NMEA UTC (Time) = Sep 28 2023  11:45:18
* NMEA baud rate = 4800
** Ship: R/V Sikuliaq
** Station Number: 065
** Station Name: IC0.2
** Bottom Depth: 46
** Operator: Bern
# nquan = 24
# nvalues = 5154                                  
# units = specified
# name 0 = depSM: Depth [salt water, m]
# name 1 = latitude: Latitude [deg]
# name 2 = longitude: Longitude [deg]
# name 3 = prDM: Pressure, Digiquartz [db]
# name 4 = t090C: Temperature [ITS-90, deg C]
# name 5 = t190C: Temperature, 2 [ITS-90, deg C]
# name 6 = potemp090C: Potential Temperature [ITS-90, deg C]
# name 7 = sal00: Salinity, Practical [PSU]
# name 8 = sal11: Salinity, Practical, 2 [PSU]
# name 9 = density00: Density [density, kg/m^3]
# name 10 = sigma-é00: Density [sigma-theta, kg/m^3]
# name 11 = sbox0Mm/Kg: Oxygen, SBE 43 [umol/kg]
# name 12 = sbox1Mm/Kg: Oxygen, SBE 43, 2 [umol/kg]
# name 13 = oxsolMm/Kg: Oxygen Saturation, Garcia & Gordon [umol/kg]
# name 14 = sbeox0PS: Oxygen, SBE 43 [% saturation]
# name 15 = sbeox1PS: Oxygen, SBE 43, 2 [% saturation]
# name 16 = v0: Voltage 0
# name 17 = flECO-AFL: Fluorescence, WET Labs ECO-AFL/FL [mg/m^3]
# name 18 = v1: Voltage 1
# name 19 = CStarAt0: Beam Attenuation, WET Labs C-Star [1/m]
# name 20 = par: PAR/Irradiance, Biospherical/Licor
# name 21 = scan: Scan Count
# name 22 = timeM: Time, Elapsed [minutes]
# name 23 = flag:  0.000e+00
# span 0 =      2.391,     41.018                 
# span 1 =   72.09544,   72.09544                 
# span 2 = -166.64596, -166.64570                 
# span 3 =      2.415,     41.446                 
# span 4 =    -0.3209,     4.4067                 
# span 5 =    -0.3201,     4.4082                 
# span 6 =    -0.3221,     4.4051                 
# span 7 =    30.8401,    32.3823                 
# span 8 =    30.8552,    32.4209                 
# span 9 =  1024.4885,  1026.1696                 
# span 10 =    24.4653,    26.0028                
# span 11 =    303.785,    347.219                
# span 12 =    286.463,    314.219                
# span 13 =  321.15594,  358.25783                
# span 14 =     88.195,     97.584                
# span 15 =     83.294,     90.578                
# span 16 =     0.0720,     0.1587                
# span 17 =     0.0842,     0.6044                
# span 18 =     3.3004,     4.2503                
# span 19 =     0.4128,     1.4250                
# span 20 = 1.0000e-12, 6.7263e-01                
# span 21 =          1,       5154                
# span 22 =     0.0000,     3.5785                
# span 23 = 0.0000e+00, 0.0000e+00                
# interval = seconds: 0.0416667
# start_time = Sep 28 2023 11:48:51 [NMEA time, first data scan]
# bad_flag = -9.990e-29
*END*
[from data line 3201]
     35.765   72.09544 -166.64582     36.138    -0.2970    -0.2977    -0.2980    32.3481    32.3659  1026.1518    25.9787    317.560    301.245  358.00173     88.704     84.156     0.1050     0.2820     3.4603     1.2356 1.0000e-12       3202     2.2229  0.000e+00
     35.765   72.09544 -166.64582     36.138    -0.2971    -0.2979    -0.2982    32.3476    32.3657  1026.1515    25.9783    317.567    301.278  358.00459     88.705     84.165     0.1062     0.2894     3.4603     1.2356 1.0000e-12       3203     2.2236  0.000e+00
     35.811   72.09544 -166.64582     36.185    -0.2975    -0.2983    -0.2985    32.3471    32.3654  1026.1513    25.9779    317.585    301.287  358.00932     88.709     84.166     0.1050     0.2820     3.4603     1.2356 1.0000e-12       3204     2.2243  0.000e+00
     35.826   72.09544 -166.64582     36.200    -0.2976    -0.2987    -0.2986    32.3468    32.3662  1026.1511    25.9776    317.606    301.323  358.01125     88.714     84.176     0.1050     0.2820     3.4603     1.2356 8.4714e-06       3205     2.2250  0.000e+00
     35.880   72.09544 -166.64582     36.255    -0.2979    -0.2987    -0.2990    32.3475    32.3661  1026.1519    25.9782    317.636    301.332  358.01259     88.722     84.178     0.1050     0.2820     3.4603     1.2356 8.4714e-06       3206     2.2257  0.000e+00
     35.872   72.09544 -166.64582     36.247    -0.2980    -0.2983    -0.2991    32.3475    32.3660  1026.1519    25.9782    317.671    301.365  358.01354     88.731     84.189     0.1050     0.2820     3.4603     1.2356 1.0000e-12       3207     2.2264  0.000e+00
     35.880   72.09544 -166.64582     36.255    -0.2987    -0.2974    -0.2997    32.3481    32.3652  1026.1525    25.9787    317.717    301.399  358.01768     88.743     84.200     0.1062     0.2894     3.4591     1.2370 8.4714e-06       3208     2.2271  0.000e+00
     35.880   72.09544 -166.64582     36.255    -0.2987    -0.2967    -0.2997    32.3485    32.3653  1026.1528    25.9791    317.765    301.405  358.01650     88.757     84.203     0.1050     0.2820     3.4603     1.2356 1.0000e-12       3209     2.2278  0.000e+00
     35.926   72.09544 -166.64582     36.301    -0.2984    -0.2967    -0.2994    32.3488    32.3649  1026.1532    25.9793    317.773    301.421  358.01311     88.760     84.207     0.1062     0.2894     3.4603     1.2356 1.0000e-12       3210     2.2285  0.000e+00
     35.934   72.09544 -166.64582     36.309    -0.2985    -0.2972    -0.2995    32.3484    32.3651  1026.1530    25.9790    317.790    301.471  358.01514     88.764     84.220     0.1050     0.2820     3.4603     1.2356 1.0000e-12       3211     2.2292  0.000e+00
     35.996   72.09544 -166.64582     36.371    -0.2985    -0.2979    -0.2996    32.3484    32.3654  1026.1533    25.9790    317.814    301.495  358.01573     88.771     84.226     0.1062     0.2894     3.4603     1.2356 1.0000e-12       3212     2.2299  0.000e+00
     35.980   72.09544 -166.64582     36.356    -0.2987    -0.2984    -0.2997    32.3482    32.3652  1026.1530    25.9788    317.841    301.299  358.01749     88.778     84.169     0.1050     0.2820     3.4603     1.2356 1.0000e-12       3213     2.2306  0.000e+00
     36.050   72.09544 -166.64582     36.426    -0.2988    -0.2990    -0.2999    32.3482    32.3650  1026.1534    25.9788    317.878    301.519  358.01905     88.788     84.229     0.1050     0.2820     3.4603     1.2356 1.0000e-12       3214     2.2313  0.000e+00
     35.996   72.09544 -166.64582     36.371    -0.2990    -0.2989    -0.3000    32.3476    32.3650  1026.1526    25.9783    317.916    301.507  358.02241     88.798     84.226     0.1062     0.2894     3.4615     1.2342 1.0000e-12       3215     2.2319  0.000e+00
     36.096   72.09544 -166.64582     36.473    -0.2991    -0.2990    -0.3002    32.3484    32.3651  1026.1538    25.9790    317.669    301.503  358.02119     88.729     84.225     0.1050     0.2820     3.4640     1.2314 1.0000e-12       3216     2.2326  0.000e+00
     36.050   72.09544 -166.64582     36.426    -0.2992    -0.2990    -0.3002    32.3486    32.3654  1026.1537    25.9792    317.917    301.492  358.02101     88.799     84.222     0.1062     0.2894     3.4628     1.2328 1.0000e-12       3217     2.2333  0.000e+00
     36.096   72.09544 -166.64582     36.473    -0.2990    -0.2995    -0.3000    32.3486    32.3653  1026.1539    25.9791    317.726    301.490  358.01963     88.745     84.220     0.1050     0.2820     3.4640     1.2314 1.0000e-12       3218     2.2340  0.000e+00
     36.111   72.09544 -166.64582     36.488    -0.2988    -0.2996    -0.2999    32.3484    32.3653  1026.1539    25.9790    317.695    301.294  358.01833     88.737     84.166     0.1062     0.2894     3.4640     1.2314 1.0000e-12       3219     2.2347  0.000e+00
     36.111   72.09544 -166.64582     36.488    -0.2988    -0.2995    -0.2999    32.3482    32.3653  1026.1537    25.9789    317.965    301.289  358.01892     88.812     84.164     0.1050     0.2820     3.4640     1.2314 1.0000e-12       3220     2.2354  0.000e+00
     36.158   72.09544 -166.64582     36.535    -0.2988    -0.2993    -0.2999    32.3477    32.3654  1026.1535    25.9784    318.041    301.475  358.02041     88.833     84.217     0.1050     0.2820     3.4640     1.2314 1.0000e-12       3221     2.2361  0.000e+00
     36.165   72.09544 -166.64582     36.543    -0.2990    -0.2991    -0.3000    32.3467    32.3652  1026.1527    25.9776    317.831    301.470  358.02493     88.773     84.216     0.1050     0.2820     3.4640     1.2314 1.0000e-12       3222     2.2368  0.000e+00
     36.165   72.09544 -166.64582     36.543    -0.2999    -0.2990    -0.3009    32.3473    32.3649  1026.1532    25.9781    318.077    301.497  358.03171     88.841     84.223     0.1050     0.2820     3.4640     1.2314 1.0000e-12       3223     2.2375  0.000e+00
     36.273   72.09544 -166.64582     36.652    -0.3002    -0.2992    -0.3012    32.3475    32.3649  1026.1540    25.9783    317.785    301.531  358.03371     88.758     84.232     0.1062     0.2894     3.4640     1.2314 1.0000e-12       3224     2.2382  0.000e+00
     36.227   72.09544 -166.64582     36.605    -0.3005    -0.2995    -0.3016    32.3490    32.3650  1026.1549    25.9795    317.781    301.561  358.03287     88.757     84.240     0.1050     0.2820     3.4640     1.2314 1.0000e-12       3225     2.2389  0.000e+00
     36.281   72.09544 -166.64582     36.660    -0.3001    -0.2996    -0.3011    32.3495    32.3646  1026.1556    25.9799    317.781    301.595  358.02722     88.759     84.249     0.1050     0.2820     3.4628     1.2328 1.0000e-12       3226     2.2396  0.000e+00
     36.273   72.09544 -166.64582     36.652    -0.2996    -0.2993    -0.3007    32.3488    32.3649  1026.1550    25.9793    317.787    301.593  358.02488     88.761     84.249     0.1050     0.2820     3.4628     1.2328 1.0000e-12       3227     2.2403  0.000e+00
     36.281   72.09544 -166.64582     36.660    -0.2996    -0.2995    -0.3007    32.3480    32.3652  1026.1543    25.9787    317.805    301.595  358.02713     88.766     84.250     0.1062     0.2894     3.4628     1.2328 1.0000e-12       3228     2.2410  0.000e+00
     36.335   72.09544 -166.64582     36.714    -0.2998    -0.2996    -0.3008    32.3473    32.3650  1026.1541    25.9781    317.831    301.600  358.03067     88.772     84.251     0.1050     0.2820     3.4640     1.2314 1.0000e-12       3229     2.2417  0.000e+00
     36.381   72.09544 -166.64582     36.761    -0.3002    -0.2998    -0.3012    32.3472    32.3644  1026.1542    25.9781    317.863    301.607  358.03459     88.780     84.252     0.1050     0.2820     3.4628     1.2328 1.0000e-12       3230     2.2424  0.000e+00
     36.335   72.09544 -166.64582     36.714    -0.3001    -0.3002    -0.3011    32.3479    32.3649  1026.1546    25.9786    317.891    301.639  358.03155     88.788     84.260     0.1074     0.2967     3.4628     1.2328 1.0000e-12       3231     2.2431  0.000e+00
     36.450   72.09544 -166.64582     36.831    -0.3001    -0.3001    -0.3011    32.3483    32.3648  1026.1555    25.9790    318.179    301.676  358.03033     88.869     84.271     0.1050     0.2820     3.4628     1.2328 1.0000e-12       3232     2.2437  0.000e+00
     36.381   72.09544 -166.64582     36.761    -0.2997    -0.3009    -0.3008    32.3485    32.3649  1026.1553    25.9791    317.965    301.465  358.02661     88.810     84.210     0.1062     0.2894     3.4628     1.2328 8.4714e-06       3233     2.2444  0.000e+00
     36.450   72.09544 -166.64582     36.831    -0.2995    -0.3010    -0.3005    32.3484    32.3651  1026.1555    25.9790    318.010    301.662  358.02443     88.824     84.265     0.1050     0.2820     3.4628     1.2328 8.4714e-06       3234     2.2451  0.000e+00
     36.450   72.09544 -166.64582     36.831    -0.2993    -0.3010    -0.3003    32.3479    32.3648  1026.1551    25.9786    317.814    301.668  358.02404     88.769     84.266     0.1050     0.2820     3.4591     1.2370 8.4714e-06       3235     2.2458  0.000e+00
     36.497   72.09544 -166.64582     36.878    -0.2993    -0.3013    -0.3003    32.3472    32.3648  1026.1547    25.9780    317.831    301.678  358.02612     88.773     84.268     0.1050     0.2820     3.4554     1.2412 8.4714e-06       3236     2.2465  0.000e+00
     36.512   72.09544 -166.64582     36.893    -0.2996    -0.3012    -0.3007    32.3471    32.3646  1026.1548    25.9780    318.102    301.683  358.02951     88.848     84.270     0.1050     0.2820     3.4542     1.2427 8.4714e-06       3237     2.2472  0.000e+00
     36.512   72.09544 -166.64582     36.893    -0.2998    -0.3010    -0.3008    32.3464    32.3646  1026.1542    25.9774    317.930    301.466  358.03320     88.799     84.210     0.1050     0.2820     3.4542     1.2427 8.4714e-06       3238     2.2479  0.000e+00
     36.558   72.09544 -166.64582     36.940    -0.3005    -0.3006    -0.3016    32.3462    32.3644  1026.1543    25.9773    317.880    301.441  358.04061     88.783     84.204     0.1050     0.2820     3.4542     1.2427 1.0000e-12       3239     2.2486  0.000e+00
     36.628   72.09544 -166.64582     37.010    -0.3016    -0.3004    -0.3027    32.3458    32.3643  1026.1543    25.9770    318.132    301.421  358.05189     88.851     84.198     0.1062     0.2894     3.4542     1.2427 1.0000e-12       3240     2.2493  0.000e+00
     36.566   72.09544 -166.64582     36.948    -0.3023    -0.3004    -0.3034    32.3455    32.3643  1026.1539    25.9768    317.929    301.398  358.05947     88.792     84.192     0.1050     0.2820     3.4542     1.2427 1.0000e-12       3241     2.2500  0.000e+00
     36.612   72.09544 -166.64582     36.994    -0.3033    -0.3006    -0.3044    32.3461    32.3647  1026.1546    25.9773    318.187    301.381  358.06741     88.862     84.187     0.1062     0.2894     3.4554     1.2412 1.0000e-12       3242     2.2507  0.000e+00
     36.628   72.09544 -166.64582     37.010    -0.3042    -0.3014    -0.3053    32.3467    32.3647  1026.1552    25.9779    317.749    301.591  358.07373     88.738     84.244     0.1050     0.2820     3.4554     1.2412 1.0000e-12       3243     2.2514  0.000e+00
     36.682   72.09544 -166.64582     37.065    -0.3045    -0.3017    -0.3056    32.3468    32.3638  1026.1555    25.9779    317.968    301.389  358.07683     88.799     84.186     0.1050     0.2820     3.4542     1.2427 1.0000e-12       3244     2.2521  0.000e+00
     36.674   72.09544 -166.64582     37.057    -0.3053    -0.3018    -0.3063    32.3466    32.3637  1026.1554    25.9778    317.945    301.373  358.08415     88.791     84.181     0.1013     0.2601     3.4542     1.2427 1.0000e-12       3245     2.2528  0.000e+00
     36.682   72.09544 -166.64582     37.065    -0.3058    -0.3016    -0.3069    32.3471    32.3639  1026.1559    25.9783    317.923    301.355  358.08805     88.783     84.177     0.1013     0.2601     3.4542     1.2427 1.0000e-12       3246     2.2535  0.000e+00
     36.736   72.09544 -166.64582     37.119    -0.3062    -0.3016    -0.3072    32.3478    32.3646  1026.1567    25.9788    317.904    301.341  358.08938     88.778     84.174     0.1001     0.2527     3.4542     1.2427 1.0000e-12       3247     2.2542  0.000e+00
     36.782   72.09544 -166.64582     37.166    -0.3068    -0.3013    -0.3079    32.3481    32.3640  1026.1572    25.9790    317.893    301.328  358.09453     88.773     84.170     0.1013     0.2601     3.4542     1.2427 1.0000e-12       3248     2.2549  0.000e+00
     36.735   72.09544 -166.64582     37.119    -0.3070    -0.3014    -0.3080    32.3479    32.3645  1026.1568    25.9789    317.878    301.314  358.09661     88.769     84.166     0.1026     0.2674     3.4542     1.2427 1.0000e-12       3249     2.2556  0.000e+00
     36.735   72.09544 -166.64582     37.119    -0.3071    -0.3018    -0.3081    32.3486    32.3639  1026.1574    25.9795    317.866    301.308  358.09569     88.766     84.163     0.1013     0.2601     3.4542     1.2427 1.0000e-12       3250     2.2563  0.000e+00
     36.843   72.09544 -166.64582     37.228    -0.3068    -0.3036    -0.3079    32.3487    32.3649  1026.1579    25.9795    317.860    301.316  358.09287     88.765     84.163     0.1026     0.2674     3.4542     1.2427 1.0000e-12       3251     2.2569  0.000e+00
     36.797   72.09544 -166.64582     37.181    -0.3068    -0.3047    -0.3079    32.3481    32.3644  1026.1573    25.9791    317.856    301.317  358.09432     88.763     84.160     0.1013     0.2601     3.4542     1.2427 8.4714e-06       3252     2.2576  0.000e+00
     36.851   72.09544 -166.64582     37.236    -0.3071    -0.3054    -0.3082    32.3470    32.3645  1026.1566    25.9782    318.111    301.319  358.10084     88.833     84.159     0.1026     0.2674     3.4542     1.2427 1.0000e-12       3253     2.2583  0.000e+00
     36.897   72.09544 -166.64582     37.283    -0.3071    -0.3057    -0.3081    32.3464    32.3644  1026.1564    25.9777    317.914    301.317  358.10173     88.778     84.158     0.1013     0.2601     3.4542     1.2427 1.0000e-12       3254     2.2590  0.000e+00
     36.851   72.09544 -166.64582     37.236    -0.3074    -0.3063    -0.3085    32.3473    32.3646  1026.1569    25.9784    317.919    301.316  358.10266     88.779     84.156     0.1013     0.2601     3.4481     1.2497 8.4714e-06       3255     2.2597  0.000e+00
     36.851   72.09544 -166.64582     37.236    -0.3074    -0.3072    -0.3085    32.3472    32.3648  1026.1568    25.9783    317.929    301.320  358.10290     88.781     84.155     0.1026     0.2674     3.4371     1.2625 1.0000e-12       3256     2.2604  0.000e+00
     36.959   72.09544 -166.64582     37.345    -0.3080    -0.3083    -0.3091    32.3477    32.3649  1026.1578    25.9788    317.951    301.331  358.10733     88.787     84.156     0.1013     0.2601     3.4335     1.2668 1.0000e-12       3257     2.2611  0.000e+00
     36.913   72.09544 -166.64582     37.298    -0.3082    -0.3082    -0.3092    32.3470    32.3648  1026.1570    25.9782    317.969    301.108  358.11034     88.791     84.094     0.1026     0.2674     3.4347     1.2653 8.4714e-06       3258     2.2618  0.000e+00
     36.967   72.09544 -166.64582     37.353    -0.3084    -0.3078    -0.3094    32.3476    32.3650  1026.1577    25.9787    317.993    301.298  358.11082     88.797     84.148     0.1013     0.2601     3.4347     1.2653 1.0000e-12       3259     2.2625  0.000e+00
     36.959   72.09544 -166.64582     37.345    -0.3088    -0.3075    -0.3099    32.3485    32.3643  1026.1584    25.9795    318.019    301.299  358.11255     88.804     84.149     0.1026     0.2674     3.4347     1.2653 1.0000e-12       3260     2.2632  0.000e+00
