EcoFOCI/data/1_SampleCollection/2023_SikuliaqDBO_CruiseData/CTD_raw_BottleFile_SKQ23-12S/proc/skq202312s_079svp.cnv
* Sea-Bird SBE 9 Data File:
* FileName = D:\CTD\SKQ202312S\SKQ202312S_079.hex
* Software Version Seasave V 7.26.7.121
* Temperature SN = 6177
* Conductivity SN = 0369
* Number of Bytes Per Scan = 41
* Number of Voltage Words = 4
* Number of Scans Averaged by the Deck Unit = 1
* NMEA Latitude = 65 44.28 N
* NMEA Longitude = 168 38.83 W
* NMEA UTC (Time) = Oct 03 2023  07:05:08
* NMEA baud rate = 4800
** Ship: R/V Sikuliaq
** Station Number: 079
** Station Name: BS6
** Bottom Depth: 51
** Operator: SD
# nquan = 7
# nvalues = 5201                                  
# units = specified
# name 0 = depSM: Depth [salt water, m]
# name 1 = latitude: Latitude [deg]
# name 2 = longitude: Longitude [deg]
# name 3 = t090C: Temperature [ITS-90, deg C]
# name 4 = sal00: Salinity, Practical [PSU]
# name 5 = svCM: Sound Velocity [Chen-Millero, m/s]
# name 6 = flag:  0.000e+00
# span 0 =      2.896,     46.217                 
# span 1 =   65.73778,   65.73788                 
# span 2 = -168.64800, -168.64748                 
# span 3 =     2.8054,     6.2234                 
# span 4 =    26.2108,    32.5771                 
# span 5 =    1456.41,    1469.77                 
# span 6 = 0.0000e+00, 0.0000e+00                 
# interval = seconds: 0.0416667
# start_time = Oct 03 2023 07:08:37 [NMEA time, first data scan]
# bad_flag = -9.990e-29
*END*
[from data line 1847]
     16.034   65.73784 -168.64772     5.3490    31.2804    1467.68  0.000e+00
     16.126   65.73784 -168.64772     5.3489    31.2804    1467.69  0.000e+00
     16.126   65.73784 -168.64772     5.3486    31.2808    1467.68  0.000e+00
     16.126   65.73784 -168.64772     5.3481    31.2816    1467.68  0.000e+00
     16.149   65.73784 -168.64772     5.3476    31.2818    1467.68  0.000e+00
     16.126   65.73784 -168.64772     5.3473    31.2822    1467.68  0.000e+00
     16.180   65.73784 -168.64772     5.3471    31.2820    1467.68  0.000e+00
     16.126   65.73784 -168.64772     5.3465    31.2808    1467.68  0.000e+00
     16.203   65.73784 -168.64772     5.3460    31.2807    1467.68  0.000e+00
     16.180   65.73784 -168.64772     5.3452    31.2820    1467.67  0.000e+00
     16.180   65.73784 -168.64772     5.3447    31.2814    1467.67  0.000e+00
     16.180   65.73784 -168.64772     5.3439    31.2816    1467.67  0.000e+00
     16.203   65.73784 -168.64772     5.3432    31.2820    1467.67  0.000e+00
     16.234   65.73784 -168.64772     5.3422    31.2818    1467.66  0.000e+00
     16.234   65.73784 -168.64772     5.3411    31.2813    1467.66  0.000e+00
     16.234   65.73784 -168.64772     5.3404    31.2802    1467.65  0.000e+00
     16.265   65.73784 -168.64772     5.3390    31.2818    1467.65  0.000e+00
     16.234   65.73784 -168.64772     5.3380    31.2821    1467.65  0.000e+00
     16.296   65.73784 -168.64772     5.3370    31.2826    1467.64  0.000e+00
     16.296   65.73784 -168.64772     5.3360    31.2828    1467.64  0.000e+00
     16.265   65.73784 -168.64772     5.3352    31.2829    1467.64  0.000e+00
     16.296   65.73784 -168.64772     5.3343    31.2828    1467.63  0.000e+00
     16.296   65.73784 -168.64772     5.3336    31.2834    1467.63  0.000e+00
     16.350   65.73784 -168.64772     5.3329    31.2840    1467.63  0.000e+00
     16.381   65.73784 -168.64772     5.3323    31.2842    1467.63  0.000e+00
     16.350   65.73784 -168.64772     5.3314    31.2859    1467.63  0.000e+00
     16.296   65.73784 -168.64772     5.3312    31.2879    1467.63  0.000e+00
     16.411   65.73784 -168.64772     5.3314    31.2900    1467.63  0.000e+00
     16.381   65.73784 -168.64772     5.3320    31.2922    1467.64  0.000e+00
     16.411   65.73784 -168.64772     5.3329    31.2954    1467.64  0.000e+00
     16.411   65.73784 -168.64772     5.3341    31.2972    1467.65  0.000e+00
     16.411   65.73784 -168.64772     5.3352    31.3007    1467.66  0.000e+00
     16.411   65.73784 -168.64772     5.3376    31.3034    1467.67  0.000e+00
     16.435   65.73784 -168.64772     5.3408    31.3066    1467.69  0.000e+00
     16.465   65.73784 -168.64772     5.3441    31.3083    1467.71  0.000e+00
     16.465   65.73784 -168.64772     5.3477    31.3084    1467.72  0.000e+00
     16.465   65.73784 -168.64772     5.3511    31.3066    1467.73  0.000e+00
     16.550   65.73784 -168.64772     5.3538    31.3060    1467.75  0.000e+00
     16.465   65.73784 -168.64772     5.3560    31.3055    1467.75  0.000e+00
     16.527   65.73784 -168.64772     5.3577    31.3055    1467.76  0.000e+00
     16.581   65.73784 -168.64772     5.3594    31.3060    1467.77  0.000e+00
     16.550   65.73784 -168.64772     5.3611    31.3051    1467.77  0.000e+00
     16.581   65.73784 -168.64772     5.3622    31.3053    1467.78  0.000e+00
     16.581   65.73784 -168.64772     5.3634    31.3049    1467.78  0.000e+00
     16.581   65.73784 -168.64772     5.3645    31.3054    1467.79  0.000e+00
     16.666   65.73784 -168.64772     5.3657    31.3050    1467.79  0.000e+00
     16.635   65.73784 -168.64772     5.3667    31.3058    1467.80  0.000e+00
     16.635   65.73784 -168.64772     5.3685    31.3089    1467.81  0.000e+00
     16.697   65.73784 -168.64772     5.3719    31.3170    1467.84  0.000e+00
     16.720   65.73784 -168.64772     5.3788    31.3293    1467.88  0.000e+00
     16.697   65.73784 -168.64772     5.3882    31.3396    1467.93  0.000e+00
     16.751   65.73784 -168.64772     5.4009    31.3502    1468.00  0.000e+00
     16.697   65.73784 -168.64772     5.4166    31.3609    1468.07  0.000e+00
     16.835   65.73784 -168.64772     5.4338    31.3664    1468.15  0.000e+00
     16.812   65.73784 -168.64772     5.4486    31.3687    1468.21  0.000e+00
     16.812   65.73784 -168.64772     5.4616    31.3688    1468.27  0.000e+00
     16.835   65.73784 -168.64772     5.4742    31.3668    1468.32  0.000e+00
     16.866   65.73784 -168.64772     5.4855    31.3666    1468.36  0.000e+00
     16.866   65.73784 -168.64772     5.4970    31.3670    1468.41  0.000e+00
     16.928   65.73784 -168.64772     5.5084    31.3683    1468.46  0.000e+00
     16.951   65.73784 -168.64772     5.5199    31.3698    1468.51  0.000e+00
     16.982   65.73784 -168.64772     5.5306    31.3686    1468.55  0.000e+00
     16.982   65.73784 -168.64772     5.5398    31.3657    1468.58  0.000e+00
     17.036   65.73784 -168.64772     5.5474    31.3649    1468.61  0.000e+00
     17.005   65.73784 -168.64772     5.5538    31.3657    1468.64  0.000e+00
     17.098   65.73784 -168.64772     5.5595    31.3671    1468.67  0.000e+00
     17.036   65.73784 -168.64772     5.5639    31.3677    1468.68  0.000e+00
     17.098   65.73784 -168.64772     5.5675    31.3676    1468.70  0.000e+00
     17.182   65.73784 -168.64772     5.5692    31.3664    1468.71  0.000e+00
     17.152   65.73784 -168.64772     5.5697    31.3653    1468.71  0.000e+00
     17.213   65.73784 -168.64772     5.5683    31.3640    1468.70  0.000e+00
     17.213   65.73784 -168.64772     5.5657    31.3630    1468.69  0.000e+00
     17.236   65.73784 -168.64772     5.5623    31.3619    1468.67  0.000e+00
     17.267   65.73784 -168.64772     5.5576    31.3611    1468.65  0.000e+00
     17.267   65.73784 -168.64772     5.5519    31.3612    1468.63  0.000e+00
     17.267   65.73784 -168.64772     5.5463    31.3599    1468.61  0.000e+00
     17.406   65.73784 -168.64772     5.5413    31.3610    1468.59  0.000e+00
     17.383   65.73784 -168.64772     5.5358    31.3651    1468.57  0.000e+00
     17.383   65.73784 -168.64772     5.5319    31.3690    1468.56  0.000e+00
     17.406   65.73784 -168.64772     5.5287    31.3723    1468.55  0.000e+00
     17.499   65.73784 -168.64772     5.5258    31.3738    1468.55  0.000e+00
     17.437   65.73784 -168.64772     5.5240    31.3749    1468.54  0.000e+00
     17.553   65.73784 -168.64772     5.5221    31.3770    1468.54  0.000e+00
     17.522   65.73784 -168.64772     5.5202    31.3780    1468.53  0.000e+00
     17.553   65.73784 -168.64772     5.5183    31.3781    1468.52  0.000e+00
     17.553   65.73784 -168.64772     5.5161    31.3780    1468.51  0.000e+00
     17.614   65.73784 -168.64772     5.5136    31.3767    1468.50  0.000e+00
     17.638   65.73784 -168.64772     5.5106    31.3764    1468.49  0.000e+00
     17.668   65.73784 -168.64772     5.5068    31.3758    1468.47  0.000e+00
     17.668   65.73784 -168.64772     5.5030    31.3769    1468.46  0.000e+00
     17.753   65.73784 -168.64772     5.4993    31.3766    1468.45  0.000e+00
     17.668   65.73784 -168.64772     5.4961    31.3779    1468.43  0.000e+00
     17.784   65.73784 -168.64772     5.4933    31.3798    1468.43  0.000e+00
     17.784   65.73784 -168.64772     5.4914    31.3808    1468.42  0.000e+00
     17.807   65.73784 -168.64772     5.4897    31.3818    1468.41  0.000e+00
     17.838   65.73784 -168.64772     5.4882    31.3832    1468.41  0.000e+00
     17.838   65.73784 -168.64772     5.4874    31.3835    1468.41  0.000e+00
     17.900   65.73784 -168.64772     5.4860    31.3844    1468.40  0.000e+00
     17.869   65.73784 -168.64774     5.4850    31.3844    1468.40  0.000e+00
     17.900   65.73784 -168.64774     5.4845    31.3843    1468.40  0.000e+00
     17.954   65.73784 -168.64774     5.4836    31.3847    1468.40  0.000e+00
     17.923   65.73784 -168.64774     5.4826    31.3853    1468.39  0.000e+00
     17.954   65.73784 -168.64774     5.4822    31.3852    1468.39  0.000e+00
     18.015   65.73784 -168.64774     5.4813    31.3852    1468.39  0.000e+00
     18.015   65.73784 -168.64774     5.4806    31.3849    1468.38  0.000e+00
     18.039   65.73784 -168.64774     5.4796    31.3851    1468.38  0.000e+00
     18.015   65.73784 -168.64774     5.4790    31.3853    1468.38  0.000e+00
     18.069   65.73784 -168.64774     5.4782    31.3849    1468.38  0.000e+00
     18.092   65.73784 -168.64774     5.4775    31.3848    1468.37  0.000e+00
     18.069   65.73784 -168.64774     5.4769    31.3855    1468.37  0.000e+00
     18.131   65.73784 -168.64774     5.4766    31.3861    1468.37  0.000e+00
     18.131   65.73784 -168.64774     5.4759    31.3867    1468.37  0.000e+00
     18.154   65.73784 -168.64774     5.4756    31.3868    1468.37  0.000e+00
     18.131   65.73784 -168.64774     5.4753    31.3858    1468.37  0.000e+00
     18.185   65.73784 -168.64774     5.4752    31.3863    1468.37  0.000e+00
     18.154   65.73784 -168.64774     5.4747    31.3875    1468.37  0.000e+00
     18.185   65.73784 -168.64774     5.4745    31.3877    1468.37  0.000e+00
     18.239   65.73784 -168.64774     5.4743    31.3877    1468.37  0.000e+00
     18.239   65.73784 -168.64774     5.4740    31.3881    1468.37  0.000e+00
     18.208   65.73784 -168.64774     5.4741    31.3887    1468.37  0.000e+00
     18.239   65.73784 -168.64774     5.4740    31.3898    1468.37  0.000e+00
     18.301   65.73784 -168.64774     5.4738    31.3898    1468.37  0.000e+00
     18.270   65.73784 -168.64774     5.4738    31.3895    1468.37  0.000e+00
     18.301   65.73784 -168.64774     5.4738    31.3898    1468.37  0.000e+00
     18.301   65.73784 -168.64774     5.4736    31.3902    1468.37  0.000e+00
     18.301   65.73784 -168.64774     5.4735    31.3911    1468.37  0.000e+00
     18.324   65.73784 -168.64774     5.4737    31.3906    1468.37  0.000e+00
     18.301   65.73784 -168.64774     5.4734    31.3904    1468.37  0.000e+00
     18.355   65.73784 -168.64774     5.4734    31.3916    1468.37  0.000e+00
     18.378   65.73784 -168.64774     5.4734    31.3924    1468.37  0.000e+00
     18.355   65.73784 -168.64774     5.4731    31.3916    1468.37  0.000e+00
     18.355   65.73784 -168.64774     5.4729    31.3914    1468.37  0.000e+00
     18.416   65.73784 -168.64774     5.4724    31.3918    1468.37  0.000e+00
     18.378   65.73784 -168.64774     5.4718    31.3925    1468.36  0.000e+00
     18.355   65.73784 -168.64774     5.4716    31.3922    1468.36  0.000e+00
     18.416   65.73784 -168.64774     5.4708    31.3923    1468.36  0.000e+00
     18.439   65.73784 -168.64774     5.4700    31.3921    1468.36  0.000e+00
     18.470   65.73784 -168.64774     5.4692    31.3922    1468.36  0.000e+00
     18.416   65.73784 -168.64774     5.4684    31.3913    1468.35  0.000e+00
     18.532   65.73784 -168.64774     5.4676    31.3914    1468.35  0.000e+00
     18.493   65.73784 -168.64774     5.4667    31.3909    1468.34  0.000e+00
     18.470   65.73784 -168.64774     5.4654    31.3900    1468.34  0.000e+00
     18.532   65.73784 -168.64774     5.4639    31.3894    1468.33  0.000e+00
     18.493   65.73784 -168.64774     5.4619    31.3890    1468.32  0.000e+00
     18.586   65.73784 -168.64774     5.4596    31.3888    1468.31  0.000e+00
     18.532   65.73784 -168.64774     5.4569    31.3883    1468.30  0.000e+00
     18.532   65.73784 -168.64774     5.4542    31.3884    1468.29  0.000e+00
     18.555   65.73784 -168.64774     5.4516    31.3888    1468.28  0.000e+00
     18.586   65.73784 -168.64774     5.4491    31.3890    1468.27  0.000e+00
     18.586   65.73784 -168.64774     5.4469    31.3866    1468.26  0.000e+00
     18.609   65.73784 -168.64774     5.4440    31.3863    1468.25  0.000e+00
     18.640   65.73784 -168.64774     5.4407    31.3849    1468.23  0.000e+00
     18.586   65.73784 -168.64774     5.4368    31.3844    1468.22  0.000e+00
     18.640   65.73784 -168.64774     5.4332    31.3827    1468.20  0.000e+00
     18.725   65.73784 -168.64774     5.4293    31.3830    1468.19  0.000e+00
     18.701   65.73784 -168.64774     5.4249    31.3847    1468.17  0.000e+00
     18.701   65.73784 -168.64774     5.4205    31.3871    1468.15  0.000e+00
     18.725   65.73784 -168.64774     5.4166    31.3903    1468.14  0.000e+00
     18.701   65.73784 -168.64774     5.4137    31.3910    1468.13  0.000e+00
     18.755   65.73784 -168.64774     5.4105    31.3934    1468.12  0.000e+00
     18.779   65.73784 -168.64774     5.4078    31.3953    1468.11  0.000e+00
     18.755   65.73784 -168.64774     5.4051    31.3970    1468.11  0.000e+00
     18.817   65.73784 -168.64774     5.4032    31.3979    1468.10  0.000e+00
     18.817   65.73784 -168.64774     5.4016    31.4013    1468.10  0.000e+00
     18.779   65.73784 -168.64774     5.4008    31.4029    1468.10  0.000e+00
     18.871   65.73784 -168.64774     5.4005    31.4053    1468.10  0.000e+00
     18.871   65.73784 -168.64774     5.4008    31.4068    1468.10  0.000e+00
     18.894   65.73784 -168.64774     5.4019    31.4094    1468.11  0.000e+00
     18.871   65.73784 -168.64774     5.4036    31.4122    1468.12  0.000e+00
     18.933   65.73784 -168.64774     5.4059    31.4146    1468.13  0.000e+00
     18.956   65.73784 -168.64774     5.4089    31.4158    1468.15  0.000e+00
     18.987   65.73784 -168.64774     5.4118    31.4166    1468.16  0.000e+00
     18.987   65.73784 -168.64774     5.4147    31.4174    1468.17  0.000e+00
     18.987   65.73784 -168.64774     5.4177    31.4158    1468.18  0.000e+00
     19.064   65.73784 -168.64774     5.4201    31.4171    1468.20  0.000e+00
     19.041   65.73784 -168.64774     5.4225    31.4167    1468.21  0.000e+00
     19.041   65.73784 -168.64774     5.4245    31.4165    1468.21  0.000e+00
     19.126   65.73784 -168.64774     5.4266    31.4166    1468.22  0.000e+00
     19.102   65.73784 -168.64774     5.4285    31.4173    1468.23  0.000e+00
     19.156   65.73784 -168.64774     5.4309    31.4183    1468.24  0.000e+00
     19.126   65.73784 -168.64774     5.4335    31.4191    1468.26  0.000e+00
     19.218   65.73784 -168.64774     5.4359    31.4194    1468.27  0.000e+00
     19.218   65.73784 -168.64774     5.4386    31.4182    1468.28  0.000e+00
     19.218   65.73784 -168.64774     5.4403    31.4178    1468.28  0.000e+00
     19.241   65.73784 -168.64774     5.4419    31.4175    1468.29  0.000e+00
     19.272   65.73784 -168.64774     5.4435    31.4169    1468.30  0.000e+00
     19.334   65.73784 -168.64774     5.4443    31.4160    1468.30  0.000e+00
     19.295   65.73784 -168.64774     5.4453    31.4157    1468.30  0.000e+00
     19.388   65.73784 -168.64774     5.4456    31.4162    1468.30  0.000e+00
     19.334   65.73784 -168.64774     5.4461    31.4155    1468.31  0.000e+00
     19.411   65.73784 -168.64774     5.4465    31.4157    1468.31  0.000e+00
     19.442   65.73784 -168.64774     5.4467    31.4153    1468.31  0.000e+00
     19.442   65.73784 -168.64774     5.4470    31.4156    1468.31  0.000e+00
     19.465   65.73784 -168.64774     5.4467    31.4153    1468.31  0.000e+00
     19.558   65.73784 -168.64774     5.4465    31.4148    1468.31  0.000e+00
     19.504   65.73784 -168.64774     5.4459    31.4150    1468.31  0.000e+00
     19.581   65.73784 -168.64774     5.4448    31.4149    1468.30  0.000e+00
     19.557   65.73784 -168.64774     5.4437    31.4151    1468.30  0.000e+00
     19.619   65.73784 -168.64774     5.4429    31.4159    1468.30  0.000e+00
     19.619   65.73784 -168.64774     5.4419    31.4168    1468.29  0.000e+00
     19.642   65.73784 -168.64774     5.4413    31.4160    1468.29  0.000e+00
     19.673   65.73784 -168.64774     5.4410    31.4171    1468.29  0.000e+00
     19.735   65.73784 -168.64774     5.4413    31.4183    1468.30  0.000e+00
     19.696   65.73784 -168.64774     5.4415    31.4196    1468.30  0.000e+00
