EcoFOCI/data/1_SampleCollection/2023_SikuliaqDBO_CruiseData/CTD_raw_BottleFile_SKQ23-12S/proc/skq202312s_026.ros
* Sea-Bird SBE 9 Data File:
* FileName = D:\CTD\SKQ202312S\SKQ202312S_026.hex
* Software Version Seasave V 7.26.7.121
* Temperature SN = 6177
* Conductivity SN = 0369
* Number of Bytes Per Scan = 41
* Number of Voltage Words = 4
* Number of Scans Averaged by the Deck Unit = 1
* NMEA Latitude = 71 17.26 N
* NMEA Longitude = 157 14.75 W
* NMEA UTC (Time) = Sep 20 2023  23:14:47
* NMEA baud rate = 4800
** Ship: R/V Sikuliaq
** Station Number: 026
** Station Name: DBO5.2
** Bottom Depth: 56
** Operator: SD
# nquan = 22
# nvalues = 1078                                  
# units = specified
# name 0 = depSM: Depth [salt water, m]
# name 1 = latitude: Latitude [deg]
# name 2 = longitude: Longitude [deg]
# name 3 = prDM: Pressure, Digiquartz [db]
# name 4 = t090C: Temperature [ITS-90, deg C]
# name 5 = t190C: Temperature, 2 [ITS-90, deg C]
# name 6 = potemp090C: Potential Temperature [ITS-90, deg C]
# name 7 = sal00: Salinity, Practical [PSU]
# name 8 = sal11: Salinity, Practical, 2 [PSU]
# name 9 = density00: Density [density, kg/m^3]
# name 10 = sigma-é00: Density [sigma-theta, kg/m^3]
# name 11 = sbox0Mm/Kg: Oxygen, SBE 43 [umol/kg]
# name 12 = sbox1Mm/Kg: Oxygen, SBE 43, 2 [umol/kg]
# name 13 = oxsolMm/Kg: Oxygen Saturation, Garcia & Gordon [umol/kg]
# name 14 = sbeox0PS: Oxygen, SBE 43 [% saturation]
# name 15 = v0: Voltage 0
# name 16 = flECO-AFL: Fluorescence, WET Labs ECO-AFL/FL [mg/m^3]
# name 17 = CStarAt0: Beam Attenuation, WET Labs C-Star [1/m]
# name 18 = par: PAR/Irradiance, Biospherical/Licor
# name 19 = scan: Scan Count
# name 20 = nbf: Bottles Fired
# name 21 = flag:  0.000e+00
# interval = seconds: 0.0416667
# start_time = Sep 20 2023 23:18:27 [NMEA time, first data scan]
# bad_flag = -9.990e-29
*END*
[from data line 725]
     10.210   71.28782 -157.24494     10.316     4.3361     4.3361     4.3354    30.2861    27.0694  1024.0550    24.0068    309.456    162.613  323.52232     95.652     0.2173     0.9560     0.7471 2.4588e+01      25387         15  0.000e+00
     10.210   71.28782 -157.24494     10.316     4.3365     4.3360     4.3358    30.2860    27.0701  1024.0549    24.0066    309.644    162.636  323.51980     95.711     0.2161     0.9487     0.7471 2.4657e+01      25388         15  0.000e+00
     10.210   71.28782 -157.24494     10.316     4.3369     4.3361     4.3362    30.2855    27.0695  1024.0545    24.0062    309.264    162.659  323.51764     95.594     0.2173     0.9560     0.7471 2.4727e+01      25389         15  0.000e+00
     10.210   71.28782 -157.24494     10.316     4.3368     4.3361     4.3361    30.2849    27.0695  1024.0541    24.0058    309.459    162.682  323.51979     95.654     0.2186     0.9634     0.7471 2.4727e+01      25390         15  0.000e+00
     10.210   71.28782 -157.24494     10.316     4.3366     4.3361     4.3360    30.2852    27.0692  1024.0543    24.0061    309.443    162.683  323.52030     95.649     0.2173     0.9560     0.7471 2.4727e+01      25391         15  0.000e+00
     10.149   71.28782 -157.24494     10.253     4.3367     4.3360     4.3361    30.2851    27.0690  1024.0539    24.0060    309.212    162.683  323.51973     95.577     0.2186     0.9634     0.7471 2.4797e+01      25392         15  0.000e+00
     10.179   71.28782 -157.24494     10.285     4.3369     4.3361     4.3363    30.2853    27.0696  1024.0542    24.0060    309.196    162.681  323.51777     95.573     0.2173     0.9560     0.7471 2.4797e+01      25393         15  0.000e+00
     10.210   71.28782 -157.24494     10.316     4.3373     4.3360     4.3366    30.2863    27.0701  1024.0551    24.0068    309.181    162.680  323.51282     95.570     0.2173     0.9560     0.7471 2.4867e+01      25394         15  0.000e+00
     10.210   71.28782 -157.24494     10.316     4.3378     4.3362     4.3372    30.2872    27.0697  1024.0557    24.0075    309.164    162.677  323.50618     95.567     0.2173     0.9560     0.7471 2.5008e+01      25395         15  0.000e+00
     10.149   71.28782 -157.24494     10.253     4.3382     4.3358     4.3375    30.2874    27.0700  1024.0556    24.0076    309.329    162.673  323.50276     95.619     0.2173     0.9560     0.7471 2.5008e+01      25396         15  0.000e+00
      9.863   71.28782 -157.24494      9.965     4.3369     4.3354     4.3363    30.2861    27.0781  1024.0533    24.0067    309.539    162.532  323.51621     95.680     0.2125     0.9267     0.7421 2.6164e+01      25493         16  0.000e+00
      9.863   71.28782 -157.24494      9.965     4.3368     4.3355     4.3361    30.2863    27.0782  1024.0535    24.0068    309.544    162.518  323.51662     95.681     0.2112     0.9194     0.7421 2.6090e+01      25494         16  0.000e+00
      9.863   71.28782 -157.24494      9.965     4.3374     4.3358     4.3367    30.2865    27.0780  1024.0536    24.0070    309.332    162.696  323.51145     95.617     0.2125     0.9267     0.7421 2.5870e+01      25495         16  0.000e+00
      9.863   71.28782 -157.24494      9.965     4.3374     4.3357     4.3368    30.2871    27.0780  1024.0541    24.0075    309.514    162.531  323.50959     95.674     0.2137     0.9341     0.7421 2.5797e+01      25496         16  0.000e+00
      9.863   71.28782 -157.24494      9.965     4.3373     4.3357     4.3366    30.2878    27.0780  1024.0546    24.0080    309.729    162.517  323.50918     95.741     0.2125     0.9267     0.7421 2.5797e+01      25497         16  0.000e+00
      9.925   71.28782 -157.24494     10.028     4.3375     4.3357     4.3369    30.2880    27.0780  1024.0551    24.0082    309.554    162.698  323.50650     95.687     0.2125     0.9267     0.7508 2.5652e+01      25498         16  0.000e+00
      9.894   71.28782 -157.24494      9.996     4.3379     4.3355     4.3372    30.2887    27.0784  1024.0554    24.0087    309.586    162.704  323.50210     95.698     0.2125     0.9267     0.7583 2.5580e+01      25499         16  0.000e+00
      9.863   71.28782 -157.24494      9.965     4.3384     4.3357     4.3377    30.2891    27.0784  1024.0556    24.0089    310.006    162.730  323.49740     95.830     0.2125     0.9267     0.7596 2.5580e+01      25500         16  0.000e+00
      9.925   71.28782 -157.24494     10.028     4.3388     4.3355     4.3381    30.2885    27.0784  1024.0553    24.0084    309.652    162.737  323.49558     95.721     0.2125     0.9267     0.7583 2.5436e+01      25501         16  0.000e+00
      9.863   71.28782 -157.24494      9.965     4.3387     4.3357     4.3380    30.2881    27.0784  1024.0547    24.0081    309.865    162.740  323.49739     95.786     0.2125     0.9267     0.7583 2.5292e+01      25502         16  0.000e+00
      9.925   71.28782 -157.24494     10.028     4.3391     4.3360     4.3385    30.2881    27.0782  1024.0550    24.0081    309.686    162.744  323.49371     95.732     0.2112     0.9194     0.7583 2.5364e+01      25503         16  0.000e+00
      9.925   71.28782 -157.24494     10.028     4.3391     4.3356     4.3384    30.2879    27.0778  1024.0549    24.0080    309.688    162.555  323.49447     95.732     0.2125     0.9267     0.7583 2.5292e+01      25504         16  0.000e+00
      9.925   71.28782 -157.24494     10.028     4.3390     4.3357     4.3383    30.2875    27.0779  1024.0545    24.0076    309.691    162.558  323.49634     95.733     0.2112     0.9194     0.7583 2.5221e+01      25505         16  0.000e+00
      9.925   71.28782 -157.24494     10.028     4.3391     4.3357     4.3385    30.2872    27.0781  1024.0543    24.0074    309.692    162.756  323.49574     95.733     0.2100     0.9121     0.7583 2.5150e+01      25506         16  0.000e+00
      9.894   71.28782 -157.24494      9.996     4.3389     4.3357     4.3383    30.2870    27.0779  1024.0540    24.0073    309.938    162.565  323.49789     95.808     0.2076     0.8974     0.7583 2.5150e+01      25507         16  0.000e+00
      9.925   71.28782 -157.24494     10.028     4.3385     4.3357     4.3379    30.2861    27.0782  1024.0534    24.0065    309.978    162.570  323.50350     95.819     0.2076     0.8974     0.7583 2.5008e+01      25508         16  0.000e+00
      9.925   71.28782 -157.24494     10.028     4.3380     4.3359     4.3374    30.2861    27.0780  1024.0535    24.0066    309.804    162.552  323.50706     95.764     0.2076     0.8974     0.7583 2.5008e+01      25509         16  0.000e+00
      9.925   71.28782 -157.24494     10.028     4.3380     4.3357     4.3373    30.2867    27.0778  1024.0540    24.0071    309.803    162.536  323.50598     95.764     0.2076     0.8974     0.7583 2.5008e+01      25510         16  0.000e+00
      9.925   71.28782 -157.24494     10.028     4.3385     4.3357     4.3379    30.2877    27.0778  1024.0547    24.0078    310.007    162.713  323.49963     95.829     0.2088     0.9047     0.7583 2.4938e+01      25511         16  0.000e+00
      9.979   71.28782 -157.24494     10.082     4.3389     4.3357     4.3383    30.2888    27.0780  1024.0559    24.0087    310.033    162.718  323.49348     95.839     0.2076     0.8974     0.7583 2.4938e+01      25512         16  0.000e+00
      9.925   71.28782 -157.24494     10.028     4.3395     4.3357     4.3388    30.2892    27.0781  1024.0558    24.0089    309.845    162.719  323.48845     95.782     0.2076     0.8974     0.7583 2.4867e+01      25513         16  0.000e+00
      9.925   71.28782 -157.24494     10.028     4.3393     4.3356     4.3387    30.2875    27.0782  1024.0545    24.0076    310.058    162.721  323.49394     95.847     0.2076     0.8974     0.7583 2.4867e+01      25514         16  0.000e+00
      9.925   71.28782 -157.24494     10.028     4.3391     4.3357     4.3384    30.2860    27.0787  1024.0533    24.0064    310.091    162.743  323.49917     95.855     0.2076     0.8974     0.7583 2.4867e+01      25515         16  0.000e+00
      9.956   71.28782 -157.24494     10.059     4.3387     4.3357     4.3380    30.2861    27.0787  1024.0536    24.0065    310.122    162.551  323.50229     95.864     0.2076     0.8974     0.7583 2.4867e+01      25516         16  0.000e+00
      9.979   71.28782 -157.24494     10.082     4.3387     4.3357     4.3380    30.2868    27.0786  1024.0543    24.0071    310.147    162.531  323.50038     95.872     0.2076     0.8974     0.7583 2.4867e+01      25517         16  0.000e+00
      9.925   71.28782 -157.24494     10.028     4.3391     4.3355     4.3384    30.2876    27.0788  1024.0546    24.0077    310.163    162.726  323.49539     95.879     0.2076     0.8974     0.7596 2.4797e+01      25518         16  0.000e+00
      9.925   71.28782 -157.24494     10.028     4.3396     4.3358     4.3390    30.2878    27.0787  1024.0547    24.0078    310.181    162.726  323.49079     95.886     0.2076     0.8974     0.7609 2.4867e+01      25519         16  0.000e+00
      9.925   71.28782 -157.24494     10.028     4.3396     4.3356     4.3390    30.2881    27.0786  1024.0549    24.0080    310.169    162.727  323.49006     95.882     0.2076     0.8974     0.7609 2.4867e+01      25520         16  0.000e+00
      9.979   71.28782 -157.24494     10.082     4.3394     4.3357     4.3388    30.2887    27.0786  1024.0557    24.0085    309.979    162.727  323.49019     95.823     0.2076     0.8974     0.7609 2.4867e+01      25521         16  0.000e+00
      9.925   71.28782 -157.24494     10.028     4.3396     4.3355     4.3390    30.2889    27.0783  1024.0556    24.0087    310.172    162.725  323.48803     95.884     0.2088     0.9047     0.7609 2.4867e+01      25522         16  0.000e+00
      9.979   71.28782 -157.24494     10.082     4.3396     4.3355     4.3390    30.2881    27.0782  1024.0552    24.0080    310.160    162.724  323.48994     95.879     0.2076     0.8974     0.7621 2.4938e+01      25523         16  0.000e+00
      9.809   71.28782 -157.24494      9.911     4.3391     4.3355     4.3385    30.2882    27.0782  1024.0545    24.0081    310.172    162.523  323.49387     95.882     0.2076     0.8974     0.7609 2.5008e+01      25524         16  0.000e+00
     10.064   71.28782 -157.24494     10.168     4.3390     4.3354     4.3383    30.2877    27.0782  1024.0553    24.0078    310.164    162.698  323.49586     95.879     0.2076     0.8974     0.7609 2.5008e+01      25525         16  0.000e+00
      9.925   71.28782 -157.24494     10.028     4.3387     4.3357     4.3380    30.2879    27.0783  1024.0549    24.0080    310.138    162.711  323.49774     95.870     0.2088     0.9047     0.7621 2.5150e+01      25526         16  0.000e+00
      9.925   71.28782 -157.24494     10.028     4.3388     4.3355     4.3381    30.2876    27.0790  1024.0546    24.0077    310.146    162.729  323.49770     95.873     0.2076     0.8974     0.7609 2.5150e+01      25527         16  0.000e+00
      9.979   71.28782 -157.24494     10.082     4.3387     4.3357     4.3380    30.2880    27.0787  1024.0552    24.0081    310.121    162.747  323.49752     95.865     0.2076     0.8974     0.7609 2.5150e+01      25528         16  0.000e+00
      9.925   71.28782 -157.24494     10.028     4.3388     4.3357     4.3382    30.2878    27.0789  1024.0548    24.0079    310.122    162.548  323.49676     95.866     0.2076     0.8974     0.7609 2.5221e+01      25529         16  0.000e+00
      9.979   71.28782 -157.24494     10.082     4.3388     4.3355     4.3381    30.2884    27.0791  1024.0555    24.0083    310.093    162.739  323.49583     95.857     0.2076     0.8974     0.7609 2.5364e+01      25530         16  0.000e+00
      9.925   71.28782 -157.24494     10.028     4.3393     4.3357     4.3387    30.2887    27.0791  1024.0555    24.0086    310.086    162.733  323.49090     95.856     0.2063     0.8901     0.7609 2.5364e+01      25531         16  0.000e+00
      9.979   71.28782 -157.24494     10.082     4.3396     4.3355     4.3389    30.2889    27.0791  1024.0558    24.0087    310.084    162.752  323.48839     95.856     0.2076     0.8974     0.7621 2.5508e+01      25532         16  0.000e+00
      9.894   71.28782 -157.24494      9.996     4.3395     4.3357     4.3388    30.2879    27.0789  1024.0546    24.0079    310.081    162.766  323.49173     95.854     0.2063     0.8901     0.7609 2.5652e+01      25533         16  0.000e+00
      9.925   71.28782 -157.24494     10.028     4.3393     4.3355     4.3387    30.2868    27.0791  1024.0540    24.0071    310.082    162.762  323.49550     95.854     0.2076     0.8974     0.7609 2.5652e+01      25534         16  0.000e+00
      9.979   71.28782 -157.24494     10.082     4.3392     4.3357     4.3386    30.2868    27.0791  1024.0542    24.0070    310.079    162.756  323.49605     95.853     0.2088     0.9047     0.7609 2.5797e+01      25535         16  0.000e+00
      9.925   71.28782 -157.24494     10.028     4.3391     4.3357     4.3385    30.2856    27.0794  1024.0530    24.0061    310.074    162.770  323.49979     95.850     0.2076     0.8974     0.7609 2.5943e+01      25536         16  0.000e+00
      9.925   71.28782 -157.24494     10.028     4.3382     4.3357     4.3376    30.2844    27.0796  1024.0521    24.0052    310.077    162.763  323.51014     95.848     0.2088     0.9047     0.7609 2.6017e+01      25537         16  0.000e+00
      9.925   71.28782 -157.24494     10.028     4.3377     4.3355     4.3370    30.2839    27.0794  1024.0518    24.0049    310.073    162.778  323.51529     95.845     0.2076     0.8974     0.7571 2.6090e+01      25538         16  0.000e+00
      9.925   71.28782 -157.24494     10.028     4.3371     4.3358     4.3365    30.2845    27.0793  1024.0523    24.0054    310.100    162.791  323.51843     95.852     0.2076     0.8974     0.7396 2.6312e+01      25539         16  0.000e+00
      9.925   71.28782 -157.24494     10.028     4.3371     4.3354     4.3365    30.2848    27.0795  1024.0526    24.0057    310.088    162.785  323.51769     95.849     0.2076     0.8974     0.7346 2.6387e+01      25540         16  0.000e+00
      9.925   71.28782 -157.24494     10.028     4.3366     4.3355     4.3359    30.2847    27.0798  1024.0526    24.0057    310.081    162.775  323.52192     95.845     0.2076     0.8974     0.7346 2.6461e+01      25541         16  0.000e+00
      9.979   71.28782 -157.24492     10.083     4.3306     4.3356     4.3300    30.2796    27.0769  1024.0493    24.0021    309.803    162.883  323.58136     95.742     0.2149     0.9414     0.7383 2.3171e+01      25650         17  0.000e+00
      9.979   71.28782 -157.24492     10.083     4.3309     4.3357     4.3302    30.2795    27.0767  1024.0493    24.0021    309.598    162.901  323.57933     95.679     0.2161     0.9487     0.7383 2.3171e+01      25651         17  0.000e+00
      9.926   71.28782 -157.24492     10.028     4.3309     4.3357     4.3303    30.2796    27.0766  1024.0490    24.0021    309.783    162.918  323.57879     95.737     0.2173     0.9560     0.7383 2.3171e+01      25652         17  0.000e+00
      9.926   71.28782 -157.24492     10.028     4.3309     4.3355     4.3303    30.2798    27.0768  1024.0492    24.0023    309.792    162.936  323.57833     95.739     0.2161     0.9487     0.7383 2.3106e+01      25653         17  0.000e+00
      9.895   71.28782 -157.24492      9.997     4.3312     4.3358     4.3305    30.2800    27.0763  1024.0492    24.0024    309.797    162.930  323.57572     95.742     0.2161     0.9487     0.7383 2.3106e+01      25654         17  0.000e+00
      9.864   71.28782 -157.24492      9.966     4.3314     4.3357     4.3307    30.2801    27.0768  1024.0491    24.0025    309.803    162.946  323.57377     95.744     0.2161     0.9487     0.7383 2.3106e+01      25655         17  0.000e+00
