EcoFOCI/data/1_SampleCollection/2023_SikuliaqDBO_CruiseData/CTD_raw_BottleFile_SKQ23-12S/proc/skq202312s_051.cnv
* Sea-Bird SBE 9 Data File:
* FileName = D:\CTD\SKQ202312S\SKQ202312S_051.hex
* Software Version Seasave V 7.26.7.121
* Temperature SN = 6177
* Conductivity SN = 0369
* Number of Bytes Per Scan = 41
* Number of Voltage Words = 4
* Number of Scans Averaged by the Deck Unit = 1
* NMEA Latitude = 70 43.03 N
* NMEA Longitude = 162 51.44 W
* NMEA UTC (Time) = Sep 26 2023  19:01:27
* NMEA baud rate = 4800
** Ship: R/V Sikuliaq
** Station Number: 051
** Station Name: IC10
** Bottom Depth: 42
** Operator: SD
# nquan = 24
# nvalues = 6154                                  
# units = specified
# name 0 = depSM: Depth [salt water, m]
# name 1 = latitude: Latitude [deg]
# name 2 = longitude: Longitude [deg]
# name 3 = prDM: Pressure, Digiquartz [db]
# name 4 = t090C: Temperature [ITS-90, deg C]
# name 5 = t190C: Temperature, 2 [ITS-90, deg C]
# name 6 = potemp090C: Potential Temperature [ITS-90, deg C]
# name 7 = sal00: Salinity, Practical [PSU]
# name 8 = sal11: Salinity, Practical, 2 [PSU]
# name 9 = density00: Density [density, kg/m^3]
# name 10 = sigma-é00: Density [sigma-theta, kg/m^3]
# name 11 = sbox0Mm/Kg: Oxygen, SBE 43 [umol/kg]
# name 12 = sbox1Mm/Kg: Oxygen, SBE 43, 2 [umol/kg]
# name 13 = oxsolMm/Kg: Oxygen Saturation, Garcia & Gordon [umol/kg]
# name 14 = sbeox0PS: Oxygen, SBE 43 [% saturation]
# name 15 = sbeox1PS: Oxygen, SBE 43, 2 [% saturation]
# name 16 = v0: Voltage 0
# name 17 = flECO-AFL: Fluorescence, WET Labs ECO-AFL/FL [mg/m^3]
# name 18 = v1: Voltage 1
# name 19 = CStarAt0: Beam Attenuation, WET Labs C-Star [1/m]
# name 20 = par: PAR/Irradiance, Biospherical/Licor
# name 21 = scan: Scan Count
# name 22 = timeM: Time, Elapsed [minutes]
# name 23 = flag:  0.000e+00
# span 0 =      2.142,     36.901                 
# span 1 =   70.71704,   70.71714                 
# span 2 = -162.85630, -162.85552                 
# span 3 =      2.164,     37.284                 
# span 4 =     5.3511,     7.2761                 
# span 5 =     5.3517,     7.2778                 
# span 6 =     5.3485,     7.2745                 
# span 7 =    28.6250,    31.4787                 
# span 8 =    28.6387,    31.4965                 
# span 9 =  1022.4825,  1025.0095                 
# span 10 =    22.4667,    24.8437                
# span 11 =    199.233,    294.565                
# span 12 =    185.657,    277.464                
# span 13 =  301.04497,  312.97773                
# span 14 =     63.660,     94.579                
# span 15 =     59.330,     89.082                
# span 16 =     0.0769,     0.1966                
# span 17 =     0.1135,     0.8315                
# span 18 =     1.7192,     4.1624                
# span 19 =     0.4964,     4.0351                
# span 20 = 1.0000e-12, 1.1107e+02                
# span 21 =          1,       6154                
# span 22 =     0.0000,     4.2729                
# span 23 = 0.0000e+00, 0.0000e+00                
# interval = seconds: 0.0416667
# start_time = Sep 26 2023 19:05:40 [NMEA time, first data scan]
# bad_flag = -9.990e-29
*END*
[from data line 4891]
     36.772   70.71708 -162.85566     37.153     5.3544     5.3547     5.3517    31.4655    31.4766  1025.0080    24.8356    200.121    186.954  312.95523     63.946     59.743     0.0818     0.1428     1.7436     3.9786 1.0000e-12       4892     3.3965  0.000e+00
     36.780   70.71708 -162.85566     37.161     5.3544     5.3548     5.3517    31.4654    31.4766  1025.0079    24.8355    199.972    186.962  312.95560     63.898     59.746     0.0818     0.1428     1.7436     3.9786 1.0000e-12       4893     3.3972  0.000e+00
     36.780   70.71708 -162.85566     37.161     5.3545     5.3548     5.3517    31.4657    31.4768  1025.0082    24.8357    199.795    186.789  312.95453     63.842     59.691     0.0830     0.1502     1.7436     3.9786 8.4714e-06       4894     3.3979  0.000e+00
     36.772   70.71708 -162.85566     37.153     5.3543     5.3548     5.3515    31.4656    31.4766  1025.0081    24.8357    199.967    186.964  312.95622     63.896     59.747     0.0818     0.1428     1.7436     3.9786 8.4714e-06       4895     3.3986  0.000e+00
     36.780   70.71708 -162.85566     37.161     5.3544     5.3547     5.3517    31.4655    31.4768  1025.0080    24.8356    200.169    186.976  312.95524     63.961     59.751     0.0830     0.1502     1.7436     3.9786 1.0000e-12       4896     3.3993  0.000e+00
     36.780   70.71708 -162.85566     37.161     5.3544     5.3550     5.3517    31.4654    31.4763  1025.0079    24.8355    200.230    186.988  312.95560     63.980     59.755     0.0818     0.1428     1.7436     3.9786 1.0000e-12       4897     3.4000  0.000e+00
     36.780   70.71708 -162.85566     37.161     5.3544     5.3548     5.3517    31.4659    31.4767  1025.0084    24.8359    200.260    187.003  312.95426     63.990     59.759     0.0818     0.1428     1.7436     3.9786 1.0000e-12       4898     3.4007  0.000e+00
     36.772   70.71708 -162.85566     37.153     5.3544     5.3550     5.3517    31.4655    31.4764  1025.0080    24.8356    200.292    187.016  312.95523     64.000     59.764     0.0818     0.1428     1.7436     3.9786 8.4714e-06       4899     3.4014  0.000e+00
     36.726   70.71708 -162.85566     37.106     5.3545     5.3548     5.3518    31.4653    31.4765  1025.0076    24.8354    200.291    187.031  312.95536     64.000     59.768     0.0818     0.1428     1.7436     3.9786 8.4714e-06       4900     3.4021  0.000e+00
     36.841   70.71708 -162.85566     37.223     5.3546     5.3550     5.3518    31.4652    31.4763  1025.0080    24.8353    200.323    187.049  312.95495     64.010     59.774     0.0806     0.1355     1.7436     3.9786 8.4714e-06       4901     3.4028  0.000e+00
     36.772   70.71708 -162.85566     37.153     5.3544     5.3548     5.3517    31.4653    31.4764  1025.0079    24.8355    200.351    187.065  312.95568     64.019     59.779     0.0818     0.1428     1.7436     3.9786 1.0000e-12       4902     3.4035  0.000e+00
     36.780   70.71708 -162.85566     37.161     5.3546     5.3548     5.3519    31.4652    31.4764  1025.0078    24.8353    200.412    186.901  312.95488     64.039     59.727     0.0806     0.1355     1.7436     3.9786 1.0000e-12       4903     3.4042  0.000e+00
     36.780   70.71708 -162.85566     37.161     5.3544     5.3545     5.3517    31.4655    31.4768  1025.0080    24.8356    200.474    186.881  312.95524     64.058     59.720     0.0818     0.1428     1.7436     3.9786 1.0000e-12       4904     3.4049  0.000e+00
     36.718   70.71708 -162.85566     37.098     5.3545     5.3547     5.3518    31.4652    31.4769  1025.0075    24.8353    200.100    187.042  312.95570     63.939     59.772     0.0806     0.1355     1.7436     3.9786 8.4714e-06       4905     3.4056  0.000e+00
     36.780   70.71708 -162.85566     37.161     5.3543     5.3548     5.3515    31.4656    31.4762  1025.0081    24.8357    200.280    187.044  312.95623     63.996     59.772     0.0818     0.1428     1.7436     3.9786 1.0000e-12       4906     3.4063  0.000e+00
     36.780   70.71708 -162.85566     37.161     5.3546     5.3547     5.3519    31.4650    31.4764  1025.0076    24.8352    200.487    187.064  312.95523     64.063     59.779     0.0830     0.1502     1.7436     3.9786 1.0000e-12       4907     3.4069  0.000e+00
     36.726   70.71708 -162.85566     37.106     5.3544     5.3547     5.3517    31.4653    31.4766  1025.0076    24.8354    200.522    187.084  312.95580     64.074     59.785     0.0818     0.1428     1.7460     3.9730 1.0000e-12       4908     3.4076  0.000e+00
     36.826   70.71708 -162.85566     37.208     5.3544     5.3545     5.3517    31.4653    31.4769  1025.0081    24.8354    200.561    187.088  312.95574     64.086     59.786     0.0830     0.1502     1.7473     3.9702 8.4714e-06       4909     3.4083  0.000e+00
     36.726   70.71708 -162.85566     37.106     5.3546     5.3548     5.3519    31.4652    31.4768  1025.0075    24.8353    200.593    187.106  312.95482     64.097     59.792     0.0818     0.1428     1.7473     3.9702 8.4714e-06       4910     3.4090  0.000e+00
     36.780   70.71708 -162.85566     37.161     5.3545     5.3548     5.3517    31.4652    31.4768  1025.0078    24.8353    200.569    187.110  312.95568     64.089     59.794     0.0818     0.1428     1.7473     3.9702 8.4714e-06       4911     3.4097  0.000e+00
     36.772   70.71708 -162.85566     37.153     5.3546     5.3547     5.3519    31.4651    31.4765  1025.0077    24.8353    200.571    187.113  312.95496     64.089     59.794     0.0818     0.1428     1.7473     3.9702 1.0000e-12       4912     3.4104  0.000e+00
     36.726   70.71708 -162.85566     37.106     5.3544     5.3548     5.3517    31.4654    31.4764  1025.0077    24.8355    200.572    187.114  312.95563     64.090     59.795     0.0818     0.1428     1.7473     3.9702 8.4714e-06       4913     3.4111  0.000e+00
     36.780   70.71708 -162.85566     37.161     5.3543     5.3547     5.3515    31.4655    31.4768  1025.0080    24.8356    200.574    187.118  312.95650     64.090     59.796     0.0818     0.1428     1.7473     3.9702 8.4714e-06       4914     3.4118  0.000e+00
     36.772   70.71708 -162.85566     37.153     5.3546     5.3546     5.3519    31.4654    31.4767  1025.0079    24.8355    200.571    187.120  312.95443     64.089     59.797     0.0818     0.1428     1.7473     3.9702 1.0000e-12       4915     3.4125  0.000e+00
     36.780   70.71708 -162.85566     37.161     5.3543     5.3548     5.3515    31.4653    31.4764  1025.0079    24.8355    200.570    187.122  312.95685     64.089     59.797     0.0818     0.1428     1.7473     3.9702 8.4714e-06       4916     3.4132  0.000e+00
     36.726   70.71708 -162.85566     37.106     5.3547     5.3548     5.3519    31.4649    31.4762  1025.0073    24.8351    200.564    187.124  312.95517     64.087     59.798     0.0818     0.1428     1.7473     3.9702 1.0000e-12       4917     3.4139  0.000e+00
     36.780   70.71708 -162.85566     37.161     5.3544     5.3548     5.3517    31.4654    31.4763  1025.0080    24.8355    200.187    187.310  312.95542     63.966     59.857     0.0806     0.1355     1.7473     3.9702 8.4714e-06       4918     3.4146  0.000e+00
     36.772   70.71708 -162.85566     37.153     5.3546     5.3545     5.3519    31.4652    31.4767  1025.0078    24.8354    200.357    187.331  312.95478     64.021     59.864     0.0806     0.1355     1.7473     3.9702 8.4714e-06       4919     3.4153  0.000e+00
     36.726   70.71708 -162.85566     37.106     5.3544     5.3548     5.3517    31.4655    31.4765  1025.0078    24.8356    200.590    187.349  312.95518     64.095     59.870     0.0806     0.1355     1.7473     3.9702 1.0000e-12       4920     3.4160  0.000e+00
     36.780   70.71708 -162.85566     37.161     5.3544     5.3550     5.3517    31.4654    31.4761  1025.0079    24.8355    200.623    187.369  312.95560     64.106     59.876     0.0781     0.1209     1.7473     3.9702 1.0000e-12       4921     3.4167  0.000e+00
     36.772   70.71708 -162.85566     37.153     5.3546     5.3545     5.3519    31.4650    31.4766  1025.0075    24.8351    200.591    187.389  312.95540     64.096     59.882     0.0806     0.1355     1.7473     3.9702 1.0000e-12       4922     3.4174  0.000e+00
     36.726   70.71708 -162.85566     37.106     5.3542     5.3550     5.3514    31.4655    31.4763  1025.0078    24.8356    200.589    187.404  312.95715     64.095     59.888     0.0794     0.1282     1.7473     3.9702 1.0000e-12       4923     3.4181  0.000e+00
     36.780   70.71708 -162.85566     37.161     5.3543     5.3545     5.3515    31.4650    31.4767  1025.0077    24.8352    200.618    187.424  312.95756     64.104     59.893     0.0806     0.1355     1.7473     3.9702 8.4714e-06       4924     3.4188  0.000e+00
     36.726   70.71708 -162.85566     37.106     5.3541     5.3548     5.3514    31.4657    31.4765  1025.0080    24.8358    200.238    187.437  312.95715     63.983     59.898     0.0794     0.1282     1.7473     3.9702 1.0000e-12       4925     3.4194  0.000e+00
     36.772   70.71708 -162.85566     37.153     5.3544     5.3550     5.3517    31.4652    31.4763  1025.0077    24.8353    200.381    187.453  312.95603     64.028     59.903     0.0794     0.1282     1.7473     3.9702 1.0000e-12       4926     3.4201  0.000e+00
     36.780   70.71708 -162.85566     37.161     5.3541     5.3551     5.3514    31.4654    31.4763  1025.0079    24.8355    200.585    187.467  312.95793     64.093     59.908     0.0781     0.1209     1.7473     3.9702 8.4714e-06       4927     3.4208  0.000e+00
     36.726   70.71708 -162.85566     37.106     5.3543     5.3551     5.3515    31.4654    31.4765  1025.0077    24.8356    200.612    187.479  312.95661     64.102     59.912     0.0794     0.1282     1.7473     3.9702 8.4714e-06       4928     3.4215  0.000e+00
     36.772   70.71708 -162.85566     37.153     5.3545     5.3553     5.3517    31.4653    31.4763  1025.0078    24.8354    200.237    187.675  312.95541     63.983     59.975     0.0781     0.1209     1.7473     3.9702 1.0000e-12       4929     3.4222  0.000e+00
     36.780   70.71708 -162.85566     37.161     5.3544     5.3553     5.3517    31.4653    31.4763  1025.0079    24.8355    200.413    187.523  312.95569     64.039     59.926     0.0794     0.1282     1.7473     3.9702 1.0000e-12       4930     3.4229  0.000e+00
     36.726   70.71708 -162.85566     37.106     5.3543     5.3554     5.3515    31.4657    31.4762  1025.0079    24.8358    200.415    187.532  312.95599     64.039     59.929     0.0781     0.1209     1.7473     3.9702 8.4714e-06       4931     3.4236  0.000e+00
     36.772   70.71708 -162.85566     37.153     5.3543     5.3554     5.3515    31.4653    31.4764  1025.0079    24.8355    200.532    187.542  312.95684     64.076     59.932     0.0794     0.1282     1.7473     3.9702 8.4714e-06       4932     3.4243  0.000e+00
     36.726   70.71708 -162.85566     37.106     5.3544     5.3554     5.3517    31.4655    31.4763  1025.0078    24.8356    200.499    187.550  312.95536     64.066     59.935     0.0806     0.1355     1.7473     3.9702 8.4714e-06       4933     3.4250  0.000e+00
     36.780   70.71708 -162.85566     37.161     5.3544     5.3556     5.3517    31.4656    31.4760  1025.0081    24.8357    200.497    187.559  312.95506     64.066     59.938     0.0794     0.1282     1.7473     3.9702 8.4714e-06       4934     3.4257  0.000e+00
     36.780   70.71708 -162.85566     37.161     5.3542     5.3559     5.3514    31.4654    31.4757  1025.0080    24.8356    200.495    187.565  312.95739     64.065     59.940     0.0794     0.1282     1.7473     3.9702 1.0000e-12       4935     3.4264  0.000e+00
     36.718   70.71708 -162.85566     37.098     5.3541     5.3558     5.3514    31.4654    31.4763  1025.0077    24.8355    200.287    187.752  312.95786     63.998     60.000     0.0794     0.1282     1.7473     3.9702 1.0000e-12       4936     3.4271  0.000e+00
     36.780   70.71708 -162.85566     37.161     5.3543     5.3559     5.3515    31.4654    31.4761  1025.0080    24.8355    200.050    187.777  312.95667     63.923     60.008     0.0794     0.1282     1.7473     3.9702 8.4714e-06       4937     3.4278  0.000e+00
     36.780   70.71708 -162.85566     37.161     5.3544     5.3561     5.3517    31.4651    31.4759  1025.0077    24.8353    200.158    187.799  312.95622     63.957     60.015     0.0794     0.1282     1.7473     3.9702 8.4714e-06       4938     3.4285  0.000e+00
     36.772   70.71708 -162.85566     37.153     5.3543     5.3558     5.3515    31.4652    31.4762  1025.0078    24.8354    200.357    187.821  312.95711     64.021     60.022     0.0794     0.1282     1.7473     3.9702 8.4714e-06       4939     3.4292  0.000e+00
     36.726   70.71708 -162.85566     37.106     5.3543     5.3559     5.3516    31.4654    31.4758  1025.0077    24.8355    200.179    187.839  312.95634     63.964     60.028     0.0794     0.1282     1.7473     3.9702 8.4714e-06       4940     3.4299  0.000e+00
     36.780   70.71708 -162.85566     37.161     5.3541     5.3559     5.3514    31.4658    31.4757  1025.0083    24.8359    200.179    187.858  312.95686     63.964     60.034     0.0794     0.1282     1.7473     3.9702 8.4714e-06       4941     3.4306  0.000e+00
     36.772   70.71708 -162.85566     37.153     5.3543     5.3558     5.3515    31.4660    31.4761  1025.0084    24.8360    200.348    187.874  312.95515     64.018     60.039     0.0781     0.1209     1.7460     3.9730 1.0000e-12       4942     3.4312  0.000e+00
     36.726   70.71708 -162.85566     37.106     5.3543     5.3558     5.3515    31.4657    31.4762  1025.0079    24.8357    199.705    187.867  312.95608     63.812     60.037     0.0794     0.1282     1.7473     3.9702 1.0000e-12       4943     3.4319  0.000e+00
     36.780   70.71708 -162.85566     37.161     5.3544     5.3558     5.3517    31.4651    31.4762  1025.0077    24.8353    200.222    187.881  312.95622     63.978     60.041     0.0806     0.1355     1.7473     3.9702 1.0000e-12       4944     3.4326  0.000e+00
     36.780   70.71708 -162.85566     37.161     5.3543     5.3559     5.3515    31.4654    31.4762  1025.0080    24.8355    200.250    187.890  312.95667     63.986     60.044     0.0830     0.1502     1.7473     3.9702 1.0000e-12       4945     3.4333  0.000e+00
     36.718   70.71708 -162.85566     37.098     5.3543     5.3558     5.3516    31.4656    31.4765  1025.0079    24.8357    200.275    187.898  312.95571     63.995     60.047     0.0830     0.1502     1.7473     3.9702 8.4714e-06       4946     3.4340  0.000e+00
     36.780   70.71708 -162.85566     37.161     5.3544     5.3559     5.3517    31.4656    31.4764  1025.0081    24.8357    200.101    187.906  312.95506     63.939     60.049     0.0830     0.1502     1.7460     3.9730 8.4714e-06       4947     3.4347  0.000e+00
     36.780   70.71708 -162.85566     37.161     5.3544     5.3560     5.3517    31.4652    31.4760  1025.0078    24.8353    199.897    187.912  312.95604     63.874     60.051     0.0830     0.1502     1.7485     3.9674 1.0000e-12       4948     3.4354  0.000e+00
     36.772   70.71708 -162.85566     37.153     5.3544     5.3559     5.3517    31.4653    31.4762  1025.0078    24.8354    200.071    187.916  312.95586     63.930     60.052     0.0830     0.1502     1.7521     3.9590 1.0000e-12       4949     3.4361  0.000e+00
     36.780   70.71708 -162.85566     37.161     5.3544     5.3561     5.3517    31.4653    31.4762  1025.0079    24.8355    200.276    187.918  312.95569     63.995     60.053     0.0830     0.1502     1.7534     3.9563 8.4714e-06       4950     3.4368  0.000e+00
