EcoFOCI/data/1_SampleCollection/2023_SikuliaqDBO_CruiseData/CTD_raw_BottleFile_SKQ23-12S/proc/skq202312s_042.cnv
* Sea-Bird SBE 9 Data File:
* FileName = D:\CTD\SKQ202312S\SKQ202312S_042.hex
* Software Version Seasave V 7.26.7.121
* Temperature SN = 6177
* Conductivity SN = 0369
* Number of Bytes Per Scan = 41
* Number of Voltage Words = 4
* Number of Scans Averaged by the Deck Unit = 1
* NMEA Latitude = 71 27.22 N
* NMEA Longitude = 161 02.26 W
* NMEA UTC (Time) = Sep 24 2023  04:51:21
* NMEA baud rate = 4800
** Ship: R/V Sikuliaq
** Station Number: 042
** Station Name: DBO4.3n
** Bottom Depth: 47
** Operator: SD
# nquan = 24
# nvalues = 5011                                  
# units = specified
# name 0 = depSM: Depth [salt water, m]
# name 1 = latitude: Latitude [deg]
# name 2 = longitude: Longitude [deg]
# name 3 = prDM: Pressure, Digiquartz [db]
# name 4 = t090C: Temperature [ITS-90, deg C]
# name 5 = t190C: Temperature, 2 [ITS-90, deg C]
# name 6 = potemp090C: Potential Temperature [ITS-90, deg C]
# name 7 = sal00: Salinity, Practical [PSU]
# name 8 = sal11: Salinity, Practical, 2 [PSU]
# name 9 = density00: Density [density, kg/m^3]
# name 10 = sigma-é00: Density [sigma-theta, kg/m^3]
# name 11 = sbox0Mm/Kg: Oxygen, SBE 43 [umol/kg]
# name 12 = sbox1Mm/Kg: Oxygen, SBE 43, 2 [umol/kg]
# name 13 = oxsolMm/Kg: Oxygen Saturation, Garcia & Gordon [umol/kg]
# name 14 = sbeox0PS: Oxygen, SBE 43 [% saturation]
# name 15 = sbeox1PS: Oxygen, SBE 43, 2 [% saturation]
# name 16 = v0: Voltage 0
# name 17 = flECO-AFL: Fluorescence, WET Labs ECO-AFL/FL [mg/m^3]
# name 18 = v1: Voltage 1
# name 19 = CStarAt0: Beam Attenuation, WET Labs C-Star [1/m]
# name 20 = par: PAR/Irradiance, Biospherical/Licor
# name 21 = scan: Scan Count
# name 22 = timeM: Time, Elapsed [minutes]
# name 23 = flag:  0.000e+00
# span 0 =      2.349,     41.855                 
# span 1 =   71.45354,   71.45358                 
# span 2 = -161.03786, -161.03778                 
# span 3 =      2.373,     42.291                 
# span 4 =    -1.6139,     2.1756                 
# span 5 =    -1.6127,     2.1767                 
# span 6 =    -1.6146,     2.1751                 
# span 7 =    27.2189,    32.6070                 
# span 8 =    27.2257,    32.6184                 
# span 9 =  1021.7458,  1026.4346                 
# span 10 =    21.7342,    26.2311                
# span 11 =    258.177,    475.370                
# span 12 =    244.449,    448.275                
# span 13 =  348.74348,  370.06334                
# span 14 =     69.775,    131.631                
# span 15 =     66.067,    123.187                
# span 16 =     0.0842,     0.9316                
# span 17 =     0.1575,     5.2417                
# span 18 =     2.3895,     4.1758                
# span 19 =     0.4835,     2.7173                
# span 20 = 1.0000e-12, 2.2500e+00                
# span 21 =          1,       5011                
# span 22 =     0.0000,     3.4792                
# span 23 = 0.0000e+00, 0.0000e+00                
# interval = seconds: 0.0416667
# start_time = Sep 24 2023 04:55:17 [NMEA time, first data scan]
# bad_flag = -9.990e-29
*END*
[from data line 3684]
     41.634   71.45356 -161.03782     42.068    -1.6118    -1.6097    -1.6125    32.6049    32.6162  1026.4326    26.2294    259.964    246.871  370.03469     70.254     66.725     0.0928     0.2088     2.4640     2.5945 1.0000e-12       3685     2.5583  0.000e+00
     41.680   71.45356 -161.03782     42.115    -1.6111    -1.6095    -1.6119    32.6041    32.6163  1026.4322    26.2288    259.667    246.882  370.03046     70.175     66.729     0.0928     0.2088     2.4640     2.5945 1.0000e-12       3686     2.5590  0.000e+00
     41.634   71.45356 -161.03782     42.068    -1.6115    -1.6093    -1.6122    32.6046    32.6157  1026.4324    26.2292    259.588    246.894  370.03248     70.153     66.732     0.0928     0.2088     2.4713     2.5826 1.0000e-12       3687     2.5597  0.000e+00
     41.634   71.45356 -161.03782     42.068    -1.6115    -1.6092    -1.6122    32.6046    32.6157  1026.4324    26.2291    259.568    246.909  370.03273     70.147     66.736     0.0928     0.2088     2.4969     2.5413 8.4714e-06       3688     2.5604  0.000e+00
     41.634   71.45356 -161.03782     42.068    -1.6113    -1.6089    -1.6121    32.6045    32.6156  1026.4323    26.2291    259.606    246.695  370.03105     70.158     66.679     0.0928     0.2088     2.5067     2.5257 1.0000e-12       3689     2.5611  0.000e+00
     41.634   71.45356 -161.03782     42.068    -1.6115    -1.6088    -1.6122    32.6046    32.6154  1026.4324    26.2291    259.657    246.685  370.03273     70.171     66.676     0.0940     0.2161     2.5067     2.5257 1.0000e-12       3690     2.5618  0.000e+00
     41.688   71.45356 -161.03782     42.122    -1.6111    -1.6086    -1.6119    32.6041    32.6158  1026.4322    26.2288    259.665    246.910  370.03060     70.174     66.738     0.0928     0.2088     2.5055     2.5276 1.0000e-12       3691     2.5625  0.000e+00
     41.634   71.45356 -161.03782     42.068    -1.6113    -1.6084    -1.6121    32.6047    32.6154  1026.4324    26.2292    259.836    246.903  370.03067     70.220     66.736     0.0940     0.2161     2.5055     2.5276 1.0000e-12       3692     2.5632  0.000e+00
     41.626   71.45356 -161.03782     42.060    -1.6109    -1.6085    -1.6116    32.6046    32.6156  1026.4323    26.2291    259.589    246.900  370.02639     70.154     66.735     0.0928     0.2088     2.5055     2.5276 1.0000e-12       3693     2.5639  0.000e+00
     41.634   71.45356 -161.03782     42.068    -1.6109    -1.6084    -1.6116    32.6042    32.6158  1026.4321    26.2289    259.563    246.668  370.02729     70.147     66.673     0.0928     0.2088     2.5055     2.5276 8.4714e-06       3694     2.5646  0.000e+00
     41.688   71.45356 -161.03782     42.122    -1.6109    -1.6086    -1.6116    32.6043    32.6158  1026.4324    26.2289    259.596    246.904  370.02726     70.156     66.736     0.0928     0.2088     2.5055     2.5276 1.0000e-12       3695     2.5653  0.000e+00
     41.688   71.45356 -161.03782     42.122    -1.6109    -1.6084    -1.6116    32.6045    32.6156  1026.4325    26.2291    259.947    246.941  370.02663     70.251     66.746     0.0928     0.2088     2.5055     2.5276 8.4714e-06       3696     2.5660  0.000e+00
     41.634   71.45356 -161.03782     42.068    -1.6107    -1.6083    -1.6114    32.6044    32.6151  1026.4323    26.2290    259.782    246.716  370.02498     70.207     66.685     0.0928     0.2088     2.5043     2.5296 1.0000e-12       3697     2.5667  0.000e+00
     41.634   71.45356 -161.03782     42.068    -1.6104    -1.6080    -1.6111    32.6042    32.6155  1026.4320    26.2288    259.836    246.690  370.02289     70.222     66.679     0.0928     0.2088     2.5055     2.5276 1.0000e-12       3698     2.5674  0.000e+00
     41.626   71.45356 -161.03782     42.060    -1.6107    -1.6074    -1.6114    32.6042    32.6154  1026.4320    26.2289    259.903    246.665  370.02559     70.239     66.673     0.0928     0.2088     2.5055     2.5276 1.0000e-12       3699     2.5681  0.000e+00
     41.688   71.45356 -161.03782     42.122    -1.6104    -1.6075    -1.6111    32.6042    32.6155  1026.4323    26.2288    259.923    246.650  370.02286     70.245     66.669     0.0928     0.2088     2.5055     2.5276 1.0000e-12       3700     2.5688  0.000e+00
     41.688   71.45356 -161.03782     42.122    -1.6102    -1.6075    -1.6110    32.6042    32.6153  1026.4323    26.2288    259.949    246.636  370.02106     70.252     66.665     0.0928     0.2088     2.5055     2.5276 1.0000e-12       3701     2.5694  0.000e+00
     41.688   71.45356 -161.03782     42.122    -1.6099    -1.6075    -1.6107    32.6037    32.6158  1026.4319    26.2284    259.981    246.393  370.01973     70.261     66.600     0.0928     0.2088     2.5043     2.5296 8.4714e-06       3702     2.5701  0.000e+00
     41.688   71.45356 -161.03782     42.122    -1.6101    -1.6072    -1.6109    32.6038    32.6153  1026.4320    26.2285    260.022    246.581  370.02103     70.272     66.651     0.0928     0.2088     2.5055     2.5276 1.0000e-12       3703     2.5708  0.000e+00
     41.634   71.45356 -161.03782     42.068    -1.6101    -1.6074    -1.6108    32.6037    32.6154  1026.4317    26.2284    260.066    246.575  370.02131     70.284     66.649     0.0928     0.2088     2.5055     2.5276 1.0000e-12       3704     2.5715  0.000e+00
     41.688   71.45356 -161.03782     42.122    -1.6101    -1.6074    -1.6109    32.6036    32.6155  1026.4318    26.2283    260.120    246.574  370.02179     70.299     66.649     0.0928     0.2088     2.5055     2.5276 1.0000e-12       3705     2.5722  0.000e+00
     41.742   71.45356 -161.03782     42.177    -1.6098    -1.6077    -1.6105    32.6035    32.6157  1026.4320    26.2283    260.177    246.578  370.01840     70.315     66.649     0.0940     0.2161     2.5043     2.5296 8.4714e-06       3706     2.5729  0.000e+00
     41.634   71.45356 -161.03782     42.068    -1.6096    -1.6079    -1.6104    32.6040    32.6165  1026.4319    26.2287    260.236    246.577  370.01578     70.331     66.649     0.0940     0.2161     2.5067     2.5257 8.4714e-06       3707     2.5736  0.000e+00
     41.688   71.45356 -161.03782     42.122    -1.6096    -1.6073    -1.6104    32.6040    32.6160  1026.4322    26.2287    260.256    246.580  370.01575     70.337     66.651     0.0940     0.2161     2.5226     2.5004 1.0000e-12       3708     2.5743  0.000e+00
     41.688   71.45356 -161.03782     42.122    -1.6095    -1.6071    -1.6102    32.6039    32.6162  1026.4321    26.2286    260.330    246.586  370.01433     70.357     66.653     0.0952     0.2234     2.5299     2.4888 1.0000e-12       3709     2.5750  0.000e+00
     41.688   71.45356 -161.03782     42.122    -1.6095    -1.6065    -1.6102    32.6040    32.6158  1026.4321    26.2286    260.359    246.363  370.01420     70.365     66.594     0.0940     0.2161     2.5299     2.4888 1.0000e-12       3710     2.5757  0.000e+00
     41.688   71.45356 -161.03782     42.122    -1.6092    -1.6059    -1.6099    32.6039    32.6152  1026.4320    26.2285    260.286    246.342  370.01161     70.345     66.589     0.0952     0.2234     2.5299     2.4888 8.4714e-06       3711     2.5764  0.000e+00
     41.742   71.45356 -161.03782     42.177    -1.6090    -1.6052    -1.6098    32.6036    32.6149  1026.4321    26.2283    260.061    246.326  370.01066     70.285     66.585     0.0940     0.2161     2.5287     2.4907 1.0000e-12       3712     2.5771  0.000e+00
     41.680   71.45356 -161.03782     42.115    -1.6090    -1.6057    -1.6098    32.6035    32.6154  1026.4317    26.2282    260.360    246.317  370.01093     70.366     66.582     0.0940     0.2161     2.5299     2.4888 1.0000e-12       3713     2.5778  0.000e+00
     41.688   71.45356 -161.03782     42.122    -1.6089    -1.6062    -1.6096    32.6034    32.6159  1026.4316    26.2281    260.406    246.545  370.01029     70.378     66.643     0.0940     0.2161     2.5299     2.4888 1.0000e-12       3714     2.5785  0.000e+00
     41.688   71.45356 -161.03782     42.122    -1.6089    -1.6065    -1.6096    32.6036    32.6158  1026.4318    26.2283    260.455    246.577  370.00966     70.391     66.651     0.0952     0.2234     2.5287     2.4907 1.0000e-12       3715     2.5792  0.000e+00
     41.742   71.45356 -161.03782     42.177    -1.6094    -1.6062    -1.6101    32.6040    32.6154  1026.4324    26.2286    260.254    246.609  370.01301     70.336     66.661     0.0940     0.2161     2.5287     2.4907 8.4714e-06       3716     2.5799  0.000e+00
     41.688   71.45356 -161.03782     42.122    -1.6089    -1.6060    -1.6096    32.6034    32.6156  1026.4316    26.2281    260.572    246.641  370.01016     70.423     66.670     0.0940     0.2161     2.5299     2.4888 1.0000e-12       3717     2.5806  0.000e+00
     41.742   71.45356 -161.03782     42.177    -1.6089    -1.6057    -1.6096    32.6035    32.6152  1026.4320    26.2283    260.380    246.679  370.00975     70.371     66.680     0.0940     0.2161     2.5299     2.4888 1.0000e-12       3718     2.5812  0.000e+00
     41.742   71.45356 -161.03782     42.177    -1.6086    -1.6054    -1.6093    32.6032    32.6147  1026.4317    26.2280    260.349    246.684  370.00715     70.363     66.682     0.0940     0.2161     2.5299     2.4888 1.0000e-12       3719     2.5819  0.000e+00
     41.680   71.45356 -161.03782     42.115    -1.6087    -1.6059    -1.6095    32.6033    32.6154  1026.4315    26.2281    260.635    246.693  370.00859     70.440     66.684     0.0940     0.2161     2.5299     2.4888 8.4714e-06       3720     2.5826  0.000e+00
     41.742   71.45356 -161.03782     42.177    -1.6087    -1.6063    -1.6095    32.6034    32.6156  1026.4319    26.2281    260.666    246.707  370.00845     70.449     66.687     0.0940     0.2161     2.5287     2.4907 1.0000e-12       3721     2.5833  0.000e+00
     41.742   71.45356 -161.03782     42.177    -1.6089    -1.6065    -1.6096    32.6034    32.6153  1026.4319    26.2281    260.439    246.490  370.01026     70.387     66.628     0.0940     0.2161     2.5299     2.4888 1.0000e-12       3722     2.5840  0.000e+00
     41.742   71.45356 -161.03782     42.177    -1.6086    -1.6067    -1.6093    32.6029    32.6153  1026.4315    26.2278    260.422    246.472  370.00804     70.383     66.623     0.0940     0.2161     2.5287     2.4907 1.0000e-12       3723     2.5847  0.000e+00
     41.688   71.45356 -161.03782     42.122    -1.6083    -1.6070    -1.6090    32.6031    32.6159  1026.4314    26.2279    260.407    246.489  370.00472     70.379     66.627     0.0940     0.2161     2.5287     2.4907 8.4714e-06       3724     2.5854  0.000e+00
     41.742   71.45356 -161.03782     42.177    -1.6084    -1.6070    -1.6092    32.6033    32.6157  1026.4318    26.2280    260.664    246.479  370.00586     70.449     66.624     0.0940     0.2161     2.5299     2.4888 1.0000e-12       3725     2.5861  0.000e+00
     41.742   71.45356 -161.03782     42.177    -1.6084    -1.6065    -1.6092    32.6034    32.6151  1026.4319    26.2281    260.450    246.467  370.00561     70.391     66.621     0.0928     0.2088     2.5287     2.4907 8.4714e-06       3726     2.5868  0.000e+00
     41.742   71.45356 -161.03782     42.177    -1.6084    -1.6060    -1.6092    32.6032    32.6149  1026.4317    26.2279    260.450    246.458  370.00624     70.391     66.619     0.0940     0.2161     2.5299     2.4888 1.0000e-12       3727     2.5875  0.000e+00
     41.742   71.45356 -161.03782     42.177    -1.6083    -1.6062    -1.6090    32.6029    32.6156  1026.4315    26.2277    260.713    246.453  370.00520     70.462     66.618     0.0940     0.2161     2.5397     2.4734 1.0000e-12       3728     2.5882  0.000e+00
     41.742   71.45356 -161.03782     42.177    -1.6084    -1.6060    -1.6092    32.6035    32.6154  1026.4319    26.2282    260.770    246.451  370.00536     70.477     66.618     0.0940     0.2161     2.5458     2.4638 8.4714e-06       3729     2.5889  0.000e+00
     41.742   71.45356 -161.03782     42.177    -1.6086    -1.6065    -1.6093    32.6036    32.6156  1026.4320    26.2283    260.257    246.456  370.00614     70.339     66.619     0.0952     0.2234     2.5470     2.4619 1.0000e-12       3730     2.5896  0.000e+00
     41.742   71.45356 -161.03782     42.177    -1.6086    -1.6063    -1.6093    32.6037    32.6155  1026.4321    26.2284    260.479    246.459  370.00576     70.399     66.620     0.0952     0.2234     2.5470     2.4619 1.0000e-12       3731     2.5903  0.000e+00
     41.742   71.45356 -161.03782     42.177    -1.6084    -1.6065    -1.6092    32.6039    32.6153  1026.4323    26.2285    260.494    246.467  370.00410     70.403     66.621     0.0965     0.2308     2.5458     2.4638 1.0000e-12       3732     2.5910  0.000e+00
     41.742   71.45356 -161.03782     42.177    -1.6090    -1.6066    -1.6098    32.6045    32.6153  1026.4328    26.2290    260.519    246.477  370.00814     70.409     66.624     0.0952     0.2234     2.5458     2.4638 8.4714e-06       3733     2.5917  0.000e+00
     41.742   71.45356 -161.03782     42.177    -1.6092    -1.6066    -1.6099    32.6045    32.6155  1026.4328    26.2291    260.805    246.489  370.00969     70.486     66.627     0.0952     0.2234     2.5470     2.4619 1.0000e-12       3734     2.5924  0.000e+00
     41.804   71.45356 -161.03782     42.239    -1.6090    -1.6068    -1.6098    32.6043    32.6157  1026.4329    26.2289    260.311    246.737  370.00875     70.353     66.694     0.0952     0.2234     2.5470     2.4619 1.0000e-12       3735     2.5931  0.000e+00
     41.742   71.45356 -161.03782     42.177    -1.6089    -1.6068    -1.6096    32.6042    32.6155  1026.4325    26.2288    260.238    246.554  370.00786     70.333     66.644     0.0952     0.2234     2.5458     2.4638 8.4714e-06       3736     2.5938  0.000e+00
     41.742   71.45356 -161.03782     42.177    -1.6092    -1.6071    -1.6099    32.6046    32.6154  1026.4329    26.2291    260.173    246.575  370.00944     70.315     66.650     0.0952     0.2234     2.5458     2.4638 8.4714e-06       3737     2.5944  0.000e+00
     41.742   71.45356 -161.03782     42.177    -1.6089    -1.6070    -1.6096    32.6042    32.6155  1026.4326    26.2288    260.628    246.562  370.00773     70.439     66.646     0.0965     0.2308     2.5470     2.4619 1.0000e-12       3738     2.5951  0.000e+00
     41.742   71.45356 -161.03782     42.177    -1.6087    -1.6070    -1.6095    32.6042    32.6156  1026.4325    26.2288    260.405    246.781  370.00605     70.378     66.706     0.0940     0.2161     2.5470     2.4619 1.0000e-12       3739     2.5958  0.000e+00
     41.742   71.45356 -161.03782     42.177    -1.6086    -1.6068    -1.6093    32.6041    32.6151  1026.4324    26.2287    260.393    246.605  370.00463     70.376     66.658     0.0952     0.2234     2.5470     2.4619 1.0000e-12       3740     2.5965  0.000e+00
     41.796   71.45356 -161.03782     42.231    -1.6086    -1.6070    -1.6093    32.6042    32.6154  1026.4328    26.2288    260.438    246.634  370.00435     70.388     66.666     0.0952     0.2234     2.5470     2.4619 1.0000e-12       3741     2.5972  0.000e+00
     41.742   71.45356 -161.03782     42.177    -1.6084    -1.6065    -1.6092    32.6040    32.6154  1026.4324    26.2286    260.432    246.887  370.00372     70.386     66.735     0.0952     0.2234     2.5458     2.4638 8.4714e-06       3742     2.5979  0.000e+00
     41.742   71.45356 -161.03782     42.177    -1.6084    -1.6062    -1.6092    32.6037    32.6151  1026.4321    26.2284    260.430    246.683  370.00460     70.386     66.680     0.0940     0.2161     2.5458     2.4638 1.0000e-12       3743     2.5986  0.000e+00
