EcoFOCI/data/1_SampleCollection/2023_SikuliaqDBO_CruiseData/CTD_raw_BottleFile_SKQ23-12S/proc/skq202312s_073avg.cnv
* Sea-Bird SBE 9 Data File:
* FileName = D:\CTD\SKQ202312S\SKQ202312S_073.hex
* Software Version Seasave V 7.26.7.121
* Temperature SN = 6177
* Conductivity SN = 0369
* Number of Bytes Per Scan = 41
* Number of Voltage Words = 4
* Number of Scans Averaged by the Deck Unit = 1
* NMEA Latitude = 67 54.34 N
* NMEA Longitude = 168 10.75 W
* NMEA UTC (Time) = Oct 01 2023  20:50:17
* NMEA baud rate = 4800
** Ship: R/V Sikuliaq
** Station Number: 073
** Station Name: C12
** Bottom Depth: 58
** Operator: SD
** Mooring C12
# nquan = 25
# nvalues = 51                          
# units = specified
# name 0 = depSM: Depth [salt water, m]
# name 1 = latitude: Latitude [deg]
# name 2 = longitude: Longitude [deg]
# name 3 = prDM: Pressure, Digiquartz [db]
# name 4 = t090C: Temperature [ITS-90, deg C]
# name 5 = t190C: Temperature, 2 [ITS-90, deg C]
# name 6 = potemp090C: Potential Temperature [ITS-90, deg C]
# name 7 = sal00: Salinity, Practical [PSU]
# name 8 = sal11: Salinity, Practical, 2 [PSU]
# name 9 = density00: Density [density, kg/m^3]
# name 10 = sigma-é00: Density [sigma-theta, kg/m^3]
# name 11 = sbox0Mm/Kg: Oxygen, SBE 43 [umol/kg]
# name 12 = sbox1Mm/Kg: Oxygen, SBE 43, 2 [umol/kg]
# name 13 = oxsolMm/Kg: Oxygen Saturation, Garcia & Gordon [umol/kg]
# name 14 = sbeox0PS: Oxygen, SBE 43 [% saturation]
# name 15 = sbeox1PS: Oxygen, SBE 43, 2 [% saturation]
# name 16 = v0: Voltage 0
# name 17 = flECO-AFL: Fluorescence, WET Labs ECO-AFL/FL [mg/m^3]
# name 18 = v1: Voltage 1
# name 19 = CStarAt0: Beam Attenuation, WET Labs C-Star [1/m]
# name 20 = par: PAR/Irradiance, Biospherical/Licor
# name 21 = scan: Scan Count
# name 22 = timeM: Time, Elapsed [minutes]
# name 23 = nbin: number of scans per bin
# name 24 = flag: flag
# span 0 =      3.960,     53.453       
# span 1 =   67.90534,   67.90549       
# span 2 = -168.17941, -168.17918       
# span 3 =      4.000,     54.000       
# span 4 =     2.7744,     4.5431       
# span 5 =     2.7648,     4.5381       
# span 6 =     2.7726,     4.5414       
# span 7 =    28.5065,    32.5485       
# span 8 =    28.5159,    32.5153       
# span 9 =  1022.6568,  1026.1837       
# span 10 =    22.6380,    25.9349      
# span 11 =    198.661,    317.464      
# span 12 =    185.727,    302.042      
# span 13 =  319.94574,  331.81045      
# span 14 =     60.327,     95.733      
# span 15 =     56.406,     91.264      
# span 16 =     0.0745,     0.3941      
# span 17 =     0.0989,     2.0163      
# span 18 =     2.4154,     4.1478      
# span 19 =     0.5105,     2.6737      
# span 20 = -3.126e-04, 9.7752e+01      
# span 21 =        390,       4222      
# span 22 =     0.2704,     2.9313      
# span 23 =         25,        418      
# span 24 = 0.0000e+00, 0.0000e+00      
# interval = decibars: 1                
# start_time = Oct 01 2023 20:53:49 [NMEA time, first data scan]
# bad_flag = -9.990e-29
*END*
      3.960   67.90549 -168.17941      4.000     3.8478     3.8480     3.8476    28.5065    28.5159  1022.6568    22.6380    316.505    301.451  331.81045     95.387     90.857     0.3555     1.7848     3.9061     0.7507 9.7752e+01        390     0.2704         89 0.0000e+00
      4.950   67.90548 -168.17940      5.000     3.8534     3.8540     3.8531    28.5116    28.5218  1022.6651    22.6416    316.443    300.791  331.75231     95.385     90.676     0.3763     1.9097     3.9053     0.7516 7.7912e+01        471     0.3266         41 0.0000e+00
      5.940   67.90548 -168.17940      6.000     3.8557     3.8568     3.8553    28.5145    28.5248  1022.6719    22.6437    315.569    301.611  331.72678     95.129     90.931     0.3897     1.9901     3.9030     0.7539 5.7470e+01        539     0.3737         83 0.0000e+00
      6.930   67.90548 -168.17940      7.000     3.8530     3.8544     3.8526    28.5097    28.5221  1022.6731    22.6401    316.715    301.747  331.76062     95.465     90.965     0.3941     2.0163     3.9049     0.7520 4.9348e+01        599     0.4151         38 0.0000e+00
      7.920   67.90548 -168.17940      8.000     3.8585     3.8588     3.8581    28.5180    28.5264  1022.6839    22.6463    316.557    302.042  331.69465     95.436     91.067     0.3879     1.9794     3.9041     0.7527 3.6954e+01        637     0.4420         42 0.0000e+00
      8.910   67.90548 -168.17939      9.000     3.8660     3.8686     3.8655    28.5260    28.5368  1022.6943    22.6519    317.464    301.457  331.61390     95.733     90.919     0.3902     1.9931     3.9047     0.7522 2.8815e+01        682     0.4732         46 0.0000e+00
      9.900   67.90547 -168.17938     10.000     3.8686     3.8721     3.8680    28.5289    28.5404  1022.7011    22.6540    316.541    301.958  331.58524     95.463     91.081     0.3893     1.9876     3.9033     0.7535 2.4511e+01        732     0.5078         53 0.0000e+00
     10.890   67.90546 -168.17940     11.000     3.8892     3.8897     3.8886    28.5520    28.5592  1022.7224    22.6707    316.901    301.045  331.35998     95.637     90.857     0.3874     1.9760     3.9022     0.7546 2.1137e+01        776     0.5383         33 0.0000e+00
     11.880   67.90546 -168.17940     12.000     3.9081     3.9087     3.9075    28.5742    28.5808  1022.7431    22.6867    316.671    301.260  331.15056     95.627     90.979     0.3831     1.9506     3.9031     0.7537 1.6172e+01        813     0.5638         46 0.0000e+00
     12.870   67.90546 -168.17939     13.000     3.9272     3.9255     3.9264    28.5963    28.6024  1022.7637    22.7026    315.557    302.030  330.94106     95.351     91.264     0.3874     1.9762     3.9105     0.7462 1.2641e+01        879     0.6100         66 0.0000e+00
     13.860   67.90546 -168.17938     14.000     3.9544     3.9557     3.9536    28.6369    28.6407  1022.7983    22.7324    314.886    301.286  330.61907     95.241     91.134     0.3693     1.8674     3.9242     0.7323 1.1756e+01        919     0.6378         32 0.0000e+00
     14.850   67.90546 -168.17938     15.000     3.9766     3.9804     3.9757    28.6624    28.6729  1022.8213    22.7508    314.842    301.083  330.37582     95.298     91.149     0.3516     1.7617     3.9558     0.7002 9.3528e+00        960     0.6659         49 0.0000e+00
     15.839   67.90546 -168.17938     16.000     3.9943     3.9960     3.9934    28.6840    28.6903  1022.8416    22.7664    313.074    298.628  330.17879     94.819     90.452     0.3360     1.6679     3.9741     0.6816 7.7109e+00       1014     0.7035         52 0.0000e+00
     16.829   67.90546 -168.17938     17.000     4.0214     4.0273     4.0204    28.7164    28.7269  1022.8697    22.7898    312.314    295.716  329.87975     94.675     89.664     0.3191     1.5667     3.9954     0.6602 6.8104e+00       1059     0.7347         44 0.0000e+00
     17.819   67.90546 -168.17938     18.000     4.0986     4.1036     4.0975    28.8649    28.8669  1022.9854    22.9008    311.430    296.085  328.89008     94.691     90.038     0.2889     1.3854     4.0446     0.6114 5.6700e+00       1111     0.7707         55 0.0000e+00
     18.809   67.90546 -168.17938     19.000     4.4360     4.4795     4.4348    29.1825    29.1355  1023.2104    23.1214    306.681    292.111  325.43644     94.236     89.821     0.2339     1.0555     4.0858     0.5707 4.8655e+00       1161     0.8052         41 0.0000e+00
     19.799   67.90546 -168.17938     20.000     4.4058     4.3637     4.4045    29.8366    29.8853  1023.7371    23.6434    306.487    291.707  324.06980     94.574     89.955     0.1875     0.7770     4.1092     0.5479 4.3203e+00       1199     0.8318         41 0.0000e+00
     20.789   67.90544 -168.17938     21.000     4.0552     4.0169     4.0539    30.1340    30.1807  1024.0108    23.9124    301.863    290.504  326.11551     92.566     89.032     0.2742     1.2974     4.0658     0.5903 3.7289e+00       1247     0.8651         49 0.0000e+00
     21.779   67.90544 -168.17936     22.000     3.6112     3.6113     3.6099    30.3172    30.3286  1024.2014    24.0981    302.993    287.400  329.21633     92.034     87.306     0.2025     0.8671     4.0968     0.5600 3.1832e+00       1295     0.8988         47 0.0000e+00
     22.769   67.90544 -168.17936     23.000     3.9242     3.9526     3.9228    30.5333    30.5097  1024.3496    24.2418    300.414    283.570  326.17332     92.103     86.984     0.1312     0.4395     4.1164     0.5410 2.8152e+00       1351     0.9376         53 0.0000e+00
     23.759   67.90544 -168.17936     24.000     4.4025     4.4397     4.4009    30.8272    30.7858  1024.5417    24.4296    294.976    280.586  321.69914     91.692     87.271     0.1116     0.3216     4.0755     0.5815 2.5572e+00       1396     0.9685         39 0.0000e+00
     24.749   67.90544 -168.17936     25.000     4.5431     4.5381     4.5414    31.1024    31.1095  1024.7507    24.6340    288.618    277.253  319.94574     90.207     86.650     0.0983     0.2416     4.1251     0.5325 2.2483e+00       1438     0.9977         52 0.0000e+00
     25.739   67.90544 -168.17936     26.000     3.9517     3.9089     3.9500    31.1864    31.2360  1024.8789    24.7572    282.062    272.436  324.38784     86.955     83.931     0.0904     0.1944     4.1394     0.5186 2.0312e+00       1494     1.0371         46 0.0000e+00
     26.728   67.90544 -168.17936     27.000     3.8026     3.7920     3.8010    31.4532    31.4831  1025.1107    24.9843    272.337    261.262  324.88372     83.828     80.416     0.0898     0.1905     4.1478     0.5105 1.8792e+00       1528     1.0606         29 0.0000e+00
     27.718   67.90544 -168.17936     28.000     4.1465     4.1650     4.1447    31.7465    31.7228  1025.3153    25.1846    280.003    262.962  321.47101     87.108     81.827     0.0902     0.1932     4.1221     0.5354 1.6650e+00       1573     1.0919         71 0.0000e+00
     28.708   67.90544 -168.17936     29.000     4.2501     4.2223     4.2482    31.9056    31.9540  1025.4361    25.3008    270.202    260.223  320.28152     84.370     81.228     0.0794     0.1287     4.1080     0.5491 1.4895e+00       1646     1.1422         47 0.0000e+00
     29.698   67.90543 -168.17935     30.000     3.0188     2.9700     3.0171    31.9689    32.0443  1025.6052    25.4642    272.320    260.219  329.91820     82.541     78.824     0.0798     0.1304     4.0769     0.5796 1.3923e+00       1680     1.1659         32 0.0000e+00
     30.688   67.90542 -168.17935     31.000     3.1919     3.1886     3.1901    32.1792    32.1983  1025.7629    25.6174    261.610    251.274  327.97714     79.764     76.619     0.0805     0.1349     4.0403     0.6159 1.3082e+00       1714     1.1898         41 0.0000e+00
     31.678   67.90542 -168.17936     32.000     2.9360     2.9263     2.9342    32.2263    32.2555  1025.8273    25.6770    257.935    242.106  329.93696     78.180     73.378     0.0792     0.1272     3.9304     0.7257 1.1737e+00       1776     1.2329         68 0.0000e+00
     32.667   67.90542 -168.17934     33.000     2.7744     2.7648     2.7726    32.2598    32.2852  1025.8723    25.7171    246.054    233.374  331.17815     74.296     70.465     0.0763     0.1097     3.8589     0.7998 1.0399e+00       1824     1.2663         38 0.0000e+00
     33.657   67.90542 -168.17934     34.000     2.8650     2.8969     2.8631    32.3163    32.3074  1025.9145    25.7547    247.867    234.518  330.29447     75.044     71.054     0.0767     0.1121     3.7334     0.9317 9.6306e-01       1862     1.2921         38 0.0000e+00
     34.647   67.90542 -168.17934     35.000     3.0509     3.0522     3.0489    32.3202    32.3279  1025.9064    25.7421    243.374    229.942  328.76626     74.026     69.947     0.0761     0.1087     3.6521     1.0201 9.2359e-01       1900     1.3189         39 0.0000e+00
     35.637   67.90542 -168.17934     36.000     3.0284     3.0355     3.0263    32.3018    32.3171  1025.8984    25.7293    237.604    225.173  328.99586     72.222     68.463     0.0768     0.1128     3.5428     1.1415 7.9424e-01       1967     1.3655        100 0.0000e+00
     36.627   67.90542 -168.17932     37.000     3.0718     3.0703     3.0697    32.3383    32.3352  1025.9285    25.7548    234.511    221.049  328.55105     71.377     67.276     0.0773     0.1158     3.6250     1.0494 6.8708e-01       2040     1.4160         29 0.0000e+00
     37.617   67.90540 -168.17932     38.000     3.0833     3.0842     3.0811    32.3332    32.3450  1025.9281    25.7498    237.314    222.751  328.47114     72.248     67.822     0.0751     0.1027     3.5333     1.1525 6.0829e-01       2062     1.4312         25 0.0000e+00
     38.606   67.90540 -168.17932     39.000     3.0850     3.0861     3.0828    32.3386    32.3503  1025.9369    25.7539    237.817    223.998  328.44334     72.407     68.208     0.0757     0.1064     3.4863     1.2057 5.2953e-01       2089     1.4503         34 0.0000e+00
     39.596   67.90540 -168.17934     40.000     3.0823     3.0820     3.0800    32.3450    32.3576  1025.9469    25.7592    234.027    221.952  328.45002     71.252     67.582     0.0781     0.1208     3.5087     1.1800 4.3257e-01       2144     1.4884         69 0.0000e+00
     40.586   67.90540 -168.17932     41.000     3.0700     3.0703     3.0677    32.3503    32.3626  1025.9570    25.7645    232.700    221.266  328.53624     70.829     67.356     0.0778     0.1191     3.5250     1.1614 3.6453e-01       2207     1.5323         49 0.0000e+00
     41.576   67.90540 -168.17930     42.000     3.0597     3.0596     3.0573    32.3558    32.3685  1025.9670    25.7698    232.047    220.182  328.60592     70.616     67.011     0.0746     0.0998     3.5182     1.1692 2.9457e-01       2249     1.5614         38 0.0000e+00
     42.566   67.90540 -168.17930     43.000     3.0506     3.0510     3.0482    32.3598    32.3721  1025.9756    25.7738    232.167    219.223  328.66990     70.638     66.707     0.0745     0.0989     3.5327     1.1528 2.4175e-01       2285     1.5863         36 0.0000e+00
     43.555   67.90540 -168.17930     44.000     3.0279     3.0273     3.0254    32.3713    32.3848  1025.9915    25.7849    230.832    218.256  328.82524     70.199     66.380     0.0766     0.1119     3.5640     1.1175 2.0832e-01       2331     1.6181         54 0.0000e+00
     44.545   67.90540 -168.17930     45.000     2.9907     2.9909     2.9882    32.3837    32.3969  1026.0093    25.7980    227.994    215.945  329.09681     69.279     65.624     0.0774     0.1162     3.4887     1.2032 1.7267e-01       2400     1.6659         78 0.0000e+00
     45.535   67.90539 -168.17930     46.000     2.9783     2.9836     2.9757    32.3867    32.3970  1026.0174    25.8014    222.237    211.229  329.19023     67.510     64.180     0.0775     0.1168     3.2768     1.4561 1.3249e-01       2478     1.7198        111 0.0000e+00
     46.525   67.90538 -168.17928     47.000     2.9706     2.9717     2.9680    32.3911    32.4034  1026.0263    25.8056    216.881    206.526  329.24150     65.873     62.735     0.0776     0.1179     3.2575     1.4774 1.0246e-01       2576     1.7881         60 0.0000e+00
     47.515   67.90538 -168.17928     48.000     2.9540     2.9555     2.9513    32.4328    32.4437  1026.0657    25.8403    214.063    203.312  329.27313     65.011     61.753     0.0798     0.1308     3.1738     1.5818 7.0080e-02       2691     1.8682        190 0.0000e+00
     48.504   67.90538 -168.17928     49.000     2.9594     2.9615     2.9567    32.4577    32.4695  1026.0898    25.8597    210.038    198.679  329.16627     63.809     60.367     0.0788     0.1246     3.2057     1.5414 2.9669e-02       3117     2.1637        230 0.0000e+00
     49.494   67.90536 -168.17928     50.000     2.9657     2.9654     2.9629    32.4617    32.4738  1026.0972    25.8624    209.953    199.182  329.10518     63.795     60.527     0.0787     0.1245     3.1782     1.5759 1.7276e-02       3280     2.2773         42 0.0000e+00
     50.484   67.90537 -168.17928     51.000     2.9401     2.9412     2.9372    32.4798    32.4355  1026.1185    25.8790    208.350    197.292  329.26846     63.276     59.900     0.0799     0.1313     3.1208     1.6488 4.5603e-03       3370     2.3394        122 0.0000e+00
     51.473   67.90536 -168.17926     52.000     2.9339     2.9297     2.9310    32.2845    32.5132  1025.9679    25.7237    203.580    191.201  329.80833     61.726     58.068     0.0888     0.1849     2.6842     2.2564 -3.126e-04       3476     2.4129        106 0.0000e+00
     52.464   67.90536 -168.17923     53.000     2.9277     2.9295     2.9247    32.5485    32.5153  1026.1837    25.9349    198.667    185.727  329.19748     60.350     56.406     0.0949     0.2211     2.4489     2.6149 5.3552e-06       3890     2.7008        418 0.0000e+00
     53.453   67.90534 -168.17918     54.000     2.9286     2.9293     2.9255    32.5027    32.5139  1026.1518    25.8982    198.661    189.566  329.30528     60.327     57.572     0.0947     0.2205     2.4154     2.6737 -8.215e-07       4222     2.9313        134 0.0000e+00
