EcoFOCI/data/1_SampleCollection/2023_SikuliaqDBO_CruiseData/CTD_raw_BottleFile_SKQ23-12S/proc/skq202312s_046svp.cnv
* Sea-Bird SBE 9 Data File:
* FileName = D:\CTD\SKQ202312S\SKQ202312S_046.hex
* Software Version Seasave V 7.26.7.121
* Temperature SN = 6177
* Conductivity SN = 0369
* Number of Bytes Per Scan = 41
* Number of Voltage Words = 4
* Number of Scans Averaged by the Deck Unit = 1
* NMEA Latitude = 71 35.89 N
* NMEA Longitude = 161 32.21 W
* NMEA UTC (Time) = Sep 24 2023  19:47:51
* NMEA baud rate = 4800
** Ship: R/V Sikuliaq
** Station Number: 046
** Station Name: CEO2
** Bottom Depth: 46
** Operator: SD
# nquan = 7
# nvalues = 4389                                  
# units = specified
# name 0 = depSM: Depth [salt water, m]
# name 1 = latitude: Latitude [deg]
# name 2 = longitude: Longitude [deg]
# name 3 = t090C: Temperature [ITS-90, deg C]
# name 4 = sal00: Salinity, Practical [PSU]
# name 5 = svCM: Sound Velocity [Chen-Millero, m/s]
# name 6 = flag:  0.000e+00
# span 0 =      1.531,     41.132                 
# span 1 =   71.59802,   71.59810                 
# span 2 = -161.53712, -161.53668                 
# span 3 =    -1.5417,     2.3014                 
# span 4 =    27.0013,    32.5559                 
# span 5 =    1439.25,    1451.03                 
# span 6 = 0.0000e+00, 0.0000e+00                 
# interval = seconds: 0.0416667
# start_time = Sep 24 2023 19:50:48 [NMEA time, first data scan]
# bad_flag = -9.990e-29
*END*
[from data line 1642]
     16.189   71.59808 -161.53682     0.8893    30.7727    1447.83  0.000e+00
     16.243   71.59808 -161.53682     0.8807    30.7787    1447.80  0.000e+00
     16.212   71.59808 -161.53682     0.8738    30.7829    1447.78  0.000e+00
     16.297   71.59808 -161.53682     0.8672    30.7875    1447.76  0.000e+00
     16.243   71.59808 -161.53682     0.8627    30.7922    1447.74  0.000e+00
     16.328   71.59808 -161.53682     0.8584    30.7964    1447.73  0.000e+00
     16.359   71.59808 -161.53682     0.8554    30.7985    1447.72  0.000e+00
     16.297   71.59808 -161.53682     0.8546    30.7986    1447.71  0.000e+00
     16.413   71.59808 -161.53682     0.8496    30.8020    1447.70  0.000e+00
     16.382   71.59808 -161.53682     0.8391    30.8093    1447.66  0.000e+00
     16.413   71.59808 -161.53682     0.8261    30.8194    1447.61  0.000e+00
     16.413   71.59808 -161.53682     0.8128    30.8285    1447.56  0.000e+00
     16.474   71.59808 -161.53682     0.8009    30.8380    1447.52  0.000e+00
     16.436   71.59808 -161.53682     0.7906    30.8474    1447.49  0.000e+00
     16.528   71.59808 -161.53682     0.7835    30.8534    1447.47  0.000e+00
     16.528   71.59808 -161.53682     0.7790    30.8572    1447.45  0.000e+00
     16.551   71.59808 -161.53682     0.7761    30.8598    1447.44  0.000e+00
     16.528   71.59808 -161.53682     0.7720    30.8628    1447.43  0.000e+00
     16.590   71.59808 -161.53682     0.7673    30.8669    1447.41  0.000e+00
     16.644   71.59808 -161.53682     0.7623    30.8709    1447.39  0.000e+00
     16.613   71.59808 -161.53682     0.7581    30.8738    1447.38  0.000e+00
     16.644   71.59808 -161.53682     0.7543    30.8763    1447.36  0.000e+00
     16.698   71.59808 -161.53682     0.7507    30.8782    1447.35  0.000e+00
     16.698   71.59808 -161.53682     0.7470    30.8813    1447.34  0.000e+00
     16.729   71.59808 -161.53682     0.7442    30.8838    1447.33  0.000e+00
     16.698   71.59808 -161.53682     0.7419    30.8856    1447.32  0.000e+00
     16.760   71.59808 -161.53682     0.7408    30.8853    1447.32  0.000e+00
     16.837   71.59808 -161.53682     0.7392    30.8856    1447.31  0.000e+00
     16.760   71.59808 -161.53682     0.7377    30.8873    1447.31  0.000e+00
     16.875   71.59808 -161.53682     0.7368    30.8888    1447.31  0.000e+00
     16.814   71.59808 -161.53682     0.7359    30.8894    1447.30  0.000e+00
     16.952   71.59808 -161.53682     0.7342    30.8906    1447.30  0.000e+00
     16.875   71.59808 -161.53682     0.7326    30.8924    1447.29  0.000e+00
     16.929   71.59808 -161.53682     0.7301    30.8937    1447.28  0.000e+00
     16.952   71.59808 -161.53682     0.7272    30.8949    1447.27  0.000e+00
     16.929   71.59808 -161.53682     0.7233    30.8980    1447.26  0.000e+00
     16.991   71.59808 -161.53682     0.7195    30.9005    1447.24  0.000e+00
     17.045   71.59808 -161.53682     0.7155    30.9030    1447.23  0.000e+00
     17.068   71.59808 -161.53682     0.7102    30.9068    1447.21  0.000e+00
     17.045   71.59808 -161.53682     0.7012    30.9136    1447.18  0.000e+00
     17.099   71.59808 -161.53682     0.6912    30.9218    1447.15  0.000e+00
     16.991   71.59808 -161.53682     0.6838    30.9280    1447.12  0.000e+00
     17.184   71.59808 -161.53682     0.6790    30.9315    1447.10  0.000e+00
     17.161   71.59808 -161.53682     0.6758    30.9341    1447.09  0.000e+00
     17.161   71.59808 -161.53682     0.6728    30.9357    1447.08  0.000e+00
     17.184   71.59808 -161.53682     0.6688    30.9383    1447.07  0.000e+00
     17.215   71.59808 -161.53682     0.6643    30.9409    1447.05  0.000e+00
     17.276   71.59808 -161.53682     0.6578    30.9459    1447.03  0.000e+00
     17.238   71.59808 -161.53682     0.6488    30.9523    1446.99  0.000e+00
     17.276   71.59808 -161.53682     0.6403    30.9601    1446.97  0.000e+00
     17.276   71.59808 -161.53682     0.6322    30.9676    1446.94  0.000e+00
     17.392   71.59808 -161.53682     0.6253    30.9728    1446.92  0.000e+00
     17.299   71.59808 -161.53682     0.6189    30.9778    1446.89  0.000e+00
     17.392   71.59808 -161.53682     0.6140    30.9808    1446.88  0.000e+00
     17.392   71.59808 -161.53682     0.6105    30.9836    1446.86  0.000e+00
     17.415   71.59808 -161.53682     0.6067    30.9871    1446.85  0.000e+00
     17.392   71.59808 -161.53682     0.6031    30.9901    1446.84  0.000e+00
     17.446   71.59808 -161.53682     0.6007    30.9915    1446.83  0.000e+00
     17.500   71.59808 -161.53682     0.5975    30.9928    1446.82  0.000e+00
     17.469   71.59808 -161.53682     0.5831    31.0045    1446.77  0.000e+00
     17.500   71.59808 -161.53682     0.5581    31.0270    1446.68  0.000e+00
     17.562   71.59808 -161.53682     0.5345    31.0488    1446.60  0.000e+00
     17.523   71.59808 -161.53682     0.5166    31.0659    1446.55  0.000e+00
     17.616   71.59808 -161.53682     0.5030    31.0780    1446.50  0.000e+00
     17.616   71.59808 -161.53682     0.4889    31.0911    1446.45  0.000e+00
     17.616   71.59808 -161.53682     0.4776    31.1010    1446.41  0.000e+00
     17.639   71.59808 -161.53682     0.4684    31.1093    1446.38  0.000e+00
     17.677   71.59808 -161.53682     0.4617    31.1154    1446.36  0.000e+00
     17.677   71.59808 -161.53682     0.4552    31.1223    1446.34  0.000e+00
     17.700   71.59808 -161.53682     0.4489    31.1288    1446.32  0.000e+00
     17.731   71.59808 -161.53682     0.4436    31.1341    1446.30  0.000e+00
     17.731   71.59808 -161.53682     0.4387    31.1397    1446.29  0.000e+00
     17.754   71.59808 -161.53682     0.4345    31.1447    1446.28  0.000e+00
     17.793   71.59808 -161.53682     0.4309    31.1495    1446.27  0.000e+00
     17.847   71.59808 -161.53682     0.4280    31.1534    1446.26  0.000e+00
     17.793   71.59808 -161.53682     0.4263    31.1558    1446.25  0.000e+00
     17.870   71.59808 -161.53682     0.4245    31.1586    1446.25  0.000e+00
     17.847   71.59808 -161.53682     0.4231    31.1603    1446.25  0.000e+00
     17.901   71.59808 -161.53682     0.4217    31.1620    1446.24  0.000e+00
     17.924   71.59808 -161.53682     0.4204    31.1642    1446.24  0.000e+00
     17.963   71.59808 -161.53682     0.4189    31.1668    1446.24  0.000e+00
     17.963   71.59808 -161.53682     0.4180    31.1689    1446.24  0.000e+00
     17.924   71.59808 -161.53682     0.4170    31.1707    1446.23  0.000e+00
     18.017   71.59808 -161.53682     0.4160    31.1733    1446.23  0.000e+00
     18.017   71.59808 -161.53682     0.4144    31.1762    1446.23  0.000e+00
     17.963   71.59808 -161.53682     0.4130    31.1783    1446.23  0.000e+00
     18.155   71.59808 -161.53682     0.4123    31.1799    1446.23  0.000e+00
     18.078   71.59808 -161.53682     0.4116    31.1807    1446.23  0.000e+00
     18.078   71.59808 -161.53682     0.4113    31.1815    1446.23  0.000e+00
     18.101   71.59808 -161.53682     0.4115    31.1812    1446.23  0.000e+00
     18.132   71.59808 -161.53682     0.4112    31.1818    1446.23  0.000e+00
     18.132   71.59808 -161.53682     0.4103    31.1828    1446.22  0.000e+00
     18.217   71.59808 -161.53682     0.4092    31.1837    1446.22  0.000e+00
     18.194   71.59808 -161.53682     0.4070    31.1856    1446.21  0.000e+00
     18.194   71.59808 -161.53682     0.4054    31.1870    1446.21  0.000e+00
     18.217   71.59808 -161.53682     0.4031    31.1885    1446.20  0.000e+00
     18.248   71.59808 -161.53682     0.4015    31.1902    1446.19  0.000e+00
     18.248   71.59808 -161.53684     0.3996    31.1915    1446.19  0.000e+00
     18.194   71.59808 -161.53684     0.3964    31.1940    1446.17  0.000e+00
     18.387   71.59808 -161.53684     0.3940    31.1955    1446.17  0.000e+00
     18.302   71.59808 -161.53684     0.3904    31.1980    1446.15  0.000e+00
     18.364   71.59808 -161.53684     0.3862    31.2004    1446.14  0.000e+00
     18.325   71.59808 -161.53684     0.3820    31.2024    1446.12  0.000e+00
     18.364   71.59808 -161.53684     0.3783    31.2053    1446.11  0.000e+00
     18.418   71.59808 -161.53684     0.3752    31.2087    1446.10  0.000e+00
     18.387   71.59808 -161.53684     0.3718    31.2118    1446.09  0.000e+00
     18.418   71.59808 -161.53684     0.3681    31.2148    1446.08  0.000e+00
     18.479   71.59808 -161.53684     0.3643    31.2175    1446.06  0.000e+00
     18.441   71.59808 -161.53684     0.3612    31.2194    1446.05  0.000e+00
     18.479   71.59808 -161.53684     0.3569    31.2222    1446.04  0.000e+00
     18.479   71.59808 -161.53684     0.3510    31.2263    1446.01  0.000e+00
     18.502   71.59808 -161.53684     0.3439    31.2311    1445.99  0.000e+00
     18.533   71.59808 -161.53684     0.3367    31.2373    1445.96  0.000e+00
     18.595   71.59808 -161.53684     0.3288    31.2445    1445.94  0.000e+00
     18.556   71.59808 -161.53684     0.3215    31.2529    1445.91  0.000e+00
     18.595   71.59808 -161.53684     0.3150    31.2622    1445.90  0.000e+00
     18.595   71.59808 -161.53684     0.3090    31.2707    1445.88  0.000e+00
     18.649   71.59808 -161.53684     0.3043    31.2771    1445.87  0.000e+00
     18.672   71.59808 -161.53684     0.3007    31.2825    1445.86  0.000e+00
     18.649   71.59808 -161.53684     0.2971    31.2898    1445.85  0.000e+00
     18.649   71.59808 -161.53684     0.2945    31.2977    1445.85  0.000e+00
     18.726   71.59808 -161.53684     0.2926    31.3066    1445.86  0.000e+00
     18.703   71.59808 -161.53684     0.2911    31.3177    1445.86  0.000e+00
     18.765   71.59808 -161.53684     0.2906    31.3289    1445.88  0.000e+00
     18.788   71.59808 -161.53684     0.2905    31.3391    1445.89  0.000e+00
     18.765   71.59808 -161.53684     0.2906    31.3476    1445.90  0.000e+00
     18.765   71.59808 -161.53684     0.2906    31.3556    1445.91  0.000e+00
     18.842   71.59808 -161.53684     0.2905    31.3649    1445.93  0.000e+00
     18.819   71.59808 -161.53684     0.2900    31.3769    1445.94  0.000e+00
     18.880   71.59808 -161.53684     0.2884    31.3892    1445.95  0.000e+00
     18.903   71.59808 -161.53684     0.2862    31.4005    1445.96  0.000e+00
     18.880   71.59808 -161.53684     0.2834    31.4109    1445.96  0.000e+00
     18.934   71.59808 -161.53684     0.2801    31.4201    1445.95  0.000e+00
     18.903   71.59808 -161.53684     0.2773    31.4275    1445.95  0.000e+00
     18.996   71.59808 -161.53684     0.2740    31.4337    1445.94  0.000e+00
     18.996   71.59808 -161.53684     0.2705    31.4395    1445.94  0.000e+00
     18.957   71.59808 -161.53684     0.2671    31.4447    1445.93  0.000e+00
     19.050   71.59808 -161.53684     0.2624    31.4500    1445.91  0.000e+00
     19.050   71.59808 -161.53684     0.2573    31.4555    1445.90  0.000e+00
     19.073   71.59808 -161.53684     0.2523    31.4614    1445.88  0.000e+00
     19.104   71.59808 -161.53684     0.2469    31.4670    1445.87  0.000e+00
     19.104   71.59808 -161.53684     0.2413    31.4717    1445.85  0.000e+00
     19.127   71.59808 -161.53684     0.2354    31.4759    1445.83  0.000e+00
     19.104   71.59808 -161.53684     0.2280    31.4818    1445.80  0.000e+00
     19.166   71.59808 -161.53684     0.2209    31.4875    1445.77  0.000e+00
     19.243   71.59808 -161.53684     0.2137    31.4929    1445.75  0.000e+00
     19.166   71.59808 -161.53684     0.2072    31.4979    1445.72  0.000e+00
     19.220   71.59808 -161.53684     0.2005    31.5036    1445.70  0.000e+00
     19.304   71.59808 -161.53684     0.1936    31.5084    1445.68  0.000e+00
     19.281   71.59808 -161.53684     0.1855    31.5142    1445.65  0.000e+00
     19.281   71.59808 -161.53684     0.1775    31.5194    1445.62  0.000e+00
     19.304   71.59808 -161.53684     0.1708    31.5245    1445.59  0.000e+00
     19.335   71.59808 -161.53684     0.1649    31.5283    1445.57  0.000e+00
     19.397   71.59808 -161.53684     0.1600    31.5315    1445.56  0.000e+00
     19.412   71.59808 -161.53684     0.1552    31.5347    1445.54  0.000e+00
     19.397   71.59808 -161.53684     0.1506    31.5381    1445.52  0.000e+00
     19.451   71.59808 -161.53684     0.1463    31.5408    1445.51  0.000e+00
     19.474   71.59808 -161.53684     0.1421    31.5445    1445.49  0.000e+00
     19.451   71.59808 -161.53684     0.1390    31.5466    1445.48  0.000e+00
     19.505   71.59808 -161.53684     0.1362    31.5479    1445.47  0.000e+00
     19.528   71.59808 -161.53684     0.1336    31.5498    1445.46  0.000e+00
     19.567   71.59808 -161.53684     0.1313    31.5512    1445.45  0.000e+00
     19.567   71.59808 -161.53684     0.1285    31.5530    1445.44  0.000e+00
     19.590   71.59808 -161.53684     0.1256    31.5540    1445.43  0.000e+00
     19.621   71.59808 -161.53684     0.1211    31.5551    1445.41  0.000e+00
     19.621   71.59808 -161.53684     0.1146    31.5574    1445.38  0.000e+00
     19.644   71.59808 -161.53684     0.1072    31.5624    1445.36  0.000e+00
     19.736   71.59808 -161.53684     0.0990    31.5707    1445.33  0.000e+00
     19.682   71.59808 -161.53684     0.0907    31.5799    1445.31  0.000e+00
     19.705   71.59806 -161.53684     0.0809    31.5892    1445.27  0.000e+00
     19.736   71.59806 -161.53684     0.0697    31.5973    1445.23  0.000e+00
     19.798   71.59806 -161.53684     0.0591    31.6043    1445.19  0.000e+00
     19.813   71.59806 -161.53684     0.0507    31.6103    1445.16  0.000e+00
     19.798   71.59806 -161.53684     0.0434    31.6148    1445.13  0.000e+00
     19.852   71.59806 -161.53684     0.0365    31.6192    1445.11  0.000e+00
     19.875   71.59806 -161.53684     0.0302    31.6236    1445.09  0.000e+00
     19.852   71.59806 -161.53684     0.0240    31.6290    1445.07  0.000e+00
     19.906   71.59806 -161.53684     0.0176    31.6347    1445.04  0.000e+00
     19.929   71.59806 -161.53684     0.0114    31.6396    1445.02  0.000e+00
     19.906   71.59806 -161.53684     0.0066    31.6433    1445.00  0.000e+00
     20.022   71.59806 -161.53684     0.0022    31.6469    1444.99  0.000e+00
     19.991   71.59806 -161.53684    -0.0024    31.6512    1444.97  0.000e+00
     20.022   71.59806 -161.53684    -0.0079    31.6579    1444.96  0.000e+00
     20.022   71.59806 -161.53684    -0.0120    31.6625    1444.95  0.000e+00
     20.045   71.59806 -161.53684    -0.0161    31.6663    1444.93  0.000e+00
     20.083   71.59806 -161.53684    -0.0196    31.6694    1444.92  0.000e+00
     20.137   71.59806 -161.53684    -0.0232    31.6718    1444.91  0.000e+00
     20.099   71.59806 -161.53684    -0.0271    31.6756    1444.89  0.000e+00
     20.137   71.59806 -161.53684    -0.0307    31.6780    1444.88  0.000e+00
     20.199   71.59806 -161.53684    -0.0340    31.6801    1444.87  0.000e+00
     20.214   71.59806 -161.53684    -0.0374    31.6828    1444.86  0.000e+00
     20.199   71.59806 -161.53684    -0.0407    31.6843    1444.84  0.000e+00
     20.276   71.59806 -161.53684    -0.0444    31.6870    1444.83  0.000e+00
     20.253   71.59806 -161.53684    -0.0486    31.6902    1444.82  0.000e+00
     20.307   71.59806 -161.53684    -0.0530    31.6940    1444.80  0.000e+00
     20.330   71.59806 -161.53684    -0.0580    31.6980    1444.79  0.000e+00
     20.307   71.59806 -161.53684    -0.0631    31.7016    1444.77  0.000e+00
     20.369   71.59806 -161.53684    -0.0679    31.7053    1444.75  0.000e+00
     20.392   71.59806 -161.53684    -0.0725    31.7086    1444.73  0.000e+00
     20.423   71.59806 -161.53684    -0.0777    31.7129    1444.72  0.000e+00
     20.423   71.59806 -161.53684    -0.0831    31.7174    1444.70  0.000e+00
     20.446   71.59806 -161.53684    -0.0887    31.7226    1444.68  0.000e+00
     20.484   71.59806 -161.53684    -0.0944    31.7281    1444.66  0.000e+00
     20.538   71.59806 -161.53684    -0.0994    31.7322    1444.64  0.000e+00
