EcoFOCI/data/1_SampleCollection/2023_SikuliaqDBO_CruiseData/CTD_raw_BottleFile_SKQ23-12S/proc/skq202312s_020avg.cnv
* Sea-Bird SBE 9 Data File:
* FileName = D:\CTD\SKQ202312S\SKQ202312S_020.hex
* Software Version Seasave V 7.26.7.121
* Temperature SN = 6177
* Conductivity SN = 0369
* Number of Bytes Per Scan = 41
* Number of Voltage Words = 4
* Number of Scans Averaged by the Deck Unit = 1
* NMEA Latitude = 65 00.05 N
* NMEA Longitude = 168 39.16 W
* NMEA UTC (Time) = Sep 18 2023  01:15:09
* NMEA baud rate = 4800
** Ship: R/V Sikuliaq
** Station Number: 020
** Station Name: DBO2.6
** Bottom Depth: 47
** Operator: SS
# nquan = 25
# nvalues = 42                          
# units = specified
# name 0 = depSM: Depth [salt water, m]
# name 1 = latitude: Latitude [deg]
# name 2 = longitude: Longitude [deg]
# name 3 = prDM: Pressure, Digiquartz [db]
# name 4 = t090C: Temperature [ITS-90, deg C]
# name 5 = t190C: Temperature, 2 [ITS-90, deg C]
# name 6 = potemp090C: Potential Temperature [ITS-90, deg C]
# name 7 = sal00: Salinity, Practical [PSU]
# name 8 = sal11: Salinity, Practical, 2 [PSU]
# name 9 = density00: Density [density, kg/m^3]
# name 10 = sigma-é00: Density [sigma-theta, kg/m^3]
# name 11 = sbox0Mm/Kg: Oxygen, SBE 43 [umol/kg]
# name 12 = sbox1Mm/Kg: Oxygen, SBE 43, 2 [umol/kg]
# name 13 = oxsolMm/Kg: Oxygen Saturation, Garcia & Gordon [umol/kg]
# name 14 = sbeox0PS: Oxygen, SBE 43 [% saturation]
# name 15 = sbeox1PS: Oxygen, SBE 43, 2 [% saturation]
# name 16 = v0: Voltage 0
# name 17 = flECO-AFL: Fluorescence, WET Labs ECO-AFL/FL [mg/m^3]
# name 18 = v1: Voltage 1
# name 19 = CStarAt0: Beam Attenuation, WET Labs C-Star [1/m]
# name 20 = par: PAR/Irradiance, Biospherical/Licor
# name 21 = scan: Scan Count
# name 22 = timeM: Time, Elapsed [minutes]
# name 23 = nbin: number of scans per bin
# name 24 = flag: flag
# span 0 =      1.980,     42.574       
# span 1 =   65.00090,   65.00114       
# span 2 = -168.65348, -168.65329       
# span 3 =      2.000,     43.000       
# span 4 =     2.9588,     4.5341       
# span 5 =     2.9604,     4.5360       
# span 6 =     2.9572,     4.5336       
# span 7 =    32.0726,    32.6965       
# span 8 =    32.1107,    32.7404       
# span 9 =  1025.4341,  1026.2374       
# span 10 =    25.4046,    26.0358      
# span 11 =    251.197,    301.947      
# span 12 =    240.069,    289.984      
# span 13 =  317.69492,  329.28753      
# span 14 =     76.690,     93.925      
# span 15 =     73.316,     90.341      
# span 16 =     0.1054,     0.4850      
# span 17 =     0.2843,     2.5619      
# span 18 =     3.6353,     4.0576      
# span 19 =     0.5985,     1.0382      
# span 20 = 6.5436e-01, 1.2149e+02      
# span 21 =        248,       5461      
# span 22 =     0.1717,     3.7918      
# span 23 =          6,        450      
# span 24 = 0.0000e+00, 0.0000e+00      
# interval = decibars: 1                
# start_time = Sep 18 2023 01:19:33 [NMEA time, first data scan]
# bad_flag = -9.990e-29
*END*
      1.980   65.00090 -168.65329      2.000     4.4191     4.4277     4.4189    32.0885    32.1270  1025.4383    25.4290    298.044    286.866  318.53697     93.567     90.102     0.4374     2.2763     3.6485     1.0237 1.2149e+02        248     0.1717        420 0.0000e+00
      2.971   65.00092 -168.65332      3.000     4.4614     4.4528     4.4612    32.0827    32.1235  1025.4341    25.4201    297.975    286.737  318.22667     93.636     90.114     0.4601     2.4124     3.6467     1.0257 9.7128e+01        576     0.3991        140 0.0000e+00
      3.961   65.00092 -168.65332      4.000     4.4268     4.4289     4.4266    32.0887    32.1274  1025.4470    25.4284    298.680    287.028  318.47705     93.784     90.156     0.4582     2.4010     3.6394     1.0337 7.5651e+01        685     0.4751        202 0.0000e+00
      4.951   65.00092 -168.65334      5.000     4.4749     4.4753     4.4746    32.0843    32.1208  1025.4432    25.4199    297.729    286.996  318.11942     93.590     90.242     0.4457     2.3264     3.6384     1.0348 6.1544e+01        833     0.5780        131 0.0000e+00
      5.941   65.00093 -168.65335      6.000     4.5192     4.5205     4.5188    32.0744    32.1123  1025.4355    25.4075    297.703    286.876  317.80443     93.675     90.297     0.4315     2.2407     3.6423     1.0305 4.8978e+01        972     0.6743        152 0.0000e+00
      6.931   65.00094 -168.65336      7.000     4.5341     4.5360     4.5336    32.0726    32.1107  1025.4372    25.4046    298.247    286.915  317.69492     93.878     90.341     0.4232     2.1911     3.6438     1.0289 4.0013e+01       1129     0.7830        105 0.0000e+00
      7.921   65.00094 -168.65338      8.000     4.4844     4.4733     4.4839    32.0806    32.1231  1025.4533    25.4161    297.947    286.835  318.05545     93.678     90.189     0.4702     2.4733     3.6353     1.0382 3.2396e+01       1263     0.8761        171 0.0000e+00
      8.912   65.00094 -168.65339      9.000     4.4370     4.4333     4.4364    32.0896    32.1289  1025.4700    25.4280    299.055    287.579  318.39675     93.925     90.340     0.4850     2.5619     3.6362     1.0372 2.6510e+01       1433     0.9947        134 0.0000e+00
      9.902   65.00095 -168.65340     10.000     4.2591     4.2626     4.2584    32.1159    32.1536  1025.5136    25.4670    298.754    287.036  319.70230     93.448     89.816     0.4728     2.4886     3.6698     1.0004 2.1797e+01       1576     1.0935        198 0.0000e+00
     10.892   65.00096 -168.65340     11.000     4.0922     4.1019     4.0915    32.1488    32.1885  1025.5610    25.5096    299.432    287.926  320.91649     93.306     89.768     0.4729     2.4894     3.6982     0.9696 1.8269e+01       1714     1.1895         70 0.0000e+00
     11.882   65.00096 -168.65341     12.000     3.7830     3.7912     3.7823    32.1689    32.2138  1025.6115    25.5553    299.937    288.283  323.28846     92.777     89.221     0.4185     2.1629     3.8117     0.8486 1.5470e+01       1813     1.2585        107 0.0000e+00
     12.872   65.00096 -168.65342     13.000     3.4100     3.4092     3.4092    32.1933    32.2343  1025.6703    25.6094    295.311    282.871  326.18426     90.534     86.745     0.3037     1.4742     3.8713     0.7865 1.3143e+01       1912     1.3274         83 0.0000e+00
     13.862   65.00096 -168.65342     14.000     3.3597     3.3640     3.3589    32.2011    32.2416  1025.6856    25.6200    287.986    275.927  326.57027     88.185     84.527     0.2828     1.3489     3.8919     0.7653 1.1779e+01       1974     1.3700         56 0.0000e+00
     14.852   65.00096 -168.65342     15.000     3.2945     3.2964     3.2936    32.2345    32.2745  1025.7228    25.6525    285.656    274.541  327.01146     87.354     83.984     0.2649     1.2413     3.9083     0.7485 1.0298e+01       2034     1.4120         61 0.0000e+00
     15.843   65.00096 -168.65342     16.000     3.1883     3.1913     3.1874    32.2794    32.3205  1025.7727    25.6976    285.802    274.531  327.75585     87.200     83.793     0.2792     1.3273     3.9409     0.7152 9.1040e+00       2087     1.4484         49 0.0000e+00
     16.833   65.00096 -168.65344     17.000     3.0672     3.0689     3.0662    32.2865    32.3276  1025.7936    25.7137    293.471    281.612  328.71841     89.277     85.700     0.2790     1.3261     3.9663     0.6895 8.2098e+00       2145     1.4886         64 0.0000e+00
     17.823   65.00096 -168.65344     18.000     3.0561     3.0573     3.0551    32.2905    32.3304  1025.8025    25.7179    300.516    287.990  328.79838     91.398     87.618     0.2674     1.2562     3.9712     0.6846 7.4099e+00       2202     1.5282         47 0.0000e+00
     18.813   65.00098 -168.65344     19.000     3.0849     3.0855     3.0838    32.2983    32.3372  1025.8108    25.7216    300.920    288.394  328.54560     91.591     87.806     0.2563     1.1895     3.9783     0.6775 6.7987e+00       2248     1.5607         52 0.0000e+00
     19.803   65.00098 -168.65344     20.000     3.1410     3.1422     3.1399    32.3108    32.3494  1025.8206    25.7268    300.116    288.286  328.05965     91.482     87.904     0.2513     1.1598     3.9832     0.6724 6.3164e+00       2303     1.5986         47 0.0000e+00
     20.793   65.00098 -168.65344     21.000     3.1697     3.1691     3.1685    32.3203    32.3593  1025.8304    25.7319    300.923    288.789  327.80436     91.800     88.123     0.2404     1.0944     3.9920     0.6637 5.7169e+00       2343     1.6267         39 0.0000e+00
     21.783   65.00098 -168.65344     22.000     3.1897     3.1904     3.1884    32.3272    32.3662  1025.8388    25.7356    301.947    289.401  327.62571     92.162     88.360     0.2310     1.0377     3.9985     0.6572 5.3159e+00       2388     1.6576         52 0.0000e+00
     22.773   65.00098 -168.65346     23.000     3.1140     3.1138     3.1127    32.3373    32.3781  1025.8582    25.7502    301.812    289.984  328.21204     91.957     88.380     0.2300     1.0320     4.0175     0.6382 4.8641e+00       2446     1.6977         57 0.0000e+00
     23.763   65.00098 -168.65346     24.000     3.1196     3.1215     3.1182    32.3643    32.4027  1025.8839    25.7713    299.626    287.881  328.10015     91.321     87.771     0.2192     0.9670     4.0200     0.6357 4.4893e+00       2501     1.7358         46 0.0000e+00
     24.754   65.00098 -168.65346     25.000     3.1737     3.1752     3.1723    32.3984    32.4376  1025.9111    25.7938    298.108    285.611  327.57744     91.004     87.218     0.1924     0.8063     4.0009     0.6548 4.1630e+00       2541     1.7639         37 0.0000e+00
     25.744   65.00098 -168.65346     26.000     3.0581     3.0616     3.0567    32.4001    32.4407  1025.9272    25.8052    294.287    282.863  328.50882     89.584     86.140     0.1760     0.7077     4.0255     0.6302 3.8187e+00       2582     1.7921         45 0.0000e+00
     26.734   65.00098 -168.65346     27.000     2.9664     2.9679     2.9648    32.4094    32.4492  1025.9473    25.8205    282.290    271.215  329.23077     85.742     82.406     0.1744     0.6982     4.0547     0.6014 3.4828e+00       2633     1.8275         52 0.0000e+00
     27.724   65.00098 -168.65346     28.000     2.9588     2.9604     2.9572    32.4115    32.4510  1025.9543    25.8228    282.049    270.293  329.28753     85.654     82.112     0.1492     0.5476     4.0576     0.5985 3.2244e+00       2683     1.8626         46 0.0000e+00
     28.714   65.00098 -168.65346     29.000     3.0405     3.0404     3.0389    32.4295    32.4678  1025.9663    25.8302    280.595    269.256  328.57816     85.397     81.969     0.1409     0.4975     4.0548     0.6013 2.9885e+00       2732     1.8968         50 0.0000e+00
     29.704   65.00098 -168.65346     30.000     3.1014     3.1029     3.0997    32.4515    32.4903  1025.9832    25.8425    279.575    268.239  328.02995     85.228     81.800     0.1299     0.4314     4.0387     0.6172 2.7617e+00       2784     1.9327         50 0.0000e+00
     30.694   65.00100 -168.65346     31.000     3.0866     3.0877     3.0848    32.4569    32.4963  1025.9935    25.8481    277.940    267.521  328.13647     84.703     81.554     0.1198     0.3705     3.9860     0.6697 2.5097e+00       2830     1.9647         43 0.0000e+00
     31.684   65.00100 -168.65348     32.000     3.0892     3.0901     3.0873    32.4619    32.5008  1026.0020    25.8518    270.880    260.177  328.10279     82.560     79.322     0.1121     0.3249     3.9261     0.7303 2.3027e+00       2877     1.9975         50 0.0000e+00
     32.674   65.00100 -168.65348     33.000     3.1003     3.1013     3.0984    32.4640    32.5027  1026.0074    25.8526    260.047    249.222  328.00745     79.281     76.005     0.1111     0.3186     3.9061     0.7507 2.1009e+00       2927     2.0319         42 0.0000e+00
     33.664   65.00100 -168.65348     34.000     3.1133     3.1147     3.1114    32.4686    32.5077  1026.0146    25.8551    254.874    244.443  327.89085     77.731     74.575     0.1054     0.2843     3.8861     0.7713 1.8882e+00       2965     2.0585         35 0.0000e+00
     34.654   65.00100 -168.65348     35.000     3.1210     3.1221     3.1189    32.4951    32.5357  1026.0398    25.8756    253.762    243.401  327.76304     77.422     74.286     0.1060     0.2878     3.8485     0.8102 1.6744e+00       3009     2.0888         47 0.0000e+00
     35.644   65.00104 -168.65348     36.000     3.1251     3.1260     3.1230    32.5569    32.5962  1026.0934    25.9245    252.296    244.120  327.57617     77.019     74.547     0.1158     0.3468     3.8272     0.8329 1.6217e+00       3823     2.6542        110 0.0000e+00
     36.634   65.00104 -168.65348     37.000     3.1252     3.1261     3.1231    32.5678    32.6071  1026.1067    25.9332    251.197    240.069  327.54812     76.690     73.316     0.1235     0.3927     3.8038     0.8568 1.4181e+00       3916     2.7186        117 0.0000e+00
     37.624   65.00105 -168.65348     38.000     3.1372     3.1385     3.1350    32.5846    32.6231  1026.1238    25.9455    252.414    241.421  327.40998     77.094     73.761     0.1168     0.3530     3.8197     0.8402 1.2510e+00       4012     2.7852         96 0.0000e+00
     38.614   65.00106 -168.65348     39.000     3.1546     3.1560     3.1523    32.6263    32.6652  1026.1601    25.9773    255.922    245.016  327.16604     78.224     74.915     0.1247     0.4000     3.8426     0.8163 1.0652e+00       4119     2.8598        104 0.0000e+00
     39.604   65.00106 -168.65348     40.000     3.1600     3.1622     3.1577    32.6643    32.7067  1026.1946    26.0071    259.926    248.965  327.02782     79.482     76.158     0.1258     0.4065     3.8440     0.8148 9.3360e-01       4210     2.9229        102 0.0000e+00
     40.594   65.00106 -168.65348     41.000     3.1796     3.1808     3.1772    32.6848    32.7228  1026.2139    26.0217    262.034    251.442  326.81955     80.177     76.961     0.1315     0.4413     3.8687     0.7892 8.2857e-01       4305     2.9891         71 0.0000e+00
     41.584   65.00107 -168.65348     42.000     3.1463     3.1525     3.1439    32.6915    32.7269  1026.2269    26.0300    262.389    252.080  327.07089     80.224     77.104     0.1342     0.4573     3.8560     0.8024 7.0366e-01       4515     3.1348        450 0.0000e+00
     42.574   65.00114 -168.65348     43.000     3.1262     3.1108     3.1237    32.6965    32.7404  1026.2374    26.0358    259.553    249.614  327.22021     79.320     76.280     0.1133     0.3315     3.8327     0.8266 6.5436e-01       5461     3.7918          6 0.0000e+00
