EcoFOCI/data/1_SampleCollection/2023_SikuliaqDBO_CruiseData/CTD_raw_BottleFile_SKQ23-12S/proc/skq202312s_068svp.cnv
* Sea-Bird SBE 9 Data File:
* FileName = D:\CTD\SKQ202312S\SKQ202312S_068.hex
* Software Version Seasave V 7.26.7.121
* Temperature SN = 6177
* Conductivity SN = 0369
* Number of Bytes Per Scan = 41
* Number of Voltage Words = 4
* Number of Scans Averaged by the Deck Unit = 1
* NMEA Latitude = 67 40.62 N
* NMEA Longitude = 168 56.94 W
* NMEA UTC (Time) = Sep 29 2023  21:42:04
* NMEA baud rate = 4800
** Ship: R/V Sikuliaq
** Station Number: 068
** Station Name: DBO3.8
** Bottom Depth: 50
** Operator: SD
# nquan = 7
# nvalues = 3703                                  
# units = specified
# name 0 = depSM: Depth [salt water, m]
# name 1 = latitude: Latitude [deg]
# name 2 = longitude: Longitude [deg]
# name 3 = t090C: Temperature [ITS-90, deg C]
# name 4 = sal00: Salinity, Practical [PSU]
# name 5 = svCM: Sound Velocity [Chen-Millero, m/s]
# name 6 = flag:  0.000e+00
# span 0 =      2.051,     45.081                 
# span 1 =   67.67708,   67.67710                 
# span 2 = -168.94940, -168.94924                 
# span 3 =     2.2800,     4.3266                 
# span 4 =    26.1225,    32.4304                 
# span 5 =    1451.18,    1460.66                 
# span 6 = 0.0000e+00, 0.0000e+00                 
# interval = seconds: 0.0416667
# start_time = Sep 29 2023 21:45:22 [NMEA time, first data scan]
# bad_flag = -9.990e-29
*END*
[from data line 2667]
     39.976   67.67710 -168.94936     2.9966    32.3157    1459.57  0.000e+00
     40.030   67.67710 -168.94936     2.9962    32.3161    1459.56  0.000e+00
     39.976   67.67710 -168.94936     2.9965    32.3159    1459.56  0.000e+00
     39.976   67.67710 -168.94936     2.9966    32.3155    1459.56  0.000e+00
     39.976   67.67710 -168.94936     2.9966    32.3152    1459.56  0.000e+00
     39.976   67.67710 -168.94936     2.9966    32.3151    1459.56  0.000e+00
     39.976   67.67710 -168.94936     2.9968    32.3150    1459.56  0.000e+00
     39.976   67.67710 -168.94936     2.9966    32.3151    1459.56  0.000e+00
     39.976   67.67710 -168.94936     2.9966    32.3149    1459.56  0.000e+00
     39.976   67.67710 -168.94936     2.9968    32.3147    1459.56  0.000e+00
     39.976   67.67710 -168.94936     2.9968    32.3149    1459.56  0.000e+00
     39.976   67.67710 -168.94936     2.9973    32.3143    1459.57  0.000e+00
     39.922   67.67710 -168.94936     2.9971    32.3141    1459.56  0.000e+00
     39.976   67.67710 -168.94936     2.9974    32.3144    1459.57  0.000e+00
     39.976   67.67710 -168.94936     2.9979    32.3143    1459.57  0.000e+00
     39.922   67.67710 -168.94936     2.9983    32.3146    1459.57  0.000e+00
     39.922   67.67710 -168.94936     2.9987    32.3149    1459.57  0.000e+00
     39.976   67.67710 -168.94936     2.9988    32.3147    1459.57  0.000e+00
     39.922   67.67710 -168.94936     2.9996    32.3134    1459.57  0.000e+00
     39.976   67.67710 -168.94936     2.9998    32.3141    1459.58  0.000e+00
     39.922   67.67710 -168.94936     3.0001    32.3136    1459.58  0.000e+00
     39.914   67.67710 -168.94936     3.0004    32.3132    1459.58  0.000e+00
     39.922   67.67710 -168.94936     3.0006    32.3132    1459.58  0.000e+00
     39.922   67.67710 -168.94936     3.0006    32.3136    1459.58  0.000e+00
     39.976   67.67710 -168.94936     3.0009    32.3132    1459.58  0.000e+00
     39.922   67.67710 -168.94936     3.0010    32.3130    1459.58  0.000e+00
     39.922   67.67710 -168.94936     3.0012    32.3133    1459.58  0.000e+00
     39.860   67.67710 -168.94936     3.0012    32.3130    1459.58  0.000e+00
     39.976   67.67710 -168.94936     3.0018    32.3126    1459.58  0.000e+00
     39.922   67.67710 -168.94936     3.0018    32.3132    1459.58  0.000e+00
     39.922   67.67710 -168.94936     3.0020    32.3126    1459.58  0.000e+00
     39.868   67.67710 -168.94936     3.0020    32.3128    1459.58  0.000e+00
     39.976   67.67710 -168.94936     3.0021    32.3129    1459.59  0.000e+00
     39.868   67.67710 -168.94936     3.0020    32.3126    1459.58  0.000e+00
     39.914   67.67710 -168.94936     3.0020    32.3121    1459.58  0.000e+00
     39.922   67.67710 -168.94936     3.0017    32.3115    1459.58  0.000e+00
     39.922   67.67710 -168.94936     3.0010    32.3112    1459.58  0.000e+00
     39.868   67.67710 -168.94936     3.0004    32.3117    1459.57  0.000e+00
     39.922   67.67710 -168.94936     3.0001    32.3121    1459.57  0.000e+00
     39.922   67.67710 -168.94936     2.9996    32.3125    1459.57  0.000e+00
     39.868   67.67710 -168.94936     2.9993    32.3128    1459.57  0.000e+00
     39.914   67.67710 -168.94936     2.9990    32.3133    1459.57  0.000e+00
     39.922   67.67710 -168.94936     2.9991    32.3138    1459.57  0.000e+00
     39.922   67.67710 -168.94936     2.9991    32.3149    1459.57  0.000e+00
     39.868   67.67710 -168.94936     2.9999    32.3139    1459.58  0.000e+00
     39.922   67.67710 -168.94936     3.0001    32.3138    1459.58  0.000e+00
     39.868   67.67710 -168.94936     3.0004    32.3141    1459.58  0.000e+00
     39.914   67.67710 -168.94936     3.0004    32.3140    1459.58  0.000e+00
     39.922   67.67710 -168.94936     3.0007    32.3138    1459.58  0.000e+00
     39.868   67.67710 -168.94936     3.0012    32.3139    1459.58  0.000e+00
     39.922   67.67710 -168.94936     3.0015    32.3134    1459.58  0.000e+00
     39.868   67.67710 -168.94936     3.0018    32.3137    1459.58  0.000e+00
     39.922   67.67710 -168.94936     3.0021    32.3134    1459.58  0.000e+00
     39.922   67.67710 -168.94936     3.0025    32.3130    1459.59  0.000e+00
     39.860   67.67710 -168.94936     3.0026    32.3133    1459.59  0.000e+00
     39.922   67.67710 -168.94936     3.0028    32.3130    1459.59  0.000e+00
     39.868   67.67710 -168.94936     3.0028    32.3130    1459.59  0.000e+00
     39.922   67.67710 -168.94936     3.0030    32.3130    1459.59  0.000e+00
     39.922   67.67710 -168.94936     3.0028    32.3128    1459.59  0.000e+00
     39.868   67.67710 -168.94936     3.0030    32.3124    1459.59  0.000e+00
     39.914   67.67710 -168.94936     3.0031    32.3126    1459.59  0.000e+00
     39.922   67.67710 -168.94936     3.0030    32.3127    1459.59  0.000e+00
     39.868   67.67710 -168.94936     3.0030    32.3125    1459.59  0.000e+00
     39.922   67.67710 -168.94936     3.0033    32.3126    1459.59  0.000e+00
     39.922   67.67710 -168.94936     3.0032    32.3126    1459.59  0.000e+00
     39.868   67.67710 -168.94936     3.0031    32.3127    1459.59  0.000e+00
     39.922   67.67710 -168.94936     3.0032    32.3123    1459.59  0.000e+00
     39.914   67.67710 -168.94936     3.0034    32.3122    1459.59  0.000e+00
     39.922   67.67710 -168.94936     3.0030    32.3127    1459.59  0.000e+00
     39.922   67.67710 -168.94936     3.0031    32.3124    1459.59  0.000e+00
     39.868   67.67710 -168.94936     3.0029    32.3120    1459.59  0.000e+00
     39.922   67.67710 -168.94936     3.0028    32.3120    1459.59  0.000e+00
     39.922   67.67710 -168.94936     3.0023    32.3119    1459.58  0.000e+00
     39.914   67.67710 -168.94936     3.0021    32.3121    1459.58  0.000e+00
     39.922   67.67710 -168.94936     3.0020    32.3118    1459.58  0.000e+00
     39.922   67.67710 -168.94936     3.0015    32.3122    1459.58  0.000e+00
     39.922   67.67710 -168.94936     3.0013    32.3122    1459.58  0.000e+00
     39.922   67.67710 -168.94936     3.0010    32.3124    1459.58  0.000e+00
     39.922   67.67710 -168.94936     3.0010    32.3124    1459.58  0.000e+00
     39.922   67.67710 -168.94936     3.0006    32.3126    1459.58  0.000e+00
     39.914   67.67710 -168.94936     3.0006    32.3128    1459.58  0.000e+00
     39.922   67.67710 -168.94936     3.0007    32.3127    1459.58  0.000e+00
     39.922   67.67710 -168.94936     3.0006    32.3137    1459.58  0.000e+00
     39.922   67.67710 -168.94936     3.0009    32.3138    1459.58  0.000e+00
     39.922   67.67710 -168.94936     3.0009    32.3142    1459.58  0.000e+00
     39.922   67.67710 -168.94936     3.0012    32.3142    1459.58  0.000e+00
     39.914   67.67710 -168.94936     3.0013    32.3139    1459.58  0.000e+00
     39.976   67.67710 -168.94936     3.0018    32.3133    1459.58  0.000e+00
     39.922   67.67710 -168.94936     3.0021    32.3130    1459.58  0.000e+00
     39.922   67.67710 -168.94936     3.0021    32.3130    1459.58  0.000e+00
     39.976   67.67710 -168.94936     3.0026    32.3125    1459.59  0.000e+00
     39.922   67.67710 -168.94936     3.0026    32.3128    1459.59  0.000e+00
     39.922   67.67710 -168.94936     3.0028    32.3124    1459.59  0.000e+00
     39.976   67.67710 -168.94936     3.0025    32.3122    1459.59  0.000e+00
     39.922   67.67710 -168.94936     3.0026    32.3124    1459.59  0.000e+00
     39.976   67.67710 -168.94936     3.0025    32.3127    1459.59  0.000e+00
     39.922   67.67710 -168.94936     3.0025    32.3125    1459.59  0.000e+00
     39.976   67.67710 -168.94936     3.0023    32.3121    1459.58  0.000e+00
     39.922   67.67710 -168.94936     3.0020    32.3124    1459.58  0.000e+00
     39.976   67.67710 -168.94936     3.0017    32.3124    1459.58  0.000e+00
     39.914   67.67710 -168.94936     3.0017    32.3119    1459.58  0.000e+00
     39.976   67.67710 -168.94936     3.0012    32.3125    1459.58  0.000e+00
     39.922   67.67710 -168.94936     3.0010    32.3125    1459.58  0.000e+00
     39.976   67.67710 -168.94936     3.0010    32.3126    1459.58  0.000e+00
     39.976   67.67710 -168.94936     3.0009    32.3126    1459.58  0.000e+00
     39.922   67.67710 -168.94936     3.0006    32.3129    1459.58  0.000e+00
     39.976   67.67710 -168.94936     3.0004    32.3128    1459.58  0.000e+00
     39.976   67.67710 -168.94936     3.0006    32.3128    1459.58  0.000e+00
     39.976   67.67710 -168.94936     3.0004    32.3128    1459.58  0.000e+00
     39.922   67.67710 -168.94936     3.0003    32.3127    1459.58  0.000e+00
     39.976   67.67710 -168.94936     3.0003    32.3128    1459.58  0.000e+00
     39.976   67.67710 -168.94936     3.0004    32.3128    1459.58  0.000e+00
     39.976   67.67710 -168.94936     3.0003    32.3131    1459.58  0.000e+00
     39.976   67.67710 -168.94936     3.0003    32.3134    1459.58  0.000e+00
     39.976   67.67710 -168.94936     3.0004    32.3133    1459.58  0.000e+00
     39.976   67.67710 -168.94936     3.0004    32.3133    1459.58  0.000e+00
     39.976   67.67710 -168.94936     3.0004    32.3135    1459.58  0.000e+00
     39.922   67.67710 -168.94936     3.0006    32.3128    1459.58  0.000e+00
     39.976   67.67710 -168.94936     3.0006    32.3132    1459.58  0.000e+00
     39.976   67.67710 -168.94936     3.0006    32.3132    1459.58  0.000e+00
     39.976   67.67710 -168.94936     3.0007    32.3127    1459.58  0.000e+00
     39.976   67.67710 -168.94936     3.0007    32.3129    1459.58  0.000e+00
     40.037   67.67710 -168.94936     3.0007    32.3129    1459.58  0.000e+00
     39.922   67.67710 -168.94936     3.0007    32.3130    1459.58  0.000e+00
     40.037   67.67710 -168.94936     3.0006    32.3128    1459.58  0.000e+00
     39.922   67.67710 -168.94936     3.0004    32.3130    1459.58  0.000e+00
     40.030   67.67710 -168.94936     3.0004    32.3132    1459.58  0.000e+00
     39.976   67.67710 -168.94936     3.0006    32.3129    1459.58  0.000e+00
     39.976   67.67710 -168.94936     3.0004    32.3126    1459.58  0.000e+00
     39.976   67.67710 -168.94936     3.0004    32.3128    1459.58  0.000e+00
     39.976   67.67710 -168.94936     3.0001    32.3130    1459.58  0.000e+00
     39.976   67.67710 -168.94936     3.0001    32.3132    1459.58  0.000e+00
     39.976   67.67710 -168.94936     2.9999    32.3126    1459.58  0.000e+00
     40.030   67.67710 -168.94936     3.0001    32.3126    1459.58  0.000e+00
     39.922   67.67710 -168.94936     2.9996    32.3133    1459.57  0.000e+00
     40.037   67.67710 -168.94936     2.9998    32.3128    1459.58  0.000e+00
     39.976   67.67710 -168.94936     2.9999    32.3130    1459.58  0.000e+00
     39.976   67.67710 -168.94936     2.9999    32.3128    1459.58  0.000e+00
     39.976   67.67710 -168.94936     2.9999    32.3130    1459.58  0.000e+00
     40.030   67.67710 -168.94936     3.0001    32.3130    1459.58  0.000e+00
     39.976   67.67710 -168.94936     2.9999    32.3128    1459.58  0.000e+00
     39.976   67.67710 -168.94936     2.9998    32.3132    1459.58  0.000e+00
     39.976   67.67710 -168.94936     2.9998    32.3136    1459.58  0.000e+00
     39.976   67.67710 -168.94936     3.0003    32.3134    1459.58  0.000e+00
     39.976   67.67710 -168.94936     3.0001    32.3136    1459.58  0.000e+00
     40.037   67.67710 -168.94936     3.0001    32.3129    1459.58  0.000e+00
     39.976   67.67710 -168.94936     3.0001    32.3128    1459.58  0.000e+00
     40.037   67.67710 -168.94936     2.9998    32.3131    1459.58  0.000e+00
     39.976   67.67710 -168.94936     2.9998    32.3133    1459.58  0.000e+00
     39.976   67.67710 -168.94936     2.9996    32.3135    1459.58  0.000e+00
     40.037   67.67710 -168.94936     2.9996    32.3135    1459.58  0.000e+00
     39.976   67.67710 -168.94936     2.9995    32.3134    1459.57  0.000e+00
     39.976   67.67710 -168.94936     2.9998    32.3135    1459.58  0.000e+00
     40.030   67.67710 -168.94936     3.0001    32.3135    1459.58  0.000e+00
     39.976   67.67710 -168.94936     2.9999    32.3138    1459.58  0.000e+00
     39.976   67.67710 -168.94936     3.0001    32.3138    1459.58  0.000e+00
     40.037   67.67710 -168.94936     3.0003    32.3135    1459.58  0.000e+00
     39.976   67.67710 -168.94936     3.0004    32.3139    1459.58  0.000e+00
     40.037   67.67710 -168.94936     3.0007    32.3131    1459.58  0.000e+00
     39.976   67.67710 -168.94936     3.0007    32.3134    1459.58  0.000e+00
     40.037   67.67710 -168.94936     3.0007    32.3130    1459.58  0.000e+00
     39.975   67.67710 -168.94936     3.0009    32.3133    1459.58  0.000e+00
     39.975   67.67710 -168.94936     3.0009    32.3130    1459.58  0.000e+00
     40.037   67.67710 -168.94936     3.0009    32.3128    1459.58  0.000e+00
     40.037   67.67710 -168.94936     3.0009    32.3135    1459.58  0.000e+00
     39.975   67.67710 -168.94936     3.0009    32.3131    1459.58  0.000e+00
     40.029   67.67710 -168.94936     3.0010    32.3133    1459.58  0.000e+00
     39.975   67.67710 -168.94936     3.0010    32.3133    1459.58  0.000e+00
     40.037   67.67710 -168.94936     3.0010    32.3137    1459.58  0.000e+00
     40.037   67.67710 -168.94936     3.0012    32.3132    1459.58  0.000e+00
     40.037   67.67710 -168.94936     3.0013    32.3122    1459.58  0.000e+00
     39.975   67.67710 -168.94936     3.0013    32.3119    1459.58  0.000e+00
     40.037   67.67710 -168.94936     3.0007    32.3124    1459.58  0.000e+00
     40.029   67.67710 -168.94936     3.0009    32.3125    1459.58  0.000e+00
     40.037   67.67710 -168.94936     3.0007    32.3124    1459.58  0.000e+00
     40.037   67.67710 -168.94936     3.0009    32.3120    1459.58  0.000e+00
     40.037   67.67710 -168.94936     3.0003    32.3121    1459.58  0.000e+00
     39.975   67.67710 -168.94936     3.0001    32.3124    1459.58  0.000e+00
     40.091   67.67710 -168.94936     2.9995    32.3128    1459.58  0.000e+00
     40.029   67.67710 -168.94936     2.9991    32.3129    1459.57  0.000e+00
     40.037   67.67710 -168.94936     2.9991    32.3129    1459.57  0.000e+00
     40.037   67.67710 -168.94936     2.9990    32.3132    1459.57  0.000e+00
     40.037   67.67710 -168.94936     2.9990    32.3126    1459.57  0.000e+00
     40.037   67.67710 -168.94936     2.9991    32.3127    1459.57  0.000e+00
     40.091   67.67710 -168.94936     2.9987    32.3135    1459.57  0.000e+00
     40.037   67.67710 -168.94936     2.9986    32.3130    1459.57  0.000e+00
     40.029   67.67710 -168.94936     2.9985    32.3129    1459.57  0.000e+00
     40.037   67.67710 -168.94938     2.9984    32.3135    1459.57  0.000e+00
     40.091   67.67710 -168.94938     2.9982    32.3138    1459.57  0.000e+00
     40.037   67.67710 -168.94938     2.9984    32.3138    1459.57  0.000e+00
     40.091   67.67710 -168.94938     2.9982    32.3141    1459.57  0.000e+00
     40.037   67.67710 -168.94938     2.9984    32.3138    1459.57  0.000e+00
     40.091   67.67710 -168.94938     2.9985    32.3137    1459.57  0.000e+00
     40.091   67.67710 -168.94938     2.9986    32.3141    1459.57  0.000e+00
     40.037   67.67710 -168.94938     2.9985    32.3139    1459.57  0.000e+00
     40.091   67.67710 -168.94938     2.9987    32.3140    1459.57  0.000e+00
     40.037   67.67710 -168.94938     2.9991    32.3137    1459.57  0.000e+00
     40.091   67.67710 -168.94938     2.9991    32.3130    1459.57  0.000e+00
     40.091   67.67710 -168.94938     2.9990    32.3128    1459.57  0.000e+00
     40.091   67.67710 -168.94938     2.9986    32.3129    1459.57  0.000e+00
     40.091   67.67710 -168.94938     2.9980    32.3134    1459.57  0.000e+00
     40.037   67.67710 -168.94938     2.9982    32.3134    1459.57  0.000e+00
     40.091   67.67710 -168.94938     2.9977    32.3139    1459.57  0.000e+00
     40.091   67.67710 -168.94938     2.9976    32.3145    1459.57  0.000e+00
