EcoFOCI/data/1_SampleCollection/2023_SikuliaqDBO_CruiseData/CTD_raw_BottleFile_SKQ23-12S/proc/skq202312s_010svpavg.cnv
* Sea-Bird SBE 9 Data File:
* FileName = D:\CTD\SKQ202312S\SKQ202312S_010.hex
* Software Version Seasave V 7.26.7.121
* Temperature SN = 6177
* Conductivity SN = 0369
* Number of Bytes Per Scan = 41
* Number of Voltage Words = 4
* Number of Scans Averaged by the Deck Unit = 1
* NMEA Latitude = 63 16.77 N
* NMEA Longitude = 173 16.77 W
* NMEA UTC (Time) = Sep 16 2023  15:37:33
* NMEA baud rate = 4800
** Ship: R/V Sikuliaq
** Station Number: 010
** Station Name: DBO1.9
** Bottom Depth: 70
** Operator: SD
# nquan = 7
# nvalues = 62                          
# units = specified
# name 0 = depSM: Depth [salt water, m]
# name 1 = latitude: Latitude [deg]
# name 2 = longitude: Longitude [deg]
# name 3 = t090C: Temperature [ITS-90, deg C]
# name 4 = sal00: Salinity, Practical [PSU]
# name 5 = svCM: Sound Velocity [Chen-Millero, m/s]
# name 6 = flag: flag
# span 0 =      3.000,     64.000       
# span 1 =   63.27950,   63.27952       
# span 2 = -173.27952, -173.27950       
# span 3 =    -1.4864,     7.4847       
# span 4 =    31.3855,    32.1296       
# span 5 =    1438.86,    1476.27       
# span 6 = 0.0000e+00, 0.0000e+00       
# interval = meters: 1                  
# start_time = Sep 16 2023 15:40:12 [NMEA time, first data scan]
# bad_flag = -9.990e-29
*END*
      3.000   63.27952 -173.27952     7.4736    31.3856    1476.03 0.0000e+00
      4.000   63.27952 -173.27952     7.4710    31.3855    1476.03 0.0000e+00
      5.000   63.27952 -173.27952     7.4714    31.3856    1476.05 0.0000e+00
      6.000   63.27952 -173.27952     7.4776    31.3859    1476.09 0.0000e+00
      7.000   63.27952 -173.27952     7.4807    31.3862    1476.12 0.0000e+00
      8.000   63.27952 -173.27952     7.4803    31.3863    1476.14 0.0000e+00
      9.000   63.27952 -173.27950     7.4814    31.3864    1476.16 0.0000e+00
     10.000   63.27952 -173.27950     7.4840    31.3869    1476.18 0.0000e+00
     11.000   63.27952 -173.27950     7.4847    31.3870    1476.20 0.0000e+00
     12.000   63.27952 -173.27950     7.4839    31.3868    1476.22 0.0000e+00
     13.000   63.27952 -173.27950     7.4831    31.3867    1476.23 0.0000e+00
     14.000   63.27952 -173.27950     7.4822    31.3864    1476.24 0.0000e+00
     15.000   63.27952 -173.27950     7.4831    31.3878    1476.27 0.0000e+00
     16.000   63.27952 -173.27950     7.4709    31.3907    1476.24 0.0000e+00
     17.000   63.27952 -173.27950     7.3608    31.4064    1475.85 0.0000e+00
     18.000   63.27952 -173.27950     7.3039    31.4150    1475.66 0.0000e+00
     19.000   63.27952 -173.27950     7.2470    31.4333    1475.47 0.0000e+00
     20.000   63.27952 -173.27950     7.1817    31.4423    1475.25 0.0000e+00
     21.000   63.27952 -173.27950     7.0803    31.4486    1474.88 0.0000e+00
     22.000   63.27952 -173.27950     6.9624    31.4520    1474.44 0.0000e+00
     23.000   63.27952 -173.27950     6.0615    31.5158    1470.96 0.0000e+00
     24.000   63.27952 -173.27950     4.4994    31.6224    1464.74 0.0000e+00
     25.000   63.27951 -173.27950     2.8819    31.7321    1458.07 0.0000e+00
     26.000   63.27951 -173.27951     1.7548    31.7879    1453.21 0.0000e+00
     27.000   63.27952 -173.27952     0.6826    31.8296    1448.47 0.0000e+00
     28.000   63.27952 -173.27952    -0.0111    31.8391    1445.31 0.0000e+00
     29.000   63.27951 -173.27952    -0.5570    31.8735    1442.83 0.0000e+00
     30.000   63.27950 -173.27952    -0.6429    31.8755    1442.45 0.0000e+00
     31.000   63.27951 -173.27952    -0.8624    31.8872    1441.45 0.0000e+00
     32.000   63.27952 -173.27952    -0.9390    31.8974    1441.12 0.0000e+00
     33.000   63.27951 -173.27952    -0.9464    31.8984    1441.10 0.0000e+00
     34.000   63.27950 -173.27952    -0.9876    31.9007    1440.92 0.0000e+00
     35.000   63.27950 -173.27952    -1.3275    31.9085    1439.33 0.0000e+00
     36.000   63.27951 -173.27952    -1.3769    31.9131    1439.12 0.0000e+00
     37.000   63.27952 -173.27952    -1.3027    31.9236    1439.50 0.0000e+00
     38.000   63.27950 -173.27952    -1.3377    31.9341    1439.37 0.0000e+00
     39.000   63.27950 -173.27952    -1.3925    31.9552    1439.15 0.0000e+00
     40.000   63.27951 -173.27952    -1.4648    31.9948    1438.87 0.0000e+00
     41.000   63.27952 -173.27952    -1.4604    31.9955    1438.91 0.0000e+00
     42.000   63.27950 -173.27952    -1.4442    31.9879    1438.99 0.0000e+00
     43.000   63.27952 -173.27952    -1.4645    31.9912    1438.92 0.0000e+00
     44.000   63.27952 -173.27952    -1.4835    32.0051    1438.86 0.0000e+00
     45.000   63.27951 -173.27952    -1.4840    32.0239    1438.90 0.0000e+00
     46.000   63.27951 -173.27952    -1.4729    32.0251    1438.97 0.0000e+00
     47.000   63.27952 -173.27952    -1.4842    32.0623    1438.99 0.0000e+00
     48.000   63.27952 -173.27952    -1.4851    32.0778    1439.02 0.0000e+00
     49.000   63.27951 -173.27952    -1.4863    32.0806    1439.03 0.0000e+00
     50.000   63.27952 -173.27952    -1.4862    32.0811    1439.05 0.0000e+00
     51.000   63.27952 -173.27952    -1.4858    32.0808    1439.07 0.0000e+00
     52.000   63.27952 -173.27952    -1.4864    32.0810    1439.08 0.0000e+00
     53.000   63.27952 -173.27952    -1.4831    32.0840    1439.12 0.0000e+00
     54.000   63.27952 -173.27952    -1.4731    32.0870    1439.19 0.0000e+00
     55.000   63.27952 -173.27952    -1.4688    32.0895    1439.23 0.0000e+00
     56.000   63.27952 -173.27952    -1.4642    32.0907    1439.27 0.0000e+00
     57.000   63.27952 -173.27952    -1.4438    32.0981    1439.39 0.0000e+00
     58.000   63.27952 -173.27952    -1.3976    32.1166    1439.65 0.0000e+00
     59.000   63.27952 -173.27952    -1.3811    32.1250    1439.76 0.0000e+00
     60.000   63.27952 -173.27952    -1.3986    32.1139    1439.68 0.0000e+00
     61.000   63.27952 -173.27952    -1.3765    32.1258    1439.81 0.0000e+00
     62.000   63.27952 -173.27952    -1.3713    32.1290    1439.86 0.0000e+00
     63.000   63.27952 -173.27951    -1.3701    32.1296    1439.88 0.0000e+00
     64.000   63.27952 -173.27950    -1.3688    32.1274    1439.90 0.0000e+00
