EcoFOCI/data/1_SampleCollection/2023_SikuliaqDBO_CruiseData/CTD_raw_BottleFile_SKQ23-12S/proc/skq202312s_022svp.cnv
* Sea-Bird SBE 9 Data File:
* FileName = D:\CTD\SKQ202312S\SKQ202312S_022.hex
* Software Version Seasave V 7.26.7.121
* Temperature SN = 6177
* Conductivity SN = 0369
* Number of Bytes Per Scan = 41
* Number of Voltage Words = 4
* Number of Scans Averaged by the Deck Unit = 1
* NMEA Latitude = 64 58.51 N
* NMEA Longitude = 169 29.22 W
* NMEA UTC (Time) = Sep 18 2023  05:33:31
* NMEA baud rate = 4800
** Ship: R/V Sikuliaq
** Station Number: 022
** Station Name: DBO2.4A
** Bottom Depth: 48
** Operator: SS
# nquan = 7
# nvalues = 4901                                  
# units = specified
# name 0 = depSM: Depth [salt water, m]
# name 1 = latitude: Latitude [deg]
# name 2 = longitude: Longitude [deg]
# name 3 = t090C: Temperature [ITS-90, deg C]
# name 4 = sal00: Salinity, Practical [PSU]
# name 5 = svCM: Sound Velocity [Chen-Millero, m/s]
# name 6 = flag:  0.000e+00
# span 0 =      2.610,     43.772                 
# span 1 =   64.97508,   64.97508                 
# span 2 = -169.48730, -169.48722                 
# span 3 =     3.0715,     3.7795                 
# span 4 =    32.8153,    32.9431                 
# span 5 =    1460.57,    1463.00                 
# span 6 = 0.0000e+00, 0.0000e+00                 
# interval = seconds: 0.0416667
# start_time = Sep 18 2023 05:37:18 [NMEA time, first data scan]
# bad_flag = -9.990e-29
*END*
[from data line 2872]
     34.055   64.97508 -169.48724     3.0755    32.9418    1460.62  0.000e+00
     34.094   64.97508 -169.48724     3.0755    32.9420    1460.62  0.000e+00
     34.055   64.97508 -169.48724     3.0753    32.9420    1460.62  0.000e+00
     34.109   64.97508 -169.48724     3.0756    32.9420    1460.62  0.000e+00
     34.155   64.97508 -169.48724     3.0755    32.9421    1460.62  0.000e+00
     34.109   64.97508 -169.48724     3.0754    32.9419    1460.62  0.000e+00
     34.155   64.97508 -169.48724     3.0756    32.9418    1460.62  0.000e+00
     34.109   64.97508 -169.48724     3.0755    32.9419    1460.62  0.000e+00
     34.163   64.97508 -169.48724     3.0753    32.9415    1460.62  0.000e+00
     34.209   64.97508 -169.48724     3.0754    32.9421    1460.62  0.000e+00
     34.163   64.97508 -169.48724     3.0752    32.9422    1460.62  0.000e+00
     34.225   64.97508 -169.48724     3.0753    32.9421    1460.62  0.000e+00
     34.271   64.97508 -169.48724     3.0755    32.9420    1460.62  0.000e+00
     34.163   64.97508 -169.48724     3.0755    32.9422    1460.62  0.000e+00
     34.278   64.97508 -169.48724     3.0755    32.9422    1460.62  0.000e+00
     34.209   64.97508 -169.48724     3.0756    32.9421    1460.62  0.000e+00
     34.224   64.97508 -169.48724     3.0755    32.9417    1460.62  0.000e+00
     34.271   64.97508 -169.48724     3.0754    32.9419    1460.62  0.000e+00
     34.278   64.97508 -169.48724     3.0756    32.9418    1460.62  0.000e+00
     34.278   64.97508 -169.48724     3.0753    32.9419    1460.62  0.000e+00
     34.325   64.97508 -169.48724     3.0753    32.9418    1460.62  0.000e+00
     34.278   64.97508 -169.48724     3.0752    32.9420    1460.62  0.000e+00
     34.278   64.97508 -169.48724     3.0754    32.9418    1460.62  0.000e+00
     34.325   64.97508 -169.48724     3.0755    32.9414    1460.62  0.000e+00
     34.340   64.97508 -169.48724     3.0752    32.9421    1460.62  0.000e+00
     34.340   64.97508 -169.48724     3.0753    32.9418    1460.62  0.000e+00
     34.325   64.97508 -169.48724     3.0754    32.9421    1460.62  0.000e+00
     34.340   64.97508 -169.48724     3.0752    32.9421    1460.62  0.000e+00
     34.340   64.97508 -169.48724     3.0752    32.9420    1460.62  0.000e+00
     34.386   64.97508 -169.48724     3.0752    32.9421    1460.62  0.000e+00
     34.340   64.97508 -169.48724     3.0754    32.9420    1460.62  0.000e+00
     34.386   64.97508 -169.48724     3.0753    32.9425    1460.62  0.000e+00
     34.394   64.97508 -169.48724     3.0755    32.9416    1460.62  0.000e+00
     34.394   64.97508 -169.48724     3.0755    32.9417    1460.62  0.000e+00
     34.386   64.97508 -169.48724     3.0754    32.9418    1460.62  0.000e+00
     34.394   64.97508 -169.48724     3.0755    32.9419    1460.63  0.000e+00
     34.394   64.97508 -169.48724     3.0753    32.9421    1460.62  0.000e+00
     34.386   64.97508 -169.48724     3.0755    32.9421    1460.63  0.000e+00
     34.394   64.97508 -169.48724     3.0756    32.9414    1460.62  0.000e+00
     34.448   64.97508 -169.48724     3.0752    32.9422    1460.63  0.000e+00
     34.386   64.97508 -169.48724     3.0755    32.9424    1460.63  0.000e+00
     34.448   64.97508 -169.48724     3.0755    32.9422    1460.63  0.000e+00
     34.440   64.97508 -169.48724     3.0756    32.9417    1460.63  0.000e+00
     34.448   64.97508 -169.48724     3.0755    32.9418    1460.63  0.000e+00
     34.394   64.97508 -169.48724     3.0755    32.9423    1460.63  0.000e+00
     34.494   64.97508 -169.48724     3.0759    32.9415    1460.63  0.000e+00
     34.448   64.97508 -169.48724     3.0756    32.9419    1460.63  0.000e+00
     34.448   64.97508 -169.48724     3.0755    32.9419    1460.63  0.000e+00
     34.494   64.97508 -169.48724     3.0758    32.9419    1460.63  0.000e+00
     34.448   64.97508 -169.48724     3.0756    32.9418    1460.63  0.000e+00
     34.509   64.97508 -169.48724     3.0756    32.9417    1460.63  0.000e+00
     34.494   64.97508 -169.48724     3.0757    32.9416    1460.63  0.000e+00
     34.509   64.97508 -169.48724     3.0758    32.9422    1460.63  0.000e+00
     34.509   64.97508 -169.48724     3.0758    32.9421    1460.63  0.000e+00
     34.494   64.97508 -169.48724     3.0756    32.9424    1460.63  0.000e+00
     34.509   64.97508 -169.48724     3.0759    32.9419    1460.63  0.000e+00
     34.494   64.97508 -169.48724     3.0756    32.9422    1460.63  0.000e+00
     34.563   64.97508 -169.48724     3.0756    32.9420    1460.63  0.000e+00
     34.509   64.97508 -169.48724     3.0758    32.9418    1460.63  0.000e+00
     34.610   64.97508 -169.48724     3.0756    32.9421    1460.63  0.000e+00
     34.509   64.97508 -169.48724     3.0760    32.9419    1460.63  0.000e+00
     34.625   64.97508 -169.48724     3.0756    32.9419    1460.63  0.000e+00
     34.556   64.97508 -169.48724     3.0756    32.9420    1460.63  0.000e+00
     34.625   64.97508 -169.48724     3.0758    32.9418    1460.63  0.000e+00
     34.625   64.97508 -169.48724     3.0757    32.9418    1460.63  0.000e+00
     34.609   64.97508 -169.48724     3.0756    32.9417    1460.63  0.000e+00
     34.679   64.97508 -169.48724     3.0756    32.9418    1460.63  0.000e+00
     34.625   64.97508 -169.48724     3.0758    32.9417    1460.63  0.000e+00
     34.671   64.97508 -169.48724     3.0755    32.9420    1460.63  0.000e+00
     34.679   64.97508 -169.48724     3.0756    32.9419    1460.63  0.000e+00
     34.625   64.97508 -169.48724     3.0756    32.9419    1460.63  0.000e+00
     34.725   64.97508 -169.48724     3.0758    32.9414    1460.63  0.000e+00
     34.679   64.97508 -169.48724     3.0754    32.9417    1460.63  0.000e+00
     34.725   64.97508 -169.48724     3.0756    32.9417    1460.63  0.000e+00
     34.679   64.97508 -169.48724     3.0759    32.9420    1460.63  0.000e+00
     34.741   64.97508 -169.48724     3.0756    32.9419    1460.63  0.000e+00
     34.787   64.97508 -169.48724     3.0758    32.9416    1460.63  0.000e+00
     34.794   64.97508 -169.48724     3.0755    32.9421    1460.63  0.000e+00
     34.740   64.97508 -169.48724     3.0756    32.9419    1460.63  0.000e+00
     34.841   64.97508 -169.48724     3.0756    32.9420    1460.63  0.000e+00
     34.794   64.97508 -169.48724     3.0755    32.9416    1460.63  0.000e+00
     34.848   64.97508 -169.48724     3.0752    32.9415    1460.63  0.000e+00
     34.841   64.97508 -169.48724     3.0756    32.9412    1460.63  0.000e+00
     34.848   64.97508 -169.48724     3.0755    32.9418    1460.63  0.000e+00
     34.848   64.97508 -169.48724     3.0755    32.9415    1460.63  0.000e+00
     34.895   64.97508 -169.48724     3.0754    32.9417    1460.63  0.000e+00
     34.910   64.97508 -169.48724     3.0753    32.9418    1460.63  0.000e+00
     34.910   64.97508 -169.48724     3.0752    32.9415    1460.63  0.000e+00
     34.895   64.97508 -169.48724     3.0752    32.9420    1460.63  0.000e+00
     34.910   64.97508 -169.48724     3.0752    32.9419    1460.63  0.000e+00
     34.964   64.97508 -169.48724     3.0753    32.9412    1460.63  0.000e+00
     34.956   64.97508 -169.48724     3.0750    32.9421    1460.63  0.000e+00
     34.964   64.97508 -169.48724     3.0753    32.9416    1460.63  0.000e+00
     34.956   64.97508 -169.48724     3.0752    32.9418    1460.63  0.000e+00
     35.026   64.97508 -169.48724     3.0754    32.9419    1460.63  0.000e+00
     35.026   64.97508 -169.48724     3.0752    32.9419    1460.63  0.000e+00
     35.010   64.97508 -169.48724     3.0755    32.9413    1460.63  0.000e+00
     35.026   64.97508 -169.48724     3.0752    32.9420    1460.63  0.000e+00
     35.080   64.97508 -169.48724     3.0754    32.9421    1460.64  0.000e+00
     35.010   64.97508 -169.48724     3.0753    32.9418    1460.63  0.000e+00
     35.080   64.97508 -169.48724     3.0752    32.9417    1460.63  0.000e+00
     35.080   64.97508 -169.48724     3.0752    32.9414    1460.63  0.000e+00
     35.072   64.97508 -169.48724     3.0754    32.9411    1460.63  0.000e+00
     35.080   64.97508 -169.48724     3.0752    32.9415    1460.63  0.000e+00
     35.141   64.97508 -169.48724     3.0752    32.9417    1460.64  0.000e+00
     35.126   64.97508 -169.48724     3.0752    32.9414    1460.63  0.000e+00
     35.080   64.97508 -169.48724     3.0752    32.9412    1460.63  0.000e+00
     35.141   64.97508 -169.48724     3.0752    32.9417    1460.64  0.000e+00
     35.126   64.97508 -169.48724     3.0750    32.9417    1460.63  0.000e+00
     35.195   64.97508 -169.48724     3.0750    32.9415    1460.64  0.000e+00
     35.141   64.97508 -169.48724     3.0751    32.9414    1460.63  0.000e+00
     35.187   64.97508 -169.48724     3.0752    32.9414    1460.64  0.000e+00
     35.141   64.97508 -169.48724     3.0748    32.9416    1460.63  0.000e+00
     35.195   64.97508 -169.48724     3.0748    32.9416    1460.63  0.000e+00
     35.187   64.97508 -169.48724     3.0750    32.9414    1460.64  0.000e+00
     35.195   64.97508 -169.48724     3.0747    32.9419    1460.63  0.000e+00
     35.195   64.97508 -169.48724     3.0750    32.9417    1460.64  0.000e+00
     35.187   64.97508 -169.48724     3.0748    32.9416    1460.63  0.000e+00
     35.195   64.97508 -169.48724     3.0747    32.9420    1460.63  0.000e+00
     35.195   64.97508 -169.48724     3.0747    32.9420    1460.64  0.000e+00
     35.241   64.97508 -169.48724     3.0747    32.9417    1460.64  0.000e+00
     35.195   64.97508 -169.48724     3.0748    32.9413    1460.63  0.000e+00
     35.249   64.97508 -169.48724     3.0745    32.9418    1460.63  0.000e+00
     35.187   64.97508 -169.48724     3.0747    32.9419    1460.63  0.000e+00
     35.249   64.97508 -169.48724     3.0747    32.9415    1460.64  0.000e+00
     35.187   64.97508 -169.48724     3.0748    32.9417    1460.64  0.000e+00
     35.249   64.97508 -169.48724     3.0748    32.9416    1460.64  0.000e+00
     35.195   64.97508 -169.48724     3.0749    32.9414    1460.63  0.000e+00
     35.241   64.97508 -169.48724     3.0750    32.9415    1460.64  0.000e+00
     35.195   64.97508 -169.48724     3.0752    32.9415    1460.64  0.000e+00
     35.249   64.97508 -169.48724     3.0752    32.9412    1460.64  0.000e+00
     35.241   64.97508 -169.48724     3.0751    32.9417    1460.64  0.000e+00
     35.249   64.97508 -169.48724     3.0750    32.9423    1460.64  0.000e+00
     35.249   64.97508 -169.48724     3.0753    32.9424    1460.64  0.000e+00
     35.241   64.97508 -169.48724     3.0755    32.9421    1460.64  0.000e+00
     35.249   64.97508 -169.48724     3.0764    32.9419    1460.64  0.000e+00
     35.249   64.97508 -169.48724     3.0773    32.9419    1460.65  0.000e+00
     35.187   64.97508 -169.48724     3.0782    32.9422    1460.65  0.000e+00
     35.195   64.97508 -169.48724     3.0792    32.9418    1460.65  0.000e+00
     35.141   64.97508 -169.48724     3.0802    32.9421    1460.66  0.000e+00
     35.187   64.97508 -169.48724     3.0812    32.9422    1460.66  0.000e+00
     35.079   64.97508 -169.48724     3.0822    32.9420    1460.67  0.000e+00
     35.079   64.97508 -169.48724     3.0831    32.9415    1460.67  0.000e+00
     35.125   64.97508 -169.48724     3.0838    32.9404    1460.67  0.000e+00
     35.079   64.97508 -169.48724     3.0841    32.9400    1460.67  0.000e+00
     35.079   64.97508 -169.48724     3.0844    32.9403    1460.67  0.000e+00
     35.071   64.97508 -169.48724     3.0849    32.9402    1460.67  0.000e+00
     35.079   64.97508 -169.48724     3.0855    32.9399    1460.68  0.000e+00
     35.079   64.97508 -169.48724     3.0858    32.9401    1460.68  0.000e+00
     35.009   64.97508 -169.48724     3.0863    32.9393    1460.68  0.000e+00
     35.079   64.97508 -169.48724     3.0861    32.9393    1460.68  0.000e+00
     35.079   64.97508 -169.48724     3.0860    32.9397    1460.68  0.000e+00
     35.009   64.97508 -169.48724     3.0858    32.9395    1460.68  0.000e+00
     35.079   64.97508 -169.48724     3.0863    32.9397    1460.68  0.000e+00
     35.025   64.97508 -169.48724     3.0864    32.9399    1460.68  0.000e+00
     35.009   64.97508 -169.48724     3.0866    32.9398    1460.68  0.000e+00
     35.025   64.97508 -169.48724     3.0866    32.9395    1460.68  0.000e+00
     34.955   64.97508 -169.48724     3.0868    32.9396    1460.68  0.000e+00
     34.963   64.97508 -169.48724     3.0868    32.9396    1460.68  0.000e+00
     34.963   64.97508 -169.48724     3.0866    32.9402    1460.68  0.000e+00
     34.955   64.97508 -169.48724     3.0866    32.9397    1460.68  0.000e+00
     34.963   64.97508 -169.48724     3.0863    32.9394    1460.68  0.000e+00
     34.963   64.97508 -169.48724     3.0855    32.9398    1460.67  0.000e+00
     34.955   64.97508 -169.48724     3.0854    32.9396    1460.67  0.000e+00
     34.963   64.97508 -169.48724     3.0850    32.9395    1460.67  0.000e+00
     34.963   64.97508 -169.48724     3.0844    32.9391    1460.67  0.000e+00
     34.955   64.97508 -169.48724     3.0836    32.9394    1460.67  0.000e+00
     34.909   64.97508 -169.48724     3.0833    32.9389    1460.66  0.000e+00
     34.963   64.97508 -169.48724     3.0827    32.9389    1460.66  0.000e+00
     34.955   64.97508 -169.48724     3.0818    32.9395    1460.66  0.000e+00
     34.909   64.97508 -169.48724     3.0813    32.9398    1460.66  0.000e+00
     34.909   64.97508 -169.48724     3.0804    32.9404    1460.65  0.000e+00
     34.955   64.97508 -169.48724     3.0797    32.9410    1460.65  0.000e+00
     34.909   64.97508 -169.48724     3.0797    32.9402    1460.65  0.000e+00
     34.909   64.97508 -169.48724     3.0798    32.9403    1460.65  0.000e+00
     34.893   64.97508 -169.48724     3.0799    32.9401    1460.65  0.000e+00
     34.909   64.97508 -169.48724     3.0792    32.9405    1460.65  0.000e+00
     34.909   64.97508 -169.48724     3.0784    32.9408    1460.64  0.000e+00
     34.893   64.97508 -169.48724     3.0781    32.9395    1460.64  0.000e+00
     34.963   64.97508 -169.48724     3.0772    32.9396    1460.64  0.000e+00
     34.839   64.97508 -169.48724     3.0772    32.9409    1460.64  0.000e+00
     34.963   64.97508 -169.48724     3.0767    32.9413    1460.64  0.000e+00
     34.909   64.97508 -169.48724     3.0767    32.9411    1460.64  0.000e+00
     35.009   64.97508 -169.48724     3.0762    32.9416    1460.64  0.000e+00
     34.847   64.97508 -169.48724     3.0762    32.9415    1460.64  0.000e+00
     34.963   64.97508 -169.48724     3.0761    32.9413    1460.64  0.000e+00
     34.893   64.97508 -169.48724     3.0761    32.9413    1460.63  0.000e+00
     34.963   64.97508 -169.48724     3.0760    32.9413    1460.64  0.000e+00
     34.963   64.97508 -169.48724     3.0759    32.9414    1460.64  0.000e+00
     34.955   64.97508 -169.48724     3.0761    32.9415    1460.64  0.000e+00
     34.962   64.97508 -169.48724     3.0762    32.9405    1460.64  0.000e+00
     34.962   64.97508 -169.48724     3.0762    32.9407    1460.64  0.000e+00
     34.955   64.97508 -169.48724     3.0762    32.9410    1460.64  0.000e+00
     34.962   64.97508 -169.48724     3.0762    32.9412    1460.64  0.000e+00
     34.962   64.97508 -169.48724     3.0762    32.9413    1460.64  0.000e+00
     35.009   64.97508 -169.48724     3.0763    32.9413    1460.64  0.000e+00
     35.024   64.97508 -169.48724     3.0762    32.9414    1460.64  0.000e+00
     34.962   64.97508 -169.48724     3.0762    32.9411    1460.64  0.000e+00
     35.009   64.97508 -169.48722     3.0761    32.9410    1460.64  0.000e+00
     35.078   64.97508 -169.48722     3.0762    32.9414    1460.64  0.000e+00
     35.024   64.97508 -169.48722     3.0762    32.9415    1460.64  0.000e+00
     35.009   64.97508 -169.48722     3.0764    32.9414    1460.64  0.000e+00
     35.078   64.97508 -169.48722     3.0766    32.9412    1460.64  0.000e+00
     35.024   64.97508 -169.48722     3.0764    32.9415    1460.64  0.000e+00
