EcoFOCI/data/1_SampleCollection/2023_SikuliaqDBO_CruiseData/CTD_raw_BottleFile_SKQ23-12S/proc/skq202312s_027.ros
* Sea-Bird SBE 9 Data File:
* FileName = D:\CTD\SKQ202312S\SKQ202312S_027.hex
* Software Version Seasave V 7.26.7.121
* Temperature SN = 6177
* Conductivity SN = 0369
* Number of Bytes Per Scan = 41
* Number of Voltage Words = 4
* Number of Scans Averaged by the Deck Unit = 1
* NMEA Latitude = 71 19.80 N
* NMEA Longitude = 157 19.91 W
* NMEA UTC (Time) = Sep 21 2023  01:08:33
* NMEA baud rate = 4800
** Ship: R/V Sikuliaq
** Station Number: 027
** Station Name: DBO5.3
** Bottom Depth: 91
** Operator: SD
# nquan = 22
# nvalues = 1078                                  
# units = specified
# name 0 = depSM: Depth [salt water, m]
# name 1 = latitude: Latitude [deg]
# name 2 = longitude: Longitude [deg]
# name 3 = prDM: Pressure, Digiquartz [db]
# name 4 = t090C: Temperature [ITS-90, deg C]
# name 5 = t190C: Temperature, 2 [ITS-90, deg C]
# name 6 = potemp090C: Potential Temperature [ITS-90, deg C]
# name 7 = sal00: Salinity, Practical [PSU]
# name 8 = sal11: Salinity, Practical, 2 [PSU]
# name 9 = density00: Density [density, kg/m^3]
# name 10 = sigma-é00: Density [sigma-theta, kg/m^3]
# name 11 = sbox0Mm/Kg: Oxygen, SBE 43 [umol/kg]
# name 12 = sbox1Mm/Kg: Oxygen, SBE 43, 2 [umol/kg]
# name 13 = oxsolMm/Kg: Oxygen Saturation, Garcia & Gordon [umol/kg]
# name 14 = sbeox0PS: Oxygen, SBE 43 [% saturation]
# name 15 = v0: Voltage 0
# name 16 = flECO-AFL: Fluorescence, WET Labs ECO-AFL/FL [mg/m^3]
# name 17 = CStarAt0: Beam Attenuation, WET Labs C-Star [1/m]
# name 18 = par: PAR/Irradiance, Biospherical/Licor
# name 19 = scan: Scan Count
# name 20 = nbf: Bottles Fired
# name 21 = flag:  0.000e+00
# interval = seconds: 0.0416667
# start_time = Sep 21 2023 01:12:36 [NMEA time, first data scan]
# bad_flag = -9.990e-29
*END*
     84.415   71.32998 -157.33130     85.303    -1.1499    -1.1413    -1.1517    32.4274    32.4489  1026.4839    26.0732    316.017    300.218  365.97754     86.349     0.2283     1.0220     1.1201 1.0000e-12       7918          1  0.000e+00
     84.415   71.32998 -157.33130     85.303    -1.1497    -1.1407    -1.1515    32.4275    32.4484  1026.4840    26.0732    316.256    300.212  365.97565     86.415     0.2295     1.0293     1.1105 1.0000e-12       7919          1  0.000e+00
     84.330   71.32998 -157.33130     85.217    -1.1499    -1.1407    -1.1517    32.4271    32.4480  1026.4833    26.0729    316.029    300.211  365.97837     86.352     0.2283     1.0220     1.1078 1.0000e-12       7920          1  0.000e+00
     84.415   71.32998 -157.33130     85.303    -1.1496    -1.1411    -1.1514    32.4270    32.4485  1026.4836    26.0728    316.011    300.221  365.97587     86.348     0.2283     1.0220     1.1078 1.0000e-12       7921          1  0.000e+00
     84.415   71.32998 -157.33132     85.303    -1.1500    -1.1420    -1.1519    32.4274    32.4488  1026.4839    26.0732    316.769    300.008  365.97918     86.554     0.2295     1.0293     1.1078 1.0000e-12       7922          1  0.000e+00
     84.384   71.32998 -157.33132     85.271    -1.1500    -1.1432    -1.1519    32.4274    32.4494  1026.4837    26.0731    316.118    300.256  365.97937     86.376     0.2283     1.0220     1.1091 1.0000e-12       7923          1  0.000e+00
     84.415   71.32998 -157.33132     85.303    -1.1505    -1.1447    -1.1523    32.4278    32.4503  1026.4843    26.0735    316.355    300.317  365.98248     86.440     0.2295     1.0293     1.1091 1.0000e-12       7924          1  0.000e+00
     84.415   71.32998 -157.33132     85.303    -1.1501    -1.1461    -1.1520    32.4275    32.4512  1026.4840    26.0732    316.169    300.119  365.98019     86.390     0.2295     1.0293     1.1078 1.0000e-12       7925          1  0.000e+00
     84.384   71.32998 -157.33132     85.271    -1.1508    -1.1463    -1.1526    32.4275    32.4512  1026.4839    26.0733    316.200    300.565  365.98619     86.397     0.2295     1.0293     1.1078 1.0000e-12       7926          1  0.000e+00
     84.415   71.32998 -157.33132     85.303    -1.1511    -1.1458    -1.1530    32.4274    32.4504  1026.4840    26.0732    316.183    300.163  365.98977     86.391     0.2283     1.0220     1.1091 1.0000e-12       7927          1  0.000e+00
     84.415   71.32998 -157.33132     85.303    -1.1514    -1.1460    -1.1533    32.4273    32.4506  1026.4839    26.0731    316.164    300.389  365.99304     86.385     0.2295     1.0293     1.1091 1.0000e-12       7928          1  0.000e+00
     84.384   71.32998 -157.33132     85.271    -1.1519    -1.1466    -1.1537    32.4276    32.4504  1026.4840    26.0734    316.401    300.391  365.99666     86.449     0.2295     1.0293     1.1078 1.0000e-12       7929          1  0.000e+00
     84.477   71.32998 -157.33132     85.365    -1.1519    -1.1476    -1.1537    32.4269    32.4509  1026.4839    26.0728    316.174    300.402  365.99855     86.387     0.2295     1.0293     1.1078 1.0000e-12       7930          1  0.000e+00
     84.415   71.32998 -157.33132     85.303    -1.1523    -1.1492    -1.1542    32.4276    32.4518  1026.4842    26.0734    315.892    300.412  366.00101     86.309     0.2295     1.0293     1.1091 1.0000e-12       7931          1  0.000e+00
     84.384   71.32998 -157.33132     85.271    -1.1528    -1.1501    -1.1546    32.4276    32.4518  1026.4841    26.0734    316.339    300.454  366.00550     86.430     0.2271     1.0146     1.1091 8.4714e-06       7932          1  0.000e+00
     84.477   71.32998 -157.33132     85.365    -1.1532    -1.1512    -1.1551    32.4279    32.4524  1026.4847    26.0737    316.114    300.503  366.00921     86.368     0.2247     1.0000     1.1091 1.0000e-12       7933          1  0.000e+00
     84.415   71.32998 -157.33132     85.303    -1.1535    -1.1513    -1.1554    32.4284    32.4525  1026.4849    26.0741    316.088    300.508  366.01053     86.360     0.2247     1.0000     1.1078 1.0000e-12       7934          1  0.000e+00
     84.500   71.32998 -157.33132     85.388    -1.1537    -1.1519    -1.1555    32.4287    32.4523  1026.4855    26.0743    316.068    300.786  366.01145     86.355     0.2247     1.0000     1.1091 1.0000e-12       7935          1  0.000e+00
     84.415   71.32998 -157.33132     85.303    -1.1539    -1.1522    -1.1557    32.4293    32.4525  1026.4856    26.0748    316.349    300.632  366.01135     86.431     0.2234     0.9927     1.1091 1.0000e-12       7936          1  0.000e+00
     84.477   71.32998 -157.33132     85.365    -1.1529    -1.1533    -1.1547    32.4289    32.4524  1026.4855    26.0744    316.418    300.917  366.00310     86.452     0.2247     1.0000     1.1091 1.0000e-12       7937          1  0.000e+00
     84.438   71.32998 -157.33132     85.326    -1.1519    -1.1545    -1.1537    32.4287    32.4525  1026.4852    26.0743    316.174    300.516  365.99343     86.388     0.2259     1.0073     1.1091 8.4714e-06       7938          1  0.000e+00
     84.477   71.32998 -157.33132     85.365    -1.1511    -1.1557    -1.1530    32.4290    32.4533  1026.4856    26.0745    316.143    300.739  365.98520     86.381     0.2247     1.0000     1.1078 1.0000e-12       7939          1  0.000e+00
     84.477   71.32998 -157.33132     85.365    -1.1502    -1.1565    -1.1521    32.4284    32.4534  1026.4850    26.0740    316.111    300.763  365.97809     86.374     0.2247     1.0000     1.1064 1.0000e-12       7940          1  0.000e+00
     84.500   71.32998 -157.33132     85.388    -1.1496    -1.1566    -1.1514    32.4283    32.4535  1026.4850    26.0739    316.081    301.012  365.97220     86.368     0.2247     1.0000     1.1078 1.0000e-12       7941          1  0.000e+00
     84.531   71.32998 -157.33132     85.420    -1.1494    -1.1560    -1.1513    32.4283    32.4535  1026.4852    26.0739    316.056    300.829  365.97037     86.361     0.2247     1.0000     1.1064 1.0000e-12       7942          1  0.000e+00
     84.477   71.32998 -157.33132     85.365    -1.1491    -1.1548    -1.1510    32.4276    32.4535  1026.4843    26.0733    316.337    300.835  365.96971     86.438     0.2247     1.0000     1.1078 1.0000e-12       7943          1  0.000e+00
     84.554   71.32998 -157.33132     85.443    -1.1496    -1.1536    -1.1514    32.4275    32.4525  1026.4847    26.0732    316.369    300.850  365.97439     86.446     0.2247     1.0000     1.1078 1.0000e-12       7944          1  0.000e+00
     84.531   71.32998 -157.33132     85.420    -1.1499    -1.1523    -1.1517    32.4276    32.4522  1026.4847    26.0733    316.651    300.828  365.97688     86.522     0.2259     1.0073     1.1064 1.0000e-12       7945          1  0.000e+00
     84.531   71.32998 -157.33132     85.420    -1.1505    -1.1518    -1.1523    32.4279    32.4522  1026.4849    26.0736    316.517    300.813  365.98232     86.484     0.2247     1.0000     1.1078 1.0000e-12       7946          1  0.000e+00
     84.554   71.32998 -157.33132     85.443    -1.1507    -1.1518    -1.1525    32.4278    32.4523  1026.4849    26.0735    316.281    300.835  365.98437     86.419     0.2247     1.0000     1.1064 1.0000e-12       7947          1  0.000e+00
     84.531   71.32998 -157.33132     85.420    -1.1511    -1.1519    -1.1530    32.4277    32.4524  1026.4848    26.0734    316.254    301.087  365.98899     86.411     0.2247     1.0000     1.1064 1.0000e-12       7948          1  0.000e+00
     84.592   71.32998 -157.33132     85.482    -1.1521    -1.1525    -1.1540    32.4274    32.4528  1026.4848    26.0732    316.546    300.922  366.00005     86.488     0.2247     1.0000     1.1078 1.0000e-12       7949          1  0.000e+00
     84.616   71.32998 -157.33132     85.505    -1.1531    -1.1532    -1.1549    32.4277    32.4527  1026.4852    26.0735    316.573    300.921  366.00818     86.494     0.2247     1.0000     1.1078 1.0000e-12       7950          1  0.000e+00
     84.592   71.32998 -157.33132     85.482    -1.1545    -1.1547    -1.1563    32.4281    32.4527  1026.4855    26.0739    316.602    301.187  366.02091     86.498     0.2247     1.0000     1.1064 1.0000e-12       7951          1  0.000e+00
     84.592   71.32998 -157.33132     85.482    -1.1556    -1.1566    -1.1575    32.4283    32.4537  1026.4857    26.0741    316.627    301.227  366.03165     86.503     0.2247     1.0000     1.1078 1.0000e-12       7952          1  0.000e+00
     84.616   71.32998 -157.33132     85.505    -1.1564    -1.1574    -1.1583    32.4290    32.4534  1026.4864    26.0746    316.647    301.258  366.03754     86.507     0.2247     1.0000     1.1064 1.0000e-12       7953          1  0.000e+00
     84.647   71.32998 -157.33132     85.537    -1.1564    -1.1578    -1.1583    32.4291    32.4534  1026.4867    26.0748    316.400    301.318  366.03710     86.439     0.2259     1.0073     1.1078 1.0000e-12       7954          1  0.000e+00
     84.708   71.32998 -157.33132     85.599    -1.1572    -1.1594    -1.1590    32.4300    32.4547  1026.4877    26.0755    316.627    301.125  366.04194     86.500     0.2247     1.0000     1.1078 1.0000e-12       7955          1  0.000e+00
     84.616   71.32998 -157.33132     85.505    -1.1569    -1.1603    -1.1587    32.4294    32.4543  1026.4867    26.0749    316.630    301.121  366.04097     86.501     0.2259     1.0073     1.1078 1.0000e-12       7956          1  0.000e+00
     84.708   71.32998 -157.33132     85.599    -1.1575    -1.1612    -1.1594    32.4293    32.4549  1026.4872    26.0750    316.646    301.154  366.04719     86.504     0.2247     1.0000     1.1078 1.0000e-12       7957          1  0.000e+00
     84.708   71.32998 -157.33132     85.599    -1.1581    -1.1618    -1.1600    32.4294    32.4548  1026.4873    26.0751    316.656    301.412  366.05250     86.506     0.2283     1.0220     1.1078 1.0000e-12       7958          1  0.000e+00
     84.731   71.32998 -157.33132     85.622    -1.1586    -1.1625    -1.1605    32.4298    32.4556  1026.4877    26.0754    316.663    301.440  366.05648     86.507     0.2283     1.0220     1.1091 1.0000e-12       7959          1  0.000e+00
     84.708   71.32998 -157.33132     85.599    -1.1591    -1.1629    -1.1609    32.4297    32.4553  1026.4875    26.0753    316.667    301.236  366.06135     86.507     0.2295     1.0293     1.1091 1.0000e-12       7960          1  0.000e+00
     84.762   71.32998 -157.33132     85.654    -1.1594    -1.1636    -1.1612    32.4299    32.4555  1026.4880    26.0755    316.670    301.495  366.06348     86.507     0.2295     1.0293     1.1091 1.0000e-12       7961          1  0.000e+00
     84.731   71.32998 -157.33132     85.622    -1.1600    -1.1642    -1.1619    32.4301    32.4556  1026.4880    26.0757    316.413    301.521  366.06962     86.435     0.2283     1.0220     1.1091 1.0000e-12       7962          1  0.000e+00
     84.762   71.32998 -157.33132     85.654    -1.1611    -1.1647    -1.1629    32.4302    32.4554  1026.4882    26.0757    316.629    301.547  366.07965     86.492     0.2295     1.0293     1.1091 1.0000e-12       7963          1  0.000e+00
     84.816   71.32998 -157.33132     85.708    -1.1622    -1.1648    -1.1640    32.4302    32.4558  1026.4885    26.0757    316.636    301.568  366.09035     86.491     0.2283     1.0220     1.1105 1.0000e-12       7964          1  0.000e+00
     84.785   71.32998 -157.33132     85.677    -1.1631    -1.1647    -1.1650    32.4307    32.4557  1026.4888    26.0762    316.635    301.583  366.09828     86.489     0.2295     1.0293     1.1091 1.0000e-12       7965          1  0.000e+00
     84.816   71.32998 -157.33132     85.708    -1.1638    -1.1654    -1.1657    32.4309    32.4558  1026.4892    26.0764    316.683    301.607  366.10441     86.501     0.2295     1.0293     1.1091 1.0000e-12       7966          1  0.000e+00
     84.129   71.32998 -157.33130     85.014    -1.1525    -1.1710    -1.1543    32.4289    32.4554  1026.4839    26.0745    316.065    300.599  365.99895     86.357     0.2222     0.9853     1.1160 1.0000e-12       8088          2  0.000e+00
     84.214   71.32998 -157.33130     85.100    -1.1520    -1.1702    -1.1539    32.4283    32.4540  1026.4837    26.0739    316.060    300.617  365.99629     86.356     0.2234     0.9927     1.1160 1.0000e-12       8089          2  0.000e+00
     84.129   71.32998 -157.33132     85.014    -1.1516    -1.1700    -1.1534    32.4284    32.4531  1026.4834    26.0740    316.045    300.635  365.99160     86.353     0.2222     0.9853     1.1146 1.0000e-12       8090          2  0.000e+00
     84.191   71.32998 -157.33132     85.076    -1.1512    -1.1717    -1.1531    32.4282    32.4543  1026.4835    26.0739    316.039    300.670  365.98867     86.352     0.2222     0.9853     1.1146 1.0000e-12       8091          2  0.000e+00
     84.153   71.32998 -157.33132     85.037    -1.1508    -1.1744    -1.1526    32.4275    32.4559  1026.4827    26.0733    316.028    300.710  365.98628     86.350     0.2210     0.9780     1.1146 1.0000e-12       8092          2  0.000e+00
     84.191   71.32998 -157.33132     85.076    -1.1511    -1.1766    -1.1530    32.4274    32.4582  1026.4828    26.0732    316.027    300.519  365.99000     86.349     0.2222     0.9853     1.1146 1.0000e-12       8093          2  0.000e+00
     84.098   71.32998 -157.33132     84.983    -1.1517    -1.1767    -1.1535    32.4272    32.4592  1026.4823    26.0731    316.281    300.731  365.99600     86.416     0.2222     0.9853     1.1146 1.0000e-12       8094          2  0.000e+00
     84.307   71.32998 -157.33132     85.193    -1.1528    -1.1752    -1.1546    32.4267    32.4587  1026.4830    26.0727    316.342    300.747  366.00807     86.430     0.2222     0.9853     1.1146 1.0000e-12       8095          2  0.000e+00
     84.191   71.32998 -157.33132     85.076    -1.1543    -1.1741    -1.1562    32.4274    32.4582  1026.4830    26.0733    316.133    300.755  366.02128     86.370     0.2210     0.9780     1.1146 1.0000e-12       8096          2  0.000e+00
     84.214   71.32998 -157.33132     85.100    -1.1548    -1.1732    -1.1566    32.4279    32.4577  1026.4835    26.0737    316.178    300.737  366.02439     86.382     0.2222     0.9853     1.1146 1.0000e-12       8097          2  0.000e+00
     84.245   71.32998 -157.33132     85.131    -1.1551    -1.1728    -1.1569    32.4287    32.4580  1026.4844    26.0744    316.172    300.720  366.02475     86.380     0.2222     0.9853     1.1146 1.0000e-12       8098          2  0.000e+00
     84.191   71.32998 -157.33132     85.076    -1.1546    -1.1712    -1.1565    32.4284    32.4575  1026.4838    26.0741    315.900    300.689  366.02135     86.306     0.2222     0.9853     1.1160 1.0000e-12       8099          2  0.000e+00
     84.268   71.32998 -157.33132     85.154    -1.1545    -1.1697    -1.1563    32.4287    32.4567  1026.4844    26.0743    316.104    300.698  366.01937     86.363     0.2222     0.9853     1.1146 1.0000e-12       8100          2  0.000e+00
     84.245   71.32998 -157.33132     85.131    -1.1540    -1.1691    -1.1558    32.4295    32.4569  1026.4850    26.0750    316.090    300.675  366.01182     86.360     0.2210     0.9780     1.1119 1.0000e-12       8101          2  0.000e+00
     84.307   71.32998 -157.33132     85.193    -1.1528    -1.1682    -1.1546    32.4299    32.4567  1026.4856    26.0753    316.073    300.652  365.99884     86.359     0.2222     0.9853     1.1119 1.0000e-12       8102          2  0.000e+00
     84.268   71.32998 -157.33132     85.154    -1.1511    -1.1667    -1.1530    32.4295    32.4560  1026.4849    26.0749    316.050    300.652  365.98398     86.356     0.2222     0.9853     1.1119 1.0000e-12       8103          2  0.000e+00
