EcoFOCI/data/1_SampleCollection/2023_SikuliaqDBO_CruiseData/CTD_raw_BottleFile_SKQ23-12S/proc/skq202312s_071.ros
* Sea-Bird SBE 9 Data File:
* FileName = D:\CTD\SKQ202312S\SKQ202312S_071.hex
* Software Version Seasave V 7.26.7.121
* Temperature SN = 6177
* Conductivity SN = 0369
* Number of Bytes Per Scan = 41
* Number of Voltage Words = 4
* Number of Scans Averaged by the Deck Unit = 1
* NMEA Latitude = 68 07.96 N
* NMEA Longitude = 167 29.16 W
* NMEA UTC (Time) = Oct 01 2023  15:37:48
* NMEA baud rate = 4800
** Ship: R/V Sikuliaq
** Station Number: 071
** Station Name: DBO3.4
** Bottom Depth: 48
** Operator: SD
# nquan = 22
# nvalues = 931                                   
# units = specified
# name 0 = depSM: Depth [salt water, m]
# name 1 = latitude: Latitude [deg]
# name 2 = longitude: Longitude [deg]
# name 3 = prDM: Pressure, Digiquartz [db]
# name 4 = t090C: Temperature [ITS-90, deg C]
# name 5 = t190C: Temperature, 2 [ITS-90, deg C]
# name 6 = potemp090C: Potential Temperature [ITS-90, deg C]
# name 7 = sal00: Salinity, Practical [PSU]
# name 8 = sal11: Salinity, Practical, 2 [PSU]
# name 9 = density00: Density [density, kg/m^3]
# name 10 = sigma-é00: Density [sigma-theta, kg/m^3]
# name 11 = sbox0Mm/Kg: Oxygen, SBE 43 [umol/kg]
# name 12 = sbox1Mm/Kg: Oxygen, SBE 43, 2 [umol/kg]
# name 13 = oxsolMm/Kg: Oxygen Saturation, Garcia & Gordon [umol/kg]
# name 14 = sbeox0PS: Oxygen, SBE 43 [% saturation]
# name 15 = v0: Voltage 0
# name 16 = flECO-AFL: Fluorescence, WET Labs ECO-AFL/FL [mg/m^3]
# name 17 = CStarAt0: Beam Attenuation, WET Labs C-Star [1/m]
# name 18 = par: PAR/Irradiance, Biospherical/Licor
# name 19 = scan: Scan Count
# name 20 = nbf: Bottles Fired
# name 21 = flag:  0.000e+00
# interval = seconds: 0.0416667
# start_time = Oct 01 2023 15:41:18 [NMEA time, first data scan]
# bad_flag = -9.990e-29
*END*
[from data line 659]
     10.423   68.13270 -167.48586     10.529     3.8347     3.8607     3.8341    32.0341    32.0454  1025.4926    25.4433    280.165    279.107  323.20699     86.683     0.0769     0.1135     0.7247 1.0000e-12      17422         14  0.000e+00
     10.423   68.13270 -167.48586     10.529     3.8369     3.8659     3.8363    32.0495    32.0412  1025.5046    25.4554    280.242    279.107  323.15205     86.721     0.0781     0.1209     0.7247 1.0000e-12      17423         14  0.000e+00
     10.446   68.13270 -167.48586     10.552     3.8476     3.8731     3.8469    32.0559    32.0359  1025.5088    25.4595    280.267    279.260  323.05282     86.756     0.0769     0.1135     0.7309 8.4714e-06      17424         14  0.000e+00
     10.477   68.13270 -167.48586     10.583     3.8633     3.8763     3.8627    32.0532    32.0357  1025.5053    25.4558    280.475    279.241  322.93544     86.852     0.0781     0.1209     0.7659 8.4714e-06      17425         14  0.000e+00
     10.423   68.13270 -167.48586     10.529     3.8793     3.8803     3.8787    32.0515    32.0362  1025.5022    25.4529    280.489    279.208  322.81382     86.889     0.0781     0.1209     0.7810 8.4714e-06      17426         14  0.000e+00
     10.423   68.13270 -167.48586     10.529     3.8991     3.8855     3.8984    32.0461    32.0351  1025.4960    25.4467    280.476    279.148  322.67210     86.923     0.0781     0.1209     0.7810 8.4714e-06      17427         14  0.000e+00
     10.477   68.13270 -167.48586     10.583     3.9235     3.8881     3.9228    32.0270    32.0354  1025.4787    25.4292    280.238    279.273  322.52733     86.888     0.0769     0.1135     0.7797 1.0000e-12      17428         14  0.000e+00
     10.392   68.13270 -167.48586     10.498     3.9455     3.8877     3.9448    32.0019    32.0369  1025.4562    25.4071    280.408    279.431  322.41560     86.971     0.0781     0.1209     0.7784 1.0000e-12      17429         14  0.000e+00
     10.423   68.13270 -167.48586     10.529     3.9611     3.8867     3.9604    31.9851    32.0395  1025.4416    25.3924    280.429    279.404  322.33439     86.999     0.0781     0.1209     0.7784 1.0000e-12      17430         14  0.000e+00
     10.423   68.13270 -167.48586     10.529     3.9718     3.9053     3.9711    31.9675    32.0293  1025.4265    25.3773    280.479    279.224  322.29297     87.026     0.0781     0.1209     0.7784 8.4714e-06      17431         14  0.000e+00
     10.423   68.13270 -167.48586     10.529     3.9770     3.9551     3.9763    31.9541    31.9993  1025.4154    25.3662    280.767    278.841  322.28508     87.118     0.0781     0.1209     0.7784 8.4714e-06      17432         14  0.000e+00
     10.392   68.13270 -167.48586     10.498     3.9792     4.0461     3.9786    31.9463    31.9428  1025.4088    25.3597    280.877    278.192  322.28639     87.151     0.0781     0.1209     0.7797 8.4714e-06      17433         14  0.000e+00
     10.423   68.13270 -167.48586     10.529     3.9780     4.1232     3.9774    31.9403    31.9043  1025.4043    25.3550    280.969    277.595  322.31047     87.173     0.0781     0.1209     0.7784 8.4714e-06      17434         14  0.000e+00
     10.362   68.13270 -167.48586     10.467     3.9713     4.1683     3.9707    31.9351    31.8827  1025.4005    25.3516    280.878    277.208  322.37531     87.128     0.0781     0.1209     0.7784 8.4714e-06      17435         14  0.000e+00
     10.362   68.13270 -167.48588     10.467     3.9600     4.1959     3.9593    31.9319    31.8673  1025.3990    25.3501    281.201    277.113  322.47246     87.202     0.0781     0.1209     0.7784 1.0000e-12      17436         14  0.000e+00
     10.423   68.13270 -167.48588     10.529     3.9449     4.2226     3.9442    31.9423    31.8547  1025.4090    25.3598    281.582    276.853  322.56533     87.295     0.0781     0.1209     0.7784 8.4714e-06      17437         14  0.000e+00
     10.331   68.13270 -167.48588     10.436     3.9307     4.2419     3.9300    31.9627    31.8485  1025.4262    25.3774    281.496    276.610  322.62700     87.251     0.0781     0.1209     0.7797 8.4714e-06      17438         14  0.000e+00
     10.362   68.13270 -167.48588     10.467     3.9212     4.2467     3.9206    31.9845    31.8475  1025.4446    25.3957    281.753    276.472  322.64790     87.325     0.0781     0.1209     0.7797 1.0000e-12      17439         14  0.000e+00
     10.362   68.13270 -167.48588     10.467     3.9209     4.2506     3.9203    31.9950    31.8462  1025.4530    25.4040    281.770    276.528  322.62498     87.337     0.0781     0.1209     0.7784 8.4714e-06      17440         14  0.000e+00
     10.308   68.13270 -167.48588     10.412     3.9219     4.2390     3.9212    31.9953    31.8530  1025.4529    25.4042    281.784    276.496  322.61677     87.343     0.0781     0.1209     0.7784 1.0000e-12      17441         14  0.000e+00
     10.362   68.13270 -167.48588     10.467     3.9214     4.1959     3.9207    31.9978    31.8691  1025.4552    25.4063    281.796    276.690  322.61427     87.348     0.0781     0.1209     0.7784 1.0000e-12      17442         14  0.000e+00
     10.331   68.13270 -167.48588     10.436     3.9242     4.1440     3.9236    31.9981    31.8918  1025.4550    25.4062    281.772    276.936  322.59132     87.347     0.0781     0.1209     0.7784 8.4714e-06      17443         14  0.000e+00
     10.308   68.13270 -167.48588     10.412     3.9274     4.1108     3.9267    31.9935    31.9151  1025.4509    25.4022    281.744    277.019  322.57821     87.341     0.0781     0.1209     0.7784 8.4714e-06      17444         14  0.000e+00
     10.308   68.13270 -167.48588     10.412     3.9301     4.0969     3.9294    31.9895    31.9304  1025.4475    25.3988    281.639    276.976  322.56628     87.312     0.0781     0.1209     0.7508 1.0000e-12      17445         14  0.000e+00
     10.246   68.13270 -167.48588     10.350     3.9295     4.0948     3.9288    31.9799    31.9351  1025.4396    25.3912    281.623    276.863  322.59458     87.299     0.0781     0.1209     0.7346 8.4714e-06      17446         14  0.000e+00
     10.277   68.13270 -167.48588     10.381     3.9220     4.0950     3.9214    31.9772    31.9346  1025.4383    25.3898    281.636    276.731  322.65942     87.286     0.0781     0.1209     0.7334 8.4714e-06      17447         14  0.000e+00
     10.308   68.13270 -167.48588     10.412     3.9113     4.0911     3.9106    31.9788    31.9352  1025.4408    25.3921    281.655    276.444  322.73997     87.270     0.0781     0.1209     0.7346 8.4714e-06      17448         14  0.000e+00
     10.449   68.13270 -167.48586     10.555     3.8014     3.7754     3.8008    32.0450    32.0418  1025.5045    25.4551    277.921    271.312  323.44255     85.926     0.0794     0.1282     0.8139 8.4714e-06      17572         15  0.000e+00
     10.542   68.13270 -167.48586     10.649     3.8142     3.7744     3.8136    32.0466    32.0415  1025.5051    25.4552    277.849    271.303  323.33778     85.931     0.0781     0.1209     0.8139 8.4714e-06      17573         15  0.000e+00
     10.480   68.13270 -167.48586     10.586     3.8273     3.7727     3.8267    32.0389    32.0426  1025.4974    25.4479    277.580    271.100  323.25343     85.871     0.0794     0.1282     0.8139 8.4714e-06      17574         15  0.000e+00
     10.542   68.13270 -167.48586     10.649     3.8357     3.7712     3.8350    32.0288    32.0435  1025.4889    25.4391    277.751    271.071  323.21229     85.935     0.0781     0.1209     0.8139 8.4714e-06      17575         15  0.000e+00
     10.503   68.13270 -167.48586     10.610     3.8433     3.7699     3.8426    32.0248    32.0456  1025.4848    25.4352    277.524    271.035  323.16214     85.878     0.0794     0.1282     0.8139 8.4714e-06      17576         15  0.000e+00
     10.480   68.13270 -167.48586     10.587     3.8517     3.7715     3.8510    32.0252    32.0471  1025.4842    25.4347    277.431    270.980  323.09523     85.867     0.0781     0.1209     0.8139 8.4714e-06      17577         15  0.000e+00
     10.480   68.13270 -167.48586     10.587     3.8602     3.7760     3.8595    32.0216    32.0482  1025.4805    25.4310    277.383    270.906  323.03719     85.867     0.0781     0.1209     0.8139 1.0000e-12      17578         15  0.000e+00
     10.542   68.13270 -167.48586     10.649     3.8705     3.7908     3.8698    32.0139    32.0423  1025.4737    25.4239    277.303    270.607  322.97499     85.859     0.0781     0.1209     0.8139 1.0000e-12      17579         15  0.000e+00
     10.480   68.13270 -167.48588     10.587     3.8806     3.8160     3.8799    32.0048    32.0288  1025.4652    25.4157    277.225    270.413  322.91744     85.850     0.0794     0.1282     0.8139 1.0000e-12      17580         15  0.000e+00
     10.450   68.13270 -167.48588     10.555     3.8854     3.8438     3.8847    32.0010    32.0184  1025.4616    25.4122    277.180    270.176  322.88893     85.844     0.0781     0.1209     0.8139 1.0000e-12      17581         15  0.000e+00
     10.480   68.13270 -167.48588     10.587     3.8877     3.8782     3.8870    32.0007    32.0075  1025.4613    25.4118    276.941    269.897  322.87186     85.774     0.0794     0.1282     0.8139 8.4714e-06      17582         15  0.000e+00
     10.542   68.13270 -167.48588     10.649     3.8885     3.9106     3.8878    32.0028    32.0000  1025.4632    25.4134    277.103    269.628  322.86053     85.828     0.0794     0.1282     0.8139 1.0000e-12      17583         15  0.000e+00
     10.426   68.13270 -167.48588     10.532     3.8891     3.9353     3.8884    32.0041    31.9947  1025.4635    25.4143    276.875    269.218  322.85252     85.759     0.0794     0.1282     0.8139 1.0000e-12      17584         15  0.000e+00
     10.480   68.13270 -167.48588     10.587     3.8900     3.9500     3.8893    31.9987    31.9906  1025.4594    25.4099    277.059    269.077  322.85897     85.814     0.0794     0.1282     0.8139 8.4714e-06      17585         15  0.000e+00
     10.450   68.13270 -167.48588     10.556     3.8878     3.9559     3.8872    31.9954    31.9888  1025.4569    25.4075    277.082    268.807  322.88359     85.815     0.0794     0.1282     0.8101 1.0000e-12      17586         15  0.000e+00
     10.481   68.13270 -167.48588     10.587     3.8848     3.9569     3.8842    32.0006    31.9887  1025.4615    25.4120    277.099    268.722  322.89444     85.817     0.0794     0.1282     0.7986 1.0000e-12      17587         15  0.000e+00
     10.427   68.13270 -167.48588     10.532     3.8837     3.9554     3.8831    31.9996    31.9903  1025.4605    25.4113    277.115    268.674  322.90570     85.819     0.0794     0.1282     0.7961 1.0000e-12      17588         15  0.000e+00
     10.427   68.13270 -167.48588     10.532     3.8799     3.9528     3.8793    32.0016    31.9929  1025.4624    25.4132    277.149    268.639  322.93080     85.823     0.0794     0.1282     0.7961 1.0000e-12      17589         15  0.000e+00
     10.450   68.13270 -167.48588     10.556     3.8779     3.9512     3.8773    32.0102    31.9944  1025.4696    25.4203    277.159    268.414  322.92543     85.828     0.0781     0.1209     0.7974 8.4714e-06      17590         15  0.000e+00
     10.427   68.13270 -167.48588     10.532     3.8793     3.9540     3.8787    32.0167    31.9927  1025.4745    25.4253    276.938    268.336  322.89846     85.766     0.0794     0.1282     0.7974 1.0000e-12      17591         15  0.000e+00
     10.427   68.13270 -167.48588     10.532     3.8834     3.9552     3.8827    32.0167    31.9920  1025.4741    25.4249    276.859    268.296  322.86666     85.750     0.0794     0.1282     0.7974 1.0000e-12      17592         15  0.000e+00
     10.427   68.13270 -167.48588     10.532     3.8879     3.9525     3.8873    32.0126    31.9933  1025.4705    25.4212    276.822    268.096  322.84079     85.746     0.0806     0.1355     0.7974 1.0000e-12      17593         15  0.000e+00
     10.365   68.13270 -167.48588     10.470     3.8918     3.9489     3.8911    32.0072    31.9957  1025.4655    25.4165    276.796    268.074  322.82385     85.742     0.0794     0.1282     0.7974 1.0000e-12      17594         15  0.000e+00
     10.396   68.13270 -167.48588     10.501     3.8946     3.9468     3.8940    32.0044    31.9975  1025.4632    25.4141    276.778    268.030  322.80812     85.741     0.0794     0.1282     0.7974 1.0000e-12      17595         15  0.000e+00
     10.365   68.13270 -167.48588     10.470     3.8972     3.9456     3.8965    32.0015    31.9982  1025.4604    25.4115    276.765    267.987  322.79538     85.740     0.0781     0.1209     0.7974 1.0000e-12      17596         15  0.000e+00
     10.365   68.13270 -167.48588     10.470     3.8983     3.9451     3.8976    31.9950    31.9985  1025.4551    25.4062    276.742    267.756  322.80261     85.731     0.0781     0.1209     0.7974 8.4714e-06      17597         15  0.000e+00
     10.365   68.13270 -167.48588     10.470     3.8975     3.9465     3.8968    31.9885    31.9970  1025.4501    25.4011    276.524    267.502  322.82444     85.658     0.0781     0.1209     0.7974 8.4714e-06      17598         15  0.000e+00
     10.365   68.13270 -167.48588     10.470     3.8950     3.9503     3.8943    31.9824    31.9946  1025.4455    25.3965    276.713    267.409  322.85923     85.707     0.0781     0.1209     0.7974 8.4714e-06      17599         15  0.000e+00
     10.334   68.13270 -167.48588     10.439     3.8889     3.9550     3.8882    31.9798    31.9926  1025.4438    25.3950    276.567    267.292  322.91325     85.648     0.0781     0.1209     0.7961 1.0000e-12      17600         15  0.000e+00
     10.365   68.13270 -167.48588     10.470     3.8812     3.9664     3.8806    31.9788    31.9850  1025.4439    25.3950    276.582    266.960  322.97575     85.636     0.0781     0.1209     0.7974 1.0000e-12      17601         15  0.000e+00
     10.311   68.13270 -167.48588     10.416     3.8721     3.9908     3.8714    31.9790    31.9713  1025.4447    25.3960    276.607    266.531  323.04761     85.624     0.0781     0.1209     0.7974 1.0000e-12      17602         15  0.000e+00
     10.311   68.13270 -167.48588     10.416     3.8626     4.0135     3.8619    31.9822    31.9670  1025.4482    25.3995    276.634    266.275  323.11431     85.615     0.0781     0.1209     0.7974 1.0000e-12      17603         15  0.000e+00
     10.334   68.13270 -167.48588     10.439     3.8543     4.0445     3.8537    31.9869    31.9559  1025.4528    25.4040    276.654    265.983  323.16771     85.607     0.0781     0.1209     0.7974 8.4714e-06      17604         15  0.000e+00
     10.311   68.13270 -167.48588     10.416     3.8477     4.0791     3.8471    31.9921    31.9360  1025.4575    25.4087    276.662    265.502  323.20692     85.599     0.0781     0.1209     0.7974 8.4714e-06      17605         15  0.000e+00
     10.250   68.13270 -167.48588     10.353     3.8420     4.1079     3.8413    31.9973    31.9162  1025.4619    25.4134    276.667    265.262  323.23954     85.592     0.0781     0.1209     0.7860 8.4714e-06      17606         15  0.000e+00
     10.311   68.13270 -167.48588     10.416     3.8382     4.1128     3.8376    32.0001    31.9162  1025.4647    25.4160    276.670    264.955  323.26238     85.587     0.0781     0.1209     0.7383 1.0000e-12      17607         15  0.000e+00
     10.250   68.13270 -167.48588     10.353     3.8339     4.1096     3.8333    32.0038    31.9214  1025.4678    25.4193    276.463    264.869  323.28700     85.516     0.0781     0.1209     0.7197 1.0000e-12      17608         15  0.000e+00
     10.280   68.13270 -167.48588     10.385     3.8299     4.1149     3.8292    32.0100    31.9194  1025.4732    25.4247    276.471    264.562  323.30386     85.514     0.0781     0.1209     0.7197 1.0000e-12      17609         15  0.000e+00
