EcoFOCI/data/1_SampleCollection/2023_SikuliaqDBO_CruiseData/CTD_raw_BottleFile_SKQ23-12S/proc/skq202312s_003.cnv
* Sea-Bird SBE 9 Data File:
* FileName = D:\CTD\SKQ202312S\SKQ202312S_003.hex
* Software Version Seasave V 7.26.7.121
* Temperature SN = 6177
* Conductivity SN = 0369
* Number of Bytes Per Scan = 41
* Number of Voltage Words = 4
* Number of Scans Averaged by the Deck Unit = 1
* NMEA Latitude = 62 03.01 N
* NMEA Longitude = 175 12.54 W
* NMEA UTC (Time) = Sep 15 2023  07:57:54
* NMEA baud rate = 4800
** Ship: R/V Sikuliaq
** Station Number: 003
** Station Name: DBO1.2
** Bottom Depth: 78
** Operator: SD
# nquan = 24
# nvalues = 8410                                  
# units = specified
# name 0 = depSM: Depth [salt water, m]
# name 1 = latitude: Latitude [deg]
# name 2 = longitude: Longitude [deg]
# name 3 = prDM: Pressure, Digiquartz [db]
# name 4 = t090C: Temperature [ITS-90, deg C]
# name 5 = t190C: Temperature, 2 [ITS-90, deg C]
# name 6 = potemp090C: Potential Temperature [ITS-90, deg C]
# name 7 = sal00: Salinity, Practical [PSU]
# name 8 = sal11: Salinity, Practical, 2 [PSU]
# name 9 = density00: Density [density, kg/m^3]
# name 10 = sigma-é00: Density [sigma-theta, kg/m^3]
# name 11 = sbox0Mm/Kg: Oxygen, SBE 43 [umol/kg]
# name 12 = sbox1Mm/Kg: Oxygen, SBE 43, 2 [umol/kg]
# name 13 = oxsolMm/Kg: Oxygen Saturation, Garcia & Gordon [umol/kg]
# name 14 = sbeox0PS: Oxygen, SBE 43 [% saturation]
# name 15 = sbeox1PS: Oxygen, SBE 43, 2 [% saturation]
# name 16 = v0: Voltage 0
# name 17 = flECO-AFL: Fluorescence, WET Labs ECO-AFL/FL [mg/m^3]
# name 18 = v1: Voltage 1
# name 19 = CStarAt0: Beam Attenuation, WET Labs C-Star [1/m]
# name 20 = par: PAR/Irradiance, Biospherical/Licor
# name 21 = scan: Scan Count
# name 22 = timeM: Time, Elapsed [minutes]
# name 23 = flag:  0.000e+00
# span 0 =      0.962,     75.423                 
# span 1 =   62.05010,   62.05014                 
# span 2 = -175.20902, -175.20876                 
# span 3 =      0.971,     76.167                 
# span 4 =    -1.3780,     7.3462                 
# span 5 =    -1.3767,     7.3474                 
# span 6 =    -1.3788,     7.3459                 
# span 7 =    30.5121,    31.9177                 
# span 8 =    30.4577,    31.9446                 
# span 9 =  1023.8476,  1026.0186                 
# span 10 =    23.8413,    25.6585                
# span 11 =    252.970,    414.631                
# span 12 =    236.072,    363.539                
# span 13 =  300.56884,  370.97041                
# span 14 =     69.150,    113.076                
# span 15 =     64.548,     98.623                
# span 16 =     0.0440,     0.5140                
# span 17 =    -0.0843,     2.7362                
# span 18 =     3.2576,     4.2418                
# span 19 =     0.4209,     1.4771                
# span 20 = 1.0000e-12, 1.5909e+00                
# span 21 =          1,       8410                
# span 22 =     0.0000,     5.8396                
# span 23 = 0.0000e+00, 0.0000e+00                
# interval = seconds: 0.0416667
# start_time = Sep 15 2023 08:02:23 [NMEA time, first data scan]
# bad_flag = -9.990e-29
*END*
[from data line 5495]
     70.680   62.05012 -175.20888     71.377    -1.0952    -1.0320    -1.0967    31.8801    31.9244  1025.9719    25.6279    260.970    240.383  367.02005     71.105     65.630     0.0452    -0.0769     3.5678     1.1132 8.4714e-06       5496     3.8160  0.000e+00
     70.750   62.05012 -175.20888     71.447    -1.0906    -1.0318    -1.0921    31.8833    31.9247  1025.9747    25.6304    260.978    240.398  366.96501     71.118     65.634     0.0452    -0.0769     3.5678     1.1132 1.0000e-12       5497     3.8167  0.000e+00
     70.750   62.05012 -175.20888     71.447    -1.0843    -1.0313    -1.0858    31.8820    31.9249  1025.9734    25.6291    260.931    240.181  366.90708     71.117     65.576     0.0452    -0.0769     3.5678     1.1132 1.0000e-12       5498     3.8174  0.000e+00
     70.734   62.05012 -175.20888     71.431    -1.0817    -1.0312    -1.0833    31.8819    31.9244  1025.9732    25.6290    260.913    240.392  366.88272     71.116     65.634     0.0452    -0.0769     3.5678     1.1132 1.0000e-12       5499     3.8181  0.000e+00
     70.750   62.05012 -175.20888     71.447    -1.0818    -1.0307    -1.0833    31.8845    31.9240  1025.9754    25.6311    260.910    240.406  366.87556     71.117     65.638     0.0452    -0.0769     3.5678     1.1132 1.0000e-12       5500     3.8188  0.000e+00
     70.734   62.05012 -175.20888     71.431    -1.0827    -1.0301    -1.0842    31.8868    31.9241  1025.9772    25.6330    260.914    240.644  366.87743     71.117     65.704     0.0452    -0.0769     3.5678     1.1132 8.4714e-06       5501     3.8194  0.000e+00
     70.750   62.05012 -175.20888     71.447    -1.0832    -1.0298    -1.0847    31.8865    31.9244  1025.9771    25.6328    260.664    240.460  366.88337     71.048     65.654     0.0452    -0.0769     3.5678     1.1132 1.0000e-12       5502     3.8201  0.000e+00
     70.796   62.05012 -175.20888     71.494    -1.0839    -1.0292    -1.0854    31.8862    31.9245  1025.9771    25.6326    260.834    240.471  366.89090     71.093     65.659     0.0464    -0.0696     3.5678     1.1132 1.0000e-12       5503     3.8208  0.000e+00
     70.804   62.05012 -175.20888     71.502    -1.0853    -1.0286    -1.0869    31.8865    31.9254  1025.9774    25.6328    260.848    240.479  366.90475     71.094     65.662     0.0452    -0.0769     3.5678     1.1132 8.4714e-06       5504     3.8215  0.000e+00
     70.804   62.05012 -175.20888     71.502    -1.0863    -1.0281    -1.0878    31.8831    31.9257  1025.9747    25.6301    260.865    240.489  366.92403     71.095     65.666     0.0464    -0.0696     3.5678     1.1132 1.0000e-12       5505     3.8222  0.000e+00
     70.850   62.05012 -175.20888     71.548    -1.0878    -1.0271    -1.0893    31.8769    31.9255  1025.9700    25.6252    260.893    240.497  366.95651     71.097     65.670     0.0452    -0.0769     3.5678     1.1132 1.0000e-12       5506     3.8229  0.000e+00
     70.804   62.05012 -175.20888     71.502    -1.0912    -1.0276    -1.0927    31.8775    31.9266  1025.9703    25.6257    260.920    240.512  366.98793     71.098     65.674     0.0452    -0.0769     3.5678     1.1132 8.4714e-06       5507     3.8236  0.000e+00
     70.850   62.05012 -175.20888     71.548    -1.0892    -1.0281    -1.0907    31.8828    31.9265  1025.9747    25.6299    260.897    240.532  366.95309     71.098     65.678     0.0452    -0.0769     3.5665     1.1146 1.0000e-12       5508     3.8243  0.000e+00
     70.920   62.05012 -175.20888     71.619    -1.0816    -1.0271    -1.0831    31.8885    31.9262  1025.9795    25.6344    261.084    240.542  366.86173     71.167     65.683     0.0452    -0.0769     3.5617     1.1201 1.0000e-12       5509     3.8250  0.000e+00
     70.850   62.05012 -175.20888     71.548    -1.0755    -1.0251    -1.0770    31.8946    31.9268  1025.9838    25.6391    261.068    240.505  366.78425     71.177     65.676     0.0452    -0.0769     3.5568     1.1256 1.0000e-12       5510     3.8257  0.000e+00
     70.866   62.05012 -175.20888     71.564    -1.0695    -1.0235    -1.0710    31.8950    31.9275  1025.9841    25.6393    260.808    240.472  366.72457     71.118     65.671     0.0452    -0.0769     3.5556     1.1269 8.4714e-06       5511     3.8264  0.000e+00
     70.920   62.05012 -175.20888     71.619    -1.0672    -1.0219    -1.0687    31.8923    31.9277  1025.9821    25.6370    260.795    240.669  366.70944     71.117     65.727     0.0452    -0.0769     3.5568     1.1256 8.4714e-06       5512     3.8271  0.000e+00
     70.966   62.05012 -175.20888     71.665    -1.0649    -1.0209    -1.0665    31.8938    31.9283  1025.9835    25.6382    260.773    240.442  366.68299     71.117     65.667     0.0452    -0.0769     3.5568     1.1256 8.4714e-06       5513     3.8278  0.000e+00
     70.920   62.05012 -175.20888     71.619    -1.0542    -1.0202    -1.0558    31.8961    31.9289  1025.9848    25.6398    260.677    240.410  366.57134     71.112     65.660     0.0586     0.0036     3.5568     1.1256 8.4714e-06       5514     3.8285  0.000e+00
     70.966   62.05012 -175.20888     71.665    -1.0445    -1.0194    -1.0461    31.8992    31.9289  1025.9872    25.6419    260.641    240.411  366.46732     71.123     65.662     0.0708     0.0769     3.5568     1.1256 8.4714e-06       5515     3.8292  0.000e+00
     70.981   62.05012 -175.20888     71.681    -1.0373    -1.0189    -1.0389    31.8999    31.9290  1025.9876    25.6423    260.581    240.414  366.39440     71.120     65.664     0.0733     0.0916     3.5568     1.1256 8.4714e-06       5516     3.8299  0.000e+00
     70.966   62.05012 -175.20888     71.665    -1.0324    -1.0180    -1.0340    31.9004    31.9288  1025.9877    25.6425    260.540    240.641  366.34503     71.119     65.727     0.0720     0.0842     3.5568     1.1256 8.4714e-06       5517     3.8306  0.000e+00
     71.036   62.05012 -175.20888     71.736    -1.0289    -1.0176    -1.0304    31.9017    31.9293  1025.9890    25.6435    260.510    240.449  366.30653     71.118     65.675     0.0720     0.0842     3.5568     1.1256 8.4714e-06       5518     3.8312  0.000e+00
     71.036   62.05012 -175.20888     71.736    -1.0267    -1.0172    -1.0283    31.9024    31.9291  1025.9895    25.6440    260.748    240.679  366.28375     71.187     65.739     0.0708     0.0769     3.5568     1.1256 8.4714e-06       5519     3.8319  0.000e+00
     71.020   62.05012 -175.20888     71.720    -1.0249    -1.0175    -1.0265    31.9029    31.9292  1025.9899    25.6444    260.521    240.683  366.26422     71.129     65.740     0.0720     0.0842     3.5568     1.1256 8.4714e-06       5520     3.8326  0.000e+00
     71.036   62.05012 -175.20888     71.736    -1.0234    -1.0173    -1.0250    31.9030    31.9288  1025.9900    25.6444    260.457    240.682  366.24936     71.115     65.740     0.0708     0.0769     3.5568     1.1256 8.4714e-06       5521     3.8333  0.000e+00
     71.082   62.05012 -175.20888     71.782    -1.0228    -1.0174    -1.0244    31.9031    31.9294  1025.9902    25.6445    260.450    240.681  366.24302     71.114     65.739     0.0720     0.0842     3.5568     1.1256 1.0000e-12       5522     3.8340  0.000e+00
     71.036   62.05012 -175.20888     71.736    -1.0220    -1.0174    -1.0236    31.9033    31.9297  1025.9901    25.6446    260.181    240.674  366.23462     71.042     65.737     0.0708     0.0769     3.5568     1.1256 8.4714e-06       5523     3.8347  0.000e+00
     71.082   62.05012 -175.20888     71.782    -1.0216    -1.0175    -1.0232    31.9036    31.9295  1025.9906    25.6448    260.384    240.702  366.22994     71.099     65.745     0.0708     0.0769     3.5568     1.1256 1.0000e-12       5524     3.8354  0.000e+00
     71.097   62.05012 -175.20888     71.798    -1.0219    -1.0172    -1.0234    31.9034    31.9293  1025.9905    25.6447    260.386    240.723  366.23323     71.098     65.751     0.0708     0.0769     3.5568     1.1256 1.0000e-12       5525     3.8361  0.000e+00
     71.097   62.05012 -175.20888     71.798    -1.0217    -1.0172    -1.0233    31.9036    31.9293  1025.9907    25.6449    260.382    240.745  366.23086     71.098     65.757     0.0708     0.0769     3.5568     1.1256 1.0000e-12       5526     3.8368  0.000e+00
     71.136   62.05012 -175.20888     71.837    -1.0210    -1.0171    -1.0225    31.9032    31.9295  1025.9905    25.6445    260.376    240.734  366.22482     71.097     65.754     0.0720     0.0842     3.5568     1.1256 1.0000e-12       5527     3.8375  0.000e+00
     71.097   62.05012 -175.20888     71.798    -1.0206    -1.0174    -1.0222    31.9029    31.9301  1025.9901    25.6443    260.164    240.719  366.22220     71.040     65.750     0.0708     0.0769     3.5568     1.1256 1.0000e-12       5528     3.8382  0.000e+00
     71.198   62.05012 -175.20888     71.899    -1.0203    -1.0170    -1.0219    31.9028    31.9298  1025.9905    25.6441    260.119    240.736  366.21984     71.028     65.755     0.0708     0.0769     3.5568     1.1256 8.4714e-06       5529     3.8389  0.000e+00
     71.151   62.05012 -175.20888     71.853    -1.0200    -1.0165    -1.0216    31.9028    31.9298  1025.9902    25.6441    260.327    240.745  366.21660     71.086     65.759     0.0708     0.0769     3.5568     1.1256 1.0000e-12       5530     3.8396  0.000e+00
     71.136   62.05012 -175.20888     71.837    -1.0199    -1.0165    -1.0214    31.9025    31.9302  1025.9899    25.6439    260.330    240.757  366.21629     71.086     65.762     0.0720     0.0842     3.5568     1.1256 1.0000e-12       5531     3.8403  0.000e+00
     71.213   62.05012 -175.20888     71.915    -1.0195    -1.0159    -1.0211    31.9029    31.9304  1025.9906    25.6442    260.333    240.766  366.21180     71.088     65.766     0.0708     0.0769     3.5580     1.1242 8.4714e-06       5532     3.8410  0.000e+00
     71.267   62.05012 -175.20888     71.970    -1.0193    -1.0157    -1.0208    31.9035    31.9307  1025.9913    25.6447    260.336    240.776  366.20729     71.090     65.769     0.0708     0.0769     3.5568     1.1256 8.4714e-06       5533     3.8417  0.000e+00
     71.198   62.05012 -175.20888     71.899    -1.0187    -1.0156    -1.0203    31.9040    31.9309  1025.9913    25.6450    260.075    240.782  366.20028     71.020     65.771     0.0708     0.0769     3.5568     1.1256 8.4714e-06       5534     3.8424  0.000e+00
     71.267   62.05012 -175.20888     71.970    -1.0182    -1.0150    -1.0197    31.9043    31.9307  1025.9919    25.6453    260.030    240.788  366.19425     71.009     65.773     0.0708     0.0769     3.5568     1.1256 8.4714e-06       5535     3.8431  0.000e+00
     71.252   62.05012 -175.20888     71.954    -1.0173    -1.0147    -1.0188    31.9044    31.9307  1025.9919    25.6453    259.982    240.792  366.18502     70.997     65.775     0.0708     0.0769     3.5568     1.1256 8.4714e-06       5536     3.8438  0.000e+00
     71.267   62.05012 -175.20888     71.970    -1.0174    -1.0147    -1.0190    31.9049    31.9309  1025.9924    25.6457    260.201    240.797  366.18535     71.057     65.777     0.0720     0.0842     3.5568     1.1256 8.4714e-06       5537     3.8444  0.000e+00
     71.252   62.05012 -175.20888     71.954    -1.0167    -1.0143    -1.0183    31.9051    31.9309  1025.9925    25.6459    259.947    240.798  366.17728     70.989     65.777     0.0720     0.0842     3.5568     1.1256 8.4714e-06       5538     3.8451  0.000e+00
     71.321   62.05012 -175.20888     72.024    -1.0165    -1.0145    -1.0181    31.9055    31.9313  1025.9931    25.6462    260.168    240.803  366.17454     71.050     65.779     0.0696     0.0696     3.5568     1.1256 8.4714e-06       5539     3.8458  0.000e+00
     71.321   62.05012 -175.20888     72.024    -1.0163    -1.0142    -1.0179    31.9054    31.9309  1025.9930    25.6461    259.410    240.803  366.17326     70.843     65.779     0.0672     0.0549     3.5568     1.1256 8.4714e-06       5540     3.8465  0.000e+00
     71.306   62.05012 -175.20888     72.009    -1.0162    -1.0142    -1.0177    31.9050    31.9311  1025.9926    25.6458    260.000    240.802  366.17269     71.005     65.779     0.0647     0.0403     3.5568     1.1256 8.4714e-06       5541     3.8472  0.000e+00
     71.321   62.05012 -175.20888     72.024    -1.0159    -1.0141    -1.0175    31.9053    31.9307  1025.9929    25.6460    260.014    240.801  366.16909     71.009     65.779     0.0659     0.0476     3.5568     1.1256 1.0000e-12       5542     3.8479  0.000e+00
     71.368   62.05012 -175.20888     72.071    -1.0156    -1.0139    -1.0172    31.9053    31.9312  1025.9932    25.6461    260.029    240.798  366.16603     71.014     65.778     0.0647     0.0403     3.5568     1.1256 8.4714e-06       5543     3.8486  0.000e+00
     71.321   62.05012 -175.20888     72.024    -1.0161    -1.0141    -1.0176    31.9059    31.9317  1025.9935    25.6466    260.046    240.792  366.16878     71.018     65.777     0.0647     0.0403     3.5568     1.1256 1.0000e-12       5544     3.8493  0.000e+00
     71.368   62.05012 -175.20888     72.071    -1.0156    -1.0139    -1.0172    31.9050    31.9315  1025.9929    25.6458    260.062    240.788  366.16712     71.023     65.776     0.0647     0.0403     3.5568     1.1256 8.4714e-06       5545     3.8500  0.000e+00
     71.383   62.05012 -175.20888     72.087    -1.0156    -1.0141    -1.0172    31.9057    31.9316  1025.9935    25.6463    260.077    240.783  366.16508     71.027     65.774     0.0647     0.0403     3.5568     1.1256 1.0000e-12       5546     3.8507  0.000e+00
     71.267   62.05012 -175.20888     71.970    -1.0156    -1.0137    -1.0172    31.9060    31.9310  1025.9933    25.6466    260.089    240.964  366.16403     71.031     65.824     0.0647     0.0403     3.5568     1.1256 8.4714e-06       5547     3.8514  0.000e+00
     71.483   62.05012 -175.20888     72.188    -1.0154    -1.0136    -1.0170    31.9053    31.9309  1025.9937    25.6460    260.113    240.763  366.16446     71.037     65.769     0.0647     0.0403     3.5568     1.1256 8.4714e-06       5548     3.8521  0.000e+00
     71.383   62.05012 -175.20888     72.087    -1.0151    -1.0137    -1.0167    31.9056    31.9315  1025.9934    25.6462    260.122    240.747  366.16091     71.040     65.765     0.0635     0.0330     3.5519     1.1311 1.0000e-12       5549     3.8528  0.000e+00
     71.422   62.05012 -175.20888     72.126    -1.0153    -1.0136    -1.0168    31.9059    31.9314  1025.9939    25.6465    260.140    240.765  366.16113     71.045     65.770     0.0647     0.0403     3.5348     1.1504 8.4714e-06       5550     3.8535  0.000e+00
     71.437   62.05012 -175.20888     72.141    -1.0151    -1.0134    -1.0167    31.9060    31.9315  1025.9940    25.6466    259.849    240.750  366.15978     70.966     65.766     0.0659     0.0476     3.5299     1.1559 8.4714e-06       5551     3.8542  0.000e+00
     71.422   62.05012 -175.20888     72.126    -1.0150    -1.0133    -1.0165    31.9060    31.9314  1025.9940    25.6466    260.071    240.733  366.15787     71.027     65.762     0.0647     0.0403     3.5299     1.1559 8.4714e-06       5552     3.8549  0.000e+00
     71.437   62.05012 -175.20888     72.141    -1.0148    -1.0134    -1.0164    31.9061    31.9318  1025.9942    25.6467    259.830    240.717  366.15589     70.961     65.757     0.0659     0.0476     3.5299     1.1559 1.0000e-12       5553     3.8556  0.000e+00
     71.483   62.05012 -175.20888     72.188    -1.0148    -1.0130    -1.0164    31.9060    31.9314  1025.9942    25.6465    260.058    240.698  366.15646     71.024     65.753     0.0659     0.0476     3.5311     1.1545 1.0000e-12       5554     3.8563  0.000e+00
