EcoFOCI/data/1_SampleCollection/2023_SikuliaqDBO_CruiseData/CTD_raw_BottleFile_SKQ23-12S/proc/skq202312s_011svp.cnv
* Sea-Bird SBE 9 Data File:
* FileName = D:\CTD\SKQ202312S\SKQ202312S_011.hex
* Software Version Seasave V 7.26.7.121
* Temperature SN = 6177
* Conductivity SN = 0369
* Number of Bytes Per Scan = 41
* Number of Voltage Words = 4
* Number of Scans Averaged by the Deck Unit = 1
* NMEA Latitude = 63 36.26 N
* NMEA Longitude = 172 35.70 W
* NMEA UTC (Time) = Sep 16 2023  18:45:33
* NMEA baud rate = 4800
** Ship: R/V Sikuliaq
** Station Number: 011
** Station Name: DBO1.10
** Bottom Depth: 53
** Operator: SD
# nquan = 7
# nvalues = 4826                                  
# units = specified
# name 0 = depSM: Depth [salt water, m]
# name 1 = latitude: Latitude [deg]
# name 2 = longitude: Longitude [deg]
# name 3 = t090C: Temperature [ITS-90, deg C]
# name 4 = sal00: Salinity, Practical [PSU]
# name 5 = svCM: Sound Velocity [Chen-Millero, m/s]
# name 6 = flag:  0.000e+00
# span 0 =      1.795,     48.538                 
# span 1 =   63.60454,   63.60480                 
# span 2 = -172.59616, -172.59548                 
# span 3 =    -0.1031,     7.7200                 
# span 4 =    31.6487,    32.4655                 
# span 5 =    1445.94,    1477.59                 
# span 6 = 0.0000e+00, 0.0000e+00                 
# interval = seconds: 0.0416667
# start_time = Sep 16 2023 18:47:53 [NMEA time, first data scan]
# bad_flag = -9.990e-29
*END*
[from data line 1026]
      7.288   63.60462 -172.59562     7.7058    31.6556    1477.33  0.000e+00
      7.288   63.60462 -172.59562     7.7056    31.6556    1477.33  0.000e+00
      7.234   63.60462 -172.59562     7.7058    31.6556    1477.33  0.000e+00
      7.234   63.60462 -172.59562     7.7058    31.6556    1477.33  0.000e+00
      7.288   63.60462 -172.59562     7.7056    31.6562    1477.33  0.000e+00
      7.172   63.60462 -172.59562     7.7058    31.6554    1477.33  0.000e+00
      7.203   63.60462 -172.59562     7.7055    31.6556    1477.32  0.000e+00
      7.234   63.60462 -172.59562     7.7058    31.6554    1477.33  0.000e+00
      7.172   63.60462 -172.59562     7.7056    31.6561    1477.33  0.000e+00
      7.172   63.60462 -172.59562     7.7060    31.6556    1477.33  0.000e+00
      7.118   63.60462 -172.59562     7.7060    31.6557    1477.33  0.000e+00
      7.172   63.60462 -172.59562     7.7061    31.6561    1477.33  0.000e+00
      7.118   63.60462 -172.59562     7.7063    31.6563    1477.33  0.000e+00
      7.118   63.60462 -172.59562     7.7061    31.6562    1477.33  0.000e+00
      7.118   63.60462 -172.59562     7.7063    31.6561    1477.33  0.000e+00
      7.057   63.60462 -172.59562     7.7066    31.6558    1477.33  0.000e+00
      7.149   63.60462 -172.59562     7.7068    31.6554    1477.33  0.000e+00
      7.057   63.60462 -172.59562     7.7066    31.6559    1477.33  0.000e+00
      7.118   63.60462 -172.59562     7.7066    31.6560    1477.33  0.000e+00
      7.057   63.60462 -172.59562     7.7068    31.6557    1477.33  0.000e+00
      7.057   63.60462 -172.59562     7.7068    31.6557    1477.33  0.000e+00
      7.057   63.60462 -172.59562     7.7066    31.6558    1477.33  0.000e+00
      7.057   63.60462 -172.59562     7.7066    31.6560    1477.33  0.000e+00
      7.003   63.60462 -172.59562     7.7068    31.6559    1477.33  0.000e+00
      7.057   63.60462 -172.59562     7.7068    31.6553    1477.33  0.000e+00
      7.033   63.60462 -172.59562     7.7068    31.6553    1477.33  0.000e+00
      7.056   63.60462 -172.59562     7.7068    31.6554    1477.33  0.000e+00
      7.002   63.60462 -172.59562     7.7066    31.6558    1477.33  0.000e+00
      7.002   63.60462 -172.59562     7.7063    31.6561    1477.33  0.000e+00
      7.002   63.60462 -172.59562     7.7066    31.6556    1477.33  0.000e+00
      7.056   63.60462 -172.59562     7.7068    31.6554    1477.33  0.000e+00
      7.002   63.60464 -172.59562     7.7066    31.6553    1477.33  0.000e+00
      7.056   63.60464 -172.59562     7.7066    31.6557    1477.33  0.000e+00
      7.002   63.60464 -172.59562     7.7066    31.6556    1477.33  0.000e+00
      7.033   63.60464 -172.59562     7.7066    31.6553    1477.33  0.000e+00
      7.002   63.60464 -172.59562     7.7066    31.6557    1477.33  0.000e+00
      7.056   63.60464 -172.59562     7.7068    31.6552    1477.33  0.000e+00
      7.002   63.60464 -172.59562     7.7066    31.6555    1477.33  0.000e+00
      7.056   63.60464 -172.59562     7.7066    31.6555    1477.33  0.000e+00
      6.948   63.60464 -172.59562     7.7066    31.6557    1477.33  0.000e+00
      7.172   63.60464 -172.59562     7.7068    31.6554    1477.33  0.000e+00
      7.056   63.60464 -172.59562     7.7069    31.6553    1477.33  0.000e+00
      7.056   63.60464 -172.59562     7.7066    31.6553    1477.33  0.000e+00
      7.118   63.60464 -172.59562     7.7069    31.6555    1477.33  0.000e+00
      7.087   63.60464 -172.59562     7.7068    31.6557    1477.33  0.000e+00
      7.118   63.60464 -172.59562     7.7068    31.6556    1477.33  0.000e+00
      7.118   63.60464 -172.59562     7.7068    31.6556    1477.33  0.000e+00
      7.118   63.60464 -172.59562     7.7070    31.6552    1477.33  0.000e+00
      7.118   63.60464 -172.59562     7.7068    31.6557    1477.33  0.000e+00
      7.172   63.60464 -172.59562     7.7068    31.6559    1477.33  0.000e+00
      7.234   63.60464 -172.59562     7.7068    31.6559    1477.33  0.000e+00
      7.172   63.60464 -172.59562     7.7068    31.6557    1477.33  0.000e+00
      7.172   63.60464 -172.59562     7.7066    31.6555    1477.33  0.000e+00
      7.264   63.60464 -172.59562     7.7066    31.6558    1477.33  0.000e+00
      7.234   63.60464 -172.59562     7.7068    31.6556    1477.33  0.000e+00
      7.234   63.60464 -172.59562     7.7066    31.6559    1477.33  0.000e+00
      7.288   63.60464 -172.59562     7.7069    31.6557    1477.33  0.000e+00
      7.288   63.60464 -172.59562     7.7070    31.6557    1477.33  0.000e+00
      7.341   63.60464 -172.59562     7.7070    31.6560    1477.33  0.000e+00
      7.341   63.60464 -172.59562     7.7069    31.6560    1477.33  0.000e+00
      7.341   63.60464 -172.59562     7.7070    31.6561    1477.33  0.000e+00
      7.403   63.60464 -172.59562     7.7069    31.6560    1477.33  0.000e+00
      7.318   63.60464 -172.59562     7.7070    31.6559    1477.33  0.000e+00
      7.519   63.60464 -172.59562     7.7073    31.6559    1477.34  0.000e+00
      7.457   63.60464 -172.59562     7.7071    31.6563    1477.34  0.000e+00
      7.519   63.60464 -172.59562     7.7071    31.6563    1477.34  0.000e+00
      7.457   63.60464 -172.59562     7.7073    31.6559    1477.34  0.000e+00
      7.573   63.60464 -172.59562     7.7071    31.6561    1477.34  0.000e+00
      7.573   63.60464 -172.59562     7.7071    31.6560    1477.34  0.000e+00
      7.573   63.60464 -172.59562     7.7071    31.6558    1477.34  0.000e+00
      7.634   63.60464 -172.59562     7.7071    31.6554    1477.34  0.000e+00
      7.604   63.60464 -172.59562     7.7070    31.6557    1477.34  0.000e+00
      7.688   63.60464 -172.59562     7.7066    31.6558    1477.34  0.000e+00
      7.688   63.60464 -172.59562     7.7068    31.6558    1477.34  0.000e+00
      7.742   63.60464 -172.59562     7.7066    31.6558    1477.34  0.000e+00
      7.804   63.60464 -172.59562     7.7065    31.6561    1477.34  0.000e+00
      7.742   63.60464 -172.59562     7.7068    31.6557    1477.34  0.000e+00
      7.804   63.60464 -172.59562     7.7069    31.6560    1477.34  0.000e+00
      7.858   63.60464 -172.59562     7.7071    31.6559    1477.34  0.000e+00
      7.889   63.60464 -172.59562     7.7073    31.6563    1477.34  0.000e+00
      7.920   63.60464 -172.59562     7.7074    31.6561    1477.34  0.000e+00
      7.920   63.60464 -172.59562     7.7073    31.6562    1477.34  0.000e+00
      7.920   63.60464 -172.59562     7.7074    31.6562    1477.34  0.000e+00
      8.035   63.60464 -172.59562     7.7076    31.6561    1477.35  0.000e+00
      7.974   63.60464 -172.59562     7.7076    31.6562    1477.35  0.000e+00
      8.035   63.60464 -172.59562     7.7073    31.6560    1477.35  0.000e+00
      8.089   63.60464 -172.59562     7.7076    31.6553    1477.35  0.000e+00
      8.120   63.60464 -172.59562     7.7076    31.6554    1477.35  0.000e+00
      8.143   63.60464 -172.59562     7.7074    31.6555    1477.35  0.000e+00
      8.143   63.60464 -172.59562     7.7076    31.6555    1477.35  0.000e+00
      8.143   63.60464 -172.59562     7.7073    31.6558    1477.35  0.000e+00
      8.205   63.60464 -172.59562     7.7076    31.6557    1477.35  0.000e+00
      8.259   63.60464 -172.59562     7.7074    31.6558    1477.35  0.000e+00
      8.259   63.60464 -172.59562     7.7076    31.6557    1477.35  0.000e+00
      8.205   63.60464 -172.59562     7.7076    31.6560    1477.35  0.000e+00
      8.406   63.60464 -172.59562     7.7076    31.6560    1477.35  0.000e+00
      8.321   63.60464 -172.59562     7.7074    31.6557    1477.35  0.000e+00
      8.436   63.60464 -172.59562     7.7076    31.6562    1477.35  0.000e+00
      8.375   63.60464 -172.59562     7.7078    31.6561    1477.35  0.000e+00
      8.436   63.60464 -172.59562     7.7078    31.6563    1477.35  0.000e+00
      8.436   63.60464 -172.59562     7.7076    31.6561    1477.35  0.000e+00
      8.436   63.60464 -172.59562     7.7076    31.6556    1477.35  0.000e+00
      8.521   63.60464 -172.59562     7.7076    31.6560    1477.36  0.000e+00
      8.490   63.60464 -172.59562     7.7078    31.6556    1477.35  0.000e+00
      8.544   63.60464 -172.59562     7.7078    31.6555    1477.36  0.000e+00
      8.544   63.60464 -172.59562     7.7076    31.6560    1477.36  0.000e+00
      8.544   63.60464 -172.59562     7.7076    31.6563    1477.36  0.000e+00
      8.606   63.60464 -172.59562     7.7076    31.6564    1477.36  0.000e+00
      8.606   63.60464 -172.59562     7.7079    31.6563    1477.36  0.000e+00
      8.637   63.60464 -172.59562     7.7076    31.6569    1477.36  0.000e+00
      8.660   63.60464 -172.59562     7.7077    31.6562    1477.36  0.000e+00
      8.660   63.60464 -172.59562     7.7078    31.6561    1477.36  0.000e+00
      8.660   63.60464 -172.59562     7.7077    31.6569    1477.36  0.000e+00
      8.722   63.60464 -172.59562     7.7081    31.6570    1477.36  0.000e+00
      8.722   63.60464 -172.59562     7.7083    31.6569    1477.36  0.000e+00
      8.722   63.60464 -172.59562     7.7084    31.6574    1477.36  0.000e+00
      8.691   63.60464 -172.59562     7.7086    31.6574    1477.36  0.000e+00
      8.776   63.60464 -172.59562     7.7086    31.6568    1477.36  0.000e+00
      8.776   63.60464 -172.59562     7.7084    31.6567    1477.36  0.000e+00
      8.776   63.60464 -172.59562     7.7084    31.6565    1477.36  0.000e+00
      8.776   63.60464 -172.59562     7.7084    31.6564    1477.36  0.000e+00
      8.837   63.60464 -172.59562     7.7084    31.6566    1477.36  0.000e+00
      8.776   63.60464 -172.59562     7.7084    31.6569    1477.36  0.000e+00
      8.861   63.60464 -172.59562     7.7084    31.6570    1477.37  0.000e+00
      8.837   63.60464 -172.59562     7.7083    31.6569    1477.36  0.000e+00
      8.837   63.60464 -172.59562     7.7082    31.6572    1477.36  0.000e+00
      8.837   63.60464 -172.59562     7.7083    31.6567    1477.36  0.000e+00
      8.837   63.60464 -172.59564     7.7083    31.6565    1477.36  0.000e+00
      8.837   63.60464 -172.59564     7.7084    31.6569    1477.36  0.000e+00
      8.891   63.60464 -172.59564     7.7083    31.6572    1477.37  0.000e+00
      8.860   63.60464 -172.59564     7.7084    31.6568    1477.36  0.000e+00
      8.891   63.60464 -172.59564     7.7083    31.6566    1477.36  0.000e+00
      8.891   63.60464 -172.59564     7.7084    31.6566    1477.37  0.000e+00
      8.837   63.60464 -172.59564     7.7084    31.6563    1477.36  0.000e+00
      8.891   63.60464 -172.59564     7.7083    31.6564    1477.36  0.000e+00
      8.891   63.60464 -172.59564     7.7081    31.6562    1477.36  0.000e+00
      8.891   63.60464 -172.59564     7.7081    31.6561    1477.36  0.000e+00
      8.922   63.60464 -172.59564     7.7078    31.6559    1477.36  0.000e+00
      8.891   63.60464 -172.59564     7.7079    31.6559    1477.36  0.000e+00
      8.837   63.60464 -172.59564     7.7078    31.6565    1477.36  0.000e+00
      8.891   63.60464 -172.59564     7.7081    31.6562    1477.36  0.000e+00
      8.891   63.60464 -172.59564     7.7079    31.6561    1477.36  0.000e+00
      8.891   63.60464 -172.59564     7.7081    31.6559    1477.36  0.000e+00
      8.891   63.60464 -172.59564     7.7081    31.6562    1477.36  0.000e+00
      8.806   63.60464 -172.59564     7.7081    31.6566    1477.36  0.000e+00
      8.891   63.60464 -172.59564     7.7081    31.6565    1477.36  0.000e+00
      8.837   63.60464 -172.59564     7.7083    31.6563    1477.36  0.000e+00
      8.891   63.60464 -172.59564     7.7083    31.6567    1477.36  0.000e+00
      8.837   63.60464 -172.59564     7.7082    31.6568    1477.36  0.000e+00
      8.837   63.60464 -172.59564     7.7083    31.6562    1477.36  0.000e+00
      8.837   63.60464 -172.59564     7.7081    31.6564    1477.36  0.000e+00
      8.806   63.60464 -172.59564     7.7083    31.6563    1477.36  0.000e+00
      8.837   63.60464 -172.59564     7.7081    31.6560    1477.36  0.000e+00
      8.837   63.60464 -172.59564     7.7079    31.6564    1477.36  0.000e+00
      8.775   63.60464 -172.59564     7.7081    31.6566    1477.36  0.000e+00
      8.775   63.60464 -172.59564     7.7079    31.6563    1477.36  0.000e+00
      8.837   63.60464 -172.59564     7.7079    31.6560    1477.36  0.000e+00
      8.775   63.60464 -172.59564     7.7079    31.6561    1477.36  0.000e+00
      8.744   63.60464 -172.59564     7.7077    31.6562    1477.36  0.000e+00
      8.775   63.60464 -172.59564     7.7076    31.6565    1477.36  0.000e+00
      8.721   63.60464 -172.59564     7.7078    31.6563    1477.36  0.000e+00
      8.721   63.60464 -172.59564     7.7077    31.6563    1477.36  0.000e+00
      8.660   63.60464 -172.59564     7.7076    31.6565    1477.36  0.000e+00
      8.837   63.60464 -172.59564     7.7077    31.6567    1477.36  0.000e+00
      8.659   63.60464 -172.59564     7.7079    31.6571    1477.36  0.000e+00
      8.744   63.60464 -172.59564     7.7083    31.6569    1477.36  0.000e+00
      8.659   63.60464 -172.59564     7.7079    31.6568    1477.36  0.000e+00
      8.659   63.60464 -172.59564     7.7081    31.6567    1477.36  0.000e+00
      8.721   63.60464 -172.59564     7.7081    31.6565    1477.36  0.000e+00
      8.605   63.60464 -172.59564     7.7081    31.6570    1477.36  0.000e+00
      8.659   63.60464 -172.59564     7.7086    31.6568    1477.36  0.000e+00
      8.659   63.60464 -172.59564     7.7082    31.6572    1477.36  0.000e+00
      8.636   63.60464 -172.59564     7.7084    31.6566    1477.36  0.000e+00
      8.605   63.60464 -172.59564     7.7081    31.6566    1477.36  0.000e+00
      8.605   63.60464 -172.59564     7.7078    31.6560    1477.36  0.000e+00
      8.605   63.60464 -172.59564     7.7078    31.6565    1477.36  0.000e+00
      8.605   63.60464 -172.59564     7.7079    31.6562    1477.36  0.000e+00
      8.544   63.60464 -172.59564     7.7078    31.6563    1477.36  0.000e+00
      8.605   63.60464 -172.59564     7.7077    31.6561    1477.36  0.000e+00
      8.574   63.60464 -172.59564     7.7078    31.6560    1477.36  0.000e+00
      8.544   63.60464 -172.59564     7.7078    31.6558    1477.36  0.000e+00
      8.544   63.60464 -172.59564     7.7077    31.6564    1477.36  0.000e+00
      8.544   63.60464 -172.59564     7.7078    31.6559    1477.36  0.000e+00
      8.544   63.60464 -172.59564     7.7076    31.6561    1477.36  0.000e+00
      8.490   63.60464 -172.59564     7.7074    31.6564    1477.35  0.000e+00
      8.544   63.60464 -172.59564     7.7078    31.6558    1477.36  0.000e+00
      8.544   63.60464 -172.59564     7.7077    31.6559    1477.36  0.000e+00
      8.459   63.60464 -172.59564     7.7078    31.6560    1477.35  0.000e+00
      8.490   63.60464 -172.59564     7.7076    31.6558    1477.35  0.000e+00
      8.544   63.60464 -172.59564     7.7076    31.6560    1477.36  0.000e+00
      8.490   63.60464 -172.59564     7.7074    31.6564    1477.35  0.000e+00
      8.489   63.60464 -172.59564     7.7077    31.6562    1477.36  0.000e+00
      8.489   63.60464 -172.59564     7.7078    31.6561    1477.36  0.000e+00
      8.489   63.60464 -172.59564     7.7078    31.6558    1477.36  0.000e+00
      8.459   63.60464 -172.59564     7.7077    31.6558    1477.35  0.000e+00
      8.489   63.60464 -172.59564     7.7076    31.6565    1477.36  0.000e+00
      8.489   63.60464 -172.59564     7.7077    31.6562    1477.36  0.000e+00
      8.489   63.60464 -172.59564     7.7078    31.6560    1477.36  0.000e+00
      8.489   63.60464 -172.59564     7.7078    31.6558    1477.36  0.000e+00
      8.435   63.60464 -172.59564     7.7077    31.6563    1477.35  0.000e+00
      8.489   63.60464 -172.59564     7.7078    31.6560    1477.36  0.000e+00
      8.459   63.60464 -172.59564     7.7077    31.6563    1477.36  0.000e+00
      8.489   63.60464 -172.59564     7.7076    31.6562    1477.36  0.000e+00
      8.543   63.60464 -172.59564     7.7078    31.6558    1477.36  0.000e+00
