EcoFOCI/data/1_SampleCollection/2023_SikuliaqDBO_CruiseData/CTD_raw_BottleFile_SKQ23-12S/proc/skq202312s_067.cnv
* Sea-Bird SBE 9 Data File:
* FileName = D:\CTD\SKQ202312S\SKQ202312S_067.hex
* Software Version Seasave V 7.26.7.121
* Temperature SN = 6177
* Conductivity SN = 0369
* Number of Bytes Per Scan = 41
* Number of Voltage Words = 4
* Number of Scans Averaged by the Deck Unit = 1
* NMEA Latitude = 72 18.60 N
* NMEA Longitude = 167 16.17 W
* NMEA UTC (Time) = Sep 28 2023  14:28:44
* NMEA baud rate = 4800
** Ship: R/V Sikuliaq
** Station Number: 067
** Station Name: C15
** Bottom Depth: 49
** Operator: SD
# nquan = 24
# nvalues = 4750                                  
# units = specified
# name 0 = depSM: Depth [salt water, m]
# name 1 = latitude: Latitude [deg]
# name 2 = longitude: Longitude [deg]
# name 3 = prDM: Pressure, Digiquartz [db]
# name 4 = t090C: Temperature [ITS-90, deg C]
# name 5 = t190C: Temperature, 2 [ITS-90, deg C]
# name 6 = potemp090C: Potential Temperature [ITS-90, deg C]
# name 7 = sal00: Salinity, Practical [PSU]
# name 8 = sal11: Salinity, Practical, 2 [PSU]
# name 9 = density00: Density [density, kg/m^3]
# name 10 = sigma-é00: Density [sigma-theta, kg/m^3]
# name 11 = sbox0Mm/Kg: Oxygen, SBE 43 [umol/kg]
# name 12 = sbox1Mm/Kg: Oxygen, SBE 43, 2 [umol/kg]
# name 13 = oxsolMm/Kg: Oxygen Saturation, Garcia & Gordon [umol/kg]
# name 14 = sbeox0PS: Oxygen, SBE 43 [% saturation]
# name 15 = sbeox1PS: Oxygen, SBE 43, 2 [% saturation]
# name 16 = v0: Voltage 0
# name 17 = flECO-AFL: Fluorescence, WET Labs ECO-AFL/FL [mg/m^3]
# name 18 = v1: Voltage 1
# name 19 = CStarAt0: Beam Attenuation, WET Labs C-Star [1/m]
# name 20 = par: PAR/Irradiance, Biospherical/Licor
# name 21 = scan: Scan Count
# name 22 = timeM: Time, Elapsed [minutes]
# name 23 = flag:  0.000e+00
# span 0 =      2.138,     43.455                 
# span 1 =   72.30998,   72.31000                 
# span 2 = -167.26968, -167.26960                 
# span 3 =      2.160,     43.910                 
# span 4 =     0.6998,     4.8995                 
# span 5 =     0.6981,     4.9047                 
# span 6 =     0.6982,     4.8980                 
# span 7 =    30.7280,    32.5134                 
# span 8 =    30.7410,    32.5106                 
# span 9 =  1024.3957,  1026.1972                 
# span 10 =    24.3821,    26.0287                
# span 11 =    296.657,    317.723                
# span 12 =    279.902,    298.500                
# span 13 =  314.56922,  348.70026                
# span 14 =     85.150,     98.987                
# span 15 =     80.320,     93.064                
# span 16 =     0.0940,     0.1587                
# span 17 =     0.2161,     0.6044                
# span 18 =     2.6142,     4.1783                
# span 19 =     0.4812,     2.3577                
# span 20 = 1.0000e-12, 1.0911e+00                
# span 21 =          1,       4750                
# span 22 =     0.0000,     3.2979                
# span 23 = 0.0000e+00, 0.0000e+00                
# interval = seconds: 0.0416667
# start_time = Sep 28 2023 14:32:23 [NMEA time, first data scan]
# bad_flag = -9.990e-29
*END*
[from data line 2355]
     21.302   72.30998 -167.26960     21.524     4.4775     4.3939     4.4760    31.6448    31.7509  1025.1714    25.0710    307.140    291.479  319.14962     96.237     91.219     0.1380     0.4798     4.1770     0.4824 8.4714e-06       2356     1.6354  0.000e+00
     21.263   72.30998 -167.26960     21.485     4.4394     4.3707     4.4380    31.6711    31.7606  1025.1959    25.0957    307.845    291.653  319.37935     96.388     91.229     0.1380     0.4798     4.1770     0.4824 1.0000e-12       2357     1.6361  0.000e+00
     21.302   72.30998 -167.26960     21.524     4.4096     4.3568     4.4082    31.7001    31.7695  1025.2222    25.1218    308.096    291.935  319.53891     96.419     91.292     0.1368     0.4725     4.1770     0.4824 1.0000e-12       2358     1.6368  0.000e+00
     21.356   72.30998 -167.26960     21.578     4.3881     4.3504     4.3867    31.7288    31.7790  1025.2474    25.1467    308.204    291.979  319.63599     96.423     91.299     0.1380     0.4798     4.1770     0.4824 8.4714e-06       2359     1.6375  0.000e+00
     21.317   72.30998 -167.26960     21.539     4.3738     4.3483     4.3723    31.7530    31.7891  1025.2678    25.1674    308.246    291.954  319.68857     96.421     91.293     0.1392     0.4872     4.1770     0.4824 1.0000e-12       2360     1.6382  0.000e+00
     21.410   72.30998 -167.26960     21.633     4.3641     4.3460     4.3626    31.7685    31.7978  1025.2816    25.1807    308.294    291.947  319.72586     96.425     91.292     0.1380     0.4798     4.1770     0.4824 1.0000e-12       2361     1.6389  0.000e+00
     21.410   72.30998 -167.26960     21.633     4.3565     4.3415     4.3551    31.7755    31.8048  1025.2879    25.1870    308.539    291.949  319.76741     96.489     91.287     0.1380     0.4798     4.1783     0.4812 1.0000e-12       2362     1.6396  0.000e+00
     21.433   72.30998 -167.26960     21.656     4.3487     4.3341     4.3472    31.7806    31.8111  1025.2929    25.1919    308.603    292.153  319.81565     96.494     91.339     0.1343     0.4579     4.1770     0.4824 8.4714e-06       2363     1.6403  0.000e+00
     21.525   72.30998 -167.26960     21.749     4.3399     4.3269     4.3385    31.7887    31.8177  1025.3006    25.1991    308.658    291.992  319.86384     96.497     91.278     0.1209     0.3773     4.1770     0.4824 8.4714e-06       2364     1.6410  0.000e+00
     21.525   72.30998 -167.26962     21.749     4.3325     4.3227     4.3310    31.8030    31.8257  1025.3127    25.2113    308.673    291.958  319.88682     96.494     91.263     0.1148     0.3406     4.1770     0.4824 1.0000e-12       2365     1.6417  0.000e+00
     21.548   72.30998 -167.26962     21.773     4.3275     4.3208     4.3261    31.8181    31.8355  1025.3253    25.2238    308.653    291.913  319.88894     96.488     91.251     0.1148     0.3406     4.1758     0.4835 1.0000e-12       2366     1.6424  0.000e+00
     21.587   72.30998 -167.26962     21.812     4.3238     4.3191     4.3224    31.8307    31.8458  1025.3358    25.2341    308.650    292.065  319.88717     96.487     91.302     0.1136     0.3333     4.1758     0.4835 1.0000e-12       2367     1.6431  0.000e+00
     21.641   72.30998 -167.26962     21.866     4.3215     4.3181     4.3200    31.8409    31.8545  1025.3444    25.2424    308.632    292.039  319.88088     96.483     91.298     0.1148     0.3406     4.1746     0.4847 8.4714e-06       2368     1.6438  0.000e+00
     21.664   72.30998 -167.26962     21.890     4.3192     4.3146     4.3178    31.8502    31.8649  1025.3522    25.2501    308.811    292.020  319.87584     96.541     91.291     0.1160     0.3480     4.1746     0.4847 1.0000e-12       2369     1.6444  0.000e+00
     21.703   72.30998 -167.26962     21.929     4.3151     4.3072     4.3137    31.8570    31.8769  1025.3581    25.2558    308.615    292.018  319.89121     96.475     91.283     0.1148     0.3406     4.1746     0.4847 8.4714e-06       2370     1.6451  0.000e+00
     21.756   72.30998 -167.26962     21.983     4.3087     4.2985     4.3073    31.8622    31.8870  1025.3632    25.2606    308.609    292.022  319.92803     96.462     91.272     0.1160     0.3480     4.1746     0.4847 1.0000e-12       2371     1.6458  0.000e+00
     21.718   72.30998 -167.26962     21.944     4.3008     4.2900     4.2993    31.8704    31.8956  1025.3703    25.2679    308.629    292.224  319.96996     96.456     91.322     0.1148     0.3406     4.1758     0.4835 1.0000e-12       2372     1.6465  0.000e+00
     21.810   72.30998 -167.26962     22.038     4.2927     4.2832     4.2912    31.8820    31.9043  1025.3808    25.2779    308.846    292.241  320.00438     96.513     91.319     0.1148     0.3406     4.1758     0.4835 1.0000e-12       2373     1.6472  0.000e+00
     21.810   72.30998 -167.26962     22.038     4.2859     4.2786     4.2845    31.8935    31.9131  1025.3906    25.2878    308.652    292.415  320.02888     96.445     91.369     0.1148     0.3406     4.1758     0.4835 1.0000e-12       2374     1.6479  0.000e+00
     21.895   72.30998 -167.26962     22.123     4.2816     4.2781     4.2801    31.9078    31.9211  1025.4028    25.2995    308.602    292.384  320.02827     96.430     91.363     0.1148     0.3406     4.1758     0.4835 1.0000e-12       2375     1.6486  0.000e+00
     21.872   72.30998 -167.26962     22.100     4.2803     4.2812     4.2788    31.9230    31.9287  1025.4149    25.3118    308.544    292.333  320.00182     96.420     91.359     0.1160     0.3480     4.1758     0.4835 1.0000e-12       2376     1.6493  0.000e+00
     21.926   72.30998 -167.26962     22.154     4.2824     4.2886     4.2809    31.9418    31.9362  1025.4298    25.3264    308.235    292.240  319.94054     96.341     91.352     0.1148     0.3406     4.1746     0.4847 1.0000e-12       2377     1.6500  0.000e+00
     21.949   72.30998 -167.26962     22.178     4.2888     4.3051     4.2873    31.9731    31.9449  1025.4541    25.3507    308.030    291.876  319.81589     96.315     91.280     0.1160     0.3480     4.1758     0.4835 1.0000e-12       2378     1.6507  0.000e+00
     21.988   72.30998 -167.26962     22.217     4.3033     4.3281     4.3019    32.0057    31.9577  1025.4788    25.3751    307.746    291.796  319.62496     96.284     91.315     0.1148     0.3406     4.1746     0.4847 1.0000e-12       2379     1.6514  0.000e+00
     22.042   72.30998 -167.26962     22.271     4.3246     4.3542     4.3231    32.0385    31.9736  1025.5029    25.3990    307.192    291.346  319.38235     96.183     91.242     0.1160     0.3480     4.1758     0.4835 1.0000e-12       2380     1.6521  0.000e+00
     22.065   72.30998 -167.26962     22.295     4.3515     4.3889     4.3500    32.0782    31.9918  1025.5317    25.4278    306.537    290.980  319.08037     96.069     91.217     0.1148     0.3406     4.1746     0.4847 8.4714e-06       2381     1.6528  0.000e+00
     22.042   72.30998 -167.26962     22.271     4.3834     4.4257     4.3819    32.1056    32.0157  1025.5501    25.4463    306.008    290.599  318.76964     95.997     91.194     0.1160     0.3480     4.1758     0.4835 1.0000e-12       2382     1.6535  0.000e+00
     22.119   72.30998 -167.26962     22.349     4.4150     4.4592     4.4135    32.1231    32.0386  1025.5611    25.4570    305.570    290.244  318.48513     95.945     91.172     0.1148     0.3406     4.1758     0.4835 1.0000e-12       2383     1.6542  0.000e+00
     22.157   72.30998 -167.26962     22.388     4.4474     4.4918     4.4459    32.1461    32.0563  1025.5763    25.4719    304.903    289.899  318.18246     95.826     91.147     0.1148     0.3406     4.1746     0.4847 8.4714e-06       2384     1.6549  0.000e+00
     22.157   72.30998 -167.26962     22.388     4.4816     4.5248     4.4800    32.1675    32.0738  1025.5897    25.4855    304.399    289.545  317.86975     95.762     91.120     0.1172     0.3553     4.1746     0.4847 1.0000e-12       2385     1.6556  0.000e+00
     22.234   72.30998 -167.26962     22.466     4.5151     4.5530     4.5135    32.1787    32.0923  1025.5955    25.4909    303.753    289.243  317.58723     95.644     91.099     0.1148     0.3406     4.1734     0.4859 1.0000e-12       2386     1.6563  0.000e+00
     22.273   72.30998 -167.26962     22.505     4.5464     4.5778     4.5448    32.1924    32.1078  1025.6033    25.4985    303.264    288.947  317.31610     95.571     91.071     0.1160     0.3480     4.1685     0.4906 1.0000e-12       2387     1.6569  0.000e+00
     22.211   72.30998 -167.26962     22.443     4.5770     4.6054     4.5755    32.2083    32.1212  1025.6124    25.5079    302.805    288.460  317.04502     95.508     90.986     0.1148     0.3406     4.1673     0.4917 8.4714e-06       2388     1.6576  0.000e+00
     22.296   72.30998 -167.26962     22.528     4.6066     4.6339     4.6051    32.2152    32.1358  1025.6152    25.5103    302.415    288.129  316.80366     95.458     90.954     0.1197     0.3699     4.1673     0.4917 1.0000e-12       2389     1.6583  0.000e+00
     22.327   72.30998 -167.26962     22.559     4.6328     4.6595     4.6312    32.2142    32.1490  1025.6117    25.5067    301.836    287.838  316.60774     95.334     90.927     0.1233     0.3919     4.1685     0.4906 1.0000e-12       2390     1.6590  0.000e+00
     22.327   72.30998 -167.26962     22.559     4.6551     4.6832     4.6535    32.2176    32.1608  1025.6121    25.5071    301.454    287.375  316.43029     95.267     90.841     0.1245     0.3993     4.1673     0.4917 1.0000e-12       2391     1.6597  0.000e+00
     22.404   72.30998 -167.26962     22.637     4.6767     4.7049     4.6751    32.2212    32.1723  1025.6130    25.5077    301.084    287.094  316.25791     95.202     90.806     0.1245     0.3993     4.1685     0.4906 1.0000e-12       2392     1.6604  0.000e+00
     22.388   72.30998 -167.26962     22.622     4.6960     4.7235     4.6944    32.2210    32.1833  1025.6107    25.5055    300.537    286.646  316.11273     95.073     90.713     0.1245     0.3993     4.1673     0.4917 1.0000e-12       2393     1.6611  0.000e+00
     22.442   72.30998 -167.26962     22.676     4.7126     4.7405     4.7110    32.2226    32.1906  1025.6104    25.5050    300.015    286.405  315.98334     94.946     90.678     0.1245     0.3993     4.1685     0.4906 1.0000e-12       2394     1.6618  0.000e+00
     22.466   72.30998 -167.26962     22.700     4.7279     4.7584     4.7264    32.2264    32.1960  1025.6119    25.5064    299.884    286.158  315.85820     94.943     90.642     0.1233     0.3919     4.1685     0.4906 1.0000e-12       2395     1.6625  0.000e+00
     22.442   72.30998 -167.26962     22.676     4.7416     4.7766     4.7400    32.2299    32.2015  1025.6131    25.5077    299.597    285.742  315.74684     94.885     90.554     0.1245     0.3993     4.1685     0.4906 1.0000e-12       2396     1.6632  0.000e+00
     22.442   72.30998 -167.26962     22.676     4.7548     4.7929     4.7532    32.2381    32.2080  1025.6182    25.5128    299.104    285.485  315.62811     94.765     90.512     0.1233     0.3919     4.1685     0.4906 1.0000e-12       2397     1.6639  0.000e+00
     22.581   72.30998 -167.26962     22.816     4.7700     4.8060     4.7684    32.2440    32.2124  1025.6220    25.5159    298.787    285.076  315.49899     94.703     90.413     0.1245     0.3993     4.1673     0.4917 1.0000e-12       2398     1.6646  0.000e+00
     22.558   72.30998 -167.26962     22.793     4.7853     4.8180     4.7837    32.2472    32.2179  1025.6228    25.5168    298.444    284.831  315.37640     94.631     90.365     0.1233     0.3919     4.1685     0.4906 1.0000e-12       2399     1.6653  0.000e+00
     22.519   72.30998 -167.26962     22.754     4.7999     4.8308     4.7983    32.2475    32.2225  1025.6212    25.5154    298.182    284.582  315.26563     94.581     90.317     0.1245     0.3993     4.1673     0.4917 8.4714e-06       2400     1.6660  0.000e+00
     22.612   72.30998 -167.26962     22.847     4.8126     4.8414     4.8110    32.2481    32.2276  1025.6207    25.5145    297.743    284.375  315.16876     94.471     90.278     0.1245     0.3993     4.1673     0.4917 1.0000e-12       2401     1.6667  0.000e+00
     22.558   72.30998 -167.26962     22.793     4.8236     4.8519     4.8219    32.2506    32.2307  1025.6213    25.5154    297.695    284.188  315.08021     94.482     90.243     0.1233     0.3919     4.1685     0.4906 1.0000e-12       2402     1.6674  0.000e+00
     22.635   72.30998 -167.26962     22.871     4.8331     4.8615     4.8314    32.2532    32.2346  1025.6227    25.5164    297.497    284.014  315.00243     94.443     90.211     0.1245     0.3993     4.1685     0.4906 1.0000e-12       2403     1.6681  0.000e+00
     22.674   72.30998 -167.26962     22.910     4.8423     4.8699     4.8407    32.2546    32.2385  1025.6230    25.5165    297.343    283.685  314.92957     94.416     90.127     0.1233     0.3919     4.1685     0.4906 1.0000e-12       2404     1.6688  0.000e+00
     22.612   72.30998 -167.26962     22.847     4.8512     4.8758     4.8495    32.2554    32.2419  1025.6224    25.5162    297.307    283.520  314.86138     94.425     90.090     0.1245     0.3993     4.1673     0.4917 1.0000e-12       2405     1.6694  0.000e+00
     22.697   72.30998 -167.26962     22.933     4.8582     4.8796     4.8566    32.2560    32.2453  1025.6225    25.5159    297.217    283.195  314.80675     94.412     89.997     0.1233     0.3919     4.1697     0.4894 1.0000e-12       2406     1.6701  0.000e+00
     22.673   72.30998 -167.26962     22.910     4.8647     4.8830     4.8631    32.2555    32.2476  1025.6213    25.5148    297.137    283.058  314.75912     94.401     89.963     0.1245     0.3993     4.1746     0.4847 8.4714e-06       2407     1.6708  0.000e+00
     22.673   72.30998 -167.26962     22.910     4.8700     4.8834     4.8683    32.2552    32.2509  1025.6205    25.5140    297.279    282.764  314.72052     94.458     89.872     0.1245     0.3993     4.1770     0.4824 1.0000e-12       2408     1.6715  0.000e+00
     22.751   72.30998 -167.26962     22.988     4.8744     4.8841     4.8728    32.2547    32.2532  1025.6200    25.5131    297.059    282.824  314.68811     94.398     89.894     0.1233     0.3919     4.1770     0.4824 1.0000e-12       2409     1.6722  0.000e+00
     22.673   72.30998 -167.26962     22.910     4.8783     4.8861     4.8767    32.2543    32.2536  1025.6188    25.5124    297.223    282.530  314.66034     94.458     89.805     0.1245     0.3993     4.1770     0.4824 8.4714e-06       2410     1.6729  0.000e+00
     22.750   72.30998 -167.26962     22.988     4.8812     4.8871     4.8796    32.2551    32.2535  1025.6196    25.5127    297.466    282.419  314.63645     94.543     89.772     0.1245     0.3993     4.1770     0.4824 1.0000e-12       2411     1.6736  0.000e+00
     22.789   72.30998 -167.26962     23.026     4.8842     4.8858     4.8825    32.2543    32.2540  1025.6188    25.5118    297.544    282.532  314.61618     94.574     89.805     0.1245     0.3993     4.1758     0.4835 1.0000e-12       2412     1.6743  0.000e+00
     22.673   72.30998 -167.26962     22.910     4.8869     4.8844     4.8852    32.2523    32.2546  1025.6164    25.5099    297.626    282.459  314.60057     94.605     89.780     0.1233     0.3919     4.1758     0.4835 1.0000e-12       2413     1.6750  0.000e+00
     22.866   72.30998 -167.26962     23.104     4.8891     4.8849     4.8874    32.2503    32.2545  1025.6154    25.5081    297.935    282.573  314.58849     94.706     89.817     0.1245     0.3993     4.1770     0.4824 1.0000e-12       2414     1.6757  0.000e+00
     22.789   72.30998 -167.26962     23.026     4.8909     4.8858     4.8892    32.2500    32.2547  1025.6146    25.5076    298.269    282.329  314.57607     94.816     89.741     0.1221     0.3846     4.1770     0.4824 1.0000e-12       2415     1.6764  0.000e+00
