EcoFOCI/data/1_SampleCollection/2023_SikuliaqDBO_CruiseData/CTD_raw_BottleFile_SKQ23-12S/proc/skq202312s_032.ros
* Sea-Bird SBE 9 Data File:
* FileName = D:\CTD\SKQ202312S\SKQ202312S_032.hex
* Software Version Seasave V 7.26.7.121
* Temperature SN = 6177
* Conductivity SN = 0369
* Number of Bytes Per Scan = 41
* Number of Voltage Words = 4
* Number of Scans Averaged by the Deck Unit = 1
* NMEA Latitude = 71 32.18 N
* NMEA Longitude = 157 45.08 W
* NMEA UTC (Time) = Sep 21 2023  12:37:07
* NMEA baud rate = 4800
** Ship: R/V Sikuliaq
** Station Number: 032
** Station Name: DBO5.8
** Bottom Depth: 72
** Operator: SD
# nquan = 22
# nvalues = 1127                                  
# units = specified
# name 0 = depSM: Depth [salt water, m]
# name 1 = latitude: Latitude [deg]
# name 2 = longitude: Longitude [deg]
# name 3 = prDM: Pressure, Digiquartz [db]
# name 4 = t090C: Temperature [ITS-90, deg C]
# name 5 = t190C: Temperature, 2 [ITS-90, deg C]
# name 6 = potemp090C: Potential Temperature [ITS-90, deg C]
# name 7 = sal00: Salinity, Practical [PSU]
# name 8 = sal11: Salinity, Practical, 2 [PSU]
# name 9 = density00: Density [density, kg/m^3]
# name 10 = sigma-é00: Density [sigma-theta, kg/m^3]
# name 11 = sbox0Mm/Kg: Oxygen, SBE 43 [umol/kg]
# name 12 = sbox1Mm/Kg: Oxygen, SBE 43, 2 [umol/kg]
# name 13 = oxsolMm/Kg: Oxygen Saturation, Garcia & Gordon [umol/kg]
# name 14 = sbeox0PS: Oxygen, SBE 43 [% saturation]
# name 15 = v0: Voltage 0
# name 16 = flECO-AFL: Fluorescence, WET Labs ECO-AFL/FL [mg/m^3]
# name 17 = CStarAt0: Beam Attenuation, WET Labs C-Star [1/m]
# name 18 = par: PAR/Irradiance, Biospherical/Licor
# name 19 = scan: Scan Count
# name 20 = nbf: Bottles Fired
# name 21 = flag:  0.000e+00
# interval = seconds: 0.0416667
# start_time = Sep 21 2023 12:41:52 [NMEA time, first data scan]
# bad_flag = -9.990e-29
*END*
[from data line 1054]
      3.239   71.53642 -157.75138      3.272     2.3451     2.3471     2.3449    29.6805    29.6877  1023.7047    23.6892    353.202    335.177  341.39908    103.457     0.1538     0.5751     0.5141 2.1990e-01      33153         22  0.000e+00
      3.208   71.53642 -157.75138      3.241     2.3453     2.3471     2.3452    29.6804    29.6880  1023.7045    23.6892    353.178    335.017  341.39730    103.451     0.1538     0.5751     0.5141 1.9692e-01      33154         22  0.000e+00
      3.239   71.53642 -157.75138      3.272     2.3451     2.3471     2.3449    29.6804    29.6882  1023.7046    23.6891    353.161    335.043  341.39938    103.445     0.1538     0.5751     0.5141 2.0049e-01      33155         22  0.000e+00
      3.185   71.53642 -157.75138      3.218     2.3453     2.3472     2.3451    29.6806    29.6877  1023.7046    23.6893    353.171    335.045  341.39730    103.449     0.1538     0.5751     0.5141 2.6990e-01      33156         22  0.000e+00
      3.239   71.53642 -157.75138      3.272     2.3453     2.3470     2.3452    29.6814    29.6882  1023.7055    23.6900    353.148    335.258  341.39472    103.443     0.1526     0.5678     0.5141 3.1249e-01      33157         22  0.000e+00
      3.239   71.53642 -157.75138      3.272     2.3454     2.3470     2.3453    29.6813    29.6884  1023.7053    23.6898    353.122    335.316  341.39425    103.435     0.1538     0.5751     0.5141 3.1614e-01      33158         22  0.000e+00
      3.239   71.53642 -157.75138      3.272     2.3453     2.3471     2.3452    29.6814    29.6882  1023.7054    23.6899    353.097    335.376  341.39492    103.428     0.1526     0.5678     0.5141 2.7209e-01      33159         22  0.000e+00
      3.185   71.53642 -157.75138      3.218     2.3454     2.3473     2.3453    29.6812    29.6881  1023.7050    23.6898    353.066    335.412  341.39438    103.419     0.1538     0.5751     0.5141 2.4557e-01      33160         22  0.000e+00
      3.239   71.53642 -157.75138      3.272     2.3455     2.3471     2.3453    29.6814    29.6882  1023.7054    23.6899    353.264    335.457  341.39341    103.477     0.1526     0.5678     0.5141 2.4251e-01      33161         22  0.000e+00
      3.239   71.53642 -157.75138      3.272     2.3457     2.3468     2.3456    29.6811    29.6885  1023.7052    23.6897    353.267    335.705  341.39174    103.478     0.1526     0.5678     0.5141 2.7873e-01      33162         22  0.000e+00
      3.239   71.53642 -157.75138      3.272     2.3453     2.3470     2.3452    29.6816    29.6886  1023.7056    23.6901    353.045    335.771  341.39422    103.413     0.1538     0.5751     0.5141 3.1249e-01      33163         22  0.000e+00
      3.185   71.53642 -157.75138      3.218     2.3456     2.3470     2.3454    29.6813    29.6882  1023.7051    23.6899    353.042    335.814  341.39268    103.412     0.1538     0.5751     0.5141 3.1982e-01      33164         22  0.000e+00
      3.239   71.53642 -157.75138      3.272     2.3457     2.3471     2.3456    29.6810    29.6884  1023.7051    23.6896    353.045    335.859  341.39215    103.413     0.1538     0.5751     0.5141 3.5307e-01      33165         22  0.000e+00
      3.185   71.53642 -157.75138      3.218     2.3456     2.3468     2.3455    29.6807    29.6886  1023.7046    23.6894    353.007    335.700  341.39385    103.402     0.1526     0.5678     0.5141 3.9747e-01      33166         22  0.000e+00
      3.239   71.53642 -157.75138      3.272     2.3456     2.3471     2.3454    29.6807    29.6882  1023.7049    23.6894    352.972    335.924  341.39426    103.391     0.1538     0.5751     0.5141 4.0773e-01      33167         22  0.000e+00
      3.185   71.53642 -157.75138      3.218     2.3455     2.3470     2.3453    29.6810    29.6884  1023.7048    23.6896    352.968    335.766  341.39455    103.390     0.1526     0.5678     0.5141 4.1219e-01      33168         22  0.000e+00
      3.208   71.53642 -157.75138      3.241     2.3454     2.3471     2.3453    29.6809    29.6885  1023.7049    23.6896    352.968    335.787  341.39512    103.390     0.1538     0.5751     0.5141 4.1970e-01      33169         22  0.000e+00
      3.185   71.53642 -157.75138      3.218     2.3455     2.3471     2.3453    29.6810    29.6885  1023.7048    23.6896    353.192    335.987  341.39455    103.456     0.1575     0.5971     0.5141 4.2274e-01      33170         22  0.000e+00
      3.185   71.53642 -157.75138      3.218     2.3453     2.3471     2.3451    29.6809    29.6885  1023.7048    23.6895    353.001    336.033  341.39659    103.399     0.1575     0.5971     0.5141 4.0478e-01      33171         22  0.000e+00
      3.239   71.53642 -157.75138      3.273     2.3455     2.3470     2.3453    29.6807    29.6887  1023.7048    23.6893    352.999    336.082  341.39533    103.399     0.1587     0.6044     0.5141 3.5706e-01      33172         22  0.000e+00
      3.185   71.53642 -157.75138      3.218     2.3456     2.3471     2.3454    29.6803    29.6885  1023.7043    23.6891    352.955    336.100  341.39529    103.386     0.1575     0.5971     0.5141 3.4258e-01      33173         22  0.000e+00
      3.123   71.53642 -157.75138      3.156     2.3454     2.3471     2.3453    29.6803    29.6881  1023.7040    23.6891    353.176    336.119  341.39672    103.450     0.1587     0.6044     0.5141 3.4911e-01      33174         22  0.000e+00
      3.185   71.53642 -157.75138      3.218     2.3456     2.3472     2.3455    29.6800    29.6880  1023.7040    23.6888    352.981    336.139  341.39577    103.394     0.1575     0.5971     0.5141 3.7895e-01      33175         22  0.000e+00
      3.124   71.53642 -157.75138      3.156     2.3457     2.3475     2.3456    29.6800    29.6880  1023.7037    23.6888    352.971    336.153  341.39482    103.391     0.1587     0.6044     0.5141 3.9170e-01      33176         22  0.000e+00
      3.304   71.53642 -157.75136      3.338     2.3455     2.3473     2.3453    29.6806    29.6893  1023.7051    23.6893    352.169    334.887  341.39541    103.156     0.1514     0.5604     0.5141 2.9468e-01      33289         23  0.000e+00
      3.419   71.53642 -157.75136      3.455     2.3454     2.3472     2.3453    29.6810    29.6893  1023.7060    23.6896    352.355    334.906  341.39499    103.210     0.1526     0.5678     0.5141 2.9819e-01      33290         23  0.000e+00
      3.358   71.53642 -157.75136      3.392     2.3453     2.3472     2.3451    29.6809    29.6894  1023.7056    23.6895    352.120    334.917  341.39619    103.141     0.1526     0.5678     0.5141 3.1736e-01      33291         23  0.000e+00
      3.473   71.53642 -157.75136      3.509     2.3456     2.3473     2.3454    29.6808    29.6897  1023.7061    23.6894    352.306    334.936  341.39406    103.196     0.1526     0.5678     0.5141 3.2728e-01      33292         23  0.000e+00
      3.358   71.53642 -157.75136      3.392     2.3455     2.3472     2.3453    29.6811    29.6899  1023.7058    23.6897    352.294    334.947  341.39407    103.193     0.1514     0.5604     0.5141 3.2979e-01      33293         23  0.000e+00
      3.435   71.53642 -157.75136      3.470     2.3456     2.3472     2.3454    29.6815    29.6901  1023.7065    23.6900    352.063    334.764  341.39220    103.126     0.1526     0.5678     0.5141 3.5706e-01      33294         23  0.000e+00
      3.358   71.53642 -157.75136      3.393     2.3455     2.3475     2.3453    29.6819    29.6898  1023.7064    23.6903    352.244    334.754  341.39206    103.179     0.1514     0.5604     0.5141 3.7339e-01      33295         23  0.000e+00
      3.420   71.53642 -157.75136      3.455     2.3456     2.3472     2.3454    29.6818    29.6902  1023.7066    23.6903    352.054    334.755  341.39137    103.123     0.1526     0.5678     0.5141 3.7616e-01      33296         23  0.000e+00
      3.420   71.53642 -157.75136      3.455     2.3456     2.3474     2.3454    29.6815    29.6898  1023.7064    23.6900    351.789    334.753  341.39218    103.045     0.1514     0.5604     0.5141 2.7985e-01      33297         23  0.000e+00
      3.420   71.53642 -157.75136      3.455     2.3455     2.3471     2.3453    29.6818    29.6903  1023.7066    23.6903    351.982    334.959  341.39234    103.102     0.1538     0.5751     0.5141 2.2085e-01      33298         23  0.000e+00
      3.474   71.53642 -157.75136      3.509     2.3456     2.3474     2.3454    29.6815    29.6898  1023.7066    23.6900    352.178    334.783  341.39225    103.159     0.1551     0.5824     0.5141 2.1330e-01      33299         23  0.000e+00
      3.420   71.53642 -157.75136      3.455     2.3453     2.3471     2.3451    29.6816    29.6897  1023.7065    23.6901    351.995    334.787  341.39435    103.105     0.1551     0.5824     0.5141 2.1611e-01      33300         23  0.000e+00
      3.420   71.53642 -157.75136      3.455     2.3457     2.3471     2.3456    29.6812    29.6896  1023.7062    23.6898    352.189    334.794  341.39148    103.163     0.1551     0.5824     0.5141 2.1800e-01      33301         23  0.000e+00
      3.420   71.53642 -157.75136      3.455     2.3456     2.3471     2.3455    29.6817    29.6895  1023.7065    23.6901    352.196    334.802  341.39134    103.165     0.1538     0.5751     0.5153 2.1895e-01      33302         23  0.000e+00
      3.420   71.53642 -157.75136      3.455     2.3454     2.3473     2.3453    29.6817    29.6894  1023.7065    23.6901    352.206    334.811  341.39318    103.167     0.1551     0.5824     0.5141 2.7762e-01      33303         23  0.000e+00
      3.474   71.53642 -157.75136      3.510     2.3456     2.3471     2.3455    29.6816    29.6891  1023.7067    23.6901    351.988    334.827  341.39141    103.104     0.1538     0.5751     0.5153 3.7755e-01      33304         23  0.000e+00
      3.420   71.53642 -157.75136      3.455     2.3456     2.3471     2.3454    29.6815    29.6891  1023.7064    23.6900    351.997    335.042  341.39218    103.106     0.1551     0.5824     0.5153 4.0773e-01      33305         23  0.000e+00
      3.420   71.53642 -157.75136      3.455     2.3457     2.3471     2.3456    29.6806    29.6890  1023.7056    23.6893    351.973    335.081  341.39319    103.099     0.1538     0.5751     0.5141 4.5728e-01      33306         23  0.000e+00
      3.420   71.53642 -157.75136      3.455     2.3453     2.3470     2.3451    29.6811    29.6892  1023.7061    23.6897    351.953    335.123  341.39566    103.092     0.1538     0.5751     0.5141 5.9046e-01      33307         23  0.000e+00
      3.474   71.53642 -157.75136      3.510     2.3456     2.3470     2.3454    29.6808    29.6891  1023.7061    23.6894    352.158    334.963  341.39406    103.153     0.1563     0.5897     0.5141 6.3996e-01      33308         23  0.000e+00
      3.420   71.53642 -157.75136      3.455     2.3455     2.3473     2.3453    29.6805    29.6889  1023.7055    23.6892    351.947    334.952  341.39587    103.090     0.1538     0.5751     0.5141 5.9246e-01      33309         23  0.000e+00
      3.435   71.53642 -157.75136      3.471     2.3454     2.3471     2.3453    29.6805    29.6890  1023.7057    23.6892    352.193    334.975  341.39622    103.163     0.1551     0.5824     0.5141 4.6215e-01      33310         23  0.000e+00
      3.420   71.53642 -157.75136      3.455     2.3451     2.3471     2.3450    29.6803    29.6890  1023.7054    23.6891    351.988    334.971  341.39908    103.102     0.1538     0.5751     0.5141 4.1970e-01      33311         23  0.000e+00
      3.420   71.53642 -157.75136      3.455     2.3454     2.3470     2.3453    29.6803    29.6895  1023.7055    23.6891    351.929    334.969  341.39661    103.085     0.1538     0.5751     0.5141 3.9458e-01      33312         23  0.000e+00
      3.474   71.53642 -157.75136      3.510     2.3451     2.3470     2.3450    29.6805    29.6895  1023.7058    23.6892    351.917    334.971  341.39865    103.081     0.1538     0.5751     0.5141 2.7762e-01      33313         23  0.000e+00
      3.420   71.53642 -157.75136      3.455     2.3453     2.3473     2.3451    29.6800    29.6889  1023.7052    23.6888    352.391    334.967  341.39892    103.220     0.1551     0.5824     0.5141 2.3448e-01      33314         23  0.000e+00
      3.420   71.53642 -157.75136      3.455     2.3453     2.3471     2.3451    29.6806    29.6889  1023.7057    23.6893    352.183    335.172  341.39741    103.159     0.1551     0.5824     0.5141 2.3053e-01      33315         23  0.000e+00
      3.420   71.53642 -157.75136      3.455     2.3450     2.3472     2.3448    29.6808    29.6887  1023.7058    23.6894    351.979    334.994  341.39928    103.099     0.1551     0.5824     0.5141 2.0775e-01      33316         23  0.000e+00
      3.420   71.53642 -157.75136      3.455     2.3453     2.3471     2.3451    29.6799    29.6888  1023.7051    23.6888    352.228    335.174  341.39912    103.172     0.1551     0.5824     0.5141 1.9515e-01      33317         23  0.000e+00
      3.358   71.53642 -157.75136      3.393     2.3453     2.3470     2.3451    29.6802    29.6891  1023.7051    23.6890    352.021    335.172  341.39790    103.112     0.1538     0.5751     0.5141 1.9427e-01      33318         23  0.000e+00
      3.420   71.53642 -157.75136      3.456     2.3451     2.3470     2.3449    29.6805    29.6892  1023.7056    23.6892    351.786    334.996  341.39911    103.042     0.1551     0.5824     0.5141 1.8646e-01      33319         23  0.000e+00
      3.420   71.53642 -157.75136      3.456     2.3453     2.3471     2.3451    29.6804    29.6890  1023.7055    23.6892    352.003    334.971  341.39738    103.106     0.1538     0.5751     0.5141 1.8135e-01      33320         23  0.000e+00
      3.420   71.53642 -157.75136      3.456     2.3451     2.3471     2.3449    29.6806    29.6890  1023.7057    23.6893    351.998    334.947  341.39881    103.105     0.1551     0.5824     0.5141 1.8051e-01      33321         23  0.000e+00
      3.359   71.53642 -157.75136      3.393     2.3451     2.3471     2.3450    29.6802    29.6894  1023.7051    23.6890    351.952    334.944  341.39920    103.091     0.1538     0.5751     0.5141 2.0683e-01      33322         23  0.000e+00
      3.420   71.53642 -157.75136      3.456     2.3454     2.3471     2.3453    29.6800    29.6889  1023.7052    23.6888    352.175    334.950  341.39761    103.157     0.1563     0.5897     0.5141 2.3151e-01      33323         23  0.000e+00
      3.359   71.53642 -157.75136      3.393     2.3451     2.3471     2.3449    29.6800    29.6890  1023.7049    23.6889    352.247    334.950  341.40024    103.177     0.1600     0.6117     0.5141 2.3747e-01      33324         23  0.000e+00
      3.420   71.53642 -157.75136      3.456     2.3455     2.3470     2.3453    29.6803    29.6892  1023.7054    23.6890    352.318    334.958  341.39637    103.199     0.1587     0.6044     0.5141 2.4455e-01      33325         23  0.000e+00
      3.382   71.53642 -157.75136      3.417     2.3453     2.3471     2.3451    29.6806    29.6891  1023.7055    23.6893    352.204    334.960  341.39736    103.165     0.1600     0.6117     0.5141 2.5490e-01      33326         23  0.000e+00
      3.359   71.53642 -157.75136      3.393     2.3453     2.3471     2.3451    29.6801    29.6893  1023.7049    23.6889    352.395    334.964  341.39830    103.221     0.1587     0.6044     0.5141 2.5701e-01      33327         23  0.000e+00
      3.359   71.53642 -157.75136      3.393     2.3453     2.3470     2.3451    29.6798    29.6891  1023.7048    23.6887    352.435    334.948  341.39934    103.232     0.1587     0.6044     0.5141 2.9006e-01      33328         23  0.000e+00
      3.359   71.53642 -157.75136      3.393     2.3453     2.3471     2.3451    29.6800    29.6891  1023.7049    23.6888    352.246    334.929  341.39840    103.177     0.1587     0.6044     0.5141 3.5975e-01      33329         23  0.000e+00
