EcoFOCI/data/1_SampleCollection/2023_SikuliaqDBO_CruiseData/CTD_raw_BottleFile_SKQ23-12S/proc/skq202312s_055svp.cnv
* Sea-Bird SBE 9 Data File:
* FileName = D:\CTD\SKQ202312S\SKQ202312S_055.hex
* Software Version Seasave V 7.26.7.121
* Temperature SN = 6177
* Conductivity SN = 0369
* Number of Bytes Per Scan = 41
* Number of Voltage Words = 4
* Number of Scans Averaged by the Deck Unit = 1
* NMEA Latitude = 71 05.09 N
* NMEA Longitude = 163 48.16 W
* NMEA UTC (Time) = Sep 27 2023  03:55:23
* NMEA baud rate = 4800
** Ship: R/V Sikuliaq
** Station Number: 055
** Station Name: IC7
** Bottom Depth: 43
** Operator: SD
# nquan = 7
# nvalues = 4207                                  
# units = specified
# name 0 = depSM: Depth [salt water, m]
# name 1 = latitude: Latitude [deg]
# name 2 = longitude: Longitude [deg]
# name 3 = t090C: Temperature [ITS-90, deg C]
# name 4 = sal00: Salinity, Practical [PSU]
# name 5 = svCM: Sound Velocity [Chen-Millero, m/s]
# name 6 = flag:  0.000e+00
# span 0 =      2.116,     37.949                 
# span 1 =   71.08482,   71.08482                 
# span 2 = -163.80274, -163.80274                 
# span 3 =     0.6637,     4.2032                 
# span 4 =    30.6508,    32.2705                 
# span 5 =    1449.03,    1463.28                 
# span 6 = 0.0000e+00, 0.0000e+00                 
# interval = seconds: 0.0416667
# start_time = Sep 27 2023 03:58:52 [NMEA time, first data scan]
# bad_flag = -9.990e-29
*END*
[from data line 821]
      6.574   71.08482 -163.80274     3.7951    30.7879    1460.45  0.000e+00
      6.690   71.08482 -163.80274     3.7940    30.7871    1460.44  0.000e+00
      6.636   71.08482 -163.80274     3.7929    30.7873    1460.44  0.000e+00
      6.690   71.08482 -163.80274     3.7917    30.7877    1460.43  0.000e+00
      6.636   71.08482 -163.80274     3.7902    30.7879    1460.43  0.000e+00
      6.690   71.08482 -163.80274     3.7890    30.7879    1460.42  0.000e+00
      6.690   71.08482 -163.80274     3.7872    30.7885    1460.42  0.000e+00
      6.690   71.08482 -163.80274     3.7859    30.7888    1460.41  0.000e+00
      6.743   71.08482 -163.80274     3.7848    30.7892    1460.41  0.000e+00
      6.690   71.08482 -163.80274     3.7841    30.7891    1460.40  0.000e+00
      6.743   71.08482 -163.80274     3.7829    30.7900    1460.40  0.000e+00
      6.689   71.08482 -163.80274     3.7819    30.7908    1460.40  0.000e+00
      6.743   71.08482 -163.80274     3.7816    30.7907    1460.40  0.000e+00
      6.743   71.08482 -163.80274     3.7808    30.7909    1460.39  0.000e+00
      6.743   71.08482 -163.80274     3.7801    30.7911    1460.39  0.000e+00
      6.805   71.08482 -163.80274     3.7795    30.7912    1460.39  0.000e+00
      6.805   71.08482 -163.80274     3.7790    30.7915    1460.39  0.000e+00
      6.743   71.08482 -163.80274     3.7790    30.7912    1460.39  0.000e+00
      6.805   71.08482 -163.80274     3.7782    30.7920    1460.38  0.000e+00
      6.859   71.08482 -163.80274     3.7781    30.7917    1460.38  0.000e+00
      6.805   71.08482 -163.80274     3.7776    30.7920    1460.38  0.000e+00
      6.805   71.08482 -163.80274     3.7771    30.7923    1460.38  0.000e+00
      6.859   71.08482 -163.80274     3.7770    30.7920    1460.38  0.000e+00
      6.859   71.08482 -163.80274     3.7766    30.7922    1460.38  0.000e+00
      6.805   71.08482 -163.80274     3.7763    30.7925    1460.38  0.000e+00
      6.859   71.08482 -163.80274     3.7762    30.7921    1460.38  0.000e+00
      6.921   71.08482 -163.80274     3.7757    30.7921    1460.38  0.000e+00
      6.859   71.08482 -163.80274     3.7755    30.7923    1460.37  0.000e+00
      6.859   71.08482 -163.80274     3.7753    30.7924    1460.37  0.000e+00
      6.890   71.08482 -163.80274     3.7748    30.7923    1460.37  0.000e+00
      6.921   71.08482 -163.80274     3.7745    30.7925    1460.37  0.000e+00
      6.921   71.08482 -163.80274     3.7743    30.7928    1460.37  0.000e+00
      6.921   71.08482 -163.80274     3.7740    30.7930    1460.37  0.000e+00
      6.921   71.08482 -163.80274     3.7737    30.7930    1460.37  0.000e+00
      6.975   71.08482 -163.80274     3.7734    30.7933    1460.37  0.000e+00
      6.921   71.08482 -163.80274     3.7732    30.7928    1460.37  0.000e+00
      6.921   71.08482 -163.80274     3.7727    30.7932    1460.37  0.000e+00
      6.975   71.08482 -163.80274     3.7724    30.7932    1460.36  0.000e+00
      6.975   71.08482 -163.80274     3.7721    30.7931    1460.36  0.000e+00
      6.921   71.08482 -163.80274     3.7716    30.7936    1460.36  0.000e+00
      7.036   71.08482 -163.80274     3.7718    30.7931    1460.36  0.000e+00
      6.975   71.08482 -163.80274     3.7713    30.7933    1460.36  0.000e+00
      6.975   71.08482 -163.80274     3.7710    30.7938    1460.36  0.000e+00
      6.975   71.08482 -163.80274     3.7710    30.7936    1460.36  0.000e+00
      7.036   71.08482 -163.80274     3.7705    30.7936    1460.36  0.000e+00
      7.036   71.08482 -163.80274     3.7705    30.7938    1460.36  0.000e+00
      7.036   71.08482 -163.80274     3.7705    30.7940    1460.36  0.000e+00
      7.036   71.08482 -163.80274     3.7700    30.7941    1460.36  0.000e+00
      7.036   71.08482 -163.80274     3.7702    30.7934    1460.36  0.000e+00
      7.036   71.08482 -163.80274     3.7699    30.7937    1460.36  0.000e+00
      7.036   71.08482 -163.80274     3.7697    30.7939    1460.36  0.000e+00
      7.036   71.08482 -163.80274     3.7692    30.7944    1460.35  0.000e+00
      7.090   71.08482 -163.80274     3.7693    30.7941    1460.35  0.000e+00
      7.036   71.08482 -163.80274     3.7689    30.7942    1460.35  0.000e+00
      7.090   71.08482 -163.80274     3.7688    30.7941    1460.35  0.000e+00
      6.975   71.08482 -163.80274     3.7686    30.7944    1460.35  0.000e+00
      7.183   71.08482 -163.80274     3.7684    30.7941    1460.35  0.000e+00
      7.090   71.08482 -163.80274     3.7683    30.7942    1460.35  0.000e+00
      7.090   71.08482 -163.80274     3.7681    30.7944    1460.35  0.000e+00
      7.090   71.08482 -163.80274     3.7676    30.7944    1460.35  0.000e+00
      7.090   71.08482 -163.80274     3.7675    30.7945    1460.35  0.000e+00
      7.090   71.08482 -163.80274     3.7677    30.7941    1460.35  0.000e+00
      7.144   71.08482 -163.80274     3.7672    30.7944    1460.35  0.000e+00
      7.090   71.08482 -163.80274     3.7672    30.7944    1460.35  0.000e+00
      7.144   71.08482 -163.80274     3.7672    30.7942    1460.35  0.000e+00
      7.090   71.08482 -163.80274     3.7669    30.7944    1460.34  0.000e+00
      7.144   71.08482 -163.80274     3.7667    30.7942    1460.34  0.000e+00
      7.144   71.08482 -163.80274     3.7664    30.7951    1460.34  0.000e+00
      7.144   71.08482 -163.80274     3.7665    30.7947    1460.34  0.000e+00
      7.144   71.08482 -163.80274     3.7663    30.7947    1460.34  0.000e+00
      7.144   71.08482 -163.80274     3.7663    30.7947    1460.34  0.000e+00
      7.144   71.08482 -163.80274     3.7660    30.7948    1460.34  0.000e+00
      7.206   71.08482 -163.80274     3.7656    30.7952    1460.34  0.000e+00
      7.144   71.08482 -163.80274     3.7658    30.7947    1460.34  0.000e+00
      7.206   71.08482 -163.80274     3.7656    30.7947    1460.34  0.000e+00
      7.206   71.08482 -163.80274     3.7655    30.7949    1460.34  0.000e+00
      7.144   71.08482 -163.80274     3.7653    30.7949    1460.34  0.000e+00
      7.206   71.08482 -163.80274     3.7653    30.7948    1460.34  0.000e+00
      7.206   71.08482 -163.80274     3.7650    30.7950    1460.34  0.000e+00
      7.206   71.08482 -163.80274     3.7652    30.7949    1460.34  0.000e+00
      7.237   71.08482 -163.80274     3.7652    30.7951    1460.34  0.000e+00
      7.206   71.08482 -163.80274     3.7652    30.7948    1460.34  0.000e+00
      7.206   71.08482 -163.80274     3.7648    30.7949    1460.34  0.000e+00
      7.206   71.08482 -163.80274     3.7650    30.7950    1460.34  0.000e+00
      7.260   71.08482 -163.80274     3.7648    30.7952    1460.34  0.000e+00
      7.260   71.08482 -163.80274     3.7648    30.7950    1460.34  0.000e+00
      7.260   71.08482 -163.80274     3.7648    30.7951    1460.34  0.000e+00
      7.260   71.08482 -163.80274     3.7648    30.7947    1460.34  0.000e+00
      7.260   71.08482 -163.80274     3.7647    30.7952    1460.34  0.000e+00
      7.260   71.08482 -163.80274     3.7645    30.7951    1460.34  0.000e+00
      7.260   71.08482 -163.80274     3.7647    30.7948    1460.34  0.000e+00
      7.322   71.08482 -163.80274     3.7645    30.7948    1460.34  0.000e+00
      7.260   71.08482 -163.80274     3.7645    30.7953    1460.34  0.000e+00
      7.322   71.08482 -163.80274     3.7644    30.7954    1460.34  0.000e+00
      7.322   71.08482 -163.80274     3.7645    30.7950    1460.34  0.000e+00
      7.322   71.08482 -163.80274     3.7645    30.7951    1460.34  0.000e+00
      7.322   71.08482 -163.80274     3.7644    30.7955    1460.34  0.000e+00
      7.322   71.08482 -163.80274     3.7645    30.7952    1460.34  0.000e+00
      7.376   71.08482 -163.80274     3.7645    30.7952    1460.34  0.000e+00
      7.322   71.08482 -163.80274     3.7645    30.7952    1460.34  0.000e+00
      7.376   71.08482 -163.80274     3.7647    30.7949    1460.34  0.000e+00
      7.376   71.08482 -163.80274     3.7647    30.7952    1460.34  0.000e+00
      7.322   71.08482 -163.80274     3.7645    30.7955    1460.34  0.000e+00
      7.407   71.08482 -163.80274     3.7645    30.7952    1460.34  0.000e+00
      7.376   71.08482 -163.80274     3.7647    30.7952    1460.34  0.000e+00
      7.437   71.08482 -163.80274     3.7645    30.7951    1460.34  0.000e+00
      7.376   71.08482 -163.80274     3.7647    30.7952    1460.34  0.000e+00
      7.437   71.08482 -163.80274     3.7645    30.7954    1460.34  0.000e+00
      7.376   71.08482 -163.80274     3.7647    30.7951    1460.34  0.000e+00
      7.437   71.08482 -163.80274     3.7647    30.7947    1460.34  0.000e+00
      7.437   71.08482 -163.80274     3.7644    30.7952    1460.34  0.000e+00
      7.491   71.08482 -163.80274     3.7647    30.7950    1460.34  0.000e+00
      7.437   71.08482 -163.80274     3.7645    30.7947    1460.34  0.000e+00
      7.491   71.08482 -163.80274     3.7645    30.7948    1460.34  0.000e+00
      7.491   71.08482 -163.80274     3.7644    30.7949    1460.34  0.000e+00
      7.437   71.08482 -163.80274     3.7642    30.7949    1460.34  0.000e+00
      7.491   71.08482 -163.80274     3.7642    30.7953    1460.34  0.000e+00
      7.491   71.08482 -163.80274     3.7645    30.7977    1460.35  0.000e+00
      7.545   71.08482 -163.80274     3.7663    30.8011    1460.36  0.000e+00
      7.491   71.08482 -163.80274     3.7691    30.8020    1460.37  0.000e+00
      7.545   71.08482 -163.80274     3.7738    30.8000    1460.39  0.000e+00
      7.491   71.08482 -163.80274     3.7792    30.7977    1460.41  0.000e+00
      7.545   71.08482 -163.80274     3.7831    30.7997    1460.43  0.000e+00
      7.491   71.08482 -163.80274     3.7874    30.8001    1460.45  0.000e+00
      7.584   71.08482 -163.80274     3.7931    30.7951    1460.46  0.000e+00
      7.607   71.08482 -163.80274     3.7968    30.7904    1460.47  0.000e+00
      7.545   71.08482 -163.80274     3.7979    30.7866    1460.47  0.000e+00
      7.607   71.08482 -163.80274     3.7975    30.7864    1460.47  0.000e+00
      7.607   71.08482 -163.80274     3.7962    30.7901    1460.47  0.000e+00
      7.545   71.08482 -163.80274     3.7975    30.7920    1460.48  0.000e+00
      7.607   71.08482 -163.80274     3.8008    30.7908    1460.49  0.000e+00
      7.607   71.08482 -163.80274     3.8052    30.7870    1460.51  0.000e+00
      7.661   71.08482 -163.80274     3.8069    30.7807    1460.51  0.000e+00
      7.607   71.08482 -163.80274     3.8054    30.7749    1460.49  0.000e+00
      7.607   71.08482 -163.80274     3.8003    30.7743    1460.47  0.000e+00
      7.661   71.08482 -163.80274     3.7954    30.7766    1460.45  0.000e+00
      7.607   71.08482 -163.80274     3.7920    30.7788    1460.44  0.000e+00
      7.661   71.08482 -163.80274     3.7882    30.7812    1460.43  0.000e+00
      7.661   71.08482 -163.80274     3.7848    30.7832    1460.42  0.000e+00
      7.661   71.08482 -163.80274     3.7830    30.7829    1460.41  0.000e+00
      7.661   71.08482 -163.80274     3.7811    30.7836    1460.40  0.000e+00
      7.661   71.08482 -163.80274     3.7787    30.7851    1460.39  0.000e+00
      7.723   71.08482 -163.80274     3.7770    30.7861    1460.39  0.000e+00
      7.692   71.08482 -163.80274     3.7754    30.7873    1460.38  0.000e+00
      7.661   71.08482 -163.80274     3.7742    30.7877    1460.38  0.000e+00
      7.723   71.08482 -163.80274     3.7727    30.7885    1460.37  0.000e+00
      7.723   71.08482 -163.80274     3.7713    30.7895    1460.37  0.000e+00
      7.661   71.08482 -163.80274     3.7700    30.7907    1460.36  0.000e+00
      7.723   71.08482 -163.80274     3.7687    30.7919    1460.36  0.000e+00
      7.723   71.08482 -163.80274     3.7672    30.7928    1460.35  0.000e+00
      7.723   71.08482 -163.80274     3.7664    30.7932    1460.35  0.000e+00
      7.777   71.08482 -163.80274     3.7660    30.7938    1460.35  0.000e+00
      7.723   71.08482 -163.80274     3.7650    30.7948    1460.35  0.000e+00
      7.723   71.08482 -163.80274     3.7648    30.7945    1460.35  0.000e+00
      7.777   71.08482 -163.80274     3.7642    30.7952    1460.35  0.000e+00
      7.723   71.08482 -163.80274     3.7641    30.7950    1460.34  0.000e+00
      7.777   71.08482 -163.80274     3.7636    30.7951    1460.34  0.000e+00
      7.777   71.08482 -163.80274     3.7633    30.7951    1460.34  0.000e+00
      7.777   71.08482 -163.80274     3.7629    30.7953    1460.34  0.000e+00
      7.777   71.08482 -163.80274     3.7631    30.7954    1460.34  0.000e+00
      7.777   71.08482 -163.80274     3.7628    30.7956    1460.34  0.000e+00
      7.777   71.08482 -163.80274     3.7628    30.7953    1460.34  0.000e+00
      7.754   71.08482 -163.80274     3.7629    30.7950    1460.34  0.000e+00
      7.838   71.08482 -163.80274     3.7628    30.7954    1460.34  0.000e+00
      7.777   71.08482 -163.80274     3.7625    30.7954    1460.34  0.000e+00
      7.777   71.08482 -163.80274     3.7625    30.7955    1460.34  0.000e+00
      7.838   71.08482 -163.80274     3.7623    30.7954    1460.34  0.000e+00
      7.838   71.08482 -163.80274     3.7620    30.7959    1460.34  0.000e+00
      7.777   71.08482 -163.80274     3.7621    30.7956    1460.34  0.000e+00
      7.838   71.08482 -163.80274     3.7620    30.7957    1460.34  0.000e+00
      7.838   71.08482 -163.80274     3.7618    30.7956    1460.34  0.000e+00
      7.838   71.08482 -163.80274     3.7618    30.7959    1460.34  0.000e+00
      7.838   71.08482 -163.80274     3.7617    30.7958    1460.34  0.000e+00
      7.892   71.08482 -163.80274     3.7617    30.7961    1460.34  0.000e+00
      7.838   71.08482 -163.80274     3.7617    30.7961    1460.34  0.000e+00
      7.838   71.08482 -163.80274     3.7615    30.7963    1460.34  0.000e+00
      7.892   71.08482 -163.80274     3.7617    30.7960    1460.34  0.000e+00
      7.838   71.08482 -163.80274     3.7617    30.7962    1460.34  0.000e+00
      7.892   71.08482 -163.80274     3.7617    30.7958    1460.34  0.000e+00
      7.892   71.08482 -163.80274     3.7617    30.7958    1460.34  0.000e+00
      7.923   71.08482 -163.80274     3.7617    30.7959    1460.34  0.000e+00
      7.892   71.08482 -163.80274     3.7614    30.7963    1460.34  0.000e+00
      7.892   71.08482 -163.80274     3.7617    30.7960    1460.34  0.000e+00
      7.892   71.08482 -163.80274     3.7615    30.7959    1460.34  0.000e+00
      7.946   71.08482 -163.80274     3.7615    30.7959    1460.34  0.000e+00
      7.946   71.08482 -163.80274     3.7615    30.7963    1460.34  0.000e+00
      7.946   71.08482 -163.80274     3.7615    30.7959    1460.34  0.000e+00
      7.946   71.08482 -163.80274     3.7617    30.7959    1460.34  0.000e+00
      7.946   71.08482 -163.80274     3.7614    30.7960    1460.34  0.000e+00
      7.946   71.08482 -163.80274     3.7615    30.7956    1460.34  0.000e+00
      7.946   71.08482 -163.80274     3.7612    30.7958    1460.34  0.000e+00
      7.946   71.08482 -163.80274     3.7614    30.7957    1460.34  0.000e+00
      8.008   71.08482 -163.80274     3.7610    30.7955    1460.34  0.000e+00
      8.008   71.08482 -163.80274     3.7607    30.7957    1460.34  0.000e+00
      8.008   71.08482 -163.80274     3.7607    30.7955    1460.34  0.000e+00
      8.008   71.08482 -163.80274     3.7606    30.7958    1460.33  0.000e+00
      8.062   71.08482 -163.80274     3.7602    30.7955    1460.33  0.000e+00
      8.039   71.08482 -163.80274     3.7598    30.7961    1460.33  0.000e+00
      8.008   71.08482 -163.80274     3.7593    30.7964    1460.33  0.000e+00
      8.008   71.08482 -163.80274     3.7591    30.7960    1460.33  0.000e+00
      8.124   71.08482 -163.80274     3.7587    30.7963    1460.33  0.000e+00
      8.062   71.08482 -163.80274     3.7582    30.7968    1460.33  0.000e+00
      8.062   71.08482 -163.80274     3.7581    30.7965    1460.33  0.000e+00
      8.124   71.08482 -163.80274     3.7576    30.7965    1460.32  0.000e+00
