EcoFOCI/data/1_SampleCollection/2023_SikuliaqDBO_CruiseData/CTD_raw_BottleFile_SKQ23-12S/proc/skq202312s_018avg.cnv
* Sea-Bird SBE 9 Data File:
* FileName = D:\CTD\SKQ202312S\SKQ202312S_018.hex
* Software Version Seasave V 7.26.7.121
* Temperature SN = 6177
* Conductivity SN = 0369
* Number of Bytes Per Scan = 41
* Number of Voltage Words = 4
* Number of Scans Averaged by the Deck Unit = 1
* NMEA Latitude = 64 40.12 N
* NMEA Longitude = 168 14.25 W
* NMEA UTC (Time) = Sep 17 2023  18:54:46
* NMEA baud rate = 4800
** Ship: R/V Sikuliaq
** Station Number: 018
** Station Name: DBO2.3
** Bottom Depth: 38
** Operator: SD
# nquan = 25
# nvalues = 30                          
# units = specified
# name 0 = depSM: Depth [salt water, m]
# name 1 = latitude: Latitude [deg]
# name 2 = longitude: Longitude [deg]
# name 3 = prDM: Pressure, Digiquartz [db]
# name 4 = t090C: Temperature [ITS-90, deg C]
# name 5 = t190C: Temperature, 2 [ITS-90, deg C]
# name 6 = potemp090C: Potential Temperature [ITS-90, deg C]
# name 7 = sal00: Salinity, Practical [PSU]
# name 8 = sal11: Salinity, Practical, 2 [PSU]
# name 9 = density00: Density [density, kg/m^3]
# name 10 = sigma-é00: Density [sigma-theta, kg/m^3]
# name 11 = sbox0Mm/Kg: Oxygen, SBE 43 [umol/kg]
# name 12 = sbox1Mm/Kg: Oxygen, SBE 43, 2 [umol/kg]
# name 13 = oxsolMm/Kg: Oxygen Saturation, Garcia & Gordon [umol/kg]
# name 14 = sbeox0PS: Oxygen, SBE 43 [% saturation]
# name 15 = sbeox1PS: Oxygen, SBE 43, 2 [% saturation]
# name 16 = v0: Voltage 0
# name 17 = flECO-AFL: Fluorescence, WET Labs ECO-AFL/FL [mg/m^3]
# name 18 = v1: Voltage 1
# name 19 = CStarAt0: Beam Attenuation, WET Labs C-Star [1/m]
# name 20 = par: PAR/Irradiance, Biospherical/Licor
# name 21 = scan: Scan Count
# name 22 = timeM: Time, Elapsed [minutes]
# name 23 = nbin: number of scans per bin
# name 24 = flag: flag
# span 0 =      3.961,     32.675       
# span 1 =   64.66888,   64.66890       
# span 2 = -168.23718, -168.23715       
# span 3 =      4.000,     33.000       
# span 4 =     5.4239,     6.1983       
# span 5 =     5.3901,     6.1904       
# span 6 =     5.4214,     6.1979       
# span 7 =    31.8159,    31.8623       
# span 8 =    31.8228,    31.8779       
# span 9 =  1025.0381,  1025.2945       
# span 10 =    25.0134,    25.1416      
# span 11 =    290.521,    294.927      
# span 12 =    275.953,    280.261      
# span 13 =  306.01762,  311.52182      
# span 14 =     93.258,     95.436      
# span 15 =     88.522,     90.909      
# span 16 =     0.2899,     0.3709      
# span 17 =     1.3913,     1.8772      
# span 18 =     3.7345,     3.8635      
# span 19 =     0.7946,     0.9306      
# span 20 = 6.1255e-01, 6.2214e+01      
# span 21 =        319,       3890      
# span 22 =     0.2207,     2.7007      
# span 23 =         31,        498      
# span 24 = 0.0000e+00, 0.0000e+00      
# interval = decibars: 1                
# start_time = Sep 17 2023 18:58:23 [NMEA time, first data scan]
# bad_flag = -9.990e-29
*END*
      3.961   64.66888 -168.23715      4.000     6.1496     6.1468     6.1493    31.8163    31.8250  1025.0381    25.0196    292.032    277.835  306.36473     95.322     90.688     0.3700     1.8720     3.8604     0.7978 6.2214e+01        319     0.2207        498 0.0000e+00
      4.951   64.66889 -168.23716      5.000     6.1840     6.1772     6.1836    31.8159    31.8243  1025.0382    25.0151    292.064    277.151  306.12005     95.408     90.528     0.3644     1.8384     3.8605     0.7977 5.1636e+01        644     0.4469        133 0.0000e+00
      5.941   64.66890 -168.23716      6.000     6.1983     6.1904     6.1979    31.8160    31.8228  1025.0411    25.0134    292.051    277.705  306.01762     95.436     90.736     0.3671     1.8543     3.8617     0.7965 4.2653e+01        802     0.5561        149 0.0000e+00
      6.931   64.66890 -168.23716      7.000     6.1449     6.1442     6.1443    31.8163    31.8253  1025.0525    25.0202    292.071    277.825  306.39829     95.324     90.679     0.3697     1.8700     3.8635     0.7946 3.5367e+01        947     0.6571        137 0.0000e+00
      7.922   64.66890 -168.23716      8.000     6.1075     6.1070     6.1069    31.8163    31.8265  1025.0617    25.0248    292.416    277.832  306.66512     95.353     90.604     0.3637     1.8340     3.8618     0.7964 2.9356e+01       1090     0.7562        135 0.0000e+00
      8.912   64.66890 -168.23716      9.000     6.0795     6.0810     6.0788    31.8186    31.8270  1025.0716    25.0300    292.016    277.423  306.86076     95.162     90.416     0.3709     1.8772     3.8595     0.7988 2.4622e+01       1232     0.8550        151 0.0000e+00
      9.902   64.66890 -168.23716     10.000     6.0769     6.0763     6.0761    31.8182    31.8269  1025.0762    25.0300    292.207    277.329  306.88001     95.219     90.375     0.3658     1.8467     3.8591     0.7992 2.0643e+01       1369     0.9501        136 0.0000e+00
     10.892   64.66890 -168.23716     11.000     6.0668     6.0665     6.0659    31.8185    31.8271  1025.0823    25.0315    292.288    278.038  306.95162     95.223     90.585     0.3639     1.8355     3.8571     0.8012 1.7481e+01       1500     1.0407        132 0.0000e+00
     11.882   64.66890 -168.23716     12.000     6.0777     6.0795     6.0767    31.8176    31.8265  1025.0849    25.0295    292.291    277.542  306.87566     95.247     90.451     0.3608     1.8167     3.8608     0.7974 1.4779e+01       1625     1.1278        113 0.0000e+00
     12.872   64.66890 -168.23717     13.000     6.0683     6.0661     6.0673    31.8176    31.8270  1025.0906    25.0306    291.901    277.682  306.94290     95.099     90.469     0.3575     1.7968     3.8596     0.7986 1.2602e+01       1749     1.2139        132 0.0000e+00
     13.863   64.66888 -168.23718     14.000     6.0470     6.0492     6.0459    31.8190    31.8281  1025.0989    25.0342    292.166    278.038  307.09241     95.140     90.550     0.3546     1.7798     3.8572     0.8011 1.0719e+01       1876     1.3024        104 0.0000e+00
     14.853   64.66888 -168.23718     15.000     6.0531     6.0498     6.0519    31.8186    31.8278  1025.1026    25.0333    292.185    277.336  307.04976     95.159     90.322     0.3486     1.7437     3.8542     0.8043 9.4240e+00       1968     1.3658         58 0.0000e+00
     15.843   64.66888 -168.23718     16.000     6.0345     6.0341     6.0332    31.8191    31.8283  1025.1098    25.0359    292.381    277.492  307.18230     95.181     90.340     0.3521     1.7645     3.8533     0.8052 7.8214e+00       2038     1.4143         99 0.0000e+00
     16.833   64.66888 -168.23718     17.000     6.0273     6.0297     6.0259    31.8190    31.8282  1025.1152    25.0367    292.076    278.368  307.23442     95.066     90.616     0.3427     1.7082     3.8543     0.8041 7.0223e+00       2115     1.4679         45 0.0000e+00
     17.823   64.66888 -168.23718     18.000     6.0198     6.0239     6.0184    31.8192    31.8283  1025.1210    25.0378    292.348    278.834  307.28718     95.138     90.755     0.3460     1.7283     3.8531     0.8054 5.7543e+00       2172     1.5080         85 0.0000e+00
     18.813   64.66888 -168.23718     19.000     6.0182     6.0196     6.0167    31.8194    31.8283  1025.1259    25.0381    292.116    277.501  307.29811     95.059     90.313     0.3508     1.7571     3.8526     0.8059 5.2153e+00       2246     1.5588         42 0.0000e+00
     19.803   64.66888 -168.23718     20.000     6.0194     6.0221     6.0178    31.8187    31.8281  1025.1298    25.0374    292.275    277.443  307.29170     95.113     90.299     0.3346     1.6598     3.8487     0.8100 4.3673e+00       2279     1.5819         35 0.0000e+00
     20.794   64.66888 -168.23718     21.000     5.9773     5.9712     5.9756    31.8180    31.8284  1025.1390    25.0420    292.424    277.480  307.59584     95.068     90.203     0.3576     1.7972     3.8524     0.8061 3.6454e+00       2340     1.6245         81 0.0000e+00
     21.784   64.66888 -168.23718     22.000     5.8871     5.8954     5.8854    31.8214    31.8304  1025.1572    25.0554    293.513    279.523  308.23743     95.223     90.708     0.3477     1.7381     3.8488     0.8098 3.3386e+00       2400     1.6663         36 0.0000e+00
     22.774   64.66888 -168.23718     23.000     5.9168     5.9251     5.9150    31.8208    31.8293  1025.1577    25.0514    292.348    279.952  308.02507     94.910     90.909     0.3328     1.6486     3.8454     0.8134 2.7815e+00       2434     1.6894         34 0.0000e+00
     23.764   64.66888 -168.23718     24.000     5.9576     5.9675     5.9556    31.8185    31.8273  1025.1557    25.0448    293.361    279.451  307.73632     95.329     90.836     0.3554     1.7844     3.8530     0.8055 2.3294e+00       2496     1.7327         90 0.0000e+00
     24.754   64.66888 -168.23718     25.000     5.8855     5.8952     5.8835    31.8220    31.8299  1025.1717    25.0561    292.804    279.310  308.24863     94.990     90.638     0.3531     1.7704     3.8564     0.8020 2.1014e+00       2561     1.7775         31 0.0000e+00
     25.744   64.66888 -168.23718     26.000     5.9318     5.9340     5.9298    31.8183    31.8278  1025.1679    25.0477    292.571    278.453  307.92235     95.015     90.441     0.3335     1.6529     3.8521     0.8064 1.7588e+00       2589     1.7975         32 0.0000e+00
     26.734   64.66888 -168.23718     27.000     5.9268     5.9214     5.9247    31.8194    31.8286  1025.1740    25.0491    293.430    279.163  307.95565     95.283     90.645     0.3548     1.7808     3.8536     0.8049 1.4943e+00       2656     1.8435         98 0.0000e+00
     27.724   64.66888 -168.23718     28.000     5.8555     5.8632     5.8533    31.8192    31.8290  1025.1869    25.0574    294.281    279.708  308.47221     95.399     90.698     0.3499     1.7516     3.8507     0.8079 1.2997e+00       2731     1.8956         57 0.0000e+00
     28.715   64.66888 -168.23718     29.000     6.0357     6.0392     6.0334    31.8178    31.8251  1025.1689    25.0349    291.663    278.165  307.17488     94.951     90.569     0.3667     1.8523     3.8576     0.8006 1.0242e+00       3435     2.3850        312 0.0000e+00
     29.704   64.66888 -168.23718     30.000     5.9182     5.8823     5.9158    31.8234    31.8315  1025.1920    25.0533    292.341    278.533  308.00958     94.913     90.359     0.3676     1.8576     3.8563     0.8021 9.2294e-01       3548     2.4631        112 0.0000e+00
     30.695   64.66888 -168.23718     31.000     5.7438     5.7518     5.7414    31.8240    31.8331  1025.2179    25.0744    294.271    279.777  309.26949     95.150     90.487     0.3516     1.7619     3.8515     0.8070 8.0878e-01       3642     2.5283         40 0.0000e+00
     31.685   64.66888 -168.23718     32.000     5.5550     5.5756     5.5525    31.8481    31.8569  1025.2636    25.1154    294.927    280.261  310.59218     94.956     90.284     0.3266     1.6117     3.8222     0.8378 6.9496e-01       3693     2.5642         72 0.0000e+00
     32.675   64.66888 -168.23718     33.000     5.4239     5.3901     5.4214    31.8623    31.8779  1025.2945    25.1416    290.521    275.953  311.52182     93.258     88.522     0.2899     1.3913     3.7345     0.9306 6.1255e-01       3890     2.7007        329 0.0000e+00
