EcoFOCI/data/1_SampleCollection/2023_SikuliaqDBO_CruiseData/CTD_raw_BottleFile_SKQ23-12S/proc/skq202312s_027.cnv
* Sea-Bird SBE 9 Data File:
* FileName = D:\CTD\SKQ202312S\SKQ202312S_027.hex
* Software Version Seasave V 7.26.7.121
* Temperature SN = 6177
* Conductivity SN = 0369
* Number of Bytes Per Scan = 41
* Number of Voltage Words = 4
* Number of Scans Averaged by the Deck Unit = 1
* NMEA Latitude = 71 19.80 N
* NMEA Longitude = 157 19.91 W
* NMEA UTC (Time) = Sep 21 2023  01:08:33
* NMEA baud rate = 4800
** Ship: R/V Sikuliaq
** Station Number: 027
** Station Name: DBO5.3
** Bottom Depth: 91
** Operator: SD
# nquan = 24
# nvalues = 6715                                  
# units = specified
# name 0 = depSM: Depth [salt water, m]
# name 1 = latitude: Latitude [deg]
# name 2 = longitude: Longitude [deg]
# name 3 = prDM: Pressure, Digiquartz [db]
# name 4 = t090C: Temperature [ITS-90, deg C]
# name 5 = t190C: Temperature, 2 [ITS-90, deg C]
# name 6 = potemp090C: Potential Temperature [ITS-90, deg C]
# name 7 = sal00: Salinity, Practical [PSU]
# name 8 = sal11: Salinity, Practical, 2 [PSU]
# name 9 = density00: Density [density, kg/m^3]
# name 10 = sigma-é00: Density [sigma-theta, kg/m^3]
# name 11 = sbox0Mm/Kg: Oxygen, SBE 43 [umol/kg]
# name 12 = sbox1Mm/Kg: Oxygen, SBE 43, 2 [umol/kg]
# name 13 = oxsolMm/Kg: Oxygen Saturation, Garcia & Gordon [umol/kg]
# name 14 = sbeox0PS: Oxygen, SBE 43 [% saturation]
# name 15 = sbeox1PS: Oxygen, SBE 43, 2 [% saturation]
# name 16 = v0: Voltage 0
# name 17 = flECO-AFL: Fluorescence, WET Labs ECO-AFL/FL [mg/m^3]
# name 18 = v1: Voltage 1
# name 19 = CStarAt0: Beam Attenuation, WET Labs C-Star [1/m]
# name 20 = par: PAR/Irradiance, Biospherical/Licor
# name 21 = scan: Scan Count
# name 22 = timeM: Time, Elapsed [minutes]
# name 23 = flag:  0.000e+00
# span 0 =      2.076,     85.515                 
# span 1 =   71.32992,   71.33000                 
# span 2 = -157.33170, -157.33124                 
# span 3 =      2.097,     86.414                 
# span 4 =    -1.2074,     4.8666                 
# span 5 =    -1.2150,     4.8681                 
# span 6 =    -1.2092,     4.8664                 
# span 7 =    30.1071,    32.4541                 
# span 8 =    30.1299,    32.4766                 
# span 9 =  1023.8266,  1026.5111                 
# span 10 =    23.8131,    26.0963                
# span 11 =    300.320,    339.718                
# span 12 =    284.736,    318.170                
# span 13 =  319.35409,  366.48556                
# span 14 =     85.598,     98.928                
# span 15 =     81.128,     93.124                
# span 16 =     0.0684,     0.2381                
# span 17 =     0.0623,     1.0806                
# span 18 =     3.5433,     4.2479                
# span 19 =     0.4151,     1.1407                
# span 20 = 1.0000e-12, 1.1044e+02                
# span 21 =          1,       6715                
# span 22 =     0.0000,     4.6625                
# span 23 = 0.0000e+00, 0.0000e+00                
# interval = seconds: 0.0416667
# start_time = Sep 21 2023 01:12:36 [NMEA time, first data scan]
# bad_flag = -9.990e-29
*END*
[from data line 4106]
     60.030   71.32996 -157.33150     60.657    -0.4080    -0.4066    -0.4097    32.2810    32.3064  1026.2198    25.9290    316.290    302.955  359.24034     88.044     84.352     0.1013     0.2601     3.7497     0.9142 1.0000e-12       4107     2.8514  0.000e+00
     60.091   71.32996 -157.33150     60.720    -0.4081    -0.4067    -0.4098    32.2809    32.3064  1026.2201    25.9289    316.284    302.959  359.24165     88.042     84.353     0.0989     0.2454     3.7497     0.9142 1.0000e-12       4108     2.8521  0.000e+00
     60.091   71.32996 -157.33150     60.720    -0.4080    -0.4067    -0.4097    32.2808    32.3060  1026.2199    25.9288    316.278    302.739  359.24104     88.040     84.292     0.1013     0.2601     3.7497     0.9142 1.0000e-12       4109     2.8528  0.000e+00
     60.091   71.32996 -157.33150     60.720    -0.4081    -0.4068    -0.4098    32.2809    32.3063  1026.2200    25.9289    316.181    302.714  359.24177     88.013     84.284     0.1001     0.2527     3.7497     0.9142 1.0000e-12       4110     2.8535  0.000e+00
     60.145   71.32996 -157.33150     60.774    -0.4082    -0.4070    -0.4099    32.2807    32.3066  1026.2201    25.9287    316.182    302.694  359.24294     88.014     84.278     0.1001     0.2527     3.7497     0.9142 8.4714e-06       4111     2.8542  0.000e+00
     60.207   71.32996 -157.33150     60.837    -0.4085    -0.4072    -0.4102    32.2811    32.3064  1026.2208    25.9291    316.189    302.677  359.24441     88.015     84.273     0.0989     0.2454     3.7497     0.9142 1.0000e-12       4112     2.8549  0.000e+00
     60.199   71.32996 -157.33150     60.829    -0.4084    -0.4072    -0.4100    32.2811    32.3061  1026.2207    25.9290    316.193    302.659  359.24342     88.016     84.268     0.1001     0.2527     3.7497     0.9142 1.0000e-12       4113     2.8556  0.000e+00
     60.207   71.32996 -157.33150     60.837    -0.4085    -0.4076    -0.4102    32.2806    32.3062  1026.2203    25.9286    316.205    302.647  359.24594     88.019     84.264     0.1013     0.2601     3.7497     0.9142 1.0000e-12       4114     2.8563  0.000e+00
     60.261   71.32996 -157.33150     60.891    -0.4094    -0.4084    -0.4111    32.2798    32.3064  1026.2200    25.9280    316.232    302.642  359.25726     88.024     84.261     0.1001     0.2527     3.7497     0.9142 1.0000e-12       4115     2.8569  0.000e+00
     60.261   71.32996 -157.33150     60.891    -0.4109    -0.4096    -0.4126    32.2800    32.3068  1026.2202    25.9283    316.263    302.642  359.27060     88.029     84.258     0.1001     0.2527     3.7497     0.9142 1.0000e-12       4116     2.8576  0.000e+00
     60.323   71.32996 -157.33150     60.954    -0.4120    -0.4102    -0.4137    32.2802    32.3064  1026.2208    25.9285    316.297    302.642  359.28018     88.036     84.257     0.1001     0.2527     3.7497     0.9142 1.0000e-12       4117     2.8583  0.000e+00
     60.323   71.32996 -157.33150     60.954    -0.4128    -0.4107    -0.4145    32.2806    32.3067  1026.2211    25.9288    316.280    302.418  359.28663     88.030     84.194     0.1001     0.2527     3.7460     0.9181 1.0000e-12       4118     2.8590  0.000e+00
     60.369   71.32996 -157.33150     61.000    -0.4134    -0.4105    -0.4151    32.2809    32.3065  1026.2216    25.9291    316.314    302.608  359.29158     88.038     84.247     0.1001     0.2527     3.7411     0.9234 1.0000e-12       4119     2.8597  0.000e+00
     60.323   71.32996 -157.33150     60.953    -0.4137    -0.4104    -0.4154    32.2810    32.3065  1026.2214    25.9292    316.298    302.383  359.29417     88.033     84.185     0.1001     0.2527     3.7387     0.9260 1.0000e-12       4120     2.8604  0.000e+00
     60.438   71.32996 -157.33150     61.070    -0.4140    -0.4109    -0.4157    32.2816    32.3071  1026.2226    25.9297    316.586    302.365  359.29550     88.113     84.179     0.1013     0.2601     3.7387     0.9260 1.0000e-12       4121     2.8611  0.000e+00
     60.377   71.32996 -157.33150     61.008    -0.4142    -0.4110    -0.4159    32.2818    32.3065  1026.2224    25.9298    316.464    302.343  359.29674     88.079     84.172     0.1001     0.2527     3.7387     0.9260 8.4714e-06       4122     2.8618  0.000e+00
     60.438   71.32996 -157.33150     61.070    -0.4142    -0.4116    -0.4159    32.2819    32.3069  1026.2228    25.9299    316.458    302.332  359.29637     88.077     84.168     0.1001     0.2527     3.7399     0.9247 1.0000e-12       4123     2.8625  0.000e+00
     60.492   71.32996 -157.33150     61.125    -0.4140    -0.4121    -0.4157    32.2815    32.3071  1026.2227    25.9296    316.454    302.323  359.29583     88.076     84.164     0.1001     0.2527     3.7399     0.9247 1.0000e-12       4124     2.8632  0.000e+00
     60.438   71.32996 -157.33150     61.070    -0.4142    -0.4122    -0.4159    32.2823    32.3072  1026.2231    25.9303    315.949    302.311  359.29518     87.936     84.161     0.1001     0.2527     3.7387     0.9260 1.0000e-12       4125     2.8639  0.000e+00
     60.546   71.32996 -157.33150     61.180    -0.4139    -0.4124    -0.4155    32.2819    32.3070  1026.2233    25.9299    316.360    302.531  359.29316     88.051     84.221     0.1001     0.2527     3.7387     0.9260 1.0000e-12       4126     2.8646  0.000e+00
     60.492   71.32996 -157.33150     61.125    -0.4136    -0.4124    -0.4153    32.2816    32.3072  1026.2228    25.9297    316.360    302.553  359.29135     88.051     84.228     0.1001     0.2527     3.7399     0.9247 1.0000e-12       4127     2.8653  0.000e+00
     60.554   71.32996 -157.33150     61.187    -0.4142    -0.4124    -0.4159    32.2815    32.3075  1026.2230    25.9297    316.422    302.582  359.29739     88.067     84.236     0.1050     0.2820     3.7399     0.9247 1.0000e-12       4128     2.8660  0.000e+00
     60.554   71.32996 -157.33150     61.187    -0.4143    -0.4119    -0.4160    32.2812    32.3067  1026.2228    25.9294    316.434    302.388  359.29943     88.070     84.183     0.1062     0.2894     3.7399     0.9247 1.0000e-12       4129     2.8667  0.000e+00
     60.608   71.32996 -157.33150     61.242    -0.4145    -0.4124    -0.4162    32.2813    32.3069  1026.2231    25.9295    316.449    302.398  359.30074     88.073     84.184     0.1074     0.2967     3.7399     0.9247 1.0000e-12       4130     2.8674  0.000e+00
     60.608   71.32996 -157.33150     61.242    -0.4146    -0.4127    -0.4163    32.2812    32.3070  1026.2231    25.9294    316.464    302.408  359.30255     88.077     84.187     0.1062     0.2894     3.7399     0.9247 1.0000e-12       4131     2.8681  0.000e+00
     60.546   71.32996 -157.33150     61.180    -0.4148    -0.4133    -0.4164    32.2816    32.3068  1026.2230    25.9297    316.477    302.392  359.30271     88.081     84.181     0.1074     0.2967     3.7387     0.9260 1.0000e-12       4132     2.8687  0.000e+00
     60.662   71.32996 -157.33150     61.296    -0.4151    -0.4148    -0.4168    32.2813    32.3076  1026.2234    25.9295    316.503    302.391  359.30665     88.087     84.178     0.1062     0.2894     3.7399     0.9247 1.0000e-12       4133     2.8694  0.000e+00
     60.662   71.32996 -157.33150     61.296    -0.4155    -0.4150    -0.4172    32.2807    32.3074  1026.2229    25.9290    316.528    302.409  359.31267     88.093     84.182     0.1062     0.2894     3.7399     0.9247 1.0000e-12       4134     2.8701  0.000e+00
     60.662   71.32996 -157.33150     61.296    -0.4162    -0.4160    -0.4179    32.2817    32.3076  1026.2238    25.9299    316.552    302.438  359.31565     88.099     84.188     0.1050     0.2820     3.7387     0.9260 1.0000e-12       4135     2.8708  0.000e+00
     60.724   71.32996 -157.33150     61.359    -0.4165    -0.4168    -0.4182    32.2820    32.3076  1026.2243    25.9301    316.580    302.471  359.31771     88.106     84.195     0.1062     0.2894     3.7387     0.9260 1.0000e-12       4136     2.8715  0.000e+00
     60.662   71.32996 -157.33150     61.296    -0.4162    -0.4171    -0.4179    32.2816    32.3074  1026.2237    25.9298    316.553    302.499  359.31588     88.099     84.203     0.1074     0.2967     3.7387     0.9260 1.0000e-12       4137     2.8722  0.000e+00
     60.716   71.32996 -157.33150     61.351    -0.4160    -0.4178    -0.4177    32.2819    32.3072  1026.2242    25.9300    316.578    302.730  359.31369     88.106     84.265     0.1062     0.2894     3.7387     0.9260 1.0000e-12       4138     2.8729  0.000e+00
     60.724   71.32996 -157.33150     61.359    -0.4160    -0.4188    -0.4177    32.2818    32.3071  1026.2241    25.9299    316.605    302.770  359.31394     88.114     84.274     0.1074     0.2967     3.7399     0.9247 8.4714e-06       4139     2.8736  0.000e+00
     60.778   71.32996 -157.33150     61.413    -0.4160    -0.4199    -0.4177    32.2819    32.3076  1026.2245    25.9300    316.636    302.845  359.31355     88.122     84.293     0.1062     0.2894     3.7411     0.9234 1.0000e-12       4140     2.8743  0.000e+00
     60.778   71.32996 -157.33150     61.413    -0.4160    -0.4210    -0.4177    32.2817    32.3082  1026.2244    25.9299    316.418    302.888  359.31403     88.062     84.303     0.1062     0.2894     3.7399     0.9247 1.0000e-12       4141     2.8750  0.000e+00
     60.778   71.32996 -157.33150     61.413    -0.4160    -0.4216    -0.4177    32.2814    32.3081  1026.2241    25.9296    316.407    302.930  359.31485     88.058     84.313     0.1050     0.2820     3.7399     0.9247 1.0000e-12       4142     2.8757  0.000e+00
     60.778   71.32996 -157.33150     61.413    -0.4160    -0.4220    -0.4177    32.2814    32.3088  1026.2241    25.9296    316.399    302.969  359.31497     88.056     84.323     0.1062     0.2894     3.7399     0.9247 1.0000e-12       4143     2.8764  0.000e+00
     60.832   71.32996 -157.33150     61.468    -0.4166    -0.4225    -0.4183    32.2803    32.3082  1026.2235    25.9287    316.608    302.795  359.32396     88.112     84.273     0.1074     0.2967     3.7399     0.9247 1.0000e-12       4144     2.8771  0.000e+00
     60.839   71.32996 -157.33150     61.476    -0.4177    -0.4229    -0.4194    32.2796    32.3085  1026.2230    25.9282    316.413    302.809  359.33617     88.055     84.277     0.1062     0.2894     3.7399     0.9247 1.0000e-12       4145     2.8778  0.000e+00
     60.839   71.32996 -157.33150     61.476    -0.4195    -0.4231    -0.4212    32.2808    32.3085  1026.2241    25.9293    316.677    302.824  359.34984     88.125     84.280     0.1074     0.2967     3.7399     0.9247 1.0000e-12       4146     2.8785  0.000e+00
     60.839   71.32996 -157.33150     61.476    -0.4206    -0.4236    -0.4223    32.2823    32.3092  1026.2253    25.9305    316.483    302.843  359.35661     88.069     84.285     0.1062     0.2894     3.7399     0.9247 1.0000e-12       4147     2.8792  0.000e+00
     60.893   71.32996 -157.33150     61.530    -0.4210    -0.4237    -0.4227    32.2829    32.3090  1026.2261    25.9310    316.493    303.087  359.35856     88.072     84.352     0.1074     0.2967     3.7399     0.9247 1.0000e-12       4148     2.8799  0.000e+00
     60.778   71.32996 -157.33150     61.413    -0.4206    -0.4237    -0.4223    32.2830    32.3094  1026.2256    25.9311    316.494    303.131  359.35449     88.073     84.365     0.1050     0.2820     3.7399     0.9247 1.0000e-12       4149     2.8806  0.000e+00
     61.001   71.32996 -157.33150     61.639    -0.4206    -0.4243    -0.4223    32.2832    32.3094  1026.2268    25.9312    316.468    303.196  359.35343     88.066     84.382     0.1074     0.2967     3.7399     0.9247 1.0000e-12       4150     2.8813  0.000e+00
     60.893   71.32996 -157.33150     61.530    -0.4200    -0.4248    -0.4217    32.2825    32.3096  1026.2257    25.9306    316.676    303.027  359.35004     88.125     84.334     0.1074     0.2967     3.7399     0.9247 1.0000e-12       4151     2.8819  0.000e+00
     60.955   71.32996 -157.33150     61.593    -0.4198    -0.4251    -0.4215    32.2822    32.3093  1026.2258    25.9304    316.739    303.027  359.34916     88.142     84.333     0.1062     0.2894     3.7399     0.9247 1.0000e-12       4152     2.8826  0.000e+00
     60.893   71.32996 -157.33150     61.530    -0.4200    -0.4252    -0.4217    32.2820    32.3088  1026.2253    25.9302    316.552    303.022  359.35098     88.090     84.331     0.1026     0.2674     3.7399     0.9247 1.0000e-12       4153     2.8833  0.000e+00
     60.955   71.32996 -157.33148     61.593    -0.4205    -0.4251    -0.4222    32.2819    32.3091  1026.2255    25.9302    316.533    303.018  359.35605     88.083     84.330     0.0891     0.1868     3.7399     0.9247 1.0000e-12       4154     2.8840  0.000e+00
     61.001   71.32996 -157.33148     61.639    -0.4209    -0.4249    -0.4226    32.2820    32.3093  1026.2258    25.9303    316.515    303.016  359.36013     88.077     84.330     0.0855     0.1648     3.7399     0.9247 1.0000e-12       4155     2.8847  0.000e+00
     61.009   71.32996 -157.33148     61.647    -0.4213    -0.4248    -0.4230    32.2825    32.3090  1026.2263    25.9307    316.494    303.045  359.36188     88.071     84.338     0.0855     0.1648     3.7399     0.9247 1.0000e-12       4156     2.8854  0.000e+00
     61.009   71.32996 -157.33148     61.647    -0.4219    -0.4254    -0.4236    32.2826    32.3095  1026.2264    25.9308    316.479    303.082  359.36747     88.065     84.348     0.0867     0.1721     3.7399     0.9247 8.4714e-06       4157     2.8861  0.000e+00
     61.009   71.32996 -157.33148     61.647    -0.4220    -0.4262    -0.4237    32.2818    32.3097  1026.2258    25.9302    316.463    303.093  359.37069     88.060     84.349     0.0855     0.1648     3.7399     0.9247 1.0000e-12       4158     2.8868  0.000e+00
     61.009   71.32996 -157.33148     61.647    -0.4231    -0.4267    -0.4248    32.2819    32.3098  1026.2259    25.9303    316.207    303.102  359.38113     87.986     84.350     0.0867     0.1721     3.7485     0.9155 1.0000e-12       4159     2.8875  0.000e+00
     61.009   71.32996 -157.33148     61.647    -0.4240    -0.4272    -0.4257    32.2823    32.3100  1026.2263    25.9307    316.653    303.112  359.38807     88.109     84.352     0.0879     0.1795     3.7534     0.9103 1.0000e-12       4160     2.8882  0.000e+00
     61.063   71.32996 -157.33148     61.702    -0.4244    -0.4278    -0.4261    32.2825    32.3100  1026.2267    25.9308    316.442    303.128  359.39145     88.049     84.355     0.0855     0.1648     3.7534     0.9103 1.0000e-12       4161     2.8889  0.000e+00
     61.063   71.32996 -157.33148     61.702    -0.4249    -0.4278    -0.4266    32.2836    32.3094  1026.2276    25.9317    316.433    303.359  359.39310     88.046     84.419     0.0879     0.1795     3.7534     0.9103 1.0000e-12       4162     2.8896  0.000e+00
     61.063   71.32996 -157.33148     61.702    -0.4248    -0.4280    -0.4265    32.2838    32.3096  1026.2277    25.9319    316.672    303.398  359.39214     88.113     84.430     0.0867     0.1721     3.7534     0.9103 1.0000e-12       4163     2.8903  0.000e+00
     61.125   71.32996 -157.33148     61.764    -0.4245    -0.4281    -0.4262    32.2834    32.3096  1026.2277    25.9315    316.708    303.220  359.39003     88.124     84.380     0.0867     0.1721     3.7534     0.9103 1.0000e-12       4164     2.8910  0.000e+00
     61.125   71.32996 -157.33148     61.764    -0.4247    -0.4283    -0.4264    32.2830    32.3097  1026.2274    25.9312    316.499    303.231  359.39328     88.065     84.383     0.0855     0.1648     3.7534     0.9103 1.0000e-12       4165     2.8917  0.000e+00
     61.125   71.32996 -157.33148     61.764    -0.4253    -0.4283    -0.4270    32.2821    32.3094  1026.2267    25.9305    316.499    303.464  359.40123     88.063     84.447     0.0867     0.1721     3.7534     0.9103 1.0000e-12       4166     2.8924  0.000e+00
