EcoFOCI/data/1_SampleCollection/2023_SikuliaqDBO_CruiseData/CTD_raw_BottleFile_SKQ23-12S/proc/skq202312s_047svp.cnv
* Sea-Bird SBE 9 Data File:
* FileName = D:\CTD\SKQ202312S\SKQ202312S_047.hex
* Software Version Seasave V 7.26.7.121
* Temperature SN = 6177
* Conductivity SN = 0369
* Number of Bytes Per Scan = 41
* Number of Voltage Words = 4
* Number of Scans Averaged by the Deck Unit = 1
* NMEA Latitude = 71 43.16 N
* NMEA Longitude = 161 46.33 W
* NMEA UTC (Time) = Sep 25 2023  03:05:57
* NMEA baud rate = 4800
** Ship: R/V Sikuliaq
** Station Number: 047
** Station Name: DBO4.5n
** Bottom Depth: 44
** Operator: SS
# nquan = 7
# nvalues = 4426                                  
# units = specified
# name 0 = depSM: Depth [salt water, m]
# name 1 = latitude: Latitude [deg]
# name 2 = longitude: Longitude [deg]
# name 3 = t090C: Temperature [ITS-90, deg C]
# name 4 = sal00: Salinity, Practical [PSU]
# name 5 = svCM: Sound Velocity [Chen-Millero, m/s]
# name 6 = flag:  0.000e+00
# span 0 =      2.553,     37.926                 
# span 1 =   71.71928,   71.71930                 
# span 2 = -161.77234, -161.77228                 
# span 3 =    -0.7205,     2.3194                 
# span 4 =    27.6069,    32.6544                 
# span 5 =    1442.65,    1450.97                 
# span 6 = 0.0000e+00, 0.0000e+00                 
# interval = seconds: 0.0416667
# start_time = Sep 25 2023 03:09:44 [NMEA time, first data scan]
# bad_flag = -9.990e-29
*END*
[from data line 2052]
     14.211   71.71930 -161.77232     1.3870    30.6474    1449.89  0.000e+00
     14.211   71.71930 -161.77232     1.3812    30.6499    1449.86  0.000e+00
     14.265   71.71930 -161.77232     1.3758    30.6524    1449.84  0.000e+00
     14.180   71.71930 -161.77232     1.3711    30.6526    1449.82  0.000e+00
     14.265   71.71930 -161.77232     1.3663    30.6538    1449.80  0.000e+00
     14.265   71.71930 -161.77232     1.3612    30.6572    1449.78  0.000e+00
     14.265   71.71930 -161.77232     1.3566    30.6597    1449.77  0.000e+00
     14.326   71.71930 -161.77232     1.3522    30.6619    1449.75  0.000e+00
     14.295   71.71930 -161.77232     1.3485    30.6637    1449.74  0.000e+00
     14.326   71.71930 -161.77232     1.3448    30.6647    1449.72  0.000e+00
     14.326   71.71930 -161.77232     1.3400    30.6661    1449.70  0.000e+00
     14.326   71.71930 -161.77232     1.3353    30.6680    1449.68  0.000e+00
     14.380   71.71930 -161.77232     1.3293    30.6712    1449.66  0.000e+00
     14.349   71.71930 -161.77232     1.3234    30.6736    1449.64  0.000e+00
     14.380   71.71930 -161.77232     1.3172    30.6768    1449.61  0.000e+00
     14.380   71.71930 -161.77232     1.3108    30.6809    1449.59  0.000e+00
     14.380   71.71930 -161.77232     1.3055    30.6830    1449.57  0.000e+00
     14.434   71.71930 -161.77232     1.2992    30.6854    1449.54  0.000e+00
     14.403   71.71930 -161.77232     1.2929    30.6894    1449.52  0.000e+00
     14.434   71.71930 -161.77232     1.2867    30.6935    1449.50  0.000e+00
     14.434   71.71930 -161.77232     1.2809    30.6957    1449.48  0.000e+00
     14.496   71.71930 -161.77232     1.2740    30.6990    1449.45  0.000e+00
     14.434   71.71930 -161.77232     1.2666    30.7043    1449.42  0.000e+00
     14.519   71.71930 -161.77232     1.2600    30.7075    1449.40  0.000e+00
     14.496   71.71930 -161.77232     1.2519    30.7119    1449.37  0.000e+00
     14.496   71.71930 -161.77232     1.2412    30.7207    1449.33  0.000e+00
     14.496   71.71930 -161.77232     1.2325    30.7281    1449.30  0.000e+00
     14.550   71.71930 -161.77232     1.2258    30.7322    1449.28  0.000e+00
     14.581   71.71930 -161.77232     1.2184    30.7360    1449.25  0.000e+00
     14.550   71.71930 -161.77232     1.2116    30.7393    1449.22  0.000e+00
     14.550   71.71930 -161.77232     1.2051    30.7435    1449.20  0.000e+00
     14.611   71.71930 -161.77232     1.1984    30.7482    1449.18  0.000e+00
     14.611   71.71930 -161.77232     1.1908    30.7521    1449.15  0.000e+00
     14.580   71.71930 -161.77232     1.1836    30.7553    1449.12  0.000e+00
     14.611   71.71930 -161.77232     1.1768    30.7599    1449.09  0.000e+00
     14.665   71.71930 -161.77232     1.1695    30.7644    1449.07  0.000e+00
     14.611   71.71930 -161.77232     1.1625    30.7673    1449.04  0.000e+00
     14.696   71.71930 -161.77232     1.1569    30.7679    1449.02  0.000e+00
     14.665   71.71930 -161.77232     1.1507    30.7690    1448.99  0.000e+00
     14.665   71.71930 -161.77232     1.1423    30.7737    1448.96  0.000e+00
     14.665   71.71930 -161.77232     1.1342    30.7788    1448.93  0.000e+00
     14.727   71.71930 -161.77232     1.1269    30.7817    1448.90  0.000e+00
     14.696   71.71930 -161.77232     1.1201    30.7831    1448.87  0.000e+00
     14.727   71.71930 -161.77232     1.1122    30.7853    1448.84  0.000e+00
     14.781   71.71930 -161.77232     1.1040    30.7899    1448.81  0.000e+00
     14.727   71.71930 -161.77232     1.0967    30.7920    1448.78  0.000e+00
     14.781   71.71930 -161.77232     1.0888    30.7922    1448.74  0.000e+00
     14.750   71.71930 -161.77232     1.0793    30.7944    1448.70  0.000e+00
     14.781   71.71930 -161.77232     1.0692    30.7992    1448.66  0.000e+00
     14.835   71.71930 -161.77232     1.0568    30.8072    1448.62  0.000e+00
     14.781   71.71930 -161.77232     1.0442    30.8161    1448.57  0.000e+00
     14.835   71.71930 -161.77232     1.0332    30.8236    1448.53  0.000e+00
     14.804   71.71930 -161.77232     1.0239    30.8285    1448.50  0.000e+00
     14.835   71.71930 -161.77232     1.0123    30.8343    1448.45  0.000e+00
     14.896   71.71930 -161.77232     1.0002    30.8429    1448.41  0.000e+00
     14.835   71.71930 -161.77232     0.9910    30.8498    1448.38  0.000e+00
     14.865   71.71930 -161.77232     0.9843    30.8530    1448.35  0.000e+00
     14.896   71.71930 -161.77232     0.9763    30.8556    1448.32  0.000e+00
     14.896   71.71930 -161.77232     0.9671    30.8608    1448.28  0.000e+00
     14.896   71.71930 -161.77232     0.9574    30.8665    1448.25  0.000e+00
     14.950   71.71930 -161.77232     0.9485    30.8742    1448.22  0.000e+00
     14.981   71.71930 -161.77232     0.9414    30.8802    1448.19  0.000e+00
     14.950   71.71930 -161.77232     0.9334    30.8857    1448.16  0.000e+00
     14.950   71.71930 -161.77232     0.9239    30.8918    1448.13  0.000e+00
     15.012   71.71930 -161.77232     0.9120    30.9010    1448.09  0.000e+00
     15.012   71.71930 -161.77232     0.9030    30.9085    1448.06  0.000e+00
     14.981   71.71930 -161.77232     0.8961    30.9145    1448.03  0.000e+00
     15.012   71.71930 -161.77232     0.8868    30.9216    1448.00  0.000e+00
     15.012   71.71930 -161.77232     0.8752    30.9315    1447.96  0.000e+00
     15.066   71.71930 -161.77232     0.8651    30.9402    1447.93  0.000e+00
     15.035   71.71930 -161.77232     0.8584    30.9458    1447.90  0.000e+00
     15.066   71.71930 -161.77232     0.8508    30.9502    1447.88  0.000e+00
     15.066   71.71930 -161.77232     0.8396    30.9593    1447.84  0.000e+00
     15.127   71.71930 -161.77232     0.8289    30.9684    1447.80  0.000e+00
     15.066   71.71930 -161.77232     0.8183    30.9784    1447.77  0.000e+00
     15.150   71.71930 -161.77232     0.8105    30.9849    1447.74  0.000e+00
     15.127   71.71930 -161.77232     0.8023    30.9896    1447.71  0.000e+00
     15.127   71.71930 -161.77232     0.7919    30.9983    1447.67  0.000e+00
     15.127   71.71930 -161.77232     0.7833    31.0055    1447.64  0.000e+00
     15.181   71.71930 -161.77232     0.7782    31.0095    1447.63  0.000e+00
     15.150   71.71930 -161.77232     0.7716    31.0124    1447.60  0.000e+00
     15.181   71.71930 -161.77232     0.7623    31.0198    1447.57  0.000e+00
     15.127   71.71930 -161.77232     0.7537    31.0285    1447.54  0.000e+00
     15.297   71.71930 -161.77232     0.7478    31.0332    1447.52  0.000e+00
     15.204   71.71930 -161.77232     0.7434    31.0358    1447.50  0.000e+00
     15.235   71.71930 -161.77232     0.7394    31.0367    1447.49  0.000e+00
     15.235   71.71930 -161.77232     0.7331    31.0400    1447.46  0.000e+00
     15.297   71.71930 -161.77232     0.7268    31.0444    1447.44  0.000e+00
     15.235   71.71930 -161.77232     0.7208    31.0479    1447.42  0.000e+00
     15.320   71.71930 -161.77232     0.7148    31.0496    1447.39  0.000e+00
     15.297   71.71930 -161.77232     0.7086    31.0519    1447.37  0.000e+00
     15.297   71.71930 -161.77232     0.7003    31.0572    1447.34  0.000e+00
     15.297   71.71930 -161.77232     0.6918    31.0640    1447.31  0.000e+00
     15.382   71.71930 -161.77232     0.6830    31.0703    1447.28  0.000e+00
     15.351   71.71930 -161.77232     0.6753    31.0752    1447.25  0.000e+00
     15.297   71.71930 -161.77232     0.6685    31.0781    1447.22  0.000e+00
     15.412   71.71930 -161.77232     0.6600    31.0823    1447.19  0.000e+00
     15.351   71.71930 -161.77232     0.6518    31.0863    1447.16  0.000e+00
     15.435   71.71930 -161.77232     0.6432    31.0902    1447.12  0.000e+00
     15.412   71.71930 -161.77232     0.6323    31.0966    1447.08  0.000e+00
     15.412   71.71930 -161.77232     0.6216    31.1025    1447.04  0.000e+00
     15.412   71.71930 -161.77232     0.6117    31.1073    1447.00  0.000e+00
     15.435   71.71930 -161.77232     0.6019    31.1122    1446.96  0.000e+00
     15.412   71.71930 -161.77232     0.5930    31.1179    1446.93  0.000e+00
     15.466   71.71930 -161.77232     0.5860    31.1212    1446.90  0.000e+00
     15.528   71.71930 -161.77232     0.5778    31.1248    1446.87  0.000e+00
     15.528   71.71930 -161.77232     0.5687    31.1289    1446.83  0.000e+00
     15.551   71.71930 -161.77232     0.5591    31.1340    1446.80  0.000e+00
     15.582   71.71930 -161.77232     0.5489    31.1394    1446.76  0.000e+00
     15.582   71.71930 -161.77232     0.5386    31.1440    1446.72  0.000e+00
     15.636   71.71930 -161.77232     0.5284    31.1490    1446.68  0.000e+00
     15.605   71.71930 -161.77232     0.5182    31.1539    1446.64  0.000e+00
     15.636   71.71930 -161.77232     0.5084    31.1593    1446.60  0.000e+00
     15.636   71.71930 -161.77232     0.4996    31.1631    1446.57  0.000e+00
     15.697   71.71930 -161.77232     0.4894    31.1684    1446.53  0.000e+00
     15.667   71.71930 -161.77232     0.4790    31.1746    1446.49  0.000e+00
     15.697   71.71930 -161.77232     0.4690    31.1813    1446.45  0.000e+00
     15.697   71.71930 -161.77232     0.4588    31.1881    1446.41  0.000e+00
     15.697   71.71930 -161.77232     0.4489    31.1938    1446.37  0.000e+00
     15.751   71.71930 -161.77232     0.4393    31.2001    1446.34  0.000e+00
     15.782   71.71930 -161.77232     0.4289    31.2069    1446.30  0.000e+00
     15.751   71.71930 -161.77232     0.4188    31.2136    1446.26  0.000e+00
     15.813   71.71930 -161.77232     0.4081    31.2224    1446.23  0.000e+00
     15.813   71.71930 -161.77232     0.3988    31.2294    1446.19  0.000e+00
     15.836   71.71930 -161.77232     0.3903    31.2357    1446.16  0.000e+00
     15.867   71.71930 -161.77232     0.3815    31.2434    1446.13  0.000e+00
     15.867   71.71930 -161.77232     0.3721    31.2517    1446.10  0.000e+00
     15.867   71.71930 -161.77232     0.3640    31.2600    1446.08  0.000e+00
     15.890   71.71930 -161.77232     0.3564    31.2674    1446.05  0.000e+00
     15.921   71.71930 -161.77232     0.3487    31.2748    1446.03  0.000e+00
     15.921   71.71930 -161.77232     0.3410    31.2835    1446.00  0.000e+00
     15.921   71.71930 -161.77232     0.3330    31.2920    1445.98  0.000e+00
     15.921   71.71930 -161.77232     0.3264    31.3005    1445.96  0.000e+00
     15.952   71.71930 -161.77232     0.3196    31.3084    1445.94  0.000e+00
     16.037   71.71930 -161.77232     0.3131    31.3166    1445.92  0.000e+00
     15.983   71.71930 -161.77232     0.3074    31.3251    1445.90  0.000e+00
     15.983   71.71930 -161.77232     0.3015    31.3337    1445.89  0.000e+00
     16.067   71.71930 -161.77232     0.2958    31.3422    1445.87  0.000e+00
     16.037   71.71930 -161.77232     0.2893    31.3525    1445.86  0.000e+00
     16.098   71.71930 -161.77232     0.2814    31.3633    1445.84  0.000e+00
     16.037   71.71930 -161.77232     0.2742    31.3731    1445.82  0.000e+00
     16.121   71.71930 -161.77232     0.2674    31.3815    1445.80  0.000e+00
     16.098   71.71930 -161.77232     0.2607    31.3898    1445.78  0.000e+00
     16.098   71.71930 -161.77232     0.2536    31.3982    1445.76  0.000e+00
     16.152   71.71930 -161.77232     0.2474    31.4059    1445.74  0.000e+00
     16.121   71.71930 -161.77232     0.2403    31.4144    1445.72  0.000e+00
     16.152   71.71930 -161.77232     0.2339    31.4214    1445.70  0.000e+00
     16.152   71.71930 -161.77232     0.2275    31.4273    1445.68  0.000e+00
     16.214   71.71930 -161.77232     0.2209    31.4331    1445.65  0.000e+00
     16.175   71.71930 -161.77232     0.2149    31.4385    1445.63  0.000e+00
     16.214   71.71930 -161.77232     0.2099    31.4414    1445.61  0.000e+00
     16.214   71.71930 -161.77232     0.2037    31.4455    1445.59  0.000e+00
     16.268   71.71930 -161.77232     0.1974    31.4498    1445.57  0.000e+00
     16.268   71.71930 -161.77232     0.1900    31.4559    1445.54  0.000e+00
     16.237   71.71930 -161.77232     0.1826    31.4625    1445.52  0.000e+00
     16.268   71.71930 -161.77232     0.1755    31.4696    1445.49  0.000e+00
     16.268   71.71930 -161.77232     0.1690    31.4748    1445.47  0.000e+00
     16.322   71.71930 -161.77232     0.1622    31.4806    1445.45  0.000e+00
     16.291   71.71930 -161.77232     0.1557    31.4873    1445.43  0.000e+00
     16.322   71.71930 -161.77232     0.1489    31.4937    1445.40  0.000e+00
     16.383   71.71930 -161.77232     0.1426    31.4984    1445.38  0.000e+00
     16.383   71.71930 -161.77232     0.1367    31.5043    1445.36  0.000e+00
     16.352   71.71930 -161.77232     0.1303    31.5114    1445.34  0.000e+00
     16.383   71.71930 -161.77232     0.1231    31.5188    1445.32  0.000e+00
     16.437   71.71930 -161.77232     0.1151    31.5288    1445.30  0.000e+00
     16.383   71.71930 -161.77232     0.1073    31.5384    1445.27  0.000e+00
     16.406   71.71930 -161.77232     0.0984    31.5481    1445.24  0.000e+00
     16.437   71.71930 -161.77232     0.0904    31.5565    1445.22  0.000e+00
     16.499   71.71930 -161.77232     0.0841    31.5640    1445.20  0.000e+00
     16.437   71.71930 -161.77232     0.0778    31.5713    1445.18  0.000e+00
     16.468   71.71930 -161.77232     0.0710    31.5782    1445.16  0.000e+00
     16.499   71.71930 -161.77232     0.0623    31.5862    1445.13  0.000e+00
     16.499   71.71930 -161.77232     0.0528    31.5962    1445.10  0.000e+00
     16.553   71.71930 -161.77232     0.0436    31.6073    1445.07  0.000e+00
     16.522   71.71930 -161.77232     0.0358    31.6168    1445.05  0.000e+00
     16.553   71.71930 -161.77232     0.0276    31.6268    1445.02  0.000e+00
     16.553   71.71930 -161.77232     0.0183    31.6374    1445.00  0.000e+00
     16.553   71.71930 -161.77232     0.0099    31.6477    1444.97  0.000e+00
     16.638   71.71930 -161.77232     0.0016    31.6583    1444.95  0.000e+00
     16.553   71.71930 -161.77232    -0.0058    31.6667    1444.92  0.000e+00
     16.668   71.71930 -161.77232    -0.0141    31.6765    1444.90  0.000e+00
     16.614   71.71930 -161.77232    -0.0219    31.6860    1444.88  0.000e+00
     16.638   71.71930 -161.77232    -0.0288    31.6938    1444.85  0.000e+00
     16.668   71.71930 -161.77232    -0.0367    31.7028    1444.83  0.000e+00
     16.668   71.71930 -161.77232    -0.0441    31.7117    1444.81  0.000e+00
     16.668   71.71930 -161.77232    -0.0514    31.7204    1444.79  0.000e+00
     16.692   71.71930 -161.77232    -0.0584    31.7284    1444.76  0.000e+00
     16.722   71.71930 -161.77232    -0.0645    31.7360    1444.75  0.000e+00
     16.722   71.71930 -161.77232    -0.0708    31.7433    1444.73  0.000e+00
     16.784   71.71930 -161.77232    -0.0775    31.7513    1444.71  0.000e+00
     16.753   71.71930 -161.77232    -0.0842    31.7583    1444.69  0.000e+00
     16.784   71.71930 -161.77232    -0.0905    31.7643    1444.67  0.000e+00
     16.784   71.71930 -161.77232    -0.0962    31.7702    1444.65  0.000e+00
     16.838   71.71930 -161.77232    -0.1016    31.7764    1444.63  0.000e+00
     16.807   71.71930 -161.77232    -0.1070    31.7825    1444.61  0.000e+00
     16.900   71.71930 -161.77232    -0.1134    31.7889    1444.59  0.000e+00
     16.838   71.71930 -161.77232    -0.1195    31.7948    1444.57  0.000e+00
     16.900   71.71930 -161.77232    -0.1254    31.8010    1444.55  0.000e+00
     16.869   71.71930 -161.77232    -0.1322    31.8082    1444.53  0.000e+00
     16.900   71.71930 -161.77232    -0.1385    31.8144    1444.51  0.000e+00
     16.954   71.71930 -161.77232    -0.1453    31.8217    1444.49  0.000e+00
     16.954   71.71930 -161.77232    -0.1512    31.8286    1444.47  0.000e+00
     16.977   71.71930 -161.77232    -0.1556    31.8347    1444.46  0.000e+00
     17.015   71.71930 -161.77232    -0.1593    31.8394    1444.45  0.000e+00
