EcoFOCI/data/1_SampleCollection/2023_SikuliaqDBO_CruiseData/CTD_raw_BottleFile_SKQ23-12S/proc/skq202312s_008.cnv
* Sea-Bird SBE 9 Data File:
* FileName = D:\CTD\SKQ202312S\SKQ202312S_008.hex
* Software Version Seasave V 7.26.7.121
* Temperature SN = 6177
* Conductivity SN = 0369
* Number of Bytes Per Scan = 41
* Number of Voltage Words = 4
* Number of Scans Averaged by the Deck Unit = 1
* NMEA Latitude = 62 47.19 N
* NMEA Longitude = 173 30.00 W
* NMEA UTC (Time) = Sep 16 2023  08:58:03
* NMEA baud rate = 4800
** Ship: R/V Sikuliaq
** Station Number: 008
** Station Name: DBO1.7
** Bottom Depth: 69
** Operator: SD
# nquan = 24
# nvalues = 5926                                  
# units = specified
# name 0 = depSM: Depth [salt water, m]
# name 1 = latitude: Latitude [deg]
# name 2 = longitude: Longitude [deg]
# name 3 = prDM: Pressure, Digiquartz [db]
# name 4 = t090C: Temperature [ITS-90, deg C]
# name 5 = t190C: Temperature, 2 [ITS-90, deg C]
# name 6 = potemp090C: Potential Temperature [ITS-90, deg C]
# name 7 = sal00: Salinity, Practical [PSU]
# name 8 = sal11: Salinity, Practical, 2 [PSU]
# name 9 = density00: Density [density, kg/m^3]
# name 10 = sigma-é00: Density [sigma-theta, kg/m^3]
# name 11 = sbox0Mm/Kg: Oxygen, SBE 43 [umol/kg]
# name 12 = sbox1Mm/Kg: Oxygen, SBE 43, 2 [umol/kg]
# name 13 = oxsolMm/Kg: Oxygen Saturation, Garcia & Gordon [umol/kg]
# name 14 = sbeox0PS: Oxygen, SBE 43 [% saturation]
# name 15 = sbeox1PS: Oxygen, SBE 43, 2 [% saturation]
# name 16 = v0: Voltage 0
# name 17 = flECO-AFL: Fluorescence, WET Labs ECO-AFL/FL [mg/m^3]
# name 18 = v1: Voltage 1
# name 19 = CStarAt0: Beam Attenuation, WET Labs C-Star [1/m]
# name 20 = par: PAR/Irradiance, Biospherical/Licor
# name 21 = scan: Scan Count
# name 22 = timeM: Time, Elapsed [minutes]
# name 23 = flag:  0.000e+00
# span 0 =      1.066,     63.296                 
# span 1 =   62.78648,   62.78650                 
# span 2 = -173.49996, -173.49994                 
# span 3 =      1.077,     63.923                 
# span 4 =    -1.5262,     7.1119                 
# span 5 =    -1.5240,     7.1213                 
# span 6 =    -1.5268,     7.1117                 
# span 7 =    30.9959,    32.0193                 
# span 8 =    31.0825,    32.0349                 
# span 9 =  1024.2713,  1026.0587                 
# span 10 =    24.2526,    25.7516                
# span 11 =    261.522,    400.097                
# span 12 =    249.667,    382.100                
# span 13 =  301.21311,  371.00551                
# span 14 =     70.543,    113.168                
# span 15 =     67.351,    104.847                
# span 16 =     0.0818,     0.2808                
# span 17 =     0.1428,     1.3370                
# span 18 =     1.5531,     4.1673                
# span 19 =     0.4917,     4.4417                
# span 20 = 1.0000e-12, 1.5481e+00                
# span 21 =          1,       5926                
# span 22 =     0.0000,     4.1146                
# span 23 = 0.0000e+00, 0.0000e+00                
# interval = seconds: 0.0416667
# start_time = Sep 16 2023 09:02:12 [NMEA time, first data scan]
# bad_flag = -9.990e-29
*END*
      1.637   62.78650 -173.49994      1.653     7.0394     7.0470     7.0393    31.1033    31.1119  1024.3532    24.3456    294.821    281.480  301.70351     97.719     93.319     0.1844     0.7582     4.0549     0.6011 7.4711e-01          1     0.0000  0.000e+00
      1.637   62.78650 -173.49994      1.653     7.0395     7.0466     7.0394    31.1035    31.1128  1024.3533    24.3457    294.820    281.482  301.70244     97.719     93.319     0.1844     0.7582     4.0549     0.6011 6.6819e-01          2     0.0007  0.000e+00
      1.637   62.78650 -173.49994      1.653     7.0403     7.0471     7.0402    31.1031    31.1134  1024.3528    24.3452    294.814    281.476  301.69782     97.718     93.319     0.1832     0.7509     4.0549     0.6011 5.7664e-01          3     0.0014  0.000e+00
      1.583   62.78650 -173.49994      1.599     7.0403     7.0458     7.0402    31.1032    31.1147  1024.3527    24.3453    295.003    281.481  301.69760     97.781     93.319     0.1844     0.7582     4.0549     0.6011 5.5547e-01          4     0.0021  0.000e+00
      1.637   62.78650 -173.49994      1.653     7.0399     7.0448     7.0397    31.1033    31.1147  1024.3531    24.3455    295.033    281.490  301.70038     97.790     93.320     0.1856     0.7656     4.0549     0.6011 6.0050e-01          5     0.0028  0.000e+00
      1.583   62.78650 -173.49994      1.599     7.0394     7.0450     7.0393    31.1039    31.1138  1024.3534    24.3460    294.866    281.489  301.70222     97.734     93.319     0.1844     0.7582     4.0549     0.6011 6.9978e-01          6     0.0035  0.000e+00
      1.637   62.78650 -173.49994      1.653     7.0397     7.0461     7.0396    31.1035    31.1129  1024.3532    24.3456    295.056    281.485  301.70112     97.797     93.319     0.1856     0.7656     4.0537     0.6023 7.3263e-01          7     0.0042  0.000e+00
      1.583   62.78650 -173.49994      1.599     7.0402     7.0478     7.0400    31.1040    31.1117  1024.3533    24.3460    294.881    281.300  301.69679     97.741     93.261     0.1844     0.7582     4.0549     0.6011 7.1370e-01          8     0.0049  0.000e+00
      1.583   62.78650 -173.49994      1.599     7.0415     7.0476     7.0413    31.1028    31.1113  1024.3522    24.3448    294.871    281.286  301.69052     97.739     93.256     0.1856     0.7656     4.0537     0.6023 6.5721e-01          9     0.0056  0.000e+00
      1.637   62.78650 -173.49994      1.653     7.0423     7.0458     7.0421    31.1021    31.1115  1024.3518    24.3442    294.865    281.285  301.68645     97.739     93.252     0.1844     0.7582     4.0549     0.6011 6.3783e-01         10     0.0063  0.000e+00
      1.583   62.78650 -173.49994      1.599     7.0418     7.0445     7.0416    31.1029    31.1123  1024.3522    24.3449    294.862    281.449  301.68821     97.737     93.304     0.1856     0.7656     4.0549     0.6011 6.4209e-01         11     0.0069  0.000e+00
      1.583   62.78650 -173.49994      1.599     7.0403     7.0454     7.0402    31.1040    31.1126  1024.3533    24.3460    295.058    281.444  301.69572     97.800     93.304     0.1832     0.7509     4.0549     0.6011 6.6159e-01         12     0.0076  0.000e+00
      1.637   62.78650 -173.49994      1.653     7.0395     7.0477     7.0394    31.1045    31.1135  1024.3540    24.3464    295.087    281.430  301.70031     97.808     93.305     0.1844     0.7582     4.0549     0.6011 6.7041e-01         13     0.0083  0.000e+00
      1.583   62.78650 -173.49994      1.599     7.0403     7.0509     7.0402    31.1037    31.1128  1024.3531    24.3457    295.101    281.237  301.69646     97.814     93.247     0.1832     0.7509     4.0549     0.6011 6.6378e-01         14     0.0090  0.000e+00
      1.583   62.78650 -173.49994      1.599     7.0405     7.0528     7.0404    31.1041    31.1119  1024.3534    24.3460    294.927    281.211  301.69415     97.757     93.242     0.1844     0.7582     4.0549     0.6011 5.6501e-01         15     0.0097  0.000e+00
      1.583   62.78650 -173.49994      1.599     7.0407     7.0520     7.0405    31.1038    31.1120  1024.3531    24.3457    294.920    281.030  301.69382     97.755     93.181     0.1832     0.7509     4.0549     0.6011 5.1861e-01         16     0.0104  0.000e+00
      1.521   62.78650 -173.49994      1.536     7.0405     7.0483     7.0404    31.1036    31.1140  1024.3527    24.3456    295.104    281.021  301.69524     97.815     93.171     0.1844     0.7582     4.0549     0.6011 5.1504e-01         17     0.0111  0.000e+00
      1.583   62.78650 -173.49994      1.599     7.0407     7.0458     7.0405    31.1038    31.1135  1024.3531    24.3457    295.123    281.014  301.69382     97.822     93.163     0.1856     0.7656     4.0549     0.6011 5.2945e-01         18     0.0118  0.000e+00
      1.583   62.78650 -173.49994      1.599     7.0407     7.0443     7.0406    31.1037    31.1133  1024.3530    24.3456    295.140    280.999  301.69374     97.828     93.155     0.1844     0.7582     4.0549     0.6011 5.4048e-01         19     0.0125  0.000e+00
      1.521   62.78650 -173.49994      1.536     7.0408     7.0426     7.0407    31.1041    31.1133  1024.3531    24.3460    295.152    280.984  301.69195     97.832     93.146     0.1856     0.7656     4.0549     0.6011 5.4048e-01         20     0.0132  0.000e+00
      1.583   62.78650 -173.49994      1.599     7.0415     7.0411     7.0413    31.1038    31.1136  1024.3530    24.3456    295.166    280.973  301.68830     97.838     93.139     0.1844     0.7582     4.0549     0.6011 7.3984e-01         21     0.0139  0.000e+00
      1.521   62.78650 -173.49994      1.536     7.0416     7.0397     7.0415    31.1036    31.1143  1024.3526    24.3455    295.177    280.957  301.68750     97.842     93.132     0.1844     0.7582     4.0549     0.6011 9.8701e-01         22     0.0146  0.000e+00
      1.521   62.78650 -173.49994      1.536     7.0431     7.0388     7.0429    31.1023    31.1145  1024.3514    24.3443    295.182    280.942  301.68032     97.846     93.125     0.1893     0.7875     4.0549     0.6011 1.0411e+00         23     0.0153  0.000e+00
      1.521   62.78650 -173.49994      1.536     7.0437     7.0386     7.0436    31.1021    31.1152  1024.3511    24.3440    295.189    280.923  301.67628     97.850     93.119     0.1941     0.8168     4.0549     0.6011 8.2330e-01         24     0.0160  0.000e+00
      1.521   62.78650 -173.49994      1.536     7.0426     7.0395     7.0424    31.1025    31.1154  1024.3515    24.3445    295.208    280.899  301.68345     97.854     93.113     0.1954     0.8242     4.0549     0.6011 6.0455e-01         25     0.0167  0.000e+00
      1.467   62.78650 -173.49994      1.482     7.0412     7.0399     7.0410    31.1037    31.1154  1024.3524    24.3456    295.224    280.705  301.69049     97.856     93.049     0.1954     0.8242     4.0549     0.6011 5.6118e-01         26     0.0174  0.000e+00
      1.521   62.78650 -173.49994      1.536     7.0407     7.0399     7.0405    31.1040    31.1155  1024.3530    24.3459    295.046    280.849  301.69335     97.797     93.097     0.1929     0.8095     4.0549     0.6011 5.5358e-01         27     0.0181  0.000e+00
      1.429   62.78650 -173.49994      1.443     7.0402     7.0410     7.0401    31.1046    31.1149  1024.3531    24.3464    295.219    280.827  301.69515     97.853     93.092     0.1954     0.8242     4.0549     0.6011 5.3311e-01         28     0.0187  0.000e+00
      1.521   62.78650 -173.49994      1.536     7.0399     7.0438     7.0397    31.1045    31.1130  1024.3535    24.3464    295.233    280.630  301.69772     97.857     93.031     0.1954     0.8242     4.0549     0.6011 5.2582e-01         29     0.0194  0.000e+00
      1.413   62.78650 -173.49994      1.427     7.0400     7.0455     7.0399    31.1041    31.1113  1024.3527    24.3461    295.235    280.765  301.69760     97.858     93.078     0.1941     0.8168     4.0549     0.6011 5.7080e-01         30     0.0201  0.000e+00
      1.467   62.78650 -173.49994      1.482     7.0400     7.0451     7.0399    31.1038    31.1109  1024.3527    24.3458    295.243    280.762  301.69832     97.860     93.076     0.1954     0.8242     4.0549     0.6011 7.0903e-01         31     0.0208  0.000e+00
      1.467   62.78650 -173.49994      1.482     7.0399     7.0438     7.0397    31.1037    31.1113  1024.3526    24.3458    295.249    280.764  301.69963     97.862     93.074     0.1941     0.8168     4.0549     0.6011 7.6432e-01         32     0.0215  0.000e+00
      1.413   62.78650 -173.49994      1.427     7.0394     7.0427     7.0393    31.1041    31.1114  1024.3527    24.3461    295.252    280.764  301.70189     97.862     93.072     0.1954     0.8242     4.0549     0.6011 7.9719e-01         33     0.0222  0.000e+00
      1.413   62.78650 -173.49994      1.427     7.0395     7.0411     7.0394    31.1042    31.1117  1024.3528    24.3462    295.254    280.772  301.70098     97.863     93.072     0.1941     0.8168     4.0549     0.6011 9.5939e-01         34     0.0229  0.000e+00
      1.413   62.78650 -173.49994      1.427     7.0397     7.0405     7.0396    31.1036    31.1121  1024.3523    24.3457    295.254    280.773  301.70081     97.863     93.071     0.1954     0.8242     4.0549     0.6011 1.0411e+00         35     0.0236  0.000e+00
      1.413   62.78650 -173.49994      1.427     7.0397     7.0396     7.0396    31.1039    31.1130  1024.3525    24.3460    295.063    280.777  301.70016     97.800     93.071     0.1941     0.8168     4.0549     0.6011 1.0185e+00         36     0.0243  0.000e+00
      1.413   62.78650 -173.49994      1.427     7.0394     7.0394     7.0393    31.1041    31.1130  1024.3527    24.3462    295.229    280.779  301.70181     97.855     93.071     0.1941     0.8168     4.0549     0.6011 7.9205e-01         37     0.0250  0.000e+00
      1.352   62.78650 -173.49994      1.365     7.0395     7.0393     7.0394    31.1040    31.1135  1024.3523    24.3461    295.034    280.778  301.70133     97.790     93.071     0.1941     0.8168     4.0549     0.6011 6.9519e-01         38     0.0257  0.000e+00
      1.413   62.78650 -173.49994      1.427     7.0395     7.0394     7.0394    31.1037    31.1136  1024.3524    24.3459    295.010    280.783  301.70189     97.782     93.073     0.1954     0.8242     4.0549     0.6011 6.8609e-01         39     0.0264  0.000e+00
      1.352   62.78650 -173.49994      1.365     7.0392     7.0399     7.0391    31.1040    31.1131  1024.3524    24.3461    295.174    280.956  301.70347     97.836     93.131     0.1954     0.8242     4.0549     0.6011 6.5069e-01         40     0.0271  0.000e+00
      1.352   62.78650 -173.49994      1.365     7.0391     7.0402     7.0389    31.1037    31.1126  1024.3522    24.3459    295.173    280.978  301.70512     97.835     93.138     0.1941     0.8168     4.0549     0.6011 6.2727e-01         41     0.0278  0.000e+00
      1.298   62.78650 -173.49994      1.310     7.0397     7.0399     7.0396    31.1028    31.1128  1024.3511    24.3451    295.165    281.001  301.70258     97.833     93.146     0.1954     0.8242     4.0549     0.6011 6.2517e-01         42     0.0285  0.000e+00
      1.352   62.78650 -173.49994      1.365     7.0386     7.0396     7.0384    31.1027    31.1126  1024.3515    24.3452    294.980    281.029  301.71071     97.769     93.154     0.1941     0.8168     4.0549     0.6011 6.1893e-01         43     0.0292  0.000e+00
      1.298   62.78650 -173.49994      1.310     7.0368     7.0383     7.0367    31.1046    31.1134  1024.3529    24.3469    294.957    281.059  301.71875     97.759     93.162     0.1954     0.8242     4.0549     0.6011 6.1479e-01         44     0.0299  0.000e+00
      1.352   62.78650 -173.49994      1.365     7.0360     7.0379     7.0359    31.1051    31.1137  1024.3537    24.3474    295.125    281.089  301.72326     97.813     93.171     0.1941     0.8168     4.0549     0.6011 6.1479e-01         45     0.0306  0.000e+00
      1.298   62.78650 -173.49994      1.310     7.0352     7.0383     7.0351    31.1051    31.1137  1024.3535    24.3475    295.123    281.110  301.72880     97.811     93.179     0.1954     0.8242     4.0549     0.6011 6.0050e-01         46     0.0313  0.000e+00
      1.298   62.78650 -173.49994      1.310     7.0343     7.0388     7.0342    31.1051    31.1139  1024.3537    24.3476    295.124    281.133  301.73507     97.809     93.188     0.1941     0.8168     4.0549     0.6011 5.8648e-01         47     0.0319  0.000e+00
      1.236   62.78650 -173.49994      1.248     7.0340     7.0395     7.0339    31.1054    31.1137  1024.3536    24.3479    294.924    281.153  301.73624     97.742     93.196     0.1929     0.8095     4.0549     0.6011 5.8253e-01         48     0.0326  0.000e+00
      1.298   62.78650 -173.49994      1.310     7.0356     7.0404     7.0355    31.1050    31.1139  1024.3534    24.3473    295.072    281.350  301.72600     97.795     93.263     0.1844     0.7582     4.0549     0.6011 6.3358e-01         49     0.0333  0.000e+00
      1.236   62.78650 -173.49994      1.248     7.0368     7.0407     7.0367    31.1045    31.1141  1024.3526    24.3468    294.863    281.391  301.71901     97.728     93.277     0.1819     0.7436     4.0537     0.6023 7.2548e-01         50     0.0340  0.000e+00
      1.236   62.78650 -173.49994      1.248     7.0377     7.0401     7.0376    31.1041    31.1138  1024.3521    24.3464    294.821    281.440  301.71324     97.716     93.292     0.1807     0.7362     4.0537     0.6023 7.5445e-01         51     0.0347  0.000e+00
      1.298   62.78650 -173.49994      1.310     7.0385     7.0394     7.0383    31.1036    31.1130  1024.3519    24.3459    294.785    281.495  301.70951     97.705     93.308     0.1819     0.7436     4.0537     0.6023 7.9205e-01         52     0.0354  0.000e+00
      1.182   62.78650 -173.49994      1.193     7.0392     7.0382     7.0391    31.1030    31.1131  1024.3508    24.3453    294.769    281.544  301.70568     97.701     93.322     0.1832     0.7509     4.0537     0.6023 8.9189e-01         53     0.0361  0.000e+00
      1.236   62.78650 -173.49994      1.248     7.0384     7.0375     7.0383    31.1039    31.1135  1024.3518    24.3461    294.768    281.595  301.70929     97.699     93.338     0.1819     0.7436     4.0549     0.6011 9.2950e-01         54     0.0368  0.000e+00
      1.236   62.78650 -173.49994      1.248     7.0379     7.0372     7.0378    31.1038    31.1130  1024.3518    24.3461    294.740    281.643  301.71299     97.689     93.353     0.1832     0.7509     4.0549     0.6011 8.6664e-01         55     0.0375  0.000e+00
      1.182   62.78650 -173.49994      1.193     7.0380     7.0367     7.0378    31.1033    31.1134  1024.3512    24.3457    294.733    281.862  301.71359     97.686     93.424     0.1819     0.7436     4.0549     0.6011 6.4638e-01         56     0.0382  0.000e+00
      1.205   62.78650 -173.49994      1.217     7.0376     7.0358     7.0375    31.1034    31.1139  1024.3514    24.3458    294.705    281.911  301.71592     97.676     93.439     0.1832     0.7509     4.0549     0.6011 5.7274e-01         57     0.0389  0.000e+00
      1.236   62.78650 -173.49994      1.248     7.0373     7.0354     7.0372    31.1036    31.1141  1024.3518    24.3460    294.676    281.957  301.71752     97.666     93.454     0.1819     0.7436     4.0537     0.6023 5.7664e-01         58     0.0396  0.000e+00
      1.182   62.78650 -173.49994      1.193     7.0373     7.0344     7.0372    31.1038    31.1152  1024.3517    24.3462    294.642    282.001  301.71706     97.655     93.467     0.1832     0.7509     4.0537     0.6023 6.2517e-01         59     0.0403  0.000e+00
      1.182   62.78650 -173.49994      1.193     7.0374     7.0340     7.0373    31.1038    31.1157  1024.3516    24.3461    294.610    282.233  301.71615     97.645     93.543     0.1819     0.7436     4.0549     0.6011 6.4853e-01         60     0.0410  0.000e+00
