EcoFOCI/data/1_SampleCollection/2023_SikuliaqDBO_CruiseData/CTD_raw_BottleFile_SKQ23-12S/proc/skq202312s_017svp.cnv
* Sea-Bird SBE 9 Data File:
* FileName = D:\CTD\SKQ202312S\SKQ202312S_017.hex
* Software Version Seasave V 7.26.7.121
* Temperature SN = 6177
* Conductivity SN = 0369
* Number of Bytes Per Scan = 41
* Number of Voltage Words = 4
* Number of Scans Averaged by the Deck Unit = 1
* NMEA Latitude = 64 40.58 N
* NMEA Longitude = 168 35.74 W
* NMEA UTC (Time) = Sep 17 2023  17:29:22
* NMEA baud rate = 4800
** Ship: R/V Sikuliaq
** Station Number: 017
** Station Name: DBO2.2a
** Bottom Depth: 43
** Operator: SD
# nquan = 7
# nvalues = 4343                                  
# units = specified
# name 0 = depSM: Depth [salt water, m]
# name 1 = latitude: Latitude [deg]
# name 2 = longitude: Longitude [deg]
# name 3 = t090C: Temperature [ITS-90, deg C]
# name 4 = sal00: Salinity, Practical [PSU]
# name 5 = svCM: Sound Velocity [Chen-Millero, m/s]
# name 6 = flag:  0.000e+00
# span 0 =      2.666,     37.762                 
# span 1 =   64.67642,   64.67646                 
# span 2 = -168.59560, -168.59556                 
# span 3 =     3.0589,     4.5338                 
# span 4 =    31.9894,    32.8255                 
# span 5 =    1459.30,    1465.08                 
# span 6 = 0.0000e+00, 0.0000e+00                 
# interval = seconds: 0.0416667
# start_time = Sep 17 2023 17:33:26 [NMEA time, first data scan]
# bad_flag = -9.990e-29
*END*
[from data line 821]
      5.123   64.67644 -168.59558     4.4998    31.9903    1464.92  0.000e+00
      5.123   64.67644 -168.59558     4.4911    32.0022    1464.90  0.000e+00
      5.069   64.67644 -168.59558     4.4995    32.0084    1464.94  0.000e+00
      5.185   64.67644 -168.59558     4.5211    32.0073    1465.03  0.000e+00
      5.123   64.67644 -168.59558     4.5338    32.0014    1465.08  0.000e+00
      5.123   64.67644 -168.59558     4.5285    32.0002    1465.05  0.000e+00
      5.185   64.67644 -168.59558     4.5203    31.9992    1465.02  0.000e+00
      5.185   64.67644 -168.59558     4.5133    31.9987    1464.99  0.000e+00
      5.185   64.67644 -168.59558     4.5064    31.9989    1464.96  0.000e+00
      5.185   64.67644 -168.59558     4.4886    32.0052    1464.89  0.000e+00
      5.239   64.67644 -168.59558     4.4680    32.0115    1464.82  0.000e+00
      5.185   64.67644 -168.59558     4.4539    32.0151    1464.76  0.000e+00
      5.239   64.67644 -168.59558     4.4462    32.0181    1464.74  0.000e+00
      5.239   64.67644 -168.59558     4.4391    32.0232    1464.71  0.000e+00
      5.185   64.67644 -168.59558     4.4296    32.0321    1464.68  0.000e+00
      5.239   64.67644 -168.59558     4.4233    32.0389    1464.67  0.000e+00
      5.239   64.67644 -168.59558     4.4288    32.0354    1464.68  0.000e+00
      5.239   64.67644 -168.59558     4.4337    32.0331    1464.70  0.000e+00
      5.300   64.67644 -168.59558     4.4377    32.0301    1464.72  0.000e+00
      5.239   64.67644 -168.59558     4.4421    32.0091    1464.71  0.000e+00
      5.300   64.67644 -168.59558     4.3775    31.9945    1464.42  0.000e+00
      5.300   64.67644 -168.59558     4.2400    32.0195    1463.88  0.000e+00
      5.300   64.67644 -168.59558     4.0728    32.0809    1463.26  0.000e+00
      5.300   64.67644 -168.59558     3.9823    32.0811    1462.88  0.000e+00
      5.354   64.67644 -168.59558     3.8810    32.1178    1462.50  0.000e+00
      5.300   64.67644 -168.59558     3.8722    32.1050    1462.45  0.000e+00
      5.300   64.67644 -168.59558     3.9277    32.0530    1462.61  0.000e+00
      5.300   64.67644 -168.59558     3.9312    32.0594    1462.64  0.000e+00
      5.354   64.67644 -168.59558     3.9227    32.0872    1462.64  0.000e+00
      5.300   64.67644 -168.59558     3.9205    32.1054    1462.65  0.000e+00
      5.300   64.67644 -168.59558     3.8904    32.1299    1462.56  0.000e+00
      5.385   64.67644 -168.59558     3.8686    32.1322    1462.47  0.000e+00
      5.416   64.67644 -168.59558     3.8754    32.1080    1462.47  0.000e+00
      5.300   64.67644 -168.59558     3.8740    32.0898    1462.44  0.000e+00
      5.416   64.67644 -168.59558     3.8318    32.1160    1462.29  0.000e+00
      5.354   64.67644 -168.59558     3.8136    32.1292    1462.23  0.000e+00
      5.416   64.67644 -168.59558     3.7945    32.1404    1462.17  0.000e+00
      5.354   64.67644 -168.59558     3.7591    32.1612    1462.04  0.000e+00
      5.354   64.67644 -168.59558     3.7338    32.1820    1461.96  0.000e+00
      5.416   64.67644 -168.59558     3.7491    32.1762    1462.02  0.000e+00
      5.416   64.67644 -168.59558     3.7678    32.1629    1462.08  0.000e+00
      5.416   64.67644 -168.59558     3.7690    32.1559    1462.08  0.000e+00
      5.416   64.67644 -168.59558     3.7705    32.1492    1462.08  0.000e+00
      5.416   64.67644 -168.59558     3.7758    32.1449    1462.09  0.000e+00
      5.470   64.67644 -168.59558     3.7923    32.1337    1462.15  0.000e+00
      5.416   64.67644 -168.59558     3.7896    32.1394    1462.15  0.000e+00
      5.470   64.67644 -168.59558     3.7831    32.1489    1462.13  0.000e+00
      5.415   64.67644 -168.59558     3.7992    32.1424    1462.19  0.000e+00
      5.469   64.67644 -168.59558     3.8174    32.1350    1462.26  0.000e+00
      5.469   64.67644 -168.59558     3.8131    32.1586    1462.27  0.000e+00
      5.469   64.67644 -168.59558     3.8811    32.1397    1462.53  0.000e+00
      5.469   64.67644 -168.59558     3.9885    32.1019    1462.94  0.000e+00
      5.469   64.67644 -168.59558     4.0469    32.0947    1463.17  0.000e+00
      5.469   64.67644 -168.59558     4.0710    32.0903    1463.27  0.000e+00
      5.469   64.67644 -168.59558     4.0862    32.0789    1463.32  0.000e+00
      5.469   64.67644 -168.59558     4.0888    32.0753    1463.32  0.000e+00
      5.523   64.67644 -168.59558     4.1052    32.0666    1463.38  0.000e+00
      5.523   64.67644 -168.59558     4.1372    32.0526    1463.50  0.000e+00
      5.523   64.67644 -168.59558     4.1215    32.0802    1463.47  0.000e+00
      5.469   64.67644 -168.59558     4.1242    32.0730    1463.47  0.000e+00
      5.523   64.67644 -168.59558     4.1027    32.0731    1463.38  0.000e+00
      5.523   64.67644 -168.59558     4.0891    32.0802    1463.33  0.000e+00
      5.585   64.67644 -168.59558     4.1062    32.0643    1463.38  0.000e+00
      5.523   64.67644 -168.59558     4.0414    32.1217    1463.18  0.000e+00
      5.523   64.67644 -168.59558     3.9480    32.1979    1462.89  0.000e+00
      5.585   64.67644 -168.59558     3.9241    32.1972    1462.79  0.000e+00
      5.523   64.67644 -168.59558     3.8960    32.1944    1462.67  0.000e+00
      5.585   64.67644 -168.59558     3.8858    32.1780    1462.60  0.000e+00
      5.585   64.67644 -168.59558     3.8931    32.1581    1462.61  0.000e+00
      5.585   64.67644 -168.59558     3.8732    32.1747    1462.55  0.000e+00
      5.585   64.67644 -168.59558     3.8949    32.1668    1462.63  0.000e+00
      5.585   64.67644 -168.59558     3.9381    32.1531    1462.79  0.000e+00
      5.639   64.67644 -168.59558     4.0020    32.1219    1463.02  0.000e+00
      5.585   64.67644 -168.59558     4.0409    32.0937    1463.15  0.000e+00
      5.639   64.67644 -168.59558     4.0548    32.0682    1463.17  0.000e+00
      5.585   64.67644 -168.59558     4.0331    32.0688    1463.08  0.000e+00
      5.639   64.67644 -168.59558     3.9785    32.0933    1462.88  0.000e+00
      5.585   64.67644 -168.59558     3.9151    32.1161    1462.65  0.000e+00
      5.639   64.67644 -168.59558     3.8629    32.1295    1462.45  0.000e+00
      5.639   64.67644 -168.59558     3.8261    32.1465    1462.31  0.000e+00
      5.585   64.67644 -168.59558     3.8134    32.1592    1462.27  0.000e+00
      5.700   64.67644 -168.59558     3.8194    32.1589    1462.30  0.000e+00
      5.639   64.67644 -168.59558     3.8368    32.1443    1462.35  0.000e+00
      5.639   64.67644 -168.59558     3.8499    32.1303    1462.39  0.000e+00
      5.639   64.67644 -168.59558     3.8567    32.1312    1462.42  0.000e+00
      5.700   64.67644 -168.59558     3.8815    32.1272    1462.52  0.000e+00
      5.638   64.67644 -168.59558     3.9357    32.0909    1462.70  0.000e+00
      5.700   64.67644 -168.59558     3.9718    32.0460    1462.80  0.000e+00
      5.700   64.67644 -168.59558     3.9848    32.0165    1462.81  0.000e+00
      5.700   64.67644 -168.59558     3.9922    32.0235    1462.85  0.000e+00
      5.700   64.67644 -168.59558     4.0053    32.0458    1462.94  0.000e+00
      5.638   64.67644 -168.59558     4.0209    32.0599    1463.02  0.000e+00
      5.754   64.67644 -168.59558     4.0246    32.0793    1463.06  0.000e+00
      5.700   64.67644 -168.59558     4.0224    32.0999    1463.08  0.000e+00
      5.754   64.67644 -168.59558     4.0148    32.1140    1463.07  0.000e+00
      5.700   64.67644 -168.59558     4.0061    32.1133    1463.03  0.000e+00
      5.700   64.67644 -168.59558     3.9955    32.1037    1462.97  0.000e+00
      5.754   64.67644 -168.59558     3.9647    32.1101    1462.85  0.000e+00
      5.754   64.67644 -168.59558     3.9447    32.1078    1462.76  0.000e+00
      5.754   64.67644 -168.59558     3.9201    32.1139    1462.67  0.000e+00
      5.754   64.67644 -168.59558     3.9041    32.1257    1462.62  0.000e+00
      5.754   64.67644 -168.59558     3.8996    32.1418    1462.62  0.000e+00
      5.816   64.67644 -168.59558     3.9015    32.1449    1462.63  0.000e+00
      5.754   64.67644 -168.59558     3.9018    32.1482    1462.64  0.000e+00
      5.754   64.67644 -168.59558     3.9095    32.1463    1462.67  0.000e+00
      5.815   64.67644 -168.59558     3.9081    32.1507    1462.67  0.000e+00
      5.815   64.67644 -168.59558     3.9139    32.1426    1462.68  0.000e+00
      5.815   64.67644 -168.59558     3.9423    32.1125    1462.76  0.000e+00
      5.815   64.67644 -168.59558     3.9333    32.1126    1462.72  0.000e+00
      5.815   64.67644 -168.59558     3.9184    32.1214    1462.67  0.000e+00
      5.815   64.67644 -168.59558     3.9041    32.1270    1462.62  0.000e+00
      5.869   64.67644 -168.59558     3.8977    32.1165    1462.58  0.000e+00
      5.815   64.67644 -168.59558     3.8906    32.1031    1462.53  0.000e+00
      5.869   64.67644 -168.59558     3.8743    32.1069    1462.47  0.000e+00
      5.869   64.67644 -168.59558     3.8611    32.1103    1462.42  0.000e+00
      5.869   64.67644 -168.59558     3.8341    32.1236    1462.32  0.000e+00
      5.869   64.67644 -168.59558     3.8227    32.1303    1462.28  0.000e+00
      5.923   64.67644 -168.59558     3.8179    32.1338    1462.27  0.000e+00
      5.900   64.67644 -168.59558     3.8144    32.1340    1462.25  0.000e+00
      5.923   64.67644 -168.59558     3.8123    32.1306    1462.24  0.000e+00
      5.869   64.67644 -168.59558     3.8118    32.1276    1462.23  0.000e+00
      5.985   64.67644 -168.59558     3.8188    32.1195    1462.25  0.000e+00
      5.923   64.67644 -168.59558     3.8044    32.1200    1462.19  0.000e+00
      5.985   64.67644 -168.59558     3.7665    32.1255    1462.04  0.000e+00
      5.923   64.67644 -168.59558     3.7237    32.1373    1461.87  0.000e+00
      6.039   64.67644 -168.59558     3.6935    32.1457    1461.76  0.000e+00
      5.985   64.67644 -168.59558     3.6499    32.1643    1461.60  0.000e+00
      6.039   64.67644 -168.59558     3.6200    32.1799    1461.49  0.000e+00
      5.985   64.67644 -168.59558     3.6271    32.1848    1461.53  0.000e+00
      6.039   64.67644 -168.59558     3.6609    32.1817    1461.67  0.000e+00
      6.100   64.67644 -168.59558     3.6982    32.1752    1461.82  0.000e+00
      6.100   64.67644 -168.59558     3.7199    32.1643    1461.89  0.000e+00
      6.100   64.67644 -168.59558     3.6793    32.1690    1461.73  0.000e+00
      6.100   64.67644 -168.59558     3.6745    32.1650    1461.70  0.000e+00
      6.100   64.67644 -168.59558     3.7069    32.1544    1461.83  0.000e+00
      6.208   64.67644 -168.59558     3.7155    32.1591    1461.87  0.000e+00
      6.154   64.67644 -168.59558     3.7191    32.1722    1461.90  0.000e+00
      6.154   64.67644 -168.59558     3.7289    32.1721    1461.94  0.000e+00
      6.208   64.67644 -168.59558     3.7258    32.1684    1461.93  0.000e+00
      6.208   64.67644 -168.59558     3.6969    32.1426    1461.77  0.000e+00
      6.208   64.67644 -168.59558     3.6359    32.0774    1461.43  0.000e+00
      6.270   64.67644 -168.59558     3.5038    32.0808    1460.87  0.000e+00
      6.270   64.67644 -168.59558     3.3968    32.1114    1460.46  0.000e+00
      6.324   64.67644 -168.59558     3.3343    32.1467    1460.24  0.000e+00
      6.270   64.67644 -168.59558     3.3286    32.1879    1460.27  0.000e+00
      6.324   64.67644 -168.59558     3.3689    32.2125    1460.47  0.000e+00
      6.385   64.67644 -168.59558     3.3991    32.2159    1460.61  0.000e+00
      6.385   64.67644 -168.59558     3.4007    32.2195    1460.62  0.000e+00
      6.385   64.67644 -168.59558     3.3994    32.2103    1460.60  0.000e+00
      6.385   64.67644 -168.59558     3.3648    32.2031    1460.44  0.000e+00
      6.439   64.67644 -168.59558     3.3151    32.2092    1460.24  0.000e+00
      6.439   64.67644 -168.59558     3.2962    32.1996    1460.15  0.000e+00
      6.439   64.67644 -168.59558     3.2599    32.2162    1460.01  0.000e+00
      6.501   64.67644 -168.59558     3.2453    32.2132    1459.95  0.000e+00
      6.501   64.67644 -168.59558     3.2142    32.2203    1459.82  0.000e+00
      6.501   64.67644 -168.59558     3.1884    32.2216    1459.72  0.000e+00
      6.501   64.67644 -168.59558     3.1568    32.2301    1459.59  0.000e+00
      6.555   64.67644 -168.59558     3.1428    32.2320    1459.53  0.000e+00
      6.555   64.67644 -168.59558     3.1326    32.2333    1459.49  0.000e+00
      6.586   64.67644 -168.59558     3.1161    32.2441    1459.44  0.000e+00
      6.555   64.67644 -168.59558     3.1081    32.2495    1459.41  0.000e+00
      6.609   64.67644 -168.59558     3.1039    32.2498    1459.39  0.000e+00
      6.609   64.67644 -168.59558     3.0995    32.2522    1459.38  0.000e+00
      6.609   64.67644 -168.59558     3.0959    32.2551    1459.36  0.000e+00
      6.670   64.67644 -168.59558     3.0928    32.2573    1459.35  0.000e+00
      6.609   64.67644 -168.59558     3.0890    32.2597    1459.34  0.000e+00
      6.670   64.67644 -168.59558     3.0880    32.2594    1459.34  0.000e+00
      6.670   64.67644 -168.59558     3.0856    32.2606    1459.33  0.000e+00
      6.724   64.67644 -168.59558     3.0831    32.2620    1459.32  0.000e+00
      6.670   64.67644 -168.59558     3.0825    32.2621    1459.32  0.000e+00
      6.724   64.67644 -168.59558     3.0821    32.2622    1459.32  0.000e+00
      6.670   64.67644 -168.59558     3.0824    32.2617    1459.32  0.000e+00
      6.724   64.67644 -168.59558     3.0822    32.2620    1459.32  0.000e+00
      6.724   64.67644 -168.59558     3.0820    32.2619    1459.32  0.000e+00
      6.724   64.67644 -168.59558     3.0811    32.2626    1459.31  0.000e+00
      6.724   64.67644 -168.59558     3.0838    32.2601    1459.32  0.000e+00
      6.724   64.67644 -168.59558     3.0869    32.2579    1459.33  0.000e+00
      6.724   64.67644 -168.59558     3.0869    32.2580    1459.33  0.000e+00
      6.786   64.67644 -168.59558     3.0854    32.2592    1459.33  0.000e+00
      6.724   64.67644 -168.59558     3.0839    32.2602    1459.32  0.000e+00
      6.786   64.67644 -168.59558     3.0830    32.2603    1459.32  0.000e+00
      6.724   64.67644 -168.59558     3.0821    32.2606    1459.31  0.000e+00
      6.786   64.67644 -168.59558     3.0818    32.2600    1459.31  0.000e+00
      6.724   64.67644 -168.59558     3.0817    32.2603    1459.31  0.000e+00
      6.786   64.67644 -168.59558     3.0824    32.2594    1459.31  0.000e+00
      6.786   64.67644 -168.59558     3.0821    32.2598    1459.31  0.000e+00
      6.724   64.67644 -168.59558     3.0817    32.2596    1459.31  0.000e+00
      6.786   64.67644 -168.59558     3.0811    32.2594    1459.31  0.000e+00
      6.701   64.67644 -168.59558     3.0805    32.2596    1459.31  0.000e+00
      6.786   64.67644 -168.59558     3.0805    32.2592    1459.31  0.000e+00
      6.724   64.67644 -168.59558     3.0804    32.2592    1459.30  0.000e+00
      6.724   64.67644 -168.59558     3.0803    32.2587    1459.30  0.000e+00
      6.724   64.67644 -168.59558     3.0799    32.2588    1459.30  0.000e+00
      6.786   64.67644 -168.59558     3.0797    32.2586    1459.30  0.000e+00
      6.724   64.67644 -168.59558     3.0800    32.2582    1459.30  0.000e+00
      6.724   64.67644 -168.59558     3.0800    32.2582    1459.30  0.000e+00
      6.670   64.67644 -168.59558     3.0798    32.2583    1459.30  0.000e+00
      6.724   64.67644 -168.59558     3.0800    32.2580    1459.30  0.000e+00
      6.724   64.67644 -168.59558     3.0811    32.2608    1459.31  0.000e+00
      6.670   64.67644 -168.59558     3.1027    32.2677    1459.41  0.000e+00
      6.670   64.67644 -168.59558     3.1653    32.2575    1459.67  0.000e+00
      6.670   64.67644 -168.59558     3.2284    32.2317    1459.90  0.000e+00
      6.670   64.67644 -168.59558     3.2296    32.2299    1459.90  0.000e+00
      6.724   64.67644 -168.59558     3.1995    32.2325    1459.78  0.000e+00
