EcoFOCI/data/1_SampleCollection/2023_SikuliaqDBO_CruiseData/CTD_raw_BottleFile_SKQ23-12S/proc/skq202312s_079.cnv
* Sea-Bird SBE 9 Data File:
* FileName = D:\CTD\SKQ202312S\SKQ202312S_079.hex
* Software Version Seasave V 7.26.7.121
* Temperature SN = 6177
* Conductivity SN = 0369
* Number of Bytes Per Scan = 41
* Number of Voltage Words = 4
* Number of Scans Averaged by the Deck Unit = 1
* NMEA Latitude = 65 44.28 N
* NMEA Longitude = 168 38.83 W
* NMEA UTC (Time) = Oct 03 2023  07:05:08
* NMEA baud rate = 4800
** Ship: R/V Sikuliaq
** Station Number: 079
** Station Name: BS6
** Bottom Depth: 51
** Operator: SD
# nquan = 24
# nvalues = 5201                                  
# units = specified
# name 0 = depSM: Depth [salt water, m]
# name 1 = latitude: Latitude [deg]
# name 2 = longitude: Longitude [deg]
# name 3 = prDM: Pressure, Digiquartz [db]
# name 4 = t090C: Temperature [ITS-90, deg C]
# name 5 = t190C: Temperature, 2 [ITS-90, deg C]
# name 6 = potemp090C: Potential Temperature [ITS-90, deg C]
# name 7 = sal00: Salinity, Practical [PSU]
# name 8 = sal11: Salinity, Practical, 2 [PSU]
# name 9 = density00: Density [density, kg/m^3]
# name 10 = sigma-é00: Density [sigma-theta, kg/m^3]
# name 11 = sbox0Mm/Kg: Oxygen, SBE 43 [umol/kg]
# name 12 = sbox1Mm/Kg: Oxygen, SBE 43, 2 [umol/kg]
# name 13 = oxsolMm/Kg: Oxygen Saturation, Garcia & Gordon [umol/kg]
# name 14 = sbeox0PS: Oxygen, SBE 43 [% saturation]
# name 15 = sbeox1PS: Oxygen, SBE 43, 2 [% saturation]
# name 16 = v0: Voltage 0
# name 17 = flECO-AFL: Fluorescence, WET Labs ECO-AFL/FL [mg/m^3]
# name 18 = v1: Voltage 1
# name 19 = CStarAt0: Beam Attenuation, WET Labs C-Star [1/m]
# name 20 = par: PAR/Irradiance, Biospherical/Licor
# name 21 = scan: Scan Count
# name 22 = timeM: Time, Elapsed [minutes]
# name 23 = flag:  0.000e+00
# span 0 =      2.896,     46.217                 
# span 1 =   65.73778,   65.73788                 
# span 2 = -168.64800, -168.64748                 
# span 3 =      2.925,     46.682                 
# span 4 =     2.8054,     6.2234                 
# span 5 =     2.8063,     6.2270                 
# span 6 =     2.8035,     6.2227                 
# span 7 =    26.2108,    32.5771                 
# span 8 =    26.6702,    32.8149                 
# span 9 =  1020.6170,  1026.1827                 
# span 10 =    20.6023,    25.9638                
# span 11 =    242.550,    293.804                
# span 12 =    234.208,    281.904                
# span 13 =  309.52429,  335.50888                
# span 14 =     73.339,     92.086                
# span 15 =     71.166,     88.630                
# span 16 =     0.1026,     0.3407                
# span 17 =     0.2674,     1.6960                
# span 18 =     3.6642,     4.0867                
# span 19 =     0.5699,     1.0065                
# span 20 = 1.0000e-12, 3.8458e-01                
# span 21 =          1,       5201                
# span 22 =     0.0000,     3.6111                
# span 23 = 0.0000e+00, 0.0000e+00                
# interval = seconds: 0.0416667
# start_time = Oct 03 2023 07:08:37 [NMEA time, first data scan]
# bad_flag = -9.990e-29
*END*
[from data line 2053]
     19.812   65.73784 -168.64774     20.010     5.4430     5.4441     5.4416    31.4187    31.8587  1024.8813    24.7885    271.755    263.173  312.40863     86.987     84.518     0.1087     0.3040     3.9609     0.6949 1.0000e-12       2054     1.4257  0.000e+00
     19.789   65.73784 -168.64774     19.987     5.4429     5.4433     5.4414    31.4173    31.8591  1024.8801    24.7874    271.651    263.202  312.41312     86.952     84.526     0.1074     0.2967     3.9609     0.6949 8.4714e-06       2055     1.4264  0.000e+00
     19.843   65.73784 -168.64774     20.041     5.4421     5.4411     5.4406    31.4169    31.8591  1024.8802    24.7872    271.747    263.259  312.41996     86.981     84.540     0.1074     0.2967     3.9609     0.6949 1.0000e-12       2056     1.4271  0.000e+00
     19.866   65.73784 -168.64774     20.065     5.4408     5.4395     5.4393    31.4173    31.8592  1024.8807    24.7876    271.836    263.125  312.42837     87.008     84.494     0.1087     0.3040     3.9609     0.6949 1.0000e-12       2057     1.4278  0.000e+00
     19.959   65.73784 -168.64774     20.158     5.4392     5.4381     5.4377    31.4177    31.8589  1024.8816    24.7881    271.953    263.170  312.43919     87.042     84.505     0.1074     0.2967     3.9609     0.6949 8.4714e-06       2058     1.4285  0.000e+00
     19.905   65.73784 -168.64774     20.104     5.4378     5.4358     5.4363    31.4170    31.8594  1024.8810    24.7877    272.057    263.209  312.45151     87.072     84.514     0.1087     0.3040     3.9609     0.6949 1.0000e-12       2059     1.4292  0.000e+00
     19.982   65.73784 -168.64774     20.181     5.4354     5.4328     5.4339    31.4163    31.8593  1024.8811    24.7874    271.961    263.092  312.47103     87.035     84.470     0.1074     0.2967     3.9609     0.6949 1.0000e-12       2060     1.4299  0.000e+00
     19.959   65.73784 -168.64774     20.158     5.4328     5.4297     5.4313    31.4158    31.8593  1024.8809    24.7873    272.256    263.130  312.49081     87.124     84.476     0.1087     0.3040     3.9609     0.6949 1.0000e-12       2061     1.4306  0.000e+00
     20.020   65.73784 -168.64774     20.220     5.4304     5.4262     5.4289    31.4150    31.8595  1024.8808    24.7870    272.169    263.187  312.51040     87.091     84.487     0.1074     0.2967     3.9536     0.7023 1.0000e-12       2062     1.4312  0.000e+00
     19.982   65.73784 -168.64774     20.181     5.4284     5.4224     5.4269    31.4148    31.8603  1024.8807    24.7871    272.267    263.235  312.52615     87.118     84.496     0.1074     0.2967     3.9475     0.7085 1.0000e-12       2063     1.4319  0.000e+00
     20.074   65.73784 -168.64774     20.275     5.4258     5.4196     5.4243    31.4142    31.8597  1024.8809    24.7869    272.394    263.298  312.54633     87.153     84.510     0.1074     0.2967     3.9451     0.7110 1.0000e-12       2064     1.4326  0.000e+00
     20.136   65.73784 -168.64774     20.337     5.4236     5.4176     5.4221    31.4148    31.8594  1024.8820    24.7876    272.504    263.367  312.56158     87.184     84.528     0.1087     0.3040     3.9463     0.7098 1.0000e-12       2065     1.4333  0.000e+00
     20.097   65.73784 -168.64774     20.298     5.4214     5.4166     5.4198    31.4159    31.8589  1024.8829    24.7887    272.627    263.421  312.57549     87.220     84.543     0.1087     0.3040     3.9463     0.7098 1.0000e-12       2066     1.4340  0.000e+00
     20.074   65.73784 -168.64774     20.275     5.4198     5.4167     5.4183    31.4169    31.8591  1024.8838    24.7897    272.766    263.277  312.58494     87.261     84.497     0.1074     0.2967     3.9463     0.7098 1.0000e-12       2067     1.4347  0.000e+00
     20.136   65.73784 -168.64774     20.337     5.4183     5.4183     5.4168    31.4177    31.8590  1024.8849    24.7905    272.894    263.302  312.59369     87.300     84.508     0.1087     0.3040     3.9463     0.7098 1.0000e-12       2068     1.4354  0.000e+00
     20.151   65.73784 -168.64774     20.353     5.4179     5.4213     5.4163    31.4183    31.8587  1024.8854    24.7910    273.001    263.329  312.59586     87.333     84.523     0.1074     0.2967     3.9463     0.7098 8.4714e-06       2069     1.4361  0.000e+00
     20.190   65.73784 -168.64774     20.392     5.4182     5.4249     5.4166    31.4205    31.8589  1024.8873    24.7927    273.116    263.183  312.58844     87.372     84.483     0.1087     0.3040     3.9463     0.7098 1.0000e-12       2070     1.4368  0.000e+00
     20.190   65.73784 -168.64774     20.392     5.4193     5.4281     5.4178    31.4221    31.8589  1024.8885    24.7939    273.240    263.195  312.57624     87.416     84.493     0.1074     0.2967     3.9463     0.7098 1.0000e-12       2071     1.4375  0.000e+00
     20.244   65.73784 -168.64774     20.446     5.4207     5.4296     5.4192    31.4235    31.8600  1024.8897    24.7948    273.180    263.211  312.56276     87.400     84.502     0.1074     0.2967     3.9463     0.7098 8.4714e-06       2072     1.4382  0.000e+00
     20.267   65.73784 -168.64774     20.470     5.4226     5.4306     5.4211    31.4240    31.8605  1024.8900    24.7950    273.275    263.242  312.54699     87.435     84.515     0.1087     0.3040     3.9463     0.7098 1.0000e-12       2073     1.4389  0.000e+00
     20.244   65.73784 -168.64774     20.446     5.4240     5.4313     5.4225    31.4245    31.8604  1024.8901    24.7952    273.559    263.286  312.53573     87.529     84.530     0.1123     0.3260     3.9463     0.7098 1.0000e-12       2074     1.4396  0.000e+00
     20.306   65.73784 -168.64774     20.509     5.4255     5.4319     5.4240    31.4243    31.8606  1024.8901    24.7949    273.487    263.145  312.52544     87.509     84.486     0.1148     0.3406     3.9463     0.7098 1.0000e-12       2075     1.4403  0.000e+00
     20.329   65.73784 -168.64774     20.532     5.4265     5.4325     5.4249    31.4243    31.8604  1024.8900    24.7948    273.603    263.176  312.51824     87.548     84.497     0.1123     0.3260     3.9463     0.7098 1.0000e-12       2076     1.4410  0.000e+00
     20.306   65.73784 -168.64774     20.509     5.4274     5.4329     5.4259    31.4246    31.8609  1024.8901    24.7950    273.701    263.219  312.51019     87.582     84.512     0.1136     0.3333     3.9463     0.7098 1.0000e-12       2077     1.4417  0.000e+00
     20.360   65.73784 -168.64774     20.563     5.4282     5.4324     5.4267    31.4250    31.8614  1024.8906    24.7952    273.786    263.262  312.50356     87.611     84.525     0.1123     0.3260     3.9463     0.7098 1.0000e-12       2078     1.4424  0.000e+00
     20.383   65.73784 -168.64774     20.587     5.4287     5.4311     5.4271    31.4241    31.8618  1024.8899    24.7944    273.887    263.120  312.50241     87.643     84.477     0.1136     0.3333     3.9463     0.7098 1.0000e-12       2079     1.4431  0.000e+00
     20.359   65.73784 -168.64774     20.563     5.4293     5.4298     5.4278    31.4217    31.8618  1024.8878    24.7924    273.768    263.150  312.50297     87.605     84.484     0.1123     0.3260     3.9463     0.7098 1.0000e-12       2080     1.4438  0.000e+00
     20.421   65.73784 -168.64774     20.625     5.4291     5.4287     5.4275    31.4219    31.8618  1024.8883    24.7926    273.838    263.374  312.50447     87.627     84.554     0.1136     0.3333     3.9463     0.7098 1.0000e-12       2081     1.4444  0.000e+00
     20.444   65.73784 -168.64774     20.649     5.4290     5.4281     5.4274    31.4205    31.8616  1024.8873    24.7915    274.122    263.260  312.50848     87.717     84.516     0.1136     0.3333     3.9475     0.7085 1.0000e-12       2082     1.4451  0.000e+00
     20.421   65.73784 -168.64774     20.625     5.4287     5.4274     5.4271    31.4210    31.8619  1024.8877    24.7920    274.009    263.299  312.50945     87.680     84.527     0.1123     0.3260     3.9512     0.7048 8.4714e-06       2083     1.4458  0.000e+00
     20.475   65.73784 -168.64774     20.680     5.4281     5.4273     5.4265    31.4214    31.8617  1024.8883    24.7923    273.883    263.166  312.51317     87.639     84.484     0.1136     0.3333     3.9524     0.7036 1.0000e-12       2084     1.4465  0.000e+00
     20.444   65.73784 -168.64774     20.649     5.4276     5.4270     5.4261    31.4209    31.8619  1024.8878    24.7920    274.110    263.204  312.51777     87.710     84.496     0.1123     0.3260     3.9524     0.7036 1.0000e-12       2085     1.4472  0.000e+00
     20.537   65.73784 -168.64774     20.742     5.4271     5.4269     5.4255    31.4217    31.8622  1024.8889    24.7926    274.177    263.236  312.51976     87.731     84.506     0.1136     0.3333     3.9524     0.7036 1.0000e-12       2086     1.4479  0.000e+00
     20.475   65.73784 -168.64774     20.680     5.4268     5.4268     5.4252    31.4224    31.8621  1024.8892    24.7933    274.246    263.273  312.52033     87.753     84.518     0.1123     0.3260     3.9524     0.7036 1.0000e-12       2087     1.4486  0.000e+00
     20.552   65.73784 -168.64774     20.758     5.4266     5.4269     5.4251    31.4228    31.8624  1024.8899    24.7936    274.098    263.304  312.52052     87.706     84.528     0.1136     0.3333     3.9524     0.7036 1.0000e-12       2088     1.4493  0.000e+00
     20.537   65.73784 -168.64774     20.742     5.4263     5.4269     5.4248    31.4225    31.8624  1024.8897    24.7934    274.131    263.342  312.52344     87.715     84.541     0.1123     0.3260     3.9524     0.7036 8.4714e-06       2089     1.4500  0.000e+00
     20.537   65.73784 -168.64776     20.742     5.4261     5.4268     5.4246    31.4220    31.8624  1024.8893    24.7930    274.143    263.391  312.52575     87.718     84.556     0.1123     0.3260     3.9524     0.7036 1.0000e-12       2090     1.4507  0.000e+00
     20.552   65.73784 -168.64776     20.758     5.4261     5.4269     5.4246    31.4227    31.8625  1024.8899    24.7936    274.191    263.429  312.52417     87.734     84.568     0.1136     0.3333     3.9524     0.7036 1.0000e-12       2091     1.4514  0.000e+00
     20.591   65.73784 -168.64776     20.797     5.4263     5.4270     5.4248    31.4235    31.8627  1024.8907    24.7942    274.218    263.295  312.52111     87.744     84.526     0.1123     0.3260     3.9524     0.7036 1.0000e-12       2092     1.4521  0.000e+00
     20.645   65.73784 -168.64776     20.851     5.4260     5.4275     5.4244    31.4241    31.8626  1024.8915    24.7947    274.257    263.331  312.52198     87.756     84.538     0.1136     0.3333     3.9524     0.7036 1.0000e-12       2093     1.4528  0.000e+00
     20.614   65.73784 -168.64776     20.820     5.4261     5.4279     5.4246    31.4230    31.8627  1024.8904    24.7938    274.272    263.173  312.52345     87.760     84.488     0.1123     0.3260     3.9524     0.7036 8.4714e-06       2094     1.4535  0.000e+00
     20.591   65.73784 -168.64776     20.797     5.4260     5.4278     5.4244    31.4237    31.8632  1024.8909    24.7944    274.293    263.189  312.52307     87.767     84.494     0.1136     0.3333     3.9524     0.7036 8.4714e-06       2095     1.4542  0.000e+00
     20.645   65.73784 -168.64776     20.851     5.4265     5.4284     5.4249    31.4239    31.8629  1024.8913    24.7945    274.320    263.214  312.51903     87.777     84.503     0.1123     0.3260     3.9524     0.7036 1.0000e-12       2096     1.4549  0.000e+00
     20.668   65.73784 -168.64776     20.875     5.4263     5.4284     5.4247    31.4244    31.8631  1024.8918    24.7949    274.358    263.231  312.51907     87.789     84.508     0.1123     0.3260     3.9524     0.7036 1.0000e-12       2097     1.4556  0.000e+00
     20.645   65.73784 -168.64776     20.851     5.4265     5.4283     5.4249    31.4246    31.8634  1024.8917    24.7950    274.198    263.256  312.51762     87.739     84.516     0.1123     0.3260     3.9524     0.7036 1.0000e-12       2098     1.4563  0.000e+00
     20.706   65.73784 -168.64776     20.914     5.4267     5.4284     5.4251    31.4242    31.8634  1024.8917    24.7947    274.223    263.090  312.51697     87.747     84.463     0.1160     0.3480     3.9524     0.7036 1.0000e-12       2099     1.4569  0.000e+00
     20.668   65.73784 -168.64776     20.875     5.4266     5.4284     5.4251    31.4244    31.8637  1024.8917    24.7949    274.223    263.093  312.51684     87.747     84.464     0.1172     0.3553     3.9524     0.7036 1.0000e-12       2100     1.4576  0.000e+00
     20.706   65.73784 -168.64776     20.914     5.4269     5.4284     5.4254    31.4242    31.8637  1024.8917    24.7947    274.231    263.106  312.51500     87.750     84.469     0.1160     0.3480     3.9524     0.7036 1.0000e-12       2101     1.4583  0.000e+00
     20.706   65.73784 -168.64776     20.914     5.4269     5.4283     5.4254    31.4246    31.8636  1024.8920    24.7950    274.246    263.109  312.51412     87.755     84.469     0.1172     0.3553     3.9512     0.7048 1.0000e-12       2102     1.4590  0.000e+00
     20.730   65.73784 -168.64776     20.937     5.4268     5.4281     5.4252    31.4251    31.8636  1024.8925    24.7954    274.271    262.939  312.51415     87.763     84.414     0.1172     0.3553     3.9463     0.7098 1.0000e-12       2103     1.4597  0.000e+00
     20.760   65.73784 -168.64776     20.968     5.4268     5.4279     5.4252    31.4249    31.8639  1024.8925    24.7952    274.272    262.941  312.51454     87.763     84.415     0.1172     0.3553     3.9451     0.7110 1.0000e-12       2104     1.4604  0.000e+00
     20.760   65.73784 -168.64776     20.968     5.4269     5.4279     5.4254    31.4251    31.8640  1024.8927    24.7954    274.075    262.767  312.51294     87.700     84.359     0.1160     0.3480     3.9451     0.7110 1.0000e-12       2105     1.4611  0.000e+00
     20.730   65.73784 -168.64776     20.937     5.4268     5.4276     5.4252    31.4250    31.8642  1024.8924    24.7953    274.059    262.566  312.51433     87.695     84.294     0.1172     0.3553     3.9463     0.7098 1.0000e-12       2106     1.4618  0.000e+00
     20.822   65.73784 -168.64776     21.030     5.4268     5.4276     5.4252    31.4252    31.8641  1024.8931    24.7955    274.054    262.538  312.51381     87.693     84.285     0.1172     0.3553     3.9463     0.7098 1.0000e-12       2107     1.4625  0.000e+00
     20.784   65.73784 -168.64776     20.991     5.4268     5.4275     5.4252    31.4254    31.8640  1024.8930    24.7956    274.051    262.517  312.51342     87.692     84.278     0.1172     0.3553     3.9463     0.7098 1.0000e-12       2108     1.4632  0.000e+00
     20.760   65.73784 -168.64776     20.968     5.4265     5.4275     5.4249    31.4254    31.8639  1024.8930    24.7957    274.027    262.484  312.51553     87.684     84.267     0.1172     0.3553     3.9451     0.7110 1.0000e-12       2109     1.4639  0.000e+00
     20.822   65.73784 -168.64776     21.030     5.4265     5.4273     5.4249    31.4260    31.8640  1024.8937    24.7962    274.041    262.464  312.51419     87.689     84.261     0.1172     0.3553     3.9463     0.7098 1.0000e-12       2110     1.4646  0.000e+00
     20.845   65.73784 -168.64776     21.054     5.4261     5.4270     5.4246    31.4258    31.8641  1024.8937    24.7961    274.033    262.272  312.51689     87.686     84.198     0.1172     0.3553     3.9451     0.7110 1.0000e-12       2111     1.4653  0.000e+00
     20.822   65.73784 -168.64776     21.030     5.4258     5.4267     5.4243    31.4251    31.8640  1024.8931    24.7955    274.031    262.250  312.52086     87.684     84.190     0.1172     0.3553     3.9451     0.7110 1.0000e-12       2112     1.4660  0.000e+00
     20.822   65.73784 -168.64776     21.030     5.4260     5.4265     5.4244    31.4243    31.8641  1024.8924    24.7948    274.033    262.236  312.52174     87.684     84.186     0.1172     0.3553     3.9451     0.7110 1.0000e-12       2113     1.4667  0.000e+00
