EcoFOCI/data/1_SampleCollection/2023_SikuliaqDBO_CruiseData/CTD_raw_BottleFile_SKQ23-12S/proc/skq202312s_070.ros
* Sea-Bird SBE 9 Data File:
* FileName = D:\CTD\SKQ202312S\SKQ202312S_070.hex
* Software Version Seasave V 7.26.7.121
* Temperature SN = 6177
* Conductivity SN = 0369
* Number of Bytes Per Scan = 41
* Number of Voltage Words = 4
* Number of Scans Averaged by the Deck Unit = 1
* NMEA Latitude = 67 53.89 N
* NMEA Longitude = 168 14.05 W
* NMEA UTC (Time) = Sep 30 2023  04:20:28
* NMEA baud rate = 4800
** Ship: R/V Sikuliaq
** Station Number: 070
** Station Name: DBO3.6
** Bottom Depth: 50
** Operator: SD
# nquan = 22
# nvalues = 1127                                  
# units = specified
# name 0 = depSM: Depth [salt water, m]
# name 1 = latitude: Latitude [deg]
# name 2 = longitude: Longitude [deg]
# name 3 = prDM: Pressure, Digiquartz [db]
# name 4 = t090C: Temperature [ITS-90, deg C]
# name 5 = t190C: Temperature, 2 [ITS-90, deg C]
# name 6 = potemp090C: Potential Temperature [ITS-90, deg C]
# name 7 = sal00: Salinity, Practical [PSU]
# name 8 = sal11: Salinity, Practical, 2 [PSU]
# name 9 = density00: Density [density, kg/m^3]
# name 10 = sigma-é00: Density [sigma-theta, kg/m^3]
# name 11 = sbox0Mm/Kg: Oxygen, SBE 43 [umol/kg]
# name 12 = sbox1Mm/Kg: Oxygen, SBE 43, 2 [umol/kg]
# name 13 = oxsolMm/Kg: Oxygen Saturation, Garcia & Gordon [umol/kg]
# name 14 = sbeox0PS: Oxygen, SBE 43 [% saturation]
# name 15 = v0: Voltage 0
# name 16 = flECO-AFL: Fluorescence, WET Labs ECO-AFL/FL [mg/m^3]
# name 17 = CStarAt0: Beam Attenuation, WET Labs C-Star [1/m]
# name 18 = par: PAR/Irradiance, Biospherical/Licor
# name 19 = scan: Scan Count
# name 20 = nbf: Bottles Fired
# name 21 = flag:  0.000e+00
# interval = seconds: 0.0416667
# start_time = Sep 30 2023 04:23:19 [NMEA time, first data scan]
# bad_flag = -9.990e-29
*END*
[from data line 791]
     10.115   67.89834 -168.23380     10.218     3.7418     3.7411     3.7413    28.2689    28.1453  1022.5063    22.4581    325.221    313.926  333.27321     97.584     0.4066     2.0916     0.7860 1.2974e+00      20630         17  0.000e+00
     10.115   67.89834 -168.23380     10.218     3.7415     3.7413     3.7410    28.2693    28.1451  1022.5066    22.4585    325.447    313.927  333.27475     97.651     0.4078     2.0989     0.7860 1.2934e+00      20631         17  0.000e+00
     10.061   67.89834 -168.23380     10.163     3.7415     3.7414     3.7410    28.2692    28.1445  1022.5063    22.4584    325.229    313.927  333.27506     97.586     0.4066     2.0916     0.7860 1.2974e+00      20632         17  0.000e+00
     10.115   67.89834 -168.23380     10.218     3.7410     3.7418     3.7405    28.2692    28.1447  1022.5066    22.4585    325.457    313.928  333.27883     97.653     0.4078     2.0989     0.7860 1.2974e+00      20633         17  0.000e+00
     10.115   67.89834 -168.23380     10.218     3.7410     3.7418     3.7405    28.2692    28.1447  1022.5066    22.4585    325.274    314.126  333.27883     97.598     0.4078     2.0989     0.7873 1.3013e+00      20634         17  0.000e+00
     10.061   67.89834 -168.23380     10.163     3.7407     3.7418     3.7402    28.2698    28.1449  1022.5068    22.4589    325.275    314.146  333.28012     97.598     0.4078     2.0989     0.7873 1.3013e+00      20635         17  0.000e+00
     10.146   67.89834 -168.23380     10.249     3.7410     3.7416     3.7405    28.2695    28.1451  1022.5070    22.4587    325.242    313.999  333.27812     97.589     0.4078     2.0989     0.7873 1.3013e+00      20636         17  0.000e+00
     10.061   67.89834 -168.23380     10.163     3.7414     3.7415     3.7408    28.2695    28.1443  1022.5065    22.4586    325.201    314.219  333.27565     97.577     0.4078     2.0989     0.7873 1.2974e+00      20637         17  0.000e+00
     10.115   67.89834 -168.23380     10.218     3.7415     3.7411     3.7410    28.2693    28.1443  1022.5066    22.4585    325.419    314.270  333.27485     97.643     0.4090     2.1062     0.7873 1.3013e+00      20638         17  0.000e+00
     10.061   67.89834 -168.23380     10.163     3.7417     3.7410     3.7411    28.2691    28.1444  1022.5061    22.4583    325.447    314.291  333.27410     97.651     0.4078     2.0989     0.7873 1.3094e+00      20639         17  0.000e+00
     10.177   67.89834 -168.23380     10.280     3.7417     3.7411     3.7411    28.2686    28.1441  1022.5063    22.4579    325.264    314.318  333.27535     97.596     0.4090     2.1062     0.7873 1.3134e+00      20640         17  0.000e+00
     10.061   67.89834 -168.23380     10.163     3.7417     3.7411     3.7411    28.2685    28.1442  1022.5057    22.4578    325.509    314.138  333.27549     97.670     0.4078     2.0989     0.7873 1.3134e+00      20641         17  0.000e+00
     10.115   67.89834 -168.23380     10.218     3.7420     3.7413     3.7414    28.2684    28.1443  1022.5058    22.4577    325.538    314.333  333.27318     97.679     0.4090     2.1062     0.7873 1.3094e+00      20642         17  0.000e+00
     10.115   67.89834 -168.23380     10.218     3.7415     3.7413     3.7410    28.2684    28.1445  1022.5059    22.4578    325.571    314.134  333.27698     97.688     0.4078     2.0989     0.7873 1.3094e+00      20643         17  0.000e+00
     10.092   67.89834 -168.23380     10.194     3.7418     3.7413     3.7413    28.2686    28.1449  1022.5059    22.4579    325.593    314.107  333.27383     97.695     0.4090     2.1062     0.7873 1.3094e+00      20644         17  0.000e+00
     10.115   67.89834 -168.23380     10.218     3.7417     3.7418     3.7411    28.2688    28.1442  1022.5062    22.4580    325.585    314.102  333.27482     97.693     0.4078     2.0989     0.7873 1.3134e+00      20645         17  0.000e+00
     10.115   67.89834 -168.23380     10.218     3.7415     3.7415     3.7410    28.2686    28.1441  1022.5061    22.4580    325.610    314.101  333.27642     97.700     0.4078     2.0989     0.7873 1.3214e+00      20646         17  0.000e+00
     10.115   67.89834 -168.23380     10.218     3.7415     3.7416     3.7410    28.2684    28.1441  1022.5059    22.4577    325.632    314.096  333.27707     97.706     0.4078     2.0989     0.7873 1.3214e+00      20647         17  0.000e+00
     10.116   67.89834 -168.23380     10.218     3.7414     3.7415     3.7408    28.2684    28.1445  1022.5059    22.4578    325.617    314.289  333.27831     97.701     0.4139     2.1355     0.7873 1.3094e+00      20648         17  0.000e+00
     10.116   67.89834 -168.23380     10.218     3.7412     3.7416     3.7406    28.2690    28.1446  1022.5064    22.4583    325.634    314.304  333.27815     97.707     0.4200     2.1721     0.7873 1.3013e+00      20649         17  0.000e+00
     10.116   67.89834 -168.23380     10.218     3.7414     3.7415     3.7408    28.2694    28.1453  1022.5067    22.4585    325.648    314.321  333.27589     97.711     0.4225     2.1868     0.7873 1.2974e+00      20650         17  0.000e+00
     10.116   67.89834 -168.23380     10.218     3.7414     3.7411     3.7408    28.2695    28.1454  1022.5068    22.4587    325.661    314.339  333.27552     97.715     0.4212     2.1795     0.7873 1.3013e+00      20651         17  0.000e+00
     10.092   67.89834 -168.23380     10.195     3.7420     3.7404     3.7414    28.2695    28.1452  1022.5066    22.4586    325.667    314.360  333.27028     97.719     0.4212     2.1795     0.7873 1.3094e+00      20652         17  0.000e+00
     10.177   67.89834 -168.23380     10.280     3.7423     3.7405     3.7417    28.2697    28.1446  1022.5072    22.4587    325.608    314.181  333.26726     97.702     0.4212     2.1795     0.7873 1.3094e+00      20653         17  0.000e+00
     10.116   67.89834 -168.23380     10.218     3.7426     3.7402     3.7421    28.2696    28.1446  1022.5068    22.4587    325.610    314.173  333.26481     97.703     0.4212     2.1795     0.7860 1.3134e+00      20654         17  0.000e+00
     10.177   67.89834 -168.23380     10.280     3.7429     3.7397     3.7423    28.2698    28.1447  1022.5071    22.4587    325.616    314.171  333.26236     97.705     0.4200     2.1721     0.7847 1.3134e+00      20655         17  0.000e+00
     10.116   67.89834 -168.23380     10.218     3.7436     3.7397     3.7430    28.2697    28.1446  1022.5068    22.4586    325.611    314.356  333.25684     97.706     0.4212     2.1795     0.7847 1.3174e+00      20656         17  0.000e+00
     10.116   67.89834 -168.23380     10.218     3.7438     3.7397     3.7433    28.2698    28.1448  1022.5068    22.4587    325.576    314.369  333.25441     97.696     0.4225     2.1868     0.7847 1.3174e+00      20657         17  0.000e+00
     10.177   67.89834 -168.23380     10.280     3.7442     3.7404     3.7436    28.2695    28.1441  1022.5068    22.4584    325.576    314.379  333.25266     97.697     0.4212     2.1795     0.7847 1.3174e+00      20658         17  0.000e+00
     10.062   67.89834 -168.23380     10.163     3.7443     3.7402     3.7438    28.2695    28.1445  1022.5062    22.4584    325.569    314.386  333.25139     97.695     0.4225     2.1868     0.7847 1.3214e+00      20659         17  0.000e+00
     10.208   67.89834 -168.23380     10.311     3.7445     3.7402     3.7439    28.2691    28.1447  1022.5066    22.4580    325.607    314.402  333.25106     97.706     0.4212     2.1795     0.7847 1.3174e+00      20660         17  0.000e+00
     10.116   67.89834 -168.23380     10.218     3.7444     3.7407     3.7438    28.2689    28.1442  1022.5061    22.4579    325.820    314.404  333.25224     97.770     0.4225     2.1868     0.7847 1.3134e+00      20661         17  0.000e+00
     10.177   67.89834 -168.23380     10.280     3.7442     3.7404     3.7436    28.2687    28.1443  1022.5062    22.4577    325.635    314.418  333.25470     97.714     0.4212     2.1795     0.7847 1.3094e+00      20662         17  0.000e+00
     10.116   67.89834 -168.23380     10.218     3.7438     3.7399     3.7433    28.2684    28.1446  1022.5057    22.4576    325.847    314.426  333.25794     97.776     0.4212     2.1795     0.7847 1.3094e+00      20663         17  0.000e+00
     10.177   67.89834 -168.23380     10.280     3.7435     3.7396     3.7430    28.2686    28.1451  1022.5062    22.4577    325.658    314.413  333.26011     97.719     0.4200     2.1721     0.7847 1.3094e+00      20664         17  0.000e+00
     10.177   67.89834 -168.23380     10.280     3.7434     3.7399     3.7428    28.2685    28.1446  1022.5061    22.4577    325.648    314.393  333.26153     97.716     0.4212     2.1795     0.7847 1.3094e+00      20665         17  0.000e+00
     10.177   67.89834 -168.23380     10.280     3.7433     3.7400     3.7427    28.2686    28.1447  1022.5062    22.4578    325.636    314.372  333.26226     97.712     0.4212     2.1795     0.7847 1.3094e+00      20666         17  0.000e+00
     10.147   67.89834 -168.23380     10.249     3.7431     3.7399     3.7425    28.2688    28.1451  1022.5062    22.4579    325.658    314.372  333.26350     97.718     0.4225     2.1868     0.7847 1.3094e+00      20667         17  0.000e+00
     10.177   67.89834 -168.23380     10.280     3.7428     3.7397     3.7422    28.2686    28.1449  1022.5062    22.4578    325.648    314.375  333.26624     97.714     0.4212     2.1795     0.7847 1.3053e+00      20668         17  0.000e+00
     10.116   67.89834 -168.23380     10.218     3.7428     3.7397     3.7422    28.2685    28.1449  1022.5058    22.4577    325.630    314.372  333.26645     97.709     0.4212     2.1795     0.7847 1.3053e+00      20669         17  0.000e+00
     10.177   67.89834 -168.23380     10.280     3.7426     3.7397     3.7421    28.2688    28.1447  1022.5064    22.4580    325.616    314.373  333.26692     97.704     0.4212     2.1795     0.7847 1.3094e+00      20670         17  0.000e+00
     10.177   67.89834 -168.23380     10.280     3.7423     3.7386     3.7417    28.2689    28.1456  1022.5065    22.4581    325.600    314.377  333.26921     97.699     0.4212     2.1795     0.7847 1.3094e+00      20671         17  0.000e+00
     10.147   67.89834 -168.23380     10.250     3.7346     3.7332     3.7340    28.2659    28.1415  1022.5046    22.4563    324.583    314.039  333.34033     97.373     0.4212     2.1795     0.7847 1.2855e+00      20767         18  0.000e+00
     10.178   67.89834 -168.23380     10.281     3.7346     3.7330     3.7340    28.2661    28.1418  1022.5049    22.4565    324.576    314.049  333.33981     97.371     0.4200     2.1721     0.7835 1.2855e+00      20768         18  0.000e+00
     10.178   67.89834 -168.23380     10.281     3.7346     3.7332     3.7340    28.2661    28.1415  1022.5049    22.4565    324.569    314.055  333.33981     97.369     0.4212     2.1795     0.7847 1.2855e+00      20769         18  0.000e+00
     10.117   67.89834 -168.23380     10.219     3.7347     3.7330     3.7342    28.2657    28.1416  1022.5043    22.4562    324.341    314.061  333.33934     97.301     0.4200     2.1721     0.7847 1.2855e+00      20770         18  0.000e+00
     10.117   67.89834 -168.23380     10.219     3.7344     3.7332     3.7338    28.2658    28.1414  1022.5045    22.4563    324.308    314.068  333.34213     97.290     0.4200     2.1721     0.7847 1.2737e+00      20771         18  0.000e+00
     10.178   67.89834 -168.23380     10.281     3.7341     3.7329     3.7335    28.2663    28.1417  1022.5051    22.4567    324.278    314.080  333.34324     97.280     0.4200     2.1721     0.7847 1.2698e+00      20772         18  0.000e+00
     10.178   67.89834 -168.23380     10.281     3.7343     3.7329     3.7337    28.2659    28.1415  1022.5048    22.4564    324.500    314.088  333.34275     97.347     0.4200     2.1721     0.7847 1.2698e+00      20773         18  0.000e+00
     10.117   67.89834 -168.23380     10.219     3.7343     3.7332     3.7337    28.2660    28.1412  1022.5046    22.4565    324.502    314.090  333.34249     97.348     0.4200     2.1721     0.7847 1.2737e+00      20774         18  0.000e+00
     10.209   67.89834 -168.23380     10.313     3.7344     3.7355     3.7338    28.2660    28.1397  1022.5050    22.4564    324.513    314.085  333.34177     97.351     0.4200     2.1721     0.7847 1.2776e+00      20775         18  0.000e+00
     10.178   67.89834 -168.23380     10.281     3.7344     3.7386     3.7339    28.2661    28.1382  1022.5049    22.4565    324.301    314.067  333.34114     97.288     0.4335     2.2527     0.7847 1.2776e+00      20776         18  0.000e+00
     10.178   67.89834 -168.23380     10.281     3.7343     3.7411     3.7337    28.2665    28.1372  1022.5053    22.4568    324.497    314.056  333.34136     97.347     0.4432     2.3113     0.7847 1.2776e+00      20777         18  0.000e+00
     10.117   67.89834 -168.23380     10.219     3.7343     3.7418     3.7337    28.2666    28.1374  1022.5051    22.4570    324.288    314.054  333.34101     97.284     0.4444     2.3187     0.7847 1.2815e+00      20778         18  0.000e+00
     10.178   67.89834 -168.23380     10.281     3.7346     3.7422     3.7340    28.2665    28.1375  1022.5053    22.4568    324.270    314.037  333.33870     97.279     0.4432     2.3113     0.7847 1.2815e+00      20779         18  0.000e+00
     10.178   67.89834 -168.23380     10.281     3.7347     3.7419     3.7341    28.2667    28.1382  1022.5054    22.4570    324.471    314.045  333.33741     97.340     0.4420     2.3040     0.7847 1.2776e+00      20780         18  0.000e+00
     10.178   67.89834 -168.23380     10.281     3.7349     3.7404     3.7343    28.2665    28.1392  1022.5052    22.4568    324.490    314.062  333.33623     97.346     0.4432     2.3113     0.7847 1.2776e+00      20781         18  0.000e+00
     10.148   67.89834 -168.23380     10.250     3.7347     3.7391     3.7342    28.2668    28.1399  1022.5054    22.4571    324.510    314.076  333.33659     97.352     0.4444     2.3187     0.7847 1.2776e+00      20782         18  0.000e+00
     10.178   67.89834 -168.23380     10.282     3.7351     3.7379     3.7345    28.2665    28.1407  1022.5052    22.4568    324.497    314.093  333.33490     97.349     0.4432     2.3113     0.7847 1.2737e+00      20783         18  0.000e+00
     10.178   67.89834 -168.23380     10.282     3.7350     3.7374     3.7344    28.2661    28.1410  1022.5049    22.4564    324.521    314.103  333.33633     97.355     0.4444     2.3187     0.7847 1.2698e+00      20784         18  0.000e+00
     10.179   67.89834 -168.23380     10.282     3.7352     3.7372     3.7347    28.2662    28.1409  1022.5050    22.4565    324.324    314.111  333.33422     97.297     0.4432     2.3113     0.7835 1.2698e+00      20785         18  0.000e+00
     10.179   67.89834 -168.23380     10.282     3.7355     3.7371     3.7350    28.2660    28.1414  1022.5048    22.4564    324.533    314.117  333.33212     97.360     0.4444     2.3187     0.7847 1.2698e+00      20786         18  0.000e+00
     10.179   67.89834 -168.23380     10.282     3.7358     3.7372     3.7352    28.2654    28.1410  1022.5043    22.4558    324.561    314.123  333.33155     97.369     0.4432     2.3113     0.7847 1.2698e+00      20787         18  0.000e+00
     10.179   67.89834 -168.23380     10.282     3.7357     3.7372     3.7351    28.2654    28.1409  1022.5043    22.4558    324.591    314.107  333.33246     97.378     0.4444     2.3187     0.7847 1.2698e+00      20788         18  0.000e+00
