EcoFOCI/data/1_SampleCollection/2023_SikuliaqDBO_CruiseData/CTD_raw_BottleFile_SKQ23-12S/proc/skq202312s_018.ros
* Sea-Bird SBE 9 Data File:
* FileName = D:\CTD\SKQ202312S\SKQ202312S_018.hex
* Software Version Seasave V 7.26.7.121
* Temperature SN = 6177
* Conductivity SN = 0369
* Number of Bytes Per Scan = 41
* Number of Voltage Words = 4
* Number of Scans Averaged by the Deck Unit = 1
* NMEA Latitude = 64 40.12 N
* NMEA Longitude = 168 14.25 W
* NMEA UTC (Time) = Sep 17 2023  18:54:46
* NMEA baud rate = 4800
** Ship: R/V Sikuliaq
** Station Number: 018
** Station Name: DBO2.3
** Bottom Depth: 38
** Operator: SD
# nquan = 22
# nvalues = 784                                   
# units = specified
# name 0 = depSM: Depth [salt water, m]
# name 1 = latitude: Latitude [deg]
# name 2 = longitude: Longitude [deg]
# name 3 = prDM: Pressure, Digiquartz [db]
# name 4 = t090C: Temperature [ITS-90, deg C]
# name 5 = t190C: Temperature, 2 [ITS-90, deg C]
# name 6 = potemp090C: Potential Temperature [ITS-90, deg C]
# name 7 = sal00: Salinity, Practical [PSU]
# name 8 = sal11: Salinity, Practical, 2 [PSU]
# name 9 = density00: Density [density, kg/m^3]
# name 10 = sigma-é00: Density [sigma-theta, kg/m^3]
# name 11 = sbox0Mm/Kg: Oxygen, SBE 43 [umol/kg]
# name 12 = sbox1Mm/Kg: Oxygen, SBE 43, 2 [umol/kg]
# name 13 = oxsolMm/Kg: Oxygen Saturation, Garcia & Gordon [umol/kg]
# name 14 = sbeox0PS: Oxygen, SBE 43 [% saturation]
# name 15 = v0: Voltage 0
# name 16 = flECO-AFL: Fluorescence, WET Labs ECO-AFL/FL [mg/m^3]
# name 17 = CStarAt0: Beam Attenuation, WET Labs C-Star [1/m]
# name 18 = par: PAR/Irradiance, Biospherical/Licor
# name 19 = scan: Scan Count
# name 20 = nbf: Bottles Fired
# name 21 = flag:  0.000e+00
# interval = seconds: 0.0416667
# start_time = Sep 17 2023 18:58:23 [NMEA time, first data scan]
# bad_flag = -9.990e-29
*END*
     32.787   64.66892 -168.23716     33.113     5.4785     5.5249     5.4760    31.8532    31.8570  1025.2817    25.1283    290.909    275.751  311.14006     93.498     0.2930     1.4102     0.8779 5.6887e-01       5141          1  0.000e+00
     32.733   64.66892 -168.23716     33.058     5.4787     5.5212     5.4762    31.8548    31.8545  1025.2827    25.1295    290.671    275.590  311.13504     93.423     0.2943     1.4176     0.8779 5.7274e-01       5142          1  0.000e+00
     32.771   64.66892 -168.23716     33.097     5.4794     5.5167     5.4769    31.8561    31.8532  1025.2838    25.1304    290.606    275.602  311.12631     93.404     0.2930     1.4102     0.8779 5.7664e-01       5143          1  0.000e+00
     32.732   64.66892 -168.23716     33.058     5.4810     5.5125     5.4785    31.8608    31.8540  1025.2872    25.1340    290.558    275.612  311.10359     93.396     0.2943     1.4176     0.8779 5.7664e-01       5144          1  0.000e+00
     32.833   64.66892 -168.23716     33.160     5.4889     5.5102     5.4864    31.8615    31.8546  1025.2873    25.1336    290.047    275.600  311.04455     93.249     0.2930     1.4102     0.8779 5.7469e-01       5145          1  0.000e+00
     32.671   64.66892 -168.23716     32.996     5.4971     5.5082     5.4946    31.8615    31.8547  1025.2856    25.1327    290.274    275.580  310.98383     93.341     0.2943     1.4176     0.8779 5.7274e-01       5146          1  0.000e+00
     32.786   64.66892 -168.23716     33.113     5.5004     5.5070     5.4979    31.8609    31.8549  1025.2852    25.1318    290.443    275.390  310.96153     93.402     0.2943     1.4176     0.8779 5.7080e-01       5147          1  0.000e+00
     32.717   64.66892 -168.23716     33.043     5.5013     5.5059     5.4988    31.8587    31.8552  1025.2831    25.1300    290.255    275.359  310.95970     93.342     0.2930     1.4102     0.8779 5.7274e-01       5148          1  0.000e+00
     32.732   64.66892 -168.23716     33.058     5.5037     5.5034     5.5012    31.8559    31.8560  1025.2807    25.1275    290.236    275.366  310.94834     93.339     0.2943     1.4176     0.8779 5.7860e-01       5149          1  0.000e+00
     32.771   64.66892 -168.23716     33.097     5.5052     5.5006     5.5027    31.8548    31.8565  1025.2798    25.1265    290.195    275.181  310.94036     93.328     0.2943     1.4176     0.8779 5.8056e-01       5150          1  0.000e+00
     32.671   64.66892 -168.23716     32.996     5.5084     5.4982     5.5059    31.8525    31.8564  1025.2772    25.1243    290.371    275.339  310.92233     93.390     0.2943     1.4176     0.8779 5.8056e-01       5151          1  0.000e+00
     32.717   64.66892 -168.23716     33.043     5.5114     5.4979     5.5089    31.8513    31.8547  1025.2761    25.1230    290.383    275.154  310.90288     93.400     0.2943     1.4176     0.8818 5.8056e-01       5152          1  0.000e+00
     32.732   64.66892 -168.23716     33.058     5.5125     5.4972     5.5100    31.8503    31.8533  1025.2753    25.1221    290.209    275.137  310.89716     93.346     0.2943     1.4176     0.8857 5.8056e-01       5153          1  0.000e+00
     32.732   64.66892 -168.23716     33.058     5.5165     5.4937     5.5140    31.8478    31.8541  1025.2728    25.1196    290.191    275.142  310.87352     93.347     0.2930     1.4102     0.8870 5.8253e-01       5154          1  0.000e+00
     32.717   64.66892 -168.23716     33.043     5.5223     5.4897     5.5197    31.8427    31.8551  1025.2680    25.1149    289.968    275.137  310.84317     93.284     0.2943     1.4176     0.8870 5.8847e-01       5155          1  0.000e+00
     32.671   64.66892 -168.23716     32.996     5.5187     5.4882     5.5162    31.8465    31.8548  1025.2712    25.1183    289.772    275.140  310.86083     93.216     0.2943     1.4176     0.8870 5.9246e-01       5156          1  0.000e+00
     32.717   64.66892 -168.23716     33.043     5.5170     5.4887     5.5145    31.8461    31.8551  1025.2713    25.1182    289.951    274.937  310.87387     93.270     0.2930     1.4102     0.8870 5.9246e-01       5157          1  0.000e+00
     32.670   64.66892 -168.23716     32.996     5.5109     5.4876     5.5084    31.8471    31.8567  1025.2726    25.1197    290.131    274.907  310.91592     93.315     0.2930     1.4102     0.8857 5.9046e-01       5158          1  0.000e+00
     32.732   64.66892 -168.23716     33.058     5.5001     5.4843     5.4976    31.8519    31.8582  1025.2779    25.1247    289.972    274.904  310.98450     93.243     0.2857     1.3663     0.8857 5.9046e-01       5159          1  0.000e+00
     32.663   64.66892 -168.23716     32.988     5.4922     5.4822     5.4897    31.8557    31.8587  1025.2815    25.1286    289.992    274.895  311.03353     93.235     0.2833     1.3516     0.8857 5.9046e-01       5160          1  0.000e+00
     32.670   64.66892 -168.23716     32.996     5.4901     5.4799     5.4877    31.8552    31.8598  1025.2814    25.1285    290.014    274.715  311.04972     93.237     0.2821     1.3443     0.8870 5.8847e-01       5161          1  0.000e+00
     32.663   64.66892 -168.23716     32.988     5.4936     5.4777     5.4912    31.8528    31.8604  1025.2791    25.1262    289.971    274.884  311.02958     93.229     0.2833     1.3516     0.8857 5.8847e-01       5162          1  0.000e+00
     32.670   64.66892 -168.23716     32.996     5.4985     5.4761     5.4960    31.8512    31.8601  1025.2773    25.1244    289.921    274.897  310.99778     93.223     0.2821     1.3443     0.8857 5.8847e-01       5163          1  0.000e+00
     32.717   64.66892 -168.23716     33.042     5.5029     5.4744     5.5004    31.8497    31.8602  1025.2758    25.1227    290.080    274.916  310.96878     93.283     0.2833     1.3516     0.8870 5.9848e-01       5164          1  0.000e+00
     32.670   64.66892 -168.23716     32.996     5.5075     5.4728     5.5050    31.8493    31.8609  1025.2747    25.1219    289.861    274.918  310.93569     93.222     0.2833     1.3516     0.8870 6.0863e-01       5165          1  0.000e+00
     32.616   64.66892 -168.23716     32.941     5.5141     5.4719     5.5116    31.8480    31.8615  1025.2727    25.1200    289.805    274.738  310.89087     93.217     0.2833     1.3516     0.8870 6.1273e-01       5166          1  0.000e+00
     32.663   64.66892 -168.23716     32.988     5.5154     5.4709     5.5129    31.8489    31.8623  1025.2734    25.1206    289.760    274.731  310.87908     93.207     0.2833     1.3516     0.8857 6.0252e-01       5167          1  0.000e+00
     32.670   64.66892 -168.23716     32.996     5.5162     5.4687     5.5137    31.8501    31.8626  1025.2743    25.1214    289.751    274.738  310.87061     93.206     0.2821     1.3443     0.8857 5.9046e-01       5168          1  0.000e+00
     32.662   64.66892 -168.23716     32.988     5.5185     5.4663     5.5160    31.8503    31.8629  1025.2742    25.1214    289.735    274.753  310.85312     93.206     0.2833     1.3516     0.8870 5.8648e-01       5169          1  0.000e+00
     32.670   64.66892 -168.23716     32.995     5.5202     5.4641     5.5177    31.8493    31.8631  1025.2732    25.1204    289.730    274.773  310.84298     93.208     0.2821     1.3443     0.8857 5.8847e-01       5170          1  0.000e+00
     32.662   64.66892 -168.23716     32.988     5.5163     5.4622     5.5138    31.8524    31.8637  1025.2761    25.1233    289.763    274.796  310.86414     93.212     0.2833     1.3516     0.8870 5.9246e-01       5171          1  0.000e+00
     32.616   64.66892 -168.23716     32.941     5.5176     5.4613     5.5151    31.8499    31.8634  1025.2738    25.1212    289.770    274.839  310.86075     93.215     0.2821     1.3443     0.8831 5.9446e-01       5172          1  0.000e+00
     32.616   64.66892 -168.23716     32.941     5.5276     5.4614     5.5251    31.8412    31.8631  1025.2657    25.1131    289.730    274.863  310.80777     93.218     0.2833     1.3516     0.8766 5.9446e-01       5173          1  0.000e+00
     32.662   64.66892 -168.23716     32.988     5.5319     5.4636     5.5294    31.8401    31.8630  1025.2646    25.1118    289.722    274.699  310.77853     93.225     0.2845     1.3590     0.8740 5.9848e-01       5174          1  0.000e+00
     32.670   64.66892 -168.23716     32.995     5.5323     5.4671     5.5298    31.8435    31.8629  1025.2673    25.1144    289.736    274.856  310.76740     93.232     0.2833     1.3516     0.8740 5.9848e-01       5175          1  0.000e+00
     32.601   64.66892 -168.23716     32.925     5.5320     5.4700     5.5295    31.8457    31.8617  1025.2687    25.1162    289.728    274.859  310.76458     93.231     0.2833     1.3516     0.8740 5.9848e-01       5176          1  0.000e+00
     32.616   64.66892 -168.23716     32.941     5.5323     5.4709     5.5298    31.8463    31.8615  1025.2692    25.1166    289.756    274.883  310.76097     93.241     0.2833     1.3516     0.8753 6.0659e-01       5177          1  0.000e+00
     32.670   64.66892 -168.23716     32.995     5.5319     5.4757     5.5294    31.8454    31.8597  1025.2688    25.1159    289.566    274.889  310.76642     93.178     0.2833     1.3516     0.8740 6.0863e-01       5178          1  0.000e+00
     32.662   64.66892 -168.23716     32.987     5.5210     5.4810     5.5185    31.8498    31.8619  1025.2735    25.1207    289.879    274.887  310.83609     93.258     0.2821     1.3443     0.8753 6.0863e-01       5179          1  0.000e+00
     32.616   64.66892 -168.23716     32.941     5.5129     5.4866     5.5104    31.8505    31.8657  1025.2747    25.1221    289.980    274.703  310.89350     93.273     0.2833     1.3516     0.8753 6.0659e-01       5180          1  0.000e+00
     32.662   64.66892 -168.23716     32.987     5.5039     5.4955     5.5014    31.8535    31.8647  1025.2784    25.1255    290.090    274.858  310.95296     93.291     0.2821     1.3443     0.8740 6.0659e-01       5181          1  0.000e+00
     32.616   64.66892 -168.23716     32.941     5.5037     5.5031     5.5012    31.8480    31.8649  1025.2739    25.1212    290.152    274.859  310.96673     93.306     0.2833     1.3516     0.8753 6.0659e-01       5182          1  0.000e+00
     32.600   64.66892 -168.23716     32.925     5.5004     5.5146     5.4979    31.8466    31.8611  1025.2731    25.1205    290.002    274.849  310.99456     93.250     0.2833     1.3516     0.8753 6.0455e-01       5183          1  0.000e+00
     32.670   64.66892 -168.23716     32.995     5.4936     5.5268     5.4912    31.8500    31.8553  1025.2769    25.1240    290.046    274.825  311.03606     93.252     0.2955     1.4249     0.8740 6.0455e-01       5184          1  0.000e+00
     32.616   64.66892 -168.23716     32.941     5.4903     5.5351     5.4878    31.8498    31.8518  1025.2769    25.1242    290.272    274.826  311.06101     93.317     0.3114     1.5201     0.8753 6.0455e-01       5185          1  0.000e+00
     32.600   64.66892 -168.23716     32.925     5.4850     5.5395     5.4825    31.8521    31.8500  1025.2792    25.1266    290.109    274.856  311.09467     93.254     0.3150     1.5421     0.8753 6.0659e-01       5186          1  0.000e+00
     32.670   64.66892 -168.23716     32.995     5.4820     5.5414     5.4795    31.8537    31.8498  1025.2811    25.1282    290.168    274.888  311.11304     93.268     0.3150     1.5421     0.8740 6.1068e-01       5187          1  0.000e+00
     32.600   64.66892 -168.23716     32.925     5.4809     5.5422     5.4784    31.8535    31.8493  1025.2808    25.1282    290.185    274.929  311.12172     93.271     0.3138     1.5348     0.8740 6.1068e-01       5188          1  0.000e+00
     32.670   64.66892 -168.23716     32.995     5.4772     5.5430     5.4747    31.8560    31.8480  1025.2835    25.1306    290.256    275.160  311.14318     93.287     0.3138     1.5348     0.8740 6.0455e-01       5189          1  0.000e+00
     32.729   64.66892 -168.23716     33.055     5.5277     5.5147     5.5252    31.8452    31.8604  1025.2694    25.1163    289.909    276.261  310.79737     93.279     0.2955     1.4249     0.8740 6.0455e-01       5311          2  0.000e+00
     32.598   64.66892 -168.23716     32.922     5.5306     5.5114     5.5281    31.8436    31.8621  1025.2672    25.1147    289.872    276.256  310.77994     93.272     0.3028     1.4688     0.8740 5.9647e-01       5312          2  0.000e+00
     32.559   64.66892 -168.23716     32.883     5.5260     5.5129     5.5235    31.8450    31.8600  1025.2686    25.1163    289.920    276.228  310.81077     93.279     0.3077     1.4982     0.8740 5.9446e-01       5313          2  0.000e+00
     32.613   64.66892 -168.23716     32.938     5.5218     5.5152     5.5193    31.8447    31.8579  1025.2691    25.1165    289.943    276.199  310.84198     93.277     0.3077     1.4982     0.8689 5.9446e-01       5314          2  0.000e+00
     32.598   64.66892 -168.23716     32.922     5.5299     5.5157     5.5274    31.8403    31.8583  1025.2647    25.1122    290.078    276.178  310.79240     93.335     0.3089     1.5055     0.8637 5.9647e-01       5315          2  0.000e+00
     32.559   64.66892 -168.23716     32.883     5.5359     5.5154     5.5334    31.8387    31.8584  1025.2626    25.1102    289.880    276.164  310.75241     93.283     0.3077     1.4982     0.8637 5.9647e-01       5316          2  0.000e+00
     32.598   64.66892 -168.23716     32.922     5.5360     5.5132     5.5335    31.8402    31.8591  1025.2639    25.1113    290.266    276.186  310.74794     93.409     0.3089     1.5055     0.8637 5.9647e-01       5317          2  0.000e+00
     32.559   64.66892 -168.23716     32.883     5.5341     5.5101     5.5316    31.8445    31.8602  1025.2673    25.1150    289.913    276.193  310.75236     93.294     0.3077     1.4982     0.8637 6.0252e-01       5318          2  0.000e+00
     32.598   64.66892 -168.23716     32.922     5.5333     5.5092     5.5308    31.8442    31.8590  1025.2673    25.1148    289.906    276.194  310.75867     93.290     0.3077     1.4982     0.8637 6.0455e-01       5319          2  0.000e+00
     32.559   64.66892 -168.23716     32.883     5.5314     5.5095     5.5289    31.8448    31.8571  1025.2679    25.1156    289.934    276.186  310.77150     93.295     0.3089     1.5055     0.8637 6.0659e-01       5320          2  0.000e+00
     32.559   64.66892 -168.23716     32.883     5.5332     5.5103     5.5307    31.8442    31.8549  1025.2672    25.1148    290.139    276.179  310.75978     93.364     0.3089     1.5055     0.8637 6.1273e-01       5321          2  0.000e+00
     32.544   64.66892 -168.23716     32.868     5.5344     5.5097     5.5319    31.8457    31.8542  1025.2682    25.1159    290.172    276.179  310.74678     93.379     0.3089     1.5055     0.8637 6.1893e-01       5322          2  0.000e+00
     32.559   64.66892 -168.23716     32.883     5.5399     5.5077     5.5374    31.8456    31.8565  1025.2675    25.1152    290.176    276.186  310.70676     93.392     0.3077     1.4982     0.8637 6.1893e-01       5323          2  0.000e+00
     32.598   64.66892 -168.23716     32.922     5.5460     5.5065     5.5435    31.8439    31.8582  1025.2657    25.1132    289.981    276.191  310.66661     93.342     0.3077     1.4982     0.8637 6.1479e-01       5324          2  0.000e+00
     32.559   64.66892 -168.23716     32.883     5.5476     5.5063     5.5451    31.8436    31.8589  1025.2651    25.1127    290.187    276.009  310.65564     93.411     0.3077     1.4982     0.8637 6.1273e-01       5325          2  0.000e+00
     32.559   64.66892 -168.23716     32.883     5.5549     5.5081     5.5524    31.8341    31.8586  1025.2567    25.1044    289.998    276.161  310.62372     93.360     0.3089     1.5055     0.8637 6.1273e-01       5326          2  0.000e+00
