EcoFOCI/data/1_SampleCollection/2023_SikuliaqDBO_CruiseData/CTD_raw_BottleFile_SKQ23-12S/proc/skq202312s_042svp.cnv
* Sea-Bird SBE 9 Data File:
* FileName = D:\CTD\SKQ202312S\SKQ202312S_042.hex
* Software Version Seasave V 7.26.7.121
* Temperature SN = 6177
* Conductivity SN = 0369
* Number of Bytes Per Scan = 41
* Number of Voltage Words = 4
* Number of Scans Averaged by the Deck Unit = 1
* NMEA Latitude = 71 27.22 N
* NMEA Longitude = 161 02.26 W
* NMEA UTC (Time) = Sep 24 2023  04:51:21
* NMEA baud rate = 4800
** Ship: R/V Sikuliaq
** Station Number: 042
** Station Name: DBO4.3n
** Bottom Depth: 47
** Operator: SD
# nquan = 7
# nvalues = 5011                                  
# units = specified
# name 0 = depSM: Depth [salt water, m]
# name 1 = latitude: Latitude [deg]
# name 2 = longitude: Longitude [deg]
# name 3 = t090C: Temperature [ITS-90, deg C]
# name 4 = sal00: Salinity, Practical [PSU]
# name 5 = svCM: Sound Velocity [Chen-Millero, m/s]
# name 6 = flag:  0.000e+00
# span 0 =      2.349,     41.855                 
# span 1 =   71.45354,   71.45358                 
# span 2 = -161.03786, -161.03778                 
# span 3 =    -1.6139,     2.1756                 
# span 4 =    27.2189,    32.6070                 
# span 5 =    1438.84,    1449.16                 
# span 6 = 0.0000e+00, 0.0000e+00                 
# interval = seconds: 0.0416667
# start_time = Sep 24 2023 04:55:17 [NMEA time, first data scan]
# bad_flag = -9.990e-29
*END*
      2.690   71.45356 -161.03780     2.1586    27.2195    1448.65  0.000e+00
      2.690   71.45356 -161.03780     2.1586    27.2195    1448.65  0.000e+00
      2.636   71.45356 -161.03780     2.1584    27.2200    1448.65  0.000e+00
      2.690   71.45356 -161.03780     2.1586    27.2207    1448.65  0.000e+00
      2.690   71.45356 -161.03780     2.1587    27.2206    1448.65  0.000e+00
      2.690   71.45356 -161.03780     2.1590    27.2204    1448.66  0.000e+00
      2.690   71.45356 -161.03780     2.1596    27.2200    1448.66  0.000e+00
      2.690   71.45356 -161.03780     2.1595    27.2202    1448.66  0.000e+00
      2.690   71.45356 -161.03780     2.1598    27.2199    1448.66  0.000e+00
      2.690   71.45356 -161.03780     2.1598    27.2203    1448.66  0.000e+00
      2.728   71.45356 -161.03780     2.1601    27.2199    1448.66  0.000e+00
      2.751   71.45356 -161.03780     2.1594    27.2202    1448.66  0.000e+00
      2.690   71.45356 -161.03780     2.1594    27.2197    1448.66  0.000e+00
      2.751   71.45356 -161.03780     2.1589    27.2196    1448.65  0.000e+00
      2.690   71.45356 -161.03780     2.1586    27.2196    1448.65  0.000e+00
      2.751   71.45356 -161.03780     2.1584    27.2191    1448.65  0.000e+00
      2.751   71.45356 -161.03780     2.1581    27.2193    1448.65  0.000e+00
      2.690   71.45356 -161.03780     2.1578    27.2191    1448.65  0.000e+00
      2.751   71.45356 -161.03780     2.1575    27.2191    1448.65  0.000e+00
      2.751   71.45356 -161.03780     2.1573    27.2192    1448.65  0.000e+00
      2.751   71.45356 -161.03780     2.1571    27.2190    1448.65  0.000e+00
      2.690   71.45356 -161.03780     2.1569    27.2194    1448.64  0.000e+00
      2.751   71.45356 -161.03780     2.1567    27.2196    1448.65  0.000e+00
      2.751   71.45356 -161.03780     2.1565    27.2194    1448.64  0.000e+00
      2.751   71.45356 -161.03780     2.1562    27.2197    1448.64  0.000e+00
      2.751   71.45356 -161.03780     2.1564    27.2198    1448.64  0.000e+00
      2.751   71.45356 -161.03780     2.1562    27.2195    1448.64  0.000e+00
      2.690   71.45356 -161.03780     2.1558    27.2200    1448.64  0.000e+00
      2.751   71.45356 -161.03780     2.1562    27.2192    1448.64  0.000e+00
      2.751   71.45356 -161.03780     2.1559    27.2193    1448.64  0.000e+00
      2.690   71.45356 -161.03780     2.1556    27.2198    1448.64  0.000e+00
      2.751   71.45356 -161.03780     2.1558    27.2196    1448.64  0.000e+00
      2.751   71.45356 -161.03780     2.1559    27.2199    1448.64  0.000e+00
      2.690   71.45356 -161.03780     2.1561    27.2200    1448.64  0.000e+00
      2.751   71.45356 -161.03780     2.1561    27.2199    1448.64  0.000e+00
      2.690   71.45356 -161.03780     2.1561    27.2201    1448.64  0.000e+00
      2.690   71.45356 -161.03780     2.1561    27.2204    1448.64  0.000e+00
      2.690   71.45356 -161.03780     2.1564    27.2203    1448.64  0.000e+00
      2.690   71.45356 -161.03780     2.1565    27.2209    1448.65  0.000e+00
      2.751   71.45356 -161.03780     2.1571    27.2203    1448.65  0.000e+00
      2.666   71.45356 -161.03780     2.1575    27.2202    1448.65  0.000e+00
      2.689   71.45356 -161.03780     2.1580    27.2198    1448.65  0.000e+00
      2.689   71.45356 -161.03780     2.1581    27.2198    1448.65  0.000e+00
      2.635   71.45356 -161.03780     2.1583    27.2200    1448.65  0.000e+00
      2.635   71.45356 -161.03780     2.1584    27.2205    1448.65  0.000e+00
      2.689   71.45356 -161.03780     2.1587    27.2205    1448.65  0.000e+00
      2.635   71.45356 -161.03780     2.1590    27.2203    1448.65  0.000e+00
      2.635   71.45356 -161.03780     2.1590    27.2202    1448.65  0.000e+00
      2.635   71.45356 -161.03780     2.1592    27.2201    1448.66  0.000e+00
      2.635   71.45356 -161.03780     2.1592    27.2202    1448.66  0.000e+00
      2.635   71.45356 -161.03780     2.1595    27.2203    1448.66  0.000e+00
      2.581   71.45356 -161.03780     2.1598    27.2203    1448.66  0.000e+00
      2.635   71.45356 -161.03780     2.1598    27.2204    1448.66  0.000e+00
      2.581   71.45356 -161.03780     2.1603    27.2204    1448.66  0.000e+00
      2.581   71.45356 -161.03780     2.1606    27.2206    1448.66  0.000e+00
      2.581   71.45356 -161.03780     2.1608    27.2202    1448.66  0.000e+00
      2.581   71.45356 -161.03780     2.1610    27.2199    1448.66  0.000e+00
      2.581   71.45356 -161.03780     2.1614    27.2200    1448.66  0.000e+00
      2.520   71.45356 -161.03780     2.1614    27.2207    1448.66  0.000e+00
      2.581   71.45356 -161.03780     2.1617    27.2205    1448.67  0.000e+00
      2.520   71.45356 -161.03780     2.1617    27.2203    1448.66  0.000e+00
      2.520   71.45356 -161.03780     2.1620    27.2198    1448.67  0.000e+00
      2.520   71.45356 -161.03780     2.1620    27.2194    1448.66  0.000e+00
      2.520   71.45356 -161.03780     2.1619    27.2197    1448.66  0.000e+00
      2.520   71.45356 -161.03780     2.1619    27.2197    1448.66  0.000e+00
      2.466   71.45356 -161.03780     2.1619    27.2193    1448.66  0.000e+00
      2.520   71.45356 -161.03780     2.1617    27.2199    1448.66  0.000e+00
      2.520   71.45356 -161.03780     2.1619    27.2199    1448.66  0.000e+00
      2.466   71.45356 -161.03780     2.1615    27.2200    1448.66  0.000e+00
      2.466   71.45356 -161.03780     2.1619    27.2195    1448.66  0.000e+00
      2.520   71.45356 -161.03780     2.1615    27.2195    1448.66  0.000e+00
      2.466   71.45356 -161.03780     2.1615    27.2197    1448.66  0.000e+00
      2.466   71.45356 -161.03780     2.1615    27.2201    1448.66  0.000e+00
      2.443   71.45356 -161.03780     2.1612    27.2203    1448.66  0.000e+00
      2.466   71.45356 -161.03780     2.1614    27.2199    1448.66  0.000e+00
      2.466   71.45356 -161.03780     2.1614    27.2198    1448.66  0.000e+00
      2.404   71.45356 -161.03780     2.1614    27.2197    1448.66  0.000e+00
      2.520   71.45356 -161.03780     2.1610    27.2201    1448.66  0.000e+00
      2.404   71.45356 -161.03780     2.1609    27.2195    1448.66  0.000e+00
      2.466   71.45356 -161.03780     2.1608    27.2192    1448.66  0.000e+00
      2.404   71.45356 -161.03780     2.1606    27.2197    1448.66  0.000e+00
      2.466   71.45356 -161.03780     2.1605    27.2197    1448.66  0.000e+00
      2.404   71.45356 -161.03780     2.1606    27.2196    1448.66  0.000e+00
      2.466   71.45356 -161.03780     2.1605    27.2193    1448.66  0.000e+00
      2.404   71.45356 -161.03780     2.1605    27.2194    1448.66  0.000e+00
      2.466   71.45356 -161.03780     2.1596    27.2196    1448.65  0.000e+00
      2.404   71.45356 -161.03780     2.1592    27.2198    1448.65  0.000e+00
      2.466   71.45356 -161.03780     2.1587    27.2200    1448.65  0.000e+00
      2.404   71.45356 -161.03780     2.1578    27.2206    1448.65  0.000e+00
      2.404   71.45356 -161.03780     2.1576    27.2205    1448.64  0.000e+00
      2.466   71.45356 -161.03780     2.1570    27.2206    1448.64  0.000e+00
      2.404   71.45356 -161.03780     2.1570    27.2203    1448.64  0.000e+00
      2.404   71.45356 -161.03780     2.1569    27.2204    1448.64  0.000e+00
      2.465   71.45356 -161.03780     2.1570    27.2198    1448.64  0.000e+00
      2.404   71.45356 -161.03780     2.1573    27.2194    1448.64  0.000e+00
      2.465   71.45356 -161.03780     2.1570    27.2195    1448.64  0.000e+00
      2.404   71.45356 -161.03780     2.1569    27.2198    1448.64  0.000e+00
      2.465   71.45356 -161.03780     2.1562    27.2202    1448.64  0.000e+00
      2.404   71.45356 -161.03780     2.1561    27.2200    1448.64  0.000e+00
      2.404   71.45356 -161.03780     2.1556    27.2204    1448.64  0.000e+00
      2.465   71.45356 -161.03780     2.1553    27.2202    1448.64  0.000e+00
      2.465   71.45356 -161.03780     2.1550    27.2204    1448.63  0.000e+00
      2.404   71.45356 -161.03780     2.1550    27.2201    1448.63  0.000e+00
      2.465   71.45356 -161.03780     2.1545    27.2204    1448.63  0.000e+00
      2.404   71.45356 -161.03780     2.1545    27.2201    1448.63  0.000e+00
      2.465   71.45356 -161.03780     2.1544    27.2201    1448.63  0.000e+00
      2.465   71.45356 -161.03780     2.1546    27.2198    1448.63  0.000e+00
      2.465   71.45356 -161.03780     2.1546    27.2198    1448.63  0.000e+00
      2.465   71.45356 -161.03780     2.1546    27.2203    1448.63  0.000e+00
      2.465   71.45356 -161.03780     2.1548    27.2198    1448.63  0.000e+00
      2.442   71.45356 -161.03780     2.1551    27.2199    1448.63  0.000e+00
      2.465   71.45356 -161.03780     2.1551    27.2201    1448.63  0.000e+00
      2.519   71.45356 -161.03780     2.1555    27.2198    1448.64  0.000e+00
      2.465   71.45356 -161.03780     2.1553    27.2200    1448.63  0.000e+00
      2.519   71.45356 -161.03780     2.1555    27.2198    1448.64  0.000e+00
      2.519   71.45356 -161.03780     2.1556    27.2200    1448.64  0.000e+00
      2.519   71.45356 -161.03780     2.1555    27.2197    1448.64  0.000e+00
      2.519   71.45356 -161.03780     2.1556    27.2196    1448.64  0.000e+00
      2.519   71.45356 -161.03780     2.1556    27.2199    1448.64  0.000e+00
      2.519   71.45356 -161.03780     2.1556    27.2199    1448.64  0.000e+00
      2.519   71.45356 -161.03780     2.1558    27.2201    1448.64  0.000e+00
      2.581   71.45356 -161.03780     2.1556    27.2196    1448.64  0.000e+00
      2.581   71.45356 -161.03780     2.1551    27.2199    1448.64  0.000e+00
      2.581   71.45356 -161.03780     2.1555    27.2194    1448.64  0.000e+00
      2.581   71.45356 -161.03780     2.1551    27.2201    1448.64  0.000e+00
      2.635   71.45356 -161.03780     2.1556    27.2202    1448.64  0.000e+00
      2.581   71.45356 -161.03780     2.1559    27.2201    1448.64  0.000e+00
      2.635   71.45356 -161.03780     2.1559    27.2197    1448.64  0.000e+00
      2.581   71.45356 -161.03780     2.1562    27.2197    1448.64  0.000e+00
      2.635   71.45356 -161.03780     2.1562    27.2200    1448.64  0.000e+00
      2.635   71.45356 -161.03780     2.1561    27.2196    1448.64  0.000e+00
      2.689   71.45356 -161.03780     2.1561    27.2193    1448.64  0.000e+00
      2.635   71.45356 -161.03780     2.1562    27.2195    1448.64  0.000e+00
      2.689   71.45356 -161.03780     2.1561    27.2201    1448.64  0.000e+00
      2.635   71.45356 -161.03780     2.1565    27.2196    1448.64  0.000e+00
      2.689   71.45356 -161.03780     2.1564    27.2198    1448.64  0.000e+00
      2.750   71.45356 -161.03780     2.1562    27.2195    1448.64  0.000e+00
      2.689   71.45356 -161.03780     2.1561    27.2195    1448.64  0.000e+00
      2.689   71.45356 -161.03780     2.1562    27.2195    1448.64  0.000e+00
      2.750   71.45356 -161.03780     2.1562    27.2196    1448.64  0.000e+00
      2.689   71.45356 -161.03780     2.1561    27.2197    1448.64  0.000e+00
      2.750   71.45356 -161.03780     2.1562    27.2198    1448.64  0.000e+00
      2.727   71.45356 -161.03780     2.1562    27.2194    1448.64  0.000e+00
      2.750   71.45356 -161.03780     2.1559    27.2195    1448.64  0.000e+00
      2.750   71.45356 -161.03780     2.1559    27.2192    1448.64  0.000e+00
      2.804   71.45356 -161.03780     2.1558    27.2189    1448.64  0.000e+00
      2.750   71.45356 -161.03780     2.1556    27.2193    1448.64  0.000e+00
      2.750   71.45356 -161.03780     2.1553    27.2191    1448.64  0.000e+00
      2.804   71.45356 -161.03780     2.1553    27.2190    1448.64  0.000e+00
      2.804   71.45356 -161.03780     2.1551    27.2195    1448.64  0.000e+00
      2.750   71.45356 -161.03780     2.1551    27.2195    1448.64  0.000e+00
      2.804   71.45356 -161.03780     2.1550    27.2196    1448.64  0.000e+00
      2.804   71.45356 -161.03780     2.1548    27.2196    1448.64  0.000e+00
      2.750   71.45356 -161.03780     2.1548    27.2196    1448.64  0.000e+00
      2.804   71.45356 -161.03780     2.1548    27.2197    1448.64  0.000e+00
      2.804   71.45356 -161.03780     2.1546    27.2195    1448.64  0.000e+00
      2.804   71.45356 -161.03780     2.1545    27.2195    1448.64  0.000e+00
      2.804   71.45356 -161.03780     2.1544    27.2196    1448.64  0.000e+00
      2.804   71.45356 -161.03780     2.1542    27.2194    1448.63  0.000e+00
      2.866   71.45356 -161.03780     2.1541    27.2196    1448.64  0.000e+00
      2.750   71.45356 -161.03780     2.1539    27.2199    1448.63  0.000e+00
      2.804   71.45356 -161.03780     2.1541    27.2198    1448.63  0.000e+00
      2.804   71.45356 -161.03780     2.1541    27.2201    1448.63  0.000e+00
      2.804   71.45356 -161.03780     2.1541    27.2203    1448.64  0.000e+00
      2.804   71.45356 -161.03780     2.1545    27.2201    1448.64  0.000e+00
      2.804   71.45356 -161.03780     2.1545    27.2206    1448.64  0.000e+00
      2.804   71.45356 -161.03780     2.1550    27.2207    1448.64  0.000e+00
      2.804   71.45356 -161.03780     2.1558    27.2208    1448.64  0.000e+00
      2.750   71.45356 -161.03780     2.1564    27.2210    1448.65  0.000e+00
      2.804   71.45356 -161.03780     2.1573    27.2208    1448.65  0.000e+00
      2.750   71.45356 -161.03780     2.1580    27.2206    1448.65  0.000e+00
      2.781   71.45356 -161.03780     2.1583    27.2206    1448.65  0.000e+00
      2.750   71.45356 -161.03780     2.1586    27.2206    1448.65  0.000e+00
      2.804   71.45356 -161.03780     2.1587    27.2204    1448.66  0.000e+00
      2.750   71.45356 -161.03780     2.1587    27.2205    1448.66  0.000e+00
      2.750   71.45356 -161.03780     2.1592    27.2203    1448.66  0.000e+00
      2.750   71.45356 -161.03780     2.1594    27.2201    1448.66  0.000e+00
      2.750   71.45356 -161.03780     2.1596    27.2202    1448.66  0.000e+00
      2.688   71.45356 -161.03780     2.1595    27.2201    1448.66  0.000e+00
      2.750   71.45356 -161.03780     2.1595    27.2201    1448.66  0.000e+00
      2.688   71.45356 -161.03780     2.1596    27.2197    1448.66  0.000e+00
      2.688   71.45356 -161.03780     2.1594    27.2193    1448.66  0.000e+00
      2.750   71.45356 -161.03780     2.1586    27.2192    1448.65  0.000e+00
      2.688   71.45356 -161.03780     2.1583    27.2192    1448.65  0.000e+00
      2.634   71.45356 -161.03780     2.1580    27.2194    1448.65  0.000e+00
      2.688   71.45356 -161.03780     2.1578    27.2196    1448.65  0.000e+00
      2.634   71.45356 -161.03780     2.1580    27.2198    1448.65  0.000e+00
      2.634   71.45356 -161.03780     2.1581    27.2195    1448.65  0.000e+00
      2.688   71.45356 -161.03780     2.1578    27.2197    1448.65  0.000e+00
      2.634   71.45356 -161.03780     2.1580    27.2196    1448.65  0.000e+00
      2.580   71.45356 -161.03780     2.1578    27.2195    1448.65  0.000e+00
      2.634   71.45356 -161.03780     2.1576    27.2194    1448.65  0.000e+00
      2.580   71.45356 -161.03780     2.1571    27.2193    1448.64  0.000e+00
      2.580   71.45356 -161.03780     2.1569    27.2191    1448.64  0.000e+00
      2.580   71.45356 -161.03780     2.1565    27.2194    1448.64  0.000e+00
      2.580   71.45356 -161.03780     2.1567    27.2196    1448.64  0.000e+00
      2.580   71.45356 -161.03780     2.1569    27.2198    1448.64  0.000e+00
      2.519   71.45356 -161.03780     2.1575    27.2199    1448.65  0.000e+00
      2.519   71.45356 -161.03780     2.1575    27.2200    1448.65  0.000e+00
      2.580   71.45356 -161.03780     2.1575    27.2204    1448.65  0.000e+00
      2.519   71.45356 -161.03780     2.1580    27.2203    1448.65  0.000e+00
      2.519   71.45356 -161.03780     2.1580    27.2200    1448.65  0.000e+00
      2.465   71.45356 -161.03780     2.1581    27.2205    1448.65  0.000e+00
      2.495   71.45356 -161.03780     2.1584    27.2206    1448.65  0.000e+00
      2.465   71.45356 -161.03780     2.1584    27.2209    1448.65  0.000e+00
