EcoFOCI/data/1_SampleCollection/2023_SikuliaqDBO_CruiseData/CTD_raw_BottleFile_SKQ23-12S/proc/skq202312s_078.cnv
* Sea-Bird SBE 9 Data File:
* FileName = D:\CTD\SKQ202312S\SKQ202312S_078.hex
* Software Version Seasave V 7.26.7.121
* Temperature SN = 6177
* Conductivity SN = 0369
* Number of Bytes Per Scan = 41
* Number of Voltage Words = 4
* Number of Scans Averaged by the Deck Unit = 1
* NMEA Latitude = 65 45.65 N
* NMEA Longitude = 168 44.60 W
* NMEA UTC (Time) = Oct 03 2023  06:14:15
* NMEA baud rate = 4800
** Ship: R/V Sikuliaq
** Station Number: 078
** Station Name: BS7
** Bottom Depth: 53
** Operator: SD
# nquan = 24
# nvalues = 4230                                  
# units = specified
# name 0 = depSM: Depth [salt water, m]
# name 1 = latitude: Latitude [deg]
# name 2 = longitude: Longitude [deg]
# name 3 = prDM: Pressure, Digiquartz [db]
# name 4 = t090C: Temperature [ITS-90, deg C]
# name 5 = t190C: Temperature, 2 [ITS-90, deg C]
# name 6 = potemp090C: Potential Temperature [ITS-90, deg C]
# name 7 = sal00: Salinity, Practical [PSU]
# name 8 = sal11: Salinity, Practical, 2 [PSU]
# name 9 = density00: Density [density, kg/m^3]
# name 10 = sigma-é00: Density [sigma-theta, kg/m^3]
# name 11 = sbox0Mm/Kg: Oxygen, SBE 43 [umol/kg]
# name 12 = sbox1Mm/Kg: Oxygen, SBE 43, 2 [umol/kg]
# name 13 = oxsolMm/Kg: Oxygen Saturation, Garcia & Gordon [umol/kg]
# name 14 = sbeox0PS: Oxygen, SBE 43 [% saturation]
# name 15 = sbeox1PS: Oxygen, SBE 43, 2 [% saturation]
# name 16 = v0: Voltage 0
# name 17 = flECO-AFL: Fluorescence, WET Labs ECO-AFL/FL [mg/m^3]
# name 18 = v1: Voltage 1
# name 19 = CStarAt0: Beam Attenuation, WET Labs C-Star [1/m]
# name 20 = par: PAR/Irradiance, Biospherical/Licor
# name 21 = scan: Scan Count
# name 22 = timeM: Time, Elapsed [minutes]
# name 23 = flag:  0.000e+00
# span 0 =      2.078,     47.760                 
# span 1 =   65.76066,   65.76074                 
# span 2 = -168.74416, -168.74384                 
# span 3 =      2.098,     48.241                 
# span 4 =     2.8525,     5.9264                 
# span 5 =     2.8529,     5.9281                 
# span 6 =     2.8508,     5.9261                 
# span 7 =    27.3708,    32.8741                 
# span 8 =    27.3743,    32.8849                 
# span 9 =  1021.5563,  1026.4163                 
# span 10 =    21.5384,    26.1904                
# span 11 =    242.916,    299.067                
# span 12 =    232.866,    285.127                
# span 13 =  308.78096,  329.32106                
# span 14 =     74.062,     94.086                
# span 15 =     71.004,     89.635                
# span 16 =     0.1197,     0.4444                
# span 17 =     0.3699,     2.3187                
# span 18 =     3.3187,     4.0830                
# span 19 =     0.5735,     1.4028                
# span 20 = 1.0000e-12, 4.9574e-01                
# span 21 =          1,       4230                
# span 22 =     0.0000,     2.9368                
# span 23 = 0.0000e+00, 0.0000e+00                
# interval = seconds: 0.0416667
# start_time = Oct 03 2023 06:17:41 [NMEA time, first data scan]
# bad_flag = -9.990e-29
*END*
[from data line 363]
      3.798   65.76074 -168.74386      3.836     5.9224     5.9262     5.9221    27.4346    27.4062  1021.6070    21.5892    296.734    284.012  318.15611     93.267     89.257     0.3187     1.5641     3.6777     0.9918 1.9960e-01        364     0.2521  0.000e+00
      3.798   65.76074 -168.74386      3.836     5.9225     5.9264     5.9223    27.4365    27.4044  1021.6085    21.5906    296.788    284.008  318.15052     93.285     89.256     0.3175     1.5568     3.6777     0.9918 1.9960e-01        365     0.2528  0.000e+00
      3.736   65.76074 -168.74386      3.773     5.9225     5.9264     5.9223    27.4370    27.4018  1021.6087    21.5911    296.817    284.005  318.14922     93.295     89.253     0.3187     1.5641     3.6752     0.9945 1.9692e-01        366     0.2535  0.000e+00
      3.798   65.76074 -168.74386      3.836     5.9222     5.9266     5.9219    27.4352    27.3992  1021.6076    21.5897    296.658    284.024  318.15618     93.243     89.257     0.3175     1.5568     3.6740     0.9958 1.9604e-01        367     0.2542  0.000e+00
      3.736   65.76074 -168.74386      3.773     5.9225     5.9270     5.9223    27.4233    27.3952  1021.5978    21.5802    297.096    284.040  318.18164     93.373     89.261     0.3199     1.5714     3.6728     0.9972 1.9604e-01        368     0.2549  0.000e+00
      3.736   65.76074 -168.74386      3.773     5.9228     5.9270     5.9226    27.4147    27.3910  1021.5910    21.5734    296.977    284.061  318.19957     93.331     89.265     0.3223     1.5861     3.6740     0.9958 1.9692e-01        369     0.2556  0.000e+00
      3.736   65.76074 -168.74386      3.773     5.9231     5.9272     5.9229    27.4163    27.3897  1021.5923    21.5747    297.217    284.056  318.19337     93.408     89.262     0.3236     1.5934     3.6740     0.9958 1.9781e-01        370     0.2562  0.000e+00
      3.736   65.76074 -168.74386      3.773     5.9232     5.9270     5.9229    27.4235    27.3932  1021.5979    21.5803    297.274    284.061  318.17616     93.431     89.266     0.3236     1.5934     3.6740     0.9958 1.9781e-01        371     0.2569  0.000e+00
      3.736   65.76074 -168.74386      3.773     5.9233     5.9261     5.9230    27.4301    27.4058  1021.6031    21.5855    297.302    284.034  318.15975     93.444     89.264     0.3236     1.5934     3.6740     0.9958 2.0959e-01        372     0.2576  0.000e+00
      3.682   65.76074 -168.74386      3.719     5.9232     5.9253     5.9229    27.4353    27.4224  1021.6069    21.5896    297.771    283.994  318.14841     93.595     89.261     0.3248     1.6007     3.6728     0.9972 2.1990e-01        373     0.2583  0.000e+00
      3.736   65.76074 -168.74386      3.773     5.9230     5.9251     5.9228    27.4387    27.4291  1021.6099    21.5923    297.490    283.974  318.14145     93.509     89.258     0.3236     1.5934     3.6740     0.9958 2.2085e-01        374     0.2590  0.000e+00
      3.682   65.76074 -168.74386      3.719     5.9227     5.9251     5.9224    27.4494    27.4262  1021.6181    21.6008    297.510    283.968  318.11902     93.522     89.254     0.3248     1.6007     3.6740     0.9958 2.0592e-01        375     0.2597  0.000e+00
      3.682   65.76074 -168.74386      3.719     5.9224     5.9253     5.9221    27.4693    27.4226  1021.6339    21.6166    297.512    283.983  318.07428     93.536     89.257     0.3236     1.5934     3.6740     0.9958 1.9078e-01        376     0.2604  0.000e+00
      3.682   65.76074 -168.74386      3.719     5.9218     5.9246     5.9215    27.4910    27.4301  1021.6511    21.6337    297.513    283.961  318.02777     93.549     89.254     0.3236     1.5934     3.6740     0.9958 1.8818e-01        377     0.2611  0.000e+00
      3.736   65.76074 -168.74386      3.773     5.9207     5.9236     5.9205    27.5115    27.4493  1021.6676    21.6500    297.522    283.918  317.98725     93.564     89.251     0.3223     1.5861     3.6740     0.9958 1.9427e-01        378     0.2618  0.000e+00
      3.628   65.76074 -168.74386      3.664     5.9200     5.9234     5.9197    27.5321    27.4634  1021.6834    21.6663    297.725    283.893  317.94453     93.641     89.252     0.3236     1.5934     3.6740     0.9958 2.0049e-01        379     0.2625  0.000e+00
      3.682   65.76074 -168.74386      3.719     5.9190     5.9226     5.9187    27.5452    27.4698  1021.6941    21.6767    297.777    283.875  317.92105     93.664     89.249     0.3248     1.6007     3.6740     0.9958 2.0229e-01        380     0.2632  0.000e+00
      3.628   65.76074 -168.74386      3.664     5.9182     5.9213     5.9180    27.5461    27.4873  1021.6946    21.6775    297.849    283.832  317.92471     93.686     89.244     0.3236     1.5934     3.6740     0.9958 2.0229e-01        381     0.2639  0.000e+00
      3.682   65.76074 -168.74386      3.719     5.9176     5.9199     5.9173    27.5510    27.5172  1021.6988    21.6815    297.915    283.788  317.91811     93.708     89.247     0.3248     1.6007     3.6740     0.9958 2.0229e-01        382     0.2646  0.000e+00
      3.628   65.76074 -168.74386      3.664     5.9171     5.9188     5.9168    27.5582    27.5411  1021.7043    21.6872    297.969    283.729  317.90506     93.729     89.242     0.3236     1.5934     3.6740     0.9958 2.0139e-01        383     0.2653  0.000e+00
      3.682   65.76074 -168.74386      3.719     5.9168     5.9182     5.9165    27.5634    27.5470  1021.7087    21.6914    297.824    283.728  317.89466     93.686     89.244     0.3236     1.5934     3.6740     0.9958 2.1051e-01        384     0.2660  0.000e+00
      3.628   65.76074 -168.74386      3.664     5.9162     5.9185     5.9160    27.5689    27.5371  1021.7128    21.6957    297.822    283.546  317.88605     93.688     89.181     0.3223     1.5861     3.6728     0.9972 2.3647e-01        385     0.2667  0.000e+00
      3.628   65.76074 -168.74386      3.664     5.9155     5.9185     5.9153    27.5773    27.5339  1021.7195    21.7024    297.815    283.519  317.87161     93.690     89.171     0.3236     1.5934     3.6740     0.9958 2.4762e-01        386     0.2674  0.000e+00
      3.628   65.76074 -168.74386      3.664     5.9154     5.9177     5.9151    27.5844    27.5424  1021.7251    21.7080    298.009    283.473  317.85610     93.756     89.160     0.3236     1.5934     3.6764     0.9932 2.4150e-01        387     0.2681  0.000e+00
      3.628   65.76074 -168.74386      3.664     5.9150     5.9177     5.9147    27.5899    27.5482  1021.7295    21.7125    298.031    283.428  317.84609     93.766     89.149     0.3236     1.5934     3.6764     0.9932 2.0959e-01        388     0.2687  0.000e+00
      3.566   65.76074 -168.74386      3.602     5.9146     5.9175     5.9143    27.5943    27.5505  1021.7327    21.7159    298.051    283.388  317.83893     93.774     89.138     0.3248     1.6007     3.6764     0.9932 1.9781e-01        389     0.2694  0.000e+00
      3.628   65.76074 -168.74386      3.664     5.9142     5.9172     5.9140    27.5983    27.5518  1021.7362    21.7192    298.044    283.375  317.83173     93.774     89.134     0.3236     1.5934     3.6764     0.9932 1.9692e-01        390     0.2701  0.000e+00
      3.628   65.76074 -168.74386      3.664     5.9138     5.9174     5.9136    27.6018    27.5480  1021.7390    21.7220    298.266    283.369  317.82654     93.845     89.130     0.3248     1.6007     3.6764     0.9932 2.0320e-01        391     0.2708  0.000e+00
      3.566   65.76074 -168.74386      3.602     5.9138     5.9177     5.9135    27.6037    27.5451  1021.7403    21.7235    298.104    283.358  317.82244     93.796     89.126     0.3236     1.5934     3.6764     0.9932 2.0683e-01        392     0.2715  0.000e+00
      3.628   65.76074 -168.74386      3.664     5.9132     5.9171     5.9130    27.6049    27.5513  1021.7415    21.7245    298.126    283.340  317.82391     93.802     89.123     0.3236     1.5934     3.6764     0.9932 2.0683e-01        393     0.2722  0.000e+00
      3.628   65.76074 -168.74386      3.664     5.9133     5.9170     5.9130    27.6037    27.5611  1021.7406    21.7235    298.346    283.309  317.82636     93.871     89.119     0.3175     1.5568     3.6764     0.9932 2.4865e-01        394     0.2729  0.000e+00
      3.566   65.76074 -168.74386      3.602     5.9130     5.9164     5.9127    27.6004    27.5668  1021.7377    21.7210    298.393    283.269  317.83634     93.883     89.109     0.3138     1.5348     3.6752     0.9945 2.8097e-01        395     0.2736  0.000e+00
      3.628   65.76074 -168.74386      3.664     5.9132     5.9166     5.9130    27.5971    27.5675  1021.7354    21.7183    298.437    283.259  317.84220     93.895     89.107     0.3126     1.5275     3.6752     0.9945 2.8663e-01        396     0.2743  0.000e+00
      3.566   65.76074 -168.74386      3.602     5.9130     5.9164     5.9127    27.5950    27.5684  1021.7335    21.7167    298.474    283.246  317.84905     93.904     89.103     0.3138     1.5348     3.6764     0.9932 2.7762e-01        397     0.2750  0.000e+00
      3.566   65.76074 -168.74386      3.602     5.9130     5.9161     5.9128    27.5935    27.5712  1021.7323    21.7155    298.506    283.050  317.85218     93.913     89.043     0.3150     1.5421     3.6764     0.9932 2.7209e-01        398     0.2757  0.000e+00
      3.628   65.76074 -168.74386      3.664     5.9130     5.9159     5.9127    27.5931    27.5745  1021.7322    21.7152    298.535    283.021  317.85369     93.922     89.035     0.3138     1.5348     3.6752     0.9945 2.7099e-01        399     0.2764  0.000e+00
      3.628   65.76074 -168.74386      3.664     5.9132     5.9159     5.9130    27.5934    27.5769  1021.7324    21.7154    298.757    282.992  317.85109     93.993     89.028     0.3138     1.5348     3.6764     0.9932 2.6126e-01        400     0.2771  0.000e+00
      3.628   65.76074 -168.74386      3.664     5.9131     5.9159     5.9129    27.5927    27.5772  1021.7319    21.7148    298.602    283.152  317.85341     93.943     89.078     0.3126     1.5275     3.6764     0.9932 2.4969e-01        401     0.2778  0.000e+00
      3.566   65.76074 -168.74386      3.602     5.9131     5.9158     5.9129    27.5919    27.5766  1021.7310    21.7142    298.585    282.965  317.85534     93.937     89.019     0.3138     1.5348     3.6752     0.9945 2.4660e-01        402     0.2785  0.000e+00
      3.628   65.76074 -168.74386      3.664     5.9132     5.9161     5.9130    27.5911    27.5757  1021.7306    21.7135    298.597    282.947  317.85650     93.941     89.013     0.3126     1.5275     3.6752     0.9945 2.4865e-01        403     0.2792  0.000e+00
      3.628   65.76074 -168.74386      3.664     5.9131     5.9159     5.9129    27.5900    27.5744  1021.7298    21.7127    298.605    282.932  317.85973     93.942     89.007     0.3138     1.5348     3.6764     0.9932 2.5073e-01        404     0.2799  0.000e+00
      3.628   65.76074 -168.74386      3.664     5.9132     5.9161     5.9130    27.5894    27.5724  1021.7293    21.7123    298.810    282.918  317.86032     94.007     89.002     0.3150     1.5421     3.6752     0.9945 2.5177e-01        405     0.2806  0.000e+00
      3.628   65.76074 -168.74386      3.664     5.9131     5.9161     5.9129    27.5887    27.5690  1021.7288    21.7117    298.634    282.909  317.86272     93.951     88.997     0.3138     1.5348     3.6777     0.9918 2.3948e-01        406     0.2813  0.000e+00
      3.628   65.76074 -168.74386      3.664     5.9134     5.9169     5.9132    27.5873    27.5638  1021.7276    21.7106    298.831    282.717  317.86374     94.012     88.934     0.3150     1.5421     3.6838     0.9852 2.1051e-01        407     0.2819  0.000e+00
      3.628   65.76074 -168.74386      3.664     5.9132     5.9175     5.9130    27.5866    27.5571  1021.7271    21.7101    298.851    282.879  317.86689     94.018     88.982     0.3126     1.5275     3.6862     0.9826 2.0049e-01        408     0.2826  0.000e+00
      3.682   65.76074 -168.74386      3.719     5.9136     5.9180     5.9133    27.5862    27.5515  1021.7270    21.7096    299.067    282.879  317.86535     94.086     88.980     0.3150     1.5421     3.6850     0.9839 2.0139e-01        409     0.2833  0.000e+00
      3.628   65.76074 -168.74386      3.664     5.9135     5.9179     5.9133    27.5851    27.5496  1021.7259    21.7088    298.839    282.873  317.86816     94.013     88.976     0.3138     1.5348     3.6850     0.9839 2.0139e-01        410     0.2840  0.000e+00
      3.682   65.76074 -168.74386      3.719     5.9136     5.9177     5.9133    27.5832    27.5479  1021.7247    21.7073    298.843    282.690  317.87225     94.014     88.917     0.3138     1.5348     3.6862     0.9826 2.0139e-01        411     0.2847  0.000e+00
      3.682   65.76074 -168.74386      3.719     5.9138     5.9180     5.9135    27.5813    27.5441  1021.7231    21.7058    298.840    282.672  317.87526     94.012     88.910     0.3138     1.5348     3.6862     0.9826 2.0229e-01        412     0.2854  0.000e+00
      3.682   65.76074 -168.74386      3.719     5.9140     5.9186     5.9137    27.5783    27.5361  1021.7207    21.7034    298.834    282.846  317.88076     94.008     88.961     0.3138     1.5348     3.6850     0.9839 2.0959e-01        413     0.2861  0.000e+00
      3.682   65.76074 -168.74386      3.719     5.9141     5.9191     5.9138    27.5738    27.5261  1021.7171    21.6998    298.827    283.046  317.89066     94.003     89.018     0.3150     1.5421     3.6850     0.9839 2.1330e-01        414     0.2868  0.000e+00
      3.736   65.76074 -168.74386      3.773     5.9144     5.9196     5.9141    27.5688    27.5174  1021.7135    21.6959    298.818    282.898  317.90033     93.997     88.967     0.3138     1.5348     3.6850     0.9839 2.1237e-01        415     0.2875  0.000e+00
      3.736   65.76074 -168.74386      3.773     5.9146     5.9204     5.9143    27.5608    27.5076  1021.7071    21.6895    298.575    282.915  317.91780     93.916     88.967     0.3150     1.5421     3.6850     0.9839 1.9252e-01        416     0.2882  0.000e+00
      3.736   65.76074 -168.74386      3.773     5.9146     5.9207     5.9143    27.5505    27.4945  1021.6990    21.6814    298.772    282.759  317.94189     93.971     88.910     0.3138     1.5348     3.6850     0.9839 1.8051e-01        417     0.2889  0.000e+00
      3.736   65.76074 -168.74386      3.773     5.9153     5.9212     5.9150    27.5423    27.4836  1021.6925    21.6749    298.751    282.948  317.95591     93.960     88.964     0.3138     1.5348     3.6862     0.9826 1.7883e-01        418     0.2896  0.000e+00
      3.798   65.76074 -168.74386      3.836     5.9157     5.9216     5.9154    27.5374    27.4790  1021.6888    21.6709    298.752    282.964  317.96447     93.958     88.967     0.3162     1.5494     3.6862     0.9826 1.8560e-01        419     0.2903  0.000e+00
      3.736   65.76074 -168.74386      3.773     5.9160     5.9215     5.9157    27.5338    27.4785  1021.6857    21.6681    298.743    282.973  317.97058     93.953     88.969     0.3260     1.6080     3.6850     0.9839 1.9078e-01        420     0.2910  0.000e+00
      3.852   65.76074 -168.74386      3.890     5.9164     5.9218     5.9161    27.5312    27.4768  1021.6841    21.6660    298.735    282.805  317.97355     93.950     88.915     0.3309     1.6373     3.6862     0.9826 1.9165e-01        421     0.2917  0.000e+00
      3.798   65.76074 -168.74386      3.836     5.9167     5.9223     5.9164    27.5298    27.4727  1021.6827    21.6649    298.775    282.802  317.97497     93.962     88.913     0.3297     1.6300     3.6862     0.9826 2.2373e-01        422     0.2924  0.000e+00
