EcoFOCI/data/1_SampleCollection/2023_SikuliaqDBO_CruiseData/CTD_raw_BottleFile_SKQ23-12S/proc/skq202312s_063svp.cnv
* Sea-Bird SBE 9 Data File:
* FileName = D:\CTD\SKQ202312S\SKQ202312S_063.hex
* Software Version Seasave V 7.26.7.121
* Temperature SN = 6177
* Conductivity SN = 0369
* Number of Bytes Per Scan = 41
* Number of Voltage Words = 4
* Number of Scans Averaged by the Deck Unit = 1
* NMEA Latitude = 71 49.84 N
* NMEA Longitude = 165 58.06 W
* NMEA UTC (Time) = Sep 28 2023  06:16:57
* NMEA baud rate = 4800
** Ship: R/V Sikuliaq
** Station Number: 063
** Station Name: IC1
** Bottom Depth: 44
** Operator: SD
# nquan = 7
# nvalues = 4818                                  
# units = specified
# name 0 = depSM: Depth [salt water, m]
# name 1 = latitude: Latitude [deg]
# name 2 = longitude: Longitude [deg]
# name 3 = t090C: Temperature [ITS-90, deg C]
# name 4 = sal00: Salinity, Practical [PSU]
# name 5 = svCM: Sound Velocity [Chen-Millero, m/s]
# name 6 = flag:  0.000e+00
# span 0 =      2.371,     39.010                 
# span 1 =   71.83034,   71.83050                 
# span 2 = -165.96708, -165.96666                 
# span 3 =    -0.7761,     3.7917                 
# span 4 =    30.1534,    32.4386                 
# span 5 =    1442.60,    1461.89                 
# span 6 = 0.0000e+00, 0.0000e+00                 
# interval = seconds: 0.0416667
# start_time = Sep 28 2023 06:20:37 [NMEA time, first data scan]
# bad_flag = -9.990e-29
*END*
[from data line 4103]
     37.234   71.83034 -165.96680    -0.7573    32.4032    1442.74  0.000e+00
     37.180   71.83034 -165.96680    -0.7564    32.4028    1442.74  0.000e+00
     37.226   71.83034 -165.96680    -0.7557    32.4022    1442.75  0.000e+00
     37.234   71.83034 -165.96680    -0.7550    32.4019    1442.75  0.000e+00
     37.180   71.83034 -165.96680    -0.7548    32.4020    1442.75  0.000e+00
     37.342   71.83034 -165.96680    -0.7544    32.4016    1442.75  0.000e+00
     37.295   71.83034 -165.96680    -0.7540    32.4016    1442.75  0.000e+00
     37.295   71.83034 -165.96678    -0.7538    32.4016    1442.76  0.000e+00
     37.288   71.83034 -165.96678    -0.7540    32.4024    1442.76  0.000e+00
     37.295   71.83034 -165.96678    -0.7533    32.4026    1442.76  0.000e+00
     37.295   71.83034 -165.96678    -0.7533    32.4031    1442.76  0.000e+00
     37.349   71.83034 -165.96678    -0.7532    32.4034    1442.76  0.000e+00
     37.342   71.83034 -165.96678    -0.7529    32.4032    1442.76  0.000e+00
     37.349   71.83034 -165.96678    -0.7527    32.4036    1442.76  0.000e+00
     37.349   71.83034 -165.96678    -0.7523    32.4033    1442.77  0.000e+00
     37.403   71.83034 -165.96678    -0.7522    32.4032    1442.77  0.000e+00
     37.349   71.83034 -165.96678    -0.7518    32.4035    1442.77  0.000e+00
     37.411   71.83034 -165.96678    -0.7516    32.4034    1442.77  0.000e+00
     37.457   71.83034 -165.96678    -0.7515    32.4035    1442.77  0.000e+00
     37.411   71.83034 -165.96678    -0.7516    32.4037    1442.77  0.000e+00
     37.411   71.83034 -165.96678    -0.7515    32.4038    1442.77  0.000e+00
     37.527   71.83034 -165.96678    -0.7509    32.4032    1442.78  0.000e+00
     37.457   71.83034 -165.96678    -0.7507    32.4032    1442.78  0.000e+00
     37.465   71.83034 -165.96678    -0.7509    32.4038    1442.78  0.000e+00
     37.465   71.83034 -165.96678    -0.7507    32.4036    1442.78  0.000e+00
     37.457   71.83034 -165.96678    -0.7508    32.4040    1442.78  0.000e+00
     37.527   71.83034 -165.96678    -0.7506    32.4034    1442.78  0.000e+00
     37.465   71.83034 -165.96678    -0.7507    32.4038    1442.78  0.000e+00
     37.527   71.83034 -165.96678    -0.7506    32.4037    1442.78  0.000e+00
     37.511   71.83034 -165.96678    -0.7506    32.4037    1442.78  0.000e+00
     37.527   71.83034 -165.96678    -0.7505    32.4034    1442.78  0.000e+00
     37.526   71.83034 -165.96678    -0.7506    32.4038    1442.78  0.000e+00
     37.573   71.83034 -165.96678    -0.7504    32.4035    1442.78  0.000e+00
     37.580   71.83034 -165.96678    -0.7504    32.4041    1442.78  0.000e+00
     37.580   71.83034 -165.96678    -0.7504    32.4041    1442.78  0.000e+00
     37.573   71.83034 -165.96678    -0.7503    32.4039    1442.78  0.000e+00
     37.634   71.83034 -165.96678    -0.7504    32.4040    1442.78  0.000e+00
     37.580   71.83034 -165.96678    -0.7503    32.4037    1442.78  0.000e+00
     37.634   71.83034 -165.96678    -0.7502    32.4033    1442.78  0.000e+00
     37.627   71.83034 -165.96678    -0.7503    32.4035    1442.78  0.000e+00
     37.634   71.83034 -165.96678    -0.7500    32.4031    1442.78  0.000e+00
     37.634   71.83034 -165.96678    -0.7503    32.4040    1442.78  0.000e+00
     37.627   71.83034 -165.96678    -0.7502    32.4037    1442.78  0.000e+00
     37.634   71.83034 -165.96678    -0.7501    32.4034    1442.78  0.000e+00
     37.696   71.83034 -165.96678    -0.7503    32.4038    1442.78  0.000e+00
     37.634   71.83034 -165.96678    -0.7502    32.4040    1442.78  0.000e+00
     37.688   71.83034 -165.96678    -0.7503    32.4034    1442.78  0.000e+00
     37.696   71.83034 -165.96678    -0.7504    32.4035    1442.78  0.000e+00
     37.696   71.83034 -165.96678    -0.7504    32.4037    1442.78  0.000e+00
     37.688   71.83034 -165.96678    -0.7504    32.4037    1442.78  0.000e+00
     37.750   71.83034 -165.96678    -0.7504    32.4034    1442.78  0.000e+00
     37.696   71.83034 -165.96678    -0.7504    32.4036    1442.78  0.000e+00
     37.688   71.83034 -165.96678    -0.7503    32.4033    1442.78  0.000e+00
     37.812   71.83034 -165.96678    -0.7500    32.4034    1442.78  0.000e+00
     37.750   71.83034 -165.96678    -0.7501    32.4043    1442.78  0.000e+00
     37.750   71.83034 -165.96678    -0.7500    32.4053    1442.79  0.000e+00
     37.804   71.83034 -165.96678    -0.7501    32.4060    1442.79  0.000e+00
     37.750   71.83034 -165.96678    -0.7496    32.4059    1442.79  0.000e+00
     37.812   71.83034 -165.96678    -0.7495    32.4064    1442.79  0.000e+00
     37.804   71.83034 -165.96678    -0.7491    32.4067    1442.79  0.000e+00
     37.812   71.83034 -165.96678    -0.7488    32.4070    1442.80  0.000e+00
     37.812   71.83034 -165.96678    -0.7486    32.4070    1442.80  0.000e+00
     37.866   71.83034 -165.96678    -0.7487    32.4074    1442.80  0.000e+00
     37.804   71.83034 -165.96678    -0.7481    32.4074    1442.80  0.000e+00
     37.866   71.83034 -165.96678    -0.7480    32.4072    1442.80  0.000e+00
     37.866   71.83034 -165.96678    -0.7479    32.4070    1442.80  0.000e+00
     37.858   71.83034 -165.96678    -0.7479    32.4077    1442.80  0.000e+00
     37.866   71.83034 -165.96678    -0.7475    32.4084    1442.80  0.000e+00
     37.927   71.83034 -165.96678    -0.7478    32.4099    1442.81  0.000e+00
     37.866   71.83034 -165.96678    -0.7473    32.4111    1442.81  0.000e+00
     37.912   71.83034 -165.96678    -0.7471    32.4117    1442.81  0.000e+00
     37.927   71.83034 -165.96678    -0.7466    32.4117    1442.81  0.000e+00
     37.866   71.83034 -165.96678    -0.7459    32.4113    1442.82  0.000e+00
     37.974   71.83034 -165.96678    -0.7455    32.4115    1442.82  0.000e+00
     37.927   71.83034 -165.96678    -0.7453    32.4121    1442.82  0.000e+00
     37.981   71.83034 -165.96678    -0.7449    32.4119    1442.82  0.000e+00
     37.981   71.83034 -165.96678    -0.7442    32.4117    1442.83  0.000e+00
     37.974   71.83034 -165.96678    -0.7441    32.4119    1442.83  0.000e+00
     37.981   71.83034 -165.96678    -0.7436    32.4115    1442.83  0.000e+00
     38.035   71.83034 -165.96678    -0.7438    32.4117    1442.83  0.000e+00
     38.028   71.83034 -165.96678    -0.7436    32.4112    1442.83  0.000e+00
     38.035   71.83034 -165.96678    -0.7434    32.4106    1442.83  0.000e+00
     38.097   71.83034 -165.96678    -0.7433    32.4107    1442.83  0.000e+00
     38.097   71.83034 -165.96678    -0.7433    32.4099    1442.83  0.000e+00
     38.027   71.83034 -165.96678    -0.7433    32.4084    1442.83  0.000e+00
     38.035   71.83034 -165.96678    -0.7438    32.4064    1442.82  0.000e+00
     37.981   71.83034 -165.96678    -0.7442    32.4044    1442.82  0.000e+00
     37.973   71.83034 -165.96678    -0.7449    32.4030    1442.81  0.000e+00
     37.981   71.83034 -165.96678    -0.7453    32.4023    1442.81  0.000e+00
     37.927   71.83034 -165.96678    -0.7459    32.4024    1442.80  0.000e+00
     37.927   71.83034 -165.96678    -0.7465    32.4024    1442.80  0.000e+00
     37.973   71.83034 -165.96678    -0.7467    32.4022    1442.80  0.000e+00
     37.865   71.83034 -165.96678    -0.7471    32.4025    1442.80  0.000e+00
     37.981   71.83034 -165.96678    -0.7473    32.4023    1442.80  0.000e+00
     37.973   71.83034 -165.96678    -0.7475    32.4024    1442.80  0.000e+00
     37.927   71.83034 -165.96678    -0.7475    32.4029    1442.80  0.000e+00
     37.981   71.83034 -165.96678    -0.7476    32.4036    1442.80  0.000e+00
     37.981   71.83034 -165.96678    -0.7476    32.4034    1442.80  0.000e+00
     38.027   71.83034 -165.96678    -0.7476    32.4036    1442.80  0.000e+00
     37.981   71.83034 -165.96678    -0.7478    32.4039    1442.80  0.000e+00
     38.035   71.83034 -165.96678    -0.7473    32.4036    1442.80  0.000e+00
     37.973   71.83034 -165.96678    -0.7476    32.4040    1442.80  0.000e+00
     37.981   71.83034 -165.96678    -0.7475    32.4039    1442.80  0.000e+00
     37.981   71.83034 -165.96678    -0.7476    32.4040    1442.80  0.000e+00
     38.035   71.83034 -165.96678    -0.7476    32.4040    1442.80  0.000e+00
     37.912   71.83034 -165.96678    -0.7475    32.4037    1442.80  0.000e+00
     37.981   71.83034 -165.96678    -0.7476    32.4035    1442.80  0.000e+00
     37.927   71.83034 -165.96678    -0.7476    32.4032    1442.80  0.000e+00
     37.973   71.83034 -165.96678    -0.7478    32.4026    1442.80  0.000e+00
     37.927   71.83034 -165.96678    -0.7479    32.4015    1442.79  0.000e+00
     37.981   71.83034 -165.96678    -0.7481    32.4009    1442.79  0.000e+00
     37.927   71.83034 -165.96678    -0.7485    32.4006    1442.79  0.000e+00
     37.973   71.83034 -165.96678    -0.7490    32.4005    1442.79  0.000e+00
     37.981   71.83034 -165.96678    -0.7495    32.4006    1442.79  0.000e+00
     37.981   71.83034 -165.96678    -0.7499    32.4014    1442.79  0.000e+00
     38.027   71.83034 -165.96678    -0.7501    32.4018    1442.79  0.000e+00
     37.981   71.83034 -165.96678    -0.7498    32.4023    1442.79  0.000e+00
     37.981   71.83034 -165.96678    -0.7498    32.4019    1442.79  0.000e+00
     37.981   71.83034 -165.96678    -0.7498    32.4006    1442.78  0.000e+00
     37.911   71.83034 -165.96678    -0.7498    32.3994    1442.78  0.000e+00
     38.035   71.83034 -165.96678    -0.7500    32.3978    1442.78  0.000e+00
     37.981   71.83034 -165.96678    -0.7506    32.3958    1442.77  0.000e+00
     37.973   71.83034 -165.96678    -0.7513    32.3950    1442.77  0.000e+00
     37.981   71.83034 -165.96678    -0.7519    32.3954    1442.77  0.000e+00
     37.927   71.83034 -165.96678    -0.7525    32.3956    1442.76  0.000e+00
     37.981   71.83034 -165.96678    -0.7529    32.3958    1442.76  0.000e+00
     37.973   71.83034 -165.96678    -0.7529    32.3955    1442.76  0.000e+00
     37.927   71.83034 -165.96676    -0.7533    32.3960    1442.76  0.000e+00
     37.981   71.83034 -165.96676    -0.7533    32.3956    1442.76  0.000e+00
     37.973   71.83034 -165.96676    -0.7536    32.3959    1442.76  0.000e+00
     37.981   71.83034 -165.96676    -0.7535    32.3956    1442.76  0.000e+00
     37.981   71.83034 -165.96676    -0.7536    32.3961    1442.76  0.000e+00
     38.035   71.83034 -165.96676    -0.7533    32.3960    1442.76  0.000e+00
     37.973   71.83034 -165.96676    -0.7534    32.3963    1442.76  0.000e+00
     37.981   71.83034 -165.96676    -0.7533    32.3961    1442.76  0.000e+00
     37.981   71.83034 -165.96676    -0.7533    32.3962    1442.76  0.000e+00
     37.973   71.83034 -165.96676    -0.7533    32.3961    1442.76  0.000e+00
     37.927   71.83034 -165.96676    -0.7531    32.3952    1442.76  0.000e+00
     37.981   71.83034 -165.96676    -0.7533    32.3948    1442.76  0.000e+00
     37.981   71.83034 -165.96676    -0.7531    32.3939    1442.76  0.000e+00
     37.973   71.83034 -165.96676    -0.7536    32.3941    1442.76  0.000e+00
     37.927   71.83034 -165.96676    -0.7535    32.3941    1442.76  0.000e+00
     37.981   71.83034 -165.96676    -0.7536    32.3934    1442.76  0.000e+00
     37.973   71.83034 -165.96676    -0.7540    32.3933    1442.76  0.000e+00
     37.927   71.83034 -165.96676    -0.7540    32.3923    1442.75  0.000e+00
     37.981   71.83034 -165.96676    -0.7544    32.3917    1442.75  0.000e+00
     37.981   71.83034 -165.96676    -0.7545    32.3908    1442.75  0.000e+00
     37.973   71.83034 -165.96676    -0.7545    32.3907    1442.75  0.000e+00
     37.927   71.83034 -165.96676    -0.7548    32.3906    1442.75  0.000e+00
     38.035   71.83034 -165.96676    -0.7550    32.3907    1442.75  0.000e+00
     37.911   71.83034 -165.96676    -0.7548    32.3911    1442.75  0.000e+00
     37.981   71.83034 -165.96676    -0.7550    32.3911    1442.75  0.000e+00
     37.981   71.83034 -165.96676    -0.7554    32.3915    1442.75  0.000e+00
     37.927   71.83034 -165.96676    -0.7552    32.3918    1442.75  0.000e+00
     37.973   71.83034 -165.96676    -0.7552    32.3924    1442.75  0.000e+00
     37.927   71.83034 -165.96676    -0.7551    32.3925    1442.75  0.000e+00
     37.981   71.83034 -165.96676    -0.7552    32.3921    1442.75  0.000e+00
     37.911   71.83034 -165.96676    -0.7554    32.3916    1442.75  0.000e+00
     37.981   71.83034 -165.96676    -0.7558    32.3920    1442.74  0.000e+00
     37.927   71.83034 -165.96676    -0.7557    32.3918    1442.74  0.000e+00
     37.927   71.83034 -165.96676    -0.7558    32.3918    1442.74  0.000e+00
     37.973   71.83034 -165.96676    -0.7558    32.3922    1442.74  0.000e+00
     37.927   71.83034 -165.96676    -0.7561    32.3929    1442.74  0.000e+00
     37.980   71.83034 -165.96676    -0.7560    32.3929    1442.74  0.000e+00
     37.911   71.83034 -165.96676    -0.7560    32.3935    1442.74  0.000e+00
     37.980   71.83034 -165.96676    -0.7558    32.3935    1442.75  0.000e+00
     37.926   71.83034 -165.96676    -0.7557    32.3932    1442.75  0.000e+00
     37.926   71.83034 -165.96676    -0.7556    32.3931    1442.75  0.000e+00
     37.973   71.83034 -165.96676    -0.7556    32.3930    1442.75  0.000e+00
     37.926   71.83034 -165.96676    -0.7555    32.3933    1442.75  0.000e+00
     37.926   71.83034 -165.96676    -0.7554    32.3930    1442.75  0.000e+00
     37.911   71.83034 -165.96676    -0.7555    32.3933    1442.75  0.000e+00
     37.926   71.83034 -165.96676    -0.7554    32.3930    1442.75  0.000e+00
     37.926   71.83034 -165.96676    -0.7555    32.3930    1442.75  0.000e+00
     37.926   71.83034 -165.96676    -0.7554    32.3926    1442.75  0.000e+00
     37.911   71.83034 -165.96676    -0.7553    32.3927    1442.75  0.000e+00
     37.926   71.83034 -165.96676    -0.7555    32.3925    1442.75  0.000e+00
     37.926   71.83034 -165.96676    -0.7554    32.3922    1442.75  0.000e+00
     37.911   71.83034 -165.96676    -0.7552    32.3920    1442.75  0.000e+00
     37.926   71.83034 -165.96676    -0.7553    32.3925    1442.75  0.000e+00
     37.980   71.83034 -165.96676    -0.7553    32.3925    1442.75  0.000e+00
     37.926   71.83034 -165.96676    -0.7553    32.3928    1442.75  0.000e+00
     37.911   71.83034 -165.96676    -0.7550    32.3932    1442.75  0.000e+00
     37.926   71.83034 -165.96676    -0.7549    32.3932    1442.75  0.000e+00
     37.926   71.83034 -165.96676    -0.7550    32.3922    1442.75  0.000e+00
     37.911   71.83034 -165.96676    -0.7551    32.3910    1442.75  0.000e+00
     37.926   71.83034 -165.96676    -0.7553    32.3910    1442.74  0.000e+00
     37.926   71.83034 -165.96676    -0.7552    32.3904    1442.74  0.000e+00
     37.926   71.83034 -165.96676    -0.7554    32.3903    1442.74  0.000e+00
     37.911   71.83034 -165.96676    -0.7555    32.3904    1442.74  0.000e+00
     37.926   71.83034 -165.96676    -0.7554    32.3896    1442.74  0.000e+00
     37.926   71.83034 -165.96676    -0.7555    32.3892    1442.74  0.000e+00
     37.911   71.83034 -165.96676    -0.7556    32.3895    1442.74  0.000e+00
     37.926   71.83034 -165.96676    -0.7558    32.3898    1442.74  0.000e+00
     37.926   71.83034 -165.96676    -0.7557    32.3895    1442.74  0.000e+00
     37.926   71.83034 -165.96676    -0.7555    32.3901    1442.74  0.000e+00
     37.973   71.83034 -165.96676    -0.7557    32.3903    1442.74  0.000e+00
     37.926   71.83034 -165.96676    -0.7553    32.3901    1442.74  0.000e+00
     37.980   71.83034 -165.96676    -0.7555    32.3906    1442.74  0.000e+00
     37.911   71.83034 -165.96676    -0.7553    32.3902    1442.74  0.000e+00
     37.980   71.83034 -165.96676    -0.7550    32.3896    1442.75  0.000e+00
     37.926   71.83034 -165.96676    -0.7549    32.3898    1442.75  0.000e+00
     37.926   71.83034 -165.96676    -0.7547    32.3898    1442.75  0.000e+00
     37.973   71.83034 -165.96676    -0.7548    32.3905    1442.75  0.000e+00
