EcoFOCI/data/1_SampleCollection/2023_SikuliaqDBO_CruiseData/CTD_raw_BottleFile_SKQ23-12S/proc/skq202312s_017.cnv
* Sea-Bird SBE 9 Data File:
* FileName = D:\CTD\SKQ202312S\SKQ202312S_017.hex
* Software Version Seasave V 7.26.7.121
* Temperature SN = 6177
* Conductivity SN = 0369
* Number of Bytes Per Scan = 41
* Number of Voltage Words = 4
* Number of Scans Averaged by the Deck Unit = 1
* NMEA Latitude = 64 40.58 N
* NMEA Longitude = 168 35.74 W
* NMEA UTC (Time) = Sep 17 2023  17:29:22
* NMEA baud rate = 4800
** Ship: R/V Sikuliaq
** Station Number: 017
** Station Name: DBO2.2a
** Bottom Depth: 43
** Operator: SD
# nquan = 24
# nvalues = 4343                                  
# units = specified
# name 0 = depSM: Depth [salt water, m]
# name 1 = latitude: Latitude [deg]
# name 2 = longitude: Longitude [deg]
# name 3 = prDM: Pressure, Digiquartz [db]
# name 4 = t090C: Temperature [ITS-90, deg C]
# name 5 = t190C: Temperature, 2 [ITS-90, deg C]
# name 6 = potemp090C: Potential Temperature [ITS-90, deg C]
# name 7 = sal00: Salinity, Practical [PSU]
# name 8 = sal11: Salinity, Practical, 2 [PSU]
# name 9 = density00: Density [density, kg/m^3]
# name 10 = sigma-é00: Density [sigma-theta, kg/m^3]
# name 11 = sbox0Mm/Kg: Oxygen, SBE 43 [umol/kg]
# name 12 = sbox1Mm/Kg: Oxygen, SBE 43, 2 [umol/kg]
# name 13 = oxsolMm/Kg: Oxygen Saturation, Garcia & Gordon [umol/kg]
# name 14 = sbeox0PS: Oxygen, SBE 43 [% saturation]
# name 15 = sbeox1PS: Oxygen, SBE 43, 2 [% saturation]
# name 16 = v0: Voltage 0
# name 17 = flECO-AFL: Fluorescence, WET Labs ECO-AFL/FL [mg/m^3]
# name 18 = v1: Voltage 1
# name 19 = CStarAt0: Beam Attenuation, WET Labs C-Star [1/m]
# name 20 = par: PAR/Irradiance, Biospherical/Licor
# name 21 = scan: Scan Count
# name 22 = timeM: Time, Elapsed [minutes]
# name 23 = flag:  0.000e+00
# span 0 =      2.666,     37.762                 
# span 1 =   64.67642,   64.67646                 
# span 2 = -168.59560, -168.59556                 
# span 3 =      2.692,     38.139                 
# span 4 =     3.0589,     4.5338                 
# span 5 =     3.0596,     4.5273                 
# span 6 =     3.0573,     4.5334                 
# span 7 =    31.9894,    32.8255                 
# span 8 =    32.0032,    32.8353                 
# span 9 =  1025.3533,  1026.3224                 
# span 10 =    25.3394,    26.1442                
# span 11 =    265.538,    297.425                
# span 12 =    252.500,    283.473                
# span 13 =  317.86679,  328.68613                
# span 14 =     81.168,     92.007                
# span 15 =     77.169,     88.055                
# span 16 =     0.1172,     0.3578                
# span 17 =     0.3553,     1.7985                
# span 18 =     2.7582,     4.0171                
# span 19 =     0.6386,     2.1430                
# span 20 = 9.5458e-02, 3.0819e+01                
# span 21 =          1,       4343                
# span 22 =     0.0000,     3.0153                
# span 23 = 0.0000e+00, 0.0000e+00                
# interval = seconds: 0.0416667
# start_time = Sep 17 2023 17:33:26 [NMEA time, first data scan]
# bad_flag = -9.990e-29
*END*
[from data line 2174]
     16.412   64.67644 -168.59558     16.575     3.1120     3.1131     3.1111    32.3803    32.3917  1025.8625    25.7847    294.889    281.690  328.12098     89.872     85.859     0.1795     0.7289     3.8938     0.7634 2.3800e+00       2175     1.5097  0.000e+00
     16.451   64.67644 -168.59558     16.614     3.1119     3.1124     3.1109    32.3799    32.3918  1025.8624    25.7844    294.877    281.655  328.12322     89.868     85.847     0.1795     0.7289     3.8938     0.7634 2.3730e+00       2176     1.5104  0.000e+00
     16.451   64.67644 -168.59558     16.614     3.1112     3.1121     3.1103    32.3802    32.3922  1025.8626    25.7847    294.867    281.446  328.12771     89.864     85.783     0.1807     0.7362     3.8926     0.7646 2.3660e+00       2177     1.5111  0.000e+00
     16.451   64.67644 -168.59558     16.614     3.1114     3.1120     3.1105    32.3800    32.3920  1025.8625    25.7845    294.854    281.605  328.12691     89.860     85.831     0.1795     0.7289     3.8926     0.7646 2.3660e+00       2178     1.5118  0.000e+00
     16.474   64.67644 -168.59558     16.637     3.1112     3.1112     3.1103    32.3799    32.3921  1025.8625    25.7844    294.628    281.600  328.12843     89.790     85.828     0.1807     0.7362     3.8926     0.7646 2.3590e+00       2179     1.5125  0.000e+00
     16.505   64.67644 -168.59558     16.669     3.1108     3.1107     3.1098    32.3792    32.3918  1025.8622    25.7839    294.627    281.595  328.13395     89.789     85.825     0.1795     0.7289     3.8803     0.7772 2.3520e+00       2180     1.5132  0.000e+00
     16.505   64.67644 -168.59558     16.668     3.1100     3.1100     3.1091    32.3794    32.3927  1025.8624    25.7842    294.594    281.591  328.13953     89.777     85.823     0.1795     0.7289     3.8694     0.7885 2.3451e+00       2181     1.5139  0.000e+00
     16.505   64.67644 -168.59558     16.668     3.1094     3.1095     3.1084    32.3795    32.3925  1025.8626    25.7843    294.563    281.588  328.14441     89.766     85.821     0.1795     0.7289     3.8669     0.7911 2.3520e+00       2182     1.5146  0.000e+00
     16.474   64.67644 -168.59558     16.637     3.1086     3.1087     3.1076    32.3800    32.3928  1025.8628    25.7848    294.535    281.394  328.14975     89.756     85.760     0.1795     0.7289     3.8681     0.7898 2.3590e+00       2183     1.5153  0.000e+00
     16.505   64.67644 -168.59558     16.668     3.1078     3.1084     3.1068    32.3803    32.3926  1025.8633    25.7851    294.511    281.374  328.15547     89.748     85.753     0.1795     0.7289     3.8681     0.7898 2.3590e+00       2184     1.5160  0.000e+00
     16.559   64.67644 -168.59558     16.723     3.1075     3.1079     3.1065    32.3799    32.3926  1025.8633    25.7848    294.489    281.358  328.15853     89.740     85.747     0.1795     0.7289     3.8681     0.7898 2.3590e+00       2185     1.5167  0.000e+00
     16.559   64.67644 -168.59558     16.723     3.1067     3.1076     3.1057    32.3798    32.3924  1025.8632    25.7848    294.255    281.342  328.16541     89.667     85.742     0.1807     0.7362     3.8681     0.7898 2.3520e+00       2186     1.5174  0.000e+00
     16.528   64.67644 -168.59558     16.692     3.1067     3.1070     3.1058    32.3789    32.3923  1025.8624    25.7840    294.201    281.330  328.16766     89.650     85.737     0.1795     0.7289     3.8681     0.7898 2.3520e+00       2187     1.5181  0.000e+00
     16.559   64.67644 -168.59558     16.723     3.1052     3.1062     3.1042    32.3793    32.3925  1025.8630    25.7845    294.164    281.129  328.17906     89.635     85.674     0.1807     0.7362     3.8681     0.7898 2.3520e+00       2188     1.5188  0.000e+00
     16.505   64.67644 -168.59558     16.668     3.1029     3.1053     3.1020    32.3809    32.3945  1025.8642    25.7860    294.130    281.099  328.19334     89.621     85.664     0.1795     0.7289     3.8681     0.7898 2.3590e+00       2189     1.5194  0.000e+00
     16.559   64.67644 -168.59558     16.723     3.1012     3.1042     3.1002    32.3825    32.3964  1025.8659    25.7874    293.885    281.077  328.20328     89.543     85.657     0.1807     0.7362     3.8681     0.7898 2.3590e+00       2190     1.5201  0.000e+00
     16.589   64.67644 -168.59558     16.754     3.1002     3.1040     3.0992    32.3828    32.3980  1025.8664    25.7877    293.823    281.052  328.21070     89.523     85.650     0.1758     0.7069     3.8681     0.7898 2.3590e+00       2191     1.5208  0.000e+00
     16.559   64.67644 -168.59558     16.723     3.1000     3.1040     3.0990    32.3831    32.3999  1025.8664    25.7880    293.974    280.832  328.21175     89.569     85.584     0.1746     0.6996     3.8681     0.7898 2.3590e+00       2192     1.5215  0.000e+00
     16.559   64.67644 -168.59558     16.723     3.1004     3.1065     3.0994    32.3823    32.3999  1025.8658    25.7873    293.730    280.557  328.21026     89.494     85.505     0.1758     0.7069     3.8681     0.7898 2.3590e+00       2193     1.5222  0.000e+00
     16.620   64.67644 -168.59558     16.785     3.1014     3.1131     3.1004    32.3812    32.3969  1025.8651    25.7863    293.672    280.459  328.20525     89.478     85.487     0.1746     0.6996     3.8694     0.7885 2.3520e+00       2194     1.5229  0.000e+00
     16.528   64.67644 -168.59558     16.692     3.1017     3.1244     3.1007    32.3806    32.3880  1025.8642    25.7859    293.690    280.337  328.20394     89.484     85.468     0.1758     0.7069     3.8681     0.7898 2.3590e+00       2195     1.5236  0.000e+00
     16.620   64.67644 -168.59558     16.785     3.1010     3.1282     3.1001    32.3807    32.3862  1025.8648    25.7860    293.659    280.270  328.20894     89.473     85.454     0.1746     0.6996     3.8681     0.7898 2.3660e+00       2196     1.5243  0.000e+00
     16.558   64.67644 -168.59558     16.723     3.1015     3.1282     3.1005    32.3800    32.3887  1025.8638    25.7853    293.403    280.223  328.20736     89.396     85.442     0.1758     0.7069     3.8681     0.7898 2.3660e+00       2197     1.5250  0.000e+00
     16.620   64.67644 -168.59558     16.785     3.1014     3.1284     3.1004    32.3806    32.3899  1025.8646    25.7859    293.343    280.165  328.20665     89.378     85.425     0.1746     0.6996     3.8681     0.7898 2.3730e+00       2198     1.5257  0.000e+00
     16.558   64.67644 -168.59558     16.723     3.1002     3.1304     3.0993    32.3814    32.3892  1025.8651    25.7866    293.293    280.096  328.21384     89.360     85.408     0.1746     0.6996     3.8681     0.7898 2.3800e+00       2199     1.5264  0.000e+00
     16.589   64.67644 -168.59558     16.754     3.0990     3.1366     3.0981    32.3821    32.3854  1025.8659    25.7873    292.858    280.010  328.22186     89.226     85.392     0.1734     0.6923     3.8706     0.7873 2.3800e+00       2200     1.5271  0.000e+00
     16.620   64.67644 -168.59558     16.785     3.0988     3.1426     3.0979    32.3816    32.3837  1025.8656    25.7868    293.190    279.755  328.22459     89.326     85.326     0.1746     0.6996     3.8742     0.7835 2.3870e+00       2201     1.5278  0.000e+00
     16.558   64.67644 -168.59558     16.723     3.0978     3.1439     3.0968    32.3816    32.3860  1025.8655    25.7870    292.951    279.702  328.23308     89.251     85.314     0.1758     0.7069     3.8742     0.7835 2.3941e+00       2202     1.5285  0.000e+00
     16.674   64.67644 -168.59558     16.839     3.0965     3.1400     3.0955    32.3821    32.3913  1025.8666    25.7875    292.910    279.696  328.24221     89.236     85.308     0.1746     0.6996     3.8742     0.7835 2.4011e+00       2203     1.5292  0.000e+00
     16.589   64.67644 -168.59558     16.754     3.0958     3.1377     3.0948    32.3819    32.3938  1025.8660    25.7874    293.083    279.660  328.24848     89.287     85.293     0.1758     0.7069     3.8742     0.7835 2.4011e+00       2204     1.5299  0.000e+00
     16.620   64.67644 -168.59558     16.785     3.0960     3.1433     3.0951    32.3818    32.3881  1025.8661    25.7873    292.862    279.396  328.24692     89.220     85.221     0.1746     0.6996     3.8742     0.7835 2.4154e+00       2205     1.5306  0.000e+00
     16.620   64.67644 -168.59558     16.785     3.0968     3.1480     3.0959    32.3807    32.3853  1025.8651    25.7864    292.719    279.310  328.24313     89.178     85.203     0.1758     0.7069     3.8742     0.7835 2.4225e+00       2206     1.5313  0.000e+00
     16.674   64.67644 -168.59558     16.839     3.0996     3.1505     3.0987    32.3783    32.3867  1025.8632    25.7842    292.461    279.241  328.22616     89.103     85.188     0.1746     0.6996     3.8742     0.7835 2.4225e+00       2207     1.5319  0.000e+00
     16.643   64.67644 -168.59558     16.808     3.1018     3.1583     3.1009    32.3759    32.3819  1025.8610    25.7821    292.830    279.147  328.21435     89.219     85.173     0.1746     0.6996     3.8742     0.7835 2.4154e+00       2208     1.5326  0.000e+00
     16.558   64.67644 -168.59558     16.722     3.1002     3.1628     3.0993    32.3781    32.3788  1025.8624    25.7839    292.644    279.057  328.22202     89.160     85.152     0.1758     0.7069     3.8742     0.7835 2.4154e+00       2209     1.5333  0.000e+00
     16.674   64.67644 -168.59558     16.839     3.0991     3.1602     3.0982    32.3787    32.3802  1025.8636    25.7845    292.404    279.048  328.22955     89.085     85.145     0.1746     0.6996     3.8742     0.7835 2.4154e+00       2210     1.5340  0.000e+00
     16.620   64.67644 -168.59558     16.785     3.0990     3.1578     3.0980    32.3784    32.3808  1025.8631    25.7843    292.377    278.844  328.23107     89.077     85.078     0.1758     0.7069     3.8742     0.7835 2.4154e+00       2211     1.5347  0.000e+00
     16.643   64.67644 -168.59558     16.808     3.0975     3.1561     3.0965    32.3784    32.3831  1025.8634    25.7845    292.122    278.814  328.24366     88.996     85.067     0.1746     0.6996     3.8742     0.7835 2.4154e+00       2212     1.5354  0.000e+00
     16.620   64.67644 -168.59558     16.785     3.0930     3.1521     3.0921    32.3802    32.3890  1025.8651    25.7863    292.077    278.800  328.27514     88.973     85.058     0.1758     0.7069     3.8742     0.7835 2.4154e+00       2213     1.5361  0.000e+00
     16.674   64.67644 -168.59558     16.839     3.0898     3.1508     3.0888    32.3813    32.3917  1025.8665    25.7874    292.037    278.612  328.29884     88.954     85.000     0.1734     0.6923     3.8742     0.7835 2.4225e+00       2214     1.5368  0.000e+00
     16.674   64.67644 -168.59558     16.839     3.0871     3.1535     3.0861    32.3822    32.3901  1025.8674    25.7884    292.000    278.557  328.31829     88.938     84.988     0.1746     0.6996     3.8742     0.7835 2.4225e+00       2215     1.5375  0.000e+00
     16.643   64.67644 -168.59558     16.808     3.0852     3.1511     3.0843    32.3819    32.3909  1025.8672    25.7883    292.004    278.544  328.33411     88.935     84.979     0.1783     0.7216     3.8742     0.7835 2.4225e+00       2216     1.5382  0.000e+00
     16.620   64.67644 -168.59558     16.785     3.0835     3.1415     3.0825    32.3821    32.3944  1025.8674    25.7886    291.766    278.589  328.34795     88.859     84.975     0.1807     0.7362     3.8742     0.7835 2.4154e+00       2217     1.5389  0.000e+00
     16.674   64.67644 -168.59558     16.839     3.0825     3.1334     3.0816    32.3815    32.3920  1025.8673    25.7882    291.719    278.646  328.35680     88.842     84.974     0.1832     0.7509     3.8742     0.7835 2.4154e+00       2218     1.5396  0.000e+00
     16.674   64.67644 -168.59558     16.839     3.0809     3.1226     3.0800    32.3813    32.3917  1025.8672    25.7882    291.722    278.725  328.37027     88.839     84.975     0.1819     0.7436     3.8742     0.7835 2.4154e+00       2219     1.5403  0.000e+00
     16.705   64.67644 -168.59558     16.870     3.0797     3.1109     3.0787    32.3815    32.3950  1025.8676    25.7884    291.700    278.813  328.38029     88.830     84.980     0.1819     0.7436     3.8706     0.7873 2.4154e+00       2220     1.5410  0.000e+00
     16.674   64.67644 -168.59558     16.839     3.0786     3.1082     3.0776    32.3814    32.3955  1025.8675    25.7885    291.614    278.650  328.38903     88.801     84.925     0.1819     0.7436     3.8596     0.7986 2.4296e+00       2221     1.5417  0.000e+00
     16.674   64.67644 -168.59558     16.839     3.0774     3.1224     3.0764    32.3816    32.3831  1025.8678    25.7887    291.394    278.544  328.39861     88.732     84.914     0.1819     0.7436     3.8571     0.8012 2.4296e+00       2222     1.5424  0.000e+00
     16.735   64.67644 -168.59558     16.901     3.0766     3.1311     3.0756    32.3807    32.3751  1025.8674    25.7881    291.370    278.482  328.40727     88.722     84.908     0.1819     0.7436     3.8571     0.8012 2.4296e+00       2223     1.5431  0.000e+00
     16.704   64.67644 -168.59558     16.870     3.0754     3.1216     3.0744    32.3813    32.3776  1025.8679    25.7887    291.355    278.542  328.41522     88.715     84.908     0.1832     0.7509     3.8571     0.8012 2.4368e+00       2224     1.5438  0.000e+00
     16.674   64.67644 -168.59558     16.839     3.0745     3.1076     3.0736    32.3815    32.3807  1025.8680    25.7889    291.352    278.643  328.42177     88.713     84.912     0.1832     0.7509     3.8571     0.8012 2.4296e+00       2225     1.5444  0.000e+00
     16.735   64.67644 -168.59558     16.901     3.0736     3.0956     3.0726    32.3818    32.3842  1025.8685    25.7892    291.149    278.523  328.42893     88.649     84.852     0.1819     0.7436     3.8571     0.8012 2.4296e+00       2226     1.5451  0.000e+00
     16.735   64.67644 -168.59558     16.901     3.0731     3.0877     3.0722    32.3821    32.3875  1025.8688    25.7895    291.136    278.573  328.43163     88.644     84.853     0.1832     0.7509     3.8571     0.8012 2.4225e+00       2227     1.5458  0.000e+00
     16.704   64.67644 -168.59558     16.870     3.0744     3.0823     3.0735    32.3820    32.3906  1025.8685    25.7893    291.087    278.611  328.42131     88.632     84.856     0.1819     0.7436     3.8571     0.8012 2.4225e+00       2228     1.5465  0.000e+00
     16.789   64.67644 -168.59558     16.956     3.0774     3.0795     3.0764    32.3799    32.3922  1025.8670    25.7874    290.830    278.648  328.40275     88.559     84.862     0.1832     0.7509     3.8571     0.8012 2.4225e+00       2229     1.5472  0.000e+00
     16.735   64.67644 -168.59558     16.901     3.0775     3.0785     3.0766    32.3793    32.3924  1025.8663    25.7869    290.783    278.483  328.40288     88.545     84.810     0.1819     0.7436     3.8571     0.8012 2.4154e+00       2230     1.5479  0.000e+00
     16.735   64.67644 -168.59558     16.901     3.0752     3.0778     3.0742    32.3801    32.3926  1025.8671    25.7877    290.770    278.500  328.42005     88.536     84.813     0.1819     0.7436     3.8571     0.8012 2.4154e+00       2231     1.5486  0.000e+00
     16.758   64.67644 -168.59558     16.924     3.0737     3.0757     3.0728    32.3818    32.3940  1025.8687    25.7892    290.546    278.319  328.42747     88.466     84.755     0.1832     0.7509     3.8571     0.8012 2.4154e+00       2232     1.5493  0.000e+00
     16.735   64.67644 -168.59558     16.901     3.0738     3.0747     3.0729    32.3819    32.3945  1025.8686    25.7893    290.509    278.311  328.42644     88.455     84.751     0.1819     0.7436     3.8571     0.8012 2.4154e+00       2233     1.5500  0.000e+00
