EcoFOCI/data/1_SampleCollection/2023_SikuliaqDBO_CruiseData/CTD_raw_BottleFile_SKQ23-12S/proc/skq202312s_046.cnv
* Sea-Bird SBE 9 Data File:
* FileName = D:\CTD\SKQ202312S\SKQ202312S_046.hex
* Software Version Seasave V 7.26.7.121
* Temperature SN = 6177
* Conductivity SN = 0369
* Number of Bytes Per Scan = 41
* Number of Voltage Words = 4
* Number of Scans Averaged by the Deck Unit = 1
* NMEA Latitude = 71 35.89 N
* NMEA Longitude = 161 32.21 W
* NMEA UTC (Time) = Sep 24 2023  19:47:51
* NMEA baud rate = 4800
** Ship: R/V Sikuliaq
** Station Number: 046
** Station Name: CEO2
** Bottom Depth: 46
** Operator: SD
# nquan = 24
# nvalues = 4389                                  
# units = specified
# name 0 = depSM: Depth [salt water, m]
# name 1 = latitude: Latitude [deg]
# name 2 = longitude: Longitude [deg]
# name 3 = prDM: Pressure, Digiquartz [db]
# name 4 = t090C: Temperature [ITS-90, deg C]
# name 5 = t190C: Temperature, 2 [ITS-90, deg C]
# name 6 = potemp090C: Potential Temperature [ITS-90, deg C]
# name 7 = sal00: Salinity, Practical [PSU]
# name 8 = sal11: Salinity, Practical, 2 [PSU]
# name 9 = density00: Density [density, kg/m^3]
# name 10 = sigma-é00: Density [sigma-theta, kg/m^3]
# name 11 = sbox0Mm/Kg: Oxygen, SBE 43 [umol/kg]
# name 12 = sbox1Mm/Kg: Oxygen, SBE 43, 2 [umol/kg]
# name 13 = oxsolMm/Kg: Oxygen Saturation, Garcia & Gordon [umol/kg]
# name 14 = sbeox0PS: Oxygen, SBE 43 [% saturation]
# name 15 = sbeox1PS: Oxygen, SBE 43, 2 [% saturation]
# name 16 = v0: Voltage 0
# name 17 = flECO-AFL: Fluorescence, WET Labs ECO-AFL/FL [mg/m^3]
# name 18 = v1: Voltage 1
# name 19 = CStarAt0: Beam Attenuation, WET Labs C-Star [1/m]
# name 20 = par: PAR/Irradiance, Biospherical/Licor
# name 21 = scan: Scan Count
# name 22 = timeM: Time, Elapsed [minutes]
# name 23 = flag:  0.000e+00
# span 0 =      1.531,     41.132                 
# span 1 =   71.59802,   71.59810                 
# span 2 = -161.53712, -161.53668                 
# span 3 =      1.547,     41.560                 
# span 4 =    -1.5417,     2.3014                 
# span 5 =    -1.5413,     2.3059                 
# span 6 =    -1.5425,     2.3010                 
# span 7 =    27.0013,    32.5559                 
# span 8 =    27.0110,    32.5680                 
# span 9 =  1021.5735,  1026.3877                 
# span 10 =    21.5658,    26.1876                
# span 11 =    257.345,    423.623                
# span 12 =    243.983,    402.951                
# span 13 =  344.94343,  369.48760                
# span 14 =     69.655,    118.580                
# span 15 =     66.040,    112.646                
# span 16 =     0.0855,     0.5055                
# span 17 =     0.1648,     2.6850                
# span 18 =     2.6300,     4.2259                
# span 19 =     0.4359,     2.3335                
# span 20 = 3.0290e-01, 1.4068e+02                
# span 21 =          1,       4389                
# span 22 =     0.0000,     3.0472                
# span 23 = 0.0000e+00, 0.0000e+00                
# interval = seconds: 0.0416667
# start_time = Sep 24 2023 19:50:48 [NMEA time, first data scan]
# bad_flag = -9.990e-29
*END*
[from data line 1027]
      7.768   71.59808 -161.53676      7.849     2.2196     2.2217     2.2192    27.3335    27.3016  1021.8594    21.8220    339.531    322.946  348.68058     97.376     92.602     0.1551     0.5824     4.0891     0.5675 4.8942e+01       1028     0.7132  0.000e+00
      7.768   71.59808 -161.53676      7.849     2.2197     2.2222     2.2194    27.3359    27.3017  1021.8613    21.8239    339.517    323.125  348.67289     97.374     92.654     0.1538     0.5751     4.0891     0.5675 4.8804e+01       1029     0.7139  0.000e+00
      7.768   71.59808 -161.53676      7.849     2.2201     2.2223     2.2197    27.3380    27.3019  1021.8630    21.8256    339.502    322.915  348.66423     97.372     92.594     0.1551     0.5824     4.0891     0.5675 4.8804e+01       1030     0.7146  0.000e+00
      7.768   71.59808 -161.53676      7.849     2.2201     2.2223     2.2198    27.3408    27.3021  1021.8652    21.8278    339.488    322.861  348.65636     97.370     92.579     0.1587     0.6044     4.0891     0.5675 4.8667e+01       1031     0.7153  0.000e+00
      7.822   71.59808 -161.53676      7.903     2.2203     2.2222     2.2200    27.3413    27.3026  1021.8659    21.8282    339.440    323.042  348.65302     97.358     92.631     0.1612     0.6190     4.0891     0.5675 4.8530e+01       1032     0.7160  0.000e+00
      7.745   71.59808 -161.53676      7.825     2.2201     2.2222     2.2197    27.3418    27.3025  1021.8659    21.8286    339.662    323.033  348.65421     97.421     92.629     0.1624     0.6264     4.0891     0.5675 4.8394e+01       1033     0.7167  0.000e+00
      7.822   71.59808 -161.53676      7.903     2.2203     2.2218     2.2200    27.3428    27.3029  1021.8670    21.8294    339.457    323.056  348.64907     97.364     92.635     0.1612     0.6190     4.0879     0.5687 4.8394e+01       1034     0.7174  0.000e+00
      7.822   71.59808 -161.53676      7.903     2.2201     2.2220     2.2197    27.3455    27.3025  1021.8692    21.8316    339.443    323.046  348.64423     97.361     92.632     0.1612     0.6190     4.0855     0.5711 4.8122e+01       1035     0.7181  0.000e+00
      7.768   71.59808 -161.53676      7.849     2.2202     2.2217     2.2198    27.3480    27.3030  1021.8709    21.8335    339.424    323.034  348.63682     97.357     92.628     0.1612     0.6190     4.0855     0.5711 4.7986e+01       1036     0.7188  0.000e+00
      7.822   71.59808 -161.53676      7.903     2.2204     2.2222     2.2201    27.3487    27.3022  1021.8717    21.8341    339.412    323.020  348.63244     97.355     92.625     0.1612     0.6190     4.0855     0.5711 4.7986e+01       1037     0.7194  0.000e+00
      7.822   71.59808 -161.53676      7.903     2.2203     2.2224     2.2200    27.3491    27.3022  1021.8720    21.8344    339.402    323.210  348.63236     97.353     92.680     0.1612     0.6190     4.0855     0.5711 4.7716e+01       1038     0.7201  0.000e+00
      7.822   71.59808 -161.53676      7.903     2.2202     2.2226     2.2198    27.3471    27.3026  1021.8704    21.8328    339.440    323.005  348.63916     97.361     92.622     0.1612     0.6190     4.0855     0.5711 4.7716e+01       1039     0.7208  0.000e+00
      7.822   71.59808 -161.53676      7.903     2.2203     2.2231     2.2200    27.3464    27.3035  1021.8699    21.8323    339.200    323.004  348.63948     97.292     92.623     0.1624     0.6264     4.0855     0.5711 4.7716e+01       1040     0.7215  0.000e+00
      7.822   71.59808 -161.53676      7.903     2.2205     2.2226     2.2202    27.3464    27.3055  1021.8699    21.8322    339.386    323.008  348.63821     97.346     92.625     0.1612     0.6190     4.0855     0.5711 4.7448e+01       1041     0.7222  0.000e+00
      7.884   71.59808 -161.53676      7.966     2.2203     2.2229     2.2199    27.3468    27.3059  1021.8706    21.8326    339.383    323.010  348.63883     97.345     92.626     0.1624     0.6264     4.0855     0.5711 4.7315e+01       1042     0.7229  0.000e+00
      7.822   71.59808 -161.53676      7.903     2.2202     2.2225     2.2198    27.3480    27.3066  1021.8712    21.8336    339.372    323.012  348.63669     97.343     92.626     0.1612     0.6190     4.0855     0.5711 4.7315e+01       1043     0.7236  0.000e+00
      7.853   71.59808 -161.53676      7.934     2.2202     2.2225     2.2198    27.3483    27.3069  1021.8716    21.8338    339.366    323.221  348.63584     97.341     92.686     0.1624     0.6264     4.0855     0.5711 4.7181e+01       1044     0.7243  0.000e+00
      7.884   71.59808 -161.53676      7.966     2.2201     2.2223     2.2197    27.3467    27.3073  1021.8705    21.8325    339.366    323.220  348.64104     97.340     92.686     0.1612     0.6190     4.0855     0.5711 4.6916e+01       1045     0.7250  0.000e+00
      7.884   71.59808 -161.53676      7.966     2.2201     2.2223     2.2197    27.3442    27.3075  1021.8684    21.8305    339.366    323.008  348.64786     97.338     92.625     0.1612     0.6190     4.0855     0.5711 4.6916e+01       1046     0.7257  0.000e+00
      7.884   71.59808 -161.53676      7.966     2.2201     2.2222     2.2197    27.3435    27.3071  1021.8679    21.8300    339.362    323.211  348.64964     97.336     92.683     0.1612     0.6190     4.0855     0.5711 4.6784e+01       1047     0.7264  0.000e+00
      7.884   71.59808 -161.53676      7.966     2.2203     2.2225     2.2199    27.3448    27.3067  1021.8689    21.8310    339.350    323.018  348.64436     97.334     92.628     0.1612     0.6190     4.0855     0.5711 4.6521e+01       1048     0.7271  0.000e+00
      7.884   71.59808 -161.53676      7.966     2.2202     2.2222     2.2198    27.3472    27.3065  1021.8708    21.8329    339.338    323.012  348.63885     97.332     92.625     0.1624     0.6264     4.0855     0.5711 4.6521e+01       1049     0.7278  0.000e+00
      7.884   71.59808 -161.53676      7.966     2.2203     2.2226     2.2200    27.3491    27.3064  1021.8724    21.8345    339.325    322.998  348.63224     97.330     92.622     0.1612     0.6190     4.0855     0.5711 4.6521e+01       1050     0.7285  0.000e+00
      7.884   71.59808 -161.53676      7.966     2.2205     2.2226     2.2202    27.3509    27.3081  1021.8738    21.8359    339.313    323.190  348.62603     97.329     92.679     0.1624     0.6264     4.0855     0.5711 4.6260e+01       1051     0.7292  0.000e+00
      7.938   71.59808 -161.53676      8.020     2.2206     2.2223     2.2203    27.3522    27.3108  1021.8750    21.8369    339.304    323.174  348.62128     97.327     92.675     0.1612     0.6190     4.0855     0.5711 4.6129e+01       1052     0.7299  0.000e+00
      7.884   71.59808 -161.53676      7.966     2.2205     2.2223     2.2202    27.3532    27.3123  1021.8756    21.8377    339.294    323.176  348.61990     97.325     92.677     0.1624     0.6264     4.0855     0.5711 4.6129e+01       1053     0.7306  0.000e+00
      7.938   71.59808 -161.53676      8.020     2.2204     2.2224     2.2201    27.3543    27.3143  1021.8768    21.8386    339.288    323.179  348.61746     97.324     92.679     0.1612     0.6190     4.0867     0.5699 4.6000e+01       1054     0.7312  0.000e+00
      7.915   71.59808 -161.53676      7.997     2.2206     2.2225     2.2203    27.3556    27.3144  1021.8776    21.8396    339.275    322.974  348.61225     97.322     92.621     0.1612     0.6190     4.0891     0.5675 4.5870e+01       1055     0.7319  0.000e+00
      7.938   71.59808 -161.53676      8.020     2.2205     2.2223     2.2202    27.3569    27.3143  1021.8789    21.8407    339.308    323.162  348.60998     97.332     92.674     0.1612     0.6190     4.0904     0.5663 4.5870e+01       1056     0.7326  0.000e+00
      7.938   71.59808 -161.53676      8.020     2.2206     2.2223     2.2203    27.3584    27.3139  1021.8800    21.8418    339.297    322.983  348.60467     97.330     92.623     0.1636     0.6337     4.0904     0.5663 4.5612e+01       1057     0.7333  0.000e+00
      7.938   71.59808 -161.53676      8.020     2.2203     2.2220     2.2200    27.3608    27.3151  1021.8820    21.8438    339.290    322.984  348.60116     97.329     92.623     0.1648     0.6410     4.0891     0.5675 4.5484e+01       1058     0.7340  0.000e+00
      8.000   71.59808 -161.53676      8.082     2.2201     2.2222     2.2198    27.3624    27.3195  1021.8836    21.8451    339.286    323.184  348.59881     97.328     92.684     0.1636     0.6337     4.0904     0.5663 4.5484e+01       1059     0.7347  0.000e+00
      7.938   71.59808 -161.53676      8.020     2.2203     2.2215     2.2200    27.3626    27.3284  1021.8834    21.8452    339.275    322.958  348.59642     97.326     92.624     0.1648     0.6410     4.0904     0.5663 4.5356e+01       1060     0.7354  0.000e+00
      7.938   71.59808 -161.53676      8.020     2.2202     2.2212     2.2198    27.3627    27.3392  1021.8835    21.8453    339.272    323.116  348.59749     97.325     92.676     0.1636     0.6337     4.0904     0.5663 4.5356e+01       1061     0.7361  0.000e+00
      8.000   71.59808 -161.53676      8.082     2.2199     2.2206     2.2196    27.3635    27.3501  1021.8844    21.8459    339.502    323.094  348.59786     97.391     92.676     0.1636     0.6337     4.0904     0.5663 4.5228e+01       1062     0.7368  0.000e+00
      7.938   71.59808 -161.53676      8.020     2.2197     2.2203     2.2194    27.3642    27.3585  1021.8847    21.8465    339.339    322.887  348.59747     97.344     92.622     0.1636     0.6337     4.0904     0.5663 4.5228e+01       1063     0.7375  0.000e+00
      8.000   71.59808 -161.53676      8.082     2.2197     2.2203     2.2194    27.3654    27.3638  1021.8859    21.8475    339.334    323.080  348.59428     97.344     92.681     0.1648     0.6410     4.0904     0.5663 4.5101e+01       1064     0.7382  0.000e+00
      8.054   71.59808 -161.53676      8.137     2.2193     2.2198     2.2190    27.3655    27.3670  1021.8863    21.8476    339.335    323.098  348.59734     97.343     92.687     0.1636     0.6337     4.0904     0.5663 4.5101e+01       1065     0.7389  0.000e+00
      7.969   71.59808 -161.53676      8.051     2.2191     2.2198     2.2188    27.3647    27.3695  1021.8853    21.8469    339.371    322.900  348.60188     97.352     92.632     0.1636     0.6337     4.0904     0.5663 4.5101e+01       1066     0.7396  0.000e+00
      8.000   71.59808 -161.53676      8.082     2.2189     2.2198     2.2186    27.3647    27.3715  1021.8854    21.8469    339.371    322.890  348.60338     97.352     92.631     0.1648     0.6410     4.0904     0.5663 4.5101e+01       1067     0.7403  0.000e+00
      8.000   71.59808 -161.53676      8.082     2.2189     2.2198     2.2186    27.3660    27.3729  1021.8865    21.8480    339.365    323.062  348.59982     97.351     92.681     0.1636     0.6337     4.0904     0.5663 4.5101e+01       1068     0.7410  0.000e+00
      8.054   71.59808 -161.53676      8.137     2.2189     2.2197     2.2186    27.3673    27.3735  1021.8878    21.8491    339.360    323.081  348.59633     97.351     92.687     0.1636     0.6337     4.0904     0.5663 4.5101e+01       1069     0.7417  0.000e+00
      8.054   71.59808 -161.53676      8.137     2.2188     2.2197     2.2185    27.3672    27.3742  1021.8877    21.8490    339.359    323.068  348.59763     97.350     92.684     0.1636     0.6337     4.0904     0.5663 4.5101e+01       1070     0.7424  0.000e+00
      8.054   71.59808 -161.53676      8.137     2.2187     2.2194     2.2184    27.3662    27.3771  1021.8869    21.8482    339.359    323.052  348.60121     97.349     92.680     0.1636     0.6337     4.0904     0.5663 4.5101e+01       1071     0.7431  0.000e+00
      8.000   71.59808 -161.53676      8.082     2.2185     2.2188     2.2182    27.3657    27.3813  1021.8863    21.8478    339.357    322.849  348.60445     97.347     92.624     0.1636     0.6337     4.0904     0.5663 4.5101e+01       1072     0.7438  0.000e+00
      8.054   71.59808 -161.53676      8.137     2.2186     2.2184     2.2183    27.3636    27.3838  1021.8848    21.8461    339.360    323.042  348.60869     97.347     92.680     0.1636     0.6337     4.0904     0.5663 4.5101e+01       1073     0.7444  0.000e+00
      8.115   71.59808 -161.53676      8.199     2.2185     2.2178     2.2181    27.3622    27.3845  1021.8840    21.8450    339.365    323.059  348.61389     97.347     92.684     0.1636     0.6337     4.0904     0.5663 4.5101e+01       1074     0.7451  0.000e+00
      8.054   71.59808 -161.53676      8.137     2.2185     2.2172     2.2182    27.3633    27.3881  1021.8847    21.8459    339.396    323.037  348.61074     97.357     92.679     0.1636     0.6337     4.0904     0.5663 4.5101e+01       1075     0.7458  0.000e+00
      8.054   71.59808 -161.53676      8.137     2.2185     2.2158     2.2182    27.3658    27.3963  1021.8866    21.8479    339.387    323.011  348.60366     97.356     92.674     0.1648     0.6410     4.0891     0.5675 4.5101e+01       1076     0.7465  0.000e+00
      8.085   71.59808 -161.53676      8.168     2.2182     2.2153     2.2178    27.3710    27.4017  1021.8910    21.8521    339.377    322.983  348.59314     97.356     92.668     0.1636     0.6337     4.0891     0.5675 4.5101e+01       1077     0.7472  0.000e+00
      8.115   71.59808 -161.53676      8.199     2.2177     2.2153     2.2173    27.3763    27.4046  1021.8954    21.8563    339.368    322.980  348.58333     97.356     92.669     0.1636     0.6337     4.0904     0.5663 4.5101e+01       1078     0.7479  0.000e+00
      8.115   71.59808 -161.53676      8.199     2.2174     2.2144     2.2171    27.3795    27.4111  1021.8980    21.8589    339.361    322.948  348.57719     97.356     92.663     0.1636     0.6337     4.0891     0.5675 4.5228e+01       1079     0.7486  0.000e+00
      8.115   71.59808 -161.53676      8.199     2.2169     2.2122     2.2166    27.3830    27.4230  1021.9007    21.8617    339.355    322.914  348.57238     97.356     92.656     0.1636     0.6337     4.0891     0.5675 4.5228e+01       1080     0.7493  0.000e+00
      8.115   71.59808 -161.53676      8.199     2.2169     2.2099     2.2166    27.3878    27.4352  1021.9046    21.8656    339.341    322.903  348.55943     97.355     92.656     0.1636     0.6337     4.0904     0.5663 4.5228e+01       1081     0.7500  0.000e+00
      8.115   71.59808 -161.53676      8.199     2.2167     2.2092     2.2164    27.3936    27.4418  1021.9092    21.8702    339.366    322.891  348.54601     97.366     92.656     0.1624     0.6264     4.0891     0.5675 4.5356e+01       1082     0.7507  0.000e+00
      8.169   71.59808 -161.53676      8.254     2.2160     2.2084     2.2157    27.3998    27.4472  1021.9145    21.8752    339.360    322.883  348.53566     97.367     92.655     0.1612     0.6190     4.0891     0.5675 4.5356e+01       1083     0.7514  0.000e+00
      8.115   71.59808 -161.53676      8.199     2.2157     2.2076     2.2153    27.4065    27.4556  1021.9196    21.8805    339.343    322.862  348.52081     97.367     92.654     0.1600     0.6117     4.0904     0.5663 4.5356e+01       1084     0.7521  0.000e+00
      8.169   71.59808 -161.53676      8.254     2.2148     2.2062     2.2145    27.4137    27.4676  1021.9256    21.8863    339.335    322.842  348.50890     97.368     92.653     0.1612     0.6190     4.0891     0.5675 4.5484e+01       1085     0.7528  0.000e+00
      8.169   71.59808 -161.53676      8.254     2.2134     2.2043     2.2131    27.4210    27.4804  1021.9316    21.8923    339.330    322.820  348.50171     97.368     92.651     0.1600     0.6117     4.0891     0.5675 4.5484e+01       1086     0.7535  0.000e+00
