EcoFOCI/data/1_SampleCollection/2023_SikuliaqDBO_CruiseData/CTD_raw_BottleFile_SKQ23-12S/proc/skq202312s_049avg.cnv
* Sea-Bird SBE 9 Data File:
* FileName = D:\CTD\SKQ202312S\SKQ202312S_049.hex
* Software Version Seasave V 7.26.7.121
* Temperature SN = 6177
* Conductivity SN = 0369
* Number of Bytes Per Scan = 41
* Number of Voltage Words = 4
* Number of Scans Averaged by the Deck Unit = 1
* NMEA Latitude = 71 51.00 N
* NMEA Longitude = 162 09.40 W
* NMEA UTC (Time) = Sep 25 2023  06:43:07
* NMEA baud rate = 4800
** Ship: R/V Sikuliaq
** Station Number: 049
** Station Name: DBO4.6n
** Bottom Depth: 41
** Operator: SS
# nquan = 25
# nvalues = 34                          
# units = specified
# name 0 = depSM: Depth [salt water, m]
# name 1 = latitude: Latitude [deg]
# name 2 = longitude: Longitude [deg]
# name 3 = prDM: Pressure, Digiquartz [db]
# name 4 = t090C: Temperature [ITS-90, deg C]
# name 5 = t190C: Temperature, 2 [ITS-90, deg C]
# name 6 = potemp090C: Potential Temperature [ITS-90, deg C]
# name 7 = sal00: Salinity, Practical [PSU]
# name 8 = sal11: Salinity, Practical, 2 [PSU]
# name 9 = density00: Density [density, kg/m^3]
# name 10 = sigma-é00: Density [sigma-theta, kg/m^3]
# name 11 = sbox0Mm/Kg: Oxygen, SBE 43 [umol/kg]
# name 12 = sbox1Mm/Kg: Oxygen, SBE 43, 2 [umol/kg]
# name 13 = oxsolMm/Kg: Oxygen Saturation, Garcia & Gordon [umol/kg]
# name 14 = sbeox0PS: Oxygen, SBE 43 [% saturation]
# name 15 = sbeox1PS: Oxygen, SBE 43, 2 [% saturation]
# name 16 = v0: Voltage 0
# name 17 = flECO-AFL: Fluorescence, WET Labs ECO-AFL/FL [mg/m^3]
# name 18 = v1: Voltage 1
# name 19 = CStarAt0: Beam Attenuation, WET Labs C-Star [1/m]
# name 20 = par: PAR/Irradiance, Biospherical/Licor
# name 21 = scan: Scan Count
# name 22 = timeM: Time, Elapsed [minutes]
# name 23 = nbin: number of scans per bin
# name 24 = flag: flag
# span 0 =      2.969,     35.629       
# span 1 =   71.85006,   71.85008       
# span 2 = -162.15676, -162.15674       
# span 3 =      3.000,     36.000       
# span 4 =    -0.7166,     1.7989       
# span 5 =    -0.7163,     1.7977       
# span 6 =    -0.7172,     1.7985       
# span 7 =    28.1684,    32.6454       
# span 8 =    28.1776,    32.6566       
# span 9 =  1022.5324,  1026.4059       
# span 10 =    22.5181,    26.2331      
# span 11 =    286.610,    423.228      
# span 12 =    268.103,    395.644      
# span 13 =  349.39421,  361.40585      
# span 14 =     79.493,    117.940      
# span 15 =     74.368,    110.247      
# span 16 =     0.1212,     0.4027      
# span 17 =     0.3795,     2.0683      
# span 18 =     2.6973,     4.1174      
# span 19 =     0.5400,     2.2320      
# span 20 = -2.213e-06, 3.8393e-01      
# span 21 =        182,       3426      
# span 22 =     0.1256,     2.3787      
# span 23 =         41,        313      
# span 24 = 0.0000e+00, 0.0000e+00      
# interval = decibars: 1                
# start_time = Sep 25 2023 06:46:31 [NMEA time, first data scan]
# bad_flag = -9.990e-29
*END*
      2.969   71.85008 -162.15674      3.000     1.7331     1.7353     1.7330    28.1684    28.1776  1022.5324    22.5181    342.906    320.689  350.78525     97.754     91.432     0.1326     0.4477     4.0969     0.5599 3.8393e-01        182     0.1256        313 0.0000e+00
      3.959   71.85007 -162.15674      4.000     1.7588     1.7608     1.7586    28.2084    28.2178  1022.5677    22.5486    342.908    320.561  350.44747     97.849     91.483     0.1328     0.4488     4.0977     0.5592 2.7930e-01        361     0.2497        117 0.0000e+00
      4.949   71.85007 -162.15674      5.000     1.6887     1.6948     1.6886    28.2631    28.2714  1022.6203    22.5964    342.780    320.290  350.92970     97.678     91.289     0.1271     0.4144     4.1068     0.5503 1.9860e-01        585     0.4057        245 0.0000e+00
      5.939   71.85006 -162.15674      6.000     1.6433     1.6447     1.6431    28.3042    28.3133  1022.6605    22.6319    344.534    322.020  351.22697     98.094     91.694     0.1212     0.3795     4.1174     0.5400 1.4288e-01        758     0.5258        152 0.0000e+00
      6.928   71.85008 -162.15674      7.000     1.7355     1.7376     1.7353    28.3286    28.3360  1022.6796    22.6463    343.679    320.610  350.33276     98.101     91.526     0.1476     0.5376     4.1100     0.5471 1.0515e-01        905     0.6281        135 0.0000e+00
      7.918   71.85008 -162.15674      8.000     1.7775     1.7788     1.7771    28.3553    28.3650  1022.7033    22.6652    342.634    321.224  349.88550     97.928     91.819     0.1375     0.4772     4.0981     0.5587 7.3544e-02       1036     0.7190        130 0.0000e+00
      8.908   71.85008 -162.15676      9.000     1.7857     1.7870     1.7854    28.3688    28.3757  1022.7185    22.6756    341.494    320.118  349.77529     97.632     91.529     0.1553     0.5836     4.0889     0.5677 5.4617e-02       1184     0.8218        149 0.0000e+00
      9.897   71.85008 -162.15676     10.000     1.7883     1.7898     1.7880    28.3733    28.3831  1022.7266    22.6790    341.645    320.188  349.73968     97.685     91.561     0.1424     0.5063     4.0856     0.5710 3.3346e-02       1335     0.9265        142 0.0000e+00
     10.887   71.85008 -162.15676     11.000     1.7989     1.7977     1.7985    28.4668    28.4792  1022.8057    22.7533    342.216    320.893  349.39421     97.946     91.848     0.1807     0.7363     4.0705     0.5859 1.2199e-02       1481     1.0274        137 0.0000e+00
     11.877   71.85008 -162.15676     12.000     1.4962     1.4882     1.4958    29.3937    29.4206  1023.5705    23.5133    350.106    325.757  349.61506    100.144     93.178     0.2446     1.1197     3.9534     0.7033 4.5659e-03       1625     1.1277        134 0.0000e+00
     12.866   71.85008 -162.15676     13.000     1.1087     1.1104     1.1082    30.6905    30.7060  1024.6369    24.5750    399.296    361.739  349.61021    114.191    103.468     0.2586     1.2038     3.8951     0.7619 7.7232e-04       1753     1.2169         88 0.0000e+00
     13.856   71.85008 -162.15676     14.000     0.4072     0.3626     0.4068    31.2101    31.2771  1025.0962    25.0293    418.195    391.042  354.58950    117.940    110.207     0.3381     1.6809     3.8374     0.8218 4.8081e-04       1803     1.2515         50 0.0000e+00
     14.846   71.85008 -162.15676     15.000    -0.4247    -0.4461    -0.4251    31.7860    31.8320  1025.6011    25.5291    418.305    388.607  360.80780    115.936    107.686     0.4027     2.0683     3.8458     0.8132 1.1345e-04       1858     1.2894         50 0.0000e+00
     15.836   71.85008 -162.15676     16.000    -0.2666    -0.2560    -0.2670    32.1285    32.1375  1025.8767    25.8000    411.389    383.097  358.33036    114.808    106.949     0.3501     1.7522     3.9297     0.7272 -2.213e-06       1905     1.3221         43 0.0000e+00
     16.825   71.85008 -162.15676     17.000    -0.3476    -0.3517    -0.3481    32.2005    32.2227  1025.9430    25.8615    423.228    395.644  358.89381    117.926    110.247     0.3820     1.9442     3.8017     0.8591 1.0000e-12       1950     1.3533         47 0.0000e+00
     17.815   71.85008 -162.15676     18.000    -0.4350    -0.4374    -0.4355    32.2655    32.2853  1026.0038    25.9174    384.906    375.222  359.54027    107.055    104.372     0.3751     1.9025     3.8061     0.8545 1.0000e-12       2001     1.3886         50 0.0000e+00
     18.805   71.85008 -162.15676     19.000    -0.4935    -0.4956    -0.4940    32.3159    32.3350  1026.0517    25.9605    364.091    348.836  359.95445    101.149     96.920     0.3572     1.7954     3.8053     0.8554 1.0000e-12       2052     1.4245         50 0.0000e+00
     19.795   71.85008 -162.15676     20.000    -0.5738    -0.5770    -0.5743    32.3891    32.4094  1026.1187    26.0227    353.976    338.944  360.51359     98.187     94.025     0.3176     1.5573     3.6945     0.9739 1.0000e-12       2097     1.4557         44 0.0000e+00
     20.784   71.85008 -162.15676     21.000    -0.6526    -0.6540    -0.6531    32.4362    32.4541  1026.1647    26.0638    343.065    328.596  361.13387     94.997     90.999     0.2971     1.4347     3.6494     1.0228 1.0000e-12       2147     1.4906         54 0.0000e+00
     21.774   71.85008 -162.15676     22.000    -0.6633    -0.6638    -0.6638    32.4892    32.5061  1026.2127    26.1071    329.744    315.298  361.08599     91.320     87.330     0.2649     1.2417     3.5623     1.1199 1.7483e-07       2201     1.5275         49 0.0000e+00
     22.763   71.85008 -162.15676     23.000    -0.7166    -0.7163    -0.7172    32.5569    32.5730  1026.2743    26.1638    324.102    308.471  361.40585     89.678     85.365     0.2317     1.0423     3.3580     1.3558 4.1526e-07       2245     1.5586         41 0.0000e+00
     23.753   71.85008 -162.15676     24.000    -0.6716    -0.6684    -0.6722    32.6017    32.6149  1026.3136    26.1983    313.683    299.587  360.84789     86.929     83.038     0.2101     0.9125     3.4207     1.2828 7.5946e-09       2295     1.5931         57 0.0000e+00
     24.743   71.85008 -162.15676     25.000    -0.7003    -0.7013    -0.7009    32.6340    32.6497  1026.3456    26.2255    304.286    289.417  361.03084     84.282     80.172     0.2065     0.8910     3.3727     1.3393 1.0000e-12       2350     1.6315         48 0.0000e+00
     25.733   71.85008 -162.15676     26.000    -0.7065    -0.7053    -0.7071    32.6393    32.6530  1026.3549    26.2301    301.957    285.707  361.07528     83.627     79.138     0.1769     0.7134     3.1914     1.5595 7.8347e-07       2395     1.6623         43 0.0000e+00
     26.722   71.85008 -162.15676     27.000    -0.7031    -0.7017    -0.7038    32.6404    32.6537  1026.3605    26.2309    294.586    279.305  361.03948     81.594     77.372     0.1601     0.6126     3.1155     1.6558 3.6448e-07       2440     1.6939         48 0.0000e+00
     27.712   71.85008 -162.15676     28.000    -0.6995    -0.6980    -0.7002    32.6404    32.6534  1026.3652    26.2307    289.701    273.091  361.00513     80.248     75.658     0.1469     0.5336     3.0548     1.7343 1.1237e-06       2496     1.7328         54 0.0000e+00
     28.701   71.85008 -162.15676     29.000    -0.6970    -0.6958    -0.6978    32.6403    32.6525  1026.3698    26.2305    289.097    270.565  360.98186     80.086     74.962     0.1330     0.4499     3.0188     1.7818 1.2127e-06       2545     1.7664         42 0.0000e+00
     29.691   71.85008 -162.15676     30.000    -0.6948    -0.6936    -0.6956    32.6402    32.6514  1026.3744    26.2304    289.228    270.289  360.96094     80.127     74.889     0.1331     0.4507     3.0190     1.7816 8.2670e-07       2590     1.7979         52 0.0000e+00
     30.681   71.85008 -162.15676     31.000    -0.6921    -0.6906    -0.6929    32.6400    32.6526  1026.3790    26.2301    289.141    270.986  360.93523     80.109     75.089     0.1329     0.4493     2.9904     1.8195 2.2241e-06       2663     1.8489         86 0.0000e+00
     31.670   71.85006 -162.15676     32.000    -0.6884    -0.6884    -0.6892    32.6347    32.6500  1026.3794    26.2257    290.204    272.164  360.91468     80.408     75.418     0.1357     0.4663     3.0131     1.7895 1.5184e-06       3095     2.1489         89 0.0000e+00
     32.660   71.85006 -162.15676     33.000    -0.6884    -0.6871    -0.6893    32.6387    32.6504  1026.3874    26.2289    288.578    270.291  360.90395     79.960     74.902     0.1260     0.4080     2.9925     1.8168 1.7808e-06       3191     2.2153         67 0.0000e+00
     33.649   71.85006 -162.15676     34.000    -0.6805    -0.6786    -0.6814    32.6398    32.6512  1026.3928    26.2295    287.320    269.308  360.82538     79.628     74.647     0.1278     0.4187     2.9238     1.9098 2.4037e-06       3260     2.2632         71 0.0000e+00
     34.639   71.85006 -162.15676     35.000    -0.6649    -0.6622    -0.6658    32.6428    32.6539  1026.3994    26.2314    287.373    269.108  360.66685     79.678     74.626     0.1269     0.4135     2.8321     2.0378 1.9887e-06       3323     2.3073         60 0.0000e+00
     35.629   71.85006 -162.15676     36.000    -0.6531    -0.6525    -0.6540    32.6454    32.6566  1026.4059    26.2331    286.610    268.103  360.54689     79.493     74.368     0.1247     0.3999     2.6973     2.2320 2.5872e-06       3426     2.3787        111 0.0000e+00
