EcoFOCI/data/1_SampleCollection/2023_SikuliaqDBO_CruiseData/CTD_raw_BottleFile_SKQ23-12S/proc/skq202312s_028.cnv
* Sea-Bird SBE 9 Data File:
* FileName = D:\CTD\SKQ202312S\SKQ202312S_028.hex
* Software Version Seasave V 7.26.7.121
* Temperature SN = 6177
* Conductivity SN = 0369
* Number of Bytes Per Scan = 41
* Number of Voltage Words = 4
* Number of Scans Averaged by the Deck Unit = 1
* NMEA Latitude = 71 22.34 N
* NMEA Longitude = 157 24.94 W
* NMEA UTC (Time) = Sep 21 2023  03:13:25
* NMEA baud rate = 4800
** Ship: R/V Sikuliaq
** Station Number: 028
** Station Name: DBO5.4
** Bottom Depth: 112
** Operator: SD
# nquan = 24
# nvalues = 10603                                 
# units = specified
# name 0 = depSM: Depth [salt water, m]
# name 1 = latitude: Latitude [deg]
# name 2 = longitude: Longitude [deg]
# name 3 = prDM: Pressure, Digiquartz [db]
# name 4 = t090C: Temperature [ITS-90, deg C]
# name 5 = t190C: Temperature, 2 [ITS-90, deg C]
# name 6 = potemp090C: Potential Temperature [ITS-90, deg C]
# name 7 = sal00: Salinity, Practical [PSU]
# name 8 = sal11: Salinity, Practical, 2 [PSU]
# name 9 = density00: Density [density, kg/m^3]
# name 10 = sigma-é00: Density [sigma-theta, kg/m^3]
# name 11 = sbox0Mm/Kg: Oxygen, SBE 43 [umol/kg]
# name 12 = sbox1Mm/Kg: Oxygen, SBE 43, 2 [umol/kg]
# name 13 = oxsolMm/Kg: Oxygen Saturation, Garcia & Gordon [umol/kg]
# name 14 = sbeox0PS: Oxygen, SBE 43 [% saturation]
# name 15 = sbeox1PS: Oxygen, SBE 43, 2 [% saturation]
# name 16 = v0: Voltage 0
# name 17 = flECO-AFL: Fluorescence, WET Labs ECO-AFL/FL [mg/m^3]
# name 18 = v1: Voltage 1
# name 19 = CStarAt0: Beam Attenuation, WET Labs C-Star [1/m]
# name 20 = par: PAR/Irradiance, Biospherical/Licor
# name 21 = scan: Scan Count
# name 22 = timeM: Time, Elapsed [minutes]
# name 23 = flag:  0.000e+00
# span 0 =      2.421,    106.151                 
# span 1 =   71.37238,   71.37258                 
# span 2 = -157.41494, -157.41336                 
# span 3 =      2.446,    107.273                 
# span 4 =    -1.5020,     4.8902                 
# span 5 =    -1.5012,     4.8905                 
# span 6 =    -1.5040,     4.8899                 
# span 7 =    30.0278,    32.5827                 
# span 8 =    30.0490,    32.5938                 
# span 9 =  1023.7716,  1026.7256                 
# span 10 =    23.7502,    26.2088                
# span 11 =    295.081,    389.149                
# span 12 =    273.776,    355.676                
# span 13 =  318.65451,  370.23907                
# span 14 =     79.985,    108.091                
# span 15 =     74.230,     98.748                
# span 16 =     0.0684,     0.3980                
# span 17 =     0.0623,     2.0403                
# span 18 =     2.8852,     4.2259                
# span 19 =     0.4359,     1.9629                
# span 20 = 1.0000e-12, 1.5816e+01                
# span 21 =          1,      10603                
# span 22 =     0.0000,     7.3625                
# span 23 = 0.0000e+00, 0.0000e+00                
# interval = seconds: 0.0416667
# start_time = Sep 21 2023 03:18:10 [NMEA time, first data scan]
# bad_flag = -9.990e-29
*END*
[from data line 967]
      5.731   71.37242 -157.41486      5.790     4.8174     4.8132     4.8170    30.0416    30.0568  1023.7924    23.7654    304.590    286.816  320.37492     95.073     89.526     0.2173     0.9560     3.8046     0.8560 6.4353e+00        968     0.6715  0.000e+00
      5.785   71.37242 -157.41486      5.845     4.8148     4.8099     4.8144    30.0430    30.0570  1023.7940    23.7667    304.811    286.851  320.39131     95.137     89.530     0.2186     0.9634     3.8046     0.8560 6.4353e+00        969     0.6722  0.000e+00
      5.785   71.37242 -157.41486      5.845     4.8142     4.8074     4.8138    30.0450    30.0571  1023.7957    23.7684    304.420    286.878  320.39126     95.015     89.533     0.2173     0.9560     3.8059     0.8547 6.3438e+00        970     0.6729  0.000e+00
      5.785   71.37242 -157.41486      5.845     4.8135     4.8055     4.8131    30.0452    30.0567  1023.7959    23.7686    304.595    286.923  320.39607     95.068     89.543     0.2186     0.9634     3.8083     0.8522 6.2895e+00        971     0.6736  0.000e+00
      5.839   71.37242 -157.41486      5.899     4.8137     4.8038     4.8133    30.0460    30.0572  1023.7968    23.7692    304.588    287.133  320.39247     95.067     89.605     0.2173     0.9560     3.8095     0.8509 6.2895e+00        972     0.6743  0.000e+00
      5.839   71.37242 -157.41486      5.899     4.8143     4.8031     4.8139    30.0475    30.0571  1023.7979    23.7703    304.573    287.166  320.38416     95.065     89.614     0.2186     0.9634     3.8095     0.8509 6.2536e+00        973     0.6750  0.000e+00
      5.901   71.37242 -157.41486      5.962     4.8168     4.8044     4.8164    30.0483    30.0574  1023.7986    23.7707    304.546    287.186  320.36289     95.063     89.623     0.2198     0.9707     3.8095     0.8509 6.2178e+00        974     0.6757  0.000e+00
      5.901   71.37242 -157.41486      5.962     4.8201     4.8090     4.8197    30.0486    30.0573  1023.7985    23.7707    304.513    287.178  320.33734     95.060     89.630     0.2210     0.9780     3.8095     0.8509 6.2178e+00        975     0.6764  0.000e+00
      5.955   71.37242 -157.41486      6.016     4.8218     4.8139     4.8214    30.0476    30.0577  1023.7978    23.7697    304.496    287.167  320.32657     95.058     89.638     0.2210     0.9780     3.8095     0.8509 6.1823e+00        976     0.6771  0.000e+00
      5.955   71.37242 -157.41486      6.016     4.8208     4.8166     4.8204    30.0458    30.0578  1023.7964    23.7683    304.470    287.171  320.33812     95.046     89.645     0.2210     0.9780     3.8083     0.8522 6.1646e+00        977     0.6778  0.000e+00
      6.016   71.37242 -157.41486      6.079     4.8191     4.8167     4.8187    30.0442    30.0572  1023.7956    23.7672    304.483    287.178  320.35560     95.045     89.647     0.2222     0.9853     3.8095     0.8509 6.1646e+00        978     0.6785  0.000e+00
      6.016   71.37242 -157.41486      6.079     4.8169     4.8147     4.8165    30.0446    30.0569  1023.7961    23.7678    304.699    287.216  320.37154     95.108     89.654     0.2210     0.9780     3.8083     0.8522 6.1294e+00        979     0.6792  0.000e+00
      6.016   71.37242 -157.41486      6.079     4.8154     4.8117     4.8150    30.0442    30.0568  1023.7960    23.7676    304.734    287.261  320.38354     95.115     89.662     0.2222     0.9853     3.8083     0.8522 6.0944e+00        980     0.6799  0.000e+00
      6.070   71.37242 -157.41486      6.133     4.8126     4.8096     4.8122    30.0443    30.0564  1023.7966    23.7680    304.748    287.487  320.40535     95.113     89.728     0.2210     0.9780     3.8095     0.8509 6.0769e+00        981     0.6806  0.000e+00
      6.132   71.37242 -157.41486      6.195     4.8102     4.8078     4.8098    30.0442    30.0565  1023.7971    23.7682    304.581    287.355  320.42395     95.056     89.683     0.2210     0.9780     3.8095     0.8509 6.0422e+00        982     0.6813  0.000e+00
      6.132   71.37242 -157.41486      6.195     4.8079     4.8056     4.8075    30.0453    30.0569  1023.7982    23.7693    304.584    287.576  320.43856     95.052     89.747     0.2210     0.9780     3.8095     0.8509 5.9904e+00        983     0.6819  0.000e+00
      6.132   71.37242 -157.41486      6.195     4.8065     4.8038     4.8061    30.0459    30.0570  1023.7988    23.7698    304.581    287.607  320.44803     95.049     89.753     0.2210     0.9780     3.8095     0.8509 5.9733e+00        984     0.6826  0.000e+00
      6.186   71.37242 -157.41486      6.250     4.8054     4.8027     4.8050    30.0467    30.0571  1023.7998    23.7706    304.371    287.651  320.45487     94.981     89.764     0.2222     0.9853     3.8095     0.8509 5.9391e+00        985     0.6833  0.000e+00
      6.186   71.37242 -157.41486      6.250     4.8045     4.8017     4.8040    30.0469    30.0573  1023.8001    23.7709    304.543    287.691  320.46149     95.033     89.775     0.2210     0.9780     3.8095     0.8509 5.9052e+00        986     0.6840  0.000e+00
      6.186   71.37242 -157.41486      6.250     4.8040     4.8012     4.8036    30.0465    30.0568  1023.7998    23.7706    304.536    287.726  320.46605     95.029     89.785     0.2222     0.9853     3.8095     0.8509 5.8882e+00        987     0.6847  0.000e+00
      6.240   71.37242 -157.41486      6.304     4.8032     4.8011     4.8027    30.0465    30.0568  1023.8001    23.7707    304.533    287.738  320.47251     95.026     89.788     0.2210     0.9780     3.8095     0.8509 5.8714e+00        988     0.6854  0.000e+00
      6.278   71.37242 -157.41486      6.343     4.8019     4.8004     4.8015    30.0462    30.0572  1023.8002    23.7706    304.534    287.770  320.48288     95.024     89.797     0.2210     0.9780     3.8083     0.8522 5.8044e+00        989     0.6861  0.000e+00
      6.240   71.37242 -157.41486      6.304     4.8007     4.8004     4.8002    30.0466    30.0570  1023.8004    23.7710    304.530    287.981  320.49163     95.020     89.862     0.2198     0.9707     3.8095     0.8509 5.7878e+00        990     0.6868  0.000e+00
      6.302   71.37242 -157.41486      6.367     4.8002     4.8001     4.7998    30.0466    30.0571  1023.8008    23.7711    304.525    288.028  320.49510     95.017     89.877     0.2210     0.9780     3.8120     0.8483 5.7712e+00        991     0.6875  0.000e+00
      6.355   71.37242 -157.41486      6.421     4.7995     4.7998     4.7991    30.0472    30.0573  1023.8016    23.7716    304.792    288.051  320.49899     95.099     89.883     0.2222     0.9853     3.8144     0.8458 5.7053e+00        992     0.6882  0.000e+00
      6.301   71.37242 -157.41486      6.367     4.7994     4.7998     4.7989    30.0467    30.0570  1023.8010    23.7713    304.637    288.066  320.50123     95.050     89.888     0.2210     0.9780     3.8132     0.8470 5.6727e+00        993     0.6889  0.000e+00
      6.355   71.37242 -157.41486      6.421     4.7987     4.7997     4.7983    30.0469    30.0566  1023.8014    23.7714    304.700    288.082  320.50573     95.068     89.892     0.2222     0.9853     3.8132     0.8470 5.6564e+00        994     0.6896  0.000e+00
      6.417   71.37242 -157.41486      6.483     4.7984     4.7997     4.7980    30.0471    30.0569  1023.8019    23.7716    304.762    288.280  320.50762     95.087     89.954     0.2210     0.9780     3.8132     0.8470 5.6079e+00        995     0.6903  0.000e+00
      6.355   71.37242 -157.41486      6.421     4.7983     4.7997     4.7978    30.0473    30.0568  1023.8018    23.7718    304.757    288.116  320.50841     95.085     89.903     0.2222     0.9853     3.8132     0.8470 5.5758e+00        996     0.6910  0.000e+00
      6.355   71.37242 -157.41486      6.421     4.7980     4.7997     4.7975    30.0469    30.0568  1023.8015    23.7716    304.964    288.118  320.51158     95.149     89.903     0.2198     0.9707     3.8132     0.8470 5.5758e+00        997     0.6917  0.000e+00
      6.417   71.37242 -157.41486      6.483     4.7976     4.7995     4.7972    30.0474    30.0569  1023.8022    23.7719    304.994    288.327  320.51292     95.158     89.968     0.2210     0.9780     3.8132     0.8470 5.5280e+00        998     0.6924  0.000e+00
      6.417   71.37242 -157.41486      6.483     4.7976     4.7997     4.7972    30.0471    30.0569  1023.8020    23.7717    305.019    288.527  320.51355     95.166     90.031     0.2161     0.9487     3.8132     0.8470 5.4963e+00        999     0.6931  0.000e+00
      6.417   71.37242 -157.41486      6.483     4.7976     4.7997     4.7972    30.0472    30.0569  1023.8021    23.7718    304.835    288.392  320.51366     95.108     89.989     0.2125     0.9267     3.8144     0.8458 5.4805e+00       1000     0.6937  0.000e+00
      6.471   71.37242 -157.41486      6.538     4.7976     4.7995     4.7972    30.0470    30.0568  1023.8022    23.7717    304.829    288.423  320.51379     95.106     89.998     0.2112     0.9194     3.8132     0.8470 5.4491e+00       1001     0.6944  0.000e+00
      6.417   71.37242 -157.41486      6.483     4.7978     4.7997     4.7974    30.0470    30.0567  1023.8019    23.7717    304.818    288.444  320.51251     95.103     90.005     0.2112     0.9194     3.8132     0.8470 5.4024e+00       1002     0.6951  0.000e+00
      6.471   71.37242 -157.41486      6.538     4.7981     4.7997     4.7977    30.0468    30.0569  1023.8020    23.7714    304.810    288.446  320.51067     95.101     90.006     0.2112     0.9194     3.8132     0.8470 5.3869e+00       1003     0.6958  0.000e+00
      6.471   71.37242 -157.41486      6.538     4.7978     4.7998     4.7974    30.0473    30.0566  1023.8024    23.7719    304.597    288.441  320.51194     95.034     90.004     0.2112     0.9194     3.8132     0.8470 5.3714e+00       1004     0.6965  0.000e+00
      6.417   71.37242 -157.41486      6.483     4.7981     4.7997     4.7977    30.0469    30.0565  1023.8018    23.7715    304.763    288.453  320.51051     95.087     90.008     0.2125     0.9267     3.8132     0.8470 5.3253e+00       1005     0.6972  0.000e+00
      6.525   71.37242 -157.41486      6.592     4.7981     4.7997     4.7977    30.0470    30.0561  1023.8023    23.7716    304.553    288.654  320.51028     95.021     90.070     0.2112     0.9194     3.8132     0.8470 5.3253e+00       1006     0.6979  0.000e+00
      6.471   71.37242 -157.41486      6.538     4.7981     4.7995     4.7977    30.0469    30.0569  1023.8020    23.7715    304.723    288.676  320.51058     95.074     90.077     0.2112     0.9194     3.8132     0.8470 5.3100e+00       1007     0.6986  0.000e+00
      6.471   71.37242 -157.41486      6.538     4.7980     4.7995     4.7975    30.0471    30.0564  1023.8022    23.7717    304.303    288.698  320.51108     94.943     90.084     0.2125     0.9267     3.8132     0.8470 5.2796e+00       1008     0.6993  0.000e+00
      6.471   71.37242 -157.41486      6.538     4.7980     4.7994     4.7975    30.0470    30.0566  1023.8021    23.7716    304.654    288.716  320.51144     95.052     90.089     0.2112     0.9194     3.8132     0.8470 5.2796e+00       1009     0.7000  0.000e+00
      6.525   71.37242 -157.41486      6.592     4.7981     4.7994     4.7977    30.0470    30.0567  1023.8023    23.7716    304.445    288.730  320.51028     94.987     90.094     0.2112     0.9194     3.8132     0.8470 5.2644e+00       1010     0.7007  0.000e+00
      6.525   71.37242 -157.41486      6.592     4.7980     4.7992     4.7975    30.0472    30.0569  1023.8025    23.7718    304.413    288.553  320.51096     94.977     90.038     0.2112     0.9194     3.8156     0.8445 5.2343e+00       1011     0.7014  0.000e+00
      6.471   71.37242 -157.41486      6.538     4.7980     4.7994     4.7975    30.0470    30.0567  1023.8021    23.7716    304.381    288.514  320.51144     94.967     90.026     0.2112     0.9194     3.8181     0.8419 5.2192e+00       1012     0.7021  0.000e+00
      6.525   71.37242 -157.41486      6.592     4.7980     4.7994     4.7975    30.0469    30.0567  1023.8023    23.7716    304.353    288.497  320.51159     94.959     90.021     0.2112     0.9194     3.8168     0.8432 5.2192e+00       1013     0.7028  0.000e+00
      6.525   71.37242 -157.41486      6.592     4.7980     4.7992     4.7975    30.0469    30.0566  1023.8023    23.7716    304.532    288.662  320.51159     95.014     90.072     0.2112     0.9194     3.8168     0.8432 5.2042e+00       1014     0.7035  0.000e+00
      6.525   71.37242 -157.41486      6.592     4.7984     4.7992     4.7980    30.0471    30.0562  1023.8024    23.7716    304.531    288.677  320.50765     95.015     90.077     0.2125     0.9267     3.8168     0.8432 5.2042e+00       1015     0.7042  0.000e+00
      6.525   71.37242 -157.41486      6.592     4.7991     4.7994     4.7986    30.0475    30.0562  1023.8027    23.7719    304.527    288.687  320.50177     95.016     90.080     0.2112     0.9194     3.8168     0.8432 5.1893e+00       1016     0.7049  0.000e+00
      6.471   71.37242 -157.41486      6.538     4.7994     4.7994     4.7989    30.0467    30.0561  1023.8018    23.7713    304.319    288.485  320.50124     94.951     90.017     0.2112     0.9194     3.8168     0.8432 5.2042e+00       1017     0.7056  0.000e+00
      6.586   71.37242 -157.41486      6.654     4.7989     4.7992     4.7985    30.0466    30.0563  1023.8023    23.7712    304.333    288.453  320.50513     94.954     90.007     0.2100     0.9121     3.8168     0.8432 5.1893e+00       1018     0.7063  0.000e+00
      6.471   71.37242 -157.41486      6.538     4.7987     4.7994     4.7983    30.0465    30.0564  1023.8017    23.7712    304.273    288.407  320.50649     94.935     89.993     0.2125     0.9267     3.8168     0.8432 5.1893e+00       1019     0.7069  0.000e+00
      6.525   71.37242 -157.41486      6.592     4.7984     4.7992     4.7980    30.0464    30.0567  1023.8018    23.7711    304.254    288.366  320.50936     94.928     89.980     0.2100     0.9121     3.8168     0.8432 5.2042e+00       1020     0.7076  0.000e+00
      6.471   71.37242 -157.41486      6.538     4.7981     4.7992     4.7977    30.0467    30.0566  1023.8019    23.7714    304.230    288.339  320.51084     94.920     89.971     0.2112     0.9194     3.8168     0.8432 5.1893e+00       1021     0.7083  0.000e+00
      6.525   71.37242 -157.41486      6.592     4.7980     4.7990     4.7975    30.0467    30.0565  1023.8021    23.7714    304.004    288.314  320.51213     94.850     89.963     0.2100     0.9121     3.8168     0.8432 5.2042e+00       1022     0.7090  0.000e+00
      6.471   71.37242 -157.41486      6.538     4.7980     4.7992     4.7975    30.0467    30.0565  1023.8019    23.7714    303.952    288.466  320.51216     94.833     90.011     0.2112     0.9194     3.8168     0.8432 5.2042e+00       1023     0.7097  0.000e+00
      6.525   71.37242 -157.41486      6.592     4.7978     4.7992     4.7974    30.0468    30.0562  1023.8022    23.7715    304.322    288.268  320.51308     94.948     89.949     0.2149     0.9414     3.8168     0.8432 5.2042e+00       1024     0.7104  0.000e+00
      6.471   71.37242 -157.41486      6.538     4.7980     4.7990     4.7975    30.0467    30.0565  1023.8019    23.7714    303.918    288.230  320.51216     94.823     89.937     0.2271     1.0146     3.8168     0.8432 5.2042e+00       1025     0.7111  0.000e+00
      6.471   71.37242 -157.41486      6.538     4.7981     4.7989     4.7977    30.0467    30.0565  1023.8019    23.7714    303.872    288.192  320.51084     94.809     89.925     0.2344     1.0586     3.8168     0.8432 5.2042e+00       1026     0.7118  0.000e+00
