EcoFOCI/data/1_SampleCollection/2023_SikuliaqDBO_CruiseData/CTD_raw_BottleFile_SKQ23-12S/proc/skq202312s_064.cnv
* Sea-Bird SBE 9 Data File:
* FileName = D:\CTD\SKQ202312S\SKQ202312S_064.hex
* Software Version Seasave V 7.26.7.121
* Temperature SN = 6177
* Conductivity SN = 0369
* Number of Bytes Per Scan = 41
* Number of Voltage Words = 4
* Number of Scans Averaged by the Deck Unit = 1
* NMEA Latitude = 71 57.82 N
* NMEA Longitude = 166 18.97 W
* NMEA UTC (Time) = Sep 28 2023  10:18:40
* NMEA baud rate = 4800
** Ship: R/V Sikuliaq
** Station Number: 064
** Station Name: IC0.1
** Bottom Depth: 46
** Operator: Bern
# nquan = 24
# nvalues = 3381                                  
# units = specified
# name 0 = depSM: Depth [salt water, m]
# name 1 = latitude: Latitude [deg]
# name 2 = longitude: Longitude [deg]
# name 3 = prDM: Pressure, Digiquartz [db]
# name 4 = t090C: Temperature [ITS-90, deg C]
# name 5 = t190C: Temperature, 2 [ITS-90, deg C]
# name 6 = potemp090C: Potential Temperature [ITS-90, deg C]
# name 7 = sal00: Salinity, Practical [PSU]
# name 8 = sal11: Salinity, Practical, 2 [PSU]
# name 9 = density00: Density [density, kg/m^3]
# name 10 = sigma-é00: Density [sigma-theta, kg/m^3]
# name 11 = sbox0Mm/Kg: Oxygen, SBE 43 [umol/kg]
# name 12 = sbox1Mm/Kg: Oxygen, SBE 43, 2 [umol/kg]
# name 13 = oxsolMm/Kg: Oxygen Saturation, Garcia & Gordon [umol/kg]
# name 14 = sbeox0PS: Oxygen, SBE 43 [% saturation]
# name 15 = sbeox1PS: Oxygen, SBE 43, 2 [% saturation]
# name 16 = v0: Voltage 0
# name 17 = flECO-AFL: Fluorescence, WET Labs ECO-AFL/FL [mg/m^3]
# name 18 = v1: Voltage 1
# name 19 = CStarAt0: Beam Attenuation, WET Labs C-Star [1/m]
# name 20 = par: PAR/Irradiance, Biospherical/Licor
# name 21 = scan: Scan Count
# name 22 = timeM: Time, Elapsed [minutes]
# name 23 = flag:  0.000e+00
# span 0 =      2.287,     40.185                 
# span 1 =   71.96376,   71.96376                 
# span 2 = -166.31568, -166.31550                 
# span 3 =      2.311,     40.604                 
# span 4 =    -0.5402,     3.9940                 
# span 5 =    -0.5350,     3.9955                 
# span 6 =    -0.5413,     3.9923                 
# span 7 =    30.8512,    32.4561                 
# span 8 =    30.8717,    32.3984                 
# span 9 =  1024.5182,  1026.1820                 
# span 10 =    24.5071,    26.0262                
# span 11 =    296.412,    331.384                
# span 12 =    281.292,    326.103                
# span 13 =  323.55945,  360.40386                
# span 14 =     85.474,     95.488                
# span 15 =     81.304,     92.639                
# span 16 =     0.0733,     0.1563                
# span 17 =     0.0916,     0.5897                
# span 18 =     3.4188,     4.2491                
# span 19 =     0.4140,     1.2839                
# span 20 = 1.0000e-12, 1.1865e+00                
# span 21 =          1,       3381                
# span 22 =     0.0000,     2.3472                
# span 23 = 0.0000e+00, 0.0000e+00                
# interval = seconds: 0.0416667
# start_time = Sep 28 2023 10:21:40 [NMEA time, first data scan]
# bad_flag = -9.990e-29
*END*
[from data line 1208]
     16.016   71.96376 -166.31560     16.182     3.8630     3.8568     3.8620    30.9481    30.9510  1024.6530    24.5771    309.787    292.781  325.63954     95.132     89.898     0.0879     0.1795     4.2210     0.4405 1.0000e-12       1209     0.8389  0.000e+00
     15.962   71.96376 -166.31560     16.127     3.8629     3.8607     3.8619    30.9505    30.9532  1024.6546    24.5791    309.780    292.745  325.63448     95.131     89.897     0.0879     0.1795     4.2210     0.4405 8.4714e-06       1210     0.8396  0.000e+00
     16.077   71.96376 -166.31562     16.244     3.8640     3.8646     3.8630    30.9541    30.9570  1024.6579    24.5818    309.765    292.712  325.61682     95.132     89.898     0.0879     0.1795     4.2210     0.4405 1.0000e-12       1211     0.8403  0.000e+00
     16.100   71.96376 -166.31562     16.268     3.8654     3.8678     3.8644    30.9577    30.9600  1024.6608    24.5845    310.203    292.685  325.59670     95.272     89.899     0.0879     0.1795     4.2210     0.4405 1.0000e-12       1212     0.8410  0.000e+00
     16.131   71.96376 -166.31562     16.299     3.8670     3.8698     3.8660    30.9582    30.9627  1024.6612    24.5848    309.824    292.668  325.58281     95.160     89.900     0.0867     0.1721     4.2210     0.4405 1.0000e-12       1213     0.8417  0.000e+00
     16.131   71.96376 -166.31562     16.299     3.8681     3.8713     3.8671    30.9576    30.9641  1024.6606    24.5843    309.809    292.468  325.57544     95.157     89.842     0.0879     0.1795     4.2210     0.4405 8.4714e-06       1214     0.8424  0.000e+00
     16.131   71.96376 -166.31562     16.299     3.8691     3.8722     3.8681    30.9584    30.9655  1024.6611    24.5848    309.791    292.443  325.56564     95.155     89.838     0.0879     0.1795     4.2210     0.4405 8.4714e-06       1215     0.8431  0.000e+00
     16.154   71.96376 -166.31562     16.322     3.8700     3.8728     3.8690    30.9585    30.9662  1024.6612    24.5848    309.808    292.425  325.55825     95.162     89.834     0.0879     0.1795     4.2210     0.4405 1.0000e-12       1216     0.8438  0.000e+00
     16.247   71.96376 -166.31562     16.416     3.8709     3.8735     3.8699    30.9570    30.9667  1024.6604    24.5835    309.406    292.412  325.55426     95.040     89.832     0.0891     0.1868     4.2210     0.4405 8.4714e-06       1217     0.8444  0.000e+00
     16.247   71.96376 -166.31562     16.416     3.8709     3.8739     3.8699    30.9564    30.9680  1024.6599    24.5830    309.795    292.396  325.55578     95.159     89.829     0.0879     0.1795     4.2210     0.4405 8.4714e-06       1218     0.8451  0.000e+00
     16.193   71.96376 -166.31562     16.361     3.8709     3.8744     3.8700    30.9572    30.9683  1024.6603    24.5837    309.784    292.383  325.55372     95.156     89.826     0.0879     0.1795     4.2210     0.4405 8.4714e-06       1219     0.8458  0.000e+00
     16.332   71.96376 -166.31562     16.501     3.8716     3.8746     3.8706    30.9582    30.9684  1024.6617    24.5844    309.561    292.572  325.54635     95.090     89.885     0.0879     0.1795     4.2210     0.4405 1.0000e-12       1220     0.8465  0.000e+00
     16.301   71.96376 -166.31562     16.470     3.8719     3.8745     3.8709    30.9577    30.9683  1024.6612    24.5840    309.943    292.397  325.54491     95.207     89.831     0.0879     0.1795     4.2210     0.4405 8.4714e-06       1221     0.8472  0.000e+00
     16.301   71.96376 -166.31562     16.470     3.8722     3.8747     3.8712    30.9560    30.9689  1024.6597    24.5826    309.753    292.392  325.54673     95.149     89.830     0.0879     0.1795     4.2210     0.4405 8.4714e-06       1222     0.8479  0.000e+00
     16.363   71.96376 -166.31562     16.533     3.8721     3.8751     3.8710    30.9551    30.9686  1024.6593    24.5819    309.747    292.582  325.55016     95.146     89.889     0.0879     0.1795     4.2210     0.4405 1.0000e-12       1223     0.8486  0.000e+00
     16.332   71.96376 -166.31562     16.501     3.8717     3.8753     3.8707    30.9556    30.9694  1024.6596    24.5823    309.733    292.408  325.55143     95.141     89.836     0.0879     0.1795     4.2210     0.4405 1.0000e-12       1224     0.8493  0.000e+00
     16.417   71.96376 -166.31562     16.587     3.8719     3.8753     3.8709    30.9564    30.9698  1024.6606    24.5829    309.718    292.411  325.54828     95.137     89.838     0.0879     0.1795     4.2210     0.4405 1.0000e-12       1225     0.8500  0.000e+00
     16.417   71.96376 -166.31562     16.587     3.8721     3.8751     3.8710    30.9561    30.9693  1024.6604    24.5827    309.701    292.418  325.54767     95.132     89.839     0.0891     0.1868     4.2210     0.4405 8.4714e-06       1226     0.8507  0.000e+00
     16.478   71.96376 -166.31562     16.649     3.8722     3.8745     3.8712    30.9560    30.9695  1024.6606    24.5826    309.719    292.430  325.54667     95.138     89.842     0.0879     0.1795     4.2210     0.4405 1.0000e-12       1227     0.8514  0.000e+00
     16.448   71.96376 -166.31562     16.618     3.8721     3.8739     3.8710    30.9564    30.9688  1024.6608    24.5830    309.948    292.442  325.54685     95.208     89.844     0.0891     0.1868     4.2210     0.4405 1.0000e-12       1228     0.8521  0.000e+00
     16.478   71.96376 -166.31562     16.649     3.8724     3.8720     3.8714    30.9561    30.9673  1024.6606    24.5827    309.816    292.471  325.54521     95.168     89.847     0.0879     0.1795     4.2210     0.4405 8.4714e-06       1229     0.8528  0.000e+00
     16.532   71.96376 -166.31562     16.704     3.8722     3.8706     3.8712    30.9563    30.9650  1024.6611    24.5828    310.015    292.691  325.54597     95.229     89.910     0.0891     0.1868     4.2198     0.4416 1.0000e-12       1230     0.8535  0.000e+00
     16.532   71.96376 -166.31562     16.704     3.8722     3.8704     3.8712    30.9559    30.9644  1024.6608    24.5825    309.815    292.536  325.54692     95.168     89.862     0.0879     0.1795     4.2039     0.4567 1.0000e-12       1231     0.8542  0.000e+00
     16.555   71.96376 -166.31562     16.727     3.8719     3.8705     3.8709    30.9556    30.9643  1024.6607    24.5823    309.797    292.528  325.55015     95.161     89.859     0.0891     0.1868     4.1966     0.4637 8.4714e-06       1232     0.8549  0.000e+00
     16.532   71.96376 -166.31562     16.704     3.8719     3.8690     3.8709    30.9555    30.9647  1024.6605    24.5822    309.704    292.743  325.55041     95.133     89.922     0.0879     0.1795     4.1966     0.4637 1.0000e-12       1233     0.8556  0.000e+00
     16.594   71.96376 -166.31562     16.766     3.8717     3.8682     3.8707    30.9564    30.9640  1024.6615    24.5830    309.713    292.768  325.54938     95.135     89.928     0.0891     0.1868     4.1978     0.4625 1.0000e-12       1234     0.8562  0.000e+00
     16.594   71.96376 -166.31562     16.766     3.8719     3.8679     3.8709    30.9566    30.9633  1024.6616    24.5831    309.931    292.786  325.54773     95.203     89.932     0.0904     0.1941     4.1978     0.4625 8.4714e-06       1235     0.8569  0.000e+00
     16.671   71.96376 -166.31562     16.844     3.8719     3.8671     3.8709    30.9569    30.9629  1024.6623    24.5834    309.938    292.810  325.54688     95.205     89.938     0.0891     0.1868     4.1978     0.4625 1.0000e-12       1236     0.8576  0.000e+00
     16.648   71.96376 -166.31562     16.821     3.8719     3.8657     3.8709    30.9558    30.9623  1024.6613    24.5825    309.728    292.836  325.54960     95.140     89.942     0.0904     0.1941     4.1978     0.4625 1.0000e-12       1237     0.8583  0.000e+00
     16.648   71.96376 -166.31562     16.821     3.8719     3.8650     3.8709    30.9513    30.9608  1024.6577    24.5789    310.021    292.882  325.56060     95.227     89.954     0.0891     0.1868     4.1978     0.4625 1.0000e-12       1238     0.8590  0.000e+00
     16.702   71.96376 -166.31562     16.875     3.8708     3.8658     3.8698    30.9480    30.9608  1024.6555    24.5764    309.829    292.892  325.57751     95.163     89.959     0.0891     0.1868     4.1978     0.4625 1.0000e-12       1239     0.8597  0.000e+00
     16.671   71.96376 -166.31562     16.844     3.8698     3.8675     3.8688    30.9471    30.9618  1024.6546    24.5757    309.805    292.891  325.58746     95.153     89.962     0.0879     0.1795     4.1978     0.4625 1.0000e-12       1240     0.8604  0.000e+00
     16.764   71.96376 -166.31562     16.938     3.8687     3.8679     3.8677    30.9490    30.9631  1024.6567    24.5774    309.814    292.903  325.59152     95.154     89.968     0.0891     0.1868     4.1978     0.4625 8.4714e-06       1241     0.8611  0.000e+00
     16.764   71.96376 -166.31562     16.938     3.8687     3.8693     3.8677    30.9527    30.9633  1024.6596    24.5803    309.805    292.907  325.58252     95.154     89.972     0.0879     0.1795     4.1978     0.4625 1.0000e-12       1242     0.8618  0.000e+00
     16.764   71.96376 -166.31562     16.938     3.8690     3.8695     3.8680    30.9561    30.9644  1024.6623    24.5830    309.760    292.918  325.57154     95.143     89.977     0.0891     0.1868     4.1978     0.4625 1.0000e-12       1243     0.8625  0.000e+00
     16.787   71.96376 -166.31562     16.961     3.8700     3.8695     3.8690    30.9571    30.9645  1024.6631    24.5837    309.749    292.934  325.56159     95.143     89.982     0.0904     0.1941     4.1966     0.4637 1.0000e-12       1244     0.8632  0.000e+00
     16.818   71.96376 -166.31562     16.992     3.8708     3.8697     3.8698    30.9575    30.9644  1024.6635    24.5839    309.955    292.949  325.55433     95.208     89.987     0.0891     0.1868     4.1978     0.4625 1.0000e-12       1245     0.8639  0.000e+00
     16.818   71.96376 -166.31562     16.992     3.8714     3.8706     3.8704    30.9545    30.9642  1024.6611    24.5815    309.986    292.957  325.55665     95.217     89.991     0.0891     0.1868     4.1978     0.4625 1.0000e-12       1246     0.8646  0.000e+00
     16.764   71.96376 -166.31562     16.938     3.8708     3.8708     3.8698    30.9496    30.9647  1024.6570    24.5776    309.996    292.968  325.57379     95.215     89.995     0.0891     0.1868     4.1978     0.4625 1.0000e-12       1247     0.8653  0.000e+00
     16.956   71.96376 -166.31562     17.132     3.8694     3.8699     3.8683    30.9475    30.9646  1024.6564    24.5761    309.834    293.189  325.59019     95.161     90.061     0.0891     0.1868     4.1978     0.4625 1.0000e-12       1248     0.8660  0.000e+00
     16.879   71.96376 -166.31562     17.055     3.8679     3.8660     3.8669    30.9498    30.9641  1024.6580    24.5781    309.830    293.254  325.59574     95.158     90.072     0.0891     0.1868     4.1978     0.4625 1.0000e-12       1249     0.8667  0.000e+00
     16.879   71.96376 -166.31562     17.055     3.8672     3.8639     3.8662    30.9527    30.9621  1024.6603    24.5804    309.823    293.310  325.59458     95.156     90.084     0.0891     0.1868     4.1978     0.4625 1.0000e-12       1250     0.8674  0.000e+00
     16.902   71.96376 -166.31562     17.078     3.8670     3.8640     3.8659    30.9516    30.9601  1024.6596    24.5796    309.395    293.349  325.59902     95.023     90.094     0.0904     0.1941     4.2112     0.4498 1.0000e-12       1251     0.8681  0.000e+00
     16.933   71.96376 -166.31562     17.109     3.8671     3.8646     3.8661    30.9479    30.9608  1024.6568    24.5767    309.973    293.185  325.60670     95.199     90.046     0.0891     0.1868     4.2198     0.4416 1.0000e-12       1252     0.8688  0.000e+00
     16.995   71.96376 -166.31562     17.171     3.8665     3.8631     3.8655    30.9465    30.9618  1024.6561    24.5756    309.764    293.209  325.61517     95.132     90.050     0.0891     0.1868     4.2210     0.4405 1.0000e-12       1253     0.8694  0.000e+00
     16.933   71.96376 -166.31562     17.109     3.8664     3.8607     3.8653    30.9485    30.9605  1024.6574    24.5772    309.964    293.409  325.61153     95.195     90.106     0.0989     0.2454     4.2198     0.4416 1.0000e-12       1254     0.8701  0.000e+00
     17.018   71.96376 -166.31562     17.195     3.8661     3.8587     3.8650    30.9526    30.9584  1024.6611    24.5805    309.951    293.465  325.60354     95.193     90.117     0.1245     0.3993     4.2198     0.4416 1.0000e-12       1255     0.8708  0.000e+00
     17.049   71.96376 -166.31562     17.226     3.8662     3.8579     3.8651    30.9554    30.9565  1024.6634    24.5827    309.932    293.315  325.59597     95.189     90.068     0.1331     0.4505     4.2198     0.4416 1.0000e-12       1256     0.8715  0.000e+00
     16.995   71.96376 -166.31562     17.171     3.8664     3.8577     3.8653    30.9548    30.9554  1024.6627    24.5822    309.950    293.326  325.59606     95.194     90.070     0.1331     0.4505     4.2198     0.4416 1.0000e-12       1257     0.8722  0.000e+00
     17.049   71.96376 -166.31562     17.226     3.8665     3.8576     3.8655    30.9539    30.9550  1024.6622    24.5815    309.970    293.530  325.59704     95.201     90.132     0.1306     0.4359     4.2198     0.4416 1.0000e-12       1258     0.8729  0.000e+00
     17.018   71.96376 -166.31562     17.195     3.8671     3.8576     3.8661    30.9528    30.9550  1024.6611    24.5805    309.983    293.558  325.59476     95.205     90.141     0.1319     0.4432     4.2198     0.4416 1.0000e-12       1259     0.8736  0.000e+00
     17.103   71.96376 -166.31562     17.281     3.8677     3.8573     3.8666    30.9519    30.9543  1024.6607    24.5798    309.999    293.594  325.59276     95.211     90.151     0.1319     0.4432     4.2198     0.4416 8.4714e-06       1260     0.8743  0.000e+00
     17.103   71.96376 -166.31562     17.281     3.8676     3.8568     3.8666    30.9533    30.9541  1024.6618    24.5809    310.079    293.626  325.58973     95.236     90.160     0.1319     0.4432     4.2198     0.4416 1.0000e-12       1261     0.8750  0.000e+00
     17.103   71.96376 -166.31562     17.281     3.8676     3.8579     3.8666    30.9585    30.9532  1024.6660    24.5850    310.082    293.455  325.57693     95.241     90.109     0.1331     0.4505     4.2198     0.4416 1.0000e-12       1262     0.8757  0.000e+00
     17.134   71.96376 -166.31562     17.312     3.8683     3.8604     3.8672    30.9623    30.9548  1024.6691    24.5880    310.083    293.416  325.56270     95.245     90.103     0.1319     0.4432     4.2198     0.4416 1.0000e-12       1263     0.8764  0.000e+00
     17.165   71.96376 -166.31562     17.343     3.8695     3.8624     3.8685    30.9598    30.9584  1024.6671    24.5859    310.091    293.375  325.55875     95.249     90.098     0.1319     0.4432     4.2198     0.4416 1.0000e-12       1264     0.8771  0.000e+00
     17.165   71.96376 -166.31562     17.343     3.8701     3.8634     3.8690    30.9547    30.9620  1024.6630    24.5818    310.110    293.340  325.56706     95.252     90.092     0.1319     0.4432     4.2198     0.4416 1.0000e-12       1265     0.8778  0.000e+00
     17.134   71.96376 -166.31562     17.312     3.8694     3.8642     3.8683    30.9510    30.9646  1024.6600    24.5789    310.064    293.307  325.58159     95.234     90.085     0.1319     0.4432     4.2198     0.4416 1.0000e-12       1266     0.8785  0.000e+00
     17.219   71.96376 -166.31562     17.397     3.8687     3.8663     3.8677    30.9495    30.9654  1024.6593    24.5778    310.082    293.271  325.59028     95.237     90.079     0.1306     0.4359     4.2198     0.4416 1.0000e-12       1267     0.8792  0.000e+00
