EcoFOCI/data/1_SampleCollection/2023_SikuliaqDBO_CruiseData/CTD_raw_BottleFile_SKQ23-12S/proc/skq202312s_005svp.cnv
* Sea-Bird SBE 9 Data File:
* FileName = D:\CTD\SKQ202312S\SKQ202312S_005.hex
* Software Version Seasave V 7.26.7.121
* Temperature SN = 6177
* Conductivity SN = 0369
* Number of Bytes Per Scan = 41
* Number of Voltage Words = 4
* Number of Scans Averaged by the Deck Unit = 1
* NMEA Latitude = 62 23.39 N
* NMEA Longitude = 174 34.17 W
* NMEA UTC (Time) = Sep 15 2023  22:10:54
* NMEA baud rate = 4800
** Ship: R/V Sikuliaq
** Station Number: 005
** Station Name: DBO1.4
** Bottom Depth: 70
** Operator: SD
# nquan = 7
# nvalues = 8201                                  
# units = specified
# name 0 = depSM: Depth [salt water, m]
# name 1 = latitude: Latitude [deg]
# name 2 = longitude: Longitude [deg]
# name 3 = t090C: Temperature [ITS-90, deg C]
# name 4 = sal00: Salinity, Practical [PSU]
# name 5 = svCM: Sound Velocity [Chen-Millero, m/s]
# name 6 = flag:  0.000e+00
# span 0 =      1.585,     65.999                 
# span 1 =   62.38976,   62.38978                 
# span 2 = -174.56960, -174.56958                 
# span 3 =    -1.5350,     7.8557                 
# span 4 =    30.9756,    31.9002                 
# span 5 =    1438.34,    1477.08                 
# span 6 = 0.0000e+00, 0.0000e+00                 
# interval = seconds: 0.0416667
# start_time = Sep 15 2023 22:14:11 [NMEA time, first data scan]
# bad_flag = -9.990e-29
*END*
[from data line 6770]
     65.366   62.38978 -174.56960    -1.5252    31.8992    1438.87  0.000e+00
     65.359   62.38978 -174.56960    -1.5251    31.8988    1438.87  0.000e+00
     65.312   62.38978 -174.56960    -1.5253    31.8990    1438.86  0.000e+00
     65.366   62.38978 -174.56960    -1.5252    31.8991    1438.87  0.000e+00
     65.359   62.38978 -174.56960    -1.5254    31.8994    1438.87  0.000e+00
     65.366   62.38978 -174.56960    -1.5252    31.8990    1438.87  0.000e+00
     65.366   62.38978 -174.56960    -1.5250    31.8989    1438.87  0.000e+00
     65.359   62.38978 -174.56960    -1.5254    31.8994    1438.87  0.000e+00
     65.366   62.38978 -174.56960    -1.5252    31.8994    1438.87  0.000e+00
     65.366   62.38978 -174.56960    -1.5251    31.8993    1438.87  0.000e+00
     65.359   62.38978 -174.56960    -1.5252    31.8994    1438.87  0.000e+00
     65.366   62.38978 -174.56960    -1.5252    31.8995    1438.87  0.000e+00
     65.366   62.38978 -174.56960    -1.5252    31.8992    1438.87  0.000e+00
     65.359   62.38978 -174.56960    -1.5254    31.8996    1438.87  0.000e+00
     65.366   62.38978 -174.56960    -1.5253    31.8993    1438.87  0.000e+00
     65.366   62.38978 -174.56960    -1.5248    31.8989    1438.87  0.000e+00
     65.413   62.38978 -174.56960    -1.5252    31.8992    1438.87  0.000e+00
     65.366   62.38978 -174.56960    -1.5250    31.8994    1438.87  0.000e+00
     65.366   62.38978 -174.56960    -1.5251    31.8996    1438.87  0.000e+00
     65.413   62.38978 -174.56960    -1.5251    31.8993    1438.87  0.000e+00
     65.366   62.38978 -174.56960    -1.5252    31.8995    1438.87  0.000e+00
     65.366   62.38978 -174.56960    -1.5252    31.8994    1438.87  0.000e+00
     65.413   62.38978 -174.56960    -1.5251    31.8990    1438.87  0.000e+00
     65.366   62.38978 -174.56960    -1.5251    31.8988    1438.87  0.000e+00
     65.366   62.38978 -174.56960    -1.5251    31.8991    1438.87  0.000e+00
     65.413   62.38978 -174.56960    -1.5252    31.8998    1438.87  0.000e+00
     65.428   62.38978 -174.56960    -1.5252    31.8994    1438.87  0.000e+00
     65.366   62.38978 -174.56960    -1.5252    31.8996    1438.87  0.000e+00
     65.366   62.38978 -174.56960    -1.5252    31.8993    1438.87  0.000e+00
     65.413   62.38978 -174.56960    -1.5252    31.8993    1438.87  0.000e+00
     65.428   62.38978 -174.56960    -1.5252    31.8992    1438.87  0.000e+00
     65.428   62.38978 -174.56960    -1.5252    31.8992    1438.87  0.000e+00
     65.413   62.38978 -174.56960    -1.5252    31.8993    1438.87  0.000e+00
     65.428   62.38978 -174.56960    -1.5252    31.8990    1438.87  0.000e+00
     65.428   62.38978 -174.56960    -1.5251    31.8991    1438.87  0.000e+00
     65.413   62.38978 -174.56960    -1.5252    31.8995    1438.87  0.000e+00
     65.428   62.38978 -174.56960    -1.5252    31.8994    1438.87  0.000e+00
     65.428   62.38978 -174.56960    -1.5251    31.8990    1438.87  0.000e+00
     65.467   62.38978 -174.56960    -1.5251    31.8989    1438.87  0.000e+00
     65.428   62.38978 -174.56960    -1.5252    31.8994    1438.87  0.000e+00
     65.428   62.38978 -174.56960    -1.5252    31.8994    1438.87  0.000e+00
     65.467   62.38978 -174.56960    -1.5251    31.8990    1438.87  0.000e+00
     65.428   62.38978 -174.56960    -1.5251    31.8992    1438.87  0.000e+00
     65.482   62.38978 -174.56960    -1.5252    31.8994    1438.87  0.000e+00
     65.413   62.38978 -174.56960    -1.5252    31.8994    1438.87  0.000e+00
     65.482   62.38978 -174.56960    -1.5252    31.8994    1438.87  0.000e+00
     65.482   62.38978 -174.56960    -1.5251    31.8990    1438.87  0.000e+00
     65.467   62.38978 -174.56960    -1.5250    31.8991    1438.87  0.000e+00
     65.482   62.38978 -174.56960    -1.5252    31.8994    1438.87  0.000e+00
     65.482   62.38978 -174.56960    -1.5249    31.8989    1438.87  0.000e+00
     65.529   62.38978 -174.56960    -1.5251    31.8989    1438.87  0.000e+00
     65.482   62.38978 -174.56960    -1.5252    31.8993    1438.87  0.000e+00
     65.482   62.38978 -174.56960    -1.5249    31.8991    1438.87  0.000e+00
     65.529   62.38978 -174.56960    -1.5251    31.8990    1438.87  0.000e+00
     65.536   62.38978 -174.56960    -1.5252    31.8993    1438.87  0.000e+00
     65.536   62.38978 -174.56960    -1.5252    31.8995    1438.87  0.000e+00
     65.529   62.38978 -174.56960    -1.5252    31.8991    1438.87  0.000e+00
     65.536   62.38978 -174.56960    -1.5251    31.8990    1438.87  0.000e+00
     65.536   62.38978 -174.56960    -1.5252    31.8994    1438.87  0.000e+00
     65.583   62.38978 -174.56960    -1.5250    31.8991    1438.87  0.000e+00
     65.536   62.38978 -174.56960    -1.5251    31.8988    1438.87  0.000e+00
     65.536   62.38978 -174.56960    -1.5249    31.8987    1438.87  0.000e+00
     65.583   62.38978 -174.56960    -1.5253    31.8993    1438.87  0.000e+00
     65.598   62.38978 -174.56960    -1.5249    31.8990    1438.87  0.000e+00
     65.598   62.38978 -174.56960    -1.5252    31.8996    1438.87  0.000e+00
     65.583   62.38978 -174.56960    -1.5249    31.8991    1438.87  0.000e+00
     65.598   62.38978 -174.56960    -1.5252    31.8993    1438.87  0.000e+00
     65.598   62.38978 -174.56960    -1.5254    31.8999    1438.87  0.000e+00
     65.644   62.38978 -174.56960    -1.5251    31.8993    1438.87  0.000e+00
     65.598   62.38978 -174.56960    -1.5251    31.8989    1438.87  0.000e+00
     65.652   62.38978 -174.56960    -1.5252    31.8992    1438.87  0.000e+00
     65.698   62.38978 -174.56960    -1.5252    31.8993    1438.87  0.000e+00
     65.598   62.38978 -174.56960    -1.5251    31.8989    1438.87  0.000e+00
     65.652   62.38978 -174.56960    -1.5252    31.8994    1438.87  0.000e+00
     65.652   62.38978 -174.56960    -1.5251    31.8992    1438.87  0.000e+00
     65.698   62.38978 -174.56960    -1.5252    31.8997    1438.87  0.000e+00
     65.652   62.38978 -174.56960    -1.5252    31.8994    1438.87  0.000e+00
     65.768   62.38978 -174.56960    -1.5252    31.8992    1438.87  0.000e+00
     65.644   62.38978 -174.56960    -1.5251    31.8995    1438.87  0.000e+00
     65.714   62.38978 -174.56960    -1.5251    31.8990    1438.87  0.000e+00
     65.714   62.38978 -174.56960    -1.5251    31.8990    1438.87  0.000e+00
     65.698   62.38978 -174.56960    -1.5250    31.8993    1438.87  0.000e+00
     65.714   62.38978 -174.56960    -1.5251    31.8991    1438.87  0.000e+00
     65.768   62.38978 -174.56960    -1.5252    31.8995    1438.87  0.000e+00
     65.698   62.38978 -174.56960    -1.5249    31.8990    1438.87  0.000e+00
     65.768   62.38978 -174.56960    -1.5252    31.8994    1438.87  0.000e+00
     65.714   62.38978 -174.56960    -1.5252    31.8996    1438.87  0.000e+00
     65.760   62.38978 -174.56960    -1.5251    31.8994    1438.87  0.000e+00
     65.768   62.38978 -174.56960    -1.5252    31.8992    1438.87  0.000e+00
     65.768   62.38978 -174.56960    -1.5251    31.8993    1438.87  0.000e+00
     65.760   62.38978 -174.56960    -1.5251    31.8994    1438.87  0.000e+00
     65.768   62.38978 -174.56960    -1.5252    31.8993    1438.87  0.000e+00
     65.768   62.38978 -174.56960    -1.5252    31.8994    1438.87  0.000e+00
     65.814   62.38978 -174.56960    -1.5254    31.8995    1438.87  0.000e+00
     65.768   62.38978 -174.56960    -1.5254    31.8994    1438.87  0.000e+00
     65.768   62.38978 -174.56960    -1.5252    31.8990    1438.87  0.000e+00
     65.814   62.38978 -174.56960    -1.5252    31.8991    1438.87  0.000e+00
     65.768   62.38978 -174.56960    -1.5252    31.8995    1438.87  0.000e+00
     65.830   62.38978 -174.56960    -1.5249    31.8989    1438.87  0.000e+00
     65.760   62.38978 -174.56960    -1.5252    31.8992    1438.87  0.000e+00
     65.768   62.38978 -174.56960    -1.5252    31.8988    1438.87  0.000e+00
     65.830   62.38978 -174.56960    -1.5252    31.8993    1438.87  0.000e+00
     65.814   62.38978 -174.56960    -1.5251    31.8993    1438.87  0.000e+00
     65.830   62.38978 -174.56960    -1.5252    31.8995    1438.87  0.000e+00
     65.768   62.38978 -174.56960    -1.5251    31.8991    1438.87  0.000e+00
     65.814   62.38978 -174.56960    -1.5251    31.8993    1438.87  0.000e+00
     65.768   62.38978 -174.56960    -1.5251    31.8994    1438.87  0.000e+00
     65.830   62.38978 -174.56960    -1.5252    31.8996    1438.87  0.000e+00
     65.760   62.38978 -174.56960    -1.5249    31.8993    1438.87  0.000e+00
     65.830   62.38978 -174.56960    -1.5251    31.8991    1438.87  0.000e+00
     65.768   62.38978 -174.56960    -1.5251    31.8991    1438.87  0.000e+00
     65.814   62.38978 -174.56960    -1.5252    31.8992    1438.87  0.000e+00
     65.768   62.38978 -174.56960    -1.5252    31.8996    1438.87  0.000e+00
     65.768   62.38978 -174.56960    -1.5251    31.8994    1438.87  0.000e+00
     65.760   62.38978 -174.56960    -1.5252    31.8996    1438.87  0.000e+00
     65.768   62.38978 -174.56960    -1.5250    31.8990    1438.87  0.000e+00
     65.768   62.38978 -174.56960    -1.5251    31.8993    1438.87  0.000e+00
     65.760   62.38978 -174.56960    -1.5252    31.8993    1438.87  0.000e+00
     65.768   62.38978 -174.56960    -1.5250    31.8992    1438.87  0.000e+00
     65.652   62.38978 -174.56960    -1.5252    31.8994    1438.87  0.000e+00
     65.814   62.38978 -174.56960    -1.5252    31.8992    1438.87  0.000e+00
     65.714   62.38978 -174.56960    -1.5252    31.8989    1438.87  0.000e+00
     65.768   62.38978 -174.56960    -1.5253    31.8991    1438.87  0.000e+00
     65.698   62.38978 -174.56960    -1.5249    31.8992    1438.87  0.000e+00
     65.714   62.38978 -174.56960    -1.5251    31.8991    1438.87  0.000e+00
     65.652   62.38978 -174.56960    -1.5249    31.8992    1438.87  0.000e+00
     65.698   62.38978 -174.56960    -1.5252    31.8993    1438.87  0.000e+00
     65.714   62.38978 -174.56960    -1.5251    31.8988    1438.87  0.000e+00
     65.652   62.38978 -174.56960    -1.5252    31.8994    1438.87  0.000e+00
     65.644   62.38978 -174.56960    -1.5249    31.8991    1438.87  0.000e+00
     65.652   62.38978 -174.56960    -1.5250    31.8991    1438.87  0.000e+00
     65.598   62.38978 -174.56960    -1.5249    31.8993    1438.87  0.000e+00
     65.644   62.38978 -174.56960    -1.5251    31.8992    1438.87  0.000e+00
     65.598   62.38976 -174.56960    -1.5250    31.8993    1438.87  0.000e+00
     65.598   62.38976 -174.56960    -1.5249    31.8993    1438.87  0.000e+00
     65.583   62.38976 -174.56960    -1.5251    31.8992    1438.87  0.000e+00
     65.536   62.38976 -174.56960    -1.5248    31.8989    1438.87  0.000e+00
     65.536   62.38976 -174.56960    -1.5250    31.8994    1438.87  0.000e+00
     65.583   62.38976 -174.56960    -1.5249    31.8991    1438.87  0.000e+00
     65.482   62.38976 -174.56960    -1.5249    31.8989    1438.87  0.000e+00
     65.536   62.38976 -174.56960    -1.5248    31.8988    1438.87  0.000e+00
     65.467   62.38976 -174.56960    -1.5252    31.8991    1438.87  0.000e+00
     65.482   62.38976 -174.56960    -1.5249    31.8990    1438.87  0.000e+00
     65.482   62.38976 -174.56960    -1.5249    31.8991    1438.87  0.000e+00
     65.413   62.38976 -174.56960    -1.5251    31.8995    1438.87  0.000e+00
     65.428   62.38976 -174.56960    -1.5248    31.8989    1438.87  0.000e+00
     65.428   62.38976 -174.56960    -1.5251    31.8990    1438.87  0.000e+00
     65.413   62.38976 -174.56960    -1.5249    31.8991    1438.87  0.000e+00
     65.366   62.38976 -174.56960    -1.5253    31.8998    1438.87  0.000e+00
     65.366   62.38976 -174.56960    -1.5251    31.8994    1438.87  0.000e+00
     65.359   62.38976 -174.56960    -1.5251    31.8995    1438.87  0.000e+00
     65.312   62.38976 -174.56960    -1.5249    31.8986    1438.87  0.000e+00
     65.312   62.38976 -174.56960    -1.5252    31.8993    1438.87  0.000e+00
     65.359   62.38976 -174.56960    -1.5249    31.8989    1438.87  0.000e+00
     65.251   62.38976 -174.56960    -1.5251    31.8993    1438.87  0.000e+00
     65.312   62.38976 -174.56960    -1.5251    31.8993    1438.87  0.000e+00
     65.251   62.38976 -174.56960    -1.5248    31.8989    1438.87  0.000e+00
     65.243   62.38976 -174.56960    -1.5245    31.8991    1438.87  0.000e+00
     65.197   62.38976 -174.56960    -1.5242    31.8993    1438.87  0.000e+00
     65.251   62.38976 -174.56960    -1.5243    31.8990    1438.87  0.000e+00
     65.181   62.38976 -174.56960    -1.5245    31.8992    1438.87  0.000e+00
     65.197   62.38976 -174.56960    -1.5247    31.8994    1438.87  0.000e+00
     65.135   62.38976 -174.56960    -1.5247    31.8994    1438.87  0.000e+00
     65.181   62.38976 -174.56960    -1.5247    31.8991    1438.87  0.000e+00
     65.135   62.38976 -174.56960    -1.5248    31.8994    1438.86  0.000e+00
     65.081   62.38976 -174.56960    -1.5251    31.8993    1438.86  0.000e+00
     65.127   62.38976 -174.56960    -1.5249    31.8992    1438.86  0.000e+00
     65.135   62.38976 -174.56960    -1.5247    31.8987    1438.86  0.000e+00
     65.081   62.38976 -174.56960    -1.5249    31.8992    1438.86  0.000e+00
     65.065   62.38976 -174.56960    -1.5248    31.8989    1438.86  0.000e+00
     65.019   62.38976 -174.56960    -1.5252    31.8996    1438.86  0.000e+00
     65.081   62.38976 -174.56960    -1.5248    31.8990    1438.86  0.000e+00
     65.011   62.38976 -174.56960    -1.5249    31.8995    1438.86  0.000e+00
     65.081   62.38976 -174.56960    -1.5248    31.8990    1438.86  0.000e+00
     65.019   62.38976 -174.56960    -1.5249    31.8995    1438.86  0.000e+00
     65.011   62.38976 -174.56960    -1.5245    31.8990    1438.86  0.000e+00
     64.965   62.38976 -174.56960    -1.5247    31.8995    1438.86  0.000e+00
     65.019   62.38976 -174.56960    -1.5245    31.8992    1438.86  0.000e+00
     64.965   62.38976 -174.56960    -1.5245    31.8995    1438.86  0.000e+00
     64.957   62.38976 -174.56960    -1.5247    31.8995    1438.86  0.000e+00
     64.965   62.38976 -174.56960    -1.5245    31.8994    1438.86  0.000e+00
     64.965   62.38976 -174.56960    -1.5243    31.8991    1438.86  0.000e+00
     64.957   62.38978 -174.56960    -1.5243    31.8994    1438.86  0.000e+00
     64.965   62.38978 -174.56960    -1.5242    31.8992    1438.86  0.000e+00
     64.911   62.38978 -174.56960    -1.5238    31.8991    1438.87  0.000e+00
     64.957   62.38978 -174.56960    -1.5242    31.8992    1438.86  0.000e+00
     64.965   62.38978 -174.56960    -1.5239    31.8989    1438.87  0.000e+00
     64.911   62.38978 -174.56960    -1.5240    31.8992    1438.86  0.000e+00
     64.895   62.38978 -174.56960    -1.5237    31.8990    1438.87  0.000e+00
     64.911   62.38978 -174.56960    -1.5238    31.8988    1438.87  0.000e+00
     64.911   62.38978 -174.56960    -1.5237    31.8989    1438.87  0.000e+00
     64.957   62.38978 -174.56960    -1.5237    31.8986    1438.87  0.000e+00
     64.911   62.38978 -174.56960    -1.5236    31.8983    1438.87  0.000e+00
     64.911   62.38978 -174.56960    -1.5236    31.8987    1438.87  0.000e+00
     64.911   62.38978 -174.56960    -1.5236    31.8984    1438.87  0.000e+00
     64.895   62.38978 -174.56960    -1.5236    31.8991    1438.87  0.000e+00
     64.911   62.38978 -174.56960    -1.5238    31.8993    1438.87  0.000e+00
     64.911   62.38978 -174.56960    -1.5233    31.8988    1438.87  0.000e+00
     64.895   62.38978 -174.56960    -1.5234    31.8990    1438.87  0.000e+00
     64.911   62.38978 -174.56960    -1.5231    31.8988    1438.87  0.000e+00
     64.965   62.38978 -174.56960    -1.5224    31.8983    1438.87  0.000e+00
     64.895   62.38978 -174.56960    -1.5225    31.8985    1438.87  0.000e+00
     64.911   62.38978 -174.56960    -1.5225    31.8985    1438.87  0.000e+00
     64.911   62.38978 -174.56960    -1.5226    31.8987    1438.87  0.000e+00
