EcoFOCI/data/1_SampleCollection/2023_SikuliaqDBO_CruiseData/CTD_raw_BottleFile_SKQ23-12S/proc/skq202312s_018.ros
* Sea-Bird SBE 9 Data File:
* FileName = D:\CTD\SKQ202312S\SKQ202312S_018.hex
* Software Version Seasave V 7.26.7.121
* Temperature SN = 6177
* Conductivity SN = 0369
* Number of Bytes Per Scan = 41
* Number of Voltage Words = 4
* Number of Scans Averaged by the Deck Unit = 1
* NMEA Latitude = 64 40.12 N
* NMEA Longitude = 168 14.25 W
* NMEA UTC (Time) = Sep 17 2023  18:54:46
* NMEA baud rate = 4800
** Ship: R/V Sikuliaq
** Station Number: 018
** Station Name: DBO2.3
** Bottom Depth: 38
** Operator: SD
# nquan = 22
# nvalues = 784                                   
# units = specified
# name 0 = depSM: Depth [salt water, m]
# name 1 = latitude: Latitude [deg]
# name 2 = longitude: Longitude [deg]
# name 3 = prDM: Pressure, Digiquartz [db]
# name 4 = t090C: Temperature [ITS-90, deg C]
# name 5 = t190C: Temperature, 2 [ITS-90, deg C]
# name 6 = potemp090C: Potential Temperature [ITS-90, deg C]
# name 7 = sal00: Salinity, Practical [PSU]
# name 8 = sal11: Salinity, Practical, 2 [PSU]
# name 9 = density00: Density [density, kg/m^3]
# name 10 = sigma-é00: Density [sigma-theta, kg/m^3]
# name 11 = sbox0Mm/Kg: Oxygen, SBE 43 [umol/kg]
# name 12 = sbox1Mm/Kg: Oxygen, SBE 43, 2 [umol/kg]
# name 13 = oxsolMm/Kg: Oxygen Saturation, Garcia & Gordon [umol/kg]
# name 14 = sbeox0PS: Oxygen, SBE 43 [% saturation]
# name 15 = v0: Voltage 0
# name 16 = flECO-AFL: Fluorescence, WET Labs ECO-AFL/FL [mg/m^3]
# name 17 = CStarAt0: Beam Attenuation, WET Labs C-Star [1/m]
# name 18 = par: PAR/Irradiance, Biospherical/Licor
# name 19 = scan: Scan Count
# name 20 = nbf: Bottles Fired
# name 21 = flag:  0.000e+00
# interval = seconds: 0.0416667
# start_time = Sep 17 2023 18:58:23 [NMEA time, first data scan]
# bad_flag = -9.990e-29
*END*
[from data line 330]
     20.935   64.66896 -168.23702     21.143     5.9467     5.9553     5.9450    31.8193    31.8292  1025.1444    25.0467    292.581    277.934  307.81298     95.051     0.3455     1.7253     0.8050 3.8548e+00       9036          7  0.000e+00
     20.904   64.66896 -168.23702     21.112     5.9470     5.9545     5.9453    31.8196    31.8293  1025.1445    25.0469    292.580    277.951  307.81009     95.052     0.3455     1.7253     0.8050 3.8548e+00       9037          7  0.000e+00
     20.935   64.66896 -168.23702     21.143     5.9477     5.9561     5.9461    31.8194    31.8279  1025.1444    25.0466    292.581    277.962  307.80504     95.054     0.3468     1.7326     0.8063 3.8548e+00       9038          7  0.000e+00
     20.935   64.66896 -168.23702     21.143     5.9485     5.9576     5.9469    31.8191    31.8267  1025.1440    25.0462    292.581    277.977  307.80003     95.056     0.3455     1.7253     0.8050 3.8548e+00       9039          7  0.000e+00
     20.842   64.66896 -168.23702     21.049     5.9484     5.9583     5.9467    31.8191    31.8265  1025.1436    25.0463    292.754    277.999  307.80105     95.111     0.3553     1.7839     0.8063 3.8548e+00       9040          7  0.000e+00
     20.935   64.66896 -168.23702     21.143     5.9484     5.9572     5.9467    31.8187    31.8271  1025.1437    25.0460    292.792    277.865  307.80185     95.124     0.3687     1.8645     0.8050 3.8548e+00       9041          7  0.000e+00
     20.881   64.66896 -168.23702     21.088     5.9479     5.9548     5.9462    31.8187    31.8281  1025.1435    25.0461    292.631    277.881  307.80550     95.070     0.3700     1.8718     0.8050 3.8660e+00       9042          7  0.000e+00
     20.842   64.66896 -168.23702     21.049     5.9477     5.9542     5.9461    31.8192    31.8280  1025.1438    25.0464    292.834    277.892  307.80554     95.136     0.3700     1.8718     0.8050 3.8660e+00       9043          7  0.000e+00
     20.881   64.66896 -168.23702     21.088     5.9489     5.9542     5.9472    31.8191    31.8272  1025.1437    25.0462    292.833    277.909  307.79764     95.138     0.3687     1.8645     0.8050 3.8660e+00       9044          7  0.000e+00
     20.881   64.66896 -168.23702     21.088     5.9497     5.9530     5.9480    31.8192    31.8280  1025.1437    25.0462    292.860    277.934  307.79151     95.149     0.3700     1.8718     0.8063 3.8884e+00       9045          7  0.000e+00
     20.788   64.66896 -168.23702     20.995     5.9497     5.9524     5.9480    31.8193    31.8286  1025.1433    25.0463    292.664    277.959  307.79141     95.085     0.3687     1.8645     0.8050 3.8884e+00       9046          7  0.000e+00
     20.819   64.66896 -168.23702     21.026     5.9497     5.9528     5.9480    31.8192    31.8284  1025.1434    25.0462    292.612    277.968  307.79153     95.068     0.3700     1.8718     0.8063 3.8997e+00       9047          7  0.000e+00
     20.819   64.66896 -168.23702     21.026     5.9489     5.9532     5.9472    31.8195    31.8282  1025.1438    25.0466    292.623    277.981  307.79671     95.070     0.3687     1.8645     0.8063 3.9110e+00       9048          7  0.000e+00
     20.994   64.66896 -168.23702     21.202     5.9602     5.9676     5.9585    31.8204    31.8306  1025.1439    25.0459    292.841    279.030  307.71317     95.167     0.3443     1.7179     0.8139 3.8103e+00       9183          8  0.000e+00
     21.048   64.66896 -168.23702     21.257     5.9612     5.9728     5.9595    31.8200    31.8273  1025.1437    25.0455    292.856    279.169  307.70694     95.174     0.3443     1.7179     0.8126 3.8103e+00       9184          8  0.000e+00
     21.009   64.66896 -168.23702     21.218     5.9636     5.9728     5.9619    31.8183    31.8270  1025.1419    25.0438    292.860    279.174  307.69372     95.179     0.3443     1.7179     0.8139 3.8103e+00       9185          8  0.000e+00
     20.932   64.66896 -168.23702     21.140     5.9646     5.9719     5.9630    31.8182    31.8268  1025.1413    25.0436    292.869    279.183  307.68622     95.184     0.3443     1.7179     0.8126 3.8214e+00       9186          8  0.000e+00
     20.994   64.66896 -168.23702     21.202     5.9651     5.9732     5.9635    31.8181    31.8265  1025.1415    25.0435    292.887    279.180  307.68258     95.191     0.3443     1.7179     0.8126 3.8325e+00       9187          8  0.000e+00
     21.009   64.66896 -168.23702     21.218     5.9642     5.9762     5.9625    31.8183    31.8279  1025.1418    25.0437    292.915    279.158  307.68923     95.198     0.3455     1.7253     0.8126 3.8325e+00       9188          8  0.000e+00
     20.932   64.66896 -168.23702     21.140     5.9626     5.9792     5.9609    31.8187    31.8286  1025.1420    25.0443    292.746    279.151  307.69967     95.140     0.3443     1.7179     0.8126 3.8436e+00       9189          8  0.000e+00
     20.932   64.66896 -168.23702     21.140     5.9612     5.9792     5.9595    31.8189    31.8288  1025.1423    25.0445    292.720    279.169  307.70924     95.129     0.3443     1.7179     0.8126 3.8548e+00       9190          8  0.000e+00
     20.955   64.66896 -168.23702     21.163     5.9605     5.9759     5.9588    31.8190    31.8282  1025.1426    25.0448    293.114    279.212  307.71401     95.255     0.3455     1.7253     0.8139 3.8660e+00       9191          8  0.000e+00
     20.932   64.66896 -168.23702     21.140     5.9610     5.9697     5.9593    31.8193    31.8287  1025.1427    25.0449    292.929    279.430  307.70967     95.197     0.3443     1.7179     0.8139 3.8772e+00       9192          8  0.000e+00
     20.932   64.66896 -168.23702     21.140     5.9636     5.9645     5.9619    31.8178    31.8282  1025.1412    25.0435    292.932    279.305  307.69468     95.202     0.3504     1.7546     0.8126 3.8772e+00       9193          8  0.000e+00
     20.901   64.66896 -168.23702     21.109     5.9634     5.9614     5.9617    31.8176    31.8277  1025.1408    25.0433    292.951    279.339  307.69637     95.208     0.3626     1.8278     0.8139 3.8884e+00       9194          8  0.000e+00
     20.932   64.66896 -168.23702     21.140     5.9614     5.9594     5.9597    31.8180    31.8283  1025.1416    25.0438    293.183    279.366  307.70977     95.279     0.3675     1.8571     0.8139 3.8997e+00       9195          8  0.000e+00
     20.878   64.66896 -168.23702     21.085     5.9602     5.9614     5.9585    31.8186    31.8283  1025.1419    25.0445    293.037    279.342  307.71721     95.229     0.3675     1.8571     0.8088 3.9110e+00       9196          8  0.000e+00
     20.901   64.66896 -168.23702     21.108     5.9607     5.9672     5.9590    31.8199    31.8275  1025.1430    25.0454    292.990    279.313  307.71058     95.216     0.3663     1.8498     0.8063 3.9110e+00       9197          8  0.000e+00
     20.878   64.66896 -168.23702     21.085     5.9643     5.9706     5.9627    31.8194    31.8277  1025.1421    25.0446    292.751    279.296  307.68563     95.146     0.3663     1.8498     0.8063 3.9224e+00       9198          8  0.000e+00
     20.816   64.66896 -168.23702     21.023     5.9675     5.9732     5.9658    31.8195    31.8282  1025.1415    25.0443    292.712    279.264  307.66253     95.140     0.3663     1.8498     0.8063 3.9452e+00       9199          8  0.000e+00
     20.839   64.66896 -168.23702     21.046     5.9691     5.9767     5.9675    31.8214    31.8280  1025.1429    25.0456    292.684    279.247  307.64640     95.137     0.3663     1.8498     0.8063 3.9681e+00       9200          8  0.000e+00
     20.878   64.66896 -168.23700     21.085     5.9727     5.9792     5.9710    31.8205    31.8279  1025.1419    25.0444    292.650    279.236  307.62326     95.133     0.3663     1.8498     0.8063 3.9681e+00       9201          8  0.000e+00
     20.762   64.66896 -168.23700     20.968     5.9742     5.9779     5.9726    31.8199    31.8278  1025.1408    25.0438    293.020    279.247  307.61305     95.256     0.3675     1.8571     0.8063 4.0027e+00       9202          8  0.000e+00
     20.839   64.66896 -168.23700     21.046     5.9738     5.9753     5.9721    31.8186    31.8272  1025.1401    25.0428    292.483    279.256  307.61945     95.080     0.3663     1.8498     0.8063 4.0143e+00       9203          8  0.000e+00
     20.762   64.66896 -168.23700     20.968     5.9700     5.9722     5.9683    31.8183    31.8273  1025.1400    25.0430    292.839    279.277  307.64774     95.187     0.3675     1.8571     0.8063 4.0143e+00       9204          8  0.000e+00
     20.762   64.66896 -168.23700     20.968     5.9684     5.9694     5.9667    31.8187    31.8272  1025.1405    25.0435    292.840    279.300  307.65825     95.184     0.3663     1.8498     0.8063 4.0493e+00       9205          8  0.000e+00
     20.723   64.66896 -168.23700     20.929     5.9691     5.9670     5.9675    31.8181    31.8275  1025.1398    25.0430    292.822    279.317  307.65391     95.179     0.3675     1.8571     0.8063 4.0610e+00       9206          8  0.000e+00
     20.762   64.66896 -168.23700     20.968     5.9701     5.9643     5.9684    31.8169    31.8282  1025.1388    25.0419    292.806    279.337  307.64983     95.175     0.3663     1.8498     0.8063 4.0610e+00       9207          8  0.000e+00
     20.700   64.66896 -168.23700     20.906     5.9680     5.9635     5.9664    31.8173    31.8275  1025.1391    25.0425    292.805    279.342  307.66398     95.170     0.3675     1.8571     0.8063 4.0964e+00       9208          8  0.000e+00
     20.723   64.66896 -168.23700     20.929     5.9655     5.9635     5.9638    31.8175    31.8277  1025.1397    25.0430    292.839    279.342  307.68186     95.176     0.3663     1.8498     0.8063 4.1202e+00       9209          8  0.000e+00
     20.700   64.66896 -168.23700     20.906     5.9640     5.9638     5.9624    31.8177    31.8280  1025.1399    25.0433    292.833    279.317  307.69175     95.171     0.3675     1.8571     0.8063 4.1202e+00       9210          8  0.000e+00
     20.646   64.66896 -168.23700     20.851     5.9633     5.9633     5.9616    31.8182    31.8279  1025.1402    25.0438    292.819    279.316  307.69600     95.165     0.3663     1.8498     0.8063 4.1441e+00       9211          8  0.000e+00
     20.669   64.66896 -168.23700     20.874     5.9616     5.9624     5.9599    31.8190    31.8283  1025.1411    25.0446    292.814    279.141  307.70645     95.160     0.3675     1.8571     0.8063 4.1681e+00       9212          8  0.000e+00
     20.646   64.66896 -168.23700     20.851     5.9599     5.9642     5.9582    31.8173    31.8292  1025.1399    25.0435    292.840    279.084  307.72232     95.164     0.3675     1.8571     0.8063 4.1681e+00       9213          8  0.000e+00
     20.592   64.66896 -168.23700     20.796     5.9575     5.9675     5.9558    31.8184    31.8294  1025.1408    25.0446    292.864    279.035  307.73709     95.167     0.3663     1.8498     0.8063 4.1923e+00       9214          8  0.000e+00
     20.669   64.66896 -168.23700     20.874     5.9591     5.9708     5.9574    31.8190    31.8288  1025.1414    25.0449    292.865    278.815  307.72449     95.171     0.3675     1.8571     0.8063 4.2166e+00       9215          8  0.000e+00
     20.592   64.66896 -168.23700     20.796     5.9598     5.9724     5.9581    31.8196    31.8283  1025.1414    25.0453    293.033    278.761  307.71784     95.228     0.3663     1.8498     0.8063 4.2044e+00       9216          8  0.000e+00
     20.592   64.66896 -168.23700     20.796     5.9599     5.9711     5.9582    31.8195    31.8280  1025.1414    25.0452    292.872    278.712  307.71732     95.176     0.3675     1.8571     0.8063 4.2411e+00       9217          8  0.000e+00
     20.553   64.66896 -168.23700     20.757     5.9592     5.9695     5.9576    31.8203    31.8268  1025.1419    25.0459    292.882    278.685  307.72029     95.178     0.3663     1.8498     0.8075 4.2780e+00       9218          8  0.000e+00
     20.530   64.66896 -168.23700     20.734     5.9602     5.9675     5.9586    31.8199    31.8273  1025.1413    25.0455    292.853    278.659  307.71423     95.171     0.3590     1.8058     0.8063 4.2904e+00       9219          8  0.000e+00
     20.530   64.66896 -168.23700     20.734     5.9609     5.9672     5.9593    31.8202    31.8284  1025.1415    25.0456    292.854    278.621  307.70844     95.173     0.3529     1.7692     0.8075 4.3028e+00       9220          8  0.000e+00
     20.499   64.66896 -168.23700     20.703     5.9623     5.9686     5.9606    31.8201    31.8280  1025.1411    25.0454    292.850    278.573  307.69875     95.174     0.3529     1.7692     0.8075 4.3277e+00       9221          8  0.000e+00
     20.476   64.66896 -168.23700     20.679     5.9633     5.9689     5.9616    31.8184    31.8285  1025.1395    25.0439    293.050    278.533  307.69564     95.240     0.3541     1.7765     0.8075 4.3277e+00       9222          8  0.000e+00
     20.530   64.66896 -168.23700     20.734     5.9624     5.9672     5.9608    31.8175    31.8286  1025.1392    25.0433    292.897    278.511  307.70347     95.188     0.3529     1.7692     0.8063 4.3528e+00       9223          8  0.000e+00
     20.499   64.66896 -168.23700     20.703     5.9608     5.9649     5.9591    31.8174    31.8279  1025.1392    25.0435    292.914    278.492  307.71578     95.190     0.3541     1.7765     0.8063 4.3780e+00       9224          8  0.000e+00
     20.476   64.66896 -168.23700     20.679     5.9591     5.9633     5.9574    31.8184    31.8275  1025.1400    25.0444    292.901    278.488  307.72575     95.182     0.3529     1.7692     0.8075 4.4033e+00       9225          8  0.000e+00
     20.414   64.66896 -168.23700     20.617     5.9592     5.9617     5.9576    31.8190    31.8280  1025.1402    25.0449    292.901    278.464  307.72317     95.183     0.3541     1.7765     0.8075 4.4033e+00       9226          8  0.000e+00
     20.476   64.66896 -168.23700     20.679     5.9592     5.9603     5.9576    31.8185    31.8283  1025.1401    25.0445    292.909    278.265  307.72445     95.185     0.3529     1.7692     0.8075 4.4416e+00       9227          8  0.000e+00
     20.383   64.66896 -168.23700     20.586     5.9584     5.9597     5.9567    31.8186    31.8283  1025.1399    25.0447    292.916    278.218  307.73039     95.186     0.3541     1.7765     0.8075 4.4545e+00       9228          8  0.000e+00
     20.414   64.66896 -168.23700     20.617     5.9581     5.9586     5.9565    31.8187    31.8283  1025.1401    25.0448    293.121    278.198  307.73198     95.252     0.3529     1.7692     0.8075 4.4545e+00       9229          8  0.000e+00
     20.414   64.66896 -168.23700     20.617     5.9585     5.9583     5.9568    31.8188    31.8276  1025.1401    25.0448    293.318    278.157  307.72921     95.317     0.3541     1.7765     0.8075 4.4803e+00       9230          8  0.000e+00
     20.322   64.66896 -168.23700     20.523     5.9589     5.9579     5.9573    31.8188    31.8280  1025.1396    25.0447    292.380    278.112  307.72601     95.013     0.3529     1.7692     0.8075 4.5062e+00       9231          8  0.000e+00
     20.875   64.66894 -168.23700     21.083     5.9965     5.9867     5.9948    31.8186    31.8265  1025.1376    25.0401    292.701    278.971  307.45638     95.201     0.3602     1.8132     0.8101 3.9224e+00       9327          9  0.000e+00
     20.875   64.66894 -168.23700     21.083     5.9956     5.9854     5.9940    31.8193    31.8266  1025.1382    25.0408    292.695    279.113  307.46058     95.198     0.3590     1.8058     0.8101 3.9224e+00       9328          9  0.000e+00
     20.760   64.66894 -168.23700     20.966     5.9958     5.9846     5.9942    31.8182    31.8272  1025.1368    25.0399    292.708    278.910  307.46159     95.202     0.3590     1.8058     0.8101 3.9224e+00       9329          9  0.000e+00
