EcoFOCI/data/1_SampleCollection/2023_SikuliaqDBO_CruiseData/CTD_raw_BottleFile_SKQ23-12S/proc/skq202312s_005.cnv
* Sea-Bird SBE 9 Data File:
* FileName = D:\CTD\SKQ202312S\SKQ202312S_005.hex
* Software Version Seasave V 7.26.7.121
* Temperature SN = 6177
* Conductivity SN = 0369
* Number of Bytes Per Scan = 41
* Number of Voltage Words = 4
* Number of Scans Averaged by the Deck Unit = 1
* NMEA Latitude = 62 23.39 N
* NMEA Longitude = 174 34.17 W
* NMEA UTC (Time) = Sep 15 2023  22:10:54
* NMEA baud rate = 4800
** Ship: R/V Sikuliaq
** Station Number: 005
** Station Name: DBO1.4
** Bottom Depth: 70
** Operator: SD
# nquan = 24
# nvalues = 8201                                  
# units = specified
# name 0 = depSM: Depth [salt water, m]
# name 1 = latitude: Latitude [deg]
# name 2 = longitude: Longitude [deg]
# name 3 = prDM: Pressure, Digiquartz [db]
# name 4 = t090C: Temperature [ITS-90, deg C]
# name 5 = t190C: Temperature, 2 [ITS-90, deg C]
# name 6 = potemp090C: Potential Temperature [ITS-90, deg C]
# name 7 = sal00: Salinity, Practical [PSU]
# name 8 = sal11: Salinity, Practical, 2 [PSU]
# name 9 = density00: Density [density, kg/m^3]
# name 10 = sigma-é00: Density [sigma-theta, kg/m^3]
# name 11 = sbox0Mm/Kg: Oxygen, SBE 43 [umol/kg]
# name 12 = sbox1Mm/Kg: Oxygen, SBE 43, 2 [umol/kg]
# name 13 = oxsolMm/Kg: Oxygen Saturation, Garcia & Gordon [umol/kg]
# name 14 = sbeox0PS: Oxygen, SBE 43 [% saturation]
# name 15 = sbeox1PS: Oxygen, SBE 43, 2 [% saturation]
# name 16 = v0: Voltage 0
# name 17 = flECO-AFL: Fluorescence, WET Labs ECO-AFL/FL [mg/m^3]
# name 18 = v1: Voltage 1
# name 19 = CStarAt0: Beam Attenuation, WET Labs C-Star [1/m]
# name 20 = par: PAR/Irradiance, Biospherical/Licor
# name 21 = scan: Scan Count
# name 22 = timeM: Time, Elapsed [minutes]
# name 23 = flag:  0.000e+00
# span 0 =      1.585,     65.999                 
# span 1 =   62.38976,   62.38978                 
# span 2 = -174.56960, -174.56958                 
# span 3 =      1.600,     66.650                 
# span 4 =    -1.5350,     7.8557                 
# span 5 =    -1.5339,     7.8588                 
# span 6 =    -1.5357,     7.8556                 
# span 7 =    30.9756,    31.9002                 
# span 8 =    30.9875,    31.9107                 
# span 9 =  1024.1450,  1025.9767                 
# span 10 =    24.1358,    25.6551                
# span 11 =    279.759,    432.005                
# span 12 =    267.699,    386.650                
# span 13 =  296.41069,  371.39393                
# span 14 =     75.330,    120.021                
# span 15 =     72.094,    107.092                
# span 16 =     0.0537,     0.2442                
# span 17 =    -0.0257,     1.1172                
# span 18 =     3.5971,     4.2589                
# span 19 =     0.4048,     1.0805                
# span 20 = 1.0000e-12, 2.2569e+02                
# span 21 =          1,       8201                
# span 22 =     0.0000,     5.6944                
# span 23 = 0.0000e+00, 0.0000e+00                
# interval = seconds: 0.0416667
# start_time = Sep 15 2023 22:14:11 [NMEA time, first data scan]
# bad_flag = -9.990e-29
*END*
[from data line 5012]
     61.521   62.38978 -174.56960     62.127    -1.5271    -1.5254    -1.5281    31.8967    31.9083  1025.9527    25.6524    283.774    271.213  371.26106     76.435     73.062     0.0757     0.1062     3.6789     0.9905 7.5944e-02       5013     3.4806  0.000e+00
     61.590   62.38978 -174.56960     62.197    -1.5271    -1.5252    -1.5281    31.8966    31.9081  1025.9529    25.6523    283.825    271.204  371.26130     76.449     73.059     0.0745     0.0989     3.6789     0.9905 7.4310e-02       5014     3.4813  0.000e+00
     61.590   62.38978 -174.56960     62.197    -1.5270    -1.5251    -1.5280    31.8963    31.9079  1025.9526    25.6520    283.871    271.190  371.26126     76.461     73.056     0.0745     0.0989     3.6789     0.9905 7.1083e-02       5015     3.4819  0.000e+00
     61.590   62.38978 -174.56960     62.197    -1.5269    -1.5254    -1.5280    31.8964    31.9083  1025.9527    25.6521    283.914    271.179  371.26036     76.473     73.053     0.0733     0.0916     3.6789     0.9905 7.0550e-02       5016     3.4826  0.000e+00
     61.521   62.38978 -174.56960     62.127    -1.5269    -1.5254    -1.5280    31.8962    31.9085  1025.9523    25.6520    284.163    271.161  371.26074     76.540     73.048     0.0745     0.0989     3.6789     0.9905 6.9490e-02       5017     3.4833  0.000e+00
     61.590   62.38978 -174.56960     62.197    -1.5269    -1.5252    -1.5280    31.8961    31.9082  1025.9525    25.6519    283.676    271.378  371.26099     76.409     73.107     0.0733     0.0916     3.6789     0.9905 6.6864e-02       5018     3.4840  0.000e+00
     61.590   62.38978 -174.56960     62.197    -1.5268    -1.5255    -1.5279    31.8963    31.9081  1025.9527    25.6520    283.868    271.394  371.25997     76.461     73.110     0.0745     0.0989     3.6789     0.9905 6.6343e-02       5019     3.4847  0.000e+00
     61.528   62.38978 -174.56960     62.135    -1.5269    -1.5255    -1.5280    31.8960    31.9083  1025.9521    25.6518    283.896    271.171  371.26150     76.468     73.050     0.0733     0.0916     3.6789     0.9905 6.6864e-02       5020     3.4854  0.000e+00
     61.636   62.38978 -174.56960     62.244    -1.5269    -1.5254    -1.5280    31.8958    31.9077  1025.9525    25.6516    283.928    271.383  371.26194     76.476     73.107     0.0745     0.0989     3.6789     0.9905 7.1083e-02       5021     3.4861  0.000e+00
     61.528   62.38978 -174.56960     62.135    -1.5272    -1.5254    -1.5283    31.8965    31.9079  1025.9525    25.6522    283.950    271.155  371.26351     76.482     73.046     0.0733     0.0916     3.6789     0.9905 7.2689e-02       5022     3.4868  0.000e+00
     61.528   62.38978 -174.56960     62.135    -1.5272    -1.5255    -1.5283    31.8966    31.9076  1025.9526    25.6522    283.973    271.360  371.26326     76.488     73.101     0.0745     0.0989     3.6789     0.9905 7.2152e-02       5023     3.4875  0.000e+00
     61.590   62.38978 -174.56960     62.197    -1.5274    -1.5256    -1.5284    31.8962    31.9077  1025.9526    25.6520    283.998    271.366  371.26541     76.495     73.102     0.0745     0.0989     3.6789     0.9905 6.6864e-02       5024     3.4882  0.000e+00
     61.521   62.38978 -174.56960     62.127    -1.5271    -1.5257    -1.5281    31.8960    31.9077  1025.9521    25.6518    284.012    271.364  371.26306     76.499     73.102     0.0733     0.0916     3.6789     0.9905 6.3762e-02       5025     3.4889  0.000e+00
     61.590   62.38978 -174.56960     62.197    -1.5272    -1.5255    -1.5283    31.8963    31.9076  1025.9526    25.6520    283.980    271.165  371.26412     76.490     73.048     0.0745     0.0989     3.6789     0.9905 6.4275e-02       5026     3.4896  0.000e+00
     61.528   62.38978 -174.56960     62.135    -1.5271    -1.5255    -1.5281    31.8959    31.9078  1025.9520    25.6517    283.990    271.359  371.26357     76.493     73.101     0.0733     0.0916     3.6789     0.9905 7.3768e-02       5027     3.4903  0.000e+00
     61.590   62.38978 -174.56960     62.197    -1.5271    -1.5257    -1.5281    31.8960    31.9079  1025.9524    25.6518    284.002    271.357  371.26318     76.496     73.100     0.0745     0.0989     3.6838     0.9852 7.9810e-02       5028     3.4910  0.000e+00
     61.474   62.38978 -174.56960     62.080    -1.5269    -1.5252    -1.5280    31.8960    31.9073  1025.9518    25.6518    284.005    271.144  371.26153     76.497     73.043     0.0745     0.0989     3.6850     0.9839 8.0929e-02       5029     3.4917  0.000e+00
     61.575   62.38978 -174.56960     62.182    -1.5272    -1.5252    -1.5283    31.8964    31.9071  1025.9527    25.6522    284.017    271.373  371.26359     76.500     73.105     0.0745     0.0989     3.6850     0.9839 6.5824e-02       5030     3.4924  0.000e+00
     61.528   62.38978 -174.56960     62.135    -1.5269    -1.5250    -1.5280    31.8964    31.9071  1025.9524    25.6521    284.016    271.359  371.26025     76.501     73.101     0.0745     0.0989     3.6850     0.9839 5.4276e-02       5031     3.4931  0.000e+00
     61.528   62.38978 -174.56960     62.135    -1.5269    -1.5251    -1.5280    31.8961    31.9075  1025.9522    25.6518    284.019    271.381  371.26125     76.501     73.107     0.0745     0.0989     3.6838     0.9852 5.2342e-02       5032     3.4937  0.000e+00
     61.590   62.38978 -174.56960     62.197    -1.5266    -1.5250    -1.5277    31.8958    31.9072  1025.9522    25.6516    284.020    271.403  371.25925     76.502     73.113     0.0733     0.0916     3.6838     0.9852 5.6723e-02       5033     3.4944  0.000e+00
     61.521   62.38978 -174.56960     62.127    -1.5265    -1.5248    -1.5276    31.8958    31.9067  1025.9519    25.6516    284.014    271.419  371.25809     76.500     73.118     0.0745     0.0989     3.6838     0.9852 6.1216e-02       5034     3.4951  0.000e+00
     61.528   62.38978 -174.56960     62.135    -1.5268    -1.5250    -1.5279    31.8961    31.9068  1025.9522    25.6518    284.012    271.438  371.26008     76.499     73.123     0.0733     0.0916     3.6838     0.9852 6.2230e-02       5035     3.4958  0.000e+00
     61.528   62.38978 -174.56960     62.135    -1.5264    -1.5251    -1.5275    31.8957    31.9070  1025.9519    25.6515    284.056    271.456  371.25770     76.512     73.127     0.0733     0.0916     3.6838     0.9852 6.1722e-02       5036     3.4965  0.000e+00
     61.528   62.38978 -174.56960     62.135    -1.5268    -1.5252    -1.5279    31.8962    31.9071  1025.9523    25.6519    284.051    271.438  371.25971     76.510     73.122     0.0757     0.1062     3.6838     0.9852 6.1216e-02       5037     3.4972  0.000e+00
     61.521   62.38978 -174.56960     62.127    -1.5264    -1.5255    -1.5275    31.8957    31.9072  1025.9518    25.6515    284.301    271.221  371.25717     76.578     73.063     0.0769     0.1135     3.6838     0.9852 6.0711e-02       5038     3.4979  0.000e+00
     61.474   62.38978 -174.56960     62.080    -1.5263    -1.5257    -1.5274    31.8960    31.9071  1025.9519    25.6518    284.336    271.432  371.25556     76.588     73.119     0.0781     0.1209     3.6838     0.9852 6.0208e-02       5039     3.4986  0.000e+00
     61.528   62.38978 -174.56960     62.135    -1.5262    -1.5257    -1.5272    31.8955    31.9070  1025.9517    25.6514    284.371    271.445  371.25534     76.597     73.123     0.0769     0.1135     3.6838     0.9852 5.8706e-02       5040     3.4993  0.000e+00
     61.528   62.38978 -174.56960     62.135    -1.5263    -1.5260    -1.5274    31.8956    31.9075  1025.9517    25.6514    284.402    271.455  371.25691     76.605     73.126     0.0769     0.1135     3.6838     0.9852 5.7712e-02       5041     3.5000  0.000e+00
     61.466   62.38978 -174.56960     62.072    -1.5260    -1.5257    -1.5271    31.8955    31.9073  1025.9514    25.6514    284.161    271.459  371.25419     76.541     73.127     0.0757     0.1062     3.6850     0.9839 5.7712e-02       5042     3.5007  0.000e+00
     61.474   62.38978 -174.56960     62.080    -1.5259    -1.5259    -1.5269    31.8950    31.9075  1025.9510    25.6509    284.134    271.202  371.25401     76.533     73.058     0.0769     0.1135     3.6838     0.9852 5.6231e-02       5043     3.5014  0.000e+00
     61.528   62.38978 -174.56960     62.135    -1.5260    -1.5259    -1.5270    31.8953    31.9077  1025.9515    25.6512    284.368    271.177  371.25415     76.597     73.051     0.0769     0.1135     3.6850     0.9839 5.6231e-02       5044     3.5021  0.000e+00
     61.474   62.38978 -174.56960     62.080    -1.5258    -1.5257    -1.5268    31.8953    31.9074  1025.9512    25.6512    284.381    271.378  371.25197     76.600     73.105     0.0769     0.1135     3.6838     0.9852 5.6231e-02       5045     3.5028  0.000e+00
     61.466   62.38978 -174.56960     62.072    -1.5262    -1.5259    -1.5272    31.8955    31.9077  1025.9514    25.6513    284.396    271.383  371.25549     76.604     73.106     0.0769     0.1135     3.6838     0.9852 5.9205e-02       5046     3.5035  0.000e+00
     61.528   62.38978 -174.56960     62.135    -1.5263    -1.5255    -1.5274    31.8956    31.9079  1025.9517    25.6514    284.408    271.384  371.25691     76.607     73.107     0.0769     0.1135     3.6838     0.9852 6.0711e-02       5047     3.5042  0.000e+00
     61.474   62.38978 -174.56960     62.080    -1.5257    -1.5256    -1.5268    31.8951    31.9079  1025.9511    25.6511    284.406    271.153  371.25182     76.607     73.045     0.0769     0.1135     3.6825     0.9865 6.0208e-02       5048     3.5049  0.000e+00
     61.412   62.38978 -174.56960     62.018    -1.5262    -1.5255    -1.5273    31.8958    31.9080  1025.9514    25.6516    284.406    271.119  371.25504     76.607     73.036     0.0769     0.1135     3.6813     0.9879 5.0907e-02       5049     3.5056  0.000e+00
     61.520   62.38978 -174.56960     62.127    -1.5263    -1.5257    -1.5274    31.8959    31.9075  1025.9520    25.6517    284.407    271.094  371.25602     76.607     73.029     0.0781     0.1209     3.6813     0.9879 4.6207e-02       5050     3.5063  0.000e+00
     61.474   62.38978 -174.56960     62.080    -1.5266    -1.5261    -1.5277    31.8964    31.9070  1025.9522    25.6521    284.189    271.297  371.25730     76.548     73.082     0.0769     0.1135     3.6813     0.9879 4.5283e-02       5051     3.5069  0.000e+00
     61.412   62.38978 -174.56960     62.018    -1.5268    -1.5266    -1.5279    31.8961    31.9073  1025.9516    25.6519    284.392    271.299  371.26000     76.602     73.082     0.0781     0.1209     3.6801     0.9892 5.4762e-02       5052     3.5076  0.000e+00
     61.474   62.38978 -174.56960     62.080    -1.5270    -1.5266    -1.5280    31.8964    31.9068  1025.9522    25.6521    284.383    271.301  371.26080     76.599     73.082     0.0769     0.1135     3.6813     0.9879 6.2739e-02       5053     3.5083  0.000e+00
     61.466   62.38978 -174.56960     62.072    -1.5271    -1.5265    -1.5281    31.8969    31.9067  1025.9526    25.6525    284.366    271.297  371.26046     76.595     73.081     0.0769     0.1135     3.6801     0.9892 6.3762e-02       5054     3.5090  0.000e+00
     61.412   62.38978 -174.56960     62.018    -1.5272    -1.5261    -1.5283    31.8965    31.9069  1025.9520    25.6522    284.084    271.287  371.26343     76.518     73.080     0.0769     0.1135     3.6813     0.9879 7.1083e-02       5055     3.5097  0.000e+00
     61.412   62.38978 -174.56960     62.018    -1.5272    -1.5259    -1.5283    31.8963    31.9071  1025.9518    25.6521    284.272    271.279  371.26393     76.569     73.078     0.0769     0.1135     3.6813     0.9879 7.9253e-02       5056     3.5104  0.000e+00
     61.412   62.38978 -174.56960     62.018    -1.5272    -1.5255    -1.5283    31.8961    31.9073  1025.9516    25.6519    284.246    271.269  371.26455     76.561     73.076     0.0757     0.1062     3.6813     0.9879 8.0929e-02       5057     3.5111  0.000e+00
     61.474   62.38978 -174.56960     62.080    -1.5272    -1.5255    -1.5283    31.8962    31.9077  1025.9521    25.6520    284.216    271.262  371.26416     76.554     73.075     0.0769     0.1135     3.6813     0.9879 7.3768e-02       5058     3.5118  0.000e+00
     61.350   62.38978 -174.56960     61.955    -1.5269    -1.5255    -1.5280    31.8960    31.9079  1025.9513    25.6518    284.435    271.017  371.26131     76.613     73.008     0.0757     0.1062     3.6801     0.9892 6.3762e-02       5059     3.5125  0.000e+00
     61.412   62.38978 -174.56960     62.018    -1.5272    -1.5255    -1.5283    31.8965    31.9083  1025.9520    25.6522    284.238    270.976  371.26330     76.560     72.998     0.0769     0.1135     3.6801     0.9892 6.0711e-02       5060     3.5132  0.000e+00
     61.412   62.38978 -174.56960     62.018    -1.5270    -1.5252    -1.5280    31.8963    31.9084  1025.9518    25.6520    284.245    270.931  371.26107     76.562     72.986     0.0781     0.1209     3.6813     0.9879 6.1722e-02       5061     3.5139  0.000e+00
     61.412   62.38978 -174.56960     62.018    -1.5269    -1.5250    -1.5280    31.8960    31.9084  1025.9516    25.6518    284.251    270.887  371.26130     76.564     72.975     0.0757     0.1062     3.6813     0.9879 6.3250e-02       5062     3.5146  0.000e+00
     61.350   62.38978 -174.56960     61.955    -1.5271    -1.5248    -1.5281    31.8962    31.9089  1025.9514    25.6520    284.254    271.072  371.26250     76.564     73.025     0.0757     0.1062     3.6801     0.9892 6.3762e-02       5063     3.5153  0.000e+00
     61.412   62.38978 -174.56960     62.018    -1.5271    -1.5246    -1.5282    31.8960    31.9081  1025.9515    25.6518    284.260    271.063  371.26376     76.565     73.023     0.0733     0.0916     3.6801     0.9892 6.4275e-02       5064     3.5160  0.000e+00
     61.358   62.38978 -174.56960     61.963    -1.5274    -1.5250    -1.5284    31.8960    31.9083  1025.9513    25.6518    284.260    271.052  371.26613     76.565     73.019     0.0757     0.1062     3.6801     0.9892 6.4790e-02       5065     3.5167  0.000e+00
     61.412   62.38978 -174.56960     62.018    -1.5274    -1.5250    -1.5284    31.8961    31.9090  1025.9516    25.6519    284.312    270.807  371.26572     76.579     72.954     0.0733     0.0916     3.6813     0.9879 6.4790e-02       5066     3.5174  0.000e+00
     61.404   62.38978 -174.56960     62.010    -1.5275    -1.5250    -1.5286    31.8964    31.9087  1025.9518    25.6521    284.258    270.795  371.26665     76.564     72.950     0.0745     0.0989     3.6813     0.9879 6.4275e-02       5067     3.5181  0.000e+00
     61.358   62.38978 -174.56960     61.963    -1.5274    -1.5248    -1.5285    31.8960    31.9084  1025.9513    25.6518    284.250    271.013  371.26652     76.562     73.009     0.0745     0.0989     3.6862     0.9826 6.2739e-02       5068     3.5187  0.000e+00
     61.358   62.38978 -174.56960     61.963    -1.5274    -1.5248    -1.5284    31.8959    31.9089  1025.9512    25.6517    284.241    271.000  371.26625     76.560     73.006     0.0745     0.0989     3.6911     0.9773 6.1722e-02       5069     3.5194  0.000e+00
     61.412   62.38978 -174.56960     62.018    -1.5275    -1.5248    -1.5286    31.8961    31.9091  1025.9516    25.6519    284.234    270.791  371.26754     76.558     72.950     0.0745     0.0989     3.6911     0.9773 6.1722e-02       5070     3.5201  0.000e+00
     61.350   62.38978 -174.56960     61.955    -1.5277    -1.5250    -1.5288    31.8963    31.9093  1025.9515    25.6521    284.481    270.745  371.26862     76.624     72.937     0.0745     0.0989     3.6911     0.9773 6.3250e-02       5071     3.5208  0.000e+00
