EcoFOCI/data/1_SampleCollection/2023_SikuliaqDBO_CruiseData/CTD_raw_BottleFile_SKQ23-12S/proc/skq202312s_014avg.cnv
* Sea-Bird SBE 9 Data File:
* FileName = D:\CTD\SKQ202312S\SKQ202312S_014.hex
* Software Version Seasave V 7.26.7.121
* Temperature SN = 6177
* Conductivity SN = 0369
* Number of Bytes Per Scan = 41
* Number of Voltage Words = 4
* Number of Scans Averaged by the Deck Unit = 1
* NMEA Latitude = 64 40.15 N
* NMEA Longitude = 169 55.22 W
* NMEA UTC (Time) = Sep 17 2023  08:29:33
* NMEA baud rate = 4800
** Ship: R/V Sikuliaq
** Station Number: 014
** Station Name: DBO2.1
** Bottom Depth: 47
** Operator: SS
# nquan = 25
# nvalues = 40                          
# units = specified
# name 0 = depSM: Depth [salt water, m]
# name 1 = latitude: Latitude [deg]
# name 2 = longitude: Longitude [deg]
# name 3 = prDM: Pressure, Digiquartz [db]
# name 4 = t090C: Temperature [ITS-90, deg C]
# name 5 = t190C: Temperature, 2 [ITS-90, deg C]
# name 6 = potemp090C: Potential Temperature [ITS-90, deg C]
# name 7 = sal00: Salinity, Practical [PSU]
# name 8 = sal11: Salinity, Practical, 2 [PSU]
# name 9 = density00: Density [density, kg/m^3]
# name 10 = sigma-é00: Density [sigma-theta, kg/m^3]
# name 11 = sbox0Mm/Kg: Oxygen, SBE 43 [umol/kg]
# name 12 = sbox1Mm/Kg: Oxygen, SBE 43, 2 [umol/kg]
# name 13 = oxsolMm/Kg: Oxygen Saturation, Garcia & Gordon [umol/kg]
# name 14 = sbeox0PS: Oxygen, SBE 43 [% saturation]
# name 15 = sbeox1PS: Oxygen, SBE 43, 2 [% saturation]
# name 16 = v0: Voltage 0
# name 17 = flECO-AFL: Fluorescence, WET Labs ECO-AFL/FL [mg/m^3]
# name 18 = v1: Voltage 1
# name 19 = CStarAt0: Beam Attenuation, WET Labs C-Star [1/m]
# name 20 = par: PAR/Irradiance, Biospherical/Licor
# name 21 = scan: Scan Count
# name 22 = timeM: Time, Elapsed [minutes]
# name 23 = nbin: number of scans per bin
# name 24 = flag: flag
# span 0 =      1.980,     40.595       
# span 1 =   64.66922,   64.66924       
# span 2 = -169.92028, -169.92022       
# span 3 =      2.000,     41.000       
# span 4 =     2.2427,     2.8685       
# span 5 =     2.2440,     2.8694       
# span 6 =     2.2425,     2.8673       
# span 7 =    32.5669,    33.0232       
# span 8 =    32.5776,    33.0326       
# span 9 =  1026.0137,  1026.5140       
# span 10 =    26.0042,    26.3215      
# span 11 =    226.491,    298.611      
# span 12 =    215.099,    284.763      
# span 13 =  328.53062,  334.81192      
# span 14 =     68.859,     89.196      
# span 15 =     65.414,     85.061      
# span 16 =     0.2352,     0.6108      
# span 17 =     1.0632,     3.3167      
# span 18 =     3.6098,     3.8251      
# span 19 =     0.8346,     1.0666      
# span 20 = -1.443e-08, 4.4547e-01      
# span 21 =        163,       5104      
# span 22 =     0.1128,     3.5439      
# span 23 =         32,       2179      
# span 24 = 0.0000e+00, 0.0000e+00      
# interval = decibars: 1                
# start_time = Sep 17 2023 08:33:36 [NMEA time, first data scan]
# bad_flag = -9.990e-29
*END*
      1.980   64.66924 -169.92026      2.000     2.2469     2.2473     2.2468    32.5669    32.5776  1026.0137    26.0042    298.611    284.320  334.77894     89.196     84.935     0.5074     2.6964     3.7159     0.9505 4.4547e-01        163     0.1128        455 0.0000e+00
      2.971   64.66924 -169.92027      3.000     2.2427     2.2440     2.2425    32.5679    32.5778  1026.0195    26.0053    298.560    284.763  334.81192     89.172     85.061     0.5154     2.7443     3.7128     0.9538 3.2345e-01        645     0.4469        191 0.0000e+00
      3.961   64.66924 -169.92028      4.000     2.2524     2.2489     2.2522    32.5680    32.5782  1026.0236    26.0047    298.423    284.514  334.73029     89.153     84.997     0.5053     2.6840     3.7103     0.9565 2.2810e-01        730     0.5066         41 0.0000e+00
      4.951   64.66924 -169.92027      5.000     2.2643     2.2632     2.2641    32.5720    32.5812  1026.0306    26.0070    298.223    284.559  334.62018     89.123     85.043     0.5116     2.7219     3.7093     0.9576 1.6009e-01        835     0.5794         69 0.0000e+00
      5.941   64.66924 -169.92028      6.000     2.2747     2.2756     2.2744    32.5759    32.5856  1026.0376    26.0093    297.858    283.883  334.52294     89.040     84.870     0.4868     2.5726     3.7085     0.9584 1.0629e-01        982     0.6811         56 0.0000e+00
      6.931   64.66924 -169.92028      7.000     2.2756     2.2712     2.2753    32.5844    32.5941  1026.0491    26.0160    297.413    284.372  334.49353     88.914     85.013     0.5176     2.7574     3.7177     0.9485 6.3197e-02       1119     0.7766        131 0.0000e+00
      7.922   64.66924 -169.92028      8.000     2.2713     2.2751     2.2709    32.5913    32.6011  1026.0596    26.0219    296.372    282.637  334.51185     88.598     84.507     0.5498     2.9510     3.6985     0.9693 2.0923e-02       1259     0.8737        136 0.0000e+00
      8.912   64.66924 -169.92027      9.000     2.2632     2.2628     2.2627    32.5842    32.5932  1026.0593    26.0168    296.426    281.696  334.59833     88.592     84.194     0.5366     2.8716     3.7168     0.9495 9.2669e-03       1356     0.9409        108 0.0000e+00
      9.902   64.66922 -169.92027     10.000     2.2626     2.2651     2.2621    32.5842    32.5960  1026.0640    26.0169    296.895    282.771  334.60347     88.730     84.522     0.5615     3.0208     3.7121     0.9546 4.1450e-04       1507     1.0460        150 0.0000e+00
     10.892   64.66922 -169.92027     11.000     2.2615     2.2641     2.2609    32.5849    32.5967  1026.0694    26.0175    296.574    282.963  334.61067     88.632     84.578     0.5472     2.9349     3.7203     0.9458 3.9465e-04       1625     1.1279        126 0.0000e+00
     11.882   64.66922 -169.92026     12.000     2.2643     2.2655     2.2637    32.5867    32.5972  1026.0754    26.0188    296.613    283.182  334.58237     88.652     84.647     0.5258     2.8065     3.7104     0.9564 5.0893e-05       1728     1.1996        104 0.0000e+00
     12.872   64.66922 -169.92026     13.000     2.2647     2.2660     2.2640    32.5866    32.5974  1026.0800    26.0187    296.399    281.951  334.57978     88.588     84.280     0.5731     3.0908     3.7174     0.9489 1.0000e-12       1832     1.2719         62 0.0000e+00
     13.863   64.66922 -169.92026     14.000     2.2671     2.2664     2.2663    32.5890    32.5977  1026.0864    26.0204    296.461    282.663  334.55370     88.614     84.494     0.5398     2.8908     3.7207     0.9453 1.0000e-12       1894     1.3144         61 0.0000e+00
     14.853   64.66922 -169.92026     15.000     2.2974     2.2932     2.2967    32.6174    32.6204  1026.1115    26.0408    296.172    281.205  334.22718     88.614     84.129     0.5112     2.7194     3.7031     0.9643 1.0000e-12       1948     1.3521         49 0.0000e+00
     15.843   64.66922 -169.92026     16.000     2.4980     2.5025     2.4972    32.7847    32.7917  1026.2341    26.1588    294.521    280.601  332.13174     88.676     84.499     0.5745     3.0990     3.7167     0.9496 1.0000e-12       2002     1.3895         56 0.0000e+00
     16.833   64.66923 -169.92026     17.000     2.5960     2.5871     2.5951    32.8637    32.8618  1026.2940    26.2140    284.245    273.630  331.12242     85.843     82.618     0.5908     3.1966     3.7248     0.9409 1.0000e-12       2062     1.4315         63 0.0000e+00
     17.823   64.66923 -169.92026     18.000     2.6265     2.6210     2.6255    32.8871    32.8901  1026.3149    26.2303    268.530    258.048  330.81240     81.173     77.996     0.5779     3.1196     3.7141     0.9523 1.0000e-12       2118     1.4703         43 0.0000e+00
     18.813   64.66922 -169.92026     19.000     2.7415     2.7424     2.7405    32.9673    32.9713  1026.3741    26.2848    264.750    253.302  329.66740     80.308     76.840     0.6108     3.3167     3.7115     0.9552 1.0000e-12       2154     1.4949         32 0.0000e+00
     19.803   64.66923 -169.92026     20.000     2.8393     2.8401     2.8381    32.9988    33.0043  1026.3956    26.3017    261.122    250.682  328.79179     79.418     76.248     0.5482     2.9414     3.7850     0.8768 1.0000e-12       2205     1.5303         76 0.0000e+00
     20.794   64.66922 -169.92026     21.000     2.8685     2.8694     2.8673    33.0080    33.0161  1026.4051    26.3065    247.100    237.501  328.53062     75.214     72.298     0.5313     2.8397     3.7893     0.8722 1.0000e-12       2268     1.5743         38 0.0000e+00
     21.784   64.66922 -169.92026     22.000     2.8643     2.8649     2.8630    33.0147    33.0234  1026.4156    26.3123    245.834    233.919  328.54836     74.824     71.203     0.4489     2.3454     3.8067     0.8538 1.0000e-12       2303     1.5989         39 0.0000e+00
     22.774   64.66924 -169.92026     23.000     2.8545     2.8551     2.8532    33.0188    33.0280  1026.4244    26.3164    243.306    230.922  328.61727     74.039     70.277     0.3389     1.6854     3.8251     0.8346 1.0000e-12       2356     1.6353         60 0.0000e+00
     23.764   64.66924 -169.92026     24.000     2.8527     2.8530     2.8513    33.0199    33.0291  1026.4301    26.3174    235.686    224.864  328.62979     71.718     68.430     0.2916     1.4015     3.8231     0.8367 1.0000e-12       2407     1.6712         42 0.0000e+00
     24.754   64.66924 -169.92026     25.000     2.8513     2.8524     2.8499    33.0207    33.0301  1026.4356    26.3182    232.851    220.508  328.63863     70.853     67.104     0.3086     1.5036     3.8048     0.8559 1.0000e-12       2454     1.7032         56 0.0000e+00
     25.744   64.66924 -169.92025     26.000     2.8508     2.8517     2.8493    33.0218    33.0311  1026.4412    26.3191    231.615    218.991  328.64042     70.477     66.642     0.2606     1.2155     3.8110     0.8494 1.6922e-07       2512     1.7435         52 0.0000e+00
     26.734   64.66924 -169.92024     27.000     2.8513     2.8521     2.8498    33.0222    33.0316  1026.4462    26.3194    230.864    218.348  328.63494     70.249     66.447     0.2556     1.1854     3.7873     0.8743 -1.171e-09       2556     1.7742         40 0.0000e+00
     27.724   64.66924 -169.92024     28.000     2.8513     2.8521     2.8497    33.0225    33.0319  1026.4511    26.3196    230.145    218.371  328.63433     70.031     66.454     0.2528     1.1686     3.7756     0.8866 1.0000e-12       2600     1.8050         51 0.0000e+00
     28.714   64.66924 -169.92024     29.000     2.8514     2.8524     2.8498    33.0228    33.0322  1026.4560    26.3198    229.390    217.676  328.63259     69.801     66.243     0.2766     1.3118     3.7785     0.8836 1.0000e-12       2662     1.8480         61 0.0000e+00
     29.704   64.66924 -169.92024     30.000     2.8513     2.8526     2.8496    33.0228    33.0324  1026.4607    26.3199    229.485    217.196  328.63365     69.830     66.098     0.2352     1.0632     3.7622     0.9010 1.0000e-12       2709     1.8804         37 0.0000e+00
     30.694   64.66924 -169.92024     31.000     2.8517     2.8530     2.8499    33.0230    33.0325  1026.4656    26.3200    229.094    216.298  328.63022     69.712     65.825     0.2443     1.1178     3.7756     0.8867 1.0000e-12       2747     1.9068         43 0.0000e+00
     31.685   64.66924 -169.92024     32.000     2.8519     2.8518     2.8501    33.0232    33.0326  1026.4704    26.3202    229.104    216.887  328.62738     69.716     66.002     0.2499     1.1515     3.7419     0.9225 1.2466e-07       2805     1.9471         69 0.0000e+00
     32.675   64.66924 -169.92024     33.000     2.8457     2.8463     2.8438    33.0229    33.0323  1026.4754    26.3204    228.937    216.687  328.67932     69.654     65.932     0.2606     1.2157     3.7596     0.9037 -5.809e-09       2862     1.9865         39 0.0000e+00
     33.665   64.66924 -169.92022     34.000     2.8380     2.8395     2.8361    33.0224    33.0322  1026.4804    26.3207    228.543    216.074  328.74275     69.520     65.735     0.2457     1.1263     3.7303     0.9349 1.0000e-12       2901     2.0136         43 0.0000e+00
     34.655   64.66924 -169.92022     35.000     2.8271     2.8253     2.8251    33.0218    33.0312  1026.4855    26.3211    228.081    216.763  328.83327     69.361     65.921     0.2489     1.1454     3.6853     0.9837 2.7911e-07       2954     2.0509         61 0.0000e+00
     35.645   64.66924 -169.92022     36.000     2.8228     2.8254     2.8207    33.0215    33.0313  1026.4903    26.3213    227.929    216.419  328.86890     69.307     65.816     0.2676     1.2575     3.6513     1.0206 8.1229e-09       3011     2.0901         56 0.0000e+00
     36.635   64.66924 -169.92022     37.000     2.8199     2.8206     2.8178    33.0212    33.0308  1026.4950    26.3213    227.356    215.121  328.89327     69.128     65.414     0.2795     1.3290     3.6409     1.0320 5.8852e-08       3374     2.3424        693 0.0000e+00
     37.625   64.66924 -169.92022     38.000     2.8326     2.8358     2.8305    33.0222    33.0320  1026.4994    26.3210    226.841    215.099  328.78723     68.993     65.432     0.2447     1.1200     3.6575     1.0140 1.7655e-07       3919     2.7207        111 0.0000e+00
     38.615   64.66924 -169.92022     39.000     2.8348     2.8389     2.8326    33.0224    33.0322  1026.5041    26.3210    227.276    216.889  328.76862     69.129     65.982     0.2538     1.1748     3.6949     0.9730 -1.443e-08       3938     2.7341         99 0.0000e+00
     39.605   64.66924 -169.92022     40.000     2.8320     2.8340     2.8298    33.0222    33.0323  1026.5089    26.3211    227.149    215.429  328.79176     69.086     65.530     0.2690     1.2659     3.7002     0.9674 1.0435e-07       4037     2.8028         93 0.0000e+00
     40.595   64.66924 -169.92022     41.000     2.8168     2.8171     2.8145    33.0211    33.0308  1026.5140    26.3215    226.491    215.212  328.91886     68.859     65.435     0.2894     1.3884     3.6098     1.0666 3.3999e-08       5104     3.5439       2179 0.0000e+00
