EcoFOCI/data/1_SampleCollection/2023_SikuliaqDBO_CruiseData/CTD_raw_BottleFile_SKQ23-12S/proc/skq202312s_029.ros
* Sea-Bird SBE 9 Data File:
* FileName = D:\CTD\SKQ202312S\SKQ202312S_029.hex
* Software Version Seasave V 7.26.7.121
* Temperature SN = 6177
* Conductivity SN = 0369
* Number of Bytes Per Scan = 41
* Number of Voltage Words = 4
* Number of Scans Averaged by the Deck Unit = 1
* NMEA Latitude = 71 24.54 N
* NMEA Longitude = 157 29.66 W
* NMEA UTC (Time) = Sep 21 2023  04:58:57
* NMEA baud rate = 4800
** Ship: R/V Sikuliaq
** Station Number: 029
** Station Name: DBO5.5
** Bottom Depth: 124
** Operator: SS
# nquan = 22
# nvalues = 1127                                  
# units = specified
# name 0 = depSM: Depth [salt water, m]
# name 1 = latitude: Latitude [deg]
# name 2 = longitude: Longitude [deg]
# name 3 = prDM: Pressure, Digiquartz [db]
# name 4 = t090C: Temperature [ITS-90, deg C]
# name 5 = t190C: Temperature, 2 [ITS-90, deg C]
# name 6 = potemp090C: Potential Temperature [ITS-90, deg C]
# name 7 = sal00: Salinity, Practical [PSU]
# name 8 = sal11: Salinity, Practical, 2 [PSU]
# name 9 = density00: Density [density, kg/m^3]
# name 10 = sigma-é00: Density [sigma-theta, kg/m^3]
# name 11 = sbox0Mm/Kg: Oxygen, SBE 43 [umol/kg]
# name 12 = sbox1Mm/Kg: Oxygen, SBE 43, 2 [umol/kg]
# name 13 = oxsolMm/Kg: Oxygen Saturation, Garcia & Gordon [umol/kg]
# name 14 = sbeox0PS: Oxygen, SBE 43 [% saturation]
# name 15 = v0: Voltage 0
# name 16 = flECO-AFL: Fluorescence, WET Labs ECO-AFL/FL [mg/m^3]
# name 17 = CStarAt0: Beam Attenuation, WET Labs C-Star [1/m]
# name 18 = par: PAR/Irradiance, Biospherical/Licor
# name 19 = scan: Scan Count
# name 20 = nbf: Bottles Fired
# name 21 = flag:  0.000e+00
# interval = seconds: 0.0416667
# start_time = Sep 21 2023 05:03:15 [NMEA time, first data scan]
# bad_flag = -9.990e-29
*END*
[from data line 659]
     30.257   71.40916 -157.48898     30.571    -1.3870    -1.3860    -1.3876    32.3622    32.3727  1026.1744    26.0268    388.655    370.543  368.50489    105.468     0.2833     1.3516     0.5975 1.0000e-12      31523         14  0.000e+00
     30.303   71.40916 -157.48898     30.618    -1.3873    -1.3856    -1.3879    32.3621    32.3716  1026.1745    26.0268    388.626    370.539  368.50740    105.460     0.2821     1.3443     0.5963 1.0000e-12      31524         14  0.000e+00
     30.203   71.40916 -157.48898     30.517    -1.3877    -1.3854    -1.3883    32.3626    32.3712  1026.1744    26.0271    388.334    370.298  368.51007    105.380     0.2833     1.3516     0.5963 1.0000e-12      31525         14  0.000e+00
     30.303   71.40916 -157.48898     30.618    -1.3876    -1.3853    -1.3882    32.3632    32.3711  1026.1754    26.0277    388.517    370.264  368.50761    105.430     0.2821     1.3443     0.5963 1.0000e-12      31526         14  0.000e+00
     30.203   71.40916 -157.48898     30.517    -1.3877    -1.3853    -1.3883    32.3642    32.3716  1026.1758    26.0285    388.226    370.447  368.50585    105.351     0.2833     1.3516     0.5963 1.0000e-12      31527         14  0.000e+00
     30.303   71.40916 -157.48898     30.618    -1.3877    -1.3858    -1.3883    32.3640    32.3715  1026.1761    26.0283    388.160    370.451  368.50589    105.333     0.2821     1.3443     0.5963 1.0000e-12      31528         14  0.000e+00
     30.257   71.40916 -157.48898     30.571    -1.3873    -1.3863    -1.3879    32.3625    32.3726  1026.1746    26.0270    388.090    370.214  368.50645    105.314     0.2833     1.3516     0.5975 1.0000e-12      31529         14  0.000e+00
     30.242   71.40916 -157.48898     30.556    -1.3867    -1.3866    -1.3873    32.3606    32.3732  1026.1730    26.0255    388.025    370.174  368.50614    105.297     0.2821     1.3443     0.5975 1.0000e-12      31530         14  0.000e+00
     30.257   71.40916 -157.48898     30.571    -1.3864    -1.3871    -1.3870    32.3597    32.3735  1026.1723    26.0248    388.016    370.139  368.50585    105.294     0.2833     1.3516     0.5975 1.0000e-12      31531         14  0.000e+00
     30.242   71.40916 -157.48898     30.556    -1.3867    -1.3872    -1.3873    32.3605    32.3735  1026.1729    26.0254    387.964    370.065  368.50652    105.280     0.2833     1.3516     0.5975 1.0000e-12      31532         14  0.000e+00
     30.257   71.40916 -157.48896     30.571    -1.3874    -1.3880    -1.3880    32.3617    32.3751  1026.1739    26.0264    387.921    369.800  368.51048    105.267     0.2821     1.3443     0.5975 1.0000e-12      31533         14  0.000e+00
     30.242   71.40916 -157.48896     30.556    -1.3883    -1.3880    -1.3888    32.3626    32.3767  1026.1747    26.0272    387.882    369.722  368.51564    105.255     0.2833     1.3516     0.5975 1.0000e-12      31534         14  0.000e+00
     30.203   71.40916 -157.48896     30.517    -1.3888    -1.3882    -1.3894    32.3634    32.3792  1026.1751    26.0278    387.844    369.644  368.51909    105.244     0.2821     1.3443     0.5975 1.0000e-12      31535         14  0.000e+00
     30.242   71.40916 -157.48896     30.556    -1.3894    -1.3886    -1.3900    32.3652    32.3812  1026.1768    26.0293    387.811    369.575  368.51956    105.235     0.2833     1.3516     0.5975 1.0000e-12      31536         14  0.000e+00
     30.257   71.40916 -157.48896     30.571    -1.3900    -1.3889    -1.3906    32.3679    32.3818  1026.1791    26.0315    387.520    369.541  368.51736    105.157     0.2821     1.3443     0.5975 1.0000e-12      31537         14  0.000e+00
     30.242   71.40916 -157.48896     30.556    -1.3902    -1.3888    -1.3908    32.3701    32.3812  1026.1808    26.0333    387.491    369.475  368.51341    105.150     0.2833     1.3516     0.5975 1.0000e-12      31538         14  0.000e+00
     30.257   71.40916 -157.48896     30.571    -1.3905    -1.3882    -1.3911    32.3706    32.3794  1026.1813    26.0337    387.427    369.410  368.51476    105.132     0.2833     1.3516     0.5975 1.0000e-12      31539         14  0.000e+00
     30.242   71.40916 -157.48896     30.556    -1.3904    -1.3883    -1.3910    32.3706    32.3783  1026.1812    26.0337    387.364    369.350  368.51409    105.115     0.2833     1.3516     0.5975 1.0000e-12      31540         14  0.000e+00
     30.203   71.40916 -157.48896     30.517    -1.3905    -1.3886    -1.3911    32.3708    32.3797  1026.1812    26.0339    387.307    369.285  368.51416    105.100     0.2833     1.3516     0.5975 1.0000e-12      31541         14  0.000e+00
     30.242   71.40916 -157.48896     30.556    -1.3903    -1.3894    -1.3909    32.3706    32.3835  1026.1812    26.0337    387.309    369.224  368.51294    105.101     0.2821     1.3443     0.5975 1.0000e-12      31542         14  0.000e+00
     30.203   71.40916 -157.48896     30.517    -1.3906    -1.3900    -1.3911    32.3717    32.3889  1026.1819    26.0347    387.317    369.154  368.51193    105.103     0.2833     1.3516     0.5975 1.0000e-12      31543         14  0.000e+00
     30.242   71.40916 -157.48896     30.556    -1.3905    -1.3901    -1.3911    32.3727    32.3924  1026.1829    26.0355    387.283    369.122  368.50850    105.095     0.2821     1.3443     0.5975 1.0000e-12      31544         14  0.000e+00
     30.257   71.40916 -157.48896     30.572    -1.3911    -1.3905    -1.3917    32.3770    32.3946  1026.1865    26.0389    387.251    368.870  368.50233    105.088     0.2857     1.3663     0.5975 1.0000e-12      31545         14  0.000e+00
     30.188   71.40916 -157.48896     30.501    -1.3914    -1.3907    -1.3919    32.3812    32.3961  1026.1896    26.0424    387.217    368.781  368.49230    105.082     0.3272     1.6154     0.5975 1.0000e-12      31546         14  0.000e+00
     30.257   71.40916 -157.48896     30.572    -1.3920    -1.3909    -1.3926    32.3846    32.3974  1026.1927    26.0451    386.947    368.736  368.48936    105.009     0.3529     1.7692     0.5975 1.0000e-12      31547         14  0.000e+00
     30.203   71.40916 -157.48896     30.517    -1.3919    -1.3908    -1.3925    32.3856    32.3978  1026.1932    26.0460    386.885    368.688  368.48525    104.993     0.3565     1.7912     0.5975 1.0000e-12      31548         14  0.000e+00
     30.242   71.40916 -157.48896     30.556    -1.3920    -1.3910    -1.3926    32.3862    32.3981  1026.1939    26.0464    386.891    368.652  368.48472    104.995     0.3541     1.7765     0.5951 1.0000e-12      31549         14  0.000e+00
     20.232   71.40916 -157.48866     20.442     2.7749     2.7121     2.7738    31.1117    31.1330  1024.8968    24.8005    336.358    319.483  334.07865    100.682     0.1673     0.6557     0.4649 1.0000e-12      34726         15  0.000e+00
     20.170   71.40916 -157.48866     20.379     2.8269     2.7593     2.8258    31.0936    31.1340  1024.8780    24.7820    336.513    319.267  333.69194    100.845     0.1673     0.6557     0.4649 1.0000e-12      34727         15  0.000e+00
     20.255   71.40916 -157.48866     20.465     2.8739     2.7957     2.8728    31.0722    31.1246  1024.8576    24.7612    336.531    319.169  333.35672    100.952     0.1673     0.6557     0.4660 1.0000e-12      34728         15  0.000e+00
     20.171   71.40916 -157.48866     20.380     2.9174     2.8245     2.9163    31.0530    31.1111  1024.8383    24.7423    336.773    319.133  333.04479    101.119     0.1685     0.6630     0.4660 1.0000e-12      34729         15  0.000e+00
     20.171   71.40916 -157.48866     20.380     2.9613     2.8588     2.9602    31.0360    31.0918  1024.8212    24.7252    336.844    319.255  332.72519    101.238     0.1673     0.6557     0.4660 1.0000e-12      34730         15  0.000e+00
     20.140   71.40916 -157.48866     20.348     3.0072     2.8852     3.0061    31.0177    31.0805  1024.8027    24.7069    337.063    319.263  332.39263    101.405     0.1673     0.6557     0.4660 1.0000e-12      34731         15  0.000e+00
     20.171   71.40916 -157.48866     20.380     3.0433     2.8978     3.0422    31.0029    31.0733  1024.7881    24.6922    337.159    319.573  332.13198    101.514     0.1661     0.6483     0.4660 1.0000e-12      34732         15  0.000e+00
     20.117   71.40916 -157.48866     20.325     3.0733     2.9085     3.0722    30.9946    31.0614  1024.7788    24.6831    337.307    319.720  331.90646    101.627     0.1673     0.6557     0.4660 1.0000e-12      34733         15  0.000e+00
     20.194   71.40916 -157.48866     20.403     3.1125     2.9210     3.1114    30.9873    31.0517  1024.7700    24.6740    337.567    319.861  331.60270    101.799     0.1685     0.6630     0.4660 1.0000e-12      34734         15  0.000e+00
     20.055   71.40916 -157.48866     20.263     3.1488     2.9368     3.1477    30.9781    31.0440  1024.7590    24.6636    337.639    320.143  331.32835    101.905     0.1490     0.5458     0.4649 1.0000e-12      34735         15  0.000e+00
     20.117   71.40916 -157.48866     20.325     3.1628     2.9477     3.1617    30.9646    31.0410  1024.7473    24.6517    338.096    320.299  331.24761    102.067     0.1233     0.3919     0.4660 8.4714e-06      34736         15  0.000e+00
     20.117   71.40916 -157.48866     20.325     3.1708     2.9557     3.1697    30.9453    31.0392  1024.7313    24.6357    338.479    320.460  331.23041    102.188     0.1148     0.3406     0.4660 1.0000e-12      34737         15  0.000e+00
     20.078   71.40916 -157.48866     20.286     3.1735     2.9727     3.1724    30.9353    31.0422  1024.7229    24.6275    339.076    320.732  331.23364    102.368     0.1172     0.3553     0.4660 8.4714e-06      34738         15  0.000e+00
     20.117   71.40916 -157.48866     20.325     3.1606     3.0063     3.1595    30.9375    31.0532  1024.7260    24.6304    339.578    320.648  331.33342    102.488     0.1172     0.3553     0.4660 1.0000e-12      34739         15  0.000e+00
     20.055   71.40916 -157.48866     20.263     3.1400     3.0547     3.1389    30.9453    31.0587  1024.7336    24.6382    340.358    320.619  331.48298    102.677     0.1172     0.3553     0.4660 8.4714e-06      34740         15  0.000e+00
     20.078   71.40916 -157.48866     20.286     3.1234     3.1076     3.1223    30.9583    31.0513  1024.7454    24.6500    340.872    320.586  331.58610    102.800     0.1184     0.3626     0.4649 1.0000e-12      34741         15  0.000e+00
     20.055   71.40916 -157.48866     20.263     3.1485     3.1497     3.1474    30.9681    31.0441  1024.7510    24.6557    340.955    320.256  331.35611    102.897     0.1172     0.3553     0.4660 8.4714e-06      34742         15  0.000e+00
     20.001   71.40916 -157.48866     20.208     3.2147     3.1761     3.2136    30.9585    31.0425  1024.7375    24.6425    340.906    320.420  330.83798    103.043     0.1184     0.3626     0.4789 1.0000e-12      34743         15  0.000e+00
     20.078   71.40916 -157.48866     20.286     3.2480     3.2000     3.2468    30.9489    31.0400  1024.7275    24.6321    340.956    320.638  330.59052    103.135     0.1172     0.3553     0.5047 8.4714e-06      34744         15  0.000e+00
     20.055   71.40916 -157.48866     20.263     3.2541     3.2280     3.2530    30.9356    31.0301  1024.7163    24.6210    341.485    320.636  330.57329    103.301     0.1184     0.3626     0.5117 1.0000e-12      34745         15  0.000e+00
     20.001   71.40916 -157.48866     20.208     3.2678     3.2582     3.2667    30.9082    31.0152  1024.6930    24.5980    341.970    320.795  330.53053    103.461     0.1172     0.3553     0.5117 8.4714e-06      34746         15  0.000e+00
     20.055   71.40916 -157.48866     20.263     3.2634     3.2845     3.2623    30.9058    31.0012  1024.6917    24.5965    342.377    320.815  330.57229    103.571     0.1184     0.3626     0.5105 8.4714e-06      34747         15  0.000e+00
     19.970   71.40916 -157.48866     20.177     3.2653     3.3034     3.2642    30.9164    30.9918  1024.6996    24.6047    342.856    321.052  330.53010    103.729     0.1172     0.3553     0.5105 1.0000e-12      34748         15  0.000e+00
     20.001   71.40916 -157.48866     20.209     3.2750     3.3207     3.2738    30.9313    30.9827  1024.7108    24.6158    343.712    321.107  330.41418    104.025     0.1172     0.3553     0.5094 1.0000e-12      34749         15  0.000e+00
     20.001   71.40916 -157.48866     20.209     3.3136     3.3401     3.3125    30.9169    30.9717  1024.6960    24.6010    343.974    321.140  330.13539    104.192     0.1184     0.3626     0.5105 1.0000e-12      34750         15  0.000e+00
     20.025   71.40916 -157.48866     20.232     3.3411     3.3635     3.3400    30.9032    30.9599  1024.6829    24.5878    344.105    321.330  329.94557    104.291     0.1172     0.3553     0.5105 1.0000e-12      34751         15  0.000e+00
     19.947   71.40916 -157.48866     20.154     3.3318     3.3837     3.3306    30.9134    30.9520  1024.6915    24.5967    344.511    321.549  329.99624    104.398     0.1184     0.3626     0.5105 1.0000e-12      34752         15  0.000e+00
     20.055   71.40916 -157.48866     20.263     3.3192     3.3984     3.3181    30.9225    30.9442  1024.7002    24.6050    345.158    321.817  330.07595    104.569     0.1172     0.3553     0.5105 1.0000e-12      34753         15  0.000e+00
     19.971   71.40916 -157.48866     20.178     3.2999     3.4069     3.2987    30.9370    30.9389  1024.7130    24.6182    345.827    321.944  330.19710    104.734     0.1184     0.3626     0.5105 8.4714e-06      34754         15  0.000e+00
     20.001   71.40916 -157.48866     20.209     3.2831     3.4112     3.2820    30.9475    30.9365  1024.7230    24.6280    346.498    322.097  330.30708    104.902     0.1172     0.3553     0.5105 1.0000e-12      34755         15  0.000e+00
     20.001   71.40916 -157.48866     20.209     3.2652     3.4142     3.2640    30.9576    30.9333  1024.7326    24.6376    347.190    322.425  330.42834    105.073     0.1184     0.3626     0.5094 8.4714e-06      34756         15  0.000e+00
     19.886   71.40916 -157.48866     20.092     3.2481     3.4142     3.2470    30.9700    30.9300  1024.7433    24.6489    347.616    322.785  330.53653    105.167     0.1172     0.3553     0.5094 1.0000e-12      34757         15  0.000e+00
     20.079   71.40916 -157.48866     20.287     3.2308     3.4093     3.2296    30.9831    30.9268  1024.7562    24.6608    348.465    323.020  330.64496    105.389     0.1172     0.3553     0.5105 8.4714e-06      34758         15  0.000e+00
     20.002   71.40916 -157.48866     20.209     3.2160     3.4000     3.2149    31.0004    30.9214  1024.7708    24.6758    349.085    323.447  330.72250    105.552     0.1184     0.3626     0.5105 1.0000e-12      34759         15  0.000e+00
     19.948   71.40916 -157.48866     20.154     3.2122     3.3908     3.2111    31.0245    30.9118  1024.7901    24.6954    349.579    323.699  330.69289    105.711     0.1172     0.3553     0.5105 1.0000e-12      34760         15  0.000e+00
     19.971   71.40916 -157.48866     20.178     3.2286     3.3814     3.2275    31.0387    30.9001  1024.8001    24.7053    349.861    324.118  330.52374    105.851     0.1074     0.2967     0.5094 8.4714e-06      34761         15  0.000e+00
     20.002   71.40916 -157.48866     20.209     3.2615     3.3663     3.2604    31.0403    30.8937  1024.7988    24.7038    350.041    324.391  330.25085    105.992     0.1013     0.2601     0.5094 8.4714e-06      34762         15  0.000e+00
     20.002   71.40916 -157.48866     20.209     3.2847     3.3457     3.2836    31.0403    30.8970  1024.7967    24.7018    350.029    325.061  330.06209    106.050     0.1013     0.2601     0.5035 1.0000e-12      34763         15  0.000e+00
