EcoFOCI/data/1_SampleCollection/2023_SikuliaqDBO_CruiseData/CTD_raw_BottleFile_SKQ23-12S/proc/SKQ202312S_SBE49_023svp.cnv
* Sea-Bird SBE 49 Data File:
* FileName = D:\Data\FASTCAT\SKQ202312S\SKQ202312S_SBE49_023.hex
* Software Version Seasave V 7.26.7.121
* Temperature SN = 0636
* Conductivity SN = 0636
* System UpLoad Time = Sep 25 2023 07:19:45
* NMEA Latitude = 71 51.11 N
* NMEA Longitude = 162 09.77 W
* NMEA UTC (Time) = Sep 25 2023  07:19:44
** Ship: R/V Sikuliaq
** Station: Bongo023
** Operator: CJG
# nquan = 7
# nvalues = 636                                   
# units = specified
# name 0 = depSM: Depth [salt water, m]
# name 1 = latitude: Latitude [deg]
# name 2 = longitude: Longitude [deg]
# name 3 = t4990C: Temperature [ITS-90, deg C]
# name 4 = sal00: Salinity, Practical [PSU]
# name 5 = svCM: Sound Velocity [Chen-Millero, m/s]
# name 6 = flag:  0.000e+00
# span 0 =     14.680,     32.783                 
# span 1 =   71.85188,   71.85206                 
# span 2 = -162.16346, -162.16286                 
# span 3 =    -0.7161,    -0.2654                 
# span 4 =    25.7736,    32.6640                 
# span 5 =    1434.99,    1443.35                 
# span 6 = 0.0000e+00, 0.0000e+00                 
# interval = seconds: 0.0625
# start_time = Sep 25 2023 07:19:44 [NMEA time, first data scan]
# bad_flag = -9.990e-29
*END*
     14.680   71.85188 -162.16286    -0.4901    26.0604    1435.12  0.000e+00
     14.709   71.85188 -162.16286    -0.4604    25.9172    1435.07  0.000e+00
     14.740   71.85188 -162.16286    -0.4307    25.9359    1435.24  0.000e+00
     14.770   71.85188 -162.16288    -0.4044    25.8705    1435.28  0.000e+00
     14.800   71.85188 -162.16288    -0.3833    25.8730    1435.38  0.000e+00
     14.832   71.85188 -162.16288    -0.3619    25.8532    1435.46  0.000e+00
     14.862   71.85188 -162.16288    -0.3388    25.7736    1435.46  0.000e+00
     14.891   71.85188 -162.16288    -0.3186    25.8760    1435.69  0.000e+00
     14.921   71.85188 -162.16288    -0.2996    25.9392    1435.87  0.000e+00
     14.953   71.85188 -162.16288    -0.2856    26.0163    1436.04  0.000e+00
     14.982   71.85188 -162.16288    -0.2772    25.9191    1435.95  0.000e+00
     15.013   71.85188 -162.16288    -0.2719    25.9005    1435.95  0.000e+00
     15.045   71.85188 -162.16288    -0.2682    25.9540    1436.04  0.000e+00
     15.076   71.85188 -162.16288    -0.2667    25.9416    1436.03  0.000e+00
     15.108   71.85188 -162.16288    -0.2657    25.8920    1435.97  0.000e+00
     15.136   71.85188 -162.16288    -0.2654    25.9455    1436.04  0.000e+00
     15.166   71.85188 -162.16288    -0.2672    25.9405    1436.03  0.000e+00
     15.198   71.85188 -162.16288    -0.2696    25.9494    1436.03  0.000e+00
     15.225   71.85188 -162.16288    -0.2736    25.9931    1436.07  0.000e+00
     15.254   71.85188 -162.16290    -0.2781    26.0156    1436.08  0.000e+00
     15.282   71.85188 -162.16290    -0.2816    26.0243    1436.07  0.000e+00
     15.309   71.85188 -162.16290    -0.2858    26.0048    1436.03  0.000e+00
     15.337   71.85188 -162.16290    -0.2905    26.0372    1436.05  0.000e+00
     15.364   71.85188 -162.16290    -0.2946    26.0474    1436.04  0.000e+00
     15.391   71.85188 -162.16290    -0.2970    26.1034    1436.11  0.000e+00
     15.422   71.85188 -162.16290    -0.2995    26.0939    1436.08  0.000e+00
     15.449   71.85188 -162.16290    -0.3026    25.9779    1435.91  0.000e+00
     15.477   71.85188 -162.16290    -0.3053    26.0685    1436.02  0.000e+00
     15.504   71.85188 -162.16290    -0.3058    26.0997    1436.06  0.000e+00
     15.529   71.85188 -162.16290    -0.3088    26.0604    1436.00  0.000e+00
     15.562   71.85188 -162.16290    -0.3135    26.1068    1436.04  0.000e+00
     15.584   71.85188 -162.16290    -0.3190    26.1393    1436.05  0.000e+00
     15.610   71.85188 -162.16290    -0.3235    26.1429    1436.04  0.000e+00
     15.642   71.85188 -162.16290    -0.3274    26.1342    1436.01  0.000e+00
     15.668   71.85188 -162.16290    -0.3313    26.1735    1436.04  0.000e+00
     15.693   71.85188 -162.16290    -0.3342    26.1618    1436.01  0.000e+00
     15.722   71.85188 -162.16290    -0.3353    26.1989    1436.06  0.000e+00
     15.748   71.85188 -162.16290    -0.3376    26.1611    1436.00  0.000e+00
     15.780   71.85188 -162.16290    -0.3407    26.1639    1435.99  0.000e+00
     15.807   71.85188 -162.16290    -0.3433    26.1174    1435.91  0.000e+00
     15.833   71.85188 -162.16290    -0.3455    26.1172    1435.90  0.000e+00
     15.860   71.85188 -162.16290    -0.3463    26.1233    1435.91  0.000e+00
     15.889   71.85188 -162.16290    -0.3463    26.1832    1435.99  0.000e+00
     15.912   71.85188 -162.16290    -0.3461    26.2256    1436.05  0.000e+00
     15.939   71.85188 -162.16290    -0.3453    26.1668    1435.97  0.000e+00
     15.964   71.85188 -162.16290    -0.3438    26.1815    1436.00  0.000e+00
     15.987   71.85188 -162.16290    -0.3425    26.1664    1435.98  0.000e+00
     16.015   71.85188 -162.16290    -0.3420    26.2067    1436.04  0.000e+00
     16.043   71.85188 -162.16290    -0.3420    26.1872    1436.02  0.000e+00
     16.070   71.85188 -162.16290    -0.3418    26.1324    1435.94  0.000e+00
     16.094   71.85188 -162.16290    -0.3418    26.1337    1435.95  0.000e+00
     16.120   71.85190 -162.16292    -0.3426    26.1596    1435.98  0.000e+00
     16.148   71.85190 -162.16292    -0.3437    26.1557    1435.97  0.000e+00
     16.178   71.85190 -162.16292    -0.3453    26.1675    1435.98  0.000e+00
     16.206   71.85190 -162.16292    -0.3468    26.1835    1435.99  0.000e+00
     16.233   71.85190 -162.16292    -0.3480    26.1778    1435.98  0.000e+00
     16.262   71.85190 -162.16292    -0.3489    26.1960    1436.00  0.000e+00
     16.290   71.85190 -162.16292    -0.3497    26.1705    1435.96  0.000e+00
     16.316   71.85190 -162.16292    -0.3500    26.2075    1436.01  0.000e+00
     16.344   71.85190 -162.16292    -0.3513    26.2408    1436.05  0.000e+00
     16.371   71.85190 -162.16292    -0.3531    26.2755    1436.09  0.000e+00
     16.401   71.85190 -162.16292    -0.3553    26.2290    1436.01  0.000e+00
     16.426   71.85190 -162.16292    -0.3569    26.2630    1436.05  0.000e+00
     16.456   71.85190 -162.16292    -0.3577    26.2475    1436.03  0.000e+00
     16.484   71.85190 -162.16292    -0.3584    26.2321    1436.01  0.000e+00
     16.514   71.85190 -162.16292    -0.3598    26.2454    1436.02  0.000e+00
     16.544   71.85190 -162.16292    -0.3617    26.2714    1436.04  0.000e+00
     16.574   71.85190 -162.16294    -0.3638    26.2783    1436.04  0.000e+00
     16.606   71.85190 -162.16294    -0.3658    26.2437    1435.99  0.000e+00
     16.636   71.85190 -162.16294    -0.3665    26.2946    1436.05  0.000e+00
     16.670   71.85190 -162.16294    -0.3673    26.3660    1436.15  0.000e+00
     16.699   71.85190 -162.16294    -0.3697    26.3524    1436.12  0.000e+00
     16.732   71.85190 -162.16294    -0.3726    26.3147    1436.05  0.000e+00
     16.763   71.85190 -162.16294    -0.3751    26.3211    1436.05  0.000e+00
     16.795   71.85190 -162.16294    -0.3767    26.3439    1436.07  0.000e+00
     16.826   71.85190 -162.16294    -0.3774    26.3052    1436.02  0.000e+00
     16.856   71.85190 -162.16294    -0.3777    26.3165    1436.03  0.000e+00
     16.890   71.85190 -162.16294    -0.3791    26.3124    1436.02  0.000e+00
     16.921   71.85190 -162.16294    -0.3807    26.3403    1436.05  0.000e+00
     16.953   71.85190 -162.16294    -0.3824    26.3478    1436.05  0.000e+00
     16.981   71.85190 -162.16294    -0.3844    26.3559    1436.06  0.000e+00
     17.010   71.85190 -162.16294    -0.3862    26.3293    1436.01  0.000e+00
     17.040   71.85190 -162.16294    -0.3879    26.3501    1436.03  0.000e+00
     17.074   71.85190 -162.16296    -0.3887    26.3790    1436.07  0.000e+00
     17.105   71.85190 -162.16296    -0.3892    26.3753    1436.06  0.000e+00
     17.133   71.85190 -162.16296    -0.3902    26.3340    1436.00  0.000e+00
     17.170   71.85190 -162.16296    -0.3919    26.3535    1436.02  0.000e+00
     17.196   71.85190 -162.16296    -0.3934    26.3840    1436.05  0.000e+00
     17.228   71.85190 -162.16296    -0.3938    26.4297    1436.11  0.000e+00
     17.259   71.85190 -162.16296    -0.3935    26.4255    1436.11  0.000e+00
     17.294   71.85190 -162.16296    -0.3932    26.4179    1436.10  0.000e+00
     17.328   71.85190 -162.16296    -0.3948    26.4197    1436.10  0.000e+00
     17.358   71.85190 -162.16296    -0.3969    26.4378    1436.11  0.000e+00
     17.390   71.85190 -162.16296    -0.3975    26.4080    1436.07  0.000e+00
     17.424   71.85190 -162.16296    -0.3996    26.3659    1436.00  0.000e+00
     17.453   71.85190 -162.16296    -0.4013    26.3721    1436.00  0.000e+00
     17.485   71.85190 -162.16296    -0.4035    26.3664    1435.99  0.000e+00
     17.516   71.85190 -162.16296    -0.4054    26.4368    1436.07  0.000e+00
     17.549   71.85190 -162.16296    -0.4087    26.4173    1436.03  0.000e+00
     17.575   71.85190 -162.16296    -0.4129    26.4125    1436.01  0.000e+00
     17.605   71.85190 -162.16296    -0.4167    26.4349    1436.02  0.000e+00
     17.634   71.85190 -162.16296    -0.4193    26.4589    1436.04  0.000e+00
     17.660   71.85190 -162.16296    -0.4223    26.4388    1436.00  0.000e+00
     17.691   71.85190 -162.16296    -0.4251    26.4148    1435.95  0.000e+00
     17.719   71.85190 -162.16296    -0.4266    26.4507    1435.99  0.000e+00
     17.750   71.85190 -162.16296    -0.4282    26.5128    1436.07  0.000e+00
     17.775   71.85190 -162.16296    -0.4309    26.4437    1435.97  0.000e+00
     17.806   71.85190 -162.16296    -0.4347    26.4683    1435.98  0.000e+00
     17.837   71.85190 -162.16296    -0.4382    26.4407    1435.93  0.000e+00
     17.867   71.85190 -162.16296    -0.4414    26.4568    1435.93  0.000e+00
     17.893   71.85190 -162.16296    -0.4446    26.4958    1435.97  0.000e+00
     17.923   71.85190 -162.16296    -0.4478    26.4623    1435.91  0.000e+00
     17.950   71.85190 -162.16296    -0.4507    26.4492    1435.88  0.000e+00
     17.976   71.85190 -162.16296    -0.4543    26.5090    1435.94  0.000e+00
     18.003   71.85190 -162.16296    -0.4583    26.5072    1435.92  0.000e+00
     18.029   71.85192 -162.16298    -0.4620    26.5173    1435.92  0.000e+00
     18.053   71.85192 -162.16298    -0.4644    26.5405    1435.94  0.000e+00
     18.076   71.85192 -162.16298    -0.4650    26.5463    1435.95  0.000e+00
     18.107   71.85192 -162.16298    -0.4647    26.5641    1435.97  0.000e+00
     18.137   71.85192 -162.16298    -0.4641    26.3935    1435.75  0.000e+00
     18.164   71.85192 -162.16298    -0.4658    26.4027    1435.75  0.000e+00
     18.188   71.85192 -162.16298    -0.4689    26.3285    1435.64  0.000e+00
     18.212   71.85192 -162.16298    -0.4723    26.4536    1435.79  0.000e+00
     18.241   71.85192 -162.16298    -0.4768    26.3460    1435.62  0.000e+00
     18.270   71.85192 -162.16298    -0.4807    26.4943    1435.80  0.000e+00
     18.295   71.85192 -162.16298    -0.4827    26.4601    1435.75  0.000e+00
     18.326   71.85192 -162.16298    -0.4850    26.4271    1435.70  0.000e+00
     18.356   71.85192 -162.16298    -0.4875    26.3426    1435.57  0.000e+00
     18.383   71.85192 -162.16298    -0.4898    26.3152    1435.52  0.000e+00
     18.409   71.85192 -162.16298    -0.4917    26.3608    1435.58  0.000e+00
     18.434   71.85192 -162.16298    -0.4939    26.2025    1435.35  0.000e+00
     18.458   71.85192 -162.16300    -0.4964    26.2229    1435.37  0.000e+00
     18.486   71.85192 -162.16300    -0.4989    26.1865    1435.31  0.000e+00
     18.512   71.85192 -162.16300    -0.5020    26.2110    1435.33  0.000e+00
     18.539   71.85192 -162.16300    -0.5052    26.1054    1435.17  0.000e+00
     18.565   71.85192 -162.16300    -0.5085    26.1663    1435.24  0.000e+00
     18.592   71.85192 -162.16300    -0.5120    26.2875    1435.38  0.000e+00
     18.617   71.85192 -162.16300    -0.5158    26.1519    1435.18  0.000e+00
     18.639   71.85192 -162.16300    -0.5184    26.0123    1434.99  0.000e+00
     18.666   71.85192 -162.16300    -0.5208    26.1537    1435.16  0.000e+00
     18.694   71.85192 -162.16300    -0.5230    26.2117    1435.23  0.000e+00
     18.716   71.85192 -162.16300    -0.5272    26.1589    1435.14  0.000e+00
     18.748   71.85192 -162.16300    -0.5317    26.2264    1435.21  0.000e+00
     18.773   71.85192 -162.16300    -0.5341    26.3323    1435.34  0.000e+00
     18.801   71.85192 -162.16300    -0.5358    26.3096    1435.30  0.000e+00
     18.832   71.85192 -162.16300    -0.5390    26.3453    1435.34  0.000e+00
     18.856   71.85192 -162.16300    -0.5419    26.2280    1435.17  0.000e+00
     18.882   71.85192 -162.16302    -0.5444    26.3735    1435.35  0.000e+00
     18.913   71.85192 -162.16302    -0.5479    26.4672    1435.46  0.000e+00
     18.943   71.85192 -162.16302    -0.5516    26.5546    1435.56  0.000e+00
     18.971   71.85192 -162.16302    -0.5547    26.4606    1435.42  0.000e+00
     19.001   71.85192 -162.16302    -0.5579    26.4759    1435.42  0.000e+00
     19.027   71.85192 -162.16302    -0.5590    26.4764    1435.42  0.000e+00
     19.056   71.85192 -162.16302    -0.5606    26.3970    1435.31  0.000e+00
     19.090   71.85192 -162.16302    -0.5638    26.4659    1435.38  0.000e+00
     19.122   71.85192 -162.16302    -0.5677    26.4903    1435.40  0.000e+00
     19.156   71.85192 -162.16302    -0.5710    26.5657    1435.48  0.000e+00
     19.185   71.85192 -162.16302    -0.5741    26.5066    1435.39  0.000e+00
     19.215   71.85192 -162.16302    -0.5760    26.5916    1435.50  0.000e+00
     19.247   71.85192 -162.16302    -0.5770    26.5829    1435.48  0.000e+00
     19.277   71.85192 -162.16302    -0.5793    26.5719    1435.46  0.000e+00
     19.311   71.85192 -162.16302    -0.5823    26.5765    1435.45  0.000e+00
     19.339   71.85192 -162.16302    -0.5864    26.6040    1435.47  0.000e+00
     19.370   71.85192 -162.16302    -0.5894    26.6500    1435.51  0.000e+00
     19.402   71.85192 -162.16302    -0.5909    26.6027    1435.44  0.000e+00
     19.433   71.85192 -162.16302    -0.5927    26.6927    1435.56  0.000e+00
     19.459   71.85192 -162.16302    -0.5946    26.7454    1435.62  0.000e+00
     19.489   71.85192 -162.16302    -0.5976    26.8099    1435.69  0.000e+00
     19.520   71.85192 -162.16302    -0.6015    26.7929    1435.65  0.000e+00
     19.552   71.85192 -162.16302    -0.6056    26.7259    1435.54  0.000e+00
     19.583   71.85192 -162.16302    -0.6092    26.7834    1435.60  0.000e+00
     19.615   71.85192 -162.16302    -0.6121    26.7724    1435.57  0.000e+00
     19.641   71.85192 -162.16302    -0.6149    26.7751    1435.56  0.000e+00
     19.678   71.85192 -162.16302    -0.6174    26.7654    1435.54  0.000e+00
     19.709   71.85192 -162.16302    -0.6183    26.7476    1435.51  0.000e+00
     19.739   71.85192 -162.16302    -0.6208    26.7314    1435.48  0.000e+00
     19.771   71.85192 -162.16302    -0.6251    26.7995    1435.55  0.000e+00
     19.800   71.85192 -162.16302    -0.6283    26.7681    1435.49  0.000e+00
     19.833   71.85192 -162.16302    -0.6311    26.8008    1435.52  0.000e+00
     19.868   71.85194 -162.16304    -0.6340    26.7787    1435.48  0.000e+00
     19.903   71.85194 -162.16304    -0.6368    26.8355    1435.55  0.000e+00
     19.930   71.85194 -162.16304    -0.6397    26.9325    1435.66  0.000e+00
     19.961   71.85194 -162.16304    -0.6424    26.8976    1435.60  0.000e+00
     19.995   71.85194 -162.16304    -0.6446    26.8672    1435.55  0.000e+00
     20.027   71.85194 -162.16304    -0.6453    26.8276    1435.50  0.000e+00
     20.056   71.85194 -162.16304    -0.6470    26.8369    1435.50  0.000e+00
     20.090   71.85194 -162.16304    -0.6501    26.8681    1435.53  0.000e+00
     20.119   71.85194 -162.16304    -0.6526    26.9028    1435.56  0.000e+00
     20.147   71.85194 -162.16304    -0.6552    26.9098    1435.56  0.000e+00
     20.180   71.85194 -162.16304    -0.6570    26.9229    1435.57  0.000e+00
     20.213   71.85194 -162.16304    -0.6582    26.9312    1435.58  0.000e+00
     20.243   71.85194 -162.16304    -0.6592    26.9299    1435.57  0.000e+00
     20.272   71.85194 -162.16304    -0.6596    26.8948    1435.52  0.000e+00
     20.306   71.85194 -162.16304    -0.6587    26.8411    1435.46  0.000e+00
     20.337   71.85194 -162.16304    -0.6585    26.8745    1435.50  0.000e+00
     20.363   71.85194 -162.16306    -0.6586    26.8888    1435.52  0.000e+00
     20.390   71.85194 -162.16306    -0.6592    26.8493    1435.46  0.000e+00
     20.419   71.85194 -162.16306    -0.6599    26.8817    1435.51  0.000e+00
     20.451   71.85194 -162.16306    -0.6601    26.8697    1435.49  0.000e+00
     20.478   71.85194 -162.16306    -0.6602    26.9480    1435.59  0.000e+00
     20.503   71.85194 -162.16306    -0.6603    26.9775    1435.63  0.000e+00
     20.533   71.85194 -162.16306    -0.6609    26.8712    1435.49  0.000e+00
     20.563   71.85194 -162.16306    -0.6616    26.8572    1435.47  0.000e+00
     20.591   71.85194 -162.16306    -0.6621    26.9835    1435.63  0.000e+00
     20.619   71.85194 -162.16306    -0.6626    26.9528    1435.59  0.000e+00
