EcoFOCI/data/1_SampleCollection/2023_SikuliaqDBO_CruiseData/CTD_raw_BottleFile_SKQ23-12S/proc/skq202312s_043svp.cnv
* Sea-Bird SBE 9 Data File:
* FileName = D:\CTD\SKQ202312S\SKQ202312S_043.hex
* Software Version Seasave V 7.26.7.121
* Temperature SN = 6177
* Conductivity SN = 0369
* Number of Bytes Per Scan = 41
* Number of Voltage Words = 4
* Number of Scans Averaged by the Deck Unit = 1
* NMEA Latitude = 71 31.26 N
* NMEA Longitude = 161 13.81 W
* NMEA UTC (Time) = Sep 24 2023  07:15:57
* NMEA baud rate = 4800
** Ship: R/V Sikuliaq
** Station Number: 043
** Station Name: DBO4.3na
** Bottom Depth: 47
** Operator: SS
# nquan = 7
# nvalues = 4100                                  
# units = specified
# name 0 = depSM: Depth [salt water, m]
# name 1 = latitude: Latitude [deg]
# name 2 = longitude: Longitude [deg]
# name 3 = t090C: Temperature [ITS-90, deg C]
# name 4 = sal00: Salinity, Practical [PSU]
# name 5 = svCM: Sound Velocity [Chen-Millero, m/s]
# name 6 = flag:  0.000e+00
# span 0 =      2.576,     41.910                 
# span 1 =   71.52086,   71.52090                 
# span 2 = -161.23048, -161.23030                 
# span 3 =    -1.6141,     2.1079                 
# span 4 =    27.1651,    32.5902                 
# span 5 =    1438.83,    1448.46                 
# span 6 = 0.0000e+00, 0.0000e+00                 
# interval = seconds: 0.0416667
# start_time = Sep 24 2023 07:19:11 [NMEA time, first data scan]
# bad_flag = -9.990e-29
*END*
[from data line 821]
      6.524   71.52090 -161.23032     2.1047    27.1661    1448.41  0.000e+00
      6.585   71.52090 -161.23032     2.1044    27.1661    1448.40  0.000e+00
      6.585   71.52090 -161.23032     2.1042    27.1660    1448.40  0.000e+00
      6.524   71.52090 -161.23032     2.1042    27.1661    1448.40  0.000e+00
      6.639   71.52090 -161.23032     2.1041    27.1659    1448.40  0.000e+00
      6.639   71.52090 -161.23032     2.1041    27.1658    1448.40  0.000e+00
      6.585   71.52090 -161.23032     2.1036    27.1662    1448.40  0.000e+00
      6.639   71.52090 -161.23032     2.1039    27.1657    1448.40  0.000e+00
      6.639   71.52090 -161.23032     2.1036    27.1657    1448.40  0.000e+00
      6.639   71.52090 -161.23032     2.1035    27.1660    1448.40  0.000e+00
      6.639   71.52090 -161.23032     2.1035    27.1659    1448.40  0.000e+00
      6.701   71.52090 -161.23032     2.1033    27.1661    1448.40  0.000e+00
      6.701   71.52090 -161.23032     2.1035    27.1657    1448.40  0.000e+00
      6.701   71.52090 -161.23032     2.1035    27.1663    1448.40  0.000e+00
      6.639   71.52090 -161.23032     2.1038    27.1666    1448.40  0.000e+00
      6.755   71.52090 -161.23032     2.1038    27.1660    1448.40  0.000e+00
      6.701   71.52090 -161.23032     2.1039    27.1660    1448.40  0.000e+00
      6.755   71.52090 -161.23032     2.1038    27.1659    1448.40  0.000e+00
      6.701   71.52090 -161.23032     2.1038    27.1659    1448.40  0.000e+00
      6.755   71.52090 -161.23032     2.1038    27.1660    1448.40  0.000e+00
      6.755   71.52090 -161.23032     2.1036    27.1658    1448.40  0.000e+00
      6.755   71.52090 -161.23032     2.1036    27.1662    1448.40  0.000e+00
      6.755   71.52090 -161.23032     2.1036    27.1660    1448.40  0.000e+00
      6.809   71.52090 -161.23032     2.1036    27.1657    1448.40  0.000e+00
      6.809   71.52090 -161.23032     2.1035    27.1660    1448.40  0.000e+00
      6.755   71.52090 -161.23032     2.1036    27.1659    1448.40  0.000e+00
      6.809   71.52090 -161.23032     2.1036    27.1659    1448.40  0.000e+00
      6.809   71.52090 -161.23032     2.1035    27.1662    1448.40  0.000e+00
      6.809   71.52090 -161.23032     2.1035    27.1659    1448.40  0.000e+00
      6.809   71.52090 -161.23032     2.1035    27.1655    1448.40  0.000e+00
      6.847   71.52090 -161.23032     2.1033    27.1659    1448.40  0.000e+00
      6.809   71.52090 -161.23032     2.1033    27.1659    1448.40  0.000e+00
      6.871   71.52090 -161.23032     2.1030    27.1659    1448.40  0.000e+00
      6.809   71.52090 -161.23032     2.1035    27.1657    1448.40  0.000e+00
      6.871   71.52090 -161.23032     2.1031    27.1658    1448.40  0.000e+00
      6.925   71.52090 -161.23032     2.1033    27.1658    1448.41  0.000e+00
      6.871   71.52090 -161.23032     2.1031    27.1660    1448.40  0.000e+00
      6.871   71.52090 -161.23032     2.1031    27.1656    1448.40  0.000e+00
      6.871   71.52090 -161.23032     2.1031    27.1659    1448.40  0.000e+00
      6.924   71.52090 -161.23032     2.1031    27.1662    1448.40  0.000e+00
      6.871   71.52090 -161.23032     2.1031    27.1661    1448.40  0.000e+00
      6.924   71.52090 -161.23032     2.1030    27.1661    1448.40  0.000e+00
      6.924   71.52090 -161.23032     2.1033    27.1662    1448.41  0.000e+00
      6.871   71.52090 -161.23032     2.1035    27.1664    1448.41  0.000e+00
      6.986   71.52090 -161.23032     2.1039    27.1663    1448.41  0.000e+00
      6.924   71.52090 -161.23032     2.1039    27.1663    1448.41  0.000e+00
      6.924   71.52090 -161.23032     2.1041    27.1661    1448.41  0.000e+00
      6.924   71.52090 -161.23032     2.1039    27.1664    1448.41  0.000e+00
      6.924   71.52090 -161.23032     2.1042    27.1659    1448.41  0.000e+00
      6.924   71.52090 -161.23032     2.1039    27.1660    1448.41  0.000e+00
      6.986   71.52090 -161.23032     2.1041    27.1660    1448.41  0.000e+00
      6.924   71.52090 -161.23032     2.1042    27.1658    1448.41  0.000e+00
      6.986   71.52090 -161.23032     2.1039    27.1660    1448.41  0.000e+00
      6.924   71.52090 -161.23032     2.1039    27.1660    1448.41  0.000e+00
      6.986   71.52090 -161.23032     2.1039    27.1662    1448.41  0.000e+00
      6.986   71.52090 -161.23032     2.1039    27.1660    1448.41  0.000e+00
      6.986   71.52090 -161.23032     2.1039    27.1660    1448.41  0.000e+00
      6.986   71.52090 -161.23032     2.1044    27.1656    1448.41  0.000e+00
      6.986   71.52090 -161.23032     2.1041    27.1660    1448.41  0.000e+00
      7.017   71.52090 -161.23032     2.1042    27.1662    1448.41  0.000e+00
      6.986   71.52090 -161.23032     2.1044    27.1661    1448.41  0.000e+00
      6.986   71.52090 -161.23032     2.1044    27.1659    1448.41  0.000e+00
      6.986   71.52090 -161.23032     2.1045    27.1657    1448.41  0.000e+00
      6.986   71.52090 -161.23032     2.1044    27.1660    1448.41  0.000e+00
      7.040   71.52090 -161.23032     2.1044    27.1661    1448.41  0.000e+00
      6.986   71.52090 -161.23032     2.1041    27.1658    1448.41  0.000e+00
      7.040   71.52090 -161.23032     2.1044    27.1657    1448.41  0.000e+00
      6.986   71.52090 -161.23032     2.1042    27.1660    1448.41  0.000e+00
      6.986   71.52090 -161.23032     2.1041    27.1660    1448.41  0.000e+00
      7.040   71.52090 -161.23032     2.1042    27.1659    1448.41  0.000e+00
      7.040   71.52090 -161.23032     2.1039    27.1662    1448.41  0.000e+00
      7.040   71.52090 -161.23032     2.1041    27.1659    1448.41  0.000e+00
      6.986   71.52090 -161.23032     2.1039    27.1662    1448.41  0.000e+00
      7.040   71.52090 -161.23032     2.1041    27.1659    1448.41  0.000e+00
      7.040   71.52090 -161.23032     2.1039    27.1661    1448.41  0.000e+00
      6.986   71.52090 -161.23032     2.1039    27.1662    1448.41  0.000e+00
      7.102   71.52090 -161.23032     2.1041    27.1658    1448.41  0.000e+00
      7.040   71.52090 -161.23032     2.1041    27.1660    1448.41  0.000e+00
      7.040   71.52090 -161.23032     2.1041    27.1661    1448.41  0.000e+00
      7.040   71.52090 -161.23032     2.1039    27.1660    1448.41  0.000e+00
      7.040   71.52090 -161.23032     2.1042    27.1659    1448.41  0.000e+00
      7.040   71.52090 -161.23032     2.1041    27.1662    1448.41  0.000e+00
      7.040   71.52090 -161.23032     2.1039    27.1665    1448.41  0.000e+00
      7.040   71.52090 -161.23032     2.1039    27.1662    1448.41  0.000e+00
      7.102   71.52090 -161.23032     2.1041    27.1658    1448.41  0.000e+00
      7.102   71.52090 -161.23032     2.1042    27.1662    1448.41  0.000e+00
      7.017   71.52090 -161.23032     2.1042    27.1661    1448.41  0.000e+00
      7.102   71.52090 -161.23032     2.1041    27.1664    1448.41  0.000e+00
      7.102   71.52090 -161.23032     2.1044    27.1660    1448.41  0.000e+00
      7.040   71.52090 -161.23032     2.1041    27.1662    1448.41  0.000e+00
      7.102   71.52090 -161.23032     2.1042    27.1662    1448.41  0.000e+00
      7.102   71.52090 -161.23032     2.1045    27.1659    1448.41  0.000e+00
      7.102   71.52090 -161.23032     2.1041    27.1663    1448.41  0.000e+00
      7.102   71.52090 -161.23032     2.1044    27.1662    1448.41  0.000e+00
      7.102   71.52090 -161.23032     2.1042    27.1664    1448.41  0.000e+00
      7.102   71.52090 -161.23032     2.1044    27.1661    1448.41  0.000e+00
      7.102   71.52090 -161.23032     2.1045    27.1663    1448.41  0.000e+00
      7.156   71.52090 -161.23032     2.1044    27.1663    1448.41  0.000e+00
      7.102   71.52090 -161.23032     2.1044    27.1663    1448.41  0.000e+00
      7.102   71.52090 -161.23032     2.1042    27.1662    1448.41  0.000e+00
      7.156   71.52090 -161.23032     2.1045    27.1659    1448.41  0.000e+00
      7.156   71.52090 -161.23032     2.1042    27.1660    1448.41  0.000e+00
      7.156   71.52090 -161.23032     2.1044    27.1661    1448.41  0.000e+00
      7.156   71.52090 -161.23032     2.1044    27.1659    1448.41  0.000e+00
      7.156   71.52090 -161.23032     2.1042    27.1665    1448.41  0.000e+00
      7.156   71.52090 -161.23032     2.1042    27.1661    1448.41  0.000e+00
      7.156   71.52090 -161.23032     2.1044    27.1658    1448.41  0.000e+00
      7.210   71.52090 -161.23032     2.1042    27.1657    1448.41  0.000e+00
      7.210   71.52090 -161.23032     2.1039    27.1662    1448.41  0.000e+00
      7.156   71.52090 -161.23032     2.1042    27.1660    1448.41  0.000e+00
      7.210   71.52090 -161.23032     2.1042    27.1656    1448.41  0.000e+00
      7.186   71.52090 -161.23032     2.1041    27.1659    1448.41  0.000e+00
      7.210   71.52090 -161.23032     2.1039    27.1661    1448.41  0.000e+00
      7.210   71.52090 -161.23032     2.1041    27.1660    1448.41  0.000e+00
      7.271   71.52090 -161.23032     2.1039    27.1661    1448.41  0.000e+00
      7.209   71.52090 -161.23032     2.1041    27.1662    1448.41  0.000e+00
      7.209   71.52090 -161.23032     2.1041    27.1662    1448.41  0.000e+00
      7.271   71.52090 -161.23032     2.1041    27.1660    1448.41  0.000e+00
      7.271   71.52090 -161.23032     2.1041    27.1658    1448.41  0.000e+00
      7.271   71.52090 -161.23032     2.1042    27.1658    1448.41  0.000e+00
      7.325   71.52090 -161.23032     2.1039    27.1659    1448.41  0.000e+00
      7.271   71.52090 -161.23032     2.1041    27.1661    1448.41  0.000e+00
      7.325   71.52090 -161.23032     2.1042    27.1664    1448.42  0.000e+00
      7.271   71.52090 -161.23032     2.1045    27.1667    1448.42  0.000e+00
      7.325   71.52090 -161.23032     2.1049    27.1663    1448.42  0.000e+00
      7.325   71.52090 -161.23032     2.1049    27.1666    1448.42  0.000e+00
      7.325   71.52090 -161.23032     2.1050    27.1668    1448.42  0.000e+00
      7.325   71.52090 -161.23032     2.1054    27.1671    1448.42  0.000e+00
      7.387   71.52090 -161.23032     2.1056    27.1672    1448.42  0.000e+00
      7.325   71.52090 -161.23032     2.1058    27.1668    1448.42  0.000e+00
      7.387   71.52090 -161.23032     2.1061    27.1664    1448.43  0.000e+00
      7.387   71.52090 -161.23032     2.1058    27.1663    1448.42  0.000e+00
      7.441   71.52090 -161.23032     2.1060    27.1664    1448.43  0.000e+00
      7.387   71.52090 -161.23032     2.1060    27.1667    1448.43  0.000e+00
      7.325   71.52090 -161.23032     2.1060    27.1666    1448.42  0.000e+00
      7.472   71.52090 -161.23032     2.1061    27.1669    1448.43  0.000e+00
      7.441   71.52090 -161.23032     2.1063    27.1673    1448.43  0.000e+00
      7.441   71.52090 -161.23032     2.1064    27.1671    1448.43  0.000e+00
      7.502   71.52090 -161.23032     2.1066    27.1667    1448.43  0.000e+00
      7.441   71.52090 -161.23032     2.1064    27.1661    1448.43  0.000e+00
      7.502   71.52090 -161.23032     2.1061    27.1659    1448.43  0.000e+00
      7.441   71.52090 -161.23032     2.1060    27.1656    1448.43  0.000e+00
      7.502   71.52090 -161.23032     2.1055    27.1661    1448.42  0.000e+00
      7.556   71.52090 -161.23032     2.1054    27.1664    1448.43  0.000e+00
      7.502   71.52090 -161.23032     2.1055    27.1666    1448.43  0.000e+00
      7.502   71.52090 -161.23032     2.1056    27.1672    1448.43  0.000e+00
      7.556   71.52090 -161.23032     2.1061    27.1677    1448.43  0.000e+00
      7.556   71.52090 -161.23032     2.1063    27.1673    1448.43  0.000e+00
      7.556   71.52090 -161.23032     2.1066    27.1670    1448.43  0.000e+00
      7.556   71.52090 -161.23032     2.1069    27.1670    1448.43  0.000e+00
      7.610   71.52090 -161.23032     2.1069    27.1671    1448.43  0.000e+00
      7.556   71.52090 -161.23032     2.1072    27.1668    1448.43  0.000e+00
      7.610   71.52090 -161.23032     2.1072    27.1668    1448.44  0.000e+00
      7.610   71.52090 -161.23032     2.1070    27.1671    1448.43  0.000e+00
      7.610   71.52090 -161.23032     2.1072    27.1670    1448.44  0.000e+00
      7.587   71.52090 -161.23032     2.1074    27.1669    1448.44  0.000e+00
      7.672   71.52090 -161.23032     2.1074    27.1672    1448.44  0.000e+00
      7.672   71.52090 -161.23032     2.1074    27.1666    1448.44  0.000e+00
      7.610   71.52090 -161.23032     2.1074    27.1668    1448.44  0.000e+00
      7.672   71.52090 -161.23032     2.1074    27.1670    1448.44  0.000e+00
      7.672   71.52090 -161.23032     2.1070    27.1676    1448.44  0.000e+00
      7.672   71.52090 -161.23032     2.1072    27.1671    1448.44  0.000e+00
      7.726   71.52090 -161.23032     2.1070    27.1673    1448.44  0.000e+00
      7.672   71.52090 -161.23032     2.1072    27.1673    1448.44  0.000e+00
      7.672   71.52090 -161.23032     2.1070    27.1674    1448.44  0.000e+00
      7.726   71.52090 -161.23032     2.1072    27.1669    1448.44  0.000e+00
      7.726   71.52090 -161.23032     2.1070    27.1669    1448.44  0.000e+00
      7.726   71.52090 -161.23032     2.1069    27.1668    1448.44  0.000e+00
      7.788   71.52090 -161.23032     2.1069    27.1666    1448.44  0.000e+00
      7.726   71.52090 -161.23032     2.1067    27.1670    1448.44  0.000e+00
      7.726   71.52090 -161.23032     2.1068    27.1669    1448.44  0.000e+00
      7.788   71.52090 -161.23032     2.1067    27.1669    1448.44  0.000e+00
      7.788   71.52090 -161.23032     2.1066    27.1670    1448.44  0.000e+00
      7.726   71.52090 -161.23032     2.1064    27.1673    1448.43  0.000e+00
      7.788   71.52090 -161.23032     2.1066    27.1676    1448.44  0.000e+00
      7.757   71.52090 -161.23032     2.1069    27.1671    1448.44  0.000e+00
      7.842   71.52090 -161.23032     2.1069    27.1673    1448.44  0.000e+00
      7.788   71.52090 -161.23032     2.1069    27.1673    1448.44  0.000e+00
      7.788   71.52090 -161.23032     2.1069    27.1676    1448.44  0.000e+00
      7.841   71.52090 -161.23032     2.1072    27.1670    1448.44  0.000e+00
      7.787   71.52090 -161.23032     2.1070    27.1673    1448.44  0.000e+00
      7.841   71.52090 -161.23032     2.1074    27.1670    1448.44  0.000e+00
      7.787   71.52090 -161.23032     2.1072    27.1674    1448.44  0.000e+00
      7.841   71.52090 -161.23032     2.1075    27.1669    1448.44  0.000e+00
      7.841   71.52090 -161.23032     2.1074    27.1674    1448.44  0.000e+00
      7.841   71.52090 -161.23032     2.1074    27.1673    1448.44  0.000e+00
      7.841   71.52090 -161.23032     2.1075    27.1673    1448.44  0.000e+00
      7.841   71.52090 -161.23032     2.1077    27.1672    1448.44  0.000e+00
      7.841   71.52090 -161.23032     2.1074    27.1672    1448.44  0.000e+00
      7.841   71.52090 -161.23032     2.1079    27.1666    1448.44  0.000e+00
      7.903   71.52090 -161.23032     2.1074    27.1670    1448.44  0.000e+00
      7.841   71.52090 -161.23032     2.1075    27.1669    1448.44  0.000e+00
      7.841   71.52090 -161.23032     2.1074    27.1672    1448.44  0.000e+00
      7.872   71.52090 -161.23032     2.1074    27.1671    1448.44  0.000e+00
      7.903   71.52090 -161.23032     2.1074    27.1670    1448.44  0.000e+00
      7.903   71.52090 -161.23032     2.1074    27.1670    1448.44  0.000e+00
      7.841   71.52090 -161.23032     2.1072    27.1670    1448.44  0.000e+00
      7.841   71.52090 -161.23032     2.1072    27.1671    1448.44  0.000e+00
      7.903   71.52090 -161.23032     2.1072    27.1668    1448.44  0.000e+00
      7.903   71.52090 -161.23032     2.1074    27.1669    1448.44  0.000e+00
      7.903   71.52090 -161.23032     2.1070    27.1671    1448.44  0.000e+00
      7.903   71.52090 -161.23032     2.1069    27.1670    1448.44  0.000e+00
      7.903   71.52090 -161.23032     2.1069    27.1668    1448.44  0.000e+00
      7.903   71.52090 -161.23032     2.1069    27.1670    1448.44  0.000e+00
