EcoFOCI/data/1_SampleCollection/2023_SikuliaqDBO_CruiseData/CTD_raw_BottleFile_SKQ23-12S/proc/skq202312s_066svpavg.cnv
* Sea-Bird SBE 9 Data File:
* FileName = D:\CTD\SKQ202312S\SKQ202312S_066.hex
* Software Version Seasave V 7.26.7.121
* Temperature SN = 6177
* Conductivity SN = 0369
* Number of Bytes Per Scan = 41
* Number of Voltage Words = 4
* Number of Scans Averaged by the Deck Unit = 1
* NMEA Latitude = 72 12.41 N
* NMEA Longitude = 166 57.30 W
* NMEA UTC (Time) = Sep 28 2023  13:08:17
* NMEA baud rate = 4800
** Ship: R/V Sikuliaq
** Station Number: 066
** Station Name: IC0.3
** Bottom Depth: 47
** Operator: SD
# nquan = 7
# nvalues = 40                          
# units = specified
# name 0 = depSM: Depth [salt water, m]
# name 1 = latitude: Latitude [deg]
# name 2 = longitude: Longitude [deg]
# name 3 = t090C: Temperature [ITS-90, deg C]
# name 4 = sal00: Salinity, Practical [PSU]
# name 5 = svCM: Sound Velocity [Chen-Millero, m/s]
# name 6 = flag: flag
# span 0 =      3.000,     42.000       
# span 1 =   72.20680,   72.20682       
# span 2 = -166.95576, -166.95533       
# span 3 =     0.2309,     4.3021       
# span 4 =    30.9123,    32.4311       
# span 5 =    1447.30,    1463.37       
# span 6 = 0.0000e+00, 0.0000e+00       
# interval = meters: 1                  
# start_time = Sep 28 2023 13:12:40 [NMEA time, first data scan]
# bad_flag = -9.990e-29
*END*
      3.000   72.20680 -166.95533     4.1285    30.9133    1461.96 0.0000e+00
      4.000   72.20680 -166.95535     4.1278    30.9130    1461.97 0.0000e+00
      5.000   72.20680 -166.95536     4.1286    30.9133    1461.99 0.0000e+00
      6.000   72.20680 -166.95538     4.1286    30.9134    1462.01 0.0000e+00
      7.000   72.20680 -166.95539     4.1278    30.9131    1462.02 0.0000e+00
      8.000   72.20680 -166.95540     4.1256    30.9126    1462.02 0.0000e+00
      9.000   72.20682 -166.95542     4.1246    30.9123    1462.04 0.0000e+00
     10.000   72.20682 -166.95544     4.1243    30.9123    1462.05 0.0000e+00
     11.000   72.20681 -166.95546     4.1257    30.9131    1462.08 0.0000e+00
     12.000   72.20681 -166.95548     4.1274    30.9158    1462.10 0.0000e+00
     13.000   72.20681 -166.95550     4.1426    30.9390    1462.21 0.0000e+00
     14.000   72.20680 -166.95550     4.1198    30.9615    1462.16 0.0000e+00
     15.000   72.20680 -166.95551     4.0985    30.9689    1462.10 0.0000e+00
     16.000   72.20680 -166.95552     4.0821    30.9832    1462.06 0.0000e+00
     17.000   72.20680 -166.95552     4.0833    31.0002    1462.11 0.0000e+00
     18.000   72.20681 -166.95553     4.0727    31.0080    1462.09 0.0000e+00
     19.000   72.20682 -166.95554     4.0847    31.0189    1462.17 0.0000e+00
     20.000   72.20682 -166.95554     4.1806    31.0633    1462.65 0.0000e+00
     21.000   72.20682 -166.95555     4.2677    31.1043    1463.08 0.0000e+00
     22.000   72.20682 -166.95556     4.2724    31.1160    1463.13 0.0000e+00
     23.000   72.20682 -166.95556     4.2828    31.1185    1463.19 0.0000e+00
     24.000   72.20682 -166.95556     4.2957    31.1344    1463.28 0.0000e+00
     25.000   72.20682 -166.95558     4.3021    31.1662    1463.37 0.0000e+00
     26.000   72.20682 -166.95558     4.1210    31.3160    1462.82 0.0000e+00
     27.000   72.20682 -166.95558     2.2392    32.1191    1455.79 0.0000e+00
     28.000   72.20682 -166.95559     0.7934    32.3883    1449.72 0.0000e+00
     29.000   72.20682 -166.95560     0.3222    32.4311    1447.66 0.0000e+00
     30.000   72.20682 -166.95560     0.2885    32.4281    1447.52 0.0000e+00
     31.000   72.20682 -166.95560     0.2635    32.4223    1447.41 0.0000e+00
     32.000   72.20682 -166.95562     0.2415    32.4183    1447.32 0.0000e+00
     33.000   72.20682 -166.95562     0.2351    32.4153    1447.30 0.0000e+00
     34.000   72.20682 -166.95562     0.2315    32.4135    1447.30 0.0000e+00
     35.000   72.20682 -166.95564     0.2309    32.4109    1447.31 0.0000e+00
     36.000   72.20682 -166.95564     0.2317    32.4088    1447.33 0.0000e+00
     37.000   72.20682 -166.95569     0.2369    32.4029    1447.36 0.0000e+00
     38.000   72.20682 -166.95572     0.2366    32.4014    1447.37 0.0000e+00
     39.000   72.20682 -166.95574     0.2361    32.4009    1447.39 0.0000e+00
     40.000   72.20682 -166.95574     0.2359    32.4007    1447.40 0.0000e+00
     41.000   72.20682 -166.95576     0.2350    32.4004    1447.41 0.0000e+00
     42.000   72.20682 -166.95576     0.2335    32.4002    1447.42 0.0000e+00
