EcoFOCI/data/1_SampleCollection/2023_SikuliaqDBO_CruiseData/CTD_raw_BottleFile_SKQ23-12S/proc/skq202312s_004svp.cnv
* Sea-Bird SBE 9 Data File:
* FileName = D:\CTD\SKQ202312S\SKQ202312S_004.hex
* Software Version Seasave V 7.26.7.121
* Temperature SN = 6177
* Conductivity SN = 0369
* Number of Bytes Per Scan = 41
* Number of Voltage Words = 4
* Number of Scans Averaged by the Deck Unit = 1
* NMEA Latitude = 62 13.13 N
* NMEA Longitude = 174 52.60 W
* NMEA UTC (Time) = Sep 15 2023  19:57:17
* NMEA baud rate = 4800
** Ship: R/V Sikuliaq
** Station Number: 004
** Station Name: DBO1.3
** Bottom Depth: 75
** Operator: SS
** Dry cast
# nquan = 7
# nvalues = 5544                                  
# units = specified
# name 0 = depSM: Depth [salt water, m]
# name 1 = latitude: Latitude [deg]
# name 2 = longitude: Longitude [deg]
# name 3 = t090C: Temperature [ITS-90, deg C]
# name 4 = sal00: Salinity, Practical [PSU]
# name 5 = svCM: Sound Velocity [Chen-Millero, m/s]
# name 6 = flag:  0.000e+00
# span 0 =      0.971,     70.345                 
# span 1 =   62.21878,   62.21880                 
# span 2 = -174.87668, -174.87664                 
# span 3 =    -1.5485,     7.7793                 
# span 4 =    30.8130,    31.9066                 
# span 5 =    1438.44,    1476.85                 
# span 6 = 0.0000e+00, 0.0000e+00                 
# interval = seconds: 0.0416667
# start_time = Sep 15 2023 20:01:28 [NMEA time, first data scan]
# bad_flag = -9.990e-29
*END*
[from data line 1026]
      7.385   62.21880 -174.87666     7.7041    30.8159    1476.28  0.000e+00
      7.439   62.21880 -174.87666     7.7041    30.8160    1476.28  0.000e+00
      7.439   62.21880 -174.87666     7.7042    30.8173    1476.28  0.000e+00
      7.416   62.21880 -174.87666     7.7047    30.8174    1476.29  0.000e+00
      7.501   62.21880 -174.87666     7.7050    30.8170    1476.29  0.000e+00
      7.501   62.21880 -174.87666     7.7050    30.8169    1476.29  0.000e+00
      7.439   62.21880 -174.87666     7.7053    30.8163    1476.29  0.000e+00
      7.501   62.21880 -174.87666     7.7048    30.8165    1476.29  0.000e+00
      7.555   62.21880 -174.87666     7.7048    30.8164    1476.29  0.000e+00
      7.555   62.21880 -174.87666     7.7052    30.8170    1476.29  0.000e+00
      7.532   62.21880 -174.87666     7.7053    30.8175    1476.29  0.000e+00
      7.555   62.21880 -174.87666     7.7055    30.8174    1476.29  0.000e+00
      7.555   62.21880 -174.87666     7.7053    30.8176    1476.29  0.000e+00
      7.616   62.21880 -174.87666     7.7053    30.8175    1476.29  0.000e+00
      7.555   62.21880 -174.87666     7.7053    30.8169    1476.29  0.000e+00
      7.616   62.21880 -174.87666     7.7052    30.8170    1476.29  0.000e+00
      7.616   62.21880 -174.87666     7.7053    30.8170    1476.29  0.000e+00
      7.670   62.21880 -174.87666     7.7053    30.8171    1476.29  0.000e+00
      7.586   62.21880 -174.87666     7.7055    30.8173    1476.29  0.000e+00
      7.670   62.21880 -174.87666     7.7056    30.8176    1476.29  0.000e+00
      7.670   62.21880 -174.87666     7.7056    30.8178    1476.29  0.000e+00
      7.670   62.21880 -174.87666     7.7060    30.8176    1476.29  0.000e+00
      7.670   62.21880 -174.87666     7.7060    30.8173    1476.29  0.000e+00
      7.732   62.21880 -174.87666     7.7058    30.8173    1476.29  0.000e+00
      7.732   62.21880 -174.87666     7.7061    30.8168    1476.30  0.000e+00
      7.701   62.21880 -174.87666     7.7060    30.8177    1476.30  0.000e+00
      7.732   62.21880 -174.87666     7.7061    30.8175    1476.30  0.000e+00
      7.786   62.21880 -174.87666     7.7058    30.8181    1476.30  0.000e+00
      7.732   62.21880 -174.87666     7.7061    30.8179    1476.30  0.000e+00
      7.732   62.21880 -174.87666     7.7060    30.8171    1476.30  0.000e+00
      7.786   62.21880 -174.87666     7.7060    30.8169    1476.30  0.000e+00
      7.786   62.21880 -174.87666     7.7056    30.8173    1476.29  0.000e+00
      7.786   62.21880 -174.87666     7.7058    30.8169    1476.29  0.000e+00
      7.817   62.21880 -174.87666     7.7060    30.8170    1476.30  0.000e+00
      7.786   62.21880 -174.87666     7.7060    30.8178    1476.30  0.000e+00
      7.840   62.21880 -174.87666     7.7063    30.8176    1476.30  0.000e+00
      7.786   62.21880 -174.87666     7.7063    30.8179    1476.30  0.000e+00
      7.840   62.21880 -174.87666     7.7068    30.8174    1476.30  0.000e+00
      7.840   62.21880 -174.87666     7.7065    30.8178    1476.30  0.000e+00
      7.786   62.21880 -174.87666     7.7069    30.8166    1476.30  0.000e+00
      7.871   62.21880 -174.87666     7.7063    30.8167    1476.30  0.000e+00
      7.840   62.21880 -174.87666     7.7061    30.8167    1476.30  0.000e+00
      7.840   62.21880 -174.87666     7.7058    30.8162    1476.30  0.000e+00
      7.902   62.21880 -174.87666     7.7056    30.8158    1476.29  0.000e+00
      7.902   62.21880 -174.87666     7.7047    30.8162    1476.29  0.000e+00
      7.840   62.21880 -174.87666     7.7048    30.8163    1476.29  0.000e+00
      7.956   62.21880 -174.87666     7.7048    30.8167    1476.29  0.000e+00
      7.871   62.21880 -174.87666     7.7048    30.8167    1476.29  0.000e+00
      7.902   62.21880 -174.87666     7.7052    30.8165    1476.29  0.000e+00
      7.956   62.21880 -174.87666     7.7052    30.8168    1476.30  0.000e+00
      7.902   62.21880 -174.87666     7.7053    30.8173    1476.30  0.000e+00
      7.902   62.21880 -174.87666     7.7055    30.8176    1476.30  0.000e+00
      7.956   62.21880 -174.87666     7.7056    30.8173    1476.30  0.000e+00
      7.902   62.21880 -174.87666     7.7058    30.8171    1476.30  0.000e+00
      7.987   62.21880 -174.87666     7.7058    30.8176    1476.30  0.000e+00
      7.902   62.21880 -174.87666     7.7055    30.8178    1476.30  0.000e+00
      7.956   62.21880 -174.87666     7.7053    30.8177    1476.30  0.000e+00
      8.018   62.21880 -174.87666     7.7055    30.8181    1476.30  0.000e+00
      7.956   62.21880 -174.87666     7.7056    30.8182    1476.30  0.000e+00
      7.956   62.21880 -174.87666     7.7061    30.8177    1476.30  0.000e+00
      8.018   62.21880 -174.87666     7.7061    30.8175    1476.30  0.000e+00
      7.902   62.21880 -174.87666     7.7060    30.8170    1476.30  0.000e+00
      8.041   62.21880 -174.87666     7.7058    30.8173    1476.30  0.000e+00
      8.018   62.21880 -174.87666     7.7056    30.8170    1476.30  0.000e+00
      8.018   62.21880 -174.87666     7.7055    30.8171    1476.30  0.000e+00
      7.956   62.21880 -174.87666     7.7058    30.8168    1476.30  0.000e+00
      8.072   62.21880 -174.87666     7.7055    30.8169    1476.30  0.000e+00
      8.018   62.21880 -174.87666     7.7058    30.8164    1476.30  0.000e+00
      8.072   62.21880 -174.87666     7.7055    30.8170    1476.30  0.000e+00
      7.987   62.21880 -174.87666     7.7056    30.8169    1476.30  0.000e+00
      8.018   62.21880 -174.87666     7.7056    30.8168    1476.30  0.000e+00
      8.072   62.21880 -174.87666     7.7060    30.8165    1476.30  0.000e+00
      8.072   62.21880 -174.87666     7.7056    30.8167    1476.30  0.000e+00
      8.071   62.21880 -174.87666     7.7056    30.8164    1476.30  0.000e+00
      8.071   62.21880 -174.87666     7.7055    30.8161    1476.30  0.000e+00
      8.133   62.21880 -174.87666     7.7052    30.8166    1476.30  0.000e+00
      8.041   62.21880 -174.87666     7.7052    30.8160    1476.30  0.000e+00
      8.133   62.21880 -174.87666     7.7052    30.8158    1476.30  0.000e+00
      8.071   62.21880 -174.87666     7.7050    30.8164    1476.30  0.000e+00
      8.133   62.21880 -174.87666     7.7050    30.8157    1476.30  0.000e+00
      8.071   62.21880 -174.87666     7.7047    30.8157    1476.29  0.000e+00
      8.187   62.21880 -174.87666     7.7047    30.8155    1476.30  0.000e+00
      8.133   62.21880 -174.87666     7.7042    30.8156    1476.29  0.000e+00
      8.156   62.21880 -174.87666     7.7042    30.8162    1476.29  0.000e+00
      8.133   62.21880 -174.87666     7.7044    30.8162    1476.29  0.000e+00
      8.133   62.21880 -174.87666     7.7045    30.8167    1476.30  0.000e+00
      8.187   62.21880 -174.87666     7.7048    30.8172    1476.30  0.000e+00
      8.187   62.21880 -174.87666     7.7050    30.8171    1476.30  0.000e+00
      8.187   62.21880 -174.87666     7.7052    30.8174    1476.30  0.000e+00
      8.133   62.21880 -174.87666     7.7053    30.8174    1476.30  0.000e+00
      8.272   62.21880 -174.87666     7.7055    30.8173    1476.30  0.000e+00
      8.241   62.21880 -174.87666     7.7058    30.8175    1476.30  0.000e+00
      8.187   62.21880 -174.87666     7.7058    30.8180    1476.30  0.000e+00
      8.241   62.21880 -174.87666     7.7060    30.8180    1476.30  0.000e+00
      8.241   62.21880 -174.87666     7.7064    30.8180    1476.31  0.000e+00
      8.241   62.21880 -174.87666     7.7066    30.8180    1476.31  0.000e+00
      8.272   62.21880 -174.87666     7.7074    30.8172    1476.31  0.000e+00
      8.241   62.21880 -174.87666     7.7073    30.8176    1476.31  0.000e+00
      8.241   62.21880 -174.87666     7.7070    30.8183    1476.31  0.000e+00
      8.303   62.21880 -174.87666     7.7073    30.8178    1476.31  0.000e+00
      8.303   62.21880 -174.87666     7.7074    30.8177    1476.31  0.000e+00
      8.241   62.21880 -174.87666     7.7076    30.8172    1476.31  0.000e+00
      8.357   62.21880 -174.87666     7.7076    30.8173    1476.31  0.000e+00
      8.272   62.21880 -174.87666     7.7074    30.8175    1476.31  0.000e+00
      8.303   62.21880 -174.87666     7.7071    30.8178    1476.31  0.000e+00
      8.357   62.21880 -174.87666     7.7073    30.8175    1476.31  0.000e+00
      8.303   62.21880 -174.87666     7.7074    30.8170    1476.31  0.000e+00
      8.303   62.21880 -174.87666     7.7073    30.8169    1476.31  0.000e+00
      8.357   62.21880 -174.87666     7.7071    30.8171    1476.31  0.000e+00
      8.357   62.21880 -174.87666     7.7068    30.8175    1476.31  0.000e+00
      8.334   62.21880 -174.87666     7.7070    30.8171    1476.31  0.000e+00
      8.357   62.21880 -174.87666     7.7066    30.8174    1476.31  0.000e+00
      8.419   62.21880 -174.87666     7.7066    30.8175    1476.31  0.000e+00
      8.357   62.21880 -174.87666     7.7065    30.8178    1476.31  0.000e+00
      8.357   62.21880 -174.87666     7.7064    30.8178    1476.31  0.000e+00
      8.357   62.21880 -174.87666     7.7066    30.8173    1476.31  0.000e+00
      8.419   62.21880 -174.87666     7.7066    30.8175    1476.31  0.000e+00
      8.388   62.21880 -174.87666     7.7066    30.8175    1476.31  0.000e+00
      8.357   62.21880 -174.87666     7.7066    30.8173    1476.31  0.000e+00
      8.419   62.21880 -174.87666     7.7065    30.8173    1476.31  0.000e+00
      8.419   62.21880 -174.87666     7.7066    30.8171    1476.31  0.000e+00
      8.419   62.21880 -174.87666     7.7065    30.8174    1476.31  0.000e+00
      8.419   62.21880 -174.87666     7.7066    30.8171    1476.31  0.000e+00
      8.388   62.21880 -174.87666     7.7065    30.8173    1476.31  0.000e+00
      8.473   62.21880 -174.87666     7.7065    30.8174    1476.31  0.000e+00
      8.419   62.21880 -174.87666     7.7064    30.8174    1476.31  0.000e+00
      8.419   62.21880 -174.87666     7.7063    30.8176    1476.31  0.000e+00
      8.419   62.21880 -174.87666     7.7061    30.8174    1476.31  0.000e+00
      8.473   62.21880 -174.87666     7.7065    30.8173    1476.31  0.000e+00
      8.419   62.21880 -174.87666     7.7061    30.8176    1476.31  0.000e+00
      8.442   62.21880 -174.87666     7.7061    30.8179    1476.31  0.000e+00
      8.473   62.21880 -174.87666     7.7061    30.8174    1476.31  0.000e+00
      8.419   62.21880 -174.87666     7.7060    30.8172    1476.31  0.000e+00
      8.473   62.21880 -174.87666     7.7063    30.8174    1476.31  0.000e+00
      8.473   62.21880 -174.87666     7.7063    30.8177    1476.31  0.000e+00
      8.473   62.21880 -174.87666     7.7066    30.8173    1476.31  0.000e+00
      8.473   62.21880 -174.87666     7.7065    30.8173    1476.31  0.000e+00
      8.503   62.21880 -174.87666     7.7065    30.8174    1476.31  0.000e+00
      8.473   62.21880 -174.87666     7.7066    30.8170    1476.31  0.000e+00
      8.473   62.21880 -174.87666     7.7066    30.8174    1476.31  0.000e+00
      8.473   62.21880 -174.87666     7.7066    30.8174    1476.31  0.000e+00
      8.473   62.21880 -174.87666     7.7068    30.8174    1476.31  0.000e+00
      8.473   62.21880 -174.87666     7.7066    30.8176    1476.31  0.000e+00
      8.503   62.21880 -174.87666     7.7066    30.8173    1476.31  0.000e+00
      8.419   62.21880 -174.87666     7.7066    30.8174    1476.31  0.000e+00
      8.473   62.21880 -174.87666     7.7063    30.8178    1476.31  0.000e+00
      8.534   62.21880 -174.87666     7.7065    30.8173    1476.31  0.000e+00
      8.473   62.21880 -174.87666     7.7063    30.8180    1476.31  0.000e+00
      8.473   62.21880 -174.87666     7.7064    30.8175    1476.31  0.000e+00
      8.534   62.21880 -174.87666     7.7066    30.8176    1476.31  0.000e+00
      8.442   62.21880 -174.87666     7.7066    30.8175    1476.31  0.000e+00
      8.534   62.21880 -174.87666     7.7068    30.8171    1476.31  0.000e+00
      8.534   62.21880 -174.87666     7.7061    30.8176    1476.31  0.000e+00
      8.473   62.21880 -174.87666     7.7061    30.8177    1476.31  0.000e+00
      8.534   62.21880 -174.87666     7.7060    30.8175    1476.31  0.000e+00
      8.473   62.21880 -174.87666     7.7061    30.8174    1476.31  0.000e+00
      8.503   62.21880 -174.87666     7.7060    30.8173    1476.31  0.000e+00
      8.534   62.21880 -174.87666     7.7061    30.8177    1476.31  0.000e+00
      8.534   62.21880 -174.87666     7.7061    30.8176    1476.31  0.000e+00
      8.534   62.21880 -174.87666     7.7060    30.8180    1476.31  0.000e+00
      8.534   62.21880 -174.87666     7.7061    30.8180    1476.31  0.000e+00
      8.534   62.21880 -174.87666     7.7063    30.8183    1476.31  0.000e+00
      8.534   62.21880 -174.87666     7.7063    30.8180    1476.31  0.000e+00
      8.557   62.21880 -174.87666     7.7064    30.8179    1476.31  0.000e+00
      8.534   62.21880 -174.87666     7.7065    30.8178    1476.31  0.000e+00
      8.534   62.21880 -174.87666     7.7063    30.8178    1476.31  0.000e+00
      8.588   62.21880 -174.87666     7.7066    30.8176    1476.31  0.000e+00
      8.534   62.21880 -174.87666     7.7070    30.8174    1476.31  0.000e+00
      8.588   62.21880 -174.87666     7.7074    30.8173    1476.32  0.000e+00
      8.534   62.21880 -174.87666     7.7078    30.8173    1476.32  0.000e+00
      8.557   62.21880 -174.87666     7.7074    30.8173    1476.31  0.000e+00
      8.588   62.21880 -174.87666     7.7069    30.8179    1476.31  0.000e+00
      8.588   62.21880 -174.87666     7.7071    30.8175    1476.31  0.000e+00
      8.588   62.21880 -174.87666     7.7071    30.8180    1476.31  0.000e+00
      8.642   62.21880 -174.87666     7.7071    30.8176    1476.31  0.000e+00
      8.588   62.21880 -174.87666     7.7065    30.8181    1476.31  0.000e+00
      8.619   62.21880 -174.87666     7.7064    30.8181    1476.31  0.000e+00
      8.642   62.21880 -174.87666     7.7065    30.8177    1476.31  0.000e+00
      8.642   62.21880 -174.87666     7.7063    30.8178    1476.31  0.000e+00
      8.588   62.21880 -174.87666     7.7064    30.8179    1476.31  0.000e+00
      8.642   62.21880 -174.87666     7.7065    30.8176    1476.31  0.000e+00
      8.642   62.21880 -174.87666     7.7066    30.8170    1476.31  0.000e+00
      8.588   62.21880 -174.87666     7.7063    30.8175    1476.31  0.000e+00
      8.727   62.21880 -174.87666     7.7061    30.8178    1476.31  0.000e+00
      8.704   62.21880 -174.87666     7.7061    30.8175    1476.31  0.000e+00
      8.642   62.21880 -174.87666     7.7061    30.8174    1476.31  0.000e+00
      8.704   62.21880 -174.87666     7.7061    30.8174    1476.31  0.000e+00
      8.704   62.21880 -174.87666     7.7061    30.8171    1476.31  0.000e+00
      8.704   62.21880 -174.87666     7.7063    30.8172    1476.31  0.000e+00
      8.619   62.21880 -174.87666     7.7061    30.8172    1476.31  0.000e+00
      8.820   62.21880 -174.87666     7.7063    30.8172    1476.31  0.000e+00
      8.704   62.21880 -174.87666     7.7063    30.8175    1476.31  0.000e+00
      8.758   62.21880 -174.87666     7.7061    30.8179    1476.31  0.000e+00
      8.758   62.21880 -174.87666     7.7063    30.8175    1476.31  0.000e+00
      8.758   62.21880 -174.87666     7.7063    30.8175    1476.31  0.000e+00
      8.789   62.21880 -174.87666     7.7063    30.8174    1476.31  0.000e+00
      8.820   62.21880 -174.87666     7.7061    30.8176    1476.31  0.000e+00
      8.704   62.21880 -174.87666     7.7063    30.8177    1476.31  0.000e+00
      8.874   62.21880 -174.87666     7.7061    30.8175    1476.31  0.000e+00
      8.820   62.21880 -174.87666     7.7061    30.8171    1476.31  0.000e+00
      8.820   62.21880 -174.87666     7.7060    30.8164    1476.31  0.000e+00
      8.820   62.21880 -174.87666     7.7053    30.8169    1476.31  0.000e+00
      8.843   62.21880 -174.87666     7.7055    30.8177    1476.31  0.000e+00
      8.874   62.21880 -174.87666     7.7061    30.8183    1476.32  0.000e+00
