EcoFOCI/data/1_SampleCollection/2023_SikuliaqDBO_CruiseData/CTD_raw_BottleFile_SKQ23-12S/proc/skq202312s_056svp.cnv
* Sea-Bird SBE 9 Data File:
* FileName = D:\CTD\SKQ202312S\SKQ202312S_056.hex
* Software Version Seasave V 7.26.7.121
* Temperature SN = 6177
* Conductivity SN = 0369
* Number of Bytes Per Scan = 41
* Number of Voltage Words = 4
* Number of Scans Averaged by the Deck Unit = 1
* NMEA Latitude = 71 11.69 N
* NMEA Longitude = 164 11.92 W
* NMEA UTC (Time) = Sep 27 2023  06:41:16
* NMEA baud rate = 4800
** Ship: R/V Sikuliaq
** Station Number: 056
** Station Name: IC6
** Bottom Depth: 44
** Operator: SD
# nquan = 7
# nvalues = 3968                                  
# units = specified
# name 0 = depSM: Depth [salt water, m]
# name 1 = latitude: Latitude [deg]
# name 2 = longitude: Longitude [deg]
# name 3 = t090C: Temperature [ITS-90, deg C]
# name 4 = sal00: Salinity, Practical [PSU]
# name 5 = svCM: Sound Velocity [Chen-Millero, m/s]
# name 6 = flag:  0.000e+00
# span 0 =      2.089,     38.866                 
# span 1 =   71.19488,   71.19490                 
# span 2 = -164.19864, -164.19862                 
# span 3 =    -0.8832,     4.6042                 
# span 4 =    30.9011,    32.4079                 
# span 5 =    1442.06,    1464.71                 
# span 6 = 0.0000e+00, 0.0000e+00                 
# interval = seconds: 0.0416667
# start_time = Sep 27 2023 06:45:52 [NMEA time, first data scan]
# bad_flag = -9.990e-29
*END*
[from data line 3077]
     33.775   71.19488 -164.19864    -0.8339    32.3620    1442.27  0.000e+00
     33.729   71.19488 -164.19864    -0.8301    32.3599    1442.28  0.000e+00
     33.775   71.19488 -164.19864    -0.8281    32.3594    1442.29  0.000e+00
     33.791   71.19488 -164.19864    -0.8276    32.3600    1442.29  0.000e+00
     33.729   71.19488 -164.19864    -0.8247    32.3584    1442.31  0.000e+00
     33.775   71.19488 -164.19864    -0.8193    32.3557    1442.33  0.000e+00
     33.791   71.19488 -164.19864    -0.8138    32.3525    1442.35  0.000e+00
     33.775   71.19488 -164.19864    -0.8111    32.3525    1442.36  0.000e+00
     33.729   71.19488 -164.19864    -0.8101    32.3555    1442.37  0.000e+00
     33.729   71.19488 -164.19864    -0.8066    32.3576    1442.39  0.000e+00
     33.775   71.19488 -164.19864    -0.8014    32.3587    1442.42  0.000e+00
     33.729   71.19488 -164.19864    -0.7960    32.3591    1442.44  0.000e+00
     33.721   71.19488 -164.19864    -0.7943    32.3614    1442.45  0.000e+00
     33.729   71.19488 -164.19864    -0.7937    32.3638    1442.46  0.000e+00
     33.729   71.19488 -164.19864    -0.7924    32.3661    1442.47  0.000e+00
     33.775   71.19488 -164.19864    -0.7900    32.3650    1442.48  0.000e+00
     33.729   71.19488 -164.19864    -0.7890    32.3645    1442.48  0.000e+00
     33.721   71.19488 -164.19864    -0.7910    32.3671    1442.48  0.000e+00
     33.729   71.19488 -164.19864    -0.7914    32.3661    1442.47  0.000e+00
     33.790   71.19488 -164.19864    -0.7887    32.3629    1442.48  0.000e+00
     33.721   71.19488 -164.19864    -0.7838    32.3571    1442.50  0.000e+00
     33.729   71.19488 -164.19864    -0.7798    32.3511    1442.51  0.000e+00
     33.775   71.19488 -164.19864    -0.7781    32.3472    1442.51  0.000e+00
     33.729   71.19488 -164.19864    -0.7789    32.3471    1442.51  0.000e+00
     33.728   71.19488 -164.19864    -0.7795    32.3459    1442.50  0.000e+00
     33.721   71.19488 -164.19864    -0.7834    32.3471    1442.48  0.000e+00
     33.728   71.19488 -164.19864    -0.7898    32.3504    1442.46  0.000e+00
     33.728   71.19488 -164.19864    -0.7927    32.3509    1442.45  0.000e+00
     33.721   71.19488 -164.19864    -0.7942    32.3517    1442.44  0.000e+00
     33.728   71.19488 -164.19864    -0.7962    32.3525    1442.43  0.000e+00
     33.775   71.19488 -164.19864    -0.7978    32.3520    1442.42  0.000e+00
     33.674   71.19488 -164.19864    -0.8011    32.3529    1442.41  0.000e+00
     33.790   71.19488 -164.19864    -0.8100    32.3604    1442.38  0.000e+00
     33.721   71.19488 -164.19864    -0.8175    32.3676    1442.35  0.000e+00
     33.728   71.19488 -164.19864    -0.8206    32.3703    1442.34  0.000e+00
     33.721   71.19488 -164.19864    -0.8199    32.3697    1442.34  0.000e+00
     33.728   71.19488 -164.19864    -0.8209    32.3721    1442.34  0.000e+00
     33.790   71.19488 -164.19864    -0.8220    32.3743    1442.34  0.000e+00
     33.720   71.19488 -164.19864    -0.8214    32.3754    1442.34  0.000e+00
     33.790   71.19488 -164.19864    -0.8232    32.3780    1442.34  0.000e+00
     33.720   71.19488 -164.19864    -0.8289    32.3847    1442.32  0.000e+00
     33.728   71.19488 -164.19864    -0.8350    32.3921    1442.30  0.000e+00
     33.728   71.19488 -164.19864    -0.8398    32.3984    1442.29  0.000e+00
     33.720   71.19488 -164.19864    -0.8406    32.3990    1442.29  0.000e+00
     33.728   71.19488 -164.19864    -0.8407    32.3986    1442.28  0.000e+00
     33.774   71.19488 -164.19864    -0.8421    32.3997    1442.28  0.000e+00
     33.728   71.19488 -164.19864    -0.8421    32.4005    1442.28  0.000e+00
     33.728   71.19488 -164.19864    -0.8366    32.3955    1442.30  0.000e+00
     33.774   71.19488 -164.19864    -0.8234    32.3828    1442.35  0.000e+00
     33.728   71.19488 -164.19864    -0.8078    32.3678    1442.40  0.000e+00
     33.774   71.19488 -164.19864    -0.7935    32.3540    1442.45  0.000e+00
     33.728   71.19488 -164.19864    -0.7887    32.3505    1442.46  0.000e+00
     33.790   71.19488 -164.19864    -0.7901    32.3534    1442.46  0.000e+00
     33.774   71.19488 -164.19864    -0.7925    32.3567    1442.46  0.000e+00
     33.728   71.19488 -164.19864    -0.7955    32.3592    1442.44  0.000e+00
     33.774   71.19488 -164.19864    -0.7958    32.3583    1442.44  0.000e+00
     33.728   71.19488 -164.19864    -0.7957    32.3575    1442.44  0.000e+00
     33.728   71.19488 -164.19864    -0.7978    32.3593    1442.43  0.000e+00
     33.774   71.19488 -164.19864    -0.8000    32.3615    1442.43  0.000e+00
     33.789   71.19488 -164.19864    -0.8012    32.3638    1442.42  0.000e+00
     33.774   71.19488 -164.19864    -0.8015    32.3647    1442.42  0.000e+00
     33.728   71.19488 -164.19864    -0.8021    32.3658    1442.42  0.000e+00
     33.789   71.19488 -164.19864    -0.8027    32.3663    1442.42  0.000e+00
     33.720   71.19488 -164.19864    -0.8026    32.3646    1442.42  0.000e+00
     33.789   71.19488 -164.19864    -0.8018    32.3615    1442.42  0.000e+00
     33.789   71.19488 -164.19864    -0.8012    32.3594    1442.42  0.000e+00
     33.774   71.19488 -164.19864    -0.8034    32.3606    1442.41  0.000e+00
     33.789   71.19488 -164.19864    -0.8032    32.3584    1442.41  0.000e+00
     33.774   71.19488 -164.19864    -0.8047    32.3586    1442.40  0.000e+00
     33.789   71.19488 -164.19864    -0.8080    32.3615    1442.39  0.000e+00
     33.789   71.19488 -164.19864    -0.8093    32.3628    1442.38  0.000e+00
     33.774   71.19488 -164.19864    -0.8091    32.3626    1442.39  0.000e+00
     33.789   71.19488 -164.19864    -0.8075    32.3616    1442.39  0.000e+00
     33.774   71.19488 -164.19864    -0.8055    32.3611    1442.40  0.000e+00
     33.789   71.19488 -164.19864    -0.8040    32.3600    1442.41  0.000e+00
     33.789   71.19488 -164.19864    -0.8034    32.3586    1442.41  0.000e+00
     33.774   71.19488 -164.19864    -0.8041    32.3589    1442.40  0.000e+00
     33.789   71.19488 -164.19864    -0.8091    32.3643    1442.39  0.000e+00
     33.774   71.19488 -164.19864    -0.8145    32.3700    1442.37  0.000e+00
     33.789   71.19488 -164.19864    -0.8157    32.3714    1442.37  0.000e+00
     33.789   71.19488 -164.19864    -0.8132    32.3682    1442.37  0.000e+00
     33.774   71.19488 -164.19864    -0.8100    32.3637    1442.38  0.000e+00
     33.789   71.19488 -164.19864    -0.8070    32.3589    1442.39  0.000e+00
     33.827   71.19488 -164.19864    -0.8047    32.3545    1442.40  0.000e+00
     33.727   71.19488 -164.19864    -0.8041    32.3527    1442.39  0.000e+00
     33.843   71.19488 -164.19864    -0.8037    32.3498    1442.39  0.000e+00
     33.773   71.19488 -164.19864    -0.8015    32.3470    1442.40  0.000e+00
     33.789   71.19488 -164.19864    -0.7998    32.3459    1442.41  0.000e+00
     33.773   71.19488 -164.19864    -0.7992    32.3461    1442.41  0.000e+00
     33.789   71.19488 -164.19864    -0.8006    32.3472    1442.40  0.000e+00
     33.789   71.19488 -164.19864    -0.8015    32.3477    1442.40  0.000e+00
     33.773   71.19488 -164.19864    -0.8005    32.3474    1442.41  0.000e+00
     33.843   71.19488 -164.19864    -0.7989    32.3461    1442.41  0.000e+00
     33.773   71.19488 -164.19864    -0.7981    32.3461    1442.41  0.000e+00
     33.789   71.19488 -164.19864    -0.7965    32.3454    1442.42  0.000e+00
     33.789   71.19488 -164.19864    -0.7961    32.3458    1442.42  0.000e+00
     33.773   71.19488 -164.19864    -0.7962    32.3454    1442.42  0.000e+00
     33.789   71.19488 -164.19864    -0.7966    32.3454    1442.42  0.000e+00
     33.719   71.19488 -164.19864    -0.7988    32.3470    1442.41  0.000e+00
     33.904   71.19488 -164.19864    -0.7995    32.3468    1442.41  0.000e+00
     33.727   71.19488 -164.19864    -0.8035    32.3508    1442.39  0.000e+00
     33.827   71.19488 -164.19864    -0.8120    32.3586    1442.37  0.000e+00
     33.788   71.19488 -164.19864    -0.8215    32.3679    1442.33  0.000e+00
     33.788   71.19488 -164.19864    -0.8250    32.3704    1442.32  0.000e+00
     33.773   71.19488 -164.19864    -0.8229    32.3667    1442.33  0.000e+00
     33.788   71.19488 -164.19864    -0.8212    32.3628    1442.33  0.000e+00
     33.773   71.19488 -164.19864    -0.8212    32.3604    1442.33  0.000e+00
     33.788   71.19488 -164.19864    -0.8230    32.3605    1442.32  0.000e+00
     33.788   71.19488 -164.19864    -0.8235    32.3569    1442.31  0.000e+00
     33.827   71.19488 -164.19864    -0.8214    32.3502    1442.31  0.000e+00
     33.842   71.19488 -164.19864    -0.8223    32.3473    1442.30  0.000e+00
     33.773   71.19488 -164.19864    -0.8305    32.3531    1442.27  0.000e+00
     33.842   71.19488 -164.19864    -0.8406    32.3625    1442.24  0.000e+00
     33.788   71.19488 -164.19864    -0.8493    32.3717    1442.21  0.000e+00
     33.827   71.19488 -164.19864    -0.8551    32.3786    1442.19  0.000e+00
     33.788   71.19488 -164.19864    -0.8559    32.3814    1442.19  0.000e+00
     33.827   71.19488 -164.19864    -0.8534    32.3786    1442.20  0.000e+00
     33.788   71.19488 -164.19864    -0.8476    32.3730    1442.22  0.000e+00
     33.788   71.19488 -164.19864    -0.8444    32.3698    1442.23  0.000e+00
     33.827   71.19488 -164.19864    -0.8436    32.3699    1442.23  0.000e+00
     33.788   71.19488 -164.19864    -0.8421    32.3690    1442.24  0.000e+00
     33.827   71.19488 -164.19864    -0.8392    32.3653    1442.25  0.000e+00
     33.726   71.19488 -164.19864    -0.8398    32.3636    1442.24  0.000e+00
     33.788   71.19488 -164.19864    -0.8418    32.3629    1442.23  0.000e+00
     33.827   71.19488 -164.19864    -0.8443    32.3624    1442.22  0.000e+00
     33.788   71.19488 -164.19864    -0.8458    32.3625    1442.21  0.000e+00
     33.772   71.19488 -164.19864    -0.8448    32.3603    1442.21  0.000e+00
     33.788   71.19488 -164.19864    -0.8430    32.3587    1442.22  0.000e+00
     33.788   71.19488 -164.19864    -0.8423    32.3579    1442.22  0.000e+00
     33.772   71.19488 -164.19864    -0.8415    32.3565    1442.22  0.000e+00
     33.788   71.19488 -164.19864    -0.8413    32.3562    1442.23  0.000e+00
     33.657   71.19488 -164.19864    -0.8407    32.3552    1442.22  0.000e+00
     33.842   71.19488 -164.19864    -0.8392    32.3546    1442.23  0.000e+00
     33.788   71.19488 -164.19864    -0.8379    32.3557    1442.24  0.000e+00
     33.772   71.19488 -164.19864    -0.8378    32.3561    1442.24  0.000e+00
     33.788   71.19488 -164.19864    -0.8370    32.3566    1442.25  0.000e+00
     33.726   71.19488 -164.19864    -0.8365    32.3571    1442.25  0.000e+00
     33.772   71.19488 -164.19864    -0.8361    32.3559    1442.25  0.000e+00
     33.788   71.19488 -164.19864    -0.8381    32.3561    1442.24  0.000e+00
     33.718   71.19488 -164.19864    -0.8410    32.3581    1442.23  0.000e+00
     33.788   71.19488 -164.19864    -0.8436    32.3605    1442.22  0.000e+00
     33.726   71.19488 -164.19864    -0.8459    32.3621    1442.21  0.000e+00
     33.772   71.19488 -164.19864    -0.8465    32.3626    1442.21  0.000e+00
     33.726   71.19488 -164.19864    -0.8445    32.3599    1442.21  0.000e+00
     33.718   71.19488 -164.19864    -0.8421    32.3584    1442.22  0.000e+00
     33.787   71.19488 -164.19864    -0.8406    32.3567    1442.23  0.000e+00
     33.726   71.19488 -164.19864    -0.8426    32.3590    1442.22  0.000e+00
     33.718   71.19488 -164.19864    -0.8459    32.3624    1442.21  0.000e+00
     33.787   71.19488 -164.19864    -0.8482    32.3648    1442.20  0.000e+00
     33.718   71.19488 -164.19864    -0.8492    32.3665    1442.20  0.000e+00
     33.726   71.19488 -164.19864    -0.8510    32.3686    1442.20  0.000e+00
     33.726   71.19488 -164.19864    -0.8522    32.3699    1442.19  0.000e+00
     33.718   71.19488 -164.19864    -0.8499    32.3690    1442.20  0.000e+00
     33.726   71.19488 -164.19864    -0.8447    32.3641    1442.22  0.000e+00
     33.718   71.19488 -164.19864    -0.8396    32.3598    1442.24  0.000e+00
     33.726   71.19488 -164.19864    -0.8361    32.3568    1442.25  0.000e+00
     33.726   71.19488 -164.19864    -0.8339    32.3555    1442.26  0.000e+00
     33.718   71.19488 -164.19864    -0.8310    32.3537    1442.27  0.000e+00
     33.725   71.19488 -164.19864    -0.8286    32.3517    1442.28  0.000e+00
     33.718   71.19488 -164.19864    -0.8267    32.3499    1442.28  0.000e+00
     33.725   71.19488 -164.19864    -0.8252    32.3493    1442.29  0.000e+00
     33.725   71.19488 -164.19864    -0.8226    32.3471    1442.30  0.000e+00
     33.656   71.19488 -164.19864    -0.8199    32.3452    1442.31  0.000e+00
     33.725   71.19488 -164.19864    -0.8195    32.3456    1442.31  0.000e+00
     33.718   71.19488 -164.19864    -0.8198    32.3467    1442.31  0.000e+00
     33.725   71.19488 -164.19864    -0.8197    32.3466    1442.31  0.000e+00
     33.725   71.19488 -164.19864    -0.8195    32.3465    1442.31  0.000e+00
     33.718   71.19488 -164.19864    -0.8193    32.3470    1442.32  0.000e+00
     33.671   71.19488 -164.19864    -0.8197    32.3485    1442.31  0.000e+00
     33.772   71.19488 -164.19864    -0.8207    32.3512    1442.32  0.000e+00
     33.671   71.19488 -164.19864    -0.8224    32.3540    1442.31  0.000e+00
     33.671   71.19488 -164.19864    -0.8240    32.3579    1442.31  0.000e+00
     33.717   71.19488 -164.19864    -0.8264    32.3621    1442.30  0.000e+00
     33.671   71.19488 -164.19864    -0.8292    32.3647    1442.29  0.000e+00
     33.725   71.19488 -164.19864    -0.8307    32.3635    1442.28  0.000e+00
     33.717   71.19488 -164.19864    -0.8339    32.3607    1442.26  0.000e+00
     33.725   71.19488 -164.19864    -0.8388    32.3586    1442.24  0.000e+00
     33.771   71.19488 -164.19864    -0.8413    32.3606    1442.23  0.000e+00
     33.725   71.19488 -164.19864    -0.8358    32.3591    1442.25  0.000e+00
     33.725   71.19488 -164.19864    -0.8285    32.3541    1442.28  0.000e+00
     33.825   71.19488 -164.19864    -0.8234    32.3481    1442.30  0.000e+00
     33.725   71.19488 -164.19864    -0.8224    32.3438    1442.30  0.000e+00
     33.771   71.19488 -164.19864    -0.8264    32.3462    1442.28  0.000e+00
     33.725   71.19488 -164.19864    -0.8305    32.3530    1442.27  0.000e+00
     33.787   71.19488 -164.19864    -0.8327    32.3587    1442.27  0.000e+00
     33.717   71.19488 -164.19864    -0.8306    32.3584    1442.28  0.000e+00
     33.725   71.19488 -164.19864    -0.8261    32.3561    1442.30  0.000e+00
     33.771   71.19488 -164.19864    -0.8207    32.3536    1442.32  0.000e+00
     33.787   71.19488 -164.19864    -0.8190    32.3548    1442.33  0.000e+00
     33.787   71.19488 -164.19864    -0.8178    32.3545    1442.33  0.000e+00
     33.771   71.19488 -164.19864    -0.8179    32.3516    1442.33  0.000e+00
     33.787   71.19488 -164.19864    -0.8197    32.3478    1442.32  0.000e+00
     33.825   71.19488 -164.19864    -0.8221    32.3442    1442.30  0.000e+00
     33.786   71.19488 -164.19864    -0.8261    32.3457    1442.28  0.000e+00
     33.840   71.19488 -164.19864    -0.8281    32.3448    1442.27  0.000e+00
     33.825   71.19488 -164.19864    -0.8308    32.3432    1442.26  0.000e+00
     33.840   71.19488 -164.19864    -0.8342    32.3461    1442.25  0.000e+00
     33.825   71.19488 -164.19864    -0.8355    32.3500    1442.24  0.000e+00
     33.840   71.19488 -164.19864    -0.8352    32.3526    1442.25  0.000e+00
     33.840   71.19488 -164.19864    -0.8351    32.3530    1442.25  0.000e+00
     33.825   71.19488 -164.19864    -0.8357    32.3542    1442.25  0.000e+00
     33.902   71.19488 -164.19864    -0.8359    32.3542    1442.25  0.000e+00
     33.825   71.19488 -164.19864    -0.8370    32.3540    1442.24  0.000e+00
     33.902   71.19488 -164.19864    -0.8388    32.3545    1442.24  0.000e+00
     33.840   71.19488 -164.19864    -0.8407    32.3572    1442.23  0.000e+00
