EcoFOCI/data/1_SampleCollection/2023_SikuliaqDBO_CruiseData/CTD_raw_BottleFile_SKQ23-12S/proc/skq202312s_082.ros
* Sea-Bird SBE 9 Data File:
* FileName = D:\CTD\SKQ202312S\SKQ202312S_082.hex
* Software Version Seasave V 7.26.7.121
* Temperature SN = 6177
* Conductivity SN = 0369
* Number of Bytes Per Scan = 41
* Number of Voltage Words = 4
* Number of Scans Averaged by the Deck Unit = 1
* NMEA Latitude = 65 40.20 N
* NMEA Longitude = 168 22.04 W
* NMEA UTC (Time) = Oct 03 2023  09:48:47
* NMEA baud rate = 4800
** Ship: R/V Sikuliaq
** Station Number: 082
** Station Name: BS3
** Bottom Depth: 54
** Operator: SD
# nquan = 22
# nvalues = 882                                   
# units = specified
# name 0 = depSM: Depth [salt water, m]
# name 1 = latitude: Latitude [deg]
# name 2 = longitude: Longitude [deg]
# name 3 = prDM: Pressure, Digiquartz [db]
# name 4 = t090C: Temperature [ITS-90, deg C]
# name 5 = t190C: Temperature, 2 [ITS-90, deg C]
# name 6 = potemp090C: Potential Temperature [ITS-90, deg C]
# name 7 = sal00: Salinity, Practical [PSU]
# name 8 = sal11: Salinity, Practical, 2 [PSU]
# name 9 = density00: Density [density, kg/m^3]
# name 10 = sigma-é00: Density [sigma-theta, kg/m^3]
# name 11 = sbox0Mm/Kg: Oxygen, SBE 43 [umol/kg]
# name 12 = sbox1Mm/Kg: Oxygen, SBE 43, 2 [umol/kg]
# name 13 = oxsolMm/Kg: Oxygen Saturation, Garcia & Gordon [umol/kg]
# name 14 = sbeox0PS: Oxygen, SBE 43 [% saturation]
# name 15 = v0: Voltage 0
# name 16 = flECO-AFL: Fluorescence, WET Labs ECO-AFL/FL [mg/m^3]
# name 17 = CStarAt0: Beam Attenuation, WET Labs C-Star [1/m]
# name 18 = par: PAR/Irradiance, Biospherical/Licor
# name 19 = scan: Scan Count
# name 20 = nbf: Bottles Fired
# name 21 = flag:  0.000e+00
# interval = seconds: 0.0416667
# start_time = Oct 03 2023 09:52:12 [NMEA time, first data scan]
# bad_flag = -9.990e-29
*END*
[from data line 198]
     39.919   65.66978 -168.36878     40.320     3.0231     3.0244     3.0208    32.8618    32.8722  1026.3658    26.1766    246.369    237.831  327.64191     75.195     0.2088     0.9047     0.8663 1.0000e-12       7522          5  0.000e+00
     39.850   65.66978 -168.36878     40.250     3.0233     3.0243     3.0210    32.8617    32.8720  1026.3654    26.1765    246.325    237.824  327.64083     75.182     0.2063     0.8901     0.8663 1.0000e-12       7523          5  0.000e+00
     39.858   65.66978 -168.36878     40.258     3.0233     3.0243     3.0210    32.8615    32.8721  1026.3652    26.1764    246.322    237.816  327.64134     75.180     0.2076     0.8974     0.8676 1.0000e-12       7524          5  0.000e+00
     39.919   65.66978 -168.36878     40.320     3.0233     3.0244     3.0210    32.8616    32.8720  1026.3656    26.1764    246.321    237.809  327.64122     75.180     0.2063     0.8901     0.8663 1.0000e-12       7525          5  0.000e+00
     39.858   65.66978 -168.36878     40.258     3.0233     3.0243     3.0210    32.8617    32.8722  1026.3654    26.1765    246.317    237.798  327.64084     75.179     0.2063     0.8901     0.8676 1.0000e-12       7526          5  0.000e+00
     39.912   65.66978 -168.36878     40.312     3.0233     3.0244     3.0210    32.8616    32.8720  1026.3656    26.1765    246.319    237.789  327.64101     75.179     0.2051     0.8828     0.8663 1.0000e-12       7527          5  0.000e+00
     39.919   65.66978 -168.36878     40.320     3.0231     3.0244     3.0208    32.8618    32.8720  1026.3658    26.1767    246.538    237.801  327.64181     75.246     0.2063     0.8901     0.8676 1.0000e-12       7528          5  0.000e+00
     39.858   65.66978 -168.36878     40.258     3.0234     3.0243     3.0211    32.8613    32.8720  1026.3651    26.1762    246.137    237.813  327.64045     75.124     0.2051     0.8828     0.8676 1.0000e-12       7529          5  0.000e+00
     39.857   65.66978 -168.36878     40.258     3.0233     3.0244     3.0210    32.8618    32.8719  1026.3655    26.1766    246.324    237.824  327.64054     75.181     0.2063     0.8901     0.8676 1.0000e-12       7530          5  0.000e+00
     39.912   65.66978 -168.36878     40.312     3.0233     3.0243     3.0210    32.8614    32.8719  1026.3654    26.1763    246.332    237.839  327.64171     75.183     0.2076     0.8974     0.8676 1.0000e-12       7531          5  0.000e+00
     39.919   65.66978 -168.36878     40.320     3.0233     3.0246     3.0210    32.8616    32.8719  1026.3656    26.1764    246.340    237.849  327.64122     75.186     0.2063     0.8901     0.8740 1.0000e-12       7532          5  0.000e+00
     39.857   65.66978 -168.36880     40.258     3.0236     3.0244     3.0213    32.8611    32.8719  1026.3649    26.1761    246.345    237.666  327.63966     75.188     0.2063     0.8901     0.8792 1.0000e-12       7533          5  0.000e+00
     39.911   65.66978 -168.36880     40.312     3.0233     3.0243     3.0210    32.8614    32.8723  1026.3654    26.1763    246.141    237.635  327.64161     75.125     0.2051     0.8828     0.8818 1.0000e-12       7534          5  0.000e+00
     39.919   65.66978 -168.36880     40.320     3.0233     3.0244     3.0210    32.8614    32.8723  1026.3655    26.1763    246.120    237.601  327.64152     75.119     0.2063     0.8901     0.8805 1.0000e-12       7535          5  0.000e+00
     39.857   65.66978 -168.36880     40.258     3.0233     3.0244     3.0210    32.8616    32.8723  1026.3653    26.1764    246.098    237.761  327.64114     75.112     0.2063     0.8901     0.8805 1.0000e-12       7536          5  0.000e+00
     39.919   65.66978 -168.36880     40.320     3.0234     3.0246     3.0211    32.8615    32.8721  1026.3655    26.1764    246.083    237.556  327.64003     75.108     0.2076     0.8974     0.8805 1.0000e-12       7537          5  0.000e+00
     39.911   65.66978 -168.36880     40.312     3.0231     3.0244     3.0208    32.8614    32.8718  1026.3654    26.1763    246.072    237.524  327.64291     75.104     0.2063     0.8901     0.8805 1.0000e-12       7538          5  0.000e+00
     39.919   65.66978 -168.36880     40.320     3.0234     3.0244     3.0211    32.8614    32.8719  1026.3654    26.1763    246.060    237.684  327.64033     75.101     0.2063     0.8901     0.8805 1.0000e-12       7539          5  0.000e+00
     39.919   65.66978 -168.36880     40.320     3.0233     3.0243     3.0210    32.8617    32.8721  1026.3657    26.1765    246.271    237.478  327.64082     75.165     0.2076     0.8974     0.8805 1.0000e-12       7540          5  0.000e+00
     39.919   65.66978 -168.36880     40.320     3.0234     3.0243     3.0211    32.8615    32.8724  1026.3655    26.1763    246.046    237.466  327.64013     75.096     0.2063     0.8901     0.8805 1.0000e-12       7541          5  0.000e+00
     39.911   65.66978 -168.36880     40.312     3.0231     3.0244     3.0208    32.8616    32.8721  1026.3656    26.1765    246.006    237.432  327.64230     75.084     0.2076     0.8974     0.8805 8.4714e-06       7542          5  0.000e+00
     39.919   65.66978 -168.36880     40.320     3.0234     3.0243     3.0211    32.8613    32.8721  1026.3653    26.1762    246.002    237.423  327.64063     75.083     0.2063     0.8901     0.8805 1.0000e-12       7543          5  0.000e+00
     39.919   65.66978 -168.36880     40.320     3.0233     3.0243     3.0210    32.8616    32.8724  1026.3656    26.1764    246.437    237.389  327.64122     75.216     0.2063     0.8901     0.8805 1.0000e-12       7544          5  0.000e+00
     39.919   65.66978 -168.36880     40.320     3.0233     3.0244     3.0210    32.8613    32.8721  1026.3653    26.1762    246.073    237.356  327.64193     75.104     0.2027     0.8681     0.8805 1.0000e-12       7545          5  0.000e+00
     39.911   65.66978 -168.36880     40.312     3.0233     3.0246     3.0210    32.8614    32.8718  1026.3654    26.1763    246.003    237.127  327.64171     75.083     0.1868     0.7729     0.8805 1.0000e-12       7546          5  0.000e+00
     39.919   65.66978 -168.36880     40.320     3.0233     3.0243     3.0210    32.8616    32.8719  1026.3656    26.1764    246.006    237.098  327.64122     75.084     0.1783     0.7216     0.8805 1.0000e-12       7547          5  0.000e+00
     39.919   65.66978 -168.36880     40.320     3.0233     3.0243     3.0210    32.8615    32.8723  1026.3655    26.1764    246.012    237.263  327.64142     75.086     0.1795     0.7289     0.8805 1.0000e-12       7548          5  0.000e+00
     39.973   65.66978 -168.36880     40.375     3.0231     3.0246     3.0208    32.8615    32.8721  1026.3658    26.1764    246.277    237.257  327.64269     75.166     0.1783     0.7216     0.8805 1.0000e-12       7549          5  0.000e+00
     39.911   65.66978 -168.36880     40.312     3.0233     3.0243     3.0210    32.8616    32.8722  1026.3656    26.1765    246.103    237.252  327.64111     75.114     0.1795     0.7289     0.8805 8.4714e-06       7550          5  0.000e+00
     39.973   65.66978 -168.36880     40.375     3.0233     3.0243     3.0210    32.8619    32.8721  1026.3661    26.1767    246.300    237.251  327.64039     75.174     0.1807     0.7362     0.8805 1.0000e-12       7551          5  0.000e+00
     39.919   65.66978 -168.36880     40.320     3.0233     3.0243     3.0210    32.8615    32.8719  1026.3655    26.1764    246.095    237.052  327.64132     75.111     0.1795     0.7289     0.8779 1.0000e-12       7552          5  0.000e+00
     39.965   65.66978 -168.36880     40.367     3.0231     3.0243     3.0208    32.8615    32.8720  1026.3658    26.1764    246.077    237.201  327.64258     75.105     0.1807     0.7362     0.8727 1.0000e-12       7553          5  0.000e+00
     39.973   65.66978 -168.36880     40.375     3.0233     3.0244     3.0210    32.8614    32.8722  1026.3657    26.1763    246.094    237.004  327.64160     75.111     0.1795     0.7289     0.8715 1.0000e-12       7554          5  0.000e+00
     39.919   65.66978 -168.36880     40.320     3.0233     3.0243     3.0210    32.8614    32.8722  1026.3654    26.1763    246.112    236.982  327.64172     75.116     0.1807     0.7362     0.8715 1.0000e-12       7555          5  0.000e+00
     39.973   65.66978 -168.36880     40.375     3.0233     3.0244     3.0210    32.8616    32.8722  1026.3658    26.1764    246.137    236.962  327.64119     75.124     0.1795     0.7289     0.8715 1.0000e-12       7556          5  0.000e+00
     39.965   65.66978 -168.36880     40.367     3.0231     3.0244     3.0208    32.8619    32.8720  1026.3660    26.1767    246.127    237.139  327.64177     75.121     0.1807     0.7362     0.8715 1.0000e-12       7557          5  0.000e+00
     39.973   65.66978 -168.36880     40.375     3.0233     3.0243     3.0210    32.8614    32.8721  1026.3657    26.1763    246.118    236.951  327.64160     75.118     0.1795     0.7289     0.8715 1.0000e-12       7558          5  0.000e+00
     39.973   65.66978 -168.36880     40.375     3.0233     3.0244     3.0210    32.8616    32.8720  1026.3658    26.1764    246.111    236.936  327.64119     75.116     0.1807     0.7362     0.8715 1.0000e-12       7559          5  0.000e+00
     39.973   65.66978 -168.36880     40.375     3.0233     3.0244     3.0210    32.8616    32.8720  1026.3659    26.1765    246.105    236.728  327.64109     75.114     0.1807     0.7362     0.8727 1.0000e-12       7560          5  0.000e+00
     39.965   65.66978 -168.36880     40.367     3.0231     3.0244     3.0208    32.8616    32.8720  1026.3658    26.1765    246.101    236.889  327.64238     75.113     0.1795     0.7289     0.8715 1.0000e-12       7561          5  0.000e+00
     39.973   65.66978 -168.36880     40.375     3.0234     3.0244     3.0211    32.8612    32.8720  1026.3655    26.1762    246.134    236.881  327.64071     75.123     0.1807     0.7362     0.8715 1.0000e-12       7562          5  0.000e+00
     40.035   65.66978 -168.36880     40.437     3.0233     3.0243     3.0210    32.8611    32.8723  1026.3657    26.1760    246.137    236.877  327.64238     75.124     0.1795     0.7289     0.8715 1.0000e-12       7563          5  0.000e+00
     39.973   65.66978 -168.36880     40.375     3.0233     3.0244     3.0210    32.8613    32.8712  1026.3656    26.1762    246.136    236.847  327.64190     75.124     0.1807     0.7362     0.8715 1.0000e-12       7564          5  0.000e+00
     39.965   65.66978 -168.36880     40.367     3.0231     3.0246     3.0208    32.8616    32.8716  1026.3658    26.1764    246.139    236.647  327.64248     75.124     0.1795     0.7289     0.8715 1.0000e-12       7565          5  0.000e+00
     40.035   65.66978 -168.36880     40.437     3.0233     3.0244     3.0210    32.8613    32.8719  1026.3659    26.1762    245.928    236.821  327.64188     75.060     0.1807     0.7362     0.8715 1.0000e-12       7566          5  0.000e+00
     39.973   65.66978 -168.36880     40.375     3.0233     3.0244     3.0210    32.8618    32.8720  1026.3660    26.1766    246.115    236.625  327.64059     75.117     0.1795     0.7289     0.8715 1.0000e-12       7567          5  0.000e+00
     40.035   65.66978 -168.36880     40.437     3.0233     3.0243     3.0210    32.8615    32.8721  1026.3660    26.1763    246.126    236.803  327.64148     75.121     0.1807     0.7362     0.8715 1.0000e-12       7568          5  0.000e+00
     39.741   65.66978 -168.36880     40.140     3.0233     3.0240     3.0210    32.8614    32.8719  1026.3646    26.1763    246.787    237.520  327.64169     75.322     0.1563     0.5897     0.8702 1.0000e-12       7647          6  0.000e+00
     39.803   65.66978 -168.36880     40.203     3.0231     3.0241     3.0208    32.8609    32.8717  1026.3645    26.1759    246.807    237.673  327.64407     75.328     0.1612     0.6190     0.8702 1.0000e-12       7648          6  0.000e+00
     39.733   65.66978 -168.36880     40.133     3.0231     3.0240     3.0208    32.8613    32.8719  1026.3644    26.1762    246.818    237.672  327.64327     75.331     0.1636     0.6337     0.8702 1.0000e-12       7649          6  0.000e+00
     39.803   65.66978 -168.36880     40.203     3.0231     3.0238     3.0208    32.8611    32.8715  1026.3647    26.1761    246.834    237.676  327.64356     75.336     0.1648     0.6410     0.8702 1.0000e-12       7650          6  0.000e+00
     39.741   65.66978 -168.36880     40.140     3.0230     3.0237     3.0207    32.8614    32.8715  1026.3646    26.1763    246.844    237.674  327.64417     75.339     0.1636     0.6337     0.8702 1.0000e-12       7651          6  0.000e+00
     39.733   65.66978 -168.36880     40.133     3.0231     3.0237     3.0208    32.8614    32.8718  1026.3645    26.1763    246.853    237.672  327.64297     75.342     0.1636     0.6337     0.8702 1.0000e-12       7652          6  0.000e+00
     39.741   65.66978 -168.36880     40.140     3.0230     3.0233     3.0207    32.8611    32.8717  1026.3644    26.1761    246.900    237.477  327.64497     75.356     0.1636     0.6337     0.8715 1.0000e-12       7653          6  0.000e+00
     39.741   65.66978 -168.36880     40.140     3.0231     3.0234     3.0208    32.8612    32.8712  1026.3644    26.1761    246.908    237.452  327.64348     75.359     0.1636     0.6337     0.8766 1.0000e-12       7654          6  0.000e+00
     39.741   65.66978 -168.36880     40.140     3.0230     3.0234     3.0207    32.8613    32.8711  1026.3646    26.1763    246.916    237.621  327.64437     75.361     0.1648     0.6410     0.8792 1.0000e-12       7655          6  0.000e+00
     39.733   65.66978 -168.36880     40.132     3.0231     3.0233     3.0208    32.8609    32.8717  1026.3641    26.1759    246.921    237.422  327.64427     75.363     0.1636     0.6337     0.8792 1.0000e-12       7656          6  0.000e+00
     39.741   65.66978 -168.36880     40.140     3.0230     3.0238     3.0207    32.8614    32.8719  1026.3646    26.1763    246.926    237.369  327.64417     75.364     0.1636     0.6337     0.8779 1.0000e-12       7657          6  0.000e+00
     39.741   65.66978 -168.36880     40.140     3.0231     3.0241     3.0208    32.8609    32.8717  1026.3642    26.1759    246.929    237.316  327.64408     75.365     0.1636     0.6337     0.8779 1.0000e-12       7658          6  0.000e+00
     39.741   65.66978 -168.36880     40.140     3.0230     3.0238     3.0207    32.8613    32.8722  1026.3646    26.1763    246.930    237.483  327.64437     75.365     0.1648     0.6410     0.8792 1.0000e-12       7659          6  0.000e+00
     39.733   65.66978 -168.36880     40.132     3.0231     3.0243     3.0208    32.8612    32.8716  1026.3644    26.1761    246.929    237.474  327.64347     75.365     0.1636     0.6337     0.8779 1.0000e-12       7660          6  0.000e+00
     39.741   65.66978 -168.36880     40.140     3.0228     3.0241     3.0205    32.8612    32.8717  1026.3645    26.1762    247.148    237.468  327.64596     75.431     0.1636     0.6337     0.8779 1.0000e-12       7661          6  0.000e+00
     39.741   65.66978 -168.36880     40.140     3.0230     3.0238     3.0207    32.8611    32.8723  1026.3644    26.1761    246.743    237.484  327.64487     75.308     0.1648     0.6410     0.8792 1.0000e-12       7662          6  0.000e+00
     39.741   65.66978 -168.36880     40.140     3.0226     3.0241     3.0203    32.8616    32.8715  1026.3648    26.1765    246.922    237.475  327.64635     75.362     0.1636     0.6337     0.8779 1.0000e-12       7663          6  0.000e+00
     39.733   65.66978 -168.36880     40.132     3.0230     3.0243     3.0207    32.8613    32.8714  1026.3645    26.1762    247.131    237.488  327.64446     75.427     0.1648     0.6410     0.8779 1.0000e-12       7664          6  0.000e+00
