EcoFOCI/data/1_SampleCollection/2023_SikuliaqDBO_CruiseData/CTD_raw_BottleFile_SKQ23-12S/proc/skq202312s_044.ros
* Sea-Bird SBE 9 Data File:
* FileName = D:\CTD\SKQ202312S\SKQ202312S_044.hex
* Software Version Seasave V 7.26.7.121
* Temperature SN = 6177
* Conductivity SN = 0369
* Number of Bytes Per Scan = 41
* Number of Voltage Words = 4
* Number of Scans Averaged by the Deck Unit = 1
* NMEA Latitude = 71 35.18 N
* NMEA Longitude = 161 23.69 W
* NMEA UTC (Time) = Sep 24 2023  08:13:31
* NMEA baud rate = 4800
** Ship: R/V Sikuliaq
** Station Number: 044
** Station Name: DBO4.4n
** Bottom Depth: 47
** Operator: SS
# nquan = 22
# nvalues = 931                                   
# units = specified
# name 0 = depSM: Depth [salt water, m]
# name 1 = latitude: Latitude [deg]
# name 2 = longitude: Longitude [deg]
# name 3 = prDM: Pressure, Digiquartz [db]
# name 4 = t090C: Temperature [ITS-90, deg C]
# name 5 = t190C: Temperature, 2 [ITS-90, deg C]
# name 6 = potemp090C: Potential Temperature [ITS-90, deg C]
# name 7 = sal00: Salinity, Practical [PSU]
# name 8 = sal11: Salinity, Practical, 2 [PSU]
# name 9 = density00: Density [density, kg/m^3]
# name 10 = sigma-é00: Density [sigma-theta, kg/m^3]
# name 11 = sbox0Mm/Kg: Oxygen, SBE 43 [umol/kg]
# name 12 = sbox1Mm/Kg: Oxygen, SBE 43, 2 [umol/kg]
# name 13 = oxsolMm/Kg: Oxygen Saturation, Garcia & Gordon [umol/kg]
# name 14 = sbeox0PS: Oxygen, SBE 43 [% saturation]
# name 15 = v0: Voltage 0
# name 16 = flECO-AFL: Fluorescence, WET Labs ECO-AFL/FL [mg/m^3]
# name 17 = CStarAt0: Beam Attenuation, WET Labs C-Star [1/m]
# name 18 = par: PAR/Irradiance, Biospherical/Licor
# name 19 = scan: Scan Count
# name 20 = nbf: Bottles Fired
# name 21 = flag:  0.000e+00
# interval = seconds: 0.0416667
# start_time = Sep 24 2023 08:17:11 [NMEA time, first data scan]
# bad_flag = -9.990e-29
*END*
[from data line 659]
     10.033   71.58586 -161.39658     10.137     2.1045     2.1052     2.1041    27.2410    27.2495  1021.8032    21.7549    342.969    325.946  349.95033     98.005     0.1832     0.7509     0.5806 2.4192e-02      20838         14  0.000e+00
     10.095   71.58586 -161.39658     10.200     2.1045     2.1052     2.1041    27.2412    27.2496  1021.8037    21.7551    343.174    325.962  349.94991     98.064     0.1844     0.7582     0.5818 1.7528e-02      20839         14  0.000e+00
     10.033   71.58586 -161.39658     10.137     2.1045     2.1057     2.1041    27.2414    27.2496  1021.8035    21.7552    343.179    325.969  349.94934     98.065     0.1832     0.7509     0.5818 1.5251e-02      20840         14  0.000e+00
     10.095   71.58586 -161.39658     10.200     2.1047     2.1060     2.1043    27.2416    27.2500  1021.8040    21.7554    343.188    325.984  349.94725     98.068     0.1832     0.7509     0.5818 1.7528e-02      20841         14  0.000e+00
     10.033   71.58586 -161.39658     10.137     2.1050     2.1066     2.1046    27.2412    27.2498  1021.8033    21.7550    343.191    325.784  349.94561     98.070     0.1832     0.7509     0.5818 3.9401e-02      20842         14  0.000e+00
     10.095   71.58586 -161.39658     10.200     2.1049     2.1071     2.1045    27.2413    27.2501  1021.8037    21.7551    343.203    325.984  349.94666     98.073     0.1832     0.7509     0.5818 5.1863e-02      20843         14  0.000e+00
     10.095   71.58586 -161.39658     10.200     2.1052     2.1073     2.1048    27.2413    27.2506  1021.8037    21.7551    343.208    325.975  349.94381     98.075     0.1819     0.7436     0.5818 5.2824e-02      20844         14  0.000e+00
     10.010   71.58586 -161.39658     10.114     2.1054     2.1077     2.1050    27.2413    27.2504  1021.8033    21.7551    343.210    325.779  349.94243     98.076     0.1832     0.7509     0.5818 4.8071e-02      20845         14  0.000e+00
     10.095   71.58586 -161.39658     10.200     2.1054     2.1082     2.1050    27.2412    27.2498  1021.8036    21.7550    343.223    325.776  349.94264     98.080     0.1844     0.7582     0.5818 4.5745e-02      20846         14  0.000e+00
     10.095   71.58586 -161.39658     10.200     2.1055     2.1083     2.1051    27.2416    27.2504  1021.8040    21.7554    343.228    325.772  349.94043     98.082     0.1832     0.7509     0.5818 4.5745e-02      20847         14  0.000e+00
     10.095   71.58586 -161.39658     10.200     2.1055     2.1085     2.1051    27.2416    27.2499  1021.8040    21.7554    343.236    325.747  349.94043     98.084     0.1832     0.7509     0.5818 4.2996e-02      20848         14  0.000e+00
     10.034   71.58586 -161.39658     10.137     2.1055     2.1088     2.1051    27.2414    27.2501  1021.8035    21.7552    343.009    325.717  349.94104     98.019     0.1746     0.6996     0.5818 4.1188e-02      20849         14  0.000e+00
     10.095   71.58586 -161.39658     10.200     2.1056     2.1088     2.1052    27.2412    27.2504  1021.8036    21.7550    342.982    325.696  349.94014     98.012     0.1709     0.6776     0.5818 4.0740e-02      20850         14  0.000e+00
     10.095   71.58586 -161.39658     10.200     2.1058     2.1091     2.1054    27.2414    27.2500  1021.8038    21.7552    343.185    325.672  349.93807     98.070     0.1697     0.6703     0.5818 3.2027e-02      20851         14  0.000e+00
     10.095   71.58586 -161.39658     10.200     2.1061     2.1091     2.1057    27.2418    27.2503  1021.8041    21.7555    343.192    325.651  349.93413     98.073     0.1709     0.6776     0.5818 2.2993e-02      20852         14  0.000e+00
     10.095   71.58586 -161.39658     10.200     2.1064     2.1088     2.1060    27.2417    27.2500  1021.8040    21.7554    343.201    325.634  349.93148     98.077     0.1722     0.6850     0.5818 2.1016e-02      20853         14  0.000e+00
     10.034   71.58586 -161.39658     10.137     2.1066     2.1086     2.1062    27.2416    27.2501  1021.8036    21.7553    343.208    325.614  349.93032     98.079     0.1709     0.6776     0.5818 2.5402e-02      20854         14  0.000e+00
     10.095   71.58586 -161.39658     10.200     2.1067     2.1082     2.1063    27.2417    27.2500  1021.8039    21.7553    343.221    325.603  349.92918     98.083     0.1722     0.6850     0.5830 3.2877e-02      20855         14  0.000e+00
     10.095   71.58586 -161.39658     10.200     2.1072     2.1080     2.1068    27.2411    27.2503  1021.8035    21.7549    343.269    325.379  349.92634     98.097     0.1709     0.6776     0.5830 3.4590e-02      20856         14  0.000e+00
     10.126   71.58586 -161.39658     10.231     2.1070     2.1078     2.1066    27.2414    27.2503  1021.8038    21.7551    343.284    325.551  349.92706     98.102     0.1709     0.6776     0.5830 3.3731e-02      20857         14  0.000e+00
     10.095   71.58586 -161.39658     10.200     2.1072     2.1078     2.1068    27.2410    27.2501  1021.8033    21.7547    343.295    325.536  349.92674     98.105     0.1709     0.6776     0.5830 3.2027e-02      20858         14  0.000e+00
     10.034   71.58586 -161.39658     10.137     2.1072     2.1080     2.1068    27.2409    27.2500  1021.8030    21.7547    343.265    325.520  349.92696     98.096     0.1709     0.6776     0.5830 3.1604e-02      20859         14  0.000e+00
     10.095   71.58586 -161.39658     10.200     2.1072     2.1080     2.1068    27.2409    27.2503  1021.8033    21.7546    343.006    325.328  349.92704     98.022     0.1709     0.6776     0.5830 2.9508e-02      20860         14  0.000e+00
     10.095   71.58586 -161.39658     10.200     2.1072     2.1082     2.1068    27.2406    27.2505  1021.8031    21.7545    343.212    325.292  349.92764     98.081     0.1709     0.6776     0.5830 2.1803e-02      20861         14  0.000e+00
     10.095   71.58586 -161.39658     10.200     2.1070     2.1083     2.1066    27.2407    27.2501  1021.8031    21.7545    343.225    325.261  349.92891     98.084     0.1722     0.6850     0.5830 1.9067e-02      20862         14  0.000e+00
     10.095   71.58586 -161.39658     10.200     2.1069     2.1082     2.1065    27.2410    27.2505  1021.8034    21.7548    343.236    325.232  349.92904     98.087     0.1709     0.6776     0.5842 1.8295e-02      20863         14  0.000e+00
     10.095   71.58586 -161.39658     10.200     2.1070     2.1085     2.1066    27.2411    27.2505  1021.8035    21.7549    343.246    325.202  349.92772     98.091     0.1722     0.6850     0.5830 1.3012e-02      20864         14  0.000e+00
     10.036   71.58586 -161.39658     10.140     2.1022     2.1038     2.1018    27.2406    27.2494  1021.8031    21.7547    343.338    325.714  349.97225     98.104     0.1795     0.7289     0.5854 1.4500e-02      21038         15  0.000e+00
      9.982   71.58586 -161.39658     10.085     2.1024     2.1035     2.1020    27.2401    27.2497  1021.8024    21.7543    343.342    325.692  349.97219     98.106     0.1795     0.7289     0.5854 1.4126e-02      21039         15  0.000e+00
     10.036   71.58586 -161.39658     10.140     2.1020     2.1035     2.1016    27.2403    27.2497  1021.8029    21.7545    343.354    325.674  349.97442     98.108     0.1807     0.7362     0.5854 1.3012e-02      21040         15  0.000e+00
     10.036   71.58586 -161.39658     10.140     2.1024     2.1037     2.1020    27.2403    27.2497  1021.8028    21.7545    343.357    325.655  349.97157     98.110     0.1795     0.7289     0.5854 1.2642e-02      21041         15  0.000e+00
      9.959   71.58586 -161.39658     10.062     2.1024     2.1035     2.1020    27.2399    27.2497  1021.8021    21.7541    343.361    325.637  349.97276     98.111     0.1807     0.7362     0.5854 1.4126e-02      21042         15  0.000e+00
     10.036   71.58586 -161.39658     10.140     2.1020     2.1035     2.1016    27.2399    27.2492  1021.8025    21.7542    343.374    325.628  349.97551     98.114     0.1795     0.7289     0.5842 1.8295e-02      21043         15  0.000e+00
      9.982   71.58586 -161.39658     10.085     2.1020     2.1034     2.1016    27.2398    27.2494  1021.8021    21.7541    343.378    325.824  349.97594     98.115     0.1807     0.7362     0.5854 2.0233e-02      21044         15  0.000e+00
      9.982   71.58586 -161.39658     10.085     2.1017     2.1034     2.1013    27.2396    27.2494  1021.8020    21.7540    343.389    325.630  349.97929     98.117     0.1795     0.7289     0.5854 2.0233e-02      21045         15  0.000e+00
      9.982   71.58586 -161.39658     10.085     2.1014     2.1030     2.1010    27.2392    27.2500  1021.8017    21.7536    343.399    325.832  349.98287     98.119     0.1795     0.7289     0.5854 2.1803e-02      21046         15  0.000e+00
     10.036   71.58586 -161.39658     10.140     2.1011     2.1028     2.1007    27.2393    27.2499  1021.8021    21.7537    343.411    325.646  349.98550     98.121     0.1807     0.7362     0.5854 2.2199e-02      21047         15  0.000e+00
      9.982   71.58586 -161.39658     10.085     2.1011     2.1026     2.1007    27.2388    27.2493  1021.8014    21.7534    343.417    325.642  349.98728     98.123     0.1795     0.7289     0.5854 2.2199e-02      21048         15  0.000e+00
     10.036   71.58586 -161.39658     10.140     2.1008     2.1023     2.1004    27.2390    27.2494  1021.8019    21.7535    343.621    325.644  349.98914     98.180     0.1807     0.7362     0.5854 2.4192e-02      21049         15  0.000e+00
      9.982   71.58586 -161.39658     10.085     2.1005     2.1021     2.1001    27.2386    27.2491  1021.8013    21.7532    343.431    325.643  349.99312     98.125     0.1795     0.7289     0.5854 2.5402e-02      21050         15  0.000e+00
      9.982   71.58586 -161.39658     10.085     2.1002     2.1021     2.0998    27.2390    27.2491  1021.8016    21.7535    343.436    325.644  349.99462     98.126     0.1795     0.7289     0.5842 2.5402e-02      21051         15  0.000e+00
     10.036   71.58586 -161.39658     10.140     2.1002     2.1018     2.0998    27.2385    27.2494  1021.8015    21.7532    343.443    325.651  349.99578     98.128     0.1795     0.7289     0.5854 3.7196e-02      21052         15  0.000e+00
      9.982   71.58586 -161.39658     10.085     2.0994     2.1021     2.0990    27.2378    27.2491  1021.8007    21.7527    342.754    325.652  350.00498     97.928     0.1832     0.7509     0.5854 4.6207e-02      21053         15  0.000e+00
     10.036   71.58586 -161.39658     10.140     2.0989     2.1023     2.0985    27.2370    27.2492  1021.8003    21.7520    343.315    325.660  350.01110     98.087     0.1832     0.7509     0.5854 4.7603e-02      21054         15  0.000e+00
      9.959   71.58586 -161.39658     10.062     2.0981     2.1021     2.0977    27.2373    27.2495  1021.8003    21.7523    343.325    325.667  350.01749     98.088     0.1844     0.7582     0.5854 4.7603e-02      21055         15  0.000e+00
     10.036   71.58586 -161.39658     10.140     2.0975     2.1021     2.0971    27.2375    27.2492  1021.8009    21.7525    343.300    325.448  350.02224     98.079     0.1856     0.7656     0.5854 4.8071e-02      21056         15  0.000e+00
      9.982   71.58586 -161.39658     10.086     2.0969     2.1022     2.0965    27.2377    27.2492  1021.8008    21.7527    343.349    325.641  350.02758     98.092     0.1844     0.7582     0.5842 4.8071e-02      21057         15  0.000e+00
      9.982   71.58586 -161.39658     10.086     2.0966     2.1023     2.0962    27.2380    27.2492  1021.8010    21.7530    343.357    325.656  350.02918     98.094     0.1844     0.7582     0.5830 4.2542e-02      21058         15  0.000e+00
      9.982   71.58586 -161.39658     10.086     2.0966     2.1024     2.0962    27.2379    27.2494  1021.8010    21.7529    343.364    325.672  350.02994     98.096     0.1844     0.7582     0.5830 3.5454e-02      21059         15  0.000e+00
     10.036   71.58586 -161.39658     10.140     2.0963     2.1026     2.0959    27.2382    27.2493  1021.8015    21.7532    343.375    325.693  350.03141     98.098     0.1856     0.7656     0.5830 3.3303e-02      21060         15  0.000e+00
      9.982   71.58586 -161.39658     10.086     2.0963     2.1028     2.0959    27.2385    27.2498  1021.8015    21.7534    343.378    325.710  350.03074     98.099     0.1844     0.7582     0.5830 2.7030e-02      21061         15  0.000e+00
     10.036   71.58586 -161.39658     10.140     2.0963     2.1029     2.0959    27.2387    27.2494  1021.8019    21.7536    343.387    325.736  350.03012     98.102     0.1844     0.7582     0.5830 1.4875e-02      21062         15  0.000e+00
      9.982   71.58586 -161.39658     10.086     2.0963     2.1030     2.0959    27.2388    27.2497  1021.8017    21.7537    343.350    325.549  350.02985     98.092     0.1856     0.7656     0.5830 1.1540e-02      21063         15  0.000e+00
     10.036   71.58586 -161.39658     10.140     2.0964     2.1029     2.0960    27.2387    27.2492  1021.8019    21.7536    343.356    325.558  350.02920     98.094     0.1844     0.7582     0.5830 1.4126e-02      21064         15  0.000e+00
      9.982   71.58586 -161.39658     10.086     2.0965     2.1030     2.0961    27.2385    27.2495  1021.8014    21.7534    343.359    325.561  350.02937     98.094     0.1856     0.7656     0.5830 2.2199e-02      21065         15  0.000e+00
     10.036   71.58586 -161.39658     10.140     2.0963     2.1030     2.0959    27.2385    27.2493  1021.8018    21.7534    343.368    325.548  350.03061     98.096     0.1844     0.7582     0.5830 2.5402e-02      21066         15  0.000e+00
     10.013   71.58586 -161.39658     10.117     2.0963     2.1030     2.0959    27.2384    27.2492  1021.8015    21.7533    343.332    325.742  350.03108     98.086     0.1856     0.7656     0.5830 2.5807e-02      21067         15  0.000e+00
      9.982   71.58586 -161.39658     10.086     2.0961     2.1028     2.0957    27.2385    27.2497  1021.8015    21.7534    343.335    325.755  350.03222     98.087     0.1832     0.7509     0.5830 2.9925e-02      21068         15  0.000e+00
     10.036   71.58586 -161.39658     10.140     2.0961     2.1030     2.0957    27.2381    27.2492  1021.8014    21.7531    343.342    325.561  350.03364     98.088     0.1856     0.7656     0.5830 3.2027e-02      21069         15  0.000e+00
      9.982   71.58586 -161.39658     10.086     2.0960     2.1029     2.0956    27.2381    27.2493  1021.8012    21.7531    343.344    325.550  350.03459     98.089     0.1832     0.7509     0.5830 3.2027e-02      21070         15  0.000e+00
     10.036   71.58586 -161.39658     10.140     2.0960     2.1028     2.0956    27.2381    27.2495  1021.8014    21.7531    343.349    325.546  350.03466     98.090     0.1844     0.7582     0.5830 3.1183e-02      21071         15  0.000e+00
     10.036   71.58586 -161.39658     10.140     2.0956     2.1028     2.0952    27.2385    27.2490  1021.8018    21.7535    343.355    325.542  350.03642     98.091     0.1856     0.7656     0.5830 3.0762e-02      21072         15  0.000e+00
      9.982   71.58586 -161.39658     10.086     2.0956     2.1016     2.0952    27.2385    27.2495  1021.8015    21.7534    343.356    325.546  350.03665     98.091     0.1844     0.7582     0.5830 3.0343e-02      21073         15  0.000e+00
     10.036   71.58586 -161.39658     10.140     2.0956     2.1009     2.0952    27.2388    27.2486  1021.8020    21.7537    343.361    325.765  350.03628     98.093     0.1856     0.7656     0.5830 1.7145e-02      21074         15  0.000e+00
     10.036   71.58586 -161.39658     10.140     2.0956     2.0997     2.0952    27.2387    27.2487  1021.8019    21.7536    343.364    325.801  350.03612     98.094     0.1844     0.7582     0.5830 8.6453e-03      21075         15  0.000e+00
