EcoFOCI/data/1_SampleCollection/2023_SikuliaqDBO_CruiseData/CTD_raw_BottleFile_SKQ23-12S/proc/skq202312s_057.cnv
* Sea-Bird SBE 9 Data File:
* FileName = D:\CTD\SKQ202312S\SKQ202312S_057.hex
* Software Version Seasave V 7.26.7.121
* Temperature SN = 6177
* Conductivity SN = 0369
* Number of Bytes Per Scan = 41
* Number of Voltage Words = 4
* Number of Scans Averaged by the Deck Unit = 1
* NMEA Latitude = 71 20.18 N
* NMEA Longitude = 164 36.58 W
* NMEA UTC (Time) = Sep 27 2023  08:27:58
* NMEA baud rate = 4800
** Ship: R/V Sikuliaq
** Station Number: 057
** Station Name: IC5
** Bottom Depth: 44
** Operator: SS
# nquan = 24
# nvalues = 5121                                  
# units = specified
# name 0 = depSM: Depth [salt water, m]
# name 1 = latitude: Latitude [deg]
# name 2 = longitude: Longitude [deg]
# name 3 = prDM: Pressure, Digiquartz [db]
# name 4 = t090C: Temperature [ITS-90, deg C]
# name 5 = t190C: Temperature, 2 [ITS-90, deg C]
# name 6 = potemp090C: Potential Temperature [ITS-90, deg C]
# name 7 = sal00: Salinity, Practical [PSU]
# name 8 = sal11: Salinity, Practical, 2 [PSU]
# name 9 = density00: Density [density, kg/m^3]
# name 10 = sigma-é00: Density [sigma-theta, kg/m^3]
# name 11 = sbox0Mm/Kg: Oxygen, SBE 43 [umol/kg]
# name 12 = sbox1Mm/Kg: Oxygen, SBE 43, 2 [umol/kg]
# name 13 = oxsolMm/Kg: Oxygen Saturation, Garcia & Gordon [umol/kg]
# name 14 = sbeox0PS: Oxygen, SBE 43 [% saturation]
# name 15 = sbeox1PS: Oxygen, SBE 43, 2 [% saturation]
# name 16 = v0: Voltage 0
# name 17 = flECO-AFL: Fluorescence, WET Labs ECO-AFL/FL [mg/m^3]
# name 18 = v1: Voltage 1
# name 19 = CStarAt0: Beam Attenuation, WET Labs C-Star [1/m]
# name 20 = par: PAR/Irradiance, Biospherical/Licor
# name 21 = scan: Scan Count
# name 22 = timeM: Time, Elapsed [minutes]
# name 23 = flag:  0.000e+00
# span 0 =      2.121,     38.841                 
# span 1 =   71.33624,   71.33640                 
# span 2 = -164.61044, -164.61020                 
# span 3 =      2.143,     39.245                 
# span 4 =    -1.2715,     3.4471                 
# span 5 =    -1.2704,     3.4486                 
# span 6 =    -1.2723,     3.4459                 
# span 7 =    30.6016,    32.4982                 
# span 8 =    30.6134,    32.5263                 
# span 9 =  1024.4011,  1026.2900                 
# span 10 =    24.3907,    26.1332                
# span 11 =    258.029,    379.746                
# span 12 =    245.394,    358.171                
# span 13 =  329.09100,  367.09031                
# span 14 =     70.292,    106.033                
# span 15 =     66.859,     99.274                
# span 16 =     0.0647,     0.1868                
# span 17 =     0.0403,     0.7729                
# span 18 =     2.6874,     4.2943                
# span 19 =     0.3716,     2.2471                
# span 20 = 1.0000e-12, 1.3835e+00                
# span 21 =          1,       5121                
# span 22 =     0.0000,     3.5556                
# span 23 = 0.0000e+00, 0.0000e+00                
# interval = seconds: 0.0416667
# start_time = Sep 27 2023 08:31:38 [NMEA time, first data scan]
# bad_flag = -9.990e-29
*END*
[from data line 4891]
     38.710   71.33638 -164.61044     39.113    -1.2703    -1.2690    -1.2711    32.4557    32.4674  1026.2881    26.0996    260.075    245.614  367.07936     70.850     66.919     0.1111     0.3187     3.1404     1.6238 1.0000e-12       4892     3.3965  0.000e+00
     38.703   71.33638 -164.61044     39.105    -1.2703    -1.2688    -1.2711    32.4557    32.4670  1026.2881    26.0996    259.766    245.577  367.07934     70.766     66.909     0.1099     0.3113     3.1404     1.6238 1.0000e-12       4893     3.3972  0.000e+00
     38.710   71.33638 -164.61044     39.113    -1.2702    -1.2688    -1.2710    32.4556    32.4669  1026.2880    26.0995    259.969    245.543  367.07858     70.821     66.899     0.1099     0.3113     3.1404     1.6238 1.0000e-12       4894     3.3979  0.000e+00
     38.710   71.33638 -164.61044     39.113    -1.2702    -1.2690    -1.2710    32.4558    32.4670  1026.2882    26.0996    259.963    245.512  367.07797     70.820     66.891     0.1099     0.3113     3.1404     1.6238 8.4714e-06       4895     3.3986  0.000e+00
     38.710   71.33638 -164.61044     39.113    -1.2705    -1.2690    -1.2712    32.4560    32.4671  1026.2883    26.0997    259.805    245.484  367.08039     70.776     66.883     0.1099     0.3113     3.1404     1.6238 8.4714e-06       4896     3.3993  0.000e+00
     38.702   71.33638 -164.61044     39.105    -1.2703    -1.2690    -1.2711    32.4559    32.4673  1026.2883    26.0997    260.044    245.457  367.07872     70.841     66.876     0.1123     0.3260     3.1404     1.6238 8.4714e-06       4897     3.4000  0.000e+00
     38.710   71.33638 -164.61044     39.113    -1.2702    -1.2687    -1.2710    32.4555    32.4671  1026.2879    26.0994    259.816    245.432  367.07896     70.779     66.869     0.1099     0.3113     3.1404     1.6238 1.0000e-12       4898     3.4007  0.000e+00
     38.710   71.33638 -164.61044     39.113    -1.2702    -1.2688    -1.2710    32.4555    32.4672  1026.2880    26.0994    259.793    245.411  367.07883     70.773     66.864     0.1111     0.3187     3.1404     1.6238 1.0000e-12       4899     3.4014  0.000e+00
     38.702   71.33638 -164.61044     39.105    -1.2702    -1.2690    -1.2710    32.4554    32.4668  1026.2878    26.0993    259.769    245.395  367.07919     70.766     66.859     0.1099     0.3113     3.1404     1.6238 1.0000e-12       4900     3.4021  0.000e+00
     38.710   71.33638 -164.61044     39.113    -1.2702    -1.2690    -1.2710    32.4553    32.4671  1026.2878    26.0992    259.743    245.606  367.07933     70.759     66.916     0.1111     0.3187     3.1404     1.6238 1.0000e-12       4901     3.4028  0.000e+00
     38.710   71.33638 -164.61044     39.113    -1.2702    -1.2688    -1.2710    32.4553    32.4672  1026.2878    26.0992    259.715    245.394  367.07933     70.752     66.859     0.1099     0.3113     3.1404     1.6238 1.0000e-12       4902     3.4035  0.000e+00
     38.710   71.33638 -164.61044     39.113    -1.2702    -1.2687    -1.2710    32.4558    32.4665  1026.2882    26.0996    259.684    245.416  367.07809     70.743     66.865     0.1111     0.3187     3.1404     1.6238 1.0000e-12       4903     3.4042  0.000e+00
     38.702   71.33638 -164.61044     39.105    -1.2702    -1.2690    -1.2710    32.4557    32.4672  1026.2881    26.0995    259.651    245.636  367.07832     70.734     66.925     0.1087     0.3040     3.1404     1.6238 1.0000e-12       4904     3.4049  0.000e+00
     38.772   71.33638 -164.61044     39.175    -1.2702    -1.2688    -1.2710    32.4554    32.4672  1026.2881    26.0993    259.620    245.694  367.07931     70.726     66.941     0.1087     0.3040     3.1404     1.6238 1.0000e-12       4905     3.4056  0.000e+00
     38.710   71.33638 -164.61044     39.113    -1.2698    -1.2688    -1.2706    32.4556    32.4669  1026.2880    26.0995    259.476    245.753  367.07516     70.688     66.957     0.1099     0.3113     3.1416     1.6222 1.0000e-12       4906     3.4063  0.000e+00
     38.702   71.33638 -164.61044     39.105    -1.2702    -1.2688    -1.2710    32.4556    32.4669  1026.2880    26.0994    259.487    245.783  367.07869     70.690     66.965     0.1087     0.3040     3.1416     1.6222 1.0000e-12       4907     3.4069  0.000e+00
     38.710   71.33638 -164.61044     39.113    -1.2702    -1.2687    -1.2710    32.4551    32.4668  1026.2876    26.0990    259.240    245.814  367.08007     70.622     66.973     0.1099     0.3113     3.1416     1.6222 1.0000e-12       4908     3.4076  0.000e+00
     38.772   71.33638 -164.61044     39.175    -1.2700    -1.2688    -1.2708    32.4552    32.4671  1026.2880    26.0991    259.202    245.622  367.07803     70.612     66.921     0.1087     0.3040     3.1416     1.6222 1.0000e-12       4909     3.4083  0.000e+00
     38.710   71.33638 -164.61044     39.113    -1.2700    -1.2687    -1.2708    32.4550    32.4671  1026.2875    26.0990    259.420    245.590  367.07867     70.672     66.913     0.1087     0.3040     3.1429     1.6206 1.0000e-12       4910     3.4090  0.000e+00
     38.702   71.33638 -164.61044     39.105    -1.2700    -1.2687    -1.2708    32.4555    32.4673  1026.2879    26.0994    259.175    245.595  367.07717     70.605     66.914     0.1087     0.3040     3.1416     1.6222 1.0000e-12       4911     3.4097  0.000e+00
     38.710   71.33638 -164.61042     39.113    -1.2702    -1.2687    -1.2710    32.4556    32.4671  1026.2881    26.0995    259.091    245.603  367.07846     70.582     66.916     0.1099     0.3113     3.1416     1.6222 1.0000e-12       4912     3.4104  0.000e+00
     38.710   71.33638 -164.61042     39.112    -1.2702    -1.2686    -1.2710    32.4556    32.4671  1026.2880    26.0995    259.057    245.613  367.07858     70.573     66.919     0.1087     0.3040     3.1416     1.6222 1.0000e-12       4913     3.4111  0.000e+00
     38.764   71.33638 -164.61042     39.167    -1.2702    -1.2684    -1.2710    32.4556    32.4668  1026.2883    26.0994    259.283    245.627  367.07868     70.634     66.923     0.1087     0.3040     3.1416     1.6222 1.0000e-12       4914     3.4118  0.000e+00
     38.656   71.33638 -164.61042     39.058    -1.2700    -1.2686    -1.2708    32.4557    32.4669  1026.2878    26.0995    259.294    245.867  367.07671     70.637     66.988     0.1099     0.3113     3.1429     1.6206 1.0000e-12       4915     3.4125  0.000e+00
     38.771   71.33638 -164.61042     39.175    -1.2698    -1.2686    -1.2706    32.4551    32.4669  1026.2879    26.0990    259.108    245.920  367.07663     70.587     67.003     0.1087     0.3040     3.1416     1.6222 1.0000e-12       4916     3.4132  0.000e+00
     38.710   71.33638 -164.61042     39.112    -1.2702    -1.2687    -1.2710    32.4551    32.4671  1026.2876    26.0991    259.080    245.968  367.07995     70.579     67.016     0.1099     0.3113     3.1416     1.6222 1.0000e-12       4917     3.4139  0.000e+00
     38.702   71.33638 -164.61042     39.105    -1.2700    -1.2687    -1.2708    32.4549    32.4671  1026.2874    26.0989    259.053    246.019  367.07903     70.571     67.029     0.1087     0.3040     3.1416     1.6222 8.4714e-06       4918     3.4146  0.000e+00
     38.710   71.33638 -164.61042     39.112    -1.2700    -1.2687    -1.2708    32.4551    32.4671  1026.2876    26.0990    259.028    245.845  367.07842     70.565     66.982     0.1099     0.3113     3.1416     1.6222 8.4714e-06       4919     3.4153  0.000e+00
     38.710   71.33638 -164.61042     39.112    -1.2702    -1.2690    -1.2710    32.4555    32.4674  1026.2880    26.0994    259.006    245.870  367.07883     70.559     66.988     0.1087     0.3040     3.1416     1.6222 1.0000e-12       4920     3.4160  0.000e+00
     38.702   71.33638 -164.61042     39.105    -1.2700    -1.2688    -1.2708    32.4552    32.4672  1026.2877    26.0991    259.548    245.862  367.07803     70.707     66.987     0.1099     0.3113     3.1429     1.6206 1.0000e-12       4921     3.4167  0.000e+00
     38.710   71.33638 -164.61042     39.112    -1.2702    -1.2687    -1.2710    32.4555    32.4668  1026.2880    26.0994    259.370    245.890  367.07883     70.658     66.994     0.1087     0.3040     3.1416     1.6222 1.0000e-12       4922     3.4174  0.000e+00
     38.771   71.33638 -164.61042     39.175    -1.2698    -1.2688    -1.2706    32.4552    32.4671  1026.2880    26.0991    259.398    245.922  367.07638     70.666     67.003     0.1087     0.3040     3.1416     1.6222 8.4714e-06       4923     3.4181  0.000e+00
     38.648   71.33638 -164.61042     39.050    -1.2702    -1.2688    -1.2710    32.4556    32.4672  1026.2878    26.0995    259.424    245.951  367.07847     70.673     67.011     0.1099     0.3113     3.1416     1.6222 8.4714e-06       4924     3.4188  0.000e+00
     38.710   71.33638 -164.61042     39.112    -1.2702    -1.2688    -1.2710    32.4554    32.4672  1026.2879    26.0993    259.455    245.988  367.07920     70.681     67.021     0.1087     0.3040     3.1416     1.6222 8.4714e-06       4925     3.4194  0.000e+00
     38.771   71.33638 -164.61042     39.175    -1.2702    -1.2687    -1.2710    32.4553    32.4670  1026.2881    26.0992    259.486    245.995  367.07944     70.689     67.023     0.1099     0.3113     3.1392     1.6253 8.4714e-06       4926     3.4201  0.000e+00
     38.655   71.33638 -164.61042     39.058    -1.2702    -1.2691    -1.2710    32.4556    32.4672  1026.2877    26.0994    259.254    246.227  367.07874     70.626     67.086     0.1087     0.3040     3.1380     1.6269 1.0000e-12       4927     3.4208  0.000e+00
     38.702   71.33638 -164.61042     39.104    -1.2703    -1.2692    -1.2711    32.4555    32.4670  1026.2879    26.0994    259.494    246.268  367.07996     70.691     67.096     0.1099     0.3113     3.1380     1.6269 1.0000e-12       4928     3.4215  0.000e+00
     38.771   71.33638 -164.61042     39.175    -1.2703    -1.2688    -1.2711    32.4554    32.4665  1026.2882    26.0993    259.271    246.307  367.08021     70.631     67.107     0.1074     0.2967     3.1380     1.6269 1.0000e-12       4929     3.4222  0.000e+00
     38.655   71.33638 -164.61042     39.058    -1.2703    -1.2690    -1.2711    32.4557    32.4670  1026.2878    26.0995    259.507    246.341  367.07951     70.695     67.117     0.1087     0.3040     3.1380     1.6269 1.0000e-12       4930     3.4229  0.000e+00
     38.702   71.33638 -164.61042     39.104    -1.2703    -1.2690    -1.2711    32.4557    32.4668  1026.2881    26.0996    259.540    246.381  367.07934     70.704     67.127     0.1074     0.2967     3.1380     1.6269 1.0000e-12       4931     3.4236  0.000e+00
     38.709   71.33638 -164.61042     39.112    -1.2703    -1.2695    -1.2711    32.4559    32.4674  1026.2883    26.0997    259.573    246.422  367.07873     70.713     67.138     0.1074     0.2967     3.1380     1.6269 1.0000e-12       4932     3.4243  0.000e+00
     38.709   71.33638 -164.61042     39.112    -1.2700    -1.2692    -1.2708    32.4559    32.4670  1026.2883    26.0997    259.603    246.458  367.07594     70.722     67.148     0.1087     0.3040     3.1380     1.6269 8.4714e-06       4933     3.4250  0.000e+00
     38.709   71.33638 -164.61042     39.112    -1.2702    -1.2692    -1.2710    32.4556    32.4669  1026.2880    26.0994    259.637    246.497  367.07871     70.731     67.159     0.1074     0.2967     3.1380     1.6269 1.0000e-12       4934     3.4257  0.000e+00
     38.702   71.33638 -164.61042     39.104    -1.2702    -1.2690    -1.2710    32.4555    32.4667  1026.2879    26.0994    259.363    246.306  367.07882     70.656     67.107     0.1087     0.3040     3.1380     1.6269 1.0000e-12       4935     3.4264  0.000e+00
     38.655   71.33638 -164.61042     39.057    -1.2703    -1.2693    -1.2711    32.4551    32.4678  1026.2874    26.0991    259.296    246.313  367.08112     70.637     67.109     0.1074     0.2967     3.1380     1.6269 1.0000e-12       4936     3.4271  0.000e+00
     38.709   71.33638 -164.61042     39.112    -1.2703    -1.2692    -1.2711    32.4555    32.4675  1026.2880    26.0994    259.230    246.291  367.07997     70.620     67.103     0.1087     0.3040     3.1380     1.6269 1.0000e-12       4937     3.4278  0.000e+00
     38.702   71.33638 -164.61042     39.104    -1.2706    -1.2692    -1.2714    32.4557    32.4670  1026.2881    26.0995    258.909    246.268  367.08289     70.531     67.096     0.1074     0.2967     3.1380     1.6269 1.0000e-12       4938     3.4285  0.000e+00
     38.655   71.33638 -164.61042     39.057    -1.2703    -1.2692    -1.2711    32.4554    32.4672  1026.2876    26.0993    259.305    246.242  367.08025     70.640     67.089     0.1074     0.2967     3.1380     1.6269 1.0000e-12       4939     3.4292  0.000e+00
     38.709   71.33638 -164.61042     39.112    -1.2705    -1.2693    -1.2712    32.4558    32.4671  1026.2882    26.0996    259.083    246.221  367.08076     70.579     67.084     0.1074     0.2967     3.1380     1.6269 8.4714e-06       4940     3.4299  0.000e+00
     38.655   71.33638 -164.61042     39.057    -1.2705    -1.2695    -1.2712    32.4556    32.4674  1026.2877    26.0994    259.067    246.197  367.08153     70.575     67.077     0.1074     0.2967     3.1380     1.6269 1.0000e-12       4941     3.4306  0.000e+00
     38.701   71.33638 -164.61042     39.104    -1.2706    -1.2692    -1.2714    32.4558    32.4667  1026.2881    26.0996    259.264    246.174  367.08264     70.628     67.071     0.1087     0.3040     3.1380     1.6269 1.0000e-12       4942     3.4312  0.000e+00
     38.655   71.33638 -164.61042     39.057    -1.2705    -1.2692    -1.2712    32.4557    32.4668  1026.2878    26.0995    259.295    246.148  367.08116     70.637     67.064     0.1074     0.2967     3.1380     1.6269 1.0000e-12       4943     3.4319  0.000e+00
     38.709   71.33638 -164.61042     39.112    -1.2703    -1.2693    -1.2711    32.4555    32.4673  1026.2879    26.0994    259.331    246.127  367.08010     70.647     67.058     0.1087     0.3040     3.1380     1.6269 1.0000e-12       4944     3.4326  0.000e+00
     38.647   71.33638 -164.61042     39.049    -1.2705    -1.2692    -1.2712    32.4552    32.4673  1026.2874    26.0992    259.365    246.100  367.08251     70.656     67.051     0.1074     0.2967     3.1380     1.6269 1.0000e-12       4945     3.4333  0.000e+00
     38.709   71.33638 -164.61042     39.112    -1.2705    -1.2690    -1.2712    32.4553    32.4668  1026.2878    26.0992    259.452    246.078  367.08237     70.679     67.045     0.1087     0.3040     3.1392     1.6253 1.0000e-12       4946     3.4340  0.000e+00
     38.655   71.33638 -164.61042     39.057    -1.2705    -1.2691    -1.2712    32.4556    32.4672  1026.2878    26.0995    259.486    246.052  367.08140     70.689     67.038     0.1074     0.2967     3.1404     1.6238 1.0000e-12       4947     3.4347  0.000e+00
     38.586   71.33638 -164.61042     38.987    -1.2706    -1.2690    -1.2714    32.4557    32.4670  1026.2875    26.0995    259.265    246.027  367.08293     70.628     67.031     0.1074     0.2967     3.1404     1.6238 1.0000e-12       4948     3.4354  0.000e+00
     38.771   71.33638 -164.61042     39.174    -1.2706    -1.2690    -1.2714    32.4553    32.4670  1026.2881    26.0992    259.262    246.009  367.08413     70.627     67.026     0.1074     0.2967     3.1404     1.6238 1.0000e-12       4949     3.4361  0.000e+00
     38.655   71.33638 -164.61042     39.057    -1.2705    -1.2690    -1.2712    32.4555    32.4671  1026.2877    26.0994    259.504    246.014  367.08165     70.694     67.028     0.1074     0.2967     3.1404     1.6238 1.0000e-12       4950     3.4368  0.000e+00
