EcoFOCI/data/1_SampleCollection/2023_SikuliaqDBO_CruiseData/CTD_raw_BottleFile_SKQ23-12S/proc/skq202312s_030.cnv
* Sea-Bird SBE 9 Data File:
* FileName = D:\CTD\SKQ202312S\SKQ202312S_030.hex
* Software Version Seasave V 7.26.7.121
* Temperature SN = 6177
* Conductivity SN = 0369
* Number of Bytes Per Scan = 41
* Number of Voltage Words = 4
* Number of Scans Averaged by the Deck Unit = 1
* NMEA Latitude = 71 27.31 N
* NMEA Longitude = 157 35.45 W
* NMEA UTC (Time) = Sep 21 2023  07:26:33
* NMEA baud rate = 4800
** Ship: R/V Sikuliaq
** Station Number: 030
** Station Name: DBO5.6
** Bottom Depth: 109
** Operator: SS
# nquan = 24
# nvalues = 8117                                  
# units = specified
# name 0 = depSM: Depth [salt water, m]
# name 1 = latitude: Latitude [deg]
# name 2 = longitude: Longitude [deg]
# name 3 = prDM: Pressure, Digiquartz [db]
# name 4 = t090C: Temperature [ITS-90, deg C]
# name 5 = t190C: Temperature, 2 [ITS-90, deg C]
# name 6 = potemp090C: Potential Temperature [ITS-90, deg C]
# name 7 = sal00: Salinity, Practical [PSU]
# name 8 = sal11: Salinity, Practical, 2 [PSU]
# name 9 = density00: Density [density, kg/m^3]
# name 10 = sigma-é00: Density [sigma-theta, kg/m^3]
# name 11 = sbox0Mm/Kg: Oxygen, SBE 43 [umol/kg]
# name 12 = sbox1Mm/Kg: Oxygen, SBE 43, 2 [umol/kg]
# name 13 = oxsolMm/Kg: Oxygen Saturation, Garcia & Gordon [umol/kg]
# name 14 = sbeox0PS: Oxygen, SBE 43 [% saturation]
# name 15 = sbeox1PS: Oxygen, SBE 43, 2 [% saturation]
# name 16 = v0: Voltage 0
# name 17 = flECO-AFL: Fluorescence, WET Labs ECO-AFL/FL [mg/m^3]
# name 18 = v1: Voltage 1
# name 19 = CStarAt0: Beam Attenuation, WET Labs C-Star [1/m]
# name 20 = par: PAR/Irradiance, Biospherical/Licor
# name 21 = scan: Scan Count
# name 22 = timeM: Time, Elapsed [minutes]
# name 23 = flag:  0.000e+00
# span 0 =      4.093,    104.318                 
# span 1 =   71.45512,   71.45518                 
# span 2 = -157.59108, -157.59050                 
# span 3 =      4.135,    105.421                 
# span 4 =    -1.7033,     4.4585                 
# span 5 =    -1.7019,     4.4616                 
# span 6 =    -1.7046,     4.4581                 
# span 7 =    30.3710,    32.9828                 
# span 8 =    30.3980,    32.9927                 
# span 9 =  1024.0997,  1027.0467                 
# span 10 =    24.0769,    26.5384                
# span 11 =    262.182,    461.276                
# span 12 =    248.630,    443.767                
# span 13 =  322.31349,  370.84397                
# span 14 =     70.907,    125.916                
# span 15 =     67.252,    121.256                
# span 16 =     0.0476,     0.2002                
# span 17 =    -0.0623,     0.8535                
# span 18 =     3.2381,     4.2039                
# span 19 =     0.4567,     1.5012                
# span 20 = 1.0000e-12, 3.3871e-01                
# span 21 =          1,       8117                
# span 22 =     0.0000,     5.6361                
# span 23 = 0.0000e+00, 0.0000e+00                
# interval = seconds: 0.0416667
# start_time = Sep 21 2023 07:30:42 [NMEA time, first data scan]
# bad_flag = -9.990e-29
*END*
[from data line 7850]
    103.577   71.45514 -157.59108    104.672    -1.6943    -1.6929    -1.6962    32.9818    32.9914  1027.0429    26.5376    263.162    250.226  369.75648     71.172     67.681     0.0781     0.1209     3.2589     1.4756 1.0000e-12       7851     5.4514  0.000e+00
    103.577   71.45514 -157.59108    104.672    -1.6941    -1.6926    -1.6960    32.9812    32.9907  1027.0424    26.5371    263.170    250.237  369.75659     71.174     67.684     0.0757     0.1062     3.2589     1.4756 8.4714e-06       7852     5.4521  0.000e+00
    103.538   71.45514 -157.59108    104.633    -1.6941    -1.6929    -1.6960    32.9813    32.9915  1027.0423    26.5372    263.021    250.481  369.75626     71.134     67.750     0.0769     0.1135     3.2576     1.4771 8.4714e-06       7853     5.4528  0.000e+00
    103.577   71.45514 -157.59108    104.672    -1.6942    -1.6928    -1.6961    32.9815    32.9916  1027.0426    26.5373    262.987    250.557  369.75698     71.124     67.771     0.0769     0.1135     3.2576     1.4771 1.0000e-12       7854     5.4535  0.000e+00
    103.577   71.45514 -157.59108    104.672    -1.6941    -1.6929    -1.6960    32.9815    32.9917  1027.0426    26.5374    262.951    250.632  369.75557     71.115     67.791     0.0769     0.1135     3.2576     1.4771 8.4714e-06       7855     5.4542  0.000e+00
    103.577   71.45514 -157.59108    104.672    -1.6943    -1.6929    -1.6962    32.9814    32.9917  1027.0425    26.5373    263.290    250.705  369.75775     71.206     67.811     0.0757     0.1062     3.2576     1.4771 8.4714e-06       7856     5.4549  0.000e+00
    103.631   71.45514 -157.59108    104.727    -1.6944    -1.6929    -1.6963    32.9815    32.9919  1027.0429    26.5374    263.054    250.744  369.75851     71.142     67.821     0.0769     0.1135     3.2576     1.4771 1.0000e-12       7857     5.4556  0.000e+00
    103.577   71.45514 -157.59108    104.672    -1.6943    -1.6926    -1.6962    32.9813    32.9911  1027.0424    26.5372    263.288    250.775  369.75801     71.206     67.830     0.0781     0.1209     3.2589     1.4756 8.4714e-06       7858     5.4562  0.000e+00
    103.631   71.45514 -157.59108    104.727    -1.6945    -1.6926    -1.6964    32.9819    32.9912  1027.0432    26.5377    263.054    250.809  369.75865     71.142     67.839     0.0769     0.1135     3.2613     1.4726 8.4714e-06       7859     5.4569  0.000e+00
    103.631   71.45514 -157.59108    104.727    -1.6944    -1.6929    -1.6963    32.9815    32.9917  1027.0429    26.5374    263.293    250.839  369.75863     71.207     67.847     0.0781     0.1209     3.2613     1.4726 1.0000e-12       7860     5.4576  0.000e+00
    103.631   71.45514 -157.59108    104.727    -1.6943    -1.6928    -1.6962    32.9816    32.9915  1027.0430    26.5375    263.373    250.864  369.75709     71.229     67.854     0.0769     0.1135     3.2625     1.4711 1.0000e-12       7861     5.4583  0.000e+00
    103.631   71.45514 -157.59108    104.727    -1.6943    -1.6929    -1.6962    32.9816    32.9911  1027.0429    26.5374    263.403    250.890  369.75722     71.237     67.860     0.0769     0.1135     3.2625     1.4711 8.4714e-06       7862     5.4590  0.000e+00
    103.631   71.45514 -157.59108    104.727    -1.6943    -1.6928    -1.6962    32.9813    32.9915  1027.0427    26.5372    263.433    251.141  369.75811     71.245     67.929     0.0757     0.1062     3.2613     1.4726 1.0000e-12       7863     5.4597  0.000e+00
    103.685   71.45514 -157.59108    104.781    -1.6944    -1.6926    -1.6963    32.9815    32.9914  1027.0431    26.5374    263.991    251.192  369.75809     71.396     67.943     0.0769     0.1135     3.2625     1.4711 1.0000e-12       7864     5.4604  0.000e+00
    103.631   71.45514 -157.59108    104.727    -1.6941    -1.6932    -1.6960    32.9815    32.9920  1027.0429    26.5374    263.589    251.239  369.75567     71.287     67.955     0.0757     0.1062     3.2613     1.4726 1.0000e-12       7865     5.4611  0.000e+00
    103.654   71.45514 -157.59108    104.750    -1.6941    -1.6929    -1.6960    32.9816    32.9919  1027.0430    26.5374    263.562    251.279  369.75545     71.280     67.966     0.0769     0.1135     3.2625     1.4711 1.0000e-12       7866     5.4618  0.000e+00
    103.631   71.45514 -157.59108    104.727    -1.6943    -1.6929    -1.6962    32.9816    32.9917  1027.0429    26.5374    263.586    251.316  369.75722     71.286     67.976     0.0781     0.1209     3.2625     1.4711 1.0000e-12       7867     5.4625  0.000e+00
    103.685   71.45514 -157.59108    104.781    -1.6941    -1.6929    -1.6960    32.9815    32.9916  1027.0431    26.5374    263.610    251.118  369.75576     71.293     67.922     0.0769     0.1135     3.2625     1.4711 1.0000e-12       7868     5.4632  0.000e+00
    103.685   71.45514 -157.59108    104.781    -1.6942    -1.6929    -1.6961    32.9815    32.9919  1027.0431    26.5374    263.635    251.115  369.75693     71.299     67.922     0.0769     0.1135     3.2625     1.4711 1.0000e-12       7869     5.4639  0.000e+00
    103.685   71.45514 -157.59108    104.781    -1.6944    -1.6929    -1.6963    32.9814    32.9917  1027.0430    26.5373    263.660    251.343  369.75899     71.306     67.983     0.0757     0.1062     3.2625     1.4711 8.4714e-06       7870     5.4646  0.000e+00
    103.631   71.45514 -157.59108    104.727    -1.6941    -1.6928    -1.6960    32.9810    32.9915  1027.0425    26.5370    263.520    251.363  369.75707     71.268     67.989     0.0769     0.1135     3.2625     1.4711 1.0000e-12       7871     5.4653  0.000e+00
    103.685   71.45514 -157.59108    104.781    -1.6940    -1.6931    -1.6959    32.9809    32.9918  1027.0426    26.5369    263.538    251.386  369.75638     71.273     67.995     0.0769     0.1135     3.2625     1.4711 8.4714e-06       7872     5.4660  0.000e+00
    103.685   71.45514 -157.59108    104.781    -1.6942    -1.6929    -1.6961    32.9811    32.9919  1027.0428    26.5371    263.557    251.400  369.75794     71.278     67.999     0.0769     0.1135     3.2625     1.4711 1.0000e-12       7873     5.4667  0.000e+00
    103.685   71.45514 -157.59108    104.781    -1.6940    -1.6929    -1.6959    32.9815    32.9914  1027.0431    26.5374    263.518    251.412  369.75448     71.268     68.002     0.0781     0.1209     3.2613     1.4726 8.4714e-06       7874     5.4674  0.000e+00
    103.747   71.45514 -157.59108    104.844    -1.6943    -1.6929    -1.6962    32.9816    32.9914  1027.0435    26.5375    263.274    251.421  369.75717     71.202     68.004     0.0769     0.1135     3.2625     1.4711 8.4714e-06       7875     5.4681  0.000e+00
    103.685   71.45514 -157.59108    104.781    -1.6940    -1.6929    -1.6959    32.9814    32.9916  1027.0430    26.5373    263.499    251.421  369.75499     71.263     68.004     0.0781     0.1209     3.2625     1.4711 1.0000e-12       7876     5.4688  0.000e+00
    103.685   71.45514 -157.59108    104.781    -1.6941    -1.6929    -1.6960    32.9814    32.9916  1027.0430    26.5373    263.517    251.420  369.75615     71.268     68.004     0.0769     0.1135     3.2613     1.4726 1.0000e-12       7877     5.4694  0.000e+00
    103.747   71.45514 -157.59108    104.844    -1.6942    -1.6933    -1.6961    32.9814    32.9920  1027.0433    26.5373    263.484    251.651  369.75729     71.259     68.066     0.0769     0.1135     3.2625     1.4711 8.4714e-06       7878     5.4701  0.000e+00
    103.708   71.45514 -157.59108    104.805    -1.6941    -1.6931    -1.6960    32.9810    32.9918  1027.0429    26.5370    263.497    251.438  369.75708     71.262     68.009     0.0769     0.1135     3.2625     1.4711 1.0000e-12       7879     5.4708  0.000e+00
    103.747   71.45514 -157.59108    104.844    -1.6940    -1.6930    -1.6959    32.9813    32.9917  1027.0432    26.5372    263.512    251.424  369.75523     71.267     68.005     0.0769     0.1135     3.2625     1.4711 1.0000e-12       7880     5.4715  0.000e+00
    103.685   71.45514 -157.59108    104.781    -1.6943    -1.6929    -1.6962    32.9815    32.9913  1027.0432    26.5374    263.526    251.635  369.75732     71.270     68.062     0.0757     0.1062     3.2625     1.4711 8.4714e-06       7881     5.4722  0.000e+00
    103.747   71.45514 -157.59108    104.844    -1.6941    -1.6933    -1.6960    32.9810    32.9918  1027.0430    26.5370    263.280    251.647  369.75715     71.204     68.065     0.0781     0.1209     3.2625     1.4711 1.0000e-12       7882     5.4729  0.000e+00
    103.747   71.45514 -157.59108    104.844    -1.6941    -1.6934    -1.6960    32.9811    32.9921  1027.0431    26.5370    263.508    251.650  369.75638     71.265     68.066     0.0781     0.1209     3.2625     1.4711 8.4714e-06       7883     5.4736  0.000e+00
    103.747   71.45514 -157.59108    104.844    -1.6941    -1.6930    -1.6960    32.9810    32.9914  1027.0430    26.5370    263.526    251.414  369.75715     71.270     68.002     0.0781     0.1209     3.2625     1.4711 8.4714e-06       7884     5.4743  0.000e+00
    103.747   71.45514 -157.59108    104.844    -1.6943    -1.6933    -1.6962    32.9813    32.9918  1027.0433    26.5372    263.491    251.375  369.75794     71.260     67.991     0.0781     0.1209     3.2625     1.4711 1.0000e-12       7885     5.4750  0.000e+00
    103.747   71.45514 -157.59108    104.844    -1.6943    -1.6931    -1.6962    32.9814    32.9918  1027.0434    26.5373    263.505    251.329  369.75768     71.264     67.979     0.0781     0.1209     3.2625     1.4711 8.4714e-06       7886     5.4757  0.000e+00
    103.747   71.45514 -157.59108    104.844    -1.6941    -1.6932    -1.6960    32.9812    32.9914  1027.0432    26.5372    263.466    251.283  369.75651     71.254     67.966     0.0781     0.1209     3.2625     1.4711 8.4714e-06       7887     5.4764  0.000e+00
    103.801   71.45514 -157.59108    104.898    -1.6942    -1.6933    -1.6962    32.9816    32.9909  1027.0438    26.5374    263.481    251.501  369.75663     71.258     68.025     0.0769     0.1135     3.2625     1.4711 1.0000e-12       7888     5.4771  0.000e+00
    103.747   71.45514 -157.59108    104.844    -1.6943    -1.6934    -1.6962    32.9819    32.9915  1027.0438    26.5377    263.492    251.475  369.75616     71.261     68.018     0.0781     0.1209     3.2625     1.4711 1.0000e-12       7889     5.4778  0.000e+00
    103.747   71.45514 -157.59108    104.844    -1.6943    -1.6934    -1.6962    32.9818    32.9922  1027.0436    26.5376    263.505    251.247  369.75666     71.264     67.956     0.0794     0.1282     3.2625     1.4711 8.4714e-06       7890     5.4785  0.000e+00
    103.801   71.45514 -157.59108    104.898    -1.6941    -1.6933    -1.6960    32.9811    32.9920  1027.0433    26.5370    263.519    251.218  369.75699     71.268     67.949     0.0781     0.1209     3.2625     1.4711 8.4714e-06       7891     5.4792  0.000e+00
    103.762   71.45514 -157.59108    104.859    -1.6942    -1.6934    -1.6961    32.9815    32.9918  1027.0435    26.5374    263.531    251.417  369.75694     71.271     68.002     0.0781     0.1209     3.2625     1.4711 1.0000e-12       7892     5.4799  0.000e+00
    103.801   71.45514 -157.59108    104.898    -1.6944    -1.6932    -1.6963    32.9818    32.9919  1027.0440    26.5376    263.546    251.180  369.75767     71.275     67.939     0.0781     0.1209     3.2625     1.4711 1.0000e-12       7893     5.4806  0.000e+00
    103.747   71.45514 -157.59108    104.844    -1.6944    -1.6933    -1.6963    32.9816    32.9917  1027.0435    26.5375    263.767    251.139  369.75821     71.335     67.927     0.0781     0.1209     3.2625     1.4711 1.0000e-12       7894     5.4813  0.000e+00
    103.801   71.45514 -157.59108    104.898    -1.6943    -1.6933    -1.6962    32.9814    32.9920  1027.0436    26.5373    263.565    251.098  369.75778     71.280     67.916     0.0781     0.1209     3.2625     1.4711 8.4714e-06       7895     5.4819  0.000e+00
    103.801   71.45514 -157.59108    104.898    -1.6943    -1.6934    -1.6962    32.9818    32.9918  1027.0440    26.5376    263.573    251.053  369.75651     71.283     67.904     0.0781     0.1209     3.2625     1.4711 1.0000e-12       7896     5.4826  0.000e+00
    103.801   71.45514 -157.59108    104.898    -1.6944    -1.6931    -1.6963    32.9818    32.9911  1027.0440    26.5377    263.582    251.004  369.75703     71.285     67.891     0.0769     0.1135     3.2625     1.4711 1.0000e-12       7897     5.4833  0.000e+00
    103.801   71.45514 -157.59108    104.898    -1.6943    -1.6933    -1.6962    32.9815    32.9917  1027.0437    26.5374    263.590    250.953  369.75753     71.287     67.877     0.0781     0.1209     3.2625     1.4711 8.4714e-06       7898     5.4840  0.000e+00
    103.801   71.45514 -157.59108    104.898    -1.6943    -1.6933    -1.6962    32.9814    32.9916  1027.0436    26.5373    263.599    250.900  369.75778     71.290     67.863     0.0794     0.1282     3.2662     1.4666 8.4714e-06       7899     5.4847  0.000e+00
    103.863   71.45514 -157.59108    104.961    -1.6944    -1.6934    -1.6963    32.9813    32.9914  1027.0438    26.5372    263.611    250.847  369.75931     71.293     67.848     0.0781     0.1209     3.2711     1.4607 1.0000e-12       7900     5.4854  0.000e+00
    103.801   71.45514 -157.59108    104.898    -1.6946    -1.6933    -1.6965    32.9816    32.9919  1027.0438    26.5375    263.618    250.783  369.75998     71.294     67.831     0.0781     0.1209     3.2711     1.4607 8.4714e-06       7901     5.4861  0.000e+00
    103.863   71.45514 -157.59108    104.961    -1.6944    -1.6933    -1.6963    32.9812    32.9920  1027.0437    26.5371    263.574    250.758  369.75892     71.283     67.824     0.0781     0.1209     3.2711     1.4607 8.4714e-06       7902     5.4868  0.000e+00
    103.801   71.45514 -157.59108    104.898    -1.6943    -1.6932    -1.6962    32.9811    32.9919  1027.0434    26.5371    263.525    250.959  369.75854     71.270     67.879     0.0781     0.1209     3.2711     1.4607 1.0000e-12       7903     5.4875  0.000e+00
    103.863   71.45514 -157.59108    104.961    -1.6946    -1.6933    -1.6965    32.9818    32.9919  1027.0443    26.5377    263.216    250.730  369.75933     71.186     67.817     0.0769     0.1135     3.2711     1.4607 1.0000e-12       7904     5.4882  0.000e+00
    103.878   71.45514 -157.59108    104.976    -1.6941    -1.6934    -1.6960    32.9812    32.9917  1027.0438    26.5372    263.430    250.699  369.75650     71.244     67.808     0.0781     0.1209     3.2711     1.4607 1.0000e-12       7905     5.4889  0.000e+00
    103.863   71.45514 -157.59108    104.961    -1.6943    -1.6932    -1.6962    32.9816    32.9917  1027.0441    26.5375    263.381    250.663  369.75713     71.231     67.799     0.0794     0.1282     3.2711     1.4607 1.0000e-12       7906     5.4896  0.000e+00
    103.863   71.45514 -157.59108    104.961    -1.6942    -1.6931    -1.6962    32.9814    32.9917  1027.0439    26.5373    263.383    250.626  369.75725     71.231     67.789     0.0781     0.1209     3.2711     1.4607 1.0000e-12       7907     5.4903  0.000e+00
    103.863   71.45514 -157.59108    104.961    -1.6943    -1.6933    -1.6962    32.9811    32.9919  1027.0437    26.5371    263.333    250.590  369.75853     71.218     67.779     0.0830     0.1502     3.2711     1.4607 8.4714e-06       7908     5.4910  0.000e+00
    103.863   71.45514 -157.59108    104.961    -1.6941    -1.6929    -1.6960    32.9809    32.9915  1027.0435    26.5369    263.332    250.549  369.75749     71.218     67.768     0.0830     0.1502     3.2711     1.4607 1.0000e-12       7909     5.4917  0.000e+00
