EcoFOCI/data/1_SampleCollection/2023_SikuliaqDBO_CruiseData/CTD_raw_BottleFile_SKQ23-12S/proc/skq202312s_082.cnv
* Sea-Bird SBE 9 Data File:
* FileName = D:\CTD\SKQ202312S\SKQ202312S_082.hex
* Software Version Seasave V 7.26.7.121
* Temperature SN = 6177
* Conductivity SN = 0369
* Number of Bytes Per Scan = 41
* Number of Voltage Words = 4
* Number of Scans Averaged by the Deck Unit = 1
* NMEA Latitude = 65 40.20 N
* NMEA Longitude = 168 22.04 W
* NMEA UTC (Time) = Oct 03 2023  09:48:47
* NMEA baud rate = 4800
** Ship: R/V Sikuliaq
** Station Number: 082
** Station Name: BS3
** Bottom Depth: 54
** Operator: SD
# nquan = 24
# nvalues = 4335                                  
# units = specified
# name 0 = depSM: Depth [salt water, m]
# name 1 = latitude: Latitude [deg]
# name 2 = longitude: Longitude [deg]
# name 3 = prDM: Pressure, Digiquartz [db]
# name 4 = t090C: Temperature [ITS-90, deg C]
# name 5 = t190C: Temperature, 2 [ITS-90, deg C]
# name 6 = potemp090C: Potential Temperature [ITS-90, deg C]
# name 7 = sal00: Salinity, Practical [PSU]
# name 8 = sal11: Salinity, Practical, 2 [PSU]
# name 9 = density00: Density [density, kg/m^3]
# name 10 = sigma-é00: Density [sigma-theta, kg/m^3]
# name 11 = sbox0Mm/Kg: Oxygen, SBE 43 [umol/kg]
# name 12 = sbox1Mm/Kg: Oxygen, SBE 43, 2 [umol/kg]
# name 13 = oxsolMm/Kg: Oxygen Saturation, Garcia & Gordon [umol/kg]
# name 14 = sbeox0PS: Oxygen, SBE 43 [% saturation]
# name 15 = sbeox1PS: Oxygen, SBE 43, 2 [% saturation]
# name 16 = v0: Voltage 0
# name 17 = flECO-AFL: Fluorescence, WET Labs ECO-AFL/FL [mg/m^3]
# name 18 = v1: Voltage 1
# name 19 = CStarAt0: Beam Attenuation, WET Labs C-Star [1/m]
# name 20 = par: PAR/Irradiance, Biospherical/Licor
# name 21 = scan: Scan Count
# name 22 = timeM: Time, Elapsed [minutes]
# name 23 = flag:  0.000e+00
# span 0 =      1.748,     47.513                 
# span 1 =   65.66982,   65.66992                 
# span 2 = -168.36854, -168.36790                 
# span 3 =      1.765,     47.991                 
# span 4 =     3.0148,     6.5091                 
# span 5 =     3.0152,     6.5102                 
# span 6 =     3.0130,     6.5081                 
# span 7 =    26.2911,    32.8800                 
# span 8 =    26.3032,    32.9084                 
# span 9 =  1020.6688,  1026.4015                 
# span 10 =    20.6565,    26.1912                
# span 11 =    245.087,    294.797                
# span 12 =    236.244,    281.753                
# span 13 =  305.14474,  327.68084                
# span 14 =     74.805,     92.588                
# span 15 =     72.113,     88.519                
# span 16 =     0.1160,     0.2930                
# span 17 =     0.3480,     1.4102                
# span 18 =     3.3248,     4.0537                
# span 19 =     0.6023,     1.3955                
# span 20 = 1.0000e-12, 5.6887e-01                
# span 21 =          1,       4335                
# span 22 =     0.0000,     3.0097                
# span 23 = 0.0000e+00, 0.0000e+00                
# interval = seconds: 0.0416667
# start_time = Oct 03 2023 09:52:12 [NMEA time, first data scan]
# bad_flag = -9.990e-29
*END*
[from data line 1510]
     23.695   65.66990 -168.36802     23.932     4.4722     4.4699     4.4706    32.0549    32.0749  1025.5085    25.3970    289.290    272.435  318.20996     90.912     85.623     0.1416     0.5018     3.9963     0.6593 1.0000e-12       1511     1.0486  0.000e+00
     23.733   65.66990 -168.36802     23.971     4.4716     4.4699     4.4700    32.0587    32.0771  1025.5118    25.4001    289.331    272.470  318.20572     90.926     85.635     0.1416     0.5018     3.9963     0.6593 8.4714e-06       1512     1.0493  0.000e+00
     23.672   65.66990 -168.36802     23.909     4.4706     4.4701     4.4690    32.0626    32.0792  1025.5147    25.4033    289.354    272.677  318.20359     90.934     85.702     0.1416     0.5018     3.9963     0.6593 1.0000e-12       1513     1.0500  0.000e+00
     23.757   65.66990 -168.36802     23.994     4.4705     4.4703     4.4689    32.0649    32.0811  1025.5169    25.4051    289.330    272.711  318.19931     90.927     85.715     0.1404     0.4945     3.9963     0.6593 1.0000e-12       1514     1.0507  0.000e+00
     23.787   65.66990 -168.36802     24.025     4.4700     4.4706     4.4684    32.0680    32.0829  1025.5196    25.4076    289.319    272.754  318.19562     90.925     85.730     0.1416     0.5018     3.9963     0.6593 1.0000e-12       1515     1.0514  0.000e+00
     23.757   65.66990 -168.36802     23.994     4.4699     4.4707     4.4683    32.0713    32.0852  1025.5221    25.4103    289.253    272.785  318.18840     90.906     85.741     0.1429     0.5091     3.9963     0.6593 1.0000e-12       1516     1.0521  0.000e+00
     23.787   65.66990 -168.36802     24.025     4.4702     4.4718     4.4685    32.0746    32.0878  1025.5248    25.4129    289.200    272.986  318.17857     90.892     85.808     0.1416     0.5018     3.9963     0.6593 8.4714e-06       1517     1.0528  0.000e+00
     23.849   65.66990 -168.36802     24.088     4.4705     4.4738     4.4689    32.0807    32.0910  1025.5299    25.4177    289.125    273.004  318.16160     90.874     85.820     0.1416     0.5018     3.9963     0.6593 1.0000e-12       1518     1.0535  0.000e+00
     23.811   65.66990 -168.36802     24.049     4.4719     4.4756     4.4703    32.0852    32.0937  1025.5332    25.4211    289.232    273.195  318.14005     90.913     85.886     0.1392     0.4872     3.9963     0.6593 1.0000e-12       1519     1.0542  0.000e+00
     23.903   65.66990 -168.36802     24.142     4.4732     4.4768     4.4716    32.0869    32.0960  1025.5348    25.4223    289.188    273.032  318.12602     90.904     85.838     0.1392     0.4872     3.9963     0.6593 1.0000e-12       1520     1.0549  0.000e+00
     23.926   65.66990 -168.36802     24.166     4.4741     4.4786     4.4725    32.0890    32.0969  1025.5365    25.4239    289.095    273.021  318.11367     90.878     85.839     0.1380     0.4798     3.9963     0.6593 1.0000e-12       1521     1.0556  0.000e+00
     23.849   65.66990 -168.36802     24.088     4.4757     4.4819     4.4741    32.0915    32.0999  1025.5380    25.4258    289.006    273.165  318.09572     90.855     85.893     0.1392     0.4872     3.9976     0.6581 1.0000e-12       1522     1.0562  0.000e+00
     23.965   65.66990 -168.36802     24.205     4.4773     4.4896     4.4756    32.0991    32.1035  1025.5444    25.4316    288.896    273.105  318.06570     90.829     85.892     0.1392     0.4872     3.9963     0.6593 1.0000e-12       1523     1.0569  0.000e+00
     23.926   65.66990 -168.36802     24.166     4.4805     4.4970     4.4788    32.1127    32.1093  1025.5546    25.4421    288.738    273.046  318.00889     90.795     85.893     0.1392     0.4872     3.9963     0.6593 1.0000e-12       1524     1.0576  0.000e+00
     24.019   65.66990 -168.36802     24.259     4.4846     4.5051     4.4830    32.1215    32.1142  1025.5616    25.4486    288.603    273.143  317.95628     90.768     85.943     0.1404     0.4945     3.9963     0.6593 1.0000e-12       1525     1.0583  0.000e+00
     23.926   65.66990 -168.36802     24.166     4.4903     4.5133     4.4887    32.1264    32.1181  1025.5645    25.4520    288.648    273.077  317.90097     90.798     85.942     0.1392     0.4872     3.9963     0.6593 1.0000e-12       1526     1.0590  0.000e+00
     24.019   65.66990 -168.36802     24.259     4.4967     4.5226     4.4950    32.1282    32.1216  1025.5657    25.4527    288.336    272.998  317.84816     90.715     85.939     0.1392     0.4872     3.9963     0.6593 1.0000e-12       1527     1.0597  0.000e+00
     24.073   65.66990 -168.36802     24.314     4.5032     4.5298     4.5015    32.1317    32.1252  1025.5681    25.4548    288.178    272.943  317.79020     90.682     85.938     0.1392     0.4872     3.9927     0.6630 8.4714e-06       1528     1.0604  0.000e+00
     24.042   65.66990 -168.36802     24.282     4.5099     4.5366     4.5082    32.1362    32.1268  1025.5707    25.4576    287.999    272.880  317.72854     90.643     85.934     0.1392     0.4872     3.9890     0.6667 1.0000e-12       1529     1.0611  0.000e+00
     24.073   65.66990 -168.36802     24.314     4.5170     4.5417     4.5153    32.1368    32.1293  1025.5707    25.4574    287.846    273.006  317.67276     90.611     85.986     0.1380     0.4798     3.9890     0.6667 1.0000e-12       1530     1.0618  0.000e+00
     24.096   65.66990 -168.36802     24.337     4.5237     4.5467     4.5220    32.1372    32.1302  1025.5704    25.4570    287.684    272.772  317.62078     90.575     85.923     0.1392     0.4872     3.9890     0.6667 1.0000e-12       1531     1.0625  0.000e+00
     24.073   65.66990 -168.36802     24.314     4.5300     4.5508     4.5284    32.1343    32.1308  1025.5673    25.4541    287.516    272.719  317.57909     90.534     85.915     0.1392     0.4872     3.9890     0.6667 1.0000e-12       1532     1.0632  0.000e+00
     24.188   65.66990 -168.36802     24.431     4.5353     4.5537     4.5336    32.1310    32.1314  1025.5647    25.4509    287.176    272.857  317.54664     90.436     85.965     0.1392     0.4872     3.9890     0.6667 1.0000e-12       1533     1.0639  0.000e+00
     24.150   65.66990 -168.36802     24.392     4.5400     4.5557     4.5383    32.1285    32.1315  1025.5620    25.4484    286.999    272.819  317.51680     90.389     85.957     0.1392     0.4872     3.9890     0.6667 1.0000e-12       1534     1.0646  0.000e+00
     24.188   65.66990 -168.36802     24.430     4.5433     4.5569     4.5417    32.1277    32.1314  1025.5613    25.4475    287.060    272.779  317.49305     90.415     85.947     0.1392     0.4872     3.9890     0.6667 1.0000e-12       1535     1.0653  0.000e+00
     24.212   65.66990 -168.36802     24.454     4.5464     4.5582     4.5447    32.1272    32.1316  1025.5607    25.4468    286.730    272.749  317.47115     90.317     85.940     0.1392     0.4872     3.9890     0.6667 1.0000e-12       1536     1.0660  0.000e+00
     24.188   65.66990 -168.36802     24.430     4.5490     4.5588     4.5474    32.1264    32.1320  1025.5596    25.4459    286.600    272.710  317.45280     90.281     85.930     0.1380     0.4798     3.9890     0.6667 1.0000e-12       1537     1.0667  0.000e+00
     24.250   65.66990 -168.36802     24.493     4.5516     4.5599     4.5499    32.1257    32.1329  1025.5590    25.4450    286.435    272.660  317.43511     90.234     85.917     0.1392     0.4872     3.9890     0.6667 1.0000e-12       1538     1.0674  0.000e+00
     24.266   65.66990 -168.36802     24.508     4.5533     4.5614     4.5516    32.1260    32.1342  1025.5592    25.4451    286.501    272.596  317.42106     90.259     85.900     0.1392     0.4872     3.9890     0.6667 1.0000e-12       1539     1.0681  0.000e+00
     24.304   65.66990 -168.36802     24.547     4.5554     4.5621     4.5537    32.1264    32.1349  1025.5595    25.4452    286.208    272.528  317.40426     90.171     85.881     0.1392     0.4872     3.9890     0.6667 8.4714e-06       1540     1.0688  0.000e+00
     24.266   65.66990 -168.36802     24.508     4.5573     4.5631     4.5557    32.1276    32.1346  1025.5601    25.4460    286.047    272.282  317.38662     90.126     85.805     0.1404     0.4945     3.9890     0.6667 8.4714e-06       1541     1.0694  0.000e+00
     24.366   65.66990 -168.36802     24.610     4.5588     4.5638     4.5571    32.1280    32.1353  1025.5607    25.4461    285.922    272.385  317.37509     90.090     85.839     0.1392     0.4872     3.9890     0.6667 8.4714e-06       1542     1.0701  0.000e+00
     24.304   65.66990 -168.36802     24.547     4.5601     4.5644     4.5584    32.1282    32.1363  1025.5604    25.4461    285.785    272.307  317.36428     90.050     85.817     0.1392     0.4872     3.9890     0.6667 1.0000e-12       1543     1.0708  0.000e+00
     24.381   65.66990 -168.36802     24.625     4.5613     4.5647     4.5596    32.1287    32.1379  1025.5611    25.4464    285.441    272.247  317.35382     89.944     85.800     0.1368     0.4725     3.9890     0.6667 1.0000e-12       1544     1.0715  0.000e+00
     24.420   65.66990 -168.36802     24.664     4.5618     4.5648     4.5601    32.1301    32.1397  1025.5623    25.4475    285.301    272.179  317.34646     89.902     85.779     0.1331     0.4505     3.9890     0.6667 1.0000e-12       1545     1.0722  0.000e+00
     24.381   65.66990 -168.36802     24.625     4.5627     4.5650     4.5610    32.1305    32.1410  1025.5623    25.4477    285.155    272.099  317.33883     89.858     85.755     0.1319     0.4432     3.9890     0.6667 1.0000e-12       1546     1.0729  0.000e+00
     24.420   65.66990 -168.36802     24.664     4.5634     4.5652     4.5617    32.1309    32.1421  1025.5627    25.4479    285.041    272.014  317.33323     89.824     85.730     0.1319     0.4432     3.9890     0.6667 1.0000e-12       1547     1.0736  0.000e+00
     24.443   65.66990 -168.36802     24.688     4.5636     4.5656     4.5619    32.1304    32.1423  1025.5624    25.4475    284.930    271.942  317.33280     89.789     85.708     0.1306     0.4359     3.9902     0.6654 1.0000e-12       1548     1.0743  0.000e+00
     24.536   65.66990 -168.36802     24.781     4.5638     4.5664     4.5621    32.1300    32.1414  1025.5626    25.4472    284.785    271.678  317.33162     89.744     85.626     0.1319     0.4432     3.9939     0.6618 8.4714e-06       1549     1.0750  0.000e+00
     24.474   65.66990 -168.36802     24.719     4.5635     4.5669     4.5618    32.1302    32.1408  1025.5624    25.4473    284.460    271.775  317.33367     89.641     85.657     0.1331     0.4505     3.9951     0.6606 1.0000e-12       1550     1.0757  0.000e+00
     24.497   65.66990 -168.36802     24.742     4.5631     4.5673     4.5614    32.1297    32.1406  1025.5622    25.4470    284.282    271.497  317.33786     89.583     85.570     0.1319     0.4432     3.9939     0.6618 1.0000e-12       1551     1.0764  0.000e+00
     24.535   65.66990 -168.36802     24.781     4.5621     4.5669     4.5604    32.1308    32.1415  1025.5633    25.4480    284.200    271.588  317.34298     89.556     85.599     0.1319     0.4432     3.9939     0.6618 1.0000e-12       1552     1.0771  0.000e+00
     24.551   65.66990 -168.36802     24.797     4.5603     4.5659     4.5586    32.1324    32.1427  1025.5649    25.4494    284.059    271.325  317.35270     89.509     85.514     0.1319     0.4432     3.9939     0.6618 1.0000e-12       1553     1.0778  0.000e+00
     24.535   65.66990 -168.36802     24.781     4.5583     4.5628     4.5566    32.1331    32.1447  1025.5656    25.4502    283.951    271.254  317.36618     89.471     85.487     0.1331     0.4505     3.9939     0.6618 1.0000e-12       1554     1.0785  0.000e+00
     24.651   65.66990 -168.36802     24.898     4.5564     4.5574     4.5546    32.1338    32.1491  1025.5669    25.4510    283.848    271.195  317.37945     89.435     85.460     0.1306     0.4359     3.9939     0.6618 1.0000e-12       1555     1.0792  0.000e+00
     24.551   65.66990 -168.36802     24.797     4.5538     4.5527     4.5521    32.1362    32.1531  1025.5686    25.4531    283.564    271.140  317.39300     89.342     85.436     0.1319     0.4432     3.9939     0.6618 1.0000e-12       1556     1.0799  0.000e+00
     24.651   65.66990 -168.36802     24.898     4.5519     4.5485     4.5502    32.1382    32.1570  1025.5709    25.4549    283.461    271.085  317.40328     89.306     85.412     0.1306     0.4359     3.9939     0.6618 1.0000e-12       1557     1.0806  0.000e+00
     24.667   65.66990 -168.36802     24.913     4.5500     4.5457     4.5483    32.1392    32.1588  1025.5719    25.4559    283.359    271.015  317.41495     89.271     85.386     0.1319     0.4432     3.9939     0.6618 1.0000e-12       1558     1.0813  0.000e+00
     24.651   65.66990 -168.36802     24.898     4.5478     4.5414     4.5461    32.1393    32.1606  1025.5721    25.4562    283.264    270.973  317.43177     89.236     85.365     0.1319     0.4432     3.9939     0.6618 1.0000e-12       1559     1.0819  0.000e+00
     24.705   65.66990 -168.36802     24.952     4.5452     4.5366     4.5435    32.1391    32.1619  1025.5725    25.4563    283.209    270.935  317.45165     89.213     85.344     0.1319     0.4432     3.9939     0.6618 1.0000e-12       1560     1.0826  0.000e+00
     24.728   65.66990 -168.36802     24.976     4.5418     4.5333     4.5401    32.1400    32.1639  1025.5737    25.4574    282.955    270.880  317.47592     89.126     85.321     0.1319     0.4432     3.9939     0.6618 1.0000e-12       1561     1.0833  0.000e+00
     24.705   65.66990 -168.36802     24.952     4.5380     4.5290     4.5363    32.1420    32.1663  1025.5755    25.4594    282.880    270.847  317.50022     89.096     85.303     0.1319     0.4432     3.9939     0.6618 1.0000e-12       1562     1.0840  0.000e+00
     24.782   65.66990 -168.36802     25.030     4.5348     4.5222     4.5331    32.1413    32.1694  1025.5757    25.4592    283.228    270.832  317.52606     89.198     85.286     0.1319     0.4432     3.9939     0.6618 1.0000e-12       1563     1.0847  0.000e+00
     24.767   65.66990 -168.36802     25.015     4.5308     4.5150     4.5291    32.1409    32.1723  1025.5757    25.4592    282.609    270.628  317.55745     88.995     85.209     0.1306     0.4359     3.9939     0.6618 1.0000e-12       1564     1.0854  0.000e+00
     24.782   65.66990 -168.36802     25.030     4.5255     4.5068     4.5238    32.1411    32.1755  1025.5765    25.4600    282.740    270.782  317.59711     89.025     85.243     0.1319     0.4432     3.9939     0.6618 1.0000e-12       1565     1.0861  0.000e+00
     24.821   65.66990 -168.36802     25.069     4.5189     4.4979     4.5172    32.1417    32.1790  1025.5779    25.4611    282.711    270.794  317.64636     89.002     85.231     0.1306     0.4359     3.9939     0.6618 1.0000e-12       1566     1.0868  0.000e+00
     24.821   65.66990 -168.36802     25.069     4.5120     4.4884     4.5103    32.1436    32.1834  1025.5801    25.4633    282.478    270.806  317.69399     88.915     85.218     0.1319     0.4432     3.9939     0.6618 8.4714e-06       1567     1.0875  0.000e+00
     24.844   65.66990 -168.36802     25.093     4.5054     4.4798     4.5037    32.1454    32.1876  1025.5823    25.4654    282.666    270.645  317.74047     88.961     85.153     0.1319     0.4432     3.9939     0.6618 1.0000e-12       1568     1.0882  0.000e+00
     24.875   65.66990 -168.36802     25.124     4.4970     4.4725     4.4953    32.1490    32.1910  1025.5862    25.4692    282.487    270.622  317.79613     88.889     85.132     0.1319     0.4432     3.9927     0.6630 1.0000e-12       1569     1.0889  0.000e+00
