EcoFOCI/data/1_SampleCollection/2023_SikuliaqDBO_CruiseData/CTD_raw_BottleFile_SKQ23-12S/proc/skq202312s_055avg.cnv
* Sea-Bird SBE 9 Data File:
* FileName = D:\CTD\SKQ202312S\SKQ202312S_055.hex
* Software Version Seasave V 7.26.7.121
* Temperature SN = 6177
* Conductivity SN = 0369
* Number of Bytes Per Scan = 41
* Number of Voltage Words = 4
* Number of Scans Averaged by the Deck Unit = 1
* NMEA Latitude = 71 05.09 N
* NMEA Longitude = 163 48.16 W
* NMEA UTC (Time) = Sep 27 2023  03:55:23
* NMEA baud rate = 4800
** Ship: R/V Sikuliaq
** Station Number: 055
** Station Name: IC7
** Bottom Depth: 43
** Operator: SD
# nquan = 25
# nvalues = 37                          
# units = specified
# name 0 = depSM: Depth [salt water, m]
# name 1 = latitude: Latitude [deg]
# name 2 = longitude: Longitude [deg]
# name 3 = prDM: Pressure, Digiquartz [db]
# name 4 = t090C: Temperature [ITS-90, deg C]
# name 5 = t190C: Temperature, 2 [ITS-90, deg C]
# name 6 = potemp090C: Potential Temperature [ITS-90, deg C]
# name 7 = sal00: Salinity, Practical [PSU]
# name 8 = sal11: Salinity, Practical, 2 [PSU]
# name 9 = density00: Density [density, kg/m^3]
# name 10 = sigma-é00: Density [sigma-theta, kg/m^3]
# name 11 = sbox0Mm/Kg: Oxygen, SBE 43 [umol/kg]
# name 12 = sbox1Mm/Kg: Oxygen, SBE 43, 2 [umol/kg]
# name 13 = oxsolMm/Kg: Oxygen Saturation, Garcia & Gordon [umol/kg]
# name 14 = sbeox0PS: Oxygen, SBE 43 [% saturation]
# name 15 = sbeox1PS: Oxygen, SBE 43, 2 [% saturation]
# name 16 = v0: Voltage 0
# name 17 = flECO-AFL: Fluorescence, WET Labs ECO-AFL/FL [mg/m^3]
# name 18 = v1: Voltage 1
# name 19 = CStarAt0: Beam Attenuation, WET Labs C-Star [1/m]
# name 20 = par: PAR/Irradiance, Biospherical/Licor
# name 21 = scan: Scan Count
# name 22 = timeM: Time, Elapsed [minutes]
# name 23 = nbin: number of scans per bin
# name 24 = flag: flag
# span 0 =      1.980,     37.609       
# span 1 =   71.08482,   71.08482       
# span 2 = -163.80274, -163.80274       
# span 3 =      2.000,     38.000       
# span 4 =     0.6647,     4.1141       
# span 5 =     0.6679,     4.1280       
# span 6 =     0.6633,     4.1139       
# span 7 =    30.6863,    32.1901       
# span 8 =    30.6981,    32.2067       
# span 9 =  1024.3597,  1025.9851       
# span 10 =    24.3456,    25.8045      
# span 11 =    300.341,    317.607      
# span 12 =    285.340,    300.821      
# span 13 =  322.39327,  349.55932      
# span 14 =     85.920,     98.248      
# span 15 =     81.668,     93.304      
# span 16 =     0.0891,     0.1575      
# span 17 =     0.1869,     0.5973      
# span 18 =     0.7351,     4.1004      
# span 19 =     0.5589,     7.6640      
# span 20 = 3.3045e-02, 1.7196e+01      
# span 21 =         30,       4219      
# span 22 =     0.0200,     2.9295      
# span 23 =         45,        535      
# span 24 = 0.0000e+00, 0.0000e+00      
# interval = decibars: 1                
# start_time = Sep 27 2023 03:58:52 [NMEA time, first data scan]
# bad_flag = -9.990e-29
*END*
      1.980   71.08482 -163.80274      2.000     3.9346     4.0102     3.9345    30.7490    30.7293  1024.4217    24.4123    312.761    296.133  325.55721     96.069     91.116     0.1510     0.5582     4.1004     0.5589 1.7196e+01         30     0.0200        263 0.0000e+00
      2.969   71.08482 -163.80274      3.000     4.1141     4.1280     4.1139    30.6863    30.6981  1024.3597    24.3456    311.531    296.255  324.29451     96.065     91.393     0.1575     0.5973     3.9528     0.7092 1.4016e+01        346     0.2397        108 0.0000e+00
      3.959   71.08482 -163.80274      4.000     3.8089     3.8339     3.8086    30.7902    30.7952  1024.4753    24.4566    311.654    296.214  326.45645     95.465     90.793     0.1544     0.5783     3.3831     1.5081 1.1995e+01        453     0.3139        114 0.0000e+00
      4.949   71.08482 -163.80274      5.000     3.8596     3.8369     3.8593    30.7732    30.7922  1024.4618    24.4384    313.786    298.227  326.09628     96.225     91.416     0.1528     0.5687     3.7840     0.9175 1.0217e+01        581     0.4025        152 0.0000e+00
      5.939   71.08482 -163.80274      6.000     3.8235     3.8147     3.8232    30.7894    30.8020  1024.4827    24.4545    314.095    297.601  326.34334     96.247     91.182     0.1493     0.5477     2.8841     2.3316 8.8047e+00        721     0.4997        136 0.0000e+00
      6.928   71.08482 -163.80274      7.000     3.7790     3.7747     3.7786    30.7929    30.8055  1024.4942    24.4614    314.121    298.875  326.69047     96.153     91.485     0.1499     0.5517     3.0554     2.2131 7.6411e+00        860     0.5966        135 0.0000e+00
      7.918   71.08482 -163.80274      8.000     3.7629     3.7654     3.7624    30.7974    30.8103  1024.5040    24.4664    314.906    298.884  326.80779     96.358     91.470     0.1491     0.5469     2.6928     2.7707 6.6908e+00        999     0.6932        131 0.0000e+00
      8.908   71.08482 -163.80274      9.000     3.7294     3.7287     3.7289    30.8170    30.8297  1024.5273    24.4851    314.907    299.073  327.02720     96.294     91.459     0.1437     0.5142     2.6470     2.7839 5.8331e+00       1137     0.7892        136 0.0000e+00
      9.898   71.08482 -163.80274     10.000     3.7381     3.7468     3.7376    30.8324    30.8407  1024.5434    24.4965    314.904    298.818  326.91938     96.325     91.429     0.1408     0.4968     3.7295     0.9699 5.1107e+00       1278     0.8870        131 0.0000e+00
     10.888   71.08482 -163.80274     11.000     3.7753     3.7793     3.7747    30.8328    30.8450  1024.5451    24.4935    314.461    299.479  326.62122     96.277     91.707     0.1450     0.5219     4.0269     0.6309 4.4977e+00       1416     0.9828        141 0.0000e+00
     11.877   71.08482 -163.80274     12.000     3.7591     3.7643     3.7584    30.8752    30.8876  1024.5850    24.5287    314.359    299.228  326.64621     96.238     91.626     0.1426     0.5073     3.8228     0.8672 3.9844e+00       1556     1.0799        143 0.0000e+00
     12.867   71.08482 -163.80274     13.000     3.7783     3.7805     3.7775    30.8705    30.8795  1024.5841    24.5232    314.163    299.647  326.50470     96.220     91.786     0.1441     0.5165     2.9035     2.1345 3.5018e+00       1665     1.1553         65 0.0000e+00
     13.857   71.08482 -163.80274     14.000     3.7937     3.7928     3.7928    30.8739    30.8833  1024.5901    24.5245    314.391    298.936  326.37349     96.329     91.598     0.1426     0.5077     1.3100     5.5606 3.1476e+00       1722     1.1952         63 0.0000e+00
     14.847   71.08482 -163.80274     15.000     3.7965     3.7962     3.7956    30.8998    30.9019  1024.6152    24.5448    314.058    298.051  326.28685     96.252     91.347     0.1459     0.5273     0.7351     7.6640 2.7938e+00       1788     1.2408         61 0.0000e+00
     15.836   71.08482 -163.80274     16.000     3.8065     3.8057     3.8055    30.9446    30.9431  1024.6546    24.5796    314.569    298.165  326.09734     96.465     91.432     0.1442     0.5172     1.0242     6.4130 2.4888e+00       1843     1.2790         52 0.0000e+00
     16.826   71.08482 -163.80274     17.000     3.8436     3.8412     3.8426    30.9916    30.9947  1024.6932    24.6136    314.291    298.332  325.68660     96.501     91.598     0.1423     0.5057     0.7878     7.2167 2.2233e+00       1898     1.3171         53 0.0000e+00
     17.816   71.08482 -163.80274     18.000     3.8079     3.8309     3.8068    30.9963    31.0146  1024.7048    24.6205    314.898    298.411  325.96033     96.606     91.612     0.1455     0.5250     0.7537     7.3434 1.9921e+00       1950     1.3534         55 0.0000e+00
     18.805   71.08482 -163.80274     19.000     3.6324     3.6602     3.6313    30.9858    31.0076  1024.7172    24.6281    314.783    300.069  327.38757     96.150     91.733     0.1406     0.4954     1.0364     6.0980 1.7847e+00       2005     1.3915         49 0.0000e+00
     19.795   71.08482 -163.80274     20.000     3.8462     3.8612     3.8450    31.0810    31.0760  1024.7780    24.6843    313.511    297.550  325.44875     96.333     91.457     0.1363     0.4700     1.0187     6.2547 1.6225e+00       2052     1.4245         46 0.0000e+00
     20.785   71.08482 -163.80274     21.000     4.0139     4.0160     4.0126    31.1137    31.1226  1024.7930    24.6947    316.469    299.649  324.03995     97.663     92.484     0.1487     0.5440     1.4459     4.7270 1.4661e+00       2101     1.4583         50 0.0000e+00
     21.775   71.08482 -163.80274     22.000     3.8582     3.8458     3.8569    31.1545    31.1809  1024.8447    24.7417    313.976    300.083  325.17342     96.557     92.275     0.1455     0.5252     1.4179     4.8076 1.3394e+00       2152     1.4934         48 0.0000e+00
     22.764   71.08482 -163.80274     23.000     3.5251     3.5203     3.5238    31.2871    31.3077  1024.9853    24.8774    312.454    298.740  327.50459     95.405     91.221     0.1282     0.4216     1.3635     4.9634 1.2332e+00       2198     1.5260         48 0.0000e+00
     23.754   71.08482 -163.80274     24.000     3.4908     3.5007     3.4894    31.4396    31.4414  1025.1144    25.0019    314.986    297.257  327.40317     96.208     90.816     0.1197     0.3704     1.3146     5.1107 1.1146e+00       2247     1.5597         47 0.0000e+00
     24.744   71.08482 -163.80274     25.000     3.9525     3.9745     3.9510    31.6277    31.6239  1025.2258    25.1089    317.607    298.674  323.27546     98.248     92.439     0.1238     0.3948     1.2754     5.2315 1.0206e+00       2296     1.5940         50 0.0000e+00
     25.733   71.08482 -163.80274     26.000     3.9994     3.9915     3.9977    31.8376    31.8560  1025.3930    25.2715    315.584    300.821  322.39327     97.889     93.304     0.1433     0.5116     1.2985     5.1600 9.5111e-01       2345     1.6278         48 0.0000e+00
     26.723   71.08482 -163.80274     27.000     3.4812     3.4166     3.4796    31.9259    31.9918  1025.5158    25.3893    305.988    294.654  326.29784     93.782     90.211     0.1431     0.5104     1.2472     5.3205 8.7311e-01       2393     1.6608         45 0.0000e+00
     27.713   71.08482 -163.80274     28.000     1.9139     1.8614     1.9126    32.0957    32.1560  1025.7835    25.6511    304.128    292.748  338.82832     89.769     86.334     0.1337     0.4542     1.1344     5.7021 7.9561e-01       2441     1.6945         50 0.0000e+00
     28.703   71.08482 -163.80274     29.000     1.5319     1.5144     1.5306    32.1516    32.1835  1025.8598    25.7223    313.231    286.306  341.96676     91.594     83.706     0.1107     0.3164     1.0468     6.0219 7.1456e-01       2490     1.7286         48 0.0000e+00
     29.692   71.08482 -163.80274     30.000     1.4023     1.3918     1.4010    32.1571    32.1841  1025.8775    25.7352    314.368    292.941  343.08181     91.632     85.380     0.1023     0.2659     1.0078     6.1736 6.4949e-01       2538     1.7618         46 0.0000e+00
     30.682   71.08482 -163.80274     31.000     1.2014     1.1863     1.2002    32.1626    32.1971  1025.8994    25.7522    306.601    291.492  344.83392     88.913     84.521     0.0984     0.2423     0.9308     6.4949 5.7535e-01       2586     1.7953         47 0.0000e+00
     31.672   71.08482 -163.80274     32.000     1.0412     1.0291     1.0400    32.1819    32.2067  1025.9294    25.7773    305.866    290.281  346.20115     88.349     83.838     0.0988     0.2446     1.2749     5.4506 4.6986e-01       2637     1.8303         57 0.0000e+00
     32.661   71.08482 -163.80274     33.000     0.8831     0.8494     0.8819    32.1864    32.2062  1025.9471    25.7901    304.167    288.027  347.60161     87.506     82.804     0.0949     0.2210     2.5895     2.7014 3.5162e-01       2875     1.9955        535 0.0000e+00
     33.651   71.08482 -163.80274     34.000     0.7651     0.7653     0.7638    32.1845    32.1988  1025.9572    25.7953    302.612    287.695  348.66447     86.792     82.523     0.0908     0.1969     1.4563     5.3990 2.5699e-01       3288     2.2825        147 0.0000e+00
     34.640   71.08482 -163.80274     35.000     0.7211     0.7203     0.7198    32.1869    32.2009  1025.9663    25.7996    302.004    286.993  349.05436     86.521     82.228     0.0891     0.1869     1.8613     4.4531 1.8331e-01       3403     2.3622         81 0.0000e+00
     35.630   71.08482 -163.80274     36.000     0.6804     0.6787     0.6791    32.1901    32.2037  1025.9760    25.8045    301.253    285.340  349.41258     86.217     81.668     0.0937     0.2140     1.6915     4.8169 1.2586e-01       3510     2.4371        130 0.0000e+00
     36.620   71.08482 -163.80274     37.000     0.6810     0.6717     0.6797    32.1891    32.2021  1025.9799    25.8036    300.683    285.493  349.40990     86.055     81.696     0.0937     0.2143     2.3706     3.1088 7.4116e-02       3796     2.6355        498 0.0000e+00
     37.609   71.08482 -163.80274     38.000     0.6647     0.6679     0.6633    32.1885    32.2004  1025.9851    25.8040    300.341    285.565  349.55932     85.920     81.707     0.0930     0.2099     1.8640     4.1625 3.3045e-02       4219     2.9295        130 0.0000e+00
