EcoFOCI/data/1_SampleCollection/2023_SikuliaqDBO_CruiseData/CTD_raw_BottleFile_SKQ23-12S/proc/skq202312s_048.cnv
* Sea-Bird SBE 9 Data File:
* FileName = D:\CTD\SKQ202312S\SKQ202312S_048.hex
* Software Version Seasave V 7.26.7.121
* Temperature SN = 6177
* Conductivity SN = 0369
* Number of Bytes Per Scan = 41
* Number of Voltage Words = 4
* Number of Scans Averaged by the Deck Unit = 1
* NMEA Latitude = 71 47.13 N
* NMEA Longitude = 161 57.91 W
* NMEA UTC (Time) = Sep 25 2023  05:45:53
* NMEA baud rate = 4800
** Ship: R/V Sikuliaq
** Station Number: 048
** Station Name: DBO4.5na
** Bottom Depth: 42
** Operator: SS
# nquan = 24
# nvalues = 4049                                  
# units = specified
# name 0 = depSM: Depth [salt water, m]
# name 1 = latitude: Latitude [deg]
# name 2 = longitude: Longitude [deg]
# name 3 = prDM: Pressure, Digiquartz [db]
# name 4 = t090C: Temperature [ITS-90, deg C]
# name 5 = t190C: Temperature, 2 [ITS-90, deg C]
# name 6 = potemp090C: Potential Temperature [ITS-90, deg C]
# name 7 = sal00: Salinity, Practical [PSU]
# name 8 = sal11: Salinity, Practical, 2 [PSU]
# name 9 = density00: Density [density, kg/m^3]
# name 10 = sigma-é00: Density [sigma-theta, kg/m^3]
# name 11 = sbox0Mm/Kg: Oxygen, SBE 43 [umol/kg]
# name 12 = sbox1Mm/Kg: Oxygen, SBE 43, 2 [umol/kg]
# name 13 = oxsolMm/Kg: Oxygen Saturation, Garcia & Gordon [umol/kg]
# name 14 = sbeox0PS: Oxygen, SBE 43 [% saturation]
# name 15 = sbeox1PS: Oxygen, SBE 43, 2 [% saturation]
# name 16 = v0: Voltage 0
# name 17 = flECO-AFL: Fluorescence, WET Labs ECO-AFL/FL [mg/m^3]
# name 18 = v1: Voltage 1
# name 19 = CStarAt0: Beam Attenuation, WET Labs C-Star [1/m]
# name 20 = par: PAR/Irradiance, Biospherical/Licor
# name 21 = scan: Scan Count
# name 22 = timeM: Time, Elapsed [minutes]
# name 23 = flag:  0.000e+00
# span 0 =      2.090,     36.939                 
# span 1 =   71.78546,   71.78546                 
# span 2 = -161.96522, -161.96520                 
# span 3 =      2.112,     37.324                 
# span 4 =    -0.6879,     2.1019                 
# span 5 =    -0.6867,     2.1123                 
# span 6 =    -0.6888,     2.1015                 
# span 7 =    27.4668,    32.6637                 
# span 8 =    27.5900,    32.6894                 
# span 9 =  1021.9728,  1026.4122                 
# span 10 =    21.9548,    26.2469                
# span 11 =    286.901,    452.442                
# span 12 =    265.956,    416.546                
# span 13 =  344.02346,  360.94926                
# span 14 =     79.500,    127.742                
# span 15 =     73.705,    116.755                
# span 16 =     0.0989,     1.0024                
# span 17 =     0.2454,     5.6667                
# span 18 =     2.7741,     4.1380                
# span 19 =     0.5200,     2.1200                
# span 20 = 1.0000e-12, 7.3743e-01                
# span 21 =          1,       4049                
# span 22 =     0.0000,     2.8111                
# span 23 = 0.0000e+00, 0.0000e+00                
# interval = seconds: 0.0416667
# start_time = Sep 25 2023 05:49:13 [NMEA time, first data scan]
# bad_flag = -9.990e-29
*END*
[from data line 1812]
     12.974   71.78546 -161.96522     13.108     1.5849     1.5628     1.5843    30.7200    30.7564  1024.6333    24.5711    398.724    369.473  345.28359    115.477    106.975     0.2320     1.0439     3.8987     0.7583 1.0000e-12       1813     1.2583  0.000e+00
     12.889   71.78546 -161.96522     13.023     1.5780     1.5603     1.5775    30.7266    30.7591  1024.6386    24.5768    399.103    369.753  345.32643    115.573    107.052     0.2344     1.0586     3.8987     0.7583 1.0000e-12       1814     1.2590  0.000e+00
     13.005   71.78546 -161.96522     13.140     1.5726     1.5578     1.5720    30.7317    30.7610  1024.6436    24.5812    399.482    370.244  345.36127    115.671    107.189     0.2332     1.0513     3.8987     0.7583 1.0000e-12       1815     1.2597  0.000e+00
     12.943   71.78546 -161.96522     13.077     1.5673     1.5551     1.5667    30.7364    30.7634  1024.6474    24.5853    399.852    370.511  345.39558    115.766    107.261     0.2332     1.0513     3.8987     0.7583 1.0000e-12       1816     1.2604  0.000e+00
     12.943   71.78546 -161.96522     13.077     1.5618     1.5529     1.5612    30.7418    30.7656  1024.6521    24.5900    400.227    370.766  345.42941    115.864    107.330     0.2320     1.0439     3.8987     0.7583 1.0000e-12       1817     1.2611  0.000e+00
     13.005   71.78546 -161.96522     13.139     1.5582     1.5514     1.5577    30.7456    30.7672  1024.6556    24.5932    400.820    371.010  345.45090    116.028    107.398     0.2332     1.0513     3.8987     0.7583 5.4659e-03       1818     1.2618  0.000e+00
     13.005   71.78546 -161.96522     13.139     1.5546     1.5473     1.5541    30.7496    30.7716  1024.6591    24.5967    401.177    371.261  345.47200    116.124    107.463     0.2344     1.0586     3.8987     0.7583 1.0084e-02       1819     1.2625  0.000e+00
     12.974   71.78546 -161.96522     13.108     1.5496     1.5426     1.5491    30.7550    30.7763  1024.6636    24.6013    401.543    371.689  345.50158    116.220    107.578     0.2332     1.0513     3.8987     0.7583 1.0810e-02       1820     1.2632  0.000e+00
     13.005   71.78546 -161.96522     13.139     1.5446     1.5401     1.5441    30.7598    30.7785  1024.6679    24.6055    401.913    371.934  345.53284    116.317    107.644     0.2332     1.0513     3.8987     0.7583 7.9318e-03       1821     1.2639  0.000e+00
     13.005   71.78546 -161.96522     13.139     1.5414     1.5359     1.5409    30.7630    30.7822  1024.6706    24.6082    402.263    372.183  345.55305    116.411    107.707     0.2320     1.0439     3.8987     0.7583 5.4659e-03       1822     1.2646  0.000e+00
     13.059   71.78546 -161.96522     13.194     1.5384     1.5322     1.5379    30.7654    30.7857  1024.6730    24.6103    402.340    372.419  345.57269    116.427    107.768     0.2332     1.0513     3.8987     0.7583 4.0784e-03       1823     1.2653  0.000e+00
     13.005   71.78546 -161.96522     13.139     1.5353     1.5296     1.5348    30.7682    30.7877  1024.6752    24.6127    403.067    372.630  345.59289    116.630    107.824     0.2320     1.0439     3.8987     0.7583 1.0131e-03       1824     1.2660  0.000e+00
     13.059   71.78546 -161.96522     13.194     1.5328     1.5274     1.5322    30.7703    30.7895  1024.6773    24.6146    403.445    373.039  345.60938    116.734    107.938     0.2320     1.0439     3.8987     0.7583 1.0000e-12       1825     1.2667  0.000e+00
     13.059   71.78546 -161.96522     13.194     1.5309     1.5254     1.5304    30.7715    30.7911  1024.6783    24.6156    403.771    373.251  345.62277    116.824    107.995     0.2344     1.0586     3.8987     0.7583 1.0000e-12       1826     1.2674  0.000e+00
     13.035   71.78546 -161.96522     13.171     1.5291     1.5232     1.5285    30.7727    30.7927  1024.6793    24.6167    404.090    373.659  345.63603    116.912    108.108     0.2393     1.0879     3.8987     0.7583 1.0131e-03       1827     1.2681  0.000e+00
     13.059   71.78546 -161.96522     13.194     1.5267     1.5210     1.5262    30.7741    30.7947  1024.6807    24.6180    404.645    373.873  345.65316    117.067    108.166     0.2430     1.1099     3.8987     0.7583 1.6876e-03       1828     1.2688  0.000e+00
     13.059   71.78546 -161.96522     13.194     1.5244     1.5189     1.5239    30.7756    30.7958  1024.6820    24.6193    404.998    374.103  345.66939    117.164    108.227     0.2418     1.1025     3.8950     0.7621 2.0263e-03       1829     1.2694  0.000e+00
     13.005   71.78546 -161.96522     13.139     1.5224     1.5175     1.5218    30.7777    30.7966  1024.6836    24.6212    405.337    374.284  345.68172    117.257    108.276     0.2418     1.1025     3.8901     0.7671 1.0084e-02       1830     1.2701  0.000e+00
     13.174   71.78546 -161.96522     13.311     1.5213     1.5164     1.5207    30.7788    30.7975  1024.6853    24.6221    405.673    374.694  345.68856    117.352    108.393     0.2418     1.1025     3.8901     0.7671 1.9067e-02       1831     1.2708  0.000e+00
     13.120   71.78546 -161.96522     13.256     1.5199     1.5155     1.5193    30.7800    30.7982  1024.6861    24.6231    406.185    375.103  345.69789    117.497    108.509     0.2430     1.1099     3.8901     0.7671 1.7528e-02       1832     1.2715  0.000e+00
     13.120   71.78546 -161.96522     13.256     1.5183     1.5148     1.5178    30.7814    30.7988  1024.6874    24.6244    406.498    375.318  345.70765    117.584    108.570     0.2430     1.1099     3.8901     0.7671 4.4238e-03       1833     1.2722  0.000e+00
     13.089   71.78546 -161.96522     13.225     1.5172     1.5139     1.5167    30.7823    30.7992  1024.6880    24.6251    406.645    375.339  345.71506    117.624    108.574     0.2418     1.1025     3.8901     0.7671 1.0000e-12       1834     1.2729  0.000e+00
     13.120   71.78546 -161.96522     13.256     1.5160     1.5132     1.5154    30.7831    30.7998  1024.6888    24.6258    407.136    375.739  345.72412    117.763    108.688     0.2430     1.1099     3.8901     0.7671 1.0000e-12       1835     1.2736  0.000e+00
     13.120   71.78546 -161.96522     13.256     1.5154     1.5124     1.5148    30.7837    30.8006  1024.6894    24.6264    407.415    375.942  345.72776    117.843    108.745     0.2418     1.1025     3.8901     0.7671 1.0000e-12       1836     1.2743  0.000e+00
     13.174   71.78546 -161.96522     13.311     1.5141     1.5115     1.5135    30.7848    30.8009  1024.6906    24.6273    407.736    376.138  345.73600    117.933    108.800     0.2430     1.1099     3.8901     0.7671 1.0000e-12       1837     1.2750  0.000e+00
     13.174   71.78546 -161.96522     13.311     1.5138     1.5116     1.5133    30.7846    30.8004  1024.6904    24.6272    408.227    376.543  345.73898    118.074    108.917     0.2442     1.1172     3.8901     0.7671 8.4714e-06       1838     1.2757  0.000e+00
     13.174   71.78546 -161.96522     13.311     1.5133     1.5112     1.5128    30.7849    30.8005  1024.6908    24.6275    408.283    376.731  345.74237    118.089    108.970     0.2418     1.1025     3.8901     0.7671 1.0131e-03       1839     1.2764  0.000e+00
     13.120   71.78546 -161.96522     13.256     1.5132     1.5103     1.5126    30.7851    30.8014  1024.6907    24.6277    408.748    377.141  345.74331    118.223    109.087     0.2430     1.1099     3.8901     0.7671 2.0263e-03       1840     1.2771  0.000e+00
     13.205   71.78546 -161.96522     13.342     1.5127     1.5094     1.5122    30.7853    30.8019  1024.6913    24.6278    409.019    377.361  345.74669    118.300    109.149     0.2418     1.1025     3.8901     0.7671 1.6876e-03       1841     1.2778  0.000e+00
     13.236   71.78546 -161.96522     13.373     1.5124     1.5092     1.5118    30.7855    30.8010  1024.6916    24.6280    409.275    377.563  345.74900    118.373    109.205     0.2430     1.1099     3.8901     0.7671 1.3499e-03       1842     1.2785  0.000e+00
     13.174   71.78546 -161.96522     13.311     1.5116     1.5073     1.5111    30.7861    30.8026  1024.6918    24.6285    409.750    377.784  345.75432    118.509    109.266     0.2418     1.1025     3.8901     0.7671 1.0131e-03       1843     1.2792  0.000e+00
     13.236   71.78546 -161.96522     13.373     1.5109     1.5057     1.5103    30.7862    30.8029  1024.6922    24.6286    410.029    377.973  345.76088    118.587    109.316     0.2418     1.1025     3.8901     0.7671 1.0131e-03       1844     1.2799  0.000e+00
     13.236   71.78546 -161.96522     13.373     1.5100     1.5037     1.5095    30.7862    30.8043  1024.6923    24.6287    410.059    378.172  345.76812    118.594    109.369     0.2430     1.1099     3.8901     0.7671 3.0480e-03       1845     1.2806  0.000e+00
     13.236   71.78546 -161.96522     13.373     1.5088     1.5020     1.5083    30.7863    30.8051  1024.6924    24.6289    410.739    378.357  345.77839    118.787    109.419     0.2418     1.1025     3.8901     0.7671 4.4238e-03       1846     1.2813  0.000e+00
     13.290   71.78546 -161.96522     13.427     1.5071     1.5006     1.5065    30.7867    30.8057  1024.6931    24.6293    410.797    378.323  345.79288    118.799    109.405     0.2430     1.1099     3.8901     0.7671 3.7340e-03       1847     1.2819  0.000e+00
     13.259   71.78546 -161.96522     13.396     1.5050     1.4986     1.5045    30.7875    30.8071  1024.6938    24.6301    410.799    378.692  345.80854    118.794    109.508     0.2418     1.1025     3.8901     0.7671 6.7730e-04       1848     1.2826  0.000e+00
     13.290   71.78546 -161.96522     13.427     1.5027     1.4965     1.5022    30.7893    30.8082  1024.6955    24.6317    410.987    378.666  345.82420    118.843    109.495     0.2418     1.1025     3.8877     0.7696 1.0000e-12       1849     1.2833  0.000e+00
     13.290   71.78546 -161.96522     13.427     1.5007     1.4951     1.5002    30.7906    30.8092  1024.6967    24.6328    411.200    378.802  345.83863    118.899    109.531     0.2418     1.1025     3.8840     0.7734 1.0000e-12       1850     1.2840  0.000e+00
     13.290   71.78546 -161.96522     13.427     1.4992     1.4947     1.4986    30.7923    30.8100  1024.6981    24.6343    411.587    378.916  345.84766    119.008    109.564     0.2418     1.1025     3.8828     0.7747 1.0000e-12       1851     1.2847  0.000e+00
     13.344   71.78546 -161.96522     13.482     1.4976     1.4940     1.4970    30.7938    30.8105  1024.6996    24.6356    411.773    379.026  345.85784    119.058    109.594     0.2503     1.1538     3.8828     0.7747 1.0000e-12       1852     1.2854  0.000e+00
     13.290   71.78546 -161.96522     13.427     1.4965     1.4942     1.4959    30.7950    30.8110  1024.7005    24.6366    411.933    379.136  345.86417    119.103    109.627     0.2576     1.1978     3.8828     0.7747 1.3499e-03       1853     1.2861  0.000e+00
     13.344   71.78546 -161.96522     13.482     1.4956     1.4938     1.4950    30.7952    30.8113  1024.7009    24.6368    412.320    379.249  345.87207    119.212    109.659     0.2601     1.2124     3.8828     0.7747 9.0035e-03       1854     1.2868  0.000e+00
     13.374   71.78546 -161.96522     13.513     1.4945     1.4922     1.4939    30.7951    30.8119  1024.7011    24.6368    412.310    379.366  345.88191    119.206    109.689     0.2589     1.2051     3.8828     0.7747 1.3012e-02       1855     1.2875  0.000e+00
     13.344   71.78546 -161.96522     13.482     1.4937     1.4900     1.4931    30.7934    30.8113  1024.6996    24.6355    412.711    379.299  345.89334    119.318    109.663     0.2601     1.2124     3.8828     0.7747 1.2642e-02       1856     1.2882  0.000e+00
     13.405   71.78546 -161.96522     13.544     1.4916     1.4838     1.4910    30.7910    30.8127  1024.6981    24.6337    412.932    379.244  345.91853    119.373    109.631     0.2601     1.2124     3.8828     0.7747 5.8152e-03       1857     1.2889  0.000e+00
     13.405   71.78546 -161.96522     13.544     1.4868     1.4739     1.4863    30.7885    30.8167  1024.6963    24.6320    412.937    379.397  345.96702    119.357    109.650     0.2589     1.2051     3.8828     0.7747 2.7065e-03       1858     1.2896  0.000e+00
     13.459   71.78546 -161.96522     13.599     1.4794     1.4602     1.4788    30.7868    30.8232  1024.6957    24.6311    413.392    379.584  346.03747    119.465    109.671     0.2601     1.2124     3.8828     0.7747 1.3499e-03       1859     1.2903  0.000e+00
     13.405   71.78546 -161.96522     13.544     1.4692     1.4462     1.4687    30.7885    30.8308  1024.6975    24.6331    413.659    379.759  346.12254    119.512    109.689     0.2589     1.2051     3.8828     0.7747 8.4714e-06       1860     1.2910  0.000e+00
     13.459   71.78546 -161.96522     13.599     1.4579     1.4315     1.4574    30.7946    30.8382  1024.7033    24.6387    413.921    379.967  346.20637    119.559    109.714     0.2601     1.2124     3.8828     0.7747 1.0000e-12       1861     1.2917  0.000e+00
     13.436   71.78546 -161.96522     13.575     1.4478     1.4175     1.4473    30.8004    30.8457  1024.7084    24.6439    414.191    380.159  346.28048    119.612    109.737     0.2589     1.2051     3.8828     0.7747 1.0000e-12       1862     1.2924  0.000e+00
     13.521   71.78546 -161.96522     13.661     1.4393     1.4055     1.4387    30.8043    30.8527  1024.7125    24.6475    414.443    380.329  346.34582    119.662    109.758     0.2601     1.2124     3.8828     0.7747 1.0000e-12       1863     1.2931  0.000e+00
     13.521   71.78546 -161.96522     13.661     1.4297     1.3932     1.4291    30.8092    30.8605  1024.7170    24.6521    414.688    380.308  346.41780    119.707    109.724     0.2601     1.2124     3.8828     0.7747 1.0000e-12       1864     1.2938  0.000e+00
     13.459   71.78546 -161.96522     13.599     1.4169     1.3809     1.4164    30.8163    30.8688  1024.7232    24.6585    414.952    380.463  346.51192    119.751    109.741     0.2589     1.2051     3.8828     0.7747 8.4714e-06       1865     1.2944  0.000e+00
     13.521   71.78546 -161.96522     13.661     1.4044     1.3689     1.4039    30.8239    30.8765  1024.7303    24.6654    415.207    380.411  346.60266    119.793    109.699     0.2601     1.2124     3.8828     0.7747 3.4241e-04       1866     1.2951  0.000e+00
     13.575   71.78546 -161.96522     13.716     1.3912     1.3596     1.3906    30.8327    30.8814  1024.7384    24.6732    415.498    380.306  346.69662    119.845    109.647     0.2589     1.2051     3.8828     0.7747 6.7730e-04       1867     1.2958  0.000e+00
     13.544   71.78546 -161.96522     13.684     1.3783     1.3516     1.3777    30.8417    30.8854  1024.7463    24.6812    415.768    380.366  346.78706    119.892    109.645     0.2589     1.2051     3.8828     0.7747 1.0131e-03       1868     1.2965  0.000e+00
     13.575   71.78546 -161.96522     13.715     1.3667     1.3435     1.3662    30.8498    30.8893  1024.7536    24.6884    416.018    380.248  346.86809    119.935    109.591     0.2601     1.2124     3.8803     0.7772 3.0480e-03       1869     1.2972  0.000e+00
     13.575   71.78546 -161.96522     13.715     1.3564     1.3357     1.3558    30.8570    30.8925  1024.7601    24.6948    416.242    380.309  346.94049    119.975    109.590     0.2589     1.2051     3.8767     0.7810 3.7340e-03       1870     1.2979  0.000e+00
     13.636   71.78546 -161.96522     13.778     1.3479     1.3285     1.3473    30.8607    30.8953  1024.7638    24.6982    416.682    380.370  347.00659    120.079    109.590     0.2601     1.2124     3.8755     0.7822 1.6876e-03       1871     1.2986  0.000e+00
