EcoFOCI/data/1_SampleCollection/2023_SikuliaqDBO_CruiseData/CTD_raw_BottleFile_SKQ23-12S/proc/skq202312s_030svpavg.cnv
* Sea-Bird SBE 9 Data File:
* FileName = D:\CTD\SKQ202312S\SKQ202312S_030.hex
* Software Version Seasave V 7.26.7.121
* Temperature SN = 6177
* Conductivity SN = 0369
* Number of Bytes Per Scan = 41
* Number of Voltage Words = 4
* Number of Scans Averaged by the Deck Unit = 1
* NMEA Latitude = 71 27.31 N
* NMEA Longitude = 157 35.45 W
* NMEA UTC (Time) = Sep 21 2023  07:26:33
* NMEA baud rate = 4800
** Ship: R/V Sikuliaq
** Station Number: 030
** Station Name: DBO5.6
** Bottom Depth: 109
** Operator: SS
# nquan = 7
# nvalues = 100                         
# units = specified
# name 0 = depSM: Depth [salt water, m]
# name 1 = latitude: Latitude [deg]
# name 2 = longitude: Longitude [deg]
# name 3 = t090C: Temperature [ITS-90, deg C]
# name 4 = sal00: Salinity, Practical [PSU]
# name 5 = svCM: Sound Velocity [Chen-Millero, m/s]
# name 6 = flag: flag
# span 0 =      5.000,    104.000       
# span 1 =   71.45512,   71.45517       
# span 2 = -157.59106, -157.59053       
# span 3 =    -1.7031,     4.4272       
# span 4 =    30.3948,    32.9799       
# span 5 =    1438.63,    1462.57       
# span 6 = 0.0000e+00, 0.0000e+00       
# interval = meters: 1                  
# start_time = Sep 21 2023 07:30:42 [NMEA time, first data scan]
# bad_flag = -9.990e-29
*END*
      5.000   71.45517 -157.59053     4.4272    30.3948    1462.57 0.0000e+00
      6.000   71.45516 -157.59055     4.4000    30.4013    1462.49 0.0000e+00
      7.000   71.45516 -157.59057     4.4121    30.3997    1462.55 0.0000e+00
      8.000   71.45516 -157.59059     4.4149    30.3962    1462.57 0.0000e+00
      9.000   71.45516 -157.59060     4.2830    30.4584    1462.12 0.0000e+00
     10.000   71.45516 -157.59062     4.2465    30.4832    1462.01 0.0000e+00
     11.000   71.45516 -157.59063     4.2051    30.4991    1461.88 0.0000e+00
     12.000   71.45516 -157.59064     4.0067    30.5497    1461.12 0.0000e+00
     13.000   71.45516 -157.59065     3.5831    30.6479    1459.46 0.0000e+00
     14.000   71.45516 -157.59065     1.8590    31.0095    1452.45 0.0000e+00
     15.000   71.45516 -157.59065    -0.4295    31.5962    1442.80 0.0000e+00
     16.000   71.45516 -157.59064    -0.8969    31.7514    1440.86 0.0000e+00
     17.000   71.45516 -157.59065    -0.8846    31.8547    1441.07 0.0000e+00
     18.000   71.45516 -157.59066    -1.0715    31.9763    1440.36 0.0000e+00
     19.000   71.45516 -157.59064    -1.0186    31.9648    1440.62 0.0000e+00
     20.000   71.45516 -157.59066    -1.1725    32.0317    1439.99 0.0000e+00
     21.000   71.45516 -157.59066    -1.3147    32.0565    1439.36 0.0000e+00
     22.000   71.45516 -157.59065    -1.3225    32.0683    1439.36 0.0000e+00
     23.000   71.45516 -157.59066    -1.3615    32.0954    1439.23 0.0000e+00
     24.000   71.45516 -157.59068    -1.4500    32.1636    1438.91 0.0000e+00
     25.000   71.45516 -157.59068    -1.4944    32.2033    1438.77 0.0000e+00
     26.000   71.45516 -157.59066    -1.4945    32.2310    1438.82 0.0000e+00
     27.000   71.45516 -157.59067    -1.4146    32.2239    1439.21 0.0000e+00
     28.000   71.45516 -157.59070    -1.3347    32.2411    1439.63 0.0000e+00
     29.000   71.45516 -157.59070    -1.5174    32.2702    1438.82 0.0000e+00
     30.000   71.45516 -157.59069    -1.5747    32.3214    1438.63 0.0000e+00
     31.000   71.45516 -157.59069    -1.5716    32.3553    1438.70 0.0000e+00
     32.000   71.45516 -157.59071    -1.5829    32.3797    1438.70 0.0000e+00
     33.000   71.45516 -157.59072    -1.6045    32.4014    1438.64 0.0000e+00
     34.000   71.45516 -157.59070    -1.6084    32.4179    1438.66 0.0000e+00
     35.000   71.45516 -157.59071    -1.6046    32.4260    1438.70 0.0000e+00
     36.000   71.45516 -157.59074    -1.6029    32.4491    1438.76 0.0000e+00
     37.000   71.45516 -157.59074    -1.4812    32.4684    1439.39 0.0000e+00
     38.000   71.45516 -157.59072    -1.5100    32.4828    1439.29 0.0000e+00
     39.000   71.45516 -157.59074    -1.6300    32.4981    1438.75 0.0000e+00
     40.000   71.45516 -157.59074    -1.6377    32.5067    1438.74 0.0000e+00
     41.000   71.45516 -157.59074    -1.6417    32.5119    1438.74 0.0000e+00
     42.000   71.45516 -157.59074    -1.6259    32.5158    1438.84 0.0000e+00
     43.000   71.45516 -157.59074    -1.5812    32.5369    1439.10 0.0000e+00
     44.000   71.45515 -157.59074    -1.6422    32.5491    1438.84 0.0000e+00
     45.000   71.45514 -157.59076    -1.6542    32.5560    1438.81 0.0000e+00
     46.000   71.45516 -157.59075    -1.6717    32.5613    1438.75 0.0000e+00
     47.000   71.45514 -157.59074    -1.6834    32.5767    1438.73 0.0000e+00
     48.000   71.45514 -157.59076    -1.6860    32.5937    1438.75 0.0000e+00
     49.000   71.45514 -157.59076    -1.6879    32.6055    1438.78 0.0000e+00
     50.000   71.45514 -157.59074    -1.6906    32.6196    1438.80 0.0000e+00
     51.000   71.45514 -157.59074    -1.6972    32.6356    1438.81 0.0000e+00
     52.000   71.45514 -157.59074    -1.6990    32.6557    1438.84 0.0000e+00
     53.000   71.45514 -157.59074    -1.6969    32.6659    1438.88 0.0000e+00
     54.000   71.45514 -157.59074    -1.6958    32.6739    1438.91 0.0000e+00
     55.000   71.45514 -157.59074    -1.6955    32.6803    1438.94 0.0000e+00
     56.000   71.45514 -157.59074    -1.6883    32.6923    1439.01 0.0000e+00
     57.000   71.45514 -157.59074    -1.6877    32.6891    1439.02 0.0000e+00
     58.000   71.45514 -157.59074    -1.6744    32.7239    1439.15 0.0000e+00
     59.000   71.45514 -157.59074    -1.6728    32.7249    1439.18 0.0000e+00
     60.000   71.45514 -157.59074    -1.6725    32.7230    1439.19 0.0000e+00
     61.000   71.45513 -157.59075    -1.6682    32.7343    1439.24 0.0000e+00
     62.000   71.45512 -157.59076    -1.6739    32.7601    1439.27 0.0000e+00
     63.000   71.45512 -157.59076    -1.6745    32.7692    1439.29 0.0000e+00
     64.000   71.45512 -157.59076    -1.6766    32.7726    1439.30 0.0000e+00
     65.000   71.45512 -157.59076    -1.6776    32.7750    1439.32 0.0000e+00
     66.000   71.45514 -157.59078    -1.6816    32.7781    1439.32 0.0000e+00
     67.000   71.45514 -157.59078    -1.6847    32.7925    1439.34 0.0000e+00
     68.000   71.45514 -157.59078    -1.6847    32.7968    1439.36 0.0000e+00
     69.000   71.45514 -157.59080    -1.6849    32.7996    1439.38 0.0000e+00
     70.000   71.45514 -157.59080    -1.6841    32.8063    1439.41 0.0000e+00
     71.000   71.45514 -157.59081    -1.6825    32.8154    1439.45 0.0000e+00
     72.000   71.45514 -157.59082    -1.6824    32.8220    1439.47 0.0000e+00
     73.000   71.45514 -157.59083    -1.6818    32.8408    1439.52 0.0000e+00
     74.000   71.45514 -157.59084    -1.6813    32.8539    1439.56 0.0000e+00
     75.000   71.45514 -157.59084    -1.6920    32.8708    1439.54 0.0000e+00
     76.000   71.45515 -157.59085    -1.6932    32.8718    1439.55 0.0000e+00
     77.000   71.45514 -157.59087    -1.7031    32.8939    1439.55 0.0000e+00
     78.000   71.45514 -157.59088    -1.6994    32.8988    1439.60 0.0000e+00
     79.000   71.45516 -157.59087    -1.6777    32.9134    1439.74 0.0000e+00
     80.000   71.45516 -157.59088    -1.6632    32.9258    1439.84 0.0000e+00
     81.000   71.45516 -157.59089    -1.6543    32.9295    1439.90 0.0000e+00
     82.000   71.45516 -157.59090    -1.6544    32.9308    1439.92 0.0000e+00
     83.000   71.45516 -157.59090    -1.6550    32.9321    1439.94 0.0000e+00
     84.000   71.45516 -157.59090    -1.6559    32.9344    1439.95 0.0000e+00
     85.000   71.45516 -157.59092    -1.6590    32.9386    1439.96 0.0000e+00
     86.000   71.45516 -157.59092    -1.6617    32.9417    1439.97 0.0000e+00
     87.000   71.45516 -157.59092    -1.6622    32.9434    1439.98 0.0000e+00
     88.000   71.45516 -157.59092    -1.6626    32.9442    1440.00 0.0000e+00
     89.000   71.45516 -157.59093    -1.6651    32.9470    1440.01 0.0000e+00
     90.000   71.45516 -157.59094    -1.6673    32.9488    1440.01 0.0000e+00
     91.000   71.45516 -157.59096    -1.6696    32.9503    1440.02 0.0000e+00
     92.000   71.45516 -157.59096    -1.6729    32.9526    1440.02 0.0000e+00
     93.000   71.45516 -157.59096    -1.6776    32.9564    1440.02 0.0000e+00
     94.000   71.45516 -157.59097    -1.6801    32.9590    1440.03 0.0000e+00
     95.000   71.45516 -157.59098    -1.6822    32.9613    1440.04 0.0000e+00
     96.000   71.45516 -157.59099    -1.6820    32.9617    1440.06 0.0000e+00
     97.000   71.45516 -157.59100    -1.6851    32.9662    1440.07 0.0000e+00
     98.000   71.45516 -157.59101    -1.6873    32.9694    1440.08 0.0000e+00
     99.000   71.45516 -157.59102    -1.6893    32.9725    1440.09 0.0000e+00
    100.000   71.45516 -157.59104    -1.6902    32.9748    1440.10 0.0000e+00
    101.000   71.45514 -157.59104    -1.6938    32.9796    1440.11 0.0000e+00
    102.000   71.45516 -157.59104    -1.6935    32.9799    1440.13 0.0000e+00
    103.000   71.45514 -157.59104    -1.6923    32.9785    1440.15 0.0000e+00
    104.000   71.45514 -157.59106    -1.6923    32.9792    1440.16 0.0000e+00
