EcoFOCI/data/1_SampleCollection/2023_SikuliaqDBO_CruiseData/CTD_raw_BottleFile_SKQ23-12S/proc/skq202312s_036svp.cnv
* Sea-Bird SBE 9 Data File:
* FileName = D:\CTD\SKQ202312S\SKQ202312S_036.hex
* Software Version Seasave V 7.26.7.121
* Temperature SN = 6177
* Conductivity SN = 0369
* Number of Bytes Per Scan = 41
* Number of Voltage Words = 4
* Number of Scans Averaged by the Deck Unit = 1
* NMEA Latitude = 72 27.93 N
* NMEA Longitude = 156 32.77 W
* NMEA UTC (Time) = Sep 22 2023  14:08:00
* NMEA baud rate = 4800
** Ship: R/V Sikuliaq
** Station Number: 036
** Station Name: CK9
** Bottom Depth: 990
** Operator: SD
# nquan = 7
# nvalues = 32773                                 
# units = specified
# name 0 = depSM: Depth [salt water, m]
# name 1 = latitude: Latitude [deg]
# name 2 = longitude: Longitude [deg]
# name 3 = t090C: Temperature [ITS-90, deg C]
# name 4 = sal00: Salinity, Practical [PSU]
# name 5 = svCM: Sound Velocity [Chen-Millero, m/s]
# name 6 = flag:  0.000e+00
# span 0 =      2.365,    980.988                 
# span 1 =   72.46518,   72.46554                 
# span 2 = -156.54650, -156.54608                 
# span 3 =    -1.6685,     3.6149                 
# span 4 =    27.5609,    34.8604                 
# span 5 =    1440.28,    1466.51                 
# span 6 = 0.0000e+00, 0.0000e+00                 
# interval = seconds: 0.0416667
# start_time = Sep 22 2023 14:11:59 [NMEA time, first data scan]
# bad_flag = -9.990e-29
*END*
[from data line 25436]
    856.599   72.46524 -156.54642     0.4527    34.8543    1465.22  0.000e+00
    856.716   72.46524 -156.54642     0.4527    34.8545    1465.23  0.000e+00
    856.716   72.46524 -156.54644     0.4529    34.8546    1465.23  0.000e+00
    856.778   72.46524 -156.54644     0.4527    34.8549    1465.23  0.000e+00
    856.778   72.46524 -156.54644     0.4529    34.8544    1465.23  0.000e+00
    856.895   72.46524 -156.54644     0.4530    34.8544    1465.23  0.000e+00
    856.895   72.46524 -156.54644     0.4530    34.8547    1465.23  0.000e+00
    856.957   72.46524 -156.54644     0.4530    34.8545    1465.23  0.000e+00
    857.012   72.46524 -156.54644     0.4530    34.8539    1465.23  0.000e+00
    857.074   72.46524 -156.54644     0.4532    34.8543    1465.23  0.000e+00
    857.129   72.46524 -156.54644     0.4530    34.8546    1465.23  0.000e+00
    857.129   72.46524 -156.54644     0.4530    34.8549    1465.23  0.000e+00
    857.191   72.46524 -156.54644     0.4534    34.8543    1465.24  0.000e+00
    857.246   72.46524 -156.54644     0.4532    34.8544    1465.24  0.000e+00
    857.308   72.46524 -156.54644     0.4532    34.8546    1465.24  0.000e+00
    857.308   72.46524 -156.54644     0.4532    34.8544    1465.24  0.000e+00
    857.363   72.46524 -156.54644     0.4532    34.8543    1465.24  0.000e+00
    857.425   72.46524 -156.54644     0.4529    34.8541    1465.24  0.000e+00
    857.480   72.46524 -156.54644     0.4530    34.8543    1465.24  0.000e+00
    857.542   72.46524 -156.54644     0.4530    34.8539    1465.24  0.000e+00
    857.542   72.46524 -156.54644     0.4530    34.8542    1465.24  0.000e+00
    857.659   72.46524 -156.54644     0.4530    34.8546    1465.24  0.000e+00
    857.659   72.46524 -156.54644     0.4530    34.8544    1465.24  0.000e+00
    857.714   72.46524 -156.54644     0.4530    34.8544    1465.24  0.000e+00
    857.776   72.46524 -156.54644     0.4529    34.8545    1465.24  0.000e+00
    857.776   72.46524 -156.54644     0.4530    34.8545    1465.24  0.000e+00
    857.893   72.46524 -156.54644     0.4529    34.8542    1465.25  0.000e+00
    857.893   72.46524 -156.54644     0.4529    34.8543    1465.25  0.000e+00
    857.893   72.46524 -156.54644     0.4530    34.8545    1465.25  0.000e+00
    858.010   72.46524 -156.54644     0.4530    34.8547    1465.25  0.000e+00
    858.065   72.46524 -156.54644     0.4527    34.8550    1465.25  0.000e+00
    858.065   72.46524 -156.54644     0.4532    34.8541    1465.25  0.000e+00
    858.127   72.46524 -156.54644     0.4529    34.8543    1465.25  0.000e+00
    858.182   72.46524 -156.54644     0.4530    34.8541    1465.25  0.000e+00
    858.182   72.46524 -156.54644     0.4530    34.8543    1465.25  0.000e+00
    858.299   72.46524 -156.54644     0.4527    34.8552    1465.25  0.000e+00
    858.299   72.46524 -156.54644     0.4530    34.8545    1465.25  0.000e+00
    858.361   72.46524 -156.54644     0.4529    34.8542    1465.25  0.000e+00
    858.423   72.46524 -156.54644     0.4529    34.8543    1465.25  0.000e+00
    858.423   72.46524 -156.54644     0.4527    34.8546    1465.25  0.000e+00
    858.540   72.46524 -156.54644     0.4530    34.8543    1465.26  0.000e+00
    858.540   72.46524 -156.54644     0.4527    34.8548    1465.26  0.000e+00
    858.595   72.46524 -156.54644     0.4529    34.8548    1465.26  0.000e+00
    858.657   72.46524 -156.54644     0.4529    34.8546    1465.26  0.000e+00
    858.712   72.46524 -156.54644     0.4529    34.8545    1465.26  0.000e+00
    858.712   72.46524 -156.54644     0.4529    34.8542    1465.26  0.000e+00
    858.774   72.46524 -156.54644     0.4529    34.8539    1465.26  0.000e+00
    858.829   72.46524 -156.54644     0.4527    34.8545    1465.26  0.000e+00
    858.829   72.46524 -156.54644     0.4532    34.8541    1465.26  0.000e+00
    858.946   72.46524 -156.54644     0.4530    34.8543    1465.26  0.000e+00
    858.946   72.46524 -156.54644     0.4527    34.8547    1465.26  0.000e+00
    859.008   72.46524 -156.54644     0.4530    34.8543    1465.26  0.000e+00
    859.008   72.46524 -156.54644     0.4527    34.8543    1465.26  0.000e+00
    859.125   72.46524 -156.54644     0.4526    34.8546    1465.27  0.000e+00
    859.125   72.46524 -156.54644     0.4529    34.8543    1465.27  0.000e+00
    859.180   72.46524 -156.54644     0.4527    34.8546    1465.27  0.000e+00
    859.242   72.46524 -156.54644     0.4526    34.8544    1465.27  0.000e+00
    859.242   72.46524 -156.54644     0.4524    34.8548    1465.27  0.000e+00
    859.297   72.46524 -156.54644     0.4526    34.8543    1465.27  0.000e+00
    859.414   72.46524 -156.54644     0.4527    34.8540    1465.27  0.000e+00
    859.414   72.46524 -156.54644     0.4526    34.8550    1465.27  0.000e+00
    859.414   72.46524 -156.54644     0.4527    34.8545    1465.27  0.000e+00
    859.476   72.46524 -156.54644     0.4526    34.8545    1465.27  0.000e+00
    859.531   72.46524 -156.54644     0.4526    34.8542    1465.27  0.000e+00
    859.531   72.46524 -156.54644     0.4521    34.8541    1465.27  0.000e+00
    859.648   72.46524 -156.54644     0.4523    34.8537    1465.27  0.000e+00
    859.648   72.46524 -156.54644     0.4516    34.8538    1465.27  0.000e+00
    859.710   72.46524 -156.54644     0.4514    34.8541    1465.27  0.000e+00
    859.765   72.46524 -156.54644     0.4510    34.8540    1465.27  0.000e+00
    859.827   72.46524 -156.54644     0.4504    34.8545    1465.27  0.000e+00
    859.827   72.46524 -156.54644     0.4506    34.8550    1465.27  0.000e+00
    859.889   72.46524 -156.54644     0.4509    34.8548    1465.27  0.000e+00
    859.889   72.46524 -156.54644     0.4514    34.8546    1465.27  0.000e+00
    860.006   72.46524 -156.54644     0.4514    34.8548    1465.27  0.000e+00
    860.006   72.46524 -156.54644     0.4515    34.8547    1465.28  0.000e+00
    860.061   72.46524 -156.54644     0.4517    34.8548    1465.28  0.000e+00
    860.123   72.46524 -156.54644     0.4518    34.8545    1465.28  0.000e+00
    860.123   72.46524 -156.54644     0.4516    34.8543    1465.28  0.000e+00
    860.178   72.46524 -156.54644     0.4512    34.8540    1465.28  0.000e+00
    860.240   72.46524 -156.54644     0.4507    34.8542    1465.28  0.000e+00
    860.295   72.46524 -156.54644     0.4507    34.8546    1465.28  0.000e+00
    860.295   72.46524 -156.54644     0.4507    34.8545    1465.28  0.000e+00
    860.357   72.46524 -156.54644     0.4512    34.8542    1465.28  0.000e+00
    860.412   72.46524 -156.54644     0.4512    34.8544    1465.28  0.000e+00
    860.474   72.46524 -156.54644     0.4515    34.8544    1465.28  0.000e+00
    860.412   72.46524 -156.54644     0.4515    34.8547    1465.28  0.000e+00
    860.591   72.46524 -156.54644     0.4514    34.8544    1465.28  0.000e+00
    860.529   72.46524 -156.54644     0.4518    34.8545    1465.29  0.000e+00
    860.646   72.46524 -156.54644     0.4515    34.8545    1465.29  0.000e+00
    860.646   72.46524 -156.54644     0.4515    34.8546    1465.29  0.000e+00
    860.708   72.46524 -156.54644     0.4512    34.8543    1465.29  0.000e+00
    860.763   72.46524 -156.54644     0.4510    34.8540    1465.28  0.000e+00
    860.763   72.46524 -156.54644     0.4505    34.8547    1465.28  0.000e+00
    860.825   72.46524 -156.54644     0.4506    34.8547    1465.28  0.000e+00
    860.880   72.46524 -156.54644     0.4507    34.8549    1465.29  0.000e+00
    860.880   72.46524 -156.54644     0.4512    34.8546    1465.29  0.000e+00
    860.942   72.46524 -156.54644     0.4512    34.8547    1465.29  0.000e+00
    860.997   72.46524 -156.54644     0.4510    34.8545    1465.29  0.000e+00
    861.059   72.46524 -156.54644     0.4514    34.8544    1465.29  0.000e+00
    861.059   72.46524 -156.54644     0.4510    34.8545    1465.29  0.000e+00
    861.114   72.46524 -156.54644     0.4514    34.8546    1465.29  0.000e+00
    861.176   72.46524 -156.54644     0.4512    34.8543    1465.29  0.000e+00
    861.176   72.46524 -156.54644     0.4509    34.8537    1465.29  0.000e+00
    861.239   72.46524 -156.54644     0.4506    34.8538    1465.29  0.000e+00
    861.293   72.46524 -156.54644     0.4504    34.8540    1465.29  0.000e+00
    861.293   72.46524 -156.54644     0.4500    34.8540    1465.29  0.000e+00
    861.355   72.46524 -156.54644     0.4500    34.8542    1465.29  0.000e+00
    861.410   72.46524 -156.54644     0.4498    34.8544    1465.29  0.000e+00
    861.410   72.46524 -156.54644     0.4495    34.8546    1465.29  0.000e+00
    861.472   72.46524 -156.54644     0.4496    34.8545    1465.29  0.000e+00
    861.527   72.46524 -156.54644     0.4495    34.8541    1465.29  0.000e+00
    861.527   72.46524 -156.54644     0.4492    34.8545    1465.29  0.000e+00
    861.644   72.46524 -156.54644     0.4490    34.8543    1465.29  0.000e+00
    861.589   72.46524 -156.54644     0.4487    34.8545    1465.29  0.000e+00
    861.644   72.46524 -156.54644     0.4487    34.8547    1465.29  0.000e+00
    861.706   72.46524 -156.54644     0.4484    34.8541    1465.29  0.000e+00
    861.761   72.46524 -156.54644     0.4483    34.8539    1465.29  0.000e+00
    861.761   72.46524 -156.54644     0.4483    34.8546    1465.29  0.000e+00
    861.761   72.46524 -156.54644     0.4483    34.8546    1465.29  0.000e+00
    861.878   72.46524 -156.54644     0.4484    34.8546    1465.29  0.000e+00
    861.878   72.46524 -156.54644     0.4483    34.8543    1465.29  0.000e+00
    861.878   72.46524 -156.54644     0.4479    34.8548    1465.29  0.000e+00
    861.940   72.46522 -156.54644     0.4483    34.8544    1465.29  0.000e+00
    861.995   72.46522 -156.54644     0.4479    34.8547    1465.29  0.000e+00
    861.995   72.46522 -156.54644     0.4483    34.8543    1465.29  0.000e+00
    861.995   72.46522 -156.54644     0.4483    34.8547    1465.29  0.000e+00
    862.112   72.46522 -156.54644     0.4483    34.8547    1465.30  0.000e+00
    862.057   72.46522 -156.54644     0.4484    34.8545    1465.30  0.000e+00
    862.112   72.46522 -156.54644     0.4484    34.8545    1465.30  0.000e+00
    862.174   72.46522 -156.54644     0.4481    34.8546    1465.30  0.000e+00
    862.229   72.46522 -156.54644     0.4483    34.8538    1465.30  0.000e+00
    862.229   72.46522 -156.54644     0.4479    34.8543    1465.30  0.000e+00
    862.229   72.46522 -156.54644     0.4483    34.8547    1465.30  0.000e+00
    862.291   72.46522 -156.54644     0.4483    34.8544    1465.30  0.000e+00
    862.291   72.46522 -156.54644     0.4481    34.8542    1465.30  0.000e+00
    862.346   72.46522 -156.54644     0.4481    34.8546    1465.30  0.000e+00
    862.408   72.46522 -156.54644     0.4481    34.8540    1465.30  0.000e+00
    862.408   72.46522 -156.54644     0.4478    34.8541    1465.30  0.000e+00
    862.408   72.46522 -156.54644     0.4474    34.8547    1465.30  0.000e+00
    862.463   72.46522 -156.54644     0.4475    34.8545    1465.30  0.000e+00
    862.463   72.46522 -156.54644     0.4473    34.8543    1465.30  0.000e+00
    862.580   72.46522 -156.54644     0.4472    34.8544    1465.30  0.000e+00
    862.526   72.46522 -156.54644     0.4470    34.8542    1465.30  0.000e+00
    862.580   72.46522 -156.54644     0.4469    34.8543    1465.30  0.000e+00
    862.580   72.46522 -156.54644     0.4467    34.8544    1465.30  0.000e+00
    862.642   72.46522 -156.54644     0.4467    34.8545    1465.30  0.000e+00
    862.697   72.46522 -156.54644     0.4464    34.8551    1465.30  0.000e+00
    862.697   72.46522 -156.54644     0.4464    34.8545    1465.30  0.000e+00
    862.697   72.46522 -156.54644     0.4463    34.8544    1465.30  0.000e+00
    862.759   72.46522 -156.54644     0.4461    34.8543    1465.30  0.000e+00
    862.760   72.46522 -156.54644     0.4456    34.8546    1465.29  0.000e+00
    862.822   72.46522 -156.54644     0.4456    34.8545    1465.30  0.000e+00
    862.876   72.46522 -156.54644     0.4452    34.8546    1465.29  0.000e+00
    862.877   72.46522 -156.54644     0.4455    34.8547    1465.30  0.000e+00
    862.877   72.46522 -156.54644     0.4453    34.8546    1465.30  0.000e+00
    862.939   72.46522 -156.54644     0.4455    34.8544    1465.30  0.000e+00
    862.993   72.46522 -156.54644     0.4455    34.8545    1465.30  0.000e+00
    862.994   72.46522 -156.54644     0.4456    34.8546    1465.30  0.000e+00
    863.056   72.46522 -156.54644     0.4456    34.8542    1465.30  0.000e+00
    863.110   72.46522 -156.54644     0.4458    34.8545    1465.30  0.000e+00
    863.056   72.46522 -156.54644     0.4459    34.8545    1465.30  0.000e+00
    863.173   72.46522 -156.54644     0.4458    34.8549    1465.30  0.000e+00
    863.173   72.46522 -156.54644     0.4458    34.8545    1465.30  0.000e+00
    863.227   72.46522 -156.54644     0.4459    34.8546    1465.30  0.000e+00
    863.228   72.46522 -156.54644     0.4458    34.8547    1465.30  0.000e+00
    863.290   72.46522 -156.54644     0.4459    34.8542    1465.30  0.000e+00
    863.344   72.46522 -156.54644     0.4457    34.8546    1465.30  0.000e+00
    863.345   72.46522 -156.54644     0.4458    34.8546    1465.31  0.000e+00
    863.407   72.46522 -156.54644     0.4455    34.8549    1465.31  0.000e+00
    863.461   72.46522 -156.54644     0.4456    34.8542    1465.31  0.000e+00
    863.462   72.46522 -156.54644     0.4453    34.8549    1465.31  0.000e+00
    863.524   72.46522 -156.54644     0.4452    34.8547    1465.31  0.000e+00
    863.524   72.46522 -156.54644     0.4453    34.8541    1465.31  0.000e+00
    863.641   72.46522 -156.54644     0.4450    34.8548    1465.31  0.000e+00
    863.641   72.46522 -156.54644     0.4450    34.8547    1465.31  0.000e+00
    863.579   72.46522 -156.54644     0.4453    34.8546    1465.31  0.000e+00
    863.812   72.46522 -156.54644     0.4452    34.8547    1465.31  0.000e+00
    863.758   72.46522 -156.54644     0.4450    34.8547    1465.31  0.000e+00
    863.812   72.46522 -156.54644     0.4450    34.8543    1465.31  0.000e+00
    863.875   72.46522 -156.54644     0.4449    34.8548    1465.31  0.000e+00
    863.929   72.46522 -156.54644     0.4449    34.8545    1465.31  0.000e+00
    863.929   72.46522 -156.54644     0.4449    34.8543    1465.31  0.000e+00
    863.992   72.46522 -156.54644     0.4449    34.8543    1465.31  0.000e+00
    864.046   72.46522 -156.54644     0.4444    34.8548    1465.31  0.000e+00
    864.046   72.46522 -156.54644     0.4447    34.8544    1465.31  0.000e+00
    864.171   72.46522 -156.54644     0.4444    34.8548    1465.31  0.000e+00
    864.226   72.46522 -156.54644     0.4445    34.8546    1465.31  0.000e+00
    864.163   72.46522 -156.54644     0.4445    34.8543    1465.31  0.000e+00
    864.343   72.46522 -156.54644     0.4447    34.8537    1465.32  0.000e+00
    864.288   72.46522 -156.54644     0.4442    34.8547    1465.31  0.000e+00
    864.405   72.46522 -156.54644     0.4442    34.8548    1465.32  0.000e+00
    864.460   72.46522 -156.54644     0.4442    34.8545    1465.32  0.000e+00
    864.522   72.46522 -156.54644     0.4443    34.8544    1465.32  0.000e+00
    864.522   72.46522 -156.54644     0.4444    34.8543    1465.32  0.000e+00
    864.577   72.46522 -156.54644     0.4439    34.8545    1465.32  0.000e+00
    864.639   72.46522 -156.54644     0.4439    34.8544    1465.32  0.000e+00
    864.694   72.46522 -156.54644     0.4436    34.8545    1465.32  0.000e+00
    864.748   72.46522 -156.54644     0.4432    34.8544    1465.32  0.000e+00
    864.811   72.46522 -156.54644     0.4432    34.8540    1465.32  0.000e+00
    864.873   72.46522 -156.54644     0.4430    34.8543    1465.32  0.000e+00
    864.928   72.46522 -156.54644     0.4429    34.8546    1465.32  0.000e+00
    864.990   72.46522 -156.54644     0.4429    34.8545    1465.32  0.000e+00
    864.990   72.46522 -156.54644     0.4429    34.8545    1465.32  0.000e+00
    865.107   72.46522 -156.54644     0.4429    34.8546    1465.32  0.000e+00
    865.161   72.46522 -156.54644     0.4426    34.8547    1465.32  0.000e+00
