EcoFOCI/data/1_SampleCollection/2023_SikuliaqDBO_CruiseData/CTD_raw_BottleFile_SKQ23-12S/proc/skq202312s_046.ros
* Sea-Bird SBE 9 Data File:
* FileName = D:\CTD\SKQ202312S\SKQ202312S_046.hex
* Software Version Seasave V 7.26.7.121
* Temperature SN = 6177
* Conductivity SN = 0369
* Number of Bytes Per Scan = 41
* Number of Voltage Words = 4
* Number of Scans Averaged by the Deck Unit = 1
* NMEA Latitude = 71 35.89 N
* NMEA Longitude = 161 32.21 W
* NMEA UTC (Time) = Sep 24 2023  19:47:51
* NMEA baud rate = 4800
** Ship: R/V Sikuliaq
** Station Number: 046
** Station Name: CEO2
** Bottom Depth: 46
** Operator: SD
# nquan = 22
# nvalues = 392                                   
# units = specified
# name 0 = depSM: Depth [salt water, m]
# name 1 = latitude: Latitude [deg]
# name 2 = longitude: Longitude [deg]
# name 3 = prDM: Pressure, Digiquartz [db]
# name 4 = t090C: Temperature [ITS-90, deg C]
# name 5 = t190C: Temperature, 2 [ITS-90, deg C]
# name 6 = potemp090C: Potential Temperature [ITS-90, deg C]
# name 7 = sal00: Salinity, Practical [PSU]
# name 8 = sal11: Salinity, Practical, 2 [PSU]
# name 9 = density00: Density [density, kg/m^3]
# name 10 = sigma-é00: Density [sigma-theta, kg/m^3]
# name 11 = sbox0Mm/Kg: Oxygen, SBE 43 [umol/kg]
# name 12 = sbox1Mm/Kg: Oxygen, SBE 43, 2 [umol/kg]
# name 13 = oxsolMm/Kg: Oxygen Saturation, Garcia & Gordon [umol/kg]
# name 14 = sbeox0PS: Oxygen, SBE 43 [% saturation]
# name 15 = v0: Voltage 0
# name 16 = flECO-AFL: Fluorescence, WET Labs ECO-AFL/FL [mg/m^3]
# name 17 = CStarAt0: Beam Attenuation, WET Labs C-Star [1/m]
# name 18 = par: PAR/Irradiance, Biospherical/Licor
# name 19 = scan: Scan Count
# name 20 = nbf: Bottles Fired
# name 21 = flag:  0.000e+00
# interval = seconds: 0.0416667
# start_time = Sep 24 2023 19:50:48 [NMEA time, first data scan]
# bad_flag = -9.990e-29
*END*
     41.093   71.59800 -161.53728     41.521    -1.5384    -1.5404    -1.5392    32.5519    32.5632  1026.3851    26.1846    258.121    246.002  369.45736     69.865     0.0952     0.2234     2.3149 3.1736e-01       5758          1  0.000e+00
     40.923   71.59800 -161.53728     41.350    -1.5383    -1.5407    -1.5390    32.5519    32.5637  1026.3843    26.1846    258.213    245.822  369.45551     69.890     0.0965     0.2308     2.3149 3.1859e-01       5759          1  0.000e+00
     41.031   71.59800 -161.53728     41.459    -1.5382    -1.5404    -1.5389    32.5516    32.5630  1026.3846    26.1844    258.215    246.008  369.45582     69.891     0.0977     0.2381     2.3149 3.1370e-01       5760          1  0.000e+00
     41.085   71.59800 -161.53728     41.513    -1.5384    -1.5404    -1.5392    32.5520    32.5634  1026.3852    26.1847    258.213    245.796  369.45710     69.890     0.0965     0.2308     2.3149 3.0647e-01       5761          1  0.000e+00
     40.977   71.59800 -161.53728     41.404    -1.5384    -1.5404    -1.5392    32.5520    32.5637  1026.3846    26.1847    258.204    245.774  369.45716     69.887     0.0977     0.2381     2.3131 3.0528e-01       5762          1  0.000e+00
     40.977   71.59800 -161.53728     41.404    -1.5385    -1.5403    -1.5393    32.5522    32.5636  1026.3848    26.1848    258.248    245.984  369.45769     69.899     0.0965     0.2308     2.3039 3.0528e-01       5763          1  0.000e+00
     41.031   71.59800 -161.53728     41.459    -1.5387    -1.5403    -1.5395    32.5519    32.5634  1026.3849    26.1847    258.243    245.801  369.46009     69.897     0.0977     0.2381     2.3002 3.0528e-01       5764          1  0.000e+00
     41.031   71.59800 -161.53728     41.459    -1.5388    -1.5403    -1.5396    32.5518    32.5630  1026.3848    26.1846    258.286    246.010  369.46162     69.909     0.0965     0.2308     2.3002 3.0528e-01       5765          1  0.000e+00
     41.031   71.59800 -161.53728     41.459    -1.5385    -1.5403    -1.5393    32.5514    32.5631  1026.3844    26.1842    258.326    246.018  369.46005     69.920     0.0965     0.2308     2.3002 3.0409e-01       5766          1  0.000e+00
     41.031   71.59800 -161.53728     41.459    -1.5384    -1.5403    -1.5392    32.5505    32.5634  1026.3837    26.1835    258.316    246.056  369.46128     69.917     0.0952     0.2234     2.3002 3.0172e-01       5767          1  0.000e+00
     40.977   71.59800 -161.53728     41.404    -1.5389    -1.5401    -1.5396    32.5514    32.5637  1026.3842    26.1842    258.355    246.056  369.46342     69.927     0.0965     0.2308     2.3002 3.0172e-01       5768          1  0.000e+00
     41.031   71.59800 -161.53728     41.459    -1.5389    -1.5401    -1.5397    32.5513    32.5631  1026.3843    26.1841    258.294    246.027  369.46429     69.910     0.0977     0.2381     2.3002 3.0290e-01       5769          1  0.000e+00
     41.031   71.59800 -161.53728     41.459    -1.5392    -1.5399    -1.5399    32.5519    32.5634  1026.3848    26.1846    258.330    246.023  369.46484     69.920     0.0965     0.2308     2.3002 3.0767e-01       5770          1  0.000e+00
     41.031   71.59800 -161.53728     41.459    -1.5392    -1.5399    -1.5399    32.5519    32.5633  1026.3848    26.1846    258.261    246.084  369.46484     69.901     0.0977     0.2381     2.3002 3.1007e-01       5771          1  0.000e+00
     41.031   71.59800 -161.53728     41.459    -1.5393    -1.5399    -1.5400    32.5525    32.5633  1026.3854    26.1852    258.240    246.146  369.46411     69.896     0.0965     0.2308     2.3002 3.1007e-01       5772          1  0.000e+00
     41.093   71.59800 -161.53728     41.521    -1.5396    -1.5398    -1.5404    32.5524    32.5631  1026.3856    26.1851    258.223    245.946  369.46782     69.890     0.0977     0.2381     2.3002 3.0290e-01       5773          1  0.000e+00
     40.977   71.59800 -161.53728     41.404    -1.5394    -1.5398    -1.5402    32.5525    32.5631  1026.3851    26.1851    258.244    246.134  369.46530     69.897     0.0965     0.2308     2.3002 2.9936e-01       5774          1  0.000e+00
     41.031   71.59800 -161.53728     41.459    -1.5396    -1.5401    -1.5404    32.5524    32.5633  1026.3853    26.1850    258.275    246.130  369.46797     69.904     0.0965     0.2308     2.3002 2.9819e-01       5775          1  0.000e+00
     41.085   71.59800 -161.53728     41.513    -1.5393    -1.5403    -1.5400    32.5516    32.5633  1026.3849    26.1844    258.302    246.089  369.46685     69.912     0.0952     0.2234     2.3002 3.0528e-01       5776          1  0.000e+00
     41.031   71.59800 -161.53728     41.459    -1.5393    -1.5404    -1.5400    32.5518    32.5635  1026.3848    26.1846    258.327    246.073  369.46613     69.919     0.0965     0.2308     2.3002 3.1128e-01       5777          1  0.000e+00
     41.031   71.59800 -161.53728     41.459    -1.5394    -1.5399    -1.5402    32.5520    32.5626  1026.3849    26.1847    258.302    246.054  369.46678     69.912     0.0965     0.2308     2.3002 3.1128e-01       5778          1  0.000e+00
     41.031   71.59800 -161.53728     41.459    -1.5393    -1.5403    -1.5400    32.5519    32.5631  1026.3848    26.1846    258.067    246.265  369.46600     69.849     0.0952     0.2234     2.3002 3.1370e-01       5779          1  0.000e+00
     41.085   71.59800 -161.53728     41.513    -1.5393    -1.5402    -1.5400    32.5521    32.5635  1026.3853    26.1848    258.305    246.110  369.46534     69.913     0.0965     0.2308     2.3002 3.1614e-01       5780          1  0.000e+00
     41.031   71.59800 -161.53728     41.459    -1.5393    -1.5399    -1.5400    32.5522    32.5632  1026.3851    26.1849    258.278    245.887  369.46512     69.906     0.0952     0.2234     2.3002 3.1614e-01       5781          1  0.000e+00
     41.031   71.59800 -161.53728     41.459    -1.5396    -1.5399    -1.5403    32.5520    32.5632  1026.3850    26.1847    258.306    246.060  369.46846     69.913     0.0952     0.2234     2.3020 3.1249e-01       5782          1  0.000e+00
     41.093   71.59800 -161.53728     41.521    -1.5396    -1.5399    -1.5404    32.5524    32.5633  1026.3856    26.1851    258.332    245.806  369.46782     69.920     0.0952     0.2234     2.3020 3.0767e-01       5783          1  0.000e+00
     41.031   71.59800 -161.53728     41.459    -1.5398    -1.5401    -1.5405    32.5527    32.5634  1026.3855    26.1853    258.045    245.974  369.46824     69.842     0.0952     0.2234     2.3039 3.0528e-01       5784          1  0.000e+00
     41.031   71.59800 -161.53728     41.459    -1.5398    -1.5401    -1.5405    32.5527    32.5634  1026.3855    26.1853    258.227    245.714  369.46824     69.892     0.0940     0.2161     2.3039 3.0767e-01       5785          1  0.000e+00
     41.093   71.59800 -161.53728     41.521    -1.5396    -1.5403    -1.5404    32.5526    32.5634  1026.3857    26.1852    258.252    245.916  369.46745     69.898     0.0952     0.2234     2.3039 3.1007e-01       5786          1  0.000e+00
     41.031   71.59800 -161.53728     41.459    -1.5397    -1.5398    -1.5404    32.5524    32.5633  1026.3853    26.1851    258.221    245.648  369.46848     69.890     0.0965     0.2308     2.3039 3.1128e-01       5787          1  0.000e+00
     41.093   71.59800 -161.53728     41.521    -1.5396    -1.5405    -1.5404    32.5524    32.5640  1026.3856    26.1851    258.244    245.586  369.46782     69.896     0.0952     0.2234     2.3039 3.1128e-01       5788          1  0.000e+00
     41.093   71.59800 -161.53728     41.521    -1.5399    -1.5399    -1.5407    32.5527    32.5632  1026.3858    26.1853    258.214    245.745  369.47003     69.888     0.0965     0.2308     2.3039 3.1249e-01       5789          1  0.000e+00
     41.031   71.59800 -161.53728     41.459    -1.5396    -1.5401    -1.5404    32.5527    32.5634  1026.3855    26.1853    258.228    245.739  369.46708     69.892     0.0952     0.2234     2.3039 3.1249e-01       5790          1  0.000e+00
     41.031   71.59800 -161.53728     41.459    -1.5397    -1.5399    -1.5404    32.5527    32.5634  1026.3855    26.1853    258.248    245.764  369.46773     69.897     0.0952     0.2234     2.3039 3.1128e-01       5791          1  0.000e+00
     41.093   71.59800 -161.53728     41.521    -1.5399    -1.5401    -1.5407    32.5527    32.5634  1026.3858    26.1853    258.270    245.761  369.47003     69.903     0.0952     0.2234     2.3039 3.0290e-01       5792          1  0.000e+00
     41.031   71.59800 -161.53728     41.459    -1.5399    -1.5399    -1.5407    32.5530    32.5632  1026.3858    26.1856    258.027    245.946  369.46904     69.837     0.0952     0.2234     2.3039 2.9936e-01       5793          1  0.000e+00
     41.093   71.59800 -161.53728     41.521    -1.5401    -1.5401    -1.5409    32.5533    32.5632  1026.3863    26.1858    258.001    245.740  369.46994     69.830     0.0940     0.2161     2.3020 3.0054e-01       5794          1  0.000e+00
     41.085   71.59800 -161.53728     41.513    -1.5398    -1.5399    -1.5405    32.5528    32.5631  1026.3858    26.1854    257.972    245.759  369.46796     69.823     0.0952     0.2234     2.3039 3.1249e-01       5795          1  0.000e+00
     41.031   71.59800 -161.53728     41.459    -1.5397    -1.5403    -1.5404    32.5531    32.5637  1026.3858    26.1856    257.944    245.745  369.46659     69.815     0.0965     0.2308     2.3039 3.1982e-01       5796          1  0.000e+00
     41.093   71.59800 -161.53728     41.521    -1.5395    -1.5401    -1.5402    32.5526    32.5637  1026.3857    26.1852    257.923    245.501  369.46552     69.810     0.0952     0.2234     2.3039 3.1982e-01       5797          1  0.000e+00
     41.031   71.59800 -161.53728     41.459    -1.5393    -1.5401    -1.5400    32.5525    32.5635  1026.3853    26.1851    258.106    245.257  369.46424     69.860     0.0952     0.2234     2.3020 3.1128e-01       5798          1  0.000e+00
     41.085   71.59800 -161.53728     41.513    -1.5393    -1.5399    -1.5400    32.5524    32.5630  1026.3855    26.1851    258.135    245.641  369.46446     69.867     0.0952     0.2234     2.3039 3.0528e-01       5799          1  0.000e+00
     41.031   71.59800 -161.53728     41.459    -1.5396    -1.5399    -1.5403    32.5521    32.5634  1026.3850    26.1848    258.060    245.429  369.46820     69.846     0.0952     0.2234     2.3039 3.0528e-01       5800          1  0.000e+00
     41.093   71.59800 -161.53728     41.521    -1.5396    -1.5403    -1.5404    32.5520    32.5634  1026.3852    26.1847    257.982    245.423  369.46921     69.825     0.0952     0.2234     2.3039 3.0647e-01       5801          1  0.000e+00
     41.093   71.59800 -161.53728     41.521    -1.5399    -1.5404    -1.5407    32.5522    32.5632  1026.3854    26.1849    257.899    245.611  369.47129     69.802     0.0952     0.2234     2.3039 3.0887e-01       5802          1  0.000e+00
     41.031   71.59800 -161.53728     41.459    -1.5404    -1.5404    -1.5411    32.5523    32.5633  1026.3852    26.1850    257.915    245.596  369.47555     69.806     0.0965     0.2308     2.3112 3.0887e-01       5803          1  0.000e+00
     41.085   71.59800 -161.53728     41.513    -1.5404    -1.5406    -1.5411    32.5520    32.5632  1026.3852    26.1848    257.932    245.620  369.47653     69.810     0.1001     0.2527     2.3149 3.1007e-01       5804          1  0.000e+00
     41.031   71.59800 -161.53728     41.459    -1.5406    -1.5408    -1.5414    32.5524    32.5632  1026.3853    26.1851    257.945    245.607  369.47774     69.814     0.1013     0.2601     2.3168 3.1249e-01       5805          1  0.000e+00
     41.093   71.59800 -161.53728     41.521    -1.5408    -1.5407    -1.5416    32.5524    32.5633  1026.3856    26.1851    257.964    245.593  369.47992     69.818     0.1001     0.2527     2.3168 3.1128e-01       5806          1  0.000e+00
     32.990   71.59796 -161.53750     33.334    -1.5009    -1.4990    -1.5015    32.5364    32.5473  1026.3321    26.1711    271.752    258.482  369.12830     73.620     0.1038     0.2747     1.0982 2.6152e+00       9473          2  0.000e+00
     33.060   71.59796 -161.53750     33.404    -1.5007    -1.4992    -1.5013    32.5360    32.5473  1026.3321    26.1708    271.731    258.265  369.12775     73.614     0.1038     0.2747     1.0982 2.6152e+00       9474          2  0.000e+00
     33.060   71.59796 -161.53750     33.404    -1.5007    -1.4993    -1.5014    32.5363    32.5471  1026.3323    26.1710    271.758    258.212  369.12752     73.622     0.1038     0.2747     1.0982 2.6152e+00       9475          2  0.000e+00
     33.044   71.59796 -161.53750     33.388    -1.5005    -1.4991    -1.5011    32.5359    32.5468  1026.3319    26.1707    271.215    258.190  369.12643     73.475     0.1038     0.2747     1.0982 2.6152e+00       9476          2  0.000e+00
     32.998   71.59796 -161.53750     33.341    -1.5007    -1.4991    -1.5014    32.5364    32.5474  1026.3321    26.1711    271.610    258.399  369.12741     73.582     0.1038     0.2747     1.0982 2.6075e+00       9477          2  0.000e+00
     33.106   71.59796 -161.53750     33.451    -1.5005    -1.4994    -1.5011    32.5360    32.5475  1026.3323    26.1708    271.639    258.421  369.12553     73.590     0.1013     0.2601     1.0982 2.6075e+00       9478          2  0.000e+00
     33.060   71.59796 -161.53750     33.404    -1.5004    -1.4993    -1.5010    32.5362    32.5471  1026.3322    26.1709    271.663    258.437  369.12443     73.597     0.1001     0.2527     1.0982 2.6152e+00       9479          2  0.000e+00
     33.060   71.59796 -161.53750     33.404    -1.5003    -1.4994    -1.5009    32.5359    32.5473  1026.3320    26.1707    271.689    258.456  369.12402     73.604     0.1013     0.2601     1.1050 2.6229e+00       9480          2  0.000e+00
     33.045   71.59796 -161.53750     33.388    -1.5006    -1.4996    -1.5012    32.5360    32.5477  1026.3320    26.1707    271.666    258.247  369.12682     73.597     0.1001     0.2527     1.1119 2.6229e+00       9481          2  0.000e+00
     33.060   71.59796 -161.53750     33.404    -1.5004    -1.4998    -1.5010    32.5359    32.5484  1026.3320    26.1707    271.432    258.238  369.12518     73.534     0.1013     0.2601     1.1119 2.6229e+00       9482          2  0.000e+00
     33.060   71.59796 -161.53750     33.404    -1.5006    -1.4997    -1.5012    32.5360    32.5480  1026.3320    26.1707    271.669    258.231  369.12685     73.598     0.1001     0.2527     1.1119 2.6229e+00       9483          2  0.000e+00
     33.045   71.59796 -161.53750     33.388    -1.5006    -1.4996    -1.5012    32.5363    32.5477  1026.3322    26.1710    271.643    258.456  369.12582     73.591     0.1001     0.2527     1.1119 2.6229e+00       9484          2  0.000e+00
     32.998   71.59796 -161.53750     33.342    -1.5007    -1.4998    -1.5013    32.5366    32.5481  1026.3323    26.1713    271.149    258.451  369.12601     73.457     0.1001     0.2527     1.1105 2.6229e+00       9485          2  0.000e+00
     33.106   71.59796 -161.53750     33.451    -1.5007    -1.4998    -1.5014    32.5364    32.5485  1026.3326    26.1711    271.343    258.483  369.12735     73.509     0.1001     0.2527     1.1105 2.6152e+00       9486          2  0.000e+00
     32.998   71.59796 -161.53750     33.342    -1.5006    -1.4997    -1.5012    32.5362    32.5479  1026.3319    26.1709    271.319    258.510  369.12611     73.503     0.0989     0.2454     1.1105 2.6152e+00       9487          2  0.000e+00
     33.060   71.59796 -161.53750     33.404    -1.5007    -1.4996    -1.5013    32.5361    32.5477  1026.3321    26.1708    271.565    258.544  369.12763     73.569     0.1001     0.2527     1.1119 2.6229e+00       9488          2  0.000e+00
