EcoFOCI/data/1_SampleCollection/2023_SikuliaqDBO_CruiseData/CTD_raw_BottleFile_SKQ23-12S/proc/skq202312s_011svp.cnv
* Sea-Bird SBE 9 Data File:
* FileName = D:\CTD\SKQ202312S\SKQ202312S_011.hex
* Software Version Seasave V 7.26.7.121
* Temperature SN = 6177
* Conductivity SN = 0369
* Number of Bytes Per Scan = 41
* Number of Voltage Words = 4
* Number of Scans Averaged by the Deck Unit = 1
* NMEA Latitude = 63 36.26 N
* NMEA Longitude = 172 35.70 W
* NMEA UTC (Time) = Sep 16 2023  18:45:33
* NMEA baud rate = 4800
** Ship: R/V Sikuliaq
** Station Number: 011
** Station Name: DBO1.10
** Bottom Depth: 53
** Operator: SD
# nquan = 7
# nvalues = 4826                                  
# units = specified
# name 0 = depSM: Depth [salt water, m]
# name 1 = latitude: Latitude [deg]
# name 2 = longitude: Longitude [deg]
# name 3 = t090C: Temperature [ITS-90, deg C]
# name 4 = sal00: Salinity, Practical [PSU]
# name 5 = svCM: Sound Velocity [Chen-Millero, m/s]
# name 6 = flag:  0.000e+00
# span 0 =      1.795,     48.538                 
# span 1 =   63.60454,   63.60480                 
# span 2 = -172.59616, -172.59548                 
# span 3 =    -0.1031,     7.7200                 
# span 4 =    31.6487,    32.4655                 
# span 5 =    1445.94,    1477.59                 
# span 6 = 0.0000e+00, 0.0000e+00                 
# interval = seconds: 0.0416667
# start_time = Sep 16 2023 18:47:53 [NMEA time, first data scan]
# bad_flag = -9.990e-29
*END*
      2.374   63.60454 -172.59548     7.7073    31.6566    1477.25  0.000e+00
      2.428   63.60454 -172.59550     7.7071    31.6573    1477.25  0.000e+00
      2.374   63.60454 -172.59550     7.7071    31.6570    1477.25  0.000e+00
      2.374   63.60454 -172.59550     7.7071    31.6570    1477.25  0.000e+00
      2.374   63.60454 -172.59550     7.7071    31.6567    1477.25  0.000e+00
      2.374   63.60454 -172.59550     7.7069    31.6572    1477.25  0.000e+00
      2.374   63.60454 -172.59550     7.7071    31.6570    1477.25  0.000e+00
      2.312   63.60454 -172.59550     7.7071    31.6570    1477.25  0.000e+00
      2.374   63.60454 -172.59550     7.7073    31.6568    1477.25  0.000e+00
      2.374   63.60454 -172.59550     7.7074    31.6569    1477.25  0.000e+00
      2.312   63.60454 -172.59550     7.7076    31.6576    1477.25  0.000e+00
      2.312   63.60454 -172.59550     7.7076    31.6575    1477.25  0.000e+00
      2.312   63.60454 -172.59550     7.7078    31.6574    1477.25  0.000e+00
      2.312   63.60454 -172.59550     7.7079    31.6576    1477.26  0.000e+00
      2.258   63.60454 -172.59550     7.7078    31.6571    1477.25  0.000e+00
      2.312   63.60454 -172.59550     7.7079    31.6576    1477.26  0.000e+00
      2.312   63.60454 -172.59550     7.7081    31.6577    1477.26  0.000e+00
      2.258   63.60454 -172.59550     7.7081    31.6576    1477.26  0.000e+00
      2.312   63.60454 -172.59550     7.7079    31.6576    1477.26  0.000e+00
      2.258   63.60454 -172.59550     7.7081    31.6575    1477.26  0.000e+00
      2.312   63.60454 -172.59550     7.7079    31.6580    1477.26  0.000e+00
      2.258   63.60454 -172.59550     7.7083    31.6575    1477.26  0.000e+00
      2.258   63.60454 -172.59550     7.7079    31.6579    1477.26  0.000e+00
      2.258   63.60454 -172.59550     7.7081    31.6578    1477.26  0.000e+00
      2.258   63.60454 -172.59550     7.7083    31.6574    1477.26  0.000e+00
      2.258   63.60454 -172.59550     7.7081    31.6576    1477.26  0.000e+00
      2.312   63.60454 -172.59550     7.7081    31.6575    1477.26  0.000e+00
      2.258   63.60454 -172.59550     7.7081    31.6573    1477.26  0.000e+00
      2.258   63.60454 -172.59550     7.7082    31.6573    1477.26  0.000e+00
      2.312   63.60454 -172.59550     7.7081    31.6575    1477.26  0.000e+00
      2.258   63.60454 -172.59550     7.7081    31.6576    1477.26  0.000e+00
      2.312   63.60454 -172.59550     7.7081    31.6575    1477.26  0.000e+00
      2.258   63.60454 -172.59550     7.7081    31.6579    1477.26  0.000e+00
      2.312   63.60454 -172.59550     7.7081    31.6578    1477.26  0.000e+00
      2.312   63.60454 -172.59550     7.7079    31.6577    1477.26  0.000e+00
      2.312   63.60454 -172.59550     7.7079    31.6580    1477.26  0.000e+00
      2.312   63.60454 -172.59550     7.7081    31.6576    1477.26  0.000e+00
      2.312   63.60454 -172.59550     7.7079    31.6574    1477.26  0.000e+00
      2.374   63.60454 -172.59550     7.7079    31.6577    1477.26  0.000e+00
      2.312   63.60454 -172.59550     7.7079    31.6578    1477.26  0.000e+00
      2.374   63.60454 -172.59550     7.7083    31.6571    1477.26  0.000e+00
      2.374   63.60454 -172.59550     7.7081    31.6572    1477.26  0.000e+00
      2.374   63.60454 -172.59550     7.7079    31.6571    1477.26  0.000e+00
      2.428   63.60454 -172.59550     7.7076    31.6574    1477.26  0.000e+00
      2.374   63.60454 -172.59550     7.7079    31.6570    1477.26  0.000e+00
      2.428   63.60454 -172.59550     7.7078    31.6571    1477.26  0.000e+00
      2.428   63.60454 -172.59550     7.7077    31.6568    1477.26  0.000e+00
      2.428   63.60454 -172.59550     7.7076    31.6569    1477.26  0.000e+00
      2.428   63.60454 -172.59550     7.7074    31.6567    1477.25  0.000e+00
      2.428   63.60454 -172.59550     7.7076    31.6568    1477.26  0.000e+00
      2.482   63.60454 -172.59550     7.7074    31.6565    1477.26  0.000e+00
      2.428   63.60454 -172.59550     7.7074    31.6568    1477.25  0.000e+00
      2.482   63.60454 -172.59550     7.7074    31.6567    1477.26  0.000e+00
      2.544   63.60454 -172.59550     7.7073    31.6567    1477.26  0.000e+00
      2.428   63.60454 -172.59550     7.7071    31.6568    1477.25  0.000e+00
      2.544   63.60454 -172.59550     7.7074    31.6568    1477.26  0.000e+00
      2.482   63.60454 -172.59550     7.7073    31.6570    1477.26  0.000e+00
      2.482   63.60454 -172.59550     7.7071    31.6572    1477.26  0.000e+00
      2.482   63.60454 -172.59550     7.7071    31.6570    1477.25  0.000e+00
      2.544   63.60454 -172.59550     7.7073    31.6570    1477.26  0.000e+00
      2.544   63.60454 -172.59550     7.7071    31.6570    1477.26  0.000e+00
      2.544   63.60454 -172.59550     7.7073    31.6567    1477.26  0.000e+00
      2.544   63.60454 -172.59550     7.7071    31.6571    1477.26  0.000e+00
      2.482   63.60454 -172.59550     7.7073    31.6568    1477.26  0.000e+00
      2.544   63.60454 -172.59550     7.7071    31.6566    1477.26  0.000e+00
      2.544   63.60454 -172.59550     7.7073    31.6570    1477.26  0.000e+00
      2.544   63.60454 -172.59550     7.7071    31.6570    1477.26  0.000e+00
      2.544   63.60454 -172.59550     7.7071    31.6566    1477.26  0.000e+00
      2.544   63.60454 -172.59550     7.7073    31.6569    1477.26  0.000e+00
      2.482   63.60454 -172.59550     7.7071    31.6567    1477.25  0.000e+00
      2.544   63.60454 -172.59550     7.7071    31.6572    1477.26  0.000e+00
      2.544   63.60454 -172.59550     7.7069    31.6571    1477.26  0.000e+00
      2.544   63.60454 -172.59550     7.7071    31.6569    1477.26  0.000e+00
      2.544   63.60454 -172.59550     7.7070    31.6570    1477.26  0.000e+00
      2.544   63.60454 -172.59550     7.7071    31.6568    1477.26  0.000e+00
      2.482   63.60454 -172.59550     7.7071    31.6571    1477.25  0.000e+00
      2.544   63.60454 -172.59550     7.7073    31.6566    1477.26  0.000e+00
      2.482   63.60454 -172.59550     7.7074    31.6569    1477.26  0.000e+00
      2.544   63.60454 -172.59550     7.7074    31.6565    1477.26  0.000e+00
      2.482   63.60454 -172.59550     7.7073    31.6568    1477.26  0.000e+00
      2.482   63.60454 -172.59550     7.7073    31.6572    1477.26  0.000e+00
      2.544   63.60454 -172.59550     7.7073    31.6568    1477.26  0.000e+00
      2.482   63.60454 -172.59550     7.7074    31.6570    1477.26  0.000e+00
      2.482   63.60454 -172.59550     7.7073    31.6571    1477.26  0.000e+00
      2.482   63.60454 -172.59550     7.7074    31.6570    1477.26  0.000e+00
      2.482   63.60454 -172.59550     7.7073    31.6573    1477.26  0.000e+00
      2.482   63.60454 -172.59550     7.7074    31.6569    1477.26  0.000e+00
      2.482   63.60454 -172.59550     7.7076    31.6572    1477.26  0.000e+00
      2.482   63.60454 -172.59550     7.7076    31.6568    1477.26  0.000e+00
      2.428   63.60454 -172.59550     7.7076    31.6569    1477.26  0.000e+00
      2.459   63.60454 -172.59550     7.7074    31.6567    1477.26  0.000e+00
      2.482   63.60454 -172.59550     7.7078    31.6569    1477.26  0.000e+00
      2.482   63.60454 -172.59550     7.7077    31.6572    1477.26  0.000e+00
      2.428   63.60454 -172.59550     7.7078    31.6574    1477.26  0.000e+00
      2.482   63.60454 -172.59550     7.7077    31.6572    1477.26  0.000e+00
      2.428   63.60454 -172.59550     7.7078    31.6575    1477.26  0.000e+00
      2.482   63.60454 -172.59550     7.7078    31.6570    1477.26  0.000e+00
      2.428   63.60456 -172.59550     7.7077    31.6571    1477.26  0.000e+00
      2.428   63.60456 -172.59550     7.7078    31.6572    1477.26  0.000e+00
      2.482   63.60456 -172.59550     7.7077    31.6575    1477.26  0.000e+00
      2.428   63.60456 -172.59550     7.7078    31.6573    1477.26  0.000e+00
      2.428   63.60456 -172.59550     7.7079    31.6576    1477.26  0.000e+00
      2.428   63.60456 -172.59550     7.7079    31.6574    1477.26  0.000e+00
      2.428   63.60456 -172.59550     7.7079    31.6571    1477.26  0.000e+00
      2.482   63.60456 -172.59550     7.7078    31.6568    1477.26  0.000e+00
      2.428   63.60456 -172.59550     7.7079    31.6573    1477.26  0.000e+00
      2.428   63.60456 -172.59550     7.7079    31.6574    1477.26  0.000e+00
      2.428   63.60456 -172.59550     7.7079    31.6568    1477.26  0.000e+00
      2.482   63.60456 -172.59550     7.7076    31.6572    1477.26  0.000e+00
      2.428   63.60456 -172.59550     7.7078    31.6571    1477.26  0.000e+00
      2.428   63.60456 -172.59550     7.7076    31.6569    1477.26  0.000e+00
      2.428   63.60456 -172.59550     7.7076    31.6565    1477.26  0.000e+00
      2.482   63.60456 -172.59550     7.7074    31.6566    1477.26  0.000e+00
      2.428   63.60456 -172.59550     7.7076    31.6567    1477.26  0.000e+00
      2.482   63.60456 -172.59550     7.7071    31.6573    1477.26  0.000e+00
      2.428   63.60456 -172.59550     7.7074    31.6570    1477.25  0.000e+00
      2.482   63.60456 -172.59550     7.7074    31.6565    1477.26  0.000e+00
      2.428   63.60456 -172.59550     7.7071    31.6571    1477.25  0.000e+00
      2.482   63.60456 -172.59550     7.7070    31.6569    1477.25  0.000e+00
      2.482   63.60456 -172.59550     7.7070    31.6569    1477.25  0.000e+00
      2.482   63.60456 -172.59550     7.7071    31.6569    1477.25  0.000e+00
      2.482   63.60456 -172.59550     7.7071    31.6567    1477.25  0.000e+00
      2.482   63.60456 -172.59550     7.7069    31.6570    1477.25  0.000e+00
      2.482   63.60456 -172.59550     7.7068    31.6570    1477.25  0.000e+00
      2.482   63.60456 -172.59550     7.7070    31.6567    1477.25  0.000e+00
      2.544   63.60456 -172.59550     7.7068    31.6569    1477.25  0.000e+00
      2.544   63.60456 -172.59550     7.7068    31.6567    1477.25  0.000e+00
      2.544   63.60456 -172.59550     7.7068    31.6570    1477.25  0.000e+00
      2.544   63.60456 -172.59550     7.7068    31.6569    1477.25  0.000e+00
      2.544   63.60456 -172.59550     7.7066    31.6572    1477.25  0.000e+00
      2.544   63.60456 -172.59550     7.7068    31.6569    1477.25  0.000e+00
      2.598   63.60456 -172.59550     7.7066    31.6570    1477.25  0.000e+00
      2.544   63.60456 -172.59550     7.7068    31.6569    1477.25  0.000e+00
      2.598   63.60456 -172.59550     7.7069    31.6567    1477.26  0.000e+00
      2.598   63.60456 -172.59550     7.7066    31.6574    1477.26  0.000e+00
      2.659   63.60456 -172.59550     7.7069    31.6570    1477.26  0.000e+00
      2.598   63.60456 -172.59550     7.7070    31.6567    1477.26  0.000e+00
      2.598   63.60456 -172.59550     7.7070    31.6569    1477.26  0.000e+00
      2.659   63.60456 -172.59550     7.7069    31.6572    1477.26  0.000e+00
      2.659   63.60456 -172.59550     7.7070    31.6569    1477.26  0.000e+00
      2.713   63.60456 -172.59550     7.7069    31.6567    1477.26  0.000e+00
      2.659   63.60456 -172.59550     7.7068    31.6569    1477.26  0.000e+00
      2.659   63.60456 -172.59550     7.7071    31.6565    1477.26  0.000e+00
      2.713   63.60456 -172.59550     7.7068    31.6568    1477.26  0.000e+00
      2.713   63.60456 -172.59550     7.7068    31.6568    1477.26  0.000e+00
      2.775   63.60456 -172.59550     7.7065    31.6568    1477.26  0.000e+00
      2.713   63.60456 -172.59550     7.7066    31.6569    1477.26  0.000e+00
      2.775   63.60456 -172.59550     7.7066    31.6569    1477.26  0.000e+00
      2.775   63.60456 -172.59550     7.7064    31.6569    1477.26  0.000e+00
      2.775   63.60456 -172.59550     7.7065    31.6568    1477.26  0.000e+00
      2.829   63.60456 -172.59550     7.7063    31.6571    1477.26  0.000e+00
      2.775   63.60456 -172.59550     7.7064    31.6567    1477.26  0.000e+00
      2.829   63.60456 -172.59550     7.7065    31.6567    1477.26  0.000e+00
      2.829   63.60456 -172.59550     7.7063    31.6567    1477.26  0.000e+00
      2.883   63.60456 -172.59550     7.7063    31.6568    1477.26  0.000e+00
      2.829   63.60456 -172.59550     7.7063    31.6569    1477.26  0.000e+00
      2.883   63.60456 -172.59550     7.7066    31.6566    1477.26  0.000e+00
      2.883   63.60456 -172.59550     7.7061    31.6573    1477.26  0.000e+00
      2.945   63.60456 -172.59550     7.7063    31.6565    1477.26  0.000e+00
      2.883   63.60456 -172.59550     7.7063    31.6566    1477.26  0.000e+00
      2.945   63.60456 -172.59550     7.7065    31.6564    1477.26  0.000e+00
      2.945   63.60456 -172.59550     7.7060    31.6567    1477.26  0.000e+00
      2.883   63.60456 -172.59550     7.7058    31.6568    1477.26  0.000e+00
      2.945   63.60456 -172.59550     7.7055    31.6566    1477.26  0.000e+00
      2.945   63.60456 -172.59550     7.7053    31.6568    1477.26  0.000e+00
      2.999   63.60456 -172.59550     7.7053    31.6564    1477.26  0.000e+00
      2.945   63.60456 -172.59550     7.7052    31.6571    1477.26  0.000e+00
      2.999   63.60456 -172.59550     7.7056    31.6567    1477.26  0.000e+00
      2.999   63.60456 -172.59550     7.7058    31.6564    1477.26  0.000e+00
      2.922   63.60456 -172.59552     7.7058    31.6568    1477.26  0.000e+00
      2.999   63.60456 -172.59552     7.7060    31.6567    1477.26  0.000e+00
      2.999   63.60456 -172.59552     7.7058    31.6570    1477.26  0.000e+00
      2.999   63.60456 -172.59552     7.7061    31.6571    1477.26  0.000e+00
      2.999   63.60456 -172.59552     7.7063    31.6565    1477.26  0.000e+00
      2.999   63.60456 -172.59552     7.7063    31.6569    1477.26  0.000e+00
      2.999   63.60456 -172.59552     7.7063    31.6573    1477.26  0.000e+00
      2.999   63.60456 -172.59552     7.7063    31.6572    1477.26  0.000e+00
      2.999   63.60456 -172.59552     7.7068    31.6571    1477.26  0.000e+00
      2.999   63.60456 -172.59552     7.7068    31.6570    1477.26  0.000e+00
      2.945   63.60456 -172.59552     7.7069    31.6566    1477.26  0.000e+00
      2.999   63.60456 -172.59552     7.7071    31.6567    1477.26  0.000e+00
      2.999   63.60456 -172.59552     7.7070    31.6572    1477.26  0.000e+00
      2.999   63.60456 -172.59552     7.7071    31.6568    1477.26  0.000e+00
      2.945   63.60456 -172.59552     7.7071    31.6567    1477.26  0.000e+00
      2.999   63.60456 -172.59552     7.7071    31.6567    1477.26  0.000e+00
      2.883   63.60456 -172.59552     7.7070    31.6570    1477.26  0.000e+00
      2.945   63.60456 -172.59552     7.7070    31.6567    1477.26  0.000e+00
      2.945   63.60456 -172.59552     7.7069    31.6566    1477.26  0.000e+00
      2.945   63.60456 -172.59552     7.7070    31.6561    1477.26  0.000e+00
      2.883   63.60456 -172.59552     7.7066    31.6569    1477.26  0.000e+00
      2.945   63.60456 -172.59552     7.7066    31.6570    1477.26  0.000e+00
      2.883   63.60456 -172.59552     7.7068    31.6566    1477.26  0.000e+00
      2.829   63.60456 -172.59552     7.7068    31.6565    1477.26  0.000e+00
      2.883   63.60456 -172.59552     7.7068    31.6569    1477.26  0.000e+00
      2.829   63.60456 -172.59552     7.7068    31.6564    1477.26  0.000e+00
      2.829   63.60456 -172.59552     7.7068    31.6566    1477.26  0.000e+00
      2.829   63.60456 -172.59552     7.7066    31.6567    1477.26  0.000e+00
      2.775   63.60456 -172.59552     7.7066    31.6569    1477.26  0.000e+00
      2.775   63.60456 -172.59552     7.7068    31.6570    1477.26  0.000e+00
      2.775   63.60456 -172.59552     7.7068    31.6566    1477.26  0.000e+00
      2.775   63.60456 -172.59552     7.7066    31.6566    1477.26  0.000e+00
      2.713   63.60456 -172.59552     7.7068    31.6561    1477.26  0.000e+00
      2.713   63.60456 -172.59552     7.7068    31.6564    1477.26  0.000e+00
      2.659   63.60456 -172.59552     7.7068    31.6566    1477.26  0.000e+00
      2.659   63.60456 -172.59552     7.7066    31.6567    1477.26  0.000e+00
