EcoFOCI/data/1_SampleCollection/2023_SikuliaqDBO_CruiseData/CTD_raw_BottleFile_SKQ23-12S/proc/skq202312s_030svp.cnv
* Sea-Bird SBE 9 Data File:
* FileName = D:\CTD\SKQ202312S\SKQ202312S_030.hex
* Software Version Seasave V 7.26.7.121
* Temperature SN = 6177
* Conductivity SN = 0369
* Number of Bytes Per Scan = 41
* Number of Voltage Words = 4
* Number of Scans Averaged by the Deck Unit = 1
* NMEA Latitude = 71 27.31 N
* NMEA Longitude = 157 35.45 W
* NMEA UTC (Time) = Sep 21 2023  07:26:33
* NMEA baud rate = 4800
** Ship: R/V Sikuliaq
** Station Number: 030
** Station Name: DBO5.6
** Bottom Depth: 109
** Operator: SS
# nquan = 7
# nvalues = 8117                                  
# units = specified
# name 0 = depSM: Depth [salt water, m]
# name 1 = latitude: Latitude [deg]
# name 2 = longitude: Longitude [deg]
# name 3 = t090C: Temperature [ITS-90, deg C]
# name 4 = sal00: Salinity, Practical [PSU]
# name 5 = svCM: Sound Velocity [Chen-Millero, m/s]
# name 6 = flag:  0.000e+00
# span 0 =      4.093,    104.318                 
# span 1 =   71.45512,   71.45518                 
# span 2 = -157.59108, -157.59050                 
# span 3 =    -1.7033,     4.4585                 
# span 4 =    30.3710,    32.9828                 
# span 5 =    1438.58,    1462.69                 
# span 6 = 0.0000e+00, 0.0000e+00                 
# interval = seconds: 0.0416667
# start_time = Sep 21 2023 07:30:42 [NMEA time, first data scan]
# bad_flag = -9.990e-29
*END*
[from data line 4513]
     68.730   71.45514 -157.59080    -1.6847    32.7982    1439.38  0.000e+00
     68.745   71.45514 -157.59080    -1.6848    32.7980    1439.38  0.000e+00
     68.745   71.45514 -157.59080    -1.6845    32.7985    1439.38  0.000e+00
     68.792   71.45514 -157.59080    -1.6848    32.7987    1439.38  0.000e+00
     68.799   71.45514 -157.59080    -1.6847    32.7984    1439.38  0.000e+00
     68.799   71.45514 -157.59080    -1.6850    32.7987    1439.38  0.000e+00
     68.846   71.45514 -157.59080    -1.6847    32.7986    1439.38  0.000e+00
     68.799   71.45514 -157.59080    -1.6848    32.7984    1439.38  0.000e+00
     68.861   71.45514 -157.59080    -1.6848    32.7984    1439.38  0.000e+00
     68.846   71.45514 -157.59080    -1.6848    32.7985    1439.38  0.000e+00
     68.861   71.45514 -157.59080    -1.6848    32.7983    1439.38  0.000e+00
     68.961   71.45514 -157.59080    -1.6847    32.7984    1439.38  0.000e+00
     68.861   71.45514 -157.59080    -1.6848    32.7987    1439.38  0.000e+00
     68.969   71.45514 -157.59080    -1.6848    32.7992    1439.38  0.000e+00
     68.961   71.45514 -157.59080    -1.6848    32.7986    1439.38  0.000e+00
     68.969   71.45514 -157.59080    -1.6848    32.7986    1439.38  0.000e+00
     68.969   71.45514 -157.59080    -1.6848    32.7982    1439.38  0.000e+00
     68.961   71.45514 -157.59080    -1.6848    32.7986    1439.38  0.000e+00
     69.031   71.45514 -157.59080    -1.6850    32.7991    1439.38  0.000e+00
     69.085   71.45514 -157.59080    -1.6850    32.7989    1439.38  0.000e+00
     69.015   71.45514 -157.59080    -1.6848    32.7987    1439.38  0.000e+00
     69.085   71.45514 -157.59080    -1.6850    32.7991    1439.38  0.000e+00
     69.085   71.45514 -157.59080    -1.6850    32.7998    1439.38  0.000e+00
     69.131   71.45514 -157.59080    -1.6852    32.8006    1439.38  0.000e+00
     69.146   71.45514 -157.59080    -1.6850    32.8010    1439.39  0.000e+00
     69.146   71.45514 -157.59080    -1.6853    32.8010    1439.39  0.000e+00
     69.193   71.45514 -157.59080    -1.6850    32.8012    1439.39  0.000e+00
     69.200   71.45514 -157.59080    -1.6852    32.8007    1439.39  0.000e+00
     69.200   71.45514 -157.59080    -1.6852    32.8008    1439.39  0.000e+00
     69.247   71.45514 -157.59080    -1.6853    32.8007    1439.39  0.000e+00
     69.316   71.45514 -157.59080    -1.6853    32.8011    1439.39  0.000e+00
     69.262   71.45514 -157.59080    -1.6853    32.8013    1439.39  0.000e+00
     69.301   71.45514 -157.59080    -1.6853    32.8018    1439.39  0.000e+00
     69.370   71.45514 -157.59080    -1.6852    32.8018    1439.39  0.000e+00
     69.370   71.45514 -157.59080    -1.6853    32.8021    1439.39  0.000e+00
     69.362   71.45514 -157.59080    -1.6852    32.8018    1439.39  0.000e+00
     69.432   71.45514 -157.59080    -1.6855    32.8020    1439.39  0.000e+00
     69.417   71.45514 -157.59080    -1.6852    32.8017    1439.39  0.000e+00
     69.486   71.45514 -157.59080    -1.6853    32.8020    1439.39  0.000e+00
     69.486   71.45514 -157.59080    -1.6853    32.8026    1439.39  0.000e+00
     69.478   71.45514 -157.59080    -1.6852    32.8030    1439.39  0.000e+00
     69.548   71.45514 -157.59080    -1.6852    32.8031    1439.39  0.000e+00
     69.548   71.45514 -157.59080    -1.6848    32.8027    1439.40  0.000e+00
     69.648   71.45514 -157.59080    -1.6852    32.8039    1439.40  0.000e+00
     69.602   71.45514 -157.59080    -1.6848    32.8043    1439.40  0.000e+00
     69.663   71.45514 -157.59080    -1.6848    32.8044    1439.40  0.000e+00
     69.648   71.45514 -157.59080    -1.6847    32.8052    1439.40  0.000e+00
     69.717   71.45514 -157.59080    -1.6847    32.8054    1439.40  0.000e+00
     69.779   71.45514 -157.59080    -1.6845    32.8056    1439.41  0.000e+00
     69.764   71.45514 -157.59080    -1.6844    32.8051    1439.41  0.000e+00
     69.779   71.45514 -157.59080    -1.6845    32.8054    1439.40  0.000e+00
     69.818   71.45514 -157.59080    -1.6844    32.8055    1439.41  0.000e+00
     69.833   71.45514 -157.59080    -1.6845    32.8053    1439.41  0.000e+00
     69.887   71.45514 -157.59080    -1.6847    32.8057    1439.41  0.000e+00
     69.934   71.45514 -157.59080    -1.6842    32.8058    1439.41  0.000e+00
     69.949   71.45514 -157.59080    -1.6842    32.8063    1439.41  0.000e+00
     69.949   71.45514 -157.59080    -1.6841    32.8063    1439.41  0.000e+00
     69.995   71.45514 -157.59080    -1.6841    32.8067    1439.41  0.000e+00
     70.065   71.45514 -157.59080    -1.6840    32.8065    1439.41  0.000e+00
     70.065   71.45514 -157.59080    -1.6838    32.8066    1439.41  0.000e+00
     70.049   71.45514 -157.59080    -1.6836    32.8075    1439.42  0.000e+00
     70.180   71.45514 -157.59080    -1.6836    32.8079    1439.42  0.000e+00
     70.103   71.45514 -157.59080    -1.6836    32.8076    1439.42  0.000e+00
     70.180   71.45514 -157.59080    -1.6838    32.8076    1439.42  0.000e+00
     70.234   71.45514 -157.59080    -1.6836    32.8076    1439.42  0.000e+00
     70.281   71.45514 -157.59080    -1.6838    32.8074    1439.42  0.000e+00
     70.234   71.45514 -157.59080    -1.6836    32.8075    1439.42  0.000e+00
     70.289   71.45514 -157.59080    -1.6836    32.8078    1439.42  0.000e+00
     70.397   71.45514 -157.59080    -1.6835    32.8077    1439.42  0.000e+00
     70.350   71.45514 -157.59080    -1.6835    32.8080    1439.42  0.000e+00
     70.397   71.45514 -157.59080    -1.6835    32.8080    1439.42  0.000e+00
     70.404   71.45514 -157.59080    -1.6835    32.8082    1439.42  0.000e+00
     70.466   71.45514 -157.59080    -1.6833    32.8081    1439.43  0.000e+00
     70.505   71.45514 -157.59080    -1.6835    32.8083    1439.43  0.000e+00
     70.520   71.45514 -157.59080    -1.6835    32.8087    1439.43  0.000e+00
     70.582   71.45514 -157.59080    -1.6833    32.8090    1439.43  0.000e+00
     70.566   71.45514 -157.59080    -1.6829    32.8102    1439.43  0.000e+00
     70.582   71.45514 -157.59080    -1.6827    32.8116    1439.44  0.000e+00
     70.620   71.45514 -157.59080    -1.6824    32.8121    1439.44  0.000e+00
     70.690   71.45514 -157.59080    -1.6821    32.8127    1439.44  0.000e+00
     70.690   71.45514 -157.59080    -1.6823    32.8134    1439.44  0.000e+00
     70.736   71.45514 -157.59080    -1.6821    32.8135    1439.44  0.000e+00
     70.751   71.45514 -157.59080    -1.6819    32.8138    1439.44  0.000e+00
     70.806   71.45514 -157.59080    -1.6816    32.8138    1439.45  0.000e+00
     70.798   71.45514 -157.59080    -1.6819    32.8142    1439.45  0.000e+00
     70.806   71.45514 -157.59080    -1.6819    32.8146    1439.45  0.000e+00
     70.906   71.45514 -157.59080    -1.6819    32.8145    1439.45  0.000e+00
     70.867   71.45514 -157.59080    -1.6819    32.8149    1439.45  0.000e+00
     70.921   71.45514 -157.59080    -1.6821    32.8154    1439.45  0.000e+00
     70.968   71.45514 -157.59080    -1.6819    32.8153    1439.45  0.000e+00
     70.921   71.45514 -157.59080    -1.6818    32.8154    1439.45  0.000e+00
     71.022   71.45514 -157.59080    -1.6821    32.8153    1439.45  0.000e+00
     71.037   71.45514 -157.59080    -1.6823    32.8164    1439.45  0.000e+00
     71.037   71.45514 -157.59080    -1.6823    32.8168    1439.45  0.000e+00
     71.083   71.45514 -157.59080    -1.6823    32.8168    1439.45  0.000e+00
     71.091   71.45514 -157.59080    -1.6822    32.8171    1439.45  0.000e+00
     71.153   71.45514 -157.59080    -1.6823    32.8173    1439.45  0.000e+00
     71.137   71.45514 -157.59080    -1.6823    32.8175    1439.45  0.000e+00
     71.153   71.45514 -157.59080    -1.6823    32.8178    1439.46  0.000e+00
     71.199   71.45514 -157.59080    -1.6824    32.8180    1439.46  0.000e+00
     71.207   71.45514 -157.59080    -1.6822    32.8176    1439.46  0.000e+00
     71.268   71.45514 -157.59082    -1.6824    32.8174    1439.46  0.000e+00
     71.253   71.45514 -157.59082    -1.6824    32.8176    1439.46  0.000e+00
     71.323   71.45514 -157.59082    -1.6824    32.8176    1439.46  0.000e+00
     71.253   71.45514 -157.59082    -1.6826    32.8181    1439.46  0.000e+00
     71.384   71.45514 -157.59082    -1.6824    32.8181    1439.46  0.000e+00
     71.322   71.45514 -157.59082    -1.6826    32.8186    1439.46  0.000e+00
     71.369   71.45514 -157.59082    -1.6827    32.8188    1439.46  0.000e+00
     71.384   71.45514 -157.59082    -1.6824    32.8183    1439.46  0.000e+00
     71.423   71.45514 -157.59082    -1.6829    32.8191    1439.46  0.000e+00
     71.438   71.45514 -157.59082    -1.6829    32.8193    1439.46  0.000e+00
     71.438   71.45514 -157.59082    -1.6829    32.8190    1439.46  0.000e+00
     71.423   71.45514 -157.59082    -1.6827    32.8185    1439.46  0.000e+00
     71.500   71.45514 -157.59082    -1.6829    32.8193    1439.46  0.000e+00
     71.539   71.45514 -157.59082    -1.6830    32.8192    1439.46  0.000e+00
     71.500   71.45514 -157.59082    -1.6829    32.8193    1439.46  0.000e+00
     71.554   71.45514 -157.59082    -1.6829    32.8188    1439.46  0.000e+00
     71.539   71.45514 -157.59082    -1.6830    32.8190    1439.46  0.000e+00
     71.554   71.45514 -157.59082    -1.6827    32.8189    1439.46  0.000e+00
     71.600   71.45514 -157.59082    -1.6830    32.8193    1439.46  0.000e+00
     71.554   71.45514 -157.59082    -1.6830    32.8196    1439.46  0.000e+00
     71.608   71.45514 -157.59082    -1.6829    32.8194    1439.46  0.000e+00
     71.654   71.45514 -157.59082    -1.6831    32.8197    1439.46  0.000e+00
     71.670   71.45514 -157.59082    -1.6829    32.8196    1439.46  0.000e+00
     71.600   71.45514 -157.59082    -1.6830    32.8199    1439.46  0.000e+00
     71.670   71.45514 -157.59082    -1.6829    32.8195    1439.46  0.000e+00
     71.724   71.45514 -157.59082    -1.6829    32.8198    1439.46  0.000e+00
     71.654   71.45514 -157.59082    -1.6829    32.8200    1439.46  0.000e+00
     71.724   71.45514 -157.59082    -1.6829    32.8199    1439.46  0.000e+00
     71.708   71.45514 -157.59082    -1.6830    32.8201    1439.46  0.000e+00
     71.724   71.45514 -157.59082    -1.6829    32.8199    1439.46  0.000e+00
     71.724   71.45514 -157.59082    -1.6827    32.8197    1439.47  0.000e+00
     71.770   71.45514 -157.59082    -1.6829    32.8193    1439.46  0.000e+00
     71.724   71.45514 -157.59082    -1.6829    32.8191    1439.46  0.000e+00
     71.770   71.45514 -157.59082    -1.6829    32.8197    1439.46  0.000e+00
     71.785   71.45514 -157.59082    -1.6829    32.8201    1439.47  0.000e+00
     71.785   71.45514 -157.59082    -1.6830    32.8204    1439.47  0.000e+00
     71.824   71.45514 -157.59082    -1.6829    32.8204    1439.47  0.000e+00
     71.785   71.45514 -157.59082    -1.6830    32.8204    1439.47  0.000e+00
     71.824   71.45514 -157.59082    -1.6829    32.8199    1439.47  0.000e+00
     71.785   71.45514 -157.59082    -1.6830    32.8205    1439.47  0.000e+00
     71.839   71.45514 -157.59082    -1.6829    32.8202    1439.47  0.000e+00
     71.824   71.45514 -157.59082    -1.6829    32.8202    1439.47  0.000e+00
     71.839   71.45514 -157.59082    -1.6829    32.8204    1439.47  0.000e+00
     71.824   71.45514 -157.59082    -1.6830    32.8202    1439.47  0.000e+00
     71.839   71.45514 -157.59082    -1.6827    32.8201    1439.47  0.000e+00
     71.901   71.45514 -157.59082    -1.6829    32.8202    1439.47  0.000e+00
     71.886   71.45514 -157.59082    -1.6829    32.8204    1439.47  0.000e+00
     71.839   71.45514 -157.59082    -1.6830    32.8202    1439.47  0.000e+00
     71.886   71.45514 -157.59082    -1.6829    32.8205    1439.47  0.000e+00
     71.901   71.45514 -157.59082    -1.6830    32.8207    1439.47  0.000e+00
     71.901   71.45514 -157.59082    -1.6829    32.8206    1439.47  0.000e+00
     71.886   71.45514 -157.59082    -1.6831    32.8210    1439.47  0.000e+00
     71.901   71.45514 -157.59082    -1.6827    32.8205    1439.47  0.000e+00
     71.940   71.45514 -157.59082    -1.6830    32.8211    1439.47  0.000e+00
     71.901   71.45514 -157.59082    -1.6830    32.8208    1439.47  0.000e+00
     71.901   71.45514 -157.59082    -1.6829    32.8211    1439.47  0.000e+00
     71.940   71.45514 -157.59082    -1.6827    32.8208    1439.47  0.000e+00
     71.955   71.45514 -157.59082    -1.6829    32.8210    1439.47  0.000e+00
     71.886   71.45514 -157.59082    -1.6830    32.8212    1439.47  0.000e+00
     71.955   71.45514 -157.59082    -1.6827    32.8212    1439.47  0.000e+00
     71.955   71.45514 -157.59082    -1.6827    32.8209    1439.47  0.000e+00
     71.940   71.45514 -157.59082    -1.6827    32.8210    1439.47  0.000e+00
     72.009   71.45514 -157.59082    -1.6826    32.8209    1439.47  0.000e+00
     71.940   71.45514 -157.59082    -1.6824    32.8206    1439.47  0.000e+00
     71.955   71.45514 -157.59082    -1.6824    32.8211    1439.47  0.000e+00
     72.001   71.45514 -157.59082    -1.6826    32.8211    1439.47  0.000e+00
     72.009   71.45514 -157.59082    -1.6827    32.8212    1439.47  0.000e+00
     72.009   71.45514 -157.59082    -1.6824    32.8212    1439.47  0.000e+00
     72.001   71.45514 -157.59082    -1.6824    32.8210    1439.47  0.000e+00
     72.009   71.45514 -157.59082    -1.6823    32.8211    1439.47  0.000e+00
     72.001   71.45514 -157.59082    -1.6824    32.8213    1439.47  0.000e+00
     72.009   71.45514 -157.59082    -1.6826    32.8212    1439.47  0.000e+00
     72.071   71.45514 -157.59082    -1.6826    32.8214    1439.47  0.000e+00
     72.055   71.45514 -157.59082    -1.6824    32.8215    1439.47  0.000e+00
     72.009   71.45514 -157.59082    -1.6826    32.8215    1439.47  0.000e+00
     72.055   71.45514 -157.59082    -1.6824    32.8219    1439.47  0.000e+00
     72.071   71.45514 -157.59082    -1.6824    32.8219    1439.48  0.000e+00
     72.125   71.45514 -157.59082    -1.6823    32.8221    1439.48  0.000e+00
     72.055   71.45514 -157.59082    -1.6824    32.8220    1439.47  0.000e+00
     72.125   71.45514 -157.59082    -1.6823    32.8217    1439.48  0.000e+00
     72.109   71.45514 -157.59082    -1.6823    32.8219    1439.48  0.000e+00
     72.125   71.45514 -157.59082    -1.6823    32.8227    1439.48  0.000e+00
     72.187   71.45514 -157.59082    -1.6821    32.8233    1439.48  0.000e+00
     72.109   71.45514 -157.59082    -1.6818    32.8232    1439.48  0.000e+00
     72.187   71.45514 -157.59082    -1.6819    32.8237    1439.48  0.000e+00
     72.225   71.45514 -157.59082    -1.6816    32.8242    1439.48  0.000e+00
     72.186   71.45514 -157.59082    -1.6816    32.8244    1439.48  0.000e+00
     72.225   71.45514 -157.59082    -1.6812    32.8239    1439.49  0.000e+00
     72.241   71.45514 -157.59082    -1.6815    32.8242    1439.49  0.000e+00
     72.186   71.45514 -157.59082    -1.6814    32.8254    1439.49  0.000e+00
     72.287   71.45514 -157.59082    -1.6810    32.8257    1439.49  0.000e+00
     72.302   71.45514 -157.59082    -1.6809    32.8256    1439.49  0.000e+00
     72.287   71.45514 -157.59082    -1.6807    32.8258    1439.49  0.000e+00
     72.302   71.45514 -157.59082    -1.6807    32.8266    1439.49  0.000e+00
     72.302   71.45514 -157.59082    -1.6805    32.8263    1439.49  0.000e+00
     72.403   71.45514 -157.59082    -1.6807    32.8273    1439.50  0.000e+00
     72.356   71.45514 -157.59082    -1.6804    32.8276    1439.50  0.000e+00
     72.403   71.45514 -157.59082    -1.6803    32.8272    1439.50  0.000e+00
     72.410   71.45514 -157.59082    -1.6803    32.8278    1439.50  0.000e+00
     72.410   71.45514 -157.59082    -1.6804    32.8282    1439.50  0.000e+00
     72.457   71.45514 -157.59082    -1.6804    32.8291    1439.50  0.000e+00
     72.472   71.45514 -157.59082    -1.6805    32.8295    1439.50  0.000e+00
     72.511   71.45514 -157.59082    -1.6803    32.8302    1439.50  0.000e+00
