EcoFOCI/data/1_SampleCollection/2023_SikuliaqDBO_CruiseData/CTD_raw_BottleFile_SKQ23-12S/proc/skq202312s_003.ros
* Sea-Bird SBE 9 Data File:
* FileName = D:\CTD\SKQ202312S\SKQ202312S_003.hex
* Software Version Seasave V 7.26.7.121
* Temperature SN = 6177
* Conductivity SN = 0369
* Number of Bytes Per Scan = 41
* Number of Voltage Words = 4
* Number of Scans Averaged by the Deck Unit = 1
* NMEA Latitude = 62 03.01 N
* NMEA Longitude = 175 12.54 W
* NMEA UTC (Time) = Sep 15 2023  07:57:54
* NMEA baud rate = 4800
** Ship: R/V Sikuliaq
** Station Number: 003
** Station Name: DBO1.2
** Bottom Depth: 78
** Operator: SD
# nquan = 22
# nvalues = 1029                                  
# units = specified
# name 0 = depSM: Depth [salt water, m]
# name 1 = latitude: Latitude [deg]
# name 2 = longitude: Longitude [deg]
# name 3 = prDM: Pressure, Digiquartz [db]
# name 4 = t090C: Temperature [ITS-90, deg C]
# name 5 = t190C: Temperature, 2 [ITS-90, deg C]
# name 6 = potemp090C: Potential Temperature [ITS-90, deg C]
# name 7 = sal00: Salinity, Practical [PSU]
# name 8 = sal11: Salinity, Practical, 2 [PSU]
# name 9 = density00: Density [density, kg/m^3]
# name 10 = sigma-é00: Density [sigma-theta, kg/m^3]
# name 11 = sbox0Mm/Kg: Oxygen, SBE 43 [umol/kg]
# name 12 = sbox1Mm/Kg: Oxygen, SBE 43, 2 [umol/kg]
# name 13 = oxsolMm/Kg: Oxygen Saturation, Garcia & Gordon [umol/kg]
# name 14 = sbeox0PS: Oxygen, SBE 43 [% saturation]
# name 15 = v0: Voltage 0
# name 16 = flECO-AFL: Fluorescence, WET Labs ECO-AFL/FL [mg/m^3]
# name 17 = CStarAt0: Beam Attenuation, WET Labs C-Star [1/m]
# name 18 = par: PAR/Irradiance, Biospherical/Licor
# name 19 = scan: Scan Count
# name 20 = nbf: Bottles Fired
# name 21 = flag:  0.000e+00
# interval = seconds: 0.0416667
# start_time = Sep 15 2023 08:02:23 [NMEA time, first data scan]
# bad_flag = -9.990e-29
*END*
[from data line 593]
     19.921   62.05010 -175.20898     20.115    -0.5009    -0.5699    -0.5014    31.3104    31.3255  1025.2446    25.1479    385.841    363.542  362.87048    106.330     0.2222     0.9853     0.5176 1.0000e-12      26828         13  0.000e+00
     19.867   62.05010 -175.20898     20.061    -0.4779    -0.5475    -0.4784    31.3019    31.3196  1025.2366    25.1402    385.366    363.296  362.67288    106.257     0.2210     0.9780     0.5176 1.0000e-12      26829         13  0.000e+00
     19.890   62.05010 -175.20898     20.084    -0.4492    -0.5236    -0.4497    31.2852    31.3181  1025.2223    25.1257    385.261    363.057  362.44468    106.295     0.2222     0.9853     0.5176 1.0000e-12      26830         13  0.000e+00
     19.867   62.05010 -175.20898     20.061    -0.4412    -0.5053    -0.4417    31.2841    31.3175  1025.2209    25.1245    384.945    362.850  362.37075    106.230     0.2210     0.9780     0.5176 1.0000e-12      26831         13  0.000e+00
     19.867   62.05010 -175.20898     20.061    -0.4327    -0.4958    -0.4332    31.2807    31.3157  1025.2178    25.1214    384.837    362.779  362.29905    106.221     0.2222     0.9853     0.5176 1.0000e-12      26832         13  0.000e+00
     19.890   62.05010 -175.20898     20.084    -0.4129    -0.4860    -0.4135    31.2689    31.3107  1025.2077    25.1112    384.624    362.719  362.14290    106.208     0.2222     0.9853     0.5176 8.4714e-06      26833         13  0.000e+00
     19.867   62.05010 -175.20898     20.061    -0.4072    -0.4786    -0.4077    31.2711    31.3064  1025.2092    25.1128    384.737    362.684  362.08187    106.257     0.2222     0.9853     0.5188 1.0000e-12      26834         13  0.000e+00
     19.806   62.05010 -175.20898     19.998    -0.3973    -0.4761    -0.3978    31.2676    31.3016  1025.2057    25.1096    384.408    362.708  361.99689    106.191     0.2222     0.9853     0.5188 1.0000e-12      26835         13  0.000e+00
     19.891   62.05010 -175.20898     20.084    -0.3981    -0.4800    -0.3986    31.2668    31.3004  1025.2055    25.1090    384.411    362.551  362.00665    106.189     0.2210     0.9780     0.5176 1.0000e-12      26836         13  0.000e+00
     19.806   62.05010 -175.20898     19.998    -0.4132    -0.4928    -0.4137    31.2753    31.3054  1025.2125    25.1164    384.596    362.885  362.12740    106.205     0.2222     0.9853     0.5176 1.0000e-12      26837         13  0.000e+00
     19.891   62.05010 -175.20898     20.084    -0.4208    -0.5045    -0.4213    31.2790    31.3082  1025.2162    25.1196    384.577    363.031  362.18972    106.181     0.2210     0.9780     0.5188 1.0000e-12      26838         13  0.000e+00
     19.806   62.05010 -175.20898     19.998    -0.4191    -0.5055    -0.4196    31.2749    31.3037  1025.2124    25.1162    384.554    363.073  362.18458    106.176     0.2222     0.9853     0.5176 1.0000e-12      26839         13  0.000e+00
     19.806   62.05010 -175.20898     19.998    -0.4109    -0.5021    -0.4114    31.2672    31.2986  1025.2058    25.1097    384.473    363.074  362.12824    106.170     0.2210     0.9780     0.5188 1.0000e-12      26840         13  0.000e+00
     19.891   62.05010 -175.20898     20.084    -0.3975    -0.5022    -0.3980    31.2579    31.2975  1025.1983    25.1018    384.293    362.857  362.02596    106.151     0.2222     0.9853     0.5176 1.0000e-12      26841         13  0.000e+00
     19.806   62.05010 -175.20898     19.998    -0.4002    -0.5056    -0.4007    31.2555    31.2985  1025.1960    25.0999    384.323    362.888  362.05893    106.149     0.2210     0.9780     0.5188 1.0000e-12      26842         13  0.000e+00
     19.806   62.05010 -175.20898     19.998    -0.4051    -0.5079    -0.4056    31.2480    31.2974  1025.1901    25.0940    384.399    363.111  362.12669    106.150     0.2222     0.9853     0.5188 1.0000e-12      26843         13  0.000e+00
     19.891   62.05010 -175.20898     20.084    -0.4084    -0.5101    -0.4089    31.2474    31.2961  1025.1902    25.0936    384.692    363.179  362.15998    106.221     0.2234     0.9927     0.5188 1.0000e-12      26844         13  0.000e+00
     19.806   62.05010 -175.20898     19.999    -0.4247    -0.5135    -0.4252    31.2594    31.2948  1025.2001    25.1040    384.639    363.223  362.28208    106.171     0.2222     0.9853     0.5188 1.0000e-12      26845         13  0.000e+00
     19.806   62.05010 -175.20898     19.999    -0.4494    -0.5211    -0.4499    31.2704    31.2964  1025.2098    25.1137    384.899    363.311  362.48849    106.183     0.2222     0.9853     0.5188 1.0000e-12      26846         13  0.000e+00
     19.829   62.05010 -175.20898     20.022    -0.4743    -0.5302    -0.4748    31.2746    31.3001  1025.2143    25.1180    385.436    363.411  362.71586    106.264     0.2210     0.9780     0.5188 1.0000e-12      26847         13  0.000e+00
     19.868   62.05010 -175.20898     20.061    -0.4942    -0.5359    -0.4947    31.2834    31.3032  1025.2223    25.1258    385.446    363.509  362.88225    106.218     0.2222     0.9853     0.5188 1.0000e-12      26848         13  0.000e+00
     19.806   62.05010 -175.20898     19.999    -0.5009    -0.5407    -0.5014    31.2896    31.3060  1025.2272    25.1311    385.758    363.595  362.92950    106.290     0.2210     0.9780     0.5188 1.0000e-12      26849         13  0.000e+00
     19.829   62.05010 -175.20898     20.022    -0.5048    -0.5488    -0.5053    31.2980    31.3112  1025.2343    25.1380    385.830    363.687  362.94270    106.306     0.2247     1.0000     0.5188 1.0000e-12      26850         13  0.000e+00
     19.868   62.05010 -175.20898     20.061    -0.4894    -0.5526    -0.4899    31.2874    31.3126  1025.2253    25.1289    385.730    363.743  362.82507    106.313     0.2271     1.0146     0.5188 1.0000e-12      26851         13  0.000e+00
     19.806   62.05010 -175.20898     19.999    -0.4779    -0.5555    -0.4784    31.2789    31.3143  1025.2178    25.1216    385.665    363.786  362.73804    106.320     0.2283     1.0220     0.5188 1.0000e-12      26852         13  0.000e+00
     19.829   62.05010 -175.20898     20.022    -0.4774    -0.5632    -0.4779    31.2768    31.3228  1025.2161    25.1199    385.966    363.868  362.73926    106.403     0.2271     1.0146     0.5188 1.0000e-12      26853         13  0.000e+00
     19.868   62.05010 -175.20898     20.061    -0.4757    -0.5708    -0.4762    31.2717    31.3335  1025.2122    25.1157    386.009    363.976  362.73726    106.416     0.2283     1.0220     0.5176 1.0000e-12      26854         13  0.000e+00
     19.868   62.05010 -175.20898     20.061    -0.4774    -0.5678    -0.4779    31.2699    31.3337  1025.2108    25.1143    386.124    363.964  362.75864    106.441     0.2283     1.0220     0.5164 1.0000e-12      26855         13  0.000e+00
     19.829   62.05010 -175.20898     20.022    -0.4780    -0.5555    -0.4785    31.2676    31.3192  1025.2087    25.1124    386.177    363.919  362.77134    106.452     0.2283     1.0220     0.5164 1.0000e-12      26856         13  0.000e+00
     19.868   62.05010 -175.20898     20.061    -0.4791    -0.5517    -0.4796    31.2699    31.3075  1025.2108    25.1143    386.519    363.938  362.77518    106.545     0.2283     1.0220     0.5164 1.0000e-12      26857         13  0.000e+00
     19.868   62.05010 -175.20898     20.061    -0.4777    -0.5602    -0.4782    31.2745    31.3000  1025.2145    25.1180    386.365    364.082  362.74890    106.510     0.2283     1.0220     0.5164 1.0000e-12      26858         13  0.000e+00
     19.891   62.05010 -175.20898     20.085    -0.4772    -0.5838    -0.4777    31.2749    31.3045  1025.2149    25.1184    386.687    364.396  362.74282    106.601     0.2283     1.0220     0.5164 1.0000e-12      26859         13  0.000e+00
     19.868   62.05010 -175.20898     20.061    -0.4800    -0.6065    -0.4805    31.2678    31.3098  1025.2092    25.1127    386.814    364.666  362.79034    106.622     0.2271     1.0146     0.5164 1.0000e-12      26860         13  0.000e+00
     19.868   62.05010 -175.20898     20.061    -0.4852    -0.6186    -0.4857    31.2592    31.3092  1025.2024    25.1060    386.969    364.837  362.86478    106.643     0.2283     1.0220     0.5164 1.0000e-12      26861         13  0.000e+00
     19.891   62.05010 -175.20898     20.085    -0.4942    -0.6261    -0.4947    31.2584    31.3134  1025.2022    25.1056    387.392    364.944  362.95336    106.733     0.2271     1.0146     0.5164 1.0000e-12      26862         13  0.000e+00
     19.868   62.05010 -175.20898     20.061    -0.5045    -0.6284    -0.5050    31.2601    31.3199  1025.2038    25.1073    387.657    365.177  363.04783    106.778     0.2283     1.0220     0.5164 1.0000e-12      26863         13  0.000e+00
     19.891   62.05010 -175.20898     20.085    -0.5145    -0.6269    -0.5150    31.2636    31.3251  1025.2071    25.1105    387.909    365.179  363.13390    106.823     0.2271     1.0146     0.5164 1.0000e-12      26864         13  0.000e+00
     19.922   62.05010 -175.20898     20.116    -0.5228    -0.6261    -0.5233    31.2673    31.3262  1025.2105    25.1138    388.088    365.423  363.20370    106.851     0.2283     1.0220     0.5164 1.0000e-12      26865         13  0.000e+00
     19.922   62.05010 -175.20898     20.116    -0.5260    -0.6233    -0.5265    31.2695    31.3243  1025.2125    25.1157    388.249    365.233  363.22843    106.888     0.2283     1.0220     0.5164 1.0000e-12      26866         13  0.000e+00
     19.945   62.05010 -175.20898     20.139    -0.5268    -0.6115    -0.5273    31.2759    31.3190  1025.2178    25.1209    388.363    365.143  363.21784    106.923     0.2271     1.0146     0.5164 1.0000e-12      26867         13  0.000e+00
     19.868   62.05010 -175.20898     20.061    -0.5234    -0.5938    -0.5239    31.2758    31.3138  1025.2172    25.1207    388.685    364.980  363.18537    107.021     0.2283     1.0220     0.5164 1.0000e-12      26868         13  0.000e+00
     19.984   62.05010 -175.20898     20.178    -0.5247    -0.5762    -0.5252    31.2746    31.3098  1025.2168    25.1197    388.866    364.824  363.20099    107.066     0.2271     1.0146     0.5164 1.0000e-12      26869         13  0.000e+00
     19.891   62.05010 -175.20898     20.085    -0.5273    -0.5672    -0.5278    31.2743    31.3112  1025.2162    25.1196    388.993    364.960  363.22682    107.094     0.2283     1.0220     0.5164 1.0000e-12      26870         13  0.000e+00
     19.984   62.05010 -175.20898     20.178    -0.5277    -0.5586    -0.5282    31.2708    31.3123  1025.2139    25.1168    389.152    364.917  363.24111    107.133     0.2271     1.0146     0.5164 1.0000e-12      26871         13  0.000e+00
     20.409   62.05010 -175.20900     20.608    -0.7392    -0.7343    -0.7396    31.3005    31.3297  1025.2471    25.1478    388.727    366.902  365.20448    106.441     0.2369     1.0732     0.5176 1.0000e-12      27144         14  0.000e+00
     20.394   62.05010 -175.20900     20.593    -0.7411    -0.7374    -0.7415    31.3005    31.3292  1025.2471    25.1479    388.757    366.825  365.22275    106.444     0.2357     1.0659     0.5188 1.0000e-12      27145         14  0.000e+00
     20.332   62.05010 -175.20900     20.530    -0.7436    -0.7400    -0.7441    31.3014    31.3287  1025.2476    25.1487    388.794    366.773  365.24496    106.447     0.2369     1.0732     0.5176 1.0000e-12      27146         14  0.000e+00
     20.410   62.05010 -175.20900     20.608    -0.7465    -0.7422    -0.7470    31.3021    31.3285  1025.2486    25.1494    388.846    366.723  365.27127    106.454     0.2357     1.0659     0.5176 1.0000e-12      27147         14  0.000e+00
     20.394   62.05010 -175.20900     20.593    -0.7488    -0.7447    -0.7493    31.3027    31.3286  1025.2491    25.1499    388.590    366.671  365.29239    106.378     0.2357     1.0659     0.5176 1.0000e-12      27148         14  0.000e+00
     20.394   62.05010 -175.20900     20.593    -0.7514    -0.7478    -0.7519    31.3037    31.3293  1025.2500    25.1508    388.546    366.627  365.31448    106.359     0.2357     1.0659     0.5188 1.0000e-12      27149         14  0.000e+00
     20.410   62.05010 -175.20900     20.608    -0.7536    -0.7519    -0.7541    31.3043    31.3302  1025.2506    25.1514    388.503    366.597  365.33429    106.342     0.2357     1.0659     0.5188 1.0000e-12      27150         14  0.000e+00
     20.448   62.05010 -175.20900     20.647    -0.7556    -0.7552    -0.7560    31.3046    31.3302  1025.2511    25.1517    388.463    366.369  365.35221    106.326     0.2369     1.0732     0.5176 1.0000e-12      27151         14  0.000e+00
     20.394   62.05010 -175.20900     20.593    -0.7572    -0.7577    -0.7576    31.3050    31.3293  1025.2513    25.1521    388.671    366.520  365.36648    106.378     0.2357     1.0659     0.5176 1.0000e-12      27152         14  0.000e+00
     20.356   62.05010 -175.20900     20.554    -0.7573    -0.7609    -0.7577    31.3041    31.3297  1025.2503    25.1513    388.409    366.515  365.37041    106.305     0.2369     1.0732     0.5188 1.0000e-12      27153         14  0.000e+00
     20.448   62.05010 -175.20900     20.647    -0.7582    -0.7636    -0.7587    31.3041    31.3302  1025.2508    25.1513    388.069    366.290  365.37974    106.210     0.2357     1.0659     0.5188 1.0000e-12      27154         14  0.000e+00
     20.448   62.05010 -175.20900     20.647    -0.7595    -0.7668    -0.7599    31.3037    31.3306  1025.2505    25.1511    387.987    366.263  365.39298    106.184     0.2369     1.0732     0.5188 1.0000e-12      27155         14  0.000e+00
     20.410   62.05010 -175.20900     20.608    -0.7605    -0.7692    -0.7609    31.3026    31.3315  1025.2495    25.1502    387.909    366.259  365.40556    106.158     0.2369     1.0732     0.5176 1.0000e-12      27156         14  0.000e+00
     20.448   62.05010 -175.20900     20.647    -0.7618    -0.7718    -0.7623    31.3022    31.3319  1025.2494    25.1499    387.842    366.267  365.42012    106.136     0.2430     1.1099     0.5200 1.0000e-12      27157         14  0.000e+00
     20.410   62.05010 -175.20900     20.609    -0.7636    -0.7734    -0.7641    31.3031    31.3320  1025.2499    25.1507    387.780    366.235  365.43536    106.114     0.2442     1.1172     0.5235 1.0000e-12      27158         14  0.000e+00
     20.395   62.05010 -175.20900     20.593    -0.7650    -0.7749    -0.7655    31.3028    31.3322  1025.2497    25.1505    387.722    366.206  365.44936    106.095     0.2442     1.1172     0.5235 1.0000e-12      27159         14  0.000e+00
     20.449   62.05010 -175.20900     20.648    -0.7663    -0.7759    -0.7667    31.3023    31.3319  1025.2496    25.1501    387.673    366.180  365.46306    106.077     0.2454     1.1245     0.5235 1.0000e-12      27160         14  0.000e+00
     20.472   62.05010 -175.20900     20.671    -0.7678    -0.7771    -0.7683    31.3027    31.3322  1025.2501    25.1505    387.629    366.189  365.47696    106.061     0.2442     1.1172     0.5235 1.0000e-12      27161         14  0.000e+00
     20.395   62.05010 -175.20900     20.593    -0.7682    -0.7775    -0.7687    31.3025    31.3324  1025.2496    25.1504    387.574    366.190  365.48182    106.045     0.2454     1.1245     0.5235 1.0000e-12      27162         14  0.000e+00
     20.449   62.05010 -175.20900     20.648    -0.7687    -0.7788    -0.7692    31.3036    31.3327  1025.2507    25.1513    387.528    366.211  365.48320    106.032     0.2442     1.1172     0.5235 1.0000e-12      27163         14  0.000e+00
     20.472   62.05010 -175.20900     20.671    -0.7698    -0.7797    -0.7702    31.3042    31.3330  1025.2514    25.1518    387.496    366.456  365.49199    106.020     0.2454     1.1245     0.5235 1.0000e-12      27164         14  0.000e+00
