EcoFOCI/data/1_SampleCollection/2023_SikuliaqDBO_CruiseData/CTD_raw_BottleFile_SKQ23-12S/proc/skq202312s_002avg.cnv
* Sea-Bird SBE 9 Data File:
* FileName = D:\CTD\SKQ202312S\SKQ202312S_002.hex
* Software Version Seasave V 7.26.7.121
* Temperature SN = 6177
* Conductivity SN = 0369
* Number of Bytes Per Scan = 41
* Number of Voltage Words = 4
* Number of Scans Averaged by the Deck Unit = 1
* NMEA Latitude = 62 00.59 N
* NMEA Longitude = 175 03.64 W
* NMEA UTC (Time) = Sep 15 2023  05:21:43
* NMEA baud rate = 4800
** Ship: R/V Sikuliaq
** Station Number: 002
** Station Name: DBO1.1
** Bottom Depth: 78
** Operator: SD
# nquan = 25
# nvalues = 74                          
# units = specified
# name 0 = depSM: Depth [salt water, m]
# name 1 = latitude: Latitude [deg]
# name 2 = longitude: Longitude [deg]
# name 3 = prDM: Pressure, Digiquartz [db]
# name 4 = t090C: Temperature [ITS-90, deg C]
# name 5 = t190C: Temperature, 2 [ITS-90, deg C]
# name 6 = potemp090C: Potential Temperature [ITS-90, deg C]
# name 7 = sal00: Salinity, Practical [PSU]
# name 8 = sal11: Salinity, Practical, 2 [PSU]
# name 9 = density00: Density [density, kg/m^3]
# name 10 = sigma-é00: Density [sigma-theta, kg/m^3]
# name 11 = sbox0Mm/Kg: Oxygen, SBE 43 [umol/kg]
# name 12 = sbox1Mm/Kg: Oxygen, SBE 43, 2 [umol/kg]
# name 13 = oxsolMm/Kg: Oxygen Saturation, Garcia & Gordon [umol/kg]
# name 14 = sbeox0PS: Oxygen, SBE 43 [% saturation]
# name 15 = sbeox1PS: Oxygen, SBE 43, 2 [% saturation]
# name 16 = v0: Voltage 0
# name 17 = flECO-AFL: Fluorescence, WET Labs ECO-AFL/FL [mg/m^3]
# name 18 = v1: Voltage 1
# name 19 = CStarAt0: Beam Attenuation, WET Labs C-Star [1/m]
# name 20 = par: PAR/Irradiance, Biospherical/Licor
# name 21 = scan: Scan Count
# name 22 = timeM: Time, Elapsed [minutes]
# name 23 = nbin: number of scans per bin
# name 24 = flag: flag
# span 0 =      1.981,     74.267       
# span 1 =   62.00980,   62.00980       
# span 2 = -175.06128, -175.06102       
# span 3 =      2.000,     75.000       
# span 4 =    -1.4381,     7.4751       
# span 5 =    -1.4370,     7.4760       
# span 6 =    -1.4390,     7.4748       
# span 7 =    30.6631,    31.9563       
# span 8 =    30.6789,    31.9619       
# span 9 =  1023.9566,  1026.0397       
# span 10 =    23.9474,    25.6791      
# span 11 =    250.265,    413.710      
# span 12 =    239.771,    398.903      
# span 13 =  299.66086,  370.93580      
# span 14 =     68.853,    112.628      
# span 15 =     65.943,    108.039      
# span 16 =     0.0577,     0.9969      
# span 17 =    -0.0016,     5.6336      
# span 18 =     3.4846,     4.2156      
# span 19 =     0.4456,     1.2088      
# span 20 = -2.702e-05, 2.6891e+01      
# span 21 =        241,       7516      
# span 22 =     0.1670,     5.2186      
# span 23 =          1,        946      
# span 24 = 0.0000e+00, 0.0000e+00      
# interval = decibars: 1                
# start_time = Sep 15 2023 05:25:57 [NMEA time, first data scan]
# bad_flag = -9.990e-29
*END*
[from data line 58]
     59.416   62.00980 -175.06120     60.000    -1.2077    -1.2066    -1.2089    31.7436    31.7543  1025.8098    25.5203    270.096    258.148  368.52543     73.291     70.057     0.0577    -0.0016     3.8968     0.7603 5.1504e-06       4503     3.1264         46 0.0000e+00
     60.407   62.00980 -175.06120     61.000    -1.1767    -1.1758    -1.1780    31.7598    31.7700  1025.8269    25.5327    271.314    258.776  368.17214     73.692     70.294     0.0669     0.0533     3.8706     0.7872 4.3968e-06       4551     3.1600         48 0.0000e+00
     61.396   62.00980 -175.06120     62.000    -1.0208    -1.0205    -1.0221    31.7965    31.8037  1025.8567    25.5580    269.201    258.113  366.53107     73.446     70.425     0.0718     0.0830     3.9764     0.6796 3.4517e-06       4601     3.1948         54 0.0000e+00
     62.387   62.00980 -175.06122     63.000    -0.9142    -0.9137    -0.9156    31.8228    31.8319  1025.8794    25.5761    271.806    259.207  365.41192     74.384     70.942     0.0656     0.0454     4.0174     0.6384 4.3156e-06       4655     3.2318         51 0.0000e+00
     63.377   62.00980 -175.06122     64.000    -0.8646    -0.8631    -0.8660    31.8460    31.8557  1025.9014    25.5933    276.568    263.870  364.86199     75.801     72.329     0.0674     0.0561     4.0626     0.5936 4.6321e-06       4704     3.2662         44 0.0000e+00
     64.367   62.00980 -175.06122     65.000    -0.8841    -0.8833    -0.8856    31.8617    31.8725  1025.9195    25.6067    279.657    267.043  365.00741     76.617     73.169     0.0624     0.0260     3.9786     0.6771 4.8488e-06       4748     3.2966         42 0.0000e+00
     65.357   62.00980 -175.06122     66.000    -0.9033    -0.9019    -0.9048    31.8818    31.8922  1025.9413    25.6236    277.616    265.835  365.13682     76.031     72.813     0.0645     0.0391     3.7814     0.8814 4.1012e-06       4797     3.3303         58 0.0000e+00
     66.347   62.00980 -175.06122     67.000    -0.9009    -0.8994    -0.9024    31.8885    31.8992  1025.9514    25.6289    266.512    255.957  365.09346     72.998     70.116     0.0638     0.0350     3.6578     1.0136 5.0672e-06       4854     3.3705         52 0.0000e+00
     67.337   62.00980 -175.06123     68.000    -0.9036    -0.9026    -0.9052    31.8959    31.9063  1025.9623    25.6350    257.886    246.727  365.09920     70.634     67.586     0.0608     0.0168     3.6350     1.0385 4.8900e-06       4905     3.4053         52 0.0000e+00
     68.327   62.00980 -175.06124     69.000    -0.8772    -0.8763    -0.8788    31.9056    31.9160  1025.9741    25.6421    254.777    243.738  364.81402     69.838     66.819     0.0639     0.0356     3.6276     1.0467 3.4305e-06       4979     3.4568         97 0.0000e+00
     69.317   62.00980 -175.06127     70.000    -0.8576    -0.8566    -0.8592    31.9147    31.9252  1025.9856    25.6488    253.193    241.789  364.59690     69.445     66.324     0.0684     0.0622     3.5879     1.0906 6.8490e-06       5622     3.9036        887 0.0000e+00
     70.308   62.00980 -175.06128     71.000    -0.8194    -0.8183    -0.8211    31.9289    31.9388  1026.0006    25.6590    252.934    240.954  364.18569     69.452     66.170     0.0698     0.0709     3.4846     1.2088 4.5899e-06       5952     4.1326         65 0.0000e+00
     71.297   62.00980 -175.06128     72.000    -0.7927    -0.7913    -0.7944    31.9384    31.9487  1026.0121    25.6658    252.095    241.699  363.89954     69.276     66.427     0.0675     0.0570     3.5889     1.0895 9.8293e-05       6044     4.1963         85 0.0000e+00
     72.288   62.00980 -175.06128     73.000    -0.7804    -0.7791    -0.7822    31.9432    31.9535  1026.0204    25.6693    251.382    240.656  363.76676     69.105     66.164     0.0649     0.0417     3.5599     1.1220 8.7626e-06       6126     4.2532         97 0.0000e+00
     73.278   62.00980 -175.06126     74.000    -0.7692    -0.7681    -0.7710    31.9481    31.9586  1026.0287    25.6729    250.570    239.771  363.64431     68.905     65.943     0.0693     0.0680     3.5504     1.1327 3.7952e-05       6781     4.7082        946 0.0000e+00
     74.267   62.00980 -175.06122     75.000    -0.7546    -0.7647    -0.7564    31.9563    31.9619  1026.0397    25.6791    250.265    240.290  363.47904     68.853     66.093     0.0662     0.0488     3.5560     1.1263 -2.299e-05       7516     5.2186          1 0.0000e+00
