EcoFOCI/data/1_SampleCollection/2023_SikuliaqDBO_CruiseData/CTD_raw_BottleFile_SKQ23-12S/proc/skq202312s_027svp.cnv
* Sea-Bird SBE 9 Data File:
* FileName = D:\CTD\SKQ202312S\SKQ202312S_027.hex
* Software Version Seasave V 7.26.7.121
* Temperature SN = 6177
* Conductivity SN = 0369
* Number of Bytes Per Scan = 41
* Number of Voltage Words = 4
* Number of Scans Averaged by the Deck Unit = 1
* NMEA Latitude = 71 19.80 N
* NMEA Longitude = 157 19.91 W
* NMEA UTC (Time) = Sep 21 2023  01:08:33
* NMEA baud rate = 4800
** Ship: R/V Sikuliaq
** Station Number: 027
** Station Name: DBO5.3
** Bottom Depth: 91
** Operator: SD
# nquan = 7
# nvalues = 6715                                  
# units = specified
# name 0 = depSM: Depth [salt water, m]
# name 1 = latitude: Latitude [deg]
# name 2 = longitude: Longitude [deg]
# name 3 = t090C: Temperature [ITS-90, deg C]
# name 4 = sal00: Salinity, Practical [PSU]
# name 5 = svCM: Sound Velocity [Chen-Millero, m/s]
# name 6 = flag:  0.000e+00
# span 0 =      2.076,     85.515                 
# span 1 =   71.32992,   71.33000                 
# span 2 = -157.33170, -157.33124                 
# span 3 =    -1.2074,     4.8666                 
# span 4 =    30.1071,    32.4541                 
# span 5 =    1441.46,    1464.52                 
# span 6 = 0.0000e+00, 0.0000e+00                 
# interval = seconds: 0.0416667
# start_time = Sep 21 2023 01:12:36 [NMEA time, first data scan]
# bad_flag = -9.990e-29
*END*
[from data line 3077]
     38.483   71.32996 -157.33156     0.0137    32.2194    1446.11  0.000e+00
     38.537   71.32996 -157.33156     0.0134    32.2194    1446.11  0.000e+00
     38.544   71.32996 -157.33156     0.0128    32.2193    1446.11  0.000e+00
     38.544   71.32996 -157.33156     0.0114    32.2193    1446.10  0.000e+00
     38.537   71.32996 -157.33156     0.0088    32.2196    1446.09  0.000e+00
     38.544   71.32996 -157.33156     0.0064    32.2208    1446.08  0.000e+00
     38.598   71.32996 -157.33156     0.0040    32.2224    1446.07  0.000e+00
     38.537   71.32996 -157.33156     0.0005    32.2251    1446.06  0.000e+00
     38.544   71.32996 -157.33156     0.0003    32.2254    1446.06  0.000e+00
     38.598   71.32996 -157.33156     0.0020    32.2240    1446.07  0.000e+00
     38.598   71.32996 -157.33156     0.0016    32.2254    1446.07  0.000e+00
     38.591   71.32996 -157.33156     0.0030    32.2254    1446.07  0.000e+00
     38.598   71.32996 -157.33156     0.0051    32.2210    1446.08  0.000e+00
     38.598   71.32996 -157.33156     0.0045    32.2167    1446.07  0.000e+00
     38.652   71.32996 -157.33156    -0.0007    32.2157    1446.04  0.000e+00
     38.660   71.32996 -157.33156    -0.0057    32.2162    1446.02  0.000e+00
     38.660   71.32996 -157.33156    -0.0073    32.2147    1446.01  0.000e+00
     38.652   71.32996 -157.33156    -0.0093    32.2162    1446.00  0.000e+00
     38.660   71.32996 -157.33156    -0.0125    32.2187    1445.99  0.000e+00
     38.714   71.32996 -157.33156    -0.0164    32.2221    1445.98  0.000e+00
     38.714   71.32996 -157.33156    -0.0184    32.2234    1445.97  0.000e+00
     38.760   71.32994 -157.33156    -0.0202    32.2238    1445.96  0.000e+00
     38.714   71.32994 -157.33156    -0.0219    32.2243    1445.96  0.000e+00
     38.776   71.32994 -157.33156    -0.0224    32.2276    1445.96  0.000e+00
     38.760   71.32994 -157.33156    -0.0189    32.2285    1445.98  0.000e+00
     38.830   71.32994 -157.33156    -0.0171    32.2272    1445.98  0.000e+00
     38.830   71.32994 -157.33156    -0.0184    32.2266    1445.98  0.000e+00
     38.822   71.32994 -157.33156    -0.0223    32.2247    1445.96  0.000e+00
     38.830   71.32994 -157.33156    -0.0292    32.2190    1445.92  0.000e+00
     38.884   71.32994 -157.33156    -0.0427    32.2177    1445.85  0.000e+00
     38.946   71.32994 -157.33156    -0.0555    32.2217    1445.80  0.000e+00
     38.938   71.32994 -157.33156    -0.0656    32.2260    1445.76  0.000e+00
     38.946   71.32994 -157.33156    -0.0738    32.2285    1445.73  0.000e+00
     38.946   71.32994 -157.33156    -0.0820    32.2313    1445.69  0.000e+00
     39.054   71.32994 -157.33156    -0.0895    32.2342    1445.66  0.000e+00
     39.000   71.32994 -157.33156    -0.0958    32.2389    1445.64  0.000e+00
     39.061   71.32994 -157.33156    -0.1002    32.2409    1445.62  0.000e+00
     39.115   71.32994 -157.33156    -0.1030    32.2427    1445.61  0.000e+00
     39.108   71.32994 -157.33156    -0.1050    32.2440    1445.60  0.000e+00
     39.115   71.32994 -157.33156    -0.1069    32.2448    1445.60  0.000e+00
     39.177   71.32994 -157.33156    -0.1085    32.2453    1445.59  0.000e+00
     39.223   71.32994 -157.33156    -0.1097    32.2461    1445.59  0.000e+00
     39.177   71.32994 -157.33156    -0.1112    32.2464    1445.58  0.000e+00
     39.285   71.32994 -157.33156    -0.1123    32.2460    1445.58  0.000e+00
     39.285   71.32994 -157.33156    -0.1141    32.2458    1445.57  0.000e+00
     39.277   71.32994 -157.33156    -0.1160    32.2463    1445.56  0.000e+00
     39.347   71.32994 -157.33156    -0.1180    32.2473    1445.55  0.000e+00
     39.401   71.32994 -157.33156    -0.1194    32.2473    1445.55  0.000e+00
     39.393   71.32994 -157.33156    -0.1209    32.2474    1445.54  0.000e+00
     39.462   71.32994 -157.33156    -0.1228    32.2480    1445.53  0.000e+00
     39.462   71.32994 -157.33156    -0.1246    32.2481    1445.53  0.000e+00
     39.516   71.32994 -157.33156    -0.1271    32.2477    1445.51  0.000e+00
     39.563   71.32994 -157.33156    -0.1296    32.2483    1445.50  0.000e+00
     39.578   71.32994 -157.33156    -0.1320    32.2490    1445.49  0.000e+00
     39.578   71.32994 -157.33156    -0.1346    32.2493    1445.48  0.000e+00
     39.563   71.32994 -157.33156    -0.1364    32.2499    1445.47  0.000e+00
     39.802   71.32994 -157.33156    -0.1378    32.2506    1445.47  0.000e+00
     39.686   71.32994 -157.33156    -0.1384    32.2512    1445.47  0.000e+00
     39.748   71.32994 -157.33156    -0.1388    32.2517    1445.47  0.000e+00
     39.794   71.32994 -157.33156    -0.1390    32.2518    1445.47  0.000e+00
     39.802   71.32994 -157.33156    -0.1388    32.2514    1445.47  0.000e+00
     39.864   71.32994 -157.33156    -0.1384    32.2515    1445.47  0.000e+00
     39.864   71.32994 -157.33156    -0.1379    32.2513    1445.47  0.000e+00
     39.910   71.32994 -157.33156    -0.1379    32.2508    1445.47  0.000e+00
     39.979   71.32994 -157.33156    -0.1384    32.2502    1445.47  0.000e+00
     39.979   71.32994 -157.33156    -0.1390    32.2501    1445.47  0.000e+00
     40.033   71.32994 -157.33156    -0.1399    32.2504    1445.47  0.000e+00
     40.080   71.32994 -157.33156    -0.1409    32.2507    1445.46  0.000e+00
     40.087   71.32994 -157.33156    -0.1412    32.2511    1445.46  0.000e+00
     40.087   71.32994 -157.33156    -0.1412    32.2506    1445.46  0.000e+00
     40.141   71.32994 -157.33156    -0.1424    32.2500    1445.46  0.000e+00
     40.203   71.32994 -157.33156    -0.1444    32.2494    1445.45  0.000e+00
     40.203   71.32994 -157.33156    -0.1461    32.2495    1445.44  0.000e+00
     40.265   71.32994 -157.33156    -0.1475    32.2499    1445.43  0.000e+00
     40.257   71.32994 -157.33156    -0.1490    32.2510    1445.43  0.000e+00
     40.319   71.32994 -157.33156    -0.1498    32.2513    1445.43  0.000e+00
     40.319   71.32994 -157.33156    -0.1504    32.2520    1445.42  0.000e+00
     40.380   71.32994 -157.33156    -0.1504    32.2512    1445.42  0.000e+00
     40.427   71.32994 -157.33156    -0.1509    32.2512    1445.42  0.000e+00
     40.434   71.32994 -157.33156    -0.1512    32.2514    1445.42  0.000e+00
     40.434   71.32994 -157.33156    -0.1515    32.2510    1445.42  0.000e+00
     40.488   71.32994 -157.33156    -0.1524    32.2516    1445.42  0.000e+00
     40.542   71.32994 -157.33156    -0.1529    32.2512    1445.42  0.000e+00
     40.550   71.32994 -157.33156    -0.1537    32.2514    1445.41  0.000e+00
     40.550   71.32994 -157.33156    -0.1539    32.2514    1445.41  0.000e+00
     40.604   71.32994 -157.33156    -0.1535    32.2515    1445.41  0.000e+00
     40.596   71.32994 -157.33156    -0.1537    32.2515    1445.41  0.000e+00
     40.666   71.32994 -157.33156    -0.1539    32.2514    1445.41  0.000e+00
     40.666   71.32994 -157.33156    -0.1540    32.2505    1445.41  0.000e+00
     40.720   71.32994 -157.33156    -0.1547    32.2505    1445.41  0.000e+00
     40.712   71.32994 -157.33156    -0.1551    32.2501    1445.41  0.000e+00
     40.720   71.32994 -157.33156    -0.1556    32.2505    1445.41  0.000e+00
     40.781   71.32994 -157.33156    -0.1566    32.2510    1445.40  0.000e+00
     40.766   71.32994 -157.33156    -0.1569    32.2513    1445.40  0.000e+00
     40.835   71.32994 -157.33156    -0.1577    32.2511    1445.40  0.000e+00
     40.835   71.32994 -157.33156    -0.1578    32.2511    1445.40  0.000e+00
     40.835   71.32994 -157.33156    -0.1578    32.2519    1445.40  0.000e+00
     40.882   71.32994 -157.33156    -0.1574    32.2511    1445.40  0.000e+00
     40.835   71.32994 -157.33156    -0.1575    32.2509    1445.40  0.000e+00
     40.889   71.32994 -157.33156    -0.1575    32.2509    1445.40  0.000e+00
     40.951   71.32994 -157.33156    -0.1578    32.2508    1445.40  0.000e+00
     40.943   71.32994 -157.33156    -0.1581    32.2499    1445.40  0.000e+00
     40.889   71.32994 -157.33156    -0.1587    32.2511    1445.39  0.000e+00
     40.951   71.32994 -157.33156    -0.1589    32.2507    1445.39  0.000e+00
     41.005   71.32994 -157.33156    -0.1589    32.2501    1445.39  0.000e+00
     40.997   71.32994 -157.33156    -0.1595    32.2505    1445.39  0.000e+00
     40.951   71.32994 -157.33156    -0.1600    32.2502    1445.39  0.000e+00
     41.067   71.32994 -157.33156    -0.1606    32.2505    1445.39  0.000e+00
     41.005   71.32994 -157.33156    -0.1614    32.2509    1445.38  0.000e+00
     41.005   71.32994 -157.33156    -0.1621    32.2510    1445.38  0.000e+00
     41.059   71.32994 -157.33156    -0.1620    32.2508    1445.38  0.000e+00
     41.067   71.32994 -157.33156    -0.1624    32.2505    1445.38  0.000e+00
     41.067   71.32994 -157.33156    -0.1623    32.2504    1445.38  0.000e+00
     41.121   71.32994 -157.33156    -0.1627    32.2515    1445.38  0.000e+00
     41.113   71.32994 -157.33156    -0.1624    32.2508    1445.38  0.000e+00
     41.067   71.32994 -157.33156    -0.1627    32.2505    1445.38  0.000e+00
     41.121   71.32996 -157.33156    -0.1629    32.2501    1445.38  0.000e+00
     41.121   71.32996 -157.33156    -0.1635    32.2506    1445.38  0.000e+00
     41.113   71.32996 -157.33156    -0.1639    32.2510    1445.37  0.000e+00
     41.121   71.32996 -157.33156    -0.1641    32.2508    1445.37  0.000e+00
     41.183   71.32996 -157.33156    -0.1640    32.2504    1445.37  0.000e+00
     41.183   71.32996 -157.33156    -0.1643    32.2508    1445.37  0.000e+00
     41.175   71.32996 -157.33156    -0.1643    32.2508    1445.37  0.000e+00
     41.121   71.32996 -157.33156    -0.1645    32.2511    1445.37  0.000e+00
     41.183   71.32996 -157.33156    -0.1644    32.2505    1445.37  0.000e+00
     41.183   71.32996 -157.33156    -0.1648    32.2508    1445.37  0.000e+00
     41.229   71.32996 -157.33156    -0.1648    32.2502    1445.37  0.000e+00
     41.237   71.32996 -157.33156    -0.1650    32.2502    1445.37  0.000e+00
     41.183   71.32996 -157.33156    -0.1654    32.2505    1445.37  0.000e+00
     41.237   71.32996 -157.33156    -0.1662    32.2507    1445.36  0.000e+00
     41.229   71.32996 -157.33156    -0.1664    32.2501    1445.36  0.000e+00
     41.237   71.32996 -157.33156    -0.1666    32.2501    1445.36  0.000e+00
     41.237   71.32996 -157.33156    -0.1669    32.2501    1445.36  0.000e+00
     41.291   71.32996 -157.33156    -0.1666    32.2502    1445.36  0.000e+00
     41.283   71.32996 -157.33156    -0.1671    32.2506    1445.36  0.000e+00
     41.291   71.32996 -157.33156    -0.1672    32.2507    1445.36  0.000e+00
     41.291   71.32996 -157.33156    -0.1672    32.2507    1445.36  0.000e+00
     41.237   71.32996 -157.33156    -0.1670    32.2509    1445.36  0.000e+00
     41.345   71.32996 -157.33156    -0.1666    32.2515    1445.37  0.000e+00
     41.352   71.32996 -157.33156    -0.1662    32.2508    1445.37  0.000e+00
     41.291   71.32996 -157.33154    -0.1660    32.2503    1445.37  0.000e+00
     41.352   71.32996 -157.33154    -0.1662    32.2500    1445.37  0.000e+00
     41.399   71.32996 -157.33154    -0.1663    32.2493    1445.37  0.000e+00
     41.352   71.32996 -157.33154    -0.1666    32.2492    1445.36  0.000e+00
     41.406   71.32996 -157.33154    -0.1668    32.2496    1445.36  0.000e+00
     41.352   71.32996 -157.33154    -0.1672    32.2498    1445.36  0.000e+00
     41.345   71.32996 -157.33154    -0.1672    32.2498    1445.36  0.000e+00
     41.522   71.32996 -157.33154    -0.1674    32.2499    1445.36  0.000e+00
     41.406   71.32996 -157.33154    -0.1675    32.2501    1445.36  0.000e+00
     41.468   71.32996 -157.33154    -0.1672    32.2498    1445.36  0.000e+00
     41.468   71.32996 -157.33154    -0.1680    32.2499    1445.36  0.000e+00
     41.514   71.32996 -157.33154    -0.1688    32.2494    1445.36  0.000e+00
     41.468   71.32996 -157.33154    -0.1706    32.2497    1445.35  0.000e+00
     41.522   71.32996 -157.33154    -0.1712    32.2502    1445.35  0.000e+00
     41.522   71.32996 -157.33154    -0.1719    32.2500    1445.34  0.000e+00
     41.576   71.32996 -157.33154    -0.1728    32.2498    1445.34  0.000e+00
     41.584   71.32996 -157.33154    -0.1740    32.2499    1445.33  0.000e+00
     41.584   71.32996 -157.33154    -0.1752    32.2506    1445.33  0.000e+00
     41.584   71.32996 -157.33154    -0.1761    32.2510    1445.32  0.000e+00
     41.684   71.32996 -157.33154    -0.1768    32.2517    1445.32  0.000e+00
     41.638   71.32996 -157.33154    -0.1769    32.2517    1445.32  0.000e+00
     41.638   71.32996 -157.33154    -0.1779    32.2514    1445.32  0.000e+00
     41.692   71.32996 -157.33154    -0.1791    32.2513    1445.31  0.000e+00
     41.746   71.32996 -157.33154    -0.1803    32.2512    1445.31  0.000e+00
     41.692   71.32996 -157.33154    -0.1814    32.2518    1445.30  0.000e+00
     41.753   71.32996 -157.33154    -0.1820    32.2524    1445.30  0.000e+00
     41.807   71.32996 -157.33154    -0.1826    32.2524    1445.30  0.000e+00
     41.807   71.32996 -157.33154    -0.1832    32.2526    1445.30  0.000e+00
     41.800   71.32996 -157.33154    -0.1837    32.2527    1445.30  0.000e+00
     41.869   71.32996 -157.33154    -0.1840    32.2530    1445.30  0.000e+00
     41.869   71.32996 -157.33154    -0.1845    32.2535    1445.29  0.000e+00
     41.869   71.32996 -157.33154    -0.1849    32.2530    1445.29  0.000e+00
     41.915   71.32996 -157.33154    -0.1854    32.2537    1445.29  0.000e+00
     41.923   71.32996 -157.33154    -0.1856    32.2529    1445.29  0.000e+00
     41.985   71.32996 -157.33154    -0.1862    32.2532    1445.29  0.000e+00
     41.985   71.32996 -157.33154    -0.1870    32.2526    1445.28  0.000e+00
     41.977   71.32996 -157.33154    -0.1879    32.2521    1445.28  0.000e+00
     42.093   71.32996 -157.33154    -0.1893    32.2520    1445.27  0.000e+00
     42.093   71.32996 -157.33154    -0.1907    32.2526    1445.27  0.000e+00
     42.093   71.32996 -157.33154    -0.1923    32.2529    1445.26  0.000e+00
     42.093   71.32996 -157.33154    -0.1941    32.2535    1445.25  0.000e+00
     42.201   71.32996 -157.33154    -0.1960    32.2542    1445.25  0.000e+00
     42.155   71.32996 -157.33154    -0.1977    32.2541    1445.24  0.000e+00
     42.209   71.32996 -157.33154    -0.1999    32.2545    1445.23  0.000e+00
     42.209   71.32996 -157.33154    -0.2022    32.2549    1445.22  0.000e+00
     42.263   71.32996 -157.33154    -0.2050    32.2557    1445.21  0.000e+00
     42.270   71.32996 -157.33154    -0.2086    32.2565    1445.19  0.000e+00
     42.324   71.32996 -157.33154    -0.2118    32.2577    1445.18  0.000e+00
     42.324   71.32994 -157.33154    -0.2144    32.2587    1445.17  0.000e+00
     42.386   71.32994 -157.33154    -0.2164    32.2595    1445.16  0.000e+00
     42.378   71.32994 -157.33154    -0.2195    32.2606    1445.15  0.000e+00
     42.440   71.32994 -157.33154    -0.2229    32.2609    1445.13  0.000e+00
     42.440   71.32994 -157.33154    -0.2261    32.2619    1445.12  0.000e+00
     42.494   71.32994 -157.33154    -0.2281    32.2631    1445.11  0.000e+00
     42.494   71.32994 -157.33154    -0.2301    32.2638    1445.11  0.000e+00
     42.486   71.32994 -157.33154    -0.2320    32.2641    1445.10  0.000e+00
     42.556   71.32994 -157.33154    -0.2344    32.2644    1445.09  0.000e+00
     42.610   71.32994 -157.33154    -0.2365    32.2646    1445.08  0.000e+00
     42.610   71.32994 -157.33154    -0.2387    32.2649    1445.07  0.000e+00
     42.664   71.32994 -157.33154    -0.2410    32.2653    1445.06  0.000e+00
     42.671   71.32994 -157.33154    -0.2424    32.2659    1445.05  0.000e+00
     42.671   71.32994 -157.33154    -0.2441    32.2662    1445.05  0.000e+00
     42.725   71.32994 -157.33154    -0.2456    32.2665    1445.04  0.000e+00
     42.779   71.32994 -157.33154    -0.2472    32.2670    1445.04  0.000e+00
     42.779   71.32994 -157.33154    -0.2487    32.2671    1445.03  0.000e+00
