EcoFOCI/data/1_SampleCollection/2023_SikuliaqDBO_CruiseData/CTD_raw_BottleFile_SKQ23-12S/proc/skq202312s_084.cnv
* Sea-Bird SBE 9 Data File:
* FileName = D:\CTD\SKQ202312S\SKQ202312S_084.hex
* Software Version Seasave V 7.26.7.121
* Temperature SN = 6177
* Conductivity SN = 0369
* Number of Bytes Per Scan = 41
* Number of Voltage Words = 4
* Number of Scans Averaged by the Deck Unit = 1
* NMEA Latitude = 65 37.11 N
* NMEA Longitude = 168 09.13 W
* NMEA UTC (Time) = Oct 03 2023  11:55:16
* NMEA baud rate = 4800
** Ship: R/V Sikuliaq
** Station Number: 084
** Station Name: BS1
** Bottom Depth: 28
** Operator: SD
# nquan = 24
# nvalues = 5332                                  
# units = specified
# name 0 = depSM: Depth [salt water, m]
# name 1 = latitude: Latitude [deg]
# name 2 = longitude: Longitude [deg]
# name 3 = prDM: Pressure, Digiquartz [db]
# name 4 = t090C: Temperature [ITS-90, deg C]
# name 5 = t190C: Temperature, 2 [ITS-90, deg C]
# name 6 = potemp090C: Potential Temperature [ITS-90, deg C]
# name 7 = sal00: Salinity, Practical [PSU]
# name 8 = sal11: Salinity, Practical, 2 [PSU]
# name 9 = density00: Density [density, kg/m^3]
# name 10 = sigma-é00: Density [sigma-theta, kg/m^3]
# name 11 = sbox0Mm/Kg: Oxygen, SBE 43 [umol/kg]
# name 12 = sbox1Mm/Kg: Oxygen, SBE 43, 2 [umol/kg]
# name 13 = oxsolMm/Kg: Oxygen Saturation, Garcia & Gordon [umol/kg]
# name 14 = sbeox0PS: Oxygen, SBE 43 [% saturation]
# name 15 = sbeox1PS: Oxygen, SBE 43, 2 [% saturation]
# name 16 = v0: Voltage 0
# name 17 = flECO-AFL: Fluorescence, WET Labs ECO-AFL/FL [mg/m^3]
# name 18 = v1: Voltage 1
# name 19 = CStarAt0: Beam Attenuation, WET Labs C-Star [1/m]
# name 20 = par: PAR/Irradiance, Biospherical/Licor
# name 21 = scan: Scan Count
# name 22 = timeM: Time, Elapsed [minutes]
# name 23 = flag:  0.000e+00
# span 0 =      1.898,     23.896                 
# span 1 =   65.61820,   65.61824                 
# span 2 = -168.15362, -168.15330                 
# span 3 =      1.917,     24.135                 
# span 4 =     3.5396,     6.5815                 
# span 5 =     3.5427,     6.5726                 
# span 6 =     3.5382,     6.5810                 
# span 7 =    28.4930,    32.4703                 
# span 8 =    28.5079,    32.4770                 
# span 9 =  1022.4684,  1025.9302                 
# span 10 =    22.4577,    25.8181                
# span 11 =    253.623,    289.336                
# span 12 =    244.295,    276.806                
# span 13 =  305.08159,  324.47944                
# span 14 =     82.628,     91.268                
# span 15 =     79.151,     87.327                
# span 16 =     0.1233,     0.3553                
# span 17 =     0.3919,     1.7839                
# span 18 =     1.5067,     3.8034                
# span 19 =     0.8573,     4.5631                
# span 20 = 1.0000e-12, 3.7063e-01                
# span 21 =          1,       5332                
# span 22 =     0.0000,     3.7021                
# span 23 = 0.0000e+00, 0.0000e+00                
# interval = seconds: 0.0416667
# start_time = Oct 03 2023 11:58:52 [NMEA time, first data scan]
# bad_flag = -9.990e-29
*END*
[from data line 484]
      3.016   65.61822 -168.15332      3.046     5.6284     5.6306     5.6282    28.6323    28.6287  1022.5802    22.5660    287.392    275.489  317.54818     90.503     86.757     0.3248     1.6007     1.5702     4.3979 6.6343e-02        485     0.3361  0.000e+00
      3.016   65.61822 -168.15332      3.046     5.6299     5.6311     5.6297    28.6336    28.6295  1022.5811    22.5669    287.571    275.635  317.53372     90.564     86.805     0.3260     1.6080     1.5702     4.3979 7.7041e-02        486     0.3368  0.000e+00
      3.016   65.61822 -168.15332      3.046     5.6311     5.6329     5.6309    28.6426    28.6348  1022.5880    22.5738    287.266    275.596  317.50329     90.477     86.800     0.3272     1.6154     1.5702     4.3979 7.8698e-02        487     0.3375  0.000e+00
      3.016   65.61822 -168.15332      3.046     5.6332     5.6339     5.6329    28.6498    28.6412  1022.5935    22.5793    287.224    275.377  317.47080     90.473     86.737     0.3321     1.6447     1.5690     4.4010 7.1617e-02        488     0.3382  0.000e+00
      3.016   65.61822 -168.15332      3.046     5.6351     5.6367     5.6348    28.6532    28.6465  1022.5959    22.5817    287.367    275.312  317.44862     90.524     86.726     0.3333     1.6520     1.5690     4.4010 6.6864e-02        489     0.3389  0.000e+00
      3.078   65.61822 -168.15332      3.108     5.6371     5.6399     5.6369    28.6556    28.6530  1022.5979    22.5835    287.135    275.244  317.42736     90.457     86.715     0.3346     1.6593     1.5702     4.3979 6.6343e-02        490     0.3396  0.000e+00
      3.016   65.61822 -168.15332      3.046     5.6389     5.6415     5.6387    28.6504    28.6582  1022.5934    22.5792    287.092    275.186  317.42606     90.444     86.703     0.3346     1.6593     1.5678     4.4041 6.4790e-02        491     0.3403  0.000e+00
      3.078   65.61822 -168.15332      3.108     5.6392     5.6426     5.6390    28.6385    28.6594  1022.5842    22.5697    287.519    275.143  317.45177     90.571     86.693     0.3333     1.6520     1.5592     4.4260 6.3762e-02        492     0.3410  0.000e+00
      3.078   65.61822 -168.15332      3.108     5.6385     5.6432     5.6382    28.6266    28.6594  1022.5749    22.5604    287.165    275.105  317.48576     90.450     86.682     0.3346     1.6593     1.5556     4.4354 6.2739e-02        493     0.3417  0.000e+00
      3.078   65.61822 -168.15332      3.108     5.6371     5.6432     5.6369    28.6172    28.6592  1022.5676    22.5532    287.394    274.887  317.51785     90.513     86.613     0.3333     1.6520     1.5556     4.4354 6.2739e-02        494     0.3424  0.000e+00
      3.078   65.61822 -168.15332      3.108     5.6356     5.6437     5.6354    28.6188    28.6604  1022.5690    22.5545    286.990    275.032  317.52586     90.383     86.661     0.3333     1.6520     1.5568     4.4323 6.2230e-02        495     0.3431  0.000e+00
      3.132   65.61822 -168.15332      3.163     5.6340     5.6448     5.6338    28.6234    28.6633  1022.5731    22.5584    287.401    275.008  317.52688     90.512     86.657     0.3321     1.6447     1.5568     4.4323 6.1722e-02        496     0.3438  0.000e+00
      3.078   65.61822 -168.15332      3.108     5.6329     5.6451     5.6327    28.6326    28.6639  1022.5802    22.5657    287.184    274.991  317.51336     90.448     86.653     0.3346     1.6593     1.5568     4.4323 6.0711e-02        497     0.3444  0.000e+00
      3.132   65.61822 -168.15332      3.163     5.6330     5.6409     5.6328    28.6435    28.6538  1022.5890    22.5743    287.165    275.032  317.48694     90.449     86.651     0.3321     1.6447     1.5568     4.4323 5.8706e-02        498     0.3451  0.000e+00
      3.132   65.61822 -168.15332      3.163     5.6346     5.6364     5.6344    28.6447    28.6409  1022.5899    22.5751    287.155    275.080  317.47200     90.450     86.648     0.3333     1.6520     1.5568     4.4323 5.8208e-02        499     0.3458  0.000e+00
      3.155   65.61822 -168.15332      3.186     5.6359     5.6345     5.6357    28.6436    28.6347  1022.5889    22.5741    287.329    275.098  317.46502     90.507     86.646     0.3346     1.6593     1.5568     4.4323 5.5740e-02        500     0.3465  0.000e+00
      3.132   65.61822 -168.15332      3.163     5.6370     5.6356     5.6367    28.6473    28.6374  1022.5916    22.5769    286.941    275.075  317.44821     90.390     86.643     0.3333     1.6520     1.5568     4.4323 4.7603e-02        501     0.3472  0.000e+00
      3.193   65.61822 -168.15332      3.225     5.6386     5.6378     5.6384    28.6526    28.6453  1022.5959    22.5809    287.278    275.037  317.42326     90.503     86.641     0.3346     1.6593     1.5568     4.4323 4.5283e-02        502     0.3479  0.000e+00
      3.247   65.61822 -168.15332      3.280     5.6402     5.6388     5.6400    28.6541    28.6498  1022.5972    22.5819    286.898    275.016  317.40770     90.388     86.639     0.3333     1.6520     1.5568     4.4323 4.6207e-02        503     0.3486  0.000e+00
      3.193   65.61822 -168.15332      3.225     5.6408     5.6391     5.6406    28.6494    28.6498  1022.5932    22.5782    287.294    275.005  317.41412     90.511     86.636     0.3333     1.6520     1.5568     4.4323 5.2342e-02        504     0.3493  0.000e+00
      3.193   65.61822 -168.15332      3.225     5.6410     5.6394     5.6407    28.6399    28.6486  1022.5856    22.5706    286.951    274.816  317.43551     90.397     86.576     0.3333     1.6520     1.5568     4.4323 5.5251e-02        505     0.3500  0.000e+00
      3.247   65.61822 -168.15332      3.280     5.6405     5.6385     5.6403    28.6376    28.6468  1022.5841    22.5689    286.952    274.989  317.44434     90.394     86.628     0.3333     1.6520     1.5568     4.4323 5.4762e-02        506     0.3507  0.000e+00
      3.247   65.61822 -168.15332      3.280     5.6404     5.6396     5.6401    28.6459    28.6467  1022.5907    22.5754    287.306    274.978  317.42602     90.511     86.627     0.3346     1.6593     1.5568     4.4323 4.6207e-02        507     0.3514  0.000e+00
      3.247   65.61822 -168.15332      3.280     5.6411     5.6406     5.6409    28.6535    28.6492  1022.5966    22.5813    286.725    274.964  317.40225     90.335     86.626     0.3333     1.6520     1.5568     4.4323 4.2089e-02        508     0.3521  0.000e+00
      3.247   65.61822 -168.15332      3.280     5.6421     5.6418     5.6419    28.6517    28.6517  1022.5951    22.5799    287.068    274.765  317.39899     90.444     86.567     0.3346     1.6593     1.5568     4.4323 4.1638e-02        509     0.3528  0.000e+00
      3.301   65.61822 -168.15332      3.334     5.6426     5.6442     5.6423    28.6440    28.6558  1022.5892    22.5737    287.112    274.926  317.41379     90.454     86.625     0.3333     1.6520     1.5568     4.4323 2.5402e-02        510     0.3535  0.000e+00
      3.301   65.61822 -168.15332      3.334     5.6424     5.6455     5.6422    28.6416    28.6592  1022.5874    22.5718    286.916    274.911  317.42052     90.390     86.625     0.3346     1.6593     1.5556     4.4354 1.5627e-02        511     0.3542  0.000e+00
      3.301   65.61822 -168.15332      3.334     5.6421     5.6453     5.6419    28.6500    28.6590  1022.5940    22.5785    287.078    274.915  317.40314     90.446     86.626     0.3333     1.6520     1.5531     4.4417 1.4500e-02        512     0.3549  0.000e+00
      3.301   65.61822 -168.15332      3.334     5.6427     5.6466     5.6425    28.6637    28.6612  1022.6047    22.5892    286.846    274.925  317.36625     90.383     86.633     0.3370     1.6740     1.5519     4.4448 1.9455e-02        513     0.3556  0.000e+00
      3.363   65.61822 -168.15332      3.396     5.6447     5.6486     5.6444    28.6744    28.6674  1022.6133    22.5974    286.992    274.721  317.32640     90.441     86.577     0.3382     1.6813     1.5519     4.4448 2.3791e-02        514     0.3563  0.000e+00
      3.363   65.61822 -168.15332      3.396     5.6466     5.6497     5.6463    28.6767    28.6718  1022.6149    22.5991    286.981    274.691  317.30654     90.443     86.573     0.3394     1.6886     1.5519     4.4448 2.4594e-02        515     0.3569  0.000e+00
      3.363   65.61822 -168.15332      3.396     5.6485     5.6503     5.6483    28.6777    28.6723  1022.6155    22.5997    286.974    274.675  317.28946     90.446     86.569     0.3394     1.6886     1.5519     4.4448 2.2199e-02        516     0.3576  0.000e+00
      3.363   65.61822 -168.15332      3.396     5.6499     5.6500     5.6497    28.6803    28.6696  1022.6174    22.6016    286.969    274.673  317.27286     90.449     86.566     0.3382     1.6813     1.5519     4.4448 1.9455e-02        517     0.3583  0.000e+00
      3.417   65.61822 -168.15332      3.451     5.6513     5.6478     5.6511    28.6782    28.6646  1022.6158    22.5998    286.804    274.713  317.26711     90.398     86.571     0.3394     1.6886     1.5519     4.4448 1.9067e-02        518     0.3590  0.000e+00
      3.363   65.61822 -168.15332      3.396     5.6523     5.6470     5.6521    28.6764    28.6601  1022.6140    22.5982    286.989    274.740  317.26406     90.457     86.575     0.3382     1.6813     1.5519     4.4448 1.8295e-02        519     0.3597  0.000e+00
      3.479   65.61822 -168.15332      3.513     5.6530     5.6472     5.6527    28.6798    28.6603  1022.6172    22.6008    286.998    274.739  317.25095     90.464     86.576     0.3394     1.6886     1.5519     4.4448 1.7145e-02        520     0.3604  0.000e+00
      3.417   65.61822 -168.15332      3.451     5.6541     5.6475     5.6538    28.6809    28.6634  1022.6176    22.6016    286.596    274.727  317.24034     90.340     86.574     0.3382     1.6813     1.5519     4.4448 1.6764e-02        521     0.3611  0.000e+00
      3.417   65.61822 -168.15332      3.451     5.6545     5.6492     5.6543    28.6803    28.6684  1022.6171    22.6011    286.964    274.888  317.23821     90.457     86.632     0.3382     1.6813     1.5519     4.4448 1.3754e-02        522     0.3618  0.000e+00
      3.479   65.61822 -168.15332      3.513     5.6547     5.6513     5.6544    28.6834    28.6740  1022.6199    22.6035    286.778    274.700  317.22968     90.401     86.580     0.3394     1.6886     1.5519     4.4448 5.8152e-03        523     0.3625  0.000e+00
      3.533   65.61822 -168.15332      3.568     5.6550     5.6527     5.6547    28.6889    28.6779  1022.6244    22.6078    286.966    274.686  317.21458     90.464     86.582     0.3382     1.6813     1.5519     4.4448 3.3905e-03        524     0.3632  0.000e+00
      3.479   65.61822 -168.15332      3.513     5.6561     5.6532     5.6558    28.6929    28.6796  1022.6272    22.6108    286.944    274.682  317.19699     90.462     86.582     0.3394     1.6886     1.5519     4.4448 5.8152e-03        525     0.3639  0.000e+00
      3.502   65.61822 -168.15332      3.537     5.6571     5.6540     5.6568    28.6882    28.6796  1022.6235    22.6070    286.770    274.682  317.20029     90.407     86.584     0.3382     1.6813     1.5519     4.4448 1.6005e-02        526     0.3646  0.000e+00
      3.533   65.61822 -168.15332      3.568     5.6579     5.6555     5.6576    28.6832    28.6833  1022.6196    22.6030    287.183    274.672  317.20621     90.535     86.586     0.3394     1.6886     1.5519     4.4448 2.0233e-02        527     0.3653  0.000e+00
      3.533   65.61822 -168.15332      3.568     5.6577     5.6581     5.6574    28.6857    28.6894  1022.6216    22.6050    286.800    274.833  317.20152     90.416     86.646     0.3382     1.6813     1.5519     4.4448 1.9455e-02        528     0.3660  0.000e+00
      3.533   65.61822 -168.15332      3.568     5.6583     5.6584     5.6580    28.6912    28.6900  1022.6259    22.6093    286.989    274.675  317.18427     90.480     86.597     0.3394     1.6886     1.5519     4.4448 1.4126e-02        529     0.3667  0.000e+00
      3.594   65.61822 -168.15332      3.630     5.6587     5.6587     5.6584    28.6942    28.6901  1022.6285    22.6116    286.810    274.686  317.17415     90.427     86.602     0.3382     1.6813     1.5519     4.4448 1.1540e-02        530     0.3674  0.000e+00
      3.594   65.61822 -168.15332      3.630     5.6597     5.6616     5.6594    28.6975    28.6967  1022.6310    22.6141    286.973    274.664  317.15897     90.483     86.605     0.3382     1.6813     1.5519     4.4448 6.5167e-03        531     0.3681  0.000e+00
      3.533   65.61822 -168.15332      3.568     5.6604     5.6635     5.6602    28.7066    28.7044  1022.6379    22.6212    286.980    274.628  317.13175     90.492     86.602     0.3394     1.6886     1.5861     4.3576 6.7730e-04        532     0.3688  0.000e+00
      3.594   65.61822 -168.15332      3.630     5.6620     5.6630     5.6618    28.7119    28.7041  1022.6421    22.6252    286.994    274.629  317.10737     90.504     86.601     0.3382     1.6813     1.6117     4.2934 1.0000e-12        533     0.3694  0.000e+00
      3.648   65.61822 -168.15332      3.685     5.6636     5.6613     5.6633    28.7105    28.6974  1022.6411    22.6240    286.994    274.653  317.09902     90.506     86.601     0.3382     1.6813     1.6166     4.2813 1.3499e-03        534     0.3701  0.000e+00
      3.594   65.61822 -168.15332      3.630     5.6647     5.6586     5.6645    28.7053    28.6910  1022.6366    22.6197    287.031    274.700  317.10250     90.517     86.606     0.3382     1.6813     1.6142     4.2874 9.0035e-03        535     0.3708  0.000e+00
      3.702   65.61822 -168.15332      3.739     5.6646     5.6578     5.6643    28.6938    28.6886  1022.6281    22.6107    287.068    274.733  317.13063     90.520     86.613     0.3394     1.6886     1.6129     4.2904 1.2274e-02        536     0.3715  0.000e+00
      3.648   65.61822 -168.15332      3.685     5.6641     5.6573     5.6639    28.6756    28.6887  1022.6135    22.5964    287.115    274.734  317.17697     90.522     86.613     0.3370     1.6740     1.6129     4.2904 6.1655e-03        537     0.3722  0.000e+00
      3.648   65.61822 -168.15332      3.685     5.6616     5.6570     5.6613    28.6536    28.6889  1022.5964    22.5793    287.220    274.737  317.24808     90.535     86.613     0.3370     1.6740     1.6129     4.2904 3.4241e-04        538     0.3729  0.000e+00
      3.702   65.61822 -168.15332      3.739     5.6580     5.6575     5.6577    28.6506    28.6905  1022.5947    22.5772    286.857    274.734  317.28228     90.411     86.614     0.3333     1.6520     1.6129     4.2904 1.0000e-12        539     0.3736  0.000e+00
      3.648   65.61822 -168.15332      3.685     5.6558     5.6587     5.6555    28.6728    28.6937  1022.6122    22.5950    287.183    274.535  317.24619     90.524     86.556     0.3297     1.6300     1.6129     4.2904 1.0000e-12        540     0.3743  0.000e+00
      3.764   65.61822 -168.15332      3.801     5.6563     5.6586     5.6560    28.6855    28.6934  1022.6227    22.6050    287.229    274.526  317.21276     90.548     86.553     0.3309     1.6373     1.6117     4.2934 1.0000e-12        541     0.3750  0.000e+00
      3.702   65.61822 -168.15332      3.739     5.6569     5.6569     5.6567    28.6814    28.6879  1022.6191    22.6017    287.244    274.717  317.21745     90.551     86.606     0.3297     1.6300     1.6129     4.2904 8.4714e-06        542     0.3757  0.000e+00
      3.702   65.61822 -168.15332      3.739     5.6566     5.6552     5.6564    28.6664    28.6830  1022.6073    22.5899    287.119    274.725  317.25500     90.501     86.602     0.3309     1.6373     1.6129     4.2904 1.0000e-12        543     0.3764  0.000e+00
