EcoFOCI/data/1_SampleCollection/2023_SikuliaqDBO_CruiseData/CTD_raw_BottleFile_SKQ23-12S/proc/skq202312s_070.cnv
* Sea-Bird SBE 9 Data File:
* FileName = D:\CTD\SKQ202312S\SKQ202312S_070.hex
* Software Version Seasave V 7.26.7.121
* Temperature SN = 6177
* Conductivity SN = 0369
* Number of Bytes Per Scan = 41
* Number of Voltage Words = 4
* Number of Scans Averaged by the Deck Unit = 1
* NMEA Latitude = 67 53.89 N
* NMEA Longitude = 168 14.05 W
* NMEA UTC (Time) = Sep 30 2023  04:20:28
* NMEA baud rate = 4800
** Ship: R/V Sikuliaq
** Station Number: 070
** Station Name: DBO3.6
** Bottom Depth: 50
** Operator: SD
# nquan = 24
# nvalues = 5805                                  
# units = specified
# name 0 = depSM: Depth [salt water, m]
# name 1 = latitude: Latitude [deg]
# name 2 = longitude: Longitude [deg]
# name 3 = prDM: Pressure, Digiquartz [db]
# name 4 = t090C: Temperature [ITS-90, deg C]
# name 5 = t190C: Temperature, 2 [ITS-90, deg C]
# name 6 = potemp090C: Potential Temperature [ITS-90, deg C]
# name 7 = sal00: Salinity, Practical [PSU]
# name 8 = sal11: Salinity, Practical, 2 [PSU]
# name 9 = density00: Density [density, kg/m^3]
# name 10 = sigma-é00: Density [sigma-theta, kg/m^3]
# name 11 = sbox0Mm/Kg: Oxygen, SBE 43 [umol/kg]
# name 12 = sbox1Mm/Kg: Oxygen, SBE 43, 2 [umol/kg]
# name 13 = oxsolMm/Kg: Oxygen Saturation, Garcia & Gordon [umol/kg]
# name 14 = sbeox0PS: Oxygen, SBE 43 [% saturation]
# name 15 = sbeox1PS: Oxygen, SBE 43, 2 [% saturation]
# name 16 = v0: Voltage 0
# name 17 = flECO-AFL: Fluorescence, WET Labs ECO-AFL/FL [mg/m^3]
# name 18 = v1: Voltage 1
# name 19 = CStarAt0: Beam Attenuation, WET Labs C-Star [1/m]
# name 20 = par: PAR/Irradiance, Biospherical/Licor
# name 21 = scan: Scan Count
# name 22 = timeM: Time, Elapsed [minutes]
# name 23 = flag:  0.000e+00
# span 0 =      3.017,     53.217                 
# span 1 =   67.89816,   67.89818                 
# span 2 = -168.23388, -168.23360                 
# span 3 =      3.047,     53.762                 
# span 4 =     2.8533,     6.1063                 
# span 5 =     2.8540,     6.1106                 
# span 6 =     2.8514,     6.1052                 
# span 7 =    27.4081,    32.4348                 
# span 8 =    27.4257,    32.4459                 
# span 9 =  1021.7815,  1026.0946                 
# span 10 =    21.7633,    25.8428                
# span 11 =    212.609,    332.027                
# span 12 =    203.443,    316.542                
# span 13 =  312.93920,  334.60675                
# span 14 =     64.562,    101.542                
# span 15 =     61.785,     97.739                
# span 16 =     0.0745,     0.4176                
# span 17 =     0.0989,     2.1575                
# span 18 =     1.9878,     4.1709                
# span 19 =     0.4882,     3.4540                
# span 20 = 1.0000e-12, 1.2859e+01                
# span 21 =          1,       5805                
# span 22 =     0.0000,     4.0306                
# span 23 = 0.0000e+00, 0.0000e+00                
# interval = seconds: 0.0416667
# start_time = Sep 30 2023 04:23:19 [NMEA time, first data scan]
# bad_flag = -9.990e-29
*END*
[from data line 3261]
     44.698   67.89816 -168.23364     45.155     2.9962     2.9944     2.9936    32.4125    32.4264  1026.0325    25.8205    223.140    212.827  328.98036     67.828     64.697     0.0940     0.2161     2.3956     2.7071 8.4714e-06       3262     2.2646  0.000e+00
     44.698   67.89816 -168.23364     45.155     2.9958     2.9942     2.9933    32.4130    32.4267  1026.0330    25.8210    223.187    212.859  328.98196     67.842     64.706     0.0952     0.2234     2.3956     2.7071 8.4714e-06       3263     2.2653  0.000e+00
     44.752   67.89816 -168.23364     45.209     2.9951     2.9939     2.9925    32.4134    32.4267  1026.0336    25.8213    223.212    212.679  328.98714     67.848     64.651     0.0940     0.2161     2.3956     2.7071 1.0000e-12       3264     2.2660  0.000e+00
     44.698   67.89816 -168.23364     45.155     2.9952     2.9942     2.9926    32.4130    32.4264  1026.0330    25.8210    223.238    212.670  328.98727     67.856     64.649     0.0952     0.2234     2.3956     2.7071 8.4714e-06       3265     2.2667  0.000e+00
     44.752   67.89816 -168.23364     45.209     2.9946     2.9945     2.9920    32.4134    32.4263  1026.0336    25.8214    223.279    212.669  328.99095     67.868     64.649     0.0940     0.2161     2.3956     2.7071 1.0000e-12       3266     2.2674  0.000e+00
     44.752   67.89816 -168.23364     45.209     2.9946     2.9942     2.9920    32.4133    32.4269  1026.0335    25.8213    223.325    212.674  328.99135     67.882     64.650     0.0952     0.2234     2.3956     2.7071 1.0000e-12       3267     2.2681  0.000e+00
     44.752   67.89816 -168.23364     45.209     2.9943     2.9942     2.9918    32.4139    32.4265  1026.0340    25.8218    223.343    212.683  328.99205     67.887     64.653     0.0940     0.2161     2.3956     2.7071 1.0000e-12       3268     2.2687  0.000e+00
     44.814   67.89816 -168.23364     45.271     2.9946     2.9937     2.9920    32.4140    32.4266  1026.0344    25.8218    223.368    212.701  328.98963     67.895     64.657     0.0940     0.2161     2.3956     2.7071 8.4714e-06       3269     2.2694  0.000e+00
     44.752   67.89816 -168.23364     45.209     2.9945     2.9941     2.9919    32.4141    32.4264  1026.0342    25.8219    223.399    212.715  328.99015     67.905     64.662     0.0940     0.2161     2.3956     2.7071 8.4714e-06       3270     2.2701  0.000e+00
     44.814   67.89816 -168.23364     45.271     2.9946     2.9945     2.9920    32.4138    32.4262  1026.0342    25.8217    223.440    212.738  328.99003     67.917     64.670     0.0940     0.2161     2.3956     2.7071 8.4714e-06       3271     2.2708  0.000e+00
     44.814   67.89816 -168.23364     45.271     2.9948     2.9944     2.9922    32.4135    32.4260  1026.0340    25.8214    223.487    212.766  328.98943     67.931     64.678     0.0928     0.2088     2.3956     2.7071 1.0000e-12       3272     2.2715  0.000e+00
     44.814   67.89816 -168.23364     45.271     2.9946     2.9934     2.9920    32.4137    32.4265  1026.0342    25.8216    223.542    212.804  328.99023     67.948     64.688     0.0952     0.2234     2.3956     2.7071 8.4714e-06       3273     2.2722  0.000e+00
     44.814   67.89816 -168.23364     45.271     2.9948     2.9938     2.9922    32.4139    32.4264  1026.0342    25.8217    223.784    212.814  328.98863     68.022     64.692     0.0952     0.2234     2.3956     2.7071 1.0000e-12       3274     2.2729  0.000e+00
     44.868   67.89816 -168.23364     45.326     2.9948     2.9942     2.9922    32.4140    32.4260  1026.0346    25.8218    223.631    212.831  328.98820     67.975     64.698     0.0940     0.2161     2.4005     2.6990 1.0000e-12       3275     2.2736  0.000e+00
     44.868   67.89816 -168.23364     45.326     2.9948     2.9943     2.9922    32.4137    32.4259  1026.0344    25.8216    223.449    212.656  328.98900     67.920     64.645     0.0940     0.2161     2.4066     2.6888 8.4714e-06       3276     2.2743  0.000e+00
     44.868   67.89816 -168.23364     45.326     2.9943     2.9945     2.9917    32.4131    32.4256  1026.0340    25.8212    223.678    212.658  328.99431     67.989     64.645     0.0940     0.2161     2.4078     2.6868 1.0000e-12       3277     2.2750  0.000e+00
     44.868   67.89816 -168.23364     45.326     2.9938     2.9939     2.9913    32.4129    32.4262  1026.0339    25.8210    223.511    212.645  328.99832     67.937     64.641     0.0952     0.2234     2.4078     2.6868 1.0000e-12       3278     2.2757  0.000e+00
     44.930   67.89816 -168.23364     45.388     2.9931     2.9938     2.9906    32.4130    32.4267  1026.0342    25.8211    223.830    212.634  329.00391     68.033     64.637     0.0940     0.2161     2.4066     2.6888 8.4714e-06       3279     2.2764  0.000e+00
     44.868   67.89816 -168.23364     45.326     2.9923     2.9928     2.9897    32.4137    32.4268  1026.0346    25.8218    223.897    212.825  329.00894     68.052     64.694     0.0940     0.2161     2.4066     2.6888 1.0000e-12       3280     2.2771  0.000e+00
     44.930   67.89816 -168.23364     45.388     2.9919     2.9916     2.9893    32.4135    32.4270  1026.0347    25.8216    223.753    212.850  329.01263     68.007     64.700     0.0940     0.2161     2.4066     2.6888 8.4714e-06       3281     2.2778  0.000e+00
     44.976   67.89816 -168.23364     45.435     2.9915     2.9919     2.9889    32.4136    32.4267  1026.0351    25.8218    223.763    212.894  329.01580     68.010     64.713     0.0940     0.2161     2.4066     2.6888 1.0000e-12       3282     2.2785  0.000e+00
     44.930   67.89816 -168.23364     45.388     2.9910     2.9939     2.9884    32.4140    32.4255  1026.0353    25.8221    223.776    212.907  329.01915     68.013     64.720     0.0928     0.2088     2.4066     2.6888 1.0000e-12       3283     2.2792  0.000e+00
     44.930   67.89816 -168.23364     45.388     2.9905     2.9952     2.9880    32.4143    32.4256  1026.0355    25.8224    223.796    212.926  329.02185     68.018     64.728     0.0940     0.2161     2.4078     2.6868 1.0000e-12       3284     2.2799  0.000e+00
     44.984   67.89816 -168.23364     45.443     2.9901     2.9957     2.9876    32.4145    32.4258  1026.0360    25.8226    223.823    212.734  329.02443     68.026     64.670     0.0952     0.2234     2.4066     2.6888 8.4714e-06       3285     2.2806  0.000e+00
     44.983   67.89816 -168.23364     45.443     2.9899     2.9952     2.9874    32.4148    32.4260  1026.0362    25.8229    224.071    212.723  329.02543     68.102     64.666     0.0940     0.2161     2.4078     2.6868 1.0000e-12       3286     2.2813  0.000e+00
     45.037   67.89816 -168.23364     45.497     2.9898     2.9945     2.9873    32.4154    32.4263  1026.0370    25.8234    223.886    212.716  329.02470     68.045     64.663     0.0952     0.2234     2.4066     2.6888 8.4714e-06       3287     2.2819  0.000e+00
     45.037   67.89816 -168.23364     45.497     2.9896     2.9939     2.9870    32.4153    32.4263  1026.0369    25.8233    223.889    212.735  329.02671     68.046     64.668     0.0952     0.2234     2.4066     2.6888 1.0000e-12       3288     2.2826  0.000e+00
     45.037   67.89816 -168.23364     45.497     2.9896     2.9934     2.9870    32.4154    32.4269  1026.0370    25.8234    223.895    212.756  329.02651     68.048     64.674     0.0977     0.2381     2.4066     2.6888 8.4714e-06       3289     2.2833  0.000e+00
     45.037   67.89816 -168.23364     45.497     2.9895     2.9927     2.9869    32.4156    32.4271  1026.0372    25.8236    223.906    212.782  329.02681     68.051     64.681     0.0977     0.2381     2.4066     2.6888 1.0000e-12       3290     2.2840  0.000e+00
     45.099   67.89816 -168.23364     45.560     2.9896     2.9920     2.9870    32.4154    32.4269  1026.0373    25.8234    223.922    212.815  329.02649     68.056     64.690     0.0965     0.2308     2.4066     2.6888 8.4714e-06       3291     2.2847  0.000e+00
     45.099   67.89816 -168.23364     45.560     2.9895     2.9919     2.9869    32.4158    32.4270  1026.0376    25.8237    224.159    212.627  329.02649     68.128     64.632     0.0965     0.2308     2.4078     2.6868 8.4714e-06       3292     2.2854  0.000e+00
     45.099   67.89816 -168.23364     45.560     2.9896     2.9916     2.9870    32.4157    32.4274  1026.0375    25.8236    223.998    212.811  329.02579     68.079     64.688     0.0977     0.2381     2.4066     2.6888 8.4714e-06       3293     2.2861  0.000e+00
     45.153   67.89816 -168.23364     45.614     2.9897     2.9917     2.9871    32.4155    32.4270  1026.0376    25.8234    224.026    212.630  329.02596     68.088     64.633     0.0965     0.2308     2.4078     2.6868 1.0000e-12       3294     2.2868  0.000e+00
     45.153   67.89816 -168.23364     45.614     2.9896     2.9916     2.9870    32.4156    32.4273  1026.0377    25.8235    223.838    212.625  329.02606     68.031     64.631     0.0965     0.2308     2.4017     2.6969 8.4714e-06       3295     2.2875  0.000e+00
     45.215   67.89816 -168.23364     45.676     2.9898     2.9914     2.9872    32.4155    32.4273  1026.0379    25.8234    224.022    212.626  329.02464     68.087     64.631     0.0977     0.2381     2.3871     2.7214 1.0000e-12       3296     2.2882  0.000e+00
     45.207   67.89816 -168.23364     45.669     2.9899     2.9912     2.9874    32.4154    32.4274  1026.0378    25.8233    223.806    212.628  329.02393     68.021     64.632     0.0965     0.2308     2.3822     2.7296 8.4714e-06       3297     2.2889  0.000e+00
     45.215   67.89816 -168.23364     45.676     2.9901     2.9912     2.9876    32.4155    32.4272  1026.0379    25.8234    223.813    212.635  329.02183     68.024     64.634     0.0977     0.2381     2.3822     2.7296 8.4714e-06       3298     2.2896  0.000e+00
     45.269   67.89816 -168.23364     45.731     2.9899     2.9909     2.9873    32.4157    32.4273  1026.0383    25.8236    223.794    212.647  329.02321     68.018     64.637     0.0965     0.2308     2.3834     2.7276 8.4714e-06       3299     2.2903  0.000e+00
     45.269   67.89816 -168.23364     45.731     2.9903     2.9912     2.9877    32.4150    32.4270  1026.0377    25.8230    223.812    212.855  329.02190     68.023     64.701     0.0977     0.2381     2.3834     2.7276 1.0000e-12       3300     2.2910  0.000e+00
     45.269   67.89816 -168.23364     45.731     2.9901     2.9913     2.9875    32.4156    32.4275  1026.0382    25.8235    223.837    212.674  329.02211     68.031     64.646     0.0965     0.2308     2.3834     2.7276 1.0000e-12       3301     2.2917  0.000e+00
     45.331   67.89816 -168.23364     45.793     2.9898     2.9911     2.9872    32.4155    32.4276  1026.0385    25.8235    223.835    212.672  329.02449     68.030     64.645     0.0977     0.2381     2.3834     2.7276 1.0000e-12       3302     2.2924  0.000e+00
     45.385   67.89816 -168.23364     45.848     2.9899     2.9912     2.9873    32.4151    32.4275  1026.0383    25.8231    223.835    212.670  329.02477     68.030     64.645     0.0965     0.2308     2.3834     2.7276 8.4714e-06       3303     2.2931  0.000e+00
     45.330   67.89816 -168.23364     45.793     2.9898     2.9909     2.9872    32.4154    32.4275  1026.0383    25.8233    223.837    212.671  329.02489     68.030     64.645     0.0977     0.2381     2.3834     2.7276 1.0000e-12       3304     2.2938  0.000e+00
     45.438   67.89816 -168.23364     45.902     2.9896     2.9911     2.9870    32.4162    32.4271  1026.0395    25.8240    223.847    212.678  329.02454     68.034     64.647     0.0965     0.2308     2.3834     2.7276 1.0000e-12       3305     2.2944  0.000e+00
     45.438   67.89816 -168.23364     45.902     2.9897     2.9907     2.9871    32.4158    32.4274  1026.0392    25.8236    223.896    212.686  329.02524     68.048     64.649     0.0977     0.2381     2.3834     2.7276 8.4714e-06       3306     2.2951  0.000e+00
     45.438   67.89816 -168.23364     45.902     2.9899     2.9911     2.9873    32.4159    32.4275  1026.0392    25.8237    223.912    212.498  329.02273     68.054     64.592     0.0977     0.2381     2.3834     2.7276 8.4714e-06       3307     2.2958  0.000e+00
     45.500   67.89816 -168.23364     45.965     2.9901     2.9909     2.9875    32.4159    32.4279  1026.0395    25.8237    223.897    212.686  329.02101     68.050     64.649     0.0965     0.2308     2.3846     2.7255 8.4714e-06       3308     2.2965  0.000e+00
     45.500   67.89816 -168.23364     45.965     2.9905     2.9909     2.9879    32.4155    32.4274  1026.0392    25.8233    223.884    212.703  329.01901     68.046     64.654     0.0977     0.2381     2.3834     2.7276 1.0000e-12       3309     2.2972  0.000e+00
     45.500   67.89816 -168.23364     45.965     2.9903     2.9909     2.9877    32.4157    32.4275  1026.0394    25.8236    223.658    212.722  329.02011     67.977     64.660     0.0965     0.2308     2.3834     2.7276 1.0000e-12       3310     2.2979  0.000e+00
     45.554   67.89816 -168.23364     46.019     2.9907     2.9911     2.9881    32.4153    32.4274  1026.0392    25.8232    223.618    212.549  329.01818     67.965     64.608     0.0977     0.2381     2.3834     2.7276 1.0000e-12       3311     2.2986  0.000e+00
     45.616   67.89816 -168.23364     46.082     2.9908     2.9914     2.9882    32.4147    32.4270  1026.0391    25.8227    223.585    212.552  329.01866     67.955     64.609     0.0965     0.2308     2.3834     2.7276 1.0000e-12       3312     2.2993  0.000e+00
     45.670   67.89816 -168.23364     46.136     2.9905     2.9914     2.9879    32.4146    32.4273  1026.0393    25.8227    223.558    212.536  329.02114     67.946     64.604     0.0965     0.2308     2.3834     2.7276 8.4714e-06       3313     2.3000  0.000e+00
     45.616   67.89816 -168.23364     46.082     2.9903     2.9911     2.9877    32.4147    32.4274  1026.0391    25.8228    223.531    212.522  329.02257     67.938     64.599     0.0952     0.2234     2.3834     2.7276 8.4714e-06       3314     2.3007  0.000e+00
     45.732   67.89816 -168.23364     46.199     2.9904     2.9911     2.9878    32.4146    32.4271  1026.0396    25.8227    223.512    212.515  329.02202     67.932     64.597     0.0952     0.2234     2.3785     2.7358 8.4714e-06       3315     2.3014  0.000e+00
     45.670   67.89816 -168.23364     46.136     2.9900     2.9904     2.9874    32.4148    32.4277  1026.0395    25.8229    223.494    212.507  329.02494     67.926     64.594     0.0952     0.2234     2.3553     2.7750 1.0000e-12       3316     2.3021  0.000e+00
     45.786   67.89816 -168.23364     46.253     2.9899     2.9903     2.9873    32.4148    32.4272  1026.0400    25.8228    223.485    212.506  329.02550     67.923     64.593     0.0952     0.2234     2.3455     2.7916 8.4714e-06       3317     2.3028  0.000e+00
     45.786   67.89816 -168.23364     46.253     2.9897     2.9901     2.9871    32.4144    32.4274  1026.0397    25.8225    223.479    212.504  329.02871     67.921     64.592     0.0965     0.2308     2.3455     2.7916 1.0000e-12       3318     2.3035  0.000e+00
     45.840   67.89816 -168.23364     46.308     2.9893     2.9901     2.9867    32.4144    32.4275  1026.0400    25.8226    223.260    212.505  329.03179     67.854     64.593     0.0952     0.2234     2.3468     2.7895 1.0000e-12       3319     2.3042  0.000e+00
     45.840   67.89816 -168.23364     46.308     2.9892     2.9905     2.9866    32.4146    32.4277  1026.0402    25.8227    223.226    212.506  329.03169     67.843     64.594     0.0965     0.2308     2.3468     2.7895 8.4714e-06       3320     2.3049  0.000e+00
