EcoFOCI/data/1_SampleCollection/2023_SikuliaqDBO_CruiseData/CTD_raw_BottleFile_SKQ23-12S/proc/skq202312s_027svp.cnv
* Sea-Bird SBE 9 Data File:
* FileName = D:\CTD\SKQ202312S\SKQ202312S_027.hex
* Software Version Seasave V 7.26.7.121
* Temperature SN = 6177
* Conductivity SN = 0369
* Number of Bytes Per Scan = 41
* Number of Voltage Words = 4
* Number of Scans Averaged by the Deck Unit = 1
* NMEA Latitude = 71 19.80 N
* NMEA Longitude = 157 19.91 W
* NMEA UTC (Time) = Sep 21 2023  01:08:33
* NMEA baud rate = 4800
** Ship: R/V Sikuliaq
** Station Number: 027
** Station Name: DBO5.3
** Bottom Depth: 91
** Operator: SD
# nquan = 7
# nvalues = 6715                                  
# units = specified
# name 0 = depSM: Depth [salt water, m]
# name 1 = latitude: Latitude [deg]
# name 2 = longitude: Longitude [deg]
# name 3 = t090C: Temperature [ITS-90, deg C]
# name 4 = sal00: Salinity, Practical [PSU]
# name 5 = svCM: Sound Velocity [Chen-Millero, m/s]
# name 6 = flag:  0.000e+00
# span 0 =      2.076,     85.515                 
# span 1 =   71.32992,   71.33000                 
# span 2 = -157.33170, -157.33124                 
# span 3 =    -1.2074,     4.8666                 
# span 4 =    30.1071,    32.4541                 
# span 5 =    1441.46,    1464.52                 
# span 6 = 0.0000e+00, 0.0000e+00                 
# interval = seconds: 0.0416667
# start_time = Sep 21 2023 01:12:36 [NMEA time, first data scan]
# bad_flag = -9.990e-29
*END*
[from data line 2872]
     34.696   71.32994 -157.33158     0.3663    32.1478    1447.58  0.000e+00
     34.704   71.32994 -157.33158     0.3577    32.1494    1447.54  0.000e+00
     34.765   71.32994 -157.33158     0.3494    32.1522    1447.51  0.000e+00
     34.750   71.32994 -157.33158     0.3432    32.1542    1447.48  0.000e+00
     34.765   71.32994 -157.33158     0.3375    32.1546    1447.45  0.000e+00
     34.819   71.32994 -157.33158     0.3313    32.1556    1447.43  0.000e+00
     34.812   71.32994 -157.33158     0.3256    32.1565    1447.40  0.000e+00
     34.819   71.32994 -157.33158     0.3218    32.1568    1447.39  0.000e+00
     34.866   71.32994 -157.33158     0.3176    32.1584    1447.37  0.000e+00
     34.881   71.32994 -157.33158     0.3137    32.1602    1447.36  0.000e+00
     34.881   71.32994 -157.33156     0.3102    32.1613    1447.34  0.000e+00
     34.927   71.32994 -157.33156     0.3074    32.1619    1447.33  0.000e+00
     34.935   71.32994 -157.33156     0.3048    32.1625    1447.32  0.000e+00
     34.997   71.32994 -157.33156     0.3029    32.1625    1447.31  0.000e+00
     34.981   71.32994 -157.33156     0.3011    32.1628    1447.30  0.000e+00
     34.997   71.32994 -157.33156     0.2996    32.1634    1447.30  0.000e+00
     34.981   71.32994 -157.33156     0.2985    32.1635    1447.29  0.000e+00
     35.051   71.32994 -157.33156     0.2978    32.1633    1447.29  0.000e+00
     35.051   71.32994 -157.33156     0.2970    32.1645    1447.29  0.000e+00
     35.035   71.32994 -157.33156     0.2970    32.1654    1447.29  0.000e+00
     35.105   71.32994 -157.33156     0.2978    32.1654    1447.29  0.000e+00
     35.051   71.32994 -157.33156     0.2982    32.1652    1447.29  0.000e+00
     35.151   71.32994 -157.33156     0.2990    32.1643    1447.30  0.000e+00
     35.105   71.32994 -157.33156     0.2992    32.1639    1447.30  0.000e+00
     35.151   71.32994 -157.33156     0.2985    32.1628    1447.29  0.000e+00
     35.166   71.32994 -157.33156     0.2976    32.1619    1447.29  0.000e+00
     35.166   71.32994 -157.33156     0.2966    32.1623    1447.28  0.000e+00
     35.213   71.32994 -157.33156     0.2958    32.1627    1447.28  0.000e+00
     35.220   71.32994 -157.33156     0.2958    32.1627    1447.28  0.000e+00
     35.220   71.32994 -157.33156     0.2959    32.1625    1447.28  0.000e+00
     35.212   71.32994 -157.33156     0.2956    32.1627    1447.28  0.000e+00
     35.220   71.32994 -157.33156     0.2952    32.1622    1447.28  0.000e+00
     35.328   71.32994 -157.33156     0.2948    32.1610    1447.28  0.000e+00
     35.220   71.32996 -157.33156     0.2942    32.1611    1447.27  0.000e+00
     35.282   71.32996 -157.33156     0.2935    32.1607    1447.27  0.000e+00
     35.266   71.32996 -157.33156     0.2926    32.1608    1447.27  0.000e+00
     35.336   71.32996 -157.33156     0.2916    32.1610    1447.26  0.000e+00
     35.336   71.32996 -157.33156     0.2912    32.1610    1447.26  0.000e+00
     35.266   71.32996 -157.33156     0.2904    32.1612    1447.26  0.000e+00
     35.336   71.32996 -157.33156     0.2902    32.1612    1447.26  0.000e+00
     35.398   71.32996 -157.33156     0.2902    32.1603    1447.26  0.000e+00
     35.328   71.32996 -157.33156     0.2900    32.1602    1447.25  0.000e+00
     35.398   71.32996 -157.33156     0.2895    32.1604    1447.25  0.000e+00
     35.382   71.32996 -157.33156     0.2894    32.1600    1447.25  0.000e+00
     35.336   71.32996 -157.33156     0.2889    32.1594    1447.25  0.000e+00
     35.452   71.32996 -157.33156     0.2870    32.1597    1447.24  0.000e+00
     35.382   71.32996 -157.33156     0.2848    32.1605    1447.23  0.000e+00
     35.452   71.32996 -157.33156     0.2839    32.1609    1447.23  0.000e+00
     35.398   71.32996 -157.33156     0.2833    32.1610    1447.23  0.000e+00
     35.436   71.32996 -157.33156     0.2825    32.1609    1447.22  0.000e+00
     35.452   71.32996 -157.33156     0.2816    32.1607    1447.22  0.000e+00
     35.382   71.32996 -157.33156     0.2802    32.1604    1447.21  0.000e+00
     35.506   71.32996 -157.33156     0.2788    32.1604    1447.21  0.000e+00
     35.452   71.32996 -157.33156     0.2771    32.1615    1447.20  0.000e+00
     35.498   71.32996 -157.33156     0.2768    32.1620    1447.20  0.000e+00
     35.452   71.32996 -157.33156     0.2768    32.1622    1447.20  0.000e+00
     35.452   71.32996 -157.33156     0.2767    32.1621    1447.20  0.000e+00
     35.552   71.32994 -157.33156     0.2767    32.1627    1447.20  0.000e+00
     35.452   71.32994 -157.33156     0.2770    32.1624    1447.20  0.000e+00
     35.567   71.32994 -157.33156     0.2765    32.1621    1447.20  0.000e+00
     35.498   71.32994 -157.33156     0.2763    32.1614    1447.20  0.000e+00
     35.506   71.32994 -157.33156     0.2759    32.1614    1447.19  0.000e+00
     35.552   71.32994 -157.33156     0.2751    32.1620    1447.19  0.000e+00
     35.567   71.32994 -157.33156     0.2747    32.1618    1447.19  0.000e+00
     35.506   71.32994 -157.33156     0.2743    32.1618    1447.19  0.000e+00
     35.614   71.32994 -157.33156     0.2739    32.1612    1447.19  0.000e+00
     35.567   71.32994 -157.33156     0.2734    32.1611    1447.18  0.000e+00
     35.567   71.32994 -157.33156     0.2731    32.1606    1447.18  0.000e+00
     35.613   71.32994 -157.33156     0.2727    32.1602    1447.18  0.000e+00
     35.567   71.32994 -157.33156     0.2717    32.1607    1447.17  0.000e+00
     35.621   71.32994 -157.33156     0.2708    32.1616    1447.17  0.000e+00
     35.613   71.32994 -157.33156     0.2703    32.1622    1447.17  0.000e+00
     35.621   71.32994 -157.33156     0.2695    32.1626    1447.17  0.000e+00
     35.729   71.32994 -157.33156     0.2692    32.1623    1447.17  0.000e+00
     35.567   71.32994 -157.33156     0.2691    32.1622    1447.16  0.000e+00
     35.683   71.32994 -157.33156     0.2688    32.1624    1447.17  0.000e+00
     35.667   71.32994 -157.33156     0.2685    32.1622    1447.16  0.000e+00
     35.737   71.32994 -157.33156     0.2674    32.1619    1447.16  0.000e+00
     35.683   71.32994 -157.33156     0.2667    32.1623    1447.16  0.000e+00
     35.729   71.32994 -157.33156     0.2666    32.1614    1447.15  0.000e+00
     35.737   71.32994 -157.33156     0.2662    32.1612    1447.15  0.000e+00
     35.737   71.32994 -157.33156     0.2653    32.1612    1447.15  0.000e+00
     35.837   71.32994 -157.33156     0.2645    32.1614    1447.15  0.000e+00
     35.791   71.32994 -157.33156     0.2635    32.1621    1447.14  0.000e+00
     35.791   71.32994 -157.33156     0.2629    32.1622    1447.14  0.000e+00
     35.783   71.32994 -157.33156     0.2622    32.1621    1447.14  0.000e+00
     35.853   71.32994 -157.33156     0.2616    32.1624    1447.13  0.000e+00
     35.899   71.32994 -157.33156     0.2607    32.1624    1447.13  0.000e+00
     35.853   71.32994 -157.33156     0.2602    32.1627    1447.13  0.000e+00
     35.968   71.32994 -157.33156     0.2598    32.1623    1447.13  0.000e+00
     35.899   71.32994 -157.33156     0.2592    32.1629    1447.13  0.000e+00
     35.968   71.32994 -157.33156     0.2587    32.1626    1447.12  0.000e+00
     35.968   71.32994 -157.33156     0.2582    32.1622    1447.12  0.000e+00
     36.015   71.32994 -157.33156     0.2570    32.1624    1447.12  0.000e+00
     36.022   71.32994 -157.33156     0.2560    32.1625    1447.11  0.000e+00
     36.022   71.32994 -157.33156     0.2555    32.1614    1447.11  0.000e+00
     36.068   71.32994 -157.33156     0.2546    32.1618    1447.11  0.000e+00
     36.084   71.32994 -157.33156     0.2536    32.1611    1447.10  0.000e+00
     36.138   71.32994 -157.33156     0.2516    32.1608    1447.09  0.000e+00
     36.130   71.32994 -157.33156     0.2495    32.1607    1447.08  0.000e+00
     36.192   71.32994 -157.33156     0.2477    32.1607    1447.07  0.000e+00
     36.192   71.32994 -157.33156     0.2452    32.1610    1447.06  0.000e+00
     36.238   71.32994 -157.33156     0.2432    32.1618    1447.06  0.000e+00
     36.254   71.32994 -157.33156     0.2424    32.1617    1447.05  0.000e+00
     36.238   71.32994 -157.33156     0.2410    32.1628    1447.05  0.000e+00
     36.369   71.32994 -157.33158     0.2404    32.1631    1447.05  0.000e+00
     36.369   71.32994 -157.33158     0.2401    32.1635    1447.05  0.000e+00
     36.354   71.32994 -157.33158     0.2393    32.1629    1447.04  0.000e+00
     36.423   71.32994 -157.33158     0.2382    32.1625    1447.04  0.000e+00
     36.423   71.32994 -157.33158     0.2373    32.1622    1447.03  0.000e+00
     36.531   71.32994 -157.33158     0.2349    32.1612    1447.02  0.000e+00
     36.539   71.32994 -157.33158     0.2305    32.1600    1447.00  0.000e+00
     36.539   71.32994 -157.33158     0.2251    32.1601    1446.98  0.000e+00
     36.585   71.32994 -157.33158     0.2189    32.1600    1446.95  0.000e+00
     36.593   71.32994 -157.33158     0.2124    32.1604    1446.92  0.000e+00
     36.655   71.32994 -157.33158     0.2051    32.1615    1446.89  0.000e+00
     36.701   71.32994 -157.33158     0.1977    32.1640    1446.86  0.000e+00
     36.709   71.32994 -157.33158     0.1928    32.1656    1446.84  0.000e+00
     36.770   71.32994 -157.33158     0.1853    32.1659    1446.80  0.000e+00
     36.755   71.32994 -157.33158     0.1725    32.1667    1446.75  0.000e+00
     36.886   71.32994 -157.33158     0.1580    32.1684    1446.68  0.000e+00
     36.824   71.32994 -157.33158     0.1450    32.1733    1446.63  0.000e+00
     36.932   71.32994 -157.33158     0.1344    32.1777    1446.59  0.000e+00
     36.940   71.32994 -157.33158     0.1253    32.1825    1446.55  0.000e+00
     36.994   71.32994 -157.33158     0.1180    32.1866    1446.52  0.000e+00
     36.986   71.32994 -157.33158     0.1120    32.1900    1446.50  0.000e+00
     37.056   71.32994 -157.33158     0.1061    32.1931    1446.48  0.000e+00
     37.110   71.32994 -157.33158     0.0999    32.1962    1446.46  0.000e+00
     37.102   71.32994 -157.33158     0.0948    32.1997    1446.44  0.000e+00
     37.171   71.32994 -157.33158     0.0902    32.2017    1446.42  0.000e+00
     37.171   71.32994 -157.33158     0.0862    32.2030    1446.40  0.000e+00
     37.272   71.32994 -157.33158     0.0825    32.2042    1446.39  0.000e+00
     37.225   71.32994 -157.33158     0.0790    32.2056    1446.37  0.000e+00
     37.341   71.32994 -157.33158     0.0755    32.2067    1446.36  0.000e+00
     37.333   71.32994 -157.33158     0.0712    32.2085    1446.34  0.000e+00
     37.341   71.32994 -157.33158     0.0667    32.2103    1446.33  0.000e+00
     37.395   71.32994 -157.33158     0.0630    32.2118    1446.31  0.000e+00
     37.503   71.32994 -157.33158     0.0598    32.2126    1446.30  0.000e+00
     37.457   71.32994 -157.33158     0.0571    32.2141    1446.29  0.000e+00
     37.511   71.32994 -157.33158     0.0546    32.2152    1446.28  0.000e+00
     37.557   71.32994 -157.33158     0.0527    32.2155    1446.27  0.000e+00
     37.573   71.32994 -157.33158     0.0507    32.2157    1446.26  0.000e+00
     37.627   71.32994 -157.33158     0.0477    32.2161    1446.25  0.000e+00
     37.627   71.32994 -157.33158     0.0442    32.2169    1446.23  0.000e+00
     37.673   71.32994 -157.33158     0.0409    32.2182    1446.22  0.000e+00
     37.742   71.32994 -157.33158     0.0385    32.2183    1446.21  0.000e+00
     37.742   71.32994 -157.33158     0.0357    32.2187    1446.20  0.000e+00
     37.789   71.32994 -157.33158     0.0331    32.2196    1446.19  0.000e+00
     37.742   71.32994 -157.33158     0.0313    32.2199    1446.18  0.000e+00
     37.858   71.32994 -157.33158     0.0291    32.2199    1446.17  0.000e+00
     37.904   71.32994 -157.33158     0.0270    32.2201    1446.16  0.000e+00
     37.858   71.32994 -157.33158     0.0253    32.2211    1446.16  0.000e+00
     37.912   71.32994 -157.33158     0.0244    32.2212    1446.15  0.000e+00
     37.958   71.32994 -157.33156     0.0234    32.2209    1446.15  0.000e+00
     37.912   71.32994 -157.33156     0.0212    32.2209    1446.14  0.000e+00
     38.028   71.32994 -157.33156     0.0194    32.2203    1446.13  0.000e+00
     38.020   71.32994 -157.33156     0.0170    32.2199    1446.12  0.000e+00
     38.028   71.32994 -157.33156     0.0139    32.2205    1446.11  0.000e+00
     38.089   71.32994 -157.33156     0.0107    32.2223    1446.09  0.000e+00
     38.074   71.32994 -157.33156     0.0089    32.2224    1446.09  0.000e+00
     38.089   71.32994 -157.33156     0.0065    32.2227    1446.08  0.000e+00
     38.089   71.32994 -157.33156     0.0042    32.2229    1446.07  0.000e+00
     38.143   71.32994 -157.33156     0.0024    32.2237    1446.06  0.000e+00
     38.190   71.32994 -157.33156     0.0010    32.2244    1446.05  0.000e+00
     38.197   71.32994 -157.33156     0.0003    32.2245    1446.05  0.000e+00
     38.197   71.32994 -157.33156    -0.0005    32.2253    1446.05  0.000e+00
     38.190   71.32994 -157.33156    -0.0007    32.2255    1446.05  0.000e+00
     38.259   71.32994 -157.33156    -0.0012    32.2246    1446.05  0.000e+00
     38.197   71.32994 -157.33156    -0.0020    32.2246    1446.04  0.000e+00
     38.305   71.32994 -157.33156    -0.0026    32.2244    1446.04  0.000e+00
     38.259   71.32994 -157.33156    -0.0030    32.2242    1446.04  0.000e+00
     38.313   71.32994 -157.33156    -0.0043    32.2243    1446.03  0.000e+00
     38.251   71.32994 -157.33156    -0.0049    32.2242    1446.03  0.000e+00
     38.313   71.32994 -157.33156    -0.0057    32.2242    1446.03  0.000e+00
     38.375   71.32994 -157.33156    -0.0068    32.2245    1446.02  0.000e+00
     38.313   71.32994 -157.33156    -0.0078    32.2243    1446.02  0.000e+00
     38.305   71.32994 -157.33156    -0.0093    32.2243    1446.01  0.000e+00
     38.375   71.32996 -157.33156    -0.0105    32.2251    1446.01  0.000e+00
     38.375   71.32996 -157.33156    -0.0110    32.2250    1446.00  0.000e+00
     38.421   71.32996 -157.33156    -0.0120    32.2260    1446.00  0.000e+00
     38.375   71.32996 -157.33156    -0.0132    32.2269    1446.00  0.000e+00
     38.375   71.32996 -157.33156    -0.0139    32.2264    1445.99  0.000e+00
     38.421   71.32996 -157.33156    -0.0148    32.2264    1445.99  0.000e+00
     38.429   71.32996 -157.33156    -0.0156    32.2255    1445.98  0.000e+00
     38.375   71.32996 -157.33156    -0.0183    32.2263    1445.97  0.000e+00
     38.429   71.32996 -157.33156    -0.0209    32.2268    1445.96  0.000e+00
     38.421   71.32996 -157.33156    -0.0224    32.2270    1445.95  0.000e+00
     38.429   71.32996 -157.33156    -0.0241    32.2264    1445.94  0.000e+00
     38.429   71.32996 -157.33156    -0.0256    32.2264    1445.94  0.000e+00
     38.475   71.32996 -157.33156    -0.0259    32.2257    1445.94  0.000e+00
     38.429   71.32996 -157.33156    -0.0273    32.2272    1445.93  0.000e+00
     38.483   71.32996 -157.33156    -0.0284    32.2289    1445.93  0.000e+00
     38.475   71.32996 -157.33156    -0.0286    32.2311    1445.93  0.000e+00
     38.429   71.32996 -157.33156    -0.0272    32.2340    1445.94  0.000e+00
     38.483   71.32996 -157.33156    -0.0229    32.2351    1445.96  0.000e+00
     38.483   71.32996 -157.33156    -0.0169    32.2339    1445.99  0.000e+00
     38.475   71.32996 -157.33156    -0.0133    32.2335    1446.01  0.000e+00
     38.483   71.32996 -157.33156    -0.0109    32.2342    1446.02  0.000e+00
     38.483   71.32996 -157.33156    -0.0046    32.2298    1446.04  0.000e+00
     38.475   71.32996 -157.33156     0.0019    32.2253    1446.06  0.000e+00
     38.483   71.32996 -157.33156     0.0070    32.2229    1446.08  0.000e+00
     38.544   71.32996 -157.33156     0.0106    32.2214    1446.10  0.000e+00
     38.475   71.32996 -157.33156     0.0128    32.2209    1446.11  0.000e+00
     38.483   71.32996 -157.33156     0.0139    32.2195    1446.11  0.000e+00
