EcoFOCI/data/1_SampleCollection/2023_SikuliaqDBO_CruiseData/CTD_raw_BottleFile_SKQ23-12S/proc/skq202312s_044svp.cnv
* Sea-Bird SBE 9 Data File:
* FileName = D:\CTD\SKQ202312S\SKQ202312S_044.hex
* Software Version Seasave V 7.26.7.121
* Temperature SN = 6177
* Conductivity SN = 0369
* Number of Bytes Per Scan = 41
* Number of Voltage Words = 4
* Number of Scans Averaged by the Deck Unit = 1
* NMEA Latitude = 71 35.18 N
* NMEA Longitude = 161 23.69 W
* NMEA UTC (Time) = Sep 24 2023  08:13:31
* NMEA baud rate = 4800
** Ship: R/V Sikuliaq
** Station Number: 044
** Station Name: DBO4.4n
** Bottom Depth: 47
** Operator: SS
# nquan = 7
# nvalues = 5956                                  
# units = specified
# name 0 = depSM: Depth [salt water, m]
# name 1 = latitude: Latitude [deg]
# name 2 = longitude: Longitude [deg]
# name 3 = t090C: Temperature [ITS-90, deg C]
# name 4 = sal00: Salinity, Practical [PSU]
# name 5 = svCM: Sound Velocity [Chen-Millero, m/s]
# name 6 = flag:  0.000e+00
# span 0 =      2.237,     42.100                 
# span 1 =   71.58606,   71.58618                 
# span 2 = -161.39586, -161.39548                 
# span 3 =    -1.5499,     2.4597                 
# span 4 =    27.0614,    32.5734                 
# span 5 =    1439.01,    1452.35                 
# span 6 = 0.0000e+00, 0.0000e+00                 
# interval = seconds: 0.0416667
# start_time = Sep 24 2023 08:17:11 [NMEA time, first data scan]
# bad_flag = -9.990e-29
*END*
[from data line 5744]
     41.869   71.58606 -161.39584    -1.5455    32.5694    1439.30  0.000e+00
     41.815   71.58606 -161.39584    -1.5457    32.5696    1439.29  0.000e+00
     41.808   71.58606 -161.39584    -1.5456    32.5697    1439.30  0.000e+00
     41.815   71.58606 -161.39584    -1.5457    32.5698    1439.29  0.000e+00
     41.815   71.58606 -161.39584    -1.5458    32.5703    1439.29  0.000e+00
     41.869   71.58606 -161.39584    -1.5459    32.5700    1439.29  0.000e+00
     41.808   71.58606 -161.39584    -1.5456    32.5694    1439.29  0.000e+00
     41.869   71.58606 -161.39584    -1.5459    32.5701    1439.29  0.000e+00
     41.815   71.58606 -161.39584    -1.5459    32.5700    1439.29  0.000e+00
     41.815   71.58606 -161.39584    -1.5458    32.5703    1439.29  0.000e+00
     41.808   71.58606 -161.39584    -1.5459    32.5701    1439.29  0.000e+00
     41.869   71.58606 -161.39584    -1.5459    32.5699    1439.29  0.000e+00
     41.815   71.58606 -161.39584    -1.5456    32.5700    1439.30  0.000e+00
     41.815   71.58606 -161.39584    -1.5455    32.5695    1439.30  0.000e+00
     41.923   71.58606 -161.39584    -1.5456    32.5699    1439.30  0.000e+00
     41.815   71.58606 -161.39584    -1.5456    32.5697    1439.30  0.000e+00
     41.815   71.58606 -161.39584    -1.5456    32.5696    1439.30  0.000e+00
     41.869   71.58606 -161.39584    -1.5455    32.5697    1439.30  0.000e+00
     41.869   71.58606 -161.39584    -1.5453    32.5698    1439.30  0.000e+00
     41.808   71.58606 -161.39584    -1.5455    32.5698    1439.30  0.000e+00
     41.869   71.58606 -161.39584    -1.5455    32.5697    1439.30  0.000e+00
     41.869   71.58606 -161.39584    -1.5453    32.5699    1439.30  0.000e+00
     41.869   71.58606 -161.39584    -1.5455    32.5701    1439.30  0.000e+00
     41.862   71.58606 -161.39584    -1.5452    32.5699    1439.30  0.000e+00
     41.869   71.58606 -161.39584    -1.5451    32.5697    1439.30  0.000e+00
     41.931   71.58606 -161.39584    -1.5451    32.5698    1439.30  0.000e+00
     41.869   71.58606 -161.39584    -1.5450    32.5700    1439.30  0.000e+00
     41.862   71.58606 -161.39584    -1.5450    32.5699    1439.30  0.000e+00
     41.931   71.58606 -161.39584    -1.5449    32.5698    1439.30  0.000e+00
     41.869   71.58606 -161.39584    -1.5448    32.5697    1439.30  0.000e+00
     41.931   71.58606 -161.39584    -1.5448    32.5694    1439.30  0.000e+00
     41.862   71.58606 -161.39584    -1.5450    32.5697    1439.30  0.000e+00
     41.931   71.58606 -161.39584    -1.5446    32.5691    1439.30  0.000e+00
     41.931   71.58606 -161.39584    -1.5447    32.5691    1439.30  0.000e+00
     41.869   71.58606 -161.39584    -1.5448    32.5691    1439.30  0.000e+00
     41.977   71.58606 -161.39584    -1.5450    32.5691    1439.30  0.000e+00
     41.931   71.58606 -161.39584    -1.5451    32.5695    1439.30  0.000e+00
     41.931   71.58606 -161.39584    -1.5451    32.5693    1439.30  0.000e+00
     41.931   71.58606 -161.39584    -1.5453    32.5693    1439.30  0.000e+00
     41.923   71.58606 -161.39584    -1.5455    32.5696    1439.30  0.000e+00
     41.931   71.58606 -161.39584    -1.5456    32.5695    1439.30  0.000e+00
     41.985   71.58606 -161.39584    -1.5457    32.5697    1439.30  0.000e+00
     41.931   71.58606 -161.39584    -1.5458    32.5697    1439.30  0.000e+00
     41.977   71.58606 -161.39584    -1.5459    32.5697    1439.30  0.000e+00
     41.931   71.58606 -161.39584    -1.5460    32.5697    1439.29  0.000e+00
     41.985   71.58606 -161.39584    -1.5462    32.5699    1439.30  0.000e+00
     41.931   71.58606 -161.39584    -1.5464    32.5699    1439.29  0.000e+00
     41.977   71.58606 -161.39584    -1.5463    32.5699    1439.29  0.000e+00
     41.985   71.58606 -161.39584    -1.5467    32.5700    1439.29  0.000e+00
     41.985   71.58606 -161.39584    -1.5465    32.5696    1439.29  0.000e+00
     41.985   71.58606 -161.39584    -1.5467    32.5700    1439.29  0.000e+00
     41.977   71.58606 -161.39584    -1.5467    32.5706    1439.29  0.000e+00
     41.985   71.58606 -161.39584    -1.5467    32.5703    1439.29  0.000e+00
     41.985   71.58606 -161.39584    -1.5468    32.5705    1439.29  0.000e+00
     41.985   71.58606 -161.39584    -1.5468    32.5704    1439.29  0.000e+00
     41.977   71.58606 -161.39584    -1.5465    32.5703    1439.29  0.000e+00
     41.985   71.58606 -161.39584    -1.5467    32.5701    1439.29  0.000e+00
     41.985   71.58606 -161.39584    -1.5466    32.5699    1439.29  0.000e+00
     42.039   71.58606 -161.39584    -1.5464    32.5700    1439.30  0.000e+00
     41.923   71.58606 -161.39584    -1.5464    32.5699    1439.29  0.000e+00
     42.039   71.58606 -161.39584    -1.5464    32.5697    1439.30  0.000e+00
     41.985   71.58606 -161.39584    -1.5464    32.5700    1439.29  0.000e+00
     41.985   71.58606 -161.39584    -1.5464    32.5701    1439.29  0.000e+00
     41.985   71.58606 -161.39584    -1.5464    32.5703    1439.29  0.000e+00
     41.977   71.58606 -161.39584    -1.5465    32.5705    1439.29  0.000e+00
     42.039   71.58606 -161.39584    -1.5462    32.5699    1439.30  0.000e+00
     41.931   71.58606 -161.39584    -1.5463    32.5702    1439.29  0.000e+00
     41.985   71.58606 -161.39584    -1.5462    32.5702    1439.30  0.000e+00
     42.031   71.58606 -161.39584    -1.5462    32.5701    1439.30  0.000e+00
     41.985   71.58606 -161.39584    -1.5462    32.5702    1439.30  0.000e+00
     41.985   71.58606 -161.39584    -1.5467    32.5705    1439.29  0.000e+00
     41.985   71.58606 -161.39584    -1.5461    32.5699    1439.30  0.000e+00
     41.977   71.58606 -161.39584    -1.5460    32.5707    1439.30  0.000e+00
     41.931   71.58606 -161.39584    -1.5459    32.5701    1439.30  0.000e+00
     41.985   71.58606 -161.39584    -1.5457    32.5703    1439.30  0.000e+00
     41.985   71.58606 -161.39584    -1.5459    32.5699    1439.30  0.000e+00
     41.977   71.58606 -161.39584    -1.5459    32.5698    1439.30  0.000e+00
     41.931   71.58606 -161.39584    -1.5456    32.5693    1439.30  0.000e+00
     41.985   71.58606 -161.39584    -1.5459    32.5700    1439.30  0.000e+00
     41.931   71.58606 -161.39584    -1.5456    32.5698    1439.30  0.000e+00
     41.977   71.58606 -161.39584    -1.5457    32.5700    1439.30  0.000e+00
     41.931   71.58606 -161.39584    -1.5455    32.5697    1439.30  0.000e+00
     41.931   71.58606 -161.39584    -1.5457    32.5700    1439.30  0.000e+00
     41.931   71.58606 -161.39584    -1.5456    32.5696    1439.30  0.000e+00
     41.977   71.58606 -161.39584    -1.5455    32.5698    1439.30  0.000e+00
     41.931   71.58606 -161.39584    -1.5455    32.5705    1439.30  0.000e+00
     41.869   71.58606 -161.39584    -1.5451    32.5695    1439.30  0.000e+00
     41.931   71.58606 -161.39584    -1.5451    32.5695    1439.30  0.000e+00
     41.923   71.58606 -161.39584    -1.5451    32.5699    1439.30  0.000e+00
     41.869   71.58606 -161.39584    -1.5450    32.5698    1439.30  0.000e+00
     41.931   71.58606 -161.39584    -1.5449    32.5696    1439.30  0.000e+00
     41.931   71.58606 -161.39584    -1.5448    32.5700    1439.30  0.000e+00
     41.861   71.58606 -161.39584    -1.5448    32.5702    1439.30  0.000e+00
     41.869   71.58606 -161.39584    -1.5450    32.5702    1439.30  0.000e+00
     41.869   71.58606 -161.39584    -1.5451    32.5700    1439.30  0.000e+00
     41.869   71.58606 -161.39584    -1.5449    32.5692    1439.30  0.000e+00
     41.861   71.58606 -161.39584    -1.5453    32.5695    1439.30  0.000e+00
     41.869   71.58606 -161.39584    -1.5451    32.5695    1439.30  0.000e+00
     41.815   71.58606 -161.39584    -1.5451    32.5697    1439.30  0.000e+00
     41.869   71.58606 -161.39584    -1.5451    32.5699    1439.30  0.000e+00
     41.861   71.58606 -161.39584    -1.5449    32.5692    1439.30  0.000e+00
     41.815   71.58606 -161.39584    -1.5451    32.5692    1439.30  0.000e+00
     41.815   71.58606 -161.39584    -1.5451    32.5693    1439.30  0.000e+00
     41.815   71.58606 -161.39584    -1.5451    32.5698    1439.30  0.000e+00
     41.815   71.58606 -161.39584    -1.5447    32.5695    1439.30  0.000e+00
     41.861   71.58606 -161.39584    -1.5447    32.5696    1439.30  0.000e+00
     41.753   71.58606 -161.39584    -1.5448    32.5698    1439.30  0.000e+00
     41.815   71.58606 -161.39584    -1.5447    32.5695    1439.30  0.000e+00
     41.815   71.58606 -161.39586    -1.5447    32.5695    1439.30  0.000e+00
     41.807   71.58606 -161.39586    -1.5449    32.5695    1439.30  0.000e+00
     41.753   71.58606 -161.39586    -1.5453    32.5701    1439.30  0.000e+00
     41.815   71.58606 -161.39586    -1.5453    32.5697    1439.30  0.000e+00
     41.753   71.58606 -161.39586    -1.5455    32.5696    1439.29  0.000e+00
     41.807   71.58606 -161.39586    -1.5456    32.5696    1439.29  0.000e+00
     41.753   71.58606 -161.39586    -1.5455    32.5694    1439.29  0.000e+00
     41.753   71.58606 -161.39586    -1.5456    32.5695    1439.29  0.000e+00
     41.753   71.58606 -161.39586    -1.5457    32.5698    1439.29  0.000e+00
     41.807   71.58606 -161.39586    -1.5459    32.5700    1439.29  0.000e+00
     41.699   71.58606 -161.39586    -1.5459    32.5694    1439.29  0.000e+00
     41.815   71.58606 -161.39586    -1.5463    32.5697    1439.29  0.000e+00
     41.753   71.58606 -161.39586    -1.5459    32.5692    1439.29  0.000e+00
     41.746   71.58606 -161.39586    -1.5459    32.5693    1439.29  0.000e+00
     41.753   71.58606 -161.39586    -1.5462    32.5691    1439.29  0.000e+00
     41.699   71.58606 -161.39586    -1.5466    32.5695    1439.29  0.000e+00
     41.753   71.58606 -161.39586    -1.5462    32.5692    1439.29  0.000e+00
     41.746   71.58606 -161.39586    -1.5465    32.5698    1439.29  0.000e+00
     41.753   71.58606 -161.39586    -1.5462    32.5693    1439.29  0.000e+00
     41.753   71.58606 -161.39586    -1.5465    32.5692    1439.29  0.000e+00
     41.753   71.58606 -161.39586    -1.5464    32.5695    1439.29  0.000e+00
     41.692   71.58606 -161.39586    -1.5468    32.5697    1439.29  0.000e+00
     41.753   71.58606 -161.39586    -1.5468    32.5698    1439.29  0.000e+00
     41.753   71.58606 -161.39586    -1.5473    32.5702    1439.29  0.000e+00
     41.753   71.58606 -161.39586    -1.5471    32.5701    1439.29  0.000e+00
     41.746   71.58606 -161.39586    -1.5472    32.5698    1439.29  0.000e+00
     41.753   71.58606 -161.39586    -1.5471    32.5698    1439.29  0.000e+00
     41.699   71.58606 -161.39586    -1.5468    32.5698    1439.29  0.000e+00
     41.753   71.58606 -161.39586    -1.5470    32.5696    1439.29  0.000e+00
     41.807   71.58606 -161.39586    -1.5470    32.5696    1439.29  0.000e+00
     41.699   71.58606 -161.39586    -1.5472    32.5700    1439.29  0.000e+00
     41.815   71.58606 -161.39586    -1.5470    32.5699    1439.29  0.000e+00
     41.753   71.58606 -161.39586    -1.5471    32.5697    1439.29  0.000e+00
     41.745   71.58606 -161.39586    -1.5471    32.5698    1439.29  0.000e+00
     41.753   71.58606 -161.39586    -1.5470    32.5703    1439.29  0.000e+00
     41.815   71.58606 -161.39586    -1.5466    32.5701    1439.29  0.000e+00
     41.753   71.58606 -161.39586    -1.5462    32.5700    1439.29  0.000e+00
     41.807   71.58606 -161.39586    -1.5464    32.5700    1439.29  0.000e+00
     41.753   71.58606 -161.39586    -1.5462    32.5700    1439.29  0.000e+00
     41.815   71.58606 -161.39586    -1.5462    32.5698    1439.29  0.000e+00
     41.753   71.58606 -161.39586    -1.5463    32.5695    1439.29  0.000e+00
     41.861   71.58606 -161.39586    -1.5465    32.5695    1439.29  0.000e+00
     41.753   71.58606 -161.39586    -1.5465    32.5699    1439.29  0.000e+00
     41.815   71.58606 -161.39586    -1.5465    32.5696    1439.29  0.000e+00
     41.869   71.58606 -161.39586    -1.5467    32.5696    1439.29  0.000e+00
     41.807   71.58606 -161.39586    -1.5467    32.5692    1439.29  0.000e+00
     41.815   71.58606 -161.39586    -1.5470    32.5696    1439.29  0.000e+00
     41.869   71.58606 -161.39586    -1.5468    32.5695    1439.29  0.000e+00
     41.815   71.58606 -161.39586    -1.5470    32.5697    1439.29  0.000e+00
     41.861   71.58606 -161.39586    -1.5472    32.5704    1439.29  0.000e+00
     41.869   71.58606 -161.39586    -1.5468    32.5703    1439.29  0.000e+00
     41.815   71.58606 -161.39586    -1.5465    32.5700    1439.29  0.000e+00
     41.931   71.58606 -161.39586    -1.5465    32.5698    1439.29  0.000e+00
     41.861   71.58606 -161.39586    -1.5465    32.5702    1439.29  0.000e+00
     41.869   71.58606 -161.39586    -1.5464    32.5702    1439.29  0.000e+00
     41.869   71.58606 -161.39586    -1.5464    32.5702    1439.29  0.000e+00
     41.931   71.58606 -161.39586    -1.5465    32.5700    1439.29  0.000e+00
     41.861   71.58606 -161.39586    -1.5465    32.5696    1439.29  0.000e+00
     41.931   71.58606 -161.39586    -1.5464    32.5693    1439.29  0.000e+00
     41.931   71.58606 -161.39586    -1.5467    32.5694    1439.29  0.000e+00
     41.931   71.58606 -161.39586    -1.5470    32.5694    1439.29  0.000e+00
     41.923   71.58606 -161.39586    -1.5471    32.5695    1439.29  0.000e+00
     41.931   71.58606 -161.39586    -1.5473    32.5699    1439.29  0.000e+00
     41.931   71.58606 -161.39586    -1.5471    32.5700    1439.29  0.000e+00
     41.931   71.58606 -161.39586    -1.5472    32.5699    1439.29  0.000e+00
     41.977   71.58606 -161.39586    -1.5471    32.5695    1439.29  0.000e+00
     41.931   71.58606 -161.39586    -1.5473    32.5701    1439.29  0.000e+00
     41.985   71.58606 -161.39586    -1.5473    32.5698    1439.29  0.000e+00
     41.985   71.58606 -161.39586    -1.5474    32.5700    1439.29  0.000e+00
     41.931   71.58606 -161.39586    -1.5473    32.5702    1439.29  0.000e+00
     41.977   71.58606 -161.39586    -1.5471    32.5703    1439.29  0.000e+00
     41.984   71.58606 -161.39586    -1.5468    32.5698    1439.29  0.000e+00
     41.985   71.58606 -161.39586    -1.5470    32.5700    1439.29  0.000e+00
     41.984   71.58606 -161.39586    -1.5465    32.5701    1439.29  0.000e+00
     42.031   71.58606 -161.39586    -1.5466    32.5694    1439.29  0.000e+00
     41.984   71.58606 -161.39586    -1.5465    32.5697    1439.29  0.000e+00
     41.985   71.58606 -161.39586    -1.5465    32.5699    1439.29  0.000e+00
     42.039   71.58606 -161.39586    -1.5465    32.5697    1439.29  0.000e+00
     41.977   71.58606 -161.39586    -1.5465    32.5699    1439.29  0.000e+00
     41.985   71.58606 -161.39586    -1.5463    32.5699    1439.29  0.000e+00
     42.038   71.58606 -161.39586    -1.5465    32.5697    1439.29  0.000e+00
     42.038   71.58606 -161.39586    -1.5464    32.5697    1439.29  0.000e+00
     42.031   71.58606 -161.39586    -1.5464    32.5702    1439.30  0.000e+00
     41.984   71.58606 -161.39586    -1.5466    32.5701    1439.29  0.000e+00
     42.038   71.58606 -161.39586    -1.5462    32.5702    1439.30  0.000e+00
     41.984   71.58606 -161.39586    -1.5462    32.5698    1439.30  0.000e+00
     42.031   71.58606 -161.39586    -1.5460    32.5698    1439.30  0.000e+00
     42.038   71.58606 -161.39586    -1.5462    32.5699    1439.30  0.000e+00
     42.038   71.58606 -161.39586    -1.5459    32.5691    1439.30  0.000e+00
     41.984   71.58606 -161.39586    -1.5462    32.5700    1439.30  0.000e+00
     42.031   71.58606 -161.39586    -1.5462    32.5697    1439.30  0.000e+00
     42.038   71.58606 -161.39586    -1.5464    32.5695    1439.29  0.000e+00
     42.038   71.58606 -161.39586    -1.5467    32.5698    1439.29  0.000e+00
     41.984   71.58606 -161.39586    -1.5466    32.5699    1439.29  0.000e+00
     42.031   71.58606 -161.39586    -1.5468    32.5701    1439.29  0.000e+00
     42.038   71.58606 -161.39586    -1.5467    32.5700    1439.29  0.000e+00
