EcoFOCI/data/1_SampleCollection/2023_SikuliaqDBO_CruiseData/CTD_raw_BottleFile_SKQ23-12S/proc/skq202312s_029.ros
* Sea-Bird SBE 9 Data File:
* FileName = D:\CTD\SKQ202312S\SKQ202312S_029.hex
* Software Version Seasave V 7.26.7.121
* Temperature SN = 6177
* Conductivity SN = 0369
* Number of Bytes Per Scan = 41
* Number of Voltage Words = 4
* Number of Scans Averaged by the Deck Unit = 1
* NMEA Latitude = 71 24.54 N
* NMEA Longitude = 157 29.66 W
* NMEA UTC (Time) = Sep 21 2023  04:58:57
* NMEA baud rate = 4800
** Ship: R/V Sikuliaq
** Station Number: 029
** Station Name: DBO5.5
** Bottom Depth: 124
** Operator: SS
# nquan = 22
# nvalues = 1127                                  
# units = specified
# name 0 = depSM: Depth [salt water, m]
# name 1 = latitude: Latitude [deg]
# name 2 = longitude: Longitude [deg]
# name 3 = prDM: Pressure, Digiquartz [db]
# name 4 = t090C: Temperature [ITS-90, deg C]
# name 5 = t190C: Temperature, 2 [ITS-90, deg C]
# name 6 = potemp090C: Potential Temperature [ITS-90, deg C]
# name 7 = sal00: Salinity, Practical [PSU]
# name 8 = sal11: Salinity, Practical, 2 [PSU]
# name 9 = density00: Density [density, kg/m^3]
# name 10 = sigma-é00: Density [sigma-theta, kg/m^3]
# name 11 = sbox0Mm/Kg: Oxygen, SBE 43 [umol/kg]
# name 12 = sbox1Mm/Kg: Oxygen, SBE 43, 2 [umol/kg]
# name 13 = oxsolMm/Kg: Oxygen Saturation, Garcia & Gordon [umol/kg]
# name 14 = sbeox0PS: Oxygen, SBE 43 [% saturation]
# name 15 = v0: Voltage 0
# name 16 = flECO-AFL: Fluorescence, WET Labs ECO-AFL/FL [mg/m^3]
# name 17 = CStarAt0: Beam Attenuation, WET Labs C-Star [1/m]
# name 18 = par: PAR/Irradiance, Biospherical/Licor
# name 19 = scan: Scan Count
# name 20 = nbf: Bottles Fired
# name 21 = flag:  0.000e+00
# interval = seconds: 0.0416667
# start_time = Sep 21 2023 05:03:15 [NMEA time, first data scan]
# bad_flag = -9.990e-29
*END*
[from data line 725]
     20.002   71.40916 -157.48866     20.209     3.3373     3.3368     3.3361    30.9848    30.8928  1024.7481    24.6531    350.545    325.392  329.77344    106.299     0.1013     0.2601     0.4660 8.4714e-06      34765         15  0.000e+00
     20.002   71.40916 -157.48866     20.209     3.3583     3.3370     3.3572    30.9580    30.8972  1024.7249    24.6300    351.042    325.839  329.66891    106.483     0.1013     0.2601     0.4660 1.0000e-12      34766         15  0.000e+00
     19.971   71.40916 -157.48866     20.178     3.3330     3.3490     3.3319    30.9740    30.9001  1024.7397    24.6449    351.490    325.814  329.83491    106.565     0.1013     0.2601     0.4672 1.0000e-12      34767         15  0.000e+00
     20.056   71.40916 -157.48866     20.264     3.3092     3.3677     3.3080    30.9843    30.9015  1024.7503    24.6551    352.117    325.715  330.00298    106.701     0.1026     0.2674     0.4684 1.0000e-12      34768         15  0.000e+00
     20.002   71.40916 -157.48866     20.209     3.3120     3.3922     3.3108    30.9727    30.8979  1024.7406    24.6456    352.511    325.767  330.00940    106.818     0.1013     0.2601     0.4684 8.4714e-06      34769         15  0.000e+00
     20.002   71.40916 -157.48866     20.209     3.3459     3.4086     3.3447    30.9448    30.8987  1024.7155    24.6205    352.652    325.910  329.80317    106.928     0.1026     0.2674     0.4672 1.0000e-12      34770         15  0.000e+00
     20.025   71.40916 -157.48866     20.233     3.3925     3.4113     3.3913    30.9200    30.9068  1024.6918    24.5968    352.640    325.945  329.48647    107.027     0.1013     0.2601     0.4672 1.0000e-12      34771         15  0.000e+00
     20.002   71.40916 -157.48866     20.209     3.4269     3.3993     3.4258    30.9078    30.9191  1024.6790    24.5840    352.740    326.277  329.23799    107.138     0.1026     0.2674     0.4672 1.0000e-12      34772         15  0.000e+00
     20.056   71.40916 -157.48868     20.264     3.4483     3.3869     3.4472    30.9029    30.9247  1024.6735    24.5783    352.943    326.633  329.07670    107.253     0.1013     0.2601     0.4672 1.0000e-12      34773         15  0.000e+00
     20.025   71.40916 -157.48868     20.233     3.4490     3.3810     3.4478    30.9154    30.9237  1024.6833    24.5882    353.078    326.941  329.04024    107.305     0.1013     0.2601     0.4672 1.0000e-12      34774         15  0.000e+00
     20.354   71.40916 -157.48864     20.565     2.6511     2.5500     2.6501    31.0952    31.1280  1024.8940    24.7970    354.801    329.829  335.15298    105.862     0.1709     0.6776     0.4684 8.4714e-06      34939         16  0.000e+00
     20.462   71.40916 -157.48864     20.674     2.6578     2.5800     2.6568    31.0889    31.1241  1024.8889    24.7914    354.995    329.911  335.11291    105.933     0.1770     0.7143     0.4684 1.0000e-12      34940         16  0.000e+00
     20.292   71.40916 -157.48864     20.503     2.6488     2.6005     2.6477    31.0860    31.1281  1024.8865    24.7898    355.143    330.059  335.19643    105.951     0.1807     0.7362     0.4695 1.0000e-12      34941         16  0.000e+00
     20.377   71.40916 -157.48864     20.588     2.6425     2.6190     2.6414    31.0822    31.1267  1024.8844    24.7873    355.459    330.055  335.25870    106.025     0.1795     0.7289     0.4684 1.0000e-12      34942         16  0.000e+00
     20.408   71.40916 -157.48864     20.620     2.6405     2.6278     2.6395    31.0758    31.1251  1024.8796    24.7823    355.768    330.101  335.29130    106.107     0.1795     0.7289     0.4695 1.0000e-12      34943         16  0.000e+00
     20.354   71.40916 -157.48864     20.565     2.6294     2.6333     2.6284    31.0813    31.1198  1024.8846    24.7875    355.910    330.363  335.37030    106.124     0.1783     0.7216     0.4695 1.0000e-12      34944         16  0.000e+00
     20.316   71.40916 -157.48864     20.526     2.6204     2.6401     2.6193    31.0993    31.1130  1024.8995    24.8026    356.179    330.422  335.40000    106.195     0.1795     0.7289     0.4695 1.0000e-12      34945         16  0.000e+00
     20.354   71.40916 -157.48864     20.565     2.6313     2.6495     2.6303    31.1106    31.1054  1024.9079    24.8108    356.030    330.641  335.27952    106.189     0.1807     0.7362     0.4719 1.0000e-12      34946         16  0.000e+00
     20.354   71.40916 -157.48864     20.565     2.6603     2.6599     2.6593    31.1044    31.0988  1024.9006    24.8036    355.732    330.650  335.05273    106.172     0.1795     0.7289     0.4719 1.0000e-12      34947         16  0.000e+00
     20.316   71.40916 -157.48864     20.526     2.6796     2.6576     2.6785    31.0928    31.1022  1024.8897    24.7929    355.953    330.734  334.92105    106.280     0.1807     0.7362     0.4719 1.0000e-12      34948         16  0.000e+00
     20.293   71.40916 -157.48864     20.503     2.6669     2.6471     2.6658    31.0902    31.1103  1024.8885    24.7918    356.109    331.062  335.03402    106.291     0.1783     0.7216     0.4730 1.0000e-12      34949         16  0.000e+00
     20.293   71.40916 -157.48864     20.503     2.6362     2.6618     2.6351    31.0989    31.1047  1024.8978    24.8011    356.422    331.163  335.26882    106.309     0.1795     0.7289     0.4730 1.0000e-12      34950         16  0.000e+00
     20.316   71.40916 -157.48864     20.526     2.6132     2.7360     2.6122    31.1094    31.0739  1024.9081    24.8113    356.831    330.562  335.43416    106.379     0.1795     0.7289     0.4719 1.0000e-12      34951         16  0.000e+00
     20.293   71.40916 -157.48864     20.503     2.6043     2.8232     2.6032    31.1133    31.0507  1024.9118    24.8150    356.918    330.017  335.49936    106.384     0.1807     0.7362     0.4719 1.0000e-12      34952         16  0.000e+00
     20.293   71.40916 -157.48864     20.503     2.5993     2.9011     2.5982    31.1146    31.0311  1024.9132    24.8165    357.114    329.358  335.53798    106.430     0.1783     0.7216     0.4730 1.0000e-12      34953         16  0.000e+00
     20.177   71.40916 -157.48864     20.386     2.6032     2.9240     2.6022    31.1144    31.0358  1024.9122    24.8160    357.021    329.130  335.50504    106.413     0.1795     0.7289     0.4719 1.0000e-12      34954         16  0.000e+00
     20.378   71.40916 -157.48864     20.589     2.6197     2.8981     2.6186    31.1197    31.0479  1024.9161    24.8189    357.016    329.336  335.35392    106.459     0.1807     0.7362     0.4719 1.0000e-12      34955         16  0.000e+00
     20.239   71.40916 -157.48864     20.449     2.6478     2.8691     2.6467    31.1247    31.0453  1024.9172    24.8208    356.642    329.792  335.10584    106.427     0.1795     0.7289     0.4719 1.0000e-12      34956         16  0.000e+00
     20.239   71.40916 -157.48864     20.449     2.6757     2.8540     2.6746    31.1230    31.0390  1024.9137    24.8173    356.515    330.133  334.87690    106.461     0.1807     0.7362     0.4719 1.0000e-12      34957         16  0.000e+00
     20.262   71.40916 -157.48864     20.472     2.7179     2.8509     2.7168    31.1097    31.0357  1024.8999    24.8034    356.078    330.352  334.55823    106.432     0.1795     0.7289     0.4719 1.0000e-12      34958         16  0.000e+00
     20.239   71.40916 -157.48864     20.449     2.7791     2.8555     2.7780    31.0746    31.0326  1024.8670    24.7706    355.682    330.319  334.13793    106.448     0.1795     0.7289     0.4719 1.0000e-12      34959         16  0.000e+00
     20.239   71.40916 -157.48864     20.449     2.8167     2.8627     2.8156    31.0464    31.0308  1024.8415    24.7451    355.511    330.237  333.89647    106.473     0.1795     0.7289     0.4719 1.0000e-12      34960         16  0.000e+00
     20.262   71.40916 -157.48864     20.472     2.8515     2.8747     2.8505    31.0304    31.0266  1024.8260    24.7296    355.146    330.289  333.64781    106.443     0.1795     0.7289     0.4730 1.0000e-12      34961         16  0.000e+00
     20.177   71.40916 -157.48864     20.386     2.8886     2.8750     2.8875    31.0217    31.0341  1024.8157    24.7197    354.950    330.218  333.36242    106.476     0.1795     0.7289     0.4719 1.0000e-12      34962         16  0.000e+00
     20.239   71.40916 -157.48864     20.449     2.9026     2.8774     2.9015    31.0172    31.0349  1024.8113    24.7149    354.764    330.348  333.25802    106.453     0.1795     0.7289     0.4730 1.0000e-12      34963         16  0.000e+00
     20.201   71.40916 -157.48864     20.410     2.8953     2.9003     2.8942    31.0193    31.0187  1024.8134    24.7172    355.215    330.319  333.31348    106.571     0.1807     0.7362     0.4730 1.0000e-12      34964         16  0.000e+00
     20.239   71.40916 -157.48866     20.449     2.8976     2.9362     2.8965    31.0179    31.0025  1024.8122    24.7159    355.606    330.192  333.29757    106.693     0.1563     0.5897     0.4719 1.0000e-12      34965         16  0.000e+00
     20.177   71.40916 -157.48866     20.387     2.9055     2.9595     2.9044    31.0165    31.0027  1024.8102    24.7142    355.556    329.963  333.23568    106.698     0.1441     0.5165     0.4695 8.4714e-06      34966         16  0.000e+00
     20.239   71.40916 -157.48866     20.449     2.9184     2.9766     2.9173    31.0166    31.0041  1024.8095    24.7132    355.668    329.991  333.12901    106.766     0.1404     0.4945     0.4672 1.0000e-12      34967         16  0.000e+00
     20.147   71.40916 -157.48866     20.355     2.9375     3.0113     2.9365    31.0137    30.9890  1024.8053    24.7094    355.265    329.886  332.97750    106.693     0.1429     0.5091     0.4672 1.0000e-12      34968         16  0.000e+00
     20.239   71.40916 -157.48866     20.449     2.9602     3.0443     2.9591    31.0075    30.9808  1024.7989    24.7026    355.024    329.587  332.80601    106.676     0.1416     0.5018     0.4684 1.0000e-12      34969         16  0.000e+00
     20.178   71.40916 -157.48866     20.387     2.9785     3.1042     2.9774    31.0030    30.9511  1024.7935    24.6975    354.995    329.083  332.66641    106.712     0.1429     0.5091     0.4684 1.0000e-12      34970         16  0.000e+00
     20.201   71.40916 -157.48866     20.410     2.9905     3.1541     2.9894    30.9990    30.9381  1024.7895    24.6934    354.843    329.003  332.57713    106.695     0.1416     0.5018     0.4684 1.0000e-12      34971         16  0.000e+00
     20.178   71.40916 -157.48866     20.387     2.9944     3.1714     2.9933    30.9945    30.9467  1024.7854    24.6894    354.991    328.824  332.55634    106.746     0.1429     0.5091     0.4684 8.4714e-06      34972         16  0.000e+00
     20.178   71.40916 -157.48866     20.387     2.9854     3.1940     2.9843    30.9909    30.9338  1024.7833    24.6873    355.046    328.624  332.64005    106.736     0.1429     0.5091     0.4684 1.0000e-12      34973         16  0.000e+00
     20.147   71.40916 -157.48866     20.356     2.9758     3.2260     2.9747    30.9890    30.9115  1024.7824    24.6866    355.353    328.552  332.72402    106.801     0.1429     0.5091     0.4684 8.4714e-06      34974         16  0.000e+00
     20.239   71.40916 -157.48866     20.449     2.9688     3.2620     2.9677    30.9938    30.8947  1024.7873    24.6910    355.434    328.456  332.76976    106.811     0.1429     0.5091     0.4684 1.0000e-12      34975         16  0.000e+00
     20.178   71.40916 -157.48866     20.387     2.9676     3.2982     2.9665    30.9969    30.8833  1024.7895    24.6935    355.670    328.162  332.77169    106.881     0.1416     0.5018     0.4684 1.0000e-12      34976         16  0.000e+00
     20.147   71.40916 -157.48866     20.356     2.9701     3.3251     2.9690    30.9960    30.8785  1024.7885    24.6926    355.656    328.112  332.75313    106.883     0.1429     0.5091     0.4684 1.0000e-12      34977         16  0.000e+00
     20.178   71.40916 -157.48866     20.387     2.9724     3.3293     2.9713    30.9952    30.8866  1024.7878    24.6918    355.903    328.264  332.73619    106.963     0.1416     0.5018     0.4684 1.0000e-12      34978         16  0.000e+00
     20.240   71.40916 -157.48866     20.449     2.9703     3.3032     2.9692    30.9882    30.9144  1024.7827    24.6864    356.139    328.648  332.77152    107.022     0.1429     0.5091     0.4672 1.0000e-12      34979         16  0.000e+00
     20.178   71.40916 -157.48866     20.387     2.9324     3.2809     2.9313    30.9827    30.9356  1024.7811    24.6851    356.514    328.832  333.09848    107.029     0.1416     0.5018     0.4684 1.0000e-12      34980         16  0.000e+00
     20.201   71.40916 -157.48866     20.410     2.8616     3.2679     2.8605    30.9943    30.9486  1024.7961    24.6999    357.408    329.124  333.65573    107.119     0.1429     0.5091     0.4684 1.0000e-12      34981         16  0.000e+00
     20.178   71.40916 -157.48866     20.387     2.7949     3.2680     2.7938    31.0215    30.9492  1024.8230    24.7269    358.029    329.342  334.14120    107.149     0.1429     0.5091     0.4684 1.0000e-12      34982         16  0.000e+00
     20.240   71.40916 -157.48866     20.449     2.7415     3.2640     2.7404    31.0530    30.9525  1024.8527    24.7563    358.906    329.615  334.50585    107.294     0.1429     0.5091     0.4684 1.0000e-12      34983         16  0.000e+00
     20.201   71.40916 -157.48866     20.411     2.7013     3.2568     2.7002    31.0734    30.9558  1024.8720    24.7757    359.256    329.910  334.78941    107.308     0.1429     0.5091     0.4684 8.4714e-06      34984         16  0.000e+00
     20.178   71.40916 -157.48866     20.387     2.6703     3.2530     2.6693    31.0883    30.9494  1024.8861    24.7900    359.332    330.021  335.01009    107.260     0.1416     0.5018     0.4684 1.0000e-12      34985         16  0.000e+00
     20.240   71.40916 -157.48866     20.450     2.6454     3.1872     2.6444    31.1003    30.9710  1024.8979    24.8015    359.727    331.038  335.18793    107.321     0.1429     0.5091     0.4754 8.4714e-06      34986         16  0.000e+00
     20.201   71.40916 -157.48866     20.411     2.6253     3.0682     2.6243    31.1143    31.0007  1024.9105    24.8142    359.832    332.362  335.32027    107.310     0.1416     0.5018     0.4812 1.0000e-12      34987         16  0.000e+00
     10.182   71.40916 -157.48842     10.287     4.6954     4.6977     4.6948    30.2758    30.2818  1024.0113    23.9633    303.623    288.994  320.75279     94.660     0.1868     0.7729     0.7835 1.0084e-02      38398         17  0.000e+00
     10.012   71.40916 -157.48842     10.116     4.6957     4.6975     4.6951    30.2761    30.2823  1024.0107    23.9635    303.590    288.974  320.74969     94.650     0.1856     0.7656     0.7835 6.1655e-03      38399         17  0.000e+00
     10.066   71.40916 -157.48842     10.171     4.6957     4.6974     4.6951    30.2774    30.2819  1024.0120    23.9645    303.566    288.965  320.74667     94.643     0.1856     0.7656     0.7835 5.4659e-03      38400         17  0.000e+00
     10.097   71.40916 -157.48842     10.202     4.6959     4.6971     4.6952    30.2778    30.2815  1024.0124    23.9648    303.334    288.956  320.74496     94.572     0.1856     0.7656     0.7835 5.4659e-03      38401         17  0.000e+00
     10.013   71.40916 -157.48842     10.116     4.6961     4.6971     4.6954    30.2778    30.2822  1024.0120    23.9648    303.483    288.938  320.74288     94.619     0.1856     0.7656     0.7847 5.1175e-03      38402         17  0.000e+00
     10.013   71.40916 -157.48842     10.116     4.6963     4.6966     4.6956    30.2783    30.2834  1024.0124    23.9652    303.458    288.925  320.74047     94.612     0.1856     0.7656     0.7873 5.1175e-03      38403         17  0.000e+00
