EcoFOCI/data/1_SampleCollection/2023_SikuliaqDBO_CruiseData/CTD_raw_BottleFile_SKQ23-12S/proc/skq202312s_037svp.cnv
* Sea-Bird SBE 9 Data File:
* FileName = D:\CTD\SKQ202312S\SKQ202312S_037.hex
* Software Version Seasave V 7.26.7.121
* Temperature SN = 6177
* Conductivity SN = 0369
* Number of Bytes Per Scan = 41
* Number of Voltage Words = 4
* Number of Scans Averaged by the Deck Unit = 1
* NMEA Latitude = 71 11.55 N
* NMEA Longitude = 160 15.97 W
* NMEA UTC (Time) = Sep 23 2023  07:57:53
* NMEA baud rate = 4800
** Ship: R/V Sikuliaq
** Station Number: 037
** Station Name: DBO4.1n
** Bottom Depth: 54
** Operator: SS
# nquan = 7
# nvalues = 6245                                  
# units = specified
# name 0 = depSM: Depth [salt water, m]
# name 1 = latitude: Latitude [deg]
# name 2 = longitude: Longitude [deg]
# name 3 = t090C: Temperature [ITS-90, deg C]
# name 4 = sal00: Salinity, Practical [PSU]
# name 5 = svCM: Sound Velocity [Chen-Millero, m/s]
# name 6 = flag:  0.000e+00
# span 0 =      1.857,     49.173                 
# span 1 =   71.19246,   71.19248                 
# span 2 = -160.26612, -160.26610                 
# span 3 =    -1.6781,     2.3758                 
# span 4 =    28.4791,    32.6600                 
# span 5 =    1438.51,    1452.45                 
# span 6 = 0.0000e+00, 0.0000e+00                 
# interval = seconds: 0.0416667
# start_time = Sep 23 2023 08:01:24 [NMEA time, first data scan]
# bad_flag = -9.990e-29
*END*
[from data line 1436]
      9.638   71.19248 -160.26610     1.7726    30.0963    1450.81  0.000e+00
      9.638   71.19248 -160.26610     1.6903    30.1577    1450.52  0.000e+00
      9.608   71.19248 -160.26610     1.5838    30.2494    1450.17  0.000e+00
      9.692   71.19248 -160.26610     1.4786    30.3361    1449.81  0.000e+00
      9.692   71.19248 -160.26610     1.3902    30.3990    1449.50  0.000e+00
      9.692   71.19248 -160.26610     1.3210    30.4370    1449.24  0.000e+00
      9.692   71.19248 -160.26610     1.2630    30.4635    1449.01  0.000e+00
      9.692   71.19248 -160.26610     1.2024    30.4954    1448.78  0.000e+00
      9.723   71.19248 -160.26610     1.1516    30.5235    1448.59  0.000e+00
      9.746   71.19248 -160.26610     1.1046    30.5547    1448.42  0.000e+00
      9.746   71.19248 -160.26610     1.0622    30.5872    1448.27  0.000e+00
      9.746   71.19248 -160.26610     1.0296    30.6127    1448.15  0.000e+00
      9.746   71.19248 -160.26610     1.0025    30.6355    1448.06  0.000e+00
      9.777   71.19248 -160.26610     0.9845    30.6455    1447.99  0.000e+00
      9.746   71.19248 -160.26610     0.9725    30.6516    1447.95  0.000e+00
      9.862   71.19248 -160.26610     0.9638    30.6539    1447.91  0.000e+00
      9.746   71.19248 -160.26610     0.9560    30.6521    1447.87  0.000e+00
      9.862   71.19248 -160.26610     0.9402    30.6582    1447.81  0.000e+00
      9.831   71.19248 -160.26610     0.9289    30.6588    1447.76  0.000e+00
      9.862   71.19248 -160.26610     0.9180    30.6603    1447.71  0.000e+00
      9.808   71.19248 -160.26610     0.9039    30.6657    1447.66  0.000e+00
      9.862   71.19248 -160.26610     0.8801    30.6755    1447.56  0.000e+00
      9.862   71.19248 -160.26610     0.8602    30.6812    1447.48  0.000e+00
      9.924   71.19248 -160.26610     0.8436    30.6879    1447.41  0.000e+00
      9.893   71.19248 -160.26610     0.8275    30.6951    1447.35  0.000e+00
      9.924   71.19248 -160.26610     0.8142    30.6986    1447.29  0.000e+00
      9.924   71.19248 -160.26610     0.8039    30.7029    1447.25  0.000e+00
      9.924   71.19248 -160.26610     0.7923    30.7118    1447.21  0.000e+00
      9.924   71.19248 -160.26610     0.7792    30.7231    1447.17  0.000e+00
      9.947   71.19248 -160.26610     0.7661    30.7342    1447.12  0.000e+00
      9.924   71.19248 -160.26610     0.7563    30.7421    1447.09  0.000e+00
      9.978   71.19248 -160.26610     0.7489    30.7487    1447.06  0.000e+00
      9.978   71.19248 -160.26610     0.7414    30.7545    1447.04  0.000e+00
      9.978   71.19248 -160.26610     0.7320    30.7620    1447.00  0.000e+00
     10.008   71.19248 -160.26610     0.7246    30.7692    1446.98  0.000e+00
      9.978   71.19248 -160.26610     0.7177    30.7759    1446.96  0.000e+00
     10.039   71.19248 -160.26610     0.7117    30.7813    1446.94  0.000e+00
      9.978   71.19248 -160.26610     0.7062    30.7868    1446.92  0.000e+00
     10.039   71.19248 -160.26610     0.7039    30.7896    1446.91  0.000e+00
     10.008   71.19248 -160.26610     0.7009    30.7912    1446.90  0.000e+00
     10.039   71.19248 -160.26610     0.6961    30.7952    1446.88  0.000e+00
     10.039   71.19248 -160.26610     0.6922    30.7988    1446.87  0.000e+00
     10.039   71.19248 -160.26610     0.6916    30.7985    1446.87  0.000e+00
     10.093   71.19248 -160.26610     0.6904    30.7986    1446.86  0.000e+00
     10.039   71.19248 -160.26610     0.6878    30.8007    1446.85  0.000e+00
     10.124   71.19248 -160.26610     0.6846    30.8038    1446.84  0.000e+00
     10.093   71.19248 -160.26610     0.6813    30.8071    1446.83  0.000e+00
     10.093   71.19248 -160.26610     0.6799    30.8083    1446.83  0.000e+00
     10.093   71.19248 -160.26610     0.6808    30.8073    1446.83  0.000e+00
     10.093   71.19248 -160.26610     0.6828    30.8046    1446.84  0.000e+00
     10.124   71.19248 -160.26610     0.6833    30.8040    1446.84  0.000e+00
     10.093   71.19248 -160.26610     0.6816    30.8053    1446.83  0.000e+00
     10.147   71.19248 -160.26610     0.6795    30.8064    1446.82  0.000e+00
     10.147   71.19248 -160.26610     0.6755    30.8105    1446.81  0.000e+00
     10.093   71.19248 -160.26610     0.6738    30.8119    1446.81  0.000e+00
     10.124   71.19248 -160.26610     0.6768    30.8088    1446.82  0.000e+00
     10.147   71.19248 -160.26610     0.6788    30.8051    1446.82  0.000e+00
     10.147   71.19248 -160.26610     0.6781    30.8049    1446.82  0.000e+00
     10.093   71.19248 -160.26610     0.6755    30.8083    1446.81  0.000e+00
     10.147   71.19248 -160.26610     0.6729    30.8123    1446.80  0.000e+00
     10.124   71.19248 -160.26610     0.6751    30.8142    1446.81  0.000e+00
     10.209   71.19248 -160.26610     0.6763    30.8160    1446.82  0.000e+00
     10.147   71.19248 -160.26610     0.6763    30.8185    1446.83  0.000e+00
     10.147   71.19248 -160.26610     0.6737    30.8244    1446.82  0.000e+00
     10.147   71.19248 -160.26610     0.6661    30.8358    1446.80  0.000e+00
     10.178   71.19248 -160.26610     0.6578    30.8475    1446.78  0.000e+00
     10.147   71.19248 -160.26610     0.6584    30.8507    1446.79  0.000e+00
     10.147   71.19248 -160.26610     0.6936    30.8177    1446.90  0.000e+00
     10.147   71.19248 -160.26610     0.7208    30.7883    1446.99  0.000e+00
     10.209   71.19248 -160.26610     0.7236    30.7801    1446.99  0.000e+00
     10.124   71.19248 -160.26610     0.7068    30.7926    1446.93  0.000e+00
     10.209   71.19248 -160.26610     0.6873    30.8091    1446.87  0.000e+00
     10.147   71.19248 -160.26610     0.6850    30.8075    1446.85  0.000e+00
     10.209   71.19248 -160.26610     0.7170    30.7706    1446.95  0.000e+00
     10.147   71.19248 -160.26610     0.7386    30.7456    1447.01  0.000e+00
     10.178   71.19248 -160.26610     0.7318    30.7489    1446.99  0.000e+00
     10.209   71.19248 -160.26610     0.7212    30.7563    1446.95  0.000e+00
     10.209   71.19248 -160.26610     0.7227    30.7508    1446.95  0.000e+00
     10.147   71.19248 -160.26610     0.7244    30.7449    1446.95  0.000e+00
     10.209   71.19248 -160.26610     0.7175    30.7523    1446.93  0.000e+00
     10.147   71.19248 -160.26610     0.7062    30.7678    1446.90  0.000e+00
     10.232   71.19248 -160.26610     0.7054    30.7701    1446.90  0.000e+00
     10.209   71.19248 -160.26610     0.6981    30.7766    1446.87  0.000e+00
     10.209   71.19248 -160.26610     0.6863    30.7864    1446.83  0.000e+00
     10.263   71.19248 -160.26610     0.6737    30.7988    1446.79  0.000e+00
     10.147   71.19248 -160.26610     0.6697    30.8133    1446.79  0.000e+00
     10.232   71.19248 -160.26610     0.6670    30.8352    1446.81  0.000e+00
     10.263   71.19248 -160.26610     0.7066    30.8125    1446.96  0.000e+00
     10.209   71.19248 -160.26610     0.7673    30.7604    1447.17  0.000e+00
     10.263   71.19248 -160.26610     0.7962    30.7387    1447.27  0.000e+00
     10.209   71.19248 -160.26610     0.8188    30.7276    1447.36  0.000e+00
     10.294   71.19248 -160.26610     0.8304    30.7203    1447.40  0.000e+00
     10.209   71.19248 -160.26610     0.8298    30.7192    1447.40  0.000e+00
     10.209   71.19248 -160.26610     0.8150    30.7318    1447.34  0.000e+00
     10.324   71.19248 -160.26610     0.7790    30.7702    1447.23  0.000e+00
     10.263   71.19248 -160.26610     0.7699    30.7914    1447.22  0.000e+00
     10.232   71.19248 -160.26610     0.7897    30.7880    1447.30  0.000e+00
     10.263   71.19248 -160.26610     0.8308    30.7632    1447.46  0.000e+00
     10.263   71.19248 -160.26610     0.8629    30.7438    1447.58  0.000e+00
     10.263   71.19248 -160.26610     0.9037    30.7067    1447.72  0.000e+00
     10.324   71.19248 -160.26610     0.9407    30.6603    1447.82  0.000e+00
     10.294   71.19248 -160.26610     0.9330    30.6498    1447.77  0.000e+00
     10.263   71.19248 -160.26610     0.9242    30.6432    1447.73  0.000e+00
     10.324   71.19248 -160.26610     0.9163    30.6410    1447.69  0.000e+00
     10.263   71.19248 -160.26610     0.9153    30.6275    1447.66  0.000e+00
     10.324   71.19248 -160.26610     0.9036    30.6195    1447.60  0.000e+00
     10.348   71.19248 -160.26610     0.8885    30.6138    1447.53  0.000e+00
     10.324   71.19248 -160.26610     0.8612    30.6234    1447.41  0.000e+00
     10.263   71.19248 -160.26610     0.8139    30.6562    1447.24  0.000e+00
     10.378   71.19248 -160.26610     0.7671    30.6919    1447.08  0.000e+00
     10.324   71.19248 -160.26610     0.7192    30.7318    1446.91  0.000e+00
     10.294   71.19248 -160.26610     0.6787    30.7657    1446.77  0.000e+00
     10.378   71.19248 -160.26610     0.6427    30.7963    1446.65  0.000e+00
     10.324   71.19248 -160.26610     0.6134    30.8215    1446.55  0.000e+00
     10.378   71.19248 -160.26610     0.5959    30.8336    1446.48  0.000e+00
     10.378   71.19248 -160.26610     0.5816    30.8443    1446.43  0.000e+00
     10.348   71.19248 -160.26610     0.5743    30.8499    1446.40  0.000e+00
     10.378   71.19248 -160.26610     0.5683    30.8522    1446.38  0.000e+00
     10.378   71.19248 -160.26610     0.5592    30.8583    1446.35  0.000e+00
     10.378   71.19248 -160.26610     0.5518    30.8627    1446.32  0.000e+00
     10.440   71.19248 -160.26610     0.5473    30.8638    1446.30  0.000e+00
     10.409   71.19248 -160.26610     0.5420    30.8654    1446.28  0.000e+00
     10.378   71.19248 -160.26610     0.5354    30.8689    1446.25  0.000e+00
     10.440   71.19248 -160.26610     0.5284    30.8724    1446.23  0.000e+00
     10.378   71.19248 -160.26610     0.5224    30.8747    1446.20  0.000e+00
     10.440   71.19248 -160.26610     0.5194    30.8742    1446.19  0.000e+00
     10.463   71.19248 -160.26610     0.5152    30.8748    1446.17  0.000e+00
     10.440   71.19248 -160.26610     0.5075    30.8762    1446.14  0.000e+00
     10.440   71.19248 -160.26610     0.5007    30.8756    1446.10  0.000e+00
     10.440   71.19248 -160.26610     0.4898    30.8798    1446.06  0.000e+00
     10.494   71.19248 -160.26610     0.4784    30.8858    1446.02  0.000e+00
     10.517   71.19248 -160.26610     0.4664    30.8914    1445.97  0.000e+00
     10.440   71.19248 -160.26610     0.4569    30.8943    1445.93  0.000e+00
     10.494   71.19248 -160.26610     0.4519    30.8909    1445.90  0.000e+00
     10.494   71.19248 -160.26610     0.4459    30.8879    1445.87  0.000e+00
     10.494   71.19248 -160.26610     0.4367    30.8878    1445.83  0.000e+00
     10.517   71.19248 -160.26610     0.4282    30.8865    1445.79  0.000e+00
     10.548   71.19248 -160.26610     0.4136    30.8927    1445.73  0.000e+00
     10.548   71.19248 -160.26610     0.3982    30.9022    1445.67  0.000e+00
     10.494   71.19248 -160.26610     0.3854    30.9077    1445.62  0.000e+00
     10.548   71.19248 -160.26610     0.3710    30.9143    1445.56  0.000e+00
     10.633   71.19248 -160.26610     0.3578    30.9202    1445.51  0.000e+00
     10.548   71.19248 -160.26610     0.3495    30.9203    1445.47  0.000e+00
     10.610   71.19248 -160.26610     0.3375    30.9254    1445.42  0.000e+00
     10.548   71.19248 -160.26610     0.3195    30.9379    1445.36  0.000e+00
     10.610   71.19248 -160.26610     0.3022    30.9484    1445.29  0.000e+00
     10.633   71.19248 -160.26610     0.2908    30.9482    1445.24  0.000e+00
     10.664   71.19248 -160.26610     0.2787    30.9454    1445.18  0.000e+00
     10.610   71.19248 -160.26610     0.2638    30.9391    1445.10  0.000e+00
     10.664   71.19248 -160.26610     0.2417    30.9397    1445.00  0.000e+00
     10.664   71.19248 -160.26610     0.2093    30.9571    1444.87  0.000e+00
     10.695   71.19248 -160.26610     0.1869    30.9704    1444.79  0.000e+00
     10.725   71.19248 -160.26610     0.1708    30.9783    1444.73  0.000e+00
     10.664   71.19248 -160.26610     0.1503    30.9926    1444.65  0.000e+00
     10.725   71.19248 -160.26610     0.1398    31.0009    1444.61  0.000e+00
     10.749   71.19248 -160.26610     0.1389    31.0019    1444.61  0.000e+00
     10.725   71.19248 -160.26610     0.1368    31.0044    1444.60  0.000e+00
     10.779   71.19248 -160.26610     0.1331    31.0065    1444.59  0.000e+00
     10.779   71.19248 -160.26610     0.1284    31.0079    1444.57  0.000e+00
     10.779   71.19248 -160.26610     0.1211    31.0093    1444.54  0.000e+00
     10.810   71.19248 -160.26610     0.1095    31.0138    1444.49  0.000e+00
     10.779   71.19248 -160.26610     0.0992    31.0165    1444.45  0.000e+00
     10.841   71.19248 -160.26610     0.0921    31.0181    1444.42  0.000e+00
     10.841   71.19248 -160.26610     0.0869    31.0222    1444.40  0.000e+00
     10.841   71.19248 -160.26610     0.0832    31.0263    1444.39  0.000e+00
     10.864   71.19248 -160.26610     0.0816    31.0224    1444.37  0.000e+00
     10.895   71.19248 -160.26610     0.0719    31.0022    1444.30  0.000e+00
     10.895   71.19248 -160.26610     0.0397    30.9917    1444.14  0.000e+00
     10.949   71.19248 -160.26610     0.0027    31.0022    1443.98  0.000e+00
     10.895   71.19248 -160.26610    -0.0315    31.0227    1443.85  0.000e+00
     10.918   71.19248 -160.26610    -0.0591    31.0337    1443.74  0.000e+00
     10.949   71.19248 -160.26610    -0.0903    31.0439    1443.61  0.000e+00
     10.949   71.19248 -160.26610    -0.1180    31.0558    1443.49  0.000e+00
     11.011   71.19248 -160.26610    -0.1418    31.0683    1443.40  0.000e+00
     11.011   71.19248 -160.26610    -0.1645    31.0752    1443.30  0.000e+00
     10.980   71.19248 -160.26610    -0.1880    31.0858    1443.21  0.000e+00
     11.011   71.19248 -160.26610    -0.2025    31.0970    1443.16  0.000e+00
     11.065   71.19248 -160.26610    -0.2118    31.1042    1443.12  0.000e+00
     11.011   71.19248 -160.26610    -0.2195    31.1095    1443.09  0.000e+00
     11.095   71.19248 -160.26610    -0.2264    31.1126    1443.07  0.000e+00
     11.065   71.19248 -160.26610    -0.2330    31.1148    1443.04  0.000e+00
     11.065   71.19248 -160.26610    -0.2373    31.1138    1443.02  0.000e+00
     11.126   71.19248 -160.26610    -0.2421    31.1131    1443.00  0.000e+00
     11.126   71.19248 -160.26610    -0.2478    31.1149    1442.97  0.000e+00
     11.095   71.19248 -160.26610    -0.2546    31.1165    1442.94  0.000e+00
     11.126   71.19248 -160.26610    -0.2616    31.1160    1442.91  0.000e+00
     11.180   71.19248 -160.26610    -0.2690    31.1155    1442.87  0.000e+00
     11.126   71.19248 -160.26610    -0.2784    31.1200    1442.84  0.000e+00
     11.242   71.19248 -160.26610    -0.2863    31.1269    1442.81  0.000e+00
     11.149   71.19248 -160.26610    -0.2879    31.1328    1442.81  0.000e+00
     11.180   71.19248 -160.26610    -0.2813    31.1306    1442.84  0.000e+00
     11.180   71.19248 -160.26610    -0.2758    31.1209    1442.85  0.000e+00
     11.242   71.19248 -160.26610    -0.2804    31.1163    1442.82  0.000e+00
     11.203   71.19248 -160.26610    -0.2905    31.1182    1442.78  0.000e+00
     11.242   71.19248 -160.26610    -0.2991    31.1231    1442.74  0.000e+00
     11.242   71.19248 -160.26610    -0.3074    31.1328    1442.72  0.000e+00
     11.242   71.19248 -160.26610    -0.3108    31.1396    1442.71  0.000e+00
     11.242   71.19248 -160.26610    -0.3095    31.1408    1442.72  0.000e+00
     11.265   71.19248 -160.26610    -0.3093    31.1415    1442.72  0.000e+00
     11.296   71.19248 -160.26610    -0.3100    31.1446    1442.72  0.000e+00
     11.242   71.19248 -160.26610    -0.3073    31.1464    1442.74  0.000e+00
     11.296   71.19248 -160.26610    -0.3026    31.1448    1442.76  0.000e+00
     11.265   71.19248 -160.26610    -0.2978    31.1442    1442.78  0.000e+00
     11.296   71.19248 -160.26610    -0.2935    31.1435    1442.80  0.000e+00
     11.350   71.19248 -160.26610    -0.2899    31.1410    1442.81  0.000e+00
