EcoFOCI/data/1_SampleCollection/2023_SikuliaqDBO_CruiseData/CTD_raw_BottleFile_SKQ23-12S/proc/skq202312s_052.ros
* Sea-Bird SBE 9 Data File:
* FileName = D:\CTD\SKQ202312S\SKQ202312S_052.hex
* Software Version Seasave V 7.26.7.121
* Temperature SN = 6177
* Conductivity SN = 0369
* Number of Bytes Per Scan = 41
* Number of Voltage Words = 4
* Number of Scans Averaged by the Deck Unit = 1
* NMEA Latitude = 70 49.96 N
* NMEA Longitude = 163 07.13 W
* NMEA UTC (Time) = Sep 26 2023  20:42:12
* NMEA baud rate = 4800
** Ship: R/V Sikuliaq
** Station Number: 052
** Station Name: C1
** Bottom Depth: 45
** Operator: SD
** Moorings site C1
# nquan = 22
# nvalues = 147                                   
# units = specified
# name 0 = depSM: Depth [salt water, m]
# name 1 = latitude: Latitude [deg]
# name 2 = longitude: Longitude [deg]
# name 3 = prDM: Pressure, Digiquartz [db]
# name 4 = t090C: Temperature [ITS-90, deg C]
# name 5 = t190C: Temperature, 2 [ITS-90, deg C]
# name 6 = potemp090C: Potential Temperature [ITS-90, deg C]
# name 7 = sal00: Salinity, Practical [PSU]
# name 8 = sal11: Salinity, Practical, 2 [PSU]
# name 9 = density00: Density [density, kg/m^3]
# name 10 = sigma-é00: Density [sigma-theta, kg/m^3]
# name 11 = sbox0Mm/Kg: Oxygen, SBE 43 [umol/kg]
# name 12 = sbox1Mm/Kg: Oxygen, SBE 43, 2 [umol/kg]
# name 13 = oxsolMm/Kg: Oxygen Saturation, Garcia & Gordon [umol/kg]
# name 14 = sbeox0PS: Oxygen, SBE 43 [% saturation]
# name 15 = v0: Voltage 0
# name 16 = flECO-AFL: Fluorescence, WET Labs ECO-AFL/FL [mg/m^3]
# name 17 = CStarAt0: Beam Attenuation, WET Labs C-Star [1/m]
# name 18 = par: PAR/Irradiance, Biospherical/Licor
# name 19 = scan: Scan Count
# name 20 = nbf: Bottles Fired
# name 21 = flag:  0.000e+00
# interval = seconds: 0.0416667
# start_time = Sep 26 2023 20:44:50 [NMEA time, first data scan]
# bad_flag = -9.990e-29
*END*
[from data line 66]
     38.140   70.83304 -163.11882     38.536     4.4640     4.4691     4.4614    31.7425    31.7525  1025.3297    25.1501    234.381    221.359  319.01928     73.469     0.0842     0.1575     2.6868 4.1638e-02       6044          2  0.000e+00
     38.187   70.83304 -163.11882     38.583     4.4640     4.4691     4.4614    31.7421    31.7525  1025.3296    25.1498    234.405    221.524  319.02017     73.477     0.0830     0.1502     2.6868 4.5745e-02       6045          2  0.000e+00
     38.140   70.83304 -163.11882     38.536     4.4640     4.4691     4.4614    31.7424    31.7526  1025.3296    25.1500    234.393    221.516  319.01956     73.473     0.0830     0.1502     2.6868 4.9956e-02       6046          2  0.000e+00
     38.194   70.83304 -163.11882     38.591     4.4641     4.4695     4.4615    31.7426    31.7521  1025.3300    25.1501    234.173    221.505  319.01832     73.404     0.0830     0.1502     2.6868 5.0431e-02       6047          2  0.000e+00
     38.194   70.83304 -163.11882     38.591     4.4643     4.4691     4.4617    31.7421    31.7523  1025.3296    25.1497    234.338    221.513  319.01785     73.456     0.0830     0.1502     2.6868 4.9956e-02       6048          2  0.000e+00
     38.133   70.83304 -163.11882     38.528     4.4642     4.4694     4.4616    31.7423    31.7521  1025.3295    25.1499    234.323    221.490  319.01852     73.451     0.0830     0.1502     2.6868 4.9956e-02       6049          2  0.000e+00
     38.194   70.83304 -163.11882     38.591     4.4643     4.4691     4.4617    31.7422    31.7525  1025.3297    25.1498    234.277    221.470  319.01766     73.437     0.0830     0.1502     2.6868 4.9956e-02       6050          2  0.000e+00
     38.194   70.83304 -163.11882     38.591     4.4646     4.4691     4.4620    31.7422    31.7525  1025.3296    25.1497    234.258    221.464  319.01532     73.431     0.0818     0.1428     2.6868 5.1863e-02       6051          2  0.000e+00
     38.133   70.83304 -163.11882     38.528     4.4645     4.4692     4.4619    31.7423    31.7527  1025.3295    25.1499    234.063    221.452  319.01609     73.370     0.0830     0.1502     2.6868 5.4762e-02       6052          2  0.000e+00
     38.194   70.83304 -163.11882     38.591     4.4648     4.4693     4.4622    31.7421    31.7526  1025.3295    25.1496    234.222    221.254  319.01429     73.421     0.0818     0.1428     2.6868 5.5251e-02       6053          2  0.000e+00
     38.194   70.83304 -163.11882     38.591     4.4651     4.4694     4.4625    31.7419    31.7523  1025.3294    25.1495    234.235    221.239  319.01223     73.425     0.0830     0.1502     2.6868 5.4276e-02       6054          2  0.000e+00
     38.194   70.83304 -163.11882     38.591     4.4651     4.4693     4.4625    31.7422    31.7528  1025.3296    25.1497    234.216    221.201  319.01168     73.419     0.0842     0.1575     2.6888 5.1863e-02       6055          2  0.000e+00
     38.187   70.83304 -163.11882     38.583     4.4651     4.4694     4.4625    31.7428    31.7530  1025.3300    25.1501    234.195    221.347  319.01027     73.413     0.0818     0.1428     2.6868 5.0907e-02       6056          2  0.000e+00
     38.194   70.83304 -163.11882     38.591     4.4653     4.4694     4.4627    31.7423    31.7528  1025.3296    25.1497    234.207    221.137  319.01028     73.417     0.0830     0.1502     2.6888 5.1384e-02       6057          2  0.000e+00
     38.194   70.83304 -163.11882     38.591     4.4653     4.4697     4.4627    31.7423    31.7529  1025.3297    25.1498    234.219    221.111  319.01009     73.421     0.0818     0.1428     2.6868 5.4762e-02       6058          2  0.000e+00
     38.140   70.83304 -163.11882     38.536     4.4656     4.4699     4.4630    31.7424    31.7523  1025.3294    25.1498    234.227    221.083  319.00750     73.424     0.0818     0.1428     2.6888 5.6231e-02       6059          2  0.000e+00
     38.187   70.83304 -163.11882     38.583     4.4656     4.4703     4.4630    31.7424    31.7523  1025.3296    25.1498    234.240    221.032  319.00756     73.428     0.0818     0.1428     2.6888 5.6723e-02       6060          2  0.000e+00
     38.194   70.83304 -163.11882     38.591     4.4657     4.4703     4.4631    31.7423    31.7523  1025.3296    25.1497    234.252    220.980  319.00654     73.432     0.0818     0.1428     2.6888 5.6231e-02       6061          2  0.000e+00
     38.194   70.83304 -163.11882     38.591     4.4657     4.4704     4.4631    31.7425    31.7524  1025.3297    25.1498    234.263    220.946  319.00616     73.435     0.0806     0.1355     2.6868 5.6231e-02       6062          2  0.000e+00
     38.248   70.83304 -163.11882     38.645     4.4657     4.4704     4.4631    31.7420    31.7525  1025.3297    25.1495    234.069    220.912  319.00716     73.374     0.0818     0.1428     2.6888 5.6231e-02       6063          2  0.000e+00
     38.194   70.83304 -163.11882     38.591     4.4659     4.4706     4.4633    31.7419    31.7526  1025.3293    25.1494    234.257    220.873  319.00634     73.433     0.0806     0.1355     2.6888 5.3790e-02       6064          2  0.000e+00
     38.194   70.83304 -163.11882     38.591     4.4662     4.4707     4.4636    31.7417    31.7523  1025.3291    25.1492    234.685    221.021  319.00428     73.568     0.0818     0.1428     2.6888 5.1863e-02       6065          2  0.000e+00
     38.194   70.83304 -163.11882     38.591     4.4660     4.4704     4.4634    31.7419    31.7525  1025.3293    25.1494    234.343    220.815  319.00503     73.461     0.0830     0.1502     2.6888 5.1863e-02       6066          2  0.000e+00
     38.187   70.83304 -163.11882     38.583     4.4662     4.4704     4.4636    31.7417    31.7526  1025.3290    25.1492    234.352    220.793  319.00446     73.464     0.0818     0.1428     2.6868 4.8071e-02       6067          2  0.000e+00
     38.256   70.83304 -163.11882     38.653     4.4659     4.4705     4.4633    31.7418    31.7524  1025.3295    25.1493    234.367    220.752  319.00660     73.468     0.0818     0.1428     2.6888 4.5283e-02       6068          2  0.000e+00
     38.194   70.83304 -163.11882     38.591     4.4659     4.4706     4.4633    31.7413    31.7527  1025.3288    25.1489    234.376    220.703  319.00764     73.470     0.0818     0.1428     2.6868 4.4823e-02       6069          2  0.000e+00
     38.248   70.83304 -163.11882     38.645     4.4662     4.4706     4.4636    31.7412    31.7524  1025.3289    25.1488    234.387    220.680  319.00556     73.474     0.0818     0.1428     2.6868 4.4823e-02       6070          2  0.000e+00
     38.194   70.83304 -163.11882     38.591     4.4657     4.4706     4.4631    31.7422    31.7524  1025.3295    25.1496    234.397    220.839  319.00728     73.477     0.0818     0.1428     2.6888 4.5283e-02       6071          2  0.000e+00
     38.194   70.83304 -163.11882     38.591     4.4656     4.4705     4.4630    31.7423    31.7525  1025.3296    25.1497    234.167    220.645  319.00784     73.405     0.0818     0.1428     2.6888 4.5283e-02       6072          2  0.000e+00
     38.256   70.83304 -163.11882     38.653     4.4654     4.4706     4.4628    31.7420    31.7522  1025.3297    25.1495    234.358    220.617  319.00969     73.464     0.0806     0.1355     2.6888 4.8540e-02       6073          2  0.000e+00
     38.187   70.83304 -163.11882     38.583     4.4657     4.4704     4.4631    31.7417    31.7527  1025.3290    25.1492    234.332    220.585  319.00811     73.456     0.0818     0.1428     2.6888 5.3790e-02       6074          2  0.000e+00
     38.256   70.83304 -163.11882     38.653     4.4660     4.4704     4.4634    31.7412    31.7524  1025.3290    25.1488    234.309    220.370  319.00678     73.450     0.0806     0.1355     2.6888 5.5251e-02       6075          2  0.000e+00
     38.248   70.83304 -163.11882     38.645     4.4689     4.4694     4.4663    31.7417    31.7524  1025.3291    25.1489    234.101    219.787  318.98341     73.390     0.0830     0.1502     2.6183 5.0431e-02       6234          3  0.000e+00
     38.256   70.83304 -163.11882     38.653     4.4689     4.4691     4.4663    31.7414    31.7525  1025.3288    25.1487    234.125    219.773  318.98425     73.397     0.0818     0.1428     2.6203 4.9483e-02       6235          3  0.000e+00
     38.256   70.83304 -163.11882     38.653     4.4692     4.4691     4.4666    31.7410    31.7523  1025.3285    25.1483    234.147    219.759  318.98275     73.404     0.0806     0.1355     2.6203 5.0907e-02       6236          3  0.000e+00
     38.256   70.83304 -163.11882     38.653     4.4692     4.4690     4.4666    31.7410    31.7528  1025.3285    25.1484    234.139    219.724  318.98266     73.402     0.0806     0.1355     2.6203 5.3306e-02       6237          3  0.000e+00
     38.302   70.83304 -163.11882     38.700     4.4689     4.4691     4.4663    31.7408    31.7525  1025.3286    25.1482    234.135    219.711  318.98570     73.400     0.0794     0.1282     2.6164 5.4276e-02       6238          3  0.000e+00
     38.256   70.83304 -163.11882     38.653     4.4689     4.4690     4.4663    31.7412    31.7526  1025.3286    25.1485    234.125    219.677  318.98481     73.397     0.0806     0.1355     2.6144 5.4276e-02       6239          3  0.000e+00
     38.310   70.83304 -163.11882     38.708     4.4687     4.4691     4.4661    31.7413    31.7522  1025.3291    25.1487    234.153    219.644  318.98637     73.405     0.0806     0.1355     2.6124 5.5251e-02       6240          3  0.000e+00
     38.248   70.83304 -163.11882     38.645     4.4688     4.4690     4.4662    31.7413    31.7525  1025.3288    25.1487    234.177    219.817  318.98555     73.413     0.0806     0.1355     2.6144 5.5740e-02       6241          3  0.000e+00
     38.256   70.83304 -163.11882     38.653     4.4688     4.4690     4.4662    31.7410    31.7526  1025.3286    25.1484    234.172    219.637  318.98630     73.411     0.0806     0.1355     2.6144 5.6231e-02       6242          3  0.000e+00
     38.256   70.83304 -163.11882     38.653     4.4686     4.4688     4.4660    31.7417    31.7525  1025.3291    25.1489    233.959    219.814  318.98594     73.344     0.0806     0.1355     2.6144 5.7712e-02       6243          3  0.000e+00
     38.310   70.83304 -163.11882     38.708     4.4686     4.4687     4.4660    31.7420    31.7526  1025.3296    25.1492    233.957    219.824  318.98517     73.344     0.0806     0.1355     2.6144 5.8706e-02       6244          3  0.000e+00
     38.248   70.83304 -163.11882     38.645     4.4686     4.4686     4.4660    31.7413    31.7526  1025.3288    25.1487    233.923    219.832  318.98677     73.333     0.0806     0.1355     2.6144 5.9205e-02       6245          3  0.000e+00
     38.256   70.83304 -163.11882     38.653     4.4684     4.4688     4.4658    31.7413    31.7522  1025.3288    25.1487    234.310    219.840  318.98799     73.454     0.0806     0.1355     2.6144 5.9706e-02       6246          3  0.000e+00
     38.310   70.83304 -163.11882     38.708     4.4686     4.4687     4.4660    31.7413    31.7527  1025.3291    25.1486    234.132    219.850  318.98684     73.399     0.0794     0.1282     2.6144 6.0711e-02       6247          3  0.000e+00
     38.302   70.83304 -163.11882     38.700     4.4686     4.4687     4.4660    31.7411    31.7526  1025.3289    25.1485    234.164    219.858  318.98730     73.409     0.0806     0.1355     2.6144 6.0208e-02       6248          3  0.000e+00
     38.256   70.83304 -163.11882     38.653     4.4684     4.4685     4.4658    31.7411    31.7525  1025.3287    25.1485    234.164    219.867  318.98846     73.408     0.0794     0.1282     2.6144 5.8706e-02       6249          3  0.000e+00
     38.310   70.83304 -163.11882     38.708     4.4686     4.4687     4.4660    31.7410    31.7523  1025.3288    25.1484    234.164    219.876  318.98749     73.409     0.0806     0.1355     2.6144 5.7712e-02       6250          3  0.000e+00
     38.256   70.83304 -163.11882     38.653     4.4686     4.4688     4.4660    31.7415    31.7526  1025.3290    25.1488    234.195    219.882  318.98640     73.418     0.0818     0.1428     2.6144 5.7217e-02       6251          3  0.000e+00
     38.302   70.83304 -163.11882     38.700     4.4686     4.4688     4.4660    31.7413    31.7525  1025.3290    25.1486    234.198    219.913  318.98692     73.419     0.0806     0.1355     2.6144 5.5251e-02       6252          3  0.000e+00
     38.256   70.83304 -163.11882     38.653     4.4688     4.4689     4.4662    31.7416    31.7526  1025.3290    25.1488    234.163    219.942  318.98500     73.409     0.0806     0.1355     2.6144 5.3790e-02       6253          3  0.000e+00
     38.256   70.83304 -163.11882     38.653     4.4689     4.4691     4.4663    31.7410    31.7525  1025.3285    25.1484    234.163    219.951  318.98518     73.409     0.0794     0.1282     2.6144 5.3306e-02       6254          3  0.000e+00
     38.302   70.83304 -163.11882     38.700     4.4686     4.4691     4.4660    31.7410    31.7527  1025.3287    25.1484    234.167    220.171  318.98767     73.409     0.0806     0.1355     2.6144 4.8540e-02       6255          3  0.000e+00
     38.256   70.83304 -163.11882     38.653     4.4686     4.4691     4.4660    31.7413    31.7526  1025.3288    25.1486    234.165    220.201  318.98696     73.409     0.0806     0.1355     2.6144 4.1638e-02       6256          3  0.000e+00
     38.310   70.83304 -163.11882     38.708     4.4688     4.4692     4.4662    31.7412    31.7526  1025.3290    25.1485    234.133    220.231  318.98590     73.399     0.0806     0.1355     2.6144 4.0292e-02       6257          3  0.000e+00
     38.256   70.83304 -163.11882     38.653     4.4686     4.4693     4.4660    31.7415    31.7527  1025.3290    25.1488    234.130    220.258  318.98640     73.398     0.0806     0.1355     2.6084 4.4823e-02       6258          3  0.000e+00
     38.302   70.83304 -163.11882     38.700     4.4688     4.4694     4.4662    31.7410    31.7524  1025.3287    25.1483    234.163    220.287  318.98608     73.409     0.0806     0.1355     2.6004 5.5251e-02       6259          3  0.000e+00
     38.310   70.83304 -163.11882     38.708     4.4688     4.4694     4.4662    31.7408    31.7525  1025.3286    25.1482    234.164    220.502  318.98683     73.409     0.0794     0.1282     2.5984 5.8208e-02       6260          3  0.000e+00
     38.256   70.83304 -163.11882     38.653     4.4686     4.4695     4.4660    31.7415    31.7521  1025.3289    25.1488    234.162    220.547  318.98650     73.408     0.0806     0.1355     2.5984 5.5740e-02       6261          3  0.000e+00
     38.310   70.83304 -163.11882     38.708     4.4684     4.4691     4.4658    31.7413    31.7527  1025.3291    25.1487    234.373    220.616  318.98796     73.474     0.0818     0.1428     2.5984 4.8540e-02       6262          3  0.000e+00
     38.248   70.83304 -163.11882     38.645     4.4686     4.4693     4.4660    31.7414    31.7523  1025.3289    25.1487    234.192    220.678  318.98658     73.418     0.0806     0.1355     2.5984 4.6207e-02       6263          3  0.000e+00
     38.310   70.83304 -163.11882     38.708     4.4683     4.4691     4.4657    31.7415    31.7522  1025.3292    25.1488    234.195    220.724  318.98890     73.418     0.0818     0.1428     2.5984 4.5745e-02       6264          3  0.000e+00
     38.256   70.83304 -163.11882     38.653     4.4686     4.4693     4.4660    31.7413    31.7525  1025.3288    25.1486    234.190    220.762  318.98687     73.417     0.0806     0.1355     2.5984 4.2542e-02       6265          3  0.000e+00
     38.302   70.83304 -163.11882     38.700     4.4684     4.4692     4.4658    31.7414    31.7524  1025.3291    25.1487    234.191    220.803  318.98786     73.417     0.0806     0.1355     2.5984 4.0740e-02       6266          3  0.000e+00
