EcoFOCI/data/1_SampleCollection/2023_SikuliaqDBO_CruiseData/CTD_raw_BottleFile_SKQ23-12S/proc/skq202312s_023.cnv
* Sea-Bird SBE 9 Data File:
* FileName = D:\CTD\SKQ202312S\SKQ202312S_023.hex
* Software Version Seasave V 7.26.7.121
* Temperature SN = 6177
* Conductivity SN = 0369
* Number of Bytes Per Scan = 41
* Number of Voltage Words = 4
* Number of Scans Averaged by the Deck Unit = 1
* NMEA Latitude = 64 57.70 N
* NMEA Longitude = 169 53.01 W
* NMEA UTC (Time) = Sep 18 2023  07:03:01
* NMEA baud rate = 4800
** Ship: R/V Sikuliaq
** Station Number: 023
** Station Name: DBO2.4
** Bottom Depth: 48
** Operator: SD
# nquan = 24
# nvalues = 5745                                  
# units = specified
# name 0 = depSM: Depth [salt water, m]
# name 1 = latitude: Latitude [deg]
# name 2 = longitude: Longitude [deg]
# name 3 = prDM: Pressure, Digiquartz [db]
# name 4 = t090C: Temperature [ITS-90, deg C]
# name 5 = t190C: Temperature, 2 [ITS-90, deg C]
# name 6 = potemp090C: Potential Temperature [ITS-90, deg C]
# name 7 = sal00: Salinity, Practical [PSU]
# name 8 = sal11: Salinity, Practical, 2 [PSU]
# name 9 = density00: Density [density, kg/m^3]
# name 10 = sigma-é00: Density [sigma-theta, kg/m^3]
# name 11 = sbox0Mm/Kg: Oxygen, SBE 43 [umol/kg]
# name 12 = sbox1Mm/Kg: Oxygen, SBE 43, 2 [umol/kg]
# name 13 = oxsolMm/Kg: Oxygen Saturation, Garcia & Gordon [umol/kg]
# name 14 = sbeox0PS: Oxygen, SBE 43 [% saturation]
# name 15 = sbeox1PS: Oxygen, SBE 43, 2 [% saturation]
# name 16 = v0: Voltage 0
# name 17 = flECO-AFL: Fluorescence, WET Labs ECO-AFL/FL [mg/m^3]
# name 18 = v1: Voltage 1
# name 19 = CStarAt0: Beam Attenuation, WET Labs C-Star [1/m]
# name 20 = par: PAR/Irradiance, Biospherical/Licor
# name 21 = scan: Scan Count
# name 22 = timeM: Time, Elapsed [minutes]
# name 23 = flag:  0.000e+00
# span 0 =      2.982,     42.925                 
# span 1 =   64.96160,   64.96168                 
# span 2 = -169.88358, -169.88352                 
# span 3 =      3.012,     43.354                 
# span 4 =     1.2940,     3.3595                 
# span 5 =     1.2953,     3.3612                 
# span 6 =     1.2931,     3.3576                 
# span 7 =    31.7597,    32.8509                 
# span 8 =    32.1244,    32.8234                 
# span 9 =  1025.4330,  1026.3945                 
# span 10 =    25.4180,    26.2163                
# span 11 =    241.886,    315.274                
# span 12 =    230.917,    303.333                
# span 13 =  325.19330,  344.38432                
# span 14 =     72.332,     91.801                
# span 15 =     69.041,     88.334                
# span 16 =     0.1123,     0.4750                
# span 17 =     0.3260,     2.5018                
# span 18 =     3.3663,     4.0733                
# span 19 =     0.5830,     1.3458                
# span 20 = 1.0000e-12, 5.6694e-01                
# span 21 =          1,       5745                
# span 22 =     0.0000,     3.9889                
# span 23 = 0.0000e+00, 0.0000e+00                
# interval = seconds: 0.0416667
# start_time = Sep 18 2023 07:06:42 [NMEA time, first data scan]
# bad_flag = -9.990e-29
*END*
[from data line 4167]
     42.243   64.96166 -169.88358     42.665     2.2243     2.2241     2.2221    32.7835    32.7958  1026.3805    26.1794    243.892    233.157  334.41495     72.931     69.727     0.2344     1.0586     3.5800     1.0996 1.0000e-12       4168     2.8937  0.000e+00
     42.243   64.96166 -169.88358     42.665     2.2237     2.2239     2.2215    32.7836    32.7957  1026.3807    26.1796    243.917    232.969  334.41952     72.938     69.670     0.2344     1.0586     3.5800     1.0996 1.0000e-12       4169     2.8944  0.000e+00
     42.289   64.96166 -169.88358     42.712     2.2236     2.2236     2.2215    32.7834    32.7959  1026.3807    26.1794    243.949    233.164  334.42063     72.947     69.728     0.2344     1.0586     3.5800     1.0996 1.0000e-12       4170     2.8951  0.000e+00
     42.243   64.96166 -169.88358     42.665     2.2230     2.2232     2.2208    32.7840    32.7955  1026.3810    26.1799    243.988    232.962  334.42451     72.958     69.667     0.2344     1.0586     3.5800     1.0996 1.0000e-12       4171     2.8958  0.000e+00
     42.243   64.96166 -169.88358     42.665     2.2224     2.2226     2.2202    32.7842    32.7954  1026.3812    26.1801    244.037    232.968  334.42897     72.971     69.668     0.2332     1.0513     3.5800     1.0996 1.0000e-12       4172     2.8965  0.000e+00
     42.243   64.96166 -169.88358     42.665     2.2217     2.2226     2.2196    32.7840    32.7952  1026.3812    26.1800    243.870    232.951  334.43480     72.920     69.663     0.2344     1.0586     3.5812     1.0982 1.0000e-12       4173     2.8972  0.000e+00
     42.297   64.96166 -169.88358     42.720     2.2215     2.2222     2.2193    32.7843    32.7951  1026.3816    26.1802    243.898    232.969  334.43601     72.928     69.667     0.2332     1.0513     3.5800     1.0996 1.0000e-12       4174     2.8979  0.000e+00
     42.289   64.96166 -169.88358     42.712     2.2217     2.2215     2.2196    32.7839    32.7957  1026.3813    26.1799    244.155    233.191  334.43517     73.005     69.733     0.2344     1.0586     3.5800     1.0996 1.0000e-12       4175     2.8986  0.000e+00
     42.297   64.96166 -169.88358     42.720     2.2215     2.2215     2.2193    32.7841    32.7957  1026.3815    26.1801    243.973    233.014  334.43695     72.950     69.680     0.2381     1.0806     3.5800     1.0996 1.0000e-12       4176     2.8993  0.000e+00
     42.297   64.96166 -169.88358     42.720     2.2213     2.2215     2.2191    32.7847    32.7957  1026.3820    26.1806    244.208    233.018  334.43674     73.021     69.681     0.2418     1.1025     3.5775     1.1023 1.0000e-12       4177     2.9000  0.000e+00
     42.351   64.96166 -169.88358     42.774     2.2219     2.2218     2.2197    32.7840    32.7950  1026.3816    26.1800    244.261    233.028  334.43360     73.037     69.684     0.2442     1.1172     3.5739     1.1064 1.0000e-12       4178     2.9007  0.000e+00
     42.297   64.96166 -169.88358     42.720     2.2221     2.2216     2.2199    32.7848    32.7954  1026.3820    26.1806    244.093    233.016  334.42977     72.988     69.680     0.2418     1.1025     3.5726     1.1078 1.0000e-12       4179     2.9014  0.000e+00
     42.297   64.96166 -169.88358     42.720     2.2227     2.2214     2.2205    32.7843    32.7956  1026.3815    26.1802    244.120    232.610  334.42593     72.997     69.559     0.2430     1.1099     3.5739     1.1064 1.0000e-12       4180     2.9021  0.000e+00
     42.351   64.96166 -169.88358     42.774     2.2233     2.2211     2.2211    32.7842    32.7949  1026.3817    26.1801    243.894    232.766  334.42112     72.930     69.604     0.2418     1.1025     3.5739     1.1064 1.0000e-12       4181     2.9028  0.000e+00
     42.351   64.96166 -169.88358     42.774     2.2236     2.2206     2.2215    32.7835    32.7950  1026.3811    26.1795    243.903    232.949  334.42030     72.933     69.658     0.2430     1.1099     3.5739     1.1064 1.0000e-12       4182     2.9035  0.000e+00
     42.351   64.96166 -169.88358     42.774     2.2233     2.2200     2.2211    32.7838    32.7953  1026.3814    26.1797    243.884    232.961  334.42216     72.927     69.661     0.2418     1.1025     3.5739     1.1064 1.0000e-12       4183     2.9042  0.000e+00
     42.351   64.96166 -169.88358     42.774     2.2231     2.2198     2.2210    32.7834    32.7952  1026.3810    26.1794    243.874    232.574  334.42466     72.923     69.545     0.2418     1.1025     3.5739     1.1064 1.0000e-12       4184     2.9049  0.000e+00
     42.351   64.96166 -169.88358     42.774     2.2226     2.2201     2.2204    32.7837    32.7950  1026.3814    26.1797    243.872    232.742  334.42830     72.922     69.596     0.2418     1.1025     3.5739     1.1064 1.0000e-12       4185     2.9056  0.000e+00
     42.405   64.96166 -169.88358     42.829     2.2227     2.2200     2.2205    32.7834    32.7954  1026.3813    26.1794    243.877    232.543  334.42827     72.924     69.536     0.2418     1.1025     3.5739     1.1064 1.0000e-12       4186     2.9063  0.000e+00
     42.351   64.96166 -169.88358     42.774     2.2227     2.2204     2.2205    32.7840    32.7954  1026.3816    26.1799    243.885    232.719  334.42674     72.926     69.590     0.2430     1.1099     3.5739     1.1064 1.0000e-12       4187     2.9069  0.000e+00
     42.412   64.96166 -169.88358     42.837     2.2229     2.2206     2.2207    32.7834    32.7955  1026.3813    26.1794    243.906    232.505  334.42704     72.932     69.526     0.2418     1.1025     3.5739     1.1064 1.0000e-12       4188     2.9076  0.000e+00
     42.412   64.96166 -169.88358     42.837     2.2227     2.2213     2.2205    32.7833    32.7953  1026.3813    26.1794    243.894    232.692  334.42849     72.929     69.583     0.2430     1.1099     3.5739     1.1064 1.0000e-12       4189     2.9083  0.000e+00
     42.412   64.96166 -169.88358     42.837     2.2221     2.2215     2.2199    32.7831    32.7957  1026.3811    26.1792    243.893    232.509  334.43411     72.927     69.529     0.2418     1.1025     3.5739     1.1064 1.0000e-12       4190     2.9090  0.000e+00
     42.466   64.96166 -169.88358     42.891     2.2219     2.2220     2.2197    32.7823    32.7960  1026.3808    26.1787    243.936    232.510  334.43783     72.939     69.530     0.2430     1.1099     3.5739     1.1064 1.0000e-12       4191     2.9097  0.000e+00
     42.412   64.96166 -169.88358     42.837     2.2215     2.2226     2.2193    32.7826    32.7957  1026.3808    26.1789    243.945    232.512  334.44087     72.941     69.532     0.2418     1.1025     3.5739     1.1064 1.0000e-12       4192     2.9104  0.000e+00
     42.412   64.96166 -169.88358     42.837     2.2210     2.2228     2.2188    32.7833    32.7958  1026.3814    26.1795    243.961    232.325  334.44304     72.945     69.476     0.2430     1.1099     3.5739     1.1064 1.0000e-12       4193     2.9111  0.000e+00
     42.466   64.96166 -169.88358     42.891     2.2205     2.2236     2.2183    32.7832    32.7954  1026.3816    26.1795    243.986    232.494  334.44738     72.952     69.528     0.2418     1.1025     3.5739     1.1064 1.0000e-12       4194     2.9118  0.000e+00
     42.466   64.96166 -169.88358     42.891     2.2206     2.2240     2.2185    32.7832    32.7953  1026.3817    26.1795    243.787    232.493  334.44593     72.893     69.528     0.2418     1.1025     3.5739     1.1064 1.0000e-12       4195     2.9125  0.000e+00
     42.466   64.96166 -169.88358     42.891     2.2204     2.2244     2.2183    32.7836    32.7957  1026.3820    26.1798    244.009    232.295  334.44686     72.959     69.470     0.2442     1.1172     3.5726     1.1078 1.0000e-12       4196     2.9132  0.000e+00
     42.466   64.96166 -169.88358     42.891     2.2205     2.2248     2.2183    32.7833    32.7955  1026.3817    26.1796    244.049    232.481  334.44707     72.971     69.526     0.2418     1.1025     3.5714     1.1091 1.0000e-12       4197     2.9139  0.000e+00
     42.466   64.96166 -169.88358     42.891     2.2203     2.2253     2.2181    32.7837    32.7953  1026.3820    26.1798    244.096    232.270  334.44759     72.985     69.464     0.2430     1.1099     3.5690     1.1119 1.0000e-12       4198     2.9146  0.000e+00
     42.466   64.96166 -169.88358     42.891     2.2205     2.2254     2.2183    32.7838    32.7956  1026.3821    26.1799    243.885    232.467  334.44592     72.922     69.523     0.2418     1.1025     3.5690     1.1119 1.0000e-12       4199     2.9153  0.000e+00
     42.528   64.96166 -169.88358     42.954     2.2208     2.2253     2.2186    32.7835    32.7950  1026.3821    26.1796    244.131    232.298  334.44404     72.996     69.472     0.2430     1.1099     3.5690     1.1119 1.0000e-12       4200     2.9160  0.000e+00
     42.520   64.96166 -169.88358     42.946     2.2212     2.2250     2.2190    32.7837    32.7952  1026.3823    26.1798    244.154    232.308  334.44018     73.004     69.474     0.2393     1.0879     3.5678     1.1132 1.0000e-12       4201     2.9167  0.000e+00
     42.466   64.96166 -169.88358     42.891     2.2215     2.2248     2.2193    32.7837    32.7951  1026.3820    26.1798    244.181    232.297  334.43792     73.012     69.471     0.2332     1.0513     3.5690     1.1119 1.0000e-12       4202     2.9174  0.000e+00
     42.528   64.96166 -169.88358     42.954     2.2219     2.2245     2.2197    32.7837    32.7949  1026.3822    26.1797    244.216    232.297  334.43437     73.024     69.470     0.2295     1.0293     3.5690     1.1119 1.0000e-12       4203     2.9181  0.000e+00
     42.528   64.96166 -169.88358     42.953     2.2224     2.2248     2.2202    32.7833    32.7945  1026.3819    26.1794    244.030    232.495  334.43125     72.969     69.530     0.2295     1.0293     3.5690     1.1119 1.0000e-12       4204     2.9188  0.000e+00
     42.528   64.96166 -169.88358     42.953     2.2222     2.2245     2.2200    32.7839    32.7950  1026.3824    26.1799    243.815    232.525  334.43104     72.904     69.538     0.2308     1.0366     3.5690     1.1119 1.0000e-12       4205     2.9194  0.000e+00
     42.582   64.96166 -169.88358     43.008     2.2222     2.2245     2.2200    32.7838    32.7947  1026.3825    26.1798    243.797    232.359  334.43132     72.899     69.489     0.2295     1.0293     3.5690     1.1119 1.0000e-12       4206     2.9201  0.000e+00
     42.520   64.96166 -169.88358     42.946     2.2221     2.2237     2.2199    32.7834    32.7951  1026.3819    26.1795    243.784    232.375  334.43322     72.895     69.492     0.2308     1.0366     3.5690     1.1119 1.0000e-12       4207     2.9208  0.000e+00
     42.582   64.96166 -169.88358     43.008     2.2221     2.2231     2.2199    32.7826    32.7956  1026.3816    26.1789    243.930    232.397  334.43570     72.938     69.498     0.2295     1.0293     3.5690     1.1119 1.0000e-12       4208     2.9215  0.000e+00
     42.528   64.96166 -169.88358     42.953     2.2221     2.2231     2.2199    32.7827    32.7954  1026.3814    26.1789    243.925    232.419  334.43552     72.936     69.505     0.2308     1.0366     3.5690     1.1119 1.0000e-12       4209     2.9222  0.000e+00
     42.582   64.96166 -169.88358     43.008     2.2221     2.2230     2.2199    32.7828    32.7953  1026.3817    26.1790    243.704    232.450  334.43539     72.870     69.513     0.2295     1.0293     3.5690     1.1119 1.0000e-12       4210     2.9229  0.000e+00
     42.582   64.96166 -169.88358     43.008     2.2213     2.2231     2.2191    32.7829    32.7949  1026.3819    26.1791    243.942    232.458  334.44142     72.940     69.516     0.2308     1.0366     3.5690     1.1119 1.0000e-12       4211     2.9236  0.000e+00
     42.574   64.96166 -169.88358     43.000     2.2210     2.2231     2.2188    32.7825    32.7951  1026.3816    26.1789    243.958    232.494  334.44463     72.944     69.527     0.2295     1.0293     3.5690     1.1119 1.0000e-12       4212     2.9243  0.000e+00
     42.582   64.96166 -169.88358     43.008     2.2206     2.2232     2.2185    32.7825    32.7956  1026.3816    26.1789    243.980    232.535  334.44776     72.950     69.540     0.2308     1.0366     3.5678     1.1132 1.0000e-12       4213     2.9250  0.000e+00
     42.582   64.96166 -169.88358     43.008     2.2208     2.2240     2.2186    32.7823    32.7952  1026.3814    26.1787    244.002    232.553  334.44703     72.957     69.546     0.2308     1.0366     3.5690     1.1119 1.0000e-12       4214     2.9257  0.000e+00
     42.644   64.96166 -169.88358     43.070     2.2208     2.2250     2.2186    32.7827    32.7947  1026.3821    26.1790    244.031    232.575  334.44597     72.966     69.554     0.2308     1.0366     3.5690     1.1119 1.0000e-12       4215     2.9264  0.000e+00
     42.582   64.96166 -169.88358     43.008     2.2206     2.2253     2.2185    32.7833    32.7947  1026.3822    26.1795    244.062    232.602  334.44588     72.975     69.562     0.2308     1.0366     3.5690     1.1119 1.0000e-12       4216     2.9271  0.000e+00
     42.636   64.96166 -169.88358     43.062     2.2208     2.2251     2.2186    32.7829    32.7946  1026.3822    26.1792    243.877    232.639  334.44544     72.920     69.573     0.2295     1.0293     3.5678     1.1132 1.0000e-12       4217     2.9278  0.000e+00
     42.644   64.96166 -169.88358     43.070     2.2206     2.2252     2.2184    32.7833    32.7941  1026.3825    26.1795    243.884    232.652  334.44628     72.922     69.577     0.2308     1.0366     3.5617     1.1201 1.0000e-12       4218     2.9285  0.000e+00
     42.582   64.96166 -169.88358     43.008     2.2205     2.2248     2.2183    32.7835    32.7944  1026.3824    26.1797    243.895    232.493  334.44661     72.925     69.529     0.2295     1.0293     3.5592     1.1228 1.0000e-12       4219     2.9292  0.000e+00
     42.644   64.96166 -169.88358     43.070     2.2205     2.2247     2.2183    32.7832    32.7949  1026.3825    26.1795    243.916    232.492  334.44732     72.931     69.529     0.2308     1.0366     3.5592     1.1228 1.0000e-12       4220     2.9299  0.000e+00
     42.644   64.96166 -169.88358     43.070     2.2201     2.2251     2.2179    32.7832    32.7950  1026.3825    26.1795    243.944    232.490  334.45117     72.938     69.529     0.2295     1.0293     3.5592     1.1228 1.0000e-12       4221     2.9306  0.000e+00
     42.644   64.96166 -169.88358     43.070     2.2201     2.2254     2.2179    32.7833    32.7949  1026.3826    26.1796    243.936    232.494  334.45085     72.936     69.530     0.2308     1.0366     3.5604     1.1215 1.0000e-12       4222     2.9312  0.000e+00
     42.636   64.96166 -169.88358     43.062     2.2195     2.2256     2.2173    32.7839    32.7946  1026.3831    26.1801    243.935    232.501  334.45375     72.935     69.533     0.2308     1.0366     3.5604     1.1215 1.0000e-12       4223     2.9319  0.000e+00
     42.644   64.96166 -169.88358     43.070     2.2196     2.2257     2.2174    32.7841    32.7943  1026.3832    26.1802    244.199    232.740  334.45293     73.014     69.604     0.2308     1.0366     3.5592     1.1228 1.0000e-12       4224     2.9326  0.000e+00
     42.644   64.96166 -169.88358     43.070     2.2196     2.2257     2.2174    32.7845    32.7942  1026.3836    26.1806    244.017    232.781  334.45178     72.960     69.617     0.2308     1.0366     3.5592     1.1228 1.0000e-12       4225     2.9333  0.000e+00
     42.644   64.96166 -169.88358     43.070     2.2202     2.2259     2.2180    32.7847    32.7947  1026.3837    26.1807    244.062    232.823  334.44627     72.975     69.630     0.2295     1.0293     3.5592     1.1228 1.0000e-12       4226     2.9340  0.000e+00
