EcoFOCI/data/1_SampleCollection/2023_SikuliaqDBO_CruiseData/CTD_raw_BottleFile_SKQ23-12S/proc/skq202312s_065svpavg.cnv
* Sea-Bird SBE 9 Data File:
* FileName = D:\CTD\SKQ202312S\SKQ202312S_065.hex
* Software Version Seasave V 7.26.7.121
* Temperature SN = 6177
* Conductivity SN = 0369
* Number of Bytes Per Scan = 41
* Number of Voltage Words = 4
* Number of Scans Averaged by the Deck Unit = 1
* NMEA Latitude = 72 05.73 N
* NMEA Longitude = 166 38.74 W
* NMEA UTC (Time) = Sep 28 2023  11:45:18
* NMEA baud rate = 4800
** Ship: R/V Sikuliaq
** Station Number: 065
** Station Name: IC0.2
** Bottom Depth: 46
** Operator: Bern
# nquan = 7
# nvalues = 40                          
# units = specified
# name 0 = depSM: Depth [salt water, m]
# name 1 = latitude: Latitude [deg]
# name 2 = longitude: Longitude [deg]
# name 3 = t090C: Temperature [ITS-90, deg C]
# name 4 = sal00: Salinity, Practical [PSU]
# name 5 = svCM: Sound Velocity [Chen-Millero, m/s]
# name 6 = flag: flag
# span 0 =      2.000,     41.000       
# span 1 =   72.09544,   72.09544       
# span 2 = -166.64595, -166.64570       
# span 3 =    -0.3190,     4.3960       
# span 4 =    30.8474,    32.3762       
# span 5 =    1444.74,    1463.56       
# span 6 = 0.0000e+00, 0.0000e+00       
# interval = meters: 1                  
# start_time = Sep 28 2023 11:48:51 [NMEA time, first data scan]
# bad_flag = -9.990e-29
*END*
      2.000   72.09544 -166.64570     4.0736    30.8622    1461.65 0.0000e+00
      3.000   72.09544 -166.64570     4.0738    30.8574    1461.65 0.0000e+00
      4.000   72.09544 -166.64570     4.0891    30.8550    1461.73 0.0000e+00
      5.000   72.09544 -166.64570     4.1250    30.8474    1461.89 0.0000e+00
      6.000   72.09544 -166.64570     4.0947    30.8537    1461.79 0.0000e+00
      7.000   72.09544 -166.64570     4.1101    30.8510    1461.86 0.0000e+00
      8.000   72.09544 -166.64570     4.0849    30.8586    1461.78 0.0000e+00
      9.000   72.09544 -166.64571     4.0832    30.8627    1461.80 0.0000e+00
     10.000   72.09544 -166.64572     4.0779    30.8668    1461.80 0.0000e+00
     11.000   72.09544 -166.64572     4.0741    30.8698    1461.80 0.0000e+00
     12.000   72.09544 -166.64573     4.0670    30.8711    1461.79 0.0000e+00
     13.000   72.09544 -166.64574     4.0654    30.8731    1461.80 0.0000e+00
     14.000   72.09544 -166.64574     4.0645    30.8704    1461.81 0.0000e+00
     15.000   72.09544 -166.64574     4.0657    30.8681    1461.83 0.0000e+00
     16.000   72.09544 -166.64576     4.0933    30.8634    1461.96 0.0000e+00
     17.000   72.09544 -166.64576     4.0791    30.8752    1461.93 0.0000e+00
     18.000   72.09544 -166.64576     4.1073    30.8960    1462.09 0.0000e+00
     19.000   72.09544 -166.64576     4.1650    30.9315    1462.40 0.0000e+00
     20.000   72.09544 -166.64576     4.2286    30.9579    1462.71 0.0000e+00
     21.000   72.09544 -166.64577     4.2730    30.9971    1462.96 0.0000e+00
     22.000   72.09544 -166.64578     4.3148    31.0111    1463.17 0.0000e+00
     23.000   72.09544 -166.64578     4.3960    31.0332    1463.56 0.0000e+00
     24.000   72.09544 -166.64578     4.3329    31.0406    1463.32 0.0000e+00
     25.000   72.09544 -166.64578     4.2817    31.0729    1463.16 0.0000e+00
     26.000   72.09544 -166.64578     4.3188    31.1574    1463.44 0.0000e+00
     27.000   72.09544 -166.64578     3.4935    31.6836    1460.65 0.0000e+00
     28.000   72.09544 -166.64580     1.6211    32.1043    1453.03 0.0000e+00
     29.000   72.09544 -166.64580     0.0800    32.3459    1446.44 0.0000e+00
     30.000   72.09544 -166.64580    -0.2225    32.3762    1445.09 0.0000e+00
     31.000   72.09544 -166.64580    -0.2591    32.3699    1444.93 0.0000e+00
     32.000   72.09544 -166.64580    -0.2779    32.3599    1444.84 0.0000e+00
     33.000   72.09544 -166.64580    -0.2832    32.3572    1444.83 0.0000e+00
     34.000   72.09544 -166.64582    -0.2937    32.3548    1444.79 0.0000e+00
     35.000   72.09544 -166.64582    -0.2971    32.3513    1444.79 0.0000e+00
     36.000   72.09544 -166.64582    -0.2984    32.3480    1444.79 0.0000e+00
     37.000   72.09544 -166.64586    -0.3035    32.3371    1444.77 0.0000e+00
     38.000   72.09544 -166.64590    -0.3133    32.3366    1444.74 0.0000e+00
     39.000   72.09544 -166.64591    -0.3145    32.3365    1444.75 0.0000e+00
     40.000   72.09544 -166.64592    -0.3173    32.3367    1444.76 0.0000e+00
     41.000   72.09544 -166.64595    -0.3190    32.3368    1444.77 0.0000e+00
