EcoFOCI/data/1_SampleCollection/2023_SikuliaqDBO_CruiseData/CTD_raw_BottleFile_SKQ23-12S/proc/skq202312s_028svp.cnv
* Sea-Bird SBE 9 Data File:
* FileName = D:\CTD\SKQ202312S\SKQ202312S_028.hex
* Software Version Seasave V 7.26.7.121
* Temperature SN = 6177
* Conductivity SN = 0369
* Number of Bytes Per Scan = 41
* Number of Voltage Words = 4
* Number of Scans Averaged by the Deck Unit = 1
* NMEA Latitude = 71 22.34 N
* NMEA Longitude = 157 24.94 W
* NMEA UTC (Time) = Sep 21 2023  03:13:25
* NMEA baud rate = 4800
** Ship: R/V Sikuliaq
** Station Number: 028
** Station Name: DBO5.4
** Bottom Depth: 112
** Operator: SD
# nquan = 7
# nvalues = 10603                                 
# units = specified
# name 0 = depSM: Depth [salt water, m]
# name 1 = latitude: Latitude [deg]
# name 2 = longitude: Longitude [deg]
# name 3 = t090C: Temperature [ITS-90, deg C]
# name 4 = sal00: Salinity, Practical [PSU]
# name 5 = svCM: Sound Velocity [Chen-Millero, m/s]
# name 6 = flag:  0.000e+00
# span 0 =      2.421,    106.151                 
# span 1 =   71.37238,   71.37258                 
# span 2 = -157.41494, -157.41336                 
# span 3 =    -1.5020,     4.8902                 
# span 4 =    30.0278,    32.5827                 
# span 5 =    1440.00,    1464.93                 
# span 6 = 0.0000e+00, 0.0000e+00                 
# interval = seconds: 0.0416667
# start_time = Sep 21 2023 03:18:10 [NMEA time, first data scan]
# bad_flag = -9.990e-29
*END*
[from data line 9642]
    105.101   71.37254 -157.41360    -1.4897    32.5754    1440.60  0.000e+00
    105.039   71.37254 -157.41360    -1.4893    32.5750    1440.61  0.000e+00
    105.101   71.37254 -157.41360    -1.4899    32.5759    1440.60  0.000e+00
    105.039   71.37254 -157.41360    -1.4895    32.5755    1440.61  0.000e+00
    105.039   71.37254 -157.41360    -1.4896    32.5755    1440.60  0.000e+00
    105.039   71.37254 -157.41360    -1.4894    32.5756    1440.61  0.000e+00
    105.062   71.37254 -157.41360    -1.4895    32.5753    1440.61  0.000e+00
    105.039   71.37254 -157.41360    -1.4892    32.5749    1440.61  0.000e+00
    105.039   71.37254 -157.41360    -1.4896    32.5755    1440.60  0.000e+00
    104.985   71.37254 -157.41360    -1.4895    32.5752    1440.60  0.000e+00
    105.039   71.37254 -157.41360    -1.4896    32.5755    1440.60  0.000e+00
    104.985   71.37254 -157.41360    -1.4895    32.5752    1440.60  0.000e+00
    105.039   71.37254 -157.41360    -1.4897    32.5754    1440.60  0.000e+00
    104.985   71.37254 -157.41360    -1.4896    32.5755    1440.60  0.000e+00
    104.985   71.37254 -157.41360    -1.4895    32.5752    1440.60  0.000e+00
    105.039   71.37254 -157.41360    -1.4896    32.5757    1440.60  0.000e+00
    104.946   71.37254 -157.41360    -1.4892    32.5753    1440.60  0.000e+00
    105.039   71.37254 -157.41360    -1.4896    32.5758    1440.60  0.000e+00
    104.985   71.37254 -157.41360    -1.4896    32.5752    1440.60  0.000e+00
    104.985   71.37254 -157.41360    -1.4892    32.5750    1440.60  0.000e+00
    104.985   71.37254 -157.41360    -1.4896    32.5756    1440.60  0.000e+00
    104.985   71.37254 -157.41360    -1.4896    32.5754    1440.60  0.000e+00
    105.039   71.37254 -157.41360    -1.4895    32.5753    1440.60  0.000e+00
    104.985   71.37254 -157.41360    -1.4896    32.5754    1440.60  0.000e+00
    104.985   71.37254 -157.41360    -1.4896    32.5755    1440.60  0.000e+00
    105.039   71.37254 -157.41360    -1.4896    32.5755    1440.60  0.000e+00
    105.008   71.37254 -157.41360    -1.4894    32.5754    1440.60  0.000e+00
    104.985   71.37254 -157.41360    -1.4896    32.5758    1440.60  0.000e+00
    105.039   71.37254 -157.41360    -1.4895    32.5755    1440.61  0.000e+00
    104.985   71.37254 -157.41360    -1.4896    32.5756    1440.60  0.000e+00
    105.039   71.37254 -157.41360    -1.4893    32.5752    1440.61  0.000e+00
    105.039   71.37254 -157.41360    -1.4896    32.5753    1440.60  0.000e+00
    105.039   71.37254 -157.41360    -1.4896    32.5753    1440.60  0.000e+00
    105.101   71.37254 -157.41360    -1.4895    32.5753    1440.61  0.000e+00
    105.101   71.37254 -157.41360    -1.4896    32.5755    1440.61  0.000e+00
    105.062   71.37254 -157.41360    -1.4894    32.5751    1440.61  0.000e+00
    105.101   71.37254 -157.41360    -1.4895    32.5751    1440.61  0.000e+00
    105.101   71.37254 -157.41360    -1.4894    32.5752    1440.61  0.000e+00
    105.101   71.37254 -157.41360    -1.4897    32.5756    1440.61  0.000e+00
    105.155   71.37254 -157.41360    -1.4896    32.5753    1440.61  0.000e+00
    105.101   71.37254 -157.41360    -1.4894    32.5754    1440.61  0.000e+00
    105.216   71.37254 -157.41360    -1.4893    32.5752    1440.61  0.000e+00
    105.155   71.37254 -157.41360    -1.4894    32.5753    1440.61  0.000e+00
    105.216   71.37254 -157.41360    -1.4894    32.5752    1440.61  0.000e+00
    105.216   71.37254 -157.41360    -1.4891    32.5751    1440.61  0.000e+00
    105.178   71.37254 -157.41360    -1.4892    32.5751    1440.61  0.000e+00
    105.270   71.37254 -157.41360    -1.4892    32.5752    1440.61  0.000e+00
    105.216   71.37254 -157.41360    -1.4893    32.5750    1440.61  0.000e+00
    105.332   71.37254 -157.41360    -1.4892    32.5754    1440.61  0.000e+00
    105.270   71.37254 -157.41360    -1.4894    32.5756    1440.61  0.000e+00
    105.332   71.37254 -157.41360    -1.4893    32.5751    1440.61  0.000e+00
    105.270   71.37254 -157.41360    -1.4892    32.5752    1440.61  0.000e+00
    105.386   71.37254 -157.41360    -1.4893    32.5753    1440.61  0.000e+00
    105.386   71.37254 -157.41360    -1.4892    32.5752    1440.61  0.000e+00
    105.348   71.37254 -157.41360    -1.4894    32.5755    1440.61  0.000e+00
    105.440   71.37254 -157.41360    -1.4893    32.5755    1440.61  0.000e+00
    105.440   71.37254 -157.41358    -1.4894    32.5754    1440.61  0.000e+00
    105.440   71.37254 -157.41358    -1.4891    32.5751    1440.61  0.000e+00
    105.440   71.37254 -157.41358    -1.4893    32.5753    1440.61  0.000e+00
    105.502   71.37254 -157.41358    -1.4891    32.5751    1440.61  0.000e+00
    105.502   71.37254 -157.41358    -1.4891    32.5748    1440.61  0.000e+00
    105.556   71.37254 -157.41358    -1.4891    32.5751    1440.61  0.000e+00
    105.556   71.37254 -157.41358    -1.4889    32.5749    1440.62  0.000e+00
    105.579   71.37254 -157.41358    -1.4891    32.5747    1440.61  0.000e+00
    105.556   71.37254 -157.41358    -1.4889    32.5750    1440.62  0.000e+00
    105.618   71.37254 -157.41358    -1.4891    32.5748    1440.62  0.000e+00
    105.672   71.37254 -157.41358    -1.4890    32.5745    1440.62  0.000e+00
    105.618   71.37254 -157.41358    -1.4891    32.5749    1440.62  0.000e+00
    105.734   71.37254 -157.41358    -1.4889    32.5749    1440.62  0.000e+00
    105.672   71.37254 -157.41358    -1.4890    32.5749    1440.62  0.000e+00
    105.734   71.37254 -157.41358    -1.4888    32.5745    1440.62  0.000e+00
    105.695   71.37254 -157.41358    -1.4893    32.5753    1440.62  0.000e+00
    105.788   71.37254 -157.41358    -1.4889    32.5747    1440.62  0.000e+00
    105.734   71.37254 -157.41358    -1.4891    32.5747    1440.62  0.000e+00
    105.788   71.37254 -157.41358    -1.4890    32.5751    1440.62  0.000e+00
    105.788   71.37254 -157.41358    -1.4891    32.5748    1440.62  0.000e+00
    105.850   71.37254 -157.41358    -1.4891    32.5748    1440.62  0.000e+00
    105.788   71.37254 -157.41358    -1.4890    32.5748    1440.62  0.000e+00
    105.850   71.37254 -157.41358    -1.4889    32.5746    1440.62  0.000e+00
    105.788   71.37254 -157.41358    -1.4890    32.5745    1440.62  0.000e+00
    105.919   71.37254 -157.41358    -1.4891    32.5743    1440.62  0.000e+00
    105.904   71.37254 -157.41358    -1.4891    32.5749    1440.62  0.000e+00
    105.904   71.37254 -157.41358    -1.4890    32.5747    1440.62  0.000e+00
    105.904   71.37254 -157.41358    -1.4891    32.5750    1440.62  0.000e+00
    105.850   71.37254 -157.41358    -1.4891    32.5749    1440.62  0.000e+00
    105.958   71.37254 -157.41358    -1.4893    32.5750    1440.62  0.000e+00
    105.904   71.37254 -157.41358    -1.4889    32.5744    1440.62  0.000e+00
    105.904   71.37254 -157.41358    -1.4890    32.5746    1440.62  0.000e+00
    105.981   71.37254 -157.41358    -1.4892    32.5749    1440.62  0.000e+00
    105.904   71.37254 -157.41358    -1.4889    32.5746    1440.62  0.000e+00
    105.958   71.37254 -157.41358    -1.4890    32.5744    1440.62  0.000e+00
    105.958   71.37254 -157.41358    -1.4891    32.5749    1440.62  0.000e+00
    105.904   71.37254 -157.41358    -1.4891    32.5748    1440.62  0.000e+00
    105.958   71.37254 -157.41358    -1.4890    32.5749    1440.62  0.000e+00
    105.958   71.37254 -157.41358    -1.4891    32.5748    1440.62  0.000e+00
    105.958   71.37254 -157.41358    -1.4891    32.5748    1440.62  0.000e+00
    105.919   71.37254 -157.41358    -1.4891    32.5748    1440.62  0.000e+00
    105.958   71.37254 -157.41358    -1.4891    32.5748    1440.62  0.000e+00
    105.904   71.37254 -157.41358    -1.4891    32.5745    1440.62  0.000e+00
    105.958   71.37254 -157.41358    -1.4891    32.5747    1440.62  0.000e+00
    105.958   71.37254 -157.41358    -1.4891    32.5745    1440.62  0.000e+00
    105.904   71.37254 -157.41358    -1.4893    32.5749    1440.62  0.000e+00
    105.904   71.37254 -157.41358    -1.4889    32.5744    1440.62  0.000e+00
    105.958   71.37254 -157.41358    -1.4889    32.5747    1440.62  0.000e+00
    105.865   71.37254 -157.41356    -1.4891    32.5745    1440.62  0.000e+00
    105.958   71.37254 -157.41356    -1.4889    32.5747    1440.62  0.000e+00
    105.850   71.37254 -157.41356    -1.4891    32.5745    1440.62  0.000e+00
    105.904   71.37254 -157.41356    -1.4892    32.5745    1440.62  0.000e+00
    105.904   71.37254 -157.41356    -1.4891    32.5745    1440.62  0.000e+00
    105.850   71.37254 -157.41356    -1.4890    32.5746    1440.62  0.000e+00
    105.850   71.37254 -157.41356    -1.4889    32.5742    1440.62  0.000e+00
    105.850   71.37254 -157.41356    -1.4889    32.5743    1440.62  0.000e+00
    105.811   71.37254 -157.41356    -1.4890    32.5749    1440.62  0.000e+00
    105.850   71.37254 -157.41356    -1.4889    32.5750    1440.62  0.000e+00
    105.788   71.37254 -157.41356    -1.4889    32.5747    1440.62  0.000e+00
    105.788   71.37254 -157.41356    -1.4890    32.5750    1440.62  0.000e+00
    105.788   71.37254 -157.41356    -1.4889    32.5747    1440.62  0.000e+00
    105.734   71.37254 -157.41356    -1.4890    32.5748    1440.62  0.000e+00
    105.734   71.37254 -157.41356    -1.4889    32.5745    1440.62  0.000e+00
    105.734   71.37254 -157.41356    -1.4889    32.5744    1440.62  0.000e+00
    105.672   71.37254 -157.41356    -1.4891    32.5746    1440.62  0.000e+00
    105.695   71.37254 -157.41356    -1.4892    32.5750    1440.62  0.000e+00
    105.672   71.37254 -157.41356    -1.4889    32.5745    1440.62  0.000e+00
    105.672   71.37254 -157.41356    -1.4891    32.5744    1440.62  0.000e+00
    105.618   71.37254 -157.41356    -1.4889    32.5744    1440.62  0.000e+00
    105.618   71.37254 -157.41356    -1.4891    32.5745    1440.61  0.000e+00
    105.556   71.37254 -157.41356    -1.4891    32.5746    1440.61  0.000e+00
    105.618   71.37254 -157.41356    -1.4889    32.5747    1440.62  0.000e+00
    105.556   71.37254 -157.41356    -1.4891    32.5746    1440.61  0.000e+00
    105.518   71.37254 -157.41356    -1.4891    32.5742    1440.61  0.000e+00
    105.502   71.37254 -157.41356    -1.4889    32.5744    1440.61  0.000e+00
    105.502   71.37254 -157.41356    -1.4891    32.5747    1440.61  0.000e+00
    105.502   71.37254 -157.41356    -1.4892    32.5749    1440.61  0.000e+00
    105.440   71.37254 -157.41356    -1.4891    32.5746    1440.61  0.000e+00
    105.440   71.37254 -157.41356    -1.4891    32.5745    1440.61  0.000e+00
    105.386   71.37254 -157.41356    -1.4892    32.5749    1440.61  0.000e+00
    105.440   71.37254 -157.41356    -1.4891    32.5746    1440.61  0.000e+00
    105.386   71.37254 -157.41356    -1.4892    32.5747    1440.61  0.000e+00
    105.348   71.37254 -157.41356    -1.4891    32.5748    1440.61  0.000e+00
    105.386   71.37254 -157.41356    -1.4893    32.5748    1440.61  0.000e+00
    105.270   71.37254 -157.41356    -1.4891    32.5746    1440.61  0.000e+00
    105.332   71.37254 -157.41356    -1.4891    32.5746    1440.61  0.000e+00
    105.332   71.37254 -157.41356    -1.4895    32.5754    1440.61  0.000e+00
    105.270   71.37254 -157.41356    -1.4891    32.5748    1440.61  0.000e+00
    105.216   71.37254 -157.41356    -1.4893    32.5749    1440.61  0.000e+00
    105.270   71.37254 -157.41356    -1.4891    32.5748    1440.61  0.000e+00
    105.270   71.37254 -157.41356    -1.4892    32.5750    1440.61  0.000e+00
    105.178   71.37254 -157.41356    -1.4893    32.5751    1440.61  0.000e+00
    105.216   71.37254 -157.41356    -1.4891    32.5749    1440.61  0.000e+00
    105.155   71.37254 -157.41356    -1.4891    32.5752    1440.61  0.000e+00
    105.216   71.37254 -157.41356    -1.4893    32.5754    1440.61  0.000e+00
    105.155   71.37254 -157.41356    -1.4894    32.5753    1440.61  0.000e+00
    105.101   71.37254 -157.41356    -1.4896    32.5753    1440.61  0.000e+00
    105.155   71.37254 -157.41356    -1.4895    32.5751    1440.61  0.000e+00
    105.101   71.37254 -157.41356    -1.4896    32.5756    1440.61  0.000e+00
    105.155   71.37254 -157.41356    -1.4895    32.5754    1440.61  0.000e+00
    105.101   71.37254 -157.41356    -1.4896    32.5759    1440.61  0.000e+00
    105.062   71.37254 -157.41356    -1.4896    32.5755    1440.60  0.000e+00
    105.101   71.37254 -157.41356    -1.4893    32.5753    1440.61  0.000e+00
    105.039   71.37254 -157.41356    -1.4894    32.5754    1440.61  0.000e+00
    105.039   71.37254 -157.41356    -1.4894    32.5751    1440.60  0.000e+00
    105.039   71.37254 -157.41356    -1.4896    32.5759    1440.61  0.000e+00
    105.101   71.37254 -157.41356    -1.4892    32.5752    1440.61  0.000e+00
    105.039   71.37254 -157.41356    -1.4895    32.5756    1440.61  0.000e+00
    104.985   71.37254 -157.41356    -1.4894    32.5754    1440.60  0.000e+00
    105.039   71.37254 -157.41356    -1.4894    32.5756    1440.61  0.000e+00
    105.062   71.37254 -157.41356    -1.4891    32.5753    1440.61  0.000e+00
    104.985   71.37254 -157.41356    -1.4894    32.5757    1440.60  0.000e+00
    105.039   71.37254 -157.41356    -1.4894    32.5754    1440.61  0.000e+00
    104.985   71.37254 -157.41356    -1.4893    32.5755    1440.61  0.000e+00
    105.039   71.37254 -157.41356    -1.4894    32.5756    1440.61  0.000e+00
    104.985   71.37254 -157.41356    -1.4892    32.5752    1440.60  0.000e+00
    105.039   71.37254 -157.41356    -1.4895    32.5754    1440.60  0.000e+00
    104.985   71.37254 -157.41356    -1.4894    32.5756    1440.60  0.000e+00
    104.985   71.37254 -157.41356    -1.4891    32.5751    1440.61  0.000e+00
    105.039   71.37254 -157.41356    -1.4896    32.5760    1440.61  0.000e+00
    105.008   71.37254 -157.41356    -1.4892    32.5753    1440.61  0.000e+00
    104.985   71.37254 -157.41356    -1.4891    32.5753    1440.61  0.000e+00
    105.039   71.37254 -157.41356    -1.4891    32.5758    1440.61  0.000e+00
    105.039   71.37254 -157.41356    -1.4892    32.5756    1440.61  0.000e+00
    105.039   71.37254 -157.41356    -1.4893    32.5757    1440.61  0.000e+00
    104.985   71.37254 -157.41356    -1.4889    32.5750    1440.61  0.000e+00
    105.039   71.37254 -157.41356    -1.4893    32.5752    1440.61  0.000e+00
    105.039   71.37254 -157.41356    -1.4892    32.5754    1440.61  0.000e+00
    105.101   71.37254 -157.41356    -1.4894    32.5754    1440.61  0.000e+00
    104.985   71.37254 -157.41356    -1.4893    32.5755    1440.61  0.000e+00
    105.116   71.37254 -157.41356    -1.4892    32.5752    1440.61  0.000e+00
    105.101   71.37254 -157.41356    -1.4892    32.5753    1440.61  0.000e+00
    105.101   71.37254 -157.41356    -1.4891    32.5750    1440.61  0.000e+00
    105.101   71.37254 -157.41356    -1.4892    32.5753    1440.61  0.000e+00
    105.101   71.37254 -157.41356    -1.4892    32.5754    1440.61  0.000e+00
    105.155   71.37254 -157.41356    -1.4893    32.5755    1440.61  0.000e+00
    105.155   71.37254 -157.41356    -1.4894    32.5753    1440.61  0.000e+00
    105.101   71.37254 -157.41356    -1.4893    32.5754    1440.61  0.000e+00
    105.216   71.37254 -157.41356    -1.4894    32.5753    1440.61  0.000e+00
    105.116   71.37254 -157.41356    -1.4896    32.5757    1440.61  0.000e+00
    105.216   71.37254 -157.41356    -1.4895    32.5753    1440.61  0.000e+00
    105.216   71.37254 -157.41356    -1.4892    32.5750    1440.61  0.000e+00
    105.216   71.37254 -157.41356    -1.4892    32.5755    1440.61  0.000e+00
    105.216   71.37254 -157.41356    -1.4893    32.5755    1440.61  0.000e+00
    105.270   71.37254 -157.41356    -1.4892    32.5751    1440.61  0.000e+00
    105.216   71.37254 -157.41356    -1.4893    32.5758    1440.61  0.000e+00
    105.332   71.37254 -157.41356    -1.4894    32.5754    1440.61  0.000e+00
    105.270   71.37254 -157.41356    -1.4892    32.5750    1440.61  0.000e+00
