EcoFOCI/data/1_SampleCollection/2023_SikuliaqDBO_CruiseData/CTD_raw_BottleFile_SKQ23-12S/proc/skq202312s_053.ros
* Sea-Bird SBE 9 Data File:
* FileName = D:\CTD\SKQ202312S\SKQ202312S_053.hex
* Software Version Seasave V 7.26.7.121
* Temperature SN = 6177
* Conductivity SN = 0369
* Number of Bytes Per Scan = 41
* Number of Voltage Words = 4
* Number of Scans Averaged by the Deck Unit = 1
* NMEA Latitude = 70 50.92 N
* NMEA Longitude = 163 11.04 W
* NMEA UTC (Time) = Sep 26 2023  23:34:43
* NMEA baud rate = 4800
** Ship: R/V Sikuliaq
** Station Number: 053
** Station Name: IC9
** Bottom Depth: 44
** Operator: SS
# nquan = 22
# nvalues = 833                                   
# units = specified
# name 0 = depSM: Depth [salt water, m]
# name 1 = latitude: Latitude [deg]
# name 2 = longitude: Longitude [deg]
# name 3 = prDM: Pressure, Digiquartz [db]
# name 4 = t090C: Temperature [ITS-90, deg C]
# name 5 = t190C: Temperature, 2 [ITS-90, deg C]
# name 6 = potemp090C: Potential Temperature [ITS-90, deg C]
# name 7 = sal00: Salinity, Practical [PSU]
# name 8 = sal11: Salinity, Practical, 2 [PSU]
# name 9 = density00: Density [density, kg/m^3]
# name 10 = sigma-é00: Density [sigma-theta, kg/m^3]
# name 11 = sbox0Mm/Kg: Oxygen, SBE 43 [umol/kg]
# name 12 = sbox1Mm/Kg: Oxygen, SBE 43, 2 [umol/kg]
# name 13 = oxsolMm/Kg: Oxygen Saturation, Garcia & Gordon [umol/kg]
# name 14 = sbeox0PS: Oxygen, SBE 43 [% saturation]
# name 15 = v0: Voltage 0
# name 16 = flECO-AFL: Fluorescence, WET Labs ECO-AFL/FL [mg/m^3]
# name 17 = CStarAt0: Beam Attenuation, WET Labs C-Star [1/m]
# name 18 = par: PAR/Irradiance, Biospherical/Licor
# name 19 = scan: Scan Count
# name 20 = nbf: Bottles Fired
# name 21 = flag:  0.000e+00
# interval = seconds: 0.0416667
# start_time = Sep 26 2023 23:38:01 [NMEA time, first data scan]
# bad_flag = -9.990e-29
*END*
[from data line 461]
     20.083   70.84874 -163.18488     20.290     4.7138     4.7111     4.7124    31.7813    31.7895  1025.2494    25.1549    248.238    233.020  317.01903     78.304     0.0904     0.1941     1.5943 5.8714e+00      13568         10  0.000e+00
     20.114   70.84874 -163.18488     20.321     4.7141     4.7115     4.7127    31.7813    31.7897  1025.2495    25.1549    248.391    233.019  317.01666     78.353     0.0904     0.1941     1.5835 5.8378e+00      13569         10  0.000e+00
     20.114   70.84874 -163.18488     20.321     4.7146     4.7118     4.7132    31.7813    31.7900  1025.2495    25.1549    248.365    233.020  317.01307     78.345     0.0916     0.2015     1.5789 5.8044e+00      13570         10  0.000e+00
     20.083   70.84874 -163.18488     20.290     4.7150     4.7118     4.7136    31.7815    31.7903  1025.2494    25.1549    248.335    233.024  317.00953     78.337     0.0904     0.1941     1.5804 5.8044e+00      13571         10  0.000e+00
     20.060   70.84874 -163.18488     20.267     4.7156     4.7122     4.7142    31.7806    31.7903  1025.2485    25.1542    248.715    233.030  317.00728     78.457     0.0904     0.1941     1.5804 5.6240e+00      13572         10  0.000e+00
     20.114   70.84874 -163.18488     20.321     4.7161     4.7122     4.7147    31.7806    31.7900  1025.2488    25.1542    248.362    233.043  317.00366     78.347     0.0904     0.1941     1.5804 5.4648e+00      13573         10  0.000e+00
     20.083   70.84874 -163.18488     20.290     4.7161     4.7126     4.7147    31.7811    31.7897  1025.2490    25.1545    248.152    233.053  317.00261     78.281     0.0916     0.2015     1.5804 5.4179e+00      13574         10  0.000e+00
     20.114   70.84874 -163.18488     20.321     4.7168     4.7126     4.7154    31.7807    31.7903  1025.2487    25.1541    248.083    233.254  316.99767     78.260     0.0904     0.1941     1.5804 5.2343e+00      13575         10  0.000e+00
     20.060   70.84874 -163.18488     20.267     4.7173     4.7133     4.7159    31.7810    31.7901  1025.2486    25.1543    248.011    233.101  316.99382     78.238     0.0904     0.1941     1.5804 5.0132e+00      13576         10  0.000e+00
     20.083   70.84874 -163.18488     20.290     4.7176     4.7137     4.7162    31.7812    31.7902  1025.2489    25.1544    247.941    233.098  316.99054     78.217     0.0904     0.1941     1.5804 4.9558e+00      13577         10  0.000e+00
     20.114   70.84874 -163.18488     20.321     4.7184     4.7145     4.7170    31.7806    31.7898  1025.2484    25.1538    247.901    233.116  316.98605     78.205     0.0904     0.1941     1.5804 4.8569e+00      13578         10  0.000e+00
     20.114   70.84874 -163.18488     20.321     4.7189     4.7152     4.7175    31.7810    31.7900  1025.2487    25.1541    247.859    233.136  316.98107     78.194     0.0904     0.1941     1.5804 4.6784e+00      13579         10  0.000e+00
     20.083   70.84874 -163.18488     20.290     4.7197     4.7158     4.7183    31.7811    31.7899  1025.2486    25.1541    247.815    233.158  316.97486     78.181     0.0904     0.1941     1.5804 4.6247e+00      13580         10  0.000e+00
     20.060   70.84874 -163.18488     20.267     4.7203     4.7166     4.7189    31.7811    31.7897  1025.2484    25.1541    247.773    233.182  316.97013     78.169     0.0891     0.1868     1.5804 4.5717e+00      13581         10  0.000e+00
     20.060   70.84874 -163.18488     20.267     4.7209     4.7174     4.7195    31.7818    31.7894  1025.2489    25.1545    247.731    233.189  316.96424     78.157     0.0904     0.1941     1.5804 4.3906e+00      13582         10  0.000e+00
     20.137   70.84874 -163.18488     20.345     4.7221     4.7178     4.7206    31.7812    31.7895  1025.2486    25.1539    247.689    233.201  316.95695     78.146     0.0891     0.1868     1.5804 4.3277e+00      13583         10  0.000e+00
     20.060   70.84874 -163.18488     20.267     4.7227     4.7181     4.7213    31.7816    31.7894  1025.2485    25.1542    247.644    233.211  316.95088     78.133     0.0904     0.1941     1.5804 4.3028e+00      13584         10  0.000e+00
     20.114   70.84874 -163.18488     20.321     4.7234     4.7185     4.7220    31.7822    31.7899  1025.2492    25.1546    247.603    233.225  316.94468     78.122     0.0916     0.2015     1.5804 4.1321e+00      13585         10  0.000e+00
     20.021   70.84874 -163.18488     20.228     4.7245     4.7188     4.7231    31.7819    31.7900  1025.2484    25.1543    247.556    233.238  316.93701     78.109     0.0904     0.1941     1.5804 4.0610e+00      13586         10  0.000e+00
     20.114   70.84874 -163.18488     20.321     4.7252     4.7193     4.7238    31.7819    31.7896  1025.2488    25.1542    247.517    233.237  316.93113     78.098     0.0904     0.1941     1.5804 4.0376e+00      13587         10  0.000e+00
     20.114   70.84874 -163.18488     20.321     4.7262     4.7196     4.7248    31.7820    31.7895  1025.2487    25.1541    247.473    233.234  316.92339     78.086     0.0904     0.1941     1.5758 3.8548e+00      13588         10  0.000e+00
     20.083   70.84874 -163.18488     20.290     4.7270     4.7199     4.7256    31.7818    31.7898  1025.2484    25.1539    247.462    233.231  316.91782     78.084     0.0904     0.1941     1.5574 3.7555e+00      13589         10  0.000e+00
     20.060   70.84874 -163.18488     20.267     4.7279     4.7201     4.7265    31.7822    31.7899  1025.2485    25.1542    247.450    233.250  316.90978     78.082     0.0904     0.1941     1.5513 3.7446e+00      13590         10  0.000e+00
     20.114   70.84874 -163.18488     20.321     4.7287     4.7210     4.7273    31.7821    31.7896  1025.2485    25.1539    247.444    233.085  316.90422     78.082     0.0904     0.1941     1.5513 3.5747e+00      13591         10  0.000e+00
     20.083   70.84874 -163.18488     20.290     4.7300     4.7215     4.7286    31.7817    31.7894  1025.2480    25.1535    247.434    233.087  316.89516     78.081     0.0891     0.1868     1.5513 3.4723e+00      13592         10  0.000e+00
     20.060   70.84874 -163.18488     20.267     4.7305     4.7218     4.7291    31.7820    31.7898  1025.2480    25.1537    247.398    233.072  316.89099     78.070     0.0904     0.1941     1.5528 3.4622e+00      13593         10  0.000e+00
     20.114   70.84874 -163.18488     20.321     4.7316     4.7225     4.7302    31.7814    31.7896  1025.2477    25.1532    247.155    233.264  316.88395     77.996     0.0904     0.1941     1.5528 3.5643e+00      13594         10  0.000e+00
     20.083   70.84874 -163.18488     20.290     4.7324     4.7229     4.7310    31.7816    31.7898  1025.2476    25.1532    247.119    233.271  316.87765     77.986     0.0904     0.1941     1.5528 3.6587e+00      13595         10  0.000e+00
     20.114   70.84874 -163.18488     20.321     4.7334     4.7237     4.7319    31.7808    31.7897  1025.2470    25.1525    247.088    233.094  316.87206     77.977     0.0904     0.1941     1.5528 3.6800e+00      13596         10  0.000e+00
     13.187   70.84874 -163.18488     13.323     6.8491     6.8494     6.8480    31.4850    31.4958  1024.7321    24.6708    273.445    257.241  302.17769     90.491     0.1013     0.2601     0.4871 1.6132e+01      16696         11  0.000e+00
     13.241   70.84874 -163.18488     13.377     6.8482     6.8499     6.8470    31.4853    31.4960  1024.7327    24.6711    273.457    257.202  302.18370     90.494     0.1001     0.2527     0.4871 1.6132e+01      16697         11  0.000e+00
     13.187   70.84874 -163.18488     13.323     6.8475     6.8505     6.8464    31.4864    31.4959  1024.7334    24.6721    273.462    256.987  302.18570     90.495     0.0989     0.2454     0.4871 1.6087e+01      16698         11  0.000e+00
     13.187   70.84874 -163.18488     13.323     6.8477     6.8513     6.8466    31.4878    31.4957  1024.7345    24.6732    273.407    256.932  302.18122     90.478     0.0989     0.2454     0.4871 1.6132e+01      16699         11  0.000e+00
     13.210   70.84874 -163.18488     13.346     6.8482     6.8520     6.8470    31.4880    31.4957  1024.7347    24.6732    273.407    256.880  302.17777     90.479     0.0989     0.2454     0.4871 1.6087e+01      16700         11  0.000e+00
     13.241   70.84874 -163.18488     13.377     6.8485     6.8510     6.8474    31.4883    31.4959  1024.7350    24.6734    273.407    256.858  302.17465     90.480     0.0989     0.2454     0.4871 1.6087e+01      16701         11  0.000e+00
     13.187   70.84874 -163.18488     13.323     6.8490     6.8485     6.8478    31.4881    31.4958  1024.7345    24.6732    273.212    256.847  302.17187     90.416     0.0989     0.2454     0.4847 1.6087e+01      16702         11  0.000e+00
     13.187   70.84874 -163.18488     13.323     6.8495     6.8467     6.8483    31.4876    31.4952  1024.7341    24.6728    273.379    256.836  302.16939     90.472     0.1001     0.2527     0.4847 1.6132e+01      16703         11  0.000e+00
     13.295   70.84874 -163.18488     13.432     6.8496     6.8465     6.8485    31.4874    31.4947  1024.7344    24.6726    273.385    256.822  302.16876     90.474     0.0977     0.2381     0.4859 1.6178e+01      16704         11  0.000e+00
     13.187   70.84874 -163.18488     13.323     6.8499     6.8469     6.8488    31.4872    31.4952  1024.7337    24.6724    273.355    256.798  302.16716     90.465     0.1001     0.2527     0.4859 1.6178e+01      16705         11  0.000e+00
     13.210   70.84874 -163.18488     13.346     6.8501     6.8473     6.8489    31.4871    31.4956  1024.7337    24.6723    273.358    256.781  302.16644     90.466     0.0977     0.2381     0.4859 1.6178e+01      16706         11  0.000e+00
     13.187   70.84874 -163.18488     13.323     6.8502     6.8477     6.8491    31.4863    31.4951  1024.7330    24.6716    273.360    256.594  302.16708     90.466     0.0989     0.2454     0.4847 1.6178e+01      16707         11  0.000e+00
     13.187   70.84874 -163.18488     13.323     6.8498     6.8481     6.8486    31.4855    31.4949  1024.7324    24.6710    273.367    256.566  302.17206     90.467     0.0989     0.2454     0.4859 1.6178e+01      16708         11  0.000e+00
     13.241   70.84874 -163.18488     13.377     6.8496     6.8480     6.8485    31.4844    31.4954  1024.7318    24.6702    273.374    256.547  302.17543     90.469     0.0989     0.2454     0.4847 1.6224e+01      16709         11  0.000e+00
     13.187   70.84874 -163.18488     13.323     6.8488     6.8485     6.8476    31.4844    31.4953  1024.7316    24.6703    273.380    256.524  302.18158     90.469     0.1001     0.2527     0.4847 1.6224e+01      16710         11  0.000e+00
     13.210   70.84874 -163.18488     13.346     6.8483     6.8493     6.8472    31.4852    31.4956  1024.7324    24.6710    273.385    256.505  302.18292     90.470     0.0989     0.2454     0.4847 1.6224e+01      16711         11  0.000e+00
     13.187   70.84874 -163.18488     13.323     6.8483     6.8497     6.8472    31.4866    31.4959  1024.7335    24.6721    273.383    256.490  302.17966     90.470     0.1001     0.2527     0.4859 1.6224e+01      16712         11  0.000e+00
     13.241   70.84874 -163.18488     13.377     6.8485     6.8499     6.8474    31.4873    31.4959  1024.7342    24.6726    273.193    256.483  302.17690     90.408     0.0989     0.2454     0.4859 1.6270e+01      16713         11  0.000e+00
     13.187   70.84874 -163.18488     13.323     6.8488     6.8497     6.8477    31.4875    31.4958  1024.7341    24.6728    273.357    256.479  302.17419     90.463     0.0989     0.2454     0.4859 1.6270e+01      16714         11  0.000e+00
     13.187   70.84874 -163.18488     13.323     6.8488     6.8500     6.8476    31.4875    31.4960  1024.7341    24.6728    273.388    256.477  302.17460     90.474     0.0989     0.2454     0.4859 1.6270e+01      16715         11  0.000e+00
     13.187   70.84874 -163.18488     13.323     6.8493     6.8504     6.8481    31.4876    31.4961  1024.7341    24.6728    273.389    256.478  302.17088     90.475     0.1001     0.2527     0.4859 1.6316e+01      16716         11  0.000e+00
     13.210   70.84874 -163.18488     13.346     6.8496     6.8507     6.8484    31.4871    31.4959  1024.7338    24.6723    273.393    256.485  302.16991     90.477     0.0989     0.2454     0.4847 1.6316e+01      16717         11  0.000e+00
     13.241   70.84874 -163.18488     13.377     6.8498     6.8510     6.8486    31.4869    31.4962  1024.7337    24.6721    273.398    256.494  302.16895     90.478     0.1001     0.2527     0.4859 1.6316e+01      16718         11  0.000e+00
     13.187   70.84874 -163.18488     13.323     6.8498     6.8515     6.8486    31.4872    31.4961  1024.7338    24.6724    273.372    256.485  302.16815     90.470     0.0989     0.2454     0.4859 1.6362e+01      16719         11  0.000e+00
     13.187   70.84874 -163.18488     13.323     6.8499     6.8515     6.8488    31.4876    31.4963  1024.7341    24.6727    273.346    256.484  302.16624     90.462     0.0989     0.2454     0.4859 1.6362e+01      16720         11  0.000e+00
     13.241   70.84874 -163.18488     13.377     6.8499     6.8516     6.8488    31.4875    31.4964  1024.7342    24.6726    273.323    256.679  302.16647     90.454     0.0989     0.2454     0.4859 1.6409e+01      16721         11  0.000e+00
     13.156   70.84874 -163.18488     13.292     6.8502     6.8520     6.8491    31.4872    31.4963  1024.7335    24.6724    273.319    256.540  302.16506     90.454     0.1026     0.2674     0.4859 1.6362e+01      16722         11  0.000e+00
     13.187   70.84874 -163.18488     13.323     6.8503     6.8521     6.8491    31.4872    31.4961  1024.7336    24.6723    273.321    256.567  302.16484     90.454     0.1026     0.2674     0.4859 1.6362e+01      16723         11  0.000e+00
     13.187   70.84874 -163.18488     13.323     6.8503     6.8521     6.8491    31.4874    31.4964  1024.7338    24.6725    273.322    256.597  302.16434     90.455     0.1026     0.2674     0.4847 1.6362e+01      16724         11  0.000e+00
     13.241   70.84874 -163.18488     13.377     6.8506     6.8518     6.8494    31.4873    31.4965  1024.7340    24.6724    273.323    256.616  302.16233     90.456     0.1038     0.2747     0.4847 1.6362e+01      16725         11  0.000e+00
     13.187   70.84874 -163.18488     13.323     6.8506     6.8515     6.8494    31.4874    31.4959  1024.7338    24.6725    273.322    256.636  302.16211     90.455     0.1026     0.2674     0.4847 1.6362e+01      16726         11  0.000e+00
     13.210   70.84874 -163.18488     13.346     6.8509     6.8505     6.8497    31.4873    31.4957  1024.7338    24.6724    273.322    256.838  302.16023     90.456     0.1038     0.2747     0.4847 1.6362e+01      16727         11  0.000e+00
     13.187   70.84874 -163.18488     13.323     6.8507     6.8495     6.8496    31.4861    31.4953  1024.7327    24.6714    273.134    256.712  302.16402     90.392     0.1026     0.2674     0.4859 1.6362e+01      16728         11  0.000e+00
     13.241   70.84874 -163.18488     13.377     6.8504     6.8473     6.8493    31.4834    31.4958  1024.7309    24.6693    273.311    256.945  302.17213     90.449     0.1038     0.2747     0.4847 1.6316e+01      16729         11  0.000e+00
     13.187   70.84874 -163.18488     13.323     6.8493     6.8451     6.8481    31.4827    31.4954  1024.7302    24.6689    273.321    257.004  302.18185     90.449     0.1026     0.2674     0.4859 1.6316e+01      16730         11  0.000e+00
     13.187   70.84874 -163.18488     13.323     6.8485     6.8413     6.8474    31.4830    31.4927  1024.7306    24.6693    273.135    257.083  302.18631     90.386     0.1038     0.2747     0.4859 1.6316e+01      16731         11  0.000e+00
