EcoFOCI/data/1_SampleCollection/2023_SikuliaqDBO_CruiseData/CTD_raw_BottleFile_SKQ23-12S/proc/skq202312s_075.ros
* Sea-Bird SBE 9 Data File:
* FileName = D:\CTD\SKQ202312S\SKQ202312S_075.hex
* Software Version Seasave V 7.26.7.121
* Temperature SN = 6177
* Conductivity SN = 0369
* Number of Bytes Per Scan = 41
* Number of Voltage Words = 4
* Number of Scans Averaged by the Deck Unit = 1
* NMEA Latitude = 68 14.82 N
* NMEA Longitude = 167 07.33 W
* NMEA UTC (Time) = Oct 02 2023  05:40:29
* NMEA baud rate = 4800
** Ship: R/V Sikuliaq
** Station Number: 075
** Station Name: DBO3.3
** Bottom Depth: 43
** Operator: SD
# nquan = 22
# nvalues = 833                                   
# units = specified
# name 0 = depSM: Depth [salt water, m]
# name 1 = latitude: Latitude [deg]
# name 2 = longitude: Longitude [deg]
# name 3 = prDM: Pressure, Digiquartz [db]
# name 4 = t090C: Temperature [ITS-90, deg C]
# name 5 = t190C: Temperature, 2 [ITS-90, deg C]
# name 6 = potemp090C: Potential Temperature [ITS-90, deg C]
# name 7 = sal00: Salinity, Practical [PSU]
# name 8 = sal11: Salinity, Practical, 2 [PSU]
# name 9 = density00: Density [density, kg/m^3]
# name 10 = sigma-é00: Density [sigma-theta, kg/m^3]
# name 11 = sbox0Mm/Kg: Oxygen, SBE 43 [umol/kg]
# name 12 = sbox1Mm/Kg: Oxygen, SBE 43, 2 [umol/kg]
# name 13 = oxsolMm/Kg: Oxygen Saturation, Garcia & Gordon [umol/kg]
# name 14 = sbeox0PS: Oxygen, SBE 43 [% saturation]
# name 15 = v0: Voltage 0
# name 16 = flECO-AFL: Fluorescence, WET Labs ECO-AFL/FL [mg/m^3]
# name 17 = CStarAt0: Beam Attenuation, WET Labs C-Star [1/m]
# name 18 = par: PAR/Irradiance, Biospherical/Licor
# name 19 = scan: Scan Count
# name 20 = nbf: Bottles Fired
# name 21 = flag:  0.000e+00
# interval = seconds: 0.0416667
# start_time = Oct 02 2023 05:44:07 [NMEA time, first data scan]
# bad_flag = -9.990e-29
*END*
[from data line 330]
     20.175   68.24630 -167.12286     20.380     7.6465     7.6360     7.6447    29.3105    29.3291  1022.9509    22.8572    268.480    255.733  301.47273     89.056     0.1282     0.4212     0.6313 1.0000e-12      12274          7  0.000e+00
     20.144   68.24630 -167.12286     20.349     7.6465     7.6354     7.6447    29.3102    29.3291  1022.9506    22.8570    268.493    255.743  301.47333     89.060     0.1282     0.4212     0.6313 1.0000e-12      12275          7  0.000e+00
     20.175   68.24630 -167.12286     20.380     7.6472     7.6359     7.6454    29.3101    29.3265  1022.9506    22.8568    268.528    255.749  301.46868     89.073     0.1270     0.4139     0.6313 1.0000e-12      12276          7  0.000e+00
     20.175   68.24630 -167.12286     20.380     7.6472     7.6360     7.6454    29.3102    29.3249  1022.9506    22.8568    268.541    255.749  301.46893     89.078     0.1282     0.4212     0.6313 1.0000e-12      12277          7  0.000e+00
     20.144   68.24630 -167.12286     20.349     7.6474     7.6354     7.6456    29.3099    29.3262  1022.9503    22.8566    268.170    255.917  301.46806     88.955     0.1270     0.4139     0.6313 1.0000e-12      12278          7  0.000e+00
     20.175   68.24630 -167.12286     20.380     7.6475     7.6340     7.6457    29.3100    29.3284  1022.9504    22.8567    268.513    255.756  301.46695     89.069     0.1282     0.4212     0.6313 1.0000e-12      12279          7  0.000e+00
     20.121   68.24630 -167.12286     20.325     7.6478     7.6335     7.6460    29.3100    29.3287  1022.9502    22.8567    268.494    255.760  301.46477     89.063     0.1270     0.4139     0.6313 1.0000e-12      12280          7  0.000e+00
     20.144   68.24630 -167.12286     20.349     7.6479     7.6342     7.6461    29.3100    29.3265  1022.9503    22.8566    268.478    255.759  301.46447     89.058     0.1282     0.4212     0.6313 1.0000e-12      12281          7  0.000e+00
     20.121   68.24630 -167.12286     20.325     7.6477     7.6352     7.6459    29.3100    29.3244  1022.9502    22.8567    268.295    255.735  301.46584     88.997     0.1270     0.4139     0.6313 1.0000e-12      12282          7  0.000e+00
     20.121   68.24630 -167.12286     20.325     7.6478     7.6360     7.6460    29.3096    29.3230  1022.9499    22.8564    268.467    255.707  301.46563     89.054     0.1282     0.4212     0.6313 1.0000e-12      12283          7  0.000e+00
     20.144   68.24630 -167.12286     20.349     7.6478     7.6363     7.6460    29.3097    29.3221  1022.9501    22.8564    268.257    255.695  301.46542     88.984     0.1282     0.4212     0.6313 1.0000e-12      12284          7  0.000e+00
     20.121   68.24630 -167.12286     20.325     7.6478     7.6355     7.6460    29.3096    29.3228  1022.9499    22.8564    268.210    255.682  301.46563     88.969     0.1270     0.4139     0.6313 1.0000e-12      12285          7  0.000e+00
     20.121   68.24630 -167.12286     20.325     7.6479     7.6351     7.6461    29.3101    29.3231  1022.9502    22.8567    268.378    255.493  301.46429     89.025     0.1282     0.4212     0.6313 1.0000e-12      12286          7  0.000e+00
     20.077   68.24628 -167.12290     20.282     7.6487     7.6496     7.6469    29.3135    29.3229  1022.9526    22.8592    267.639    253.662  301.45139     88.783     0.1282     0.4212     0.6240 8.4714e-06      13150          8  0.000e+00
     20.000   68.24628 -167.12290     20.204     7.6488     7.6495     7.6470    29.3131    29.3230  1022.9519    22.8590    267.553    253.486  301.45112     88.755     0.1282     0.4212     0.6240 1.0000e-12      13151          8  0.000e+00
     20.077   68.24628 -167.12290     20.282     7.6488     7.6494     7.6470    29.3131    29.3230  1022.9522    22.8589    267.501    253.476  301.45119     88.738     0.1270     0.4139     0.6240 1.0000e-12      13152          8  0.000e+00
     20.000   68.24628 -167.12290     20.204     7.6488     7.6494     7.6470    29.3132    29.3231  1022.9519    22.8590    267.445    253.465  301.45104     88.719     0.1282     0.4212     0.6240 1.0000e-12      13153          8  0.000e+00
     20.062   68.24628 -167.12290     20.266     7.6490     7.6494     7.6472    29.3135    29.3230  1022.9525    22.8593    267.394    253.464  301.44885     88.703     0.1282     0.4212     0.6240 1.0000e-12      13154          8  0.000e+00
     20.023   68.24628 -167.12290     20.227     7.6490     7.6492     7.6472    29.3136    29.3233  1022.9524    22.8593    267.154    253.465  301.44906     88.623     0.1282     0.4212     0.6240 1.0000e-12      13155          8  0.000e+00
     20.062   68.24628 -167.12290     20.266     7.6488     7.6494     7.6470    29.3136    29.3232  1022.9526    22.8594    267.276    253.298  301.45000     88.663     0.1270     0.4139     0.6240 1.0000e-12      13156          8  0.000e+00
     20.062   68.24628 -167.12290     20.266     7.6488     7.6492     7.6470    29.3136    29.3236  1022.9526    22.8594    267.042    253.294  301.45000     88.586     0.1282     0.4212     0.6240 1.0000e-12      13157          8  0.000e+00
     20.077   68.24628 -167.12290     20.282     7.6490     7.6478     7.6472    29.3135    29.3249  1022.9525    22.8592    266.976    253.301  301.44927     88.564     0.1245     0.3993     0.6240 1.0000e-12      13158          8  0.000e+00
     20.062   68.24628 -167.12290     20.266     7.6489     7.6465     7.6471    29.3134    29.3265  1022.9524    22.8592    266.914    253.295  301.45014     88.543     0.1258     0.4066     0.6240 1.0000e-12      13159          8  0.000e+00
     20.062   68.24628 -167.12290     20.266     7.6487     7.6453     7.6469    29.3137    29.3277  1022.9527    22.8594    266.882    253.294  301.45091     88.532     0.1258     0.4066     0.6240 1.0000e-12      13160          8  0.000e+00
     20.077   68.24628 -167.12290     20.282     7.6487     7.6433     7.6469    29.3137    29.3295  1022.9528    22.8595    266.827    253.130  301.45077     88.514     0.1258     0.4066     0.6216 1.0000e-12      13161          8  0.000e+00
     20.116   68.24628 -167.12290     20.321     7.6487     7.6418     7.6469    29.3143    29.3314  1022.9534    22.8599    266.802    253.125  301.44955     88.506     0.1258     0.4066     0.6180 1.0000e-12      13162          8  0.000e+00
     20.116   68.24628 -167.12290     20.321     7.6490     7.6407     7.6472    29.3149    29.3322  1022.9538    22.8603    266.751    253.296  301.44625     88.490     0.1245     0.3993     0.6168 1.0000e-12      13163          8  0.000e+00
     20.077   68.24628 -167.12290     20.282     7.6493     7.6397     7.6475    29.3151    29.3332  1022.9538    22.8605    266.131    253.123  301.44329     88.286     0.1258     0.4066     0.6180 8.4714e-06      13164          8  0.000e+00
     20.062   68.24628 -167.12290     20.266     7.6496     7.6386     7.6478    29.3148    29.3343  1022.9534    22.8602    266.613    253.113  301.44185     88.446     0.1245     0.3993     0.6180 1.0000e-12      13165          8  0.000e+00
     20.116   68.24628 -167.12290     20.321     7.6496     7.6362     7.6478    29.3149    29.3369  1022.9537    22.8602    266.416    252.943  301.44175     88.381     0.1258     0.4066     0.6168 1.0000e-12      13166          8  0.000e+00
     20.077   68.24628 -167.12290     20.282     7.6498     7.6359     7.6480    29.3151    29.3377  1022.9537    22.8604    266.386    252.939  301.44033     88.371     0.1245     0.3993     0.6180 1.0000e-12      13167          8  0.000e+00
     20.170   68.24628 -167.12290     20.375     7.6498     7.6355     7.6480    29.3157    29.3379  1022.9546    22.8608    266.557    252.929  301.43901     88.428     0.1258     0.4066     0.6180 1.0000e-12      13168          8  0.000e+00
     20.116   68.24628 -167.12290     20.321     7.6502     7.6351     7.6484    29.3156    29.3380  1022.9542    22.8607    266.369    252.921  301.43649     88.367     0.1245     0.3993     0.6168 8.4714e-06      13169          8  0.000e+00
     20.077   68.24628 -167.12290     20.282     7.6506     7.6355     7.6488    29.3160    29.3377  1022.9543    22.8609    266.351    252.897  301.43256     88.362     0.1258     0.4066     0.6168 1.0000e-12      13170          8  0.000e+00
     20.170   68.24628 -167.12290     20.375     7.6508     7.6362     7.6490    29.3161    29.3371  1022.9548    22.8610    266.346    253.054  301.43127     88.360     0.1245     0.3993     0.6168 1.0000e-12      13171          8  0.000e+00
     20.116   68.24628 -167.12290     20.321     7.6513     7.6366     7.6495    29.3160    29.3365  1022.9544    22.8609    266.148    253.055  301.42794     88.296     0.1258     0.4066     0.6180 1.0000e-12      13172          8  0.000e+00
     20.139   68.24628 -167.12290     20.344     7.6516     7.6366     7.6498    29.3161    29.3364  1022.9546    22.8610    266.316    253.065  301.42568     88.352     0.1245     0.3993     0.6180 1.0000e-12      13173          8  0.000e+00
     20.116   68.24628 -167.12290     20.321     7.6518     7.6366     7.6500    29.3166    29.3367  1022.9548    22.8613    266.323    253.076  301.42332     88.355     0.1258     0.4066     0.6168 1.0000e-12      13174          8  0.000e+00
     20.116   68.24628 -167.12290     20.321     7.6519     7.6365     7.6501    29.3167    29.3371  1022.9548    22.8613    266.336    252.904  301.42210     88.360     0.1245     0.3993     0.6168 1.0000e-12      13175          8  0.000e+00
     20.193   68.24628 -167.12290     20.398     7.6521     7.6359     7.6503    29.3171    29.3376  1022.9555    22.8616    266.357    253.070  301.42017     88.367     0.1245     0.3993     0.6180 1.0000e-12      13176          8  0.000e+00
     20.116   68.24628 -167.12290     20.321     7.6527     7.6355     7.6509    29.3172    29.3378  1022.9551    22.8616    266.376    253.094  301.41552     88.375     0.1245     0.3993     0.6180 1.0000e-12      13177          8  0.000e+00
     20.170   68.24628 -167.12290     20.375     7.6531     7.6352     7.6513    29.3174    29.3384  1022.9555    22.8617    266.406    253.108  301.41273     88.386     0.1258     0.4066     0.6180 1.0000e-12      13178          8  0.000e+00
     20.139   68.24628 -167.12290     20.344     7.6535     7.6354     7.6517    29.3165    29.3380  1022.9546    22.8610    266.439    253.122  301.41155     88.397     0.1258     0.4066     0.6180 1.0000e-12      13179          8  0.000e+00
     20.170   68.24628 -167.12290     20.375     7.6535     7.6350     7.6517    29.3160    29.3385  1022.9543    22.8606    266.483    253.143  301.41267     88.411     0.1258     0.4066     0.6180 1.0000e-12      13180          8  0.000e+00
     20.116   68.24628 -167.12290     20.321     7.6537     7.6342     7.6519    29.3149    29.3401  1022.9532    22.8597    266.528    253.165  301.41399     88.426     0.1258     0.4066     0.6168 1.0000e-12      13181          8  0.000e+00
     20.139   68.24628 -167.12290     20.344     7.6535     7.6342     7.6517    29.3148    29.3401  1022.9533    22.8597    266.773    253.191  301.41523     88.507     0.1258     0.4066     0.6156 1.0000e-12      13182          8  0.000e+00
     20.170   68.24628 -167.12290     20.375     7.6534     7.6340     7.6516    29.3139    29.3406  1022.9527    22.8590    266.641    253.222  301.41820     88.462     0.1270     0.4139     0.6156 1.0000e-12      13183          8  0.000e+00
     20.193   68.24628 -167.12290     20.398     7.6530     7.6338     7.6512    29.3145    29.3409  1022.9533    22.8595    266.677    253.256  301.41934     88.474     0.1282     0.4212     0.6156 1.0000e-12      13184          8  0.000e+00
     20.170   68.24628 -167.12290     20.375     7.6530     7.6340     7.6512    29.3149    29.3407  1022.9535    22.8598    266.714    253.290  301.41854     88.486     0.1294     0.4286     0.6156 1.0000e-12      13185          8  0.000e+00
     20.116   68.24628 -167.12290     20.321     7.6534     7.6338     7.6516    29.3143    29.3409  1022.9528    22.8593    266.562    253.328  301.41737     88.436     0.1294     0.4286     0.6156 1.0000e-12      13186          8  0.000e+00
     20.193   68.24628 -167.12290     20.398     7.6530     7.6342     7.6512    29.3144    29.3407  1022.9532    22.8594    266.780    253.371  301.41958     88.508     0.1294     0.4286     0.6144 1.0000e-12      13187          8  0.000e+00
     20.170   68.24628 -167.12290     20.375     7.6534     7.6345     7.6516    29.3138    29.3403  1022.9526    22.8589    266.613    253.415  301.41851     88.453     0.1282     0.4212     0.6156 1.0000e-12      13188          8  0.000e+00
     20.170   68.24628 -167.12290     20.375     7.6534     7.6346     7.6516    29.3140    29.3402  1022.9528    22.8590    266.617    253.464  301.41804     88.454     0.1294     0.4286     0.6156 1.0000e-12      13189          8  0.000e+00
     20.139   68.24628 -167.12290     20.344     7.6535     7.6352     7.6517    29.3137    29.3392  1022.9524    22.8588    266.814    253.687  301.41774     88.520     0.1294     0.4286     0.6156 1.0000e-12      13190          8  0.000e+00
     20.170   68.24628 -167.12290     20.375     7.6534     7.6352     7.6516    29.3142    29.3396  1022.9530    22.8592    266.852    253.570  301.41757     88.532     0.1294     0.4286     0.6156 1.0000e-12      13191          8  0.000e+00
     20.170   68.24628 -167.12290     20.375     7.6534     7.6345     7.6516    29.3144    29.3403  1022.9531    22.8594    266.892    253.614  301.41718     88.546     0.1282     0.4212     0.6156 1.0000e-12      13192          8  0.000e+00
     20.193   68.24628 -167.12290     20.398     7.6534     7.6346     7.6516    29.3142    29.3404  1022.9530    22.8592    266.175    253.831  301.41767     88.308     0.1294     0.4286     0.6156 1.0000e-12      13193          8  0.000e+00
     20.170   68.24628 -167.12290     20.375     7.6527     7.6344     7.6509    29.3143    29.3403  1022.9531    22.8594    266.699    253.894  301.42176     88.480     0.1282     0.4212     0.6156 1.0000e-12      13194          8  0.000e+00
     20.170   68.24628 -167.12290     20.375     7.6527     7.6344     7.6509    29.3142    29.3398  1022.9530    22.8593    266.919    253.959  301.42215     88.553     0.1294     0.4286     0.6156 1.0000e-12      13195          8  0.000e+00
     20.139   68.24628 -167.12290     20.344     7.6524     7.6357     7.6506    29.3145    29.3390  1022.9531    22.8595    266.978    254.019  301.42387     88.572     0.1282     0.4212     0.6156 1.0000e-12      13196          8  0.000e+00
     20.170   68.24628 -167.12290     20.375     7.6523     7.6368     7.6505    29.3142    29.3379  1022.9531    22.8593    267.042    254.066  301.42519     88.593     0.1294     0.4286     0.6144 1.0000e-12      13197          8  0.000e+00
     20.170   68.24628 -167.12290     20.375     7.6517     7.6390     7.6499    29.3145    29.3358  1022.9534    22.8597    267.083    254.109  301.42825     88.606     0.1294     0.4286     0.6156 1.0000e-12      13198          8  0.000e+00
     20.138   68.24628 -167.12290     20.343     7.6514     7.6416     7.6496    29.3155    29.3310  1022.9541    22.8605    268.482    254.140  301.42799     89.070     0.1245     0.3993     0.6131 1.0000e-12      13338          9  0.000e+00
     20.115   68.24628 -167.12290     20.320     7.6508     7.6416     7.6490    29.3158    29.3306  1022.9543    22.8608    268.538    253.959  301.43185     89.088     0.1258     0.4066     0.6144 1.0000e-12      13339          9  0.000e+00
     20.061   68.24628 -167.12290     20.265     7.6506     7.6421     7.6488    29.3164    29.3303  1022.9545    22.8613    268.588    253.933  301.43160     89.104     0.1245     0.3993     0.6144 1.0000e-12      13340          9  0.000e+00
