EcoFOCI/data/1_SampleCollection/2023_SikuliaqDBO_CruiseData/CTD_raw_BottleFile_SKQ23-12S/proc/skq202312s_019.cnv
* Sea-Bird SBE 9 Data File:
* FileName = D:\CTD\SKQ202312S\SKQ202312S_019.hex
* Software Version Seasave V 7.26.7.121
* Temperature SN = 6177
* Conductivity SN = 0369
* Number of Bytes Per Scan = 41
* Number of Voltage Words = 4
* Number of Scans Averaged by the Deck Unit = 1
* NMEA Latitude = 64 59.99 N
* NMEA Longitude = 168 13.30 W
* NMEA UTC (Time) = Sep 17 2023  22:28:58
* NMEA baud rate = 4800
** Ship: R/V Sikuliaq
** Station Number: 019
** Station Name: DBO2.7
** Bottom Depth: 45
** Operator: SD
# nquan = 24
# nvalues = 4581                                  
# units = specified
# name 0 = depSM: Depth [salt water, m]
# name 1 = latitude: Latitude [deg]
# name 2 = longitude: Longitude [deg]
# name 3 = prDM: Pressure, Digiquartz [db]
# name 4 = t090C: Temperature [ITS-90, deg C]
# name 5 = t190C: Temperature, 2 [ITS-90, deg C]
# name 6 = potemp090C: Potential Temperature [ITS-90, deg C]
# name 7 = sal00: Salinity, Practical [PSU]
# name 8 = sal11: Salinity, Practical, 2 [PSU]
# name 9 = density00: Density [density, kg/m^3]
# name 10 = sigma-é00: Density [sigma-theta, kg/m^3]
# name 11 = sbox0Mm/Kg: Oxygen, SBE 43 [umol/kg]
# name 12 = sbox1Mm/Kg: Oxygen, SBE 43, 2 [umol/kg]
# name 13 = oxsolMm/Kg: Oxygen Saturation, Garcia & Gordon [umol/kg]
# name 14 = sbeox0PS: Oxygen, SBE 43 [% saturation]
# name 15 = sbeox1PS: Oxygen, SBE 43, 2 [% saturation]
# name 16 = v0: Voltage 0
# name 17 = flECO-AFL: Fluorescence, WET Labs ECO-AFL/FL [mg/m^3]
# name 18 = v1: Voltage 1
# name 19 = CStarAt0: Beam Attenuation, WET Labs C-Star [1/m]
# name 20 = par: PAR/Irradiance, Biospherical/Licor
# name 21 = scan: Scan Count
# name 22 = timeM: Time, Elapsed [minutes]
# name 23 = flag:  0.000e+00
# span 0 =      1.992,     40.581                 
# span 1 =   64.99988,   64.99990                 
# span 2 = -168.22160, -168.22154                 
# span 3 =      2.012,     40.987                 
# span 4 =     4.3446,     7.4247                 
# span 5 =     4.3086,     7.4203                 
# span 6 =     4.3419,     7.4244                 
# span 7 =    27.1996,    32.0704                 
# span 8 =    27.2110,    32.0443                 
# span 9 =  1021.2397,  1025.5989                 
# span 10 =    21.2298,    25.4114                
# span 11 =    232.151,    299.294                
# span 12 =    259.575,    281.738                
# span 13 =  305.50502,  320.31280                
# span 14 =     72.494,     97.482                
# span 15 =     82.649,     92.134                
# span 16 =     0.1368,     0.4640                
# span 17 =     0.4725,     2.4359                
# span 18 =     3.1661,     3.8181                
# span 19 =     0.8419,     1.5912                
# span 20 = 1.0000e-12, 1.5833e+02                
# span 21 =          1,       4581                
# span 22 =     0.0000,     3.1806                
# span 23 = 0.0000e+00, 0.0000e+00                
# interval = seconds: 0.0416667
# start_time = Sep 17 2023 22:32:38 [NMEA time, first data scan]
# bad_flag = -9.990e-29
*END*
[from data line 484]
      2.817   64.99990 -168.22158      2.845     7.4177     7.4181     7.4175    27.2100    27.2210  1021.2513    21.2382    292.095    279.533  307.74729     94.914     90.840     0.3065     1.4908     3.6349     1.0386 1.2119e+02        485     0.3361  0.000e+00
      2.732   64.99990 -168.22158      2.759     7.4176     7.4181     7.4174    27.2102    27.2212  1021.2511    21.2383    292.097    279.687  307.74751     94.915     90.890     0.3065     1.4908     3.6337     1.0400 1.1950e+02        486     0.3368  0.000e+00
      2.732   64.99990 -168.22158      2.759     7.4176     7.4178     7.4174    27.2100    27.2221  1021.2509    21.2382    292.104    279.509  307.74797     94.917     90.832     0.3053     1.4835     3.6349     1.0386 1.1684e+02        487     0.3375  0.000e+00
      2.793   64.99990 -168.22158      2.821     7.4178     7.4178     7.4176    27.2088    27.2234  1021.2503    21.2372    292.115    279.489  307.74886     94.920     90.827     0.3065     1.4908     3.6337     1.0400 1.1618e+02        488     0.3382  0.000e+00
      2.732   64.99990 -168.22158      2.759     7.4181     7.4173     7.4179    27.2072    27.2252  1021.2487    21.2359    292.150    279.644  307.75080     94.931     90.877     0.3053     1.4835     3.6337     1.0400 1.1521e+02        489     0.3389  0.000e+00
      2.793   64.99990 -168.22158      2.821     7.4185     7.4173     7.4183    27.2053    27.2260  1021.2474    21.2344    291.970    279.466  307.75221     94.872     90.820     0.3065     1.4908     3.6349     1.0386 1.1201e+02        490     0.3396  0.000e+00
      2.847   64.99990 -168.22158      2.876     7.4187     7.4174     7.4185    27.2049    27.2251  1021.2473    21.2341    292.153    279.449  307.75166     94.931     90.814     0.3053     1.4835     3.6349     1.0386 1.1107e+02        491     0.3403  0.000e+00
      2.793   64.99990 -168.22158      2.821     7.4186     7.4179     7.4184    27.2056    27.2231  1021.2476    21.2346    292.164    279.428  307.75056     94.935     90.807     0.3065     1.4908     3.6349     1.0386 1.1075e+02        492     0.3410  0.000e+00
      2.793   64.99990 -168.22158      2.821     7.4187     7.4186     7.4185    27.2067    27.2197  1021.2485    21.2354    292.176    279.393  307.74767     94.940     90.795     0.3053     1.4835     3.6349     1.0386 1.0859e+02        493     0.3417  0.000e+00
      2.847   64.99990 -168.22158      2.876     7.4185     7.4194     7.4183    27.2074    27.2156  1021.2494    21.2361    292.249    279.377  307.74739     94.964     90.789     0.3053     1.4835     3.6349     1.0386 1.0768e+02        494     0.3424  0.000e+00
      2.901   64.99990 -168.22158      2.930     7.4184     7.4197     7.4182    27.2092    27.2128  1021.2510    21.2375    292.267    279.362  307.74411     94.971     90.782     0.3053     1.4835     3.6337     1.0400 1.0738e+02        495     0.3431  0.000e+00
      2.901   64.99990 -168.22158      2.930     7.4182     7.4203     7.4180    27.2101    27.2110  1021.2517    21.2382    292.260    279.165  307.74355     94.969     90.719     0.3053     1.4835     3.6349     1.0386 1.0528e+02        496     0.3438  0.000e+00
      2.847   64.99990 -168.22158      2.876     7.4181     7.4202     7.4179    27.2093    27.2112  1021.2509    21.2376    292.281    279.127  307.74596     94.975     90.706     0.3053     1.4835     3.6337     1.0400 1.0410e+02        497     0.3444  0.000e+00
      2.963   64.99990 -168.22158      2.992     7.4181     7.4197     7.4178    27.2090    27.2134  1021.2512    21.2373    292.281    279.094  307.74668     94.975     90.696     0.3040     1.4762     3.6349     1.0386 1.0410e+02        498     0.3451  0.000e+00
      2.901   64.99990 -168.22158      2.930     7.4178     7.4191     7.4176    27.2100    27.2178  1021.2517    21.2382    292.300    279.052  307.74618     94.981     90.684     0.3053     1.4835     3.6337     1.0400 1.0236e+02        499     0.3458  0.000e+00
      2.901   64.99990 -168.22158      2.930     7.4177     7.4184     7.4175    27.2124    27.2231  1021.2536    21.2401    292.291    279.011  307.74146     94.980     90.673     0.3040     1.4762     3.6349     1.0386 1.0121e+02        500     0.3465  0.000e+00
      2.901   64.99990 -168.22158      2.930     7.4175     7.4178     7.4173    27.2162    27.2301  1021.2566    21.2430    292.308    278.967  307.73448     94.987     90.662     0.3053     1.4835     3.6337     1.0400 1.0093e+02        501     0.3472  0.000e+00
      2.963   64.99990 -168.22158      2.992     7.4171     7.4170     7.4169    27.2205    27.2371  1021.2603    21.2465    292.134    278.927  307.72789     94.932     90.652     0.3040     1.4762     3.6349     1.0386 1.0065e+02        502     0.3479  0.000e+00
      2.963   64.99990 -168.22158      2.992     7.4167     7.4162     7.4165    27.2261    27.2439  1021.2648    21.2509    292.319    278.904  307.71769     94.996     90.647     0.3053     1.4835     3.6349     1.0386 1.0008e+02        503     0.3486  0.000e+00
      2.963   64.99990 -168.22158      2.992     7.4166     7.4155     7.4164    27.2295    27.2474  1021.2674    21.2536    292.340    278.871  307.71122     95.005     90.637     0.3053     1.4835     3.6349     1.0386 1.0008e+02        504     0.3493  0.000e+00
      2.963   64.99990 -168.22158      2.992     7.4161     7.4147     7.4159    27.2312    27.2504  1021.2688    21.2550    292.341    278.664  307.71086     95.005     90.570     0.3053     1.4835     3.6349     1.0386 1.0008e+02        505     0.3500  0.000e+00
      3.017   64.99990 -168.22158      3.047     7.4157     7.4133     7.4154    27.2326    27.2575  1021.2703    21.2562    292.344    278.633  307.71091     95.006     90.562     0.3053     1.4835     3.6349     1.0386 1.0036e+02        506     0.3507  0.000e+00
      3.017   64.99990 -168.22158      3.047     7.4157     7.4120     7.4154    27.2349    27.2663  1021.2721    21.2580    292.146    278.774  307.70565     94.943     90.611     0.3053     1.4835     3.6349     1.0386 1.0036e+02        507     0.3514  0.000e+00
      3.017   64.99990 -168.22158      3.047     7.4155     7.4111     7.4152    27.2405    27.2739  1021.2764    21.2623    292.306    278.581  307.69465     94.999     90.551     0.3053     1.4835     3.6349     1.0386 1.0065e+02        508     0.3521  0.000e+00
      3.079   64.99990 -168.22158      3.109     7.4153     7.4101     7.4150    27.2477    27.2791  1021.2824    21.2681    292.129    278.557  307.67935     94.946     90.545     0.3040     1.4762     3.6349     1.0386 1.0121e+02        509     0.3528  0.000e+00
      3.079   64.99990 -168.22158      3.109     7.4148     7.4094     7.4145    27.2548    27.2844  1021.2881    21.2737    292.290    278.530  307.66685     95.002     90.538     0.3053     1.4835     3.6349     1.0386 1.0150e+02        510     0.3535  0.000e+00
      3.079   64.99990 -168.22158      3.109     7.4141     7.4072     7.4138    27.2632    27.2952  1021.2947    21.2803    292.282    278.505  307.65343     95.004     90.533     0.3040     1.4762     3.6349     1.0386 1.0179e+02        511     0.3542  0.000e+00
      3.133   64.99990 -168.22158      3.164     7.4111     7.4050     7.4108    27.2785    27.3092  1021.3074    21.2928    292.083    278.477  307.63976     94.943     90.528     0.3053     1.4835     3.6349     1.0386 1.0236e+02        512     0.3549  0.000e+00
      3.133   64.99990 -168.22158      3.164     7.4082     7.4028     7.4079    27.2916    27.3225  1021.3180    21.3034    292.251    278.452  307.63078     95.000     90.524     0.3053     1.4835     3.6349     1.0386 1.0236e+02        513     0.3556  0.000e+00
      3.079   64.99990 -168.22158      3.109     7.4076     7.4007     7.4073    27.2933    27.3332  1021.3192    21.3048    292.255    278.430  307.63155     95.002     90.520     0.3053     1.4835     3.6349     1.0386 1.0236e+02        514     0.3563  0.000e+00
      3.194   64.99990 -168.22158      3.226     7.4079     7.4001     7.4076    27.2919    27.3359  1021.3186    21.3037    292.293    278.424  307.63227     95.014     90.518     0.3053     1.4835     3.6349     1.0386 1.0207e+02        515     0.3569  0.000e+00
      3.133   64.99990 -168.22158      3.164     7.4082     7.4012     7.4079    27.2902    27.3277  1021.3169    21.3023    292.298    278.422  307.63403     95.015     90.515     0.3053     1.4835     3.6349     1.0386 1.0207e+02        516     0.3576  0.000e+00
      3.133   64.99990 -168.22158      3.164     7.4090     7.4028     7.4087    27.2864    27.3169  1021.3139    21.2992    292.280    278.445  307.63682     95.008     90.518     0.3053     1.4835     3.6349     1.0386 1.0179e+02        517     0.3583  0.000e+00
      3.194   64.99990 -168.22158      3.226     7.4098     7.4042     7.4095    27.2838    27.3090  1021.3120    21.2971    292.093    278.451  307.63712     94.947     90.518     0.3040     1.4762     3.6349     1.0386 1.0121e+02        518     0.3590  0.000e+00
      3.194   64.99990 -168.22158      3.226     7.4102     7.4053     7.4099    27.2824    27.3037  1021.3109    21.2960    292.268    278.454  307.63766     95.004     90.517     0.3065     1.4908     3.6349     1.0386 1.0093e+02        519     0.3597  0.000e+00
      3.248   64.99990 -168.22158      3.280     7.4105     7.4057     7.4102    27.2804    27.3020  1021.3095    21.2943    292.278    278.458  307.64006     95.007     90.518     0.3053     1.4835     3.6349     1.0386 1.0093e+02        520     0.3604  0.000e+00
      3.194   64.99990 -168.22158      3.226     7.4102     7.4060     7.4099    27.2782    27.3009  1021.3076    21.2927    292.290    278.459  307.64710     95.008     90.519     0.3065     1.4908     3.6349     1.0386 9.9800e+01        521     0.3611  0.000e+00
      3.194   64.99990 -168.22158      3.226     7.4103     7.4063     7.4100    27.2780    27.2988  1021.3074    21.2925    292.296    278.467  307.64653     95.010     90.521     0.3053     1.4835     3.6337     1.0400 9.8961e+01        522     0.3618  0.000e+00
      3.248   64.99990 -168.22158      3.280     7.4108     7.4067     7.4105    27.2778    27.2941  1021.3074    21.2923    292.274    278.466  307.64346     95.004     90.518     0.3065     1.4908     3.6313     1.0426 9.8961e+01        523     0.3625  0.000e+00
      3.248   64.99990 -168.22158      3.280     7.4110     7.4079     7.4107    27.2773    27.2860  1021.3070    21.2918    292.279    278.484  307.64352     95.006     90.521     0.3065     1.4908     3.6325     1.0413 9.7578e+01        524     0.3632  0.000e+00
      3.248   64.99990 -168.22158      3.280     7.4113     7.4088     7.4110    27.2797    27.2806  1021.3088    21.2937    292.277    278.500  307.63605     95.008     90.524     0.3065     1.4908     3.6313     1.0426 9.6758e+01        525     0.3639  0.000e+00
      3.302   64.99990 -168.22158      3.335     7.4128     7.4095     7.4125    27.2806    27.2801  1021.3096    21.2942    292.272    278.511  307.62334     95.010     90.529     0.3065     1.4908     3.6313     1.0426 9.6758e+01        526     0.3646  0.000e+00
      3.248   64.99990 -168.22158      3.280     7.4145     7.4104     7.4142    27.2804    27.2823  1021.3090    21.2939    292.263    278.514  307.61137     95.010     90.534     0.3065     1.4908     3.6325     1.0413 9.5674e+01        527     0.3653  0.000e+00
      3.248   64.99990 -168.22158      3.280     7.4150     7.4114     7.4147    27.2815    27.2856  1021.3098    21.2946    292.262    278.518  307.60539     95.012     90.539     0.3065     1.4908     3.6313     1.0426 9.4870e+01        528     0.3660  0.000e+00
      3.302   64.99990 -168.22158      3.335     7.4153     7.4123     7.4150    27.2825    27.2873  1021.3108    21.2954    292.459    278.530  307.60098     95.077     90.546     0.3053     1.4835     3.6313     1.0426 9.4603e+01        529     0.3667  0.000e+00
      3.302   64.99990 -168.22158      3.335     7.4158     7.4130     7.4155    27.2836    27.2884  1021.3116    21.2961    292.344    278.527  307.59516     95.042     90.547     0.3065     1.4908     3.6313     1.0426 9.4072e+01        530     0.3674  0.000e+00
      3.302   64.99990 -168.22158      3.335     7.4163     7.4141     7.4160    27.2845    27.2885  1021.3122    21.2968    292.345    278.367  307.58983     95.044     90.498     0.3053     1.4835     3.6325     1.0413 9.3544e+01        531     0.3681  0.000e+00
      3.364   64.99990 -168.22158      3.397     7.4165     7.4151     7.4162    27.2844    27.2883  1021.3124    21.2967    291.770    278.372  307.58859     94.857     90.501     0.3065     1.4908     3.6313     1.0426 9.3281e+01        532     0.3688  0.000e+00
      3.248   64.99990 -168.22158      3.280     7.4167     7.4160     7.4165    27.2835    27.2887  1021.3111    21.2960    292.252    278.355  307.58860     95.014     90.498     0.3053     1.4835     3.6313     1.0426 9.3281e+01        533     0.3694  0.000e+00
      3.364   64.99990 -168.22158      3.397     7.4165     7.4171     7.4162    27.2825    27.2895  1021.3109    21.2952    292.270    278.346  307.59292     95.018     90.498     0.3065     1.4908     3.6325     1.0413 9.3019e+01        534     0.3701  0.000e+00
      3.364   64.99990 -168.22158      3.397     7.4162     7.4174     7.4159    27.2815    27.2897  1021.3102    21.2945    292.283    278.360  307.59722     95.021     90.503     0.3077     1.4982     3.6313     1.0426 9.3281e+01        535     0.3708  0.000e+00
      3.302   64.99990 -168.22158      3.335     7.4155     7.4178     7.4152    27.2814    27.2890  1021.3099    21.2945    292.295    278.358  307.60251     95.023     90.503     0.3065     1.4908     3.6313     1.0426 9.3019e+01        536     0.3715  0.000e+00
      3.364   64.99990 -168.22158      3.397     7.4153     7.4174     7.4150    27.2805    27.2887  1021.3095    21.2938    292.309    278.367  307.60553     95.027     90.505     0.3065     1.4908     3.6325     1.0413 9.3281e+01        537     0.3722  0.000e+00
      3.302   64.99990 -168.22158      3.335     7.4155     7.4173     7.4152    27.2794    27.2876  1021.3084    21.2929    292.316    278.391  307.60692     95.029     90.511     0.3065     1.4908     3.6313     1.0426 9.3281e+01        538     0.3729  0.000e+00
      3.364   64.99990 -168.22158      3.397     7.4157     7.4168     7.4154    27.2788    27.2866  1021.3081    21.2924    292.300    278.231  307.60692     95.024     90.458     0.3065     1.4908     3.6313     1.0426 9.3281e+01        539     0.3736  0.000e+00
      3.364   64.99990 -168.22158      3.397     7.4160     7.4165     7.4157    27.2782    27.2852  1021.3076    21.2919    292.307    278.231  307.60625     95.026     90.456     0.3053     1.4835     3.6313     1.0426 9.3544e+01        540     0.3743  0.000e+00
      3.364   64.99990 -168.22158      3.397     7.4160     7.4160     7.4157    27.2777    27.2846  1021.3072    21.2915    292.315    278.232  307.60733     95.029     90.455     0.3065     1.4908     3.6313     1.0426 9.3544e+01        541     0.3750  0.000e+00
      3.364   64.99990 -168.22158      3.397     7.4163     7.4160     7.4160    27.2764    27.2844  1021.3061    21.2904    292.323    278.233  307.60780     95.031     90.455     0.3053     1.4835     3.6313     1.0426 9.3544e+01        542     0.3757  0.000e+00
      3.364   64.99990 -168.22158      3.397     7.4166     7.4157     7.4163    27.2764    27.2846  1021.3061    21.2904    292.329    278.238  307.60593     95.034     90.456     0.3065     1.4908     3.6313     1.0426 9.3807e+01        543     0.3764  0.000e+00
