EcoFOCI/data/1_SampleCollection/2023_SikuliaqDBO_CruiseData/CTD_raw_BottleFile_SKQ23-12S/proc/skq202312s_052svp.cnv
* Sea-Bird SBE 9 Data File:
* FileName = D:\CTD\SKQ202312S\SKQ202312S_052.hex
* Software Version Seasave V 7.26.7.121
* Temperature SN = 6177
* Conductivity SN = 0369
* Number of Bytes Per Scan = 41
* Number of Voltage Words = 4
* Number of Scans Averaged by the Deck Unit = 1
* NMEA Latitude = 70 49.96 N
* NMEA Longitude = 163 07.13 W
* NMEA UTC (Time) = Sep 26 2023  20:42:12
* NMEA baud rate = 4800
** Ship: R/V Sikuliaq
** Station Number: 052
** Station Name: C1
** Bottom Depth: 45
** Operator: SD
** Moorings site C1
# nquan = 7
# nvalues = 3928                                  
# units = specified
# name 0 = depSM: Depth [salt water, m]
# name 1 = latitude: Latitude [deg]
# name 2 = longitude: Longitude [deg]
# name 3 = t090C: Temperature [ITS-90, deg C]
# name 4 = sal00: Salinity, Practical [PSU]
# name 5 = svCM: Sound Velocity [Chen-Millero, m/s]
# name 6 = flag:  0.000e+00
# span 0 =      2.356,     38.957                 
# span 1 =   70.83274,   70.83288                 
# span 2 = -163.11888, -163.11886                 
# span 3 =     4.4581,     7.1671                 
# span 4 =    28.7142,    31.7641                 
# span 5 =    1464.96,    1474.54                 
# span 6 = 0.0000e+00, 0.0000e+00                 
# interval = seconds: 0.0416667
# start_time = Sep 26 2023 20:44:50 [NMEA time, first data scan]
# bad_flag = -9.990e-29
*END*
[from data line 2462]
     27.195   70.83280 -163.11886     5.9410    31.6248    1470.70  0.000e+00
     27.157   70.83280 -163.11886     5.9353    31.6253    1470.67  0.000e+00
     27.195   70.83280 -163.11886     5.9293    31.6264    1470.65  0.000e+00
     27.218   70.83280 -163.11886     5.9235    31.6263    1470.63  0.000e+00
     27.195   70.83280 -163.11886     5.9179    31.6270    1470.61  0.000e+00
     27.272   70.83280 -163.11886     5.9127    31.6283    1470.59  0.000e+00
     27.311   70.83280 -163.11886     5.9079    31.6297    1470.57  0.000e+00
     27.272   70.83280 -163.11886     5.9033    31.6314    1470.55  0.000e+00
     27.311   70.83280 -163.11886     5.8986    31.6322    1470.54  0.000e+00
     27.388   70.83280 -163.11886     5.8941    31.6344    1470.52  0.000e+00
     27.373   70.83280 -163.11886     5.8907    31.6358    1470.51  0.000e+00
     27.334   70.83280 -163.11886     5.8875    31.6364    1470.50  0.000e+00
     27.427   70.83280 -163.11886     5.8849    31.6374    1470.49  0.000e+00
     27.388   70.83280 -163.11886     5.8822    31.6381    1470.48  0.000e+00
     27.488   70.83280 -163.11886     5.8800    31.6379    1470.47  0.000e+00
     27.442   70.83280 -163.11886     5.8774    31.6388    1470.46  0.000e+00
     27.488   70.83280 -163.11886     5.8755    31.6385    1470.46  0.000e+00
     27.504   70.83280 -163.11886     5.8731    31.6393    1470.45  0.000e+00
     27.542   70.83280 -163.11886     5.8709    31.6396    1470.44  0.000e+00
     27.558   70.83280 -163.11886     5.8684    31.6402    1470.43  0.000e+00
     27.542   70.83280 -163.11886     5.8660    31.6404    1470.42  0.000e+00
     27.558   70.83280 -163.11886     5.8632    31.6406    1470.41  0.000e+00
     27.596   70.83280 -163.11886     5.8601    31.6412    1470.40  0.000e+00
     27.620   70.83280 -163.11886     5.8566    31.6418    1470.39  0.000e+00
     27.658   70.83280 -163.11886     5.8527    31.6426    1470.37  0.000e+00
     27.674   70.83280 -163.11886     5.8492    31.6435    1470.36  0.000e+00
     27.658   70.83280 -163.11886     5.8460    31.6450    1470.35  0.000e+00
     27.735   70.83280 -163.11886     5.8430    31.6461    1470.34  0.000e+00
     27.658   70.83280 -163.11886     5.8405    31.6476    1470.33  0.000e+00
     27.789   70.83280 -163.11886     5.8380    31.6484    1470.32  0.000e+00
     27.712   70.83280 -163.11886     5.8354    31.6498    1470.31  0.000e+00
     27.789   70.83280 -163.11886     5.8324    31.6513    1470.30  0.000e+00
     27.774   70.83280 -163.11886     5.8300    31.6528    1470.30  0.000e+00
     27.843   70.83280 -163.11886     5.8277    31.6539    1470.29  0.000e+00
     27.828   70.83280 -163.11886     5.8256    31.6556    1470.28  0.000e+00
     27.843   70.83280 -163.11886     5.8234    31.6564    1470.27  0.000e+00
     27.889   70.83280 -163.11886     5.8214    31.6579    1470.27  0.000e+00
     27.843   70.83280 -163.11886     5.8201    31.6586    1470.26  0.000e+00
     27.943   70.83280 -163.11886     5.8188    31.6595    1470.26  0.000e+00
     27.905   70.83280 -163.11886     5.8178    31.6600    1470.26  0.000e+00
     27.943   70.83280 -163.11886     5.8165    31.6610    1470.25  0.000e+00
     27.959   70.83280 -163.11886     5.8154    31.6617    1470.25  0.000e+00
     27.997   70.83280 -163.11886     5.8143    31.6619    1470.25  0.000e+00
     28.021   70.83280 -163.11886     5.8130    31.6625    1470.24  0.000e+00
     27.997   70.83280 -163.11886     5.8117    31.6634    1470.24  0.000e+00
     28.021   70.83280 -163.11886     5.8106    31.6637    1470.24  0.000e+00
     28.059   70.83280 -163.11886     5.8093    31.6647    1470.23  0.000e+00
     28.075   70.83280 -163.11886     5.8083    31.6654    1470.23  0.000e+00
     28.113   70.83280 -163.11886     5.8067    31.6664    1470.22  0.000e+00
     28.129   70.83280 -163.11886     5.8060    31.6667    1470.22  0.000e+00
     28.113   70.83280 -163.11886     5.8047    31.6673    1470.22  0.000e+00
     28.190   70.83280 -163.11886     5.8036    31.6685    1470.22  0.000e+00
     28.113   70.83280 -163.11886     5.8028    31.6698    1470.21  0.000e+00
     28.190   70.83280 -163.11886     5.8018    31.6709    1470.21  0.000e+00
     28.229   70.83280 -163.11886     5.8012    31.6704    1470.21  0.000e+00
     28.190   70.83280 -163.11886     5.8010    31.6704    1470.21  0.000e+00
     28.229   70.83280 -163.11886     5.8009    31.6706    1470.21  0.000e+00
     28.306   70.83280 -163.11886     5.8003    31.6706    1470.21  0.000e+00
     28.291   70.83280 -163.11886     5.7993    31.6710    1470.20  0.000e+00
     28.244   70.83280 -163.11886     5.7976    31.6713    1470.20  0.000e+00
     28.345   70.83280 -163.11886     5.7954    31.6719    1470.19  0.000e+00
     28.306   70.83280 -163.11886     5.7919    31.6721    1470.18  0.000e+00
     28.406   70.83280 -163.11886     5.7881    31.6727    1470.16  0.000e+00
     28.360   70.83280 -163.11886     5.7850    31.6730    1470.15  0.000e+00
     28.345   70.83280 -163.11886     5.7810    31.6736    1470.13  0.000e+00
     28.422   70.83280 -163.11886     5.7760    31.6747    1470.12  0.000e+00
     28.460   70.83280 -163.11886     5.7719    31.6748    1470.10  0.000e+00
     28.422   70.83280 -163.11886     5.7667    31.6759    1470.08  0.000e+00
     28.460   70.83280 -163.11886     5.7617    31.6773    1470.06  0.000e+00
     28.476   70.83280 -163.11886     5.7557    31.6789    1470.04  0.000e+00
     28.514   70.83280 -163.11886     5.7500    31.6804    1470.02  0.000e+00
     28.422   70.83280 -163.11886     5.7437    31.6830    1470.00  0.000e+00
     28.630   70.83280 -163.11886     5.7372    31.6860    1469.98  0.000e+00
     28.591   70.83280 -163.11886     5.7310    31.6890    1469.96  0.000e+00
     28.576   70.83280 -163.11886     5.7255    31.6914    1469.94  0.000e+00
     28.591   70.83280 -163.11886     5.7208    31.6920    1469.92  0.000e+00
     28.576   70.83280 -163.11886     5.7156    31.6917    1469.90  0.000e+00
     28.645   70.83280 -163.11886     5.7096    31.6923    1469.88  0.000e+00
     28.692   70.83280 -163.11886     5.7037    31.6926    1469.85  0.000e+00
     28.707   70.83280 -163.11886     5.6981    31.6909    1469.83  0.000e+00
     28.692   70.83280 -163.11886     5.6905    31.6906    1469.80  0.000e+00
     28.707   70.83280 -163.11886     5.6821    31.6906    1469.76  0.000e+00
     28.746   70.83280 -163.11886     5.6718    31.6903    1469.72  0.000e+00
     28.761   70.83280 -163.11886     5.6600    31.6859    1469.67  0.000e+00
     28.746   70.83280 -163.11886     5.6416    31.6826    1469.59  0.000e+00
     28.823   70.83280 -163.11886     5.6227    31.6816    1469.51  0.000e+00
     28.823   70.83280 -163.11886     5.6048    31.6803    1469.44  0.000e+00
     28.861   70.83280 -163.11886     5.5877    31.6752    1469.37  0.000e+00
     28.823   70.83280 -163.11886     5.5673    31.6703    1469.28  0.000e+00
     28.915   70.83280 -163.11886     5.5410    31.6708    1469.17  0.000e+00
     28.877   70.83280 -163.11886     5.5106    31.6689    1469.05  0.000e+00
     28.977   70.83280 -163.11886     5.4743    31.6678    1468.90  0.000e+00
     28.931   70.83280 -163.11886     5.4375    31.6703    1468.75  0.000e+00
     28.977   70.83280 -163.11886     5.4013    31.6702    1468.61  0.000e+00
     28.992   70.83280 -163.11886     5.3627    31.6749    1468.45  0.000e+00
     28.977   70.83280 -163.11886     5.3257    31.6799    1468.31  0.000e+00
     29.046   70.83280 -163.11886     5.2892    31.6837    1468.17  0.000e+00
     29.093   70.83280 -163.11886     5.2561    31.6826    1468.03  0.000e+00
     29.046   70.83280 -163.11886     5.2240    31.6813    1467.90  0.000e+00
     29.093   70.83280 -163.11886     5.1881    31.6796    1467.75  0.000e+00
     29.108   70.83280 -163.11886     5.1476    31.6827    1467.59  0.000e+00
     29.208   70.83280 -163.11886     5.1113    31.6868    1467.45  0.000e+00
     29.108   70.83280 -163.11886     5.0774    31.6916    1467.31  0.000e+00
     29.208   70.83280 -163.11886     5.0435    31.7026    1467.19  0.000e+00
     29.224   70.83280 -163.11886     5.0141    31.7165    1467.09  0.000e+00
     29.147   70.83280 -163.11886     4.9908    31.7307    1467.01  0.000e+00
     29.278   70.83280 -163.11886     4.9741    31.7407    1466.96  0.000e+00
     29.278   70.83280 -163.11886     4.9606    31.7472    1466.91  0.000e+00
     29.262   70.83280 -163.11886     4.9497    31.7508    1466.87  0.000e+00
     29.332   70.83280 -163.11886     4.9401    31.7533    1466.83  0.000e+00
     29.316   70.83280 -163.11886     4.9328    31.7551    1466.81  0.000e+00
     29.332   70.83280 -163.11886     4.9258    31.7544    1466.78  0.000e+00
     29.378   70.83280 -163.11886     4.9190    31.7525    1466.75  0.000e+00
     29.332   70.83280 -163.11886     4.9119    31.7516    1466.72  0.000e+00
     29.378   70.83280 -163.11886     4.9040    31.7513    1466.68  0.000e+00
     29.447   70.83280 -163.11886     4.8970    31.7494    1466.65  0.000e+00
     29.432   70.83280 -163.11886     4.8899    31.7485    1466.62  0.000e+00
     29.447   70.83280 -163.11886     4.8829    31.7486    1466.59  0.000e+00
     29.432   70.83280 -163.11886     4.8758    31.7476    1466.56  0.000e+00
     29.509   70.83280 -163.11886     4.8673    31.7475    1466.53  0.000e+00
     29.494   70.83280 -163.11886     4.8598    31.7511    1466.50  0.000e+00
     29.509   70.83280 -163.11886     4.8546    31.7548    1466.49  0.000e+00
     29.563   70.83280 -163.11886     4.8507    31.7577    1466.48  0.000e+00
     29.548   70.83280 -163.11886     4.8471    31.7577    1466.46  0.000e+00
     29.563   70.83280 -163.11886     4.8423    31.7568    1466.44  0.000e+00
     29.609   70.83280 -163.11886     4.8374    31.7542    1466.42  0.000e+00
     29.625   70.83280 -163.11886     4.8320    31.7507    1466.39  0.000e+00
     29.609   70.83280 -163.11886     4.8250    31.7504    1466.36  0.000e+00
     29.679   70.83280 -163.11886     4.8180    31.7489    1466.33  0.000e+00
     29.663   70.83280 -163.11886     4.8120    31.7486    1466.31  0.000e+00
     29.625   70.83280 -163.11886     4.8064    31.7482    1466.28  0.000e+00
     29.717   70.83280 -163.11886     4.7994    31.7442    1466.25  0.000e+00
     29.733   70.83280 -163.11886     4.7905    31.7375    1466.20  0.000e+00
     29.663   70.83280 -163.11886     4.7808    31.7327    1466.16  0.000e+00
     29.733   70.83280 -163.11886     4.7694    31.7353    1466.11  0.000e+00
     29.733   70.83280 -163.11886     4.7597    31.7400    1466.08  0.000e+00
     29.779   70.83280 -163.11886     4.7519    31.7453    1466.06  0.000e+00
     29.795   70.83280 -163.11886     4.7459    31.7493    1466.04  0.000e+00
     29.779   70.83280 -163.11886     4.7399    31.7517    1466.01  0.000e+00
     29.849   70.83280 -163.11886     4.7352    31.7520    1466.00  0.000e+00
     29.833   70.83280 -163.11886     4.7299    31.7520    1465.97  0.000e+00
     29.849   70.83280 -163.11886     4.7243    31.7517    1465.95  0.000e+00
     29.895   70.83280 -163.11886     4.7189    31.7535    1465.93  0.000e+00
     29.910   70.83282 -163.11886     4.7137    31.7562    1465.91  0.000e+00
     29.895   70.83282 -163.11886     4.7106    31.7584    1465.90  0.000e+00
     29.910   70.83282 -163.11886     4.7081    31.7592    1465.90  0.000e+00
     29.895   70.83282 -163.11886     4.7061    31.7585    1465.89  0.000e+00
     30.018   70.83282 -163.11886     4.7035    31.7588    1465.88  0.000e+00
     29.964   70.83282 -163.11886     4.7010    31.7582    1465.87  0.000e+00
     30.011   70.83282 -163.11886     4.6988    31.7572    1465.86  0.000e+00
     29.964   70.83282 -163.11886     4.6960    31.7559    1465.84  0.000e+00
     30.011   70.83282 -163.11886     4.6931    31.7569    1465.83  0.000e+00
     30.080   70.83282 -163.11886     4.6910    31.7581    1465.83  0.000e+00
     30.011   70.83282 -163.11886     4.6887    31.7605    1465.82  0.000e+00
     30.080   70.83282 -163.11886     4.6872    31.7618    1465.81  0.000e+00
     30.065   70.83282 -163.11886     4.6866    31.7605    1465.81  0.000e+00
     30.018   70.83282 -163.11886     4.6853    31.7615    1465.81  0.000e+00
     30.065   70.83282 -163.11886     4.6842    31.7635    1465.80  0.000e+00
     30.134   70.83282 -163.11886     4.6839    31.7641    1465.81  0.000e+00
     30.196   70.83282 -163.11886     4.6834    31.7632    1465.80  0.000e+00
     30.119   70.83282 -163.11886     4.6831    31.7621    1465.80  0.000e+00
     30.196   70.83282 -163.11886     4.6825    31.7615    1465.80  0.000e+00
     30.119   70.83282 -163.11886     4.6817    31.7610    1465.79  0.000e+00
     30.196   70.83282 -163.11886     4.6810    31.7572    1465.79  0.000e+00
     30.234   70.83282 -163.11886     4.6794    31.7557    1465.78  0.000e+00
     30.196   70.83282 -163.11886     4.6772    31.7571    1465.77  0.000e+00
     30.180   70.83282 -163.11886     4.6756    31.7563    1465.76  0.000e+00
     30.250   70.83282 -163.11886     4.6727    31.7562    1465.75  0.000e+00
     30.250   70.83282 -163.11886     4.6699    31.7562    1465.74  0.000e+00
     30.296   70.83282 -163.11886     4.6672    31.7572    1465.73  0.000e+00
     30.250   70.83282 -163.11886     4.6655    31.7565    1465.72  0.000e+00
     30.234   70.83282 -163.11886     4.6630    31.7563    1465.71  0.000e+00
     30.311   70.83282 -163.11886     4.6612    31.7555    1465.70  0.000e+00
     30.350   70.83282 -163.11886     4.6587    31.7557    1465.69  0.000e+00
     30.311   70.83282 -163.11886     4.6570    31.7534    1465.68  0.000e+00
     30.296   70.83282 -163.11886     4.6553    31.7497    1465.67  0.000e+00
     30.419   70.83282 -163.11886     4.6525    31.7473    1465.66  0.000e+00
     30.365   70.83282 -163.11886     4.6484    31.7462    1465.64  0.000e+00
     30.350   70.83282 -163.11886     4.6442    31.7471    1465.62  0.000e+00
     30.365   70.83282 -163.11886     4.6404    31.7484    1465.61  0.000e+00
     30.412   70.83282 -163.11886     4.6366    31.7498    1465.60  0.000e+00
     30.365   70.83282 -163.11886     4.6329    31.7522    1465.58  0.000e+00
     30.412   70.83282 -163.11886     4.6297    31.7560    1465.58  0.000e+00
     30.419   70.83282 -163.11886     4.6279    31.7581    1465.57  0.000e+00
     30.466   70.83282 -163.11886     4.6266    31.7598    1465.57  0.000e+00
     30.419   70.83282 -163.11886     4.6257    31.7601    1465.56  0.000e+00
     30.466   70.83282 -163.11886     4.6252    31.7602    1465.56  0.000e+00
     30.419   70.83282 -163.11886     4.6248    31.7602    1465.56  0.000e+00
     30.481   70.83282 -163.11886     4.6244    31.7605    1465.56  0.000e+00
     30.520   70.83282 -163.11886     4.6238    31.7601    1465.56  0.000e+00
     30.535   70.83282 -163.11886     4.6234    31.7595    1465.56  0.000e+00
     30.520   70.83282 -163.11886     4.6224    31.7586    1465.55  0.000e+00
     30.535   70.83282 -163.11886     4.6214    31.7576    1465.54  0.000e+00
     30.520   70.83282 -163.11886     4.6200    31.7580    1465.54  0.000e+00
     30.597   70.83282 -163.11886     4.6190    31.7584    1465.54  0.000e+00
     30.581   70.83282 -163.11886     4.6179    31.7599    1465.53  0.000e+00
     30.535   70.83282 -163.11886     4.6176    31.7609    1465.53  0.000e+00
     30.535   70.83282 -163.11886     4.6173    31.7627    1465.53  0.000e+00
     30.581   70.83282 -163.11886     4.6177    31.7640    1465.54  0.000e+00
     30.597   70.83282 -163.11886     4.6187    31.7631    1465.54  0.000e+00
     30.581   70.83282 -163.11886     4.6193    31.7620    1465.54  0.000e+00
     30.597   70.83282 -163.11886     4.6198    31.7624    1465.55  0.000e+00
     30.581   70.83282 -163.11886     4.6205    31.7613    1465.55  0.000e+00
     30.651   70.83282 -163.11886     4.6206    31.7589    1465.55  0.000e+00
