EcoFOCI/data/1_SampleCollection/2023_SikuliaqDBO_CruiseData/CTD_raw_BottleFile_SKQ23-12S/proc/skq202312s_058.cnv
* Sea-Bird SBE 9 Data File:
* FileName = D:\CTD\SKQ202312S\SKQ202312S_058.hex
* Software Version Seasave V 7.26.7.121
* Temperature SN = 6177
* Conductivity SN = 0369
* Number of Bytes Per Scan = 41
* Number of Voltage Words = 4
* Number of Scans Averaged by the Deck Unit = 1
* NMEA Latitude = 71 26.88 N
* NMEA Longitude = 164 54.84 W
* NMEA UTC (Time) = Sep 27 2023  11:36:42
* NMEA baud rate = 4800
** Ship: R/V Sikuliaq
** Station Number: 058
** Station Name: IC4
** Bottom Depth: 42
** Operator: SS
# nquan = 24
# nvalues = 5949                                  
# units = specified
# name 0 = depSM: Depth [salt water, m]
# name 1 = latitude: Latitude [deg]
# name 2 = longitude: Longitude [deg]
# name 3 = prDM: Pressure, Digiquartz [db]
# name 4 = t090C: Temperature [ITS-90, deg C]
# name 5 = t190C: Temperature, 2 [ITS-90, deg C]
# name 6 = potemp090C: Potential Temperature [ITS-90, deg C]
# name 7 = sal00: Salinity, Practical [PSU]
# name 8 = sal11: Salinity, Practical, 2 [PSU]
# name 9 = density00: Density [density, kg/m^3]
# name 10 = sigma-é00: Density [sigma-theta, kg/m^3]
# name 11 = sbox0Mm/Kg: Oxygen, SBE 43 [umol/kg]
# name 12 = sbox1Mm/Kg: Oxygen, SBE 43, 2 [umol/kg]
# name 13 = oxsolMm/Kg: Oxygen Saturation, Garcia & Gordon [umol/kg]
# name 14 = sbeox0PS: Oxygen, SBE 43 [% saturation]
# name 15 = sbeox1PS: Oxygen, SBE 43, 2 [% saturation]
# name 16 = v0: Voltage 0
# name 17 = flECO-AFL: Fluorescence, WET Labs ECO-AFL/FL [mg/m^3]
# name 18 = v1: Voltage 1
# name 19 = CStarAt0: Beam Attenuation, WET Labs C-Star [1/m]
# name 20 = par: PAR/Irradiance, Biospherical/Licor
# name 21 = scan: Scan Count
# name 22 = timeM: Time, Elapsed [minutes]
# name 23 = flag:  0.000e+00
# span 0 =      2.346,     36.847                 
# span 1 =   71.44796,   71.44818                 
# span 2 = -164.91512, -164.91406                 
# span 3 =      2.370,     37.230                 
# span 4 =    -1.0936,     3.0468                 
# span 5 =    -1.0920,     3.0529                 
# span 6 =    -1.0944,     3.0456                 
# span 7 =    30.5526,    32.5356                 
# span 8 =    30.4907,    32.5425                 
# span 9 =  1024.3647,  1026.3091                 
# span 10 =    24.3529,    26.1569                
# span 11 =    264.841,    404.710                
# span 12 =    251.967,    384.202                
# span 13 =  332.82347,  365.22153                
# span 14 =     72.525,    114.268                
# span 15 =     69.003,    107.687                
# span 16 =     0.0696,     0.1453                
# span 17 =     0.0696,     0.5238                
# span 18 =     3.2308,     4.2503                
# span 19 =     0.4128,     1.5102                
# span 20 = 1.0000e-12, 1.2050e+00                
# span 21 =          1,       5949                
# span 22 =     0.0000,     4.1306                
# span 23 = 0.0000e+00, 0.0000e+00                
# interval = seconds: 0.0416667
# start_time = Sep 27 2023 11:40:41 [NMEA time, first data scan]
# bad_flag = -9.990e-29
*END*
[from data line 2959]
     27.801   71.44812 -164.91480     28.089    -0.7498    -0.7556    -0.7505    32.5088    32.5289  1026.2610    26.1260    354.407    340.633  361.86057     97.940     94.134     0.0977     0.2381     3.8046     0.8560 1.0000e-12       2960     2.0549  0.000e+00
     27.762   71.44812 -164.91480     28.050    -0.7495    -0.7536    -0.7502    32.5067    32.5289  1026.2591    26.1243    353.636    339.719  361.86395     97.726     93.886     0.0952     0.2234     3.8046     0.8560 1.0000e-12       2961     2.0556  0.000e+00
     27.801   71.44812 -164.91480     28.089    -0.7495    -0.7545    -0.7502    32.5057    32.5290  1026.2585    26.1235    352.820    339.046  361.86667     97.500     93.698     0.0965     0.2308     3.8046     0.8560 1.0000e-12       2962     2.0562  0.000e+00
     27.816   71.44812 -164.91480     28.105    -0.7495    -0.7546    -0.7502    32.5059    32.5284  1026.2587    26.1237    351.797    338.163  361.86622     97.217     93.453     0.0977     0.2381     3.8046     0.8560 1.0000e-12       2963     2.0569  0.000e+00
     27.739   71.44812 -164.91480     28.027    -0.7499    -0.7544    -0.7506    32.5064    32.5281  1026.2588    26.1241    350.935    337.454  361.86907     96.979     93.258     0.0965     0.2308     3.8046     0.8560 1.0000e-12       2964     2.0576  0.000e+00
     27.816   71.44812 -164.91480     28.105    -0.7499    -0.7565    -0.7506    32.5065    32.5282  1026.2592    26.1241    350.083    336.793  361.86896     96.743     93.070     0.0977     0.2381     3.8046     0.8560 1.0000e-12       2965     2.0583  0.000e+00
     27.855   71.44812 -164.91480     28.144    -0.7499    -0.7591    -0.7506    32.5061    32.5272  1026.2591    26.1239    349.237    335.907  361.86987     96.509     92.818     0.0965     0.2308     3.8046     0.8560 1.0000e-12       2966     2.0590  0.000e+00
     27.762   71.44812 -164.91480     28.050    -0.7499    -0.7620    -0.7506    32.5058    32.5279  1026.2584    26.1236    348.348    335.261  361.87068     96.263     92.633     0.0965     0.2308     3.8046     0.8560 1.0000e-12       2967     2.0597  0.000e+00
     27.855   71.44812 -164.91480     28.144    -0.7498    -0.7658    -0.7505    32.5046    32.5280  1026.2579    26.1226    347.274    334.628  361.87261     95.966     92.449     0.0989     0.2454     3.8046     0.8560 8.4714e-06       2968     2.0604  0.000e+00
     27.870   71.44812 -164.91480     28.159    -0.7504    -0.7696    -0.7511    32.5018    32.5282  1026.2557    26.1204    346.380    333.794  361.88664     95.715     92.209     0.1013     0.2601     3.8046     0.8560 1.0000e-12       2969     2.0611  0.000e+00
     27.855   71.44812 -164.91480     28.144    -0.7516    -0.7717    -0.7523    32.4963    32.5283  1026.2513    26.1160    345.513    332.912  361.91351     95.468     91.960     0.1013     0.2601     3.8046     0.8560 1.0000e-12       2970     2.0618  0.000e+00
     27.870   71.44812 -164.91480     28.159    -0.7549    -0.7723    -0.7556    32.4891    32.5281  1026.2456    26.1103    344.187    332.018  361.96584     95.088     91.712     0.1013     0.2601     3.8022     0.8586 1.0000e-12       2971     2.0625  0.000e+00
     27.916   71.44812 -164.91480     28.206    -0.7603    -0.7752    -0.7610    32.4833    32.5285  1026.2413    26.1058    343.761    330.923  362.03421     94.953     91.403     0.1026     0.2674     3.7729     0.8895 1.0000e-12       2972     2.0632  0.000e+00
     27.916   71.44812 -164.91480     28.206    -0.7675    -0.7827    -0.7682    32.4830    32.5298  1026.2413    26.1058    342.744    330.256  362.10470     94.653     91.201     0.1013     0.2601     3.7582     0.9051 8.4714e-06       2973     2.0639  0.000e+00
     27.870   71.44812 -164.91480     28.159    -0.7742    -0.7885    -0.7749    32.4877    32.5301  1026.2451    26.1098    341.685    329.356  362.15606     94.347     90.939     0.1026     0.2674     3.7570     0.9064 8.4714e-06       2974     2.0646  0.000e+00
     27.970   71.44812 -164.91480     28.261    -0.7800    -0.7940    -0.7807    32.4951    32.5312  1026.2518    26.1160    340.298    328.687  362.19034     93.956     90.742     0.1013     0.2601     3.7582     0.9051 1.0000e-12       2975     2.0653  0.000e+00
     27.932   71.44812 -164.91480     28.222    -0.7832    -0.7991    -0.7839    32.5006    32.5318  1026.2562    26.1206    339.580    327.794  362.20589     93.753     90.483     0.1026     0.2674     3.7582     0.9051 8.4714e-06       2976     2.0660  0.000e+00
     27.970   71.44812 -164.91480     28.261    -0.7853    -0.8004    -0.7860    32.5025    32.5309  1026.2580    26.1222    338.442    327.076  362.22087     93.435     90.281     0.1013     0.2601     3.7595     0.9038 1.0000e-12       2977     2.0667  0.000e+00
     27.932   71.44812 -164.91480     28.222    -0.7872    -0.8003    -0.7879    32.5032    32.5320  1026.2584    26.1228    337.495    325.932  362.23700     93.170     89.966     0.1013     0.2601     3.7595     0.9038 1.0000e-12       2978     2.0674  0.000e+00
     27.970   71.44812 -164.91480     28.261    -0.7889    -0.8009    -0.7896    32.5025    32.5319  1026.2581    26.1223    336.388    325.006  362.25542     92.859     89.709     0.1013     0.2601     3.7595     0.9038 8.4714e-06       2979     2.0681  0.000e+00
     27.932   71.44812 -164.91480     28.222    -0.7913    -0.8007    -0.7920    32.4994    32.5307  1026.2555    26.1199    335.488    324.281  362.28726     92.603     89.509     0.1026     0.2674     3.7582     0.9051 1.0000e-12       2980     2.0688  0.000e+00
     27.970   71.44812 -164.91480     28.261    -0.7949    -0.8030    -0.7956    32.4976    32.5310  1026.2544    26.1186    334.591    323.146  362.32672     92.345     89.190     0.1026     0.2674     3.7595     0.9038 1.0000e-12       2981     2.0694  0.000e+00
     28.048   71.44812 -164.91482     28.339    -0.7986    -0.8059    -0.7993    32.4968    32.5311  1026.2543    26.1180    333.486    322.198  362.36471     92.030     88.922     0.1013     0.2601     3.7582     0.9051 1.0000e-12       2982     2.0701  0.000e+00
     27.970   71.44812 -164.91482     28.261    -0.8023    -0.8085    -0.8030    32.4993    32.5314  1026.2560    26.1202    332.366    321.261  362.39337     91.714     88.658     0.1026     0.2674     3.7595     0.9038 8.4714e-06       2983     2.0708  0.000e+00
     28.048   71.44812 -164.91482     28.339    -0.8055    -0.8106    -0.8062    32.5021    32.5312  1026.2588    26.1226    331.453    320.572  362.41652     91.456     88.462     0.1013     0.2601     3.7595     0.9038 1.0000e-12       2984     2.0715  0.000e+00
     28.024   71.44812 -164.91482     28.315    -0.8086    -0.8126    -0.8093    32.4949    32.5314  1026.2529    26.1168    330.360    319.646  362.46683     91.142     88.202     0.1013     0.2601     3.7582     0.9051 8.4714e-06       2985     2.0722  0.000e+00
     28.048   71.44812 -164.91482     28.339    -0.8145    -0.8139    -0.8152    32.4905    32.5314  1026.2497    26.1135    329.543    318.739  362.53582     90.900     87.949     0.1013     0.2601     3.7595     0.9038 1.0000e-12       2986     2.0729  0.000e+00
     28.024   71.44812 -164.91482     28.315    -0.8206    -0.8141    -0.8212    32.4909    32.5315  1026.2501    26.1140    328.722    318.040  362.59353     90.658     87.756     0.1013     0.2601     3.7595     0.9038 1.0000e-12       2987     2.0736  0.000e+00
     28.101   71.44812 -164.91482     28.393    -0.8271    -0.8137    -0.8277    32.4899    32.5314  1026.2499    26.1134    327.464    316.950  362.65902     90.295     87.456     0.1026     0.2674     3.7582     0.9051 8.4714e-06       2988     2.0743  0.000e+00
     28.086   71.44812 -164.91482     28.378    -0.8342    -0.8122    -0.8349    32.4902    32.5307  1026.2504    26.1139    326.627    315.818  362.72743     90.047     87.146     0.1013     0.2601     3.7582     0.9051 1.0000e-12       2989     2.0750  0.000e+00
     28.101   71.44812 -164.91482     28.393    -0.8415    -0.8120    -0.8422    32.4934    32.5308  1026.2533    26.1168    325.594    315.113  362.78804     89.748     86.952     0.1026     0.2674     3.7595     0.9038 1.0000e-12       2990     2.0757  0.000e+00
     28.086   71.44812 -164.91482     28.378    -0.8475    -0.8134    -0.8481    32.4977    32.5315  1026.2569    26.1204    324.567    314.226  362.83370     89.453     86.705     0.1013     0.2601     3.7582     0.9051 1.0000e-12       2991     2.0764  0.000e+00
     28.101   71.44812 -164.91482     28.393    -0.8530    -0.8199    -0.8537    32.5015    32.5319  1026.2602    26.1237    323.714    313.386  362.87631     89.208     86.458     0.1026     0.2674     3.7241     0.9417 1.0000e-12       2992     2.0771  0.000e+00
     28.140   71.44812 -164.91482     28.432    -0.8573    -0.8365    -0.8580    32.5058    32.5352  1026.2641    26.1273    322.668    312.626  362.90586     88.912     86.213     0.1013     0.2601     3.6996     0.9680 8.4714e-06       2993     2.0778  0.000e+00
     28.101   71.44812 -164.91482     28.393    -0.8605    -0.8538    -0.8612    32.5065    32.5366  1026.2645    26.1280    321.896    311.909  362.93470     88.693     85.976     0.1038     0.2747     3.6947     0.9733 1.0000e-12       2994     2.0785  0.000e+00
     28.140   71.44812 -164.91482     28.432    -0.8640    -0.8670    -0.8647    32.5028    32.5379  1026.2619    26.1252    320.963    311.167  362.97928     88.425     85.743     0.1038     0.2747     3.6972     0.9706 1.0000e-12       2995     2.0792  0.000e+00
     28.163   71.44812 -164.91482     28.456    -0.8686    -0.8737    -0.8693    32.5006    32.5384  1026.2603    26.1235    319.666    310.351  363.02976     88.055     85.503     0.1038     0.2747     3.6972     0.9706 1.0000e-12       2996     2.0799  0.000e+00
     28.202   71.44812 -164.91482     28.495    -0.8737    -0.8772    -0.8744    32.5030    32.5401  1026.2626    26.1256    318.899    309.547  363.07261     87.833     85.275     0.1050     0.2820     3.6972     0.9706 1.0000e-12       2997     2.0806  0.000e+00
     28.163   71.44812 -164.91482     28.456    -0.8781    -0.8816    -0.8787    32.5067    32.5413  1026.2656    26.1288    317.900    308.760  363.10377     87.551     85.048     0.1038     0.2747     3.6984     0.9693 1.0000e-12       2998     2.0812  0.000e+00
     28.202   71.44812 -164.91482     28.495    -0.8814    -0.8847    -0.8821    32.5102    32.5409  1026.2688    26.1317    317.137    307.980  363.12637     87.335     84.827     0.1050     0.2820     3.6984     0.9693 8.4714e-06       2999     2.0819  0.000e+00
     28.217   71.44812 -164.91482     28.510    -0.8842    -0.8865    -0.8848    32.5127    32.5410  1026.2709    26.1338    316.154    307.171  363.14576     87.060     84.600     0.1038     0.2747     3.6984     0.9693 8.4714e-06       3000     2.0826  0.000e+00
     28.256   71.44812 -164.91482     28.549    -0.8862    -0.8894    -0.8868    32.5147    32.5412  1026.2728    26.1355    315.458    306.385  363.15935     86.865     84.377     0.1050     0.2820     3.6972     0.9706 1.0000e-12       3001     2.0833  0.000e+00
     28.217   71.44812 -164.91482     28.510    -0.8875    -0.8938    -0.8882    32.5160    32.5412  1026.2737    26.1366    314.544    305.624  363.16891     86.611     84.157     0.1038     0.2747     3.6984     0.9693 1.0000e-12       3002     2.0840  0.000e+00
     28.202   71.44812 -164.91482     28.495    -0.8886    -0.8970    -0.8893    32.5149    32.5414  1026.2728    26.1358    313.677    304.869  363.18247     86.369     83.943     0.1038     0.2747     3.6972     0.9706 1.0000e-12       3003     2.0847  0.000e+00
     28.271   71.44812 -164.91482     28.565    -0.8903    -0.8993    -0.8910    32.5128    32.5409  1026.2715    26.1341    313.021    304.130  363.20517     86.183     83.734     0.1038     0.2747     3.6984     0.9693 1.0000e-12       3004     2.0854  0.000e+00
     28.256   71.44812 -164.91482     28.549    -0.8928    -0.9002    -0.8934    32.5104    32.5406  1026.2696    26.1323    312.160    303.396  363.23553     85.939     83.529     0.1038     0.2747     3.6972     0.9706 1.0000e-12       3005     2.0861  0.000e+00
     28.271   71.44812 -164.91482     28.565    -0.8952    -0.8989    -0.8959    32.5092    32.5396  1026.2687    26.1314    311.294    302.636  363.26279     85.694     83.322     0.1050     0.2820     3.6972     0.9706 1.0000e-12       3006     2.0868  0.000e+00
     28.317   71.44812 -164.91482     28.611    -0.8984    -0.8978    -0.8991    32.5071    32.5371  1026.2674    26.1298    310.689    301.901  363.29962     85.519     83.121     0.1038     0.2747     3.6972     0.9706 8.4714e-06       3007     2.0875  0.000e+00
     28.271   71.44812 -164.91482     28.565    -0.9023    -0.9032    -0.9030    32.5060    32.5387  1026.2664    26.1290    309.879    301.226  363.34045     85.286     82.924     0.1038     0.2747     3.6984     0.9693 1.0000e-12       3008     2.0882  0.000e+00
     28.371   71.44812 -164.91482     28.666    -0.9061    -0.9108    -0.9067    32.5081    32.5396  1026.2687    26.1308    309.066    300.566  363.37093     85.055     82.726     0.1038     0.2747     3.6972     0.9706 1.0000e-12       3009     2.0889  0.000e+00
     28.271   71.44812 -164.91482     28.565    -0.9093    -0.9169    -0.9100    32.5114    32.5404  1026.2710    26.1336    308.243    299.654  363.39282     84.824     82.462     0.1038     0.2747     3.6984     0.9693 1.0000e-12       3010     2.0896  0.000e+00
     28.371   71.44812 -164.91482     28.666    -0.9118    -0.9222    -0.9124    32.5141    32.5417  1026.2738    26.1359    307.681    298.958  363.40881     84.665     82.260     0.1038     0.2747     3.6972     0.9706 8.4714e-06       3011     2.0903  0.000e+00
     28.333   71.44812 -164.91482     28.627    -0.9136    -0.9260    -0.9143    32.5150    32.5416  1026.2744    26.1367    306.866    298.467  363.42445     84.437     82.116     0.1038     0.2747     3.6642     1.0065 1.0000e-12       3012     2.0910  0.000e+00
     28.371   71.44812 -164.91482     28.666    -0.9155    -0.9301    -0.9161    32.5147    32.5425  1026.2744    26.1365    306.062    297.586  363.44326     84.212     81.865     0.1050     0.2820     3.6239     1.0507 8.4714e-06       3013     2.0917  0.000e+00
     28.371   71.44812 -164.91482     28.666    -0.9170    -0.9324    -0.9177    32.5126    32.5422  1026.2728    26.1349    305.266    297.136  363.46401     83.988     81.736     0.1038     0.2747     3.6154     1.0602 1.0000e-12       3014     2.0924  0.000e+00
     28.387   71.44812 -164.91482     28.682    -0.9195    -0.9338    -0.9201    32.5120    32.5422  1026.2724    26.1344    304.484    296.480  363.48960     83.767     81.553     0.1050     0.2820     3.6178     1.0575 1.0000e-12       3015     2.0931  0.000e+00
     28.425   71.44812 -164.91482     28.721    -0.9225    -0.9346    -0.9232    32.5085    32.5423  1026.2699    26.1317    303.725    295.623  363.52925     83.549     81.316     0.1038     0.2747     3.6190     1.0561 1.0000e-12       3016     2.0938  0.000e+00
     28.387   71.44812 -164.91482     28.682    -0.9262    -0.9347    -0.9269    32.5062    32.5417  1026.2680    26.1300    302.678    295.207  363.57132     83.251     81.201     0.1050     0.2820     3.6190     1.0561 1.0000e-12       3017     2.0944  0.000e+00
     28.425   71.44812 -164.91482     28.721    -0.9302    -0.9362    -0.9309    32.5067    32.5425  1026.2687    26.1305    302.353    294.605  363.60848     83.153     81.032     0.1038     0.2747     3.6203     1.0548 8.4714e-06       3018     2.0951  0.000e+00
