EcoFOCI/data/1_SampleCollection/2023_SikuliaqDBO_CruiseData/CTD_raw_BottleFile_SKQ23-12S/proc/skq202312s_055.ros
* Sea-Bird SBE 9 Data File:
* FileName = D:\CTD\SKQ202312S\SKQ202312S_055.hex
* Software Version Seasave V 7.26.7.121
* Temperature SN = 6177
* Conductivity SN = 0369
* Number of Bytes Per Scan = 41
* Number of Voltage Words = 4
* Number of Scans Averaged by the Deck Unit = 1
* NMEA Latitude = 71 05.09 N
* NMEA Longitude = 163 48.16 W
* NMEA UTC (Time) = Sep 27 2023  03:55:23
* NMEA baud rate = 4800
** Ship: R/V Sikuliaq
** Station Number: 055
** Station Name: IC7
** Bottom Depth: 43
** Operator: SD
# nquan = 22
# nvalues = 784                                   
# units = specified
# name 0 = depSM: Depth [salt water, m]
# name 1 = latitude: Latitude [deg]
# name 2 = longitude: Longitude [deg]
# name 3 = prDM: Pressure, Digiquartz [db]
# name 4 = t090C: Temperature [ITS-90, deg C]
# name 5 = t190C: Temperature, 2 [ITS-90, deg C]
# name 6 = potemp090C: Potential Temperature [ITS-90, deg C]
# name 7 = sal00: Salinity, Practical [PSU]
# name 8 = sal11: Salinity, Practical, 2 [PSU]
# name 9 = density00: Density [density, kg/m^3]
# name 10 = sigma-é00: Density [sigma-theta, kg/m^3]
# name 11 = sbox0Mm/Kg: Oxygen, SBE 43 [umol/kg]
# name 12 = sbox1Mm/Kg: Oxygen, SBE 43, 2 [umol/kg]
# name 13 = oxsolMm/Kg: Oxygen Saturation, Garcia & Gordon [umol/kg]
# name 14 = sbeox0PS: Oxygen, SBE 43 [% saturation]
# name 15 = v0: Voltage 0
# name 16 = flECO-AFL: Fluorescence, WET Labs ECO-AFL/FL [mg/m^3]
# name 17 = CStarAt0: Beam Attenuation, WET Labs C-Star [1/m]
# name 18 = par: PAR/Irradiance, Biospherical/Licor
# name 19 = scan: Scan Count
# name 20 = nbf: Bottles Fired
# name 21 = flag:  0.000e+00
# interval = seconds: 0.0416667
# start_time = Sep 27 2023 03:58:52 [NMEA time, first data scan]
# bad_flag = -9.990e-29
*END*
[from data line 66]
     37.823   71.08482 -163.80274     38.216     0.6713     0.6686     0.6699    32.1873    32.1998  1025.9848    25.8027    300.299    285.765  349.50231     85.922     0.0916     0.2015     2.1271 1.1906e-02       5908          2  0.000e+00
     37.830   71.08482 -163.80274     38.223     0.6711     0.6686     0.6697    32.1874    32.1993  1025.9849    25.8028    300.305    285.750  349.50427     85.923     0.0916     0.2015     2.1289 1.2274e-02       5909          2  0.000e+00
     37.830   71.08482 -163.80274     38.223     0.6713     0.6689     0.6699    32.1872    32.1990  1025.9847    25.8026    300.308    285.729  349.50334     85.924     0.0916     0.2015     2.1271 1.2274e-02       5910          2  0.000e+00
     37.823   71.08482 -163.80274     38.216     0.6709     0.6691     0.6695    32.1873    32.1996  1025.9848    25.8027    300.314    285.492  349.50642     85.925     0.0916     0.2015     2.1271 1.2642e-02       5911          2  0.000e+00
     37.830   71.08482 -163.80274     38.223     0.6708     0.6695     0.6694    32.1874    32.1997  1025.9849    25.8028    300.275    285.679  349.50724     85.914     0.0916     0.2015     2.1271 1.3012e-02       5912          2  0.000e+00
     37.776   71.08482 -163.80274     38.169     0.6709     0.6694     0.6695    32.1871    32.1997  1025.9844    25.8025    300.274    285.654  349.50713     85.914     0.0904     0.1941     2.1271 1.3012e-02       5913          2  0.000e+00
     37.823   71.08482 -163.80274     38.216     0.6707     0.6696     0.6693    32.1876    32.1993  1025.9851    25.8030    299.564    285.628  349.50758     85.710     0.0916     0.2015     2.1289 1.7528e-02       5914          2  0.000e+00
     37.776   71.08482 -163.80274     38.169     0.6708     0.6697     0.6694    32.1877    32.1995  1025.9849    25.8030    300.157    285.838  349.50637     85.880     0.0928     0.2088     2.1271 2.0624e-02       5915          2  0.000e+00
     37.830   71.08482 -163.80274     38.223     0.6706     0.6695     0.6692    32.1879    32.2003  1025.9853    25.8032    300.405    285.865  349.50784     85.951     0.0916     0.2015     2.1271 2.1016e-02       5916          2  0.000e+00
     37.823   71.08482 -163.80274     38.216     0.6707     0.6694     0.6693    32.1878    32.1996  1025.9852    25.8031    299.781    285.466  349.50713     85.773     0.0916     0.2015     2.1271 1.8681e-02       5917          2  0.000e+00
     37.776   71.08482 -163.80274     38.169     0.6711     0.6695     0.6697    32.1872    32.1992  1025.9844    25.8026    299.942    285.644  349.50531     85.819     0.0916     0.2015     2.1271 1.6764e-02       5918          2  0.000e+00
     37.776   71.08482 -163.80274     38.169     0.6708     0.6698     0.6694    32.1878    32.1999  1025.9850    25.8031    299.675    285.634  349.50615     85.742     0.0916     0.2015     2.1271 1.6384e-02       5919          2  0.000e+00
     37.823   71.08482 -163.80274     38.216     0.6707     0.6700     0.6693    32.1878    32.1997  1025.9852    25.8031    300.086    285.628  349.50667     85.860     0.0904     0.1941     2.1306 1.5251e-02       5920          2  0.000e+00
     37.776   71.08482 -163.80274     38.169     0.6710     0.6701     0.6696    32.1873    32.1988  1025.9845    25.8027    300.055    285.591  349.50600     85.851     0.0891     0.1868     2.1306 1.3382e-02       5921          2  0.000e+00
     37.776   71.08482 -163.80274     38.169     0.6710     0.6700     0.6696    32.1874    32.1991  1025.9847    25.8028    300.068    285.553  349.50556     85.855     0.0904     0.1941     2.1324 1.3012e-02       5922          2  0.000e+00
     37.776   71.08482 -163.80274     38.169     0.6706     0.6701     0.6692    32.1875    32.2000  1025.9847    25.8029    300.086    285.537  349.50898     85.859     0.0891     0.1868     2.1306 1.3754e-02       5923          2  0.000e+00
     37.823   71.08482 -163.80274     38.216     0.6705     0.6704     0.6691    32.1874    32.1996  1025.9849    25.8028    300.102    285.524  349.50974     85.864     0.0891     0.1868     2.1306 1.5251e-02       5924          2  0.000e+00
     37.776   71.08482 -163.80274     38.169     0.6701     0.6708     0.6687    32.1878    32.1989  1025.9850    25.8032    299.923    285.506  349.51209     85.812     0.0891     0.1868     2.1306 1.6005e-02       5925          2  0.000e+00
     37.776   71.08482 -163.80274     38.169     0.6702     0.6712     0.6688    32.1873    32.1992  1025.9846    25.8028    300.137    285.698  349.51297     85.873     0.0904     0.1941     2.1324 1.7911e-02       5926          2  0.000e+00
     37.761   71.08482 -163.80274     38.153     0.6702     0.6716     0.6688    32.1876    32.1998  1025.9848    25.8030    299.915    285.702  349.51217     85.810     0.0879     0.1795     2.1306 2.5402e-02       5927          2  0.000e+00
     37.776   71.08482 -163.80274     38.169     0.6700     0.6717     0.6686    32.1880    32.1989  1025.9852    25.8033    300.088    285.498  349.51312     85.859     0.0891     0.1868     2.1324 2.8264e-02       5928          2  0.000e+00
     37.776   71.08482 -163.80274     38.169     0.6701     0.6715     0.6687    32.1879    32.1982  1025.9851    25.8032    299.867    285.720  349.51243     85.796     0.0879     0.1795     2.1306 2.7030e-02       5929          2  0.000e+00
     37.761   71.08482 -163.80274     38.153     0.6706     0.6714     0.6692    32.1882    32.1992  1025.9852    25.8035    300.077    285.723  349.50706     85.857     0.0891     0.1868     2.1306 2.0624e-02       5930          2  0.000e+00
     37.776   71.08482 -163.80274     38.169     0.6707     0.6713     0.6693    32.1882    32.1991  1025.9853    25.8035    300.095    285.543  349.50594     85.863     0.0904     0.1941     2.1306 1.7911e-02       5931          2  0.000e+00
     37.715   71.08482 -163.80274     38.106     0.6709     0.6714     0.6695    32.1885    32.1990  1025.9852    25.8037    300.109    285.544  349.50312     85.867     0.0891     0.1868     2.1306 1.7911e-02       5932          2  0.000e+00
     37.707   71.08482 -163.80274     38.099     0.6711     0.6718     0.6697    32.1885    32.1982  1025.9852    25.8037    300.126    285.728  349.50116     85.873     0.0904     0.1941     2.1306 2.1803e-02       5933          2  0.000e+00
     37.830   71.08482 -163.80274     38.223     0.6716     0.6718     0.6702    32.1884    32.1988  1025.9857    25.8036    299.909    285.732  349.49747     85.811     0.0891     0.1868     2.1306 2.3791e-02       5934          2  0.000e+00
     37.776   71.08482 -163.80274     38.169     0.6718     0.6718     0.6704    32.1885    32.1988  1025.9855    25.8036    300.121    285.756  349.49465     85.873     0.0891     0.1868     2.1306 2.4192e-02       5935          2  0.000e+00
     37.645   71.08482 -163.80274     38.036     0.6723     0.6717     0.6709    32.1881    32.1988  1025.9845    25.8033    299.895    285.777  349.49111     85.809     0.0891     0.1868     2.1306 2.6214e-02       5936          2  0.000e+00
     37.830   71.08482 -163.80274     38.223     0.6725     0.6716     0.6711    32.1881    32.1984  1025.9854    25.8033    299.882    285.809  349.49014     85.806     0.0891     0.1868     2.1306 2.7851e-02       5937          2  0.000e+00
     37.776   71.08482 -163.80274     38.169     0.6725     0.6713     0.6711    32.1882    32.1991  1025.9852    25.8033    299.906    286.014  349.48949     85.812     0.0879     0.1795     2.1306 2.8264e-02       5938          2  0.000e+00
     37.715   71.08482 -163.80274     38.106     0.6725     0.6716     0.6711    32.1884    32.1986  1025.9851    25.8035    299.889    286.029  349.48883     85.808     0.0891     0.1868     2.1306 2.7030e-02       5939          2  0.000e+00
     37.761   71.08482 -163.80274     38.153     0.6719     0.6695     0.6705    32.1873    32.1987  1025.9844    25.8027    300.203    284.954  349.49741     85.896     0.0928     0.2088     2.1412 2.9508e-02       6049          3  0.000e+00
     37.776   71.08482 -163.80274     38.169     0.6718     0.6696     0.6704    32.1872    32.1989  1025.9844    25.8026    299.756    284.945  349.49823     85.768     0.0916     0.2015     2.1412 2.7440e-02       6050          3  0.000e+00
     37.715   71.08482 -163.80274     38.106     0.6721     0.6697     0.6707    32.1874    32.1993  1025.9842    25.8027    299.741    284.963  349.49574     85.764     0.0916     0.2015     2.1395 2.7030e-02       6051          3  0.000e+00
     37.823   71.08482 -163.80274     38.216     0.6721     0.6695     0.6707    32.1872    32.1992  1025.9846    25.8026    299.695    284.780  349.49613     85.751     0.0904     0.1941     2.1395 3.3731e-02       6052          3  0.000e+00
     37.715   71.08482 -163.80274     38.106     0.6720     0.6695     0.6706    32.1871    32.1989  1025.9840    25.8025    299.687    284.777  349.49744     85.748     0.0916     0.2015     2.1395 3.9846e-02       6053          3  0.000e+00
     37.776   71.08482 -163.80274     38.169     0.6719     0.6690     0.6705    32.1873    32.1998  1025.9845    25.8027    299.406    284.785  349.49744     85.668     0.0928     0.2088     2.1412 4.1188e-02       6054          3  0.000e+00
     37.761   71.08482 -163.80274     38.153     0.6720     0.6690     0.6706    32.1871    32.2000  1025.9842    25.8025    299.841    284.762  349.49752     85.792     0.0916     0.2015     2.1412 3.8516e-02       6055          3  0.000e+00
     37.715   71.08482 -163.80274     38.106     0.6717     0.6691     0.6703    32.1873    32.1990  1025.9842    25.8027    299.843    284.743  349.49894     85.792     0.0928     0.2088     2.1412 3.5887e-02       6056          3  0.000e+00
     37.715   71.08482 -163.80274     38.106     0.6718     0.6690     0.6704    32.1874    32.1989  1025.9843    25.8027    299.887    284.727  349.49769     85.805     0.0916     0.2015     2.1412 3.5021e-02       6057          3  0.000e+00
     37.761   71.08482 -163.80274     38.153     0.6716     0.6691     0.6702    32.1877    32.1994  1025.9848    25.8030    299.894    284.712  349.49926     85.807     0.0916     0.2015     2.1395 3.6758e-02       6058          3  0.000e+00
     37.776   71.08482 -163.80274     38.169     0.6716     0.6689     0.6702    32.1877    32.1996  1025.9849    25.8030    299.898    284.730  349.49929     85.808     0.0916     0.2015     2.1395 4.0292e-02       6059          3  0.000e+00
     37.776   71.08482 -163.80274     38.169     0.6717     0.6688     0.6703    32.1878    32.1993  1025.9849    25.8031    299.900    284.539  349.49804     85.809     0.0916     0.2015     2.1412 4.1188e-02       6060          3  0.000e+00
     37.707   71.08482 -163.80274     38.099     0.6717     0.6691     0.6703    32.1876    32.1985  1025.9844    25.8029    299.945    284.744  349.49803     85.822     0.0904     0.1941     2.1412 4.0292e-02       6061          3  0.000e+00
     37.776   71.08482 -163.80274     38.169     0.6717     0.6692     0.6703    32.1878    32.1992  1025.9849    25.8031    299.953    284.559  349.49804     85.824     0.0916     0.2015     2.1306 3.7635e-02       6062          3  0.000e+00
     37.715   71.08482 -163.80274     38.106     0.6719     0.6693     0.6705    32.1879    32.1992  1025.9847    25.8031    299.953    284.745  349.49577     85.825     0.0916     0.2015     2.1271 3.7196e-02       6063          3  0.000e+00
     37.776   71.08482 -163.80274     38.169     0.6719     0.6690     0.6705    32.1880    32.1991  1025.9850    25.8032    299.961    284.755  349.49564     85.827     0.0916     0.2015     2.1253 3.5887e-02       6064          3  0.000e+00
     37.761   71.08482 -163.80274     38.153     0.6721     0.6689     0.6707    32.1873    32.1991  1025.9844    25.8026    300.203    284.551  349.49547     85.896     0.0916     0.2015     2.1271 3.0343e-02       6065          3  0.000e+00
     37.715   71.08482 -163.80274     38.106     0.6721     0.6690     0.6707    32.1874    32.1997  1025.9843    25.8028    300.247    284.531  349.49552     85.909     0.0904     0.1941     2.1271 2.8677e-02       6066          3  0.000e+00
     37.776   71.08482 -163.80274     38.169     0.6720     0.6692     0.6706    32.1872    32.1996  1025.9844    25.8025    300.057    284.732  349.49731     85.854     0.0916     0.2015     2.1271 2.9092e-02       6067          3  0.000e+00
     37.761   71.08482 -163.80274     38.153     0.6721     0.6691     0.6707    32.1867    32.1991  1025.9839    25.8021    299.820    284.750  349.49761     85.786     0.0904     0.1941     2.1271 3.3731e-02       6068          3  0.000e+00
     37.715   71.08482 -163.80274     38.106     0.6719     0.6690     0.6705    32.1866    32.1995  1025.9837    25.8021    299.781    284.555  349.49925     85.774     0.0916     0.2015     2.1253 3.6322e-02       6069          3  0.000e+00
     37.776   71.08482 -163.80274     38.169     0.6717     0.6694     0.6703    32.1865    32.1996  1025.9839    25.8021    299.035    284.550  349.50151     85.560     0.0928     0.2088     2.1271 3.6758e-02       6070          3  0.000e+00
     37.761   71.08482 -163.80274     38.153     0.6710     0.6689     0.6696    32.1873    32.2000  1025.9844    25.8027    299.641    284.552  349.50609     85.733     0.0916     0.2015     2.1271 3.8516e-02       6071          3  0.000e+00
     37.715   71.08482 -163.80274     38.106     0.6701     0.6691     0.6687    32.1884    32.1991  1025.9851    25.8036    299.618    284.552  349.51065     85.725     0.0928     0.2088     2.1271 3.9401e-02       6072          3  0.000e+00
     37.776   71.08482 -163.80274     38.169     0.6696     0.6692     0.6682    32.1887    32.1995  1025.9858    25.8039    299.600    284.558  349.51465     85.719     0.0916     0.2015     2.1271 3.9401e-02       6073          3  0.000e+00
     37.761   71.08482 -163.80274     38.153     0.6695     0.6692     0.6681    32.1889    32.1998  1025.9858    25.8041    299.577    284.326  349.51475     85.712     0.0916     0.2015     2.1271 3.5887e-02       6074          3  0.000e+00
     37.715   71.08482 -163.80274     38.106     0.6696     0.6691     0.6682    32.1890    32.1990  1025.9857    25.8041    299.554    284.496  349.51399     85.706     0.0904     0.1941     2.1271 3.2877e-02       6075          3  0.000e+00
     37.776   71.08482 -163.80274     38.169     0.6699     0.6689     0.6685    32.1886    32.1986  1025.9857    25.8038    299.535    284.488  349.51190     85.701     0.0916     0.2015     2.1271 3.2027e-02       6076          3  0.000e+00
     37.707   71.08482 -163.80274     38.099     0.6703     0.6686     0.6689    32.1884    32.1998  1025.9852    25.8037    299.512    284.501  349.50893     85.695     0.0904     0.1941     2.1271 3.5887e-02       6077          3  0.000e+00
     37.776   71.08482 -163.80274     38.169     0.6703     0.6684     0.6689    32.1880    32.1995  1025.9851    25.8033    299.499    284.526  349.50958     85.691     0.0916     0.2015     2.1271 4.0292e-02       6078          3  0.000e+00
     37.776   71.08482 -163.80274     38.169     0.6707     0.6683     0.6693    32.1878    32.1989  1025.9850    25.8032    299.482    284.552  349.50649     85.687     0.0928     0.2088     2.1271 4.1188e-02       6079          3  0.000e+00
     37.776   71.08482 -163.80274     38.169     0.6710     0.6683     0.6696    32.1876    32.1988  1025.9848    25.8029    299.468    284.552  349.50522     85.684     0.0916     0.2015     2.1271 3.5454e-02       6080          3  0.000e+00
     37.761   71.08482 -163.80274     38.153     0.6707     0.6683     0.6693    32.1874    32.1995  1025.9845    25.8028    299.460    284.551  349.50827     85.680     0.0928     0.2088     2.1271 2.7030e-02       6081          3  0.000e+00
