EcoFOCI/data/1_SampleCollection/2023_SikuliaqDBO_CruiseData/CTD_raw_BottleFile_SKQ23-12S/proc/skq202312s_055svp.cnv
* Sea-Bird SBE 9 Data File:
* FileName = D:\CTD\SKQ202312S\SKQ202312S_055.hex
* Software Version Seasave V 7.26.7.121
* Temperature SN = 6177
* Conductivity SN = 0369
* Number of Bytes Per Scan = 41
* Number of Voltage Words = 4
* Number of Scans Averaged by the Deck Unit = 1
* NMEA Latitude = 71 05.09 N
* NMEA Longitude = 163 48.16 W
* NMEA UTC (Time) = Sep 27 2023  03:55:23
* NMEA baud rate = 4800
** Ship: R/V Sikuliaq
** Station Number: 055
** Station Name: IC7
** Bottom Depth: 43
** Operator: SD
# nquan = 7
# nvalues = 4207                                  
# units = specified
# name 0 = depSM: Depth [salt water, m]
# name 1 = latitude: Latitude [deg]
# name 2 = longitude: Longitude [deg]
# name 3 = t090C: Temperature [ITS-90, deg C]
# name 4 = sal00: Salinity, Practical [PSU]
# name 5 = svCM: Sound Velocity [Chen-Millero, m/s]
# name 6 = flag:  0.000e+00
# span 0 =      2.116,     37.949                 
# span 1 =   71.08482,   71.08482                 
# span 2 = -163.80274, -163.80274                 
# span 3 =     0.6637,     4.2032                 
# span 4 =    30.6508,    32.2705                 
# span 5 =    1449.03,    1463.28                 
# span 6 = 0.0000e+00, 0.0000e+00                 
# interval = seconds: 0.0416667
# start_time = Sep 27 2023 03:58:52 [NMEA time, first data scan]
# bad_flag = -9.990e-29
*END*
[from data line 1231]
      9.550   71.08482 -163.80274     3.7160    30.8229    1460.21  0.000e+00
      9.612   71.08482 -163.80274     3.7156    30.8228    1460.21  0.000e+00
      9.550   71.08482 -163.80274     3.7152    30.8233    1460.20  0.000e+00
      9.612   71.08482 -163.80274     3.7151    30.8230    1460.20  0.000e+00
      9.612   71.08482 -163.80274     3.7148    30.8230    1460.20  0.000e+00
      9.612   71.08482 -163.80274     3.7146    30.8231    1460.20  0.000e+00
      9.612   71.08482 -163.80274     3.7147    30.8233    1460.20  0.000e+00
      9.581   71.08482 -163.80274     3.7144    30.8236    1460.20  0.000e+00
      9.612   71.08482 -163.80274     3.7142    30.8238    1460.20  0.000e+00
      9.612   71.08482 -163.80274     3.7143    30.8233    1460.20  0.000e+00
      9.666   71.08482 -163.80274     3.7143    30.8231    1460.20  0.000e+00
      9.612   71.08482 -163.80274     3.7142    30.8234    1460.20  0.000e+00
      9.612   71.08482 -163.80274     3.7141    30.8235    1460.20  0.000e+00
      9.666   71.08482 -163.80274     3.7139    30.8237    1460.20  0.000e+00
      9.666   71.08482 -163.80274     3.7139    30.8230    1460.20  0.000e+00
      9.612   71.08482 -163.80274     3.7139    30.8230    1460.20  0.000e+00
      9.666   71.08482 -163.80274     3.7138    30.8234    1460.20  0.000e+00
      9.666   71.08482 -163.80274     3.7139    30.8234    1460.20  0.000e+00
      9.697   71.08482 -163.80274     3.7137    30.8236    1460.20  0.000e+00
      9.666   71.08482 -163.80274     3.7136    30.8239    1460.20  0.000e+00
      9.666   71.08482 -163.80274     3.7136    30.8237    1460.20  0.000e+00
      9.666   71.08482 -163.80274     3.7141    30.8233    1460.20  0.000e+00
      9.728   71.08482 -163.80274     3.7142    30.8237    1460.20  0.000e+00
      9.666   71.08482 -163.80274     3.7143    30.8241    1460.20  0.000e+00
      9.728   71.08482 -163.80274     3.7144    30.8237    1460.20  0.000e+00
      9.728   71.08482 -163.80274     3.7145    30.8237    1460.20  0.000e+00
      9.666   71.08482 -163.80274     3.7146    30.8242    1460.20  0.000e+00
      9.728   71.08482 -163.80274     3.7147    30.8236    1460.20  0.000e+00
      9.782   71.08482 -163.80274     3.7149    30.8235    1460.21  0.000e+00
      9.697   71.08482 -163.80274     3.7152    30.8260    1460.21  0.000e+00
      9.728   71.08482 -163.80274     3.7152    30.8308    1460.22  0.000e+00
      9.728   71.08482 -163.80274     3.7155    30.8333    1460.22  0.000e+00
      9.782   71.08482 -163.80274     3.7157    30.8350    1460.22  0.000e+00
      9.782   71.08482 -163.80274     3.7163    30.8365    1460.23  0.000e+00
      9.782   71.08482 -163.80274     3.7171    30.8374    1460.23  0.000e+00
      9.728   71.08482 -163.80274     3.7183    30.8386    1460.24  0.000e+00
      9.782   71.08482 -163.80274     3.7195    30.8440    1460.25  0.000e+00
      9.782   71.08482 -163.80274     3.7215    30.8473    1460.26  0.000e+00
      9.836   71.08482 -163.80274     3.7250    30.8433    1460.28  0.000e+00
      9.751   71.08482 -163.80274     3.7277    30.8392    1460.28  0.000e+00
      9.836   71.08482 -163.80274     3.7293    30.8395    1460.29  0.000e+00
      9.782   71.08482 -163.80274     3.7306    30.8417    1460.30  0.000e+00
      9.836   71.08482 -163.80274     3.7314    30.8442    1460.30  0.000e+00
      9.836   71.08482 -163.80274     3.7324    30.8457    1460.31  0.000e+00
      9.836   71.08482 -163.80274     3.7336    30.8480    1460.32  0.000e+00
      9.836   71.08482 -163.80274     3.7355    30.8508    1460.33  0.000e+00
      9.897   71.08482 -163.80274     3.7377    30.8532    1460.34  0.000e+00
      9.836   71.08482 -163.80274     3.7402    30.8541    1460.35  0.000e+00
      9.897   71.08482 -163.80274     3.7426    30.8540    1460.36  0.000e+00
      9.866   71.08482 -163.80274     3.7442    30.8541    1460.37  0.000e+00
      9.897   71.08482 -163.80274     3.7455    30.8544    1460.38  0.000e+00
      9.897   71.08482 -163.80274     3.7464    30.8550    1460.38  0.000e+00
      9.897   71.08482 -163.80274     3.7480    30.8542    1460.39  0.000e+00
      9.897   71.08482 -163.80274     3.7486    30.8529    1460.39  0.000e+00
      9.951   71.08482 -163.80274     3.7496    30.8509    1460.39  0.000e+00
      9.951   71.08482 -163.80274     3.7502    30.8512    1460.39  0.000e+00
      9.951   71.08482 -163.80274     3.7505    30.8529    1460.40  0.000e+00
      9.897   71.08482 -163.80274     3.7509    30.8533    1460.40  0.000e+00
     10.013   71.08482 -163.80274     3.7511    30.8541    1460.40  0.000e+00
      9.928   71.08482 -163.80274     3.7519    30.8526    1460.40  0.000e+00
     10.013   71.08482 -163.80274     3.7525    30.8494    1460.40  0.000e+00
     10.013   71.08482 -163.80274     3.7537    30.8453    1460.40  0.000e+00
      9.951   71.08482 -163.80274     3.7551    30.8408    1460.40  0.000e+00
     10.013   71.08482 -163.80274     3.7559    30.8372    1460.40  0.000e+00
     10.013   71.08482 -163.80274     3.7563    30.8361    1460.40  0.000e+00
     10.067   71.08482 -163.80274     3.7576    30.8362    1460.41  0.000e+00
     10.013   71.08482 -163.80274     3.7591    30.8361    1460.41  0.000e+00
     10.067   71.08482 -163.80274     3.7610    30.8356    1460.42  0.000e+00
     10.067   71.08482 -163.80274     3.7634    30.8335    1460.43  0.000e+00
     10.044   71.08482 -163.80274     3.7652    30.8312    1460.43  0.000e+00
     10.067   71.08482 -163.80274     3.7661    30.8284    1460.43  0.000e+00
     10.067   71.08482 -163.80274     3.7669    30.8266    1460.43  0.000e+00
     10.129   71.08482 -163.80274     3.7676    30.8256    1460.44  0.000e+00
     10.067   71.08482 -163.80274     3.7683    30.8254    1460.44  0.000e+00
     10.129   71.08482 -163.80274     3.7691    30.8256    1460.44  0.000e+00
     10.129   71.08482 -163.80274     3.7694    30.8260    1460.45  0.000e+00
     10.129   71.08482 -163.80274     3.7699    30.8259    1460.45  0.000e+00
     10.129   71.08482 -163.80274     3.7698    30.8264    1460.45  0.000e+00
     10.183   71.08482 -163.80274     3.7691    30.8264    1460.45  0.000e+00
     10.152   71.08482 -163.80274     3.7681    30.8248    1460.44  0.000e+00
     10.183   71.08482 -163.80274     3.7664    30.8244    1460.43  0.000e+00
     10.129   71.08482 -163.80274     3.7653    30.8251    1460.43  0.000e+00
     10.183   71.08482 -163.80274     3.7647    30.8267    1460.43  0.000e+00
     10.237   71.08482 -163.80274     3.7652    30.8267    1460.43  0.000e+00
     10.183   71.08482 -163.80274     3.7653    30.8265    1460.43  0.000e+00
     10.183   71.08482 -163.80274     3.7660    30.8250    1460.43  0.000e+00
     10.237   71.08482 -163.80274     3.7661    30.8254    1460.43  0.000e+00
     10.237   71.08482 -163.80274     3.7675    30.8258    1460.44  0.000e+00
     10.213   71.08482 -163.80274     3.7694    30.8265    1460.45  0.000e+00
     10.237   71.08482 -163.80274     3.7715    30.8282    1460.46  0.000e+00
     10.237   71.08482 -163.80274     3.7735    30.8275    1460.47  0.000e+00
     10.298   71.08482 -163.80274     3.7748    30.8261    1460.47  0.000e+00
     10.237   71.08482 -163.80274     3.7757    30.8245    1460.47  0.000e+00
     10.298   71.08482 -163.80274     3.7760    30.8244    1460.47  0.000e+00
     10.298   71.08482 -163.80274     3.7763    30.8252    1460.48  0.000e+00
     10.237   71.08482 -163.80274     3.7755    30.8271    1460.48  0.000e+00
     10.352   71.08482 -163.80274     3.7743    30.8280    1460.47  0.000e+00
     10.237   71.08482 -163.80274     3.7729    30.8289    1460.47  0.000e+00
     10.329   71.08482 -163.80274     3.7716    30.8293    1460.46  0.000e+00
     10.352   71.08482 -163.80274     3.7708    30.8300    1460.46  0.000e+00
     10.298   71.08482 -163.80274     3.7708    30.8299    1460.46  0.000e+00
     10.352   71.08482 -163.80274     3.7705    30.8289    1460.46  0.000e+00
     10.352   71.08482 -163.80274     3.7694    30.8255    1460.45  0.000e+00
     10.298   71.08482 -163.80274     3.7683    30.8199    1460.44  0.000e+00
     10.414   71.08482 -163.80274     3.7660    30.8182    1460.43  0.000e+00
     10.352   71.08482 -163.80274     3.7633    30.8226    1460.42  0.000e+00
     10.352   71.08482 -163.80274     3.7601    30.8292    1460.41  0.000e+00
     10.383   71.08482 -163.80274     3.7573    30.8357    1460.41  0.000e+00
     10.352   71.08482 -163.80274     3.7574    30.8402    1460.42  0.000e+00
     10.414   71.08482 -163.80274     3.7602    30.8409    1460.43  0.000e+00
     10.414   71.08482 -163.80274     3.7620    30.8398    1460.44  0.000e+00
     10.352   71.08482 -163.80274     3.7614    30.8416    1460.44  0.000e+00
     10.414   71.08482 -163.80274     3.7606    30.8438    1460.44  0.000e+00
     10.414   71.08482 -163.80274     3.7604    30.8445    1460.44  0.000e+00
     10.414   71.08482 -163.80274     3.7602    30.8426    1460.43  0.000e+00
     10.414   71.08482 -163.80274     3.7601    30.8368    1460.43  0.000e+00
     10.445   71.08482 -163.80274     3.7596    30.8320    1460.42  0.000e+00
     10.468   71.08482 -163.80274     3.7590    30.8310    1460.41  0.000e+00
     10.414   71.08482 -163.80274     3.7580    30.8330    1460.41  0.000e+00
     10.468   71.08482 -163.80274     3.7566    30.8353    1460.41  0.000e+00
     10.414   71.08482 -163.80274     3.7565    30.8363    1460.41  0.000e+00
     10.468   71.08482 -163.80274     3.7563    30.8391    1460.41  0.000e+00
     10.468   71.08482 -163.80274     3.7562    30.8431    1460.42  0.000e+00
     10.468   71.08482 -163.80274     3.7576    30.8467    1460.43  0.000e+00
     10.468   71.08482 -163.80274     3.7612    30.8470    1460.44  0.000e+00
     10.499   71.08482 -163.80274     3.7658    30.8449    1460.46  0.000e+00
     10.414   71.08482 -163.80274     3.7694    30.8420    1460.47  0.000e+00
     10.522   71.08482 -163.80274     3.7722    30.8386    1460.48  0.000e+00
     10.522   71.08482 -163.80274     3.7742    30.8356    1460.48  0.000e+00
     10.468   71.08482 -163.80274     3.7743    30.8351    1460.48  0.000e+00
     10.522   71.08482 -163.80274     3.7751    30.8356    1460.49  0.000e+00
     10.522   71.08482 -163.80274     3.7776    30.8345    1460.50  0.000e+00
     10.468   71.08482 -163.80274     3.7793    30.8325    1460.50  0.000e+00
     10.522   71.08482 -163.80274     3.7784    30.8325    1460.50  0.000e+00
     10.499   71.08482 -163.80274     3.7771    30.8346    1460.50  0.000e+00
     10.584   71.08482 -163.80274     3.7777    30.8354    1460.50  0.000e+00
     10.522   71.08482 -163.80274     3.7797    30.8327    1460.50  0.000e+00
     10.522   71.08482 -163.80274     3.7816    30.8278    1460.51  0.000e+00
     10.584   71.08482 -163.80274     3.7823    30.8245    1460.51  0.000e+00
     10.522   71.08482 -163.80274     3.7823    30.8242    1460.50  0.000e+00
     10.522   71.08482 -163.80274     3.7830    30.8255    1460.51  0.000e+00
     10.584   71.08482 -163.80274     3.7839    30.8266    1460.52  0.000e+00
     10.584   71.08482 -163.80274     3.7846    30.8273    1460.52  0.000e+00
     10.553   71.08482 -163.80274     3.7853    30.8273    1460.52  0.000e+00
     10.637   71.08482 -163.80274     3.7863    30.8261    1460.53  0.000e+00
     10.522   71.08482 -163.80274     3.7871    30.8246    1460.53  0.000e+00
     10.637   71.08482 -163.80274     3.7874    30.8233    1460.53  0.000e+00
     10.584   71.08482 -163.80274     3.7871    30.8215    1460.52  0.000e+00
     10.584   71.08482 -163.80274     3.7866    30.8211    1460.52  0.000e+00
     10.637   71.08482 -163.80274     3.7856    30.8219    1460.52  0.000e+00
     10.584   71.08482 -163.80274     3.7851    30.8226    1460.52  0.000e+00
     10.583   71.08482 -163.80274     3.7851    30.8231    1460.52  0.000e+00
     10.730   71.08482 -163.80274     3.7846    30.8233    1460.52  0.000e+00
     10.583   71.08482 -163.80274     3.7836    30.8235    1460.51  0.000e+00
     10.699   71.08482 -163.80274     3.7831    30.8229    1460.51  0.000e+00
     10.637   71.08482 -163.80274     3.7823    30.8230    1460.51  0.000e+00
     10.637   71.08482 -163.80274     3.7823    30.8237    1460.51  0.000e+00
     10.637   71.08482 -163.80274     3.7825    30.8250    1460.51  0.000e+00
     10.699   71.08482 -163.80274     3.7830    30.8251    1460.51  0.000e+00
     10.637   71.08482 -163.80274     3.7831    30.8259    1460.51  0.000e+00
     10.668   71.08482 -163.80274     3.7843    30.8267    1460.52  0.000e+00
     10.753   71.08482 -163.80274     3.7858    30.8264    1460.53  0.000e+00
     10.637   71.08482 -163.80274     3.7874    30.8250    1460.53  0.000e+00
     10.699   71.08482 -163.80274     3.7880    30.8241    1460.53  0.000e+00
     10.753   71.08482 -163.80274     3.7883    30.8218    1460.53  0.000e+00
     10.699   71.08482 -163.80274     3.7878    30.8180    1460.52  0.000e+00
     10.699   71.08482 -163.80274     3.7864    30.8149    1460.51  0.000e+00
     10.753   71.08482 -163.80274     3.7850    30.8131    1460.51  0.000e+00
     10.753   71.08482 -163.80274     3.7833    30.8130    1460.50  0.000e+00
     10.730   71.08482 -163.80274     3.7816    30.8135    1460.49  0.000e+00
     10.753   71.08482 -163.80274     3.7797    30.8138    1460.48  0.000e+00
     10.753   71.08482 -163.80274     3.7777    30.8146    1460.48  0.000e+00
     10.815   71.08482 -163.80274     3.7763    30.8161    1460.47  0.000e+00
     10.753   71.08482 -163.80274     3.7755    30.8185    1460.47  0.000e+00
     10.815   71.08482 -163.80274     3.7753    30.8195    1460.47  0.000e+00
     10.753   71.08482 -163.80274     3.7751    30.8201    1460.47  0.000e+00
     10.815   71.08482 -163.80274     3.7754    30.8200    1460.47  0.000e+00
     10.784   71.08482 -163.80274     3.7754    30.8197    1460.47  0.000e+00
     10.869   71.08482 -163.80274     3.7752    30.8199    1460.47  0.000e+00
     10.815   71.08482 -163.80274     3.7749    30.8186    1460.47  0.000e+00
     10.869   71.08482 -163.80274     3.7745    30.8177    1460.47  0.000e+00
     10.815   71.08482 -163.80274     3.7738    30.8172    1460.46  0.000e+00
     10.869   71.08482 -163.80274     3.7732    30.8175    1460.46  0.000e+00
     10.869   71.08482 -163.80274     3.7730    30.8193    1460.46  0.000e+00
     10.869   71.08482 -163.80274     3.7734    30.8218    1460.47  0.000e+00
     10.869   71.08482 -163.80274     3.7743    30.8227    1460.47  0.000e+00
     10.900   71.08482 -163.80274     3.7751    30.8223    1460.48  0.000e+00
     10.869   71.08482 -163.80274     3.7753    30.8221    1460.48  0.000e+00
     10.923   71.08482 -163.80274     3.7752    30.8232    1460.48  0.000e+00
     10.923   71.08482 -163.80274     3.7754    30.8255    1460.48  0.000e+00
     10.923   71.08482 -163.80274     3.7758    30.8273    1460.49  0.000e+00
     10.923   71.08482 -163.80274     3.7765    30.8267    1460.49  0.000e+00
     10.923   71.08482 -163.80274     3.7768    30.8255    1460.49  0.000e+00
     10.923   71.08482 -163.80274     3.7774    30.8250    1460.49  0.000e+00
     10.954   71.08482 -163.80274     3.7784    30.8257    1460.50  0.000e+00
     10.984   71.08482 -163.80274     3.7797    30.8258    1460.50  0.000e+00
     10.984   71.08482 -163.80274     3.7803    30.8260    1460.51  0.000e+00
     10.984   71.08482 -163.80274     3.7808    30.8258    1460.51  0.000e+00
     10.984   71.08482 -163.80274     3.7816    30.8263    1460.51  0.000e+00
     10.984   71.08482 -163.80274     3.7831    30.8262    1460.52  0.000e+00
     11.038   71.08482 -163.80274     3.7848    30.8257    1460.53  0.000e+00
     10.984   71.08482 -163.80274     3.7859    30.8254    1460.53  0.000e+00
     11.015   71.08482 -163.80274     3.7864    30.8234    1460.53  0.000e+00
     11.038   71.08482 -163.80274     3.7861    30.8219    1460.53  0.000e+00
