EcoFOCI/data/1_SampleCollection/2023_SikuliaqDBO_CruiseData/CTD_raw_BottleFile_SKQ23-12S/proc/skq202312s_027avg.cnv
* Sea-Bird SBE 9 Data File:
* FileName = D:\CTD\SKQ202312S\SKQ202312S_027.hex
* Software Version Seasave V 7.26.7.121
* Temperature SN = 6177
* Conductivity SN = 0369
* Number of Bytes Per Scan = 41
* Number of Voltage Words = 4
* Number of Scans Averaged by the Deck Unit = 1
* NMEA Latitude = 71 19.80 N
* NMEA Longitude = 157 19.91 W
* NMEA UTC (Time) = Sep 21 2023  01:08:33
* NMEA baud rate = 4800
** Ship: R/V Sikuliaq
** Station Number: 027
** Station Name: DBO5.3
** Bottom Depth: 91
** Operator: SD
# nquan = 25
# nvalues = 83                          
# units = specified
# name 0 = depSM: Depth [salt water, m]
# name 1 = latitude: Latitude [deg]
# name 2 = longitude: Longitude [deg]
# name 3 = prDM: Pressure, Digiquartz [db]
# name 4 = t090C: Temperature [ITS-90, deg C]
# name 5 = t190C: Temperature, 2 [ITS-90, deg C]
# name 6 = potemp090C: Potential Temperature [ITS-90, deg C]
# name 7 = sal00: Salinity, Practical [PSU]
# name 8 = sal11: Salinity, Practical, 2 [PSU]
# name 9 = density00: Density [density, kg/m^3]
# name 10 = sigma-é00: Density [sigma-theta, kg/m^3]
# name 11 = sbox0Mm/Kg: Oxygen, SBE 43 [umol/kg]
# name 12 = sbox1Mm/Kg: Oxygen, SBE 43, 2 [umol/kg]
# name 13 = oxsolMm/Kg: Oxygen Saturation, Garcia & Gordon [umol/kg]
# name 14 = sbeox0PS: Oxygen, SBE 43 [% saturation]
# name 15 = sbeox1PS: Oxygen, SBE 43, 2 [% saturation]
# name 16 = v0: Voltage 0
# name 17 = flECO-AFL: Fluorescence, WET Labs ECO-AFL/FL [mg/m^3]
# name 18 = v1: Voltage 1
# name 19 = CStarAt0: Beam Attenuation, WET Labs C-Star [1/m]
# name 20 = par: PAR/Irradiance, Biospherical/Licor
# name 21 = scan: Scan Count
# name 22 = timeM: Time, Elapsed [minutes]
# name 23 = nbin: number of scans per bin
# name 24 = flag: flag
# span 0 =      3.959,     85.105       
# span 1 =   71.32992,   71.32999       
# span 2 = -157.33170, -157.33125       
# span 3 =      4.000,     86.000       
# span 4 =    -1.1482,     4.8616       
# span 5 =    -1.1693,     4.8621       
# span 6 =    -1.1501,     4.8613       
# span 7 =    30.1083,    32.4297       
# span 8 =    30.1311,    32.4588       
# span 9 =  1023.8349,  1026.4890       
# span 10 =    23.8146,    26.0749      
# span 11 =    300.648,    337.991      
# span 12 =    285.138,    313.149      
# span 13 =  319.36912,  365.95513      
# span 14 =     86.192,     98.159      
# span 15 =     81.984,     93.107      
# span 16 =     0.0739,     0.2187      
# span 17 =     0.0956,     0.9643      
# span 18 =     3.5627,     4.2372      
# span 19 =     0.4252,     1.1189      
# span 20 = 3.9050e-08, 6.7938e+01      
# span 21 =        374,       6482      
# span 22 =     0.2594,     4.5005      
# span 23 =         17,        335      
# span 24 = 0.0000e+00, 0.0000e+00      
# interval = decibars: 1                
# start_time = Sep 21 2023 01:12:36 [NMEA time, first data scan]
# bad_flag = -9.990e-29
*END*
      3.959   71.32994 -157.33168      4.000     4.8616     4.8621     4.8613    30.1115    30.1330  1023.8349    23.8162    303.480    288.435  319.86803     94.877     90.189     0.1830     0.7502     3.9202     0.7364 6.7938e+01        374     0.2594        207 0.0000e+00
      4.949   71.32994 -157.33169      5.000     4.8587     4.8576     4.8584    30.1095    30.1319  1023.8383    23.8150    303.667    288.158  319.89482     94.927     90.092     0.1808     0.7370     3.9051     0.7519 5.5580e+01        572     0.3966        139 0.0000e+00
      5.939   71.32994 -157.33170      6.000     4.8545     4.8563     4.8541    30.1087    30.1312  1023.8427    23.8147    303.382    288.908  319.92922     94.828     90.323     0.1821     0.7447     3.9178     0.7388 4.7010e+01        730     0.5065        126 0.0000e+00
      6.929   71.32993 -157.33169      7.000     4.8529     4.8542     4.8525    30.1085    30.1311  1023.8474    23.8147    303.349    287.989  319.94151     94.814     90.031     0.1815     0.7407     3.9235     0.7329 3.7953e+01        878     0.6089        113 0.0000e+00
      7.918   71.32994 -157.33169      8.000     4.8523     4.8531     4.8518    30.1083    30.1314  1023.8520    23.8146    303.204    289.055  319.94688     94.767     90.362     0.1835     0.7532     3.9260     0.7304 3.0023e+01        980     0.6801        108 0.0000e+00
      8.908   71.32993 -157.33169      9.000     4.8534     4.8545     4.8528    30.1097    30.1330  1023.8577    23.8157    303.361    289.668  319.93460     94.820     90.558     0.1775     0.7168     3.9255     0.7309 2.4355e+01       1118     0.7758        144 0.0000e+00
      9.898   71.32992 -157.33168     10.000     4.8540     4.8550     4.8534    30.1118    30.1352  1023.8639    23.8172    303.554    290.442  319.92524     94.883     90.802     0.1743     0.6975     3.9026     0.7545 2.0028e+01       1267     0.8793         82 0.0000e+00
     10.888   71.32992 -157.33168     11.000     4.8540     4.8549     4.8532    30.1168    30.1397  1023.8726    23.8212    303.370    287.943  319.91396     94.828     90.024     0.1803     0.7337     3.9152     0.7415 1.5369e+01       1380     0.9575        162 0.0000e+00
     11.877   71.32992 -157.33167     12.000     4.8536     4.8546     4.8528    30.1278    30.1510  1023.8860    23.8300    303.466    287.888  319.89003     94.866     90.013     0.1773     0.7160     3.9322     0.7241 1.2563e+01       1486     1.0311         56 0.0000e+00
     12.867   71.32992 -157.33166     13.000     4.8528     4.8537     4.8519    30.1760    30.1973  1023.9289    23.8683    302.629    289.017  319.78144     94.636     90.396     0.1774     0.7165     3.9149     0.7418 1.0182e+01       1623     1.1263        134 0.0000e+00
     13.857   71.32992 -157.33164     14.000     4.8477     4.8481     4.8468    30.2483    30.2742  1023.9914    23.9261    302.468    286.703  319.64738     94.626     89.712     0.1782     0.7212     3.9324     0.7238 8.6524e+00       1709     1.1864         78 0.0000e+00
     14.846   71.32994 -157.33164     15.000     4.8431     4.8439     4.8421    30.2872    30.3115  1024.0273    23.9574    301.556    286.722  319.58971     94.357     89.734     0.1649     0.6410     3.9706     0.6853 6.9940e+00       1790     1.2427         87 0.0000e+00
     15.836   71.32994 -157.33164     16.000     4.8381     4.8388     4.8370    30.3532    30.3773  1024.0848    24.0102    300.857    286.687  319.47017     94.174     89.756     0.1263     0.4095     4.0608     0.5954 6.1716e+00       1870     1.2979         49 0.0000e+00
     16.826   71.32994 -157.33164     17.000     4.8259     4.8265     4.8247    30.4112    30.4353  1024.1366    24.0573    300.890    285.138  319.42573     94.197     89.283     0.1213     0.3794     4.1042     0.5527 5.1422e+00       1904     1.3214         33 0.0000e+00
     17.816   71.32994 -157.33163     18.000     4.8215     4.8224     4.8203    30.4301    30.4543  1024.1567    24.0728    300.648    286.590  319.41376     94.125     89.742     0.1155     0.3448     4.0877     0.5690 4.1499e+00       1964     1.3633         87 0.0000e+00
     18.805   71.32994 -157.33162     19.000     4.8163     4.8173     4.8151    30.4655    30.4891  1024.1899    24.1013    300.894    287.894  319.36912     94.215     90.163     0.1108     0.3166     4.0949     0.5620 3.4644e+00       2041     1.4164         62 0.0000e+00
     19.795   71.32994 -157.33162     20.000     4.7681     4.7679     4.7668    30.5285    30.5528  1024.2495    24.1562    300.851    287.825  319.58854     94.137     90.077     0.1038     0.2748     4.1320     0.5259 3.2228e+00       2090     1.4504         38 0.0000e+00
     20.785   71.32994 -157.33162     21.000     4.6895     4.6898     4.6881    30.6980    30.7217  1024.3966    24.2986    301.303    287.431  319.78626     94.220     89.899     0.0812     0.1392     4.2038     0.4569 2.7574e+00       2130     1.4783         46 0.0000e+00
     21.774   71.32994 -157.33161     22.000     4.5168     4.4965     4.5154    30.7711    30.8045  1024.4766    24.3739    304.811    289.889  320.94489     94.972     90.301     0.0845     0.1590     4.2256     0.4361 2.1374e+00       2205     1.5306         86 0.0000e+00
     22.764   71.32994 -157.33161     23.000     4.2264     4.2271     4.2249    30.8929    30.9191  1024.6066    24.4991    307.830    292.396  322.90794     95.331     90.571     0.0797     0.1302     4.2011     0.4596 2.1360e+00       2261     1.5694         31 0.0000e+00
     23.754   71.32994 -157.33161     24.000     4.2225     4.2235     4.2210    30.9524    30.9780  1024.6589    24.5467    311.468    294.243  322.79433     96.491     91.175     0.1206     0.3757     4.2214     0.4401 1.9041e+00       2296     1.5935         52 0.0000e+00
     24.743   71.32994 -157.33160     25.000     4.2218     4.2235     4.2202    31.0072    31.0305  1024.7072    24.5903    316.071    300.361  322.66669     97.955     93.107     0.0739     0.0956     4.2372     0.4252 1.5853e+00       2372     1.6462         65 0.0000e+00
     25.733   71.32994 -157.33160     26.000     4.2076     4.2077     4.2059    31.2210    31.2456  1024.8829    24.7614    313.767    299.817  322.25983     97.365     93.054     0.0948     0.2206     4.2159     0.4454 1.4951e+00       2413     1.6747         40 0.0000e+00
     26.723   71.32994 -157.33160     27.000     4.1917     4.1870     4.1899    31.3656    31.3960  1025.0040    24.8778    312.577    298.724  322.03427     97.063     92.772     0.0847     0.1600     4.2365     0.4258 1.4542e+00       2461     1.7083         50 0.0000e+00
     27.713   71.32994 -157.33160     28.000     3.5919     3.5717     3.5902    31.5237    31.5646  1025.1906    25.0594    315.289    299.692  326.39717     96.599     91.805     0.0879     0.1792     4.2164     0.4450 1.2588e+00       2517     1.7469         75 0.0000e+00
     28.702   71.32994 -157.33158     29.000     3.2113     3.1685     3.2097    31.5542    31.6087  1025.2534    25.1172    322.183    299.708  329.38657     97.810     90.927     0.0749     0.1014     4.2338     0.4284 1.1284e+00       2598     1.8035         48 0.0000e+00
     29.692   71.32994 -157.33158     30.000     1.9649     1.9465     1.9635    31.7604    31.8351  1025.5201    25.3781    333.018    313.149  339.28773     98.159     92.303     0.0759     0.1076     4.2149     0.4464 1.0984e+00       2625     1.8221         30 0.0000e+00
     30.681   71.32994 -157.33158     31.000     1.0552     1.0413     1.0540    32.0181    32.0754  1025.7916    25.6442    329.513    310.251  346.53686     95.096     89.548     0.0806     0.1357     4.1777     0.4818 1.0129e+00       2665     1.8497         57 0.0000e+00
     31.671   71.32994 -157.33158     32.000     0.7009     0.6942     0.6997    32.1038    32.1415  1025.8864    25.7340    337.991    309.724  349.45943     96.720     88.638     0.0801     0.1324     4.0892     0.5675 8.7464e-01       2746     1.9065         74 0.0000e+00
     32.661   71.32994 -157.33158     33.000     0.6811     0.6813     0.6799    32.0961    32.1316  1025.8860    25.7287    328.844    312.237  349.66109     94.046     89.322     0.0861     0.1685     3.9656     0.6906 8.5020e-01       2791     1.9375         33 0.0000e+00
     33.650   71.32994 -157.33158     34.000     0.5738     0.5735     0.5726    32.1087    32.1458  1025.9067    25.7446    327.615    311.031  350.60034     93.444     88.739     0.0793     0.1276     4.0208     0.6349 7.9077e-01       2826     1.9619         40 0.0000e+00
     34.640   71.32994 -157.33157     35.000     0.3847     0.3762     0.3835    32.1453    32.1848  1025.9509    25.7838    327.402    312.153  352.22630     92.952     88.630     0.0911     0.1989     3.9527     0.7033 6.6567e-01       2871     1.9930         45 0.0000e+00
     35.630   71.32995 -157.33156     36.000     0.2677     0.2684     0.2665    32.1630    32.1961  1025.9758    25.8039    326.091    311.313  353.25186     92.311     88.152     0.0921     0.2046     3.8952     0.7618 6.0559e-01       2938     2.0399         75 0.0000e+00
     36.619   71.32994 -157.33158     37.000     0.1946     0.1966     0.1934    32.1691    32.2035  1025.9891    25.8123    325.285    310.381  353.90971     91.912     87.729     0.0959     0.2277     3.8921     0.7651 5.7563e-01       2987     2.0737         31 0.0000e+00
     37.609   71.32994 -157.33157     38.000     0.0530     0.0563     0.0518    32.2127    32.2462  1026.0358    25.8541    326.188    311.072  355.10186     91.858     87.631     0.0958     0.2270     3.9311     0.7254 4.7175e-01       3016     2.0936         33 0.0000e+00
     38.598   71.32995 -157.33156     39.000    -0.0184    -0.0360    -0.0196    32.2256    32.2621  1026.0543    25.8677    326.847    310.569  355.73072     91.880     87.289     0.1079     0.2991     3.8338     0.8255 3.7642e-01       3079     2.1372         80 0.0000e+00
     39.588   71.32994 -157.33156     40.000    -0.1302    -0.1320    -0.1313    32.2492    32.2811  1026.0833    25.8917    326.998    312.780  356.70932     91.671     87.703     0.0951     0.2225     3.8305     0.8290 3.6333e-01       3132     2.1742         31 0.0000e+00
     40.578   71.32994 -157.33156     41.000    -0.1522    -0.1519    -0.1534    32.2507    32.2813  1026.0902    25.8939    325.219    311.093  356.91237     91.120     87.184     0.1088     0.3046     3.8001     0.8609 2.9813e-01       3165     2.1972         45 0.0000e+00
     41.567   71.32996 -157.33155     42.000    -0.1738    -0.1739    -0.1751    32.2509    32.2809  1026.0961    25.8950    323.155    308.637  357.11425     90.491     86.445     0.1071     0.2942     3.8041     0.8566 2.2203e-01       3231     2.2428         63 0.0000e+00
     42.557   71.32995 -157.33154     43.000    -0.2297    -0.2303    -0.2309    32.2624    32.2937  1026.1126    25.9066    322.386    308.664  357.60725     90.151     86.333     0.1060     0.2882     3.7939     0.8673 2.0175e-01       3274     2.2730         37 0.0000e+00
     43.546   71.32994 -157.33154     44.000    -0.2763    -0.2761    -0.2776    32.2714    32.3014  1026.1267    25.9159    322.469    308.511  358.02139     90.070     86.192     0.1049     0.2816     3.7653     0.8976 1.6903e-01       3311     2.2986         36 0.0000e+00
     44.536   71.32995 -157.33154     45.000    -0.2871    -0.2851    -0.2884    32.2728    32.3012  1026.1331    25.9175    321.531    306.641  358.11941     89.783     85.649     0.0947     0.2200     3.7541     0.9095 1.2083e-01       3355     2.3291         59 0.0000e+00
     45.526   71.32996 -157.33154     46.000    -0.3041    -0.3055    -0.3054    32.2735    32.2986  1026.1392    25.9187    319.538    304.455  358.27736     89.187     84.991     0.1107     0.3160     3.7490     0.9150 8.7389e-02       3425     2.3779         59 0.0000e+00
     46.515   71.32994 -157.33153     47.000    -0.3199    -0.3187    -0.3212    32.2766    32.3046  1026.1471    25.9218    318.718    305.130  358.41831     88.923     85.154     0.1050     0.2819     3.7418     0.9226 7.5746e-02       3461     2.4026         26 0.0000e+00
     47.505   71.32994 -157.33152     48.000    -0.3255    -0.3241    -0.3268    32.2771    32.3047  1026.1525    25.9225    318.371    304.840  358.46974     88.814     85.061     0.1049     0.2811     3.7395     0.9251 5.0842e-02       3489     2.4222         37 0.0000e+00
     48.494   71.32994 -157.33152     49.000    -0.3264    -0.3262    -0.3278    32.2758    32.3030  1026.1563    25.9215    318.218    304.502  358.48178     88.768     84.961     0.1073     0.2957     3.7178     0.9485 2.7044e-02       3554     2.4673         76 0.0000e+00
     49.484   71.32994 -157.33151     50.000    -0.3266    -0.3254    -0.3280    32.2749    32.3018  1026.1604    25.9208    318.244    303.259  358.48612     88.775     84.615     0.1061     0.2888     3.7153     0.9512 1.3954e-02       3607     2.5044         42 0.0000e+00
     50.473   71.32994 -157.33150     51.000    -0.3277    -0.3263    -0.3291    32.2745    32.3010  1026.1649    25.9205    317.853    304.125  358.49810     88.663     84.854     0.1027     0.2682     3.7277     0.9377 1.1083e-02       3655     2.5373         48 0.0000e+00
     51.463   71.32994 -157.33150     52.000    -0.3312    -0.3299    -0.3327    32.2743    32.3008  1026.1697    25.9205    318.014    304.613  358.53138     88.699     84.982     0.1066     0.2917     3.7327     0.9324 3.9568e-03       3697     2.5664         37 0.0000e+00
     52.453   71.32994 -157.33150     53.000    -0.3410    -0.3395    -0.3425    32.2757    32.3020  1026.1760    25.9220    318.053    304.211  358.62061     88.688     84.849     0.1019     0.2638     3.7306     0.9346 6.5211e-04       3734     2.5923         44 0.0000e+00
     53.442   71.32996 -157.33150     54.000    -0.3443    -0.3434    -0.3458    32.2754    32.3018  1026.1808    25.9219    317.680    302.514  358.65184     88.576     84.367     0.1064     0.2908     3.7309     0.9343 6.4637e-05       3796     2.6353         67 0.0000e+00
     54.432   71.32995 -157.33150     55.000    -0.3686    -0.3732    -0.3701    32.2772    32.3053  1026.1880    25.9244    317.854    302.838  358.87724     88.569     84.393     0.1038     0.2747     3.7321     0.9331 1.0267e-07       3852     2.6745         53 0.0000e+00
     55.421   71.32994 -157.33150     56.000    -0.4004    -0.3977    -0.4020    32.2819    32.3081  1026.1979    25.9294    317.851    302.052  359.16569     88.497     84.121     0.1043     0.2777     3.7442     0.9200 6.6038e-07       3900     2.7079         39 0.0000e+00
     56.411   71.32995 -157.33150     57.000    -0.4012    -0.4002    -0.4027    32.2817    32.3077  1026.2025    25.9293    317.093    303.101  359.17340     88.284     84.408     0.1017     0.2622     3.7463     0.9178 1.4424e-06       3931     2.7293         29 0.0000e+00
     57.400   71.32996 -157.33150     58.000    -0.4037    -0.4038    -0.4054    32.2813    32.3072  1026.2072    25.9291    316.633    303.526  359.19892     88.150     84.518     0.1029     0.2697     3.7405     0.9241 9.3960e-07       3979     2.7626         78 0.0000e+00
     58.390   71.32996 -157.33148     59.000    -0.4063    -0.4053    -0.4079    32.2808    32.3065  1026.2116    25.9287    316.707    303.578  359.22460     88.164     84.528     0.1035     0.2729     3.7274     0.9381 9.9725e-07       4054     2.8149         43 0.0000e+00
     59.379   71.32996 -157.33150     60.000    -0.4068    -0.4050    -0.4085    32.2809    32.3062  1026.2165    25.9288    316.719    303.366  359.22938     88.166     84.470     0.1001     0.2526     3.7466     0.9175 1.7858e-06       4085     2.8364         33 0.0000e+00
