EcoFOCI/data/1_SampleCollection/2023_SikuliaqDBO_CruiseData/CTD_raw_BottleFile_SKQ23-12S/proc/skq202312s_029.cnv
* Sea-Bird SBE 9 Data File:
* FileName = D:\CTD\SKQ202312S\SKQ202312S_029.hex
* Software Version Seasave V 7.26.7.121
* Temperature SN = 6177
* Conductivity SN = 0369
* Number of Bytes Per Scan = 41
* Number of Voltage Words = 4
* Number of Scans Averaged by the Deck Unit = 1
* NMEA Latitude = 71 24.54 N
* NMEA Longitude = 157 29.66 W
* NMEA UTC (Time) = Sep 21 2023  04:58:57
* NMEA baud rate = 4800
** Ship: R/V Sikuliaq
** Station Number: 029
** Station Name: DBO5.5
** Bottom Depth: 124
** Operator: SS
# nquan = 24
# nvalues = 9233                                  
# units = specified
# name 0 = depSM: Depth [salt water, m]
# name 1 = latitude: Latitude [deg]
# name 2 = longitude: Longitude [deg]
# name 3 = prDM: Pressure, Digiquartz [db]
# name 4 = t090C: Temperature [ITS-90, deg C]
# name 5 = t190C: Temperature, 2 [ITS-90, deg C]
# name 6 = potemp090C: Potential Temperature [ITS-90, deg C]
# name 7 = sal00: Salinity, Practical [PSU]
# name 8 = sal11: Salinity, Practical, 2 [PSU]
# name 9 = density00: Density [density, kg/m^3]
# name 10 = sigma-é00: Density [sigma-theta, kg/m^3]
# name 11 = sbox0Mm/Kg: Oxygen, SBE 43 [umol/kg]
# name 12 = sbox1Mm/Kg: Oxygen, SBE 43, 2 [umol/kg]
# name 13 = oxsolMm/Kg: Oxygen Saturation, Garcia & Gordon [umol/kg]
# name 14 = sbeox0PS: Oxygen, SBE 43 [% saturation]
# name 15 = sbeox1PS: Oxygen, SBE 43, 2 [% saturation]
# name 16 = v0: Voltage 0
# name 17 = flECO-AFL: Fluorescence, WET Labs ECO-AFL/FL [mg/m^3]
# name 18 = v1: Voltage 1
# name 19 = CStarAt0: Beam Attenuation, WET Labs C-Star [1/m]
# name 20 = par: PAR/Irradiance, Biospherical/Licor
# name 21 = scan: Scan Count
# name 22 = timeM: Time, Elapsed [minutes]
# name 23 = flag:  0.000e+00
# span 0 =      2.734,    119.316                 
# span 1 =   71.40904,   71.40908                 
# span 2 = -157.49360, -157.49236                 
# span 3 =      2.762,    120.581                 
# span 4 =    -1.6681,     4.7481                 
# span 5 =    -1.6666,     4.7495                 
# span 6 =    -1.6703,     4.7472                 
# span 7 =    30.2602,    32.7515                 
# span 8 =    30.2736,    32.7618                 
# span 9 =  1023.9671,  1026.9319                 
# span 10 =    23.9498,    26.3499                
# span 11 =    243.763,    488.493                
# span 12 =    229.002,    448.643                
# span 13 =  319.53707,  370.32424                
# span 14 =     65.854,    133.038                
# span 15 =     61.873,    122.019                
# span 16 =     0.0659,     0.3504                
# span 17 =     0.0476,     1.7546                
# span 18 =     2.3834,     4.2234                
# span 19 =     0.4382,     2.7276                
# span 20 = 1.0000e-12, 1.5249e+00                
# span 21 =          1,       9233                
# span 22 =     0.0000,     6.4111                
# span 23 = 0.0000e+00, 0.0000e+00                
# interval = seconds: 0.0416667
# start_time = Sep 21 2023 05:03:15 [NMEA time, first data scan]
# bad_flag = -9.990e-29
*END*
[from data line 61]
      3.540   71.40904 -157.49360      3.576     4.7099     4.7052     4.7096    30.3018    30.2885  1023.9991    23.9824    304.793    287.929  320.57919     95.076     89.796     0.1905     0.7949     3.8657     0.7923 1.2199e+00         62     0.0424  0.000e+00
      3.593   71.40904 -157.49360      3.631     4.7097     4.7056     4.7095    30.3008    30.2891  1023.9986    23.9816    305.002    287.749  320.58274     95.140     89.741     0.1917     0.8022     3.8657     0.7923 1.2124e+00         63     0.0431  0.000e+00
      3.540   71.40904 -157.49360      3.576     4.7094     4.7059     4.7092    30.3017    30.2902  1023.9990    23.9823    305.026    287.895  320.58314     95.147     89.788     0.1929     0.8095     3.8657     0.7923 1.2087e+00         64     0.0437  0.000e+00
      3.593   71.40904 -157.49360      3.631     4.7096     4.7060     4.7093    30.3016    30.2907  1023.9992    23.9822    305.052    287.876  320.58216     95.156     89.783     0.1917     0.8022     3.8657     0.7923 1.2087e+00         65     0.0444  0.000e+00
      3.593   71.40904 -157.49360      3.631     4.7096     4.7060     4.7094    30.3013    30.2914  1023.9989    23.9820    305.076    287.873  320.58250     95.163     89.782     0.1929     0.8095     3.8657     0.7923 1.2050e+00         66     0.0451  0.000e+00
      3.540   71.40904 -157.49360      3.576     4.7094     4.7059     4.7092    30.3016    30.2909  1023.9990    23.9823    304.889    287.868  320.58323     95.104     89.780     0.1917     0.8022     3.8657     0.7923 1.2013e+00         67     0.0458  0.000e+00
      3.593   71.40904 -157.49360      3.631     4.7092     4.7060     4.7090    30.3018    30.2907  1023.9994    23.9824    305.298    287.861  320.58406     95.232     89.778     0.1917     0.8022     3.8657     0.7923 1.2050e+00         68     0.0465  0.000e+00
      3.540   71.40904 -157.49360      3.576     4.7094     4.7062     4.7092    30.3017    30.2905  1023.9990    23.9823    305.345    288.033  320.58314     95.247     89.832     0.1905     0.7949     3.8657     0.7923 1.2237e+00         69     0.0472  0.000e+00
      3.539   71.40904 -157.49360      3.576     4.7094     4.7060     4.7092    30.3015    30.2908  1023.9989    23.9822    305.394    288.017  320.58359     95.262     89.827     0.1917     0.8022     3.8657     0.7923 1.2351e+00         70     0.0479  0.000e+00
      3.539   71.40904 -157.49360      3.576     4.7093     4.7060     4.7091    30.3009    30.2905  1023.9984    23.9817    305.234    287.830  320.58579     95.211     89.768     0.1929     0.8095     3.8657     0.7923 1.2351e+00         71     0.0486  0.000e+00
      3.593   71.40904 -157.49360      3.631     4.7092     4.7060     4.7090    30.2997    30.2904  1023.9977    23.9808    305.187    287.829  320.58904     95.196     89.768     0.1880     0.7802     3.8657     0.7923 1.2389e+00         72     0.0493  0.000e+00
      3.539   71.40904 -157.49360      3.576     4.7091     4.7060     4.7088    30.2983    30.2899  1023.9964    23.9797    305.198    287.988  320.59355     95.198     89.817     0.1880     0.7802     3.8657     0.7923 1.2465e+00         73     0.0500  0.000e+00
      3.539   71.40904 -157.49360      3.576     4.7089     4.7060     4.7087    30.2963    30.2896  1023.9948    23.9781    305.212    287.978  320.59967     95.200     89.814     0.1856     0.7656     3.8657     0.7923 1.2465e+00         74     0.0507  0.000e+00
      3.593   71.40904 -157.49360      3.631     4.7086     4.7060     4.7084    30.2944    30.2890  1023.9936    23.9766    305.228    287.966  320.60671     95.203     89.810     0.1880     0.7802     3.8657     0.7923 1.2427e+00         75     0.0514  0.000e+00
      3.501   71.40904 -157.49360      3.537     4.7083     4.7060     4.7081    30.2923    30.2884  1023.9916    23.9750    305.236    287.757  320.61394     95.204     89.744     0.1868     0.7729     3.8657     0.7923 1.2389e+00         76     0.0521  0.000e+00
      3.593   71.40904 -157.49360      3.630     4.7081     4.7059     4.7079    30.2906    30.2885  1023.9907    23.9737    305.249    287.719  320.61925     95.206     89.732     0.1868     0.7729     3.8657     0.7923 1.2389e+00         77     0.0528  0.000e+00
      3.478   71.40904 -157.49360      3.514     4.7075     4.7060     4.7073    30.2895    30.2879  1023.9893    23.9729    305.080    287.876  320.62682     95.151     89.781     0.1880     0.7802     3.8645     0.7936 1.2815e+00         78     0.0535  0.000e+00
      3.539   71.40904 -157.49360      3.576     4.7072     4.7057     4.7069    30.2885    30.2880  1023.9888    23.9721    305.300    287.686  320.63199     95.218     89.721     0.1868     0.7729     3.8657     0.7923 1.3336e+00         79     0.0542  0.000e+00
      3.539   71.40904 -157.49360      3.576     4.7068     4.7057     4.7066    30.2877    30.2878  1023.9882    23.9715    305.341    287.655  320.63625     95.230     89.711     0.1880     0.7802     3.8657     0.7923 1.3459e+00         80     0.0549  0.000e+00
      3.539   71.40904 -157.49360      3.576     4.7067     4.7056     4.7065    30.2882    30.2876  1023.9886    23.9719    305.377    287.623  320.63601     95.241     89.701     0.1868     0.7729     3.8657     0.7923 1.3418e+00         81     0.0556  0.000e+00
      3.539   71.40904 -157.49360      3.576     4.7064     4.7056     4.7061    30.2885    30.2869  1023.9889    23.9722    305.798    287.588  320.63802     95.372     89.690     0.1880     0.7802     3.8657     0.7923 1.3418e+00         82     0.0563  0.000e+00
      3.478   71.40904 -157.49360      3.514     4.7064     4.7056     4.7061    30.2880    30.2862  1023.9882    23.9718    305.651    287.736  320.63913     95.326     89.735     0.1868     0.7729     3.8657     0.7923 1.3377e+00         83     0.0569  0.000e+00
      3.539   71.40904 -157.49360      3.576     4.7062     4.7057     4.7060    30.2875    30.2857  1023.9881    23.9714    305.685    287.737  320.64169     95.335     89.736     0.1880     0.7802     3.8657     0.7923 1.3214e+00         84     0.0576  0.000e+00
      3.539   71.40904 -157.49360      3.576     4.7065     4.7056     4.7063    30.2849    30.2852  1023.9860    23.9693    305.714    287.736  320.64540     95.343     89.735     0.1880     0.7802     3.8657     0.7923 1.2776e+00         85     0.0583  0.000e+00
      3.478   71.40904 -157.49360      3.514     4.7059     4.7054     4.7057    30.2834    30.2847  1023.9846    23.9682    305.744    287.544  320.65376     95.350     89.674     0.1868     0.7729     3.8657     0.7923 1.2620e+00         86     0.0590  0.000e+00
      3.539   71.40904 -157.49360      3.576     4.7058     4.7052     4.7055    30.2824    30.2836  1023.9841    23.9674    305.530    287.709  320.65759     95.282     89.724     0.1880     0.7802     3.8645     0.7936 1.2737e+00         87     0.0597  0.000e+00
      3.478   71.40904 -157.49360      3.514     4.7056     4.7052     4.7054    30.2816    30.2823  1023.9832    23.9668    305.518    287.512  320.66055     95.278     89.662     0.1868     0.7729     3.8657     0.7923 1.3053e+00         88     0.0604  0.000e+00
      3.478   71.40904 -157.49360      3.514     4.7053     4.7051     4.7050    30.2817    30.2818  1023.9833    23.9669    305.506    287.670  320.66273     95.273     89.710     0.1868     0.7729     3.8657     0.7923 1.3174e+00         89     0.0611  0.000e+00
      3.539   71.40904 -157.49360      3.576     4.7054     4.7051     4.7052    30.2806    30.2815  1023.9827    23.9660    305.494    287.658  320.66429     95.269     89.707     0.1856     0.7656     3.8657     0.7923 1.3214e+00         90     0.0618  0.000e+00
      3.478   71.40904 -157.49360      3.514     4.7048     4.7051     4.7046    30.2806    30.2816  1023.9825    23.9661    305.480    287.639  320.66903     95.263     89.701     0.1880     0.7802     3.8645     0.7936 1.3053e+00         91     0.0625  0.000e+00
      3.478   71.40904 -157.49360      3.514     4.7048     4.7051     4.7046    30.2799    30.2816  1023.9820    23.9656    305.671    287.433  320.67066     95.323     89.637     0.1880     0.7802     3.8657     0.7923 1.2974e+00         92     0.0632  0.000e+00
      3.539   71.40904 -157.49358      3.576     4.7045     4.7049     4.7043    30.2798    30.2822  1023.9822    23.9655    305.479    287.394  320.67327     95.262     89.624     0.1868     0.7729     3.8657     0.7923 1.2974e+00         93     0.0639  0.000e+00
      3.478   71.40904 -157.49358      3.514     4.7047     4.7051     4.7044    30.2796    30.2824  1023.9817    23.9653    305.454    287.347  320.67261     95.254     89.610     0.1880     0.7802     3.8657     0.7923 1.2894e+00         94     0.0646  0.000e+00
      3.478   71.40904 -157.49358      3.514     4.7047     4.7049     4.7044    30.2792    30.2827  1023.9814    23.9650    305.432    287.324  320.67361     95.247     89.603     0.1868     0.7729     3.8657     0.7923 1.2855e+00         95     0.0653  0.000e+00
      3.478   71.40904 -157.49358      3.514     4.7043     4.7052     4.7041    30.2791    30.2823  1023.9814    23.9650    305.442    287.298  320.67615     95.249     89.595     0.1880     0.7802     3.8657     0.7923 1.2815e+00         96     0.0660  0.000e+00
      3.478   71.40904 -157.49358      3.514     4.7043     4.7047     4.7041    30.2790    30.2825  1023.9812    23.9648    305.418    287.276  320.67660     95.242     89.588     0.1832     0.7509     3.8657     0.7923 1.2934e+00         97     0.0667  0.000e+00
      3.539   71.40904 -157.49358      3.576     4.7042     4.7051     4.7040    30.2781    30.2822  1023.9809    23.9642    305.398    287.417  320.67980     95.234     89.632     0.1734     0.6923     3.8645     0.7936 1.2974e+00         98     0.0674  0.000e+00
      3.501   71.40904 -157.49358      3.537     4.7045     4.7051     4.7043    30.2778    30.2817  1023.9804    23.9639    305.367    287.221  320.67821     95.225     89.571     0.1685     0.6630     3.8620     0.7961 1.2974e+00         99     0.0681  0.000e+00
      3.478   71.40904 -157.49358      3.514     4.7043     4.7049     4.7041    30.2777    30.2818  1023.9802    23.9638    305.132    287.192  320.67968     95.152     89.561     0.1697     0.6703     3.8632     0.7949 1.3053e+00        100     0.0688  0.000e+00
      3.478   71.40904 -157.49358      3.514     4.7043     4.7049     4.7041    30.2777    30.2814  1023.9803    23.9638    305.280    287.183  320.67959     95.198     89.558     0.1709     0.6776     3.8632     0.7949 1.3094e+00        101     0.0694  0.000e+00
      3.539   71.40904 -157.49358      3.576     4.7042     4.7049     4.7040    30.2776    30.2817  1023.9805    23.9638    305.254    287.176  320.68097     95.189     89.556     0.1697     0.6703     3.8620     0.7961 1.3134e+00        102     0.0701  0.000e+00
      3.478   71.40904 -157.49358      3.514     4.7043     4.7047     4.7041    30.2777    30.2818  1023.9802    23.9638    305.219    287.165  320.67968     95.179     89.553     0.1697     0.6703     3.8632     0.7949 1.2894e+00        103     0.0708  0.000e+00
      3.539   71.40904 -157.49358      3.576     4.7042     4.7049     4.7040    30.2775    30.2817  1023.9804    23.9637    305.191    287.136  320.68125     95.169     89.544     0.1697     0.6703     3.8632     0.7949 1.2620e+00        104     0.0715  0.000e+00
      3.478   71.40904 -157.49358      3.514     4.7045     4.7051     4.7043    30.2769    30.2819  1023.9796    23.9632    305.153    287.101  320.68035     95.158     89.533     0.1697     0.6703     3.8620     0.7961 1.2504e+00        105     0.0722  0.000e+00
      3.478   71.40904 -157.49358      3.514     4.7042     4.7049     4.7040    30.2767    30.2818  1023.9795    23.9631    305.121    287.092  320.68326     95.147     89.530     0.1697     0.6703     3.8632     0.7949 1.2427e+00        106     0.0729  0.000e+00
      3.539   71.40904 -157.49358      3.576     4.7043     4.7049     4.7041    30.2762    30.2817  1023.9794    23.9627    305.295    287.083  320.68310     95.201     89.527     0.1697     0.6703     3.8620     0.7961 1.2275e+00        107     0.0736  0.000e+00
      3.539   71.40904 -157.49358      3.576     4.7042     4.7047     4.7040    30.2759    30.2820  1023.9791    23.9624    305.529    287.073  320.68514     95.274     89.524     0.1709     0.6776     3.8632     0.7949 1.2199e+00        108     0.0743  0.000e+00
      3.539   71.40904 -157.49358      3.576     4.7040     4.7049     4.7038    30.2757    30.2818  1023.9790    23.9623    305.552    287.248  320.68691     95.280     89.579     0.1697     0.6703     3.8620     0.7961 1.2237e+00        109     0.0750  0.000e+00
      3.539   71.40904 -157.49358      3.576     4.7040     4.7047     4.7038    30.2750    30.2815  1023.9784    23.9617    305.155    287.071  320.68854     95.156     89.523     0.1709     0.6776     3.8620     0.7961 1.2351e+00        110     0.0757  0.000e+00
      3.539   71.40904 -157.49358      3.576     4.7039     4.7049     4.7036    30.2752    30.2815  1023.9786    23.9619    305.109    287.059  320.68922     95.142     89.519     0.1697     0.6703     3.8632     0.7949 1.2351e+00        111     0.0764  0.000e+00
      3.539   71.40904 -157.49358      3.576     4.7037     4.7051     4.7035    30.2750    30.2813  1023.9784    23.9617    305.095    287.025  320.69099     95.137     89.509     0.1709     0.6776     3.8620     0.7961 1.2351e+00        112     0.0771  0.000e+00
      3.539   71.40904 -157.49358      3.576     4.7035     4.7047     4.7033    30.2754    30.2810  1023.9788    23.9621    305.081    287.015  320.69160     95.132     89.505     0.1697     0.6703     3.8632     0.7949 1.2313e+00        113     0.0778  0.000e+00
      3.539   71.40904 -157.49358      3.576     4.7034     4.7051     4.7031    30.2761    30.2809  1023.9794    23.9627    305.065    287.001  320.69110     95.127     89.501     0.1697     0.6703     3.8620     0.7961 1.2313e+00        114     0.0785  0.000e+00
      3.593   71.40904 -157.49358      3.630     4.7037     4.7047     4.7035    30.2765    30.2807  1023.9799    23.9630    305.047    286.993  320.68725     95.123     89.498     0.1709     0.6776     3.8620     0.7961 1.2275e+00        115     0.0792  0.000e+00
      3.539   71.40904 -157.49358      3.576     4.7040     4.7051     4.7038    30.2772    30.2801  1023.9802    23.9635    304.993    286.977  320.68320     95.107     89.493     0.1697     0.6703     3.8620     0.7961 1.2013e+00        116     0.0799  0.000e+00
      3.593   71.40904 -157.49358      3.630     4.7039     4.7047     4.7036    30.2784    30.2802  1023.9814    23.9644    305.009    286.969  320.68159     95.113     89.490     0.1709     0.6776     3.8620     0.7961 1.1865e+00        117     0.0806  0.000e+00
      3.593   71.40904 -157.49358      3.630     4.7042     4.7051     4.7039    30.2788    30.2808  1023.9817    23.9647    305.023    286.974  320.67814     95.118     89.493     0.1697     0.6703     3.8632     0.7949 1.1865e+00        118     0.0813  0.000e+00
      3.655   71.40904 -157.49358      3.693     4.7043     4.7052     4.7041    30.2792    30.2823  1023.9822    23.9650    305.041    286.981  320.67608     95.124     89.496     0.1697     0.6703     3.8657     0.7923 1.2087e+00        119     0.0819  0.000e+00
      3.593   71.40904 -157.49358      3.630     4.7047     4.7056     4.7044    30.2794    30.2832  1023.9821    23.9652    305.023    287.150  320.67311     95.120     89.550     0.1685     0.6630     3.8669     0.7911 1.2313e+00        120     0.0826  0.000e+00
