EcoFOCI/data/1_SampleCollection/2023_SikuliaqDBO_CruiseData/CTD_raw_BottleFile_SKQ23-12S/proc/skq202312s_021.cnv
* Sea-Bird SBE 9 Data File:
* FileName = D:\CTD\SKQ202312S\SKQ202312S_021.hex
* Software Version Seasave V 7.26.7.121
* Temperature SN = 6177
* Conductivity SN = 0369
* Number of Bytes Per Scan = 41
* Number of Voltage Words = 4
* Number of Scans Averaged by the Deck Unit = 1
* NMEA Latitude = 64 59.46 N
* NMEA Longitude = 169 08.29 W
* NMEA UTC (Time) = Sep 18 2023  02:53:31
* NMEA baud rate = 4800
** Ship: R/V Sikuliaq
** Station Number: 021
** Station Name: DBO2.5
** Bottom Depth: 48
** Operator: SS
# nquan = 24
# nvalues = 4195                                  
# units = specified
# name 0 = depSM: Depth [salt water, m]
# name 1 = latitude: Latitude [deg]
# name 2 = longitude: Longitude [deg]
# name 3 = prDM: Pressure, Digiquartz [db]
# name 4 = t090C: Temperature [ITS-90, deg C]
# name 5 = t190C: Temperature, 2 [ITS-90, deg C]
# name 6 = potemp090C: Potential Temperature [ITS-90, deg C]
# name 7 = sal00: Salinity, Practical [PSU]
# name 8 = sal11: Salinity, Practical, 2 [PSU]
# name 9 = density00: Density [density, kg/m^3]
# name 10 = sigma-é00: Density [sigma-theta, kg/m^3]
# name 11 = sbox0Mm/Kg: Oxygen, SBE 43 [umol/kg]
# name 12 = sbox1Mm/Kg: Oxygen, SBE 43, 2 [umol/kg]
# name 13 = oxsolMm/Kg: Oxygen Saturation, Garcia & Gordon [umol/kg]
# name 14 = sbeox0PS: Oxygen, SBE 43 [% saturation]
# name 15 = sbeox1PS: Oxygen, SBE 43, 2 [% saturation]
# name 16 = v0: Voltage 0
# name 17 = flECO-AFL: Fluorescence, WET Labs ECO-AFL/FL [mg/m^3]
# name 18 = v1: Voltage 1
# name 19 = CStarAt0: Beam Attenuation, WET Labs C-Star [1/m]
# name 20 = par: PAR/Irradiance, Biospherical/Licor
# name 21 = scan: Scan Count
# name 22 = timeM: Time, Elapsed [minutes]
# name 23 = flag:  0.000e+00
# span 0 =      1.605,     43.174                 
# span 1 =   64.99128,   64.99152                 
# span 2 = -169.13860, -169.13846                 
# span 3 =      1.621,     43.606                 
# span 4 =     1.9257,     3.2703                 
# span 5 =     1.9261,     3.2712                 
# span 6 =     1.9256,     3.2684                 
# span 7 =    32.0542,    32.8614                 
# span 8 =    32.2122,    32.8725                 
# span 9 =  1025.6193,  1026.3740                 
# span 10 =    25.6097,    26.1699                
# span 11 =    257.095,    312.645                
# span 12 =    246.532,    301.137                
# span 13 =  325.87922,  338.43836                
# span 14 =     78.695,     92.447                
# span 15 =     75.305,     89.019                
# span 16 =     0.1184,     0.3346                
# span 17 =     0.3626,     1.6593                
# span 18 =     3.5067,     3.9341                
# span 19 =     0.7222,     1.1823                
# span 20 = 3.7477e-01, 1.3224e+02                
# span 21 =          1,       4195                
# span 22 =     0.0000,     2.9125                
# span 23 = 0.0000e+00, 0.0000e+00                
# interval = seconds: 0.0416667
# start_time = Sep 18 2023 02:57:41 [NMEA time, first data scan]
# bad_flag = -9.990e-29
*END*
[from data line 3623]
     38.816   64.99150 -169.13860     39.204     3.1762     3.1778     3.1739    32.7962    32.8063  1026.2946    26.1109    260.789    250.013  326.57099     79.857     76.566     0.1270     0.4139     3.8144     0.8458 8.1015e-01       3624     2.5160  0.000e+00
     38.878   64.99150 -169.13860     39.266     3.1760     3.1777     3.1737    32.7964    32.8063  1026.2951    26.1110    260.793    250.000  326.57225     79.858     76.562     0.1258     0.4066     3.8095     0.8509 8.1015e-01       3625     2.5167  0.000e+00
     38.878   64.99150 -169.13860     39.266     3.1757     3.1773     3.1734    32.7962    32.8061  1026.2949    26.1109    260.795    249.987  326.57492     79.858     76.557     0.1270     0.4139     3.8083     0.8522 8.0494e-01       3626     2.5174  0.000e+00
     38.878   64.99150 -169.13860     39.266     3.1757     3.1772     3.1734    32.7963    32.8065  1026.2950    26.1109    260.579    249.971  326.57472     79.791     76.552     0.1270     0.4139     3.8083     0.8522 8.0235e-01       3627     2.5181  0.000e+00
     38.932   64.99150 -169.13860     39.321     3.1757     3.1772     3.1734    32.7964    32.8071  1026.2953    26.1110    260.764    250.173  326.57449     79.848     76.614     0.1270     0.4139     3.8083     0.8522 7.9977e-01       3628     2.5187  0.000e+00
     38.940   64.99150 -169.13860     39.329     3.1757     3.1773     3.1734    32.7963    32.8072  1026.2953    26.1110    260.765    250.179  326.57460     79.849     76.616     0.1270     0.4139     3.8083     0.8522 7.9205e-01       3629     2.5194  0.000e+00
     38.994   64.99150 -169.13860     39.383     3.1759     3.1773     3.1736    32.7968    32.8072  1026.2959    26.1113    260.767    249.993  326.57219     79.850     76.559     0.1270     0.4139     3.8083     0.8522 7.7934e-01       3630     2.5201  0.000e+00
     39.055   64.99150 -169.13860     39.446     3.1759     3.1770     3.1736    32.7967    32.8074  1026.2962    26.1113    260.770    250.003  326.57227     79.851     76.562     0.1258     0.4066     3.8083     0.8522 7.7934e-01       3631     2.5208  0.000e+00
     39.040   64.99150 -169.13860     39.430     3.1760     3.1773     3.1737    32.7963    32.8071  1026.2958    26.1110    260.771    249.985  326.57197     79.851     76.557     0.1270     0.4139     3.8083     0.8522 7.7682e-01       3632     2.5215  0.000e+00
     39.055   64.99150 -169.13860     39.446     3.1760     3.1774     3.1737    32.7964    32.8071  1026.2960    26.1111    260.772    250.163  326.57169     79.852     76.611     0.1270     0.4139     3.8083     0.8522 7.7180e-01       3633     2.5222  0.000e+00
     39.109   64.99150 -169.13860     39.500     3.1760     3.1777     3.1737    32.7967    32.8070  1026.2964    26.1113    260.991    250.192  326.57106     79.919     76.621     0.1270     0.4139     3.8083     0.8522 7.7180e-01       3634     2.5229  0.000e+00
     39.109   64.99150 -169.13860     39.500     3.1760     3.1775     3.1737    32.7964    32.8072  1026.2962    26.1110    260.810    250.198  326.57186     79.863     76.623     0.1270     0.4139     3.8083     0.8522 7.6681e-01       3635     2.5236  0.000e+00
     39.156   64.99150 -169.13860     39.547     3.1760     3.1773     3.1737    32.7962    32.8071  1026.2962    26.1109    260.812    250.206  326.57232     79.864     76.624     0.1258     0.4066     3.8083     0.8522 7.5937e-01       3636     2.5243  0.000e+00
     39.225   64.99150 -169.13860     39.617     3.1759     3.1773     3.1735    32.7963    32.8067  1026.2967    26.1110    260.816    250.019  326.57330     79.864     76.567     0.1270     0.4139     3.8083     0.8522 7.5691e-01       3637     2.5250  0.000e+00
     39.225   64.99150 -169.13860     39.617     3.1760     3.1775     3.1737    32.7964    32.8069  1026.2967    26.1110    260.814    249.975  326.57191     79.864     76.554     0.1258     0.4066     3.8083     0.8522 7.5445e-01       3638     2.5257  0.000e+00
     39.225   64.99150 -169.13860     39.617     3.1759     3.1775     3.1735    32.7966    32.8064  1026.2969    26.1112    260.815    250.150  326.57260     79.864     76.607     0.1270     0.4139     3.8083     0.8522 7.4711e-01       3639     2.5264  0.000e+00
     39.271   64.99150 -169.13860     39.664     3.1760     3.1772     3.1737    32.7967    32.8067  1026.2972    26.1112    260.816    250.155  326.57157     79.865     76.609     0.1258     0.4066     3.8083     0.8522 7.4226e-01       3640     2.5271  0.000e+00
     39.279   64.99150 -169.13860     39.672     3.1762     3.1772     3.1739    32.7967    32.8072  1026.2972    26.1113    260.814    249.962  326.56971     79.865     76.550     0.1270     0.4139     3.8083     0.8522 7.4226e-01       3641     2.5278  0.000e+00
     39.341   64.99150 -169.13860     39.734     3.1762     3.1775     3.1739    32.7970    32.8069  1026.2977    26.1115    260.816    249.941  326.56909     79.866     76.544     0.1282     0.4212     3.8083     0.8522 7.3503e-01       3642     2.5285  0.000e+00
     39.341   64.99150 -169.13860     39.734     3.1765     3.1772     3.1741    32.7970    32.8071  1026.2977    26.1115    260.814    249.944  326.56682     79.865     76.544     0.1270     0.4139     3.8083     0.8522 7.3024e-01       3643     2.5292  0.000e+00
     39.333   64.99150 -169.13860     39.726     3.1763     3.1773     3.1740    32.7970    32.8070  1026.2977    26.1115    260.815    249.923  326.56809     79.865     76.538     0.1282     0.4212     3.8059     0.8547 7.3024e-01       3644     2.5299  0.000e+00
     39.395   64.99150 -169.13860     39.789     3.1763     3.1773     3.1740    32.7969    32.8072  1026.2979    26.1114    260.601    249.927  326.56837     79.800     76.539     0.1270     0.4139     3.7998     0.8612 7.2311e-01       3645     2.5306  0.000e+00
     39.456   64.99150 -169.13860     39.851     3.1763     3.1773     3.1740    32.7969    32.8067  1026.2982    26.1114    260.786    249.911  326.56845     79.857     76.534     0.1270     0.4139     3.7961     0.8650 7.2075e-01       3646     2.5313  0.000e+00
     39.456   64.99150 -169.13860     39.851     3.1763     3.1773     3.1740    32.7967    32.8066  1026.2980    26.1112    260.788    249.891  326.56895     79.857     76.528     0.1245     0.3993     3.7961     0.8650 7.1839e-01       3647     2.5319  0.000e+00
     39.503   64.99150 -169.13860     39.898     3.1762     3.1772     3.1739    32.7967    32.8061  1026.2983    26.1112    260.792    249.875  326.56980     79.858     76.522     0.1245     0.3993     3.7973     0.8637 7.0903e-01       3648     2.5326  0.000e+00
     39.510   64.99150 -169.13860     39.905     3.1762     3.1774     3.1739    32.7967    32.8063  1026.2983    26.1112    261.226    249.877  326.56981     79.991     76.524     0.1233     0.3919     3.7973     0.8637 7.0208e-01       3649     2.5333  0.000e+00
     39.510   64.99150 -169.13860     39.905     3.1762     3.1772     3.1739    32.7972    32.8064  1026.2987    26.1116    260.860    249.860  326.56862     79.879     76.518     0.1245     0.3993     3.7961     0.8650 7.0208e-01       3650     2.5340  0.000e+00
     39.510   64.99150 -169.13860     39.905     3.1762     3.1770     3.1739    32.7970    32.8067  1026.2986    26.1115    260.643    250.036  326.56892     79.813     76.572     0.1233     0.3919     3.7973     0.8637 6.9291e-01       3651     2.5347  0.000e+00
     39.618   64.99150 -169.13860     40.015     3.1763     3.1770     3.1740    32.7964    32.8068  1026.2985    26.1110    260.613    249.871  326.56976     79.803     76.521     0.1245     0.3993     3.7961     0.8650 6.8609e-01       3652     2.5354  0.000e+00
     39.564   64.99150 -169.13860     39.960     3.1762     3.1769     3.1738    32.7966    32.8064  1026.2985    26.1112    260.794    249.876  326.57008     79.859     76.522     0.1245     0.3993     3.7973     0.8637 6.8609e-01       3653     2.5361  0.000e+00
     39.626   64.99150 -169.13860     40.022     3.1761     3.1769     3.1738    32.7965    32.8064  1026.2987    26.1111    260.798    249.883  326.57076     79.860     76.525     0.1233     0.3919     3.7973     0.8637 6.8836e-01       3654     2.5368  0.000e+00
     39.626   64.99150 -169.13860     40.022     3.1760     3.1769     3.1737    32.7967    32.8068  1026.2989    26.1113    260.368    249.866  326.57105     79.728     76.519     0.1245     0.3993     3.7961     0.8650 6.9063e-01       3655     2.5375  0.000e+00
     39.618   64.99150 -169.13860     40.015     3.1759     3.1769     3.1735    32.7970    32.8067  1026.2990    26.1115    260.303    249.873  326.57172     79.708     76.521     0.1245     0.3993     3.7973     0.8637 6.9063e-01       3656     2.5382  0.000e+00
     39.680   64.99150 -169.13860     40.077     3.1759     3.1769     3.1735    32.7965    32.8068  1026.2990    26.1111    260.209    249.882  326.57290     79.679     76.524     0.1245     0.3993     3.7961     0.8650 6.8609e-01       3657     2.5389  0.000e+00
     39.680   64.99150 -169.13860     40.077     3.1759     3.1767     3.1735    32.7962    32.8068  1026.2987    26.1109    260.581    249.891  326.57370     79.792     76.527     0.1233     0.3919     3.7961     0.8650 6.7709e-01       3658     2.5396  0.000e+00
     39.680   64.99150 -169.13860     40.077     3.1757     3.1766     3.1734    32.7966    32.8065  1026.2991    26.1113    260.374    249.879  326.57379     79.729     76.523     0.1245     0.3993     3.7973     0.8637 6.7263e-01       3659     2.5403  0.000e+00
     39.742   64.99150 -169.13860     40.139     3.1757     3.1767     3.1734    32.7961    32.8065  1026.2989    26.1108    260.353    249.866  326.57516     79.722     76.519     0.1233     0.3919     3.7973     0.8637 6.7263e-01       3660     2.5410  0.000e+00
     39.734   64.99150 -169.13860     40.131     3.1757     3.1769     3.1734    32.7959    32.8065  1026.2988    26.1107    260.330    249.874  326.57555     79.715     76.522     0.1245     0.3993     3.7973     0.8637 6.6598e-01       3661     2.5417  0.000e+00
     39.742   64.99150 -169.13860     40.139     3.1756     3.1767     3.1732    32.7963    32.8067  1026.2991    26.1110    260.092    250.079  326.57595     79.642     76.584     0.1233     0.3919     3.7973     0.8637 6.6378e-01       3662     2.5424  0.000e+00
     39.796   64.99150 -169.13860     40.194     3.1756     3.1767     3.1732    32.7961    32.8067  1026.2992    26.1108    260.258    250.090  326.57642     79.693     76.588     0.1245     0.3993     3.7961     0.8650 6.6378e-01       3663     2.5431  0.000e+00
     39.796   64.99150 -169.13860     40.194     3.1756     3.1769     3.1732    32.7960    32.8064  1026.2992    26.1108    260.276    249.904  326.57662     79.698     76.531     0.1245     0.3993     3.7961     0.8650 6.6819e-01       3664     2.5438  0.000e+00
     39.788   64.99150 -169.13860     40.186     3.1756     3.1770     3.1732    32.7961    32.8066  1026.2992    26.1108    260.262    249.889  326.57651     79.694     76.526     0.1233     0.3919     3.7961     0.8650 6.7263e-01       3665     2.5444  0.000e+00
     39.796   64.99150 -169.13860     40.194     3.1759     3.1770     3.1735    32.7959    32.8067  1026.2991    26.1107    260.247    249.681  326.57425     79.690     76.463     0.1245     0.3993     3.7973     0.8637 6.7041e-01       3666     2.5451  0.000e+00
     39.796   64.99150 -169.13860     40.194     3.1759     3.1773     3.1735    32.7960    32.8064  1026.2991    26.1107    260.235    249.838  326.57405     79.686     76.511     0.1245     0.3993     3.7973     0.8637 6.6378e-01       3667     2.5458  0.000e+00
     39.858   64.99150 -169.13860     40.256     3.1760     3.1772     3.1736    32.7961    32.8062  1026.2995    26.1108    260.226    249.851  326.57305     79.684     76.515     0.1245     0.3993     3.7973     0.8637 6.6378e-01       3668     2.5465  0.000e+00
     39.904   64.99150 -169.13860     40.303     3.1760     3.1771     3.1737    32.7959    32.8064  1026.2995    26.1106    260.436    249.864  326.57311     79.748     76.519     0.1245     0.3993     3.7973     0.8637 6.6159e-01       3669     2.5472  0.000e+00
     39.858   64.99150 -169.13860     40.256     3.1760     3.1772     3.1737    32.7960    32.8059  1026.2994    26.1107    260.243    249.875  326.57275     79.689     76.522     0.1245     0.3993     3.7973     0.8637 6.5286e-01       3670     2.5479  0.000e+00
     39.912   64.99150 -169.13860     40.311     3.1760     3.1773     3.1737    32.7961    32.8061  1026.2997    26.1108    260.238    249.889  326.57262     79.688     76.527     0.1233     0.3919     3.7973     0.8637 6.4853e-01       3671     2.5486  0.000e+00
     39.858   64.99150 -169.13860     40.256     3.1760     3.1769     3.1737    32.7959    32.8068  1026.2993    26.1106    260.231    249.879  326.57305     79.685     76.524     0.1282     0.4212     3.7973     0.8637 6.4853e-01       3672     2.5493  0.000e+00
     39.958   64.99150 -169.13860     40.357     3.1759     3.1772     3.1735    32.7959    32.8067  1026.2998    26.1107    260.231    249.871  326.57427     79.685     76.522     0.1343     0.4579     3.7973     0.8637 6.5069e-01       3673     2.5500  0.000e+00
     39.912   64.99150 -169.13860     40.311     3.1760     3.1772     3.1737    32.7960    32.8063  1026.2996    26.1107    260.225    249.861  326.57282     79.684     76.518     0.1343     0.4579     3.7973     0.8637 6.5069e-01       3674     2.5507  0.000e+00
     39.912   64.99150 -169.13860     40.311     3.1757     3.1771     3.1733    32.7962    32.8059  1026.2998    26.1109    260.226    249.853  326.57499     79.683     76.515     0.1343     0.4579     3.7973     0.8637 6.5069e-01       3675     2.5514  0.000e+00
     39.912   64.99150 -169.13860     40.311     3.1759     3.1772     3.1735    32.7957    32.8065  1026.2995    26.1105    260.189    249.842  326.57470     79.672     76.513     0.1343     0.4579     3.7973     0.8637 6.4853e-01       3676     2.5521  0.000e+00
     39.966   64.99150 -169.13860     40.365     3.1759     3.1770     3.1735    32.7960    32.8067  1026.3000    26.1108    260.191    249.859  326.57398     79.673     76.517     0.1343     0.4579     3.7973     0.8637 6.4423e-01       3677     2.5528  0.000e+00
     39.904   64.99150 -169.13860     40.303     3.1759     3.1770     3.1735    32.7960    32.8068  1026.2996    26.1107    260.190    249.871  326.57410     79.673     76.521     0.1331     0.4505     3.7973     0.8637 6.4209e-01       3678     2.5535  0.000e+00
     39.966   64.99150 -169.13860     40.365     3.1759     3.1770     3.1735    32.7961    32.8074  1026.3000    26.1108    260.195    249.865  326.57378     79.674     76.520     0.1343     0.4579     3.7973     0.8637 6.4423e-01       3679     2.5542  0.000e+00
     39.912   64.99150 -169.13860     40.311     3.1763     3.1772     3.1739    32.7954    32.8071  1026.2991    26.1102    260.196    249.855  326.57215     79.675     76.517     0.1331     0.4505     3.7973     0.8637 6.4423e-01       3680     2.5549  0.000e+00
     39.966   64.99150 -169.13860     40.365     3.1759     3.1770     3.1735    32.7960    32.8077  1026.3000    26.1108    260.205    249.849  326.57398     79.677     76.515     0.1343     0.4579     3.7973     0.8637 6.4423e-01       3681     2.5556  0.000e+00
     39.958   64.99150 -169.13860     40.357     3.1760     3.1772     3.1736    32.7959    32.8072  1026.2998    26.1106    260.212    249.671  326.57358     79.679     76.461     0.1331     0.4505     3.7973     0.8637 6.4209e-01       3682     2.5562  0.000e+00
     39.966   64.99150 -169.13860     40.365     3.1759     3.1775     3.1735    32.7959    32.8070  1026.2999    26.1107    260.473    249.859  326.57428     79.759     76.518     0.1343     0.4579     3.7973     0.8637 6.3570e-01       3683     2.5569  0.000e+00
