EcoFOCI/data/1_SampleCollection/2023_SikuliaqDBO_CruiseData/CTD_raw_BottleFile_SKQ23-12S/proc/skq202312s_081svp.cnv
* Sea-Bird SBE 9 Data File:
* FileName = D:\CTD\SKQ202312S\SKQ202312S_081.hex
* Software Version Seasave V 7.26.7.121
* Temperature SN = 6177
* Conductivity SN = 0369
* Number of Bytes Per Scan = 41
* Number of Voltage Words = 4
* Number of Scans Averaged by the Deck Unit = 1
* NMEA Latitude = 65 41.58 N
* NMEA Longitude = 168 27.84 W
* NMEA UTC (Time) = Oct 03 2023  09:04:12
* NMEA baud rate = 4800
** Ship: R/V Sikuliaq
** Station Number: 081
** Station Name: BS4
** Bottom Depth: 54
** Operator: SD
# nquan = 7
# nvalues = 3554                                  
# units = specified
# name 0 = depSM: Depth [salt water, m]
# name 1 = latitude: Latitude [deg]
# name 2 = longitude: Longitude [deg]
# name 3 = t090C: Temperature [ITS-90, deg C]
# name 4 = sal00: Salinity, Practical [PSU]
# name 5 = svCM: Sound Velocity [Chen-Millero, m/s]
# name 6 = flag:  0.000e+00
# span 0 =      2.584,     49.454                 
# span 1 =   65.69290,   65.69292                 
# span 2 = -168.46470, -168.46450                 
# span 3 =     2.9660,     6.7152                 
# span 4 =    25.8991,    32.8646                 
# span 5 =    1459.99,    1473.49                 
# span 6 = 0.0000e+00, 0.0000e+00                 
# interval = seconds: 0.0416667
# start_time = Oct 03 2023 09:06:59 [NMEA time, first data scan]
# bad_flag = -9.990e-29
*END*
[from data line 2257]
     40.055   65.69292 -168.46464     2.9665    32.8341    1460.11  0.000e+00
     40.055   65.69292 -168.46464     2.9666    32.8339    1460.11  0.000e+00
     40.171   65.69292 -168.46464     2.9665    32.8337    1460.11  0.000e+00
     40.163   65.69292 -168.46464     2.9665    32.8339    1460.11  0.000e+00
     40.109   65.69292 -168.46464     2.9667    32.8340    1460.11  0.000e+00
     40.225   65.69292 -168.46464     2.9666    32.8343    1460.11  0.000e+00
     40.171   65.69292 -168.46464     2.9667    32.8342    1460.11  0.000e+00
     40.279   65.69292 -168.46464     2.9665    32.8346    1460.12  0.000e+00
     40.286   65.69292 -168.46464     2.9665    32.8341    1460.11  0.000e+00
     40.225   65.69292 -168.46464     2.9667    32.8346    1460.11  0.000e+00
     40.279   65.69292 -168.46464     2.9665    32.8349    1460.12  0.000e+00
     40.402   65.69292 -168.46464     2.9667    32.8348    1460.12  0.000e+00
     40.340   65.69292 -168.46464     2.9665    32.8353    1460.12  0.000e+00
     40.402   65.69292 -168.46464     2.9667    32.8351    1460.12  0.000e+00
     40.387   65.69292 -168.46464     2.9669    32.8347    1460.12  0.000e+00
     40.402   65.69292 -168.46464     2.9667    32.8352    1460.12  0.000e+00
     40.456   65.69292 -168.46464     2.9669    32.8352    1460.12  0.000e+00
     40.456   65.69292 -168.46464     2.9667    32.8355    1460.12  0.000e+00
     40.502   65.69292 -168.46464     2.9667    32.8350    1460.12  0.000e+00
     40.510   65.69292 -168.46464     2.9667    32.8351    1460.12  0.000e+00
     40.510   65.69292 -168.46464     2.9670    32.8352    1460.12  0.000e+00
     40.510   65.69292 -168.46464     2.9665    32.8358    1460.12  0.000e+00
     40.564   65.69292 -168.46464     2.9667    32.8353    1460.12  0.000e+00
     40.572   65.69292 -168.46464     2.9667    32.8355    1460.12  0.000e+00
     40.572   65.69292 -168.46464     2.9669    32.8351    1460.12  0.000e+00
     40.626   65.69292 -168.46464     2.9669    32.8353    1460.12  0.000e+00
     40.680   65.69292 -168.46464     2.9669    32.8353    1460.12  0.000e+00
     40.626   65.69292 -168.46464     2.9670    32.8352    1460.12  0.000e+00
     40.688   65.69292 -168.46464     2.9669    32.8356    1460.12  0.000e+00
     40.688   65.69292 -168.46464     2.9669    32.8349    1460.12  0.000e+00
     40.618   65.69292 -168.46464     2.9669    32.8357    1460.12  0.000e+00
     40.803   65.69292 -168.46464     2.9669    32.8359    1460.13  0.000e+00
     40.742   65.69292 -168.46464     2.9672    32.8358    1460.13  0.000e+00
     40.742   65.69292 -168.46464     2.9669    32.8364    1460.13  0.000e+00
     40.742   65.69292 -168.46464     2.9672    32.8364    1460.13  0.000e+00
     40.796   65.69292 -168.46464     2.9672    32.8364    1460.13  0.000e+00
     40.803   65.69292 -168.46464     2.9672    32.8361    1460.13  0.000e+00
     40.803   65.69292 -168.46464     2.9673    32.8359    1460.13  0.000e+00
     40.803   65.69292 -168.46464     2.9674    32.8361    1460.13  0.000e+00
     40.850   65.69292 -168.46464     2.9674    32.8357    1460.13  0.000e+00
     40.803   65.69292 -168.46464     2.9675    32.8355    1460.13  0.000e+00
     40.857   65.69292 -168.46464     2.9674    32.8358    1460.13  0.000e+00
     40.911   65.69292 -168.46464     2.9677    32.8355    1460.13  0.000e+00
     40.850   65.69292 -168.46464     2.9674    32.8356    1460.13  0.000e+00
     40.911   65.69292 -168.46464     2.9676    32.8360    1460.13  0.000e+00
     40.911   65.69292 -168.46464     2.9675    32.8358    1460.13  0.000e+00
     40.857   65.69292 -168.46464     2.9676    32.8361    1460.13  0.000e+00
     40.965   65.69292 -168.46464     2.9675    32.8362    1460.13  0.000e+00
     40.911   65.69292 -168.46464     2.9674    32.8361    1460.13  0.000e+00
     40.973   65.69292 -168.46464     2.9674    32.8363    1460.13  0.000e+00
     40.973   65.69292 -168.46464     2.9674    32.8363    1460.13  0.000e+00
     40.965   65.69292 -168.46464     2.9676    32.8364    1460.13  0.000e+00
     40.973   65.69292 -168.46464     2.9675    32.8365    1460.13  0.000e+00
     40.973   65.69292 -168.46464     2.9676    32.8362    1460.13  0.000e+00
     41.027   65.69292 -168.46464     2.9675    32.8362    1460.13  0.000e+00
     41.019   65.69292 -168.46464     2.9678    32.8360    1460.13  0.000e+00
     41.027   65.69292 -168.46464     2.9674    32.8359    1460.13  0.000e+00
     41.089   65.69292 -168.46464     2.9678    32.8358    1460.14  0.000e+00
     41.089   65.69292 -168.46464     2.9675    32.8359    1460.13  0.000e+00
     41.081   65.69292 -168.46464     2.9674    32.8360    1460.13  0.000e+00
     41.027   65.69292 -168.46464     2.9674    32.8364    1460.13  0.000e+00
     41.089   65.69292 -168.46464     2.9674    32.8362    1460.13  0.000e+00
     41.143   65.69292 -168.46464     2.9674    32.8364    1460.14  0.000e+00
     41.089   65.69292 -168.46464     2.9675    32.8362    1460.13  0.000e+00
     41.135   65.69292 -168.46464     2.9673    32.8366    1460.14  0.000e+00
     41.089   65.69292 -168.46464     2.9672    32.8371    1460.13  0.000e+00
     41.143   65.69292 -168.46464     2.9674    32.8364    1460.14  0.000e+00
     41.143   65.69292 -168.46464     2.9674    32.8365    1460.14  0.000e+00
     41.197   65.69292 -168.46464     2.9671    32.8373    1460.14  0.000e+00
     41.143   65.69292 -168.46464     2.9673    32.8370    1460.14  0.000e+00
     41.205   65.69292 -168.46464     2.9674    32.8364    1460.14  0.000e+00
     41.205   65.69292 -168.46464     2.9673    32.8365    1460.14  0.000e+00
     41.197   65.69292 -168.46464     2.9672    32.8367    1460.14  0.000e+00
     41.259   65.69292 -168.46464     2.9673    32.8363    1460.14  0.000e+00
     41.259   65.69292 -168.46464     2.9673    32.8365    1460.14  0.000e+00
     41.259   65.69292 -168.46464     2.9672    32.8365    1460.14  0.000e+00
     41.251   65.69292 -168.46464     2.9673    32.8365    1460.14  0.000e+00
     41.259   65.69292 -168.46464     2.9672    32.8369    1460.14  0.000e+00
     41.259   65.69292 -168.46464     2.9673    32.8364    1460.14  0.000e+00
     41.313   65.69292 -168.46464     2.9675    32.8363    1460.14  0.000e+00
     41.259   65.69292 -168.46464     2.9676    32.8365    1460.14  0.000e+00
     41.305   65.69292 -168.46464     2.9677    32.8367    1460.14  0.000e+00
     41.313   65.69292 -168.46464     2.9676    32.8371    1460.14  0.000e+00
     41.313   65.69292 -168.46464     2.9676    32.8367    1460.14  0.000e+00
     41.374   65.69292 -168.46464     2.9679    32.8367    1460.14  0.000e+00
     41.367   65.69292 -168.46464     2.9678    32.8372    1460.14  0.000e+00
     41.313   65.69292 -168.46464     2.9682    32.8373    1460.14  0.000e+00
     41.428   65.69292 -168.46464     2.9681    32.8377    1460.14  0.000e+00
     41.374   65.69292 -168.46464     2.9680    32.8378    1460.14  0.000e+00
     41.421   65.69292 -168.46464     2.9682    32.8376    1460.15  0.000e+00
     41.428   65.69292 -168.46464     2.9684    32.8380    1460.15  0.000e+00
     41.428   65.69292 -168.46464     2.9684    32.8379    1460.15  0.000e+00
     41.490   65.69292 -168.46464     2.9684    32.8379    1460.15  0.000e+00
     41.428   65.69292 -168.46464     2.9688    32.8374    1460.15  0.000e+00
     41.537   65.69292 -168.46464     2.9684    32.8379    1460.15  0.000e+00
     41.428   65.69292 -168.46464     2.9686    32.8382    1460.15  0.000e+00
     41.544   65.69292 -168.46464     2.9686    32.8379    1460.15  0.000e+00
     41.490   65.69292 -168.46464     2.9688    32.8382    1460.15  0.000e+00
     41.537   65.69292 -168.46464     2.9687    32.8380    1460.15  0.000e+00
     41.544   65.69292 -168.46464     2.9689    32.8382    1460.15  0.000e+00
     41.544   65.69292 -168.46464     2.9689    32.8385    1460.15  0.000e+00
     41.544   65.69292 -168.46464     2.9690    32.8384    1460.15  0.000e+00
     41.598   65.69292 -168.46464     2.9691    32.8388    1460.15  0.000e+00
     41.606   65.69292 -168.46464     2.9690    32.8390    1460.15  0.000e+00
     41.660   65.69292 -168.46464     2.9691    32.8389    1460.15  0.000e+00
     41.606   65.69292 -168.46464     2.9692    32.8386    1460.15  0.000e+00
     41.660   65.69292 -168.46464     2.9694    32.8386    1460.16  0.000e+00
     41.652   65.69292 -168.46464     2.9694    32.8384    1460.15  0.000e+00
     41.660   65.69292 -168.46464     2.9695    32.8382    1460.16  0.000e+00
     41.714   65.69292 -168.46464     2.9694    32.8387    1460.16  0.000e+00
     41.660   65.69292 -168.46464     2.9697    32.8380    1460.16  0.000e+00
     41.768   65.69292 -168.46464     2.9696    32.8385    1460.16  0.000e+00
     41.714   65.69292 -168.46464     2.9695    32.8385    1460.16  0.000e+00
     41.776   65.69292 -168.46464     2.9697    32.8382    1460.16  0.000e+00
     41.714   65.69292 -168.46464     2.9697    32.8381    1460.16  0.000e+00
     41.776   65.69292 -168.46464     2.9697    32.8382    1460.16  0.000e+00
     41.768   65.69292 -168.46464     2.9697    32.8386    1460.16  0.000e+00
     41.830   65.69292 -168.46464     2.9697    32.8386    1460.16  0.000e+00
     41.776   65.69292 -168.46464     2.9696    32.8387    1460.16  0.000e+00
     41.830   65.69292 -168.46464     2.9697    32.8387    1460.16  0.000e+00
     41.822   65.69292 -168.46464     2.9697    32.8387    1460.16  0.000e+00
     41.830   65.69292 -168.46464     2.9699    32.8386    1460.16  0.000e+00
     41.891   65.69292 -168.46464     2.9699    32.8388    1460.16  0.000e+00
     41.891   65.69292 -168.46464     2.9697    32.8388    1460.16  0.000e+00
     41.891   65.69292 -168.46464     2.9699    32.8392    1460.16  0.000e+00
     41.884   65.69292 -168.46464     2.9699    32.8388    1460.16  0.000e+00
     41.946   65.69292 -168.46464     2.9700    32.8388    1460.16  0.000e+00
     41.946   65.69292 -168.46464     2.9699    32.8390    1460.16  0.000e+00
     41.946   65.69292 -168.46464     2.9699    32.8393    1460.16  0.000e+00
     41.938   65.69292 -168.46464     2.9701    32.8390    1460.16  0.000e+00
     42.007   65.69292 -168.46464     2.9700    32.8396    1460.16  0.000e+00
     42.007   65.69292 -168.46464     2.9701    32.8398    1460.17  0.000e+00
     41.946   65.69292 -168.46464     2.9703    32.8398    1460.17  0.000e+00
     42.061   65.69292 -168.46464     2.9700    32.8401    1460.17  0.000e+00
     42.000   65.69292 -168.46464     2.9705    32.8396    1460.17  0.000e+00
     42.061   65.69292 -168.46464     2.9703    32.8400    1460.17  0.000e+00
     42.061   65.69292 -168.46464     2.9704    32.8404    1460.17  0.000e+00
     42.061   65.69292 -168.46464     2.9703    32.8411    1460.17  0.000e+00
     42.108   65.69292 -168.46464     2.9707    32.8408    1460.17  0.000e+00
     42.061   65.69292 -168.46464     2.9706    32.8409    1460.17  0.000e+00
     42.115   65.69292 -168.46464     2.9705    32.8405    1460.17  0.000e+00
     42.115   65.69292 -168.46464     2.9708    32.8405    1460.17  0.000e+00
     42.177   65.69292 -168.46464     2.9706    32.8406    1460.17  0.000e+00
     42.169   65.69292 -168.46464     2.9707    32.8406    1460.17  0.000e+00
     42.177   65.69292 -168.46464     2.9706    32.8410    1460.17  0.000e+00
     42.177   65.69292 -168.46464     2.9708    32.8409    1460.17  0.000e+00
     42.231   65.69292 -168.46464     2.9709    32.8410    1460.17  0.000e+00
     42.231   65.69292 -168.46464     2.9710    32.8410    1460.17  0.000e+00
     42.169   65.69292 -168.46464     2.9708    32.8410    1460.17  0.000e+00
     42.231   65.69292 -168.46464     2.9710    32.8411    1460.17  0.000e+00
     42.293   65.69292 -168.46464     2.9708    32.8415    1460.18  0.000e+00
     42.293   65.69292 -168.46464     2.9711    32.8414    1460.18  0.000e+00
     42.285   65.69292 -168.46464     2.9708    32.8415    1460.18  0.000e+00
     42.293   65.69292 -168.46464     2.9709    32.8419    1460.18  0.000e+00
     42.293   65.69292 -168.46464     2.9711    32.8411    1460.18  0.000e+00
     42.347   65.69292 -168.46464     2.9714    32.8409    1460.18  0.000e+00
     42.347   65.69292 -168.46464     2.9713    32.8411    1460.18  0.000e+00
     42.339   65.69292 -168.46464     2.9712    32.8410    1460.18  0.000e+00
     42.401   65.69292 -168.46464     2.9713    32.8413    1460.18  0.000e+00
     42.401   65.69292 -168.46464     2.9712    32.8413    1460.18  0.000e+00
     42.401   65.69292 -168.46464     2.9712    32.8416    1460.18  0.000e+00
     42.401   65.69292 -168.46464     2.9715    32.8413    1460.18  0.000e+00
     42.455   65.69292 -168.46464     2.9714    32.8413    1460.18  0.000e+00
     42.463   65.69292 -168.46464     2.9713    32.8416    1460.18  0.000e+00
     42.463   65.69292 -168.46464     2.9716    32.8414    1460.18  0.000e+00
     42.517   65.69292 -168.46464     2.9715    32.8418    1460.18  0.000e+00
     42.401   65.69292 -168.46464     2.9714    32.8422    1460.18  0.000e+00
     42.632   65.69292 -168.46464     2.9715    32.8421    1460.18  0.000e+00
     42.517   65.69292 -168.46464     2.9716    32.8426    1460.18  0.000e+00
     42.517   65.69292 -168.46464     2.9716    32.8425    1460.18  0.000e+00
     42.578   65.69292 -168.46464     2.9718    32.8423    1460.19  0.000e+00
     42.625   65.69292 -168.46464     2.9719    32.8419    1460.19  0.000e+00
     42.578   65.69292 -168.46464     2.9718    32.8424    1460.19  0.000e+00
     42.578   65.69292 -168.46464     2.9719    32.8425    1460.19  0.000e+00
     42.632   65.69292 -168.46464     2.9719    32.8424    1460.19  0.000e+00
     42.632   65.69292 -168.46464     2.9719    32.8429    1460.19  0.000e+00
     42.625   65.69292 -168.46464     2.9721    32.8428    1460.19  0.000e+00
     42.694   65.69292 -168.46464     2.9722    32.8429    1460.19  0.000e+00
     42.694   65.69292 -168.46464     2.9723    32.8427    1460.19  0.000e+00
     42.694   65.69292 -168.46464     2.9722    32.8429    1460.19  0.000e+00
     42.694   65.69292 -168.46464     2.9724    32.8430    1460.19  0.000e+00
     42.740   65.69292 -168.46464     2.9724    32.8433    1460.19  0.000e+00
     42.748   65.69292 -168.46464     2.9727    32.8428    1460.19  0.000e+00
     42.748   65.69292 -168.46464     2.9724    32.8434    1460.19  0.000e+00
     42.802   65.69292 -168.46464     2.9727    32.8431    1460.19  0.000e+00
     42.748   65.69292 -168.46464     2.9725    32.8430    1460.19  0.000e+00
     42.802   65.69292 -168.46464     2.9728    32.8428    1460.19  0.000e+00
     42.864   65.69292 -168.46464     2.9727    32.8432    1460.20  0.000e+00
     42.802   65.69292 -168.46464     2.9728    32.8429    1460.19  0.000e+00
     42.802   65.69292 -168.46464     2.9727    32.8432    1460.19  0.000e+00
     42.864   65.69292 -168.46464     2.9729    32.8433    1460.20  0.000e+00
     42.918   65.69292 -168.46464     2.9728    32.8434    1460.20  0.000e+00
     42.864   65.69292 -168.46464     2.9727    32.8434    1460.20  0.000e+00
     42.918   65.69292 -168.46464     2.9728    32.8436    1460.20  0.000e+00
     42.918   65.69292 -168.46464     2.9729    32.8434    1460.20  0.000e+00
     42.918   65.69292 -168.46464     2.9728    32.8434    1460.20  0.000e+00
     42.972   65.69292 -168.46464     2.9730    32.8434    1460.20  0.000e+00
     42.980   65.69292 -168.46464     2.9730    32.8439    1460.20  0.000e+00
     42.980   65.69292 -168.46464     2.9730    32.8438    1460.20  0.000e+00
     43.034   65.69292 -168.46464     2.9731    32.8442    1460.20  0.000e+00
     42.980   65.69292 -168.46464     2.9731    32.8443    1460.20  0.000e+00
     43.026   65.69292 -168.46464     2.9732    32.8437    1460.20  0.000e+00
     43.034   65.69292 -168.46464     2.9731    32.8440    1460.20  0.000e+00
     43.034   65.69292 -168.46464     2.9733    32.8440    1460.20  0.000e+00
