EcoFOCI/data/1_SampleCollection/2023_SikuliaqDBO_CruiseData/CTD_raw_BottleFile_SKQ23-12S/proc/skq202312s_055svp.cnv
* Sea-Bird SBE 9 Data File:
* FileName = D:\CTD\SKQ202312S\SKQ202312S_055.hex
* Software Version Seasave V 7.26.7.121
* Temperature SN = 6177
* Conductivity SN = 0369
* Number of Bytes Per Scan = 41
* Number of Voltage Words = 4
* Number of Scans Averaged by the Deck Unit = 1
* NMEA Latitude = 71 05.09 N
* NMEA Longitude = 163 48.16 W
* NMEA UTC (Time) = Sep 27 2023  03:55:23
* NMEA baud rate = 4800
** Ship: R/V Sikuliaq
** Station Number: 055
** Station Name: IC7
** Bottom Depth: 43
** Operator: SD
# nquan = 7
# nvalues = 4207                                  
# units = specified
# name 0 = depSM: Depth [salt water, m]
# name 1 = latitude: Latitude [deg]
# name 2 = longitude: Longitude [deg]
# name 3 = t090C: Temperature [ITS-90, deg C]
# name 4 = sal00: Salinity, Practical [PSU]
# name 5 = svCM: Sound Velocity [Chen-Millero, m/s]
# name 6 = flag:  0.000e+00
# span 0 =      2.116,     37.949                 
# span 1 =   71.08482,   71.08482                 
# span 2 = -163.80274, -163.80274                 
# span 3 =     0.6637,     4.2032                 
# span 4 =    30.6508,    32.2705                 
# span 5 =    1449.03,    1463.28                 
# span 6 = 0.0000e+00, 0.0000e+00                 
# interval = seconds: 0.0416667
# start_time = Sep 27 2023 03:58:52 [NMEA time, first data scan]
# bad_flag = -9.990e-29
*END*
[from data line 206]
      2.347   71.08482 -163.80274     4.0247    30.7013    1461.24  0.000e+00
      2.231   71.08482 -163.80274     4.0299    30.7002    1461.25  0.000e+00
      2.285   71.08482 -163.80274     4.0363    30.6971    1461.28  0.000e+00
      2.285   71.08482 -163.80274     4.0359    30.7007    1461.28  0.000e+00
      2.285   71.08482 -163.80274     4.0373    30.7024    1461.29  0.000e+00
      2.285   71.08482 -163.80274     4.0391    30.7036    1461.30  0.000e+00
      2.285   71.08482 -163.80274     4.0412    30.7051    1461.31  0.000e+00
      2.285   71.08482 -163.80274     4.0469    30.7038    1461.33  0.000e+00
      2.254   71.08482 -163.80274     4.0544    30.6999    1461.36  0.000e+00
      2.285   71.08482 -163.80274     4.0627    30.6935    1461.39  0.000e+00
      2.285   71.08482 -163.80274     4.0676    30.6914    1461.40  0.000e+00
      2.285   71.08482 -163.80274     4.0684    30.6929    1461.41  0.000e+00
      2.285   71.08482 -163.80274     4.0670    30.6965    1461.41  0.000e+00
      2.231   71.08482 -163.80274     4.0634    30.7020    1461.40  0.000e+00
      2.285   71.08482 -163.80274     4.0614    30.7055    1461.39  0.000e+00
      2.285   71.08482 -163.80274     4.0623    30.7067    1461.40  0.000e+00
      2.285   71.08482 -163.80274     4.0629    30.7072    1461.40  0.000e+00
      2.285   71.08482 -163.80274     4.0648    30.7063    1461.41  0.000e+00
      2.231   71.08482 -163.80274     4.0674    30.7043    1461.42  0.000e+00
      2.285   71.08482 -163.80274     4.0697    30.7023    1461.43  0.000e+00
      2.285   71.08482 -163.80274     4.0714    30.7012    1461.43  0.000e+00
      2.285   71.08482 -163.80274     4.0736    30.6989    1461.44  0.000e+00
      2.285   71.08482 -163.80274     4.0736    30.6983    1461.44  0.000e+00
      2.285   71.08482 -163.80274     4.0711    30.7000    1461.43  0.000e+00
      2.254   71.08482 -163.80274     4.0706    30.6992    1461.43  0.000e+00
      2.285   71.08482 -163.80274     4.0705    30.6970    1461.42  0.000e+00
      2.285   71.08482 -163.80274     4.0700    30.6957    1461.42  0.000e+00
      2.285   71.08482 -163.80274     4.0675    30.6986    1461.41  0.000e+00
      2.285   71.08482 -163.80274     4.0656    30.7012    1461.41  0.000e+00
      2.285   71.08482 -163.80274     4.0661    30.7021    1461.41  0.000e+00
      2.285   71.08482 -163.80274     4.0676    30.7023    1461.42  0.000e+00
      2.285   71.08482 -163.80274     4.0692    30.7011    1461.42  0.000e+00
      2.346   71.08482 -163.80274     4.0703    30.7009    1461.43  0.000e+00
      2.231   71.08482 -163.80274     4.0713    30.7006    1461.43  0.000e+00
      2.284   71.08482 -163.80274     4.0717    30.7009    1461.43  0.000e+00
      2.284   71.08482 -163.80274     4.0720    30.7008    1461.43  0.000e+00
      2.284   71.08482 -163.80274     4.0727    30.7004    1461.44  0.000e+00
      2.284   71.08482 -163.80274     4.0733    30.7001    1461.44  0.000e+00
      2.346   71.08482 -163.80274     4.0736    30.7002    1461.44  0.000e+00
      2.346   71.08482 -163.80274     4.0736    30.7011    1461.44  0.000e+00
      2.369   71.08482 -163.80274     4.0741    30.7028    1461.45  0.000e+00
      2.346   71.08482 -163.80274     4.0763    30.7032    1461.46  0.000e+00
      2.400   71.08482 -163.80274     4.0791    30.7033    1461.47  0.000e+00
      2.346   71.08482 -163.80274     4.0828    30.7013    1461.48  0.000e+00
      2.400   71.08482 -163.80274     4.0859    30.6989    1461.49  0.000e+00
      2.346   71.08482 -163.80274     4.0889    30.6973    1461.50  0.000e+00
      2.400   71.08482 -163.80274     4.0927    30.6953    1461.52  0.000e+00
      2.400   71.08482 -163.80274     4.0951    30.6943    1461.52  0.000e+00
      2.400   71.08482 -163.80274     4.0973    30.6933    1461.53  0.000e+00
      2.400   71.08482 -163.80274     4.0990    30.6934    1461.54  0.000e+00
      2.400   71.08482 -163.80274     4.1017    30.6927    1461.55  0.000e+00
      2.400   71.08482 -163.80274     4.1052    30.6932    1461.57  0.000e+00
      2.400   71.08482 -163.80274     4.1104    30.6961    1461.59  0.000e+00
      2.462   71.08482 -163.80274     4.1185    30.6977    1461.63  0.000e+00
      2.462   71.08482 -163.80274     4.1291    30.6959    1461.67  0.000e+00
      2.462   71.08482 -163.80274     4.1375    30.6938    1461.70  0.000e+00
      2.462   71.08482 -163.80274     4.1436    30.6896    1461.72  0.000e+00
      2.477   71.08482 -163.80274     4.1484    30.6846    1461.74  0.000e+00
      2.462   71.08482 -163.80274     4.1516    30.6813    1461.75  0.000e+00
      2.462   71.08482 -163.80274     4.1533    30.6787    1461.75  0.000e+00
      2.516   71.08482 -163.80274     4.1536    30.6769    1461.75  0.000e+00
      2.462   71.08482 -163.80274     4.1530    30.6773    1461.75  0.000e+00
      2.462   71.08482 -163.80274     4.1530    30.6779    1461.75  0.000e+00
      2.462   71.08482 -163.80274     4.1530    30.6796    1461.75  0.000e+00
      2.515   71.08482 -163.80274     4.1557    30.6772    1461.76  0.000e+00
      2.515   71.08482 -163.80274     4.1574    30.6744    1461.76  0.000e+00
      2.515   71.08482 -163.80274     4.1580    30.6738    1461.76  0.000e+00
      2.515   71.08482 -163.80274     4.1590    30.6747    1461.77  0.000e+00
      2.515   71.08482 -163.80274     4.1598    30.6747    1461.77  0.000e+00
      2.515   71.08482 -163.80274     4.1604    30.6733    1461.77  0.000e+00
      2.515   71.08482 -163.80274     4.1588    30.6727    1461.77  0.000e+00
      2.577   71.08482 -163.80274     4.1571    30.6732    1461.76  0.000e+00
      2.515   71.08482 -163.80274     4.1557    30.6747    1461.76  0.000e+00
      2.515   71.08482 -163.80274     4.1555    30.6766    1461.76  0.000e+00
      2.515   71.08482 -163.80274     4.1582    30.6785    1461.77  0.000e+00
      2.477   71.08482 -163.80274     4.1655    30.6753    1461.80  0.000e+00
      2.577   71.08482 -163.80274     4.1731    30.6701    1461.82  0.000e+00
      2.515   71.08482 -163.80274     4.1796    30.6648    1461.84  0.000e+00
      2.577   71.08482 -163.80274     4.1834    30.6610    1461.86  0.000e+00
      2.515   71.08482 -163.80274     4.1864    30.6582    1461.86  0.000e+00
      2.631   71.08482 -163.80274     4.1892    30.6558    1461.87  0.000e+00
      2.577   71.08482 -163.80274     4.1919    30.6534    1461.88  0.000e+00
      2.577   71.08482 -163.80274     4.1942    30.6516    1461.89  0.000e+00
      2.577   71.08482 -163.80274     4.1959    30.6514    1461.90  0.000e+00
      2.577   71.08482 -163.80274     4.1975    30.6520    1461.90  0.000e+00
      2.631   71.08482 -163.80274     4.1990    30.6521    1461.91  0.000e+00
      2.577   71.08482 -163.80274     4.1997    30.6524    1461.91  0.000e+00
      2.577   71.08482 -163.80274     4.2005    30.6525    1461.92  0.000e+00
      2.631   71.08482 -163.80274     4.2013    30.6521    1461.92  0.000e+00
      2.577   71.08482 -163.80274     4.2025    30.6512    1461.92  0.000e+00
      2.631   71.08482 -163.80274     4.2032    30.6508    1461.93  0.000e+00
      2.631   71.08482 -163.80274     4.2030    30.6517    1461.93  0.000e+00
      2.685   71.08482 -163.80274     4.2010    30.6538    1461.92  0.000e+00
      2.592   71.08482 -163.80274     4.1992    30.6553    1461.91  0.000e+00
      2.685   71.08482 -163.80274     4.1974    30.6571    1461.91  0.000e+00
      2.631   71.08482 -163.80274     4.1953    30.6594    1461.90  0.000e+00
      2.685   71.08482 -163.80274     4.1935    30.6613    1461.90  0.000e+00
      2.685   71.08482 -163.80274     4.1916    30.6635    1461.89  0.000e+00
      2.631   71.08482 -163.80274     4.1902    30.6658    1461.89  0.000e+00
      2.685   71.08482 -163.80274     4.1891    30.6668    1461.89  0.000e+00
      2.685   71.08482 -163.80274     4.1881    30.6679    1461.89  0.000e+00
      2.685   71.08482 -163.80274     4.1873    30.6691    1461.88  0.000e+00
      2.746   71.08482 -163.80274     4.1867    30.6697    1461.88  0.000e+00
      2.685   71.08482 -163.80274     4.1859    30.6703    1461.88  0.000e+00
      2.746   71.08482 -163.80274     4.1851    30.6706    1461.88  0.000e+00
      2.746   71.08482 -163.80274     4.1845    30.6710    1461.88  0.000e+00
      2.746   71.08482 -163.80274     4.1840    30.6712    1461.87  0.000e+00
      2.685   71.08482 -163.80274     4.1830    30.6718    1461.87  0.000e+00
      2.800   71.08482 -163.80274     4.1823    30.6723    1461.87  0.000e+00
      2.746   71.08482 -163.80274     4.1818    30.6726    1461.87  0.000e+00
      2.746   71.08482 -163.80274     4.1818    30.6727    1461.87  0.000e+00
      2.746   71.08482 -163.80274     4.1815    30.6728    1461.87  0.000e+00
      2.823   71.08482 -163.80274     4.1815    30.6730    1461.87  0.000e+00
      2.746   71.08482 -163.80274     4.1815    30.6736    1461.87  0.000e+00
      2.862   71.08482 -163.80274     4.1818    30.6737    1461.87  0.000e+00
      2.800   71.08482 -163.80274     4.1823    30.6738    1461.87  0.000e+00
      2.862   71.08482 -163.80274     4.1830    30.6742    1461.88  0.000e+00
      2.862   71.08482 -163.80274     4.1837    30.6743    1461.88  0.000e+00
      2.862   71.08482 -163.80274     4.1845    30.6741    1461.88  0.000e+00
      2.862   71.08482 -163.80274     4.1850    30.6742    1461.88  0.000e+00
      2.862   71.08482 -163.80274     4.1856    30.6735    1461.89  0.000e+00
      2.916   71.08482 -163.80274     4.1859    30.6729    1461.89  0.000e+00
      2.916   71.08482 -163.80274     4.1861    30.6727    1461.89  0.000e+00
      2.862   71.08482 -163.80274     4.1858    30.6722    1461.88  0.000e+00
      2.916   71.08482 -163.80274     4.1851    30.6715    1461.88  0.000e+00
      2.970   71.08482 -163.80274     4.1842    30.6708    1461.88  0.000e+00
      2.916   71.08482 -163.80274     4.1829    30.6683    1461.87  0.000e+00
      2.970   71.08482 -163.80274     4.1764    30.6571    1461.83  0.000e+00
      2.970   71.08482 -163.80274     4.1538    30.6520    1461.73  0.000e+00
      2.970   71.08482 -163.80274     4.1259    30.6548    1461.61  0.000e+00
      3.031   71.08482 -163.80274     4.0892    30.6626    1461.47  0.000e+00
      3.031   71.08482 -163.80274     4.0558    30.6763    1461.35  0.000e+00
      2.993   71.08482 -163.80274     4.0360    30.6862    1461.28  0.000e+00
      3.085   71.08482 -163.80274     4.0178    30.6893    1461.20  0.000e+00
      3.031   71.08482 -163.80274     3.9974    30.6963    1461.13  0.000e+00
      3.085   71.08482 -163.80274     3.9804    30.7062    1461.07  0.000e+00
      3.085   71.08482 -163.80274     3.9642    30.7216    1461.02  0.000e+00
      3.085   71.08482 -163.80274     3.9547    30.7337    1460.99  0.000e+00
      3.085   71.08482 -163.80274     3.9510    30.7372    1460.98  0.000e+00
      3.147   71.08482 -163.80274     3.9450    30.7397    1460.96  0.000e+00
      3.147   71.08482 -163.80274     3.9387    30.7438    1460.94  0.000e+00
      3.147   71.08482 -163.80274     3.9333    30.7498    1460.93  0.000e+00
      3.201   71.08482 -163.80274     3.9349    30.7583    1460.94  0.000e+00
      3.147   71.08482 -163.80274     3.9441    30.7527    1460.98  0.000e+00
      3.262   71.08482 -163.80274     3.9457    30.7437    1460.97  0.000e+00
      3.147   71.08482 -163.80274     3.9411    30.7385    1460.94  0.000e+00
      3.262   71.08482 -163.80274     3.9335    30.7378    1460.91  0.000e+00
      3.201   71.08482 -163.80274     3.9257    30.7419    1460.88  0.000e+00
      3.262   71.08482 -163.80274     3.9219    30.7497    1460.88  0.000e+00
      3.262   71.08482 -163.80274     3.9222    30.7552    1460.89  0.000e+00
      3.316   71.08482 -163.80274     3.9242    30.7591    1460.90  0.000e+00
      3.262   71.08482 -163.80274     3.9296    30.7607    1460.93  0.000e+00
      3.316   71.08482 -163.80274     3.9359    30.7630    1460.96  0.000e+00
      3.316   71.08482 -163.80274     3.9461    30.7635    1461.00  0.000e+00
      3.370   71.08482 -163.80274     3.9618    30.7585    1461.06  0.000e+00
      3.316   71.08482 -163.80274     3.9765    30.7517    1461.11  0.000e+00
      3.339   71.08482 -163.80274     3.9877    30.7455    1461.15  0.000e+00
      3.316   71.08482 -163.80274     3.9958    30.7399    1461.18  0.000e+00
      3.370   71.08482 -163.80274     4.0002    30.7355    1461.19  0.000e+00
      3.370   71.08482 -163.80274     4.0025    30.7298    1461.20  0.000e+00
      3.370   71.08482 -163.80274     4.0000    30.7252    1461.18  0.000e+00
      3.370   71.08482 -163.80274     3.9931    30.7242    1461.15  0.000e+00
      3.370   71.08482 -163.80274     3.9859    30.7212    1461.12  0.000e+00
      3.432   71.08482 -163.80274     3.9783    30.7176    1461.08  0.000e+00
      3.432   71.08482 -163.80274     3.9664    30.7202    1461.03  0.000e+00
      3.432   71.08482 -163.80274     3.9531    30.7256    1460.98  0.000e+00
      3.432   71.08482 -163.80274     3.9428    30.7287    1460.94  0.000e+00
      3.432   71.08482 -163.80274     3.9327    30.7325    1460.91  0.000e+00
      3.432   71.08482 -163.80274     3.9228    30.7360    1460.87  0.000e+00
      3.432   71.08482 -163.80274     3.9126    30.7410    1460.83  0.000e+00
      3.486   71.08482 -163.80274     3.9019    30.7465    1460.80  0.000e+00
      3.432   71.08482 -163.80274     3.8945    30.7503    1460.77  0.000e+00
      3.432   71.08482 -163.80274     3.8870    30.7551    1460.74  0.000e+00
      3.486   71.08482 -163.80274     3.8811    30.7589    1460.72  0.000e+00
      3.486   71.08482 -163.80274     3.8759    30.7614    1460.70  0.000e+00
      3.486   71.08482 -163.80274     3.8721    30.7635    1460.69  0.000e+00
      3.486   71.08482 -163.80274     3.8692    30.7655    1460.68  0.000e+00
      3.486   71.08482 -163.80274     3.8664    30.7676    1460.67  0.000e+00
      3.486   71.08482 -163.80274     3.8648    30.7690    1460.67  0.000e+00
      3.547   71.08482 -163.80274     3.8630    30.7704    1460.66  0.000e+00
      3.486   71.08482 -163.80274     3.8614    30.7715    1460.66  0.000e+00
      3.486   71.08482 -163.80274     3.8594    30.7739    1460.65  0.000e+00
      3.486   71.08482 -163.80274     3.8586    30.7761    1460.65  0.000e+00
      3.509   71.08482 -163.80274     3.8591    30.7768    1460.65  0.000e+00
      3.547   71.08482 -163.80274     3.8597    30.7767    1460.66  0.000e+00
      3.486   71.08482 -163.80274     3.8600    30.7771    1460.66  0.000e+00
      3.486   71.08482 -163.80274     3.8597    30.7781    1460.66  0.000e+00
      3.547   71.08482 -163.80274     3.8591    30.7791    1460.66  0.000e+00
      3.547   71.08482 -163.80274     3.8604    30.7751    1460.66  0.000e+00
      3.486   71.08482 -163.80274     3.8600    30.7703    1460.65  0.000e+00
      3.547   71.08482 -163.80274     3.8567    30.7706    1460.64  0.000e+00
      3.547   71.08482 -163.80274     3.8514    30.7735    1460.62  0.000e+00
      3.547   71.08482 -163.80274     3.8466    30.7752    1460.60  0.000e+00
      3.547   71.08482 -163.80274     3.8445    30.7760    1460.59  0.000e+00
      3.486   71.08482 -163.80274     3.8430    30.7772    1460.59  0.000e+00
      3.601   71.08482 -163.80274     3.8396    30.7794    1460.58  0.000e+00
      3.486   71.08482 -163.80274     3.8360    30.7813    1460.56  0.000e+00
      3.601   71.08482 -163.80274     3.8327    30.7829    1460.55  0.000e+00
      3.547   71.08482 -163.80274     3.8311    30.7852    1460.55  0.000e+00
      3.547   71.08482 -163.80274     3.8308    30.7862    1460.55  0.000e+00
      3.547   71.08482 -163.80274     3.8302    30.7884    1460.55  0.000e+00
      3.601   71.08482 -163.80274     3.8310    30.7907    1460.55  0.000e+00
      3.547   71.08482 -163.80274     3.8352    30.7907    1460.57  0.000e+00
      3.547   71.08482 -163.80274     3.8399    30.7886    1460.59  0.000e+00
