EcoFOCI/data/1_SampleCollection/2023_SikuliaqDBO_CruiseData/CTD_raw_BottleFile_SKQ23-12S/proc/skq202312s_039svp.cnv
* Sea-Bird SBE 9 Data File:
* FileName = D:\CTD\SKQ202312S\SKQ202312S_039.hex
* Software Version Seasave V 7.26.7.121
* Temperature SN = 6177
* Conductivity SN = 0369
* Number of Bytes Per Scan = 41
* Number of Voltage Words = 4
* Number of Scans Averaged by the Deck Unit = 1
* NMEA Latitude = 71 19.31 N
* NMEA Longitude = 160 39.09 W
* NMEA UTC (Time) = Sep 23 2023  11:49:51
* NMEA baud rate = 4800
** Ship: R/V Sikuliaq
** Station Number: 039
** Station Name: DBO4.2n
** Bottom Depth: 48
** Operator: SD
# nquan = 7
# nvalues = 5872                                  
# units = specified
# name 0 = depSM: Depth [salt water, m]
# name 1 = latitude: Latitude [deg]
# name 2 = longitude: Longitude [deg]
# name 3 = t090C: Temperature [ITS-90, deg C]
# name 4 = sal00: Salinity, Practical [PSU]
# name 5 = svCM: Sound Velocity [Chen-Millero, m/s]
# name 6 = flag:  0.000e+00
# span 0 =      2.663,     43.060                 
# span 1 =   71.32186,   71.32190                 
# span 2 = -160.65154, -160.65148                 
# span 3 =    -1.6695,     2.5696                 
# span 4 =    27.5123,    32.6614                 
# span 5 =    1438.64,    1451.04                 
# span 6 = 0.0000e+00, 0.0000e+00                 
# interval = seconds: 0.0416667
# start_time = Sep 23 2023 11:54:34 [NMEA time, first data scan]
# bad_flag = -9.990e-29
*END*
[from data line 3077]
     28.637   71.32186 -160.65154    -1.6464    32.6145    1438.66  0.000e+00
     28.622   71.32186 -160.65154    -1.6464    32.6148    1438.66  0.000e+00
     28.637   71.32186 -160.65154    -1.6462    32.6147    1438.66  0.000e+00
     28.622   71.32186 -160.65154    -1.6464    32.6149    1438.66  0.000e+00
     28.637   71.32186 -160.65154    -1.6464    32.6149    1438.66  0.000e+00
     28.676   71.32186 -160.65154    -1.6466    32.6151    1438.66  0.000e+00
     28.699   71.32186 -160.65154    -1.6466    32.6150    1438.66  0.000e+00
     28.676   71.32186 -160.65154    -1.6464    32.6149    1438.66  0.000e+00
     28.676   71.32186 -160.65154    -1.6464    32.6149    1438.66  0.000e+00
     28.637   71.32186 -160.65154    -1.6464    32.6149    1438.66  0.000e+00
     28.738   71.32186 -160.65154    -1.6466    32.6150    1438.66  0.000e+00
     28.699   71.32186 -160.65154    -1.6462    32.6147    1438.66  0.000e+00
     28.738   71.32186 -160.65154    -1.6464    32.6152    1438.66  0.000e+00
     28.699   71.32186 -160.65154    -1.6461    32.6147    1438.66  0.000e+00
     28.738   71.32186 -160.65154    -1.6462    32.6146    1438.66  0.000e+00
     28.753   71.32186 -160.65154    -1.6464    32.6152    1438.66  0.000e+00
     28.737   71.32186 -160.65154    -1.6462    32.6148    1438.66  0.000e+00
     28.753   71.32186 -160.65154    -1.6461    32.6149    1438.66  0.000e+00
     28.737   71.32186 -160.65154    -1.6460    32.6149    1438.66  0.000e+00
     28.753   71.32186 -160.65154    -1.6460    32.6146    1438.66  0.000e+00
     28.737   71.32186 -160.65154    -1.6461    32.6145    1438.66  0.000e+00
     28.815   71.32186 -160.65154    -1.6461    32.6146    1438.66  0.000e+00
     28.737   71.32186 -160.65154    -1.6462    32.6147    1438.66  0.000e+00
     28.815   71.32186 -160.65154    -1.6464    32.6149    1438.66  0.000e+00
     28.791   71.32186 -160.65154    -1.6462    32.6149    1438.66  0.000e+00
     28.815   71.32186 -160.65154    -1.6462    32.6144    1438.66  0.000e+00
     28.791   71.32186 -160.65154    -1.6464    32.6145    1438.66  0.000e+00
     28.815   71.32186 -160.65154    -1.6464    32.6142    1438.66  0.000e+00
     28.853   71.32186 -160.65154    -1.6466    32.6146    1438.66  0.000e+00
     28.814   71.32186 -160.65154    -1.6466    32.6147    1438.66  0.000e+00
     28.853   71.32186 -160.65154    -1.6466    32.6146    1438.66  0.000e+00
     28.853   71.32186 -160.65154    -1.6467    32.6145    1438.66  0.000e+00
     28.814   71.32186 -160.65154    -1.6467    32.6145    1438.66  0.000e+00
     28.907   71.32186 -160.65154    -1.6469    32.6146    1438.66  0.000e+00
     28.868   71.32186 -160.65154    -1.6469    32.6146    1438.66  0.000e+00
     28.853   71.32186 -160.65154    -1.6470    32.6148    1438.66  0.000e+00
     28.922   71.32186 -160.65154    -1.6472    32.6151    1438.66  0.000e+00
     28.907   71.32186 -160.65154    -1.6473    32.6148    1438.66  0.000e+00
     28.922   71.32186 -160.65154    -1.6473    32.6149    1438.66  0.000e+00
     28.969   71.32186 -160.65154    -1.6473    32.6147    1438.66  0.000e+00
     28.922   71.32186 -160.65154    -1.6475    32.6147    1438.66  0.000e+00
     28.969   71.32186 -160.65154    -1.6473    32.6145    1438.66  0.000e+00
     28.984   71.32186 -160.65154    -1.6476    32.6148    1438.66  0.000e+00
     28.969   71.32186 -160.65154    -1.6476    32.6148    1438.66  0.000e+00
     28.984   71.32186 -160.65154    -1.6475    32.6144    1438.66  0.000e+00
     29.023   71.32186 -160.65154    -1.6475    32.6146    1438.66  0.000e+00
     29.038   71.32186 -160.65154    -1.6476    32.6143    1438.66  0.000e+00
     29.023   71.32186 -160.65154    -1.6478    32.6146    1438.66  0.000e+00
     29.100   71.32186 -160.65154    -1.6480    32.6148    1438.66  0.000e+00
     29.077   71.32186 -160.65154    -1.6478    32.6144    1438.66  0.000e+00
     29.100   71.32186 -160.65154    -1.6478    32.6144    1438.66  0.000e+00
     29.138   71.32186 -160.65154    -1.6478    32.6143    1438.66  0.000e+00
     29.100   71.32186 -160.65154    -1.6481    32.6142    1438.66  0.000e+00
     29.192   71.32186 -160.65154    -1.6484    32.6148    1438.66  0.000e+00
     29.154   71.32186 -160.65154    -1.6484    32.6147    1438.66  0.000e+00
     29.254   71.32186 -160.65154    -1.6485    32.6148    1438.66  0.000e+00
     29.215   71.32186 -160.65154    -1.6485    32.6148    1438.66  0.000e+00
     29.254   71.32186 -160.65154    -1.6484    32.6142    1438.66  0.000e+00
     29.269   71.32186 -160.65154    -1.6489    32.6148    1438.66  0.000e+00
     29.308   71.32186 -160.65154    -1.6487    32.6144    1438.66  0.000e+00
     29.269   71.32186 -160.65154    -1.6492    32.6149    1438.65  0.000e+00
     29.370   71.32186 -160.65154    -1.6488    32.6147    1438.66  0.000e+00
     29.323   71.32186 -160.65154    -1.6492    32.6149    1438.66  0.000e+00
     29.370   71.32186 -160.65154    -1.6495    32.6152    1438.66  0.000e+00
     29.439   71.32186 -160.65154    -1.6493    32.6149    1438.66  0.000e+00
     29.423   71.32186 -160.65154    -1.6495    32.6151    1438.66  0.000e+00
     29.439   71.32186 -160.65154    -1.6496    32.6150    1438.66  0.000e+00
     29.477   71.32186 -160.65154    -1.6499    32.6153    1438.65  0.000e+00
     29.501   71.32186 -160.65154    -1.6496    32.6150    1438.66  0.000e+00
     29.539   71.32186 -160.65154    -1.6498    32.6155    1438.66  0.000e+00
     29.555   71.32186 -160.65154    -1.6501    32.6156    1438.66  0.000e+00
     29.593   71.32186 -160.65154    -1.6499    32.6152    1438.66  0.000e+00
     29.593   71.32186 -160.65154    -1.6502    32.6155    1438.66  0.000e+00
     29.670   71.32186 -160.65154    -1.6502    32.6153    1438.66  0.000e+00
     29.655   71.32186 -160.65154    -1.6502    32.6152    1438.66  0.000e+00
     29.724   71.32186 -160.65154    -1.6502    32.6152    1438.66  0.000e+00
     29.709   71.32186 -160.65154    -1.6504    32.6154    1438.66  0.000e+00
     29.724   71.32186 -160.65154    -1.6505    32.6157    1438.66  0.000e+00
     29.824   71.32186 -160.65154    -1.6505    32.6155    1438.66  0.000e+00
     29.786   71.32186 -160.65154    -1.6507    32.6157    1438.66  0.000e+00
     29.824   71.32186 -160.65154    -1.6507    32.6156    1438.66  0.000e+00
     29.902   71.32186 -160.65154    -1.6510    32.6161    1438.66  0.000e+00
     29.824   71.32186 -160.65154    -1.6509    32.6161    1438.66  0.000e+00
     30.010   71.32186 -160.65154    -1.6509    32.6160    1438.66  0.000e+00
     29.956   71.32186 -160.65154    -1.6509    32.6158    1438.66  0.000e+00
     29.940   71.32186 -160.65154    -1.6511    32.6163    1438.66  0.000e+00
     30.009   71.32186 -160.65154    -1.6514    32.6162    1438.66  0.000e+00
     30.056   71.32186 -160.65154    -1.6516    32.6164    1438.66  0.000e+00
     30.071   71.32186 -160.65154    -1.6518    32.6164    1438.66  0.000e+00
     30.110   71.32186 -160.65154    -1.6519    32.6165    1438.66  0.000e+00
     30.071   71.32186 -160.65154    -1.6519    32.6165    1438.66  0.000e+00
     30.171   71.32186 -160.65154    -1.6521    32.6167    1438.66  0.000e+00
     30.187   71.32186 -160.65154    -1.6521    32.6169    1438.66  0.000e+00
     30.225   71.32186 -160.65154    -1.6520    32.6161    1438.66  0.000e+00
     30.187   71.32186 -160.65154    -1.6522    32.6167    1438.66  0.000e+00
     30.287   71.32186 -160.65154    -1.6521    32.6162    1438.66  0.000e+00
     30.241   71.32186 -160.65154    -1.6522    32.6165    1438.66  0.000e+00
     30.341   71.32186 -160.65154    -1.6522    32.6167    1438.66  0.000e+00
     30.303   71.32186 -160.65154    -1.6525    32.6171    1438.66  0.000e+00
     30.395   71.32186 -160.65154    -1.6525    32.6170    1438.66  0.000e+00
     30.356   71.32186 -160.65154    -1.6526    32.6172    1438.66  0.000e+00
     30.395   71.32186 -160.65154    -1.6525    32.6170    1438.66  0.000e+00
     30.410   71.32186 -160.65154    -1.6526    32.6169    1438.66  0.000e+00
     30.457   71.32186 -160.65154    -1.6528    32.6170    1438.66  0.000e+00
     30.472   71.32186 -160.65154    -1.6526    32.6167    1438.66  0.000e+00
     30.511   71.32186 -160.65154    -1.6525    32.6164    1438.66  0.000e+00
     30.472   71.32186 -160.65154    -1.6530    32.6171    1438.66  0.000e+00
     30.511   71.32186 -160.65154    -1.6530    32.6169    1438.66  0.000e+00
     30.588   71.32186 -160.65154    -1.6531    32.6172    1438.66  0.000e+00
     30.572   71.32186 -160.65154    -1.6530    32.6169    1438.66  0.000e+00
     30.588   71.32186 -160.65154    -1.6530    32.6170    1438.66  0.000e+00
     30.626   71.32186 -160.65154    -1.6530    32.6173    1438.66  0.000e+00
     30.588   71.32186 -160.65154    -1.6533    32.6177    1438.66  0.000e+00
     30.688   71.32186 -160.65154    -1.6531    32.6172    1438.66  0.000e+00
     30.642   71.32186 -160.65154    -1.6532    32.6173    1438.66  0.000e+00
     30.688   71.32186 -160.65154    -1.6533    32.6171    1438.66  0.000e+00
     30.642   71.32186 -160.65154    -1.6531    32.6169    1438.66  0.000e+00
     30.742   71.32186 -160.65154    -1.6536    32.6176    1438.66  0.000e+00
     30.703   71.32186 -160.65154    -1.6535    32.6173    1438.66  0.000e+00
     30.742   71.32186 -160.65154    -1.6536    32.6171    1438.66  0.000e+00
     30.757   71.32186 -160.65154    -1.6537    32.6179    1438.66  0.000e+00
     30.757   71.32186 -160.65154    -1.6536    32.6177    1438.66  0.000e+00
     30.796   71.32186 -160.65154    -1.6540    32.6179    1438.66  0.000e+00
     30.757   71.32186 -160.65154    -1.6536    32.6174    1438.66  0.000e+00
     30.796   71.32186 -160.65154    -1.6537    32.6177    1438.66  0.000e+00
     30.811   71.32186 -160.65154    -1.6538    32.6179    1438.66  0.000e+00
     30.796   71.32186 -160.65154    -1.6537    32.6178    1438.66  0.000e+00
     30.811   71.32186 -160.65154    -1.6536    32.6176    1438.66  0.000e+00
     30.858   71.32186 -160.65154    -1.6537    32.6176    1438.66  0.000e+00
     30.811   71.32186 -160.65154    -1.6540    32.6176    1438.66  0.000e+00
     30.912   71.32186 -160.65154    -1.6539    32.6176    1438.66  0.000e+00
     30.811   71.32186 -160.65154    -1.6540    32.6180    1438.66  0.000e+00
     30.912   71.32186 -160.65154    -1.6539    32.6181    1438.66  0.000e+00
     30.873   71.32186 -160.65154    -1.6542    32.6181    1438.66  0.000e+00
     30.858   71.32186 -160.65154    -1.6540    32.6182    1438.66  0.000e+00
     30.927   71.32186 -160.65154    -1.6543    32.6183    1438.66  0.000e+00
     30.912   71.32186 -160.65154    -1.6539    32.6177    1438.66  0.000e+00
     30.873   71.32186 -160.65154    -1.6537    32.6175    1438.66  0.000e+00
     30.912   71.32186 -160.65154    -1.6539    32.6177    1438.66  0.000e+00
     30.927   71.32186 -160.65154    -1.6536    32.6174    1438.66  0.000e+00
     30.912   71.32186 -160.65154    -1.6540    32.6176    1438.66  0.000e+00
     30.927   71.32186 -160.65154    -1.6537    32.6174    1438.66  0.000e+00
     30.927   71.32186 -160.65154    -1.6539    32.6183    1438.66  0.000e+00
     30.973   71.32186 -160.65154    -1.6539    32.6182    1438.66  0.000e+00
     30.989   71.32186 -160.65154    -1.6539    32.6177    1438.66  0.000e+00
     30.912   71.32186 -160.65154    -1.6539    32.6181    1438.66  0.000e+00
     30.989   71.32186 -160.65154    -1.6538    32.6181    1438.66  0.000e+00
     30.973   71.32186 -160.65154    -1.6536    32.6175    1438.66  0.000e+00
     30.989   71.32186 -160.65154    -1.6536    32.6179    1438.67  0.000e+00
     30.973   71.32186 -160.65154    -1.6536    32.6185    1438.67  0.000e+00
     30.989   71.32186 -160.65154    -1.6535    32.6183    1438.67  0.000e+00
     30.973   71.32186 -160.65154    -1.6531    32.6179    1438.67  0.000e+00
     31.043   71.32186 -160.65154    -1.6533    32.6178    1438.67  0.000e+00
     30.973   71.32186 -160.65154    -1.6533    32.6180    1438.67  0.000e+00
     30.989   71.32186 -160.65154    -1.6531    32.6176    1438.67  0.000e+00
     31.027   71.32186 -160.65154    -1.6533    32.6178    1438.67  0.000e+00
     31.043   71.32186 -160.65154    -1.6532    32.6174    1438.67  0.000e+00
     31.027   71.32186 -160.65154    -1.6533    32.6175    1438.67  0.000e+00
     31.043   71.32186 -160.65154    -1.6530    32.6171    1438.67  0.000e+00
     31.089   71.32186 -160.65154    -1.6531    32.6174    1438.67  0.000e+00
     31.043   71.32186 -160.65154    -1.6533    32.6173    1438.67  0.000e+00
     31.043   71.32186 -160.65154    -1.6536    32.6175    1438.67  0.000e+00
     31.089   71.32186 -160.65154    -1.6535    32.6175    1438.67  0.000e+00
     31.104   71.32186 -160.65154    -1.6536    32.6175    1438.67  0.000e+00
     31.089   71.32186 -160.65154    -1.6537    32.6176    1438.67  0.000e+00
     31.104   71.32186 -160.65154    -1.6537    32.6176    1438.67  0.000e+00
     31.143   71.32186 -160.65154    -1.6539    32.6173    1438.67  0.000e+00
     31.104   71.32186 -160.65154    -1.6538    32.6178    1438.67  0.000e+00
     31.143   71.32186 -160.65154    -1.6540    32.6180    1438.67  0.000e+00
     31.158   71.32186 -160.65154    -1.6540    32.6179    1438.67  0.000e+00
     31.143   71.32186 -160.65154    -1.6542    32.6179    1438.66  0.000e+00
     31.212   71.32186 -160.65154    -1.6543    32.6181    1438.67  0.000e+00
     31.143   71.32186 -160.65154    -1.6542    32.6181    1438.67  0.000e+00
     31.212   71.32186 -160.65154    -1.6548    32.6187    1438.66  0.000e+00
     31.197   71.32186 -160.65154    -1.6547    32.6184    1438.66  0.000e+00
     31.212   71.32186 -160.65154    -1.6547    32.6183    1438.66  0.000e+00
     31.258   71.32186 -160.65154    -1.6550    32.6186    1438.66  0.000e+00
     31.212   71.32186 -160.65154    -1.6547    32.6184    1438.66  0.000e+00
     31.274   71.32186 -160.65154    -1.6550    32.6183    1438.66  0.000e+00
     31.312   71.32186 -160.65154    -1.6550    32.6186    1438.67  0.000e+00
     31.274   71.32186 -160.65154    -1.6548    32.6189    1438.67  0.000e+00
     31.312   71.32186 -160.65154    -1.6551    32.6193    1438.67  0.000e+00
     31.328   71.32186 -160.65154    -1.6551    32.6193    1438.67  0.000e+00
     31.374   71.32186 -160.65154    -1.6551    32.6190    1438.67  0.000e+00
     31.328   71.32186 -160.65154    -1.6552    32.6191    1438.66  0.000e+00
     31.374   71.32186 -160.65154    -1.6554    32.6193    1438.66  0.000e+00
     31.443   71.32186 -160.65154    -1.6556    32.6190    1438.66  0.000e+00
     31.428   71.32186 -160.65154    -1.6557    32.6198    1438.67  0.000e+00
     31.389   71.32186 -160.65154    -1.6556    32.6194    1438.66  0.000e+00
     31.490   71.32186 -160.65154    -1.6557    32.6197    1438.67  0.000e+00
     31.505   71.32186 -160.65154    -1.6561    32.6202    1438.67  0.000e+00
     31.490   71.32186 -160.65154    -1.6561    32.6204    1438.67  0.000e+00
     31.505   71.32186 -160.65154    -1.6561    32.6203    1438.67  0.000e+00
     31.559   71.32186 -160.65154    -1.6561    32.6204    1438.67  0.000e+00
     31.544   71.32186 -160.65154    -1.6565    32.6209    1438.66  0.000e+00
     31.559   71.32186 -160.65154    -1.6568    32.6215    1438.66  0.000e+00
     31.598   71.32186 -160.65154    -1.6569    32.6212    1438.66  0.000e+00
     31.613   71.32186 -160.65154    -1.6570    32.6214    1438.66  0.000e+00
     31.659   71.32186 -160.65154    -1.6574    32.6221    1438.66  0.000e+00
     31.675   71.32186 -160.65154    -1.6574    32.6221    1438.66  0.000e+00
     31.713   71.32186 -160.65154    -1.6577    32.6229    1438.66  0.000e+00
     31.675   71.32186 -160.65154    -1.6576    32.6227    1438.66  0.000e+00
     31.775   71.32186 -160.65154    -1.6578    32.6231    1438.66  0.000e+00
     31.729   71.32186 -160.65154    -1.6582    32.6236    1438.66  0.000e+00
     31.790   71.32186 -160.65154    -1.6582    32.6239    1438.66  0.000e+00
