EcoFOCI/data/1_SampleCollection/2023_SikuliaqDBO_CruiseData/CTD_raw_BottleFile_SKQ23-12S/proc/skq202312s_021svp.cnv
* Sea-Bird SBE 9 Data File:
* FileName = D:\CTD\SKQ202312S\SKQ202312S_021.hex
* Software Version Seasave V 7.26.7.121
* Temperature SN = 6177
* Conductivity SN = 0369
* Number of Bytes Per Scan = 41
* Number of Voltage Words = 4
* Number of Scans Averaged by the Deck Unit = 1
* NMEA Latitude = 64 59.46 N
* NMEA Longitude = 169 08.29 W
* NMEA UTC (Time) = Sep 18 2023  02:53:31
* NMEA baud rate = 4800
** Ship: R/V Sikuliaq
** Station Number: 021
** Station Name: DBO2.5
** Bottom Depth: 48
** Operator: SS
# nquan = 7
# nvalues = 4195                                  
# units = specified
# name 0 = depSM: Depth [salt water, m]
# name 1 = latitude: Latitude [deg]
# name 2 = longitude: Longitude [deg]
# name 3 = t090C: Temperature [ITS-90, deg C]
# name 4 = sal00: Salinity, Practical [PSU]
# name 5 = svCM: Sound Velocity [Chen-Millero, m/s]
# name 6 = flag:  0.000e+00
# span 0 =      1.605,     43.174                 
# span 1 =   64.99128,   64.99152                 
# span 2 = -169.13860, -169.13846                 
# span 3 =     1.9257,     3.2703                 
# span 4 =    32.0542,    32.8614                 
# span 5 =    1454.13,    1461.22                 
# span 6 = 0.0000e+00, 0.0000e+00                 
# interval = seconds: 0.0416667
# start_time = Sep 18 2023 02:57:41 [NMEA time, first data scan]
# bad_flag = -9.990e-29
*END*
      1.662   64.99128 -169.13848     2.1152    32.2682    1455.04  0.000e+00
      1.723   64.99128 -169.13848     2.1140    32.2673    1455.04  0.000e+00
      1.662   64.99128 -169.13848     2.1127    32.2630    1455.03  0.000e+00
      1.723   64.99128 -169.13848     2.1090    32.2587    1455.00  0.000e+00
      1.723   64.99128 -169.13848     2.1055    32.2573    1454.99  0.000e+00
      1.662   64.99128 -169.13848     2.1020    32.2575    1454.97  0.000e+00
      1.723   64.99128 -169.13848     2.1004    32.2561    1454.96  0.000e+00
      1.723   64.99128 -169.13848     2.0983    32.2559    1454.95  0.000e+00
      1.723   64.99128 -169.13848     2.0944    32.2589    1454.94  0.000e+00
      1.661   64.99128 -169.13848     2.0893    32.2638    1454.92  0.000e+00
      1.777   64.99128 -169.13848     2.0890    32.2668    1454.93  0.000e+00
      1.739   64.99128 -169.13848     2.0911    32.2688    1454.94  0.000e+00
      1.723   64.99128 -169.13848     2.0938    32.2714    1454.95  0.000e+00
      1.777   64.99128 -169.13848     2.0960    32.2734    1454.97  0.000e+00
      1.777   64.99128 -169.13848     2.0972    32.2741    1454.97  0.000e+00
      1.831   64.99128 -169.13848     2.0999    32.2736    1454.99  0.000e+00
      1.777   64.99128 -169.13848     2.1025    32.2705    1454.99  0.000e+00
      1.831   64.99128 -169.13848     2.0985    32.2672    1454.97  0.000e+00
      1.831   64.99128 -169.13848     2.0935    32.2682    1454.95  0.000e+00
      1.831   64.99128 -169.13848     2.0921    32.2689    1454.95  0.000e+00
      1.893   64.99128 -169.13848     2.0878    32.2610    1454.92  0.000e+00
      1.893   64.99128 -169.13848     2.0794    32.2504    1454.87  0.000e+00
      1.893   64.99128 -169.13848     2.0709    32.2429    1454.82  0.000e+00
      1.947   64.99128 -169.13848     2.0606    32.2318    1454.76  0.000e+00
      1.893   64.99128 -169.13848     2.0446    32.2211    1454.67  0.000e+00
      1.947   64.99128 -169.13848     2.0209    32.2150    1454.56  0.000e+00
      2.008   64.99128 -169.13848     2.0024    32.2161    1454.48  0.000e+00
      1.947   64.99128 -169.13848     1.9919    32.2026    1454.42  0.000e+00
      2.062   64.99128 -169.13848     1.9735    32.1925    1454.33  0.000e+00
      2.008   64.99128 -169.13848     1.9567    32.1895    1454.25  0.000e+00
      2.062   64.99128 -169.13848     1.9434    32.1886    1454.19  0.000e+00
      2.062   64.99128 -169.13848     1.9355    32.1964    1454.16  0.000e+00
      2.062   64.99128 -169.13848     1.9346    32.1983    1454.16  0.000e+00
      2.124   64.99128 -169.13848     1.9293    32.1981    1454.14  0.000e+00
      2.062   64.99128 -169.13848     1.9257    32.2023    1454.13  0.000e+00
      2.124   64.99128 -169.13848     1.9282    32.2069    1454.15  0.000e+00
      2.178   64.99128 -169.13848     1.9328    32.2118    1454.17  0.000e+00
      2.124   64.99128 -169.13848     1.9393    32.2161    1454.21  0.000e+00
      2.178   64.99128 -169.13848     1.9460    32.2214    1454.25  0.000e+00
      2.201   64.99128 -169.13848     1.9550    32.2229    1454.29  0.000e+00
      2.178   64.99128 -169.13848     1.9624    32.2233    1454.32  0.000e+00
      2.232   64.99128 -169.13848     1.9668    32.2223    1454.34  0.000e+00
      2.232   64.99128 -169.13848     1.9688    32.2167    1454.34  0.000e+00
      2.232   64.99128 -169.13848     1.9654    32.2088    1454.32  0.000e+00
      2.232   64.99128 -169.13848     1.9595    32.2154    1454.30  0.000e+00
      2.294   64.99128 -169.13848     1.9629    32.2432    1454.35  0.000e+00
      2.294   64.99128 -169.13848     1.9778    32.2677    1454.45  0.000e+00
      2.294   64.99128 -169.13848     1.9983    32.2857    1454.56  0.000e+00
      2.294   64.99128 -169.13848     2.0369    32.3004    1454.75  0.000e+00
      2.294   64.99128 -169.13848     2.0915    32.3006    1454.99  0.000e+00
      2.348   64.99128 -169.13848     2.1254    32.3066    1455.15  0.000e+00
      2.348   64.99128 -169.13848     2.1519    32.3171    1455.28  0.000e+00
      2.348   64.99128 -169.13848     2.1811    32.3083    1455.40  0.000e+00
      2.348   64.99128 -169.13848     2.1848    32.2890    1455.39  0.000e+00
      2.348   64.99128 -169.13848     2.1772    32.2875    1455.35  0.000e+00
      2.348   64.99128 -169.13848     2.1736    32.3075    1455.36  0.000e+00
      2.348   64.99128 -169.13848     2.1920    32.2918    1455.42  0.000e+00
      2.348   64.99128 -169.13848     2.2203    32.2524    1455.50  0.000e+00
      2.348   64.99128 -169.13848     2.2409    32.2551    1455.59  0.000e+00
      2.348   64.99130 -169.13848     2.2694    32.2479    1455.70  0.000e+00
      2.409   64.99130 -169.13848     2.2750    32.2338    1455.71  0.000e+00
      2.294   64.99130 -169.13848     2.2597    32.2297    1455.64  0.000e+00
      2.409   64.99130 -169.13848     2.2271    32.2364    1455.50  0.000e+00
      2.348   64.99130 -169.13848     2.2116    32.2409    1455.44  0.000e+00
      2.348   64.99130 -169.13848     2.2027    32.2454    1455.41  0.000e+00
      2.294   64.99130 -169.13848     2.1856    32.2520    1455.34  0.000e+00
      2.348   64.99130 -169.13848     2.1703    32.2580    1455.28  0.000e+00
      2.348   64.99130 -169.13848     2.1609    32.2736    1455.26  0.000e+00
      2.294   64.99130 -169.13848     2.1679    32.2719    1455.29  0.000e+00
      2.294   64.99130 -169.13848     2.1654    32.2698    1455.28  0.000e+00
      2.348   64.99130 -169.13848     2.1586    32.2719    1455.25  0.000e+00
      2.232   64.99130 -169.13848     2.1509    32.2710    1455.21  0.000e+00
      2.294   64.99130 -169.13848     2.1391    32.2702    1455.16  0.000e+00
      2.294   64.99130 -169.13848     2.1297    32.2682    1455.12  0.000e+00
      2.255   64.99130 -169.13848     2.1211    32.2649    1455.07  0.000e+00
      2.294   64.99130 -169.13848     2.1137    32.2608    1455.04  0.000e+00
      2.178   64.99130 -169.13848     2.1044    32.2565    1454.99  0.000e+00
      2.294   64.99130 -169.13848     2.0915    32.2543    1454.93  0.000e+00
      2.178   64.99130 -169.13848     2.0857    32.2581    1454.91  0.000e+00
      2.232   64.99130 -169.13848     2.0796    32.2573    1454.88  0.000e+00
      2.178   64.99130 -169.13848     2.0634    32.2399    1454.79  0.000e+00
      2.232   64.99130 -169.13848     2.0427    32.2243    1454.68  0.000e+00
      2.124   64.99130 -169.13848     2.0305    32.2205    1454.62  0.000e+00
      2.232   64.99130 -169.13848     2.0224    32.2237    1454.59  0.000e+00
      2.124   64.99130 -169.13848     2.0185    32.2292    1454.57  0.000e+00
      2.178   64.99130 -169.13848     2.0173    32.2328    1454.57  0.000e+00
      2.124   64.99130 -169.13848     2.0137    32.2308    1454.56  0.000e+00
      2.124   64.99130 -169.13848     2.0124    32.2312    1454.55  0.000e+00
      2.124   64.99130 -169.13848     2.0165    32.2331    1454.57  0.000e+00
      2.124   64.99130 -169.13848     2.0150    32.2281    1454.56  0.000e+00
      2.062   64.99130 -169.13848     2.0068    32.2214    1454.51  0.000e+00
      2.124   64.99130 -169.13848     1.9989    32.2203    1454.48  0.000e+00
      2.062   64.99130 -169.13848     1.9984    32.2276    1454.48  0.000e+00
      2.062   64.99130 -169.13848     2.0089    32.2394    1454.54  0.000e+00
      2.062   64.99130 -169.13848     2.0199    32.2470    1454.60  0.000e+00
      2.008   64.99130 -169.13848     2.0244    32.2472    1454.62  0.000e+00
      2.062   64.99130 -169.13848     2.0263    32.2465    1454.63  0.000e+00
      2.008   64.99130 -169.13848     2.0273    32.2460    1454.63  0.000e+00
      2.062   64.99130 -169.13848     2.0298    32.2466    1454.65  0.000e+00
      2.008   64.99130 -169.13848     2.0327    32.2526    1454.67  0.000e+00
      2.008   64.99130 -169.13848     2.0391    32.2614    1454.71  0.000e+00
      2.008   64.99130 -169.13848     2.0493    32.2482    1454.73  0.000e+00
      2.008   64.99130 -169.13848     2.0515    32.2247    1454.71  0.000e+00
      2.008   64.99130 -169.13848     2.0539    32.2442    1454.75  0.000e+00
      1.969   64.99130 -169.13848     2.0586    32.2607    1454.79  0.000e+00
      2.008   64.99130 -169.13848     2.0633    32.2638    1454.81  0.000e+00
      2.008   64.99130 -169.13848     2.0653    32.2651    1454.83  0.000e+00
      2.008   64.99130 -169.13848     2.0662    32.2621    1454.83  0.000e+00
      1.946   64.99130 -169.13848     2.0639    32.2595    1454.81  0.000e+00
      2.008   64.99130 -169.13848     2.0628    32.2605    1454.81  0.000e+00
      2.008   64.99130 -169.13848     2.0665    32.2610    1454.83  0.000e+00
      2.008   64.99130 -169.13848     2.0699    32.2584    1454.84  0.000e+00
      2.008   64.99130 -169.13848     2.0698    32.2543    1454.83  0.000e+00
      1.946   64.99130 -169.13848     2.0556    32.2326    1454.74  0.000e+00
      2.008   64.99130 -169.13848     2.0340    32.0542    1454.41  0.000e+00
      2.008   64.99130 -169.13848     2.0180    32.0645    1454.35  0.000e+00
      2.008   64.99130 -169.13848     2.0000    32.1663    1454.41  0.000e+00
      2.062   64.99130 -169.13848     1.9822    32.1989    1454.37  0.000e+00
      2.008   64.99130 -169.13848     1.9722    32.2119    1454.35  0.000e+00
      2.008   64.99130 -169.13848     1.9660    32.2234    1454.33  0.000e+00
      2.008   64.99130 -169.13848     1.9610    32.2241    1454.31  0.000e+00
      2.062   64.99130 -169.13848     1.9627    32.2211    1454.32  0.000e+00
      2.008   64.99130 -169.13848     1.9865    32.2193    1454.42  0.000e+00
      2.062   64.99130 -169.13848     1.9989    32.2057    1454.46  0.000e+00
      2.062   64.99130 -169.13848     1.9869    32.1879    1454.38  0.000e+00
      2.008   64.99130 -169.13848     1.9689    32.1807    1454.29  0.000e+00
      2.062   64.99130 -169.13848     1.9540    32.1853    1454.23  0.000e+00
      2.062   64.99130 -169.13848     1.9454    32.1941    1454.21  0.000e+00
      2.062   64.99130 -169.13848     1.9417    32.2007    1454.20  0.000e+00
      2.123   64.99130 -169.13848     1.9411    32.2062    1454.20  0.000e+00
      2.062   64.99130 -169.13848     1.9422    32.2103    1454.21  0.000e+00
      2.062   64.99130 -169.13848     1.9433    32.2127    1454.22  0.000e+00
      2.123   64.99130 -169.13848     1.9422    32.2150    1454.22  0.000e+00
      2.085   64.99130 -169.13848     1.9419    32.2171    1454.22  0.000e+00
      2.123   64.99130 -169.13848     1.9445    32.2160    1454.23  0.000e+00
      2.123   64.99130 -169.13848     1.9454    32.2158    1454.23  0.000e+00
      2.123   64.99130 -169.13848     1.9463    32.2151    1454.24  0.000e+00
      2.123   64.99130 -169.13848     1.9465    32.2134    1454.24  0.000e+00
      2.123   64.99130 -169.13848     1.9446    32.2144    1454.23  0.000e+00
      2.123   64.99130 -169.13848     1.9453    32.2177    1454.24  0.000e+00
      2.123   64.99130 -169.13848     1.9468    32.2247    1454.25  0.000e+00
      2.123   64.99130 -169.13848     1.9490    32.2300    1454.27  0.000e+00
      2.177   64.99130 -169.13848     1.9517    32.2308    1454.28  0.000e+00
      2.123   64.99130 -169.13848     1.9579    32.2238    1454.30  0.000e+00
      2.123   64.99130 -169.13848     1.9602    32.2202    1454.31  0.000e+00
      2.123   64.99130 -169.13848     1.9598    32.2212    1454.31  0.000e+00
      2.177   64.99130 -169.13848     1.9602    32.2229    1454.31  0.000e+00
      2.123   64.99130 -169.13848     1.9624    32.2250    1454.32  0.000e+00
      2.123   64.99130 -169.13848     1.9672    32.2297    1454.35  0.000e+00
      2.123   64.99130 -169.13848     1.9734    32.2352    1454.38  0.000e+00
      2.123   64.99130 -169.13848     1.9790    32.2384    1454.41  0.000e+00
      2.123   64.99130 -169.13848     1.9854    32.2412    1454.44  0.000e+00
      2.123   64.99130 -169.13848     1.9941    32.2440    1454.49  0.000e+00
      2.123   64.99130 -169.13848     2.0056    32.2429    1454.54  0.000e+00
      2.123   64.99130 -169.13848     2.0149    32.2428    1454.58  0.000e+00
      2.123   64.99130 -169.13848     2.0228    32.2438    1454.61  0.000e+00
      2.123   64.99130 -169.13848     2.0295    32.2450    1454.64  0.000e+00
      2.061   64.99130 -169.13848     2.0360    32.2469    1454.67  0.000e+00
      2.123   64.99130 -169.13848     2.0421    32.2479    1454.70  0.000e+00
      2.123   64.99130 -169.13848     2.0442    32.2478    1454.71  0.000e+00
      2.061   64.99130 -169.13848     2.0448    32.2448    1454.71  0.000e+00
      2.061   64.99130 -169.13848     2.0447    32.2420    1454.71  0.000e+00
      2.123   64.99130 -169.13848     2.0435    32.2403    1454.70  0.000e+00
      2.061   64.99130 -169.13848     2.0412    32.2398    1454.69  0.000e+00
      2.084   64.99130 -169.13848     2.0398    32.2392    1454.68  0.000e+00
      2.061   64.99130 -169.13848     2.0399    32.2400    1454.68  0.000e+00
      2.061   64.99130 -169.13848     2.0391    32.2430    1454.68  0.000e+00
      2.061   64.99130 -169.13848     2.0386    32.2454    1454.68  0.000e+00
      2.061   64.99130 -169.13848     2.0383    32.2467    1454.68  0.000e+00
      2.061   64.99130 -169.13848     2.0385    32.2478    1454.69  0.000e+00
      2.007   64.99130 -169.13848     2.0402    32.2486    1454.69  0.000e+00
      2.061   64.99130 -169.13848     2.0437    32.2508    1454.71  0.000e+00
      2.061   64.99130 -169.13848     2.0493    32.2543    1454.74  0.000e+00
      2.007   64.99130 -169.13848     2.0579    32.2604    1454.79  0.000e+00
      2.061   64.99130 -169.13848     2.0671    32.2639    1454.83  0.000e+00
      2.007   64.99130 -169.13848     2.0729    32.2637    1454.86  0.000e+00
      2.061   64.99130 -169.13848     2.0764    32.2623    1454.87  0.000e+00
      2.061   64.99130 -169.13848     2.0782    32.2589    1454.88  0.000e+00
      2.007   64.99130 -169.13848     2.0791    32.2544    1454.87  0.000e+00
      2.061   64.99130 -169.13848     2.0773    32.2538    1454.86  0.000e+00
      2.007   64.99130 -169.13848     2.0741    32.1871    1454.76  0.000e+00
      2.061   64.99130 -169.13848     2.0703    32.0707    1454.59  0.000e+00
      2.007   64.99130 -169.13848     2.0730    32.1840    1454.75  0.000e+00
      2.061   64.99130 -169.13848     2.0834    32.2587    1454.90  0.000e+00
      2.007   64.99130 -169.13848     2.0887    32.2627    1454.93  0.000e+00
      2.061   64.99130 -169.13848     2.0871    32.2615    1454.92  0.000e+00
      2.061   64.99130 -169.13848     2.0890    32.2663    1454.93  0.000e+00
      2.061   64.99130 -169.13848     2.1055    32.2810    1455.02  0.000e+00
      2.061   64.99130 -169.13848     2.1317    32.2979    1455.16  0.000e+00
      2.061   64.99130 -169.13848     2.1553    32.3090    1455.28  0.000e+00
      2.061   64.99130 -169.13848     2.1756    32.3121    1455.37  0.000e+00
      2.123   64.99130 -169.13848     2.1911    32.3053    1455.43  0.000e+00
      2.061   64.99130 -169.13848     2.1961    32.3095    1455.46  0.000e+00
      2.138   64.99130 -169.13848     2.2035    32.3120    1455.50  0.000e+00
      2.123   64.99130 -169.13848     2.2180    32.3033    1455.55  0.000e+00
      2.123   64.99130 -169.13848     2.2244    32.2870    1455.55  0.000e+00
      2.177   64.99130 -169.13848     2.2197    32.2799    1455.53  0.000e+00
      2.123   64.99130 -169.13848     2.2134    32.2784    1455.50  0.000e+00
      2.177   64.99130 -169.13848     2.1992    32.2623    1455.41  0.000e+00
      2.177   64.99130 -169.13848     2.1662    32.2422    1455.24  0.000e+00
      2.177   64.99130 -169.13848     2.1353    32.2486    1455.11  0.000e+00
      2.231   64.99130 -169.13848     2.1272    32.2640    1455.10  0.000e+00
      2.177   64.99130 -169.13848     2.1284    32.2755    1455.12  0.000e+00
      2.292   64.99130 -169.13848     2.1364    32.2888    1455.17  0.000e+00
      2.231   64.99130 -169.13848     2.1517    32.2972    1455.25  0.000e+00
