EcoFOCI/data/1_SampleCollection/2023_SikuliaqDBO_CruiseData/CTD_raw_BottleFile_SKQ23-12S/proc/skq202312s_016.cnv
* Sea-Bird SBE 9 Data File:
* FileName = D:\CTD\SKQ202312S\SKQ202312S_016.hex
* Software Version Seasave V 7.26.7.121
* Temperature SN = 6177
* Conductivity SN = 0369
* Number of Bytes Per Scan = 41
* Number of Voltage Words = 4
* Number of Scans Averaged by the Deck Unit = 1
* NMEA Latitude = 64 40.76 N
* NMEA Longitude = 169 06.00 W
* NMEA UTC (Time) = Sep 17 2023  13:39:04
* NMEA baud rate = 4800
** Ship: R/V Sikuliaq
** Station Number: 016
** Station Name: DBO2.2
** Bottom Depth: 45
** Operator: SD
# nquan = 24
# nvalues = 5501                                  
# units = specified
# name 0 = depSM: Depth [salt water, m]
# name 1 = latitude: Latitude [deg]
# name 2 = longitude: Longitude [deg]
# name 3 = prDM: Pressure, Digiquartz [db]
# name 4 = t090C: Temperature [ITS-90, deg C]
# name 5 = t190C: Temperature, 2 [ITS-90, deg C]
# name 6 = potemp090C: Potential Temperature [ITS-90, deg C]
# name 7 = sal00: Salinity, Practical [PSU]
# name 8 = sal11: Salinity, Practical, 2 [PSU]
# name 9 = density00: Density [density, kg/m^3]
# name 10 = sigma-é00: Density [sigma-theta, kg/m^3]
# name 11 = sbox0Mm/Kg: Oxygen, SBE 43 [umol/kg]
# name 12 = sbox1Mm/Kg: Oxygen, SBE 43, 2 [umol/kg]
# name 13 = oxsolMm/Kg: Oxygen Saturation, Garcia & Gordon [umol/kg]
# name 14 = sbeox0PS: Oxygen, SBE 43 [% saturation]
# name 15 = sbeox1PS: Oxygen, SBE 43, 2 [% saturation]
# name 16 = v0: Voltage 0
# name 17 = flECO-AFL: Fluorescence, WET Labs ECO-AFL/FL [mg/m^3]
# name 18 = v1: Voltage 1
# name 19 = CStarAt0: Beam Attenuation, WET Labs C-Star [1/m]
# name 20 = par: PAR/Irradiance, Biospherical/Licor
# name 21 = scan: Scan Count
# name 22 = timeM: Time, Elapsed [minutes]
# name 23 = flag:  0.000e+00
# span 0 =      1.589,     40.001                 
# span 1 =   64.67940,   64.67944                 
# span 2 = -169.10002, -169.09998                 
# span 3 =      1.604,     40.400                 
# span 4 =     2.5710,     3.0505                 
# span 5 =     2.5729,     3.0512                 
# span 6 =     2.5708,     3.0486                 
# span 7 =    32.4382,    32.8462                 
# span 8 =    32.4470,    32.8557                 
# span 9 =  1025.8835,  1026.3589                 
# span 10 =    25.8757,    26.1707                
# span 11 =    259.447,    300.160                
# span 12 =    246.798,    287.556                
# span 13 =  327.58146,  332.40278                
# span 14 =     78.797,     90.313                
# span 15 =     75.093,     86.535                
# span 16 =     0.1209,     0.3053                
# span 17 =     0.3773,     1.4835                
# span 18 =     3.8107,     3.9524                
# span 19 =     0.7036,     0.8496                
# span 20 = 1.0000e-12, 7.4711e-01                
# span 21 =          1,       5501                
# span 22 =     0.0000,     3.8194                
# span 23 = 0.0000e+00, 0.0000e+00                
# interval = seconds: 0.0416667
# start_time = Sep 17 2023 13:42:59 [NMEA time, first data scan]
# bad_flag = -9.990e-29
*END*
[from data line 1329]
      8.734   64.67942 -169.10002      8.820     2.5810     2.5813     2.5806    32.4405    32.4501  1025.9186    25.8770    300.112    286.363  332.31595     90.309     86.179     0.2625     1.2271     3.9011     0.7558 3.2027e-02       1330     0.9229  0.000e+00
      8.850   64.67942 -169.10002      8.937     2.5809     2.5813     2.5804    32.4403    32.4501  1025.9190    25.8769    299.714    286.352  332.31775     90.189     86.176     0.2613     1.2198     3.8999     0.7571 3.7196e-02       1331     0.9236  0.000e+00
      8.819   64.67942 -169.10002      8.906     2.5806     2.5814     2.5801    32.4405    32.4503  1025.9190    25.8771    299.899    286.113  332.31955     90.244     86.104     0.2625     1.2271     3.8999     0.7571 4.0740e-02       1332     0.9243  0.000e+00
      8.850   64.67942 -169.10002      8.937     2.5804     2.5813     2.5799    32.4409    32.4505  1025.9195    25.8774    299.679    286.076  332.32031     90.178     86.093     0.2613     1.2198     3.8999     0.7571 4.1188e-02       1333     0.9250  0.000e+00
      8.850   64.67942 -169.10002      8.937     2.5806     2.5815     2.5801    32.4408    32.4504  1025.9194    25.8773    299.861    286.037  332.31919     90.233     86.081     0.2613     1.2198     3.8999     0.7571 2.9508e-02       1334     0.9257  0.000e+00
      8.850   64.67942 -169.10002      8.937     2.5806     2.5811     2.5801    32.4408    32.4505  1025.9194    25.8773    299.858    285.979  332.31919     90.232     86.063     0.2625     1.2271     3.9011     0.7558 1.9844e-02       1335     0.9264  0.000e+00
      8.850   64.67942 -169.10002      8.937     2.5805     2.5810     2.5800    32.4406    32.4502  1025.9193    25.8772    299.854    285.919  332.32011     90.231     86.045     0.2637     1.2344     3.8999     0.7571 1.8295e-02       1336     0.9271  0.000e+00
      8.904   64.67942 -169.10002      8.992     2.5807     2.5810     2.5802    32.4401    32.4504  1025.9191    25.8767    299.850    285.884  332.31967     90.229     86.034     0.2711     1.2784     3.8999     0.7571 2.2199e-02       1337     0.9278  0.000e+00
      8.904   64.67942 -169.10002      8.992     2.5806     2.5808     2.5801    32.4406    32.4504  1025.9195    25.8772    299.622    285.826  332.31967     90.161     86.016     0.2723     1.2857     3.8999     0.7571 2.7030e-02       1338     0.9285  0.000e+00
      8.850   64.67942 -169.10002      8.937     2.5804     2.5813     2.5799    32.4407    32.4501  1025.9194    25.8773    299.578    285.587  332.32072     90.147     85.945     0.2735     1.2930     3.8999     0.7571 2.8264e-02       1339     0.9292  0.000e+00
      8.965   64.67942 -169.10002      9.054     2.5805     2.5812     2.5800    32.4409    32.4503  1025.9201    25.8774    299.758    285.535  332.31934     90.202     85.930     0.2723     1.2857     3.8999     0.7571 3.0762e-02       1340     0.9299  0.000e+00
      8.904   64.67942 -169.10002      8.992     2.5806     2.5811     2.5801    32.4408    32.4504  1025.9197    25.8773    299.747    285.478  332.31916     90.198     85.912     0.2735     1.2930     3.8999     0.7571 3.6322e-02       1341     0.9306  0.000e+00
      8.965   64.67942 -169.10002      9.054     2.5806     2.5813     2.5801    32.4408    32.4501  1025.9199    25.8773    299.739    285.426  332.31934     90.196     85.897     0.2735     1.2930     3.8999     0.7571 3.8958e-02       1342     0.9313  0.000e+00
      8.965   64.67942 -169.10002      9.054     2.5806     2.5811     2.5801    32.4408    32.4506  1025.9199    25.8773    299.727    285.376  332.31934     90.192     85.881     0.2735     1.2930     3.8999     0.7571 3.3731e-02       1343     0.9319  0.000e+00
      8.965   64.67942 -169.10002      9.054     2.5803     2.5813     2.5799    32.4405    32.4502  1025.9197    25.8771    299.716    285.325  332.32170     90.188     85.867     0.2735     1.2930     3.8999     0.7571 2.1409e-02       1344     0.9326  0.000e+00
      8.996   64.67942 -169.10002      9.085     2.5802     2.5813     2.5798    32.4409    32.4507  1025.9202    25.8774    299.739    285.278  332.32164     90.196     85.853     0.2723     1.2857     3.8999     0.7571 1.7145e-02       1345     0.9333  0.000e+00
      8.965   64.67942 -169.10002      9.054     2.5802     2.5813     2.5798    32.4408    32.4503  1025.9200    25.8774    299.723    285.232  332.32180     90.191     85.839     0.2735     1.2930     3.8987     0.7583 1.6005e-02       1346     0.9340  0.000e+00
      9.019   64.67942 -169.10002      9.109     2.5802     2.5813     2.5798    32.4408    32.4501  1025.9202    25.8773    299.709    285.388  332.32198     90.186     85.885     0.2723     1.2857     3.8974     0.7596 1.0447e-02       1347     0.9347  0.000e+00
      9.073   64.67942 -169.10002      9.163     2.5805     2.5813     2.5800    32.4407    32.4501  1025.9204    25.8772    299.508    285.174  332.32000     90.127     85.821     0.2735     1.2930     3.8974     0.7596 7.9318e-03       1348     0.9354  0.000e+00
      9.019   64.67942 -169.10002      9.108     2.5804     2.5814     2.5799    32.4409    32.4503  1025.9203    25.8774    299.712    285.130  332.32034     90.188     85.808     0.2735     1.2930     3.8974     0.7596 8.2880e-03       1349     0.9361  0.000e+00
      9.073   64.67942 -169.10002      9.163     2.5806     2.5813     2.5801    32.4404    32.4504  1025.9202    25.8770    299.697    285.094  332.32010     90.183     85.797     0.2735     1.2930     3.8974     0.7596 1.0447e-02       1350     0.9368  0.000e+00
      9.019   64.67942 -169.10002      9.108     2.5805     2.5815     2.5800    32.4405    32.4503  1025.9200    25.8771    299.678    285.078  332.32044     90.177     85.793     0.2735     1.2930     3.8974     0.7596 1.1540e-02       1351     0.9375  0.000e+00
      9.073   64.67942 -169.10002      9.163     2.5804     2.5811     2.5799    32.4406    32.4506  1025.9203    25.8772    299.661    285.073  332.32113     90.172     85.790     0.2723     1.2857     3.8974     0.7596 1.1540e-02       1352     0.9382  0.000e+00
      9.135   64.67942 -169.10002      9.225     2.5802     2.5815     2.5797    32.4409    32.4504  1025.9209    25.8774    298.945    285.066  332.32163     89.957     85.789     0.2735     1.2930     3.8962     0.7609 8.2880e-03       1353     0.9389  0.000e+00
      9.073   64.67942 -169.10002      9.163     2.5798     2.5815     2.5793    32.4409    32.4503  1025.9206    25.8774    299.481    284.838  332.32574     90.117     85.720     0.2747     1.3004     3.8974     0.7596 5.8152e-03       1354     0.9396  0.000e+00
      9.135   64.67942 -169.10002      9.225     2.5800     2.5813     2.5795    32.4403    32.4507  1025.9204    25.8770    299.461    284.817  332.32490     90.111     85.714     0.2723     1.2857     3.8974     0.7596 5.4659e-03       1355     0.9403  0.000e+00
      9.135   64.67942 -169.10002      9.225     2.5799     2.5813     2.5794    32.4411    32.4507  1025.9210    25.8776    299.475    284.796  332.32388     90.115     85.708     0.2735     1.2930     3.8962     0.7609 3.3905e-03       1356     0.9410  0.000e+00
      9.104   64.67942 -169.10002      9.194     2.5804     2.5813     2.5799    32.4406    32.4507  1025.9205    25.8772    299.266    284.976  332.32107     90.053     85.762     0.2735     1.2930     3.8974     0.7596 1.6876e-03       1357     0.9417  0.000e+00
      9.189   64.67942 -169.10002      9.280     2.5804     2.5816     2.5799    32.4405    32.4504  1025.9208    25.8771    299.470    284.987  332.32129     90.115     85.766     0.2735     1.2930     3.8974     0.7596 1.3499e-03       1358     0.9424  0.000e+00
      9.135   64.67942 -169.10002      9.225     2.5802     2.5815     2.5797    32.4408    32.4505  1025.9208    25.8773    299.265    284.999  332.32244     90.053     85.769     0.2723     1.2857     3.8974     0.7596 3.0480e-03       1359     0.9431  0.000e+00
      9.189   64.67942 -169.10002      9.280     2.5802     2.5814     2.5797    32.4404    32.4508  1025.9207    25.8771    299.470    285.016  332.32282     90.114     85.774     0.2735     1.2930     3.8974     0.7596 4.7702e-03       1360     0.9437  0.000e+00
      9.189   64.67942 -169.10002      9.280     2.5804     2.5813     2.5799    32.4406    32.4502  1025.9209    25.8772    299.486    285.012  332.32098     90.120     85.772     0.2747     1.3004     3.8974     0.7596 5.4659e-03       1361     0.9444  0.000e+00
      9.189   64.67942 -169.10002      9.280     2.5802     2.5808     2.5797    32.4407    32.4507  1025.9210    25.8773    299.505    285.035  332.32211     90.125     85.779     0.2759     1.3077     3.8974     0.7596 4.4238e-03       1362     0.9451  0.000e+00
      9.250   64.67942 -169.10002      9.342     2.5803     2.5808     2.5799    32.4409    32.4504  1025.9214    25.8774    299.524    285.038  332.32066     90.131     85.779     0.2808     1.3370     3.8962     0.7609 2.3659e-03       1363     0.9458  0.000e+00
      9.189   64.67942 -169.10002      9.280     2.5807     2.5807     2.5802    32.4407    32.4503  1025.9210    25.8773    299.537    285.062  332.31801     90.136     85.786     0.2808     1.3370     3.8974     0.7596 2.0263e-03       1364     0.9465  0.000e+00
      9.250   64.67942 -169.10002      9.342     2.5807     2.5810     2.5802    32.4403    32.4504  1025.9209    25.8769    299.521    285.089  332.31922     90.131     85.795     0.2808     1.3370     3.8962     0.7609 3.3905e-03       1365     0.9472  0.000e+00
      9.250   64.67942 -169.10002      9.342     2.5809     2.5813     2.5804    32.4395    32.4506  1025.9203    25.8763    299.318    285.118  332.31973     90.069     85.804     0.2796     1.3297     3.8974     0.7596 6.1655e-03       1366     0.9479  0.000e+00
      9.250   64.67942 -169.10002      9.342     2.5806     2.5815     2.5801    32.4405    32.4502  1025.9211    25.8771    299.300    285.151  332.31943     90.064     85.814     0.2808     1.3370     3.8987     0.7583 7.2223e-03       1367     0.9486  0.000e+00
      9.250   64.67942 -169.10002      9.342     2.5810     2.5819     2.5806    32.4406    32.4502  1025.9211    25.8771    299.462    285.184  332.31574     90.114     85.825     0.2821     1.3443     3.8999     0.7571 7.5765e-03       1368     0.9493  0.000e+00
      9.281   64.67942 -169.10002      9.373     2.5809     2.5819     2.5804    32.4408    32.4508  1025.9214    25.8773    299.445    285.224  332.31650     90.108     85.838     0.2808     1.3370     3.8999     0.7571 9.0035e-03       1369     0.9500  0.000e+00
      9.304   64.67942 -169.10002      9.396     2.5809     2.5821     2.5804    32.4407    32.4503  1025.9215    25.8773    299.462    285.267  332.31622     90.114     85.851     0.2808     1.3370     3.8999     0.7571 9.7231e-03       1370     0.9507  0.000e+00
      9.250   64.67942 -169.10002      9.342     2.5812     2.5822     2.5807    32.4403    32.4506  1025.9209    25.8769    299.255    285.309  332.31553     90.052     85.864     0.2796     1.3297     3.8999     0.7571 9.0035e-03       1371     0.9514  0.000e+00
      9.366   64.67942 -169.10002      9.459     2.5812     2.5821     2.5807    32.4402    32.4503  1025.9213    25.8768    299.462    285.363  332.31579     90.114     85.880     0.2808     1.3370     3.8999     0.7571 4.0784e-03       1372     0.9521  0.000e+00
      9.304   64.67942 -169.10002      9.396     2.5809     2.5821     2.5804    32.4405    32.4507  1025.9213    25.8771    299.479    285.411  332.31725     90.119     85.894     0.2796     1.3297     3.8999     0.7571 2.0263e-03       1373     0.9528  0.000e+00
      9.304   64.67942 -169.10002      9.396     2.5811     2.5822     2.5806    32.4401    32.4510  1025.9209    25.8767    299.276    285.440  332.31663     90.058     85.903     0.2808     1.3370     3.8999     0.7571 2.3659e-03       1374     0.9535  0.000e+00
      9.366   64.67942 -169.10002      9.459     2.5809     2.5824     2.5804    32.4404    32.4506  1025.9215    25.8770    299.484    285.473  332.31754     90.120     85.914     0.2808     1.3370     3.8987     0.7583 1.1540e-02       1375     0.9542  0.000e+00
      9.304   64.67942 -169.10002      9.396     2.5809     2.5822     2.5804    32.4405    32.4504  1025.9213    25.8771    299.280    285.309  332.31725     90.059     85.864     0.2808     1.3370     3.8987     0.7583 1.7145e-02       1376     0.9549  0.000e+00
      9.366   64.67942 -169.10002      9.459     2.5809     2.5823     2.5804    32.4407    32.4502  1025.9217    25.8772    299.487    285.522  332.31682     90.121     85.928     0.2808     1.3370     3.8999     0.7571 1.7911e-02       1377     0.9556  0.000e+00
      9.366   64.67942 -169.10002      9.459     2.5813     2.5822     2.5808    32.4406    32.4501  1025.9216    25.8771    299.285    285.562  332.31395     90.061     85.940     0.2796     1.3297     3.8999     0.7571 2.0233e-02       1378     0.9563  0.000e+00
      9.420   64.67942 -169.10002      9.513     2.5812     2.5819     2.5806    32.4403    32.4506  1025.9217    25.8769    299.533    285.606  332.31556     90.135     85.953     0.2808     1.3370     3.8999     0.7571 2.2595e-02       1379     0.9569  0.000e+00
      9.366   64.67942 -169.10002      9.459     2.5810     2.5817     2.5805    32.4407    32.4503  1025.9218    25.8772    299.738    285.846  332.31539     90.197     86.024     0.2796     1.3297     3.8999     0.7571 2.2993e-02       1380     0.9576  0.000e+00
      9.397   64.67942 -169.10002      9.490     2.5812     2.5816     2.5807    32.4408    32.4502  1025.9219    25.8772    299.354    285.693  332.31440     90.082     85.978     0.2808     1.3370     3.8999     0.7571 1.9844e-02       1381     0.9583  0.000e+00
      9.366   64.67942 -169.10002      9.458     2.5811     2.5817     2.5806    32.4404    32.4502  1025.9215    25.8770    299.524    285.712  332.31579     90.132     85.984     0.2808     1.3370     3.8987     0.7583 1.6384e-02       1382     0.9590  0.000e+00
      9.420   64.67942 -169.10002      9.513     2.5813     2.5821     2.5808    32.4404    32.4503  1025.9218    25.8770    299.545    285.732  332.31392     90.139     85.991     0.2808     1.3370     3.8999     0.7571 1.6005e-02       1383     0.9597  0.000e+00
      9.420   64.67942 -169.10002      9.513     2.5813     2.5821     2.5808    32.4406    32.4507  1025.9219    25.8771    299.565    285.754  332.31351     90.145     85.997     0.2808     1.3370     3.8999     0.7571 1.1906e-02       1384     0.9604  0.000e+00
      9.420   64.67942 -169.10002      9.513     2.5812     2.5821     2.5806    32.4405    32.4508  1025.9218    25.8770    299.588    285.777  332.31505     90.152     86.004     0.2796     1.3297     3.8999     0.7571 5.1175e-03       1385     0.9611  0.000e+00
      9.474   64.67942 -169.10002      9.568     2.5813     2.5825     2.5808    32.4405    32.4504  1025.9221    25.8771    299.610    285.800  332.31410     90.159     86.012     0.2808     1.3370     3.8999     0.7571 3.7340e-03       1386     0.9618  0.000e+00
      9.420   64.67942 -169.10002      9.513     2.5813     2.5824     2.5808    32.4403    32.4505  1025.9217    25.8769    299.591    285.824  332.31413     90.153     86.019     0.2808     1.3370     3.9011     0.7558 5.8152e-03       1387     0.9625  0.000e+00
      9.474   64.67942 -169.10002      9.567     2.5813     2.5825     2.5808    32.4403    32.4501  1025.9219    25.8768    299.576    285.828  332.31430     90.148     86.020     0.2833     1.3516     3.9023     0.7546 1.0447e-02       1388     0.9632  0.000e+00
