EcoFOCI/data/1_SampleCollection/2023_SikuliaqDBO_CruiseData/CTD_raw_BottleFile_SKQ23-12S/proc/skq202312s_007.ros
* Sea-Bird SBE 9 Data File:
* FileName = D:\CTD\SKQ202312S\SKQ202312S_007.hex
* Software Version Seasave V 7.26.7.121
* Temperature SN = 6177
* Conductivity SN = 0369
* Number of Bytes Per Scan = 41
* Number of Voltage Words = 4
* Number of Scans Averaged by the Deck Unit = 1
* NMEA Latitude = 62 33.56 N
* NMEA Longitude = 173 33.01 W
* NMEA UTC (Time) = Sep 16 2023  04:45:18
* NMEA baud rate = 4800
** Ship: R/V Sikuliaq
** Station Number: 007
** Station Name: DBO1.6
** Bottom Depth: 65
** Operator: SD
# nquan = 22
# nvalues = 1078                                  
# units = specified
# name 0 = depSM: Depth [salt water, m]
# name 1 = latitude: Latitude [deg]
# name 2 = longitude: Longitude [deg]
# name 3 = prDM: Pressure, Digiquartz [db]
# name 4 = t090C: Temperature [ITS-90, deg C]
# name 5 = t190C: Temperature, 2 [ITS-90, deg C]
# name 6 = potemp090C: Potential Temperature [ITS-90, deg C]
# name 7 = sal00: Salinity, Practical [PSU]
# name 8 = sal11: Salinity, Practical, 2 [PSU]
# name 9 = density00: Density [density, kg/m^3]
# name 10 = sigma-é00: Density [sigma-theta, kg/m^3]
# name 11 = sbox0Mm/Kg: Oxygen, SBE 43 [umol/kg]
# name 12 = sbox1Mm/Kg: Oxygen, SBE 43, 2 [umol/kg]
# name 13 = oxsolMm/Kg: Oxygen Saturation, Garcia & Gordon [umol/kg]
# name 14 = sbeox0PS: Oxygen, SBE 43 [% saturation]
# name 15 = v0: Voltage 0
# name 16 = flECO-AFL: Fluorescence, WET Labs ECO-AFL/FL [mg/m^3]
# name 17 = CStarAt0: Beam Attenuation, WET Labs C-Star [1/m]
# name 18 = par: PAR/Irradiance, Biospherical/Licor
# name 19 = scan: Scan Count
# name 20 = nbf: Bottles Fired
# name 21 = flag:  0.000e+00
# interval = seconds: 0.0416667
# start_time = Sep 16 2023 04:49:28 [NMEA time, first data scan]
# bad_flag = -9.990e-29
*END*
[from data line 725]
     10.579   62.55944 -173.55010     10.682     7.4568     7.4553     7.4558    31.1564    31.1631  1024.3810    24.3319    293.085    278.242  298.72114     98.113     0.2369     1.0732     0.6851 7.8832e+00      26016         15  0.000e+00
     10.579   62.55944 -173.55010     10.682     7.4569     7.4555     7.4560    31.1567    31.1627  1024.3812    24.3322    293.084    278.198  298.71937     98.113     0.2357     1.0659     0.6851 7.8607e+00      26017         15  0.000e+00
     10.579   62.55944 -173.55010     10.683     7.4568     7.4557     7.4558    31.1568    31.1628  1024.3814    24.3323    293.085    278.169  298.72009     98.113     0.2369     1.0732     0.6851 7.8607e+00      26018         15  0.000e+00
     10.579   62.55944 -173.55010     10.683     7.4571     7.4558     7.4561    31.1565    31.1633  1024.3811    24.3320    293.082    278.122  298.71880     98.113     0.2357     1.0659     0.6851 7.8383e+00      26019         15  0.000e+00
     10.603   62.55944 -173.55010     10.706     7.4569     7.4558     7.4560    31.1564    31.1632  1024.3811    24.3319    293.082    278.078  298.72004     98.113     0.2369     1.0732     0.6851 7.8160e+00      26020         15  0.000e+00
     10.634   62.55944 -173.55010     10.737     7.4574     7.4558     7.4565    31.1569    31.1636  1024.3816    24.3323    293.102    278.049  298.71555     98.121     0.2357     1.0659     0.6851 7.8160e+00      26021         15  0.000e+00
     10.580   62.55944 -173.55010     10.683     7.4577     7.4561     7.4568    31.1570    31.1633  1024.3814    24.3323    293.094    278.018  298.71324     98.119     0.2357     1.0659     0.6839 7.7937e+00      26022         15  0.000e+00
     10.634   62.55944 -173.55010     10.737     7.4579     7.4558     7.4569    31.1571    31.1632  1024.3816    24.3323    293.091    277.993  298.71217     98.118     0.2357     1.0659     0.6826 7.7715e+00      26023         15  0.000e+00
     10.634   62.55944 -173.55010     10.737     7.4579     7.4558     7.4569    31.1567    31.1628  1024.3813    24.3320    293.086    277.965  298.71298     98.116     0.2357     1.0659     0.6839 7.7715e+00      26024         15  0.000e+00
     10.634   62.55944 -173.55010     10.737     7.4577     7.4560     7.4568    31.1567    31.1636  1024.3814    24.3321    293.081    277.762  298.71394     98.114     0.2357     1.0659     0.6826 7.7715e+00      26025         15  0.000e+00
     11.120   62.55944 -173.55008     11.229     7.4759     7.4708     7.4749    31.1640    31.1696  1024.3869    24.3353    292.980    277.650  298.57455     98.126     0.2369     1.0732     0.6789 7.1742e+00      26943         16  0.000e+00
     11.120   62.55944 -173.55008     11.229     7.4771     7.4720     7.4760    31.1635    31.1694  1024.3864    24.3348    292.981    277.635  298.56771     98.129     0.2357     1.0659     0.6789 7.1742e+00      26944         16  0.000e+00
     11.120   62.55944 -173.55008     11.229     7.4782     7.4746     7.4771    31.1620    31.1681  1024.3851    24.3335    292.957    277.614  298.56345     98.122     0.2369     1.0732     0.6789 7.1742e+00      26945         16  0.000e+00
     11.144   62.55944 -173.55008     11.252     7.4787     7.4759     7.4777    31.1615    31.1676  1024.3847    24.3330    292.960    277.772  298.56082     98.124     0.2357     1.0659     0.6789 7.1742e+00      26946         16  0.000e+00
     11.120   62.55944 -173.55008     11.229     7.4798     7.4768     7.4788    31.1612    31.1678  1024.3842    24.3326    292.956    277.603  298.55404     98.125     0.2357     1.0659     0.6789 7.1742e+00      26947         16  0.000e+00
     11.175   62.55944 -173.55008     11.283     7.4804     7.4778     7.4794    31.1608    31.1678  1024.3841    24.3323    292.957    277.592  298.55047     98.127     0.2357     1.0659     0.6789 7.1948e+00      26948         16  0.000e+00
     11.121   62.55944 -173.55008     11.229     7.4808     7.4789     7.4798    31.1603    31.1679  1024.3834    24.3318    292.956    277.575  298.54921     98.127     0.2357     1.0659     0.6789 7.1948e+00      26949         16  0.000e+00
     11.121   62.55944 -173.55008     11.229     7.4808     7.4789     7.4798    31.1601    31.1682  1024.3832    24.3316    292.958    277.567  298.54978     98.127     0.2357     1.0659     0.6789 7.1948e+00      26950         16  0.000e+00
     11.175   62.55944 -173.55008     11.284     7.4803     7.4783     7.4793    31.1600    31.1680  1024.3834    24.3316    292.963    277.738  298.55329     98.128     0.2369     1.0732     0.6814 7.2360e+00      26951         16  0.000e+00
     11.090   62.55944 -173.55008     11.198     7.4798     7.4776     7.4788    31.1602    31.1682  1024.3832    24.3318    292.963    277.748  298.55634     98.126     0.2369     1.0732     0.6839 7.2360e+00      26952         16  0.000e+00
     11.175   62.55944 -173.55008     11.284     7.4789     7.4783     7.4778    31.1605    31.1680  1024.3840    24.3322    292.970    277.738  298.56206     98.127     0.2357     1.0659     0.6851 7.2360e+00      26953         16  0.000e+00
     11.121   62.55944 -173.55008     11.229     7.4774     7.4789     7.4763    31.1622    31.1685  1024.3853    24.3337    292.972    277.567  298.56860     98.126     0.2369     1.0732     0.6851 7.2567e+00      26954         16  0.000e+00
     11.121   62.55944 -173.55008     11.229     7.4794     7.4803     7.4783    31.1615    31.1689  1024.3845    24.3329    292.981    277.547  298.55645     98.133     0.2357     1.0659     0.6851 7.2775e+00      26955         16  0.000e+00
     11.121   62.55944 -173.55008     11.229     7.4809     7.4808     7.4799    31.1610    31.1697  1024.3839    24.3323    292.966    277.532  298.54664     98.131     0.2369     1.0732     0.6839 7.2775e+00      26956         16  0.000e+00
     11.175   62.55944 -173.55008     11.284     7.4819     7.4810     7.4809    31.1608    31.1698  1024.3838    24.3320    292.956    277.711  298.54082     98.129     0.2357     1.0659     0.6839 7.2775e+00      26957         16  0.000e+00
     11.090   62.55944 -173.55008     11.198     7.4825     7.4789     7.4815    31.1608    31.1695  1024.3833    24.3319    292.942    277.730  298.53639     98.126     0.2369     1.0732     0.6851 7.2775e+00      26958         16  0.000e+00
     11.121   62.55944 -173.55008     11.229     7.4824     7.4763     7.4814    31.1608    31.1680  1024.3835    24.3320    292.963    277.586  298.53730     98.133     0.2357     1.0659     0.6851 7.2775e+00      26959         16  0.000e+00
     11.059   62.55944 -173.55008     11.167     7.4816     7.4732     7.4806    31.1601    31.1668  1024.3828    24.3315    292.987    277.769  298.54432     98.139     0.2381     1.0806     0.6851 7.2983e+00      26960         16  0.000e+00
     11.121   62.55944 -173.55008     11.229     7.4784     7.4712     7.4773    31.1604    31.1676  1024.3838    24.3322    293.005    277.789  298.56563     98.138     0.2418     1.1025     0.6839 7.2983e+00      26961         16  0.000e+00
     11.121   62.55944 -173.55008     11.229     7.4766     7.4715     7.4756    31.1609    31.1682  1024.3844    24.3328    293.035    277.790  298.57649     98.144     0.2454     1.1245     0.6839 7.2983e+00      26962         16  0.000e+00
     11.121   62.55944 -173.55008     11.229     7.4758     7.4730     7.4747    31.1597    31.1694  1024.3835    24.3320    293.036    277.782  298.58486     98.142     0.2442     1.1172     0.6839 7.2983e+00      26963         16  0.000e+00
     11.090   62.55944 -173.55008     11.198     7.4734     7.4751     7.4724    31.1582    31.1696  1024.3825    24.3311    293.046    277.769  298.60447     98.138     0.2454     1.1245     0.6851 7.3192e+00      26964         16  0.000e+00
     11.059   62.55944 -173.55008     11.167     7.4712     7.4755     7.4702    31.1579    31.1692  1024.3825    24.3312    293.077    277.769  298.61966     98.144     0.2442     1.1172     0.6851 7.3192e+00      26965         16  0.000e+00
     11.059   62.55944 -173.55008     11.167     7.4698     7.4752     7.4688    31.1581    31.1682  1024.3828    24.3316    293.103    277.775  298.62867     98.150     0.2442     1.1172     0.6839 7.3192e+00      26966         16  0.000e+00
     11.005   62.55944 -173.55008     11.113     7.4702     7.4733     7.4692    31.1582    31.1664  1024.3826    24.3316    293.114    277.962  298.62604     98.154     0.2442     1.1172     0.6851 7.3192e+00      26967         16  0.000e+00
     11.059   62.55944 -173.55008     11.167     7.4702     7.4706     7.4692    31.1601    31.1655  1024.3843    24.3330    293.127    278.001  298.62175     98.160     0.2442     1.1172     0.6851 7.3192e+00      26968         16  0.000e+00
     11.059   62.55944 -173.55008     11.167     7.4710     7.4685     7.4700    31.1624    31.1652  1024.3860    24.3347    293.080    277.860  298.61160     98.148     0.2454     1.1245     0.6851 7.3401e+00      26969         16  0.000e+00
     11.029   62.55944 -173.55008     11.136     7.4730     7.4671     7.4720    31.1628    31.1655  1024.3859    24.3348    293.077    278.037  298.59708     98.151     0.2442     1.1172     0.6851 7.3611e+00      26970         16  0.000e+00
     11.059   62.55944 -173.55008     11.167     7.4748     7.4662     7.4738    31.1618    31.1659  1024.3851    24.3338    293.054    278.073  298.58665     98.147     0.2454     1.1245     0.6851 7.3611e+00      26971         16  0.000e+00
     11.005   62.55944 -173.55008     11.113     7.4755     7.4659     7.4745    31.1609    31.1665  1024.3840    24.3330    292.846    278.084  298.58426     98.078     0.2442     1.1172     0.6863 7.3611e+00      26972         16  0.000e+00
     11.006   62.55944 -173.55008     11.113     7.4749     7.4666     7.4739    31.1607    31.1671  1024.3839    24.3329    293.001    277.919  298.58853     98.129     0.2454     1.1245     0.6863 7.3822e+00      26973         16  0.000e+00
     11.006   62.55944 -173.55008     11.113     7.4737     7.4685     7.4727    31.1616    31.1678  1024.3847    24.3337    292.993    278.069  298.59473     98.124     0.2442     1.1172     0.6863 7.3822e+00      26974         16  0.000e+00
     10.944   62.55944 -173.55008     11.051     7.4727     7.4696     7.4717    31.1623    31.1682  1024.3851    24.3344    292.981    278.067  298.59998     98.118     0.2454     1.1245     0.6875 7.4033e+00      26975         16  0.000e+00
     10.975   62.55944 -173.55008     11.082     7.4727     7.4690     7.4717    31.1614    31.1676  1024.3846    24.3337    292.967    278.098  298.60218     98.113     0.2442     1.1172     0.6875 7.4033e+00      26976         16  0.000e+00
     10.944   62.55944 -173.55008     11.051     7.4727     7.4675     7.4717    31.1607    31.1673  1024.3839    24.3332    292.949    278.132  298.60336     98.106     0.2442     1.1172     0.6875 7.4245e+00      26977         16  0.000e+00
     10.944   62.55944 -173.55008     11.051     7.4726     7.4664     7.4716    31.1584    31.1670  1024.3822    24.3314    292.936    278.146  298.60932     98.100     0.2442     1.1172     0.6875 7.4245e+00      26978         16  0.000e+00
     10.944   62.55944 -173.55008     11.051     7.4702     7.4650     7.4692    31.1584    31.1660  1024.3824    24.3317    292.960    278.163  298.62542     98.103     0.2442     1.1172     0.6875 7.4457e+00      26979         16  0.000e+00
     10.944   62.55944 -173.55008     11.051     7.4698     7.4640     7.4688    31.1585    31.1653  1024.3826    24.3318    292.942    278.174  298.62791     98.096     0.2442     1.1172     0.6875 7.4457e+00      26980         16  0.000e+00
     10.890   62.55944 -173.55008     10.996     7.4696     7.4627     7.4686    31.1606    31.1651  1024.3840    24.3335    292.917    278.184  298.62496     98.088     0.2454     1.1245     0.6875 7.4670e+00      26981         16  0.000e+00
     10.921   62.55944 -173.55008     11.027     7.4711     7.4621     7.4701    31.1619    31.1652  1024.3849    24.3343    292.881    278.190  298.61171     98.081     0.2442     1.1172     0.6863 7.5098e+00      26982         16  0.000e+00
     10.890   62.55944 -173.55008     10.996     7.4740     7.4616     7.4730    31.1620    31.1649  1024.3845    24.3340    292.862    278.192  298.59171     98.081     0.2454     1.1245     0.6875 7.5098e+00      26983         16  0.000e+00
     10.836   62.55944 -173.55008     10.942     7.4754     7.4613     7.4744    31.1615    31.1648  1024.3837    24.3334    292.854    278.378  298.58337     98.081     0.2454     1.1245     0.6863 7.5098e+00      26984         16  0.000e+00
     10.890   62.55944 -173.55008     10.996     7.4750     7.4613     7.4740    31.1598    31.1645  1024.3826    24.3322    292.677    278.411  298.59011     98.020     0.2442     1.1172     0.6875 7.5528e+00      26985         16  0.000e+00
     10.836   62.55944 -173.55008     10.942     7.4725     7.4611     7.4715    31.1582    31.1648  1024.3815    24.3313    292.838    278.438  298.61010     98.067     0.2442     1.1172     0.6875 7.5528e+00      26986         16  0.000e+00
     10.836   62.55944 -173.55008     10.942     7.4710     7.4616     7.4700    31.1572    31.1645  1024.3809    24.3307    292.639    278.463  298.62290     97.996     0.2405     1.0952     0.6863 7.5528e+00      26987         16  0.000e+00
     10.859   62.55944 -173.55008     10.965     7.4695     7.4619     7.4685    31.1568    31.1648  1024.3809    24.3305    292.630    278.316  298.63363     97.990     0.2418     1.1025     0.6875 7.5744e+00      26988         16  0.000e+00
     10.774   62.55944 -173.55008     10.879     7.4683     7.4621     7.4673    31.1568    31.1647  1024.3807    24.3307    292.803    278.492  298.64216     98.045     0.2405     1.0952     0.6875 7.5960e+00      26989         16  0.000e+00
     10.836   62.55944 -173.55008     10.942     7.4671     7.4616     7.4661    31.1565    31.1646  1024.3809    24.3306    292.819    278.504  298.65092     98.047     0.2418     1.1025     0.6875 7.6178e+00      26990         16  0.000e+00
     10.775   62.55944 -173.55008     10.880     7.4661     7.4613     7.4651    31.1566    31.1645  1024.3808    24.3309    292.639    278.509  298.65714     97.985     0.2405     1.0952     0.6875 7.6178e+00      26991         16  0.000e+00
     10.633   62.55946 -173.55008     10.737     7.4579     7.4635     7.4569    31.1564    31.1645  1024.3811    24.3318    292.966    277.705  298.71370     98.076     0.2320     1.0439     0.6826 7.6614e+00      27200         17  0.000e+00
     10.726   62.55946 -173.55008     10.830     7.4581     7.4637     7.4571    31.1567    31.1647  1024.3817    24.3320    292.993    277.573  298.71162     98.085     0.2320     1.0439     0.6826 7.6614e+00      27201         17  0.000e+00
     10.664   62.55946 -173.55008     10.768     7.4584     7.4640     7.4574    31.1564    31.1648  1024.3812    24.3318    292.824    277.590  298.71011     98.030     0.2320     1.0439     0.6826 7.6395e+00      27202         17  0.000e+00
     10.664   62.55946 -173.55008     10.768     7.4584     7.4638     7.4574    31.1563    31.1648  1024.3811    24.3316    292.824    277.613  298.71051     98.029     0.2320     1.0439     0.6826 7.6395e+00      27203         17  0.000e+00
     10.664   62.55946 -173.55008     10.768     7.4582     7.4635     7.4573    31.1567    31.1645  1024.3814    24.3320    293.011    277.809  298.71059     98.092     0.2308     1.0366     0.6826 7.6395e+00      27204         17  0.000e+00
     10.664   62.55946 -173.55008     10.768     7.4582     7.4638     7.4573    31.1566    31.1643  1024.3813    24.3319    293.035    277.847  298.71083     98.100     0.2320     1.0439     0.6826 7.6178e+00      27205         17  0.000e+00
