EcoFOCI/data/1_SampleCollection/2023_SikuliaqDBO_CruiseData/CTD_raw_BottleFile_SKQ23-12S/proc/skq202312s_012.ros
* Sea-Bird SBE 9 Data File:
* FileName = D:\CTD\SKQ202312S\SKQ202312S_012.hex
* Software Version Seasave V 7.26.7.121
* Temperature SN = 6177
* Conductivity SN = 0369
* Number of Bytes Per Scan = 41
* Number of Voltage Words = 4
* Number of Scans Averaged by the Deck Unit = 1
* NMEA Latitude = 64 40.32 N
* NMEA Longitude = 170 38.51 W
* NMEA UTC (Time) = Sep 17 2023  03:44:23
* NMEA baud rate = 4800
** Ship: R/V Sikuliaq
** Station Number: 012
** Station Name: DBO2.0
** Bottom Depth: 48
** Operator: SD
# nquan = 22
# nvalues = 931                                   
# units = specified
# name 0 = depSM: Depth [salt water, m]
# name 1 = latitude: Latitude [deg]
# name 2 = longitude: Longitude [deg]
# name 3 = prDM: Pressure, Digiquartz [db]
# name 4 = t090C: Temperature [ITS-90, deg C]
# name 5 = t190C: Temperature, 2 [ITS-90, deg C]
# name 6 = potemp090C: Potential Temperature [ITS-90, deg C]
# name 7 = sal00: Salinity, Practical [PSU]
# name 8 = sal11: Salinity, Practical, 2 [PSU]
# name 9 = density00: Density [density, kg/m^3]
# name 10 = sigma-é00: Density [sigma-theta, kg/m^3]
# name 11 = sbox0Mm/Kg: Oxygen, SBE 43 [umol/kg]
# name 12 = sbox1Mm/Kg: Oxygen, SBE 43, 2 [umol/kg]
# name 13 = oxsolMm/Kg: Oxygen Saturation, Garcia & Gordon [umol/kg]
# name 14 = sbeox0PS: Oxygen, SBE 43 [% saturation]
# name 15 = v0: Voltage 0
# name 16 = flECO-AFL: Fluorescence, WET Labs ECO-AFL/FL [mg/m^3]
# name 17 = CStarAt0: Beam Attenuation, WET Labs C-Star [1/m]
# name 18 = par: PAR/Irradiance, Biospherical/Licor
# name 19 = scan: Scan Count
# name 20 = nbf: Bottles Fired
# name 21 = flag:  0.000e+00
# interval = seconds: 0.0416667
# start_time = Sep 17 2023 03:45:41 [NMEA time, first data scan]
# bad_flag = -9.990e-29
*END*
[from data line 527]
     20.611   64.67110 -170.64046     20.816     3.2251     3.2260     3.2239    33.0137    33.0233  1026.3773    26.2798    228.383    217.387  325.64109     70.133     0.1661     0.6483     0.7949 3.0634e+00      14999         11  0.000e+00
     20.611   64.67110 -170.64046     20.816     3.2252     3.2260     3.2240    33.0134    33.0231  1026.3771    26.2795    228.389    217.402  325.64100     70.135     0.1661     0.6483     0.7949 3.0634e+00      15000         11  0.000e+00
     20.627   64.67110 -170.64046     20.832     3.2251     3.2260     3.2239    33.0138    33.0230  1026.3775    26.2799    228.395    217.419  325.64071     70.137     0.1661     0.6483     0.7949 3.0545e+00      15001         11  0.000e+00
     20.611   64.67110 -170.64046     20.816     3.2253     3.2260     3.2241    33.0138    33.0235  1026.3774    26.2799    228.399    217.436  325.63952     70.139     0.1661     0.6483     0.7949 3.0545e+00      15002         11  0.000e+00
     20.627   64.67110 -170.64044     20.832     3.2254     3.2261     3.2242    33.0134    33.0233  1026.3772    26.2796    228.405    217.457  325.63916     70.141     0.1648     0.6410     0.7949 3.0545e+00      15003         11  0.000e+00
     20.611   64.67110 -170.64044     20.816     3.2252     3.2261     3.2240    33.0136    33.0232  1026.3772    26.2797    228.411    217.478  325.64041     70.142     0.1661     0.6483     0.7949 3.0724e+00      15004         11  0.000e+00
     20.611   64.67110 -170.64044     20.816     3.2251     3.2260     3.2239    33.0137    33.0235  1026.3773    26.2798    228.417    217.503  325.64099     70.144     0.1648     0.6410     0.7949 3.0634e+00      15005         11  0.000e+00
     20.627   64.67110 -170.64044     20.832     3.2254     3.2261     3.2242    33.0134    33.0235  1026.3771    26.2795    228.422    217.505  325.63926     70.146     0.1661     0.6483     0.7949 3.0634e+00      15006         11  0.000e+00
     20.612   64.67110 -170.64044     20.816     3.2253     3.2260     3.2241    33.0139    33.0232  1026.3775    26.2800    228.427    217.510  325.63922     70.147     0.1624     0.6264     0.7949 3.0724e+00      15007         11  0.000e+00
     20.627   64.67110 -170.64044     20.832     3.2253     3.2261     3.2241    33.0141    33.0231  1026.3777    26.2801    228.327    217.514  325.63884     70.117     0.1551     0.5824     0.7949 3.0724e+00      15008         11  0.000e+00
     20.612   64.67110 -170.64044     20.816     3.2252     3.2256     3.2240    33.0135    33.0239  1026.3772    26.2797    228.114    217.713  325.64061     70.051     0.1514     0.5604     0.7949 3.0724e+00      15009         11  0.000e+00
     20.627   64.67110 -170.64044     20.832     3.2254     3.2258     3.2242    33.0133    33.0233  1026.3771    26.2795    228.297    217.549  325.63946     70.107     0.1526     0.5678     0.7949 3.0724e+00      15010         11  0.000e+00
     20.290   64.67110 -170.64042     20.492     3.2240     3.2252     3.2228    33.0133    33.0233  1026.3756    26.2796    228.296    217.263  325.65099     70.105     0.1661     0.6483     0.7999 3.1726e+00      15135         12  0.000e+00
     20.329   64.67110 -170.64042     20.531     3.2237     3.2250     3.2225    33.0138    33.0235  1026.3762    26.2800    228.297    217.281  325.65229     70.105     0.1697     0.6703     0.7999 3.1633e+00      15136         12  0.000e+00
     20.229   64.67110 -170.64042     20.429     3.2240     3.2249     3.2227    33.0136    33.0237  1026.3756    26.2799    228.291    217.298  325.65060     70.103     0.1722     0.6850     0.7999 3.1633e+00      15137         12  0.000e+00
     20.329   64.67110 -170.64042     20.531     3.2238     3.2250     3.2226    33.0133    33.0235  1026.3758    26.2796    228.294    217.299  325.65231     70.104     0.1709     0.6776     0.7999 3.1633e+00      15138         12  0.000e+00
     20.329   64.67110 -170.64042     20.531     3.2240     3.2250     3.2228    33.0132    33.0235  1026.3757    26.2795    228.327    217.300  325.65124     70.114     0.1709     0.6776     0.7986 3.1633e+00      15139         12  0.000e+00
     20.290   64.67110 -170.64042     20.492     3.2238     3.2249     3.2226    33.0135    33.0234  1026.3757    26.2797    228.327    217.303  325.65186     70.114     0.1697     0.6703     0.7961 3.1541e+00      15140         12  0.000e+00
     20.329   64.67110 -170.64042     20.531     3.2237     3.2250     3.2225    33.0135    33.0233  1026.3760    26.2798    228.329    217.308  325.65299     70.114     0.1709     0.6776     0.7961 3.1633e+00      15141         12  0.000e+00
     20.290   64.67110 -170.64042     20.492     3.2240     3.2250     3.2227    33.0135    33.0235  1026.3758    26.2798    228.326    217.336  325.65088     70.114     0.1709     0.6776     0.7961 3.1541e+00      15142         12  0.000e+00
     20.329   64.67110 -170.64042     20.531     3.2238     3.2250     3.2226    33.0135    33.0233  1026.3759    26.2797    228.328    217.370  325.65181     70.114     0.1709     0.6776     0.7961 3.1633e+00      15143         12  0.000e+00
     20.344   64.67110 -170.64042     20.546     3.2240     3.2250     3.2228    33.0133    33.0231  1026.3758    26.2796    228.328    217.383  325.65106     70.114     0.1709     0.6776     0.7961 3.1633e+00      15144         12  0.000e+00
     20.267   64.67110 -170.64042     20.468     3.2242     3.2250     3.2230    33.0133    33.0234  1026.3755    26.2796    228.324    217.394  325.64958     70.113     0.1709     0.6776     0.7961 3.1633e+00      15145         12  0.000e+00
     20.329   64.67110 -170.64042     20.531     3.2240     3.2250     3.2228    33.0135    33.0235  1026.3760    26.2798    228.327    217.411  325.65044     70.114     0.1722     0.6850     0.7961 3.1633e+00      15146         12  0.000e+00
     20.290   64.67110 -170.64042     20.492     3.2238     3.2250     3.2226    33.0135    33.0235  1026.3758    26.2798    228.112    217.620  325.65176     70.048     0.1709     0.6776     0.7961 3.1633e+00      15147         12  0.000e+00
     20.329   64.67110 -170.64042     20.531     3.2240     3.2250     3.2228    33.0130    33.0233  1026.3756    26.2794    228.080    217.662  325.65163     70.038     0.1722     0.6850     0.7961 3.1541e+00      15148         12  0.000e+00
     20.344   64.67110 -170.64042     20.546     3.2240     3.2249     3.2228    33.0132    33.0233  1026.3758    26.2795    228.264    217.705  325.65126     70.095     0.1709     0.6776     0.7961 3.1541e+00      15149         12  0.000e+00
     20.267   64.67110 -170.64042     20.469     3.2238     3.2249     3.2226    33.0138    33.0233  1026.3759    26.2800    228.049    217.745  325.65093     70.029     0.1722     0.6850     0.7961 3.1541e+00      15150         12  0.000e+00
     20.383   64.67110 -170.64042     20.585     3.2240     3.2250     3.2227    33.0138    33.0231  1026.3765    26.2800    228.237    217.791  325.65011     70.087     0.1709     0.6776     0.7961 3.1541e+00      15151         12  0.000e+00
     20.291   64.67110 -170.64042     20.492     3.2238     3.2249     3.2226    33.0136    33.0235  1026.3758    26.2798    228.240    217.641  325.65156     70.087     0.1722     0.6850     0.7961 3.1633e+00      15152         12  0.000e+00
     20.329   64.67110 -170.64042     20.531     3.2242     3.2249     3.2229    33.0135    33.0236  1026.3759    26.2797    228.029    217.642  325.64916     70.023     0.1709     0.6776     0.7961 3.1633e+00      15153         12  0.000e+00
     20.291   64.67110 -170.64042     20.492     3.2240     3.2250     3.2228    33.0138    33.0235  1026.3760    26.2800    228.214    217.835  325.64969     70.080     0.1722     0.6850     0.7961 3.1726e+00      15154         12  0.000e+00
     20.329   64.67110 -170.64042     20.531     3.2240     3.2249     3.2228    33.0136    33.0236  1026.3760    26.2798    228.007    217.861  325.65024     70.016     0.1709     0.6776     0.7961 3.1818e+00      15155         12  0.000e+00
     20.329   64.67110 -170.64042     20.531     3.2241     3.2249     3.2229    33.0132    33.0236  1026.3757    26.2795    227.980    217.885  325.65035     70.007     0.1709     0.6776     0.7961 3.1818e+00      15156         12  0.000e+00
     20.291   64.67110 -170.64042     20.492     3.2238     3.2250     3.2226    33.0137    33.0235  1026.3759    26.2799    227.954    217.907  325.65136     69.999     0.1709     0.6776     0.7961 3.1818e+00      15157         12  0.000e+00
     20.329   64.67110 -170.64042     20.531     3.2240     3.2252     3.2228    33.0133    33.0233  1026.3758    26.2796    227.930    217.931  325.65104     69.992     0.1722     0.6850     0.7961 3.1726e+00      15158         12  0.000e+00
     20.291   64.67110 -170.64042     20.492     3.2238     3.2250     3.2226    33.0141    33.0235  1026.3762    26.2802    227.906    217.955  325.65037     69.985     0.1709     0.6776     0.7986 3.1818e+00      15159         12  0.000e+00
     20.329   64.67110 -170.64042     20.531     3.2238     3.2252     3.2226    33.0138    33.0233  1026.3762    26.2800    228.101    217.979  325.65092     70.045     0.1709     0.6776     0.8024 3.1818e+00      15160         12  0.000e+00
     20.268   64.67110 -170.64042     20.469     3.2240     3.2252     3.2228    33.0136    33.0235  1026.3757    26.2798    228.111    218.001  325.65026     70.048     0.1685     0.6630     0.8037 3.1818e+00      15161         12  0.000e+00
     20.345   64.67110 -170.64042     20.547     3.2242     3.2253     3.2229    33.0133    33.0232  1026.3759    26.2796    227.911    217.834  325.64958     69.987     0.1673     0.6557     0.8037 3.1726e+00      15162         12  0.000e+00
     20.268   64.67110 -170.64042     20.469     3.2240     3.2253     3.2228    33.0140    33.0234  1026.3760    26.2801    227.889    218.027  325.64926     69.980     0.1685     0.6630     0.8037 3.1818e+00      15163         12  0.000e+00
     20.291   64.67110 -170.64042     20.492     3.2242     3.2255     3.2230    33.0135    33.0231  1026.3758    26.2798    227.871    218.052  325.64911     69.974     0.1673     0.6557     0.8024 3.1911e+00      15164         12  0.000e+00
     20.268   64.67110 -170.64042     20.469     3.2240     3.2252     3.2227    33.0134    33.0235  1026.3756    26.2797    227.855    218.078  325.65115     69.969     0.1685     0.6630     0.8024 3.1911e+00      15165         12  0.000e+00
     20.268   64.67110 -170.64042     20.469     3.2240     3.2252     3.2228    33.0137    33.0234  1026.3758    26.2799    227.838    217.910  325.64996     69.964     0.1685     0.6630     0.8037 3.1911e+00      15166         12  0.000e+00
     20.291   64.67110 -170.64042     20.492     3.2242     3.2252     3.2230    33.0135    33.0233  1026.3757    26.2797    228.039    218.107  325.64931     70.026     0.1685     0.6630     0.8024 3.1911e+00      15167         12  0.000e+00
     20.330   64.67110 -170.64042     20.531     3.2242     3.2253     3.2229    33.0133    33.0234  1026.3758    26.2796    228.060    218.110  325.64956     70.032     0.1673     0.6557     0.8024 3.1911e+00      15168         12  0.000e+00
     20.291   64.67110 -170.64042     20.492     3.2243     3.2252     3.2231    33.0132    33.0234  1026.3755    26.2795    228.078    218.112  325.64854     70.038     0.1685     0.6630     0.8024 3.1911e+00      15169         12  0.000e+00
     20.268   64.67110 -170.64042     20.469     3.2241     3.2255     3.2229    33.0135    33.0230  1026.3756    26.2797    227.883    218.111  325.64967     69.978     0.1673     0.6557     0.8037 3.2005e+00      15170         12  0.000e+00
     20.268   64.67110 -170.64042     20.469     3.2242     3.2253     3.2230    33.0136    33.0232  1026.3757    26.2798    227.870    217.919  325.64898     69.974     0.1673     0.6557     0.8024 3.2098e+00      15171         12  0.000e+00
     20.229   64.67110 -170.64042     20.430     3.2243     3.2252     3.2231    33.0138    33.0236  1026.3757    26.2799    227.856    218.088  325.64726     69.970     0.1673     0.6557     0.8024 3.2098e+00      15172         12  0.000e+00
     20.268   64.67110 -170.64042     20.469     3.2242     3.2252     3.2230    33.0135    33.0231  1026.3757    26.2798    227.849    218.089  325.64908     69.968     0.1685     0.6630     0.8024 3.2098e+00      15173         12  0.000e+00
     20.291   64.67110 -170.64042     20.492     3.2241     3.2253     3.2229    33.0135    33.0228  1026.3757    26.2797    227.841    218.111  325.64970     69.965     0.1673     0.6557     0.8024 3.2192e+00      15174         12  0.000e+00
     20.268   64.67110 -170.64042     20.469     3.2243     3.2255     3.2231    33.0134    33.0232  1026.3756    26.2797    227.832    218.107  325.64811     69.963     0.1685     0.6630     0.8024 3.2192e+00      15175         12  0.000e+00
     20.268   64.67110 -170.64042     20.469     3.2242     3.2252     3.2230    33.0133    33.0232  1026.3754    26.2795    227.828    218.129  325.64978     69.961     0.1673     0.6557     0.8024 3.2192e+00      15176         12  0.000e+00
     20.229   64.67110 -170.64042     20.430     3.2243     3.2252     3.2231    33.0136    33.0233  1026.3755    26.2798    227.821    218.148  325.64766     69.959     0.1685     0.6630     0.8024 3.2192e+00      15177         12  0.000e+00
     20.268   64.67110 -170.64042     20.469     3.2242     3.2253     3.2230    33.0137    33.0232  1026.3758    26.2799    227.820    218.145  325.64858     69.959     0.1673     0.6557     0.8024 3.2192e+00      15178         12  0.000e+00
     20.291   64.67110 -170.64042     20.493     3.2241     3.2253     3.2229    33.0137    33.0234  1026.3759    26.2799    227.820    218.142  325.64911     69.959     0.1673     0.6557     0.8012 3.2192e+00      15179         12  0.000e+00
     20.268   64.67110 -170.64042     20.469     3.2242     3.2250     3.2230    33.0135    33.0238  1026.3756    26.2797    227.819    218.138  325.64928     69.958     0.1673     0.6557     0.7898 3.2192e+00      15180         12  0.000e+00
     20.268   64.67110 -170.64042     20.469     3.2240     3.2252     3.2228    33.0138    33.0237  1026.3759    26.2800    227.821    218.132  325.64976     69.959     0.1673     0.6557     0.7847 3.2192e+00      15181         12  0.000e+00
     20.230   64.67110 -170.64042     20.430     3.2242     3.2250     3.2230    33.0137    33.0236  1026.3756    26.2799    228.036    217.933  325.64863     70.025     0.1685     0.6630     0.7847 3.2192e+00      15182         12  0.000e+00
     20.268   64.67110 -170.64042     20.469     3.2242     3.2253     3.2230    33.0132    33.0234  1026.3754    26.2795    227.861    218.119  325.64988     69.971     0.1673     0.6557     0.7860 3.2286e+00      15183         12  0.000e+00
     10.264   64.67082 -170.64014     10.365     3.2266     3.2238     3.2260    33.0134    33.0236  1026.3279    26.2794    228.221    217.886  325.63032     70.086     0.1636     0.6337     0.7986 1.7072e+01      18716         13  0.000e+00
     10.264   64.67082 -170.64014     10.365     3.2266     3.2236     3.2260    33.0132    33.0237  1026.3278    26.2792    228.044    217.712  325.63081     70.031     0.1636     0.6337     0.7986 1.7121e+01      18717         13  0.000e+00
     10.210   64.67082 -170.64014     10.311     3.2263     3.2239     3.2257    33.0134    33.0233  1026.3278    26.2794    228.048    217.704  325.63230     70.032     0.1636     0.6337     0.8050 1.7169e+01      18718         13  0.000e+00
     10.210   64.67082 -170.64014     10.311     3.2266     3.2236     3.2260    33.0132    33.0234  1026.3275    26.2792    227.838    217.702  325.63074     69.968     0.1636     0.6337     0.8101 1.7218e+01      18719         13  0.000e+00
