EcoFOCI/data/1_SampleCollection/2023_SikuliaqDBO_CruiseData/CTD_raw_BottleFile_SKQ23-12S/proc/skq202312s_036svpavg.cnv
* Sea-Bird SBE 9 Data File:
* FileName = D:\CTD\SKQ202312S\SKQ202312S_036.hex
* Software Version Seasave V 7.26.7.121
* Temperature SN = 6177
* Conductivity SN = 0369
* Number of Bytes Per Scan = 41
* Number of Voltage Words = 4
* Number of Scans Averaged by the Deck Unit = 1
* NMEA Latitude = 72 27.93 N
* NMEA Longitude = 156 32.77 W
* NMEA UTC (Time) = Sep 22 2023  14:08:00
* NMEA baud rate = 4800
** Ship: R/V Sikuliaq
** Station Number: 036
** Station Name: CK9
** Bottom Depth: 990
** Operator: SD
# nquan = 7
# nvalues = 978                         
# units = specified
# name 0 = depSM: Depth [salt water, m]
# name 1 = latitude: Latitude [deg]
# name 2 = longitude: Longitude [deg]
# name 3 = t090C: Temperature [ITS-90, deg C]
# name 4 = sal00: Salinity, Practical [PSU]
# name 5 = svCM: Sound Velocity [Chen-Millero, m/s]
# name 6 = flag: flag
# span 0 =      4.000,    981.000       
# span 1 =   72.46518,   72.46554       
# span 2 = -156.54650, -156.54612       
# span 3 =    -1.6662,     3.5207       
# span 4 =    27.5795,    34.8588       
# span 5 =    1440.31,    1466.47       
# span 6 = 0.0000e+00, 0.0000e+00       
# interval = meters: 1                  
# start_time = Sep 22 2023 14:11:59 [NMEA time, first data scan]
# bad_flag = -9.990e-29
*END*
      4.000   72.46550 -156.54615     3.5207    27.5795    1455.10 0.0000e+00
      5.000   72.46548 -156.54619     3.5006    27.5843    1455.04 0.0000e+00
      6.000   72.46548 -156.54619     3.5083    27.5994    1455.11 0.0000e+00
      7.000   72.46548 -156.54620     3.5160    27.5935    1455.15 0.0000e+00
      8.000   72.46548 -156.54620     3.5017    27.6152    1455.13 0.0000e+00
      9.000   72.46548 -156.54620     3.4821    27.6390    1455.09 0.0000e+00
     10.000   72.46548 -156.54618     3.4841    27.6335    1455.11 0.0000e+00
     11.000   72.46548 -156.54618     3.4879    27.6268    1455.14 0.0000e+00
     12.000   72.46548 -156.54618     3.4613    27.6832    1455.11 0.0000e+00
     13.000   72.46548 -156.54618     3.3904    27.8376    1455.02 0.0000e+00
     14.000   72.46549 -156.54617     3.3031    27.9124    1454.76 0.0000e+00
     15.000   72.46550 -156.54616     2.3090    28.9381    1451.75 0.0000e+00
     16.000   72.46550 -156.54616     2.6337    29.5194    1453.96 0.0000e+00
     17.000   72.46550 -156.54616     1.6972    29.6282    1449.97 0.0000e+00
     18.000   72.46550 -156.54616     0.0308    29.8250    1442.65 0.0000e+00
     19.000   72.46550 -156.54616    -0.1692    30.0932    1442.10 0.0000e+00
     20.000   72.46550 -156.54614    -0.1703    30.3043    1442.39 0.0000e+00
     21.000   72.46550 -156.54614     0.0541    30.4504    1443.65 0.0000e+00
     22.000   72.46550 -156.54614     0.1493    30.5595    1444.25 0.0000e+00
     23.000   72.46550 -156.54614     0.2060    30.6253    1444.62 0.0000e+00
     24.000   72.46550 -156.54614    -0.1179    30.7080    1443.24 0.0000e+00
     25.000   72.46551 -156.54614    -0.3058    30.7729    1442.47 0.0000e+00
     26.000   72.46552 -156.54614     0.2111    30.8802    1445.03 0.0000e+00
     27.000   72.46552 -156.54614     0.0262    30.9186    1444.24 0.0000e+00
     28.000   72.46552 -156.54614     0.0712    30.9890    1444.56 0.0000e+00
     29.000   72.46552 -156.54614     0.3334    31.1238    1445.97 0.0000e+00
     30.000   72.46552 -156.54613     0.1889    31.2024    1445.42 0.0000e+00
     31.000   72.46552 -156.54613     0.1218    31.3340    1445.31 0.0000e+00
     32.000   72.46552 -156.54614     0.1897    31.3574    1445.67 0.0000e+00
     33.000   72.46552 -156.54612     0.1692    31.3621    1445.59 0.0000e+00
     34.000   72.46552 -156.54612     0.0788    31.4056    1445.25 0.0000e+00
     35.000   72.46552 -156.54612    -0.0774    31.5207    1444.70 0.0000e+00
     36.000   72.46552 -156.54612    -0.1737    31.5721    1444.34 0.0000e+00
     37.000   72.46552 -156.54612    -0.3647    31.6040    1443.50 0.0000e+00
     38.000   72.46552 -156.54612    -0.4514    31.6359    1443.16 0.0000e+00
     39.000   72.46552 -156.54612    -0.4638    31.6884    1443.19 0.0000e+00
     40.000   72.46553 -156.54612    -0.4218    31.7286    1443.45 0.0000e+00
     41.000   72.46554 -156.54612    -0.5660    31.7573    1442.83 0.0000e+00
     42.000   72.46554 -156.54612    -0.5638    31.7915    1442.90 0.0000e+00
     43.000   72.46554 -156.54613    -0.6682    31.8310    1442.48 0.0000e+00
     44.000   72.46554 -156.54613    -0.6042    31.8508    1442.83 0.0000e+00
     45.000   72.46554 -156.54614    -0.8421    31.8712    1441.75 0.0000e+00
     46.000   72.46554 -156.54614    -0.8246    31.9206    1441.92 0.0000e+00
     47.000   72.46554 -156.54614    -0.7348    31.9605    1442.41 0.0000e+00
     48.000   72.46554 -156.54614    -0.7502    31.9852    1442.39 0.0000e+00
     49.000   72.46554 -156.54614    -0.7718    31.9945    1442.31 0.0000e+00
     50.000   72.46554 -156.54614    -0.8296    32.0183    1442.09 0.0000e+00
     51.000   72.46554 -156.54614    -0.8599    32.0417    1441.99 0.0000e+00
     52.000   72.46554 -156.54614    -0.9675    32.0640    1441.53 0.0000e+00
     53.000   72.46554 -156.54614    -1.0220    32.0901    1441.33 0.0000e+00
     54.000   72.46554 -156.54614    -1.0220    32.1011    1441.36 0.0000e+00
     55.000   72.46554 -156.54614    -1.0183    32.0998    1441.39 0.0000e+00
     56.000   72.46554 -156.54614    -1.0233    32.1017    1441.38 0.0000e+00
     57.000   72.46554 -156.54614    -1.0554    32.1208    1441.27 0.0000e+00
     58.000   72.46554 -156.54614    -1.1093    32.1483    1441.07 0.0000e+00
     59.000   72.46554 -156.54614    -1.1302    32.1617    1441.01 0.0000e+00
     60.000   72.46554 -156.54614    -1.1291    32.1730    1441.04 0.0000e+00
     61.000   72.46554 -156.54614    -1.1381    32.1868    1441.03 0.0000e+00
     62.000   72.46554 -156.54614    -1.1576    32.2077    1440.99 0.0000e+00
     63.000   72.46554 -156.54614    -1.1836    32.2274    1440.91 0.0000e+00
     64.000   72.46554 -156.54614    -1.1993    32.2464    1440.88 0.0000e+00
     65.000   72.46554 -156.54614    -1.2059    32.2573    1440.87 0.0000e+00
     66.000   72.46554 -156.54612    -1.2116    32.2681    1440.88 0.0000e+00
     67.000   72.46554 -156.54612    -1.2086    32.2711    1440.91 0.0000e+00
     68.000   72.46552 -156.54612    -1.2432    32.3043    1440.81 0.0000e+00
     69.000   72.46552 -156.54612    -1.2880    32.3302    1440.64 0.0000e+00
     70.000   72.46552 -156.54612    -1.2840    32.3269    1440.68 0.0000e+00
     71.000   72.46552 -156.54612    -1.2910    32.3443    1440.68 0.0000e+00
     72.000   72.46552 -156.54612    -1.2576    32.3558    1440.87 0.0000e+00
     73.000   72.46552 -156.54612    -1.2745    32.3603    1440.82 0.0000e+00
     74.000   72.46552 -156.54612    -1.2776    32.3803    1440.85 0.0000e+00
     75.000   72.46552 -156.54612    -1.2830    32.3922    1440.85 0.0000e+00
     76.000   72.46552 -156.54612    -1.3075    32.3970    1440.76 0.0000e+00
     77.000   72.46552 -156.54612    -1.3456    32.4085    1440.61 0.0000e+00
     78.000   72.46550 -156.54612    -1.3602    32.4250    1440.58 0.0000e+00
     79.000   72.46550 -156.54612    -1.3577    32.4376    1440.62 0.0000e+00
     80.000   72.46550 -156.54612    -1.3694    32.4512    1440.60 0.0000e+00
     81.000   72.46550 -156.54612    -1.3737    32.4578    1440.61 0.0000e+00
     82.000   72.46550 -156.54612    -1.3837    32.4684    1440.59 0.0000e+00
     83.000   72.46550 -156.54612    -1.3826    32.4725    1440.62 0.0000e+00
     84.000   72.46550 -156.54614    -1.3956    32.4894    1440.59 0.0000e+00
     85.000   72.46550 -156.54614    -1.4011    32.4988    1440.59 0.0000e+00
     86.000   72.46550 -156.54614    -1.4106    32.5126    1440.59 0.0000e+00
     87.000   72.46549 -156.54614    -1.4146    32.5267    1440.60 0.0000e+00
     88.000   72.46548 -156.54614    -1.4218    32.5361    1440.60 0.0000e+00
     89.000   72.46548 -156.54615    -1.4333    32.5406    1440.56 0.0000e+00
     90.000   72.46548 -156.54616    -1.4473    32.5475    1440.52 0.0000e+00
     91.000   72.46548 -156.54616    -1.4381    32.5590    1440.60 0.0000e+00
     92.000   72.46548 -156.54616    -1.4662    32.5649    1440.49 0.0000e+00
     93.000   72.46548 -156.54616    -1.4903    32.5771    1440.41 0.0000e+00
     94.000   72.46548 -156.54616    -1.5198    32.6017    1440.31 0.0000e+00
     95.000   72.46548 -156.54616    -1.5236    32.6073    1440.32 0.0000e+00
     96.000   72.46548 -156.54616    -1.5325    32.6237    1440.32 0.0000e+00
     97.000   72.46548 -156.54616    -1.5296    32.6373    1440.37 0.0000e+00
     98.000   72.46546 -156.54616    -1.5320    32.6504    1440.39 0.0000e+00
     99.000   72.46546 -156.54616    -1.5312    32.6689    1440.43 0.0000e+00
    100.000   72.46546 -156.54616    -1.5304    32.6819    1440.47 0.0000e+00
    101.000   72.46546 -156.54616    -1.5336    32.6941    1440.49 0.0000e+00
    102.000   72.46546 -156.54616    -1.5345    32.7068    1440.52 0.0000e+00
    103.000   72.46546 -156.54616    -1.5393    32.7081    1440.51 0.0000e+00
    104.000   72.46545 -156.54616    -1.5445    32.7170    1440.52 0.0000e+00
    105.000   72.46544 -156.54616    -1.5551    32.7311    1440.50 0.0000e+00
    106.000   72.46544 -156.54616    -1.5531    32.7365    1440.53 0.0000e+00
    107.000   72.46544 -156.54617    -1.5561    32.7434    1440.55 0.0000e+00
    108.000   72.46544 -156.54616    -1.5599    32.7522    1440.56 0.0000e+00
    109.000   72.46544 -156.54616    -1.5584    32.7583    1440.59 0.0000e+00
    110.000   72.46544 -156.54618    -1.5556    32.7645    1440.63 0.0000e+00
    111.000   72.46544 -156.54618    -1.5570    32.7773    1440.65 0.0000e+00
    112.000   72.46544 -156.54618    -1.5613    32.7904    1440.67 0.0000e+00
    113.000   72.46544 -156.54618    -1.5651    32.7993    1440.68 0.0000e+00
    114.000   72.46544 -156.54618    -1.5700    32.8084    1440.68 0.0000e+00
    115.000   72.46544 -156.54618    -1.5831    32.8229    1440.66 0.0000e+00
    116.000   72.46544 -156.54618    -1.5949    32.8371    1440.63 0.0000e+00
    117.000   72.46544 -156.54618    -1.5982    32.8506    1440.65 0.0000e+00
    118.000   72.46544 -156.54618    -1.5995    32.8651    1440.68 0.0000e+00
    119.000   72.46544 -156.54618    -1.5947    32.8825    1440.75 0.0000e+00
    120.000   72.46544 -156.54618    -1.6078    32.8901    1440.71 0.0000e+00
    121.000   72.46544 -156.54618    -1.6478    32.8990    1440.55 0.0000e+00
    122.000   72.46544 -156.54618    -1.6662    32.9066    1440.48 0.0000e+00
    123.000   72.46544 -156.54620    -1.6648    32.9132    1440.52 0.0000e+00
    124.000   72.46544 -156.54620    -1.6461    32.9293    1440.65 0.0000e+00
    125.000   72.46544 -156.54620    -1.6393    32.9377    1440.71 0.0000e+00
    126.000   72.46544 -156.54620    -1.6352    32.9418    1440.75 0.0000e+00
    127.000   72.46544 -156.54620    -1.6300    32.9444    1440.79 0.0000e+00
    128.000   72.46544 -156.54620    -1.6323    32.9539    1440.81 0.0000e+00
    129.000   72.46544 -156.54620    -1.6517    32.9647    1440.75 0.0000e+00
    130.000   72.46544 -156.54620    -1.6504    32.9696    1440.78 0.0000e+00
    131.000   72.46544 -156.54620    -1.6463    32.9730    1440.82 0.0000e+00
    132.000   72.46544 -156.54622    -1.6473    32.9811    1440.84 0.0000e+00
    133.000   72.46544 -156.54622    -1.6370    32.9958    1440.93 0.0000e+00
    134.000   72.46544 -156.54622    -1.6426    33.0051    1440.93 0.0000e+00
    135.000   72.46544 -156.54622    -1.6388    33.0100    1440.97 0.0000e+00
    136.000   72.46544 -156.54622    -1.6270    33.0231    1441.06 0.0000e+00
    137.000   72.46544 -156.54622    -1.6262    33.0405    1441.10 0.0000e+00
    138.000   72.46544 -156.54622    -1.6271    33.0477    1441.13 0.0000e+00
    139.000   72.46544 -156.54622    -1.6427    33.0536    1441.07 0.0000e+00
    140.000   72.46544 -156.54622    -1.6468    33.0562    1441.08 0.0000e+00
    141.000   72.46544 -156.54622    -1.6497    33.0606    1441.09 0.0000e+00
    142.000   72.46544 -156.54622    -1.6532    33.0699    1441.10 0.0000e+00
    143.000   72.46544 -156.54622    -1.6425    33.0801    1441.18 0.0000e+00
    144.000   72.46544 -156.54624    -1.6299    33.0909    1441.27 0.0000e+00
    145.000   72.46544 -156.54624    -1.6173    33.1019    1441.36 0.0000e+00
    146.000   72.46544 -156.54624    -1.5842    33.1313    1441.58 0.0000e+00
    147.000   72.46544 -156.54624    -1.5577    33.1447    1441.74 0.0000e+00
    148.000   72.46544 -156.54624    -1.5336    33.1613    1441.89 0.0000e+00
    149.000   72.46544 -156.54624    -1.4968    33.1797    1442.11 0.0000e+00
    150.000   72.46544 -156.54624    -1.4519    33.2070    1442.38 0.0000e+00
    151.000   72.46544 -156.54624    -1.4381    33.2431    1442.51 0.0000e+00
    152.000   72.46544 -156.54624    -1.4144    33.2691    1442.68 0.0000e+00
    153.000   72.46544 -156.54624    -1.3907    33.3056    1442.86 0.0000e+00
    154.000   72.46544 -156.54625    -1.3808    33.3208    1442.94 0.0000e+00
    155.000   72.46544 -156.54626    -1.3706    33.3424    1443.03 0.0000e+00
    156.000   72.46544 -156.54626    -1.3618    33.3532    1443.11 0.0000e+00
    157.000   72.46544 -156.54626    -1.3558    33.3660    1443.17 0.0000e+00
    158.000   72.46544 -156.54625    -1.3463    33.3750    1443.24 0.0000e+00
    159.000   72.46544 -156.54626    -1.3363    33.4065    1443.35 0.0000e+00
    160.000   72.46542 -156.54626    -1.3018    33.4540    1443.59 0.0000e+00
    161.000   72.46542 -156.54626    -1.2822    33.4878    1443.75 0.0000e+00
    162.000   72.46542 -156.54626    -1.2561    33.5184    1443.93 0.0000e+00
    163.000   72.46544 -156.54626    -1.2438    33.5368    1444.03 0.0000e+00
    164.000   72.46544 -156.54626    -1.2238    33.5607    1444.18 0.0000e+00
    165.000   72.46544 -156.54626    -1.2177    33.5846    1444.25 0.0000e+00
    166.000   72.46544 -156.54626    -1.2035    33.6390    1444.41 0.0000e+00
    167.000   72.46543 -156.54626    -1.1837    33.6718    1444.57 0.0000e+00
    168.000   72.46542 -156.54626    -1.1563    33.7005    1444.75 0.0000e+00
    169.000   72.46542 -156.54626    -1.1387    33.7173    1444.87 0.0000e+00
    170.000   72.46544 -156.54625    -1.1020    33.7472    1445.10 0.0000e+00
    171.000   72.46544 -156.54624    -1.0203    33.7770    1445.55 0.0000e+00
    172.000   72.46544 -156.54625    -0.9915    33.8209    1445.76 0.0000e+00
    173.000   72.46544 -156.54626    -0.9608    33.8606    1445.98 0.0000e+00
    174.000   72.46544 -156.54625    -0.9405    33.8797    1446.11 0.0000e+00
    175.000   72.46544 -156.54624    -0.9110    33.9206    1446.33 0.0000e+00
    176.000   72.46544 -156.54624    -0.8836    33.9455    1446.50 0.0000e+00
    177.000   72.46544 -156.54624    -0.8707    33.9676    1446.61 0.0000e+00
    178.000   72.46544 -156.54624    -0.8349    33.9976    1446.84 0.0000e+00
    179.000   72.46544 -156.54624    -0.8130    34.0137    1446.98 0.0000e+00
    180.000   72.46544 -156.54624    -0.8000    34.0333    1447.08 0.0000e+00
    181.000   72.46544 -156.54624    -0.7634    34.0626    1447.31 0.0000e+00
    182.000   72.46544 -156.54624    -0.7318    34.0903    1447.51 0.0000e+00
    183.000   72.46544 -156.54624    -0.7162    34.1036    1447.62 0.0000e+00
    184.000   72.46544 -156.54624    -0.6963    34.1191    1447.75 0.0000e+00
    185.000   72.46544 -156.54623    -0.6761    34.1302    1447.88 0.0000e+00
    186.000   72.46544 -156.54622    -0.6497    34.1506    1448.04 0.0000e+00
    187.000   72.46544 -156.54622    -0.6155    34.1724    1448.25 0.0000e+00
    188.000   72.46544 -156.54622    -0.5635    34.2143    1448.56 0.0000e+00
    189.000   72.46544 -156.54622    -0.5217    34.2303    1448.80 0.0000e+00
    190.000   72.46544 -156.54622    -0.5065    34.2392    1448.90 0.0000e+00
    191.000   72.46544 -156.54622    -0.4992    34.2434    1448.95 0.0000e+00
    192.000   72.46544 -156.54622    -0.4913    34.2480    1449.01 0.0000e+00
    193.000   72.46544 -156.54622    -0.4853    34.2531    1449.06 0.0000e+00
    194.000   72.46544 -156.54622    -0.4792    34.2578    1449.11 0.0000e+00
    195.000   72.46544 -156.54622    -0.4737    34.2627    1449.16 0.0000e+00
    196.000   72.46544 -156.54622    -0.4602    34.2729    1449.26 0.0000e+00
    197.000   72.46545 -156.54621    -0.4374    34.2888    1449.40 0.0000e+00
    198.000   72.46546 -156.54620    -0.4262    34.2902    1449.47 0.0000e+00
    199.000   72.46546 -156.54620    -0.4231    34.2986    1449.51 0.0000e+00
    200.000   72.46546 -156.54620    -0.3893    34.3232    1449.72 0.0000e+00
    201.000   72.46546 -156.54620    -0.3544    34.3406    1449.92 0.0000e+00
    202.000   72.46546 -156.54620    -0.3402    34.3500    1450.02 0.0000e+00
    203.000   72.46546 -156.54620    -0.3172    34.3638    1450.16 0.0000e+00
    204.000   72.46546 -156.54620    -0.3105    34.3664    1450.21 0.0000e+00
    205.000   72.46546 -156.54620    -0.3000    34.3740    1450.28 0.0000e+00
    206.000   72.46546 -156.54620    -0.2933    34.3783    1450.34 0.0000e+00
    207.000   72.46546 -156.54620    -0.2810    34.3885    1450.42 0.0000e+00
    208.000   72.46546 -156.54620    -0.2690    34.3953    1450.51 0.0000e+00
