EcoFOCI/data/1_SampleCollection/2023_SikuliaqDBO_CruiseData/CTD_raw_BottleFile_SKQ23-12S/proc/skq202312s_056.cnv
* Sea-Bird SBE 9 Data File:
* FileName = D:\CTD\SKQ202312S\SKQ202312S_056.hex
* Software Version Seasave V 7.26.7.121
* Temperature SN = 6177
* Conductivity SN = 0369
* Number of Bytes Per Scan = 41
* Number of Voltage Words = 4
* Number of Scans Averaged by the Deck Unit = 1
* NMEA Latitude = 71 11.69 N
* NMEA Longitude = 164 11.92 W
* NMEA UTC (Time) = Sep 27 2023  06:41:16
* NMEA baud rate = 4800
** Ship: R/V Sikuliaq
** Station Number: 056
** Station Name: IC6
** Bottom Depth: 44
** Operator: SD
# nquan = 24
# nvalues = 3968                                  
# units = specified
# name 0 = depSM: Depth [salt water, m]
# name 1 = latitude: Latitude [deg]
# name 2 = longitude: Longitude [deg]
# name 3 = prDM: Pressure, Digiquartz [db]
# name 4 = t090C: Temperature [ITS-90, deg C]
# name 5 = t190C: Temperature, 2 [ITS-90, deg C]
# name 6 = potemp090C: Potential Temperature [ITS-90, deg C]
# name 7 = sal00: Salinity, Practical [PSU]
# name 8 = sal11: Salinity, Practical, 2 [PSU]
# name 9 = density00: Density [density, kg/m^3]
# name 10 = sigma-é00: Density [sigma-theta, kg/m^3]
# name 11 = sbox0Mm/Kg: Oxygen, SBE 43 [umol/kg]
# name 12 = sbox1Mm/Kg: Oxygen, SBE 43, 2 [umol/kg]
# name 13 = oxsolMm/Kg: Oxygen Saturation, Garcia & Gordon [umol/kg]
# name 14 = sbeox0PS: Oxygen, SBE 43 [% saturation]
# name 15 = sbeox1PS: Oxygen, SBE 43, 2 [% saturation]
# name 16 = v0: Voltage 0
# name 17 = flECO-AFL: Fluorescence, WET Labs ECO-AFL/FL [mg/m^3]
# name 18 = v1: Voltage 1
# name 19 = CStarAt0: Beam Attenuation, WET Labs C-Star [1/m]
# name 20 = par: PAR/Irradiance, Biospherical/Licor
# name 21 = scan: Scan Count
# name 22 = timeM: Time, Elapsed [minutes]
# name 23 = flag:  0.000e+00
# span 0 =      2.089,     38.866                 
# span 1 =   71.19488,   71.19490                 
# span 2 = -164.19864, -164.19862                 
# span 3 =      2.111,     39.270                 
# span 4 =    -0.8832,     4.6042                 
# span 5 =    -0.8819,     4.6065                 
# span 6 =    -0.8842,     4.6027                 
# span 7 =    30.9011,    32.4079                 
# span 8 =    30.9257,    32.4242                 
# span 9 =  1024.5989,  1026.2079                 
# span 10 =    24.5714,    26.0466                
# span 11 =    289.674,    389.805                
# span 12 =    275.106,    354.333                
# span 13 =  319.08269,  363.57910                
# span 14 =     79.678,    108.587                
# span 15 =     75.682,     98.445                
# span 16 =     0.0891,     0.1758                
# span 17 =     0.1868,     0.7069                
# span 18 =     3.0513,     4.2198                
# span 19 =     0.4416,     1.7390                
# span 20 = 1.0000e-12, 2.3870e+00                
# span 21 =          1,       3968                
# span 22 =     0.0000,     2.7549                
# span 23 = 0.0000e+00, 0.0000e+00                
# interval = seconds: 0.0416667
# start_time = Sep 27 2023 06:45:52 [NMEA time, first data scan]
# bad_flag = -9.990e-29
*END*
[from data line 484]
      3.400   71.19488 -164.19864      3.435     3.4496     3.4507     3.4494    30.9161    30.9276  1024.6047    24.5886    318.201    303.730  329.03355     96.708     92.320     0.1245     0.3993     4.1697     0.4894 1.5172e-01        485     0.3361  0.000e+00
      3.346   71.19488 -164.19864      3.380     3.4499     3.4509     3.4497    30.9160    30.9274  1024.6044    24.5886    318.167    303.777  329.03148     96.698     92.335     0.1233     0.3919     4.1697     0.4894 1.5478e-01        486     0.3368  0.000e+00
      3.284   71.19488 -164.19864      3.318     3.4496     3.4514     3.4494    30.9166    30.9271  1024.6046    24.5890    318.205    303.820  329.03224     96.709     92.349     0.1245     0.3993     4.1685     0.4906 2.0592e-01        487     0.3375  0.000e+00
      3.400   71.19488 -164.19864      3.435     3.4496     3.4517     3.4494    30.9164    30.9271  1024.6050    24.5889    318.216    303.846  329.03278     96.713     92.357     0.1233     0.3919     4.1697     0.4894 2.3847e-01        488     0.3382  0.000e+00
      3.346   71.19488 -164.19864      3.380     3.4498     3.4514     3.4496    30.9158    30.9275  1024.6042    24.5884    318.220    304.083  329.03296     96.714     92.429     0.1245     0.3993     4.1685     0.4906 2.4251e-01        489     0.3389  0.000e+00
      3.346   71.19488 -164.19864      3.380     3.4494     3.4507     3.4493    30.9154    30.9273  1024.6039    24.5880    318.229    304.152  329.03662     96.715     92.448     0.1233     0.3919     4.1697     0.4894 2.3948e-01        490     0.3396  0.000e+00
      3.346   71.19488 -164.19864      3.380     3.4490     3.4500     3.4488    30.9160    30.9273  1024.6045    24.5886    318.238    304.195  329.03887     96.717     92.460     0.1245     0.3993     4.1697     0.4894 2.3647e-01        491     0.3403  0.000e+00
      3.400   71.19488 -164.19864      3.435     3.4488     3.4503     3.4486    30.9159    30.9271  1024.6046    24.5885    318.212    304.036  329.04053     96.709     92.412     0.1258     0.4066     4.1697     0.4894 2.3647e-01        492     0.3410  0.000e+00
      3.400   71.19488 -164.19864      3.435     3.4488     3.4507     3.4486    30.9155    30.9270  1024.6044    24.5882    318.217    304.041  329.04140     96.710     92.415     0.1233     0.3919     4.1697     0.4894 2.1330e-01        493     0.3417  0.000e+00
      3.400   71.19488 -164.19864      3.435     3.4483     3.4510     3.4481    30.9159    30.9270  1024.6047    24.5886    318.440    304.045  329.04423     96.777     92.416     0.1245     0.3993     4.1685     0.4906 1.9165e-01        494     0.3424  0.000e+00
      3.400   71.19488 -164.19864      3.435     3.4483     3.4506     3.4481    30.9159    30.9274  1024.6047    24.5886    318.442    304.052  329.04423     96.778     92.418     0.1233     0.3919     4.1661     0.4929 1.8818e-01        495     0.3431  0.000e+00
      3.400   71.19488 -164.19864      3.435     3.4485     3.4504     3.4483    30.9162    30.9274  1024.6049    24.5888    318.654    304.248  329.04235     96.843     92.477     0.1245     0.3993     4.1661     0.4929 2.4762e-01        496     0.3438  0.000e+00
      3.400   71.19488 -164.19864      3.435     3.4486     3.4503     3.4484    30.9158    30.9275  1024.6046    24.5885    318.251    304.268  329.04242     96.720     92.483     0.1245     0.3993     4.1661     0.4929 3.4518e-01        497     0.3444  0.000e+00
      3.461   71.19488 -164.19864      3.497     3.4483     3.4504     3.4481    30.9157    30.9271  1024.6048    24.5884    318.215    304.092  329.04489     96.709     92.429     0.1245     0.3993     4.1661     0.4929 3.7200e-01        498     0.3451  0.000e+00
      3.400   71.19488 -164.19864      3.435     3.4479     3.4506     3.4477    30.9155    30.9270  1024.6044    24.5883    318.175    304.080  329.04919     96.695     92.426     0.1233     0.3919     4.1661     0.4929 5.4048e-01        499     0.3458  0.000e+00
      3.461   71.19488 -164.19864      3.497     3.4477     3.4502     3.4475    30.9150    30.9273  1024.6043    24.5879    318.387    304.266  329.05173     96.759     92.482     0.1245     0.3993     4.1661     0.4929 1.1013e+00        500     0.3465  0.000e+00
      3.461   71.19488 -164.19864      3.497     3.4472     3.4497     3.4470    30.9145    30.9273  1024.6040    24.5876    318.417    304.254  329.05679     96.766     92.477     0.1245     0.3993     4.1661     0.4929 1.3584e+00        501     0.3472  0.000e+00
      3.461   71.19488 -164.19864      3.497     3.4464     3.4498     3.4462    30.9148    30.9272  1024.6043    24.5878    318.446    304.448  329.06261     96.774     92.536     0.1233     0.3919     4.1661     0.4929 9.5636e-01        502     0.3479  0.000e+00
      3.515   71.19488 -164.19864      3.552     3.4457     3.4494     3.4455    30.9148    30.9267  1024.6046    24.5879    318.476    304.475  329.06858     96.781     92.543     0.1245     0.3993     4.1661     0.4929 3.0528e-01        503     0.3486  0.000e+00
      3.461   71.19488 -164.19864      3.497     3.4450     3.4467     3.4448    30.9144    30.9273  1024.6041    24.5877    318.284    304.508  329.07477     96.721     92.548     0.1233     0.3919     4.1661     0.4929 1.8646e-01        504     0.3493  0.000e+00
      3.461   71.19488 -164.19864      3.497     3.4441     3.4453     3.4439    30.9144    30.9266  1024.6042    24.5877    318.278    304.532  329.08247     96.717     92.551     0.1245     0.3993     4.1661     0.4929 1.9960e-01        505     0.3500  0.000e+00
      3.515   71.19488 -164.19864      3.552     3.4433     3.4442     3.4431    30.9143    30.9272  1024.6044    24.5878    318.490    304.570  329.08913     96.779     92.561     0.1233     0.3919     4.1661     0.4929 2.7540e-01        506     0.3507  0.000e+00
      3.515   71.19488 -164.19864      3.552     3.4427     3.4442     3.4425    30.9149    30.9267  1024.6049    24.5882    318.512    304.596  329.09248     96.785     92.568     0.1245     0.3993     4.1661     0.4929 3.1128e-01        507     0.3514  0.000e+00
      3.515   71.19488 -164.19864      3.552     3.4421     3.4431     3.4419    30.9156    30.9272  1024.6055    24.5888    318.533    304.603  329.09593     96.790     92.568     0.1245     0.3993     4.1661     0.4929 3.1249e-01        508     0.3521  0.000e+00
      3.515   71.19488 -164.19864      3.552     3.4419     3.4421     3.4417    30.9159    30.9272  1024.6058    24.5891    318.549    304.604  329.09636     96.795     92.566     0.1245     0.3993     4.1661     0.4929 3.0172e-01        509     0.3528  0.000e+00
      3.515   71.19488 -164.19864      3.552     3.4417     3.4411     3.4415    30.9161    30.9273  1024.6060    24.5893    318.564    304.602  329.09708     96.799     92.563     0.1245     0.3993     4.1661     0.4929 2.9702e-01        510     0.3535  0.000e+00
      3.515   71.19488 -164.19864      3.552     3.4419     3.4400     3.4417    30.9164    30.9276  1024.6062    24.5895    318.359    304.595  329.09520     96.738     92.559     0.1245     0.3993     4.1661     0.4929 2.9702e-01        511     0.3542  0.000e+00
      3.577   71.19488 -164.19864      3.614     3.4419     3.4395     3.4417    30.9161    30.9276  1024.6062    24.5893    318.557    304.388  329.09596     96.798     92.495     0.1245     0.3993     4.1661     0.4929 3.5174e-01        512     0.3549  0.000e+00
      3.485   71.19488 -164.19864      3.520     3.4417     3.4390     3.4415    30.9165    30.9275  1024.6062    24.5897    318.349    304.559  329.09607     96.734     92.546     0.1233     0.3919     4.1661     0.4929 3.9170e-01        513     0.3556  0.000e+00
      3.577   71.19488 -164.19864      3.614     3.4417     3.4387     3.4415    30.9152    30.9276  1024.6056    24.5886    318.765    304.560  329.09938     96.860     92.545     0.1245     0.3993     4.1661     0.4929 3.9747e-01        514     0.3563  0.000e+00
      3.577   71.19488 -164.19864      3.614     3.4415     3.4387     3.4413    30.9148    30.9277  1024.6052    24.5883    318.379    304.552  329.10265     96.742     92.543     0.1233     0.3919     4.1685     0.4906 4.3661e-01        515     0.3569  0.000e+00
      3.577   71.19488 -164.19864      3.614     3.4408     3.4385     3.4406    30.9149    30.9278  1024.6055    24.5885    317.712    304.541  329.10776     96.537     92.539     0.1245     0.3993     4.1697     0.4894 4.7370e-01        516     0.3576  0.000e+00
      3.577   71.19488 -164.19864      3.614     3.4403     3.4387     3.4401    30.9147    30.9274  1024.6053    24.5883    318.457    304.525  329.11234     96.762     92.535     0.1258     0.4066     4.1697     0.4894 4.7871e-01        517     0.3583  0.000e+00
      3.577   71.19488 -164.19864      3.614     3.4400     3.4385     3.4398    30.9150    30.9272  1024.6055    24.5886    318.255    304.508  329.11416     96.700     92.529     0.1221     0.3846     4.1697     0.4894 4.5566e-01        518     0.3590  0.000e+00
      3.577   71.19488 -164.19864      3.614     3.4395     3.4382     3.4393    30.9151    30.9272  1024.6057    24.5887    318.236    304.487  329.11777     96.694     92.522     0.1221     0.3846     4.1697     0.4894 4.3040e-01        519     0.3597  0.000e+00
      3.631   71.19488 -164.19864      3.668     3.4389     3.4384     3.4387    30.9153    30.9272  1024.6062    24.5889    318.472    304.462  329.12236     96.764     92.514     0.1209     0.3773     4.1697     0.4894 4.2426e-01        520     0.3604  0.000e+00
      3.577   71.19488 -164.19864      3.614     3.4389     3.4382     3.4387    30.9151    30.9272  1024.6057    24.5887    318.482    304.431  329.12297     96.767     92.505     0.1221     0.3846     4.1697     0.4894 3.4779e-01        521     0.3611  0.000e+00
      3.631   71.19488 -164.19864      3.668     3.4381     3.4385     3.4379    30.9155    30.9270  1024.6064    24.5891    318.284    304.420  329.12797     96.705     92.502     0.1209     0.3773     4.1697     0.4894 2.4150e-01        522     0.3618  0.000e+00
      3.631   71.19488 -164.19864      3.668     3.4380     3.4381     3.4378    30.9155    30.9274  1024.6064    24.5891    318.477    304.215  329.12927     96.763     92.439     0.1209     0.3773     4.1697     0.4894 2.1517e-01        523     0.3625  0.000e+00
      3.631   71.19488 -164.19864      3.668     3.4375     3.4373     3.4373    30.9154    30.9275  1024.6063    24.5891    318.274    304.377  329.13337     96.701     92.486     0.1209     0.3773     4.1697     0.4894 2.5490e-01        524     0.3632  0.000e+00
      3.577   71.19488 -164.19864      3.614     3.4375     3.4369     3.4373    30.9153    30.9275  1024.6060    24.5890    318.678    304.361  329.13369     96.823     92.480     0.1221     0.3846     4.1697     0.4894 3.7616e-01        525     0.3639  0.000e+00
      3.631   71.19488 -164.19864      3.668     3.4372     3.4369     3.4370    30.9153    30.9270  1024.6063    24.5891    318.507    304.343  329.13616     96.771     92.475     0.1221     0.3846     4.1697     0.4894 4.2579e-01        526     0.3646  0.000e+00
      3.631   71.19488 -164.19864      3.668     3.4367     3.4362     3.4365    30.9161    30.9274  1024.6070    24.5898    318.514    304.323  329.13803     96.772     92.468     0.1209     0.3773     4.1697     0.4894 3.8741e-01        527     0.3653  0.000e+00
      3.685   71.19488 -164.19864      3.723     3.4364     3.4361     3.4362    30.9157    30.9273  1024.6070    24.5895    318.522    304.300  329.14157     96.774     92.460     0.1221     0.3846     4.1697     0.4894 2.5177e-01        528     0.3660  0.000e+00
      3.631   71.19488 -164.19864      3.668     3.4362     3.4359     3.4360    30.9154    30.9272  1024.6065    24.5892    318.308    304.271  329.14367     96.708     92.451     0.1209     0.3773     4.1697     0.4894 2.0867e-01        529     0.3667  0.000e+00
      3.631   71.19488 -164.19864      3.668     3.4357     3.4351     3.4355    30.9156    30.9273  1024.6067    24.5894    318.279    304.245  329.14709     96.698     92.441     0.1221     0.3846     4.1697     0.4894 2.1800e-01        530     0.3674  0.000e+00
      3.685   71.19488 -164.19864      3.723     3.4356     3.4347     3.4354    30.9159    30.9274  1024.6071    24.5897    318.465    304.216  329.14768     96.755     92.431     0.1209     0.3773     4.1697     0.4894 3.3232e-01        531     0.3681  0.000e+00
      3.631   71.19488 -164.19864      3.668     3.4354     3.4345     3.4352    30.9163    30.9280  1024.6073    24.5900    318.248    304.176  329.14785     96.688     92.419     0.1221     0.3846     4.1697     0.4894 4.0184e-01        532     0.3688  0.000e+00
      3.685   71.19488 -164.19864      3.723     3.4356     3.4341     3.4354    30.9162    30.9277  1024.6074    24.5899    318.250    303.971  329.14681     96.689     92.356     0.1209     0.3773     4.1697     0.4894 4.0331e-01        533     0.3694  0.000e+00
      3.631   71.19488 -164.19864      3.668     3.4356     3.4342     3.4354    30.9158    30.9277  1024.6068    24.5896    318.432    304.121  329.14781     96.744     92.402     0.1221     0.3846     4.1685     0.4906 2.8663e-01        534     0.3701  0.000e+00
      3.747   71.19488 -164.19864      3.785     3.4356     3.4339     3.4354    30.9160    30.9278  1024.6076    24.5898    318.221    304.108  329.14727     96.680     92.397     0.1221     0.3846     4.1697     0.4894 2.2955e-01        535     0.3708  0.000e+00
      3.631   71.19488 -164.19864      3.668     3.4354     3.4337     3.4352    30.9162    30.9276  1024.6071    24.5899    318.399    303.890  329.14823     96.734     92.330     0.1209     0.3773     4.1685     0.4906 2.2373e-01        536     0.3715  0.000e+00
      3.747   71.19488 -164.19864      3.785     3.4354     3.4337     3.4352    30.9156    30.9275  1024.6073    24.5895    318.403    303.850  329.14954     96.735     92.318     0.1221     0.3846     4.1685     0.4906 1.8475e-01        537     0.3722  0.000e+00
      3.685   71.19488 -164.19864      3.723     3.4354     3.4340     3.4352    30.9153    30.9275  1024.6067    24.5892    318.183    303.822  329.15033     96.668     92.310     0.1209     0.3773     4.1685     0.4906 1.5555e-01        538     0.3729  0.000e+00
      3.685   71.19488 -164.19864      3.723     3.4349     3.4340     3.4347    30.9155    30.9276  1024.6069    24.5894    318.366    303.798  329.15375     96.723     92.303     0.1221     0.3846     4.1685     0.4906 1.5020e-01        539     0.3736  0.000e+00
      3.747   71.19488 -164.19864      3.785     3.4348     3.4344     3.4346    30.9158    30.9275  1024.6074    24.5897    318.149    303.776  329.15435     96.656     92.297     0.1209     0.3773     4.1685     0.4906 1.5787e-01        540     0.3743  0.000e+00
      3.685   71.19488 -164.19864      3.723     3.4345     3.4344     3.4342    30.9162    30.9278  1024.6075    24.5900    318.110    303.727  329.15591     96.644     92.282     0.1221     0.3846     4.1685     0.4906 1.6495e-01        541     0.3750  0.000e+00
      3.747   71.19488 -164.19864      3.785     3.4344     3.4347     3.4341    30.9154    30.9273  1024.6072    24.5894    318.077    303.681  329.15863     96.633     92.269     0.1221     0.3846     4.1685     0.4906 1.6655e-01        542     0.3757  0.000e+00
      3.685   71.19488 -164.19864      3.723     3.4345     3.4350     3.4342    30.9153    30.9272  1024.6068    24.5893    318.071    303.628  329.15813     96.632     92.253     0.1209     0.3773     4.1685     0.4906 2.1706e-01        543     0.3764  0.000e+00
