EcoFOCI/data/1_SampleCollection/2023_SikuliaqDBO_CruiseData/CTD_raw_BottleFile_SKQ23-12S/proc/skq202312s_002avg.cnv
* Sea-Bird SBE 9 Data File:
* FileName = D:\CTD\SKQ202312S\SKQ202312S_002.hex
* Software Version Seasave V 7.26.7.121
* Temperature SN = 6177
* Conductivity SN = 0369
* Number of Bytes Per Scan = 41
* Number of Voltage Words = 4
* Number of Scans Averaged by the Deck Unit = 1
* NMEA Latitude = 62 00.59 N
* NMEA Longitude = 175 03.64 W
* NMEA UTC (Time) = Sep 15 2023  05:21:43
* NMEA baud rate = 4800
** Ship: R/V Sikuliaq
** Station Number: 002
** Station Name: DBO1.1
** Bottom Depth: 78
** Operator: SD
# nquan = 25
# nvalues = 74                          
# units = specified
# name 0 = depSM: Depth [salt water, m]
# name 1 = latitude: Latitude [deg]
# name 2 = longitude: Longitude [deg]
# name 3 = prDM: Pressure, Digiquartz [db]
# name 4 = t090C: Temperature [ITS-90, deg C]
# name 5 = t190C: Temperature, 2 [ITS-90, deg C]
# name 6 = potemp090C: Potential Temperature [ITS-90, deg C]
# name 7 = sal00: Salinity, Practical [PSU]
# name 8 = sal11: Salinity, Practical, 2 [PSU]
# name 9 = density00: Density [density, kg/m^3]
# name 10 = sigma-é00: Density [sigma-theta, kg/m^3]
# name 11 = sbox0Mm/Kg: Oxygen, SBE 43 [umol/kg]
# name 12 = sbox1Mm/Kg: Oxygen, SBE 43, 2 [umol/kg]
# name 13 = oxsolMm/Kg: Oxygen Saturation, Garcia & Gordon [umol/kg]
# name 14 = sbeox0PS: Oxygen, SBE 43 [% saturation]
# name 15 = sbeox1PS: Oxygen, SBE 43, 2 [% saturation]
# name 16 = v0: Voltage 0
# name 17 = flECO-AFL: Fluorescence, WET Labs ECO-AFL/FL [mg/m^3]
# name 18 = v1: Voltage 1
# name 19 = CStarAt0: Beam Attenuation, WET Labs C-Star [1/m]
# name 20 = par: PAR/Irradiance, Biospherical/Licor
# name 21 = scan: Scan Count
# name 22 = timeM: Time, Elapsed [minutes]
# name 23 = nbin: number of scans per bin
# name 24 = flag: flag
# span 0 =      1.981,     74.267       
# span 1 =   62.00980,   62.00980       
# span 2 = -175.06128, -175.06102       
# span 3 =      2.000,     75.000       
# span 4 =    -1.4381,     7.4751       
# span 5 =    -1.4370,     7.4760       
# span 6 =    -1.4390,     7.4748       
# span 7 =    30.6631,    31.9563       
# span 8 =    30.6789,    31.9619       
# span 9 =  1023.9566,  1026.0397       
# span 10 =    23.9474,    25.6791      
# span 11 =    250.265,    413.710      
# span 12 =    239.771,    398.903      
# span 13 =  299.66086,  370.93580      
# span 14 =     68.853,    112.628      
# span 15 =     65.943,    108.039      
# span 16 =     0.0577,     0.9969      
# span 17 =    -0.0016,     5.6336      
# span 18 =     3.4846,     4.2156      
# span 19 =     0.4456,     1.2088      
# span 20 = -2.702e-05, 2.6891e+01      
# span 21 =        241,       7516      
# span 22 =     0.1670,     5.2186      
# span 23 =          1,        946      
# span 24 = 0.0000e+00, 0.0000e+00      
# interval = decibars: 1                
# start_time = Sep 15 2023 05:25:57 [NMEA time, first data scan]
# bad_flag = -9.990e-29
*END*
      1.981   62.00980 -175.06104      2.000     7.4745     7.4749     7.4743    30.6701    30.6804  1023.9566    23.9474    291.954    280.526  299.66473     97.427     93.621     0.1787     0.7242     4.0529     0.6031 2.6891e+01        241     0.1670        674 0.0000e+00
      2.971   62.00980 -175.06104      3.000     7.4751     7.4760     7.4748    30.6701    30.6805  1023.9612    23.9474    291.880    280.605  299.66086     97.404     93.650     0.1741     0.6963     4.0524     0.6036 2.1776e+01        768     0.5329        178 0.0000e+00
      3.962   62.00980 -175.06104      4.000     7.4678     7.4668     7.4675    30.6701    30.6805  1023.9667    23.9483    291.962    281.405  299.71032     97.415     93.897     0.1731     0.6905     4.0537     0.6023 1.7846e+01        925     0.6418        131 0.0000e+00
      4.952   62.00980 -175.06104      5.000     7.4658     7.4667     7.4654    30.6700    30.6804  1023.9715    23.9486    291.926    280.832  299.72425     97.398     93.706     0.1754     0.7046     4.0531     0.6029 1.4601e+01       1064     0.7380        155 0.0000e+00
      5.942   62.00980 -175.06102      6.000     7.4496     7.4471     7.4490    30.6703    30.6808  1023.9785    23.9509    292.216    281.024  299.83484     97.459     93.728     0.1790     0.7258     4.0517     0.6043 1.2142e+01       1204     0.8353        130 0.0000e+00
      6.933   62.00980 -175.06102      7.000     7.4443     7.4461     7.4437    30.6703    30.6804  1023.9839    23.9517    292.086    280.906  299.87080     97.404     93.687     0.1804     0.7344     4.0523     0.6037 1.0183e+01       1343     0.9320        153 0.0000e+00
      7.923   62.00980 -175.06102      8.000     7.4218     7.4224     7.4211    30.6700    30.6808  1023.9913    23.9545    292.299    281.426  300.02553     97.425     93.809     0.1839     0.7557     4.0527     0.6033 8.4093e+00       1473     1.0224        108 0.0000e+00
      8.914   62.00980 -175.06102      9.000     7.3916     7.4099     7.3908    30.6703    30.6805  1024.0001    23.9587    292.653    280.769  300.23193     97.475     93.564     0.1855     0.7650     4.0543     0.6017 7.1782e+00       1626     1.1284        123 0.0000e+00
      9.904   62.00980 -175.06102     10.000     7.3845     7.3849     7.3836    30.6700    30.6806  1024.0055    23.9595    292.334    280.212  300.28110     97.354     93.325     0.1917     0.8023     4.0628     0.5934 6.0553e+00       1750     1.2149        145 0.0000e+00
     10.894   62.00980 -175.06102     11.000     7.3718     7.3731     7.3708    30.6701    30.6806  1024.0118    23.9612    292.558    281.161  300.36819     97.400     93.616     0.1918     0.8026     4.0693     0.5869 5.1012e+00       1878     1.3038        144 0.0000e+00
     11.885   62.00980 -175.06102     12.000     7.3611     7.3616     7.3601    30.6698    30.6804  1024.0176    23.9625    292.538    281.230  300.44158     97.369     93.614     0.1924     0.8064     4.0754     0.5809 4.3510e+00       2038     1.4147        104 0.0000e+00
     12.875   62.00980 -175.06103     13.000     7.3479     7.3486     7.3467    30.6705    30.6810  1024.0246    23.9648    292.624    281.357  300.53115     97.369     93.629     0.1947     0.8200     4.0789     0.5775 3.7337e+00       2115     1.4680         95 0.0000e+00
     13.865   62.00980 -175.06104     14.000     7.3270     7.3278     7.3258    30.6702    30.6812  1024.0317    23.9673    292.933    280.863  300.67512     97.425     93.420     0.1941     0.8166     4.0828     0.5737 3.1914e+00       2197     1.5251         56 0.0000e+00
     14.856   62.00980 -175.06104     15.000     7.2993     7.2998     7.2980    30.6702    30.6812  1024.0400    23.9710    293.045    280.510  300.86610     97.401     93.243     0.2036     0.8739     4.0917     0.5650 2.7620e+00       2254     1.5648         60 0.0000e+00
     15.846   62.00980 -175.06104     16.000     7.2823     7.2830     7.2809    30.6695    30.6807  1024.0463    23.9727    293.056    280.952  300.98465     97.366     93.353     0.2022     0.8651     4.0957     0.5611 2.4133e+00       2311     1.6042         51 0.0000e+00
     16.836   62.00980 -175.06104     17.000     7.2430     7.2436     7.2415    30.6670    30.6790  1024.0541    23.9759    293.407    281.125  301.26113     97.393     93.326     0.2152     0.9429     4.0973     0.5595 2.0349e+00       2360     1.6384         48 0.0000e+00
     17.827   62.00980 -175.06104     18.000     7.0867     7.0901     7.0851    30.6631    30.6789  1024.0761    23.9933    293.862    281.965  302.35240     97.192     93.275     0.2311     1.0386     4.0914     0.5653 1.7519e+00       2409     1.6721         50 0.0000e+00
     18.817   62.00980 -175.06104     19.000     6.7381     6.7151     6.7365    30.6744    30.6968  1024.1342    24.0466    296.046    283.777  304.76921     97.137     93.076     0.2757     1.3064     4.0705     0.5857 1.5534e+00       2469     1.7137         64 0.0000e+00
     19.807   62.00980 -175.06104     20.000     5.6210     5.6321     5.6195    30.7986    30.8223  1024.3713    24.2785    304.782    291.378  312.52668     97.523     93.275     0.3255     1.6047     4.0362     0.6196 1.3412e+00       2527     1.7543         47 0.0000e+00
     20.798   62.00980 -175.06104     21.000     4.4180     4.4588     4.4166    30.9087    30.9611  1024.5899    24.4918    322.856    301.377  321.40508    100.436     93.865     0.3282     1.6210     4.0333     0.6224 1.1391e+00       2573     1.7860         45 0.0000e+00
     21.788   62.00980 -175.06104     22.000     2.7226     2.7252     2.7215    31.0850    31.1467  1024.8857    24.7820    342.194    321.188  334.62021    102.256     96.039     0.3358     1.6666     4.0394     0.6165 9.9073e-01       2615     1.8153         43 0.0000e+00
     22.778   62.00980 -175.06106     23.000     1.1834     1.2414     1.1825    31.2469    31.2856  1025.1261    25.0167    374.074    338.560  347.47308    107.635     97.592     0.3481     1.7406     4.0467     0.6092 8.6019e-01       2666     1.8510         57 0.0000e+00
     23.769   62.00980 -175.06106     24.000     0.1069     0.1094     0.1061    31.3558    31.4019  1025.2755    25.1605    401.320    369.242  356.97582    112.423    103.477     0.3896     1.9896     4.0102     0.6455 7.3011e-01       2724     1.8909         49 0.0000e+00
     24.759   62.00980 -175.06106     25.000    -0.3488    -0.3521    -0.3495    31.3868    31.4279  1025.3241    25.2040    406.809    381.970  361.19898    112.628    105.775     0.5859     3.1677     3.8568     0.8022 6.1384e-01       2771     1.9234         50 0.0000e+00
     25.749   62.00980 -175.06106     26.000    -0.7871    -0.7932    -0.7877    31.4110    31.4528  1025.3640    25.2387    407.349    387.196  365.35593    111.494    105.994     0.8719     4.8832     3.6474     1.0252 5.2709e-01       2823     1.9598         51 0.0000e+00
     26.739   62.00980 -175.06106     27.000    -1.0381    -1.0422    -1.0387    31.4220    31.4570  1025.3854    25.2551    413.605    394.504  367.78357    112.458    107.282     0.9969     5.6336     3.7218     0.9449 4.3795e-01       2869     1.9917         46 0.0000e+00
     27.730   62.00980 -175.06106     28.000    -1.1925    -1.1945    -1.1930    31.4335    31.4595  1025.4037    25.2685    413.710    398.903  369.27529    112.032    108.039     0.9116     5.1214     3.9923     0.6639 3.4300e-01       2919     2.0266         49 0.0000e+00
     28.720   62.00980 -175.06108     29.000    -1.0767    -1.0785    -1.0773    31.4569    31.4799  1025.4244    25.2845    388.745    377.468  368.06191    105.618    102.568     0.5701     3.0725     4.1823     0.4776 2.6961e-01       2965     2.0587         45 0.0000e+00
     29.710   62.00980 -175.06108     30.000    -1.0676    -1.0662    -1.0682    31.4724    31.4940  1025.4415    25.2968    368.028    357.852  367.92707    100.027     97.282     0.2814     1.3405     4.2156     0.4456 2.2525e-01       3019     2.0956         65 0.0000e+00
     30.700   62.00980 -175.06108     31.000    -1.0888    -1.0875    -1.0894    31.4903    31.5101  1025.4614    25.3118    363.735    352.437  368.08419     98.818     95.767     0.1865     0.7710     4.2086     0.4523 1.9188e-01       3080     2.1382         47 0.0000e+00
     31.691   62.00980 -175.06108     32.000    -1.1348    -1.1357    -1.1355    31.5270    31.5479  1025.4973    25.3429    361.646    349.640  368.43273     98.158     94.912     0.1647     0.6403     4.2107     0.4503 1.6901e-01       3121     2.1669         43 0.0000e+00
     32.681   62.00980 -175.06108     33.000    -1.1324    -1.1319    -1.1331    31.5456    31.5648  1025.5171    25.3579    353.626    343.547  368.35489     96.002     93.281     0.1457     0.5260     4.2010     0.4595 1.4853e-01       3167     2.1986         51 0.0000e+00
     33.671   62.00980 -175.06110     34.000    -1.1322    -1.1321    -1.1329    31.5603    31.5780  1025.5338    25.3698    335.342    325.317  368.31052     91.048     88.339     0.1224     0.3866     4.1819     0.4777 1.3297e-01       3221     2.2359         50 0.0000e+00
     34.661   62.00980 -175.06110     35.000    -1.1667    -1.1659    -1.1674    31.5805    31.5995  1025.5559    25.3870    326.489    315.840  368.59306     88.577     85.703     0.1209     0.3771     4.1763     0.4832 1.1799e-01       3267     2.2680         39 0.0000e+00
     35.652   62.00980 -175.06110     36.000    -1.1917    -1.1895    -1.1924    31.5928    31.6099  1025.5714    25.3977    322.527    311.287  368.80446     87.452     84.421     0.1118     0.3228     4.1503     0.5081 9.9286e-02       3310     2.2981         54 0.0000e+00
     36.642   62.00980 -175.06110     37.000    -1.2865    -1.2783    -1.2872    31.6142    31.6297  1025.5961    25.4174    312.239    301.486  369.68413     84.461     81.581     0.0972     0.2354     3.9886     0.6680 9.4804e-02       3373     2.3419         58 0.0000e+00
     37.632   62.00980 -175.06110     38.000    -1.2914    -1.2912    -1.2921    31.6283    31.6445  1025.6126    25.4290    302.419    292.096  369.69157     81.803     79.021     0.0804     0.1343     3.8613     0.7975 8.1250e-02       3420     2.3742         38 0.0000e+00
     38.623   62.00980 -175.06111     39.000    -1.2987    -1.2975    -1.2994    31.6360    31.6526  1025.6238    25.4354    291.685    281.554  369.74142     78.889     76.162     0.0800     0.1323     4.0244     0.6318 6.9711e-02       3460     2.4023         47 0.0000e+00
     39.613   62.00980 -175.06112     40.000    -1.3329    -1.3302    -1.3336    31.6465    31.6619  1025.6380    25.4447    284.833    273.411  370.05174     76.971     73.899     0.0695     0.0692     3.8324     0.8268 6.7807e-02       3518     2.4425         58 0.0000e+00
     40.603   62.00980 -175.06112     41.000    -1.3586    -1.3583    -1.3593    31.6565    31.6727  1025.6516    25.4535    282.621    271.484  370.27845     76.327     73.329     0.0726     0.0877     3.9017     0.7557 4.7283e-02       3564     2.4741         36 0.0000e+00
     41.593   62.00980 -175.06112     42.000    -1.3653    -1.3643    -1.3661    31.6629    31.6781  1025.6618    25.4589    278.471    267.292  370.32695     75.196     72.188     0.0696     0.0698     4.0050     0.6510 3.3613e-02       3608     2.5048         58 0.0000e+00
     42.583   62.00980 -175.06112     43.000    -1.3671    -1.3658    -1.3678    31.6666    31.6811  1025.6697    25.4619    274.371    262.470  370.33369     74.088     70.884     0.0702     0.0730     3.8480     0.8105 4.0434e-02       3674     2.5510         58 0.0000e+00
     43.574   62.00980 -175.06114     44.000    -1.3726    -1.3718    -1.3734    31.6711    31.6858  1025.6783    25.4657    274.812    262.239  370.37608     74.198     70.813     0.0729     0.0897     3.9228     0.7343 3.2083e-02       3715     2.5791         36 0.0000e+00
     44.564   62.00980 -175.06114     45.000    -1.3738    -1.3731    -1.3746    31.6750    31.6890  1025.6863    25.4689    274.886    261.428  370.37644     74.218     70.594     0.0692     0.0673     4.0118     0.6439 2.4765e-02       3757     2.6085         49 0.0000e+00
     45.554   62.00980 -175.06114     46.000    -1.3741    -1.3728    -1.3749    31.6785    31.6924  1025.6940    25.4717    275.085    260.666  370.36894     74.273     70.390     0.0653     0.0438     4.0129     0.6428 1.7463e-02       3809     2.6446         48 0.0000e+00
     46.544   62.00980 -175.06114     47.000    -1.3790    -1.3779    -1.3798    31.6818    31.6953  1025.7016    25.4745    275.093    261.116  370.40825     74.268     70.504     0.0678     0.0589     4.0133     0.6424 8.1227e-03       3860     2.6801         59 0.0000e+00
     47.534   62.00980 -175.06114     48.000    -1.3789    -1.3777    -1.3798    31.6844    31.6985  1025.7085    25.4766    274.621    261.366  370.40035     74.142     70.573     0.0617     0.0221     4.0043     0.6513 5.4225e-03       3917     2.7194         51 0.0000e+00
     48.525   62.00980 -175.06116     49.000    -1.3928    -1.3916    -1.3937    31.6919    31.7054  1025.7198    25.4831    274.564    261.941  370.51694     74.103     70.706     0.0627     0.0281     3.9945     0.6612 3.9147e-03       3963     2.7514         42 0.0000e+00
     49.515   62.00980 -175.06116     50.000    -1.4229    -1.4217    -1.4238    31.6996    31.7133  1025.7316    25.4900    274.795    261.353  370.79523     74.110     70.494     0.0641     0.0363     3.9939     0.6618 1.1601e-03       4007     2.7817         48 0.0000e+00
     50.505   62.00980 -175.06116     51.000    -1.4381    -1.4370    -1.4390    31.7035    31.7163  1025.7400    25.4935    275.124    261.999  370.93580     74.170     70.641     0.0614     0.0205     3.9903     0.6654 1.0314e-03       4056     2.8162         52 0.0000e+00
     51.495   62.00980 -175.06116     52.000    -1.4167    -1.4157    -1.4176    31.7056    31.7180  1025.7460    25.4947    276.326    261.689  370.71530     74.538     70.599     0.0705     0.0752     3.9721     0.6837 1.1769e-03       4108     2.8521         47 0.0000e+00
     52.485   62.00980 -175.06117     53.000    -1.3999    -1.3994    -1.4009    31.7086    31.7205  1025.7528    25.4968    276.483    264.546  370.53929     74.616     71.403     0.0691     0.0664     3.9500     0.7060 1.0612e-03       4159     2.8875         55 0.0000e+00
     53.475   62.00980 -175.06118     54.000    -1.3769    -1.3758    -1.3779    31.7113    31.7234  1025.7593    25.4984    274.695    262.478  370.30123     74.181     70.891     0.0624     0.0263     3.9742     0.6816 -2.702e-05       4211     2.9239         45 0.0000e+00
     54.466   62.00980 -175.06118     55.000    -1.3657    -1.3644    -1.3667    31.7138    31.7253  1025.7658    25.5002    273.709    260.840  370.18242     73.939     70.472     0.0658     0.0466     3.9762     0.6795 4.9215e-06       4255     2.9542         46 0.0000e+00
     55.456   62.00980 -175.06118     56.000    -1.3331    -1.3323    -1.3342    31.7172    31.7284  1025.7725    25.5021    274.011    261.116  369.84792     74.087     70.609     0.0664     0.0504     3.9084     0.7484 3.7738e-06       4306     2.9897         49 0.0000e+00
     56.446   62.00980 -175.06118     57.000    -1.3068    -1.3057    -1.3079    31.7223    31.7335  1025.7808    25.5056    273.293    260.849  369.57103     73.949     70.590     0.0685     0.0631     3.8756     0.7821 4.8003e-06       4351     3.0208         44 0.0000e+00
     57.436   62.00980 -175.06120     58.000    -1.2723    -1.2716    -1.2734    31.7285    31.7393  1025.7897    25.5098    270.345    258.821  369.20961     73.223     70.109     0.0676     0.0576     3.8720     0.7858 4.1587e-06       4407     3.0597         65 0.0000e+00
