EcoFOCI/data/1_SampleCollection/2023_SikuliaqDBO_CruiseData/CTD_raw_BottleFile_SKQ23-12S/proc/skq202312s_074.cnv
* Sea-Bird SBE 9 Data File:
* FileName = D:\CTD\SKQ202312S\SKQ202312S_074.hex
* Software Version Seasave V 7.26.7.121
* Temperature SN = 6177
* Conductivity SN = 0369
* Number of Bytes Per Scan = 41
* Number of Voltage Words = 4
* Number of Scans Averaged by the Deck Unit = 1
* NMEA Latitude = 68 11.23 N
* NMEA Longitude = 167 17.73 W
* NMEA UTC (Time) = Oct 02 2023  03:41:14
* NMEA baud rate = 4800
** Ship: R/V Sikuliaq
** Station Number: 074
** Station Name: DBO3.3
** Bottom Depth: 47
** Operator: SD
# nquan = 24
# nvalues = 4146                                  
# units = specified
# name 0 = depSM: Depth [salt water, m]
# name 1 = latitude: Latitude [deg]
# name 2 = longitude: Longitude [deg]
# name 3 = prDM: Pressure, Digiquartz [db]
# name 4 = t090C: Temperature [ITS-90, deg C]
# name 5 = t190C: Temperature, 2 [ITS-90, deg C]
# name 6 = potemp090C: Potential Temperature [ITS-90, deg C]
# name 7 = sal00: Salinity, Practical [PSU]
# name 8 = sal11: Salinity, Practical, 2 [PSU]
# name 9 = density00: Density [density, kg/m^3]
# name 10 = sigma-é00: Density [sigma-theta, kg/m^3]
# name 11 = sbox0Mm/Kg: Oxygen, SBE 43 [umol/kg]
# name 12 = sbox1Mm/Kg: Oxygen, SBE 43, 2 [umol/kg]
# name 13 = oxsolMm/Kg: Oxygen Saturation, Garcia & Gordon [umol/kg]
# name 14 = sbeox0PS: Oxygen, SBE 43 [% saturation]
# name 15 = sbeox1PS: Oxygen, SBE 43, 2 [% saturation]
# name 16 = v0: Voltage 0
# name 17 = flECO-AFL: Fluorescence, WET Labs ECO-AFL/FL [mg/m^3]
# name 18 = v1: Voltage 1
# name 19 = CStarAt0: Beam Attenuation, WET Labs C-Star [1/m]
# name 20 = par: PAR/Irradiance, Biospherical/Licor
# name 21 = scan: Scan Count
# name 22 = timeM: Time, Elapsed [minutes]
# name 23 = flag:  0.000e+00
# span 0 =      2.364,     42.384                 
# span 1 =   68.18698,   68.18702                 
# span 2 = -167.29566, -167.29562                 
# span 3 =      2.388,     42.818                 
# span 4 =     3.3167,     6.4617                 
# span 5 =     3.3171,     6.4657                 
# span 6 =     3.3142,     6.4614                 
# span 7 =    25.7777,    32.2111                 
# span 8 =    25.7372,    32.1201                 
# span 9 =  1020.2402,  1025.7551                 
# span 10 =    20.2253,    25.5767                
# span 11 =    261.306,    294.063                
# span 12 =    246.444,    280.632                
# span 13 =  308.69516,  327.27067                
# span 14 =     81.523,     93.120                
# span 15 =     77.171,     88.559                
# span 16 =     0.0684,     0.3028                
# span 17 =     0.0623,     1.4688                
# span 18 =     3.3358,     4.0464                
# span 19 =     0.6095,     1.3823                
# span 20 = 1.0000e-12, 2.1108e+01                
# span 21 =          1,       4146                
# span 22 =     0.0000,     2.8785                
# span 23 = 0.0000e+00, 0.0000e+00                
# interval = seconds: 0.0416667
# start_time = Oct 02 2023 03:44:53 [NMEA time, first data scan]
# bad_flag = -9.990e-29
*END*
[from data line 2476]
     31.615   68.18702 -167.29562     31.937     4.6801     4.6807     4.6778    31.8968    31.9140  1025.3987    25.2501    268.285    254.990  317.00162     84.632     80.450     0.0720     0.0842     3.6398     1.0332 8.4714e-06       2477     1.7194  0.000e+00
     31.569   68.18702 -167.29562     31.891     4.6806     4.6803     4.6784    31.8968    31.9140  1025.3985    25.2500    268.223    254.787  316.99760     84.613     80.385     0.0733     0.0916     3.6398     1.0332 8.4714e-06       2478     1.7201  0.000e+00
     31.615   68.18702 -167.29562     31.937     4.6806     4.6803     4.6784    31.8971    31.9143  1025.3990    25.2503    268.183    254.557  316.99673     84.601     80.313     0.0720     0.0842     3.6410     1.0319 1.0000e-12       2479     1.7208  0.000e+00
     31.685   68.18702 -167.29562     32.008     4.6802     4.6805     4.6780    31.8986    31.9143  1025.4005    25.2515    268.162    254.507  316.99599     84.595     80.297     0.0720     0.0842     3.6398     1.0332 8.4714e-06       2480     1.7215  0.000e+00
     31.669   68.18702 -167.29562     31.992     4.6803     4.6809     4.6781    31.8997    31.9142  1025.4013    25.2524    267.946    254.446  316.99293     84.528     80.279     0.0720     0.0842     3.6398     1.0332 1.0000e-12       2481     1.7222  0.000e+00
     31.684   68.18702 -167.29562     32.008     4.6804     4.6825     4.6782    31.9007    31.9132  1025.4022    25.2532    267.924    254.208  316.98945     84.522     80.206     0.0720     0.0842     3.6398     1.0332 8.4714e-06       2482     1.7229  0.000e+00
     31.630   68.18702 -167.29562     31.953     4.6817     4.6860     4.6795    31.9002    31.9103  1025.4014    25.2527    267.913    253.953  316.98108     84.520     80.130     0.0720     0.0842     3.6398     1.0332 1.0000e-12       2483     1.7236  0.000e+00
     31.669   68.18702 -167.29562     31.992     4.6834     4.6885     4.6812    31.8995    31.9092  1025.4008    25.2519    267.714    253.677  316.96942     84.461     80.048     0.0696     0.0696     3.6398     1.0332 8.4714e-06       2484     1.7243  0.000e+00
     31.684   68.18702 -167.29562     32.007     4.6856     4.6900     4.6834    31.8984    31.9091  1025.3998    25.2508    267.707    253.587  316.95532     84.462     80.022     0.0708     0.0769     3.6398     1.0332 1.0000e-12       2485     1.7250  0.000e+00
     31.731   68.18702 -167.29562     32.054     4.6875     4.6922     4.6853    31.8973    31.9079  1025.3989    25.2497    267.689    253.510  316.94367     84.460     80.001     0.0696     0.0696     3.6349     1.0386 1.0000e-12       2486     1.7257  0.000e+00
     31.684   68.18702 -167.29562     32.007     4.6893     4.6944     4.6871    31.8960    31.9067  1025.3975    25.2485    267.688    253.260  316.93329     84.462     79.926     0.0708     0.0769     3.6300     1.0440 8.4714e-06       2487     1.7264  0.000e+00
     31.684   68.18702 -167.29562     32.007     4.6907     4.6959     4.6885    31.8951    31.9051  1025.3966    25.2477    267.502    253.198  316.92434     84.406     79.908     0.0696     0.0696     3.6288     1.0453 1.0000e-12       2488     1.7271  0.000e+00
     31.731   68.18702 -167.29562     32.054     4.6920     4.6975     4.6898    31.8932    31.9050  1025.3952    25.2460    267.451    252.964  316.91941     84.391     79.837     0.0708     0.0769     3.6288     1.0453 1.0000e-12       2489     1.7278  0.000e+00
     31.684   68.18702 -167.29562     32.007     4.6929     4.7071     4.6907    31.8933    31.9011  1025.3950    25.2460    267.476    252.679  316.91208     84.401     79.763     0.0696     0.0696     3.6300     1.0440 8.4714e-06       2490     1.7285  0.000e+00
     31.669   68.18702 -167.29562     31.992     4.6937     4.7266     4.6915    31.8952    31.8926  1025.3963    25.2474    267.487    252.501  316.90165     84.407     79.739     0.0708     0.0769     3.6288     1.0453 1.0000e-12       2491     1.7292  0.000e+00
     31.684   68.18702 -167.29562     32.007     4.6951     4.7427     4.6928    31.8966    31.8891  1025.3973    25.2484    267.308    252.353  316.88804     84.354     79.721     0.0684     0.0623     3.6288     1.0453 1.0000e-12       2492     1.7299  0.000e+00
     31.738   68.18702 -167.29562     32.062     4.6970     4.7535     4.6948    31.8978    31.8902  1025.3984    25.2492    267.320    252.044  316.87004     84.363     79.645     0.0696     0.0696     3.6300     1.0440 8.4714e-06       2493     1.7306  0.000e+00
     31.731   68.18702 -167.29562     32.054     4.6994     4.7675     4.6972    31.8977    31.8887  1025.3980    25.2488    267.318    251.714  316.85262     84.367     79.566     0.0696     0.0696     3.6288     1.0453 8.4714e-06       2494     1.7313  0.000e+00
     31.684   68.18702 -167.29562     32.007     4.7018     4.7803     4.6996    31.8965    31.8876  1025.3966    25.2476    267.334    251.572  316.83709     84.376     79.545     0.0696     0.0696     3.6288     1.0453 1.0000e-12       2495     1.7319  0.000e+00
     31.731   68.18702 -167.29562     32.054     4.7035     4.7906     4.7013    31.8963    31.8870  1025.3964    25.2472    267.375    251.281  316.82471     84.392     79.472     0.0708     0.0769     3.6288     1.0453 1.0000e-12       2496     1.7326  0.000e+00
     31.684   68.18702 -167.29562     32.007     4.7056     4.8012     4.7034    31.8963    31.8862  1025.3960    25.2471    267.394    251.169  316.80872     84.402     79.457     0.0696     0.0696     3.6288     1.0453 8.4714e-06       2497     1.7333  0.000e+00
     31.684   68.18702 -167.29562     32.007     4.7072     4.8096     4.7049    31.9000    31.8853  1025.3988    25.2498    267.223    250.907  316.78810     84.354     79.389     0.0708     0.0769     3.6288     1.0453 1.0000e-12       2498     1.7340  0.000e+00
     31.785   68.18702 -167.29562     32.109     4.7116     4.8159     4.7094    31.9067    31.8833  1025.4041    25.2547    267.221    250.827  316.73824     84.367     79.374     0.0696     0.0696     3.6288     1.0453 8.4714e-06       2499     1.7347  0.000e+00
     31.684   68.18702 -167.29562     32.007     4.7223     4.8194     4.7200    31.9079    31.8818  1025.4034    25.2545    267.231    250.591  316.65493     84.392     79.305     0.0708     0.0769     3.6288     1.0453 3.4241e-04       2500     1.7354  0.000e+00
     31.731   68.18702 -167.29562     32.054     4.7340     4.8181     4.7318    31.9068    31.8823  1025.4016    25.2524    267.197    250.570  316.56853     84.404     79.297     0.0696     0.0696     3.6288     1.0453 2.3659e-03       2501     1.7361  0.000e+00
     31.684   68.18702 -167.29562     32.007     4.7450     4.8164     4.7428    31.9053    31.8825  1025.3989    25.2500    267.183    250.364  316.48860     84.421     79.228     0.0696     0.0696     3.6300     1.0440 2.7065e-03       2502     1.7368  0.000e+00
     31.684   68.18702 -167.29562     32.007     4.7537     4.8163     4.7514    31.9025    31.8822  1025.3958    25.2469    267.206    250.334  316.42970     84.444     79.219     0.0684     0.0623     3.6288     1.0453 1.0131e-03       2503     1.7375  0.000e+00
     31.731   68.18702 -167.29562     32.054     4.7606     4.8193     4.7584    31.8977    31.8827  1025.3915    25.2424    267.231    250.118  316.38824     84.463     79.156     0.0708     0.0769     3.6288     1.0453 8.4714e-06       2504     1.7382  0.000e+00
     31.684   68.18702 -167.29562     32.007     4.7665     4.8295     4.7643    31.8932    31.8796  1025.3871    25.2382    267.070    250.023  316.35439     84.421     79.144     0.0696     0.0696     3.6288     1.0453 1.0000e-12       2505     1.7389  0.000e+00
     31.731   68.18702 -167.29562     32.054     4.7717     4.8407     4.7695    31.8880    31.8777  1025.3826    25.2335    267.283    249.942  316.32726     84.496     79.138     0.0708     0.0769     3.6325     1.0413 1.0000e-12       2506     1.7396  0.000e+00
     31.738   68.18702 -167.29562     32.062     4.7749     4.8442     4.7727    31.8821    31.8779  1025.3776    25.2285    267.144    249.925  316.31725     84.455     79.139     0.0684     0.0623     3.6435     1.0292 1.0000e-12       2507     1.7403  0.000e+00
     31.684   68.18702 -167.29562     32.007     4.7759     4.8391     4.7737    31.8761    31.8787  1025.3725    25.2236    267.209    249.794  316.32405     84.473     79.089     0.0696     0.0696     3.6459     1.0265 1.0000e-12       2508     1.7410  0.000e+00
     31.730   68.18702 -167.29562     32.054     4.7752     4.8357     4.7730    31.8711    31.8784  1025.3689    25.2197    267.303    249.821  316.34089     84.498     79.091     0.0708     0.0769     3.6459     1.0265 1.0000e-12       2509     1.7417  0.000e+00
     31.738   68.18702 -167.29562     32.062     4.7722     4.8357     4.7700    31.8669    31.8792  1025.3659    25.2167    267.393    249.637  316.37366     84.518     79.033     0.0708     0.0769     3.6459     1.0265 8.4714e-06       2510     1.7424  0.000e+00
     31.730   68.18702 -167.29562     32.054     4.7684     4.8392     4.7662    31.8635    31.8788  1025.3635    25.2144    267.501    249.616  316.41055     84.542     79.032     0.0720     0.0842     3.6459     1.0265 1.0000e-12       2511     1.7431  0.000e+00
     31.684   68.18702 -167.29562     32.007     4.7648     4.8376     4.7625    31.8606    31.8802  1025.3614    25.2125    267.652    249.457  316.44501     84.581     78.980     0.0708     0.0769     3.6459     1.0265 8.4714e-06       2512     1.7437  0.000e+00
     31.730   68.18702 -167.29564     32.054     4.7599     4.8340     4.7576    31.8620    31.8806  1025.3633    25.2142    267.757    249.501  316.47861     84.605     78.987     0.0708     0.0769     3.6459     1.0265 1.0000e-12       2513     1.7444  0.000e+00
     31.738   68.18702 -167.29564     32.062     4.7544     4.8243     4.7522    31.8655    31.8822  1025.3667    25.2175    267.874    249.579  316.51143     84.633     78.995     0.0708     0.0769     3.6459     1.0265 8.4714e-06       2514     1.7451  0.000e+00
     31.738   68.18702 -167.29564     32.062     4.7492     4.8106     4.7470    31.8682    31.8836  1025.3694    25.2202    268.210    249.703  316.54490     84.730     79.009     0.0720     0.0842     3.6447     1.0279 8.4714e-06       2515     1.7458  0.000e+00
     31.730   68.18702 -167.29564     32.054     4.7440     4.7994     4.7417    31.8732    31.8843  1025.3738    25.2247    267.965    249.810  316.57249     84.646     79.022     0.0708     0.0769     3.6447     1.0279 1.0000e-12       2516     1.7465  0.000e+00
     31.738   68.18702 -167.29564     32.062     4.7399     4.7925     4.7376    31.8774    31.8860  1025.3776    25.2284    268.253    249.721  316.59375     84.731     78.982     0.0708     0.0769     3.6459     1.0265 1.0000e-12       2517     1.7472  0.000e+00
     31.730   68.18702 -167.29564     32.054     4.7364     4.7902     4.7341    31.8795    31.8879  1025.3797    25.2305    268.138    249.766  316.61508     84.689     78.993     0.0708     0.0769     3.6459     1.0265 1.0000e-12       2518     1.7479  0.000e+00
     31.738   68.18702 -167.29564     32.062     4.7340     4.7916     4.7318    31.8811    31.8880  1025.3812    25.2320    268.409    249.808  316.62945     84.771     79.009     0.0708     0.0769     3.6459     1.0265 8.4714e-06       2519     1.7486  0.000e+00
     31.738   68.18702 -167.29564     32.062     4.7324     4.7936     4.7301    31.8834    31.8881  1025.3832    25.2340    268.509    249.865  316.63626     84.801     79.031     0.0720     0.0842     3.6459     1.0265 1.0000e-12       2520     1.7493  0.000e+00
     31.784   68.18702 -167.29564     32.108     4.7316     4.7944     4.7294    31.8849    31.8882  1025.3847    25.2353    268.378    249.744  316.63834     84.759     78.994     0.0708     0.0769     3.6447     1.0279 8.4714e-06       2521     1.7500  0.000e+00
     31.738   68.18702 -167.29564     32.062     4.7313     4.7946     4.7290    31.8870    31.8883  1025.3862    25.2370    268.425    249.991  316.63599     84.774     79.073     0.0720     0.0842     3.6459     1.0265 1.0000e-12       2522     1.7507  0.000e+00
     31.784   68.18702 -167.29564     32.108     4.7317     4.7925     4.7295    31.8882    31.8889  1025.3872    25.2378    268.687    250.087  316.62980     84.859     79.100     0.0708     0.0769     3.6447     1.0279 1.0000e-12       2523     1.7514  0.000e+00
     31.738   68.18702 -167.29564     32.062     4.7327     4.7908     4.7304    31.8879    31.8880  1025.3867    25.2375    268.780    250.013  316.62340     84.890     79.072     0.0720     0.0842     3.6459     1.0265 1.0000e-12       2524     1.7521  0.000e+00
     31.800   68.18702 -167.29564     32.124     4.7337     4.7884     4.7314    31.8872    31.8864  1025.3863    25.2369    268.854    250.109  316.61749     84.914     79.097     0.0708     0.0769     3.6459     1.0265 1.0000e-12       2525     1.7528  0.000e+00
     31.784   68.18702 -167.29564     32.108     4.7343     4.7845     4.7321    31.8866    31.8864  1025.3858    25.2364    268.935    250.411  316.61407     84.941     79.185     0.0708     0.0769     3.6459     1.0265 1.0000e-12       2526     1.7535  0.000e+00
     31.800   68.18702 -167.29564     32.124     4.7346     4.7777     4.7324    31.8874    31.8877  1025.3864    25.2369    269.025    250.561  316.60995     84.970     79.220     0.0708     0.0769     3.6508     1.0212 1.0000e-12       2527     1.7542  0.000e+00
     31.784   68.18702 -167.29564     32.108     4.7351     4.7701     4.7328    31.8886    31.8904  1025.3872    25.2378    269.119    250.707  316.60359     85.002     79.254     0.0708     0.0769     3.6520     1.0198 1.0000e-12       2528     1.7549  0.000e+00
     31.854   68.18702 -167.29564     32.178     4.7363     4.7671     4.7340    31.8897    31.8912  1025.3883    25.2386    269.013    250.842  316.59190     84.972     79.291     0.0708     0.0769     3.6532     1.0185 8.4714e-06       2529     1.7556  0.000e+00
     31.854   68.18702 -167.29564     32.178     4.7379     4.7668     4.7357    31.8901    31.8912  1025.3885    25.2388    269.260    250.974  316.57811     85.053     79.333     0.0708     0.0769     3.6520     1.0198 1.0000e-12       2530     1.7563  0.000e+00
     31.846   68.18702 -167.29564     32.171     4.7399     4.7601     4.7376    31.8909    31.8955  1025.3889    25.2392    269.336    251.133  316.56165     85.082     79.373     0.0708     0.0769     3.6520     1.0198 1.0000e-12       2531     1.7569  0.000e+00
     31.854   68.18702 -167.29564     32.178     4.7417     4.7560     4.7395    31.8925    31.8968  1025.3900    25.2403    269.417    251.274  316.54364     85.112     79.410     0.0708     0.0769     3.6520     1.0198 8.4714e-06       2532     1.7576  0.000e+00
     31.846   68.18702 -167.29564     32.171     4.7446     4.7572     4.7424    31.8939    31.8952  1025.3907    25.2410    269.466    251.376  316.51882     85.134     79.444     0.0720     0.0842     3.6520     1.0198 1.0000e-12       2533     1.7583  0.000e+00
     31.915   68.18702 -167.29564     32.241     4.7481     4.7582     4.7458    31.8947    31.8943  1025.3913    25.2413    269.519    251.493  316.49051     85.159     79.482     0.0708     0.0769     3.6520     1.0198 1.0000e-12       2534     1.7590  0.000e+00
     31.854   68.18702 -167.29564     32.178     4.7524     4.7584     4.7501    31.8952    31.8941  1025.3910    25.2412    269.567    251.621  316.45690     85.183     79.523     0.0733     0.0916     3.6520     1.0198 8.4714e-06       2535     1.7597  0.000e+00
