EcoFOCI/data/1_SampleCollection/2023_SikuliaqDBO_CruiseData/CTD_raw_BottleFile_SKQ23-12S/proc/skq202312s_045svp.cnv
* Sea-Bird SBE 9 Data File:
* FileName = D:\CTD\SKQ202312S\SKQ202312S_045.hex
* Software Version Seasave V 7.26.7.121
* Temperature SN = 6177
* Conductivity SN = 0369
* Number of Bytes Per Scan = 41
* Number of Voltage Words = 4
* Number of Scans Averaged by the Deck Unit = 1
* NMEA Latitude = 71 39.21 N
* NMEA Longitude = 161 35.21 W
* NMEA UTC (Time) = Sep 24 2023  11:43:57
* NMEA baud rate = 4800
** Ship: R/V Sikuliaq
** Station Number: 045
** Station Name: DBO4.4na
** Bottom Depth: 47
** Operator: Bern
# nquan = 7
# nvalues = 6596                                  
# units = specified
# name 0 = depSM: Depth [salt water, m]
# name 1 = latitude: Latitude [deg]
# name 2 = longitude: Longitude [deg]
# name 3 = t090C: Temperature [ITS-90, deg C]
# name 4 = sal00: Salinity, Practical [PSU]
# name 5 = svCM: Sound Velocity [Chen-Millero, m/s]
# name 6 = flag:  0.000e+00
# span 0 =      2.756,     39.988                 
# span 1 =   71.65350,   71.65352                 
# span 2 = -161.58680, -161.58674                 
# span 3 =    -1.4991,     2.4107                 
# span 4 =    27.3134,    32.5744                 
# span 5 =    1439.22,    1452.22                 
# span 6 = 0.0000e+00, 0.0000e+00                 
# interval = seconds: 0.0416667
# start_time = Sep 24 2023 11:47:11 [NMEA time, first data scan]
# bad_flag = -9.990e-29
*END*
[from data line 6359]
     39.879   71.65350 -161.58680    -1.3203    32.5724    1440.34  0.000e+00
     39.879   71.65350 -161.58680    -1.3203    32.5725    1440.34  0.000e+00
     39.864   71.65350 -161.58680    -1.3205    32.5725    1440.34  0.000e+00
     39.879   71.65350 -161.58680    -1.3205    32.5727    1440.34  0.000e+00
     39.818   71.65350 -161.58680    -1.3203    32.5726    1440.34  0.000e+00
     39.879   71.65350 -161.58680    -1.3205    32.5731    1440.34  0.000e+00
     39.810   71.65350 -161.58680    -1.3202    32.5726    1440.34  0.000e+00
     39.818   71.65350 -161.58680    -1.3205    32.5731    1440.34  0.000e+00
     39.818   71.65350 -161.58680    -1.3203    32.5729    1440.34  0.000e+00
     39.818   71.65350 -161.58680    -1.3202    32.5725    1440.34  0.000e+00
     39.756   71.65350 -161.58680    -1.3202    32.5728    1440.34  0.000e+00
     39.818   71.65350 -161.58680    -1.3203    32.5729    1440.34  0.000e+00
     39.818   71.65350 -161.58680    -1.3203    32.5731    1440.34  0.000e+00
     39.756   71.65350 -161.58680    -1.3200    32.5730    1440.34  0.000e+00
     39.702   71.65350 -161.58680    -1.3202    32.5725    1440.34  0.000e+00
     39.764   71.65350 -161.58680    -1.3203    32.5725    1440.34  0.000e+00
     39.764   71.65350 -161.58680    -1.3203    32.5729    1440.34  0.000e+00
     39.756   71.65350 -161.58680    -1.3203    32.5725    1440.34  0.000e+00
     39.702   71.65350 -161.58680    -1.3205    32.5728    1440.34  0.000e+00
     39.702   71.65350 -161.58680    -1.3202    32.5731    1440.34  0.000e+00
     39.694   71.65350 -161.58680    -1.3203    32.5732    1440.34  0.000e+00
     39.702   71.65350 -161.58680    -1.3202    32.5727    1440.34  0.000e+00
     39.702   71.65350 -161.58680    -1.3203    32.5728    1440.34  0.000e+00
     39.648   71.65350 -161.58680    -1.3202    32.5728    1440.34  0.000e+00
     39.694   71.65350 -161.58680    -1.3203    32.5730    1440.34  0.000e+00
     39.648   71.65350 -161.58680    -1.3203    32.5731    1440.34  0.000e+00
     39.702   71.65350 -161.58680    -1.3203    32.5728    1440.34  0.000e+00
     39.640   71.65350 -161.58680    -1.3203    32.5722    1440.34  0.000e+00
     39.586   71.65350 -161.58680    -1.3203    32.5726    1440.34  0.000e+00
     39.648   71.65350 -161.58680    -1.3203    32.5730    1440.34  0.000e+00
     39.648   71.65350 -161.58680    -1.3203    32.5724    1440.34  0.000e+00
     39.578   71.65350 -161.58680    -1.3205    32.5728    1440.34  0.000e+00
     39.648   71.65350 -161.58680    -1.3203    32.5728    1440.34  0.000e+00
     39.586   71.65350 -161.58680    -1.3203    32.5727    1440.34  0.000e+00
     39.640   71.65350 -161.58680    -1.3203    32.5727    1440.34  0.000e+00
     39.586   71.65350 -161.58680    -1.3202    32.5727    1440.34  0.000e+00
     39.586   71.65350 -161.58680    -1.3205    32.5727    1440.34  0.000e+00
     39.586   71.65350 -161.58680    -1.3203    32.5724    1440.34  0.000e+00
     39.578   71.65350 -161.58680    -1.3205    32.5727    1440.34  0.000e+00
     39.586   71.65350 -161.58680    -1.3203    32.5727    1440.34  0.000e+00
     39.586   71.65350 -161.58680    -1.3203    32.5727    1440.34  0.000e+00
     39.578   71.65350 -161.58680    -1.3205    32.5728    1440.34  0.000e+00
     39.532   71.65350 -161.58680    -1.3205    32.5729    1440.34  0.000e+00
     39.586   71.65350 -161.58680    -1.3202    32.5728    1440.34  0.000e+00
     39.586   71.65350 -161.58680    -1.3201    32.5727    1440.34  0.000e+00
     39.524   71.65350 -161.58680    -1.3205    32.5732    1440.34  0.000e+00
     39.586   71.65350 -161.58680    -1.3202    32.5727    1440.34  0.000e+00
     39.586   71.65350 -161.58680    -1.3202    32.5730    1440.34  0.000e+00
     39.524   71.65350 -161.58680    -1.3202    32.5727    1440.34  0.000e+00
     39.648   71.65350 -161.58680    -1.3200    32.5723    1440.34  0.000e+00
     39.532   71.65350 -161.58680    -1.3203    32.5730    1440.34  0.000e+00
     39.648   71.65350 -161.58680    -1.3203    32.5731    1440.34  0.000e+00
     39.578   71.65350 -161.58680    -1.3203    32.5726    1440.34  0.000e+00
     39.586   71.65350 -161.58680    -1.3202    32.5725    1440.34  0.000e+00
     39.586   71.65350 -161.58680    -1.3203    32.5730    1440.34  0.000e+00
     39.532   71.65350 -161.58680    -1.3203    32.5724    1440.34  0.000e+00
     39.640   71.65350 -161.58680    -1.3203    32.5723    1440.34  0.000e+00
     39.586   71.65350 -161.58680    -1.3203    32.5730    1440.34  0.000e+00
     39.648   71.65350 -161.58680    -1.3205    32.5728    1440.34  0.000e+00
     39.578   71.65350 -161.58680    -1.3203    32.5727    1440.34  0.000e+00
     39.648   71.65350 -161.58680    -1.3202    32.5727    1440.34  0.000e+00
     39.586   71.65350 -161.58680    -1.3203    32.5732    1440.34  0.000e+00
     39.647   71.65350 -161.58680    -1.3202    32.5725    1440.34  0.000e+00
     39.640   71.65350 -161.58680    -1.3202    32.5726    1440.34  0.000e+00
     39.701   71.65350 -161.58680    -1.3203    32.5731    1440.34  0.000e+00
     39.647   71.65350 -161.58680    -1.3203    32.5728    1440.34  0.000e+00
     39.640   71.65350 -161.58680    -1.3200    32.5725    1440.34  0.000e+00
     39.701   71.65350 -161.58680    -1.3203    32.5729    1440.34  0.000e+00
     39.647   71.65350 -161.58680    -1.3203    32.5727    1440.34  0.000e+00
     39.701   71.65350 -161.58680    -1.3202    32.5725    1440.34  0.000e+00
     39.694   71.65350 -161.58680    -1.3203    32.5728    1440.34  0.000e+00
     39.701   71.65350 -161.58680    -1.3205    32.5729    1440.34  0.000e+00
     39.701   71.65350 -161.58680    -1.3203    32.5729    1440.34  0.000e+00
     39.755   71.65350 -161.58680    -1.3203    32.5732    1440.34  0.000e+00
     39.701   71.65350 -161.58680    -1.3203    32.5728    1440.34  0.000e+00
     39.817   71.65350 -161.58680    -1.3203    32.5728    1440.34  0.000e+00
     39.701   71.65350 -161.58680    -1.3202    32.5727    1440.34  0.000e+00
     39.755   71.65350 -161.58680    -1.3205    32.5731    1440.34  0.000e+00
     39.763   71.65350 -161.58680    -1.3203    32.5722    1440.34  0.000e+00
     39.817   71.65350 -161.58680    -1.3205    32.5725    1440.34  0.000e+00
     39.755   71.65350 -161.58680    -1.3205    32.5725    1440.34  0.000e+00
     39.817   71.65350 -161.58680    -1.3205    32.5725    1440.34  0.000e+00
     39.817   71.65350 -161.58680    -1.3205    32.5726    1440.34  0.000e+00
     39.763   71.65350 -161.58680    -1.3203    32.5728    1440.34  0.000e+00
     39.863   71.65350 -161.58680    -1.3207    32.5731    1440.34  0.000e+00
     39.817   71.65350 -161.58680    -1.3206    32.5728    1440.34  0.000e+00
     39.817   71.65350 -161.58680    -1.3207    32.5728    1440.34  0.000e+00
     39.817   71.65350 -161.58680    -1.3207    32.5728    1440.34  0.000e+00
     39.863   71.65350 -161.58680    -1.3207    32.5724    1440.34  0.000e+00
     39.879   71.65350 -161.58680    -1.3207    32.5726    1440.34  0.000e+00
     39.879   71.65350 -161.58680    -1.3209    32.5727    1440.34  0.000e+00
     39.809   71.65350 -161.58680    -1.3209    32.5731    1440.34  0.000e+00
     39.879   71.65350 -161.58680    -1.3207    32.5725    1440.34  0.000e+00
     39.933   71.65350 -161.58680    -1.3209    32.5728    1440.34  0.000e+00
     39.817   71.65350 -161.58680    -1.3207    32.5725    1440.34  0.000e+00
     39.925   71.65350 -161.58680    -1.3207    32.5727    1440.34  0.000e+00
     39.879   71.65350 -161.58680    -1.3207    32.5728    1440.34  0.000e+00
     39.879   71.65350 -161.58680    -1.3207    32.5728    1440.34  0.000e+00
     39.925   71.65350 -161.58680    -1.3209    32.5730    1440.34  0.000e+00
     39.933   71.65350 -161.58680    -1.3205    32.5724    1440.34  0.000e+00
     39.879   71.65350 -161.58680    -1.3211    32.5731    1440.34  0.000e+00
     39.933   71.65350 -161.58680    -1.3207    32.5728    1440.34  0.000e+00
     39.863   71.65350 -161.58680    -1.3209    32.5727    1440.34  0.000e+00
     39.933   71.65350 -161.58680    -1.3210    32.5725    1440.34  0.000e+00
     39.933   71.65350 -161.58680    -1.3211    32.5726    1440.34  0.000e+00
     39.879   71.65350 -161.58680    -1.3211    32.5728    1440.34  0.000e+00
     39.925   71.65350 -161.58680    -1.3211    32.5728    1440.34  0.000e+00
     39.879   71.65350 -161.58680    -1.3212    32.5731    1440.34  0.000e+00
     39.933   71.65350 -161.58680    -1.3211    32.5728    1440.34  0.000e+00
     39.925   71.65350 -161.58680    -1.3210    32.5725    1440.34  0.000e+00
     39.933   71.65350 -161.58680    -1.3214    32.5730    1440.34  0.000e+00
     39.879   71.65350 -161.58680    -1.3212    32.5731    1440.34  0.000e+00
     39.879   71.65350 -161.58680    -1.3211    32.5729    1440.34  0.000e+00
     39.925   71.65350 -161.58680    -1.3212    32.5727    1440.34  0.000e+00
     39.879   71.65350 -161.58680    -1.3212    32.5730    1440.34  0.000e+00
     39.933   71.65350 -161.58680    -1.3211    32.5728    1440.34  0.000e+00
     39.863   71.65350 -161.58680    -1.3210    32.5730    1440.34  0.000e+00
     39.879   71.65350 -161.58680    -1.3209    32.5728    1440.34  0.000e+00
     39.879   71.65350 -161.58680    -1.3209    32.5733    1440.34  0.000e+00
     39.879   71.65350 -161.58680    -1.3209    32.5733    1440.34  0.000e+00
     39.863   71.65350 -161.58680    -1.3207    32.5729    1440.34  0.000e+00
     39.879   71.65350 -161.58680    -1.3206    32.5729    1440.34  0.000e+00
     39.879   71.65350 -161.58680    -1.3206    32.5729    1440.34  0.000e+00
     39.817   71.65350 -161.58680    -1.3205    32.5729    1440.34  0.000e+00
     39.863   71.65350 -161.58680    -1.3206    32.5729    1440.34  0.000e+00
     39.817   71.65350 -161.58680    -1.3203    32.5730    1440.34  0.000e+00
     39.817   71.65350 -161.58680    -1.3203    32.5730    1440.34  0.000e+00
     39.863   71.65350 -161.58680    -1.3202    32.5732    1440.35  0.000e+00
     39.817   71.65350 -161.58680    -1.3202    32.5729    1440.34  0.000e+00
     39.763   71.65350 -161.58680    -1.3201    32.5727    1440.34  0.000e+00
     39.817   71.65350 -161.58680    -1.3202    32.5730    1440.35  0.000e+00
     39.809   71.65350 -161.58680    -1.3202    32.5729    1440.34  0.000e+00
     39.817   71.65350 -161.58680    -1.3198    32.5724    1440.35  0.000e+00
     39.763   71.65350 -161.58680    -1.3200    32.5729    1440.34  0.000e+00
     39.755   71.65350 -161.58680    -1.3202    32.5729    1440.34  0.000e+00
     39.763   71.65350 -161.58680    -1.3203    32.5727    1440.34  0.000e+00
     39.763   71.65350 -161.58680    -1.3200    32.5724    1440.34  0.000e+00
     39.701   71.65350 -161.58680    -1.3203    32.5727    1440.34  0.000e+00
     39.755   71.65350 -161.58680    -1.3203    32.5726    1440.34  0.000e+00
     39.701   71.65350 -161.58680    -1.3203    32.5730    1440.34  0.000e+00
     39.763   71.65350 -161.58680    -1.3203    32.5729    1440.34  0.000e+00
     39.693   71.65350 -161.58680    -1.3203    32.5727    1440.34  0.000e+00
     39.701   71.65350 -161.58680    -1.3203    32.5728    1440.34  0.000e+00
     39.701   71.65350 -161.58680    -1.3205    32.5729    1440.34  0.000e+00
     39.647   71.65350 -161.58680    -1.3202    32.5728    1440.34  0.000e+00
     39.693   71.65350 -161.58680    -1.3203    32.5728    1440.34  0.000e+00
     39.647   71.65350 -161.58680    -1.3203    32.5730    1440.34  0.000e+00
     39.647   71.65350 -161.58680    -1.3202    32.5729    1440.34  0.000e+00
     39.693   71.65350 -161.58680    -1.3201    32.5729    1440.34  0.000e+00
     39.585   71.65350 -161.58680    -1.3202    32.5733    1440.34  0.000e+00
     39.647   71.65350 -161.58680    -1.3200    32.5728    1440.34  0.000e+00
     39.647   71.65350 -161.58680    -1.3200    32.5729    1440.34  0.000e+00
     39.639   71.65350 -161.58680    -1.3202    32.5730    1440.34  0.000e+00
     39.585   71.65350 -161.58680    -1.3202    32.5729    1440.34  0.000e+00
     39.647   71.65350 -161.58680    -1.3202    32.5729    1440.34  0.000e+00
     39.585   71.65350 -161.58680    -1.3201    32.5727    1440.34  0.000e+00
     39.639   71.65350 -161.58680    -1.3202    32.5728    1440.34  0.000e+00
     39.585   71.65350 -161.58680    -1.3202    32.5733    1440.34  0.000e+00
     39.585   71.65350 -161.58680    -1.3202    32.5727    1440.34  0.000e+00
     39.577   71.65350 -161.58680    -1.3202    32.5730    1440.34  0.000e+00
     39.585   71.65350 -161.58680    -1.3202    32.5727    1440.34  0.000e+00
     39.585   71.65350 -161.58680    -1.3201    32.5729    1440.34  0.000e+00
     39.585   71.65350 -161.58680    -1.3200    32.5725    1440.34  0.000e+00
     39.577   71.65350 -161.58680    -1.3203    32.5731    1440.34  0.000e+00
     39.585   71.65350 -161.58680    -1.3202    32.5728    1440.34  0.000e+00
     39.531   71.65350 -161.58680    -1.3202    32.5731    1440.34  0.000e+00
     39.577   71.65350 -161.58680    -1.3200    32.5728    1440.34  0.000e+00
     39.585   71.65350 -161.58680    -1.3200    32.5728    1440.34  0.000e+00
     39.585   71.65350 -161.58680    -1.3199    32.5727    1440.34  0.000e+00
     39.531   71.65350 -161.58680    -1.3200    32.5728    1440.34  0.000e+00
     39.577   71.65350 -161.58680    -1.3203    32.5729    1440.34  0.000e+00
     39.585   71.65350 -161.58680    -1.3202    32.5729    1440.34  0.000e+00
     39.585   71.65350 -161.58680    -1.3202    32.5729    1440.34  0.000e+00
     39.577   71.65350 -161.58680    -1.3202    32.5725    1440.34  0.000e+00
     39.585   71.65350 -161.58680    -1.3200    32.5726    1440.34  0.000e+00
     39.585   71.65350 -161.58680    -1.3201    32.5730    1440.34  0.000e+00
     39.585   71.65350 -161.58680    -1.3200    32.5728    1440.34  0.000e+00
     39.577   71.65350 -161.58680    -1.3202    32.5732    1440.34  0.000e+00
     39.585   71.65350 -161.58680    -1.3200    32.5728    1440.34  0.000e+00
     39.585   71.65350 -161.58680    -1.3200    32.5731    1440.34  0.000e+00
     39.639   71.65350 -161.58680    -1.3200    32.5733    1440.34  0.000e+00
     39.585   71.65350 -161.58680    -1.3203    32.5732    1440.34  0.000e+00
     39.585   71.65350 -161.58680    -1.3200    32.5727    1440.34  0.000e+00
     39.647   71.65350 -161.58680    -1.3198    32.5726    1440.34  0.000e+00
     39.639   71.65350 -161.58680    -1.3200    32.5727    1440.34  0.000e+00
     39.647   71.65350 -161.58680    -1.3200    32.5729    1440.34  0.000e+00
     39.585   71.65350 -161.58680    -1.3202    32.5728    1440.34  0.000e+00
     39.693   71.65350 -161.58680    -1.3200    32.5724    1440.34  0.000e+00
     39.647   71.65350 -161.58680    -1.3199    32.5723    1440.34  0.000e+00
     39.647   71.65350 -161.58680    -1.3200    32.5723    1440.34  0.000e+00
     39.701   71.65350 -161.58680    -1.3202    32.5727    1440.34  0.000e+00
     39.639   71.65350 -161.58680    -1.3200    32.5729    1440.34  0.000e+00
     39.701   71.65350 -161.58680    -1.3200    32.5728    1440.34  0.000e+00
     39.647   71.65350 -161.58680    -1.3200    32.5725    1440.34  0.000e+00
     39.755   71.65350 -161.58680    -1.3201    32.5727    1440.34  0.000e+00
     39.701   71.65350 -161.58680    -1.3203    32.5726    1440.34  0.000e+00
     39.701   71.65350 -161.58680    -1.3203    32.5728    1440.34  0.000e+00
     39.763   71.65350 -161.58680    -1.3203    32.5727    1440.34  0.000e+00
     39.693   71.65350 -161.58680    -1.3205    32.5729    1440.34  0.000e+00
     39.762   71.65350 -161.58680    -1.3202    32.5728    1440.34  0.000e+00
     39.762   71.65350 -161.58680    -1.3205    32.5729    1440.34  0.000e+00
     39.755   71.65350 -161.58680    -1.3203    32.5726    1440.34  0.000e+00
     39.762   71.65350 -161.58680    -1.3205    32.5725    1440.34  0.000e+00
     39.816   71.65350 -161.58680    -1.3203    32.5725    1440.34  0.000e+00
     39.762   71.65350 -161.58680    -1.3205    32.5728    1440.34  0.000e+00
