EcoFOCI/data/1_SampleCollection/2023_SikuliaqDBO_CruiseData/CTD_raw_BottleFile_SKQ23-12S/proc/skq202312s_064svp.cnv
* Sea-Bird SBE 9 Data File:
* FileName = D:\CTD\SKQ202312S\SKQ202312S_064.hex
* Software Version Seasave V 7.26.7.121
* Temperature SN = 6177
* Conductivity SN = 0369
* Number of Bytes Per Scan = 41
* Number of Voltage Words = 4
* Number of Scans Averaged by the Deck Unit = 1
* NMEA Latitude = 71 57.82 N
* NMEA Longitude = 166 18.97 W
* NMEA UTC (Time) = Sep 28 2023  10:18:40
* NMEA baud rate = 4800
** Ship: R/V Sikuliaq
** Station Number: 064
** Station Name: IC0.1
** Bottom Depth: 46
** Operator: Bern
# nquan = 7
# nvalues = 3381                                  
# units = specified
# name 0 = depSM: Depth [salt water, m]
# name 1 = latitude: Latitude [deg]
# name 2 = longitude: Longitude [deg]
# name 3 = t090C: Temperature [ITS-90, deg C]
# name 4 = sal00: Salinity, Practical [PSU]
# name 5 = svCM: Sound Velocity [Chen-Millero, m/s]
# name 6 = flag:  0.000e+00
# span 0 =      2.287,     40.185                 
# span 1 =   71.96376,   71.96376                 
# span 2 = -166.31568, -166.31550                 
# span 3 =    -0.5402,     3.9940                 
# span 4 =    30.8512,    32.4561                 
# span 5 =    1443.69,    1462.39                 
# span 6 = 0.0000e+00, 0.0000e+00                 
# interval = seconds: 0.0416667
# start_time = Sep 28 2023 10:21:40 [NMEA time, first data scan]
# bad_flag = -9.990e-29
*END*
[from data line 2462]
     34.634   71.96376 -166.31550    -0.0939    32.2718    1445.62  0.000e+00
     34.680   71.96376 -166.31550    -0.0992    32.2771    1445.60  0.000e+00
     34.634   71.96376 -166.31550    -0.1037    32.2801    1445.59  0.000e+00
     34.564   71.96376 -166.31550    -0.1083    32.2793    1445.56  0.000e+00
     34.695   71.96376 -166.31550    -0.1117    32.2738    1445.54  0.000e+00
     34.695   71.96376 -166.31550    -0.1154    32.2725    1445.52  0.000e+00
     34.626   71.96376 -166.31550    -0.1206    32.2750    1445.50  0.000e+00
     34.633   71.96376 -166.31550    -0.1265    32.2791    1445.48  0.000e+00
     34.633   71.96376 -166.31550    -0.1288    32.2812    1445.47  0.000e+00
     34.626   71.96376 -166.31550    -0.1293    32.2828    1445.47  0.000e+00
     34.633   71.96376 -166.31550    -0.1297    32.2825    1445.47  0.000e+00
     34.633   71.96376 -166.31550    -0.1312    32.2840    1445.46  0.000e+00
     34.626   71.96376 -166.31550    -0.1317    32.2794    1445.45  0.000e+00
     34.633   71.96376 -166.31550    -0.1325    32.2736    1445.44  0.000e+00
     34.579   71.96376 -166.31550    -0.1364    32.2705    1445.42  0.000e+00
     34.626   71.96376 -166.31550    -0.1416    32.2686    1445.39  0.000e+00
     34.633   71.96376 -166.31550    -0.1471    32.2700    1445.37  0.000e+00
     34.626   71.96376 -166.31550    -0.1521    32.2741    1445.35  0.000e+00
     34.579   71.96376 -166.31550    -0.1569    32.2794    1445.34  0.000e+00
     34.633   71.96376 -166.31550    -0.1608    32.2836    1445.33  0.000e+00
     34.626   71.96376 -166.31550    -0.1632    32.2851    1445.32  0.000e+00
     34.579   71.96376 -166.31550    -0.1662    32.2866    1445.30  0.000e+00
     34.633   71.96376 -166.31550    -0.1688    32.2876    1445.29  0.000e+00
     34.626   71.96376 -166.31550    -0.1712    32.2882    1445.28  0.000e+00
     34.579   71.96376 -166.31550    -0.1738    32.2893    1445.27  0.000e+00
     34.633   71.96376 -166.31550    -0.1759    32.2907    1445.27  0.000e+00
     34.625   71.96376 -166.31550    -0.1774    32.2919    1445.26  0.000e+00
     34.633   71.96376 -166.31550    -0.1783    32.2938    1445.26  0.000e+00
     34.625   71.96376 -166.31550    -0.1786    32.2949    1445.26  0.000e+00
     34.633   71.96376 -166.31550    -0.1780    32.2950    1445.26  0.000e+00
     34.579   71.96376 -166.31550    -0.1773    32.2947    1445.26  0.000e+00
     34.625   71.96376 -166.31550    -0.1766    32.2938    1445.27  0.000e+00
     34.633   71.96376 -166.31550    -0.1765    32.2958    1445.27  0.000e+00
     34.633   71.96376 -166.31550    -0.1746    32.2956    1445.28  0.000e+00
     34.625   71.96376 -166.31550    -0.1731    32.2939    1445.28  0.000e+00
     34.633   71.96376 -166.31550    -0.1723    32.2934    1445.29  0.000e+00
     34.633   71.96376 -166.31550    -0.1726    32.2936    1445.28  0.000e+00
     34.679   71.96376 -166.31550    -0.1729    32.2932    1445.28  0.000e+00
     34.633   71.96376 -166.31550    -0.1734    32.2929    1445.28  0.000e+00
     34.679   71.96376 -166.31550    -0.1737    32.2968    1445.28  0.000e+00
     34.633   71.96376 -166.31550    -0.1731    32.3076    1445.30  0.000e+00
     34.695   71.96376 -166.31550    -0.1708    32.3138    1445.32  0.000e+00
     34.625   71.96376 -166.31550    -0.1664    32.3136    1445.34  0.000e+00
     34.695   71.96376 -166.31550    -0.1615    32.3121    1445.36  0.000e+00
     34.695   71.96376 -166.31550    -0.1555    32.3092    1445.39  0.000e+00
     34.679   71.96376 -166.31550    -0.1499    32.3043    1445.40  0.000e+00
     34.633   71.96376 -166.31550    -0.1453    32.2983    1445.42  0.000e+00
     34.695   71.96376 -166.31550    -0.1430    32.3012    1445.43  0.000e+00
     34.679   71.96376 -166.31550    -0.1370    32.3090    1445.47  0.000e+00
     34.695   71.96376 -166.31550    -0.1235    32.3135    1445.54  0.000e+00
     34.695   71.96376 -166.31550    -0.1084    32.3097    1445.60  0.000e+00
     34.741   71.96376 -166.31550    -0.0968    32.3033    1445.65  0.000e+00
     34.695   71.96376 -166.31550    -0.0892    32.2974    1445.68  0.000e+00
     34.679   71.96376 -166.31550    -0.0842    32.2920    1445.69  0.000e+00
     34.749   71.96376 -166.31550    -0.0811    32.2954    1445.71  0.000e+00
     34.749   71.96376 -166.31550    -0.0760    32.2985    1445.74  0.000e+00
     34.679   71.96376 -166.31550    -0.0685    32.2962    1445.77  0.000e+00
     34.749   71.96376 -166.31550    -0.0639    32.2942    1445.79  0.000e+00
     34.749   71.96376 -166.31550    -0.0619    32.2935    1445.80  0.000e+00
     34.741   71.96376 -166.31550    -0.0584    32.2941    1445.82  0.000e+00
     34.749   71.96376 -166.31550    -0.0526    32.2922    1445.84  0.000e+00
     34.695   71.96376 -166.31550    -0.0477    32.2856    1445.85  0.000e+00
     34.795   71.96376 -166.31550    -0.0512    32.2893    1445.84  0.000e+00
     34.695   71.96376 -166.31550    -0.0494    32.2931    1445.86  0.000e+00
     34.795   71.96376 -166.31550    -0.0430    32.2855    1445.88  0.000e+00
     34.749   71.96376 -166.31550    -0.0402    32.2753    1445.88  0.000e+00
     34.749   71.96376 -166.31550    -0.0399    32.2706    1445.87  0.000e+00
     34.795   71.96376 -166.31550    -0.0399    32.2707    1445.87  0.000e+00
     34.749   71.96376 -166.31550    -0.0396    32.2713    1445.87  0.000e+00
     34.802   71.96376 -166.31550    -0.0379    32.2717    1445.88  0.000e+00
     34.795   71.96376 -166.31550    -0.0360    32.2727    1445.89  0.000e+00
     34.748   71.96376 -166.31550    -0.0346    32.2753    1445.90  0.000e+00
     34.802   71.96376 -166.31550    -0.0323    32.2739    1445.91  0.000e+00
     34.795   71.96376 -166.31550    -0.0327    32.2687    1445.90  0.000e+00
     34.748   71.96376 -166.31550    -0.0336    32.2614    1445.89  0.000e+00
     34.802   71.96376 -166.31550    -0.0358    32.2542    1445.87  0.000e+00
     34.795   71.96376 -166.31550    -0.0415    32.2559    1445.84  0.000e+00
     34.802   71.96376 -166.31550    -0.0490    32.2666    1445.82  0.000e+00
     34.795   71.96376 -166.31550    -0.0540    32.2793    1445.82  0.000e+00
     34.802   71.96376 -166.31550    -0.0528    32.2820    1445.83  0.000e+00
     34.802   71.96376 -166.31550    -0.0492    32.2732    1445.83  0.000e+00
     34.849   71.96376 -166.31550    -0.0488    32.2673    1445.83  0.000e+00
     34.802   71.96376 -166.31550    -0.0500    32.2646    1445.82  0.000e+00
     34.802   71.96376 -166.31550    -0.0505    32.2602    1445.81  0.000e+00
     34.795   71.96376 -166.31550    -0.0526    32.2586    1445.80  0.000e+00
     34.802   71.96376 -166.31550    -0.0561    32.2585    1445.78  0.000e+00
     34.864   71.96376 -166.31550    -0.0597    32.2585    1445.76  0.000e+00
     34.795   71.96376 -166.31550    -0.0636    32.2563    1445.74  0.000e+00
     34.864   71.96376 -166.31550    -0.0675    32.2524    1445.72  0.000e+00
     34.802   71.96376 -166.31550    -0.0718    32.2485    1445.69  0.000e+00
     34.795   71.96376 -166.31550    -0.0766    32.2456    1445.67  0.000e+00
     34.864   71.96376 -166.31550    -0.0842    32.2495    1445.64  0.000e+00
     34.849   71.96376 -166.31550    -0.0927    32.2608    1445.61  0.000e+00
     34.802   71.96376 -166.31550    -0.0982    32.2694    1445.60  0.000e+00
     34.864   71.96376 -166.31550    -0.1016    32.2754    1445.59  0.000e+00
     34.795   71.96376 -166.31550    -0.1028    32.2807    1445.59  0.000e+00
     34.864   71.96376 -166.31550    -0.1024    32.2845    1445.60  0.000e+00
     34.802   71.96376 -166.31550    -0.1018    32.2797    1445.60  0.000e+00
     34.849   71.96376 -166.31550    -0.1036    32.2720    1445.58  0.000e+00
     34.864   71.96376 -166.31550    -0.1083    32.2624    1445.54  0.000e+00
     34.802   71.96376 -166.31550    -0.1178    32.2603    1445.50  0.000e+00
     34.910   71.96376 -166.31550    -0.1279    32.2652    1445.46  0.000e+00
     34.864   71.96376 -166.31550    -0.1332    32.2719    1445.44  0.000e+00
     34.802   71.96376 -166.31550    -0.1356    32.2839    1445.45  0.000e+00
     34.910   71.96376 -166.31550    -0.1350    32.2842    1445.45  0.000e+00
     34.802   71.96376 -166.31550    -0.1385    32.2792    1445.43  0.000e+00
     34.910   71.96376 -166.31550    -0.1463    32.2766    1445.39  0.000e+00
     34.802   71.96376 -166.31550    -0.1537    32.2797    1445.36  0.000e+00
     34.864   71.96376 -166.31550    -0.1577    32.2863    1445.35  0.000e+00
     34.910   71.96376 -166.31550    -0.1597    32.2937    1445.35  0.000e+00
     34.864   71.96376 -166.31550    -0.1595    32.2939    1445.35  0.000e+00
     34.864   71.96376 -166.31550    -0.1635    32.2876    1445.32  0.000e+00
     34.848   71.96376 -166.31550    -0.1717    32.2806    1445.27  0.000e+00
     34.864   71.96376 -166.31550    -0.1822    32.2819    1445.23  0.000e+00
     34.864   71.96376 -166.31550    -0.1910    32.2865    1445.19  0.000e+00
     34.910   71.96376 -166.31550    -0.1965    32.2873    1445.17  0.000e+00
     34.864   71.96376 -166.31550    -0.2000    32.2874    1445.15  0.000e+00
     34.864   71.96376 -166.31550    -0.2030    32.2839    1445.13  0.000e+00
     34.910   71.96376 -166.31550    -0.2064    32.2794    1445.11  0.000e+00
     34.864   71.96376 -166.31550    -0.2110    32.2769    1445.09  0.000e+00
     34.910   71.96376 -166.31550    -0.2158    32.2743    1445.06  0.000e+00
     34.864   71.96376 -166.31550    -0.2208    32.2744    1445.04  0.000e+00
     34.864   71.96376 -166.31550    -0.2261    32.2758    1445.02  0.000e+00
     34.910   71.96376 -166.31550    -0.2296    32.2764    1445.00  0.000e+00
     34.864   71.96376 -166.31550    -0.2324    32.2780    1444.99  0.000e+00
     34.918   71.96376 -166.31550    -0.2360    32.2826    1444.98  0.000e+00
     34.848   71.96376 -166.31550    -0.2387    32.2876    1444.97  0.000e+00
     34.918   71.96376 -166.31550    -0.2407    32.2898    1444.97  0.000e+00
     34.864   71.96376 -166.31550    -0.2427    32.2908    1444.96  0.000e+00
     34.910   71.96376 -166.31550    -0.2439    32.2891    1444.95  0.000e+00
     34.864   71.96376 -166.31550    -0.2454    32.2883    1444.94  0.000e+00
     34.864   71.96376 -166.31550    -0.2475    32.2885    1444.93  0.000e+00
     34.910   71.96376 -166.31550    -0.2493    32.2893    1444.93  0.000e+00
     34.864   71.96376 -166.31550    -0.2513    32.2903    1444.92  0.000e+00
     34.910   71.96376 -166.31550    -0.2527    32.2924    1444.92  0.000e+00
     34.864   71.96376 -166.31550    -0.2534    32.2954    1444.91  0.000e+00
     34.918   71.96376 -166.31550    -0.2544    32.2968    1444.91  0.000e+00
     34.848   71.96376 -166.31550    -0.2550    32.2981    1444.91  0.000e+00
     34.918   71.96376 -166.31550    -0.2553    32.3016    1444.92  0.000e+00
     34.864   71.96376 -166.31550    -0.2551    32.3065    1444.92  0.000e+00
     34.910   71.96376 -166.31552    -0.2553    32.3087    1444.92  0.000e+00
     34.864   71.96376 -166.31552    -0.2553    32.3053    1444.92  0.000e+00
     34.864   71.96376 -166.31552    -0.2561    32.3008    1444.91  0.000e+00
     34.848   71.96376 -166.31552    -0.2572    32.2982    1444.90  0.000e+00
     34.918   71.96376 -166.31552    -0.2581    32.2958    1444.89  0.000e+00
     34.864   71.96376 -166.31552    -0.2587    32.2963    1444.89  0.000e+00
     34.848   71.96376 -166.31552    -0.2582    32.2973    1444.89  0.000e+00
     34.864   71.96376 -166.31552    -0.2582    32.2988    1444.90  0.000e+00
     34.848   71.96376 -166.31552    -0.2580    32.2991    1444.90  0.000e+00
     34.864   71.96376 -166.31552    -0.2580    32.2996    1444.90  0.000e+00
     34.918   71.96376 -166.31552    -0.2573    32.2992    1444.90  0.000e+00
     34.848   71.96376 -166.31552    -0.2568    32.2995    1444.90  0.000e+00
     34.864   71.96376 -166.31552    -0.2563    32.2976    1444.90  0.000e+00
     34.864   71.96376 -166.31552    -0.2559    32.2950    1444.90  0.000e+00
     34.794   71.96376 -166.31552    -0.2570    32.2934    1444.89  0.000e+00
     34.864   71.96376 -166.31552    -0.2585    32.2939    1444.89  0.000e+00
     34.864   71.96376 -166.31552    -0.2599    32.2993    1444.89  0.000e+00
     34.848   71.96376 -166.31552    -0.2601    32.3060    1444.90  0.000e+00
     34.802   71.96376 -166.31552    -0.2581    32.3065    1444.91  0.000e+00
     34.864   71.96376 -166.31552    -0.2567    32.3044    1444.91  0.000e+00
     34.848   71.96376 -166.31552    -0.2566    32.3007    1444.91  0.000e+00
     34.802   71.96376 -166.31552    -0.2570    32.2989    1444.90  0.000e+00
     34.740   71.96376 -166.31552    -0.2575    32.3005    1444.90  0.000e+00
     34.918   71.96376 -166.31552    -0.2572    32.3053    1444.91  0.000e+00
     34.864   71.96376 -166.31552    -0.2546    32.3071    1444.93  0.000e+00
     34.794   71.96376 -166.31552    -0.2516    32.3077    1444.94  0.000e+00
     34.802   71.96376 -166.31552    -0.2478    32.3066    1444.96  0.000e+00
     34.863   71.96376 -166.31552    -0.2437    32.3055    1444.97  0.000e+00
     34.794   71.96376 -166.31552    -0.2392    32.3061    1444.99  0.000e+00
     34.802   71.96376 -166.31552    -0.2329    32.3022    1445.02  0.000e+00
     34.802   71.96376 -166.31552    -0.2287    32.2982    1445.03  0.000e+00
     34.794   71.96376 -166.31552    -0.2265    32.2968    1445.04  0.000e+00
     34.802   71.96376 -166.31552    -0.2248    32.2957    1445.05  0.000e+00
     34.802   71.96376 -166.31552    -0.2246    32.2965    1445.05  0.000e+00
     34.794   71.96376 -166.31552    -0.2234    32.2966    1445.05  0.000e+00
     34.802   71.96376 -166.31552    -0.2225    32.2977    1445.06  0.000e+00
     34.740   71.96376 -166.31552    -0.2215    32.2969    1445.06  0.000e+00
     34.802   71.96376 -166.31552    -0.2202    32.2951    1445.07  0.000e+00
     34.748   71.96376 -166.31552    -0.2190    32.2941    1445.07  0.000e+00
     34.794   71.96376 -166.31552    -0.2182    32.2938    1445.08  0.000e+00
     34.802   71.96376 -166.31552    -0.2173    32.2930    1445.08  0.000e+00
     34.748   71.96376 -166.31552    -0.2168    32.2927    1445.08  0.000e+00
     34.794   71.96376 -166.31552    -0.2162    32.2920    1445.08  0.000e+00
     34.748   71.96376 -166.31552    -0.2159    32.2927    1445.08  0.000e+00
     34.802   71.96376 -166.31552    -0.2159    32.2930    1445.09  0.000e+00
     34.740   71.96376 -166.31552    -0.2151    32.2924    1445.09  0.000e+00
     34.748   71.96376 -166.31552    -0.2150    32.2925    1445.09  0.000e+00
     34.802   71.96376 -166.31552    -0.2145    32.2921    1445.09  0.000e+00
     34.740   71.96376 -166.31552    -0.2142    32.2924    1445.09  0.000e+00
     34.802   71.96376 -166.31552    -0.2137    32.2923    1445.09  0.000e+00
     34.740   71.96376 -166.31552    -0.2135    32.2921    1445.09  0.000e+00
     34.748   71.96376 -166.31552    -0.2126    32.2923    1445.10  0.000e+00
     34.748   71.96376 -166.31552    -0.2119    32.2923    1445.10  0.000e+00
     34.794   71.96376 -166.31552    -0.2114    32.2913    1445.10  0.000e+00
     34.694   71.96376 -166.31552    -0.2109    32.2896    1445.10  0.000e+00
     34.748   71.96376 -166.31552    -0.2110    32.2892    1445.10  0.000e+00
     34.794   71.96376 -166.31552    -0.2110    32.2890    1445.10  0.000e+00
     34.748   71.96376 -166.31552    -0.2109    32.2888    1445.10  0.000e+00
     34.748   71.96376 -166.31552    -0.2109    32.2877    1445.10  0.000e+00
     34.740   71.96376 -166.31552    -0.2111    32.2876    1445.10  0.000e+00
     34.748   71.96376 -166.31552    -0.2116    32.2881    1445.10  0.000e+00
     34.748   71.96376 -166.31552    -0.2118    32.2895    1445.10  0.000e+00
     34.794   71.96376 -166.31552    -0.2116    32.2906    1445.10  0.000e+00
     34.694   71.96376 -166.31552    -0.2109    32.2900    1445.10  0.000e+00
