EcoFOCI/data/1_SampleCollection/2023_SikuliaqDBO_CruiseData/CTD_raw_BottleFile_SKQ23-12S/proc/skq202312s_024svp.cnv
* Sea-Bird SBE 9 Data File:
* FileName = D:\CTD\SKQ202312S\SKQ202312S_024.hex
* Software Version Seasave V 7.26.7.121
* Temperature SN = 6177
* Conductivity SN = 0369
* Number of Bytes Per Scan = 41
* Number of Voltage Words = 4
* Number of Scans Averaged by the Deck Unit = 1
* NMEA Latitude = 71 12.47 N
* NMEA Longitude = 158 00.01 W
* NMEA UTC (Time) = Sep 20 2023  13:29:26
* NMEA baud rate = 4800
** Ship: R/V Sikuliaq
** Station Number: 024
** Station Name: C5
** Bottom Depth: 49
** Operator: SD
** C5 Mooring Site pre-deployment
# nquan = 7
# nvalues = 4307                                  
# units = specified
# name 0 = depSM: Depth [salt water, m]
# name 1 = latitude: Latitude [deg]
# name 2 = longitude: Longitude [deg]
# name 3 = t090C: Temperature [ITS-90, deg C]
# name 4 = sal00: Salinity, Practical [PSU]
# name 5 = svCM: Sound Velocity [Chen-Millero, m/s]
# name 6 = flag:  0.000e+00
# span 0 =      2.333,     43.192                 
# span 1 =   71.20792,   71.20792                 
# span 2 = -157.99980, -157.99978                 
# span 3 =     0.8896,     4.9502                 
# span 4 =    30.0861,    32.1344                 
# span 5 =    1450.03,    1464.36                 
# span 6 = 0.0000e+00, 0.0000e+00                 
# interval = seconds: 0.0416667
# start_time = Sep 20 2023 13:33:23 [NMEA time, first data scan]
# bad_flag = -9.990e-29
*END*
[from data line 2052]
     19.219   71.20792 -157.99980     4.2749    30.9487    1462.88  0.000e+00
     19.165   71.20792 -157.99980     4.2719    30.9536    1462.87  0.000e+00
     19.296   71.20792 -157.99980     4.2693    30.9569    1462.87  0.000e+00
     19.219   71.20792 -157.99980     4.2666    30.9605    1462.86  0.000e+00
     19.242   71.20792 -157.99980     4.2636    30.9645    1462.85  0.000e+00
     19.281   71.20792 -157.99980     4.2600    30.9691    1462.85  0.000e+00
     19.242   71.20792 -157.99980     4.2563    30.9749    1462.84  0.000e+00
     19.281   71.20792 -157.99980     4.2525    30.9808    1462.83  0.000e+00
     19.281   71.20792 -157.99980     4.2490    30.9856    1462.82  0.000e+00
     19.296   71.20792 -157.99980     4.2462    30.9887    1462.81  0.000e+00
     19.334   71.20792 -157.99980     4.2436    30.9906    1462.81  0.000e+00
     19.296   71.20792 -157.99980     4.2416    30.9918    1462.80  0.000e+00
     19.334   71.20792 -157.99980     4.2395    30.9936    1462.79  0.000e+00
     19.334   71.20792 -157.99980     4.2376    30.9960    1462.79  0.000e+00
     19.358   71.20792 -157.99980     4.2366    30.9967    1462.78  0.000e+00
     19.334   71.20792 -157.99980     4.2362    30.9957    1462.78  0.000e+00
     19.358   71.20792 -157.99980     4.2379    30.9910    1462.78  0.000e+00
     19.334   71.20792 -157.99980     4.2432    30.9825    1462.79  0.000e+00
     19.412   71.20792 -157.99980     4.2520    30.9704    1462.82  0.000e+00
     19.396   71.20792 -157.99980     4.2592    30.9648    1462.84  0.000e+00
     19.450   71.20792 -157.99980     4.2561    30.9740    1462.84  0.000e+00
     19.358   71.20792 -157.99980     4.2476    30.9883    1462.82  0.000e+00
     19.450   71.20792 -157.99980     4.2393    30.9992    1462.80  0.000e+00
     19.473   71.20792 -157.99980     4.2330    31.0079    1462.79  0.000e+00
     19.396   71.20792 -157.99980     4.2283    31.0147    1462.77  0.000e+00
     19.504   71.20792 -157.99980     4.2244    31.0199    1462.77  0.000e+00
     19.473   71.20792 -157.99980     4.2215    31.0232    1462.76  0.000e+00
     19.504   71.20792 -157.99980     4.2198    31.0249    1462.75  0.000e+00
     19.473   71.20792 -157.99980     4.2182    31.0262    1462.75  0.000e+00
     19.504   71.20792 -157.99980     4.2177    31.0266    1462.75  0.000e+00
     19.527   71.20792 -157.99980     4.2173    31.0268    1462.75  0.000e+00
     19.566   71.20792 -157.99980     4.2165    31.0272    1462.74  0.000e+00
     19.566   71.20792 -157.99980     4.2157    31.0275    1462.74  0.000e+00
     19.581   71.20792 -157.99980     4.2144    31.0278    1462.74  0.000e+00
     19.566   71.20792 -157.99980     4.2122    31.0291    1462.73  0.000e+00
     19.643   71.20792 -157.99980     4.2090    31.0326    1462.72  0.000e+00
     19.566   71.20792 -157.99980     4.2054    31.0360    1462.71  0.000e+00
     19.682   71.20792 -157.99980     4.2007    31.0408    1462.70  0.000e+00
     19.643   71.20792 -157.99980     4.1951    31.0468    1462.68  0.000e+00
     19.682   71.20792 -157.99980     4.1897    31.0529    1462.67  0.000e+00
     19.697   71.20792 -157.99980     4.1853    31.0588    1462.66  0.000e+00
     19.735   71.20792 -157.99980     4.1808    31.0657    1462.65  0.000e+00
     19.697   71.20792 -157.99980     4.1771    31.0707    1462.64  0.000e+00
     19.735   71.20792 -157.99980     4.1744    31.0734    1462.63  0.000e+00
     19.797   71.20792 -157.99980     4.1718    31.0754    1462.62  0.000e+00
     19.813   71.20792 -157.99980     4.1683    31.0777    1462.61  0.000e+00
     19.797   71.20792 -157.99980     4.1656    31.0802    1462.60  0.000e+00
     19.813   71.20792 -157.99980     4.1631    31.0835    1462.60  0.000e+00
     19.905   71.20792 -157.99980     4.1617    31.0852    1462.59  0.000e+00
     19.874   71.20792 -157.99980     4.1614    31.0871    1462.59  0.000e+00
     19.905   71.20792 -157.99980     4.1598    31.0909    1462.59  0.000e+00
     19.905   71.20792 -157.99980     4.1585    31.0933    1462.59  0.000e+00
     19.928   71.20792 -157.99980     4.1581    31.0956    1462.59  0.000e+00
     19.967   71.20792 -157.99980     4.1582    31.1001    1462.60  0.000e+00
     20.044   71.20792 -157.99980     4.1588    31.1068    1462.61  0.000e+00
     20.021   71.20792 -157.99980     4.1593    31.1129    1462.62  0.000e+00
     20.044   71.20792 -157.99980     4.1601    31.1165    1462.63  0.000e+00
     20.083   71.20792 -157.99980     4.1609    31.1222    1462.64  0.000e+00
     20.136   71.20792 -157.99980     4.1623    31.1282    1462.66  0.000e+00
     20.098   71.20792 -157.99980     4.1647    31.1354    1462.67  0.000e+00
     20.136   71.20792 -157.99980     4.1677    31.1395    1462.69  0.000e+00
     20.160   71.20792 -157.99980     4.1710    31.1492    1462.72  0.000e+00
     20.198   71.20792 -157.99980     4.1758    31.1576    1462.75  0.000e+00
     20.214   71.20792 -157.99980     4.1802    31.1652    1462.78  0.000e+00
     20.306   71.20792 -157.99980     4.1845    31.1724    1462.81  0.000e+00
     20.252   71.20792 -157.99980     4.1880    31.1807    1462.83  0.000e+00
     20.268   71.20792 -157.99980     4.1914    31.1895    1462.86  0.000e+00
     20.368   71.20792 -157.99980     4.1951    31.2006    1462.89  0.000e+00
     20.329   71.20792 -157.99980     4.1994    31.2114    1462.92  0.000e+00
     20.422   71.20792 -157.99980     4.2034    31.2203    1462.95  0.000e+00
     20.383   71.20792 -157.99980     4.2068    31.2257    1462.97  0.000e+00
     20.484   71.20792 -157.99980     4.2095    31.2301    1462.99  0.000e+00
     20.445   71.20792 -157.99980     4.2122    31.2341    1463.00  0.000e+00
     20.484   71.20792 -157.99980     4.2144    31.2377    1463.02  0.000e+00
     20.537   71.20792 -157.99980     4.2167    31.2412    1463.03  0.000e+00
     20.561   71.20792 -157.99980     4.2185    31.2435    1463.05  0.000e+00
     20.599   71.20792 -157.99980     4.2205    31.2447    1463.06  0.000e+00
     20.615   71.20792 -157.99980     4.2216    31.2467    1463.06  0.000e+00
     20.653   71.20792 -157.99980     4.2227    31.2494    1463.07  0.000e+00
     20.669   71.20792 -157.99980     4.2245    31.2533    1463.08  0.000e+00
     20.653   71.20792 -157.99980     4.2281    31.2580    1463.11  0.000e+00
     20.769   71.20792 -157.99980     4.2314    31.2617    1463.13  0.000e+00
     20.730   71.20792 -157.99980     4.2355    31.2650    1463.15  0.000e+00
     20.769   71.20792 -157.99980     4.2385    31.2668    1463.16  0.000e+00
     20.846   71.20792 -157.99980     4.2401    31.2695    1463.17  0.000e+00
     20.823   71.20792 -157.99980     4.2404    31.2725    1463.18  0.000e+00
     20.846   71.20792 -157.99980     4.2400    31.2752    1463.18  0.000e+00
     20.885   71.20792 -157.99980     4.2396    31.2771    1463.18  0.000e+00
     20.900   71.20792 -157.99980     4.2398    31.2781    1463.18  0.000e+00
     20.938   71.20792 -157.99980     4.2384    31.2811    1463.18  0.000e+00
     20.962   71.20792 -157.99980     4.2352    31.2825    1463.17  0.000e+00
     20.938   71.20792 -157.99980     4.2279    31.2832    1463.14  0.000e+00
     21.000   71.20792 -157.99980     4.2157    31.2867    1463.10  0.000e+00
     21.070   71.20792 -157.99980     4.2068    31.2900    1463.06  0.000e+00
     21.054   71.20792 -157.99980     4.1973    31.2935    1463.03  0.000e+00
     21.016   71.20792 -157.99980     4.1886    31.2962    1463.00  0.000e+00
     21.108   71.20792 -157.99980     4.1795    31.2980    1462.96  0.000e+00
     21.070   71.20792 -157.99980     4.1709    31.3004    1462.93  0.000e+00
     21.170   71.20792 -157.99980     4.1652    31.3039    1462.91  0.000e+00
     21.131   71.20792 -157.99980     4.1623    31.3053    1462.90  0.000e+00
     21.224   71.20792 -157.99980     4.1560    31.3024    1462.87  0.000e+00
     21.170   71.20792 -157.99980     4.1449    31.3020    1462.82  0.000e+00
     21.185   71.20792 -157.99980     4.1373    31.3039    1462.79  0.000e+00
     21.224   71.20792 -157.99980     4.1327    31.3092    1462.78  0.000e+00
     21.247   71.20792 -157.99980     4.1324    31.3120    1462.78  0.000e+00
     21.286   71.20792 -157.99980     4.1335    31.3111    1462.79  0.000e+00
     21.301   71.20792 -157.99980     4.1324    31.3083    1462.78  0.000e+00
     21.286   71.20792 -157.99980     4.1264    31.3046    1462.75  0.000e+00
     21.301   71.20792 -157.99980     4.1188    31.3020    1462.71  0.000e+00
     21.339   71.20792 -157.99980     4.1123    31.3039    1462.69  0.000e+00
     21.363   71.20792 -157.99980     4.1081    31.3032    1462.67  0.000e+00
     21.339   71.20792 -157.99980     4.1020    31.3039    1462.65  0.000e+00
     21.401   71.20792 -157.99980     4.0970    31.3040    1462.63  0.000e+00
     21.417   71.20792 -157.99980     4.0911    31.3040    1462.60  0.000e+00
     21.401   71.20792 -157.99980     4.0848    31.3045    1462.58  0.000e+00
     21.417   71.20792 -157.99980     4.0790    31.3058    1462.55  0.000e+00
     21.455   71.20792 -157.99980     4.0746    31.3070    1462.54  0.000e+00
     21.471   71.20792 -157.99980     4.0701    31.3075    1462.52  0.000e+00
     21.455   71.20792 -157.99980     4.0653    31.3075    1462.50  0.000e+00
     21.471   71.20792 -157.99980     4.0594    31.3059    1462.47  0.000e+00
     21.509   71.20792 -157.99980     4.0523    31.3053    1462.44  0.000e+00
     21.471   71.20792 -157.99980     4.0454    31.3078    1462.42  0.000e+00
     21.509   71.20792 -157.99980     4.0411    31.3093    1462.40  0.000e+00
     21.532   71.20792 -157.99980     4.0371    31.3102    1462.39  0.000e+00
     21.571   71.20792 -157.99980     4.0331    31.3092    1462.37  0.000e+00
     21.571   71.20792 -157.99980     4.0272    31.3091    1462.34  0.000e+00
     21.532   71.20792 -157.99980     4.0201    31.3101    1462.31  0.000e+00
     21.571   71.20792 -157.99980     4.0145    31.3119    1462.29  0.000e+00
     21.586   71.20792 -157.99978     4.0116    31.3138    1462.28  0.000e+00
     21.625   71.20792 -157.99978     4.0088    31.3147    1462.27  0.000e+00
     21.586   71.20792 -157.99978     4.0056    31.3138    1462.26  0.000e+00
     21.625   71.20792 -157.99978     4.0011    31.3111    1462.24  0.000e+00
     21.648   71.20792 -157.99978     3.9927    31.3059    1462.20  0.000e+00
     21.625   71.20792 -157.99978     3.9788    31.2998    1462.13  0.000e+00
     21.648   71.20792 -157.99978     3.9593    31.2937    1462.04  0.000e+00
     21.625   71.20792 -157.99978     3.9348    31.2910    1461.93  0.000e+00
     21.702   71.20792 -157.99978     3.9113    31.2952    1461.84  0.000e+00
     21.687   71.20792 -157.99978     3.8937    31.3002    1461.77  0.000e+00
     21.740   71.20792 -157.99978     3.8782    31.3005    1461.71  0.000e+00
     21.648   71.20792 -157.99978     3.8597    31.2999    1461.63  0.000e+00
     21.740   71.20792 -157.99978     3.8433    31.3031    1461.56  0.000e+00
     21.702   71.20792 -157.99978     3.8311    31.3098    1461.52  0.000e+00
     21.740   71.20792 -157.99978     3.8245    31.3142    1461.50  0.000e+00
     21.756   71.20792 -157.99978     3.8197    31.3174    1461.48  0.000e+00
     21.802   71.20792 -157.99978     3.8163    31.3179    1461.47  0.000e+00
     21.756   71.20792 -157.99978     3.8110    31.3153    1461.44  0.000e+00
     21.802   71.20792 -157.99978     3.8030    31.3119    1461.41  0.000e+00
     21.756   71.20792 -157.99978     3.7913    31.3102    1461.35  0.000e+00
     21.856   71.20792 -157.99978     3.7804    31.3137    1461.31  0.000e+00
     21.818   71.20792 -157.99978     3.7746    31.3167    1461.29  0.000e+00
     21.856   71.20792 -157.99978     3.7694    31.3181    1461.27  0.000e+00
     21.818   71.20792 -157.99978     3.7658    31.3189    1461.26  0.000e+00
     21.910   71.20792 -157.99978     3.7620    31.3178    1461.24  0.000e+00
     21.856   71.20792 -157.99978     3.7562    31.3171    1461.22  0.000e+00
     21.872   71.20792 -157.99978     3.7506    31.3176    1461.19  0.000e+00
     21.910   71.20792 -157.99978     3.7461    31.3164    1461.17  0.000e+00
     21.933   71.20792 -157.99978     3.7391    31.3137    1461.14  0.000e+00
     21.972   71.20792 -157.99978     3.7283    31.3107    1461.09  0.000e+00
     21.933   71.20792 -157.99978     3.7172    31.3130    1461.05  0.000e+00
     21.972   71.20792 -157.99978     3.7100    31.3163    1461.02  0.000e+00
     21.933   71.20792 -157.99978     3.7042    31.3194    1461.00  0.000e+00
     22.026   71.20792 -157.99978     3.7001    31.3148    1460.98  0.000e+00
     21.987   71.20792 -157.99978     3.6834    31.3028    1460.89  0.000e+00
     21.972   71.20792 -157.99978     3.6543    31.2987    1460.76  0.000e+00
     22.103   71.20792 -157.99978     3.6292    31.3026    1460.66  0.000e+00
     22.026   71.20792 -157.99978     3.6107    31.3097    1460.59  0.000e+00
     22.049   71.20792 -157.99978     3.5971    31.3162    1460.54  0.000e+00
     22.088   71.20792 -157.99978     3.5881    31.3216    1460.51  0.000e+00
     22.103   71.20792 -157.99978     3.5814    31.3229    1460.49  0.000e+00
     22.088   71.20792 -157.99978     3.5744    31.3233    1460.46  0.000e+00
     22.203   71.20792 -157.99978     3.5680    31.3247    1460.43  0.000e+00
     22.157   71.20792 -157.99978     3.5632    31.3227    1460.41  0.000e+00
     22.142   71.20792 -157.99978     3.5520    31.3123    1460.35  0.000e+00
     22.219   71.20792 -157.99978     3.5281    31.3068    1460.24  0.000e+00
     22.203   71.20792 -157.99978     3.5078    31.2972    1460.14  0.000e+00
     22.273   71.20792 -157.99978     3.4740    31.2858    1459.98  0.000e+00
     22.257   71.20792 -157.99978     3.4320    31.3030    1459.83  0.000e+00
     22.273   71.20792 -157.99978     3.4096    31.3160    1459.75  0.000e+00
     22.311   71.20792 -157.99978     3.3846    31.3101    1459.63  0.000e+00
     22.273   71.20792 -157.99978     3.3451    31.3142    1459.47  0.000e+00
     22.373   71.20792 -157.99978     3.3096    31.3167    1459.32  0.000e+00
     22.388   71.20792 -157.99978     3.2645    31.3209    1459.14  0.000e+00
     22.373   71.20792 -157.99978     3.2234    31.3360    1458.98  0.000e+00
     22.450   71.20792 -157.99978     3.1888    31.3497    1458.85  0.000e+00
     22.427   71.20792 -157.99978     3.1609    31.3625    1458.75  0.000e+00
     22.450   71.20792 -157.99978     3.1331    31.3704    1458.64  0.000e+00
     22.543   71.20792 -157.99978     3.1010    31.3826    1458.52  0.000e+00
     22.504   71.20792 -157.99978     3.0742    31.3916    1458.41  0.000e+00
     22.543   71.20792 -157.99978     3.0485    31.3995    1458.31  0.000e+00
     22.558   71.20792 -157.99978     3.0198    31.3937    1458.18  0.000e+00
     22.604   71.20792 -157.99978     2.9485    31.4008    1457.88  0.000e+00
     22.558   71.20792 -157.99978     2.8663    31.4283    1457.56  0.000e+00
     22.658   71.20792 -157.99978     2.7896    31.4581    1457.27  0.000e+00
     22.674   71.20792 -157.99978     2.7186    31.4984    1457.02  0.000e+00
     22.712   71.20792 -157.99978     2.6585    31.5231    1456.79  0.000e+00
     22.712   71.20792 -157.99978     2.5881    31.5515    1456.52  0.000e+00
     22.674   71.20792 -157.99978     2.5205    31.5800    1456.26  0.000e+00
     22.828   71.20792 -157.99978     2.4491    31.6144    1456.00  0.000e+00
     22.735   71.20792 -157.99978     2.3966    31.6360    1455.80  0.000e+00
     22.828   71.20792 -157.99978     2.3461    31.6564    1455.60  0.000e+00
     22.851   71.20792 -157.99978     2.2957    31.6770    1455.41  0.000e+00
     22.890   71.20792 -157.99978     2.2498    31.6963    1455.23  0.000e+00
     22.851   71.20792 -157.99978     2.1991    31.7126    1455.03  0.000e+00
     22.890   71.20792 -157.99978     2.1174    31.7404    1454.71  0.000e+00
