EcoFOCI/data/1_SampleCollection/2023_SikuliaqDBO_CruiseData/CTD_raw_BottleFile_SKQ23-12S/proc/skq202312s_017svp.cnv
* Sea-Bird SBE 9 Data File:
* FileName = D:\CTD\SKQ202312S\SKQ202312S_017.hex
* Software Version Seasave V 7.26.7.121
* Temperature SN = 6177
* Conductivity SN = 0369
* Number of Bytes Per Scan = 41
* Number of Voltage Words = 4
* Number of Scans Averaged by the Deck Unit = 1
* NMEA Latitude = 64 40.58 N
* NMEA Longitude = 168 35.74 W
* NMEA UTC (Time) = Sep 17 2023  17:29:22
* NMEA baud rate = 4800
** Ship: R/V Sikuliaq
** Station Number: 017
** Station Name: DBO2.2a
** Bottom Depth: 43
** Operator: SD
# nquan = 7
# nvalues = 4343                                  
# units = specified
# name 0 = depSM: Depth [salt water, m]
# name 1 = latitude: Latitude [deg]
# name 2 = longitude: Longitude [deg]
# name 3 = t090C: Temperature [ITS-90, deg C]
# name 4 = sal00: Salinity, Practical [PSU]
# name 5 = svCM: Sound Velocity [Chen-Millero, m/s]
# name 6 = flag:  0.000e+00
# span 0 =      2.666,     37.762                 
# span 1 =   64.67642,   64.67646                 
# span 2 = -168.59560, -168.59556                 
# span 3 =     3.0589,     4.5338                 
# span 4 =    31.9894,    32.8255                 
# span 5 =    1459.30,    1465.08                 
# span 6 = 0.0000e+00, 0.0000e+00                 
# interval = seconds: 0.0416667
# start_time = Sep 17 2023 17:33:26 [NMEA time, first data scan]
# bad_flag = -9.990e-29
*END*
[from data line 4308]
     37.647   64.67644 -168.59556     3.0634    32.8240    1460.47  0.000e+00
     37.585   64.67644 -168.59556     3.0632    32.8242    1460.47  0.000e+00
     37.531   64.67644 -168.59556     3.0636    32.8243    1460.47  0.000e+00
     37.577   64.67644 -168.59556     3.0634    32.8244    1460.47  0.000e+00
     37.585   64.67644 -168.59556     3.0632    32.8247    1460.47  0.000e+00
     37.647   64.67644 -168.59556     3.0637    32.8243    1460.48  0.000e+00
     37.577   64.67644 -168.59556     3.0637    32.8244    1460.47  0.000e+00
     37.647   64.67644 -168.59556     3.0634    32.8246    1460.47  0.000e+00
     37.585   64.67644 -168.59556     3.0634    32.8242    1460.47  0.000e+00
     37.631   64.67644 -168.59556     3.0634    32.8247    1460.47  0.000e+00
     37.647   64.67644 -168.59556     3.0634    32.8247    1460.47  0.000e+00
     37.585   64.67644 -168.59556     3.0634    32.8247    1460.47  0.000e+00
     37.693   64.67644 -168.59556     3.0634    32.8244    1460.47  0.000e+00
     37.647   64.67644 -168.59556     3.0634    32.8241    1460.47  0.000e+00
     37.647   64.67644 -168.59556     3.0636    32.8241    1460.47  0.000e+00
     37.577   64.67644 -168.59556     3.0636    32.8244    1460.47  0.000e+00
     37.762   64.67644 -168.59556     3.0636    32.8240    1460.48  0.000e+00
     37.647   64.67644 -168.59556     3.0637    32.8239    1460.47  0.000e+00
     37.701   64.67644 -168.59556     3.0636    32.8243    1460.48  0.000e+00
     37.693   64.67644 -168.59556     3.0636    32.8244    1460.48  0.000e+00
     37.701   64.67644 -168.59556     3.0634    32.8244    1460.47  0.000e+00
     37.700   64.67644 -168.59556     3.0634    32.8239    1460.47  0.000e+00
     37.693   64.67644 -168.59556     3.0636    32.8236    1460.47  0.000e+00
     37.700   64.67644 -168.59556     3.0632    32.8243    1460.47  0.000e+00
     37.700   64.67644 -168.59556     3.0636    32.8243    1460.48  0.000e+00
     37.693   64.67644 -168.59556     3.0632    32.8241    1460.47  0.000e+00
     37.762   64.67644 -168.59556     3.0632    32.8245    1460.48  0.000e+00
     37.700   64.67644 -168.59556     3.0634    32.8248    1460.48  0.000e+00
     37.693   64.67644 -168.59556     3.0636    32.8240    1460.48  0.000e+00
     37.700   64.67644 -168.59556     3.0634    32.8244    1460.48  0.000e+00
     37.762   64.67644 -168.59556     3.0632    32.8243    1460.48  0.000e+00
     37.700   64.67644 -168.59556     3.0632    32.8241    1460.47  0.000e+00
     37.747   64.67644 -168.59556     3.0632    32.8246    1460.48  0.000e+00
     37.700   64.67644 -168.59556     3.0632    32.8243    1460.47  0.000e+00
     37.762   64.67644 -168.59556     3.0632    32.8245    1460.48  0.000e+00
