EcoFOCI/data/1_SampleCollection/2023_SikuliaqDBO_CruiseData/CTD_raw_BottleFile_SKQ23-12S/proc/skq202312s_072svp.cnv
* Sea-Bird SBE 9 Data File:
* FileName = D:\CTD\SKQ202312S\SKQ202312S_072.hex
* Software Version Seasave V 7.26.7.121
* Temperature SN = 6177
* Conductivity SN = 0369
* Number of Bytes Per Scan = 41
* Number of Voltage Words = 4
* Number of Scans Averaged by the Deck Unit = 1
* NMEA Latitude = 68 00.76 N
* NMEA Longitude = 167 52.45 W
* NMEA UTC (Time) = Oct 01 2023  18:46:53
* NMEA baud rate = 4800
** Ship: R/V Sikuliaq
** Station Number: 072
** Station Name: DBO3.5
** Bottom Depth: 52
** Operator: SD
# nquan = 7
# nvalues = 7252                                  
# units = specified
# name 0 = depSM: Depth [salt water, m]
# name 1 = latitude: Latitude [deg]
# name 2 = longitude: Longitude [deg]
# name 3 = t090C: Temperature [ITS-90, deg C]
# name 4 = sal00: Salinity, Practical [PSU]
# name 5 = svCM: Sound Velocity [Chen-Millero, m/s]
# name 6 = flag:  0.000e+00
# span 0 =      2.833,     47.830                 
# span 1 =   68.01172,   68.01234                 
# span 2 = -167.87380, -167.87292                 
# span 3 =     2.7499,     5.4276                 
# span 4 =    29.1809,    32.3130                 
# span 5 =    1457.36,    1467.24                 
# span 6 = 0.0000e+00, 0.0000e+00                 
# interval = seconds: 0.0416667
# start_time = Oct 01 2023 18:50:54 [NMEA time, first data scan]
# bad_flag = -9.990e-29
*END*
[from data line 3077]
     41.146   68.01206 -167.87328     2.9344    32.2186    1459.19  0.000e+00
     41.208   68.01206 -167.87328     2.9342    32.2192    1459.19  0.000e+00
     41.146   68.01206 -167.87328     2.9347    32.2192    1459.19  0.000e+00
     41.262   68.01206 -167.87328     2.9349    32.2195    1459.20  0.000e+00
     41.208   68.01206 -167.87328     2.9352    32.2200    1459.20  0.000e+00
     41.254   68.01206 -167.87328     2.9357    32.2207    1459.20  0.000e+00
     41.262   68.01206 -167.87328     2.9363    32.2213    1459.20  0.000e+00
     41.262   68.01206 -167.87328     2.9367    32.2217    1459.21  0.000e+00
     41.324   68.01206 -167.87328     2.9377    32.2216    1459.21  0.000e+00
     41.324   68.01206 -167.87328     2.9379    32.2223    1459.21  0.000e+00
     41.316   68.01206 -167.87328     2.9387    32.2230    1459.22  0.000e+00
     41.378   68.01206 -167.87328     2.9394    32.2233    1459.22  0.000e+00
     41.378   68.01206 -167.87328     2.9401    32.2237    1459.23  0.000e+00
     41.378   68.01206 -167.87328     2.9407    32.2240    1459.23  0.000e+00
     41.370   68.01206 -167.87328     2.9411    32.2254    1459.23  0.000e+00
     41.378   68.01206 -167.87328     2.9418    32.2256    1459.24  0.000e+00
     41.439   68.01206 -167.87328     2.9427    32.2246    1459.24  0.000e+00
     41.439   68.01206 -167.87328     2.9437    32.2242    1459.24  0.000e+00
     41.439   68.01206 -167.87328     2.9441    32.2245    1459.24  0.000e+00
     41.486   68.01206 -167.87328     2.9446    32.2249    1459.25  0.000e+00
     41.439   68.01206 -167.87328     2.9449    32.2252    1459.25  0.000e+00
     41.493   68.01206 -167.87328     2.9457    32.2249    1459.25  0.000e+00
     41.493   68.01206 -167.87328     2.9461    32.2247    1459.25  0.000e+00
     41.493   68.01206 -167.87328     2.9462    32.2243    1459.25  0.000e+00
     41.547   68.01206 -167.87328     2.9465    32.2242    1459.26  0.000e+00
     41.493   68.01206 -167.87328     2.9468    32.2242    1459.26  0.000e+00
     41.547   68.01206 -167.87328     2.9468    32.2242    1459.26  0.000e+00
     41.547   68.01206 -167.87328     2.9468    32.2242    1459.26  0.000e+00
     41.547   68.01206 -167.87328     2.9472    32.2238    1459.26  0.000e+00
     41.547   68.01206 -167.87328     2.9475    32.2238    1459.26  0.000e+00
     41.547   68.01206 -167.87328     2.9474    32.2246    1459.26  0.000e+00
     41.547   68.01206 -167.87328     2.9478    32.2246    1459.26  0.000e+00
     41.547   68.01206 -167.87328     2.9479    32.2247    1459.26  0.000e+00
     41.547   68.01206 -167.87328     2.9482    32.2248    1459.26  0.000e+00
     41.601   68.01206 -167.87328     2.9481    32.2245    1459.26  0.000e+00
     41.547   68.01206 -167.87328     2.9486    32.2239    1459.26  0.000e+00
     41.609   68.01206 -167.87328     2.9485    32.2239    1459.27  0.000e+00
     41.609   68.01206 -167.87328     2.9487    32.2239    1459.27  0.000e+00
     41.609   68.01206 -167.87328     2.9488    32.2241    1459.27  0.000e+00
     41.547   68.01206 -167.87328     2.9487    32.2243    1459.27  0.000e+00
     41.609   68.01206 -167.87328     2.9489    32.2247    1459.27  0.000e+00
     41.609   68.01206 -167.87328     2.9491    32.2250    1459.27  0.000e+00
     41.663   68.01206 -167.87328     2.9493    32.2254    1459.27  0.000e+00
     41.609   68.01206 -167.87328     2.9496    32.2261    1459.27  0.000e+00
     41.601   68.01206 -167.87328     2.9500    32.2265    1459.28  0.000e+00
     41.609   68.01206 -167.87328     2.9503    32.2275    1459.28  0.000e+00
     41.663   68.01206 -167.87328     2.9508    32.2272    1459.28  0.000e+00
     41.609   68.01206 -167.87328     2.9511    32.2277    1459.28  0.000e+00
     41.663   68.01206 -167.87328     2.9517    32.2276    1459.29  0.000e+00
     41.663   68.01206 -167.87328     2.9519    32.2278    1459.29  0.000e+00
     41.609   68.01206 -167.87328     2.9522    32.2280    1459.29  0.000e+00
     41.725   68.01206 -167.87328     2.9527    32.2274    1459.29  0.000e+00
     41.663   68.01206 -167.87328     2.9528    32.2274    1459.29  0.000e+00
     41.663   68.01206 -167.87328     2.9530    32.2274    1459.29  0.000e+00
     41.663   68.01206 -167.87328     2.9531    32.2270    1459.29  0.000e+00
     41.725   68.01206 -167.87328     2.9531    32.2273    1459.29  0.000e+00
     41.725   68.01206 -167.87328     2.9533    32.2273    1459.29  0.000e+00
     41.725   68.01206 -167.87328     2.9533    32.2275    1459.29  0.000e+00
     41.725   68.01206 -167.87328     2.9536    32.2272    1459.29  0.000e+00
     41.771   68.01206 -167.87328     2.9535    32.2263    1459.29  0.000e+00
     41.779   68.01206 -167.87328     2.9533    32.2250    1459.29  0.000e+00
     41.779   68.01206 -167.87328     2.9530    32.2243    1459.29  0.000e+00
     41.725   68.01206 -167.87328     2.9523    32.2251    1459.29  0.000e+00
     41.840   68.01206 -167.87328     2.9522    32.2250    1459.29  0.000e+00
     41.771   68.01206 -167.87328     2.9519    32.2259    1459.29  0.000e+00
     41.779   68.01206 -167.87328     2.9520    32.2264    1459.29  0.000e+00
     41.840   68.01206 -167.87328     2.9522    32.2274    1459.29  0.000e+00
     41.840   68.01206 -167.87328     2.9526    32.2278    1459.29  0.000e+00
     41.894   68.01206 -167.87328     2.9527    32.2285    1459.29  0.000e+00
     41.833   68.01206 -167.87328     2.9530    32.2296    1459.30  0.000e+00
     41.894   68.01206 -167.87328     2.9536    32.2307    1459.30  0.000e+00
     41.894   68.01206 -167.87328     2.9542    32.2308    1459.30  0.000e+00
     41.894   68.01206 -167.87328     2.9546    32.2307    1459.31  0.000e+00
     41.948   68.01206 -167.87328     2.9553    32.2300    1459.31  0.000e+00
     42.002   68.01206 -167.87328     2.9555    32.2310    1459.31  0.000e+00
     41.948   68.01206 -167.87328     2.9563    32.2307    1459.31  0.000e+00
     41.948   68.01206 -167.87328     2.9565    32.2310    1459.31  0.000e+00
     42.010   68.01206 -167.87328     2.9571    32.2305    1459.32  0.000e+00
     42.010   68.01206 -167.87328     2.9574    32.2304    1459.32  0.000e+00
     42.010   68.01206 -167.87328     2.9577    32.2305    1459.32  0.000e+00
     42.064   68.01206 -167.87328     2.9580    32.2305    1459.32  0.000e+00
     42.064   68.01206 -167.87328     2.9583    32.2305    1459.32  0.000e+00
     42.064   68.01206 -167.87328     2.9585    32.2304    1459.32  0.000e+00
     42.126   68.01206 -167.87328     2.9585    32.2302    1459.33  0.000e+00
     42.126   68.01206 -167.87328     2.9589    32.2297    1459.33  0.000e+00
     42.118   68.01206 -167.87328     2.9588    32.2300    1459.33  0.000e+00
     42.126   68.01206 -167.87326     2.9588    32.2299    1459.33  0.000e+00
     42.180   68.01206 -167.87326     2.9591    32.2299    1459.33  0.000e+00
     42.180   68.01206 -167.87326     2.9590    32.2301    1459.33  0.000e+00
     42.241   68.01206 -167.87326     2.9591    32.2302    1459.33  0.000e+00
     42.234   68.01206 -167.87326     2.9596    32.2300    1459.33  0.000e+00
     42.241   68.01206 -167.87326     2.9596    32.2303    1459.33  0.000e+00
     42.241   68.01206 -167.87326     2.9597    32.2311    1459.33  0.000e+00
     42.295   68.01206 -167.87326     2.9599    32.2314    1459.34  0.000e+00
     42.295   68.01206 -167.87326     2.9604    32.2312    1459.34  0.000e+00
     42.295   68.01206 -167.87326     2.9607    32.2320    1459.34  0.000e+00
     42.349   68.01206 -167.87326     2.9610    32.2325    1459.34  0.000e+00
     42.411   68.01206 -167.87326     2.9617    32.2327    1459.35  0.000e+00
     42.349   68.01206 -167.87326     2.9621    32.2326    1459.35  0.000e+00
     42.465   68.01206 -167.87326     2.9626    32.2327    1459.35  0.000e+00
     42.411   68.01206 -167.87326     2.9632    32.2325    1459.35  0.000e+00
     42.465   68.01206 -167.87326     2.9635    32.2321    1459.35  0.000e+00
     42.465   68.01206 -167.87326     2.9637    32.2322    1459.36  0.000e+00
     42.465   68.01206 -167.87326     2.9641    32.2328    1459.36  0.000e+00
     42.527   68.01206 -167.87326     2.9645    32.2329    1459.36  0.000e+00
     42.527   68.01206 -167.87326     2.9647    32.2330    1459.36  0.000e+00
     42.519   68.01206 -167.87326     2.9650    32.2331    1459.36  0.000e+00
     42.527   68.01206 -167.87326     2.9656    32.2330    1459.37  0.000e+00
     42.581   68.01206 -167.87326     2.9657    32.2329    1459.37  0.000e+00
     42.581   68.01206 -167.87326     2.9660    32.2327    1459.37  0.000e+00
     42.581   68.01206 -167.87326     2.9662    32.2331    1459.37  0.000e+00
     42.642   68.01206 -167.87326     2.9662    32.2334    1459.37  0.000e+00
     42.635   68.01206 -167.87326     2.9669    32.2335    1459.37  0.000e+00
     42.696   68.01206 -167.87326     2.9667    32.2335    1459.37  0.000e+00
     42.696   68.01206 -167.87326     2.9672    32.2333    1459.38  0.000e+00
     42.696   68.01206 -167.87326     2.9675    32.2333    1459.38  0.000e+00
     42.696   68.01206 -167.87326     2.9678    32.2333    1459.38  0.000e+00
     42.750   68.01206 -167.87326     2.9677    32.2335    1459.38  0.000e+00
     42.750   68.01206 -167.87326     2.9682    32.2331    1459.38  0.000e+00
     42.750   68.01206 -167.87326     2.9681    32.2332    1459.38  0.000e+00
     42.750   68.01206 -167.87326     2.9684    32.2327    1459.38  0.000e+00
     42.812   68.01206 -167.87326     2.9682    32.2332    1459.38  0.000e+00
     42.750   68.01206 -167.87326     2.9685    32.2323    1459.38  0.000e+00
     42.804   68.01206 -167.87326     2.9681    32.2330    1459.38  0.000e+00
     42.812   68.01206 -167.87326     2.9682    32.2331    1459.38  0.000e+00
     42.812   68.01206 -167.87326     2.9684    32.2329    1459.38  0.000e+00
     42.866   68.01206 -167.87326     2.9684    32.2329    1459.38  0.000e+00
     42.812   68.01206 -167.87326     2.9682    32.2332    1459.38  0.000e+00
     42.866   68.01206 -167.87326     2.9682    32.2333    1459.38  0.000e+00
     42.920   68.01206 -167.87326     2.9684    32.2329    1459.38  0.000e+00
     42.866   68.01206 -167.87326     2.9687    32.2331    1459.39  0.000e+00
     42.928   68.01206 -167.87326     2.9685    32.2329    1459.39  0.000e+00
     42.928   68.01206 -167.87326     2.9686    32.2329    1459.39  0.000e+00
     42.928   68.01206 -167.87326     2.9686    32.2331    1459.39  0.000e+00
     42.928   68.01206 -167.87326     2.9687    32.2333    1459.39  0.000e+00
     42.974   68.01206 -167.87326     2.9686    32.2335    1459.39  0.000e+00
     42.982   68.01206 -167.87326     2.9689    32.2329    1459.39  0.000e+00
     42.928   68.01206 -167.87326     2.9687    32.2331    1459.39  0.000e+00
     42.982   68.01206 -167.87326     2.9686    32.2331    1459.39  0.000e+00
     42.982   68.01206 -167.87326     2.9686    32.2332    1459.39  0.000e+00
     42.982   68.01206 -167.87326     2.9686    32.2329    1459.39  0.000e+00
     42.974   68.01206 -167.87326     2.9689    32.2330    1459.39  0.000e+00
     42.928   68.01206 -167.87326     2.9686    32.2330    1459.39  0.000e+00
     42.982   68.01206 -167.87326     2.9687    32.2330    1459.39  0.000e+00
     42.982   68.01206 -167.87326     2.9686    32.2332    1459.39  0.000e+00
     43.043   68.01206 -167.87326     2.9686    32.2331    1459.39  0.000e+00
     42.974   68.01206 -167.87326     2.9687    32.2339    1459.39  0.000e+00
     43.043   68.01206 -167.87326     2.9691    32.2331    1459.39  0.000e+00
     43.043   68.01206 -167.87326     2.9689    32.2333    1459.39  0.000e+00
     43.097   68.01206 -167.87326     2.9691    32.2336    1459.39  0.000e+00
     43.043   68.01206 -167.87326     2.9692    32.2334    1459.39  0.000e+00
     43.097   68.01206 -167.87326     2.9693    32.2333    1459.39  0.000e+00
     43.036   68.01206 -167.87326     2.9695    32.2335    1459.39  0.000e+00
     43.097   68.01206 -167.87326     2.9694    32.2331    1459.39  0.000e+00
     43.043   68.01206 -167.87326     2.9693    32.2332    1459.39  0.000e+00
     42.982   68.01206 -167.87326     2.9695    32.2331    1459.39  0.000e+00
     42.982   68.01206 -167.87326     2.9693    32.2333    1459.39  0.000e+00
     42.982   68.01206 -167.87326     2.9694    32.2330    1459.39  0.000e+00
     42.974   68.01204 -167.87326     2.9691    32.2330    1459.39  0.000e+00
     42.928   68.01204 -167.87326     2.9692    32.2329    1459.39  0.000e+00
     42.928   68.01204 -167.87326     2.9694    32.2327    1459.39  0.000e+00
     42.928   68.01204 -167.87326     2.9691    32.2334    1459.39  0.000e+00
     42.982   68.01204 -167.87326     2.9692    32.2330    1459.39  0.000e+00
     42.927   68.01204 -167.87326     2.9691    32.2334    1459.39  0.000e+00
     42.974   68.01204 -167.87326     2.9692    32.2330    1459.39  0.000e+00
     42.981   68.01204 -167.87326     2.9693    32.2330    1459.39  0.000e+00
     42.927   68.01204 -167.87326     2.9692    32.2333    1459.39  0.000e+00
     42.981   68.01204 -167.87326     2.9691    32.2331    1459.39  0.000e+00
     42.981   68.01204 -167.87326     2.9692    32.2332    1459.39  0.000e+00
     42.981   68.01204 -167.87326     2.9690    32.2338    1459.39  0.000e+00
     42.974   68.01204 -167.87326     2.9693    32.2334    1459.39  0.000e+00
     42.981   68.01204 -167.87326     2.9692    32.2334    1459.39  0.000e+00
     42.927   68.01204 -167.87326     2.9694    32.2332    1459.39  0.000e+00
     42.981   68.01204 -167.87326     2.9694    32.2332    1459.39  0.000e+00
     42.927   68.01204 -167.87326     2.9691    32.2333    1459.39  0.000e+00
     42.927   68.01204 -167.87326     2.9694    32.2325    1459.39  0.000e+00
     42.866   68.01204 -167.87326     2.9693    32.2330    1459.39  0.000e+00
     42.927   68.01204 -167.87326     2.9692    32.2327    1459.39  0.000e+00
     42.927   68.01204 -167.87326     2.9694    32.2328    1459.39  0.000e+00
     42.927   68.01204 -167.87326     2.9691    32.2336    1459.39  0.000e+00
     42.927   68.01204 -167.87326     2.9690    32.2333    1459.39  0.000e+00
     42.920   68.01204 -167.87326     2.9691    32.2332    1459.39  0.000e+00
     42.927   68.01204 -167.87324     2.9690    32.2331    1459.39  0.000e+00
     42.927   68.01204 -167.87324     2.9691    32.2327    1459.39  0.000e+00
     42.927   68.01204 -167.87324     2.9690    32.2327    1459.39  0.000e+00
     42.927   68.01204 -167.87324     2.9690    32.2327    1459.39  0.000e+00
     42.927   68.01204 -167.87324     2.9688    32.2330    1459.39  0.000e+00
     42.920   68.01204 -167.87324     2.9690    32.2329    1459.39  0.000e+00
     42.927   68.01204 -167.87324     2.9689    32.2327    1459.39  0.000e+00
     42.927   68.01204 -167.87324     2.9687    32.2330    1459.39  0.000e+00
     42.866   68.01204 -167.87324     2.9689    32.2329    1459.39  0.000e+00
     42.927   68.01204 -167.87324     2.9687    32.2335    1459.39  0.000e+00
     42.865   68.01204 -167.87324     2.9688    32.2334    1459.39  0.000e+00
     42.919   68.01204 -167.87324     2.9689    32.2329    1459.39  0.000e+00
     42.927   68.01204 -167.87324     2.9687    32.2333    1459.39  0.000e+00
     42.865   68.01204 -167.87324     2.9688    32.2329    1459.39  0.000e+00
     42.865   68.01204 -167.87324     2.9689    32.2327    1459.39  0.000e+00
     42.927   68.01204 -167.87324     2.9688    32.2329    1459.39  0.000e+00
     42.865   68.01204 -167.87324     2.9687    32.2331    1459.39  0.000e+00
     42.919   68.01204 -167.87324     2.9686    32.2332    1459.39  0.000e+00
     42.927   68.01204 -167.87324     2.9686    32.2337    1459.39  0.000e+00
     42.865   68.01204 -167.87324     2.9688    32.2332    1459.39  0.000e+00
     42.927   68.01204 -167.87324     2.9689    32.2329    1459.39  0.000e+00
     42.927   68.01204 -167.87324     2.9687    32.2331    1459.39  0.000e+00
     42.865   68.01204 -167.87324     2.9688    32.2332    1459.39  0.000e+00
