EcoFOCI/data/1_SampleCollection/2023_SikuliaqDBO_CruiseData/CTD_raw_BottleFile_SKQ23-12S/proc/skq202312s_049svp.cnv
* Sea-Bird SBE 9 Data File:
* FileName = D:\CTD\SKQ202312S\SKQ202312S_049.hex
* Software Version Seasave V 7.26.7.121
* Temperature SN = 6177
* Conductivity SN = 0369
* Number of Bytes Per Scan = 41
* Number of Voltage Words = 4
* Number of Scans Averaged by the Deck Unit = 1
* NMEA Latitude = 71 51.00 N
* NMEA Longitude = 162 09.40 W
* NMEA UTC (Time) = Sep 25 2023  06:43:07
* NMEA baud rate = 4800
** Ship: R/V Sikuliaq
** Station Number: 049
** Station Name: DBO4.6n
** Bottom Depth: 41
** Operator: SS
# nquan = 7
# nvalues = 3871                                  
# units = specified
# name 0 = depSM: Depth [salt water, m]
# name 1 = latitude: Latitude [deg]
# name 2 = longitude: Longitude [deg]
# name 3 = t090C: Temperature [ITS-90, deg C]
# name 4 = sal00: Salinity, Practical [PSU]
# name 5 = svCM: Sound Velocity [Chen-Millero, m/s]
# name 6 = flag:  0.000e+00
# span 0 =      2.537,     36.027                 
# span 1 =   71.85006,   71.85008                 
# span 2 = -162.15676, -162.15674                 
# span 3 =    -0.7787,     1.8087                 
# span 4 =    28.1422,    32.6489                 
# span 5 =    1441.48,    1449.42                 
# span 6 = 0.0000e+00, 0.0000e+00                 
# interval = seconds: 0.0416667
# start_time = Sep 25 2023 06:46:31 [NMEA time, first data scan]
# bad_flag = -9.990e-29
*END*
[from data line 1231]
      9.163   71.85008 -162.15676     1.7874    28.3701    1448.61  0.000e+00
      9.217   71.85008 -162.15676     1.7873    28.3701    1448.61  0.000e+00
      9.217   71.85008 -162.15676     1.7874    28.3697    1448.61  0.000e+00
      9.217   71.85008 -162.15676     1.7874    28.3699    1448.61  0.000e+00
      9.217   71.85008 -162.15676     1.7874    28.3700    1448.61  0.000e+00
      9.217   71.85008 -162.15676     1.7876    28.3695    1448.61  0.000e+00
      9.217   71.85008 -162.15676     1.7872    28.3699    1448.61  0.000e+00
      9.279   71.85008 -162.15676     1.7876    28.3698    1448.61  0.000e+00
      9.279   71.85008 -162.15676     1.7876    28.3697    1448.61  0.000e+00
      9.279   71.85008 -162.15676     1.7872    28.3701    1448.61  0.000e+00
      9.279   71.85008 -162.15676     1.7874    28.3700    1448.61  0.000e+00
      9.279   71.85008 -162.15676     1.7874    28.3696    1448.61  0.000e+00
      9.279   71.85008 -162.15676     1.7872    28.3699    1448.61  0.000e+00
      9.333   71.85008 -162.15676     1.7872    28.3699    1448.61  0.000e+00
      9.279   71.85008 -162.15676     1.7874    28.3698    1448.61  0.000e+00
      9.333   71.85008 -162.15676     1.7872    28.3705    1448.61  0.000e+00
      9.364   71.85008 -162.15676     1.7874    28.3699    1448.61  0.000e+00
      9.279   71.85008 -162.15676     1.7872    28.3701    1448.61  0.000e+00
      9.394   71.85008 -162.15676     1.7873    28.3698    1448.61  0.000e+00
      9.333   71.85008 -162.15676     1.7872    28.3701    1448.61  0.000e+00
      9.394   71.85008 -162.15676     1.7871    28.3701    1448.61  0.000e+00
      9.333   71.85008 -162.15676     1.7872    28.3701    1448.61  0.000e+00
      9.394   71.85008 -162.15676     1.7871    28.3702    1448.61  0.000e+00
      9.394   71.85008 -162.15676     1.7872    28.3699    1448.61  0.000e+00
      9.394   71.85008 -162.15676     1.7869    28.3702    1448.61  0.000e+00
      9.394   71.85008 -162.15676     1.7872    28.3701    1448.61  0.000e+00
      9.448   71.85008 -162.15676     1.7872    28.3699    1448.61  0.000e+00
      9.394   71.85008 -162.15676     1.7869    28.3703    1448.61  0.000e+00
      9.448   71.85008 -162.15676     1.7872    28.3699    1448.61  0.000e+00
      9.448   71.85008 -162.15676     1.7872    28.3697    1448.61  0.000e+00
      9.448   71.85008 -162.15676     1.7871    28.3701    1448.61  0.000e+00
      9.448   71.85008 -162.15676     1.7871    28.3700    1448.61  0.000e+00
      9.448   71.85008 -162.15676     1.7871    28.3701    1448.61  0.000e+00
      9.448   71.85008 -162.15676     1.7869    28.3702    1448.61  0.000e+00
      9.479   71.85008 -162.15676     1.7871    28.3700    1448.61  0.000e+00
      9.502   71.85008 -162.15676     1.7871    28.3701    1448.61  0.000e+00
      9.502   71.85008 -162.15676     1.7871    28.3700    1448.61  0.000e+00
      9.448   71.85008 -162.15676     1.7869    28.3701    1448.61  0.000e+00
      9.502   71.85008 -162.15676     1.7871    28.3703    1448.61  0.000e+00
      9.564   71.85008 -162.15676     1.7867    28.3705    1448.61  0.000e+00
      9.448   71.85008 -162.15676     1.7871    28.3700    1448.61  0.000e+00
      9.564   71.85008 -162.15676     1.7869    28.3701    1448.61  0.000e+00
      9.564   71.85008 -162.15676     1.7867    28.3704    1448.61  0.000e+00
      9.502   71.85008 -162.15676     1.7867    28.3703    1448.61  0.000e+00
      9.564   71.85008 -162.15676     1.7869    28.3701    1448.61  0.000e+00
      9.563   71.85008 -162.15676     1.7869    28.3699    1448.61  0.000e+00
      9.502   71.85008 -162.15676     1.7871    28.3701    1448.61  0.000e+00
      9.563   71.85008 -162.15676     1.7869    28.3699    1448.61  0.000e+00
      9.617   71.85008 -162.15676     1.7869    28.3700    1448.61  0.000e+00
      9.563   71.85008 -162.15676     1.7871    28.3701    1448.61  0.000e+00
      9.563   71.85008 -162.15676     1.7869    28.3699    1448.61  0.000e+00
      9.594   71.85008 -162.15676     1.7869    28.3701    1448.61  0.000e+00
      9.617   71.85008 -162.15676     1.7869    28.3705    1448.61  0.000e+00
      9.563   71.85008 -162.15676     1.7871    28.3702    1448.61  0.000e+00
      9.617   71.85008 -162.15676     1.7867    28.3702    1448.61  0.000e+00
      9.563   71.85008 -162.15676     1.7869    28.3707    1448.61  0.000e+00
      9.617   71.85008 -162.15676     1.7869    28.3706    1448.61  0.000e+00
      9.617   71.85008 -162.15676     1.7867    28.3705    1448.61  0.000e+00
      9.617   71.85008 -162.15676     1.7869    28.3705    1448.61  0.000e+00
      9.617   71.85008 -162.15676     1.7869    28.3702    1448.61  0.000e+00
      9.679   71.85008 -162.15676     1.7867    28.3704    1448.61  0.000e+00
      9.617   71.85008 -162.15676     1.7869    28.3699    1448.61  0.000e+00
      9.617   71.85008 -162.15676     1.7867    28.3701    1448.61  0.000e+00
      9.679   71.85008 -162.15676     1.7871    28.3699    1448.61  0.000e+00
      9.679   71.85008 -162.15676     1.7867    28.3702    1448.61  0.000e+00
      9.617   71.85008 -162.15676     1.7867    28.3702    1448.61  0.000e+00
      9.679   71.85008 -162.15676     1.7867    28.3703    1448.61  0.000e+00
      9.648   71.85008 -162.15676     1.7866    28.3703    1448.61  0.000e+00
      9.679   71.85008 -162.15676     1.7867    28.3700    1448.61  0.000e+00
      9.679   71.85008 -162.15676     1.7867    28.3703    1448.61  0.000e+00
      9.679   71.85008 -162.15676     1.7866    28.3701    1448.61  0.000e+00
      9.679   71.85008 -162.15676     1.7866    28.3704    1448.61  0.000e+00
      9.679   71.85008 -162.15676     1.7867    28.3706    1448.61  0.000e+00
      9.679   71.85008 -162.15676     1.7865    28.3707    1448.61  0.000e+00
      9.733   71.85008 -162.15676     1.7866    28.3703    1448.61  0.000e+00
      9.679   71.85008 -162.15676     1.7867    28.3704    1448.61  0.000e+00
      9.733   71.85008 -162.15676     1.7867    28.3704    1448.61  0.000e+00
      9.679   71.85008 -162.15676     1.7867    28.3704    1448.61  0.000e+00
      9.733   71.85008 -162.15676     1.7866    28.3705    1448.61  0.000e+00
      9.679   71.85008 -162.15676     1.7865    28.3705    1448.61  0.000e+00
      9.733   71.85008 -162.15676     1.7863    28.3709    1448.61  0.000e+00
      9.733   71.85008 -162.15676     1.7866    28.3704    1448.61  0.000e+00
      9.733   71.85008 -162.15676     1.7866    28.3706    1448.61  0.000e+00
      9.679   71.85008 -162.15676     1.7866    28.3704    1448.61  0.000e+00
      9.825   71.85008 -162.15676     1.7865    28.3707    1448.61  0.000e+00
      9.733   71.85008 -162.15676     1.7866    28.3708    1448.61  0.000e+00
      9.733   71.85008 -162.15676     1.7867    28.3703    1448.61  0.000e+00
      9.733   71.85008 -162.15676     1.7867    28.3705    1448.61  0.000e+00
      9.786   71.85008 -162.15676     1.7866    28.3709    1448.61  0.000e+00
      9.732   71.85008 -162.15676     1.7867    28.3707    1448.61  0.000e+00
      9.786   71.85008 -162.15676     1.7866    28.3711    1448.61  0.000e+00
      9.786   71.85008 -162.15676     1.7869    28.3704    1448.61  0.000e+00
      9.732   71.85008 -162.15676     1.7866    28.3707    1448.61  0.000e+00
      9.786   71.85008 -162.15676     1.7866    28.3709    1448.61  0.000e+00
      9.786   71.85008 -162.15676     1.7869    28.3705    1448.61  0.000e+00
      9.786   71.85008 -162.15676     1.7866    28.3709    1448.61  0.000e+00
      9.786   71.85008 -162.15676     1.7867    28.3707    1448.61  0.000e+00
      9.786   71.85008 -162.15676     1.7867    28.3708    1448.61  0.000e+00
      9.848   71.85008 -162.15676     1.7867    28.3707    1448.61  0.000e+00
      9.825   71.85008 -162.15676     1.7867    28.3706    1448.61  0.000e+00
      9.786   71.85008 -162.15676     1.7867    28.3708    1448.61  0.000e+00
      9.848   71.85008 -162.15676     1.7866    28.3709    1448.61  0.000e+00
      9.848   71.85008 -162.15676     1.7866    28.3706    1448.61  0.000e+00
      9.848   71.85008 -162.15676     1.7866    28.3706    1448.61  0.000e+00
      9.848   71.85008 -162.15676     1.7866    28.3707    1448.61  0.000e+00
      9.786   71.85008 -162.15676     1.7866    28.3707    1448.61  0.000e+00
      9.902   71.85008 -162.15676     1.7865    28.3708    1448.61  0.000e+00
      9.848   71.85008 -162.15676     1.7866    28.3705    1448.61  0.000e+00
      9.902   71.85008 -162.15676     1.7865    28.3707    1448.61  0.000e+00
      9.848   71.85008 -162.15676     1.7866    28.3707    1448.61  0.000e+00
      9.902   71.85008 -162.15676     1.7864    28.3707    1448.61  0.000e+00
      9.902   71.85008 -162.15676     1.7865    28.3705    1448.61  0.000e+00
      9.902   71.85008 -162.15676     1.7865    28.3707    1448.61  0.000e+00
      9.902   71.85008 -162.15676     1.7863    28.3709    1448.61  0.000e+00
      9.848   71.85008 -162.15676     1.7863    28.3706    1448.61  0.000e+00
      9.994   71.85008 -162.15676     1.7865    28.3704    1448.62  0.000e+00
      9.963   71.85008 -162.15676     1.7861    28.3710    1448.61  0.000e+00
      9.902   71.85008 -162.15676     1.7865    28.3708    1448.61  0.000e+00
      9.963   71.85008 -162.15676     1.7863    28.3707    1448.61  0.000e+00
      9.963   71.85008 -162.15676     1.7863    28.3697    1448.61  0.000e+00
      9.963   71.85008 -162.15676     1.7865    28.3694    1448.61  0.000e+00
      9.963   71.85008 -162.15676     1.7860    28.3709    1448.61  0.000e+00
     10.017   71.85008 -162.15676     1.7863    28.3707    1448.62  0.000e+00
      9.963   71.85008 -162.15676     1.7863    28.3707    1448.61  0.000e+00
     10.017   71.85008 -162.15676     1.7861    28.3712    1448.62  0.000e+00
     10.017   71.85008 -162.15676     1.7861    28.3711    1448.62  0.000e+00
     10.017   71.85008 -162.15676     1.7861    28.3710    1448.62  0.000e+00
     10.017   71.85008 -162.15676     1.7861    28.3713    1448.62  0.000e+00
     10.079   71.85008 -162.15676     1.7861    28.3713    1448.62  0.000e+00
     10.048   71.85008 -162.15676     1.7860    28.3714    1448.62  0.000e+00
     10.079   71.85008 -162.15676     1.7863    28.3711    1448.62  0.000e+00
     10.017   71.85008 -162.15676     1.7861    28.3713    1448.62  0.000e+00
     10.079   71.85008 -162.15676     1.7865    28.3710    1448.62  0.000e+00
     10.133   71.85008 -162.15676     1.7865    28.3715    1448.62  0.000e+00
     10.079   71.85008 -162.15676     1.7866    28.3720    1448.62  0.000e+00
     10.079   71.85008 -162.15676     1.7866    28.3723    1448.62  0.000e+00
     10.133   71.85008 -162.15676     1.7867    28.3728    1448.62  0.000e+00
     10.133   71.85008 -162.15676     1.7869    28.3730    1448.62  0.000e+00
     10.133   71.85008 -162.15676     1.7872    28.3732    1448.62  0.000e+00
     10.133   71.85008 -162.15676     1.7878    28.3731    1448.63  0.000e+00
     10.133   71.85008 -162.15676     1.7882    28.3727    1448.63  0.000e+00
     10.187   71.85008 -162.15676     1.7883    28.3722    1448.63  0.000e+00
     10.186   71.85008 -162.15676     1.7885    28.3726    1448.63  0.000e+00
     10.163   71.85008 -162.15676     1.7887    28.3737    1448.63  0.000e+00
     10.186   71.85008 -162.15676     1.7891    28.3749    1448.64  0.000e+00
     10.186   71.85008 -162.15676     1.7894    28.3762    1448.64  0.000e+00
     10.186   71.85008 -162.15676     1.7897    28.3779    1448.64  0.000e+00
     10.248   71.85008 -162.15676     1.7900    28.3790    1448.65  0.000e+00
     10.248   71.85008 -162.15676     1.7905    28.3806    1448.65  0.000e+00
     10.186   71.85008 -162.15676     1.7909    28.3823    1448.65  0.000e+00
     10.248   71.85008 -162.15676     1.7919    28.3829    1448.66  0.000e+00
     10.248   71.85008 -162.15676     1.7927    28.3835    1448.66  0.000e+00
     10.302   71.85008 -162.15676     1.7933    28.3840    1448.67  0.000e+00
     10.248   71.85008 -162.15676     1.7943    28.3839    1448.67  0.000e+00
     10.302   71.85008 -162.15676     1.7947    28.3846    1448.68  0.000e+00
     10.248   71.85008 -162.15676     1.7953    28.3850    1448.68  0.000e+00
     10.302   71.85008 -162.15676     1.7958    28.3851    1448.68  0.000e+00
     10.279   71.85008 -162.15676     1.7962    28.3857    1448.68  0.000e+00
     10.302   71.85008 -162.15676     1.7966    28.3863    1448.69  0.000e+00
     10.364   71.85008 -162.15676     1.7972    28.3865    1448.69  0.000e+00
     10.302   71.85008 -162.15676     1.7975    28.3873    1448.69  0.000e+00
     10.302   71.85008 -162.15676     1.7983    28.3875    1448.70  0.000e+00
     10.364   71.85008 -162.15676     1.7989    28.3874    1448.70  0.000e+00
     10.364   71.85008 -162.15676     1.7991    28.3876    1448.70  0.000e+00
     10.364   71.85008 -162.15676     1.7995    28.3874    1448.70  0.000e+00
     10.364   71.85008 -162.15676     1.7998    28.3879    1448.70  0.000e+00
     10.363   71.85008 -162.15676     1.8000    28.3884    1448.71  0.000e+00
     10.363   71.85008 -162.15676     1.8005    28.3884    1448.71  0.000e+00
     10.363   71.85008 -162.15676     1.8006    28.3892    1448.71  0.000e+00
     10.417   71.85008 -162.15676     1.8009    28.3889    1448.71  0.000e+00
     10.394   71.85008 -162.15676     1.8013    28.3890    1448.71  0.000e+00
     10.417   71.85008 -162.15676     1.8016    28.3893    1448.72  0.000e+00
     10.417   71.85008 -162.15676     1.8017    28.3899    1448.72  0.000e+00
     10.417   71.85008 -162.15676     1.8020    28.3891    1448.72  0.000e+00
     10.417   71.85008 -162.15676     1.8022    28.3894    1448.72  0.000e+00
     10.417   71.85008 -162.15676     1.8024    28.3896    1448.72  0.000e+00
     10.417   71.85008 -162.15676     1.8025    28.3899    1448.72  0.000e+00
     10.417   71.85008 -162.15676     1.8028    28.3904    1448.72  0.000e+00
     10.479   71.85008 -162.15676     1.8031    28.3906    1448.72  0.000e+00
     10.479   71.85008 -162.15676     1.8033    28.3906    1448.73  0.000e+00
     10.417   71.85008 -162.15676     1.8034    28.3908    1448.73  0.000e+00
     10.479   71.85008 -162.15676     1.8034    28.3905    1448.73  0.000e+00
     10.417   71.85008 -162.15676     1.8034    28.3904    1448.72  0.000e+00
     10.510   71.85008 -162.15676     1.8036    28.3904    1448.73  0.000e+00
     10.417   71.85008 -162.15676     1.8034    28.3909    1448.73  0.000e+00
     10.533   71.85008 -162.15676     1.8036    28.3911    1448.73  0.000e+00
     10.479   71.85008 -162.15676     1.8038    28.3913    1448.73  0.000e+00
     10.479   71.85008 -162.15676     1.8039    28.3915    1448.73  0.000e+00
     10.533   71.85008 -162.15676     1.8038    28.3916    1448.73  0.000e+00
     10.479   71.85008 -162.15676     1.8040    28.3920    1448.73  0.000e+00
     10.479   71.85008 -162.15676     1.8042    28.3925    1448.73  0.000e+00
     10.533   71.85008 -162.15676     1.8039    28.3938    1448.73  0.000e+00
     10.479   71.85008 -162.15676     1.8040    28.3943    1448.73  0.000e+00
     10.533   71.85008 -162.15676     1.8042    28.3951    1448.74  0.000e+00
     10.533   71.85008 -162.15676     1.8044    28.3952    1448.74  0.000e+00
     10.479   71.85008 -162.15676     1.8044    28.3959    1448.74  0.000e+00
     10.564   71.85008 -162.15676     1.8045    28.3966    1448.74  0.000e+00
     10.533   71.85008 -162.15676     1.8047    28.3972    1448.74  0.000e+00
     10.533   71.85008 -162.15676     1.8050    28.3971    1448.74  0.000e+00
     10.587   71.85008 -162.15676     1.8050    28.3973    1448.74  0.000e+00
     10.533   71.85008 -162.15676     1.8050    28.3980    1448.74  0.000e+00
     10.533   71.85008 -162.15676     1.8055    28.3979    1448.75  0.000e+00
     10.533   71.85008 -162.15676     1.8055    28.3987    1448.75  0.000e+00
     10.587   71.85008 -162.15676     1.8058    28.3982    1448.75  0.000e+00
