EcoFOCI/data/1_SampleCollection/2023_SikuliaqDBO_CruiseData/CTD_raw_BottleFile_SKQ23-12S/proc/skq202312s_077svp.cnv
* Sea-Bird SBE 9 Data File:
* FileName = D:\CTD\SKQ202312S\SKQ202312S_077.hex
* Software Version Seasave V 7.26.7.121
* Temperature SN = 6177
* Conductivity SN = 0369
* Number of Bytes Per Scan = 41
* Number of Voltage Words = 4
* Number of Scans Averaged by the Deck Unit = 1
* NMEA Latitude = 65 46.95 N
* NMEA Longitude = 168 50.45 W
* NMEA UTC (Time) = Oct 03 2023  04:36:08
* NMEA baud rate = 4800
** Ship: R/V Sikuliaq
** Station Number: 077
** Station Name: BS8
** Bottom Depth: 47
** Operator: SD
# nquan = 7
# nvalues = 4966                                  
# units = specified
# name 0 = depSM: Depth [salt water, m]
# name 1 = latitude: Latitude [deg]
# name 2 = longitude: Longitude [deg]
# name 3 = t090C: Temperature [ITS-90, deg C]
# name 4 = sal00: Salinity, Practical [PSU]
# name 5 = svCM: Sound Velocity [Chen-Millero, m/s]
# name 6 = flag:  0.000e+00
# span 0 =      2.737,     43.126                 
# span 1 =   65.78198,   65.78216                 
# span 2 = -168.84226, -168.84170                 
# span 3 =     2.8089,     5.7676                 
# span 4 =    28.3176,    32.9114                 
# span 5 =    1459.01,    1467.15                 
# span 6 = 0.0000e+00, 0.0000e+00                 
# interval = seconds: 0.0416667
# start_time = Oct 03 2023 04:40:00 [NMEA time, first data scan]
# bad_flag = -9.990e-29
*END*
[from data line 4513]
     42.841   65.78198 -168.84226     3.0689    32.9105    1460.69  0.000e+00
     42.895   65.78198 -168.84226     3.0691    32.9107    1460.70  0.000e+00
     42.895   65.78198 -168.84226     3.0689    32.9109    1460.70  0.000e+00
     42.895   65.78198 -168.84226     3.0690    32.9107    1460.70  0.000e+00
     42.895   65.78198 -168.84226     3.0692    32.9103    1460.70  0.000e+00
     42.895   65.78198 -168.84226     3.0689    32.9107    1460.70  0.000e+00
     42.895   65.78198 -168.84226     3.0689    32.9108    1460.70  0.000e+00
     42.841   65.78198 -168.84226     3.0690    32.9107    1460.70  0.000e+00
     42.895   65.78198 -168.84226     3.0690    32.9105    1460.70  0.000e+00
     42.895   65.78198 -168.84226     3.0691    32.9103    1460.70  0.000e+00
     42.895   65.78198 -168.84226     3.0689    32.9108    1460.70  0.000e+00
     42.895   65.78198 -168.84226     3.0690    32.9107    1460.70  0.000e+00
     42.841   65.78198 -168.84226     3.0690    32.9105    1460.70  0.000e+00
     42.895   65.78198 -168.84226     3.0691    32.9103    1460.70  0.000e+00
     42.895   65.78198 -168.84226     3.0690    32.9106    1460.70  0.000e+00
     42.841   65.78198 -168.84226     3.0690    32.9109    1460.70  0.000e+00
     42.841   65.78198 -168.84226     3.0690    32.9106    1460.70  0.000e+00
     42.895   65.78198 -168.84226     3.0692    32.9104    1460.70  0.000e+00
     42.841   65.78198 -168.84226     3.0690    32.9105    1460.70  0.000e+00
     42.895   65.78198 -168.84226     3.0689    32.9110    1460.70  0.000e+00
     42.841   65.78198 -168.84226     3.0690    32.9104    1460.70  0.000e+00
     42.841   65.78198 -168.84226     3.0691    32.9103    1460.70  0.000e+00
     42.895   65.78198 -168.84226     3.0690    32.9104    1460.70  0.000e+00
     42.787   65.78198 -168.84226     3.0692    32.9103    1460.70  0.000e+00
     42.841   65.78198 -168.84226     3.0690    32.9104    1460.70  0.000e+00
     42.841   65.78198 -168.84226     3.0691    32.9104    1460.70  0.000e+00
     42.833   65.78198 -168.84226     3.0692    32.9107    1460.70  0.000e+00
     42.841   65.78198 -168.84226     3.0690    32.9103    1460.70  0.000e+00
     42.787   65.78198 -168.84226     3.0690    32.9104    1460.69  0.000e+00
     42.787   65.78198 -168.84226     3.0689    32.9106    1460.69  0.000e+00
     42.841   65.78198 -168.84226     3.0692    32.9105    1460.70  0.000e+00
     42.787   65.78198 -168.84226     3.0690    32.9105    1460.69  0.000e+00
     42.787   65.78198 -168.84226     3.0692    32.9105    1460.70  0.000e+00
     42.787   65.78198 -168.84226     3.0692    32.9105    1460.70  0.000e+00
     42.779   65.78198 -168.84226     3.0692    32.9106    1460.70  0.000e+00
     42.787   65.78198 -168.84226     3.0690    32.9102    1460.69  0.000e+00
     42.725   65.78198 -168.84226     3.0692    32.9104    1460.69  0.000e+00
     42.787   65.78198 -168.84226     3.0692    32.9105    1460.70  0.000e+00
     42.725   65.78198 -168.84226     3.0692    32.9106    1460.69  0.000e+00
     42.787   65.78198 -168.84226     3.0692    32.9108    1460.70  0.000e+00
     42.725   65.78198 -168.84226     3.0693    32.9107    1460.70  0.000e+00
     42.725   65.78198 -168.84226     3.0692    32.9109    1460.70  0.000e+00
     42.725   65.78198 -168.84226     3.0693    32.9107    1460.70  0.000e+00
     42.725   65.78198 -168.84226     3.0693    32.9105    1460.69  0.000e+00
     42.725   65.78198 -168.84226     3.0694    32.9106    1460.70  0.000e+00
     42.725   65.78198 -168.84226     3.0695    32.9104    1460.70  0.000e+00
     42.671   65.78198 -168.84226     3.0693    32.9109    1460.69  0.000e+00
     42.725   65.78198 -168.84226     3.0695    32.9104    1460.70  0.000e+00
     42.671   65.78198 -168.84226     3.0696    32.9104    1460.69  0.000e+00
     42.671   65.78198 -168.84226     3.0693    32.9105    1460.69  0.000e+00
     42.725   65.78198 -168.84226     3.0695    32.9103    1460.70  0.000e+00
     42.671   65.78198 -168.84226     3.0693    32.9107    1460.69  0.000e+00
     42.725   65.78198 -168.84226     3.0696    32.9103    1460.70  0.000e+00
     42.671   65.78198 -168.84226     3.0693    32.9105    1460.69  0.000e+00
     42.609   65.78198 -168.84226     3.0697    32.9104    1460.69  0.000e+00
     42.725   65.78198 -168.84226     3.0695    32.9108    1460.70  0.000e+00
     42.671   65.78198 -168.84226     3.0694    32.9107    1460.69  0.000e+00
     42.663   65.78198 -168.84226     3.0695    32.9108    1460.70  0.000e+00
     42.671   65.78198 -168.84226     3.0697    32.9107    1460.70  0.000e+00
     42.671   65.78198 -168.84226     3.0695    32.9106    1460.69  0.000e+00
     42.671   65.78198 -168.84226     3.0697    32.9106    1460.70  0.000e+00
     42.671   65.78198 -168.84226     3.0697    32.9101    1460.69  0.000e+00
     42.671   65.78198 -168.84226     3.0697    32.9105    1460.70  0.000e+00
     42.671   65.78198 -168.84226     3.0695    32.9107    1460.70  0.000e+00
     42.671   65.78198 -168.84226     3.0699    32.9102    1460.70  0.000e+00
     42.663   65.78198 -168.84226     3.0698    32.9103    1460.70  0.000e+00
     42.671   65.78198 -168.84226     3.0695    32.9106    1460.69  0.000e+00
     42.671   65.78198 -168.84226     3.0698    32.9103    1460.70  0.000e+00
     42.725   65.78198 -168.84226     3.0697    32.9107    1460.70  0.000e+00
     42.671   65.78198 -168.84226     3.0697    32.9103    1460.70  0.000e+00
     42.671   65.78198 -168.84226     3.0700    32.9103    1460.70  0.000e+00
     42.725   65.78198 -168.84226     3.0697    32.9111    1460.70  0.000e+00
     42.671   65.78198 -168.84226     3.0700    32.9106    1460.70  0.000e+00
     42.725   65.78198 -168.84226     3.0698    32.9108    1460.70  0.000e+00
     42.671   65.78198 -168.84226     3.0701    32.9105    1460.70  0.000e+00
     42.725   65.78198 -168.84226     3.0700    32.9104    1460.70  0.000e+00
     42.725   65.78198 -168.84226     3.0699    32.9107    1460.70  0.000e+00
     42.725   65.78198 -168.84226     3.0700    32.9108    1460.70  0.000e+00
     42.725   65.78198 -168.84226     3.0701    32.9106    1460.70  0.000e+00
     42.787   65.78198 -168.84226     3.0701    32.9106    1460.70  0.000e+00
     42.725   65.78198 -168.84226     3.0702    32.9102    1460.70  0.000e+00
     42.787   65.78198 -168.84226     3.0700    32.9103    1460.70  0.000e+00
     42.787   65.78198 -168.84226     3.0698    32.9103    1460.70  0.000e+00
     42.725   65.78198 -168.84226     3.0698    32.9102    1460.70  0.000e+00
     42.787   65.78198 -168.84226     3.0699    32.9101    1460.70  0.000e+00
     42.841   65.78198 -168.84226     3.0697    32.9101    1460.70  0.000e+00
     42.787   65.78198 -168.84226     3.0698    32.9099    1460.70  0.000e+00
     42.841   65.78198 -168.84226     3.0695    32.9102    1460.70  0.000e+00
     42.779   65.78198 -168.84226     3.0696    32.9102    1460.70  0.000e+00
     42.841   65.78198 -168.84226     3.0693    32.9106    1460.70  0.000e+00
     42.841   65.78198 -168.84226     3.0695    32.9105    1460.70  0.000e+00
     42.895   65.78198 -168.84226     3.0697    32.9099    1460.70  0.000e+00
     42.841   65.78198 -168.84226     3.0694    32.9104    1460.70  0.000e+00
     42.841   65.78198 -168.84226     3.0693    32.9104    1460.70  0.000e+00
     42.895   65.78198 -168.84226     3.0692    32.9107    1460.70  0.000e+00
     42.841   65.78198 -168.84226     3.0692    32.9106    1460.70  0.000e+00
     42.949   65.78198 -168.84226     3.0694    32.9105    1460.70  0.000e+00
     42.895   65.78198 -168.84226     3.0692    32.9103    1460.70  0.000e+00
     42.895   65.78198 -168.84226     3.0693    32.9105    1460.70  0.000e+00
     42.895   65.78198 -168.84226     3.0692    32.9106    1460.70  0.000e+00
     42.957   65.78198 -168.84226     3.0692    32.9108    1460.70  0.000e+00
     42.895   65.78198 -168.84226     3.0693    32.9107    1460.70  0.000e+00
     42.957   65.78198 -168.84226     3.0692    32.9105    1460.70  0.000e+00
     42.957   65.78198 -168.84226     3.0694    32.9105    1460.70  0.000e+00
     43.011   65.78198 -168.84226     3.0695    32.9102    1460.70  0.000e+00
     42.957   65.78198 -168.84226     3.0693    32.9105    1460.70  0.000e+00
     42.957   65.78198 -168.84226     3.0692    32.9110    1460.70  0.000e+00
     42.957   65.78198 -168.84226     3.0696    32.9103    1460.70  0.000e+00
     43.011   65.78198 -168.84226     3.0692    32.9109    1460.70  0.000e+00
     43.011   65.78198 -168.84226     3.0695    32.9104    1460.70  0.000e+00
     43.011   65.78198 -168.84226     3.0693    32.9108    1460.70  0.000e+00
     43.011   65.78198 -168.84226     3.0692    32.9108    1460.70  0.000e+00
     43.011   65.78198 -168.84226     3.0693    32.9108    1460.70  0.000e+00
     43.011   65.78198 -168.84226     3.0695    32.9107    1460.70  0.000e+00
     43.011   65.78198 -168.84226     3.0693    32.9111    1460.70  0.000e+00
     43.011   65.78198 -168.84226     3.0697    32.9101    1460.70  0.000e+00
     43.072   65.78198 -168.84226     3.0695    32.9103    1460.70  0.000e+00
     43.011   65.78198 -168.84226     3.0693    32.9108    1460.70  0.000e+00
     43.072   65.78198 -168.84226     3.0695    32.9109    1460.70  0.000e+00
     43.072   65.78198 -168.84226     3.0697    32.9103    1460.70  0.000e+00
     43.011   65.78198 -168.84226     3.0695    32.9106    1460.70  0.000e+00
     43.072   65.78198 -168.84226     3.0693    32.9106    1460.70  0.000e+00
     43.011   65.78198 -168.84226     3.0693    32.9110    1460.70  0.000e+00
     43.072   65.78198 -168.84226     3.0697    32.9107    1460.70  0.000e+00
     43.072   65.78198 -168.84226     3.0695    32.9108    1460.70  0.000e+00
     43.072   65.78198 -168.84226     3.0697    32.9109    1460.70  0.000e+00
     43.072   65.78198 -168.84226     3.0697    32.9106    1460.70  0.000e+00
     43.072   65.78198 -168.84226     3.0697    32.9106    1460.70  0.000e+00
     43.011   65.78198 -168.84226     3.0698    32.9103    1460.70  0.000e+00
     43.065   65.78198 -168.84226     3.0698    32.9102    1460.70  0.000e+00
     43.072   65.78198 -168.84226     3.0700    32.9104    1460.70  0.000e+00
     43.072   65.78198 -168.84226     3.0699    32.9106    1460.70  0.000e+00
     43.072   65.78198 -168.84226     3.0698    32.9106    1460.70  0.000e+00
     43.072   65.78198 -168.84226     3.0700    32.9106    1460.70  0.000e+00
     43.011   65.78198 -168.84226     3.0700    32.9105    1460.70  0.000e+00
     43.072   65.78198 -168.84226     3.0700    32.9106    1460.70  0.000e+00
     43.072   65.78198 -168.84226     3.0700    32.9101    1460.70  0.000e+00
     43.011   65.78198 -168.84226     3.0697    32.9109    1460.70  0.000e+00
     43.072   65.78198 -168.84226     3.0698    32.9106    1460.70  0.000e+00
     43.011   65.78198 -168.84226     3.0699    32.9103    1460.70  0.000e+00
     43.072   65.78198 -168.84226     3.0698    32.9103    1460.70  0.000e+00
     43.011   65.78198 -168.84226     3.0697    32.9108    1460.70  0.000e+00
     43.011   65.78198 -168.84226     3.0697    32.9110    1460.70  0.000e+00
     43.011   65.78198 -168.84226     3.0700    32.9105    1460.70  0.000e+00
     43.011   65.78198 -168.84226     3.0698    32.9106    1460.70  0.000e+00
     43.011   65.78198 -168.84226     3.0700    32.9105    1460.70  0.000e+00
     43.011   65.78198 -168.84226     3.0700    32.9103    1460.70  0.000e+00
     43.011   65.78198 -168.84226     3.0702    32.9106    1460.70  0.000e+00
     43.011   65.78198 -168.84226     3.0701    32.9104    1460.70  0.000e+00
     42.957   65.78198 -168.84226     3.0701    32.9104    1460.70  0.000e+00
     42.957   65.78198 -168.84226     3.0701    32.9103    1460.70  0.000e+00
     43.011   65.78198 -168.84226     3.0700    32.9102    1460.70  0.000e+00
     42.957   65.78198 -168.84226     3.0700    32.9104    1460.70  0.000e+00
     42.949   65.78198 -168.84226     3.0698    32.9105    1460.70  0.000e+00
     42.957   65.78198 -168.84226     3.0698    32.9102    1460.70  0.000e+00
     42.895   65.78198 -168.84226     3.0699    32.9103    1460.70  0.000e+00
     42.957   65.78198 -168.84226     3.0697    32.9105    1460.70  0.000e+00
     42.895   65.78198 -168.84226     3.0698    32.9105    1460.70  0.000e+00
     42.957   65.78198 -168.84226     3.0697    32.9108    1460.70  0.000e+00
     42.895   65.78198 -168.84226     3.0699    32.9104    1460.70  0.000e+00
     42.895   65.78198 -168.84226     3.0700    32.9105    1460.70  0.000e+00
     42.895   65.78198 -168.84226     3.0698    32.9105    1460.70  0.000e+00
     42.841   65.78198 -168.84226     3.0698    32.9109    1460.70  0.000e+00
     42.895   65.78198 -168.84226     3.0699    32.9109    1460.70  0.000e+00
     42.841   65.78198 -168.84226     3.0700    32.9108    1460.70  0.000e+00
     42.895   65.78198 -168.84226     3.0700    32.9106    1460.70  0.000e+00
     42.787   65.78198 -168.84226     3.0701    32.9107    1460.70  0.000e+00
     42.895   65.78198 -168.84226     3.0699    32.9109    1460.70  0.000e+00
     42.787   65.78198 -168.84226     3.0701    32.9103    1460.70  0.000e+00
     42.833   65.78198 -168.84226     3.0700    32.9107    1460.70  0.000e+00
     42.787   65.78198 -168.84226     3.0700    32.9105    1460.70  0.000e+00
     42.841   65.78198 -168.84226     3.0701    32.9103    1460.70  0.000e+00
     42.787   65.78198 -168.84226     3.0698    32.9110    1460.70  0.000e+00
     42.787   65.78198 -168.84226     3.0701    32.9105    1460.70  0.000e+00
     42.787   65.78198 -168.84226     3.0700    32.9104    1460.70  0.000e+00
     42.787   65.78198 -168.84226     3.0701    32.9106    1460.70  0.000e+00
     42.787   65.78198 -168.84226     3.0700    32.9106    1460.70  0.000e+00
     42.725   65.78198 -168.84226     3.0701    32.9102    1460.70  0.000e+00
     42.725   65.78198 -168.84226     3.0700    32.9110    1460.70  0.000e+00
     42.787   65.78198 -168.84226     3.0701    32.9106    1460.70  0.000e+00
     42.725   65.78198 -168.84226     3.0700    32.9108    1460.70  0.000e+00
     42.725   65.78198 -168.84226     3.0700    32.9105    1460.70  0.000e+00
     42.787   65.78198 -168.84226     3.0702    32.9101    1460.70  0.000e+00
     42.725   65.78198 -168.84226     3.0698    32.9105    1460.70  0.000e+00
     42.725   65.78198 -168.84226     3.0700    32.9103    1460.70  0.000e+00
     42.725   65.78198 -168.84226     3.0698    32.9109    1460.70  0.000e+00
     42.671   65.78198 -168.84226     3.0699    32.9106    1460.70  0.000e+00
     42.725   65.78198 -168.84226     3.0700    32.9106    1460.70  0.000e+00
     42.725   65.78198 -168.84226     3.0701    32.9107    1460.70  0.000e+00
     42.725   65.78198 -168.84226     3.0700    32.9105    1460.70  0.000e+00
     42.671   65.78198 -168.84226     3.0700    32.9103    1460.70  0.000e+00
     42.725   65.78198 -168.84226     3.0701    32.9102    1460.70  0.000e+00
     42.725   65.78198 -168.84226     3.0700    32.9105    1460.70  0.000e+00
     42.671   65.78198 -168.84226     3.0701    32.9105    1460.70  0.000e+00
     42.725   65.78198 -168.84226     3.0702    32.9104    1460.70  0.000e+00
     42.725   65.78198 -168.84226     3.0700    32.9107    1460.70  0.000e+00
     42.671   65.78198 -168.84226     3.0701    32.9105    1460.70  0.000e+00
     42.725   65.78198 -168.84226     3.0701    32.9102    1460.70  0.000e+00
     42.725   65.78198 -168.84226     3.0702    32.9101    1460.70  0.000e+00
     42.671   65.78198 -168.84226     3.0703    32.9101    1460.70  0.000e+00
     42.725   65.78198 -168.84226     3.0700    32.9105    1460.70  0.000e+00
     42.725   65.78198 -168.84226     3.0703    32.9101    1460.70  0.000e+00
     42.725   65.78198 -168.84226     3.0702    32.9105    1460.70  0.000e+00
     42.725   65.78198 -168.84226     3.0703    32.9102    1460.70  0.000e+00
