EcoFOCI/data/1_SampleCollection/2023_SikuliaqDBO_CruiseData/CTD_raw_BottleFile_SKQ23-12S/proc/skq202312s_075.cnv
* Sea-Bird SBE 9 Data File:
* FileName = D:\CTD\SKQ202312S\SKQ202312S_075.hex
* Software Version Seasave V 7.26.7.121
* Temperature SN = 6177
* Conductivity SN = 0369
* Number of Bytes Per Scan = 41
* Number of Voltage Words = 4
* Number of Scans Averaged by the Deck Unit = 1
* NMEA Latitude = 68 14.82 N
* NMEA Longitude = 167 07.33 W
* NMEA UTC (Time) = Oct 02 2023  05:40:29
* NMEA baud rate = 4800
** Ship: R/V Sikuliaq
** Station Number: 075
** Station Name: DBO3.3
** Bottom Depth: 43
** Operator: SD
# nquan = 24
# nvalues = 6111                                  
# units = specified
# name 0 = depSM: Depth [salt water, m]
# name 1 = latitude: Latitude [deg]
# name 2 = longitude: Longitude [deg]
# name 3 = prDM: Pressure, Digiquartz [db]
# name 4 = t090C: Temperature [ITS-90, deg C]
# name 5 = t190C: Temperature, 2 [ITS-90, deg C]
# name 6 = potemp090C: Potential Temperature [ITS-90, deg C]
# name 7 = sal00: Salinity, Practical [PSU]
# name 8 = sal11: Salinity, Practical, 2 [PSU]
# name 9 = density00: Density [density, kg/m^3]
# name 10 = sigma-é00: Density [sigma-theta, kg/m^3]
# name 11 = sbox0Mm/Kg: Oxygen, SBE 43 [umol/kg]
# name 12 = sbox1Mm/Kg: Oxygen, SBE 43, 2 [umol/kg]
# name 13 = oxsolMm/Kg: Oxygen Saturation, Garcia & Gordon [umol/kg]
# name 14 = sbeox0PS: Oxygen, SBE 43 [% saturation]
# name 15 = sbeox1PS: Oxygen, SBE 43, 2 [% saturation]
# name 16 = v0: Voltage 0
# name 17 = flECO-AFL: Fluorescence, WET Labs ECO-AFL/FL [mg/m^3]
# name 18 = v1: Voltage 1
# name 19 = CStarAt0: Beam Attenuation, WET Labs C-Star [1/m]
# name 20 = par: PAR/Irradiance, Biospherical/Licor
# name 21 = scan: Scan Count
# name 22 = timeM: Time, Elapsed [minutes]
# name 23 = flag:  0.000e+00
# span 0 =      2.824,     38.685                 
# span 1 =   68.24652,   68.24672                 
# span 2 = -167.12266, -167.12246                 
# span 3 =      2.853,     39.080                 
# span 4 =     4.4215,     7.9027                 
# span 5 =     4.4203,     7.9045                 
# span 6 =     4.4189,     7.9004                 
# span 7 =    25.6333,    31.9134                 
# span 8 =    25.6243,    31.9239                 
# span 9 =  1020.1432,  1025.4692                 
# span 10 =    20.1209,    25.2883                
# span 11 =    257.241,    298.544                
# span 12 =    239.983,    284.110                
# span 13 =  299.34244,  319.01891                
# span 14 =     81.646,     95.361                
# span 15 =     76.052,     90.607                
# span 16 =     0.0720,     0.2589                
# span 17 =     0.0842,     1.2051                
# span 18 =     3.1587,     4.0549                
# span 19 =     0.6011,     1.6005                
# span 20 = 1.0000e-12, 3.8176e-01                
# span 21 =          1,       6111                
# span 22 =     0.0000,     4.2431                
# span 23 = 0.0000e+00, 0.0000e+00                
# interval = seconds: 0.0416667
# start_time = Oct 02 2023 05:44:07 [NMEA time, first data scan]
# bad_flag = -9.990e-29
*END*
[from data line 1027]
      9.279   68.24666 -167.12248      9.373     7.5879     7.5992     7.5871    28.8597    28.6308  1022.5542    22.5110    272.845    255.048  302.87261     90.086     84.091     0.2344     1.0586     3.7570     0.9064 1.0000e-12       1028     0.7132  0.000e+00
      9.340   68.24666 -167.12248      9.435     7.6112     7.6252     7.6104    28.7552    28.7019  1022.4695    22.4260    273.380    254.959  302.94196     90.242     84.155     0.2357     1.0659     3.7558     0.9077 1.0000e-12       1029     0.7139  0.000e+00
      9.340   68.24666 -167.12248      9.435     7.6035     7.6386     7.6027    28.6274    28.7465  1022.3702    22.3268    274.181    254.999  303.27847     90.406     84.221     0.2344     1.0586     3.7570     0.9064 1.0000e-12       1030     0.7146  0.000e+00
      9.309   68.24666 -167.12248      9.404     7.5905     7.6202     7.5897    28.6766    28.7275  1022.4104    22.3670    274.479    255.353  303.26006     90.509     84.291     0.2344     1.0586     3.7570     0.9064 1.0000e-12       1031     0.7153  0.000e+00
      9.394   68.24666 -167.12248      9.490     7.5934     7.5731     7.5925    28.7717    28.6020  1022.4850    22.4412    274.750    256.265  303.02945     90.668     84.424     0.2357     1.0659     3.7643     0.8986 1.0000e-12       1032     0.7160  0.000e+00
      9.340   68.24666 -167.12248      9.435     7.6032     7.5111     7.6024    28.8293    28.4112  1022.5286    22.4851    275.072    257.238  302.83370     90.833     84.506     0.2357     1.0659     3.7900     0.8715 1.0000e-12       1033     0.7167  0.000e+00
      9.456   68.24666 -167.12248      9.552     7.6140     7.4371     7.6132    28.8571    28.2196  1022.5495    22.5056    275.073    258.299  302.69741     90.874     84.592     0.2247     1.0000     3.7998     0.8612 1.0000e-12       1034     0.7174  0.000e+00
      9.394   68.24666 -167.12248      9.489     7.6234     7.3683     7.6226    28.8692    28.0489  1022.5575    22.5138    275.468    259.466  302.60551     91.032     84.734     0.1905     0.7949     3.7998     0.8612 1.0000e-12       1035     0.7181  0.000e+00
      9.456   68.24666 -167.12248      9.552     7.6307     7.3265     7.6299    28.8674    27.9428  1022.5555    22.5115    275.911    260.368  302.55921     91.192     84.881     0.1783     0.7216     3.7973     0.8637 1.0000e-12       1036     0.7188  0.000e+00
      9.456   68.24666 -167.12248      9.552     7.6346     7.3098     7.6338    28.8550    27.8970  1022.5452    22.5012    276.205    261.012  302.55986     91.289     85.030     0.1770     0.7143     3.7973     0.8637 1.0000e-12       1037     0.7194  0.000e+00
      9.510   68.24666 -167.12248      9.606     7.6359     7.3116     7.6351    28.8523    27.9036  1022.5432    22.4989    276.853    261.455  302.55685     91.505     85.182     0.1795     0.7289     3.7973     0.8637 1.0000e-12       1038     0.7201  0.000e+00
      9.487   68.24666 -167.12248      9.583     7.6372     7.3236     7.6363    28.8494    27.9554  1022.5406    22.4965    277.328    261.562  302.55432     91.662     85.273     0.1795     0.7289     3.7973     0.8637 1.0000e-12       1039     0.7208  0.000e+00
      9.510   68.24666 -167.12248      9.606     7.6378     7.3603     7.6369    28.8384    28.0419  1022.5320    22.4877    277.819    261.616  302.57462     91.818     85.416     0.1795     0.7289     3.7973     0.8637 1.0000e-12       1040     0.7215  0.000e+00
      9.510   68.24666 -167.12248      9.606     7.6362     7.3959     7.6353    28.8323    28.1603  1022.5275    22.4832    278.114    261.623  302.59894     91.908     85.563     0.1783     0.7216     3.7973     0.8637 1.0000e-12       1041     0.7222  0.000e+00
      9.572   68.24666 -167.12248      9.669     7.6341     7.4183     7.6333    28.8333    28.2600  1022.5288    22.4842    278.582    261.760  302.61133     92.059     85.714     0.1795     0.7289     3.7973     0.8637 1.0000e-12       1042     0.7229  0.000e+00
      9.572   68.24666 -167.12248      9.669     7.6328     7.4370     7.6320    28.8381    28.3181  1022.5328    22.4882    279.049    262.004  302.60948     92.214     85.867     0.1807     0.7362     3.7973     0.8637 1.0000e-12       1043     0.7236  0.000e+00
      9.571   68.24666 -167.12248      9.669     7.6304     7.4686     7.6295    28.8487    28.3511  1022.5413    22.4968    279.500    262.235  302.60307     92.365     86.026     0.1795     0.7289     3.7973     0.8637 1.0000e-12       1044     0.7243  0.000e+00
      9.571   68.24666 -167.12248      9.669     7.6291     7.4984     7.6282    28.8666    28.4297  1022.5556    22.5110    279.939    262.202  302.57242     92.520     86.123     0.1807     0.7362     3.7973     0.8637 1.0000e-12       1045     0.7250  0.000e+00
      9.625   68.24666 -167.12248      9.723     7.6302     7.5281     7.6294    28.8843    28.5478  1022.5696    22.5248    280.374    262.429  302.52537     92.678     86.331     0.1795     0.7289     3.7973     0.8637 1.0000e-12       1046     0.7257  0.000e+00
      9.625   68.24666 -167.12248      9.723     7.6330     7.5552     7.6321    28.8939    28.6511  1022.5767    22.5319    280.604    262.542  302.48533     92.766     86.487     0.1807     0.7362     3.7973     0.8637 1.0000e-12       1047     0.7264  0.000e+00
      9.595   68.24666 -167.12248      9.692     7.6349     7.5771     7.6340    28.8979    28.7161  1022.5795    22.5349    281.024    262.742  302.46297     92.912     86.638     0.1795     0.7289     3.7973     0.8637 1.0000e-12       1048     0.7271  0.000e+00
      9.625   68.24666 -167.12248      9.723     7.6360     7.5971     7.6352    28.8964    28.7611  1022.5783    22.5336    281.443    262.836  302.45828     93.052     86.737     0.1807     0.7362     3.7973     0.8637 1.0000e-12       1049     0.7278  0.000e+00
      9.679   68.24668 -167.12248      9.778     7.6367     7.6077     7.6358    28.8893    28.8005  1022.5729    22.5279    281.667    263.174  302.46964     93.123     86.894     0.1795     0.7289     3.7973     0.8637 1.0000e-12       1050     0.7285  0.000e+00
      9.625   68.24668 -167.12248      9.723     7.6367     7.6149     7.6358    28.8831    28.8250  1022.5678    22.5230    282.250    263.712  302.48325     93.311     87.102     0.1795     0.7289     3.7973     0.8637 1.0000e-12       1051     0.7292  0.000e+00
      9.679   68.24668 -167.12248      9.778     7.6357     7.6209     7.6349    28.8813    28.8415  1022.5668    22.5218    282.672    264.114  302.49371     93.447     87.257     0.1795     0.7289     3.8132     0.8470 1.0000e-12       1052     0.7299  0.000e+00
      9.679   68.24668 -167.12248      9.778     7.6362     7.6264     7.6353    28.8852    28.8537  1022.5697    22.5247    283.071    264.536  302.48215     93.583     87.415     0.1807     0.7362     3.9365     0.7197 1.0000e-12       1053     0.7306  0.000e+00
      9.679   68.24668 -167.12248      9.778     7.6372     7.6295     7.6363    28.8908    28.8623  1022.5740    22.5290    283.436    264.782  302.46274     93.709     87.508     0.1807     0.7362     3.9963     0.6593 8.4714e-06       1054     0.7312  0.000e+00
      9.679   68.24668 -167.12248      9.778     7.6372     7.6306     7.6363    28.8917    28.8602  1022.5747    22.5297    283.842    265.227  302.46087     93.844     87.656     0.1795     0.7289     4.0000     0.6557 1.0000e-12       1055     0.7319  0.000e+00
      9.656   68.24668 -167.12248      9.754     7.6368     7.6270     7.6360    28.8872    28.8490  1022.5711    22.5262    284.259    265.711  302.47331     93.978     87.802     0.1807     0.7362     3.9939     0.6618 1.0000e-12       1056     0.7326  0.000e+00
      9.741   68.24668 -167.12248      9.840     7.6372     7.6312     7.6363    28.8648    28.8209  1022.5539    22.5086    284.492    266.168  302.52031     94.041     87.943     0.1795     0.7289     3.9915     0.6642 1.0000e-12       1057     0.7333  0.000e+00
      9.679   68.24668 -167.12248      9.777     7.6372     7.6247     7.6363    28.8302    28.7666  1022.5264    22.4814    284.935    266.731  302.59684     94.163     88.081     0.1807     0.7362     3.9915     0.6642 1.0000e-12       1058     0.7340  0.000e+00
      9.741   68.24668 -167.12248      9.840     7.6358     7.5645     7.6350    28.7926    28.6719  1022.4974    22.4521    285.395    267.728  302.68926     94.286     88.228     0.1795     0.7289     3.9915     0.6642 1.0000e-12       1059     0.7347  0.000e+00
      9.679   68.24668 -167.12248      9.777     7.6340     7.5039     7.6331    28.7668    28.5423  1022.4771    22.4321    285.633    268.781  302.75931     94.343     88.368     0.1832     0.7509     3.9927     0.6630 1.0000e-12       1060     0.7354  0.000e+00
      9.741   68.24668 -167.12248      9.840     7.6299     7.4699     7.6291    28.7483    28.4218  1022.4635    22.4181    285.820    269.644  302.82806     94.384     88.505     0.1856     0.7656     3.9927     0.6630 1.0000e-12       1061     0.7361  0.000e+00
      9.625   68.24668 -167.12248      9.723     7.6247     7.4530     7.6239    28.6929    28.3152  1022.4201    22.3754    285.698    270.342  302.98649     94.294     88.630     0.1868     0.7729     3.9915     0.6642 1.0000e-12       1062     0.7368  0.000e+00
      9.795   68.24668 -167.12248      9.894     7.6137     7.4295     7.6129    28.6079    28.2103  1022.3557    22.3101    286.570    271.092  303.25101     94.499     88.760     0.1856     0.7656     3.9927     0.6630 1.0000e-12       1063     0.7375  0.000e+00
      9.710   68.24668 -167.12248      9.809     7.5985     7.3959     7.5977    28.5052    28.1247  1022.2767    22.2315    286.999    272.023  303.58395     94.537     88.940     0.1856     0.7656     3.9927     0.6630 1.0000e-12       1064     0.7382  0.000e+00
      9.679   68.24668 -167.12248      9.777     7.5848     7.3568     7.5840    28.3773    28.0711  1022.1780    22.1329    287.634    272.595  303.96346     94.628     89.013     0.1868     0.7729     3.9927     0.6630 1.0000e-12       1065     0.7389  0.000e+00
      9.741   68.24668 -167.12248      9.840     7.5562     7.3174     7.5554    28.2176    28.0078  1022.0567    22.0113    288.255    273.173  304.51750     94.660     89.079     0.1856     0.7656     3.9915     0.6642 1.0000e-12       1066     0.7396  0.000e+00
      9.679   68.24668 -167.12248      9.777     7.5153     7.2837     7.5144    28.0973    27.9320  1021.9673    21.9222    289.019    273.871  305.07182     94.738     89.188     0.1868     0.7729     3.9915     0.6642 1.0000e-12       1067     0.7403  0.000e+00
      9.679   68.24668 -167.12248      9.777     7.4784     7.2692     7.4775    28.0437    27.8710  1021.9299    21.8848    289.440    274.224  305.45008     94.759     89.233     0.1856     0.7656     3.9927     0.6630 1.0000e-12       1068     0.7410  0.000e+00
      9.741   68.24668 -167.12248      9.840     7.4457     7.2614     7.4448    28.0285    27.8390  1021.9225    21.8771    289.938    274.611  305.71327     94.840     89.322     0.1868     0.7729     3.9927     0.6630 1.0000e-12       1069     0.7417  0.000e+00
      9.679   68.24668 -167.12248      9.777     7.4165     7.2430     7.4156    28.0027    27.8026  1021.9057    21.8605    289.839    275.070  305.97643     94.726     89.410     0.1856     0.7656     3.9915     0.6642 1.0000e-12       1070     0.7424  0.000e+00
      9.741   68.24668 -167.12248      9.840     7.3909     7.2169     7.3900    27.9644    27.7336  1021.8792    21.8338    290.435    275.472  306.24206     94.838     89.441     0.1856     0.7656     3.9915     0.6642 1.0000e-12       1071     0.7431  0.000e+00
      9.679   68.24668 -167.12248      9.777     7.3684     7.1910     7.3676    27.9329    27.6397  1021.8570    21.8119    290.839    275.912  306.47084     94.900     89.469     0.1856     0.7656     3.9915     0.6642 1.0000e-12       1072     0.7438  0.000e+00
      9.710   68.24668 -167.12248      9.808     7.3492     7.1696     7.3484    27.8969    27.5501  1021.8313    21.7860    290.837    276.290  306.68742     94.832     89.488     0.1856     0.7656     3.9878     0.6679 1.0000e-12       1073     0.7444  0.000e+00
      9.741   68.24668 -167.12250      9.840     7.3306     7.1539     7.3298    27.8516    27.4891  1021.7982    21.7528    290.985    276.723  306.92034     94.808     89.556     0.1856     0.7656     3.9853     0.6703 1.0000e-12       1074     0.7451  0.000e+00
      9.625   68.24668 -167.12250      9.723     7.3106     7.1429     7.3098    27.7804    27.4604  1021.7443    21.6994    291.215    276.866  307.22185     94.790     89.561     0.1856     0.7656     3.9841     0.6716 1.0000e-12       1075     0.7458  0.000e+00
      9.741   68.24668 -167.12250      9.840     7.2869     7.1362     7.2861    27.6680    27.4456  1021.6596    21.6141    291.514    276.934  307.64312     94.757     89.559     0.1868     0.7729     3.9841     0.6716 1.0000e-12       1076     0.7465  0.000e+00
      9.679   68.24668 -167.12250      9.777     7.2572     7.1326     7.2564    27.5532    27.4397  1021.5729    21.5277    291.824    276.947  308.11271     94.714     89.552     0.1856     0.7656     3.9841     0.6716 1.0000e-12       1077     0.7472  0.000e+00
      9.679   68.24668 -167.12250      9.777     7.2279     7.1309     7.2271    27.4766    27.4428  1021.5164    21.4711    292.049    276.906  308.49428     94.669     89.537     0.1868     0.7729     3.9841     0.6716 1.0000e-12       1078     0.7479  0.000e+00
      9.679   68.24668 -167.12250      9.777     7.2054     7.1324     7.2046    27.4872    27.4531  1021.5275    21.4822    292.030    276.980  308.63105     94.621     89.571     0.1856     0.7656     3.9841     0.6716 1.0000e-12       1079     0.7486  0.000e+00
      9.679   68.24668 -167.12250      9.777     7.1937     7.1496     7.1929    27.5948    27.4934  1021.6134    21.5681    291.690    276.695  308.47142     94.560     89.541     0.1868     0.7729     3.9853     0.6703 1.0000e-12       1080     0.7493  0.000e+00
      9.656   68.24668 -167.12250      9.754     7.1917     7.1806     7.1909    27.6916    27.5863  1021.6896    21.6445    291.294    276.197  308.26633     94.494     89.505     0.1856     0.7656     3.9841     0.6716 1.0000e-12       1081     0.7500  0.000e+00
      9.679   68.24668 -167.12250      9.777     7.1958     7.2176     7.1950    27.6972    27.6990  1021.6936    21.6484    291.048    275.595  308.22478     94.427     89.460     0.1868     0.7729     3.9841     0.6716 1.0000e-12       1082     0.7507  0.000e+00
      9.679   68.24668 -167.12250      9.777     7.1998     7.2451     7.1990    27.7067    27.7833  1021.7005    21.6553    290.542    275.095  308.17492     94.278     89.409     0.1856     0.7656     3.9841     0.6716 1.0000e-12       1083     0.7514  0.000e+00
      9.625   68.24668 -167.12250      9.723     7.2083     7.2656     7.2075    27.8479    27.8361  1021.8101    21.7651    289.889    274.876  307.79561     94.182     89.415     0.1856     0.7656     3.9841     0.6716 1.0000e-12       1084     0.7521  0.000e+00
      9.625   68.24668 -167.12250      9.723     7.2333     7.2869     7.2325    28.0927    27.8768  1021.9993    21.9543    288.895    274.514  307.06629     94.082     89.368     0.1844     0.7582     3.9841     0.6716 1.0000e-12       1085     0.7528  0.000e+00
      9.679   68.24668 -167.12250      9.777     7.2704     7.3073     7.2696    28.2996    27.9273  1022.1573    22.1122    287.871    274.135  306.33916     93.971     89.319     0.1807     0.7362     3.9841     0.6716 1.0000e-12       1086     0.7535  0.000e+00
