EcoFOCI/data/1_SampleCollection/2023_SikuliaqDBO_CruiseData/CTD_raw_BottleFile_SKQ23-12S/proc/skq202312s_023.ros
* Sea-Bird SBE 9 Data File:
* FileName = D:\CTD\SKQ202312S\SKQ202312S_023.hex
* Software Version Seasave V 7.26.7.121
* Temperature SN = 6177
* Conductivity SN = 0369
* Number of Bytes Per Scan = 41
* Number of Voltage Words = 4
* Number of Scans Averaged by the Deck Unit = 1
* NMEA Latitude = 64 57.70 N
* NMEA Longitude = 169 53.01 W
* NMEA UTC (Time) = Sep 18 2023  07:03:01
* NMEA baud rate = 4800
** Ship: R/V Sikuliaq
** Station Number: 023
** Station Name: DBO2.4
** Bottom Depth: 48
** Operator: SD
# nquan = 22
# nvalues = 931                                   
# units = specified
# name 0 = depSM: Depth [salt water, m]
# name 1 = latitude: Latitude [deg]
# name 2 = longitude: Longitude [deg]
# name 3 = prDM: Pressure, Digiquartz [db]
# name 4 = t090C: Temperature [ITS-90, deg C]
# name 5 = t190C: Temperature, 2 [ITS-90, deg C]
# name 6 = potemp090C: Potential Temperature [ITS-90, deg C]
# name 7 = sal00: Salinity, Practical [PSU]
# name 8 = sal11: Salinity, Practical, 2 [PSU]
# name 9 = density00: Density [density, kg/m^3]
# name 10 = sigma-é00: Density [sigma-theta, kg/m^3]
# name 11 = sbox0Mm/Kg: Oxygen, SBE 43 [umol/kg]
# name 12 = sbox1Mm/Kg: Oxygen, SBE 43, 2 [umol/kg]
# name 13 = oxsolMm/Kg: Oxygen Saturation, Garcia & Gordon [umol/kg]
# name 14 = sbeox0PS: Oxygen, SBE 43 [% saturation]
# name 15 = v0: Voltage 0
# name 16 = flECO-AFL: Fluorescence, WET Labs ECO-AFL/FL [mg/m^3]
# name 17 = CStarAt0: Beam Attenuation, WET Labs C-Star [1/m]
# name 18 = par: PAR/Irradiance, Biospherical/Licor
# name 19 = scan: Scan Count
# name 20 = nbf: Bottles Fired
# name 21 = flag:  0.000e+00
# interval = seconds: 0.0416667
# start_time = Sep 18 2023 07:06:42 [NMEA time, first data scan]
# bad_flag = -9.990e-29
*END*
[from data line 66]
     42.454   64.96164 -169.88356     42.879     2.2176     2.2189     2.2154    32.7825    32.7936  1026.3812    26.1791    241.936    232.590  334.47336     72.334     0.2149     0.9414     1.1283 1.0000e-12       6276          2  0.000e+00
     42.454   64.96164 -169.88356     42.879     2.2177     2.2190     2.2155    32.7825    32.7929  1026.3812    26.1791    241.852    232.603  334.47295     72.308     0.2149     0.9414     1.1297 1.0000e-12       6277          2  0.000e+00
     42.454   64.96164 -169.88356     42.879     2.2175     2.2188     2.2153    32.7824    32.7931  1026.3812    26.1790    241.771    232.616  334.47451     72.284     0.2149     0.9414     1.1297 1.0000e-12       6278          2  0.000e+00
     42.454   64.96164 -169.88356     42.879     2.2175     2.2186     2.2153    32.7818    32.7932  1026.3807    26.1786    241.916    232.629  334.47586     72.327     0.2149     0.9414     1.1269 1.0000e-12       6279          2  0.000e+00
     42.454   64.96164 -169.88356     42.879     2.2175     2.2186     2.2153    32.7820    32.7932  1026.3808    26.1787    241.872    232.641  334.47555     72.314     0.2149     0.9414     1.1256 1.0000e-12       6280          2  0.000e+00
     42.454   64.96164 -169.88356     42.879     2.2177     2.2188     2.2155    32.7823    32.7933  1026.3811    26.1789    242.051    232.652  334.47336     72.368     0.2149     0.9414     1.1242 1.0000e-12       6281          2  0.000e+00
     42.454   64.96164 -169.88356     42.879     2.2178     2.2184     2.2156    32.7823    32.7935  1026.3811    26.1790    242.042    232.666  334.47232     72.365     0.2137     0.9341     1.1242 1.0000e-12       6282          2  0.000e+00
     42.454   64.96164 -169.88356     42.879     2.2178     2.2184     2.2157    32.7825    32.7934  1026.3812    26.1791    242.033    232.653  334.47160     72.363     0.2149     0.9414     1.1242 1.0000e-12       6283          2  0.000e+00
     42.516   64.96164 -169.88356     42.941     2.2182     2.2186     2.2160    32.7824    32.7930  1026.3814    26.1790    242.060    232.666  334.46898     72.372     0.2161     0.9487     1.1242 1.0000e-12       6284          2  0.000e+00
     42.454   64.96164 -169.88356     42.879     2.2185     2.2184     2.2163    32.7822    32.7930  1026.3809    26.1788    242.046    232.651  334.46682     72.368     0.2149     0.9414     1.1242 1.0000e-12       6285          2  0.000e+00
     42.454   64.96164 -169.88356     42.879     2.2183     2.2186     2.2161    32.7826    32.7929  1026.3812    26.1791    241.848    232.660  334.46723     72.309     0.2149     0.9414     1.1242 1.0000e-12       6286          2  0.000e+00
     42.516   64.96164 -169.88356     42.941     2.2185     2.2186     2.2163    32.7817    32.7931  1026.3809    26.1784    242.027    232.872  334.46795     72.362     0.2149     0.9414     1.1242 1.0000e-12       6287          2  0.000e+00
     42.516   64.96164 -169.88356     42.941     2.2181     2.2188     2.2159    32.7824    32.7933  1026.3814    26.1790    242.093    232.903  334.46950     72.381     0.2149     0.9414     1.1242 1.0000e-12       6288          2  0.000e+00
     42.454   64.96164 -169.88356     42.879     2.2183     2.2186     2.2161    32.7819    32.7933  1026.3807    26.1786    242.118    232.734  334.46890     72.389     0.2149     0.9414     1.1242 1.0000e-12       6289          2  0.000e+00
     42.508   64.96164 -169.88356     42.933     2.2180     2.2189     2.2158    32.7821    32.7931  1026.3811    26.1788    241.926    232.942  334.47116     72.331     0.2149     0.9414     1.1242 1.0000e-12       6290          2  0.000e+00
     42.454   64.96164 -169.88356     42.879     2.2180     2.2189     2.2158    32.7825    32.7930  1026.3812    26.1791    241.468    232.747  334.47014     72.194     0.2149     0.9414     1.1242 1.0000e-12       6291          2  0.000e+00
     42.516   64.96164 -169.88356     42.941     2.2182     2.2188     2.2160    32.7822    32.7933  1026.3813    26.1789    242.064    232.730  334.46940     72.372     0.2149     0.9414     1.1242 1.0000e-12       6292          2  0.000e+00
     42.516   64.96164 -169.88356     42.941     2.2183     2.2190     2.2161    32.7822    32.7931  1026.3813    26.1789    242.097    232.709  334.46805     72.383     0.2149     0.9414     1.1242 1.0000e-12       6293          2  0.000e+00
     42.516   64.96164 -169.88356     42.941     2.2183     2.2191     2.2161    32.7821    32.7926  1026.3812    26.1788    241.907    232.913  334.46877     72.326     0.2149     0.9414     1.1242 1.0000e-12       6294          2  0.000e+00
     42.454   64.96164 -169.88356     42.879     2.2183     2.2191     2.2161    32.7822    32.7927  1026.3810    26.1788    242.127    232.938  334.46806     72.392     0.2186     0.9634     1.1242 1.0000e-12       6295          2  0.000e+00
     42.632   64.96164 -169.88356     43.058     2.2182     2.2188     2.2160    32.7822    32.7930  1026.3818    26.1788    242.170    232.972  334.46956     72.404     0.2283     1.0220     1.1242 1.0000e-12       6296          2  0.000e+00
     42.516   64.96164 -169.88356     42.941     2.2182     2.2186     2.2160    32.7822    32.7932  1026.3813    26.1788    242.202    232.794  334.46950     72.414     0.2344     1.0586     1.1242 1.0000e-12       6297          2  0.000e+00
     42.570   64.96164 -169.88356     42.996     2.2178     2.2183     2.2156    32.7825    32.7937  1026.3817    26.1791    242.017    232.772  334.47155     72.358     0.2332     1.0513     1.1256 1.0000e-12       6298          2  0.000e+00
     42.516   64.96164 -169.88356     42.941     2.2180     2.2188     2.2158    32.7821    32.7931  1026.3812    26.1788    242.015    232.769  334.47106     72.357     0.2332     1.0513     1.1228 1.0000e-12       6299          2  0.000e+00
     42.570   64.96164 -169.88356     42.996     2.2181     2.2183     2.2159    32.7819    32.7932  1026.3813    26.1786    242.241    232.973  334.47062     72.425     0.2320     1.0439     1.1201 1.0000e-12       6300          2  0.000e+00
     42.562   64.96164 -169.88356     42.988     2.2180     2.2184     2.2158    32.7821    32.7935  1026.3814    26.1787    242.056    232.995  334.47123     72.370     0.2332     1.0513     1.1201 1.0000e-12       6301          2  0.000e+00
     42.516   64.96164 -169.88356     42.941     2.2178     2.2186     2.2157    32.7820    32.7933  1026.3811    26.1787    242.059    233.015  334.47273     72.370     0.2320     1.0439     1.1201 1.0000e-12       6302          2  0.000e+00
     42.632   64.96164 -169.88356     43.058     2.2178     2.2184     2.2156    32.7819    32.7930  1026.3816    26.1786    242.292    232.841  334.47310     72.440     0.2332     1.0513     1.1201 1.0000e-12       6303          2  0.000e+00
     42.570   64.96164 -169.88356     42.996     2.2177     2.2183     2.2155    32.7823    32.7929  1026.3816    26.1790    242.332    233.037  334.47332     72.452     0.2332     1.0513     1.1201 1.0000e-12       6304          2  0.000e+00
     42.570   64.96164 -169.88356     42.996     2.2180     2.2184     2.2158    32.7821    32.7929  1026.3814    26.1787    242.596    233.056  334.47124     72.531     0.2320     1.0439     1.1201 1.0000e-12       6305          2  0.000e+00
     42.624   64.96164 -169.88356     43.050     2.2178     2.2183     2.2156    32.7820    32.7929  1026.3816    26.1787    242.492    233.078  334.47319     72.500     0.2332     1.0513     1.1201 1.0000e-12       6306          2  0.000e+00
     42.570   64.96164 -169.88356     42.996     2.2177     2.2181     2.2155    32.7821    32.7930  1026.3814    26.1788    242.084    232.870  334.47394     72.378     0.2320     1.0439     1.1201 1.0000e-12       6307          2  0.000e+00
     42.628   64.96164 -169.88354     43.054     2.2139     2.2155     2.2117    32.7819    32.7926  1026.3819    26.1789    241.652    232.273  334.50564     72.241     0.2882     1.3809     1.1228 1.0000e-12       6623          3  0.000e+00
     42.566   64.96164 -169.88354     42.992     2.2141     2.2152     2.2119    32.7823    32.7930  1026.3818    26.1792    242.086    232.458  334.50347     72.372     0.2894     1.3883     1.1228 1.0000e-12       6624          3  0.000e+00
     42.628   64.96164 -169.88354     43.054     2.2141     2.2152     2.2119    32.7823    32.7930  1026.3822    26.1792    242.153    232.466  334.50335     72.392     0.2882     1.3809     1.1228 1.0000e-12       6625          3  0.000e+00
     42.620   64.96164 -169.88354     43.046     2.2144     2.2153     2.2122    32.7817    32.7928  1026.3817    26.1787    242.217    232.468  334.50209     72.411     0.2882     1.3809     1.1228 1.0000e-12       6626          3  0.000e+00
     42.628   64.96164 -169.88354     43.054     2.2145     2.2153     2.2123    32.7822    32.7926  1026.3820    26.1791    242.057    232.469  334.50002     72.364     0.2735     1.2930     1.1228 1.0000e-12       6627          3  0.000e+00
     42.628   64.96164 -169.88354     43.054     2.2147     2.2155     2.2125    32.7827    32.7926  1026.3824    26.1795    242.084    232.490  334.49742     72.373     0.2247     1.0000     1.1228 1.0000e-12       6628          3  0.000e+00
     42.566   64.96164 -169.88354     42.992     2.2148     2.2157     2.2127    32.7827    32.7925  1026.3821    26.1795    242.112    232.507  334.49598     72.381     0.2051     0.8828     1.1228 1.0000e-12       6629          3  0.000e+00
     42.628   64.96164 -169.88354     43.054     2.2152     2.2153     2.2130    32.7829    32.7928  1026.3826    26.1797    242.105    232.528  334.49263     72.380     0.2051     0.8828     1.1228 1.0000e-12       6630          3  0.000e+00
     42.674   64.96164 -169.88354     43.101     2.2157     2.2155     2.2135    32.7829    32.7931  1026.3827    26.1795    242.097    232.319  334.48874     72.378     0.2076     0.8974     1.1228 1.0000e-12       6631          3  0.000e+00
     42.628   64.96164 -169.88354     43.054     2.2160     2.2153     2.2138    32.7829    32.7932  1026.3825    26.1795    242.087    232.483  334.48598     72.376     0.2076     0.8974     1.1228 1.0000e-12       6632          3  0.000e+00
     42.628   64.96164 -169.88354     43.054     2.2162     2.2155     2.2140    32.7822    32.7927  1026.3820    26.1790    242.081    232.469  334.48577     72.374     0.2076     0.8974     1.1215 1.0000e-12       6633          3  0.000e+00
     42.682   64.96164 -169.88354     43.108     2.2163     2.2157     2.2141    32.7820    32.7929  1026.3821    26.1788    242.076    232.452  334.48585     72.373     0.2076     0.8974     1.1215 1.0000e-12       6634          3  0.000e+00
     42.628   64.96164 -169.88354     43.054     2.2163     2.2153     2.2141    32.7821    32.7927  1026.3818    26.1789    242.068    232.458  334.48567     72.370     0.2076     0.8974     1.1215 1.0000e-12       6635          3  0.000e+00
     42.682   64.96164 -169.88354     43.108     2.2163     2.2155     2.2141    32.7818    32.7927  1026.3819    26.1787    242.064    232.437  334.48637     72.369     0.2063     0.8901     1.1215 1.0000e-12       6636          3  0.000e+00
     42.674   64.96164 -169.88354     43.101     2.2163     2.2158     2.2141    32.7815    32.7928  1026.3816    26.1784    242.097    232.409  334.48720     72.379     0.2076     0.8974     1.1228 1.0000e-12       6637          3  0.000e+00
     42.682   64.96164 -169.88354     43.108     2.2158     2.2160     2.2136    32.7817    32.7925  1026.3818    26.1786    242.134    232.406  334.49043     72.389     0.2076     0.8974     1.1228 1.0000e-12       6638          3  0.000e+00
     42.627   64.96164 -169.88354     43.054     2.2154     2.2157     2.2133    32.7818    32.7930  1026.3817    26.1787    242.170    232.400  334.49326     72.399     0.2076     0.8974     1.1228 1.0000e-12       6639          3  0.000e+00
     42.736   64.96164 -169.88354     43.163     2.2153     2.2157     2.2131    32.7818    32.7925  1026.3822    26.1787    242.173    232.398  334.49414     72.400     0.2076     0.8974     1.1228 1.0000e-12       6640          3  0.000e+00
     42.681   64.96164 -169.88354     43.108     2.2152     2.2152     2.2130    32.7820    32.7929  1026.3821    26.1789    242.171    232.389  334.49511     72.399     0.2063     0.8901     1.1228 1.0000e-12       6641          3  0.000e+00
     42.674   64.96164 -169.88354     43.101     2.2152     2.2152     2.2130    32.7814    32.7924  1026.3816    26.1784    242.170    232.379  334.49666     72.398     0.2088     0.9047     1.1228 1.0000e-12       6642          3  0.000e+00
     42.681   64.96164 -169.88354     43.108     2.2148     2.2150     2.2127    32.7819    32.7922  1026.3821    26.1788    242.170    232.368  334.49802     72.398     0.2076     0.8974     1.1215 1.0000e-12       6643          3  0.000e+00
     42.735   64.96164 -169.88354     43.163     2.2147     2.2147     2.2125    32.7815    32.7931  1026.3820    26.1785    242.172    232.355  334.50038     72.398     0.2076     0.8974     1.1201 1.0000e-12       6644          3  0.000e+00
     42.681   64.96164 -169.88354     43.108     2.2147     2.2147     2.2125    32.7816    32.7932  1026.3818    26.1786    241.945    232.336  334.50020     72.330     0.2076     0.8974     1.1201 1.0000e-12       6645          3  0.000e+00
     42.735   64.96164 -169.88354     43.163     2.2144     2.2150     2.2122    32.7822    32.7925  1026.3826    26.1791    241.949    232.318  334.50142     72.331     0.2076     0.8974     1.1201 1.0000e-12       6646          3  0.000e+00
     42.735   64.96164 -169.88354     43.163     2.2146     2.2145     2.2124    32.7822    32.7931  1026.3826    26.1791    241.913    232.299  334.49944     72.321     0.2076     0.8974     1.1201 1.0000e-12       6647          3  0.000e+00
     42.681   64.96164 -169.88354     43.108     2.2147     2.2147     2.2125    32.7815    32.7933  1026.3818    26.1786    242.104    232.272  334.50031     72.378     0.2076     0.8974     1.1201 1.0000e-12       6648          3  0.000e+00
     42.681   64.96164 -169.88354     43.108     2.2144     2.2150     2.2122    32.7823    32.7931  1026.3824    26.1792    242.109    232.246  334.50072     72.379     0.2076     0.8974     1.1201 1.0000e-12       6649          3  0.000e+00
     42.797   64.96164 -169.88354     43.225     2.2144     2.2152     2.2122    32.7818    32.7929  1026.3826    26.1788    242.157    232.221  334.50192     72.393     0.2076     0.8974     1.1201 1.0000e-12       6650          3  0.000e+00
     42.735   64.96164 -169.88354     43.163     2.2144     2.2153     2.2122    32.7814    32.7929  1026.3819    26.1785    242.162    232.214  334.50299     72.394     0.2076     0.8974     1.1201 1.0000e-12       6651          3  0.000e+00
     42.681   64.96164 -169.88354     43.108     2.2142     2.2153     2.2120    32.7817    32.7931  1026.3820    26.1788    241.943    232.407  334.50384     72.329     0.2076     0.8974     1.1201 1.0000e-12       6652          3  0.000e+00
     42.735   64.96164 -169.88354     43.163     2.2144     2.2155     2.2122    32.7816    32.7931  1026.3821    26.1786    242.138    232.425  334.50246     72.388     0.2039     0.8754     1.1201 1.0000e-12       6653          3  0.000e+00
     42.735   64.96164 -169.88354     43.163     2.2143     2.2153     2.2121    32.7820    32.7929  1026.3824    26.1790    242.146    232.442  334.50277     72.390     0.1990     0.8461     1.1201 1.0000e-12       6654          3  0.000e+00
     42.735   64.96164 -169.88354     43.163     2.2143     2.2152     2.2121    32.7818    32.7929  1026.3823    26.1788    242.154    232.456  334.50319     72.392     0.1990     0.8461     1.1201 1.0000e-12       6655          3  0.000e+00
