EcoFOCI/data/1_SampleCollection/2023_SikuliaqDBO_CruiseData/CTD_raw_BottleFile_SKQ23-12S/proc/skq202312s_070.ros
* Sea-Bird SBE 9 Data File:
* FileName = D:\CTD\SKQ202312S\SKQ202312S_070.hex
* Software Version Seasave V 7.26.7.121
* Temperature SN = 6177
* Conductivity SN = 0369
* Number of Bytes Per Scan = 41
* Number of Voltage Words = 4
* Number of Scans Averaged by the Deck Unit = 1
* NMEA Latitude = 67 53.89 N
* NMEA Longitude = 168 14.05 W
* NMEA UTC (Time) = Sep 30 2023  04:20:28
* NMEA baud rate = 4800
** Ship: R/V Sikuliaq
** Station Number: 070
** Station Name: DBO3.6
** Bottom Depth: 50
** Operator: SD
# nquan = 22
# nvalues = 1127                                  
# units = specified
# name 0 = depSM: Depth [salt water, m]
# name 1 = latitude: Latitude [deg]
# name 2 = longitude: Longitude [deg]
# name 3 = prDM: Pressure, Digiquartz [db]
# name 4 = t090C: Temperature [ITS-90, deg C]
# name 5 = t190C: Temperature, 2 [ITS-90, deg C]
# name 6 = potemp090C: Potential Temperature [ITS-90, deg C]
# name 7 = sal00: Salinity, Practical [PSU]
# name 8 = sal11: Salinity, Practical, 2 [PSU]
# name 9 = density00: Density [density, kg/m^3]
# name 10 = sigma-é00: Density [sigma-theta, kg/m^3]
# name 11 = sbox0Mm/Kg: Oxygen, SBE 43 [umol/kg]
# name 12 = sbox1Mm/Kg: Oxygen, SBE 43, 2 [umol/kg]
# name 13 = oxsolMm/Kg: Oxygen Saturation, Garcia & Gordon [umol/kg]
# name 14 = sbeox0PS: Oxygen, SBE 43 [% saturation]
# name 15 = v0: Voltage 0
# name 16 = flECO-AFL: Fluorescence, WET Labs ECO-AFL/FL [mg/m^3]
# name 17 = CStarAt0: Beam Attenuation, WET Labs C-Star [1/m]
# name 18 = par: PAR/Irradiance, Biospherical/Licor
# name 19 = scan: Scan Count
# name 20 = nbf: Bottles Fired
# name 21 = flag:  0.000e+00
# interval = seconds: 0.0416667
# start_time = Sep 30 2023 04:23:19 [NMEA time, first data scan]
# bad_flag = -9.990e-29
*END*
[from data line 659]
     20.091   67.89828 -168.23366     20.295     5.0888     5.0246     5.0874    29.8834    29.6090  1023.7069    23.6123    283.232    270.906  318.67454     88.878     0.1319     0.4432     0.5842 2.2373e-01      17187         14  0.000e+00
     20.068   67.89828 -168.23366     20.272     5.0869     5.0459     5.0855    29.8819    29.6059  1023.7058    23.6113    283.279    270.748  318.69274     88.888     0.1306     0.4359     0.5842 2.2566e-01      17188         14  0.000e+00
     20.122   67.89828 -168.23366     20.326     5.0845     5.0508     5.0831    29.8814    29.6134  1023.7059    23.6112    283.092    270.691  318.71190     88.824     0.1319     0.4432     0.5842 2.2566e-01      17189         14  0.000e+00
     20.030   67.89828 -168.23366     20.233     5.0821     5.0315     5.0807    29.8819    29.6333  1023.7061    23.6118    283.277    270.757  318.72904     88.877     0.1306     0.4359     0.5842 2.2469e-01      17190         14  0.000e+00
     20.122   67.89828 -168.23366     20.326     5.0800     5.0200     5.0786    29.8795    29.6404  1023.7049    23.6101    283.327    270.803  318.75035     88.887     0.1319     0.4432     0.5842 2.1706e-01      17191         14  0.000e+00
     20.068   67.89828 -168.23366     20.272     5.0763     5.0119     5.0749    29.8773    29.6411  1023.7033    23.6088    283.383    270.833  318.78443     88.895     0.1319     0.4432     0.5842 2.1330e-01      17192         14  0.000e+00
     20.030   67.89828 -168.23366     20.233     5.0718     5.0220     5.0704    29.8742    29.6298  1023.7011    23.6068    283.445    270.760  318.82587     88.903     0.1319     0.4432     0.5842 2.1330e-01      17193         14  0.000e+00
     20.068   67.89828 -168.23366     20.272     5.0677     5.0351     5.0663    29.8764    29.6235  1023.7034    23.6089    283.495    270.660  318.85222     88.911     0.1319     0.4432     0.5842 2.2181e-01      17194         14  0.000e+00
     20.122   67.89828 -168.23366     20.326     5.0664     5.0328     5.0650    29.8828    29.6331  1023.7089    23.6141    283.482    270.661  318.84690     88.908     0.1319     0.4432     0.5842 2.2663e-01      17195         14  0.000e+00
     20.030   67.89828 -168.23366     20.233     5.0688     5.0375     5.0674    29.8852    29.6351  1023.7101    23.6158    283.266    270.603  318.82307     88.848     0.1319     0.4432     0.5842 2.2760e-01      17196         14  0.000e+00
     20.068   67.89828 -168.23366     20.272     5.0704     5.0514     5.0690    29.8878    29.6308  1023.7122    23.6177    283.412    270.520  318.80454     88.898     0.1306     0.4359     0.5854 2.2566e-01      17197         14  0.000e+00
     20.091   67.89828 -168.23366     20.295     5.0726     5.0648     5.0712    29.8892    29.6274  1023.7131    23.6186    283.376    270.420  318.78427     88.893     0.1331     0.4505     0.5866 2.2469e-01      17198         14  0.000e+00
     20.068   67.89828 -168.23366     20.272     5.0732     5.0718     5.0718    29.8902    29.6289  1023.7138    23.6193    283.143    270.190  318.77711     88.822     0.1319     0.4432     0.5866 2.2373e-01      17199         14  0.000e+00
     20.068   67.89828 -168.23366     20.272     5.0737     5.0748     5.0723    29.8918    29.6323  1023.7150    23.6205    283.085    270.135  318.76930     88.806     0.1319     0.4432     0.5854 2.2181e-01      17200         14  0.000e+00
     20.091   67.89828 -168.23366     20.295     5.0758     5.0744     5.0744    29.8927    29.6341  1023.7156    23.6210    283.048    269.944  318.75139     88.799     0.1343     0.4579     0.5854 2.1895e-01      17201         14  0.000e+00
     20.068   67.89828 -168.23366     20.272     5.0767     5.0736     5.0753    29.8928    29.6357  1023.7155    23.6210    283.019    269.926  318.74403     88.792     0.1368     0.4725     0.5866 2.1895e-01      17202         14  0.000e+00
     20.068   67.89828 -168.23366     20.272     5.0745     5.0718     5.0731    29.8960    29.6359  1023.7183    23.6238    283.009    269.903  318.75333     88.786     0.1368     0.4725     0.5866 2.2181e-01      17203         14  0.000e+00
     20.030   67.89828 -168.23366     20.233     5.0718     5.0661     5.0704    29.9021    29.6371  1023.7231    23.6288    283.201    269.906  318.75957     88.845     0.1368     0.4725     0.5866 2.2566e-01      17204         14  0.000e+00
     20.122   67.89828 -168.23366     20.326     5.0731     5.0643     5.0717    29.9049    29.6358  1023.7257    23.6309    282.992    269.895  318.74336     88.784     0.1355     0.4652     0.5866 2.2760e-01      17205         14  0.000e+00
     20.068   67.89828 -168.23366     20.272     5.0774     5.0657     5.0760    29.9059    29.6330  1023.7258    23.6313    282.934    269.862  318.70809     88.775     0.1368     0.4725     0.5866 2.2760e-01      17206         14  0.000e+00
     20.030   67.89828 -168.23366     20.233     5.0826     5.0668     5.0812    29.9058    29.6313  1023.7249    23.6306    282.871    269.834  318.66825     88.767     0.1368     0.4725     0.5866 2.2857e-01      17207         14  0.000e+00
     20.122   67.89828 -168.23366     20.327     5.0876     5.0683     5.0862    29.9050    29.6305  1023.7242    23.6295    282.785    269.808  318.63268     88.750     0.1368     0.4725     0.5866 2.2955e-01      17208         14  0.000e+00
     20.068   67.89828 -168.23366     20.272     5.0915     5.0699     5.0901    29.9044    29.6318  1023.7231    23.6286    282.731    269.776  318.60366     88.741     0.1368     0.4725     0.5866 2.3151e-01      17209         14  0.000e+00
     20.030   67.89828 -168.23366     20.233     5.0952     5.0758     5.0938    29.9029    29.6295  1023.7214    23.6271    282.683    269.723  318.57957     88.732     0.1368     0.4725     0.5854 2.3747e-01      17210         14  0.000e+00
     20.122   67.89828 -168.23366     20.327     5.0977     5.0842     5.0963    29.9014    29.6266  1023.7203    23.6256    282.647    269.663  318.56390     88.725     0.1368     0.4725     0.5866 2.4049e-01      17211         14  0.000e+00
     20.068   67.89828 -168.23366     20.272     5.0996     5.0912     5.0982    29.9002    29.6254  1023.7189    23.6244    282.610    269.608  318.55219     88.717     0.1368     0.4725     0.5866 2.3847e-01      17212         14  0.000e+00
     20.091   67.89828 -168.23366     20.295     5.1015     5.0967     5.1001    29.8989    29.6255  1023.7178    23.6233    282.577    269.566  318.54056     88.710     0.1368     0.4725     0.5854 2.3250e-01      17213         14  0.000e+00
     10.290   67.89832 -168.23378     10.395     3.7637     3.7713     3.7632    28.2744    28.1535  1022.5096    22.4607    325.462    313.964  333.07971     97.713     0.3932     2.0110     0.7784 1.2659e+00      20302         15  0.000e+00
     10.344   67.89832 -168.23378     10.449     3.7637     3.7713     3.7632    28.2747    28.1528  1022.5101    22.4609    325.453    313.972  333.07894     97.710     0.3932     2.0110     0.7784 1.2659e+00      20303         15  0.000e+00
     10.344   67.89832 -168.23378     10.449     3.7636     3.7702     3.7630    28.2759    28.1536  1022.5111    22.4619    325.471    313.959  333.07721     97.716     0.3932     2.0110     0.7784 1.2698e+00      20304         15  0.000e+00
     10.344   67.89832 -168.23378     10.449     3.7642     3.7693     3.7636    28.2768    28.1535  1022.5118    22.4625    325.480    313.968  333.06977     97.721     0.3932     2.0110     0.7784 1.2698e+00      20305         15  0.000e+00
     10.290   67.89832 -168.23378     10.395     3.7663     3.7685     3.7657    28.2767    28.1530  1022.5113    22.4623    325.438    313.974  333.05303     97.714     0.3932     2.0110     0.7784 1.2659e+00      20306         15  0.000e+00
     10.314   67.89832 -168.23378     10.418     3.7681     3.7680     3.7675    28.2765    28.1527  1022.5110    22.4620    325.397    313.783  333.03848     97.706     0.3932     2.0110     0.7784 1.2659e+00      20307         15  0.000e+00
     10.290   67.89832 -168.23378     10.395     3.7705     3.7682     3.7699    28.2745    28.1522  1022.5092    22.4602    325.132    313.955  333.02385     97.630     0.3919     2.0036     0.7784 1.2659e+00      20308         15  0.000e+00
     10.406   67.89832 -168.23378     10.512     3.7724     3.7680     3.7718    28.2734    28.1520  1022.5086    22.4591    325.309    313.960  333.01122     97.687     0.3932     2.0110     0.7784 1.2620e+00      20309         15  0.000e+00
     10.290   67.89832 -168.23378     10.395     3.7742     3.7680     3.7736    28.2727    28.1515  1022.5074    22.4584    325.508    313.757  332.99864     97.751     0.3932     2.0110     0.7784 1.2581e+00      20310         15  0.000e+00
     10.344   67.89832 -168.23378     10.449     3.7754     3.7680     3.7748    28.2725    28.1515  1022.5074    22.4582    325.276    313.735  332.98906     97.684     0.3932     2.0110     0.7772 1.2581e+00      20311         15  0.000e+00
     10.344   67.89832 -168.23378     10.449     3.7766     3.7687     3.7761    28.2719    28.1508  1022.5068    22.4576    325.476    313.706  332.98031     97.746     0.3932     2.0110     0.7772 1.2581e+00      20312         15  0.000e+00
     10.344   67.89832 -168.23378     10.449     3.7771     3.7685     3.7765    28.2721    28.1514  1022.5069    22.4577    325.492    313.682  332.97587     97.752     0.3932     2.0110     0.7772 1.2620e+00      20313         15  0.000e+00
     10.290   67.89832 -168.23378     10.395     3.7777     3.7685     3.7772    28.2716    28.1518  1022.5062    22.4572    325.502    313.850  332.97199     97.757     0.3932     2.0110     0.7772 1.2620e+00      20314         15  0.000e+00
     10.314   67.89832 -168.23378     10.418     3.7782     3.7685     3.7776    28.2711    28.1514  1022.5059    22.4569    325.295    313.848  332.96957     97.695     0.3932     2.0110     0.7772 1.2620e+00      20315         15  0.000e+00
     10.344   67.89832 -168.23378     10.449     3.7787     3.7688     3.7781    28.2704    28.1513  1022.5055    22.4563    325.269    313.842  332.96697     97.688     0.4042     2.0769     0.7784 1.2581e+00      20316         15  0.000e+00
     10.344   67.89832 -168.23378     10.449     3.7792     3.7690     3.7786    28.2696    28.1512  1022.5048    22.4556    325.458    313.835  332.96522     97.745     0.4225     2.1868     0.7784 1.2542e+00      20317         15  0.000e+00
     10.290   67.89832 -168.23378     10.395     3.7800     3.7688     3.7794    28.2690    28.1519  1022.5040    22.4550    325.453    313.827  332.96020     97.745     0.4274     2.2161     0.7784 1.2542e+00      20318         15  0.000e+00
     10.344   67.89832 -168.23378     10.449     3.7806     3.7693     3.7800    28.2679    28.1519  1022.5034    22.4541    325.450    313.817  332.95765     97.745     0.4249     2.2015     0.7772 1.2465e+00      20319         15  0.000e+00
     10.344   67.89832 -168.23378     10.449     3.7803     3.7709     3.7797    28.2673    28.1509  1022.5028    22.4536    325.449    313.798  332.96196     97.744     0.4261     2.2088     0.7784 1.2427e+00      20320         15  0.000e+00
     10.290   67.89832 -168.23378     10.395     3.7790     3.7719     3.7784    28.2678    28.1504  1022.5031    22.4541    325.483    313.778  332.97111     97.751     0.4249     2.2015     0.7784 1.2427e+00      20321         15  0.000e+00
     10.314   67.89832 -168.23378     10.418     3.7763     3.7715     3.7757    28.2683    28.1515  1022.5038    22.4548    325.494    313.771  332.99191     97.748     0.4249     2.2015     0.7772 1.2427e+00      20322         15  0.000e+00
     10.344   67.89832 -168.23378     10.449     3.7738     3.7707     3.7733    28.2685    28.1521  1022.5044    22.4551    325.501    313.571  333.01173     97.745     0.4249     2.2015     0.7772 1.2427e+00      20323         15  0.000e+00
     10.291   67.89832 -168.23378     10.395     3.7713     3.7693     3.7707    28.2695    28.1529  1022.5051    22.4562    325.533    313.545  333.02991     97.749     0.4249     2.2015     0.7772 1.2427e+00      20324         15  0.000e+00
     10.345   67.89832 -168.23378     10.449     3.7692     3.7687     3.7687    28.2701    28.1528  1022.5060    22.4568    325.346    313.716  333.04535     97.688     0.4249     2.2015     0.7772 1.2427e+00      20325         15  0.000e+00
     10.291   67.89832 -168.23378     10.395     3.7675     3.7677     3.7670    28.2705    28.1534  1022.5063    22.4573    325.517    313.513  333.05817     97.736     0.4249     2.2015     0.7784 1.2465e+00      20326         15  0.000e+00
     10.291   67.89832 -168.23378     10.395     3.7663     3.7674     3.7657    28.2704    28.1532  1022.5063    22.4573    325.752    313.505  333.06887     97.803     0.4249     2.2015     0.7772 1.2427e+00      20327         15  0.000e+00
     10.345   67.89832 -168.23378     10.449     3.7650     3.7671     3.7644    28.2710    28.1529  1022.5071    22.4579    325.582    313.696  333.07778     97.750     0.4249     2.2015     0.7784 1.2427e+00      20328         15  0.000e+00
     10.291   67.89832 -168.23378     10.395     3.7642     3.7668     3.7636    28.2715    28.1528  1022.5073    22.4583    325.584    313.709  333.08315     97.749     0.4249     2.2015     0.7772 1.2427e+00      20329         15  0.000e+00
     10.260   67.89832 -168.23378     10.364     3.7636     3.7670     3.7630    28.2709    28.1517  1022.5067    22.4579    325.586    313.721  333.08990     97.747     0.4249     2.2015     0.7784 1.2389e+00      20330         15  0.000e+00
     10.291   67.89832 -168.23378     10.395     3.7623     3.7666     3.7617    28.2706    28.1519  1022.5068    22.4578    325.593    313.736  333.10091     97.746     0.4249     2.2015     0.7810 1.2465e+00      20331         15  0.000e+00
     10.345   67.89832 -168.23378     10.449     3.7614     3.7663     3.7608    28.2711    28.1520  1022.5075    22.4583    325.374    313.730  333.10745     97.679     0.4249     2.2015     0.7810 1.2504e+00      20332         15  0.000e+00
     10.291   67.89832 -168.23378     10.395     3.7607     3.7665     3.7601    28.2721    28.1511  1022.5080    22.4591    325.548    313.740  333.11029     97.730     0.4249     2.2015     0.7810 1.2504e+00      20333         15  0.000e+00
     10.291   67.89832 -168.23378     10.395     3.7602     3.7666     3.7597    28.2730    28.1512  1022.5088    22.4598    325.536    313.749  333.11195     97.726     0.4249     2.2015     0.7810 1.2465e+00      20334         15  0.000e+00
     10.291   67.89832 -168.23378     10.395     3.7599     3.7666     3.7594    28.2745    28.1512  1022.5100    22.4611    325.519    313.760  333.11071     97.721     0.4261     2.2088     0.7810 1.2427e+00      20335         15  0.000e+00
     10.229   67.89832 -168.23378     10.332     3.7602     3.7665     3.7597    28.2750    28.1508  1022.5101    22.4614    325.492    313.552  333.10687     97.714     0.4249     2.2015     0.7822 1.2389e+00      20336         15  0.000e+00
     10.260   67.89832 -168.23378     10.364     3.7604     3.7663     3.7598    28.2759    28.1508  1022.5110    22.4622    325.467    313.544  333.10317     97.708     0.4261     2.2088     0.7810 1.2427e+00      20337         15  0.000e+00
     10.291   67.89832 -168.23378     10.395     3.7607     3.7665     3.7601    28.2775    28.1508  1022.5123    22.4634    325.436    313.533  333.09675     97.700     0.4249     2.2015     0.7810 1.2504e+00      20338         15  0.000e+00
     10.229   67.89832 -168.23378     10.332     3.7623     3.7663     3.7617    28.2783    28.1510  1022.5126    22.4639    325.389    313.718  333.08157     97.690     0.4261     2.2088     0.7822 1.2581e+00      20339         15  0.000e+00
