EcoFOCI/data/1_SampleCollection/2023_SikuliaqDBO_CruiseData/CTD_raw_BottleFile_SKQ23-12S/proc/skq202312s_070svp.cnv
* Sea-Bird SBE 9 Data File:
* FileName = D:\CTD\SKQ202312S\SKQ202312S_070.hex
* Software Version Seasave V 7.26.7.121
* Temperature SN = 6177
* Conductivity SN = 0369
* Number of Bytes Per Scan = 41
* Number of Voltage Words = 4
* Number of Scans Averaged by the Deck Unit = 1
* NMEA Latitude = 67 53.89 N
* NMEA Longitude = 168 14.05 W
* NMEA UTC (Time) = Sep 30 2023  04:20:28
* NMEA baud rate = 4800
** Ship: R/V Sikuliaq
** Station Number: 070
** Station Name: DBO3.6
** Bottom Depth: 50
** Operator: SD
# nquan = 7
# nvalues = 5805                                  
# units = specified
# name 0 = depSM: Depth [salt water, m]
# name 1 = latitude: Latitude [deg]
# name 2 = longitude: Longitude [deg]
# name 3 = t090C: Temperature [ITS-90, deg C]
# name 4 = sal00: Salinity, Practical [PSU]
# name 5 = svCM: Sound Velocity [Chen-Millero, m/s]
# name 6 = flag:  0.000e+00
# span 0 =      3.017,     53.217                 
# span 1 =   67.89816,   67.89818                 
# span 2 = -168.23388, -168.23360                 
# span 3 =     2.8533,     6.1063                 
# span 4 =    27.4081,    32.4348                 
# span 5 =    1456.30,    1467.93                 
# span 6 = 0.0000e+00, 0.0000e+00                 
# interval = seconds: 0.0416667
# start_time = Sep 30 2023 04:23:19 [NMEA time, first data scan]
# bad_flag = -9.990e-29
*END*
[from data line 1436]
     11.821   67.89816 -168.23380     4.3176    28.4577    1459.75  0.000e+00
     11.875   67.89816 -168.23380     4.3167    28.4607    1459.75  0.000e+00
     11.875   67.89816 -168.23380     4.3169    28.4633    1459.75  0.000e+00
     11.875   67.89816 -168.23380     4.3172    28.4652    1459.76  0.000e+00
     11.875   67.89816 -168.23380     4.3181    28.4664    1459.76  0.000e+00
     11.906   67.89816 -168.23380     4.3186    28.4664    1459.77  0.000e+00
     11.875   67.89816 -168.23380     4.3184    28.4664    1459.76  0.000e+00
     11.937   67.89816 -168.23380     4.3178    28.4675    1459.76  0.000e+00
     11.875   67.89816 -168.23380     4.3172    28.4685    1459.76  0.000e+00
     11.937   67.89816 -168.23380     4.3167    28.4711    1459.76  0.000e+00
     11.937   67.89816 -168.23380     4.3164    28.4703    1459.76  0.000e+00
     11.960   67.89816 -168.23380     4.3153    28.4672    1459.75  0.000e+00
     11.937   67.89816 -168.23380     4.3138    28.4649    1459.74  0.000e+00
     11.991   67.89816 -168.23380     4.3134    28.4642    1459.74  0.000e+00
     11.937   67.89816 -168.23380     4.3127    28.4656    1459.74  0.000e+00
     11.991   67.89816 -168.23380     4.3131    28.4666    1459.74  0.000e+00
     11.991   67.89816 -168.23380     4.3132    28.4674    1459.75  0.000e+00
     11.960   67.89816 -168.23380     4.3129    28.4695    1459.75  0.000e+00
     11.991   67.89816 -168.23380     4.3133    28.4694    1459.75  0.000e+00
     11.991   67.89816 -168.23380     4.3134    28.4688    1459.75  0.000e+00
     12.045   67.89816 -168.23380     4.3136    28.4682    1459.75  0.000e+00
     12.045   67.89816 -168.23380     4.3135    28.4675    1459.75  0.000e+00
     11.991   67.89816 -168.23380     4.3136    28.4671    1459.75  0.000e+00
     12.021   67.89816 -168.23380     4.3132    28.4683    1459.75  0.000e+00
     12.045   67.89816 -168.23380     4.3131    28.4708    1459.75  0.000e+00
     12.045   67.89816 -168.23380     4.3133    28.4714    1459.75  0.000e+00
     12.045   67.89816 -168.23380     4.3132    28.4695    1459.75  0.000e+00
     12.106   67.89816 -168.23380     4.3131    28.4674    1459.75  0.000e+00
     12.045   67.89816 -168.23380     4.3127    28.4731    1459.75  0.000e+00
     12.075   67.89816 -168.23380     4.3140    28.4784    1459.76  0.000e+00
     12.106   67.89816 -168.23380     4.3165    28.4872    1459.79  0.000e+00
     12.044   67.89816 -168.23380     4.3205    28.4956    1459.81  0.000e+00
     12.106   67.89816 -168.23380     4.3240    28.4917    1459.82  0.000e+00
     12.106   67.89816 -168.23380     4.3259    28.4898    1459.83  0.000e+00
     12.044   67.89816 -168.23380     4.3282    28.4929    1459.84  0.000e+00
     12.191   67.89816 -168.23380     4.3318    28.4960    1459.86  0.000e+00
     12.106   67.89816 -168.23380     4.3354    28.5010    1459.88  0.000e+00
     12.160   67.89816 -168.23380     4.3395    28.5047    1459.91  0.000e+00
     12.106   67.89816 -168.23380     4.3437    28.5081    1459.93  0.000e+00
     12.160   67.89816 -168.23380     4.3471    28.5073    1459.94  0.000e+00
     12.137   67.89816 -168.23380     4.3491    28.4973    1459.94  0.000e+00
     12.106   67.89816 -168.23380     4.3485    28.4964    1459.93  0.000e+00
     12.160   67.89816 -168.23380     4.3480    28.4912    1459.93  0.000e+00
     12.160   67.89816 -168.23380     4.3461    28.4777    1459.90  0.000e+00
     12.160   67.89816 -168.23380     4.3432    28.4734    1459.88  0.000e+00
     12.222   67.89816 -168.23380     4.3409    28.4820    1459.88  0.000e+00
     12.137   67.89816 -168.23380     4.3404    28.4889    1459.89  0.000e+00
     12.222   67.89816 -168.23380     4.3407    28.4851    1459.89  0.000e+00
     12.160   67.89816 -168.23380     4.3398    28.4757    1459.87  0.000e+00
     12.222   67.89816 -168.23380     4.3368    28.4699    1459.85  0.000e+00
     12.160   67.89816 -168.23380     4.3327    28.4706    1459.84  0.000e+00
     12.222   67.89816 -168.23380     4.3301    28.4752    1459.83  0.000e+00
     12.191   67.89816 -168.23380     4.3286    28.4798    1459.83  0.000e+00
     12.222   67.89816 -168.23380     4.3279    28.4829    1459.83  0.000e+00
     12.160   67.89816 -168.23380     4.3276    28.4867    1459.83  0.000e+00
     12.221   67.89816 -168.23380     4.3283    28.4921    1459.84  0.000e+00
     12.221   67.89816 -168.23380     4.3300    28.4971    1459.86  0.000e+00
     12.221   67.89816 -168.23380     4.3323    28.5015    1459.87  0.000e+00
     12.245   67.89816 -168.23380     4.3348    28.4984    1459.88  0.000e+00
     12.221   67.89816 -168.23380     4.3373    28.4950    1459.89  0.000e+00
     12.221   67.89816 -168.23380     4.3396    28.4987    1459.90  0.000e+00
     12.221   67.89816 -168.23380     4.3445    28.4953    1459.92  0.000e+00
     12.275   67.89816 -168.23380     4.3508    28.4835    1459.93  0.000e+00
     12.275   67.89816 -168.23380     4.3561    28.4868    1459.96  0.000e+00
     12.191   67.89816 -168.23380     4.3598    28.4940    1459.98  0.000e+00
     12.275   67.89816 -168.23380     4.3627    28.5039    1460.01  0.000e+00
     12.275   67.89816 -168.23380     4.3646    28.5217    1460.04  0.000e+00
     12.221   67.89816 -168.23380     4.3682    28.5411    1460.08  0.000e+00
     12.275   67.89816 -168.23380     4.3726    28.5541    1460.11  0.000e+00
     12.244   67.89816 -168.23380     4.3769    28.5498    1460.12  0.000e+00
     12.275   67.89816 -168.23380     4.3793    28.5278    1460.11  0.000e+00
     12.275   67.89816 -168.23380     4.3790    28.5056    1460.08  0.000e+00
     12.221   67.89816 -168.23380     4.3770    28.4883    1460.04  0.000e+00
     12.275   67.89816 -168.23380     4.3726    28.4719    1460.01  0.000e+00
     12.275   67.89816 -168.23380     4.3673    28.4665    1459.98  0.000e+00
     12.306   67.89816 -168.23380     4.3625    28.4709    1459.96  0.000e+00
     12.275   67.89816 -168.23380     4.3590    28.4782    1459.96  0.000e+00
     12.275   67.89816 -168.23380     4.3568    28.4801    1459.95  0.000e+00
     12.275   67.89816 -168.23380     4.3549    28.5024    1459.97  0.000e+00
     12.337   67.89816 -168.23380     4.3567    28.5426    1460.03  0.000e+00
     12.275   67.89816 -168.23380     4.3617    28.5688    1460.08  0.000e+00
     12.306   67.89816 -168.23380     4.3677    28.5773    1460.12  0.000e+00
     12.275   67.89816 -168.23380     4.3731    28.5779    1460.14  0.000e+00
     12.337   67.89816 -168.23380     4.3778    28.5752    1460.16  0.000e+00
     12.275   67.89816 -168.23380     4.3814    28.5707    1460.17  0.000e+00
     12.337   67.89816 -168.23380     4.3842    28.5685    1460.18  0.000e+00
     12.275   67.89816 -168.23380     4.3867    28.5645    1460.18  0.000e+00
     12.360   67.89816 -168.23380     4.3883    28.5550    1460.18  0.000e+00
     12.337   67.89816 -168.23380     4.3891    28.5469    1460.17  0.000e+00
     12.337   67.89816 -168.23380     4.3893    28.5386    1460.16  0.000e+00
     12.337   67.89816 -168.23380     4.3886    28.5354    1460.16  0.000e+00
     12.337   67.89816 -168.23380     4.3870    28.5341    1460.15  0.000e+00
     12.360   67.89816 -168.23380     4.3865    28.5298    1460.14  0.000e+00
     12.337   67.89816 -168.23380     4.3845    28.5243    1460.12  0.000e+00
     12.391   67.89816 -168.23380     4.3823    28.5167    1460.11  0.000e+00
     12.337   67.89816 -168.23380     4.3799    28.5131    1460.09  0.000e+00
     12.391   67.89816 -168.23380     4.3782    28.5094    1460.08  0.000e+00
     12.391   67.89816 -168.23380     4.3766    28.4983    1460.06  0.000e+00
     12.360   67.89816 -168.23380     4.3721    28.4861    1460.02  0.000e+00
     12.390   67.89816 -168.23380     4.3666    28.4973    1460.02  0.000e+00
     12.390   67.89816 -168.23380     4.3659    28.5269    1460.05  0.000e+00
     12.390   67.89816 -168.23380     4.3688    28.5512    1460.09  0.000e+00
     12.444   67.89816 -168.23380     4.3736    28.5633    1460.13  0.000e+00
     12.444   67.89816 -168.23380     4.3779    28.5665    1460.15  0.000e+00
     12.360   67.89816 -168.23378     4.3812    28.5672    1460.17  0.000e+00
     12.444   67.89816 -168.23378     4.3845    28.5654    1460.18  0.000e+00
     12.444   67.89816 -168.23378     4.3865    28.5621    1460.18  0.000e+00
     12.444   67.89816 -168.23378     4.3883    28.5603    1460.19  0.000e+00
     12.444   67.89816 -168.23378     4.3897    28.5627    1460.20  0.000e+00
     12.475   67.89816 -168.23378     4.3908    28.5678    1460.21  0.000e+00
     12.444   67.89816 -168.23378     4.3925    28.5739    1460.22  0.000e+00
     12.506   67.89816 -168.23378     4.3940    28.5804    1460.24  0.000e+00
     12.506   67.89816 -168.23378     4.3951    28.5839    1460.25  0.000e+00
     12.506   67.89816 -168.23378     4.3951    28.5837    1460.25  0.000e+00
     12.506   67.89816 -168.23378     4.3946    28.5837    1460.25  0.000e+00
     12.529   67.89816 -168.23378     4.3937    28.5854    1460.24  0.000e+00
     12.506   67.89816 -168.23378     4.3934    28.5848    1460.24  0.000e+00
     12.560   67.89816 -168.23378     4.3924    28.5819    1460.23  0.000e+00
     12.560   67.89816 -168.23378     4.3921    28.5814    1460.23  0.000e+00
     12.506   67.89816 -168.23378     4.3919    28.5879    1460.24  0.000e+00
     12.591   67.89816 -168.23378     4.3924    28.5986    1460.26  0.000e+00
     12.560   67.89816 -168.23378     4.3943    28.6087    1460.28  0.000e+00
     12.621   67.89816 -168.23378     4.3962    28.6123    1460.29  0.000e+00
     12.621   67.89816 -168.23378     4.3976    28.6111    1460.30  0.000e+00
     12.560   67.89816 -168.23378     4.3984    28.6120    1460.30  0.000e+00
     12.621   67.89816 -168.23378     4.4002    28.6168    1460.31  0.000e+00
     12.645   67.89816 -168.23378     4.4025    28.6230    1460.33  0.000e+00
     12.621   67.89816 -168.23378     4.4060    28.6266    1460.35  0.000e+00
     12.675   67.89816 -168.23378     4.4092    28.6280    1460.37  0.000e+00
     12.675   67.89816 -168.23378     4.4127    28.6294    1460.38  0.000e+00
     12.675   67.89816 -168.23378     4.4163    28.6281    1460.40  0.000e+00
     12.644   67.89816 -168.23378     4.4190    28.6158    1460.39  0.000e+00
     12.737   67.89816 -168.23378     4.4190    28.6096    1460.38  0.000e+00
     12.675   67.89816 -168.23378     4.4187    28.6118    1460.39  0.000e+00
     12.737   67.89816 -168.23378     4.4190    28.6107    1460.39  0.000e+00
     12.737   67.89816 -168.23378     4.4192    28.6043    1460.38  0.000e+00
     12.737   67.89816 -168.23378     4.4192    28.6020    1460.38  0.000e+00
     12.706   67.89816 -168.23378     4.4191    28.6036    1460.38  0.000e+00
     12.737   67.89816 -168.23378     4.4188    28.6040    1460.38  0.000e+00
     12.791   67.89816 -168.23378     4.4192    28.6067    1460.38  0.000e+00
     12.737   67.89816 -168.23378     4.4207    28.6256    1460.41  0.000e+00
     12.791   67.89816 -168.23378     4.4269    28.6514    1460.47  0.000e+00
     12.822   67.89816 -168.23378     4.4374    28.6657    1460.54  0.000e+00
     12.791   67.89816 -168.23378     4.4474    28.6678    1460.58  0.000e+00
     12.791   67.89816 -168.23378     4.4548    28.6715    1460.61  0.000e+00
     12.845   67.89816 -168.23378     4.4624    28.6856    1460.67  0.000e+00
     12.791   67.89816 -168.23378     4.4752    28.7040    1460.74  0.000e+00
     12.845   67.89816 -168.23378     4.4930    28.7189    1460.84  0.000e+00
     12.822   67.89816 -168.23378     4.5131    28.7257    1460.93  0.000e+00
     12.845   67.89816 -168.23378     4.5312    28.7303    1461.01  0.000e+00
     12.845   67.89816 -168.23378     4.5479    28.7429    1461.10  0.000e+00
     12.845   67.89816 -168.23378     4.5688    28.7562    1461.20  0.000e+00
     12.906   67.89816 -168.23378     4.5926    28.7573    1461.30  0.000e+00
     12.875   67.89816 -168.23378     4.6152    28.7605    1461.40  0.000e+00
     12.906   67.89816 -168.23378     4.6391    28.7751    1461.52  0.000e+00
     12.845   67.89816 -168.23378     4.6665    28.7871    1461.65  0.000e+00
     12.906   67.89816 -168.23378     4.6941    28.7829    1461.76  0.000e+00
     12.960   67.89816 -168.23378     4.7186    28.7828    1461.86  0.000e+00
     12.929   67.89816 -168.23378     4.7432    28.7984    1461.98  0.000e+00
     12.906   67.89816 -168.23378     4.7720    28.8199    1462.13  0.000e+00
     12.960   67.89816 -168.23378     4.8040    28.8453    1462.30  0.000e+00
     12.960   67.89816 -168.23378     4.8410    28.8642    1462.47  0.000e+00
     12.960   67.89816 -168.23378     4.8794    28.8637    1462.63  0.000e+00
     12.960   67.89816 -168.23378     4.9132    28.8496    1462.76  0.000e+00
     12.991   67.89816 -168.23378     4.9415    28.8449    1462.87  0.000e+00
     12.960   67.89816 -168.23378     4.9695    28.8690    1463.01  0.000e+00
     12.960   67.89816 -168.23378     5.0040    28.9009    1463.20  0.000e+00
     13.022   67.89816 -168.23378     5.0435    28.9126    1463.38  0.000e+00
     13.022   67.89816 -168.23378     5.0812    28.9081    1463.53  0.000e+00
     12.991   67.89816 -168.23378     5.1160    28.9267    1463.69  0.000e+00
     13.022   67.89816 -168.23378     5.1586    28.9898    1463.95  0.000e+00
     13.022   67.89816 -168.23378     5.2154    29.0380    1464.24  0.000e+00
     13.022   67.89816 -168.23378     5.2750    29.0373    1464.49  0.000e+00
     13.022   67.89816 -168.23378     5.3272    29.0123    1464.67  0.000e+00
     13.045   67.89816 -168.23378     5.3696    28.9833    1464.81  0.000e+00
     13.076   67.89816 -168.23378     5.4035    28.9575    1464.91  0.000e+00
     13.022   67.89816 -168.23378     5.4301    28.9377    1465.00  0.000e+00
     13.076   67.89816 -168.23378     5.4507    28.9236    1465.06  0.000e+00
     13.076   67.89816 -168.23378     5.4678    28.9132    1465.12  0.000e+00
     13.075   67.89816 -168.23378     5.4813    28.9087    1465.17  0.000e+00
     13.160   67.89816 -168.23378     5.4944    28.9369    1465.26  0.000e+00
     13.075   67.89816 -168.23378     5.5172    28.9780    1465.40  0.000e+00
     13.137   67.89816 -168.23378     5.5461    29.0068    1465.56  0.000e+00
     13.137   67.89816 -168.23378     5.5782    29.0338    1465.73  0.000e+00
     13.137   67.89816 -168.23378     5.6158    29.0606    1465.91  0.000e+00
     13.106   67.89816 -168.23378     5.6566    29.0713    1466.09  0.000e+00
     13.191   67.89816 -168.23378     5.6960    29.0638    1466.24  0.000e+00
     13.075   67.89816 -168.23378     5.7297    29.0492    1466.36  0.000e+00
     13.191   67.89816 -168.23378     5.7586    29.0410    1466.47  0.000e+00
     13.137   67.89816 -168.23378     5.7858    29.0399    1466.58  0.000e+00
     13.160   67.89816 -168.23378     5.8117    29.0388    1466.68  0.000e+00
     13.245   67.89816 -168.23378     5.8353    29.0351    1466.77  0.000e+00
     13.191   67.89816 -168.23378     5.8571    29.0350    1466.86  0.000e+00
     13.191   67.89816 -168.23378     5.8779    29.0298    1466.94  0.000e+00
     13.307   67.89816 -168.23378     5.8978    29.0221    1467.01  0.000e+00
     13.222   67.89816 -168.23378     5.9156    29.0196    1467.08  0.000e+00
     13.245   67.89816 -168.23378     5.9307    29.0191    1467.14  0.000e+00
     13.307   67.89816 -168.23378     5.9430    29.0165    1467.19  0.000e+00
     13.245   67.89816 -168.23378     5.9533    29.0152    1467.23  0.000e+00
     13.245   67.89816 -168.23378     5.9637    29.0179    1467.27  0.000e+00
     13.276   67.89816 -168.23378     5.9744    29.0215    1467.32  0.000e+00
     13.306   67.89816 -168.23378     5.9847    29.0268    1467.37  0.000e+00
     13.306   67.89816 -168.23378     5.9947    29.0295    1467.41  0.000e+00
     13.360   67.89816 -168.23378     6.0028    29.0283    1467.44  0.000e+00
     13.360   67.89816 -168.23378     6.0091    29.0333    1467.47  0.000e+00
