EcoFOCI/data/1_SampleCollection/2023_SikuliaqDBO_CruiseData/CTD_raw_BottleFile_SKQ23-12S/proc/skq202312s_006.cnv
* Sea-Bird SBE 9 Data File:
* FileName = D:\CTD\SKQ202312S\SKQ202312S_006.hex
* Software Version Seasave V 7.26.7.121
* Temperature SN = 6177
* Conductivity SN = 0369
* Number of Bytes Per Scan = 41
* Number of Voltage Words = 4
* Number of Scans Averaged by the Deck Unit = 1
* NMEA Latitude = 62 28.06 N
* NMEA Longitude = 174 05.08 W
* NMEA UTC (Time) = Sep 16 2023  02:34:40
* NMEA baud rate = 4800
** Ship: R/V Sikuliaq
** Station Number: 006
** Station Name: DBO1.5
** Bottom Depth: 68
** Operator: SD
# nquan = 24
# nvalues = 5525                                  
# units = specified
# name 0 = depSM: Depth [salt water, m]
# name 1 = latitude: Latitude [deg]
# name 2 = longitude: Longitude [deg]
# name 3 = prDM: Pressure, Digiquartz [db]
# name 4 = t090C: Temperature [ITS-90, deg C]
# name 5 = t190C: Temperature, 2 [ITS-90, deg C]
# name 6 = potemp090C: Potential Temperature [ITS-90, deg C]
# name 7 = sal00: Salinity, Practical [PSU]
# name 8 = sal11: Salinity, Practical, 2 [PSU]
# name 9 = density00: Density [density, kg/m^3]
# name 10 = sigma-é00: Density [sigma-theta, kg/m^3]
# name 11 = sbox0Mm/Kg: Oxygen, SBE 43 [umol/kg]
# name 12 = sbox1Mm/Kg: Oxygen, SBE 43, 2 [umol/kg]
# name 13 = oxsolMm/Kg: Oxygen Saturation, Garcia & Gordon [umol/kg]
# name 14 = sbeox0PS: Oxygen, SBE 43 [% saturation]
# name 15 = sbeox1PS: Oxygen, SBE 43, 2 [% saturation]
# name 16 = v0: Voltage 0
# name 17 = flECO-AFL: Fluorescence, WET Labs ECO-AFL/FL [mg/m^3]
# name 18 = v1: Voltage 1
# name 19 = CStarAt0: Beam Attenuation, WET Labs C-Star [1/m]
# name 20 = par: PAR/Irradiance, Biospherical/Licor
# name 21 = scan: Scan Count
# name 22 = timeM: Time, Elapsed [minutes]
# name 23 = flag:  0.000e+00
# span 0 =      1.209,     62.412                 
# span 1 =   62.46776,   62.46776                 
# span 2 = -174.08478, -174.08474                 
# span 3 =      1.221,     63.028                 
# span 4 =    -1.5161,     7.8093                 
# span 5 =    -1.5148,     7.8159                 
# span 6 =    -1.5172,     7.8090                 
# span 7 =    30.8752,    31.9264                 
# span 8 =    30.9165,    31.9375                 
# span 9 =  1024.0764,  1025.9800                 
# span 10 =    24.0679,    25.6763                
# span 11 =    274.935,    437.727                
# span 12 =    262.284,    390.133                
# span 13 =  296.87291,  371.51009                
# span 14 =     74.085,    119.808                
# span 15 =     70.685,    106.408                
# span 16 =     0.0598,     0.4054                
# span 17 =     0.0110,     2.0842                
# span 18 =     3.4872,     4.1490                
# span 19 =     0.5094,     1.2046                
# span 20 = 1.0000e-12, 2.3409e+02                
# span 21 =          1,       5525                
# span 22 =     0.0000,     3.8361                
# span 23 = 0.0000e+00, 0.0000e+00                
# interval = seconds: 0.0416667
# start_time = Sep 16 2023 02:39:43 [NMEA time, first data scan]
# bad_flag = -9.990e-29
*END*
[from data line 3563]
     39.996   62.46776 -174.08476     40.389    -1.5056    -1.5046    -1.5063    31.7554    31.7694  1025.7324    25.5371    281.916    268.805  371.46074     75.894     72.375     0.0757     0.1062     3.8877     0.7696 7.9205e-01       3564     2.4743  0.000e+00
     39.996   62.46776 -174.08476     40.389    -1.5058    -1.5049    -1.5065    31.7560    31.7700  1025.7330    25.5377    281.742    268.795  371.46044     75.847     72.371     0.0757     0.1062     3.8877     0.7696 7.9205e-01       3565     2.4750  0.000e+00
     40.050   62.46776 -174.08476     40.443    -1.5059    -1.5048    -1.5066    31.7556    31.7699  1025.7329    25.5373    281.785    268.782  371.46243     75.858     72.368     0.0757     0.1062     3.8877     0.7696 7.8440e-01       3566     2.4757  0.000e+00
     40.043   62.46776 -174.08476     40.436    -1.5063    -1.5050    -1.5070    31.7560    31.7702  1025.7332    25.5377    281.829    268.769  371.46507     75.870     72.364     0.0757     0.1062     3.8877     0.7696 7.7431e-01       3567     2.4764  0.000e+00
     40.050   62.46776 -174.08476     40.443    -1.5063    -1.5050    -1.5070    31.7567    31.7699  1025.7338    25.5382    281.611    268.754  371.46321     75.811     72.360     0.0757     0.1062     3.8877     0.7696 7.7431e-01       3568     2.4771  0.000e+00
     40.112   62.46776 -174.08476     40.506    -1.5059    -1.5054    -1.5066    31.7561    31.7706  1025.7336    25.5377    281.870    268.740  371.46144     75.881     72.356     0.0757     0.1062     3.8877     0.7696 7.6930e-01       3569     2.4778  0.000e+00
     40.166   62.46776 -174.08476     40.560    -1.5060    -1.5052    -1.5067    31.7562    31.7709  1025.7339    25.5378    281.662    268.721  371.46168     75.825     72.351     0.0745     0.0989     3.8889     0.7684 7.6184e-01       3570     2.4785  0.000e+00
     40.112   62.46776 -174.08476     40.506    -1.5061    -1.5052    -1.5068    31.7566    31.7712  1025.7340    25.5381    281.925    268.698  371.46176     75.896     72.345     0.0757     0.1062     3.8877     0.7696 7.5937e-01       3571     2.4792  0.000e+00
     40.220   62.46776 -174.08476     40.615    -1.5064    -1.5052    -1.5071    31.7570    31.7711  1025.7348    25.5384    281.935    268.945  371.46356     75.898     72.412     0.0745     0.0989     3.8877     0.7696 7.5937e-01       3572     2.4799  0.000e+00
     40.166   62.46776 -174.08476     40.560    -1.5065    -1.5054    -1.5071    31.7570    31.7712  1025.7346    25.5385    281.989    268.987  371.46399     75.913     72.423     0.0757     0.1062     3.8877     0.7696 7.5445e-01       3573     2.4806  0.000e+00
     40.228   62.46776 -174.08476     40.623    -1.5066    -1.5056    -1.5073    31.7573    31.7718  1025.7352    25.5388    281.998    268.998  371.46414     75.915     72.426     0.0757     0.1062     3.8913     0.7659 7.5200e-01       3574     2.4813  0.000e+00
     40.282   62.46776 -174.08476     40.677    -1.5070    -1.5057    -1.5077    31.7581    31.7723  1025.7360    25.5394    282.061    269.005  371.46667     75.932     72.428     0.0757     0.1062     3.8938     0.7634 7.4955e-01       3575     2.4819  0.000e+00
     40.228   62.46776 -174.08476     40.623    -1.5069    -1.5058    -1.5076    31.7583    31.7721  1025.7360    25.5396    282.065    269.008  371.46479     75.933     72.428     0.0745     0.0989     3.8950     0.7621 7.3984e-01       3576     2.4826  0.000e+00
     40.336   62.46776 -174.08476     40.732    -1.5072    -1.5058    -1.5079    31.7588    31.7721  1025.7369    25.5399    282.079    269.012  371.46634     75.937     72.429     0.0757     0.1062     3.8938     0.7634 7.3263e-01       3577     2.4833  0.000e+00
     40.282   62.46776 -174.08476     40.677    -1.5070    -1.5060    -1.5077    31.7587    31.7726  1025.7366    25.5399    281.824    269.007  371.46468     75.868     72.428     0.0757     0.1062     3.8938     0.7634 7.3263e-01       3578     2.4840  0.000e+00
     40.336   62.46776 -174.08476     40.732    -1.5072    -1.5061    -1.5079    31.7589    31.7733  1025.7370    25.5401    282.048    268.806  371.46584     75.928     72.374     0.0757     0.1062     3.8938     0.7634 7.3263e-01       3579     2.4847  0.000e+00
     40.398   62.46776 -174.08476     40.794    -1.5070    -1.5060    -1.5077    31.7595    31.7733  1025.7377    25.5405    281.797    268.770  371.46251     75.862     72.364     0.0769     0.1135     3.8938     0.7634 7.3263e-01       3580     2.4854  0.000e+00
     40.398   62.46776 -174.08476     40.794    -1.5067    -1.5058    -1.5074    31.7593    31.7736  1025.7376    25.5404    281.758    268.960  371.46015     75.851     72.416     0.0757     0.1062     3.8950     0.7621 7.3263e-01       3581     2.4861  0.000e+00
     40.452   62.46776 -174.08476     40.849    -1.5068    -1.5058    -1.5075    31.7596    31.7741  1025.7381    25.5406    281.985    268.951  371.45977     75.913     72.414     0.0757     0.1062     3.8938     0.7634 7.3024e-01       3582     2.4868  0.000e+00
     40.452   62.46776 -174.08476     40.849    -1.5067    -1.5054    -1.5074    31.7604    31.7739  1025.7387    25.5412    281.737    268.936  371.45700     75.846     72.411     0.0757     0.1062     3.8938     0.7634 7.3024e-01       3583     2.4875  0.000e+00
     40.452   62.46776 -174.08476     40.849    -1.5066    -1.5057    -1.5073    31.7606    31.7746  1025.7389    25.5414    281.962    268.922  371.45469     75.907     72.407     0.0757     0.1062     3.8938     0.7634 7.2786e-01       3584     2.4882  0.000e+00
     40.513   62.46776 -174.08476     40.911    -1.5063    -1.5055    -1.5070    31.7608    31.7746  1025.7394    25.5416    281.978    268.939  371.45158     75.912     72.412     0.0781     0.1209     3.8938     0.7634 7.2075e-01       3585     2.4889  0.000e+00
     40.567   62.46776 -174.08476     40.966    -1.5066    -1.5054    -1.5073    31.7613    31.7751  1025.7401    25.5420    281.998    268.723  371.45240     75.918     72.354     0.0818     0.1428     3.8938     0.7634 7.1370e-01       3586     2.4896  0.000e+00
     40.560   62.46776 -174.08476     40.958    -1.5064    -1.5052    -1.5071    31.7613    31.7751  1025.7400    25.5420    281.752    268.934  371.45082     75.852     72.411     0.0818     0.1428     3.8938     0.7634 7.1370e-01       3587     2.4903  0.000e+00
     40.567   62.46776 -174.08476     40.966    -1.5063    -1.5050    -1.5070    31.7616    31.7754  1025.7403    25.5422    281.720    268.946  371.44931     75.843     72.415     0.0818     0.1428     3.8938     0.7634 7.0903e-01       3588     2.4910  0.000e+00
     40.629   62.46776 -174.08476     41.028    -1.5061    -1.5052    -1.5068    31.7620    31.7758  1025.7409    25.5425    281.690    268.961  371.44596     75.836     72.419     0.0806     0.1355     3.8938     0.7634 7.0439e-01       3589     2.4917  0.000e+00
     40.629   62.46776 -174.08476     41.028    -1.5059    -1.5049    -1.5066    31.7621    31.7761  1025.7410    25.5426    281.922    268.935  371.44389     75.899     72.413     0.0818     0.1428     3.8950     0.7621 7.0208e-01       3590     2.4924  0.000e+00
     40.683   62.46776 -174.08476     41.082    -1.5059    -1.5049    -1.5066    31.7621    31.7762  1025.7412    25.5426    281.946    268.911  371.44334     75.906     72.406     0.0806     0.1355     3.8938     0.7634 7.0208e-01       3591     2.4931  0.000e+00
     40.737   62.46776 -174.08476     41.137    -1.5061    -1.5048    -1.5068    31.7625    31.7763  1025.7419    25.5430    281.972    269.147  371.44428     75.912     72.470     0.0818     0.1428     3.8950     0.7621 6.9519e-01       3592     2.4937  0.000e+00
     40.737   62.46776 -174.08476     41.137    -1.5059    -1.5049    -1.5066    31.7628    31.7771  1025.7421    25.5432    281.993    269.182  371.44184     75.919     72.480     0.0818     0.1428     3.8938     0.7634 6.9519e-01       3593     2.4944  0.000e+00
     40.737   62.46776 -174.08476     41.137    -1.5063    -1.5050    -1.5070    31.7633    31.7775  1025.7425    25.5436    282.018    269.214  371.44372     75.925     72.488     0.0818     0.1428     3.8864     0.7709 6.9291e-01       3594     2.4951  0.000e+00
     40.799   62.46776 -174.08476     41.199    -1.5062    -1.5049    -1.5069    31.7642    31.7778  1025.7435    25.5443    282.040    269.245  371.44005     75.932     72.497     0.0830     0.1502     3.8755     0.7822 6.9291e-01       3595     2.4958  0.000e+00
     40.853   62.46776 -174.08476     41.254    -1.5061    -1.5049    -1.5068    31.7647    31.7782  1025.7442    25.5447    282.063    269.273  371.43800     75.938     72.505     0.0818     0.1428     3.8742     0.7835 6.9291e-01       3596     2.4965  0.000e+00
     40.853   62.46776 -174.08476     41.254    -1.5059    -1.5050    -1.5066    31.7650    31.7787  1025.7444    25.5449    282.084    269.100  371.43543     75.944     72.458     0.0818     0.1428     3.8742     0.7835 6.9063e-01       3597     2.4972  0.000e+00
     40.853   62.46776 -174.08476     41.254    -1.5057    -1.5046    -1.5064    31.7651    31.7792  1025.7445    25.5450    282.104    269.351  371.43272     75.950     72.527     0.0818     0.1428     3.8742     0.7835 6.7709e-01       3598     2.4979  0.000e+00
     40.915   62.46776 -174.08476     41.316    -1.5058    -1.5046    -1.5065    31.7659    31.7796  1025.7454    25.5457    282.129    269.375  371.43163     75.957     72.534     0.0830     0.1502     3.8742     0.7835 6.7041e-01       3599     2.4986  0.000e+00
     40.969   62.46776 -174.08476     41.371    -1.5056    -1.5045    -1.5063    31.7665    31.7799  1025.7462    25.5462    282.099    269.396  371.42791     75.950     72.540     0.0818     0.1428     3.8755     0.7822 6.7041e-01       3600     2.4993  0.000e+00
     40.969   62.46776 -174.08476     41.371    -1.5057    -1.5045    -1.5064    31.7666    31.7806  1025.7463    25.5462    282.120    269.412  371.42843     75.955     72.544     0.0830     0.1502     3.8742     0.7835 6.6819e-01       3601     2.5000  0.000e+00
     41.023   62.46776 -174.08476     41.425    -1.5055    -1.5046    -1.5062    31.7665    31.7809  1025.7464    25.5461    282.141    269.429  371.42644     75.961     72.549     0.0806     0.1355     3.8755     0.7822 6.6819e-01       3602     2.5007  0.000e+00
     41.030   62.46776 -174.08476     41.433    -1.5055    -1.5043    -1.5062    31.7667    31.7810  1025.7467    25.5463    282.162    269.438  371.42570     75.967     72.552     0.0818     0.1428     3.8755     0.7822 6.6598e-01       3603     2.5014  0.000e+00
     41.084   62.46776 -174.08476     41.488    -1.5054    -1.5045    -1.5061    31.7669    31.7811  1025.7471    25.5465    282.183    269.451  371.42440     75.973     72.555     0.0818     0.1428     3.8755     0.7822 6.6159e-01       3604     2.5021  0.000e+00
     41.084   62.46776 -174.08476     41.488    -1.5054    -1.5042    -1.5061    31.7675    31.7809  1025.7476    25.5470    282.202    269.456  371.42214     75.979     72.557     0.0818     0.1428     3.8755     0.7822 6.5939e-01       3605     2.5028  0.000e+00
     41.138   62.46776 -174.08476     41.542    -1.5054    -1.5043    -1.5061    31.7676    31.7814  1025.7479    25.5470    282.225    269.495  371.42198     75.985     72.568     0.0806     0.1355     3.8755     0.7822 6.5939e-01       3606     2.5035  0.000e+00
     41.138   62.46776 -174.08476     41.542    -1.5051    -1.5041    -1.5058    31.7674    31.7813  1025.7478    25.5469    282.244    269.497  371.42014     75.990     72.568     0.0818     0.1428     3.8755     0.7822 6.5721e-01       3607     2.5042  0.000e+00
     41.192   62.46776 -174.08476     41.597    -1.5052    -1.5040    -1.5059    31.7682    31.7821  1025.7487    25.5476    282.266    269.496  371.41839     75.997     72.569     0.0818     0.1428     3.8755     0.7822 6.5286e-01       3608     2.5049  0.000e+00
     41.254   62.46776 -174.08476     41.659    -1.5052    -1.5040    -1.5059    31.7686    31.7825  1025.7493    25.5478    282.236    269.495  371.41738     75.989     72.569     0.0818     0.1428     3.8742     0.7835 6.5286e-01       3609     2.5056  0.000e+00
     41.254   62.46776 -174.08476     41.659    -1.5050    -1.5039    -1.5057    31.7689    31.7825  1025.7495    25.5481    282.200    269.718  371.41417     75.980     72.629     0.0794     0.1282     3.8742     0.7835 6.5503e-01       3610     2.5063  0.000e+00
     41.254   62.46776 -174.08476     41.659    -1.5049    -1.5037    -1.5056    31.7691    31.7829  1025.7497    25.5483    282.216    269.508  371.41290     75.984     72.573     0.0684     0.0623     3.8755     0.7822 6.5503e-01       3611     2.5069  0.000e+00
     41.316   62.46776 -174.08476     41.721    -1.5052    -1.5039    -1.5059    31.7697    31.7833  1025.7505    25.5487    282.236    269.499  371.41412     75.990     72.571     0.0635     0.0330     3.8755     0.7822 6.5503e-01       3612     2.5076  0.000e+00
     41.362   62.46776 -174.08476     41.768    -1.5048    -1.5037    -1.5055    31.7695    31.7833  1025.7505    25.5486    282.303    269.484  371.41067     76.008     72.567     0.0611     0.0183     3.8742     0.7835 6.5286e-01       3613     2.5083  0.000e+00
     41.432   62.46776 -174.08476     41.838    -1.5049    -1.5036    -1.5056    31.7695    31.7830  1025.7508    25.5486    282.325    269.469  371.41184     76.014     72.563     0.0635     0.0330     3.8681     0.7898 6.4638e-01       3614     2.5090  0.000e+00
     41.432   62.46776 -174.08476     41.838    -1.5047    -1.5036    -1.5054    31.7691    31.7831  1025.7506    25.5483    282.343    269.449  371.41102     76.019     72.558     0.0623     0.0256     3.8510     0.8075 6.4423e-01       3615     2.5097  0.000e+00
     41.432   62.46776 -174.08476     41.838    -1.5050    -1.5037    -1.5057    31.7694    31.7831  1025.7508    25.5485    282.624    269.427  371.41248     76.094     72.551     0.0635     0.0330     3.8462     0.8126 6.4638e-01       3616     2.5104  0.000e+00
     41.486   62.46776 -174.08476     41.893    -1.5050    -1.5039    -1.5057    31.7692    31.7834  1025.7509    25.5484    282.381    269.404  371.41372     76.029     72.545     0.0623     0.0256     3.8462     0.8126 6.4638e-01       3617     2.5111  0.000e+00
     41.486   62.46776 -174.08476     41.893    -1.5047    -1.5039    -1.5054    31.7689    31.7835  1025.7507    25.5481    282.654    269.376  371.41174     76.103     72.538     0.0635     0.0330     3.8474     0.8113 6.4638e-01       3618     2.5118  0.000e+00
     41.594   62.46776 -174.08476     42.002    -1.5050    -1.5040    -1.5057    31.7693    31.7834  1025.7515    25.5484    282.409    269.581  371.41302     76.036     72.592     0.0623     0.0256     3.8474     0.8113 6.4209e-01       3619     2.5125  0.000e+00
     41.540   62.46776 -174.08476     41.947    -1.5050    -1.5040    -1.5057    31.7696    31.7838  1025.7515    25.5487    282.417    269.345  371.41245     76.039     72.529     0.0635     0.0330     3.8474     0.8113 6.2937e-01       3620     2.5132  0.000e+00
     41.656   62.46776 -174.08476     42.064    -1.5052    -1.5040    -1.5059    31.7696    31.7837  1025.7521    25.5487    282.434    269.345  371.41434     76.043     72.529     0.0623     0.0256     3.8474     0.8113 6.2517e-01       3621     2.5139  0.000e+00
     41.656   62.46776 -174.08476     42.064    -1.5050    -1.5040    -1.5057    31.7702    31.7839  1025.7525    25.5491    282.441    269.340  371.41038     76.045     72.528     0.0623     0.0256     3.8474     0.8113 6.2517e-01       3622     2.5146  0.000e+00
