EcoFOCI/data/1_SampleCollection/2023_SikuliaqDBO_CruiseData/CTD_raw_BottleFile_SKQ23-12S/proc/skq202312s_045.cnv
* Sea-Bird SBE 9 Data File:
* FileName = D:\CTD\SKQ202312S\SKQ202312S_045.hex
* Software Version Seasave V 7.26.7.121
* Temperature SN = 6177
* Conductivity SN = 0369
* Number of Bytes Per Scan = 41
* Number of Voltage Words = 4
* Number of Scans Averaged by the Deck Unit = 1
* NMEA Latitude = 71 39.21 N
* NMEA Longitude = 161 35.21 W
* NMEA UTC (Time) = Sep 24 2023  11:43:57
* NMEA baud rate = 4800
** Ship: R/V Sikuliaq
** Station Number: 045
** Station Name: DBO4.4na
** Bottom Depth: 47
** Operator: Bern
# nquan = 24
# nvalues = 6596                                  
# units = specified
# name 0 = depSM: Depth [salt water, m]
# name 1 = latitude: Latitude [deg]
# name 2 = longitude: Longitude [deg]
# name 3 = prDM: Pressure, Digiquartz [db]
# name 4 = t090C: Temperature [ITS-90, deg C]
# name 5 = t190C: Temperature, 2 [ITS-90, deg C]
# name 6 = potemp090C: Potential Temperature [ITS-90, deg C]
# name 7 = sal00: Salinity, Practical [PSU]
# name 8 = sal11: Salinity, Practical, 2 [PSU]
# name 9 = density00: Density [density, kg/m^3]
# name 10 = sigma-é00: Density [sigma-theta, kg/m^3]
# name 11 = sbox0Mm/Kg: Oxygen, SBE 43 [umol/kg]
# name 12 = sbox1Mm/Kg: Oxygen, SBE 43, 2 [umol/kg]
# name 13 = oxsolMm/Kg: Oxygen Saturation, Garcia & Gordon [umol/kg]
# name 14 = sbeox0PS: Oxygen, SBE 43 [% saturation]
# name 15 = sbeox1PS: Oxygen, SBE 43, 2 [% saturation]
# name 16 = v0: Voltage 0
# name 17 = flECO-AFL: Fluorescence, WET Labs ECO-AFL/FL [mg/m^3]
# name 18 = v1: Voltage 1
# name 19 = CStarAt0: Beam Attenuation, WET Labs C-Star [1/m]
# name 20 = par: PAR/Irradiance, Biospherical/Licor
# name 21 = scan: Scan Count
# name 22 = timeM: Time, Elapsed [minutes]
# name 23 = flag:  0.000e+00
# span 0 =      2.756,     39.988                 
# span 1 =   71.65350,   71.65352                 
# span 2 = -161.58680, -161.58674                 
# span 3 =      2.785,     40.404                 
# span 4 =    -1.4991,     2.4107                 
# span 5 =    -1.4974,     2.4157                 
# span 6 =    -1.4996,     2.4101                 
# span 7 =    27.3134,    32.5744                 
# span 8 =    27.3232,    32.5861                 
# span 9 =  1021.8444,  1026.3910                 
# span 10 =    21.8291,    26.1973                
# span 11 =    265.168,    427.121                
# span 12 =    234.267,    408.123                
# span 13 =  342.65776,  369.07065                
# span 14 =     72.206,    120.768                
# span 15 =     63.796,    114.424                
# span 16 =     0.0879,     0.7668                
# span 17 =     0.1795,     4.2527                
# span 18 =     2.2723,     4.1966                
# span 19 =     0.4637,     2.9186                
# span 20 = 1.0000e-12, 1.3459e+00                
# span 21 =          1,       6596                
# span 22 =     0.0000,     4.5799                
# span 23 = 0.0000e+00, 0.0000e+00                
# interval = seconds: 0.0416667
# start_time = Sep 24 2023 11:47:11 [NMEA time, first data scan]
# bad_flag = -9.990e-29
*END*
[from data line 5133]
     39.662   71.65352 -161.58676     40.075    -1.3218    -1.3202    -1.3226    32.5729    32.5840  1026.3893    26.1961    266.589    253.401  367.24832     72.591     69.009     0.0952     0.2234     2.3004     2.8695 1.0000e-12       5134     3.5646  0.000e+00
     39.708   71.65352 -161.58676     40.122    -1.3217    -1.3202    -1.3225    32.5728    32.5840  1026.3894    26.1960    266.353    253.183  367.24700     72.527     68.949     0.0952     0.2234     2.3004     2.8695 8.4714e-06       5135     3.5653  0.000e+00
     39.600   71.65352 -161.58676     40.013    -1.3218    -1.3201    -1.3226    32.5730    32.5840  1026.3890    26.1961    266.324    253.156  367.24821     72.519     68.942     0.0952     0.2234     2.3004     2.8695 1.0000e-12       5136     3.5660  0.000e+00
     39.716   71.65352 -161.58676     40.130    -1.3215    -1.3202    -1.3223    32.5726    32.5840  1026.3893    26.1958    266.302    253.172  367.24649     72.513     68.947     0.0952     0.2234     2.3004     2.8695 8.4714e-06       5137     3.5667  0.000e+00
     39.654   71.65352 -161.58676     40.067    -1.3215    -1.3204    -1.3223    32.5729    32.5845  1026.3892    26.1960    266.534    253.152  367.24551     72.576     68.941     0.0965     0.2308     2.3004     2.8695 8.4714e-06       5138     3.5674  0.000e+00
     39.662   71.65352 -161.58676     40.075    -1.3215    -1.3201    -1.3223    32.5727    32.5834  1026.3891    26.1959    266.818    253.168  367.24614     72.654     68.945     0.0977     0.2381     2.3004     2.8695 1.0000e-12       5139     3.5681  0.000e+00
     39.662   71.65352 -161.58676     40.075    -1.3215    -1.3203    -1.3223    32.5726    32.5837  1026.3890    26.1958    266.634    253.155  367.24639     72.604     68.942     0.1013     0.2601     2.3004     2.8695 1.0000e-12       5140     3.5688  0.000e+00
     39.716   71.65352 -161.58676     40.130    -1.3215    -1.3202    -1.3223    32.5729    32.5837  1026.3895    26.1960    266.403    253.143  367.24562     72.541     68.938     0.1001     0.2527     2.3004     2.8695 1.0000e-12       5141     3.5694  0.000e+00
     39.654   71.65352 -161.58676     40.067    -1.3215    -1.3204    -1.3223    32.5729    32.5844  1026.3892    26.1960    266.635    253.129  367.24551     72.604     68.935     0.1001     0.2527     2.3004     2.8695 8.4714e-06       5142     3.5701  0.000e+00
     39.716   71.65352 -161.58676     40.130    -1.3217    -1.3202    -1.3225    32.5730    32.5844  1026.3896    26.1961    266.408    253.119  367.24639     72.542     68.932     0.1001     0.2527     2.3004     2.8695 8.4714e-06       5143     3.5708  0.000e+00
     39.662   71.65352 -161.58676     40.075    -1.3214    -1.3201    -1.3222    32.5727    32.5843  1026.3891    26.1959    266.384    253.335  367.24437     72.536     68.991     0.1001     0.2527     2.3004     2.8695 1.0000e-12       5144     3.5715  0.000e+00
     39.708   71.65352 -161.58676     40.122    -1.3212    -1.3201    -1.3220    32.5726    32.5842  1026.3892    26.1958    266.623    253.358  367.24304     72.601     68.998     0.1013     0.2601     2.3004     2.8695 1.0000e-12       5145     3.5722  0.000e+00
     39.662   71.65352 -161.58676     40.075    -1.3215    -1.3201    -1.3223    32.5732    32.5834  1026.3895    26.1963    266.653    253.153  367.24478     72.609     68.941     0.1001     0.2527     2.3004     2.8695 8.4714e-06       5146     3.5729  0.000e+00
     39.716   71.65352 -161.58676     40.130    -1.3214    -1.3201    -1.3222    32.5727    32.5836  1026.3894    26.1959    266.429    253.147  367.24434     72.548     68.940     0.1013     0.2601     2.3004     2.8695 1.0000e-12       5147     3.5736  0.000e+00
     39.716   71.65352 -161.58676     40.130    -1.3212    -1.3202    -1.3220    32.5728    32.5840  1026.3894    26.1959    266.411    253.141  367.24244     72.544     68.938     0.1001     0.2527     2.3016     2.8673 1.0000e-12       5148     3.5743  0.000e+00
     39.708   71.65352 -161.58676     40.122    -1.3214    -1.3201    -1.3222    32.5730    32.5839  1026.3896    26.1961    266.705    253.362  367.24358     72.623     68.998     0.1013     0.2601     2.3004     2.8695 8.4714e-06       5149     3.5750  0.000e+00
     39.662   71.65352 -161.58676     40.075    -1.3214    -1.3204    -1.3222    32.5730    32.5843  1026.3894    26.1961    266.432    253.161  367.24350     72.549     68.943     0.1001     0.2527     2.3016     2.8673 1.0000e-12       5150     3.5757  0.000e+00
     39.777   71.65352 -161.58676     40.192    -1.3212    -1.3202    -1.3220    32.5731    32.5842  1026.3900    26.1962    266.628    253.387  367.24167     72.603     69.005     0.1001     0.2527     2.3016     2.8673 1.0000e-12       5151     3.5764  0.000e+00
     39.708   71.65352 -161.58676     40.122    -1.3214    -1.3202    -1.3222    32.5727    32.5839  1026.3893    26.1958    266.355    253.186  367.24457     72.528     68.950     0.1001     0.2527     2.3016     2.8673 1.0000e-12       5152     3.5771  0.000e+00
     39.716   71.65352 -161.58676     40.130    -1.3214    -1.3203    -1.3222    32.5724    32.5838  1026.3891    26.1956    266.649    253.184  367.24533     72.608     68.950     0.1001     0.2527     2.3016     2.8673 8.4714e-06       5153     3.5778  0.000e+00
     39.716   71.65352 -161.58676     40.130    -1.3214    -1.3204    -1.3222    32.5729    32.5839  1026.3895    26.1960    266.685    253.183  367.24384     72.618     68.949     0.1013     0.2601     2.3016     2.8673 1.0000e-12       5154     3.5785  0.000e+00
     39.777   71.65352 -161.58676     40.192    -1.3212    -1.3202    -1.3220    32.5728    32.5837  1026.3897    26.1959    266.723    253.184  367.24255     72.628     68.950     0.1001     0.2527     2.3016     2.8673 8.4714e-06       5155     3.5792  0.000e+00
     39.708   71.65352 -161.58676     40.122    -1.3214    -1.3204    -1.3222    32.5727    32.5842  1026.3894    26.1959    266.758    253.184  367.24432     72.638     68.950     0.1001     0.2527     2.3016     2.8673 1.0000e-12       5156     3.5799  0.000e+00
     39.777   71.65352 -161.58676     40.192    -1.3215    -1.3201    -1.3223    32.5729    32.5839  1026.3899    26.1961    266.542    253.187  367.24548     72.579     68.951     0.1001     0.2527     2.3016     2.8673 1.0000e-12       5157     3.5806  0.000e+00
     39.777   71.65352 -161.58676     40.192    -1.3214    -1.3204    -1.3222    32.5727    32.5840  1026.3896    26.1958    266.787    253.193  367.24457     72.646     68.952     0.1013     0.2601     2.3016     2.8673 8.4714e-06       5158     3.5812  0.000e+00
     39.770   71.65352 -161.58676     40.184    -1.3212    -1.3202    -1.3220    32.5729    32.5834  1026.3898    26.1960    266.824    253.198  367.24228     72.656     68.953     0.1001     0.2527     2.3016     2.8673 1.0000e-12       5159     3.5819  0.000e+00
     39.716   71.65352 -161.58676     40.130    -1.3212    -1.3202    -1.3220    32.5724    32.5841  1026.3891    26.1956    266.861    253.201  367.24356     72.666     68.955     0.1001     0.2527     2.3016     2.8673 8.4714e-06       5160     3.5826  0.000e+00
     39.777   71.65352 -161.58676     40.192    -1.3211    -1.3201    -1.3219    32.5723    32.5840  1026.3894    26.1956    266.645    253.178  367.24265     72.607     68.948     0.1013     0.2601     2.3016     2.8673 8.4714e-06       5161     3.5833  0.000e+00
     39.777   71.65352 -161.58676     40.192    -1.3212    -1.3201    -1.3220    32.5731    32.5836  1026.3900    26.1962    266.893    253.153  367.24155     72.675     68.941     0.1001     0.2527     2.3016     2.8673 1.0000e-12       5162     3.5840  0.000e+00
     39.770   71.65352 -161.58676     40.184    -1.3215    -1.3201    -1.3223    32.5733    32.5837  1026.3901    26.1963    266.936    253.160  367.24447     72.686     68.944     0.1013     0.2601     2.3016     2.8673 8.4714e-06       5163     3.5847  0.000e+00
     39.831   71.65352 -161.58676     40.246    -1.3214    -1.3199    -1.3222    32.5728    32.5842  1026.3900    26.1959    266.927    253.170  367.24417     72.684     68.947     0.1001     0.2527     2.3016     2.8673 8.4714e-06       5164     3.5854  0.000e+00
     39.777   71.65352 -161.58676     40.192    -1.3212    -1.3199    -1.3220    32.5729    32.5844  1026.3898    26.1960    266.962    253.178  367.24217     72.694     68.949     0.0989     0.2454     2.3016     2.8673 1.0000e-12       5165     3.5861  0.000e+00
     39.770   71.65352 -161.58676     40.184    -1.3214    -1.3198    -1.3222    32.5730    32.5840  1026.3899    26.1961    266.231    253.189  367.24356     72.495     68.952     0.0977     0.2381     2.3016     2.8673 8.4714e-06       5166     3.5868  0.000e+00
     39.831   71.65352 -161.58676     40.246    -1.3212    -1.3199    -1.3220    32.5728    32.5840  1026.3900    26.1960    266.901    253.206  367.24239     72.677     68.956     0.0977     0.2381     2.3040     2.8631 8.4714e-06       5167     3.5875  0.000e+00
     39.831   71.65352 -161.58676     40.246    -1.3214    -1.3198    -1.3222    32.5734    32.5841  1026.3905    26.1964    266.690    253.219  367.24255     72.619     68.960     0.0989     0.2454     2.3077     2.8567 1.0000e-12       5168     3.5882  0.000e+00
     39.777   71.65352 -161.58676     40.192    -1.3214    -1.3197    -1.3222    32.5729    32.5835  1026.3898    26.1960    266.687    253.233  367.24395     72.618     68.964     0.0977     0.2381     2.3101     2.8525 1.0000e-12       5169     3.5889  0.000e+00
     39.877   71.65352 -161.58676     40.293    -1.3214    -1.3198    -1.3222    32.5727    32.5842  1026.3901    26.1958    266.947    253.253  367.24450     72.689     68.970     0.0989     0.2454     2.3089     2.8546 8.4714e-06       5170     3.5896  0.000e+00
     39.777   71.65352 -161.58676     40.192    -1.3217    -1.3196    -1.3225    32.5730    32.5836  1026.3899    26.1961    266.944    253.235  367.24650     72.688     68.965     0.0977     0.2381     2.3101     2.8525 8.4714e-06       5171     3.5903  0.000e+00
     39.831   71.65352 -161.58676     40.246    -1.3215    -1.3198    -1.3224    32.5730    32.5840  1026.3902    26.1961    266.940    253.028  367.24520     72.687     68.908     0.0989     0.2454     2.3101     2.8525 1.0000e-12       5172     3.5910  0.000e+00
     39.831   71.65352 -161.58676     40.246    -1.3215    -1.3198    -1.3224    32.5732    32.5839  1026.3903    26.1963    266.934    253.245  367.24470     72.686     68.967     0.0977     0.2381     2.3089     2.8546 8.4714e-06       5173     3.5917  0.000e+00
     39.877   71.65352 -161.58676     40.293    -1.3212    -1.3195    -1.3220    32.5725    32.5837  1026.3900    26.1957    266.669    253.235  367.24334     72.614     68.965     0.0977     0.2381     2.3101     2.8525 1.0000e-12       5174     3.5924  0.000e+00
     39.831   71.65352 -161.58676     40.246    -1.3215    -1.3196    -1.3223    32.5727    32.5837  1026.3900    26.1959    266.562    253.223  367.24544     72.584     68.962     0.0989     0.2454     2.3101     2.8525 1.0000e-12       5175     3.5931  0.000e+00
     39.831   71.65352 -161.58676     40.246    -1.3212    -1.3195    -1.3220    32.5727    32.5840  1026.3900    26.1959    265.730    253.211  367.24264     72.358     68.959     0.0977     0.2381     2.3089     2.8546 8.4714e-06       5176     3.5938  0.000e+00
     39.877   71.65352 -161.58676     40.293    -1.3215    -1.3197    -1.3224    32.5731    32.5844  1026.3905    26.1962    266.305    253.236  367.24503     72.514     68.965     0.0989     0.2454     2.3089     2.8546 8.4714e-06       5177     3.5944  0.000e+00
     39.831   71.65352 -161.58676     40.246    -1.3214    -1.3198    -1.3222    32.5722    32.5840  1026.3896    26.1955    266.558    253.260  367.24579     72.583     68.971     0.0977     0.2381     2.3101     2.8525 1.0000e-12       5178     3.5951  0.000e+00
     39.893   71.65352 -161.58676     40.309    -1.3214    -1.3196    -1.3222    32.5724    32.5839  1026.3900    26.1956    266.607    253.286  367.24527     72.596     68.979     0.0989     0.2454     2.3089     2.8546 8.4714e-06       5179     3.5958  0.000e+00
     39.893   71.65352 -161.58676     40.309    -1.3215    -1.3195    -1.3224    32.5731    32.5839  1026.3905    26.1962    266.397    253.051  367.24506     72.539     68.915     0.0977     0.2381     2.3089     2.8546 1.0000e-12       5180     3.5965  0.000e+00
     39.877   71.65352 -161.58676     40.293    -1.3215    -1.3195    -1.3223    32.5726    32.5839  1026.3901    26.1958    266.654    253.241  367.24589     72.609     68.967     0.0977     0.2381     2.3101     2.8525 1.0000e-12       5181     3.5972  0.000e+00
     39.831   71.65352 -161.58676     40.246    -1.3217    -1.3195    -1.3225    32.5726    32.5839  1026.3899    26.1958    266.702    253.267  367.24746     72.622     68.974     0.0977     0.2381     2.3089     2.8546 8.4714e-06       5182     3.5979  0.000e+00
     39.893   71.65352 -161.58676     40.309    -1.3214    -1.3196    -1.3222    32.5726    32.5840  1026.3901    26.1958    266.751    253.299  367.24478     72.636     68.982     0.0977     0.2381     2.3089     2.8546 1.0000e-12       5183     3.5986  0.000e+00
     39.877   71.65352 -161.58676     40.293    -1.3215    -1.3196    -1.3224    32.5728    32.5842  1026.3902    26.1959    266.749    253.295  367.24590     72.635     68.981     0.0977     0.2381     2.3101     2.8525 1.0000e-12       5184     3.5993  0.000e+00
     39.893   71.65352 -161.58676     40.309    -1.3217    -1.3195    -1.3225    32.5726    32.5840  1026.3902    26.1958    266.747    253.293  367.24745     72.634     68.981     0.0977     0.2381     2.3089     2.8546 8.4714e-06       5185     3.6000  0.000e+00
     39.947   71.65352 -161.58676     40.363    -1.3217    -1.3195    -1.3225    32.5729    32.5835  1026.3906    26.1960    266.743    253.293  367.24680     72.633     68.980     0.0977     0.2381     2.3089     2.8546 1.0000e-12       5186     3.6007  0.000e+00
     39.893   71.65352 -161.58676     40.309    -1.3217    -1.3196    -1.3225    32.5727    32.5839  1026.3902    26.1959    266.784    253.288  367.24732     72.644     68.979     0.0977     0.2381     2.3101     2.8525 1.0000e-12       5187     3.6014  0.000e+00
     39.877   71.65352 -161.58676     40.293    -1.3217    -1.3196    -1.3225    32.5726    32.5837  1026.3901    26.1958    266.877    253.286  367.24754     72.669     68.978     0.0977     0.2381     2.3114     2.8504 8.4714e-06       5188     3.6021  0.000e+00
     39.893   71.65352 -161.58676     40.309    -1.3215    -1.3195    -1.3224    32.5726    32.5835  1026.3901    26.1958    266.664    253.283  367.24655     72.612     68.978     0.0977     0.2381     2.3126     2.8483 1.0000e-12       5189     3.6028  0.000e+00
     39.893   71.65352 -161.58676     40.309    -1.3217    -1.3197    -1.3225    32.5726    32.5837  1026.3902    26.1958    266.869    253.281  367.24757     72.667     68.977     0.0965     0.2308     2.3138     2.8462 1.0000e-12       5190     3.6035  0.000e+00
     39.947   71.65352 -161.58676     40.363    -1.3217    -1.3195    -1.3225    32.5726    32.5835  1026.3904    26.1958    266.916    253.052  367.24767     72.680     68.915     0.0965     0.2308     2.3126     2.8483 8.4714e-06       5191     3.6042  0.000e+00
     39.877   71.65352 -161.58676     40.293    -1.3214    -1.3196    -1.3222    32.5726    32.5839  1026.3901    26.1958    266.905    253.244  367.24475     72.678     68.967     0.0952     0.2234     2.3126     2.8483 1.0000e-12       5192     3.6049  0.000e+00
