EcoFOCI/data/1_SampleCollection/2023_SikuliaqDBO_CruiseData/CTD_raw_BottleFile_SKQ23-12S/proc/skq202312s_034svp.cnv
* Sea-Bird SBE 9 Data File:
* FileName = D:\CTD\SKQ202312S\SKQ202312S_034.hex
* Software Version Seasave V 7.26.7.121
* Temperature SN = 6177
* Conductivity SN = 0369
* Number of Bytes Per Scan = 41
* Number of Voltage Words = 4
* Number of Scans Averaged by the Deck Unit = 1
* NMEA Latitude = 71 37.15 N
* NMEA Longitude = 157 55.43 W
* NMEA UTC (Time) = Sep 21 2023  16:36:56
* NMEA baud rate = 4800
** Ship: R/V Sikuliaq
** Station Number: 034
** Station Name: DBO5.10
** Bottom Depth: 62
** Operator: SD
# nquan = 7
# nvalues = 4950                                  
# units = specified
# name 0 = depSM: Depth [salt water, m]
# name 1 = latitude: Latitude [deg]
# name 2 = longitude: Longitude [deg]
# name 3 = t090C: Temperature [ITS-90, deg C]
# name 4 = sal00: Salinity, Practical [PSU]
# name 5 = svCM: Sound Velocity [Chen-Millero, m/s]
# name 6 = flag:  0.000e+00
# span 0 =      3.478,     56.893                 
# span 1 =   71.61914,   71.61918                 
# span 2 = -157.92404, -157.92392                 
# span 3 =    -1.6923,     2.3246                 
# span 4 =    29.6606,    32.9205                 
# span 5 =    1438.80,    1452.68                 
# span 6 = 0.0000e+00, 0.0000e+00                 
# interval = seconds: 0.0416667
# start_time = Sep 21 2023 16:38:35 [NMEA time, first data scan]
# bad_flag = -9.990e-29
*END*
[from data line 2872]
     36.436   71.61918 -157.92392    -1.4878    32.5078    1439.40  0.000e+00
     36.444   71.61918 -157.92392    -1.4859    32.5102    1439.41  0.000e+00
     36.444   71.61918 -157.92392    -1.4854    32.5088    1439.41  0.000e+00
     36.552   71.61918 -157.92392    -1.4858    32.5040    1439.41  0.000e+00
     36.559   71.61918 -157.92392    -1.4864    32.5001    1439.40  0.000e+00
     36.559   71.61918 -157.92392    -1.4865    32.4988    1439.40  0.000e+00
     36.667   71.61918 -157.92392    -1.4884    32.5002    1439.39  0.000e+00
     36.621   71.61918 -157.92392    -1.4954    32.5019    1439.36  0.000e+00
     36.721   71.61918 -157.92392    -1.5059    32.5019    1439.31  0.000e+00
     36.737   71.61918 -157.92392    -1.5172    32.5031    1439.26  0.000e+00
     36.791   71.61918 -157.92392    -1.5280    32.5085    1439.21  0.000e+00
     36.837   71.61918 -157.92392    -1.5343    32.5163    1439.20  0.000e+00
     36.845   71.61918 -157.92392    -1.5361    32.5252    1439.20  0.000e+00
     36.906   71.61918 -157.92392    -1.5341    32.5329    1439.22  0.000e+00
     36.953   71.61918 -157.92392    -1.5297    32.5395    1439.25  0.000e+00
     36.960   71.61918 -157.92392    -1.5229    32.5446    1439.29  0.000e+00
     37.068   71.61918 -157.92392    -1.5156    32.5482    1439.33  0.000e+00
     37.076   71.61918 -157.92392    -1.5085    32.5508    1439.37  0.000e+00
     37.138   71.61918 -157.92392    -1.5017    32.5522    1439.41  0.000e+00
     37.122   71.61918 -157.92392    -1.4966    32.5533    1439.43  0.000e+00
     37.246   71.61918 -157.92392    -1.4921    32.5537    1439.46  0.000e+00
     37.246   71.61918 -157.92392    -1.4889    32.5538    1439.47  0.000e+00
     37.292   71.61918 -157.92392    -1.4867    32.5533    1439.48  0.000e+00
     37.361   71.61918 -157.92392    -1.4854    32.5532    1439.49  0.000e+00
     37.354   71.61918 -157.92392    -1.4855    32.5542    1439.49  0.000e+00
     37.477   71.61918 -157.92392    -1.4855    32.5543    1439.49  0.000e+00
     37.477   71.61918 -157.92392    -1.4864    32.5555    1439.49  0.000e+00
     37.523   71.61918 -157.92392    -1.4873    32.5561    1439.49  0.000e+00
     37.593   71.61918 -157.92392    -1.4881    32.5570    1439.48  0.000e+00
     37.593   71.61918 -157.92392    -1.4889    32.5580    1439.48  0.000e+00
     37.693   71.61918 -157.92392    -1.4900    32.5585    1439.48  0.000e+00
     37.708   71.61918 -157.92392    -1.4914    32.5598    1439.47  0.000e+00
     37.762   71.61918 -157.92392    -1.4923    32.5601    1439.47  0.000e+00
     37.809   71.61918 -157.92392    -1.4937    32.5611    1439.47  0.000e+00
     37.824   71.61918 -157.92392    -1.4950    32.5618    1439.46  0.000e+00
     37.932   71.61918 -157.92392    -1.4963    32.5628    1439.46  0.000e+00
     37.924   71.61918 -157.92392    -1.4980    32.5638    1439.45  0.000e+00
     37.994   71.61918 -157.92392    -1.4994    32.5643    1439.45  0.000e+00
     37.994   71.61918 -157.92392    -1.5003    32.5649    1439.44  0.000e+00
     38.094   71.61918 -157.92392    -1.5014    32.5662    1439.44  0.000e+00
     38.164   71.61918 -157.92392    -1.5027    32.5664    1439.44  0.000e+00
     38.110   71.61918 -157.92392    -1.5044    32.5667    1439.43  0.000e+00
     38.210   71.61918 -157.92392    -1.5072    32.5664    1439.42  0.000e+00
     38.225   71.61918 -157.92392    -1.5115    32.5658    1439.39  0.000e+00
     38.325   71.61918 -157.92392    -1.5173    32.5656    1439.37  0.000e+00
     38.279   71.61918 -157.92392    -1.5232    32.5658    1439.34  0.000e+00
     38.333   71.61918 -157.92392    -1.5282    32.5676    1439.32  0.000e+00
     38.441   71.61918 -157.92392    -1.5313    32.5698    1439.31  0.000e+00
     38.449   71.61918 -157.92392    -1.5331    32.5731    1439.30  0.000e+00
     38.449   71.61918 -157.92392    -1.5336    32.5758    1439.31  0.000e+00
     38.557   71.61918 -157.92392    -1.5338    32.5775    1439.31  0.000e+00
     38.511   71.61918 -157.92392    -1.5336    32.5790    1439.31  0.000e+00
     38.626   71.61918 -157.92392    -1.5331    32.5796    1439.32  0.000e+00
     38.611   71.61918 -157.92392    -1.5324    32.5807    1439.32  0.000e+00
     38.626   71.61918 -157.92392    -1.5317    32.5815    1439.33  0.000e+00
     38.680   71.61918 -157.92392    -1.5308    32.5817    1439.33  0.000e+00
     38.673   71.61918 -157.92392    -1.5298    32.5829    1439.34  0.000e+00
     38.734   71.61918 -157.92392    -1.5291    32.5829    1439.34  0.000e+00
     38.796   71.61918 -157.92392    -1.5282    32.5829    1439.35  0.000e+00
     38.781   71.61918 -157.92392    -1.5278    32.5832    1439.35  0.000e+00
     38.850   71.61918 -157.92392    -1.5274    32.5837    1439.35  0.000e+00
     38.850   71.61918 -157.92392    -1.5268    32.5838    1439.36  0.000e+00
     38.842   71.61918 -157.92392    -1.5264    32.5844    1439.36  0.000e+00
     38.912   71.61918 -157.92392    -1.5259    32.5844    1439.36  0.000e+00
     38.912   71.61918 -157.92392    -1.5257    32.5846    1439.36  0.000e+00
     38.958   71.61918 -157.92392    -1.5259    32.5849    1439.36  0.000e+00
     38.912   71.61918 -157.92392    -1.5257    32.5851    1439.36  0.000e+00
     38.966   71.61918 -157.92392    -1.5259    32.5856    1439.36  0.000e+00
     39.012   71.61918 -157.92392    -1.5257    32.5855    1439.37  0.000e+00
     39.027   71.61918 -157.92392    -1.5260    32.5860    1439.37  0.000e+00
     39.027   71.61918 -157.92392    -1.5260    32.5863    1439.37  0.000e+00
     38.958   71.61918 -157.92392    -1.5262    32.5866    1439.36  0.000e+00
     39.135   71.61918 -157.92392    -1.5263    32.5865    1439.37  0.000e+00
     39.081   71.61918 -157.92392    -1.5264    32.5867    1439.37  0.000e+00
     39.081   71.61918 -157.92392    -1.5262    32.5863    1439.37  0.000e+00
     39.074   71.61918 -157.92392    -1.5264    32.5872    1439.37  0.000e+00
     39.081   71.61918 -157.92392    -1.5268    32.5870    1439.36  0.000e+00
     39.135   71.61918 -157.92392    -1.5268    32.5866    1439.36  0.000e+00
     39.128   71.61918 -157.92392    -1.5263    32.5855    1439.37  0.000e+00
     39.135   71.61918 -157.92392    -1.5260    32.5844    1439.37  0.000e+00
     39.135   71.61918 -157.92392    -1.5260    32.5839    1439.36  0.000e+00
     39.128   71.61918 -157.92392    -1.5257    32.5825    1439.36  0.000e+00
     39.135   71.61918 -157.92392    -1.5243    32.5801    1439.37  0.000e+00
     39.135   71.61918 -157.92392    -1.5236    32.5792    1439.37  0.000e+00
     39.182   71.61918 -157.92392    -1.5233    32.5790    1439.37  0.000e+00
     39.135   71.61918 -157.92392    -1.5237    32.5806    1439.37  0.000e+00
     39.197   71.61918 -157.92392    -1.5233    32.5802    1439.37  0.000e+00
     39.128   71.61918 -157.92392    -1.5219    32.5773    1439.38  0.000e+00
     39.135   71.61918 -157.92392    -1.5197    32.5725    1439.38  0.000e+00
     39.135   71.61918 -157.92392    -1.5175    32.5686    1439.38  0.000e+00
     39.128   71.61918 -157.92392    -1.5145    32.5631    1439.39  0.000e+00
     39.197   71.61918 -157.92392    -1.5119    32.5578    1439.40  0.000e+00
     39.081   71.61918 -157.92392    -1.5096    32.5535    1439.40  0.000e+00
     39.182   71.61918 -157.92392    -1.5076    32.5508    1439.41  0.000e+00
     39.081   71.61918 -157.92392    -1.5068    32.5504    1439.41  0.000e+00
     39.135   71.61918 -157.92392    -1.5067    32.5507    1439.41  0.000e+00
     39.128   71.61918 -157.92392    -1.5073    32.5507    1439.41  0.000e+00
     39.135   71.61918 -157.92392    -1.5092    32.5523    1439.40  0.000e+00
     39.081   71.61918 -157.92392    -1.5116    32.5554    1439.39  0.000e+00
     39.128   71.61918 -157.92392    -1.5138    32.5576    1439.39  0.000e+00
     39.081   71.61918 -157.92392    -1.5153    32.5595    1439.38  0.000e+00
     39.081   71.61918 -157.92392    -1.5142    32.5573    1439.38  0.000e+00
     39.074   71.61918 -157.92392    -1.5126    32.5545    1439.39  0.000e+00
     39.081   71.61918 -157.92392    -1.5118    32.5540    1439.39  0.000e+00
     39.081   71.61918 -157.92392    -1.5119    32.5559    1439.39  0.000e+00
     39.012   71.61918 -157.92392    -1.5126    32.5576    1439.39  0.000e+00
     39.081   71.61918 -157.92392    -1.5128    32.5587    1439.39  0.000e+00
     39.027   71.61918 -157.92392    -1.5128    32.5592    1439.39  0.000e+00
     39.073   71.61918 -157.92392    -1.5119    32.5575    1439.40  0.000e+00
     39.027   71.61918 -157.92392    -1.5103    32.5555    1439.40  0.000e+00
     39.027   71.61918 -157.92392    -1.5085    32.5536    1439.41  0.000e+00
     39.081   71.61918 -157.92392    -1.5065    32.5513    1439.41  0.000e+00
     38.958   71.61918 -157.92392    -1.5043    32.5486    1439.42  0.000e+00
     39.027   71.61918 -157.92392    -1.5029    32.5463    1439.42  0.000e+00
     39.027   71.61918 -157.92392    -1.5019    32.5439    1439.42  0.000e+00
     39.012   71.61918 -157.92392    -1.5013    32.5429    1439.43  0.000e+00
     38.965   71.61918 -157.92392    -1.5007    32.5429    1439.43  0.000e+00
     39.027   71.61918 -157.92392    -1.5001    32.5430    1439.43  0.000e+00
     39.012   71.61918 -157.92392    -1.4992    32.5418    1439.43  0.000e+00
     38.965   71.61918 -157.92392    -1.4986    32.5413    1439.44  0.000e+00
     39.027   71.61918 -157.92392    -1.4975    32.5395    1439.44  0.000e+00
     38.958   71.61918 -157.92392    -1.4964    32.5379    1439.44  0.000e+00
     38.965   71.61918 -157.92392    -1.4954    32.5372    1439.45  0.000e+00
     39.027   71.61918 -157.92392    -1.4948    32.5368    1439.45  0.000e+00
     38.958   71.61918 -157.92392    -1.4943    32.5373    1439.45  0.000e+00
     38.965   71.61918 -157.92392    -1.4945    32.5381    1439.45  0.000e+00
     39.027   71.61918 -157.92392    -1.4946    32.5388    1439.45  0.000e+00
     38.958   71.61918 -157.92392    -1.4954    32.5399    1439.45  0.000e+00
     39.027   71.61918 -157.92392    -1.4963    32.5417    1439.45  0.000e+00
     38.965   71.61918 -157.92392    -1.4968    32.5419    1439.44  0.000e+00
     39.012   71.61918 -157.92392    -1.4968    32.5414    1439.44  0.000e+00
     38.965   71.61918 -157.92392    -1.4967    32.5400    1439.44  0.000e+00
     39.027   71.61918 -157.92392    -1.4964    32.5382    1439.44  0.000e+00
     39.012   71.61918 -157.92392    -1.4961    32.5375    1439.44  0.000e+00
     39.027   71.61918 -157.92392    -1.4963    32.5379    1439.44  0.000e+00
     39.027   71.61918 -157.92392    -1.4966    32.5385    1439.44  0.000e+00
     39.012   71.61918 -157.92392    -1.4968    32.5388    1439.44  0.000e+00
     39.081   71.61918 -157.92392    -1.4971    32.5397    1439.44  0.000e+00
     39.027   71.61918 -157.92392    -1.4972    32.5399    1439.44  0.000e+00
     39.073   71.61918 -157.92392    -1.4969    32.5397    1439.44  0.000e+00
     39.081   71.61918 -157.92392    -1.4967    32.5395    1439.44  0.000e+00
     39.081   71.61918 -157.92392    -1.4964    32.5388    1439.44  0.000e+00
     39.127   71.61918 -157.92392    -1.4961    32.5377    1439.44  0.000e+00
     39.081   71.61918 -157.92392    -1.4959    32.5363    1439.44  0.000e+00
     39.135   71.61918 -157.92392    -1.4948    32.5328    1439.44  0.000e+00
     39.181   71.61918 -157.92392    -1.4948    32.5315    1439.44  0.000e+00
     39.135   71.61918 -157.92392    -1.4960    32.5328    1439.44  0.000e+00
     39.197   71.61918 -157.92392    -1.4980    32.5370    1439.44  0.000e+00
     39.243   71.61918 -157.92392    -1.4992    32.5405    1439.44  0.000e+00
     39.251   71.61918 -157.92392    -1.5003    32.5424    1439.43  0.000e+00
     39.251   71.61918 -157.92392    -1.5007    32.5434    1439.43  0.000e+00
     39.243   71.61918 -157.92392    -1.5013    32.5446    1439.43  0.000e+00
     39.313   71.61918 -157.92392    -1.5024    32.5464    1439.43  0.000e+00
     39.313   71.61918 -157.92392    -1.5035    32.5477    1439.43  0.000e+00
     39.367   71.61918 -157.92392    -1.5040    32.5480    1439.42  0.000e+00
     39.413   71.61918 -157.92392    -1.5044    32.5477    1439.42  0.000e+00
     39.367   71.61918 -157.92392    -1.5043    32.5473    1439.42  0.000e+00
     39.428   71.61918 -157.92392    -1.5048    32.5476    1439.42  0.000e+00
     39.475   71.61918 -157.92392    -1.5056    32.5498    1439.42  0.000e+00
     39.482   71.61918 -157.92392    -1.5075    32.5533    1439.42  0.000e+00
     39.536   71.61918 -157.92392    -1.5090    32.5560    1439.41  0.000e+00
     39.529   71.61918 -157.92392    -1.5103    32.5584    1439.41  0.000e+00
     39.598   71.61918 -157.92392    -1.5112    32.5588    1439.41  0.000e+00
     39.598   71.61918 -157.92392    -1.5119    32.5595    1439.41  0.000e+00
     39.644   71.61918 -157.92392    -1.5124    32.5603    1439.41  0.000e+00
     39.652   71.61918 -157.92392    -1.5130    32.5615    1439.40  0.000e+00
     39.714   71.61916 -157.92394    -1.5138    32.5627    1439.40  0.000e+00
     39.698   71.61916 -157.92394    -1.5143    32.5638    1439.40  0.000e+00
     39.768   71.61916 -157.92394    -1.5150    32.5646    1439.40  0.000e+00
     39.829   71.61916 -157.92394    -1.5151    32.5647    1439.40  0.000e+00
     39.876   71.61916 -157.92394    -1.5153    32.5649    1439.40  0.000e+00
     39.829   71.61916 -157.92394    -1.5154    32.5651    1439.40  0.000e+00
     39.883   71.61916 -157.92394    -1.5153    32.5646    1439.40  0.000e+00
     39.937   71.61916 -157.92394    -1.5154    32.5651    1439.40  0.000e+00
     40.045   71.61916 -157.92394    -1.5153    32.5648    1439.40  0.000e+00
     39.999   71.61916 -157.92394    -1.5150    32.5642    1439.40  0.000e+00
     40.053   71.61916 -157.92394    -1.5148    32.5637    1439.41  0.000e+00
     40.099   71.61916 -157.92394    -1.5147    32.5639    1439.41  0.000e+00
     40.115   71.61916 -157.92394    -1.5156    32.5660    1439.41  0.000e+00
     40.169   71.61916 -157.92394    -1.5171    32.5698    1439.40  0.000e+00
     40.215   71.61916 -157.92394    -1.5176    32.5707    1439.40  0.000e+00
     40.284   71.61916 -157.92394    -1.5176    32.5700    1439.40  0.000e+00
     40.284   71.61916 -157.92394    -1.5187    32.5720    1439.40  0.000e+00
     40.338   71.61916 -157.92394    -1.5205    32.5759    1439.40  0.000e+00
     40.392   71.61916 -157.92394    -1.5233    32.5823    1439.40  0.000e+00
     40.400   71.61916 -157.92394    -1.5274    32.5900    1439.39  0.000e+00
     40.454   71.61916 -157.92394    -1.5321    32.5993    1439.38  0.000e+00
     40.500   71.61916 -157.92394    -1.5367    32.6075    1439.37  0.000e+00
     40.570   71.61916 -157.92394    -1.5402    32.6144    1439.36  0.000e+00
     40.570   71.61916 -157.92394    -1.5413    32.6198    1439.36  0.000e+00
     40.678   71.61916 -157.92394    -1.5415    32.6240    1439.37  0.000e+00
     40.624   71.61916 -157.92394    -1.5408    32.6270    1439.38  0.000e+00
     40.740   71.61916 -157.92394    -1.5393    32.6284    1439.39  0.000e+00
     40.740   71.61916 -157.92394    -1.5379    32.6305    1439.40  0.000e+00
     40.794   71.61916 -157.92394    -1.5362    32.6310    1439.41  0.000e+00
     40.801   71.61916 -157.92394    -1.5349    32.6311    1439.41  0.000e+00
     40.917   71.61916 -157.92394    -1.5345    32.6312    1439.42  0.000e+00
     40.902   71.61916 -157.92394    -1.5341    32.6313    1439.42  0.000e+00
     40.917   71.61916 -157.92394    -1.5338    32.6313    1439.42  0.000e+00
     41.025   71.61916 -157.92394    -1.5341    32.6321    1439.42  0.000e+00
     41.025   71.61916 -157.92394    -1.5341    32.6320    1439.42  0.000e+00
     41.133   71.61916 -157.92394    -1.5341    32.6321    1439.42  0.000e+00
     41.087   71.61916 -157.92394    -1.5340    32.6328    1439.42  0.000e+00
     41.141   71.61916 -157.92394    -1.5341    32.6335    1439.43  0.000e+00
