EcoFOCI/data/1_SampleCollection/2023_SikuliaqDBO_CruiseData/CTD_raw_BottleFile_SKQ23-12S/proc/skq202312s_058svp.cnv
* Sea-Bird SBE 9 Data File:
* FileName = D:\CTD\SKQ202312S\SKQ202312S_058.hex
* Software Version Seasave V 7.26.7.121
* Temperature SN = 6177
* Conductivity SN = 0369
* Number of Bytes Per Scan = 41
* Number of Voltage Words = 4
* Number of Scans Averaged by the Deck Unit = 1
* NMEA Latitude = 71 26.88 N
* NMEA Longitude = 164 54.84 W
* NMEA UTC (Time) = Sep 27 2023  11:36:42
* NMEA baud rate = 4800
** Ship: R/V Sikuliaq
** Station Number: 058
** Station Name: IC4
** Bottom Depth: 42
** Operator: SS
# nquan = 7
# nvalues = 5949                                  
# units = specified
# name 0 = depSM: Depth [salt water, m]
# name 1 = latitude: Latitude [deg]
# name 2 = longitude: Longitude [deg]
# name 3 = t090C: Temperature [ITS-90, deg C]
# name 4 = sal00: Salinity, Practical [PSU]
# name 5 = svCM: Sound Velocity [Chen-Millero, m/s]
# name 6 = flag:  0.000e+00
# span 0 =      2.346,     36.847                 
# span 1 =   71.44796,   71.44818                 
# span 2 = -164.91512, -164.91406                 
# span 3 =    -1.0936,     3.0468                 
# span 4 =    30.5526,    32.5356                 
# span 5 =    1441.19,    1457.42                 
# span 6 = 0.0000e+00, 0.0000e+00                 
# interval = seconds: 0.0416667
# start_time = Sep 27 2023 11:40:41 [NMEA time, first data scan]
# bad_flag = -9.990e-29
*END*
[from data line 4103]
     32.097   71.44818 -164.91508    -1.0910    32.4995    1441.21  0.000e+00
     32.081   71.44818 -164.91508    -1.0912    32.4999    1441.21  0.000e+00
     32.097   71.44818 -164.91508    -1.0912    32.4997    1441.21  0.000e+00
     32.035   71.44818 -164.91508    -1.0910    32.4995    1441.21  0.000e+00
     32.135   71.44818 -164.91508    -1.0912    32.4996    1441.21  0.000e+00
     32.097   71.44818 -164.91508    -1.0912    32.4994    1441.21  0.000e+00
     32.135   71.44818 -164.91508    -1.0912    32.4993    1441.21  0.000e+00
     32.097   71.44818 -164.91508    -1.0912    32.4989    1441.21  0.000e+00
     32.135   71.44818 -164.91508    -1.0915    32.4995    1441.21  0.000e+00
     32.097   71.44818 -164.91508    -1.0915    32.4995    1441.21  0.000e+00
     32.151   71.44818 -164.91508    -1.0916    32.4993    1441.21  0.000e+00
     32.135   71.44818 -164.91508    -1.0916    32.4995    1441.21  0.000e+00
     32.151   71.44818 -164.91508    -1.0919    32.4996    1441.21  0.000e+00
     32.197   71.44818 -164.91508    -1.0916    32.4993    1441.21  0.000e+00
     32.151   71.44818 -164.91508    -1.0918    32.4997    1441.21  0.000e+00
     32.212   71.44818 -164.91508    -1.0918    32.5001    1441.21  0.000e+00
     32.135   71.44818 -164.91508    -1.0918    32.4998    1441.21  0.000e+00
     32.212   71.44818 -164.91508    -1.0918    32.4999    1441.21  0.000e+00
     32.197   71.44818 -164.91508    -1.0918    32.4995    1441.21  0.000e+00
     32.212   71.44818 -164.91508    -1.0915    32.4997    1441.21  0.000e+00
     32.251   71.44818 -164.91508    -1.0918    32.4999    1441.21  0.000e+00
     32.212   71.44818 -164.91508    -1.0916    32.4996    1441.21  0.000e+00
     32.212   71.44818 -164.91508    -1.0916    32.4999    1441.21  0.000e+00
     32.251   71.44818 -164.91508    -1.0918    32.5000    1441.21  0.000e+00
     32.266   71.44818 -164.91508    -1.0916    32.5000    1441.21  0.000e+00
     32.251   71.44818 -164.91508    -1.0916    32.5003    1441.21  0.000e+00
     32.266   71.44818 -164.91508    -1.0915    32.5004    1441.21  0.000e+00
     32.313   71.44818 -164.91508    -1.0915    32.5007    1441.21  0.000e+00
     32.266   71.44818 -164.91508    -1.0913    32.5006    1441.21  0.000e+00
     32.266   71.44818 -164.91508    -1.0912    32.5002    1441.21  0.000e+00
     32.313   71.44818 -164.91508    -1.0912    32.5003    1441.21  0.000e+00
     32.328   71.44818 -164.91508    -1.0912    32.5004    1441.21  0.000e+00
     32.313   71.44818 -164.91508    -1.0913    32.5001    1441.21  0.000e+00
     32.328   71.44818 -164.91508    -1.0912    32.4998    1441.21  0.000e+00
     32.367   71.44818 -164.91508    -1.0912    32.5000    1441.21  0.000e+00
     32.328   71.44818 -164.91508    -1.0912    32.4994    1441.21  0.000e+00
     32.382   71.44818 -164.91508    -1.0913    32.4993    1441.21  0.000e+00
     32.313   71.44818 -164.91508    -1.0912    32.4990    1441.21  0.000e+00
     32.382   71.44818 -164.91508    -1.0912    32.4991    1441.21  0.000e+00
     32.428   71.44818 -164.91508    -1.0915    32.4995    1441.21  0.000e+00
     32.382   71.44818 -164.91508    -1.0916    32.4997    1441.21  0.000e+00
     32.428   71.44818 -164.91508    -1.0915    32.4997    1441.21  0.000e+00
     32.328   71.44818 -164.91508    -1.0915    32.4996    1441.21  0.000e+00
     32.436   71.44818 -164.91508    -1.0915    32.4997    1441.21  0.000e+00
     32.428   71.44818 -164.91508    -1.0915    32.4993    1441.21  0.000e+00
     32.436   71.44818 -164.91508    -1.0915    32.4993    1441.21  0.000e+00
     32.482   71.44818 -164.91508    -1.0916    32.4994    1441.21  0.000e+00
     32.436   71.44818 -164.91508    -1.0915    32.4996    1441.21  0.000e+00
     32.436   71.44818 -164.91508    -1.0915    32.4995    1441.21  0.000e+00
     32.482   71.44818 -164.91508    -1.0918    32.4992    1441.21  0.000e+00
     32.498   71.44818 -164.91508    -1.0918    32.4989    1441.21  0.000e+00
     32.482   71.44818 -164.91508    -1.0918    32.4992    1441.21  0.000e+00
     32.498   71.44818 -164.91508    -1.0918    32.4992    1441.21  0.000e+00
     32.482   71.44818 -164.91508    -1.0918    32.4995    1441.21  0.000e+00
     32.552   71.44818 -164.91508    -1.0919    32.4992    1441.21  0.000e+00
     32.498   71.44818 -164.91508    -1.0919    32.4991    1441.21  0.000e+00
     32.536   71.44818 -164.91508    -1.0918    32.4986    1441.21  0.000e+00
     32.552   71.44818 -164.91508    -1.0923    32.4995    1441.21  0.000e+00
     32.536   71.44818 -164.91508    -1.0921    32.4995    1441.21  0.000e+00
     32.552   71.44818 -164.91508    -1.0921    32.4997    1441.21  0.000e+00
     32.613   71.44818 -164.91508    -1.0923    32.4997    1441.21  0.000e+00
     32.598   71.44818 -164.91508    -1.0921    32.4995    1441.21  0.000e+00
     32.552   71.44818 -164.91508    -1.0918    32.4995    1441.21  0.000e+00
     32.598   71.44818 -164.91508    -1.0921    32.4998    1441.21  0.000e+00
     32.613   71.44818 -164.91508    -1.0921    32.4995    1441.21  0.000e+00
     32.598   71.44818 -164.91508    -1.0918    32.4992    1441.21  0.000e+00
     32.667   71.44818 -164.91508    -1.0918    32.4993    1441.22  0.000e+00
     32.613   71.44818 -164.91508    -1.0916    32.4995    1441.22  0.000e+00
     32.652   71.44818 -164.91508    -1.0916    32.4997    1441.22  0.000e+00
     32.613   71.44818 -164.91508    -1.0918    32.4996    1441.21  0.000e+00
     32.714   71.44818 -164.91508    -1.0919    32.4997    1441.22  0.000e+00
     32.667   71.44818 -164.91508    -1.0918    32.4992    1441.22  0.000e+00
     32.667   71.44818 -164.91508    -1.0916    32.4992    1441.22  0.000e+00
     32.652   71.44818 -164.91508    -1.0919    32.4991    1441.21  0.000e+00
     32.721   71.44818 -164.91508    -1.0918    32.4986    1441.21  0.000e+00
     32.714   71.44818 -164.91508    -1.0918    32.4988    1441.22  0.000e+00
     32.721   71.44818 -164.91508    -1.0919    32.4994    1441.22  0.000e+00
     32.714   71.44818 -164.91508    -1.0919    32.4995    1441.22  0.000e+00
     32.783   71.44818 -164.91508    -1.0919    32.4992    1441.22  0.000e+00
     32.721   71.44818 -164.91508    -1.0916    32.4993    1441.22  0.000e+00
     32.768   71.44818 -164.91508    -1.0919    32.4998    1441.22  0.000e+00
     32.721   71.44818 -164.91508    -1.0919    32.4996    1441.22  0.000e+00
     32.768   71.44818 -164.91508    -1.0919    32.4995    1441.22  0.000e+00
     32.783   71.44818 -164.91508    -1.0918    32.4991    1441.22  0.000e+00
     32.837   71.44818 -164.91508    -1.0918    32.4993    1441.22  0.000e+00
     32.768   71.44818 -164.91508    -1.0921    32.4994    1441.22  0.000e+00
     32.837   71.44818 -164.91508    -1.0919    32.4994    1441.22  0.000e+00
     32.768   71.44818 -164.91508    -1.0919    32.4988    1441.22  0.000e+00
     32.837   71.44818 -164.91508    -1.0921    32.4988    1441.22  0.000e+00
     32.829   71.44818 -164.91508    -1.0919    32.4981    1441.22  0.000e+00
     32.837   71.44818 -164.91508    -1.0921    32.4986    1441.22  0.000e+00
     32.899   71.44818 -164.91508    -1.0921    32.4991    1441.22  0.000e+00
     32.829   71.44818 -164.91508    -1.0921    32.4991    1441.22  0.000e+00
     32.899   71.44818 -164.91508    -1.0923    32.4992    1441.22  0.000e+00
     32.883   71.44818 -164.91508    -1.0921    32.4990    1441.22  0.000e+00
     32.899   71.44818 -164.91508    -1.0923    32.4990    1441.22  0.000e+00
     32.837   71.44818 -164.91508    -1.0924    32.4991    1441.21  0.000e+00
     32.937   71.44818 -164.91508    -1.0921    32.4993    1441.22  0.000e+00
     32.899   71.44818 -164.91508    -1.0923    32.4993    1441.22  0.000e+00
     32.937   71.44818 -164.91508    -1.0923    32.4996    1441.22  0.000e+00
     32.899   71.44818 -164.91508    -1.0923    32.4998    1441.22  0.000e+00
     32.953   71.44818 -164.91508    -1.0924    32.4996    1441.22  0.000e+00
     32.937   71.44818 -164.91508    -1.0923    32.4997    1441.22  0.000e+00
     32.953   71.44818 -164.91508    -1.0923    32.4998    1441.22  0.000e+00
     32.999   71.44818 -164.91508    -1.0921    32.4994    1441.22  0.000e+00
     32.953   71.44818 -164.91508    -1.0923    32.4993    1441.22  0.000e+00
     32.937   71.44818 -164.91508    -1.0921    32.4994    1441.22  0.000e+00
     33.068   71.44818 -164.91508    -1.0921    32.4995    1441.22  0.000e+00
     32.953   71.44818 -164.91508    -1.0919    32.4994    1441.22  0.000e+00
     33.053   71.44818 -164.91508    -1.0921    32.4997    1441.22  0.000e+00
     33.014   71.44818 -164.91508    -1.0921    32.4998    1441.22  0.000e+00
     33.053   71.44818 -164.91508    -1.0918    32.4998    1441.22  0.000e+00
     33.014   71.44818 -164.91508    -1.0919    32.4993    1441.22  0.000e+00
     33.068   71.44818 -164.91508    -1.0918    32.4995    1441.22  0.000e+00
     33.053   71.44818 -164.91508    -1.0918    32.4995    1441.22  0.000e+00
     33.068   71.44818 -164.91508    -1.0918    32.4994    1441.22  0.000e+00
     33.053   71.44818 -164.91508    -1.0919    32.4994    1441.22  0.000e+00
     33.068   71.44818 -164.91508    -1.0918    32.4993    1441.22  0.000e+00
     33.122   71.44818 -164.91508    -1.0919    32.4993    1441.22  0.000e+00
     33.053   71.44818 -164.91508    -1.0919    32.4993    1441.22  0.000e+00
     33.122   71.44818 -164.91508    -1.0919    32.4990    1441.22  0.000e+00
     33.115   71.44818 -164.91508    -1.0919    32.4994    1441.22  0.000e+00
     33.122   71.44818 -164.91508    -1.0919    32.4996    1441.22  0.000e+00
     33.122   71.44818 -164.91508    -1.0918    32.4998    1441.22  0.000e+00
     33.169   71.44818 -164.91508    -1.0916    32.4993    1441.22  0.000e+00
     33.184   71.44818 -164.91508    -1.0916    32.4996    1441.22  0.000e+00
     33.169   71.44818 -164.91508    -1.0915    32.4998    1441.23  0.000e+00
     33.122   71.44818 -164.91508    -1.0915    32.4995    1441.22  0.000e+00
     33.184   71.44818 -164.91508    -1.0915    32.4989    1441.22  0.000e+00
     33.230   71.44818 -164.91508    -1.0915    32.4991    1441.23  0.000e+00
     33.184   71.44818 -164.91508    -1.0914    32.4988    1441.22  0.000e+00
     33.169   71.44818 -164.91508    -1.0915    32.4992    1441.22  0.000e+00
     33.238   71.44818 -164.91508    -1.0914    32.4992    1441.23  0.000e+00
     33.238   71.44818 -164.91508    -1.0915    32.4993    1441.23  0.000e+00
     33.230   71.44818 -164.91508    -1.0914    32.4994    1441.23  0.000e+00
     33.238   71.44818 -164.91508    -1.0913    32.4996    1441.23  0.000e+00
     33.230   71.44818 -164.91508    -1.0915    32.4995    1441.23  0.000e+00
     33.300   71.44818 -164.91508    -1.0913    32.4991    1441.23  0.000e+00
     33.238   71.44818 -164.91508    -1.0912    32.4992    1441.23  0.000e+00
     33.284   71.44818 -164.91508    -1.0912    32.4992    1441.23  0.000e+00
     33.300   71.44818 -164.91508    -1.0912    32.4992    1441.23  0.000e+00
     33.284   71.44818 -164.91508    -1.0908    32.4984    1441.23  0.000e+00
     33.300   71.44818 -164.91508    -1.0910    32.4989    1441.23  0.000e+00
     33.338   71.44818 -164.91508    -1.0912    32.4987    1441.23  0.000e+00
     33.300   71.44818 -164.91508    -1.0912    32.4989    1441.23  0.000e+00
     33.354   71.44818 -164.91508    -1.0910    32.4991    1441.23  0.000e+00
     33.338   71.44818 -164.91508    -1.0910    32.4993    1441.23  0.000e+00
     33.354   71.44818 -164.91508    -1.0908    32.4989    1441.23  0.000e+00
     33.400   71.44818 -164.91508    -1.0909    32.4989    1441.23  0.000e+00
     33.300   71.44818 -164.91508    -1.0910    32.4988    1441.23  0.000e+00
     33.415   71.44818 -164.91508    -1.0912    32.4991    1441.23  0.000e+00
     33.400   71.44818 -164.91508    -1.0910    32.4987    1441.23  0.000e+00
     33.354   71.44818 -164.91508    -1.0909    32.4990    1441.23  0.000e+00
     33.454   71.44818 -164.91508    -1.0912    32.4992    1441.23  0.000e+00
     33.415   71.44818 -164.91508    -1.0909    32.4989    1441.23  0.000e+00
     33.415   71.44818 -164.91508    -1.0912    32.4994    1441.23  0.000e+00
     33.454   71.44818 -164.91508    -1.0910    32.4993    1441.23  0.000e+00
     33.415   71.44818 -164.91508    -1.0907    32.4990    1441.23  0.000e+00
     33.454   71.44818 -164.91508    -1.0907    32.4993    1441.23  0.000e+00
     33.469   71.44818 -164.91508    -1.0907    32.4991    1441.23  0.000e+00
     33.469   71.44818 -164.91508    -1.0909    32.4991    1441.23  0.000e+00
     33.454   71.44818 -164.91508    -1.0910    32.4988    1441.23  0.000e+00
     33.523   71.44818 -164.91508    -1.0909    32.4989    1441.23  0.000e+00
     33.516   71.44818 -164.91508    -1.0908    32.4988    1441.23  0.000e+00
     33.469   71.44818 -164.91508    -1.0907    32.4989    1441.23  0.000e+00
     33.523   71.44818 -164.91508    -1.0910    32.4990    1441.23  0.000e+00
     33.516   71.44818 -164.91508    -1.0909    32.4990    1441.23  0.000e+00
     33.523   71.44818 -164.91508    -1.0907    32.4989    1441.23  0.000e+00
     33.454   71.44818 -164.91508    -1.0907    32.4987    1441.23  0.000e+00
     33.639   71.44818 -164.91508    -1.0908    32.4987    1441.23  0.000e+00
     33.523   71.44818 -164.91508    -1.0912    32.4989    1441.23  0.000e+00
     33.631   71.44818 -164.91508    -1.0912    32.4990    1441.23  0.000e+00
     33.523   71.44818 -164.91508    -1.0910    32.4991    1441.23  0.000e+00
     33.585   71.44818 -164.91508    -1.0910    32.4987    1441.23  0.000e+00
     33.631   71.44818 -164.91508    -1.0912    32.4990    1441.23  0.000e+00
     33.585   71.44818 -164.91508    -1.0910    32.4989    1441.23  0.000e+00
     33.631   71.44818 -164.91508    -1.0912    32.4986    1441.23  0.000e+00
     33.639   71.44818 -164.91508    -1.0912    32.4989    1441.23  0.000e+00
     33.639   71.44818 -164.91508    -1.0912    32.4988    1441.23  0.000e+00
     33.631   71.44818 -164.91508    -1.0913    32.4986    1441.23  0.000e+00
     33.639   71.44818 -164.91508    -1.0912    32.4982    1441.23  0.000e+00
     33.685   71.44818 -164.91508    -1.0915    32.4986    1441.23  0.000e+00
     33.639   71.44818 -164.91508    -1.0914    32.4986    1441.23  0.000e+00
     33.701   71.44818 -164.91508    -1.0916    32.4991    1441.23  0.000e+00
     33.685   71.44818 -164.91508    -1.0916    32.4989    1441.23  0.000e+00
     33.701   71.44818 -164.91508    -1.0915    32.4989    1441.23  0.000e+00
     33.739   71.44818 -164.91508    -1.0915    32.4987    1441.23  0.000e+00
     33.701   71.44818 -164.91508    -1.0915    32.4987    1441.23  0.000e+00
     33.701   71.44818 -164.91508    -1.0916    32.4989    1441.23  0.000e+00
     33.739   71.44818 -164.91508    -1.0915    32.4989    1441.23  0.000e+00
     33.755   71.44818 -164.91508    -1.0916    32.4989    1441.23  0.000e+00
     33.739   71.44818 -164.91508    -1.0916    32.4995    1441.23  0.000e+00
     33.755   71.44818 -164.91508    -1.0914    32.4988    1441.23  0.000e+00
     33.755   71.44818 -164.91508    -1.0913    32.4983    1441.23  0.000e+00
     33.801   71.44818 -164.91508    -1.0915    32.4990    1441.23  0.000e+00
     33.816   71.44818 -164.91508    -1.0915    32.4990    1441.23  0.000e+00
     33.801   71.44818 -164.91508    -1.0914    32.4986    1441.23  0.000e+00
     33.755   71.44818 -164.91508    -1.0915    32.4989    1441.23  0.000e+00
     33.816   71.44818 -164.91510    -1.0915    32.4985    1441.23  0.000e+00
     33.801   71.44818 -164.91510    -1.0915    32.4981    1441.23  0.000e+00
     33.870   71.44818 -164.91510    -1.0916    32.4984    1441.23  0.000e+00
     33.801   71.44818 -164.91510    -1.0918    32.4986    1441.23  0.000e+00
     33.870   71.44818 -164.91510    -1.0918    32.4986    1441.23  0.000e+00
     33.870   71.44818 -164.91510    -1.0916    32.4983    1441.23  0.000e+00
