EcoFOCI/data/1_SampleCollection/2023_SikuliaqDBO_CruiseData/CTD_raw_BottleFile_SKQ23-12S/proc/skq202312s_080.cnv
* Sea-Bird SBE 9 Data File:
* FileName = D:\CTD\SKQ202312S\SKQ202312S_080.hex
* Software Version Seasave V 7.26.7.121
* Temperature SN = 6177
* Conductivity SN = 0369
* Number of Bytes Per Scan = 41
* Number of Voltage Words = 4
* Number of Scans Averaged by the Deck Unit = 1
* NMEA Latitude = 65 42.89 N
* NMEA Longitude = 168 33.35 W
* NMEA UTC (Time) = Oct 03 2023  08:21:36
* NMEA baud rate = 4800
** Ship: R/V Sikuliaq
** Station Number: 080
** Station Name: BS5
** Bottom Depth: 52
** Operator: SD
# nquan = 24
# nvalues = 3507                                  
# units = specified
# name 0 = depSM: Depth [salt water, m]
# name 1 = latitude: Latitude [deg]
# name 2 = longitude: Longitude [deg]
# name 3 = prDM: Pressure, Digiquartz [db]
# name 4 = t090C: Temperature [ITS-90, deg C]
# name 5 = t190C: Temperature, 2 [ITS-90, deg C]
# name 6 = potemp090C: Potential Temperature [ITS-90, deg C]
# name 7 = sal00: Salinity, Practical [PSU]
# name 8 = sal11: Salinity, Practical, 2 [PSU]
# name 9 = density00: Density [density, kg/m^3]
# name 10 = sigma-é00: Density [sigma-theta, kg/m^3]
# name 11 = sbox0Mm/Kg: Oxygen, SBE 43 [umol/kg]
# name 12 = sbox1Mm/Kg: Oxygen, SBE 43, 2 [umol/kg]
# name 13 = oxsolMm/Kg: Oxygen Saturation, Garcia & Gordon [umol/kg]
# name 14 = sbeox0PS: Oxygen, SBE 43 [% saturation]
# name 15 = sbeox1PS: Oxygen, SBE 43, 2 [% saturation]
# name 16 = v0: Voltage 0
# name 17 = flECO-AFL: Fluorescence, WET Labs ECO-AFL/FL [mg/m^3]
# name 18 = v1: Voltage 1
# name 19 = CStarAt0: Beam Attenuation, WET Labs C-Star [1/m]
# name 20 = par: PAR/Irradiance, Biospherical/Licor
# name 21 = scan: Scan Count
# name 22 = timeM: Time, Elapsed [minutes]
# name 23 = flag:  0.000e+00
# span 0 =      2.282,     47.360                 
# span 1 =   65.71490,   65.71494                 
# span 2 = -168.55594, -168.55572                 
# span 3 =      2.305,     47.837                 
# span 4 =     2.8346,     6.5651                 
# span 5 =     2.8355,     6.5600                 
# span 6 =     2.8320,     6.5641                 
# span 7 =    26.2910,    32.7164                 
# span 8 =    26.3098,    32.7282                 
# span 9 =  1020.6964,  1026.3013                 
# span 10 =    20.6581,    26.0767                
# span 11 =    251.066,    292.212                
# span 12 =    245.051,    281.832                
# span 13 =  304.27959,  329.55503                
# span 14 =     76.190,     91.945                
# span 15 =     74.370,     88.557                
# span 16 =     0.1136,     0.5690                
# span 17 =     0.3333,     3.0659                
# span 18 =     3.6410,     4.0366                
# span 19 =     0.6192,     1.0319                
# span 20 = 1.0000e-12, 5.6501e-01                
# span 21 =          1,       3507                
# span 22 =     0.0000,     2.4347                
# span 23 = 0.0000e+00, 0.0000e+00                
# interval = seconds: 0.0416667
# start_time = Oct 03 2023 08:24:18 [NMEA time, first data scan]
# bad_flag = -9.990e-29
*END*
[from data line 2053]
     33.962   65.71494 -168.55578     34.303     2.9476     2.9475     2.9457    32.6479    32.6638  1026.1735    26.0124    260.075    253.379  328.78714     79.101     77.074     0.2271     1.0146     3.8083     0.8522 1.0000e-12       2054     1.4257  0.000e+00
     34.008   65.71494 -168.55578     34.350     2.9472     2.9469     2.9453    32.6488    32.6639  1026.1744    26.0132    260.125    253.403  328.78799     79.116     77.080     0.2271     1.0146     3.8083     0.8522 1.0000e-12       2055     1.4264  0.000e+00
     34.078   65.71494 -168.55578     34.420     2.9468     2.9468     2.9449    32.6485    32.6636  1026.1746    26.0130    260.169    253.438  328.79219     79.129     77.091     0.2259     1.0073     3.8083     0.8522 1.0000e-12       2056     1.4271  0.000e+00
     34.062   65.71494 -168.55578     34.404     2.9466     2.9462     2.9447    32.6484    32.6647  1026.1745    26.0129    260.233    253.483  328.79407     79.148     77.103     0.2271     1.0146     3.8083     0.8522 1.0000e-12       2057     1.4278  0.000e+00
     34.078   65.71494 -168.55578     34.420     2.9459     2.9458     2.9440    32.6489    32.6647  1026.1750    26.0134    260.326    253.321  328.79849     79.175     77.054     0.2283     1.0220     3.8083     0.8522 1.0000e-12       2058     1.4285  0.000e+00
     34.193   65.71494 -168.55578     34.537     2.9456     2.9456     2.9436    32.6489    32.6648  1026.1756    26.0134    259.972    253.346  328.80115     79.067     77.061     0.2271     1.0146     3.8083     0.8522 1.0000e-12       2059     1.4292  0.000e+00
     34.178   65.71494 -168.55578     34.521     2.9454     2.9453     2.9434    32.6487    32.6647  1026.1753    26.0132    260.224    253.354  328.80353     79.143     77.062     0.2271     1.0146     3.8083     0.8522 1.0000e-12       2060     1.4299  0.000e+00
     34.193   65.71494 -168.55578     34.537     2.9449     2.9446     2.9430    32.6490    32.6646  1026.1757    26.0135    260.064    253.376  328.80625     79.094     77.068     0.2259     1.0073     3.8046     0.8560 1.0000e-12       2061     1.4306  0.000e+00
     34.232   65.71494 -168.55578     34.575     2.9445     2.9446     2.9425    32.6489    32.6641  1026.1759    26.0135    260.115    253.406  328.81021     79.108     77.077     0.2271     1.0146     3.7985     0.8624 1.0000e-12       2062     1.4312  0.000e+00
     34.247   65.71494 -168.55578     34.591     2.9442     2.9440     2.9423    32.6492    32.6648  1026.1762    26.0138    260.150    253.447  328.81123     79.118     77.089     0.2271     1.0146     3.7961     0.8650 1.0000e-12       2063     1.4319  0.000e+00
     34.301   65.71494 -168.55578     34.646     2.9439     2.9434     2.9419    32.6499    32.6651  1026.1770    26.0144    260.210    253.501  328.81259     79.136     77.104     0.2271     1.0146     3.7961     0.8650 1.0000e-12       2064     1.4326  0.000e+00
     34.294   65.71494 -168.55578     34.638     2.9437     2.9432     2.9417    32.6489    32.6645  1026.1762    26.0135    260.039    253.367  328.81690     79.083     77.062     0.2259     1.0073     3.7973     0.8637 1.0000e-12       2065     1.4333  0.000e+00
     34.417   65.71494 -168.55578     34.762     2.9429     2.9426     2.9409    32.6496    32.6647  1026.1774    26.0142    260.079    253.422  328.82126     79.094     77.078     0.2271     1.0146     3.7973     0.8637 1.0000e-12       2066     1.4340  0.000e+00
     34.363   65.71494 -168.55578     34.708     2.9427     2.9425     2.9408    32.6493    32.6646  1026.1769    26.0139    260.135    253.457  328.82330     79.111     77.088     0.2283     1.0220     3.7973     0.8637 1.0000e-12       2067     1.4347  0.000e+00
     34.409   65.71494 -168.55578     34.755     2.9425     2.9421     2.9406    32.6494    32.6636  1026.1773    26.0141    260.180    253.508  328.82466     79.124     77.103     0.2271     1.0146     3.7973     0.8637 1.0000e-12       2068     1.4354  0.000e+00
     34.417   65.71494 -168.55578     34.762     2.9421     2.9417     2.9401    32.6498    32.6650  1026.1776    26.0144    260.029    253.541  328.82737     79.078     77.113     0.2283     1.0220     3.7973     0.8637 1.0000e-12       2069     1.4361  0.000e+00
     34.463   65.71494 -168.55578     34.809     2.9418     2.9417     2.9398    32.6498    32.6646  1026.1778    26.0144    260.122    253.390  328.82994     79.105     77.067     0.2271     1.0146     3.7973     0.8637 1.0000e-12       2070     1.4368  0.000e+00
     34.479   65.71494 -168.55578     34.825     2.9415     2.9409     2.9395    32.6496    32.6653  1026.1778    26.0143    260.130    253.400  328.83306     79.107     77.069     0.2210     0.9780     3.7973     0.8637 1.0000e-12       2071     1.4375  0.000e+00
     34.594   65.71494 -168.55578     34.942     2.9409     2.9404     2.9389    32.6502    32.6656  1026.1789    26.0149    259.980    253.422  328.83621     79.061     77.074     0.2149     0.9414     3.7973     0.8637 1.0000e-12       2072     1.4382  0.000e+00
     34.463   65.71494 -168.55578     34.809     2.9407     2.9401     2.9387    32.6497    32.6653  1026.1778    26.0144    260.246    253.421  328.83895     79.141     77.074     0.2149     0.9414     3.7973     0.8637 1.0000e-12       2073     1.4389  0.000e+00
     34.648   65.71494 -168.55578     34.996     2.9402     2.9399     2.9382    32.6498    32.6650  1026.1789    26.0146    260.108    253.439  328.84300     79.098     77.078     0.2149     0.9414     3.7973     0.8637 1.0000e-12       2074     1.4396  0.000e+00
     34.594   65.71494 -168.55578     34.942     2.9397     2.9397     2.9378    32.6500    32.6650  1026.1789    26.0148    260.166    253.285  328.84583     79.115     77.031     0.2149     0.9414     3.7961     0.8650 1.0000e-12       2075     1.4403  0.000e+00
     34.633   65.71494 -168.55578     34.980     2.9394     2.9393     2.9375    32.6499    32.6652  1026.1789    26.0147    260.212    253.513  328.84889     79.128     77.100     0.2149     0.9414     3.7973     0.8637 1.0000e-12       2076     1.4410  0.000e+00
     34.594   65.71494 -168.55578     34.942     2.9393     2.9390     2.9373    32.6499    32.6658  1026.1788    26.0148    260.275    253.551  328.85004     79.147     77.111     0.2149     0.9414     3.7973     0.8637 1.0000e-12       2077     1.4417  0.000e+00
     34.695   65.71494 -168.55578     35.043     2.9389     2.9386     2.9370    32.6504    32.6661  1026.1797    26.0152    260.145    253.408  328.85147     79.107     77.067     0.2161     0.9487     3.7973     0.8637 1.0000e-12       2078     1.4424  0.000e+00
     34.702   65.71494 -168.55578     35.051     2.9385     2.9384     2.9365    32.6502    32.6653  1026.1796    26.0151    260.183    253.444  328.85539     79.118     77.077     0.2149     0.9414     3.7973     0.8637 1.0000e-12       2079     1.4431  0.000e+00
     34.764   65.71494 -168.55576     35.113     2.9381     2.9381     2.9362    32.6506    32.6656  1026.1803    26.0154    260.241    253.467  328.85747     79.135     77.084     0.2149     0.9414     3.7973     0.8637 1.0000e-12       2080     1.4438  0.000e+00
     34.749   65.71494 -168.55576     35.097     2.9380     2.9378     2.9361    32.6506    32.6656  1026.1802    26.0154    260.352    253.496  328.85845     79.169     77.092     0.2149     0.9414     3.7961     0.8650 1.0000e-12       2081     1.4444  0.000e+00
     34.764   65.71494 -168.55576     35.113     2.9379     2.9376     2.9359    32.6504    32.6656  1026.1801    26.0153    260.233    253.534  328.86018     79.132     77.103     0.2149     0.9414     3.7961     0.8650 1.0000e-12       2082     1.4451  0.000e+00
     34.764   65.71494 -168.55576     35.113     2.9375     2.9373     2.9356    32.6509    32.6656  1026.1805    26.0157    260.281    253.361  328.86157     79.146     77.050     0.2149     0.9414     3.7961     0.8650 8.4714e-06       2083     1.4458  0.000e+00
     34.864   65.71494 -168.55576     35.214     2.9374     2.9373     2.9354    32.6508    32.6655  1026.1810    26.0156    260.317    253.567  328.86301     79.157     77.113     0.2149     0.9414     3.7961     0.8650 1.0000e-12       2084     1.4465  0.000e+00
     34.818   65.71494 -168.55576     35.167     2.9371     2.9371     2.9351    32.6509    32.6654  1026.1808    26.0157    260.076    253.409  328.86545     79.083     77.064     0.2161     0.9487     3.7961     0.8650 1.0000e-12       2085     1.4472  0.000e+00
     34.864   65.71494 -168.55576     35.214     2.9371     2.9370     2.9351    32.6504    32.6654  1026.1807    26.0153    260.111    253.434  328.86672     79.093     77.071     0.2149     0.9414     3.7961     0.8650 8.4714e-06       2086     1.4479  0.000e+00
     34.880   65.71494 -168.55576     35.230     2.9369     2.9368     2.9349    32.6506    32.6653  1026.1809    26.0155    260.128    253.272  328.86754     79.098     77.022     0.2149     0.9414     3.7961     0.8650 1.0000e-12       2087     1.4486  0.000e+00
     34.934   65.71494 -168.55576     35.284     2.9364     2.9369     2.9344    32.6509    32.6654  1026.1815    26.0158    260.168    253.267  328.87061     79.109     77.021     0.2149     0.9414     3.7961     0.8650 1.0000e-12       2088     1.4493  0.000e+00
     34.926   65.71494 -168.55576     35.276     2.9366     2.9368     2.9346    32.6505    32.6651  1026.1811    26.0154    260.221    253.271  328.87041     79.126     77.021     0.2149     0.9414     3.7961     0.8650 1.0000e-12       2089     1.4500  0.000e+00
     34.934   65.71494 -168.55576     35.284     2.9364     2.9366     2.9344    32.6506    32.6651  1026.1812    26.0155    260.259    253.284  328.87142     79.137     77.025     0.2149     0.9414     3.7961     0.8650 1.0000e-12       2090     1.4507  0.000e+00
     34.934   65.71494 -168.55576     35.284     2.9362     2.9363     2.9342    32.6509    32.6654  1026.1815    26.0158    260.097    253.282  328.87292     79.087     77.024     0.2149     0.9414     3.7961     0.8650 1.0000e-12       2091     1.4514  0.000e+00
     34.980   65.71494 -168.55576     35.331     2.9363     2.9361     2.9343    32.6507    32.6654  1026.1815    26.0156    260.136    253.289  328.87208     79.099     77.026     0.2149     0.9414     3.7949     0.8663 1.0000e-12       2092     1.4521  0.000e+00
     34.995   65.71494 -168.55576     35.347     2.9362     2.9357     2.9342    32.6502    32.6651  1026.1812    26.0152    260.196    253.304  328.87471     79.117     77.029     0.2149     0.9414     3.7961     0.8650 1.0000e-12       2093     1.4528  0.000e+00
     35.049   65.71494 -168.55576     35.401     2.9358     2.9354     2.9338    32.6500    32.6650  1026.1813    26.0151    260.239    253.131  328.87769     79.130     76.976     0.2161     0.9487     3.7961     0.8650 1.0000e-12       2094     1.4535  0.000e+00
     35.034   65.71494 -168.55576     35.385     2.9355     2.9351     2.9335    32.6501    32.6653  1026.1813    26.0152    260.080    253.137  328.88017     79.081     76.978     0.2149     0.9414     3.7961     0.8650 1.0000e-12       2095     1.4542  0.000e+00
     35.103   65.71494 -168.55576     35.456     2.9350     2.9347     2.9330    32.6505    32.6657  1026.1820    26.0156    260.090    252.960  328.88307     79.083     76.923     0.2173     0.9560     3.7961     0.8650 1.0000e-12       2096     1.4549  0.000e+00
     35.096   65.71494 -168.55576     35.448     2.9350     2.9348     2.9330    32.6500    32.6656  1026.1816    26.0152    260.112    252.959  328.88416     79.089     76.923     0.2222     0.9853     3.7961     0.8650 1.0000e-12       2097     1.4556  0.000e+00
     35.049   65.71494 -168.55576     35.401     2.9349     2.9343     2.9329    32.6503    32.6658  1026.1817    26.0154    260.151    252.946  328.88480     79.101     76.918     0.2259     1.0073     3.7961     0.8650 1.0000e-12       2098     1.4563  0.000e+00
     35.165   65.71494 -168.55576     35.518     2.9345     2.9344     2.9325    32.6500    32.6653  1026.1820    26.0152    259.997    252.921  328.88816     79.053     76.910     0.2247     1.0000     3.7961     0.8650 1.0000e-12       2099     1.4569  0.000e+00
     35.095   65.71494 -168.55576     35.448     2.9341     2.9337     2.9321    32.6503    32.6655  1026.1819    26.0155    260.219    252.901  328.89097     79.120     76.903     0.2259     1.0073     3.7961     0.8650 8.4714e-06       2100     1.4576  0.000e+00
     35.165   65.71494 -168.55576     35.518     2.9342     2.9334     2.9322    32.6499    32.6653  1026.1819    26.0152    260.241    252.892  328.89107     79.127     76.900     0.2259     1.0073     3.7961     0.8650 1.0000e-12       2101     1.4583  0.000e+00
     35.165   65.71494 -168.55576     35.518     2.9338     2.9331     2.9318    32.6498    32.6655  1026.1819    26.0151    260.096    252.887  328.89478     79.082     76.898     0.2259     1.0073     3.8010     0.8599 1.0000e-12       2102     1.4590  0.000e+00
     35.149   65.71494 -168.55576     35.502     2.9332     2.9328     2.9312    32.6501    32.6659  1026.1821    26.0154    260.116    252.889  328.89926     79.087     76.898     0.2271     1.0146     3.8034     0.8573 1.0000e-12       2103     1.4597  0.000e+00
     35.219   65.71494 -168.55576     35.572     2.9330     2.9323     2.9310    32.6504    32.6655  1026.1827    26.0157    260.151    252.708  328.89985     79.097     76.842     0.2259     1.0073     3.8034     0.8573 1.0000e-12       2104     1.4604  0.000e+00
     35.219   65.71494 -168.55576     35.572     2.9324     2.9318     2.9303    32.6503    32.6661  1026.1827    26.0156    259.986    252.900  328.90536     79.046     76.900     0.2271     1.0146     3.8034     0.8573 1.0000e-12       2105     1.4611  0.000e+00
     35.211   65.71494 -168.55576     35.565     2.9322     2.9314     2.9302    32.6496    32.6655  1026.1821    26.0151    260.019    252.733  328.90787     79.055     76.848     0.2259     1.0073     3.8034     0.8573 1.0000e-12       2106     1.4618  0.000e+00
     35.281   65.71494 -168.55576     35.635     2.9322     2.9311     2.9302    32.6495    32.6653  1026.1824    26.0150    260.288    252.920  328.90856     79.137     76.904     0.2259     1.0073     3.8034     0.8573 1.0000e-12       2107     1.4625  0.000e+00
     35.265   65.71494 -168.55576     35.619     2.9315     2.9308     2.9295    32.6493    32.6652  1026.1822    26.0149    260.101    252.938  328.91426     79.079     76.909     0.2247     1.0000     3.8034     0.8573 1.0000e-12       2108     1.4632  0.000e+00
     35.219   65.71494 -168.55576     35.572     2.9313     2.9304     2.9293    32.6496    32.6653  1026.1822    26.0151    260.143    252.766  328.91589     79.091     76.856     0.2259     1.0073     3.8034     0.8573 1.0000e-12       2109     1.4639  0.000e+00
     35.334   65.71494 -168.55576     35.689     2.9308     2.9300     2.9288    32.6496    32.6654  1026.1828    26.0152    260.173    252.781  328.91966     79.099     76.860     0.2247     1.0000     3.8034     0.8573 1.0000e-12       2110     1.4646  0.000e+00
     35.265   65.71494 -168.55576     35.619     2.9303     2.9295     2.9283    32.6498    32.6653  1026.1827    26.0154    260.210    252.797  328.92317     79.110     76.864     0.2259     1.0073     3.8034     0.8573 1.0000e-12       2111     1.4653  0.000e+00
     35.334   65.71494 -168.55576     35.689     2.9297     2.9296     2.9277    32.6496    32.6647  1026.1829    26.0153    260.268    252.823  328.92837     79.126     76.871     0.2271     1.0146     3.8034     0.8573 1.0000e-12       2112     1.4660  0.000e+00
     35.334   65.71494 -168.55576     35.689     2.9297     2.9293     2.9277    32.6499    32.6652  1026.1831    26.0155    260.116    252.854  328.92817     79.080     76.880     0.2259     1.0073     3.8034     0.8573 1.0000e-12       2113     1.4667  0.000e+00
