EcoFOCI/data/1_SampleCollection/2023_SikuliaqDBO_CruiseData/CTD_raw_BottleFile_SKQ23-12S/proc/skq202312s_006.cnv
* Sea-Bird SBE 9 Data File:
* FileName = D:\CTD\SKQ202312S\SKQ202312S_006.hex
* Software Version Seasave V 7.26.7.121
* Temperature SN = 6177
* Conductivity SN = 0369
* Number of Bytes Per Scan = 41
* Number of Voltage Words = 4
* Number of Scans Averaged by the Deck Unit = 1
* NMEA Latitude = 62 28.06 N
* NMEA Longitude = 174 05.08 W
* NMEA UTC (Time) = Sep 16 2023  02:34:40
* NMEA baud rate = 4800
** Ship: R/V Sikuliaq
** Station Number: 006
** Station Name: DBO1.5
** Bottom Depth: 68
** Operator: SD
# nquan = 24
# nvalues = 5525                                  
# units = specified
# name 0 = depSM: Depth [salt water, m]
# name 1 = latitude: Latitude [deg]
# name 2 = longitude: Longitude [deg]
# name 3 = prDM: Pressure, Digiquartz [db]
# name 4 = t090C: Temperature [ITS-90, deg C]
# name 5 = t190C: Temperature, 2 [ITS-90, deg C]
# name 6 = potemp090C: Potential Temperature [ITS-90, deg C]
# name 7 = sal00: Salinity, Practical [PSU]
# name 8 = sal11: Salinity, Practical, 2 [PSU]
# name 9 = density00: Density [density, kg/m^3]
# name 10 = sigma-é00: Density [sigma-theta, kg/m^3]
# name 11 = sbox0Mm/Kg: Oxygen, SBE 43 [umol/kg]
# name 12 = sbox1Mm/Kg: Oxygen, SBE 43, 2 [umol/kg]
# name 13 = oxsolMm/Kg: Oxygen Saturation, Garcia & Gordon [umol/kg]
# name 14 = sbeox0PS: Oxygen, SBE 43 [% saturation]
# name 15 = sbeox1PS: Oxygen, SBE 43, 2 [% saturation]
# name 16 = v0: Voltage 0
# name 17 = flECO-AFL: Fluorescence, WET Labs ECO-AFL/FL [mg/m^3]
# name 18 = v1: Voltage 1
# name 19 = CStarAt0: Beam Attenuation, WET Labs C-Star [1/m]
# name 20 = par: PAR/Irradiance, Biospherical/Licor
# name 21 = scan: Scan Count
# name 22 = timeM: Time, Elapsed [minutes]
# name 23 = flag:  0.000e+00
# span 0 =      1.209,     62.412                 
# span 1 =   62.46776,   62.46776                 
# span 2 = -174.08478, -174.08474                 
# span 3 =      1.221,     63.028                 
# span 4 =    -1.5161,     7.8093                 
# span 5 =    -1.5148,     7.8159                 
# span 6 =    -1.5172,     7.8090                 
# span 7 =    30.8752,    31.9264                 
# span 8 =    30.9165,    31.9375                 
# span 9 =  1024.0764,  1025.9800                 
# span 10 =    24.0679,    25.6763                
# span 11 =    274.935,    437.727                
# span 12 =    262.284,    390.133                
# span 13 =  296.87291,  371.51009                
# span 14 =     74.085,    119.808                
# span 15 =     70.685,    106.408                
# span 16 =     0.0598,     0.4054                
# span 17 =     0.0110,     2.0842                
# span 18 =     3.4872,     4.1490                
# span 19 =     0.5094,     1.2046                
# span 20 = 1.0000e-12, 2.3409e+02                
# span 21 =          1,       5525                
# span 22 =     0.0000,     3.8361                
# span 23 = 0.0000e+00, 0.0000e+00                
# interval = seconds: 0.0416667
# start_time = Sep 16 2023 02:39:43 [NMEA time, first data scan]
# bad_flag = -9.990e-29
*END*
[from data line 1751]
      9.847   62.46776 -174.08476      9.942     7.6984     7.7007     7.6975    31.1097    31.1193  1024.3079    24.2623    290.445    275.845  297.18679     97.732     92.830     0.2308     1.0366     3.9170     0.7396 4.1678e+01       1752     1.2160  0.000e+00
      9.908   62.46776 -174.08476     10.005     7.6977     7.6998     7.6968    31.1099    31.1195  1024.3084    24.2625    290.295    275.837  297.19075     97.680     92.826     0.2320     1.0439     3.9170     0.7396 4.1560e+01       1753     1.2167  0.000e+00
      9.962   62.46776 -174.08476     10.059     7.6966     7.6989     7.6957    31.1102    31.1195  1024.3091    24.2629    289.932    276.017  297.19733     97.555     92.884     0.2308     1.0366     3.9158     0.7408 4.1327e+01       1754     1.2174  0.000e+00
      9.877   62.46776 -174.08476      9.974     7.6954     7.6979     7.6945    31.1107    31.1202  1024.3093    24.2635    290.265    276.021  297.20426     97.665     92.884     0.2320     1.0439     3.9121     0.7446 4.1327e+01       1755     1.2181  0.000e+00
      9.962   62.46776 -174.08476     10.059     7.6948     7.6975     7.6939    31.1103    31.1200  1024.3094    24.2633    290.113    276.029  297.20952     97.612     92.886     0.2320     1.0439     3.9109     0.7458 4.1327e+01       1756     1.2188  0.000e+00
      9.962   62.46776 -174.08476     10.059     7.6938     7.6965     7.6928    31.1109    31.1203  1024.3100    24.2639    289.908    276.055  297.21533     97.541     92.892     0.2320     1.0439     3.9109     0.7458 4.1094e+01       1757     1.2194  0.000e+00
     10.024   62.46776 -174.08476     10.122     7.6929     7.6955     7.6919    31.1115    31.1206  1024.3109    24.2645    290.268    275.913  297.22000     97.661     92.843     0.2308     1.0366     3.9109     0.7458 4.1094e+01       1758     1.2201  0.000e+00
      9.962   62.46776 -174.08476     10.059     7.6919     7.6949     7.6909    31.1116    31.1205  1024.3108    24.2647    290.111    275.903  297.22655     97.606     92.838     0.2320     1.0439     3.9109     0.7458 4.1094e+01       1759     1.2208  0.000e+00
     10.024   62.46776 -174.08476     10.121     7.6912     7.6942     7.6902    31.1115    31.1207  1024.3111    24.2647    290.094    275.897  297.23147     97.599     92.835     0.2308     1.0366     3.9109     0.7458 4.0863e+01       1760     1.2215  0.000e+00
     10.047   62.46776 -174.08476     10.145     7.6904     7.6934     7.6895    31.1115    31.1215  1024.3113    24.2648    290.235    275.891  297.23651     97.645     92.832     0.2320     1.0439     3.9109     0.7458 4.0863e+01       1761     1.2222  0.000e+00
     10.024   62.46776 -174.08474     10.121     7.6899     7.6928     7.6890    31.1119    31.1213  1024.3116    24.2652    290.046    276.055  297.23896     97.580     92.885     0.2308     1.0366     3.9109     0.7458 4.0863e+01       1762     1.2229  0.000e+00
     10.078   62.46776 -174.08474     10.176     7.6894     7.6920     7.6884    31.1120    31.1214  1024.3120    24.2653    289.860    275.915  297.24244     97.516     92.837     0.2320     1.0439     3.9109     0.7458 4.0633e+01       1763     1.2236  0.000e+00
     10.078   62.46776 -174.08474     10.176     7.6891     7.6909     7.6882    31.1121    31.1219  1024.3121    24.2655    290.182    275.930  297.24387     97.624     92.840     0.2320     1.0439     3.9109     0.7458 4.0519e+01       1764     1.2243  0.000e+00
     10.078   62.46776 -174.08474     10.176     7.6882     7.6899     7.6873    31.1124    31.1224  1024.3125    24.2658    290.021    276.114  297.24960     97.568     92.900     0.2320     1.0439     3.9109     0.7458 4.0519e+01       1765     1.2250  0.000e+00
     10.078   62.46776 -174.08474     10.176     7.6876     7.6893     7.6867    31.1126    31.1226  1024.3128    24.2661    289.832    276.128  297.25279     97.503     92.903     0.2320     1.0439     3.9109     0.7458 4.0291e+01       1766     1.2257  0.000e+00
     10.024   62.46776 -174.08474     10.121     7.6870     7.6885     7.6861    31.1122    31.1228  1024.3122    24.2658    290.155    275.971  297.25784     97.610     92.849     0.2308     1.0366     3.9109     0.7458 4.0178e+01       1767     1.2264  0.000e+00
     10.224   62.46776 -174.08474     10.324     7.6862     7.6878     7.6853    31.1128    31.1229  1024.3137    24.2664    290.160    275.976  297.26225     97.611     92.849     0.2320     1.0439     3.9109     0.7458 4.0178e+01       1768     1.2271  0.000e+00
     10.140   62.46776 -174.08474     10.238     7.6852     7.6873     7.6843    31.1133    31.1231  1024.3139    24.2669    289.779    276.157  297.26782     97.481     92.909     0.2308     1.0366     3.9109     0.7458 3.9952e+01       1769     1.2278  0.000e+00
     10.140   62.46776 -174.08474     10.238     7.6848     7.6867     7.6838    31.1129    31.1228  1024.3137    24.2667    289.937    276.173  297.27165     97.533     92.913     0.2320     1.0439     3.9109     0.7458 3.9952e+01       1770     1.2285  0.000e+00
     10.194   62.46776 -174.08474     10.293     7.6835     7.6858     7.6825    31.1132    31.1232  1024.3143    24.2671    290.101    276.192  297.27967     97.585     92.918     0.2308     1.0366     3.9109     0.7458 3.9952e+01       1771     1.2292  0.000e+00
     10.139   62.46776 -174.08474     10.238     7.6823     7.6846     7.6814    31.1133    31.1232  1024.3143    24.2674    289.934    276.210  297.28719     97.527     92.922     0.2320     1.0439     3.9109     0.7458 3.9615e+01       1772     1.2299  0.000e+00
     10.248   62.46776 -174.08474     10.347     7.6817     7.6833     7.6807    31.1129    31.1238  1024.3146    24.2671    289.907    276.249  297.29239     97.516     92.933     0.2186     0.9634     3.9109     0.7458 3.9504e+01       1773     1.2306  0.000e+00
     10.163   62.46776 -174.08474     10.262     7.6806     7.6822     7.6796    31.1131    31.1240  1024.3145    24.2674    290.088    276.265  297.29940     97.574     92.936     0.2112     0.9194     3.9109     0.7458 3.9504e+01       1774     1.2313  0.000e+00
     10.247   62.46776 -174.08474     10.347     7.6796     7.6811     7.6786    31.1134    31.1243  1024.3153    24.2678    290.110    276.288  297.30538     97.580     92.941     0.2100     0.9121     3.9096     0.7471 3.9281e+01       1775     1.2319  0.000e+00
     10.247   62.46776 -174.08474     10.347     7.6784     7.6801     7.6775    31.1141    31.1245  1024.3159    24.2685    289.753    276.306  297.31175     97.458     92.945     0.2112     0.9194     3.9084     0.7483 3.9171e+01       1776     1.2326  0.000e+00
     10.247   62.46776 -174.08474     10.347     7.6778     7.6792     7.6768    31.1141    31.1248  1024.3161    24.2686    290.095    276.324  297.31598     97.571     92.950     0.2112     0.9194     3.9096     0.7471 3.9171e+01       1777     1.2333  0.000e+00
     10.247   62.46776 -174.08474     10.347     7.6768     7.6780     7.6759    31.1144    31.1249  1024.3164    24.2690    289.899    276.344  297.32171     97.504     92.954     0.2112     0.9194     3.9084     0.7483 3.9060e+01       1778     1.2340  0.000e+00
     10.247   62.46776 -174.08474     10.347     7.6761     7.6774     7.6751    31.1149    31.1251  1024.3169    24.2694    289.916    276.360  297.32610     97.508     92.958     0.2125     0.9267     3.9084     0.7483 3.8950e+01       1779     1.2347  0.000e+00
     10.332   62.46776 -174.08474     10.433     7.6757     7.6773     7.6747    31.1146    31.1248  1024.3171    24.2693    290.096    276.376  297.32897     97.567     92.963     0.2112     0.9194     3.9096     0.7471 3.8841e+01       1780     1.2354  0.000e+00
     10.247   62.46776 -174.08474     10.347     7.6751     7.6769     7.6741    31.1145    31.1246  1024.3167    24.2693    290.108    276.388  297.33367     97.570     92.966     0.2112     0.9194     3.9084     0.7483 3.8841e+01       1781     1.2361  0.000e+00
     10.309   62.46776 -174.08474     10.410     7.6743     7.6763     7.6733    31.1148    31.1247  1024.3174    24.2696    289.776    276.576  297.33827     97.457     93.028     0.2112     0.9194     3.9084     0.7483 3.8622e+01       1782     1.2368  0.000e+00
     10.309   62.46776 -174.08474     10.410     7.6741     7.6758     7.6731    31.1145    31.1246  1024.3172    24.2694    289.739    276.607  297.34035     97.444     93.038     0.2112     0.9194     3.9096     0.7471 3.8622e+01       1783     1.2375  0.000e+00
     10.363   62.46776 -174.08474     10.464     7.6733     7.6750     7.6723    31.1150    31.1250  1024.3179    24.2699    290.084    276.642  297.34454     97.558     93.048     0.2112     0.9194     3.9096     0.7471 3.8514e+01       1784     1.2382  0.000e+00
     10.363   62.46776 -174.08474     10.464     7.6726     7.6746     7.6717    31.1148    31.1250  1024.3179    24.2699    289.751    276.671  297.34933     97.445     93.057     0.2112     0.9194     3.9096     0.7471 3.8405e+01       1785     1.2389  0.000e+00
     10.332   62.46776 -174.08474     10.433     7.6719     7.6741     7.6709    31.1154    31.1247  1024.3183    24.2704    290.067    276.699  297.35312     97.550     93.065     0.2112     0.9194     3.9096     0.7471 3.8297e+01       1786     1.2396  0.000e+00
     10.363   62.46776 -174.08474     10.464     7.6715     7.6738     7.6705    31.1160    31.1251  1024.3190    24.2710    290.081    276.726  297.35450     97.554     93.074     0.2125     0.9267     3.9084     0.7483 3.8297e+01       1787     1.2403  0.000e+00
     10.363   62.46776 -174.08474     10.464     7.6715     7.6732     7.6705    31.1156    31.1253  1024.3187    24.2707    289.931    276.754  297.35530     97.503     93.082     0.2112     0.9194     3.9096     0.7471 3.7974e+01       1788     1.2410  0.000e+00
     10.425   62.46776 -174.08474     10.526     7.6712     7.6732     7.6703    31.1158    31.1252  1024.3191    24.2708    289.921    276.594  297.35672     97.499     93.028     0.2112     0.9194     3.9096     0.7471 3.7974e+01       1789     1.2417  0.000e+00
     10.425   62.46776 -174.08474     10.526     7.6712     7.6725     7.6702    31.1160    31.1254  1024.3193    24.2710    290.095    276.588  297.35656     97.558     93.025     0.2112     0.9194     3.9096     0.7471 3.7974e+01       1790     1.2424  0.000e+00
     10.363   62.46776 -174.08474     10.464     7.6712     7.6722     7.6702    31.1159    31.1255  1024.3189    24.2709    290.129    276.746  297.35682     97.569     93.077     0.2112     0.9194     3.9084     0.7483 3.7761e+01       1791     1.2431  0.000e+00
     10.448   62.46776 -174.08474     10.550     7.6710     7.6719     7.6700    31.1158    31.1258  1024.3192    24.2709    289.983    276.755  297.35833     97.520     93.080     0.2112     0.9194     3.9096     0.7471 3.7654e+01       1792     1.2437  0.000e+00
     10.425   62.46776 -174.08474     10.526     7.6709     7.6718     7.6699    31.1154    31.1258  1024.3188    24.2705    289.757    276.757  297.35991     97.443     93.081     0.2112     0.9194     3.9096     0.7471 3.7654e+01       1793     1.2444  0.000e+00
     10.479   62.46776 -174.08474     10.581     7.6707     7.6715     7.6697    31.1158    31.1258  1024.3194    24.2709    290.122    276.763  297.36036     97.566     93.082     0.2100     0.9121     3.9084     0.7483 3.7548e+01       1794     1.2451  0.000e+00
     10.425   62.46776 -174.08474     10.526     7.6703     7.6716     7.6694    31.1157    31.1255  1024.3192    24.2709    290.160    276.778  297.36286     97.578     93.087     0.2112     0.9194     3.9084     0.7483 3.7443e+01       1795     1.2458  0.000e+00
     10.479   62.46776 -174.08474     10.581     7.6699     7.6710     7.6689    31.1160    31.1258  1024.3197    24.2712    289.775    276.782  297.36522     97.447     93.087     0.2125     0.9267     3.9084     0.7483 3.7443e+01       1796     1.2465  0.000e+00
     10.425   62.46776 -174.08474     10.526     7.6698     7.6706     7.6688    31.1158    31.1258  1024.3193    24.2710    290.111    276.798  297.36644     97.560     93.092     0.2112     0.9194     3.9084     0.7483 3.7337e+01       1797     1.2472  0.000e+00
     10.510   62.46776 -174.08474     10.612     7.6694     7.6706     7.6684    31.1162    31.1254  1024.3201    24.2714    290.366    276.816  297.36812     97.645     93.097     0.2149     0.9414     3.9096     0.7471 3.7232e+01       1798     1.2479  0.000e+00
     10.479   62.46776 -174.08474     10.581     7.6686     7.6701     7.6676    31.1168    31.1255  1024.3205    24.2720    289.842    276.832  297.37231     97.468     93.102     0.2186     0.9634     3.9084     0.7483 3.7127e+01       1799     1.2486  0.000e+00
     10.479   62.46776 -174.08474     10.581     7.6681     7.6700     7.6671    31.1163    31.1253  1024.3202    24.2717    289.996    276.829  297.37662     97.518     93.100     0.2210     0.9780     3.9084     0.7483 3.7127e+01       1800     1.2493  0.000e+00
     10.533   62.46776 -174.08474     10.635     7.6675     7.6693     7.6666    31.1168    31.1258  1024.3209    24.2721    290.227    276.829  297.37938     97.595     93.099     0.2198     0.9707     3.9084     0.7483 3.7127e+01       1801     1.2500  0.000e+00
     10.533   62.46776 -174.08474     10.635     7.6676     7.6691     7.6666    31.1168    31.1257  1024.3209    24.2721    290.077    276.824  297.37906     97.545     93.097     0.2198     0.9707     3.9084     0.7483 3.7023e+01       1802     1.2507  0.000e+00
     10.479   62.46776 -174.08474     10.581     7.6673     7.6690     7.6663    31.1168    31.1258  1024.3207    24.2722    290.040    276.831  297.38093     97.531     93.099     0.2198     0.9707     3.9084     0.7483 3.7023e+01       1803     1.2514  0.000e+00
     10.564   62.46776 -174.08474     10.666     7.6672     7.6682     7.6662    31.1165    31.1260  1024.3208    24.2719    290.246    276.848  297.38236     97.600     93.103     0.2210     0.9780     3.9084     0.7483 3.6918e+01       1804     1.2521  0.000e+00
     10.533   62.46776 -174.08474     10.635     7.6673     7.6675     7.6663    31.1160    31.1265  1024.3203    24.2716    290.070    276.857  297.38265     97.541     93.106     0.2198     0.9707     3.9084     0.7483 3.6918e+01       1805     1.2528  0.000e+00
     10.533   62.46776 -174.08474     10.635     7.6671     7.6672     7.6661    31.1159    31.1265  1024.3203    24.2715    289.845    276.866  297.38425     97.465     93.108     0.2198     0.9707     3.9084     0.7483 3.6814e+01       1806     1.2535  0.000e+00
     10.533   62.46776 -174.08474     10.635     7.6668     7.6670     7.6658    31.1160    31.1263  1024.3203    24.2716    290.211    276.857  297.38616     97.587     93.104     0.2198     0.9707     3.9084     0.7483 3.6711e+01       1807     1.2542  0.000e+00
     10.594   62.46776 -174.08474     10.698     7.6665     7.6667     7.6656    31.1158    31.1263  1024.3206    24.2715    290.040    276.849  297.38814     97.529     93.101     0.2198     0.9707     3.9084     0.7483 3.6711e+01       1808     1.2549  0.000e+00
     10.533   62.46776 -174.08474     10.635     7.6668     7.6667     7.6658    31.1158    31.1263  1024.3202    24.2714    290.024    276.834  297.38656     97.524     93.096     0.2186     0.9634     3.9084     0.7483 3.6711e+01       1809     1.2556  0.000e+00
     10.563   62.46776 -174.08474     10.666     7.6663     7.6666     7.6653    31.1155    31.1258  1024.3202    24.2713    290.230    276.821  297.39050     97.592     93.091     0.2198     0.9707     3.9084     0.7483 3.6607e+01       1810     1.2563  0.000e+00
     10.594   62.46776 -174.08474     10.698     7.6657     7.6662     7.6647    31.1161    31.1260  1024.3209    24.2719    290.060    276.825  297.39348     97.534     93.092     0.2210     0.9780     3.9084     0.7483 3.6607e+01       1811     1.2569  0.000e+00
