EcoFOCI/data/1_SampleCollection/2023_SikuliaqDBO_CruiseData/CTD_raw_BottleFile_SKQ23-12S/proc/skq202312s_053.cnv
* Sea-Bird SBE 9 Data File:
* FileName = D:\CTD\SKQ202312S\SKQ202312S_053.hex
* Software Version Seasave V 7.26.7.121
* Temperature SN = 6177
* Conductivity SN = 0369
* Number of Bytes Per Scan = 41
* Number of Voltage Words = 4
* Number of Scans Averaged by the Deck Unit = 1
* NMEA Latitude = 70 50.92 N
* NMEA Longitude = 163 11.04 W
* NMEA UTC (Time) = Sep 26 2023  23:34:43
* NMEA baud rate = 4800
** Ship: R/V Sikuliaq
** Station Number: 053
** Station Name: IC9
** Bottom Depth: 44
** Operator: SS
# nquan = 24
# nvalues = 4192                                  
# units = specified
# name 0 = depSM: Depth [salt water, m]
# name 1 = latitude: Latitude [deg]
# name 2 = longitude: Longitude [deg]
# name 3 = prDM: Pressure, Digiquartz [db]
# name 4 = t090C: Temperature [ITS-90, deg C]
# name 5 = t190C: Temperature, 2 [ITS-90, deg C]
# name 6 = potemp090C: Potential Temperature [ITS-90, deg C]
# name 7 = sal00: Salinity, Practical [PSU]
# name 8 = sal11: Salinity, Practical, 2 [PSU]
# name 9 = density00: Density [density, kg/m^3]
# name 10 = sigma-é00: Density [sigma-theta, kg/m^3]
# name 11 = sbox0Mm/Kg: Oxygen, SBE 43 [umol/kg]
# name 12 = sbox1Mm/Kg: Oxygen, SBE 43, 2 [umol/kg]
# name 13 = oxsolMm/Kg: Oxygen Saturation, Garcia & Gordon [umol/kg]
# name 14 = sbeox0PS: Oxygen, SBE 43 [% saturation]
# name 15 = sbeox1PS: Oxygen, SBE 43, 2 [% saturation]
# name 16 = v0: Voltage 0
# name 17 = flECO-AFL: Fluorescence, WET Labs ECO-AFL/FL [mg/m^3]
# name 18 = v1: Voltage 1
# name 19 = CStarAt0: Beam Attenuation, WET Labs C-Star [1/m]
# name 20 = par: PAR/Irradiance, Biospherical/Licor
# name 21 = scan: Scan Count
# name 22 = timeM: Time, Elapsed [minutes]
# name 23 = flag:  0.000e+00
# span 0 =      2.319,     38.959                 
# span 1 =   70.84866,   70.84870                 
# span 2 = -163.18456, -163.18434                 
# span 3 =      2.343,     39.363                 
# span 4 =     4.3929,     6.8622                 
# span 5 =     4.3935,     6.8575                 
# span 6 =     4.3908,     6.8610                 
# span 7 =    29.2773,    31.8033                 
# span 8 =    29.2885,    31.8251                 
# span 9 =  1023.0908,  1025.3775                 
# span 10 =    23.0785,    25.2017                
# span 11 =    234.045,    299.936                
# span 12 =    219.552,    281.234                
# span 13 =  302.16909,  319.55082                
# span 14 =     73.274,     95.266                
# span 15 =     68.739,     89.727                
# span 16 =     0.0781,     0.2271                
# span 17 =     0.1209,     1.0146                
# span 18 =     1.9035,     4.1746                
# span 19 =     0.4847,     3.6273                
# span 20 = 1.0000e-12, 1.1684e+02                
# span 21 =          1,       4192                
# span 22 =     0.0000,     2.9104                
# span 23 = 0.0000e+00, 0.0000e+00                
# interval = seconds: 0.0416667
# start_time = Sep 26 2023 23:38:01 [NMEA time, first data scan]
# bad_flag = -9.990e-29
*END*
[from data line 906]
      6.444   70.84866 -163.18438      6.510     5.6091     5.6106     5.6087    29.4943    29.5040  1023.2792    23.2489    298.728    280.460  315.66598     94.634     88.857     0.1929     0.8095     4.0281     0.6277 4.3971e+01        907     0.6292  0.000e+00
      6.444   70.84866 -163.18438      6.510     5.6095     5.6102     5.6091    29.4918    29.5035  1023.2772    23.2469    298.549    280.465  315.66884     94.577     88.857     0.1917     0.8022     4.0269     0.6289 4.3847e+01        908     0.6299  0.000e+00
      6.498   70.84866 -163.18438      6.565     5.6091     5.6098     5.6087    29.4901    29.5025  1023.2761    23.2456    298.755    280.470  315.67595     94.640     88.857     0.1917     0.8022     4.0269     0.6289 4.3847e+01        909     0.6306  0.000e+00
      6.498   70.84866 -163.18438      6.565     5.6086     5.6095     5.6081    29.4856    29.5015  1023.2726    23.2421    298.762    280.650  315.69063     94.638     88.913     0.1917     0.8022     4.0281     0.6277 4.3847e+01        910     0.6312  0.000e+00
      6.498   70.84866 -163.18438      6.565     5.6069     5.6089     5.6064    29.4812    29.5013  1023.2694    23.2388    298.776    280.501  315.71316     94.635     88.864     0.1917     0.8022     4.0269     0.6289 4.3847e+01        911     0.6319  0.000e+00
      6.498   70.84866 -163.18438      6.565     5.6055     5.6089     5.6050    29.4794    29.5010  1023.2681    23.2375    298.610    280.487  315.72828     94.578     88.860     0.1917     0.8022     4.0269     0.6289 4.3971e+01        912     0.6326  0.000e+00
      6.498   70.84866 -163.18438      6.565     5.6039     5.6090     5.6034    29.4786    29.5019  1023.2676    23.2371    298.820    280.466  315.74200     94.640     88.854     0.1917     0.8022     4.0269     0.6289 4.3847e+01        913     0.6333  0.000e+00
      6.498   70.84866 -163.18438      6.565     5.6031     5.6090     5.6026    29.4792    29.5025  1023.2682    23.2376    298.614    280.443  315.74681     94.574     88.847     0.1929     0.8095     4.0269     0.6289 4.3971e+01        914     0.6340  0.000e+00
      6.498   70.84866 -163.18438      6.565     5.6028     5.6093     5.6023    29.4827    29.5019  1023.2710    23.2404    298.803    280.618  315.74045     94.636     88.903     0.1917     0.8022     4.0269     0.6289 4.3971e+01        915     0.6347  0.000e+00
      6.498   70.84866 -163.18438      6.565     5.6031     5.6089     5.6026    29.4872    29.5012  1023.2745    23.2440    298.813    280.631  315.72795     94.643     88.905     0.1929     0.8095     4.0269     0.6289 4.3971e+01        916     0.6354  0.000e+00
      6.559   70.84866 -163.18438      6.627     5.6037     5.6089     5.6033    29.4896    29.5007  1023.2766    23.2458    298.827    280.620  315.71741     94.650     88.901     0.1917     0.8022     4.0269     0.6289 4.3971e+01        917     0.6361  0.000e+00
      6.559   70.84866 -163.18438      6.627     5.6047     5.6086     5.6042    29.4905    29.5012  1023.2772    23.2464    298.403    280.601  315.70798     94.519     88.895     0.1929     0.8095     4.0281     0.6277 4.3971e+01        918     0.6368  0.000e+00
      6.498   70.84866 -163.18438      6.564     5.6055     5.6082     5.6050    29.4906    29.5013  1023.2769    23.2464    298.562    280.577  315.70202     94.571     88.887     0.1917     0.8022     4.0281     0.6277 4.3847e+01        919     0.6375  0.000e+00
      6.559   70.84866 -163.18438      6.627     5.6059     5.6075     5.6055    29.4874    29.5000  1023.2746    23.2438    298.563    280.578  315.70603     94.570     88.885     0.1929     0.8095     4.0269     0.6289 4.3847e+01        920     0.6382  0.000e+00
      6.613   70.84866 -163.18438      6.681     5.6050     5.6065     5.6045    29.4819    29.4988  1023.2706    23.2396    298.581    280.576  315.72583     94.570     88.881     0.1905     0.7949     4.0269     0.6289 4.3724e+01        921     0.6389  0.000e+00
      6.559   70.84866 -163.18438      6.627     5.6039     5.6060     5.6034    29.4786    29.4965  1023.2679    23.2371    298.592    280.747  315.74198     94.568     88.933     0.1917     0.8022     4.0269     0.6289 4.3601e+01        922     0.6396  0.000e+00
      6.559   70.84866 -163.18438      6.627     5.6028     5.6060     5.6023    29.4778    29.4948  1023.2674    23.2365    298.602    280.748  315.75206     94.568     88.932     0.1929     0.8095     4.0269     0.6289 4.3601e+01        923     0.6403  0.000e+00
      6.559   70.84866 -163.18438      6.627     5.6024     5.6062     5.6020    29.4770    29.4952  1023.2668    23.2360    298.606    280.738  315.75651     94.568     88.929     0.1917     0.8022     4.0269     0.6289 4.3478e+01        924     0.6410  0.000e+00
      6.613   70.84866 -163.18438      6.681     5.6016     5.6068     5.6011    29.4776    29.4954  1023.2676    23.2365    298.817    280.742  315.76129     94.634     88.932     0.1929     0.8095     4.0269     0.6289 4.3356e+01        925     0.6417  0.000e+00
      6.613   70.84866 -163.18438      6.681     5.6014     5.6062     5.6009    29.4771    29.4958  1023.2673    23.2362    298.821    280.749  315.76432     94.634     88.933     0.1917     0.8022     4.0269     0.6289 4.3234e+01        926     0.6424  0.000e+00
      6.613   70.84866 -163.18438      6.681     5.6012     5.6054     5.6007    29.4773    29.4945  1023.2674    23.2363    298.648    280.757  315.76552     94.579     88.933     0.1929     0.8095     4.0269     0.6289 4.3112e+01        927     0.6431  0.000e+00
      6.613   70.84866 -163.18438      6.681     5.6014     5.6046     5.6009    29.4781    29.4926  1023.2680    23.2370    298.849    280.762  315.76199     94.644     88.932     0.1917     0.8022     4.0269     0.6289 4.2990e+01        928     0.6438  0.000e+00
      6.613   70.84866 -163.18438      6.681     5.6012     5.6041     5.6007    29.4788    29.4923  1023.2686    23.2375    298.646    280.757  315.76190     94.580     88.929     0.1929     0.8095     4.0269     0.6289 4.2869e+01        929     0.6444  0.000e+00
      6.590   70.84866 -163.18438      6.658     5.6016     5.6037     5.6011    29.4793    29.4921  1023.2688    23.2379    298.611    280.747  315.75730     94.570     88.925     0.1917     0.8022     4.0269     0.6289 4.2628e+01        930     0.6451  0.000e+00
      6.675   70.84866 -163.18438      6.744     5.6015     5.6035     5.6010    29.4807    29.4920  1023.2704    23.2390    298.613    280.755  315.75467     94.571     88.927     0.1917     0.8022     4.0269     0.6289 4.2508e+01        931     0.6458  0.000e+00
      6.613   70.84866 -163.18438      6.681     5.6021     5.6030     5.6017    29.4820    29.4908  1023.2710    23.2399    298.575    280.759  315.74721     94.561     88.927     0.1929     0.8095     4.0269     0.6289 4.2389e+01        932     0.6465  0.000e+00
      6.675   70.84866 -163.18438      6.744     5.6026     5.6029     5.6021    29.4826    29.4897  1023.2718    23.2404    298.544    280.761  315.74219     94.553     88.926     0.1917     0.8022     4.0281     0.6277 4.2150e+01        933     0.6472  0.000e+00
      6.675   70.84866 -163.18438      6.744     5.6033     5.6029     5.6028    29.4830    29.4895  1023.2720    23.2406    298.510    280.755  315.73641     94.544     88.924     0.1917     0.8022     4.0269     0.6289 4.2032e+01        934     0.6479  0.000e+00
      6.675   70.84866 -163.18438      6.744     5.6036     5.6029     5.6031    29.4824    29.4892  1023.2714    23.2401    298.481    280.747  315.73551     94.535     88.921     0.1917     0.8022     4.0269     0.6289 4.2032e+01        935     0.6486  0.000e+00
      6.675   70.84866 -163.18438      6.744     5.6037     5.6030     5.6032    29.4815    29.4890  1023.2707    23.2394    298.251    280.733  315.73640     94.462     88.917     0.1929     0.8095     4.0269     0.6289 4.1795e+01        936     0.6493  0.000e+00
      6.675   70.84866 -163.18438      6.744     5.6036     5.6029     5.6031    29.4812    29.4892  1023.2705    23.2392    298.399    280.718  315.73818     94.508     88.912     0.1917     0.8022     4.0269     0.6289 4.1678e+01        937     0.6500  0.000e+00
      6.675   70.84866 -163.18438      6.744     5.6036     5.6032     5.6031    29.4802    29.4891  1023.2697    23.2383    298.405    280.697  315.74068     94.510     88.906     0.1917     0.8022     4.0269     0.6289 4.1795e+01        938     0.6507  0.000e+00
      6.729   70.84866 -163.18438      6.798     5.6034     5.6037     5.6029    29.4800    29.4892  1023.2698    23.2382    298.384    280.673  315.74226     94.502     88.900     0.1905     0.7949     4.0269     0.6289 4.1560e+01        939     0.6514  0.000e+00
      6.675   70.84866 -163.18438      6.744     5.6034     5.6035     5.6029    29.4800    29.4897  1023.2696    23.2382    298.386    280.665  315.74221     94.503     88.897     0.1917     0.8022     4.0269     0.6289 4.1443e+01        940     0.6521  0.000e+00
      6.729   70.84866 -163.18438      6.798     5.6034     5.6038     5.6029    29.4793    29.4895  1023.2693    23.2377    298.335    280.821  315.74373     94.486     88.947     0.1929     0.8095     4.0269     0.6289 4.1443e+01        941     0.6528  0.000e+00
      6.729   70.84866 -163.18438      6.798     5.6032     5.6040     5.6027    29.4801    29.4898  1023.2700    23.2384    298.340    280.826  315.74338     94.488     88.949     0.1917     0.8022     4.0256     0.6301 4.1443e+01        942     0.6535  0.000e+00
      6.729   70.84866 -163.18438      6.798     5.6040     5.6046     5.6035    29.4806    29.4890  1023.2703    23.2387    298.338    280.827  315.73608     94.490     88.950     0.1929     0.8095     4.0256     0.6301 4.1327e+01        943     0.6542  0.000e+00
      6.729   70.84866 -163.18438      6.798     5.6044     5.6051     5.6039    29.4807    29.4877  1023.2703    23.2387    298.343    280.644  315.73335     94.492     88.893     0.1917     0.8022     4.0256     0.6301 4.1327e+01        944     0.6549  0.000e+00
      6.729   70.84866 -163.18438      6.798     5.6047     5.6055     5.6042    29.4802    29.4868  1023.2699    23.2383    298.350    280.622  315.73247     94.495     88.886     0.1917     0.8022     4.0256     0.6301 4.1210e+01        945     0.6556  0.000e+00
      6.791   70.84866 -163.18438      6.861     5.6048     5.6055     5.6043    29.4795    29.4872  1023.2696    23.2377    298.363    280.601  315.73308     94.498     88.879     0.1905     0.7949     4.0256     0.6301 4.1210e+01        946     0.6563  0.000e+00
      6.729   70.84866 -163.18438      6.798     5.6049     5.6055     5.6044    29.4782    29.4872  1023.2683    23.2367    298.374    280.573  315.73558     94.501     88.871     0.1905     0.7949     4.0256     0.6301 4.1210e+01        947     0.6569  0.000e+00
      6.791   70.84866 -163.18438      6.861     5.6056     5.6055     5.6051    29.4743    29.4870  1023.2654    23.2335    298.391    280.731  315.73913     94.506     88.920     0.1905     0.7949     4.0256     0.6301 4.1210e+01        948     0.6576  0.000e+00
      6.791   70.84866 -163.18438      6.861     5.6060     5.6055     5.6055    29.4701    29.4862  1023.2621    23.2302    298.411    280.721  315.74613     94.510     88.917     0.1905     0.7949     4.0256     0.6301 4.1210e+01        949     0.6583  0.000e+00
      6.791   70.84866 -163.18438      6.861     5.6066     5.6062     5.6061    29.4651    29.4855  1023.2580    23.2261    298.401    280.702  315.75365     94.505     88.912     0.1917     0.8022     4.0256     0.6301 4.1094e+01        950     0.6590  0.000e+00
      6.791   70.84866 -163.18438      6.861     5.6068     5.6062     5.6063    29.4585    29.4865  1023.2528    23.2209    298.429    280.682  315.76769     94.509     88.906     0.1905     0.7949     4.0256     0.6301 4.1094e+01        951     0.6597  0.000e+00
      6.821   70.84866 -163.18438      6.892     5.6070     5.6067     5.6065    29.4556    29.4863  1023.2506    23.2185    298.451    280.659  315.77298     94.514     88.900     0.1917     0.8022     4.0256     0.6301 4.1094e+01        952     0.6604  0.000e+00
      6.791   70.84866 -163.18438      6.861     5.6071     5.6069     5.6066    29.4580    29.4873  1023.2524    23.2204    298.461    280.649  315.76653     94.519     88.898     0.1905     0.7949     4.0256     0.6301 4.1094e+01        953     0.6611  0.000e+00
      6.845   70.84866 -163.18438      6.915     5.6071     5.6075     5.6066    29.4608    29.4883  1023.2548    23.2226    298.475    280.638  315.76005     94.526     88.896     0.1917     0.8022     4.0256     0.6301 4.1094e+01        954     0.6618  0.000e+00
      6.845   70.84866 -163.18438      6.915     5.6073     5.6076     5.6068    29.4651    29.4901  1023.2582    23.2260    298.453    280.623  315.74834     94.522     88.893     0.1905     0.7949     4.0256     0.6301 4.1094e+01        955     0.6625  0.000e+00
      6.845   70.84866 -163.18438      6.915     5.6074     5.6079     5.6069    29.4706    29.4915  1023.2626    23.2304    298.662    280.606  315.73453     94.593     88.889     0.1905     0.7949     4.0256     0.6301 4.1094e+01        956     0.6632  0.000e+00
      6.845   70.84866 -163.18438      6.915     5.6077     5.6081     5.6072    29.4746    29.4911  1023.2657    23.2335    298.466    280.592  315.72250     94.534     88.884     0.1893     0.7875     4.0256     0.6301 4.1094e+01        957     0.6639  0.000e+00
      6.845   70.84866 -163.18438      6.915     5.6077     5.6082     5.6072    29.4774    29.4906  1023.2679    23.2357    298.480    280.575  315.71641     94.540     88.879     0.1905     0.7949     4.0256     0.6301 4.1094e+01        958     0.6646  0.000e+00
      6.899   70.84866 -163.18438      6.970     5.6075     5.6086     5.6070    29.4786    29.4898  1023.2691    23.2367    298.704    280.577  315.71463     94.612     88.880     0.1917     0.8022     4.0256     0.6301 4.0979e+01        959     0.6653  0.000e+00
      6.845   70.84866 -163.18438      6.915     5.6074     5.6081     5.6069    29.4743    29.4884  1023.2655    23.2333    298.559    280.743  315.72547     94.563     88.931     0.1905     0.7949     4.0256     0.6301 4.0979e+01        960     0.6660  0.000e+00
      6.899   70.84866 -163.18438      6.970     5.6068     5.6079     5.6063    29.4634    29.4855  1023.2572    23.2247    298.582    280.748  315.75618     94.561     88.930     0.1905     0.7949     4.0256     0.6301 4.0979e+01        961     0.6667  0.000e+00
      6.899   70.84866 -163.18438      6.970     5.6058     5.6078     5.6053    29.4562    29.4825  1023.2516    23.2192    298.628    280.748  315.78025     94.568     88.927     0.1905     0.7949     4.0256     0.6301 4.0979e+01        962     0.6674  0.000e+00
      6.899   70.84866 -163.18438      6.970     5.6050     5.6076     5.6045    29.4555    29.4797  1023.2512    23.2188    298.628    280.561  315.78762     94.566     88.866     0.1917     0.8022     4.0281     0.6277 4.1094e+01        963     0.6681  0.000e+00
      6.899   70.84866 -163.18438      6.970     5.6048     5.6075     5.6043    29.4559    29.4782  1023.2515    23.2191    298.652    280.735  315.78830     94.574     88.920     0.1905     0.7949     4.0281     0.6277 4.0979e+01        964     0.6687  0.000e+00
      6.899   70.84866 -163.18438      6.970     5.6052     5.6076     5.6047    29.4542    29.4776  1023.2501    23.2176    298.678    280.556  315.78971     94.581     88.863     0.1905     0.7949     4.0281     0.6277 4.0979e+01        965     0.6694  0.000e+00
      6.960   70.84866 -163.18438      7.032     5.6050     5.6086     5.6045    29.4485    29.4768  1023.2459    23.2132    298.720    280.536  315.80413     94.590     88.859     0.1917     0.8022     4.0281     0.6277 4.0979e+01        966     0.6701  0.000e+00
