EcoFOCI/data/1_SampleCollection/2023_SikuliaqDBO_CruiseData/CTD_raw_BottleFile_SKQ23-12S/proc/skq202312s_041svp.cnv
* Sea-Bird SBE 9 Data File:
* FileName = D:\CTD\SKQ202312S\SKQ202312S_041.hex
* Software Version Seasave V 7.26.7.121
* Temperature SN = 6177
* Conductivity SN = 0369
* Number of Bytes Per Scan = 41
* Number of Voltage Words = 4
* Number of Scans Averaged by the Deck Unit = 1
* NMEA Latitude = 71 22.89 N
* NMEA Longitude = 160 50.39 W
* NMEA UTC (Time) = Sep 23 2023  21:13:19
* NMEA baud rate = 4800
** Ship: R/V Sikuliaq
** Station Number: 041
** Station Name: DBO4.2na
** Bottom Depth: 47
** Operator: SS
# nquan = 7
# nvalues = 4249                                  
# units = specified
# name 0 = depSM: Depth [salt water, m]
# name 1 = latitude: Latitude [deg]
# name 2 = longitude: Longitude [deg]
# name 3 = t090C: Temperature [ITS-90, deg C]
# name 4 = sal00: Salinity, Practical [PSU]
# name 5 = svCM: Sound Velocity [Chen-Millero, m/s]
# name 6 = flag:  0.000e+00
# span 0 =      2.260,     41.999                 
# span 1 =   71.38148,   71.38148                 
# span 2 = -160.83978, -160.83978                 
# span 3 =    -1.6599,     2.3096                 
# span 4 =    27.1591,    32.6568                 
# span 5 =    1438.58,    1449.46                 
# span 6 = 0.0000e+00, 0.0000e+00                 
# interval = seconds: 0.0416667
# start_time = Sep 23 2023 21:16:43 [NMEA time, first data scan]
# bad_flag = -9.990e-29
*END*
[from data line 2257]
     25.681   71.38148 -160.83978    -1.6552    32.6252    1438.58  0.000e+00
     25.758   71.38148 -160.83978    -1.6555    32.6249    1438.58  0.000e+00
     25.743   71.38148 -160.83978    -1.6552    32.6250    1438.58  0.000e+00
     25.820   71.38148 -160.83978    -1.6556    32.6256    1438.58  0.000e+00
     25.742   71.38148 -160.83978    -1.6554    32.6248    1438.58  0.000e+00
     25.874   71.38148 -160.83978    -1.6556    32.6250    1438.58  0.000e+00
     25.858   71.38148 -160.83978    -1.6556    32.6252    1438.58  0.000e+00
     25.858   71.38148 -160.83978    -1.6554    32.6250    1438.58  0.000e+00
     25.874   71.38148 -160.83978    -1.6556    32.6252    1438.58  0.000e+00
     25.912   71.38148 -160.83978    -1.6556    32.6248    1438.58  0.000e+00
     25.935   71.38148 -160.83978    -1.6559    32.6253    1438.58  0.000e+00
     25.974   71.38148 -160.83978    -1.6557    32.6254    1438.58  0.000e+00
     25.989   71.38148 -160.83978    -1.6556    32.6252    1438.58  0.000e+00
     25.974   71.38148 -160.83978    -1.6556    32.6249    1438.58  0.000e+00
     25.974   71.38148 -160.83978    -1.6557    32.6250    1438.58  0.000e+00
     26.043   71.38148 -160.83978    -1.6556    32.6250    1438.58  0.000e+00
     26.082   71.38148 -160.83978    -1.6559    32.6254    1438.58  0.000e+00
     26.043   71.38148 -160.83978    -1.6559    32.6254    1438.58  0.000e+00
     26.143   71.38148 -160.83978    -1.6561    32.6253    1438.58  0.000e+00
     26.105   71.38148 -160.83978    -1.6562    32.6254    1438.58  0.000e+00
     26.143   71.38148 -160.83978    -1.6559    32.6253    1438.59  0.000e+00
     26.105   71.38148 -160.83978    -1.6561    32.6252    1438.58  0.000e+00
     26.197   71.38148 -160.83978    -1.6561    32.6250    1438.58  0.000e+00
     26.197   71.38148 -160.83978    -1.6562    32.6251    1438.58  0.000e+00
     26.220   71.38148 -160.83978    -1.6563    32.6253    1438.58  0.000e+00
     26.197   71.38148 -160.83978    -1.6565    32.6256    1438.58  0.000e+00
     26.274   71.38148 -160.83978    -1.6565    32.6256    1438.59  0.000e+00
     26.313   71.38148 -160.83978    -1.6565    32.6254    1438.59  0.000e+00
     26.220   71.38148 -160.83978    -1.6562    32.6252    1438.59  0.000e+00
     26.313   71.38148 -160.83978    -1.6566    32.6256    1438.58  0.000e+00
     26.375   71.38148 -160.83978    -1.6565    32.6259    1438.59  0.000e+00
     26.336   71.38148 -160.83978    -1.6564    32.6259    1438.59  0.000e+00
     26.429   71.38148 -160.83978    -1.6563    32.6257    1438.59  0.000e+00
     26.336   71.38148 -160.83978    -1.6565    32.6259    1438.59  0.000e+00
     26.429   71.38148 -160.83978    -1.6565    32.6260    1438.59  0.000e+00
     26.444   71.38148 -160.83978    -1.6565    32.6259    1438.59  0.000e+00
     26.428   71.38148 -160.83978    -1.6565    32.6260    1438.59  0.000e+00
     26.506   71.38148 -160.83978    -1.6562    32.6258    1438.59  0.000e+00
     26.482   71.38148 -160.83978    -1.6563    32.6262    1438.59  0.000e+00
     26.544   71.38148 -160.83978    -1.6562    32.6256    1438.59  0.000e+00
     26.506   71.38148 -160.83978    -1.6561    32.6256    1438.59  0.000e+00
     26.544   71.38148 -160.83978    -1.6562    32.6257    1438.59  0.000e+00
     26.560   71.38148 -160.83978    -1.6565    32.6263    1438.59  0.000e+00
     26.598   71.38148 -160.83978    -1.6562    32.6257    1438.59  0.000e+00
     26.621   71.38148 -160.83978    -1.6563    32.6263    1438.59  0.000e+00
     26.660   71.38148 -160.83978    -1.6561    32.6263    1438.59  0.000e+00
     26.621   71.38148 -160.83978    -1.6562    32.6259    1438.59  0.000e+00
     26.660   71.38148 -160.83978    -1.6563    32.6262    1438.59  0.000e+00
     26.714   71.38148 -160.83978    -1.6557    32.6257    1438.60  0.000e+00
     26.737   71.38148 -160.83978    -1.6561    32.6261    1438.60  0.000e+00
     26.714   71.38148 -160.83978    -1.6558    32.6258    1438.60  0.000e+00
     26.737   71.38148 -160.83978    -1.6557    32.6257    1438.60  0.000e+00
     26.775   71.38148 -160.83978    -1.6557    32.6259    1438.60  0.000e+00
     26.791   71.38148 -160.83978    -1.6559    32.6259    1438.60  0.000e+00
     26.775   71.38148 -160.83978    -1.6556    32.6262    1438.60  0.000e+00
     26.845   71.38148 -160.83978    -1.6554    32.6259    1438.60  0.000e+00
     26.829   71.38148 -160.83978    -1.6559    32.6264    1438.60  0.000e+00
     26.906   71.38148 -160.83978    -1.6556    32.6264    1438.60  0.000e+00
     26.883   71.38148 -160.83978    -1.6556    32.6262    1438.60  0.000e+00
     26.883   71.38148 -160.83978    -1.6556    32.6262    1438.60  0.000e+00
     26.906   71.38148 -160.83978    -1.6558    32.6266    1438.60  0.000e+00
     26.945   71.38148 -160.83978    -1.6556    32.6263    1438.60  0.000e+00
     27.022   71.38148 -160.83978    -1.6556    32.6265    1438.60  0.000e+00
     26.945   71.38148 -160.83978    -1.6554    32.6264    1438.60  0.000e+00
     27.022   71.38148 -160.83978    -1.6554    32.6261    1438.60  0.000e+00
     26.999   71.38148 -160.83978    -1.6556    32.6262    1438.60  0.000e+00
     27.076   71.38148 -160.83978    -1.6554    32.6260    1438.60  0.000e+00
     27.061   71.38148 -160.83978    -1.6556    32.6266    1438.60  0.000e+00
     27.076   71.38148 -160.83978    -1.6554    32.6264    1438.60  0.000e+00
     27.115   71.38148 -160.83978    -1.6557    32.6268    1438.60  0.000e+00
     27.115   71.38148 -160.83978    -1.6555    32.6264    1438.60  0.000e+00
     27.138   71.38148 -160.83978    -1.6556    32.6265    1438.60  0.000e+00
     27.176   71.38148 -160.83978    -1.6556    32.6269    1438.61  0.000e+00
     27.192   71.38148 -160.83978    -1.6554    32.6264    1438.61  0.000e+00
     27.230   71.38148 -160.83978    -1.6556    32.6264    1438.61  0.000e+00
     27.192   71.38148 -160.83978    -1.6556    32.6264    1438.61  0.000e+00
     27.284   71.38148 -160.83978    -1.6554    32.6262    1438.61  0.000e+00
     27.246   71.38148 -160.83978    -1.6556    32.6264    1438.61  0.000e+00
     27.284   71.38148 -160.83978    -1.6557    32.6267    1438.61  0.000e+00
     27.307   71.38148 -160.83978    -1.6557    32.6268    1438.61  0.000e+00
     27.400   71.38148 -160.83978    -1.6555    32.6267    1438.61  0.000e+00
     27.361   71.38148 -160.83978    -1.6559    32.6268    1438.61  0.000e+00
     27.346   71.38148 -160.83978    -1.6557    32.6265    1438.61  0.000e+00
     27.461   71.38148 -160.83978    -1.6561    32.6272    1438.61  0.000e+00
     27.423   71.38148 -160.83978    -1.6559    32.6272    1438.61  0.000e+00
     27.461   71.38148 -160.83978    -1.6562    32.6275    1438.61  0.000e+00
     27.477   71.38148 -160.83978    -1.6561    32.6269    1438.61  0.000e+00
     27.461   71.38148 -160.83978    -1.6561    32.6268    1438.61  0.000e+00
     27.531   71.38148 -160.83978    -1.6563    32.6268    1438.61  0.000e+00
     27.515   71.38148 -160.83978    -1.6563    32.6270    1438.61  0.000e+00
     27.592   71.38148 -160.83978    -1.6566    32.6273    1438.61  0.000e+00
     27.577   71.38148 -160.83978    -1.6566    32.6273    1438.61  0.000e+00
     27.646   71.38148 -160.83978    -1.6566    32.6270    1438.61  0.000e+00
     27.577   71.38148 -160.83978    -1.6566    32.6270    1438.61  0.000e+00
     27.646   71.38148 -160.83978    -1.6568    32.6267    1438.61  0.000e+00
     27.685   71.38148 -160.83978    -1.6569    32.6269    1438.61  0.000e+00
     27.685   71.38148 -160.83978    -1.6571    32.6276    1438.61  0.000e+00
     27.762   71.38148 -160.83978    -1.6573    32.6275    1438.61  0.000e+00
     27.685   71.38148 -160.83978    -1.6573    32.6274    1438.61  0.000e+00
     27.824   71.38148 -160.83978    -1.6573    32.6274    1438.61  0.000e+00
     27.747   71.38148 -160.83978    -1.6574    32.6275    1438.61  0.000e+00
     27.824   71.38148 -160.83978    -1.6577    32.6272    1438.61  0.000e+00
     27.801   71.38148 -160.83978    -1.6576    32.6270    1438.61  0.000e+00
     27.878   71.38148 -160.83978    -1.6576    32.6272    1438.61  0.000e+00
     27.862   71.38148 -160.83978    -1.6578    32.6274    1438.61  0.000e+00
     27.932   71.38148 -160.83978    -1.6580    32.6275    1438.61  0.000e+00
     27.916   71.38148 -160.83978    -1.6582    32.6279    1438.61  0.000e+00
     27.932   71.38148 -160.83978    -1.6580    32.6271    1438.61  0.000e+00
     27.978   71.38148 -160.83978    -1.6584    32.6275    1438.61  0.000e+00
     27.993   71.38148 -160.83978    -1.6582    32.6274    1438.61  0.000e+00
     28.032   71.38148 -160.83978    -1.6582    32.6277    1438.61  0.000e+00
     28.047   71.38148 -160.83978    -1.6583    32.6278    1438.61  0.000e+00
     28.032   71.38148 -160.83978    -1.6582    32.6272    1438.61  0.000e+00
     28.109   71.38148 -160.83978    -1.6585    32.6275    1438.61  0.000e+00
     28.086   71.38148 -160.83978    -1.6583    32.6276    1438.61  0.000e+00
     28.086   71.38148 -160.83978    -1.6585    32.6275    1438.61  0.000e+00
     28.225   71.38148 -160.83978    -1.6583    32.6273    1438.61  0.000e+00
     28.148   71.38148 -160.83978    -1.6586    32.6277    1438.61  0.000e+00
     28.225   71.38148 -160.83978    -1.6584    32.6272    1438.61  0.000e+00
     28.263   71.38148 -160.83978    -1.6586    32.6277    1438.61  0.000e+00
     28.225   71.38148 -160.83978    -1.6585    32.6276    1438.61  0.000e+00
     28.263   71.38148 -160.83978    -1.6585    32.6277    1438.61  0.000e+00
     28.333   71.38148 -160.83978    -1.6585    32.6282    1438.61  0.000e+00
     28.317   71.38148 -160.83978    -1.6583    32.6279    1438.61  0.000e+00
     28.333   71.38148 -160.83978    -1.6580    32.6275    1438.61  0.000e+00
     28.379   71.38148 -160.83978    -1.6586    32.6284    1438.61  0.000e+00
     28.394   71.38148 -160.83978    -1.6583    32.6272    1438.61  0.000e+00
     28.433   71.38148 -160.83978    -1.6584    32.6277    1438.61  0.000e+00
     28.448   71.38148 -160.83978    -1.6585    32.6280    1438.61  0.000e+00
     28.433   71.38148 -160.83978    -1.6583    32.6275    1438.61  0.000e+00
     28.510   71.38148 -160.83978    -1.6585    32.6278    1438.61  0.000e+00
     28.487   71.38148 -160.83978    -1.6585    32.6277    1438.61  0.000e+00
     28.564   71.38148 -160.83978    -1.6586    32.6277    1438.62  0.000e+00
     28.548   71.38148 -160.83978    -1.6585    32.6280    1438.62  0.000e+00
     28.564   71.38148 -160.83978    -1.6585    32.6279    1438.62  0.000e+00
     28.664   71.38148 -160.83978    -1.6585    32.6278    1438.62  0.000e+00
     28.626   71.38148 -160.83978    -1.6581    32.6274    1438.62  0.000e+00
     28.664   71.38148 -160.83978    -1.6582    32.6279    1438.62  0.000e+00
     28.680   71.38148 -160.83978    -1.6583    32.6280    1438.62  0.000e+00
     28.664   71.38148 -160.83978    -1.6578    32.6278    1438.62  0.000e+00
     28.795   71.38148 -160.83978    -1.6577    32.6278    1438.62  0.000e+00
     28.718   71.38148 -160.83978    -1.6576    32.6281    1438.62  0.000e+00
     28.795   71.38148 -160.83978    -1.6574    32.6280    1438.63  0.000e+00
     28.834   71.38148 -160.83978    -1.6569    32.6279    1438.63  0.000e+00
     28.849   71.38148 -160.83978    -1.6568    32.6283    1438.63  0.000e+00
     28.834   71.38148 -160.83978    -1.6566    32.6284    1438.63  0.000e+00
     28.911   71.38148 -160.83978    -1.6561    32.6281    1438.63  0.000e+00
     28.949   71.38148 -160.83978    -1.6556    32.6281    1438.64  0.000e+00
     28.911   71.38148 -160.83978    -1.6554    32.6287    1438.64  0.000e+00
     28.949   71.38148 -160.83978    -1.6551    32.6286    1438.64  0.000e+00
     28.965   71.38148 -160.83978    -1.6547    32.6283    1438.64  0.000e+00
     29.065   71.38148 -160.83978    -1.6545    32.6279    1438.64  0.000e+00
     29.026   71.38148 -160.83978    -1.6545    32.6285    1438.64  0.000e+00
     29.065   71.38148 -160.83978    -1.6545    32.6278    1438.64  0.000e+00
     29.080   71.38148 -160.83978    -1.6545    32.6278    1438.64  0.000e+00
     29.065   71.38148 -160.83978    -1.6550    32.6282    1438.64  0.000e+00
     29.134   71.38148 -160.83978    -1.6550    32.6278    1438.64  0.000e+00
     29.181   71.38148 -160.83978    -1.6552    32.6278    1438.64  0.000e+00
     29.196   71.38148 -160.83978    -1.6556    32.6279    1438.64  0.000e+00
     29.181   71.38148 -160.83978    -1.6559    32.6282    1438.64  0.000e+00
     29.196   71.38148 -160.83978    -1.6562    32.6278    1438.64  0.000e+00
     29.289   71.38148 -160.83978    -1.6565    32.6278    1438.64  0.000e+00
     29.250   71.38148 -160.83978    -1.6569    32.6281    1438.63  0.000e+00
     29.289   71.38148 -160.83978    -1.6573    32.6282    1438.63  0.000e+00
     29.312   71.38148 -160.83978    -1.6569    32.6275    1438.64  0.000e+00
     29.350   71.38148 -160.83978    -1.6575    32.6281    1438.63  0.000e+00
     29.366   71.38148 -160.83978    -1.6576    32.6281    1438.63  0.000e+00
     29.350   71.38148 -160.83978    -1.6578    32.6282    1438.63  0.000e+00
     29.420   71.38148 -160.83978    -1.6580    32.6283    1438.63  0.000e+00
     29.404   71.38148 -160.83978    -1.6583    32.6286    1438.63  0.000e+00
     29.481   71.38148 -160.83978    -1.6583    32.6281    1438.63  0.000e+00
     29.466   71.38148 -160.83978    -1.6585    32.6279    1438.63  0.000e+00
     29.481   71.38148 -160.83978    -1.6586    32.6280    1438.63  0.000e+00
     29.520   71.38148 -160.83978    -1.6588    32.6282    1438.63  0.000e+00
     29.535   71.38148 -160.83978    -1.6587    32.6281    1438.63  0.000e+00
     29.520   71.38148 -160.83978    -1.6589    32.6284    1438.63  0.000e+00
     29.597   71.38148 -160.83978    -1.6589    32.6281    1438.63  0.000e+00
     29.636   71.38148 -160.83978    -1.6588    32.6280    1438.63  0.000e+00
     29.597   71.38148 -160.83978    -1.6589    32.6283    1438.63  0.000e+00
     29.636   71.38148 -160.83978    -1.6589    32.6285    1438.63  0.000e+00
     29.651   71.38148 -160.83978    -1.6589    32.6283    1438.63  0.000e+00
     29.697   71.38148 -160.83978    -1.6591    32.6284    1438.63  0.000e+00
     29.713   71.38148 -160.83978    -1.6589    32.6278    1438.63  0.000e+00
     29.697   71.38148 -160.83978    -1.6590    32.6286    1438.63  0.000e+00
     29.767   71.38148 -160.83978    -1.6589    32.6283    1438.63  0.000e+00
     29.751   71.38148 -160.83978    -1.6588    32.6280    1438.63  0.000e+00
     29.767   71.38148 -160.83978    -1.6591    32.6281    1438.63  0.000e+00
     29.805   71.38148 -160.83978    -1.6589    32.6281    1438.63  0.000e+00
     29.821   71.38148 -160.83978    -1.6591    32.6283    1438.63  0.000e+00
     29.805   71.38148 -160.83978    -1.6591    32.6283    1438.63  0.000e+00
     29.882   71.38148 -160.83978    -1.6591    32.6285    1438.64  0.000e+00
     29.867   71.38148 -160.83978    -1.6586    32.6278    1438.64  0.000e+00
     29.882   71.38148 -160.83978    -1.6590    32.6282    1438.64  0.000e+00
     29.921   71.38148 -160.83978    -1.6589    32.6281    1438.64  0.000e+00
     29.936   71.38148 -160.83978    -1.6591    32.6282    1438.64  0.000e+00
     29.982   71.38148 -160.83978    -1.6589    32.6281    1438.64  0.000e+00
     29.936   71.38148 -160.83978    -1.6591    32.6278    1438.64  0.000e+00
     29.982   71.38148 -160.83978    -1.6591    32.6283    1438.64  0.000e+00
     29.998   71.38148 -160.83978    -1.6594    32.6285    1438.64  0.000e+00
     30.036   71.38148 -160.83978    -1.6591    32.6283    1438.64  0.000e+00
     30.052   71.38148 -160.83978    -1.6588    32.6284    1438.64  0.000e+00
     29.982   71.38148 -160.83978    -1.6590    32.6283    1438.64  0.000e+00
     30.168   71.38148 -160.83978    -1.6589    32.6280    1438.64  0.000e+00
     30.052   71.38148 -160.83978    -1.6591    32.6282    1438.64  0.000e+00
