EcoFOCI/data/1_SampleCollection/2023_SikuliaqDBO_CruiseData/CTD_raw_BottleFile_SKQ23-12S/proc/skq202312s_047.cnv
* Sea-Bird SBE 9 Data File:
* FileName = D:\CTD\SKQ202312S\SKQ202312S_047.hex
* Software Version Seasave V 7.26.7.121
* Temperature SN = 6177
* Conductivity SN = 0369
* Number of Bytes Per Scan = 41
* Number of Voltage Words = 4
* Number of Scans Averaged by the Deck Unit = 1
* NMEA Latitude = 71 43.16 N
* NMEA Longitude = 161 46.33 W
* NMEA UTC (Time) = Sep 25 2023  03:05:57
* NMEA baud rate = 4800
** Ship: R/V Sikuliaq
** Station Number: 047
** Station Name: DBO4.5n
** Bottom Depth: 44
** Operator: SS
# nquan = 24
# nvalues = 4426                                  
# units = specified
# name 0 = depSM: Depth [salt water, m]
# name 1 = latitude: Latitude [deg]
# name 2 = longitude: Longitude [deg]
# name 3 = prDM: Pressure, Digiquartz [db]
# name 4 = t090C: Temperature [ITS-90, deg C]
# name 5 = t190C: Temperature, 2 [ITS-90, deg C]
# name 6 = potemp090C: Potential Temperature [ITS-90, deg C]
# name 7 = sal00: Salinity, Practical [PSU]
# name 8 = sal11: Salinity, Practical, 2 [PSU]
# name 9 = density00: Density [density, kg/m^3]
# name 10 = sigma-é00: Density [sigma-theta, kg/m^3]
# name 11 = sbox0Mm/Kg: Oxygen, SBE 43 [umol/kg]
# name 12 = sbox1Mm/Kg: Oxygen, SBE 43, 2 [umol/kg]
# name 13 = oxsolMm/Kg: Oxygen Saturation, Garcia & Gordon [umol/kg]
# name 14 = sbeox0PS: Oxygen, SBE 43 [% saturation]
# name 15 = sbeox1PS: Oxygen, SBE 43, 2 [% saturation]
# name 16 = v0: Voltage 0
# name 17 = flECO-AFL: Fluorescence, WET Labs ECO-AFL/FL [mg/m^3]
# name 18 = v1: Voltage 1
# name 19 = CStarAt0: Beam Attenuation, WET Labs C-Star [1/m]
# name 20 = par: PAR/Irradiance, Biospherical/Licor
# name 21 = scan: Scan Count
# name 22 = timeM: Time, Elapsed [minutes]
# name 23 = flag:  0.000e+00
# span 0 =      2.553,     37.926                 
# span 1 =   71.71928,   71.71930                 
# span 2 = -161.77234, -161.77228                 
# span 3 =      2.579,     38.322                 
# span 4 =    -0.7205,     2.3194                 
# span 5 =    -0.7210,     2.3200                 
# span 6 =    -0.7210,     2.3189                 
# span 7 =    27.6069,    32.6544                 
# span 8 =    27.6335,    32.6662                 
# span 9 =  1022.0875,  1026.4219                 
# span 10 =    22.0579,    26.2392                
# span 11 =    288.827,    473.490                
# span 12 =    274.424,    447.819                
# span 13 =  345.07783,  361.78480                
# span 14 =     80.082,    130.885                
# span 15 =     76.082,    123.792                
# span 16 =     0.0952,     0.4554                
# span 17 =     0.2234,     2.3846                
# span 18 =     2.8278,     4.1722                
# span 19 =     0.4871,     2.0433                
# span 20 = 3.9846e-02, 3.9281e+01                
# span 21 =          1,       4426                
# span 22 =     0.0000,     3.0729                
# span 23 = 0.0000e+00, 0.0000e+00                
# interval = seconds: 0.0416667
# start_time = Sep 25 2023 03:09:44 [NMEA time, first data scan]
# bad_flag = -9.990e-29
*END*
[from data line 2657]
     23.898   71.71930 -161.77232     24.146    -0.6090    -0.6066    -0.6096    32.6520    32.6637  1026.3526    26.2367    304.459    292.717  360.10747     84.547     81.299     0.1758     0.7069     3.6020     1.0751 2.7011e+00       2658     1.8451  0.000e+00
     23.937   71.71930 -161.77232     24.185    -0.6095    -0.6066    -0.6101    32.6521    32.6636  1026.3529    26.2369    304.420    292.416  360.11144     84.535     81.215     0.1758     0.7069     3.5995     1.0778 2.6931e+00       2659     1.8458  0.000e+00
     23.937   71.71930 -161.77232     24.185    -0.6096    -0.6069    -0.6103    32.6522    32.6636  1026.3530    26.2369    304.377    292.306  360.11290     84.523     81.184     0.1770     0.7143     3.5702     1.1105 2.6852e+00       2660     1.8465  0.000e+00
     23.960   71.71930 -161.77232     24.209    -0.6099    -0.6070    -0.6106    32.6524    32.6640  1026.3532    26.2370    304.133    291.972  360.11514     84.454     81.091     0.1758     0.7069     3.5556     1.1269 2.6852e+00       2661     1.8472  0.000e+00
     23.998   71.71930 -161.77232     24.248    -0.6101    -0.6072    -0.6107    32.6525    32.6640  1026.3535    26.2371    304.091    291.863  360.11643     84.442     81.060     0.1770     0.7143     3.5543     1.1283 2.6852e+00       2662     1.8479  0.000e+00
     23.960   71.71930 -161.77232     24.209    -0.6099    -0.6077    -0.6106    32.6520    32.6639  1026.3529    26.2367    304.044    291.751  360.11622     84.429     81.028     0.1758     0.7069     3.5556     1.1269 2.6852e+00       2663     1.8486  0.000e+00
     24.052   71.71930 -161.77232     24.302    -0.6102    -0.6085    -0.6108    32.6522    32.6645  1026.3536    26.2370    304.046    291.643  360.11822     84.430     80.997     0.1770     0.7143     3.5568     1.1256 2.6852e+00       2664     1.8493  0.000e+00
     24.052   71.71930 -161.77232     24.302    -0.6097    -0.6088    -0.6104    32.6517    32.6644  1026.3531    26.2365    303.790    291.335  360.11552     84.359     80.911     0.1758     0.7069     3.5556     1.1269 2.6774e+00       2665     1.8500  0.000e+00
     24.075   71.71930 -161.77232     24.326    -0.6101    -0.6091    -0.6107    32.6519    32.6642  1026.3534    26.2367    303.737    291.217  360.11812     84.344     80.877     0.1758     0.7069     3.5556     1.1269 2.6617e+00       2666     1.8507  0.000e+00
     24.114   71.71930 -161.77232     24.365    -0.6102    -0.6094    -0.6108    32.6521    32.6641  1026.3538    26.2368    303.725    291.126  360.11869     84.340     80.851     0.1770     0.7143     3.5568     1.1256 2.6539e+00       2667     1.8514  0.000e+00
     24.129   71.71930 -161.77232     24.380    -0.6105    -0.6094    -0.6112    32.6521    32.6641  1026.3539    26.2368    303.413    291.029  360.12188     84.253     80.824     0.1758     0.7069     3.5556     1.1269 2.6539e+00       2668     1.8521  0.000e+00
     24.114   71.71930 -161.77232     24.365    -0.6110    -0.6095    -0.6116    32.6524    32.6641  1026.3541    26.2371    303.591    290.705  360.12528     84.302     80.734     0.1770     0.7143     3.5568     1.1256 2.6383e+00       2669     1.8528  0.000e+00
     24.168   71.71930 -161.77232     24.419    -0.6110    -0.6098    -0.6116    32.6520    32.6644  1026.3540    26.2368    303.357    290.602  360.12646     84.236     80.705     0.1746     0.6996     3.5568     1.1256 2.6306e+00       2670     1.8535  0.000e+00
     24.191   71.71930 -161.77232     24.442    -0.6112    -0.6096    -0.6118    32.6520    32.6640  1026.3541    26.2368    303.317    290.269  360.12820     84.225     80.613     0.1746     0.6996     3.5556     1.1269 2.6306e+00       2671     1.8542  0.000e+00
     24.222   71.71930 -161.77232     24.474    -0.6113    -0.6099    -0.6119    32.6521    32.6640  1026.3544    26.2369    303.018    290.126  360.12875     84.141     80.572     0.1734     0.6923     3.5556     1.1269 2.6229e+00       2672     1.8549  0.000e+00
     24.191   71.71930 -161.77232     24.442    -0.6114    -0.6098    -0.6121    32.6523    32.6639  1026.3543    26.2370    302.958    290.003  360.13004     84.125     80.538     0.1746     0.6996     3.5556     1.1269 2.6229e+00       2673     1.8556  0.000e+00
     24.284   71.71930 -161.77232     24.536    -0.6118    -0.6096    -0.6124    32.6522    32.6638  1026.3547    26.2370    302.896    289.877  360.13349     84.106     80.503     0.1734     0.6923     3.5568     1.1256 2.6229e+00       2674     1.8563  0.000e+00
     24.299   71.71930 -161.77232     24.551    -0.6122    -0.6100    -0.6129    32.6525    32.6640  1026.3551    26.2373    302.369    289.775  360.13694     83.959     80.475     0.1734     0.6923     3.5556     1.1269 2.5999e+00       2675     1.8569  0.000e+00
     24.284   71.71930 -161.77232     24.536    -0.6122    -0.6100    -0.6129    32.6519    32.6640  1026.3545    26.2368    302.238    289.663  360.13860     83.923     80.443     0.1746     0.6996     3.5556     1.1269 2.5922e+00       2676     1.8576  0.000e+00
     24.284   71.71930 -161.77232     24.536    -0.6127    -0.6100    -0.6133    32.6524    32.6639  1026.3549    26.2372    302.099    289.574  360.14166     83.883     80.418     0.1734     0.6923     3.5568     1.1256 2.5922e+00       2677     1.8583  0.000e+00
     24.361   71.71930 -161.77232     24.614    -0.6128    -0.6103    -0.6135    32.6521    32.6638  1026.3551    26.2369    302.246    289.259  360.14349     83.924     80.331     0.1746     0.6996     3.5556     1.1269 2.5846e+00       2678     1.8590  0.000e+00
     24.399   71.71930 -161.77232     24.653    -0.6130    -0.6107    -0.6136    32.6518    32.6638  1026.3551    26.2367    302.225    289.159  360.14586     83.917     80.302     0.1734     0.6923     3.5556     1.1269 2.5770e+00       2679     1.8597  0.000e+00
     24.361   71.71930 -161.77232     24.614    -0.6133    -0.6112    -0.6140    32.6524    32.6639  1026.3554    26.2372    302.186    289.047  360.14741     83.906     80.270     0.1746     0.6996     3.5336     1.1518 2.5770e+00       2680     1.8604  0.000e+00
     24.399   71.71930 -161.77232     24.653    -0.6133    -0.6113    -0.6140    32.6522    32.6641  1026.3554    26.2370    301.886    288.925  360.14807     83.823     80.236     0.1734     0.6923     3.5165     1.1712 2.5619e+00       2681     1.8611  0.000e+00
     24.453   71.71930 -161.77232     24.707    -0.6134    -0.6117    -0.6141    32.6523    32.6646  1026.3557    26.2371    302.070    288.572  360.14890     83.874     80.137     0.1734     0.6923     3.5140     1.1739 2.5469e+00       2682     1.8618  0.000e+00
     24.476   71.71930 -161.77232     24.731    -0.6136    -0.6119    -0.6143    32.6524    32.6641  1026.3559    26.2372    301.785    288.462  360.15028     83.794     80.106     0.1746     0.6996     3.5153     1.1726 2.5469e+00       2683     1.8625  0.000e+00
     24.453   71.71930 -161.77232     24.707    -0.6133    -0.6127    -0.6140    32.6526    32.6643  1026.3560    26.2374    301.977    288.342  360.14696     83.848     80.071     0.1734     0.6923     3.5153     1.1726 2.5394e+00       2684     1.8632  0.000e+00
     24.530   71.71930 -161.77232     24.785    -0.6134    -0.6133    -0.6141    32.6525    32.6650  1026.3563    26.2373    301.753    288.244  360.14819     83.786     80.043     0.1746     0.6996     3.5165     1.1712 2.5319e+00       2685     1.8639  0.000e+00
     24.515   71.71930 -161.77232     24.770    -0.6136    -0.6132    -0.6143    32.6525    32.6643  1026.3562    26.2373    301.711    288.128  360.14987     83.774     80.011     0.1734     0.6923     3.5165     1.1712 2.5319e+00       2686     1.8646  0.000e+00
     24.515   71.71930 -161.77232     24.770    -0.6138    -0.6131    -0.6144    32.6522    32.6646  1026.3559    26.2370    301.652    287.809  360.15254     83.757     79.922     0.1746     0.6996     3.5165     1.1712 2.5245e+00       2687     1.8653  0.000e+00
     24.592   71.71930 -161.77232     24.848    -0.6139    -0.6133    -0.6145    32.6521    32.6649  1026.3563    26.2370    301.325    287.958  360.15376     83.666     79.963     0.1734     0.6923     3.5153     1.1726 2.5171e+00       2688     1.8660  0.000e+00
     24.623   71.71930 -161.77232     24.879    -0.6143    -0.6133    -0.6150    32.6521    32.6646  1026.3564    26.2370    301.228    287.840  360.15808     83.638     79.931     0.1734     0.6923     3.5153     1.1726 2.5097e+00       2689     1.8667  0.000e+00
     24.592   71.71930 -161.77232     24.847    -0.6150    -0.6133    -0.6156    32.6520    32.6644  1026.3562    26.2370    301.110    287.767  360.16424     83.603     79.910     0.1734     0.6923     3.5165     1.1712 2.5097e+00       2690     1.8674  0.000e+00
     24.685   71.71930 -161.77232     24.941    -0.6158    -0.6132    -0.6165    32.6527    32.6643  1026.3572    26.2375    301.021    287.684  360.17065     83.577     79.887     0.1734     0.6923     3.5165     1.1712 2.4949e+00       2691     1.8681  0.000e+00
     24.646   71.71930 -161.77232     24.902    -0.6165    -0.6136    -0.6172    32.6530    32.6652  1026.3574    26.2378    300.952    287.614  360.17608     83.557     79.867     0.1746     0.6996     3.5165     1.1712 2.4876e+00       2692     1.8687  0.000e+00
     24.685   71.71930 -161.77232     24.941    -0.6168    -0.6142    -0.6175    32.6525    32.6652  1026.3572    26.2374    300.861    287.567  360.18076     83.531     79.853     0.1734     0.6923     3.5165     1.1712 2.4876e+00       2693     1.8694  0.000e+00
     24.685   71.71930 -161.77232     24.941    -0.6171    -0.6147    -0.6178    32.6529    32.6648  1026.3574    26.2377    300.790    287.503  360.18248     83.510     79.834     0.1746     0.6996     3.5153     1.1726 2.4657e+00       2694     1.8701  0.000e+00
     24.762   71.71930 -161.77232     25.019    -0.6176    -0.6155    -0.6182    32.6529    32.6649  1026.3579    26.2378    300.948    287.458  360.18664     83.553     79.820     0.1722     0.6850     3.5153     1.1726 2.4512e+00       2695     1.8708  0.000e+00
     24.738   71.71930 -161.77232     24.996    -0.6182    -0.6157    -0.6189    32.6531    32.6650  1026.3579    26.2379    300.670    287.390  360.19222     83.475     79.801     0.1636     0.6337     3.5165     1.1712 2.4440e+00       2696     1.8715  0.000e+00
     24.762   71.71930 -161.77232     25.019    -0.6187    -0.6163    -0.6193    32.6531    32.6651  1026.3581    26.2380    300.617    287.087  360.19641     83.459     79.715     0.1587     0.6044     3.5153     1.1726 2.4440e+00       2697     1.8722  0.000e+00
     24.800   71.71930 -161.77232     25.058    -0.6192    -0.6168    -0.6199    32.6535    32.6650  1026.3586    26.2383    300.634    286.989  360.20076     83.463     79.687     0.1600     0.6117     3.5165     1.1712 2.4440e+00       2698     1.8729  0.000e+00
     24.816   71.71930 -161.77232     25.073    -0.6190    -0.6174    -0.6197    32.6531    32.6652  1026.3583    26.2380    300.572    286.905  360.19979     83.446     79.662     0.1612     0.6190     3.5165     1.1712 2.4440e+00       2699     1.8736  0.000e+00
     24.854   71.71930 -161.77232     25.112    -0.6193    -0.6179    -0.6199    32.6530    32.6655  1026.3585    26.2379    300.534    286.802  360.20266     83.435     79.633     0.1612     0.6190     3.4896     1.2018 2.4368e+00       2700     1.8743  0.000e+00
     24.854   71.71930 -161.77232     25.112    -0.6191    -0.6180    -0.6198    32.6528    32.6655  1026.3583    26.2378    300.462    286.709  360.20155     83.415     79.607     0.1612     0.6190     3.4554     1.2412 2.4296e+00       2701     1.8750  0.000e+00
     24.877   71.71930 -161.77232     25.136    -0.6197    -0.6183    -0.6204    32.6532    32.6652  1026.3587    26.2381    300.461    286.852  360.20649     83.414     79.646     0.1600     0.6117     3.4481     1.2497 2.4225e+00       2702     1.8757  0.000e+00
     24.916   71.71930 -161.77232     25.175    -0.6197    -0.6188    -0.6204    32.6527    32.6658  1026.3586    26.2377    300.381    286.563  360.20775     83.391     79.565     0.1612     0.6190     3.4493     1.2483 2.4082e+00       2703     1.8764  0.000e+00
     24.877   71.71930 -161.77232     25.136    -0.6203    -0.6194    -0.6210    32.6532    32.6659  1026.3587    26.2381    300.317    286.696  360.21197     83.372     79.601     0.1600     0.6117     3.4505     1.2469 2.3941e+00       2704     1.8771  0.000e+00
     24.970   71.71930 -161.77232     25.229    -0.6206    -0.6200    -0.6213    32.6533    32.6657  1026.3593    26.2382    300.271    286.654  360.21482     83.359     79.588     0.1612     0.6190     3.4518     1.2455 2.3941e+00       2705     1.8778  0.000e+00
     24.970   71.71930 -161.77232     25.229    -0.6213    -0.6205    -0.6219    32.6536    32.6655  1026.3596    26.2385    299.990    286.586  360.21984     83.280     79.568     0.1600     0.6117     3.4505     1.2469 2.3870e+00       2706     1.8785  0.000e+00
     24.993   71.71930 -161.77232     25.253    -0.6217    -0.6212    -0.6224    32.6533    32.6662  1026.3594    26.2382    300.131    286.748  360.22522     83.318     79.612     0.1612     0.6190     3.4518     1.2455 2.3870e+00       2707     1.8792  0.000e+00
     24.970   71.71930 -161.77232     25.229    -0.6219    -0.6211    -0.6226    32.6531    32.6658  1026.3592    26.2381    300.079    286.469  360.22737     83.303     79.534     0.1612     0.6190     3.4518     1.2455 2.3870e+00       2708     1.8799  0.000e+00
     25.047   71.71930 -161.77232     25.307    -0.6223    -0.6212    -0.6230    32.6540    32.6658  1026.3604    26.2389    300.043    286.393  360.22901     83.292     79.513     0.1600     0.6117     3.4518     1.2455 2.3730e+00       2709     1.8806  0.000e+00
     25.024   71.71930 -161.77232     25.284    -0.6226    -0.6216    -0.6233    32.6538    32.6661  1026.3601    26.2387    299.970    286.291  360.23238     83.271     79.484     0.1612     0.6190     3.4505     1.2469 2.3590e+00       2710     1.8813  0.000e+00
     25.101   71.71930 -161.77232     25.362    -0.6230    -0.6215    -0.6236    32.6537    32.6658  1026.3604    26.2387    299.913    286.197  360.23580     83.255     79.458     0.1600     0.6117     3.4505     1.2469 2.3451e+00       2711     1.8819  0.000e+00
     25.085   71.71930 -161.77232     25.346    -0.6228    -0.6217    -0.6235    32.6534    32.6658  1026.3600    26.2384    299.860    286.107  360.23515     83.240     79.432     0.1612     0.6190     3.4518     1.2455 2.3382e+00       2712     1.8826  0.000e+00
     25.085   71.71930 -161.77232     25.346    -0.6230    -0.6218    -0.6236    32.6535    32.6660  1026.3601    26.2384    299.821    286.244  360.23661     83.229     79.470     0.1600     0.6117     3.4518     1.2455 2.3313e+00       2713     1.8833  0.000e+00
     25.101   71.71930 -161.77232     25.362    -0.6231    -0.6218    -0.6238    32.6537    32.6659  1026.3604    26.2386    299.995    286.164  360.23750     83.277     79.448     0.1600     0.6117     3.4518     1.2455 2.3244e+00       2714     1.8840  0.000e+00
     25.201   71.71930 -161.77232     25.463    -0.6230    -0.6220    -0.6236    32.6540    32.6661  1026.3611    26.2389    299.724    286.091  360.23501     83.202     79.428     0.1612     0.6190     3.4505     1.2469 2.3244e+00       2715     1.8847  0.000e+00
     25.101   71.71930 -161.77232     25.362    -0.6227    -0.6218    -0.6234    32.6536    32.6657  1026.3603    26.2385    299.661    286.014  360.23408     83.185     79.406     0.1600     0.6117     3.4518     1.2455 2.3107e+00       2716     1.8854  0.000e+00
