EcoFOCI/data/1_SampleCollection/2023_SikuliaqDBO_CruiseData/CTD_raw_BottleFile_SKQ23-12S/proc/skq202312s_004avg.cnv
* Sea-Bird SBE 9 Data File:
* FileName = D:\CTD\SKQ202312S\SKQ202312S_004.hex
* Software Version Seasave V 7.26.7.121
* Temperature SN = 6177
* Conductivity SN = 0369
* Number of Bytes Per Scan = 41
* Number of Voltage Words = 4
* Number of Scans Averaged by the Deck Unit = 1
* NMEA Latitude = 62 13.13 N
* NMEA Longitude = 174 52.60 W
* NMEA UTC (Time) = Sep 15 2023  19:57:17
* NMEA baud rate = 4800
** Ship: R/V Sikuliaq
** Station Number: 004
** Station Name: DBO1.3
** Bottom Depth: 75
** Operator: SS
** Dry cast
# nquan = 25
# nvalues = 70                          
# units = specified
# name 0 = depSM: Depth [salt water, m]
# name 1 = latitude: Latitude [deg]
# name 2 = longitude: Longitude [deg]
# name 3 = prDM: Pressure, Digiquartz [db]
# name 4 = t090C: Temperature [ITS-90, deg C]
# name 5 = t190C: Temperature, 2 [ITS-90, deg C]
# name 6 = potemp090C: Potential Temperature [ITS-90, deg C]
# name 7 = sal00: Salinity, Practical [PSU]
# name 8 = sal11: Salinity, Practical, 2 [PSU]
# name 9 = density00: Density [density, kg/m^3]
# name 10 = sigma-é00: Density [sigma-theta, kg/m^3]
# name 11 = sbox0Mm/Kg: Oxygen, SBE 43 [umol/kg]
# name 12 = sbox1Mm/Kg: Oxygen, SBE 43, 2 [umol/kg]
# name 13 = oxsolMm/Kg: Oxygen Saturation, Garcia & Gordon [umol/kg]
# name 14 = sbeox0PS: Oxygen, SBE 43 [% saturation]
# name 15 = sbeox1PS: Oxygen, SBE 43, 2 [% saturation]
# name 16 = v0: Voltage 0
# name 17 = flECO-AFL: Fluorescence, WET Labs ECO-AFL/FL [mg/m^3]
# name 18 = v1: Voltage 1
# name 19 = CStarAt0: Beam Attenuation, WET Labs C-Star [1/m]
# name 20 = par: PAR/Irradiance, Biospherical/Licor
# name 21 = scan: Scan Count
# name 22 = timeM: Time, Elapsed [minutes]
# name 23 = nbin: number of scans per bin
# name 24 = flag: flag
# span 0 =      1.981,     70.306       
# span 1 =   62.21878,   62.21880       
# span 2 = -174.87668, -174.87664       
# span 3 =      2.000,     71.000       
# span 4 =    -1.5482,     7.7765       
# span 5 =    -1.5469,     7.7771       
# span 6 =    -1.5493,     7.7750       
# span 7 =    30.8165,    31.9054       
# span 8 =    30.8268,    31.9205       
# span 9 =  1024.0446,  1025.9987       
# span 10 =    24.0311,    25.6599      
# span 11 =    283.060,    409.010      
# span 12 =    269.049,    395.285      
# span 13 =  297.13620,  371.46250      
# span 14 =     76.202,    116.339      
# span 15 =     72.443,    110.866      
# span 16 =     0.0630,     0.2581      
# span 17 =     0.0300,     1.2009      
# span 18 =     3.5260,     4.2615      
# span 19 =     0.4023,     1.1603      
# span 20 = 2.2760e-06, 1.4226e+02      
# span 21 =        188,       5538      
# span 22 =     0.1301,     3.8453      
# span 23 =         27,        374      
# span 24 = 0.0000e+00, 0.0000e+00      
# interval = decibars: 1                
# start_time = Sep 15 2023 20:01:28 [NMEA time, first data scan]
# bad_flag = -9.990e-29
*END*
[from data line 58]
     59.415   62.21880 -174.87666     60.000    -1.5478    -1.5466    -1.5488    31.9008    31.9131  1025.9462    25.6561    284.634    269.344  371.45685     76.626     72.520     0.0630     0.0300     3.5516     1.1314 9.8078e-04       4068     2.8240         38 0.0000e+00
     60.405   62.21880 -174.87666     61.000    -1.5469    -1.5451    -1.5479    31.9005    31.9124  1025.9508    25.6559    284.324    269.049  371.44879     76.544     72.443     0.0726     0.0879     3.5631     1.1184 9.8941e-05       4151     2.8822        126 0.0000e+00
     61.395   62.21880 -174.87666     62.000    -1.5480    -1.5469    -1.5490    31.9004    31.9124  1025.9556    25.6559    284.063    269.987  371.45999     76.472     72.692     0.0682     0.0613     3.5564     1.1260 2.4278e-06       4235     2.9405         42 0.0000e+00
     62.386   62.21880 -174.87666     63.000    -1.5475    -1.5457    -1.5485    31.9003    31.9120  1025.9603    25.6557    283.792    270.188  371.45533     76.400     72.748     0.0735     0.0928     3.5618     1.1200 3.4182e-06       4313     2.9944        114 0.0000e+00
     63.376   62.21880 -174.87666     64.000    -1.5480    -1.5469    -1.5491    31.9001    31.9119  1025.9650    25.6556    283.736    269.799  371.46117     76.384     72.641     0.0727     0.0884     3.5575     1.1247 3.4415e-06       4387     3.0455         32 0.0000e+00
     64.366   62.21880 -174.87666     65.000    -1.5481    -1.5468    -1.5492    31.9002    31.9118  1025.9699    25.6557    284.019    269.475  371.46181     76.460     72.554     0.0715     0.0810     3.5602     1.1218 3.0422e-06       4422     3.0703         45 0.0000e+00
     65.356   62.21880 -174.87666     66.000    -1.5459    -1.5453    -1.5470    31.8996    31.9106  1025.9742    25.6552    283.286    269.823  371.44148     76.267     72.650     0.0734     0.0923     3.5437     1.1404 3.6650e-06       5064     3.5163        374 0.0000e+00
     66.346   62.21880 -174.87665     67.000    -1.5479    -1.5467    -1.5490    31.8999    31.9109  1025.9793    25.6554    283.060    269.842  371.46085     76.202     72.652     0.0722     0.0850     3.5526     1.1303 4.0912e-06       5227     3.6291         29 0.0000e+00
     67.336   62.21880 -174.87664     68.000    -1.5480    -1.5467    -1.5491    31.8998    31.9108  1025.9840    25.6553    283.423    269.590  371.46189     76.299     72.584     0.0704     0.0748     3.5529     1.1300 4.5148e-06       5259     3.6511         41 0.0000e+00
     68.326   62.21880 -174.87666     69.000    -1.5444    -1.5426    -1.5456    31.8995    31.9104  1025.9885    25.6550    283.164    269.369  371.42686     76.237     72.533     0.0720     0.0837     3.5410     1.1434 2.2760e-06       5407     3.7541        159 0.0000e+00
     69.316   62.21880 -174.87666     70.000    -1.5472    -1.5457    -1.5484    31.8999    31.9108  1025.9938    25.6554    283.674    269.641  371.45354     76.369     72.600     0.0747     0.0999     3.5362     1.1488 4.0683e-06       5482     3.8060         50 0.0000e+00
     70.306   62.21880 -174.87666     71.000    -1.5481    -1.5469    -1.5493    31.9000    31.9109  1025.9987    25.6555    283.094    269.226  371.46250     76.211     72.486     0.0724     0.0862     3.5260     1.1603 3.8395e-06       5538     3.8453         37 0.0000e+00
