EcoFOCI/data/1_SampleCollection/2023_SikuliaqDBO_CruiseData/CTD_raw_BottleFile_SKQ23-12S/proc/skq202312s_035.ros
* Sea-Bird SBE 9 Data File:
* FileName = D:\CTD\SKQ202312S\SKQ202312S_035.hex
* Software Version Seasave V 7.26.7.121
* Temperature SN = 6177
* Conductivity SN = 0369
* Number of Bytes Per Scan = 41
* Number of Voltage Words = 4
* Number of Scans Averaged by the Deck Unit = 1
* NMEA Latitude = 71 45.08 N
* NMEA Longitude = 154 27.66 W
* NMEA UTC (Time) = Sep 22 2023  01:56:11
* NMEA baud rate = 4800
** Ship: R/V Sikuliaq
** Station Number: 035
** Station Name: BF2
** Bottom Depth: 88
** Operator: SD
# nquan = 22
# nvalues = 441                                   
# units = specified
# name 0 = depSM: Depth [salt water, m]
# name 1 = latitude: Latitude [deg]
# name 2 = longitude: Longitude [deg]
# name 3 = prDM: Pressure, Digiquartz [db]
# name 4 = t090C: Temperature [ITS-90, deg C]
# name 5 = t190C: Temperature, 2 [ITS-90, deg C]
# name 6 = potemp090C: Potential Temperature [ITS-90, deg C]
# name 7 = sal00: Salinity, Practical [PSU]
# name 8 = sal11: Salinity, Practical, 2 [PSU]
# name 9 = density00: Density [density, kg/m^3]
# name 10 = sigma-é00: Density [sigma-theta, kg/m^3]
# name 11 = sbox0Mm/Kg: Oxygen, SBE 43 [umol/kg]
# name 12 = sbox1Mm/Kg: Oxygen, SBE 43, 2 [umol/kg]
# name 13 = oxsolMm/Kg: Oxygen Saturation, Garcia & Gordon [umol/kg]
# name 14 = sbeox0PS: Oxygen, SBE 43 [% saturation]
# name 15 = v0: Voltage 0
# name 16 = flECO-AFL: Fluorescence, WET Labs ECO-AFL/FL [mg/m^3]
# name 17 = CStarAt0: Beam Attenuation, WET Labs C-Star [1/m]
# name 18 = par: PAR/Irradiance, Biospherical/Licor
# name 19 = scan: Scan Count
# name 20 = nbf: Bottles Fired
# name 21 = flag:  0.000e+00
# interval = seconds: 0.0416667
# start_time = Sep 22 2023 02:02:56 [NMEA time, first data scan]
# bad_flag = -9.990e-29
*END*
[from data line 330]
      9.954   71.75076 -154.45670     10.057     4.0545     4.0406     4.0539    28.4498    28.5908  1022.6224    22.5751    315.659    297.894  330.27448     95.575     0.2100     0.9121     1.2540 5.5758e+00      26475          7  0.000e+00
      9.954   71.75076 -154.45670     10.057     4.0550     4.0420     4.0544    28.4582    28.5763  1022.6291    22.5818    315.647    297.718  330.24960     95.578     0.2088     0.9047     1.2540 5.5758e+00      26476          7  0.000e+00
      9.954   71.75076 -154.45670     10.057     4.0553     4.0438     4.0547    28.4897    28.5579  1022.6541    22.6068    315.584    297.718  330.16878     95.583     0.2088     0.9047     1.2540 5.5758e+00      26477          7  0.000e+00
      9.923   71.75076 -154.45670     10.026     4.0537     4.0457     4.0531    28.5311    28.5413  1022.6869    22.6398    315.482    297.925  330.07867     95.578     0.2076     0.8974     1.2540 5.5918e+00      26478          7  0.000e+00
      9.893   71.75076 -154.45670      9.995     4.0507     4.0471     4.0501    28.5578    28.5302  1022.7082    22.6612    315.463    297.928  330.03679     95.584     0.2076     0.8974     1.2540 5.6079e+00      26479          7  0.000e+00
      9.954   71.75076 -154.45670     10.057     4.0484     4.0479     4.0478    28.5697    28.5270  1022.7181    22.6709    315.514    297.920  330.02638     95.603     0.2076     0.8974     1.2540 5.6079e+00      26480          7  0.000e+00
      9.839   71.75076 -154.45670      9.941     4.0458     4.0483     4.0452    28.5788    28.5315  1022.7251    22.6784    315.502    297.888  330.02403     95.600     0.2076     0.8974     1.2526 5.6402e+00      26481          7  0.000e+00
      9.893   71.75076 -154.45670      9.995     4.0449     4.0478     4.0443    28.5693    28.5385  1022.7179    22.6709    315.528    297.668  330.05528     95.598     0.2076     0.8974     1.2540 5.6402e+00      26482          7  0.000e+00
      9.893   71.75076 -154.45670      9.995     4.0451     4.0475     4.0446    28.5533    28.5442  1022.7051    22.6581    315.593    297.834  330.09308     95.607     0.2076     0.8974     1.2540 5.6564e+00      26483          7  0.000e+00
      9.893   71.75076 -154.45670      9.995     4.0461     4.0478     4.0456    28.5409    28.5491  1022.6952    22.6482    315.610    297.628  330.11568     95.606     0.2076     0.8974     1.2540 5.6890e+00      26484          7  0.000e+00
      9.808   71.75076 -154.45670      9.910     4.0469     4.0486     4.0464    28.5431    28.5469  1022.6965    22.6499    315.163    297.796  330.10385     95.474     0.2076     0.8974     1.2540 5.7217e+00      26485          7  0.000e+00
      9.839   71.75076 -154.45670      9.941     4.0471     4.0511     4.0465    28.5506    28.5252  1022.7026    22.6558    315.762    297.825  330.08388     95.661     0.2076     0.8974     1.2526 5.7217e+00      26486          7  0.000e+00
      9.839   71.75076 -154.45670      9.941     4.0469     4.0529     4.0463    28.5546    28.4934  1022.7058    22.6591    315.576    297.878  330.07559     95.607     0.2076     0.8974     1.2540 5.7712e+00      26487          7  0.000e+00
      2.494   71.75058 -154.45584      2.520     4.1310     4.1319     4.1309    28.0131    28.0232  1022.2336    22.2218    317.047    298.280  330.74138     95.859     0.2295     1.0293     0.9456 4.4721e+01      29502          8  0.000e+00
      2.494   71.75058 -154.45584      2.520     4.1309     4.1317     4.1307    28.0134    28.0237  1022.2339    22.2220    317.040    298.471  330.74196     95.857     0.2283     1.0220     0.9456 4.5356e+01      29503          8  0.000e+00
      2.494   71.75058 -154.45584      2.520     4.1307     4.1319     4.1305    28.0136    28.0234  1022.2340    22.2222    317.034    298.488  330.74272     95.855     0.2295     1.0293     0.9456 4.5484e+01      29504          8  0.000e+00
      2.432   71.75058 -154.45584      2.457     4.1307     4.1320     4.1306    28.0135    28.0235  1022.2337    22.2221    317.206    298.308  330.74293     95.907     0.2283     1.0220     0.9417 4.5870e+01      29505          8  0.000e+00
      2.432   71.75058 -154.45584      2.457     4.1309     4.1320     4.1307    28.0133    28.0236  1022.2335    22.2219    317.013    298.326  330.74226     95.849     0.2295     1.0293     0.9404 4.6521e+01      29506          8  0.000e+00
      2.432   71.75058 -154.45584      2.457     4.1310     4.1322     4.1309    28.0133    28.0231  1022.2335    22.2219    317.002    298.344  330.74095     95.846     0.2283     1.0220     0.9417 4.6784e+01      29507          8  0.000e+00
      2.494   71.75058 -154.45584      2.520     4.1305     4.1324     4.1304    28.0133    28.0231  1022.2339    22.2220    317.215    298.365  330.74457     95.909     0.2295     1.0293     0.9417 4.6916e+01      29508          8  0.000e+00
      2.378   71.75058 -154.45584      2.403     4.1310     4.1325     4.1309    28.0132    28.0232  1022.2332    22.2219    317.228    298.357  330.74107     95.914     0.2283     1.0220     0.9404 4.7448e+01      29509          8  0.000e+00
      2.378   71.75058 -154.45584      2.403     4.1309     4.1324     4.1307    28.0135    28.0233  1022.2334    22.2221    317.249    298.356  330.74165     95.921     0.2295     1.0293     0.9404 4.7582e+01      29510          8  0.000e+00
      2.379   71.75058 -154.45584      2.403     4.1307     4.1325     4.1306    28.0136    28.0230  1022.2335    22.2222    317.270    298.354  330.74259     95.926     0.2283     1.0220     0.9417 4.7716e+01      29511          8  0.000e+00
      2.433   71.75058 -154.45584      2.458     4.1307     4.1326     4.1306    28.0132    28.0232  1022.2335    22.2219    317.291    298.353  330.74356     95.933     0.2295     1.0293     0.9417 4.8257e+01      29512          8  0.000e+00
      2.317   71.75058 -154.45584      2.341     4.1307     4.1328     4.1306    28.0134    28.0234  1022.2331    22.2221    317.302    298.344  330.74307     95.936     0.2295     1.0293     0.9404 4.8394e+01      29513          8  0.000e+00
      2.379   71.75058 -154.45584      2.403     4.1302     4.1330     4.1301    28.0138    28.0233  1022.2337    22.2224    317.107    298.344  330.74596     95.876     0.2283     1.0220     0.9404 4.8394e+01      29514          8  0.000e+00
      2.317   71.75058 -154.45584      2.341     4.1309     4.1331     4.1307    28.0131    28.0230  1022.2328    22.2218    317.083    298.339  330.74267     95.870     0.2295     1.0293     0.9404 4.8667e+01      29515          8  0.000e+00
      2.379   71.75058 -154.45584      2.403     4.1307     4.1328     4.1306    28.0135    28.0231  1022.2334    22.2221    316.853    298.320  330.74296     95.800     0.2283     1.0220     0.9404 4.8804e+01      29516          8  0.000e+00
      2.317   71.75058 -154.45584      2.341     4.1307     4.1328     4.1306    28.0137    28.0230  1022.2333    22.2223    317.016    298.315  330.74252     95.850     0.2308     1.0366     0.9404 4.8804e+01      29517          8  0.000e+00
      2.379   71.75058 -154.45584      2.403     4.1307     4.1328     4.1306    28.0136    28.0231  1022.2335    22.2222    317.002    298.315  330.74259     95.846     0.2308     1.0366     0.9404 4.8804e+01      29518          8  0.000e+00
      2.317   71.75058 -154.45584      2.341     4.1305     4.1327     4.1304    28.0138    28.0231  1022.2334    22.2224    317.199    298.117  330.74346     95.905     0.2320     1.0439     0.9404 4.8942e+01      29519          8  0.000e+00
      2.317   71.75058 -154.45584      2.341     4.1310     4.1327     4.1309    28.0133    28.0231  1022.2329    22.2219    316.996    298.094  330.74091     95.844     0.2308     1.0366     0.9404 4.8942e+01      29520          8  0.000e+00
      2.379   71.75058 -154.45584      2.403     4.1305     4.1325     4.1304    28.0137    28.0232  1022.2336    22.2223    316.984    298.269  330.74362     95.840     0.2320     1.0439     0.9417 4.8942e+01      29521          8  0.000e+00
      2.263   71.75058 -154.45584      2.287     4.1305     4.1324     4.1304    28.0135    28.0233  1022.2329    22.2221    316.996    298.264  330.74431     95.843     0.2308     1.0366     0.9417 4.8942e+01      29522          8  0.000e+00
      2.379   71.75058 -154.45584      2.404     4.1305     4.1326     4.1304    28.0135    28.0233  1022.2334    22.2221    316.984    298.266  330.74426     95.840     0.2320     1.0439     0.9417 4.8942e+01      29523          8  0.000e+00
      2.317   71.75058 -154.45584      2.341     4.1305     4.1327     4.1304    28.0136    28.0231  1022.2332    22.2222    316.965    298.456  330.74401     95.834     0.2308     1.0366     0.9417 4.8804e+01      29524          8  0.000e+00
      2.317   71.75058 -154.45584      2.341     4.1305     4.1327     4.1304    28.0137    28.0232  1022.2333    22.2223    316.948    298.260  330.74365     95.829     0.2320     1.0439     0.9417 4.8667e+01      29525          8  0.000e+00
      2.317   71.75058 -154.45584      2.341     4.1305     4.1327     4.1304    28.0136    28.0234  1022.2332    22.2222    316.932    298.428  330.74392     95.824     0.2308     1.0366     0.9404 4.8667e+01      29526          8  0.000e+00
      2.317   71.75058 -154.45584      2.341     4.1305     4.1327     4.1304    28.0136    28.0233  1022.2332    22.2222    316.916    298.423  330.74401     95.819     0.2320     1.0439     0.9417 4.8394e+01      29527          8  0.000e+00
      2.379   71.75058 -154.45584      2.404     4.1304     4.1325     4.1302    28.0139    28.0232  1022.2338    22.2225    316.902    298.248  330.74448     95.815     0.2320     1.0439     0.9404 4.8122e+01      29528          8  0.000e+00
      2.379   71.75058 -154.45584      2.404     4.1305     4.1325     4.1304    28.0136    28.0232  1022.2336    22.2222    316.920    298.242  330.74390     95.820     0.2308     1.0366     0.9404 4.7986e+01      29529          8  0.000e+00
      2.317   71.75058 -154.45584      2.341     4.1305     4.1325     4.1304    28.0136    28.0234  1022.2332    22.2222    316.936    298.211  330.74401     95.825     0.2320     1.0439     0.9404 4.7851e+01      29530          8  0.000e+00
      2.318   71.75058 -154.45584      2.341     4.1304     4.1325     4.1302    28.0139    28.0232  1022.2335    22.2224    316.958    298.397  330.74459     95.832     0.2308     1.0366     0.9404 4.7448e+01      29531          8  0.000e+00
      2.379   71.75058 -154.45584      2.404     4.1305     4.1324     4.1304    28.0139    28.0233  1022.2338    22.2225    316.946    298.437  330.74308     95.829     0.2320     1.0439     0.9404 4.7315e+01      29532          8  0.000e+00
      2.379   71.75058 -154.45584      2.404     4.1307     4.1325     4.1306    28.0137    28.0229  1022.2336    22.2223    316.968    298.449  330.74250     95.835     0.2308     1.0366     0.9404 4.7315e+01      29533          8  0.000e+00
      2.433   71.75058 -154.45584      2.458     4.1307     4.1325     4.1306    28.0138    28.0231  1022.2339    22.2224    316.959    298.464  330.74220     95.832     0.2320     1.0439     0.9404 4.7181e+01      29534          8  0.000e+00
      2.379   71.75058 -154.45584      2.404     4.1307     4.1325     4.1306    28.0143    28.0232  1022.2341    22.2228    316.944    298.473  330.74087     95.828     0.2308     1.0366     0.9404 4.7049e+01      29535          8  0.000e+00
      2.379   71.75058 -154.45584      2.404     4.1309     4.1325     4.1307    28.0141    28.0232  1022.2339    22.2226    316.932    298.484  330.74020     95.825     0.2320     1.0439     0.9404 4.7049e+01      29536          8  0.000e+00
      2.433   71.75058 -154.45584      2.459     4.1313     4.1327     4.1312    28.0136    28.0230  1022.2337    22.2221    316.921    298.688  330.73762     95.822     0.2308     1.0366     0.9404 4.6916e+01      29537          8  0.000e+00
      2.433   71.75058 -154.45584      2.459     4.1312     4.1327     4.1310    28.0139    28.0233  1022.2340    22.2224    316.910    298.717  330.73810     95.819     0.2320     1.0439     0.9404 4.6916e+01      29538          8  0.000e+00
      2.433   71.75058 -154.45584      2.459     4.1313     4.1327     4.1312    28.0134    28.0233  1022.2336    22.2220    316.899    298.745  330.73798     95.816     0.2308     1.0366     0.9404 4.6916e+01      29539          8  0.000e+00
      2.380   71.75058 -154.45584      2.404     4.1309     4.1325     4.1307    28.0139    28.0237  1022.2338    22.2225    316.889    298.769  330.74056     95.812     0.2320     1.0439     0.9404 4.6652e+01      29540          8  0.000e+00
      2.518   71.75058 -154.45584      2.544     4.1312     4.1328     4.1310    28.0144    28.0231  1022.2348    22.2228    316.879    298.797  330.73684     95.810     0.2308     1.0366     0.9404 4.6521e+01      29541          8  0.000e+00
      2.434   71.75058 -154.45584      2.459     4.1315     4.1327     4.1313    28.0144    28.0231  1022.2344    22.2228    316.862    298.817  330.73422     95.806     0.2320     1.0439     0.9404 4.6521e+01      29542          8  0.000e+00
      2.495   71.75058 -154.45584      2.521     4.1315     4.1327     4.1313    28.0143    28.0232  1022.2346    22.2227    316.854    298.840  330.73457     95.803     0.2332     1.0513     0.9404 4.6260e+01      29543          8  0.000e+00
      2.495   71.75058 -154.45584      2.521     4.1315     4.1328     4.1313    28.0140    28.0231  1022.2343    22.2225    316.844    298.857  330.73529     95.800     0.2332     1.0513     0.9417 4.6000e+01      29544          8  0.000e+00
      2.495   71.75058 -154.45584      2.521     4.1315     4.1328     4.1313    28.0141    28.0232  1022.2344    22.2225    316.652    298.874  330.73511     95.742     0.2344     1.0586     0.9404 4.6000e+01      29545          8  0.000e+00
      2.549   71.75058 -154.45584      2.576     4.1318     4.1329     4.1316    28.0139    28.0230  1022.2344    22.2223    316.826    298.891  330.73311     95.795     0.2332     1.0513     0.9404 4.5741e+01      29546          8  0.000e+00
      2.549   71.75058 -154.45584      2.576     4.1318     4.1327     4.1316    28.0139    28.0233  1022.2344    22.2223    316.602    298.928  330.73311     95.727     0.2344     1.0586     0.9404 4.5484e+01      29547          8  0.000e+00
      2.549   71.75058 -154.45584      2.576     4.1318     4.1325     4.1316    28.0139    28.0231  1022.2344    22.2223    316.778    298.964  330.73311     95.780     0.2344     1.0586     0.9404 4.5484e+01      29548          8  0.000e+00
      2.549   71.75058 -154.45584      2.576     4.1320     4.1325     4.1318    28.0137    28.0231  1022.2343    22.2222    316.770    298.998  330.73217     95.778     0.2344     1.0586     0.9404 4.5356e+01      29549          8  0.000e+00
      2.603   71.75058 -154.45584      2.630     4.1320     4.1325     4.1318    28.0138    28.0231  1022.2346    22.2222    316.765    299.227  330.73205     95.777     0.2332     1.0513     0.9404 4.5228e+01      29550          8  0.000e+00
      2.783   71.75058 -154.45582      2.812     4.1315     4.1327     4.1313    28.0133    28.0230  1022.2352    22.2219    317.026    298.917  330.73698     95.854     0.2332     1.0513     0.9417 4.1094e+01      29648          9  0.000e+00
      2.837   71.75058 -154.45582      2.867     4.1310     4.1328     4.1308    28.0137    28.0230  1022.2357    22.2222    317.030    298.923  330.73996     95.855     0.2332     1.0513     0.9417 4.1210e+01      29649          9  0.000e+00
      2.784   71.75058 -154.45582      2.812     4.1312     4.1330     4.1310    28.0136    28.0228  1022.2354    22.2221    316.809    298.903  330.73895     95.788     0.2332     1.0513     0.9417 4.1795e+01      29650          9  0.000e+00
