EcoFOCI/data/1_SampleCollection/2023_SikuliaqDBO_CruiseData/CTD_raw_BottleFile_SKQ23-12S/proc/skq202312s_012.ros
* Sea-Bird SBE 9 Data File:
* FileName = D:\CTD\SKQ202312S\SKQ202312S_012.hex
* Software Version Seasave V 7.26.7.121
* Temperature SN = 6177
* Conductivity SN = 0369
* Number of Bytes Per Scan = 41
* Number of Voltage Words = 4
* Number of Scans Averaged by the Deck Unit = 1
* NMEA Latitude = 64 40.32 N
* NMEA Longitude = 170 38.51 W
* NMEA UTC (Time) = Sep 17 2023  03:44:23
* NMEA baud rate = 4800
** Ship: R/V Sikuliaq
** Station Number: 012
** Station Name: DBO2.0
** Bottom Depth: 48
** Operator: SD
# nquan = 22
# nvalues = 931                                   
# units = specified
# name 0 = depSM: Depth [salt water, m]
# name 1 = latitude: Latitude [deg]
# name 2 = longitude: Longitude [deg]
# name 3 = prDM: Pressure, Digiquartz [db]
# name 4 = t090C: Temperature [ITS-90, deg C]
# name 5 = t190C: Temperature, 2 [ITS-90, deg C]
# name 6 = potemp090C: Potential Temperature [ITS-90, deg C]
# name 7 = sal00: Salinity, Practical [PSU]
# name 8 = sal11: Salinity, Practical, 2 [PSU]
# name 9 = density00: Density [density, kg/m^3]
# name 10 = sigma-é00: Density [sigma-theta, kg/m^3]
# name 11 = sbox0Mm/Kg: Oxygen, SBE 43 [umol/kg]
# name 12 = sbox1Mm/Kg: Oxygen, SBE 43, 2 [umol/kg]
# name 13 = oxsolMm/Kg: Oxygen Saturation, Garcia & Gordon [umol/kg]
# name 14 = sbeox0PS: Oxygen, SBE 43 [% saturation]
# name 15 = v0: Voltage 0
# name 16 = flECO-AFL: Fluorescence, WET Labs ECO-AFL/FL [mg/m^3]
# name 17 = CStarAt0: Beam Attenuation, WET Labs C-Star [1/m]
# name 18 = par: PAR/Irradiance, Biospherical/Licor
# name 19 = scan: Scan Count
# name 20 = nbf: Bottles Fired
# name 21 = flag:  0.000e+00
# interval = seconds: 0.0416667
# start_time = Sep 17 2023 03:45:41 [NMEA time, first data scan]
# bad_flag = -9.990e-29
*END*
[from data line 791]
      2.973   64.67062 -170.63970      3.002     3.2354     3.2355     3.2352    33.0133    33.0233  1026.2925    26.2785    229.220    218.089  325.56018     70.408     0.1551     0.5824     0.8291 6.9211e+01      22516         17  0.000e+00
      2.919   64.67062 -170.63970      2.948     3.2352     3.2357     3.2350    33.0135    33.0233  1026.2925    26.2787    229.197    218.072  325.56089     70.401     0.1563     0.5897     0.8291 6.9406e+01      22517         17  0.000e+00
      2.919   64.67062 -170.63970      2.948     3.2354     3.2356     3.2352    33.0135    33.0234  1026.2924    26.2786    229.173    218.079  325.55922     70.394     0.1563     0.5897     0.8291 6.9602e+01      22518         17  0.000e+00
      2.857   64.67062 -170.63970      2.885     3.2354     3.2358     3.2352    33.0134    33.0234  1026.2921    26.2786    229.148    218.252  325.55983     70.386     0.1563     0.5897     0.8291 6.9798e+01      22519         17  0.000e+00
      2.919   64.67062 -170.63970      2.948     3.2355     3.2361     3.2354    33.0131    33.0234  1026.2921    26.2783    229.124    218.065  325.55923     70.379     0.1563     0.5897     0.8279 6.9602e+01      22520         17  0.000e+00
      2.857   64.67062 -170.63970      2.885     3.2355     3.2364     3.2354    33.0134    33.0231  1026.2921    26.2786    229.130    218.044  325.55856     70.381     0.1563     0.5897     0.8279 6.9602e+01      22521         17  0.000e+00
      2.919   64.67062 -170.63970      2.948     3.2355     3.2361     3.2354    33.0137    33.0236  1026.2926    26.2788    229.105    218.219  325.55784     70.373     0.1551     0.5824     0.8279 6.9406e+01      22522         17  0.000e+00
      2.803   64.67062 -170.63970      2.831     3.2355     3.2365     3.2354    33.0138    33.0237  1026.2922    26.2789    229.073    218.214  325.55749     70.363     0.1563     0.5897     0.8279 6.9406e+01      22523         17  0.000e+00
      2.919   64.67062 -170.63970      2.948     3.2355     3.2366     3.2354    33.0139    33.0231  1026.2928    26.2790    229.046    218.240  325.55724     70.355     0.1551     0.5824     0.8279 6.9016e+01      22524         17  0.000e+00
      2.803   64.67062 -170.63970      2.831     3.2355     3.2366     3.2354    33.0134    33.0235  1026.2918    26.2786    229.048    218.042  325.55848     70.355     0.1563     0.5897     0.8279 6.8629e+01      22525         17  0.000e+00
      2.857   64.67062 -170.63970      2.885     3.2355     3.2365     3.2354    33.0137    33.0238  1026.2923    26.2787    229.053    218.211  325.55796     70.357     0.1551     0.5824     0.8279 6.8629e+01      22526         17  0.000e+00
      2.857   64.67062 -170.63970      2.885     3.2354     3.2366     3.2352    33.0137    33.0234  1026.2923    26.2788    229.272    218.229  325.55903     70.424     0.1563     0.5897     0.8279 6.8243e+01      22527         17  0.000e+00
      2.803   64.67062 -170.63970      2.831     3.2354     3.2368     3.2352    33.0136    33.0232  1026.2920    26.2788    229.094    218.244  325.55926     70.369     0.1551     0.5824     0.8279 6.8051e+01      22528         17  0.000e+00
      2.857   64.67062 -170.63970      2.885     3.2354     3.2365     3.2352    33.0136    33.0235  1026.2923    26.2787    229.098    218.264  325.55933     70.371     0.1563     0.5897     0.8279 6.8051e+01      22529         17  0.000e+00
      2.803   64.67062 -170.63970      2.831     3.2354     3.2366     3.2353    33.0136    33.0234  1026.2920    26.2787    229.099    218.254  325.55887     70.371     0.1551     0.5824     0.8279 6.8051e+01      22530         17  0.000e+00
      2.803   64.67062 -170.63970      2.831     3.2352     3.2365     3.2350    33.0139    33.0230  1026.2922    26.2789    229.103    218.269  325.56004     70.372     0.1563     0.5897     0.8279 6.7860e+01      22531         17  0.000e+00
      2.857   64.67062 -170.63970      2.886     3.2352     3.2363     3.2350    33.0133    33.0235  1026.2920    26.2785    229.108    218.261  325.56130     70.373     0.1551     0.5824     0.8279 6.7860e+01      22532         17  0.000e+00
      2.803   64.67062 -170.63970      2.831     3.2352     3.2365     3.2350    33.0139    33.0233  1026.2923    26.2790    229.073    218.270  325.55984     70.363     0.1563     0.5897     0.8279 6.7479e+01      22533         17  0.000e+00
      2.803   64.67062 -170.63970      2.831     3.2354     3.2362     3.2353    33.0140    33.0237  1026.2923    26.2790    229.038    218.281  325.55807     70.352     0.1563     0.5897     0.8279 6.7100e+01      22534         17  0.000e+00
      2.803   64.67062 -170.63970      2.831     3.2355     3.2365     3.2354    33.0136    33.0233  1026.2920    26.2787    229.038    218.289  325.55809     70.352     0.1551     0.5824     0.8279 6.6911e+01      22535         17  0.000e+00
      2.857   64.67062 -170.63970      2.886     3.2355     3.2362     3.2354    33.0135    33.0237  1026.2921    26.2786    229.039    218.300  325.55836     70.353     0.1551     0.5824     0.8279 6.6535e+01      22536         17  0.000e+00
      2.803   64.67062 -170.63970      2.831     3.2354     3.2363     3.2352    33.0136    33.0235  1026.2920    26.2788    229.039    218.305  325.55926     70.352     0.1551     0.5824     0.8279 6.5605e+01      22537         17  0.000e+00
      2.803   64.67062 -170.63970      2.831     3.2354     3.2361     3.2353    33.0138    33.0236  1026.2922    26.2789    229.038    218.313  325.55837     70.352     0.1563     0.5897     0.8279 6.5236e+01      22538         17  0.000e+00
      2.857   64.67062 -170.63970      2.886     3.2355     3.2364     3.2354    33.0138    33.0233  1026.2924    26.2789    229.039    218.319  325.55756     70.353     0.1563     0.5897     0.8291 6.5053e+01      22539         17  0.000e+00
      2.804   64.67062 -170.63970      2.831     3.2354     3.2365     3.2352    33.0140    33.0232  1026.2923    26.2790    229.252    218.322  325.55836     70.418     0.1563     0.5897     0.8304 6.4143e+01      22540         17  0.000e+00
      2.804   64.67062 -170.63970      2.831     3.2357     3.2363     3.2355    33.0134    33.0233  1026.2918    26.2785    228.820    218.495  325.55731     70.286     0.1551     0.5824     0.8304 6.3783e+01      22541         17  0.000e+00
      2.896   64.67062 -170.63970      2.925     3.2357     3.2362     3.2355    33.0135    33.0234  1026.2923    26.2786    229.001    218.521  325.55703     70.341     0.1563     0.5897     0.8317 6.3783e+01      22542         17  0.000e+00
      2.858   64.67062 -170.63970      2.886     3.2357     3.2366     3.2355    33.0137    33.0233  1026.2923    26.2787    228.999    218.347  325.55668     70.341     0.1551     0.5824     0.8304 6.3603e+01      22543         17  0.000e+00
      2.804   64.67062 -170.63970      2.831     3.2355     3.2365     3.2354    33.0141    33.0232  1026.2923    26.2791    228.996    218.536  325.55699     70.340     0.1563     0.5897     0.8304 6.3603e+01      22544         17  0.000e+00
      2.858   64.67062 -170.63970      2.886     3.2355     3.2365     3.2354    33.0136    33.0239  1026.2922    26.2787    228.997    218.555  325.55806     70.340     0.1563     0.5897     0.8304 6.3603e+01      22545         17  0.000e+00
      2.919   64.67062 -170.63970      2.948     3.2355     3.2366     3.2354    33.0134    33.0235  1026.2924    26.2786    228.998    218.573  325.55854     70.340     0.1563     0.5897     0.8304 6.3783e+01      22546         17  0.000e+00
      2.858   64.67062 -170.63970      2.886     3.2357     3.2364     3.2355    33.0138    33.0241  1026.2924    26.2788    228.993    218.586  325.55639     70.339     0.1551     0.5824     0.8304 6.3962e+01      22547         17  0.000e+00
      2.858   64.67062 -170.63970      2.886     3.2355     3.2366     3.2354    33.0134    33.0235  1026.2921    26.2786    228.993    218.599  325.55856     70.338     0.1563     0.5897     0.8304 6.4143e+01      22548         17  0.000e+00
      2.919   64.67062 -170.63970      2.948     3.2357     3.2365     3.2355    33.0135    33.0233  1026.2924    26.2786    228.992    218.613  325.55716     70.339     0.1551     0.5824     0.8304 6.4687e+01      22549         17  0.000e+00
      2.858   64.67062 -170.63970      2.886     3.2357     3.2364     3.2355    33.0136    33.0238  1026.2922    26.2787    228.989    218.620  325.55688     70.338     0.1563     0.5897     0.8304 6.5420e+01      22550         17  0.000e+00
      2.973   64.67062 -170.63970      3.003     3.2358     3.2365     3.2357    33.0138    33.0238  1026.2929    26.2789    228.989    218.630  325.55497     70.338     0.1551     0.5824     0.8304 6.5420e+01      22551         17  0.000e+00
      2.920   64.67062 -170.63970      2.948     3.2357     3.2365     3.2355    33.0135    33.0233  1026.2924    26.2786    228.988    218.826  325.55707     70.337     0.1563     0.5897     0.8304 6.6348e+01      22552         17  0.000e+00
      2.920   64.67062 -170.63970      2.948     3.2357     3.2365     3.2355    33.0135    33.0234  1026.2925    26.2786    228.986    218.851  325.55697     70.337     0.1551     0.5824     0.8304 6.7479e+01      22553         17  0.000e+00
      2.974   64.67062 -170.63970      3.003     3.2355     3.2365     3.2353    33.0137    33.0237  1026.2928    26.2788    228.987    218.874  325.55791     70.337     0.1563     0.5897     0.8304 6.7669e+01      22554         17  0.000e+00
      2.920   64.67062 -170.63970      2.948     3.2355     3.2365     3.2354    33.0137    33.0238  1026.2926    26.2788    228.984    218.891  325.55774     70.336     0.1551     0.5824     0.8304 6.8436e+01      22555         17  0.000e+00
      2.974   64.67062 -170.63970      3.003     3.2355     3.2366     3.2353    33.0140    33.0234  1026.2931    26.2790    228.984    218.718  325.55722     70.336     0.1563     0.5897     0.8304 6.9406e+01      22556         17  0.000e+00
      3.035   64.67062 -170.63970      3.065     3.2357     3.2365     3.2355    33.0134    33.0236  1026.2929    26.2785    228.985    218.927  325.55742     70.336     0.1563     0.5897     0.8304 6.9798e+01      22557         17  0.000e+00
      3.095   64.67062 -170.63970      3.126     3.2377     3.2419     3.2375    33.0135    33.0236  1026.2931    26.2784    229.283    218.267  325.54083     70.431     0.1563     0.5897     0.8266 6.0972e+01      22744         18  0.000e+00
      3.157   64.67062 -170.63970      3.188     3.2379     3.2421     3.2377    33.0135    33.0231  1026.2933    26.2784    229.307    218.290  325.53963     70.439     0.1575     0.5971     0.8266 6.0800e+01      22745         18  0.000e+00
      3.095   64.67062 -170.63970      3.126     3.2376     3.2421     3.2374    33.0137    33.0233  1026.2932    26.2786    229.114    218.117  325.54170     70.379     0.1575     0.5971     0.8253 6.0800e+01      22746         18  0.000e+00
      3.095   64.67062 -170.63970      3.126     3.2376     3.2424     3.2374    33.0138    33.0233  1026.2934    26.2787    229.101    218.115  325.54130     70.375     0.1575     0.5971     0.8266 6.0459e+01      22747         18  0.000e+00
      3.095   64.67062 -170.63970      3.126     3.2377     3.2422     3.2375    33.0133    33.0235  1026.2929    26.2783    229.088    218.116  325.54132     70.371     0.1575     0.5971     0.8266 6.0459e+01      22748         18  0.000e+00
      3.157   64.67062 -170.63970      3.188     3.2376     3.2422     3.2374    33.0135    33.0237  1026.2934    26.2784    229.292    218.311  325.54179     70.434     0.1575     0.5971     0.8253 6.0459e+01      22749         18  0.000e+00
      3.095   64.67062 -170.63970      3.126     3.2377     3.2424     3.2375    33.0134    33.0230  1026.2930    26.2784    229.095    218.334  325.54102     70.374     0.1575     0.5971     0.8266 6.0459e+01      22750         18  0.000e+00
      3.095   64.67062 -170.63970      3.126     3.2376     3.2422     3.2374    33.0134    33.0231  1026.2930    26.2784    229.082    218.166  325.54240     70.369     0.1575     0.5971     0.8266 6.0459e+01      22751         18  0.000e+00
      3.095   64.67062 -170.63970      3.126     3.2376     3.2424     3.2374    33.0136    33.0233  1026.2931    26.2785    229.067    218.383  325.54200     70.365     0.1575     0.5971     0.8253 6.0459e+01      22752         18  0.000e+00
      3.095   64.67062 -170.63970      3.126     3.2378     3.2424     3.2376    33.0129    33.0232  1026.2926    26.2780    229.053    218.408  325.54183     70.361     0.1575     0.5971     0.8266 6.0800e+01      22753         18  0.000e+00
      3.095   64.67062 -170.63970      3.126     3.2379     3.2421     3.2377    33.0138    33.0236  1026.2933    26.2786    229.251    218.435  325.53885     70.422     0.1575     0.5971     0.8266 6.0972e+01      22754         18  0.000e+00
      3.095   64.67062 -170.63970      3.126     3.2380     3.2425     3.2378    33.0135    33.0234  1026.2931    26.2784    229.054    218.435  325.53828     70.362     0.1575     0.5971     0.8266 6.0972e+01      22755         18  0.000e+00
      3.041   64.67062 -170.63970      3.072     3.2380     3.2425     3.2379    33.0137    33.0231  1026.2929    26.2785    229.037    218.459  325.53791     70.356     0.1575     0.5971     0.8266 6.1144e+01      22756         18  0.000e+00
      3.095   64.67062 -170.63970      3.126     3.2382     3.2422     3.2380    33.0133    33.0235  1026.2929    26.2782    229.023    218.656  325.53750     70.352     0.1587     0.6044     0.8266 6.1663e+01      22757         18  0.000e+00
      3.126   64.67062 -170.63970      3.157     3.2382     3.2424     3.2380    33.0133    33.0234  1026.2930    26.2782    229.008    218.486  325.53764     70.348     0.1575     0.5971     0.8266 6.1663e+01      22758         18  0.000e+00
      3.042   64.67062 -170.63970      3.072     3.2384     3.2424     3.2382    33.0129    33.0236  1026.2923    26.2779    228.990    218.482  325.53725     70.342     0.1587     0.6044     0.8266 6.1837e+01      22759         18  0.000e+00
      3.096   64.67062 -170.63970      3.126     3.2379     3.2424     3.2377    33.0135    33.0235  1026.2931    26.2784    228.978    218.528  325.53955     70.338     0.1575     0.5971     0.8266 6.2186e+01      22760         18  0.000e+00
      3.096   64.67062 -170.63970      3.126     3.2382     3.2425     3.2380    33.0135    33.0230  1026.2930    26.2784    228.960    218.550  325.53710     70.333     0.1587     0.6044     0.8266 6.2186e+01      22761         18  0.000e+00
      3.042   64.67062 -170.63970      3.072     3.2382     3.2425     3.2380    33.0136    33.0232  1026.2928    26.2784    229.192    218.355  325.53683     70.404     0.1575     0.5971     0.8266 6.2361e+01      22762         18  0.000e+00
      3.096   64.67062 -170.63970      3.126     3.2384     3.2422     3.2382    33.0136    33.0231  1026.2931    26.2784    229.211    218.528  325.53553     70.410     0.1587     0.6044     0.8266 6.2537e+01      22763         18  0.000e+00
      3.096   64.67062 -170.63970      3.126     3.2387     3.2425     3.2385    33.0135    33.0230  1026.2930    26.2784    229.012    218.524  325.53308     70.350     0.1575     0.5971     0.8266 6.2714e+01      22764         18  0.000e+00
      3.096   64.67062 -170.63970      3.126     3.2387     3.2424     3.2385    33.0141    33.0236  1026.2934    26.2788    229.030    218.521  325.53179     70.356     0.1575     0.5971     0.8266 6.2714e+01      22765         18  0.000e+00
