EcoFOCI/data/1_SampleCollection/2023_SikuliaqDBO_CruiseData/CTD_raw_BottleFile_SKQ23-12S/proc/skq202312s_074svp.cnv
* Sea-Bird SBE 9 Data File:
* FileName = D:\CTD\SKQ202312S\SKQ202312S_074.hex
* Software Version Seasave V 7.26.7.121
* Temperature SN = 6177
* Conductivity SN = 0369
* Number of Bytes Per Scan = 41
* Number of Voltage Words = 4
* Number of Scans Averaged by the Deck Unit = 1
* NMEA Latitude = 68 11.23 N
* NMEA Longitude = 167 17.73 W
* NMEA UTC (Time) = Oct 02 2023  03:41:14
* NMEA baud rate = 4800
** Ship: R/V Sikuliaq
** Station Number: 074
** Station Name: DBO3.3
** Bottom Depth: 47
** Operator: SD
# nquan = 7
# nvalues = 4146                                  
# units = specified
# name 0 = depSM: Depth [salt water, m]
# name 1 = latitude: Latitude [deg]
# name 2 = longitude: Longitude [deg]
# name 3 = t090C: Temperature [ITS-90, deg C]
# name 4 = sal00: Salinity, Practical [PSU]
# name 5 = svCM: Sound Velocity [Chen-Millero, m/s]
# name 6 = flag:  0.000e+00
# span 0 =      2.364,     42.384                 
# span 1 =   68.18698,   68.18702                 
# span 2 = -167.29566, -167.29562                 
# span 3 =     3.3167,     6.4617                 
# span 4 =    25.7777,    32.2111                 
# span 5 =    1460.63,    1470.25                 
# span 6 = 0.0000e+00, 0.0000e+00                 
# interval = seconds: 0.0416667
# start_time = Oct 02 2023 03:44:53 [NMEA time, first data scan]
# bad_flag = -9.990e-29
*END*
[from data line 3077]
     37.410   68.18700 -167.29564     4.5833    31.9130    1465.70  0.000e+00
     37.410   68.18700 -167.29564     4.5915    31.9194    1465.74  0.000e+00
     37.457   68.18700 -167.29564     4.6007    31.9230    1465.78  0.000e+00
     37.410   68.18700 -167.29564     4.6114    31.9114    1465.81  0.000e+00
     37.464   68.18700 -167.29564     4.6173    31.8809    1465.80  0.000e+00
     37.464   68.18700 -167.29564     4.6135    31.8634    1465.76  0.000e+00
     37.511   68.18700 -167.29564     4.6056    31.8536    1465.72  0.000e+00
     37.518   68.18700 -167.29564     4.5963    31.8342    1465.65  0.000e+00
     37.464   68.18700 -167.29564     4.5779    31.8273    1465.57  0.000e+00
     37.572   68.18700 -167.29564     4.5575    31.8394    1465.50  0.000e+00
     37.518   68.18700 -167.29564     4.5449    31.8596    1465.47  0.000e+00
     37.580   68.18700 -167.29564     4.5438    31.8824    1465.50  0.000e+00
     37.634   68.18700 -167.29564     4.5484    31.8974    1465.54  0.000e+00
     37.572   68.18700 -167.29564     4.5559    31.8974    1465.57  0.000e+00
     37.634   68.18700 -167.29564     4.5612    31.8868    1465.58  0.000e+00
     37.634   68.18700 -167.29564     4.5623    31.8803    1465.57  0.000e+00
     37.688   68.18700 -167.29564     4.5618    31.8763    1465.57  0.000e+00
     37.696   68.18700 -167.29564     4.5602    31.8706    1465.55  0.000e+00
     37.696   68.18700 -167.29564     4.5552    31.8641    1465.52  0.000e+00
     37.750   68.18700 -167.29564     4.5470    31.8656    1465.49  0.000e+00
     37.742   68.18700 -167.29564     4.5397    31.8696    1465.47  0.000e+00
     37.750   68.18700 -167.29564     4.5320    31.8393    1465.40  0.000e+00
     37.750   68.18700 -167.29564     4.5068    31.7629    1465.20  0.000e+00
     37.742   68.18700 -167.29564     4.4321    31.7309    1464.84  0.000e+00
     37.865   68.18700 -167.29564     4.3432    31.7408    1464.49  0.000e+00
     37.865   68.18700 -167.29564     4.2579    31.7632    1464.16  0.000e+00
     37.865   68.18700 -167.29564     4.1778    31.7968    1463.87  0.000e+00
     37.858   68.18700 -167.29564     4.1117    31.8356    1463.64  0.000e+00
     37.865   68.18700 -167.29564     4.0585    31.8790    1463.48  0.000e+00
     37.919   68.18700 -167.29564     4.0194    31.9297    1463.38  0.000e+00
     37.919   68.18700 -167.29564     4.0015    31.9738    1463.36  0.000e+00
     37.912   68.18700 -167.29564     4.0018    31.9937    1463.39  0.000e+00
     37.919   68.18700 -167.29564     4.0066    32.0075    1463.42  0.000e+00
     38.035   68.18700 -167.29564     4.0197    32.0150    1463.49  0.000e+00
     37.973   68.18700 -167.29564     4.0381    32.0074    1463.56  0.000e+00
     38.035   68.18700 -167.29564     4.0509    31.9840    1463.58  0.000e+00
     38.035   68.18700 -167.29562     4.0539    31.9718    1463.58  0.000e+00
     38.035   68.18700 -167.29562     4.0547    31.9650    1463.57  0.000e+00
     38.089   68.18700 -167.29562     4.0504    31.9425    1463.53  0.000e+00
     38.097   68.18700 -167.29562     4.0380    31.9240    1463.45  0.000e+00
     38.097   68.18700 -167.29562     4.0127    31.9211    1463.34  0.000e+00
     38.097   68.18700 -167.29562     3.9810    31.9175    1463.20  0.000e+00
     38.143   68.18700 -167.29562     3.9480    31.9085    1463.05  0.000e+00
     38.151   68.18700 -167.29562     3.9113    31.9071    1462.90  0.000e+00
     38.151   68.18700 -167.29562     3.8730    31.9230    1462.76  0.000e+00
     38.143   68.18700 -167.29562     3.8396    31.9441    1462.64  0.000e+00
     38.212   68.18700 -167.29562     3.8112    31.9637    1462.55  0.000e+00
     38.151   68.18700 -167.29562     3.7893    31.9787    1462.48  0.000e+00
     38.266   68.18700 -167.29562     3.7737    31.9953    1462.43  0.000e+00
     38.197   68.18700 -167.29562     3.7634    32.0239    1462.43  0.000e+00
     38.266   68.18700 -167.29562     3.7634    32.0456    1462.45  0.000e+00
     38.266   68.18700 -167.29562     3.7688    32.0535    1462.49  0.000e+00
     38.266   68.18700 -167.29562     3.7777    32.0486    1462.52  0.000e+00
     38.259   68.18700 -167.29562     3.7869    32.0427    1462.55  0.000e+00
     38.320   68.18700 -167.29562     3.7967    32.0469    1462.60  0.000e+00
     38.320   68.18700 -167.29562     3.8098    32.0567    1462.67  0.000e+00
     38.266   68.18700 -167.29562     3.8249    32.0636    1462.74  0.000e+00
     38.313   68.18700 -167.29562     3.8436    32.0613    1462.81  0.000e+00
     38.266   68.18700 -167.29562     3.8632    32.0566    1462.89  0.000e+00
     38.320   68.18700 -167.29562     3.8827    32.0539    1462.97  0.000e+00
     38.312   68.18700 -167.29562     3.9041    32.0513    1463.06  0.000e+00
     38.266   68.18700 -167.29562     3.9274    32.0423    1463.14  0.000e+00
     38.320   68.18700 -167.29562     3.9467    32.0247    1463.20  0.000e+00
     38.320   68.18700 -167.29562     3.9589    32.0043    1463.23  0.000e+00
     38.312   68.18700 -167.29562     3.9647    31.9856    1463.23  0.000e+00
     38.320   68.18700 -167.29562     3.9657    31.9745    1463.22  0.000e+00
     38.320   68.18700 -167.29562     3.9650    31.9674    1463.20  0.000e+00
     38.320   68.18700 -167.29562     3.9611    31.9649    1463.18  0.000e+00
     38.312   68.18700 -167.29562     3.9539    31.9715    1463.16  0.000e+00
     38.382   68.18700 -167.29562     3.9481    31.9789    1463.15  0.000e+00
     38.266   68.18700 -167.29562     3.9453    31.9820    1463.14  0.000e+00
     38.320   68.18700 -167.29562     3.9450    31.9886    1463.15  0.000e+00
     38.312   68.18700 -167.29562     3.9495    32.0024    1463.18  0.000e+00
     38.320   68.18700 -167.29562     3.9600    32.0141    1463.24  0.000e+00
     38.320   68.18700 -167.29562     3.9731    32.0220    1463.31  0.000e+00
     38.258   68.18700 -167.29562     3.9878    32.0199    1463.37  0.000e+00
     38.266   68.18700 -167.29562     4.0016    32.0094    1463.41  0.000e+00
     38.266   68.18700 -167.29562     4.0119    31.9961    1463.44  0.000e+00
     38.266   68.18700 -167.29562     4.0178    31.9829    1463.45  0.000e+00
     38.258   68.18700 -167.29562     4.0209    31.9749    1463.45  0.000e+00
     38.266   68.18700 -167.29562     4.0227    31.9698    1463.45  0.000e+00
     38.266   68.18700 -167.29562     4.0225    31.9667    1463.44  0.000e+00
     38.212   68.18700 -167.29562     4.0204    31.9637    1463.43  0.000e+00
     38.258   68.18700 -167.29562     4.0151    31.9594    1463.40  0.000e+00
     38.212   68.18700 -167.29564     4.0088    31.9572    1463.37  0.000e+00
     38.212   68.18700 -167.29564     4.0031    31.9576    1463.35  0.000e+00
     38.196   68.18700 -167.29564     3.9969    31.9597    1463.33  0.000e+00
     38.150   68.18700 -167.29564     3.9912    31.9664    1463.31  0.000e+00
     38.212   68.18700 -167.29564     3.9877    31.9775    1463.31  0.000e+00
     38.150   68.18700 -167.29564     3.9896    31.9906    1463.33  0.000e+00
     38.196   68.18700 -167.29564     3.9962    31.9973    1463.37  0.000e+00
     38.096   68.18700 -167.29564     4.0020    31.9881    1463.38  0.000e+00
     38.150   68.18700 -167.29564     4.0035    31.9794    1463.38  0.000e+00
     38.150   68.18700 -167.29564     4.0105    31.9817    1463.41  0.000e+00
     38.142   68.18700 -167.29564     4.0242    31.9768    1463.46  0.000e+00
     38.096   68.18700 -167.29564     4.0377    31.9648    1463.50  0.000e+00
     38.096   68.18700 -167.29564     4.0466    31.9586    1463.53  0.000e+00
     38.088   68.18700 -167.29564     4.0506    31.9583    1463.55  0.000e+00
     38.096   68.18700 -167.29564     4.0495    31.9593    1463.54  0.000e+00
     38.096   68.18700 -167.29564     4.0479    32.0102    1463.60  0.000e+00
     38.034   68.18700 -167.29564     4.0692    32.0708    1463.77  0.000e+00
     38.088   68.18700 -167.29564     4.1157    32.0866    1463.99  0.000e+00
     38.096   68.18700 -167.29564     4.1710    32.0617    1464.19  0.000e+00
     38.034   68.18700 -167.29564     4.2154    32.0305    1464.33  0.000e+00
     38.034   68.18700 -167.29564     4.2479    31.9994    1464.43  0.000e+00
     38.027   68.18700 -167.29564     4.2722    31.9609    1464.48  0.000e+00
     38.034   68.18700 -167.29564     4.2850    31.9269    1464.49  0.000e+00
     38.034   68.18700 -167.29564     4.2803    31.9110    1464.45  0.000e+00
     38.027   68.18700 -167.29564     4.2713    31.9044    1464.40  0.000e+00
     38.034   68.18700 -167.29564     4.2647    31.8836    1464.35  0.000e+00
     37.980   68.18700 -167.29564     4.2498    31.8695    1464.27  0.000e+00
     38.034   68.18700 -167.29564     4.2303    31.8723    1464.19  0.000e+00
     38.026   68.18700 -167.29564     4.2121    31.8858    1464.13  0.000e+00
     38.034   68.18700 -167.29564     4.2030    31.8914    1464.10  0.000e+00
     37.980   68.18700 -167.29564     4.1978    31.8900    1464.08  0.000e+00
     38.034   68.18700 -167.29564     4.1896    31.8859    1464.04  0.000e+00
     38.026   68.18700 -167.29564     4.1752    31.8866    1463.98  0.000e+00
     38.034   68.18700 -167.29564     4.1583    31.8960    1463.92  0.000e+00
     37.980   68.18700 -167.29564     4.1362    31.9202    1463.86  0.000e+00
     38.088   68.18700 -167.29564     4.1194    31.9472    1463.82  0.000e+00
     38.034   68.18700 -167.29564     4.1100    31.9730    1463.82  0.000e+00
     38.034   68.18700 -167.29564     4.1052    31.9908    1463.82  0.000e+00
     38.034   68.18700 -167.29564     4.1076    31.9920    1463.83  0.000e+00
     38.026   68.18700 -167.29564     4.1188    31.9805    1463.86  0.000e+00
     38.096   68.18700 -167.29564     4.1293    31.9704    1463.89  0.000e+00
     38.034   68.18700 -167.29564     4.1350    31.9702    1463.92  0.000e+00
     38.096   68.18700 -167.29564     4.1420    31.9792    1463.96  0.000e+00
     38.088   68.18700 -167.29564     4.1569    31.9830    1464.03  0.000e+00
     38.096   68.18700 -167.29564     4.1726    31.9775    1464.08  0.000e+00
     38.096   68.18700 -167.29564     4.1824    31.9809    1464.13  0.000e+00
     38.142   68.18700 -167.29564     4.1964    32.0045    1464.22  0.000e+00
     38.150   68.18700 -167.29564     4.2243    32.0019    1464.33  0.000e+00
     38.150   68.18700 -167.29564     4.2511    31.9771    1464.41  0.000e+00
     38.150   68.18700 -167.29564     4.2663    31.9451    1464.43  0.000e+00
     38.196   68.18700 -167.29564     4.2696    31.9289    1464.43  0.000e+00
     38.211   68.18700 -167.29564     4.2706    31.9175    1464.42  0.000e+00
     38.211   68.18700 -167.29564     4.2674    31.8748    1464.35  0.000e+00
     38.211   68.18700 -167.29564     4.2427    31.8395    1464.20  0.000e+00
     38.258   68.18700 -167.29564     4.2027    31.8359    1464.03  0.000e+00
     38.265   68.18700 -167.29564     4.1634    31.8421    1463.87  0.000e+00
     38.265   68.18700 -167.29564     4.1297    31.8586    1463.75  0.000e+00
     38.265   68.18700 -167.29564     4.1001    31.8793    1463.66  0.000e+00
     38.312   68.18700 -167.29564     4.0719    31.8985    1463.56  0.000e+00
     38.319   68.18700 -167.29564     4.0498    31.9287    1463.51  0.000e+00
     38.319   68.18700 -167.29564     4.0444    31.9601    1463.53  0.000e+00
     38.373   68.18700 -167.29564     4.0507    31.9875    1463.59  0.000e+00
     38.381   68.18700 -167.29564     4.0673    32.0082    1463.69  0.000e+00
     38.435   68.18700 -167.29564     4.0934    31.9985    1463.78  0.000e+00
     38.435   68.18700 -167.29564     4.1108    31.9695    1463.82  0.000e+00
     38.427   68.18700 -167.29564     4.1157    31.9499    1463.82  0.000e+00
     38.435   68.18700 -167.29564     4.1160    31.9553    1463.82  0.000e+00
     38.551   68.18700 -167.29564     4.1201    31.9689    1463.86  0.000e+00
     38.435   68.18700 -167.29564     4.1278    31.9729    1463.90  0.000e+00
     38.543   68.18700 -167.29564     4.1331    31.9250    1463.86  0.000e+00
     38.551   68.18700 -167.29564     4.1111    31.8589    1463.68  0.000e+00
     38.612   68.18700 -167.29564     4.0614    31.8372    1463.45  0.000e+00
     38.551   68.18700 -167.29562     4.0055    31.8547    1463.23  0.000e+00
     38.659   68.18700 -167.29562     3.9579    31.8955    1463.09  0.000e+00
     38.612   68.18700 -167.29562     3.9263    31.9383    1463.01  0.000e+00
     38.666   68.18700 -167.29562     3.9091    31.9740    1462.98  0.000e+00
     38.720   68.18700 -167.29562     3.9066    32.0088    1463.02  0.000e+00
     38.659   68.18700 -167.29562     3.9217    32.0256    1463.10  0.000e+00
     38.720   68.18700 -167.29562     3.9406    32.0104    1463.16  0.000e+00
     38.836   68.18700 -167.29562     3.9481    31.9835    1463.16  0.000e+00
     38.713   68.18700 -167.29562     3.9430    31.9629    1463.11  0.000e+00
     38.836   68.18700 -167.29562     3.9305    31.9555    1463.05  0.000e+00
     38.836   68.18700 -167.29562     3.9163    31.9561    1462.99  0.000e+00
     38.836   68.18700 -167.29562     3.9018    31.9506    1462.93  0.000e+00
     38.890   68.18700 -167.29562     3.8845    31.9531    1462.86  0.000e+00
     38.898   68.18700 -167.29562     3.8685    31.9658    1462.81  0.000e+00
     38.952   68.18700 -167.29562     3.8565    31.9758    1462.77  0.000e+00
     38.952   68.18700 -167.29562     3.8474    31.9781    1462.73  0.000e+00
     38.998   68.18700 -167.29562     3.8377    31.9764    1462.69  0.000e+00
     39.013   68.18700 -167.29562     3.8265    31.9761    1462.64  0.000e+00
     39.013   68.18700 -167.29562     3.8150    31.9823    1462.60  0.000e+00
     39.067   68.18700 -167.29562     3.8072    31.9906    1462.58  0.000e+00
     39.060   68.18700 -167.29562     3.8038    31.9998    1462.58  0.000e+00
     39.121   68.18700 -167.29562     3.8024    31.9858    1462.56  0.000e+00
     39.121   68.18700 -167.29562     3.7878    31.9724    1462.48  0.000e+00
     39.183   68.18700 -167.29562     3.7703    31.9740    1462.41  0.000e+00
     39.114   68.18700 -167.29562     3.7535    31.9707    1462.33  0.000e+00
     39.183   68.18700 -167.29562     3.7295    31.9452    1462.20  0.000e+00
     39.237   68.18700 -167.29562     3.6854    31.9113    1461.97  0.000e+00
     39.237   68.18700 -167.29562     3.6262    31.9108    1461.72  0.000e+00
     39.291   68.18700 -167.29562     3.5732    31.9259    1461.51  0.000e+00
     39.237   68.18700 -167.29562     3.5261    31.9477    1461.34  0.000e+00
     39.299   68.18700 -167.29562     3.4852    31.9699    1461.19  0.000e+00
     39.299   68.18700 -167.29562     3.4490    31.9910    1461.07  0.000e+00
     39.407   68.18700 -167.29562     3.4203    32.0103    1460.97  0.000e+00
     39.353   68.18700 -167.29562     3.3991    32.0258    1460.90  0.000e+00
     39.353   68.18700 -167.29562     3.3829    32.0365    1460.85  0.000e+00
     39.414   68.18700 -167.29562     3.3688    32.0462    1460.80  0.000e+00
     39.407   68.18700 -167.29562     3.3590    32.0527    1460.77  0.000e+00
     39.468   68.18700 -167.29562     3.3507    32.0586    1460.74  0.000e+00
     39.414   68.18700 -167.29562     3.3446    32.0635    1460.72  0.000e+00
     39.522   68.18700 -167.29562     3.3397    32.0673    1460.70  0.000e+00
     39.468   68.18700 -167.29562     3.3360    32.0698    1460.69  0.000e+00
     39.461   68.18700 -167.29562     3.3329    32.0723    1460.68  0.000e+00
     39.584   68.18700 -167.29562     3.3311    32.0730    1460.68  0.000e+00
     39.468   68.18700 -167.29562     3.3296    32.0744    1460.67  0.000e+00
     39.584   68.18700 -167.29562     3.3291    32.0746    1460.67  0.000e+00
     39.576   68.18700 -167.29562     3.3283    32.0753    1460.67  0.000e+00
     39.584   68.18700 -167.29562     3.3270    32.0756    1460.66  0.000e+00
     39.584   68.18700 -167.29562     3.3252    32.0768    1460.66  0.000e+00
     39.584   68.18700 -167.29562     3.3244    32.0790    1460.66  0.000e+00
