EcoFOCI/data/1_SampleCollection/2023_SikuliaqDBO_CruiseData/CTD_raw_BottleFile_SKQ23-12S/proc/skq202312s_079.ros
* Sea-Bird SBE 9 Data File:
* FileName = D:\CTD\SKQ202312S\SKQ202312S_079.hex
* Software Version Seasave V 7.26.7.121
* Temperature SN = 6177
* Conductivity SN = 0369
* Number of Bytes Per Scan = 41
* Number of Voltage Words = 4
* Number of Scans Averaged by the Deck Unit = 1
* NMEA Latitude = 65 44.28 N
* NMEA Longitude = 168 38.83 W
* NMEA UTC (Time) = Oct 03 2023  07:05:08
* NMEA baud rate = 4800
** Ship: R/V Sikuliaq
** Station Number: 079
** Station Name: BS6
** Bottom Depth: 51
** Operator: SD
# nquan = 22
# nvalues = 784                                   
# units = specified
# name 0 = depSM: Depth [salt water, m]
# name 1 = latitude: Latitude [deg]
# name 2 = longitude: Longitude [deg]
# name 3 = prDM: Pressure, Digiquartz [db]
# name 4 = t090C: Temperature [ITS-90, deg C]
# name 5 = t190C: Temperature, 2 [ITS-90, deg C]
# name 6 = potemp090C: Potential Temperature [ITS-90, deg C]
# name 7 = sal00: Salinity, Practical [PSU]
# name 8 = sal11: Salinity, Practical, 2 [PSU]
# name 9 = density00: Density [density, kg/m^3]
# name 10 = sigma-é00: Density [sigma-theta, kg/m^3]
# name 11 = sbox0Mm/Kg: Oxygen, SBE 43 [umol/kg]
# name 12 = sbox1Mm/Kg: Oxygen, SBE 43, 2 [umol/kg]
# name 13 = oxsolMm/Kg: Oxygen Saturation, Garcia & Gordon [umol/kg]
# name 14 = sbeox0PS: Oxygen, SBE 43 [% saturation]
# name 15 = v0: Voltage 0
# name 16 = flECO-AFL: Fluorescence, WET Labs ECO-AFL/FL [mg/m^3]
# name 17 = CStarAt0: Beam Attenuation, WET Labs C-Star [1/m]
# name 18 = par: PAR/Irradiance, Biospherical/Licor
# name 19 = scan: Scan Count
# name 20 = nbf: Bottles Fired
# name 21 = flag:  0.000e+00
# interval = seconds: 0.0416667
# start_time = Oct 03 2023 07:08:37 [NMEA time, first data scan]
# bad_flag = -9.990e-29
*END*
[from data line 66]
     45.700   65.73776 -168.64804     46.160     2.8574     2.8586     2.8548    32.5980    32.8134  1026.1971    25.9803    243.347    235.502  329.64722     73.820     0.2808     1.3370     0.9706 1.0000e-12       5854          2  0.000e+00
     45.700   65.73776 -168.64804     46.160     2.8572     2.8589     2.8547    32.5981    32.8133  1026.1972    25.9804    243.352    235.507  329.64812     73.822     0.2833     1.3516     0.9706 1.0000e-12       5855          2  0.000e+00
     45.700   65.73776 -168.64804     46.160     2.8574     2.8588     2.8548    32.5983    32.8135  1026.1973    25.9805    243.357    235.711  329.64641     73.824     0.2833     1.3516     0.9706 1.0000e-12       5856          2  0.000e+00
     45.700   65.73776 -168.64804     46.160     2.8575     2.8588     2.8550    32.5979    32.8133  1026.1970    25.9802    243.364    235.718  329.64611     73.826     0.2833     1.3516     0.9706 1.0000e-12       5857          2  0.000e+00
     45.700   65.73776 -168.64804     46.160     2.8574     2.8586     2.8549    32.5979    32.8132  1026.1970    25.9802    243.337    235.725  329.64702     73.817     0.2833     1.3516     0.9706 1.0000e-12       5858          2  0.000e+00
     45.754   65.73776 -168.64804     46.214     2.8574     2.8588     2.8548    32.5978    32.8134  1026.1973    25.9802    243.311    235.730  329.64749     73.809     0.2833     1.3516     0.9706 1.0000e-12       5859          2  0.000e+00
     45.700   65.73776 -168.64804     46.160     2.8575     2.8586     2.8550    32.5977    32.8134  1026.1969    25.9801    243.317    235.757  329.64652     73.811     0.2821     1.3443     0.9706 1.0000e-12       5860          2  0.000e+00
     45.700   65.73776 -168.64804     46.160     2.8575     2.8589     2.8550    32.5975    32.8130  1026.1967    25.9799    243.328    235.783  329.64702     73.815     0.2833     1.3516     0.9706 1.0000e-12       5861          2  0.000e+00
     45.700   65.73776 -168.64804     46.160     2.8574     2.8586     2.8548    32.5976    32.8132  1026.1968    25.9800    243.341    235.813  329.64813     73.818     0.2833     1.3516     0.9667 1.0000e-12       5862          2  0.000e+00
     45.754   65.73776 -168.64804     46.214     2.8575     2.8588     2.8550    32.5974    32.8134  1026.1969    25.9798    243.355    235.841  329.64720     73.823     0.2821     1.3443     0.9588 1.0000e-12       5863          2  0.000e+00
     45.700   65.73776 -168.64804     46.160     2.8575     2.8589     2.8550    32.5978    32.8134  1026.1970    25.9802    243.367    235.842  329.64621     73.827     0.2833     1.3516     0.9548 1.0000e-12       5864          2  0.000e+00
     45.754   65.73776 -168.64804     46.214     2.8577     2.8588     2.8551    32.5979    32.8133  1026.1972    25.9802    243.384    235.872  329.64528     73.832     0.2821     1.3443     0.9548 1.0000e-12       5865          2  0.000e+00
     45.754   65.73776 -168.64804     46.214     2.8577     2.8588     2.8551    32.5977    32.8134  1026.1971    25.9800    243.402    235.898  329.64578     73.838     0.2833     1.3516     0.9561 1.0000e-12       5866          2  0.000e+00
     45.700   65.73776 -168.64804     46.160     2.8575     2.8588     2.8550    32.5984    32.8132  1026.1974    25.9806    243.419    235.924  329.64490     73.843     0.2833     1.3516     0.9548 1.0000e-12       5867          2  0.000e+00
     45.754   65.73776 -168.64804     46.214     2.8574     2.8588     2.8549    32.5985    32.8134  1026.1978    25.9807    243.442    235.952  329.64548     73.850     0.2833     1.3516     0.9561 1.0000e-12       5868          2  0.000e+00
     45.754   65.73776 -168.64804     46.214     2.8577     2.8589     2.8551    32.5984    32.8131  1026.1977    25.9806    243.463    235.954  329.64386     73.856     0.2821     1.3443     0.9561 1.0000e-12       5869          2  0.000e+00
     45.700   65.73776 -168.64804     46.160     2.8575     2.8586     2.8550    32.5982    32.8134  1026.1972    25.9804    243.230    235.760  329.64541     73.785     0.2833     1.3516     0.9561 1.0000e-12       5870          2  0.000e+00
     45.754   65.73776 -168.64804     46.214     2.8577     2.8589     2.8551    32.5979    32.8133  1026.1972    25.9802    243.221    235.959  329.64528     73.783     0.2833     1.3516     0.9561 1.0000e-12       5871          2  0.000e+00
     45.754   65.73776 -168.64804     46.214     2.8575     2.8589     2.8550    32.5984    32.8133  1026.1977    25.9806    243.177    235.961  329.64487     73.769     0.2833     1.3516     0.9561 1.0000e-12       5872          2  0.000e+00
     45.754   65.73776 -168.64804     46.214     2.8574     2.8589     2.8548    32.5994    32.8131  1026.1985    25.9814    243.170    235.962  329.64366     73.768     0.2833     1.3516     0.9561 1.0000e-12       5873          2  0.000e+00
     45.808   65.73776 -168.64804     46.269     2.8574     2.8586     2.8548    32.5989    32.8134  1026.1984    25.9811    243.170    235.989  329.64474     73.767     0.2833     1.3516     0.9548 1.0000e-12       5874          2  0.000e+00
     45.754   65.73776 -168.64804     46.214     2.8575     2.8589     2.8550    32.5987    32.8133  1026.1979    25.9809    243.167    235.986  329.64396     73.767     0.2833     1.3516     0.9561 1.0000e-12       5875          2  0.000e+00
     45.754   65.73776 -168.64804     46.214     2.8577     2.8589     2.8551    32.5987    32.8131  1026.1979    25.9809    243.389    235.985  329.64306     73.834     0.2821     1.3443     0.9561 1.0000e-12       5876          2  0.000e+00
     45.815   65.73776 -168.64804     46.276     2.8575     2.8589     2.8550    32.5984    32.8128  1026.1980    25.9806    243.614    235.986  329.64475     73.902     0.2833     1.3516     0.9561 1.0000e-12       5877          2  0.000e+00
     45.754   65.73776 -168.64804     46.214     2.8574     2.8588     2.8549    32.5988    32.8134  1026.1980    25.9809    243.211    235.981  329.64467     73.780     0.2601     1.2124     0.9548 1.0000e-12       5878          2  0.000e+00
     45.815   65.73776 -168.64804     46.276     2.8574     2.8591     2.8548    32.5988    32.8131  1026.1983    25.9809    243.400    235.977  329.64515     73.837     0.2442     1.1172     0.9548 1.0000e-12       5879          2  0.000e+00
     45.815   65.73776 -168.64804     46.276     2.8575     2.8588     2.8550    32.5986    32.8133  1026.1981    25.9807    243.439    235.974  329.64435     73.849     0.2418     1.1025     0.9561 1.0000e-12       5880          2  0.000e+00
     45.808   65.73776 -168.64804     46.269     2.8577     2.8588     2.8551    32.5982    32.8134  1026.1978    25.9804    243.443    235.968  329.64444     73.850     0.2418     1.1025     0.9561 1.0000e-12       5881          2  0.000e+00
     45.754   65.73776 -168.64806     46.214     2.8575     2.8591     2.8550    32.5985    32.8137  1026.1978    25.9807    243.483    235.957  329.64457     73.862     0.2430     1.1099     0.9575 1.0000e-12       5882          2  0.000e+00
     45.815   65.73776 -168.64806     46.276     2.8577     2.8588     2.8551    32.5984    32.8136  1026.1980    25.9806    243.308    235.954  329.64395     73.809     0.2430     1.1099     0.9614 1.0000e-12       5883          2  0.000e+00
     45.815   65.73776 -168.64806     46.276     2.8575     2.8588     2.8550    32.5992    32.8133  1026.1986    25.9812    243.500    235.970  329.64283     73.868     0.2430     1.1099     0.9627 1.0000e-12       5884          2  0.000e+00
     45.815   65.73776 -168.64806     46.276     2.8577     2.8588     2.8551    32.5993    32.8137  1026.1987    25.9813    243.545    235.960  329.64162     73.882     0.2418     1.1025     0.9627 1.0000e-12       5885          2  0.000e+00
     45.869   65.73776 -168.64806     46.331     2.8571     2.8592     2.8545    32.6092    32.8134  1026.2069    25.9893    243.909    234.768  329.62158     73.997     0.2418     1.1025     0.9812 1.0000e-12       6139          3  0.000e+00
     45.815   65.73776 -168.64806     46.276     2.8569     2.8591     2.8543    32.6095    32.8138  1026.2069    25.9895    244.121    234.741  329.62221     74.061     0.2405     1.0952     0.9812 1.0000e-12       6140          3  0.000e+00
     45.815   65.73776 -168.64806     46.276     2.8571     2.8592     2.8545    32.6087    32.8138  1026.2062    25.9889    243.892    234.718  329.62292     73.991     0.2405     1.0952     0.9812 1.0000e-12       6141          3  0.000e+00
     45.869   65.73776 -168.64806     46.331     2.8570     2.8591     2.8544    32.6087    32.8139  1026.2065    25.9889    243.808    234.922  329.62329     73.966     0.2418     1.1025     0.9812 1.0000e-12       6142          3  0.000e+00
     45.815   65.73776 -168.64806     46.276     2.8569     2.8590     2.8543    32.6092    32.8136  1026.2066    25.9893    243.827    234.951  329.62302     73.971     0.2405     1.0952     0.9812 1.0000e-12       6143          3  0.000e+00
     45.931   65.73776 -168.64806     46.393     2.8571     2.8591     2.8545    32.6092    32.8134  1026.2072    25.9893    244.069    235.184  329.62156     74.045     0.2418     1.1025     0.9812 1.0000e-12       6144          3  0.000e+00
     45.869   65.73776 -168.64806     46.331     2.8572     2.8589     2.8546    32.6094    32.8141  1026.2070    25.9894    243.864    235.241  329.61997     73.983     0.2405     1.0952     0.9812 1.0000e-12       6145          3  0.000e+00
     45.869   65.73776 -168.64806     46.331     2.8569     2.8589     2.8543    32.6094    32.8138  1026.2070    25.9894    244.067    235.082  329.62258     74.044     0.2418     1.1025     0.9812 1.0000e-12       6146          3  0.000e+00
     45.869   65.73776 -168.64806     46.331     2.8571     2.8589     2.8545    32.6091    32.8141  1026.2068    25.9892    244.079    235.096  329.62198     74.048     0.2405     1.0952     0.9812 1.0000e-12       6147          3  0.000e+00
     45.931   65.73776 -168.64806     46.393     2.8571     2.8588     2.8545    32.6090    32.8140  1026.2070    25.9891    243.873    235.117  329.62217     73.985     0.2418     1.1025     0.9812 1.0000e-12       6148          3  0.000e+00
     45.869   65.73776 -168.64806     46.331     2.8571     2.8588     2.8545    32.6095    32.8141  1026.2071    25.9895    243.732    235.134  329.62097     73.943     0.2405     1.0952     0.9799 1.0000e-12       6149          3  0.000e+00
     45.931   65.73776 -168.64806     46.393     2.8571     2.8588     2.8545    32.6092    32.8142  1026.2072    25.9892    243.702    235.181  329.62176     73.934     0.2405     1.0952     0.9799 1.0000e-12       6150          3  0.000e+00
     45.931   65.73776 -168.64806     46.393     2.8569     2.8588     2.8543    32.6094    32.8143  1026.2073    25.9894    243.925    235.228  329.62257     74.001     0.2418     1.1025     0.9799 1.0000e-12       6151          3  0.000e+00
     45.923   65.73776 -168.64806     46.386     2.8570     2.8586     2.8544    32.6093    32.8141  1026.2073    25.9894    243.998    235.256  329.62175     74.024     0.2418     1.1025     0.9812 1.0000e-12       6152          3  0.000e+00
     45.931   65.73776 -168.64806     46.393     2.8569     2.8588     2.8543    32.6092    32.8138  1026.2072    25.9893    243.999    235.285  329.62287     74.024     0.2418     1.1025     0.9812 1.0000e-12       6153          3  0.000e+00
     45.931   65.73776 -168.64806     46.393     2.8572     2.8586     2.8546    32.6090    32.8144  1026.2070    25.9891    243.994    235.315  329.62076     74.023     0.2405     1.0952     0.9799 1.0000e-12       6154          3  0.000e+00
     45.931   65.73776 -168.64806     46.393     2.8569     2.8586     2.8543    32.6094    32.8141  1026.2074    25.9895    243.771    235.325  329.62236     73.955     0.2418     1.1025     0.9799 1.0000e-12       6155          3  0.000e+00
     45.985   65.73776 -168.64806     46.448     2.8571     2.8588     2.8545    32.6095    32.8140  1026.2077    25.9895    243.948    235.359  329.62093     74.009     0.2405     1.0952     0.9799 1.0000e-12       6156          3  0.000e+00
     45.931   65.73776 -168.64806     46.393     2.8571     2.8586     2.8545    32.6094    32.8141  1026.2073    25.9894    243.936    235.394  329.62126     74.005     0.2418     1.1025     0.9799 1.0000e-12       6157          3  0.000e+00
     45.985   65.73776 -168.64806     46.448     2.8571     2.8589     2.8545    32.6095    32.8139  1026.2076    25.9895    243.961    235.431  329.62103     74.013     0.2405     1.0952     0.9799 1.0000e-12       6158          3  0.000e+00
     45.931   65.73776 -168.64806     46.393     2.8569     2.8583     2.8543    32.6097    32.8146  1026.2076    25.9897    243.982    235.447  329.62166     74.019     0.2442     1.1172     0.9799 1.0000e-12       6159          3  0.000e+00
     45.985   65.73776 -168.64806     46.448     2.8569     2.8585     2.8543    32.6093    32.8145  1026.2075    25.9894    243.749    235.464  329.62274     73.948     0.2479     1.1392     0.9799 1.0000e-12       6160          3  0.000e+00
     45.985   65.73776 -168.64806     46.448     2.8569     2.8586     2.8543    32.6093    32.8140  1026.2076    25.9894    243.622    235.481  329.62264     73.909     0.2479     1.1392     0.9799 1.0000e-12       6161          3  0.000e+00
     45.985   65.73776 -168.64806     46.448     2.8570     2.8583     2.8544    32.6091    32.8142  1026.2074    25.9892    243.418    235.501  329.62234     73.848     0.2479     1.1392     0.9799 1.0000e-12       6162          3  0.000e+00
     45.985   65.73776 -168.64806     46.448     2.8569     2.8583     2.8543    32.6096    32.8147  1026.2078    25.9896    243.584    235.520  329.62203     73.898     0.2466     1.1319     0.9812 1.0000e-12       6163          3  0.000e+00
     45.985   65.73776 -168.64806     46.448     2.8571     2.8585     2.8545    32.6093    32.8140  1026.2075    25.9894    243.529    235.540  329.62133     73.881     0.2479     1.1392     0.9799 1.0000e-12       6164          3  0.000e+00
     46.047   65.73776 -168.64806     46.510     2.8569     2.8583     2.8543    32.6094    32.8139  1026.2079    25.9894    243.513    235.564  329.62252     73.876     0.2466     1.1319     0.9799 1.0000e-12       6165          3  0.000e+00
     45.985   65.73776 -168.64806     46.448     2.8569     2.8583     2.8543    32.6099    32.8144  1026.2080    25.9898    243.747    235.560  329.62133     73.947     0.2479     1.1392     0.9733 1.0000e-12       6166          3  0.000e+00
     46.047   65.73776 -168.64806     46.510     2.8569     2.8583     2.8543    32.6099    32.8143  1026.2083    25.9899    243.728    235.560  329.62111     73.942     0.2466     1.1319     0.9706 1.0000e-12       6167          3  0.000e+00
     45.985   65.73776 -168.64806     46.448     2.8572     2.8581     2.8546    32.6097    32.8144  1026.2078    25.9896    243.737    235.581  329.61921     73.945     0.2479     1.1392     0.9706 1.0000e-12       6168          3  0.000e+00
     46.047   65.73776 -168.64806     46.510     2.8569     2.8583     2.8543    32.6100    32.8142  1026.2084    25.9899    243.753    235.605  329.62100     73.949     0.2466     1.1319     0.9706 1.0000e-12       6169          3  0.000e+00
     45.985   65.73776 -168.64806     46.448     2.8569     2.8583     2.8543    32.6102    32.8142  1026.2082    25.9901    243.724    235.603  329.62052     73.941     0.2466     1.1319     0.9706 1.0000e-12       6170          3  0.000e+00
     46.047   65.73776 -168.64806     46.510     2.8571     2.8583     2.8545    32.6101    32.8143  1026.2084    25.9900    243.732    235.605  329.61949     73.944     0.2479     1.1392     0.9706 1.0000e-12       6171          3  0.000e+00
