EcoFOCI/data/1_SampleCollection/2023_SikuliaqDBO_CruiseData/CTD_raw_BottleFile_SKQ23-12S/proc/skq202312s_034.ros
* Sea-Bird SBE 9 Data File:
* FileName = D:\CTD\SKQ202312S\SKQ202312S_034.hex
* Software Version Seasave V 7.26.7.121
* Temperature SN = 6177
* Conductivity SN = 0369
* Number of Bytes Per Scan = 41
* Number of Voltage Words = 4
* Number of Scans Averaged by the Deck Unit = 1
* NMEA Latitude = 71 37.15 N
* NMEA Longitude = 157 55.43 W
* NMEA UTC (Time) = Sep 21 2023  16:36:56
* NMEA baud rate = 4800
** Ship: R/V Sikuliaq
** Station Number: 034
** Station Name: DBO5.10
** Bottom Depth: 62
** Operator: SD
# nquan = 22
# nvalues = 1029                                  
# units = specified
# name 0 = depSM: Depth [salt water, m]
# name 1 = latitude: Latitude [deg]
# name 2 = longitude: Longitude [deg]
# name 3 = prDM: Pressure, Digiquartz [db]
# name 4 = t090C: Temperature [ITS-90, deg C]
# name 5 = t190C: Temperature, 2 [ITS-90, deg C]
# name 6 = potemp090C: Potential Temperature [ITS-90, deg C]
# name 7 = sal00: Salinity, Practical [PSU]
# name 8 = sal11: Salinity, Practical, 2 [PSU]
# name 9 = density00: Density [density, kg/m^3]
# name 10 = sigma-é00: Density [sigma-theta, kg/m^3]
# name 11 = sbox0Mm/Kg: Oxygen, SBE 43 [umol/kg]
# name 12 = sbox1Mm/Kg: Oxygen, SBE 43, 2 [umol/kg]
# name 13 = oxsolMm/Kg: Oxygen Saturation, Garcia & Gordon [umol/kg]
# name 14 = sbeox0PS: Oxygen, SBE 43 [% saturation]
# name 15 = v0: Voltage 0
# name 16 = flECO-AFL: Fluorescence, WET Labs ECO-AFL/FL [mg/m^3]
# name 17 = CStarAt0: Beam Attenuation, WET Labs C-Star [1/m]
# name 18 = par: PAR/Irradiance, Biospherical/Licor
# name 19 = scan: Scan Count
# name 20 = nbf: Bottles Fired
# name 21 = flag:  0.000e+00
# interval = seconds: 0.0416667
# start_time = Sep 21 2023 16:38:35 [NMEA time, first data scan]
# bad_flag = -9.990e-29
*END*
[from data line 461]
     29.866   71.61910 -157.92432     30.177    -1.4741    -1.4705    -1.4746    32.4083    32.4171  1026.2121    26.0664    317.732    302.777  369.23559     86.051     0.0806     0.1355     0.4894 6.3147e-01      16898         10  0.000e+00
     29.882   71.61910 -157.92432     30.192    -1.4732    -1.4701    -1.4737    32.4079    32.4173  1026.2119    26.0661    318.261    302.745  369.22750     86.197     0.0818     0.1428     0.4894 6.3147e-01      16899         10  0.000e+00
     29.805   71.61910 -157.92432     30.115    -1.4722    -1.4700    -1.4728    32.4072    32.4171  1026.2109    26.0655    318.109    302.710  369.22036     86.157     0.0830     0.1502     0.4894 6.2937e-01      16900         10  0.000e+00
     29.828   71.61910 -157.92432     30.138    -1.4715    -1.4695    -1.4720    32.4070    32.4165  1026.2109    26.0653    318.120    302.710  369.21346     86.161     0.0818     0.1428     0.4894 6.2937e-01      16901         10  0.000e+00
     29.805   71.61910 -157.92432     30.115    -1.4707    -1.4691    -1.4712    32.4061    32.4162  1026.2100    26.0646    318.179    302.706  369.20808     86.179     0.0818     0.1428     0.4894 6.3147e-01      16902         10  0.000e+00
     29.828   71.61910 -157.92432     30.138    -1.4700    -1.4691    -1.4706    32.4055    32.4167  1026.2096    26.0641    317.930    302.707  369.20294     86.113     0.0818     0.1428     0.4894 6.3570e-01      16903         10  0.000e+00
     29.805   71.61910 -157.92432     30.115    -1.4697    -1.4691    -1.4702    32.4054    32.4167  1026.2094    26.0640    318.149    302.708  369.19980     86.173     0.0818     0.1428     0.4894 6.3570e-01      16904         10  0.000e+00
     29.766   71.61910 -157.92432     30.076    -1.4688    -1.4687    -1.4694    32.4051    32.4168  1026.2089    26.0637    317.895    302.704  369.19277     86.105     0.0806     0.1355     0.4894 6.3570e-01      16905         10  0.000e+00
     29.805   71.61910 -157.92432     30.115    -1.4684    -1.4687    -1.4690    32.4048    32.4168  1026.2088    26.0634    318.114    302.707  369.18961     86.166     0.0818     0.1428     0.4882 6.3570e-01      16906         10  0.000e+00
     29.712   71.61910 -157.92432     30.021    -1.4681    -1.4685    -1.4687    32.4049    32.4160  1026.2085    26.0635    318.117    302.704  369.18585     86.167     0.0830     0.1502     0.4894 6.3570e-01      16907         10  0.000e+00
     29.751   71.61910 -157.92432     30.060    -1.4675    -1.4681    -1.4681    32.4039    32.4161  1026.2079    26.0627    318.174    302.703  369.18289     86.183     0.0806     0.1355     0.4894 6.3570e-01      16908         10  0.000e+00
     29.766   71.61910 -157.92432     30.076    -1.4675    -1.4680    -1.4680    32.4041    32.4162  1026.2081    26.0629    318.182    302.704  369.18178     86.186     0.0818     0.1428     0.4882 6.3358e-01      16909         10  0.000e+00
     29.689   71.61910 -157.92432     29.998    -1.4671    -1.4677    -1.4676    32.4037    32.4161  1026.2074    26.0625    318.182    302.699  369.17904     86.186     0.0806     0.1355     0.4882 6.3358e-01      16910         10  0.000e+00
     29.766   71.61908 -157.92430     30.076    -1.4669    -1.4674    -1.4674    32.4034    32.4156  1026.2075    26.0623    318.188    302.702  369.17813     86.188     0.0818     0.1428     0.4882 6.3570e-01      16911         10  0.000e+00
     29.689   71.61908 -157.92430     29.998    -1.4669    -1.4673    -1.4674    32.4030    32.4158  1026.2068    26.0619    317.930    302.698  369.17937     86.118     0.0806     0.1355     0.4894 6.3996e-01      16912         10  0.000e+00
     29.712   71.61908 -157.92430     30.021    -1.4669    -1.4668    -1.4675    32.4033    32.4150  1026.2072    26.0622    318.142    302.698  369.17892     86.176     0.0818     0.1428     0.4894 6.4209e-01      16913         10  0.000e+00
     29.751   71.61908 -157.92430     30.060    -1.4670    -1.4667    -1.4676    32.4035    32.4150  1026.2075    26.0624    318.143    302.700  369.17888     86.176     0.0818     0.1428     0.4882 6.3996e-01      16914         10  0.000e+00
     29.712   71.61908 -157.92430     30.021    -1.4668    -1.4667    -1.4673    32.4035    32.4154  1026.2073    26.0623    317.879    302.665  369.17675     86.105     0.0818     0.1428     0.4894 6.4638e-01      16915         10  0.000e+00
     29.635   71.61908 -157.92430     29.943    -1.4667    -1.4671    -1.4673    32.4033    32.4158  1026.2068    26.0622    318.083    302.632  369.17660     86.160     0.0818     0.1428     0.4882 6.5069e-01      16916         10  0.000e+00
     29.712   71.61908 -157.92430     30.021    -1.4667    -1.4669    -1.4672    32.4032    32.4153  1026.2071    26.0621    318.340    302.634  369.17647     86.230     0.0806     0.1355     0.4894 6.5069e-01      16917         10  0.000e+00
     29.689   71.61908 -157.92430     29.998    -1.4665    -1.4673    -1.4671    32.4026    32.4158  1026.2065    26.0616    318.173    302.634  369.17703     86.185     0.0818     0.1428     0.4894 6.4638e-01      16918         10  0.000e+00
     29.712   71.61908 -157.92430     30.021    -1.4667    -1.4676    -1.4673    32.4033    32.4158  1026.2072    26.0622    318.166    302.636  369.17674     86.183     0.0806     0.1355     0.4882 6.4423e-01      16919         10  0.000e+00
     29.689   71.61908 -157.92430     29.998    -1.4668    -1.4671    -1.4673    32.4031    32.4155  1026.2069    26.0621    318.207    302.630  369.17771     86.194     0.0818     0.1428     0.4894 6.4423e-01      16920         10  0.000e+00
     29.689   71.61908 -157.92430     29.998    -1.4669    -1.4668    -1.4674    32.4031    32.4154  1026.2069    26.0621    318.249    302.626  369.17887     86.205     0.0842     0.1575     0.4882 6.4638e-01      16921         10  0.000e+00
     29.650   71.61908 -157.92430     29.959    -1.4667    -1.4667    -1.4672    32.4027    32.4153  1026.2063    26.0617    317.978    302.622  369.17799     86.131     0.0867     0.1721     0.4882 6.5069e-01      16922         10  0.000e+00
     29.689   71.61908 -157.92430     29.998    -1.4667    -1.4663    -1.4673    32.4024    32.4148  1026.2063    26.0615    318.180    302.620  369.17932     86.186     0.0879     0.1795     0.4882 6.5069e-01      16923         10  0.000e+00
     29.712   71.61908 -157.92430     30.021    -1.4671    -1.4665    -1.4676    32.4025    32.4150  1026.2065    26.0616    318.172    302.621  369.18246     86.183     0.0879     0.1795     0.4894 6.4853e-01      16924         10  0.000e+00
     29.751   71.61908 -157.92430     30.060    -1.4675    -1.4668    -1.4680    32.4026    32.4149  1026.2068    26.0617    318.163    302.624  369.18613     86.179     0.0879     0.1795     0.4894 6.4853e-01      16925         10  0.000e+00
     29.650   71.61908 -157.92430     29.959    -1.4681    -1.4683    -1.4686    32.4031    32.4166  1026.2067    26.0620    317.889    302.629  369.19112     86.104     0.0879     0.1795     0.4882 6.4638e-01      16926         10  0.000e+00
     20.400   71.61904 -157.92450     20.612    -1.4024    -1.3996    -1.4028    32.2264    32.2294  1026.0166    25.9170    328.606    313.338  369.05245     89.041     0.1087     0.3040     0.4777 1.8880e+00      19574         11  0.000e+00
     20.377   71.61906 -157.92450     20.588    -1.4022    -1.3992    -1.4026    32.2262    32.2295  1026.0162    25.9168    328.586    313.093  369.05148     89.035     0.1123     0.3260     0.4789 1.8880e+00      19575         11  0.000e+00
     20.315   71.61906 -157.92450     20.526    -1.4022    -1.3991    -1.4026    32.2264    32.2294  1026.0161    25.9170    328.562    313.074  369.05088     89.029     0.1111     0.3187     0.4777 1.8936e+00      19576         11  0.000e+00
     20.377   71.61906 -157.92450     20.588    -1.4021    -1.3991    -1.4024    32.2263    32.2305  1026.0163    25.9169    328.747    313.285  369.04944     89.079     0.1123     0.3260     0.4777 1.9050e+00      19577         11  0.000e+00
     20.338   71.61906 -157.92450     20.549    -1.4019    -1.3991    -1.4023    32.2266    32.2310  1026.0164    25.9172    328.405    313.293  369.04735     88.987     0.1111     0.3187     0.4777 1.9050e+00      19578         11  0.000e+00
     20.315   71.61906 -157.92450     20.526    -1.4019    -1.3989    -1.4023    32.2269    32.2306  1026.0165    25.9174    328.317    313.070  369.04643     88.964     0.1111     0.3187     0.4777 1.9050e+00      19579         11  0.000e+00
     20.315   71.61906 -157.92450     20.526    -1.4022    -1.3992    -1.4026    32.2276    32.2303  1026.0171    25.9180    328.229    313.045  369.04739     88.939     0.1111     0.3187     0.4777 1.9107e+00      19580         11  0.000e+00
     20.284   71.61906 -157.92450     20.495    -1.4019    -1.3992    -1.4023    32.2274    32.2297  1026.0168    25.9178    328.182    313.244  369.04501     88.927     0.1111     0.3187     0.4777 1.9107e+00      19581         11  0.000e+00
     20.315   71.61906 -157.92450     20.526    -1.4018    -1.3993    -1.4021    32.2273    32.2288  1026.0169    25.9177    328.137    313.246  369.04352     88.916     0.1123     0.3260     0.4789 1.9221e+00      19582         11  0.000e+00
     20.261   71.61906 -157.92450     20.471    -1.4022    -1.3994    -1.4026    32.2282    32.2287  1026.0173    25.9184    328.192    313.238  369.04567     88.930     0.1123     0.3260     0.4777 1.9279e+00      19583         11  0.000e+00
     20.315   71.61906 -157.92450     20.526    -1.4021    -1.3995    -1.4024    32.2280    32.2290  1026.0174    25.9183    328.149    313.458  369.04447     88.918     0.1123     0.3260     0.4777 1.9336e+00      19584         11  0.000e+00
     20.284   71.61906 -157.92450     20.495    -1.4021    -1.3992    -1.4024    32.2278    32.2283  1026.0171    25.9182    328.101    313.243  369.04492     88.905     0.1111     0.3187     0.4789 1.9336e+00      19585         11  0.000e+00
     20.261   71.61906 -157.92450     20.472    -1.4021    -1.3995    -1.4025    32.2281    32.2292  1026.0172    25.9184    328.051    313.223  369.04477     88.892     0.1123     0.3260     0.4777 1.9279e+00      19586         11  0.000e+00
     20.261   71.61906 -157.92450     20.472    -1.4021    -1.3992    -1.4024    32.2282    32.2289  1026.0173    25.9185    327.999    313.197  369.04376     88.878     0.1111     0.3187     0.4777 1.9279e+00      19587         11  0.000e+00
     20.261   71.61906 -157.92450     20.472    -1.4022    -1.3992    -1.4026    32.2290    32.2290  1026.0179    25.9191    327.946    313.169  369.04331     88.864     0.1111     0.3187     0.4777 1.9279e+00      19588         11  0.000e+00
     20.169   71.61906 -157.92450     20.378    -1.4021    -1.3989    -1.4024    32.2290    32.2289  1026.0175    25.9191    327.936    313.131  369.04147     88.861     0.1123     0.3260     0.4777 1.9336e+00      19589         11  0.000e+00
     20.261   71.61906 -157.92450     20.472    -1.4018    -1.3991    -1.4021    32.2281    32.2292  1026.0172    25.9184    327.935    313.100  369.04118     88.861     0.1111     0.3187     0.4777 1.9394e+00      19590         11  0.000e+00
     20.200   71.61906 -157.92450     20.409    -1.4016    -1.3991    -1.4020    32.2281    32.2283  1026.0169    25.9184    328.442    313.288  369.04004     88.999     0.1123     0.3260     0.4789 1.9394e+00      19591         11  0.000e+00
     20.231   71.61906 -157.92450     20.440    -1.4013    -1.3992    -1.4017    32.2284    32.2281  1026.0173    25.9186    327.963    313.050  369.03576     88.870     0.1111     0.3187     0.4777 1.9510e+00      19592         11  0.000e+00
     20.200   71.61906 -157.92450     20.409    -1.4012    -1.3993    -1.4016    32.2282    32.2277  1026.0169    25.9184    327.951    313.035  369.03542     88.867     0.1111     0.3187     0.4789 1.9510e+00      19593         11  0.000e+00
     20.200   71.61906 -157.92450     20.409    -1.4015    -1.3995    -1.4019    32.2284    32.2270  1026.0171    25.9186    327.892    313.020  369.03763     88.851     0.1111     0.3187     0.4789 1.9510e+00      19594         11  0.000e+00
     20.146   71.61906 -157.92450     20.355    -1.4015    -1.3998    -1.4019    32.2281    32.2274  1026.0167    25.9184    327.878    313.032  369.03840     88.847     0.1111     0.3187     0.4789 1.9627e+00      19595         11  0.000e+00
     20.169   71.61906 -157.92450     20.378    -1.4010    -1.4001    -1.4014    32.2274    32.2276  1026.0162    25.9178    327.864    313.013  369.03594     88.843     0.1111     0.3187     0.4789 1.9627e+00      19596         11  0.000e+00
     20.146   71.61906 -157.92450     20.355    -1.4012    -1.4001    -1.4016    32.2258    32.2272  1026.0148    25.9165    327.857    312.987  369.04230     88.840     0.1111     0.3187     0.4789 1.9685e+00      19597         11  0.000e+00
     20.200   71.61906 -157.92450     20.409    -1.4008    -1.4000    -1.4012    32.2239    32.2277  1026.0135    25.9149    327.848    312.993  369.04441     88.837     0.1123     0.3260     0.4789 1.9685e+00      19598         11  0.000e+00
     20.115   71.61904 -157.92450     20.324    -1.4007    -1.4001    -1.4011    32.2231    32.2279  1026.0124    25.9143    327.833    313.189  369.04548     88.833     0.1111     0.3187     0.4789 1.9685e+00      19599         11  0.000e+00
     20.146   71.61904 -157.92450     20.355    -1.4007    -1.3997    -1.4011    32.2229    32.2284  1026.0124    25.9141    327.823    313.184  369.04615     88.830     0.1087     0.3040     0.4789 1.9685e+00      19600         11  0.000e+00
     20.092   71.61904 -157.92450     20.300    -1.4006    -1.3995    -1.4009    32.2235    32.2290  1026.0126    25.9146    327.805    313.173  369.04277     88.826     0.1062     0.2894     0.4789 1.9685e+00      19601         11  0.000e+00
     20.146   71.61904 -157.92450     20.355    -1.4006    -1.3988    -1.4009    32.2246    32.2294  1026.0137    25.9155    327.792    313.158  369.03963     88.823     0.1074     0.2967     0.4789 1.9685e+00      19602         11  0.000e+00
     20.115   71.61904 -157.92450     20.324    -1.4001    -1.3984    -1.4005    32.2245    32.2299  1026.0135    25.9154    327.517    313.172  369.03520     88.749     0.1050     0.2820     0.4789 1.9685e+00      19603         11  0.000e+00
     20.092   71.61904 -157.92450     20.300    -1.3998    -1.3986    -1.4002    32.2245    32.2303  1026.0134    25.9154    327.711    313.188  369.03234     88.803     0.1062     0.2894     0.4789 1.9744e+00      19604         11  0.000e+00
     20.092   71.61904 -157.92450     20.300    -1.3996    -1.3986    -1.4000    32.2244    32.2298  1026.0134    25.9153    327.699    312.976  369.03080     88.800     0.1074     0.2967     0.4789 1.9803e+00      19605         11  0.000e+00
     20.146   71.61904 -157.92450     20.355    -1.3995    -1.3985    -1.3998    32.2241    32.2290  1026.0134    25.9151    327.690    312.961  369.02997     88.798     0.1062     0.2894     0.4789 1.9803e+00      19606         11  0.000e+00
     20.053   71.61904 -157.92450     20.261    -1.3992    -1.3986    -1.3996    32.2241    32.2282  1026.0129    25.9151    327.416    313.168  369.02711     88.724     0.1074     0.2967     0.4789 1.9803e+00      19607         11  0.000e+00
     20.092   71.61904 -157.92450     20.300    -1.3987    -1.3988    -1.3991    32.2232    32.2283  1026.0124    25.9143    327.358    312.952  369.02517     88.709     0.1062     0.2894     0.4789 1.9862e+00      19608         11  0.000e+00
     20.030   71.61904 -157.92450     20.238    -1.3987    -1.3986    -1.3991    32.2236    32.2283  1026.0124    25.9146    327.299    313.153  369.02407     88.693     0.1074     0.2967     0.4789 1.9921e+00      19609         11  0.000e+00
