EcoFOCI/data/1_SampleCollection/2023_SikuliaqDBO_CruiseData/CTD_raw_BottleFile_SKQ23-12S/proc/skq202312s_074.ros
* Sea-Bird SBE 9 Data File:
* FileName = D:\CTD\SKQ202312S\SKQ202312S_074.hex
* Software Version Seasave V 7.26.7.121
* Temperature SN = 6177
* Conductivity SN = 0369
* Number of Bytes Per Scan = 41
* Number of Voltage Words = 4
* Number of Scans Averaged by the Deck Unit = 1
* NMEA Latitude = 68 11.23 N
* NMEA Longitude = 167 17.73 W
* NMEA UTC (Time) = Oct 02 2023  03:41:14
* NMEA baud rate = 4800
** Ship: R/V Sikuliaq
** Station Number: 074
** Station Name: DBO3.3
** Bottom Depth: 47
** Operator: SD
# nquan = 22
# nvalues = 784                                   
# units = specified
# name 0 = depSM: Depth [salt water, m]
# name 1 = latitude: Latitude [deg]
# name 2 = longitude: Longitude [deg]
# name 3 = prDM: Pressure, Digiquartz [db]
# name 4 = t090C: Temperature [ITS-90, deg C]
# name 5 = t190C: Temperature, 2 [ITS-90, deg C]
# name 6 = potemp090C: Potential Temperature [ITS-90, deg C]
# name 7 = sal00: Salinity, Practical [PSU]
# name 8 = sal11: Salinity, Practical, 2 [PSU]
# name 9 = density00: Density [density, kg/m^3]
# name 10 = sigma-é00: Density [sigma-theta, kg/m^3]
# name 11 = sbox0Mm/Kg: Oxygen, SBE 43 [umol/kg]
# name 12 = sbox1Mm/Kg: Oxygen, SBE 43, 2 [umol/kg]
# name 13 = oxsolMm/Kg: Oxygen Saturation, Garcia & Gordon [umol/kg]
# name 14 = sbeox0PS: Oxygen, SBE 43 [% saturation]
# name 15 = v0: Voltage 0
# name 16 = flECO-AFL: Fluorescence, WET Labs ECO-AFL/FL [mg/m^3]
# name 17 = CStarAt0: Beam Attenuation, WET Labs C-Star [1/m]
# name 18 = par: PAR/Irradiance, Biospherical/Licor
# name 19 = scan: Scan Count
# name 20 = nbf: Bottles Fired
# name 21 = flag:  0.000e+00
# interval = seconds: 0.0416667
# start_time = Oct 02 2023 03:44:53 [NMEA time, first data scan]
# bad_flag = -9.990e-29
*END*
[from data line 593]
     10.069   68.18700 -167.29566     10.171     6.2044     6.1928     6.2036    29.5818    29.6253  1023.2977    23.2506    284.229    270.042  311.06932     91.372     0.2234     0.9927     0.6814 1.1611e+00      18860         13  0.000e+00
     10.154   68.18700 -167.29566     10.257     6.2040     6.1916     6.2032    29.5825    29.6260  1023.2988    23.2512    284.431    270.014  311.07012     91.436     0.2234     0.9927     0.6789 1.1611e+00      18861         13  0.000e+00
     10.154   68.18700 -167.29566     10.257     6.2034     6.1902     6.2026    29.5841    29.6263  1023.3000    23.2525    284.458    269.984  311.07108     91.445     0.2247     1.0000     0.6777 1.1575e+00      18862         13  0.000e+00
     10.092   68.18700 -167.29566     10.194     6.2032     6.1901     6.2024    29.5847    29.6254  1023.3003    23.2531    284.480    269.962  311.07100     91.452     0.2234     0.9927     0.6777 1.1575e+00      18863         13  0.000e+00
     10.092   68.18700 -167.29566     10.194     6.2031     6.1894     6.2023    29.5847    29.6252  1023.3003    23.2530    284.704    269.942  311.07188     91.523     0.2234     0.9927     0.6777 1.1611e+00      18864         13  0.000e+00
     10.154   68.18700 -167.29566     10.257     6.2030     6.1893     6.2022    29.5849    29.6252  1023.3008    23.2532    284.557    269.920  311.07241     91.476     0.2234     0.9927     0.6777 1.1611e+00      18865         13  0.000e+00
     10.092   68.18700 -167.29566     10.194     6.2028     6.1899     6.2020    29.5844    29.6249  1023.3001    23.2529    284.548    269.887  311.07502     91.472     0.2259     1.0073     0.6777 1.1647e+00      18866         13  0.000e+00
     10.123   68.18700 -167.29566     10.225     6.2025     6.1912     6.2017    29.5844    29.6234  1023.3003    23.2529    284.569    269.853  311.07725     91.478     0.2308     1.0366     0.6777 1.1719e+00      18867         13  0.000e+00
     10.154   68.18700 -167.29566     10.257     6.2019     6.1924     6.2012    29.5844    29.6207  1023.3005    23.2530    284.590    269.820  311.08098     91.484     0.2332     1.0513     0.6777 1.1719e+00      18868         13  0.000e+00
     10.092   68.18700 -167.29566     10.194     6.2021     6.1923     6.2014    29.5839    29.6191  1023.2998    23.2526    284.602    269.790  311.08059     91.488     0.2320     1.0439     0.6777 1.1719e+00      18869         13  0.000e+00
     10.154   68.18700 -167.29566     10.257     6.2019     6.1926     6.2012    29.5838    29.6176  1023.3000    23.2525    284.620    269.760  311.08232     91.494     0.2332     1.0513     0.6777 1.1683e+00      18870         13  0.000e+00
     10.154   68.18700 -167.29566     10.257     6.2018     6.1926     6.2011    29.5831    29.6178  1023.2995    23.2520    284.636    269.706  311.08470     91.498     0.2320     1.0439     0.6777 1.1683e+00      18871         13  0.000e+00
     10.154   68.18700 -167.29566     10.257     6.2019     6.1916     6.2012    29.5830    29.6191  1023.2994    23.2518    284.647    269.673  311.08433     91.501     0.2332     1.0513     0.6777 1.1683e+00      18872         13  0.000e+00
     10.154   68.18700 -167.29566     10.257     6.2020     6.1918     6.2012    29.5828    29.6192  1023.2992    23.2517    284.657    269.812  311.08440     91.505     0.2320     1.0439     0.6777 1.1647e+00      18873         13  0.000e+00
     10.123   68.18700 -167.29566     10.225     6.2019     6.1932     6.2012    29.5833    29.6176  1023.2995    23.2521    284.665    269.781  311.08346     91.508     0.2332     1.0513     0.6777 1.1647e+00      18874         13  0.000e+00
     10.154   68.18700 -167.29566     10.257     6.2020     6.1953     6.2012    29.5845    29.6139  1023.3005    23.2530    284.671    269.770  311.08046     91.510     0.2320     1.0439     0.6777 1.1647e+00      18875         13  0.000e+00
     10.154   68.18700 -167.29566     10.257     6.2019     6.1966     6.2012    29.5917    29.6100  1023.3062    23.2587    284.862    269.761  311.06428     91.577     0.2332     1.0513     0.6777 1.1647e+00      18876         13  0.000e+00
     10.154   68.18700 -167.29566     10.257     6.2017     6.1994     6.2009    29.6028    29.6044  1023.3150    23.2675    284.874    269.564  311.04063     91.587     0.2320     1.0439     0.6777 1.1647e+00      18877         13  0.000e+00
     10.154   68.18700 -167.29566     10.257     6.2013     6.2011     6.2005    29.6133    29.6028  1023.3234    23.2758    284.885    269.707  311.01937     91.597     0.2332     1.0513     0.6777 1.1647e+00      18878         13  0.000e+00
     10.208   68.18700 -167.29566     10.311     6.2010     6.2004     6.2002    29.6199    29.6068  1023.3289    23.2811    284.903    269.694  311.00600     91.607     0.2320     1.0439     0.6777 1.1611e+00      18879         13  0.000e+00
     10.154   68.18700 -167.29566     10.257     6.2008     6.1999     6.2000    29.6248    29.6090  1023.3325    23.2849    284.918    269.678  310.99627     91.615     0.2332     1.0513     0.6777 1.1611e+00      18880         13  0.000e+00
     10.154   68.18700 -167.29566     10.257     6.2009     6.2004     6.2001    29.6327    29.6069  1023.3387    23.2912    284.924    269.683  310.97771     91.622     0.2320     1.0439     0.6802 1.1611e+00      18881         13  0.000e+00
     10.184   68.18700 -167.29564     10.288     6.2003     6.2008     6.1995    29.6414    29.6041  1023.3458    23.2981    284.733    269.691  310.96181     91.565     0.2320     1.0439     0.6802 1.1575e+00      18882         13  0.000e+00
     10.208   68.18700 -167.29564     10.311     6.2001     6.2023     6.1993    29.6447    29.6012  1023.3485    23.3007    284.920    269.870  310.95613     91.627     0.2332     1.0513     0.6802 1.1575e+00      18883         13  0.000e+00
     10.208   68.18700 -167.29564     10.311     6.1996     6.2027     6.1988    29.6467    29.5997  1023.3501    23.3024    284.937    269.890  310.95520     91.633     0.2332     1.0513     0.6802 1.1575e+00      18884         13  0.000e+00
     10.154   68.18700 -167.29564     10.257     6.1996     6.2035     6.1988    29.6514    29.5990  1023.3536    23.3060    284.882    269.921  310.94413     91.618     0.2332     1.0513     0.6802 1.1575e+00      18885         13  0.000e+00
     10.208   68.18700 -167.29564     10.311     6.1989     6.2044     6.1981    29.6597    29.5972  1023.3604    23.3127    284.882    269.758  310.93023     91.622     0.2320     1.0439     0.6802 1.1575e+00      18886         13  0.000e+00
     10.208   68.18700 -167.29564     10.311     6.1982     6.2050     6.1974    29.6669    29.5954  1023.3662    23.3184    284.880    269.936  310.91887     91.625     0.2332     1.0513     0.6802 1.1575e+00      18887         13  0.000e+00
     10.208   68.18700 -167.29564     10.311     6.1976     6.2050     6.1968    29.6712    29.5938  1023.3697    23.3219    284.881    269.954  310.91301     91.627     0.2320     1.0439     0.6802 1.1539e+00      18888         13  0.000e+00
     10.238   68.18700 -167.29564     10.342     6.1972     6.2053     6.1964    29.6698    29.5923  1023.3688    23.3208    284.892    269.989  310.91922     91.629     0.2332     1.0513     0.6802 1.1467e+00      18889         13  0.000e+00
     10.154   68.18700 -167.29564     10.257     6.1967     6.2046     6.1959    29.6671    29.5927  1023.3663    23.3188    284.929    270.021  310.92948     91.638     0.2332     1.0513     0.6802 1.1432e+00      18890         13  0.000e+00
     10.269   68.18700 -167.29564     10.373     6.1967     6.2049     6.1959    29.6661    29.5922  1023.3660    23.3179    285.134    270.056  310.93151     91.703     0.2332     1.0513     0.6802 1.1432e+00      18891         13  0.000e+00
     10.208   68.18700 -167.29564     10.311     6.1961     6.2062     6.1953    29.6679    29.5906  1023.3672    23.3194    284.958    270.078  310.93146     91.646     0.2259     1.0073     0.6802 1.1432e+00      18892         13  0.000e+00
     10.269   68.18700 -167.29564     10.373     6.1962     6.2069     6.1954    29.6706    29.5893  1023.3696    23.3215    284.948    270.089  310.92452     91.645     0.2234     0.9927     0.6802 1.1467e+00      18893         13  0.000e+00
     10.269   68.18700 -167.29564     10.373     6.1960     6.2070     6.1952    29.6729    29.5886  1023.3715    23.3234    284.966    270.296  310.92091     91.652     0.2210     0.9780     0.6802 1.1467e+00      18894         13  0.000e+00
     10.208   68.18700 -167.29564     10.311     6.1958     6.2078     6.1950    29.6720    29.5873  1023.3705    23.3228    284.957    270.336  310.92444     91.648     0.2222     0.9853     0.6802 1.1432e+00      18895         13  0.000e+00
     10.238   68.18700 -167.29564     10.342     6.1957     6.2058     6.1949    29.6714    29.5896  1023.3702    23.3223    284.949    270.390  310.92669     91.645     0.2210     0.9780     0.6802 1.1432e+00      18896         13  0.000e+00
     10.269   68.18700 -167.29564     10.373     6.1956     6.2035     6.1948    29.6716    29.5930  1023.3705    23.3224    285.135    270.442  310.92692     91.705     0.2222     0.9853     0.6802 1.1432e+00      18897         13  0.000e+00
     10.323   68.18700 -167.29564     10.428     6.1957     6.2026     6.1949    29.6727    29.5959  1023.3717    23.3233    285.144    270.466  310.92358     91.709     0.2222     0.9853     0.6802 1.1397e+00      18898         13  0.000e+00
     10.269   68.18700 -167.29564     10.373     6.1953     6.2018     6.1945    29.6753    29.5973  1023.3734    23.3254    285.147    270.684  310.92072     91.711     0.2222     0.9853     0.6802 1.1361e+00      18899         13  0.000e+00
     10.269   68.18700 -167.29564     10.373     6.1952     6.2007     6.1944    29.6783    29.5984  1023.3758    23.3278    285.145    270.564  310.91454     91.712     0.2222     0.9853     0.6814 1.1397e+00      18900         13  0.000e+00
     10.323   68.18700 -167.29564     10.428     6.1948     6.2007     6.1940    29.6792    29.5982  1023.3768    23.3285    285.177    270.581  310.91513     91.722     0.2222     0.9853     0.6814 1.1432e+00      18901         13  0.000e+00
     10.269   68.18700 -167.29564     10.373     6.1947     6.2005     6.1939    29.6800    29.5986  1023.3772    23.3291    284.973    270.593  310.91401     91.657     0.2222     0.9853     0.6814 1.1467e+00      18902         13  0.000e+00
     10.354   68.18700 -167.29564     10.459     6.1945     6.1985     6.1937    29.6838    29.6020  1023.3806    23.3322    285.136    270.614  310.90713     91.711     0.2222     0.9853     0.6814 1.1467e+00      18903         13  0.000e+00
      3.019   68.18694 -167.29566      3.049     6.4538     6.4551     6.4536    25.9302    25.9408  1020.3602    20.3460    293.997    275.989  317.70252     92.538     0.2906     1.3956     0.9548 1.0216e+01      22155         14  0.000e+00
      2.903   68.18694 -167.29566      2.932     6.4538     6.4552     6.4536    25.9230    25.9366  1020.3540    20.3403    294.002    275.985  317.71949     92.535     0.2894     1.3883     0.9548 1.0216e+01      22156         14  0.000e+00
      2.957   68.18694 -167.29566      2.987     6.4539     6.4552     6.4537    25.9169    25.9346  1020.3495    20.3356    293.984    275.989  317.73287     92.525     0.2906     1.3956     0.9548 1.0216e+01      22157         14  0.000e+00
      2.957   68.18694 -167.29566      2.987     6.4538     6.4553     6.4536    25.9122    25.9359  1020.3457    20.3318    293.992    275.991  317.74480     92.525     0.2894     1.3883     0.9535 1.0274e+01      22158         14  0.000e+00
      2.957   68.18694 -167.29566      2.987     6.4541     6.4550     6.4539    25.9090    25.9402  1020.3433    20.3293    294.199    275.995  317.74982     92.588     0.2906     1.3956     0.9548 1.0304e+01      22159         14  0.000e+00
      2.957   68.18694 -167.29566      2.987     6.4541     6.4551     6.4539    25.9072    25.9432  1020.3418    20.3279    294.060    276.005  317.75464     92.543     0.2906     1.3956     0.9548 1.0304e+01      22160         14  0.000e+00
      2.903   68.18694 -167.29566      2.933     6.4541     6.4551     6.4539    25.9070    25.9421  1020.3414    20.3278    294.265    275.845  317.75454     92.608     0.2955     1.4249     0.9548 1.0274e+01      22161         14  0.000e+00
      2.903   68.18694 -167.29566      2.933     6.4541     6.4554     6.4539    25.9080    25.9368  1020.3422    20.3285    294.297    275.847  317.75223     92.618     0.2967     1.4322     0.9548 1.0274e+01      22162         14  0.000e+00
      2.957   68.18694 -167.29566      2.987     6.4545     6.4556     6.4542    25.9081    25.9284  1020.3425    20.3285    294.130    276.045  317.74984     92.566     0.2943     1.4176     0.9548 1.0274e+01      22163         14  0.000e+00
      2.903   68.18694 -167.29566      2.933     6.4545     6.4557     6.4543    25.9056    25.9183  1020.3403    20.3266    294.142    275.902  317.75522     92.569     0.2955     1.4249     0.9548 1.0274e+01      22164         14  0.000e+00
      2.903   68.18694 -167.29566      2.933     6.4545     6.4559     6.4543    25.9029    25.9108  1020.3381    20.3245    294.362    275.926  317.76157     92.636     0.2955     1.4249     0.9548 1.0274e+01      22165         14  0.000e+00
      2.903   68.18694 -167.29566      2.933     6.4545     6.4561     6.4542    25.9001    25.9059  1020.3359    20.3222    294.410    275.951  317.76861     92.649     0.2955     1.4249     0.9548 1.0274e+01      22166         14  0.000e+00
      2.903   68.18694 -167.29566      2.933     6.4547     6.4560     6.4544    25.8976    25.9013  1020.3340    20.3203    294.456    275.983  317.77278     92.662     0.2955     1.4249     0.9535 1.0245e+01      22167         14  0.000e+00
      2.841   68.18694 -167.29566      2.870     6.4547     6.4561     6.4544    25.8961    25.8988  1020.3325    20.3191    294.269    275.995  317.77637     92.602     0.2955     1.4249     0.9548 1.0216e+01      22168         14  0.000e+00
      2.903   68.18694 -167.29566      2.933     6.4546     6.4560     6.4544    25.8958    25.8987  1020.3325    20.3189    294.288    276.195  317.77751     92.608     0.2943     1.4176     0.9548 1.0216e+01      22169         14  0.000e+00
      2.903   68.18694 -167.29566      2.933     6.4547     6.4562     6.4544    25.8954    25.8990  1020.3322    20.3185    294.481    276.230  317.77810     92.669     0.2955     1.4249     0.9548 1.0187e+01      22170         14  0.000e+00
      2.903   68.18694 -167.29566      2.933     6.4548     6.4559     6.4546    25.8946    25.9010  1020.3316    20.3179    294.499    276.270  317.77866     92.674     0.2943     1.4176     0.9548 1.0187e+01      22171         14  0.000e+00
      2.842   68.18694 -167.29566      2.870     6.4549     6.4557     6.4547    25.8930    25.9025  1020.3300    20.3167    294.517    276.313  317.78168     92.679     0.2955     1.4249     0.9548 1.0158e+01      22172         14  0.000e+00
      2.842   68.18694 -167.29566      2.870     6.4547     6.4560     6.4544    25.8922    25.9013  1020.3294    20.3161    294.538    276.364  317.78543     92.685     0.2943     1.4176     0.9548 1.0101e+01      22173         14  0.000e+00
      2.903   68.18694 -167.29566      2.933     6.4548     6.4561     6.4546    25.8924    25.8978  1020.3299    20.3162    294.557    276.410  317.78382     92.691     0.2955     1.4249     0.9548 1.0015e+01      22174         14  0.000e+00
      2.842   68.18694 -167.29566      2.870     6.4548     6.4560     6.4545    25.8932    25.8942  1020.3302    20.3168    294.600    276.456  317.78239     92.705     0.2943     1.4176     0.9548 1.0015e+01      22175         14  0.000e+00
