EcoFOCI/data/1_SampleCollection/2023_SikuliaqDBO_CruiseData/CTD_raw_BottleFile_SKQ23-12S/proc/skq202312s_053svp.cnv
* Sea-Bird SBE 9 Data File:
* FileName = D:\CTD\SKQ202312S\SKQ202312S_053.hex
* Software Version Seasave V 7.26.7.121
* Temperature SN = 6177
* Conductivity SN = 0369
* Number of Bytes Per Scan = 41
* Number of Voltage Words = 4
* Number of Scans Averaged by the Deck Unit = 1
* NMEA Latitude = 70 50.92 N
* NMEA Longitude = 163 11.04 W
* NMEA UTC (Time) = Sep 26 2023  23:34:43
* NMEA baud rate = 4800
** Ship: R/V Sikuliaq
** Station Number: 053
** Station Name: IC9
** Bottom Depth: 44
** Operator: SS
# nquan = 7
# nvalues = 4192                                  
# units = specified
# name 0 = depSM: Depth [salt water, m]
# name 1 = latitude: Latitude [deg]
# name 2 = longitude: Longitude [deg]
# name 3 = t090C: Temperature [ITS-90, deg C]
# name 4 = sal00: Salinity, Practical [PSU]
# name 5 = svCM: Sound Velocity [Chen-Millero, m/s]
# name 6 = flag:  0.000e+00
# span 0 =      2.319,     38.959                 
# span 1 =   70.84866,   70.84870                 
# span 2 = -163.18456, -163.18434                 
# span 3 =     4.3929,     6.8622                 
# span 4 =    29.2773,    31.8033                 
# span 5 =    1464.58,    1473.92                 
# span 6 = 0.0000e+00, 0.0000e+00                 
# interval = seconds: 0.0416667
# start_time = Sep 26 2023 23:38:01 [NMEA time, first data scan]
# bad_flag = -9.990e-29
*END*
[from data line 3488]
     34.197   70.84868 -163.18454     4.3969    31.7874    1464.71  0.000e+00
     34.212   70.84868 -163.18454     4.3969    31.7871    1464.71  0.000e+00
     34.258   70.84868 -163.18454     4.3965    31.7872    1464.71  0.000e+00
     34.212   70.84868 -163.18454     4.3962    31.7876    1464.71  0.000e+00
     34.266   70.84868 -163.18454     4.3962    31.7879    1464.71  0.000e+00
     34.258   70.84868 -163.18454     4.3964    31.7882    1464.71  0.000e+00
     34.328   70.84868 -163.18454     4.3962    31.7877    1464.71  0.000e+00
     34.212   70.84868 -163.18454     4.3959    31.7878    1464.71  0.000e+00
     34.312   70.84868 -163.18454     4.3960    31.7878    1464.71  0.000e+00
     34.328   70.84868 -163.18454     4.3959    31.7880    1464.71  0.000e+00
     34.258   70.84868 -163.18454     4.3962    31.7877    1464.71  0.000e+00
     34.328   70.84868 -163.18454     4.3962    31.7879    1464.71  0.000e+00
     34.266   70.84868 -163.18454     4.3959    31.7883    1464.71  0.000e+00
     34.312   70.84868 -163.18454     4.3960    31.7882    1464.71  0.000e+00
     34.328   70.84868 -163.18454     4.3959    31.7881    1464.71  0.000e+00
     34.328   70.84868 -163.18454     4.3957    31.7880    1464.71  0.000e+00
     34.374   70.84868 -163.18454     4.3959    31.7879    1464.71  0.000e+00
     34.382   70.84868 -163.18454     4.3959    31.7880    1464.71  0.000e+00
     34.374   70.84868 -163.18454     4.3959    31.7877    1464.71  0.000e+00
     34.382   70.84868 -163.18454     4.3959    31.7871    1464.71  0.000e+00
     34.382   70.84868 -163.18454     4.3960    31.7867    1464.71  0.000e+00
     34.428   70.84868 -163.18454     4.3957    31.7875    1464.71  0.000e+00
     34.382   70.84868 -163.18454     4.3957    31.7874    1464.71  0.000e+00
     34.381   70.84868 -163.18454     4.3957    31.7869    1464.71  0.000e+00
     34.489   70.84868 -163.18454     4.3953    31.7878    1464.71  0.000e+00
     34.443   70.84868 -163.18454     4.3957    31.7874    1464.71  0.000e+00
     34.443   70.84868 -163.18454     4.3954    31.7880    1464.71  0.000e+00
     34.489   70.84868 -163.18454     4.3956    31.7882    1464.71  0.000e+00
     34.443   70.84868 -163.18454     4.3956    31.7885    1464.71  0.000e+00
     34.543   70.84868 -163.18454     4.3956    31.7883    1464.71  0.000e+00
     34.443   70.84868 -163.18454     4.3959    31.7879    1464.71  0.000e+00
     34.559   70.84868 -163.18454     4.3956    31.7880    1464.71  0.000e+00
     34.543   70.84868 -163.18454     4.3959    31.7877    1464.71  0.000e+00
     34.497   70.84868 -163.18454     4.3957    31.7882    1464.71  0.000e+00
     34.559   70.84868 -163.18454     4.3960    31.7879    1464.71  0.000e+00
     34.543   70.84868 -163.18454     4.3959    31.7883    1464.71  0.000e+00
     34.559   70.84868 -163.18454     4.3959    31.7885    1464.71  0.000e+00
     34.597   70.84868 -163.18454     4.3960    31.7885    1464.72  0.000e+00
     34.559   70.84868 -163.18454     4.3960    31.7884    1464.72  0.000e+00
     34.613   70.84868 -163.18454     4.3962    31.7885    1464.72  0.000e+00
     34.597   70.84868 -163.18454     4.3960    31.7884    1464.72  0.000e+00
     34.613   70.84868 -163.18454     4.3961    31.7884    1464.72  0.000e+00
     34.612   70.84868 -163.18454     4.3960    31.7881    1464.72  0.000e+00
     34.659   70.84868 -163.18454     4.3960    31.7884    1464.72  0.000e+00
     34.666   70.84868 -163.18454     4.3964    31.7886    1464.72  0.000e+00
     34.666   70.84868 -163.18454     4.3960    31.7883    1464.72  0.000e+00
     34.659   70.84868 -163.18454     4.3964    31.7880    1464.72  0.000e+00
     34.666   70.84868 -163.18454     4.3963    31.7883    1464.72  0.000e+00
     34.713   70.84868 -163.18454     4.3962    31.7883    1464.72  0.000e+00
     34.728   70.84868 -163.18454     4.3965    31.7882    1464.72  0.000e+00
     34.666   70.84868 -163.18454     4.3965    31.7883    1464.72  0.000e+00
     34.774   70.84868 -163.18454     4.3964    31.7882    1464.72  0.000e+00
     34.728   70.84868 -163.18454     4.3964    31.7884    1464.72  0.000e+00
     34.728   70.84868 -163.18454     4.3966    31.7880    1464.72  0.000e+00
     34.774   70.84868 -163.18454     4.3962    31.7881    1464.72  0.000e+00
     34.728   70.84868 -163.18454     4.3964    31.7881    1464.72  0.000e+00
     34.782   70.84868 -163.18454     4.3964    31.7879    1464.72  0.000e+00
     34.828   70.84868 -163.18454     4.3962    31.7876    1464.72  0.000e+00
     34.782   70.84868 -163.18454     4.3963    31.7876    1464.72  0.000e+00
     34.774   70.84868 -163.18454     4.3962    31.7873    1464.72  0.000e+00
     34.844   70.84868 -163.18454     4.3959    31.7873    1464.72  0.000e+00
     34.844   70.84868 -163.18454     4.3959    31.7870    1464.72  0.000e+00
     34.828   70.84868 -163.18454     4.3959    31.7869    1464.72  0.000e+00
     34.843   70.84868 -163.18454     4.3954    31.7876    1464.72  0.000e+00
     34.843   70.84868 -163.18454     4.3956    31.7873    1464.72  0.000e+00
     34.890   70.84868 -163.18454     4.3957    31.7875    1464.72  0.000e+00
     34.843   70.84868 -163.18454     4.3956    31.7876    1464.72  0.000e+00
     34.897   70.84868 -163.18454     4.3956    31.7877    1464.72  0.000e+00
     34.890   70.84868 -163.18454     4.3954    31.7879    1464.72  0.000e+00
     34.951   70.84868 -163.18454     4.3956    31.7876    1464.72  0.000e+00
     34.897   70.84868 -163.18454     4.3954    31.7878    1464.72  0.000e+00
     34.944   70.84868 -163.18454     4.3954    31.7875    1464.72  0.000e+00
     34.897   70.84868 -163.18454     4.3956    31.7872    1464.72  0.000e+00
     34.944   70.84868 -163.18454     4.3952    31.7880    1464.72  0.000e+00
     34.951   70.84868 -163.18454     4.3954    31.7875    1464.72  0.000e+00
     34.951   70.84868 -163.18454     4.3956    31.7877    1464.72  0.000e+00
     34.998   70.84868 -163.18454     4.3956    31.7881    1464.72  0.000e+00
     34.951   70.84868 -163.18454     4.3956    31.7881    1464.72  0.000e+00
     35.013   70.84868 -163.18454     4.3956    31.7878    1464.72  0.000e+00
     34.998   70.84868 -163.18454     4.3959    31.7876    1464.72  0.000e+00
     35.013   70.84868 -163.18454     4.3957    31.7880    1464.72  0.000e+00
     34.951   70.84868 -163.18454     4.3956    31.7880    1464.72  0.000e+00
     35.059   70.84868 -163.18454     4.3957    31.7872    1464.72  0.000e+00
     35.013   70.84868 -163.18454     4.3956    31.7875    1464.72  0.000e+00
     35.067   70.84868 -163.18454     4.3956    31.7873    1464.72  0.000e+00
     35.059   70.84868 -163.18454     4.3956    31.7873    1464.72  0.000e+00
     35.067   70.84868 -163.18454     4.3956    31.7881    1464.72  0.000e+00
     35.059   70.84868 -163.18454     4.3958    31.7884    1464.72  0.000e+00
     35.067   70.84868 -163.18454     4.3959    31.7881    1464.72  0.000e+00
     35.067   70.84868 -163.18454     4.3960    31.7878    1464.72  0.000e+00
     35.113   70.84868 -163.18454     4.3962    31.7874    1464.72  0.000e+00
     35.067   70.84868 -163.18454     4.3960    31.7875    1464.72  0.000e+00
     35.128   70.84868 -163.18454     4.3962    31.7871    1464.72  0.000e+00
     35.113   70.84868 -163.18454     4.3959    31.7873    1464.72  0.000e+00
     35.182   70.84868 -163.18454     4.3959    31.7872    1464.72  0.000e+00
     35.128   70.84868 -163.18454     4.3959    31.7877    1464.72  0.000e+00
     35.175   70.84868 -163.18454     4.3959    31.7874    1464.72  0.000e+00
     35.128   70.84868 -163.18454     4.3959    31.7876    1464.72  0.000e+00
     35.182   70.84868 -163.18454     4.3959    31.7877    1464.72  0.000e+00
     35.175   70.84868 -163.18454     4.3959    31.7875    1464.72  0.000e+00
     35.182   70.84868 -163.18454     4.3957    31.7875    1464.72  0.000e+00
     35.182   70.84868 -163.18454     4.3957    31.7875    1464.72  0.000e+00
     35.175   70.84868 -163.18454     4.3959    31.7877    1464.72  0.000e+00
     35.244   70.84868 -163.18454     4.3959    31.7877    1464.73  0.000e+00
     35.229   70.84868 -163.18454     4.3959    31.7877    1464.73  0.000e+00
     35.182   70.84868 -163.18454     4.3960    31.7877    1464.72  0.000e+00
     35.298   70.84868 -163.18454     4.3962    31.7873    1464.73  0.000e+00
     35.229   70.84868 -163.18454     4.3962    31.7874    1464.73  0.000e+00
     35.244   70.84868 -163.18454     4.3962    31.7875    1464.73  0.000e+00
     35.244   70.84868 -163.18454     4.3962    31.7877    1464.73  0.000e+00
     35.290   70.84868 -163.18454     4.3963    31.7873    1464.73  0.000e+00
     35.298   70.84868 -163.18454     4.3964    31.7875    1464.73  0.000e+00
     35.244   70.84868 -163.18454     4.3964    31.7876    1464.73  0.000e+00
     35.344   70.84868 -163.18454     4.3964    31.7876    1464.73  0.000e+00
     35.298   70.84868 -163.18454     4.3962    31.7876    1464.73  0.000e+00
     35.298   70.84868 -163.18454     4.3965    31.7876    1464.73  0.000e+00
     35.344   70.84868 -163.18454     4.3964    31.7876    1464.73  0.000e+00
     35.298   70.84868 -163.18454     4.3965    31.7876    1464.73  0.000e+00
     35.352   70.84868 -163.18454     4.3964    31.7873    1464.73  0.000e+00
     35.344   70.84868 -163.18454     4.3967    31.7874    1464.73  0.000e+00
     35.352   70.84868 -163.18454     4.3967    31.7872    1464.73  0.000e+00
     35.290   70.84868 -163.18454     4.3967    31.7874    1464.73  0.000e+00
     35.413   70.84868 -163.18454     4.3968    31.7875    1464.73  0.000e+00
     35.413   70.84868 -163.18454     4.3967    31.7875    1464.73  0.000e+00
     35.398   70.84868 -163.18454     4.3965    31.7875    1464.73  0.000e+00
     35.352   70.84868 -163.18454     4.3967    31.7871    1464.73  0.000e+00
     35.413   70.84868 -163.18454     4.3967    31.7874    1464.73  0.000e+00
     35.398   70.84868 -163.18454     4.3966    31.7872    1464.73  0.000e+00
     35.467   70.84868 -163.18454     4.3965    31.7873    1464.73  0.000e+00
     35.352   70.84868 -163.18454     4.3967    31.7869    1464.73  0.000e+00
     35.460   70.84868 -163.18454     4.3965    31.7875    1464.73  0.000e+00
     35.467   70.84868 -163.18454     4.3965    31.7873    1464.73  0.000e+00
     35.467   70.84868 -163.18454     4.3965    31.7873    1464.73  0.000e+00
     35.460   70.84868 -163.18454     4.3966    31.7871    1464.73  0.000e+00
     35.467   70.84868 -163.18454     4.3965    31.7873    1464.73  0.000e+00
     35.467   70.84868 -163.18454     4.3964    31.7877    1464.73  0.000e+00
     35.513   70.84868 -163.18454     4.3964    31.7878    1464.73  0.000e+00
     35.467   70.84868 -163.18454     4.3967    31.7875    1464.73  0.000e+00
     35.529   70.84868 -163.18454     4.3962    31.7879    1464.73  0.000e+00
     35.513   70.84868 -163.18454     4.3966    31.7876    1464.73  0.000e+00
     35.529   70.84868 -163.18454     4.3964    31.7874    1464.73  0.000e+00
     35.529   70.84868 -163.18454     4.3964    31.7874    1464.73  0.000e+00
     35.575   70.84868 -163.18454     4.3965    31.7871    1464.73  0.000e+00
     35.583   70.84868 -163.18454     4.3965    31.7879    1464.73  0.000e+00
     35.529   70.84868 -163.18454     4.3965    31.7882    1464.73  0.000e+00
     35.575   70.84868 -163.18454     4.3966    31.7883    1464.73  0.000e+00
     35.583   70.84868 -163.18454     4.3967    31.7879    1464.73  0.000e+00
     35.629   70.84868 -163.18454     4.3969    31.7882    1464.74  0.000e+00
     35.583   70.84868 -163.18454     4.3969    31.7879    1464.74  0.000e+00
     35.644   70.84868 -163.18454     4.3969    31.7880    1464.74  0.000e+00
     35.629   70.84868 -163.18454     4.3969    31.7883    1464.74  0.000e+00
     35.644   70.84868 -163.18454     4.3969    31.7883    1464.74  0.000e+00
     35.644   70.84868 -163.18454     4.3969    31.7881    1464.74  0.000e+00
     35.629   70.84868 -163.18454     4.3972    31.7882    1464.74  0.000e+00
     35.698   70.84868 -163.18454     4.3969    31.7884    1464.74  0.000e+00
     35.644   70.84868 -163.18454     4.3973    31.7884    1464.74  0.000e+00
     35.745   70.84868 -163.18454     4.3971    31.7887    1464.74  0.000e+00
     35.698   70.84868 -163.18454     4.3972    31.7882    1464.74  0.000e+00
     35.698   70.84868 -163.18454     4.3972    31.7878    1464.74  0.000e+00
     35.745   70.84868 -163.18454     4.3975    31.7874    1464.74  0.000e+00
     35.698   70.84868 -163.18454     4.3972    31.7880    1464.74  0.000e+00
     35.752   70.84868 -163.18454     4.3973    31.7879    1464.74  0.000e+00
     35.799   70.84868 -163.18454     4.3972    31.7879    1464.74  0.000e+00
     35.752   70.84868 -163.18454     4.3972    31.7878    1464.74  0.000e+00
     35.752   70.84868 -163.18454     4.3972    31.7874    1464.74  0.000e+00
     35.798   70.84868 -163.18454     4.3970    31.7877    1464.74  0.000e+00
     35.814   70.84868 -163.18454     4.3972    31.7875    1464.74  0.000e+00
     35.752   70.84868 -163.18454     4.3972    31.7876    1464.74  0.000e+00
     35.860   70.84868 -163.18454     4.3974    31.7871    1464.74  0.000e+00
     35.814   70.84868 -163.18454     4.3972    31.7871    1464.74  0.000e+00
     35.868   70.84868 -163.18454     4.3972    31.7875    1464.74  0.000e+00
     35.860   70.84868 -163.18454     4.3972    31.7871    1464.74  0.000e+00
     35.814   70.84868 -163.18454     4.3972    31.7871    1464.74  0.000e+00
     35.930   70.84868 -163.18454     4.3972    31.7871    1464.74  0.000e+00
     35.860   70.84868 -163.18454     4.3971    31.7876    1464.74  0.000e+00
     35.868   70.84868 -163.18454     4.3970    31.7875    1464.74  0.000e+00
     35.930   70.84868 -163.18454     4.3969    31.7874    1464.74  0.000e+00
     35.914   70.84868 -163.18454     4.3970    31.7870    1464.74  0.000e+00
     35.983   70.84868 -163.18454     4.3970    31.7871    1464.74  0.000e+00
     35.929   70.84868 -163.18454     4.3969    31.7872    1464.74  0.000e+00
     36.030   70.84868 -163.18454     4.3969    31.7870    1464.74  0.000e+00
     35.983   70.84868 -163.18454     4.3969    31.7871    1464.74  0.000e+00
     35.983   70.84868 -163.18454     4.3969    31.7877    1464.74  0.000e+00
     36.030   70.84868 -163.18454     4.3969    31.7874    1464.74  0.000e+00
     36.045   70.84868 -163.18454     4.3969    31.7874    1464.74  0.000e+00
     35.983   70.84868 -163.18454     4.3967    31.7875    1464.74  0.000e+00
     36.030   70.84868 -163.18454     4.3968    31.7868    1464.74  0.000e+00
     36.099   70.84868 -163.18454     4.3964    31.7876    1464.74  0.000e+00
     36.045   70.84868 -163.18454     4.3965    31.7877    1464.74  0.000e+00
     36.091   70.84868 -163.18454     4.3964    31.7876    1464.74  0.000e+00
     36.099   70.84868 -163.18454     4.3964    31.7877    1464.74  0.000e+00
     36.099   70.84868 -163.18454     4.3964    31.7879    1464.74  0.000e+00
     36.091   70.84868 -163.18454     4.3964    31.7880    1464.74  0.000e+00
     36.099   70.84868 -163.18454     4.3964    31.7880    1464.74  0.000e+00
     36.153   70.84868 -163.18454     4.3964    31.7874    1464.74  0.000e+00
     36.091   70.84868 -163.18454     4.3964    31.7874    1464.74  0.000e+00
     36.153   70.84868 -163.18454     4.3962    31.7880    1464.74  0.000e+00
     36.153   70.84868 -163.18454     4.3963    31.7879    1464.74  0.000e+00
     36.199   70.84868 -163.18454     4.3964    31.7877    1464.74  0.000e+00
     36.153   70.84868 -163.18454     4.3962    31.7881    1464.74  0.000e+00
     36.153   70.84868 -163.18454     4.3962    31.7879    1464.74  0.000e+00
     36.199   70.84868 -163.18454     4.3962    31.7883    1464.74  0.000e+00
     36.153   70.84868 -163.18454     4.3964    31.7881    1464.74  0.000e+00
     36.214   70.84868 -163.18454     4.3963    31.7885    1464.74  0.000e+00
