EcoFOCI/data/1_SampleCollection/2023_SikuliaqDBO_CruiseData/CTD_raw_BottleFile_SKQ23-12S/proc/skq202312s_004svp.cnv
* Sea-Bird SBE 9 Data File:
* FileName = D:\CTD\SKQ202312S\SKQ202312S_004.hex
* Software Version Seasave V 7.26.7.121
* Temperature SN = 6177
* Conductivity SN = 0369
* Number of Bytes Per Scan = 41
* Number of Voltage Words = 4
* Number of Scans Averaged by the Deck Unit = 1
* NMEA Latitude = 62 13.13 N
* NMEA Longitude = 174 52.60 W
* NMEA UTC (Time) = Sep 15 2023  19:57:17
* NMEA baud rate = 4800
** Ship: R/V Sikuliaq
** Station Number: 004
** Station Name: DBO1.3
** Bottom Depth: 75
** Operator: SS
** Dry cast
# nquan = 7
# nvalues = 5544                                  
# units = specified
# name 0 = depSM: Depth [salt water, m]
# name 1 = latitude: Latitude [deg]
# name 2 = longitude: Longitude [deg]
# name 3 = t090C: Temperature [ITS-90, deg C]
# name 4 = sal00: Salinity, Practical [PSU]
# name 5 = svCM: Sound Velocity [Chen-Millero, m/s]
# name 6 = flag:  0.000e+00
# span 0 =      0.971,     70.345                 
# span 1 =   62.21878,   62.21880                 
# span 2 = -174.87668, -174.87664                 
# span 3 =    -1.5485,     7.7793                 
# span 4 =    30.8130,    31.9066                 
# span 5 =    1438.44,    1476.85                 
# span 6 = 0.0000e+00, 0.0000e+00                 
# interval = seconds: 0.0416667
# start_time = Sep 15 2023 20:01:28 [NMEA time, first data scan]
# bad_flag = -9.990e-29
*END*
[from data line 2872]
     36.392   62.21878 -174.87666    -1.3853    31.7132    1438.81  0.000e+00
     36.500   62.21878 -174.87666    -1.3851    31.7138    1438.82  0.000e+00
     36.446   62.21878 -174.87666    -1.3847    31.7139    1438.82  0.000e+00
     36.508   62.21878 -174.87666    -1.3839    31.7137    1438.82  0.000e+00
     36.562   62.21878 -174.87666    -1.3842    31.7147    1438.82  0.000e+00
     36.554   62.21878 -174.87666    -1.3838    31.7149    1438.82  0.000e+00
     36.562   62.21878 -174.87666    -1.3838    31.7148    1438.82  0.000e+00
     36.623   62.21878 -174.87666    -1.3837    31.7154    1438.83  0.000e+00
     36.677   62.21878 -174.87666    -1.3838    31.7158    1438.83  0.000e+00
     36.616   62.21878 -174.87666    -1.3834    31.7168    1438.83  0.000e+00
     36.739   62.21878 -174.87666    -1.3832    31.7179    1438.83  0.000e+00
     36.739   62.21878 -174.87666    -1.3828    31.7185    1438.84  0.000e+00
     36.739   62.21878 -174.87666    -1.3829    31.7193    1438.84  0.000e+00
     36.839   62.21878 -174.87666    -1.3828    31.7190    1438.84  0.000e+00
     36.793   62.21878 -174.87666    -1.3827    31.7197    1438.84  0.000e+00
     36.847   62.21878 -174.87666    -1.3826    31.7200    1438.84  0.000e+00
     36.847   62.21878 -174.87666    -1.3827    31.7209    1438.84  0.000e+00
     36.901   62.21878 -174.87666    -1.3828    31.7216    1438.84  0.000e+00
     36.963   62.21878 -174.87666    -1.3827    31.7224    1438.85  0.000e+00
     36.963   62.21878 -174.87666    -1.3826    31.7227    1438.85  0.000e+00
     36.963   62.21878 -174.87666    -1.3828    31.7225    1438.85  0.000e+00
     37.071   62.21878 -174.87666    -1.3829    31.7231    1438.85  0.000e+00
     37.025   62.21878 -174.87666    -1.3830    31.7233    1438.85  0.000e+00
     37.079   62.21878 -174.87666    -1.3832    31.7235    1438.85  0.000e+00
     37.140   62.21878 -174.87666    -1.3834    31.7236    1438.85  0.000e+00
     37.133   62.21878 -174.87666    -1.3837    31.7243    1438.85  0.000e+00
     37.194   62.21878 -174.87666    -1.3833    31.7238    1438.85  0.000e+00
     37.194   62.21878 -174.87666    -1.3837    31.7241    1438.85  0.000e+00
     37.194   62.21878 -174.87666    -1.3837    31.7246    1438.85  0.000e+00
     37.303   62.21878 -174.87666    -1.3839    31.7245    1438.85  0.000e+00
     37.248   62.21878 -174.87666    -1.3841    31.7250    1438.85  0.000e+00
     37.310   62.21878 -174.87666    -1.3842    31.7248    1438.85  0.000e+00
     37.364   62.21878 -174.87666    -1.3846    31.7254    1438.85  0.000e+00
     37.364   62.21878 -174.87666    -1.3850    31.7261    1438.85  0.000e+00
     37.418   62.21878 -174.87666    -1.3853    31.7266    1438.85  0.000e+00
     37.426   62.21878 -174.87666    -1.3856    31.7280    1438.85  0.000e+00
     37.480   62.21878 -174.87666    -1.3861    31.7297    1438.85  0.000e+00
     37.426   62.21878 -174.87666    -1.3862    31.7295    1438.85  0.000e+00
     37.534   62.21878 -174.87666    -1.3864    31.7302    1438.85  0.000e+00
     37.542   62.21878 -174.87666    -1.3864    31.7310    1438.85  0.000e+00
     37.542   62.21878 -174.87666    -1.3865    31.7314    1438.85  0.000e+00
     37.542   62.21878 -174.87666    -1.3868    31.7324    1438.85  0.000e+00
     37.642   62.21878 -174.87666    -1.3875    31.7335    1438.85  0.000e+00
     37.596   62.21878 -174.87666    -1.3881    31.7346    1438.85  0.000e+00
     37.650   62.21878 -174.87666    -1.3887    31.7354    1438.85  0.000e+00
     37.712   62.21878 -174.87666    -1.3887    31.7353    1438.85  0.000e+00
     37.704   62.21878 -174.87666    -1.3894    31.7369    1438.85  0.000e+00
     37.712   62.21878 -174.87666    -1.3896    31.7383    1438.85  0.000e+00
     37.712   62.21878 -174.87666    -1.3900    31.7388    1438.85  0.000e+00
     37.766   62.21878 -174.87666    -1.3900    31.7392    1438.85  0.000e+00
     37.766   62.21878 -174.87666    -1.3900    31.7399    1438.85  0.000e+00
     37.820   62.21878 -174.87666    -1.3900    31.7399    1438.85  0.000e+00
     37.827   62.21878 -174.87666    -1.3903    31.7401    1438.85  0.000e+00
     37.827   62.21878 -174.87666    -1.3904    31.7398    1438.85  0.000e+00
     37.881   62.21878 -174.87666    -1.3908    31.7398    1438.85  0.000e+00
     37.874   62.21878 -174.87666    -1.3911    31.7405    1438.85  0.000e+00
     37.881   62.21878 -174.87666    -1.3916    31.7415    1438.84  0.000e+00
     37.881   62.21878 -174.87666    -1.3923    31.7418    1438.84  0.000e+00
     37.943   62.21878 -174.87666    -1.3924    31.7418    1438.84  0.000e+00
     37.935   62.21878 -174.87666    -1.3932    31.7422    1438.84  0.000e+00
     37.943   62.21878 -174.87666    -1.3934    31.7429    1438.84  0.000e+00
     37.997   62.21878 -174.87666    -1.3942    31.7436    1438.84  0.000e+00
     37.943   62.21878 -174.87666    -1.3947    31.7440    1438.83  0.000e+00
     38.051   62.21878 -174.87666    -1.3949    31.7441    1438.84  0.000e+00
     37.989   62.21878 -174.87666    -1.3949    31.7438    1438.83  0.000e+00
     37.997   62.21878 -174.87666    -1.3947    31.7435    1438.83  0.000e+00
     38.051   62.21878 -174.87666    -1.3951    31.7443    1438.83  0.000e+00
     38.051   62.21878 -174.87666    -1.3958    31.7455    1438.83  0.000e+00
     38.105   62.21878 -174.87666    -1.3960    31.7457    1438.83  0.000e+00
     38.051   62.21878 -174.87666    -1.3966    31.7462    1438.83  0.000e+00
     38.051   62.21878 -174.87666    -1.3967    31.7463    1438.83  0.000e+00
     38.113   62.21878 -174.87666    -1.3969    31.7460    1438.83  0.000e+00
     38.113   62.21878 -174.87666    -1.3970    31.7459    1438.83  0.000e+00
     38.105   62.21878 -174.87666    -1.3975    31.7469    1438.83  0.000e+00
     38.167   62.21878 -174.87666    -1.3970    31.7463    1438.83  0.000e+00
     38.113   62.21878 -174.87666    -1.3970    31.7459    1438.83  0.000e+00
     38.167   62.21878 -174.87666    -1.3975    31.7470    1438.83  0.000e+00
     38.159   62.21878 -174.87666    -1.3980    31.7472    1438.83  0.000e+00
     38.167   62.21878 -174.87666    -1.3981    31.7465    1438.83  0.000e+00
     38.167   62.21878 -174.87666    -1.3981    31.7469    1438.83  0.000e+00
     38.229   62.21878 -174.87666    -1.3984    31.7474    1438.83  0.000e+00
     38.167   62.21878 -174.87666    -1.3985    31.7473    1438.82  0.000e+00
     38.275   62.21878 -174.87666    -1.3986    31.7469    1438.83  0.000e+00
     38.167   62.21878 -174.87666    -1.3985    31.7471    1438.82  0.000e+00
     38.283   62.21878 -174.87666    -1.3984    31.7473    1438.83  0.000e+00
     38.229   62.21878 -174.87666    -1.3984    31.7470    1438.83  0.000e+00
     38.275   62.21878 -174.87666    -1.3985    31.7472    1438.83  0.000e+00
     38.229   62.21878 -174.87666    -1.3987    31.7477    1438.82  0.000e+00
     38.283   62.21878 -174.87666    -1.3986    31.7473    1438.83  0.000e+00
     38.283   62.21878 -174.87666    -1.3981    31.7467    1438.83  0.000e+00
     38.283   62.21878 -174.87666    -1.3981    31.7472    1438.83  0.000e+00
     38.337   62.21878 -174.87666    -1.3985    31.7474    1438.83  0.000e+00
     38.344   62.21878 -174.87666    -1.3986    31.7475    1438.83  0.000e+00
     38.283   62.21878 -174.87666    -1.3989    31.7483    1438.83  0.000e+00
     38.344   62.21878 -174.87666    -1.3992    31.7481    1438.83  0.000e+00
     38.337   62.21878 -174.87666    -1.3995    31.7484    1438.82  0.000e+00
     38.398   62.21878 -174.87666    -1.3998    31.7488    1438.82  0.000e+00
     38.344   62.21878 -174.87666    -1.3999    31.7487    1438.82  0.000e+00
     38.398   62.21878 -174.87666    -1.3996    31.7486    1438.82  0.000e+00
     38.398   62.21878 -174.87666    -1.3993    31.7479    1438.82  0.000e+00
     38.391   62.21878 -174.87666    -1.3998    31.7483    1438.82  0.000e+00
     38.452   62.21878 -174.87666    -1.3998    31.7480    1438.82  0.000e+00
     38.398   62.21878 -174.87666    -1.4001    31.7478    1438.82  0.000e+00
     38.452   62.21878 -174.87666    -1.3996    31.7476    1438.82  0.000e+00
     38.452   62.21878 -174.87666    -1.4008    31.7484    1438.82  0.000e+00
     38.506   62.21878 -174.87666    -1.4016    31.7490    1438.82  0.000e+00
     38.398   62.21878 -174.87666    -1.4016    31.7486    1438.81  0.000e+00
     38.568   62.21878 -174.87666    -1.4015    31.7482    1438.82  0.000e+00
     38.514   62.21878 -174.87666    -1.4018    31.7485    1438.82  0.000e+00
     38.506   62.21878 -174.87666    -1.4019    31.7491    1438.82  0.000e+00
     38.568   62.21878 -174.87666    -1.4024    31.7490    1438.81  0.000e+00
     38.514   62.21878 -174.87666    -1.4029    31.7498    1438.81  0.000e+00
     38.630   62.21878 -174.87666    -1.4033    31.7504    1438.81  0.000e+00
     38.568   62.21878 -174.87666    -1.4036    31.7505    1438.81  0.000e+00
     38.622   62.21878 -174.87666    -1.4038    31.7508    1438.81  0.000e+00
     38.630   62.21878 -174.87666    -1.4041    31.7510    1438.81  0.000e+00
     38.630   62.21878 -174.87666    -1.4041    31.7508    1438.81  0.000e+00
     38.630   62.21878 -174.87666    -1.4041    31.7511    1438.81  0.000e+00
     38.684   62.21878 -174.87666    -1.4045    31.7519    1438.81  0.000e+00
     38.676   62.21878 -174.87666    -1.4045    31.7517    1438.81  0.000e+00
     38.738   62.21878 -174.87666    -1.4047    31.7524    1438.81  0.000e+00
     38.738   62.21878 -174.87666    -1.4048    31.7524    1438.81  0.000e+00
     38.738   62.21878 -174.87666    -1.4044    31.7516    1438.81  0.000e+00
     38.792   62.21878 -174.87666    -1.4050    31.7524    1438.81  0.000e+00
     38.800   62.21878 -174.87666    -1.4047    31.7518    1438.81  0.000e+00
     38.800   62.21878 -174.87666    -1.4049    31.7523    1438.81  0.000e+00
     38.854   62.21878 -174.87666    -1.4048    31.7520    1438.81  0.000e+00
     38.854   62.21878 -174.87666    -1.4053    31.7526    1438.81  0.000e+00
     38.908   62.21878 -174.87666    -1.4053    31.7527    1438.81  0.000e+00
     38.854   62.21878 -174.87666    -1.4053    31.7527    1438.81  0.000e+00
     38.969   62.21878 -174.87666    -1.4053    31.7529    1438.81  0.000e+00
     38.915   62.21878 -174.87666    -1.4056    31.7527    1438.81  0.000e+00
     39.031   62.21878 -174.87666    -1.4059    31.7531    1438.81  0.000e+00
     38.962   62.21878 -174.87666    -1.4058    31.7531    1438.81  0.000e+00
     39.031   62.21878 -174.87666    -1.4060    31.7533    1438.81  0.000e+00
     39.085   62.21878 -174.87666    -1.4061    31.7530    1438.81  0.000e+00
     39.031   62.21878 -174.87666    -1.4060    31.7532    1438.81  0.000e+00
     39.139   62.21878 -174.87666    -1.4059    31.7531    1438.81  0.000e+00
     39.077   62.21878 -174.87666    -1.4062    31.7537    1438.81  0.000e+00
     39.201   62.21878 -174.87666    -1.4065    31.7533    1438.81  0.000e+00
     39.139   62.21878 -174.87666    -1.4065    31.7537    1438.81  0.000e+00
     39.201   62.21878 -174.87666    -1.4064    31.7532    1438.81  0.000e+00
     39.255   62.21878 -174.87666    -1.4065    31.7536    1438.81  0.000e+00
     39.193   62.21878 -174.87666    -1.4065    31.7533    1438.81  0.000e+00
     39.371   62.21878 -174.87666    -1.4068    31.7536    1438.81  0.000e+00
     39.317   62.21878 -174.87666    -1.4067    31.7536    1438.81  0.000e+00
     39.317   62.21878 -174.87666    -1.4069    31.7541    1438.81  0.000e+00
     39.432   62.21878 -174.87666    -1.4071    31.7541    1438.81  0.000e+00
     39.363   62.21878 -174.87666    -1.4072    31.7543    1438.81  0.000e+00
     39.432   62.21878 -174.87666    -1.4074    31.7546    1438.81  0.000e+00
     39.486   62.21878 -174.87666    -1.4075    31.7548    1438.81  0.000e+00
     39.486   62.21878 -174.87666    -1.4073    31.7551    1438.81  0.000e+00
     39.486   62.21878 -174.87666    -1.4076    31.7556    1438.81  0.000e+00
     39.595   62.21878 -174.87666    -1.4076    31.7551    1438.81  0.000e+00
     39.541   62.21878 -174.87666    -1.4076    31.7548    1438.81  0.000e+00
     39.602   62.21878 -174.87666    -1.4076    31.7553    1438.81  0.000e+00
     39.656   62.21878 -174.87666    -1.4079    31.7562    1438.82  0.000e+00
     39.656   62.21878 -174.87666    -1.4079    31.7557    1438.82  0.000e+00
     39.656   62.21878 -174.87666    -1.4076    31.7557    1438.82  0.000e+00
     39.718   62.21878 -174.87666    -1.4076    31.7557    1438.82  0.000e+00
     39.834   62.21878 -174.87666    -1.4075    31.7556    1438.82  0.000e+00
     39.718   62.21878 -174.87666    -1.4076    31.7561    1438.82  0.000e+00
     39.834   62.21878 -174.87666    -1.4076    31.7560    1438.82  0.000e+00
     39.834   62.21878 -174.87666    -1.4075    31.7560    1438.82  0.000e+00
     39.880   62.21878 -174.87666    -1.4077    31.7561    1438.82  0.000e+00
     39.888   62.21878 -174.87666    -1.4076    31.7566    1438.82  0.000e+00
     39.942   62.21878 -174.87666    -1.4076    31.7561    1438.82  0.000e+00
     39.942   62.21878 -174.87666    -1.4077    31.7563    1438.82  0.000e+00
     40.004   62.21878 -174.87666    -1.4076    31.7562    1438.82  0.000e+00
     39.996   62.21878 -174.87666    -1.4074    31.7561    1438.82  0.000e+00
     40.058   62.21878 -174.87666    -1.4075    31.7562    1438.82  0.000e+00
     40.004   62.21878 -174.87666    -1.4077    31.7561    1438.82  0.000e+00
     40.119   62.21878 -174.87666    -1.4079    31.7560    1438.82  0.000e+00
     40.119   62.21878 -174.87666    -1.4076    31.7559    1438.82  0.000e+00
     40.166   62.21878 -174.87666    -1.4080    31.7567    1438.82  0.000e+00
     40.173   62.21878 -174.87666    -1.4079    31.7562    1438.82  0.000e+00
     40.173   62.21878 -174.87666    -1.4079    31.7564    1438.82  0.000e+00
     40.235   62.21878 -174.87666    -1.4080    31.7561    1438.82  0.000e+00
     40.289   62.21878 -174.87666    -1.4081    31.7561    1438.82  0.000e+00
     40.235   62.21878 -174.87666    -1.4081    31.7566    1438.82  0.000e+00
     40.343   62.21878 -174.87666    -1.4079    31.7563    1438.83  0.000e+00
     40.289   62.21878 -174.87666    -1.4083    31.7565    1438.82  0.000e+00
     40.405   62.21878 -174.87666    -1.4083    31.7562    1438.83  0.000e+00
     40.343   62.21878 -174.87666    -1.4084    31.7566    1438.83  0.000e+00
     40.405   62.21878 -174.87666    -1.4086    31.7565    1438.82  0.000e+00
     40.459   62.21878 -174.87666    -1.4087    31.7569    1438.83  0.000e+00
     40.459   62.21878 -174.87666    -1.4090    31.7574    1438.83  0.000e+00
     40.405   62.21878 -174.87666    -1.4092    31.7581    1438.82  0.000e+00
     40.521   62.21878 -174.87666    -1.4095    31.7579    1438.82  0.000e+00
     40.521   62.21878 -174.87666    -1.4099    31.7582    1438.82  0.000e+00
     40.521   62.21878 -174.87666    -1.4099    31.7587    1438.82  0.000e+00
     40.567   62.21878 -174.87666    -1.4104    31.7590    1438.82  0.000e+00
     40.636   62.21878 -174.87666    -1.4102    31.7586    1438.82  0.000e+00
     40.636   62.21878 -174.87666    -1.4107    31.7593    1438.82  0.000e+00
     40.575   62.21878 -174.87666    -1.4108    31.7597    1438.82  0.000e+00
     40.690   62.21878 -174.87666    -1.4108    31.7597    1438.82  0.000e+00
     40.690   62.21878 -174.87666    -1.4111    31.7600    1438.82  0.000e+00
     40.683   62.21878 -174.87666    -1.4111    31.7600    1438.82  0.000e+00
     40.744   62.21878 -174.87666    -1.4112    31.7603    1438.82  0.000e+00
     40.690   62.21878 -174.87666    -1.4114    31.7598    1438.82  0.000e+00
     40.806   62.21878 -174.87666    -1.4115    31.7604    1438.82  0.000e+00
     40.744   62.21878 -174.87666    -1.4115    31.7603    1438.82  0.000e+00
     40.806   62.21878 -174.87666    -1.4118    31.7604    1438.82  0.000e+00
     40.860   62.21878 -174.87666    -1.4117    31.7602    1438.82  0.000e+00
