EcoFOCI/data/1_SampleCollection/2023_SikuliaqDBO_CruiseData/CTD_raw_BottleFile_SKQ23-12S/proc/skq202312s_003svp.cnv
* Sea-Bird SBE 9 Data File:
* FileName = D:\CTD\SKQ202312S\SKQ202312S_003.hex
* Software Version Seasave V 7.26.7.121
* Temperature SN = 6177
* Conductivity SN = 0369
* Number of Bytes Per Scan = 41
* Number of Voltage Words = 4
* Number of Scans Averaged by the Deck Unit = 1
* NMEA Latitude = 62 03.01 N
* NMEA Longitude = 175 12.54 W
* NMEA UTC (Time) = Sep 15 2023  07:57:54
* NMEA baud rate = 4800
** Ship: R/V Sikuliaq
** Station Number: 003
** Station Name: DBO1.2
** Bottom Depth: 78
** Operator: SD
# nquan = 7
# nvalues = 8410                                  
# units = specified
# name 0 = depSM: Depth [salt water, m]
# name 1 = latitude: Latitude [deg]
# name 2 = longitude: Longitude [deg]
# name 3 = t090C: Temperature [ITS-90, deg C]
# name 4 = sal00: Salinity, Practical [PSU]
# name 5 = svCM: Sound Velocity [Chen-Millero, m/s]
# name 6 = flag:  0.000e+00
# span 0 =      0.962,     75.423                 
# span 1 =   62.05010,   62.05014                 
# span 2 = -175.20902, -175.20876                 
# span 3 =    -1.3780,     7.3462                 
# span 4 =    30.5121,    31.9177                 
# span 5 =    1438.44,    1474.67                 
# span 6 = 0.0000e+00, 0.0000e+00                 
# interval = seconds: 0.0416667
# start_time = Sep 15 2023 08:02:23 [NMEA time, first data scan]
# bad_flag = -9.990e-29
*END*
[from data line 4513]
     67.296   62.05012 -175.20892    -1.2406    31.8353    1440.17  0.000e+00
     67.258   62.05012 -175.20892    -1.2390    31.8368    1440.18  0.000e+00
     67.312   62.05012 -175.20892    -1.2375    31.8369    1440.19  0.000e+00
     67.242   62.05012 -175.20892    -1.2359    31.8370    1440.20  0.000e+00
     67.312   62.05012 -175.20892    -1.2347    31.8368    1440.20  0.000e+00
     67.296   62.05012 -175.20892    -1.2349    31.8351    1440.20  0.000e+00
     67.258   62.05012 -175.20892    -1.2363    31.8326    1440.19  0.000e+00
     67.312   62.05012 -175.20892    -1.2383    31.8319    1440.18  0.000e+00
     67.296   62.05012 -175.20892    -1.2413    31.8321    1440.17  0.000e+00
     67.312   62.05012 -175.20892    -1.2437    31.8328    1440.16  0.000e+00
     67.312   62.05012 -175.20892    -1.2455    31.8329    1440.15  0.000e+00
     67.296   62.05012 -175.20892    -1.2457    31.8328    1440.15  0.000e+00
     67.312   62.05012 -175.20892    -1.2460    31.8340    1440.15  0.000e+00
     67.366   62.05012 -175.20892    -1.2463    31.8346    1440.15  0.000e+00
     67.296   62.05012 -175.20892    -1.2463    31.8339    1440.14  0.000e+00
     67.366   62.05012 -175.20892    -1.2468    31.8334    1440.14  0.000e+00
     67.366   62.05012 -175.20892    -1.2468    31.8325    1440.14  0.000e+00
     67.358   62.05012 -175.20892    -1.2460    31.8314    1440.14  0.000e+00
     67.312   62.05012 -175.20892    -1.2460    31.8321    1440.14  0.000e+00
     67.366   62.05012 -175.20892    -1.2463    31.8346    1440.15  0.000e+00
     67.358   62.05012 -175.20892    -1.2455    31.8360    1440.15  0.000e+00
     67.427   62.05012 -175.20892    -1.2434    31.8351    1440.16  0.000e+00
     67.358   62.05012 -175.20892    -1.2425    31.8353    1440.17  0.000e+00
     67.427   62.05012 -175.20892    -1.2420    31.8364    1440.17  0.000e+00
     67.366   62.05012 -175.20892    -1.2403    31.8366    1440.18  0.000e+00
     67.412   62.05012 -175.20892    -1.2386    31.8369    1440.19  0.000e+00
     67.427   62.05012 -175.20892    -1.2377    31.8367    1440.19  0.000e+00
     67.427   62.05012 -175.20892    -1.2363    31.8349    1440.20  0.000e+00
     67.412   62.05012 -175.20892    -1.2349    31.8329    1440.20  0.000e+00
     67.481   62.05012 -175.20892    -1.2336    31.8319    1440.21  0.000e+00
     67.481   62.05012 -175.20892    -1.2316    31.8310    1440.21  0.000e+00
     67.412   62.05012 -175.20892    -1.2294    31.8317    1440.22  0.000e+00
     67.481   62.05012 -175.20892    -1.2276    31.8330    1440.24  0.000e+00
     67.543   62.05012 -175.20892    -1.2274    31.8342    1440.24  0.000e+00
     67.474   62.05012 -175.20892    -1.2278    31.8339    1440.24  0.000e+00
     67.543   62.05012 -175.20892    -1.2270    31.8321    1440.24  0.000e+00
     67.543   62.05012 -175.20892    -1.2271    31.8324    1440.24  0.000e+00
     67.528   62.05012 -175.20892    -1.2259    31.8336    1440.25  0.000e+00
     67.543   62.05012 -175.20892    -1.2228    31.8364    1440.26  0.000e+00
     67.589   62.05012 -175.20892    -1.2201    31.8380    1440.28  0.000e+00
     67.597   62.05012 -175.20892    -1.2181    31.8404    1440.29  0.000e+00
     67.597   62.05012 -175.20892    -1.2118    31.8411    1440.32  0.000e+00
     67.589   62.05012 -175.20892    -1.2062    31.8423    1440.35  0.000e+00
     67.597   62.05012 -175.20892    -1.2005    31.8422    1440.38  0.000e+00
     67.659   62.05012 -175.20892    -1.1976    31.8441    1440.40  0.000e+00
     67.643   62.05012 -175.20892    -1.1965    31.8454    1440.40  0.000e+00
     67.659   62.05012 -175.20892    -1.1954    31.8451    1440.41  0.000e+00
     67.659   62.05012 -175.20892    -1.1985    31.8460    1440.39  0.000e+00
     67.697   62.05012 -175.20892    -1.2008    31.8441    1440.38  0.000e+00
     67.659   62.05012 -175.20892    -1.2011    31.8410    1440.38  0.000e+00
     67.713   62.05012 -175.20892    -1.2015    31.8400    1440.37  0.000e+00
     67.759   62.05012 -175.20892    -1.2015    31.8392    1440.37  0.000e+00
     67.713   62.05012 -175.20892    -1.2001    31.8413    1440.38  0.000e+00
     67.759   62.05012 -175.20892    -1.1940    31.8421    1440.41  0.000e+00
     67.774   62.05012 -175.20892    -1.1934    31.8419    1440.42  0.000e+00
     67.774   62.05012 -175.20892    -1.1945    31.8387    1440.41  0.000e+00
     67.813   62.05012 -175.20890    -1.1999    31.8391    1440.38  0.000e+00
     67.828   62.05012 -175.20890    -1.2045    31.8392    1440.36  0.000e+00
     67.883   62.05012 -175.20890    -1.2065    31.8389    1440.35  0.000e+00
     67.813   62.05012 -175.20890    -1.2051    31.8400    1440.36  0.000e+00
     67.882   62.05012 -175.20890    -1.2019    31.8478    1440.38  0.000e+00
     67.882   62.05012 -175.20890    -1.1959    31.8564    1440.42  0.000e+00
     67.929   62.05012 -175.20890    -1.1885    31.8608    1440.47  0.000e+00
     67.944   62.05012 -175.20890    -1.1808    31.8598    1440.50  0.000e+00
     67.929   62.05012 -175.20890    -1.1764    31.8539    1440.51  0.000e+00
     67.998   62.05012 -175.20890    -1.1756    31.8492    1440.51  0.000e+00
     67.944   62.05012 -175.20890    -1.1762    31.8482    1440.51  0.000e+00
     68.045   62.05012 -175.20890    -1.1767    31.8465    1440.51  0.000e+00
     67.998   62.05012 -175.20890    -1.1721    31.8441    1440.52  0.000e+00
     68.060   62.05012 -175.20890    -1.1684    31.8490    1440.55  0.000e+00
     68.045   62.05012 -175.20890    -1.1634    31.8520    1440.58  0.000e+00
     68.060   62.05012 -175.20890    -1.1615    31.8564    1440.59  0.000e+00
     68.060   62.05012 -175.20890    -1.1591    31.8553    1440.60  0.000e+00
     68.099   62.05012 -175.20890    -1.1666    31.8516    1440.56  0.000e+00
     68.114   62.05012 -175.20890    -1.1763    31.8472    1440.51  0.000e+00
     68.099   62.05012 -175.20890    -1.1824    31.8442    1440.48  0.000e+00
     68.176   62.05012 -175.20890    -1.1864    31.8456    1440.46  0.000e+00
     68.176   62.05012 -175.20890    -1.1861    31.8460    1440.46  0.000e+00
     68.160   62.05012 -175.20890    -1.1857    31.8474    1440.47  0.000e+00
     68.230   62.05012 -175.20890    -1.1853    31.8482    1440.47  0.000e+00
     68.230   62.05012 -175.20890    -1.1891    31.8478    1440.45  0.000e+00
     68.214   62.05012 -175.20890    -1.1948    31.8476    1440.42  0.000e+00
     68.284   62.05012 -175.20890    -1.1976    31.8453    1440.41  0.000e+00
     68.276   62.05012 -175.20890    -1.1996    31.8447    1440.40  0.000e+00
     68.284   62.05012 -175.20890    -1.1999    31.8426    1440.39  0.000e+00
     68.346   62.05012 -175.20890    -1.1983    31.8414    1440.40  0.000e+00
     68.330   62.05012 -175.20890    -1.1968    31.8402    1440.41  0.000e+00
     68.346   62.05012 -175.20890    -1.1980    31.8403    1440.40  0.000e+00
     68.400   62.05012 -175.20890    -1.1922    31.8421    1440.43  0.000e+00
     68.392   62.05012 -175.20890    -1.1821    31.8492    1440.49  0.000e+00
     68.400   62.05012 -175.20890    -1.1810    31.8580    1440.51  0.000e+00
     68.392   62.05012 -175.20890    -1.1775    31.8590    1440.52  0.000e+00
     68.461   62.05012 -175.20890    -1.1757    31.8655    1440.54  0.000e+00
     68.461   62.05012 -175.20890    -1.1679    31.8675    1440.58  0.000e+00
     68.500   62.05012 -175.20890    -1.1607    31.8680    1440.62  0.000e+00
     68.461   62.05012 -175.20890    -1.1544    31.8672    1440.65  0.000e+00
     68.515   62.05012 -175.20890    -1.1491    31.8671    1440.67  0.000e+00
     68.500   62.05012 -175.20890    -1.1449    31.8675    1440.69  0.000e+00
     68.577   62.05012 -175.20890    -1.1419    31.8680    1440.71  0.000e+00
     68.562   62.05012 -175.20890    -1.1402    31.8689    1440.72  0.000e+00
     68.577   62.05012 -175.20890    -1.1383    31.8688    1440.73  0.000e+00
     68.577   62.05012 -175.20890    -1.1371    31.8694    1440.73  0.000e+00
     68.616   62.05012 -175.20890    -1.1361    31.8696    1440.74  0.000e+00
     68.631   62.05012 -175.20890    -1.1350    31.8698    1440.75  0.000e+00
     68.631   62.05012 -175.20890    -1.1342    31.8693    1440.75  0.000e+00
     68.677   62.05012 -175.20890    -1.1339    31.8703    1440.75  0.000e+00
     68.631   62.05012 -175.20890    -1.1336    31.8708    1440.75  0.000e+00
     68.677   62.05012 -175.20890    -1.1330    31.8703    1440.76  0.000e+00
     68.685   62.05012 -175.20890    -1.1320    31.8701    1440.76  0.000e+00
     68.747   62.05012 -175.20890    -1.1322    31.8706    1440.76  0.000e+00
     68.731   62.05012 -175.20890    -1.1319    31.8704    1440.76  0.000e+00
     68.747   62.05012 -175.20890    -1.1318    31.8710    1440.76  0.000e+00
     68.747   62.05012 -175.20890    -1.1310    31.8710    1440.77  0.000e+00
     68.731   62.05012 -175.20890    -1.1302    31.8707    1440.77  0.000e+00
     68.801   62.05012 -175.20890    -1.1298    31.8710    1440.77  0.000e+00
     68.793   62.05012 -175.20890    -1.1294    31.8714    1440.78  0.000e+00
     68.801   62.05012 -175.20890    -1.1290    31.8712    1440.78  0.000e+00
     68.801   62.05012 -175.20890    -1.1286    31.8720    1440.78  0.000e+00
     68.847   62.05012 -175.20890    -1.1290    31.8731    1440.78  0.000e+00
     68.863   62.05012 -175.20890    -1.1282    31.8733    1440.79  0.000e+00
     68.847   62.05012 -175.20890    -1.1271    31.8733    1440.79  0.000e+00
     68.863   62.05012 -175.20890    -1.1262    31.8731    1440.80  0.000e+00
     68.863   62.05012 -175.20890    -1.1258    31.8727    1440.80  0.000e+00
     68.901   62.05012 -175.20890    -1.1255    31.8731    1440.80  0.000e+00
     68.862   62.05012 -175.20890    -1.1243    31.8732    1440.80  0.000e+00
     68.917   62.05012 -175.20890    -1.1233    31.8724    1440.81  0.000e+00
     68.901   62.05012 -175.20890    -1.1230    31.8720    1440.81  0.000e+00
     68.917   62.05012 -175.20890    -1.1223    31.8715    1440.81  0.000e+00
     68.901   62.05012 -175.20890    -1.1225    31.8725    1440.81  0.000e+00
     68.916   62.05012 -175.20890    -1.1226    31.8730    1440.81  0.000e+00
     68.978   62.05012 -175.20890    -1.1224    31.8734    1440.82  0.000e+00
     68.963   62.05012 -175.20890    -1.1213    31.8726    1440.82  0.000e+00
     68.916   62.05012 -175.20890    -1.1212    31.8727    1440.82  0.000e+00
     68.963   62.05012 -175.20890    -1.1211    31.8731    1440.82  0.000e+00
     69.032   62.05012 -175.20890    -1.1206    31.8726    1440.82  0.000e+00
     68.978   62.05012 -175.20890    -1.1196    31.8715    1440.83  0.000e+00
     68.963   62.05012 -175.20890    -1.1196    31.8707    1440.83  0.000e+00
     68.978   62.05012 -175.20890    -1.1190    31.8689    1440.83  0.000e+00
     69.032   62.05012 -175.20890    -1.1193    31.8682    1440.82  0.000e+00
     69.017   62.05012 -175.20890    -1.1200    31.8684    1440.82  0.000e+00
     68.978   62.05012 -175.20890    -1.1193    31.8679    1440.82  0.000e+00
     69.017   62.05012 -175.20890    -1.1191    31.8676    1440.82  0.000e+00
     69.032   62.05012 -175.20890    -1.1188    31.8671    1440.82  0.000e+00
     69.032   62.05012 -175.20890    -1.1187    31.8661    1440.82  0.000e+00
     69.017   62.05012 -175.20890    -1.1183    31.8654    1440.82  0.000e+00
     69.032   62.05012 -175.20890    -1.1193    31.8669    1440.82  0.000e+00
     69.017   62.05012 -175.20890    -1.1201    31.8683    1440.82  0.000e+00
     69.086   62.05012 -175.20890    -1.1201    31.8691    1440.82  0.000e+00
     69.032   62.05012 -175.20890    -1.1197    31.8695    1440.82  0.000e+00
     69.078   62.05012 -175.20890    -1.1195    31.8708    1440.83  0.000e+00
     69.032   62.05012 -175.20890    -1.1192    31.8718    1440.83  0.000e+00
     69.086   62.05012 -175.20890    -1.1197    31.8729    1440.83  0.000e+00
     69.078   62.05012 -175.20890    -1.1195    31.8725    1440.83  0.000e+00
     69.032   62.05012 -175.20890    -1.1194    31.8724    1440.83  0.000e+00
     69.078   62.05012 -175.20890    -1.1192    31.8723    1440.83  0.000e+00
     69.086   62.05012 -175.20890    -1.1190    31.8724    1440.83  0.000e+00
     69.032   62.05012 -175.20890    -1.1191    31.8718    1440.83  0.000e+00
     69.078   62.05012 -175.20890    -1.1197    31.8700    1440.83  0.000e+00
     69.086   62.05012 -175.20890    -1.1238    31.8702    1440.81  0.000e+00
     69.078   62.05012 -175.20890    -1.1290    31.8686    1440.78  0.000e+00
     69.086   62.05012 -175.20890    -1.1340    31.8656    1440.75  0.000e+00
     69.086   62.05012 -175.20890    -1.1390    31.8628    1440.72  0.000e+00
     69.078   62.05012 -175.20890    -1.1444    31.8627    1440.70  0.000e+00
     69.086   62.05012 -175.20890    -1.1502    31.8636    1440.67  0.000e+00
     69.078   62.05012 -175.20890    -1.1548    31.8628    1440.65  0.000e+00
     69.086   62.05012 -175.20890    -1.1571    31.8620    1440.64  0.000e+00
     69.086   62.05012 -175.20890    -1.1578    31.8619    1440.63  0.000e+00
     69.078   62.05012 -175.20890    -1.1581    31.8617    1440.63  0.000e+00
     69.086   62.05012 -175.20890    -1.1592    31.8618    1440.63  0.000e+00
     69.086   62.05012 -175.20890    -1.1609    31.8604    1440.62  0.000e+00
     69.078   62.05012 -175.20890    -1.1627    31.8598    1440.61  0.000e+00
     69.148   62.05012 -175.20890    -1.1632    31.8590    1440.60  0.000e+00
     69.078   62.05012 -175.20890    -1.1632    31.8592    1440.60  0.000e+00
     69.086   62.05012 -175.20890    -1.1630    31.8597    1440.61  0.000e+00
     69.086   62.05012 -175.20890    -1.1615    31.8592    1440.61  0.000e+00
     69.132   62.05012 -175.20890    -1.1591    31.8582    1440.62  0.000e+00
     69.086   62.05012 -175.20890    -1.1580    31.8576    1440.63  0.000e+00
     69.132   62.05012 -175.20890    -1.1581    31.8587    1440.63  0.000e+00
     69.086   62.05012 -175.20890    -1.1592    31.8603    1440.62  0.000e+00
     69.148   62.05012 -175.20890    -1.1598    31.8599    1440.62  0.000e+00
     69.078   62.05012 -175.20890    -1.1600    31.8591    1440.62  0.000e+00
     69.148   62.05012 -175.20890    -1.1600    31.8579    1440.62  0.000e+00
     69.132   62.05012 -175.20890    -1.1622    31.8582    1440.61  0.000e+00
     69.086   62.05012 -175.20890    -1.1636    31.8574    1440.60  0.000e+00
     69.148   62.05012 -175.20890    -1.1646    31.8562    1440.59  0.000e+00
     69.132   62.05012 -175.20890    -1.1658    31.8553    1440.59  0.000e+00
     69.148   62.05012 -175.20890    -1.1667    31.8548    1440.58  0.000e+00
     69.148   62.05012 -175.20890    -1.1683    31.8553    1440.58  0.000e+00
     69.132   62.05012 -175.20890    -1.1692    31.8561    1440.57  0.000e+00
     69.147   62.05012 -175.20890    -1.1684    31.8560    1440.58  0.000e+00
     69.132   62.05012 -175.20890    -1.1677    31.8561    1440.58  0.000e+00
     69.147   62.05012 -175.20890    -1.1671    31.8534    1440.58  0.000e+00
     69.202   62.05012 -175.20890    -1.1693    31.8526    1440.57  0.000e+00
     69.132   62.05012 -175.20890    -1.1729    31.8531    1440.55  0.000e+00
     69.147   62.05012 -175.20890    -1.1762    31.8551    1440.54  0.000e+00
     69.194   62.05012 -175.20890    -1.1773    31.8559    1440.53  0.000e+00
     69.147   62.05012 -175.20890    -1.1765    31.8540    1440.53  0.000e+00
     69.201   62.05012 -175.20890    -1.1755    31.8523    1440.54  0.000e+00
     69.132   62.05012 -175.20890    -1.1745    31.8509    1440.54  0.000e+00
     69.201   62.05012 -175.20890    -1.1752    31.8498    1440.54  0.000e+00
     69.248   62.05012 -175.20890    -1.1772    31.8508    1440.53  0.000e+00
     69.147   62.05012 -175.20890    -1.1787    31.8527    1440.52  0.000e+00
     69.201   62.05012 -175.20890    -1.1803    31.8545    1440.52  0.000e+00
     69.248   62.05012 -175.20890    -1.1812    31.8568    1440.52  0.000e+00
