EcoFOCI/data/1_SampleCollection/2023_SikuliaqDBO_CruiseData/CTD_raw_BottleFile_SKQ23-12S/proc/skq202312s_037avg.cnv
* Sea-Bird SBE 9 Data File:
* FileName = D:\CTD\SKQ202312S\SKQ202312S_037.hex
* Software Version Seasave V 7.26.7.121
* Temperature SN = 6177
* Conductivity SN = 0369
* Number of Bytes Per Scan = 41
* Number of Voltage Words = 4
* Number of Scans Averaged by the Deck Unit = 1
* NMEA Latitude = 71 11.55 N
* NMEA Longitude = 160 15.97 W
* NMEA UTC (Time) = Sep 23 2023  07:57:53
* NMEA baud rate = 4800
** Ship: R/V Sikuliaq
** Station Number: 037
** Station Name: DBO4.1n
** Bottom Depth: 54
** Operator: SS
# nquan = 25
# nvalues = 49                          
# units = specified
# name 0 = depSM: Depth [salt water, m]
# name 1 = latitude: Latitude [deg]
# name 2 = longitude: Longitude [deg]
# name 3 = prDM: Pressure, Digiquartz [db]
# name 4 = t090C: Temperature [ITS-90, deg C]
# name 5 = t190C: Temperature, 2 [ITS-90, deg C]
# name 6 = potemp090C: Potential Temperature [ITS-90, deg C]
# name 7 = sal00: Salinity, Practical [PSU]
# name 8 = sal11: Salinity, Practical, 2 [PSU]
# name 9 = density00: Density [density, kg/m^3]
# name 10 = sigma-é00: Density [sigma-theta, kg/m^3]
# name 11 = sbox0Mm/Kg: Oxygen, SBE 43 [umol/kg]
# name 12 = sbox1Mm/Kg: Oxygen, SBE 43, 2 [umol/kg]
# name 13 = oxsolMm/Kg: Oxygen Saturation, Garcia & Gordon [umol/kg]
# name 14 = sbeox0PS: Oxygen, SBE 43 [% saturation]
# name 15 = sbeox1PS: Oxygen, SBE 43, 2 [% saturation]
# name 16 = v0: Voltage 0
# name 17 = flECO-AFL: Fluorescence, WET Labs ECO-AFL/FL [mg/m^3]
# name 18 = v1: Voltage 1
# name 19 = CStarAt0: Beam Attenuation, WET Labs C-Star [1/m]
# name 20 = par: PAR/Irradiance, Biospherical/Licor
# name 21 = scan: Scan Count
# name 22 = timeM: Time, Elapsed [minutes]
# name 23 = nbin: number of scans per bin
# name 24 = flag: flag
# span 0 =      1.980,     49.484       
# span 1 =   71.19246,   71.19248       
# span 2 = -160.26612, -160.26610       
# span 3 =      2.000,     50.000       
# span 4 =    -1.6777,     2.3661       
# span 5 =    -1.6765,     2.3675       
# span 6 =    -1.6783,     2.3658       
# span 7 =    28.4815,    32.6595       
# span 8 =    28.4926,    32.6730       
# span 9 =  1022.7447,  1026.5163       
# span 10 =    22.7320,    26.2753      
# span 11 =    261.564,    490.425      
# span 12 =    249.463,    469.912      
# span 13 =  342.61212,  370.53781      
# span 14 =     70.592,    133.855      
# span 15 =     67.335,    128.265      
# span 16 =     0.0836,     0.4672      
# span 17 =     0.1534,     2.4552      
# span 18 =     3.2395,     4.1551      
# span 19 =     0.5035,     1.4995      
# span 20 = -3.777e-07, 4.0759e-01      
# span 21 =        197,       6144      
# span 22 =     0.1360,     4.2659      
# span 23 =         46,        472      
# span 24 = 0.0000e+00, 0.0000e+00      
# interval = decibars: 1                
# start_time = Sep 23 2023 08:01:24 [NMEA time, first data scan]
# bad_flag = -9.990e-29
*END*
      1.980   71.19248 -160.26610      2.000     2.3350     2.3361     2.3349    28.4856    28.4972  1022.7447    22.7352    342.060    324.662  344.61548     99.259     94.221     0.1853     0.7638     4.0616     0.5946 4.0759e-01        197     0.1360        472 0.0000e+00
      2.969   71.19248 -160.26610      3.000     2.3340     2.3350     2.3339    28.4815    28.4926  1022.7462    22.7320    341.975    324.434  344.63489     99.228     94.149     0.1827     0.7482     4.0638     0.5924 3.0932e-01        581     0.4028        127 0.0000e+00
      3.959   71.19248 -160.26610      4.000     2.3361     2.3369     2.3359    28.4887    28.4991  1022.7566    22.7376    342.172    323.866  344.59782     99.296     93.993     0.1856     0.7658     4.0643     0.5919 2.4301e-01        685     0.4752        132 0.0000e+00
      4.949   71.19248 -160.26610      5.000     2.3421     2.3432     2.3419    28.5348    28.5422  1022.7978    22.7740    341.884    324.433  344.42417     99.262     94.204     0.1836     0.7533     4.0615     0.5946 1.5788e-01        817     0.5663        131 0.0000e+00
      5.939   71.19248 -160.26610      6.000     2.3524     2.3525     2.3521    28.6530    28.6507  1022.8963    22.8678    342.102    326.965  344.02413     99.441     95.040     0.1866     0.7715     4.0655     0.5906 1.2407e-01        938     0.6509        139 0.0000e+00
      6.929   71.19248 -160.26610      7.000     2.3626     2.3625     2.3623    28.8165    28.8080  1023.0310    22.9977    341.797    327.118  343.50652     99.502     95.223     0.1840     0.7560     4.0663     0.5899 8.7414e-02       1080     0.7494        129 0.0000e+00
      7.918   71.19248 -160.26610      8.000     2.3661     2.3675     2.3658    28.8761    28.8896  1023.0831    23.0452    341.814    326.429  343.31942     99.562     95.093     0.1914     0.8006     4.0682     0.5880 4.8963e-02       1210     0.8399        136 0.0000e+00
      8.908   71.19248 -160.26610      9.000     2.2331     2.2429     2.2327    29.5863    29.5791  1023.6643    23.6216    340.590    324.500  342.61212     99.410     94.732     0.1878     0.7791     4.0789     0.5775 3.0537e-02       1343     0.9321        139 0.0000e+00
      9.898   71.19248 -160.26610     10.000     1.1041     1.0378     1.1037    30.5250    30.5849  1024.4889    24.4412    367.087    343.588  350.13835    104.809     97.981     0.1786     0.7239     4.1189     0.5386 1.6436e-02       1472     1.0219        142 0.0000e+00
     10.888   71.19248 -160.26610     11.000     0.1365     0.0943     0.1362    30.9847    31.0247  1024.9116    24.8589    432.981    410.944  357.76369    120.979    114.721     0.1522     0.5652     4.1483     0.5101 8.0033e-03       1604     1.1133        127 0.0000e+00
     11.877   71.19248 -160.26610     12.000    -0.4343    -0.4203    -0.4346    31.2968    31.3303  1025.1920    25.1343    466.029    448.836  362.27687    128.651    123.971     0.1319     0.4433     4.1551     0.5035 4.3970e-04       1743     1.2094         76 0.0000e+00
     12.867   71.19248 -160.26610     13.000    -0.8551    -0.8636    -0.8554    31.6496    31.6762  1025.4966    25.4340    472.745    447.071  365.33268    129.395    122.367     0.1586     0.6034     4.1252     0.5324 8.2665e-05       1815     1.2598         85 0.0000e+00
     13.857   71.19248 -160.26610     14.000    -1.0412    -1.0441    -1.0414    31.9160    31.9345  1025.7229    25.6554    490.425    469.912  366.38591    133.855    128.265     0.1596     0.6096     4.1245     0.5330 4.5203e-05       1880     1.3046         46 0.0000e+00
     14.847   71.19248 -160.26610     15.000    -1.2055    -1.2214    -1.2058    32.1213    32.1524  1025.8989    25.8265    471.270    454.273  367.40835    128.268    123.620     0.1582     0.6015     4.1417     0.5165 2.9378e-05       1955     1.3568         89 0.0000e+00
     15.836   71.19248 -160.26610     16.000    -1.2689    -1.2687    -1.2692    32.2700    32.2853  1026.0261    25.9489    449.198    432.375  367.60360    122.196    117.635     0.1675     0.6570     4.1240     0.5335 -3.777e-07       2020     1.4023         48 0.0000e+00
     16.826   71.19248 -160.26610     17.000    -1.3508    -1.3505    -1.3512    32.3690    32.3859  1026.1134    26.0314    440.943    424.730  368.12641    119.781    115.393     0.2102     0.9134     4.0744     0.5820 1.0220e-07       2088     1.4496         84 0.0000e+00
     17.816   71.19248 -160.26610     18.000    -1.4136    -1.4145    -1.4139    32.4386    32.4566  1026.1764    26.0895    427.250    413.757  368.54629    115.929    112.281     0.3565     1.7912     3.9460     0.7103 1.3548e-09       2157     1.4969         52 0.0000e+00
     18.805   71.19247 -160.26610     19.000    -1.4995    -1.5012    -1.4999    32.5152    32.5233  1026.2456    26.1539    413.245    400.232  369.17698    111.937    108.415     0.4510     2.3579     3.8807     0.7769 1.0000e-12       2223     1.5431         78 0.0000e+00
     19.795   71.19247 -160.26610     20.000    -1.5740    -1.5758    -1.5744    32.5704    32.5895  1026.2971    26.2005    387.376    376.575  369.75868    104.765    101.855     0.4672     2.4552     3.8966     0.7604 1.0000e-12       2288     1.5879         50 0.0000e+00
     20.785   71.19247 -160.26610     21.000    -1.6286    -1.6283    -1.6290    32.6087    32.6241  1026.3344    26.2329    343.211    334.229  370.19169     92.711     90.297     0.3389     1.6855     3.9933     0.6624 1.0000e-12       2359     1.6373         83 0.0000e+00
     21.775   71.19246 -160.26610     22.000    -1.6489    -1.6487    -1.6493    32.6316    32.6480  1026.3583    26.2520    309.420    299.986  370.32807     83.553     81.017     0.2405     1.0952     4.0068     0.6490 1.7621e-07       2420     1.6795         47 0.0000e+00
     22.764   71.19247 -160.26610     23.000    -1.6684    -1.6671    -1.6688    32.6574    32.6719  1026.3846    26.2734    293.395    282.343  370.44714     79.200     76.228     0.1325     0.4469     3.8734     0.7846 5.0239e-07       2496     1.7328         89 0.0000e+00
     23.754   71.19246 -160.26610     24.000    -1.6700    -1.6688    -1.6704    32.6585    32.6727  1026.3903    26.2743    278.538    267.291  370.46030     75.187     72.161     0.1235     0.3928     3.7501     0.9138 3.5959e-07       2559     1.7761         47 0.0000e+00
     24.744   71.19247 -160.26610     25.000    -1.6710    -1.6698    -1.6715    32.6587    32.6726  1026.3953    26.2745    274.450    261.520  370.47009     74.082     70.602     0.1156     0.3456     3.7440     0.9203 9.9606e-07       2619     1.8180         82 0.0000e+00
     25.733   71.19248 -160.26610     26.000    -1.6730    -1.6718    -1.6734    32.6590    32.6727  1026.4004    26.2748    274.669    260.824  370.48892     74.137     70.410     0.1070     0.2943     3.7165     0.9498 2.5989e-06       2693     1.8693         53 0.0000e+00
     26.723   71.19246 -160.26610     27.000    -1.6746    -1.6734    -1.6750    32.6595    32.6730  1026.4058    26.2753    273.908    260.085  370.50265     73.929     70.208     0.1076     0.2976     3.6762     0.9935 1.7710e-06       2743     1.9043         53 0.0000e+00
     27.713   71.19247 -160.26610     28.000    -1.6754    -1.6742    -1.6759    32.6594    32.6726  1026.4105    26.2751    272.295    257.686  370.51189     73.492     69.558     0.0955     0.2251     3.6421     1.0307 2.2179e-06       2813     1.9525         77 0.0000e+00
     28.702   71.19247 -160.26610     29.000    -1.6762    -1.6749    -1.6767    32.6594    32.6724  1026.4153    26.2752    270.894    256.090  370.51936     73.112     69.126     0.0912     0.1989     3.6221     1.0527 2.1626e-06       2873     1.9948         47 0.0000e+00
     29.692   71.19246 -160.26610     30.000    -1.6769    -1.6757    -1.6774    32.6592    32.6721  1026.4200    26.2751    270.054    255.656  370.52709     72.884     69.007     0.0841     0.1568     3.5953     1.0825 3.2645e-06       2930     2.0339         67 0.0000e+00
     30.682   71.19248 -160.26610     31.000    -1.6776    -1.6765    -1.6782    32.6589    32.6717  1026.4246    26.2748    268.985    254.546  370.53578     72.594     68.706     0.0886     0.1838     3.5607     1.1213 3.1518e-06       2998     2.0812         70 0.0000e+00
     31.671   71.19246 -160.26610     32.000    -1.6777    -1.6765    -1.6783    32.6585    32.6712  1026.4292    26.2745    267.808    253.982  370.53733     72.276     68.553     0.0869     0.1732     3.4918     1.1994 2.0732e-06       3072     2.1329         64 0.0000e+00
     32.661   71.19247 -160.26610     33.000    -1.6777    -1.6764    -1.6782    32.6582    32.6708  1026.4337    26.2742    267.230    253.409  370.53781     72.120     68.399     0.0836     0.1534     3.4564     1.2405 3.1903e-06       3135     2.1765         71 0.0000e+00
     33.651   71.19248 -160.26610     34.000    -1.6776    -1.6763    -1.6781    32.6579    32.6704  1026.4383    26.2740    266.318    253.070  370.53771     71.873     68.307     0.0844     0.1585     3.4000     1.3060 2.2587e-06       3213     2.2305         74 0.0000e+00
     34.640   71.19248 -160.26611     35.000    -1.6775    -1.6762    -1.6781    32.6578    32.6701  1026.4431    26.2739    266.076    252.093  370.53746     71.808     68.043     0.0877     0.1783     3.3851     1.3236 2.5569e-06       3275     2.2735         53 0.0000e+00
     35.630   71.19248 -160.26611     36.000    -1.6772    -1.6759    -1.6778    32.6577    32.6700  1026.4478    26.2738    265.271    252.094  370.53427     71.592     68.044     0.0892     0.1874     3.3106     1.4129 1.8955e-06       3348     2.3241         84 0.0000e+00
     36.619   71.19246 -160.26610     37.000    -1.6770    -1.6758    -1.6776    32.6577    32.6698  1026.4526    26.2738    264.942    251.504  370.53294     71.503     67.885     0.0840     0.1557     3.2457     1.4919 3.0578e-06       3411     2.3683         52 0.0000e+00
     37.609   71.19248 -160.26611     38.000    -1.6769    -1.6757    -1.6776    32.6576    32.6698  1026.4574    26.2738    264.119    250.500  370.53222     71.281     67.614     0.0929     0.2093     3.2395     1.4995 3.8997e-06       3494     2.4259         85 0.0000e+00
     38.599   71.19246 -160.26611     39.000    -1.6770    -1.6757    -1.6777    32.6575    32.6696  1026.4622    26.2737    263.879    250.514  370.53342     71.216     67.618     0.0888     0.1849     3.2443     1.4935 3.4141e-06       3553     2.4668         65 0.0000e+00
     39.588   71.19247 -160.26611     40.000    -1.6770    -1.6757    -1.6777    32.6574    32.6694  1026.4669    26.2736    263.523    250.694  370.53356     71.120     67.666     0.0869     0.1732     3.2637     1.4696 2.9197e-06       3632     2.5214         72 0.0000e+00
     40.578   71.19247 -160.26610     41.000    -1.6770    -1.6757    -1.6777    32.6574    32.6693  1026.4717    26.2735    263.510    250.901  370.53323     71.116     67.722     0.0891     0.1865     3.2473     1.4898 2.3539e-06       3718     2.5811        104 0.0000e+00
     41.568   71.19248 -160.26610     42.000    -1.6769    -1.6756    -1.6776    32.6574    32.6693  1026.4765    26.2736    263.304    250.638  370.53283     71.061     67.651     0.0858     0.1671     3.2433     1.4947 3.3885e-06       3826     2.6562        106 0.0000e+00
     42.557   71.19248 -160.26610     43.000    -1.6766    -1.6753    -1.6773    32.6575    32.6694  1026.4814    26.2737    262.938    250.667  370.52930     70.963     67.660     0.0877     0.1782     3.2514     1.4848 2.7768e-06       3949     2.7414        133 0.0000e+00
     43.547   71.19247 -160.26610     44.000    -1.6756    -1.6742    -1.6763    32.6574    32.6692  1026.4862    26.2736    262.618    250.304  370.51928     70.878     67.564     0.0869     0.1733     3.2514     1.4848 2.2376e-06       4172     2.8965        335 0.0000e+00
     44.536   71.19246 -160.26610     45.000    -1.6767    -1.6755    -1.6775    32.6577    32.6693  1026.4913    26.2738    261.856    249.680  370.52983     70.671     67.393     0.0897     0.1901     3.2516     1.4845 2.3721e-06       4754     3.3007        129 0.0000e+00
     45.526   71.19246 -160.26610     46.000    -1.6767    -1.6753    -1.6775    32.6578    32.6694  1026.4962    26.2739    261.597    249.463  370.52901     70.601     67.335     0.0888     0.1849     3.2465     1.4908 2.5198e-06       4844     3.3629        130 0.0000e+00
     46.516   71.19248 -160.26610     47.000    -1.6767    -1.6754    -1.6775    32.6578    32.6690  1026.5010    26.2739    261.593    249.602  370.52900     70.600     67.372     0.0908     0.1964     3.2441     1.4938 2.9238e-06       4963     3.4456         64 0.0000e+00
     47.505   71.19248 -160.26611     48.000    -1.6767    -1.6754    -1.6775    32.6580    32.6696  1026.5060    26.2740    261.714    249.616  370.52918     70.633     67.376     0.0905     0.1950     3.2504     1.4860 2.3198e-06       5071     3.5210        135 0.0000e+00
     48.495   71.19248 -160.26612     49.000    -1.6768    -1.6755    -1.6776    32.6582    32.6697  1026.5110    26.2743    261.564    249.627  370.52879     70.592     67.379     0.0903     0.1939     3.2854     1.4432 2.1395e-06       5191     3.6044        165 0.0000e+00
     49.484   71.19248 -160.26611     50.000    -1.6765    -1.6753    -1.6774    32.6588    32.6702  1026.5163    26.2747    261.612    249.882  370.52501     70.606     67.448     0.0921     0.2050     3.2808     1.4487 1.8502e-06       6144     4.2659        243 0.0000e+00
