EcoFOCI/data/1_SampleCollection/2023_SikuliaqDBO_CruiseData/CTD_raw_BottleFile_SKQ23-12S/proc/skq202312s_003svp.cnv
* Sea-Bird SBE 9 Data File:
* FileName = D:\CTD\SKQ202312S\SKQ202312S_003.hex
* Software Version Seasave V 7.26.7.121
* Temperature SN = 6177
* Conductivity SN = 0369
* Number of Bytes Per Scan = 41
* Number of Voltage Words = 4
* Number of Scans Averaged by the Deck Unit = 1
* NMEA Latitude = 62 03.01 N
* NMEA Longitude = 175 12.54 W
* NMEA UTC (Time) = Sep 15 2023  07:57:54
* NMEA baud rate = 4800
** Ship: R/V Sikuliaq
** Station Number: 003
** Station Name: DBO1.2
** Bottom Depth: 78
** Operator: SD
# nquan = 7
# nvalues = 8410                                  
# units = specified
# name 0 = depSM: Depth [salt water, m]
# name 1 = latitude: Latitude [deg]
# name 2 = longitude: Longitude [deg]
# name 3 = t090C: Temperature [ITS-90, deg C]
# name 4 = sal00: Salinity, Practical [PSU]
# name 5 = svCM: Sound Velocity [Chen-Millero, m/s]
# name 6 = flag:  0.000e+00
# span 0 =      0.962,     75.423                 
# span 1 =   62.05010,   62.05014                 
# span 2 = -175.20902, -175.20876                 
# span 3 =    -1.3780,     7.3462                 
# span 4 =    30.5121,    31.9177                 
# span 5 =    1438.44,    1474.67                 
# span 6 = 0.0000e+00, 0.0000e+00                 
# interval = seconds: 0.0416667
# start_time = Sep 15 2023 08:02:23 [NMEA time, first data scan]
# bad_flag = -9.990e-29
*END*
[from data line 821]
      3.694   62.05010 -175.20902     7.3452    30.6585    1474.64  0.000e+00
      3.748   62.05010 -175.20902     7.3455    30.6583    1474.64  0.000e+00
      3.694   62.05010 -175.20902     7.3455    30.6581    1474.64  0.000e+00
      3.748   62.05010 -175.20902     7.3451    30.6584    1474.64  0.000e+00
      3.748   62.05010 -175.20900     7.3455    30.6582    1474.64  0.000e+00
      3.748   62.05010 -175.20900     7.3451    30.6584    1474.64  0.000e+00
      3.748   62.05010 -175.20900     7.3453    30.6582    1474.64  0.000e+00
      3.810   62.05010 -175.20900     7.3455    30.6582    1474.64  0.000e+00
      3.864   62.05010 -175.20900     7.3455    30.6582    1474.64  0.000e+00
      3.810   62.05010 -175.20900     7.3455    30.6580    1474.64  0.000e+00
      3.810   62.05010 -175.20900     7.3451    30.6582    1474.64  0.000e+00
      3.864   62.05010 -175.20900     7.3455    30.6577    1474.64  0.000e+00
      3.864   62.05010 -175.20900     7.3451    30.6583    1474.64  0.000e+00
      3.864   62.05010 -175.20900     7.3451    30.6579    1474.64  0.000e+00
      3.925   62.05010 -175.20900     7.3451    30.6579    1474.64  0.000e+00
      3.864   62.05010 -175.20900     7.3448    30.6584    1474.64  0.000e+00
      3.979   62.05010 -175.20900     7.3448    30.6584    1474.64  0.000e+00
      3.864   62.05010 -175.20900     7.3450    30.6581    1474.64  0.000e+00
      3.979   62.05010 -175.20900     7.3451    30.6585    1474.64  0.000e+00
      3.925   62.05010 -175.20900     7.3452    30.6588    1474.64  0.000e+00
      3.979   62.05010 -175.20900     7.3455    30.6586    1474.64  0.000e+00
      3.979   62.05010 -175.20900     7.3456    30.6583    1474.64  0.000e+00
      3.925   62.05010 -175.20900     7.3460    30.6582    1474.64  0.000e+00
      4.041   62.05010 -175.20900     7.3460    30.6581    1474.65  0.000e+00
      3.979   62.05010 -175.20900     7.3462    30.6586    1474.65  0.000e+00
      3.979   62.05010 -175.20900     7.3461    30.6585    1474.65  0.000e+00
      3.979   62.05010 -175.20900     7.3460    30.6584    1474.64  0.000e+00
      4.041   62.05010 -175.20900     7.3460    30.6580    1474.65  0.000e+00
      4.041   62.05010 -175.20900     7.3461    30.6578    1474.65  0.000e+00
      4.041   62.05010 -175.20900     7.3459    30.6583    1474.65  0.000e+00
      4.041   62.05010 -175.20900     7.3458    30.6582    1474.64  0.000e+00
      4.041   62.05010 -175.20900     7.3456    30.6582    1474.64  0.000e+00
      4.095   62.05010 -175.20900     7.3458    30.6579    1474.65  0.000e+00
      4.095   62.05010 -175.20900     7.3457    30.6580    1474.65  0.000e+00
      4.041   62.05010 -175.20900     7.3456    30.6584    1474.64  0.000e+00
      4.095   62.05010 -175.20900     7.3458    30.6583    1474.65  0.000e+00
      4.095   62.05010 -175.20900     7.3460    30.6581    1474.65  0.000e+00
      4.095   62.05010 -175.20900     7.3458    30.6585    1474.65  0.000e+00
      4.041   62.05010 -175.20900     7.3461    30.6579    1474.65  0.000e+00
      4.095   62.05010 -175.20900     7.3460    30.6581    1474.65  0.000e+00
      4.149   62.05010 -175.20900     7.3458    30.6584    1474.65  0.000e+00
      4.095   62.05010 -175.20900     7.3460    30.6584    1474.65  0.000e+00
      4.095   62.05010 -175.20900     7.3460    30.6580    1474.65  0.000e+00
      4.149   62.05010 -175.20900     7.3457    30.6578    1474.65  0.000e+00
      4.149   62.05010 -175.20900     7.3460    30.6576    1474.65  0.000e+00
      4.149   62.05010 -175.20900     7.3456    30.6583    1474.65  0.000e+00
      4.149   62.05010 -175.20900     7.3458    30.6583    1474.65  0.000e+00
      4.095   62.05010 -175.20900     7.3460    30.6581    1474.65  0.000e+00
      4.210   62.05010 -175.20900     7.3457    30.6581    1474.65  0.000e+00
      4.149   62.05010 -175.20900     7.3460    30.6582    1474.65  0.000e+00
      4.149   62.05010 -175.20900     7.3461    30.6578    1474.65  0.000e+00
      4.149   62.05010 -175.20900     7.3458    30.6582    1474.65  0.000e+00
      4.149   62.05010 -175.20902     7.3456    30.6584    1474.65  0.000e+00
      4.210   62.05010 -175.20902     7.3456    30.6578    1474.65  0.000e+00
      4.210   62.05010 -175.20902     7.3456    30.6579    1474.65  0.000e+00
      4.210   62.05010 -175.20902     7.3451    30.6582    1474.64  0.000e+00
      4.187   62.05010 -175.20902     7.3451    30.6581    1474.64  0.000e+00
      4.210   62.05010 -175.20902     7.3451    30.6584    1474.64  0.000e+00
      4.149   62.05010 -175.20902     7.3448    30.6583    1474.64  0.000e+00
      4.264   62.05010 -175.20902     7.3448    30.6582    1474.64  0.000e+00
      4.210   62.05010 -175.20902     7.3448    30.6579    1474.64  0.000e+00
      4.148   62.05010 -175.20902     7.3448    30.6582    1474.64  0.000e+00
      4.210   62.05010 -175.20902     7.3446    30.6580    1474.64  0.000e+00
      4.264   62.05010 -175.20902     7.3448    30.6579    1474.64  0.000e+00
      4.210   62.05010 -175.20902     7.3447    30.6580    1474.64  0.000e+00
      4.210   62.05010 -175.20902     7.3445    30.6583    1474.64  0.000e+00
      4.264   62.05010 -175.20902     7.3443    30.6583    1474.64  0.000e+00
      4.210   62.05010 -175.20902     7.3444    30.6577    1474.64  0.000e+00
      4.264   62.05010 -175.20902     7.3440    30.6583    1474.64  0.000e+00
      4.210   62.05010 -175.20902     7.3442    30.6583    1474.64  0.000e+00
      4.264   62.05010 -175.20902     7.3442    30.6577    1474.64  0.000e+00
      4.210   62.05010 -175.20902     7.3443    30.6580    1474.64  0.000e+00
      4.264   62.05010 -175.20902     7.3443    30.6576    1474.64  0.000e+00
      4.264   62.05010 -175.20902     7.3442    30.6577    1474.64  0.000e+00
      4.210   62.05010 -175.20902     7.3439    30.6581    1474.64  0.000e+00
      4.264   62.05010 -175.20902     7.3439    30.6578    1474.64  0.000e+00
      4.210   62.05010 -175.20902     7.3436    30.6582    1474.64  0.000e+00
      4.264   62.05010 -175.20902     7.3439    30.6576    1474.64  0.000e+00
      4.210   62.05010 -175.20902     7.3437    30.6579    1474.64  0.000e+00
      4.264   62.05010 -175.20902     7.3439    30.6577    1474.64  0.000e+00
      4.210   62.05010 -175.20902     7.3437    30.6584    1474.64  0.000e+00
      4.264   62.05010 -175.20902     7.3438    30.6580    1474.64  0.000e+00
      4.264   62.05010 -175.20902     7.3437    30.6579    1474.64  0.000e+00
      4.210   62.05010 -175.20902     7.3435    30.6579    1474.64  0.000e+00
      4.264   62.05010 -175.20902     7.3437    30.6579    1474.64  0.000e+00
      4.210   62.05010 -175.20902     7.3439    30.6580    1474.64  0.000e+00
      4.264   62.05010 -175.20902     7.3436    30.6581    1474.64  0.000e+00
      4.210   62.05010 -175.20902     7.3440    30.6579    1474.64  0.000e+00
      4.264   62.05010 -175.20902     7.3440    30.6581    1474.64  0.000e+00
      4.210   62.05010 -175.20902     7.3442    30.6580    1474.64  0.000e+00
      4.210   62.05010 -175.20902     7.3442    30.6579    1474.64  0.000e+00
      4.210   62.05010 -175.20902     7.3441    30.6584    1474.64  0.000e+00
      4.264   62.05010 -175.20902     7.3445    30.6583    1474.64  0.000e+00
      4.210   62.05010 -175.20902     7.3447    30.6582    1474.64  0.000e+00
      4.210   62.05010 -175.20902     7.3448    30.6582    1474.64  0.000e+00
      4.210   62.05010 -175.20902     7.3448    30.6581    1474.64  0.000e+00
      4.210   62.05010 -175.20902     7.3451    30.6578    1474.64  0.000e+00
      4.264   62.05010 -175.20902     7.3455    30.6579    1474.65  0.000e+00
      4.148   62.05010 -175.20902     7.3453    30.6576    1474.64  0.000e+00
      4.264   62.05010 -175.20902     7.3453    30.6577    1474.65  0.000e+00
      4.148   62.05010 -175.20902     7.3453    30.6579    1474.64  0.000e+00
      4.210   62.05010 -175.20902     7.3451    30.6581    1474.64  0.000e+00
      4.210   62.05010 -175.20902     7.3451    30.6578    1474.64  0.000e+00
      4.210   62.05010 -175.20902     7.3451    30.6580    1474.64  0.000e+00
      4.210   62.05010 -175.20902     7.3448    30.6581    1474.64  0.000e+00
      4.148   62.05010 -175.20902     7.3451    30.6576    1474.64  0.000e+00
      4.210   62.05010 -175.20902     7.3447    30.6579    1474.64  0.000e+00
      4.186   62.05010 -175.20902     7.3448    30.6578    1474.64  0.000e+00
      4.210   62.05010 -175.20902     7.3447    30.6583    1474.64  0.000e+00
      4.148   62.05010 -175.20902     7.3447    30.6583    1474.64  0.000e+00
      4.148   62.05010 -175.20902     7.3446    30.6582    1474.64  0.000e+00
      4.210   62.05010 -175.20902     7.3450    30.6583    1474.64  0.000e+00
      4.210   62.05010 -175.20902     7.3450    30.6580    1474.64  0.000e+00
      4.148   62.05010 -175.20902     7.3450    30.6583    1474.64  0.000e+00
      4.148   62.05010 -175.20902     7.3453    30.6577    1474.64  0.000e+00
      4.209   62.05010 -175.20902     7.3449    30.6584    1474.64  0.000e+00
      4.148   62.05010 -175.20902     7.3451    30.6579    1474.64  0.000e+00
      4.209   62.05010 -175.20902     7.3451    30.6582    1474.64  0.000e+00
      4.148   62.05010 -175.20902     7.3456    30.6579    1474.65  0.000e+00
      4.148   62.05010 -175.20902     7.3456    30.6579    1474.65  0.000e+00
      4.148   62.05010 -175.20902     7.3456    30.6579    1474.65  0.000e+00
      4.209   62.05010 -175.20902     7.3455    30.6580    1474.65  0.000e+00
      4.148   62.05010 -175.20902     7.3453    30.6579    1474.64  0.000e+00
      4.209   62.05010 -175.20902     7.3453    30.6576    1474.64  0.000e+00
      4.148   62.05010 -175.20902     7.3453    30.6580    1474.64  0.000e+00
      4.209   62.05010 -175.20902     7.3451    30.6579    1474.64  0.000e+00
      4.148   62.05010 -175.20902     7.3443    30.6583    1474.64  0.000e+00
      4.148   62.05010 -175.20902     7.3435    30.6583    1474.64  0.000e+00
      4.209   62.05010 -175.20902     7.3437    30.6582    1474.64  0.000e+00
      4.148   62.05010 -175.20902     7.3435    30.6574    1474.64  0.000e+00
      4.209   62.05010 -175.20902     7.3427    30.6570    1474.63  0.000e+00
      4.148   62.05010 -175.20902     7.3416    30.6583    1474.63  0.000e+00
      4.209   62.05010 -175.20902     7.3413    30.6580    1474.63  0.000e+00
      4.209   62.05010 -175.20902     7.3413    30.6575    1474.63  0.000e+00
      4.147   62.05010 -175.20902     7.3419    30.6575    1474.63  0.000e+00
      4.209   62.05010 -175.20902     7.3425    30.6571    1474.63  0.000e+00
      4.209   62.05010 -175.20902     7.3429    30.6572    1474.63  0.000e+00
      4.209   62.05010 -175.20902     7.3426    30.6580    1474.63  0.000e+00
      4.209   62.05010 -175.20902     7.3429    30.6575    1474.64  0.000e+00
      4.209   62.05010 -175.20902     7.3426    30.6578    1474.63  0.000e+00
      4.209   62.05010 -175.20902     7.3430    30.6581    1474.64  0.000e+00
      4.263   62.05010 -175.20902     7.3435    30.6582    1474.64  0.000e+00
      4.209   62.05010 -175.20902     7.3440    30.6581    1474.64  0.000e+00
      4.263   62.05010 -175.20902     7.3445    30.6582    1474.64  0.000e+00
      4.263   62.05010 -175.20902     7.3444    30.6578    1474.64  0.000e+00
      4.263   62.05010 -175.20902     7.3448    30.6578    1474.64  0.000e+00
      4.263   62.05010 -175.20902     7.3447    30.6577    1474.64  0.000e+00
      4.325   62.05010 -175.20902     7.3447    30.6574    1474.64  0.000e+00
      4.325   62.05010 -175.20902     7.3447    30.6579    1474.64  0.000e+00
      4.325   62.05010 -175.20902     7.3444    30.6579    1474.64  0.000e+00
      4.325   62.05010 -175.20902     7.3440    30.6575    1474.64  0.000e+00
      4.325   62.05010 -175.20902     7.3435    30.6578    1474.64  0.000e+00
      4.325   62.05010 -175.20902     7.3432    30.6577    1474.64  0.000e+00
      4.433   62.05010 -175.20902     7.3430    30.6576    1474.64  0.000e+00
      4.379   62.05010 -175.20902     7.3430    30.6579    1474.64  0.000e+00
      4.433   62.05010 -175.20902     7.3430    30.6577    1474.64  0.000e+00
      4.379   62.05010 -175.20902     7.3429    30.6580    1474.64  0.000e+00
      4.379   62.05010 -175.20902     7.3430    30.6584    1474.64  0.000e+00
      4.525   62.05010 -175.20902     7.3435    30.6574    1474.64  0.000e+00
      4.433   62.05010 -175.20902     7.3436    30.6577    1474.64  0.000e+00
      4.494   62.05010 -175.20902     7.3437    30.6578    1474.64  0.000e+00
      4.494   62.05010 -175.20902     7.3435    30.6578    1474.64  0.000e+00
      4.548   62.05010 -175.20902     7.3437    30.6577    1474.64  0.000e+00
      4.432   62.05010 -175.20902     7.3435    30.6580    1474.64  0.000e+00
      4.610   62.05010 -175.20902     7.3438    30.6575    1474.65  0.000e+00
      4.610   62.05010 -175.20902     7.3434    30.6580    1474.64  0.000e+00
      4.548   62.05010 -175.20902     7.3434    30.6577    1474.64  0.000e+00
      4.664   62.05010 -175.20902     7.3434    30.6575    1474.64  0.000e+00
      4.610   62.05010 -175.20902     7.3434    30.6579    1474.64  0.000e+00
      4.664   62.05010 -175.20902     7.3438    30.6578    1474.65  0.000e+00
      4.664   62.05010 -175.20902     7.3440    30.6578    1474.65  0.000e+00
      4.726   62.05010 -175.20902     7.3442    30.6579    1474.65  0.000e+00
      4.726   62.05010 -175.20902     7.3443    30.6580    1474.65  0.000e+00
      4.726   62.05010 -175.20902     7.3445    30.6580    1474.65  0.000e+00
      4.779   62.05010 -175.20902     7.3449    30.6577    1474.65  0.000e+00
      4.779   62.05010 -175.20902     7.3450    30.6578    1474.65  0.000e+00
      4.779   62.05010 -175.20902     7.3453    30.6578    1474.65  0.000e+00
      4.833   62.05010 -175.20902     7.3456    30.6580    1474.66  0.000e+00
      4.833   62.05010 -175.20902     7.3460    30.6578    1474.66  0.000e+00
      4.895   62.05010 -175.20902     7.3461    30.6574    1474.66  0.000e+00
      4.833   62.05010 -175.20902     7.3458    30.6577    1474.66  0.000e+00
      4.949   62.05010 -175.20902     7.3458    30.6575    1474.66  0.000e+00
      4.895   62.05010 -175.20902     7.3458    30.6576    1474.66  0.000e+00
      4.949   62.05010 -175.20902     7.3459    30.6577    1474.66  0.000e+00
      4.949   62.05010 -175.20902     7.3461    30.6574    1474.66  0.000e+00
      5.011   62.05010 -175.20902     7.3460    30.6578    1474.66  0.000e+00
      5.011   62.05010 -175.20902     7.3460    30.6580    1474.66  0.000e+00
      5.011   62.05010 -175.20902     7.3458    30.6577    1474.66  0.000e+00
      5.065   62.05010 -175.20902     7.3457    30.6578    1474.66  0.000e+00
      5.126   62.05010 -175.20902     7.3458    30.6579    1474.66  0.000e+00
      5.042   62.05010 -175.20902     7.3456    30.6582    1474.66  0.000e+00
      5.126   62.05010 -175.20902     7.3458    30.6579    1474.66  0.000e+00
      5.126   62.05010 -175.20902     7.3458    30.6576    1474.66  0.000e+00
      5.180   62.05010 -175.20902     7.3457    30.6574    1474.66  0.000e+00
      5.180   62.05010 -175.20902     7.3458    30.6575    1474.66  0.000e+00
      5.180   62.05010 -175.20902     7.3458    30.6576    1474.66  0.000e+00
      5.234   62.05010 -175.20900     7.3455    30.6580    1474.66  0.000e+00
      5.234   62.05010 -175.20900     7.3456    30.6580    1474.66  0.000e+00
      5.234   62.05010 -175.20900     7.3460    30.6574    1474.66  0.000e+00
      5.296   62.05010 -175.20900     7.3458    30.6579    1474.66  0.000e+00
      5.296   62.05010 -175.20900     7.3458    30.6576    1474.66  0.000e+00
      5.296   62.05010 -175.20900     7.3456    30.6576    1474.66  0.000e+00
      5.350   62.05010 -175.20900     7.3456    30.6576    1474.66  0.000e+00
      5.350   62.05010 -175.20900     7.3455    30.6576    1474.66  0.000e+00
