EcoFOCI/data/1_SampleCollection/2023_SikuliaqDBO_CruiseData/CTD_raw_BottleFile_SKQ23-12S/proc/skq202312s_058svp.cnv
* Sea-Bird SBE 9 Data File:
* FileName = D:\CTD\SKQ202312S\SKQ202312S_058.hex
* Software Version Seasave V 7.26.7.121
* Temperature SN = 6177
* Conductivity SN = 0369
* Number of Bytes Per Scan = 41
* Number of Voltage Words = 4
* Number of Scans Averaged by the Deck Unit = 1
* NMEA Latitude = 71 26.88 N
* NMEA Longitude = 164 54.84 W
* NMEA UTC (Time) = Sep 27 2023  11:36:42
* NMEA baud rate = 4800
** Ship: R/V Sikuliaq
** Station Number: 058
** Station Name: IC4
** Bottom Depth: 42
** Operator: SS
# nquan = 7
# nvalues = 5949                                  
# units = specified
# name 0 = depSM: Depth [salt water, m]
# name 1 = latitude: Latitude [deg]
# name 2 = longitude: Longitude [deg]
# name 3 = t090C: Temperature [ITS-90, deg C]
# name 4 = sal00: Salinity, Practical [PSU]
# name 5 = svCM: Sound Velocity [Chen-Millero, m/s]
# name 6 = flag:  0.000e+00
# span 0 =      2.346,     36.847                 
# span 1 =   71.44796,   71.44818                 
# span 2 = -164.91512, -164.91406                 
# span 3 =    -1.0936,     3.0468                 
# span 4 =    30.5526,    32.5356                 
# span 5 =    1441.19,    1457.42                 
# span 6 = 0.0000e+00, 0.0000e+00                 
# interval = seconds: 0.0416667
# start_time = Sep 27 2023 11:40:41 [NMEA time, first data scan]
# bad_flag = -9.990e-29
*END*
[from data line 5334]
     36.669   71.44816 -164.91512    -1.0888    32.4986    1441.29  0.000e+00
     36.770   71.44816 -164.91512    -1.0892    32.4988    1441.29  0.000e+00
     36.669   71.44816 -164.91512    -1.0890    32.4981    1441.29  0.000e+00
     36.723   71.44816 -164.91512    -1.0892    32.4986    1441.29  0.000e+00
     36.716   71.44816 -164.91512    -1.0893    32.4989    1441.29  0.000e+00
     36.723   71.44816 -164.91512    -1.0891    32.4986    1441.29  0.000e+00
     36.723   71.44816 -164.91512    -1.0890    32.4986    1441.29  0.000e+00
     36.716   71.44816 -164.91512    -1.0891    32.4986    1441.29  0.000e+00
     36.723   71.44816 -164.91512    -1.0890    32.4983    1441.29  0.000e+00
     36.723   71.44816 -164.91512    -1.0891    32.4983    1441.29  0.000e+00
     36.716   71.44816 -164.91512    -1.0893    32.4983    1441.29  0.000e+00
     36.723   71.44816 -164.91512    -1.0894    32.4986    1441.29  0.000e+00
     36.723   71.44816 -164.91512    -1.0893    32.4986    1441.29  0.000e+00
     36.716   71.44816 -164.91512    -1.0892    32.4989    1441.29  0.000e+00
     36.723   71.44816 -164.91512    -1.0893    32.4983    1441.29  0.000e+00
     36.723   71.44816 -164.91512    -1.0894    32.4985    1441.29  0.000e+00
     36.769   71.44816 -164.91512    -1.0893    32.4986    1441.29  0.000e+00
     36.723   71.44816 -164.91512    -1.0894    32.4989    1441.29  0.000e+00
     36.723   71.44816 -164.91512    -1.0888    32.4981    1441.29  0.000e+00
     36.715   71.44816 -164.91512    -1.0892    32.4989    1441.29  0.000e+00
     36.723   71.44816 -164.91512    -1.0890    32.4986    1441.29  0.000e+00
     36.723   71.44816 -164.91512    -1.0892    32.4988    1441.29  0.000e+00
     36.715   71.44816 -164.91512    -1.0892    32.4988    1441.29  0.000e+00
     36.723   71.44816 -164.91512    -1.0894    32.4989    1441.29  0.000e+00
     36.723   71.44816 -164.91512    -1.0890    32.4986    1441.29  0.000e+00
     36.769   71.44816 -164.91512    -1.0892    32.4987    1441.29  0.000e+00
     36.723   71.44816 -164.91512    -1.0892    32.4985    1441.29  0.000e+00
     36.723   71.44816 -164.91512    -1.0894    32.4986    1441.29  0.000e+00
     36.715   71.44816 -164.91512    -1.0895    32.4985    1441.29  0.000e+00
     36.785   71.44816 -164.91512    -1.0895    32.4985    1441.29  0.000e+00
     36.723   71.44816 -164.91512    -1.0896    32.4987    1441.29  0.000e+00
     36.715   71.44816 -164.91512    -1.0900    32.4986    1441.29  0.000e+00
     36.723   71.44816 -164.91512    -1.0896    32.4985    1441.29  0.000e+00
     36.723   71.44816 -164.91512    -1.0898    32.4984    1441.29  0.000e+00
     36.769   71.44816 -164.91512    -1.0899    32.4990    1441.29  0.000e+00
     36.723   71.44816 -164.91512    -1.0898    32.4991    1441.29  0.000e+00
     36.723   71.44816 -164.91512    -1.0899    32.4988    1441.29  0.000e+00
     36.715   71.44816 -164.91512    -1.0898    32.4988    1441.29  0.000e+00
     36.784   71.44816 -164.91512    -1.0899    32.4989    1441.29  0.000e+00
     36.669   71.44816 -164.91512    -1.0896    32.4987    1441.29  0.000e+00
     36.769   71.44816 -164.91512    -1.0898    32.4988    1441.29  0.000e+00
     36.723   71.44816 -164.91512    -1.0896    32.4987    1441.29  0.000e+00
     36.723   71.44816 -164.91512    -1.0895    32.4985    1441.29  0.000e+00
     36.715   71.44816 -164.91512    -1.0895    32.4983    1441.29  0.000e+00
     36.723   71.44816 -164.91512    -1.0895    32.4982    1441.29  0.000e+00
     36.723   71.44816 -164.91512    -1.0895    32.4985    1441.29  0.000e+00
     36.769   71.44816 -164.91512    -1.0895    32.4984    1441.29  0.000e+00
     36.669   71.44816 -164.91512    -1.0895    32.4986    1441.29  0.000e+00
     36.723   71.44816 -164.91512    -1.0898    32.4986    1441.29  0.000e+00
     36.769   71.44816 -164.91512    -1.0896    32.4988    1441.29  0.000e+00
     36.669   71.44816 -164.91512    -1.0896    32.4986    1441.29  0.000e+00
     36.722   71.44816 -164.91512    -1.0898    32.4986    1441.29  0.000e+00
     36.715   71.44816 -164.91512    -1.0896    32.4986    1441.29  0.000e+00
     36.722   71.44816 -164.91512    -1.0898    32.4988    1441.29  0.000e+00
     36.722   71.44816 -164.91512    -1.0898    32.4991    1441.29  0.000e+00
     36.715   71.44816 -164.91512    -1.0896    32.4985    1441.29  0.000e+00
     36.722   71.44816 -164.91512    -1.0898    32.4988    1441.29  0.000e+00
     36.722   71.44816 -164.91512    -1.0898    32.4991    1441.29  0.000e+00
     36.715   71.44816 -164.91512    -1.0898    32.4991    1441.29  0.000e+00
     36.668   71.44816 -164.91512    -1.0896    32.4990    1441.29  0.000e+00
     36.722   71.44816 -164.91512    -1.0898    32.4991    1441.29  0.000e+00
     36.722   71.44816 -164.91512    -1.0896    32.4987    1441.29  0.000e+00
     36.715   71.44816 -164.91512    -1.0895    32.4989    1441.29  0.000e+00
     36.668   71.44816 -164.91512    -1.0895    32.4992    1441.29  0.000e+00
     36.722   71.44816 -164.91512    -1.0895    32.4986    1441.29  0.000e+00
     36.653   71.44816 -164.91512    -1.0895    32.4988    1441.29  0.000e+00
     36.722   71.44816 -164.91512    -1.0895    32.4990    1441.29  0.000e+00
     36.668   71.44816 -164.91512    -1.0894    32.4985    1441.29  0.000e+00
     36.714   71.44816 -164.91512    -1.0895    32.4985    1441.29  0.000e+00
     36.722   71.44816 -164.91512    -1.0895    32.4990    1441.29  0.000e+00
     36.722   71.44816 -164.91512    -1.0895    32.4988    1441.29  0.000e+00
     36.653   71.44816 -164.91512    -1.0895    32.4989    1441.29  0.000e+00
     36.668   71.44816 -164.91512    -1.0896    32.4992    1441.29  0.000e+00
     36.722   71.44816 -164.91512    -1.0896    32.4986    1441.29  0.000e+00
     36.653   71.44816 -164.91512    -1.0896    32.4988    1441.29  0.000e+00
     36.668   71.44816 -164.91512    -1.0895    32.4986    1441.29  0.000e+00
     36.722   71.44816 -164.91512    -1.0898    32.4995    1441.29  0.000e+00
     36.653   71.44816 -164.91512    -1.0895    32.4988    1441.29  0.000e+00
     36.722   71.44816 -164.91512    -1.0896    32.4989    1441.29  0.000e+00
     36.668   71.44816 -164.91512    -1.0895    32.4989    1441.29  0.000e+00
     36.652   71.44816 -164.91512    -1.0896    32.4992    1441.29  0.000e+00
     36.668   71.44816 -164.91512    -1.0892    32.4988    1441.29  0.000e+00
     36.668   71.44816 -164.91512    -1.0893    32.4993    1441.29  0.000e+00
     36.714   71.44816 -164.91512    -1.0887    32.4988    1441.29  0.000e+00
     36.668   71.44816 -164.91512    -1.0887    32.4993    1441.29  0.000e+00
     36.668   71.44816 -164.91512    -1.0884    32.4989    1441.30  0.000e+00
     36.652   71.44816 -164.91512    -1.0887    32.4989    1441.29  0.000e+00
     36.668   71.44816 -164.91512    -1.0886    32.4989    1441.29  0.000e+00
     36.668   71.44816 -164.91512    -1.0886    32.4992    1441.30  0.000e+00
     36.652   71.44816 -164.91512    -1.0884    32.4991    1441.30  0.000e+00
     36.668   71.44816 -164.91512    -1.0878    32.4985    1441.30  0.000e+00
     36.668   71.44816 -164.91512    -1.0874    32.4977    1441.30  0.000e+00
     36.714   71.44816 -164.91512    -1.0873    32.4978    1441.30  0.000e+00
     36.606   71.44816 -164.91512    -1.0869    32.4975    1441.30  0.000e+00
     36.668   71.44816 -164.91512    -1.0867    32.4975    1441.30  0.000e+00
     36.714   71.44816 -164.91512    -1.0866    32.4972    1441.30  0.000e+00
     36.668   71.44816 -164.91512    -1.0867    32.4970    1441.30  0.000e+00
     36.668   71.44816 -164.91512    -1.0872    32.4971    1441.30  0.000e+00
     36.652   71.44816 -164.91512    -1.0873    32.4970    1441.30  0.000e+00
     36.667   71.44816 -164.91512    -1.0877    32.4975    1441.30  0.000e+00
     36.667   71.44816 -164.91512    -1.0881    32.4981    1441.30  0.000e+00
     36.652   71.44816 -164.91512    -1.0882    32.4980    1441.30  0.000e+00
     36.667   71.44816 -164.91512    -1.0884    32.4986    1441.30  0.000e+00
     36.667   71.44816 -164.91512    -1.0882    32.4981    1441.30  0.000e+00
     36.652   71.44816 -164.91512    -1.0886    32.4986    1441.29  0.000e+00
     36.667   71.44816 -164.91512    -1.0887    32.4988    1441.29  0.000e+00
     36.667   71.44816 -164.91512    -1.0887    32.4986    1441.29  0.000e+00
     36.652   71.44816 -164.91512    -1.0891    32.4994    1441.29  0.000e+00
     36.721   71.44816 -164.91512    -1.0888    32.4990    1441.29  0.000e+00
     36.667   71.44816 -164.91512    -1.0891    32.4992    1441.29  0.000e+00
     36.652   71.44816 -164.91512    -1.0890    32.4994    1441.29  0.000e+00
     36.667   71.44816 -164.91512    -1.0892    32.4994    1441.29  0.000e+00
     36.667   71.44816 -164.91512    -1.0887    32.4989    1441.29  0.000e+00
     36.714   71.44816 -164.91512    -1.0889    32.4990    1441.29  0.000e+00
     36.667   71.44816 -164.91512    -1.0892    32.4996    1441.29  0.000e+00
     36.667   71.44816 -164.91512    -1.0889    32.4991    1441.29  0.000e+00
     36.713   71.44816 -164.91512    -1.0890    32.4993    1441.29  0.000e+00
     36.667   71.44816 -164.91512    -1.0889    32.4991    1441.29  0.000e+00
     36.667   71.44816 -164.91512    -1.0888    32.4990    1441.29  0.000e+00
     36.713   71.44816 -164.91512    -1.0887    32.4990    1441.30  0.000e+00
     36.721   71.44816 -164.91512    -1.0888    32.4992    1441.30  0.000e+00
     36.667   71.44816 -164.91512    -1.0887    32.4989    1441.29  0.000e+00
     36.713   71.44816 -164.91512    -1.0888    32.4987    1441.29  0.000e+00
     36.721   71.44816 -164.91512    -1.0887    32.4986    1441.29  0.000e+00
     36.667   71.44816 -164.91512    -1.0889    32.4985    1441.29  0.000e+00
     36.713   71.44816 -164.91512    -1.0890    32.4990    1441.29  0.000e+00
     36.667   71.44816 -164.91512    -1.0889    32.4986    1441.29  0.000e+00
     36.721   71.44816 -164.91512    -1.0888    32.4984    1441.29  0.000e+00
     36.713   71.44816 -164.91512    -1.0891    32.4984    1441.29  0.000e+00
     36.721   71.44816 -164.91512    -1.0892    32.4991    1441.29  0.000e+00
     36.721   71.44816 -164.91512    -1.0892    32.4991    1441.29  0.000e+00
     36.713   71.44816 -164.91512    -1.0893    32.4994    1441.29  0.000e+00
     36.721   71.44816 -164.91512    -1.0891    32.4990    1441.29  0.000e+00
     36.721   71.44816 -164.91512    -1.0890    32.4984    1441.29  0.000e+00
     36.713   71.44816 -164.91512    -1.0892    32.4987    1441.29  0.000e+00
     36.721   71.44816 -164.91512    -1.0892    32.4990    1441.29  0.000e+00
     36.667   71.44816 -164.91512    -1.0891    32.4987    1441.29  0.000e+00
     36.767   71.44816 -164.91512    -1.0888    32.4981    1441.29  0.000e+00
     36.721   71.44816 -164.91512    -1.0891    32.4983    1441.29  0.000e+00
     36.721   71.44816 -164.91512    -1.0890    32.4987    1441.29  0.000e+00
     36.767   71.44816 -164.91512    -1.0889    32.4982    1441.29  0.000e+00
     36.721   71.44816 -164.91512    -1.0888    32.4983    1441.29  0.000e+00
     36.721   71.44816 -164.91512    -1.0887    32.4985    1441.29  0.000e+00
     36.713   71.44816 -164.91512    -1.0888    32.4984    1441.29  0.000e+00
     36.782   71.44816 -164.91512    -1.0889    32.4982    1441.29  0.000e+00
     36.721   71.44816 -164.91512    -1.0887    32.4982    1441.29  0.000e+00
     36.713   71.44816 -164.91512    -1.0887    32.4985    1441.29  0.000e+00
     36.721   71.44816 -164.91512    -1.0888    32.4982    1441.29  0.000e+00
     36.782   71.44816 -164.91512    -1.0891    32.4983    1441.29  0.000e+00
     36.713   71.44816 -164.91512    -1.0892    32.4985    1441.29  0.000e+00
     36.721   71.44816 -164.91512    -1.0891    32.4983    1441.29  0.000e+00
     36.782   71.44816 -164.91512    -1.0892    32.4986    1441.29  0.000e+00
     36.713   71.44816 -164.91512    -1.0895    32.4989    1441.29  0.000e+00
     36.782   71.44816 -164.91512    -1.0893    32.4983    1441.29  0.000e+00
     36.720   71.44816 -164.91512    -1.0894    32.4983    1441.29  0.000e+00
     36.713   71.44816 -164.91512    -1.0892    32.4984    1441.29  0.000e+00
     36.782   71.44816 -164.91512    -1.0894    32.4986    1441.29  0.000e+00
     36.720   71.44816 -164.91512    -1.0893    32.4988    1441.29  0.000e+00
     36.713   71.44816 -164.91512    -1.0894    32.4985    1441.29  0.000e+00
     36.720   71.44816 -164.91512    -1.0893    32.4983    1441.29  0.000e+00
     36.782   71.44816 -164.91512    -1.0892    32.4983    1441.29  0.000e+00
     36.713   71.44816 -164.91512    -1.0895    32.4988    1441.29  0.000e+00
     36.720   71.44816 -164.91512    -1.0895    32.4988    1441.29  0.000e+00
     36.782   71.44816 -164.91512    -1.0895    32.4985    1441.29  0.000e+00
     36.713   71.44816 -164.91512    -1.0894    32.4981    1441.29  0.000e+00
     36.720   71.44816 -164.91512    -1.0893    32.4982    1441.29  0.000e+00
     36.720   71.44816 -164.91512    -1.0896    32.4989    1441.29  0.000e+00
     36.767   71.44816 -164.91512    -1.0895    32.4983    1441.29  0.000e+00
     36.720   71.44816 -164.91512    -1.0894    32.4987    1441.29  0.000e+00
     36.666   71.44816 -164.91512    -1.0895    32.4988    1441.29  0.000e+00
     36.766   71.44816 -164.91512    -1.0896    32.4989    1441.29  0.000e+00
     36.720   71.44816 -164.91512    -1.0895    32.4988    1441.29  0.000e+00
     36.720   71.44816 -164.91512    -1.0894    32.4991    1441.29  0.000e+00
     36.712   71.44816 -164.91512    -1.0892    32.4992    1441.29  0.000e+00
     36.720   71.44816 -164.91512    -1.0886    32.4993    1441.30  0.000e+00
     36.666   71.44816 -164.91512    -1.0870    32.4983    1441.30  0.000e+00
     36.712   71.44816 -164.91512    -1.0855    32.4970    1441.31  0.000e+00
     36.720   71.44816 -164.91512    -1.0847    32.4964    1441.31  0.000e+00
     36.720   71.44816 -164.91512    -1.0848    32.4961    1441.31  0.000e+00
     36.666   71.44816 -164.91512    -1.0853    32.4969    1441.31  0.000e+00
     36.712   71.44816 -164.91512    -1.0855    32.4971    1441.31  0.000e+00
     36.720   71.44816 -164.91512    -1.0859    32.4977    1441.31  0.000e+00
     36.666   71.44816 -164.91512    -1.0860    32.4978    1441.31  0.000e+00
     36.712   71.44816 -164.91512    -1.0861    32.4982    1441.31  0.000e+00
     36.666   71.44816 -164.91512    -1.0857    32.4977    1441.31  0.000e+00
     36.720   71.44816 -164.91512    -1.0852    32.4974    1441.31  0.000e+00
     36.651   71.44816 -164.91512    -1.0855    32.4978    1441.31  0.000e+00
     36.720   71.44816 -164.91512    -1.0853    32.4975    1441.31  0.000e+00
     36.666   71.44816 -164.91512    -1.0857    32.4983    1441.31  0.000e+00
     36.650   71.44816 -164.91512    -1.0858    32.4983    1441.31  0.000e+00
     36.666   71.44816 -164.91512    -1.0860    32.4985    1441.31  0.000e+00
     36.720   71.44816 -164.91512    -1.0861    32.4990    1441.31  0.000e+00
     36.650   71.44816 -164.91512    -1.0860    32.4991    1441.31  0.000e+00
     36.666   71.44816 -164.91512    -1.0866    32.4994    1441.31  0.000e+00
     36.666   71.44816 -164.91512    -1.0864    32.4995    1441.31  0.000e+00
     36.712   71.44816 -164.91512    -1.0867    32.5001    1441.31  0.000e+00
     36.604   71.44816 -164.91512    -1.0864    32.4994    1441.30  0.000e+00
     36.666   71.44816 -164.91512    -1.0863    32.4991    1441.31  0.000e+00
     36.712   71.44816 -164.91512    -1.0862    32.4987    1441.31  0.000e+00
     36.666   71.44816 -164.91512    -1.0858    32.4983    1441.31  0.000e+00
     36.604   71.44816 -164.91512    -1.0855    32.4984    1441.31  0.000e+00
     36.650   71.44816 -164.91512    -1.0855    32.4981    1441.31  0.000e+00
     36.666   71.44816 -164.91512    -1.0854    32.4967    1441.31  0.000e+00
     36.666   71.44816 -164.91512    -1.0852    32.4960    1441.31  0.000e+00
