EcoFOCI/data/1_SampleCollection/2023_SikuliaqDBO_CruiseData/CTD_raw_BottleFile_SKQ23-12S/proc/skq202312s_005.ros
* Sea-Bird SBE 9 Data File:
* FileName = D:\CTD\SKQ202312S\SKQ202312S_005.hex
* Software Version Seasave V 7.26.7.121
* Temperature SN = 6177
* Conductivity SN = 0369
* Number of Bytes Per Scan = 41
* Number of Voltage Words = 4
* Number of Scans Averaged by the Deck Unit = 1
* NMEA Latitude = 62 23.39 N
* NMEA Longitude = 174 34.17 W
* NMEA UTC (Time) = Sep 15 2023  22:10:54
* NMEA baud rate = 4800
** Ship: R/V Sikuliaq
** Station Number: 005
** Station Name: DBO1.4
** Bottom Depth: 70
** Operator: SD
# nquan = 22
# nvalues = 1078                                  
# units = specified
# name 0 = depSM: Depth [salt water, m]
# name 1 = latitude: Latitude [deg]
# name 2 = longitude: Longitude [deg]
# name 3 = prDM: Pressure, Digiquartz [db]
# name 4 = t090C: Temperature [ITS-90, deg C]
# name 5 = t190C: Temperature, 2 [ITS-90, deg C]
# name 6 = potemp090C: Potential Temperature [ITS-90, deg C]
# name 7 = sal00: Salinity, Practical [PSU]
# name 8 = sal11: Salinity, Practical, 2 [PSU]
# name 9 = density00: Density [density, kg/m^3]
# name 10 = sigma-é00: Density [sigma-theta, kg/m^3]
# name 11 = sbox0Mm/Kg: Oxygen, SBE 43 [umol/kg]
# name 12 = sbox1Mm/Kg: Oxygen, SBE 43, 2 [umol/kg]
# name 13 = oxsolMm/Kg: Oxygen Saturation, Garcia & Gordon [umol/kg]
# name 14 = sbeox0PS: Oxygen, SBE 43 [% saturation]
# name 15 = v0: Voltage 0
# name 16 = flECO-AFL: Fluorescence, WET Labs ECO-AFL/FL [mg/m^3]
# name 17 = CStarAt0: Beam Attenuation, WET Labs C-Star [1/m]
# name 18 = par: PAR/Irradiance, Biospherical/Licor
# name 19 = scan: Scan Count
# name 20 = nbf: Bottles Fired
# name 21 = flag:  0.000e+00
# interval = seconds: 0.0416667
# start_time = Sep 15 2023 22:14:11 [NMEA time, first data scan]
# bad_flag = -9.990e-29
*END*
[from data line 66]
     65.250   62.38978 -174.56960     65.894    -1.5240    -1.5223    -1.5252    31.8994    31.9096  1025.9730    25.6545    283.922    270.975  371.22250     76.483     0.0769     0.1135     1.0012 2.7065e-03       7824          2  0.000e+00
     65.250   62.38978 -174.56960     65.894    -1.5245    -1.5227    -1.5256    31.8993    31.9096  1025.9729    25.6544    284.150    271.207  371.22755     76.543     0.0757     0.1062     1.0012 2.3659e-03       7825          2  0.000e+00
     65.243   62.38978 -174.56960     65.886    -1.5243    -1.5219    -1.5254    31.8990    31.9089  1025.9726    25.6542    284.161    271.000  371.22647     76.547     0.0757     0.1062     1.0012 2.3659e-03       7826          2  0.000e+00
     65.250   62.38978 -174.56960     65.894    -1.5241    -1.5223    -1.5252    31.8991    31.9093  1025.9727    25.6542    284.172    271.002  371.22402     76.550     0.0757     0.1062     1.0012 2.3659e-03       7827          2  0.000e+00
     65.250   62.38978 -174.56960     65.894    -1.5243    -1.5223    -1.5254    31.8994    31.9096  1025.9730    25.6545    284.186    270.770  371.22549     76.553     0.0757     0.1062     1.0012 1.6876e-03       7828          2  0.000e+00
     65.250   62.38978 -174.56960     65.894    -1.5240    -1.5225    -1.5252    31.8991    31.9098  1025.9727    25.6542    283.935    270.741  371.22350     76.486     0.0745     0.0989     1.0012 6.7730e-04       7829          2  0.000e+00
     65.243   62.38978 -174.56960     65.886    -1.5241    -1.5225    -1.5252    31.8994    31.9100  1025.9729    25.6545    283.899    270.945  371.22313     76.477     0.0757     0.1062     1.0012 6.7730e-04       7830          2  0.000e+00
     65.196   62.38978 -174.56960     65.840    -1.5243    -1.5222    -1.5254    31.8998    31.9095  1025.9730    25.6548    283.865    270.717  371.22439     76.467     0.0745     0.0989     1.0012 4.0784e-03       7831          2  0.000e+00
     65.250   62.38978 -174.56960     65.894    -1.5240    -1.5223    -1.5252    31.8996    31.9098  1025.9731    25.6546    284.095    270.696  371.22200     76.530     0.0757     0.1062     1.0012 1.0084e-02       7832          2  0.000e+00
     65.181   62.38978 -174.56960     65.824    -1.5237    -1.5223    -1.5249    31.8994    31.9094  1025.9726    25.6545    283.848    270.674  371.21965     76.464     0.0745     0.0989     1.0012 1.1174e-02       7833          2  0.000e+00
     65.196   62.38978 -174.56960     65.840    -1.5238    -1.5222    -1.5249    31.8999    31.9093  1025.9731    25.6549    283.818    270.656  371.21882     76.456     0.0757     0.1062     1.0012 3.7340e-03       7834          2  0.000e+00
     65.196   62.38978 -174.56960     65.840    -1.5234    -1.5225    -1.5245    31.8990    31.9100  1025.9723    25.6541    284.051    270.642  371.21742     76.519     0.0769     0.1135     1.0012 1.0000e-12       7835          2  0.000e+00
     65.181   62.38978 -174.56960     65.824    -1.5237    -1.5223    -1.5249    31.8993    31.9091  1025.9725    25.6544    284.076    270.630  371.21990     76.525     0.0757     0.1062     1.0012 1.0000e-12       7836          2  0.000e+00
     65.196   62.38978 -174.56960     65.840    -1.5237    -1.5224    -1.5249    31.8992    31.9094  1025.9725    25.6543    284.100    270.852  371.22030     76.531     0.0757     0.1062     1.0065 2.7065e-03       7837          2  0.000e+00
     65.196   62.38978 -174.56960     65.840    -1.5238    -1.5225    -1.5249    31.8992    31.9095  1025.9725    25.6543    283.862    270.878  371.22082     76.467     0.0757     0.1062     1.0092 6.8690e-03       7838          2  0.000e+00
     65.181   62.38978 -174.56960     65.824    -1.5237    -1.5225    -1.5249    31.8995    31.9096  1025.9727    25.6546    283.835    270.671  371.21927     76.460     0.0757     0.1062     1.0105 6.8690e-03       7839          2  0.000e+00
     65.135   62.38978 -174.56960     65.777    -1.5234    -1.5223    -1.5245    31.8991    31.9093  1025.9721    25.6542    284.069    270.896  371.21706     76.524     0.0757     0.1062     1.0105 2.0263e-03       7840          2  0.000e+00
     65.196   62.38978 -174.56960     65.840    -1.5236    -1.5223    -1.5248    31.8995    31.9094  1025.9728    25.6545    284.100    270.696  371.21825     76.532     0.0757     0.1062     1.0105 1.0000e-12       7841          2  0.000e+00
     65.127   62.38978 -174.56960     65.769    -1.5233    -1.5227    -1.5244    31.8990    31.9097  1025.9720    25.6541    283.861    270.696  371.21625     76.468     0.0757     0.1062     1.0105 1.0000e-12       7842          2  0.000e+00
     65.135   62.38978 -174.56960     65.777    -1.5234    -1.5225    -1.5245    31.8993    31.9097  1025.9723    25.6544    284.102    270.698  371.21656     76.533     0.0757     0.1062     1.0092 4.4238e-03       7843          2  0.000e+00
     65.196   62.38978 -174.56960     65.840    -1.5233    -1.5225    -1.5244    31.8992    31.9098  1025.9725    25.6543    283.872    270.937  371.21562     76.471     0.0720     0.0842     1.0092 9.0035e-03       7844          2  0.000e+00
     65.127   62.38978 -174.56960     65.769    -1.5232    -1.5223    -1.5243    31.8991    31.9096  1025.9721    25.6542    283.797    270.741  371.21471     76.451     0.0720     0.0842     1.0105 9.7231e-03       7845          2  0.000e+00
     65.135   62.38978 -174.56960     65.777    -1.5233    -1.5221    -1.5244    31.8996    31.9095  1025.9726    25.6546    283.987    270.980  371.21439     76.502     0.0708     0.0769     1.0092 7.5765e-03       7846          2  0.000e+00
     65.135   62.38978 -174.56960     65.777    -1.5231    -1.5218    -1.5242    31.8996    31.9093  1025.9725    25.6546    283.754    271.021  371.21270     76.440     0.0720     0.0842     1.0105 5.1175e-03       7847          2  0.000e+00
     65.127   62.38978 -174.56960     65.769    -1.5228    -1.5215    -1.5239    31.8997    31.9092  1025.9726    25.6547    283.680    271.295  371.20945     76.420     0.0733     0.0916     1.0105 4.0784e-03       7848          2  0.000e+00
     65.135   62.38978 -174.56960     65.777    -1.5226    -1.5218    -1.5237    31.8996    31.9094  1025.9726    25.6547    283.659    271.143  371.20738     76.415     0.0720     0.0842     1.0105 1.0131e-03       7849          2  0.000e+00
     65.134   62.38978 -174.56960     65.777    -1.5222    -1.5219    -1.5233    31.8990    31.9094  1025.9720    25.6541    283.640    271.156  371.20535     76.411     0.0720     0.0842     1.0105 1.0000e-12       7850          2  0.000e+00
     65.019   62.38978 -174.56960     65.660    -1.5224    -1.5219    -1.5235    31.8994    31.9095  1025.9718    25.6544    283.569    271.198  371.20584     76.391     0.0720     0.0842     1.0092 1.0000e-12       7851          2  0.000e+00
     65.243   62.38978 -174.56960     65.886    -1.5222    -1.5221    -1.5234    31.8992    31.9093  1025.9727    25.6543    283.563    271.221  371.20519     76.390     0.0733     0.0916     1.0105 1.0000e-12       7852          2  0.000e+00
     65.080   62.38978 -174.56960     65.723    -1.5225    -1.5218    -1.5236    31.8993    31.9090  1025.9720    25.6544    283.546    271.227  371.20724     76.385     0.0720     0.0842     1.0105 8.4714e-06       7853          2  0.000e+00
     65.134   62.38978 -174.56960     65.777    -1.5224    -1.5220    -1.5235    31.8995    31.9089  1025.9724    25.6545    284.059    271.013  371.20554     76.523     0.0720     0.0842     1.0105 1.0000e-12       7854          2  0.000e+00
     65.127   62.38978 -174.56960     65.769    -1.5224    -1.5219    -1.5235    31.8994    31.9092  1025.9724    25.6545    283.624    271.225  371.20566     76.406     0.0720     0.0842     1.0105 1.0000e-12       7855          2  0.000e+00
     65.598   62.38978 -174.56960     66.245    -1.5238    -1.5236    -1.5250    31.8994    31.9098  1025.9747    25.6545    283.667    271.496  371.22068     76.415     0.0757     0.1062     1.0118 1.0000e-12       7995          3  0.000e+00
     65.598   62.38978 -174.56960     66.245    -1.5237    -1.5236    -1.5249    31.8992    31.9100  1025.9745    25.6543    283.911    271.480  371.22026     76.480     0.0757     0.1062     1.0118 6.7730e-04       7996          3  0.000e+00
     65.528   62.38978 -174.56960     66.175    -1.5233    -1.5236    -1.5245    31.8990    31.9097  1025.9740    25.6541    283.939    271.461  371.21686     76.489     0.0794     0.1282     1.0118 3.3905e-03       7997          3  0.000e+00
     65.598   62.38978 -174.56960     66.245    -1.5231    -1.5236    -1.5242    31.8988    31.9099  1025.9741    25.6540    283.868    271.447  371.21514     76.470     0.0818     0.1428     1.0118 4.0784e-03       7998          3  0.000e+00
     65.536   62.38978 -174.56960     66.183    -1.5233    -1.5237    -1.5244    31.8992    31.9099  1025.9742    25.6543    283.896    271.430  371.21560     76.477     0.0818     0.1428     1.0092 4.7702e-03       7999          3  0.000e+00
     65.582   62.38978 -174.56960     66.229    -1.5231    -1.5236    -1.5242    31.8993    31.9096  1025.9744    25.6543    283.873    271.415  371.21374     76.472     0.0818     0.1428     1.0065 6.8690e-03       8000          3  0.000e+00
     65.536   62.38978 -174.56960     66.183    -1.5232    -1.5237    -1.5243    31.8990    31.9098  1025.9740    25.6541    283.847    271.397  371.21506     76.464     0.0818     0.1428     1.0065 7.5765e-03       8001          3  0.000e+00
     65.598   62.38978 -174.56960     66.245    -1.5237    -1.5239    -1.5249    31.8992    31.9097  1025.9745    25.6543    283.827    271.419  371.22026     76.458     0.0818     0.1428     1.0065 3.3905e-03       8002          3  0.000e+00
     65.528   62.38978 -174.56960     66.175    -1.5243    -1.5236    -1.5255    31.8996    31.9098  1025.9745    25.6547    283.799    271.630  371.22485     76.449     0.0806     0.1355     1.0065 3.4241e-04       8003          3  0.000e+00
     65.598   62.38978 -174.56960     66.245    -1.5244    -1.5236    -1.5255    31.8997    31.9095  1025.9749    25.6548    283.771    271.650  371.22500     76.442     0.0818     0.1428     1.0078 1.0000e-12       8004          3  0.000e+00
     65.536   62.38978 -174.56960     66.183    -1.5247    -1.5236    -1.5258    31.8995    31.9094  1025.9745    25.6546    283.790    271.663  371.22850     76.446     0.0806     0.1355     1.0078 1.0000e-12       8005          3  0.000e+00
     65.528   62.38978 -174.56960     66.175    -1.5249    -1.5237    -1.5261    31.8996    31.9092  1025.9745    25.6547    283.550    271.711  371.23109     76.381     0.0818     0.1428     1.0065 8.4714e-06       8006          3  0.000e+00
     65.536   62.38978 -174.56960     66.183    -1.5248    -1.5239    -1.5259    31.8997    31.9095  1025.9746    25.6547    283.781    271.726  371.22929     76.444     0.0806     0.1355     1.0078 1.0000e-12       8007          3  0.000e+00
     65.536   62.38978 -174.56960     66.183    -1.5248    -1.5237    -1.5260    31.9000    31.9097  1025.9749    25.6550    283.801    271.736  371.22881     76.449     0.0806     0.1355     1.0065 3.4241e-04       8008          3  0.000e+00
     65.528   62.38978 -174.56960     66.175    -1.5247    -1.5238    -1.5258    31.8995    31.9099  1025.9744    25.6545    283.822    271.515  371.22873     76.455     0.0830     0.1502     1.0065 6.7730e-04       8009          3  0.000e+00
     65.536   62.38978 -174.56960     66.183    -1.5240    -1.5237    -1.5252    31.8989    31.9100  1025.9739    25.6540    283.839    271.493  371.22413     76.460     0.0818     0.1428     1.0065 6.7730e-04       8010          3  0.000e+00
     65.536   62.38978 -174.56960     66.183    -1.5242    -1.5234    -1.5253    31.8998    31.9096  1025.9747    25.6548    283.598    271.470  371.22320     76.395     0.0818     0.1428     1.0065 2.0263e-03       8011          3  0.000e+00
     65.528   62.38978 -174.56960     66.175    -1.5244    -1.5234    -1.5255    31.8993    31.9093  1025.9742    25.6544    283.834    271.680  371.22637     76.459     0.0818     0.1428     1.0065 4.4238e-03       8012          3  0.000e+00
     65.536   62.38978 -174.56960     66.183    -1.5248    -1.5234    -1.5259    31.8997    31.9099  1025.9746    25.6547    284.122    271.723  371.22929     76.535     0.0818     0.1428     1.0078 5.1175e-03       8013          3  0.000e+00
     65.536   62.38978 -174.56960     66.183    -1.5248    -1.5234    -1.5259    31.8997    31.9096  1025.9747    25.6548    284.193    271.501  371.22904     76.555     0.0818     0.1428     1.0078 4.4238e-03       8014          3  0.000e+00
     65.466   62.38978 -174.56960     66.112    -1.5248    -1.5234    -1.5260    31.8994    31.9098  1025.9741    25.6545    284.313    271.707  371.23056     76.587     0.0818     0.1428     1.0078 3.0480e-03       8015          3  0.000e+00
     65.536   62.38978 -174.56960     66.183    -1.5247    -1.5234    -1.5258    31.8992    31.9096  1025.9742    25.6544    284.017    271.752  371.22937     76.507     0.0806     0.1355     1.0065 2.7065e-03       8016          3  0.000e+00
     65.482   62.38978 -174.56960     66.128    -1.5249    -1.5236    -1.5261    31.8997    31.9097  1025.9743    25.6547    283.718    271.528  371.23101     76.426     0.0818     0.1428     1.0078 2.3659e-03       8017          3  0.000e+00
     65.528   62.38978 -174.56960     66.175    -1.5247    -1.5234    -1.5258    31.8993    31.9095  1025.9743    25.6544    283.944    271.504  371.22911     76.487     0.0806     0.1355     1.0078 1.0131e-03       8018          3  0.000e+00
     65.482   62.38978 -174.56960     66.128    -1.5247    -1.5236    -1.5259    31.8992    31.9097  1025.9740    25.6543    283.957    271.247  371.23005     76.491     0.0818     0.1428     1.0052 3.4241e-04       8019          3  0.000e+00
     65.482   62.38978 -174.56960     66.128    -1.5249    -1.5237    -1.5261    31.8996    31.9096  1025.9743    25.6547    283.712    271.424  371.23126     76.425     0.0806     0.1355     1.0038 8.4714e-06       8020          3  0.000e+00
     65.528   62.38978 -174.56960     66.175    -1.5249    -1.5239    -1.5261    31.8990    31.9099  1025.9740    25.6542    283.943    271.635  371.23297     76.486     0.0818     0.1428     1.0038 1.0000e-12       8021          3  0.000e+00
     65.482   62.38978 -174.56960     66.128    -1.5248    -1.5236    -1.5259    31.8993    31.9099  1025.9740    25.6544    283.903    271.639  371.23044     76.476     0.0830     0.1502     1.0038 1.0000e-12       8022          3  0.000e+00
     65.482   62.38978 -174.56960     66.128    -1.5248    -1.5237    -1.5260    31.8993    31.9097  1025.9741    25.6545    283.918    271.648  371.23084     76.480     0.0830     0.1502     1.0038 1.0000e-12       8023          3  0.000e+00
     65.528   62.38978 -174.56960     66.175    -1.5249    -1.5239    -1.5261    31.8996    31.9099  1025.9745    25.6546    283.883    271.656  371.23134     76.471     0.0830     0.1502     1.0038 1.0000e-12       8024          3  0.000e+00
     65.428   62.38978 -174.56960     66.073    -1.5248    -1.5237    -1.5259    31.8993    31.9096  1025.9738    25.6544    282.845    271.424  371.23035     76.191     0.0830     0.1502     1.0038 8.4714e-06       8025          3  0.000e+00
     65.482   62.38978 -174.56960     66.128    -1.5249    -1.5237    -1.5261    31.8989    31.9095  1025.9737    25.6541    283.715    271.431  371.23313     76.425     0.0830     0.1502     1.0038 8.4714e-06       8026          3  0.000e+00
     65.466   62.38978 -174.56960     66.112    -1.5250    -1.5238    -1.5261    31.8993    31.9098  1025.9740    25.6544    283.735    271.437  371.23263     76.430     0.0830     0.1502     1.0038 3.4241e-04       8027          3  0.000e+00
