EcoFOCI/data/1_SampleCollection/2023_SikuliaqDBO_CruiseData/CTD_raw_BottleFile_SKQ23-12S/proc/skq202312s_056svp.cnv
* Sea-Bird SBE 9 Data File:
* FileName = D:\CTD\SKQ202312S\SKQ202312S_056.hex
* Software Version Seasave V 7.26.7.121
* Temperature SN = 6177
* Conductivity SN = 0369
* Number of Bytes Per Scan = 41
* Number of Voltage Words = 4
* Number of Scans Averaged by the Deck Unit = 1
* NMEA Latitude = 71 11.69 N
* NMEA Longitude = 164 11.92 W
* NMEA UTC (Time) = Sep 27 2023  06:41:16
* NMEA baud rate = 4800
** Ship: R/V Sikuliaq
** Station Number: 056
** Station Name: IC6
** Bottom Depth: 44
** Operator: SD
# nquan = 7
# nvalues = 3968                                  
# units = specified
# name 0 = depSM: Depth [salt water, m]
# name 1 = latitude: Latitude [deg]
# name 2 = longitude: Longitude [deg]
# name 3 = t090C: Temperature [ITS-90, deg C]
# name 4 = sal00: Salinity, Practical [PSU]
# name 5 = svCM: Sound Velocity [Chen-Millero, m/s]
# name 6 = flag:  0.000e+00
# span 0 =      2.089,     38.866                 
# span 1 =   71.19488,   71.19490                 
# span 2 = -164.19864, -164.19862                 
# span 3 =    -0.8832,     4.6042                 
# span 4 =    30.9011,    32.4079                 
# span 5 =    1442.06,    1464.71                 
# span 6 = 0.0000e+00, 0.0000e+00                 
# interval = seconds: 0.0416667
# start_time = Sep 27 2023 06:45:52 [NMEA time, first data scan]
# bad_flag = -9.990e-29
*END*
[from data line 2667]
     28.801   71.19488 -164.19864    -0.8210    32.3853    1442.28  0.000e+00
     28.870   71.19488 -164.19864    -0.8234    32.3854    1442.27  0.000e+00
     28.909   71.19488 -164.19864    -0.8261    32.3874    1442.26  0.000e+00
     28.870   71.19488 -164.19864    -0.8287    32.3876    1442.25  0.000e+00
     28.909   71.19488 -164.19864    -0.8312    32.3887    1442.24  0.000e+00
     28.870   71.19488 -164.19864    -0.8330    32.3894    1442.23  0.000e+00
     28.970   71.19488 -164.19864    -0.8350    32.3901    1442.22  0.000e+00
     28.986   71.19488 -164.19864    -0.8367    32.3914    1442.22  0.000e+00
     28.970   71.19488 -164.19864    -0.8377    32.3927    1442.21  0.000e+00
     29.040   71.19488 -164.19864    -0.8378    32.3927    1442.21  0.000e+00
     29.024   71.19488 -164.19864    -0.8375    32.3906    1442.21  0.000e+00
     29.040   71.19488 -164.19864    -0.8374    32.3904    1442.21  0.000e+00
     29.086   71.19488 -164.19864    -0.8379    32.3902    1442.21  0.000e+00
     29.101   71.19488 -164.19864    -0.8390    32.3911    1442.21  0.000e+00
     29.086   71.19488 -164.19864    -0.8396    32.3911    1442.20  0.000e+00
     29.101   71.19488 -164.19864    -0.8398    32.3910    1442.20  0.000e+00
     29.140   71.19488 -164.19864    -0.8403    32.3902    1442.20  0.000e+00
     29.155   71.19488 -164.19864    -0.8404    32.3901    1442.20  0.000e+00
     29.201   71.19488 -164.19864    -0.8410    32.3904    1442.20  0.000e+00
     29.217   71.19488 -164.19864    -0.8415    32.3903    1442.20  0.000e+00
     29.255   71.19488 -164.19864    -0.8418    32.3903    1442.19  0.000e+00
     29.217   71.19488 -164.19864    -0.8426    32.3906    1442.19  0.000e+00
     29.255   71.19488 -164.19864    -0.8432    32.3911    1442.19  0.000e+00
     29.271   71.19488 -164.19864    -0.8438    32.3907    1442.19  0.000e+00
     29.271   71.19488 -164.19864    -0.8441    32.3906    1442.18  0.000e+00
     29.317   71.19488 -164.19864    -0.8441    32.3909    1442.19  0.000e+00
     29.332   71.19488 -164.19864    -0.8444    32.3914    1442.19  0.000e+00
     29.371   71.19488 -164.19864    -0.8443    32.3909    1442.19  0.000e+00
     29.386   71.19488 -164.19864    -0.8441    32.3902    1442.19  0.000e+00
     29.371   71.19488 -164.19864    -0.8439    32.3899    1442.19  0.000e+00
     29.440   71.19488 -164.19864    -0.8438    32.3897    1442.19  0.000e+00
     29.425   71.19488 -164.19864    -0.8439    32.3882    1442.18  0.000e+00
     29.440   71.19488 -164.19864    -0.8445    32.3882    1442.18  0.000e+00
     29.425   71.19488 -164.19864    -0.8447    32.3888    1442.18  0.000e+00
     29.502   71.19488 -164.19864    -0.8443    32.3878    1442.18  0.000e+00
     29.487   71.19488 -164.19864    -0.8433    32.3866    1442.19  0.000e+00
     29.556   71.19488 -164.19864    -0.8427    32.3865    1442.19  0.000e+00
     29.541   71.19488 -164.19864    -0.8424    32.3857    1442.19  0.000e+00
     29.556   71.19488 -164.19864    -0.8427    32.3850    1442.19  0.000e+00
     29.602   71.19488 -164.19864    -0.8430    32.3847    1442.19  0.000e+00
     29.618   71.19488 -164.19864    -0.8436    32.3840    1442.18  0.000e+00
     29.602   71.19488 -164.19864    -0.8450    32.3857    1442.18  0.000e+00
     29.618   71.19488 -164.19864    -0.8455    32.3852    1442.18  0.000e+00
     29.656   71.19488 -164.19864    -0.8465    32.3854    1442.17  0.000e+00
     29.672   71.19488 -164.19864    -0.8467    32.3855    1442.17  0.000e+00
     29.718   71.19488 -164.19864    -0.8464    32.3866    1442.18  0.000e+00
     29.672   71.19488 -164.19864    -0.8459    32.3864    1442.18  0.000e+00
     29.772   71.19488 -164.19864    -0.8465    32.3859    1442.17  0.000e+00
     29.733   71.19488 -164.19864    -0.8470    32.3852    1442.17  0.000e+00
     29.772   71.19488 -164.19864    -0.8478    32.3857    1442.17  0.000e+00
     29.787   71.19488 -164.19864    -0.8478    32.3855    1442.17  0.000e+00
     29.826   71.19488 -164.19864    -0.8475    32.3861    1442.17  0.000e+00
     29.841   71.19488 -164.19864    -0.8470    32.3851    1442.17  0.000e+00
     29.772   71.19488 -164.19864    -0.8478    32.3848    1442.17  0.000e+00
     29.903   71.19488 -164.19864    -0.8487    32.3857    1442.17  0.000e+00
     29.903   71.19488 -164.19864    -0.8492    32.3858    1442.16  0.000e+00
     29.941   71.19488 -164.19864    -0.8486    32.3851    1442.17  0.000e+00
     29.903   71.19488 -164.19864    -0.8490    32.3857    1442.17  0.000e+00
     29.941   71.19488 -164.19864    -0.8490    32.3851    1442.16  0.000e+00
     29.957   71.19488 -164.19864    -0.8484    32.3851    1442.17  0.000e+00
     30.003   71.19488 -164.19864    -0.8475    32.3832    1442.17  0.000e+00
     29.957   71.19488 -164.19864    -0.8475    32.3825    1442.17  0.000e+00
     30.003   71.19488 -164.19864    -0.8469    32.3819    1442.17  0.000e+00
     30.072   71.19488 -164.19864    -0.8469    32.3811    1442.17  0.000e+00
     30.057   71.19488 -164.19864    -0.8465    32.3802    1442.17  0.000e+00
     30.018   71.19488 -164.19864    -0.8475    32.3795    1442.17  0.000e+00
     30.119   71.19488 -164.19864    -0.8487    32.3799    1442.16  0.000e+00
     30.134   71.19488 -164.19864    -0.8497    32.3816    1442.16  0.000e+00
     30.119   71.19488 -164.19864    -0.8507    32.3824    1442.16  0.000e+00
     30.134   71.19488 -164.19864    -0.8513    32.3832    1442.15  0.000e+00
     30.173   71.19488 -164.19864    -0.8521    32.3840    1442.15  0.000e+00
     30.188   71.19488 -164.19864    -0.8510    32.3837    1442.16  0.000e+00
     30.188   71.19488 -164.19864    -0.8480    32.3806    1442.17  0.000e+00
     30.226   71.19488 -164.19864    -0.8473    32.3800    1442.17  0.000e+00
     30.188   71.19488 -164.19864    -0.8481    32.3809    1442.17  0.000e+00
     30.288   71.19488 -164.19864    -0.8484    32.3809    1442.17  0.000e+00
     30.242   71.19488 -164.19864    -0.8485    32.3806    1442.17  0.000e+00
     30.288   71.19488 -164.19864    -0.8489    32.3806    1442.16  0.000e+00
     30.358   71.19488 -164.19864    -0.8493    32.3797    1442.16  0.000e+00
     30.288   71.19488 -164.19864    -0.8494    32.3779    1442.16  0.000e+00
     30.357   71.19488 -164.19864    -0.8510    32.3788    1442.15  0.000e+00
     30.342   71.19488 -164.19864    -0.8527    32.3808    1442.15  0.000e+00
     30.419   71.19488 -164.19864    -0.8542    32.3823    1442.14  0.000e+00
     30.342   71.19488 -164.19864    -0.8552    32.3830    1442.14  0.000e+00
     30.473   71.19488 -164.19864    -0.8555    32.3826    1442.14  0.000e+00
     30.404   71.19488 -164.19864    -0.8561    32.3836    1442.14  0.000e+00
     30.473   71.19488 -164.19864    -0.8562    32.3849    1442.14  0.000e+00
     30.404   71.19488 -164.19864    -0.8555    32.3835    1442.14  0.000e+00
     30.535   71.19488 -164.19864    -0.8549    32.3810    1442.14  0.000e+00
     30.535   71.19488 -164.19864    -0.8552    32.3806    1442.14  0.000e+00
     30.573   71.19488 -164.19864    -0.8555    32.3812    1442.14  0.000e+00
     30.589   71.19488 -164.19864    -0.8559    32.3817    1442.14  0.000e+00
     30.627   71.19488 -164.19864    -0.8561    32.3819    1442.14  0.000e+00
     30.589   71.19488 -164.19864    -0.8562    32.3812    1442.14  0.000e+00
     30.627   71.19488 -164.19864    -0.8569    32.3810    1442.13  0.000e+00
     30.643   71.19488 -164.19864    -0.8575    32.3820    1442.13  0.000e+00
     30.689   71.19488 -164.19864    -0.8579    32.3826    1442.13  0.000e+00
     30.704   71.19488 -164.19864    -0.8571    32.3821    1442.13  0.000e+00
     30.743   71.19488 -164.19864    -0.8551    32.3809    1442.14  0.000e+00
     30.704   71.19488 -164.19864    -0.8539    32.3791    1442.15  0.000e+00
     30.758   71.19488 -164.19864    -0.8544    32.3786    1442.14  0.000e+00
     30.743   71.19488 -164.19864    -0.8550    32.3789    1442.14  0.000e+00
     30.820   71.19488 -164.19864    -0.8558    32.3787    1442.14  0.000e+00
     30.804   71.19488 -164.19864    -0.8573    32.3790    1442.13  0.000e+00
     30.820   71.19488 -164.19864    -0.8590    32.3798    1442.13  0.000e+00
     30.804   71.19488 -164.19864    -0.8604    32.3809    1442.12  0.000e+00
     30.874   71.19488 -164.19864    -0.8618    32.3820    1442.12  0.000e+00
     30.858   71.19488 -164.19864    -0.8622    32.3824    1442.11  0.000e+00
     30.928   71.19488 -164.19864    -0.8625    32.3831    1442.11  0.000e+00
     30.920   71.19488 -164.19864    -0.8625    32.3824    1442.11  0.000e+00
     30.928   71.19488 -164.19864    -0.8620    32.3814    1442.11  0.000e+00
     30.974   71.19488 -164.19864    -0.8615    32.3804    1442.12  0.000e+00
     30.928   71.19488 -164.19864    -0.8616    32.3806    1442.12  0.000e+00
     30.989   71.19488 -164.19864    -0.8622    32.3806    1442.11  0.000e+00
     31.028   71.19488 -164.19864    -0.8628    32.3810    1442.11  0.000e+00
     31.043   71.19488 -164.19864    -0.8635    32.3806    1442.11  0.000e+00
     31.090   71.19488 -164.19864    -0.8633    32.3803    1442.11  0.000e+00
     31.043   71.19488 -164.19864    -0.8638    32.3801    1442.11  0.000e+00
     31.090   71.19488 -164.19864    -0.8638    32.3797    1442.11  0.000e+00
     31.105   71.19488 -164.19864    -0.8644    32.3794    1442.10  0.000e+00
     31.144   71.19488 -164.19864    -0.8656    32.3810    1442.10  0.000e+00
     31.159   71.19488 -164.19864    -0.8659    32.3813    1442.10  0.000e+00
     31.159   71.19488 -164.19864    -0.8662    32.3816    1442.10  0.000e+00
     31.205   71.19488 -164.19864    -0.8657    32.3810    1442.10  0.000e+00
     31.221   71.19488 -164.19864    -0.8662    32.3809    1442.10  0.000e+00
     31.259   71.19488 -164.19864    -0.8662    32.3812    1442.10  0.000e+00
     31.275   71.19488 -164.19864    -0.8668    32.3817    1442.10  0.000e+00
     31.259   71.19488 -164.19864    -0.8668    32.3813    1442.10  0.000e+00
     31.275   71.19488 -164.19864    -0.8669    32.3805    1442.10  0.000e+00
     31.321   71.19488 -164.19864    -0.8673    32.3811    1442.10  0.000e+00
     31.328   71.19488 -164.19864    -0.8677    32.3811    1442.09  0.000e+00
     31.321   71.19488 -164.19864    -0.8676    32.3805    1442.09  0.000e+00
     31.444   71.19488 -164.19864    -0.8676    32.3808    1442.10  0.000e+00
     31.390   71.19488 -164.19864    -0.8676    32.3801    1442.09  0.000e+00
     31.375   71.19488 -164.19864    -0.8679    32.3796    1442.09  0.000e+00
     31.444   71.19488 -164.19864    -0.8695    32.3803    1442.09  0.000e+00
     31.490   71.19488 -164.19864    -0.8700    32.3797    1442.08  0.000e+00
     31.444   71.19488 -164.19864    -0.8711    32.3803    1442.08  0.000e+00
     31.490   71.19488 -164.19864    -0.8722    32.3810    1442.08  0.000e+00
     31.506   71.19488 -164.19864    -0.8731    32.3818    1442.07  0.000e+00
     31.560   71.19488 -164.19864    -0.8734    32.3828    1442.07  0.000e+00
     31.544   71.19488 -164.19864    -0.8734    32.3830    1442.07  0.000e+00
     31.560   71.19488 -164.19864    -0.8731    32.3825    1442.07  0.000e+00
     31.606   71.19488 -164.19864    -0.8732    32.3821    1442.07  0.000e+00
     31.621   71.19488 -164.19864    -0.8731    32.3815    1442.07  0.000e+00
     31.660   71.19488 -164.19864    -0.8731    32.3806    1442.07  0.000e+00
     31.675   71.19488 -164.19864    -0.8736    32.3816    1442.07  0.000e+00
     31.660   71.19488 -164.19864    -0.8739    32.3824    1442.07  0.000e+00
     31.675   71.19488 -164.19864    -0.8739    32.3815    1442.07  0.000e+00
     31.729   71.19488 -164.19864    -0.8740    32.3816    1442.07  0.000e+00
     31.660   71.19488 -164.19864    -0.8744    32.3825    1442.07  0.000e+00
     31.791   71.19488 -164.19864    -0.8748    32.3826    1442.07  0.000e+00
     31.829   71.19488 -164.19864    -0.8747    32.3821    1442.07  0.000e+00
     31.791   71.19488 -164.19864    -0.8746    32.3814    1442.07  0.000e+00
     31.775   71.19488 -164.19864    -0.8750    32.3808    1442.07  0.000e+00
     31.845   71.19488 -164.19864    -0.8753    32.3809    1442.07  0.000e+00
     31.775   71.19488 -164.19864    -0.8753    32.3808    1442.07  0.000e+00
     31.960   71.19488 -164.19864    -0.8757    32.3808    1442.07  0.000e+00
     31.906   71.19488 -164.19864    -0.8760    32.3811    1442.06  0.000e+00
     31.891   71.19488 -164.19864    -0.8760    32.3817    1442.06  0.000e+00
     31.906   71.19488 -164.19864    -0.8759    32.3822    1442.07  0.000e+00
     31.945   71.19488 -164.19864    -0.8756    32.3819    1442.07  0.000e+00
     31.960   71.19488 -164.19864    -0.8751    32.3808    1442.07  0.000e+00
     32.007   71.19488 -164.19864    -0.8748    32.3799    1442.07  0.000e+00
     32.022   71.19488 -164.19864    -0.8748    32.3806    1442.07  0.000e+00
     31.960   71.19488 -164.19864    -0.8745    32.3803    1442.07  0.000e+00
     32.061   71.19488 -164.19864    -0.8739    32.3794    1442.07  0.000e+00
     32.022   71.19488 -164.19864    -0.8740    32.3801    1442.07  0.000e+00
     32.122   71.19488 -164.19864    -0.8740    32.3799    1442.08  0.000e+00
     32.076   71.19488 -164.19864    -0.8744    32.3794    1442.07  0.000e+00
     32.122   71.19488 -164.19864    -0.8742    32.3793    1442.07  0.000e+00
     32.130   71.19488 -164.19864    -0.8744    32.3800    1442.07  0.000e+00
     32.130   71.19488 -164.19864    -0.8742    32.3792    1442.07  0.000e+00
     32.176   71.19488 -164.19864    -0.8744    32.3794    1442.07  0.000e+00
     32.192   71.19488 -164.19864    -0.8744    32.3792    1442.07  0.000e+00
     32.230   71.19488 -164.19864    -0.8744    32.3795    1442.08  0.000e+00
     32.191   71.19488 -164.19864    -0.8742    32.3787    1442.07  0.000e+00
     32.230   71.19488 -164.19864    -0.8745    32.3781    1442.07  0.000e+00
     32.245   71.19488 -164.19864    -0.8744    32.3784    1442.07  0.000e+00
     32.307   71.19488 -164.19864    -0.8746    32.3792    1442.07  0.000e+00
     32.230   71.19488 -164.19864    -0.8746    32.3789    1442.07  0.000e+00
     32.307   71.19488 -164.19864    -0.8746    32.3791    1442.07  0.000e+00
     32.292   71.19488 -164.19864    -0.8745    32.3796    1442.08  0.000e+00
     32.307   71.19488 -164.19864    -0.8737    32.3788    1442.08  0.000e+00
     32.346   71.19488 -164.19864    -0.8739    32.3782    1442.08  0.000e+00
     32.361   71.19488 -164.19864    -0.8737    32.3786    1442.08  0.000e+00
     32.361   71.19488 -164.19864    -0.8733    32.3783    1442.08  0.000e+00
     32.346   71.19488 -164.19864    -0.8724    32.3772    1442.08  0.000e+00
     32.477   71.19488 -164.19864    -0.8725    32.3771    1442.08  0.000e+00
     32.407   71.19488 -164.19864    -0.8731    32.3776    1442.08  0.000e+00
     32.477   71.19488 -164.19864    -0.8736    32.3778    1442.08  0.000e+00
     32.477   71.19488 -164.19864    -0.8736    32.3774    1442.08  0.000e+00
     32.461   71.19488 -164.19864    -0.8740    32.3780    1442.08  0.000e+00
     32.477   71.19488 -164.19864    -0.8740    32.3785    1442.08  0.000e+00
     32.523   71.19488 -164.19864    -0.8740    32.3781    1442.08  0.000e+00
     32.531   71.19488 -164.19864    -0.8740    32.3786    1442.08  0.000e+00
     32.523   71.19488 -164.19864    -0.8739    32.3781    1442.08  0.000e+00
     32.530   71.19488 -164.19864    -0.8742    32.3777    1442.08  0.000e+00
     32.530   71.19488 -164.19864    -0.8750    32.3785    1442.08  0.000e+00
     32.577   71.19488 -164.19864    -0.8753    32.3779    1442.07  0.000e+00
     32.592   71.19488 -164.19864    -0.8755    32.3776    1442.07  0.000e+00
     32.577   71.19488 -164.19864    -0.8753    32.3772    1442.07  0.000e+00
     32.646   71.19488 -164.19864    -0.8755    32.3770    1442.07  0.000e+00
     32.631   71.19488 -164.19864    -0.8762    32.3777    1442.07  0.000e+00
