EcoFOCI/data/1_SampleCollection/2023_SikuliaqDBO_CruiseData/CTD_raw_BottleFile_SKQ23-12S/proc/skq202312s_076.cnv
* Sea-Bird SBE 9 Data File:
* FileName = D:\CTD\SKQ202312S\SKQ202312S_076.hex
* Software Version Seasave V 7.26.7.121
* Temperature SN = 6177
* Conductivity SN = 0369
* Number of Bytes Per Scan = 41
* Number of Voltage Words = 4
* Number of Scans Averaged by the Deck Unit = 1
* NMEA Latitude = 68 18.13 N
* NMEA Longitude = 166 55.58 W
* NMEA UTC (Time) = Oct 02 2023  08:17:28
* NMEA baud rate = 4800
** Ship: R/V Sikuliaq
** Station Number: 076
** Station Name: DBO3.1
** Bottom Depth: 34
** Operator: SD
# nquan = 24
# nvalues = 4366                                  
# units = specified
# name 0 = depSM: Depth [salt water, m]
# name 1 = latitude: Latitude [deg]
# name 2 = longitude: Longitude [deg]
# name 3 = prDM: Pressure, Digiquartz [db]
# name 4 = t090C: Temperature [ITS-90, deg C]
# name 5 = t190C: Temperature, 2 [ITS-90, deg C]
# name 6 = potemp090C: Potential Temperature [ITS-90, deg C]
# name 7 = sal00: Salinity, Practical [PSU]
# name 8 = sal11: Salinity, Practical, 2 [PSU]
# name 9 = density00: Density [density, kg/m^3]
# name 10 = sigma-é00: Density [sigma-theta, kg/m^3]
# name 11 = sbox0Mm/Kg: Oxygen, SBE 43 [umol/kg]
# name 12 = sbox1Mm/Kg: Oxygen, SBE 43, 2 [umol/kg]
# name 13 = oxsolMm/Kg: Oxygen Saturation, Garcia & Gordon [umol/kg]
# name 14 = sbeox0PS: Oxygen, SBE 43 [% saturation]
# name 15 = sbeox1PS: Oxygen, SBE 43, 2 [% saturation]
# name 16 = v0: Voltage 0
# name 17 = flECO-AFL: Fluorescence, WET Labs ECO-AFL/FL [mg/m^3]
# name 18 = v1: Voltage 1
# name 19 = CStarAt0: Beam Attenuation, WET Labs C-Star [1/m]
# name 20 = par: PAR/Irradiance, Biospherical/Licor
# name 21 = scan: Scan Count
# name 22 = timeM: Time, Elapsed [minutes]
# name 23 = flag:  0.000e+00
# span 0 =      1.782,     29.736                 
# span 1 =   68.30194,   68.30202                 
# span 2 = -166.92538, -166.92412                 
# span 3 =      1.800,     30.039                 
# span 4 =     4.8244,     8.0163                 
# span 5 =     4.8265,     8.0182                 
# span 6 =     4.8223,     8.0150                 
# span 7 =    25.4268,    31.8301                 
# span 8 =    25.4391,    31.8363                 
# span 9 =  1019.9781,  1025.3181                 
# span 10 =    19.9643,    25.1806                
# span 11 =    240.134,    295.328                
# span 12 =    231.760,    280.292                
# span 13 =  300.49900,  319.93951                
# span 14 =     79.876,     93.579                
# span 15 =     77.073,     88.857                
# span 16 =     0.0745,     0.2650                
# span 17 =     0.0989,     1.2417                
# span 18 =     2.5897,     3.7851                
# span 19 =     0.8766,     2.3953                
# span 20 = 1.0000e-12, 6.4638e-01                
# span 21 =          1,       4366                
# span 22 =     0.0000,     3.0313                
# span 23 = 0.0000e+00, 0.0000e+00                
# interval = seconds: 0.0416667
# start_time = Oct 02 2023 08:20:24 [NMEA time, first data scan]
# bad_flag = -9.990e-29
*END*
[from data line 3442]
     29.462   68.30196 -166.92424     29.762     4.8285     4.8292     4.8265    31.8218    31.8329  1025.3134    25.1750    265.028    253.021  316.05441     83.855     80.064     0.0806     0.1355     3.2625     1.4711 1.0000e-12       3443     2.3903  0.000e+00
     29.500   68.30196 -166.92424     29.801     4.8286     4.8295     4.8266    31.8217    31.8328  1025.3135    25.1749    264.800    253.049  316.05372     83.783     80.074     0.0794     0.1282     3.2637     1.4696 1.0000e-12       3444     2.3910  0.000e+00
     29.462   68.30196 -166.92424     29.762     4.8286     4.8293     4.8266    31.8220    31.8331  1025.3136    25.1751    264.950    253.072  316.05304     83.831     80.081     0.0806     0.1355     3.2625     1.4711 1.0000e-12       3445     2.3917  0.000e+00
     29.500   68.30196 -166.92424     29.801     4.8290     4.8292     4.8269    31.8222    31.8331  1025.3139    25.1753    264.751    253.091  316.05024     83.769     80.086     0.0806     0.1355     3.2637     1.4696 1.0000e-12       3446     2.3924  0.000e+00
     29.462   68.30196 -166.92424     29.762     4.8293     4.8291     4.8272    31.8219    31.8328  1025.3134    25.1749    264.931    253.103  316.04873     83.826     80.090     0.0806     0.1355     3.2625     1.4711 8.4714e-06       3447     2.3931  0.000e+00
     29.516   68.30196 -166.92424     29.817     4.8293     4.8293     4.8272    31.8217    31.8333  1025.3135    25.1748    264.737    253.129  316.04870     83.765     80.099     0.0806     0.1355     3.2637     1.4696 8.4714e-06       3448     2.3937  0.000e+00
     29.446   68.30196 -166.92424     29.746     4.8297     4.8296     4.8276    31.8213    31.8330  1025.3128    25.1745    264.744    253.310  316.04642     83.767     80.157     0.0806     0.1355     3.2625     1.4711 8.4714e-06       3449     2.3944  0.000e+00
     29.462   68.30196 -166.92424     29.762     4.8294     4.8299     4.8273    31.8214    31.8327  1025.3130    25.1746    264.318    253.344  316.04864     83.632     80.168     0.0794     0.1282     3.2637     1.4696 1.0000e-12       3450     2.3951  0.000e+00
     29.500   68.30196 -166.92424     29.801     4.8293     4.8302     4.8272    31.8219    31.8329  1025.3136    25.1750    264.654    253.352  316.04859     83.739     80.171     0.0806     0.1355     3.2637     1.4696 1.0000e-12       3451     2.3958  0.000e+00
     29.462   68.30196 -166.92424     29.762     4.8294     4.8303     4.8273    31.8219    31.8328  1025.3134    25.1750    264.607    253.373  316.04736     83.724     80.177     0.0806     0.1355     3.2625     1.4711 1.0000e-12       3452     2.3965  0.000e+00
     29.446   68.30196 -166.92424     29.746     4.8294     4.8303     4.8273    31.8221    31.8327  1025.3135    25.1752    264.657    253.183  316.04688     83.740     80.117     0.0806     0.1355     3.2686     1.4636 8.4714e-06       3453     2.3972  0.000e+00
     29.461   68.30196 -166.92424     29.762     4.8295     4.8305     4.8274    31.8219    31.8327  1025.3134    25.1750    264.649    253.338  316.04699     83.737     80.167     0.0818     0.1428     3.2747     1.4562 1.0000e-12       3454     2.3979  0.000e+00
     29.446   68.30196 -166.92424     29.746     4.8294     4.8306     4.8273    31.8215    31.8328  1025.3130    25.1746    264.642    253.340  316.04843     83.735     80.168     0.0806     0.1355     3.2772     1.4532 1.0000e-12       3455     2.3986  0.000e+00
     29.461   68.30196 -166.92424     29.762     4.8297     4.8308     4.8276    31.8213    31.8326  1025.3129    25.1744    264.840    253.153  316.04662     83.798     80.109     0.0806     0.1355     3.2772     1.4532 1.0000e-12       3456     2.3993  0.000e+00
     29.500   68.30196 -166.92424     29.801     4.8296     4.8304     4.8275    31.8210    31.8327  1025.3129    25.1743    264.456    253.130  316.04831     83.676     80.101     0.0794     0.1282     3.2759     1.4547 8.4714e-06       3457     2.4000  0.000e+00
     29.400   68.30196 -166.92424     29.700     4.8294     4.8302     4.8273    31.8209    31.8327  1025.3123    25.1742    264.420    253.097  316.04984     83.664     80.090     0.0806     0.1355     3.2759     1.4547 1.0000e-12       3458     2.4007  0.000e+00
     29.400   68.30196 -166.92424     29.699     4.8293     4.8305     4.8272    31.8213    31.8328  1025.3127    25.1745    264.356    253.243  316.04957     83.644     80.137     0.0806     0.1355     3.2759     1.4547 1.0000e-12       3459     2.4014  0.000e+00
     29.500   68.30196 -166.92424     29.801     4.8293     4.8307     4.8272    31.8213    31.8323  1025.3131    25.1745    264.739    253.223  316.05015     83.765     80.131     0.0806     0.1355     3.2759     1.4547 8.4714e-06       3460     2.4021  0.000e+00
     29.400   68.30196 -166.92424     29.699     4.8291     4.8306     4.8270    31.8216    31.8324  1025.3129    25.1748    264.562    253.192  316.05049     83.709     80.121     0.0794     0.1282     3.2759     1.4547 1.0000e-12       3461     2.4028  0.000e+00
     29.446   68.30196 -166.92424     29.746     4.8291     4.8308     4.8270    31.8217    31.8326  1025.3132    25.1748    264.565    253.158  316.05036     83.710     80.110     0.0806     0.1355     3.2759     1.4547 1.0000e-12       3462     2.4035  0.000e+00
     29.400   68.30196 -166.92424     29.699     4.8291     4.8309     4.8270    31.8213    31.8328  1025.3126    25.1745    264.772    253.137  316.05131     83.775     80.104     0.0794     0.1282     3.2759     1.4547 1.0000e-12       3463     2.4042  0.000e+00
     29.446   68.30196 -166.92424     29.746     4.8290     4.8306     4.8269    31.8219    31.8327  1025.3133    25.1750    264.806    253.116  316.05109     83.786     80.097     0.0806     0.1355     3.2759     1.4547 1.0000e-12       3464     2.4049  0.000e+00
     29.400   68.30196 -166.92424     29.699     4.8290     4.8304     4.8269    31.8216    31.8329  1025.3129    25.1748    264.806    253.271  316.05122     83.786     80.146     0.0806     0.1355     3.2759     1.4547 1.0000e-12       3465     2.4056  0.000e+00
     29.384   68.30196 -166.92424     29.684     4.8291     4.8303     4.8270    31.8214    31.8327  1025.3127    25.1746    264.837    253.072  316.05093     83.796     80.082     0.0794     0.1282     3.2759     1.4547 1.0000e-12       3466     2.4063  0.000e+00
     29.400   68.30196 -166.92424     29.699     4.8291     4.8298     4.8270    31.8218    31.8326  1025.3131    25.1749    264.837    253.036  316.05003     83.796     80.070     0.0794     0.1282     3.2759     1.4547 8.4714e-06       3467     2.4069  0.000e+00
     29.446   68.30196 -166.92424     29.746     4.8293     4.8296     4.8272    31.8216    31.8329  1025.3131    25.1747    264.568    253.178  316.04944     83.711     80.115     0.0781     0.1209     3.2759     1.4547 1.0000e-12       3468     2.4076  0.000e+00
     29.346   68.30196 -166.92424     29.645     4.8294     4.8295     4.8273    31.8214    31.8330  1025.3125    25.1746    264.561    252.960  316.04859     83.709     80.046     0.0794     0.1282     3.2759     1.4547 8.4714e-06       3469     2.4083  0.000e+00
     29.446   68.30196 -166.92424     29.746     4.8291     4.8296     4.8270    31.8217    31.8330  1025.3132    25.1748    264.770    252.928  316.05036     83.775     80.036     0.0794     0.1282     3.2772     1.4532 1.0000e-12       3470     2.4090  0.000e+00
     29.346   68.30196 -166.92424     29.645     4.8293     4.8298     4.8272    31.8215    31.8327  1025.3126    25.1747    264.795    253.070  316.04914     83.783     80.081     0.0794     0.1282     3.2759     1.4547 8.4714e-06       3471     2.4097  0.000e+00
     29.400   68.30196 -166.92424     29.699     4.8291     4.8295     4.8270    31.8213    31.8334  1025.3126    25.1745    264.860    253.048  316.05131     83.803     80.074     0.0781     0.1209     3.2759     1.4547 1.0000e-12       3472     2.4104  0.000e+00
     29.330   68.30196 -166.92424     29.629     4.8290     4.8298     4.8269    31.8217    31.8324  1025.3127    25.1749    264.715    253.017  316.05141     83.757     80.064     0.0794     0.1282     3.2698     1.4621 1.0000e-12       3473     2.4111  0.000e+00
     29.346   68.30196 -166.92424     29.645     4.8288     4.8298     4.8267    31.8216    31.8324  1025.3127    25.1748    264.925    253.004  316.05290     83.823     80.060     0.0794     0.1282     3.2576     1.4771 1.0000e-12       3474     2.4118  0.000e+00
     29.384   68.30196 -166.92424     29.684     4.8288     4.8298     4.8267    31.8215    31.8329  1025.3127    25.1747    264.960    252.987  316.05322     83.834     80.054     0.0794     0.1282     3.2527     1.4831 1.0000e-12       3475     2.4125  0.000e+00
     29.346   68.30196 -166.92424     29.645     4.8284     4.8298     4.8263    31.8216    31.8327  1025.3128    25.1749    264.994    253.149  316.05592     83.844     80.106     0.0781     0.1209     3.2540     1.4816 1.0000e-12       3476     2.4132  0.000e+00
     29.330   68.30196 -166.92424     29.629     4.8283     4.8295     4.8263    31.8216    31.8325  1025.3127    25.1749    265.027    252.960  316.05636     83.854     80.045     0.0794     0.1282     3.2540     1.4816 8.4714e-06       3477     2.4139  0.000e+00
     29.346   68.30196 -166.92424     29.645     4.8280     4.8298     4.8259    31.8217    31.8323  1025.3128    25.1749    264.858    252.928  316.05858     83.800     80.035     0.0794     0.1282     3.2540     1.4816 1.0000e-12       3478     2.4146  0.000e+00
     29.384   68.30196 -166.92424     29.684     4.8280     4.8293     4.8259    31.8212    31.8326  1025.3126    25.1746    264.659    252.897  316.05972     83.737     80.025     0.0794     0.1282     3.2540     1.4816 8.4714e-06       3479     2.4153  0.000e+00
     29.284   68.30196 -166.92424     29.582     4.8280     4.8295     4.8259    31.8217    31.8328  1025.3126    25.1750    264.835    252.853  316.05850     83.793     80.011     0.0806     0.1355     3.2540     1.4816 8.4714e-06       3480     2.4160  0.000e+00
     29.330   68.30196 -166.92424     29.629     4.8277     4.8298     4.8256    31.8220    31.8330  1025.3131    25.1753    265.052    252.994  316.06048     83.861     80.057     0.0781     0.1209     3.2540     1.4816 1.0000e-12       3481     2.4167  0.000e+00
     29.345   68.30196 -166.92424     29.645     4.8276     4.8296     4.8255    31.8216    31.8331  1025.3128    25.1749    265.060    252.803  316.06187     83.863     79.996     0.0794     0.1282     3.2540     1.4816 8.4714e-06       3482     2.4174  0.000e+00
     29.284   68.30196 -166.92424     29.582     4.8275     4.8295     4.8254    31.8214    31.8331  1025.3124    25.1748    265.096    252.771  316.06317     83.874     79.986     0.0781     0.1209     3.2540     1.4816 1.0000e-12       3483     2.4181  0.000e+00
     29.330   68.30196 -166.92424     29.629     4.8275     4.8295     4.8254    31.8217    31.8327  1025.3128    25.1750    265.166    252.740  316.06240     83.897     79.975     0.0794     0.1282     3.2540     1.4816 8.4714e-06       3484     2.4188  0.000e+00
     29.284   68.30196 -166.92424     29.582     4.8273     4.8292     4.8253    31.8222    31.8330  1025.3131    25.1755    265.203    252.702  316.06235     83.908     79.963     0.0781     0.1209     3.2540     1.4816 1.0000e-12       3485     2.4194  0.000e+00
     29.330   68.30196 -166.92424     29.629     4.8273     4.8290     4.8253    31.8219    31.8333  1025.3130    25.1752    265.212    252.869  316.06323     83.911     80.016     0.0794     0.1282     3.2540     1.4816 8.4714e-06       3486     2.4201  0.000e+00
     29.230   68.30196 -166.92424     29.528     4.8270     4.8296     4.8250    31.8223    31.8328  1025.3129    25.1755    265.247    252.674  316.06458     83.922     79.955     0.0781     0.1209     3.2540     1.4816 8.4714e-06       3487     2.4208  0.000e+00
     29.330   68.30196 -166.92424     29.629     4.8273     4.8300     4.8252    31.8221    31.8325  1025.3131    25.1753    265.286    252.835  316.06314     83.935     80.006     0.0794     0.1282     3.2540     1.4816 1.0000e-12       3488     2.4215  0.000e+00
     29.284   68.30196 -166.92424     29.582     4.8273     4.8304     4.8253    31.8218    31.8328  1025.3127    25.1751    265.290    252.636  316.06336     83.936     79.945     0.0806     0.1355     3.2540     1.4816 8.4714e-06       3489     2.4222  0.000e+00
     29.268   68.30196 -166.92424     29.567     4.8270     4.8303     4.8250    31.8223    31.8328  1025.3130    25.1755    265.121    252.790  316.06463     83.882     79.993     0.0794     0.1282     3.2540     1.4816 8.4714e-06       3490     2.4229  0.000e+00
     29.284   68.30196 -166.92424     29.582     4.8273     4.8303     4.8253    31.8225    31.8328  1025.3132    25.1756    265.299    252.611  316.06180     83.939     79.936     0.0794     0.1282     3.2540     1.4816 8.4714e-06       3491     2.4236  0.000e+00
     29.268   68.30196 -166.92424     29.567     4.8273     4.8298     4.8253    31.8224    31.8329  1025.3131    25.1756    265.334    252.783  316.06197     83.950     79.990     0.0769     0.1135     3.2552     1.4801 1.0000e-12       3492     2.4243  0.000e+00
     29.230   68.30196 -166.92424     29.528     4.8273     4.8293     4.8253    31.8221    31.8331  1025.3127    25.1754    265.337    252.786  316.06266     83.951     79.990     0.0781     0.1209     3.2540     1.4816 8.4714e-06       3493     2.4250  0.000e+00
     29.268   68.30196 -166.92424     29.567     4.8275     4.8290     4.8254    31.8228    31.8328  1025.3134    25.1759    265.576    252.605  316.06032     84.027     79.932     0.0757     0.1062     3.2540     1.4816 1.0000e-12       3494     2.4257  0.000e+00
     29.284   68.30196 -166.92424     29.582     4.8280     4.8289     4.8259    31.8233    31.8329  1025.3138    25.1762    265.398    252.768  316.05466     83.972     79.983     0.0769     0.1135     3.2552     1.4801 1.0000e-12       3495     2.4264  0.000e+00
     29.230   68.30196 -166.92424     29.528     4.8285     4.8289     4.8264    31.8243    31.8329  1025.3143    25.1769    265.218    252.576  316.04893     83.917     79.923     0.0769     0.1135     3.2552     1.4801 1.0000e-12       3496     2.4271  0.000e+00
     29.268   68.30196 -166.92424     29.567     4.8294     4.8309     4.8273    31.8237    31.8320  1025.3139    25.1764    265.184    252.724  316.04320     83.908     79.973     0.0769     0.1135     3.2552     1.4801 1.0000e-12       3497     2.4278  0.000e+00
     29.230   68.30196 -166.92424     29.528     4.8304     4.8319     4.8283    31.8226    31.8319  1025.3128    25.1754    264.944    252.543  316.03875     83.833     79.917     0.0757     0.1062     3.2540     1.4816 8.4714e-06       3498     2.4285  0.000e+00
     29.268   68.30196 -166.92424     29.567     4.8307     4.8328     4.8286    31.8216    31.8321  1025.3121    25.1746    265.233    252.714  316.03879     83.924     79.973     0.0769     0.1135     3.2552     1.4801 1.0000e-12       3499     2.4292  0.000e+00
     29.230   68.30196 -166.92424     29.528     4.8305     4.8342     4.8284    31.8212    31.8316  1025.3116    25.1743    265.027    252.528  316.04131     83.858     79.917     0.0757     0.1062     3.2552     1.4801 1.0000e-12       3500     2.4299  0.000e+00
     29.214   68.30196 -166.92424     29.512     4.8301     4.8361     4.8280    31.8212    31.8306  1025.3116    25.1744    265.203    252.690  316.04431     83.913     79.971     0.0769     0.1135     3.2540     1.4816 8.4714e-06       3501     2.4306  0.000e+00
