EcoFOCI/data/1_SampleCollection/2023_SikuliaqDBO_CruiseData/CTD_raw_BottleFile_SKQ23-12S/proc/skq202312s_037.cnv
* Sea-Bird SBE 9 Data File:
* FileName = D:\CTD\SKQ202312S\SKQ202312S_037.hex
* Software Version Seasave V 7.26.7.121
* Temperature SN = 6177
* Conductivity SN = 0369
* Number of Bytes Per Scan = 41
* Number of Voltage Words = 4
* Number of Scans Averaged by the Deck Unit = 1
* NMEA Latitude = 71 11.55 N
* NMEA Longitude = 160 15.97 W
* NMEA UTC (Time) = Sep 23 2023  07:57:53
* NMEA baud rate = 4800
** Ship: R/V Sikuliaq
** Station Number: 037
** Station Name: DBO4.1n
** Bottom Depth: 54
** Operator: SS
# nquan = 24
# nvalues = 6245                                  
# units = specified
# name 0 = depSM: Depth [salt water, m]
# name 1 = latitude: Latitude [deg]
# name 2 = longitude: Longitude [deg]
# name 3 = prDM: Pressure, Digiquartz [db]
# name 4 = t090C: Temperature [ITS-90, deg C]
# name 5 = t190C: Temperature, 2 [ITS-90, deg C]
# name 6 = potemp090C: Potential Temperature [ITS-90, deg C]
# name 7 = sal00: Salinity, Practical [PSU]
# name 8 = sal11: Salinity, Practical, 2 [PSU]
# name 9 = density00: Density [density, kg/m^3]
# name 10 = sigma-é00: Density [sigma-theta, kg/m^3]
# name 11 = sbox0Mm/Kg: Oxygen, SBE 43 [umol/kg]
# name 12 = sbox1Mm/Kg: Oxygen, SBE 43, 2 [umol/kg]
# name 13 = oxsolMm/Kg: Oxygen Saturation, Garcia & Gordon [umol/kg]
# name 14 = sbeox0PS: Oxygen, SBE 43 [% saturation]
# name 15 = sbeox1PS: Oxygen, SBE 43, 2 [% saturation]
# name 16 = v0: Voltage 0
# name 17 = flECO-AFL: Fluorescence, WET Labs ECO-AFL/FL [mg/m^3]
# name 18 = v1: Voltage 1
# name 19 = CStarAt0: Beam Attenuation, WET Labs C-Star [1/m]
# name 20 = par: PAR/Irradiance, Biospherical/Licor
# name 21 = scan: Scan Count
# name 22 = timeM: Time, Elapsed [minutes]
# name 23 = flag:  0.000e+00
# span 0 =      1.857,     49.173                 
# span 1 =   71.19246,   71.19248                 
# span 2 = -160.26612, -160.26610                 
# span 3 =      1.876,     49.685                 
# span 4 =    -1.6781,     2.3758                 
# span 5 =    -1.6768,     2.3778                 
# span 6 =    -1.6787,     2.3754                 
# span 7 =    28.4791,    32.6600                 
# span 8 =    28.4902,    32.6740                 
# span 9 =  1022.7416,  1026.5149                 
# span 10 =    22.7301,    26.2756                
# span 11 =    260.460,    493.476                
# span 12 =    248.935,    471.618                
# span 13 =  342.08078,  370.53992                
# span 14 =     70.295,    134.726                
# span 15 =     67.192,    128.708                
# span 16 =     0.0733,     0.4811                
# span 17 =     0.0916,     2.5384                
# span 18 =     3.1819,     4.1697                
# span 19 =     0.4894,     1.5712                
# span 20 = 1.0000e-12, 1.0477e+00                
# span 21 =          1,       6245                
# span 22 =     0.0000,     4.3361                
# span 23 = 0.0000e+00, 0.0000e+00                
# interval = seconds: 0.0416667
# start_time = Sep 23 2023 08:01:24 [NMEA time, first data scan]
# bad_flag = -9.990e-29
*END*
[from data line 2657]
     25.161   71.19248 -160.26610     25.421    -1.6717    -1.6705    -1.6721    32.6587    32.6721  1026.3974    26.2745    274.163    261.248  370.47664     74.003     70.526     0.1136     0.3333     3.7363     0.9286 1.0000e-12       2658     1.8451  0.000e+00
     25.176   71.19248 -160.26610     25.437    -1.6717    -1.6706    -1.6721    32.6588    32.6726  1026.3975    26.2746    274.325    261.160  370.47654     74.047     70.503     0.1123     0.3260     3.7363     0.9286 1.0000e-12       2659     1.8458  0.000e+00
     25.215   71.19248 -160.26610     25.476    -1.6717    -1.6705    -1.6721    32.6585    32.6724  1026.3975    26.2744    274.252    261.049  370.47724     74.027     70.473     0.1136     0.3333     3.7363     0.9286 1.0000e-12       2660     1.8465  0.000e+00
     25.230   71.19248 -160.26610     25.492    -1.6716    -1.6705    -1.6720    32.6579    32.6720  1026.3970    26.2738    274.411    261.145  370.47801     74.069     70.499     0.1123     0.3260     3.7363     0.9286 1.0000e-12       2661     1.8472  0.000e+00
     25.215   71.19248 -160.26610     25.476    -1.6716    -1.6703    -1.6720    32.6582    32.6720  1026.3972    26.2741    274.069    261.017  370.47709     73.977     70.465     0.1136     0.3333     3.7363     0.9286 1.0000e-12       2662     1.8479  0.000e+00
     25.230   71.19248 -160.26610     25.492    -1.6719    -1.6706    -1.6723    32.6584    32.6724  1026.3975    26.2743    274.433    261.099  370.47933     74.075     70.486     0.1123     0.3260     3.7375     0.9273 1.0000e-12       2663     1.8486  0.000e+00
     25.269   71.19248 -160.26610     25.530    -1.6718    -1.6707    -1.6722    32.6582    32.6723  1026.3975    26.2741    274.604    260.958  370.47875     74.121     70.448     0.1136     0.3333     3.7375     0.9273 8.4714e-06       2664     1.8493  0.000e+00
     25.230   71.19248 -160.26610     25.492    -1.6717    -1.6707    -1.6721    32.6579    32.6720  1026.3971    26.2739    274.271    261.017  370.47905     74.031     70.464     0.1123     0.3260     3.7375     0.9273 1.0000e-12       2665     1.8500  0.000e+00
     25.330   71.19248 -160.26610     25.593    -1.6716    -1.6707    -1.6720    32.6581    32.6721  1026.3977    26.2740    274.431    261.120  370.47730     74.075     70.492     0.1136     0.3333     3.7375     0.9273 1.0000e-12       2666     1.8507  0.000e+00
     25.284   71.19248 -160.26610     25.546    -1.6717    -1.6706    -1.6721    32.6584    32.6723  1026.3978    26.2743    274.554    260.992  370.47750     74.108     70.457     0.1123     0.3260     3.7375     0.9273 8.4714e-06       2667     1.8514  0.000e+00
     25.269   71.19248 -160.26610     25.530    -1.6717    -1.6709    -1.6721    32.6584    32.6725  1026.3977    26.2743    274.485    261.072  370.47747     74.090     70.478     0.1136     0.3333     3.7375     0.9273 1.0000e-12       2668     1.8521  0.000e+00
     25.346   71.19248 -160.26610     25.608    -1.6719    -1.6709    -1.6723    32.6586    32.6721  1026.3982    26.2744    274.387    261.157  370.47878     74.063     70.501     0.1123     0.3260     3.7375     0.9273 1.0000e-12       2669     1.8528  0.000e+00
     25.330   71.19248 -160.26610     25.593    -1.6717    -1.6707    -1.6721    32.6584    32.6721  1026.3980    26.2743    274.510    261.274  370.47758     74.096     70.533     0.1123     0.3260     3.7375     0.9273 1.0000e-12       2670     1.8535  0.000e+00
     25.346   71.19248 -160.26610     25.608    -1.6719    -1.6710    -1.6724    32.6582    32.6725  1026.3979    26.2741    274.393    261.167  370.48057     74.064     70.504     0.1123     0.3260     3.7375     0.9273 1.0000e-12       2671     1.8542  0.000e+00
     25.384   71.19248 -160.26610     25.647    -1.6722    -1.6710    -1.6726    32.6585    32.6721  1026.3983    26.2743    274.499    261.030  370.48208     74.092     70.467     0.1136     0.3333     3.7375     0.9273 8.4714e-06       2672     1.8549  0.000e+00
     25.400   71.19248 -160.26610     25.663    -1.6721    -1.6712    -1.6725    32.6587    32.6721  1026.3985    26.2745    274.667    261.094  370.48031     74.138     70.484     0.1136     0.3333     3.7375     0.9273 8.4714e-06       2673     1.8556  0.000e+00
     25.384   71.19248 -160.26610     25.647    -1.6722    -1.6709    -1.6726    32.6584    32.6724  1026.3982    26.2743    274.589    260.958  370.48221     74.117     70.448     0.1136     0.3333     3.7375     0.9273 8.4714e-06       2674     1.8563  0.000e+00
     25.400   71.19248 -160.26610     25.663    -1.6725    -1.6714    -1.6730    32.6584    32.6726  1026.3984    26.2743    274.476    261.029  370.48561     74.085     70.466     0.1136     0.3333     3.7375     0.9273 1.0000e-12       2675     1.8569  0.000e+00
     25.446   71.19248 -160.26610     25.710    -1.6723    -1.6711    -1.6728    32.6586    32.6724  1026.3987    26.2744    274.582    260.901  370.48350     74.114     70.432     0.1123     0.3260     3.7375     0.9273 1.0000e-12       2676     1.8576  0.000e+00
     25.461   71.19248 -160.26610     25.725    -1.6725    -1.6714    -1.6730    32.6587    32.6725  1026.3988    26.2745    274.752    260.976  370.48496     74.160     70.452     0.1136     0.3333     3.7375     0.9273 1.0000e-12       2677     1.8583  0.000e+00
     25.446   71.19248 -160.26610     25.710    -1.6726    -1.6712    -1.6730    32.6586    32.6725  1026.3987    26.2745    274.671    261.048  370.48558     74.138     70.471     0.1136     0.3333     3.7375     0.9273 1.0000e-12       2678     1.8590  0.000e+00
     25.515   71.19248 -160.26610     25.780    -1.6725    -1.6715    -1.6730    32.6585    32.6731  1026.3990    26.2744    274.760    260.895  370.48531     74.162     70.430     0.1136     0.3333     3.7375     0.9273 1.0000e-12       2679     1.8597  0.000e+00
     25.461   71.19248 -160.26610     25.725    -1.6726    -1.6714    -1.6731    32.6587    32.6727  1026.3989    26.2746    274.645    260.969  370.48587     74.131     70.450     0.1123     0.3260     3.7375     0.9273 1.0000e-12       2680     1.8604  0.000e+00
     25.446   71.19248 -160.26610     25.710    -1.6726    -1.6714    -1.6731    32.6585    32.6728  1026.3987    26.2744    274.749    261.044  370.48647     74.159     70.470     0.1099     0.3113     3.7375     0.9273 8.4714e-06       2681     1.8611  0.000e+00
     25.631   71.19248 -160.26610     25.897    -1.6726    -1.6717    -1.6731    32.6586    32.6727  1026.3996    26.2744    274.658    260.896  370.48643     74.134     70.430     0.1062     0.2894     3.7375     0.9273 1.0000e-12       2682     1.8618  0.000e+00
     25.500   71.19248 -160.26610     25.764    -1.6726    -1.6715    -1.6731    32.6587    32.6725  1026.3991    26.2746    274.514    260.965  370.48594     74.096     70.448     0.1074     0.2967     3.7253     0.9404 1.0000e-12       2683     1.8625  0.000e+00
     25.577   71.19248 -160.26610     25.842    -1.6728    -1.6714    -1.6732    32.6589    32.6724  1026.3996    26.2747    274.596    260.844  370.48726     74.118     70.416     0.1062     0.2894     3.7167     0.9496 1.0000e-12       2684     1.8632  0.000e+00
     25.616   71.19248 -160.26610     25.881    -1.6727    -1.6715    -1.6731    32.6587    32.6728  1026.3996    26.2745    274.734    260.919  370.48667     74.155     70.436     0.1074     0.2967     3.7143     0.9522 1.0000e-12       2685     1.8639  0.000e+00
     25.577   71.19248 -160.26610     25.842    -1.6726    -1.6715    -1.6731    32.6589    32.6726  1026.3996    26.2747    274.616    260.761  370.48545     74.123     70.393     0.1062     0.2894     3.7155     0.9509 1.0000e-12       2686     1.8646  0.000e+00
     25.616   71.19248 -160.26610     25.881    -1.6730    -1.6717    -1.6734    32.6591    32.6727  1026.3999    26.2748    274.771    260.836  370.48838     74.165     70.413     0.1074     0.2967     3.7155     0.9509 8.4714e-06       2687     1.8653  0.000e+00
     25.631   71.19248 -160.26610     25.897    -1.6726    -1.6716    -1.6731    32.6586    32.6726  1026.3996    26.2745    274.668    260.907  370.48618     74.137     70.433     0.1062     0.2894     3.7167     0.9496 1.0000e-12       2688     1.8660  0.000e+00
     25.670   71.19248 -160.26610     25.936    -1.6728    -1.6719    -1.6732    32.6590    32.6732  1026.4002    26.2748    274.784    260.979  370.48679     74.168     70.452     0.1074     0.2967     3.7155     0.9509 1.0000e-12       2689     1.8667  0.000e+00
     25.685   71.19248 -160.26610     25.951    -1.6730    -1.6717    -1.6734    32.6586    32.6725  1026.3999    26.2745    274.646    260.813  370.48964     74.131     70.407     0.1062     0.2894     3.7155     0.9509 1.0000e-12       2690     1.8674  0.000e+00
     25.670   71.19248 -160.26610     25.936    -1.6730    -1.6719    -1.6735    32.6591    32.6731  1026.4002    26.2749    274.770    260.875  370.48887     74.164     70.424     0.1074     0.2967     3.7167     0.9496 1.0000e-12       2691     1.8681  0.000e+00
     25.685   71.19248 -160.26610     25.951    -1.6731    -1.6719    -1.6735    32.6587    32.6729  1026.4000    26.2746    274.641    260.704  370.49055     74.129     70.377     0.1074     0.2967     3.7155     0.9509 8.4714e-06       2692     1.8687  0.000e+00
     25.731   71.19248 -160.26610     25.998    -1.6730    -1.6719    -1.6734    32.6590    32.6729  1026.4005    26.2748    274.724    260.761  370.48846     74.152     70.393     0.1062     0.2894     3.7155     0.9509 8.4714e-06       2693     1.8694  0.000e+00
     25.747   71.19248 -160.26610     26.014    -1.6731    -1.6719    -1.6735    32.6594    32.6729  1026.4008    26.2751    274.862    260.846  370.48864     74.189     70.416     0.1074     0.2967     3.7155     0.9509 1.0000e-12       2694     1.8701  0.000e+00
     25.785   71.19248 -160.26610     26.053    -1.6731    -1.6719    -1.6735    32.6591    32.6729  1026.4008    26.2749    274.743    260.928  370.48947     74.157     70.438     0.1062     0.2894     3.7167     0.9496 1.0000e-12       2695     1.8708  0.000e+00
     25.801   71.19248 -160.26610     26.068    -1.6731    -1.6721    -1.6735    32.6590    32.6730  1026.4008    26.2748    274.835    260.775  370.48962     74.182     70.396     0.1074     0.2967     3.7155     0.9509 1.0000e-12       2696     1.8715  0.000e+00
     25.785   71.19248 -160.26610     26.053    -1.6731    -1.6719    -1.6735    32.6591    32.6729  1026.4007    26.2748    274.667    260.811  370.48960     74.136     70.406     0.1062     0.2894     3.7155     0.9509 8.4714e-06       2697     1.8722  0.000e+00
     25.801   71.19248 -160.26610     26.068    -1.6733    -1.6721    -1.6738    32.6590    32.6728  1026.4008    26.2748    274.503    260.648  370.49195     74.091     70.362     0.1074     0.2967     3.7155     0.9509 1.0000e-12       2698     1.8729  0.000e+00
     25.901   71.19248 -160.26610     26.169    -1.6733    -1.6719    -1.6737    32.6589    32.6727  1026.4012    26.2747    275.071    260.711  370.49187     74.245     70.379     0.1074     0.2967     3.7155     0.9509 8.4714e-06       2699     1.8736  0.000e+00
     25.862   71.19248 -160.26610     26.130    -1.6734    -1.6719    -1.6738    32.6592    32.6730  1026.4013    26.2750    274.796    260.764  370.49195     74.171     70.394     0.1074     0.2967     3.7155     0.9509 1.0000e-12       2700     1.8743  0.000e+00
     25.847   71.19248 -160.26610     26.115    -1.6734    -1.6723    -1.6738    32.6593    32.6727  1026.4013    26.2751    274.631    260.849  370.49167     74.126     70.416     0.1062     0.2894     3.7167     0.9496 1.0000e-12       2701     1.8750  0.000e+00
     25.916   71.19248 -160.26610     26.185    -1.6734    -1.6721    -1.6738    32.6591    32.6725  1026.4014    26.2749    274.732    260.696  370.49243     74.153     70.375     0.1074     0.2967     3.7155     0.9509 1.0000e-12       2702     1.8757  0.000e+00
     25.916   71.19248 -160.26610     26.185    -1.6734    -1.6723    -1.6738    32.6592    32.6731  1026.4015    26.2750    274.829    260.766  370.49205     74.180     70.393     0.1062     0.2894     3.7070     0.9601 1.0000e-12       2703     1.8764  0.000e+00
     25.963   71.19248 -160.26610     26.232    -1.6736    -1.6723    -1.6741    32.6595    32.6727  1026.4020    26.2752    274.668    260.636  370.49345     74.136     70.358     0.1074     0.2967     3.6947     0.9733 1.0000e-12       2704     1.8771  0.000e+00
     25.978   71.19248 -160.26610     26.247    -1.6737    -1.6724    -1.6742    32.6594    32.6731  1026.4020    26.2751    274.766    260.695  370.49502     74.162     70.374     0.1062     0.2894     3.6923     0.9759 1.0000e-12       2705     1.8778  0.000e+00
     26.017   71.19248 -160.26610     26.286    -1.6737    -1.6723    -1.6742    32.6595    32.6729  1026.4023    26.2752    274.808    260.782  370.49459     74.173     70.398     0.1062     0.2894     3.6923     0.9759 1.0000e-12       2706     1.8785  0.000e+00
     25.978   71.19248 -160.26610     26.247    -1.6738    -1.6726    -1.6743    32.6598    32.6731  1026.4023    26.2754    274.635    260.632  370.49505     74.126     70.357     0.1001     0.2527     3.6935     0.9746 1.0000e-12       2707     1.8792  0.000e+00
     26.017   71.19248 -160.26610     26.286    -1.6737    -1.6722    -1.6742    32.6594    32.6724  1026.4022    26.2751    274.721    260.672  370.49497     74.150     70.368     0.0989     0.2454     3.6935     0.9746 1.0000e-12       2708     1.8799  0.000e+00
     26.032   71.19248 -160.26610     26.302    -1.6738    -1.6726    -1.6743    32.6596    32.6732  1026.4024    26.2753    274.544    260.706  370.49540     74.102     70.377     0.0989     0.2454     3.6935     0.9746 8.4714e-06       2709     1.8806  0.000e+00
     26.071   71.19248 -160.26610     26.341    -1.6738    -1.6726    -1.6743    32.6597    32.6731  1026.4027    26.2754    274.624    260.764  370.49521     74.123     70.393     0.0989     0.2454     3.6935     0.9746 1.0000e-12       2710     1.8813  0.000e+00
     26.148   71.19246 -160.26610     26.419    -1.6738    -1.6726    -1.6742    32.6593    32.6727  1026.4028    26.2751    274.650    260.585  370.49572     74.130     70.344     0.1001     0.2527     3.6935     0.9746 8.4714e-06       2711     1.8819  0.000e+00
     26.071   71.19246 -160.26610     26.341    -1.6738    -1.6725    -1.6743    32.6596    32.6729  1026.4026    26.2753    274.506    260.620  370.49547     74.092     70.354     0.0989     0.2454     3.6935     0.9746 1.0000e-12       2712     1.8826  0.000e+00
     26.148   71.19246 -160.26610     26.419    -1.6737    -1.6726    -1.6742    32.6595    32.6728  1026.4029    26.2752    274.624    260.653  370.49457     74.124     70.362     0.1001     0.2527     3.6935     0.9746 1.0000e-12       2713     1.8833  0.000e+00
     26.132   71.19246 -160.26610     26.403    -1.6740    -1.6726    -1.6745    32.6599    32.6732  1026.4031    26.2755    274.945    260.475  370.49650     74.210     70.314     0.0989     0.2454     3.6935     0.9746 1.0000e-12       2714     1.8840  0.000e+00
     26.148   71.19246 -160.26610     26.419    -1.6740    -1.6728    -1.6745    32.6596    32.6731  1026.4030    26.2753    274.579    260.522  370.49717     74.111     70.327     0.1001     0.2527     3.6935     0.9746 8.4714e-06       2715     1.8847  0.000e+00
     26.186   71.19246 -160.26610     26.458    -1.6740    -1.6728    -1.6745    32.6597    32.6732  1026.4033    26.2754    274.677    260.328  370.49686     74.138     70.274     0.0989     0.2454     3.6935     0.9746 8.4714e-06       2716     1.8854  0.000e+00
