EcoFOCI/data/1_SampleCollection/2023_SikuliaqDBO_CruiseData/CTD_raw_BottleFile_SKQ23-12S/proc/skq202312s_017.cnv
* Sea-Bird SBE 9 Data File:
* FileName = D:\CTD\SKQ202312S\SKQ202312S_017.hex
* Software Version Seasave V 7.26.7.121
* Temperature SN = 6177
* Conductivity SN = 0369
* Number of Bytes Per Scan = 41
* Number of Voltage Words = 4
* Number of Scans Averaged by the Deck Unit = 1
* NMEA Latitude = 64 40.58 N
* NMEA Longitude = 168 35.74 W
* NMEA UTC (Time) = Sep 17 2023  17:29:22
* NMEA baud rate = 4800
** Ship: R/V Sikuliaq
** Station Number: 017
** Station Name: DBO2.2a
** Bottom Depth: 43
** Operator: SD
# nquan = 24
# nvalues = 4343                                  
# units = specified
# name 0 = depSM: Depth [salt water, m]
# name 1 = latitude: Latitude [deg]
# name 2 = longitude: Longitude [deg]
# name 3 = prDM: Pressure, Digiquartz [db]
# name 4 = t090C: Temperature [ITS-90, deg C]
# name 5 = t190C: Temperature, 2 [ITS-90, deg C]
# name 6 = potemp090C: Potential Temperature [ITS-90, deg C]
# name 7 = sal00: Salinity, Practical [PSU]
# name 8 = sal11: Salinity, Practical, 2 [PSU]
# name 9 = density00: Density [density, kg/m^3]
# name 10 = sigma-é00: Density [sigma-theta, kg/m^3]
# name 11 = sbox0Mm/Kg: Oxygen, SBE 43 [umol/kg]
# name 12 = sbox1Mm/Kg: Oxygen, SBE 43, 2 [umol/kg]
# name 13 = oxsolMm/Kg: Oxygen Saturation, Garcia & Gordon [umol/kg]
# name 14 = sbeox0PS: Oxygen, SBE 43 [% saturation]
# name 15 = sbeox1PS: Oxygen, SBE 43, 2 [% saturation]
# name 16 = v0: Voltage 0
# name 17 = flECO-AFL: Fluorescence, WET Labs ECO-AFL/FL [mg/m^3]
# name 18 = v1: Voltage 1
# name 19 = CStarAt0: Beam Attenuation, WET Labs C-Star [1/m]
# name 20 = par: PAR/Irradiance, Biospherical/Licor
# name 21 = scan: Scan Count
# name 22 = timeM: Time, Elapsed [minutes]
# name 23 = flag:  0.000e+00
# span 0 =      2.666,     37.762                 
# span 1 =   64.67642,   64.67646                 
# span 2 = -168.59560, -168.59556                 
# span 3 =      2.692,     38.139                 
# span 4 =     3.0589,     4.5338                 
# span 5 =     3.0596,     4.5273                 
# span 6 =     3.0573,     4.5334                 
# span 7 =    31.9894,    32.8255                 
# span 8 =    32.0032,    32.8353                 
# span 9 =  1025.3533,  1026.3224                 
# span 10 =    25.3394,    26.1442                
# span 11 =    265.538,    297.425                
# span 12 =    252.500,    283.473                
# span 13 =  317.86679,  328.68613                
# span 14 =     81.168,     92.007                
# span 15 =     77.169,     88.055                
# span 16 =     0.1172,     0.3578                
# span 17 =     0.3553,     1.7985                
# span 18 =     2.7582,     4.0171                
# span 19 =     0.6386,     2.1430                
# span 20 = 9.5458e-02, 3.0819e+01                
# span 21 =          1,       4343                
# span 22 =     0.0000,     3.0153                
# span 23 = 0.0000e+00, 0.0000e+00                
# interval = seconds: 0.0416667
# start_time = Sep 17 2023 17:33:26 [NMEA time, first data scan]
# bad_flag = -9.990e-29
*END*
[from data line 846]
      5.300   64.67644 -168.59558      5.353     3.8722     4.1108     3.8719    32.1050    32.0822  1025.5211    25.4961    296.505    281.079  322.73969     91.871     87.582     0.3346     1.6593     3.7912     0.8702 1.6832e+01        847     0.5875  0.000e+00
      5.300   64.67644 -168.59558      5.353     3.9277     4.0287     3.9274    32.0530    32.1039  1025.4745    25.4495    296.180    281.660  322.43067     91.859     87.603     0.3333     1.6520     3.7912     0.8702 1.6832e+01        848     0.5882  0.000e+00
      5.300   64.67644 -168.59558      5.353     3.9312     3.9355     3.9308    32.0594    32.1311  1025.4792    25.4542    296.149    282.295  322.38828     91.861     87.620     0.3333     1.6520     3.7912     0.8702 1.6832e+01        849     0.5889  0.000e+00
      5.354   64.67644 -168.59558      5.407     3.9227     3.8648     3.9223    32.0872    32.1402  1025.5025    25.4772    296.168    282.824  322.38715     91.867     87.639     0.3333     1.6520     3.7912     0.8702 1.6832e+01        850     0.5896  0.000e+00
      5.300   64.67644 -168.59558      5.353     3.9205     3.8151     3.9201    32.1054    32.1495  1025.5169    25.4919    296.151    283.188  322.36033     91.870     87.653     0.3333     1.6520     3.7912     0.8702 1.6880e+01        851     0.5903  0.000e+00
      5.300   64.67644 -168.59558      5.353     3.8904     3.7956     3.8901    32.1299    32.1562  1025.5392    25.5142    296.416    283.140  322.53630     91.902     87.601     0.3346     1.6593     3.7912     0.8702 1.6880e+01        852     0.5910  0.000e+00
      5.385   64.67644 -168.59558      5.438     3.8686     3.8025     3.8682    32.1322    32.1548  1025.5435    25.5181    296.601    283.080  322.70216     91.912     87.596     0.3333     1.6520     3.7912     0.8702 1.6928e+01        853     0.5917  0.000e+00
      5.416   64.67644 -168.59558      5.469     3.8754     3.8276     3.8750    32.1080    32.1363  1025.5238    25.4982    296.608    282.916  322.70741     91.912     87.586     0.3333     1.6520     3.7912     0.8702 1.6928e+01        854     0.5924  0.000e+00
      5.300   64.67644 -168.59558      5.352     3.8740     3.8453     3.8736    32.0898    32.1138  1025.5089    25.4839    296.661    282.982  322.76296     91.913     87.630     0.3333     1.6520     3.7912     0.8702 1.6928e+01        855     0.5931  0.000e+00
      5.416   64.67644 -168.59558      5.469     3.8318     3.8428     3.8314    32.1160    32.1094  1025.5343    25.5087    296.746    282.837  323.03066     91.863     87.576     0.3333     1.6520     3.7912     0.8702 1.6928e+01        856     0.5938  0.000e+00
      5.354   64.67644 -168.59558      5.407     3.8136     3.8336     3.8132    32.1292    32.1210  1025.5462    25.5210    297.045    282.873  323.14148     91.924     87.576     0.3333     1.6520     3.7900     0.8715 1.6928e+01        857     0.5944  0.000e+00
      5.416   64.67644 -168.59558      5.469     3.7945     3.8375     3.7942    32.1404    32.1278  1025.5573    25.5317    297.182    282.824  323.26429     91.932     87.573     0.3333     1.6520     3.7912     0.8702 1.6928e+01        858     0.5951  0.000e+00
      5.354   64.67644 -168.59558      5.407     3.7591     3.8649     3.7588    32.1612    32.1151  1025.5769    25.5516    297.425    282.634  323.49232     91.942     87.565     0.3346     1.6593     3.7912     0.8702 1.6832e+01        859     0.5958  0.000e+00
      5.354   64.67644 -168.59558      5.407     3.7338     3.8714     3.7335    32.1820    32.1185  1025.5958    25.5705    297.375    282.575  323.64144     91.884     87.562     0.3333     1.6520     3.7912     0.8702 1.6832e+01        860     0.5965  0.000e+00
      5.416   64.67644 -168.59558      5.469     3.7491     3.8771     3.7487    32.1762    32.1175  1025.5900    25.5645    297.232    282.724  323.53489     91.870     87.620     0.3346     1.6593     3.7912     0.8702 1.6832e+01        861     0.5972  0.000e+00
      5.416   64.67644 -168.59558      5.469     3.7678     3.8656     3.7675    32.1629    32.1262  1025.5777    25.5521    297.075    282.815  323.41985     91.854     87.629     0.3333     1.6520     3.7900     0.8715 1.6737e+01        862     0.5979  0.000e+00
      5.416   64.67644 -168.59558      5.469     3.7690     3.8483     3.7686    32.1559    32.1347  1025.5720    25.5464    297.083    282.762  323.42764     91.854     87.582     0.3321     1.6447     3.7900     0.8715 1.6737e+01        863     0.5986  0.000e+00
      5.416   64.67644 -168.59558      5.469     3.7705     3.8392     3.7702    32.1492    32.1363  1025.5665    25.5409    297.054    282.831  323.43206     91.844     87.585     0.3284     1.6227     3.7912     0.8702 1.6737e+01        864     0.5993  0.000e+00
      5.416   64.67644 -168.59558      5.469     3.7758     3.8305     3.7755    32.1449    32.1392  1025.5626    25.5370    296.776    282.896  323.40032     91.767     87.588     0.3284     1.6227     3.7912     0.8702 1.6643e+01        865     0.6000  0.000e+00
      5.470   64.67644 -168.59558      5.524     3.7923     3.8378     3.7919    32.1337    32.1387  1025.5524    25.5266    296.606    282.849  323.29816     91.744     87.589     0.3272     1.6154     3.7814     0.8805 1.6549e+01        866     0.6007  0.000e+00
      5.416   64.67644 -168.59558      5.469     3.7896     3.8486     3.7892    32.1394    32.1417  1025.5569    25.5314    296.340    282.765  323.30543     91.659     87.588     0.3284     1.6227     3.7753     0.8870 1.6549e+01        867     0.6014  0.000e+00
      5.470   64.67644 -168.59558      5.524     3.7831     3.8533     3.7828    32.1489    32.1396  1025.5654    25.5396    296.282    282.746  323.33300     91.634     87.591     0.3297     1.6300     3.7753     0.8870 1.6455e+01        868     0.6021  0.000e+00
      5.415   64.67644 -168.59558      5.469     3.7992     3.8493     3.7989    32.1424    32.1323  1025.5584    25.5328    295.863    282.802  323.22249     91.535     87.595     0.3284     1.6227     3.7753     0.8870 1.6362e+01        869     0.6028  0.000e+00
      5.469   64.67644 -168.59558      5.524     3.8174     3.8179     3.8170    32.1350    32.1461  1025.5510    25.5252    295.616    283.007  323.09747     91.494     87.600     0.3297     1.6300     3.7753     0.8870 1.6362e+01        870     0.6035  0.000e+00
      5.469   64.67644 -168.59558      5.524     3.8131     3.7951     3.8128    32.1586    32.1537  1025.5702    25.5444    295.274    283.180  323.07356     91.395     87.610     0.3272     1.6154     3.7753     0.8870 1.6270e+01        871     0.6042  0.000e+00
      5.469   64.67644 -168.59558      5.524     3.8811     3.7775     3.8807    32.1397    32.1647  1025.5487    25.5229    294.415    283.286  322.58572     91.267     87.613     0.3284     1.6227     3.7753     0.8870 1.6178e+01        872     0.6049  0.000e+00
      5.469   64.67644 -168.59558      5.524     3.9885     3.7695     3.9881    32.1019    32.1744  1025.5083    25.4825    293.326    283.322  321.83688     91.141     87.613     0.3272     1.6154     3.7753     0.8870 1.6178e+01        873     0.6056  0.000e+00
      5.469   64.67644 -168.59558      5.524     4.0469     3.7748     4.0466    32.0947    32.1710  1025.4969    25.4711    292.689    283.473  321.39811     91.067     87.669     0.3284     1.6227     3.7753     0.8870 1.6132e+01        874     0.6062  0.000e+00
      5.469   64.67644 -168.59558      5.524     4.0710     3.7682     4.0707    32.0903    32.1775  1025.4910    25.4652    292.330    283.337  321.22111     91.006     87.617     0.3297     1.6300     3.7753     0.8870 1.5996e+01        875     0.6069  0.000e+00
      5.469   64.67644 -168.59558      5.523     4.0862     3.7668     4.0859    32.0789    32.1865  1025.4805    25.4547    291.822    283.135  321.13039     90.874     87.558     0.3284     1.6227     3.7753     0.8870 1.5996e+01        876     0.6076  0.000e+00
      5.469   64.67644 -168.59558      5.523     4.0888     3.7939     4.0884    32.0753    32.1756  1025.4774    25.4516    291.375    282.927  321.11928     90.737     87.544     0.3284     1.6227     3.7753     0.8870 1.5906e+01        877     0.6083  0.000e+00
      5.523   64.67644 -168.59558      5.578     4.1052     3.8107     4.1049    32.0666    32.1705  1025.4691    25.4431    290.841    282.622  321.01229     90.601     87.482     0.3284     1.6227     3.7753     0.8870 1.5816e+01        878     0.6090  0.000e+00
      5.523   64.67644 -168.59558      5.578     4.1372     3.8171     4.1368    32.0526    32.1670  1025.4548    25.4288    290.386    282.564  320.79813     90.520     87.475     0.3284     1.6227     3.7753     0.8870 1.5771e+01        879     0.6097  0.000e+00
      5.523   64.67644 -168.59558      5.578     4.1215     3.8235     4.1211    32.0802    32.1621  1025.4783    25.4523    290.226    282.489  320.85323     90.454     87.463     0.3272     1.6154     3.7753     0.8870 1.5726e+01        880     0.6104  0.000e+00
      5.469   64.67644 -168.59558      5.523     4.1242     3.8405     4.1238    32.0730    32.1557  1025.4721    25.4463    289.799    282.339  320.84974     90.322     87.448     0.3284     1.6227     3.7753     0.8870 1.5593e+01        881     0.6111  0.000e+00
      5.523   64.67644 -168.59558      5.578     4.1027     3.8566     4.1023    32.0731    32.1543  1025.4745    25.4484    289.739    282.000  321.01676     90.257     87.376     0.3297     1.6300     3.7753     0.8870 1.5505e+01        882     0.6118  0.000e+00
      5.523   64.67644 -168.59558      5.578     4.0891     3.8532     4.0887    32.0802    32.1548  1025.4815    25.4555    289.403    281.978  321.10502     90.127     87.363     0.3284     1.6227     3.7753     0.8870 1.5505e+01        883     0.6125  0.000e+00
      5.585   64.67644 -168.59558      5.640     4.1062     3.8491     4.1058    32.0643    32.1480  1025.4675    25.4411    288.864    281.982  321.01056     89.986     87.351     0.3284     1.6227     3.7753     0.8870 1.5418e+01        884     0.6132  0.000e+00
      5.523   64.67644 -168.59558      5.578     4.0414     3.8716     4.0410    32.1217    32.1305  1025.5192    25.4931    288.603    281.616  321.37594     89.802     87.273     0.3284     1.6227     3.7753     0.8870 1.5374e+01        885     0.6139  0.000e+00
      5.523   64.67644 -168.59558      5.578     3.9480     3.9005     3.9477    32.1979    32.1197  1025.5888    25.5628    289.075    281.361  321.91996     89.797     87.249     0.3297     1.6300     3.7411     0.9234 1.5374e+01        886     0.6146  0.000e+00
      5.585   64.67644 -168.59558      5.640     3.9241     3.9152     3.9237    32.1972    32.1263  1025.5909    25.5645    289.295    280.996  322.10892     89.813     87.171     0.3284     1.6227     3.7033     0.9640 1.5287e+01        887     0.6153  0.000e+00
      5.523   64.67644 -168.59558      5.578     3.8960     3.9197     3.8956    32.1944    32.1366  1025.5911    25.5650    289.110    280.681  322.33597     89.692     87.089     0.3272     1.6154     3.6960     0.9720 1.5287e+01        888     0.6160  0.000e+00
      5.585   64.67644 -168.59558      5.640     3.8858     3.9239     3.8854    32.1780    32.1381  1025.5792    25.5529    289.050    280.564  322.45580     89.640     87.063     0.3199     1.5714     3.6984     0.9693 1.5287e+01        889     0.6167  0.000e+00
      5.585   64.67644 -168.59558      5.640     3.8931     3.9133     3.8927    32.1581    32.1441  1025.5628    25.5364    288.878    280.366  322.44689     89.589     86.983     0.3138     1.5348     3.6996     0.9680 1.5287e+01        890     0.6174  0.000e+00
      5.585   64.67644 -168.59558      5.640     3.8732     3.8981     3.8728    32.1747    32.1501  1025.5778    25.5515    288.645    280.165  322.56269     89.485     86.893     0.3150     1.5421     3.6996     0.9680 1.5244e+01        891     0.6181  0.000e+00
      5.585   64.67644 -168.59558      5.640     3.8949     3.9008     3.8945    32.1668    32.1464  1025.5695    25.5432    288.166    280.025  322.41164     89.378     86.853     0.3138     1.5348     3.6996     0.9680 1.5244e+01        892     0.6188  0.000e+00
      5.585   64.67644 -168.59558      5.640     3.9381     3.9138     3.9377    32.1531    32.1423  1025.5545    25.5281    287.913    279.648  322.10657     89.384     86.760     0.3150     1.5421     3.6996     0.9680 1.5244e+01        893     0.6194  0.000e+00
      5.639   64.67644 -168.59558      5.695     4.0020     3.9429     4.0016    32.1219    32.1262  1025.5237    25.4971    288.014    279.355  321.68265     89.534     86.720     0.3138     1.5348     3.6996     0.9680 1.5244e+01        894     0.6201  0.000e+00
      5.585   64.67644 -168.59558      5.640     4.0409     3.9648     4.0405    32.0937    32.1137  1025.4972    25.4709    286.942    278.925  321.44781     89.266     86.625     0.3138     1.5348     3.6996     0.9680 1.5287e+01        895     0.6208  0.000e+00
      5.639   64.67644 -168.59558      5.694     4.0548     3.9570     4.0545    32.0682    32.1153  1025.4758    25.4492    286.791    278.681  321.40082     89.232     86.533     0.3126     1.5275     3.6996     0.9680 1.5287e+01        896     0.6215  0.000e+00
      5.585   64.67644 -168.59558      5.640     4.0331     3.9355     4.0327    32.0688    32.1206  1025.4782    25.4519    287.502    278.516  321.56882     89.406     86.440     0.3138     1.5348     3.6996     0.9680 1.5330e+01        897     0.6222  0.000e+00
      5.639   64.67644 -168.59558      5.694     3.9785     3.9224     3.9781    32.0933    32.1248  1025.5033    25.4767    287.692    278.284  321.93585     89.363     86.344     0.3150     1.5421     3.6996     0.9680 1.5330e+01        898     0.6229  0.000e+00
      5.585   64.67644 -168.59558      5.640     3.9151     3.9174     3.9148    32.1161    32.1310  1025.5273    25.5009    287.726    278.165  322.37604     89.252     86.300     0.3138     1.5348     3.6996     0.9680 1.5330e+01        899     0.6236  0.000e+00
      5.639   64.67644 -168.59558      5.694     3.8629     3.9189     3.8625    32.1295    32.1317  1025.5432    25.5165    288.288    277.835  322.75335     89.321     86.201     0.3150     1.5421     3.6996     0.9680 1.5374e+01        900     0.6243  0.000e+00
      5.639   64.67644 -168.59558      5.694     3.8261     3.9098     3.8257    32.1465    32.1349  1025.5602    25.5335    288.775    277.546  323.00131     89.404     86.095     0.3138     1.5348     3.6996     0.9680 1.5374e+01        901     0.6250  0.000e+00
      5.585   64.67644 -168.59558      5.640     3.8134     3.8924     3.8131    32.1592    32.1412  1025.5712    25.5448    288.925    277.303  323.06967     89.431     85.987     0.3138     1.5348     3.6996     0.9680 1.5418e+01        902     0.6257  0.000e+00
      5.700   64.67644 -168.59558      5.757     3.8194     3.8810     3.8190    32.1589    32.1428  1025.5709    25.5440    288.985    277.214  323.02344     89.462     85.937     0.3126     1.5275     3.6996     0.9680 1.5461e+01        903     0.6264  0.000e+00
      5.639   64.67644 -168.59558      5.694     3.8368     3.8814     3.8364    32.1443    32.1434  1025.5574    25.5308    289.000    276.879  322.92218     89.495     85.834     0.3138     1.5348     3.6996     0.9680 1.5461e+01        904     0.6271  0.000e+00
      5.639   64.67644 -168.59558      5.694     3.8499     3.8946     3.8496    32.1303    32.1401  1025.5450    25.5184    289.034    276.433  322.85314     89.525     85.721     0.3150     1.5421     3.6996     0.9680 1.5461e+01        905     0.6278  0.000e+00
