EcoFOCI/data/1_SampleCollection/2023_SikuliaqDBO_CruiseData/CTD_raw_BottleFile_SKQ23-12S/proc/skq202312s_073svp.cnv
* Sea-Bird SBE 9 Data File:
* FileName = D:\CTD\SKQ202312S\SKQ202312S_073.hex
* Software Version Seasave V 7.26.7.121
* Temperature SN = 6177
* Conductivity SN = 0369
* Number of Bytes Per Scan = 41
* Number of Voltage Words = 4
* Number of Scans Averaged by the Deck Unit = 1
* NMEA Latitude = 67 54.34 N
* NMEA Longitude = 168 10.75 W
* NMEA UTC (Time) = Oct 01 2023  20:50:17
* NMEA baud rate = 4800
** Ship: R/V Sikuliaq
** Station Number: 073
** Station Name: C12
** Bottom Depth: 58
** Operator: SD
** Mooring C12
# nquan = 7
# nvalues = 4215                                  
# units = specified
# name 0 = depSM: Depth [salt water, m]
# name 1 = latitude: Latitude [deg]
# name 2 = longitude: Longitude [deg]
# name 3 = t090C: Temperature [ITS-90, deg C]
# name 4 = sal00: Salinity, Practical [PSU]
# name 5 = svCM: Sound Velocity [Chen-Millero, m/s]
# name 6 = flag:  0.000e+00
# span 0 =      2.262,     53.673                 
# span 1 =   67.90534,   67.90552                 
# span 2 = -168.17942, -168.17918                 
# span 3 =     2.6735,     4.8323                 
# span 4 =    28.4800,    32.5035                 
# span 5 =    1457.56,    1464.88                 
# span 6 = 0.0000e+00, 0.0000e+00                 
# interval = seconds: 0.0416667
# start_time = Oct 01 2023 20:53:49 [NMEA time, first data scan]
# bad_flag = -9.990e-29
*END*
[from data line 3898]
     51.670   67.90536 -168.17922     2.9289    32.5021    1459.71  0.000e+00
     51.670   67.90536 -168.17922     2.9288    32.5019    1459.71  0.000e+00
     51.670   67.90536 -168.17922     2.9288    32.5024    1459.71  0.000e+00
     51.670   67.90536 -168.17922     2.9289    32.5019    1459.71  0.000e+00
     51.670   67.90536 -168.17922     2.9289    32.5023    1459.71  0.000e+00
     51.724   67.90536 -168.17922     2.9288    32.5028    1459.71  0.000e+00
     51.670   67.90536 -168.17922     2.9289    32.5019    1459.71  0.000e+00
     51.724   67.90536 -168.17922     2.9288    32.5021    1459.71  0.000e+00
     51.670   67.90536 -168.17922     2.9288    32.5024    1459.71  0.000e+00
     51.724   67.90536 -168.17922     2.9289    32.5022    1459.71  0.000e+00
     51.724   67.90536 -168.17922     2.9289    32.5022    1459.71  0.000e+00
     51.786   67.90536 -168.17922     2.9288    32.5018    1459.71  0.000e+00
     51.724   67.90536 -168.17922     2.9289    32.5023    1459.71  0.000e+00
     51.786   67.90536 -168.17922     2.9287    32.5022    1459.71  0.000e+00
     51.670   67.90536 -168.17922     2.9289    32.5024    1459.71  0.000e+00
     51.840   67.90536 -168.17922     2.9289    32.5023    1459.71  0.000e+00
     51.786   67.90536 -168.17922     2.9288    32.5022    1459.71  0.000e+00
     51.840   67.90536 -168.17922     2.9289    32.5022    1459.71  0.000e+00
     51.840   67.90536 -168.17922     2.9289    32.5023    1459.71  0.000e+00
     51.840   67.90536 -168.17922     2.9291    32.5022    1459.71  0.000e+00
     51.840   67.90536 -168.17922     2.9289    32.5022    1459.71  0.000e+00
     51.840   67.90536 -168.17922     2.9290    32.5020    1459.71  0.000e+00
     51.894   67.90536 -168.17922     2.9291    32.5014    1459.71  0.000e+00
     51.894   67.90536 -168.17922     2.9292    32.5017    1459.71  0.000e+00
     51.956   67.90536 -168.17922     2.9293    32.5014    1459.71  0.000e+00
     51.894   67.90536 -168.17922     2.9292    32.5014    1459.71  0.000e+00
     51.956   67.90536 -168.17922     2.9293    32.5015    1459.71  0.000e+00
     52.010   67.90536 -168.17922     2.9295    32.5009    1459.72  0.000e+00
     51.956   67.90536 -168.17922     2.9299    32.5009    1459.72  0.000e+00
     52.010   67.90536 -168.17922     2.9298    32.5004    1459.72  0.000e+00
     52.010   67.90536 -168.17922     2.9297    32.5006    1459.72  0.000e+00
     52.010   67.90536 -168.17922     2.9298    32.5011    1459.72  0.000e+00
     52.072   67.90536 -168.17922     2.9297    32.5013    1459.72  0.000e+00
     52.072   67.90536 -168.17922     2.9297    32.5012    1459.72  0.000e+00
     52.072   67.90536 -168.17922     2.9297    32.5010    1459.72  0.000e+00
     52.072   67.90536 -168.17922     2.9296    32.5011    1459.72  0.000e+00
     52.126   67.90536 -168.17922     2.9295    32.5010    1459.72  0.000e+00
     52.187   67.90536 -168.17922     2.9293    32.5016    1459.72  0.000e+00
     52.126   67.90536 -168.17922     2.9296    32.5015    1459.72  0.000e+00
     52.126   67.90536 -168.17922     2.9293    32.5020    1459.72  0.000e+00
     52.241   67.90536 -168.17922     2.9293    32.5018    1459.72  0.000e+00
     52.187   67.90536 -168.17922     2.9292    32.5019    1459.72  0.000e+00
     52.241   67.90536 -168.17922     2.9292    32.5021    1459.72  0.000e+00
     52.187   67.90536 -168.17922     2.9290    32.5019    1459.72  0.000e+00
     52.295   67.90536 -168.17922     2.9294    32.5018    1459.72  0.000e+00
     52.241   67.90536 -168.17922     2.9290    32.5019    1459.72  0.000e+00
     52.295   67.90536 -168.17922     2.9292    32.5016    1459.72  0.000e+00
     52.295   67.90536 -168.17922     2.9291    32.5021    1459.72  0.000e+00
     52.295   67.90536 -168.17922     2.9289    32.5023    1459.72  0.000e+00
     52.295   67.90536 -168.17922     2.9290    32.5020    1459.72  0.000e+00
     52.357   67.90536 -168.17922     2.9289    32.5021    1459.72  0.000e+00
     52.357   67.90536 -168.17922     2.9289    32.5025    1459.72  0.000e+00
     52.357   67.90536 -168.17922     2.9288    32.5024    1459.72  0.000e+00
     52.357   67.90536 -168.17922     2.9288    32.5025    1459.72  0.000e+00
     52.357   67.90536 -168.17922     2.9286    32.5027    1459.72  0.000e+00
     52.411   67.90536 -168.17922     2.9286    32.5029    1459.72  0.000e+00
     52.411   67.90536 -168.17922     2.9286    32.5025    1459.72  0.000e+00
     52.357   67.90536 -168.17922     2.9287    32.5026    1459.72  0.000e+00
     52.473   67.90536 -168.17922     2.9284    32.5030    1459.72  0.000e+00
     52.411   67.90536 -168.17922     2.9284    32.5025    1459.72  0.000e+00
     52.411   67.90536 -168.17922     2.9285    32.5024    1459.72  0.000e+00
     52.411   67.90536 -168.17922     2.9284    32.5024    1459.72  0.000e+00
     52.411   67.90536 -168.17922     2.9283    32.5025    1459.72  0.000e+00
     52.473   67.90536 -168.17922     2.9285    32.5021    1459.72  0.000e+00
     52.411   67.90536 -168.17922     2.9284    32.5027    1459.72  0.000e+00
     52.411   67.90536 -168.17922     2.9284    32.5028    1459.72  0.000e+00
     52.411   67.90536 -168.17922     2.9283    32.5030    1459.72  0.000e+00
     52.473   67.90536 -168.17922     2.9284    32.5024    1459.72  0.000e+00
     52.411   67.90536 -168.17922     2.9284    32.5025    1459.72  0.000e+00
     52.411   67.90536 -168.17922     2.9283    32.5029    1459.72  0.000e+00
     52.473   67.90536 -168.17922     2.9283    32.5028    1459.72  0.000e+00
     52.411   67.90536 -168.17922     2.9283    32.5029    1459.72  0.000e+00
     52.411   67.90536 -168.17922     2.9282    32.5031    1459.72  0.000e+00
     52.473   67.90536 -168.17922     2.9284    32.5024    1459.72  0.000e+00
     52.411   67.90536 -168.17922     2.9281    32.5028    1459.72  0.000e+00
     52.411   67.90536 -168.17922     2.9283    32.5029    1459.72  0.000e+00
     52.411   67.90536 -168.17922     2.9283    32.5027    1459.72  0.000e+00
     52.473   67.90536 -168.17922     2.9283    32.5027    1459.72  0.000e+00
     52.411   67.90536 -168.17922     2.9284    32.5029    1459.72  0.000e+00
     52.411   67.90536 -168.17922     2.9283    32.5026    1459.72  0.000e+00
     52.411   67.90536 -168.17922     2.9284    32.5027    1459.72  0.000e+00
     52.411   67.90536 -168.17922     2.9286    32.5027    1459.72  0.000e+00
     52.357   67.90536 -168.17922     2.9283    32.5030    1459.72  0.000e+00
     52.411   67.90536 -168.17922     2.9286    32.5029    1459.72  0.000e+00
     52.357   67.90536 -168.17922     2.9283    32.5035    1459.72  0.000e+00
     52.357   67.90536 -168.17922     2.9288    32.5027    1459.72  0.000e+00
     52.357   67.90536 -168.17922     2.9289    32.5020    1459.72  0.000e+00
     52.357   67.90536 -168.17922     2.9290    32.5021    1459.72  0.000e+00
     52.295   67.90536 -168.17922     2.9292    32.5017    1459.72  0.000e+00
     52.357   67.90536 -168.17922     2.9292    32.5019    1459.72  0.000e+00
     52.357   67.90536 -168.17922     2.9292    32.5023    1459.72  0.000e+00
     52.295   67.90536 -168.17922     2.9292    32.5020    1459.72  0.000e+00
     52.357   67.90536 -168.17922     2.9293    32.5014    1459.72  0.000e+00
     52.295   67.90536 -168.17922     2.9292    32.5020    1459.72  0.000e+00
     52.295   67.90536 -168.17922     2.9288    32.5028    1459.72  0.000e+00
     52.241   67.90536 -168.17922     2.9290    32.5022    1459.72  0.000e+00
     52.295   67.90536 -168.17922     2.9288    32.5022    1459.72  0.000e+00
     52.241   67.90536 -168.17922     2.9288    32.5026    1459.72  0.000e+00
     52.241   67.90536 -168.17922     2.9288    32.5021    1459.72  0.000e+00
     52.241   67.90536 -168.17922     2.9289    32.5024    1459.72  0.000e+00
     52.241   67.90536 -168.17922     2.9288    32.5022    1459.72  0.000e+00
     52.241   67.90536 -168.17922     2.9288    32.5024    1459.72  0.000e+00
     52.187   67.90536 -168.17922     2.9288    32.5022    1459.72  0.000e+00
     52.241   67.90536 -168.17922     2.9289    32.5021    1459.72  0.000e+00
     52.187   67.90536 -168.17922     2.9288    32.5024    1459.72  0.000e+00
     52.187   67.90536 -168.17922     2.9292    32.5017    1459.72  0.000e+00
     52.187   67.90536 -168.17922     2.9290    32.5018    1459.72  0.000e+00
     52.125   67.90536 -168.17922     2.9292    32.5016    1459.72  0.000e+00
     52.187   67.90536 -168.17922     2.9289    32.5022    1459.72  0.000e+00
     52.187   67.90536 -168.17922     2.9289    32.5021    1459.72  0.000e+00
     52.125   67.90536 -168.17922     2.9288    32.5023    1459.72  0.000e+00
     52.125   67.90536 -168.17922     2.9288    32.5022    1459.72  0.000e+00
     52.125   67.90536 -168.17922     2.9284    32.5026    1459.71  0.000e+00
     52.125   67.90536 -168.17922     2.9287    32.5023    1459.72  0.000e+00
     52.125   67.90536 -168.17922     2.9286    32.5025    1459.72  0.000e+00
     52.071   67.90536 -168.17922     2.9284    32.5028    1459.71  0.000e+00
     52.125   67.90536 -168.17922     2.9286    32.5025    1459.72  0.000e+00
     52.071   67.90536 -168.17922     2.9287    32.5025    1459.71  0.000e+00
     52.071   67.90536 -168.17922     2.9284    32.5025    1459.71  0.000e+00
     52.071   67.90536 -168.17922     2.9286    32.5025    1459.71  0.000e+00
     52.125   67.90536 -168.17922     2.9288    32.5022    1459.72  0.000e+00
     52.009   67.90536 -168.17922     2.9284    32.5024    1459.71  0.000e+00
     52.071   67.90536 -168.17922     2.9286    32.5025    1459.71  0.000e+00
     52.071   67.90536 -168.17922     2.9285    32.5026    1459.71  0.000e+00
     52.009   67.90536 -168.17922     2.9286    32.5026    1459.71  0.000e+00
     52.071   67.90536 -168.17922     2.9284    32.5027    1459.71  0.000e+00
     52.071   67.90536 -168.17922     2.9287    32.5023    1459.71  0.000e+00
     52.009   67.90536 -168.17922     2.9286    32.5025    1459.71  0.000e+00
     52.071   67.90536 -168.17922     2.9286    32.5026    1459.71  0.000e+00
     52.071   67.90536 -168.17922     2.9285    32.5028    1459.71  0.000e+00
     52.071   67.90536 -168.17922     2.9284    32.5027    1459.71  0.000e+00
     52.071   67.90536 -168.17922     2.9283    32.5025    1459.71  0.000e+00
     52.071   67.90536 -168.17922     2.9285    32.5023    1459.71  0.000e+00
     52.071   67.90536 -168.17922     2.9284    32.5027    1459.71  0.000e+00
     52.071   67.90536 -168.17922     2.9284    32.5031    1459.71  0.000e+00
     52.071   67.90536 -168.17922     2.9283    32.5026    1459.71  0.000e+00
     52.071   67.90536 -168.17922     2.9286    32.5024    1459.71  0.000e+00
     52.071   67.90536 -168.17922     2.9283    32.5029    1459.71  0.000e+00
     52.125   67.90536 -168.17922     2.9281    32.5031    1459.71  0.000e+00
     52.071   67.90536 -168.17922     2.9283    32.5028    1459.71  0.000e+00
     52.125   67.90536 -168.17920     2.9286    32.5024    1459.71  0.000e+00
     52.187   67.90536 -168.17920     2.9284    32.5023    1459.72  0.000e+00
     52.071   67.90536 -168.17920     2.9283    32.5028    1459.71  0.000e+00
     52.187   67.90536 -168.17920     2.9284    32.5024    1459.72  0.000e+00
     52.125   67.90536 -168.17920     2.9286    32.5023    1459.71  0.000e+00
     52.187   67.90536 -168.17920     2.9285    32.5025    1459.72  0.000e+00
     52.187   67.90536 -168.17920     2.9284    32.5025    1459.72  0.000e+00
     52.241   67.90536 -168.17920     2.9286    32.5024    1459.72  0.000e+00
     52.187   67.90536 -168.17920     2.9285    32.5024    1459.72  0.000e+00
     52.241   67.90536 -168.17920     2.9288    32.5019    1459.72  0.000e+00
     52.241   67.90536 -168.17920     2.9288    32.5021    1459.72  0.000e+00
     52.295   67.90536 -168.17920     2.9291    32.5018    1459.72  0.000e+00
     52.295   67.90536 -168.17920     2.9292    32.5013    1459.72  0.000e+00
     52.295   67.90536 -168.17920     2.9292    32.5017    1459.72  0.000e+00
     52.295   67.90536 -168.17920     2.9292    32.5016    1459.72  0.000e+00
     52.356   67.90536 -168.17920     2.9295    32.5012    1459.72  0.000e+00
     52.356   67.90536 -168.17920     2.9293    32.5013    1459.72  0.000e+00
     52.410   67.90536 -168.17920     2.9297    32.5013    1459.72  0.000e+00
     52.410   67.90536 -168.17920     2.9296    32.5008    1459.72  0.000e+00
     52.410   67.90536 -168.17920     2.9297    32.5011    1459.72  0.000e+00
     52.472   67.90536 -168.17920     2.9298    32.5011    1459.72  0.000e+00
     52.472   67.90536 -168.17920     2.9299    32.5010    1459.72  0.000e+00
     52.472   67.90536 -168.17920     2.9298    32.5011    1459.72  0.000e+00
     52.526   67.90536 -168.17920     2.9295    32.5014    1459.72  0.000e+00
     52.526   67.90536 -168.17920     2.9296    32.5014    1459.72  0.000e+00
     52.526   67.90536 -168.17920     2.9295    32.5016    1459.72  0.000e+00
     52.642   67.90536 -168.17920     2.9295    32.5015    1459.73  0.000e+00
     52.588   67.90536 -168.17920     2.9294    32.5016    1459.73  0.000e+00
     52.588   67.90536 -168.17920     2.9293    32.5015    1459.72  0.000e+00
     52.696   67.90536 -168.17920     2.9295    32.5018    1459.73  0.000e+00
     52.642   67.90536 -168.17920     2.9294    32.5020    1459.73  0.000e+00
     52.696   67.90536 -168.17920     2.9292    32.5020    1459.73  0.000e+00
     52.757   67.90536 -168.17920     2.9290    32.5022    1459.73  0.000e+00
     52.696   67.90536 -168.17920     2.9289    32.5025    1459.73  0.000e+00
     52.757   67.90536 -168.17920     2.9290    32.5021    1459.73  0.000e+00
     52.811   67.90536 -168.17920     2.9288    32.5023    1459.73  0.000e+00
     52.811   67.90536 -168.17920     2.9288    32.5024    1459.73  0.000e+00
     52.811   67.90536 -168.17920     2.9288    32.5025    1459.73  0.000e+00
     52.873   67.90536 -168.17920     2.9289    32.5025    1459.73  0.000e+00
     52.927   67.90536 -168.17920     2.9287    32.5024    1459.73  0.000e+00
     52.873   67.90536 -168.17920     2.9284    32.5028    1459.73  0.000e+00
     52.927   67.90536 -168.17920     2.9288    32.5025    1459.73  0.000e+00
     52.927   67.90536 -168.17920     2.9284    32.5027    1459.73  0.000e+00
     52.989   67.90536 -168.17920     2.9287    32.5027    1459.73  0.000e+00
     52.989   67.90536 -168.17920     2.9286    32.5028    1459.73  0.000e+00
     52.989   67.90536 -168.17920     2.9284    32.5026    1459.73  0.000e+00
     52.989   67.90536 -168.17920     2.9285    32.5024    1459.73  0.000e+00
     53.043   67.90536 -168.17920     2.9284    32.5029    1459.73  0.000e+00
     53.043   67.90536 -168.17920     2.9284    32.5030    1459.73  0.000e+00
     53.043   67.90536 -168.17920     2.9282    32.5032    1459.73  0.000e+00
     53.097   67.90536 -168.17920     2.9283    32.5029    1459.73  0.000e+00
     53.043   67.90536 -168.17920     2.9284    32.5026    1459.73  0.000e+00
     53.097   67.90536 -168.17920     2.9283    32.5028    1459.73  0.000e+00
     53.097   67.90536 -168.17920     2.9284    32.5030    1459.73  0.000e+00
     53.158   67.90536 -168.17920     2.9281    32.5034    1459.73  0.000e+00
     53.097   67.90536 -168.17920     2.9282    32.5031    1459.73  0.000e+00
     53.158   67.90536 -168.17920     2.9286    32.5026    1459.73  0.000e+00
     53.097   67.90536 -168.17920     2.9283    32.5027    1459.73  0.000e+00
     53.212   67.90536 -168.17920     2.9283    32.5023    1459.73  0.000e+00
     53.097   67.90536 -168.17920     2.9284    32.5024    1459.73  0.000e+00
     53.212   67.90536 -168.17920     2.9283    32.5026    1459.73  0.000e+00
     53.212   67.90536 -168.17920     2.9284    32.5024    1459.73  0.000e+00
     53.158   67.90536 -168.17920     2.9283    32.5026    1459.73  0.000e+00
     53.212   67.90536 -168.17920     2.9284    32.5025    1459.73  0.000e+00
