EcoFOCI/data/1_SampleCollection/2023_SikuliaqDBO_CruiseData/CTD_raw_BottleFile_SKQ23-12S/proc/skq202312s_039.ros
* Sea-Bird SBE 9 Data File:
* FileName = D:\CTD\SKQ202312S\SKQ202312S_039.hex
* Software Version Seasave V 7.26.7.121
* Temperature SN = 6177
* Conductivity SN = 0369
* Number of Bytes Per Scan = 41
* Number of Voltage Words = 4
* Number of Scans Averaged by the Deck Unit = 1
* NMEA Latitude = 71 19.31 N
* NMEA Longitude = 160 39.09 W
* NMEA UTC (Time) = Sep 23 2023  11:49:51
* NMEA baud rate = 4800
** Ship: R/V Sikuliaq
** Station Number: 039
** Station Name: DBO4.2n
** Bottom Depth: 48
** Operator: SD
# nquan = 22
# nvalues = 1127                                  
# units = specified
# name 0 = depSM: Depth [salt water, m]
# name 1 = latitude: Latitude [deg]
# name 2 = longitude: Longitude [deg]
# name 3 = prDM: Pressure, Digiquartz [db]
# name 4 = t090C: Temperature [ITS-90, deg C]
# name 5 = t190C: Temperature, 2 [ITS-90, deg C]
# name 6 = potemp090C: Potential Temperature [ITS-90, deg C]
# name 7 = sal00: Salinity, Practical [PSU]
# name 8 = sal11: Salinity, Practical, 2 [PSU]
# name 9 = density00: Density [density, kg/m^3]
# name 10 = sigma-é00: Density [sigma-theta, kg/m^3]
# name 11 = sbox0Mm/Kg: Oxygen, SBE 43 [umol/kg]
# name 12 = sbox1Mm/Kg: Oxygen, SBE 43, 2 [umol/kg]
# name 13 = oxsolMm/Kg: Oxygen Saturation, Garcia & Gordon [umol/kg]
# name 14 = sbeox0PS: Oxygen, SBE 43 [% saturation]
# name 15 = v0: Voltage 0
# name 16 = flECO-AFL: Fluorescence, WET Labs ECO-AFL/FL [mg/m^3]
# name 17 = CStarAt0: Beam Attenuation, WET Labs C-Star [1/m]
# name 18 = par: PAR/Irradiance, Biospherical/Licor
# name 19 = scan: Scan Count
# name 20 = nbf: Bottles Fired
# name 21 = flag:  0.000e+00
# interval = seconds: 0.0416667
# start_time = Sep 23 2023 11:54:34 [NMEA time, first data scan]
# bad_flag = -9.990e-29
*END*
[from data line 988]
      2.963   71.32160 -160.65182      2.993     2.5217     2.5105     2.5216    27.5269    27.5372  1021.9717    21.9575    338.712    322.142  345.51046     98.032     0.1612     0.6190     0.5603 2.8210e-01      28740         21  0.000e+00
      2.963   71.32160 -160.65182      2.993     2.5215     2.5108     2.5213    27.5273    27.5376  1021.9720    21.9578    338.719    322.141  345.51181     98.034     0.1612     0.6190     0.5603 2.8323e-01      28741         21  0.000e+00
      2.963   71.32160 -160.65182      2.994     2.5211     2.5105     2.5210    27.5277    27.5372  1021.9724    21.9582    338.723    322.351  345.51405     98.034     0.1612     0.6190     0.5603 2.8663e-01      28742         21  0.000e+00
      2.901   71.32160 -160.65182      2.931     2.5212     2.5098     2.5211    27.5279    27.5374  1021.9723    21.9583    338.487    322.351  345.51205     97.967     0.1612     0.6190     0.5591 2.9006e-01      28743         21  0.000e+00
      2.901   71.32160 -160.65182      2.931     2.5216     2.5097     2.5214    27.5278    27.5370  1021.9721    21.9582    338.673    322.347  345.50957     98.021     0.1624     0.6264     0.5603 2.9121e-01      28744         21  0.000e+00
      2.963   71.32160 -160.65182      2.994     2.5217     2.5097     2.5216    27.5270    27.5371  1021.9718    21.9576    338.670    322.363  345.51007     98.020     0.1612     0.6190     0.5603 2.8663e-01      28745         21  0.000e+00
      2.847   71.32160 -160.65182      2.877     2.5212     2.5094     2.5211    27.5268    27.5374  1021.9711    21.9574    338.013    322.371  345.51501     97.829     0.1612     0.6190     0.5603 2.7319e-01      28746         21  0.000e+00
      2.901   71.32160 -160.65182      2.931     2.5205     2.5091     2.5204    27.5268    27.5375  1021.9714    21.9575    338.362    322.384  345.52162     97.928     0.1587     0.6044     0.5603 2.6772e-01      28747         21  0.000e+00
      2.901   71.32160 -160.65182      2.931     2.5202     2.5089     2.5200    27.5273    27.5374  1021.9719    21.9580    338.319    322.596  345.52293     97.915     0.1600     0.6117     0.5603 2.7762e-01      28748         21  0.000e+00
      2.847   71.32160 -160.65182      2.877     2.5202     2.5088     2.5200    27.5278    27.5375  1021.9720    21.9584    338.536    322.620  345.52159     97.978     0.1587     0.6044     0.5603 3.4518e-01      28749         21  0.000e+00
      2.847   71.32160 -160.65182      2.877     2.5202     2.5086     2.5200    27.5274    27.5375  1021.9717    21.9580    338.565    322.643  345.52266     97.986     0.1587     0.6044     0.5603 3.7895e-01      28750         21  0.000e+00
      2.847   71.32160 -160.65182      2.877     2.5198     2.5088     2.5197    27.5272    27.5374  1021.9715    21.9578    338.367    322.453  345.52622     97.928     0.1587     0.6044     0.5591 3.8176e-01      28751         21  0.000e+00
      2.847   71.32160 -160.65182      2.877     2.5194     2.5091     2.5192    27.5271    27.5373  1021.9715    21.9578    338.590    322.646  345.53062     97.991     0.1587     0.6044     0.5603 3.9027e-01      28752         21  0.000e+00
      2.871   71.32160 -160.65182      2.900     2.5188     2.5094     2.5187    27.5271    27.5374  1021.9716    21.9578    338.582    322.653  345.53541     97.988     0.1600     0.6117     0.5591 3.9458e-01      28753         21  0.000e+00
      2.794   71.32160 -160.65182      2.822     2.5186     2.5093     2.5185    27.5272    27.5377  1021.9713    21.9579    338.563    322.657  345.53700     97.982     0.1587     0.6044     0.5603 3.9602e-01      28754         21  0.000e+00
      2.848   71.32160 -160.65182      2.877     2.5178     2.5093     2.5177    27.5268    27.5373  1021.9714    21.9577    338.593    322.662  345.54502     97.988     0.1600     0.6117     0.5603 4.3661e-01      28755         21  0.000e+00
      2.794   71.32160 -160.65182      2.822     2.5172     2.5091     2.5171    27.5267    27.5377  1021.9711    21.9577    338.385    322.658  345.55045     97.926     0.1587     0.6044     0.5603 4.6872e-01      28756         21  0.000e+00
      2.794   71.32160 -160.65182      2.822     2.5161     2.5091     2.5159    27.5265    27.5377  1021.9709    21.9575    338.606    322.652  345.56099     97.987     0.1587     0.6044     0.5603 4.7370e-01      28757         21  0.000e+00
      2.794   71.32160 -160.65182      2.822     2.5148     2.5093     2.5147    27.5241    27.5375  1021.9691    21.9557    338.411    322.641  345.57818     97.926     0.1587     0.6044     0.5615 3.7477e-01      28758         21  0.000e+00
      2.794   71.32160 -160.65182      2.823     2.5143     2.5093     2.5142    27.5065    27.5376  1021.9551    21.9417    338.668    322.652  345.62877     97.986     0.1600     0.6117     0.5603 2.9468e-01      28759         21  0.000e+00
      2.794   71.32160 -160.65182      2.823     2.5138     2.5089     2.5136    27.5204    27.5373  1021.9662    21.9528    338.423    322.664  345.59726     97.924     0.1587     0.6044     0.5603 2.8097e-01      28760         21  0.000e+00
      2.794   71.32160 -160.65182      2.823     2.5134     2.5089     2.5133    27.5263    27.5375  1021.9710    21.9576    338.616    322.643  345.58451     97.984     0.1587     0.6044     0.5603 2.2373e-01      28761         21  0.000e+00
      2.732   71.32160 -160.65182      2.760     2.5119     2.5086     2.5117    27.5264    27.5374  1021.9709    21.9578    338.451    322.645  345.59786     97.932     0.1587     0.6044     0.5603 1.5787e-01      28762         21  0.000e+00
      2.794   71.32160 -160.65182      2.823     2.5109     2.5085     2.5108    27.5265    27.5370  1021.9713    21.9579    338.629    322.623  345.60563     97.981     0.1587     0.6044     0.5603 1.4349e-01      28763         21  0.000e+00
      2.732   71.32160 -160.65182      2.760     2.5098     2.5077     2.5097    27.5272    27.5375  1021.9716    21.9585    338.647    322.620  345.61375     97.984     0.1600     0.6117     0.5603 1.8304e-01      28764         21  0.000e+00
      2.732   71.32160 -160.65182      2.760     2.5095     2.5075     2.5094    27.5274    27.5375  1021.9718    21.9587    338.659    322.613  345.61594     97.987     0.1587     0.6044     0.5603 2.7762e-01      28765         21  0.000e+00
      2.732   71.32160 -160.65182      2.760     2.5095     2.5077     2.5094    27.5274    27.5371  1021.9718    21.9587    338.666    322.600  345.61594     97.989     0.1600     0.6117     0.5603 3.1128e-01      28766         21  0.000e+00
      2.755   71.32160 -160.65182      2.784     2.5094     2.5080     2.5093    27.5280    27.5368  1021.9724    21.9592    338.444    322.584  345.61549     97.925     0.1587     0.6044     0.5603 3.5706e-01      28767         21  0.000e+00
      2.678   71.32160 -160.65182      2.706     2.5092     2.5085     2.5091    27.5282    27.5373  1021.9722    21.9593    338.640    322.352  345.61634     97.981     0.1587     0.6044     0.5603 5.5737e-01      28768         21  0.000e+00
      2.732   71.32160 -160.65182      2.760     2.5094     2.5086     2.5093    27.5280    27.5372  1021.9723    21.9592    338.378    322.308  345.61537     97.906     0.1587     0.6044     0.5603 6.5286e-01      28769         21  0.000e+00
      2.732   71.32160 -160.65182      2.760     2.5093     2.5086     2.5092    27.5280    27.5376  1021.9724    21.9592    338.344    322.466  345.61571     97.896     0.1600     0.6117     0.5603 6.1686e-01      28770         21  0.000e+00
      2.678   71.32160 -160.65182      2.706     2.5095     2.5086     2.5094    27.5281    27.5375  1021.9721    21.9593    338.305    322.439  345.61411     97.885     0.1612     0.6190     0.5603 4.3974e-01      28771         21  0.000e+00
      2.678   71.32160 -160.65182      2.706     2.5098     2.5088     2.5097    27.5282    27.5373  1021.9722    21.9594    338.268    322.409  345.61095     97.875     0.1661     0.6483     0.5603 3.7755e-01      28772         21  0.000e+00
      2.732   71.32160 -160.65182      2.760     2.5100     2.5091     2.5099    27.5281    27.5374  1021.9724    21.9592    338.235    322.377  345.60987     97.866     0.1673     0.6557     0.5603 3.6788e-01      28773         21  0.000e+00
      2.678   71.32160 -160.65182      2.706     2.5101     2.5088     2.5100    27.5285    27.5379  1021.9724    21.9595    338.196    322.367  345.60759     97.855     0.1661     0.6483     0.5603 2.9468e-01      28774         21  0.000e+00
      2.678   71.32160 -160.65182      2.706     2.5103     2.5089     2.5102    27.5286    27.5376  1021.9725    21.9596    338.159    322.330  345.60566     97.845     0.1673     0.6557     0.5603 2.5913e-01      28775         21  0.000e+00
      2.678   71.32160 -160.65182      2.706     2.5108     2.5091     2.5107    27.5294    27.5373  1021.9731    21.9602    338.118    322.316  345.59940     97.835     0.1661     0.6483     0.5615 2.5595e-01      28776         21  0.000e+00
      2.678   71.32160 -160.65182      2.706     2.5119     2.5093     2.5117    27.5290    27.5372  1021.9727    21.9599    338.342    322.298  345.59096     97.903     0.1661     0.6483     0.5615 2.4762e-01      28777         21  0.000e+00
      2.617   71.32160 -160.65182      2.644     2.5123     2.5089     2.5122    27.5283    27.5377  1021.9718    21.9593    338.111    322.279  345.58863     97.836     0.1661     0.6483     0.5615 2.4251e-01      28778         21  0.000e+00
      2.678   71.32160 -160.65182      2.706     2.5127     2.5093     2.5126    27.5275    27.5370  1021.9714    21.9585    337.849    322.260  345.58808     97.761     0.1661     0.6483     0.5615 2.4150e-01      28779         21  0.000e+00
      2.640   71.32160 -160.65182      2.667     2.5120     2.5091     2.5119    27.5276    27.5371  1021.9714    21.9587    338.013    322.238  345.59338     97.806     0.1661     0.6483     0.5615 2.2277e-01      28780         21  0.000e+00
      2.874   71.32160 -160.65182      2.904     2.5164     2.5184     2.5163    27.5276    27.5366  1021.9722    21.9584    338.402    321.644  345.55519     97.930     0.1734     0.6923     0.5615 3.4911e-01      28908         22  0.000e+00
      2.905   71.32160 -160.65182      2.935     2.5164     2.5184     2.5163    27.5273    27.5369  1021.9721    21.9582    338.182    321.641  345.55591     97.866     0.1746     0.6996     0.5627 3.1370e-01      28909         22  0.000e+00
      2.797   71.32160 -160.65182      2.826     2.5162     2.5185     2.5161    27.5274    27.5372  1021.9717    21.9582    338.417    321.630  345.55722     97.934     0.1734     0.6923     0.5627 2.9702e-01      28910         22  0.000e+00
      2.851   71.32160 -160.65182      2.881     2.5167     2.5189     2.5165    27.5276    27.5368  1021.9721    21.9584    338.385    321.626  345.55284     97.926     0.1734     0.6923     0.5615 2.9585e-01      28911         22  0.000e+00
      2.851   71.32160 -160.65182      2.881     2.5169     2.5190     2.5168    27.5278    27.5369  1021.9722    21.9586    338.312    321.619  345.55037     97.905     0.1734     0.6923     0.5627 3.0767e-01      28912         22  0.000e+00
      2.797   71.32160 -160.65182      2.826     2.5166     2.5193     2.5164    27.5274    27.5368  1021.9717    21.9583    338.318    321.606  345.55425     97.906     0.1734     0.6923     0.5627 3.1370e-01      28913         22  0.000e+00
      2.736   71.32160 -160.65182      2.764     2.5166     2.5197     2.5164    27.5272    27.5367  1021.9712    21.9581    338.321    321.593  345.55476     97.907     0.1734     0.6923     0.5615 3.1492e-01      28914         22  0.000e+00
      2.736   71.32160 -160.65182      2.764     2.5160     2.5192     2.5158    27.5268    27.5369  1021.9709    21.9578    338.371    321.588  345.56103     97.919     0.1734     0.6923     0.5627 3.3359e-01      28915         22  0.000e+00
      2.797   71.32160 -160.65182      2.826     2.5155     2.5185     2.5154    27.5262    27.5368  1021.9708    21.9573    338.426    321.586  345.56698     97.933     0.1746     0.6996     0.5627 3.4648e-01      28916         22  0.000e+00
      2.736   71.32160 -160.65182      2.764     2.5147     2.5182     2.5145    27.5256    27.5368  1021.9701    21.9570    338.211    321.575  345.57545     97.869     0.1734     0.6923     0.5639 3.4911e-01      28917         22  0.000e+00
      2.682   71.32160 -160.65182      2.709     2.5136     2.5181     2.5135    27.5260    27.5369  1021.9702    21.9573    338.190    321.562  345.58401     97.860     0.1746     0.6996     0.5723 4.1368e-01      28918         22  0.000e+00
      2.682   71.32160 -160.65182      2.709     2.5125     2.5176     2.5124    27.5261    27.5368  1021.9703    21.9574    338.403    321.553  345.59313     97.919     0.1734     0.6923     0.5759 4.8717e-01      28919         22  0.000e+00
      2.682   71.32160 -160.65182      2.709     2.5117     2.5175     2.5116    27.5261    27.5368  1021.9704    21.9576    338.305    321.745  345.60002     97.889     0.1746     0.6996     0.5759 5.0444e-01      28920         22  0.000e+00
      2.682   71.32160 -160.65182      2.710     2.5112     2.5181     2.5111    27.5264    27.5367  1021.9707    21.9578    338.086    321.773  345.60345     97.825     0.1734     0.6923     0.5759 4.0478e-01      28921         22  0.000e+00
      2.643   71.32160 -160.65182      2.671     2.5108     2.5181     2.5107    27.5266    27.5373  1021.9707    21.9580    338.058    321.597  345.60668     97.816     0.1734     0.6923     0.5759 2.9237e-01      28922         22  0.000e+00
      2.620   71.32160 -160.65182      2.647     2.5103     2.5173     2.5102    27.5273    27.5375  1021.9711    21.9585    338.032    321.586  345.60930     97.808     0.1734     0.6923     0.5759 2.6881e-01      28923         22  0.000e+00
      2.620   71.32160 -160.65182      2.647     2.5103     2.5168     2.5102    27.5271    27.5368  1021.9710    21.9584    338.006    321.575  345.60969     97.800     0.1697     0.6703     0.5759 3.1859e-01      28924         22  0.000e+00
      2.620   71.32160 -160.65182      2.647     2.5100     2.5162     2.5099    27.5271    27.5368  1021.9710    21.9584    337.985    321.766  345.61256     97.793     0.1563     0.5897     0.5759 4.3974e-01      28925         22  0.000e+00
      2.566   71.32160 -160.65182      2.593     2.5095     2.5155     2.5094    27.5271    27.5368  1021.9708    21.9585    337.964    321.594  345.61671     97.786     0.1514     0.5604     0.5759 4.8377e-01      28926         22  0.000e+00
      2.566   71.32160 -160.65182      2.593     2.5095     2.5148     2.5094    27.5274    27.5369  1021.9710    21.9587    337.712    321.808  345.61612     97.713     0.1526     0.5678     0.5759 4.3817e-01      28927         22  0.000e+00
      2.566   71.32160 -160.65182      2.593     2.5092     2.5142     2.5091    27.5272    27.5367  1021.9709    21.9586    337.889    321.842  345.61929     97.763     0.1514     0.5604     0.5759 3.1614e-01      28928         22  0.000e+00
      2.566   71.32160 -160.65182      2.593     2.5089     2.5136     2.5088    27.5275    27.5366  1021.9712    21.9589    338.102    321.848  345.62084     97.825     0.1526     0.5678     0.5759 2.7873e-01      28929         22  0.000e+00
      2.505   71.32160 -160.65182      2.531     2.5091     2.5130     2.5089    27.5276    27.5372  1021.9709    21.9589    338.118    321.849  345.61923     97.830     0.1514     0.5604     0.5759 2.7762e-01      28930         22  0.000e+00
      2.566   71.32160 -160.65182      2.593     2.5089     2.5123     2.5088    27.5274    27.5369  1021.9711    21.9587    338.143    321.880  345.62123     97.836     0.1526     0.5678     0.5759 2.6990e-01      28931         22  0.000e+00
