EcoFOCI/data/1_SampleCollection/2023_SikuliaqDBO_CruiseData/CTD_raw_BottleFile_SKQ23-12S/proc/skq202312s_028svp.cnv
* Sea-Bird SBE 9 Data File:
* FileName = D:\CTD\SKQ202312S\SKQ202312S_028.hex
* Software Version Seasave V 7.26.7.121
* Temperature SN = 6177
* Conductivity SN = 0369
* Number of Bytes Per Scan = 41
* Number of Voltage Words = 4
* Number of Scans Averaged by the Deck Unit = 1
* NMEA Latitude = 71 22.34 N
* NMEA Longitude = 157 24.94 W
* NMEA UTC (Time) = Sep 21 2023  03:13:25
* NMEA baud rate = 4800
** Ship: R/V Sikuliaq
** Station Number: 028
** Station Name: DBO5.4
** Bottom Depth: 112
** Operator: SD
# nquan = 7
# nvalues = 10603                                 
# units = specified
# name 0 = depSM: Depth [salt water, m]
# name 1 = latitude: Latitude [deg]
# name 2 = longitude: Longitude [deg]
# name 3 = t090C: Temperature [ITS-90, deg C]
# name 4 = sal00: Salinity, Practical [PSU]
# name 5 = svCM: Sound Velocity [Chen-Millero, m/s]
# name 6 = flag:  0.000e+00
# span 0 =      2.421,    106.151                 
# span 1 =   71.37238,   71.37258                 
# span 2 = -157.41494, -157.41336                 
# span 3 =    -1.5020,     4.8902                 
# span 4 =    30.0278,    32.5827                 
# span 5 =    1440.00,    1464.93                 
# span 6 = 0.0000e+00, 0.0000e+00                 
# interval = seconds: 0.0416667
# start_time = Sep 21 2023 03:18:10 [NMEA time, first data scan]
# bad_flag = -9.990e-29
*END*
[from data line 3693]
     43.745   71.37248 -157.41446    -1.1142    32.4292    1441.19  0.000e+00
     43.745   71.37248 -157.41446    -1.1173    32.4304    1441.18  0.000e+00
     43.745   71.37248 -157.41446    -1.1194    32.4312    1441.17  0.000e+00
     43.683   71.37248 -157.41446    -1.1215    32.4316    1441.16  0.000e+00
     43.914   71.37248 -157.41446    -1.1235    32.4322    1441.16  0.000e+00
     43.860   71.37248 -157.41444    -1.1255    32.4328    1441.15  0.000e+00
     43.860   71.37248 -157.41444    -1.1275    32.4340    1441.14  0.000e+00
     43.860   71.37248 -157.41444    -1.1291    32.4336    1441.13  0.000e+00
     43.914   71.37248 -157.41444    -1.1310    32.4343    1441.12  0.000e+00
     43.907   71.37248 -157.41444    -1.1327    32.4345    1441.12  0.000e+00
     43.914   71.37248 -157.41444    -1.1343    32.4346    1441.11  0.000e+00
     43.968   71.37248 -157.41444    -1.1363    32.4358    1441.10  0.000e+00
     43.968   71.37248 -157.41444    -1.1378    32.4363    1441.10  0.000e+00
     44.030   71.37248 -157.41444    -1.1393    32.4362    1441.09  0.000e+00
     44.022   71.37248 -157.41444    -1.1411    32.4371    1441.08  0.000e+00
     44.030   71.37248 -157.41444    -1.1427    32.4373    1441.07  0.000e+00
     44.030   71.37248 -157.41444    -1.1444    32.4378    1441.07  0.000e+00
     44.084   71.37248 -157.41444    -1.1454    32.4375    1441.06  0.000e+00
     44.084   71.37248 -157.41444    -1.1457    32.4369    1441.06  0.000e+00
     44.084   71.37248 -157.41444    -1.1466    32.4372    1441.06  0.000e+00
     44.138   71.37248 -157.41444    -1.1474    32.4377    1441.05  0.000e+00
     44.084   71.37248 -157.41444    -1.1485    32.4375    1441.05  0.000e+00
     44.146   71.37248 -157.41444    -1.1496    32.4376    1441.04  0.000e+00
     44.200   71.37248 -157.41444    -1.1511    32.4390    1441.04  0.000e+00
     44.146   71.37248 -157.41444    -1.1523    32.4399    1441.03  0.000e+00
     44.138   71.37248 -157.41444    -1.1532    32.4401    1441.03  0.000e+00
     44.199   71.37248 -157.41444    -1.1539    32.4399    1441.03  0.000e+00
     44.261   71.37248 -157.41444    -1.1544    32.4402    1441.03  0.000e+00
     44.199   71.37248 -157.41444    -1.1549    32.4400    1441.02  0.000e+00
     44.199   71.37248 -157.41444    -1.1549    32.4397    1441.02  0.000e+00
     44.261   71.37248 -157.41444    -1.1547    32.4385    1441.02  0.000e+00
     44.253   71.37248 -157.41444    -1.1554    32.4386    1441.02  0.000e+00
     44.261   71.37248 -157.41444    -1.1560    32.4391    1441.02  0.000e+00
     44.261   71.37248 -157.41444    -1.1560    32.4391    1441.02  0.000e+00
     44.315   71.37248 -157.41444    -1.1562    32.4389    1441.02  0.000e+00
     44.261   71.37248 -157.41444    -1.1569    32.4395    1441.01  0.000e+00
     44.253   71.37248 -157.41444    -1.1576    32.4396    1441.01  0.000e+00
     44.315   71.37248 -157.41444    -1.1586    32.4404    1441.01  0.000e+00
     44.315   71.37248 -157.41444    -1.1588    32.4404    1441.01  0.000e+00
     44.369   71.37248 -157.41444    -1.1591    32.4402    1441.01  0.000e+00
     44.315   71.37248 -157.41444    -1.1595    32.4409    1441.00  0.000e+00
     44.369   71.37248 -157.41444    -1.1586    32.4407    1441.01  0.000e+00
     44.307   71.37248 -157.41444    -1.1572    32.4412    1441.02  0.000e+00
     44.369   71.37248 -157.41444    -1.1563    32.4409    1441.02  0.000e+00
     44.369   71.37248 -157.41444    -1.1566    32.4405    1441.02  0.000e+00
     44.369   71.37248 -157.41444    -1.1577    32.4405    1441.01  0.000e+00
     44.369   71.37248 -157.41444    -1.1575    32.4406    1441.01  0.000e+00
     44.431   71.37248 -157.41444    -1.1566    32.4410    1441.02  0.000e+00
     44.423   71.37248 -157.41444    -1.1559    32.4416    1441.02  0.000e+00
     44.369   71.37248 -157.41444    -1.1553    32.4406    1441.02  0.000e+00
     44.485   71.37248 -157.41444    -1.1554    32.4383    1441.02  0.000e+00
     44.431   71.37248 -157.41444    -1.1564    32.4371    1441.02  0.000e+00
     44.431   71.37248 -157.41444    -1.1583    32.4373    1441.01  0.000e+00
     44.485   71.37248 -157.41444    -1.1600    32.4374    1441.00  0.000e+00
     44.431   71.37248 -157.41444    -1.1615    32.4380    1440.99  0.000e+00
     44.484   71.37248 -157.41444    -1.1631    32.4374    1440.99  0.000e+00
     44.484   71.37248 -157.41444    -1.1646    32.4376    1440.98  0.000e+00
     44.484   71.37248 -157.41444    -1.1663    32.4393    1440.97  0.000e+00
     44.546   71.37248 -157.41444    -1.1677    32.4404    1440.97  0.000e+00
     44.538   71.37248 -157.41444    -1.1697    32.4405    1440.96  0.000e+00
     44.546   71.37248 -157.41444    -1.1715    32.4401    1440.95  0.000e+00
     44.546   71.37248 -157.41444    -1.1730    32.4401    1440.94  0.000e+00
     44.546   71.37248 -157.41444    -1.1747    32.4407    1440.94  0.000e+00
     44.600   71.37248 -157.41444    -1.1767    32.4414    1440.93  0.000e+00
     44.546   71.37248 -157.41444    -1.1781    32.4418    1440.92  0.000e+00
     44.654   71.37248 -157.41444    -1.1792    32.4426    1440.92  0.000e+00
     44.600   71.37248 -157.41444    -1.1798    32.4422    1440.91  0.000e+00
     44.600   71.37248 -157.41444    -1.1808    32.4427    1440.91  0.000e+00
     44.662   71.37248 -157.41444    -1.1818    32.4425    1440.91  0.000e+00
     44.662   71.37248 -157.41444    -1.1826    32.4426    1440.90  0.000e+00
     44.662   71.37248 -157.41444    -1.1835    32.4430    1440.90  0.000e+00
     44.708   71.37248 -157.41444    -1.1851    32.4431    1440.89  0.000e+00
     44.716   71.37248 -157.41444    -1.1871    32.4438    1440.88  0.000e+00
     44.716   71.37248 -157.41444    -1.1890    32.4438    1440.88  0.000e+00
     44.716   71.37248 -157.41444    -1.1910    32.4438    1440.87  0.000e+00
     44.716   71.37248 -157.41444    -1.1928    32.4441    1440.86  0.000e+00
     44.770   71.37248 -157.41444    -1.1948    32.4443    1440.85  0.000e+00
     44.770   71.37248 -157.41444    -1.1956    32.4441    1440.84  0.000e+00
     44.831   71.37248 -157.41444    -1.1976    32.4450    1440.84  0.000e+00
     44.770   71.37248 -157.41444    -1.1994    32.4459    1440.83  0.000e+00
     44.831   71.37248 -157.41444    -1.2005    32.4464    1440.83  0.000e+00
     44.885   71.37248 -157.41444    -1.2018    32.4473    1440.82  0.000e+00
     44.831   71.37248 -157.41444    -1.2028    32.4471    1440.82  0.000e+00
     44.885   71.37248 -157.41444    -1.2044    32.4464    1440.81  0.000e+00
     44.885   71.37248 -157.41444    -1.2071    32.4471    1440.80  0.000e+00
     44.947   71.37248 -157.41444    -1.2091    32.4475    1440.79  0.000e+00
     44.947   71.37248 -157.41444    -1.2109    32.4481    1440.78  0.000e+00
     44.947   71.37248 -157.41444    -1.2137    32.4493    1440.77  0.000e+00
     45.001   71.37248 -157.41444    -1.2164    32.4498    1440.76  0.000e+00
     44.993   71.37248 -157.41444    -1.2192    32.4504    1440.74  0.000e+00
     45.063   71.37248 -157.41444    -1.2215    32.4506    1440.74  0.000e+00
     45.001   71.37248 -157.41444    -1.2236    32.4511    1440.72  0.000e+00
     45.063   71.37248 -157.41444    -1.2261    32.4515    1440.71  0.000e+00
     45.063   71.37248 -157.41444    -1.2284    32.4521    1440.70  0.000e+00
     45.117   71.37248 -157.41444    -1.2306    32.4526    1440.70  0.000e+00
     45.109   71.37248 -157.41444    -1.2322    32.4530    1440.69  0.000e+00
     45.171   71.37248 -157.41444    -1.2341    32.4539    1440.68  0.000e+00
     45.171   71.37248 -157.41444    -1.2354    32.4545    1440.68  0.000e+00
     45.171   71.37248 -157.41444    -1.2370    32.4550    1440.67  0.000e+00
     45.232   71.37248 -157.41444    -1.2377    32.4548    1440.67  0.000e+00
     45.232   71.37248 -157.41444    -1.2390    32.4555    1440.66  0.000e+00
     45.225   71.37248 -157.41444    -1.2397    32.4557    1440.66  0.000e+00
     45.286   71.37248 -157.41444    -1.2400    32.4558    1440.66  0.000e+00
     45.286   71.37248 -157.41444    -1.2409    32.4566    1440.65  0.000e+00
     45.348   71.37248 -157.41444    -1.2411    32.4563    1440.65  0.000e+00
     45.348   71.37248 -157.41444    -1.2417    32.4562    1440.65  0.000e+00
     45.348   71.37248 -157.41444    -1.2420    32.4563    1440.65  0.000e+00
     45.402   71.37248 -157.41444    -1.2418    32.4562    1440.65  0.000e+00
     45.402   71.37248 -157.41444    -1.2422    32.4560    1440.65  0.000e+00
     45.402   71.37248 -157.41444    -1.2422    32.4565    1440.65  0.000e+00
     45.464   71.37248 -157.41444    -1.2423    32.4564    1440.65  0.000e+00
     45.464   71.37248 -157.41444    -1.2423    32.4561    1440.65  0.000e+00
     45.518   71.37248 -157.41444    -1.2425    32.4561    1440.65  0.000e+00
     45.518   71.37248 -157.41444    -1.2426    32.4562    1440.65  0.000e+00
     45.572   71.37248 -157.41444    -1.2429    32.4559    1440.65  0.000e+00
     45.518   71.37248 -157.41444    -1.2429    32.4552    1440.65  0.000e+00
     45.572   71.37248 -157.41444    -1.2431    32.4556    1440.65  0.000e+00
     45.633   71.37248 -157.41444    -1.2434    32.4559    1440.65  0.000e+00
     45.633   71.37248 -157.41444    -1.2436    32.4560    1440.65  0.000e+00
     45.633   71.37248 -157.41444    -1.2438    32.4559    1440.65  0.000e+00
     45.633   71.37248 -157.41444    -1.2440    32.4560    1440.64  0.000e+00
     45.741   71.37248 -157.41444    -1.2443    32.4561    1440.65  0.000e+00
     45.687   71.37248 -157.41444    -1.2445    32.4562    1440.64  0.000e+00
     45.687   71.37248 -157.41444    -1.2445    32.4561    1440.64  0.000e+00
     45.803   71.37248 -157.41444    -1.2446    32.4564    1440.65  0.000e+00
     45.749   71.37248 -157.41444    -1.2445    32.4559    1440.64  0.000e+00
     45.803   71.37248 -157.41444    -1.2445    32.4559    1440.64  0.000e+00
     45.803   71.37248 -157.41444    -1.2445    32.4556    1440.64  0.000e+00
     45.857   71.37248 -157.41444    -1.2445    32.4556    1440.65  0.000e+00
     45.865   71.37248 -157.41444    -1.2446    32.4556    1440.65  0.000e+00
     45.865   71.37248 -157.41444    -1.2449    32.4559    1440.64  0.000e+00
     45.865   71.37248 -157.41444    -1.2449    32.4559    1440.64  0.000e+00
     45.919   71.37248 -157.41444    -1.2452    32.4560    1440.64  0.000e+00
     45.919   71.37248 -157.41444    -1.2450    32.4555    1440.64  0.000e+00
     45.973   71.37248 -157.41444    -1.2452    32.4556    1440.64  0.000e+00
     45.973   71.37248 -157.41444    -1.2452    32.4556    1440.64  0.000e+00
     45.973   71.37248 -157.41444    -1.2454    32.4559    1440.64  0.000e+00
     45.973   71.37248 -157.41444    -1.2457    32.4557    1440.64  0.000e+00
     46.034   71.37248 -157.41444    -1.2457    32.4557    1440.64  0.000e+00
     46.088   71.37248 -157.41444    -1.2458    32.4553    1440.64  0.000e+00
     46.034   71.37248 -157.41444    -1.2461    32.4554    1440.64  0.000e+00
     46.088   71.37248 -157.41444    -1.2463    32.4555    1440.64  0.000e+00
     46.088   71.37248 -157.41444    -1.2464    32.4554    1440.64  0.000e+00
     46.088   71.37248 -157.41444    -1.2468    32.4553    1440.64  0.000e+00
     46.150   71.37248 -157.41444    -1.2469    32.4550    1440.64  0.000e+00
     46.150   71.37248 -157.41444    -1.2469    32.4550    1440.64  0.000e+00
     46.150   71.37248 -157.41444    -1.2473    32.4556    1440.64  0.000e+00
     46.204   71.37248 -157.41444    -1.2478    32.4554    1440.63  0.000e+00
     46.204   71.37248 -157.41444    -1.2484    32.4558    1440.63  0.000e+00
     46.204   71.37248 -157.41444    -1.2486    32.4553    1440.63  0.000e+00
     46.266   71.37248 -157.41444    -1.2492    32.4554    1440.63  0.000e+00
     46.204   71.37248 -157.41444    -1.2495    32.4560    1440.63  0.000e+00
     46.266   71.37248 -157.41444    -1.2495    32.4560    1440.63  0.000e+00
     46.320   71.37248 -157.41444    -1.2495    32.4560    1440.63  0.000e+00
     46.320   71.37248 -157.41444    -1.2500    32.4567    1440.63  0.000e+00
     46.320   71.37248 -157.41444    -1.2503    32.4560    1440.63  0.000e+00
     46.312   71.37248 -157.41444    -1.2505    32.4558    1440.62  0.000e+00
     46.374   71.37248 -157.41444    -1.2512    32.4557    1440.62  0.000e+00
     46.374   71.37248 -157.41444    -1.2515    32.4558    1440.62  0.000e+00
     46.435   71.37248 -157.41444    -1.2519    32.4556    1440.62  0.000e+00
     46.435   71.37248 -157.41444    -1.2526    32.4558    1440.62  0.000e+00
     46.374   71.37248 -157.41444    -1.2533    32.4560    1440.61  0.000e+00
     46.489   71.37248 -157.41444    -1.2541    32.4563    1440.61  0.000e+00
     46.489   71.37248 -157.41444    -1.2561    32.4575    1440.60  0.000e+00
     46.489   71.37248 -157.41444    -1.2575    32.4588    1440.60  0.000e+00
     46.551   71.37248 -157.41444    -1.2583    32.4590    1440.60  0.000e+00
     46.489   71.37248 -157.41444    -1.2599    32.4599    1440.59  0.000e+00
     46.605   71.37248 -157.41444    -1.2608    32.4600    1440.59  0.000e+00
     46.551   71.37248 -157.41444    -1.2616    32.4603    1440.58  0.000e+00
     46.605   71.37248 -157.41444    -1.2620    32.4611    1440.58  0.000e+00
     46.605   71.37248 -157.41444    -1.2627    32.4616    1440.58  0.000e+00
     46.659   71.37248 -157.41444    -1.2633    32.4621    1440.58  0.000e+00
     46.667   71.37248 -157.41444    -1.2634    32.4620    1440.58  0.000e+00
     46.667   71.37248 -157.41444    -1.2642    32.4630    1440.57  0.000e+00
     46.721   71.37248 -157.41444    -1.2643    32.4629    1440.57  0.000e+00
     46.721   71.37248 -157.41444    -1.2645    32.4633    1440.57  0.000e+00
     46.721   71.37248 -157.41444    -1.2645    32.4634    1440.57  0.000e+00
     46.775   71.37248 -157.41444    -1.2647    32.4635    1440.58  0.000e+00
     46.836   71.37248 -157.41444    -1.2649    32.4633    1440.57  0.000e+00
     46.829   71.37248 -157.41444    -1.2652    32.4635    1440.57  0.000e+00
     46.836   71.37248 -157.41444    -1.2651    32.4636    1440.57  0.000e+00
     46.836   71.37248 -157.41444    -1.2651    32.4645    1440.58  0.000e+00
     46.890   71.37248 -157.41444    -1.2647    32.4639    1440.58  0.000e+00
     46.952   71.37248 -157.41444    -1.2645    32.4641    1440.58  0.000e+00
     46.952   71.37248 -157.41444    -1.2645    32.4643    1440.58  0.000e+00
     46.952   71.37248 -157.41444    -1.2645    32.4641    1440.58  0.000e+00
     47.006   71.37248 -157.41444    -1.2640    32.4635    1440.58  0.000e+00
     47.006   71.37248 -157.41444    -1.2637    32.4628    1440.58  0.000e+00
     47.068   71.37248 -157.41444    -1.2637    32.4628    1440.58  0.000e+00
     47.068   71.37248 -157.41444    -1.2639    32.4628    1440.58  0.000e+00
     47.122   71.37248 -157.41444    -1.2647    32.4633    1440.58  0.000e+00
     47.122   71.37248 -157.41444    -1.2660    32.4645    1440.58  0.000e+00
     47.176   71.37248 -157.41444    -1.2671    32.4649    1440.57  0.000e+00
     47.176   71.37248 -157.41444    -1.2684    32.4662    1440.57  0.000e+00
     47.176   71.37248 -157.41444    -1.2692    32.4662    1440.56  0.000e+00
     47.238   71.37248 -157.41444    -1.2705    32.4670    1440.56  0.000e+00
     47.292   71.37248 -157.41444    -1.2717    32.4678    1440.56  0.000e+00
     47.353   71.37248 -157.41444    -1.2723    32.4685    1440.55  0.000e+00
     47.292   71.37248 -157.41444    -1.2726    32.4689    1440.55  0.000e+00
     47.407   71.37248 -157.41444    -1.2727    32.4697    1440.56  0.000e+00
     47.353   71.37248 -157.41444    -1.2732    32.4700    1440.55  0.000e+00
     47.407   71.37248 -157.41444    -1.2734    32.4696    1440.55  0.000e+00
     47.469   71.37248 -157.41444    -1.2740    32.4696    1440.55  0.000e+00
     47.523   71.37248 -157.41444    -1.2748    32.4698    1440.55  0.000e+00
