EcoFOCI/data/1_SampleCollection/2023_SikuliaqDBO_CruiseData/CTD_raw_BottleFile_SKQ23-12S/proc/skq202312s_028avg.cnv
* Sea-Bird SBE 9 Data File:
* FileName = D:\CTD\SKQ202312S\SKQ202312S_028.hex
* Software Version Seasave V 7.26.7.121
* Temperature SN = 6177
* Conductivity SN = 0369
* Number of Bytes Per Scan = 41
* Number of Voltage Words = 4
* Number of Scans Averaged by the Deck Unit = 1
* NMEA Latitude = 71 22.34 N
* NMEA Longitude = 157 24.94 W
* NMEA UTC (Time) = Sep 21 2023  03:13:25
* NMEA baud rate = 4800
** Ship: R/V Sikuliaq
** Station Number: 028
** Station Name: DBO5.4
** Bottom Depth: 112
** Operator: SD
# nquan = 25
# nvalues = 105                         
# units = specified
# name 0 = depSM: Depth [salt water, m]
# name 1 = latitude: Latitude [deg]
# name 2 = longitude: Longitude [deg]
# name 3 = prDM: Pressure, Digiquartz [db]
# name 4 = t090C: Temperature [ITS-90, deg C]
# name 5 = t190C: Temperature, 2 [ITS-90, deg C]
# name 6 = potemp090C: Potential Temperature [ITS-90, deg C]
# name 7 = sal00: Salinity, Practical [PSU]
# name 8 = sal11: Salinity, Practical, 2 [PSU]
# name 9 = density00: Density [density, kg/m^3]
# name 10 = sigma-é00: Density [sigma-theta, kg/m^3]
# name 11 = sbox0Mm/Kg: Oxygen, SBE 43 [umol/kg]
# name 12 = sbox1Mm/Kg: Oxygen, SBE 43, 2 [umol/kg]
# name 13 = oxsolMm/Kg: Oxygen Saturation, Garcia & Gordon [umol/kg]
# name 14 = sbeox0PS: Oxygen, SBE 43 [% saturation]
# name 15 = sbeox1PS: Oxygen, SBE 43, 2 [% saturation]
# name 16 = v0: Voltage 0
# name 17 = flECO-AFL: Fluorescence, WET Labs ECO-AFL/FL [mg/m^3]
# name 18 = v1: Voltage 1
# name 19 = CStarAt0: Beam Attenuation, WET Labs C-Star [1/m]
# name 20 = par: PAR/Irradiance, Biospherical/Licor
# name 21 = scan: Scan Count
# name 22 = timeM: Time, Elapsed [minutes]
# name 23 = nbin: number of scans per bin
# name 24 = flag: flag
# span 0 =      2.969,    105.881       
# span 1 =   71.37240,   71.37255       
# span 2 = -157.41495, -157.41360       
# span 3 =      3.000,    107.000       
# span 4 =    -1.4917,     4.8624       
# span 5 =    -1.4898,     4.8650       
# span 6 =    -1.4937,     4.8610       
# span 7 =    30.0427,    32.5766       
# span 8 =    30.0536,    32.5865       
# span 9 =  1023.7788,  1026.7189       
# span 10 =    23.7644,    26.2035      
# span 11 =    296.933,    386.006      
# span 12 =    282.071,    354.329      
# span 13 =  318.77258,  368.92050      
# span 14 =     80.488,    107.109      
# span 15 =     76.495,     98.339      
# span 16 =     0.0803,     0.3280      
# span 17 =     0.1336,     1.6197      
# span 18 =     3.4805,     4.2040      
# span 19 =     0.4566,     1.2123      
# span 20 = -1.238e-07, 1.3586e+01      
# span 21 =        -77,       9403      
# span 22 =    -0.0542,     6.5292      
# span 23 =         22,       1870      
# span 24 = 0.0000e+00, 0.0000e+00      
# interval = decibars: 1                
# start_time = Sep 21 2023 03:18:10 [NMEA time, first data scan]
# bad_flag = -9.990e-29
*END*
[from data line 58]
     60.369   71.37248 -157.41442     61.000    -1.4009    -1.3988    -1.4021    32.5242    32.5359  1026.4530    26.1587    308.460    291.338  368.17115     83.782     79.143     0.2797     1.3300     3.5633     1.1183 1.0000e-12       4545     3.1558         63 0.0000e+00
     61.358   71.37246 -157.41442     62.000    -1.4066    -1.4039    -1.4078    32.5275    32.5389  1026.4605    26.1614    308.130    292.894  368.21834     83.681     79.556     0.2578     1.1984     3.5595     1.1225 1.0000e-12       4592     3.1885         43 0.0000e+00
     62.348   71.37246 -157.41442     63.000    -1.4204    -1.4197    -1.4216    32.5361    32.5488  1026.4728    26.1689    307.840    292.329  368.32993     83.577     79.376     0.2555     1.1849     3.5533     1.1295 1.0000e-12       4629     3.2138         32 0.0000e+00
     63.337   71.37246 -157.41441     64.000    -1.4227    -1.4215    -1.4239    32.5373    32.5493  1026.4786    26.1699    307.326    291.433  368.34930     83.433     79.129     0.2513     1.1597     3.5457     1.1380 1.0000e-12       4666     3.2395         45 0.0000e+00
     64.327   71.37248 -157.41440     65.000    -1.4259    -1.4264    -1.4271    32.5388    32.5520  1026.4848    26.1712    306.247    289.835  368.37650     83.134     78.686     0.2636     1.2336     3.5470     1.1367 1.0000e-12       4722     3.2783         55 0.0000e+00
     65.316   71.37248 -157.41440     66.000    -1.4330    -1.4317    -1.4342    32.5433    32.5552  1026.4934    26.1750    305.280    290.440  368.43349     82.859     78.841     0.2591     1.2067     3.5327     1.1528 1.0000e-12       4769     3.3109         43 0.0000e+00
     66.306   71.37248 -157.41440     67.000    -1.4334    -1.4322    -1.4347    32.5432    32.5549  1026.4982    26.1750    304.620    288.990  368.43844     82.679     78.446     0.2618     1.2228     3.5273     1.1588 1.6360e-07       4817     3.3442         52 0.0000e+00
     67.295   71.37248 -157.41440     68.000    -1.4338    -1.4325    -1.4351    32.5434    32.5549  1026.5031    26.1751    304.271    287.114  368.44188     82.583     77.936     0.2661     1.2486     3.5287     1.1573 -6.005e-09       4864     3.3768         37 0.0000e+00
     68.284   71.37248 -157.41440     69.000    -1.4345    -1.4335    -1.4358    32.5437    32.5553  1026.5082    26.1753    303.819    287.028  368.44783     82.459     77.911     0.2626     1.2276     3.5265     1.1598 1.0000e-12       4901     3.4028         43 0.0000e+00
     69.274   71.37248 -157.41440     70.000    -1.4367    -1.4357    -1.4380    32.5446    32.5564  1026.5139    26.1762    303.896    288.069  368.46635     82.476     78.190     0.2697     1.2699     3.5252     1.1613 1.6897e-07       4955     3.4402         53 0.0000e+00
     70.263   71.37248 -157.41438     71.000    -1.4386    -1.4374    -1.4399    32.5457    32.5571  1026.5196    26.1771    304.111    288.857  368.48250     82.531     78.401     0.2649     1.2415     3.5276     1.1586 2.0049e-07       4998     3.4702         42 0.0000e+00
     71.253   71.37248 -157.41438     72.000    -1.4380    -1.4367    -1.4394    32.5452    32.5564  1026.5240    26.1767    304.103    288.884  368.47818     82.529     78.409     0.2631     1.2306     3.5174     1.1701 -8.194e-09       5051     3.5073         56 0.0000e+00
     72.242   71.37248 -157.41438     73.000    -1.4431    -1.4421    -1.4445    32.5484    32.5600  1026.5316    26.1794    303.708    287.159  368.51939     82.413     77.931     0.2696     1.2696     3.5189     1.1685 2.6846e-07       5096     3.5382         33 0.0000e+00
     73.232   71.37248 -157.41438     74.000    -1.4467    -1.4455    -1.4481    32.5507    32.5621  1026.5384    26.1814    303.953    288.275  368.54835     82.473     78.229     0.2602     1.2129     3.5201     1.1671 3.2776e-09       5126     3.5587         31 0.0000e+00
     74.221   71.37248 -157.41438     75.000    -1.4489    -1.4470    -1.4503    32.5521    32.5629  1026.5444    26.1826    303.430    287.595  368.56586     82.327     78.041     0.2756     1.3056     3.5254     1.1610 9.6057e-08       5179     3.5955         82 0.0000e+00
     75.211   71.37248 -157.41438     76.000    -1.4534    -1.4544    -1.4549    32.5546    32.5675  1026.5514    26.1847    302.583    285.242  368.60401     82.089     77.390     0.2787     1.3244     3.5187     1.1686 2.5024e-07       5245     3.6420         35 0.0000e+00
     76.200   71.37248 -157.41436     77.000    -1.4686    -1.4679    -1.4701    32.5642    32.5761  1026.5644    26.1929    302.475    285.350  368.72679     82.032     77.397     0.2514     1.1603     3.5229     1.1638 8.1717e-09       5274     3.6617         31 0.0000e+00
     77.189   71.37248 -157.41436     78.000    -1.4739    -1.4726    -1.4754    32.5672    32.5785  1026.5718    26.1955    302.060    285.500  368.77013     81.910     77.429     0.2592     1.2074     3.5277     1.1584 1.6656e-07       5315     3.6902         50 0.0000e+00
     78.179   71.37248 -157.41436     79.000    -1.4762    -1.4747    -1.4777    32.5685    32.5795  1026.5777    26.1966    301.173    283.653  368.78904     81.665     76.924     0.2683     1.2615     3.5265     1.1598 -3.526e-09       5360     3.7218         36 0.0000e+00
     79.168   71.37248 -157.41436     80.000    -1.4759    -1.4747    -1.4774    32.5681    32.5792  1026.5823    26.1963    299.638    282.071  368.78773     81.250     76.495     0.2661     1.2488     3.5285     1.1575 1.1985e-07       5406     3.7532         64 0.0000e+00
     80.158   71.37248 -157.41436     81.000    -1.4757    -1.4739    -1.4772    32.5679    32.5657  1026.5869    26.1961    298.888    282.931  368.78582     81.046     76.722     0.2849     1.3613     3.5275     1.1587 2.1024e-07       5471     3.7987         42 0.0000e+00
     81.147   71.37248 -157.41435     82.000    -1.4762    -1.4749    -1.4778    32.5683    32.5789  1026.5920    26.1964    299.328    284.763  368.79082     81.165     77.224     0.2586     1.2039     3.5288     1.1571 5.5647e-10       5502     3.8201         31 0.0000e+00
     82.136   71.37248 -157.41434     83.000    -1.4775    -1.4761    -1.4791    32.5690    32.5798  1026.5975    26.1970    299.200    282.819  368.80087     81.128     76.696     0.2707     1.2760     3.5400     1.1445 1.0000e-12       5544     3.8493         57 0.0000e+00
     83.126   71.37248 -157.41434     84.000    -1.4778    -1.4765    -1.4794    32.5692    32.5801  1026.6024    26.1971    298.972    282.694  368.80360     81.065     76.661     0.2756     1.3054     3.5408     1.1436 2.0713e-07       5598     3.8867         42 0.0000e+00
     84.115   71.37248 -157.41434     85.000    -1.4781    -1.4768    -1.4798    32.5693    32.5802  1026.6074    26.1973    298.788    284.677  368.80631     81.015     77.198     0.2584     1.2024     3.5426     1.1416 5.1626e-07       5640     3.9158         48 0.0000e+00
     85.105   71.37248 -157.41434     86.000    -1.4812    -1.4795    -1.4828    32.5708    32.5816  1026.6135    26.1986    298.860    285.263  368.83246     81.029     77.352     0.2656     1.2456     3.5341     1.1512 -6.722e-09       5688     3.9490         43 0.0000e+00
     86.094   71.37248 -157.41434     87.000    -1.4831    -1.4797    -1.4848    32.5718    32.5818  1026.6192    26.1995    298.683    285.577  368.84841     80.977     77.437     0.2647     1.2403     3.5389     1.1458 1.0000e-12       5728     3.9772         40 0.0000e+00
     87.084   71.37248 -157.41434     88.000    -1.4824    -1.4811    -1.4841    32.5716    32.5825  1026.6238    26.1992    298.747    285.695  368.84195     80.996     77.467     0.2748     1.3007     3.5304     1.1553 1.7483e-07       5773     4.0084         48 0.0000e+00
     88.073   71.37248 -157.41432     89.000    -1.4834    -1.4820    -1.4851    32.5719    32.5827  1026.6289    26.1995    298.278    285.540  368.85117     80.867     77.423     0.2764     1.3106     3.5265     1.1598 1.5214e-07       5825     4.0442         56 0.0000e+00
     89.062   71.37248 -157.41432     90.000    -1.4828    -1.4815    -1.4845    32.5716    32.5823  1026.6335    26.1993    298.296    284.893  368.84598     80.873     77.248     0.2752     1.3030     3.5320     1.1536 1.8957e-07       5880     4.0825         45 0.0000e+00
     90.052   71.37248 -157.41432     91.000    -1.4837    -1.4823    -1.4854    32.5719    32.5826  1026.6385    26.1995    298.462    284.960  368.85422     80.916     77.265     0.2744     1.2987     3.5296     1.1562 2.6647e-07       5917     4.1086         32 0.0000e+00
     91.041   71.37248 -157.41432     92.000    -1.4848    -1.4836    -1.4866    32.5726    32.5833  1026.6440    26.2001    298.201    284.846  368.86327     80.843     77.232     0.2693     1.2679     3.5236     1.1631 7.3881e-09       5954     4.1343         44 0.0000e+00
     92.030   71.37250 -157.41430     93.000    -1.4853    -1.4840    -1.4871    32.5728    32.5835  1026.6490    26.2003    298.471    284.752  368.86744     80.916     77.206     0.2843     1.3577     3.5227     1.1641 1.2834e-07       6010     4.1730         65 0.0000e+00
     93.020   71.37250 -157.41430     94.000    -1.4859    -1.4849    -1.4877    32.5732    32.5841  1026.6542    26.2007    298.518    284.887  368.87213     80.927     77.240     0.2814     1.3402     3.5196     1.1676 -8.574e-09       6068     4.2132         40 0.0000e+00
     94.009   71.37250 -157.41430     95.000    -1.4877    -1.4865    -1.4895    32.5743    32.5851  1026.6599    26.2016    298.197    284.446  368.88721     80.837     77.118     0.2666     1.2519     3.5159     1.1718 1.0000e-12       6100     4.2357         30 0.0000e+00
     94.998   71.37250 -157.41430     96.000    -1.4879    -1.4866    -1.4898    32.5745    32.5851  1026.6649    26.2018    297.909    284.295  368.88866     80.758     77.077     0.2710     1.2778     3.5107     1.1778 1.0000e-12       6132     4.2576         37 0.0000e+00
     95.988   71.37250 -157.41427     97.000    -1.4876    -1.4857    -1.4895    32.5744    32.5846  1026.6696    26.2017    298.006    284.638  368.88591     80.785     77.172     0.3036     1.4737     3.5076     1.1813 1.0000e-12       6199     4.3040         99 0.0000e+00
     96.977   71.37250 -157.41426     98.000    -1.4880    -1.4861    -1.4898    32.5744    32.5845  1026.6745    26.2017    297.715    285.028  368.88922     80.706     77.277     0.3094     1.5082     3.5042     1.1852 1.0000e-12       6276     4.3577         48 0.0000e+00
     97.966   71.37250 -157.41424     99.000    -1.4876    -1.4864    -1.4895    32.5744    32.5848  1026.6792    26.2016    297.457    284.917  368.88562     80.637     77.246     0.2955     1.4249     3.5087     1.1800 1.0000e-12       6359     4.4149        136 0.0000e+00
     98.956   71.37250 -157.41422    100.000    -1.4879    -1.4868    -1.4899    32.5743    32.5848  1026.6840    26.2016    297.403    284.804  368.88945     80.621     77.215     0.2911     1.3985     3.5026     1.1870 9.9170e-08       6478     4.4982        139 0.0000e+00
     99.945   71.37250 -157.41418    101.000    -1.4907    -1.4884    -1.4926    32.5759    32.5856  1026.6901    26.2029    297.588    284.302  368.91205     80.667     77.076     0.2914     1.4005     3.4954     1.1952 1.7290e-09       6591     4.5762         37 0.0000e+00
    100.934   71.37252 -157.41406    102.000    -1.4917    -1.4893    -1.4937    32.5766    32.5865  1026.6956    26.2035    297.848    284.491  368.92050     80.735     77.126     0.2866     1.3717     3.4987     1.1915 1.5806e-07       7049     4.8946         59 0.0000e+00
    101.923   71.37252 -157.41398    103.000    -1.4896    -1.4884    -1.4916    32.5753    32.5857  1026.6993    26.2024    297.024    283.727  368.90339     80.515     76.920     0.3012     1.4590     3.4955     1.1951 -4.079e-08       7265     5.0442         96 0.0000e+00
    102.913   71.37252 -157.41395    104.000    -1.4902    -1.4885    -1.4922    32.5752    32.5856  1026.7040    26.2023    297.349    284.227  368.90904     80.602     77.055     0.2991     1.4466     3.4941     1.1967 1.0000e-12       7338     5.0953        140 0.0000e+00
    103.902   71.37252 -157.41392    105.000    -1.4905    -1.4890    -1.4925    32.5754    32.5856  1026.7090    26.2025    297.580    284.045  368.91148     80.664     77.005     0.2906     1.3954     3.4886     1.2030 1.0000e-12       7434     5.1616         38 0.0000e+00
    104.891   71.37252 -157.41388    106.000    -1.4909    -1.4898    -1.4930    32.5759    32.5864  1026.7143    26.2030    297.287    284.282  368.91450     80.584     77.068     0.3013     1.4599     3.4861     1.2059 8.9665e-07       7555     5.2460         94 0.0000e+00
    105.881   71.37255 -157.41360    107.000    -1.4910    -1.4885    -1.4930    32.5756    32.5748  1026.7189    26.2028    296.933    282.790  368.91544     80.488     76.659     0.3280     1.6197     3.4805     1.2123 -1.238e-07       9403     6.5292       1870 0.0000e+00
