EcoFOCI/data/1_SampleCollection/2023_SikuliaqDBO_CruiseData/CTD_raw_BottleFile_SKQ23-12S/proc/skq202312s_068.ros
* Sea-Bird SBE 9 Data File:
* FileName = D:\CTD\SKQ202312S\SKQ202312S_068.hex
* Software Version Seasave V 7.26.7.121
* Temperature SN = 6177
* Conductivity SN = 0369
* Number of Bytes Per Scan = 41
* Number of Voltage Words = 4
* Number of Scans Averaged by the Deck Unit = 1
* NMEA Latitude = 67 40.62 N
* NMEA Longitude = 168 56.94 W
* NMEA UTC (Time) = Sep 29 2023  21:42:04
* NMEA baud rate = 4800
** Ship: R/V Sikuliaq
** Station Number: 068
** Station Name: DBO3.8
** Bottom Depth: 50
** Operator: SD
# nquan = 22
# nvalues = 1127                                  
# units = specified
# name 0 = depSM: Depth [salt water, m]
# name 1 = latitude: Latitude [deg]
# name 2 = longitude: Longitude [deg]
# name 3 = prDM: Pressure, Digiquartz [db]
# name 4 = t090C: Temperature [ITS-90, deg C]
# name 5 = t190C: Temperature, 2 [ITS-90, deg C]
# name 6 = potemp090C: Potential Temperature [ITS-90, deg C]
# name 7 = sal00: Salinity, Practical [PSU]
# name 8 = sal11: Salinity, Practical, 2 [PSU]
# name 9 = density00: Density [density, kg/m^3]
# name 10 = sigma-é00: Density [sigma-theta, kg/m^3]
# name 11 = sbox0Mm/Kg: Oxygen, SBE 43 [umol/kg]
# name 12 = sbox1Mm/Kg: Oxygen, SBE 43, 2 [umol/kg]
# name 13 = oxsolMm/Kg: Oxygen Saturation, Garcia & Gordon [umol/kg]
# name 14 = sbeox0PS: Oxygen, SBE 43 [% saturation]
# name 15 = v0: Voltage 0
# name 16 = flECO-AFL: Fluorescence, WET Labs ECO-AFL/FL [mg/m^3]
# name 17 = CStarAt0: Beam Attenuation, WET Labs C-Star [1/m]
# name 18 = par: PAR/Irradiance, Biospherical/Licor
# name 19 = scan: Scan Count
# name 20 = nbf: Bottles Fired
# name 21 = flag:  0.000e+00
# interval = seconds: 0.0416667
# start_time = Sep 29 2023 21:45:22 [NMEA time, first data scan]
# bad_flag = -9.990e-29
*END*
[from data line 988]
      2.246   67.67714 -168.95014      2.269     3.1388     3.1538     3.1387    26.1259    26.1399  1020.8102    20.7995    332.786    316.503  343.83058     96.788     0.1770     0.7143     0.7061 1.5967e+02      26899         21  0.000e+00
      2.246   67.67714 -168.95014      2.269     3.1380     3.1542     3.1379    26.1261    26.1398  1020.8104    20.7996    332.916    316.708  343.83710     96.824     0.1770     0.7143     0.7061 1.6012e+02      26900         21  0.000e+00
      2.246   67.67714 -168.95014      2.269     3.1368     3.1547     3.1367    26.1264    26.1398  1020.8108    20.8000    332.930    316.507  343.84580     96.825     0.1770     0.7143     0.7061 1.6012e+02      26901         21  0.000e+00
      2.246   67.67714 -168.95014      2.269     3.1356     3.1541     3.1355    26.1274    26.1399  1020.8116    20.8008    332.944    316.695  343.85397     96.827     0.1783     0.7216     0.7061 1.6148e+02      26902         21  0.000e+00
      2.246   67.67714 -168.95014      2.269     3.1345     3.1538     3.1344    26.1281    26.1400  1020.8122    20.8015    332.957    316.521  343.86174     96.829     0.1770     0.7143     0.7061 1.6148e+02      26903         21  0.000e+00
      2.246   67.67714 -168.95014      2.269     3.1339     3.1535     3.1338    26.1285    26.1394  1020.8126    20.8019    332.966    316.504  343.86565     96.830     0.1783     0.7216     0.7073 1.6148e+02      26904         21  0.000e+00
      2.246   67.67714 -168.95014      2.269     3.1333     3.1538     3.1332    26.1294    26.1387  1020.8134    20.8026    332.975    316.480  343.86898     96.832     0.1770     0.7143     0.7061 1.6057e+02      26905         21  0.000e+00
      2.246   67.67714 -168.95014      2.269     3.1333     3.1541     3.1332    26.1298    26.1383  1020.8137    20.8030    332.978    316.455  343.86777     96.833     0.1783     0.7216     0.7061 1.6057e+02      26906         21  0.000e+00
      2.308   67.67714 -168.95014      2.331     3.1336     3.1544     3.1335    26.1302    26.1383  1020.8143    20.8032    332.981    316.658  343.86399     96.835     0.1770     0.7143     0.7061 1.6012e+02      26907         21  0.000e+00
      2.246   67.67714 -168.95014      2.269     3.1340     3.1547     3.1339    26.1309    26.1387  1020.8146    20.8038    332.977    316.471  343.85843     96.836     0.1783     0.7216     0.7061 1.5744e+02      26908         21  0.000e+00
      2.246   67.67714 -168.95014      2.269     3.1345     3.1544     3.1344    26.1312    26.1390  1020.8147    20.8040    332.939    316.472  343.85363     96.826     0.1770     0.7143     0.7061 1.5568e+02      26909         21  0.000e+00
      2.246   67.67714 -168.95014      2.269     3.1351     3.1545     3.1350    26.1310    26.1390  1020.8145    20.8037    332.899    316.470  343.84871     96.816     0.1795     0.7289     0.7061 1.5568e+02      26910         21  0.000e+00
      2.308   67.67714 -168.95014      2.331     3.1358     3.1532     3.1357    26.1300    26.1397  1020.8139    20.8029    332.900    316.458  343.84583     96.817     0.1783     0.7216     0.7061 1.5222e+02      26911         21  0.000e+00
      2.246   67.67714 -168.95014      2.269     3.1366     3.1497     3.1365    26.1295    26.1420  1020.8132    20.8025    332.892    316.454  343.84008     96.816     0.1795     0.7289     0.7061 1.4925e+02      26912         21  0.000e+00
      2.308   67.67714 -168.95014      2.331     3.1372     3.1461     3.1371    26.1298    26.1444  1020.8137    20.8027    332.852    316.481  343.83428     96.806     0.1783     0.7216     0.7073 1.4883e+02      26913         21  0.000e+00
      2.308   67.67714 -168.95014      2.331     3.1381     3.1444     3.1380    26.1296    26.1450  1020.8135    20.8025    332.844    316.491  343.82644     96.806     0.1795     0.7289     0.7073 1.4675e+02      26914         21  0.000e+00
      2.308   67.67714 -168.95014      2.331     3.1386     3.1471     3.1385    26.1301    26.1433  1020.8138    20.8028    332.574    316.469  343.82117     96.729     0.1783     0.7216     0.7085 1.4429e+02      26915         21  0.000e+00
      2.192   67.67714 -168.95014      2.215     3.1392     3.1510     3.1391    26.1304    26.1418  1020.8135    20.8030    332.753    316.430  343.81482     96.782     0.1783     0.7216     0.7085 1.4348e+02      26916         21  0.000e+00
      2.339   67.67714 -168.95014      2.363     3.1401     3.1533     3.1400    26.1298    26.1415  1020.8136    20.8024    332.789    316.413  343.80861     96.795     0.1783     0.7216     0.7085 1.4268e+02      26917         21  0.000e+00
      2.308   67.67714 -168.95014      2.331     3.1410     3.1555     3.1408    26.1298    26.1414  1020.8135    20.8024    332.782    316.390  343.80160     96.795     0.1783     0.7216     0.7073 1.4108e+02      26918         21  0.000e+00
      2.247   67.67714 -168.95014      2.269     3.1414     3.1571     3.1413    26.1297    26.1417  1020.8130    20.8023    332.776    316.369  343.79775     96.794     0.1783     0.7216     0.7085 1.4108e+02      26919         21  0.000e+00
      2.308   67.67714 -168.95014      2.332     3.1418     3.1586     3.1416    26.1296    26.1424  1020.8132    20.8022    332.778    316.353  343.79527     96.795     0.1795     0.7289     0.7085 1.4188e+02      26920         21  0.000e+00
      2.308   67.67714 -168.95014      2.332     3.1413     3.1613     3.1412    26.1314    26.1420  1020.8147    20.8037    332.779    316.328  343.79458     96.796     0.1783     0.7216     0.7085 1.4348e+02      26921         21  0.000e+00
      2.247   67.67714 -168.95014      2.269     3.1411     3.1637     3.1410    26.1326    26.1409  1020.8154    20.8046    332.777    316.101  343.79294     96.796     0.1783     0.7216     0.7085 1.4389e+02      26922         21  0.000e+00
      2.308   67.67714 -168.95014      2.332     3.1416     3.1659     3.1415    26.1330    26.1401  1020.8160    20.8049    332.775    316.036  343.78765     96.797     0.1783     0.7216     0.7085 1.4511e+02      26923         21  0.000e+00
      2.308   67.67714 -168.95014      2.332     3.1431     3.1672     3.1430    26.1320    26.1401  1020.8151    20.8040    332.765    315.975  343.77692     96.797     0.1795     0.7289     0.7085 1.4925e+02      26924         21  0.000e+00
      2.308   67.67714 -168.95014      2.332     3.1447     3.1685     3.1446    26.1300    26.1401  1020.8134    20.8023    332.982    315.939  343.76837     96.862     0.1783     0.7216     0.7085 1.5051e+02      26925         21  0.000e+00
      2.247   67.67714 -168.95014      2.269     3.1455     3.1689     3.1454    26.1296    26.1391  1020.8127    20.8019    332.783    315.886  343.76315     96.806     0.1795     0.7289     0.7085 1.5136e+02      26926         21  0.000e+00
      2.308   67.67714 -168.95014      2.332     3.1466     3.1667     3.1465    26.1294    26.1386  1020.8128    20.8017    332.776    315.683  343.75379     96.806     0.1783     0.7216     0.7085 1.5437e+02      26927         21  0.000e+00
      2.309   67.67714 -168.95014      2.332     3.1471     3.1644     3.1470    26.1291    26.1391  1020.8125    20.8014    332.772    315.859  343.75057     96.806     0.1795     0.7289     0.7085 1.5656e+02      26928         21  0.000e+00
      2.247   67.67714 -168.95014      2.270     3.1471     3.1627     3.1470    26.1287    26.1399  1020.8119    20.8011    332.770    315.646  343.75153     96.805     0.1783     0.7216     0.7085 1.5656e+02      26929         21  0.000e+00
      2.309   67.67714 -168.95014      2.332     3.1471     3.1606     3.1470    26.1286    26.1408  1020.8121    20.8010    332.773    315.622  343.75188     96.806     0.1795     0.7289     0.7085 1.5922e+02      26930         21  0.000e+00
      2.247   67.67714 -168.95014      2.270     3.1463     3.1577     3.1462    26.1294    26.1419  1020.8125    20.8017    332.776    315.626  343.75655     96.806     0.1783     0.7216     0.7085 1.6057e+02      26931         21  0.000e+00
      2.309   67.67714 -168.95014      2.332     3.1461     3.1541     3.1460    26.1303    26.1425  1020.8135    20.8024    332.778    315.645  343.75571     96.807     0.1795     0.7289     0.7085 1.6103e+02      26932         21  0.000e+00
      2.247   67.67714 -168.95014      2.270     3.1469     3.1506     3.1468    26.1308    26.1434  1020.8135    20.8028    332.767    315.661  343.74798     96.806     0.1783     0.7216     0.7085 1.6103e+02      26933         21  0.000e+00
      2.309   67.67714 -168.95014      2.332     3.1482     3.1487     3.1481    26.1305    26.1434  1020.8136    20.8025    332.532    315.649  343.73757     96.740     0.1795     0.7289     0.7085 1.6148e+02      26934         21  0.000e+00
      2.247   67.67714 -168.95014      2.270     3.1488     3.1480     3.1487    26.1304    26.1423  1020.8131    20.8024    332.715    315.624  343.73231     96.795     0.1783     0.7216     0.7073 1.6148e+02      26935         21  0.000e+00
      2.309   67.67714 -168.95014      2.332     3.1488     3.1468     3.1487    26.1298    26.1423  1020.8129    20.8018    332.721    315.382  343.73406     96.796     0.1807     0.7362     0.7073 1.6194e+02      26936         21  0.000e+00
      2.247   67.67714 -168.95014      2.270     3.1478     3.1463     3.1477    26.1291    26.1418  1020.8121    20.8014    332.731    315.539  343.74406     96.796     0.1795     0.7289     0.7073 1.6194e+02      26937         21  0.000e+00
      2.247   67.67714 -168.95014      2.270     3.1471     3.1461     3.1470    26.1291    26.1413  1020.8122    20.8014    332.739    315.290  343.75050     96.797     0.1807     0.7362     0.7073 1.6194e+02      26938         21  0.000e+00
      2.247   67.67714 -168.95014      2.270     3.1461     3.1452     3.1460    26.1302    26.1411  1020.8131    20.8023    332.747    315.456  343.75601     96.798     0.1795     0.7289     0.7073 1.6239e+02      26939         21  0.000e+00
      2.196   67.67714 -168.95014      2.218     3.1460     3.1104     3.1459    26.1276    26.1443  1020.8108    20.8003    332.551    316.205  343.76407     96.738     0.1819     0.7436     0.7061 1.5264e+02      27055         22  0.000e+00
      2.227   67.67714 -168.95014      2.250     3.1450     3.1107     3.1449    26.1277    26.1447  1020.8111    20.8004    332.531    315.988  343.77222     96.730     0.1819     0.7436     0.7073 1.5700e+02      27056         22  0.000e+00
      2.196   67.67714 -168.95014      2.218     3.1439     3.1106     3.1438    26.1275    26.1455  1020.8109    20.8004    332.320    316.156  343.78183     96.666     0.1819     0.7436     0.7061 1.5833e+02      27057         22  0.000e+00
      2.250   67.67714 -168.95014      2.273     3.1428     3.1109     3.1427    26.1281    26.1450  1020.8117    20.8009    332.529    315.946  343.78993     96.725     0.1807     0.7362     0.7073 1.5922e+02      27058         22  0.000e+00
      2.196   67.67714 -168.95014      2.218     3.1416     3.1100     3.1415    26.1288    26.1448  1020.8121    20.8015    332.544    315.898  343.79879     96.726     0.1819     0.7436     0.7073 1.6194e+02      27059         22  0.000e+00
      2.250   67.67714 -168.95014      2.273     3.1406     3.1078     3.1405    26.1291    26.1450  1020.8126    20.8018    332.562    316.092  343.80632     96.730     0.1807     0.7362     0.7073 1.6285e+02      27060         22  0.000e+00
      2.196   67.67714 -168.95014      2.219     3.1393     3.1062     3.1392    26.1295    26.1452  1020.8128    20.8022    332.352    315.896  343.81627     96.666     0.1819     0.7436     0.7073 1.6285e+02      27061         22  0.000e+00
      2.250   67.67714 -168.95014      2.273     3.1384     3.1058     3.1383    26.1303    26.1452  1020.8138    20.8030    332.334    315.851  343.82187     96.659     0.1807     0.7362     0.7073 1.6423e+02      27062         22  0.000e+00
      2.196   67.67714 -168.95014      2.219     3.1375     3.1056     3.1374    26.1314    26.1451  1020.8145    20.8039    332.539    315.825  343.82722     96.717     0.1783     0.7216     0.7073 1.6469e+02      27063         22  0.000e+00
      2.250   67.67714 -168.95014      2.273     3.1378     3.1058     3.1377    26.1309    26.1448  1020.8143    20.8035    332.324    315.804  343.82594     96.655     0.1770     0.7143     0.7073 1.6469e+02      27064         22  0.000e+00
      2.196   67.67714 -168.95014      2.219     3.1384     3.1059     3.1383    26.1303    26.1449  1020.8135    20.8029    332.293    315.778  343.82199     96.647     0.1758     0.7069     0.7073 1.6609e+02      27065         22  0.000e+00
      2.196   67.67714 -168.95014      2.219     3.1392     3.1062     3.1391    26.1296    26.1449  1020.8129    20.8024    332.491    315.959  343.81678     96.706     0.1770     0.7143     0.7073 1.6609e+02      27066         22  0.000e+00
      2.251   67.67714 -168.95014      2.273     3.1391     3.1061     3.1390    26.1301    26.1451  1020.8135    20.8027    332.507    315.967  343.81704     96.710     0.1758     0.7069     0.7073 1.6609e+02      27067         22  0.000e+00
      2.197   67.67714 -168.95014      2.219     3.1383     3.1062     3.1382    26.1303    26.1454  1020.8135    20.8030    332.525    315.765  343.82322     96.714     0.1770     0.7143     0.7073 1.6562e+02      27068         22  0.000e+00
      2.197   67.67714 -168.95014      2.219     3.1376     3.1073     3.1375    26.1302    26.1451  1020.8135    20.8030    332.545    315.741  343.82897     96.718     0.1758     0.7069     0.7073 1.6562e+02      27069         22  0.000e+00
      2.251   67.67714 -168.95014      2.273     3.1373     3.1092     3.1372    26.1308    26.1437  1020.8142    20.8034    332.562    315.716  343.83037     96.723     0.1770     0.7143     0.7073 1.6562e+02      27070         22  0.000e+00
      2.197   67.67714 -168.95014      2.219     3.1366     3.1093     3.1365    26.1317    26.1440  1020.8148    20.8042    332.578    315.700  343.83434     96.726     0.1758     0.7069     0.7061 1.6423e+02      27071         22  0.000e+00
      2.251   67.67714 -168.95014      2.273     3.1359     3.1100     3.1358    26.1326    26.1440  1020.8158    20.8050    332.598    315.687  343.83754     96.731     0.1770     0.7143     0.7073 1.6285e+02      27072         22  0.000e+00
      2.197   67.67714 -168.95014      2.219     3.1350     3.1100     3.1349    26.1341    26.1446  1020.8167    20.8062    332.615    315.676  343.84206     96.735     0.1758     0.7069     0.7073 1.6239e+02      27073         22  0.000e+00
      2.197   67.67714 -168.95014      2.219     3.1353     3.1106     3.1352    26.1346    26.1444  1020.8172    20.8066    332.849    315.665  343.83729     96.804     0.1770     0.7143     0.7073 1.6012e+02      27074         22  0.000e+00
      2.251   67.67714 -168.95014      2.273     3.1356     3.1121     3.1355    26.1344    26.1429  1020.8172    20.8065    332.671    315.653  343.83553     96.753     0.1758     0.7069     0.7073 1.5700e+02      27075         22  0.000e+00
      2.197   67.67714 -168.95014      2.219     3.1348     3.1124     3.1347    26.1345    26.1431  1020.8171    20.8066    332.688    315.646  343.84217     96.756     0.1770     0.7143     0.7085 1.5656e+02      27076         22  0.000e+00
      2.197   67.67714 -168.95014      2.219     3.1342     3.1106     3.1341    26.1347    26.1440  1020.8173    20.8068    332.669    315.660  343.84727     96.749     0.1758     0.7069     0.7085 1.5481e+02      27077         22  0.000e+00
      2.197   67.67714 -168.95014      2.219     3.1339     3.1078     3.1338    26.1342    26.1455  1020.8169    20.8064    332.683    315.683  343.85096     96.752     0.1770     0.7143     0.7085 1.5179e+02      27078         22  0.000e+00
