EcoFOCI/data/1_SampleCollection/2023_SikuliaqDBO_CruiseData/CTD_raw_BottleFile_SKQ23-12S/proc/skq202312s_079svp.cnv
* Sea-Bird SBE 9 Data File:
* FileName = D:\CTD\SKQ202312S\SKQ202312S_079.hex
* Software Version Seasave V 7.26.7.121
* Temperature SN = 6177
* Conductivity SN = 0369
* Number of Bytes Per Scan = 41
* Number of Voltage Words = 4
* Number of Scans Averaged by the Deck Unit = 1
* NMEA Latitude = 65 44.28 N
* NMEA Longitude = 168 38.83 W
* NMEA UTC (Time) = Oct 03 2023  07:05:08
* NMEA baud rate = 4800
** Ship: R/V Sikuliaq
** Station Number: 079
** Station Name: BS6
** Bottom Depth: 51
** Operator: SD
# nquan = 7
# nvalues = 5201                                  
# units = specified
# name 0 = depSM: Depth [salt water, m]
# name 1 = latitude: Latitude [deg]
# name 2 = longitude: Longitude [deg]
# name 3 = t090C: Temperature [ITS-90, deg C]
# name 4 = sal00: Salinity, Practical [PSU]
# name 5 = svCM: Sound Velocity [Chen-Millero, m/s]
# name 6 = flag:  0.000e+00
# span 0 =      2.896,     46.217                 
# span 1 =   65.73778,   65.73788                 
# span 2 = -168.64800, -168.64748                 
# span 3 =     2.8054,     6.2234                 
# span 4 =    26.2108,    32.5771                 
# span 5 =    1456.41,    1469.77                 
# span 6 = 0.0000e+00, 0.0000e+00                 
# interval = seconds: 0.0416667
# start_time = Oct 03 2023 07:08:37 [NMEA time, first data scan]
# bad_flag = -9.990e-29
*END*
      3.074   65.73788 -168.64748     6.1206    26.2149    1464.21  0.000e+00
      3.012   65.73788 -168.64748     6.1202    26.2149    1464.21  0.000e+00
      3.074   65.73788 -168.64748     6.1201    26.2141    1464.21  0.000e+00
      3.074   65.73788 -168.64748     6.1197    26.2144    1464.21  0.000e+00
      3.012   65.73788 -168.64748     6.1197    26.2143    1464.21  0.000e+00
      3.074   65.73788 -168.64748     6.1195    26.2141    1464.21  0.000e+00
      3.012   65.73788 -168.64748     6.1192    26.2136    1464.20  0.000e+00
      3.074   65.73788 -168.64748     6.1196    26.2134    1464.21  0.000e+00
      3.012   65.73788 -168.64748     6.1191    26.2143    1464.20  0.000e+00
      3.074   65.73788 -168.64748     6.1192    26.2141    1464.21  0.000e+00
      3.012   65.73788 -168.64748     6.1194    26.2139    1464.21  0.000e+00
      3.012   65.73788 -168.64748     6.1191    26.2144    1464.20  0.000e+00
      3.074   65.73788 -168.64748     6.1194    26.2148    1464.21  0.000e+00
      3.012   65.73788 -168.64748     6.1189    26.2161    1464.21  0.000e+00
      3.012   65.73788 -168.64748     6.1192    26.2161    1464.21  0.000e+00
      3.012   65.73788 -168.64748     6.1191    26.2165    1464.21  0.000e+00
      3.074   65.73788 -168.64748     6.1192    26.2182    1464.21  0.000e+00
      3.012   65.73788 -168.64748     6.1192    26.2192    1464.21  0.000e+00
      3.012   65.73788 -168.64748     6.1192    26.2189    1464.21  0.000e+00
      3.012   65.73788 -168.64748     6.1194    26.2184    1464.21  0.000e+00
      3.074   65.73788 -168.64748     6.1192    26.2176    1464.21  0.000e+00
      3.012   65.73788 -168.64748     6.1192    26.2178    1464.21  0.000e+00
      3.074   65.73788 -168.64748     6.1191    26.2183    1464.21  0.000e+00
      3.012   65.73788 -168.64748     6.1189    26.2185    1464.21  0.000e+00
      3.074   65.73788 -168.64748     6.1191    26.2192    1464.21  0.000e+00
      3.074   65.73788 -168.64748     6.1189    26.2194    1464.21  0.000e+00
      3.035   65.73788 -168.64748     6.1186    26.2201    1464.21  0.000e+00
      3.128   65.73788 -168.64748     6.1185    26.2211    1464.21  0.000e+00
      3.074   65.73788 -168.64748     6.1183    26.2217    1464.21  0.000e+00
      3.074   65.73788 -168.64748     6.1180    26.2215    1464.21  0.000e+00
      3.074   65.73788 -168.64748     6.1181    26.2222    1464.21  0.000e+00
      3.128   65.73788 -168.64748     6.1178    26.2242    1464.21  0.000e+00
      3.128   65.73788 -168.64748     6.1180    26.2253    1464.22  0.000e+00
      3.074   65.73788 -168.64748     6.1184    26.2263    1464.22  0.000e+00
      3.128   65.73788 -168.64748     6.1189    26.2262    1464.22  0.000e+00
      3.128   65.73788 -168.64748     6.1196    26.2291    1464.23  0.000e+00
      3.189   65.73788 -168.64748     6.1204    26.2326    1464.24  0.000e+00
      3.128   65.73788 -168.64748     6.1208    26.2370    1464.24  0.000e+00
      3.189   65.73788 -168.64748     6.1217    26.2400    1464.25  0.000e+00
      3.189   65.73788 -168.64748     6.1223    26.2426    1464.26  0.000e+00
      3.189   65.73788 -168.64748     6.1231    26.2429    1464.26  0.000e+00
      3.189   65.73788 -168.64748     6.1234    26.2426    1464.26  0.000e+00
      3.189   65.73788 -168.64748     6.1238    26.2431    1464.26  0.000e+00
      3.243   65.73788 -168.64748     6.1239    26.2463    1464.27  0.000e+00
      3.243   65.73788 -168.64748     6.1246    26.2497    1464.28  0.000e+00
      3.243   65.73788 -168.64748     6.1252    26.2548    1464.28  0.000e+00
      3.243   65.73788 -168.64748     6.1257    26.2610    1464.29  0.000e+00
      3.243   65.73788 -168.64748     6.1266    26.2647    1464.30  0.000e+00
      3.297   65.73788 -168.64748     6.1270    26.2701    1464.31  0.000e+00
      3.243   65.73788 -168.64748     6.1277    26.2816    1464.33  0.000e+00
      3.297   65.73788 -168.64748     6.1294    26.2933    1464.35  0.000e+00
      3.297   65.73788 -168.64748     6.1299    26.2967    1464.36  0.000e+00
      3.359   65.73788 -168.64748     6.1308    26.2920    1464.36  0.000e+00
      3.297   65.73788 -168.64748     6.1308    26.2899    1464.35  0.000e+00
      3.297   65.73788 -168.64748     6.1313    26.2958    1464.36  0.000e+00
      3.359   65.73788 -168.64748     6.1317    26.3109    1464.38  0.000e+00
      3.359   65.73788 -168.64748     6.1329    26.3231    1464.40  0.000e+00
      3.266   65.73788 -168.64748     6.1343    26.3275    1464.41  0.000e+00
      3.475   65.73788 -168.64748     6.1353    26.3313    1464.43  0.000e+00
      3.359   65.73788 -168.64748     6.1364    26.3323    1464.43  0.000e+00
      3.413   65.73788 -168.64748     6.1366    26.3277    1464.42  0.000e+00
      3.359   65.73788 -168.64748     6.1368    26.3203    1464.42  0.000e+00
      3.413   65.73788 -168.64748     6.1369    26.3160    1464.41  0.000e+00
      3.413   65.73788 -168.64748     6.1369    26.3157    1464.41  0.000e+00
      3.413   65.73788 -168.64748     6.1372    26.3155    1464.41  0.000e+00
      3.413   65.73788 -168.64748     6.1371    26.3135    1464.41  0.000e+00
      3.413   65.73788 -168.64748     6.1372    26.3132    1464.41  0.000e+00
      3.413   65.73788 -168.64748     6.1372    26.3213    1464.42  0.000e+00
      3.413   65.73788 -168.64748     6.1377    26.3305    1464.43  0.000e+00
      3.475   65.73788 -168.64748     6.1379    26.3305    1464.43  0.000e+00
      3.413   65.73788 -168.64748     6.1379    26.3272    1464.43  0.000e+00
      3.413   65.73788 -168.64748     6.1380    26.3232    1464.43  0.000e+00
      3.475   65.73788 -168.64748     6.1379    26.3211    1464.42  0.000e+00
      3.475   65.73788 -168.64748     6.1379    26.3214    1464.42  0.000e+00
      3.413   65.73788 -168.64748     6.1377    26.3249    1464.43  0.000e+00
      3.475   65.73788 -168.64748     6.1380    26.3264    1464.43  0.000e+00
      3.475   65.73788 -168.64748     6.1382    26.3266    1464.43  0.000e+00
      3.413   65.73788 -168.64748     6.1380    26.3290    1464.43  0.000e+00
      3.475   65.73788 -168.64748     6.1383    26.3300    1464.44  0.000e+00
      3.475   65.73788 -168.64748     6.1387    26.3305    1464.44  0.000e+00
      3.475   65.73788 -168.64748     6.1387    26.3300    1464.44  0.000e+00
      3.475   65.73788 -168.64748     6.1387    26.3287    1464.44  0.000e+00
      3.475   65.73788 -168.64748     6.1388    26.3280    1464.44  0.000e+00
      3.475   65.73788 -168.64748     6.1383    26.3268    1464.43  0.000e+00
      3.475   65.73788 -168.64748     6.1382    26.3249    1464.43  0.000e+00
      3.475   65.73788 -168.64748     6.1377    26.3245    1464.43  0.000e+00
      3.475   65.73788 -168.64748     6.1375    26.3280    1464.43  0.000e+00
      3.413   65.73788 -168.64748     6.1377    26.3326    1464.44  0.000e+00
      3.475   65.73788 -168.64748     6.1380    26.3347    1464.44  0.000e+00
      3.475   65.73788 -168.64748     6.1382    26.3343    1464.44  0.000e+00
      3.475   65.73788 -168.64748     6.1385    26.3289    1464.44  0.000e+00
      3.475   65.73788 -168.64748     6.1382    26.3159    1464.42  0.000e+00
      3.413   65.73788 -168.64748     6.1374    26.3048    1464.40  0.000e+00
      3.475   65.73788 -168.64748     6.1366    26.3033    1464.40  0.000e+00
      3.436   65.73788 -168.64748     6.1358    26.3023    1464.39  0.000e+00
      3.413   65.73788 -168.64748     6.1348    26.3069    1464.39  0.000e+00
      3.475   65.73788 -168.64748     6.1347    26.3226    1464.41  0.000e+00
      3.413   65.73788 -168.64748     6.1358    26.3385    1464.44  0.000e+00
      3.413   65.73788 -168.64748     6.1372    26.3472    1464.45  0.000e+00
      3.413   65.73788 -168.64748     6.1380    26.3479    1464.46  0.000e+00
      3.413   65.73788 -168.64748     6.1390    26.3460    1464.46  0.000e+00
      3.413   65.73788 -168.64748     6.1393    26.3457    1464.46  0.000e+00
      3.413   65.73788 -168.64748     6.1398    26.3474    1464.46  0.000e+00
      3.359   65.73788 -168.64748     6.1401    26.3476    1464.46  0.000e+00
      3.359   65.73788 -168.64748     6.1401    26.3474    1464.46  0.000e+00
      3.359   65.73788 -168.64748     6.1403    26.3467    1464.46  0.000e+00
      3.413   65.73788 -168.64748     6.1402    26.3456    1464.46  0.000e+00
      3.297   65.73788 -168.64748     6.1401    26.3453    1464.46  0.000e+00
      3.359   65.73788 -168.64748     6.1401    26.3461    1464.46  0.000e+00
      3.297   65.73788 -168.64748     6.1401    26.3494    1464.46  0.000e+00
      3.359   65.73788 -168.64748     6.1404    26.3524    1464.47  0.000e+00
      3.297   65.73788 -168.64748     6.1404    26.3539    1464.47  0.000e+00
      3.297   65.73788 -168.64748     6.1406    26.3544    1464.47  0.000e+00
      3.243   65.73788 -168.64748     6.1404    26.3581    1464.48  0.000e+00
      3.297   65.73788 -168.64748     6.1406    26.3604    1464.48  0.000e+00
      3.243   65.73788 -168.64748     6.1410    26.3543    1464.47  0.000e+00
      3.243   65.73788 -168.64748     6.1409    26.3427    1464.46  0.000e+00
      3.243   65.73788 -168.64748     6.1406    26.3271    1464.44  0.000e+00
      3.243   65.73788 -168.64748     6.1399    26.3049    1464.41  0.000e+00
      3.189   65.73788 -168.64748     6.1390    26.2839    1464.38  0.000e+00
      3.189   65.73788 -168.64748     6.1380    26.2793    1464.37  0.000e+00
      3.189   65.73788 -168.64750     6.1372    26.2776    1464.36  0.000e+00
      3.189   65.73788 -168.64750     6.1361    26.2631    1464.34  0.000e+00
      3.128   65.73788 -168.64750     6.1342    26.2391    1464.30  0.000e+00
      3.189   65.73788 -168.64750     6.1323    26.2188    1464.27  0.000e+00
      3.074   65.73788 -168.64750     6.1305    26.2113    1464.25  0.000e+00
      3.128   65.73788 -168.64750     6.1290    26.2108    1464.24  0.000e+00
      3.151   65.73788 -168.64750     6.1286    26.2212    1464.25  0.000e+00
      3.074   65.73788 -168.64750     6.1286    26.2399    1464.28  0.000e+00
      3.074   65.73788 -168.64750     6.1287    26.2471    1464.29  0.000e+00
      3.074   65.73788 -168.64750     6.1295    26.2484    1464.29  0.000e+00
      3.074   65.73788 -168.64750     6.1304    26.2501    1464.30  0.000e+00
      3.012   65.73788 -168.64750     6.1313    26.2653    1464.32  0.000e+00
      3.012   65.73788 -168.64750     6.1321    26.2781    1464.34  0.000e+00
      3.012   65.73788 -168.64750     6.1327    26.2746    1464.34  0.000e+00
      3.074   65.73788 -168.64750     6.1331    26.2720    1464.34  0.000e+00
      2.958   65.73788 -168.64750     6.1336    26.2842    1464.35  0.000e+00
      3.012   65.73788 -168.64750     6.1347    26.3057    1464.38  0.000e+00
      2.958   65.73788 -168.64750     6.1358    26.3230    1464.41  0.000e+00
      2.958   65.73788 -168.64750     6.1366    26.3324    1464.42  0.000e+00
      2.958   65.73788 -168.64750     6.1374    26.3367    1464.43  0.000e+00
      3.012   65.73788 -168.64750     6.1380    26.3400    1464.44  0.000e+00
      2.896   65.73788 -168.64750     6.1388    26.3442    1464.45  0.000e+00
      2.958   65.73788 -168.64750     6.1395    26.3497    1464.46  0.000e+00
      2.958   65.73788 -168.64750     6.1401    26.3545    1464.47  0.000e+00
      2.896   65.73788 -168.64750     6.1407    26.3585    1464.47  0.000e+00
      2.958   65.73788 -168.64750     6.1411    26.3607    1464.48  0.000e+00
      2.896   65.73788 -168.64750     6.1414    26.3619    1464.48  0.000e+00
      2.958   65.73788 -168.64750     6.1417    26.3633    1464.48  0.000e+00
      2.896   65.73788 -168.64750     6.1420    26.3659    1464.49  0.000e+00
      2.896   65.73788 -168.64750     6.1420    26.3682    1464.49  0.000e+00
      2.896   65.73788 -168.64750     6.1424    26.3697    1464.49  0.000e+00
      2.958   65.73788 -168.64750     6.1427    26.3696    1464.49  0.000e+00
      2.896   65.73788 -168.64750     6.1426    26.3702    1464.49  0.000e+00
      2.919   65.73788 -168.64750     6.1430    26.3710    1464.50  0.000e+00
      2.896   65.73788 -168.64750     6.1430    26.3723    1464.50  0.000e+00
      2.896   65.73788 -168.64750     6.1433    26.3737    1464.50  0.000e+00
      2.958   65.73788 -168.64750     6.1436    26.3742    1464.50  0.000e+00
      2.896   65.73788 -168.64750     6.1435    26.3751    1464.50  0.000e+00
      2.896   65.73788 -168.64750     6.1439    26.3760    1464.51  0.000e+00
      2.958   65.73788 -168.64750     6.1441    26.3737    1464.51  0.000e+00
      2.896   65.73788 -168.64750     6.1445    26.3665    1464.50  0.000e+00
      2.958   65.73788 -168.64750     6.1443    26.3576    1464.49  0.000e+00
      2.958   65.73788 -168.64750     6.1436    26.3505    1464.47  0.000e+00
      2.958   65.73788 -168.64750     6.1433    26.3465    1464.47  0.000e+00
      2.958   65.73788 -168.64750     6.1430    26.3439    1464.46  0.000e+00
      2.958   65.73788 -168.64750     6.1425    26.3398    1464.46  0.000e+00
      2.958   65.73788 -168.64750     6.1417    26.3341    1464.45  0.000e+00
      2.958   65.73788 -168.64750     6.1410    26.3309    1464.44  0.000e+00
      3.012   65.73788 -168.64750     6.1409    26.3306    1464.44  0.000e+00
      3.012   65.73788 -168.64750     6.1406    26.3320    1464.44  0.000e+00
      3.012   65.73788 -168.64750     6.1404    26.3330    1464.44  0.000e+00
      3.012   65.73788 -168.64750     6.1400    26.3297    1464.43  0.000e+00
      3.012   65.73788 -168.64750     6.1396    26.3217    1464.42  0.000e+00
      3.012   65.73788 -168.64750     6.1393    26.3194    1464.42  0.000e+00
      3.074   65.73788 -168.64750     6.1392    26.3238    1464.42  0.000e+00
      3.074   65.73788 -168.64750     6.1393    26.3295    1464.43  0.000e+00
      3.074   65.73788 -168.64750     6.1393    26.3338    1464.44  0.000e+00
      3.074   65.73788 -168.64750     6.1393    26.3365    1464.44  0.000e+00
      3.074   65.73788 -168.64750     6.1395    26.3370    1464.44  0.000e+00
      3.074   65.73788 -168.64750     6.1396    26.3366    1464.44  0.000e+00
      3.097   65.73788 -168.64750     6.1396    26.3373    1464.44  0.000e+00
      3.189   65.73788 -168.64750     6.1398    26.3348    1464.44  0.000e+00
      3.128   65.73788 -168.64750     6.1396    26.3305    1464.44  0.000e+00
      3.189   65.73788 -168.64750     6.1393    26.3250    1464.43  0.000e+00
      3.243   65.73788 -168.64750     6.1388    26.3193    1464.42  0.000e+00
      3.243   65.73788 -168.64750     6.1385    26.3149    1464.41  0.000e+00
      3.243   65.73788 -168.64750     6.1380    26.3135    1464.41  0.000e+00
      3.297   65.73788 -168.64750     6.1374    26.3139    1464.41  0.000e+00
      3.297   65.73788 -168.64750     6.1369    26.3120    1464.40  0.000e+00
      3.297   65.73788 -168.64750     6.1364    26.3073    1464.40  0.000e+00
      3.359   65.73788 -168.64750     6.1356    26.3004    1464.39  0.000e+00
      3.359   65.73788 -168.64750     6.1350    26.2942    1464.38  0.000e+00
      3.359   65.73788 -168.64750     6.1343    26.2888    1464.37  0.000e+00
      3.413   65.73788 -168.64750     6.1339    26.2822    1464.36  0.000e+00
      3.413   65.73788 -168.64750     6.1330    26.2757    1464.35  0.000e+00
      3.413   65.73788 -168.64750     6.1329    26.2751    1464.34  0.000e+00
      3.475   65.73788 -168.64750     6.1326    26.2793    1464.35  0.000e+00
      3.475   65.73788 -168.64750     6.1326    26.2790    1464.35  0.000e+00
      3.475   65.73788 -168.64750     6.1322    26.2726    1464.34  0.000e+00
      3.529   65.73788 -168.64750     6.1321    26.2657    1464.33  0.000e+00
      3.529   65.73788 -168.64750     6.1321    26.2622    1464.33  0.000e+00
      3.590   65.73788 -168.64750     6.1318    26.2667    1464.33  0.000e+00
      3.529   65.73788 -168.64750     6.1321    26.2842    1464.35  0.000e+00
      3.590   65.73788 -168.64750     6.1329    26.3039    1464.38  0.000e+00
