EcoFOCI/data/1_SampleCollection/2023_SikuliaqDBO_CruiseData/CTD_raw_BottleFile_SKQ23-12S/proc/skq202312s_067.cnv
* Sea-Bird SBE 9 Data File:
* FileName = D:\CTD\SKQ202312S\SKQ202312S_067.hex
* Software Version Seasave V 7.26.7.121
* Temperature SN = 6177
* Conductivity SN = 0369
* Number of Bytes Per Scan = 41
* Number of Voltage Words = 4
* Number of Scans Averaged by the Deck Unit = 1
* NMEA Latitude = 72 18.60 N
* NMEA Longitude = 167 16.17 W
* NMEA UTC (Time) = Sep 28 2023  14:28:44
* NMEA baud rate = 4800
** Ship: R/V Sikuliaq
** Station Number: 067
** Station Name: C15
** Bottom Depth: 49
** Operator: SD
# nquan = 24
# nvalues = 4750                                  
# units = specified
# name 0 = depSM: Depth [salt water, m]
# name 1 = latitude: Latitude [deg]
# name 2 = longitude: Longitude [deg]
# name 3 = prDM: Pressure, Digiquartz [db]
# name 4 = t090C: Temperature [ITS-90, deg C]
# name 5 = t190C: Temperature, 2 [ITS-90, deg C]
# name 6 = potemp090C: Potential Temperature [ITS-90, deg C]
# name 7 = sal00: Salinity, Practical [PSU]
# name 8 = sal11: Salinity, Practical, 2 [PSU]
# name 9 = density00: Density [density, kg/m^3]
# name 10 = sigma-é00: Density [sigma-theta, kg/m^3]
# name 11 = sbox0Mm/Kg: Oxygen, SBE 43 [umol/kg]
# name 12 = sbox1Mm/Kg: Oxygen, SBE 43, 2 [umol/kg]
# name 13 = oxsolMm/Kg: Oxygen Saturation, Garcia & Gordon [umol/kg]
# name 14 = sbeox0PS: Oxygen, SBE 43 [% saturation]
# name 15 = sbeox1PS: Oxygen, SBE 43, 2 [% saturation]
# name 16 = v0: Voltage 0
# name 17 = flECO-AFL: Fluorescence, WET Labs ECO-AFL/FL [mg/m^3]
# name 18 = v1: Voltage 1
# name 19 = CStarAt0: Beam Attenuation, WET Labs C-Star [1/m]
# name 20 = par: PAR/Irradiance, Biospherical/Licor
# name 21 = scan: Scan Count
# name 22 = timeM: Time, Elapsed [minutes]
# name 23 = flag:  0.000e+00
# span 0 =      2.138,     43.455                 
# span 1 =   72.30998,   72.31000                 
# span 2 = -167.26968, -167.26960                 
# span 3 =      2.160,     43.910                 
# span 4 =     0.6998,     4.8995                 
# span 5 =     0.6981,     4.9047                 
# span 6 =     0.6982,     4.8980                 
# span 7 =    30.7280,    32.5134                 
# span 8 =    30.7410,    32.5106                 
# span 9 =  1024.3957,  1026.1972                 
# span 10 =    24.3821,    26.0287                
# span 11 =    296.657,    317.723                
# span 12 =    279.902,    298.500                
# span 13 =  314.56922,  348.70026                
# span 14 =     85.150,     98.987                
# span 15 =     80.320,     93.064                
# span 16 =     0.0940,     0.1587                
# span 17 =     0.2161,     0.6044                
# span 18 =     2.6142,     4.1783                
# span 19 =     0.4812,     2.3577                
# span 20 = 1.0000e-12, 1.0911e+00                
# span 21 =          1,       4750                
# span 22 =     0.0000,     3.2979                
# span 23 = 0.0000e+00, 0.0000e+00                
# interval = seconds: 0.0416667
# start_time = Sep 28 2023 14:32:23 [NMEA time, first data scan]
# bad_flag = -9.990e-29
*END*
[from data line 4227]
     41.388   72.30998 -167.26966     41.821     0.8035     0.8019     0.8019    32.3858    32.4009  1026.1541    25.9551    299.125    283.335  347.77675     86.011     81.477     0.0952     0.2234     3.0232     1.7760 1.0000e-12       4228     2.9354  0.000e+00
     41.504   72.30998 -167.26966     41.938     0.8029     0.8016     0.8013    32.3859    32.4003  1026.1548    25.9552    298.939    283.334  347.78191     85.956     81.475     0.0952     0.2234     3.0232     1.7760 1.0000e-12       4229     2.9361  0.000e+00
     41.442   72.30998 -167.26966     41.876     0.8024     0.8010     0.8008    32.3854    32.4004  1026.1541    25.9548    298.945    283.300  347.78722     85.956     81.464     0.0952     0.2234     3.0244     1.7744 1.0000e-12       4230     2.9368  0.000e+00
     41.450   72.30998 -167.26966     41.884     0.8019     0.8001     0.8003    32.3852    32.4009  1026.1540    25.9547    298.721    283.297  347.79231     85.891     81.462     0.0952     0.2234     3.0244     1.7744 1.0000e-12       4231     2.9375  0.000e+00
     41.504   72.30998 -167.26966     41.938     0.8009     0.7999     0.7993    32.3861    32.4005  1026.1551    25.9555    298.421    283.291  347.79922     85.803     81.459     0.0940     0.2161     3.0244     1.7744 1.0000e-12       4232     2.9382  0.000e+00
     41.504   72.30998 -167.26966     41.938     0.8004     0.7996     0.7988    32.3862    32.4009  1026.1551    25.9556    298.166    283.283  347.80352     85.728     81.457     0.0952     0.2234     3.0244     1.7744 1.0000e-12       4233     2.9389  0.000e+00
     41.496   72.30998 -167.26966     41.930     0.7999     0.7990     0.7983    32.3859    32.4014  1026.1549    25.9553    299.020    283.276  347.80836     85.973     81.454     0.0965     0.2308     3.0244     1.7744 1.0000e-12       4234     2.9396  0.000e+00
     41.565   72.30998 -167.26966     42.000     0.7992     0.7985     0.7976    32.3864    32.4009  1026.1557    25.9558    298.863    283.274  347.81380     85.926     81.452     0.0952     0.2234     3.0244     1.7744 8.4714e-06       4235     2.9403  0.000e+00
     41.504   72.30998 -167.26966     41.938     0.7988     0.7978     0.7972    32.3864    32.4012  1026.1554    25.9558    298.616    283.267  347.81698     85.854     81.449     0.0952     0.2234     3.0244     1.7744 1.0000e-12       4236     2.9410  0.000e+00
     41.565   72.30998 -167.26966     42.000     0.7982     0.7976     0.7966    32.3862    32.4010  1026.1556    25.9557    298.619    283.233  347.82284     85.854     81.438     0.0952     0.2234     3.0244     1.7744 1.0000e-12       4237     2.9417  0.000e+00
     41.558   72.30998 -167.26966     41.993     0.7979     0.7970     0.7963    32.3861    32.4014  1026.1554    25.9556    298.859    283.226  347.82576     85.922     81.435     0.0952     0.2234     3.0244     1.7744 8.4714e-06       4238     2.9424  0.000e+00
     41.565   72.30998 -167.26966     42.000     0.7973     0.7963     0.7957    32.3867    32.4017  1026.1560    25.9562    298.865    283.220  347.82998     85.923     81.432     0.0940     0.2161     3.0244     1.7744 1.0000e-12       4239     2.9431  0.000e+00
     41.565   72.30998 -167.26966     42.000     0.7968     0.7961     0.7952    32.3868    32.4012  1026.1561    25.9563    298.636    283.212  347.83428     85.856     81.429     0.0952     0.2234     3.0244     1.7744 8.4714e-06       4240     2.9438  0.000e+00
     41.619   72.30998 -167.26966     42.055     0.7964     0.7959     0.7948    32.3864    32.4010  1026.1561    25.9559    298.608    283.204  347.83888     85.847     81.427     0.0965     0.2308     3.0244     1.7744 1.0000e-12       4241     2.9444  0.000e+00
     41.612   72.30998 -167.26966     42.047     0.7960     0.7956     0.7944    32.3863    32.4014  1026.1560    25.9559    298.816    283.167  347.84214     85.906     81.415     0.0952     0.2234     3.0244     1.7744 1.0000e-12       4242     2.9451  0.000e+00
     41.565   72.30998 -167.26966     42.000     0.7956     0.7951     0.7940    32.3867    32.4019  1026.1561    25.9563    298.593    282.945  347.84491     85.841     81.351     0.0952     0.2234     3.0244     1.7744 8.4714e-06       4243     2.9458  0.000e+00
     41.619   72.30998 -167.26966     42.055     0.7951     0.7947     0.7935    32.3870    32.4021  1026.1566    25.9565    298.573    283.123  347.84874     85.834     81.401     0.0952     0.2234     3.0232     1.7760 8.4714e-06       4244     2.9465  0.000e+00
     41.619   72.30998 -167.26966     42.055     0.7947     0.7942     0.7931    32.3878    32.4025  1026.1573    25.9572    299.026    282.904  347.85047     85.964     81.337     0.0952     0.2234     3.0244     1.7744 8.4714e-06       4245     2.9472  0.000e+00
     41.612   72.30998 -167.26966     42.047     0.7941     0.7945     0.7925    32.3879    32.4021  1026.1574    25.9573    298.618    282.865  347.85555     85.845     81.327     0.0940     0.2161     3.0134     1.7889 1.0000e-12       4246     2.9479  0.000e+00
     41.681   72.30998 -167.26966     42.117     0.7939     0.7953     0.7923    32.3881    32.4018  1026.1579    25.9575    298.603    282.826  347.85668     85.841     81.317     0.0952     0.2234     3.0037     1.8019 1.0000e-12       4247     2.9486  0.000e+00
     41.619   72.30998 -167.26966     42.055     0.7936     0.7948     0.7920    32.3879    32.4023  1026.1575    25.9573    298.674    282.792  347.86009     85.861     81.306     0.0940     0.2161     3.0024     1.8035 8.4714e-06       4248     2.9493  0.000e+00
     41.619   72.30998 -167.26966     42.055     0.7933     0.7936     0.7917    32.3882    32.4030  1026.1577    25.9576    298.668    282.767  347.86180     85.858     81.297     0.0952     0.2234     3.0037     1.8019 1.0000e-12       4249     2.9500  0.000e+00
     41.681   72.30998 -167.26966     42.117     0.7933     0.7922     0.7917    32.3880    32.4036  1026.1578    25.9574    298.665    282.775  347.86234     85.857     81.297     0.0965     0.2308     3.0037     1.8019 1.0000e-12       4250     2.9507  0.000e+00
     41.612   72.30998 -167.26966     42.047     0.7929     0.7912     0.7913    32.3886    32.4044  1026.1580    25.9579    298.663    282.749  347.86383     85.856     81.288     0.0952     0.2234     3.0037     1.8019 1.0000e-12       4251     2.9514  0.000e+00
     41.681   72.30998 -167.26966     42.117     0.7931     0.7908     0.7915    32.3886    32.4046  1026.1583    25.9579    298.665    282.936  347.86225     85.857     81.341     0.0977     0.2381     3.0024     1.8035 8.4714e-06       4252     2.9521  0.000e+00
     41.681   72.30998 -167.26966     42.117     0.7929     0.7907     0.7913    32.3884    32.4051  1026.1582    25.9578    298.673    282.751  347.86416     85.859     81.288     0.1001     0.2527     3.0037     1.8019 1.0000e-12       4253     2.9528  0.000e+00
     41.681   72.30998 -167.26966     42.117     0.7931     0.7904     0.7915    32.3879    32.4057  1026.1578    25.9574    298.767    282.964  347.86414     85.886     81.349     0.1026     0.2674     3.0037     1.8019 1.0000e-12       4254     2.9535  0.000e+00
     41.673   72.30998 -167.26966     42.110     0.7927     0.7905     0.7911    32.3887    32.4052  1026.1584    25.9581    299.021    282.993  347.86586     85.959     81.357     0.1013     0.2601     3.0037     1.8019 1.0000e-12       4255     2.9542  0.000e+00
     41.735   72.30998 -167.26966     42.172     0.7927     0.7909     0.7911    32.3889    32.4045  1026.1588    25.9582    298.372    282.996  347.86551     85.772     81.358     0.1013     0.2601     3.0037     1.8019 1.0000e-12       4256     2.9549  0.000e+00
     41.681   72.30998 -167.26966     42.117     0.7925     0.7931     0.7909    32.3892    32.4028  1026.1589    25.9585    298.549    282.981  347.86600     85.823     81.358     0.1001     0.2527     3.0037     1.8019 1.0000e-12       4257     2.9556  0.000e+00
     41.681   72.30998 -167.26966     42.117     0.7924     0.7937     0.7908    32.3894    32.4028  1026.1590    25.9586    298.537    282.767  347.86646     85.819     81.297     0.1026     0.2674     3.0037     1.8019 1.0000e-12       4258     2.9562  0.000e+00
     41.727   72.30998 -167.26966     42.164     0.7925     0.7935     0.7909    32.3897    32.4033  1026.1595    25.9588    298.767    282.747  347.86474     85.886     81.291     0.1026     0.2674     3.0037     1.8019 1.0000e-12       4259     2.9569  0.000e+00
     41.681   72.30998 -167.26966     42.117     0.7922     0.7937     0.7906    32.3896    32.4027  1026.1592    25.9588    298.570    282.722  347.86794     85.828     81.284     0.1013     0.2601     3.0037     1.8019 8.4714e-06       4260     2.9576  0.000e+00
     41.735   72.30998 -167.26966     42.172     0.7922     0.7936     0.7906    32.3898    32.4035  1026.1596    25.9589    298.810    282.729  347.86758     85.898     81.287     0.1026     0.2674     3.0037     1.8019 1.0000e-12       4261     2.9583  0.000e+00
     41.681   72.30998 -167.26966     42.117     0.7922     0.7936     0.7906    32.3895    32.4035  1026.1591    25.9587    298.855    282.947  347.86817     85.910     81.349     0.1013     0.2601     3.0037     1.8019 1.0000e-12       4262     2.9590  0.000e+00
     41.727   72.30998 -167.26966     42.164     0.7920     0.7939     0.7904    32.3897    32.4029  1026.1595    25.9589    298.778    282.957  347.86915     85.888     81.352     0.1026     0.2674     3.0037     1.8019 1.0000e-12       4263     2.9597  0.000e+00
     41.735   72.30998 -167.26966     42.172     0.7923     0.7927     0.7907    32.3899    32.4024  1026.1597    25.9590    298.544    282.977  347.86577     85.822     81.355     0.1013     0.2601     3.0037     1.8019 1.0000e-12       4264     2.9604  0.000e+00
     41.735   72.30998 -167.26966     42.172     0.7923     0.7914     0.7907    32.3898    32.4026  1026.1596    25.9589    298.554    282.786  347.86600     85.825     81.298     0.1013     0.2601     3.0037     1.8019 1.0000e-12       4265     2.9611  0.000e+00
     41.735   72.30998 -167.26966     42.172     0.7922     0.7904     0.7906    32.3895    32.4033  1026.1594    25.9587    298.809    282.987  347.86825     85.897     81.354     0.1026     0.2674     2.9927     1.8166 1.0000e-12       4266     2.9618  0.000e+00
     41.735   72.30998 -167.26966     42.172     0.7925     0.7918     0.7909    32.3892    32.4020  1026.1591    25.9584    298.867    283.016  347.86609     85.914     81.364     0.1013     0.2601     2.9756     1.8395 1.0000e-12       4267     2.9625  0.000e+00
     41.781   72.30998 -167.26966     42.219     0.7925     0.7930     0.7909    32.3895    32.4012  1026.1595    25.9587    298.889    282.810  347.86538     85.921     81.307     0.1026     0.2674     2.9719     1.8444 1.0000e-12       4268     2.9632  0.000e+00
     41.735   72.30998 -167.26966     42.172     0.7923     0.7922     0.7907    32.3898    32.4019  1026.1596    25.9589    298.717    282.799  347.86611     85.871     81.303     0.1013     0.2601     2.9719     1.8444 1.0000e-12       4269     2.9639  0.000e+00
     41.735   72.30998 -167.26966     42.172     0.7927     0.7918     0.7911    32.3896    32.4016  1026.1594    25.9588    298.937    283.000  347.86350     85.935     81.360     0.1013     0.2601     2.9731     1.8428 1.0000e-12       4270     2.9646  0.000e+00
     41.789   72.30998 -167.26966     42.226     0.7928     0.7919     0.7912    32.3893    32.4010  1026.1594    25.9585    298.732    283.016  347.86335     85.876     81.364     0.1013     0.2601     2.9731     1.8428 1.0000e-12       4271     2.9653  0.000e+00
     41.781   72.30998 -167.26966     42.219     0.7933     0.7919     0.7917    32.3889    32.4011  1026.1591    25.9582    298.719    282.846  347.85981     85.873     81.315     0.1013     0.2601     2.9731     1.8428 1.0000e-12       4272     2.9660  0.000e+00
     41.735   72.30998 -167.26966     42.172     0.7937     0.7922     0.7921    32.3888    32.4008  1026.1587    25.9580    298.709    282.859  347.85623     85.871     81.319     0.1013     0.2601     2.9731     1.8428 1.0000e-12       4273     2.9667  0.000e+00
     41.789   72.30998 -167.26966     42.226     0.7937     0.7919     0.7921    32.3889    32.4008  1026.1590    25.9581    298.709    282.883  347.85609     85.871     81.326     0.1013     0.2601     2.9731     1.8428 8.4714e-06       4274     2.9674  0.000e+00
     41.789   72.30998 -167.26966     42.226     0.7941     0.7913     0.7925    32.3887    32.4019  1026.1588    25.9579    298.945    283.118  347.85314     85.940     81.392     0.1026     0.2674     2.9731     1.8428 1.0000e-12       4275     2.9681  0.000e+00
     41.781   72.30998 -167.26966     42.219     0.7945     0.7914     0.7929    32.3887    32.4022  1026.1589    25.9580    298.749    283.137  347.84940     85.885     81.398     0.1013     0.2601     2.9731     1.8428 1.0000e-12       4276     2.9688  0.000e+00
     41.789   72.30998 -167.26966     42.226     0.7942     0.7920     0.7926    32.3901    32.4014  1026.1600    25.9590    298.799    283.155  347.84833     85.899     81.404     0.1013     0.2601     2.9731     1.8428 8.4714e-06       4277     2.9694  0.000e+00
     41.789   72.30998 -167.26966     42.226     0.7948     0.7918     0.7932    32.3899    32.4021  1026.1598    25.9589    298.806    283.177  347.84324     85.902     81.411     0.1001     0.2527     2.9719     1.8444 1.0000e-12       4278     2.9701  0.000e+00
     41.851   72.30998 -167.26966     42.289     0.7956     0.7918     0.7940    32.3902    32.4017  1026.1603    25.9591    298.816    283.202  347.83554     85.907     81.417     0.1001     0.2527     2.9731     1.8428 1.0000e-12       4279     2.9708  0.000e+00
     41.781   72.30998 -167.26966     42.219     0.7968     0.7916     0.7952    32.3898    32.4020  1026.1595    25.9586    298.779    283.010  347.82580     85.899     81.362     0.1001     0.2527     2.9731     1.8428 1.0000e-12       4280     2.9715  0.000e+00
     41.789   72.30998 -167.26966     42.226     0.7984     0.7919     0.7968    32.3894    32.4015  1026.1592    25.9582    298.701    283.005  347.81290     85.880     81.361     0.1001     0.2527     2.9731     1.8428 1.0000e-12       4281     2.9722  0.000e+00
     41.851   72.30998 -167.26966     42.289     0.7996     0.7919     0.7980    32.3884    32.4017  1026.1586    25.9574    298.349    283.003  347.80459     85.781     81.361     0.0989     0.2454     2.9731     1.8428 1.0000e-12       4282     2.9729  0.000e+00
     41.851   72.30998 -167.26966     42.289     0.8007     0.7919     0.7991    32.3877    32.4019  1026.1580    25.9568    298.600    283.211  347.79654     85.855     81.421     0.1001     0.2527     2.9731     1.8428 8.4714e-06       4283     2.9736  0.000e+00
     41.789   72.30998 -167.26966     42.226     0.8019     0.7919     0.8003    32.3881    32.4021  1026.1579    25.9570    298.849    283.233  347.78447     85.929     81.427     0.1013     0.2601     2.9731     1.8428 8.4714e-06       4284     2.9743  0.000e+00
     41.843   72.30998 -167.26966     42.281     0.8025     0.7918     0.8009    32.3892    32.4022  1026.1590    25.9578    298.632    283.261  347.77612     85.869     81.435     0.1001     0.2527     2.9731     1.8428 8.4714e-06       4285     2.9750  0.000e+00
     41.851   72.30998 -167.26966     42.289     0.8036     0.7919     0.8020    32.3885    32.4026  1026.1584    25.9572    298.610    283.073  347.76808     85.865     81.381     0.1013     0.2601     2.9731     1.8428 1.0000e-12       4286     2.9757  0.000e+00
