EcoFOCI/data/1_SampleCollection/2023_SikuliaqDBO_CruiseData/CTD_raw_BottleFile_SKQ23-12S/proc/skq202312s_002svp.cnv
* Sea-Bird SBE 9 Data File:
* FileName = D:\CTD\SKQ202312S\SKQ202312S_002.hex
* Software Version Seasave V 7.26.7.121
* Temperature SN = 6177
* Conductivity SN = 0369
* Number of Bytes Per Scan = 41
* Number of Voltage Words = 4
* Number of Scans Averaged by the Deck Unit = 1
* NMEA Latitude = 62 00.59 N
* NMEA Longitude = 175 03.64 W
* NMEA UTC (Time) = Sep 15 2023  05:21:43
* NMEA baud rate = 4800
** Ship: R/V Sikuliaq
** Station Number: 002
** Station Name: DBO1.1
** Bottom Depth: 78
** Operator: SD
# nquan = 7
# nvalues = 7179                                  
# units = specified
# name 0 = depSM: Depth [salt water, m]
# name 1 = latitude: Latitude [deg]
# name 2 = longitude: Longitude [deg]
# name 3 = t090C: Temperature [ITS-90, deg C]
# name 4 = sal00: Salinity, Practical [PSU]
# name 5 = svCM: Sound Velocity [Chen-Millero, m/s]
# name 6 = flag:  0.000e+00
# span 0 =      1.934,     73.792                 
# span 1 =   62.00978,   62.00980                 
# span 2 = -175.06128, -175.06102                 
# span 3 =    -1.4431,     7.4774                 
# span 4 =    30.6601,    31.9548                 
# span 5 =    1438.75,    1475.16                 
# span 6 = 0.0000e+00, 0.0000e+00                 
# interval = seconds: 0.0416667
# start_time = Sep 15 2023 05:25:57 [NMEA time, first data scan]
# bad_flag = -9.990e-29
*END*
[from data line 4513]
     59.580   62.00980 -175.06120    -1.2074    31.7457    1440.08  0.000e+00
     59.703   62.00980 -175.06120    -1.2066    31.7449    1440.09  0.000e+00
     59.703   62.00980 -175.06120    -1.2062    31.7453    1440.09  0.000e+00
     59.703   62.00980 -175.06120    -1.2057    31.7461    1440.10  0.000e+00
     59.695   62.00980 -175.06120    -1.2051    31.7465    1440.10  0.000e+00
     59.765   62.00980 -175.06120    -1.2042    31.7465    1440.10  0.000e+00
     59.819   62.00980 -175.06120    -1.2035    31.7471    1440.11  0.000e+00
     59.765   62.00980 -175.06120    -1.2030    31.7476    1440.11  0.000e+00
     59.819   62.00980 -175.06120    -1.2018    31.7482    1440.12  0.000e+00
     59.811   62.00980 -175.06120    -1.2008    31.7488    1440.12  0.000e+00
     59.881   62.00980 -175.06120    -1.1997    31.7492    1440.13  0.000e+00
     59.881   62.00980 -175.06120    -1.1983    31.7495    1440.14  0.000e+00
     59.881   62.00980 -175.06120    -1.1973    31.7505    1440.14  0.000e+00
     59.927   62.00980 -175.06120    -1.1957    31.7504    1440.15  0.000e+00
     59.935   62.00980 -175.06120    -1.1948    31.7511    1440.16  0.000e+00
     59.935   62.00980 -175.06120    -1.1934    31.7515    1440.16  0.000e+00
     59.935   62.00980 -175.06120    -1.1926    31.7520    1440.17  0.000e+00
     59.981   62.00980 -175.06120    -1.1914    31.7523    1440.18  0.000e+00
     60.051   62.00980 -175.06120    -1.1904    31.7526    1440.18  0.000e+00
     60.051   62.00980 -175.06120    -1.1896    31.7528    1440.19  0.000e+00
     60.051   62.00980 -175.06120    -1.1893    31.7533    1440.19  0.000e+00
     60.051   62.00980 -175.06120    -1.1888    31.7534    1440.19  0.000e+00
     60.097   62.00980 -175.06120    -1.1887    31.7541    1440.19  0.000e+00
     60.105   62.00980 -175.06120    -1.1883    31.7541    1440.20  0.000e+00
     60.105   62.00980 -175.06120    -1.1883    31.7544    1440.20  0.000e+00
     60.166   62.00980 -175.06120    -1.1881    31.7547    1440.20  0.000e+00
     60.159   62.00980 -175.06120    -1.1882    31.7551    1440.20  0.000e+00
     60.220   62.00980 -175.06120    -1.1882    31.7557    1440.20  0.000e+00
     60.166   62.00980 -175.06120    -1.1881    31.7566    1440.20  0.000e+00
     60.282   62.00980 -175.06120    -1.1879    31.7573    1440.20  0.000e+00
     60.213   62.00980 -175.06120    -1.1876    31.7579    1440.21  0.000e+00
     60.282   62.00980 -175.06120    -1.1873    31.7578    1440.21  0.000e+00
     60.282   62.00980 -175.06120    -1.1874    31.7581    1440.21  0.000e+00
     60.336   62.00980 -175.06120    -1.1869    31.7579    1440.21  0.000e+00
     60.336   62.00980 -175.06120    -1.1869    31.7585    1440.21  0.000e+00
     60.328   62.00980 -175.06120    -1.1865    31.7587    1440.21  0.000e+00
     60.390   62.00980 -175.06120    -1.1862    31.7592    1440.22  0.000e+00
     60.390   62.00980 -175.06120    -1.1858    31.7593    1440.22  0.000e+00
     60.452   62.00980 -175.06120    -1.1855    31.7591    1440.22  0.000e+00
     60.444   62.00980 -175.06120    -1.1851    31.7598    1440.22  0.000e+00
     60.452   62.00980 -175.06120    -1.1838    31.7604    1440.23  0.000e+00
     60.452   62.00980 -175.06120    -1.1824    31.7612    1440.24  0.000e+00
     60.506   62.00980 -175.06120    -1.1806    31.7616    1440.25  0.000e+00
     60.498   62.00980 -175.06120    -1.1788    31.7620    1440.26  0.000e+00
     60.568   62.00980 -175.06120    -1.1774    31.7624    1440.27  0.000e+00
     60.568   62.00980 -175.06120    -1.1755    31.7632    1440.28  0.000e+00
     60.568   62.00980 -175.06120    -1.1732    31.7630    1440.29  0.000e+00
     60.614   62.00980 -175.06120    -1.1708    31.7628    1440.30  0.000e+00
     60.622   62.00980 -175.06120    -1.1686    31.7626    1440.31  0.000e+00
     60.622   62.00980 -175.06120    -1.1663    31.7628    1440.32  0.000e+00
     60.683   62.00980 -175.06120    -1.1638    31.7630    1440.33  0.000e+00
     60.668   62.00980 -175.06120    -1.1626    31.7641    1440.34  0.000e+00
     60.683   62.00980 -175.06120    -1.1610    31.7653    1440.35  0.000e+00
     60.738   62.00980 -175.06120    -1.1584    31.7662    1440.36  0.000e+00
     60.738   62.00980 -175.06120    -1.1552    31.7668    1440.38  0.000e+00
     60.784   62.00980 -175.06120    -1.1517    31.7671    1440.40  0.000e+00
     60.792   62.00980 -175.06120    -1.1477    31.7675    1440.42  0.000e+00
     60.792   62.00980 -175.06120    -1.1448    31.7681    1440.43  0.000e+00
     60.792   62.00980 -175.06120    -1.1413    31.7687    1440.45  0.000e+00
     60.853   62.00980 -175.06120    -1.1376    31.7690    1440.47  0.000e+00
     60.900   62.00980 -175.06120    -1.1351    31.7697    1440.48  0.000e+00
     60.907   62.00980 -175.06120    -1.1302    31.7704    1440.51  0.000e+00
     60.907   62.00980 -175.06120    -1.1264    31.7734    1440.53  0.000e+00
     60.907   62.00980 -175.06120    -1.1215    31.7755    1440.56  0.000e+00
     60.961   62.00980 -175.06120    -1.1176    31.7761    1440.58  0.000e+00
     60.969   62.00980 -175.06120    -1.1151    31.7758    1440.59  0.000e+00
     60.969   62.00980 -175.06120    -1.1121    31.7772    1440.60  0.000e+00
     61.023   62.00980 -175.06120    -1.1078    31.7795    1440.63  0.000e+00
     61.015   62.00980 -175.06120    -1.1028    31.7833    1440.66  0.000e+00
     61.023   62.00980 -175.06120    -1.0958    31.7864    1440.69  0.000e+00
     61.085   62.00980 -175.06120    -1.0872    31.7866    1440.74  0.000e+00
     61.139   62.00980 -175.06120    -1.0803    31.7882    1440.77  0.000e+00
     61.069   62.00980 -175.06120    -1.0744    31.7901    1440.80  0.000e+00
     61.139   62.00980 -175.06120    -1.0706    31.7906    1440.82  0.000e+00
     61.139   62.00980 -175.06120    -1.0658    31.7920    1440.85  0.000e+00
     61.085   62.00980 -175.06120    -1.0608    31.7918    1440.87  0.000e+00
     61.247   62.00980 -175.06120    -1.0576    31.7908    1440.89  0.000e+00
     61.255   62.00980 -175.06120    -1.0538    31.7902    1440.90  0.000e+00
     61.193   62.00980 -175.06120    -1.0498    31.7913    1440.92  0.000e+00
     61.247   62.00980 -175.06120    -1.0454    31.7903    1440.94  0.000e+00
     61.255   62.00980 -175.06120    -1.0406    31.7905    1440.97  0.000e+00
     61.255   62.00980 -175.06120    -1.0361    31.7934    1440.99  0.000e+00
     61.309   62.00980 -175.06120    -1.0309    31.7940    1441.02  0.000e+00
     61.301   62.00980 -175.06120    -1.0265    31.7946    1441.04  0.000e+00
     61.370   62.00980 -175.06120    -1.0216    31.7955    1441.07  0.000e+00
     61.370   62.00980 -175.06120    -1.0174    31.7964    1441.09  0.000e+00
     61.370   62.00980 -175.06120    -1.0139    31.7972    1441.10  0.000e+00
     61.363   62.00980 -175.06120    -1.0098    31.7984    1441.13  0.000e+00
     61.424   62.00980 -175.06120    -1.0054    31.7997    1441.15  0.000e+00
     61.424   62.00980 -175.06120    -1.0009    31.8001    1441.17  0.000e+00
     61.424   62.00980 -175.06120    -0.9962    31.8008    1441.19  0.000e+00
     61.471   62.00980 -175.06120    -0.9926    31.8012    1441.21  0.000e+00
     61.486   62.00980 -175.06120    -0.9901    31.8022    1441.23  0.000e+00
     61.540   62.00980 -175.06120    -0.9870    31.8027    1441.24  0.000e+00
     61.486   62.00980 -175.06120    -0.9842    31.8032    1441.25  0.000e+00
     61.533   62.00980 -175.06120    -0.9812    31.8026    1441.27  0.000e+00
     61.594   62.00980 -175.06120    -0.9781    31.8023    1441.28  0.000e+00
     61.540   62.00980 -175.06120    -0.9762    31.8024    1441.29  0.000e+00
     61.594   62.00980 -175.06120    -0.9748    31.8040    1441.30  0.000e+00
     61.648   62.00980 -175.06120    -0.9730    31.8052    1441.31  0.000e+00
     61.594   62.00980 -175.06120    -0.9706    31.8057    1441.32  0.000e+00
     61.656   62.00980 -175.06120    -0.9689    31.8064    1441.33  0.000e+00
     61.710   62.00980 -175.06120    -0.9677    31.8079    1441.34  0.000e+00
     61.648   62.00980 -175.06120    -0.9657    31.8083    1441.35  0.000e+00
     61.710   62.00980 -175.06120    -0.9635    31.8084    1441.36  0.000e+00
     61.772   62.00980 -175.06120    -0.9614    31.8085    1441.37  0.000e+00
     61.702   62.00980 -175.06120    -0.9602    31.8094    1441.38  0.000e+00
     61.772   62.00980 -175.06120    -0.9591    31.8091    1441.39  0.000e+00
     61.772   62.00980 -175.06120    -0.9580    31.8087    1441.39  0.000e+00
     61.826   62.00980 -175.06120    -0.9571    31.8083    1441.40  0.000e+00
     61.818   62.00980 -175.06120    -0.9562    31.8082    1441.40  0.000e+00
     61.826   62.00980 -175.06120    -0.9555    31.8082    1441.40  0.000e+00
     61.826   62.00980 -175.06120    -0.9545    31.8084    1441.41  0.000e+00
     61.888   62.00980 -175.06120    -0.9539    31.8088    1441.41  0.000e+00
     61.872   62.00980 -175.06120    -0.9535    31.8090    1441.41  0.000e+00
     61.942   62.00980 -175.06122    -0.9532    31.8092    1441.42  0.000e+00
     61.942   62.00980 -175.06122    -0.9522    31.8096    1441.42  0.000e+00
     61.888   62.00980 -175.06122    -0.9515    31.8106    1441.43  0.000e+00
     61.988   62.00980 -175.06122    -0.9507    31.8114    1441.43  0.000e+00
     61.996   62.00980 -175.06122    -0.9498    31.8119    1441.44  0.000e+00
     61.996   62.00980 -175.06122    -0.9492    31.8127    1441.44  0.000e+00
     61.988   62.00980 -175.06122    -0.9485    31.8132    1441.45  0.000e+00
     62.057   62.00980 -175.06122    -0.9475    31.8140    1441.45  0.000e+00
     62.057   62.00980 -175.06122    -0.9464    31.8153    1441.46  0.000e+00
     62.057   62.00980 -175.06122    -0.9449    31.8161    1441.47  0.000e+00
     62.104   62.00980 -175.06122    -0.9435    31.8160    1441.48  0.000e+00
     62.111   62.00980 -175.06122    -0.9425    31.8160    1441.48  0.000e+00
     62.111   62.00980 -175.06122    -0.9411    31.8168    1441.49  0.000e+00
     62.173   62.00980 -175.06122    -0.9395    31.8172    1441.50  0.000e+00
     62.104   62.00980 -175.06122    -0.9383    31.8175    1441.50  0.000e+00
     62.227   62.00980 -175.06122    -0.9374    31.8172    1441.51  0.000e+00
     62.173   62.00980 -175.06122    -0.9362    31.8170    1441.51  0.000e+00
     62.220   62.00980 -175.06122    -0.9357    31.8172    1441.52  0.000e+00
     62.227   62.00980 -175.06122    -0.9352    31.8170    1441.52  0.000e+00
     62.289   62.00980 -175.06122    -0.9345    31.8171    1441.52  0.000e+00
     62.289   62.00980 -175.06122    -0.9337    31.8178    1441.53  0.000e+00
     62.274   62.00980 -175.06122    -0.9325    31.8180    1441.53  0.000e+00
     62.343   62.00980 -175.06122    -0.9311    31.8178    1441.54  0.000e+00
     62.289   62.00980 -175.06122    -0.9302    31.8184    1441.54  0.000e+00
     62.335   62.00980 -175.06122    -0.9288    31.8184    1441.55  0.000e+00
     62.405   62.00980 -175.06122    -0.9268    31.8200    1441.56  0.000e+00
     62.343   62.00980 -175.06122    -0.9217    31.8209    1441.59  0.000e+00
     62.459   62.00980 -175.06122    -0.9184    31.8224    1441.61  0.000e+00
     62.389   62.00980 -175.06122    -0.9167    31.8247    1441.62  0.000e+00
     62.459   62.00980 -175.06122    -0.9132    31.8264    1441.64  0.000e+00
     62.459   62.00980 -175.06122    -0.9087    31.8273    1441.66  0.000e+00
     62.513   62.00980 -175.06122    -0.9046    31.8275    1441.68  0.000e+00
     62.451   62.00980 -175.06122    -0.8997    31.8276    1441.70  0.000e+00
     62.513   62.00980 -175.06122    -0.8961    31.8275    1441.72  0.000e+00
     62.513   62.00980 -175.06122    -0.8937    31.8274    1441.73  0.000e+00
     62.567   62.00980 -175.06122    -0.8917    31.8291    1441.75  0.000e+00
     62.575   62.00980 -175.06122    -0.8885    31.8293    1441.76  0.000e+00
     62.629   62.00980 -175.06122    -0.8865    31.8295    1441.77  0.000e+00
     62.629   62.00980 -175.06122    -0.8845    31.8309    1441.78  0.000e+00
     62.567   62.00980 -175.06122    -0.8823    31.8310    1441.79  0.000e+00
     62.690   62.00980 -175.06122    -0.8805    31.8310    1441.80  0.000e+00
     62.690   62.00980 -175.06122    -0.8791    31.8311    1441.81  0.000e+00
     62.675   62.00980 -175.06122    -0.8781    31.8318    1441.82  0.000e+00
     62.744   62.00980 -175.06122    -0.8762    31.8320    1441.83  0.000e+00
     62.690   62.00980 -175.06122    -0.8753    31.8328    1441.83  0.000e+00
     62.744   62.00980 -175.06122    -0.8739    31.8322    1441.84  0.000e+00
     62.791   62.00980 -175.06122    -0.8727    31.8323    1441.84  0.000e+00
     62.806   62.00980 -175.06122    -0.8724    31.8324    1441.85  0.000e+00
     62.806   62.00980 -175.06122    -0.8716    31.8329    1441.85  0.000e+00
     62.791   62.00980 -175.06122    -0.8708    31.8337    1441.85  0.000e+00
     62.860   62.00980 -175.06122    -0.8688    31.8342    1441.87  0.000e+00
     62.860   62.00980 -175.06122    -0.8670    31.8352    1441.88  0.000e+00
     62.914   62.00980 -175.06122    -0.8651    31.8362    1441.89  0.000e+00
     62.906   62.00980 -175.06122    -0.8633    31.8378    1441.90  0.000e+00
     62.914   62.00980 -175.06122    -0.8620    31.8384    1441.90  0.000e+00
     62.914   62.00980 -175.06122    -0.8610    31.8388    1441.91  0.000e+00
     62.968   62.00980 -175.06122    -0.8596    31.8393    1441.92  0.000e+00
     63.030   62.00980 -175.06122    -0.8591    31.8398    1441.92  0.000e+00
     62.976   62.00980 -175.06122    -0.8585    31.8403    1441.92  0.000e+00
     63.076   62.00980 -175.06122    -0.8582    31.8406    1441.93  0.000e+00
     63.030   62.00980 -175.06122    -0.8581    31.8406    1441.93  0.000e+00
     63.092   62.00980 -175.06122    -0.8584    31.8406    1441.93  0.000e+00
     63.092   62.00980 -175.06122    -0.8587    31.8412    1441.93  0.000e+00
     63.076   62.00980 -175.06122    -0.8593    31.8419    1441.92  0.000e+00
     63.146   62.00980 -175.06122    -0.8599    31.8420    1441.92  0.000e+00
     63.146   62.00980 -175.06122    -0.8605    31.8427    1441.92  0.000e+00
     63.192   62.00980 -175.06122    -0.8613    31.8431    1441.92  0.000e+00
     63.207   62.00980 -175.06122    -0.8618    31.8434    1441.92  0.000e+00
     63.207   62.00980 -175.06122    -0.8627    31.8442    1441.91  0.000e+00
     63.262   62.00980 -175.06122    -0.8633    31.8441    1441.91  0.000e+00
     63.254   62.00980 -175.06122    -0.8640    31.8445    1441.91  0.000e+00
     63.262   62.00980 -175.06122    -0.8647    31.8451    1441.91  0.000e+00
     63.316   62.00980 -175.06122    -0.8653    31.8455    1441.90  0.000e+00
     63.362   62.00980 -175.06122    -0.8659    31.8457    1441.90  0.000e+00
     63.316   62.00980 -175.06122    -0.8664    31.8463    1441.90  0.000e+00
     63.316   62.00980 -175.06122    -0.8667    31.8462    1441.90  0.000e+00
     63.424   62.00980 -175.06122    -0.8670    31.8465    1441.90  0.000e+00
     63.431   62.00980 -175.06122    -0.8675    31.8468    1441.90  0.000e+00
     63.431   62.00980 -175.06122    -0.8679    31.8469    1441.90  0.000e+00
     63.431   62.00980 -175.06122    -0.8687    31.8471    1441.89  0.000e+00
     63.478   62.00980 -175.06122    -0.8694    31.8479    1441.89  0.000e+00
     63.493   62.00980 -175.06122    -0.8699    31.8481    1441.89  0.000e+00
     63.547   62.00980 -175.06122    -0.8705    31.8488    1441.89  0.000e+00
     63.539   62.00980 -175.06122    -0.8710    31.8487    1441.89  0.000e+00
     63.547   62.00980 -175.06122    -0.8714    31.8490    1441.88  0.000e+00
     63.609   62.00980 -175.06122    -0.8720    31.8489    1441.88  0.000e+00
     63.593   62.00980 -175.06122    -0.8726    31.8494    1441.88  0.000e+00
     63.663   62.00980 -175.06122    -0.8731    31.8492    1441.88  0.000e+00
     63.663   62.00980 -175.06122    -0.8737    31.8498    1441.88  0.000e+00
