EcoFOCI/data/1_SampleCollection/2023_SikuliaqDBO_CruiseData/CTD_raw_BottleFile_SKQ23-12S/proc/skq202312s_001.ros
* Sea-Bird SBE 9 Data File:
* FileName = D:\CTD\SKQ202312S\SKQ202312S_001.hex
* Software Version Seasave V 7.26.7.121
* Temperature SN = 6177
* Conductivity SN = 0369
* Number of Bytes Per Scan = 41
* Number of Voltage Words = 4
* Number of Scans Averaged by the Deck Unit = 1
* NMEA Latitude = 62 11.69 N
* NMEA Longitude = 174 40.42 W
* NMEA UTC (Time) = Sep 14 2023  13:19:49
* NMEA baud rate = 4800
** Ship: R/V Sikuliaq
** Station Number: 001
** Station Name: Mooring M8
** Bottom Depth: 73
** Operator: SD
# nquan = 22
# nvalues = 1127                                  
# units = specified
# name 0 = depSM: Depth [salt water, m]
# name 1 = latitude: Latitude [deg]
# name 2 = longitude: Longitude [deg]
# name 3 = prDM: Pressure, Digiquartz [db]
# name 4 = t090C: Temperature [ITS-90, deg C]
# name 5 = t190C: Temperature, 2 [ITS-90, deg C]
# name 6 = potemp090C: Potential Temperature [ITS-90, deg C]
# name 7 = sal00: Salinity, Practical [PSU]
# name 8 = sal11: Salinity, Practical, 2 [PSU]
# name 9 = density00: Density [density, kg/m^3]
# name 10 = sigma-é00: Density [sigma-theta, kg/m^3]
# name 11 = sbox0Mm/Kg: Oxygen, SBE 43 [umol/kg]
# name 12 = sbox1Mm/Kg: Oxygen, SBE 43, 2 [umol/kg]
# name 13 = oxsolMm/Kg: Oxygen Saturation, Garcia & Gordon [umol/kg]
# name 14 = sbeox0PS: Oxygen, SBE 43 [% saturation]
# name 15 = v0: Voltage 0
# name 16 = flECO-AFL: Fluorescence, WET Labs ECO-AFL/FL [mg/m^3]
# name 17 = CStarAt0: Beam Attenuation, WET Labs C-Star [1/m]
# name 18 = par: PAR/Irradiance, Biospherical/Licor
# name 19 = scan: Scan Count
# name 20 = nbf: Bottles Fired
# name 21 = flag:  0.000e+00
# interval = seconds: 0.0416667
# start_time = Sep 14 2023 13:27:19 [NMEA time, first data scan]
# bad_flag = -9.990e-29
*END*
[from data line 856]
     10.188   62.19454 -174.67400     10.287     7.7529     7.7548     7.7519    30.7788    30.7867  1024.0423    23.9951    287.997    276.341  297.53765     96.793     0.2173     0.9560     0.7421 1.0000e-12      35178         18  0.000e+00
     10.304   62.19454 -174.67400     10.404     7.7524     7.7546     7.7514    30.7787    30.7866  1024.0427    23.9950    288.008    276.317  297.54135     96.796     0.2186     0.9634     0.7421 1.0000e-12      35179         18  0.000e+00
     10.212   62.19454 -174.67400     10.311     7.7522     7.7544     7.7513    30.7786    30.7867  1024.0423    23.9950    288.009    276.286  297.54245     96.796     0.2173     0.9560     0.7433 1.0000e-12      35180         18  0.000e+00
     10.243   62.19454 -174.67400     10.342     7.7524     7.7544     7.7514    30.7786    30.7869  1024.0424    23.9949    288.200    276.258  297.54160     96.860     0.2186     0.9634     0.7433 1.0000e-12      35181         18  0.000e+00
     10.304   62.19454 -174.67400     10.404     7.7530     7.7546     7.7521    30.7781    30.7865  1024.0422    23.9945    288.012    276.249  297.53823     96.798     0.2173     0.9560     0.7446 1.0000e-12      35182         18  0.000e+00
     10.243   62.19454 -174.67400     10.342     7.7538     7.7548     7.7529    30.7776    30.7868  1024.0414    23.9939    288.006    276.236  297.53401     96.798     0.2186     0.9634     0.7446 1.0000e-12      35183         18  0.000e+00
     10.274   62.19454 -174.67400     10.373     7.7530     7.7548     7.7521    30.7776    30.7871  1024.0416    23.9941    288.040    276.228  297.53939     96.807     0.2198     0.9707     0.7433 1.0000e-12      35184         18  0.000e+00
     10.243   62.19454 -174.67400     10.342     7.7522     7.7548     7.7513    30.7777    30.7868  1024.0417    23.9943    288.046    276.221  297.54439     96.808     0.2186     0.9634     0.7446 1.0000e-12      35185         18  0.000e+00
     10.305   62.19454 -174.67400     10.405     7.7517     7.7546     7.7508    30.7782    30.7868  1024.0424    23.9947    288.053    276.219  297.54676     96.809     0.2186     0.9634     0.7433 1.0000e-12      35186         18  0.000e+00
     10.243   62.19454 -174.67400     10.342     7.7512     7.7546     7.7503    30.7786    30.7866  1024.0425    23.9951    288.056    276.213  297.54926     96.810     0.2186     0.9634     0.7433 1.0000e-12      35187         18  0.000e+00
     10.305   62.19454 -174.67400     10.405     7.7511     7.7544     7.7501    30.7783    30.7868  1024.0426    23.9949    288.062    276.213  297.55084     96.811     0.2198     0.9707     0.7446 1.0000e-12      35188         18  0.000e+00
     10.274   62.19454 -174.67400     10.374     7.7509     7.7543     7.7500    30.7783    30.7864  1024.0425    23.9949    288.064    276.212  297.55192     96.811     0.2186     0.9634     0.7433 1.0000e-12      35189         18  0.000e+00
     10.305   62.19454 -174.67400     10.405     7.7506     7.7543     7.7496    30.7789    30.7861  1024.0431    23.9954    288.069    276.214  297.55300     96.813     0.2186     0.9634     0.7433 1.0000e-12      35190         18  0.000e+00
     10.305   62.19454 -174.67400     10.405     7.7509     7.7541     7.7500    30.7786    30.7861  1024.0429    23.9951    288.069    276.217  297.55132     96.813     0.2186     0.9634     0.7446 1.0000e-12      35191         18  0.000e+00
     10.305   62.19454 -174.67400     10.405     7.7508     7.7540     7.7498    30.7789    30.7861  1024.0432    23.9954    288.071    276.390  297.55148     96.814     0.2186     0.9634     0.7446 1.0000e-12      35192         18  0.000e+00
     10.243   62.19454 -174.67400     10.343     7.7508     7.7538     7.7498    30.7788    30.7864  1024.0427    23.9953    288.071    276.408  297.55190     96.814     0.2186     0.9634     0.7433 1.0000e-12      35193         18  0.000e+00
     10.274   62.19454 -174.67400     10.374     7.7507     7.7540     7.7498    30.7798    30.7867  1024.0437    23.9961    288.073    276.428  297.54995     96.815     0.2186     0.9634     0.7446 1.0000e-12      35194         18  0.000e+00
     10.359   62.19454 -174.67400     10.460     7.7509     7.7541     7.7500    30.7803    30.7865  1024.0444    23.9964    288.076    276.451  297.54764     96.817     0.2173     0.9560     0.7433 1.0000e-12      35195         18  0.000e+00
     10.305   62.19454 -174.67400     10.405     7.7509     7.7544     7.7500    30.7807    30.7868  1024.0445    23.9968    288.075    276.451  297.54664     96.817     0.2186     0.9634     0.7446 1.0000e-12      35196         18  0.000e+00
     10.305   62.19454 -174.67400     10.405     7.7519     7.7546     7.7509    30.7799    30.7872  1024.0438    23.9960    288.259    276.471  297.54208     96.880     0.2173     0.9560     0.7446 1.0000e-12      35197         18  0.000e+00
     10.305   62.19454 -174.67400     10.405     7.7524     7.7544     7.7514    30.7801    30.7873  1024.0439    23.9961    288.281    276.494  297.53826     96.889     0.2186     0.9634     0.7446 1.0000e-12      35198         18  0.000e+00
     10.328   62.19454 -174.67400     10.429     7.7522     7.7548     7.7513    30.7805    30.7874  1024.0443    23.9965    288.119    276.515  297.53829     96.834     0.2173     0.9560     0.7446 1.0000e-12      35199         18  0.000e+00
     10.305   62.19454 -174.67400     10.405     7.7524     7.7546     7.7514    30.7810    30.7872  1024.0445    23.9968    288.117    276.539  297.53636     96.834     0.2173     0.9560     0.7446 1.0000e-12      35200         18  0.000e+00
     10.305   62.19454 -174.67400     10.405     7.7532     7.7545     7.7522    30.7809    30.7873  1024.0443    23.9966    288.085    276.564  297.53125     96.825     0.2125     0.9267     0.7446 1.0000e-12      35201         18  0.000e+00
     10.305   62.19454 -174.67400     10.405     7.7545     7.7541     7.7535    30.7799    30.7873  1024.0434    23.9957    288.051    276.574  297.52454     96.816     0.2112     0.9194     0.7458 2.0263e-03      35202         18  0.000e+00
     10.359   62.19454 -174.67400     10.460     7.7553     7.7541     7.7543    30.7793    30.7866  1024.0431    23.9951    288.046    276.603  297.52019     96.816     0.2112     0.9194     0.7458 3.7340e-03      35203         18  0.000e+00
      9.964   62.19454 -174.67402     10.061     7.7517     7.7533     7.7508    30.7793    30.7876  1024.0418    23.9956    288.355    276.730  297.54430     96.912     0.2186     0.9634     0.7433 1.0000e-12      35328         19  0.000e+00
      9.910   62.19454 -174.67402     10.007     7.7516     7.7533     7.7507    30.7792    30.7876  1024.0414    23.9955    288.320    276.743  297.54568     96.899     0.2344     1.0586     0.7433 1.0000e-12      35329         19  0.000e+00
      9.934   62.19454 -174.67402     10.030     7.7517     7.7533     7.7508    30.7786    30.7874  1024.0411    23.9950    288.498    276.759  297.54585     96.959     0.2357     1.0659     0.7433 1.0000e-12      35330         19  0.000e+00
      9.911   62.19454 -174.67402     10.007     7.7514     7.7531     7.7505    30.7791    30.7878  1024.0414    23.9955    288.324    276.773  297.54680     96.900     0.2369     1.0732     0.7433 1.0000e-12      35331         19  0.000e+00
      9.911   62.19454 -174.67402     10.007     7.7514     7.7528     7.7505    30.7787    30.7880  1024.0411    23.9952    288.501    276.618  297.54799     96.960     0.2357     1.0659     0.7433 1.0000e-12      35332         19  0.000e+00
      9.911   62.19454 -174.67402     10.007     7.7516     7.7528     7.7507    30.7787    30.7881  1024.0410    23.9951    288.325    276.615  297.54671     96.901     0.2357     1.0659     0.7433 1.0000e-12      35333         19  0.000e+00
     10.019   62.19454 -174.67402     10.116     7.7516     7.7527     7.7506    30.7788    30.7881  1024.0417    23.9953    288.316    276.787  297.54634     96.898     0.2369     1.0732     0.7433 1.0000e-12      35334         19  0.000e+00
      9.880   62.19454 -174.67402      9.976     7.7514     7.7528     7.7505    30.7792    30.7879  1024.0413    23.9955    288.299    276.794  297.54661     96.892     0.2357     1.0659     0.7433 1.0000e-12      35335         19  0.000e+00
      9.965   62.19454 -174.67402     10.062     7.7519     7.7532     7.7509    30.7787    30.7876  1024.0412    23.9951    288.475    276.638  297.54469     96.952     0.2369     1.0732     0.7433 1.0000e-12      35336         19  0.000e+00
      9.965   62.19454 -174.67402     10.062     7.7522     7.7533     7.7513    30.7786    30.7879  1024.0411    23.9950    288.296    276.802  297.54245     96.893     0.2357     1.0659     0.7433 1.0000e-12      35337         19  0.000e+00
      9.911   62.19454 -174.67402     10.007     7.7525     7.7538     7.7516    30.7785    30.7874  1024.0408    23.9948    288.467    276.809  297.54072     96.950     0.2369     1.0732     0.7433 1.0000e-12      35338         19  0.000e+00
      9.965   62.19454 -174.67402     10.062     7.7524     7.7540     7.7514    30.7785    30.7874  1024.0410    23.9949    288.292    276.821  297.54173     96.891     0.2357     1.0659     0.7433 1.0000e-12      35339         19  0.000e+00
      9.934   62.19454 -174.67402     10.031     7.7524     7.7543     7.7514    30.7792    30.7875  1024.0414    23.9954    288.463    276.828  297.54028     96.949     0.2369     1.0732     0.7433 8.4714e-06      35340         19  0.000e+00
     10.019   62.19454 -174.67402     10.116     7.7529     7.7544     7.7519    30.7788    30.7874  1024.0415    23.9951    288.285    276.670  297.53764     96.890     0.2357     1.0659     0.7433 2.7065e-03      35341         19  0.000e+00
      9.911   62.19454 -174.67402     10.007     7.7530     7.7546     7.7521    30.7794    30.7871  1024.0414    23.9955    288.638    276.828  297.53539     97.010     0.2369     1.0732     0.7433 4.4238e-03      35342         19  0.000e+00
      9.965   62.19454 -174.67402     10.062     7.7538     7.7541     7.7529    30.7795    30.7871  1024.0416    23.9954    288.317    276.842  297.52994     96.904     0.2357     1.0659     0.7433 3.3905e-03      35343         19  0.000e+00
      9.965   62.19454 -174.67402     10.062     7.7538     7.7541     7.7529    30.7787    30.7870  1024.0410    23.9948    288.302    276.850  297.53153     96.898     0.2369     1.0732     0.7433 3.4241e-04      35344         19  0.000e+00
      9.988   62.19454 -174.67402     10.086     7.7529     7.7540     7.7519    30.7791    30.7869  1024.0416    23.9953    288.293    276.860  297.53698     96.893     0.2357     1.0659     0.7433 1.0000e-12      35345         19  0.000e+00
      9.965   62.19454 -174.67402     10.062     7.7529     7.7541     7.7519    30.7790    30.7871  1024.0414    23.9952    288.275    276.864  297.53727     96.887     0.2357     1.0659     0.7433 1.0000e-12      35346         19  0.000e+00
      9.965   62.19454 -174.67402     10.062     7.7525     7.7538     7.7516    30.7794    30.7869  1024.0417    23.9955    288.260    276.873  297.53880     96.882     0.2357     1.0659     0.7433 1.0000e-12      35347         19  0.000e+00
     10.019   62.19454 -174.67402     10.117     7.7524     7.7537     7.7514    30.7796    30.7868  1024.0422    23.9958    288.246    276.882  297.53925     96.877     0.2369     1.0732     0.7433 1.0000e-12      35348         19  0.000e+00
      9.966   62.19454 -174.67402     10.062     7.7524     7.7537     7.7514    30.7800    30.7868  1024.0422    23.9960    288.415    276.884  297.53856     96.934     0.2357     1.0659     0.7433 1.0000e-12      35349         19  0.000e+00
      9.989   62.19454 -174.67402     10.086     7.7527     7.7533     7.7518    30.7801    30.7871  1024.0423    23.9961    288.233    276.891  297.53596     96.873     0.2357     1.0659     0.7433 1.0000e-12      35350         19  0.000e+00
     10.020   62.19454 -174.67402     10.117     7.7529     7.7533     7.7519    30.7799    30.7871  1024.0423    23.9959    288.215    276.895  297.53527     96.868     0.2357     1.0659     0.7433 1.0000e-12      35351         19  0.000e+00
      9.966   62.19454 -174.67402     10.063     7.7525     7.7533     7.7516    30.7797    30.7872  1024.0420    23.9958    288.386    276.896  297.53808     96.924     0.2357     1.0659     0.7433 1.0000e-12      35352         19  0.000e+00
     10.020   62.19454 -174.67402     10.117     7.7522     7.7535     7.7513    30.7795    30.7870  1024.0421    23.9957    288.585    276.882  297.54060     96.990     0.2357     1.0659     0.7433 1.0000e-12      35353         19  0.000e+00
      9.966   62.19454 -174.67402     10.063     7.7517     7.7537     7.7508    30.7795    30.7866  1024.0419    23.9958    288.240    276.881  297.54382     96.873     0.2295     1.0293     0.7433 1.0000e-12      35354         19  0.000e+00
      9.989   62.19454 -174.67402     10.086     7.7512     7.7538     7.7503    30.7791    30.7868  1024.0418    23.9955    288.412    276.880  297.54807     96.930     0.2271     1.0146     0.7433 1.0000e-12      35355         19  0.000e+00
     10.020   62.19454 -174.67402     10.117     7.7512     7.7535     7.7503    30.7792    30.7870  1024.0420    23.9956    288.416    276.882  297.54786     96.931     0.2247     1.0000     0.7433 1.0000e-12      35356         19  0.000e+00
     10.020   62.19454 -174.67402     10.117     7.7516     7.7537     7.7506    30.7789    30.7870  1024.0417    23.9953    288.229    276.880  297.54618     96.869     0.2259     1.0073     0.7433 1.0000e-12      35357         19  0.000e+00
     10.020   62.19454 -174.67402     10.117     7.7520     7.7538     7.7511    30.7788    30.7870  1024.0416    23.9951    288.203    276.860  297.54347     96.861     0.2259     1.0073     0.7433 1.0000e-12      35358         19  0.000e+00
     10.020   62.19454 -174.67402     10.117     7.7521     7.7538     7.7511    30.7789    30.7870  1024.0417    23.9952    288.555    276.857  297.54283     96.979     0.2259     1.0073     0.7433 1.0000e-12      35359         19  0.000e+00
     10.051   62.19454 -174.67402     10.149     7.7519     7.7541     7.7509    30.7788    30.7871  1024.0418    23.9952    288.395    276.851  297.54437     96.925     0.2247     1.0000     0.7433 1.0000e-12      35360         19  0.000e+00
     10.020   62.19454 -174.67402     10.118     7.7519     7.7541     7.7509    30.7787    30.7870  1024.0415    23.9951    288.205    276.845  297.54474     96.861     0.2259     1.0073     0.7433 1.0000e-12      35361         19  0.000e+00
     10.020   62.19454 -174.67402     10.118     7.7516     7.7542     7.7506    30.7790    30.7873  1024.0418    23.9954    288.181    276.839  297.54602     96.853     0.2247     1.0000     0.7433 1.0000e-12      35362         19  0.000e+00
     10.020   62.19454 -174.67402     10.118     7.7517     7.7543     7.7508    30.7790    30.7875  1024.0417    23.9953    288.154    276.832  297.54507     96.844     0.2259     1.0073     0.7458 1.0000e-12      35363         19  0.000e+00
     10.020   62.19454 -174.67402     10.118     7.7519     7.7543     7.7509    30.7788    30.7873  1024.0416    23.9951    288.127    276.826  297.54450     96.835     0.2259     1.0073     0.7458 1.0000e-12      35364         19  0.000e+00
     10.051   62.19454 -174.67402     10.149     7.7520     7.7541     7.7511    30.7785    30.7875  1024.0415    23.9949    288.102    276.820  297.54405     96.827     0.2259     1.0073     0.7458 1.0000e-12      35365         19  0.000e+00
     10.020   62.19454 -174.67402     10.118     7.7524     7.7541     7.7514    30.7785    30.7876  1024.0413    23.9948    288.073    276.811  297.54179     96.818     0.2247     1.0000     0.7458 1.0000e-12      35366         19  0.000e+00
