EcoFOCI/data/1_SampleCollection/2023_SikuliaqDBO_CruiseData/CTD_raw_BottleFile_SKQ23-12S/proc/skq202312s_071.cnv
* Sea-Bird SBE 9 Data File:
* FileName = D:\CTD\SKQ202312S\SKQ202312S_071.hex
* Software Version Seasave V 7.26.7.121
* Temperature SN = 6177
* Conductivity SN = 0369
* Number of Bytes Per Scan = 41
* Number of Voltage Words = 4
* Number of Scans Averaged by the Deck Unit = 1
* NMEA Latitude = 68 07.96 N
* NMEA Longitude = 167 29.16 W
* NMEA UTC (Time) = Oct 01 2023  15:37:48
* NMEA baud rate = 4800
** Ship: R/V Sikuliaq
** Station Number: 071
** Station Name: DBO3.4
** Bottom Depth: 48
** Operator: SD
# nquan = 24
# nvalues = 5682                                  
# units = specified
# name 0 = depSM: Depth [salt water, m]
# name 1 = latitude: Latitude [deg]
# name 2 = longitude: Longitude [deg]
# name 3 = prDM: Pressure, Digiquartz [db]
# name 4 = t090C: Temperature [ITS-90, deg C]
# name 5 = t190C: Temperature, 2 [ITS-90, deg C]
# name 6 = potemp090C: Potential Temperature [ITS-90, deg C]
# name 7 = sal00: Salinity, Practical [PSU]
# name 8 = sal11: Salinity, Practical, 2 [PSU]
# name 9 = density00: Density [density, kg/m^3]
# name 10 = sigma-é00: Density [sigma-theta, kg/m^3]
# name 11 = sbox0Mm/Kg: Oxygen, SBE 43 [umol/kg]
# name 12 = sbox1Mm/Kg: Oxygen, SBE 43, 2 [umol/kg]
# name 13 = oxsolMm/Kg: Oxygen Saturation, Garcia & Gordon [umol/kg]
# name 14 = sbeox0PS: Oxygen, SBE 43 [% saturation]
# name 15 = sbeox1PS: Oxygen, SBE 43, 2 [% saturation]
# name 16 = v0: Voltage 0
# name 17 = flECO-AFL: Fluorescence, WET Labs ECO-AFL/FL [mg/m^3]
# name 18 = v1: Voltage 1
# name 19 = CStarAt0: Beam Attenuation, WET Labs C-Star [1/m]
# name 20 = par: PAR/Irradiance, Biospherical/Licor
# name 21 = scan: Scan Count
# name 22 = timeM: Time, Elapsed [minutes]
# name 23 = flag:  0.000e+00
# span 0 =      2.762,     44.483                 
# span 1 =   68.13258,   68.13266                 
# span 2 = -167.48644, -167.48614                 
# span 3 =      2.790,     44.938                 
# span 4 =     3.5666,     5.2849                 
# span 5 =     3.5671,     5.3229                 
# span 6 =     3.5639,     5.2843                 
# span 7 =    29.7391,    32.1387                 
# span 8 =    29.7136,    32.1369                 
# span 9 =  1023.5066,  1025.6682                 
# span 10 =    23.4916,    25.5078                
# span 11 =    264.210,    303.124                
# span 12 =    251.676,    290.444                
# span 13 =  314.66490,  325.36157                
# span 14 =     81.305,     95.196                
# span 15 =     77.395,     91.270                
# span 16 =     0.0684,     0.5104                
# span 17 =     0.0623,     2.7143                
# span 18 =     3.2772,     4.2076                
# span 19 =     0.4532,     1.4532                
# span 20 = 1.0000e-12, 4.8039e-01                
# span 21 =          1,       5682                
# span 22 =     0.0000,     3.9451                
# span 23 = 0.0000e+00, 0.0000e+00                
# interval = seconds: 0.0416667
# start_time = Oct 01 2023 15:41:18 [NMEA time, first data scan]
# bad_flag = -9.990e-29
*END*
[from data line 4710]
     43.446   68.13260 -167.48638     43.890     3.5738     3.5752     3.5711    32.0202    32.0305  1025.6623    25.4568    266.871    254.585  325.30570     82.037     78.269     0.0757     0.1062     3.3284     1.3911 8.4714e-06       4711     3.2708  0.000e+00
     43.392   68.13260 -167.48638     43.835     3.5740     3.5753     3.5714    32.0198    32.0305  1025.6617    25.4564    266.677    254.534  325.30513     81.978     78.254     0.0757     0.1062     3.3309     1.3881 1.0000e-12       4712     3.2715  0.000e+00
     43.392   68.13260 -167.48638     43.835     3.5739     3.5755     3.5712    32.0194    32.0306  1025.6614    25.4561    266.421    254.485  325.30737     81.898     78.239     0.0757     0.1062     3.3309     1.3881 1.0000e-12       4713     3.2722  0.000e+00
     43.330   68.13260 -167.48638     43.773     3.5742     3.5755     3.5715    32.0192    32.0307  1025.6609    25.4559    266.556    254.436  325.30534     81.940     78.224     0.0757     0.1062     3.3297     1.3896 1.0000e-12       4714     3.2729  0.000e+00
     43.330   68.13260 -167.48638     43.773     3.5738     3.5757     3.5711    32.0197    32.0308  1025.6614    25.4564    266.550    254.389  325.30691     81.938     78.210     0.0757     0.1062     3.3309     1.3881 1.0000e-12       4715     3.2736  0.000e+00
     43.276   68.13260 -167.48638     43.719     3.5740     3.5760     3.5714    32.0197    32.0304  1025.6610    25.4563    266.541    254.341  325.30537     81.936     78.196     0.0757     0.1062     3.3297     1.3896 8.4714e-06       4716     3.2743  0.000e+00
     43.276   68.13260 -167.48638     43.719     3.5742     3.5762     3.5715    32.0195    32.0304  1025.6609    25.4562    266.501    254.104  325.30440     81.924     78.123     0.0757     0.1062     3.3297     1.3896 1.0000e-12       4717     3.2750  0.000e+00
     43.215   68.13260 -167.48638     43.656     3.5740     3.5763     3.5713    32.0195    32.0306  1025.6607    25.4562    266.461    254.252  325.30607     81.911     78.169     0.0757     0.1062     3.3309     1.3881 1.0000e-12       4718     3.2757  0.000e+00
     43.215   68.13260 -167.48638     43.656     3.5740     3.5769     3.5714    32.0188    32.0306  1025.6600    25.4556    266.243    254.208  325.30753     81.844     78.156     0.0757     0.1062     3.3297     1.3896 1.0000e-12       4719     3.2764  0.000e+00
     43.161   68.13260 -167.48638     43.602     3.5740     3.5773     3.5714    32.0196    32.0305  1025.6604    25.4563    266.419    254.164  325.30552     81.898     78.144     0.0757     0.1062     3.3297     1.3896 1.0000e-12       4720     3.2771  0.000e+00
     43.215   68.13260 -167.48638     43.656     3.5743     3.5777     3.5717    32.0198    32.0304  1025.6609    25.4564    266.203    254.148  325.30237     81.833     78.139     0.0757     0.1062     3.3297     1.3896 1.0000e-12       4721     3.2778  0.000e+00
     43.161   68.13260 -167.48638     43.602     3.5745     3.5780     3.5719    32.0204    32.0300  1025.6610    25.4569    266.168    254.131  325.29928     81.822     78.134     0.0745     0.0989     3.3297     1.3896 1.0000e-12       4722     3.2785  0.000e+00
     43.161   68.13260 -167.48638     43.602     3.5751     3.5785     3.5724    32.0205    32.0301  1025.6611    25.4569    266.136    254.116  325.29479     81.814     78.131     0.0769     0.1135     3.3297     1.3896 1.0000e-12       4723     3.2792  0.000e+00
     43.099   68.13260 -167.48638     43.539     3.5756     3.5785     3.5729    32.0200    32.0305  1025.6603    25.4565    266.106    253.887  325.29226     81.805     78.061     0.0757     0.1062     3.3297     1.3896 1.0000e-12       4724     3.2799  0.000e+00
     43.161   68.13260 -167.48638     43.602     3.5761     3.5788     3.5735    32.0197    32.0300  1025.6603    25.4562    266.046    253.858  325.28833     81.788     78.052     0.0757     0.1062     3.3297     1.3896 8.4714e-06       4725     3.2806  0.000e+00
     43.153   68.13260 -167.48638     43.594     3.5767     3.5789     3.5740    32.0194    32.0301  1025.6600    25.4558    266.022    253.614  325.28499     81.781     77.977     0.0757     0.1062     3.3297     1.3896 1.0000e-12       4726     3.2813  0.000e+00
     43.099   68.13260 -167.48638     43.539     3.5770     3.5788     3.5743    32.0197    32.0303  1025.6600    25.4561    265.999    253.759  325.28161     81.775     78.022     0.0757     0.1062     3.3297     1.3896 1.0000e-12       4727     3.2819  0.000e+00
     43.099   68.13260 -167.48638     43.539     3.5772     3.5791     3.5746    32.0194    32.0298  1025.6597    25.4559    265.946    253.759  325.28014     81.759     78.022     0.0757     0.1062     3.3297     1.3896 8.4714e-06       4728     3.2826  0.000e+00
     43.161   68.13260 -167.48638     43.602     3.5778     3.5795     3.5751    32.0190    32.0295  1025.6597    25.4555    265.931    253.548  325.27689     81.755     77.958     0.0757     0.1062     3.3297     1.3896 8.4714e-06       4729     3.2833  0.000e+00
     43.099   68.13260 -167.48638     43.539     3.5778     3.5799     3.5751    32.0189    32.0298  1025.6592    25.4554    265.918    253.506  325.27730     81.751     77.946     0.0757     0.1062     3.3297     1.3896 8.4714e-06       4730     3.2840  0.000e+00
     43.045   68.13260 -167.48638     43.485     3.5779     3.5798     3.5753    32.0185    32.0300  1025.6587    25.4551    265.908    253.472  325.27693     81.748     77.935     0.0757     0.1062     3.3346     1.3837 1.0000e-12       4731     3.2847  0.000e+00
     43.099   68.13260 -167.48638     43.539     3.5782     3.5800     3.5755    32.0184    32.0298  1025.6588    25.4550    265.688    253.636  325.27544     81.681     77.986     0.0757     0.1062     3.3370     1.3808 1.0000e-12       4732     3.2854  0.000e+00
     43.045   68.13260 -167.48638     43.485     3.5784     3.5799     3.5758    32.0183    32.0293  1025.6584    25.4548    265.864    253.438  325.27371     81.735     77.925     0.0757     0.1062     3.3370     1.3808 8.4714e-06       4733     3.2861  0.000e+00
     43.099   68.13260 -167.48638     43.539     3.5783     3.5796     3.5756    32.0184    32.0300  1025.6588    25.4549    265.833    253.418  325.27466     81.726     77.918     0.0757     0.1062     3.3370     1.3808 1.0000e-12       4734     3.2868  0.000e+00
     43.045   68.13260 -167.48638     43.485     3.5783     3.5797     3.5757    32.0183    32.0301  1025.6585    25.4549    265.833    253.396  325.27449     81.726     77.912     0.0757     0.1062     3.3370     1.3808 1.0000e-12       4735     3.2875  0.000e+00
     43.045   68.13260 -167.48638     43.485     3.5787     3.5796     3.5761    32.0179    32.0299  1025.6581    25.4545    265.837    253.382  325.27204     81.728     77.907     0.0745     0.0989     3.3370     1.3808 1.0000e-12       4736     3.2882  0.000e+00
     42.983   68.13260 -167.48638     43.422     3.5786     3.5803     3.5759    32.0186    32.0294  1025.6584    25.4551    265.843    253.556  325.27168     81.729     77.962     0.0733     0.0916     3.3370     1.3808 1.0000e-12       4737     3.2889  0.000e+00
     43.045   68.13260 -167.48638     43.485     3.5788     3.5806     3.5762    32.0191    32.0296  1025.6591    25.4554    265.854    253.377  325.26874     81.734     77.907     0.0720     0.0842     3.3370     1.3808 8.4714e-06       4738     3.2896  0.000e+00
     42.991   68.13260 -167.48638     43.430     3.5792     3.5810     3.5766    32.0189    32.0297  1025.6586    25.4553    265.863    253.344  325.26574     81.737     77.898     0.0733     0.0916     3.3370     1.3808 1.0000e-12       4739     3.2903  0.000e+00
     43.045   68.13260 -167.48638     43.485     3.5795     3.5820     3.5769    32.0196    32.0293  1025.6594    25.4558    265.664    253.337  325.26162     81.677     77.897     0.0720     0.0842     3.3370     1.3808 1.0000e-12       4740     3.2910  0.000e+00
     42.991   68.13260 -167.48638     43.430     3.5800     3.5828     3.5774    32.0189    32.0288  1025.6585    25.4552    265.682    253.331  325.25949     81.683     77.897     0.0733     0.0916     3.3370     1.3808 8.4714e-06       4741     3.2917  0.000e+00
     43.045   68.13260 -167.48638     43.485     3.5805     3.5831     3.5779    32.0190    32.0294  1025.6588    25.4552    265.888    253.334  325.25506     81.747     77.899     0.0720     0.0842     3.3370     1.3808 8.4714e-06       4742     3.2924  0.000e+00
     43.045   68.13260 -167.48638     43.485     3.5808     3.5836     3.5782    32.0186    32.0291  1025.6585    25.4548    265.916    253.339  325.25398     81.756     77.901     0.0733     0.0916     3.3370     1.3808 1.0000e-12       4743     3.2931  0.000e+00
     42.991   68.13260 -167.48638     43.430     3.5808     3.5840     3.5782    32.0184    32.0293  1025.6581    25.4547    265.732    253.347  325.25430     81.700     77.904     0.0720     0.0842     3.3370     1.3808 1.0000e-12       4744     3.2938  0.000e+00
     43.045   68.13260 -167.48638     43.485     3.5812     3.5843     3.5785    32.0181    32.0292  1025.6580    25.4544    265.949    253.362  325.25232     81.767     77.910     0.0733     0.0916     3.3370     1.3808 8.4714e-06       4745     3.2944  0.000e+00
     42.991   68.13260 -167.48638     43.430     3.5814     3.5845     3.5788    32.0179    32.0293  1025.6576    25.4542    265.771    253.378  325.25068     81.713     77.915     0.0720     0.0842     3.3370     1.3808 8.4714e-06       4746     3.2951  0.000e+00
     43.045   68.13260 -167.48638     43.485     3.5816     3.5846     3.5790    32.0174    32.0292  1025.6575    25.4539    265.962    253.402  325.25045     81.771     77.922     0.0733     0.0916     3.3370     1.3808 1.0000e-12       4747     3.2958  0.000e+00
     42.983   68.13260 -167.48638     43.423     3.5816     3.5844     3.5790    32.0174    32.0292  1025.6572    25.4539    265.755    253.428  325.25047     81.708     77.930     0.0708     0.0769     3.3370     1.3808 1.0000e-12       4748     3.2965  0.000e+00
     43.045   68.13260 -167.48638     43.485     3.5816     3.5843     3.5790    32.0173    32.0292  1025.6574    25.4538    265.986    253.460  325.25074     81.779     77.940     0.0733     0.0916     3.3358     1.3823 8.4714e-06       4749     3.2972  0.000e+00
     43.045   68.13260 -167.48638     43.485     3.5814     3.5838     3.5788    32.0171    32.0291  1025.6572    25.4536    266.003    253.498  325.25250     81.784     77.950     0.0720     0.0842     3.3370     1.3808 8.4714e-06       4750     3.2979  0.000e+00
     43.045   68.13260 -167.48638     43.485     3.5810     3.5837     3.5784    32.0170    32.0291  1025.6572    25.4536    265.844    253.513  325.25621     81.734     77.955     0.0720     0.0842     3.3370     1.3808 1.0000e-12       4751     3.2986  0.000e+00
     43.045   68.13260 -167.48638     43.485     3.5810     3.5839     3.5783    32.0163    32.0288  1025.6566    25.4530    265.833    253.552  325.25844     81.730     77.967     0.0720     0.0842     3.3382     1.3793 1.0000e-12       4752     3.2993  0.000e+00
     43.045   68.13260 -167.48638     43.485     3.5805     3.5835     3.5778    32.0168    32.0288  1025.6570    25.4534    266.040    253.576  325.26099     81.793     77.974     0.0733     0.0916     3.3382     1.3793 1.0000e-12       4753     3.3000  0.000e+00
     43.045   68.13260 -167.48638     43.485     3.5798     3.5828     3.5772    32.0172    32.0287  1025.6574    25.4538    265.855    253.605  325.26500     81.735     77.981     0.0720     0.0842     3.3382     1.3793 8.4714e-06       4754     3.3007  0.000e+00
     43.045   68.13260 -167.48638     43.485     3.5794     3.5818     3.5768    32.0173    32.0294  1025.6576    25.4540    265.852    253.445  325.26803     81.733     77.930     0.0733     0.0916     3.3382     1.3793 1.0000e-12       4755     3.3014  0.000e+00
     43.099   68.13260 -167.48638     43.539     3.5794     3.5810     3.5767    32.0173    32.0293  1025.6578    25.4540    266.066    253.652  325.26849     81.799     77.993     0.0720     0.0842     3.3382     1.3793 1.0000e-12       4756     3.3021  0.000e+00
     43.045   68.13260 -167.48638     43.485     3.5791     3.5803     3.5764    32.0174    32.0295  1025.6577    25.4541    265.884    253.688  325.27076     81.742     78.002     0.0733     0.0916     3.3382     1.3793 8.4714e-06       4757     3.3028  0.000e+00
     43.045   68.13260 -167.48638     43.485     3.5786     3.5802     3.5760    32.0174    32.0296  1025.6577    25.4541    266.103    253.724  325.27428     81.809     78.013     0.0720     0.0842     3.3382     1.3793 1.0000e-12       4758     3.3035  0.000e+00
     43.161   68.13260 -167.48638     43.602     3.5786     3.5802     3.5759    32.0174    32.0298  1025.6582    25.4541    265.930    253.766  325.27472     81.755     78.026     0.0720     0.0842     3.3382     1.3793 1.0000e-12       4759     3.3042  0.000e+00
     43.099   68.13260 -167.48638     43.539     3.5781     3.5801     3.5755    32.0176    32.0301  1025.6582    25.4543    266.186    253.590  325.27796     81.833     77.972     0.0720     0.0842     3.3382     1.3793 1.0000e-12       4760     3.3049  0.000e+00
     43.099   68.13260 -167.48638     43.539     3.5777     3.5803     3.5751    32.0184    32.0302  1025.6589    25.4550    266.015    253.587  325.27886     81.781     77.972     0.0733     0.0916     3.3382     1.3793 1.0000e-12       4761     3.3056  0.000e+00
     43.161   68.13260 -167.48638     43.602     3.5778     3.5806     3.5751    32.0183    32.0300  1025.6591    25.4549    265.993    253.590  325.27864     81.774     77.973     0.0733     0.0916     3.3382     1.3793 8.4714e-06       4762     3.3062  0.000e+00
     43.161   68.13260 -167.48638     43.602     3.5776     3.5805     3.5750    32.0182    32.0297  1025.6590    25.4548    266.007    253.788  325.28020     81.778     78.034     0.0757     0.1062     3.3382     1.3793 1.0000e-12       4763     3.3069  0.000e+00
     43.099   68.13260 -167.48636     43.540     3.5776     3.5802     3.5750    32.0190    32.0299  1025.6593    25.4555    266.019    253.815  325.27828     81.782     78.042     0.0757     0.1062     3.3382     1.3793 1.0000e-12       4764     3.3076  0.000e+00
     43.215   68.13260 -167.48636     43.656     3.5777     3.5802     3.5751    32.0187    32.0298  1025.6597    25.4552    266.255    253.657  325.27813     81.855     77.993     0.0757     0.1062     3.3382     1.3793 1.0000e-12       4765     3.3083  0.000e+00
     43.161   68.13260 -167.48636     43.602     3.5778     3.5802     3.5751    32.0181    32.0299  1025.6589    25.4548    266.093    253.644  325.27913     81.805     77.989     0.0745     0.0989     3.3382     1.3793 8.4714e-06       4766     3.3090  0.000e+00
     43.215   68.13260 -167.48636     43.656     3.5776     3.5802     3.5750    32.0183    32.0298  1025.6594    25.4550    266.118    253.850  325.27988     81.812     78.052     0.0757     0.1062     3.3382     1.3793 1.0000e-12       4767     3.3097  0.000e+00
     43.215   68.13260 -167.48636     43.656     3.5777     3.5797     3.5751    32.0185    32.0298  1025.6595    25.4551    266.107    253.698  325.27861     81.809     78.005     0.0745     0.0989     3.3382     1.3793 8.4714e-06       4768     3.3104  0.000e+00
     43.215   68.13260 -167.48636     43.656     3.5776     3.5795     3.5750    32.0182    32.0299  1025.6593    25.4549    266.350    253.717  325.28017     81.883     78.010     0.0757     0.1062     3.3382     1.3793 8.4714e-06       4769     3.3111  0.000e+00
