EcoFOCI/data/1_SampleCollection/2023_SikuliaqDBO_CruiseData/CTD_raw_BottleFile_SKQ23-12S/proc/skq202312s_023.ros
* Sea-Bird SBE 9 Data File:
* FileName = D:\CTD\SKQ202312S\SKQ202312S_023.hex
* Software Version Seasave V 7.26.7.121
* Temperature SN = 6177
* Conductivity SN = 0369
* Number of Bytes Per Scan = 41
* Number of Voltage Words = 4
* Number of Scans Averaged by the Deck Unit = 1
* NMEA Latitude = 64 57.70 N
* NMEA Longitude = 169 53.01 W
* NMEA UTC (Time) = Sep 18 2023  07:03:01
* NMEA baud rate = 4800
** Ship: R/V Sikuliaq
** Station Number: 023
** Station Name: DBO2.4
** Bottom Depth: 48
** Operator: SD
# nquan = 22
# nvalues = 931                                   
# units = specified
# name 0 = depSM: Depth [salt water, m]
# name 1 = latitude: Latitude [deg]
# name 2 = longitude: Longitude [deg]
# name 3 = prDM: Pressure, Digiquartz [db]
# name 4 = t090C: Temperature [ITS-90, deg C]
# name 5 = t190C: Temperature, 2 [ITS-90, deg C]
# name 6 = potemp090C: Potential Temperature [ITS-90, deg C]
# name 7 = sal00: Salinity, Practical [PSU]
# name 8 = sal11: Salinity, Practical, 2 [PSU]
# name 9 = density00: Density [density, kg/m^3]
# name 10 = sigma-é00: Density [sigma-theta, kg/m^3]
# name 11 = sbox0Mm/Kg: Oxygen, SBE 43 [umol/kg]
# name 12 = sbox1Mm/Kg: Oxygen, SBE 43, 2 [umol/kg]
# name 13 = oxsolMm/Kg: Oxygen Saturation, Garcia & Gordon [umol/kg]
# name 14 = sbeox0PS: Oxygen, SBE 43 [% saturation]
# name 15 = v0: Voltage 0
# name 16 = flECO-AFL: Fluorescence, WET Labs ECO-AFL/FL [mg/m^3]
# name 17 = CStarAt0: Beam Attenuation, WET Labs C-Star [1/m]
# name 18 = par: PAR/Irradiance, Biospherical/Licor
# name 19 = scan: Scan Count
# name 20 = nbf: Bottles Fired
# name 21 = flag:  0.000e+00
# interval = seconds: 0.0416667
# start_time = Sep 18 2023 07:06:42 [NMEA time, first data scan]
# bad_flag = -9.990e-29
*END*
[from data line 396]
     20.450   64.96160 -169.88352     20.654     1.3224     1.3183     1.3215    32.1304    32.1370  1025.8168    25.7188    311.464    300.791  343.85298     90.581     0.3944     2.0183     0.8663 1.0000e-12      13953          9  0.000e+00
     20.489   64.96160 -169.88352     20.693     1.3234     1.3181     1.3225    32.1281    32.1371  1025.8152    25.7169    311.475    300.817  343.85029     90.585     0.3932     2.0110     0.8676 1.0000e-12      13954          9  0.000e+00
     20.427   64.96160 -169.88352     20.630     1.3237     1.3183     1.3229    32.1269    32.1369  1025.8138    25.7159    311.482    300.835  343.85069     90.587     0.3944     2.0183     0.8663 1.0000e-12      13955          9  0.000e+00
     20.450   64.96160 -169.88352     20.654     1.3224     1.3179     1.3215    32.1269    32.1373  1025.8141    25.7160    311.502    300.651  343.86220     90.589     0.3883     1.9817     0.8663 1.0000e-12      13956          9  0.000e+00
     20.489   64.96160 -169.88352     20.693     1.3220     1.3178     1.3211    32.1270    32.1374  1025.8143    25.7161    311.552    300.645  343.86545     90.603     0.3871     1.9743     0.8676 1.0000e-12      13957          9  0.000e+00
     20.427   64.96160 -169.88352     20.630     1.3213     1.3179     1.3204    32.1264    32.1371  1025.8136    25.7157    311.559    300.841  343.87317     90.603     0.3846     1.9597     0.8663 1.0000e-12      13958          9  0.000e+00
     20.450   64.96160 -169.88352     20.654     1.3197     1.3178     1.3188    32.1266    32.1373  1025.8139    25.7159    311.341    300.857  343.88688     90.536     0.3858     1.9670     0.8663 1.0000e-12      13959          9  0.000e+00
     20.489   64.96160 -169.88352     20.693     1.3184     1.3178     1.3176    32.1273    32.1371  1025.8148    25.7166    311.500    300.873  343.89602     90.580     0.3846     1.9597     0.8689 1.0000e-12      13960          9  0.000e+00
     20.427   64.96160 -169.88352     20.630     1.3178     1.3178     1.3170    32.1272    32.1367  1025.8145    25.7165    311.495    300.881  343.90155     90.577     0.3858     1.9670     0.8689 1.0000e-12      13961          9  0.000e+00
     20.450   64.96160 -169.88352     20.654     1.3186     1.3178     1.3177    32.1267    32.1369  1025.8141    25.7160    311.478    300.891  343.89626     90.573     0.3846     1.9597     0.8689 1.0000e-12      13962          9  0.000e+00
     20.427   64.96160 -169.88352     20.630     1.3188     1.3178     1.3179    32.1262    32.1365  1025.8136    25.7156    311.694    300.897  343.89610     90.636     0.3858     1.9670     0.8689 1.0000e-12      13963          9  0.000e+00
     20.489   64.96160 -169.88352     20.693     1.3190     1.3177     1.3182    32.1257    32.1367  1025.8135    25.7153    311.483    300.904  343.89484     90.575     0.3871     1.9743     0.8689 1.0000e-12      13964          9  0.000e+00
     20.450   64.96160 -169.88352     20.654     1.3194     1.3178     1.3186    32.1252    32.1364  1025.8128    25.7148    311.373    300.904  343.89299     90.544     0.3858     1.9670     0.8689 1.0000e-12      13965          9  0.000e+00
     20.427   64.96160 -169.88352     20.631     1.3197     1.3178     1.3188    32.1248    32.1372  1025.8124    25.7145    311.341    300.902  343.89140     90.535     0.3871     1.9743     0.8689 1.0000e-12      13966          9  0.000e+00
     20.489   64.96160 -169.88352     20.693     1.3196     1.3179     1.3187    32.1251    32.1372  1025.8130    25.7148    311.352    300.901  343.89162     90.538     0.3858     1.9670     0.8689 1.0000e-12      13967          9  0.000e+00
     20.450   64.96160 -169.88352     20.654     1.3197     1.3179     1.3188    32.1257    32.1370  1025.8133    25.7152    311.313    300.689  343.88905     90.527     0.3858     1.9670     0.8689 1.0000e-12      13968          9  0.000e+00
     20.427   64.96160 -169.88352     20.631     1.3200     1.3181     1.3192    32.1258    32.1367  1025.8132    25.7153    311.271    300.656  343.88593     90.516     0.3858     1.9670     0.8689 1.0000e-12      13969          9  0.000e+00
     20.489   64.96160 -169.88352     20.693     1.3200     1.3181     1.3191    32.1259    32.1369  1025.8136    25.7154    311.274    300.626  343.88614     90.517     0.3858     1.9670     0.8689 1.0000e-12      13970          9  0.000e+00
     20.451   64.96160 -169.88352     20.654     1.3199     1.3181     1.3190    32.1256    32.1372  1025.8132    25.7151    311.272    300.617  343.88794     90.516     0.3858     1.9670     0.8689 1.0000e-12      13971          9  0.000e+00
     20.427   64.96160 -169.88352     20.631     1.3190     1.3181     1.3182    32.1266    32.1371  1025.8138    25.7159    311.000    300.790  343.89269     90.435     0.3858     1.9670     0.8689 1.0000e-12      13972          9  0.000e+00
     20.489   64.96160 -169.88352     20.693     1.3188     1.3181     1.3179    32.1271    32.1371  1025.8146    25.7164    311.191    300.783  343.89358     90.491     0.3858     1.9670     0.8702 1.0000e-12      13973          9  0.000e+00
     20.451   64.96160 -169.88352     20.654     1.3186     1.3183     1.3177    32.1274    32.1366  1025.8146    25.7166    311.184    300.769  343.89442     90.488     0.3858     1.9670     0.8689 1.0000e-12      13974          9  0.000e+00
     20.427   64.96160 -169.88352     20.631     1.3185     1.3183     1.3176    32.1271    32.1368  1025.8143    25.7164    311.176    300.754  343.89614     90.486     0.3871     1.9743     0.8689 1.0000e-12      13975          9  0.000e+00
     20.489   64.96160 -169.88352     20.693     1.3183     1.3184     1.3174    32.1263    32.1365  1025.8140    25.7158    311.173    300.740  343.90016     90.483     0.3858     1.9670     0.8689 1.0000e-12      13976          9  0.000e+00
     20.451   64.96160 -169.88352     20.654     1.3174     1.3183     1.3165    32.1265    32.1368  1025.8140    25.7160    311.167    300.721  343.90739     90.480     0.3858     1.9670     0.8689 1.0000e-12      13977          9  0.000e+00
     20.427   64.96160 -169.88352     20.631     1.3171     1.3184     1.3162    32.1265    32.1365  1025.8139    25.7160    311.156    300.699  343.91034     90.476     0.3858     1.9670     0.8689 1.0000e-12      13978          9  0.000e+00
     20.451   64.96160 -169.88352     20.654     1.3167     1.3184     1.3159    32.1265    32.1366  1025.8141    25.7160    311.145    300.470  343.91313     90.472     0.3858     1.9670     0.8689 1.0000e-12      13979          9  0.000e+00
     20.489   64.96160 -169.88352     20.693     1.3167     1.3184     1.3159    32.1264    32.1367  1025.8142    25.7160    311.130    300.629  343.91330     90.468     0.3846     1.9597     0.8689 1.0000e-12      13980          9  0.000e+00
     20.427   64.96160 -169.88352     20.631     1.3169     1.3181     1.3160    32.1261    32.1373  1025.8136    25.7157    311.150    300.629  343.91275     90.474     0.3883     1.9817     0.8663 1.0000e-12      13981          9  0.000e+00
     20.451   64.96160 -169.88352     20.654     1.3172     1.3187     1.3163    32.1257    32.1367  1025.8134    25.7154    311.363    300.626  343.91133     90.536     0.3932     2.0110     0.8663 1.0000e-12      13982          9  0.000e+00
     20.489   64.96160 -169.88352     20.693     1.3177     1.3184     1.3169    32.1247    32.1372  1025.8128    25.7145    311.149    300.628  343.90914     90.474     0.3956     2.0256     0.8663 1.0000e-12      13983          9  0.000e+00
     20.427   64.96160 -169.88352     20.631     1.3177     1.3184     1.3168    32.1246    32.1371  1025.8124    25.7145    311.123    300.417  343.90981     90.467     0.3944     2.0183     0.8650 1.0000e-12      13984          9  0.000e+00
     20.512   64.96160 -169.88352     20.716     1.3176     1.3186     1.3167    32.1249    32.1363  1025.8130    25.7147    311.103    300.393  343.91006     90.460     0.3944     2.0183     0.8650 1.0000e-12      13985          9  0.000e+00
     20.427   64.96160 -169.88352     20.631     1.3172     1.3186     1.3163    32.1252    32.1367  1025.8129    25.7150    311.075    300.567  343.91260     90.452     0.3932     2.0110     0.8650 1.0000e-12      13986          9  0.000e+00
     20.489   64.96160 -169.88352     20.693     1.3167     1.3188     1.3159    32.1254    32.1361  1025.8133    25.7151    311.053    300.359  343.91612     90.445     0.3944     2.0183     0.8650 1.0000e-12      13987          9  0.000e+00
     20.451   64.96160 -169.88352     20.654     1.3171     1.3187     1.3162    32.1250    32.1361  1025.8128    25.7148    311.020    300.536  343.91428     90.435     0.3956     2.0256     0.8663 1.0000e-12      13988          9  0.000e+00
     20.428   64.96160 -169.88352     20.631     1.3171     1.3186     1.3162    32.1250    32.1365  1025.8127    25.7148    310.988    300.531  343.91424     90.426     0.3944     2.0183     0.8663 1.0000e-12      13989          9  0.000e+00
     20.489   64.96160 -169.88352     20.693     1.3166     1.3188     1.3157    32.1252    32.1360  1025.8132    25.7150    310.961    300.527  343.91798     90.417     0.3956     2.0256     0.8650 1.0000e-12      13990          9  0.000e+00
     20.451   64.96160 -169.88352     20.654     1.3163     1.3187     1.3154    32.1255    32.1365  1025.8133    25.7152    311.200    300.519  343.91970     90.486     0.3944     2.0183     0.8650 1.0000e-12      13991          9  0.000e+00
     20.489   64.96160 -169.88352     20.693     1.3160     1.3187     1.3151    32.1260    32.1367  1025.8139    25.7157    310.975    300.513  343.92122     90.420     0.3944     2.0183     0.8663 1.0000e-12      13992          9  0.000e+00
     20.428   64.96160 -169.88352     20.631     1.3158     1.3188     1.3149    32.1260    32.1366  1025.8136    25.7157    310.935    300.501  343.92256     90.409     0.3944     2.0183     0.8650 1.0000e-12      13993          9  0.000e+00
     20.451   64.96160 -169.88352     20.654     1.3154     1.3184     1.3145    32.1264    32.1368  1025.8141    25.7161    310.900    300.495  343.92537     90.397     0.3944     2.0183     0.8663 1.0000e-12      13994          9  0.000e+00
     20.489   64.96160 -169.88352     20.693     1.3158     1.3183     1.3149    32.1260    32.1368  1025.8139    25.7157    310.899    300.308  343.92276     90.398     0.3944     2.0183     0.8663 1.0000e-12      13995          9  0.000e+00
     20.489   64.96160 -169.88352     20.693     1.3160     1.3181     1.3151    32.1258    32.1370  1025.8137    25.7155    310.897    300.300  343.92176     90.398     0.3944     2.0183     0.8663 1.0000e-12      13996          9  0.000e+00
     20.451   64.96160 -169.88352     20.654     1.3161     1.3181     1.3153    32.1261    32.1368  1025.8137    25.7157    310.852    300.471  343.91962     90.385     0.3932     2.0110     0.8650 1.0000e-12      13997          9  0.000e+00
     20.545   64.96160 -169.88352     20.749     1.3167     1.3161     1.3159    32.1250    32.1395  1025.8133    25.7148    311.524    298.832  343.91717     90.581     0.4066     2.0916     0.8844 1.0000e-12      14150         10  0.000e+00
     20.568   64.96160 -169.88352     20.772     1.3164     1.3158     1.3155    32.1251    32.1395  1025.8135    25.7149    311.513    298.847  343.91975     90.577     0.4066     2.0916     0.8844 1.0000e-12      14151         10  0.000e+00
     20.545   64.96160 -169.88352     20.749     1.3160     1.3159     1.3151    32.1253    32.1387  1025.8136    25.7151    311.269    298.864  343.92315     90.505     0.4078     2.0989     0.8844 1.0000e-12      14152         10  0.000e+00
     20.545   64.96160 -169.88352     20.749     1.3156     1.3156     1.3148    32.1258    32.1391  1025.8140    25.7155    311.681    298.861  343.92471     90.625     0.4066     2.0916     0.8831 1.0000e-12      14153         10  0.000e+00
     20.568   64.96160 -169.88352     20.772     1.3155     1.3150     1.3147    32.1266    32.1393  1025.8148    25.7162    311.706    298.660  343.92357     90.632     0.4066     2.0916     0.8844 1.0000e-12      14154         10  0.000e+00
     20.545   64.96160 -169.88352     20.749     1.3156     1.3147     1.3148    32.1267    32.1395  1025.8147    25.7162    311.727    298.875  343.92233     90.639     0.4066     2.0916     0.8844 1.0000e-12      14155         10  0.000e+00
     20.568   64.96160 -169.88352     20.772     1.3155     1.3144     1.3147    32.1266    32.1398  1025.8148    25.7162    311.751    298.888  343.92357     90.645     0.4078     2.0989     0.8844 1.0000e-12      14156         10  0.000e+00
     20.545   64.96160 -169.88352     20.749     1.3150     1.3144     1.3142    32.1262    32.1405  1025.8143    25.7159    311.502    298.694  343.92903     90.572     0.4054     2.0842     0.8844 1.0000e-12      14157         10  0.000e+00
     20.606   64.96160 -169.88352     20.811     1.3144     1.3144     1.3136    32.1271    32.1405  1025.8154    25.7166    311.718    298.484  343.93193     90.634     0.4066     2.0916     0.8844 1.0000e-12      14158         10  0.000e+00
     20.514   64.96160 -169.88352     20.718     1.3160     1.3148     1.3151    32.1269    32.1403  1025.8147    25.7164    311.485    298.659  343.91887     90.569     0.4066     2.0916     0.8844 1.0000e-12      14159         10  0.000e+00
     20.606   64.96160 -169.88352     20.811     1.3165     1.3149     1.3156    32.1267    32.1407  1025.8150    25.7162    311.462    298.668  343.91514     90.564     0.4005     2.0549     0.8844 1.0000e-12      14160         10  0.000e+00
     20.606   64.96160 -169.88352     20.811     1.3169     1.3148     1.3160    32.1258    32.1405  1025.8142    25.7155    311.437    298.681  343.91355     90.557     0.3907     1.9963     0.8844 1.0000e-12      14161         10  0.000e+00
     20.568   64.96160 -169.88352     20.773     1.3165     1.3150     1.3156    32.1254    32.1404  1025.8138    25.7152    311.649    298.668  343.91833     90.617     0.3907     1.9963     0.8844 1.0000e-12      14162         10  0.000e+00
     20.606   64.96160 -169.88352     20.811     1.3158     1.3153     1.3149    32.1259    32.1401  1025.8144    25.7156    311.670    298.482  343.92294     90.622     0.3907     1.9963     0.8831 1.0000e-12      14163         10  0.000e+00
     20.607   64.96160 -169.88352     20.811     1.3157     1.3157     1.3148    32.1275    32.1408  1025.8157    25.7169    311.722    298.660  343.91970     90.638     0.3907     1.9963     0.8831 1.0000e-12      14164         10  0.000e+00
     20.568   64.96160 -169.88352     20.773     1.3158     1.3164     1.3149    32.1298    32.1413  1025.8173    25.7187    311.768    298.656  343.91258     90.653     0.3907     1.9963     0.8831 1.0000e-12      14165         10  0.000e+00
     20.607   64.96160 -169.88352     20.812     1.3172     1.3173     1.3164    32.1307    32.1417  1025.8181    25.7194    311.768    298.658  343.89767     90.657     0.3907     1.9963     0.8831 1.0000e-12      14166         10  0.000e+00
     20.545   64.96160 -169.88352     20.749     1.3195     1.3178     1.3187    32.1306    32.1421  1025.8177    25.7192    311.756    298.665  343.87751     90.659     0.3907     1.9963     0.8831 1.0000e-12      14167         10  0.000e+00
     20.622   64.96160 -169.88352     20.827     1.3204     1.3179     1.3195    32.1311    32.1426  1025.8184    25.7195    311.802    298.477  343.86893     90.675     0.3907     1.9963     0.8831 1.0000e-12      14168         10  0.000e+00
