EcoFOCI/data/1_SampleCollection/2023_SikuliaqDBO_CruiseData/CTD_raw_BottleFile_SKQ23-12S/proc/skq202312s_039.ros
* Sea-Bird SBE 9 Data File:
* FileName = D:\CTD\SKQ202312S\SKQ202312S_039.hex
* Software Version Seasave V 7.26.7.121
* Temperature SN = 6177
* Conductivity SN = 0369
* Number of Bytes Per Scan = 41
* Number of Voltage Words = 4
* Number of Scans Averaged by the Deck Unit = 1
* NMEA Latitude = 71 19.31 N
* NMEA Longitude = 160 39.09 W
* NMEA UTC (Time) = Sep 23 2023  11:49:51
* NMEA baud rate = 4800
** Ship: R/V Sikuliaq
** Station Number: 039
** Station Name: DBO4.2n
** Bottom Depth: 48
** Operator: SD
# nquan = 22
# nvalues = 1127                                  
# units = specified
# name 0 = depSM: Depth [salt water, m]
# name 1 = latitude: Latitude [deg]
# name 2 = longitude: Longitude [deg]
# name 3 = prDM: Pressure, Digiquartz [db]
# name 4 = t090C: Temperature [ITS-90, deg C]
# name 5 = t190C: Temperature, 2 [ITS-90, deg C]
# name 6 = potemp090C: Potential Temperature [ITS-90, deg C]
# name 7 = sal00: Salinity, Practical [PSU]
# name 8 = sal11: Salinity, Practical, 2 [PSU]
# name 9 = density00: Density [density, kg/m^3]
# name 10 = sigma-é00: Density [sigma-theta, kg/m^3]
# name 11 = sbox0Mm/Kg: Oxygen, SBE 43 [umol/kg]
# name 12 = sbox1Mm/Kg: Oxygen, SBE 43, 2 [umol/kg]
# name 13 = oxsolMm/Kg: Oxygen Saturation, Garcia & Gordon [umol/kg]
# name 14 = sbeox0PS: Oxygen, SBE 43 [% saturation]
# name 15 = v0: Voltage 0
# name 16 = flECO-AFL: Fluorescence, WET Labs ECO-AFL/FL [mg/m^3]
# name 17 = CStarAt0: Beam Attenuation, WET Labs C-Star [1/m]
# name 18 = par: PAR/Irradiance, Biospherical/Licor
# name 19 = scan: Scan Count
# name 20 = nbf: Bottles Fired
# name 21 = flag:  0.000e+00
# interval = seconds: 0.0416667
# start_time = Sep 23 2023 11:54:34 [NMEA time, first data scan]
# bad_flag = -9.990e-29
*END*
[from data line 461]
     30.232   71.32200 -160.65108     30.546    -1.6543    -1.6523    -1.6548    32.6158    32.6262  1026.3869    26.2393    261.119    249.221  370.42831     70.491     0.0830     0.1502     0.8240 1.0000e-12      14858         10  0.000e+00
     30.279   71.32200 -160.65108     30.593    -1.6545    -1.6523    -1.6550    32.6161    32.6260  1026.3873    26.2395    261.340    249.243  370.42932     70.551     0.0818     0.1428     0.8240 1.0000e-12      14859         10  0.000e+00
     30.232   71.32200 -160.65108     30.546    -1.6550    -1.6524    -1.6555    32.6166    32.6262  1026.3875    26.2399    261.088    249.229  370.43237     70.482     0.0830     0.1502     0.8240 8.4714e-06      14860         10  0.000e+00
     30.217   71.32200 -160.65108     30.531    -1.6551    -1.6521    -1.6557    32.6168    32.6260  1026.3876    26.2401    261.096    249.212  370.43352     70.484     0.0818     0.1428     0.8240 1.0000e-12      14861         10  0.000e+00
     30.294   71.32200 -160.65108     30.609    -1.6552    -1.6529    -1.6558    32.6167    32.6270  1026.3879    26.2400    261.059    249.202  370.43508     70.474     0.0830     0.1502     0.8240 8.4714e-06      14862         10  0.000e+00
     30.279   71.32200 -160.65108     30.593    -1.6550    -1.6531    -1.6555    32.6160    32.6270  1026.3873    26.2395    261.327    249.185  370.43398     70.546     0.0830     0.1502     0.8240 1.0000e-12      14863         10  0.000e+00
     30.232   71.32200 -160.65108     30.546    -1.6551    -1.6531    -1.6557    32.6166    32.6268  1026.3876    26.2399    261.386    249.165  370.43406     70.562     0.0830     0.1502     0.8240 1.0000e-12      14864         10  0.000e+00
     30.333   71.32200 -160.65108     30.648    -1.6552    -1.6529    -1.6558    32.6164    32.6266  1026.3879    26.2398    261.399    249.181  370.43578     70.565     0.0830     0.1502     0.8240 8.4714e-06      14865         10  0.000e+00
     30.232   71.32200 -160.65108     30.546    -1.6552    -1.6529    -1.6558    32.6165    32.6265  1026.3875    26.2399    261.142    249.158  370.43548     70.496     0.0818     0.1428     0.8240 8.4714e-06      14866         10  0.000e+00
     30.279   71.32200 -160.65108     30.593    -1.6552    -1.6531    -1.6557    32.6167    32.6268  1026.3879    26.2400    261.359    249.139  370.43428     70.555     0.0830     0.1502     0.8240 8.4714e-06      14867         10  0.000e+00
     30.294   71.32200 -160.65108     30.609    -1.6552    -1.6531    -1.6558    32.6166    32.6270  1026.3879    26.2399    261.364    249.116  370.43521     70.556     0.0818     0.1428     0.8228 1.0000e-12      14868         10  0.000e+00
     30.279   71.32200 -160.65108     30.593    -1.6552    -1.6535    -1.6558    32.6168    32.6274  1026.3879    26.2401    261.158    249.324  370.43467     70.500     0.0830     0.1502     0.8228 8.4714e-06      14869         10  0.000e+00
     30.294   71.32200 -160.65108     30.609    -1.6552    -1.6538    -1.6558    32.6166    32.6277  1026.3879    26.2399    261.373    249.365  370.43521     70.558     0.0830     0.1502     0.8228 1.0000e-12      14870         10  0.000e+00
     30.232   71.32200 -160.65108     30.546    -1.6552    -1.6540    -1.6558    32.6168    32.6280  1026.3877    26.2401    261.372    249.401  370.43459     70.558     0.0818     0.1428     0.8228 1.0000e-12      14871         10  0.000e+00
     30.333   71.32200 -160.65108     30.648    -1.6552    -1.6538    -1.6558    32.6162    32.6276  1026.3877    26.2396    261.377    249.441  370.43642     70.559     0.0830     0.1502     0.8228 1.0000e-12      14872         10  0.000e+00
     30.232   71.32200 -160.65108     30.546    -1.6551    -1.6538    -1.6557    32.6163    32.6277  1026.3873    26.2397    261.370    249.472  370.43494     70.558     0.0818     0.1428     0.8228 8.4714e-06      14873         10  0.000e+00
     30.333   71.32200 -160.65108     30.648    -1.6551    -1.6541    -1.6557    32.6164    32.6281  1026.3879    26.2398    261.369    249.477  370.43462     70.557     0.0830     0.1502     0.8228 8.4714e-06      14874         10  0.000e+00
     30.294   71.32200 -160.65108     30.609    -1.6551    -1.6541    -1.6557    32.6167    32.6281  1026.3879    26.2400    261.101    249.507  370.43379     70.485     0.0818     0.1428     0.8228 8.4714e-06      14875         10  0.000e+00
     30.279   71.32200 -160.65108     30.593    -1.6551    -1.6541    -1.6557    32.6168    32.6281  1026.3879    26.2401    261.045    249.306  370.43364     70.470     0.0830     0.1502     0.8228 8.4714e-06      14876         10  0.000e+00
     30.348   71.32200 -160.65108     30.663    -1.6550    -1.6542    -1.6555    32.6162    32.6283  1026.3878    26.2396    260.991    249.536  370.43424     70.455     0.0842     0.1575     0.8228 8.4714e-06      14877         10  0.000e+00
     30.279   71.32200 -160.65108     30.593    -1.6550    -1.6542    -1.6555    32.6160    32.6279  1026.3873    26.2394    261.192    249.529  370.43410     70.510     0.0830     0.1502     0.8228 1.0000e-12      14878         10  0.000e+00
     30.294   71.32200 -160.65108     30.609    -1.6551    -1.6544    -1.6557    32.6164    32.6285  1026.3877    26.2397    261.237    249.292  370.43480     70.522     0.0830     0.1502     0.8228 1.0000e-12      14879         10  0.000e+00
     30.333   71.32200 -160.65108     30.648    -1.6551    -1.6541    -1.6557    32.6166    32.6281  1026.3881    26.2400    261.022    249.479  370.43399     70.464     0.0818     0.1428     0.8228 8.4714e-06      14880         10  0.000e+00
     30.294   71.32200 -160.65108     30.609    -1.6551    -1.6541    -1.6557    32.6165    32.6277  1026.3878    26.2398    261.276    249.237  370.43442     70.532     0.0830     0.1502     0.8228 8.4714e-06      14881         10  0.000e+00
     30.333   71.32200 -160.65108     30.648    -1.6552    -1.6542    -1.6558    32.6163    32.6278  1026.3878    26.2397    261.065    249.194  370.43604     70.475     0.0830     0.1502     0.8228 1.0000e-12      14882         10  0.000e+00
     30.294   71.32200 -160.65108     30.609    -1.6550    -1.6541    -1.6555    32.6164    32.6280  1026.3877    26.2398    261.319    249.408  370.43299     70.544     0.0904     0.1941     0.8228 8.4714e-06      14883         10  0.000e+00
     30.333   71.32200 -160.65108     30.648    -1.6552    -1.6540    -1.6558    32.6166    32.6276  1026.3880    26.2399    261.318    249.426  370.43528     70.544     0.0916     0.2015     0.8228 1.0000e-12      14884         10  0.000e+00
     30.294   71.32200 -160.65108     30.609    -1.6552    -1.6541    -1.6558    32.6166    32.6274  1026.3878    26.2399    261.362    249.212  370.43533     70.555     0.0928     0.2088     0.8228 1.0000e-12      14885         10  0.000e+00
     30.333   71.32200 -160.65108     30.648    -1.6550    -1.6540    -1.6555    32.6162    32.6281  1026.3877    26.2396    261.668    249.425  370.43344     70.638     0.0928     0.2088     0.8228 1.0000e-12      14886         10  0.000e+00
     30.219   71.32200 -160.65110     30.532    -1.6537    -1.6519    -1.6543    32.6152    32.6257  1026.3863    26.2387    260.825    249.012  370.42436     70.412     0.1038     0.2747     0.8215 8.4714e-06      15003         11  0.000e+00
     30.180   71.32200 -160.65110     30.493    -1.6536    -1.6517    -1.6541    32.6151    32.6255  1026.3860    26.2387    260.818    249.188  370.42286     70.411     0.1026     0.2674     0.8202 1.0000e-12      15004         11  0.000e+00
     30.165   71.32200 -160.65110     30.478    -1.6537    -1.6518    -1.6543    32.6150    32.6255  1026.3859    26.2386    260.867    249.167  370.42477     70.424     0.1026     0.2674     0.8202 1.0000e-12      15005         11  0.000e+00
     30.180   71.32200 -160.65110     30.493    -1.6537    -1.6514    -1.6543    32.6152    32.6251  1026.3862    26.2388    260.917    248.945  370.42417     70.437     0.1026     0.2674     0.8202 1.0000e-12      15006         11  0.000e+00
     30.219   71.32200 -160.65110     30.532    -1.6536    -1.6517    -1.6541    32.6151    32.6255  1026.3862    26.2387    260.917    248.928  370.42293     70.438     0.1026     0.2674     0.8202 1.0000e-12      15007         11  0.000e+00
     30.180   71.32200 -160.65110     30.493    -1.6539    -1.6519    -1.6544    32.6155    32.6257  1026.3864    26.2390    260.918    248.909  370.42522     70.437     0.1038     0.2747     0.8190 1.0000e-12      15008         11  0.000e+00
     30.165   71.32200 -160.65110     30.478    -1.6536    -1.6519    -1.6541    32.6149    32.6258  1026.3858    26.2385    260.915    248.924  370.42360     70.437     0.1026     0.2674     0.8177 1.0000e-12      15009         11  0.000e+00
     30.180   71.32200 -160.65110     30.493    -1.6536    -1.6518    -1.6542    32.6153    32.6259  1026.3862    26.2388    261.435    249.139  370.42288     70.577     0.1001     0.2527     0.8164 1.0000e-12      15010         11  0.000e+00
     30.219   71.32200 -160.65110     30.532    -1.6536    -1.6520    -1.6541    32.6151    32.6256  1026.3862    26.2387    261.012    249.127  370.42281     70.463     0.0928     0.2088     0.8177 8.4714e-06      15011         11  0.000e+00
     30.118   71.32200 -160.65110     30.431    -1.6536    -1.6517    -1.6541    32.6151    32.6256  1026.3858    26.2387    261.005    248.907  370.42275     70.461     0.0928     0.2088     0.8164 8.4714e-06      15012         11  0.000e+00
     30.165   71.32200 -160.65110     30.478    -1.6535    -1.6519    -1.6540    32.6150    32.6260  1026.3859    26.2386    261.261    248.861  370.42205     70.531     0.0916     0.2015     0.8164 8.4714e-06      15013         11  0.000e+00
     30.180   71.32200 -160.65110     30.493    -1.6536    -1.6519    -1.6541    32.6147    32.6256  1026.3857    26.2383    261.047    248.814  370.42413     70.473     0.0928     0.2088     0.8164 1.0000e-12      15014         11  0.000e+00
     30.165   71.32200 -160.65110     30.478    -1.6535    -1.6521    -1.6540    32.6148    32.6259  1026.3857    26.2384    261.091    248.799  370.42256     70.485     0.0928     0.2088     0.8177 1.0000e-12      15015         11  0.000e+00
     30.180   71.32200 -160.65110     30.493    -1.6536    -1.6520    -1.6541    32.6151    32.6261  1026.3860    26.2387    261.036    249.016  370.42286     70.470     0.0928     0.2088     0.8164 8.4714e-06      15016         11  0.000e+00
     30.165   71.32200 -160.65110     30.478    -1.6535    -1.6520    -1.6540    32.6152    32.6260  1026.3860    26.2388    261.028    248.804  370.42142     70.468     0.0928     0.2088     0.8164 8.4714e-06      15017         11  0.000e+00
     30.180   71.32200 -160.65110     30.494    -1.6536    -1.6520    -1.6541    32.6149    32.6257  1026.3859    26.2385    261.284    248.793  370.42337     70.536     0.0928     0.2088     0.8164 8.4714e-06      15018         11  0.000e+00
     30.165   71.32200 -160.65110     30.478    -1.6535    -1.6519    -1.6540    32.6147    32.6256  1026.3856    26.2383    261.013    249.011  370.42294     70.463     0.0928     0.2088     0.8164 8.4714e-06      15019         11  0.000e+00
     30.119   71.32200 -160.65110     30.431    -1.6535    -1.6516    -1.6540    32.6145    32.6255  1026.3852    26.2382    261.053    248.799  370.42349     70.474     0.0916     0.2015     0.8177 1.0000e-12      15020         11  0.000e+00
     30.165   71.32200 -160.65110     30.478    -1.6535    -1.6520    -1.6540    32.6145    32.6259  1026.3855    26.2382    261.047    249.024  370.42409     70.472     0.0928     0.2088     0.8177 1.0000e-12      15021         11  0.000e+00
     30.180   71.32200 -160.65110     30.494    -1.6536    -1.6519    -1.6541    32.6149    32.6254  1026.3859    26.2385    261.298    249.013  370.42337     70.540     0.0928     0.2088     0.8164 1.0000e-12      15022         11  0.000e+00
     30.165   71.32200 -160.65110     30.478    -1.6536    -1.6520    -1.6541    32.6149    32.6259  1026.3858    26.2385    261.078    248.804  370.42360     70.481     0.0928     0.2088     0.8164 8.4714e-06      15023         11  0.000e+00
     30.119   71.32200 -160.65110     30.431    -1.6533    -1.6520    -1.6538    32.6145    32.6256  1026.3853    26.2382    261.064    248.760  370.42168     70.477     0.0928     0.2088     0.8177 1.0000e-12      15024         11  0.000e+00
     30.165   71.32200 -160.65110     30.478    -1.6535    -1.6521    -1.6540    32.6145    32.6260  1026.3854    26.2382    261.109    248.752  370.42357     70.489     0.0928     0.2088     0.8177 8.4714e-06      15025         11  0.000e+00
     30.180   71.32200 -160.65110     30.494    -1.6535    -1.6520    -1.6540    32.6148    32.6256  1026.3858    26.2384    261.152    248.745  370.42259     70.501     0.0928     0.2088     0.8164 1.0000e-12      15026         11  0.000e+00
     30.165   71.32200 -160.65110     30.478    -1.6536    -1.6520    -1.6541    32.6149    32.6259  1026.3858    26.2385    261.198    248.933  370.42360     70.513     0.0916     0.2015     0.8164 1.0000e-12      15027         11  0.000e+00
     30.119   71.32200 -160.65110     30.431    -1.6533    -1.6520    -1.6538    32.6150    32.6261  1026.3856    26.2386    261.190    248.956  370.42041     70.512     0.0928     0.2088     0.8177 1.0000e-12      15028         11  0.000e+00
     30.165   71.32200 -160.65110     30.478    -1.6535    -1.6520    -1.6540    32.6150    32.6260  1026.3859    26.2386    261.189    248.982  370.42192     70.511     0.0916     0.2015     0.8164 1.0000e-12      15029         11  0.000e+00
     30.119   71.32200 -160.65110     30.431    -1.6535    -1.6520    -1.6540    32.6146    32.6255  1026.3853    26.2383    261.184    248.775  370.42323     70.510     0.0928     0.2088     0.8177 1.0000e-12      15030         11  0.000e+00
     30.165   71.32200 -160.65110     30.478    -1.6533    -1.6519    -1.6539    32.6147    32.6257  1026.3856    26.2383    261.180    248.768  370.42177     70.509     0.0928     0.2088     0.8177 8.4714e-06      15031         11  0.000e+00
     30.119   71.32200 -160.65110     30.431    -1.6533    -1.6521    -1.6538    32.6146    32.6260  1026.3853    26.2382    260.914    248.763  370.42155     70.437     0.0928     0.2088     0.8177 1.0000e-12      15032         11  0.000e+00
     30.165   71.32200 -160.65110     30.478    -1.6533    -1.6520    -1.6538    32.6148    32.6259  1026.3857    26.2384    261.123    248.760  370.42100     70.494     0.0928     0.2088     0.8164 8.4714e-06      15033         11  0.000e+00
     30.119   71.32200 -160.65110     30.431    -1.6533    -1.6519    -1.6538    32.6146    32.6254  1026.3853    26.2383    261.120    248.755  370.42142     70.493     0.0928     0.2088     0.8177 1.0000e-12      15034         11  0.000e+00
     30.165   71.32200 -160.65110     30.478    -1.6533    -1.6520    -1.6538    32.6151    32.6253  1026.3860    26.2387    261.118    248.724  370.41986     70.493     0.0928     0.2088     0.8177 1.0000e-12      15035         11  0.000e+00
     30.119   71.32200 -160.65110     30.431    -1.6530    -1.6520    -1.6535    32.6146    32.6258  1026.3854    26.2383    261.113    248.719  370.41845     70.491     0.0940     0.2161     0.8177 8.4714e-06      15036         11  0.000e+00
     30.165   71.32200 -160.65110     30.478    -1.6531    -1.6519    -1.6536    32.6148    32.6257  1026.3857    26.2384    261.113    248.720  370.41906     70.491     0.0952     0.2234     0.8164 8.4714e-06      15037         11  0.000e+00
     30.119   71.32200 -160.65110     30.431    -1.6530    -1.6521    -1.6535    32.6148    32.6260  1026.3855    26.2384    261.109    248.721  370.41794     70.490     0.0965     0.2308     0.8177 1.0000e-12      15038         11  0.000e+00
