EcoFOCI/data/1_SampleCollection/2023_SikuliaqDBO_CruiseData/CTD_raw_BottleFile_SKQ23-12S/proc/skq202312s_056.ros
* Sea-Bird SBE 9 Data File:
* FileName = D:\CTD\SKQ202312S\SKQ202312S_056.hex
* Software Version Seasave V 7.26.7.121
* Temperature SN = 6177
* Conductivity SN = 0369
* Number of Bytes Per Scan = 41
* Number of Voltage Words = 4
* Number of Scans Averaged by the Deck Unit = 1
* NMEA Latitude = 71 11.69 N
* NMEA Longitude = 164 11.92 W
* NMEA UTC (Time) = Sep 27 2023  06:41:16
* NMEA baud rate = 4800
** Ship: R/V Sikuliaq
** Station Number: 056
** Station Name: IC6
** Bottom Depth: 44
** Operator: SD
# nquan = 22
# nvalues = 784                                   
# units = specified
# name 0 = depSM: Depth [salt water, m]
# name 1 = latitude: Latitude [deg]
# name 2 = longitude: Longitude [deg]
# name 3 = prDM: Pressure, Digiquartz [db]
# name 4 = t090C: Temperature [ITS-90, deg C]
# name 5 = t190C: Temperature, 2 [ITS-90, deg C]
# name 6 = potemp090C: Potential Temperature [ITS-90, deg C]
# name 7 = sal00: Salinity, Practical [PSU]
# name 8 = sal11: Salinity, Practical, 2 [PSU]
# name 9 = density00: Density [density, kg/m^3]
# name 10 = sigma-é00: Density [sigma-theta, kg/m^3]
# name 11 = sbox0Mm/Kg: Oxygen, SBE 43 [umol/kg]
# name 12 = sbox1Mm/Kg: Oxygen, SBE 43, 2 [umol/kg]
# name 13 = oxsolMm/Kg: Oxygen Saturation, Garcia & Gordon [umol/kg]
# name 14 = sbeox0PS: Oxygen, SBE 43 [% saturation]
# name 15 = v0: Voltage 0
# name 16 = flECO-AFL: Fluorescence, WET Labs ECO-AFL/FL [mg/m^3]
# name 17 = CStarAt0: Beam Attenuation, WET Labs C-Star [1/m]
# name 18 = par: PAR/Irradiance, Biospherical/Licor
# name 19 = scan: Scan Count
# name 20 = nbf: Bottles Fired
# name 21 = flag:  0.000e+00
# interval = seconds: 0.0416667
# start_time = Sep 27 2023 06:45:52 [NMEA time, first data scan]
# bad_flag = -9.990e-29
*END*
     38.670   71.19488 -164.19864     39.072    -0.8806    -0.8804    -0.8815    32.3556    32.3675  1026.1944    26.0065    290.330    276.255  363.55996     79.858     0.1062     0.2894     1.6550 1.0000e-12       5767          1  0.000e+00
     38.678   71.19488 -164.19864     39.080    -0.8805    -0.8802    -0.8814    32.3552    32.3680  1026.1941    26.0061    289.600    276.287  363.56006     79.657     0.1074     0.2967     1.6550 8.4714e-06       5768          1  0.000e+00
     38.678   71.19488 -164.19864     39.080    -0.8810    -0.8806    -0.8819    32.3556    32.3679  1026.1945    26.0065    290.202    276.100  363.56332     79.822     0.1062     0.2894     1.6566 8.4714e-06       5769          1  0.000e+00
     38.732   71.19488 -164.19864     39.135    -0.8813    -0.8804    -0.8822    32.3555    32.3674  1026.1947    26.0064    290.234    276.075  363.56627     79.830     0.1074     0.2967     1.6676 1.0000e-12       5770          1  0.000e+00
     38.624   71.19488 -164.19864     39.026    -0.8815    -0.8804    -0.8825    32.3557    32.3676  1026.1943    26.0066    290.258    276.076  363.56858     79.836     0.1062     0.2894     1.6723 8.4714e-06       5771          1  0.000e+00
     38.678   71.19488 -164.19864     39.080    -0.8817    -0.8802    -0.8826    32.3560    32.3678  1026.1948    26.0069    289.779    276.083  363.56932     79.704     0.1074     0.2967     1.6723 8.4714e-06       5772          1  0.000e+00
     38.732   71.19488 -164.19864     39.135    -0.8815    -0.8802    -0.8825    32.3561    32.3673  1026.1951    26.0069    290.216    276.093  363.56743     79.824     0.1062     0.2894     1.6723 1.0000e-12       5773          1  0.000e+00
     38.678   71.19488 -164.19864     39.080    -0.8811    -0.8802    -0.8820    32.3556    32.3677  1026.1945    26.0065    290.031    276.099  363.56444     79.774     0.1074     0.2967     1.6723 8.4714e-06       5774          1  0.000e+00
     38.678   71.19488 -164.19864     39.080    -0.8811    -0.8802    -0.8820    32.3558    32.3678  1026.1947    26.0067    290.261    276.077  363.56371     79.838     0.1062     0.2894     1.6723 8.4714e-06       5775          1  0.000e+00
     38.678   71.19488 -164.19864     39.080    -0.8811    -0.8801    -0.8820    32.3557    32.3677  1026.1946    26.0066    290.082    276.055  363.56396     79.788     0.1074     0.2967     1.6723 8.4714e-06       5776          1  0.000e+00
     38.732   71.19488 -164.19864     39.135    -0.8805    -0.8801    -0.8814    32.3556    32.3676  1026.1947    26.0065    290.106    276.035  363.55894     79.796     0.1087     0.3040     1.6723 1.0000e-12       5777          1  0.000e+00
     38.678   71.19488 -164.19864     39.080    -0.8805    -0.8804    -0.8814    32.3554    32.3680  1026.1943    26.0064    290.338    276.014  363.55933     79.860     0.1074     0.2967     1.6723 1.0000e-12       5778          1  0.000e+00
     38.678   71.19488 -164.19864     39.080    -0.8803    -0.8802    -0.8813    32.3556    32.3676  1026.1944    26.0065    290.410    275.991  363.55723     79.880     0.1087     0.3040     1.6723 8.4714e-06       5779          1  0.000e+00
     38.732   71.19488 -164.19864     39.134    -0.8799    -0.8800    -0.8808    32.3551    32.3674  1026.1943    26.0061    290.688    275.970  363.55419     79.957     0.1074     0.2967     1.6723 1.0000e-12       5780          1  0.000e+00
     38.678   71.19488 -164.19864     39.080    -0.8801    -0.8800    -0.8810    32.3549    32.3678  1026.1939    26.0059    290.553    275.945  363.55632     79.920     0.1087     0.3040     1.6723 1.0000e-12       5781          1  0.000e+00
     38.678   71.19488 -164.19864     39.080    -0.8799    -0.8796    -0.8808    32.3555    32.3677  1026.1944    26.0064    290.719    275.953  363.55300     79.966     0.1074     0.2967     1.6723 8.4714e-06       5782          1  0.000e+00
     38.678   71.19488 -164.19864     39.080    -0.8799    -0.8795    -0.8808    32.3547    32.3680  1026.1938    26.0058    290.746    275.963  363.55518     79.973     0.1087     0.3040     1.6723 1.0000e-12       5783          1  0.000e+00
     38.732   71.19488 -164.19864     39.134    -0.8801    -0.8789    -0.8810    32.3551    32.3676  1026.1943    26.0061    290.773    275.941  363.55592     79.980     0.1074     0.2967     1.6723 8.4714e-06       5784          1  0.000e+00
     38.739   71.19488 -164.19864     39.142    -0.8802    -0.8790    -0.8811    32.3553    32.3676  1026.1945    26.0062    290.795    275.955  363.55645     79.986     0.1074     0.2967     1.6723 1.0000e-12       5785          1  0.000e+00
     38.678   71.19488 -164.19864     39.080    -0.8803    -0.8790    -0.8813    32.3555    32.3678  1026.1943    26.0064    290.814    275.966  363.55760     79.991     0.1087     0.3040     1.6723 1.0000e-12       5786          1  0.000e+00
     38.732   71.19488 -164.19864     39.134    -0.8803    -0.8789    -0.8813    32.3553    32.3674  1026.1945    26.0063    290.834    275.727  363.55793     79.997     0.1074     0.2967     1.6723 8.4714e-06       5787          1  0.000e+00
     38.678   71.19488 -164.19864     39.080    -0.8806    -0.8792    -0.8815    32.3555    32.3674  1026.1944    26.0064    290.646    275.906  363.56021     79.944     0.1087     0.3040     1.6723 1.0000e-12       5788          1  0.000e+00
     38.739   71.19488 -164.19864     39.142    -0.8805    -0.8789    -0.8814    32.3553    32.3673  1026.1945    26.0063    290.871    275.891  363.55968     80.006     0.1074     0.2967     1.6723 8.4714e-06       5789          1  0.000e+00
     38.678   71.19488 -164.19864     39.080    -0.8806    -0.8792    -0.8815    32.3554    32.3677  1026.1943    26.0063    290.633    275.875  363.56057     79.941     0.1087     0.3040     1.6723 8.4714e-06       5790          1  0.000e+00
     38.732   71.19488 -164.19864     39.134    -0.8805    -0.8792    -0.8814    32.3557    32.3675  1026.1948    26.0066    290.602    275.894  363.55846     79.933     0.1074     0.2967     1.6707 1.0000e-12       5791          1  0.000e+00
     38.739   71.19488 -164.19864     39.142    -0.8806    -0.8792    -0.8815    32.3556    32.3676  1026.1947    26.0065    290.319    275.912  363.56007     79.855     0.1087     0.3040     1.6707 1.0000e-12       5792          1  0.000e+00
     38.678   71.19488 -164.19864     39.080    -0.8806    -0.8792    -0.8815    32.3557    32.3673  1026.1945    26.0066    290.745    275.929  363.55972     79.972     0.1074     0.2967     1.6723 8.4714e-06       5793          1  0.000e+00
     38.732   71.19488 -164.19864     39.134    -0.8806    -0.8792    -0.8815    32.3559    32.3672  1026.1949    26.0067    290.763    275.920  363.55921     79.977     0.1074     0.2967     1.6723 1.0000e-12       5794          1  0.000e+00
     38.739   71.19488 -164.19864     39.142    -0.8803    -0.8793    -0.8813    32.3555    32.3677  1026.1946    26.0064    290.775    275.909  363.55758     79.980     0.1074     0.2967     1.6707 1.0000e-12       5795          1  0.000e+00
     38.739   71.19488 -164.19864     39.142    -0.8806    -0.8790    -0.8815    32.3557    32.3675  1026.1949    26.0066    290.838    275.895  363.55959     79.997     0.1074     0.2967     1.6723 1.0000e-12       5796          1  0.000e+00
     38.677   71.19488 -164.19864     39.080    -0.8805    -0.8789    -0.8814    32.3558    32.3670  1026.1946    26.0066    290.846    275.882  363.55836     80.000     0.1087     0.3040     1.6707 1.0000e-12       5797          1  0.000e+00
     38.731   71.19488 -164.19864     39.134    -0.8805    -0.8796    -0.8814    32.3556    32.3680  1026.1948    26.0065    290.908    275.652  363.55870     80.017     0.1074     0.2967     1.6707 8.4714e-06       5798          1  0.000e+00
     38.739   71.19488 -164.19864     39.142    -0.8805    -0.8798    -0.8814    32.3553    32.3679  1026.1946    26.0063    290.918    275.838  363.55956     80.019     0.1074     0.2967     1.6707 8.4714e-06       5799          1  0.000e+00
     38.739   71.19488 -164.19864     39.142    -0.8805    -0.8798    -0.8814    32.3554    32.3677  1026.1946    26.0064    290.926    275.860  363.55932     80.022     0.1074     0.2967     1.6707 1.0000e-12       5800          1  0.000e+00
     38.670   71.19488 -164.19864     39.072    -0.8808    -0.8796    -0.8817    32.3555    32.3671  1026.1943    26.0064    290.932    275.880  363.56194     80.023     0.1074     0.2967     1.6707 1.0000e-12       5801          1  0.000e+00
     38.739   71.19488 -164.19864     39.142    -0.8805    -0.8801    -0.8814    32.3550    32.3678  1026.1943    26.0060    290.937    275.877  363.56041     80.024     0.1050     0.2820     1.6707 1.0000e-12       5802          1  0.000e+00
     38.739   71.19488 -164.19864     39.142    -0.8808    -0.8798    -0.8817    32.3555    32.3674  1026.1947    26.0064    290.940    275.868  363.56193     80.025     0.1050     0.2820     1.6707 1.0000e-12       5803          1  0.000e+00
     38.739   71.19488 -164.19864     39.142    -0.8808    -0.8801    -0.8817    32.3556    32.3676  1026.1948    26.0065    290.989    275.862  363.56169     80.039     0.1050     0.2820     1.6707 1.0000e-12       5804          1  0.000e+00
     38.731   71.19488 -164.19864     39.134    -0.8810    -0.8804    -0.8819    32.3556    32.3677  1026.1947    26.0065    290.991    275.857  363.56329     80.038     0.1050     0.2820     1.6707 1.0000e-12       5805          1  0.000e+00
     38.739   71.19488 -164.19864     39.142    -0.8810    -0.8804    -0.8819    32.3557    32.3679  1026.1949    26.0066    290.989    275.881  363.56294     80.038     0.1062     0.2894     1.6707 1.0000e-12       5806          1  0.000e+00
     38.739   71.19488 -164.19864     39.142    -0.8810    -0.8802    -0.8819    32.3559    32.3675  1026.1950    26.0068    290.984    275.906  363.56234     80.037     0.1050     0.2820     1.6707 1.0000e-12       5807          1  0.000e+00
     38.731   71.19488 -164.19864     39.134    -0.8810    -0.8804    -0.8819    32.3558    32.3676  1026.1949    26.0067    290.978    275.710  363.56257     80.035     0.1062     0.2894     1.6707 1.0000e-12       5808          1  0.000e+00
     38.739   71.19488 -164.19864     39.142    -0.8806    -0.8802    -0.8815    32.3552    32.3675  1026.1945    26.0062    290.969    275.932  363.56104     80.033     0.1050     0.2820     1.6723 8.4714e-06       5809          1  0.000e+00
     38.677   71.19488 -164.19864     39.079    -0.8813    -0.8806    -0.8822    32.3558    32.3681  1026.1946    26.0066    291.214    275.737  363.56557     80.099     0.1050     0.2820     1.6644 1.0000e-12       5810          1  0.000e+00
     38.785   71.19488 -164.19864     39.188    -0.8810    -0.8802    -0.8819    32.3556    32.3678  1026.1950    26.0065    290.744    275.934  363.56314     79.971     0.1050     0.2820     1.6581 1.0000e-12       5811          1  0.000e+00
     38.677   71.19488 -164.19864     39.079    -0.8811    -0.8802    -0.8820    32.3557    32.3678  1026.1946    26.0066    290.679    275.707  363.56396     79.953     0.1050     0.2820     1.6566 8.4714e-06       5812          1  0.000e+00
     38.739   71.19488 -164.19864     39.142    -0.8811    -0.8800    -0.8820    32.3555    32.3678  1026.1947    26.0065    290.523    275.935  363.56455     79.910     0.1050     0.2820     1.6566 1.0000e-12       5813          1  0.000e+00
     38.739   71.19488 -164.19864     39.142    -0.8814    -0.8800    -0.8823    32.3562    32.3681  1026.1952    26.0070    290.558    275.938  363.56608     79.919     0.1050     0.2820     1.6566 8.4714e-06       5814          1  0.000e+00
     38.731   71.19488 -164.19864     39.134    -0.8813    -0.8800    -0.8822    32.3559    32.3677  1026.1950    26.0068    290.398    275.942  363.56518     79.875     0.1062     0.2894     1.6581 8.4714e-06       5815          1  0.000e+00
     38.673   71.19488 -164.19864     39.075    -0.8823    -0.8811    -0.8833    32.3559    32.3677  1026.1948    26.0068    290.097    276.716  363.57553     79.790     0.1074     0.2967     1.6581 1.0000e-12       6038          2  0.000e+00
     38.665   71.19488 -164.19864     39.067    -0.8823    -0.8810    -0.8833    32.3559    32.3677  1026.1947    26.0068    290.061    276.908  363.57563     79.780     0.1074     0.2967     1.6581 1.0000e-12       6039          2  0.000e+00
     38.673   71.19488 -164.19864     39.075    -0.8826    -0.8810    -0.8835    32.3566    32.3679  1026.1953    26.0074    290.029    276.712  363.57644     79.771     0.1074     0.2967     1.6581 1.0000e-12       6040          2  0.000e+00
     38.673   71.19488 -164.19864     39.075    -0.8822    -0.8810    -0.8831    32.3558    32.3678  1026.1947    26.0067    289.995    276.901  363.57427     79.762     0.1087     0.3040     1.6581 1.0000e-12       6041          2  0.000e+00
     38.673   71.19488 -164.19864     39.075    -0.8822    -0.8809    -0.8831    32.3556    32.3674  1026.1945    26.0065    289.966    276.699  363.57488     79.754     0.1074     0.2967     1.6581 1.0000e-12       6042          2  0.000e+00
     38.727   71.19488 -164.19864     39.130    -0.8822    -0.8810    -0.8831    32.3554    32.3679  1026.1946    26.0064    290.194    276.916  363.57534     79.817     0.1087     0.3040     1.6581 1.0000e-12       6043          2  0.000e+00
     38.619   71.19488 -164.19864     39.020    -0.8823    -0.8807    -0.8833    32.3556    32.3674  1026.1943    26.0066    289.958    276.930  363.57640     79.752     0.1074     0.2967     1.6581 1.0000e-12       6044          2  0.000e+00
     38.735   71.19488 -164.19864     39.137    -0.8820    -0.8809    -0.8830    32.3556    32.3672  1026.1948    26.0065    290.439    276.952  363.57374     79.885     0.1074     0.2967     1.6597 1.0000e-12       6045          2  0.000e+00
     38.665   71.19488 -164.19864     39.067    -0.8822    -0.8811    -0.8831    32.3557    32.3674  1026.1946    26.0066    289.999    276.966  363.57450     79.763     0.1074     0.2967     1.6581 8.4714e-06       6046          2  0.000e+00
     38.673   71.19488 -164.19864     39.075    -0.8822    -0.8813    -0.8831    32.3557    32.3677  1026.1946    26.0066    289.974    276.723  363.57464     79.756     0.1074     0.2967     1.6581 8.4714e-06       6047          2  0.000e+00
     38.735   71.19488 -164.19864     39.137    -0.8822    -0.8813    -0.8831    32.3560    32.3676  1026.1951    26.0069    289.952    276.704  363.57365     79.751     0.1074     0.2967     1.6581 1.0000e-12       6048          2  0.000e+00
     38.665   71.19488 -164.19864     39.067    -0.8820    -0.8813    -0.8829    32.3558    32.3677  1026.1947    26.0067    289.926    276.678  363.57252     79.744     0.1074     0.2967     1.6581 1.0000e-12       6049          2  0.000e+00
     38.673   71.19488 -164.19864     39.075    -0.8822    -0.8813    -0.8831    32.3557    32.3678  1026.1946    26.0066    289.909    276.654  363.57451     79.738     0.1087     0.3040     1.6581 8.4714e-06       6050          2  0.000e+00
     38.673   71.19488 -164.19864     39.075    -0.8823    -0.8811    -0.8833    32.3556    32.3678  1026.1945    26.0066    289.893    276.659  363.57637     79.734     0.1074     0.2967     1.6581 1.0000e-12       6051          2  0.000e+00
     38.735   71.19488 -164.19864     39.137    -0.8823    -0.8813    -0.8833    32.3557    32.3676  1026.1949    26.0066    289.879    276.637  363.57624     79.730     0.1087     0.3040     1.6581 1.0000e-12       6052          2  0.000e+00
     38.665   71.19488 -164.19864     39.067    -0.8822    -0.8810    -0.8831    32.3555    32.3676  1026.1944    26.0064    289.862    276.606  363.57523     79.725     0.1074     0.2967     1.6534 8.4714e-06       6053          2  0.000e+00
