EcoFOCI/data/1_SampleCollection/2023_SikuliaqDBO_CruiseData/CTD_raw_BottleFile_SKQ23-12S/proc/skq202312s_037.ros
* Sea-Bird SBE 9 Data File:
* FileName = D:\CTD\SKQ202312S\SKQ202312S_037.hex
* Software Version Seasave V 7.26.7.121
* Temperature SN = 6177
* Conductivity SN = 0369
* Number of Bytes Per Scan = 41
* Number of Voltage Words = 4
* Number of Scans Averaged by the Deck Unit = 1
* NMEA Latitude = 71 11.55 N
* NMEA Longitude = 160 15.97 W
* NMEA UTC (Time) = Sep 23 2023  07:57:53
* NMEA baud rate = 4800
** Ship: R/V Sikuliaq
** Station Number: 037
** Station Name: DBO4.1n
** Bottom Depth: 54
** Operator: SS
# nquan = 22
# nvalues = 980                                   
# units = specified
# name 0 = depSM: Depth [salt water, m]
# name 1 = latitude: Latitude [deg]
# name 2 = longitude: Longitude [deg]
# name 3 = prDM: Pressure, Digiquartz [db]
# name 4 = t090C: Temperature [ITS-90, deg C]
# name 5 = t190C: Temperature, 2 [ITS-90, deg C]
# name 6 = potemp090C: Potential Temperature [ITS-90, deg C]
# name 7 = sal00: Salinity, Practical [PSU]
# name 8 = sal11: Salinity, Practical, 2 [PSU]
# name 9 = density00: Density [density, kg/m^3]
# name 10 = sigma-é00: Density [sigma-theta, kg/m^3]
# name 11 = sbox0Mm/Kg: Oxygen, SBE 43 [umol/kg]
# name 12 = sbox1Mm/Kg: Oxygen, SBE 43, 2 [umol/kg]
# name 13 = oxsolMm/Kg: Oxygen Saturation, Garcia & Gordon [umol/kg]
# name 14 = sbeox0PS: Oxygen, SBE 43 [% saturation]
# name 15 = v0: Voltage 0
# name 16 = flECO-AFL: Fluorescence, WET Labs ECO-AFL/FL [mg/m^3]
# name 17 = CStarAt0: Beam Attenuation, WET Labs C-Star [1/m]
# name 18 = par: PAR/Irradiance, Biospherical/Licor
# name 19 = scan: Scan Count
# name 20 = nbf: Bottles Fired
# name 21 = flag:  0.000e+00
# interval = seconds: 0.0416667
# start_time = Sep 23 2023 08:01:24 [NMEA time, first data scan]
# bad_flag = -9.990e-29
*END*
[from data line 659]
     10.252   71.19248 -160.26610     10.358     0.4744     0.5072     0.4741    30.7694    30.7547  1024.7209    24.6713    431.346    406.119  355.17818    121.445     0.1905     0.7949     0.5247 1.6384e-02      26756         14  0.000e+00
     10.275   71.19248 -160.26610     10.381     0.4956     0.5092     0.4952    30.7477    30.7532  1024.7026    24.6529    431.369    406.174  355.04180    121.498     0.1905     0.7949     0.5247 1.6384e-02      26757         14  0.000e+00
     10.221   71.19248 -160.26610     10.326     0.5045     0.5116     0.5042    30.7380    30.7502  1024.6940    24.6446    431.023    406.233  354.98561    121.420     0.1905     0.7949     0.5259 1.5627e-02      26758         14  0.000e+00
     10.275   71.19248 -160.26610     10.381     0.5010     0.5141     0.5006    30.7415    30.7475  1024.6973    24.6476    431.045    406.304  355.00888    121.418     0.1905     0.7949     0.5271 1.5251e-02      26759         14  0.000e+00
     10.221   71.19248 -160.26610     10.327     0.4950     0.5145     0.4946    30.7483    30.7473  1024.7027    24.6533    431.083    406.579  355.04604    121.416     0.1893     0.7875     0.5271 1.5251e-02      26760         14  0.000e+00
     10.252   71.19248 -160.26610     10.358     0.4903     0.5138     0.4900    30.7531    30.7481  1024.7070    24.6574    431.117    406.690  355.07561    121.416     0.1905     0.7949     0.5271 1.8295e-02      26761         14  0.000e+00
     10.275   71.19248 -160.26610     10.381     0.4849     0.5128     0.4846    30.7582    30.7491  1024.7115    24.6619    431.161    406.593  355.11136    121.416     0.1905     0.7949     0.5271 2.1016e-02      26762         14  0.000e+00
     10.221   71.19248 -160.26610     10.327     0.4814     0.5122     0.4810    30.7619    30.7494  1024.7144    24.6650    431.183    406.898  355.13415    121.414     0.1905     0.7949     0.5271 2.1409e-02      26763         14  0.000e+00
     10.221   71.19248 -160.26610     10.327     0.4790     0.5112     0.4787    30.7646    30.7503  1024.7167    24.6673    431.153    406.784  355.14849    121.401     0.1905     0.7949     0.5271 2.5402e-02      26764         14  0.000e+00
     10.275   71.19248 -160.26610     10.381     0.4773     0.5095     0.4770    30.7658    30.7523  1024.7180    24.6683    431.166    407.087  355.16056    121.400     0.1905     0.7949     0.5271 3.0762e-02      26765         14  0.000e+00
     10.275   71.19248 -160.26610     10.381     0.4740     0.5080     0.4737    30.7693    30.7537  1024.7209    24.6712    431.192    407.203  355.18162    121.400     0.1905     0.7949     0.5259 3.2027e-02      26766         14  0.000e+00
     10.191   71.19248 -160.26610     10.296     0.4693     0.5067     0.4689    30.7747    30.7544  1024.7251    24.6759    431.228    407.318  355.21090    121.401     0.1905     0.7949     0.5259 3.5021e-02      26767         14  0.000e+00
     10.275   71.19248 -160.26610     10.381     0.4643     0.5070     0.4640    30.7794    30.7541  1024.7296    24.6799    431.279    407.403  355.24340    121.404     0.1905     0.7949     0.5271 4.1188e-02      26768         14  0.000e+00
     10.221   71.19248 -160.26610     10.327     0.4606     0.5065     0.4603    30.7828    30.7545  1024.7322    24.6828    431.269    407.705  355.26863    121.392     0.1905     0.7949     0.5259 4.2996e-02      26769         14  0.000e+00
     10.275   71.19248 -160.26610     10.382     0.4586     0.5061     0.4583    30.7841    30.7552  1024.7336    24.6839    431.249    407.827  355.28367    121.382     0.1905     0.7949     0.5271 3.9846e-02      26770         14  0.000e+00
     10.276   71.19248 -160.26610     10.382     0.4575     0.5067     0.4572    30.7853    30.7543  1024.7346    24.6850    431.259    407.726  355.29012    121.382     0.1905     0.7949     0.5271 3.1183e-02      26771         14  0.000e+00
     10.252   71.19248 -160.26610     10.358     0.4570     0.5075     0.4567    30.7858    30.7532  1024.7349    24.6854    431.264    408.028  355.29346    121.383     0.1905     0.7949     0.5259 2.8264e-02      26772         14  0.000e+00
     10.222   71.19248 -160.26610     10.327     0.4583     0.5078     0.4580    30.7845    30.7535  1024.7336    24.6842    431.254    408.116  355.28529    121.382     0.1893     0.7875     0.5271 2.6214e-02      26773         14  0.000e+00
     10.276   71.19248 -160.26610     10.382     0.4637     0.5078     0.4634    30.7795    30.7535  1024.7296    24.6800    431.209    408.187  355.24895    121.382     0.1905     0.7949     0.5271 1.8295e-02      26774         14  0.000e+00
     10.222   71.19248 -160.26610     10.327     0.4699     0.5071     0.4696    30.7730    30.7541  1024.7238    24.6744    431.154    408.258  355.20950    121.380     0.1905     0.7949     0.5259 1.4875e-02      26775         14  0.000e+00
     10.276   71.19248 -160.26610     10.382     0.4740     0.5058     0.4737    30.7685    30.7555  1024.7203    24.6706    431.127    408.370  355.18363    121.381     0.1856     0.7656     0.5271 1.4500e-02      26776         14  0.000e+00
     10.253   71.19248 -160.26610     10.359     0.4788     0.5047     0.4785    30.7641    30.7560  1024.7164    24.6668    431.045    408.477  355.15152    121.369     0.1685     0.6630     0.5271 1.3012e-02      26777         14  0.000e+00
     10.276   71.19248 -160.26610     10.382     0.4843     0.5046     0.4840    30.7588    30.7553  1024.7120    24.6623    431.003    408.553  355.11558    121.370     0.1612     0.6190     0.5271 1.1906e-02      26778         14  0.000e+00
     10.276   71.19248 -160.26610     10.382     0.4886     0.5049     0.4883    30.7547    30.7547  1024.7085    24.6588    430.974    408.620  355.08710    121.371     0.1624     0.6264     0.5283 1.1906e-02      26779         14  0.000e+00
     10.222   71.19248 -160.26610     10.327     0.4872     0.5050     0.4869    30.7566    30.7544  1024.7098    24.6604    430.997    408.902  355.09486    121.375     0.1624     0.6264     0.5283 1.9455e-02      26780         14  0.000e+00
     10.276   71.19248 -160.26610     10.382     0.4821     0.5050     0.4818    30.7617    30.7542  1024.7145    24.6648    431.064    409.002  355.12748    121.383     0.1624     0.6264     0.5283 2.4192e-02      26781         14  0.000e+00
     10.276   71.19248 -160.26610     10.382     0.4795     0.5052     0.4792    30.7650    30.7539  1024.7172    24.6676    430.864    408.853  355.14274    121.321     0.1624     0.6264     0.5283 2.4997e-02      26782         14  0.000e+00
     10.399   71.19248 -160.26610     10.507     0.4988     0.5072     0.4985    30.7467    30.7381  1024.7022    24.6519    425.460    406.869  355.01472    119.843     0.1636     0.6337     0.5294 1.3012e-02      26951         15  0.000e+00
     10.345   71.19248 -160.26610     10.452     0.4984     0.5075     0.4980    30.7470    30.7380  1024.7022    24.6522    425.359    406.873  355.01810    119.813     0.1636     0.6337     0.5294 1.6005e-02      26952         15  0.000e+00
     10.461   71.19248 -160.26610     10.569     0.4971     0.5080     0.4968    30.7481    30.7381  1024.7036    24.6531    425.293    406.884  355.02647    119.792     0.1636     0.6337     0.5294 1.9067e-02      26953         15  0.000e+00
     10.399   71.19248 -160.26610     10.507     0.4956     0.5084     0.4952    30.7499    30.7381  1024.7049    24.6546    424.950    406.888  355.03596    119.692     0.1636     0.6337     0.5294 1.9455e-02      26954         15  0.000e+00
     10.369   71.19248 -160.26610     10.476     0.4947     0.5085     0.4943    30.7508    30.7378  1024.7055    24.6554    424.820    406.900  355.04149    119.654     0.1648     0.6410     0.5294 2.3791e-02      26955         15  0.000e+00
     10.400   71.19248 -160.26610     10.507     0.4928     0.5088     0.4924    30.7529    30.7379  1024.7075    24.6572    424.764    406.884  355.05330    119.634     0.1673     0.6557     0.5294 2.9508e-02      26956         15  0.000e+00
     10.400   71.19248 -160.26610     10.507     0.4908     0.5086     0.4904    30.7546    30.7391  1024.7089    24.6586    424.729    406.869  355.06724    119.619     0.1673     0.6557     0.5294 3.0762e-02      26957         15  0.000e+00
     10.400   71.19248 -160.26610     10.507     0.4897     0.5086     0.4894    30.7555    30.7398  1024.7097    24.6594    424.659    406.667  355.07457    119.597     0.1673     0.6557     0.5294 2.9508e-02      26958         15  0.000e+00
     10.400   71.19248 -160.26610     10.507     0.4898     0.5087     0.4895    30.7550    30.7398  1024.7093    24.6590    424.071    406.655  355.07485    119.431     0.1685     0.6630     0.5306 2.7440e-02      26959         15  0.000e+00
     10.346   71.19248 -160.26610     10.453     0.4926     0.5080     0.4922    30.7522    30.7408  1024.7066    24.6566    423.870    406.621  355.05746    119.381     0.1673     0.6557     0.5294 2.7030e-02      26960         15  0.000e+00
     10.485   71.19248 -160.26610     10.593     0.4967     0.5075     0.4963    30.7472    30.7416  1024.7030    24.6524    423.493    406.382  355.03308    119.283     0.1685     0.6630     0.5283 2.4997e-02      26961         15  0.000e+00
     10.400   71.19248 -160.26610     10.507     0.5018     0.5075     0.5014    30.7412    30.7415  1024.6976    24.6474    423.317    406.317  355.00255    119.243     0.1673     0.6557     0.5294 1.9455e-02      26962         15  0.000e+00
     10.400   71.19248 -160.26610     10.507     0.5059     0.5073     0.5056    30.7365    30.7416  1024.6936    24.6433    423.131    406.260  354.97693    119.200     0.1685     0.6630     0.5294 1.7528e-02      26963         15  0.000e+00
     10.400   71.19248 -160.26610     10.507     0.5111     0.5072     0.5107    30.7310    30.7424  1024.6889    24.6387    422.760    406.203  354.94461    119.106     0.1661     0.6483     0.5283 1.8295e-02      26964         15  0.000e+00
     10.400   71.19248 -160.26610     10.507     0.5165     0.5073     0.5161    30.7255    30.7425  1024.6843    24.6340    422.609    405.932  354.90970    119.075     0.1685     0.6630     0.5283 2.2199e-02      26965         15  0.000e+00
     10.431   71.19248 -160.26610     10.539     0.5191     0.5080     0.5187    30.7239    30.7416  1024.6830    24.6326    422.266    405.851  354.88994    118.985     0.1661     0.6483     0.5283 2.4192e-02      26966         15  0.000e+00
     10.346   71.19248 -160.26610     10.453     0.5230     0.5088     0.5226    30.7202    30.7402  1024.6794    24.6294    422.089    405.765  354.86413    118.944     0.1673     0.6557     0.5294 2.4192e-02      26967         15  0.000e+00
     10.400   71.19248 -160.26610     10.507     0.5272     0.5093     0.5268    30.7166    30.7398  1024.6766    24.6263    421.940    405.478  354.83550    118.911     0.1661     0.6483     0.5294 2.1409e-02      26968         15  0.000e+00
     10.400   71.19248 -160.26610     10.508     0.5274     0.5126     0.5270    30.7168    30.7361  1024.6767    24.6265    421.850    405.356  354.83294    118.887     0.1685     0.6630     0.5294 2.0233e-02      26969         15  0.000e+00
     10.400   71.19248 -160.26610     10.508     0.5234     0.5151     0.5231    30.7210    30.7338  1024.6803    24.6301    421.582    405.457  354.85775    118.803     0.1661     0.6483     0.5294 2.0233e-02      26970         15  0.000e+00
     10.369   71.19248 -160.26610     10.476     0.5193     0.5167     0.5189    30.7252    30.7323  1024.6838    24.6337    421.782    405.169  354.88475    118.850     0.1673     0.6557     0.5294 1.9455e-02      26971         15  0.000e+00
     10.400   71.19248 -160.26610     10.508     0.5155     0.5168     0.5152    30.7296    30.7316  1024.6876    24.6373    421.805    405.089  354.90739    118.849     0.1685     0.6630     0.5283 1.8681e-02      26972         15  0.000e+00
     10.400   71.19248 -160.26610     10.508     0.5135     0.5173     0.5132    30.7311    30.7302  1024.6889    24.6387    421.357    405.011  354.92154    118.718     0.1673     0.6557     0.5283 1.8681e-02      26973         15  0.000e+00
     10.346   71.19248 -160.26610     10.453     0.5143     0.5172     0.5140    30.7300    30.7296  1024.6877    24.6377    421.502    404.724  354.91750    118.761     0.1685     0.6630     0.5283 2.4594e-02      26974         15  0.000e+00
     10.400   71.19248 -160.26610     10.508     0.5159     0.5164     0.5155    30.7281    30.7302  1024.6864    24.6361    421.276    404.641  354.90823    118.700     0.1673     0.6557     0.5283 3.0343e-02      26975         15  0.000e+00
     10.370   71.19248 -160.26610     10.477     0.5157     0.5165     0.5154    30.7286    30.7301  1024.6867    24.6366    421.240    404.550  354.90790    118.690     0.1685     0.6630     0.5283 3.1183e-02      26976         15  0.000e+00
     10.400   71.19248 -160.26610     10.508     0.5131     0.5174     0.5127    30.7314    30.7292  1024.6892    24.6389    421.259    404.489  354.92500    118.690     0.1673     0.6557     0.5283 2.9508e-02      26977         15  0.000e+00
     10.347   71.19248 -160.26610     10.453     0.5134     0.5174     0.5131    30.7307    30.7297  1024.6883    24.6383    420.988    404.223  354.92386    118.614     0.1673     0.6557     0.5294 2.8264e-02      26978         15  0.000e+00
     10.401   71.19248 -160.26610     10.508     0.5148     0.5182     0.5145    30.7295    30.7286  1024.6876    24.6373    420.981    404.125  354.91421    118.615     0.1673     0.6557     0.5294 2.7851e-02      26979         15  0.000e+00
     10.347   71.19248 -160.26610     10.453     0.5165     0.5199     0.5161    30.7280    30.7260  1024.6860    24.6360    420.950    404.022  354.90282    118.610     0.1685     0.6630     0.5283 2.5402e-02      26980         15  0.000e+00
     10.347   71.19248 -160.26610     10.454     0.5177     0.5199     0.5174    30.7264    30.7258  1024.6846    24.6346    420.713    403.941  354.89608    118.546     0.1697     0.6703     0.5283 2.2199e-02      26981         15  0.000e+00
     10.370   71.19248 -160.26610     10.477     0.5180     0.5202     0.5177    30.7265    30.7247  1024.6849    24.6348    420.951    403.652  354.89250    118.614     0.1709     0.6776     0.5283 2.1016e-02      26982         15  0.000e+00
     10.347   71.19248 -160.26610     10.454     0.5191     0.5190     0.5187    30.7265    30.7258  1024.6847    24.6347    420.720    403.569  354.88280    118.552     0.1709     0.6776     0.5283 1.7911e-02      26983         15  0.000e+00
     10.347   71.19248 -160.26610     10.454     0.5208     0.5162     0.5205    30.7251    30.7280  1024.6835    24.6335    420.472    403.509  354.87079    118.486     0.1709     0.6776     0.5283 1.0810e-02      26984         15  0.000e+00
     10.347   71.19248 -160.26610     10.454     0.5238     0.5144     0.5234    30.7227    30.7287  1024.6814    24.6314    420.678    403.236  354.84993    118.551     0.1722     0.6850     0.5283 8.2880e-03      26985         15  0.000e+00
     10.347   71.19248 -160.26610     10.454     0.5272     0.5133     0.5268    30.7191    30.7292  1024.6784    24.6284    420.712    403.151  354.82852    118.568     0.1709     0.6776     0.5283 1.0447e-02      26986         15  0.000e+00
     10.316   71.19248 -160.26610     10.423     0.5296     0.5126     0.5293    30.7158    30.7302  1024.6754    24.6255    420.736    403.068  354.81511    118.579     0.1722     0.6850     0.5283 2.1016e-02      26987         15  0.000e+00
     10.347   71.19248 -160.26610     10.454     0.5317     0.5119     0.5313    30.7128    30.7316  1024.6731    24.6231    420.596    402.809  354.80421    118.543     0.1709     0.6776     0.5283 2.5807e-02      26988         15  0.000e+00
