EcoFOCI/data/1_SampleCollection/2023_SikuliaqDBO_CruiseData/CTD_raw_BottleFile_SKQ23-12S/proc/skq202312s_074.ros
* Sea-Bird SBE 9 Data File:
* FileName = D:\CTD\SKQ202312S\SKQ202312S_074.hex
* Software Version Seasave V 7.26.7.121
* Temperature SN = 6177
* Conductivity SN = 0369
* Number of Bytes Per Scan = 41
* Number of Voltage Words = 4
* Number of Scans Averaged by the Deck Unit = 1
* NMEA Latitude = 68 11.23 N
* NMEA Longitude = 167 17.73 W
* NMEA UTC (Time) = Oct 02 2023  03:41:14
* NMEA baud rate = 4800
** Ship: R/V Sikuliaq
** Station Number: 074
** Station Name: DBO3.3
** Bottom Depth: 47
** Operator: SD
# nquan = 22
# nvalues = 784                                   
# units = specified
# name 0 = depSM: Depth [salt water, m]
# name 1 = latitude: Latitude [deg]
# name 2 = longitude: Longitude [deg]
# name 3 = prDM: Pressure, Digiquartz [db]
# name 4 = t090C: Temperature [ITS-90, deg C]
# name 5 = t190C: Temperature, 2 [ITS-90, deg C]
# name 6 = potemp090C: Potential Temperature [ITS-90, deg C]
# name 7 = sal00: Salinity, Practical [PSU]
# name 8 = sal11: Salinity, Practical, 2 [PSU]
# name 9 = density00: Density [density, kg/m^3]
# name 10 = sigma-é00: Density [sigma-theta, kg/m^3]
# name 11 = sbox0Mm/Kg: Oxygen, SBE 43 [umol/kg]
# name 12 = sbox1Mm/Kg: Oxygen, SBE 43, 2 [umol/kg]
# name 13 = oxsolMm/Kg: Oxygen Saturation, Garcia & Gordon [umol/kg]
# name 14 = sbeox0PS: Oxygen, SBE 43 [% saturation]
# name 15 = v0: Voltage 0
# name 16 = flECO-AFL: Fluorescence, WET Labs ECO-AFL/FL [mg/m^3]
# name 17 = CStarAt0: Beam Attenuation, WET Labs C-Star [1/m]
# name 18 = par: PAR/Irradiance, Biospherical/Licor
# name 19 = scan: Scan Count
# name 20 = nbf: Bottles Fired
# name 21 = flag:  0.000e+00
# interval = seconds: 0.0416667
# start_time = Oct 02 2023 03:44:53 [NMEA time, first data scan]
# bad_flag = -9.990e-29
*END*
[from data line 330]
     20.790   68.18692 -167.29568     21.001     5.2953     5.2500     5.2937    31.7264    31.7614  1025.1459    25.0485    268.556    257.456  312.78629     85.859     0.0794     0.1282     0.8368 2.3151e-01      11999          7  0.000e+00
     20.759   68.18692 -167.29568     20.970     5.2943     5.2516     5.2928    31.7268    31.7602  1025.1462    25.0489    268.751    257.465  312.79216     85.920     0.0794     0.1282     0.8368 2.2955e-01      12000          7  0.000e+00
     20.790   68.18692 -167.29568     21.001     5.2932     5.2545     5.2916    31.7269    31.7573  1025.1466    25.0491    268.782    257.453  312.80034     85.928     0.0794     0.1282     0.8368 2.2857e-01      12001          7  0.000e+00
     20.851   68.18692 -167.29568     21.063     5.2911     5.2572     5.2895    31.7284    31.7549  1025.1483    25.0505    268.823    257.261  312.81258     85.937     0.0818     0.1428     0.8368 2.2955e-01      12002          7  0.000e+00
     20.759   68.18692 -167.29568     20.970     5.2897     5.2577     5.2882    31.7296    31.7551  1025.1490    25.0517    268.856    257.239  312.81955     85.946     0.0818     0.1428     0.8368 2.2955e-01      12003          7  0.000e+00
     20.790   68.18692 -167.29568     21.001     5.2896     5.2574     5.2881    31.7305    31.7560  1025.1499    25.0524    268.889    257.226  312.81824     85.957     0.0818     0.1428     0.8368 2.2955e-01      12004          7  0.000e+00
     20.790   68.18692 -167.29568     21.001     5.2904     5.2548     5.2888    31.7307    31.7583  1025.1499    25.0525    268.921    257.225  312.81243     85.969     0.0806     0.1355     0.8368 2.3747e-01      12005          7  0.000e+00
     20.759   68.18692 -167.29568     20.970     5.2910     5.2544     5.2894    31.7314    31.7592  1025.1502    25.0529    268.955    257.214  312.80640     85.981     0.0818     0.1428     0.8381 2.4865e-01      12006          7  0.000e+00
     20.790   68.18692 -167.29568     21.001     5.2916     5.2561     5.2900    31.7314    31.7582  1025.1503    25.0528    268.965    257.196  312.80178     85.986     0.0806     0.1355     0.8381 2.5177e-01      12007          7  0.000e+00
     20.759   68.18692 -167.29568     20.970     5.2927     5.2566     5.2912    31.7312    31.7582  1025.1499    25.0526    268.972    257.184  312.79369     85.990     0.0818     0.1428     0.8394 2.4660e-01      12008          7  0.000e+00
     20.790   68.18692 -167.29568     21.001     5.2950     5.2558     5.2934    31.7298    31.7589  1025.1487    25.0512    268.979    257.182  312.78057     85.996     0.0806     0.1355     0.8394 2.3747e-01      12009          7  0.000e+00
     20.736   68.18692 -167.29568     20.947     5.2975     5.2564     5.2959    31.7280    31.7584  1025.1467    25.0495    268.983    257.173  312.76601     86.002     0.0818     0.1428     0.8394 2.3448e-01      12010          7  0.000e+00
     20.759   68.18692 -167.29568     20.970     5.2991     5.2577     5.2975    31.7266    31.7576  1025.1456    25.0482    268.999    257.183  312.75735     86.009     0.0818     0.1428     0.8394 2.3448e-01      12011          7  0.000e+00
     20.558   68.18692 -167.29566     20.767     5.2518     5.2623     5.2503    31.7582    31.7561  1025.1749    25.0785    269.861    256.474  313.03453     86.208     0.0794     0.1282     0.8419 2.5385e-01      12159          8  0.000e+00
     20.466   68.18692 -167.29566     20.674     5.2572     5.2542     5.2556    31.7544    31.7628  1025.1708    25.0749    269.648    256.524  313.00358     86.149     0.0794     0.1282     0.8419 2.4969e-01      12160          8  0.000e+00
     20.504   68.18692 -167.29566     20.713     5.2620     5.2478     5.2605    31.7500    31.7674  1025.1670    25.0709    269.823    256.575  312.97781     86.212     0.0794     0.1282     0.8419 2.4865e-01      12161          8  0.000e+00
     20.504   68.18692 -167.29566     20.713     5.2648     5.2446     5.2633    31.7466    31.7696  1025.1640    25.0679    269.638    256.611  312.96490     86.156     0.0781     0.1209     0.8419 2.5281e-01      12162          8  0.000e+00
     20.466   68.18692 -167.29566     20.674     5.2665     5.2440     5.2649    31.7447    31.7701  1025.1621    25.0662    269.834    256.452  312.95724     86.221     0.0794     0.1282     0.8419 2.5701e-01      12163          8  0.000e+00
     20.558   68.18692 -167.29566     20.767     5.2667     5.2437     5.2652    31.7443    31.7705  1025.1623    25.0659    269.872    256.463  312.95609     86.233     0.0781     0.1209     0.8419 2.5701e-01      12164          8  0.000e+00
     20.466   68.18692 -167.29566     20.674     5.2684     5.2441     5.2669    31.7434    31.7704  1025.1609    25.0649    269.928    256.649  312.94568     86.254     0.0794     0.1282     0.8419 2.5490e-01      12165          8  0.000e+00
     20.504   68.18692 -167.29566     20.713     5.2712     5.2446     5.2696    31.7413    31.7696  1025.1591    25.0630    269.956    256.500  312.93022     86.267     0.0781     0.1209     0.8419 2.4969e-01      12166          8  0.000e+00
     20.504   68.18692 -167.29566     20.713     5.2751     5.2456     5.2736    31.7381    31.7685  1025.1562    25.0600    269.978    256.513  312.90809     86.280     0.0794     0.1282     0.8419 2.4969e-01      12167          8  0.000e+00
     20.466   68.18692 -167.29566     20.674     5.2787     5.2473     5.2772    31.7353    31.7671  1025.1533    25.0574    270.237    256.525  312.88789     86.369     0.0806     0.1355     0.8419 2.4865e-01      12168          8  0.000e+00
     20.504   68.18692 -167.29566     20.713     5.2818     5.2474     5.2803    31.7340    31.7673  1025.1521    25.0560    270.096    256.550  312.86832     86.329     0.0794     0.1282     0.8394 2.4762e-01      12169          8  0.000e+00
     20.504   68.18692 -167.29566     20.713     5.2849     5.2473     5.2834    31.7324    31.7671  1025.1505    25.0544    270.098    256.562  312.84916     86.335     0.0794     0.1282     0.8381 2.4660e-01      12170          8  0.000e+00
     20.466   68.18692 -167.29566     20.674     5.2870     5.2469     5.2855    31.7315    31.7677  1025.1494    25.0535    270.105    256.575  312.83551     86.341     0.0794     0.1282     0.8381 2.4660e-01      12171          8  0.000e+00
     20.504   68.18692 -167.29566     20.713     5.2878     5.2484     5.2863    31.7302    31.7667  1025.1484    25.0523    270.127    256.584  312.83251     86.349     0.0794     0.1282     0.8381 2.4969e-01      12172          8  0.000e+00
     20.450   68.18692 -167.29566     20.658     5.2868     5.2541     5.2853    31.7300    31.7626  1025.1481    25.0523    270.157    256.571  312.84059     86.356     0.0794     0.1282     0.8381 2.5073e-01      12173          8  0.000e+00
     20.527   68.18692 -167.29566     20.736     5.2818     5.2637     5.2803    31.7332    31.7560  1025.1516    25.0554    270.216    256.544  312.87023     86.367     0.0794     0.1282     0.8381 2.5073e-01      12174          8  0.000e+00
     20.504   68.18692 -167.29566     20.713     5.2769     5.2717     5.2754    31.7375    31.7519  1025.1555    25.0593    270.673    256.342  312.89654     86.505     0.0781     0.1209     0.8381 2.4455e-01      12175          8  0.000e+00
     20.504   68.18692 -167.29566     20.713     5.2731     5.2788     5.2715    31.7407    31.7508  1025.1584    25.0623    270.375    256.489  312.91750     86.404     0.0794     0.1282     0.8368 2.4251e-01      12176          8  0.000e+00
     20.466   68.18692 -167.29566     20.674     5.2721     5.3012     5.2706    31.7400    31.7382  1025.1578    25.0619    270.409    256.213  312.92632     86.413     0.0794     0.1282     0.8381 2.4251e-01      12177          8  0.000e+00
     20.450   68.18692 -167.29566     20.658     5.2707     5.3273     5.2692    31.7407    31.7244  1025.1584    25.0625    270.446    256.244  312.93517     86.422     0.0794     0.1282     0.8381 2.4353e-01      12178          8  0.000e+00
     20.527   68.18692 -167.29566     20.736     5.2684     5.3507     5.2669    31.7424    31.7126  1025.1604    25.0641    270.460    255.951  312.94799     86.423     0.0794     0.1282     0.8381 2.4353e-01      12179          8  0.000e+00
     20.504   68.18692 -167.29566     20.713     5.2679     5.3752     5.2664    31.7419    31.6977  1025.1599    25.0638    270.463    256.000  312.95298     86.423     0.0794     0.1282     0.8381 2.4353e-01      12180          8  0.000e+00
     20.504   68.18692 -167.29566     20.713     5.2712     5.4015     5.2696    31.7370    31.6792  1025.1557    25.0596    270.479    255.886  312.94024     86.431     0.0781     0.1209     0.8381 2.4557e-01      12181          8  0.000e+00
     20.466   68.18692 -167.29566     20.674     5.2708     5.4197     5.2693    31.7354    31.6674  1025.1543    25.0584    270.483    255.631  312.94664     86.431     0.0794     0.1282     0.8381 2.4762e-01      12182          8  0.000e+00
     20.504   68.18692 -167.29566     20.713     5.2683     5.4316     5.2667    31.7375    31.6589  1025.1564    25.0603    270.498    255.581  312.96049     86.432     0.0781     0.1209     0.8381 2.4865e-01      12183          8  0.000e+00
     20.504   68.18692 -167.29566     20.713     5.2654     5.4359     5.2638    31.7398    31.6519  1025.1586    25.0624    270.717    255.580  312.97662     86.497     0.0794     0.1282     0.8381 2.3747e-01      12184          8  0.000e+00
     20.527   68.18692 -167.29566     20.736     5.2630     5.4374     5.2615    31.7405    31.6455  1025.1595    25.0632    270.357    255.762  312.99233     86.378     0.0794     0.1282     0.8381 2.2857e-01      12185          8  0.000e+00
     20.504   68.18692 -167.29568     20.713     5.2617     5.4220     5.2602    31.7411    31.6545  1025.1600    25.0639    270.739    255.684  313.00082     86.498     0.0794     0.1282     0.8381 2.2663e-01      12186          8  0.000e+00
     20.504   68.18692 -167.29568     20.713     5.2600     5.3947     5.2585    31.7418    31.6763  1025.1607    25.0646    270.172    256.006  313.01149     86.314     0.0794     0.1282     0.8381 2.3250e-01      12187          8  0.000e+00
     20.466   68.18692 -167.29568     20.674     5.2569     5.3793     5.2554    31.7445    31.6881  1025.1631    25.0671    270.534    255.925  313.02848     86.425     0.0794     0.1282     0.8381 2.3747e-01      12188          8  0.000e+00
     20.558   68.18692 -167.29568     20.767     5.2533     5.3680     5.2518    31.7475    31.6949  1025.1663    25.0699    270.791    255.997  313.04795     86.501     0.0794     0.1282     0.8342 2.3948e-01      12189          8  0.000e+00
     20.504   68.18692 -167.29568     20.713     5.2503     5.3618     5.2488    31.7502    31.6977  1025.1685    25.0723    270.805    256.039  313.06395     86.502     0.0781     0.1209     0.8317 2.3448e-01      12190          8  0.000e+00
     20.527   68.18692 -167.29568     20.736     5.2486     5.3697     5.2471    31.7520    31.6876  1025.1702    25.0740    270.844    255.815  313.07267     86.511     0.0794     0.1282     0.8304 2.2566e-01      12191          8  0.000e+00
     20.504   68.18692 -167.29568     20.713     5.2483     5.3491     5.2467    31.7528    31.7018  1025.1708    25.0746    270.871    256.099  313.07319     86.520     0.0781     0.1209     0.8317 2.2373e-01      12192          8  0.000e+00
     20.581   68.18692 -167.29568     20.791     5.2480     5.3192     5.2464    31.7538    31.7227  1025.1720    25.0755    270.900    256.257  313.07310     86.529     0.0794     0.1282     0.8317 2.2277e-01      12193          8  0.000e+00
     20.504   68.18692 -167.29568     20.713     5.2490     5.2993     5.2475    31.7530    31.7341  1025.1708    25.0747    270.916    256.362  313.06709     86.536     0.0781     0.1209     0.8317 2.1990e-01      12194          8  0.000e+00
     20.558   68.18692 -167.29568     20.767     5.2496     5.2837     5.2480    31.7529    31.7439  1025.1710    25.0746    270.937    256.448  313.06339     86.544     0.0794     0.1282     0.8317 2.1800e-01      12195          8  0.000e+00
     20.527   68.18692 -167.29568     20.736     5.2502     5.2708     5.2487    31.7533    31.7517  1025.1711    25.0748    270.953    256.518  313.05779     86.551     0.0781     0.1209     0.8317 2.1895e-01      12196          8  0.000e+00
     20.558   68.18692 -167.29568     20.767     5.2511     5.2631     5.2496    31.7532    31.7562  1025.1710    25.0746    270.969    256.564  313.05128     86.557     0.0794     0.1282     0.8317 2.2085e-01      12197          8  0.000e+00
     20.558   68.18692 -167.29568     20.767     5.2524     5.2596     5.2509    31.7525    31.7590  1025.1703    25.0739    270.981    256.585  313.04330     86.563     0.0781     0.1209     0.8317 2.2277e-01      12198          8  0.000e+00
     20.581   68.18692 -167.29568     20.791     5.2532     5.2580     5.2516    31.7524    31.7610  1025.1702    25.0737    270.995    256.597  313.03777     86.569     0.0794     0.1282     0.8317 2.2181e-01      12199          8  0.000e+00
     20.558   68.18692 -167.29568     20.767     5.2542     5.2601     5.2526    31.7515    31.7597  1025.1694    25.0730    271.006    256.591  313.03246     86.574     0.0794     0.1282     0.8317 2.2181e-01      12200          8  0.000e+00
     20.558   68.18692 -167.29568     20.767     5.2545     5.2631     5.2529    31.7512    31.7586  1025.1691    25.0727    271.020    256.581  313.03084     86.579     0.0794     0.1282     0.8317 2.2181e-01      12201          8  0.000e+00
     20.581   68.18692 -167.29568     20.791     5.2542     5.2621     5.2526    31.7536    31.7626  1025.1711    25.0746    271.034    256.591  313.02765     86.585     0.0806     0.1355     0.8317 2.2181e-01      12202          8  0.000e+00
     20.558   68.18692 -167.29568     20.767     5.2559     5.2639     5.2544    31.7570    31.7636  1025.1735    25.0771    271.027    256.587  313.00656     86.588     0.0794     0.1282     0.8317 2.1800e-01      12203          8  0.000e+00
     20.620   68.18692 -167.29568     20.830     5.2600     5.2929     5.2585    31.7575    31.7432  1025.1737    25.0770    271.010    256.447  312.97491     86.592     0.0794     0.1282     0.8317 2.1517e-01      12204          8  0.000e+00
     20.581   68.18692 -167.29568     20.791     5.2693     5.3384     5.2678    31.7468    31.7088  1025.1640    25.0675    270.975    256.222  312.93077     86.593     0.0781     0.1209     0.8317 2.1517e-01      12205          8  0.000e+00
     20.558   68.18692 -167.29568     20.767     5.2729     5.3589     5.2714    31.7393    31.6937  1025.1576    25.0612    270.942    256.311  312.92195     86.585     0.0769     0.1135     0.8317 2.1517e-01      12206          8  0.000e+00
     20.581   68.18692 -167.29568     20.791     5.2714     5.3417     5.2699    31.7381    31.7090  1025.1569    25.0604    270.964    256.252  312.93577     86.588     0.0757     0.1062     0.8317 2.1424e-01      12207          8  0.000e+00
     20.759   68.18692 -167.29566     20.970     5.3093     5.2711     5.3077    31.7226    31.7493  1025.1412    25.0439    269.094    256.297  312.69143     86.057     0.0781     0.1209     0.8458 2.0959e-01      12360          9  0.000e+00
     20.790   68.18692 -167.29566     21.001     5.3121     5.2756     5.3105    31.7213    31.7447  1025.1400    25.0425    269.139    256.461  312.67349     86.077     0.0781     0.1209     0.8458 2.0867e-01      12361          9  0.000e+00
     20.790   68.18692 -167.29566     21.001     5.3153     5.2787     5.3137    31.7195    31.7420  1025.1382    25.0408    269.152    256.471  312.65391     86.086     0.0781     0.1209     0.8458 2.0867e-01      12362          9  0.000e+00
