EcoFOCI/data/1_SampleCollection/2023_SikuliaqDBO_CruiseData/CTD_raw_BottleFile_SKQ23-12S/proc/skq202312s_038.cnv
* Sea-Bird SBE 9 Data File:
* FileName = D:\CTD\SKQ202312S\SKQ202312S_038.hex
* Software Version Seasave V 7.26.7.121
* Temperature SN = 6177
* Conductivity SN = 0369
* Number of Bytes Per Scan = 41
* Number of Voltage Words = 4
* Number of Scans Averaged by the Deck Unit = 1
* NMEA Latitude = 71 15.45 N
* NMEA Longitude = 160 27.73 W
* NMEA UTC (Time) = Sep 23 2023  10:47:29
* NMEA baud rate = 4800
** Ship: R/V Sikuliaq
** Station Number: 038
** Station Name: DBO4.1na
** Bottom Depth: 51
** Operator: SS
# nquan = 24
# nvalues = 4735                                  
# units = specified
# name 0 = depSM: Depth [salt water, m]
# name 1 = latitude: Latitude [deg]
# name 2 = longitude: Longitude [deg]
# name 3 = prDM: Pressure, Digiquartz [db]
# name 4 = t090C: Temperature [ITS-90, deg C]
# name 5 = t190C: Temperature, 2 [ITS-90, deg C]
# name 6 = potemp090C: Potential Temperature [ITS-90, deg C]
# name 7 = sal00: Salinity, Practical [PSU]
# name 8 = sal11: Salinity, Practical, 2 [PSU]
# name 9 = density00: Density [density, kg/m^3]
# name 10 = sigma-é00: Density [sigma-theta, kg/m^3]
# name 11 = sbox0Mm/Kg: Oxygen, SBE 43 [umol/kg]
# name 12 = sbox1Mm/Kg: Oxygen, SBE 43, 2 [umol/kg]
# name 13 = oxsolMm/Kg: Oxygen Saturation, Garcia & Gordon [umol/kg]
# name 14 = sbeox0PS: Oxygen, SBE 43 [% saturation]
# name 15 = sbeox1PS: Oxygen, SBE 43, 2 [% saturation]
# name 16 = v0: Voltage 0
# name 17 = flECO-AFL: Fluorescence, WET Labs ECO-AFL/FL [mg/m^3]
# name 18 = v1: Voltage 1
# name 19 = CStarAt0: Beam Attenuation, WET Labs C-Star [1/m]
# name 20 = par: PAR/Irradiance, Biospherical/Licor
# name 21 = scan: Scan Count
# name 22 = timeM: Time, Elapsed [minutes]
# name 23 = flag:  0.000e+00
# span 0 =      1.549,     46.173                 
# span 1 =   71.25746,   71.25746                 
# span 2 = -160.46242, -160.46232                 
# span 3 =      1.565,     46.654                 
# span 4 =    -1.6715,     2.4743                 
# span 5 =    -1.6700,     2.4754                 
# span 6 =    -1.6722,     2.4739                 
# span 7 =    27.5998,    32.6456                 
# span 8 =    27.6107,    32.6568                 
# span 9 =  1022.0312,  1026.4888                 
# span 10 =    22.0192,    26.2638                
# span 11 =    253.566,    482.884                
# span 12 =    240.163,    458.493                
# span 13 =  345.56869,  370.51856                
# span 14 =     68.437,    131.008                
# span 15 =     64.827,    124.397                
# span 16 =     0.0794,     0.2051                
# span 17 =     0.1282,     0.8828                
# span 18 =     3.2808,     4.1917                
# span 19 =     0.4684,     1.4487                
# span 20 = 1.0000e-12, 1.2737e+00                
# span 21 =          1,       4735                
# span 22 =     0.0000,     3.2875                
# span 23 = 0.0000e+00, 0.0000e+00                
# interval = seconds: 0.0416667
# start_time = Sep 23 2023 10:50:45 [NMEA time, first data scan]
# bad_flag = -9.990e-29
*END*
[from data line 2717]
     30.894   71.25746 -160.46242     31.214    -1.6599    -1.6583    -1.6604    32.6339    32.6454  1026.4049    26.2541    261.463    245.209  370.43083     70.584     66.205     0.0879     0.1795     3.4786     1.2145 8.4714e-06       2718     1.8868  0.000e+00
     30.940   71.25746 -160.46242     31.261    -1.6599    -1.6583    -1.6604    32.6340    32.6455  1026.4053    26.2542    261.461    245.458  370.43041     70.583     66.272     0.0916     0.2015     3.4786     1.2145 8.4714e-06       2719     1.8875  0.000e+00
     30.955   71.25746 -160.46242     31.277    -1.6599    -1.6588    -1.6604    32.6338    32.6464  1026.4051    26.2540    261.726    245.251  370.43120     70.654     66.215     0.0904     0.1941     3.4786     1.2145 1.0000e-12       2720     1.8882  0.000e+00
     30.940   71.25746 -160.46242     31.261    -1.6600    -1.6587    -1.6605    32.6339    32.6462  1026.4051    26.2541    261.526    245.242  370.43208     70.600     66.213     0.0916     0.2015     3.4786     1.2145 1.0000e-12       2721     1.8889  0.000e+00
     30.955   71.25746 -160.46242     31.277    -1.6600    -1.6587    -1.6605    32.6341    32.6461  1026.4054    26.2542    261.545    245.008  370.43148     70.606     66.150     0.0928     0.2088     3.4786     1.2145 1.0000e-12       2722     1.8896  0.000e+00
     30.994   71.25746 -160.46242     31.316    -1.6599    -1.6590    -1.6604    32.6342    32.6467  1026.4057    26.2544    261.520    245.210  370.42987     70.599     66.204     0.0904     0.1941     3.4786     1.2145 1.0000e-12       2723     1.8903  0.000e+00
     31.009   71.25746 -160.46242     31.331    -1.6602    -1.6590    -1.6607    32.6344    32.6467  1026.4059    26.2545    261.504    245.216  370.43237     70.594     66.206     0.0916     0.2015     3.4786     1.2145 1.0000e-12       2724     1.8910  0.000e+00
     30.994   71.25746 -160.46242     31.316    -1.6603    -1.6588    -1.6608    32.6345    32.6468  1026.4059    26.2546    261.492    245.257  370.43325     70.591     66.217     0.0916     0.2015     3.4786     1.2145 1.0000e-12       2725     1.8917  0.000e+00
     31.071   71.25746 -160.46242     31.394    -1.6601    -1.6591    -1.6606    32.6342    32.6469  1026.4061    26.2544    261.487    245.276  370.43222     70.590     66.222     0.0916     0.2015     3.4786     1.2145 1.0000e-12       2726     1.8924  0.000e+00
     31.056   71.25746 -160.46242     31.378    -1.6602    -1.6591    -1.6607    32.6345    32.6469  1026.4062    26.2546    261.279    245.294  370.43195     70.534     66.227     0.0916     0.2015     3.4786     1.2145 8.4714e-06       2727     1.8931  0.000e+00
     31.071   71.25746 -160.46242     31.394    -1.6603    -1.6591    -1.6608    32.6342    32.6468  1026.4061    26.2544    261.501    245.088  370.43390     70.593     66.171     0.0916     0.2015     3.4786     1.2145 1.0000e-12       2728     1.8938  0.000e+00
     31.110   71.25746 -160.46242     31.432    -1.6603    -1.6593    -1.6608    32.6343    32.6472  1026.4063    26.2544    261.571    245.086  370.43372     70.612     66.170     0.0928     0.2088     3.4786     1.2145 1.0000e-12       2729     1.8944  0.000e+00
     31.071   71.25746 -160.46242     31.393    -1.6604    -1.6594    -1.6610    32.6346    32.6476  1026.4064    26.2547    261.596    245.283  370.43457     70.619     66.223     0.0916     0.2015     3.4786     1.2145 1.0000e-12       2730     1.8951  0.000e+00
     31.125   71.25746 -160.46242     31.448    -1.6606    -1.6594    -1.6612    32.6348    32.6478  1026.4068    26.2548    261.630    245.057  370.43584     70.628     66.163     0.0928     0.2088     3.4786     1.2145 1.0000e-12       2731     1.8958  0.000e+00
     31.171   71.25746 -160.46242     31.495    -1.6604    -1.6593    -1.6610    32.6343    32.6471  1026.4066    26.2544    261.668    245.263  370.43551     70.638     66.218     0.0916     0.2015     3.4786     1.2145 8.4714e-06       2732     1.8965  0.000e+00
     31.125   71.25746 -160.46242     31.448    -1.6604    -1.6593    -1.6610    32.6345    32.6470  1026.4066    26.2546    261.710    245.041  370.43492     70.649     66.158     0.0916     0.2015     3.5104     1.1781 1.0000e-12       2733     1.8972  0.000e+00
     31.225   71.25746 -160.46242     31.549    -1.6604    -1.6593    -1.6609    32.6347    32.6467  1026.4072    26.2547    261.503    245.256  370.43382     70.594     66.216     0.0904     0.1941     3.5324     1.1531 8.4714e-06       2734     1.8979  0.000e+00
     31.179   71.25746 -160.46242     31.502    -1.6606    -1.6593    -1.6612    32.6350    32.6472  1026.4073    26.2550    261.511    245.270  370.43506     70.596     66.220     0.0916     0.2015     3.5360     1.1490 8.4714e-06       2735     1.8986  0.000e+00
     31.225   71.25746 -160.46242     31.549    -1.6607    -1.6593    -1.6613    32.6351    32.6473  1026.4076    26.2551    261.218    245.060  370.43592     70.516     66.163     0.0928     0.2088     3.5348     1.1504 1.0000e-12       2736     1.8993  0.000e+00
     31.241   71.25746 -160.46242     31.565    -1.6604    -1.6593    -1.6610    32.6348    32.6467  1026.4074    26.2548    261.400    245.282  370.43399     70.566     66.223     0.0916     0.2015     3.5336     1.1518 1.0000e-12       2737     1.9000  0.000e+00
     31.279   71.25746 -160.46242     31.604    -1.6606    -1.6593    -1.6612    32.6349    32.6469  1026.4077    26.2549    261.381    245.078  370.43536     70.561     66.168     0.0916     0.2015     3.5336     1.1518 1.0000e-12       2738     1.9007  0.000e+00
     31.240   71.25746 -160.46242     31.565    -1.6606    -1.6593    -1.6612    32.6345    32.6469  1026.4071    26.2546    261.418    245.074  370.43656     70.570     66.167     0.0916     0.2015     3.5336     1.1518 1.0000e-12       2739     1.9014  0.000e+00
     31.341   71.25746 -160.46242     31.666    -1.6604    -1.6593    -1.6610    32.6346    32.6473  1026.4077    26.2546    261.414    245.078  370.43468     70.570     66.168     0.0916     0.2015     3.5336     1.1518 1.0000e-12       2740     1.9021  0.000e+00
     31.294   71.25746 -160.46242     31.619    -1.6607    -1.6593    -1.6613    32.6348    32.6470  1026.4077    26.2549    261.414    244.853  370.43681     70.569     66.107     0.0916     0.2015     3.5336     1.1518 8.4714e-06       2741     1.9028  0.000e+00
     31.356   71.25746 -160.46242     31.682    -1.6604    -1.6593    -1.6610    32.6344    32.6471  1026.4076    26.2545    261.421    244.833  370.43509     70.571     66.102     0.0916     0.2015     3.5336     1.1518 1.0000e-12       2742     1.9035  0.000e+00
     31.341   71.25746 -160.46242     31.666    -1.6603    -1.6591    -1.6608    32.6342    32.6467  1026.4074    26.2544    261.432    244.816  370.43388     70.575     66.098     0.0928     0.2088     3.5336     1.1518 1.0000e-12       2743     1.9042  0.000e+00
     31.410   71.25746 -160.46242     31.736    -1.6603    -1.6593    -1.6608    32.6338    32.6476  1026.4074    26.2540    261.454    244.807  370.43527     70.580     66.095     0.0940     0.2161     3.5336     1.1518 1.0000e-12       2744     1.9049  0.000e+00
     31.341   71.25746 -160.46242     31.666    -1.6603    -1.6593    -1.6608    32.6341    32.6474  1026.4073    26.2542    261.476    244.766  370.43439     70.586     66.084     0.0952     0.2234     3.5336     1.1518 1.0000e-12       2745     1.9056  0.000e+00
     31.410   71.25746 -160.46242     31.736    -1.6600    -1.6595    -1.6605    32.6340    32.6475  1026.4076    26.2542    261.507    244.735  370.43154     70.595     66.075     0.0952     0.2234     3.5336     1.1518 8.4714e-06       2746     1.9063  0.000e+00
     31.456   71.25746 -160.46242     31.783    -1.6600    -1.6594    -1.6605    32.6341    32.6473  1026.4079    26.2543    261.546    244.739  370.43137     70.606     66.077     0.0952     0.2234     3.5336     1.1518 1.0000e-12       2747     1.9069  0.000e+00
     31.472   71.25746 -160.46242     31.798    -1.6599    -1.6591    -1.6604    32.6338    32.6466  1026.4076    26.2540    261.590    244.712  370.43125     70.618     66.070     0.0952     0.2234     3.5336     1.1518 1.0000e-12       2748     1.9076  0.000e+00
     31.510   71.25746 -160.46242     31.837    -1.6600    -1.6594    -1.6605    32.6336    32.6469  1026.4077    26.2538    261.643    244.694  370.43299     70.632     66.064     0.0952     0.2234     3.5336     1.1518 8.4714e-06       2749     1.9083  0.000e+00
     31.472   71.25746 -160.46242     31.798    -1.6603    -1.6593    -1.6608    32.6334    32.6471  1026.4074    26.2537    261.648    244.674  370.43627     70.632     66.059     0.0965     0.2308     3.5336     1.1518 1.0000e-12       2750     1.9090  0.000e+00
     31.526   71.25746 -160.46242     31.853    -1.6604    -1.6593    -1.6610    32.6343    32.6471  1026.4084    26.2544    261.658    244.892  370.43539     70.635     66.118     0.0952     0.2234     3.5336     1.1518 1.0000e-12       2751     1.9097  0.000e+00
     31.510   71.25746 -160.46242     31.837    -1.6607    -1.6593    -1.6613    32.6347    32.6466  1026.4086    26.2548    261.672    244.684  370.43720     70.639     66.062     0.0965     0.2308     3.5336     1.1518 8.4714e-06       2752     1.9104  0.000e+00
     31.580   71.25746 -160.46242     31.907    -1.6606    -1.6594    -1.6612    32.6342    32.6468  1026.4086    26.2544    261.691    244.681  370.43743     70.644     66.061     0.0952     0.2234     3.5348     1.1504 1.0000e-12       2753     1.9111  0.000e+00
     31.572   71.25746 -160.46242     31.900    -1.6604    -1.6595    -1.6610    32.6346    32.6468  1026.4089    26.2547    261.709    244.679  370.43447     70.649     66.060     0.0952     0.2234     3.5360     1.1490 8.4714e-06       2754     1.9118  0.000e+00
     31.580   71.25746 -160.46242     31.907    -1.6606    -1.6593    -1.6612    32.6346    32.6471  1026.4089    26.2547    261.736    244.677  370.43629     70.656     66.060     0.0952     0.2234     3.5372     1.1476 8.4714e-06       2755     1.9125  0.000e+00
     31.626   71.25746 -160.46242     31.954    -1.6606    -1.6588    -1.6612    32.6344    32.6466  1026.4090    26.2546    261.767    244.682  370.43675     70.664     66.062     0.0952     0.2234     3.5372     1.1476 1.0000e-12       2756     1.9132  0.000e+00
     31.641   71.25746 -160.46242     31.970    -1.6604    -1.6588    -1.6610    32.6342    32.6468  1026.4089    26.2544    261.800    244.921  370.43560     70.673     66.127     0.0965     0.2308     3.5372     1.1476 1.0000e-12       2757     1.9139  0.000e+00
     31.680   71.25746 -160.46242     32.009    -1.6603    -1.6588    -1.6608    32.6340    32.6464  1026.4089    26.2542    261.837    245.232  370.43450     70.684     66.210     0.0952     0.2234     3.5372     1.1476 1.0000e-12       2758     1.9146  0.000e+00
     31.695   71.25746 -160.46242     32.024    -1.6602    -1.6588    -1.6607    32.6336    32.6464  1026.4086    26.2539    261.879    245.081  370.43450     70.695     66.170     0.0965     0.2308     3.5372     1.1476 8.4714e-06       2759     1.9153  0.000e+00
     31.695   71.25746 -160.46242     32.024    -1.6603    -1.6590    -1.6608    32.6339    32.6467  1026.4089    26.2541    261.666    244.902  370.43478     70.637     66.121     0.0952     0.2234     3.5372     1.1476 1.0000e-12       2760     1.9160  0.000e+00
     31.680   71.25746 -160.46242     32.009    -1.6601    -1.6588    -1.6606    32.6338    32.6462  1026.4087    26.2540    261.926    244.923  370.43332     70.708     66.127     0.0965     0.2308     3.5372     1.1476 8.4714e-06       2761     1.9167  0.000e+00
     31.757   71.25746 -160.46242     32.087    -1.6602    -1.6588    -1.6607    32.6334    32.6464  1026.4087    26.2537    261.934    245.147  370.43525     70.710     66.187     0.0940     0.2161     3.5372     1.1476 1.0000e-12       2762     1.9174  0.000e+00
     31.795   71.25746 -160.46242     32.126    -1.6602    -1.6585    -1.6607    32.6337    32.6461  1026.4092    26.2539    261.993    244.942  370.43443     70.726     66.132     0.0952     0.2234     3.5372     1.1476 8.4714e-06       2763     1.9181  0.000e+00
     31.757   71.25746 -160.46242     32.087    -1.6603    -1.6587    -1.6608    32.6340    32.6463  1026.4092    26.2542    262.055    244.971  370.43464     70.742     66.140     0.0940     0.2161     3.5372     1.1476 1.0000e-12       2764     1.9188  0.000e+00
     31.795   71.25746 -160.46242     32.126    -1.6602    -1.6587    -1.6607    32.6336    32.6460  1026.4091    26.2538    262.122    245.007  370.43468     70.761     66.149     0.0952     0.2234     3.5372     1.1476 1.0000e-12       2765     1.9194  0.000e+00
     31.811   71.25746 -160.46242     32.141    -1.6603    -1.6586    -1.6608    32.6341    32.6465  1026.4096    26.2542    262.194    245.044  370.43435     70.780     66.160     0.0965     0.2308     3.5372     1.1476 8.4714e-06       2766     1.9201  0.000e+00
     31.857   71.25746 -160.46242     32.188    -1.6604    -1.6588    -1.6610    32.6339    32.6465  1026.4097    26.2541    261.960    245.054  370.43650     70.717     66.162     0.0952     0.2234     3.5372     1.1476 1.0000e-12       2767     1.9208  0.000e+00
     31.873   71.25746 -160.46242     32.203    -1.6604    -1.6585    -1.6610    32.6342    32.6461  1026.4100    26.2544    262.197    245.328  370.43564     70.781     66.237     0.0952     0.2234     3.5360     1.1490 1.0000e-12       2768     1.9215  0.000e+00
     31.872   71.25746 -160.46242     32.203    -1.6604    -1.6588    -1.6609    32.6341    32.6464  1026.4099    26.2543    262.278    245.605  370.43550     70.803     66.311     0.0952     0.2234     3.5372     1.1476 1.0000e-12       2769     1.9222  0.000e+00
     31.911   71.25746 -160.46242     32.242    -1.6602    -1.6591    -1.6607    32.6335    32.6464  1026.4096    26.2538    262.312    245.227  370.43489     70.812     66.208     0.0977     0.2381     3.5372     1.1476 1.0000e-12       2770     1.9229  0.000e+00
     31.926   71.25746 -160.46242     32.258    -1.6602    -1.6590    -1.6607    32.6343    32.6467  1026.4103    26.2544    262.346    245.208  370.43251     70.822     66.204     0.0977     0.2381     3.5360     1.1490 1.0000e-12       2771     1.9236  0.000e+00
     31.973   71.25746 -160.46242     32.305    -1.6600    -1.6588    -1.6605    32.6340    32.6461  1026.4103    26.2541    262.384    245.457  370.43180     70.832     66.271     0.0977     0.2381     3.5360     1.1490 1.0000e-12       2772     1.9243  0.000e+00
     31.926   71.25746 -160.46242     32.258    -1.6602    -1.6591    -1.6607    32.6343    32.6464  1026.4103    26.2544    262.423    245.739  370.43264     70.842     66.347     0.0989     0.2454     3.5385     1.1462 1.0000e-12       2773     1.9250  0.000e+00
     32.027   71.25746 -160.46242     32.359    -1.6599    -1.6593    -1.6604    32.6337    32.6469  1026.4103    26.2539    262.727    245.366  370.43137     70.925     66.246     0.0977     0.2381     3.5409     1.1435 8.4714e-06       2774     1.9257  0.000e+00
     31.980   71.25746 -160.46242     32.312    -1.6600    -1.6591    -1.6605    32.6338    32.6469  1026.4102    26.2540    262.558    245.614  370.43219     70.879     66.313     0.0989     0.2454     3.5421     1.1421 1.0000e-12       2775     1.9264  0.000e+00
     31.973   71.25746 -160.46242     32.305    -1.6600    -1.6594    -1.6605    32.6340    32.6471  1026.4103    26.2542    262.549    245.902  370.43155     70.876     66.390     0.0977     0.2381     3.5421     1.1421 1.0000e-12       2776     1.9271  0.000e+00
     32.096   71.25746 -160.46242     32.429    -1.6599    -1.6590    -1.6604    32.6337    32.6464  1026.4106    26.2539    263.116    245.727  370.43149     71.030     66.344     0.0977     0.2381     3.5421     1.1421 1.0000e-12       2777     1.9278  0.000e+00
