EcoFOCI/data/1_SampleCollection/2023_SikuliaqDBO_CruiseData/CTD_raw_BottleFile_SKQ23-12S/proc/skq202312s_022.cnv
* Sea-Bird SBE 9 Data File:
* FileName = D:\CTD\SKQ202312S\SKQ202312S_022.hex
* Software Version Seasave V 7.26.7.121
* Temperature SN = 6177
* Conductivity SN = 0369
* Number of Bytes Per Scan = 41
* Number of Voltage Words = 4
* Number of Scans Averaged by the Deck Unit = 1
* NMEA Latitude = 64 58.51 N
* NMEA Longitude = 169 29.22 W
* NMEA UTC (Time) = Sep 18 2023  05:33:31
* NMEA baud rate = 4800
** Ship: R/V Sikuliaq
** Station Number: 022
** Station Name: DBO2.4A
** Bottom Depth: 48
** Operator: SS
# nquan = 24
# nvalues = 4901                                  
# units = specified
# name 0 = depSM: Depth [salt water, m]
# name 1 = latitude: Latitude [deg]
# name 2 = longitude: Longitude [deg]
# name 3 = prDM: Pressure, Digiquartz [db]
# name 4 = t090C: Temperature [ITS-90, deg C]
# name 5 = t190C: Temperature, 2 [ITS-90, deg C]
# name 6 = potemp090C: Potential Temperature [ITS-90, deg C]
# name 7 = sal00: Salinity, Practical [PSU]
# name 8 = sal11: Salinity, Practical, 2 [PSU]
# name 9 = density00: Density [density, kg/m^3]
# name 10 = sigma-é00: Density [sigma-theta, kg/m^3]
# name 11 = sbox0Mm/Kg: Oxygen, SBE 43 [umol/kg]
# name 12 = sbox1Mm/Kg: Oxygen, SBE 43, 2 [umol/kg]
# name 13 = oxsolMm/Kg: Oxygen Saturation, Garcia & Gordon [umol/kg]
# name 14 = sbeox0PS: Oxygen, SBE 43 [% saturation]
# name 15 = sbeox1PS: Oxygen, SBE 43, 2 [% saturation]
# name 16 = v0: Voltage 0
# name 17 = flECO-AFL: Fluorescence, WET Labs ECO-AFL/FL [mg/m^3]
# name 18 = v1: Voltage 1
# name 19 = CStarAt0: Beam Attenuation, WET Labs C-Star [1/m]
# name 20 = par: PAR/Irradiance, Biospherical/Licor
# name 21 = scan: Scan Count
# name 22 = timeM: Time, Elapsed [minutes]
# name 23 = flag:  0.000e+00
# span 0 =      2.610,     43.772                 
# span 1 =   64.97508,   64.97508                 
# span 2 = -169.48730, -169.48722                 
# span 3 =      2.636,     44.210                 
# span 4 =     3.0715,     3.7795                 
# span 5 =     3.0724,     3.8005                 
# span 6 =     3.0690,     3.7793                 
# span 7 =    32.8153,    32.9431                 
# span 8 =    32.6914,    32.9548                 
# span 9 =  1026.0858,  1026.4427                 
# span 10 =    26.0706,    26.2367                
# span 11 =    245.166,    302.115                
# span 12 =    234.172,    289.928                
# span 13 =  321.72831,  327.09778                
# span 14 =     74.966,     93.307                
# span 15 =     71.614,     89.673                
# span 16 =     0.0818,     0.3907                
# span 17 =     0.1428,     1.9963                
# span 18 =     3.5971,     4.1380                
# span 19 =     0.5200,     1.0805                
# span 20 = 1.0000e-12, 3.6270e+00                
# span 21 =          1,       4901                
# span 22 =     0.0000,     3.4028                
# span 23 = 0.0000e+00, 0.0000e+00                
# interval = seconds: 0.0416667
# start_time = Sep 18 2023 05:37:18 [NMEA time, first data scan]
# bad_flag = -9.990e-29
*END*
[from data line 604]
      4.674   64.97508 -169.48728      4.720     3.7609     3.7671     3.7606    32.8206    32.8315  1026.0981    26.0761    299.824    286.913  321.87328     93.150     89.159     0.1661     0.6483     4.0891     0.5675 2.2301e+00        605     0.4194  0.000e+00
      4.674   64.97508 -169.48728      4.720     3.7609     3.7670     3.7606    32.8209    32.8314  1026.0984    26.0763    299.823    286.735  321.87251     93.150     89.104     0.1648     0.6410     4.0891     0.5675 2.2235e+00        606     0.4201  0.000e+00
      4.728   64.97508 -169.48728      4.775     3.7612     3.7670     3.7609    32.8205    32.8315  1026.0983    26.0759    299.823    286.936  321.87106     93.150     89.166     0.1661     0.6483     4.0891     0.5675 2.2235e+00        607     0.4208  0.000e+00
      4.728   64.97508 -169.48728      4.775     3.7607     3.7665     3.7604    32.8211    32.8317  1026.0988    26.0765    299.826    286.947  321.87324     93.150     89.169     0.1648     0.6410     4.0891     0.5675 2.2301e+00        608     0.4215  0.000e+00
      4.728   64.97508 -169.48728      4.775     3.7609     3.7662     3.7606    32.8208    32.8316  1026.0985    26.0762    299.825    286.767  321.87277     93.150     89.112     0.1648     0.6410     4.0891     0.5675 2.2301e+00        609     0.4222  0.000e+00
      4.674   64.97508 -169.48728      4.720     3.7609     3.7659     3.7606    32.8209    32.8316  1026.0984    26.0763    299.823    286.940  321.87251     93.150     89.165     0.1648     0.6410     4.0891     0.5675 2.2301e+00        610     0.4229  0.000e+00
      4.790   64.97508 -169.48728      4.837     3.7614     3.7657     3.7610    32.8205    32.8316  1026.0985    26.0759    299.791    286.949  321.86980     93.140     89.168     0.1661     0.6483     4.0891     0.5675 2.2235e+00        611     0.4236  0.000e+00
      4.728   64.97508 -169.48728      4.775     3.7612     3.7657     3.7609    32.8205    32.8314  1026.0983    26.0759    299.788    286.971  321.87106     93.139     89.174     0.1661     0.6483     4.0891     0.5675 2.2235e+00        612     0.4243  0.000e+00
      4.790   64.97508 -169.48728      4.837     3.7614     3.7654     3.7610    32.8206    32.8315  1026.0987    26.0761    299.787    286.977  321.86941     93.139     89.175     0.1648     0.6410     4.0904     0.5663 2.2170e+00        613     0.4250  0.000e+00
      4.790   64.97508 -169.48728      4.837     3.7617     3.7652     3.7614    32.8207    32.8314  1026.0987    26.0761    299.817    286.977  321.86683     93.150     89.175     0.1661     0.6483     4.0916     0.5651 2.2235e+00        614     0.4257  0.000e+00
      4.790   64.97508 -169.48728      4.837     3.7618     3.7646     3.7615    32.8214    32.8319  1026.0992    26.0766    299.814    286.979  321.86375     93.149     89.175     0.1648     0.6410     4.0928     0.5639 2.2301e+00        615     0.4264  0.000e+00
      4.844   64.97508 -169.48728      4.892     3.7623     3.7640     3.7620    32.8210    32.8322  1026.0991    26.0763    299.814    287.003  321.86106     93.150     89.181     0.1648     0.6410     4.0928     0.5639 2.2301e+00        616     0.4271  0.000e+00
      4.790   64.97508 -169.48728      4.837     3.7626     3.7641     3.7623    32.8212    32.8316  1026.0990    26.0764    299.808    286.995  321.85802     93.149     89.179     0.1648     0.6410     4.0928     0.5639 2.2434e+00        617     0.4278  0.000e+00
      4.844   64.97508 -169.48728      4.892     3.7628     3.7638     3.7625    32.8209    32.8318  1026.0990    26.0761    299.810    286.992  321.85762     93.150     89.177     0.1661     0.6483     4.0928     0.5639 2.2567e+00        618     0.4285  0.000e+00
      4.844   64.97508 -169.48728      4.892     3.7631     3.7635     3.7628    32.8206    32.8324  1026.0988    26.0759    299.597    286.985  321.85572     93.084     89.174     0.1648     0.6410     4.0928     0.5639 2.2567e+00        619     0.4292  0.000e+00
      4.844   64.97508 -169.48728      4.892     3.7631     3.7637     3.7628    32.8207    32.8317  1026.0988    26.0760    299.776    286.996  321.85553     93.140     89.178     0.1661     0.6483     4.0928     0.5639 2.2634e+00        620     0.4299  0.000e+00
      4.844   64.97508 -169.48728      4.892     3.7631     3.7635     3.7628    32.8210    32.8316  1026.0990    26.0762    299.777    287.197  321.85495     93.140     89.240     0.1661     0.6483     4.0928     0.5639 2.2701e+00        621     0.4306  0.000e+00
      4.898   64.97508 -169.48728      4.946     3.7631     3.7634     3.7628    32.8205    32.8318  1026.0989    26.0758    299.782    287.208  321.85598     93.142     89.243     0.1648     0.6410     4.0928     0.5639 2.2701e+00        622     0.4313  0.000e+00
      4.898   64.97508 -169.48728      4.946     3.7633     3.7631     3.7629    32.8208    32.8323  1026.0991    26.0760    299.781    287.215  321.85406     93.142     89.245     0.1661     0.6483     4.0916     0.5651 2.2701e+00        623     0.4319  0.000e+00
      4.959   64.97508 -169.48728      5.008     3.7636     3.7632     3.7633    32.8205    32.8320  1026.0992    26.0758    299.783    287.241  321.85224     93.143     89.253     0.1636     0.6337     4.0928     0.5639 2.2701e+00        624     0.4326  0.000e+00
      4.898   64.97508 -169.48728      4.946     3.7637     3.7632     3.7634    32.8208    32.8321  1026.0991    26.0759    299.780    287.262  321.85043     93.143     89.260     0.1624     0.6264     4.0928     0.5639 2.2768e+00        625     0.4333  0.000e+00
      4.959   64.97508 -169.48728      5.008     3.7636     3.7634     3.7633    32.8208    32.8322  1026.0994    26.0760    299.785    287.284  321.85156     93.144     89.267     0.1612     0.6190     4.0928     0.5639 2.2701e+00        626     0.4340  0.000e+00
      4.959   64.97508 -169.48728      5.008     3.7639     3.7638     3.7636    32.8207    32.8317  1026.0992    26.0758    299.784    287.300  321.84946     93.144     89.273     0.1612     0.6190     4.0928     0.5639 2.2768e+00        627     0.4347  0.000e+00
      5.013   64.97508 -169.48728      5.063     3.7641     3.7641     3.7637    32.8208    32.8314  1026.0996    26.0759    299.820    287.318  321.84800     93.156     89.279     0.1612     0.6190     4.0928     0.5639 2.2768e+00        628     0.4354  0.000e+00
      4.959   64.97508 -169.48728      5.008     3.7642     3.7641     3.7639    32.8208    32.8315  1026.0993    26.0759    299.819    287.332  321.84659     93.156     89.283     0.1624     0.6264     4.0916     0.5651 2.2768e+00        629     0.4361  0.000e+00
      5.013   64.97508 -169.48728      5.063     3.7642     3.7641     3.7639    32.8205    32.8317  1026.0993    26.0757    300.035    287.537  321.84734     93.223     89.347     0.1624     0.6264     4.0928     0.5639 2.2768e+00        630     0.4368  0.000e+00
      5.075   64.97508 -169.48728      5.125     3.7639     3.7640     3.7636    32.8207    32.8319  1026.0998    26.0759    299.863    287.572  321.84942     93.169     89.358     0.1612     0.6190     4.0916     0.5651 2.2835e+00        631     0.4375  0.000e+00
      5.013   64.97508 -169.48728      5.063     3.7639     3.7643     3.7636    32.8203    32.8321  1026.0992    26.0755    300.074    287.597  321.85041     93.234     89.366     0.1624     0.6264     4.0928     0.5639 2.2835e+00        632     0.4382  0.000e+00
      5.013   64.97508 -169.48728      5.063     3.7634     3.7645     3.7631    32.8206    32.8322  1026.0995    26.0759    299.865    287.812  321.85326     93.168     89.433     0.1612     0.6190     4.0904     0.5663 2.2768e+00        633     0.4389  0.000e+00
      5.075   64.97508 -169.48728      5.125     3.7631     3.7645     3.7628    32.8204    32.8317  1026.0997    26.0757    299.869    287.650  321.85621     93.169     89.383     0.1612     0.6190     4.0855     0.5711 2.2768e+00        634     0.4396  0.000e+00
      5.129   64.97508 -169.48728      5.180     3.7631     3.7645     3.7628    32.8202    32.8318  1026.0998    26.0756    299.870    287.672  321.85677     93.169     89.390     0.1612     0.6190     4.0830     0.5735 2.2768e+00        635     0.4403  0.000e+00
      5.075   64.97508 -169.48728      5.125     3.7625     3.7648     3.7621    32.8205    32.8316  1026.0998    26.0759    299.871    287.685  321.86099     93.168     89.394     0.1612     0.6190     4.0842     0.5723 2.2768e+00        636     0.4410  0.000e+00
      5.129   64.97508 -169.48728      5.180     3.7621     3.7649     3.7618    32.8205    32.8317  1026.1000    26.0758    299.875    287.890  321.86364     93.168     89.458     0.1612     0.6190     4.0842     0.5723 2.2768e+00        637     0.4417  0.000e+00
      5.129   64.97508 -169.48728      5.180     3.7620     3.7648     3.7617    32.8203    32.8320  1026.0999    26.0757    299.875    287.923  321.86527     93.168     89.468     0.1612     0.6190     4.0842     0.5723 2.2768e+00        638     0.4424  0.000e+00
      5.129   64.97508 -169.48728      5.180     3.7618     3.7648     3.7615    32.8209    32.8321  1026.1004    26.0762    299.874    287.952  321.86515     93.168     89.478     0.1624     0.6264     4.0842     0.5723 2.2701e+00        639     0.4431  0.000e+00
      5.129   64.97508 -169.48728      5.180     3.7617     3.7648     3.7613    32.8207    32.8317  1026.1003    26.0761    299.874    287.978  321.86678     93.167     89.486     0.1612     0.6190     4.0842     0.5723 2.2634e+00        640     0.4437  0.000e+00
      5.129   64.97508 -169.48728      5.180     3.7620     3.7649     3.7617    32.8208    32.8316  1026.1003    26.0761    300.081    287.999  321.86401     93.232     89.492     0.1624     0.6264     4.0842     0.5723 2.2634e+00        641     0.4444  0.000e+00
      5.183   64.97508 -169.48728      5.234     3.7621     3.7648     3.7618    32.8215    32.8318  1026.1012    26.0767    300.320    288.210  321.86099     93.307     89.557     0.1612     0.6190     4.0842     0.5723 2.2701e+00        642     0.4451  0.000e+00
      5.183   64.97508 -169.48728      5.234     3.7625     3.7638     3.7621    32.8210    32.8322  1026.1007    26.0763    299.958    288.252  321.85977     93.195     89.569     0.1612     0.6190     4.0842     0.5723 2.2768e+00        643     0.4458  0.000e+00
      5.183   64.97508 -169.48728      5.234     3.7626     3.7632     3.7623    32.8209    32.8322  1026.1006    26.0762    299.951    288.099  321.85872     93.193     89.520     0.1612     0.6190     4.0842     0.5723 2.2835e+00        644     0.4465  0.000e+00
      5.183   64.97508 -169.48728      5.234     3.7628     3.7627     3.7625    32.8209    32.8326  1026.1006    26.0761    300.155    288.108  321.85767     93.257     89.522     0.1624     0.6264     4.0842     0.5723 2.2768e+00        645     0.4472  0.000e+00
      5.183   64.97508 -169.48728      5.234     3.7626     3.7626     3.7623    32.8208    32.8322  1026.1005    26.0761    299.972    288.112  321.85911     93.200     89.523     0.1612     0.6190     4.0842     0.5723 2.2701e+00        646     0.4479  0.000e+00
      5.244   64.97508 -169.48728      5.296     3.7629     3.7623     3.7626    32.8205    32.8317  1026.1006    26.0758    300.176    288.306  321.85728     93.264     89.582     0.1612     0.6190     4.0842     0.5723 2.2701e+00        647     0.4486  0.000e+00
      5.244   64.97508 -169.48728      5.296     3.7625     3.7621     3.7621    32.8209    32.8319  1026.1009    26.0762    299.993    288.323  321.86004     93.206     89.587     0.1612     0.6190     4.0842     0.5723 2.2768e+00        648     0.4493  0.000e+00
      5.183   64.97508 -169.48728      5.234     3.7626     3.7620     3.7623    32.8203    32.8315  1026.1001    26.0757    299.983    288.145  321.86027     93.203     89.531     0.1612     0.6190     4.0842     0.5723 2.2768e+00        649     0.4500  0.000e+00
      5.221   64.97508 -169.48728      5.273     3.7626     3.7616     3.7623    32.8208    32.8317  1026.1007    26.0760    299.975    288.324  321.85916     93.201     89.586     0.1551     0.5824     4.0842     0.5723 2.2768e+00        650     0.4507  0.000e+00
      5.244   64.97508 -169.48728      5.296     3.7628     3.7612     3.7624    32.8211    32.8318  1026.1010    26.0763    299.966    288.332  321.85717     93.198     89.588     0.1477     0.5384     4.0842     0.5723 2.2768e+00        651     0.4514  0.000e+00
      5.298   64.97508 -169.48728      5.351     3.7633     3.7610     3.7629    32.8206    32.8319  1026.1009    26.0759    300.167    288.335  321.85448     93.262     89.588     0.1477     0.5384     4.0830     0.5735 2.2701e+00        652     0.4521  0.000e+00
      5.244   64.97508 -169.48728      5.296     3.7633     3.7602     3.7629    32.8209    32.8325  1026.1008    26.0761    299.977    288.354  321.85393     93.203     89.593     0.1465     0.5311     4.0842     0.5723 2.2634e+00        653     0.4528  0.000e+00
      5.244   64.97508 -169.48728      5.296     3.7636     3.7595     3.7632    32.8205    32.8327  1026.1005    26.0757    299.966    288.373  321.85231     93.200     89.597     0.1477     0.5384     4.0879     0.5687 2.2634e+00        654     0.4535  0.000e+00
      5.298   64.97508 -169.48728      5.351     3.7639     3.7577     3.7636    32.8198    32.8334  1026.1002    26.0752    299.957    288.375  321.85155     93.197     89.594     0.1465     0.5311     4.0891     0.5675 2.2567e+00        655     0.4542  0.000e+00
      5.244   64.97508 -169.48728      5.296     3.7637     3.7568     3.7634    32.8196    32.8343  1026.0998    26.0750    299.947    288.384  321.85321     93.194     89.596     0.1477     0.5384     4.0904     0.5663 2.2567e+00        656     0.4549  0.000e+00
      5.298   64.97508 -169.48728      5.351     3.7634     3.7577     3.7631    32.8199    32.8329  1026.1003    26.0753    299.942    288.383  321.85508     93.192     89.597     0.1465     0.5311     4.0891     0.5675 2.2567e+00        657     0.4556  0.000e+00
      5.244   64.97508 -169.48728      5.296     3.7626     3.7577     3.7623    32.8200    32.8334  1026.1002    26.0755    299.937    288.356  321.86093     93.188     89.589     0.1477     0.5384     4.0891     0.5675 2.2500e+00        658     0.4562  0.000e+00
      5.298   64.97508 -169.48728      5.351     3.7621     3.7572     3.7618    32.8205    32.8346  1026.1009    26.0759    299.932    288.353  321.86347     93.186     89.587     0.1490     0.5458     4.0891     0.5675 2.2500e+00        659     0.4569  0.000e+00
      5.298   64.97508 -169.48728      5.351     3.7618     3.7577     3.7615    32.8210    32.8346  1026.1013    26.0763    299.924    288.339  321.86469     93.183     89.584     0.1477     0.5384     4.0891     0.5675 2.2500e+00        660     0.4576  0.000e+00
      5.298   64.97508 -169.48728      5.351     3.7620     3.7585     3.7617    32.8206    32.8344  1026.1009    26.0759    299.914    288.320  321.86461     93.180     89.580     0.1490     0.5458     4.0891     0.5675 2.2434e+00        661     0.4583  0.000e+00
      5.298   64.97508 -169.48728      5.351     3.7617     3.7599     3.7613    32.8210    32.8335  1026.1013    26.0763    299.906    288.295  321.86603     93.177     89.574     0.1477     0.5384     4.0891     0.5675 2.2367e+00        662     0.4590  0.000e+00
      5.244   64.97508 -169.48728      5.296     3.7620     3.7610     3.7617    32.8206    32.8326  1026.1007    26.0759    299.893    288.266  321.86464     93.174     89.567     0.1477     0.5384     4.0891     0.5675 2.2367e+00        663     0.4597  0.000e+00
      5.298   64.97508 -169.48728      5.351     3.7618     3.7621     3.7615    32.8206    32.8315  1026.1010    26.0760    300.097    288.238  321.86576     93.237     89.560     0.1465     0.5311     4.0891     0.5675 2.2301e+00        664     0.4604  0.000e+00
