EcoFOCI/data/1_SampleCollection/2023_SikuliaqDBO_CruiseData/CTD_raw_BottleFile_SKQ23-12S/proc/skq202312s_023.cnv
* Sea-Bird SBE 9 Data File:
* FileName = D:\CTD\SKQ202312S\SKQ202312S_023.hex
* Software Version Seasave V 7.26.7.121
* Temperature SN = 6177
* Conductivity SN = 0369
* Number of Bytes Per Scan = 41
* Number of Voltage Words = 4
* Number of Scans Averaged by the Deck Unit = 1
* NMEA Latitude = 64 57.70 N
* NMEA Longitude = 169 53.01 W
* NMEA UTC (Time) = Sep 18 2023  07:03:01
* NMEA baud rate = 4800
** Ship: R/V Sikuliaq
** Station Number: 023
** Station Name: DBO2.4
** Bottom Depth: 48
** Operator: SD
# nquan = 24
# nvalues = 5745                                  
# units = specified
# name 0 = depSM: Depth [salt water, m]
# name 1 = latitude: Latitude [deg]
# name 2 = longitude: Longitude [deg]
# name 3 = prDM: Pressure, Digiquartz [db]
# name 4 = t090C: Temperature [ITS-90, deg C]
# name 5 = t190C: Temperature, 2 [ITS-90, deg C]
# name 6 = potemp090C: Potential Temperature [ITS-90, deg C]
# name 7 = sal00: Salinity, Practical [PSU]
# name 8 = sal11: Salinity, Practical, 2 [PSU]
# name 9 = density00: Density [density, kg/m^3]
# name 10 = sigma-é00: Density [sigma-theta, kg/m^3]
# name 11 = sbox0Mm/Kg: Oxygen, SBE 43 [umol/kg]
# name 12 = sbox1Mm/Kg: Oxygen, SBE 43, 2 [umol/kg]
# name 13 = oxsolMm/Kg: Oxygen Saturation, Garcia & Gordon [umol/kg]
# name 14 = sbeox0PS: Oxygen, SBE 43 [% saturation]
# name 15 = sbeox1PS: Oxygen, SBE 43, 2 [% saturation]
# name 16 = v0: Voltage 0
# name 17 = flECO-AFL: Fluorescence, WET Labs ECO-AFL/FL [mg/m^3]
# name 18 = v1: Voltage 1
# name 19 = CStarAt0: Beam Attenuation, WET Labs C-Star [1/m]
# name 20 = par: PAR/Irradiance, Biospherical/Licor
# name 21 = scan: Scan Count
# name 22 = timeM: Time, Elapsed [minutes]
# name 23 = flag:  0.000e+00
# span 0 =      2.982,     42.925                 
# span 1 =   64.96160,   64.96168                 
# span 2 = -169.88358, -169.88352                 
# span 3 =      3.012,     43.354                 
# span 4 =     1.2940,     3.3595                 
# span 5 =     1.2953,     3.3612                 
# span 6 =     1.2931,     3.3576                 
# span 7 =    31.7597,    32.8509                 
# span 8 =    32.1244,    32.8234                 
# span 9 =  1025.4330,  1026.3945                 
# span 10 =    25.4180,    26.2163                
# span 11 =    241.886,    315.274                
# span 12 =    230.917,    303.333                
# span 13 =  325.19330,  344.38432                
# span 14 =     72.332,     91.801                
# span 15 =     69.041,     88.334                
# span 16 =     0.1123,     0.4750                
# span 17 =     0.3260,     2.5018                
# span 18 =     3.3663,     4.0733                
# span 19 =     0.5830,     1.3458                
# span 20 = 1.0000e-12, 5.6694e-01                
# span 21 =          1,       5745                
# span 22 =     0.0000,     3.9889                
# span 23 = 0.0000e+00, 0.0000e+00                
# interval = seconds: 0.0416667
# start_time = Sep 18 2023 07:06:42 [NMEA time, first data scan]
# bad_flag = -9.990e-29
*END*
[from data line 3804]
     38.235   64.96166 -169.88358     38.617     2.2949     2.3874     2.2929    32.7965    32.8079  1026.3663    26.1843    270.686    258.469  333.79073     81.095     77.620     0.2808     1.3370     3.6728     0.9972 1.0000e-12       3805     2.6417  0.000e+00
     38.289   64.96166 -169.88358     38.671     2.2971     2.3854     2.2952    32.7949    32.8117  1026.3651    26.1829    270.620    258.505  333.77623     81.078     77.630     0.2796     1.3297     3.6728     0.9972 1.0000e-12       3806     2.6424  0.000e+00
     38.165   64.96166 -169.88358     38.546     2.2962     2.3852     2.2942    32.7931    32.8157  1026.3631    26.1815    270.565    258.515  333.78891     81.059     77.635     0.2796     1.3297     3.6728     0.9972 1.0000e-12       3807     2.6431  0.000e+00
     38.289   64.96166 -169.88358     38.671     2.2960     2.3899     2.2940    32.7923    32.8156  1026.3631    26.1809    270.503    258.500  333.79220     81.039     77.639     0.2796     1.3297     3.6728     0.9972 1.0000e-12       3808     2.6437  0.000e+00
     38.289   64.96166 -169.88358     38.671     2.2982     2.3970     2.2962    32.7915    32.8118  1026.3623    26.1801    270.672    258.463  333.77565     81.094     77.640     0.2796     1.3297     3.6728     0.9972 1.0000e-12       3809     2.6444  0.000e+00
     38.289   64.96166 -169.88358     38.671     2.2991     2.4037     2.2972    32.7913    32.8074  1026.3621    26.1799    270.433    258.202  333.76861     81.024     77.572     0.2808     1.3370     3.6728     0.9972 1.0000e-12       3810     2.6451  0.000e+00
     38.227   64.96166 -169.88358     38.609     2.2989     2.4082     2.2969    32.7923    32.8055  1026.3626    26.1807    270.156    258.119  333.76831     80.941     77.554     0.2808     1.3370     3.6728     0.9972 1.0000e-12       3811     2.6458  0.000e+00
     38.289   64.96166 -169.88358     38.671     2.2997     2.4100     2.2978    32.7929    32.8057  1026.3633    26.1811    270.056    258.050  333.75949     80.913     77.537     0.2808     1.3370     3.6728     0.9972 1.0000e-12       3812     2.6465  0.000e+00
     38.234   64.96166 -169.88358     38.617     2.3012     2.4062     2.2992    32.7923    32.8083  1026.3624    26.1805    270.169    258.207  333.74886     80.950     77.578     0.2796     1.3297     3.6606     1.0105 1.0000e-12       3813     2.6472  0.000e+00
     38.288   64.96166 -169.88358     38.671     2.3007     2.3965     2.2987    32.7909    32.8106  1026.3617    26.1795    270.110    258.254  333.75640     80.930     77.575     0.2808     1.3370     3.6300     1.0440 1.0000e-12       3814     2.6479  0.000e+00
     38.281   64.96166 -169.88358     38.663     2.2987     2.3865     2.2967    32.7915    32.8106  1026.3623    26.1801    269.827    258.300  333.77160     80.842     77.569     0.2796     1.3297     3.6203     1.0548 1.0000e-12       3815     2.6486  0.000e+00
     38.288   64.96166 -169.88358     38.671     2.2975     2.3787     2.2955    32.7958    32.8091  1026.3658    26.1836    269.936    258.327  333.77125     80.875     77.562     0.2808     1.3370     3.6215     1.0534 1.0000e-12       3816     2.6493  0.000e+00
     38.288   64.96166 -169.88358     38.671     2.2977     2.3758     2.2957    32.8016    32.8076  1026.3704    26.1882    269.837    258.311  333.75411     80.849     77.550     0.2796     1.3297     3.6227     1.0521 1.0000e-12       3817     2.6500  0.000e+00
     38.281   64.96166 -169.88358     38.663     2.3026     2.3649     2.3006    32.8026    32.8147  1026.3708    26.1886    269.707    258.133  333.71094     80.820     77.480     0.2772     1.3150     3.6227     1.0521 1.0000e-12       3818     2.6507  0.000e+00
     38.288   64.96166 -169.88358     38.671     2.3097     2.3477     2.3077    32.7995    32.8222  1026.3678    26.1856    269.115    258.195  333.65958     80.656     77.470     0.2698     1.2710     3.6239     1.0507 1.0000e-12       3819     2.6514  0.000e+00
     38.350   64.96166 -169.88358     38.733     2.3150     2.3322     2.3130    32.7973    32.8211  1026.3659    26.1834    269.169    258.260  333.62091     80.681     77.459     0.2662     1.2491     3.6227     1.0521 1.0000e-12       3820     2.6521  0.000e+00
     38.288   64.96166 -169.88358     38.671     2.3239     2.3196     2.3219    32.7953    32.8163  1026.3633    26.1811    269.001    258.502  333.55200     80.647     77.504     0.2674     1.2564     3.6227     1.0521 1.0000e-12       3821     2.6528  0.000e+00
     38.335   64.96166 -169.88358     38.718     2.3285     2.3121     2.3265    32.8047    32.8171  1026.3707    26.1883    268.843    258.319  333.48924     80.615     77.435     0.2662     1.2491     3.6227     1.0521 1.0000e-12       3822     2.6535  0.000e+00
     38.288   64.96166 -169.88358     38.671     2.3357     2.3106     2.3337    32.8157    32.8192  1026.3787    26.1965    268.733    258.258  333.40124     80.603     77.415     0.2674     1.2564     3.6227     1.0521 1.0000e-12       3823     2.6542  0.000e+00
     38.350   64.96166 -169.88358     38.733     2.3437     2.3174     2.3417    32.8156    32.8117  1026.3783    26.1958    268.528    258.179  333.33465     80.558     77.400     0.2662     1.2491     3.6227     1.0521 1.0000e-12       3824     2.6549  0.000e+00
     38.335   64.96166 -169.88358     38.718     2.3490     2.3236     2.3470    32.8062    32.8020  1026.3703    26.1879    268.394    258.103  333.31473     80.523     77.384     0.2674     1.2564     3.6227     1.0521 8.4714e-06       3825     2.6556  0.000e+00
     38.350   64.96166 -169.88358     38.733     2.3524     2.3209     2.3504    32.7966    32.8000  1026.3624    26.1800    268.273    258.075  333.31084     80.487     77.369     0.2662     1.2491     3.6227     1.0521 1.0000e-12       3826     2.6563  0.000e+00
     38.288   64.96166 -169.88358     38.671     2.3567     2.3146     2.3547    32.7927    32.8021  1026.3586    26.1765    267.944    258.061  333.28522     80.395     77.354     0.2662     1.2491     3.6227     1.0521 1.0000e-12       3827     2.6569  0.000e+00
     38.404   64.96166 -169.88358     38.788     2.3601     2.3077     2.3581    32.7973    32.8054  1026.3626    26.1799    268.019    258.051  333.24520     80.427     77.339     0.2686     1.2637     3.6227     1.0521 1.0000e-12       3828     2.6576  0.000e+00
     38.335   64.96166 -169.88358     38.718     2.3665     2.3034     2.3645    32.7961    32.8086  1026.3608    26.1784    267.444    257.814  333.19459     80.266     77.262     0.2662     1.2491     3.6239     1.0507 1.0000e-12       3829     2.6583  0.000e+00
     38.350   64.96166 -169.88358     38.733     2.3689     2.3065     2.3669    32.7933    32.8065  1026.3585    26.1760    267.539    257.710  333.18134     80.298     77.235     0.2674     1.2564     3.6227     1.0521 1.0000e-12       3830     2.6590  0.000e+00
     38.350   64.96166 -169.88358     38.733     2.3692     2.3111     2.3672    32.7887    32.8039  1026.3547    26.1723    267.286    257.418  333.19099     80.220     77.155     0.2662     1.2491     3.6227     1.0521 1.0000e-12       3831     2.6597  0.000e+00
     38.404   64.96166 -169.88358     38.788     2.3680     2.3146     2.3660    32.7768    32.8003  1026.3456    26.1629    267.212    257.314  333.23100     80.188     77.129     0.2674     1.2564     3.6227     1.0521 1.0000e-12       3832     2.6604  0.000e+00
     38.335   64.96166 -169.88358     38.718     2.3636     2.3110     2.3616    32.7649    32.8002  1026.3361    26.1537    267.162    257.226  333.29788     80.157     77.095     0.2662     1.2491     3.6215     1.0534 1.0000e-12       3833     2.6611  0.000e+00
     38.404   64.96166 -169.88358     38.788     2.3568     2.3061     2.3548    32.7653    32.7989  1026.3373    26.1546    267.113    257.177  333.35400     80.129     77.071     0.2674     1.2564     3.6166     1.0588 1.0000e-12       3834     2.6618  0.000e+00
     38.404   64.96166 -169.88358     38.788     2.3532     2.3063     2.3512    32.7637    32.7945  1026.3362    26.1535    266.822    257.096  333.38798     80.033     77.044     0.2662     1.2491     3.6142     1.0615 1.0000e-12       3835     2.6625  0.000e+00
     38.396   64.96166 -169.88358     38.780     2.3496     2.3052     2.3476    32.7594    32.7925  1026.3331    26.1504    266.726    257.044  333.42910     79.995     77.025     0.2674     1.2564     3.6142     1.0615 1.0000e-12       3836     2.6632  0.000e+00
     38.404   64.96166 -169.88358     38.788     2.3463     2.3025     2.3443    32.7563    32.7923  1026.3309    26.1482    266.668    256.803  333.46405     79.969     76.947     0.2674     1.2564     3.6142     1.0615 1.0000e-12       3837     2.6639  0.000e+00
     38.404   64.96166 -169.88358     38.788     2.3408     2.3012     2.3388    32.7571    32.7911  1026.3320    26.1493    266.403    256.705  333.50845     79.879     76.915     0.2662     1.2491     3.6142     1.0615 1.0000e-12       3838     2.6646  0.000e+00
     38.458   64.96166 -169.88358     38.842     2.3337     2.2978     2.3317    32.7584    32.7925  1026.3338    26.1509    266.344    256.645  333.56421     79.848     76.891     0.2674     1.2564     3.6142     1.0615 1.0000e-12       3839     2.6653  0.000e+00
     38.396   64.96166 -169.88358     38.780     2.3259     2.2931     2.3239    32.7616    32.7958  1026.3367    26.1541    266.067    256.389  333.62053     79.751     76.807     0.2662     1.2491     3.6142     1.0615 1.0000e-12       3840     2.6660  0.000e+00
     38.458   64.96166 -169.88358     38.842     2.3208     2.2905     2.3188    32.7642    32.7977  1026.3395    26.1565    265.970    256.304  333.65678     79.714     76.778     0.2674     1.2564     3.6142     1.0615 1.0000e-12       3841     2.6667  0.000e+00
     38.404   64.96166 -169.88358     38.788     2.3197     2.2922     2.3177    32.7647    32.7958  1026.3397    26.1570    265.853    256.194  333.66477     79.677     76.747     0.2662     1.2491     3.6142     1.0615 1.0000e-12       3842     2.6674  0.000e+00
     38.450   64.96166 -169.88358     38.834     2.3155     2.2933     2.3135    32.7678    32.7935  1026.3428    26.1598    265.766    255.896  333.69190     79.644     76.659     0.2674     1.2564     3.6142     1.0615 1.0000e-12       3843     2.6681  0.000e+00
     38.458   64.96166 -169.88358     38.842     2.3094     2.2914     2.3074    32.7716    32.7942  1026.3463    26.1633    265.478    255.792  333.73336     79.548     76.624     0.2955     1.4249     3.6142     1.0615 1.0000e-12       3844     2.6688  0.000e+00
     38.458   64.96166 -169.88358     38.842     2.3068     2.2897     2.3048    32.7710    32.7946  1026.3460    26.1630    265.368    255.516  333.75664     79.509     76.539     0.3199     1.5714     3.6142     1.0615 1.0000e-12       3845     2.6694  0.000e+00
     38.458   64.96166 -169.88358     38.842     2.3040     2.2897     2.3020    32.7721    32.7948  1026.3472    26.1641    265.043    255.410  333.77681     79.407     76.507     0.3248     1.6007     3.6142     1.0615 1.0000e-12       3846     2.6701  0.000e+00
     38.512   64.96166 -169.88358     38.897     2.3006     2.2897     2.2986    32.7742    32.7944  1026.3494    26.1661    264.699    255.313  333.80036     79.299     76.478     0.3223     1.5861     3.6142     1.0615 1.0000e-12       3847     2.6708  0.000e+00
     38.458   64.96166 -169.88358     38.842     2.2984     2.2872     2.2964    32.7749    32.7954  1026.3498    26.1668    264.545    255.034  333.81684     79.248     76.390     0.3223     1.5861     3.6142     1.0615 1.0000e-12       3848     2.6715  0.000e+00
     38.458   64.96166 -169.88358     38.842     2.2940     2.2847     2.2920    32.7787    32.7960  1026.3532    26.1702    264.416    254.965  333.84362     79.203     76.365     0.3211     1.5787     3.6142     1.0615 1.0000e-12       3849     2.6722  0.000e+00
     38.520   64.96166 -169.88358     38.904     2.2912     2.2831     2.2892    32.7818    32.7962  1026.3562    26.1728    264.070    254.900  333.85941     79.096     76.343     0.3223     1.5861     3.6142     1.0615 1.0000e-12       3850     2.6729  0.000e+00
     38.512   64.96166 -169.88358     38.897     2.2898     2.2816     2.2878    32.7828    32.7973  1026.3571    26.1738    263.916    254.614  333.86840     79.048     76.255     0.3211     1.5787     3.6142     1.0615 1.0000e-12       3851     2.6736  0.000e+00
     38.574   64.96166 -169.88358     38.959     2.2890     2.2807     2.2870    32.7826    32.7979  1026.3572    26.1737    263.593    254.312  333.87543     78.950     76.163     0.3211     1.5787     3.6142     1.0615 1.0000e-12       3852     2.6743  0.000e+00
     38.520   64.96166 -169.88358     38.904     2.2890     2.2803     2.2870    32.7817    32.7987  1026.3563    26.1730    263.429    253.985  333.87805     78.900     76.065     0.3211     1.5787     3.6142     1.0615 1.0000e-12       3853     2.6750  0.000e+00
     38.512   64.96166 -169.88358     38.897     2.2880     2.2802     2.2860    32.7818    32.7993  1026.3564    26.1731    263.065    253.870  333.88550     78.789     76.030     0.3211     1.5787     3.6178     1.0575 1.0000e-12       3854     2.6757  0.000e+00
     38.574   64.96166 -169.88358     38.959     2.2869     2.2800     2.2849    32.7815    32.7997  1026.3565    26.1729    262.687    253.569  333.89636     78.673     75.940     0.3223     1.5861     3.6203     1.0548 1.0000e-12       3855     2.6764  0.000e+00
     38.519   64.96166 -169.88358     38.904     2.2853     2.2800     2.2833    32.7827    32.7996  1026.3573    26.1740    262.287    253.452  333.90601     78.551     75.905     0.3211     1.5787     3.6203     1.0548 1.0000e-12       3856     2.6771  0.000e+00
     38.573   64.96166 -169.88358     38.959     2.2839     2.2802     2.2819    32.7833    32.7998  1026.3582    26.1746    262.100    253.149  333.91664     78.493     75.815     0.3223     1.5861     3.6203     1.0548 1.0000e-12       3857     2.6778  0.000e+00
     38.566   64.96166 -169.88358     38.951     2.2816     2.2805     2.2796    32.7853    32.7997  1026.3600    26.1765    261.751    253.032  333.93039     78.385     75.780     0.3211     1.5787     3.6203     1.0548 1.0000e-12       3858     2.6785  0.000e+00
     38.573   64.96166 -169.88358     38.959     2.2804     2.2807     2.2784    32.7864    32.8000  1026.3610    26.1774    261.569    252.704  333.93816     78.328     75.682     0.3223     1.5861     3.6203     1.0548 1.0000e-12       3859     2.6792  0.000e+00
     38.573   64.96166 -169.88358     38.959     2.2795     2.2809     2.2775    32.7865    32.7999  1026.3611    26.1776    261.146    252.366  333.94458     78.200     75.581     0.3199     1.5714     3.6203     1.0548 1.0000e-12       3860     2.6799  0.000e+00
     38.573   64.96166 -169.88358     38.959     2.2789     2.2812     2.2770    32.7862    32.8003  1026.3610    26.1774    260.932    252.015  333.95028     78.135     75.477     0.3211     1.5787     3.6203     1.0548 1.0000e-12       3861     2.6806  0.000e+00
     38.627   64.96166 -169.88358     39.013     2.2789     2.2825     2.2769    32.7856    32.8015  1026.3607    26.1768    260.779    251.874  333.95202     78.089     75.438     0.3199     1.5714     3.6203     1.0548 1.0000e-12       3862     2.6812  0.000e+00
     38.573   64.96166 -169.88358     38.959     2.2786     2.2839     2.2766    32.7854    32.8065  1026.3603    26.1767    259.978    251.538  333.95558     77.848     75.343     0.3211     1.5787     3.6203     1.0548 1.0000e-12       3863     2.6819  0.000e+00
     38.573   64.96166 -169.88358     38.959     2.2775     2.2875     2.2755    32.7872    32.8078  1026.3618    26.1783    259.506    251.188  333.95960     77.706     75.246     0.3223     1.5861     3.6203     1.0548 1.0000e-12       3864     2.6826  0.000e+00
