EcoFOCI/data/1_SampleCollection/2023_SikuliaqDBO_CruiseData/CTD_raw_BottleFile_SKQ23-12S/proc/skq202312s_061.cnv
* Sea-Bird SBE 9 Data File:
* FileName = D:\CTD\SKQ202312S\SKQ202312S_061.hex
* Software Version Seasave V 7.26.7.121
* Temperature SN = 6177
* Conductivity SN = 0369
* Number of Bytes Per Scan = 41
* Number of Voltage Words = 4
* Number of Scans Averaged by the Deck Unit = 1
* NMEA Latitude = 71 36.10 N
* NMEA Longitude = 165 18.30 W
* NMEA UTC (Time) = Sep 27 2023  23:24:16
* NMEA baud rate = 4800
** Ship: R/V Sikuliaq
** Station Number: 061
** Station Name: IC3
** Bottom Depth: 42
** Operator: SS
** Recast for bottom water
# nquan = 24
# nvalues = 3879                                  
# units = specified
# name 0 = depSM: Depth [salt water, m]
# name 1 = latitude: Latitude [deg]
# name 2 = longitude: Longitude [deg]
# name 3 = prDM: Pressure, Digiquartz [db]
# name 4 = t090C: Temperature [ITS-90, deg C]
# name 5 = t190C: Temperature, 2 [ITS-90, deg C]
# name 6 = potemp090C: Potential Temperature [ITS-90, deg C]
# name 7 = sal00: Salinity, Practical [PSU]
# name 8 = sal11: Salinity, Practical, 2 [PSU]
# name 9 = density00: Density [density, kg/m^3]
# name 10 = sigma-é00: Density [sigma-theta, kg/m^3]
# name 11 = sbox0Mm/Kg: Oxygen, SBE 43 [umol/kg]
# name 12 = sbox1Mm/Kg: Oxygen, SBE 43, 2 [umol/kg]
# name 13 = oxsolMm/Kg: Oxygen Saturation, Garcia & Gordon [umol/kg]
# name 14 = sbeox0PS: Oxygen, SBE 43 [% saturation]
# name 15 = sbeox1PS: Oxygen, SBE 43, 2 [% saturation]
# name 16 = v0: Voltage 0
# name 17 = flECO-AFL: Fluorescence, WET Labs ECO-AFL/FL [mg/m^3]
# name 18 = v1: Voltage 1
# name 19 = CStarAt0: Beam Attenuation, WET Labs C-Star [1/m]
# name 20 = par: PAR/Irradiance, Biospherical/Licor
# name 21 = scan: Scan Count
# name 22 = timeM: Time, Elapsed [minutes]
# name 23 = flag:  0.000e+00
# span 0 =      3.015,     37.164                 
# span 1 =   71.60162,   71.60162                 
# span 2 = -165.30500, -165.30498                 
# span 3 =      3.046,     37.551                 
# span 4 =    -1.0664,     3.2483                 
# span 5 =    -1.0654,     3.2537                 
# span 6 =    -1.0672,     3.2471                 
# span 7 =    30.4293,    32.5473                 
# span 8 =    30.4411,    32.5805                 
# span 9 =  1024.2787,  1026.3027                 
# span 10 =    24.2637,    26.1579                
# span 11 =    262.607,    381.097                
# span 12 =    240.094,    363.520                
# span 13 =  330.89105,  364.98977                
# span 14 =     71.959,    107.361                
# span 15 =     65.793,    102.304                
# span 16 =     0.0757,     0.5214                
# span 17 =     0.1062,     2.7802                
# span 18 =     3.0977,     4.2320                
# span 19 =     0.4301,     1.6786                
# span 20 = 1.1221e+00, 1.2430e+02                
# span 21 =          1,       3879                
# span 22 =     0.0000,     2.6931                
# span 23 = 0.0000e+00, 0.0000e+00                
# interval = seconds: 0.0416667
# start_time = Sep 27 2023 23:27:17 [NMEA time, first data scan]
# bad_flag = -9.990e-29
*END*
[from data line 1751]
     17.388   71.60162 -165.30500     17.569     2.9636     2.9684     2.9627    30.6467    30.6530  1024.4973    24.4145    325.069    309.608  333.69080     97.416     92.798     0.1099     0.3113     4.2222     0.4393 2.4938e+01       1752     1.2160  0.000e+00
     17.442   71.60162 -165.30500     17.623     2.9647     2.9687     2.9637    30.6470    30.6539  1024.4977    24.4147    325.053    309.629  333.68174     97.414     92.806     0.1111     0.3187     4.2222     0.4393 2.4938e+01       1753     1.2167  0.000e+00
     17.442   71.60162 -165.30500     17.623     2.9654     2.9697     2.9644    30.6472    30.6542  1024.4979    24.4148    325.068    309.838  333.67528     97.420     92.871     0.1099     0.3113     4.2222     0.4393 2.4867e+01       1754     1.2174  0.000e+00
     17.465   71.60162 -165.30500     17.646     2.9664     2.9708     2.9654    30.6469    30.6543  1024.4976    24.4145    325.041    309.870  333.66775     97.415     92.883     0.1111     0.3187     4.2210     0.4405 2.4867e+01       1755     1.2181  0.000e+00
     17.496   71.60162 -165.30500     17.678     2.9673     2.9717     2.9664    30.6469    30.6545  1024.4977    24.4144    325.045    309.901  333.65975     97.418     92.895     0.1099     0.3113     4.2198     0.4416 2.4867e+01       1756     1.2188  0.000e+00
     17.496   71.60162 -165.30500     17.678     2.9680     2.9726     2.9671    30.6473    30.6550  1024.4980    24.4147    325.045    309.904  333.65290     97.420     92.898     0.1099     0.3113     4.2198     0.4416 2.4797e+01       1757     1.2194  0.000e+00
     17.558   71.60162 -165.30500     17.740     2.9690     2.9730     2.9681    30.6474    30.6550  1024.4982    24.4147    325.041    309.934  333.64424     97.422     92.908     0.1099     0.3113     4.2198     0.4416 2.4727e+01       1758     1.2201  0.000e+00
     17.527   71.60162 -165.30500     17.709     2.9699     2.9739     2.9690    30.6479    30.6536  1024.4984    24.4150    324.809    309.957  333.63591     97.354     92.916     0.1099     0.3113     4.2198     0.4416 2.4727e+01       1759     1.2208  0.000e+00
     17.612   71.60162 -165.30500     17.795     2.9706     2.9742     2.9697    30.6479    30.6534  1024.4988    24.4149    325.207    309.984  333.63005     97.475     92.925     0.1111     0.3187     4.2198     0.4416 2.4727e+01       1760     1.2215  0.000e+00
     17.612   71.60162 -165.30500     17.795     2.9715     2.9750     2.9705    30.6476    30.6553  1024.4985    24.4147    325.005    310.193  333.62364     97.417     92.991     0.1099     0.3113     4.2198     0.4416 2.4657e+01       1761     1.2222  0.000e+00
     17.612   71.60162 -165.30500     17.795     2.9724     2.9761     2.9714    30.6475    30.6559  1024.4983    24.4145    324.982    310.224  333.61641     97.412     93.003     0.1099     0.3113     4.2210     0.4405 2.4588e+01       1762     1.2229  0.000e+00
     17.697   71.60162 -165.30500     17.880     2.9728     2.9765     2.9718    30.6483    30.6560  1024.4993    24.4151    324.960    310.262  333.61095     97.407     93.015     0.1099     0.3113     4.2198     0.4416 2.4518e+01       1763     1.2236  0.000e+00
     17.674   71.60162 -165.30500     17.857     2.9737     2.9774     2.9727    30.6482    30.6563  1024.4991    24.4149    324.928    310.485  333.60401     97.399     93.084     0.1099     0.3113     4.2198     0.4416 2.4449e+01       1764     1.2243  0.000e+00
     17.674   71.60162 -165.30500     17.857     2.9744     2.9777     2.9735    30.6480    30.6571  1024.4989    24.4147    324.930    310.533  333.59822     97.402     93.100     0.1123     0.3260     4.2198     0.4416 2.4449e+01       1765     1.2250  0.000e+00
     17.728   71.60162 -165.30500     17.911     2.9750     2.9784     2.9741    30.6486    30.6573  1024.4995    24.4151    324.931    310.378  333.59156     97.404     93.055     0.1099     0.3113     4.2198     0.4416 2.4312e+01       1766     1.2257  0.000e+00
     17.751   71.60162 -165.30500     17.935     2.9756     2.9789     2.9747    30.6485    30.6575  1024.4995    24.4150    325.150    310.396  333.58675     97.471     93.062     0.1111     0.3187     4.2198     0.4416 2.4243e+01       1767     1.2264  0.000e+00
     17.789   71.60162 -165.30500     17.974     2.9763     2.9798     2.9754    30.6485    30.6573  1024.4997    24.4150    325.180    310.407  333.58103     97.481     93.067     0.1099     0.3113     4.2198     0.4416 2.4243e+01       1768     1.2271  0.000e+00
     17.728   71.60162 -165.30500     17.911     2.9768     2.9805     2.9758    30.6492    30.6577  1024.4999    24.4155    325.201    310.387  333.57577     97.489     93.063     0.1099     0.3113     4.2198     0.4416 2.4106e+01       1769     1.2278  0.000e+00
     17.843   71.60162 -165.30500     18.028     2.9772     2.9813     2.9763    30.6487    30.6581  1024.5000    24.4151    325.228    310.567  333.57299     97.498     93.119     0.1001     0.2527     4.2198     0.4416 2.4038e+01       1770     1.2285  0.000e+00
     17.812   71.60162 -165.30500     17.997     2.9779     2.9819     2.9769    30.6495    30.6581  1024.5004    24.4156    325.239    310.562  333.56573     97.504     93.119     0.0891     0.1868     4.2198     0.4416 2.4038e+01       1771     1.2292  0.000e+00
     17.897   71.60162 -165.30500     18.083     2.9786     2.9819     2.9777    30.6494    30.6585  1024.5007    24.4155    325.252    310.560  333.55976     97.509     93.119     0.0879     0.1795     4.2198     0.4416 2.3971e+01       1772     1.2299  0.000e+00
     17.897   71.60162 -165.30500     18.083     2.9790     2.9825     2.9780    30.6493    30.6587  1024.5006    24.4154    325.261    310.569  333.55718     97.513     93.123     0.0867     0.1721     4.2198     0.4416 2.3903e+01       1773     1.2306  0.000e+00
     17.897   71.60162 -165.30500     18.083     2.9796     2.9829     2.9786    30.6494    30.6588  1024.5006    24.4154    325.299    310.377  333.55173     97.526     93.066     0.0879     0.1795     4.2198     0.4416 2.3835e+01       1774     1.2313  0.000e+00
     17.928   71.60162 -165.30500     18.114     2.9798     2.9834     2.9788    30.6505    30.6592  1024.5016    24.4163    325.301    310.553  333.54767     97.528     93.121     0.0867     0.1721     4.2198     0.4416 2.3835e+01       1775     1.2319  0.000e+00
     17.959   71.60162 -165.30500     18.145     2.9807     2.9836     2.9797    30.6499    30.6596  1024.5013    24.4158    325.295    310.553  333.54148     97.528     93.121     0.0879     0.1795     4.2198     0.4416 2.3768e+01       1776     1.2326  0.000e+00
     17.959   71.60162 -165.30500     18.145     2.9809     2.9845     2.9799    30.6505    30.6591  1024.5017    24.4162    325.287    310.345  333.53815     97.526     93.061     0.0867     0.1721     4.2198     0.4416 2.3768e+01       1777     1.2333  0.000e+00
     18.013   71.60162 -165.30500     18.200     2.9816     2.9847     2.9807    30.6507    30.6599  1024.5020    24.4163    325.273    310.511  333.53155     97.524     93.111     0.0879     0.1795     4.2198     0.4416 2.3701e+01       1778     1.2340  0.000e+00
     17.982   71.60162 -165.30500     18.169     2.9821     2.9853     2.9812    30.6512    30.6599  1024.5023    24.4167    325.253    310.491  333.52621     97.519     93.107     0.0879     0.1795     4.2210     0.4405 2.3634e+01       1779     1.2347  0.000e+00
     18.075   71.60162 -165.30500     18.262     2.9828     2.9859     2.9818    30.6510    30.6600  1024.5025    24.4165    325.234    310.472  333.52138     97.515     93.103     0.0879     0.1795     4.2198     0.4416 2.3568e+01       1780     1.2354  0.000e+00
     18.075   71.60162 -165.30500     18.262     2.9830     2.9865     2.9821    30.6513    30.6602  1024.5027    24.4166    325.429    310.445  333.51862     97.575     93.096     0.0879     0.1795     4.2198     0.4416 2.3568e+01       1781     1.2361  0.000e+00
     18.098   71.60162 -165.30500     18.285     2.9834     2.9870     2.9824    30.6514    30.6609  1024.5029    24.4167    325.213    310.413  333.51507     97.511     93.088     0.0879     0.1795     4.2198     0.4416 2.3501e+01       1782     1.2368  0.000e+00
     18.075   71.60162 -165.30500     18.262     2.9840     2.9876     2.9830    30.6516    30.6608  1024.5029    24.4168    325.174    310.399  333.50971     97.501     93.085     0.0879     0.1795     4.2210     0.4405 2.3435e+01       1783     1.2375  0.000e+00
     18.190   71.60162 -165.30500     18.379     2.9848     2.9886     2.9838    30.6516    30.6604  1024.5034    24.4168    325.135    310.385  333.50307     97.491     93.083     0.0867     0.1721     4.2198     0.4416 2.3435e+01       1784     1.2382  0.000e+00
     18.129   71.60162 -165.30500     18.317     2.9852     2.9891     2.9842    30.6525    30.6609  1024.5037    24.4174    325.121    310.362  333.49732     97.488     93.078     0.0879     0.1795     4.2198     0.4416 2.3303e+01       1785     1.2389  0.000e+00
     18.213   71.60162 -165.30500     18.402     2.9859     2.9893     2.9849    30.6523    30.6615  1024.5039    24.4172    325.295    310.343  333.49197     97.542     93.073     0.0891     0.1868     4.2198     0.4416 2.3237e+01       1786     1.2396  0.000e+00
     18.190   71.60162 -165.30500     18.379     2.9866     2.9901     2.9856    30.6523    30.6615  1024.5038    24.4172    325.053    310.510  333.48617     97.471     93.125     0.0879     0.1795     4.2210     0.4405 2.3237e+01       1787     1.2403  0.000e+00
     18.244   71.60162 -165.30500     18.433     2.9875     2.9905     2.9865    30.6523    30.6617  1024.5040    24.4171    325.029    310.306  333.47914     97.466     93.065     0.0891     0.1868     4.2198     0.4416 2.3171e+01       1788     1.2410  0.000e+00
     18.244   71.60162 -165.30500     18.433     2.9881     2.9911     2.9871    30.6526    30.6619  1024.5041    24.4173    324.966    310.466  333.47362     97.449     93.114     0.0867     0.1721     4.2198     0.4416 2.3106e+01       1789     1.2417  0.000e+00
     18.329   71.60162 -165.30500     18.519     2.9886     2.9918     2.9876    30.6534    30.6617  1024.5051    24.4179    324.937    310.253  333.46703     97.442     93.052     0.0879     0.1795     4.2210     0.4405 2.3041e+01       1790     1.2424  0.000e+00
     18.244   71.60162 -165.30500     18.433     2.9891     2.9925     2.9882    30.6534    30.6620  1024.5047    24.4178    324.901    310.203  333.46270     97.432     93.039     0.0879     0.1795     4.2198     0.4416 2.2911e+01       1791     1.2431  0.000e+00
     18.360   71.60162 -165.30500     18.550     2.9897     2.9927     2.9887    30.6534    30.6624  1024.5052    24.4178    324.870    310.161  333.45823     97.424     93.027     0.0879     0.1795     4.2210     0.4405 2.2846e+01       1792     1.2437  0.000e+00
     18.298   71.60162 -165.30500     18.488     2.9905     2.9929     2.9895    30.6530    30.6626  1024.5045    24.4174    324.826    310.132  333.45203     97.413     93.019     0.0879     0.1795     4.2210     0.4405 2.2846e+01       1793     1.2444  0.000e+00
     18.383   71.60162 -165.30500     18.574     2.9908     2.9935     2.9898    30.6532    30.6633  1024.5051    24.4176    324.790    310.299  333.44939     97.403     93.071     0.0879     0.1795     4.2198     0.4416 2.2782e+01       1794     1.2451  0.000e+00
     18.414   71.60162 -165.30500     18.605     2.9913     2.9943     2.9903    30.6534    30.6634  1024.5053    24.4177    324.746    310.088  333.44441     97.391     93.009     0.0891     0.1868     4.2186     0.4428 2.2653e+01       1795     1.2458  0.000e+00
     18.414   71.60162 -165.30500     18.605     2.9919     2.9948     2.9909    30.6533    30.6631  1024.5052    24.4175    324.699    310.051  333.43987     97.378     92.999     0.0904     0.1941     4.2149     0.4463 2.2718e+01       1796     1.2465  0.000e+00
     18.437   71.60162 -165.30500     18.628     2.9924     2.9952     2.9915    30.6545    30.6634  1024.5062    24.4184    324.646    310.012  333.43242     97.365     92.989     0.0928     0.2088     4.2149     0.4463 2.2653e+01       1797     1.2472  0.000e+00
     18.414   71.60162 -165.30500     18.605     2.9928     2.9957     2.9918    30.6548    30.6634  1024.5063    24.4187    324.592    310.165  333.42842     97.350     93.036     0.0928     0.2088     4.2149     0.4463 2.2526e+01       1798     1.2479  0.000e+00
     18.476   71.60162 -165.30500     18.667     2.9934     2.9961     2.9924    30.6549    30.6646  1024.5067    24.4187    324.575    309.968  333.42368     97.346     92.978     0.0928     0.2088     4.2149     0.4463 2.2462e+01       1799     1.2486  0.000e+00
     18.530   71.60162 -165.30500     18.722     2.9941     2.9968     2.9931    30.6550    30.6644  1024.5069    24.4187    324.554    309.919  333.41729     97.342     92.965     0.0940     0.2161     4.2149     0.4463 2.2462e+01       1800     1.2493  0.000e+00
     18.499   71.60162 -165.30500     18.691     2.9945     2.9973     2.9935    30.6551    30.6646  1024.5068    24.4188    324.531    310.063  333.41396     97.336     93.010     0.0928     0.2088     4.2149     0.4463 2.2399e+01       1801     1.2500  0.000e+00
     18.530   71.60162 -165.30500     18.722     2.9951     2.9977     2.9941    30.6552    30.6650  1024.5070    24.4188    324.508    310.031  333.40887     97.330     93.001     0.0928     0.2088     4.2149     0.4463 2.2399e+01       1802     1.2507  0.000e+00
     18.591   71.60162 -165.30500     18.784     2.9959     2.9982     2.9949    30.6555    30.6651  1024.5074    24.4189    324.702    310.021  333.40158     97.391     92.999     0.0928     0.2088     4.2149     0.4463 2.2336e+01       1803     1.2514  0.000e+00
     18.591   71.60162 -165.30500     18.784     2.9965     2.9991     2.9955    30.6559    30.6650  1024.5078    24.4193    324.486    310.002  333.39505     97.328     92.996     0.0928     0.2088     4.2149     0.4463 2.2210e+01       1804     1.2521  0.000e+00
     18.614   71.60162 -165.30500     18.807     2.9966     2.9993     2.9956    30.6563    30.6658  1024.5081    24.4195    324.460    309.985  333.39327     97.321     92.992     0.0940     0.2161     4.2149     0.4463 2.2210e+01       1805     1.2528  0.000e+00
     18.645   71.60162 -165.30500     18.839     2.9971     3.0004     2.9961    30.6561    30.6659  1024.5081    24.4193    324.431    309.959  333.38979     97.313     92.986     0.0928     0.2088     4.2149     0.4463 2.2210e+01       1806     1.2535  0.000e+00
     18.591   71.60162 -165.30500     18.784     2.9976     3.0014     2.9966    30.6567    30.6657  1024.5083    24.4198    324.395    309.928  333.38423     97.304     92.979     0.0940     0.2161     4.2149     0.4463 2.2147e+01       1807     1.2542  0.000e+00
     18.730   71.60162 -165.30500     18.924     2.9981     3.0025     2.9971    30.6573    30.6657  1024.5094    24.4203    324.329    309.901  333.37863     97.285     92.974     0.0928     0.2088     4.2149     0.4463 2.2147e+01       1808     1.2549  0.000e+00
     18.645   71.60162 -165.30500     18.839     2.9988     3.0030     2.9978    30.6583    30.6666  1024.5098    24.4210    324.320    309.668  333.36989     97.285     92.906     0.0928     0.2088     4.2149     0.4463 2.2084e+01       1809     1.2556  0.000e+00
     18.699   71.60162 -165.30500     18.893     2.9995     3.0037     2.9985    30.6586    30.6671  1024.5102    24.4212    324.284    309.834  333.36392     97.276     92.957     0.0928     0.2088     4.2149     0.4463 2.2022e+01       1810     1.2563  0.000e+00
     18.761   71.60162 -165.30500     18.955     3.0001     3.0042     2.9991    30.6585    30.6671  1024.5103    24.4210    324.687    309.826  333.35885     97.399     92.956     0.0928     0.2088     4.2149     0.4463 2.1960e+01       1811     1.2569  0.000e+00
