EcoFOCI/data/1_SampleCollection/2023_SikuliaqDBO_CruiseData/CTD_raw_BottleFile_SKQ23-12S/proc/skq202312s_084svp.cnv
* Sea-Bird SBE 9 Data File:
* FileName = D:\CTD\SKQ202312S\SKQ202312S_084.hex
* Software Version Seasave V 7.26.7.121
* Temperature SN = 6177
* Conductivity SN = 0369
* Number of Bytes Per Scan = 41
* Number of Voltage Words = 4
* Number of Scans Averaged by the Deck Unit = 1
* NMEA Latitude = 65 37.11 N
* NMEA Longitude = 168 09.13 W
* NMEA UTC (Time) = Oct 03 2023  11:55:16
* NMEA baud rate = 4800
** Ship: R/V Sikuliaq
** Station Number: 084
** Station Name: BS1
** Bottom Depth: 28
** Operator: SD
# nquan = 7
# nvalues = 5332                                  
# units = specified
# name 0 = depSM: Depth [salt water, m]
# name 1 = latitude: Latitude [deg]
# name 2 = longitude: Longitude [deg]
# name 3 = t090C: Temperature [ITS-90, deg C]
# name 4 = sal00: Salinity, Practical [PSU]
# name 5 = svCM: Sound Velocity [Chen-Millero, m/s]
# name 6 = flag:  0.000e+00
# span 0 =      1.898,     23.896                 
# span 1 =   65.61820,   65.61824                 
# span 2 = -168.15362, -168.15330                 
# span 3 =     3.5396,     6.5815                 
# span 4 =    28.4930,    32.4703                 
# span 5 =    1461.81,    1472.13                 
# span 6 = 0.0000e+00, 0.0000e+00                 
# interval = seconds: 0.0416667
# start_time = Oct 03 2023 11:58:52 [NMEA time, first data scan]
# bad_flag = -9.990e-29
*END*
[from data line 1026]
      6.736   65.61822 -168.15334     5.8194    31.7119    1469.98  0.000e+00
      6.790   65.61822 -168.15334     5.8187    31.7127    1469.98  0.000e+00
      6.790   65.61822 -168.15334     5.8180    31.7132    1469.98  0.000e+00
      6.790   65.61822 -168.15334     5.8175    31.7136    1469.98  0.000e+00
      6.790   65.61822 -168.15334     5.8168    31.7137    1469.97  0.000e+00
      6.852   65.61822 -168.15334     5.8161    31.7135    1469.97  0.000e+00
      6.790   65.61822 -168.15334     5.8156    31.7129    1469.97  0.000e+00
      6.852   65.61822 -168.15334     5.8141    31.7128    1469.96  0.000e+00
      6.790   65.61822 -168.15334     5.8127    31.7130    1469.96  0.000e+00
      6.852   65.61822 -168.15334     5.8114    31.7136    1469.95  0.000e+00
      6.852   65.61822 -168.15334     5.8103    31.7149    1469.95  0.000e+00
      6.852   65.61822 -168.15334     5.8093    31.7162    1469.95  0.000e+00
      6.906   65.61822 -168.15334     5.8090    31.7158    1469.95  0.000e+00
      6.852   65.61822 -168.15334     5.8082    31.7152    1469.94  0.000e+00
      6.906   65.61822 -168.15334     5.8071    31.7140    1469.94  0.000e+00
      6.883   65.61822 -168.15334     5.8055    31.7140    1469.93  0.000e+00
      6.906   65.61822 -168.15334     5.8039    31.7146    1469.92  0.000e+00
      6.906   65.61822 -168.15334     5.8023    31.7161    1469.92  0.000e+00
      6.906   65.61822 -168.15334     5.8009    31.7182    1469.92  0.000e+00
      6.906   65.61822 -168.15334     5.8004    31.7196    1469.92  0.000e+00
      6.967   65.61822 -168.15334     5.8003    31.7193    1469.92  0.000e+00
      6.967   65.61822 -168.15334     5.8000    31.7181    1469.91  0.000e+00
      6.967   65.61822 -168.15334     5.7994    31.7175    1469.91  0.000e+00
      6.967   65.61822 -168.15334     5.7980    31.7168    1469.90  0.000e+00
      6.906   65.61822 -168.15334     5.7964    31.7178    1469.90  0.000e+00
      7.021   65.61822 -168.15334     5.7951    31.7192    1469.90  0.000e+00
      6.967   65.61822 -168.15334     5.7943    31.7205    1469.89  0.000e+00
      7.021   65.61822 -168.15334     5.7941    31.7214    1469.90  0.000e+00
      7.021   65.61822 -168.15334     5.7940    31.7208    1469.89  0.000e+00
      7.021   65.61822 -168.15334     5.7938    31.7199    1469.89  0.000e+00
      7.021   65.61822 -168.15334     5.7933    31.7200    1469.89  0.000e+00
      7.021   65.61822 -168.15334     5.7925    31.7192    1469.89  0.000e+00
      7.075   65.61822 -168.15334     5.7912    31.7192    1469.88  0.000e+00
      7.021   65.61822 -168.15334     5.7896    31.7207    1469.88  0.000e+00
      7.075   65.61822 -168.15334     5.7885    31.7218    1469.87  0.000e+00
      7.075   65.61822 -168.15334     5.7881    31.7221    1469.87  0.000e+00
      7.075   65.61822 -168.15334     5.7872    31.7223    1469.87  0.000e+00
      7.075   65.61822 -168.15334     5.7867    31.7216    1469.87  0.000e+00
      7.075   65.61822 -168.15334     5.7858    31.7204    1469.86  0.000e+00
      7.075   65.61822 -168.15334     5.7841    31.7199    1469.85  0.000e+00
      7.075   65.61822 -168.15334     5.7816    31.7215    1469.85  0.000e+00
      7.167   65.61822 -168.15334     5.7801    31.7236    1469.84  0.000e+00
      7.137   65.61822 -168.15334     5.7788    31.7253    1469.84  0.000e+00
      7.137   65.61822 -168.15334     5.7779    31.7258    1469.84  0.000e+00
      7.137   65.61822 -168.15334     5.7778    31.7258    1469.84  0.000e+00
      7.137   65.61822 -168.15334     5.7770    31.7265    1469.84  0.000e+00
      7.191   65.61822 -168.15334     5.7764    31.7262    1469.83  0.000e+00
      7.137   65.61822 -168.15334     5.7759    31.7260    1469.83  0.000e+00
      7.190   65.61822 -168.15334     5.7747    31.7253    1469.83  0.000e+00
      7.190   65.61822 -168.15334     5.7732    31.7258    1469.82  0.000e+00
      7.136   65.61822 -168.15334     5.7716    31.7280    1469.82  0.000e+00
      7.190   65.61822 -168.15334     5.7711    31.7283    1469.81  0.000e+00
      7.190   65.61822 -168.15334     5.7704    31.7286    1469.81  0.000e+00
      7.252   65.61822 -168.15334     5.7700    31.7283    1469.81  0.000e+00
      7.190   65.61822 -168.15334     5.7693    31.7277    1469.81  0.000e+00
      7.190   65.61822 -168.15334     5.7680    31.7279    1469.80  0.000e+00
      7.252   65.61822 -168.15334     5.7669    31.7279    1469.80  0.000e+00
      7.252   65.61822 -168.15334     5.7652    31.7289    1469.79  0.000e+00
      7.252   65.61822 -168.15334     5.7634    31.7307    1469.79  0.000e+00
      7.190   65.61822 -168.15334     5.7623    31.7320    1469.78  0.000e+00
      7.252   65.61822 -168.15334     5.7617    31.7332    1469.78  0.000e+00
      7.306   65.61822 -168.15334     5.7615    31.7334    1469.78  0.000e+00
      7.252   65.61822 -168.15334     5.7615    31.7331    1469.78  0.000e+00
      7.190   65.61822 -168.15334     5.7613    31.7321    1469.78  0.000e+00
      7.337   65.61822 -168.15334     5.7605    31.7329    1469.78  0.000e+00
      7.306   65.61822 -168.15334     5.7597    31.7332    1469.78  0.000e+00
      7.306   65.61822 -168.15334     5.7593    31.7334    1469.78  0.000e+00
      7.252   65.61822 -168.15334     5.7589    31.7341    1469.77  0.000e+00
      7.306   65.61822 -168.15334     5.7586    31.7342    1469.77  0.000e+00
      7.306   65.61822 -168.15334     5.7580    31.7344    1469.77  0.000e+00
      7.306   65.61822 -168.15334     5.7575    31.7340    1469.77  0.000e+00
      7.367   65.61822 -168.15334     5.7565    31.7339    1469.77  0.000e+00
      7.306   65.61822 -168.15334     5.7559    31.7340    1469.76  0.000e+00
      7.306   65.61822 -168.15334     5.7543    31.7348    1469.76  0.000e+00
      7.367   65.61822 -168.15334     5.7529    31.7367    1469.75  0.000e+00
      7.306   65.61822 -168.15334     5.7522    31.7375    1469.75  0.000e+00
      7.367   65.61822 -168.15334     5.7524    31.7378    1469.75  0.000e+00
      7.367   65.61822 -168.15334     5.7524    31.7377    1469.75  0.000e+00
      7.367   65.61822 -168.15334     5.7522    31.7369    1469.75  0.000e+00
      7.367   65.61822 -168.15334     5.7517    31.7348    1469.75  0.000e+00
      7.367   65.61822 -168.15334     5.7504    31.7342    1469.74  0.000e+00
      7.367   65.61822 -168.15334     5.7487    31.7359    1469.74  0.000e+00
      7.367   65.61822 -168.15334     5.7477    31.7374    1469.73  0.000e+00
      7.421   65.61822 -168.15334     5.7473    31.7388    1469.74  0.000e+00
      7.367   65.61822 -168.15334     5.7473    31.7393    1469.74  0.000e+00
      7.398   65.61822 -168.15334     5.7474    31.7396    1469.74  0.000e+00
      7.421   65.61822 -168.15334     5.7477    31.7387    1469.74  0.000e+00
      7.421   65.61822 -168.15334     5.7477    31.7384    1469.74  0.000e+00
      7.421   65.61822 -168.15334     5.7476    31.7383    1469.74  0.000e+00
      7.421   65.61822 -168.15334     5.7471    31.7380    1469.73  0.000e+00
      7.421   65.61822 -168.15334     5.7461    31.7383    1469.73  0.000e+00
      7.421   65.61822 -168.15334     5.7457    31.7386    1469.73  0.000e+00
      7.475   65.61822 -168.15334     5.7447    31.7397    1469.73  0.000e+00
      7.421   65.61822 -168.15334     5.7449    31.7405    1469.73  0.000e+00
      7.475   65.61822 -168.15334     5.7449    31.7406    1469.73  0.000e+00
      7.475   65.61822 -168.15334     5.7455    31.7395    1469.73  0.000e+00
      7.475   65.61822 -168.15334     5.7452    31.7379    1469.73  0.000e+00
      7.421   65.61822 -168.15334     5.7442    31.7360    1469.72  0.000e+00
      7.537   65.61822 -168.15334     5.7424    31.7357    1469.71  0.000e+00
      7.475   65.61822 -168.15334     5.7405    31.7366    1469.71  0.000e+00
      7.537   65.61822 -168.15334     5.7388    31.7381    1469.70  0.000e+00
      7.475   65.61822 -168.15334     5.7374    31.7401    1469.70  0.000e+00
      7.537   65.61822 -168.15334     5.7366    31.7417    1469.70  0.000e+00
      7.537   65.61822 -168.15334     5.7364    31.7425    1469.70  0.000e+00
      7.537   65.61822 -168.15334     5.7364    31.7422    1469.70  0.000e+00
      7.513   65.61822 -168.15334     5.7359    31.7417    1469.70  0.000e+00
      7.536   65.61822 -168.15334     5.7356    31.7411    1469.69  0.000e+00
      7.590   65.61822 -168.15334     5.7350    31.7414    1469.69  0.000e+00
      7.536   65.61822 -168.15334     5.7340    31.7419    1469.69  0.000e+00
      7.590   65.61822 -168.15334     5.7337    31.7410    1469.69  0.000e+00
      7.590   65.61822 -168.15334     5.7324    31.7408    1469.68  0.000e+00
      7.590   65.61822 -168.15334     5.7316    31.7415    1469.68  0.000e+00
      7.590   65.61822 -168.15334     5.7310    31.7426    1469.68  0.000e+00
      7.590   65.61822 -168.15334     5.7303    31.7434    1469.68  0.000e+00
      7.652   65.61822 -168.15334     5.7300    31.7426    1469.67  0.000e+00
      7.590   65.61822 -168.15334     5.7292    31.7423    1469.67  0.000e+00
      7.652   65.61822 -168.15334     5.7286    31.7419    1469.67  0.000e+00
      7.652   65.61822 -168.15334     5.7270    31.7408    1469.66  0.000e+00
      7.652   65.61822 -168.15334     5.7244    31.7425    1469.65  0.000e+00
      7.652   65.61822 -168.15334     5.7231    31.7447    1469.65  0.000e+00
      7.706   65.61822 -168.15334     5.7223    31.7459    1469.65  0.000e+00
      7.706   65.61822 -168.15334     5.7220    31.7469    1469.65  0.000e+00
      7.652   65.61822 -168.15334     5.7222    31.7464    1469.65  0.000e+00
      7.706   65.61822 -168.15334     5.7222    31.7453    1469.65  0.000e+00
      7.683   65.61822 -168.15334     5.7217    31.7443    1469.64  0.000e+00
      7.767   65.61822 -168.15334     5.7206    31.7440    1469.64  0.000e+00
      7.706   65.61822 -168.15334     5.7196    31.7440    1469.64  0.000e+00
      7.706   65.61822 -168.15334     5.7183    31.7436    1469.63  0.000e+00
      7.767   65.61822 -168.15334     5.7165    31.7444    1469.62  0.000e+00
      7.767   65.61822 -168.15334     5.7152    31.7457    1469.62  0.000e+00
      7.767   65.61822 -168.15334     5.7137    31.7476    1469.62  0.000e+00
      7.767   65.61822 -168.15334     5.7128    31.7482    1469.61  0.000e+00
      7.821   65.61822 -168.15334     5.7125    31.7475    1469.61  0.000e+00
      7.767   65.61822 -168.15334     5.7118    31.7466    1469.61  0.000e+00
      7.821   65.61822 -168.15334     5.7107    31.7451    1469.60  0.000e+00
      7.821   65.61822 -168.15334     5.7091    31.7447    1469.60  0.000e+00
      7.767   65.61822 -168.15334     5.7070    31.7460    1469.59  0.000e+00
      7.821   65.61822 -168.15334     5.7053    31.7476    1469.58  0.000e+00
      7.875   65.61822 -168.15334     5.7041    31.7486    1469.58  0.000e+00
      7.821   65.61822 -168.15334     5.7032    31.7499    1469.58  0.000e+00
      7.821   65.61822 -168.15334     5.7029    31.7504    1469.58  0.000e+00
      7.875   65.61822 -168.15334     5.7024    31.7504    1469.58  0.000e+00
      7.852   65.61822 -168.15334     5.7019    31.7506    1469.57  0.000e+00
      7.821   65.61822 -168.15334     5.7014    31.7503    1469.57  0.000e+00
      7.875   65.61822 -168.15334     5.7008    31.7508    1469.57  0.000e+00
      7.875   65.61822 -168.15334     5.7003    31.7512    1469.57  0.000e+00
      7.875   65.61822 -168.15334     5.7000    31.7514    1469.57  0.000e+00
      7.875   65.61822 -168.15334     5.6998    31.7518    1469.57  0.000e+00
      7.937   65.61822 -168.15334     5.6997    31.7518    1469.57  0.000e+00
      7.875   65.61822 -168.15334     5.6996    31.7516    1469.57  0.000e+00
      7.937   65.61822 -168.15334     5.6995    31.7515    1469.57  0.000e+00
      7.875   65.61822 -168.15334     5.6992    31.7519    1469.57  0.000e+00
      7.937   65.61822 -168.15334     5.6992    31.7515    1469.57  0.000e+00
      7.937   65.61822 -168.15334     5.6990    31.7515    1469.57  0.000e+00
      7.875   65.61822 -168.15334     5.6986    31.7522    1469.56  0.000e+00
      7.937   65.61822 -168.15334     5.6986    31.7520    1469.56  0.000e+00
      7.937   65.61822 -168.15334     5.6986    31.7521    1469.56  0.000e+00
      7.937   65.61822 -168.15334     5.6984    31.7523    1469.56  0.000e+00
      7.937   65.61824 -168.15336     5.6984    31.7519    1469.56  0.000e+00
      7.906   65.61824 -168.15336     5.6982    31.7520    1469.56  0.000e+00
      7.991   65.61824 -168.15336     5.6982    31.7515    1469.56  0.000e+00
      7.937   65.61824 -168.15336     5.6979    31.7519    1469.56  0.000e+00
      7.936   65.61824 -168.15336     5.6979    31.7520    1469.56  0.000e+00
      7.936   65.61824 -168.15336     5.6979    31.7517    1469.56  0.000e+00
      7.990   65.61824 -168.15336     5.6977    31.7520    1469.56  0.000e+00
      7.936   65.61824 -168.15336     5.6977    31.7521    1469.56  0.000e+00
      7.936   65.61824 -168.15336     5.6976    31.7523    1469.56  0.000e+00
      7.936   65.61824 -168.15336     5.6977    31.7523    1469.56  0.000e+00
      7.990   65.61824 -168.15336     5.6979    31.7520    1469.56  0.000e+00
      7.990   65.61824 -168.15336     5.6976    31.7523    1469.56  0.000e+00
      7.936   65.61824 -168.15336     5.6977    31.7523    1469.56  0.000e+00
      7.990   65.61824 -168.15336     5.6977    31.7524    1469.56  0.000e+00
      7.990   65.61824 -168.15336     5.6977    31.7524    1469.56  0.000e+00
      7.936   65.61824 -168.15336     5.6978    31.7526    1469.56  0.000e+00
      7.990   65.61824 -168.15336     5.6981    31.7523    1469.56  0.000e+00
      7.990   65.61824 -168.15336     5.6979    31.7525    1469.56  0.000e+00
      7.967   65.61824 -168.15336     5.6981    31.7524    1469.56  0.000e+00
      7.990   65.61824 -168.15336     5.6984    31.7520    1469.56  0.000e+00
      7.936   65.61824 -168.15336     5.6982    31.7524    1469.56  0.000e+00
      8.052   65.61824 -168.15336     5.6984    31.7518    1469.57  0.000e+00
      7.990   65.61824 -168.15336     5.6986    31.7514    1469.56  0.000e+00
      7.936   65.61824 -168.15336     5.6982    31.7514    1469.56  0.000e+00
      7.990   65.61824 -168.15336     5.6982    31.7516    1469.56  0.000e+00
      7.990   65.61824 -168.15336     5.6982    31.7514    1469.56  0.000e+00
      7.990   65.61824 -168.15336     5.6981    31.7513    1469.56  0.000e+00
      8.052   65.61824 -168.15336     5.6976    31.7516    1469.56  0.000e+00
      7.990   65.61824 -168.15336     5.6976    31.7517    1469.56  0.000e+00
      7.990   65.61824 -168.15336     5.6970    31.7521    1469.56  0.000e+00
      7.990   65.61824 -168.15336     5.6971    31.7518    1469.56  0.000e+00
      7.990   65.61824 -168.15336     5.6968    31.7523    1469.56  0.000e+00
      8.052   65.61824 -168.15336     5.6968    31.7522    1469.56  0.000e+00
      7.990   65.61824 -168.15336     5.6965    31.7531    1469.56  0.000e+00
      8.021   65.61824 -168.15336     5.6967    31.7525    1469.56  0.000e+00
      7.990   65.61824 -168.15336     5.6967    31.7523    1469.56  0.000e+00
      8.106   65.61824 -168.15336     5.6968    31.7525    1469.56  0.000e+00
      7.990   65.61824 -168.15336     5.6968    31.7525    1469.56  0.000e+00
      8.051   65.61824 -168.15336     5.6968    31.7526    1469.56  0.000e+00
      8.051   65.61824 -168.15336     5.6968    31.7519    1469.56  0.000e+00
      8.051   65.61824 -168.15336     5.6967    31.7519    1469.56  0.000e+00
      8.051   65.61824 -168.15336     5.6965    31.7519    1469.56  0.000e+00
      8.051   65.61824 -168.15336     5.6963    31.7520    1469.56  0.000e+00
      8.105   65.61824 -168.15336     5.6961    31.7524    1469.56  0.000e+00
      8.051   65.61824 -168.15336     5.6958    31.7521    1469.56  0.000e+00
      8.051   65.61824 -168.15336     5.6960    31.7520    1469.56  0.000e+00
