EcoFOCI/data/1_SampleCollection/2023_SikuliaqDBO_CruiseData/CTD_raw_BottleFile_SKQ23-12S/proc/skq202312s_025svp.cnv
* Sea-Bird SBE 9 Data File:
* FileName = D:\CTD\SKQ202312S\SKQ202312S_025.hex
* Software Version Seasave V 7.26.7.121
* Temperature SN = 6177
* Conductivity SN = 0369
* Number of Bytes Per Scan = 41
* Number of Voltage Words = 4
* Number of Scans Averaged by the Deck Unit = 1
* NMEA Latitude = 71 14.81 N
* NMEA Longitude = 157 09.84 W
* NMEA UTC (Time) = Sep 20 2023  21:07:47
* NMEA baud rate = 4800
** Ship: R/V Sikuliaq
** Station Number: 025
** Station Name: DBO5.1
** Bottom Depth: 46
** Operator: SD
# nquan = 7
# nvalues = 4850                                  
# units = specified
# name 0 = depSM: Depth [salt water, m]
# name 1 = latitude: Latitude [deg]
# name 2 = longitude: Longitude [deg]
# name 3 = t090C: Temperature [ITS-90, deg C]
# name 4 = sal00: Salinity, Practical [PSU]
# name 5 = svCM: Sound Velocity [Chen-Millero, m/s]
# name 6 = flag:  0.000e+00
# span 0 =      1.605,     41.238                 
# span 1 =   71.24684,   71.24686                 
# span 2 = -157.16436, -157.16418                 
# span 3 =     2.4755,     4.5770                 
# span 4 =    30.1353,    31.6743                 
# span 5 =    1456.48,    1463.44                 
# span 6 = 0.0000e+00, 0.0000e+00                 
# interval = seconds: 0.0416667
# start_time = Sep 20 2023 21:11:24 [NMEA time, first data scan]
# bad_flag = -9.990e-29
*END*
[from data line 2667]
     29.654   71.24684 -157.16424     3.7163    31.1775    1460.99  0.000e+00
     29.608   71.24684 -157.16424     3.7164    31.1777    1460.99  0.000e+00
     29.654   71.24684 -157.16424     3.7166    31.1771    1461.00  0.000e+00
     29.669   71.24684 -157.16424     3.7166    31.1773    1461.00  0.000e+00
     29.669   71.24684 -157.16424     3.7163    31.1770    1460.99  0.000e+00
     29.654   71.24684 -157.16424     3.7161    31.1768    1460.99  0.000e+00
     29.723   71.24684 -157.16424     3.7158    31.1767    1460.99  0.000e+00
     29.654   71.24684 -157.16424     3.7159    31.1768    1460.99  0.000e+00
     29.723   71.24684 -157.16424     3.7157    31.1772    1460.99  0.000e+00
     29.785   71.24684 -157.16424     3.7159    31.1771    1460.99  0.000e+00
     29.770   71.24684 -157.16424     3.7158    31.1770    1460.99  0.000e+00
     29.723   71.24684 -157.16424     3.7155    31.1771    1460.99  0.000e+00
     29.770   71.24684 -157.16424     3.7155    31.1773    1460.99  0.000e+00
     29.839   71.24684 -157.16424     3.7159    31.1772    1461.00  0.000e+00
     29.785   71.24684 -157.16424     3.7158    31.1779    1461.00  0.000e+00
     29.824   71.24684 -157.16424     3.7161    31.1774    1461.00  0.000e+00
     29.839   71.24684 -157.16424     3.7161    31.1777    1461.00  0.000e+00
     29.824   71.24684 -157.16424     3.7161    31.1779    1461.00  0.000e+00
     29.839   71.24684 -157.16424     3.7164    31.1774    1461.00  0.000e+00
     29.901   71.24684 -157.16424     3.7161    31.1782    1461.00  0.000e+00
     29.885   71.24684 -157.16424     3.7164    31.1783    1461.00  0.000e+00
     29.901   71.24684 -157.16424     3.7168    31.1789    1461.00  0.000e+00
     29.824   71.24684 -157.16424     3.7171    31.1796    1461.00  0.000e+00
     30.009   71.24684 -157.16424     3.7172    31.1791    1461.01  0.000e+00
     29.955   71.24684 -157.16424     3.7174    31.1794    1461.01  0.000e+00
     29.939   71.24684 -157.16424     3.7177    31.1793    1461.01  0.000e+00
     29.955   71.24684 -157.16424     3.7180    31.1793    1461.01  0.000e+00
     30.009   71.24684 -157.16424     3.7180    31.1797    1461.01  0.000e+00
     30.001   71.24684 -157.16424     3.7180    31.1796    1461.01  0.000e+00
     30.009   71.24684 -157.16424     3.7182    31.1791    1461.01  0.000e+00
     30.001   71.24684 -157.16424     3.7182    31.1796    1461.01  0.000e+00
     30.124   71.24684 -157.16424     3.7188    31.1800    1461.02  0.000e+00
     30.009   71.24684 -157.16424     3.7190    31.1809    1461.02  0.000e+00
     30.117   71.24684 -157.16424     3.7196    31.1804    1461.02  0.000e+00
     30.070   71.24684 -157.16424     3.7199    31.1804    1461.02  0.000e+00
     30.117   71.24684 -157.16424     3.7202    31.1803    1461.02  0.000e+00
     30.124   71.24684 -157.16424     3.7204    31.1802    1461.02  0.000e+00
     30.124   71.24684 -157.16424     3.7206    31.1796    1461.02  0.000e+00
     30.117   71.24684 -157.16424     3.7206    31.1800    1461.02  0.000e+00
     30.186   71.24684 -157.16424     3.7209    31.1808    1461.03  0.000e+00
     30.186   71.24684 -157.16424     3.7212    31.1810    1461.03  0.000e+00
     30.225   71.24684 -157.16424     3.7214    31.1816    1461.03  0.000e+00
     30.186   71.24684 -157.16424     3.7218    31.1815    1461.03  0.000e+00
     30.225   71.24684 -157.16424     3.7222    31.1823    1461.04  0.000e+00
     30.302   71.24684 -157.16424     3.7229    31.1827    1461.04  0.000e+00
     30.240   71.24684 -157.16424     3.7240    31.1826    1461.04  0.000e+00
     30.286   71.24684 -157.16424     3.7248    31.1832    1461.05  0.000e+00
     30.302   71.24684 -157.16424     3.7255    31.1838    1461.05  0.000e+00
     30.340   71.24684 -157.16424     3.7262    31.1838    1461.06  0.000e+00
     30.302   71.24684 -157.16424     3.7270    31.1842    1461.06  0.000e+00
     30.356   71.24684 -157.16424     3.7278    31.1850    1461.06  0.000e+00
     30.402   71.24684 -157.16424     3.7287    31.1848    1461.07  0.000e+00
     30.356   71.24684 -157.16424     3.7293    31.1844    1461.07  0.000e+00
     30.410   71.24684 -157.16424     3.7298    31.1844    1461.07  0.000e+00
     30.402   71.24684 -157.16424     3.7301    31.1853    1461.08  0.000e+00
     30.410   71.24684 -157.16424     3.7311    31.1853    1461.08  0.000e+00
     30.456   71.24684 -157.16424     3.7317    31.1851    1461.08  0.000e+00
     30.525   71.24684 -157.16424     3.7324    31.1854    1461.09  0.000e+00
     30.471   71.24684 -157.16424     3.7325    31.1861    1461.09  0.000e+00
     30.456   71.24684 -157.16424     3.7333    31.1875    1461.09  0.000e+00
     30.525   71.24684 -157.16424     3.7345    31.1887    1461.10  0.000e+00
     30.572   71.24684 -157.16424     3.7366    31.1923    1461.11  0.000e+00
     30.525   71.24684 -157.16424     3.7412    31.1960    1461.14  0.000e+00
     30.587   71.24684 -157.16424     3.7456    31.1978    1461.16  0.000e+00
     30.572   71.24684 -157.16424     3.7488    31.1983    1461.17  0.000e+00
     30.587   71.24684 -157.16424     3.7527    31.2003    1461.19  0.000e+00
     30.641   71.24684 -157.16424     3.7572    31.2015    1461.22  0.000e+00
     30.633   71.24684 -157.16424     3.7606    31.2028    1461.23  0.000e+00
     30.641   71.24684 -157.16424     3.7645    31.2041    1461.25  0.000e+00
     30.687   71.24684 -157.16424     3.7684    31.2059    1461.27  0.000e+00
     30.641   71.24684 -157.16424     3.7727    31.2072    1461.29  0.000e+00
     30.757   71.24684 -157.16424     3.7766    31.2081    1461.31  0.000e+00
     30.687   71.24684 -157.16424     3.7800    31.2082    1461.32  0.000e+00
     30.703   71.24684 -157.16424     3.7822    31.2077    1461.33  0.000e+00
     30.757   71.24684 -157.16424     3.7836    31.2090    1461.34  0.000e+00
     30.741   71.24684 -157.16424     3.7864    31.2140    1461.36  0.000e+00
     30.811   71.24684 -157.16424     3.7915    31.2177    1461.38  0.000e+00
     30.803   71.24684 -157.16424     3.7964    31.2181    1461.40  0.000e+00
     30.757   71.24684 -157.16424     3.7994    31.2172    1461.42  0.000e+00
     30.811   71.24684 -157.16424     3.8019    31.2175    1461.43  0.000e+00
     30.857   71.24684 -157.16424     3.8046    31.2174    1461.44  0.000e+00
     30.811   71.24684 -157.16424     3.8066    31.2169    1461.45  0.000e+00
     30.811   71.24684 -157.16424     3.8077    31.2180    1461.45  0.000e+00
     30.857   71.24684 -157.16424     3.8099    31.2191    1461.46  0.000e+00
     30.926   71.24684 -157.16424     3.8125    31.2184    1461.48  0.000e+00
     30.926   71.24684 -157.16424     3.8131    31.2176    1461.48  0.000e+00
     30.919   71.24684 -157.16424     3.8133    31.2196    1461.48  0.000e+00
     30.988   71.24684 -157.16424     3.8153    31.2206    1461.49  0.000e+00
     30.973   71.24684 -157.16424     3.8171    31.2205    1461.50  0.000e+00
     30.988   71.24684 -157.16424     3.8188    31.2227    1461.51  0.000e+00
     31.042   71.24684 -157.16424     3.8213    31.2245    1461.52  0.000e+00
     30.973   71.24684 -157.16424     3.8235    31.2249    1461.53  0.000e+00
     31.042   71.24684 -157.16424     3.8248    31.2262    1461.54  0.000e+00
     31.042   71.24684 -157.16424     3.8270    31.2283    1461.55  0.000e+00
     31.088   71.24684 -157.16424     3.8299    31.2289    1461.57  0.000e+00
     31.042   71.24684 -157.16424     3.8322    31.2287    1461.57  0.000e+00
     31.088   71.24684 -157.16424     3.8337    31.2287    1461.58  0.000e+00
     31.104   71.24684 -157.16424     3.8350    31.2282    1461.59  0.000e+00
     31.104   71.24684 -157.16424     3.8360    31.2284    1461.59  0.000e+00
     31.088   71.24684 -157.16424     3.8369    31.2285    1461.59  0.000e+00
     31.158   71.24684 -157.16424     3.8379    31.2278    1461.60  0.000e+00
     31.158   71.24684 -157.16424     3.8383    31.2279    1461.60  0.000e+00
     31.142   71.24684 -157.16424     3.8388    31.2277    1461.60  0.000e+00
     31.212   71.24684 -157.16424     3.8393    31.2280    1461.61  0.000e+00
     31.212   71.24684 -157.16424     3.8403    31.2293    1461.61  0.000e+00
     31.204   71.24684 -157.16424     3.8412    31.2305    1461.62  0.000e+00
     31.212   71.24684 -157.16424     3.8423    31.2306    1461.62  0.000e+00
     31.204   71.24684 -157.16424     3.8431    31.2312    1461.63  0.000e+00
     31.274   71.24684 -157.16424     3.8438    31.2313    1461.63  0.000e+00
     31.212   71.24684 -157.16424     3.8439    31.2309    1461.63  0.000e+00
     31.320   71.24684 -157.16424     3.8443    31.2310    1461.63  0.000e+00
     31.212   71.24684 -157.16424     3.8447    31.2319    1461.63  0.000e+00
     31.273   71.24684 -157.16424     3.8453    31.2316    1461.64  0.000e+00
     31.320   71.24684 -157.16424     3.8455    31.2336    1461.64  0.000e+00
     31.273   71.24684 -157.16424     3.8472    31.2384    1461.65  0.000e+00
     31.327   71.24684 -157.16424     3.8495    31.2412    1461.67  0.000e+00
     31.320   71.24684 -157.16424     3.8512    31.2420    1461.68  0.000e+00
     31.389   71.24684 -157.16424     3.8530    31.2438    1461.69  0.000e+00
     31.320   71.24684 -157.16424     3.8546    31.2454    1461.69  0.000e+00
     31.389   71.24684 -157.16424     3.8561    31.2457    1461.70  0.000e+00
     31.389   71.24684 -157.16424     3.8568    31.2459    1461.71  0.000e+00
     31.374   71.24684 -157.16424     3.8578    31.2479    1461.71  0.000e+00
     31.389   71.24684 -157.16424     3.8586    31.2502    1461.72  0.000e+00
     31.443   71.24684 -157.16424     3.8597    31.2520    1461.73  0.000e+00
     31.374   71.24684 -157.16424     3.8601    31.2527    1461.73  0.000e+00
     31.443   71.24684 -157.16424     3.8603    31.2529    1461.73  0.000e+00
     31.443   71.24684 -157.16424     3.8600    31.2530    1461.73  0.000e+00
     31.435   71.24684 -157.16424     3.8597    31.2532    1461.73  0.000e+00
     31.443   71.24684 -157.16424     3.8597    31.2532    1461.73  0.000e+00
     31.443   71.24684 -157.16424     3.8589    31.2534    1461.73  0.000e+00
     31.489   71.24684 -157.16424     3.8583    31.2533    1461.72  0.000e+00
     31.443   71.24684 -157.16424     3.8576    31.2530    1461.72  0.000e+00
     31.543   71.24684 -157.16424     3.8568    31.2539    1461.72  0.000e+00
     31.497   71.24684 -157.16424     3.8568    31.2536    1461.72  0.000e+00
     31.497   71.24684 -157.16424     3.8562    31.2545    1461.72  0.000e+00
     31.543   71.24684 -157.16424     3.8562    31.2540    1461.72  0.000e+00
     31.559   71.24684 -157.16424     3.8561    31.2541    1461.72  0.000e+00
     31.613   71.24684 -157.16424     3.8561    31.2546    1461.72  0.000e+00
     31.543   71.24684 -157.16424     3.8562    31.2546    1461.72  0.000e+00
     31.559   71.24684 -157.16424     3.8559    31.2545    1461.72  0.000e+00
     31.613   71.24684 -157.16424     3.8554    31.2550    1461.72  0.000e+00
     31.605   71.24684 -157.16424     3.8554    31.2548    1461.72  0.000e+00
     31.613   71.24684 -157.16424     3.8548    31.2550    1461.71  0.000e+00
     31.675   71.24684 -157.16424     3.8543    31.2542    1461.71  0.000e+00
     31.605   71.24684 -157.16424     3.8532    31.2542    1461.70  0.000e+00
     31.674   71.24684 -157.16424     3.8523    31.2541    1461.70  0.000e+00
     31.721   71.24684 -157.16424     3.8510    31.2544    1461.70  0.000e+00
     31.674   71.24684 -157.16424     3.8504    31.2546    1461.69  0.000e+00
     31.674   71.24684 -157.16424     3.8495    31.2555    1461.69  0.000e+00
     31.775   71.24684 -157.16424     3.8491    31.2549    1461.69  0.000e+00
     31.728   71.24684 -157.16424     3.8487    31.2553    1461.69  0.000e+00
     31.728   71.24684 -157.16424     3.8485    31.2554    1461.69  0.000e+00
     31.775   71.24684 -157.16424     3.8483    31.2552    1461.69  0.000e+00
     31.844   71.24684 -157.16424     3.8477    31.2551    1461.69  0.000e+00
     31.790   71.24684 -157.16424     3.8472    31.2549    1461.68  0.000e+00
     31.836   71.24684 -157.16424     3.8464    31.2557    1461.68  0.000e+00
     31.790   71.24684 -157.16424     3.8460    31.2559    1461.68  0.000e+00
     31.844   71.24684 -157.16424     3.8460    31.2561    1461.68  0.000e+00
     31.890   71.24684 -157.16424     3.8459    31.2559    1461.68  0.000e+00
     31.844   71.24684 -157.16424     3.8458    31.2559    1461.68  0.000e+00
     31.898   71.24684 -157.16424     3.8455    31.2557    1461.68  0.000e+00
     31.890   71.24684 -157.16424     3.8453    31.2553    1461.68  0.000e+00
     31.960   71.24684 -157.16424     3.8447    31.2550    1461.68  0.000e+00
     31.944   71.24684 -157.16424     3.8439    31.2554    1461.67  0.000e+00
     31.960   71.24684 -157.16424     3.8433    31.2558    1461.67  0.000e+00
     32.014   71.24684 -157.16424     3.8431    31.2555    1461.67  0.000e+00
     32.006   71.24684 -157.16424     3.8425    31.2561    1461.67  0.000e+00
     32.014   71.24684 -157.16424     3.8422    31.2565    1461.67  0.000e+00
     32.014   71.24684 -157.16424     3.8423    31.2564    1461.67  0.000e+00
     32.060   71.24684 -157.16424     3.8423    31.2561    1461.67  0.000e+00
     32.130   71.24684 -157.16424     3.8420    31.2561    1461.67  0.000e+00
     32.076   71.24684 -157.16424     3.8419    31.2562    1461.67  0.000e+00
     32.122   71.24684 -157.16424     3.8417    31.2559    1461.67  0.000e+00
     32.130   71.24684 -157.16424     3.8411    31.2558    1461.66  0.000e+00
     32.130   71.24684 -157.16424     3.8406    31.2558    1461.66  0.000e+00
     32.122   71.24684 -157.16424     3.8403    31.2563    1461.66  0.000e+00
     32.191   71.24684 -157.16424     3.8401    31.2553    1461.66  0.000e+00
     32.191   71.24684 -157.16424     3.8390    31.2546    1461.66  0.000e+00
     32.176   71.24684 -157.16424     3.8366    31.2557    1461.65  0.000e+00
     32.191   71.24684 -157.16424     3.8361    31.2567    1461.65  0.000e+00
     32.245   71.24684 -157.16424     3.8361    31.2572    1461.65  0.000e+00
     32.238   71.24684 -157.16424     3.8363    31.2573    1461.65  0.000e+00
     32.191   71.24684 -157.16424     3.8363    31.2576    1461.65  0.000e+00
     32.299   71.24684 -157.16424     3.8366    31.2573    1461.65  0.000e+00
     32.238   71.24684 -157.16424     3.8368    31.2572    1461.65  0.000e+00
     32.299   71.24684 -157.16424     3.8368    31.2569    1461.65  0.000e+00
     32.299   71.24684 -157.16424     3.8363    31.2567    1461.65  0.000e+00
     32.291   71.24684 -157.16424     3.8358    31.2563    1461.65  0.000e+00
     32.299   71.24684 -157.16424     3.8354    31.2570    1461.64  0.000e+00
     32.361   71.24684 -157.16424     3.8349    31.2569    1461.64  0.000e+00
     32.407   71.24684 -157.16424     3.8346    31.2570    1461.64  0.000e+00
     32.361   71.24684 -157.16424     3.8341    31.2570    1461.64  0.000e+00
     32.361   71.24684 -157.16424     3.8332    31.2572    1461.64  0.000e+00
     32.407   71.24684 -157.16424     3.8330    31.2573    1461.64  0.000e+00
     32.361   71.24684 -157.16424     3.8327    31.2575    1461.64  0.000e+00
     32.415   71.24684 -157.16424     3.8326    31.2576    1461.64  0.000e+00
     32.407   71.24684 -157.16424     3.8333    31.2580    1461.64  0.000e+00
     32.477   71.24684 -157.16424     3.8346    31.2580    1461.65  0.000e+00
     32.407   71.24684 -157.16424     3.8357    31.2567    1461.65  0.000e+00
     32.477   71.24684 -157.16424     3.8352    31.2567    1461.65  0.000e+00
     32.477   71.24684 -157.16424     3.8349    31.2567    1461.65  0.000e+00
     32.523   71.24684 -157.16424     3.8337    31.2564    1461.64  0.000e+00
     32.477   71.24684 -157.16424     3.8327    31.2566    1461.64  0.000e+00
     32.477   71.24684 -157.16424     3.8319    31.2568    1461.63  0.000e+00
