EcoFOCI/data/1_SampleCollection/2023_SikuliaqDBO_CruiseData/CTD_raw_BottleFile_SKQ23-12S/proc/skq202312s_076svp.cnv
* Sea-Bird SBE 9 Data File:
* FileName = D:\CTD\SKQ202312S\SKQ202312S_076.hex
* Software Version Seasave V 7.26.7.121
* Temperature SN = 6177
* Conductivity SN = 0369
* Number of Bytes Per Scan = 41
* Number of Voltage Words = 4
* Number of Scans Averaged by the Deck Unit = 1
* NMEA Latitude = 68 18.13 N
* NMEA Longitude = 166 55.58 W
* NMEA UTC (Time) = Oct 02 2023  08:17:28
* NMEA baud rate = 4800
** Ship: R/V Sikuliaq
** Station Number: 076
** Station Name: DBO3.1
** Bottom Depth: 34
** Operator: SD
# nquan = 7
# nvalues = 4366                                  
# units = specified
# name 0 = depSM: Depth [salt water, m]
# name 1 = latitude: Latitude [deg]
# name 2 = longitude: Longitude [deg]
# name 3 = t090C: Temperature [ITS-90, deg C]
# name 4 = sal00: Salinity, Practical [PSU]
# name 5 = svCM: Sound Velocity [Chen-Millero, m/s]
# name 6 = flag:  0.000e+00
# span 0 =      1.782,     29.736                 
# span 1 =   68.30194,   68.30202                 
# span 2 = -166.92538, -166.92412                 
# span 3 =     4.8244,     8.0163                 
# span 4 =    25.4268,    31.8301                 
# span 5 =    1464.03,    1474.87                 
# span 6 = 0.0000e+00, 0.0000e+00                 
# interval = seconds: 0.0416667
# start_time = Oct 02 2023 08:20:24 [NMEA time, first data scan]
# bad_flag = -9.990e-29
*END*
[from data line 3077]
     29.566   68.30196 -166.92432     4.8309    31.8234    1466.48  0.000e+00
     29.520   68.30196 -166.92432     4.8318    31.8234    1466.48  0.000e+00
     29.504   68.30196 -166.92432     4.8326    31.8230    1466.48  0.000e+00
     29.520   68.30196 -166.92432     4.8334    31.8223    1466.49  0.000e+00
     29.566   68.30196 -166.92432     4.8339    31.8220    1466.49  0.000e+00
     29.520   68.30196 -166.92432     4.8338    31.8217    1466.49  0.000e+00
     29.504   68.30196 -166.92432     4.8341    31.8212    1466.49  0.000e+00
     29.520   68.30196 -166.92432     4.8342    31.8207    1466.49  0.000e+00
     29.520   68.30196 -166.92432     4.8337    31.8205    1466.48  0.000e+00
     29.504   68.30196 -166.92432     4.8334    31.8206    1466.48  0.000e+00
     29.520   68.30196 -166.92432     4.8330    31.8210    1466.48  0.000e+00
     29.504   68.30196 -166.92432     4.8328    31.8210    1466.48  0.000e+00
     29.520   68.30196 -166.92432     4.8328    31.8215    1466.48  0.000e+00
     29.504   68.30196 -166.92432     4.8328    31.8218    1466.48  0.000e+00
     29.466   68.30196 -166.92432     4.8326    31.8217    1466.48  0.000e+00
     29.504   68.30196 -166.92432     4.8328    31.8213    1466.48  0.000e+00
     29.520   68.30196 -166.92432     4.8327    31.8215    1466.48  0.000e+00
     29.450   68.30196 -166.92432     4.8324    31.8216    1466.48  0.000e+00
     29.466   68.30196 -166.92432     4.8326    31.8216    1466.48  0.000e+00
     29.504   68.30196 -166.92432     4.8329    31.8209    1466.48  0.000e+00
     29.466   68.30196 -166.92432     4.8326    31.8211    1466.48  0.000e+00
     29.466   68.30196 -166.92432     4.8328    31.8213    1466.48  0.000e+00
     29.504   68.30196 -166.92432     4.8326    31.8208    1466.48  0.000e+00
     29.404   68.30196 -166.92432     4.8323    31.8207    1466.48  0.000e+00
     29.504   68.30196 -166.92432     4.8318    31.8206    1466.48  0.000e+00
     29.466   68.30196 -166.92432     4.8314    31.8211    1466.47  0.000e+00
     29.450   68.30196 -166.92432     4.8311    31.8214    1466.47  0.000e+00
     29.404   68.30196 -166.92432     4.8310    31.8215    1466.47  0.000e+00
     29.450   68.30196 -166.92432     4.8312    31.8218    1466.47  0.000e+00
     29.466   68.30196 -166.92432     4.8312    31.8214    1466.47  0.000e+00
     29.388   68.30196 -166.92432     4.8310    31.8217    1466.47  0.000e+00
     29.466   68.30196 -166.92432     4.8309    31.8221    1466.47  0.000e+00
     29.404   68.30196 -166.92432     4.8314    31.8225    1466.48  0.000e+00
     29.450   68.30196 -166.92432     4.8318    31.8226    1466.48  0.000e+00
     29.404   68.30196 -166.92432     4.8321    31.8224    1466.48  0.000e+00
     29.388   68.30196 -166.92432     4.8324    31.8219    1466.48  0.000e+00
     29.404   68.30196 -166.92432     4.8323    31.8215    1466.48  0.000e+00
     29.388   68.30196 -166.92432     4.8322    31.8218    1466.48  0.000e+00
     29.404   68.30196 -166.92432     4.8323    31.8213    1466.48  0.000e+00
     29.450   68.30196 -166.92432     4.8324    31.8210    1466.48  0.000e+00
     29.350   68.30196 -166.92432     4.8324    31.8212    1466.48  0.000e+00
     29.388   68.30196 -166.92432     4.8328    31.8210    1466.48  0.000e+00
     29.404   68.30196 -166.92432     4.8325    31.8208    1466.48  0.000e+00
     29.272   68.30196 -166.92432     4.8328    31.8200    1466.48  0.000e+00
     29.465   68.30196 -166.92432     4.8326    31.8197    1466.48  0.000e+00
     29.404   68.30196 -166.92432     4.8321    31.8196    1466.48  0.000e+00
     29.334   68.30196 -166.92432     4.8317    31.8201    1466.47  0.000e+00
     29.350   68.30196 -166.92432     4.8307    31.8204    1466.47  0.000e+00
     29.388   68.30196 -166.92432     4.8302    31.8209    1466.47  0.000e+00
     29.350   68.30196 -166.92430     4.8299    31.8215    1466.47  0.000e+00
     29.388   68.30196 -166.92430     4.8297    31.8214    1466.47  0.000e+00
     29.350   68.30196 -166.92430     4.8294    31.8217    1466.47  0.000e+00
     29.334   68.30196 -166.92430     4.8293    31.8212    1466.46  0.000e+00
     29.349   68.30196 -166.92430     4.8293    31.8214    1466.46  0.000e+00
     29.334   68.30196 -166.92430     4.8291    31.8217    1466.46  0.000e+00
     29.349   68.30196 -166.92430     4.8291    31.8211    1466.46  0.000e+00
     29.349   68.30196 -166.92430     4.8286    31.8213    1466.46  0.000e+00
     29.334   68.30196 -166.92430     4.8285    31.8215    1466.46  0.000e+00
     29.288   68.30196 -166.92430     4.8283    31.8216    1466.46  0.000e+00
     29.334   68.30196 -166.92430     4.8281    31.8219    1466.46  0.000e+00
     29.349   68.30196 -166.92430     4.8282    31.8215    1466.46  0.000e+00
     29.272   68.30196 -166.92430     4.8277    31.8224    1466.46  0.000e+00
     29.349   68.30196 -166.92430     4.8278    31.8224    1466.46  0.000e+00
     29.272   68.30196 -166.92430     4.8277    31.8226    1466.46  0.000e+00
     29.349   68.30196 -166.92430     4.8277    31.8223    1466.46  0.000e+00
     29.334   68.30196 -166.92430     4.8275    31.8218    1466.46  0.000e+00
     29.288   68.30196 -166.92430     4.8272    31.8221    1466.46  0.000e+00
     29.334   68.30196 -166.92430     4.8273    31.8218    1466.46  0.000e+00
     29.288   68.30196 -166.92430     4.8273    31.8222    1466.46  0.000e+00
     29.288   68.30196 -166.92430     4.8270    31.8224    1466.46  0.000e+00
     29.334   68.30196 -166.92430     4.8270    31.8223    1466.46  0.000e+00
     29.349   68.30196 -166.92430     4.8270    31.8224    1466.46  0.000e+00
     29.272   68.30196 -166.92430     4.8270    31.8232    1466.46  0.000e+00
     29.288   68.30196 -166.92430     4.8273    31.8227    1466.46  0.000e+00
     29.334   68.30196 -166.92430     4.8273    31.8228    1466.46  0.000e+00
     29.287   68.30196 -166.92430     4.8277    31.8224    1466.46  0.000e+00
     29.334   68.30196 -166.92430     4.8275    31.8222    1466.46  0.000e+00
     29.287   68.30196 -166.92430     4.8276    31.8218    1466.46  0.000e+00
     29.334   68.30196 -166.92430     4.8273    31.8224    1466.46  0.000e+00
     29.287   68.30196 -166.92430     4.8275    31.8227    1466.46  0.000e+00
     29.334   68.30196 -166.92430     4.8273    31.8222    1466.46  0.000e+00
     29.287   68.30196 -166.92430     4.8272    31.8224    1466.46  0.000e+00
     29.287   68.30196 -166.92430     4.8273    31.8221    1466.46  0.000e+00
     29.334   68.30196 -166.92430     4.8272    31.8226    1466.46  0.000e+00
     29.287   68.30196 -166.92430     4.8273    31.8220    1466.46  0.000e+00
     29.334   68.30196 -166.92430     4.8272    31.8223    1466.46  0.000e+00
     29.287   68.30196 -166.92430     4.8275    31.8222    1466.46  0.000e+00
     29.334   68.30196 -166.92430     4.8273    31.8223    1466.46  0.000e+00
     29.287   68.30196 -166.92430     4.8276    31.8221    1466.46  0.000e+00
     29.334   68.30196 -166.92430     4.8272    31.8224    1466.46  0.000e+00
     29.287   68.30196 -166.92430     4.8273    31.8221    1466.46  0.000e+00
     29.334   68.30196 -166.92430     4.8273    31.8222    1466.46  0.000e+00
     29.287   68.30196 -166.92430     4.8273    31.8225    1466.46  0.000e+00
     29.349   68.30196 -166.92430     4.8273    31.8228    1466.46  0.000e+00
     29.272   68.30196 -166.92430     4.8276    31.8228    1466.46  0.000e+00
     29.349   68.30196 -166.92430     4.8280    31.8229    1466.46  0.000e+00
     29.334   68.30196 -166.92430     4.8285    31.8230    1466.46  0.000e+00
     29.287   68.30196 -166.92430     4.8286    31.8228    1466.46  0.000e+00
     29.334   68.30196 -166.92430     4.8291    31.8225    1466.47  0.000e+00
     29.287   68.30196 -166.92430     4.8291    31.8224    1466.46  0.000e+00
     29.334   68.30196 -166.92430     4.8295    31.8221    1466.47  0.000e+00
     29.349   68.30196 -166.92430     4.8296    31.8221    1466.47  0.000e+00
     29.272   68.30196 -166.92430     4.8294    31.8221    1466.47  0.000e+00
     29.349   68.30196 -166.92430     4.8297    31.8221    1466.47  0.000e+00
     29.333   68.30196 -166.92430     4.8297    31.8222    1466.47  0.000e+00
     29.287   68.30196 -166.92430     4.8298    31.8224    1466.47  0.000e+00
     29.287   68.30196 -166.92430     4.8301    31.8218    1466.47  0.000e+00
     29.387   68.30196 -166.92430     4.8301    31.8218    1466.47  0.000e+00
     29.287   68.30196 -166.92430     4.8297    31.8220    1466.47  0.000e+00
     29.333   68.30196 -166.92430     4.8297    31.8220    1466.47  0.000e+00
     29.287   68.30196 -166.92430     4.8301    31.8219    1466.47  0.000e+00
     29.333   68.30196 -166.92430     4.8298    31.8215    1466.47  0.000e+00
     29.349   68.30196 -166.92430     4.8297    31.8214    1466.47  0.000e+00
     29.333   68.30196 -166.92430     4.8297    31.8216    1466.47  0.000e+00
     29.287   68.30196 -166.92430     4.8299    31.8218    1466.47  0.000e+00
     29.333   68.30196 -166.92430     4.8297    31.8220    1466.47  0.000e+00
     29.287   68.30196 -166.92430     4.8297    31.8215    1466.47  0.000e+00
     29.333   68.30196 -166.92430     4.8298    31.8215    1466.47  0.000e+00
     29.349   68.30196 -166.92430     4.8297    31.8221    1466.47  0.000e+00
     29.287   68.30196 -166.92430     4.8296    31.8216    1466.47  0.000e+00
     29.387   68.30196 -166.92430     4.8296    31.8219    1466.47  0.000e+00
     29.287   68.30196 -166.92430     4.8297    31.8220    1466.47  0.000e+00
     29.333   68.30196 -166.92430     4.8297    31.8220    1466.47  0.000e+00
     29.287   68.30196 -166.92430     4.8297    31.8218    1466.47  0.000e+00
     29.387   68.30196 -166.92430     4.8297    31.8219    1466.47  0.000e+00
     29.287   68.30196 -166.92430     4.8296    31.8217    1466.47  0.000e+00
     29.333   68.30196 -166.92430     4.8296    31.8213    1466.47  0.000e+00
     29.349   68.30196 -166.92430     4.8293    31.8216    1466.47  0.000e+00
     29.333   68.30196 -166.92430     4.8293    31.8215    1466.46  0.000e+00
     29.287   68.30196 -166.92430     4.8290    31.8213    1466.46  0.000e+00
     29.333   68.30196 -166.92430     4.8286    31.8217    1466.46  0.000e+00
     29.349   68.30196 -166.92430     4.8286    31.8217    1466.46  0.000e+00
     29.349   68.30196 -166.92430     4.8282    31.8223    1466.46  0.000e+00
     29.333   68.30196 -166.92430     4.8282    31.8225    1466.46  0.000e+00
     29.349   68.30196 -166.92430     4.8282    31.8230    1466.46  0.000e+00
     29.333   68.30196 -166.92430     4.8285    31.8231    1466.46  0.000e+00
     29.349   68.30196 -166.92430     4.8288    31.8224    1466.46  0.000e+00
     29.333   68.30196 -166.92430     4.8288    31.8223    1466.46  0.000e+00
     29.287   68.30196 -166.92430     4.8288    31.8225    1466.46  0.000e+00
     29.387   68.30196 -166.92430     4.8290    31.8219    1466.47  0.000e+00
     29.348   68.30196 -166.92430     4.8290    31.8221    1466.46  0.000e+00
     29.333   68.30196 -166.92430     4.8291    31.8222    1466.46  0.000e+00
     29.348   68.30196 -166.92430     4.8293    31.8219    1466.47  0.000e+00
     29.348   68.30196 -166.92430     4.8293    31.8221    1466.47  0.000e+00
     29.333   68.30196 -166.92430     4.8293    31.8219    1466.47  0.000e+00
     29.348   68.30196 -166.92428     4.8293    31.8222    1466.47  0.000e+00
     29.387   68.30196 -166.92428     4.8293    31.8213    1466.47  0.000e+00
     29.348   68.30196 -166.92428     4.8288    31.8210    1466.46  0.000e+00
     29.387   68.30196 -166.92428     4.8286    31.8206    1466.46  0.000e+00
     29.348   68.30196 -166.92428     4.8282    31.8209    1466.46  0.000e+00
     29.333   68.30196 -166.92428     4.8278    31.8222    1466.46  0.000e+00
     29.402   68.30196 -166.92428     4.8280    31.8220    1466.46  0.000e+00
     29.333   68.30196 -166.92428     4.8280    31.8223    1466.46  0.000e+00
     29.402   68.30196 -166.92428     4.8282    31.8219    1466.46  0.000e+00
     29.387   68.30196 -166.92428     4.8282    31.8217    1466.46  0.000e+00
     29.348   68.30196 -166.92428     4.8282    31.8220    1466.46  0.000e+00
     29.402   68.30196 -166.92428     4.8281    31.8219    1466.46  0.000e+00
     29.387   68.30196 -166.92428     4.8282    31.8217    1466.46  0.000e+00
     29.348   68.30196 -166.92428     4.8282    31.8220    1466.46  0.000e+00
     29.387   68.30196 -166.92428     4.8282    31.8220    1466.46  0.000e+00
     29.402   68.30196 -166.92428     4.8283    31.8217    1466.46  0.000e+00
     29.387   68.30196 -166.92428     4.8282    31.8222    1466.46  0.000e+00
     29.402   68.30196 -166.92428     4.8282    31.8220    1466.46  0.000e+00
     29.448   68.30196 -166.92428     4.8285    31.8219    1466.46  0.000e+00
     29.402   68.30196 -166.92428     4.8282    31.8223    1466.46  0.000e+00
     29.387   68.30196 -166.92428     4.8283    31.8219    1466.46  0.000e+00
     29.402   68.30196 -166.92428     4.8283    31.8223    1466.46  0.000e+00
     29.402   68.30196 -166.92428     4.8282    31.8230    1466.46  0.000e+00
     29.448   68.30196 -166.92428     4.8284    31.8223    1466.46  0.000e+00
     29.402   68.30196 -166.92428     4.8286    31.8219    1466.46  0.000e+00
     29.448   68.30196 -166.92428     4.8286    31.8220    1466.46  0.000e+00
     29.402   68.30196 -166.92428     4.8286    31.8219    1466.46  0.000e+00
     29.502   68.30196 -166.92428     4.8286    31.8220    1466.47  0.000e+00
     29.402   68.30196 -166.92428     4.8285    31.8222    1466.46  0.000e+00
     29.448   68.30196 -166.92428     4.8286    31.8219    1466.46  0.000e+00
     29.464   68.30196 -166.92428     4.8288    31.8217    1466.47  0.000e+00
     29.448   68.30196 -166.92428     4.8286    31.8218    1466.46  0.000e+00
     29.464   68.30196 -166.92428     4.8286    31.8216    1466.46  0.000e+00
     29.448   68.30196 -166.92428     4.8283    31.8221    1466.46  0.000e+00
     29.464   68.30196 -166.92428     4.8282    31.8220    1466.46  0.000e+00
     29.402   68.30196 -166.92428     4.8282    31.8218    1466.46  0.000e+00
     29.502   68.30196 -166.92428     4.8282    31.8217    1466.46  0.000e+00
     29.464   68.30196 -166.92428     4.8282    31.8219    1466.46  0.000e+00
     29.448   68.30196 -166.92428     4.8278    31.8217    1466.46  0.000e+00
     29.464   68.30196 -166.92428     4.8277    31.8221    1466.46  0.000e+00
     29.502   68.30196 -166.92428     4.8278    31.8219    1466.46  0.000e+00
     29.464   68.30196 -166.92428     4.8277    31.8219    1466.46  0.000e+00
     29.502   68.30196 -166.92428     4.8277    31.8219    1466.46  0.000e+00
     29.464   68.30196 -166.92428     4.8275    31.8218    1466.46  0.000e+00
     29.502   68.30196 -166.92428     4.8273    31.8219    1466.46  0.000e+00
     29.464   68.30196 -166.92428     4.8273    31.8222    1466.46  0.000e+00
     29.464   68.30196 -166.92428     4.8273    31.8220    1466.46  0.000e+00
     29.502   68.30196 -166.92428     4.8270    31.8224    1466.46  0.000e+00
     29.464   68.30196 -166.92428     4.8273    31.8216    1466.46  0.000e+00
     29.502   68.30196 -166.92428     4.8272    31.8219    1466.46  0.000e+00
     29.518   68.30196 -166.92428     4.8273    31.8219    1466.46  0.000e+00
     29.448   68.30196 -166.92428     4.8272    31.8219    1466.46  0.000e+00
     29.518   68.30196 -166.92428     4.8273    31.8219    1466.46  0.000e+00
     29.502   68.30196 -166.92428     4.8273    31.8219    1466.46  0.000e+00
     29.518   68.30196 -166.92428     4.8272    31.8221    1466.46  0.000e+00
     29.448   68.30196 -166.92428     4.8272    31.8221    1466.46  0.000e+00
     29.518   68.30196 -166.92428     4.8272    31.8223    1466.46  0.000e+00
     29.463   68.30196 -166.92428     4.8273    31.8223    1466.46  0.000e+00
     29.502   68.30196 -166.92428     4.8273    31.8222    1466.46  0.000e+00
     29.517   68.30196 -166.92428     4.8273    31.8224    1466.46  0.000e+00
