EcoFOCI/data/1_SampleCollection/2023_SikuliaqDBO_CruiseData/CTD_raw_BottleFile_SKQ23-12S/proc/skq202312s_036svpavg.cnv
* Sea-Bird SBE 9 Data File:
* FileName = D:\CTD\SKQ202312S\SKQ202312S_036.hex
* Software Version Seasave V 7.26.7.121
* Temperature SN = 6177
* Conductivity SN = 0369
* Number of Bytes Per Scan = 41
* Number of Voltage Words = 4
* Number of Scans Averaged by the Deck Unit = 1
* NMEA Latitude = 72 27.93 N
* NMEA Longitude = 156 32.77 W
* NMEA UTC (Time) = Sep 22 2023  14:08:00
* NMEA baud rate = 4800
** Ship: R/V Sikuliaq
** Station Number: 036
** Station Name: CK9
** Bottom Depth: 990
** Operator: SD
# nquan = 7
# nvalues = 978                         
# units = specified
# name 0 = depSM: Depth [salt water, m]
# name 1 = latitude: Latitude [deg]
# name 2 = longitude: Longitude [deg]
# name 3 = t090C: Temperature [ITS-90, deg C]
# name 4 = sal00: Salinity, Practical [PSU]
# name 5 = svCM: Sound Velocity [Chen-Millero, m/s]
# name 6 = flag: flag
# span 0 =      4.000,    981.000       
# span 1 =   72.46518,   72.46554       
# span 2 = -156.54650, -156.54612       
# span 3 =    -1.6662,     3.5207       
# span 4 =    27.5795,    34.8588       
# span 5 =    1440.31,    1466.47       
# span 6 = 0.0000e+00, 0.0000e+00       
# interval = meters: 1                  
# start_time = Sep 22 2023 14:11:59 [NMEA time, first data scan]
# bad_flag = -9.990e-29
*END*
[from data line 206]
    210.000   72.46546 -156.54620    -0.2583    34.4012    1450.60 0.0000e+00
    211.000   72.46546 -156.54620    -0.2563    34.4028    1450.62 0.0000e+00
    212.000   72.46546 -156.54620    -0.2418    34.4141    1450.72 0.0000e+00
    213.000   72.46546 -156.54620    -0.2216    34.4242    1450.85 0.0000e+00
    214.000   72.46546 -156.54620    -0.2154    34.4280    1450.90 0.0000e+00
    215.000   72.46546 -156.54620    -0.2098    34.4310    1450.94 0.0000e+00
    216.000   72.46546 -156.54620    -0.2068    34.4329    1450.98 0.0000e+00
    217.000   72.46546 -156.54620    -0.1941    34.4416    1451.06 0.0000e+00
    218.000   72.46546 -156.54620    -0.1856    34.4460    1451.13 0.0000e+00
    219.000   72.46546 -156.54620    -0.1714    34.4555    1451.22 0.0000e+00
    220.000   72.46546 -156.54620    -0.1620    34.4592    1451.28 0.0000e+00
    221.000   72.46546 -156.54620    -0.1562    34.4625    1451.33 0.0000e+00
    222.000   72.46546 -156.54620    -0.1476    34.4684    1451.40 0.0000e+00
    223.000   72.46546 -156.54620    -0.1247    34.4793    1451.53 0.0000e+00
    224.000   72.46546 -156.54620    -0.1138    34.4864    1451.61 0.0000e+00
    225.000   72.46546 -156.54620    -0.0907    34.5000    1451.75 0.0000e+00
    226.000   72.46546 -156.54620    -0.0750    34.5078    1451.85 0.0000e+00
    227.000   72.46546 -156.54620    -0.0599    34.5163    1451.95 0.0000e+00
    228.000   72.46546 -156.54620    -0.0358    34.5284    1452.09 0.0000e+00
    229.000   72.46546 -156.54620    -0.0279    34.5316    1452.15 0.0000e+00
    230.000   72.46546 -156.54620    -0.0180    34.5362    1452.22 0.0000e+00
    231.000   72.46546 -156.54620    -0.0102    34.5403    1452.28 0.0000e+00
    232.000   72.46546 -156.54620    -0.0047    34.5434    1452.32 0.0000e+00
    233.000   72.46546 -156.54620    -0.0032    34.5441    1452.35 0.0000e+00
    234.000   72.46546 -156.54620    -0.0021    34.5450    1452.37 0.0000e+00
    235.000   72.46546 -156.54620     0.0019    34.5474    1452.41 0.0000e+00
    236.000   72.46547 -156.54620     0.0086    34.5499    1452.46 0.0000e+00
    237.000   72.46548 -156.54620     0.0318    34.5620    1452.60 0.0000e+00
    238.000   72.46548 -156.54620     0.0650    34.5748    1452.78 0.0000e+00
    239.000   72.46548 -156.54620     0.0762    34.5787    1452.86 0.0000e+00
    240.000   72.46548 -156.54620     0.0776    34.5801    1452.88 0.0000e+00
    241.000   72.46548 -156.54620     0.0809    34.5820    1452.92 0.0000e+00
    242.000   72.46548 -156.54620     0.0878    34.5854    1452.97 0.0000e+00
    243.000   72.46548 -156.54620     0.0966    34.5892    1453.03 0.0000e+00
    244.000   72.46548 -156.54620     0.1050    34.5917    1453.09 0.0000e+00
    245.000   72.46548 -156.54620     0.1122    34.5935    1453.14 0.0000e+00
    246.000   72.46548 -156.54620     0.1226    34.5964    1453.21 0.0000e+00
    247.000   72.46548 -156.54620     0.1290    34.5989    1453.26 0.0000e+00
    248.000   72.46548 -156.54620     0.1395    34.6022    1453.33 0.0000e+00
    249.000   72.46548 -156.54620     0.1525    34.6087    1453.41 0.0000e+00
    250.000   72.46548 -156.54620     0.1705    34.6138    1453.52 0.0000e+00
    251.000   72.46548 -156.54620     0.1899    34.6166    1453.63 0.0000e+00
    252.000   72.46548 -156.54620     0.2019    34.6228    1453.71 0.0000e+00
    253.000   72.46548 -156.54620     0.2203    34.6290    1453.82 0.0000e+00
    254.000   72.46548 -156.54620     0.2306    34.6318    1453.88 0.0000e+00
    255.000   72.46548 -156.54620     0.2341    34.6337    1453.92 0.0000e+00
    256.000   72.46548 -156.54620     0.2383    34.6358    1453.96 0.0000e+00
    257.000   72.46548 -156.54620     0.2535    34.6434    1454.05 0.0000e+00
    258.000   72.46548 -156.54620     0.2713    34.6460    1454.15 0.0000e+00
    259.000   72.46548 -156.54620     0.2809    34.6503    1454.22 0.0000e+00
    260.000   72.46548 -156.54620     0.2839    34.6533    1454.25 0.0000e+00
    261.000   72.46548 -156.54620     0.2857    34.6547    1454.28 0.0000e+00
    262.000   72.46548 -156.54620     0.2860    34.6549    1454.30 0.0000e+00
    263.000   72.46548 -156.54620     0.2826    34.6551    1454.30 0.0000e+00
    264.000   72.46548 -156.54620     0.2817    34.6555    1454.31 0.0000e+00
    265.000   72.46548 -156.54620     0.2814    34.6561    1454.33 0.0000e+00
    266.000   72.46548 -156.54620     0.2837    34.6578    1454.36 0.0000e+00
    267.000   72.46548 -156.54620     0.3066    34.6647    1454.49 0.0000e+00
    268.000   72.46548 -156.54620     0.3205    34.6654    1454.57 0.0000e+00
    269.000   72.46548 -156.54620     0.3317    34.6682    1454.64 0.0000e+00
    270.000   72.46548 -156.54620     0.3435    34.6698    1454.71 0.0000e+00
    271.000   72.46548 -156.54620     0.3474    34.6724    1454.75 0.0000e+00
    272.000   72.46548 -156.54620     0.3654    34.6783    1454.86 0.0000e+00
    273.000   72.46548 -156.54620     0.3699    34.6814    1454.90 0.0000e+00
    274.000   72.46548 -156.54620     0.3731    34.6828    1454.93 0.0000e+00
    275.000   72.46548 -156.54620     0.3821    34.6862    1454.99 0.0000e+00
    276.000   72.46548 -156.54620     0.3917    34.6872    1455.06 0.0000e+00
    277.000   72.46548 -156.54620     0.3931    34.6887    1455.08 0.0000e+00
    278.000   72.46548 -156.54620     0.3975    34.6901    1455.12 0.0000e+00
    279.000   72.46548 -156.54620     0.4042    34.6912    1455.17 0.0000e+00
    280.000   72.46548 -156.54620     0.4104    34.6917    1455.21 0.0000e+00
    281.000   72.46548 -156.54620     0.4250    34.6954    1455.30 0.0000e+00
    282.000   72.46548 -156.54620     0.4361    34.6976    1455.37 0.0000e+00
    283.000   72.46548 -156.54620     0.4557    34.7023    1455.48 0.0000e+00
    284.000   72.46548 -156.54620     0.4582    34.7028    1455.51 0.0000e+00
    285.000   72.46548 -156.54620     0.4669    34.7067    1455.57 0.0000e+00
    286.000   72.46548 -156.54620     0.4782    34.7089    1455.64 0.0000e+00
    287.000   72.46548 -156.54620     0.4919    34.7109    1455.72 0.0000e+00
    288.000   72.46546 -156.54620     0.5089    34.7154    1455.82 0.0000e+00
    289.000   72.46546 -156.54620     0.5097    34.7165    1455.84 0.0000e+00
    290.000   72.46546 -156.54620     0.5085    34.7166    1455.86 0.0000e+00
    291.000   72.46546 -156.54620     0.5082    34.7176    1455.87 0.0000e+00
    292.000   72.46546 -156.54620     0.5089    34.7179    1455.89 0.0000e+00
    293.000   72.46546 -156.54620     0.5136    34.7196    1455.93 0.0000e+00
    294.000   72.46546 -156.54620     0.5212    34.7217    1455.99 0.0000e+00
    295.000   72.46546 -156.54620     0.5253    34.7231    1456.02 0.0000e+00
    296.000   72.46546 -156.54620     0.5295    34.7241    1456.06 0.0000e+00
    297.000   72.46546 -156.54620     0.5358    34.7260    1456.11 0.0000e+00
    298.000   72.46546 -156.54620     0.5539    34.7315    1456.22 0.0000e+00
    299.000   72.46546 -156.54620     0.5757    34.7342    1456.33 0.0000e+00
    300.000   72.46546 -156.54620     0.5924    34.7375    1456.43 0.0000e+00
    301.000   72.46546 -156.54620     0.6029    34.7418    1456.50 0.0000e+00
    302.000   72.46546 -156.54620     0.6214    34.7453    1456.61 0.0000e+00
    303.000   72.46546 -156.54620     0.6317    34.7473    1456.67 0.0000e+00
    304.000   72.46546 -156.54620     0.6378    34.7488    1456.72 0.0000e+00
    305.000   72.46546 -156.54620     0.6524    34.7518    1456.80 0.0000e+00
    306.000   72.46546 -156.54620     0.6605    34.7538    1456.86 0.0000e+00
    307.000   72.46546 -156.54620     0.6683    34.7555    1456.91 0.0000e+00
    308.000   72.46546 -156.54620     0.6735    34.7580    1456.96 0.0000e+00
    309.000   72.46546 -156.54620     0.6822    34.7597    1457.02 0.0000e+00
    310.000   72.46546 -156.54620     0.6856    34.7611    1457.05 0.0000e+00
    311.000   72.46546 -156.54620     0.6900    34.7631    1457.09 0.0000e+00
    312.000   72.46546 -156.54620     0.6963    34.7650    1457.14 0.0000e+00
    313.000   72.46546 -156.54620     0.6996    34.7658    1457.17 0.0000e+00
    314.000   72.46546 -156.54620     0.7067    34.7684    1457.22 0.0000e+00
    315.000   72.46546 -156.54620     0.7196    34.7704    1457.30 0.0000e+00
    316.000   72.46546 -156.54620     0.7233    34.7713    1457.33 0.0000e+00
    317.000   72.46546 -156.54620     0.7276    34.7724    1457.37 0.0000e+00
    318.000   72.46546 -156.54619     0.7308    34.7733    1457.40 0.0000e+00
    319.000   72.46546 -156.54618     0.7342    34.7745    1457.44 0.0000e+00
    320.000   72.46546 -156.54618     0.7410    34.7770    1457.49 0.0000e+00
    321.000   72.46546 -156.54618     0.7564    34.7797    1457.58 0.0000e+00
    322.000   72.46546 -156.54618     0.7585    34.7794    1457.60 0.0000e+00
    323.000   72.46546 -156.54618     0.7578    34.7804    1457.62 0.0000e+00
    324.000   72.46546 -156.54618     0.7620    34.7808    1457.65 0.0000e+00
    325.000   72.46546 -156.54617     0.7624    34.7808    1457.67 0.0000e+00
    326.000   72.46546 -156.54616     0.7626    34.7811    1457.69 0.0000e+00
    327.000   72.46544 -156.54616     0.7647    34.7816    1457.72 0.0000e+00
    328.000   72.46545 -156.54616     0.7646    34.7815    1457.73 0.0000e+00
    329.000   72.46546 -156.54616     0.7650    34.7818    1457.75 0.0000e+00
    330.000   72.46546 -156.54616     0.7658    34.7823    1457.77 0.0000e+00
    331.000   72.46545 -156.54616     0.7673    34.7827    1457.80 0.0000e+00
    332.000   72.46544 -156.54616     0.7674    34.7825    1457.81 0.0000e+00
    333.000   72.46544 -156.54616     0.7689    34.7835    1457.84 0.0000e+00
    334.000   72.46544 -156.54616     0.7701    34.7834    1457.86 0.0000e+00
    335.000   72.46544 -156.54616     0.7706    34.7835    1457.88 0.0000e+00
    336.000   72.46544 -156.54616     0.7718    34.7841    1457.90 0.0000e+00
    337.000   72.46544 -156.54616     0.7757    34.7855    1457.94 0.0000e+00
    338.000   72.46544 -156.54616     0.7776    34.7861    1457.96 0.0000e+00
    339.000   72.46544 -156.54616     0.7859    34.7890    1458.02 0.0000e+00
    340.000   72.46544 -156.54616     0.7940    34.7909    1458.08 0.0000e+00
    341.000   72.46544 -156.54616     0.7969    34.7921    1458.11 0.0000e+00
    342.000   72.46544 -156.54616     0.7997    34.7930    1458.14 0.0000e+00
    343.000   72.46544 -156.54616     0.8030    34.7938    1458.17 0.0000e+00
    344.000   72.46544 -156.54616     0.8045    34.7939    1458.19 0.0000e+00
    345.000   72.46544 -156.54616     0.8050    34.7941    1458.21 0.0000e+00
    346.000   72.46544 -156.54616     0.8066    34.7948    1458.24 0.0000e+00
    347.000   72.46544 -156.54616     0.8074    34.7949    1458.26 0.0000e+00
    348.000   72.46544 -156.54616     0.8089    34.7954    1458.28 0.0000e+00
    349.000   72.46544 -156.54616     0.8098    34.7955    1458.30 0.0000e+00
    350.000   72.46544 -156.54617     0.8114    34.7959    1458.33 0.0000e+00
    351.000   72.46544 -156.54618     0.8126    34.7963    1458.35 0.0000e+00
    352.000   72.46544 -156.54618     0.8160    34.7969    1458.38 0.0000e+00
    353.000   72.46544 -156.54618     0.8176    34.7967    1458.41 0.0000e+00
    354.000   72.46543 -156.54618     0.8176    34.7969    1458.42 0.0000e+00
    355.000   72.46542 -156.54618     0.8175    34.7970    1458.44 0.0000e+00
    356.000   72.46542 -156.54618     0.8185    34.7973    1458.46 0.0000e+00
    357.000   72.46542 -156.54618     0.8233    34.7986    1458.50 0.0000e+00
    358.000   72.46542 -156.54618     0.8242    34.7989    1458.52 0.0000e+00
    359.000   72.46542 -156.54619     0.8267    34.7999    1458.55 0.0000e+00
    360.000   72.46542 -156.54620     0.8276    34.8005    1458.57 0.0000e+00
    361.000   72.46542 -156.54620     0.8284    34.8010    1458.59 0.0000e+00
    362.000   72.46542 -156.54620     0.8282    34.8013    1458.61 0.0000e+00
    363.000   72.46542 -156.54620     0.8281    34.8015    1458.63 0.0000e+00
    364.000   72.46542 -156.54620     0.8278    34.8018    1458.64 0.0000e+00
    365.000   72.46542 -156.54620     0.8281    34.8021    1458.66 0.0000e+00
    366.000   72.46542 -156.54620     0.8353    34.8042    1458.71 0.0000e+00
    367.000   72.46542 -156.54620     0.8422    34.8037    1458.76 0.0000e+00
    368.000   72.46542 -156.54620     0.8427    34.8038    1458.78 0.0000e+00
    369.000   72.46542 -156.54620     0.8435    34.8040    1458.80 0.0000e+00
    370.000   72.46542 -156.54620     0.8481    34.8054    1458.84 0.0000e+00
    371.000   72.46542 -156.54620     0.8574    34.8078    1458.90 0.0000e+00
    372.000   72.46542 -156.54620     0.8619    34.8083    1458.94 0.0000e+00
    373.000   72.46542 -156.54620     0.8611    34.8082    1458.95 0.0000e+00
    374.000   72.46542 -156.54620     0.8542    34.8083    1458.93 0.0000e+00
    375.000   72.46542 -156.54620     0.8528    34.8088    1458.94 0.0000e+00
    376.000   72.46542 -156.54620     0.8519    34.8090    1458.96 0.0000e+00
    377.000   72.46541 -156.54620     0.8508    34.8095    1458.97 0.0000e+00
    378.000   72.46540 -156.54620     0.8496    34.8099    1458.98 0.0000e+00
    379.000   72.46540 -156.54620     0.8512    34.8109    1459.01 0.0000e+00
    380.000   72.46540 -156.54620     0.8511    34.8103    1459.02 0.0000e+00
    381.000   72.46540 -156.54620     0.8520    34.8107    1459.04 0.0000e+00
    382.000   72.46540 -156.54620     0.8558    34.8117    1459.08 0.0000e+00
    383.000   72.46540 -156.54620     0.8592    34.8129    1459.11 0.0000e+00
    384.000   72.46540 -156.54620     0.8619    34.8140    1459.14 0.0000e+00
    385.000   72.46540 -156.54621     0.8619    34.8142    1459.16 0.0000e+00
    386.000   72.46540 -156.54622     0.8615    34.8143    1459.17 0.0000e+00
    387.000   72.46540 -156.54622     0.8619    34.8145    1459.19 0.0000e+00
    388.000   72.46540 -156.54622     0.8630    34.8152    1459.21 0.0000e+00
    389.000   72.46540 -156.54622     0.8680    34.8160    1459.25 0.0000e+00
    390.000   72.46540 -156.54622     0.8697    34.8164    1459.28 0.0000e+00
    391.000   72.46540 -156.54622     0.8713    34.8168    1459.30 0.0000e+00
    392.000   72.46540 -156.54622     0.8711    34.8172    1459.32 0.0000e+00
    393.000   72.46540 -156.54622     0.8710    34.8176    1459.34 0.0000e+00
    394.000   72.46540 -156.54622     0.8716    34.8178    1459.36 0.0000e+00
    395.000   72.46540 -156.54622     0.8722    34.8179    1459.38 0.0000e+00
    396.000   72.46540 -156.54622     0.8722    34.8188    1459.39 0.0000e+00
    397.000   72.46540 -156.54623     0.8731    34.8196    1459.42 0.0000e+00
    398.000   72.46540 -156.54624     0.8767    34.8204    1459.45 0.0000e+00
    399.000   72.46540 -156.54624     0.8774    34.8206    1459.47 0.0000e+00
    400.000   72.46540 -156.54624     0.8782    34.8208    1459.49 0.0000e+00
    401.000   72.46540 -156.54624     0.8789    34.8209    1459.51 0.0000e+00
    402.000   72.46540 -156.54624     0.8791    34.8213    1459.53 0.0000e+00
    403.000   72.46540 -156.54624     0.8814    34.8219    1459.56 0.0000e+00
    404.000   72.46540 -156.54624     0.8804    34.8220    1459.57 0.0000e+00
    405.000   72.46540 -156.54624     0.8801    34.8225    1459.58 0.0000e+00
    406.000   72.46540 -156.54625     0.8801    34.8225    1459.60 0.0000e+00
    407.000   72.46540 -156.54626     0.8794    34.8225    1459.61 0.0000e+00
    408.000   72.46540 -156.54626     0.8787    34.8228    1459.63 0.0000e+00
    409.000   72.46540 -156.54626     0.8788    34.8229    1459.64 0.0000e+00
    410.000   72.46540 -156.54626     0.8813    34.8237    1459.67 0.0000e+00
    411.000   72.46538 -156.54626     0.8844    34.8244    1459.70 0.0000e+00
    412.000   72.46538 -156.54626     0.8866    34.8247    1459.73 0.0000e+00
    413.000   72.46540 -156.54626     0.8891    34.8256    1459.76 0.0000e+00
