EcoFOCI/data/1_SampleCollection/2023_SikuliaqDBO_CruiseData/CTD_raw_BottleFile_SKQ23-12S/proc/skq202312s_031svp.cnv
* Sea-Bird SBE 9 Data File:
* FileName = D:\CTD\SKQ202312S\SKQ202312S_031.hex
* Software Version Seasave V 7.26.7.121
* Temperature SN = 6177
* Conductivity SN = 0369
* Number of Bytes Per Scan = 41
* Number of Voltage Words = 4
* Number of Scans Averaged by the Deck Unit = 1
* NMEA Latitude = 71 29.95 N
* NMEA Longitude = 157 40.36 W
* NMEA UTC (Time) = Sep 21 2023  09:49:17
* NMEA baud rate = 4800
** Ship: R/V Sikuliaq
** Station Number: 031
** Station Name: DBO5.7
** Bottom Depth: 81
** Operator: SS
# nquan = 7
# nvalues = 7970                                  
# units = specified
# name 0 = depSM: Depth [salt water, m]
# name 1 = latitude: Latitude [deg]
# name 2 = longitude: Longitude [deg]
# name 3 = t090C: Temperature [ITS-90, deg C]
# name 4 = sal00: Salinity, Practical [PSU]
# name 5 = svCM: Sound Velocity [Chen-Millero, m/s]
# name 6 = flag:  0.000e+00
# span 0 =      2.872,     76.386                 
# span 1 =   71.49900,   71.49906                 
# span 2 = -157.67374, -157.67336                 
# span 3 =    -1.6844,     3.0301                 
# span 4 =    29.9724,    32.8984                 
# span 5 =    1438.97,    1456.52                 
# span 6 = 0.0000e+00, 0.0000e+00                 
# interval = seconds: 0.0416667
# start_time = Sep 21 2023 09:54:09 [NMEA time, first data scan]
# bad_flag = -9.990e-29
*END*
[from data line 3077]
     41.562   71.49904 -157.67352    -1.5457    32.6002    1439.33  0.000e+00
     41.570   71.49904 -157.67352    -1.5451    32.5999    1439.33  0.000e+00
     41.624   71.49904 -157.67352    -1.5450    32.6015    1439.34  0.000e+00
     41.686   71.49904 -157.67352    -1.5434    32.6022    1439.35  0.000e+00
     41.678   71.49904 -157.67352    -1.5422    32.6039    1439.36  0.000e+00
     41.740   71.49904 -157.67352    -1.5406    32.6050    1439.37  0.000e+00
     41.740   71.49904 -157.67352    -1.5393    32.6060    1439.37  0.000e+00
     41.740   71.49904 -157.67352    -1.5381    32.6063    1439.38  0.000e+00
     41.848   71.49904 -157.67352    -1.5373    32.6064    1439.39  0.000e+00
     41.802   71.49904 -157.67352    -1.5369    32.6070    1439.39  0.000e+00
     41.917   71.49904 -157.67352    -1.5367    32.6076    1439.39  0.000e+00
     41.917   71.49904 -157.67352    -1.5366    32.6077    1439.39  0.000e+00
     41.964   71.49904 -157.67352    -1.5362    32.6074    1439.39  0.000e+00
     41.917   71.49904 -157.67352    -1.5367    32.6081    1439.39  0.000e+00
     42.025   71.49904 -157.67352    -1.5367    32.6078    1439.39  0.000e+00
     42.025   71.49904 -157.67352    -1.5375    32.6083    1439.39  0.000e+00
     42.025   71.49904 -157.67352    -1.5385    32.6088    1439.39  0.000e+00
     42.133   71.49904 -157.67352    -1.5396    32.6094    1439.38  0.000e+00
     42.087   71.49904 -157.67352    -1.5410    32.6104    1439.38  0.000e+00
     42.203   71.49904 -157.67352    -1.5419    32.6110    1439.38  0.000e+00
     42.141   71.49904 -157.67352    -1.5433    32.6122    1439.37  0.000e+00
     42.195   71.49904 -157.67352    -1.5442    32.6130    1439.37  0.000e+00
     42.257   71.49904 -157.67352    -1.5456    32.6140    1439.36  0.000e+00
     42.257   71.49904 -157.67352    -1.5470    32.6153    1439.36  0.000e+00
     42.318   71.49904 -157.67352    -1.5481    32.6164    1439.35  0.000e+00
     42.365   71.49904 -157.67352    -1.5490    32.6174    1439.35  0.000e+00
     42.318   71.49904 -157.67352    -1.5496    32.6174    1439.35  0.000e+00
     42.372   71.49904 -157.67352    -1.5502    32.6178    1439.35  0.000e+00
     42.372   71.49904 -157.67352    -1.5504    32.6180    1439.35  0.000e+00
     42.426   71.49904 -157.67352    -1.5509    32.6184    1439.35  0.000e+00
     42.480   71.49904 -157.67352    -1.5514    32.6186    1439.34  0.000e+00
     42.488   71.49904 -157.67352    -1.5521    32.6184    1439.34  0.000e+00
     42.488   71.49904 -157.67352    -1.5528    32.6186    1439.34  0.000e+00
     42.488   71.49904 -157.67352    -1.5535    32.6189    1439.33  0.000e+00
     42.596   71.49904 -157.67352    -1.5540    32.6188    1439.33  0.000e+00
     42.542   71.49904 -157.67352    -1.5548    32.6194    1439.33  0.000e+00
     42.604   71.49904 -157.67352    -1.5551    32.6194    1439.33  0.000e+00
     42.604   71.49904 -157.67352    -1.5555    32.6197    1439.33  0.000e+00
     42.658   71.49904 -157.67352    -1.5558    32.6201    1439.33  0.000e+00
     42.650   71.49904 -157.67352    -1.5566    32.6202    1439.32  0.000e+00
     42.658   71.49904 -157.67352    -1.5570    32.6202    1439.32  0.000e+00
     42.719   71.49904 -157.67352    -1.5574    32.6202    1439.32  0.000e+00
     42.719   71.49904 -157.67352    -1.5581    32.6210    1439.32  0.000e+00
     42.712   71.49904 -157.67352    -1.5586    32.6210    1439.32  0.000e+00
     42.773   71.49904 -157.67352    -1.5589    32.6215    1439.32  0.000e+00
     42.719   71.49904 -157.67352    -1.5595    32.6219    1439.31  0.000e+00
     42.773   71.49904 -157.67352    -1.5598    32.6218    1439.31  0.000e+00
     42.827   71.49904 -157.67352    -1.5603    32.6225    1439.31  0.000e+00
     42.820   71.49904 -157.67352    -1.5607    32.6229    1439.31  0.000e+00
     42.773   71.49904 -157.67352    -1.5609    32.6232    1439.31  0.000e+00
     42.827   71.49904 -157.67352    -1.5610    32.6233    1439.31  0.000e+00
     42.889   71.49904 -157.67352    -1.5612    32.6237    1439.31  0.000e+00
     42.889   71.49904 -157.67352    -1.5614    32.6239    1439.31  0.000e+00
     42.881   71.49904 -157.67352    -1.5615    32.6237    1439.31  0.000e+00
     42.889   71.49904 -157.67352    -1.5616    32.6238    1439.31  0.000e+00
     42.889   71.49904 -157.67352    -1.5617    32.6238    1439.31  0.000e+00
     42.943   71.49904 -157.67352    -1.5619    32.6244    1439.31  0.000e+00
     42.935   71.49904 -157.67352    -1.5619    32.6242    1439.31  0.000e+00
     42.943   71.49904 -157.67352    -1.5623    32.6244    1439.31  0.000e+00
     42.943   71.49904 -157.67352    -1.5626    32.6247    1439.31  0.000e+00
     42.943   71.49904 -157.67352    -1.5626    32.6247    1439.31  0.000e+00
     42.943   71.49904 -157.67352    -1.5624    32.6245    1439.31  0.000e+00
     42.997   71.49904 -157.67352    -1.5615    32.6241    1439.31  0.000e+00
     43.005   71.49904 -157.67352    -1.5606    32.6235    1439.32  0.000e+00
     42.943   71.49904 -157.67352    -1.5607    32.6236    1439.31  0.000e+00
     43.005   71.49904 -157.67352    -1.5612    32.6238    1439.31  0.000e+00
     43.005   71.49904 -157.67352    -1.5621    32.6247    1439.31  0.000e+00
     43.051   71.49904 -157.67352    -1.5620    32.6248    1439.31  0.000e+00
     43.005   71.49904 -157.67352    -1.5623    32.6250    1439.31  0.000e+00
     43.005   71.49904 -157.67352    -1.5618    32.6246    1439.31  0.000e+00
     43.005   71.49904 -157.67352    -1.5617    32.6245    1439.31  0.000e+00
     42.997   71.49904 -157.67352    -1.5615    32.6243    1439.31  0.000e+00
     43.059   71.49904 -157.67352    -1.5618    32.6243    1439.31  0.000e+00
     43.005   71.49904 -157.67352    -1.5617    32.6244    1439.31  0.000e+00
     43.059   71.49904 -157.67352    -1.5609    32.6239    1439.32  0.000e+00
     43.005   71.49904 -157.67352    -1.5588    32.6223    1439.32  0.000e+00
     43.051   71.49904 -157.67352    -1.5561    32.6194    1439.33  0.000e+00
     43.059   71.49904 -157.67352    -1.5540    32.6176    1439.34  0.000e+00
     43.005   71.49904 -157.67352    -1.5520    32.6157    1439.35  0.000e+00
     43.059   71.49904 -157.67352    -1.5497    32.6131    1439.35  0.000e+00
     43.059   71.49904 -157.67352    -1.5462    32.6088    1439.37  0.000e+00
     42.997   71.49904 -157.67352    -1.5432    32.6049    1439.37  0.000e+00
     43.059   71.49904 -157.67352    -1.5408    32.6018    1439.38  0.000e+00
     43.059   71.49904 -157.67352    -1.5391    32.5997    1439.39  0.000e+00
     43.059   71.49904 -157.67352    -1.5378    32.5983    1439.39  0.000e+00
     43.005   71.49904 -157.67352    -1.5369    32.5971    1439.39  0.000e+00
     43.051   71.49904 -157.67352    -1.5361    32.5959    1439.40  0.000e+00
     43.059   71.49904 -157.67352    -1.5353    32.5948    1439.40  0.000e+00
     43.059   71.49904 -157.67352    -1.5352    32.5944    1439.40  0.000e+00
     43.059   71.49904 -157.67352    -1.5349    32.5937    1439.40  0.000e+00
     43.051   71.49904 -157.67352    -1.5347    32.5940    1439.40  0.000e+00
     43.059   71.49904 -157.67352    -1.5346    32.5935    1439.40  0.000e+00
     43.059   71.49904 -157.67352    -1.5344    32.5929    1439.40  0.000e+00
     43.059   71.49904 -157.67352    -1.5349    32.5938    1439.40  0.000e+00
     43.059   71.49904 -157.67352    -1.5346    32.5936    1439.40  0.000e+00
     43.051   71.49904 -157.67352    -1.5346    32.5936    1439.40  0.000e+00
     43.059   71.49904 -157.67352    -1.5346    32.5934    1439.40  0.000e+00
     43.113   71.49904 -157.67352    -1.5343    32.5928    1439.40  0.000e+00
     43.059   71.49904 -157.67352    -1.5345    32.5929    1439.40  0.000e+00
     43.113   71.49904 -157.67352    -1.5346    32.5930    1439.40  0.000e+00
     43.051   71.49904 -157.67352    -1.5346    32.5935    1439.40  0.000e+00
     43.113   71.49904 -157.67352    -1.5345    32.5933    1439.40  0.000e+00
     43.113   71.49904 -157.67352    -1.5347    32.5943    1439.40  0.000e+00
     43.059   71.49904 -157.67352    -1.5346    32.5945    1439.40  0.000e+00
     43.051   71.49904 -157.67352    -1.5346    32.5947    1439.40  0.000e+00
     43.174   71.49904 -157.67352    -1.5347    32.5951    1439.40  0.000e+00
     43.113   71.49904 -157.67352    -1.5349    32.5955    1439.40  0.000e+00
     43.113   71.49904 -157.67352    -1.5350    32.5960    1439.40  0.000e+00
     43.174   71.49904 -157.67352    -1.5349    32.5959    1439.40  0.000e+00
     43.167   71.49904 -157.67352    -1.5349    32.5959    1439.40  0.000e+00
     43.113   71.49904 -157.67352    -1.5346    32.5952    1439.40  0.000e+00
     43.113   71.49904 -157.67352    -1.5346    32.5954    1439.40  0.000e+00
     43.174   71.49904 -157.67352    -1.5343    32.5951    1439.41  0.000e+00
     43.174   71.49904 -157.67352    -1.5345    32.5949    1439.40  0.000e+00
     43.221   71.49904 -157.67352    -1.5341    32.5947    1439.41  0.000e+00
     43.174   71.49904 -157.67352    -1.5343    32.5949    1439.41  0.000e+00
     43.174   71.49904 -157.67352    -1.5344    32.5951    1439.41  0.000e+00
     43.228   71.49904 -157.67352    -1.5349    32.5953    1439.40  0.000e+00
     43.228   71.49904 -157.67352    -1.5352    32.5954    1439.40  0.000e+00
     43.221   71.49904 -157.67352    -1.5357    32.5961    1439.40  0.000e+00
     43.290   71.49904 -157.67352    -1.5360    32.5962    1439.40  0.000e+00
     43.228   71.49904 -157.67352    -1.5364    32.5969    1439.40  0.000e+00
     43.290   71.49904 -157.67352    -1.5364    32.5967    1439.40  0.000e+00
     43.290   71.49904 -157.67352    -1.5366    32.5968    1439.40  0.000e+00
     43.336   71.49904 -157.67352    -1.5366    32.5966    1439.40  0.000e+00
     43.290   71.49904 -157.67352    -1.5364    32.5963    1439.40  0.000e+00
     43.344   71.49904 -157.67352    -1.5369    32.5968    1439.40  0.000e+00
     43.344   71.49904 -157.67352    -1.5381    32.5986    1439.40  0.000e+00
     43.406   71.49904 -157.67352    -1.5390    32.6000    1439.39  0.000e+00
     43.398   71.49904 -157.67352    -1.5402    32.6014    1439.39  0.000e+00
     43.406   71.49904 -157.67352    -1.5408    32.6023    1439.39  0.000e+00
     43.460   71.49904 -157.67352    -1.5422    32.6040    1439.38  0.000e+00
     43.406   71.49904 -157.67352    -1.5433    32.6064    1439.38  0.000e+00
     43.514   71.49904 -157.67352    -1.5459    32.6107    1439.38  0.000e+00
     43.514   71.49904 -157.67352    -1.5482    32.6148    1439.37  0.000e+00
     43.460   71.49904 -157.67352    -1.5491    32.6167    1439.37  0.000e+00
     43.575   71.49904 -157.67352    -1.5494    32.6169    1439.37  0.000e+00
     43.514   71.49904 -157.67352    -1.5483    32.6148    1439.37  0.000e+00
     43.629   71.49904 -157.67352    -1.5476    32.6134    1439.37  0.000e+00
     43.575   71.49904 -157.67352    -1.5482    32.6149    1439.37  0.000e+00
     43.629   71.49904 -157.67352    -1.5491    32.6174    1439.37  0.000e+00
     43.629   71.49904 -157.67352    -1.5493    32.6183    1439.37  0.000e+00
     43.691   71.49904 -157.67352    -1.5493    32.6176    1439.37  0.000e+00
     43.683   71.49904 -157.67352    -1.5500    32.6191    1439.37  0.000e+00
     43.691   71.49904 -157.67352    -1.5514    32.6218    1439.37  0.000e+00
     43.745   71.49904 -157.67352    -1.5517    32.6232    1439.37  0.000e+00
     43.745   71.49904 -157.67352    -1.5514    32.6224    1439.37  0.000e+00
     43.807   71.49904 -157.67352    -1.5504    32.6204    1439.37  0.000e+00
     43.737   71.49904 -157.67352    -1.5497    32.6181    1439.37  0.000e+00
     43.915   71.49904 -157.67352    -1.5493    32.6170    1439.38  0.000e+00
     43.861   71.49904 -157.67352    -1.5488    32.6159    1439.38  0.000e+00
     43.861   71.49904 -157.67352    -1.5493    32.6164    1439.37  0.000e+00
     43.915   71.49904 -157.67352    -1.5488    32.6161    1439.38  0.000e+00
     43.915   71.49904 -157.67352    -1.5483    32.6151    1439.38  0.000e+00
     43.969   71.49904 -157.67352    -1.5476    32.6135    1439.38  0.000e+00
     44.031   71.49904 -157.67352    -1.5471    32.6129    1439.38  0.000e+00
     44.031   71.49904 -157.67352    -1.5471    32.6126    1439.38  0.000e+00
     44.031   71.49904 -157.67352    -1.5483    32.6141    1439.38  0.000e+00
     44.092   71.49904 -157.67352    -1.5519    32.6169    1439.37  0.000e+00
     44.139   71.49904 -157.67352    -1.5608    32.6226    1439.33  0.000e+00
     44.092   71.49904 -157.67352    -1.5732    32.6299    1439.28  0.000e+00
     44.146   71.49904 -157.67352    -1.5858    32.6362    1439.23  0.000e+00
     44.208   71.49904 -157.67352    -1.5962    32.6411    1439.19  0.000e+00
     44.262   71.49904 -157.67352    -1.6047    32.6457    1439.15  0.000e+00
     44.200   71.49904 -157.67352    -1.6113    32.6495    1439.13  0.000e+00
     44.316   71.49904 -157.67352    -1.6159    32.6525    1439.11  0.000e+00
     44.316   71.49904 -157.67352    -1.6185    32.6546    1439.10  0.000e+00
     44.316   71.49904 -157.67352    -1.6201    32.6578    1439.10  0.000e+00
     44.378   71.49904 -157.67352    -1.6206    32.6603    1439.10  0.000e+00
     44.378   71.49904 -157.67352    -1.6206    32.6637    1439.10  0.000e+00
     44.432   71.49904 -157.67352    -1.6200    32.6661    1439.11  0.000e+00
     44.432   71.49904 -157.67352    -1.6196    32.6687    1439.12  0.000e+00
     44.547   71.49904 -157.67352    -1.6188    32.6699    1439.12  0.000e+00
     44.493   71.49904 -157.67352    -1.6184    32.6710    1439.13  0.000e+00
     44.547   71.49904 -157.67352    -1.6180    32.6727    1439.13  0.000e+00
     44.601   71.49904 -157.67352    -1.6179    32.6742    1439.14  0.000e+00
     44.609   71.49904 -157.67352    -1.6173    32.6747    1439.14  0.000e+00
     44.609   71.49904 -157.67352    -1.6174    32.6761    1439.14  0.000e+00
     44.663   71.49904 -157.67352    -1.6173    32.6770    1439.14  0.000e+00
     44.717   71.49904 -157.67352    -1.6174    32.6785    1439.15  0.000e+00
     44.717   71.49904 -157.67352    -1.6171    32.6794    1439.15  0.000e+00
     44.717   71.49904 -157.67352    -1.6170    32.6815    1439.15  0.000e+00
     44.779   71.49904 -157.67352    -1.6165    32.6836    1439.16  0.000e+00
     44.833   71.49904 -157.67352    -1.6161    32.6852    1439.16  0.000e+00
     44.833   71.49904 -157.67352    -1.6156    32.6867    1439.17  0.000e+00
     44.894   71.49904 -157.67352    -1.6158    32.6880    1439.17  0.000e+00
     44.833   71.49904 -157.67352    -1.6161    32.6894    1439.17  0.000e+00
     45.010   71.49904 -157.67352    -1.6167    32.6905    1439.17  0.000e+00
     44.948   71.49902 -157.67354    -1.6171    32.6912    1439.17  0.000e+00
     44.948   71.49902 -157.67354    -1.6179    32.6923    1439.17  0.000e+00
     45.010   71.49902 -157.67354    -1.6185    32.6930    1439.16  0.000e+00
     45.064   71.49902 -157.67354    -1.6189    32.6939    1439.16  0.000e+00
     45.056   71.49902 -157.67354    -1.6197    32.6947    1439.16  0.000e+00
     45.118   71.49902 -157.67354    -1.6200    32.6951    1439.16  0.000e+00
     45.118   71.49902 -157.67354    -1.6206    32.6958    1439.16  0.000e+00
     45.180   71.49902 -157.67354    -1.6211    32.6969    1439.16  0.000e+00
     45.118   71.49902 -157.67354    -1.6214    32.6978    1439.16  0.000e+00
     45.234   71.49902 -157.67354    -1.6220    32.6989    1439.16  0.000e+00
     45.288   71.49902 -157.67354    -1.6223    32.6991    1439.16  0.000e+00
     45.234   71.49902 -157.67354    -1.6226    32.6997    1439.16  0.000e+00
     45.296   71.49902 -157.67354    -1.6227    32.7002    1439.16  0.000e+00
     45.350   71.49902 -157.67354    -1.6231    32.7001    1439.16  0.000e+00
     45.296   71.49902 -157.67354    -1.6232    32.7002    1439.16  0.000e+00
     45.411   71.49902 -157.67354    -1.6236    32.7013    1439.16  0.000e+00
     45.458   71.49902 -157.67354    -1.6236    32.7015    1439.16  0.000e+00
