EcoFOCI/data/1_SampleCollection/2023_SikuliaqDBO_CruiseData/CTD_raw_BottleFile_SKQ23-12S/proc/skq202312s_018.cnv
* Sea-Bird SBE 9 Data File:
* FileName = D:\CTD\SKQ202312S\SKQ202312S_018.hex
* Software Version Seasave V 7.26.7.121
* Temperature SN = 6177
* Conductivity SN = 0369
* Number of Bytes Per Scan = 41
* Number of Voltage Words = 4
* Number of Scans Averaged by the Deck Unit = 1
* NMEA Latitude = 64 40.12 N
* NMEA Longitude = 168 14.25 W
* NMEA UTC (Time) = Sep 17 2023  18:54:46
* NMEA baud rate = 4800
** Ship: R/V Sikuliaq
** Station Number: 018
** Station Name: DBO2.3
** Bottom Depth: 38
** Operator: SD
# nquan = 24
# nvalues = 4087                                  
# units = specified
# name 0 = depSM: Depth [salt water, m]
# name 1 = latitude: Latitude [deg]
# name 2 = longitude: Longitude [deg]
# name 3 = prDM: Pressure, Digiquartz [db]
# name 4 = t090C: Temperature [ITS-90, deg C]
# name 5 = t190C: Temperature, 2 [ITS-90, deg C]
# name 6 = potemp090C: Potential Temperature [ITS-90, deg C]
# name 7 = sal00: Salinity, Practical [PSU]
# name 8 = sal11: Salinity, Practical, 2 [PSU]
# name 9 = density00: Density [density, kg/m^3]
# name 10 = sigma-é00: Density [sigma-theta, kg/m^3]
# name 11 = sbox0Mm/Kg: Oxygen, SBE 43 [umol/kg]
# name 12 = sbox1Mm/Kg: Oxygen, SBE 43, 2 [umol/kg]
# name 13 = oxsolMm/Kg: Oxygen Saturation, Garcia & Gordon [umol/kg]
# name 14 = sbeox0PS: Oxygen, SBE 43 [% saturation]
# name 15 = sbeox1PS: Oxygen, SBE 43, 2 [% saturation]
# name 16 = v0: Voltage 0
# name 17 = flECO-AFL: Fluorescence, WET Labs ECO-AFL/FL [mg/m^3]
# name 18 = v1: Voltage 1
# name 19 = CStarAt0: Beam Attenuation, WET Labs C-Star [1/m]
# name 20 = par: PAR/Irradiance, Biospherical/Licor
# name 21 = scan: Scan Count
# name 22 = timeM: Time, Elapsed [minutes]
# name 23 = flag:  0.000e+00
# span 0 =      3.209,     33.032                 
# span 1 =   64.66886,   64.66890                 
# span 2 = -168.23718, -168.23714                 
# span 3 =      3.241,     33.361                 
# span 4 =     5.3066,     6.2563                 
# span 5 =     5.3161,     6.2392                 
# span 6 =     5.3042,     6.2559                 
# span 7 =    31.7797,    31.8869                 
# span 8 =    31.6612,    31.8934                 
# span 9 =  1025.0101,  1025.3283                 
# span 10 =    24.9912,    25.1743                
# span 11 =    285.566,    295.994                
# span 12 =    272.152,    281.018                
# span 13 =  305.61799,  312.34072                
# span 14 =     92.201,     95.708                
# span 15 =     87.543,     91.429                
# span 16 =     0.2613,     0.3980                
# span 17 =     1.2198,     2.0403                
# span 18 =     3.7045,     3.8706                
# span 19 =     0.7873,     0.9627                
# span 20 = 5.6694e-01, 7.6165e+01                
# span 21 =          1,       4087                
# span 22 =     0.0000,     2.8375                
# span 23 = 0.0000e+00, 0.0000e+00                
# interval = seconds: 0.0416667
# start_time = Sep 17 2023 18:58:23 [NMEA time, first data scan]
# bad_flag = -9.990e-29
*END*
[from data line 2959]
     28.266   64.66886 -168.23718     28.547     5.9541     5.9567     5.9519    31.8188    31.8260  1025.1774    25.0454    292.773    278.170  307.76046     95.130     90.395     0.3736     1.8938     3.8523     0.8063 1.1719e+00       2960     2.0549  0.000e+00
     28.289   64.66886 -168.23718     28.570     5.9564     5.9570     5.9541    31.8187    31.8260  1025.1771    25.0451    293.137    278.132  307.74417     95.254     90.384     0.3736     1.8938     3.8523     0.8063 1.1719e+00       2961     2.0556  0.000e+00
     28.266   64.66886 -168.23718     28.547     5.9573     5.9568     5.9551    31.8173    31.8261  1025.1758    25.0439    292.580    277.919  307.74062     95.074     90.314     0.3736     1.8938     3.8523     0.8063 1.1647e+00       2962     2.0562  0.000e+00
     28.227   64.66886 -168.23718     28.508     5.9565     5.9570     5.9543    31.8168    31.8263  1025.1753    25.0436    292.546    278.043  307.74775     95.060     90.355     0.3614     1.8205     3.8523     0.8063 1.1611e+00       2963     2.0569  0.000e+00
     28.266   64.66886 -168.23718     28.547     5.9554     5.9570     5.9532    31.8154    31.8262  1025.1745    25.0425    292.522    277.833  307.75877     95.049     90.287     0.3565     1.7912     3.8523     0.8063 1.1611e+00       2964     2.0576  0.000e+00
     28.289   64.66886 -168.23718     28.570     5.9528     5.9579     5.9506    31.8163    31.8262  1025.1756    25.0436    292.706    277.956  307.77545     95.104     90.329     0.3565     1.7912     3.8523     0.8063 1.1575e+00       2965     2.0583  0.000e+00
     28.266   64.66886 -168.23718     28.547     5.9522     5.9584     5.9500    31.8176    31.8266  1025.1767    25.0447    292.734    277.920  307.77678     95.112     90.318     0.3565     1.7912     3.8510     0.8075 1.1503e+00       2966     2.0590  0.000e+00
     28.289   64.66886 -168.23718     28.570     5.9528     5.9592     5.9506    31.8176    31.8269  1025.1767    25.0446    292.731    277.885  307.77249     95.113     90.309     0.3565     1.7912     3.8510     0.8075 1.1503e+00       2967     2.0597  0.000e+00
     28.328   64.66886 -168.23718     28.609     5.9533     5.9600     5.9511    31.8184    31.8269  1025.1774    25.0452    292.731    277.870  307.76692     95.114     90.306     0.3565     1.7912     3.8510     0.8075 1.1503e+00       2968     2.0604  0.000e+00
     28.289   64.66886 -168.23718     28.570     5.9540     5.9602     5.9517    31.8193    31.8270  1025.1779    25.0458    292.729    277.859  307.76047     95.116     90.303     0.3578     1.7985     3.8510     0.8075 1.1467e+00       2969     2.0611  0.000e+00
     28.328   64.66886 -168.23718     28.609     5.9557     5.9602     5.9535    31.8180    31.8258  1025.1768    25.0446    292.727    277.856  307.75061     95.118     90.301     0.3565     1.7912     3.8523     0.8063 1.1432e+00       2970     2.0618  0.000e+00
     28.289   64.66886 -168.23718     28.570     5.9561     5.9594     5.9538    31.8179    31.8259  1025.1765    25.0445    292.646    277.836  307.74858     95.093     90.293     0.3578     1.7985     3.8523     0.8063 1.1432e+00       2971     2.0625  0.000e+00
     28.266   64.66886 -168.23718     28.547     5.9569     5.9584     5.9547    31.8176    31.8262  1025.1761    25.0441    292.846    277.818  307.74304     95.159     90.285     0.3565     1.7912     3.8510     0.8075 1.1503e+00       2972     2.0632  0.000e+00
     28.266   64.66886 -168.23718     28.547     5.9564     5.9568     5.9541    31.8174    31.8264  1025.1760    25.0441    292.663    277.806  307.74744     95.098     90.278     0.3578     1.7985     3.8523     0.8063 1.1467e+00       2973     2.0639  0.000e+00
     28.343   64.66886 -168.23718     28.625     5.9545     5.9556     5.9522    31.8170    31.8257  1025.1763    25.0440    292.693    277.975  307.76203     95.104     90.330     0.3565     1.7912     3.8523     0.8063 1.1467e+00       2974     2.0646  0.000e+00
     28.328   64.66886 -168.23718     28.609     5.9522     5.9535     5.9500    31.8164    31.8259  1025.1760    25.0438    292.695    278.004  307.77954     95.099     90.335     0.3565     1.7912     3.8523     0.8063 1.1397e+00       2975     2.0653  0.000e+00
     28.343   64.66886 -168.23718     28.625     5.9500     5.9517     5.9477    31.8157    31.8265  1025.1758    25.0435    292.730    278.013  307.79726     95.105     90.334     0.3565     1.7912     3.8523     0.8063 1.1397e+00       2976     2.0660  0.000e+00
     28.328   64.66886 -168.23718     28.609     5.9471     5.9506     5.9448    31.8154    31.8256  1025.1759    25.0436    292.769    278.038  307.81858     95.111     90.340     0.3565     1.7912     3.8523     0.8063 1.1397e+00       2977     2.0667  0.000e+00
     28.289   64.66886 -168.23718     28.570     5.9463     5.9486     5.9440    31.8159    31.8244  1025.1761    25.0440    292.991    278.071  307.82345     95.182     90.345     0.3578     1.7985     3.8523     0.8063 1.1432e+00       2978     2.0674  0.000e+00
     28.328   64.66886 -168.23718     28.609     5.9450     5.9450     5.9428    31.8178    31.8222  1025.1780    25.0457    292.820    278.120  307.82822     95.125     90.352     0.3565     1.7912     3.8523     0.8063 1.1467e+00       2979     2.0681  0.000e+00
     28.343   64.66886 -168.23718     28.625     5.9463     5.9430     5.9440    31.8187    31.8196  1025.1786    25.0463    292.832    278.177  307.81700     95.132     90.365     0.3578     1.7985     3.8523     0.8063 1.1467e+00       2980     2.0688  0.000e+00
     28.328   64.66886 -168.23718     28.609     5.9477     5.9405     5.9455    31.8184    31.8191  1025.1781    25.0459    293.014    278.216  307.80740     95.194     90.371     0.3565     1.7912     3.8523     0.8063 1.1397e+00       2981     2.0694  0.000e+00
     28.343   64.66886 -168.23718     28.625     5.9480     5.9362     5.9458    31.8174    31.8228  1025.1774    25.0451    293.038    278.279  307.80743     95.202     90.385     0.3565     1.7912     3.8510     0.8075 1.1397e+00       2982     2.0701  0.000e+00
     28.266   64.66886 -168.23718     28.547     5.9489     5.9362     5.9466    31.8168    31.8272  1025.1764    25.0445    292.856    278.467  307.80295     95.144     90.450     0.3565     1.7912     3.8523     0.8063 1.1361e+00       2983     2.0708  0.000e+00
     28.343   64.66886 -168.23718     28.625     5.9492     5.9402     5.9469    31.8174    31.8290  1025.1772    25.0449    292.851    278.479  307.79897     95.144     90.463     0.3578     1.7985     3.8510     0.8075 1.1326e+00       2984     2.0715  0.000e+00
     28.328   64.66888 -168.23718     28.609     5.9495     5.9445     5.9472    31.8177    31.8297  1025.1773    25.0451    292.875    278.487  307.79619     95.152     90.475     0.3565     1.7912     3.8523     0.8063 1.1256e+00       2985     2.0722  0.000e+00
     28.343   64.66888 -168.23718     28.625     5.9494     5.9445     5.9471    31.8176    31.8304  1025.1774    25.0451    293.074    278.527  307.79733     95.217     90.488     0.3565     1.7912     3.8510     0.8075 1.1256e+00       2986     2.0729  0.000e+00
     28.328   64.66888 -168.23718     28.609     5.9500     5.9406     5.9477    31.8180    31.8304  1025.1776    25.0453    293.067    278.594  307.79204     95.216     90.502     0.3578     1.7985     3.8523     0.8063 1.1186e+00       2987     2.0736  0.000e+00
     28.289   64.66888 -168.23718     28.570     5.9508     5.9374     5.9485    31.8185    31.8295  1025.1776    25.0455    293.085    278.658  307.78517     95.224     90.516     0.3602     1.8132     3.8510     0.8075 1.1151e+00       2988     2.0743  0.000e+00
     28.328   64.66888 -168.23718     28.609     5.9519     5.9341     5.9497    31.8181    31.8286  1025.1774    25.0451    293.136    278.744  307.77797     95.243     90.536     0.3651     1.8425     3.8498     0.8088 1.1151e+00       2989     2.0750  0.000e+00
     28.343   64.66888 -168.23718     28.625     5.9509     5.9302     5.9487    31.8183    31.8285  1025.1777    25.0454    292.974    278.834  307.78446     95.188     90.557     0.3651     1.8425     3.8510     0.8075 1.1151e+00       2990     2.0757  0.000e+00
     28.328   64.66888 -168.23718     28.609     5.9495     5.9215     5.9472    31.8175    31.8287  1025.1772    25.0449    292.987    278.937  307.79662     95.189     90.572     0.3663     1.8498     3.8510     0.8075 1.1151e+00       2991     2.0764  0.000e+00
     28.289   64.66888 -168.23718     28.570     5.9479     5.9001     5.9457    31.8165    31.8323  1025.1764    25.0443    293.002    279.124  307.81032     95.189     90.590     0.3651     1.8425     3.8510     0.8075 1.1117e+00       2992     2.0771  0.000e+00
     28.328   64.66888 -168.23718     28.609     5.9444     5.8793     5.9421    31.8173    31.8315  1025.1777    25.0454    293.062    279.318  307.83418     95.201     90.608     0.3663     1.8498     3.8510     0.8075 1.1151e+00       2993     2.0778  0.000e+00
     28.289   64.66888 -168.23718     28.570     5.9382     5.8637     5.9359    31.8204    31.8292  1025.1807    25.0486    293.137    279.477  307.87158     95.214     90.625     0.3663     1.8498     3.8510     0.8075 1.1151e+00       2994     2.0785  0.000e+00
     28.328   64.66888 -168.23718     28.609     5.9348     5.8551     5.9325    31.8214    31.8249  1025.1821    25.0498    293.200    279.591  307.89364     95.228     90.641     0.3651     1.8425     3.8510     0.8075 1.1151e+00       2995     2.0792  0.000e+00
     28.289   64.66888 -168.23718     28.570     5.9325     5.8438     5.9302    31.8210    31.8244  1025.1819    25.0498    293.227    279.715  307.91106     95.231     90.656     0.3663     1.8498     3.8510     0.8075 1.1151e+00       2996     2.0799  0.000e+00
     28.328   64.66888 -168.23718     28.609     5.9336     5.8274     5.9313    31.8191    31.8276  1025.1804    25.0481    293.236    279.851  307.90775     95.235     90.668     0.3651     1.8425     3.8510     0.8075 1.1186e+00       2997     2.0806  0.000e+00
     28.289   64.66888 -168.23718     28.570     5.9352     5.8177     5.9329    31.8178    31.8264  1025.1790    25.0469    293.239    279.944  307.89935     95.238     90.677     0.3663     1.8498     3.8510     0.8075 1.1186e+00       2998     2.0812  0.000e+00
     28.328   64.66888 -168.23718     28.609     5.9320     5.8122     5.9297    31.8206    31.8250  1025.1817    25.0495    293.273    280.189  307.91577     95.244     90.743     0.3651     1.8425     3.8510     0.8075 1.1186e+00       2999     2.0819  0.000e+00
     28.289   64.66888 -168.23718     28.570     5.9300     5.8069     5.9278    31.8224    31.8265  1025.1832    25.0511    293.297    280.261  307.92564     95.249     90.756     0.3663     1.8498     3.8510     0.8075 1.1151e+00       3000     2.0826  0.000e+00
     28.266   64.66888 -168.23718     28.547     5.9313     5.8019     5.9291    31.8225    31.8291  1025.1830    25.0510    293.303    280.309  307.91629     95.254     90.763     0.3639     1.8352     3.8510     0.8075 1.1117e+00       3001     2.0833  0.000e+00
     28.289   64.66888 -168.23718     28.570     5.9347     5.7999     5.9325    31.8209    31.8309  1025.1815    25.0494    293.299    280.176  307.89525     95.259     90.717     0.3663     1.8498     3.8510     0.8075 1.1117e+00       3002     2.0840  0.000e+00
     28.266   64.66888 -168.23718     28.547     5.9367     5.8009     5.9345    31.8197    31.8311  1025.1801    25.0482    293.502    280.183  307.88366     95.329     90.721     0.3663     1.8498     3.8498     0.8088 1.1151e+00       3003     2.0847  0.000e+00
     28.289   64.66888 -168.23718     28.570     5.9374     5.8052     5.9351    31.8183    31.8291  1025.1791    25.0470    293.123    280.351  307.88232     95.206     90.784     0.3651     1.8425     3.8510     0.8075 1.1151e+00       3004     2.0854  0.000e+00
     28.266   64.66888 -168.23718     28.547     5.9359     5.8126     5.9336    31.8182    31.8253  1025.1791    25.0471    293.323    280.138  307.89327     95.268     90.728     0.3663     1.8498     3.8510     0.8075 1.1117e+00       3005     2.0861  0.000e+00
     28.227   64.66888 -168.23718     28.508     5.9359     5.8172     5.9337    31.8175    31.8244  1025.1784    25.0466    293.315    280.117  307.89445     95.265     90.730     0.3651     1.8425     3.8510     0.8075 1.1186e+00       3006     2.0868  0.000e+00
     28.266   64.66888 -168.23718     28.547     5.9367     5.8158     5.9345    31.8164    31.8279  1025.1776    25.0456    293.304    280.292  307.89105     95.262     90.786     0.3663     1.8498     3.8510     0.8075 1.1186e+00       3007     2.0875  0.000e+00
     28.227   64.66888 -168.23718     28.508     5.9381     5.8153     5.9359    31.8161    31.8313  1025.1770    25.0452    293.284    280.116  307.88176     95.259     90.730     0.3651     1.8425     3.8510     0.8075 1.1186e+00       3008     2.0882  0.000e+00
     28.212   64.66888 -168.23718     28.492     5.9399     5.8155     5.9377    31.8150    31.8326  1025.1759    25.0441    293.264    280.098  307.87139     95.255     90.726     0.3651     1.8425     3.8523     0.8063 1.1221e+00       3009     2.0889  0.000e+00
     28.289   64.66888 -168.23718     28.570     5.9394     5.8146     5.9372    31.8098    31.8324  1025.1722    25.0401    292.937    280.094  307.88657     95.145     90.723     0.3651     1.8425     3.8535     0.8050 1.1256e+00       3010     2.0896  0.000e+00
     28.212   64.66888 -168.23718     28.492     5.9333     5.8172     5.9310    31.7977    31.8311  1025.1630    25.0313    293.314    280.219  307.95878     95.245     90.768     0.3663     1.8498     3.8535     0.8050 1.1256e+00       3011     2.0903  0.000e+00
     28.266   64.66888 -168.23718     28.547     5.9122     5.8248     5.9099    31.7984    31.8294  1025.1663    25.0343    293.442    280.170  308.10939     95.240     90.767     0.3663     1.8498     3.8535     0.8050 1.1256e+00       3012     2.0910  0.000e+00
     28.173   64.66888 -168.23718     28.453     5.8869     5.8345     5.8847    31.8066    31.8299  1025.1754    25.0438    293.579    279.894  308.27291     95.233     90.699     0.3651     1.8425     3.8535     0.8050 1.1256e+00       3013     2.0917  0.000e+00
     28.266   64.66888 -168.23718     28.547     5.8752     5.8409     5.8729    31.8100    31.8352  1025.1799    25.0479    293.658    279.818  308.34992     95.235     90.691     0.3651     1.8425     3.8535     0.8050 1.1221e+00       3014     2.0924  0.000e+00
     28.173   64.66888 -168.23718     28.453     5.8814     5.8468     5.8792    31.8098    31.8389  1025.1785    25.0470    293.600    279.740  308.30528     95.230     90.681     0.3639     1.8352     3.8535     0.8050 1.1291e+00       3015     2.0931  0.000e+00
     28.212   64.66888 -168.23718     28.492     5.8905     5.8600     5.8882    31.8133    31.8374  1025.1804    25.0486    293.517    279.623  308.23191     95.226     90.670     0.3639     1.8352     3.8535     0.8050 1.1432e+00       3016     2.0938  0.000e+00
     28.173   64.66888 -168.23718     28.453     5.8991     5.8765     5.8969    31.8132    31.8352  1025.1791    25.0476    293.443    279.479  308.16970     95.221     90.657     0.3626     1.8278     3.8535     0.8050 1.1432e+00       3017     2.0944  0.000e+00
     28.212   64.66888 -168.23718     28.492     5.9065     5.8879     5.9042    31.8082    31.8359  1025.1745    25.0427    293.391    279.547  308.12799     95.217     90.703     0.3639     1.8352     3.8535     0.8050 1.1397e+00       3018     2.0951  0.000e+00
