EcoFOCI/data/1_SampleCollection/2023_SikuliaqDBO_CruiseData/CTD_raw_BottleFile_SKQ23-12S/proc/skq202312s_016.cnv
* Sea-Bird SBE 9 Data File:
* FileName = D:\CTD\SKQ202312S\SKQ202312S_016.hex
* Software Version Seasave V 7.26.7.121
* Temperature SN = 6177
* Conductivity SN = 0369
* Number of Bytes Per Scan = 41
* Number of Voltage Words = 4
* Number of Scans Averaged by the Deck Unit = 1
* NMEA Latitude = 64 40.76 N
* NMEA Longitude = 169 06.00 W
* NMEA UTC (Time) = Sep 17 2023  13:39:04
* NMEA baud rate = 4800
** Ship: R/V Sikuliaq
** Station Number: 016
** Station Name: DBO2.2
** Bottom Depth: 45
** Operator: SD
# nquan = 24
# nvalues = 5501                                  
# units = specified
# name 0 = depSM: Depth [salt water, m]
# name 1 = latitude: Latitude [deg]
# name 2 = longitude: Longitude [deg]
# name 3 = prDM: Pressure, Digiquartz [db]
# name 4 = t090C: Temperature [ITS-90, deg C]
# name 5 = t190C: Temperature, 2 [ITS-90, deg C]
# name 6 = potemp090C: Potential Temperature [ITS-90, deg C]
# name 7 = sal00: Salinity, Practical [PSU]
# name 8 = sal11: Salinity, Practical, 2 [PSU]
# name 9 = density00: Density [density, kg/m^3]
# name 10 = sigma-é00: Density [sigma-theta, kg/m^3]
# name 11 = sbox0Mm/Kg: Oxygen, SBE 43 [umol/kg]
# name 12 = sbox1Mm/Kg: Oxygen, SBE 43, 2 [umol/kg]
# name 13 = oxsolMm/Kg: Oxygen Saturation, Garcia & Gordon [umol/kg]
# name 14 = sbeox0PS: Oxygen, SBE 43 [% saturation]
# name 15 = sbeox1PS: Oxygen, SBE 43, 2 [% saturation]
# name 16 = v0: Voltage 0
# name 17 = flECO-AFL: Fluorescence, WET Labs ECO-AFL/FL [mg/m^3]
# name 18 = v1: Voltage 1
# name 19 = CStarAt0: Beam Attenuation, WET Labs C-Star [1/m]
# name 20 = par: PAR/Irradiance, Biospherical/Licor
# name 21 = scan: Scan Count
# name 22 = timeM: Time, Elapsed [minutes]
# name 23 = flag:  0.000e+00
# span 0 =      1.589,     40.001                 
# span 1 =   64.67940,   64.67944                 
# span 2 = -169.10002, -169.09998                 
# span 3 =      1.604,     40.400                 
# span 4 =     2.5710,     3.0505                 
# span 5 =     2.5729,     3.0512                 
# span 6 =     2.5708,     3.0486                 
# span 7 =    32.4382,    32.8462                 
# span 8 =    32.4470,    32.8557                 
# span 9 =  1025.8835,  1026.3589                 
# span 10 =    25.8757,    26.1707                
# span 11 =    259.447,    300.160                
# span 12 =    246.798,    287.556                
# span 13 =  327.58146,  332.40278                
# span 14 =     78.797,     90.313                
# span 15 =     75.093,     86.535                
# span 16 =     0.1209,     0.3053                
# span 17 =     0.3773,     1.4835                
# span 18 =     3.8107,     3.9524                
# span 19 =     0.7036,     0.8496                
# span 20 = 1.0000e-12, 7.4711e-01                
# span 21 =          1,       5501                
# span 22 =     0.0000,     3.8194                
# span 23 = 0.0000e+00, 0.0000e+00                
# interval = seconds: 0.0416667
# start_time = Sep 17 2023 13:42:59 [NMEA time, first data scan]
# bad_flag = -9.990e-29
*END*
[from data line 5012]
     39.595   64.67944 -169.10002     39.990     2.9527     2.9538     2.9504    32.8436    32.8526  1026.3559    26.1682    263.772    252.109  328.25736     80.355     76.810     0.1465     0.5311     3.8315     0.8279 1.0000e-12       5013     3.4806  0.000e+00
     39.487   64.67944 -169.10002     39.881     2.9530     2.9532     2.9507    32.8436    32.8532  1026.3553    26.1681    263.759    252.308  328.25532     80.352     76.869     0.1490     0.5458     3.8315     0.8279 1.0000e-12       5014     3.4813  0.000e+00
     39.541   64.67944 -169.10002     39.935     2.9530     2.9527     2.9508    32.8435    32.8531  1026.3555    26.1681    264.008    252.339  328.25509     80.428     76.878     0.1514     0.5604     3.8315     0.8279 8.4714e-06       5015     3.4819  0.000e+00
     39.541   64.67944 -169.10002     39.935     2.9535     2.9522     2.9512    32.8428    32.8530  1026.3549    26.1675    263.816    252.367  328.25331     80.370     76.885     0.1502     0.5531     3.8315     0.8279 1.0000e-12       5016     3.4826  0.000e+00
     39.595   64.67944 -169.10002     39.990     2.9535     2.9521     2.9512    32.8433    32.8537  1026.3556    26.1679    263.809    252.390  328.25197     80.368     76.892     0.1514     0.5604     3.8315     0.8279 1.0000e-12       5017     3.4833  0.000e+00
     39.541   64.67944 -169.10002     39.935     2.9538     2.9522     2.9515    32.8430    32.8534  1026.3551    26.1676    263.581    252.408  328.25011     80.299     76.898     0.1490     0.5458     3.8315     0.8279 1.0000e-12       5018     3.4840  0.000e+00
     39.541   64.67944 -169.10002     39.935     2.9535     2.9516     2.9512    32.8431    32.8538  1026.3551    26.1677    263.760    252.429  328.25261     80.353     76.904     0.1502     0.5531     3.8315     0.8279 1.0000e-12       5019     3.4847  0.000e+00
     39.595   64.67944 -169.10002     39.990     2.9535     2.9517     2.9512    32.8434    32.8534  1026.3556    26.1680    263.755    252.447  328.25177     80.351     76.909     0.1514     0.5604     3.8315     0.8279 1.0000e-12       5020     3.4854  0.000e+00
     39.541   64.67944 -169.10002     39.935     2.9533     2.9513     2.9510    32.8433    32.8535  1026.3553    26.1679    263.749    252.267  328.25330     80.349     76.854     0.1502     0.5531     3.8315     0.8279 1.0000e-12       5021     3.4861  0.000e+00
     39.602   64.67944 -169.10002     39.998     2.9535     2.9514     2.9512    32.8432    32.8540  1026.3555    26.1678    263.781    252.235  328.25229     80.359     76.844     0.1514     0.5604     3.8315     0.8279 1.0000e-12       5022     3.4868  0.000e+00
     39.602   64.67944 -169.10002     39.998     2.9536     2.9517     2.9513    32.8431    32.8537  1026.3554    26.1677    263.775    252.221  328.25119     80.358     76.840     0.1502     0.5531     3.8315     0.8279 1.0000e-12       5023     3.4875  0.000e+00
     39.533   64.67944 -169.10002     39.927     2.9535     2.9520     2.9512    32.8431    32.8534  1026.3551    26.1677    263.987    252.181  328.25260     80.422     76.829     0.1514     0.5604     3.8315     0.8279 1.0000e-12       5024     3.4882  0.000e+00
     39.602   64.67944 -169.10002     39.997     2.9533     2.9517     2.9510    32.8432    32.8534  1026.3555    26.1678    263.802    252.148  328.25368     80.365     76.818     0.1502     0.5531     3.8339     0.8253 1.0000e-12       5025     3.4889  0.000e+00
     39.602   64.67944 -169.10002     39.997     2.9531     2.9515     2.9509    32.8429    32.8535  1026.3553    26.1676    263.798    252.328  328.25569     80.364     76.872     0.1502     0.5531     3.8364     0.8228 1.0000e-12       5026     3.4896  0.000e+00
     39.595   64.67944 -169.10002     39.990     2.9525     2.9514     2.9502    32.8434    32.8538  1026.3557    26.1681    264.014    252.114  328.25956     80.428     76.807     0.1514     0.5604     3.8364     0.8228 1.0000e-12       5027     3.4903  0.000e+00
     39.602   64.67944 -169.10002     39.997     2.9516     2.9520     2.9493    32.8443    32.8541  1026.3566    26.1689    264.047    252.261  328.26463     80.437     76.853     0.1502     0.5531     3.8364     0.8228 1.0000e-12       5028     3.4910  0.000e+00
     39.656   64.67944 -169.10002     40.052     2.9514     2.9519     2.9491    32.8442    32.8539  1026.3568    26.1688    264.076    252.069  328.26621     80.446     76.794     0.1514     0.5604     3.8364     0.8228 1.0000e-12       5029     3.4917  0.000e+00
     39.602   64.67944 -169.10002     39.997     2.9513     2.9520     2.9490    32.8448    32.8534  1026.3570    26.1693    264.099    252.043  328.26612     80.453     76.787     0.1502     0.5531     3.8364     0.8228 1.0000e-12       5030     3.4924  0.000e+00
     39.595   64.67944 -169.10002     39.990     2.9516     2.9519     2.9493    32.8444    32.8537  1026.3566    26.1689    264.121    252.019  328.26452     80.460     76.779     0.1502     0.5531     3.8364     0.8228 1.0000e-12       5031     3.4931  0.000e+00
     39.656   64.67944 -169.10002     40.052     2.9514     2.9520     2.9491    32.8445    32.8534  1026.3570    26.1690    263.965    251.995  328.26560     80.412     76.772     0.1490     0.5458     3.8364     0.8228 1.0000e-12       5032     3.4937  0.000e+00
     39.602   64.67944 -169.10002     39.997     2.9527     2.9521     2.9504    32.8438    32.8535  1026.3561    26.1684    264.161    251.966  328.25686     80.474     76.763     0.1502     0.5531     3.8364     0.8228 1.0000e-12       5033     3.4944  0.000e+00
     39.656   64.67944 -169.10002     40.052     2.9530     2.9522     2.9507    32.8435    32.8535  1026.3561    26.1681    263.966    252.135  328.25545     80.415     76.815     0.1502     0.5531     3.8364     0.8228 8.4714e-06       5034     3.4951  0.000e+00
     39.649   64.67944 -169.10002     40.044     2.9523     2.9521     2.9501    32.8437    32.8536  1026.3562    26.1683    263.957    252.128  328.26022     80.411     76.813     0.1502     0.5531     3.8364     0.8228 1.0000e-12       5035     3.4958  0.000e+00
     39.656   64.67944 -169.10002     40.052     2.9516     2.9526     2.9493    32.8434    32.8530  1026.3561    26.1682    264.168    252.117  328.26692     80.473     76.810     0.1514     0.5604     3.8364     0.8228 8.4714e-06       5036     3.4965  0.000e+00
     39.656   64.67944 -169.10002     40.052     2.9517     2.9525     2.9494    32.8434    32.8533  1026.3561    26.1682    263.969    252.131  328.26603     80.413     76.814     0.1502     0.5531     3.8364     0.8228 1.0000e-12       5037     3.4972  0.000e+00
     39.649   64.67944 -169.10002     40.044     2.9512     2.9522     2.9489    32.8442    32.8535  1026.3567    26.1688    264.175    251.950  328.26859     80.475     76.758     0.1502     0.5531     3.8364     0.8228 1.0000e-12       5038     3.4979  0.000e+00
     39.656   64.67944 -169.10002     40.052     2.9503     2.9524     2.9480    32.8446    32.8532  1026.3571    26.1692    263.982    252.110  328.27448     80.415     76.808     0.1465     0.5311     3.8364     0.8228 1.0000e-12       5039     3.4986  0.000e+00
     39.656   64.67944 -169.10002     40.052     2.9500     2.9520     2.9477    32.8448    32.8534  1026.3573    26.1694    264.186    251.928  328.27657     80.477     76.751     0.1465     0.5311     3.8364     0.8228 1.0000e-12       5040     3.4993  0.000e+00
     39.656   64.67944 -169.10002     40.052     2.9502     2.9517     2.9479    32.8446    32.8536  1026.3571    26.1692    264.239    252.088  328.27538     80.493     76.800     0.1441     0.5165     3.8364     0.8228 1.0000e-12       5041     3.5000  0.000e+00
     39.649   64.67944 -169.10002     40.044     2.9505     2.9515     2.9482    32.8445    32.8540  1026.3570    26.1691    264.254    252.097  328.27338     80.498     76.802     0.1453     0.5238     3.8364     0.8228 1.0000e-12       5042     3.5007  0.000e+00
     39.656   64.67944 -169.10002     40.052     2.9501     2.9514     2.9479    32.8447    32.8540  1026.3572    26.1693    264.055    252.106  328.27558     80.437     76.805     0.1465     0.5311     3.8364     0.8228 1.0000e-12       5043     3.5014  0.000e+00
     39.718   64.67944 -169.10002     40.114     2.9502     2.9514     2.9479    32.8443    32.8542  1026.3572    26.1690    264.038    252.114  328.27607     80.432     76.808     0.1453     0.5238     3.8364     0.8228 1.0000e-12       5044     3.5021  0.000e+00
     39.656   64.67944 -169.10002     40.052     2.9503     2.9514     2.9480    32.8446    32.8540  1026.3571    26.1692    264.016    252.118  328.27448     80.425     76.809     0.1465     0.5311     3.8315     0.8279 1.0000e-12       5045     3.5028  0.000e+00
     39.710   64.67944 -169.10002     40.106     2.9505     2.9512     2.9482    32.8445    32.8538  1026.3573    26.1691    263.816    252.126  328.27296     80.365     76.811     0.1453     0.5238     3.8242     0.8355 1.0000e-12       5046     3.5035  0.000e+00
     39.656   64.67944 -169.10002     40.052     2.9503     2.9511     2.9480    32.8445    32.8539  1026.3571    26.1691    264.200    252.129  328.27468     80.481     76.811     0.1453     0.5238     3.8205     0.8394 1.0000e-12       5047     3.5042  0.000e+00
     39.718   64.67944 -169.10002     40.114     2.9500     2.9512     2.9477    32.8448    32.8538  1026.3576    26.1693    264.221    252.133  328.27666     80.487     76.813     0.1453     0.5238     3.8217     0.8381 8.4714e-06       5048     3.5049  0.000e+00
     39.649   64.67944 -169.10002     40.044     2.9500     2.9511     2.9478    32.8447    32.8541  1026.3573    26.1693    264.235    252.133  328.27626     80.492     76.813     0.1453     0.5238     3.8217     0.8381 1.0000e-12       5049     3.5056  0.000e+00
     39.718   64.67944 -169.10002     40.114     2.9505     2.9509     2.9482    32.8445    32.8542  1026.3573    26.1691    264.249    252.138  328.27347     80.497     76.814     0.1465     0.5311     3.8217     0.8381 1.0000e-12       5050     3.5063  0.000e+00
     39.718   64.67944 -169.10002     40.114     2.9504     2.9510     2.9481    32.8440    32.8537  1026.3570    26.1687    263.792    252.138  328.27548     80.357     76.814     0.1453     0.5238     3.8217     0.8381 8.4714e-06       5051     3.5069  0.000e+00
     39.656   64.67944 -169.10002     40.052     2.9503     2.9507     2.9480    32.8443    32.8539  1026.3569    26.1690    263.914    252.331  328.27519     80.394     76.872     0.1465     0.5311     3.8217     0.8381 1.0000e-12       5052     3.5076  0.000e+00
     39.710   64.67944 -169.10002     40.106     2.9501     2.9508     2.9479    32.8448    32.8540  1026.3576    26.1694    263.929    252.352  328.27525     80.399     76.879     0.1453     0.5238     3.8217     0.8381 1.0000e-12       5053     3.5083  0.000e+00
     39.656   64.67944 -169.10002     40.052     2.9504     2.9507     2.9481    32.8444    32.8540  1026.3570    26.1691    263.904    252.369  328.27439     80.391     76.884     0.1453     0.5238     3.8217     0.8381 1.0000e-12       5054     3.5090  0.000e+00
     39.718   64.67944 -169.10002     40.114     2.9505     2.9513     2.9482    32.8440    32.8541  1026.3570    26.1687    264.139    252.384  328.27458     80.463     76.889     0.1441     0.5165     3.8217     0.8381 1.0000e-12       5055     3.5097  0.000e+00
     39.656   64.67944 -169.10002     40.052     2.9506     2.9525     2.9483    32.8443    32.8536  1026.3569    26.1689    264.148    252.388  328.27269     80.466     76.893     0.1453     0.5238     3.8217     0.8381 1.0000e-12       5056     3.5104  0.000e+00
     39.710   64.67944 -169.10002     40.106     2.9513     2.9535     2.9490    32.8439    32.8528  1026.3568    26.1686    263.940    252.397  328.26828     80.404     76.897     0.1441     0.5165     3.8217     0.8381 1.0000e-12       5057     3.5111  0.000e+00
     39.718   64.67944 -169.10002     40.114     2.9511     2.9532     2.9488    32.8437    32.8533  1026.3567    26.1684    263.918    252.408  328.27009     80.397     76.900     0.1453     0.5238     3.8217     0.8381 1.0000e-12       5058     3.5118  0.000e+00
     39.656   64.67944 -169.10002     40.052     2.9507     2.9533     2.9484    32.8445    32.8531  1026.3570    26.1691    263.894    252.414  328.27169     80.389     76.902     0.1465     0.5311     3.8217     0.8381 1.0000e-12       5059     3.5125  0.000e+00
     39.710   64.67944 -169.10002     40.106     2.9508     2.9532     2.9485    32.8439    32.8533  1026.3568    26.1686    263.873    252.228  328.27238     80.382     76.845     0.1453     0.5238     3.8217     0.8381 1.0000e-12       5060     3.5132  0.000e+00
     39.656   64.67944 -169.10002     40.052     2.9505     2.9538     2.9482    32.8442    32.8529  1026.3568    26.1689    264.285    252.401  328.27409     80.508     76.899     0.1453     0.5238     3.8217     0.8381 1.0000e-12       5061     3.5139  0.000e+00
     39.718   64.67944 -169.10002     40.114     2.9504     2.9540     2.9481    32.8441    32.8528  1026.3571    26.1688    264.115    252.406  328.27517     80.455     76.900     0.1441     0.5165     3.8217     0.8381 1.0000e-12       5062     3.5146  0.000e+00
     39.656   64.67944 -169.10002     40.052     2.9501     2.9544     2.9479    32.8445    32.8525  1026.3571    26.1692    264.120    252.427  328.27588     80.457     76.907     0.1465     0.5311     3.8217     0.8381 1.0000e-12       5063     3.5153  0.000e+00
     39.648   64.67944 -169.10002     40.044     2.9496     2.9543     2.9473    32.8446    32.8526  1026.3572    26.1692    264.167    252.452  328.28056     80.470     76.915     0.1441     0.5165     3.8217     0.8381 1.0000e-12       5064     3.5160  0.000e+00
     39.718   64.67944 -169.10002     40.114     2.9495     2.9541     2.9472    32.8446    32.8526  1026.3575    26.1693    264.176    252.479  328.28095     80.472     76.923     0.1441     0.5165     3.8230     0.8368 8.4714e-06       5065     3.5167  0.000e+00
     39.656   64.67944 -169.10002     40.052     2.9498     2.9542     2.9475    32.8448    32.8529  1026.3574    26.1694    264.175    252.499  328.27787     80.473     76.929     0.1453     0.5238     3.8291     0.8304 1.0000e-12       5066     3.5174  0.000e+00
     39.656   64.67944 -169.10002     40.052     2.9505     2.9539     2.9482    32.8444    32.8529  1026.3570    26.1691    263.919    252.523  328.27309     80.396     76.936     0.1441     0.5165     3.8315     0.8279 1.0000e-12       5067     3.5181  0.000e+00
     39.648   64.67944 -169.10002     40.044     2.9519     2.9542     2.9496    32.8434    32.8527  1026.3560    26.1681    264.095    252.542  328.26492     80.452     76.942     0.1441     0.5165     3.8327     0.8266 1.0000e-12       5068     3.5187  0.000e+00
     39.656   64.67944 -169.10002     40.052     2.9530     2.9539     2.9507    32.8436    32.8532  1026.3561    26.1682    264.087    252.563  328.25524     80.452     76.948     0.1441     0.5165     3.8315     0.8279 1.0000e-12       5069     3.5194  0.000e+00
     39.656   64.67944 -169.10002     40.052     2.9530     2.9543     2.9508    32.8433    32.8525  1026.3559    26.1679    264.085    252.557  328.25545     80.451     76.947     0.1441     0.5165     3.8315     0.8279 1.0000e-12       5070     3.5201  0.000e+00
     39.648   64.67944 -169.10002     40.044     2.9528     2.9542     2.9505    32.8429    32.8526  1026.3555    26.1676    264.085    252.355  328.25834     80.450     76.885     0.1441     0.5165     3.8315     0.8279 1.0000e-12       5071     3.5208  0.000e+00
