EcoFOCI/data/1_SampleCollection/2023_SikuliaqDBO_CruiseData/CTD_raw_BottleFile_SKQ23-12S/proc/skq202312s_026svp.cnv
* Sea-Bird SBE 9 Data File:
* FileName = D:\CTD\SKQ202312S\SKQ202312S_026.hex
* Software Version Seasave V 7.26.7.121
* Temperature SN = 6177
* Conductivity SN = 0369
* Number of Bytes Per Scan = 41
* Number of Voltage Words = 4
* Number of Scans Averaged by the Deck Unit = 1
* NMEA Latitude = 71 17.26 N
* NMEA Longitude = 157 14.75 W
* NMEA UTC (Time) = Sep 20 2023  23:14:47
* NMEA baud rate = 4800
** Ship: R/V Sikuliaq
** Station Number: 026
** Station Name: DBO5.2
** Bottom Depth: 56
** Operator: SD
# nquan = 7
# nvalues = 5478                                  
# units = specified
# name 0 = depSM: Depth [salt water, m]
# name 1 = latitude: Latitude [deg]
# name 2 = longitude: Longitude [deg]
# name 3 = t090C: Temperature [ITS-90, deg C]
# name 4 = sal00: Salinity, Practical [PSU]
# name 5 = svCM: Sound Velocity [Chen-Millero, m/s]
# name 6 = flag:  0.000e+00
# span 0 =      2.412,     51.387                 
# span 1 =   71.28776,   71.28778                 
# span 2 = -157.24544, -157.24540                 
# span 3 =     2.1595,     4.5957                 
# span 4 =    30.2644,    31.7894                 
# span 5 =    1455.34,    1463.73                 
# span 6 = 0.0000e+00, 0.0000e+00                 
# interval = seconds: 0.0416667
# start_time = Sep 20 2023 23:18:27 [NMEA time, first data scan]
# bad_flag = -9.990e-29
*END*
      2.759   71.28778 -157.24542     4.3456    30.2808    1462.05  0.000e+00
      2.697   71.28778 -157.24542     4.3455    30.2807    1462.05  0.000e+00
      2.697   71.28778 -157.24542     4.3455    30.2804    1462.05  0.000e+00
      2.697   71.28778 -157.24542     4.3453    30.2805    1462.05  0.000e+00
      2.643   71.28778 -157.24542     4.3453    30.2802    1462.05  0.000e+00
      2.643   71.28778 -157.24542     4.3449    30.2800    1462.04  0.000e+00
      2.643   71.28778 -157.24542     4.3446    30.2801    1462.04  0.000e+00
      2.581   71.28778 -157.24542     4.3446    30.2793    1462.04  0.000e+00
      2.581   71.28778 -157.24542     4.3442    30.2796    1462.04  0.000e+00
      2.581   71.28778 -157.24542     4.3442    30.2793    1462.04  0.000e+00
      2.581   71.28778 -157.24542     4.3440    30.2790    1462.04  0.000e+00
      2.581   71.28778 -157.24542     4.3437    30.2795    1462.04  0.000e+00
      2.528   71.28778 -157.24542     4.3439    30.2795    1462.04  0.000e+00
      2.528   71.28778 -157.24542     4.3439    30.2795    1462.04  0.000e+00
      2.581   71.28778 -157.24542     4.3439    30.2797    1462.04  0.000e+00
      2.466   71.28778 -157.24542     4.3437    30.2798    1462.04  0.000e+00
      2.528   71.28778 -157.24542     4.3437    30.2797    1462.04  0.000e+00
      2.466   71.28778 -157.24542     4.3439    30.2798    1462.04  0.000e+00
      2.466   71.28778 -157.24542     4.3439    30.2798    1462.04  0.000e+00
      2.466   71.28778 -157.24542     4.3440    30.2795    1462.04  0.000e+00
      2.528   71.28778 -157.24542     4.3440    30.2794    1462.04  0.000e+00
      2.466   71.28778 -157.24542     4.3442    30.2797    1462.04  0.000e+00
      2.412   71.28778 -157.24542     4.3439    30.2803    1462.04  0.000e+00
      2.466   71.28778 -157.24542     4.3444    30.2803    1462.04  0.000e+00
      2.466   71.28778 -157.24542     4.3445    30.2801    1462.04  0.000e+00
      2.435   71.28778 -157.24542     4.3446    30.2805    1462.04  0.000e+00
      2.412   71.28778 -157.24542     4.3449    30.2804    1462.04  0.000e+00
      2.466   71.28778 -157.24542     4.3448    30.2803    1462.04  0.000e+00
      2.412   71.28778 -157.24542     4.3450    30.2804    1462.04  0.000e+00
      2.466   71.28778 -157.24542     4.3449    30.2801    1462.04  0.000e+00
      2.466   71.28778 -157.24542     4.3448    30.2805    1462.04  0.000e+00
      2.466   71.28778 -157.24542     4.3450    30.2805    1462.04  0.000e+00
      2.466   71.28778 -157.24542     4.3452    30.2803    1462.04  0.000e+00
      2.466   71.28778 -157.24542     4.3450    30.2804    1462.04  0.000e+00
      2.528   71.28778 -157.24542     4.3452    30.2804    1462.04  0.000e+00
      2.466   71.28778 -157.24542     4.3453    30.2802    1462.04  0.000e+00
      2.528   71.28778 -157.24544     4.3453    30.2807    1462.05  0.000e+00
      2.528   71.28778 -157.24544     4.3455    30.2809    1462.05  0.000e+00
      2.581   71.28778 -157.24544     4.3456    30.2806    1462.05  0.000e+00
      2.528   71.28778 -157.24544     4.3455    30.2807    1462.05  0.000e+00
      2.643   71.28778 -157.24544     4.3455    30.2807    1462.05  0.000e+00
      2.581   71.28778 -157.24544     4.3453    30.2809    1462.05  0.000e+00
      2.643   71.28778 -157.24544     4.3456    30.2803    1462.05  0.000e+00
      2.643   71.28778 -157.24544     4.3456    30.2805    1462.05  0.000e+00
      2.643   71.28778 -157.24544     4.3455    30.2803    1462.05  0.000e+00
      2.697   71.28778 -157.24544     4.3452    30.2804    1462.05  0.000e+00
      2.759   71.28778 -157.24544     4.3453    30.2802    1462.05  0.000e+00
      2.697   71.28778 -157.24544     4.3452    30.2802    1462.05  0.000e+00
      2.813   71.28778 -157.24544     4.3450    30.2803    1462.05  0.000e+00
      2.759   71.28778 -157.24544     4.3448    30.2798    1462.05  0.000e+00
      2.813   71.28778 -157.24544     4.3445    30.2796    1462.05  0.000e+00
      2.813   71.28778 -157.24544     4.3446    30.2801    1462.05  0.000e+00
      2.813   71.28778 -157.24544     4.3445    30.2798    1462.05  0.000e+00
      2.890   71.28778 -157.24544     4.3444    30.2797    1462.05  0.000e+00
      2.928   71.28778 -157.24544     4.3446    30.2794    1462.05  0.000e+00
      2.867   71.28778 -157.24544     4.3443    30.2797    1462.05  0.000e+00
      2.982   71.28778 -157.24544     4.3442    30.2792    1462.05  0.000e+00
      2.928   71.28778 -157.24544     4.3443    30.2793    1462.05  0.000e+00
      2.982   71.28778 -157.24544     4.3443    30.2794    1462.05  0.000e+00
      2.982   71.28778 -157.24544     4.3444    30.2798    1462.05  0.000e+00
      2.982   71.28778 -157.24542     4.3443    30.2800    1462.05  0.000e+00
      3.044   71.28778 -157.24542     4.3443    30.2799    1462.05  0.000e+00
      3.098   71.28778 -157.24542     4.3445    30.2797    1462.05  0.000e+00
      3.044   71.28778 -157.24542     4.3443    30.2797    1462.05  0.000e+00
      3.098   71.28778 -157.24542     4.3445    30.2795    1462.05  0.000e+00
      3.098   71.28778 -157.24542     4.3444    30.2794    1462.05  0.000e+00
      3.098   71.28778 -157.24542     4.3442    30.2795    1462.05  0.000e+00
      3.160   71.28778 -157.24542     4.3442    30.2793    1462.05  0.000e+00
      3.160   71.28778 -157.24542     4.3439    30.2793    1462.05  0.000e+00
      3.160   71.28778 -157.24542     4.3442    30.2793    1462.05  0.000e+00
      3.160   71.28778 -157.24542     4.3440    30.2794    1462.05  0.000e+00
      3.214   71.28778 -157.24542     4.3440    30.2795    1462.05  0.000e+00
      3.214   71.28778 -157.24542     4.3442    30.2792    1462.05  0.000e+00
      3.214   71.28778 -157.24542     4.3442    30.2792    1462.05  0.000e+00
      3.214   71.28778 -157.24542     4.3440    30.2795    1462.05  0.000e+00
      3.214   71.28778 -157.24542     4.3440    30.2792    1462.05  0.000e+00
      3.214   71.28778 -157.24542     4.3439    30.2790    1462.05  0.000e+00
      3.268   71.28778 -157.24542     4.3440    30.2792    1462.05  0.000e+00
      3.268   71.28778 -157.24542     4.3442    30.2789    1462.05  0.000e+00
      3.268   71.28778 -157.24542     4.3439    30.2792    1462.05  0.000e+00
      3.214   71.28778 -157.24542     4.3440    30.2791    1462.05  0.000e+00
      3.329   71.28778 -157.24542     4.3439    30.2793    1462.05  0.000e+00
      3.268   71.28778 -157.24542     4.3437    30.2794    1462.05  0.000e+00
      3.329   71.28778 -157.24542     4.3439    30.2795    1462.05  0.000e+00
      3.214   71.28778 -157.24542     4.3440    30.2796    1462.05  0.000e+00
      3.329   71.28778 -157.24542     4.3440    30.2797    1462.05  0.000e+00
      3.268   71.28778 -157.24542     4.3444    30.2793    1462.05  0.000e+00
      3.268   71.28778 -157.24542     4.3443    30.2795    1462.05  0.000e+00
      3.329   71.28778 -157.24542     4.3443    30.2795    1462.05  0.000e+00
      3.268   71.28778 -157.24542     4.3444    30.2795    1462.05  0.000e+00
      3.268   71.28778 -157.24542     4.3442    30.2795    1462.05  0.000e+00
      3.268   71.28778 -157.24542     4.3440    30.2798    1462.05  0.000e+00
      3.329   71.28778 -157.24542     4.3439    30.2793    1462.05  0.000e+00
      3.268   71.28778 -157.24542     4.3439    30.2798    1462.05  0.000e+00
      3.268   71.28778 -157.24542     4.3440    30.2800    1462.05  0.000e+00
      3.237   71.28778 -157.24542     4.3442    30.2803    1462.05  0.000e+00
      3.268   71.28778 -157.24542     4.3443    30.2806    1462.05  0.000e+00
      3.268   71.28778 -157.24542     4.3448    30.2806    1462.06  0.000e+00
      3.268   71.28778 -157.24542     4.3450    30.2803    1462.06  0.000e+00
      3.214   71.28778 -157.24542     4.3452    30.2807    1462.06  0.000e+00
      3.268   71.28778 -157.24542     4.3453    30.2806    1462.06  0.000e+00
      3.214   71.28778 -157.24542     4.3455    30.2804    1462.06  0.000e+00
      3.214   71.28778 -157.24542     4.3453    30.2807    1462.06  0.000e+00
      3.214   71.28778 -157.24542     4.3456    30.2807    1462.06  0.000e+00
      3.214   71.28778 -157.24542     4.3456    30.2808    1462.06  0.000e+00
      3.160   71.28778 -157.24542     4.3458    30.2805    1462.06  0.000e+00
      3.214   71.28778 -157.24542     4.3456    30.2805    1462.06  0.000e+00
      3.160   71.28778 -157.24542     4.3456    30.2807    1462.06  0.000e+00
      3.160   71.28778 -157.24542     4.3455    30.2812    1462.06  0.000e+00
      3.214   71.28778 -157.24542     4.3456    30.2806    1462.06  0.000e+00
      3.098   71.28778 -157.24542     4.3456    30.2804    1462.06  0.000e+00
      3.098   71.28778 -157.24542     4.3456    30.2809    1462.06  0.000e+00
      3.160   71.28778 -157.24542     4.3455    30.2806    1462.06  0.000e+00
      3.098   71.28778 -157.24542     4.3455    30.2807    1462.06  0.000e+00
      3.044   71.28778 -157.24542     4.3453    30.2807    1462.05  0.000e+00
      3.098   71.28778 -157.24542     4.3455    30.2801    1462.06  0.000e+00
      3.098   71.28778 -157.24542     4.3453    30.2803    1462.05  0.000e+00
      3.044   71.28778 -157.24542     4.3453    30.2804    1462.05  0.000e+00
      3.044   71.28778 -157.24542     4.3452    30.2801    1462.05  0.000e+00
      3.044   71.28778 -157.24542     4.3450    30.2797    1462.05  0.000e+00
      2.982   71.28778 -157.24542     4.3446    30.2797    1462.05  0.000e+00
      2.982   71.28778 -157.24542     4.3443    30.2793    1462.05  0.000e+00
      3.044   71.28778 -157.24542     4.3440    30.2792    1462.05  0.000e+00
      2.928   71.28778 -157.24542     4.3439    30.2791    1462.04  0.000e+00
      2.982   71.28778 -157.24542     4.3437    30.2788    1462.04  0.000e+00
      2.928   71.28778 -157.24542     4.3437    30.2787    1462.04  0.000e+00
      2.928   71.28778 -157.24542     4.3439    30.2789    1462.04  0.000e+00
      2.928   71.28778 -157.24542     4.3437    30.2792    1462.04  0.000e+00
      2.928   71.28778 -157.24542     4.3437    30.2790    1462.04  0.000e+00
      2.928   71.28778 -157.24542     4.3434    30.2788    1462.04  0.000e+00
      2.867   71.28778 -157.24542     4.3435    30.2784    1462.04  0.000e+00
      2.867   71.28778 -157.24542     4.3435    30.2783    1462.04  0.000e+00
      2.867   71.28778 -157.24542     4.3435    30.2785    1462.04  0.000e+00
      2.813   71.28778 -157.24542     4.3434    30.2786    1462.04  0.000e+00
      2.836   71.28778 -157.24542     4.3435    30.2787    1462.04  0.000e+00
      2.867   71.28778 -157.24542     4.3435    30.2791    1462.04  0.000e+00
      2.813   71.28778 -157.24542     4.3434    30.2791    1462.04  0.000e+00
      2.813   71.28778 -157.24542     4.3437    30.2789    1462.04  0.000e+00
      2.759   71.28778 -157.24542     4.3434    30.2791    1462.04  0.000e+00
      2.813   71.28778 -157.24542     4.3435    30.2791    1462.04  0.000e+00
      2.759   71.28778 -157.24542     4.3434    30.2793    1462.04  0.000e+00
      2.759   71.28778 -157.24542     4.3434    30.2795    1462.04  0.000e+00
      2.813   71.28778 -157.24542     4.3434    30.2790    1462.04  0.000e+00
      2.759   71.28778 -157.24542     4.3432    30.2790    1462.04  0.000e+00
      2.759   71.28778 -157.24542     4.3434    30.2786    1462.04  0.000e+00
      2.697   71.28778 -157.24542     4.3432    30.2789    1462.04  0.000e+00
      2.759   71.28778 -157.24542     4.3432    30.2785    1462.04  0.000e+00
      2.697   71.28778 -157.24542     4.3431    30.2788    1462.04  0.000e+00
      2.759   71.28778 -157.24542     4.3429    30.2792    1462.04  0.000e+00
      2.697   71.28778 -157.24542     4.3431    30.2789    1462.04  0.000e+00
      2.697   71.28778 -157.24542     4.3432    30.2789    1462.04  0.000e+00
      2.697   71.28778 -157.24542     4.3432    30.2792    1462.04  0.000e+00
      2.759   71.28778 -157.24542     4.3431    30.2794    1462.04  0.000e+00
      2.697   71.28778 -157.24542     4.3432    30.2792    1462.04  0.000e+00
      2.697   71.28778 -157.24542     4.3432    30.2792    1462.04  0.000e+00
      2.697   71.28778 -157.24542     4.3432    30.2792    1462.04  0.000e+00
      2.697   71.28778 -157.24542     4.3435    30.2790    1462.04  0.000e+00
      2.697   71.28778 -157.24542     4.3435    30.2790    1462.04  0.000e+00
      2.697   71.28778 -157.24542     4.3435    30.2785    1462.04  0.000e+00
      2.697   71.28778 -157.24542     4.3432    30.2791    1462.04  0.000e+00
      2.697   71.28778 -157.24542     4.3434    30.2791    1462.04  0.000e+00
      2.759   71.28778 -157.24542     4.3434    30.2791    1462.04  0.000e+00
      2.697   71.28778 -157.24542     4.3434    30.2791    1462.04  0.000e+00
      2.759   71.28778 -157.24542     4.3434    30.2791    1462.04  0.000e+00
      2.720   71.28778 -157.24542     4.3434    30.2793    1462.04  0.000e+00
      2.759   71.28778 -157.24542     4.3434    30.2793    1462.04  0.000e+00
      2.759   71.28778 -157.24542     4.3435    30.2794    1462.04  0.000e+00
      2.759   71.28778 -157.24542     4.3437    30.2793    1462.04  0.000e+00
      2.759   71.28778 -157.24542     4.3435    30.2792    1462.04  0.000e+00
      2.813   71.28778 -157.24542     4.3437    30.2792    1462.04  0.000e+00
      2.759   71.28778 -157.24542     4.3437    30.2787    1462.04  0.000e+00
      2.813   71.28778 -157.24542     4.3435    30.2786    1462.04  0.000e+00
      2.813   71.28778 -157.24542     4.3435    30.2788    1462.04  0.000e+00
      2.813   71.28778 -157.24542     4.3434    30.2786    1462.04  0.000e+00
      2.867   71.28778 -157.24542     4.3434    30.2793    1462.04  0.000e+00
      2.813   71.28778 -157.24542     4.3435    30.2794    1462.04  0.000e+00
      2.867   71.28778 -157.24542     4.3435    30.2792    1462.04  0.000e+00
      2.867   71.28778 -157.24542     4.3434    30.2797    1462.04  0.000e+00
      2.928   71.28778 -157.24542     4.3437    30.2789    1462.04  0.000e+00
      2.867   71.28778 -157.24542     4.3437    30.2787    1462.04  0.000e+00
      2.928   71.28778 -157.24542     4.3434    30.2792    1462.04  0.000e+00
      2.928   71.28778 -157.24542     4.3435    30.2787    1462.04  0.000e+00
      2.982   71.28778 -157.24542     4.3432    30.2786    1462.04  0.000e+00
      2.928   71.28778 -157.24542     4.3432    30.2786    1462.04  0.000e+00
      2.982   71.28778 -157.24542     4.3431    30.2783    1462.04  0.000e+00
      2.982   71.28778 -157.24542     4.3426    30.2784    1462.04  0.000e+00
      3.044   71.28778 -157.24542     4.3428    30.2784    1462.04  0.000e+00
      2.982   71.28778 -157.24542     4.3428    30.2785    1462.04  0.000e+00
      3.044   71.28778 -157.24542     4.3426    30.2786    1462.04  0.000e+00
      3.044   71.28778 -157.24542     4.3424    30.2781    1462.04  0.000e+00
      3.044   71.28778 -157.24542     4.3426    30.2784    1462.04  0.000e+00
      3.098   71.28778 -157.24542     4.3424    30.2785    1462.04  0.000e+00
      3.098   71.28778 -157.24542     4.3426    30.2785    1462.04  0.000e+00
      3.098   71.28778 -157.24542     4.3428    30.2788    1462.04  0.000e+00
      3.098   71.28778 -157.24542     4.3428    30.2790    1462.04  0.000e+00
      3.160   71.28778 -157.24542     4.3429    30.2796    1462.04  0.000e+00
      3.098   71.28778 -157.24542     4.3437    30.2793    1462.05  0.000e+00
      3.160   71.28778 -157.24542     4.3450    30.2796    1462.05  0.000e+00
      3.160   71.28778 -157.24542     4.3463    30.2797    1462.06  0.000e+00
      3.175   71.28778 -157.24542     4.3474    30.2799    1462.06  0.000e+00
      3.214   71.28778 -157.24542     4.3489    30.2788    1462.07  0.000e+00
      3.160   71.28778 -157.24542     4.3496    30.2788    1462.07  0.000e+00
      3.214   71.28778 -157.24542     4.3502    30.2786    1462.08  0.000e+00
      3.214   71.28778 -157.24542     4.3505    30.2780    1462.08  0.000e+00
      3.214   71.28778 -157.24542     4.3505    30.2771    1462.07  0.000e+00
