EcoFOCI/data/1_SampleCollection/2023_SikuliaqDBO_CruiseData/CTD_raw_BottleFile_SKQ23-12S/proc/skq202312s_044.ros
* Sea-Bird SBE 9 Data File:
* FileName = D:\CTD\SKQ202312S\SKQ202312S_044.hex
* Software Version Seasave V 7.26.7.121
* Temperature SN = 6177
* Conductivity SN = 0369
* Number of Bytes Per Scan = 41
* Number of Voltage Words = 4
* Number of Scans Averaged by the Deck Unit = 1
* NMEA Latitude = 71 35.18 N
* NMEA Longitude = 161 23.69 W
* NMEA UTC (Time) = Sep 24 2023  08:13:31
* NMEA baud rate = 4800
** Ship: R/V Sikuliaq
** Station Number: 044
** Station Name: DBO4.4n
** Bottom Depth: 47
** Operator: SS
# nquan = 22
# nvalues = 931                                   
# units = specified
# name 0 = depSM: Depth [salt water, m]
# name 1 = latitude: Latitude [deg]
# name 2 = longitude: Longitude [deg]
# name 3 = prDM: Pressure, Digiquartz [db]
# name 4 = t090C: Temperature [ITS-90, deg C]
# name 5 = t190C: Temperature, 2 [ITS-90, deg C]
# name 6 = potemp090C: Potential Temperature [ITS-90, deg C]
# name 7 = sal00: Salinity, Practical [PSU]
# name 8 = sal11: Salinity, Practical, 2 [PSU]
# name 9 = density00: Density [density, kg/m^3]
# name 10 = sigma-é00: Density [sigma-theta, kg/m^3]
# name 11 = sbox0Mm/Kg: Oxygen, SBE 43 [umol/kg]
# name 12 = sbox1Mm/Kg: Oxygen, SBE 43, 2 [umol/kg]
# name 13 = oxsolMm/Kg: Oxygen Saturation, Garcia & Gordon [umol/kg]
# name 14 = sbeox0PS: Oxygen, SBE 43 [% saturation]
# name 15 = v0: Voltage 0
# name 16 = flECO-AFL: Fluorescence, WET Labs ECO-AFL/FL [mg/m^3]
# name 17 = CStarAt0: Beam Attenuation, WET Labs C-Star [1/m]
# name 18 = par: PAR/Irradiance, Biospherical/Licor
# name 19 = scan: Scan Count
# name 20 = nbf: Bottles Fired
# name 21 = flag:  0.000e+00
# interval = seconds: 0.0416667
# start_time = Sep 24 2023 08:17:11 [NMEA time, first data scan]
# bad_flag = -9.990e-29
*END*
[from data line 330]
     30.055   71.58596 -161.39614     30.367    -1.5334    -1.5334    -1.5339    32.5522    32.5628  1026.3314    26.1847    274.160    261.030  369.40597     74.217     0.1929     0.8095     0.7860 1.0000e-12      10508          7  0.000e+00
     30.132   71.58596 -161.39614     30.445    -1.5335    -1.5334    -1.5340    32.5520    32.5632  1026.3316    26.1846    274.152    261.038  369.40764     74.214     0.1917     0.8022     0.7860 1.0000e-12      10509          7  0.000e+00
     30.117   71.58596 -161.39614     30.430    -1.5334    -1.5333    -1.5339    32.5518    32.5627  1026.3314    26.1844    274.141    261.043  369.40709     74.211     0.1905     0.7949     0.7860 1.0000e-12      10510          7  0.000e+00
     30.132   71.58596 -161.39614     30.445    -1.5334    -1.5335    -1.5339    32.5514    32.5624  1026.3311    26.1841    274.393    261.050  369.40824     74.279     0.1917     0.8022     0.7860 1.0000e-12      10511          7  0.000e+00
     30.117   71.58596 -161.39614     30.430    -1.5335    -1.5340    -1.5341    32.5519    32.5626  1026.3314    26.1845    274.175    261.056  369.40863     74.220     0.1929     0.8095     0.7860 1.0000e-12      10512          7  0.000e+00
     30.132   71.58596 -161.39614     30.445    -1.5334    -1.5339    -1.5339    32.5518    32.5630  1026.3314    26.1844    274.427    261.056  369.40711     74.288     0.1917     0.8022     0.7860 8.4714e-06      10513          7  0.000e+00
     30.055   71.58596 -161.39614     30.367    -1.5334    -1.5339    -1.5339    32.5517    32.5628  1026.3310    26.1843    274.468    261.054  369.40748     74.299     0.1917     0.8022     0.7860 1.0000e-12      10514          7  0.000e+00
     30.132   71.58596 -161.39614     30.445    -1.5334    -1.5339    -1.5339    32.5517    32.5627  1026.3314    26.1843    274.462    261.055  369.40736     74.298     0.1905     0.7949     0.7860 1.0000e-12      10515          7  0.000e+00
     30.117   71.58596 -161.39614     30.430    -1.5335    -1.5339    -1.5341    32.5516    32.5626  1026.3312    26.1842    274.504    261.052  369.40951     74.309     0.1917     0.8022     0.7860 1.0000e-12      10516          7  0.000e+00
     30.132   71.58596 -161.39614     30.445    -1.5335    -1.5338    -1.5340    32.5512    32.5625  1026.3309    26.1839    274.547    261.048  369.41003     74.320     0.1917     0.8022     0.7860 1.0000e-12      10517          7  0.000e+00
     30.117   71.58596 -161.39614     30.430    -1.5336    -1.5338    -1.5342    32.5512    32.5624  1026.3309    26.1840    274.537    261.043  369.41155     74.317     0.1917     0.8022     0.7860 8.4714e-06      10518          7  0.000e+00
     30.070   71.58596 -161.39614     30.383    -1.5335    -1.5340    -1.5341    32.5511    32.5627  1026.3306    26.1839    274.574    261.036  369.41069     74.327     0.1917     0.8022     0.7860 8.4714e-06      10519          7  0.000e+00
     30.171   71.58596 -161.39614     30.484    -1.5336    -1.5340    -1.5342    32.5513    32.5626  1026.3312    26.1840    274.617    261.031  369.41152     74.339     0.1917     0.8022     0.7860 1.0000e-12      10520          7  0.000e+00
     30.171   71.58596 -161.39616     30.485    -1.5335    -1.5340    -1.5341    32.5523    32.5631  1026.3320    26.1848    274.806    261.300  369.40735     74.391     0.1941     0.8168     0.7898 1.0000e-12      10657          8  0.000e+00
     30.071   71.58596 -161.39616     30.384    -1.5335    -1.5338    -1.5340    32.5521    32.5626  1026.3314    26.1846    274.819    261.065  369.40741     74.394     0.1929     0.8095     0.7898 1.0000e-12      10658          8  0.000e+00
     30.117   71.58596 -161.39616     30.430    -1.5335    -1.5336    -1.5341    32.5518    32.5621  1026.3314    26.1844    274.629    261.031  369.40889     74.343     0.1929     0.8095     0.7898 1.0000e-12      10659          8  0.000e+00
     30.133   71.58596 -161.39616     30.446    -1.5335    -1.5338    -1.5341    32.5523    32.5628  1026.3319    26.1848    274.905    261.225  369.40728     74.418     0.1893     0.7875     0.7898 1.0000e-12      10660          8  0.000e+00
     30.117   71.58596 -161.39616     30.430    -1.5334    -1.5338    -1.5339    32.5524    32.5629  1026.3319    26.1849    274.971    261.217  369.40520     74.436     0.1770     0.7143     0.7898 1.0000e-12      10661          8  0.000e+00
     30.071   71.58596 -161.39616     30.384    -1.5334    -1.5334    -1.5339    32.5522    32.5626  1026.3315    26.1847    275.038    261.237  369.40587     74.454     0.1697     0.6703     0.7898 1.0000e-12      10662          8  0.000e+00
     30.002   71.58596 -161.39616     30.314    -1.5334    -1.5336    -1.5339    32.5524    32.5630  1026.3313    26.1849    274.844    261.258  369.40537     74.402     0.1697     0.6703     0.7898 1.0000e-12      10663          8  0.000e+00
     30.187   71.58596 -161.39616     30.501    -1.5334    -1.5331    -1.5339    32.5526    32.5628  1026.3324    26.1851    275.078    261.283  369.40470     74.465     0.1722     0.6850     0.7898 1.0000e-12      10664          8  0.000e+00
     30.133   71.58596 -161.39616     30.446    -1.5334    -1.5331    -1.5339    32.5525    32.5628  1026.3320    26.1850    275.093    261.301  369.40510     74.469     0.1709     0.6776     0.7898 1.0000e-12      10665          8  0.000e+00
     30.056   71.58596 -161.39616     30.368    -1.5332    -1.5333    -1.5337    32.5524    32.5625  1026.3316    26.1849    275.052    261.056  369.40354     74.458     0.1709     0.6776     0.7936 1.0000e-12      10666          8  0.000e+00
     30.133   71.58596 -161.39616     30.446    -1.5332    -1.5332    -1.5337    32.5523    32.5627  1026.3319    26.1848    274.755    261.239  369.40381     74.378     0.1709     0.6776     0.8012 1.0000e-12      10667          8  0.000e+00
     30.056   71.58596 -161.39616     30.368    -1.5331    -1.5333    -1.5336    32.5523    32.5625  1026.3315    26.1848    274.762    261.219  369.40264     74.380     0.1722     0.6850     0.8024 1.0000e-12      10668          8  0.000e+00
     30.071   71.58596 -161.39616     30.384    -1.5331    -1.5336    -1.5336    32.5519    32.5627  1026.3313    26.1845    274.724    261.200  369.40380     74.370     0.1709     0.6776     0.8012 1.0000e-12      10669          8  0.000e+00
     30.117   71.58596 -161.39616     30.430    -1.5331    -1.5333    -1.5336    32.5523    32.5624  1026.3317    26.1848    274.996    261.209  369.40287     74.443     0.1709     0.6776     0.8024 1.0000e-12      10670          8  0.000e+00
     30.071   71.58596 -161.39616     30.384    -1.5332    -1.5336    -1.5337    32.5527    32.5627  1026.3319    26.1851    275.056    261.217  369.40269     74.460     0.1722     0.6850     0.8024 1.0000e-12      10671          8  0.000e+00
     30.117   71.58596 -161.39616     30.430    -1.5329    -1.5333    -1.5334    32.5520    32.5624  1026.3315    26.1846    274.808    261.224  369.40183     74.393     0.1709     0.6776     0.8012 1.0000e-12      10672          8  0.000e+00
     30.071   71.58596 -161.39616     30.384    -1.5332    -1.5340    -1.5337    32.5523    32.5637  1026.3315    26.1848    274.821    261.231  369.40395     74.396     0.1722     0.6850     0.8012 1.0000e-12      10673          8  0.000e+00
     30.056   71.58596 -161.39616     30.368    -1.5332    -1.5336    -1.5337    32.5522    32.5626  1026.3314    26.1848    275.093    261.004  369.40405     74.470     0.1709     0.6776     0.8012 1.0000e-12      10674          8  0.000e+00
     30.071   71.58596 -161.39616     30.384    -1.5332    -1.5333    -1.5337    32.5520    32.5624  1026.3313    26.1846    275.107    261.204  369.40483     74.473     0.1709     0.6776     0.8012 1.0000e-12      10675          8  0.000e+00
     30.117   71.58596 -161.39616     30.431    -1.5332    -1.5336    -1.5337    32.5524    32.5629  1026.3318    26.1849    275.118    261.209  369.40365     74.476     0.1709     0.6776     0.8012 1.0000e-12      10676          8  0.000e+00
     30.071   71.58596 -161.39616     30.384    -1.5332    -1.5334    -1.5337    32.5523    32.5630  1026.3316    26.1848    275.125    261.207  369.40382     74.478     0.1709     0.6776     0.8012 1.0000e-12      10677          8  0.000e+00
     30.056   71.58596 -161.39616     30.368    -1.5329    -1.5333    -1.5334    32.5523    32.5629  1026.3315    26.1848    275.179    261.206  369.40096     74.493     0.1722     0.6850     0.8012 1.0000e-12      10678          8  0.000e+00
     30.071   71.58596 -161.39616     30.384    -1.5332    -1.5333    -1.5337    32.5522    32.5627  1026.3315    26.1847    275.189    261.206  369.40420     74.495     0.1709     0.6776     0.8012 1.0000e-12      10679          8  0.000e+00
     30.056   71.58596 -161.39616     30.368    -1.5329    -1.5334    -1.5334    32.5518    32.5630  1026.3311    26.1844    275.036    261.203  369.40235     74.454     0.1722     0.6850     0.8012 1.0000e-12      10680          8  0.000e+00
     30.071   71.58596 -161.39616     30.384    -1.5326    -1.5330    -1.5332    32.5516    32.5623  1026.3310    26.1842    275.082    261.197  369.40017     74.467     0.1709     0.6776     0.8012 1.0000e-12      10681          8  0.000e+00
     30.117   71.58596 -161.39616     30.431    -1.5327    -1.5330    -1.5333    32.5517    32.5621  1026.3313    26.1844    274.873    261.194  369.40091     74.411     0.1722     0.6850     0.8012 1.0000e-12      10682          8  0.000e+00
     30.071   71.58596 -161.39616     30.384    -1.5327    -1.5330    -1.5333    32.5519    32.5621  1026.3313    26.1845    274.613    261.185  369.40032     74.340     0.1709     0.6776     0.8012 1.0000e-12      10683          8  0.000e+00
     30.056   71.58596 -161.39616     30.368    -1.5327    -1.5328    -1.5333    32.5516    32.5627  1026.3309    26.1842    274.568    260.946  369.40143     74.328     0.1709     0.6776     0.8012 1.0000e-12      10684          8  0.000e+00
     30.071   71.58596 -161.39616     30.384    -1.5327    -1.5328    -1.5333    32.5513    32.5627  1026.3307    26.1840    274.786    261.135  369.40234     74.387     0.1722     0.6850     0.8012 1.0000e-12      10685          8  0.000e+00
     30.056   71.58596 -161.39616     30.368    -1.5327    -1.5327    -1.5333    32.5518    32.5628  1026.3310    26.1844    275.002    261.124  369.40080     74.445     0.1746     0.6996     0.7999 1.0000e-12      10686          8  0.000e+00
     30.017   71.58596 -161.39616     30.329    -1.5327    -1.5325    -1.5333    32.5514    32.5623  1026.3305    26.1841    274.749    260.849  369.40199     74.377     0.1795     0.7289     0.7936 1.0000e-12      10687          8  0.000e+00
     30.117   71.58596 -161.39616     30.431    -1.5331    -1.5322    -1.5336    32.5517    32.5623  1026.3313    26.1844    274.660    260.806  369.40438     74.352     0.1795     0.7289     0.7923 1.0000e-12      10688          8  0.000e+00
     30.017   71.58596 -161.39616     30.329    -1.5331    -1.5321    -1.5336    32.5518    32.5620  1026.3309    26.1844    274.611    260.987  369.40408     74.339     0.1807     0.7362     0.7923 1.0000e-12      10689          8  0.000e+00
     30.056   71.58596 -161.39616     30.368    -1.5331    -1.5321    -1.5336    32.5518    32.5617  1026.3311    26.1844    274.567    261.009  369.40415     74.327     0.1795     0.7289     0.7923 1.0000e-12      10690          8  0.000e+00
     30.071   71.58596 -161.39616     30.384    -1.5331    -1.5319    -1.5336    32.5516    32.5622  1026.3310    26.1843    274.833    261.027  369.40468     74.399     0.1795     0.7289     0.7923 1.0000e-12      10691          8  0.000e+00
     30.056   71.58596 -161.39616     30.368    -1.5332    -1.5322    -1.5337    32.5519    32.5628  1026.3311    26.1845    274.837    261.048  369.40518     74.400     0.1807     0.7362     0.7923 1.0000e-12      10692          8  0.000e+00
     30.071   71.58596 -161.39616     30.384    -1.5334    -1.5319    -1.5339    32.5519    32.5620  1026.3312    26.1845    274.841    261.068  369.40688     74.401     0.1795     0.7289     0.7923 1.0000e-12      10693          8  0.000e+00
     30.056   71.58596 -161.39616     30.368    -1.5331    -1.5321    -1.5336    32.5516    32.5627  1026.3309    26.1842    274.787    260.858  369.40490     74.386     0.1795     0.7289     0.7923 1.0000e-12      10694          8  0.000e+00
     30.071   71.58596 -161.39616     30.384    -1.5331    -1.5321    -1.5336    32.5513    32.5622  1026.3307    26.1840    274.525    260.849  369.40568     74.315     0.1795     0.7289     0.7923 1.0000e-12      10695          8  0.000e+00
     30.056   71.58596 -161.39616     30.368    -1.5332    -1.5321    -1.5337    32.5520    32.5622  1026.3312    26.1846    274.471    260.839  369.40480     74.301     0.1795     0.7289     0.7923 1.0000e-12      10696          8  0.000e+00
     30.071   71.58596 -161.39616     30.384    -1.5331    -1.5321    -1.5336    32.5519    32.5619  1026.3313    26.1845    274.417    260.798  369.40380     74.286     0.1795     0.7289     0.7923 1.0000e-12      10697          8  0.000e+00
     30.056   71.58596 -161.39616     30.368    -1.5329    -1.5319    -1.5334    32.5516    32.5621  1026.3309    26.1843    274.362    260.755  369.40298     74.272     0.1795     0.7289     0.7923 8.4714e-06      10698          8  0.000e+00
     30.017   71.58596 -161.39616     30.329    -1.5331    -1.5322    -1.5336    32.5514    32.5627  1026.3305    26.1841    274.619    260.976  369.40546     74.341     0.1807     0.7362     0.7923 1.0000e-12      10699          8  0.000e+00
     30.056   71.58596 -161.39616     30.368    -1.5327    -1.5324    -1.5333    32.5514    32.5625  1026.3307    26.1840    274.355    260.970  369.40206     74.270     0.1795     0.7289     0.7923 1.0000e-12      10700          8  0.000e+00
     30.071   71.58596 -161.39618     30.384    -1.5331    -1.5325    -1.5336    32.5516    32.5627  1026.3310    26.1842    274.356    260.731  369.40480     74.270     0.1795     0.7289     0.7923 8.4714e-06      10701          8  0.000e+00
     30.056   71.58596 -161.39618     30.368    -1.5329    -1.5325    -1.5334    32.5511    32.5627  1026.3305    26.1838    274.562    260.688  369.40461     74.326     0.1795     0.7289     0.7923 1.0000e-12      10702          8  0.000e+00
     30.017   71.58596 -161.39618     30.329    -1.5329    -1.5324    -1.5334    32.5513    32.5627  1026.3305    26.1840    274.400    260.643  369.40391     74.282     0.1795     0.7289     0.7923 1.0000e-12      10703          8  0.000e+00
     30.056   71.58596 -161.39618     30.368    -1.5332    -1.5322    -1.5337    32.5519    32.5626  1026.3311    26.1845    274.354    260.601  369.40518     74.269     0.1795     0.7289     0.7923 1.0000e-12      10704          8  0.000e+00
     30.071   71.58596 -161.39618     30.384    -1.5329    -1.5322    -1.5334    32.5516    32.5627  1026.3310    26.1843    274.613    260.558  369.40300     74.340     0.1795     0.7289     0.7923 1.0000e-12      10705          8  0.000e+00
     30.057   71.58594 -161.39620     30.369    -1.5327    -1.5330    -1.5333    32.5523    32.5629  1026.3315    26.1848    274.729    260.501  369.39917     74.372     0.1978     0.8388     0.7961 1.0000e-12      10900          9  0.000e+00
     30.134   71.58594 -161.39620     30.447    -1.5331    -1.5331    -1.5336    32.5522    32.5631  1026.3318    26.1848    274.733    260.493  369.40290     74.372     0.1966     0.8315     0.7961 1.0000e-12      10901          9  0.000e+00
     30.119   71.58594 -161.39620     30.432    -1.5332    -1.5331    -1.5337    32.5529    32.5633  1026.3322    26.1853    274.730    260.710  369.40227     74.372     0.1966     0.8315     0.7961 1.0000e-12      10902          9  0.000e+00
