EcoFOCI/data/1_SampleCollection/2023_SikuliaqDBO_CruiseData/CTD_raw_BottleFile_SKQ23-12S/proc/skq202312s_059svp.cnv
* Sea-Bird SBE 9 Data File:
* FileName = D:\CTD\SKQ202312S\SKQ202312S_059.hex
* Software Version Seasave V 7.26.7.121
* Temperature SN = 6177
* Conductivity SN = 0369
* Number of Bytes Per Scan = 41
* Number of Voltage Words = 4
* Number of Scans Averaged by the Deck Unit = 1
* NMEA Latitude = 71 13.10 N
* NMEA Longitude = 164 14.82 W
* NMEA UTC (Time) = Sep 27 2023  16:34:29
* NMEA baud rate = 4800
** Ship: R/V Sikuliaq
** Station Number: 059
** Station Name: C2
** Bottom Depth: 44
** Operator: SD
# nquan = 7
# nvalues = 4729                                  
# units = specified
# name 0 = depSM: Depth [salt water, m]
# name 1 = latitude: Latitude [deg]
# name 2 = longitude: Longitude [deg]
# name 3 = t090C: Temperature [ITS-90, deg C]
# name 4 = sal00: Salinity, Practical [PSU]
# name 5 = svCM: Sound Velocity [Chen-Millero, m/s]
# name 6 = flag:  0.000e+00
# span 0 =      2.829,     39.103                 
# span 1 =   71.21830,   71.21832                 
# span 2 = -164.24722, -164.24706                 
# span 3 =    -1.0799,     4.3368                 
# span 4 =    30.9439,    32.4387                 
# span 5 =    1441.00,    1463.54                 
# span 6 = 0.0000e+00, 0.0000e+00                 
# interval = seconds: 0.0416667
# start_time = Sep 27 2023 16:38:23 [NMEA time, first data scan]
# bad_flag = -9.990e-29
*END*
[from data line 1026]
      8.256   71.21832 -164.24722     3.1701    30.9454    1458.01  0.000e+00
      8.202   71.21832 -164.24722     3.1699    30.9462    1458.01  0.000e+00
      8.310   71.21832 -164.24722     3.1701    30.9463    1458.01  0.000e+00
      8.202   71.21832 -164.24722     3.1701    30.9467    1458.01  0.000e+00
      8.256   71.21832 -164.24722     3.1702    30.9463    1458.01  0.000e+00
      8.310   71.21832 -164.24722     3.1703    30.9464    1458.02  0.000e+00
      8.256   71.21832 -164.24722     3.1703    30.9462    1458.01  0.000e+00
      8.256   71.21832 -164.24722     3.1703    30.9464    1458.01  0.000e+00
      8.287   71.21832 -164.24722     3.1705    30.9465    1458.02  0.000e+00
      8.310   71.21832 -164.24722     3.1708    30.9465    1458.02  0.000e+00
      8.256   71.21832 -164.24722     3.1706    30.9461    1458.02  0.000e+00
      8.310   71.21832 -164.24722     3.1705    30.9460    1458.02  0.000e+00
      8.310   71.21832 -164.24722     3.1706    30.9461    1458.02  0.000e+00
      8.256   71.21832 -164.24722     3.1709    30.9460    1458.02  0.000e+00
      8.310   71.21832 -164.24722     3.1708    30.9457    1458.02  0.000e+00
      8.310   71.21832 -164.24722     3.1708    30.9457    1458.02  0.000e+00
      8.372   71.21832 -164.24722     3.1706    30.9458    1458.02  0.000e+00
      8.287   71.21832 -164.24722     3.1708    30.9453    1458.02  0.000e+00
      8.310   71.21832 -164.24722     3.1705    30.9455    1458.01  0.000e+00
      8.310   71.21832 -164.24722     3.1703    30.9452    1458.01  0.000e+00
      8.372   71.21832 -164.24722     3.1705    30.9451    1458.02  0.000e+00
      8.372   71.21832 -164.24722     3.1702    30.9458    1458.02  0.000e+00
      8.310   71.21832 -164.24722     3.1703    30.9455    1458.01  0.000e+00
      8.372   71.21832 -164.24722     3.1702    30.9456    1458.01  0.000e+00
      8.372   71.21832 -164.24722     3.1703    30.9456    1458.02  0.000e+00
      8.372   71.21832 -164.24722     3.1702    30.9457    1458.01  0.000e+00
      8.341   71.21832 -164.24722     3.1703    30.9456    1458.01  0.000e+00
      8.372   71.21832 -164.24722     3.1703    30.9454    1458.01  0.000e+00
      8.372   71.21832 -164.24722     3.1702    30.9452    1458.01  0.000e+00
      8.372   71.21832 -164.24722     3.1702    30.9452    1458.01  0.000e+00
      8.426   71.21832 -164.24722     3.1701    30.9453    1458.01  0.000e+00
      8.372   71.21832 -164.24722     3.1699    30.9455    1458.01  0.000e+00
      8.425   71.21832 -164.24722     3.1699    30.9452    1458.01  0.000e+00
      8.371   71.21832 -164.24722     3.1699    30.9454    1458.01  0.000e+00
      8.425   71.21832 -164.24722     3.1699    30.9452    1458.01  0.000e+00
      8.456   71.21832 -164.24722     3.1699    30.9454    1458.01  0.000e+00
      8.371   71.21832 -164.24722     3.1699    30.9451    1458.01  0.000e+00
      8.487   71.21832 -164.24722     3.1699    30.9455    1458.02  0.000e+00
      8.425   71.21832 -164.24722     3.1697    30.9457    1458.01  0.000e+00
      8.487   71.21832 -164.24722     3.1699    30.9454    1458.02  0.000e+00
      8.425   71.21832 -164.24722     3.1699    30.9456    1458.01  0.000e+00
      8.487   71.21832 -164.24722     3.1697    30.9458    1458.01  0.000e+00
      8.487   71.21832 -164.24722     3.1699    30.9455    1458.02  0.000e+00
      8.487   71.21832 -164.24722     3.1699    30.9454    1458.02  0.000e+00
      8.456   71.21832 -164.24722     3.1699    30.9456    1458.01  0.000e+00
      8.541   71.21832 -164.24722     3.1699    30.9458    1458.02  0.000e+00
      8.487   71.21832 -164.24722     3.1697    30.9457    1458.01  0.000e+00
      8.541   71.21832 -164.24722     3.1699    30.9456    1458.02  0.000e+00
      8.487   71.21832 -164.24722     3.1699    30.9447    1458.01  0.000e+00
      8.603   71.21832 -164.24722     3.1697    30.9442    1458.01  0.000e+00
      8.487   71.21832 -164.24722     3.1701    30.9449    1458.02  0.000e+00
      8.603   71.21832 -164.24722     3.1699    30.9457    1458.02  0.000e+00
      8.572   71.21832 -164.24722     3.1699    30.9455    1458.02  0.000e+00
      8.541   71.21832 -164.24722     3.1701    30.9458    1458.02  0.000e+00
      8.602   71.21832 -164.24722     3.1699    30.9453    1458.02  0.000e+00
      8.602   71.21832 -164.24722     3.1697    30.9458    1458.02  0.000e+00
      8.602   71.21832 -164.24722     3.1701    30.9457    1458.02  0.000e+00
      8.656   71.21832 -164.24722     3.1697    30.9456    1458.02  0.000e+00
      8.602   71.21832 -164.24722     3.1699    30.9454    1458.02  0.000e+00
      8.602   71.21832 -164.24722     3.1699    30.9456    1458.02  0.000e+00
      8.710   71.21832 -164.24722     3.1701    30.9452    1458.02  0.000e+00
      8.572   71.21832 -164.24722     3.1696    30.9459    1458.02  0.000e+00
      8.710   71.21832 -164.24722     3.1699    30.9456    1458.02  0.000e+00
      8.656   71.21832 -164.24722     3.1699    30.9452    1458.02  0.000e+00
      8.656   71.21832 -164.24722     3.1697    30.9456    1458.02  0.000e+00
      8.710   71.21832 -164.24722     3.1699    30.9458    1458.02  0.000e+00
      8.656   71.21832 -164.24722     3.1697    30.9454    1458.02  0.000e+00
      8.710   71.21832 -164.24722     3.1699    30.9456    1458.02  0.000e+00
      8.772   71.21832 -164.24722     3.1699    30.9454    1458.02  0.000e+00
      8.687   71.21832 -164.24722     3.1701    30.9452    1458.02  0.000e+00
      8.710   71.21832 -164.24722     3.1699    30.9455    1458.02  0.000e+00
      8.772   71.21832 -164.24722     3.1699    30.9457    1458.02  0.000e+00
      8.772   71.21832 -164.24722     3.1699    30.9458    1458.02  0.000e+00
      8.710   71.21832 -164.24722     3.1701    30.9457    1458.02  0.000e+00
      8.772   71.21832 -164.24722     3.1699    30.9456    1458.02  0.000e+00
      8.826   71.21832 -164.24722     3.1701    30.9454    1458.02  0.000e+00
      8.772   71.21832 -164.24722     3.1701    30.9456    1458.02  0.000e+00
      8.803   71.21832 -164.24722     3.1701    30.9454    1458.02  0.000e+00
      8.772   71.21832 -164.24722     3.1699    30.9457    1458.02  0.000e+00
      8.826   71.21832 -164.24722     3.1701    30.9454    1458.02  0.000e+00
      8.826   71.21832 -164.24722     3.1699    30.9455    1458.02  0.000e+00
      8.826   71.21832 -164.24722     3.1702    30.9454    1458.02  0.000e+00
      8.826   71.21832 -164.24722     3.1699    30.9458    1458.02  0.000e+00
      8.826   71.21832 -164.24722     3.1701    30.9456    1458.02  0.000e+00
      8.826   71.21832 -164.24722     3.1699    30.9460    1458.02  0.000e+00
      8.856   71.21832 -164.24722     3.1702    30.9451    1458.02  0.000e+00
      8.887   71.21832 -164.24722     3.1701    30.9453    1458.02  0.000e+00
      8.887   71.21832 -164.24722     3.1701    30.9455    1458.02  0.000e+00
      8.887   71.21832 -164.24722     3.1701    30.9456    1458.02  0.000e+00
      8.826   71.21832 -164.24722     3.1702    30.9455    1458.02  0.000e+00
      8.941   71.21832 -164.24722     3.1701    30.9458    1458.02  0.000e+00
      8.887   71.21832 -164.24722     3.1702    30.9455    1458.02  0.000e+00
      8.887   71.21832 -164.24722     3.1702    30.9456    1458.02  0.000e+00
      8.918   71.21832 -164.24722     3.1701    30.9456    1458.02  0.000e+00
      8.941   71.21832 -164.24722     3.1701    30.9461    1458.02  0.000e+00
      8.887   71.21832 -164.24722     3.1701    30.9458    1458.02  0.000e+00
      8.941   71.21832 -164.24722     3.1702    30.9454    1458.02  0.000e+00
      8.887   71.21832 -164.24722     3.1703    30.9455    1458.02  0.000e+00
      9.003   71.21832 -164.24722     3.1702    30.9453    1458.02  0.000e+00
      8.941   71.21832 -164.24722     3.1702    30.9458    1458.02  0.000e+00
      8.941   71.21832 -164.24722     3.1702    30.9455    1458.02  0.000e+00
      8.918   71.21832 -164.24722     3.1702    30.9456    1458.02  0.000e+00
      9.003   71.21832 -164.24722     3.1705    30.9452    1458.03  0.000e+00
      8.941   71.21832 -164.24722     3.1702    30.9454    1458.02  0.000e+00
      8.941   71.21832 -164.24722     3.1702    30.9454    1458.02  0.000e+00
      8.941   71.21832 -164.24722     3.1701    30.9456    1458.02  0.000e+00
      9.003   71.21832 -164.24722     3.1701    30.9453    1458.02  0.000e+00
      8.941   71.21832 -164.24722     3.1702    30.9458    1458.02  0.000e+00
      9.003   71.21832 -164.24722     3.1702    30.9457    1458.03  0.000e+00
      8.972   71.21832 -164.24722     3.1701    30.9458    1458.02  0.000e+00
      9.003   71.21832 -164.24722     3.1703    30.9452    1458.02  0.000e+00
      9.003   71.21832 -164.24722     3.1702    30.9455    1458.02  0.000e+00
      9.003   71.21832 -164.24722     3.1705    30.9452    1458.03  0.000e+00
      9.003   71.21832 -164.24722     3.1702    30.9454    1458.02  0.000e+00
      9.003   71.21832 -164.24722     3.1701    30.9457    1458.02  0.000e+00
      9.003   71.21832 -164.24722     3.1702    30.9453    1458.02  0.000e+00
      9.002   71.21832 -164.24722     3.1702    30.9455    1458.02  0.000e+00
      9.026   71.21832 -164.24722     3.1702    30.9454    1458.03  0.000e+00
      9.056   71.21832 -164.24722     3.1702    30.9457    1458.03  0.000e+00
      9.002   71.21832 -164.24722     3.1703    30.9454    1458.03  0.000e+00
      9.056   71.21832 -164.24722     3.1702    30.9455    1458.03  0.000e+00
      9.002   71.21832 -164.24722     3.1701    30.9458    1458.02  0.000e+00
      9.056   71.21832 -164.24722     3.1702    30.9456    1458.03  0.000e+00
      9.056   71.21832 -164.24722     3.1702    30.9456    1458.03  0.000e+00
      9.056   71.21832 -164.24722     3.1702    30.9454    1458.03  0.000e+00
      9.026   71.21832 -164.24722     3.1703    30.9455    1458.03  0.000e+00
      9.056   71.21832 -164.24722     3.1701    30.9460    1458.03  0.000e+00
      9.110   71.21832 -164.24722     3.1703    30.9455    1458.03  0.000e+00
      9.002   71.21832 -164.24722     3.1702    30.9456    1458.03  0.000e+00
      9.110   71.21832 -164.24722     3.1702    30.9458    1458.03  0.000e+00
      9.056   71.21832 -164.24722     3.1703    30.9458    1458.03  0.000e+00
      9.110   71.21832 -164.24722     3.1703    30.9458    1458.03  0.000e+00
      9.056   71.21832 -164.24722     3.1701    30.9462    1458.03  0.000e+00
      9.087   71.21832 -164.24722     3.1705    30.9457    1458.03  0.000e+00
      9.110   71.21832 -164.24722     3.1702    30.9459    1458.03  0.000e+00
      9.110   71.21832 -164.24722     3.1703    30.9460    1458.03  0.000e+00
      9.110   71.21832 -164.24722     3.1705    30.9459    1458.03  0.000e+00
      9.110   71.21832 -164.24722     3.1705    30.9459    1458.03  0.000e+00
      9.110   71.21832 -164.24722     3.1706    30.9455    1458.03  0.000e+00
      9.172   71.21832 -164.24722     3.1705    30.9456    1458.03  0.000e+00
      9.141   71.21832 -164.24722     3.1705    30.9456    1458.03  0.000e+00
      9.110   71.21832 -164.24722     3.1705    30.9452    1458.03  0.000e+00
      9.110   71.21832 -164.24722     3.1706    30.9453    1458.03  0.000e+00
      9.172   71.21832 -164.24722     3.1706    30.9456    1458.03  0.000e+00
      9.172   71.21832 -164.24722     3.1706    30.9457    1458.03  0.000e+00
      9.172   71.21832 -164.24722     3.1706    30.9457    1458.03  0.000e+00
      9.172   71.21832 -164.24722     3.1708    30.9457    1458.03  0.000e+00
      9.226   71.21832 -164.24722     3.1707    30.9457    1458.03  0.000e+00
      9.203   71.21832 -164.24722     3.1708    30.9453    1458.03  0.000e+00
      9.172   71.21832 -164.24722     3.1706    30.9456    1458.03  0.000e+00
      9.226   71.21832 -164.24722     3.1708    30.9457    1458.03  0.000e+00
      9.172   71.21832 -164.24722     3.1708    30.9458    1458.03  0.000e+00
      9.287   71.21832 -164.24722     3.1710    30.9456    1458.03  0.000e+00
      9.172   71.21832 -164.24722     3.1708    30.9458    1458.03  0.000e+00
      9.287   71.21832 -164.24722     3.1708    30.9455    1458.03  0.000e+00
      9.226   71.21832 -164.24722     3.1708    30.9453    1458.03  0.000e+00
      9.202   71.21832 -164.24722     3.1708    30.9453    1458.03  0.000e+00
      9.287   71.21832 -164.24722     3.1708    30.9450    1458.03  0.000e+00
      9.287   71.21832 -164.24722     3.1706    30.9457    1458.03  0.000e+00
      9.287   71.21832 -164.24722     3.1706    30.9457    1458.03  0.000e+00
      9.287   71.21832 -164.24722     3.1705    30.9456    1458.03  0.000e+00
      9.287   71.21832 -164.24722     3.1708    30.9452    1458.03  0.000e+00
      9.287   71.21832 -164.24722     3.1708    30.9456    1458.03  0.000e+00
      9.310   71.21832 -164.24722     3.1706    30.9455    1458.03  0.000e+00
      9.287   71.21832 -164.24722     3.1710    30.9453    1458.03  0.000e+00
      9.341   71.21832 -164.24722     3.1706    30.9456    1458.03  0.000e+00
      9.287   71.21832 -164.24722     3.1709    30.9454    1458.03  0.000e+00
      9.341   71.21832 -164.24722     3.1708    30.9455    1458.03  0.000e+00
      9.341   71.21832 -164.24722     3.1708    30.9455    1458.03  0.000e+00
      9.341   71.21832 -164.24722     3.1710    30.9453    1458.03  0.000e+00
      9.341   71.21832 -164.24722     3.1708    30.9457    1458.03  0.000e+00
      9.372   71.21832 -164.24722     3.1710    30.9456    1458.03  0.000e+00
      9.403   71.21832 -164.24722     3.1710    30.9457    1458.04  0.000e+00
      9.341   71.21832 -164.24722     3.1708    30.9462    1458.03  0.000e+00
      9.403   71.21832 -164.24722     3.1711    30.9457    1458.04  0.000e+00
      9.403   71.21832 -164.24722     3.1710    30.9462    1458.04  0.000e+00
      9.403   71.21832 -164.24722     3.1710    30.9461    1458.04  0.000e+00
      9.403   71.21832 -164.24722     3.1711    30.9457    1458.04  0.000e+00
      9.426   71.21832 -164.24722     3.1711    30.9458    1458.04  0.000e+00
      9.403   71.21832 -164.24722     3.1714    30.9458    1458.04  0.000e+00
      9.457   71.21832 -164.24722     3.1711    30.9458    1458.04  0.000e+00
      9.403   71.21832 -164.24722     3.1711    30.9457    1458.04  0.000e+00
      9.457   71.21832 -164.24722     3.1713    30.9457    1458.04  0.000e+00
      9.457   71.21832 -164.24720     3.1711    30.9461    1458.04  0.000e+00
      9.457   71.21832 -164.24720     3.1714    30.9461    1458.04  0.000e+00
      9.426   71.21832 -164.24720     3.1713    30.9465    1458.04  0.000e+00
      9.510   71.21832 -164.24720     3.1714    30.9460    1458.04  0.000e+00
      9.456   71.21832 -164.24720     3.1714    30.9456    1458.04  0.000e+00
      9.510   71.21832 -164.24720     3.1714    30.9456    1458.04  0.000e+00
      9.456   71.21832 -164.24720     3.1713    30.9460    1458.04  0.000e+00
      9.510   71.21832 -164.24720     3.1714    30.9454    1458.04  0.000e+00
      9.510   71.21832 -164.24720     3.1713    30.9452    1458.04  0.000e+00
      9.510   71.21832 -164.24720     3.1710    30.9453    1458.04  0.000e+00
      9.487   71.21832 -164.24720     3.1711    30.9453    1458.04  0.000e+00
      9.572   71.21832 -164.24720     3.1710    30.9455    1458.04  0.000e+00
      9.510   71.21832 -164.24720     3.1711    30.9457    1458.04  0.000e+00
      9.510   71.21832 -164.24720     3.1711    30.9453    1458.04  0.000e+00
      9.572   71.21832 -164.24720     3.1708    30.9457    1458.04  0.000e+00
      9.510   71.21832 -164.24720     3.1708    30.9457    1458.04  0.000e+00
      9.572   71.21832 -164.24720     3.1710    30.9452    1458.04  0.000e+00
      9.603   71.21832 -164.24720     3.1710    30.9449    1458.04  0.000e+00
      9.572   71.21832 -164.24720     3.1710    30.9453    1458.04  0.000e+00
      9.572   71.21832 -164.24720     3.1710    30.9452    1458.04  0.000e+00
      9.572   71.21832 -164.24720     3.1710    30.9454    1458.04  0.000e+00
